50.000000 50.000000 50.000000 50.000000 50.000000 50.000000 50.000000 50.000000 50.000000 50.000000 50.000000 50.000000 50.000000 50.000000 50.000000 50.000000 50.000000 50.000000 50.000000 50.000000 50.000000 50.000000 50.000000 50.000000 50.000000 50.000000 50.000000 50.000000 50.000000 50.000000 50.000000 50.000000 50.000000 50.000000 50.000000 50.000000 50.000000 50.000000 50.000000 50.000000 50.000000 50.000000 50.000000 50.000000 50.000000 50.000000 50.000000 50.000000 50.000000 50.000000 
50.000000 42.855237 37.295402 33.869063 32.155761 31.443760 31.192604 31.116051 31.095586 31.090728 31.089693 31.089493 31.089458 31.089452 31.089451 31.089451 31.089451 31.089451 31.089451 31.089451 31.089451 31.089451 31.089451 31.089451 31.089451 31.089451 31.089451 31.089451 31.089451 31.089451 31.089451 31.089451 31.089451 31.089451 31.089451 31.089451 31.089451 31.089451 31.089449 31.089435 31.089354 31.088906 31.086635 31.076077 31.031172 30.856354 30.229994 28.135796 21.427619 0.000000 
50.000000 37.295402 27.410465 21.320249 18.275925 17.011281 16.565378 16.429528 16.393228 16.384615 16.382782 16.382428 16.382366 16.382356 16.382355 16.382354 16.382354 16.382354 16.382354 16.382354 16.382354 16.382354 16.382354 16.382354 16.382354 16.382354 16.382354 16.382354 16.382354 16.382354 16.382354 16.382354 16.382354 16.382354 16.382354 16.382354 16.382354 16.382354 16.382351 16.382334 16.382235 16.381693 16.378984 16.366671 16.316018 16.128651 15.509950 13.705232 9.159606 0.000000 
50.000000 33.869063 21.320249 13.591025 9.728881 8.125224 7.560066 7.387974 7.342017 7.331119 7.328800 7.328353 7.328274 7.328262 7.328260 7.328260 7.328260 7.328260 7.328260 7.328260 7.328260 7.328260 7.328260 7.328260 7.328260 7.328260 7.328260 7.328260 7.328260 7.328260 7.328260 7.328260 7.328260 7.328260 7.328260 7.328260 7.328259 7.328259 7.328257 7.328245 7.328174 7.327791 7.325907 7.317518 7.284000 7.165075 6.795513 5.810299 3.639069 0.000000 
50.000000 32.155761 18.275925 9.728881 5.459405 3.687253 3.062962 2.872945 2.822223 2.810200 2.807643 2.807151 2.807064 2.807050 2.807048 2.807048 2.807048 2.807048 2.807048 2.807048 2.807048 2.807048 2.807048 2.807048 2.807048 2.807048 2.807048 2.807048 2.807048 2.807048 2.807048 2.807048 2.807048 2.807048 2.807048 2.807048 2.807048 2.807048 2.807047 2.807041 2.807004 2.806808 2.805859 2.801702 2.785475 2.729703 2.563807 2.147274 1.299408 0.000000 
50.000000 31.443760 17.011281 8.125224 3.687253 1.845573 1.196949 0.999577 0.946907 0.934425 0.931772 0.931261 0.931171 0.931157 0.931155 0.931154 0.931154 0.931154 0.931154 0.931154 0.931154 0.931154 0.931154 0.931154 0.931154 0.931154 0.931154 0.931154 0.931154 0.931154 0.931154 0.931154 0.931154 0.931154 0.931154 0.931154 0.931154 0.931154 0.931154 0.931151 0.931136 0.931058 0.930680 0.929047 0.922787 0.901778 0.841224 0.695263 0.412588 0.000000 
50.000000 31.192604 16.565378 7.560066 3.062962 1.196949 0.539835 0.339905 0.286559 0.273919 0.271232 0.270715 0.270624 0.270610 0.270608 0.270607 0.270607 0.270607 0.270607 0.270607 0.270607 0.270607 0.270607 0.270607 0.270607 0.270607 0.270607 0.270607 0.270607 0.270607 0.270607 0.270607 0.270607 0.270607 0.270607 0.270607 0.270607 0.270607 0.270607 0.270606 0.270601 0.270575 0.270450 0.269918 0.267903 0.261261 0.242549 0.198708 0.116527 0.000000 
50.000000 31.116051 16.429528 7.387974 2.872945 0.999577 0.339905 0.139207 0.085659 0.072972 0.070275 0.069756 0.069665 0.069650 0.069648 0.069648 0.069648 0.069648 0.069648 0.069648 0.069648 0.069648 0.069648 0.069648 0.069648 0.069648 0.069648 0.069648 0.069648 0.069648 0.069648 0.069648 0.069648 0.069648 0.069648 0.069648 0.069648 0.069648 0.069648 0.069647 0.069646 0.069639 0.069604 0.069455 0.068898 0.067086 0.062067 0.050544 0.029416 0.000000 
50.000000 31.095586 16.393228 7.342017 2.822223 0.946907 0.286559 0.085659 0.032057 0.019358 0.016659 0.016139 0.016048 0.016033 0.016031 0.016031 0.016031 0.016031 0.016031 0.016031 0.016031 0.016031 0.016031 0.016031 0.016031 0.016031 0.016031 0.016031 0.016031 0.016031 0.016031 0.016031 0.016031 0.016031 0.016031 0.016031 0.016031 0.016031 0.016031 0.016031 0.016030 0.016029 0.016020 0.015984 0.015849 0.015414 0.014226 0.011536 0.006680 0.000000 
50.000000 31.090728 16.384615 7.331119 2.810200 0.934425 0.273919 0.072972 0.019358 0.006657 0.003956 0.003437 0.003346 0.003331 0.003329 0.003328 0.003328 0.003328 0.003328 0.003328 0.003328 0.003328 0.003328 0.003328 0.003328 0.003328 0.003328 0.003328 0.003328 0.003328 0.003328 0.003328 0.003328 0.003328 0.003328 0.003328 0.003328 0.003328 0.003328 0.003328 0.003328 0.003328 0.003326 0.003318 0.003289 0.003196 0.002944 0.002380 0.001373 0.000000 
50.000000 31.089693 16.382782 7.328800 2.807643 0.931772 0.271232 0.070275 0.016659 0.003956 0.001256 0.000737 0.000645 0.000631 0.000628 0.000628 0.000628 0.000628 0.000628 0.000628 0.000628 0.000628 0.000628 0.000628 0.000628 0.000628 0.000628 0.000628 0.000628 0.000628 0.000628 0.000628 0.000628 0.000628 0.000628 0.000628 0.000628 0.000628 0.000628 0.000628 0.000628 0.000628 0.000628 0.000626 0.000620 0.000603 0.000554 0.000447 0.000257 0.000000 
50.000000 31.089493 16.382428 7.328353 2.807151 0.931261 0.270715 0.069756 0.016139 0.003437 0.000737 0.000217 0.000126 0.000111 0.000109 0.000108 0.000108 0.000108 0.000108 0.000108 0.000108 0.000108 0.000108 0.000108 0.000108 0.000108 0.000108 0.000108 0.000108 0.000108 0.000108 0.000108 0.000108 0.000108 0.000108 0.000108 0.000108 0.000108 0.000108 0.000108 0.000108 0.000108 0.000108 0.000108 0.000107 0.000104 0.000096 0.000077 0.000044 0.000000 
50.000000 31.089458 16.382366 7.328274 2.807064 0.931171 0.270624 0.069665 0.016048 0.003346 0.000645 0.000126 0.000034 0.000020 0.000018 0.000017 0.000017 0.000017 0.000017 0.000017 0.000017 0.000017 0.000017 0.000017 0.000017 0.000017 0.000017 0.000017 0.000017 0.000017 0.000017 0.000017 0.000017 0.000017 0.000017 0.000017 0.000017 0.000017 0.000017 0.000017 0.000017 0.000017 0.000017 0.000017 0.000017 0.000017 0.000015 0.000012 0.000007 0.000000 
50.000000 31.089452 16.382356 7.328262 2.807050 0.931157 0.270610 0.069650 0.016033 0.003331 0.000631 0.000111 0.000020 0.000005 0.000003 0.000003 0.000003 0.000003 0.000003 0.000003 0.000003 0.000003 0.000003 0.000003 0.000003 0.000003 0.000003 0.000003 0.000003 0.000003 0.000003 0.000003 0.000003 0.000003 0.000003 0.000003 0.000003 0.000003 0.000003 0.000003 0.000003 0.000003 0.000003 0.000003 0.000003 0.000002 0.000002 0.000002 0.000001 0.000000 
50.000000 31.089451 16.382355 7.328260 2.807048 0.931155 0.270608 0.069648 0.016031 0.003329 0.000628 0.000109 0.000018 0.000003 0.000001 0.000000 0.000000 0.000000 0.000000 0.000000 0.000000 0.000000 0.000000 0.000000 0.000000 0.000000 0.000000 0.000000 0.000000 0.000000 0.000000 0.000000 0.000000 0.000000 0.000000 0.000000 0.000000 0.000000 0.000000 0.000000 0.000000 0.000000 0.000000 0.000000 0.000000 0.000000 0.000000 0.000000 0.000000 0.000000 
50.000000 31.089451 16.382354 7.328260 2.807048 0.931154 0.270607 0.069648 0.016031 0.003328 0.000628 0.000108 0.000017 0.000003 0.000000 0.000000 0.000000 0.000000 0.000000 0.000000 0.000000 0.000000 0.000000 0.000000 0.000000 0.000000 0.000000 0.000000 0.000000 0.000000 0.000000 0.000000 0.000000 0.000000 0.000000 0.000000 0.000000 0.000000 0.000000 0.000000 0.000000 0.000000 0.000000 0.000000 0.000000 0.000000 0.000000 0.000000 0.000000 0.000000 
50.000000 31.089451 16.382354 7.328260 2.807048 0.931154 0.270607 0.069648 0.016031 0.003328 0.000628 0.000108 0.000017 0.000003 0.000000 0.000000 0.000000 0.000000 0.000000 0.000000 0.000000 0.000000 0.000000 0.000000 0.000000 0.000000 0.000000 0.000000 0.000000 0.000000 0.000000 0.000000 0.000000 0.000000 0.000000 0.000000 0.000000 0.000000 0.000000 0.000000 0.000000 0.000000 0.000000 0.000000 0.000000 0.000000 0.000000 0.000000 0.000000 0.000000 
50.000000 31.089451 16.382354 7.328260 2.807048 0.931154 0.270607 0.069648 0.016031 0.003328 0.000628 0.000108 0.000017 0.000003 0.000000 0.000000 0.000000 0.000000 0.000000 0.000000 0.000000 0.000000 0.000000 0.000000 0.000000 0.000000 0.000000 0.000000 0.000000 0.000000 0.000000 0.000000 0.000000 0.000000 0.000000 0.000000 0.000000 0.000000 0.000000 0.000000 0.000000 0.000000 0.000000 0.000000 0.000000 0.000000 0.000000 0.000000 0.000000 0.000000 
50.000000 31.089451 16.382354 7.328260 2.807048 0.931154 0.270607 0.069648 0.016031 0.003328 0.000628 0.000108 0.000017 0.000003 0.000000 0.000000 0.000000 0.000000 0.000000 0.000000 0.000000 0.000000 0.000000 0.000000 0.000000 0.000000 0.000000 0.000000 0.000000 0.000000 0.000000 0.000000 0.000000 0.000000 0.000000 0.000000 0.000000 0.000000 0.000000 0.000000 0.000000 0.000000 0.000000 0.000000 0.000000 0.000000 0.000000 0.000000 0.000000 0.000000 
50.000000 31.089451 16.382354 7.328260 2.807048 0.931154 0.270607 0.069648 0.016031 0.003328 0.000628 0.000108 0.000017 0.000003 0.000000 0.000000 0.000000 0.000000 0.000000 0.000000 0.000000 0.000000 0.000000 0.000000 0.000000 0.000000 0.000000 0.000000 0.000000 0.000000 0.000000 0.000000 0.000000 0.000000 0.000000 0.000000 0.000000 0.000000 0.000000 0.000000 0.000000 0.000000 0.000000 0.000000 0.000000 0.000000 0.000000 0.000000 0.000000 0.000000 
50.000000 31.089451 16.382354 7.328260 2.807048 0.931154 0.270607 0.069648 0.016031 0.003328 0.000628 0.000108 0.000017 0.000003 0.000000 0.000000 0.000000 0.000000 0.000000 0.000000 0.000000 0.000000 0.000000 0.000000 0.000000 0.000000 0.000000 0.000000 0.000000 0.000000 0.000000 0.000000 0.000000 0.000000 0.000000 0.000000 0.000000 0.000000 0.000000 0.000000 0.000000 0.000000 0.000000 0.000000 0.000000 0.000000 0.000000 0.000000 0.000000 0.000000 
50.000000 31.089451 16.382354 7.328260 2.807048 0.931154 0.270607 0.069648 0.016031 0.003328 0.000628 0.000108 0.000017 0.000003 0.000000 0.000000 0.000000 0.000000 0.000000 0.000000 0.000000 0.000000 0.000000 0.000000 0.000000 0.000000 0.000000 0.000000 0.000000 0.000000 0.000000 0.000000 0.000000 0.000000 0.000000 0.000000 0.000000 0.000000 0.000000 0.000000 0.000000 0.000000 0.000000 0.000000 0.000000 0.000000 0.000000 0.000000 0.000000 0.000000 
50.000000 31.089451 16.382354 7.328260 2.807048 0.931154 0.270607 0.069648 0.016031 0.003328 0.000628 0.000108 0.000017 0.000003 0.000000 0.000000 0.000000 0.000000 0.000000 0.000000 0.000000 0.000000 0.000000 0.000000 0.000000 0.000000 0.000000 0.000000 0.000000 0.000000 0.000000 0.000000 0.000000 0.000000 0.000000 0.000000 0.000000 0.000000 0.000000 0.000000 0.000000 0.000000 0.000000 0.000000 0.000000 0.000000 0.000000 0.000000 0.000000 0.000000 
50.000000 31.089451 16.382354 7.328260 2.807048 0.931154 0.270607 0.069648 0.016031 0.003328 0.000628 0.000108 0.000017 0.000003 0.000000 0.000000 0.000000 0.000000 0.000000 0.000000 0.000000 0.000000 0.000000 0.000000 0.000000 0.000000 0.000000 0.000000 0.000000 0.000000 0.000000 0.000000 0.000000 0.000000 0.000000 0.000000 0.000000 0.000000 0.000000 0.000000 0.000000 0.000000 0.000000 0.000000 0.000000 0.000000 0.000000 0.000000 0.000000 0.000000 
50.000000 31.089451 16.382354 7.328260 2.807048 0.931154 0.270607 0.069648 0.016031 0.003328 0.000628 0.000108 0.000017 0.000003 0.000000 0.000000 0.000000 0.000000 0.000000 0.000000 0.000000 0.000000 0.000000 0.000000 0.000000 0.000000 0.000000 0.000000 0.000000 0.000000 0.000000 0.000000 0.000000 0.000000 0.000000 0.000000 0.000000 0.000000 0.000000 0.000000 0.000000 0.000000 0.000000 0.000000 0.000000 0.000000 0.000000 0.000000 0.000000 0.000000 
50.000000 31.089451 16.382354 7.328260 2.807048 0.931154 0.270607 0.069648 0.016031 0.003328 0.000628 0.000108 0.000017 0.000003 0.000000 0.000000 0.000000 0.000000 0.000000 0.000000 0.000000 0.000000 0.000000 0.000000 0.000000 0.000000 0.000000 0.000000 0.000000 0.000000 0.000000 0.000000 0.000000 0.000000 0.000000 0.000000 0.000000 0.000000 0.000000 0.000000 0.000000 0.000000 0.000000 0.000000 0.000000 0.000000 0.000000 0.000000 0.000000 0.000000 
50.000000 31.089451 16.382354 7.328260 2.807048 0.931154 0.270607 0.069648 0.016031 0.003328 0.000628 0.000108 0.000017 0.000003 0.000000 0.000000 0.000000 0.000000 0.000000 0.000000 0.000000 0.000000 0.000000 0.000000 0.000000 0.000000 0.000000 0.000000 0.000000 0.000000 0.000000 0.000000 0.000000 0.000000 0.000000 0.000000 0.000000 0.000000 0.000000 0.000000 0.000000 0.000000 0.000000 0.000000 0.000000 0.000000 0.000000 0.000000 0.000000 0.000000 
50.000000 31.089451 16.382354 7.328260 2.807048 0.931154 0.270607 0.069648 0.016031 0.003328 0.000628 0.000108 0.000017 0.000003 0.000000 0.000000 0.000000 0.000000 0.000000 0.000000 0.000000 0.000000 0.000000 0.000000 0.000000 0.000000 0.000000 0.000000 0.000000 0.000000 0.000000 0.000000 0.000000 0.000000 0.000000 0.000000 0.000000 0.000000 0.000000 0.000000 0.000000 0.000000 0.000000 0.000000 0.000000 0.000000 0.000000 0.000000 0.000000 0.000000 
50.000000 31.089451 16.382354 7.328260 2.807048 0.931154 0.270607 0.069648 0.016031 0.003328 0.000628 0.000108 0.000017 0.000003 0.000000 0.000000 0.000000 0.000000 0.000000 0.000000 0.000000 0.000000 0.000000 0.000000 0.000000 0.000000 0.000000 0.000000 0.000000 0.000000 0.000000 0.000000 0.000000 0.000000 0.000000 0.000000 0.000000 0.000000 0.000000 0.000000 0.000000 0.000000 0.000000 0.000000 0.000000 0.000000 0.000000 0.000000 0.000000 0.000000 
50.000000 31.089451 16.382354 7.328260 2.807048 0.931154 0.270607 0.069648 0.016031 0.003328 0.000628 0.000108 0.000017 0.000003 0.000000 0.000000 0.000000 0.000000 0.000000 0.000000 0.000000 0.000000 0.000000 0.000000 0.000000 0.000000 0.000000 0.000000 0.000000 0.000000 0.000000 0.000000 0.000000 0.000000 0.000000 0.000000 0.000000 0.000000 0.000000 0.000000 0.000000 0.000000 0.000000 0.000000 0.000000 0.000000 0.000000 0.000000 0.000000 0.000000 
50.000000 31.089451 16.382354 7.328260 2.807048 0.931154 0.270607 0.069648 0.016031 0.003328 0.000628 0.000108 0.000017 0.000003 0.000000 0.000000 0.000000 0.000000 0.000000 0.000000 0.000000 0.000000 0.000000 0.000000 0.000000 0.000000 0.000000 0.000000 0.000000 0.000000 0.000000 0.000000 0.000000 0.000000 0.000000 0.000000 0.000000 0.000000 0.000000 0.000000 0.000000 0.000000 0.000000 0.000000 0.000000 0.000000 0.000000 0.000000 0.000000 0.000000 
50.000000 31.089451 16.382354 7.328260 2.807048 0.931154 0.270607 0.069648 0.016031 0.003328 0.000628 0.000108 0.000017 0.000003 0.000000 0.000000 0.000000 0.000000 0.000000 0.000000 0.000000 0.000000 0.000000 0.000000 0.000000 0.000000 0.000000 0.000000 0.000000 0.000000 0.000000 0.000000 0.000000 0.000000 0.000000 0.000000 0.000000 0.000000 0.000000 0.000000 0.000000 0.000000 0.000000 0.000000 0.000000 0.000000 0.000000 0.000000 0.000000 0.000000 
50.000000 31.089451 16.382354 7.328260 2.807048 0.931154 0.270607 0.069648 0.016031 0.003328 0.000628 0.000108 0.000017 0.000003 0.000000 0.000000 0.000000 0.000000 0.000000 0.000000 0.000000 0.000000 0.000000 0.000000 0.000000 0.000000 0.000000 0.000000 0.000000 0.000000 0.000000 0.000000 0.000000 0.000000 0.000000 0.000000 0.000000 0.000000 0.000000 0.000000 0.000000 0.000000 0.000000 0.000000 0.000000 0.000000 0.000000 0.000000 0.000000 0.000000 
50.000000 31.089451 16.382354 7.328260 2.807048 0.931154 0.270607 0.069648 0.016031 0.003328 0.000628 0.000108 0.000017 0.000003 0.000000 0.000000 0.000000 0.000000 0.000000 0.000000 0.000000 0.000000 0.000000 0.000000 0.000000 0.000000 0.000000 0.000000 0.000000 0.000000 0.000000 0.000000 0.000000 0.000000 0.000000 0.000000 0.000000 0.000000 0.000000 0.000000 0.000000 0.000000 0.000000 0.000000 0.000000 0.000000 0.000000 0.000000 0.000000 0.000000 
50.000000 31.089451 16.382354 7.328260 2.807048 0.931154 0.270607 0.069648 0.016031 0.003328 0.000628 0.000108 0.000017 0.000003 0.000000 0.000000 0.000000 0.000000 0.000000 0.000000 0.000000 0.000000 0.000000 0.000000 0.000000 0.000000 0.000000 0.000000 0.000000 0.000000 0.000000 0.000000 0.000000 0.000000 0.000000 0.000000 0.000000 0.000000 0.000000 0.000000 0.000000 0.000000 0.000000 0.000000 0.000000 0.000000 0.000000 0.000000 0.000000 0.000000 
50.000000 31.089451 16.382355 7.328260 2.807048 0.931155 0.270608 0.069648 0.016031 0.003329 0.000628 0.000109 0.000018 0.000003 0.000001 0.000000 0.000000 0.000000 0.000000 0.000000 0.000000 0.000000 0.000000 0.000000 0.000000 0.000000 0.000000 0.000000 0.000000 0.000000 0.000000 0.000000 0.000000 0.000000 0.000000 0.000000 0.000000 0.000000 0.000000 0.000000 0.000000 0.000000 0.000000 0.000000 0.000000 0.000000 0.000000 0.000000 0.000000 0.000000 
50.000000 31.089452 16.382356 7.328262 2.807050 0.931157 0.270610 0.069650 0.016033 0.003331 0.000631 0.000111 0.000020 0.000005 0.000003 0.000003 0.000003 0.000003 0.000003 0.000003 0.000003 0.000003 0.000003 0.000003 0.000003 0.000003 0.000003 0.000003 0.000003 0.000003 0.000003 0.000003 0.000003 0.000003 0.000003 0.000003 0.000003 0.000003 0.000003 0.000003 0.000003 0.000003 0.000003 0.000003 0.000003 0.000002 0.000002 0.000002 0.000001 0.000000 
50.000000 31.089458 16.382366 7.328274 2.807064 0.931171 0.270624 0.069665 0.016048 0.003346 0.000645 0.000126 0.000034 0.000020 0.000018 0.000017 0.000017 0.000017 0.000017 0.000017 0.000017 0.000017 0.000017 0.000017 0.000017 0.000017 0.000017 0.000017 0.000017 0.000017 0.000017 0.000017 0.000017 0.000017 0.000017 0.000017 0.000017 0.000017 0.000017 0.000017 0.000017 0.000017 0.000017 0.000017 0.000017 0.000017 0.000015 0.000012 0.000007 0.000000 
50.000000 31.089493 16.382428 7.328353 2.807151 0.931261 0.270715 0.069756 0.016139 0.003437 0.000737 0.000217 0.000126 0.000111 0.000109 0.000108 0.000108 0.000108 0.000108 0.000108 0.000108 0.000108 0.000108 0.000108 0.000108 0.000108 0.000108 0.000108 0.000108 0.000108 0.000108 0.000108 0.000108 0.000108 0.000108 0.000108 0.000108 0.000108 0.000108 0.000108 0.000108 0.000108 0.000108 0.000108 0.000107 0.000104 0.000096 0.000077 0.000044 0.000000 
50.000000 31.089693 16.382782 7.328800 2.807643 0.931772 0.271232 0.070275 0.016659 0.003956 0.001256 0.000737 0.000645 0.000631 0.000628 0.000628 0.000628 0.000628 0.000628 0.000628 0.000628 0.000628 0.000628 0.000628 0.000628 0.000628 0.000628 0.000628 0.000628 0.000628 0.000628 0.000628 0.000628 0.000628 0.000628 0.000628 0.000628 0.000628 0.000628 0.000628 0.000628 0.000628 0.000628 0.000626 0.000620 0.000603 0.000554 0.000447 0.000257 0.000000 
50.000000 31.090728 16.384615 7.331119 2.810200 0.934425 0.273919 0.072972 0.019358 0.006657 0.003956 0.003437 0.003346 0.003331 0.003329 0.003328 0.003328 0.003328 0.003328 0.003328 0.003328 0.003328 0.003328 0.003328 0.003328 0.003328 0.003328 0.003328 0.003328 0.003328 0.003328 0.003328 0.003328 0.003328 0.003328 0.003328 0.003328 0.003328 0.003328 0.003328 0.003328 0.003328 0.003326 0.003318 0.003289 0.003196 0.002944 0.002380 0.001373 0.000000 
50.000000 31.095586 16.393228 7.342017 2.822223 0.946907 0.286559 0.085659 0.032057 0.019358 0.016659 0.016139 0.016048 0.016033 0.016031 0.016031 0.016031 0.016031 0.016031 0.016031 0.016031 0.016031 0.016031 0.016031 0.016031 0.016031 0.016031 0.016031 0.016031 0.016031 0.016031 0.016031 0.016031 0.016031 0.016031 0.016031 0.016031 0.016031 0.016031 0.016031 0.016030 0.016029 0.016020 0.015984 0.015849 0.015414 0.014226 0.011536 0.006680 0.000000 
50.000000 31.116051 16.429528 7.387974 2.872945 0.999577 0.339905 0.139207 0.085659 0.072972 0.070275 0.069756 0.069665 0.069650 0.069648 0.069648 0.069648 0.069648 0.069648 0.069648 0.069648 0.069648 0.069648 0.069648 0.069648 0.069648 0.069648 0.069648 0.069648 0.069648 0.069648 0.069648 0.069648 0.069648 0.069648 0.069648 0.069648 0.069648 0.069648 0.069647 0.069646 0.069639 0.069604 0.069455 0.068898 0.067086 0.062067 0.050544 0.029416 0.000000 
50.000000 31.192604 16.565378 7.560066 3.062962 1.196949 0.539835 0.339905 0.286559 0.273919 0.271232 0.270715 0.270624 0.270610 0.270608 0.270607 0.270607 0.270607 0.270607 0.270607 0.270607 0.270607 0.270607 0.270607 0.270607 0.270607 0.270607 0.270607 0.270607 0.270607 0.270607 0.270607 0.270607 0.270607 0.270607 0.270607 0.270607 0.270607 0.270607 0.270606 0.270601 0.270575 0.270450 0.269918 0.267903 0.261261 0.242549 0.198708 0.116527 0.000000 
50.000000 31.443760 17.011281 8.125224 3.687253 1.845573 1.196949 0.999577 0.946907 0.934425 0.931772 0.931261 0.931171 0.931157 0.931155 0.931154 0.931154 0.931154 0.931154 0.931154 0.931154 0.931154 0.931154 0.931154 0.931154 0.931154 0.931154 0.931154 0.931154 0.931154 0.931154 0.931154 0.931154 0.931154 0.931154 0.931154 0.931154 0.931154 0.931154 0.931151 0.931136 0.931058 0.930680 0.929047 0.922787 0.901778 0.841224 0.695263 0.412588 0.000000 
50.000000 32.155761 18.275925 9.728881 5.459405 3.687253 3.062962 2.872945 2.822223 2.810200 2.807643 2.807151 2.807064 2.807050 2.807048 2.807048 2.807048 2.807048 2.807048 2.807048 2.807048 2.807048 2.807048 2.807048 2.807048 2.807048 2.807048 2.807048 2.807048 2.807048 2.807048 2.807048 2.807048 2.807048 2.807048 2.807048 2.807048 2.807048 2.807047 2.807041 2.807004 2.806808 2.805859 2.801702 2.785475 2.729703 2.563807 2.147274 1.299408 0.000000 
50.000000 33.869063 21.320249 13.591025 9.728881 8.125224 7.560066 7.387974 7.342017 7.331119 7.328800 7.328353 7.328274 7.328262 7.328260 7.328260 7.328260 7.328260 7.328260 7.328260 7.328260 7.328260 7.328260 7.328260 7.328260 7.328260 7.328260 7.328260 7.328260 7.328260 7.328260 7.328260 7.328260 7.328260 7.328260 7.328260 7.328259 7.328259 7.328257 7.328245 7.328174 7.327791 7.325907 7.317518 7.284000 7.165075 6.795513 5.810299 3.639069 0.000000 
50.000000 37.295402 27.410465 21.320249 18.275925 17.011281 16.565378 16.429528 16.393228 16.384615 16.382782 16.382428 16.382366 16.382356 16.382355 16.382354 16.382354 16.382354 16.382354 16.382354 16.382354 16.382354 16.382354 16.382354 16.382354 16.382354 16.382354 16.382354 16.382354 16.382354 16.382354 16.382354 16.382354 16.382354 16.382354 16.382354 16.382354 16.382354 16.382351 16.382334 16.382235 16.381693 16.378984 16.366671 16.316018 16.128651 15.509950 13.705232 9.159606 0.000000 
50.000000 42.855237 37.295402 33.869063 32.155761 31.443760 31.192604 31.116051 31.095586 31.090728 31.089693 31.089493 31.089458 31.089452 31.089451 31.089451 31.089451 31.089451 31.089451 31.089451 31.089451 31.089451 31.089451 31.089451 31.089451 31.089451 31.089451 31.089451 31.089451 31.089451 31.089451 31.089451 31.089451 31.089451 31.089451 31.089451 31.089451 31.089451 31.089449 31.089435 31.089354 31.088906 31.086635 31.076077 31.031172 30.856354 30.229994 28.135796 21.427619 0.000000 
50.000000 50.000000 50.000000 50.000000 50.000000 50.000000 50.000000 50.000000 50.000000 50.000000 50.000000 50.000000 50.000000 50.000000 50.000000 50.000000 50.000000 50.000000 50.000000 50.000000 50.000000 50.000000 50.000000 50.000000 50.000000 50.000000 50.000000 50.000000 50.000000 50.000000 50.000000 50.000000 50.000000 50.000000 50.000000 50.000000 50.000000 50.000000 50.000000 50.000000 50.000000 50.000000 50.000000 50.000000 50.000000 50.000000 50.000000 50.000000 50.000000 50.000000 
