50.000000 50.000000 50.000000 50.000000 50.000000 50.000000 50.000000 50.000000 50.000000 50.000000 50.000000 50.000000 50.000000 50.000000 50.000000 50.000000 50.000000 50.000000 50.000000 50.000000 50.000000 50.000000 50.000000 50.000000 50.000000 50.000000 50.000000 50.000000 50.000000 50.000000 50.000000 50.000000 50.000000 50.000000 50.000000 50.000000 50.000000 50.000000 50.000000 50.000000 50.000000 50.000000 50.000000 50.000000 50.000000 50.000000 50.000000 50.000000 50.000000 50.000000 
50.000000 48.032183 46.185822 44.559923 43.215499 42.170857 41.407380 40.881959 40.541045 40.332209 40.211259 40.144930 40.110436 40.093399 40.085395 40.081812 40.080283 40.079659 40.079416 40.079325 40.079292 40.079281 40.079277 40.079276 40.079276 40.079276 40.079276 40.079276 40.079276 40.079275 40.079273 40.079268 40.079252 40.079207 40.079085 40.078764 40.077950 40.075961 40.071279 40.060645 40.037300 39.987641 39.884869 39.676633 39.259563 38.421705 36.696557 32.945189 24.016091 0.000000 
50.000000 46.185822 42.607068 39.455648 36.849817 34.825060 33.345284 32.326925 31.666182 31.261435 31.027024 30.898477 30.831627 30.798610 30.783099 30.776158 30.773194 30.771986 30.771514 30.771338 30.771275 30.771253 30.771246 30.771243 30.771243 30.771242 30.771242 30.771242 30.771242 30.771241 30.771238 30.771228 30.771200 30.771120 30.770902 30.770331 30.768887 30.765371 30.757128 30.738508 30.697930 30.612487 30.438208 30.092625 29.423259 28.149520 25.755133 21.303534 13.240632 0.000000 
50.000000 44.559923 39.455648 34.960900 31.244349 28.356595 26.246144 24.793797 23.851492 23.274287 22.940006 22.756698 22.661374 22.614296 22.592179 22.582282 22.578057 22.576334 22.575662 22.575410 22.575320 22.575289 22.575279 22.575276 22.575275 22.575275 22.575274 22.575274 22.575274 22.575273 22.575269 22.575257 22.575222 22.575122 22.574852 22.574146 22.572369 22.568063 22.558030 22.535545 22.487051 22.386343 22.184756 21.795356 21.068660 19.758197 17.480450 13.700514 7.863367 0.000000 
50.000000 43.215499 36.849817 31.244349 26.609447 23.008206 20.376380 18.565288 17.390261 16.670528 16.253720 16.025166 15.906319 15.847626 15.820054 15.807717 15.802450 15.800302 15.799464 15.799151 15.799039 15.799000 15.798987 15.798983 15.798982 15.798982 15.798981 15.798981 15.798981 15.798980 15.798975 15.798963 15.798927 15.798825 15.798549 15.797828 15.796024 15.791679 15.781631 15.759321 15.711775 15.614535 15.423738 15.064759 14.417905 13.304724 11.486152 8.700297 4.793794 0.000000 
50.000000 42.170857 34.825060 28.356595 23.008206 18.852683 15.815859 13.726131 12.370373 11.539969 11.059090 10.795415 10.658312 10.590606 10.558803 10.544572 10.538498 10.536021 10.535055 10.534693 10.534564 10.534520 10.534505 10.534500 10.534499 10.534498 10.534498 10.534498 10.534498 10.534496 10.534493 10.534481 10.534449 10.534357 10.534110 10.533468 10.531870 10.528046 10.519275 10.499991 10.459394 10.377628 10.220254 9.931280 9.426342 8.590302 7.287935 5.401801 2.911294 0.000000 
50.000000 41.407380 33.345284 26.246144 20.376380 15.815859 12.483151 10.189884 8.702126 7.790907 7.263250 6.973939 6.823513 6.749232 6.714342 6.698731 6.692068 6.689351 6.688291 6.687895 6.687753 6.687704 6.687688 6.687683 6.687681 6.687680 6.687680 6.687680 6.687680 6.687679 6.687676 6.687667 6.687640 6.687567 6.687368 6.686856 6.685586 6.682570 6.675706 6.660763 6.629678 6.567970 6.451281 6.241575 5.884580 5.311621 4.450788 3.252659 1.730747 0.000000 
50.000000 40.881959 32.326925 24.793797 18.565288 13.726131 10.189884 7.756626 6.178097 5.211317 4.651507 4.344579 4.185001 4.106203 4.069194 4.052636 4.045568 4.042687 4.041563 4.041143 4.040992 4.040940 4.040923 4.040918 4.040916 4.040916 4.040915 4.040915 4.040915 4.040914 4.040912 4.040905 4.040886 4.040832 4.040687 4.040314 4.039395 4.037227 4.032332 4.021776 4.000058 3.957512 3.878313 3.738603 3.505877 3.141550 2.609040 1.888717 0.997091 0.000000 
50.000000 40.541045 31.666182 23.851492 17.390261 12.370373 8.702126 6.178097 4.540725 3.537935 2.957293 2.638954 2.473448 2.391727 2.353346 2.336175 2.328846 2.325858 2.324693 2.324258 2.324101 2.324048 2.324030 2.324024 2.324023 2.324022 2.324022 2.324022 2.324022 2.324021 2.324020 2.324015 2.324002 2.323965 2.323868 2.323618 2.323006 2.321570 2.318354 2.311478 2.297474 2.270363 2.220585 2.134156 1.992744 1.775725 1.465149 1.053695 0.553404 0.000000 
50.000000 40.332209 31.261435 23.274287 16.670528 11.539969 7.790907 5.211317 3.537935 2.513114 1.919730 1.594413 1.425285 1.341778 1.302559 1.285014 1.277526 1.274473 1.273282 1.272837 1.272678 1.272623 1.272605 1.272599 1.272597 1.272597 1.272597 1.272597 1.272597 1.272596 1.272595 1.272592 1.272584 1.272561 1.272500 1.272345 1.271967 1.271085 1.269122 1.264958 1.256557 1.240461 1.211259 1.161229 1.080575 0.958753 0.787236 0.563505 0.294909 0.000000 
50.000000 40.211259 31.027024 22.940006 16.253720 11.059090 7.263250 4.651507 2.957293 1.919730 1.318978 0.989629 0.818408 0.733869 0.694167 0.676406 0.668826 0.665735 0.664530 0.664080 0.663918 0.663863 0.663845 0.663839 0.663837 0.663836 0.663836 0.663836 0.663836 0.663836 0.663835 0.663834 0.663829 0.663815 0.663780 0.663690 0.663472 0.662965 0.661846 0.659489 0.654771 0.645815 0.629732 0.602487 0.559099 0.494399 0.404462 0.288516 0.150614 0.000000 
50.000000 40.144930 30.898477 22.756698 16.025166 10.795415 6.973939 4.344579 2.638954 1.594413 0.989629 0.658074 0.485708 0.400605 0.360638 0.342759 0.335129 0.332018 0.330805 0.330352 0.330189 0.330133 0.330115 0.330109 0.330107 0.330107 0.330106 0.330106 0.330106 0.330106 0.330106 0.330105 0.330102 0.330095 0.330076 0.330027 0.329909 0.329636 0.329037 0.327783 0.325292 0.320600 0.312247 0.298233 0.276140 0.243535 0.198668 0.141348 0.073651 0.000000 
50.000000 40.110436 30.831627 22.661374 15.906319 10.658312 6.823513 4.185001 2.473448 1.425285 0.818408 0.485708 0.312749 0.227353 0.187249 0.169309 0.161653 0.158532 0.157314 0.156860 0.156697 0.156640 0.156622 0.156616 0.156614 0.156614 0.156614 0.156613 0.156613 0.156613 0.156613 0.156613 0.156611 0.156608 0.156598 0.156573 0.156512 0.156374 0.156072 0.155443 0.154201 0.151878 0.147774 0.140944 0.130266 0.114640 0.093312 0.066257 0.034475 0.000000 
50.000000 40.093399 30.798610 22.614296 15.847626 10.590606 6.749232 4.106203 2.391727 1.341778 0.733869 0.400605 0.227353 0.141813 0.101643 0.083672 0.076003 0.072877 0.071657 0.071202 0.071039 0.070982 0.070964 0.070958 0.070956 0.070956 0.070955 0.070955 0.070955 0.070955 0.070955 0.070955 0.070954 0.070953 0.070948 0.070936 0.070907 0.070840 0.070696 0.070398 0.069811 0.068721 0.066808 0.063646 0.058736 0.051602 0.041927 0.029724 0.015449 0.000000 
50.000000 40.085395 30.783099 22.592179 15.820054 10.558803 6.714342 4.069194 2.353346 1.302559 0.694167 0.360638 0.187249 0.101643 0.061440 0.043456 0.035781 0.032652 0.031432 0.030976 0.030812 0.030756 0.030738 0.030732 0.030730 0.030729 0.030729 0.030729 0.030729 0.030729 0.030729 0.030729 0.030729 0.030728 0.030726 0.030720 0.030707 0.030677 0.030612 0.030477 0.030214 0.029728 0.028880 0.027486 0.025334 0.022226 0.018033 0.012768 0.006631 0.000000 
50.000000 40.081812 30.776158 22.582282 15.807717 10.544572 6.698731 4.052636 2.336175 1.285014 0.676406 0.342759 0.169309 0.083672 0.043456 0.025465 0.017788 0.014658 0.013437 0.012981 0.012817 0.012761 0.012743 0.012737 0.012735 0.012734 0.012734 0.012734 0.012734 0.012734 0.012734 0.012734 0.012734 0.012734 0.012733 0.012730 0.012724 0.012711 0.012683 0.012626 0.012514 0.012307 0.011949 0.011363 0.010462 0.009168 0.007430 0.005255 0.002727 0.000000 
50.000000 40.080283 30.773194 22.578057 15.802450 10.538498 6.692068 4.045568 2.328846 1.277526 0.668826 0.335129 0.161653 0.076003 0.035781 0.017788 0.010109 0.006978 0.005758 0.005301 0.005138 0.005082 0.005063 0.005057 0.005055 0.005055 0.005055 0.005055 0.005055 0.005055 0.005055 0.005055 0.005055 0.005054 0.005054 0.005053 0.005051 0.005045 0.005034 0.005010 0.004965 0.004881 0.004737 0.004501 0.004141 0.003625 0.002935 0.002074 0.001076 0.000000 
50.000000 40.079659 30.771986 22.576334 15.800302 10.536021 6.689351 4.042687 2.325858 1.274473 0.665735 0.332018 0.158532 0.072877 0.032652 0.014658 0.006978 0.003848 0.002627 0.002171 0.002007 0.001951 0.001932 0.001926 0.001925 0.001924 0.001924 0.001924 0.001924 0.001924 0.001924 0.001924 0.001924 0.001924 0.001924 0.001923 0.001922 0.001920 0.001916 0.001907 0.001889 0.001857 0.001801 0.001710 0.001572 0.001375 0.001113 0.000786 0.000407 0.000000 
50.000000 40.079416 30.771514 22.575662 15.799464 10.535055 6.688291 4.041563 2.324693 1.273282 0.664530 0.330805 0.157314 0.071657 0.031432 0.013437 0.005758 0.002627 0.001406 0.000950 0.000786 0.000730 0.000711 0.000705 0.000704 0.000703 0.000703 0.000703 0.000703 0.000703 0.000703 0.000703 0.000703 0.000703 0.000703 0.000703 0.000702 0.000702 0.000700 0.000696 0.000690 0.000678 0.000657 0.000624 0.000573 0.000501 0.000405 0.000286 0.000148 0.000000 
50.000000 40.079325 30.771338 22.575410 15.799151 10.534693 6.687895 4.041143 2.324258 1.272837 0.664080 0.330352 0.156860 0.071202 0.030976 0.012981 0.005301 0.002171 0.000950 0.000494 0.000330 0.000274 0.000255 0.000249 0.000248 0.000247 0.000247 0.000247 0.000247 0.000247 0.000247 0.000247 0.000247 0.000247 0.000247 0.000247 0.000247 0.000246 0.000246 0.000244 0.000242 0.000238 0.000231 0.000219 0.000201 0.000175 0.000142 0.000100 0.000052 0.000000 
50.000000 40.079292 30.771275 22.575320 15.799039 10.534564 6.687753 4.040992 2.324101 1.272678 0.663918 0.330189 0.156697 0.071039 0.030812 0.012817 0.005138 0.002007 0.000786 0.000330 0.000167 0.000110 0.000092 0.000086 0.000084 0.000084 0.000083 0.000083 0.000083 0.000083 0.000083 0.000083 0.000083 0.000083 0.000083 0.000083 0.000083 0.000083 0.000083 0.000083 0.000082 0.000080 0.000078 0.000074 0.000068 0.000059 0.000048 0.000034 0.000017 0.000000 
50.000000 40.079281 30.771253 22.575289 15.799000 10.534520 6.687704 4.040940 2.324048 1.272623 0.663863 0.330133 0.156640 0.070982 0.030756 0.012761 0.005082 0.001951 0.000730 0.000274 0.000110 0.000054 0.000036 0.000030 0.000028 0.000027 0.000027 0.000027 0.000027 0.000027 0.000027 0.000027 0.000027 0.000027 0.000027 0.000027 0.000027 0.000027 0.000027 0.000027 0.000027 0.000026 0.000025 0.000024 0.000022 0.000019 0.000015 0.000011 0.000006 0.000000 
50.000000 40.079277 30.771246 22.575279 15.798987 10.534505 6.687688 4.040923 2.324030 1.272605 0.663845 0.330115 0.156622 0.070964 0.030738 0.012743 0.005063 0.001932 0.000711 0.000255 0.000092 0.000036 0.000017 0.000011 0.000009 0.000009 0.000009 0.000009 0.000009 0.000009 0.000009 0.000009 0.000009 0.000009 0.000009 0.000009 0.000008 0.000008 0.000008 0.000008 0.000008 0.000008 0.000008 0.000008 0.000007 0.000006 0.000005 0.000003 0.000002 0.000000 
50.000000 40.079276 30.771243 22.575276 15.798983 10.534500 6.687683 4.040918 2.324024 1.272599 0.663839 0.330109 0.156616 0.070958 0.030732 0.012737 0.005057 0.001927 0.000706 0.000249 0.000086 0.000030 0.000011 0.000005 0.000003 0.000003 0.000003 0.000003 0.000003 0.000003 0.000003 0.000003 0.000003 0.000003 0.000003 0.000003 0.000003 0.000003 0.000003 0.000003 0.000003 0.000003 0.000002 0.000002 0.000002 0.000002 0.000001 0.000001 0.000001 0.000000 
50.000000 40.079276 30.771243 22.575275 15.798982 10.534499 6.687681 4.040916 2.324023 1.272598 0.663837 0.330107 0.156614 0.070956 0.030730 0.012735 0.005056 0.001925 0.000704 0.000248 0.000084 0.000028 0.000009 0.000004 0.000002 0.000001 0.000001 0.000001 0.000001 0.000001 0.000001 0.000001 0.000001 0.000001 0.000001 0.000001 0.000001 0.000001 0.000001 0.000001 0.000001 0.000001 0.000001 0.000001 0.000001 0.000001 0.000001 0.000000 0.000000 0.000000 
50.000000 40.079276 30.771243 22.575275 15.798982 10.534499 6.687681 4.040916 2.324023 1.272598 0.663837 0.330107 0.156614 0.070956 0.030730 0.012735 0.005056 0.001925 0.000704 0.000248 0.000084 0.000028 0.000009 0.000004 0.000002 0.000001 0.000001 0.000001 0.000001 0.000001 0.000001 0.000001 0.000001 0.000001 0.000001 0.000001 0.000001 0.000001 0.000001 0.000001 0.000001 0.000001 0.000001 0.000001 0.000001 0.000001 0.000001 0.000000 0.000000 0.000000 
50.000000 40.079276 30.771243 22.575276 15.798983 10.534500 6.687683 4.040918 2.324024 1.272599 0.663839 0.330109 0.156616 0.070958 0.030732 0.012737 0.005057 0.001927 0.000706 0.000249 0.000086 0.000030 0.000011 0.000005 0.000003 0.000003 0.000003 0.000003 0.000003 0.000003 0.000003 0.000003 0.000003 0.000003 0.000003 0.000003 0.000003 0.000003 0.000003 0.000003 0.000003 0.000003 0.000002 0.000002 0.000002 0.000002 0.000001 0.000001 0.000001 0.000000 
50.000000 40.079277 30.771246 22.575279 15.798987 10.534505 6.687688 4.040923 2.324030 1.272605 0.663845 0.330115 0.156622 0.070964 0.030738 0.012743 0.005063 0.001932 0.000711 0.000255 0.000092 0.000036 0.000017 0.000011 0.000009 0.000009 0.000009 0.000009 0.000009 0.000009 0.000009 0.000009 0.000009 0.000009 0.000009 0.000009 0.000008 0.000008 0.000008 0.000008 0.000008 0.000008 0.000008 0.000008 0.000007 0.000006 0.000005 0.000003 0.000002 0.000000 
50.000000 40.079281 30.771253 22.575289 15.799000 10.534520 6.687704 4.040940 2.324048 1.272623 0.663863 0.330133 0.156640 0.070982 0.030756 0.012761 0.005082 0.001951 0.000730 0.000274 0.000110 0.000054 0.000036 0.000030 0.000028 0.000027 0.000027 0.000027 0.000027 0.000027 0.000027 0.000027 0.000027 0.000027 0.000027 0.000027 0.000027 0.000027 0.000027 0.000027 0.000027 0.000026 0.000025 0.000024 0.000022 0.000019 0.000015 0.000011 0.000006 0.000000 
50.000000 40.079292 30.771275 22.575320 15.799039 10.534564 6.687753 4.040992 2.324101 1.272678 0.663918 0.330189 0.156697 0.071039 0.030812 0.012817 0.005138 0.002007 0.000786 0.000330 0.000167 0.000110 0.000092 0.000086 0.000084 0.000084 0.000083 0.000083 0.000083 0.000083 0.000083 0.000083 0.000083 0.000083 0.000083 0.000083 0.000083 0.000083 0.000083 0.000083 0.000082 0.000080 0.000078 0.000074 0.000068 0.000059 0.000048 0.000034 0.000017 0.000000 
50.000000 40.079325 30.771338 22.575410 15.799151 10.534693 6.687895 4.041143 2.324258 1.272837 0.664080 0.330352 0.156860 0.071202 0.030976 0.012981 0.005301 0.002171 0.000950 0.000494 0.000330 0.000274 0.000255 0.000249 0.000248 0.000247 0.000247 0.000247 0.000247 0.000247 0.000247 0.000247 0.000247 0.000247 0.000247 0.000247 0.000247 0.000246 0.000246 0.000244 0.000242 0.000238 0.000231 0.000219 0.000201 0.000175 0.000142 0.000100 0.000052 0.000000 
50.000000 40.079416 30.771514 22.575662 15.799464 10.535055 6.688291 4.041563 2.324693 1.273282 0.664530 0.330805 0.157314 0.071657 0.031432 0.013437 0.005758 0.002627 0.001406 0.000950 0.000786 0.000730 0.000711 0.000705 0.000704 0.000703 0.000703 0.000703 0.000703 0.000703 0.000703 0.000703 0.000703 0.000703 0.000703 0.000703 0.000702 0.000702 0.000700 0.000696 0.000690 0.000678 0.000657 0.000624 0.000573 0.000501 0.000405 0.000286 0.000148 0.000000 
50.000000 40.079659 30.771986 22.576334 15.800302 10.536021 6.689351 4.042687 2.325858 1.274473 0.665735 0.332018 0.158532 0.072877 0.032652 0.014658 0.006978 0.003848 0.002627 0.002171 0.002007 0.001951 0.001932 0.001926 0.001925 0.001924 0.001924 0.001924 0.001924 0.001924 0.001924 0.001924 0.001924 0.001924 0.001924 0.001923 0.001922 0.001920 0.001916 0.001907 0.001889 0.001857 0.001801 0.001710 0.001572 0.001375 0.001113 0.000786 0.000407 0.000000 
50.000000 40.080283 30.773194 22.578057 15.802450 10.538498 6.692068 4.045568 2.328846 1.277526 0.668826 0.335129 0.161653 0.076003 0.035781 0.017788 0.010109 0.006978 0.005758 0.005301 0.005138 0.005082 0.005063 0.005057 0.005055 0.005055 0.005055 0.005055 0.005055 0.005055 0.005055 0.005055 0.005055 0.005054 0.005054 0.005053 0.005051 0.005045 0.005034 0.005010 0.004965 0.004881 0.004737 0.004501 0.004141 0.003625 0.002935 0.002074 0.001076 0.000000 
50.000000 40.081812 30.776158 22.582282 15.807717 10.544572 6.698731 4.052636 2.336175 1.285014 0.676406 0.342759 0.169309 0.083672 0.043456 0.025465 0.017788 0.014658 0.013437 0.012981 0.012817 0.012761 0.012743 0.012737 0.012735 0.012734 0.012734 0.012734 0.012734 0.012734 0.012734 0.012734 0.012734 0.012734 0.012733 0.012730 0.012724 0.012711 0.012683 0.012626 0.012514 0.012307 0.011949 0.011363 0.010462 0.009168 0.007430 0.005255 0.002727 0.000000 
50.000000 40.085395 30.783099 22.592179 15.820054 10.558803 6.714342 4.069194 2.353346 1.302559 0.694167 0.360638 0.187249 0.101643 0.061440 0.043456 0.035781 0.032652 0.031432 0.030976 0.030812 0.030756 0.030738 0.030732 0.030730 0.030729 0.030729 0.030729 0.030729 0.030729 0.030729 0.030729 0.030729 0.030728 0.030726 0.030720 0.030707 0.030677 0.030612 0.030477 0.030214 0.029728 0.028880 0.027486 0.025334 0.022226 0.018033 0.012768 0.006631 0.000000 
50.000000 40.093399 30.798610 22.614296 15.847626 10.590606 6.749232 4.106203 2.391727 1.341778 0.733869 0.400605 0.227353 0.141813 0.101643 0.083672 0.076003 0.072877 0.071657 0.071202 0.071039 0.070982 0.070964 0.070958 0.070956 0.070956 0.070955 0.070955 0.070955 0.070955 0.070955 0.070955 0.070954 0.070953 0.070948 0.070936 0.070907 0.070840 0.070696 0.070398 0.069811 0.068721 0.066808 0.063646 0.058736 0.051602 0.041927 0.029724 0.015449 0.000000 
50.000000 40.110436 30.831627 22.661374 15.906319 10.658312 6.823513 4.185001 2.473448 1.425285 0.818408 0.485708 0.312749 0.227353 0.187249 0.169309 0.161653 0.158532 0.157314 0.156860 0.156697 0.156640 0.156622 0.156616 0.156614 0.156614 0.156614 0.156613 0.156613 0.156613 0.156613 0.156613 0.156611 0.156608 0.156598 0.156573 0.156512 0.156374 0.156072 0.155443 0.154201 0.151878 0.147774 0.140944 0.130266 0.114640 0.093312 0.066257 0.034475 0.000000 
50.000000 40.144930 30.898477 22.756698 16.025166 10.795415 6.973939 4.344579 2.638954 1.594413 0.989629 0.658074 0.485708 0.400605 0.360638 0.342759 0.335129 0.332018 0.330805 0.330352 0.330189 0.330133 0.330115 0.330109 0.330107 0.330107 0.330106 0.330106 0.330106 0.330106 0.330106 0.330105 0.330102 0.330095 0.330076 0.330027 0.329909 0.329636 0.329037 0.327783 0.325292 0.320600 0.312247 0.298233 0.276140 0.243535 0.198668 0.141348 0.073651 0.000000 
50.000000 40.211259 31.027024 22.940006 16.253720 11.059090 7.263250 4.651507 2.957293 1.919730 1.318978 0.989629 0.818408 0.733869 0.694167 0.676406 0.668826 0.665735 0.664530 0.664080 0.663918 0.663863 0.663845 0.663839 0.663837 0.663836 0.663836 0.663836 0.663836 0.663836 0.663835 0.663834 0.663829 0.663815 0.663780 0.663690 0.663472 0.662965 0.661846 0.659489 0.654771 0.645815 0.629732 0.602487 0.559099 0.494399 0.404462 0.288516 0.150614 0.000000 
50.000000 40.332209 31.261435 23.274287 16.670528 11.539969 7.790907 5.211317 3.537935 2.513114 1.919730 1.594413 1.425285 1.341778 1.302559 1.285014 1.277526 1.274473 1.273282 1.272837 1.272678 1.272623 1.272605 1.272599 1.272597 1.272597 1.272597 1.272597 1.272597 1.272596 1.272595 1.272592 1.272584 1.272561 1.272500 1.272345 1.271967 1.271085 1.269122 1.264958 1.256557 1.240461 1.211259 1.161229 1.080575 0.958753 0.787236 0.563505 0.294909 0.000000 
50.000000 40.541045 31.666182 23.851492 17.390261 12.370373 8.702126 6.178097 4.540725 3.537935 2.957293 2.638954 2.473448 2.391727 2.353346 2.336175 2.328846 2.325858 2.324693 2.324258 2.324101 2.324048 2.324030 2.324024 2.324023 2.324022 2.324022 2.324022 2.324022 2.324021 2.324020 2.324015 2.324002 2.323965 2.323868 2.323618 2.323006 2.321570 2.318354 2.311478 2.297474 2.270363 2.220585 2.134156 1.992744 1.775725 1.465149 1.053695 0.553404 0.000000 
50.000000 40.881959 32.326925 24.793797 18.565288 13.726131 10.189884 7.756626 6.178097 5.211317 4.651507 4.344579 4.185001 4.106203 4.069194 4.052636 4.045568 4.042687 4.041563 4.041143 4.040992 4.040940 4.040923 4.040918 4.040916 4.040916 4.040915 4.040915 4.040915 4.040914 4.040912 4.040905 4.040886 4.040832 4.040687 4.040314 4.039395 4.037227 4.032332 4.021776 4.000058 3.957512 3.878313 3.738603 3.505877 3.141550 2.609040 1.888717 0.997091 0.000000 
50.000000 41.407380 33.345284 26.246144 20.376380 15.815859 12.483151 10.189884 8.702126 7.790907 7.263250 6.973939 6.823513 6.749232 6.714342 6.698731 6.692068 6.689351 6.688291 6.687895 6.687753 6.687704 6.687688 6.687683 6.687681 6.687680 6.687680 6.687680 6.687680 6.687679 6.687676 6.687667 6.687640 6.687567 6.687368 6.686856 6.685586 6.682570 6.675706 6.660763 6.629678 6.567970 6.451281 6.241575 5.884580 5.311621 4.450788 3.252659 1.730747 0.000000 
50.000000 42.170857 34.825060 28.356595 23.008206 18.852683 15.815859 13.726131 12.370373 11.539969 11.059090 10.795415 10.658312 10.590606 10.558803 10.544572 10.538498 10.536021 10.535055 10.534693 10.534564 10.534520 10.534505 10.534500 10.534499 10.534498 10.534498 10.534498 10.534498 10.534496 10.534493 10.534481 10.534449 10.534357 10.534110 10.533468 10.531870 10.528046 10.519275 10.499991 10.459394 10.377628 10.220254 9.931280 9.426342 8.590302 7.287935 5.401801 2.911294 0.000000 
50.000000 43.215499 36.849817 31.244349 26.609447 23.008206 20.376380 18.565288 17.390261 16.670528 16.253720 16.025166 15.906319 15.847626 15.820054 15.807717 15.802450 15.800302 15.799464 15.799151 15.799039 15.799000 15.798987 15.798983 15.798982 15.798982 15.798981 15.798981 15.798981 15.798980 15.798975 15.798963 15.798927 15.798825 15.798549 15.797828 15.796024 15.791679 15.781631 15.759321 15.711775 15.614535 15.423738 15.064759 14.417905 13.304724 11.486152 8.700297 4.793794 0.000000 
50.000000 44.559923 39.455648 34.960900 31.244349 28.356595 26.246144 24.793797 23.851492 23.274287 22.940006 22.756698 22.661374 22.614296 22.592179 22.582282 22.578057 22.576334 22.575662 22.575410 22.575320 22.575289 22.575279 22.575276 22.575275 22.575275 22.575274 22.575274 22.575274 22.575273 22.575269 22.575257 22.575222 22.575122 22.574852 22.574146 22.572369 22.568063 22.558030 22.535545 22.487051 22.386343 22.184756 21.795356 21.068660 19.758197 17.480450 13.700514 7.863367 0.000000 
50.000000 46.185822 42.607068 39.455648 36.849817 34.825060 33.345284 32.326925 31.666182 31.261435 31.027024 30.898477 30.831627 30.798610 30.783099 30.776158 30.773194 30.771986 30.771514 30.771338 30.771275 30.771253 30.771246 30.771243 30.771243 30.771242 30.771242 30.771242 30.771242 30.771241 30.771238 30.771228 30.771200 30.771120 30.770902 30.770331 30.768887 30.765371 30.757128 30.738508 30.697930 30.612487 30.438208 30.092625 29.423259 28.149520 25.755133 21.303534 13.240632 0.000000 
50.000000 48.032183 46.185822 44.559923 43.215499 42.170857 41.407380 40.881959 40.541045 40.332209 40.211259 40.144930 40.110436 40.093399 40.085395 40.081812 40.080283 40.079659 40.079416 40.079325 40.079292 40.079281 40.079277 40.079276 40.079276 40.079276 40.079276 40.079276 40.079276 40.079275 40.079273 40.079268 40.079252 40.079207 40.079085 40.078764 40.077950 40.075961 40.071279 40.060645 40.037300 39.987641 39.884869 39.676633 39.259563 38.421705 36.696557 32.945189 24.016091 0.000000 
50.000000 50.000000 50.000000 50.000000 50.000000 50.000000 50.000000 50.000000 50.000000 50.000000 50.000000 50.000000 50.000000 50.000000 50.000000 50.000000 50.000000 50.000000 50.000000 50.000000 50.000000 50.000000 50.000000 50.000000 50.000000 50.000000 50.000000 50.000000 50.000000 50.000000 50.000000 50.000000 50.000000 50.000000 50.000000 50.000000 50.000000 50.000000 50.000000 50.000000 50.000000 50.000000 50.000000 50.000000 50.000000 50.000000 50.000000 50.000000 50.000000 50.000000 
