50.000000 50.000000 50.000000 50.000000 50.000000 50.000000 50.000000 50.000000 50.000000 50.000000 50.000000 50.000000 50.000000 50.000000 50.000000 50.000000 50.000000 50.000000 50.000000 50.000000 50.000000 50.000000 50.000000 50.000000 50.000000 50.000000 50.000000 50.000000 50.000000 50.000000 50.000000 50.000000 50.000000 50.000000 50.000000 50.000000 50.000000 50.000000 50.000000 50.000000 50.000000 50.000000 50.000000 50.000000 50.000000 50.000000 50.000000 50.000000 50.000000 50.000000 
50.000000 48.387054 46.855737 45.475301 44.293367 43.331821 42.588161 42.041044 41.657866 41.402194 41.239525 41.140745 41.083441 41.051652 41.034771 41.026182 41.021990 41.020026 41.019141 41.018758 41.018598 41.018534 41.018509 41.018500 41.018496 41.018495 41.018495 41.018494 41.018493 41.018489 41.018479 41.018453 41.018387 41.018223 41.017834 41.016933 41.014918 41.010545 41.001340 40.982519 40.945050 40.872205 40.733262 40.471467 39.979220 39.041453 37.190703 33.290101 24.193527 0.000000 
50.000000 46.855737 43.870605 41.179604 38.875572 37.001168 35.551511 34.484997 33.738061 33.239680 32.922592 32.730046 32.618348 32.556384 32.523480 32.506739 32.498568 32.494740 32.493016 32.492269 32.491957 32.491832 32.491784 32.491765 32.491759 32.491756 32.491755 32.491754 32.491752 32.491745 32.491727 32.491679 32.491558 32.491261 32.490553 32.488920 32.485273 32.477386 32.460853 32.427227 32.360766 32.232838 31.992283 31.548574 30.741487 29.284725 26.660261 21.935302 13.565637 0.000000 
50.000000 45.475301 41.179604 37.307190 33.991653 31.294380 29.208343 27.673660 26.598858 25.881725 25.425467 25.148417 24.987701 24.898547 24.851206 24.827119 24.815364 24.809856 24.807376 24.806301 24.805853 24.805673 24.805603 24.805577 24.805567 24.805564 24.805562 24.805561 24.805558 24.805549 24.805526 24.805464 24.805309 24.804927 24.804020 24.801935 24.797299 24.787320 24.766530 24.724577 24.642509 24.486700 24.199171 23.682540 22.777296 21.229574 18.653595 14.519344 8.284598 0.000000 
50.000000 44.293367 38.875572 33.991653 29.810107 26.408350 23.777509 21.842049 20.486591 19.582215 19.006842 18.657471 18.454807 18.342387 18.282693 18.252322 18.237501 18.230556 18.227429 18.226075 18.225510 18.225283 18.225195 18.225162 18.225150 18.225145 18.225143 18.225142 18.225138 18.225129 18.225104 18.225037 18.224870 18.224460 18.223488 18.221265 18.216345 18.205818 18.184052 18.140541 18.056440 17.899218 17.614883 17.117455 16.276340 14.905053 12.762079 9.590848 5.251915 0.000000 
50.000000 43.331821 37.001168 31.294380 26.408350 22.433532 19.359546 17.098113 15.514399 14.457753 13.785521 13.377349 13.140582 13.009248 12.939515 12.904036 12.886723 12.878612 12.874960 12.873378 12.872718 12.872453 12.872350 12.872311 12.872297 12.872292 12.872290 12.872288 12.872285 12.872276 12.872252 12.872188 12.872029 12.871639 12.870720 12.868626 12.864018 12.854226 12.834143 12.794400 12.718539 12.578925 12.331364 11.908930 11.216766 10.132010 8.517084 6.259680 3.352601 0.000000 
50.000000 42.588161 35.551511 29.208343 23.777509 19.359546 15.942901 13.429431 11.669249 10.494893 9.747794 9.294176 9.031057 8.885110 8.807620 8.768197 8.748960 8.739947 8.735889 8.734131 8.733398 8.733104 8.732989 8.732947 8.732931 8.732926 8.732923 8.732922 8.732919 8.732911 8.732890 8.732835 8.732697 8.732361 8.731573 8.729786 8.725875 8.717624 8.700843 8.667971 8.605992 8.493622 8.297971 7.971450 7.450617 6.660054 5.525802 4.002937 2.116694 0.000000 
50.000000 42.041044 34.484997 27.673660 21.842049 17.098113 13.429431 10.730597 8.840644 7.579736 6.777595 6.290571 6.008082 5.851397 5.768208 5.725887 5.705237 5.695563 5.691207 5.689320 5.688534 5.688217 5.688095 5.688049 5.688032 5.688026 5.688024 5.688023 5.688020 5.688014 5.687997 5.687953 5.687843 5.687577 5.686955 5.685551 5.682499 5.676102 5.663202 5.638177 5.591539 5.508143 5.365298 5.131459 4.766749 4.227166 3.474490 2.492713 1.307782 0.000000 
50.000000 41.657866 33.738061 26.598858 20.486591 15.514399 11.669249 8.840644 6.859850 5.538364 4.697705 4.187307 3.891268 3.727072 3.639898 3.595552 3.573913 3.563777 3.559213 3.557236 3.556412 3.556081 3.555952 3.555904 3.555887 3.555881 3.555878 3.555877 3.555875 3.555870 3.555858 3.555825 3.555744 3.555548 3.555092 3.554068 3.551854 3.547246 3.538026 3.520304 3.487629 3.429925 3.332501 3.175627 2.935474 2.587373 2.112158 1.505223 0.785661 0.000000 
50.000000 41.402194 33.239680 25.881725 19.582215 14.457753 10.494893 7.579736 5.538364 4.176486 3.310150 2.784172 2.479104 2.309904 2.220076 2.174380 2.152084 2.141640 2.136937 2.134901 2.134052 2.133710 2.133578 2.133528 2.133510 2.133504 2.133502 2.133501 2.133499 2.133496 2.133487 2.133465 2.133408 2.133274 2.132961 2.132262 2.130759 2.127652 2.121481 2.109719 2.088243 2.050735 1.988197 1.888901 1.739214 1.525775 1.239215 0.878914 0.457145 0.000000 
50.000000 41.239525 32.922592 25.425467 19.006842 13.785521 9.747794 6.777595 4.697705 3.310150 2.427492 1.891613 1.580809 1.408431 1.316916 1.270364 1.247651 1.237011 1.232221 1.230147 1.229281 1.228934 1.228799 1.228749 1.228730 1.228724 1.228722 1.228721 1.228720 1.228717 1.228712 1.228697 1.228660 1.228573 1.228371 1.227923 1.226963 1.224992 1.221102 1.213746 1.200431 1.177401 1.139419 1.079823 0.991121 0.866301 0.700890 0.495365 0.257006 0.000000 
50.000000 41.140745 32.730046 25.148417 18.657471 13.377349 9.294176 6.290571 4.187307 2.784172 1.891613 1.349731 1.035449 0.861144 0.768608 0.721537 0.698571 0.687813 0.682969 0.680872 0.679997 0.679646 0.679509 0.679458 0.679440 0.679434 0.679431 0.679430 0.679430 0.679428 0.679425 0.679416 0.679393 0.679340 0.679217 0.678945 0.678367 0.677184 0.674866 0.670512 0.662691 0.649281 0.627369 0.593333 0.543206 0.473419 0.381887 0.269193 0.139405 0.000000 
50.000000 41.083441 32.618348 24.987701 18.454807 13.140582 9.031057 6.008082 3.891268 2.479104 1.580809 1.035449 0.719152 0.543731 0.450604 0.403233 0.380120 0.369294 0.364420 0.362309 0.361429 0.361075 0.360938 0.360887 0.360868 0.360862 0.360860 0.360859 0.360858 0.360857 0.360855 0.360850 0.360837 0.360806 0.360735 0.360579 0.360248 0.359576 0.358265 0.355817 0.351452 0.344022 0.331980 0.313433 0.286356 0.248988 0.200381 0.140962 0.072897 0.000000 
50.000000 41.051652 32.556384 24.898547 18.342387 13.009248 8.885110 5.851397 3.727072 2.309904 1.408431 0.861144 0.543731 0.367693 0.274239 0.226701 0.203508 0.192644 0.187753 0.185635 0.184752 0.184397 0.184259 0.184207 0.184189 0.184182 0.184180 0.184179 0.184179 0.184178 0.184177 0.184174 0.184167 0.184150 0.184111 0.184026 0.183846 0.183483 0.182777 0.181467 0.179145 0.175219 0.168898 0.159235 0.145230 0.126042 0.101248 0.071111 0.036734 0.000000 
50.000000 41.034771 32.523480 24.851206 18.282693 12.939515 8.807620 5.768208 3.639898 2.220076 1.316916 0.768608 0.450604 0.274239 0.180611 0.132985 0.109750 0.098865 0.093966 0.091844 0.090959 0.090603 0.090465 0.090414 0.090395 0.090388 0.090386 0.090385 0.090385 0.090385 0.090384 0.090383 0.090379 0.090370 0.090350 0.090306 0.090212 0.090025 0.089663 0.088994 0.087814 0.085830 0.082657 0.077834 0.070888 0.061428 0.049270 0.034561 0.017838 0.000000 
50.000000 41.026182 32.506739 24.827119 18.252322 12.904036 8.768197 5.725887 3.595552 2.174380 1.270364 0.721537 0.403233 0.226701 0.132985 0.085315 0.062058 0.051163 0.046259 0.044135 0.043249 0.042893 0.042755 0.042704 0.042685 0.042679 0.042676 0.042676 0.042675 0.042675 0.042675 0.042674 0.042672 0.042668 0.042658 0.042636 0.042590 0.042497 0.042320 0.041993 0.041419 0.040460 0.038932 0.036624 0.033316 0.028833 0.023098 0.016186 0.008348 0.000000 
50.000000 41.021990 32.498568 24.815364 18.237501 12.886723 8.748960 5.705237 3.573913 2.152084 1.247651 0.698571 0.380120 0.203508 0.109750 0.062058 0.038789 0.027890 0.022984 0.020859 0.019973 0.019617 0.019479 0.019427 0.019408 0.019402 0.019399 0.019399 0.019398 0.019398 0.019398 0.019398 0.019397 0.019395 0.019390 0.019380 0.019358 0.019314 0.019231 0.019078 0.018811 0.018365 0.017660 0.016598 0.015084 0.013041 0.010437 0.007307 0.003767 0.000000 
50.000000 41.020026 32.494740 24.809856 18.230556 12.878612 8.739947 5.695563 3.563777 2.141640 1.237011 0.687813 0.369294 0.192644 0.098865 0.051163 0.027890 0.016989 0.012081 0.009956 0.009069 0.008713 0.008575 0.008524 0.008505 0.008498 0.008496 0.008495 0.008495 0.008495 0.008495 0.008495 0.008494 0.008493 0.008491 0.008486 0.008477 0.008457 0.008419 0.008351 0.008231 0.008033 0.007720 0.007250 0.006583 0.005686 0.004547 0.003181 0.001639 0.000000 
50.000000 41.019141 32.493016 24.807376 18.227429 12.874960 8.735889 5.691207 3.559213 2.136937 1.232221 0.682969 0.364420 0.187753 0.093966 0.046259 0.022984 0.012081 0.007173 0.005047 0.004161 0.003805 0.003667 0.003615 0.003596 0.003590 0.003588 0.003587 0.003587 0.003587 0.003587 0.003586 0.003586 0.003586 0.003585 0.003583 0.003579 0.003570 0.003554 0.003524 0.003473 0.003388 0.003254 0.003054 0.002771 0.002392 0.001911 0.001336 0.000688 0.000000 
50.000000 41.018758 32.492269 24.806301 18.226075 12.873378 8.734131 5.689320 3.557236 2.134901 1.230147 0.680872 0.362309 0.185635 0.091844 0.044135 0.020859 0.009956 0.005047 0.002922 0.002035 0.001679 0.001541 0.001489 0.001471 0.001464 0.001462 0.001461 0.001461 0.001461 0.001461 0.001461 0.001461 0.001461 0.001460 0.001459 0.001458 0.001454 0.001447 0.001435 0.001414 0.001379 0.001324 0.001242 0.001126 0.000971 0.000776 0.000542 0.000279 0.000000 
50.000000 41.018598 32.491957 24.805853 18.225510 12.872718 8.733398 5.688534 3.556412 2.134052 1.229282 0.679997 0.361429 0.184752 0.090959 0.043249 0.019973 0.009069 0.004161 0.002035 0.001149 0.000793 0.000655 0.000603 0.000584 0.000578 0.000576 0.000575 0.000575 0.000575 0.000575 0.000575 0.000575 0.000574 0.000574 0.000574 0.000573 0.000572 0.000569 0.000564 0.000556 0.000542 0.000520 0.000488 0.000442 0.000381 0.000304 0.000212 0.000109 0.000000 
50.000000 41.018534 32.491832 24.805673 18.225283 12.872453 8.733104 5.688217 3.556081 2.133710 1.228934 0.679646 0.361076 0.184397 0.090603 0.042894 0.019617 0.008713 0.003805 0.001679 0.000793 0.000437 0.000299 0.000247 0.000228 0.000222 0.000219 0.000219 0.000219 0.000218 0.000218 0.000218 0.000218 0.000218 0.000218 0.000218 0.000218 0.000217 0.000216 0.000214 0.000211 0.000206 0.000197 0.000185 0.000168 0.000144 0.000115 0.000080 0.000041 0.000000 
50.000000 41.018509 32.491784 24.805603 18.225195 12.872350 8.732990 5.688095 3.555953 2.133578 1.228799 0.679510 0.360939 0.184259 0.090466 0.042756 0.019479 0.008576 0.003667 0.001541 0.000655 0.000299 0.000161 0.000109 0.000090 0.000084 0.000082 0.000081 0.000081 0.000081 0.000081 0.000081 0.000081 0.000081 0.000080 0.000080 0.000080 0.000080 0.000080 0.000079 0.000078 0.000076 0.000073 0.000068 0.000062 0.000053 0.000042 0.000030 0.000015 0.000000 
50.000000 41.018500 32.491766 24.805577 18.225162 12.872312 8.732948 5.688050 3.555905 2.133529 1.228750 0.679460 0.360888 0.184208 0.090415 0.042705 0.019428 0.008525 0.003616 0.001490 0.000604 0.000248 0.000110 0.000058 0.000039 0.000033 0.000031 0.000030 0.000030 0.000030 0.000030 0.000030 0.000030 0.000030 0.000030 0.000030 0.000029 0.000029 0.000029 0.000029 0.000029 0.000028 0.000027 0.000025 0.000023 0.000019 0.000016 0.000011 0.000006 0.000000 
50.000000 41.018497 32.491760 24.805569 18.225152 12.872300 8.732934 5.688035 3.555890 2.133514 1.228733 0.679443 0.360872 0.184192 0.090398 0.042688 0.019411 0.008508 0.003600 0.001474 0.000588 0.000231 0.000093 0.000042 0.000023 0.000016 0.000014 0.000013 0.000013 0.000013 0.000013 0.000013 0.000013 0.000013 0.000013 0.000013 0.000013 0.000013 0.000013 0.000013 0.000013 0.000012 0.000012 0.000011 0.000010 0.000009 0.000007 0.000005 0.000002 0.000000 
50.000000 41.018497 32.491760 24.805569 18.225152 12.872300 8.732934 5.688035 3.555890 2.133514 1.228733 0.679443 0.360872 0.184192 0.090398 0.042688 0.019411 0.008508 0.003600 0.001474 0.000588 0.000231 0.000093 0.000042 0.000023 0.000016 0.000014 0.000013 0.000013 0.000013 0.000013 0.000013 0.000013 0.000013 0.000013 0.000013 0.000013 0.000013 0.000013 0.000013 0.000013 0.000012 0.000012 0.000011 0.000010 0.000009 0.000007 0.000005 0.000002 0.000000 
50.000000 41.018500 32.491766 24.805577 18.225162 12.872312 8.732948 5.688050 3.555905 2.133529 1.228750 0.679460 0.360888 0.184208 0.090415 0.042705 0.019428 0.008525 0.003616 0.001490 0.000604 0.000248 0.000110 0.000058 0.000039 0.000033 0.000031 0.000030 0.000030 0.000030 0.000030 0.000030 0.000030 0.000030 0.000030 0.000030 0.000029 0.000029 0.000029 0.000029 0.000029 0.000028 0.000027 0.000025 0.000023 0.000019 0.000016 0.000011 0.000006 0.000000 
50.000000 41.018509 32.491784 24.805603 18.225195 12.872350 8.732990 5.688095 3.555953 2.133578 1.228799 0.679510 0.360939 0.184259 0.090466 0.042756 0.019479 0.008576 0.003667 0.001541 0.000655 0.000299 0.000161 0.000109 0.000090 0.000084 0.000082 0.000081 0.000081 0.000081 0.000081 0.000081 0.000081 0.000081 0.000080 0.000080 0.000080 0.000080 0.000080 0.000079 0.000078 0.000076 0.000073 0.000068 0.000062 0.000053 0.000042 0.000030 0.000015 0.000000 
50.000000 41.018534 32.491832 24.805673 18.225283 12.872453 8.733104 5.688217 3.556081 2.133710 1.228934 0.679646 0.361076 0.184397 0.090603 0.042894 0.019617 0.008713 0.003805 0.001679 0.000793 0.000437 0.000299 0.000247 0.000228 0.000222 0.000219 0.000219 0.000219 0.000218 0.000218 0.000218 0.000218 0.000218 0.000218 0.000218 0.000218 0.000217 0.000216 0.000214 0.000211 0.000206 0.000197 0.000185 0.000168 0.000144 0.000115 0.000080 0.000041 0.000000 
50.000000 41.018598 32.491957 24.805853 18.225510 12.872718 8.733398 5.688534 3.556412 2.134052 1.229282 0.679997 0.361429 0.184752 0.090959 0.043249 0.019973 0.009069 0.004161 0.002035 0.001149 0.000793 0.000655 0.000603 0.000584 0.000578 0.000576 0.000575 0.000575 0.000575 0.000575 0.000575 0.000575 0.000574 0.000574 0.000574 0.000573 0.000572 0.000569 0.000564 0.000556 0.000542 0.000520 0.000488 0.000442 0.000381 0.000304 0.000212 0.000109 0.000000 
50.000000 41.018758 32.492269 24.806301 18.226075 12.873378 8.734131 5.689320 3.557236 2.134901 1.230147 0.680872 0.362309 0.185635 0.091844 0.044135 0.020859 0.009956 0.005047 0.002922 0.002035 0.001679 0.001541 0.001489 0.001471 0.001464 0.001462 0.001461 0.001461 0.001461 0.001461 0.001461 0.001461 0.001461 0.001460 0.001459 0.001458 0.001454 0.001447 0.001435 0.001414 0.001379 0.001324 0.001242 0.001126 0.000971 0.000776 0.000542 0.000279 0.000000 
50.000000 41.019141 32.493016 24.807376 18.227429 12.874960 8.735889 5.691207 3.559213 2.136937 1.232221 0.682969 0.364420 0.187753 0.093966 0.046259 0.022984 0.012081 0.007173 0.005047 0.004161 0.003805 0.003667 0.003615 0.003596 0.003590 0.003588 0.003587 0.003587 0.003587 0.003587 0.003586 0.003586 0.003586 0.003585 0.003583 0.003579 0.003570 0.003554 0.003524 0.003473 0.003388 0.003254 0.003054 0.002771 0.002392 0.001911 0.001336 0.000688 0.000000 
50.000000 41.020026 32.494740 24.809856 18.230556 12.878612 8.739947 5.695563 3.563777 2.141640 1.237011 0.687813 0.369294 0.192644 0.098865 0.051163 0.027890 0.016989 0.012081 0.009956 0.009069 0.008713 0.008575 0.008524 0.008505 0.008498 0.008496 0.008495 0.008495 0.008495 0.008495 0.008495 0.008494 0.008493 0.008491 0.008486 0.008477 0.008457 0.008419 0.008351 0.008231 0.008033 0.007720 0.007250 0.006583 0.005686 0.004547 0.003181 0.001639 0.000000 
50.000000 41.021990 32.498568 24.815364 18.237501 12.886723 8.748960 5.705237 3.573913 2.152084 1.247651 0.698571 0.380120 0.203508 0.109750 0.062058 0.038789 0.027890 0.022984 0.020859 0.019973 0.019617 0.019479 0.019427 0.019408 0.019402 0.019399 0.019399 0.019398 0.019398 0.019398 0.019398 0.019397 0.019395 0.019390 0.019380 0.019358 0.019314 0.019231 0.019078 0.018811 0.018365 0.017660 0.016598 0.015084 0.013041 0.010437 0.007307 0.003767 0.000000 
50.000000 41.026182 32.506739 24.827119 18.252322 12.904036 8.768197 5.725887 3.595552 2.174380 1.270364 0.721537 0.403233 0.226701 0.132985 0.085315 0.062058 0.051163 0.046259 0.044135 0.043249 0.042893 0.042755 0.042704 0.042685 0.042679 0.042676 0.042676 0.042675 0.042675 0.042675 0.042674 0.042672 0.042668 0.042658 0.042636 0.042590 0.042497 0.042320 0.041993 0.041419 0.040460 0.038932 0.036624 0.033316 0.028833 0.023098 0.016186 0.008348 0.000000 
50.000000 41.034771 32.523480 24.851206 18.282693 12.939515 8.807620 5.768208 3.639898 2.220076 1.316916 0.768608 0.450604 0.274239 0.180611 0.132985 0.109750 0.098865 0.093966 0.091844 0.090959 0.090603 0.090465 0.090414 0.090395 0.090388 0.090386 0.090385 0.090385 0.090385 0.090384 0.090383 0.090379 0.090370 0.090350 0.090306 0.090212 0.090025 0.089663 0.088994 0.087814 0.085830 0.082657 0.077834 0.070888 0.061428 0.049270 0.034561 0.017838 0.000000 
50.000000 41.051652 32.556384 24.898547 18.342387 13.009248 8.885110 5.851397 3.727072 2.309904 1.408431 0.861144 0.543731 0.367693 0.274239 0.226701 0.203508 0.192644 0.187753 0.185635 0.184752 0.184397 0.184259 0.184207 0.184189 0.184182 0.184180 0.184179 0.184179 0.184178 0.184177 0.184174 0.184167 0.184150 0.184111 0.184026 0.183846 0.183483 0.182777 0.181467 0.179145 0.175219 0.168898 0.159235 0.145230 0.126042 0.101248 0.071111 0.036734 0.000000 
50.000000 41.083441 32.618348 24.987701 18.454807 13.140582 9.031057 6.008082 3.891268 2.479104 1.580809 1.035449 0.719152 0.543731 0.450604 0.403233 0.380120 0.369294 0.364420 0.362309 0.361429 0.361075 0.360938 0.360887 0.360868 0.360862 0.360860 0.360859 0.360858 0.360857 0.360855 0.360850 0.360837 0.360806 0.360735 0.360579 0.360248 0.359576 0.358265 0.355817 0.351452 0.344022 0.331980 0.313433 0.286356 0.248988 0.200381 0.140962 0.072897 0.000000 
50.000000 41.140745 32.730046 25.148417 18.657471 13.377349 9.294176 6.290571 4.187307 2.784172 1.891613 1.349731 1.035449 0.861144 0.768608 0.721537 0.698571 0.687813 0.682969 0.680872 0.679997 0.679646 0.679509 0.679458 0.679440 0.679434 0.679431 0.679430 0.679430 0.679428 0.679425 0.679416 0.679393 0.679340 0.679217 0.678945 0.678367 0.677184 0.674866 0.670512 0.662691 0.649281 0.627369 0.593333 0.543206 0.473419 0.381887 0.269193 0.139405 0.000000 
50.000000 41.239525 32.922592 25.425467 19.006842 13.785521 9.747794 6.777595 4.697705 3.310150 2.427492 1.891613 1.580809 1.408431 1.316916 1.270364 1.247651 1.237011 1.232221 1.230147 1.229281 1.228934 1.228799 1.228749 1.228730 1.228724 1.228722 1.228721 1.228720 1.228717 1.228712 1.228697 1.228660 1.228573 1.228371 1.227923 1.226963 1.224992 1.221102 1.213746 1.200431 1.177401 1.139419 1.079823 0.991121 0.866301 0.700890 0.495365 0.257006 0.000000 
50.000000 41.402194 33.239680 25.881725 19.582215 14.457753 10.494893 7.579736 5.538364 4.176486 3.310150 2.784172 2.479104 2.309904 2.220076 2.174380 2.152084 2.141640 2.136937 2.134901 2.134052 2.133710 2.133578 2.133528 2.133510 2.133504 2.133502 2.133501 2.133499 2.133496 2.133487 2.133465 2.133408 2.133274 2.132961 2.132262 2.130759 2.127652 2.121481 2.109719 2.088243 2.050735 1.988197 1.888901 1.739214 1.525775 1.239215 0.878914 0.457145 0.000000 
50.000000 41.657866 33.738061 26.598858 20.486591 15.514399 11.669249 8.840644 6.859850 5.538364 4.697705 4.187307 3.891268 3.727072 3.639898 3.595552 3.573913 3.563777 3.559213 3.557236 3.556412 3.556081 3.555952 3.555904 3.555887 3.555881 3.555878 3.555877 3.555875 3.555870 3.555858 3.555825 3.555744 3.555548 3.555092 3.554068 3.551854 3.547246 3.538026 3.520304 3.487629 3.429925 3.332501 3.175627 2.935474 2.587373 2.112158 1.505223 0.785661 0.000000 
50.000000 42.041044 34.484997 27.673660 21.842049 17.098113 13.429431 10.730597 8.840644 7.579736 6.777595 6.290571 6.008082 5.851397 5.768208 5.725887 5.705237 5.695563 5.691207 5.689320 5.688534 5.688217 5.688095 5.688049 5.688032 5.688026 5.688024 5.688023 5.688020 5.688014 5.687997 5.687953 5.687843 5.687577 5.686955 5.685551 5.682499 5.676102 5.663202 5.638177 5.591539 5.508143 5.365298 5.131459 4.766749 4.227166 3.474490 2.492713 1.307782 0.000000 
50.000000 42.588161 35.551511 29.208343 23.777509 19.359546 15.942901 13.429431 11.669249 10.494893 9.747794 9.294176 9.031057 8.885110 8.807620 8.768197 8.748960 8.739947 8.735889 8.734131 8.733398 8.733104 8.732989 8.732947 8.732931 8.732926 8.732923 8.732922 8.732919 8.732911 8.732890 8.732835 8.732697 8.732361 8.731573 8.729786 8.725875 8.717624 8.700843 8.667971 8.605992 8.493622 8.297971 7.971450 7.450617 6.660054 5.525802 4.002937 2.116694 0.000000 
50.000000 43.331821 37.001168 31.294380 26.408350 22.433532 19.359546 17.098113 15.514399 14.457753 13.785521 13.377349 13.140582 13.009248 12.939515 12.904036 12.886723 12.878612 12.874960 12.873378 12.872718 12.872453 12.872350 12.872311 12.872297 12.872292 12.872290 12.872288 12.872285 12.872276 12.872252 12.872188 12.872029 12.871639 12.870720 12.868626 12.864018 12.854226 12.834143 12.794400 12.718539 12.578925 12.331364 11.908930 11.216766 10.132010 8.517084 6.259680 3.352601 0.000000 
50.000000 44.293367 38.875572 33.991653 29.810107 26.408350 23.777509 21.842049 20.486591 19.582215 19.006842 18.657471 18.454807 18.342387 18.282693 18.252322 18.237501 18.230556 18.227429 18.226075 18.225510 18.225283 18.225195 18.225162 18.225150 18.225145 18.225143 18.225142 18.225138 18.225129 18.225104 18.225037 18.224870 18.224460 18.223488 18.221265 18.216345 18.205818 18.184052 18.140541 18.056440 17.899218 17.614883 17.117455 16.276340 14.905053 12.762079 9.590848 5.251915 0.000000 
50.000000 45.475301 41.179604 37.307190 33.991653 31.294380 29.208343 27.673660 26.598858 25.881725 25.425467 25.148417 24.987701 24.898547 24.851206 24.827119 24.815364 24.809856 24.807376 24.806301 24.805853 24.805673 24.805603 24.805577 24.805567 24.805564 24.805562 24.805561 24.805558 24.805549 24.805526 24.805464 24.805309 24.804927 24.804020 24.801935 24.797299 24.787320 24.766530 24.724577 24.642509 24.486700 24.199171 23.682540 22.777296 21.229574 18.653595 14.519344 8.284598 0.000000 
50.000000 46.855737 43.870605 41.179604 38.875572 37.001168 35.551511 34.484997 33.738061 33.239680 32.922592 32.730046 32.618348 32.556384 32.523480 32.506739 32.498568 32.494740 32.493016 32.492269 32.491957 32.491832 32.491784 32.491765 32.491759 32.491756 32.491755 32.491754 32.491752 32.491745 32.491727 32.491679 32.491558 32.491261 32.490553 32.488920 32.485273 32.477386 32.460853 32.427227 32.360766 32.232838 31.992283 31.548574 30.741487 29.284725 26.660261 21.935302 13.565637 0.000000 
50.000000 48.387054 46.855737 45.475301 44.293367 43.331821 42.588161 42.041044 41.657866 41.402194 41.239525 41.140745 41.083441 41.051652 41.034771 41.026182 41.021990 41.020026 41.019141 41.018758 41.018598 41.018534 41.018509 41.018500 41.018496 41.018495 41.018495 41.018494 41.018493 41.018489 41.018479 41.018453 41.018387 41.018223 41.017834 41.016933 41.014918 41.010545 41.001340 40.982519 40.945050 40.872205 40.733262 40.471467 39.979220 39.041453 37.190703 33.290101 24.193527 0.000000 
50.000000 50.000000 50.000000 50.000000 50.000000 50.000000 50.000000 50.000000 50.000000 50.000000 50.000000 50.000000 50.000000 50.000000 50.000000 50.000000 50.000000 50.000000 50.000000 50.000000 50.000000 50.000000 50.000000 50.000000 50.000000 50.000000 50.000000 50.000000 50.000000 50.000000 50.000000 50.000000 50.000000 50.000000 50.000000 50.000000 50.000000 50.000000 50.000000 50.000000 50.000000 50.000000 50.000000 50.000000 50.000000 50.000000 50.000000 50.000000 50.000000 50.000000 
