50.000000 50.000000 50.000000 50.000000 50.000000 50.000000 50.000000 50.000000 50.000000 50.000000 50.000000 50.000000 50.000000 50.000000 50.000000 50.000000 50.000000 50.000000 50.000000 50.000000 50.000000 50.000000 50.000000 50.000000 50.000000 50.000000 50.000000 50.000000 50.000000 50.000000 50.000000 50.000000 50.000000 50.000000 50.000000 50.000000 50.000000 50.000000 50.000000 50.000000 50.000000 50.000000 50.000000 50.000000 50.000000 50.000000 50.000000 50.000000 50.000000 50.000000 
50.000000 46.147298 42.759032 40.132497 38.330421 37.230191 36.628816 36.332688 36.200508 36.146710 36.126635 36.119731 36.117533 36.116882 36.116703 36.116656 36.116645 36.116642 36.116641 36.116641 36.116641 36.116641 36.116641 36.116641 36.116641 36.116641 36.116641 36.116641 36.116641 36.116641 36.116641 36.116641 36.116641 36.116641 36.116641 36.116638 36.116626 36.116579 36.116395 36.115728 36.113440 36.106048 36.083535 36.018737 35.841570 35.376915 34.188415 31.146147 23.073649 0.000000 
50.000000 42.759032 36.391081 31.454929 28.068410 26.000970 24.871026 24.314673 24.066364 23.965313 23.927609 23.914645 23.910518 23.909296 23.908959 23.908871 23.908850 23.908845 23.908844 23.908844 23.908844 23.908844 23.908844 23.908844 23.908844 23.908844 23.908844 23.908844 23.908844 23.908844 23.908844 23.908844 23.908844 23.908844 23.908843 23.908838 23.908820 23.908745 23.908457 23.907416 23.903876 23.892565 23.858651 23.763237 23.511216 22.885242 21.420535 18.195540 11.612885 0.000000 
50.000000 40.132497 31.454929 24.728840 20.114679 17.298061 15.758842 15.001077 14.662925 14.525333 14.474003 14.456357 14.450741 14.449079 14.448620 14.448501 14.448472 14.448465 14.448464 14.448464 14.448463 14.448463 14.448463 14.448463 14.448463 14.448463 14.448463 14.448463 14.448463 14.448463 14.448463 14.448463 14.448463 14.448463 14.448462 14.448458 14.448439 14.448362 14.448070 14.447023 14.443499 14.432390 14.399684 14.309952 14.081126 13.540582 12.364420 10.034394 5.944081 0.000000 
50.000000 38.330421 28.068410 20.114679 14.658816 11.328763 9.509200 8.613550 8.213931 8.051357 7.990719 7.969876 7.963244 7.961281 7.960739 7.960599 7.960565 7.960557 7.960556 7.960555 7.960555 7.960555 7.960555 7.960555 7.960555 7.960555 7.960555 7.960555 7.960555 7.960555 7.960555 7.960555 7.960555 7.960555 7.960554 7.960551 7.960536 7.960475 7.960245 7.959429 7.956710 7.948258 7.923814 7.858304 7.696365 7.329408 6.574097 5.183168 2.953506 0.000000 
50.000000 37.230191 26.000970 17.298061 11.328763 7.685689 5.695320 4.715723 4.278711 4.100952 4.034660 4.011879 4.004631 4.002486 4.001894 4.001741 4.001704 4.001695 4.001694 4.001693 4.001693 4.001693 4.001693 4.001693 4.001693 4.001693 4.001693 4.001693 4.001693 4.001693 4.001693 4.001693 4.001693 4.001693 4.001692 4.001690 4.001680 4.001640 4.001491 4.000964 3.999226 3.993891 3.978710 3.938848 3.842845 3.632399 3.216935 2.489754 1.388621 0.000000 
50.000000 36.628816 24.871026 15.758842 9.509200 5.695320 3.611818 2.586488 2.129124 1.943108 1.873746 1.849913 1.842331 1.840088 1.839469 1.839309 1.839270 1.839261 1.839259 1.839259 1.839259 1.839259 1.839259 1.839259 1.839259 1.839259 1.839259 1.839259 1.839259 1.839259 1.839259 1.839259 1.839259 1.839258 1.839258 1.839257 1.839251 1.839229 1.839146 1.838854 1.837900 1.835004 1.826879 1.805909 1.756473 1.650895 1.448889 1.107788 0.610079 0.000000 
50.000000 36.332688 24.314673 15.001077 8.613550 4.715723 2.586488 1.538721 1.071383 0.881326 0.810463 0.786116 0.778371 0.776080 0.775448 0.775284 0.775245 0.775236 0.775234 0.775233 0.775233 0.775233 0.775233 0.775233 0.775233 0.775233 0.775233 0.775233 0.775233 0.775233 0.775233 0.775233 0.775233 0.775233 0.775233 0.775232 0.775229 0.775218 0.775178 0.775036 0.774576 0.773194 0.769361 0.759609 0.737013 0.689736 0.601392 0.456022 0.249154 0.000000 
50.000000 36.200508 24.066364 14.662925 8.213931 4.278711 2.129124 1.071383 0.599617 0.407767 0.336239 0.311665 0.303848 0.301536 0.300898 0.300733 0.300693 0.300684 0.300682 0.300681 0.300681 0.300681 0.300681 0.300681 0.300681 0.300681 0.300681 0.300681 0.300681 0.300681 0.300681 0.300681 0.300681 0.300681 0.300681 0.300681 0.300680 0.300675 0.300657 0.300596 0.300398 0.299808 0.298189 0.294120 0.284820 0.265673 0.230535 0.173799 0.094460 0.000000 
50.000000 36.146710 23.965313 14.525333 8.051357 4.100952 1.943108 0.881326 0.407767 0.215193 0.143397 0.118731 0.110885 0.108565 0.107924 0.107759 0.107719 0.107709 0.107707 0.107707 0.107707 0.107707 0.107707 0.107707 0.107707 0.107707 0.107707 0.107707 0.107707 0.107707 0.107707 0.107707 0.107707 0.107707 0.107707 0.107707 0.107706 0.107704 0.107697 0.107673 0.107597 0.107369 0.106750 0.105209 0.101726 0.094647 0.081834 0.061438 0.033271 0.000000 
50.000000 36.126635 23.927609 14.474003 7.990719 4.034660 1.873746 0.810463 0.336239 0.143397 0.071501 0.046801 0.038945 0.036622 0.035980 0.035815 0.035774 0.035765 0.035763 0.035763 0.035763 0.035763 0.035763 0.035763 0.035763 0.035763 0.035763 0.035763 0.035763 0.035763 0.035763 0.035763 0.035763 0.035763 0.035763 0.035763 0.035762 0.035762 0.035759 0.035751 0.035723 0.035643 0.035427 0.034893 0.033697 0.031290 0.026980 0.020193 0.010907 0.000000 
50.000000 36.119731 23.914645 14.456357 7.969876 4.011879 1.849913 0.786116 0.311665 0.118731 0.046801 0.022090 0.014230 0.011906 0.011264 0.011098 0.011058 0.011049 0.011047 0.011046 0.011046 0.011046 0.011046 0.011046 0.011046 0.011046 0.011046 0.011046 0.011046 0.011046 0.011046 0.011046 0.011046 0.011046 0.011046 0.011046 0.011046 0.011046 0.011045 0.011042 0.011033 0.011007 0.010938 0.010767 0.010388 0.009631 0.008287 0.006188 0.003336 0.000000 
50.000000 36.117533 23.910518 14.450741 7.963244 4.004631 1.842331 0.778371 0.303848 0.110885 0.038945 0.014230 0.006369 0.004044 0.003403 0.003237 0.003196 0.003187 0.003185 0.003185 0.003185 0.003185 0.003185 0.003185 0.003185 0.003185 0.003185 0.003185 0.003185 0.003185 0.003185 0.003185 0.003185 0.003185 0.003185 0.003185 0.003185 0.003185 0.003184 0.003183 0.003181 0.003173 0.003152 0.003102 0.002990 0.002769 0.002379 0.001773 0.000954 0.000000 
50.000000 36.116882 23.909296 14.449079 7.961281 4.002486 1.840088 0.776080 0.301536 0.108565 0.036622 0.011906 0.004044 0.001720 0.001078 0.000912 0.000872 0.000862 0.000860 0.000860 0.000860 0.000860 0.000860 0.000860 0.000860 0.000860 0.000860 0.000860 0.000860 0.000860 0.000860 0.000860 0.000860 0.000860 0.000860 0.000860 0.000860 0.000860 0.000860 0.000859 0.000859 0.000857 0.000851 0.000837 0.000806 0.000746 0.000640 0.000476 0.000256 0.000000 
50.000000 36.116703 23.908959 14.448620 7.960739 4.001894 1.839469 0.775448 0.300898 0.107924 0.035980 0.011264 0.003403 0.001078 0.000436 0.000270 0.000230 0.000221 0.000219 0.000218 0.000218 0.000218 0.000218 0.000218 0.000218 0.000218 0.000218 0.000218 0.000218 0.000218 0.000218 0.000218 0.000218 0.000218 0.000218 0.000218 0.000218 0.000218 0.000218 0.000218 0.000218 0.000217 0.000216 0.000212 0.000204 0.000189 0.000162 0.000120 0.000065 0.000000 
50.000000 36.116656 23.908871 14.448501 7.960599 4.001741 1.839309 0.775284 0.300733 0.107759 0.035815 0.011098 0.003237 0.000912 0.000270 0.000104 0.000064 0.000055 0.000053 0.000052 0.000052 0.000052 0.000052 0.000052 0.000052 0.000052 0.000052 0.000052 0.000052 0.000052 0.000052 0.000052 0.000052 0.000052 0.000052 0.000052 0.000052 0.000052 0.000052 0.000052 0.000052 0.000052 0.000052 0.000051 0.000049 0.000045 0.000039 0.000029 0.000015 0.000000 
50.000000 36.116645 23.908850 14.448472 7.960565 4.001704 1.839270 0.775245 0.300693 0.107719 0.035774 0.011058 0.003196 0.000872 0.000230 0.000064 0.000023 0.000014 0.000012 0.000012 0.000012 0.000012 0.000012 0.000012 0.000012 0.000012 0.000012 0.000012 0.000012 0.000012 0.000012 0.000012 0.000012 0.000012 0.000012 0.000012 0.000012 0.000012 0.000012 0.000012 0.000012 0.000012 0.000012 0.000011 0.000011 0.000010 0.000009 0.000006 0.000003 0.000000 
50.000000 36.116642 23.908845 14.448465 7.960557 4.001695 1.839261 0.775236 0.300684 0.107709 0.035765 0.011049 0.003187 0.000862 0.000221 0.000055 0.000014 0.000005 0.000003 0.000003 0.000003 0.000003 0.000003 0.000003 0.000003 0.000003 0.000003 0.000003 0.000003 0.000003 0.000003 0.000003 0.000003 0.000003 0.000003 0.000003 0.000003 0.000003 0.000003 0.000003 0.000003 0.000002 0.000002 0.000002 0.000002 0.000002 0.000002 0.000001 0.000001 0.000000 
50.000000 36.116641 23.908844 14.448464 7.960556 4.001694 1.839259 0.775234 0.300682 0.107707 0.035763 0.011047 0.003185 0.000860 0.000219 0.000053 0.000012 0.000003 0.000001 0.000001 0.000001 0.000001 0.000001 0.000001 0.000001 0.000001 0.000001 0.000001 0.000001 0.000001 0.000001 0.000001 0.000001 0.000001 0.000001 0.000001 0.000001 0.000001 0.000001 0.000001 0.000001 0.000001 0.000001 0.000000 0.000000 0.000000 0.000000 0.000000 0.000000 0.000000 
50.000000 36.116641 23.908844 14.448464 7.960555 4.001693 1.839259 0.775233 0.300681 0.107707 0.035763 0.011046 0.003185 0.000860 0.000218 0.000052 0.000012 0.000003 0.000001 0.000000 0.000000 0.000000 0.000000 0.000000 0.000000 0.000000 0.000000 0.000000 0.000000 0.000000 0.000000 0.000000 0.000000 0.000000 0.000000 0.000000 0.000000 0.000000 0.000000 0.000000 0.000000 0.000000 0.000000 0.000000 0.000000 0.000000 0.000000 0.000000 0.000000 0.000000 
50.000000 36.116641 23.908844 14.448463 7.960555 4.001693 1.839259 0.775233 0.300681 0.107707 0.035763 0.011046 0.003185 0.000860 0.000218 0.000052 0.000012 0.000003 0.000001 0.000000 0.000000 0.000000 0.000000 0.000000 0.000000 0.000000 0.000000 0.000000 0.000000 0.000000 0.000000 0.000000 0.000000 0.000000 0.000000 0.000000 0.000000 0.000000 0.000000 0.000000 0.000000 0.000000 0.000000 0.000000 0.000000 0.000000 0.000000 0.000000 0.000000 0.000000 
50.000000 36.116641 23.908844 14.448463 7.960555 4.001693 1.839259 0.775233 0.300681 0.107707 0.035763 0.011046 0.003185 0.000860 0.000218 0.000052 0.000012 0.000003 0.000001 0.000000 0.000000 0.000000 0.000000 0.000000 0.000000 0.000000 0.000000 0.000000 0.000000 0.000000 0.000000 0.000000 0.000000 0.000000 0.000000 0.000000 0.000000 0.000000 0.000000 0.000000 0.000000 0.000000 0.000000 0.000000 0.000000 0.000000 0.000000 0.000000 0.000000 0.000000 
50.000000 36.116641 23.908844 14.448463 7.960555 4.001693 1.839259 0.775233 0.300681 0.107707 0.035763 0.011046 0.003185 0.000860 0.000218 0.000052 0.000012 0.000003 0.000001 0.000000 0.000000 0.000000 0.000000 0.000000 0.000000 0.000000 0.000000 0.000000 0.000000 0.000000 0.000000 0.000000 0.000000 0.000000 0.000000 0.000000 0.000000 0.000000 0.000000 0.000000 0.000000 0.000000 0.000000 0.000000 0.000000 0.000000 0.000000 0.000000 0.000000 0.000000 
50.000000 36.116641 23.908844 14.448463 7.960555 4.001693 1.839259 0.775233 0.300681 0.107707 0.035763 0.011046 0.003185 0.000860 0.000218 0.000052 0.000012 0.000003 0.000001 0.000000 0.000000 0.000000 0.000000 0.000000 0.000000 0.000000 0.000000 0.000000 0.000000 0.000000 0.000000 0.000000 0.000000 0.000000 0.000000 0.000000 0.000000 0.000000 0.000000 0.000000 0.000000 0.000000 0.000000 0.000000 0.000000 0.000000 0.000000 0.000000 0.000000 0.000000 
50.000000 36.116641 23.908844 14.448463 7.960555 4.001693 1.839259 0.775233 0.300681 0.107707 0.035763 0.011046 0.003185 0.000860 0.000218 0.000052 0.000012 0.000003 0.000001 0.000000 0.000000 0.000000 0.000000 0.000000 0.000000 0.000000 0.000000 0.000000 0.000000 0.000000 0.000000 0.000000 0.000000 0.000000 0.000000 0.000000 0.000000 0.000000 0.000000 0.000000 0.000000 0.000000 0.000000 0.000000 0.000000 0.000000 0.000000 0.000000 0.000000 0.000000 
50.000000 36.116641 23.908844 14.448463 7.960555 4.001693 1.839259 0.775233 0.300681 0.107707 0.035763 0.011046 0.003185 0.000860 0.000218 0.000052 0.000012 0.000003 0.000001 0.000000 0.000000 0.000000 0.000000 0.000000 0.000000 0.000000 0.000000 0.000000 0.000000 0.000000 0.000000 0.000000 0.000000 0.000000 0.000000 0.000000 0.000000 0.000000 0.000000 0.000000 0.000000 0.000000 0.000000 0.000000 0.000000 0.000000 0.000000 0.000000 0.000000 0.000000 
50.000000 36.116641 23.908844 14.448463 7.960555 4.001693 1.839259 0.775233 0.300681 0.107707 0.035763 0.011046 0.003185 0.000860 0.000218 0.000052 0.000012 0.000003 0.000001 0.000000 0.000000 0.000000 0.000000 0.000000 0.000000 0.000000 0.000000 0.000000 0.000000 0.000000 0.000000 0.000000 0.000000 0.000000 0.000000 0.000000 0.000000 0.000000 0.000000 0.000000 0.000000 0.000000 0.000000 0.000000 0.000000 0.000000 0.000000 0.000000 0.000000 0.000000 
50.000000 36.116641 23.908844 14.448463 7.960555 4.001693 1.839259 0.775233 0.300681 0.107707 0.035763 0.011046 0.003185 0.000860 0.000218 0.000052 0.000012 0.000003 0.000001 0.000000 0.000000 0.000000 0.000000 0.000000 0.000000 0.000000 0.000000 0.000000 0.000000 0.000000 0.000000 0.000000 0.000000 0.000000 0.000000 0.000000 0.000000 0.000000 0.000000 0.000000 0.000000 0.000000 0.000000 0.000000 0.000000 0.000000 0.000000 0.000000 0.000000 0.000000 
50.000000 36.116641 23.908844 14.448463 7.960555 4.001693 1.839259 0.775233 0.300681 0.107707 0.035763 0.011046 0.003185 0.000860 0.000218 0.000052 0.000012 0.000003 0.000001 0.000000 0.000000 0.000000 0.000000 0.000000 0.000000 0.000000 0.000000 0.000000 0.000000 0.000000 0.000000 0.000000 0.000000 0.000000 0.000000 0.000000 0.000000 0.000000 0.000000 0.000000 0.000000 0.000000 0.000000 0.000000 0.000000 0.000000 0.000000 0.000000 0.000000 0.000000 
50.000000 36.116641 23.908844 14.448463 7.960555 4.001693 1.839259 0.775233 0.300681 0.107707 0.035763 0.011046 0.003185 0.000860 0.000218 0.000052 0.000012 0.000003 0.000001 0.000000 0.000000 0.000000 0.000000 0.000000 0.000000 0.000000 0.000000 0.000000 0.000000 0.000000 0.000000 0.000000 0.000000 0.000000 0.000000 0.000000 0.000000 0.000000 0.000000 0.000000 0.000000 0.000000 0.000000 0.000000 0.000000 0.000000 0.000000 0.000000 0.000000 0.000000 
50.000000 36.116641 23.908844 14.448464 7.960555 4.001693 1.839259 0.775233 0.300681 0.107707 0.035763 0.011046 0.003185 0.000860 0.000218 0.000052 0.000012 0.000003 0.000001 0.000000 0.000000 0.000000 0.000000 0.000000 0.000000 0.000000 0.000000 0.000000 0.000000 0.000000 0.000000 0.000000 0.000000 0.000000 0.000000 0.000000 0.000000 0.000000 0.000000 0.000000 0.000000 0.000000 0.000000 0.000000 0.000000 0.000000 0.000000 0.000000 0.000000 0.000000 
50.000000 36.116641 23.908844 14.448464 7.960556 4.001694 1.839259 0.775234 0.300682 0.107707 0.035763 0.011047 0.003185 0.000860 0.000219 0.000053 0.000012 0.000003 0.000001 0.000001 0.000001 0.000001 0.000001 0.000001 0.000001 0.000001 0.000001 0.000001 0.000001 0.000001 0.000001 0.000001 0.000001 0.000001 0.000001 0.000001 0.000001 0.000001 0.000001 0.000001 0.000001 0.000001 0.000001 0.000000 0.000000 0.000000 0.000000 0.000000 0.000000 0.000000 
50.000000 36.116642 23.908845 14.448465 7.960557 4.001695 1.839261 0.775236 0.300684 0.107709 0.035765 0.011049 0.003187 0.000862 0.000221 0.000055 0.000014 0.000005 0.000003 0.000003 0.000003 0.000003 0.000003 0.000003 0.000003 0.000003 0.000003 0.000003 0.000003 0.000003 0.000003 0.000003 0.000003 0.000003 0.000003 0.000003 0.000003 0.000003 0.000003 0.000003 0.000003 0.000002 0.000002 0.000002 0.000002 0.000002 0.000002 0.000001 0.000001 0.000000 
50.000000 36.116645 23.908850 14.448472 7.960565 4.001704 1.839270 0.775245 0.300693 0.107719 0.035774 0.011058 0.003196 0.000872 0.000230 0.000064 0.000023 0.000014 0.000012 0.000012 0.000012 0.000012 0.000012 0.000012 0.000012 0.000012 0.000012 0.000012 0.000012 0.000012 0.000012 0.000012 0.000012 0.000012 0.000012 0.000012 0.000012 0.000012 0.000012 0.000012 0.000012 0.000012 0.000012 0.000011 0.000011 0.000010 0.000009 0.000006 0.000003 0.000000 
50.000000 36.116656 23.908871 14.448501 7.960599 4.001741 1.839309 0.775284 0.300733 0.107759 0.035815 0.011098 0.003237 0.000912 0.000270 0.000104 0.000064 0.000055 0.000053 0.000052 0.000052 0.000052 0.000052 0.000052 0.000052 0.000052 0.000052 0.000052 0.000052 0.000052 0.000052 0.000052 0.000052 0.000052 0.000052 0.000052 0.000052 0.000052 0.000052 0.000052 0.000052 0.000052 0.000052 0.000051 0.000049 0.000045 0.000039 0.000029 0.000015 0.000000 
50.000000 36.116703 23.908959 14.448620 7.960739 4.001894 1.839469 0.775448 0.300898 0.107924 0.035980 0.011264 0.003403 0.001078 0.000436 0.000270 0.000230 0.000221 0.000219 0.000218 0.000218 0.000218 0.000218 0.000218 0.000218 0.000218 0.000218 0.000218 0.000218 0.000218 0.000218 0.000218 0.000218 0.000218 0.000218 0.000218 0.000218 0.000218 0.000218 0.000218 0.000218 0.000217 0.000216 0.000212 0.000204 0.000189 0.000162 0.000120 0.000065 0.000000 
50.000000 36.116882 23.909296 14.449079 7.961281 4.002486 1.840088 0.776080 0.301536 0.108565 0.036622 0.011906 0.004044 0.001720 0.001078 0.000912 0.000872 0.000862 0.000860 0.000860 0.000860 0.000860 0.000860 0.000860 0.000860 0.000860 0.000860 0.000860 0.000860 0.000860 0.000860 0.000860 0.000860 0.000860 0.000860 0.000860 0.000860 0.000860 0.000860 0.000859 0.000859 0.000857 0.000851 0.000837 0.000806 0.000746 0.000640 0.000476 0.000256 0.000000 
50.000000 36.117533 23.910518 14.450741 7.963244 4.004631 1.842331 0.778371 0.303848 0.110885 0.038945 0.014230 0.006369 0.004044 0.003403 0.003237 0.003196 0.003187 0.003185 0.003185 0.003185 0.003185 0.003185 0.003185 0.003185 0.003185 0.003185 0.003185 0.003185 0.003185 0.003185 0.003185 0.003185 0.003185 0.003185 0.003185 0.003185 0.003185 0.003184 0.003183 0.003181 0.003173 0.003152 0.003102 0.002990 0.002769 0.002379 0.001773 0.000954 0.000000 
50.000000 36.119731 23.914645 14.456357 7.969876 4.011879 1.849913 0.786116 0.311665 0.118731 0.046801 0.022090 0.014230 0.011906 0.011264 0.011098 0.011058 0.011049 0.011047 0.011046 0.011046 0.011046 0.011046 0.011046 0.011046 0.011046 0.011046 0.011046 0.011046 0.011046 0.011046 0.011046 0.011046 0.011046 0.011046 0.011046 0.011046 0.011046 0.011045 0.011042 0.011033 0.011007 0.010938 0.010767 0.010388 0.009631 0.008287 0.006188 0.003336 0.000000 
50.000000 36.126635 23.927609 14.474003 7.990719 4.034660 1.873746 0.810463 0.336239 0.143397 0.071501 0.046801 0.038945 0.036622 0.035980 0.035815 0.035774 0.035765 0.035763 0.035763 0.035763 0.035763 0.035763 0.035763 0.035763 0.035763 0.035763 0.035763 0.035763 0.035763 0.035763 0.035763 0.035763 0.035763 0.035763 0.035763 0.035762 0.035762 0.035759 0.035751 0.035723 0.035643 0.035427 0.034893 0.033697 0.031290 0.026980 0.020193 0.010907 0.000000 
50.000000 36.146710 23.965313 14.525333 8.051357 4.100952 1.943108 0.881326 0.407767 0.215193 0.143397 0.118731 0.110885 0.108565 0.107924 0.107759 0.107719 0.107709 0.107707 0.107707 0.107707 0.107707 0.107707 0.107707 0.107707 0.107707 0.107707 0.107707 0.107707 0.107707 0.107707 0.107707 0.107707 0.107707 0.107707 0.107707 0.107706 0.107704 0.107697 0.107673 0.107597 0.107369 0.106750 0.105209 0.101726 0.094647 0.081834 0.061438 0.033271 0.000000 
50.000000 36.200508 24.066364 14.662925 8.213931 4.278711 2.129124 1.071383 0.599617 0.407767 0.336239 0.311665 0.303848 0.301536 0.300898 0.300733 0.300693 0.300684 0.300682 0.300681 0.300681 0.300681 0.300681 0.300681 0.300681 0.300681 0.300681 0.300681 0.300681 0.300681 0.300681 0.300681 0.300681 0.300681 0.300681 0.300681 0.300680 0.300675 0.300657 0.300596 0.300398 0.299808 0.298189 0.294120 0.284820 0.265673 0.230535 0.173799 0.094460 0.000000 
50.000000 36.332688 24.314673 15.001077 8.613550 4.715723 2.586488 1.538721 1.071383 0.881326 0.810463 0.786116 0.778371 0.776080 0.775448 0.775284 0.775245 0.775236 0.775234 0.775233 0.775233 0.775233 0.775233 0.775233 0.775233 0.775233 0.775233 0.775233 0.775233 0.775233 0.775233 0.775233 0.775233 0.775233 0.775233 0.775232 0.775229 0.775218 0.775178 0.775036 0.774576 0.773194 0.769361 0.759609 0.737013 0.689736 0.601392 0.456022 0.249154 0.000000 
50.000000 36.628816 24.871026 15.758842 9.509200 5.695320 3.611818 2.586488 2.129124 1.943108 1.873746 1.849913 1.842331 1.840088 1.839469 1.839309 1.839270 1.839261 1.839259 1.839259 1.839259 1.839259 1.839259 1.839259 1.839259 1.839259 1.839259 1.839259 1.839259 1.839259 1.839259 1.839259 1.839259 1.839258 1.839258 1.839257 1.839251 1.839229 1.839146 1.838854 1.837900 1.835004 1.826879 1.805909 1.756473 1.650895 1.448889 1.107788 0.610079 0.000000 
50.000000 37.230191 26.000970 17.298061 11.328763 7.685689 5.695320 4.715723 4.278711 4.100952 4.034660 4.011879 4.004631 4.002486 4.001894 4.001741 4.001704 4.001695 4.001694 4.001693 4.001693 4.001693 4.001693 4.001693 4.001693 4.001693 4.001693 4.001693 4.001693 4.001693 4.001693 4.001693 4.001693 4.001693 4.001692 4.001690 4.001680 4.001640 4.001491 4.000964 3.999226 3.993891 3.978710 3.938848 3.842845 3.632399 3.216935 2.489754 1.388621 0.000000 
50.000000 38.330421 28.068410 20.114679 14.658816 11.328763 9.509200 8.613550 8.213931 8.051357 7.990719 7.969876 7.963244 7.961281 7.960739 7.960599 7.960565 7.960557 7.960556 7.960555 7.960555 7.960555 7.960555 7.960555 7.960555 7.960555 7.960555 7.960555 7.960555 7.960555 7.960555 7.960555 7.960555 7.960555 7.960554 7.960551 7.960536 7.960475 7.960245 7.959429 7.956710 7.948258 7.923814 7.858304 7.696365 7.329408 6.574097 5.183168 2.953506 0.000000 
50.000000 40.132497 31.454929 24.728840 20.114679 17.298061 15.758842 15.001077 14.662925 14.525333 14.474003 14.456357 14.450741 14.449079 14.448620 14.448501 14.448472 14.448465 14.448464 14.448464 14.448463 14.448463 14.448463 14.448463 14.448463 14.448463 14.448463 14.448463 14.448463 14.448463 14.448463 14.448463 14.448463 14.448463 14.448462 14.448458 14.448439 14.448362 14.448070 14.447023 14.443499 14.432390 14.399684 14.309952 14.081126 13.540582 12.364420 10.034394 5.944081 0.000000 
50.000000 42.759032 36.391081 31.454929 28.068410 26.000970 24.871026 24.314673 24.066364 23.965313 23.927609 23.914645 23.910518 23.909296 23.908959 23.908871 23.908850 23.908845 23.908844 23.908844 23.908844 23.908844 23.908844 23.908844 23.908844 23.908844 23.908844 23.908844 23.908844 23.908844 23.908844 23.908844 23.908844 23.908844 23.908843 23.908838 23.908820 23.908745 23.908457 23.907416 23.903876 23.892565 23.858651 23.763237 23.511216 22.885242 21.420535 18.195540 11.612885 0.000000 
50.000000 46.147298 42.759032 40.132497 38.330421 37.230191 36.628816 36.332688 36.200508 36.146710 36.126635 36.119731 36.117533 36.116882 36.116703 36.116656 36.116645 36.116642 36.116641 36.116641 36.116641 36.116641 36.116641 36.116641 36.116641 36.116641 36.116641 36.116641 36.116641 36.116641 36.116641 36.116641 36.116641 36.116641 36.116641 36.116638 36.116626 36.116579 36.116395 36.115728 36.113440 36.106048 36.083535 36.018737 35.841570 35.376915 34.188415 31.146147 23.073649 0.000000 
50.000000 50.000000 50.000000 50.000000 50.000000 50.000000 50.000000 50.000000 50.000000 50.000000 50.000000 50.000000 50.000000 50.000000 50.000000 50.000000 50.000000 50.000000 50.000000 50.000000 50.000000 50.000000 50.000000 50.000000 50.000000 50.000000 50.000000 50.000000 50.000000 50.000000 50.000000 50.000000 50.000000 50.000000 50.000000 50.000000 50.000000 50.000000 50.000000 50.000000 50.000000 50.000000 50.000000 50.000000 50.000000 50.000000 50.000000 50.000000 50.000000 50.000000 
