50.000000 50.000000 50.000000 50.000000 50.000000 50.000000 50.000000 50.000000 50.000000 50.000000 50.000000 50.000000 50.000000 50.000000 50.000000 50.000000 50.000000 50.000000 50.000000 50.000000 50.000000 50.000000 50.000000 50.000000 50.000000 50.000000 50.000000 50.000000 50.000000 50.000000 50.000000 50.000000 50.000000 50.000000 50.000000 50.000000 50.000000 50.000000 50.000000 50.000000 50.000000 50.000000 50.000000 50.000000 50.000000 50.000000 50.000000 50.000000 50.000000 50.000000 
50.000000 42.040395 36.041958 32.549348 30.927548 30.309076 30.110547 30.055812 30.042637 30.039831 30.039296 30.039204 30.039189 30.039187 30.039187 30.039187 30.039187 30.039187 30.039187 30.039187 30.039187 30.039187 30.039187 30.039187 30.039187 30.039187 30.039187 30.039187 30.039187 30.039187 30.039187 30.039187 30.039187 30.039187 30.039187 30.039187 30.039187 30.039187 30.039186 30.039180 30.039141 30.038898 30.037532 30.030522 29.997802 29.859070 29.323113 27.416169 21.020198 0.000000 
50.000000 36.041958 25.525105 19.403738 16.562537 15.479604 15.132178 15.036450 15.013423 15.008521 15.007587 15.007427 15.007401 15.007398 15.007397 15.007397 15.007397 15.007397 15.007397 15.007397 15.007397 15.007397 15.007397 15.007397 15.007397 15.007397 15.007397 15.007397 15.007397 15.007397 15.007397 15.007397 15.007397 15.007397 15.007397 15.007397 15.007397 15.007397 15.007396 15.007389 15.007344 15.007067 15.005534 14.997839 14.963069 14.822803 14.322257 12.762552 8.625789 0.000000 
50.000000 32.549348 19.403738 11.755136 8.206779 6.855059 6.421663 6.302324 6.273636 6.267533 6.266372 6.266172 6.266141 6.266137 6.266136 6.266136 6.266136 6.266136 6.266136 6.266136 6.266136 6.266136 6.266136 6.266136 6.266136 6.266136 6.266136 6.266136 6.266136 6.266136 6.266136 6.266136 6.266136 6.266136 6.266136 6.266136 6.266136 6.266136 6.266135 6.266131 6.266101 6.265920 6.264935 6.260084 6.238760 6.156069 5.877568 5.081481 3.226234 0.000000 
50.000000 30.927548 16.562537 8.206779 4.331752 2.856203 2.383317 2.253166 2.221894 2.215246 2.213981 2.213764 2.213730 2.213725 2.213724 2.213724 2.213724 2.213724 2.213724 2.213724 2.213724 2.213724 2.213724 2.213724 2.213724 2.213724 2.213724 2.213724 2.213724 2.213724 2.213724 2.213724 2.213724 2.213724 2.213724 2.213724 2.213724 2.213724 2.213724 2.213722 2.213708 2.213624 2.213170 2.210970 2.201506 2.165876 2.050710 1.739734 1.068479 0.000000 
50.000000 30.309076 15.479604 6.855059 2.856203 1.333858 0.846100 0.711893 0.679655 0.672803 0.671500 0.671276 0.671241 0.671236 0.671236 0.671235 0.671235 0.671235 0.671235 0.671235 0.671235 0.671235 0.671235 0.671235 0.671235 0.671235 0.671235 0.671235 0.671235 0.671235 0.671235 0.671235 0.671235 0.671235 0.671235 0.671235 0.671235 0.671235 0.671235 0.671235 0.671229 0.671199 0.671035 0.670250 0.666929 0.654697 0.616300 0.516535 0.311274 0.000000 
50.000000 30.110547 15.132178 6.421663 2.383317 0.846100 0.353633 0.218146 0.185605 0.178689 0.177374 0.177149 0.177113 0.177108 0.177108 0.177107 0.177107 0.177107 0.177107 0.177107 0.177107 0.177107 0.177107 0.177107 0.177107 0.177107 0.177107 0.177107 0.177107 0.177107 0.177107 0.177107 0.177107 0.177107 0.177107 0.177107 0.177107 0.177107 0.177107 0.177107 0.177106 0.177096 0.177048 0.176817 0.175850 0.172347 0.161579 0.134339 0.080025 0.000000 
50.000000 30.055812 15.036450 6.302324 2.253166 0.711893 0.218146 0.082313 0.049690 0.042757 0.041439 0.041213 0.041177 0.041172 0.041172 0.041172 0.041172 0.041172 0.041172 0.041172 0.041172 0.041172 0.041172 0.041172 0.041172 0.041172 0.041172 0.041172 0.041172 0.041172 0.041172 0.041172 0.041172 0.041172 0.041172 0.041172 0.041172 0.041172 0.041172 0.041171 0.041171 0.041169 0.041156 0.041098 0.040858 0.039997 0.037389 0.030916 0.018280 0.000000 
50.000000 30.042637 15.013423 6.273636 2.221894 0.679655 0.185605 0.049690 0.017048 0.010111 0.008792 0.008566 0.008530 0.008525 0.008525 0.008525 0.008525 0.008525 0.008525 0.008525 0.008525 0.008525 0.008525 0.008525 0.008525 0.008525 0.008525 0.008525 0.008525 0.008525 0.008525 0.008525 0.008525 0.008525 0.008525 0.008525 0.008525 0.008525 0.008525 0.008525 0.008524 0.008524 0.008521 0.008509 0.008456 0.008271 0.007716 0.006355 0.003739 0.000000 
50.000000 30.039831 15.008521 6.267533 2.215246 0.672803 0.178689 0.042757 0.010111 0.003174 0.001855 0.001628 0.001593 0.001588 0.001587 0.001587 0.001587 0.001587 0.001587 0.001587 0.001587 0.001587 0.001587 0.001587 0.001587 0.001587 0.001587 0.001587 0.001587 0.001587 0.001587 0.001587 0.001587 0.001587 0.001587 0.001587 0.001587 0.001587 0.001587 0.001587 0.001587 0.001587 0.001586 0.001584 0.001574 0.001538 0.001433 0.001177 0.000690 0.000000 
50.000000 30.039296 15.007587 6.266372 2.213981 0.671500 0.177374 0.041439 0.008792 0.001855 0.000536 0.000309 0.000274 0.000269 0.000268 0.000268 0.000268 0.000268 0.000268 0.000268 0.000268 0.000268 0.000268 0.000268 0.000268 0.000268 0.000268 0.000268 0.000268 0.000268 0.000268 0.000268 0.000268 0.000268 0.000268 0.000268 0.000268 0.000268 0.000268 0.000268 0.000268 0.000268 0.000268 0.000267 0.000265 0.000259 0.000241 0.000198 0.000116 0.000000 
50.000000 30.039204 15.007427 6.266172 2.213764 0.671276 0.177149 0.041213 0.008566 0.001628 0.000309 0.000082 0.000047 0.000042 0.000041 0.000041 0.000041 0.000041 0.000041 0.000041 0.000041 0.000041 0.000041 0.000041 0.000041 0.000041 0.000041 0.000041 0.000041 0.000041 0.000041 0.000041 0.000041 0.000041 0.000041 0.000041 0.000041 0.000041 0.000041 0.000041 0.000041 0.000041 0.000041 0.000041 0.000041 0.000040 0.000037 0.000030 0.000018 0.000000 
50.000000 30.039189 15.007401 6.266141 2.213730 0.671241 0.177113 0.041177 0.008530 0.001593 0.000274 0.000047 0.000012 0.000007 0.000006 0.000006 0.000006 0.000006 0.000006 0.000006 0.000006 0.000006 0.000006 0.000006 0.000006 0.000006 0.000006 0.000006 0.000006 0.000006 0.000006 0.000006 0.000006 0.000006 0.000006 0.000006 0.000006 0.000006 0.000006 0.000006 0.000006 0.000006 0.000006 0.000006 0.000006 0.000006 0.000005 0.000004 0.000003 0.000000 
50.000000 30.039187 15.007398 6.266137 2.213725 0.671236 0.177108 0.041172 0.008525 0.001588 0.000269 0.000042 0.000007 0.000002 0.000001 0.000001 0.000001 0.000001 0.000001 0.000001 0.000001 0.000001 0.000001 0.000001 0.000001 0.000001 0.000001 0.000001 0.000001 0.000001 0.000001 0.000001 0.000001 0.000001 0.000001 0.000001 0.000001 0.000001 0.000001 0.000001 0.000001 0.000001 0.000001 0.000001 0.000001 0.000001 0.000001 0.000001 0.000000 0.000000 
50.000000 30.039187 15.007397 6.266136 2.213724 0.671236 0.177108 0.041172 0.008525 0.001587 0.000268 0.000041 0.000006 0.000001 0.000000 0.000000 0.000000 0.000000 0.000000 0.000000 0.000000 0.000000 0.000000 0.000000 0.000000 0.000000 0.000000 0.000000 0.000000 0.000000 0.000000 0.000000 0.000000 0.000000 0.000000 0.000000 0.000000 0.000000 0.000000 0.000000 0.000000 0.000000 0.000000 0.000000 0.000000 0.000000 0.000000 0.000000 0.000000 0.000000 
50.000000 30.039187 15.007397 6.266136 2.213724 0.671235 0.177107 0.041172 0.008525 0.001587 0.000268 0.000041 0.000006 0.000001 0.000000 0.000000 0.000000 0.000000 0.000000 0.000000 0.000000 0.000000 0.000000 0.000000 0.000000 0.000000 0.000000 0.000000 0.000000 0.000000 0.000000 0.000000 0.000000 0.000000 0.000000 0.000000 0.000000 0.000000 0.000000 0.000000 0.000000 0.000000 0.000000 0.000000 0.000000 0.000000 0.000000 0.000000 0.000000 0.000000 
50.000000 30.039187 15.007397 6.266136 2.213724 0.671235 0.177107 0.041172 0.008525 0.001587 0.000268 0.000041 0.000006 0.000001 0.000000 0.000000 0.000000 0.000000 0.000000 0.000000 0.000000 0.000000 0.000000 0.000000 0.000000 0.000000 0.000000 0.000000 0.000000 0.000000 0.000000 0.000000 0.000000 0.000000 0.000000 0.000000 0.000000 0.000000 0.000000 0.000000 0.000000 0.000000 0.000000 0.000000 0.000000 0.000000 0.000000 0.000000 0.000000 0.000000 
50.000000 30.039187 15.007397 6.266136 2.213724 0.671235 0.177107 0.041172 0.008525 0.001587 0.000268 0.000041 0.000006 0.000001 0.000000 0.000000 0.000000 0.000000 0.000000 0.000000 0.000000 0.000000 0.000000 0.000000 0.000000 0.000000 0.000000 0.000000 0.000000 0.000000 0.000000 0.000000 0.000000 0.000000 0.000000 0.000000 0.000000 0.000000 0.000000 0.000000 0.000000 0.000000 0.000000 0.000000 0.000000 0.000000 0.000000 0.000000 0.000000 0.000000 
50.000000 30.039187 15.007397 6.266136 2.213724 0.671235 0.177107 0.041172 0.008525 0.001587 0.000268 0.000041 0.000006 0.000001 0.000000 0.000000 0.000000 0.000000 0.000000 0.000000 0.000000 0.000000 0.000000 0.000000 0.000000 0.000000 0.000000 0.000000 0.000000 0.000000 0.000000 0.000000 0.000000 0.000000 0.000000 0.000000 0.000000 0.000000 0.000000 0.000000 0.000000 0.000000 0.000000 0.000000 0.000000 0.000000 0.000000 0.000000 0.000000 0.000000 
50.000000 30.039187 15.007397 6.266136 2.213724 0.671235 0.177107 0.041172 0.008525 0.001587 0.000268 0.000041 0.000006 0.000001 0.000000 0.000000 0.000000 0.000000 0.000000 0.000000 0.000000 0.000000 0.000000 0.000000 0.000000 0.000000 0.000000 0.000000 0.000000 0.000000 0.000000 0.000000 0.000000 0.000000 0.000000 0.000000 0.000000 0.000000 0.000000 0.000000 0.000000 0.000000 0.000000 0.000000 0.000000 0.000000 0.000000 0.000000 0.000000 0.000000 
50.000000 30.039187 15.007397 6.266136 2.213724 0.671235 0.177107 0.041172 0.008525 0.001587 0.000268 0.000041 0.000006 0.000001 0.000000 0.000000 0.000000 0.000000 0.000000 0.000000 0.000000 0.000000 0.000000 0.000000 0.000000 0.000000 0.000000 0.000000 0.000000 0.000000 0.000000 0.000000 0.000000 0.000000 0.000000 0.000000 0.000000 0.000000 0.000000 0.000000 0.000000 0.000000 0.000000 0.000000 0.000000 0.000000 0.000000 0.000000 0.000000 0.000000 
50.000000 30.039187 15.007397 6.266136 2.213724 0.671235 0.177107 0.041172 0.008525 0.001587 0.000268 0.000041 0.000006 0.000001 0.000000 0.000000 0.000000 0.000000 0.000000 0.000000 0.000000 0.000000 0.000000 0.000000 0.000000 0.000000 0.000000 0.000000 0.000000 0.000000 0.000000 0.000000 0.000000 0.000000 0.000000 0.000000 0.000000 0.000000 0.000000 0.000000 0.000000 0.000000 0.000000 0.000000 0.000000 0.000000 0.000000 0.000000 0.000000 0.000000 
50.000000 30.039187 15.007397 6.266136 2.213724 0.671235 0.177107 0.041172 0.008525 0.001587 0.000268 0.000041 0.000006 0.000001 0.000000 0.000000 0.000000 0.000000 0.000000 0.000000 0.000000 0.000000 0.000000 0.000000 0.000000 0.000000 0.000000 0.000000 0.000000 0.000000 0.000000 0.000000 0.000000 0.000000 0.000000 0.000000 0.000000 0.000000 0.000000 0.000000 0.000000 0.000000 0.000000 0.000000 0.000000 0.000000 0.000000 0.000000 0.000000 0.000000 
50.000000 30.039187 15.007397 6.266136 2.213724 0.671235 0.177107 0.041172 0.008525 0.001587 0.000268 0.000041 0.000006 0.000001 0.000000 0.000000 0.000000 0.000000 0.000000 0.000000 0.000000 0.000000 0.000000 0.000000 0.000000 0.000000 0.000000 0.000000 0.000000 0.000000 0.000000 0.000000 0.000000 0.000000 0.000000 0.000000 0.000000 0.000000 0.000000 0.000000 0.000000 0.000000 0.000000 0.000000 0.000000 0.000000 0.000000 0.000000 0.000000 0.000000 
50.000000 30.039187 15.007397 6.266136 2.213724 0.671235 0.177107 0.041172 0.008525 0.001587 0.000268 0.000041 0.000006 0.000001 0.000000 0.000000 0.000000 0.000000 0.000000 0.000000 0.000000 0.000000 0.000000 0.000000 0.000000 0.000000 0.000000 0.000000 0.000000 0.000000 0.000000 0.000000 0.000000 0.000000 0.000000 0.000000 0.000000 0.000000 0.000000 0.000000 0.000000 0.000000 0.000000 0.000000 0.000000 0.000000 0.000000 0.000000 0.000000 0.000000 
50.000000 30.039187 15.007397 6.266136 2.213724 0.671235 0.177107 0.041172 0.008525 0.001587 0.000268 0.000041 0.000006 0.000001 0.000000 0.000000 0.000000 0.000000 0.000000 0.000000 0.000000 0.000000 0.000000 0.000000 0.000000 0.000000 0.000000 0.000000 0.000000 0.000000 0.000000 0.000000 0.000000 0.000000 0.000000 0.000000 0.000000 0.000000 0.000000 0.000000 0.000000 0.000000 0.000000 0.000000 0.000000 0.000000 0.000000 0.000000 0.000000 0.000000 
50.000000 30.039187 15.007397 6.266136 2.213724 0.671235 0.177107 0.041172 0.008525 0.001587 0.000268 0.000041 0.000006 0.000001 0.000000 0.000000 0.000000 0.000000 0.000000 0.000000 0.000000 0.000000 0.000000 0.000000 0.000000 0.000000 0.000000 0.000000 0.000000 0.000000 0.000000 0.000000 0.000000 0.000000 0.000000 0.000000 0.000000 0.000000 0.000000 0.000000 0.000000 0.000000 0.000000 0.000000 0.000000 0.000000 0.000000 0.000000 0.000000 0.000000 
50.000000 30.039187 15.007397 6.266136 2.213724 0.671235 0.177107 0.041172 0.008525 0.001587 0.000268 0.000041 0.000006 0.000001 0.000000 0.000000 0.000000 0.000000 0.000000 0.000000 0.000000 0.000000 0.000000 0.000000 0.000000 0.000000 0.000000 0.000000 0.000000 0.000000 0.000000 0.000000 0.000000 0.000000 0.000000 0.000000 0.000000 0.000000 0.000000 0.000000 0.000000 0.000000 0.000000 0.000000 0.000000 0.000000 0.000000 0.000000 0.000000 0.000000 
50.000000 30.039187 15.007397 6.266136 2.213724 0.671235 0.177107 0.041172 0.008525 0.001587 0.000268 0.000041 0.000006 0.000001 0.000000 0.000000 0.000000 0.000000 0.000000 0.000000 0.000000 0.000000 0.000000 0.000000 0.000000 0.000000 0.000000 0.000000 0.000000 0.000000 0.000000 0.000000 0.000000 0.000000 0.000000 0.000000 0.000000 0.000000 0.000000 0.000000 0.000000 0.000000 0.000000 0.000000 0.000000 0.000000 0.000000 0.000000 0.000000 0.000000 
50.000000 30.039187 15.007397 6.266136 2.213724 0.671235 0.177107 0.041172 0.008525 0.001587 0.000268 0.000041 0.000006 0.000001 0.000000 0.000000 0.000000 0.000000 0.000000 0.000000 0.000000 0.000000 0.000000 0.000000 0.000000 0.000000 0.000000 0.000000 0.000000 0.000000 0.000000 0.000000 0.000000 0.000000 0.000000 0.000000 0.000000 0.000000 0.000000 0.000000 0.000000 0.000000 0.000000 0.000000 0.000000 0.000000 0.000000 0.000000 0.000000 0.000000 
50.000000 30.039187 15.007397 6.266136 2.213724 0.671235 0.177107 0.041172 0.008525 0.001587 0.000268 0.000041 0.000006 0.000001 0.000000 0.000000 0.000000 0.000000 0.000000 0.000000 0.000000 0.000000 0.000000 0.000000 0.000000 0.000000 0.000000 0.000000 0.000000 0.000000 0.000000 0.000000 0.000000 0.000000 0.000000 0.000000 0.000000 0.000000 0.000000 0.000000 0.000000 0.000000 0.000000 0.000000 0.000000 0.000000 0.000000 0.000000 0.000000 0.000000 
50.000000 30.039187 15.007397 6.266136 2.213724 0.671235 0.177107 0.041172 0.008525 0.001587 0.000268 0.000041 0.000006 0.000001 0.000000 0.000000 0.000000 0.000000 0.000000 0.000000 0.000000 0.000000 0.000000 0.000000 0.000000 0.000000 0.000000 0.000000 0.000000 0.000000 0.000000 0.000000 0.000000 0.000000 0.000000 0.000000 0.000000 0.000000 0.000000 0.000000 0.000000 0.000000 0.000000 0.000000 0.000000 0.000000 0.000000 0.000000 0.000000 0.000000 
50.000000 30.039187 15.007397 6.266136 2.213724 0.671235 0.177107 0.041172 0.008525 0.001587 0.000268 0.000041 0.000006 0.000001 0.000000 0.000000 0.000000 0.000000 0.000000 0.000000 0.000000 0.000000 0.000000 0.000000 0.000000 0.000000 0.000000 0.000000 0.000000 0.000000 0.000000 0.000000 0.000000 0.000000 0.000000 0.000000 0.000000 0.000000 0.000000 0.000000 0.000000 0.000000 0.000000 0.000000 0.000000 0.000000 0.000000 0.000000 0.000000 0.000000 
50.000000 30.039187 15.007397 6.266136 2.213724 0.671235 0.177107 0.041172 0.008525 0.001587 0.000268 0.000041 0.000006 0.000001 0.000000 0.000000 0.000000 0.000000 0.000000 0.000000 0.000000 0.000000 0.000000 0.000000 0.000000 0.000000 0.000000 0.000000 0.000000 0.000000 0.000000 0.000000 0.000000 0.000000 0.000000 0.000000 0.000000 0.000000 0.000000 0.000000 0.000000 0.000000 0.000000 0.000000 0.000000 0.000000 0.000000 0.000000 0.000000 0.000000 
50.000000 30.039187 15.007397 6.266136 2.213724 0.671235 0.177107 0.041172 0.008525 0.001587 0.000268 0.000041 0.000006 0.000001 0.000000 0.000000 0.000000 0.000000 0.000000 0.000000 0.000000 0.000000 0.000000 0.000000 0.000000 0.000000 0.000000 0.000000 0.000000 0.000000 0.000000 0.000000 0.000000 0.000000 0.000000 0.000000 0.000000 0.000000 0.000000 0.000000 0.000000 0.000000 0.000000 0.000000 0.000000 0.000000 0.000000 0.000000 0.000000 0.000000 
50.000000 30.039187 15.007397 6.266136 2.213724 0.671236 0.177108 0.041172 0.008525 0.001587 0.000268 0.000041 0.000006 0.000001 0.000000 0.000000 0.000000 0.000000 0.000000 0.000000 0.000000 0.000000 0.000000 0.000000 0.000000 0.000000 0.000000 0.000000 0.000000 0.000000 0.000000 0.000000 0.000000 0.000000 0.000000 0.000000 0.000000 0.000000 0.000000 0.000000 0.000000 0.000000 0.000000 0.000000 0.000000 0.000000 0.000000 0.000000 0.000000 0.000000 
50.000000 30.039187 15.007398 6.266137 2.213725 0.671236 0.177108 0.041172 0.008525 0.001588 0.000269 0.000042 0.000007 0.000002 0.000001 0.000001 0.000001 0.000001 0.000001 0.000001 0.000001 0.000001 0.000001 0.000001 0.000001 0.000001 0.000001 0.000001 0.000001 0.000001 0.000001 0.000001 0.000001 0.000001 0.000001 0.000001 0.000001 0.000001 0.000001 0.000001 0.000001 0.000001 0.000001 0.000001 0.000001 0.000001 0.000001 0.000001 0.000000 0.000000 
50.000000 30.039189 15.007401 6.266141 2.213730 0.671241 0.177113 0.041177 0.008530 0.001593 0.000274 0.000047 0.000012 0.000007 0.000006 0.000006 0.000006 0.000006 0.000006 0.000006 0.000006 0.000006 0.000006 0.000006 0.000006 0.000006 0.000006 0.000006 0.000006 0.000006 0.000006 0.000006 0.000006 0.000006 0.000006 0.000006 0.000006 0.000006 0.000006 0.000006 0.000006 0.000006 0.000006 0.000006 0.000006 0.000006 0.000005 0.000004 0.000003 0.000000 
50.000000 30.039204 15.007427 6.266172 2.213764 0.671276 0.177149 0.041213 0.008566 0.001628 0.000309 0.000082 0.000047 0.000042 0.000041 0.000041 0.000041 0.000041 0.000041 0.000041 0.000041 0.000041 0.000041 0.000041 0.000041 0.000041 0.000041 0.000041 0.000041 0.000041 0.000041 0.000041 0.000041 0.000041 0.000041 0.000041 0.000041 0.000041 0.000041 0.000041 0.000041 0.000041 0.000041 0.000041 0.000041 0.000040 0.000037 0.000030 0.000018 0.000000 
50.000000 30.039296 15.007587 6.266372 2.213981 0.671500 0.177374 0.041439 0.008792 0.001855 0.000536 0.000309 0.000274 0.000269 0.000268 0.000268 0.000268 0.000268 0.000268 0.000268 0.000268 0.000268 0.000268 0.000268 0.000268 0.000268 0.000268 0.000268 0.000268 0.000268 0.000268 0.000268 0.000268 0.000268 0.000268 0.000268 0.000268 0.000268 0.000268 0.000268 0.000268 0.000268 0.000268 0.000267 0.000265 0.000259 0.000241 0.000198 0.000116 0.000000 
50.000000 30.039831 15.008521 6.267533 2.215246 0.672803 0.178689 0.042757 0.010111 0.003174 0.001855 0.001628 0.001593 0.001588 0.001587 0.001587 0.001587 0.001587 0.001587 0.001587 0.001587 0.001587 0.001587 0.001587 0.001587 0.001587 0.001587 0.001587 0.001587 0.001587 0.001587 0.001587 0.001587 0.001587 0.001587 0.001587 0.001587 0.001587 0.001587 0.001587 0.001587 0.001587 0.001586 0.001584 0.001574 0.001538 0.001433 0.001177 0.000690 0.000000 
50.000000 30.042637 15.013423 6.273636 2.221894 0.679655 0.185605 0.049690 0.017048 0.010111 0.008792 0.008566 0.008530 0.008525 0.008525 0.008525 0.008525 0.008525 0.008525 0.008525 0.008525 0.008525 0.008525 0.008525 0.008525 0.008525 0.008525 0.008525 0.008525 0.008525 0.008525 0.008525 0.008525 0.008525 0.008525 0.008525 0.008525 0.008525 0.008525 0.008525 0.008524 0.008524 0.008521 0.008509 0.008456 0.008271 0.007716 0.006355 0.003739 0.000000 
50.000000 30.055812 15.036450 6.302324 2.253166 0.711893 0.218146 0.082313 0.049690 0.042757 0.041439 0.041213 0.041177 0.041172 0.041172 0.041172 0.041172 0.041172 0.041172 0.041172 0.041172 0.041172 0.041172 0.041172 0.041172 0.041172 0.041172 0.041172 0.041172 0.041172 0.041172 0.041172 0.041172 0.041172 0.041172 0.041172 0.041172 0.041172 0.041172 0.041171 0.041171 0.041169 0.041156 0.041098 0.040858 0.039997 0.037389 0.030916 0.018280 0.000000 
50.000000 30.110547 15.132178 6.421663 2.383317 0.846100 0.353633 0.218146 0.185605 0.178689 0.177374 0.177149 0.177113 0.177108 0.177108 0.177107 0.177107 0.177107 0.177107 0.177107 0.177107 0.177107 0.177107 0.177107 0.177107 0.177107 0.177107 0.177107 0.177107 0.177107 0.177107 0.177107 0.177107 0.177107 0.177107 0.177107 0.177107 0.177107 0.177107 0.177107 0.177106 0.177096 0.177048 0.176817 0.175850 0.172347 0.161579 0.134339 0.080025 0.000000 
50.000000 30.309076 15.479604 6.855059 2.856203 1.333858 0.846100 0.711893 0.679655 0.672803 0.671500 0.671276 0.671241 0.671236 0.671236 0.671235 0.671235 0.671235 0.671235 0.671235 0.671235 0.671235 0.671235 0.671235 0.671235 0.671235 0.671235 0.671235 0.671235 0.671235 0.671235 0.671235 0.671235 0.671235 0.671235 0.671235 0.671235 0.671235 0.671235 0.671235 0.671229 0.671199 0.671035 0.670250 0.666929 0.654697 0.616300 0.516535 0.311274 0.000000 
50.000000 30.927548 16.562537 8.206779 4.331752 2.856203 2.383317 2.253166 2.221894 2.215246 2.213981 2.213764 2.213730 2.213725 2.213724 2.213724 2.213724 2.213724 2.213724 2.213724 2.213724 2.213724 2.213724 2.213724 2.213724 2.213724 2.213724 2.213724 2.213724 2.213724 2.213724 2.213724 2.213724 2.213724 2.213724 2.213724 2.213724 2.213724 2.213724 2.213722 2.213708 2.213624 2.213170 2.210970 2.201506 2.165876 2.050710 1.739734 1.068479 0.000000 
50.000000 32.549348 19.403738 11.755136 8.206779 6.855059 6.421663 6.302324 6.273636 6.267533 6.266372 6.266172 6.266141 6.266137 6.266136 6.266136 6.266136 6.266136 6.266136 6.266136 6.266136 6.266136 6.266136 6.266136 6.266136 6.266136 6.266136 6.266136 6.266136 6.266136 6.266136 6.266136 6.266136 6.266136 6.266136 6.266136 6.266136 6.266136 6.266135 6.266131 6.266101 6.265920 6.264935 6.260084 6.238760 6.156069 5.877568 5.081481 3.226234 0.000000 
50.000000 36.041958 25.525105 19.403738 16.562537 15.479604 15.132178 15.036450 15.013423 15.008521 15.007587 15.007427 15.007401 15.007398 15.007397 15.007397 15.007397 15.007397 15.007397 15.007397 15.007397 15.007397 15.007397 15.007397 15.007397 15.007397 15.007397 15.007397 15.007397 15.007397 15.007397 15.007397 15.007397 15.007397 15.007397 15.007397 15.007397 15.007397 15.007396 15.007389 15.007344 15.007067 15.005534 14.997839 14.963069 14.822803 14.322257 12.762552 8.625789 0.000000 
50.000000 42.040395 36.041958 32.549348 30.927548 30.309076 30.110547 30.055812 30.042637 30.039831 30.039296 30.039204 30.039189 30.039187 30.039187 30.039187 30.039187 30.039187 30.039187 30.039187 30.039187 30.039187 30.039187 30.039187 30.039187 30.039187 30.039187 30.039187 30.039187 30.039187 30.039187 30.039187 30.039187 30.039187 30.039187 30.039187 30.039187 30.039187 30.039186 30.039180 30.039141 30.038898 30.037532 30.030522 29.997802 29.859070 29.323113 27.416169 21.020198 0.000000 
50.000000 50.000000 50.000000 50.000000 50.000000 50.000000 50.000000 50.000000 50.000000 50.000000 50.000000 50.000000 50.000000 50.000000 50.000000 50.000000 50.000000 50.000000 50.000000 50.000000 50.000000 50.000000 50.000000 50.000000 50.000000 50.000000 50.000000 50.000000 50.000000 50.000000 50.000000 50.000000 50.000000 50.000000 50.000000 50.000000 50.000000 50.000000 50.000000 50.000000 50.000000 50.000000 50.000000 50.000000 50.000000 50.000000 50.000000 50.000000 50.000000 50.000000 
