50.000000 50.000000 50.000000 50.000000 50.000000 50.000000 50.000000 50.000000 50.000000 50.000000 50.000000 50.000000 50.000000 50.000000 50.000000 50.000000 50.000000 50.000000 50.000000 50.000000 50.000000 50.000000 50.000000 50.000000 50.000000 50.000000 50.000000 50.000000 50.000000 50.000000 50.000000 50.000000 50.000000 50.000000 50.000000 50.000000 50.000000 50.000000 50.000000 50.000000 50.000000 50.000000 50.000000 50.000000 50.000000 50.000000 50.000000 50.000000 50.000000 50.000000 
50.000000 47.767283 45.690879 43.894339 42.447111 41.360477 40.598977 40.100108 39.794054 39.617890 39.522568 39.473987 39.450618 39.439990 39.435409 39.433536 39.432808 39.432538 39.432442 39.432410 39.432400 39.432396 39.432396 39.432395 39.432395 39.432395 39.432395 39.432395 39.432395 39.432395 39.432394 39.432393 39.432387 39.432369 39.432316 39.432163 39.431739 39.430615 39.427751 39.420738 39.404225 39.366746 39.284453 39.108638 38.739813 37.969331 36.332360 32.689008 23.883641 0.000000 
50.000000 45.690879 41.683454 38.216189 35.423116 33.326000 31.856393 30.893653 30.303030 29.963077 29.779135 29.685390 29.640299 29.619791 29.610954 29.607339 29.605934 29.605413 29.605229 29.605167 29.605147 29.605140 29.605139 29.605138 29.605138 29.605138 29.605138 29.605138 29.605138 29.605138 29.605137 29.605134 29.605124 29.605092 29.604999 29.604731 29.603991 29.602034 29.597067 29.584974 29.556713 29.493226 29.355863 29.068725 28.486330 27.334046 25.098612 20.841727 13.001871 0.000000 
50.000000 43.894339 38.216189 33.303450 29.346036 26.374765 24.292629 22.928663 22.091925 21.610331 21.349762 21.216970 21.153101 21.124054 21.111537 21.106419 21.104428 21.103691 21.103430 21.103342 21.103314 21.103305 21.103303 21.103302 21.103302 21.103302 21.103302 21.103301 21.103301 21.103301 21.103300 21.103296 21.103284 21.103246 21.103133 21.102810 21.101922 21.099583 21.093685 21.079440 21.046494 20.973500 20.818515 20.502890 19.885977 18.728826 16.651725 13.117577 7.561979 0.000000 
50.000000 42.447111 35.423116 29.346036 24.450796 20.775495 18.200090 16.513058 15.478178 14.882569 14.560329 14.396117 14.317142 14.281226 14.265751 14.259423 14.256962 14.256051 14.255729 14.255620 14.255585 14.255574 14.255571 14.255570 14.255570 14.255569 14.255569 14.255569 14.255569 14.255569 14.255568 14.255564 14.255552 14.255514 14.255403 14.255084 14.254212 14.251930 14.246218 14.232549 14.201305 14.133125 13.991191 13.709568 13.177825 12.225398 10.617210 8.089070 4.477780 0.000000 
50.000000 41.360477 33.326000 26.374765 20.775495 16.571735 13.626124 11.696667 10.513130 9.832000 9.463511 9.275742 9.185443 9.144380 9.126690 9.119455 9.116643 9.115601 9.115233 9.115109 9.115069 9.115056 9.115053 9.115052 9.115051 9.115051 9.115051 9.115051 9.115051 9.115051 9.115050 9.115047 9.115036 9.115004 9.114908 9.114635 9.113895 9.111969 9.107185 9.095848 9.070244 9.015205 8.902770 8.684939 8.285868 7.597670 6.488789 4.839670 2.620664 0.000000 
50.000000 40.598977 31.856393 24.292629 18.200090 13.626124 10.421215 8.321993 7.034380 6.293389 5.892538 5.688290 5.590073 5.545412 5.526172 5.518305 5.515247 5.514114 5.513714 5.513579 5.513535 5.513522 5.513518 5.513516 5.513516 5.513516 5.513516 5.513516 5.513516 5.513516 5.513515 5.513513 5.513504 5.513480 5.513406 5.513199 5.512639 5.511192 5.507627 5.499259 5.480576 5.440977 5.361462 5.210608 4.941185 4.490522 3.789739 2.787668 1.490339 0.000000 
50.000000 40.100108 30.893653 22.928663 16.513058 11.696667 8.321993 6.111651 4.755931 3.975782 3.553766 3.338745 3.235352 3.188341 3.168090 3.159810 3.156591 3.155399 3.154978 3.154836 3.154790 3.154776 3.154772 3.154771 3.154770 3.154770 3.154770 3.154770 3.154770 3.154770 3.154769 3.154768 3.154762 3.154745 3.154694 3.154552 3.154169 3.153185 3.150780 3.145185 3.132828 3.106968 3.055825 2.960531 2.793897 2.521867 2.110148 1.537790 0.815656 0.000000 
50.000000 39.794054 30.303030 22.091925 15.478178 10.513130 7.034380 4.755931 3.358482 2.554347 2.119372 1.897758 1.791199 1.742751 1.721881 1.713349 1.710032 1.708804 1.708370 1.708224 1.708177 1.708162 1.708158 1.708156 1.708156 1.708156 1.708156 1.708156 1.708156 1.708156 1.708155 1.708154 1.708151 1.708140 1.708108 1.708018 1.707778 1.707166 1.705681 1.702253 1.694755 1.679241 1.648963 1.593402 1.497925 1.345052 1.118425 0.809804 0.427309 0.000000 
50.000000 39.617890 29.963077 21.610331 14.882569 9.832000 6.293389 3.975782 2.554347 1.736430 1.294013 1.068613 0.960238 0.910965 0.889741 0.881064 0.877691 0.876442 0.876001 0.875852 0.875804 0.875789 0.875785 0.875784 0.875783 0.875783 0.875783 0.875783 0.875783 0.875783 0.875783 0.875782 0.875780 0.875774 0.875755 0.875703 0.875565 0.875213 0.874366 0.872424 0.868215 0.859592 0.842954 0.812813 0.761756 0.681264 0.563837 0.406364 0.213665 0.000000 
50.000000 39.522568 29.779135 21.349762 14.560329 9.463511 5.892538 3.553766 2.119372 1.294013 0.847578 0.620136 0.510781 0.461063 0.439649 0.430894 0.427491 0.426231 0.425786 0.425636 0.425588 0.425573 0.425568 0.425567 0.425566 0.425566 0.425566 0.425566 0.425566 0.425566 0.425566 0.425566 0.425565 0.425561 0.425551 0.425523 0.425449 0.425261 0.424812 0.423789 0.421588 0.417120 0.408581 0.393279 0.367663 0.327780 0.270321 0.194160 0.101830 0.000000 
50.000000 39.473987 29.685390 21.216970 14.396117 9.275742 5.688290 3.338745 1.897758 1.068613 0.620136 0.391656 0.281804 0.231861 0.210349 0.201555 0.198137 0.196871 0.196424 0.196273 0.196225 0.196210 0.196205 0.196204 0.196203 0.196203 0.196203 0.196203 0.196203 0.196203 0.196203 0.196203 0.196203 0.196201 0.196196 0.196182 0.196144 0.196051 0.195828 0.195324 0.194248 0.192077 0.187965 0.180663 0.168558 0.149899 0.123284 0.088323 0.046236 0.000000 
50.000000 39.450618 29.640299 21.153101 14.317142 9.185443 5.590073 3.235352 1.791199 0.960238 0.510781 0.281804 0.171713 0.121662 0.100104 0.091291 0.087865 0.086597 0.086149 0.085998 0.085949 0.085934 0.085929 0.085928 0.085928 0.085928 0.085928 0.085928 0.085928 0.085928 0.085928 0.085928 0.085927 0.085926 0.085924 0.085917 0.085900 0.085856 0.085753 0.085520 0.085024 0.084033 0.082167 0.078880 0.073475 0.065212 0.053518 0.038265 0.020003 0.000000 
50.000000 39.439990 29.619791 21.124054 14.281226 9.144380 5.545412 3.188341 1.742751 0.910965 0.461063 0.231861 0.121662 0.071562 0.049983 0.041162 0.037733 0.036463 0.036015 0.035863 0.035814 0.035799 0.035795 0.035794 0.035793 0.035793 0.035793 0.035793 0.035793 0.035793 0.035793 0.035793 0.035793 0.035793 0.035791 0.035789 0.035781 0.035762 0.035716 0.035615 0.035400 0.034972 0.034172 0.032772 0.030486 0.027014 0.022132 0.015800 0.008250 0.000000 
50.000000 39.435409 29.610954 21.111537 14.265751 9.126690 5.526172 3.168090 1.721881 0.889741 0.439649 0.210349 0.100104 0.049983 0.028395 0.019570 0.016140 0.014870 0.014421 0.014270 0.014221 0.014206 0.014201 0.014200 0.014200 0.014200 0.014200 0.014200 0.014200 0.014200 0.014200 0.014200 0.014200 0.014199 0.014199 0.014198 0.014194 0.014187 0.014168 0.014126 0.014038 0.013863 0.013538 0.012973 0.012054 0.010667 0.008728 0.006223 0.003247 0.000000 
50.000000 39.433536 29.607339 21.106419 14.259423 9.119455 5.518305 3.159810 1.713349 0.881064 0.430894 0.201555 0.091291 0.041162 0.019570 0.010744 0.007313 0.006042 0.005594 0.005442 0.005393 0.005378 0.005374 0.005373 0.005372 0.005372 0.005372 0.005372 0.005372 0.005372 0.005372 0.005372 0.005372 0.005372 0.005372 0.005371 0.005370 0.005367 0.005360 0.005343 0.005309 0.005241 0.005116 0.004899 0.004548 0.004020 0.003285 0.002340 0.001220 0.000000 
50.000000 39.432808 29.605934 21.104428 14.256962 9.116643 5.515247 3.156591 1.710032 0.877691 0.427491 0.198137 0.087865 0.037733 0.016140 0.007313 0.003881 0.002611 0.002162 0.002011 0.001962 0.001947 0.001943 0.001941 0.001941 0.001941 0.001941 0.001941 0.001941 0.001941 0.001941 0.001941 0.001941 0.001941 0.001941 0.001940 0.001940 0.001939 0.001936 0.001930 0.001917 0.001892 0.001846 0.001767 0.001639 0.001448 0.001182 0.000841 0.000438 0.000000 
50.000000 39.432538 29.605413 21.103691 14.256051 9.115601 5.514114 3.155399 1.708804 0.876442 0.426231 0.196871 0.086597 0.036463 0.014870 0.006042 0.002611 0.001341 0.000892 0.000741 0.000692 0.000677 0.000672 0.000671 0.000671 0.000670 0.000670 0.000670 0.000670 0.000670 0.000670 0.000670 0.000670 0.000670 0.000670 0.000670 0.000670 0.000670 0.000669 0.000667 0.000662 0.000653 0.000637 0.000610 0.000565 0.000499 0.000407 0.000289 0.000151 0.000000 
50.000000 39.432442 29.605229 21.103430 14.255729 9.115233 5.513714 3.154978 1.708370 0.876001 0.425786 0.196424 0.086149 0.036015 0.014421 0.005594 0.002162 0.000892 0.000443 0.000292 0.000243 0.000228 0.000223 0.000222 0.000222 0.000222 0.000222 0.000222 0.000222 0.000222 0.000222 0.000222 0.000222 0.000222 0.000222 0.000222 0.000222 0.000221 0.000221 0.000220 0.000219 0.000216 0.000211 0.000201 0.000187 0.000165 0.000134 0.000095 0.000050 0.000000 
50.000000 39.432410 29.605167 21.103342 14.255620 9.115109 5.513579 3.154836 1.708224 0.875852 0.425636 0.196273 0.085998 0.035863 0.014270 0.005442 0.002011 0.000741 0.000292 0.000141 0.000092 0.000077 0.000072 0.000071 0.000070 0.000070 0.000070 0.000070 0.000070 0.000070 0.000070 0.000070 0.000070 0.000070 0.000070 0.000070 0.000070 0.000070 0.000070 0.000070 0.000069 0.000068 0.000067 0.000064 0.000059 0.000052 0.000042 0.000030 0.000016 0.000000 
50.000000 39.432400 29.605147 21.103314 14.255585 9.115069 5.513535 3.154790 1.708177 0.875804 0.425588 0.196225 0.085949 0.035814 0.014221 0.005393 0.001962 0.000692 0.000243 0.000092 0.000043 0.000028 0.000023 0.000022 0.000022 0.000021 0.000021 0.000021 0.000021 0.000021 0.000021 0.000021 0.000021 0.000021 0.000021 0.000021 0.000021 0.000021 0.000021 0.000021 0.000021 0.000021 0.000020 0.000019 0.000018 0.000016 0.000013 0.000009 0.000005 0.000000 
50.000000 39.432396 29.605140 21.103305 14.255574 9.115056 5.513522 3.154776 1.708162 0.875789 0.425573 0.196210 0.085934 0.035799 0.014206 0.005378 0.001947 0.000677 0.000228 0.000077 0.000028 0.000013 0.000008 0.000007 0.000006 0.000006 0.000006 0.000006 0.000006 0.000006 0.000006 0.000006 0.000006 0.000006 0.000006 0.000006 0.000006 0.000006 0.000006 0.000006 0.000006 0.000006 0.000006 0.000006 0.000005 0.000005 0.000004 0.000003 0.000001 0.000000 
50.000000 39.432396 29.605139 21.103303 14.255571 9.115053 5.513518 3.154772 1.708158 0.875785 0.425568 0.196205 0.085929 0.035795 0.014201 0.005374 0.001943 0.000672 0.000223 0.000072 0.000023 0.000008 0.000004 0.000002 0.000002 0.000002 0.000002 0.000002 0.000002 0.000002 0.000002 0.000002 0.000002 0.000002 0.000002 0.000002 0.000002 0.000002 0.000002 0.000002 0.000002 0.000002 0.000002 0.000002 0.000001 0.000001 0.000001 0.000001 0.000000 0.000000 
50.000000 39.432395 29.605138 21.103302 14.255570 9.115052 5.513516 3.154771 1.708156 0.875784 0.425567 0.196204 0.085928 0.035794 0.014200 0.005373 0.001941 0.000671 0.000222 0.000071 0.000022 0.000007 0.000002 0.000001 0.000001 0.000001 0.000000 0.000000 0.000000 0.000000 0.000000 0.000000 0.000000 0.000000 0.000000 0.000000 0.000000 0.000000 0.000000 0.000000 0.000000 0.000000 0.000000 0.000000 0.000000 0.000000 0.000000 0.000000 0.000000 0.000000 
50.000000 39.432395 29.605138 21.103302 14.255570 9.115051 5.513516 3.154770 1.708156 0.875783 0.425566 0.196203 0.085928 0.035793 0.014200 0.005372 0.001941 0.000671 0.000222 0.000070 0.000022 0.000006 0.000002 0.000001 0.000000 0.000000 0.000000 0.000000 0.000000 0.000000 0.000000 0.000000 0.000000 0.000000 0.000000 0.000000 0.000000 0.000000 0.000000 0.000000 0.000000 0.000000 0.000000 0.000000 0.000000 0.000000 0.000000 0.000000 0.000000 0.000000 
50.000000 39.432395 29.605138 21.103302 14.255570 9.115051 5.513516 3.154770 1.708156 0.875783 0.425566 0.196203 0.085928 0.035793 0.014200 0.005372 0.001941 0.000671 0.000222 0.000070 0.000022 0.000006 0.000002 0.000001 0.000000 0.000000 0.000000 0.000000 0.000000 0.000000 0.000000 0.000000 0.000000 0.000000 0.000000 0.000000 0.000000 0.000000 0.000000 0.000000 0.000000 0.000000 0.000000 0.000000 0.000000 0.000000 0.000000 0.000000 0.000000 0.000000 
50.000000 39.432395 29.605138 21.103302 14.255570 9.115052 5.513516 3.154771 1.708156 0.875784 0.425567 0.196204 0.085928 0.035794 0.014200 0.005373 0.001941 0.000671 0.000222 0.000071 0.000022 0.000007 0.000002 0.000001 0.000001 0.000001 0.000000 0.000000 0.000000 0.000000 0.000000 0.000000 0.000000 0.000000 0.000000 0.000000 0.000000 0.000000 0.000000 0.000000 0.000000 0.000000 0.000000 0.000000 0.000000 0.000000 0.000000 0.000000 0.000000 0.000000 
50.000000 39.432396 29.605139 21.103303 14.255571 9.115053 5.513518 3.154772 1.708158 0.875785 0.425568 0.196205 0.085929 0.035795 0.014201 0.005374 0.001943 0.000672 0.000223 0.000072 0.000023 0.000008 0.000004 0.000002 0.000002 0.000002 0.000002 0.000002 0.000002 0.000002 0.000002 0.000002 0.000002 0.000002 0.000002 0.000002 0.000002 0.000002 0.000002 0.000002 0.000002 0.000002 0.000002 0.000002 0.000001 0.000001 0.000001 0.000001 0.000000 0.000000 
50.000000 39.432396 29.605140 21.103305 14.255574 9.115056 5.513522 3.154776 1.708162 0.875789 0.425573 0.196210 0.085934 0.035799 0.014206 0.005378 0.001947 0.000677 0.000228 0.000077 0.000028 0.000013 0.000008 0.000007 0.000006 0.000006 0.000006 0.000006 0.000006 0.000006 0.000006 0.000006 0.000006 0.000006 0.000006 0.000006 0.000006 0.000006 0.000006 0.000006 0.000006 0.000006 0.000006 0.000006 0.000005 0.000005 0.000004 0.000003 0.000001 0.000000 
50.000000 39.432400 29.605147 21.103314 14.255585 9.115069 5.513535 3.154790 1.708177 0.875804 0.425588 0.196225 0.085949 0.035814 0.014221 0.005393 0.001962 0.000692 0.000243 0.000092 0.000043 0.000028 0.000023 0.000022 0.000022 0.000021 0.000021 0.000021 0.000021 0.000021 0.000021 0.000021 0.000021 0.000021 0.000021 0.000021 0.000021 0.000021 0.000021 0.000021 0.000021 0.000021 0.000020 0.000019 0.000018 0.000016 0.000013 0.000009 0.000005 0.000000 
50.000000 39.432410 29.605167 21.103342 14.255620 9.115109 5.513579 3.154836 1.708224 0.875852 0.425636 0.196273 0.085998 0.035863 0.014270 0.005442 0.002011 0.000741 0.000292 0.000141 0.000092 0.000077 0.000072 0.000071 0.000070 0.000070 0.000070 0.000070 0.000070 0.000070 0.000070 0.000070 0.000070 0.000070 0.000070 0.000070 0.000070 0.000070 0.000070 0.000070 0.000069 0.000068 0.000067 0.000064 0.000059 0.000052 0.000042 0.000030 0.000016 0.000000 
50.000000 39.432442 29.605229 21.103430 14.255729 9.115233 5.513714 3.154978 1.708370 0.876001 0.425786 0.196424 0.086149 0.036015 0.014421 0.005594 0.002162 0.000892 0.000443 0.000292 0.000243 0.000228 0.000223 0.000222 0.000222 0.000222 0.000222 0.000222 0.000222 0.000222 0.000222 0.000222 0.000222 0.000222 0.000222 0.000222 0.000222 0.000221 0.000221 0.000220 0.000219 0.000216 0.000211 0.000201 0.000187 0.000165 0.000134 0.000095 0.000050 0.000000 
50.000000 39.432538 29.605413 21.103691 14.256051 9.115601 5.514114 3.155399 1.708804 0.876442 0.426231 0.196871 0.086597 0.036463 0.014870 0.006042 0.002611 0.001341 0.000892 0.000741 0.000692 0.000677 0.000672 0.000671 0.000671 0.000670 0.000670 0.000670 0.000670 0.000670 0.000670 0.000670 0.000670 0.000670 0.000670 0.000670 0.000670 0.000670 0.000669 0.000667 0.000662 0.000653 0.000637 0.000610 0.000565 0.000499 0.000407 0.000289 0.000151 0.000000 
50.000000 39.432808 29.605934 21.104428 14.256962 9.116643 5.515247 3.156591 1.710032 0.877691 0.427491 0.198137 0.087865 0.037733 0.016140 0.007313 0.003881 0.002611 0.002162 0.002011 0.001962 0.001947 0.001943 0.001941 0.001941 0.001941 0.001941 0.001941 0.001941 0.001941 0.001941 0.001941 0.001941 0.001941 0.001941 0.001940 0.001940 0.001939 0.001936 0.001930 0.001917 0.001892 0.001846 0.001767 0.001639 0.001448 0.001182 0.000841 0.000438 0.000000 
50.000000 39.433536 29.607339 21.106419 14.259423 9.119455 5.518305 3.159810 1.713349 0.881064 0.430894 0.201555 0.091291 0.041162 0.019570 0.010744 0.007313 0.006042 0.005594 0.005442 0.005393 0.005378 0.005374 0.005373 0.005372 0.005372 0.005372 0.005372 0.005372 0.005372 0.005372 0.005372 0.005372 0.005372 0.005372 0.005371 0.005370 0.005367 0.005360 0.005343 0.005309 0.005241 0.005116 0.004899 0.004548 0.004020 0.003285 0.002340 0.001220 0.000000 
50.000000 39.435409 29.610954 21.111537 14.265751 9.126690 5.526172 3.168090 1.721881 0.889741 0.439649 0.210349 0.100104 0.049983 0.028395 0.019570 0.016140 0.014870 0.014421 0.014270 0.014221 0.014206 0.014201 0.014200 0.014200 0.014200 0.014200 0.014200 0.014200 0.014200 0.014200 0.014200 0.014200 0.014199 0.014199 0.014198 0.014194 0.014187 0.014168 0.014126 0.014038 0.013863 0.013538 0.012973 0.012054 0.010667 0.008728 0.006223 0.003247 0.000000 
50.000000 39.439990 29.619791 21.124054 14.281226 9.144380 5.545412 3.188341 1.742751 0.910965 0.461063 0.231861 0.121662 0.071562 0.049983 0.041162 0.037733 0.036463 0.036015 0.035863 0.035814 0.035799 0.035795 0.035794 0.035793 0.035793 0.035793 0.035793 0.035793 0.035793 0.035793 0.035793 0.035793 0.035793 0.035791 0.035789 0.035781 0.035762 0.035716 0.035615 0.035400 0.034972 0.034172 0.032772 0.030486 0.027014 0.022132 0.015800 0.008250 0.000000 
50.000000 39.450618 29.640299 21.153101 14.317142 9.185443 5.590073 3.235352 1.791199 0.960238 0.510781 0.281804 0.171713 0.121662 0.100104 0.091291 0.087865 0.086597 0.086149 0.085998 0.085949 0.085934 0.085929 0.085928 0.085928 0.085928 0.085928 0.085928 0.085928 0.085928 0.085928 0.085928 0.085927 0.085926 0.085924 0.085917 0.085900 0.085856 0.085753 0.085520 0.085024 0.084033 0.082167 0.078880 0.073475 0.065212 0.053518 0.038265 0.020003 0.000000 
50.000000 39.473987 29.685390 21.216970 14.396117 9.275742 5.688290 3.338745 1.897758 1.068613 0.620136 0.391656 0.281804 0.231861 0.210349 0.201555 0.198137 0.196871 0.196424 0.196273 0.196225 0.196210 0.196205 0.196204 0.196203 0.196203 0.196203 0.196203 0.196203 0.196203 0.196203 0.196203 0.196203 0.196201 0.196196 0.196182 0.196144 0.196051 0.195828 0.195324 0.194248 0.192077 0.187965 0.180663 0.168558 0.149899 0.123284 0.088323 0.046236 0.000000 
50.000000 39.522568 29.779135 21.349762 14.560329 9.463511 5.892538 3.553766 2.119372 1.294013 0.847578 0.620136 0.510781 0.461063 0.439649 0.430894 0.427491 0.426231 0.425786 0.425636 0.425588 0.425573 0.425568 0.425567 0.425566 0.425566 0.425566 0.425566 0.425566 0.425566 0.425566 0.425566 0.425565 0.425561 0.425551 0.425523 0.425449 0.425261 0.424812 0.423789 0.421588 0.417120 0.408581 0.393279 0.367663 0.327780 0.270321 0.194160 0.101830 0.000000 
50.000000 39.617890 29.963077 21.610331 14.882569 9.832000 6.293389 3.975782 2.554347 1.736430 1.294013 1.068613 0.960238 0.910965 0.889741 0.881064 0.877691 0.876442 0.876001 0.875852 0.875804 0.875789 0.875785 0.875784 0.875783 0.875783 0.875783 0.875783 0.875783 0.875783 0.875783 0.875782 0.875780 0.875774 0.875755 0.875703 0.875565 0.875213 0.874366 0.872424 0.868215 0.859592 0.842954 0.812813 0.761756 0.681264 0.563837 0.406364 0.213665 0.000000 
50.000000 39.794054 30.303030 22.091925 15.478178 10.513130 7.034380 4.755931 3.358482 2.554347 2.119372 1.897758 1.791199 1.742751 1.721881 1.713349 1.710032 1.708804 1.708370 1.708224 1.708177 1.708162 1.708158 1.708156 1.708156 1.708156 1.708156 1.708156 1.708156 1.708156 1.708155 1.708154 1.708151 1.708140 1.708108 1.708018 1.707778 1.707166 1.705681 1.702253 1.694755 1.679241 1.648963 1.593402 1.497925 1.345052 1.118425 0.809804 0.427309 0.000000 
50.000000 40.100108 30.893653 22.928663 16.513058 11.696667 8.321993 6.111651 4.755931 3.975782 3.553766 3.338745 3.235352 3.188341 3.168090 3.159810 3.156591 3.155399 3.154978 3.154836 3.154790 3.154776 3.154772 3.154771 3.154770 3.154770 3.154770 3.154770 3.154770 3.154770 3.154769 3.154768 3.154762 3.154745 3.154694 3.154552 3.154169 3.153185 3.150780 3.145185 3.132828 3.106968 3.055825 2.960531 2.793897 2.521867 2.110148 1.537790 0.815656 0.000000 
50.000000 40.598977 31.856393 24.292629 18.200090 13.626124 10.421215 8.321993 7.034380 6.293389 5.892538 5.688290 5.590073 5.545412 5.526172 5.518305 5.515247 5.514114 5.513714 5.513579 5.513535 5.513522 5.513518 5.513516 5.513516 5.513516 5.513516 5.513516 5.513516 5.513516 5.513515 5.513513 5.513504 5.513480 5.513406 5.513199 5.512639 5.511192 5.507627 5.499259 5.480576 5.440977 5.361462 5.210608 4.941185 4.490522 3.789739 2.787668 1.490339 0.000000 
50.000000 41.360477 33.326000 26.374765 20.775495 16.571735 13.626124 11.696667 10.513130 9.832000 9.463511 9.275742 9.185443 9.144380 9.126690 9.119455 9.116643 9.115601 9.115233 9.115109 9.115069 9.115056 9.115053 9.115052 9.115051 9.115051 9.115051 9.115051 9.115051 9.115051 9.115050 9.115047 9.115036 9.115004 9.114908 9.114635 9.113895 9.111969 9.107185 9.095848 9.070244 9.015205 8.902770 8.684939 8.285868 7.597670 6.488789 4.839670 2.620664 0.000000 
50.000000 42.447111 35.423116 29.346036 24.450796 20.775495 18.200090 16.513058 15.478178 14.882569 14.560329 14.396117 14.317142 14.281226 14.265751 14.259423 14.256962 14.256051 14.255729 14.255620 14.255585 14.255574 14.255571 14.255570 14.255570 14.255569 14.255569 14.255569 14.255569 14.255569 14.255568 14.255564 14.255552 14.255514 14.255403 14.255084 14.254212 14.251930 14.246218 14.232549 14.201305 14.133125 13.991191 13.709568 13.177825 12.225398 10.617210 8.089070 4.477780 0.000000 
50.000000 43.894339 38.216189 33.303450 29.346036 26.374765 24.292629 22.928663 22.091925 21.610331 21.349762 21.216970 21.153101 21.124054 21.111537 21.106419 21.104428 21.103691 21.103430 21.103342 21.103314 21.103305 21.103303 21.103302 21.103302 21.103302 21.103302 21.103301 21.103301 21.103301 21.103300 21.103296 21.103284 21.103246 21.103133 21.102810 21.101922 21.099583 21.093685 21.079440 21.046494 20.973500 20.818515 20.502890 19.885977 18.728826 16.651725 13.117577 7.561979 0.000000 
50.000000 45.690879 41.683454 38.216189 35.423116 33.326000 31.856393 30.893653 30.303030 29.963077 29.779135 29.685390 29.640299 29.619791 29.610954 29.607339 29.605934 29.605413 29.605229 29.605167 29.605147 29.605140 29.605139 29.605138 29.605138 29.605138 29.605138 29.605138 29.605138 29.605138 29.605137 29.605134 29.605124 29.605092 29.604999 29.604731 29.603991 29.602034 29.597067 29.584974 29.556713 29.493226 29.355863 29.068725 28.486330 27.334046 25.098612 20.841727 13.001871 0.000000 
50.000000 47.767283 45.690879 43.894339 42.447111 41.360477 40.598977 40.100108 39.794054 39.617890 39.522568 39.473987 39.450618 39.439990 39.435409 39.433536 39.432808 39.432538 39.432442 39.432410 39.432400 39.432396 39.432396 39.432395 39.432395 39.432395 39.432395 39.432395 39.432395 39.432395 39.432394 39.432393 39.432387 39.432369 39.432316 39.432163 39.431739 39.430615 39.427751 39.420738 39.404225 39.366746 39.284453 39.108638 38.739813 37.969331 36.332360 32.689008 23.883641 0.000000 
50.000000 50.000000 50.000000 50.000000 50.000000 50.000000 50.000000 50.000000 50.000000 50.000000 50.000000 50.000000 50.000000 50.000000 50.000000 50.000000 50.000000 50.000000 50.000000 50.000000 50.000000 50.000000 50.000000 50.000000 50.000000 50.000000 50.000000 50.000000 50.000000 50.000000 50.000000 50.000000 50.000000 50.000000 50.000000 50.000000 50.000000 50.000000 50.000000 50.000000 50.000000 50.000000 50.000000 50.000000 50.000000 50.000000 50.000000 50.000000 50.000000 50.000000 
