50.000000 50.000000 50.000000 50.000000 50.000000 50.000000 50.000000 50.000000 50.000000 50.000000 50.000000 50.000000 50.000000 50.000000 50.000000 50.000000 50.000000 50.000000 50.000000 50.000000 50.000000 50.000000 50.000000 50.000000 50.000000 50.000000 50.000000 50.000000 50.000000 50.000000 50.000000 50.000000 50.000000 50.000000 50.000000 50.000000 50.000000 50.000000 50.000000 50.000000 50.000000 50.000000 50.000000 50.000000 50.000000 50.000000 50.000000 50.000000 50.000000 50.000000 
50.000000 46.599411 43.560897 41.131335 39.388037 38.261270 37.602357 37.252087 37.082010 37.006223 36.975090 36.963250 36.959064 36.957683 36.957257 36.957133 36.957099 36.957091 36.957089 36.957088 36.957088 36.957088 36.957088 36.957088 36.957088 36.957088 36.957088 36.957088 36.957088 36.957088 36.957088 36.957088 36.957088 36.957087 36.957085 36.957078 36.957048 36.956939 36.956561 36.955316 36.951441 36.940013 36.908057 36.823032 36.606408 36.072067 34.772744 31.572627 23.299705 0.000000 
50.000000 43.560897 37.807471 33.207221 29.906505 27.773220 26.525788 25.862713 25.540776 25.397331 25.338410 25.316002 25.308082 25.305469 25.304663 25.304429 25.304365 25.304349 25.304345 25.304344 25.304343 25.304343 25.304343 25.304343 25.304343 25.304343 25.304343 25.304343 25.304343 25.304343 25.304343 25.304343 25.304343 25.304342 25.304339 25.304327 25.304278 25.304101 25.303490 25.301492 25.295318 25.277310 25.227724 25.098735 24.781215 24.039546 22.390832 18.903736 11.988270 0.000000 
50.000000 41.131335 33.207221 26.871607 22.326009 19.388357 17.670723 16.757801 16.314606 16.117156 16.036061 16.005226 15.994327 15.990733 15.989624 15.989302 15.989214 15.989192 15.989186 15.989185 15.989185 15.989185 15.989185 15.989185 15.989185 15.989185 15.989185 15.989185 15.989185 15.989185 15.989185 15.989185 15.989184 15.989184 15.989180 15.989167 15.989115 15.988926 15.988278 15.986175 15.979747 15.961251 15.911255 15.784473 15.483357 14.815106 13.435803 10.816389 6.358592 0.000000 
50.000000 39.388037 29.906505 22.326009 16.887594 13.373233 11.318597 10.226679 9.696653 9.460548 9.363591 9.326730 9.313704 9.309409 9.308084 9.307699 9.307594 9.307567 9.307561 9.307559 9.307559 9.307559 9.307559 9.307559 9.307559 9.307559 9.307559 9.307559 9.307559 9.307559 9.307559 9.307559 9.307559 9.307558 9.307555 9.307544 9.307500 9.307341 9.306801 9.305063 9.299810 9.284907 9.245362 9.147483 8.922375 8.443797 7.510903 5.866959 3.315970 0.000000 
50.000000 38.261270 27.773220 19.388357 13.373233 9.486494 7.214359 6.006978 5.420973 5.159965 5.052796 5.012057 4.997663 4.992918 4.991454 4.991029 4.990913 4.990883 4.990876 4.990874 4.990874 4.990874 4.990874 4.990874 4.990874 4.990874 4.990874 4.990874 4.990874 4.990874 4.990874 4.990874 4.990874 4.990873 4.990871 4.990863 4.990832 4.990721 4.990344 4.989142 4.985546 4.975482 4.949223 4.885612 4.743247 4.450858 3.905000 2.992005 1.654862 0.000000 
50.000000 37.602357 26.525788 17.670723 11.318597 7.214359 4.815256 3.540515 2.921875 2.646358 2.533245 2.490252 2.475062 2.470056 2.468511 2.468063 2.467941 2.467910 2.467902 2.467900 2.467900 2.467900 2.467900 2.467900 2.467900 2.467900 2.467900 2.467900 2.467900 2.467900 2.467900 2.467900 2.467900 2.467899 2.467898 2.467893 2.467874 2.467806 2.467579 2.466859 2.464727 2.458831 2.443676 2.407628 2.328747 2.171114 1.886250 1.427053 0.779325 0.000000 
50.000000 37.252087 25.862713 16.757801 10.226679 6.006978 3.540515 2.230064 1.594135 1.310940 1.194683 1.150499 1.134890 1.129746 1.128158 1.127698 1.127573 1.127541 1.127533 1.127531 1.127530 1.127530 1.127530 1.127530 1.127530 1.127530 1.127530 1.127530 1.127530 1.127530 1.127530 1.127530 1.127530 1.127530 1.127529 1.127527 1.127517 1.127480 1.127359 1.126978 1.125859 1.122799 1.115032 1.096840 1.057755 0.981317 0.846546 0.634989 0.344029 0.000000 
50.000000 37.082010 25.540776 16.314606 9.696653 5.420973 2.921875 1.594135 0.949845 0.662939 0.545165 0.500406 0.484595 0.479384 0.477777 0.477311 0.477184 0.477151 0.477143 0.477141 0.477141 0.477141 0.477141 0.477141 0.477141 0.477141 0.477141 0.477141 0.477141 0.477141 0.477141 0.477141 0.477141 0.477141 0.477140 0.477139 0.477134 0.477117 0.477059 0.476878 0.476351 0.474923 0.471337 0.463044 0.445492 0.411745 0.353356 0.263466 0.141997 0.000000 
50.000000 37.006223 25.397331 16.117156 9.460548 5.159965 2.646358 1.310940 0.662939 0.374389 0.255942 0.210929 0.195029 0.189789 0.188173 0.187704 0.187576 0.187543 0.187535 0.187534 0.187533 0.187533 0.187533 0.187533 0.187533 0.187533 0.187533 0.187533 0.187533 0.187533 0.187533 0.187533 0.187533 0.187533 0.187533 0.187532 0.187530 0.187523 0.187497 0.187420 0.187194 0.186588 0.185081 0.181632 0.174419 0.160738 0.137409 0.102013 0.054783 0.000000 
50.000000 36.975090 25.338410 16.036061 9.363591 5.052796 2.533245 1.194683 0.545165 0.255942 0.137221 0.092105 0.076169 0.070917 0.069296 0.068827 0.068699 0.068666 0.068658 0.068656 0.068655 0.068655 0.068655 0.068655 0.068655 0.068655 0.068655 0.068655 0.068655 0.068655 0.068655 0.068655 0.068655 0.068655 0.068655 0.068655 0.068654 0.068651 0.068641 0.068611 0.068522 0.068287 0.067705 0.066386 0.063654 0.058528 0.049886 0.036918 0.019774 0.000000 
50.000000 36.963250 25.316002 16.005226 9.326730 5.012057 2.490252 1.150499 0.500406 0.210929 0.092105 0.046949 0.030999 0.025743 0.024121 0.023652 0.023523 0.023490 0.023482 0.023480 0.023480 0.023480 0.023480 0.023480 0.023480 0.023480 0.023480 0.023480 0.023480 0.023480 0.023480 0.023480 0.023480 0.023480 0.023480 0.023480 0.023479 0.023478 0.023475 0.023464 0.023432 0.023347 0.023140 0.022673 0.021714 0.019929 0.016948 0.012512 0.006689 0.000000 
50.000000 36.959064 25.308082 15.994327 9.313704 4.997663 2.475062 1.134890 0.484595 0.195029 0.076169 0.030999 0.015045 0.009787 0.008165 0.007695 0.007566 0.007533 0.007525 0.007523 0.007523 0.007523 0.007523 0.007523 0.007523 0.007523 0.007523 0.007523 0.007523 0.007523 0.007523 0.007523 0.007523 0.007523 0.007523 0.007523 0.007523 0.007522 0.007521 0.007517 0.007507 0.007479 0.007410 0.007256 0.006942 0.006363 0.005401 0.003980 0.002125 0.000000 
50.000000 36.957683 25.305469 15.990733 9.309409 4.992918 2.470056 1.129746 0.479384 0.189789 0.070917 0.025743 0.009787 0.004528 0.002906 0.002436 0.002308 0.002275 0.002267 0.002265 0.002264 0.002264 0.002264 0.002264 0.002264 0.002264 0.002264 0.002264 0.002264 0.002264 0.002264 0.002264 0.002264 0.002264 0.002264 0.002264 0.002264 0.002264 0.002264 0.002262 0.002259 0.002250 0.002229 0.002182 0.002086 0.001910 0.001619 0.001191 0.000635 0.000000 
50.000000 36.957257 25.304663 15.989624 9.308084 4.991454 2.468511 1.128158 0.477777 0.188173 0.069296 0.024121 0.008165 0.002906 0.001284 0.000814 0.000685 0.000652 0.000644 0.000642 0.000642 0.000642 0.000642 0.000642 0.000642 0.000642 0.000642 0.000642 0.000642 0.000642 0.000642 0.000642 0.000642 0.000642 0.000642 0.000642 0.000642 0.000642 0.000642 0.000641 0.000640 0.000638 0.000632 0.000618 0.000590 0.000540 0.000457 0.000336 0.000179 0.000000 
50.000000 36.957133 25.304429 15.989302 9.307699 4.991029 2.468063 1.127698 0.477311 0.187704 0.068827 0.023652 0.007695 0.002436 0.000814 0.000344 0.000215 0.000182 0.000174 0.000172 0.000172 0.000172 0.000172 0.000172 0.000172 0.000172 0.000172 0.000172 0.000172 0.000172 0.000172 0.000172 0.000172 0.000172 0.000172 0.000172 0.000172 0.000172 0.000172 0.000172 0.000171 0.000171 0.000169 0.000165 0.000158 0.000144 0.000122 0.000090 0.000048 0.000000 
50.000000 36.957099 25.304365 15.989214 9.307594 4.990913 2.467941 1.127573 0.477184 0.187576 0.068699 0.023523 0.007566 0.002308 0.000685 0.000215 0.000087 0.000054 0.000046 0.000044 0.000044 0.000044 0.000044 0.000044 0.000044 0.000044 0.000044 0.000044 0.000044 0.000044 0.000044 0.000044 0.000044 0.000044 0.000044 0.000044 0.000044 0.000044 0.000044 0.000043 0.000043 0.000043 0.000043 0.000042 0.000040 0.000036 0.000031 0.000023 0.000012 0.000000 
50.000000 36.957091 25.304349 15.989192 9.307567 4.990883 2.467910 1.127541 0.477151 0.187543 0.068666 0.023490 0.007533 0.002275 0.000652 0.000182 0.000054 0.000021 0.000013 0.000011 0.000011 0.000010 0.000010 0.000010 0.000010 0.000010 0.000010 0.000010 0.000010 0.000010 0.000010 0.000010 0.000010 0.000010 0.000010 0.000010 0.000010 0.000010 0.000010 0.000010 0.000010 0.000010 0.000010 0.000010 0.000010 0.000009 0.000007 0.000005 0.000003 0.000000 
50.000000 36.957089 25.304345 15.989186 9.307561 4.990876 2.467902 1.127533 0.477143 0.187535 0.068658 0.023482 0.007525 0.002267 0.000644 0.000174 0.000046 0.000013 0.000005 0.000003 0.000002 0.000002 0.000002 0.000002 0.000002 0.000002 0.000002 0.000002 0.000002 0.000002 0.000002 0.000002 0.000002 0.000002 0.000002 0.000002 0.000002 0.000002 0.000002 0.000002 0.000002 0.000002 0.000002 0.000002 0.000002 0.000002 0.000002 0.000001 0.000001 0.000000 
50.000000 36.957088 25.304344 15.989185 9.307559 4.990874 2.467900 1.127531 0.477141 0.187534 0.068656 0.023480 0.007523 0.002265 0.000642 0.000172 0.000044 0.000011 0.000003 0.000001 0.000001 0.000001 0.000001 0.000001 0.000001 0.000001 0.000001 0.000001 0.000001 0.000001 0.000001 0.000001 0.000001 0.000001 0.000001 0.000001 0.000001 0.000001 0.000001 0.000001 0.000001 0.000001 0.000001 0.000000 0.000000 0.000000 0.000000 0.000000 0.000000 0.000000 
50.000000 36.957088 25.304343 15.989185 9.307559 4.990874 2.467900 1.127530 0.477141 0.187533 0.068655 0.023480 0.007523 0.002264 0.000642 0.000172 0.000044 0.000011 0.000002 0.000001 0.000000 0.000000 0.000000 0.000000 0.000000 0.000000 0.000000 0.000000 0.000000 0.000000 0.000000 0.000000 0.000000 0.000000 0.000000 0.000000 0.000000 0.000000 0.000000 0.000000 0.000000 0.000000 0.000000 0.000000 0.000000 0.000000 0.000000 0.000000 0.000000 0.000000 
50.000000 36.957088 25.304343 15.989185 9.307559 4.990874 2.467900 1.127530 0.477141 0.187533 0.068655 0.023480 0.007523 0.002264 0.000642 0.000172 0.000044 0.000010 0.000002 0.000001 0.000000 0.000000 0.000000 0.000000 0.000000 0.000000 0.000000 0.000000 0.000000 0.000000 0.000000 0.000000 0.000000 0.000000 0.000000 0.000000 0.000000 0.000000 0.000000 0.000000 0.000000 0.000000 0.000000 0.000000 0.000000 0.000000 0.000000 0.000000 0.000000 0.000000 
50.000000 36.957088 25.304343 15.989185 9.307559 4.990874 2.467900 1.127530 0.477141 0.187533 0.068655 0.023480 0.007523 0.002264 0.000642 0.000172 0.000044 0.000010 0.000002 0.000001 0.000000 0.000000 0.000000 0.000000 0.000000 0.000000 0.000000 0.000000 0.000000 0.000000 0.000000 0.000000 0.000000 0.000000 0.000000 0.000000 0.000000 0.000000 0.000000 0.000000 0.000000 0.000000 0.000000 0.000000 0.000000 0.000000 0.000000 0.000000 0.000000 0.000000 
50.000000 36.957088 25.304343 15.989185 9.307559 4.990874 2.467900 1.127530 0.477141 0.187533 0.068655 0.023480 0.007523 0.002264 0.000642 0.000172 0.000044 0.000010 0.000002 0.000001 0.000000 0.000000 0.000000 0.000000 0.000000 0.000000 0.000000 0.000000 0.000000 0.000000 0.000000 0.000000 0.000000 0.000000 0.000000 0.000000 0.000000 0.000000 0.000000 0.000000 0.000000 0.000000 0.000000 0.000000 0.000000 0.000000 0.000000 0.000000 0.000000 0.000000 
50.000000 36.957088 25.304343 15.989185 9.307559 4.990874 2.467900 1.127530 0.477141 0.187533 0.068655 0.023480 0.007523 0.002264 0.000642 0.000172 0.000044 0.000010 0.000002 0.000001 0.000000 0.000000 0.000000 0.000000 0.000000 0.000000 0.000000 0.000000 0.000000 0.000000 0.000000 0.000000 0.000000 0.000000 0.000000 0.000000 0.000000 0.000000 0.000000 0.000000 0.000000 0.000000 0.000000 0.000000 0.000000 0.000000 0.000000 0.000000 0.000000 0.000000 
50.000000 36.957088 25.304343 15.989185 9.307559 4.990874 2.467900 1.127530 0.477141 0.187533 0.068655 0.023480 0.007523 0.002264 0.000642 0.000172 0.000044 0.000010 0.000002 0.000001 0.000000 0.000000 0.000000 0.000000 0.000000 0.000000 0.000000 0.000000 0.000000 0.000000 0.000000 0.000000 0.000000 0.000000 0.000000 0.000000 0.000000 0.000000 0.000000 0.000000 0.000000 0.000000 0.000000 0.000000 0.000000 0.000000 0.000000 0.000000 0.000000 0.000000 
50.000000 36.957088 25.304343 15.989185 9.307559 4.990874 2.467900 1.127530 0.477141 0.187533 0.068655 0.023480 0.007523 0.002264 0.000642 0.000172 0.000044 0.000010 0.000002 0.000001 0.000000 0.000000 0.000000 0.000000 0.000000 0.000000 0.000000 0.000000 0.000000 0.000000 0.000000 0.000000 0.000000 0.000000 0.000000 0.000000 0.000000 0.000000 0.000000 0.000000 0.000000 0.000000 0.000000 0.000000 0.000000 0.000000 0.000000 0.000000 0.000000 0.000000 
50.000000 36.957088 25.304343 15.989185 9.307559 4.990874 2.467900 1.127530 0.477141 0.187533 0.068655 0.023480 0.007523 0.002264 0.000642 0.000172 0.000044 0.000010 0.000002 0.000001 0.000000 0.000000 0.000000 0.000000 0.000000 0.000000 0.000000 0.000000 0.000000 0.000000 0.000000 0.000000 0.000000 0.000000 0.000000 0.000000 0.000000 0.000000 0.000000 0.000000 0.000000 0.000000 0.000000 0.000000 0.000000 0.000000 0.000000 0.000000 0.000000 0.000000 
50.000000 36.957088 25.304343 15.989185 9.307559 4.990874 2.467900 1.127530 0.477141 0.187533 0.068655 0.023480 0.007523 0.002264 0.000642 0.000172 0.000044 0.000010 0.000002 0.000001 0.000000 0.000000 0.000000 0.000000 0.000000 0.000000 0.000000 0.000000 0.000000 0.000000 0.000000 0.000000 0.000000 0.000000 0.000000 0.000000 0.000000 0.000000 0.000000 0.000000 0.000000 0.000000 0.000000 0.000000 0.000000 0.000000 0.000000 0.000000 0.000000 0.000000 
50.000000 36.957088 25.304343 15.989185 9.307559 4.990874 2.467900 1.127530 0.477141 0.187533 0.068655 0.023480 0.007523 0.002264 0.000642 0.000172 0.000044 0.000011 0.000002 0.000001 0.000000 0.000000 0.000000 0.000000 0.000000 0.000000 0.000000 0.000000 0.000000 0.000000 0.000000 0.000000 0.000000 0.000000 0.000000 0.000000 0.000000 0.000000 0.000000 0.000000 0.000000 0.000000 0.000000 0.000000 0.000000 0.000000 0.000000 0.000000 0.000000 0.000000 
50.000000 36.957088 25.304344 15.989185 9.307559 4.990874 2.467900 1.127531 0.477141 0.187534 0.068656 0.023480 0.007523 0.002265 0.000642 0.000172 0.000044 0.000011 0.000003 0.000001 0.000001 0.000001 0.000001 0.000001 0.000001 0.000001 0.000001 0.000001 0.000001 0.000001 0.000001 0.000001 0.000001 0.000001 0.000001 0.000001 0.000001 0.000001 0.000001 0.000001 0.000001 0.000001 0.000001 0.000000 0.000000 0.000000 0.000000 0.000000 0.000000 0.000000 
50.000000 36.957089 25.304345 15.989186 9.307561 4.990876 2.467902 1.127533 0.477143 0.187535 0.068658 0.023482 0.007525 0.002267 0.000644 0.000174 0.000046 0.000013 0.000005 0.000003 0.000002 0.000002 0.000002 0.000002 0.000002 0.000002 0.000002 0.000002 0.000002 0.000002 0.000002 0.000002 0.000002 0.000002 0.000002 0.000002 0.000002 0.000002 0.000002 0.000002 0.000002 0.000002 0.000002 0.000002 0.000002 0.000002 0.000002 0.000001 0.000001 0.000000 
50.000000 36.957091 25.304349 15.989192 9.307567 4.990883 2.467910 1.127541 0.477151 0.187543 0.068666 0.023490 0.007533 0.002275 0.000652 0.000182 0.000054 0.000021 0.000013 0.000011 0.000011 0.000010 0.000010 0.000010 0.000010 0.000010 0.000010 0.000010 0.000010 0.000010 0.000010 0.000010 0.000010 0.000010 0.000010 0.000010 0.000010 0.000010 0.000010 0.000010 0.000010 0.000010 0.000010 0.000010 0.000010 0.000009 0.000007 0.000005 0.000003 0.000000 
50.000000 36.957099 25.304365 15.989214 9.307594 4.990913 2.467941 1.127573 0.477184 0.187576 0.068699 0.023523 0.007566 0.002308 0.000685 0.000215 0.000087 0.000054 0.000046 0.000044 0.000044 0.000044 0.000044 0.000044 0.000044 0.000044 0.000044 0.000044 0.000044 0.000044 0.000044 0.000044 0.000044 0.000044 0.000044 0.000044 0.000044 0.000044 0.000044 0.000043 0.000043 0.000043 0.000043 0.000042 0.000040 0.000036 0.000031 0.000023 0.000012 0.000000 
50.000000 36.957133 25.304429 15.989302 9.307699 4.991029 2.468063 1.127698 0.477311 0.187704 0.068827 0.023652 0.007695 0.002436 0.000814 0.000344 0.000215 0.000182 0.000174 0.000172 0.000172 0.000172 0.000172 0.000172 0.000172 0.000172 0.000172 0.000172 0.000172 0.000172 0.000172 0.000172 0.000172 0.000172 0.000172 0.000172 0.000172 0.000172 0.000172 0.000172 0.000171 0.000171 0.000169 0.000165 0.000158 0.000144 0.000122 0.000090 0.000048 0.000000 
50.000000 36.957257 25.304663 15.989624 9.308084 4.991454 2.468511 1.128158 0.477777 0.188173 0.069296 0.024121 0.008165 0.002906 0.001284 0.000814 0.000685 0.000652 0.000644 0.000642 0.000642 0.000642 0.000642 0.000642 0.000642 0.000642 0.000642 0.000642 0.000642 0.000642 0.000642 0.000642 0.000642 0.000642 0.000642 0.000642 0.000642 0.000642 0.000642 0.000641 0.000640 0.000638 0.000632 0.000618 0.000590 0.000540 0.000457 0.000336 0.000179 0.000000 
50.000000 36.957683 25.305469 15.990733 9.309409 4.992918 2.470056 1.129746 0.479384 0.189789 0.070917 0.025743 0.009787 0.004528 0.002906 0.002436 0.002308 0.002275 0.002267 0.002265 0.002264 0.002264 0.002264 0.002264 0.002264 0.002264 0.002264 0.002264 0.002264 0.002264 0.002264 0.002264 0.002264 0.002264 0.002264 0.002264 0.002264 0.002264 0.002264 0.002262 0.002259 0.002250 0.002229 0.002182 0.002086 0.001910 0.001619 0.001191 0.000635 0.000000 
50.000000 36.959064 25.308082 15.994327 9.313704 4.997663 2.475062 1.134890 0.484595 0.195029 0.076169 0.030999 0.015045 0.009787 0.008165 0.007695 0.007566 0.007533 0.007525 0.007523 0.007523 0.007523 0.007523 0.007523 0.007523 0.007523 0.007523 0.007523 0.007523 0.007523 0.007523 0.007523 0.007523 0.007523 0.007523 0.007523 0.007523 0.007522 0.007521 0.007517 0.007507 0.007479 0.007410 0.007256 0.006942 0.006363 0.005401 0.003980 0.002125 0.000000 
50.000000 36.963250 25.316002 16.005226 9.326730 5.012057 2.490252 1.150499 0.500406 0.210929 0.092105 0.046949 0.030999 0.025743 0.024121 0.023652 0.023523 0.023490 0.023482 0.023480 0.023480 0.023480 0.023480 0.023480 0.023480 0.023480 0.023480 0.023480 0.023480 0.023480 0.023480 0.023480 0.023480 0.023480 0.023480 0.023480 0.023479 0.023478 0.023475 0.023464 0.023432 0.023347 0.023140 0.022673 0.021714 0.019929 0.016948 0.012512 0.006689 0.000000 
50.000000 36.975090 25.338410 16.036061 9.363591 5.052796 2.533245 1.194683 0.545165 0.255942 0.137221 0.092105 0.076169 0.070917 0.069296 0.068827 0.068699 0.068666 0.068658 0.068656 0.068655 0.068655 0.068655 0.068655 0.068655 0.068655 0.068655 0.068655 0.068655 0.068655 0.068655 0.068655 0.068655 0.068655 0.068655 0.068655 0.068654 0.068651 0.068641 0.068611 0.068522 0.068287 0.067705 0.066386 0.063654 0.058528 0.049886 0.036918 0.019774 0.000000 
50.000000 37.006223 25.397331 16.117156 9.460548 5.159965 2.646358 1.310940 0.662939 0.374389 0.255942 0.210929 0.195029 0.189789 0.188173 0.187704 0.187576 0.187543 0.187535 0.187534 0.187533 0.187533 0.187533 0.187533 0.187533 0.187533 0.187533 0.187533 0.187533 0.187533 0.187533 0.187533 0.187533 0.187533 0.187533 0.187532 0.187530 0.187523 0.187497 0.187420 0.187194 0.186588 0.185081 0.181632 0.174419 0.160738 0.137409 0.102013 0.054783 0.000000 
50.000000 37.082010 25.540776 16.314606 9.696653 5.420973 2.921875 1.594135 0.949845 0.662939 0.545165 0.500406 0.484595 0.479384 0.477777 0.477311 0.477184 0.477151 0.477143 0.477141 0.477141 0.477141 0.477141 0.477141 0.477141 0.477141 0.477141 0.477141 0.477141 0.477141 0.477141 0.477141 0.477141 0.477141 0.477140 0.477139 0.477134 0.477117 0.477059 0.476878 0.476351 0.474923 0.471337 0.463044 0.445492 0.411745 0.353356 0.263466 0.141997 0.000000 
50.000000 37.252087 25.862713 16.757801 10.226679 6.006978 3.540515 2.230064 1.594135 1.310940 1.194683 1.150499 1.134890 1.129746 1.128158 1.127698 1.127573 1.127541 1.127533 1.127531 1.127530 1.127530 1.127530 1.127530 1.127530 1.127530 1.127530 1.127530 1.127530 1.127530 1.127530 1.127530 1.127530 1.127530 1.127529 1.127527 1.127517 1.127480 1.127359 1.126978 1.125859 1.122799 1.115032 1.096840 1.057755 0.981317 0.846546 0.634989 0.344029 0.000000 
50.000000 37.602357 26.525788 17.670723 11.318597 7.214359 4.815256 3.540515 2.921875 2.646358 2.533245 2.490252 2.475062 2.470056 2.468511 2.468063 2.467941 2.467910 2.467902 2.467900 2.467900 2.467900 2.467900 2.467900 2.467900 2.467900 2.467900 2.467900 2.467900 2.467900 2.467900 2.467900 2.467900 2.467899 2.467898 2.467893 2.467874 2.467806 2.467579 2.466859 2.464727 2.458831 2.443676 2.407628 2.328747 2.171114 1.886250 1.427053 0.779325 0.000000 
50.000000 38.261270 27.773220 19.388357 13.373233 9.486494 7.214359 6.006978 5.420973 5.159965 5.052796 5.012057 4.997663 4.992918 4.991454 4.991029 4.990913 4.990883 4.990876 4.990874 4.990874 4.990874 4.990874 4.990874 4.990874 4.990874 4.990874 4.990874 4.990874 4.990874 4.990874 4.990874 4.990874 4.990873 4.990871 4.990863 4.990832 4.990721 4.990344 4.989142 4.985546 4.975482 4.949223 4.885612 4.743247 4.450858 3.905000 2.992005 1.654862 0.000000 
50.000000 39.388037 29.906505 22.326009 16.887594 13.373233 11.318597 10.226679 9.696653 9.460548 9.363591 9.326730 9.313704 9.309409 9.308084 9.307699 9.307594 9.307567 9.307561 9.307559 9.307559 9.307559 9.307559 9.307559 9.307559 9.307559 9.307559 9.307559 9.307559 9.307559 9.307559 9.307559 9.307559 9.307558 9.307555 9.307544 9.307500 9.307341 9.306801 9.305063 9.299810 9.284907 9.245362 9.147483 8.922375 8.443797 7.510903 5.866959 3.315970 0.000000 
50.000000 41.131335 33.207221 26.871607 22.326009 19.388357 17.670723 16.757801 16.314606 16.117156 16.036061 16.005226 15.994327 15.990733 15.989624 15.989302 15.989214 15.989192 15.989186 15.989185 15.989185 15.989185 15.989185 15.989185 15.989185 15.989185 15.989185 15.989185 15.989185 15.989185 15.989185 15.989185 15.989184 15.989184 15.989180 15.989167 15.989115 15.988926 15.988278 15.986175 15.979747 15.961251 15.911255 15.784473 15.483357 14.815106 13.435803 10.816389 6.358592 0.000000 
50.000000 43.560897 37.807471 33.207221 29.906505 27.773220 26.525788 25.862713 25.540776 25.397331 25.338410 25.316002 25.308082 25.305469 25.304663 25.304429 25.304365 25.304349 25.304345 25.304344 25.304343 25.304343 25.304343 25.304343 25.304343 25.304343 25.304343 25.304343 25.304343 25.304343 25.304343 25.304343 25.304343 25.304342 25.304339 25.304327 25.304278 25.304101 25.303490 25.301492 25.295318 25.277310 25.227724 25.098735 24.781215 24.039546 22.390832 18.903736 11.988270 0.000000 
50.000000 46.599411 43.560897 41.131335 39.388037 38.261270 37.602357 37.252087 37.082010 37.006223 36.975090 36.963250 36.959064 36.957683 36.957257 36.957133 36.957099 36.957091 36.957089 36.957088 36.957088 36.957088 36.957088 36.957088 36.957088 36.957088 36.957088 36.957088 36.957088 36.957088 36.957088 36.957088 36.957088 36.957087 36.957085 36.957078 36.957048 36.956939 36.956561 36.955316 36.951441 36.940013 36.908057 36.823032 36.606408 36.072067 34.772744 31.572627 23.299705 0.000000 
50.000000 50.000000 50.000000 50.000000 50.000000 50.000000 50.000000 50.000000 50.000000 50.000000 50.000000 50.000000 50.000000 50.000000 50.000000 50.000000 50.000000 50.000000 50.000000 50.000000 50.000000 50.000000 50.000000 50.000000 50.000000 50.000000 50.000000 50.000000 50.000000 50.000000 50.000000 50.000000 50.000000 50.000000 50.000000 50.000000 50.000000 50.000000 50.000000 50.000000 50.000000 50.000000 50.000000 50.000000 50.000000 50.000000 50.000000 50.000000 50.000000 50.000000 
