50.000000 50.000000 50.000000 50.000000 50.000000 50.000000 50.000000 50.000000 50.000000 50.000000 50.000000 50.000000 50.000000 50.000000 50.000000 50.000000 50.000000 50.000000 50.000000 50.000000 50.000000 50.000000 50.000000 50.000000 50.000000 50.000000 50.000000 50.000000 50.000000 50.000000 50.000000 50.000000 50.000000 50.000000 50.000000 50.000000 50.000000 50.000000 50.000000 50.000000 50.000000 50.000000 50.000000 50.000000 50.000000 50.000000 50.000000 50.000000 50.000000 50.000000 
50.000000 47.524303 45.240740 43.296820 41.768034 40.655631 39.905353 39.435301 39.161128 39.011881 38.935874 38.899573 38.883274 38.876378 38.873622 38.872580 38.872206 38.872079 38.872037 38.872025 38.872021 38.872020 38.872019 38.872019 38.872019 38.872019 38.872019 38.872019 38.872019 38.872019 38.872019 38.872018 38.872016 38.872008 38.871983 38.871904 38.871667 38.870992 38.869148 38.864323 38.852237 38.823175 38.755900 38.605162 38.275450 37.561828 36.001754 32.454989 23.762152 0.000000 
50.000000 45.240740 40.850859 37.113939 34.175101 32.036735 30.594511 29.690980 29.163982 28.877118 28.731033 28.661265 28.629940 28.616688 28.611393 28.609390 28.608672 28.608427 28.608348 28.608323 28.608316 28.608314 28.608314 28.608313 28.608313 28.608313 28.608313 28.608313 28.608313 28.608313 28.608313 28.608312 28.608308 28.608294 28.608250 28.608113 28.607706 28.606547 28.603394 28.595194 28.574805 28.526290 28.415638 28.173105 27.660283 26.609142 24.510496 20.425430 12.785751 0.000000 
50.000000 43.296820 37.113939 31.850795 27.711779 24.700224 22.669150 21.396767 20.654664 20.250734 20.045044 19.946815 19.902716 19.884060 19.876606 19.873787 19.872777 19.872432 19.872320 19.872286 19.872275 19.872273 19.872272 19.872272 19.872272 19.872272 19.872272 19.872272 19.872271 19.872271 19.872271 19.872270 19.872265 19.872249 19.872197 19.872035 19.871557 19.870204 19.866545 19.857106 19.833879 19.779371 19.657365 19.396819 18.865818 17.833571 15.925398 12.603443 7.295066 0.000000 
50.000000 41.768034 34.175101 27.711779 22.629062 18.931001 16.437037 14.874751 13.963619 13.467715 13.215208 13.094630 13.040501 13.017604 13.008456 13.004998 13.003757 13.003335 13.003198 13.003155 13.003143 13.003139 13.003138 13.003138 13.003138 13.003138 13.003138 13.003138 13.003138 13.003138 13.003137 13.003136 13.003131 13.003116 13.003066 13.002912 13.002457 13.001177 12.997741 12.988959 12.967599 12.918220 12.809831 12.584234 12.139889 11.314531 9.878208 7.565959 4.206206 0.000000 
50.000000 40.655631 32.036735 24.700224 18.931001 14.733610 11.903027 10.129968 9.095972 8.533234 8.246717 8.109908 8.048498 8.022523 8.012147 8.008224 8.006818 8.006338 8.006183 8.006135 8.006120 8.006116 8.006115 8.006115 8.006115 8.006115 8.006115 8.006115 8.006115 8.006115 8.006115 8.006113 8.006110 8.006097 8.006056 8.005929 8.005557 8.004517 8.001747 7.994734 7.977878 7.939478 7.856736 7.688502 7.366805 6.791112 5.834405 4.376452 2.380181 0.000000 
50.000000 39.905353 30.594511 22.669150 16.437037 11.903027 8.845569 6.930489 5.813732 5.205990 4.896579 4.748849 4.682542 4.654497 4.643296 4.639061 4.637543 4.637026 4.636858 4.636806 4.636791 4.636786 4.636785 4.636785 4.636785 4.636785 4.636785 4.636785 4.636785 4.636785 4.636784 4.636783 4.636781 4.636771 4.636741 4.636649 4.636380 4.635633 4.633659 4.628707 4.616936 4.590485 4.534437 4.422784 4.214525 3.852803 3.272331 2.421406 1.300190 0.000000 
50.000000 39.435301 29.690980 21.396767 14.874751 10.129968 6.930489 4.926534 3.758006 3.122121 2.798401 2.643847 2.574481 2.545146 2.533429 2.529000 2.527412 2.526871 2.526696 2.526641 2.526625 2.526621 2.526620 2.526619 2.526619 2.526619 2.526619 2.526619 2.526619 2.526619 2.526619 2.526618 2.526617 2.526610 2.526591 2.526530 2.526356 2.525873 2.524607 2.521457 2.514048 2.497604 2.463267 2.396052 2.273232 2.064921 1.739402 1.275342 0.679402 0.000000 
50.000000 39.161128 29.163982 20.654664 13.963619 9.095972 5.813732 3.758006 2.559330 1.907065 1.575020 1.416499 1.345356 1.315270 1.303254 1.298712 1.297084 1.296530 1.296350 1.296294 1.296278 1.296273 1.296272 1.296271 1.296271 1.296271 1.296271 1.296271 1.296271 1.296271 1.296271 1.296271 1.296270 1.296266 1.296254 1.296218 1.296115 1.295831 1.295091 1.293265 1.289009 1.279665 1.260402 1.223247 1.156494 1.045399 0.875294 0.637692 0.337953 0.000000 
50.000000 39.011881 28.877118 20.250734 13.467715 8.533234 5.205990 3.122121 1.907065 1.245905 0.909341 0.748668 0.676561 0.646068 0.633891 0.629288 0.627638 0.627076 0.626893 0.626837 0.626820 0.626816 0.626814 0.626814 0.626814 0.626814 0.626814 0.626814 0.626814 0.626814 0.626814 0.626814 0.626813 0.626811 0.626804 0.626785 0.626729 0.626575 0.626178 0.625204 0.622952 0.618057 0.608073 0.589054 0.555356 0.500115 0.416855 0.302312 0.159644 0.000000 
50.000000 38.935874 28.731033 20.045044 13.215208 8.246717 4.896579 2.798401 1.575020 0.909341 0.570482 0.408717 0.336122 0.305423 0.293164 0.288530 0.286869 0.286303 0.286120 0.286063 0.286046 0.286041 0.286040 0.286040 0.286040 0.286040 0.286040 0.286040 0.286040 0.286040 0.286040 0.286039 0.286039 0.286038 0.286035 0.286025 0.285997 0.285920 0.285722 0.285241 0.284137 0.281755 0.276944 0.267873 0.251983 0.226249 0.187938 0.135839 0.071551 0.000000 
50.000000 38.899573 28.661265 19.946815 13.094630 8.109908 4.748849 2.643847 1.416499 0.748668 0.408717 0.246433 0.173605 0.142809 0.130510 0.125862 0.124196 0.123628 0.123444 0.123387 0.123370 0.123365 0.123364 0.123364 0.123364 0.123364 0.123364 0.123364 0.123364 0.123364 0.123364 0.123364 0.123363 0.123363 0.123361 0.123357 0.123344 0.123308 0.123216 0.122995 0.122490 0.121408 0.119241 0.115190 0.108161 0.096889 0.080270 0.057871 0.030425 0.000000 
50.000000 38.883274 28.629940 19.902716 13.040501 8.048498 4.682542 2.574481 1.345356 0.676561 0.336122 0.173605 0.100673 0.069833 0.057518 0.052863 0.051194 0.050626 0.050441 0.050384 0.050367 0.050363 0.050361 0.050361 0.050361 0.050361 0.050361 0.050361 0.050361 0.050361 0.050361 0.050361 0.050361 0.050361 0.050360 0.050358 0.050352 0.050337 0.050297 0.050202 0.049985 0.049525 0.048608 0.046908 0.043981 0.039324 0.032511 0.023393 0.012281 0.000000 
50.000000 38.876378 28.616688 19.884060 13.017604 8.022523 4.654497 2.545146 1.315270 0.646068 0.305423 0.142809 0.069833 0.038975 0.026652 0.021994 0.020325 0.019756 0.019572 0.019515 0.019498 0.019493 0.019492 0.019491 0.019491 0.019491 0.019491 0.019491 0.019491 0.019491 0.019491 0.019491 0.019491 0.019491 0.019491 0.019490 0.019488 0.019481 0.019465 0.019427 0.019339 0.019155 0.018790 0.018117 0.016966 0.015147 0.012502 0.008982 0.004710 0.000000 
50.000000 38.873622 28.611393 19.876606 13.008456 8.012147 4.643296 2.533429 1.303254 0.633891 0.293164 0.130510 0.057518 0.026652 0.014326 0.009667 0.007997 0.007428 0.007244 0.007187 0.007170 0.007165 0.007164 0.007164 0.007163 0.007163 0.007163 0.007163 0.007163 0.007163 0.007163 0.007163 0.007163 0.007163 0.007163 0.007163 0.007162 0.007160 0.007153 0.007139 0.007106 0.007036 0.006899 0.006647 0.006218 0.005545 0.004570 0.003280 0.001718 0.000000 
50.000000 38.872580 28.609390 19.873787 13.004998 8.008224 4.639061 2.529000 1.298712 0.629288 0.288530 0.125862 0.052863 0.021994 0.009667 0.005008 0.003338 0.002769 0.002584 0.002527 0.002511 0.002506 0.002505 0.002504 0.002504 0.002504 0.002504 0.002504 0.002504 0.002504 0.002504 0.002504 0.002504 0.002504 0.002504 0.002504 0.002504 0.002503 0.002500 0.002495 0.002483 0.002458 0.002409 0.002320 0.002169 0.001932 0.001591 0.001140 0.000597 0.000000 
50.000000 38.872206 28.608672 19.872777 13.003757 8.006818 4.637543 2.527412 1.297084 0.627638 0.286869 0.124196 0.051194 0.020325 0.007997 0.003338 0.001668 0.001099 0.000914 0.000857 0.000840 0.000836 0.000834 0.000834 0.000834 0.000834 0.000834 0.000834 0.000834 0.000834 0.000834 0.000834 0.000834 0.000834 0.000834 0.000834 0.000834 0.000833 0.000833 0.000831 0.000827 0.000818 0.000802 0.000772 0.000721 0.000641 0.000528 0.000378 0.000198 0.000000 
50.000000 38.872079 28.608427 19.872432 13.003335 8.006338 4.637026 2.526871 1.296530 0.627076 0.286303 0.123628 0.050626 0.019756 0.007428 0.002769 0.001099 0.000530 0.000345 0.000288 0.000271 0.000267 0.000265 0.000265 0.000265 0.000265 0.000265 0.000265 0.000265 0.000265 0.000265 0.000265 0.000265 0.000265 0.000265 0.000265 0.000265 0.000265 0.000265 0.000264 0.000263 0.000260 0.000255 0.000245 0.000229 0.000203 0.000167 0.000120 0.000063 0.000000 
50.000000 38.872037 28.608348 19.872320 13.003198 8.006183 4.636858 2.526696 1.296350 0.626893 0.286120 0.123444 0.050441 0.019572 0.007244 0.002584 0.000914 0.000345 0.000161 0.000104 0.000087 0.000082 0.000081 0.000081 0.000080 0.000080 0.000080 0.000080 0.000080 0.000080 0.000080 0.000080 0.000080 0.000080 0.000080 0.000080 0.000080 0.000080 0.000080 0.000080 0.000080 0.000079 0.000077 0.000074 0.000069 0.000062 0.000051 0.000036 0.000019 0.000000 
50.000000 38.872025 28.608323 19.872286 13.003155 8.006135 4.636806 2.526641 1.296294 0.626837 0.286063 0.123387 0.050384 0.019515 0.007187 0.002527 0.000857 0.000288 0.000104 0.000047 0.000030 0.000025 0.000024 0.000023 0.000023 0.000023 0.000023 0.000023 0.000023 0.000023 0.000023 0.000023 0.000023 0.000023 0.000023 0.000023 0.000023 0.000023 0.000023 0.000023 0.000023 0.000023 0.000022 0.000022 0.000020 0.000018 0.000015 0.000010 0.000005 0.000000 
50.000000 38.872021 28.608316 19.872275 13.003143 8.006120 4.636791 2.526625 1.296278 0.626820 0.286046 0.123370 0.050367 0.019498 0.007170 0.002511 0.000840 0.000271 0.000087 0.000030 0.000013 0.000008 0.000007 0.000007 0.000007 0.000007 0.000007 0.000007 0.000007 0.000007 0.000007 0.000007 0.000007 0.000007 0.000007 0.000007 0.000007 0.000006 0.000006 0.000006 0.000006 0.000006 0.000006 0.000006 0.000006 0.000005 0.000004 0.000003 0.000002 0.000000 
50.000000 38.872020 28.608314 19.872273 13.003139 8.006116 4.636786 2.526621 1.296273 0.626816 0.286041 0.123365 0.050363 0.019493 0.007165 0.002506 0.000836 0.000267 0.000082 0.000025 0.000008 0.000003 0.000002 0.000002 0.000002 0.000002 0.000002 0.000002 0.000002 0.000002 0.000002 0.000002 0.000002 0.000002 0.000002 0.000002 0.000002 0.000002 0.000002 0.000002 0.000002 0.000002 0.000002 0.000002 0.000001 0.000001 0.000001 0.000001 0.000000 0.000000 
50.000000 38.872019 28.608314 19.872272 13.003138 8.006115 4.636785 2.526620 1.296272 0.626814 0.286040 0.123364 0.050361 0.019492 0.007164 0.002505 0.000834 0.000265 0.000081 0.000024 0.000007 0.000002 0.000001 0.000001 0.000000 0.000000 0.000000 0.000000 0.000000 0.000000 0.000000 0.000000 0.000000 0.000000 0.000000 0.000000 0.000000 0.000000 0.000000 0.000000 0.000000 0.000000 0.000000 0.000000 0.000000 0.000000 0.000000 0.000000 0.000000 0.000000 
50.000000 38.872019 28.608313 19.872272 13.003138 8.006115 4.636785 2.526619 1.296271 0.626814 0.286040 0.123364 0.050361 0.019491 0.007164 0.002504 0.000834 0.000265 0.000081 0.000023 0.000007 0.000002 0.000001 0.000000 0.000000 0.000000 0.000000 0.000000 0.000000 0.000000 0.000000 0.000000 0.000000 0.000000 0.000000 0.000000 0.000000 0.000000 0.000000 0.000000 0.000000 0.000000 0.000000 0.000000 0.000000 0.000000 0.000000 0.000000 0.000000 0.000000 
50.000000 38.872019 28.608313 19.872272 13.003138 8.006115 4.636785 2.526619 1.296271 0.626814 0.286040 0.123364 0.050361 0.019491 0.007164 0.002504 0.000834 0.000265 0.000080 0.000023 0.000007 0.000002 0.000000 0.000000 0.000000 0.000000 0.000000 0.000000 0.000000 0.000000 0.000000 0.000000 0.000000 0.000000 0.000000 0.000000 0.000000 0.000000 0.000000 0.000000 0.000000 0.000000 0.000000 0.000000 0.000000 0.000000 0.000000 0.000000 0.000000 0.000000 
50.000000 38.872019 28.608313 19.872272 13.003138 8.006115 4.636785 2.526619 1.296271 0.626814 0.286040 0.123364 0.050361 0.019491 0.007164 0.002504 0.000834 0.000265 0.000080 0.000023 0.000007 0.000002 0.000000 0.000000 0.000000 0.000000 0.000000 0.000000 0.000000 0.000000 0.000000 0.000000 0.000000 0.000000 0.000000 0.000000 0.000000 0.000000 0.000000 0.000000 0.000000 0.000000 0.000000 0.000000 0.000000 0.000000 0.000000 0.000000 0.000000 0.000000 
50.000000 38.872019 28.608313 19.872272 13.003138 8.006115 4.636785 2.526619 1.296271 0.626814 0.286040 0.123364 0.050361 0.019491 0.007164 0.002504 0.000834 0.000265 0.000081 0.000023 0.000007 0.000002 0.000001 0.000000 0.000000 0.000000 0.000000 0.000000 0.000000 0.000000 0.000000 0.000000 0.000000 0.000000 0.000000 0.000000 0.000000 0.000000 0.000000 0.000000 0.000000 0.000000 0.000000 0.000000 0.000000 0.000000 0.000000 0.000000 0.000000 0.000000 
50.000000 38.872019 28.608314 19.872272 13.003138 8.006115 4.636785 2.526620 1.296272 0.626814 0.286040 0.123364 0.050361 0.019492 0.007164 0.002505 0.000834 0.000265 0.000081 0.000024 0.000007 0.000002 0.000001 0.000001 0.000000 0.000000 0.000000 0.000000 0.000000 0.000000 0.000000 0.000000 0.000000 0.000000 0.000000 0.000000 0.000000 0.000000 0.000000 0.000000 0.000000 0.000000 0.000000 0.000000 0.000000 0.000000 0.000000 0.000000 0.000000 0.000000 
50.000000 38.872020 28.608314 19.872273 13.003139 8.006116 4.636786 2.526621 1.296273 0.626816 0.286041 0.123365 0.050363 0.019493 0.007165 0.002506 0.000836 0.000267 0.000082 0.000025 0.000008 0.000003 0.000002 0.000002 0.000002 0.000002 0.000002 0.000002 0.000002 0.000002 0.000002 0.000002 0.000002 0.000002 0.000002 0.000002 0.000002 0.000002 0.000002 0.000002 0.000002 0.000002 0.000002 0.000002 0.000001 0.000001 0.000001 0.000001 0.000000 0.000000 
50.000000 38.872021 28.608316 19.872275 13.003143 8.006120 4.636791 2.526625 1.296278 0.626820 0.286046 0.123370 0.050367 0.019498 0.007170 0.002511 0.000840 0.000271 0.000087 0.000030 0.000013 0.000008 0.000007 0.000007 0.000007 0.000007 0.000007 0.000007 0.000007 0.000007 0.000007 0.000007 0.000007 0.000007 0.000007 0.000007 0.000007 0.000006 0.000006 0.000006 0.000006 0.000006 0.000006 0.000006 0.000006 0.000005 0.000004 0.000003 0.000002 0.000000 
50.000000 38.872025 28.608323 19.872286 13.003155 8.006135 4.636806 2.526641 1.296294 0.626837 0.286063 0.123387 0.050384 0.019515 0.007187 0.002527 0.000857 0.000288 0.000104 0.000047 0.000030 0.000025 0.000024 0.000023 0.000023 0.000023 0.000023 0.000023 0.000023 0.000023 0.000023 0.000023 0.000023 0.000023 0.000023 0.000023 0.000023 0.000023 0.000023 0.000023 0.000023 0.000023 0.000022 0.000022 0.000020 0.000018 0.000015 0.000010 0.000005 0.000000 
50.000000 38.872037 28.608348 19.872320 13.003198 8.006183 4.636858 2.526696 1.296350 0.626893 0.286120 0.123444 0.050441 0.019572 0.007244 0.002584 0.000914 0.000345 0.000161 0.000104 0.000087 0.000082 0.000081 0.000081 0.000080 0.000080 0.000080 0.000080 0.000080 0.000080 0.000080 0.000080 0.000080 0.000080 0.000080 0.000080 0.000080 0.000080 0.000080 0.000080 0.000080 0.000079 0.000077 0.000074 0.000069 0.000062 0.000051 0.000036 0.000019 0.000000 
50.000000 38.872079 28.608427 19.872432 13.003335 8.006338 4.637026 2.526871 1.296530 0.627076 0.286303 0.123628 0.050626 0.019756 0.007428 0.002769 0.001099 0.000530 0.000345 0.000288 0.000271 0.000267 0.000265 0.000265 0.000265 0.000265 0.000265 0.000265 0.000265 0.000265 0.000265 0.000265 0.000265 0.000265 0.000265 0.000265 0.000265 0.000265 0.000265 0.000264 0.000263 0.000260 0.000255 0.000245 0.000229 0.000203 0.000167 0.000120 0.000063 0.000000 
50.000000 38.872206 28.608672 19.872777 13.003757 8.006818 4.637543 2.527412 1.297084 0.627638 0.286869 0.124196 0.051194 0.020325 0.007997 0.003338 0.001668 0.001099 0.000914 0.000857 0.000840 0.000836 0.000834 0.000834 0.000834 0.000834 0.000834 0.000834 0.000834 0.000834 0.000834 0.000834 0.000834 0.000834 0.000834 0.000834 0.000834 0.000833 0.000833 0.000831 0.000827 0.000818 0.000802 0.000772 0.000721 0.000641 0.000528 0.000378 0.000198 0.000000 
50.000000 38.872580 28.609390 19.873787 13.004998 8.008224 4.639061 2.529000 1.298712 0.629288 0.288530 0.125862 0.052863 0.021994 0.009667 0.005008 0.003338 0.002769 0.002584 0.002527 0.002511 0.002506 0.002505 0.002504 0.002504 0.002504 0.002504 0.002504 0.002504 0.002504 0.002504 0.002504 0.002504 0.002504 0.002504 0.002504 0.002504 0.002503 0.002500 0.002495 0.002483 0.002458 0.002409 0.002320 0.002169 0.001932 0.001591 0.001140 0.000597 0.000000 
50.000000 38.873622 28.611393 19.876606 13.008456 8.012147 4.643296 2.533429 1.303254 0.633891 0.293164 0.130510 0.057518 0.026652 0.014326 0.009667 0.007997 0.007428 0.007244 0.007187 0.007170 0.007165 0.007164 0.007164 0.007163 0.007163 0.007163 0.007163 0.007163 0.007163 0.007163 0.007163 0.007163 0.007163 0.007163 0.007163 0.007162 0.007160 0.007153 0.007139 0.007106 0.007036 0.006899 0.006647 0.006218 0.005545 0.004570 0.003280 0.001718 0.000000 
50.000000 38.876378 28.616688 19.884060 13.017604 8.022523 4.654497 2.545146 1.315270 0.646068 0.305423 0.142809 0.069833 0.038975 0.026652 0.021994 0.020325 0.019756 0.019572 0.019515 0.019498 0.019493 0.019492 0.019491 0.019491 0.019491 0.019491 0.019491 0.019491 0.019491 0.019491 0.019491 0.019491 0.019491 0.019491 0.019490 0.019488 0.019481 0.019465 0.019427 0.019339 0.019155 0.018790 0.018117 0.016966 0.015147 0.012502 0.008982 0.004710 0.000000 
50.000000 38.883274 28.629940 19.902716 13.040501 8.048498 4.682542 2.574481 1.345356 0.676561 0.336122 0.173605 0.100673 0.069833 0.057518 0.052863 0.051194 0.050626 0.050441 0.050384 0.050367 0.050363 0.050361 0.050361 0.050361 0.050361 0.050361 0.050361 0.050361 0.050361 0.050361 0.050361 0.050361 0.050361 0.050360 0.050358 0.050352 0.050337 0.050297 0.050202 0.049985 0.049525 0.048608 0.046908 0.043981 0.039324 0.032511 0.023393 0.012281 0.000000 
50.000000 38.899573 28.661265 19.946815 13.094630 8.109908 4.748849 2.643847 1.416499 0.748668 0.408717 0.246433 0.173605 0.142809 0.130510 0.125862 0.124196 0.123628 0.123444 0.123387 0.123370 0.123365 0.123364 0.123364 0.123364 0.123364 0.123364 0.123364 0.123364 0.123364 0.123364 0.123364 0.123363 0.123363 0.123361 0.123357 0.123344 0.123308 0.123216 0.122995 0.122490 0.121408 0.119241 0.115190 0.108161 0.096889 0.080270 0.057871 0.030425 0.000000 
50.000000 38.935874 28.731033 20.045044 13.215208 8.246717 4.896579 2.798401 1.575020 0.909341 0.570482 0.408717 0.336122 0.305423 0.293164 0.288530 0.286869 0.286303 0.286120 0.286063 0.286046 0.286041 0.286040 0.286040 0.286040 0.286040 0.286040 0.286040 0.286040 0.286040 0.286040 0.286039 0.286039 0.286038 0.286035 0.286025 0.285997 0.285920 0.285722 0.285241 0.284137 0.281755 0.276944 0.267873 0.251983 0.226249 0.187938 0.135839 0.071551 0.000000 
50.000000 39.011881 28.877118 20.250734 13.467715 8.533234 5.205990 3.122121 1.907065 1.245905 0.909341 0.748668 0.676561 0.646068 0.633891 0.629288 0.627638 0.627076 0.626893 0.626837 0.626820 0.626816 0.626814 0.626814 0.626814 0.626814 0.626814 0.626814 0.626814 0.626814 0.626814 0.626814 0.626813 0.626811 0.626804 0.626785 0.626729 0.626575 0.626178 0.625204 0.622952 0.618057 0.608073 0.589054 0.555356 0.500115 0.416855 0.302312 0.159644 0.000000 
50.000000 39.161128 29.163982 20.654664 13.963619 9.095972 5.813732 3.758006 2.559330 1.907065 1.575020 1.416499 1.345356 1.315270 1.303254 1.298712 1.297084 1.296530 1.296350 1.296294 1.296278 1.296273 1.296272 1.296271 1.296271 1.296271 1.296271 1.296271 1.296271 1.296271 1.296271 1.296271 1.296270 1.296266 1.296254 1.296218 1.296115 1.295831 1.295091 1.293265 1.289009 1.279665 1.260402 1.223247 1.156494 1.045399 0.875294 0.637692 0.337953 0.000000 
50.000000 39.435301 29.690980 21.396767 14.874751 10.129968 6.930489 4.926534 3.758006 3.122121 2.798401 2.643847 2.574481 2.545146 2.533429 2.529000 2.527412 2.526871 2.526696 2.526641 2.526625 2.526621 2.526620 2.526619 2.526619 2.526619 2.526619 2.526619 2.526619 2.526619 2.526619 2.526618 2.526617 2.526610 2.526591 2.526530 2.526356 2.525873 2.524607 2.521457 2.514048 2.497604 2.463267 2.396052 2.273232 2.064921 1.739402 1.275342 0.679402 0.000000 
50.000000 39.905353 30.594511 22.669150 16.437037 11.903027 8.845569 6.930489 5.813732 5.205990 4.896579 4.748849 4.682542 4.654497 4.643296 4.639061 4.637543 4.637026 4.636858 4.636806 4.636791 4.636786 4.636785 4.636785 4.636785 4.636785 4.636785 4.636785 4.636785 4.636785 4.636784 4.636783 4.636781 4.636771 4.636741 4.636649 4.636380 4.635633 4.633659 4.628707 4.616936 4.590485 4.534437 4.422784 4.214525 3.852803 3.272331 2.421406 1.300190 0.000000 
50.000000 40.655631 32.036735 24.700224 18.931001 14.733610 11.903027 10.129968 9.095972 8.533234 8.246717 8.109908 8.048498 8.022523 8.012147 8.008224 8.006818 8.006338 8.006183 8.006135 8.006120 8.006116 8.006115 8.006115 8.006115 8.006115 8.006115 8.006115 8.006115 8.006115 8.006115 8.006113 8.006110 8.006097 8.006056 8.005929 8.005557 8.004517 8.001747 7.994734 7.977878 7.939478 7.856736 7.688502 7.366805 6.791112 5.834405 4.376452 2.380181 0.000000 
50.000000 41.768034 34.175101 27.711779 22.629062 18.931001 16.437037 14.874751 13.963619 13.467715 13.215208 13.094630 13.040501 13.017604 13.008456 13.004998 13.003757 13.003335 13.003198 13.003155 13.003143 13.003139 13.003138 13.003138 13.003138 13.003138 13.003138 13.003138 13.003138 13.003138 13.003137 13.003136 13.003131 13.003116 13.003066 13.002912 13.002457 13.001177 12.997741 12.988959 12.967599 12.918220 12.809831 12.584234 12.139889 11.314531 9.878208 7.565959 4.206206 0.000000 
50.000000 43.296820 37.113939 31.850795 27.711779 24.700224 22.669150 21.396767 20.654664 20.250734 20.045044 19.946815 19.902716 19.884060 19.876606 19.873787 19.872777 19.872432 19.872320 19.872286 19.872275 19.872273 19.872272 19.872272 19.872272 19.872272 19.872272 19.872272 19.872271 19.872271 19.872271 19.872270 19.872265 19.872249 19.872197 19.872035 19.871557 19.870204 19.866545 19.857106 19.833879 19.779371 19.657365 19.396819 18.865818 17.833571 15.925398 12.603443 7.295066 0.000000 
50.000000 45.240740 40.850859 37.113939 34.175101 32.036735 30.594511 29.690980 29.163982 28.877118 28.731033 28.661265 28.629940 28.616688 28.611393 28.609390 28.608672 28.608427 28.608348 28.608323 28.608316 28.608314 28.608314 28.608313 28.608313 28.608313 28.608313 28.608313 28.608313 28.608313 28.608313 28.608312 28.608308 28.608294 28.608250 28.608113 28.607706 28.606547 28.603394 28.595194 28.574805 28.526290 28.415638 28.173105 27.660283 26.609142 24.510496 20.425430 12.785751 0.000000 
50.000000 47.524303 45.240740 43.296820 41.768034 40.655631 39.905353 39.435301 39.161128 39.011881 38.935874 38.899573 38.883274 38.876378 38.873622 38.872580 38.872206 38.872079 38.872037 38.872025 38.872021 38.872020 38.872019 38.872019 38.872019 38.872019 38.872019 38.872019 38.872019 38.872019 38.872019 38.872018 38.872016 38.872008 38.871983 38.871904 38.871667 38.870992 38.869148 38.864323 38.852237 38.823175 38.755900 38.605162 38.275450 37.561828 36.001754 32.454989 23.762152 0.000000 
50.000000 50.000000 50.000000 50.000000 50.000000 50.000000 50.000000 50.000000 50.000000 50.000000 50.000000 50.000000 50.000000 50.000000 50.000000 50.000000 50.000000 50.000000 50.000000 50.000000 50.000000 50.000000 50.000000 50.000000 50.000000 50.000000 50.000000 50.000000 50.000000 50.000000 50.000000 50.000000 50.000000 50.000000 50.000000 50.000000 50.000000 50.000000 50.000000 50.000000 50.000000 50.000000 50.000000 50.000000 50.000000 50.000000 50.000000 50.000000 50.000000 50.000000 
