50.000000 50.000000 50.000000 50.000000 50.000000 50.000000 50.000000 50.000000 50.000000 50.000000 50.000000 50.000000 50.000000 50.000000 50.000000 50.000000 50.000000 50.000000 50.000000 50.000000 50.000000 50.000000 50.000000 50.000000 50.000000 50.000000 50.000000 50.000000 50.000000 50.000000 50.000000 50.000000 50.000000 50.000000 50.000000 50.000000 50.000000 50.000000 50.000000 50.000000 50.000000 50.000000 50.000000 50.000000 50.000000 50.000000 50.000000 50.000000 50.000000 50.000000 
50.000000 48.814639 47.673381 46.615412 45.670992 44.859046 44.186611 43.650020 43.237319 42.931282 42.712395 42.561336 42.460700 42.395953 42.355701 42.331512 42.317452 42.309543 42.305236 42.302964 42.301802 42.301225 42.300948 42.300818 42.300759 42.300732 42.300717 42.300705 42.300685 42.300643 42.300551 42.300354 42.299941 42.299095 42.297405 42.294110 42.287834 42.276145 42.254829 42.216695 42.149597 42.033056 41.832225 41.486327 40.884507 39.809974 37.795790 33.708302 24.407319 0.000000 
50.000000 47.673381 45.433329 43.356757 41.503063 39.909389 38.589549 37.536343 36.726308 36.125632 35.696013 35.399522 35.202003 35.074921 34.995920 34.948444 34.920848 34.905326 34.896873 34.892413 34.890133 34.889002 34.888458 34.888203 34.888087 34.888033 34.888005 34.887981 34.887943 34.887864 34.887693 34.887325 34.886554 34.884978 34.881835 34.875718 34.864097 34.842519 34.803326 34.733576 34.611704 34.402072 34.045818 33.444903 32.433025 30.720678 27.790818 22.716664 13.965079 0.000000 
50.000000 46.615412 43.356757 40.335925 37.639326 35.320990 33.401012 31.868916 30.690566 29.816775 29.191821 28.760528 28.473207 28.288351 28.173435 28.104376 28.064235 28.041658 28.029362 28.022875 28.019558 28.017913 28.017122 28.016751 28.016582 28.016505 28.016465 28.016432 28.016380 28.016274 28.016044 28.015551 28.014521 28.012419 28.008238 28.000128 27.984776 27.956411 27.905200 27.814768 27.658364 27.392978 26.950323 26.222967 25.043270 23.153087 20.167963 15.565939 8.819621 0.000000 
50.000000 45.670992 41.503063 37.639326 34.190304 31.225103 28.769425 26.809866 25.302762 24.185197 23.385898 22.834293 22.466825 22.230407 22.083440 21.995121 21.943786 21.914913 21.899188 21.890893 21.886651 21.884548 21.883535 21.883062 21.882846 21.882748 21.882697 21.882658 21.882598 21.882477 21.882214 21.881653 21.880483 21.878103 21.873384 21.864268 21.847097 21.815562 21.759053 21.660203 21.491285 21.209092 20.747905 20.010321 18.856515 17.095152 14.486239 10.782385 5.861018 0.000000 
50.000000 44.859046 39.909389 35.320990 31.225103 27.703798 24.787591 22.460563 20.670852 19.343739 18.394579 17.739561 17.303208 17.022476 16.847963 16.743092 16.682139 16.647855 16.629185 16.619336 16.614300 16.611802 16.610600 16.610039 16.609782 16.609666 16.609608 16.609565 16.609502 16.609377 16.609108 16.608535 16.607343 16.604926 16.600155 16.590979 16.573796 16.542451 16.486750 16.390311 16.227602 15.960094 15.531632 14.863650 13.851899 12.368588 10.277719 7.476364 3.974539 0.000000 
50.000000 44.186611 38.589549 33.401012 28.769425 24.787591 21.490017 18.858693 16.834969 15.334346 14.261104 13.520467 13.027084 12.709666 12.512351 12.393780 12.324865 12.286104 12.264996 12.253861 12.248168 12.245344 12.243986 12.243351 12.243062 12.242931 12.242867 12.242822 12.242762 12.242643 12.242389 12.241850 12.240734 12.238479 12.234046 12.225565 12.209777 12.181188 12.130823 12.044532 11.900783 11.668074 11.302312 10.745008 9.923941 8.759104 7.178045 5.144646 2.700284 0.000000 
50.000000 43.650020 37.536343 31.868916 26.809866 22.460563 18.858693 15.984578 13.774149 12.135100 10.962870 10.153934 9.615061 9.268382 9.052882 8.923386 8.848122 8.805791 8.782740 8.770580 8.764362 8.761279 8.759796 8.759102 8.758787 8.758645 8.758577 8.758533 8.758477 8.758372 8.758148 8.757676 8.756701 8.754740 8.750902 8.743598 8.730088 8.705801 8.663384 8.591452 8.473071 8.284172 7.992289 7.556381 6.928931 6.061961 4.918593 3.490525 1.817796 0.000000 
50.000000 43.237319 36.726308 30.690566 25.302762 20.670852 16.834969 13.774149 11.420151 9.674664 8.426326 7.564880 6.991036 6.621865 6.392388 6.254494 6.174351 6.129278 6.104733 6.091785 6.085165 6.081883 6.080304 6.079566 6.079230 6.079079 6.079009 6.078967 6.078918 6.078830 6.078645 6.078256 6.077455 6.075851 6.072727 6.066813 6.055943 6.036541 6.002940 5.946511 5.854687 5.710076 5.489977 5.166895 4.710759 4.093670 3.297588 2.324236 1.204263 0.000000 
50.000000 42.931282 36.125632 29.816775 24.185197 19.343739 15.334346 12.135100 9.674664 7.850271 6.545516 5.645149 5.045387 4.659547 4.419712 4.275597 4.191840 4.144734 4.119083 4.105553 4.098635 4.095204 4.093554 4.092783 4.092433 4.092276 4.092205 4.092164 4.092123 4.092053 4.091908 4.091604 4.090982 4.089741 4.087335 4.082805 4.074528 4.059856 4.034649 3.992697 3.925135 3.819976 3.662028 3.433563 3.116137 2.693911 2.158411 1.513928 0.781686 0.000000 
50.000000 42.712395 35.696013 29.191821 23.385898 18.394579 14.261104 10.962870 8.426326 6.545516 5.200427 4.272237 3.653948 3.256194 3.008957 2.860396 2.774057 2.725499 2.699059 2.685111 2.677981 2.674445 2.672744 2.671949 2.671588 2.671428 2.671356 2.671318 2.671284 2.671230 2.671122 2.670897 2.670437 2.669525 2.667763 2.664464 2.658471 2.647918 2.629919 2.600214 2.552819 2.479815 2.371418 2.216572 2.004268 1.725695 1.377052 0.962437 0.495701 0.000000 
50.000000 42.561336 35.399522 28.760528 22.834293 17.739561 13.520467 10.153934 7.564880 5.645149 4.272237 3.324856 2.693789 2.287820 2.035479 1.883853 1.795733 1.746175 1.719190 1.704956 1.697678 1.694070 1.692334 1.691524 1.691155 1.690992 1.690920 1.690884 1.690856 1.690817 1.690739 1.690580 1.690257 1.689617 1.688387 1.686095 1.681953 1.674705 1.662428 1.642318 1.610501 1.561940 1.490550 1.389644 1.252811 1.075240 0.855328 0.596196 0.306507 0.000000 
50.000000 42.460700 35.202003 28.473207 22.466825 17.303208 13.027084 9.615061 6.991036 5.045387 3.653948 2.693789 2.054216 1.642778 1.387041 1.233375 1.144071 1.093847 1.066500 1.052075 1.044700 1.041043 1.039284 1.038463 1.038090 1.037924 1.037852 1.037818 1.037795 1.037767 1.037714 1.037606 1.037388 1.036959 1.036138 1.034614 1.031875 1.027108 1.019084 1.006030 0.985531 0.954495 0.909260 0.845896 0.760758 0.651264 0.516796 0.359484 0.184555 0.000000 
50.000000 42.395953 35.074921 28.288351 22.230407 17.022476 12.709666 9.268382 6.621865 4.659547 3.256194 2.287820 1.642778 1.227825 0.969904 0.814927 0.724862 0.674211 0.646631 0.632083 0.624646 0.620958 0.619184 0.618356 0.617980 0.617814 0.617741 0.617709 0.617690 0.617670 0.617634 0.617565 0.617424 0.617148 0.616622 0.615651 0.613912 0.610903 0.605867 0.597723 0.585020 0.565922 0.538294 0.499888 0.448680 0.383310 0.303575 0.210825 0.108119 0.000000 
50.000000 42.355701 34.995920 28.173435 22.083440 16.847963 12.512351 9.052882 6.392388 4.419712 3.008957 2.035479 1.387041 0.969904 0.710627 0.554837 0.464299 0.413382 0.385658 0.371035 0.363558 0.359852 0.358068 0.357236 0.356858 0.356691 0.356619 0.356587 0.356571 0.356556 0.356534 0.356490 0.356403 0.356232 0.355909 0.355314 0.354253 0.352427 0.349384 0.344493 0.336907 0.325574 0.309284 0.286787 0.256984 0.219172 0.173308 0.120202 0.061592 0.000000 
50.000000 42.331512 34.948444 28.104376 21.995121 16.743092 12.393780 8.923386 6.254494 4.275597 2.860396 1.883853 1.233375 0.814927 0.554837 0.398558 0.307737 0.256661 0.228850 0.214181 0.206681 0.202963 0.201175 0.200339 0.199960 0.199793 0.199721 0.199690 0.199675 0.199665 0.199650 0.199624 0.199572 0.199471 0.199279 0.198928 0.198305 0.197237 0.195466 0.192633 0.188262 0.181767 0.172484 0.159735 0.142937 0.121737 0.096138 0.066609 0.034107 0.000000 
50.000000 42.317452 34.920848 28.064236 21.943786 16.682139 12.324865 8.848122 6.174351 4.191840 2.774057 1.795733 1.144071 0.724862 0.464299 0.307737 0.216751 0.165583 0.137722 0.123026 0.115513 0.111788 0.109996 0.109160 0.108780 0.108612 0.108540 0.108510 0.108496 0.108488 0.108479 0.108464 0.108434 0.108376 0.108266 0.108067 0.107714 0.107112 0.106117 0.104532 0.102099 0.098500 0.093382 0.086386 0.077212 0.065684 0.051816 0.035870 0.018357 0.000000 
50.000000 42.309543 34.905326 28.041658 21.914913 16.647855 12.286104 8.805791 6.129278 4.144734 2.725499 1.746175 1.093847 0.674211 0.413383 0.256661 0.165583 0.114363 0.086474 0.071763 0.064243 0.060514 0.058720 0.057883 0.057503 0.057335 0.057263 0.057233 0.057220 0.057213 0.057207 0.057198 0.057182 0.057150 0.057090 0.056980 0.056787 0.056459 0.055919 0.055062 0.053752 0.051823 0.049090 0.045370 0.040512 0.034430 0.027137 0.018772 0.009603 0.000000 
50.000000 42.305236 34.896873 28.029362 21.899189 16.629185 12.264997 8.782740 6.104733 4.119084 2.699059 1.719190 1.066500 0.646631 0.385659 0.228851 0.137722 0.086474 0.058570 0.043851 0.036326 0.032596 0.030801 0.029963 0.029583 0.029415 0.029343 0.029313 0.029300 0.029294 0.029290 0.029285 0.029276 0.029259 0.029227 0.029169 0.029067 0.028894 0.028611 0.028163 0.027480 0.026478 0.025064 0.023147 0.020651 0.017536 0.013811 0.009548 0.004882 0.000000 
50.000000 42.302964 34.892414 28.022876 21.890894 16.619337 12.253862 8.770580 6.091786 4.105554 2.685112 1.704957 1.052076 0.632084 0.371036 0.214182 0.123027 0.071764 0.043852 0.029129 0.021602 0.017870 0.016075 0.015237 0.014856 0.014689 0.014617 0.014587 0.014574 0.014569 0.014566 0.014563 0.014558 0.014549 0.014533 0.014503 0.014451 0.014363 0.014219 0.013992 0.013647 0.013142 0.012433 0.011474 0.010229 0.008680 0.006832 0.004721 0.002413 0.000000 
50.000000 42.301802 34.890134 28.019559 21.886653 16.614302 12.248170 8.764364 6.085168 4.098637 2.677983 1.697681 1.044703 0.624649 0.363561 0.206684 0.115516 0.064245 0.036329 0.021604 0.014076 0.010343 0.008548 0.007709 0.007329 0.007161 0.007090 0.007060 0.007047 0.007042 0.007040 0.007038 0.007035 0.007031 0.007023 0.007008 0.006982 0.006939 0.006868 0.006756 0.006587 0.006341 0.005995 0.005530 0.004927 0.004178 0.003287 0.002270 0.001160 0.000000 
50.000000 42.301227 34.889004 28.017917 21.884552 16.611808 12.245350 8.761286 6.081890 4.095212 2.674452 1.694078 1.041051 0.620966 0.359859 0.202971 0.111796 0.060521 0.032603 0.017877 0.010348 0.006616 0.004820 0.003981 0.003601 0.003433 0.003362 0.003332 0.003319 0.003314 0.003312 0.003311 0.003310 0.003308 0.003304 0.003296 0.003284 0.003263 0.003229 0.003176 0.003095 0.002979 0.002815 0.002595 0.002311 0.001959 0.001540 0.001063 0.000543 0.000000 
50.000000 42.300951 34.888464 28.017131 21.883547 16.610614 12.244001 8.759812 6.080321 4.093573 2.672763 1.692354 1.039304 0.619204 0.358088 0.201194 0.110016 0.058740 0.030820 0.016094 0.008565 0.004832 0.003037 0.002198 0.001818 0.001650 0.001578 0.001548 0.001536 0.001531 0.001529 0.001528 0.001527 0.001526 0.001524 0.001521 0.001515 0.001505 0.001489 0.001465 0.001427 0.001373 0.001297 0.001195 0.001063 0.000901 0.000708 0.000489 0.000250 0.000000 
50.000000 42.300826 34.888219 28.016774 21.883091 16.610073 12.243390 8.759144 6.079610 4.092829 2.671997 1.691572 1.038512 0.618405 0.357285 0.200389 0.109209 0.057932 0.030012 0.015285 0.007756 0.004024 0.002228 0.001389 0.001009 0.000841 0.000769 0.000740 0.000727 0.000723 0.000721 0.000720 0.000719 0.000719 0.000718 0.000716 0.000713 0.000709 0.000701 0.000689 0.000671 0.000646 0.000610 0.000561 0.000499 0.000423 0.000332 0.000229 0.000117 0.000000 
50.000000 42.300779 34.888125 28.016638 21.882917 16.609867 12.243156 8.758890 6.079339 4.092546 2.671705 1.691274 1.038209 0.618101 0.356979 0.200082 0.108901 0.057624 0.029704 0.014977 0.007448 0.003715 0.001919 0.001081 0.000701 0.000533 0.000461 0.000431 0.000419 0.000414 0.000412 0.000411 0.000411 0.000411 0.000410 0.000409 0.000407 0.000405 0.000400 0.000393 0.000383 0.000368 0.000348 0.000320 0.000285 0.000241 0.000189 0.000131 0.000067 0.000000 
50.000000 42.300779 34.888125 28.016638 21.882917 16.609867 12.243156 8.758890 6.079339 4.092546 2.671705 1.691274 1.038209 0.618101 0.356979 0.200082 0.108901 0.057624 0.029704 0.014977 0.007448 0.003715 0.001919 0.001081 0.000701 0.000533 0.000461 0.000431 0.000419 0.000414 0.000412 0.000411 0.000411 0.000411 0.000410 0.000409 0.000407 0.000405 0.000400 0.000393 0.000383 0.000368 0.000348 0.000320 0.000285 0.000241 0.000189 0.000131 0.000067 0.000000 
50.000000 42.300826 34.888219 28.016774 21.883091 16.610073 12.243390 8.759144 6.079610 4.092829 2.671997 1.691572 1.038512 0.618405 0.357285 0.200389 0.109209 0.057932 0.030012 0.015285 0.007756 0.004024 0.002228 0.001389 0.001009 0.000841 0.000769 0.000740 0.000727 0.000723 0.000721 0.000720 0.000719 0.000719 0.000718 0.000716 0.000713 0.000709 0.000701 0.000689 0.000671 0.000646 0.000610 0.000561 0.000499 0.000423 0.000332 0.000229 0.000117 0.000000 
50.000000 42.300951 34.888464 28.017131 21.883547 16.610614 12.244001 8.759812 6.080321 4.093573 2.672763 1.692354 1.039304 0.619204 0.358088 0.201194 0.110016 0.058740 0.030820 0.016094 0.008565 0.004832 0.003037 0.002198 0.001818 0.001650 0.001578 0.001548 0.001536 0.001531 0.001529 0.001528 0.001527 0.001526 0.001524 0.001521 0.001515 0.001505 0.001489 0.001465 0.001427 0.001373 0.001297 0.001195 0.001063 0.000901 0.000708 0.000489 0.000250 0.000000 
50.000000 42.301227 34.889004 28.017917 21.884552 16.611808 12.245350 8.761286 6.081890 4.095212 2.674452 1.694078 1.041051 0.620966 0.359859 0.202971 0.111796 0.060521 0.032603 0.017877 0.010348 0.006616 0.004820 0.003981 0.003601 0.003433 0.003362 0.003332 0.003319 0.003314 0.003312 0.003311 0.003310 0.003308 0.003304 0.003296 0.003284 0.003263 0.003229 0.003176 0.003095 0.002979 0.002815 0.002595 0.002311 0.001959 0.001540 0.001063 0.000543 0.000000 
50.000000 42.301802 34.890134 28.019559 21.886653 16.614302 12.248170 8.764364 6.085168 4.098637 2.677983 1.697681 1.044703 0.624649 0.363561 0.206684 0.115516 0.064245 0.036329 0.021604 0.014076 0.010343 0.008548 0.007709 0.007329 0.007161 0.007090 0.007060 0.007047 0.007042 0.007040 0.007038 0.007035 0.007031 0.007023 0.007008 0.006982 0.006939 0.006868 0.006756 0.006587 0.006341 0.005995 0.005530 0.004927 0.004178 0.003287 0.002270 0.001160 0.000000 
50.000000 42.302964 34.892414 28.022876 21.890894 16.619337 12.253862 8.770580 6.091786 4.105554 2.685112 1.704957 1.052076 0.632084 0.371036 0.214182 0.123027 0.071764 0.043852 0.029129 0.021602 0.017870 0.016075 0.015237 0.014856 0.014689 0.014617 0.014587 0.014574 0.014569 0.014566 0.014563 0.014558 0.014549 0.014533 0.014503 0.014451 0.014363 0.014219 0.013992 0.013647 0.013142 0.012433 0.011474 0.010229 0.008680 0.006832 0.004721 0.002413 0.000000 
50.000000 42.305236 34.896873 28.029362 21.899189 16.629185 12.264997 8.782740 6.104733 4.119084 2.699059 1.719190 1.066500 0.646631 0.385659 0.228851 0.137722 0.086474 0.058570 0.043851 0.036326 0.032596 0.030801 0.029963 0.029583 0.029415 0.029343 0.029313 0.029300 0.029294 0.029290 0.029285 0.029276 0.029259 0.029227 0.029169 0.029067 0.028894 0.028611 0.028163 0.027480 0.026478 0.025064 0.023147 0.020651 0.017536 0.013811 0.009548 0.004882 0.000000 
50.000000 42.309543 34.905326 28.041658 21.914913 16.647855 12.286104 8.805791 6.129278 4.144734 2.725499 1.746175 1.093847 0.674211 0.413383 0.256661 0.165583 0.114363 0.086474 0.071763 0.064243 0.060514 0.058720 0.057883 0.057503 0.057335 0.057263 0.057233 0.057220 0.057213 0.057207 0.057198 0.057182 0.057150 0.057090 0.056980 0.056787 0.056459 0.055919 0.055062 0.053752 0.051823 0.049090 0.045370 0.040512 0.034430 0.027137 0.018772 0.009603 0.000000 
50.000000 42.317452 34.920848 28.064236 21.943786 16.682139 12.324865 8.848122 6.174351 4.191840 2.774057 1.795733 1.144071 0.724862 0.464299 0.307737 0.216751 0.165583 0.137722 0.123026 0.115513 0.111788 0.109996 0.109160 0.108780 0.108612 0.108540 0.108510 0.108496 0.108488 0.108479 0.108464 0.108434 0.108376 0.108266 0.108067 0.107714 0.107112 0.106117 0.104532 0.102099 0.098500 0.093382 0.086386 0.077212 0.065684 0.051816 0.035870 0.018357 0.000000 
50.000000 42.331512 34.948444 28.104376 21.995121 16.743092 12.393780 8.923386 6.254494 4.275597 2.860396 1.883853 1.233375 0.814927 0.554837 0.398558 0.307737 0.256661 0.228850 0.214181 0.206681 0.202963 0.201175 0.200339 0.199960 0.199793 0.199721 0.199690 0.199675 0.199665 0.199650 0.199624 0.199572 0.199471 0.199279 0.198928 0.198305 0.197237 0.195466 0.192633 0.188262 0.181767 0.172484 0.159735 0.142937 0.121737 0.096138 0.066609 0.034107 0.000000 
50.000000 42.355701 34.995920 28.173435 22.083440 16.847963 12.512351 9.052882 6.392388 4.419712 3.008957 2.035479 1.387041 0.969904 0.710627 0.554837 0.464299 0.413382 0.385658 0.371035 0.363558 0.359852 0.358068 0.357236 0.356858 0.356691 0.356619 0.356587 0.356571 0.356556 0.356534 0.356490 0.356403 0.356232 0.355909 0.355314 0.354253 0.352427 0.349384 0.344493 0.336907 0.325574 0.309284 0.286787 0.256984 0.219172 0.173308 0.120202 0.061592 0.000000 
50.000000 42.395953 35.074921 28.288351 22.230407 17.022476 12.709666 9.268382 6.621865 4.659547 3.256194 2.287820 1.642778 1.227825 0.969904 0.814927 0.724862 0.674211 0.646631 0.632083 0.624646 0.620958 0.619184 0.618356 0.617980 0.617814 0.617741 0.617709 0.617690 0.617670 0.617634 0.617565 0.617424 0.617148 0.616622 0.615651 0.613912 0.610903 0.605867 0.597723 0.585020 0.565922 0.538294 0.499888 0.448680 0.383310 0.303575 0.210825 0.108119 0.000000 
50.000000 42.460700 35.202003 28.473207 22.466825 17.303208 13.027084 9.615061 6.991036 5.045387 3.653948 2.693789 2.054216 1.642778 1.387041 1.233375 1.144071 1.093847 1.066500 1.052075 1.044700 1.041043 1.039284 1.038463 1.038090 1.037924 1.037852 1.037818 1.037795 1.037767 1.037714 1.037606 1.037388 1.036959 1.036138 1.034614 1.031875 1.027108 1.019084 1.006030 0.985531 0.954495 0.909260 0.845896 0.760758 0.651264 0.516796 0.359484 0.184555 0.000000 
50.000000 42.561336 35.399522 28.760528 22.834293 17.739561 13.520467 10.153934 7.564880 5.645149 4.272237 3.324856 2.693789 2.287820 2.035479 1.883853 1.795733 1.746175 1.719190 1.704956 1.697678 1.694070 1.692334 1.691524 1.691155 1.690992 1.690920 1.690884 1.690856 1.690817 1.690739 1.690580 1.690257 1.689617 1.688387 1.686095 1.681953 1.674705 1.662428 1.642318 1.610501 1.561940 1.490550 1.389644 1.252811 1.075240 0.855328 0.596196 0.306507 0.000000 
50.000000 42.712395 35.696013 29.191821 23.385898 18.394579 14.261104 10.962870 8.426326 6.545516 5.200427 4.272237 3.653948 3.256194 3.008957 2.860396 2.774057 2.725499 2.699059 2.685111 2.677981 2.674445 2.672744 2.671949 2.671588 2.671428 2.671356 2.671318 2.671284 2.671230 2.671122 2.670897 2.670437 2.669525 2.667763 2.664464 2.658471 2.647918 2.629919 2.600214 2.552819 2.479815 2.371418 2.216572 2.004268 1.725695 1.377052 0.962437 0.495701 0.000000 
50.000000 42.931282 36.125632 29.816775 24.185197 19.343739 15.334346 12.135100 9.674664 7.850271 6.545516 5.645149 5.045387 4.659547 4.419712 4.275597 4.191840 4.144734 4.119083 4.105553 4.098635 4.095204 4.093554 4.092783 4.092433 4.092276 4.092205 4.092164 4.092123 4.092053 4.091908 4.091604 4.090982 4.089741 4.087335 4.082805 4.074528 4.059856 4.034649 3.992697 3.925135 3.819976 3.662028 3.433563 3.116137 2.693911 2.158411 1.513928 0.781686 0.000000 
50.000000 43.237319 36.726308 30.690566 25.302762 20.670852 16.834969 13.774149 11.420151 9.674664 8.426326 7.564880 6.991036 6.621865 6.392388 6.254494 6.174351 6.129278 6.104733 6.091785 6.085165 6.081883 6.080304 6.079566 6.079230 6.079079 6.079009 6.078967 6.078918 6.078830 6.078645 6.078256 6.077455 6.075851 6.072727 6.066813 6.055943 6.036541 6.002940 5.946511 5.854687 5.710076 5.489977 5.166895 4.710759 4.093670 3.297588 2.324236 1.204263 0.000000 
50.000000 43.650020 37.536343 31.868916 26.809866 22.460563 18.858693 15.984578 13.774149 12.135100 10.962870 10.153934 9.615061 9.268382 9.052882 8.923386 8.848122 8.805791 8.782740 8.770580 8.764362 8.761279 8.759796 8.759102 8.758787 8.758645 8.758577 8.758533 8.758477 8.758372 8.758148 8.757676 8.756701 8.754740 8.750902 8.743598 8.730088 8.705801 8.663384 8.591452 8.473071 8.284172 7.992289 7.556381 6.928931 6.061961 4.918593 3.490525 1.817796 0.000000 
50.000000 44.186611 38.589549 33.401012 28.769425 24.787591 21.490017 18.858693 16.834969 15.334346 14.261104 13.520467 13.027084 12.709666 12.512351 12.393780 12.324865 12.286104 12.264996 12.253861 12.248168 12.245344 12.243986 12.243351 12.243062 12.242931 12.242867 12.242822 12.242762 12.242643 12.242389 12.241850 12.240734 12.238479 12.234046 12.225565 12.209777 12.181188 12.130823 12.044532 11.900783 11.668074 11.302312 10.745008 9.923941 8.759104 7.178045 5.144646 2.700284 0.000000 
50.000000 44.859046 39.909389 35.320990 31.225103 27.703798 24.787591 22.460563 20.670852 19.343739 18.394579 17.739561 17.303208 17.022476 16.847963 16.743092 16.682139 16.647855 16.629185 16.619336 16.614300 16.611802 16.610600 16.610039 16.609782 16.609666 16.609608 16.609565 16.609502 16.609377 16.609108 16.608535 16.607343 16.604926 16.600155 16.590979 16.573796 16.542451 16.486750 16.390311 16.227602 15.960094 15.531632 14.863650 13.851899 12.368588 10.277719 7.476364 3.974539 0.000000 
50.000000 45.670992 41.503063 37.639326 34.190304 31.225103 28.769425 26.809866 25.302762 24.185197 23.385898 22.834293 22.466825 22.230407 22.083440 21.995121 21.943786 21.914913 21.899188 21.890893 21.886651 21.884548 21.883535 21.883062 21.882846 21.882748 21.882697 21.882658 21.882598 21.882477 21.882214 21.881653 21.880483 21.878103 21.873384 21.864268 21.847097 21.815562 21.759053 21.660203 21.491285 21.209092 20.747905 20.010321 18.856515 17.095152 14.486239 10.782385 5.861018 0.000000 
50.000000 46.615412 43.356757 40.335925 37.639326 35.320990 33.401012 31.868916 30.690566 29.816775 29.191821 28.760528 28.473207 28.288351 28.173435 28.104376 28.064235 28.041658 28.029362 28.022875 28.019558 28.017913 28.017122 28.016751 28.016582 28.016505 28.016465 28.016432 28.016380 28.016274 28.016044 28.015551 28.014521 28.012419 28.008238 28.000128 27.984776 27.956411 27.905200 27.814768 27.658364 27.392978 26.950323 26.222967 25.043270 23.153087 20.167963 15.565939 8.819621 0.000000 
50.000000 47.673381 45.433329 43.356757 41.503063 39.909389 38.589549 37.536343 36.726308 36.125632 35.696013 35.399522 35.202003 35.074921 34.995920 34.948444 34.920848 34.905326 34.896873 34.892413 34.890133 34.889002 34.888458 34.888203 34.888087 34.888033 34.888005 34.887981 34.887943 34.887864 34.887693 34.887325 34.886554 34.884978 34.881835 34.875718 34.864097 34.842519 34.803326 34.733576 34.611704 34.402072 34.045818 33.444903 32.433025 30.720678 27.790818 22.716664 13.965079 0.000000 
50.000000 48.814639 47.673381 46.615412 45.670992 44.859046 44.186611 43.650020 43.237319 42.931282 42.712395 42.561336 42.460700 42.395953 42.355701 42.331512 42.317452 42.309543 42.305236 42.302964 42.301802 42.301225 42.300948 42.300818 42.300759 42.300732 42.300717 42.300705 42.300685 42.300643 42.300551 42.300354 42.299941 42.299095 42.297405 42.294110 42.287834 42.276145 42.254829 42.216695 42.149597 42.033056 41.832225 41.486327 40.884507 39.809974 37.795790 33.708302 24.407319 0.000000 
50.000000 50.000000 50.000000 50.000000 50.000000 50.000000 50.000000 50.000000 50.000000 50.000000 50.000000 50.000000 50.000000 50.000000 50.000000 50.000000 50.000000 50.000000 50.000000 50.000000 50.000000 50.000000 50.000000 50.000000 50.000000 50.000000 50.000000 50.000000 50.000000 50.000000 50.000000 50.000000 50.000000 50.000000 50.000000 50.000000 50.000000 50.000000 50.000000 50.000000 50.000000 50.000000 50.000000 50.000000 50.000000 50.000000 50.000000 50.000000 50.000000 50.000000 
