50.000000 50.000000 50.000000 50.000000 50.000000 50.000000 50.000000 50.000000 50.000000 50.000000 50.000000 50.000000 50.000000 50.000000 50.000000 50.000000 50.000000 50.000000 50.000000 50.000000 50.000000 50.000000 50.000000 50.000000 50.000000 50.000000 50.000000 50.000000 50.000000 50.000000 50.000000 50.000000 50.000000 50.000000 50.000000 50.000000 50.000000 50.000000 50.000000 50.000000 50.000000 50.000000 50.000000 50.000000 50.000000 50.000000 50.000000 50.000000 50.000000 50.000000 
50.000000 48.489589 47.050764 45.744948 44.615632 43.684628 42.952686 42.403632 42.010417 41.741381 41.565398 41.455257 41.389247 41.351334 41.330446 41.319397 41.313782 41.311037 41.309746 41.309160 41.308905 41.308797 41.308753 41.308735 41.308729 41.308726 41.308725 41.308724 41.308721 41.308715 41.308698 41.308656 41.308555 41.308314 41.307764 41.306542 41.303906 41.298388 41.287157 41.264901 41.221864 41.140393 40.988687 40.708877 40.192387 39.223533 37.334829 33.390124 24.244794 0.000000 
50.000000 47.050764 44.241313 41.691579 39.486487 37.668625 36.239456 35.167394 34.399625 33.874325 33.530717 33.315666 33.186785 33.112761 33.071979 33.050408 33.039445 33.034086 33.031565 33.030422 33.029923 33.029712 33.029626 33.029592 33.029579 33.029574 33.029572 33.029570 33.029565 33.029553 33.029523 33.029446 33.029259 33.028819 33.027814 33.025584 33.020789 33.010781 32.990493 32.950503 32.873726 32.729813 32.465610 31.988518 31.136506 29.622138 26.927342 22.120657 13.660641 0.000000 
50.000000 45.744948 41.691579 38.012934 34.831539 32.208839 30.146940 28.600263 27.492606 26.734770 26.239061 25.928823 25.742899 25.636113 25.577282 25.546166 25.530352 25.522622 25.518985 25.517337 25.516617 25.516313 25.516189 25.516140 25.516121 25.516114 25.516111 25.516108 25.516102 25.516087 25.516047 25.515947 25.515704 25.515134 25.513835 25.510962 25.504809 25.492028 25.466278 25.415918 25.320223 25.143298 24.824526 24.263795 23.299197 21.675369 19.006467 14.764238 8.410119 0.000000 
50.000000 44.615632 39.486487 34.831539 30.805838 27.487132 24.878080 22.920999 21.519450 20.560555 19.933344 19.540814 19.305577 19.170472 19.096041 19.056675 19.036668 19.026890 19.022289 19.020204 19.019293 19.018909 19.018752 19.018690 19.018667 19.018658 19.018654 19.018650 19.018644 19.018627 19.018583 19.018474 19.018209 19.017589 19.016179 19.013077 19.006463 18.992809 18.965505 18.912608 18.813291 18.632491 18.313270 17.766595 16.859197 15.402919 13.156171 9.864349 5.392099 0.000000 
50.000000 43.684628 37.668625 32.208839 27.487132 23.594694 20.534633 18.239277 16.595505 15.470911 14.735332 14.274992 13.999125 13.840689 13.753407 13.707246 13.683787 13.672321 13.666927 13.664482 13.663414 13.662963 13.662779 13.662707 13.662680 13.662669 13.662665 13.662661 13.662654 13.662638 13.662595 13.662489 13.662233 13.661634 13.660279 13.657310 13.651016 13.638109 13.612513 13.563425 13.472411 13.309316 13.027012 12.555528 11.797347 10.627935 8.909642 6.532119 3.492241 0.000000 
50.000000 42.952686 36.239456 30.146940 24.878080 20.534633 17.120053 14.558813 12.724667 11.469853 10.649118 10.135498 9.827711 9.650947 9.553571 9.502073 9.475903 9.463113 9.457096 9.454368 9.453177 9.452674 9.452469 9.452389 9.452358 9.452346 9.452342 9.452338 9.452332 9.452317 9.452280 9.452186 9.451960 9.451434 9.450249 9.447665 9.442222 9.431137 9.409340 9.367965 9.292197 9.158459 8.931189 8.560026 7.979105 7.111486 5.883145 4.250938 2.243809 0.000000 
50.000000 42.403632 35.167394 28.600263 22.920999 18.239277 14.558813 11.798179 9.821279 8.468827 7.584250 7.030691 6.698979 6.508480 6.403541 6.348045 6.319844 6.306061 6.299578 6.296639 6.295355 6.294814 6.294593 6.294506 6.294473 6.294461 6.294456 6.294453 6.294448 6.294435 6.294404 6.294328 6.294144 6.293718 6.292762 6.290687 6.286343 6.277560 6.260433 6.228244 6.169987 6.068583 5.899090 5.627624 5.212266 4.607728 3.775737 2.701784 1.414944 0.000000 
50.000000 42.010417 34.399625 27.492606 21.519450 16.595505 12.724667 9.821279 7.742184 6.319846 5.389578 4.807438 4.458608 4.258283 4.147935 4.089579 4.059926 4.045434 4.038617 4.035528 4.034178 4.033609 4.033377 4.033286 4.033251 4.033238 4.033233 4.033230 4.033226 4.033216 4.033193 4.033134 4.032995 4.032673 4.031954 4.030403 4.027173 4.020688 4.008143 3.984784 3.942967 3.871092 3.752695 3.566208 3.286189 2.886959 2.349308 1.669811 0.870023 0.000000 
50.000000 41.741381 33.874325 26.734770 20.560555 15.470911 11.469853 8.468827 6.319846 4.849719 3.888212 3.286536 2.926006 2.718967 2.604923 2.544614 2.513969 2.498993 2.491949 2.488756 2.487361 2.486773 2.486534 2.486439 2.486403 2.486390 2.486385 2.486382 2.486379 2.486373 2.486356 2.486314 2.486215 2.485987 2.485480 2.484392 2.482139 2.477645 2.469018 2.453091 2.424860 2.376879 2.298840 2.177656 1.998500 1.747265 1.414547 1.000600 0.519517 0.000000 
50.000000 41.565398 33.530717 26.239061 19.933344 14.735332 10.649118 7.584250 5.389578 3.888212 2.906288 2.291845 1.923671 1.712246 1.595788 1.534204 1.502912 1.487620 1.480427 1.477167 1.475743 1.475142 1.474898 1.474802 1.474765 1.474751 1.474746 1.474744 1.474742 1.474737 1.474726 1.474698 1.474631 1.474479 1.474142 1.473423 1.471941 1.469003 1.463402 1.453144 1.435121 1.404793 1.356007 1.281153 1.171907 1.020736 0.823143 0.580214 0.300497 0.000000 
50.000000 41.455257 33.315666 25.928823 19.540814 14.274992 10.135498 7.030691 4.807438 3.286536 2.291845 1.669419 1.296467 1.082301 0.964336 0.901955 0.870259 0.854770 0.847484 0.844182 0.842740 0.842131 0.841884 0.841786 0.841749 0.841735 0.841730 0.841728 0.841726 0.841723 0.841716 0.841698 0.841656 0.841560 0.841348 0.840898 0.839975 0.838156 0.834710 0.828442 0.817518 0.799295 0.770258 0.726158 0.662479 0.575309 0.462546 0.325173 0.168099 0.000000 
50.000000 41.389247 33.186785 25.742899 19.305577 13.999125 9.827711 6.698979 4.458608 2.926006 1.923671 1.296467 0.920656 0.704850 0.585982 0.523125 0.491187 0.475580 0.468239 0.464913 0.463459 0.462846 0.462596 0.462498 0.462461 0.462447 0.462442 0.462440 0.462439 0.462437 0.462432 0.462422 0.462396 0.462339 0.462212 0.461945 0.461399 0.460328 0.458311 0.454668 0.448361 0.437920 0.421419 0.396574 0.361016 0.312768 0.250871 0.176005 0.090859 0.000000 
50.000000 41.351334 33.112761 25.636113 19.170472 13.840689 9.650947 6.508480 4.258283 2.718967 1.712246 1.082301 0.704850 0.488104 0.368719 0.305589 0.273512 0.257838 0.250465 0.247124 0.245664 0.245049 0.244798 0.244699 0.244662 0.244648 0.244643 0.244641 0.244640 0.244639 0.244636 0.244630 0.244616 0.244583 0.244511 0.244360 0.244052 0.243451 0.242326 0.240305 0.236828 0.231110 0.222137 0.208725 0.189673 0.164009 0.131304 0.091972 0.047427 0.000000 
50.000000 41.330446 33.071979 25.577282 19.096041 13.753407 9.553571 6.403541 4.147935 2.604923 1.595788 0.964336 0.585982 0.368719 0.249050 0.185770 0.153617 0.137905 0.130515 0.127166 0.125703 0.125086 0.124835 0.124736 0.124698 0.124684 0.124679 0.124678 0.124677 0.124676 0.124675 0.124671 0.124663 0.124646 0.124607 0.124525 0.124359 0.124038 0.123438 0.122365 0.120531 0.117532 0.112854 0.105906 0.096098 0.082964 0.066320 0.046395 0.023904 0.000000 
50.000000 41.319397 33.050408 25.546166 19.056675 13.707246 9.502073 6.348045 4.089579 2.544614 1.534204 0.901955 0.523125 0.305589 0.185770 0.122411 0.090218 0.074487 0.067087 0.063734 0.062269 0.061652 0.061400 0.061301 0.061263 0.061249 0.061244 0.061243 0.061242 0.061241 0.061241 0.061239 0.061235 0.061226 0.061205 0.061163 0.061078 0.060913 0.060607 0.060062 0.059134 0.057625 0.055283 0.051824 0.046967 0.040496 0.032331 0.022594 0.011633 0.000000 
50.000000 41.313782 33.039445 25.530352 19.036668 13.683787 9.475903 6.319844 4.059926 2.513969 1.502912 0.870259 0.491187 0.273512 0.153617 0.090218 0.058005 0.042264 0.034860 0.031504 0.030039 0.029420 0.029169 0.029070 0.029032 0.029018 0.029013 0.029011 0.029011 0.029010 0.029010 0.029009 0.029007 0.029002 0.028992 0.028971 0.028929 0.028848 0.028698 0.028433 0.027982 0.027252 0.026126 0.024469 0.022152 0.019080 0.015217 0.010625 0.005468 0.000000 
50.000000 41.311037 33.034086 25.522622 19.026890 13.672321 9.463113 6.306061 4.045434 2.498993 1.487620 0.854770 0.475580 0.257838 0.137905 0.074487 0.042264 0.026518 0.019111 0.015755 0.014289 0.013671 0.013419 0.013320 0.013282 0.013268 0.013263 0.013261 0.013261 0.013260 0.013260 0.013260 0.013259 0.013257 0.013252 0.013242 0.013222 0.013184 0.013113 0.012989 0.012778 0.012439 0.011917 0.011153 0.010088 0.008681 0.006918 0.004827 0.002483 0.000000 
50.000000 41.309746 33.031565 25.518985 19.022289 13.666927 9.457096 6.299578 4.038617 2.491949 1.480427 0.847484 0.468239 0.250465 0.130515 0.067087 0.034860 0.019111 0.011704 0.008347 0.006881 0.006263 0.006011 0.005912 0.005874 0.005860 0.005855 0.005853 0.005853 0.005852 0.005852 0.005852 0.005852 0.005851 0.005848 0.005844 0.005835 0.005817 0.005786 0.005729 0.005635 0.005483 0.005250 0.004910 0.004438 0.003816 0.003039 0.002119 0.001089 0.000000 
50.000000 41.309160 33.030422 25.517337 19.020204 13.664482 9.454368 6.296639 4.035528 2.488756 1.477167 0.844182 0.464913 0.247124 0.127166 0.063734 0.031505 0.015755 0.008348 0.004991 0.003524 0.002906 0.002654 0.002555 0.002517 0.002503 0.002498 0.002496 0.002496 0.002495 0.002495 0.002495 0.002495 0.002495 0.002494 0.002492 0.002488 0.002480 0.002466 0.002442 0.002401 0.002335 0.002235 0.002089 0.001887 0.001621 0.001290 0.000899 0.000462 0.000000 
50.000000 41.308905 33.029923 25.516617 19.019293 13.663414 9.453177 6.295355 4.034178 2.487362 1.475743 0.842740 0.463459 0.245664 0.125703 0.062269 0.030039 0.014289 0.006881 0.003524 0.002057 0.001439 0.001187 0.001088 0.001050 0.001036 0.001031 0.001030 0.001029 0.001029 0.001029 0.001029 0.001029 0.001028 0.001028 0.001027 0.001025 0.001022 0.001016 0.001006 0.000989 0.000962 0.000920 0.000860 0.000776 0.000666 0.000530 0.000369 0.000190 0.000000 
50.000000 41.308797 33.029712 25.516313 19.018909 13.662963 9.452674 6.294814 4.033609 2.486773 1.475143 0.842132 0.462846 0.245049 0.125086 0.061652 0.029421 0.013671 0.006263 0.002906 0.001439 0.000821 0.000569 0.000470 0.000432 0.000418 0.000413 0.000411 0.000411 0.000411 0.000410 0.000410 0.000410 0.000410 0.000410 0.000410 0.000409 0.000408 0.000405 0.000401 0.000394 0.000383 0.000367 0.000342 0.000309 0.000265 0.000211 0.000147 0.000075 0.000000 
50.000000 41.308753 33.029626 25.516189 19.018753 13.662780 9.452470 6.294594 4.033378 2.486534 1.474899 0.841884 0.462597 0.244799 0.124836 0.061401 0.029170 0.013420 0.006012 0.002655 0.001188 0.000569 0.000318 0.000218 0.000181 0.000167 0.000162 0.000160 0.000159 0.000159 0.000159 0.000159 0.000159 0.000159 0.000159 0.000159 0.000159 0.000158 0.000157 0.000156 0.000153 0.000149 0.000142 0.000133 0.000120 0.000103 0.000082 0.000057 0.000029 0.000000 
50.000000 41.308736 33.029593 25.516141 19.018692 13.662709 9.452391 6.294509 4.033288 2.486442 1.474804 0.841789 0.462501 0.244702 0.124739 0.061304 0.029072 0.013322 0.005914 0.002557 0.001090 0.000472 0.000220 0.000121 0.000083 0.000069 0.000064 0.000063 0.000062 0.000062 0.000062 0.000062 0.000062 0.000062 0.000062 0.000062 0.000062 0.000061 0.000061 0.000060 0.000059 0.000058 0.000055 0.000051 0.000046 0.000040 0.000032 0.000022 0.000011 0.000000 
50.000000 41.308730 33.029582 25.516125 19.018672 13.662685 9.452364 6.294480 4.033258 2.486411 1.474772 0.841756 0.462468 0.244669 0.124706 0.061271 0.029039 0.013290 0.005881 0.002524 0.001058 0.000439 0.000187 0.000088 0.000050 0.000037 0.000032 0.000030 0.000029 0.000029 0.000029 0.000029 0.000029 0.000029 0.000029 0.000029 0.000029 0.000029 0.000029 0.000028 0.000028 0.000027 0.000026 0.000024 0.000022 0.000019 0.000015 0.000010 0.000005 0.000000 
50.000000 41.308730 33.029582 25.516125 19.018672 13.662685 9.452364 6.294480 4.033258 2.486411 1.474772 0.841756 0.462468 0.244669 0.124706 0.061271 0.029039 0.013290 0.005881 0.002524 0.001058 0.000439 0.000187 0.000088 0.000050 0.000037 0.000032 0.000030 0.000029 0.000029 0.000029 0.000029 0.000029 0.000029 0.000029 0.000029 0.000029 0.000029 0.000029 0.000028 0.000028 0.000027 0.000026 0.000024 0.000022 0.000019 0.000015 0.000010 0.000005 0.000000 
50.000000 41.308736 33.029593 25.516141 19.018692 13.662709 9.452391 6.294509 4.033288 2.486442 1.474804 0.841789 0.462501 0.244702 0.124739 0.061304 0.029072 0.013322 0.005914 0.002557 0.001090 0.000472 0.000220 0.000121 0.000083 0.000069 0.000064 0.000063 0.000062 0.000062 0.000062 0.000062 0.000062 0.000062 0.000062 0.000062 0.000062 0.000061 0.000061 0.000060 0.000059 0.000058 0.000055 0.000051 0.000046 0.000040 0.000032 0.000022 0.000011 0.000000 
50.000000 41.308753 33.029626 25.516189 19.018753 13.662780 9.452470 6.294594 4.033378 2.486534 1.474899 0.841884 0.462597 0.244799 0.124836 0.061401 0.029170 0.013420 0.006012 0.002655 0.001188 0.000569 0.000318 0.000218 0.000181 0.000167 0.000162 0.000160 0.000159 0.000159 0.000159 0.000159 0.000159 0.000159 0.000159 0.000159 0.000159 0.000158 0.000157 0.000156 0.000153 0.000149 0.000142 0.000133 0.000120 0.000103 0.000082 0.000057 0.000029 0.000000 
50.000000 41.308797 33.029712 25.516313 19.018909 13.662963 9.452674 6.294814 4.033609 2.486773 1.475143 0.842132 0.462846 0.245049 0.125086 0.061652 0.029421 0.013671 0.006263 0.002906 0.001439 0.000821 0.000569 0.000470 0.000432 0.000418 0.000413 0.000411 0.000411 0.000411 0.000410 0.000410 0.000410 0.000410 0.000410 0.000410 0.000409 0.000408 0.000405 0.000401 0.000394 0.000383 0.000367 0.000342 0.000309 0.000265 0.000211 0.000147 0.000075 0.000000 
50.000000 41.308905 33.029923 25.516617 19.019293 13.663414 9.453177 6.295355 4.034178 2.487362 1.475743 0.842740 0.463459 0.245664 0.125703 0.062269 0.030039 0.014289 0.006881 0.003524 0.002057 0.001439 0.001187 0.001088 0.001050 0.001036 0.001031 0.001030 0.001029 0.001029 0.001029 0.001029 0.001029 0.001028 0.001028 0.001027 0.001025 0.001022 0.001016 0.001006 0.000989 0.000962 0.000920 0.000860 0.000776 0.000666 0.000530 0.000369 0.000190 0.000000 
50.000000 41.309160 33.030422 25.517337 19.020204 13.664482 9.454368 6.296639 4.035528 2.488756 1.477167 0.844182 0.464913 0.247124 0.127166 0.063734 0.031505 0.015755 0.008348 0.004991 0.003524 0.002906 0.002654 0.002555 0.002517 0.002503 0.002498 0.002496 0.002496 0.002495 0.002495 0.002495 0.002495 0.002495 0.002494 0.002492 0.002488 0.002480 0.002466 0.002442 0.002401 0.002335 0.002235 0.002089 0.001887 0.001621 0.001290 0.000899 0.000462 0.000000 
50.000000 41.309746 33.031565 25.518985 19.022289 13.666927 9.457096 6.299578 4.038617 2.491949 1.480427 0.847484 0.468239 0.250465 0.130515 0.067087 0.034860 0.019111 0.011704 0.008347 0.006881 0.006263 0.006011 0.005912 0.005874 0.005860 0.005855 0.005853 0.005853 0.005852 0.005852 0.005852 0.005852 0.005851 0.005848 0.005844 0.005835 0.005817 0.005786 0.005729 0.005635 0.005483 0.005250 0.004910 0.004438 0.003816 0.003039 0.002119 0.001089 0.000000 
50.000000 41.311037 33.034086 25.522622 19.026890 13.672321 9.463113 6.306061 4.045434 2.498993 1.487620 0.854770 0.475580 0.257838 0.137905 0.074487 0.042264 0.026518 0.019111 0.015755 0.014289 0.013671 0.013419 0.013320 0.013282 0.013268 0.013263 0.013261 0.013261 0.013260 0.013260 0.013260 0.013259 0.013257 0.013252 0.013242 0.013222 0.013184 0.013113 0.012989 0.012778 0.012439 0.011917 0.011153 0.010088 0.008681 0.006918 0.004827 0.002483 0.000000 
50.000000 41.313782 33.039445 25.530352 19.036668 13.683787 9.475903 6.319844 4.059926 2.513969 1.502912 0.870259 0.491187 0.273512 0.153617 0.090218 0.058005 0.042264 0.034860 0.031504 0.030039 0.029420 0.029169 0.029070 0.029032 0.029018 0.029013 0.029011 0.029011 0.029010 0.029010 0.029009 0.029007 0.029002 0.028992 0.028971 0.028929 0.028848 0.028698 0.028433 0.027982 0.027252 0.026126 0.024469 0.022152 0.019080 0.015217 0.010625 0.005468 0.000000 
50.000000 41.319397 33.050408 25.546166 19.056675 13.707246 9.502073 6.348045 4.089579 2.544614 1.534204 0.901955 0.523125 0.305589 0.185770 0.122411 0.090218 0.074487 0.067087 0.063734 0.062269 0.061652 0.061400 0.061301 0.061263 0.061249 0.061244 0.061243 0.061242 0.061241 0.061241 0.061239 0.061235 0.061226 0.061205 0.061163 0.061078 0.060913 0.060607 0.060062 0.059134 0.057625 0.055283 0.051824 0.046967 0.040496 0.032331 0.022594 0.011633 0.000000 
50.000000 41.330446 33.071979 25.577282 19.096041 13.753407 9.553571 6.403541 4.147935 2.604923 1.595788 0.964336 0.585982 0.368719 0.249050 0.185770 0.153617 0.137905 0.130515 0.127166 0.125703 0.125086 0.124835 0.124736 0.124698 0.124684 0.124679 0.124678 0.124677 0.124676 0.124675 0.124671 0.124663 0.124646 0.124607 0.124525 0.124359 0.124038 0.123438 0.122365 0.120531 0.117532 0.112854 0.105906 0.096098 0.082964 0.066320 0.046395 0.023904 0.000000 
50.000000 41.351334 33.112761 25.636113 19.170472 13.840689 9.650947 6.508480 4.258283 2.718967 1.712246 1.082301 0.704850 0.488104 0.368719 0.305589 0.273512 0.257838 0.250465 0.247124 0.245664 0.245049 0.244798 0.244699 0.244662 0.244648 0.244643 0.244641 0.244640 0.244639 0.244636 0.244630 0.244616 0.244583 0.244511 0.244360 0.244052 0.243451 0.242326 0.240305 0.236828 0.231110 0.222137 0.208725 0.189673 0.164009 0.131304 0.091972 0.047427 0.000000 
50.000000 41.389247 33.186785 25.742899 19.305577 13.999125 9.827711 6.698979 4.458608 2.926006 1.923671 1.296467 0.920656 0.704850 0.585982 0.523125 0.491187 0.475580 0.468239 0.464913 0.463459 0.462846 0.462596 0.462498 0.462461 0.462447 0.462442 0.462440 0.462439 0.462437 0.462432 0.462422 0.462396 0.462339 0.462212 0.461945 0.461399 0.460328 0.458311 0.454668 0.448361 0.437920 0.421419 0.396574 0.361016 0.312768 0.250871 0.176005 0.090859 0.000000 
50.000000 41.455257 33.315666 25.928823 19.540814 14.274992 10.135498 7.030691 4.807438 3.286536 2.291845 1.669419 1.296467 1.082301 0.964336 0.901955 0.870259 0.854770 0.847484 0.844182 0.842740 0.842131 0.841884 0.841786 0.841749 0.841735 0.841730 0.841728 0.841726 0.841723 0.841716 0.841698 0.841656 0.841560 0.841348 0.840898 0.839975 0.838156 0.834710 0.828442 0.817518 0.799295 0.770258 0.726158 0.662479 0.575309 0.462546 0.325173 0.168099 0.000000 
50.000000 41.565398 33.530717 26.239061 19.933344 14.735332 10.649118 7.584250 5.389578 3.888212 2.906288 2.291845 1.923671 1.712246 1.595788 1.534204 1.502912 1.487620 1.480427 1.477167 1.475743 1.475142 1.474898 1.474802 1.474765 1.474751 1.474746 1.474744 1.474742 1.474737 1.474726 1.474698 1.474631 1.474479 1.474142 1.473423 1.471941 1.469003 1.463402 1.453144 1.435121 1.404793 1.356007 1.281153 1.171907 1.020736 0.823143 0.580214 0.300497 0.000000 
50.000000 41.741381 33.874325 26.734770 20.560555 15.470911 11.469853 8.468827 6.319846 4.849719 3.888212 3.286536 2.926006 2.718967 2.604923 2.544614 2.513969 2.498993 2.491949 2.488756 2.487361 2.486773 2.486534 2.486439 2.486403 2.486390 2.486385 2.486382 2.486379 2.486373 2.486356 2.486314 2.486215 2.485987 2.485480 2.484392 2.482139 2.477645 2.469018 2.453091 2.424860 2.376879 2.298840 2.177656 1.998500 1.747265 1.414547 1.000600 0.519517 0.000000 
50.000000 42.010417 34.399625 27.492606 21.519450 16.595505 12.724667 9.821279 7.742184 6.319846 5.389578 4.807438 4.458608 4.258283 4.147935 4.089579 4.059926 4.045434 4.038617 4.035528 4.034178 4.033609 4.033377 4.033286 4.033251 4.033238 4.033233 4.033230 4.033226 4.033216 4.033193 4.033134 4.032995 4.032673 4.031954 4.030403 4.027173 4.020688 4.008143 3.984784 3.942967 3.871092 3.752695 3.566208 3.286189 2.886959 2.349308 1.669811 0.870023 0.000000 
50.000000 42.403632 35.167394 28.600263 22.920999 18.239277 14.558813 11.798179 9.821279 8.468827 7.584250 7.030691 6.698979 6.508480 6.403541 6.348045 6.319844 6.306061 6.299578 6.296639 6.295355 6.294814 6.294593 6.294506 6.294473 6.294461 6.294456 6.294453 6.294448 6.294435 6.294404 6.294328 6.294144 6.293718 6.292762 6.290687 6.286343 6.277560 6.260433 6.228244 6.169987 6.068583 5.899090 5.627624 5.212266 4.607728 3.775737 2.701784 1.414944 0.000000 
50.000000 42.952686 36.239456 30.146940 24.878080 20.534633 17.120053 14.558813 12.724667 11.469853 10.649118 10.135498 9.827711 9.650947 9.553571 9.502073 9.475903 9.463113 9.457096 9.454368 9.453177 9.452674 9.452469 9.452389 9.452358 9.452346 9.452342 9.452338 9.452332 9.452317 9.452280 9.452186 9.451960 9.451434 9.450249 9.447665 9.442222 9.431137 9.409340 9.367965 9.292197 9.158459 8.931189 8.560026 7.979105 7.111486 5.883145 4.250938 2.243809 0.000000 
50.000000 43.684628 37.668625 32.208839 27.487132 23.594694 20.534633 18.239277 16.595505 15.470911 14.735332 14.274992 13.999125 13.840689 13.753407 13.707246 13.683787 13.672321 13.666927 13.664482 13.663414 13.662963 13.662779 13.662707 13.662680 13.662669 13.662665 13.662661 13.662654 13.662638 13.662595 13.662489 13.662233 13.661634 13.660279 13.657310 13.651016 13.638109 13.612513 13.563425 13.472411 13.309316 13.027012 12.555528 11.797347 10.627935 8.909642 6.532119 3.492241 0.000000 
50.000000 44.615632 39.486487 34.831539 30.805838 27.487132 24.878080 22.920999 21.519450 20.560555 19.933344 19.540814 19.305577 19.170472 19.096041 19.056675 19.036668 19.026890 19.022289 19.020204 19.019293 19.018909 19.018752 19.018690 19.018667 19.018658 19.018654 19.018650 19.018644 19.018627 19.018583 19.018474 19.018209 19.017589 19.016179 19.013077 19.006463 18.992809 18.965505 18.912608 18.813291 18.632491 18.313270 17.766595 16.859197 15.402919 13.156171 9.864349 5.392099 0.000000 
50.000000 45.744948 41.691579 38.012934 34.831539 32.208839 30.146940 28.600263 27.492606 26.734770 26.239061 25.928823 25.742899 25.636113 25.577282 25.546166 25.530352 25.522622 25.518985 25.517337 25.516617 25.516313 25.516189 25.516140 25.516121 25.516114 25.516111 25.516108 25.516102 25.516087 25.516047 25.515947 25.515704 25.515134 25.513835 25.510962 25.504809 25.492028 25.466278 25.415918 25.320223 25.143298 24.824526 24.263795 23.299197 21.675369 19.006467 14.764238 8.410119 0.000000 
50.000000 47.050764 44.241313 41.691579 39.486487 37.668625 36.239456 35.167394 34.399625 33.874325 33.530717 33.315666 33.186785 33.112761 33.071979 33.050408 33.039445 33.034086 33.031565 33.030422 33.029923 33.029712 33.029626 33.029592 33.029579 33.029574 33.029572 33.029570 33.029565 33.029553 33.029523 33.029446 33.029259 33.028819 33.027814 33.025584 33.020789 33.010781 32.990493 32.950503 32.873726 32.729813 32.465610 31.988518 31.136506 29.622138 26.927342 22.120657 13.660641 0.000000 
50.000000 48.489589 47.050764 45.744948 44.615632 43.684628 42.952686 42.403632 42.010417 41.741381 41.565398 41.455257 41.389247 41.351334 41.330446 41.319397 41.313782 41.311037 41.309746 41.309160 41.308905 41.308797 41.308753 41.308735 41.308729 41.308726 41.308725 41.308724 41.308721 41.308715 41.308698 41.308656 41.308555 41.308314 41.307764 41.306542 41.303906 41.298388 41.287157 41.264901 41.221864 41.140393 40.988687 40.708877 40.192387 39.223533 37.334829 33.390124 24.244794 0.000000 
50.000000 50.000000 50.000000 50.000000 50.000000 50.000000 50.000000 50.000000 50.000000 50.000000 50.000000 50.000000 50.000000 50.000000 50.000000 50.000000 50.000000 50.000000 50.000000 50.000000 50.000000 50.000000 50.000000 50.000000 50.000000 50.000000 50.000000 50.000000 50.000000 50.000000 50.000000 50.000000 50.000000 50.000000 50.000000 50.000000 50.000000 50.000000 50.000000 50.000000 50.000000 50.000000 50.000000 50.000000 50.000000 50.000000 50.000000 50.000000 50.000000 50.000000 
