50.000000 50.000000 50.000000 50.000000 50.000000 50.000000 50.000000 50.000000 50.000000 50.000000 50.000000 50.000000 50.000000 50.000000 50.000000 50.000000 50.000000 50.000000 50.000000 50.000000 50.000000 50.000000 50.000000 50.000000 50.000000 50.000000 50.000000 50.000000 50.000000 50.000000 50.000000 50.000000 50.000000 50.000000 50.000000 50.000000 50.000000 50.000000 50.000000 50.000000 50.000000 50.000000 50.000000 50.000000 50.000000 50.000000 50.000000 50.000000 50.000000 50.000000 
50.000000 47.052391 44.376988 42.170821 40.515060 39.381224 38.670667 38.261794 38.045005 37.938716 37.890360 37.869877 37.861772 37.858767 37.857720 37.857377 37.857270 37.857239 37.857230 37.857228 37.857227 37.857227 37.857227 37.857227 37.857227 37.857227 37.857227 37.857227 37.857227 37.857227 37.857227 37.857227 37.857227 37.857225 37.857218 37.857195 37.857115 37.856855 37.856047 37.853664 37.846967 37.829043 37.783239 37.670997 37.405263 36.789908 35.368924 32.003112 23.526196 0.000000 
50.000000 44.376988 39.273295 35.064807 31.906353 29.743572 28.388245 27.608390 27.194922 26.992217 26.900002 26.860943 26.845489 26.839759 26.837763 26.837108 26.836905 26.836846 26.836829 26.836825 26.836823 26.836823 26.836823 26.836823 26.836823 26.836823 26.836823 26.836823 26.836823 26.836823 26.836823 26.836823 26.836822 26.836819 26.836808 26.836769 26.836635 26.836201 26.834860 26.830922 26.819945 26.790879 26.717718 26.542396 26.141269 25.261679 23.405841 19.636647 12.373876 0.000000 
50.000000 42.170821 35.064807 29.205361 24.808036 21.797073 19.910336 18.824780 18.249278 17.967157 17.838826 17.784474 17.762971 17.755000 17.752224 17.751313 17.751030 17.750947 17.750924 17.750918 17.750916 17.750916 17.750916 17.750916 17.750916 17.750916 17.750916 17.750916 17.750916 17.750916 17.750916 17.750915 17.750915 17.750911 17.750899 17.750855 17.750705 17.750220 17.748733 17.744402 17.732453 17.701246 17.624154 17.444113 17.046889 16.220091 14.602681 11.658966 6.801897 0.000000 
50.000000 40.515060 31.906353 24.808036 19.481211 15.834000 13.548732 12.233979 11.537031 11.195408 11.040026 10.974225 10.948195 10.938548 10.935187 10.934085 10.933743 10.933642 10.933615 10.933607 10.933605 10.933605 10.933605 10.933605 10.933605 10.933605 10.933605 10.933605 10.933605 10.933605 10.933605 10.933604 10.933604 10.933601 10.933589 10.933550 10.933416 10.932984 10.931670 10.927876 10.917529 10.890898 10.826347 10.679318 10.365512 9.740606 8.587945 6.644673 3.725152 0.000000 
50.000000 39.381224 29.743572 21.797073 15.834000 11.751388 9.193478 7.721985 6.942016 6.559736 6.385879 6.312261 6.283143 6.272352 6.268594 6.267361 6.266979 6.266867 6.266835 6.266827 6.266825 6.266825 6.266824 6.266824 6.266824 6.266824 6.266824 6.266824 6.266824 6.266824 6.266824 6.266824 6.266824 6.266821 6.266813 6.266783 6.266681 6.266355 6.265371 6.262556 6.254965 6.235700 6.189825 6.087652 5.875694 5.468488 4.750183 3.602303 1.975962 0.000000 
50.000000 38.670667 28.388245 19.910336 13.548732 9.193478 6.464909 4.895346 4.063459 3.655765 3.470367 3.391870 3.360825 3.349321 3.345315 3.344001 3.343593 3.343474 3.343440 3.343432 3.343429 3.343429 3.343429 3.343429 3.343429 3.343429 3.343429 3.343429 3.343429 3.343429 3.343429 3.343429 3.343428 3.343427 3.343421 3.343401 3.343333 3.343119 3.342475 3.340649 3.335776 3.323569 3.294957 3.232454 3.105826 2.869413 2.466223 1.845849 0.999671 0.000000 
50.000000 38.261794 27.608390 18.824780 12.233979 7.721985 4.895346 3.269457 2.407765 1.985492 1.793477 1.712184 1.680036 1.668124 1.663977 1.662616 1.662195 1.662071 1.662036 1.662027 1.662025 1.662024 1.662024 1.662024 1.662024 1.662024 1.662024 1.662024 1.662024 1.662024 1.662024 1.662024 1.662024 1.662023 1.662020 1.662008 1.661968 1.661842 1.661467 1.660411 1.657620 1.650708 1.634728 1.600389 1.532160 1.407632 1.200626 0.890671 0.478555 0.000000 
50.000000 38.045005 27.194922 18.249278 11.537031 6.942016 4.063459 2.407765 1.530314 1.100337 0.904827 0.822059 0.789330 0.777203 0.772981 0.771596 0.771167 0.771041 0.771006 0.770996 0.770994 0.770994 0.770993 0.770993 0.770993 0.770993 0.770993 0.770993 0.770993 0.770993 0.770993 0.770993 0.770993 0.770993 0.770991 0.770984 0.770963 0.770897 0.770699 0.770148 0.768702 0.765157 0.757057 0.739889 0.706316 0.646133 0.548031 0.404044 0.215962 0.000000 
50.000000 37.938716 26.992217 17.967157 11.195408 6.559736 3.655765 1.985492 1.100337 0.666596 0.469382 0.385894 0.352881 0.340650 0.336391 0.334994 0.334562 0.334435 0.334399 0.334390 0.334387 0.334387 0.334387 0.334387 0.334387 0.334387 0.334387 0.334387 0.334387 0.334387 0.334387 0.334387 0.334387 0.334386 0.334386 0.334382 0.334372 0.334340 0.334245 0.333982 0.333298 0.331635 0.327872 0.319989 0.304771 0.277880 0.234705 0.172272 0.091749 0.000000 
50.000000 37.890360 26.900002 17.838826 11.040026 6.385879 3.470367 1.793477 0.904827 0.469382 0.271395 0.187582 0.154441 0.142162 0.137887 0.136485 0.136051 0.135923 0.135888 0.135878 0.135876 0.135875 0.135875 0.135875 0.135875 0.135875 0.135875 0.135875 0.135875 0.135875 0.135875 0.135875 0.135875 0.135875 0.135875 0.135873 0.135869 0.135854 0.135813 0.135697 0.135399 0.134680 0.133066 0.129718 0.123322 0.112150 0.094424 0.069080 0.036697 0.000000 
50.000000 37.869877 26.860943 17.784474 10.974225 6.312261 3.391870 1.712184 0.822059 0.385894 0.187582 0.103632 0.070437 0.058139 0.053857 0.052453 0.052017 0.051890 0.051854 0.051845 0.051842 0.051842 0.051842 0.051842 0.051842 0.051842 0.051842 0.051842 0.051842 0.051842 0.051842 0.051842 0.051842 0.051841 0.051841 0.051841 0.051839 0.051833 0.051816 0.051769 0.051649 0.051360 0.050718 0.049395 0.046890 0.042555 0.035741 0.026083 0.013830 0.000000 
50.000000 37.861772 26.845489 17.762971 10.948195 6.283143 3.360825 1.680036 0.789330 0.352881 0.154441 0.070437 0.037221 0.024915 0.020630 0.019225 0.018789 0.018662 0.018626 0.018617 0.018614 0.018614 0.018614 0.018614 0.018614 0.018614 0.018614 0.018614 0.018614 0.018614 0.018614 0.018614 0.018614 0.018614 0.018613 0.018613 0.018613 0.018610 0.018604 0.018586 0.018541 0.018433 0.018194 0.017706 0.016788 0.015211 0.012751 0.009288 0.004917 0.000000 
50.000000 37.858767 26.839759 17.755000 10.938548 6.272352 3.349321 1.668124 0.777203 0.340650 0.142162 0.058139 0.024915 0.012606 0.008320 0.006915 0.006479 0.006351 0.006316 0.006306 0.006304 0.006303 0.006303 0.006303 0.006303 0.006303 0.006303 0.006303 0.006303 0.006303 0.006303 0.006303 0.006303 0.006303 0.006303 0.006303 0.006303 0.006302 0.006300 0.006293 0.006278 0.006240 0.006157 0.005988 0.005672 0.005132 0.004295 0.003124 0.001652 0.000000 
50.000000 37.857720 26.837763 17.752224 10.935187 6.268594 3.345315 1.663977 0.772981 0.336391 0.137887 0.053857 0.020630 0.008320 0.004035 0.002629 0.002193 0.002066 0.002030 0.002021 0.002018 0.002018 0.002017 0.002017 0.002017 0.002017 0.002017 0.002017 0.002017 0.002017 0.002017 0.002017 0.002017 0.002017 0.002017 0.002017 0.002017 0.002017 0.002016 0.002014 0.002009 0.001997 0.001969 0.001914 0.001812 0.001638 0.001369 0.000994 0.000526 0.000000 
50.000000 37.857377 26.837108 17.751313 10.934085 6.267361 3.344001 1.662616 0.771596 0.334994 0.136485 0.052453 0.019225 0.006915 0.002629 0.001223 0.000788 0.000660 0.000624 0.000615 0.000612 0.000612 0.000612 0.000612 0.000612 0.000612 0.000612 0.000612 0.000612 0.000612 0.000612 0.000612 0.000612 0.000612 0.000612 0.000612 0.000612 0.000611 0.000611 0.000611 0.000609 0.000605 0.000597 0.000580 0.000548 0.000495 0.000414 0.000300 0.000158 0.000000 
50.000000 37.857270 26.836905 17.751030 10.933743 6.266979 3.343593 1.662195 0.771167 0.334562 0.136051 0.052017 0.018789 0.006479 0.002193 0.000788 0.000352 0.000224 0.000188 0.000179 0.000177 0.000176 0.000176 0.000176 0.000176 0.000176 0.000176 0.000176 0.000176 0.000176 0.000176 0.000176 0.000176 0.000176 0.000176 0.000176 0.000176 0.000176 0.000176 0.000176 0.000175 0.000174 0.000172 0.000167 0.000158 0.000142 0.000119 0.000086 0.000045 0.000000 
50.000000 37.857239 26.836846 17.750947 10.933642 6.266867 3.343474 1.662071 0.771041 0.334435 0.135923 0.051890 0.018662 0.006351 0.002066 0.000660 0.000224 0.000096 0.000061 0.000051 0.000049 0.000048 0.000048 0.000048 0.000048 0.000048 0.000048 0.000048 0.000048 0.000048 0.000048 0.000048 0.000048 0.000048 0.000048 0.000048 0.000048 0.000048 0.000048 0.000048 0.000048 0.000048 0.000047 0.000046 0.000043 0.000039 0.000032 0.000023 0.000012 0.000000 
50.000000 37.857230 26.836829 17.750924 10.933615 6.266835 3.343440 1.662036 0.771006 0.334399 0.135888 0.051854 0.018626 0.006316 0.002030 0.000624 0.000188 0.000061 0.000025 0.000016 0.000013 0.000013 0.000013 0.000013 0.000013 0.000013 0.000013 0.000013 0.000013 0.000013 0.000013 0.000013 0.000013 0.000013 0.000013 0.000013 0.000013 0.000013 0.000013 0.000013 0.000012 0.000012 0.000012 0.000012 0.000011 0.000010 0.000008 0.000006 0.000003 0.000000 
50.000000 37.857228 26.836825 17.750918 10.933607 6.266827 3.343432 1.662027 0.770996 0.334390 0.135878 0.051845 0.018617 0.006306 0.002021 0.000615 0.000179 0.000051 0.000016 0.000006 0.000004 0.000003 0.000003 0.000003 0.000003 0.000003 0.000003 0.000003 0.000003 0.000003 0.000003 0.000003 0.000003 0.000003 0.000003 0.000003 0.000003 0.000003 0.000003 0.000003 0.000003 0.000003 0.000003 0.000003 0.000003 0.000003 0.000002 0.000002 0.000001 0.000000 
50.000000 37.857227 26.836823 17.750916 10.933605 6.266825 3.343429 1.662025 0.770994 0.334387 0.135876 0.051842 0.018614 0.006304 0.002018 0.000612 0.000177 0.000049 0.000013 0.000004 0.000001 0.000001 0.000001 0.000001 0.000001 0.000001 0.000001 0.000001 0.000001 0.000001 0.000001 0.000001 0.000001 0.000001 0.000001 0.000001 0.000001 0.000001 0.000001 0.000001 0.000001 0.000001 0.000001 0.000001 0.000001 0.000001 0.000000 0.000000 0.000000 0.000000 
50.000000 37.857227 26.836823 17.750916 10.933605 6.266825 3.343429 1.662024 0.770994 0.334387 0.135875 0.051842 0.018614 0.006303 0.002018 0.000612 0.000176 0.000048 0.000013 0.000003 0.000001 0.000000 0.000000 0.000000 0.000000 0.000000 0.000000 0.000000 0.000000 0.000000 0.000000 0.000000 0.000000 0.000000 0.000000 0.000000 0.000000 0.000000 0.000000 0.000000 0.000000 0.000000 0.000000 0.000000 0.000000 0.000000 0.000000 0.000000 0.000000 0.000000 
50.000000 37.857227 26.836823 17.750916 10.933605 6.266824 3.343429 1.662024 0.770993 0.334387 0.135875 0.051842 0.018614 0.006303 0.002017 0.000612 0.000176 0.000048 0.000013 0.000003 0.000001 0.000000 0.000000 0.000000 0.000000 0.000000 0.000000 0.000000 0.000000 0.000000 0.000000 0.000000 0.000000 0.000000 0.000000 0.000000 0.000000 0.000000 0.000000 0.000000 0.000000 0.000000 0.000000 0.000000 0.000000 0.000000 0.000000 0.000000 0.000000 0.000000 
50.000000 37.857227 26.836823 17.750916 10.933605 6.266824 3.343429 1.662024 0.770993 0.334387 0.135875 0.051842 0.018614 0.006303 0.002017 0.000612 0.000176 0.000048 0.000013 0.000003 0.000001 0.000000 0.000000 0.000000 0.000000 0.000000 0.000000 0.000000 0.000000 0.000000 0.000000 0.000000 0.000000 0.000000 0.000000 0.000000 0.000000 0.000000 0.000000 0.000000 0.000000 0.000000 0.000000 0.000000 0.000000 0.000000 0.000000 0.000000 0.000000 0.000000 
50.000000 37.857227 26.836823 17.750916 10.933605 6.266824 3.343429 1.662024 0.770993 0.334387 0.135875 0.051842 0.018614 0.006303 0.002017 0.000612 0.000176 0.000048 0.000013 0.000003 0.000001 0.000000 0.000000 0.000000 0.000000 0.000000 0.000000 0.000000 0.000000 0.000000 0.000000 0.000000 0.000000 0.000000 0.000000 0.000000 0.000000 0.000000 0.000000 0.000000 0.000000 0.000000 0.000000 0.000000 0.000000 0.000000 0.000000 0.000000 0.000000 0.000000 
50.000000 37.857227 26.836823 17.750916 10.933605 6.266824 3.343429 1.662024 0.770993 0.334387 0.135875 0.051842 0.018614 0.006303 0.002017 0.000612 0.000176 0.000048 0.000013 0.000003 0.000001 0.000000 0.000000 0.000000 0.000000 0.000000 0.000000 0.000000 0.000000 0.000000 0.000000 0.000000 0.000000 0.000000 0.000000 0.000000 0.000000 0.000000 0.000000 0.000000 0.000000 0.000000 0.000000 0.000000 0.000000 0.000000 0.000000 0.000000 0.000000 0.000000 
50.000000 37.857227 26.836823 17.750916 10.933605 6.266824 3.343429 1.662024 0.770993 0.334387 0.135875 0.051842 0.018614 0.006303 0.002017 0.000612 0.000176 0.000048 0.000013 0.000003 0.000001 0.000000 0.000000 0.000000 0.000000 0.000000 0.000000 0.000000 0.000000 0.000000 0.000000 0.000000 0.000000 0.000000 0.000000 0.000000 0.000000 0.000000 0.000000 0.000000 0.000000 0.000000 0.000000 0.000000 0.000000 0.000000 0.000000 0.000000 0.000000 0.000000 
50.000000 37.857227 26.836823 17.750916 10.933605 6.266824 3.343429 1.662024 0.770993 0.334387 0.135875 0.051842 0.018614 0.006303 0.002017 0.000612 0.000176 0.000048 0.000013 0.000003 0.000001 0.000000 0.000000 0.000000 0.000000 0.000000 0.000000 0.000000 0.000000 0.000000 0.000000 0.000000 0.000000 0.000000 0.000000 0.000000 0.000000 0.000000 0.000000 0.000000 0.000000 0.000000 0.000000 0.000000 0.000000 0.000000 0.000000 0.000000 0.000000 0.000000 
50.000000 37.857227 26.836823 17.750916 10.933605 6.266825 3.343429 1.662024 0.770994 0.334387 0.135875 0.051842 0.018614 0.006303 0.002018 0.000612 0.000176 0.000048 0.000013 0.000003 0.000001 0.000000 0.000000 0.000000 0.000000 0.000000 0.000000 0.000000 0.000000 0.000000 0.000000 0.000000 0.000000 0.000000 0.000000 0.000000 0.000000 0.000000 0.000000 0.000000 0.000000 0.000000 0.000000 0.000000 0.000000 0.000000 0.000000 0.000000 0.000000 0.000000 
50.000000 37.857227 26.836823 17.750916 10.933605 6.266825 3.343429 1.662025 0.770994 0.334387 0.135876 0.051842 0.018614 0.006304 0.002018 0.000612 0.000177 0.000049 0.000013 0.000004 0.000001 0.000001 0.000001 0.000001 0.000001 0.000001 0.000001 0.000001 0.000001 0.000001 0.000001 0.000001 0.000001 0.000001 0.000001 0.000001 0.000001 0.000001 0.000001 0.000001 0.000001 0.000001 0.000001 0.000001 0.000001 0.000001 0.000000 0.000000 0.000000 0.000000 
50.000000 37.857228 26.836825 17.750918 10.933607 6.266827 3.343432 1.662027 0.770996 0.334390 0.135878 0.051845 0.018617 0.006306 0.002021 0.000615 0.000179 0.000051 0.000016 0.000006 0.000004 0.000003 0.000003 0.000003 0.000003 0.000003 0.000003 0.000003 0.000003 0.000003 0.000003 0.000003 0.000003 0.000003 0.000003 0.000003 0.000003 0.000003 0.000003 0.000003 0.000003 0.000003 0.000003 0.000003 0.000003 0.000003 0.000002 0.000002 0.000001 0.000000 
50.000000 37.857230 26.836829 17.750924 10.933615 6.266835 3.343440 1.662036 0.771006 0.334399 0.135888 0.051854 0.018626 0.006316 0.002030 0.000624 0.000188 0.000061 0.000025 0.000016 0.000013 0.000013 0.000013 0.000013 0.000013 0.000013 0.000013 0.000013 0.000013 0.000013 0.000013 0.000013 0.000013 0.000013 0.000013 0.000013 0.000013 0.000013 0.000013 0.000013 0.000012 0.000012 0.000012 0.000012 0.000011 0.000010 0.000008 0.000006 0.000003 0.000000 
50.000000 37.857239 26.836846 17.750947 10.933642 6.266867 3.343474 1.662071 0.771041 0.334435 0.135923 0.051890 0.018662 0.006351 0.002066 0.000660 0.000224 0.000096 0.000061 0.000051 0.000049 0.000048 0.000048 0.000048 0.000048 0.000048 0.000048 0.000048 0.000048 0.000048 0.000048 0.000048 0.000048 0.000048 0.000048 0.000048 0.000048 0.000048 0.000048 0.000048 0.000048 0.000048 0.000047 0.000046 0.000043 0.000039 0.000032 0.000023 0.000012 0.000000 
50.000000 37.857270 26.836905 17.751030 10.933743 6.266979 3.343593 1.662195 0.771167 0.334562 0.136051 0.052017 0.018789 0.006479 0.002193 0.000788 0.000352 0.000224 0.000188 0.000179 0.000177 0.000176 0.000176 0.000176 0.000176 0.000176 0.000176 0.000176 0.000176 0.000176 0.000176 0.000176 0.000176 0.000176 0.000176 0.000176 0.000176 0.000176 0.000176 0.000176 0.000175 0.000174 0.000172 0.000167 0.000158 0.000142 0.000119 0.000086 0.000045 0.000000 
50.000000 37.857377 26.837108 17.751313 10.934085 6.267361 3.344001 1.662616 0.771596 0.334994 0.136485 0.052453 0.019225 0.006915 0.002629 0.001223 0.000788 0.000660 0.000624 0.000615 0.000612 0.000612 0.000612 0.000612 0.000612 0.000612 0.000612 0.000612 0.000612 0.000612 0.000612 0.000612 0.000612 0.000612 0.000612 0.000612 0.000612 0.000611 0.000611 0.000611 0.000609 0.000605 0.000597 0.000580 0.000548 0.000495 0.000414 0.000300 0.000158 0.000000 
50.000000 37.857720 26.837763 17.752224 10.935187 6.268594 3.345315 1.663977 0.772981 0.336391 0.137887 0.053857 0.020630 0.008320 0.004035 0.002629 0.002193 0.002066 0.002030 0.002021 0.002018 0.002018 0.002017 0.002017 0.002017 0.002017 0.002017 0.002017 0.002017 0.002017 0.002017 0.002017 0.002017 0.002017 0.002017 0.002017 0.002017 0.002017 0.002016 0.002014 0.002009 0.001997 0.001969 0.001914 0.001812 0.001638 0.001369 0.000994 0.000526 0.000000 
50.000000 37.858767 26.839759 17.755000 10.938548 6.272352 3.349321 1.668124 0.777203 0.340650 0.142162 0.058139 0.024915 0.012606 0.008320 0.006915 0.006479 0.006351 0.006316 0.006306 0.006304 0.006303 0.006303 0.006303 0.006303 0.006303 0.006303 0.006303 0.006303 0.006303 0.006303 0.006303 0.006303 0.006303 0.006303 0.006303 0.006303 0.006302 0.006300 0.006293 0.006278 0.006240 0.006157 0.005988 0.005672 0.005132 0.004295 0.003124 0.001652 0.000000 
50.000000 37.861772 26.845489 17.762971 10.948195 6.283143 3.360825 1.680036 0.789330 0.352881 0.154441 0.070437 0.037221 0.024915 0.020630 0.019225 0.018789 0.018662 0.018626 0.018617 0.018614 0.018614 0.018614 0.018614 0.018614 0.018614 0.018614 0.018614 0.018614 0.018614 0.018614 0.018614 0.018614 0.018614 0.018613 0.018613 0.018613 0.018610 0.018604 0.018586 0.018541 0.018433 0.018194 0.017706 0.016788 0.015211 0.012751 0.009288 0.004917 0.000000 
50.000000 37.869877 26.860943 17.784474 10.974225 6.312261 3.391870 1.712184 0.822059 0.385894 0.187582 0.103632 0.070437 0.058139 0.053857 0.052453 0.052017 0.051890 0.051854 0.051845 0.051842 0.051842 0.051842 0.051842 0.051842 0.051842 0.051842 0.051842 0.051842 0.051842 0.051842 0.051842 0.051842 0.051841 0.051841 0.051841 0.051839 0.051833 0.051816 0.051769 0.051649 0.051360 0.050718 0.049395 0.046890 0.042555 0.035741 0.026083 0.013830 0.000000 
50.000000 37.890360 26.900002 17.838826 11.040026 6.385879 3.470367 1.793477 0.904827 0.469382 0.271395 0.187582 0.154441 0.142162 0.137887 0.136485 0.136051 0.135923 0.135888 0.135878 0.135876 0.135875 0.135875 0.135875 0.135875 0.135875 0.135875 0.135875 0.135875 0.135875 0.135875 0.135875 0.135875 0.135875 0.135875 0.135873 0.135869 0.135854 0.135813 0.135697 0.135399 0.134680 0.133066 0.129718 0.123322 0.112150 0.094424 0.069080 0.036697 0.000000 
50.000000 37.938716 26.992217 17.967157 11.195408 6.559736 3.655765 1.985492 1.100337 0.666596 0.469382 0.385894 0.352881 0.340650 0.336391 0.334994 0.334562 0.334435 0.334399 0.334390 0.334387 0.334387 0.334387 0.334387 0.334387 0.334387 0.334387 0.334387 0.334387 0.334387 0.334387 0.334387 0.334387 0.334386 0.334386 0.334382 0.334372 0.334340 0.334245 0.333982 0.333298 0.331635 0.327872 0.319989 0.304771 0.277880 0.234705 0.172272 0.091749 0.000000 
50.000000 38.045005 27.194922 18.249278 11.537031 6.942016 4.063459 2.407765 1.530314 1.100337 0.904827 0.822059 0.789330 0.777203 0.772981 0.771596 0.771167 0.771041 0.771006 0.770996 0.770994 0.770994 0.770993 0.770993 0.770993 0.770993 0.770993 0.770993 0.770993 0.770993 0.770993 0.770993 0.770993 0.770993 0.770991 0.770984 0.770963 0.770897 0.770699 0.770148 0.768702 0.765157 0.757057 0.739889 0.706316 0.646133 0.548031 0.404044 0.215962 0.000000 
50.000000 38.261794 27.608390 18.824780 12.233979 7.721985 4.895346 3.269457 2.407765 1.985492 1.793477 1.712184 1.680036 1.668124 1.663977 1.662616 1.662195 1.662071 1.662036 1.662027 1.662025 1.662024 1.662024 1.662024 1.662024 1.662024 1.662024 1.662024 1.662024 1.662024 1.662024 1.662024 1.662024 1.662023 1.662020 1.662008 1.661968 1.661842 1.661467 1.660411 1.657620 1.650708 1.634728 1.600389 1.532160 1.407632 1.200626 0.890671 0.478555 0.000000 
50.000000 38.670667 28.388245 19.910336 13.548732 9.193478 6.464909 4.895346 4.063459 3.655765 3.470367 3.391870 3.360825 3.349321 3.345315 3.344001 3.343593 3.343474 3.343440 3.343432 3.343429 3.343429 3.343429 3.343429 3.343429 3.343429 3.343429 3.343429 3.343429 3.343429 3.343429 3.343429 3.343428 3.343427 3.343421 3.343401 3.343333 3.343119 3.342475 3.340649 3.335776 3.323569 3.294957 3.232454 3.105826 2.869413 2.466223 1.845849 0.999671 0.000000 
50.000000 39.381224 29.743572 21.797073 15.834000 11.751388 9.193478 7.721985 6.942016 6.559736 6.385879 6.312261 6.283143 6.272352 6.268594 6.267361 6.266979 6.266867 6.266835 6.266827 6.266825 6.266825 6.266824 6.266824 6.266824 6.266824 6.266824 6.266824 6.266824 6.266824 6.266824 6.266824 6.266824 6.266821 6.266813 6.266783 6.266681 6.266355 6.265371 6.262556 6.254965 6.235700 6.189825 6.087652 5.875694 5.468488 4.750183 3.602303 1.975962 0.000000 
50.000000 40.515060 31.906353 24.808036 19.481211 15.834000 13.548732 12.233979 11.537031 11.195408 11.040026 10.974225 10.948195 10.938548 10.935187 10.934085 10.933743 10.933642 10.933615 10.933607 10.933605 10.933605 10.933605 10.933605 10.933605 10.933605 10.933605 10.933605 10.933605 10.933605 10.933605 10.933604 10.933604 10.933601 10.933589 10.933550 10.933416 10.932984 10.931670 10.927876 10.917529 10.890898 10.826347 10.679318 10.365512 9.740606 8.587945 6.644673 3.725152 0.000000 
50.000000 42.170821 35.064807 29.205361 24.808036 21.797073 19.910336 18.824780 18.249278 17.967157 17.838826 17.784474 17.762971 17.755000 17.752224 17.751313 17.751030 17.750947 17.750924 17.750918 17.750916 17.750916 17.750916 17.750916 17.750916 17.750916 17.750916 17.750916 17.750916 17.750916 17.750916 17.750915 17.750915 17.750911 17.750899 17.750855 17.750705 17.750220 17.748733 17.744402 17.732453 17.701246 17.624154 17.444113 17.046889 16.220091 14.602681 11.658966 6.801897 0.000000 
50.000000 44.376988 39.273295 35.064807 31.906353 29.743572 28.388245 27.608390 27.194922 26.992217 26.900002 26.860943 26.845489 26.839759 26.837763 26.837108 26.836905 26.836846 26.836829 26.836825 26.836823 26.836823 26.836823 26.836823 26.836823 26.836823 26.836823 26.836823 26.836823 26.836823 26.836823 26.836823 26.836822 26.836819 26.836808 26.836769 26.836635 26.836201 26.834860 26.830922 26.819945 26.790879 26.717718 26.542396 26.141269 25.261679 23.405841 19.636647 12.373876 0.000000 
50.000000 47.052391 44.376988 42.170821 40.515060 39.381224 38.670667 38.261794 38.045005 37.938716 37.890360 37.869877 37.861772 37.858767 37.857720 37.857377 37.857270 37.857239 37.857230 37.857228 37.857227 37.857227 37.857227 37.857227 37.857227 37.857227 37.857227 37.857227 37.857227 37.857227 37.857227 37.857227 37.857227 37.857225 37.857218 37.857195 37.857115 37.856855 37.856047 37.853664 37.846967 37.829043 37.783239 37.670997 37.405263 36.789908 35.368924 32.003112 23.526196 0.000000 
50.000000 50.000000 50.000000 50.000000 50.000000 50.000000 50.000000 50.000000 50.000000 50.000000 50.000000 50.000000 50.000000 50.000000 50.000000 50.000000 50.000000 50.000000 50.000000 50.000000 50.000000 50.000000 50.000000 50.000000 50.000000 50.000000 50.000000 50.000000 50.000000 50.000000 50.000000 50.000000 50.000000 50.000000 50.000000 50.000000 50.000000 50.000000 50.000000 50.000000 50.000000 50.000000 50.000000 50.000000 50.000000 50.000000 50.000000 50.000000 50.000000 50.000000 
