50.000000 50.000000 50.000000 50.000000 50.000000 50.000000 50.000000 50.000000 50.000000 50.000000 50.000000 50.000000 50.000000 50.000000 50.000000 50.000000 50.000000 50.000000 50.000000 50.000000 50.000000 50.000000 50.000000 50.000000 50.000000 50.000000 50.000000 50.000000 50.000000 50.000000 50.000000 50.000000 50.000000 50.000000 50.000000 50.000000 50.000000 50.000000 50.000000 50.000000 50.000000 50.000000 50.000000 50.000000 50.000000 50.000000 50.000000 50.000000 50.000000 50.000000 
50.000000 46.570133 43.508588 41.065503 39.317583 38.192016 37.536708 37.190104 37.022742 36.948611 36.918352 36.906921 36.902908 36.901594 36.901192 36.901076 36.901044 36.901036 36.901034 36.901034 36.901034 36.901034 36.901034 36.901034 36.901034 36.901034 36.901034 36.901034 36.901034 36.901034 36.901034 36.901034 36.901034 36.901033 36.901031 36.901024 36.900996 36.900893 36.900532 36.899338 36.895595 36.884490 36.853259 36.769730 36.555928 36.026419 34.734584 31.544913 23.285067 0.000000 
50.000000 43.508588 37.714348 33.090724 29.782859 27.652879 26.412877 25.757063 25.440418 25.300176 25.242938 25.221317 25.213727 25.211242 25.210481 25.210262 25.210202 25.210187 25.210184 25.210183 25.210182 25.210182 25.210182 25.210182 25.210182 25.210182 25.210182 25.210182 25.210182 25.210182 25.210182 25.210182 25.210182 25.210182 25.210179 25.210167 25.210122 25.209954 25.209373 25.207459 25.201506 25.184040 25.135670 25.009194 24.696411 23.962858 22.326721 18.857174 11.963675 0.000000 
50.000000 41.065503 33.090724 26.727353 22.175089 19.244040 17.537834 16.635544 16.199942 16.007038 15.928316 15.898584 15.888148 15.884732 15.883686 15.883384 15.883303 15.883282 15.883277 15.883276 15.883275 15.883275 15.883275 15.883275 15.883275 15.883275 15.883275 15.883275 15.883275 15.883275 15.883275 15.883275 15.883275 15.883274 15.883271 15.883259 15.883210 15.883032 15.882417 15.880409 15.874229 15.856340 15.807711 15.683753 15.387962 14.728835 13.363676 10.764003 6.330919 0.000000 
50.000000 39.317583 29.782859 22.175089 16.732952 13.229235 11.189871 10.111520 9.590985 9.360499 9.266454 9.230940 9.218477 9.214398 9.213148 9.212789 9.212691 9.212666 9.212660 9.212659 9.212659 9.212658 9.212658 9.212658 9.212658 9.212658 9.212658 9.212658 9.212658 9.212658 9.212658 9.212658 9.212658 9.212658 9.212655 9.212644 9.212604 9.212455 9.211944 9.210291 9.205259 9.190900 9.152577 9.057224 8.836882 8.366476 7.446254 5.820001 3.291164 0.000000 
50.000000 38.192016 27.652879 19.244040 13.229235 9.357129 7.103551 5.912056 5.336973 5.082366 4.978493 4.939272 4.925511 4.921008 4.919628 4.919231 4.919124 4.919096 4.919090 4.919088 4.919088 4.919088 4.919088 4.919088 4.919088 4.919088 4.919088 4.919088 4.919088 4.919088 4.919088 4.919088 4.919088 4.919087 4.919085 4.919078 4.919049 4.918945 4.918590 4.917452 4.914023 4.904368 4.879032 4.817328 4.678564 4.392353 3.856078 2.956468 1.636087 0.000000 
50.000000 37.536708 26.412877 17.537834 11.189871 7.103551 4.725481 3.468273 2.861531 2.592935 2.483367 2.442001 2.427489 2.422740 2.421286 2.420868 2.420754 2.420725 2.420718 2.420717 2.420716 2.420716 2.420716 2.420716 2.420716 2.420716 2.420716 2.420716 2.420716 2.420716 2.420716 2.420716 2.420716 2.420716 2.420715 2.420710 2.420693 2.420630 2.420417 2.419738 2.417715 2.412088 2.397537 2.362740 2.286223 2.132647 1.854081 1.403683 0.766978 0.000000 
50.000000 37.190104 25.757063 16.635544 10.111520 5.912056 3.468273 2.176405 1.552978 1.277016 1.164452 1.121958 1.107052 1.102175 1.100681 1.100251 1.100135 1.100105 1.100098 1.100096 1.100096 1.100096 1.100096 1.100096 1.100096 1.100096 1.100096 1.100096 1.100096 1.100096 1.100096 1.100096 1.100096 1.100096 1.100095 1.100093 1.100083 1.100050 1.099937 1.099580 1.098524 1.095619 1.088203 1.070736 1.033024 0.958943 0.827833 0.621392 0.336845 0.000000 
50.000000 37.022742 25.440418 16.199942 9.590985 5.336973 2.861531 1.552978 0.921526 0.642025 0.528022 0.484988 0.469893 0.464954 0.463441 0.463006 0.462889 0.462858 0.462851 0.462849 0.462849 0.462849 0.462849 0.462849 0.462849 0.462849 0.462849 0.462849 0.462849 0.462849 0.462849 0.462849 0.462849 0.462849 0.462849 0.462847 0.462843 0.462827 0.462773 0.462605 0.462111 0.460763 0.457359 0.449443 0.432605 0.400085 0.343602 0.256378 0.138252 0.000000 
50.000000 36.948611 25.300176 16.007038 9.360499 5.082366 2.592935 1.277016 0.642025 0.360964 0.246329 0.203057 0.187879 0.182913 0.181392 0.180955 0.180837 0.180806 0.180799 0.180797 0.180797 0.180797 0.180797 0.180797 0.180797 0.180797 0.180797 0.180797 0.180797 0.180797 0.180797 0.180797 0.180797 0.180797 0.180797 0.180796 0.180794 0.180787 0.180764 0.180692 0.180482 0.179914 0.178492 0.175220 0.168343 0.155240 0.132809 0.098670 0.053016 0.000000 
50.000000 36.918352 25.242938 15.928316 9.266454 4.978493 2.483367 1.164452 0.528022 0.246329 0.131437 0.088069 0.072857 0.067880 0.066356 0.065918 0.065799 0.065769 0.065762 0.065760 0.065760 0.065760 0.065760 0.065760 0.065760 0.065760 0.065760 0.065760 0.065760 0.065760 0.065760 0.065760 0.065760 0.065760 0.065759 0.065759 0.065758 0.065756 0.065747 0.065719 0.065637 0.065417 0.064872 0.063629 0.061041 0.056163 0.047907 0.035480 0.019014 0.000000 
50.000000 36.906921 25.221317 15.898584 9.230940 4.939272 2.442001 1.121958 0.484988 0.203057 0.088069 0.044664 0.029440 0.024459 0.022934 0.022495 0.022377 0.022346 0.022339 0.022337 0.022337 0.022337 0.022337 0.022337 0.022337 0.022337 0.022337 0.022337 0.022337 0.022337 0.022337 0.022337 0.022337 0.022337 0.022337 0.022337 0.022336 0.022336 0.022332 0.022322 0.022293 0.022215 0.022022 0.021584 0.020682 0.018996 0.016166 0.011944 0.006389 0.000000 
50.000000 36.902908 25.213727 15.888148 9.218477 4.925511 2.427489 1.107052 0.469893 0.187879 0.072857 0.029440 0.014211 0.009229 0.007703 0.007265 0.007146 0.007116 0.007108 0.007107 0.007106 0.007106 0.007106 0.007106 0.007106 0.007106 0.007106 0.007106 0.007106 0.007106 0.007106 0.007106 0.007106 0.007106 0.007106 0.007106 0.007106 0.007106 0.007105 0.007101 0.007091 0.007066 0.007002 0.006859 0.006566 0.006022 0.005116 0.003773 0.002015 0.000000 
50.000000 36.901594 25.211242 15.884732 9.214398 4.921008 2.422740 1.102175 0.464954 0.182913 0.067880 0.024459 0.009229 0.004246 0.002721 0.002282 0.002163 0.002133 0.002125 0.002124 0.002123 0.002123 0.002123 0.002123 0.002123 0.002123 0.002123 0.002123 0.002123 0.002123 0.002123 0.002123 0.002123 0.002123 0.002123 0.002123 0.002123 0.002123 0.002123 0.002122 0.002119 0.002111 0.002091 0.002048 0.001959 0.001794 0.001522 0.001121 0.000598 0.000000 
50.000000 36.901192 25.210481 15.883686 9.213148 4.919628 2.421286 1.100681 0.463441 0.181392 0.066356 0.022934 0.007703 0.002721 0.001195 0.000756 0.000637 0.000607 0.000600 0.000598 0.000598 0.000597 0.000597 0.000597 0.000597 0.000597 0.000597 0.000597 0.000597 0.000597 0.000597 0.000597 0.000597 0.000597 0.000597 0.000597 0.000597 0.000597 0.000597 0.000597 0.000596 0.000594 0.000588 0.000576 0.000550 0.000504 0.000427 0.000314 0.000167 0.000000 
50.000000 36.901076 25.210262 15.883384 9.212789 4.919231 2.420868 1.100251 0.463006 0.180955 0.065918 0.022495 0.007265 0.002282 0.000756 0.000317 0.000199 0.000168 0.000161 0.000159 0.000159 0.000159 0.000159 0.000159 0.000159 0.000159 0.000159 0.000159 0.000159 0.000159 0.000159 0.000159 0.000159 0.000159 0.000159 0.000159 0.000159 0.000159 0.000159 0.000159 0.000158 0.000158 0.000156 0.000153 0.000146 0.000134 0.000113 0.000083 0.000044 0.000000 
50.000000 36.901044 25.210202 15.883303 9.212691 4.919124 2.420754 1.100135 0.462889 0.180837 0.065799 0.022377 0.007146 0.002163 0.000637 0.000199 0.000080 0.000049 0.000042 0.000040 0.000040 0.000040 0.000040 0.000040 0.000040 0.000040 0.000040 0.000040 0.000040 0.000040 0.000040 0.000040 0.000040 0.000040 0.000040 0.000040 0.000040 0.000040 0.000040 0.000040 0.000040 0.000040 0.000039 0.000038 0.000037 0.000034 0.000028 0.000021 0.000011 0.000000 
50.000000 36.901036 25.210187 15.883282 9.212666 4.919096 2.420725 1.100105 0.462858 0.180806 0.065769 0.022346 0.007116 0.002133 0.000607 0.000168 0.000049 0.000019 0.000012 0.000010 0.000010 0.000010 0.000010 0.000010 0.000010 0.000010 0.000010 0.000010 0.000010 0.000010 0.000010 0.000010 0.000010 0.000010 0.000010 0.000010 0.000010 0.000010 0.000010 0.000010 0.000009 0.000009 0.000009 0.000009 0.000009 0.000008 0.000007 0.000005 0.000003 0.000000 
50.000000 36.901034 25.210184 15.883277 9.212660 4.919090 2.420718 1.100098 0.462851 0.180799 0.065762 0.022339 0.007108 0.002125 0.000600 0.000161 0.000042 0.000012 0.000004 0.000003 0.000002 0.000002 0.000002 0.000002 0.000002 0.000002 0.000002 0.000002 0.000002 0.000002 0.000002 0.000002 0.000002 0.000002 0.000002 0.000002 0.000002 0.000002 0.000002 0.000002 0.000002 0.000002 0.000002 0.000002 0.000002 0.000002 0.000002 0.000001 0.000001 0.000000 
50.000000 36.901034 25.210183 15.883276 9.212659 4.919088 2.420717 1.100096 0.462849 0.180797 0.065760 0.022337 0.007107 0.002124 0.000598 0.000159 0.000040 0.000010 0.000003 0.000001 0.000001 0.000000 0.000000 0.000000 0.000000 0.000000 0.000000 0.000000 0.000000 0.000000 0.000000 0.000000 0.000000 0.000000 0.000000 0.000000 0.000000 0.000000 0.000000 0.000000 0.000000 0.000000 0.000000 0.000000 0.000000 0.000000 0.000000 0.000000 0.000000 0.000000 
50.000000 36.901034 25.210182 15.883275 9.212659 4.919088 2.420716 1.100096 0.462849 0.180797 0.065760 0.022337 0.007106 0.002123 0.000598 0.000159 0.000040 0.000010 0.000002 0.000001 0.000000 0.000000 0.000000 0.000000 0.000000 0.000000 0.000000 0.000000 0.000000 0.000000 0.000000 0.000000 0.000000 0.000000 0.000000 0.000000 0.000000 0.000000 0.000000 0.000000 0.000000 0.000000 0.000000 0.000000 0.000000 0.000000 0.000000 0.000000 0.000000 0.000000 
50.000000 36.901034 25.210182 15.883275 9.212658 4.919088 2.420716 1.100096 0.462849 0.180797 0.065760 0.022337 0.007106 0.002123 0.000597 0.000159 0.000040 0.000010 0.000002 0.000000 0.000000 0.000000 0.000000 0.000000 0.000000 0.000000 0.000000 0.000000 0.000000 0.000000 0.000000 0.000000 0.000000 0.000000 0.000000 0.000000 0.000000 0.000000 0.000000 0.000000 0.000000 0.000000 0.000000 0.000000 0.000000 0.000000 0.000000 0.000000 0.000000 0.000000 
50.000000 36.901034 25.210182 15.883275 9.212658 4.919088 2.420716 1.100096 0.462849 0.180797 0.065760 0.022337 0.007106 0.002123 0.000597 0.000159 0.000040 0.000010 0.000002 0.000000 0.000000 0.000000 0.000000 0.000000 0.000000 0.000000 0.000000 0.000000 0.000000 0.000000 0.000000 0.000000 0.000000 0.000000 0.000000 0.000000 0.000000 0.000000 0.000000 0.000000 0.000000 0.000000 0.000000 0.000000 0.000000 0.000000 0.000000 0.000000 0.000000 0.000000 
50.000000 36.901034 25.210182 15.883275 9.212658 4.919088 2.420716 1.100096 0.462849 0.180797 0.065760 0.022337 0.007106 0.002123 0.000597 0.000159 0.000040 0.000010 0.000002 0.000000 0.000000 0.000000 0.000000 0.000000 0.000000 0.000000 0.000000 0.000000 0.000000 0.000000 0.000000 0.000000 0.000000 0.000000 0.000000 0.000000 0.000000 0.000000 0.000000 0.000000 0.000000 0.000000 0.000000 0.000000 0.000000 0.000000 0.000000 0.000000 0.000000 0.000000 
50.000000 36.901034 25.210182 15.883275 9.212658 4.919088 2.420716 1.100096 0.462849 0.180797 0.065760 0.022337 0.007106 0.002123 0.000597 0.000159 0.000040 0.000010 0.000002 0.000000 0.000000 0.000000 0.000000 0.000000 0.000000 0.000000 0.000000 0.000000 0.000000 0.000000 0.000000 0.000000 0.000000 0.000000 0.000000 0.000000 0.000000 0.000000 0.000000 0.000000 0.000000 0.000000 0.000000 0.000000 0.000000 0.000000 0.000000 0.000000 0.000000 0.000000 
50.000000 36.901034 25.210182 15.883275 9.212658 4.919088 2.420716 1.100096 0.462849 0.180797 0.065760 0.022337 0.007106 0.002123 0.000597 0.000159 0.000040 0.000010 0.000002 0.000000 0.000000 0.000000 0.000000 0.000000 0.000000 0.000000 0.000000 0.000000 0.000000 0.000000 0.000000 0.000000 0.000000 0.000000 0.000000 0.000000 0.000000 0.000000 0.000000 0.000000 0.000000 0.000000 0.000000 0.000000 0.000000 0.000000 0.000000 0.000000 0.000000 0.000000 
50.000000 36.901034 25.210182 15.883275 9.212658 4.919088 2.420716 1.100096 0.462849 0.180797 0.065760 0.022337 0.007106 0.002123 0.000597 0.000159 0.000040 0.000010 0.000002 0.000000 0.000000 0.000000 0.000000 0.000000 0.000000 0.000000 0.000000 0.000000 0.000000 0.000000 0.000000 0.000000 0.000000 0.000000 0.000000 0.000000 0.000000 0.000000 0.000000 0.000000 0.000000 0.000000 0.000000 0.000000 0.000000 0.000000 0.000000 0.000000 0.000000 0.000000 
50.000000 36.901034 25.210182 15.883275 9.212658 4.919088 2.420716 1.100096 0.462849 0.180797 0.065760 0.022337 0.007106 0.002123 0.000597 0.000159 0.000040 0.000010 0.000002 0.000000 0.000000 0.000000 0.000000 0.000000 0.000000 0.000000 0.000000 0.000000 0.000000 0.000000 0.000000 0.000000 0.000000 0.000000 0.000000 0.000000 0.000000 0.000000 0.000000 0.000000 0.000000 0.000000 0.000000 0.000000 0.000000 0.000000 0.000000 0.000000 0.000000 0.000000 
50.000000 36.901034 25.210182 15.883275 9.212658 4.919088 2.420716 1.100096 0.462849 0.180797 0.065760 0.022337 0.007106 0.002123 0.000597 0.000159 0.000040 0.000010 0.000002 0.000000 0.000000 0.000000 0.000000 0.000000 0.000000 0.000000 0.000000 0.000000 0.000000 0.000000 0.000000 0.000000 0.000000 0.000000 0.000000 0.000000 0.000000 0.000000 0.000000 0.000000 0.000000 0.000000 0.000000 0.000000 0.000000 0.000000 0.000000 0.000000 0.000000 0.000000 
50.000000 36.901034 25.210182 15.883275 9.212659 4.919088 2.420716 1.100096 0.462849 0.180797 0.065760 0.022337 0.007106 0.002123 0.000598 0.000159 0.000040 0.000010 0.000002 0.000001 0.000000 0.000000 0.000000 0.000000 0.000000 0.000000 0.000000 0.000000 0.000000 0.000000 0.000000 0.000000 0.000000 0.000000 0.000000 0.000000 0.000000 0.000000 0.000000 0.000000 0.000000 0.000000 0.000000 0.000000 0.000000 0.000000 0.000000 0.000000 0.000000 0.000000 
50.000000 36.901034 25.210183 15.883276 9.212659 4.919088 2.420717 1.100096 0.462849 0.180797 0.065760 0.022337 0.007107 0.002124 0.000598 0.000159 0.000040 0.000010 0.000003 0.000001 0.000001 0.000000 0.000000 0.000000 0.000000 0.000000 0.000000 0.000000 0.000000 0.000000 0.000000 0.000000 0.000000 0.000000 0.000000 0.000000 0.000000 0.000000 0.000000 0.000000 0.000000 0.000000 0.000000 0.000000 0.000000 0.000000 0.000000 0.000000 0.000000 0.000000 
50.000000 36.901034 25.210184 15.883277 9.212660 4.919090 2.420718 1.100098 0.462851 0.180799 0.065762 0.022339 0.007108 0.002125 0.000600 0.000161 0.000042 0.000012 0.000004 0.000003 0.000002 0.000002 0.000002 0.000002 0.000002 0.000002 0.000002 0.000002 0.000002 0.000002 0.000002 0.000002 0.000002 0.000002 0.000002 0.000002 0.000002 0.000002 0.000002 0.000002 0.000002 0.000002 0.000002 0.000002 0.000002 0.000002 0.000002 0.000001 0.000001 0.000000 
50.000000 36.901036 25.210187 15.883282 9.212666 4.919096 2.420725 1.100105 0.462858 0.180806 0.065769 0.022346 0.007116 0.002133 0.000607 0.000168 0.000049 0.000019 0.000012 0.000010 0.000010 0.000010 0.000010 0.000010 0.000010 0.000010 0.000010 0.000010 0.000010 0.000010 0.000010 0.000010 0.000010 0.000010 0.000010 0.000010 0.000010 0.000010 0.000010 0.000010 0.000009 0.000009 0.000009 0.000009 0.000009 0.000008 0.000007 0.000005 0.000003 0.000000 
50.000000 36.901044 25.210202 15.883303 9.212691 4.919124 2.420754 1.100135 0.462889 0.180837 0.065799 0.022377 0.007146 0.002163 0.000637 0.000199 0.000080 0.000049 0.000042 0.000040 0.000040 0.000040 0.000040 0.000040 0.000040 0.000040 0.000040 0.000040 0.000040 0.000040 0.000040 0.000040 0.000040 0.000040 0.000040 0.000040 0.000040 0.000040 0.000040 0.000040 0.000040 0.000040 0.000039 0.000038 0.000037 0.000034 0.000028 0.000021 0.000011 0.000000 
50.000000 36.901076 25.210262 15.883384 9.212789 4.919231 2.420868 1.100251 0.463006 0.180955 0.065918 0.022495 0.007265 0.002282 0.000756 0.000317 0.000199 0.000168 0.000161 0.000159 0.000159 0.000159 0.000159 0.000159 0.000159 0.000159 0.000159 0.000159 0.000159 0.000159 0.000159 0.000159 0.000159 0.000159 0.000159 0.000159 0.000159 0.000159 0.000159 0.000159 0.000158 0.000158 0.000156 0.000153 0.000146 0.000134 0.000113 0.000083 0.000044 0.000000 
50.000000 36.901192 25.210481 15.883686 9.213148 4.919628 2.421286 1.100681 0.463441 0.181392 0.066356 0.022934 0.007703 0.002721 0.001195 0.000756 0.000637 0.000607 0.000600 0.000598 0.000598 0.000597 0.000597 0.000597 0.000597 0.000597 0.000597 0.000597 0.000597 0.000597 0.000597 0.000597 0.000597 0.000597 0.000597 0.000597 0.000597 0.000597 0.000597 0.000597 0.000596 0.000594 0.000588 0.000576 0.000550 0.000504 0.000427 0.000314 0.000167 0.000000 
50.000000 36.901594 25.211242 15.884732 9.214398 4.921008 2.422740 1.102175 0.464954 0.182913 0.067880 0.024459 0.009229 0.004246 0.002721 0.002282 0.002163 0.002133 0.002125 0.002124 0.002123 0.002123 0.002123 0.002123 0.002123 0.002123 0.002123 0.002123 0.002123 0.002123 0.002123 0.002123 0.002123 0.002123 0.002123 0.002123 0.002123 0.002123 0.002123 0.002122 0.002119 0.002111 0.002091 0.002048 0.001959 0.001794 0.001522 0.001121 0.000598 0.000000 
50.000000 36.902908 25.213727 15.888148 9.218477 4.925511 2.427489 1.107052 0.469893 0.187879 0.072857 0.029440 0.014211 0.009229 0.007703 0.007265 0.007146 0.007116 0.007108 0.007107 0.007106 0.007106 0.007106 0.007106 0.007106 0.007106 0.007106 0.007106 0.007106 0.007106 0.007106 0.007106 0.007106 0.007106 0.007106 0.007106 0.007106 0.007106 0.007105 0.007101 0.007091 0.007066 0.007002 0.006859 0.006566 0.006022 0.005116 0.003773 0.002015 0.000000 
50.000000 36.906921 25.221317 15.898584 9.230940 4.939272 2.442001 1.121958 0.484988 0.203057 0.088069 0.044664 0.029440 0.024459 0.022934 0.022495 0.022377 0.022346 0.022339 0.022337 0.022337 0.022337 0.022337 0.022337 0.022337 0.022337 0.022337 0.022337 0.022337 0.022337 0.022337 0.022337 0.022337 0.022337 0.022337 0.022337 0.022336 0.022336 0.022332 0.022322 0.022293 0.022215 0.022022 0.021584 0.020682 0.018996 0.016166 0.011944 0.006389 0.000000 
50.000000 36.918352 25.242938 15.928316 9.266454 4.978493 2.483367 1.164452 0.528022 0.246329 0.131437 0.088069 0.072857 0.067880 0.066356 0.065918 0.065799 0.065769 0.065762 0.065760 0.065760 0.065760 0.065760 0.065760 0.065760 0.065760 0.065760 0.065760 0.065760 0.065760 0.065760 0.065760 0.065760 0.065760 0.065759 0.065759 0.065758 0.065756 0.065747 0.065719 0.065637 0.065417 0.064872 0.063629 0.061041 0.056163 0.047907 0.035480 0.019014 0.000000 
50.000000 36.948611 25.300176 16.007038 9.360499 5.082366 2.592935 1.277016 0.642025 0.360964 0.246329 0.203057 0.187879 0.182913 0.181392 0.180955 0.180837 0.180806 0.180799 0.180797 0.180797 0.180797 0.180797 0.180797 0.180797 0.180797 0.180797 0.180797 0.180797 0.180797 0.180797 0.180797 0.180797 0.180797 0.180797 0.180796 0.180794 0.180787 0.180764 0.180692 0.180482 0.179914 0.178492 0.175220 0.168343 0.155240 0.132809 0.098670 0.053016 0.000000 
50.000000 37.022742 25.440418 16.199942 9.590985 5.336973 2.861531 1.552978 0.921526 0.642025 0.528022 0.484988 0.469893 0.464954 0.463441 0.463006 0.462889 0.462858 0.462851 0.462849 0.462849 0.462849 0.462849 0.462849 0.462849 0.462849 0.462849 0.462849 0.462849 0.462849 0.462849 0.462849 0.462849 0.462849 0.462849 0.462847 0.462843 0.462827 0.462773 0.462605 0.462111 0.460763 0.457359 0.449443 0.432605 0.400085 0.343602 0.256378 0.138252 0.000000 
50.000000 37.190104 25.757063 16.635544 10.111520 5.912056 3.468273 2.176405 1.552978 1.277016 1.164452 1.121958 1.107052 1.102175 1.100681 1.100251 1.100135 1.100105 1.100098 1.100096 1.100096 1.100096 1.100096 1.100096 1.100096 1.100096 1.100096 1.100096 1.100096 1.100096 1.100096 1.100096 1.100096 1.100096 1.100095 1.100093 1.100083 1.100050 1.099937 1.099580 1.098524 1.095619 1.088203 1.070736 1.033024 0.958943 0.827833 0.621392 0.336845 0.000000 
50.000000 37.536708 26.412877 17.537834 11.189871 7.103551 4.725481 3.468273 2.861531 2.592935 2.483367 2.442001 2.427489 2.422740 2.421286 2.420868 2.420754 2.420725 2.420718 2.420717 2.420716 2.420716 2.420716 2.420716 2.420716 2.420716 2.420716 2.420716 2.420716 2.420716 2.420716 2.420716 2.420716 2.420716 2.420715 2.420710 2.420693 2.420630 2.420417 2.419738 2.417715 2.412088 2.397537 2.362740 2.286223 2.132647 1.854081 1.403683 0.766978 0.000000 
50.000000 38.192016 27.652879 19.244040 13.229235 9.357129 7.103551 5.912056 5.336973 5.082366 4.978493 4.939272 4.925511 4.921008 4.919628 4.919231 4.919124 4.919096 4.919090 4.919088 4.919088 4.919088 4.919088 4.919088 4.919088 4.919088 4.919088 4.919088 4.919088 4.919088 4.919088 4.919088 4.919088 4.919087 4.919085 4.919078 4.919049 4.918945 4.918590 4.917452 4.914023 4.904368 4.879032 4.817328 4.678564 4.392353 3.856078 2.956468 1.636087 0.000000 
50.000000 39.317583 29.782859 22.175089 16.732952 13.229235 11.189871 10.111520 9.590985 9.360499 9.266454 9.230940 9.218477 9.214398 9.213148 9.212789 9.212691 9.212666 9.212660 9.212659 9.212659 9.212658 9.212658 9.212658 9.212658 9.212658 9.212658 9.212658 9.212658 9.212658 9.212658 9.212658 9.212658 9.212658 9.212655 9.212644 9.212604 9.212455 9.211944 9.210291 9.205259 9.190900 9.152577 9.057224 8.836882 8.366476 7.446254 5.820001 3.291164 0.000000 
50.000000 41.065503 33.090724 26.727353 22.175089 19.244040 17.537834 16.635544 16.199942 16.007038 15.928316 15.898584 15.888148 15.884732 15.883686 15.883384 15.883303 15.883282 15.883277 15.883276 15.883275 15.883275 15.883275 15.883275 15.883275 15.883275 15.883275 15.883275 15.883275 15.883275 15.883275 15.883275 15.883275 15.883274 15.883271 15.883259 15.883210 15.883032 15.882417 15.880409 15.874229 15.856340 15.807711 15.683753 15.387962 14.728835 13.363676 10.764003 6.330919 0.000000 
50.000000 43.508588 37.714348 33.090724 29.782859 27.652879 26.412877 25.757063 25.440418 25.300176 25.242938 25.221317 25.213727 25.211242 25.210481 25.210262 25.210202 25.210187 25.210184 25.210183 25.210182 25.210182 25.210182 25.210182 25.210182 25.210182 25.210182 25.210182 25.210182 25.210182 25.210182 25.210182 25.210182 25.210182 25.210179 25.210167 25.210122 25.209954 25.209373 25.207459 25.201506 25.184040 25.135670 25.009194 24.696411 23.962858 22.326721 18.857174 11.963675 0.000000 
50.000000 46.570133 43.508588 41.065503 39.317583 38.192016 37.536708 37.190104 37.022742 36.948611 36.918352 36.906921 36.902908 36.901594 36.901192 36.901076 36.901044 36.901036 36.901034 36.901034 36.901034 36.901034 36.901034 36.901034 36.901034 36.901034 36.901034 36.901034 36.901034 36.901034 36.901034 36.901034 36.901034 36.901033 36.901031 36.901024 36.900996 36.900893 36.900532 36.899338 36.895595 36.884490 36.853259 36.769730 36.555928 36.026419 34.734584 31.544913 23.285067 0.000000 
50.000000 50.000000 50.000000 50.000000 50.000000 50.000000 50.000000 50.000000 50.000000 50.000000 50.000000 50.000000 50.000000 50.000000 50.000000 50.000000 50.000000 50.000000 50.000000 50.000000 50.000000 50.000000 50.000000 50.000000 50.000000 50.000000 50.000000 50.000000 50.000000 50.000000 50.000000 50.000000 50.000000 50.000000 50.000000 50.000000 50.000000 50.000000 50.000000 50.000000 50.000000 50.000000 50.000000 50.000000 50.000000 50.000000 50.000000 50.000000 50.000000 50.000000 
