50.000000 50.000000 50.000000 50.000000 50.000000 50.000000 50.000000 50.000000 50.000000 50.000000 50.000000 50.000000 50.000000 50.000000 50.000000 50.000000 50.000000 50.000000 50.000000 50.000000 50.000000 50.000000 50.000000 50.000000 50.000000 50.000000 50.000000 50.000000 50.000000 50.000000 50.000000 50.000000 50.000000 50.000000 50.000000 50.000000 50.000000 50.000000 50.000000 50.000000 50.000000 50.000000 50.000000 50.000000 50.000000 50.000000 50.000000 50.000000 50.000000 50.000000 
50.000000 48.463345 47.000784 45.675708 44.532672 43.593550 42.858319 42.309533 41.918754 41.653101 41.480562 41.373411 41.309730 41.273479 41.253695 41.243335 41.238125 41.235605 41.234433 41.233908 41.233682 41.233587 41.233549 41.233534 41.233529 41.233527 41.233526 41.233525 41.233523 41.233517 41.233502 41.233465 41.233374 41.233157 41.232653 41.231523 41.229063 41.223865 41.213193 41.191874 41.150340 41.071173 40.922846 40.647766 40.137596 39.176798 37.297881 33.364507 24.231672 0.000000 
50.000000 47.000784 44.146188 41.559938 39.328997 37.496057 36.061071 34.989987 34.227296 33.708820 33.372079 33.162957 33.038674 32.967926 32.929317 32.909099 32.898930 32.894013 32.891726 32.890702 32.890259 32.890075 32.890001 32.889972 32.889961 32.889957 32.889955 32.889953 32.889949 32.889939 32.889912 32.889844 32.889678 32.889280 32.888361 32.886302 32.881833 32.872419 32.853169 32.814918 32.740930 32.601296 32.343365 31.875056 31.034778 29.535366 26.858742 22.073094 13.636277 0.000000 
50.000000 45.675708 41.559938 37.831084 34.614533 31.971835 29.902919 28.358682 27.259084 26.511589 26.026113 25.724629 25.545457 25.443466 25.387807 25.358662 25.344003 25.336916 25.333619 25.332143 25.331505 25.331239 25.331132 25.331091 25.331075 25.331069 25.331066 25.331064 25.331059 25.331045 25.331011 25.330923 25.330706 25.330192 25.329007 25.326362 25.320640 25.308646 25.284271 25.236217 25.144217 24.972962 24.662503 24.113409 23.164364 21.560359 18.915542 14.701196 8.377827 0.000000 
50.000000 44.532672 39.328997 34.614533 30.547813 27.206652 24.590954 22.638626 21.248463 20.303463 19.689725 19.308597 19.082098 18.953170 18.882813 18.845972 18.827444 18.818486 18.814319 18.812452 18.811646 18.811310 18.811175 18.811123 18.811103 18.811096 18.811093 18.811090 18.811084 18.811069 18.811031 18.810935 18.810700 18.810142 18.808861 18.806013 18.799883 18.787111 18.761350 18.711037 18.615864 18.441423 18.131524 17.597903 16.707950 15.273906 13.054174 9.793631 5.355875 0.000000 
50.000000 43.593550 37.496057 31.971835 27.206652 23.291687 20.226814 17.939264 16.310434 15.203215 14.484140 14.037609 13.772249 13.621205 13.538782 13.495623 13.473919 13.463426 13.458545 13.456358 13.455414 13.455021 13.454863 13.454801 13.454778 13.454770 13.454766 13.454763 13.454757 13.454743 13.454706 13.454613 13.454387 13.453850 13.452624 13.449909 13.444100 13.432076 13.408024 13.361523 13.274659 13.117931 12.844962 12.386552 11.645843 10.498702 8.807471 6.461279 3.455954 0.000000 
50.000000 42.858319 36.061071 29.902919 24.590954 20.226814 16.810347 14.260418 12.444797 11.210632 10.409131 9.911427 9.615666 9.447322 9.355461 9.307363 9.283175 9.271481 9.266042 9.263606 9.262554 9.262116 9.261940 9.261871 9.261846 9.261836 9.261832 9.261829 9.261824 9.261812 9.261779 9.261697 9.261498 9.261030 9.259963 9.257612 9.252612 9.242336 9.221953 9.182947 9.110980 8.983075 8.764358 8.405174 7.840262 6.993051 5.789509 4.186015 2.210553 0.000000 
50.000000 42.309533 34.989987 28.358682 22.638626 17.939264 14.260418 11.514702 9.559712 8.230838 7.367850 6.831979 6.513546 6.332302 6.233405 6.181624 6.155585 6.142997 6.137142 6.134520 6.133388 6.132916 6.132726 6.132653 6.132625 6.132615 6.132611 6.132608 6.132604 6.132593 6.132567 6.132501 6.132340 6.131962 6.131106 6.129229 6.125261 6.117164 6.101238 6.071060 6.016031 5.919580 5.757351 5.496060 5.094302 4.507102 3.696179 2.646622 1.386687 0.000000 
50.000000 41.918754 34.227296 27.259084 21.248463 16.310434 12.444797 9.559712 7.505523 6.109246 5.202505 4.639479 4.304917 4.114498 4.010597 3.956198 3.928843 3.915620 3.909470 3.906715 3.905526 3.905030 3.904831 3.904754 3.904725 3.904714 3.904710 3.904708 3.904704 3.904696 3.904676 3.904626 3.904505 3.904222 3.903582 3.902187 3.899256 3.893315 3.881722 3.859960 3.820705 3.752762 3.640132 3.461723 3.192502 2.807041 2.286122 1.626000 0.847581 0.000000 
50.000000 41.653101 33.708820 26.511589 20.303463 15.203215 11.210632 8.230838 6.109246 4.667178 3.730717 3.149247 2.803733 2.607085 2.499788 2.443612 2.415364 2.401710 2.395360 2.392515 2.391287 2.390776 2.390570 2.390490 2.390460 2.390449 2.390445 2.390443 2.390440 2.390435 2.390420 2.390385 2.390299 2.390100 2.389652 2.388681 2.386650 2.382563 2.374645 2.359909 2.333589 2.288542 2.214807 2.099651 1.928557 1.687598 1.367372 0.967889 0.502761 0.000000 
50.000000 41.480562 33.372079 26.026113 19.689725 14.484140 10.409131 7.367850 5.202505 3.730717 2.774969 2.181533 1.828914 1.628227 1.518728 1.461400 1.432574 1.418640 1.412160 1.409257 1.408004 1.407482 1.407272 1.407191 1.407160 1.407149 1.407145 1.407143 1.407141 1.407137 1.407128 1.407104 1.407047 1.406915 1.406620 1.405983 1.404657 1.402005 1.396904 1.387484 1.370807 1.342545 1.296790 1.226184 1.122617 0.978687 0.789897 0.557161 0.288688 0.000000 
50.000000 41.373411 33.162957 25.724629 19.308597 14.037609 9.911427 6.831979 4.639479 3.149247 2.181533 1.580675 1.223650 1.020457 0.909593 0.851552 0.822367 0.808260 0.801699 0.798761 0.797493 0.796964 0.796752 0.796669 0.796638 0.796627 0.796623 0.796621 0.796620 0.796617 0.796611 0.796596 0.796561 0.796478 0.796294 0.795898 0.795080 0.793451 0.790338 0.784629 0.774602 0.757757 0.730741 0.689475 0.629585 0.547247 0.440358 0.309788 0.160218 0.000000 
50.000000 41.309730 33.038674 25.545457 19.082098 13.772249 9.615666 6.513546 4.304917 2.803733 1.828914 1.223650 0.864010 0.659331 0.547658 0.489193 0.459796 0.445586 0.438978 0.436018 0.434740 0.434208 0.433994 0.433911 0.433880 0.433869 0.433865 0.433863 0.433862 0.433861 0.433857 0.433848 0.433827 0.433778 0.433669 0.433436 0.432955 0.432005 0.430199 0.426909 0.421170 0.411602 0.396381 0.373331 0.340173 0.294987 0.236812 0.166256 0.085865 0.000000 
50.000000 41.273479 32.967926 25.443466 18.953170 13.621205 9.447322 6.332302 4.114498 2.607085 1.628227 1.020457 0.659331 0.453808 0.341674 0.282969 0.253451 0.239184 0.232548 0.229577 0.228294 0.227759 0.227545 0.227461 0.227430 0.227418 0.227414 0.227413 0.227412 0.227411 0.227409 0.227404 0.227392 0.227364 0.227303 0.227172 0.226904 0.226376 0.225378 0.223569 0.220434 0.215242 0.207041 0.194711 0.177106 0.153287 0.122826 0.086093 0.044416 0.000000 
50.000000 41.253695 32.929317 25.387807 18.882813 13.538782 9.355461 6.233405 4.010597 2.499788 1.518728 0.909593 0.547658 0.341674 0.229290 0.170454 0.140870 0.126571 0.119921 0.116943 0.115657 0.115122 0.114907 0.114823 0.114791 0.114780 0.114776 0.114775 0.114774 0.114773 0.114772 0.114769 0.114763 0.114748 0.114715 0.114645 0.114502 0.114222 0.113695 0.112745 0.111107 0.108410 0.104176 0.097849 0.088872 0.076800 0.061446 0.043015 0.022172 0.000000 
50.000000 41.243335 32.909099 25.358662 18.845972 13.495623 9.307363 6.181624 3.956198 2.443612 1.461400 0.851552 0.489193 0.282969 0.170454 0.111549 0.081932 0.067616 0.060958 0.057976 0.056689 0.056153 0.055938 0.055854 0.055822 0.055811 0.055807 0.055806 0.055805 0.055805 0.055804 0.055803 0.055799 0.055792 0.055775 0.055739 0.055666 0.055524 0.055258 0.054780 0.053960 0.052616 0.050518 0.047400 0.042999 0.037110 0.029654 0.020738 0.010682 0.000000 
50.000000 41.238125 32.898930 25.344003 18.827444 13.473919 9.283175 6.155585 3.928843 2.415364 1.432574 0.822367 0.459796 0.253451 0.140870 0.081932 0.052297 0.037973 0.031311 0.028328 0.027040 0.026503 0.026288 0.026204 0.026172 0.026161 0.026157 0.026156 0.026155 0.026155 0.026154 0.026154 0.026152 0.026148 0.026140 0.026123 0.026087 0.026018 0.025889 0.025658 0.025264 0.024622 0.023623 0.022145 0.020068 0.017301 0.013811 0.009650 0.004968 0.000000 
50.000000 41.235605 32.894013 25.336916 18.818486 13.463426 9.271481 6.142997 3.915620 2.401710 1.418640 0.808260 0.445586 0.239184 0.126571 0.067616 0.037973 0.023645 0.016981 0.013997 0.012709 0.012172 0.011956 0.011873 0.011841 0.011830 0.011826 0.011824 0.011824 0.011824 0.011823 0.011823 0.011822 0.011821 0.011817 0.011808 0.011792 0.011760 0.011700 0.011593 0.011411 0.011115 0.010657 0.009983 0.009039 0.007786 0.006210 0.004336 0.002231 0.000000 
50.000000 41.234433 32.891726 25.333619 18.814319 13.458545 9.266042 6.137142 3.909470 2.395360 1.412160 0.801699 0.438978 0.232548 0.119921 0.060958 0.031311 0.016981 0.010317 0.007332 0.006044 0.005507 0.005292 0.005208 0.005176 0.005165 0.005161 0.005159 0.005159 0.005159 0.005159 0.005159 0.005158 0.005157 0.005156 0.005152 0.005144 0.005130 0.005103 0.005055 0.004975 0.004844 0.004642 0.004345 0.003931 0.003384 0.002697 0.001882 0.000968 0.000000 
50.000000 41.233908 32.890702 25.332143 18.812452 13.456358 9.263606 6.134520 3.906715 2.392515 1.409257 0.798761 0.436018 0.229577 0.116943 0.057976 0.028328 0.013997 0.007332 0.004348 0.003059 0.002522 0.002307 0.002223 0.002191 0.002180 0.002176 0.002174 0.002174 0.002174 0.002174 0.002174 0.002174 0.002173 0.002172 0.002171 0.002168 0.002161 0.002150 0.002129 0.002095 0.002039 0.001953 0.001827 0.001652 0.001421 0.001132 0.000789 0.000406 0.000000 
50.000000 41.233682 32.890259 25.331505 18.811646 13.455414 9.262554 6.133388 3.905526 2.391287 1.408004 0.797493 0.434741 0.228294 0.115657 0.056689 0.027040 0.012709 0.006044 0.003059 0.001771 0.001234 0.001018 0.000934 0.000903 0.000891 0.000887 0.000886 0.000886 0.000885 0.000885 0.000885 0.000885 0.000885 0.000885 0.000884 0.000883 0.000880 0.000875 0.000867 0.000853 0.000830 0.000794 0.000743 0.000671 0.000577 0.000459 0.000320 0.000165 0.000000 
50.000000 41.233587 32.890075 25.331239 18.811311 13.455021 9.262116 6.132916 3.905031 2.390776 1.407482 0.796964 0.434209 0.227760 0.115122 0.056153 0.026504 0.012172 0.005508 0.002523 0.001234 0.000697 0.000482 0.000398 0.000366 0.000355 0.000351 0.000349 0.000349 0.000349 0.000349 0.000349 0.000349 0.000349 0.000349 0.000348 0.000348 0.000347 0.000345 0.000341 0.000336 0.000327 0.000313 0.000292 0.000264 0.000227 0.000180 0.000126 0.000065 0.000000 
50.000000 41.233549 32.890001 25.331133 18.811176 13.454863 9.261940 6.132727 3.904832 2.390571 1.407273 0.796753 0.433995 0.227545 0.114907 0.055938 0.026288 0.011957 0.005292 0.002307 0.001019 0.000482 0.000266 0.000183 0.000151 0.000140 0.000136 0.000134 0.000134 0.000134 0.000134 0.000134 0.000134 0.000133 0.000133 0.000133 0.000133 0.000133 0.000132 0.000131 0.000128 0.000125 0.000120 0.000112 0.000101 0.000087 0.000069 0.000048 0.000025 0.000000 
50.000000 41.233535 32.889973 25.331092 18.811124 13.454803 9.261873 6.132654 3.904756 2.390492 1.407193 0.796671 0.433913 0.227463 0.114825 0.055856 0.026206 0.011875 0.005210 0.002225 0.000936 0.000400 0.000184 0.000100 0.000069 0.000057 0.000053 0.000052 0.000051 0.000051 0.000051 0.000051 0.000051 0.000051 0.000051 0.000051 0.000051 0.000051 0.000050 0.000050 0.000049 0.000048 0.000046 0.000043 0.000039 0.000033 0.000026 0.000018 0.000009 0.000000 
50.000000 41.233530 32.889963 25.331078 18.811107 13.454783 9.261851 6.132630 3.904730 2.390466 1.407166 0.796644 0.433886 0.227436 0.114797 0.055828 0.026179 0.011847 0.005182 0.002197 0.000909 0.000372 0.000156 0.000073 0.000041 0.000030 0.000026 0.000024 0.000024 0.000024 0.000024 0.000024 0.000024 0.000024 0.000024 0.000024 0.000024 0.000023 0.000023 0.000023 0.000023 0.000022 0.000021 0.000020 0.000018 0.000015 0.000012 0.000008 0.000004 0.000000 
50.000000 41.233530 32.889963 25.331078 18.811107 13.454783 9.261851 6.132630 3.904730 2.390466 1.407166 0.796644 0.433886 0.227436 0.114797 0.055828 0.026179 0.011847 0.005182 0.002197 0.000909 0.000372 0.000156 0.000073 0.000041 0.000030 0.000026 0.000024 0.000024 0.000024 0.000024 0.000024 0.000024 0.000024 0.000024 0.000024 0.000024 0.000023 0.000023 0.000023 0.000023 0.000022 0.000021 0.000020 0.000018 0.000015 0.000012 0.000008 0.000004 0.000000 
50.000000 41.233535 32.889973 25.331092 18.811124 13.454803 9.261873 6.132654 3.904756 2.390492 1.407193 0.796671 0.433913 0.227463 0.114825 0.055856 0.026206 0.011875 0.005210 0.002225 0.000936 0.000400 0.000184 0.000100 0.000069 0.000057 0.000053 0.000052 0.000051 0.000051 0.000051 0.000051 0.000051 0.000051 0.000051 0.000051 0.000051 0.000051 0.000050 0.000050 0.000049 0.000048 0.000046 0.000043 0.000039 0.000033 0.000026 0.000018 0.000009 0.000000 
50.000000 41.233549 32.890001 25.331133 18.811176 13.454863 9.261940 6.132727 3.904832 2.390571 1.407273 0.796753 0.433995 0.227545 0.114907 0.055938 0.026288 0.011957 0.005292 0.002307 0.001019 0.000482 0.000266 0.000183 0.000151 0.000140 0.000136 0.000134 0.000134 0.000134 0.000134 0.000134 0.000134 0.000133 0.000133 0.000133 0.000133 0.000133 0.000132 0.000131 0.000128 0.000125 0.000120 0.000112 0.000101 0.000087 0.000069 0.000048 0.000025 0.000000 
50.000000 41.233587 32.890075 25.331239 18.811311 13.455021 9.262116 6.132916 3.905031 2.390776 1.407482 0.796964 0.434209 0.227760 0.115122 0.056153 0.026504 0.012172 0.005508 0.002523 0.001234 0.000697 0.000482 0.000398 0.000366 0.000355 0.000351 0.000349 0.000349 0.000349 0.000349 0.000349 0.000349 0.000349 0.000349 0.000348 0.000348 0.000347 0.000345 0.000341 0.000336 0.000327 0.000313 0.000292 0.000264 0.000227 0.000180 0.000126 0.000065 0.000000 
50.000000 41.233682 32.890259 25.331505 18.811646 13.455414 9.262554 6.133388 3.905526 2.391287 1.408004 0.797493 0.434741 0.228294 0.115657 0.056689 0.027040 0.012709 0.006044 0.003059 0.001771 0.001234 0.001018 0.000934 0.000903 0.000891 0.000887 0.000886 0.000886 0.000885 0.000885 0.000885 0.000885 0.000885 0.000885 0.000884 0.000883 0.000880 0.000875 0.000867 0.000853 0.000830 0.000794 0.000743 0.000671 0.000577 0.000459 0.000320 0.000165 0.000000 
50.000000 41.233908 32.890702 25.332143 18.812452 13.456358 9.263606 6.134520 3.906715 2.392515 1.409257 0.798761 0.436018 0.229577 0.116943 0.057976 0.028328 0.013997 0.007332 0.004348 0.003059 0.002522 0.002307 0.002223 0.002191 0.002180 0.002176 0.002174 0.002174 0.002174 0.002174 0.002174 0.002174 0.002173 0.002172 0.002171 0.002168 0.002161 0.002150 0.002129 0.002095 0.002039 0.001953 0.001827 0.001652 0.001421 0.001132 0.000789 0.000406 0.000000 
50.000000 41.234433 32.891726 25.333619 18.814319 13.458545 9.266042 6.137142 3.909470 2.395360 1.412160 0.801699 0.438978 0.232548 0.119921 0.060958 0.031311 0.016981 0.010317 0.007332 0.006044 0.005507 0.005292 0.005208 0.005176 0.005165 0.005161 0.005159 0.005159 0.005159 0.005159 0.005159 0.005158 0.005157 0.005156 0.005152 0.005144 0.005130 0.005103 0.005055 0.004975 0.004844 0.004642 0.004345 0.003931 0.003384 0.002697 0.001882 0.000968 0.000000 
50.000000 41.235605 32.894013 25.336916 18.818486 13.463426 9.271481 6.142997 3.915620 2.401710 1.418640 0.808260 0.445586 0.239184 0.126571 0.067616 0.037973 0.023645 0.016981 0.013997 0.012709 0.012172 0.011956 0.011873 0.011841 0.011830 0.011826 0.011824 0.011824 0.011824 0.011823 0.011823 0.011822 0.011821 0.011817 0.011808 0.011792 0.011760 0.011700 0.011593 0.011411 0.011115 0.010657 0.009983 0.009039 0.007786 0.006210 0.004336 0.002231 0.000000 
50.000000 41.238125 32.898930 25.344003 18.827444 13.473919 9.283175 6.155585 3.928843 2.415364 1.432574 0.822367 0.459796 0.253451 0.140870 0.081932 0.052297 0.037973 0.031311 0.028328 0.027040 0.026503 0.026288 0.026204 0.026172 0.026161 0.026157 0.026156 0.026155 0.026155 0.026154 0.026154 0.026152 0.026148 0.026140 0.026123 0.026087 0.026018 0.025889 0.025658 0.025264 0.024622 0.023623 0.022145 0.020068 0.017301 0.013811 0.009650 0.004968 0.000000 
50.000000 41.243335 32.909099 25.358662 18.845972 13.495623 9.307363 6.181624 3.956198 2.443612 1.461400 0.851552 0.489193 0.282969 0.170454 0.111549 0.081932 0.067616 0.060958 0.057976 0.056689 0.056153 0.055938 0.055854 0.055822 0.055811 0.055807 0.055806 0.055805 0.055805 0.055804 0.055803 0.055799 0.055792 0.055775 0.055739 0.055666 0.055524 0.055258 0.054780 0.053960 0.052616 0.050518 0.047400 0.042999 0.037110 0.029654 0.020738 0.010682 0.000000 
50.000000 41.253695 32.929317 25.387807 18.882813 13.538782 9.355461 6.233405 4.010597 2.499788 1.518728 0.909593 0.547658 0.341674 0.229290 0.170454 0.140870 0.126571 0.119921 0.116943 0.115657 0.115122 0.114907 0.114823 0.114791 0.114780 0.114776 0.114775 0.114774 0.114773 0.114772 0.114769 0.114763 0.114748 0.114715 0.114645 0.114502 0.114222 0.113695 0.112745 0.111107 0.108410 0.104176 0.097849 0.088872 0.076800 0.061446 0.043015 0.022172 0.000000 
50.000000 41.273479 32.967926 25.443466 18.953170 13.621205 9.447322 6.332302 4.114498 2.607085 1.628227 1.020457 0.659331 0.453808 0.341674 0.282969 0.253451 0.239184 0.232548 0.229577 0.228294 0.227759 0.227545 0.227461 0.227430 0.227418 0.227414 0.227413 0.227412 0.227411 0.227409 0.227404 0.227392 0.227364 0.227303 0.227172 0.226904 0.226376 0.225378 0.223569 0.220434 0.215242 0.207041 0.194711 0.177106 0.153287 0.122826 0.086093 0.044416 0.000000 
50.000000 41.309730 33.038674 25.545457 19.082098 13.772249 9.615666 6.513546 4.304917 2.803733 1.828914 1.223650 0.864010 0.659331 0.547658 0.489193 0.459796 0.445586 0.438978 0.436018 0.434740 0.434208 0.433994 0.433911 0.433880 0.433869 0.433865 0.433863 0.433862 0.433861 0.433857 0.433848 0.433827 0.433778 0.433669 0.433436 0.432955 0.432005 0.430199 0.426909 0.421170 0.411602 0.396381 0.373331 0.340173 0.294987 0.236812 0.166256 0.085865 0.000000 
50.000000 41.373411 33.162957 25.724629 19.308597 14.037609 9.911427 6.831979 4.639479 3.149247 2.181533 1.580675 1.223650 1.020457 0.909593 0.851552 0.822367 0.808260 0.801699 0.798761 0.797493 0.796964 0.796752 0.796669 0.796638 0.796627 0.796623 0.796621 0.796620 0.796617 0.796611 0.796596 0.796561 0.796478 0.796294 0.795898 0.795080 0.793451 0.790338 0.784629 0.774602 0.757757 0.730741 0.689475 0.629585 0.547247 0.440358 0.309788 0.160218 0.000000 
50.000000 41.480562 33.372079 26.026113 19.689725 14.484140 10.409131 7.367850 5.202505 3.730717 2.774969 2.181533 1.828914 1.628227 1.518728 1.461400 1.432574 1.418640 1.412160 1.409257 1.408004 1.407482 1.407272 1.407191 1.407160 1.407149 1.407145 1.407143 1.407141 1.407137 1.407128 1.407104 1.407047 1.406915 1.406620 1.405983 1.404657 1.402005 1.396904 1.387484 1.370807 1.342545 1.296790 1.226184 1.122617 0.978687 0.789897 0.557161 0.288688 0.000000 
50.000000 41.653101 33.708820 26.511589 20.303463 15.203215 11.210632 8.230838 6.109246 4.667178 3.730717 3.149247 2.803733 2.607085 2.499788 2.443612 2.415364 2.401710 2.395360 2.392515 2.391287 2.390776 2.390570 2.390490 2.390460 2.390449 2.390445 2.390443 2.390440 2.390435 2.390420 2.390385 2.390299 2.390100 2.389652 2.388681 2.386650 2.382563 2.374645 2.359909 2.333589 2.288542 2.214807 2.099651 1.928557 1.687598 1.367372 0.967889 0.502761 0.000000 
50.000000 41.918754 34.227296 27.259084 21.248463 16.310434 12.444797 9.559712 7.505523 6.109246 5.202505 4.639479 4.304917 4.114498 4.010597 3.956198 3.928843 3.915620 3.909470 3.906715 3.905526 3.905030 3.904831 3.904754 3.904725 3.904714 3.904710 3.904708 3.904704 3.904696 3.904676 3.904626 3.904505 3.904222 3.903582 3.902187 3.899256 3.893315 3.881722 3.859960 3.820705 3.752762 3.640132 3.461723 3.192502 2.807041 2.286122 1.626000 0.847581 0.000000 
50.000000 42.309533 34.989987 28.358682 22.638626 17.939264 14.260418 11.514702 9.559712 8.230838 7.367850 6.831979 6.513546 6.332302 6.233405 6.181624 6.155585 6.142997 6.137142 6.134520 6.133388 6.132916 6.132726 6.132653 6.132625 6.132615 6.132611 6.132608 6.132604 6.132593 6.132567 6.132501 6.132340 6.131962 6.131106 6.129229 6.125261 6.117164 6.101238 6.071060 6.016031 5.919580 5.757351 5.496060 5.094302 4.507102 3.696179 2.646622 1.386687 0.000000 
50.000000 42.858319 36.061071 29.902919 24.590954 20.226814 16.810347 14.260418 12.444797 11.210632 10.409131 9.911427 9.615666 9.447322 9.355461 9.307363 9.283175 9.271481 9.266042 9.263606 9.262554 9.262116 9.261940 9.261871 9.261846 9.261836 9.261832 9.261829 9.261824 9.261812 9.261779 9.261697 9.261498 9.261030 9.259963 9.257612 9.252612 9.242336 9.221953 9.182947 9.110980 8.983075 8.764358 8.405174 7.840262 6.993051 5.789509 4.186015 2.210553 0.000000 
50.000000 43.593550 37.496057 31.971835 27.206652 23.291687 20.226814 17.939264 16.310434 15.203215 14.484140 14.037609 13.772249 13.621205 13.538782 13.495623 13.473919 13.463426 13.458545 13.456358 13.455414 13.455021 13.454863 13.454801 13.454778 13.454770 13.454766 13.454763 13.454757 13.454743 13.454706 13.454613 13.454387 13.453850 13.452624 13.449909 13.444100 13.432076 13.408024 13.361523 13.274659 13.117931 12.844962 12.386552 11.645843 10.498702 8.807471 6.461279 3.455954 0.000000 
50.000000 44.532672 39.328997 34.614533 30.547813 27.206652 24.590954 22.638626 21.248463 20.303463 19.689725 19.308597 19.082098 18.953170 18.882813 18.845972 18.827444 18.818486 18.814319 18.812452 18.811646 18.811310 18.811175 18.811123 18.811103 18.811096 18.811093 18.811090 18.811084 18.811069 18.811031 18.810935 18.810700 18.810142 18.808861 18.806013 18.799883 18.787111 18.761350 18.711037 18.615864 18.441423 18.131524 17.597903 16.707950 15.273906 13.054174 9.793631 5.355875 0.000000 
50.000000 45.675708 41.559938 37.831084 34.614533 31.971835 29.902919 28.358682 27.259084 26.511589 26.026113 25.724629 25.545457 25.443466 25.387807 25.358662 25.344003 25.336916 25.333619 25.332143 25.331505 25.331239 25.331132 25.331091 25.331075 25.331069 25.331066 25.331064 25.331059 25.331045 25.331011 25.330923 25.330706 25.330192 25.329007 25.326362 25.320640 25.308646 25.284271 25.236217 25.144217 24.972962 24.662503 24.113409 23.164364 21.560359 18.915542 14.701196 8.377827 0.000000 
50.000000 47.000784 44.146188 41.559938 39.328997 37.496057 36.061071 34.989987 34.227296 33.708820 33.372079 33.162957 33.038674 32.967926 32.929317 32.909099 32.898930 32.894013 32.891726 32.890702 32.890259 32.890075 32.890001 32.889972 32.889961 32.889957 32.889955 32.889953 32.889949 32.889939 32.889912 32.889844 32.889678 32.889280 32.888361 32.886302 32.881833 32.872419 32.853169 32.814918 32.740930 32.601296 32.343365 31.875056 31.034778 29.535366 26.858742 22.073094 13.636277 0.000000 
50.000000 48.463345 47.000784 45.675708 44.532672 43.593550 42.858319 42.309533 41.918754 41.653101 41.480562 41.373411 41.309730 41.273479 41.253695 41.243335 41.238125 41.235605 41.234433 41.233908 41.233682 41.233587 41.233549 41.233534 41.233529 41.233527 41.233526 41.233525 41.233523 41.233517 41.233502 41.233465 41.233374 41.233157 41.232653 41.231523 41.229063 41.223865 41.213193 41.191874 41.150340 41.071173 40.922846 40.647766 40.137596 39.176798 37.297881 33.364507 24.231672 0.000000 
50.000000 50.000000 50.000000 50.000000 50.000000 50.000000 50.000000 50.000000 50.000000 50.000000 50.000000 50.000000 50.000000 50.000000 50.000000 50.000000 50.000000 50.000000 50.000000 50.000000 50.000000 50.000000 50.000000 50.000000 50.000000 50.000000 50.000000 50.000000 50.000000 50.000000 50.000000 50.000000 50.000000 50.000000 50.000000 50.000000 50.000000 50.000000 50.000000 50.000000 50.000000 50.000000 50.000000 50.000000 50.000000 50.000000 50.000000 50.000000 50.000000 50.000000 
