50.000000 50.000000 50.000000 50.000000 50.000000 50.000000 50.000000 50.000000 50.000000 50.000000 50.000000 50.000000 50.000000 50.000000 50.000000 50.000000 50.000000 50.000000 50.000000 50.000000 50.000000 50.000000 50.000000 50.000000 50.000000 50.000000 50.000000 50.000000 50.000000 50.000000 50.000000 50.000000 50.000000 50.000000 50.000000 50.000000 50.000000 50.000000 50.000000 50.000000 50.000000 50.000000 50.000000 50.000000 50.000000 50.000000 50.000000 50.000000 50.000000 50.000000 
50.000000 48.726438 47.503783 46.376844 45.379448 44.531654 43.839378 43.296162 42.886405 42.589155 42.381683 42.242287 42.152083 42.095834 42.062012 42.042393 42.031406 42.025463 42.022356 42.020784 42.020015 42.019651 42.019484 42.019409 42.019377 42.019363 42.019355 42.019349 42.019338 42.019313 42.019255 42.019127 42.018846 42.018248 42.017007 42.014497 42.009550 42.000034 41.982145 41.949229 41.889789 41.784085 41.598023 41.271513 40.694190 39.649442 37.670097 33.621802 24.363219 0.000000 
50.000000 47.503783 45.107347 42.898518 40.943602 39.281914 37.925047 36.860344 36.057224 35.474618 35.067979 34.794769 34.617975 34.507729 34.441443 34.402991 34.381458 34.369810 34.363720 34.360640 34.359133 34.358419 34.358091 34.357945 34.357882 34.357854 34.357840 34.357828 34.357807 34.357760 34.357653 34.357415 34.356893 34.355784 34.353486 34.348850 34.339733 34.322248 34.289513 34.229594 34.122153 33.932938 33.604515 33.040131 32.074411 30.418187 27.553975 22.553673 13.881981 0.000000 
50.000000 46.376844 42.898518 39.692504 36.855042 34.443195 32.473789 30.928451 29.762789 28.917192 28.327000 27.930469 27.673877 27.513872 27.417669 27.361863 27.330612 27.313708 27.304870 27.300401 27.298214 27.297178 27.296702 27.296490 27.296398 27.296358 27.296338 27.296321 27.296293 27.296231 27.296089 27.295772 27.295080 27.293612 27.290579 27.284479 27.272529 27.249723 27.207284 27.130205 26.993401 26.755747 26.350893 25.673157 24.556157 22.742207 19.846252 15.344544 8.706747 0.000000 
50.000000 45.379448 40.943602 36.855042 33.236502 30.160755 27.649256 25.678568 24.192075 23.113751 22.361134 21.855482 21.528283 21.324253 21.201580 21.130422 21.090575 21.069021 21.057752 21.052054 21.049266 21.047944 21.047338 21.047067 21.046950 21.046899 21.046874 21.046854 21.046822 21.046751 21.046591 21.046234 21.045457 21.043813 21.040427 21.033643 21.020420 20.995336 20.949007 20.865654 20.719484 20.469477 20.052164 19.372170 18.291133 16.618251 14.112835 10.525415 5.730006 0.000000 
50.000000 44.531654 39.281914 34.443195 30.160755 26.520720 23.548474 21.216277 19.457115 18.181010 17.290364 16.691984 16.304788 16.063351 15.918191 15.833989 15.786839 15.761335 15.748002 15.741260 15.737961 15.736398 15.735680 15.735360 15.735222 15.735162 15.735133 15.735112 15.735078 15.735007 15.734845 15.734485 15.733704 15.732058 15.728680 15.721944 15.708890 15.684294 15.639242 15.559015 15.420104 15.186269 14.803708 14.195978 13.260360 11.869622 9.887038 7.207503 3.837464 0.000000 
50.000000 43.839378 37.925047 32.473789 27.649256 23.548474 20.200037 17.572686 15.590915 14.153346 13.150023 12.475952 12.039787 11.767819 11.604306 11.509461 11.456352 11.427626 11.412608 11.405015 11.401300 11.399539 11.398731 11.398371 11.398215 11.398148 11.398117 11.398095 11.398063 11.397996 11.397846 11.397513 11.396794 11.395282 11.392195 11.386070 11.374271 11.352200 11.312121 11.241488 11.120727 10.920544 10.599120 10.100019 9.352496 8.277085 6.800632 4.884916 2.567864 0.000000 
50.000000 43.296162 36.860344 30.928451 25.678568 21.216277 17.572686 14.713772 12.557361 10.993132 9.901424 9.167985 8.693413 8.397504 8.219599 8.116409 8.058628 8.027376 8.011038 8.002778 7.998736 7.996821 7.995941 7.995550 7.995380 7.995308 7.995275 7.995254 7.995225 7.995167 7.995038 7.994752 7.994135 7.992845 7.990223 7.985048 7.975140 7.956742 7.923617 7.865832 7.768220 7.608708 7.356886 6.973566 6.412570 5.626404 4.577558 3.255829 1.698139 0.000000 
50.000000 42.886405 36.057224 29.762789 24.192075 19.457115 15.590915 12.557361 10.269251 8.609509 7.451158 6.672958 6.169433 5.855476 5.666724 5.557245 5.495944 5.462788 5.445456 5.436693 5.432405 5.430373 5.429440 5.429025 5.428845 5.428769 5.428735 5.428715 5.428691 5.428643 5.428538 5.428308 5.427813 5.426780 5.424691 5.420591 5.412788 5.398402 5.372716 5.328336 5.254204 5.134625 4.948653 4.670371 4.270847 3.722597 3.007042 2.124286 1.102321 0.000000 
50.000000 42.589155 35.474618 28.917192 23.113751 18.181010 14.153346 10.993132 8.609509 6.880506 5.673831 4.863179 4.338663 4.011623 3.815011 3.700973 3.637121 3.602587 3.584534 3.575407 3.570941 3.568825 3.567853 3.567421 3.567234 3.567155 3.567120 3.567102 3.567082 3.567045 3.566965 3.566789 3.566414 3.565634 3.564063 3.560996 3.555196 3.544573 3.525755 3.493531 3.440253 3.355306 3.224912 3.032620 2.760906 2.394267 1.923791 1.352465 0.699365 0.000000 
50.000000 42.381683 35.067979 28.327000 22.361134 17.290364 13.150023 9.901424 7.451158 5.673831 4.433446 3.600156 3.061001 2.724837 2.522743 2.405528 2.339898 2.304402 2.285847 2.276466 2.271876 2.269702 2.268704 2.268259 2.268067 2.267986 2.267951 2.267934 2.267918 2.267891 2.267832 2.267706 2.267436 2.266877 2.265758 2.263582 2.259491 2.252048 2.238956 2.216723 2.180300 2.122822 2.035592 1.908535 1.731349 1.495481 1.196795 0.838385 0.432454 0.000000 
50.000000 42.242287 34.794769 27.930469 21.855482 16.691984 12.475952 9.167985 6.672958 4.863179 3.600156 2.751667 2.202683 1.860396 1.654622 1.535275 1.468452 1.432312 1.413420 1.403869 1.399196 1.396982 1.395966 1.395513 1.395318 1.395235 1.395201 1.395184 1.395172 1.395152 1.395112 1.395025 1.394840 1.394460 1.393700 1.392231 1.389484 1.384514 1.375833 1.361200 1.337424 1.300242 1.244367 1.163831 1.052741 0.906475 0.723185 0.505256 0.260142 0.000000 
50.000000 42.152083 34.617975 27.673877 21.528283 16.304788 12.039787 8.693413 6.169433 4.338663 3.061001 2.202683 1.647345 1.301099 1.092947 0.972222 0.904628 0.868072 0.848962 0.839301 0.834575 0.832335 0.831307 0.830850 0.830652 0.830569 0.830534 0.830519 0.830509 0.830495 0.830469 0.830412 0.830291 0.830044 0.829552 0.828605 0.826842 0.823673 0.818169 0.808953 0.794090 0.771031 0.736672 0.687587 0.620495 0.532947 0.424153 0.295727 0.152049 0.000000 
50.000000 42.095834 34.507729 27.513872 21.324253 16.063351 11.767819 8.397504 5.855476 4.011623 2.724837 1.860396 1.301099 0.952387 0.742754 0.621171 0.553097 0.516281 0.497037 0.487307 0.482547 0.480292 0.479257 0.478796 0.478597 0.478514 0.478479 0.478464 0.478456 0.478447 0.478430 0.478394 0.478319 0.478165 0.477860 0.477276 0.476193 0.474257 0.470912 0.465346 0.456428 0.442687 0.422363 0.393548 0.354461 0.303833 0.241343 0.167997 0.086283 0.000000 
50.000000 42.062012 34.441443 27.417669 21.201580 15.918191 11.604306 8.219599 5.666724 3.815011 2.522743 1.654622 1.092947 0.742754 0.532232 0.410134 0.341772 0.304801 0.285475 0.275704 0.270924 0.268660 0.267620 0.267158 0.266958 0.266874 0.266840 0.266825 0.266818 0.266812 0.266801 0.266780 0.266735 0.266643 0.266462 0.266116 0.265478 0.264342 0.262391 0.259160 0.254014 0.246134 0.234551 0.218236 0.196246 0.167938 0.133190 0.092593 0.047515 0.000000 
50.000000 42.042393 34.402991 27.361863 21.130422 15.833989 11.509461 8.116409 5.557245 3.700973 2.405528 1.535275 0.972222 0.621171 0.410134 0.287736 0.219208 0.182147 0.162774 0.152980 0.148188 0.145918 0.144876 0.144412 0.144212 0.144128 0.144094 0.144080 0.144073 0.144069 0.144062 0.144050 0.144024 0.143972 0.143868 0.143672 0.143311 0.142670 0.141575 0.139770 0.136910 0.132554 0.126186 0.117266 0.105309 0.089995 0.071284 0.049504 0.025386 0.000000 
50.000000 42.031406 34.381458 27.330612 21.090575 15.786839 11.456352 8.058628 5.495944 3.637121 2.339898 1.468452 0.904628 0.553097 0.341772 0.219208 0.150587 0.113475 0.094076 0.084268 0.079470 0.077197 0.076154 0.075689 0.075489 0.075405 0.075370 0.075357 0.075351 0.075347 0.075344 0.075337 0.075322 0.075293 0.075237 0.075129 0.074932 0.074584 0.073992 0.073020 0.071488 0.069164 0.065783 0.061070 0.054781 0.046762 0.037000 0.025673 0.013158 0.000000 
50.000000 42.025463 34.369810 27.313708 21.069021 15.761335 11.427626 8.027376 5.462788 3.602587 2.304402 1.432312 0.868072 0.516281 0.304801 0.182147 0.113475 0.076336 0.056922 0.047108 0.042306 0.040032 0.038988 0.038523 0.038322 0.038238 0.038204 0.038190 0.038185 0.038182 0.038180 0.038176 0.038168 0.038153 0.038123 0.038066 0.037963 0.037781 0.037472 0.036967 0.036174 0.034976 0.033241 0.030832 0.027631 0.023563 0.018628 0.012916 0.006617 0.000000 
50.000000 42.022356 34.363720 27.304870 21.057752 15.748002 11.412609 8.011038 5.445456 3.584534 2.285847 1.413420 0.848962 0.497037 0.285475 0.162774 0.094076 0.056923 0.037502 0.027684 0.022880 0.020605 0.019560 0.019095 0.018894 0.018810 0.018776 0.018763 0.018757 0.018755 0.018753 0.018751 0.018747 0.018739 0.018724 0.018695 0.018643 0.018551 0.018395 0.018142 0.017745 0.017148 0.016287 0.015095 0.013517 0.011518 0.009099 0.006305 0.003229 0.000000 
50.000000 42.020784 34.360640 27.300401 21.052054 15.741260 11.405015 8.002778 5.436693 3.575407 2.276467 1.403869 0.839302 0.487308 0.275705 0.152980 0.084269 0.047108 0.027684 0.017864 0.013060 0.010784 0.009739 0.009274 0.009073 0.008989 0.008955 0.008941 0.008936 0.008934 0.008933 0.008931 0.008929 0.008925 0.008918 0.008904 0.008878 0.008833 0.008757 0.008634 0.008443 0.008155 0.007741 0.007170 0.006416 0.005463 0.004313 0.002987 0.001529 0.000000 
50.000000 42.020016 34.359134 27.298215 21.049266 15.737962 11.401300 7.998737 5.432406 3.570942 2.271877 1.399197 0.834576 0.482548 0.270925 0.148189 0.079471 0.042308 0.022881 0.013060 0.008256 0.005979 0.004934 0.004469 0.004269 0.004185 0.004150 0.004137 0.004131 0.004129 0.004128 0.004128 0.004127 0.004125 0.004121 0.004115 0.004102 0.004081 0.004046 0.003988 0.003898 0.003763 0.003571 0.003305 0.002956 0.002515 0.001985 0.001374 0.000703 0.000000 
50.000000 42.019652 34.358420 27.297179 21.047946 15.736400 11.399542 7.996823 5.430376 3.568828 2.269705 1.396985 0.832338 0.480295 0.268663 0.145921 0.077200 0.040035 0.020608 0.010786 0.005981 0.003705 0.002660 0.002195 0.001994 0.001910 0.001876 0.001862 0.001857 0.001855 0.001854 0.001854 0.001853 0.001852 0.001851 0.001848 0.001842 0.001832 0.001816 0.001790 0.001749 0.001688 0.001601 0.001481 0.001324 0.001126 0.000888 0.000615 0.000314 0.000000 
50.000000 42.019485 34.358094 27.296706 21.047343 15.735686 11.398737 7.995948 5.429448 3.567861 2.268711 1.395974 0.831315 0.479265 0.267628 0.144884 0.076162 0.038996 0.019568 0.009747 0.004942 0.002665 0.001620 0.001155 0.000954 0.000870 0.000836 0.000822 0.000817 0.000815 0.000815 0.000814 0.000814 0.000814 0.000813 0.000811 0.000809 0.000805 0.000797 0.000786 0.000767 0.000740 0.000702 0.000649 0.000580 0.000493 0.000389 0.000269 0.000138 0.000000 
50.000000 42.019413 34.357952 27.296500 21.047080 15.735376 11.398388 7.995569 5.429045 3.567442 2.268280 1.395534 0.830871 0.478818 0.267179 0.144434 0.075711 0.038545 0.019117 0.009295 0.004490 0.002214 0.001169 0.000704 0.000503 0.000419 0.000385 0.000371 0.000366 0.000364 0.000363 0.000363 0.000363 0.000362 0.000362 0.000361 0.000360 0.000358 0.000355 0.000350 0.000342 0.000329 0.000312 0.000289 0.000258 0.000219 0.000173 0.000119 0.000061 0.000000 
50.000000 42.019386 34.357900 27.296425 21.046984 15.735261 11.398259 7.995428 5.428896 3.567287 2.268121 1.395373 0.830707 0.478653 0.267014 0.144268 0.075545 0.038378 0.018950 0.009129 0.004324 0.002047 0.001002 0.000537 0.000336 0.000252 0.000218 0.000204 0.000199 0.000197 0.000197 0.000196 0.000196 0.000196 0.000196 0.000195 0.000195 0.000194 0.000192 0.000189 0.000185 0.000178 0.000169 0.000156 0.000139 0.000118 0.000093 0.000064 0.000033 0.000000 
50.000000 42.019386 34.357900 27.296425 21.046984 15.735261 11.398259 7.995428 5.428896 3.567287 2.268121 1.395373 0.830707 0.478653 0.267014 0.144268 0.075545 0.038378 0.018950 0.009129 0.004324 0.002047 0.001002 0.000537 0.000336 0.000252 0.000218 0.000204 0.000199 0.000197 0.000197 0.000196 0.000196 0.000196 0.000196 0.000195 0.000195 0.000194 0.000192 0.000189 0.000185 0.000178 0.000169 0.000156 0.000139 0.000118 0.000093 0.000064 0.000033 0.000000 
50.000000 42.019413 34.357952 27.296500 21.047080 15.735376 11.398388 7.995569 5.429045 3.567442 2.268280 1.395534 0.830871 0.478818 0.267179 0.144434 0.075711 0.038545 0.019117 0.009295 0.004490 0.002214 0.001169 0.000704 0.000503 0.000419 0.000385 0.000371 0.000366 0.000364 0.000363 0.000363 0.000363 0.000362 0.000362 0.000361 0.000360 0.000358 0.000355 0.000350 0.000342 0.000329 0.000312 0.000289 0.000258 0.000219 0.000173 0.000119 0.000061 0.000000 
50.000000 42.019485 34.358094 27.296706 21.047343 15.735686 11.398737 7.995948 5.429448 3.567861 2.268711 1.395974 0.831315 0.479265 0.267628 0.144884 0.076162 0.038996 0.019568 0.009747 0.004942 0.002665 0.001620 0.001155 0.000954 0.000870 0.000836 0.000822 0.000817 0.000815 0.000815 0.000814 0.000814 0.000814 0.000813 0.000811 0.000809 0.000805 0.000797 0.000786 0.000767 0.000740 0.000702 0.000649 0.000580 0.000493 0.000389 0.000269 0.000138 0.000000 
50.000000 42.019652 34.358420 27.297179 21.047946 15.736400 11.399542 7.996823 5.430376 3.568828 2.269705 1.396985 0.832338 0.480295 0.268663 0.145921 0.077200 0.040035 0.020608 0.010786 0.005981 0.003705 0.002660 0.002195 0.001994 0.001910 0.001876 0.001862 0.001857 0.001855 0.001854 0.001854 0.001853 0.001852 0.001851 0.001848 0.001842 0.001832 0.001816 0.001790 0.001749 0.001688 0.001601 0.001481 0.001324 0.001126 0.000888 0.000615 0.000314 0.000000 
50.000000 42.020016 34.359134 27.298215 21.049266 15.737962 11.401300 7.998737 5.432406 3.570942 2.271877 1.399197 0.834576 0.482548 0.270925 0.148189 0.079471 0.042308 0.022881 0.013060 0.008256 0.005979 0.004934 0.004469 0.004269 0.004185 0.004150 0.004137 0.004131 0.004129 0.004128 0.004128 0.004127 0.004125 0.004121 0.004115 0.004102 0.004081 0.004046 0.003988 0.003898 0.003763 0.003571 0.003305 0.002956 0.002515 0.001985 0.001374 0.000703 0.000000 
50.000000 42.020784 34.360640 27.300401 21.052054 15.741260 11.405015 8.002778 5.436693 3.575407 2.276467 1.403869 0.839302 0.487308 0.275705 0.152980 0.084269 0.047108 0.027684 0.017864 0.013060 0.010784 0.009739 0.009274 0.009073 0.008989 0.008955 0.008941 0.008936 0.008934 0.008933 0.008931 0.008929 0.008925 0.008918 0.008904 0.008878 0.008833 0.008757 0.008634 0.008443 0.008155 0.007741 0.007170 0.006416 0.005463 0.004313 0.002987 0.001529 0.000000 
50.000000 42.022356 34.363720 27.304870 21.057752 15.748002 11.412609 8.011038 5.445456 3.584534 2.285847 1.413420 0.848962 0.497037 0.285475 0.162774 0.094076 0.056923 0.037502 0.027684 0.022880 0.020605 0.019560 0.019095 0.018894 0.018810 0.018776 0.018763 0.018757 0.018755 0.018753 0.018751 0.018747 0.018739 0.018724 0.018695 0.018643 0.018551 0.018395 0.018142 0.017745 0.017148 0.016287 0.015095 0.013517 0.011518 0.009099 0.006305 0.003229 0.000000 
50.000000 42.025463 34.369810 27.313708 21.069021 15.761335 11.427626 8.027376 5.462788 3.602587 2.304402 1.432312 0.868072 0.516281 0.304801 0.182147 0.113475 0.076336 0.056922 0.047108 0.042306 0.040032 0.038988 0.038523 0.038322 0.038238 0.038204 0.038190 0.038185 0.038182 0.038180 0.038176 0.038168 0.038153 0.038123 0.038066 0.037963 0.037781 0.037472 0.036967 0.036174 0.034976 0.033241 0.030832 0.027631 0.023563 0.018628 0.012916 0.006617 0.000000 
50.000000 42.031406 34.381458 27.330612 21.090575 15.786839 11.456352 8.058628 5.495944 3.637121 2.339898 1.468452 0.904628 0.553097 0.341772 0.219208 0.150587 0.113475 0.094076 0.084268 0.079470 0.077197 0.076154 0.075689 0.075489 0.075405 0.075370 0.075357 0.075351 0.075347 0.075344 0.075337 0.075322 0.075293 0.075237 0.075129 0.074932 0.074584 0.073992 0.073020 0.071488 0.069164 0.065783 0.061070 0.054781 0.046762 0.037000 0.025673 0.013158 0.000000 
50.000000 42.042393 34.402991 27.361863 21.130422 15.833989 11.509461 8.116409 5.557245 3.700973 2.405528 1.535275 0.972222 0.621171 0.410134 0.287736 0.219208 0.182147 0.162774 0.152980 0.148188 0.145918 0.144876 0.144412 0.144212 0.144128 0.144094 0.144080 0.144073 0.144069 0.144062 0.144050 0.144024 0.143972 0.143868 0.143672 0.143311 0.142670 0.141575 0.139770 0.136910 0.132554 0.126186 0.117266 0.105309 0.089995 0.071284 0.049504 0.025386 0.000000 
50.000000 42.062012 34.441443 27.417669 21.201580 15.918191 11.604306 8.219599 5.666724 3.815011 2.522743 1.654622 1.092947 0.742754 0.532232 0.410134 0.341772 0.304801 0.285475 0.275704 0.270924 0.268660 0.267620 0.267158 0.266958 0.266874 0.266840 0.266825 0.266818 0.266812 0.266801 0.266780 0.266735 0.266643 0.266462 0.266116 0.265478 0.264342 0.262391 0.259160 0.254014 0.246134 0.234551 0.218236 0.196246 0.167938 0.133190 0.092593 0.047515 0.000000 
50.000000 42.095834 34.507729 27.513872 21.324253 16.063351 11.767819 8.397504 5.855476 4.011623 2.724837 1.860396 1.301099 0.952387 0.742754 0.621171 0.553097 0.516281 0.497037 0.487307 0.482547 0.480292 0.479257 0.478796 0.478597 0.478514 0.478479 0.478464 0.478456 0.478447 0.478430 0.478394 0.478319 0.478165 0.477860 0.477276 0.476193 0.474257 0.470912 0.465346 0.456428 0.442687 0.422363 0.393548 0.354461 0.303833 0.241343 0.167997 0.086283 0.000000 
50.000000 42.152083 34.617975 27.673877 21.528283 16.304788 12.039787 8.693413 6.169433 4.338663 3.061001 2.202683 1.647345 1.301099 1.092947 0.972222 0.904628 0.868072 0.848962 0.839301 0.834575 0.832335 0.831307 0.830850 0.830652 0.830569 0.830534 0.830519 0.830509 0.830495 0.830469 0.830412 0.830291 0.830044 0.829552 0.828605 0.826842 0.823673 0.818169 0.808953 0.794090 0.771031 0.736672 0.687587 0.620495 0.532947 0.424153 0.295727 0.152049 0.000000 
50.000000 42.242287 34.794769 27.930469 21.855482 16.691984 12.475952 9.167985 6.672958 4.863179 3.600156 2.751667 2.202683 1.860396 1.654622 1.535275 1.468452 1.432312 1.413420 1.403869 1.399196 1.396982 1.395966 1.395513 1.395318 1.395235 1.395201 1.395184 1.395172 1.395152 1.395112 1.395025 1.394840 1.394460 1.393700 1.392231 1.389484 1.384514 1.375833 1.361200 1.337424 1.300242 1.244367 1.163831 1.052741 0.906475 0.723185 0.505256 0.260142 0.000000 
50.000000 42.381683 35.067979 28.327000 22.361134 17.290364 13.150023 9.901424 7.451158 5.673831 4.433446 3.600156 3.061001 2.724837 2.522743 2.405528 2.339898 2.304402 2.285847 2.276466 2.271876 2.269702 2.268704 2.268259 2.268067 2.267986 2.267951 2.267934 2.267918 2.267891 2.267832 2.267706 2.267436 2.266877 2.265758 2.263582 2.259491 2.252048 2.238956 2.216723 2.180300 2.122822 2.035592 1.908535 1.731349 1.495481 1.196795 0.838385 0.432454 0.000000 
50.000000 42.589155 35.474618 28.917192 23.113751 18.181010 14.153346 10.993132 8.609509 6.880506 5.673831 4.863179 4.338663 4.011623 3.815011 3.700973 3.637121 3.602587 3.584534 3.575407 3.570941 3.568825 3.567853 3.567421 3.567234 3.567155 3.567120 3.567102 3.567082 3.567045 3.566965 3.566789 3.566414 3.565634 3.564063 3.560996 3.555196 3.544573 3.525755 3.493531 3.440253 3.355306 3.224912 3.032620 2.760906 2.394267 1.923791 1.352465 0.699365 0.000000 
50.000000 42.886405 36.057224 29.762789 24.192075 19.457115 15.590915 12.557361 10.269251 8.609509 7.451158 6.672958 6.169433 5.855476 5.666724 5.557245 5.495944 5.462788 5.445456 5.436693 5.432405 5.430373 5.429440 5.429025 5.428845 5.428769 5.428735 5.428715 5.428691 5.428643 5.428538 5.428308 5.427813 5.426780 5.424691 5.420591 5.412788 5.398402 5.372716 5.328336 5.254204 5.134625 4.948653 4.670371 4.270847 3.722597 3.007042 2.124286 1.102321 0.000000 
50.000000 43.296162 36.860344 30.928451 25.678568 21.216277 17.572686 14.713772 12.557361 10.993132 9.901424 9.167985 8.693413 8.397504 8.219599 8.116409 8.058628 8.027376 8.011038 8.002778 7.998736 7.996821 7.995941 7.995550 7.995380 7.995308 7.995275 7.995254 7.995225 7.995167 7.995038 7.994752 7.994135 7.992845 7.990223 7.985048 7.975140 7.956742 7.923617 7.865832 7.768220 7.608708 7.356886 6.973566 6.412570 5.626404 4.577558 3.255829 1.698139 0.000000 
50.000000 43.839378 37.925047 32.473789 27.649256 23.548474 20.200037 17.572686 15.590915 14.153346 13.150023 12.475952 12.039787 11.767819 11.604306 11.509461 11.456352 11.427626 11.412608 11.405015 11.401300 11.399539 11.398731 11.398371 11.398215 11.398148 11.398117 11.398095 11.398063 11.397996 11.397846 11.397513 11.396794 11.395282 11.392195 11.386070 11.374271 11.352200 11.312121 11.241488 11.120727 10.920544 10.599120 10.100019 9.352496 8.277085 6.800632 4.884916 2.567864 0.000000 
50.000000 44.531654 39.281914 34.443195 30.160755 26.520720 23.548474 21.216277 19.457115 18.181010 17.290364 16.691984 16.304788 16.063351 15.918191 15.833989 15.786839 15.761335 15.748002 15.741260 15.737961 15.736398 15.735680 15.735360 15.735222 15.735162 15.735133 15.735112 15.735078 15.735007 15.734845 15.734485 15.733704 15.732058 15.728680 15.721944 15.708890 15.684294 15.639242 15.559015 15.420104 15.186269 14.803708 14.195978 13.260360 11.869622 9.887038 7.207503 3.837464 0.000000 
50.000000 45.379448 40.943602 36.855042 33.236502 30.160755 27.649256 25.678568 24.192075 23.113751 22.361134 21.855482 21.528283 21.324253 21.201580 21.130422 21.090575 21.069021 21.057752 21.052054 21.049266 21.047944 21.047338 21.047067 21.046950 21.046899 21.046874 21.046854 21.046822 21.046751 21.046591 21.046234 21.045457 21.043813 21.040427 21.033643 21.020420 20.995336 20.949007 20.865654 20.719484 20.469477 20.052164 19.372170 18.291133 16.618251 14.112835 10.525415 5.730006 0.000000 
50.000000 46.376844 42.898518 39.692504 36.855042 34.443195 32.473789 30.928451 29.762789 28.917192 28.327000 27.930469 27.673877 27.513872 27.417669 27.361863 27.330612 27.313708 27.304870 27.300401 27.298214 27.297178 27.296702 27.296490 27.296398 27.296358 27.296338 27.296321 27.296293 27.296231 27.296089 27.295772 27.295080 27.293612 27.290579 27.284479 27.272529 27.249723 27.207284 27.130205 26.993401 26.755747 26.350893 25.673157 24.556157 22.742207 19.846252 15.344544 8.706747 0.000000 
50.000000 47.503783 45.107347 42.898518 40.943602 39.281914 37.925047 36.860344 36.057224 35.474618 35.067979 34.794769 34.617975 34.507729 34.441443 34.402991 34.381458 34.369810 34.363720 34.360640 34.359133 34.358419 34.358091 34.357945 34.357882 34.357854 34.357840 34.357828 34.357807 34.357760 34.357653 34.357415 34.356893 34.355784 34.353486 34.348850 34.339733 34.322248 34.289513 34.229594 34.122153 33.932938 33.604515 33.040131 32.074411 30.418187 27.553975 22.553673 13.881981 0.000000 
50.000000 48.726438 47.503783 46.376844 45.379448 44.531654 43.839378 43.296162 42.886405 42.589155 42.381683 42.242287 42.152083 42.095834 42.062012 42.042393 42.031406 42.025463 42.022356 42.020784 42.020015 42.019651 42.019484 42.019409 42.019377 42.019363 42.019355 42.019349 42.019338 42.019313 42.019255 42.019127 42.018846 42.018248 42.017007 42.014497 42.009550 42.000034 41.982145 41.949229 41.889789 41.784085 41.598023 41.271513 40.694190 39.649442 37.670097 33.621802 24.363219 0.000000 
50.000000 50.000000 50.000000 50.000000 50.000000 50.000000 50.000000 50.000000 50.000000 50.000000 50.000000 50.000000 50.000000 50.000000 50.000000 50.000000 50.000000 50.000000 50.000000 50.000000 50.000000 50.000000 50.000000 50.000000 50.000000 50.000000 50.000000 50.000000 50.000000 50.000000 50.000000 50.000000 50.000000 50.000000 50.000000 50.000000 50.000000 50.000000 50.000000 50.000000 50.000000 50.000000 50.000000 50.000000 50.000000 50.000000 50.000000 50.000000 50.000000 50.000000 
