50.000000 50.000000 50.000000 50.000000 50.000000 50.000000 50.000000 50.000000 50.000000 50.000000 50.000000 50.000000 50.000000 50.000000 50.000000 50.000000 50.000000 50.000000 50.000000 50.000000 50.000000 50.000000 50.000000 50.000000 50.000000 50.000000 50.000000 50.000000 50.000000 50.000000 50.000000 50.000000 50.000000 50.000000 50.000000 50.000000 50.000000 50.000000 50.000000 50.000000 50.000000 50.000000 50.000000 50.000000 50.000000 50.000000 50.000000 50.000000 50.000000 50.000000 
50.000000 48.527316 47.122690 45.844755 44.735470 43.816509 43.089661 42.540510 42.143974 41.870139 41.689169 41.574632 41.505154 41.464729 41.442150 41.430034 41.423781 41.420677 41.419192 41.418507 41.418203 41.418072 41.418018 41.417996 41.417987 41.417984 41.417982 41.417981 41.417978 41.417970 41.417950 41.417900 41.417780 41.417503 41.416878 41.415508 41.412598 41.406584 41.394495 41.370816 41.325520 41.240613 41.083909 40.797151 40.271432 39.290876 37.388014 33.426969 24.263658 0.000000 
50.000000 47.122690 44.378353 41.881550 39.714257 37.918821 36.498737 35.425837 34.651112 34.116116 33.762556 33.538787 33.403051 33.324075 33.279964 33.256293 33.244079 33.238014 33.235113 33.233776 33.233181 33.232926 33.232820 33.232777 33.232760 33.232754 33.232751 33.232748 33.232742 33.232727 33.232690 33.232599 33.232379 33.231870 33.230725 33.228222 33.222915 33.211985 33.190102 33.147467 33.066488 32.916187 32.642690 32.152677 31.283503 29.747374 27.026249 22.189177 13.695721 0.000000 
50.000000 45.844755 41.881550 38.275829 35.145980 32.553158 30.502405 28.953037 27.834274 27.061709 26.551154 26.228027 26.032025 25.917986 25.854293 25.820114 25.802479 25.793721 25.789533 25.787602 25.786743 25.786375 25.786222 25.786160 25.786136 25.786127 25.786123 25.786119 25.786111 25.786092 25.786043 25.785923 25.785637 25.784976 25.783490 25.780256 25.773422 25.759416 25.731546 25.677673 25.576395 25.390980 25.059860 24.481958 23.494554 21.841807 19.137914 14.855301 8.456742 0.000000 
50.000000 44.735470 39.714257 35.145980 31.180637 27.895703 25.297562 23.334660 21.917314 20.938576 20.291783 19.882439 19.634144 19.489684 19.409001 19.365707 19.343369 19.332277 19.326972 19.324526 19.323439 19.322971 19.322778 19.322700 19.322669 19.322658 19.322652 19.322648 19.322639 19.322618 19.322564 19.322433 19.322120 19.321396 19.319778 19.316267 19.308889 19.293855 19.264167 19.207315 19.101713 18.911357 18.578235 18.012229 17.079156 15.590318 13.304173 9.966882 5.444594 0.000000 
50.000000 43.816509 37.918821 32.553158 27.895703 24.037453 20.985897 18.680473 17.015828 15.866342 15.106726 14.625989 14.334397 14.164750 14.070002 14.019163 13.992932 13.979907 13.973678 13.970807 13.969530 13.968981 13.968754 13.968663 13.968627 13.968613 13.968607 13.968603 13.968594 13.968573 13.968521 13.968392 13.968087 13.967385 13.965819 13.962440 13.955376 13.941083 13.913087 13.860020 13.762684 13.589975 13.293682 12.802746 12.018726 10.816547 9.058604 6.635318 3.545077 0.000000 
50.000000 43.089661 36.498737 30.502405 25.297562 20.985897 17.575771 14.999487 13.139300 11.854809 11.005997 10.468822 10.143006 9.953453 9.847591 9.790789 9.761483 9.746932 9.739973 9.736765 9.735339 9.734726 9.734472 9.734370 9.734330 9.734315 9.734309 9.734304 9.734296 9.734277 9.734230 9.734116 9.733845 9.733224 9.731845 9.728884 9.722732 9.710370 9.686363 9.641322 9.559730 9.417133 9.176973 8.787885 8.183151 7.285333 6.020447 4.346059 2.292510 0.000000 
50.000000 42.540510 35.425837 28.953037 23.334660 18.680473 14.999487 12.218616 10.210740 8.824295 7.908128 7.328342 6.976688 6.772109 6.657858 6.596557 6.564930 6.549228 6.541719 6.538257 6.536718 6.536057 6.535783 6.535673 6.535630 6.535613 6.535607 6.535602 6.535596 6.535580 6.535541 6.535447 6.535225 6.534717 6.533596 6.531199 6.526249 6.516375 6.497359 6.462037 6.398801 6.289823 6.109308 5.822514 5.386791 4.756426 3.893177 2.783147 1.456601 0.000000 
50.000000 42.143974 34.651112 27.834274 21.917314 17.015828 13.139300 10.210740 8.096262 6.636233 5.671460 5.060926 4.690632 4.475214 4.354913 4.290367 4.257068 4.240535 4.232629 4.228985 4.227364 4.226669 4.226380 4.226264 4.226219 4.226202 4.226195 4.226191 4.226186 4.226174 4.226144 4.226072 4.225902 4.225515 4.224664 4.222855 4.219141 4.211783 4.197728 4.171864 4.126064 4.048131 3.920917 3.722167 3.425854 3.005957 2.443294 1.734925 0.903361 0.000000 
50.000000 41.870139 34.116116 27.061709 20.938576 15.866342 11.854809 8.824295 6.636233 5.125416 4.127101 3.495352 3.112198 2.889304 2.764830 2.698048 2.663595 2.646490 2.638311 2.634541 2.632864 2.632144 2.631846 2.631726 2.631679 2.631662 2.631655 2.631651 2.631647 2.631638 2.631617 2.631565 2.631443 2.631166 2.630560 2.629278 2.626661 2.621511 2.611747 2.593936 2.562708 2.510168 2.425494 2.295079 2.103657 1.836863 1.485313 1.049628 0.544619 0.000000 
50.000000 41.689169 33.762556 26.551154 20.291783 15.106726 11.005997 7.908128 5.671460 4.127101 3.106635 2.460879 2.069236 1.841407 1.714180 1.645921 1.610708 1.593226 1.584866 1.581013 1.579300 1.578564 1.578259 1.578136 1.578089 1.578071 1.578064 1.578061 1.578058 1.578052 1.578037 1.578001 1.577919 1.577732 1.577325 1.576467 1.574727 1.571323 1.564915 1.553318 1.533165 1.499596 1.446092 1.364674 1.246706 1.084468 0.873481 0.615089 0.318353 0.000000 
50.000000 41.574632 33.538787 26.228027 19.882439 14.625989 10.468822 7.328342 5.060926 3.495352 2.460879 1.806266 1.409257 1.178309 1.049342 0.980151 0.944457 0.926737 0.918263 0.914358 0.912621 0.911876 0.911566 0.911442 0.911394 0.911376 0.911369 0.911366 0.911364 0.911360 0.911350 0.911327 0.911274 0.911155 0.910896 0.910353 0.909256 0.907123 0.903133 0.895964 0.883605 0.863198 0.830982 0.782459 0.712902 0.618273 0.496481 0.348685 0.180137 0.000000 
50.000000 41.505154 33.403051 26.032025 19.634144 14.334397 10.143006 6.976688 4.690632 3.112198 2.069236 1.409257 1.008996 0.776159 0.646139 0.576383 0.540399 0.522534 0.513992 0.510055 0.508304 0.507552 0.507241 0.507116 0.507067 0.507049 0.507042 0.507039 0.507037 0.507035 0.507029 0.507015 0.506983 0.506910 0.506754 0.506427 0.505769 0.504498 0.502134 0.497913 0.490688 0.478849 0.460313 0.432636 0.393313 0.340289 0.272609 0.191066 0.098570 0.000000 
50.000000 41.464729 33.324075 25.917986 19.489684 14.164750 9.953453 6.772109 4.475214 2.889304 1.841407 1.178309 0.776159 0.542225 0.411593 0.341510 0.305356 0.287408 0.278826 0.274870 0.273111 0.272356 0.272043 0.271917 0.271868 0.271850 0.271843 0.271841 0.271839 0.271838 0.271834 0.271826 0.271807 0.271766 0.271675 0.271488 0.271112 0.270390 0.269053 0.266680 0.262643 0.256073 0.245859 0.230721 0.209373 0.180796 0.144564 0.101160 0.052131 0.000000 
50.000000 41.442150 33.279964 25.854293 19.409001 14.070002 9.847591 6.657858 4.354913 2.764830 1.714180 1.049342 0.646139 0.411593 0.280620 0.210354 0.174106 0.156111 0.147507 0.143541 0.141778 0.141021 0.140707 0.140581 0.140532 0.140514 0.140507 0.140504 0.140503 0.140502 0.140500 0.140496 0.140485 0.140462 0.140413 0.140310 0.140105 0.139712 0.138989 0.137713 0.135553 0.132058 0.126659 0.118706 0.107562 0.092734 0.074037 0.051742 0.026642 0.000000 
50.000000 41.430034 33.256293 25.820114 19.365707 14.019163 9.790789 6.596557 4.290367 2.698048 1.645921 0.980151 0.576383 0.341510 0.210354 0.139990 0.103692 0.085673 0.077056 0.073085 0.071319 0.070561 0.070247 0.070121 0.070072 0.070053 0.070046 0.070044 0.070043 0.070042 0.070041 0.070039 0.070033 0.070021 0.069995 0.069941 0.069834 0.069630 0.069255 0.068597 0.067488 0.065704 0.062961 0.058944 0.053343 0.045930 0.036624 0.025568 0.013156 0.000000 
50.000000 41.423781 33.244079 25.802479 19.343369 13.992932 9.761483 6.564930 4.257068 2.663595 1.610708 0.944457 0.540399 0.305356 0.174106 0.103692 0.067368 0.049336 0.040714 0.036740 0.034973 0.034214 0.033899 0.033773 0.033724 0.033706 0.033699 0.033696 0.033696 0.033695 0.033694 0.033693 0.033690 0.033684 0.033671 0.033644 0.033590 0.033488 0.033302 0.032976 0.032429 0.031553 0.030213 0.028259 0.025547 0.021973 0.017503 0.012209 0.006279 0.000000 
50.000000 41.420677 33.238014 25.793721 19.332277 13.979907 9.746932 6.549228 4.240535 2.646490 1.593226 0.926737 0.522534 0.287408 0.156111 0.085673 0.049336 0.031297 0.022672 0.018696 0.016929 0.016170 0.015855 0.015729 0.015680 0.015661 0.015654 0.015652 0.015651 0.015651 0.015650 0.015650 0.015649 0.015646 0.015639 0.015626 0.015600 0.015551 0.015462 0.015307 0.015048 0.014634 0.014003 0.013087 0.011821 0.010157 0.008084 0.005635 0.002896 0.000000 
50.000000 41.419192 33.235113 25.789533 19.326972 13.973678 9.739973 6.541719 4.232629 2.638311 1.584866 0.918263 0.513992 0.278826 0.147507 0.077056 0.040714 0.022672 0.014045 0.010069 0.008301 0.007542 0.007227 0.007101 0.007052 0.007033 0.007027 0.007024 0.007023 0.007023 0.007023 0.007023 0.007022 0.007021 0.007018 0.007012 0.007000 0.006977 0.006936 0.006865 0.006746 0.006558 0.006272 0.005857 0.005287 0.004539 0.003610 0.002515 0.001292 0.000000 
50.000000 41.418507 33.233776 25.787602 19.324526 13.970807 9.736765 6.538257 4.228985 2.634541 1.581013 0.914358 0.510055 0.274870 0.143541 0.073085 0.036740 0.018696 0.010069 0.006093 0.004324 0.003565 0.003250 0.003124 0.003075 0.003057 0.003050 0.003048 0.003047 0.003047 0.003046 0.003046 0.003046 0.003045 0.003044 0.003041 0.003036 0.003026 0.003008 0.002976 0.002924 0.002841 0.002716 0.002535 0.002286 0.001962 0.001559 0.001086 0.000558 0.000000 
50.000000 41.418203 33.233181 25.786743 19.323439 13.969530 9.735339 6.536718 4.227365 2.632864 1.579300 0.912621 0.508304 0.273111 0.141778 0.071319 0.034973 0.016929 0.008301 0.004325 0.002556 0.001797 0.001482 0.001356 0.001307 0.001289 0.001282 0.001279 0.001279 0.001278 0.001278 0.001278 0.001278 0.001278 0.001277 0.001276 0.001274 0.001269 0.001262 0.001248 0.001226 0.001191 0.001138 0.001062 0.000957 0.000821 0.000652 0.000454 0.000233 0.000000 
50.000000 41.418072 33.232926 25.786375 19.322972 13.968982 9.734726 6.536057 4.226669 2.632145 1.578564 0.911876 0.507553 0.272357 0.141021 0.070562 0.034214 0.016170 0.007542 0.003566 0.001798 0.001038 0.000724 0.000597 0.000548 0.000530 0.000523 0.000521 0.000520 0.000520 0.000519 0.000519 0.000519 0.000519 0.000519 0.000518 0.000518 0.000516 0.000513 0.000507 0.000498 0.000483 0.000462 0.000431 0.000388 0.000333 0.000264 0.000184 0.000094 0.000000 
50.000000 41.418018 33.232820 25.786222 19.322778 13.968755 9.734473 6.535784 4.226381 2.631847 1.578260 0.911568 0.507242 0.272044 0.140708 0.070248 0.033900 0.015856 0.007228 0.003252 0.001483 0.000724 0.000409 0.000283 0.000234 0.000216 0.000209 0.000207 0.000206 0.000205 0.000205 0.000205 0.000205 0.000205 0.000205 0.000205 0.000205 0.000204 0.000203 0.000200 0.000197 0.000191 0.000182 0.000170 0.000153 0.000131 0.000104 0.000072 0.000037 0.000000 
50.000000 41.417997 33.232778 25.786162 19.322702 13.968665 9.734373 6.535676 4.226267 2.631729 1.578140 0.911446 0.507119 0.271921 0.140584 0.070124 0.033777 0.015732 0.007104 0.003128 0.001359 0.000600 0.000285 0.000159 0.000110 0.000092 0.000085 0.000083 0.000082 0.000081 0.000081 0.000081 0.000081 0.000081 0.000081 0.000081 0.000081 0.000081 0.000080 0.000079 0.000078 0.000076 0.000072 0.000067 0.000061 0.000052 0.000041 0.000029 0.000015 0.000000 
50.000000 41.417989 33.232764 25.786141 19.322676 13.968635 9.734339 6.535639 4.226229 2.631689 1.578099 0.911404 0.507077 0.271879 0.140542 0.070082 0.033734 0.015690 0.007062 0.003085 0.001317 0.000558 0.000243 0.000117 0.000068 0.000049 0.000043 0.000040 0.000039 0.000039 0.000039 0.000039 0.000039 0.000039 0.000039 0.000039 0.000039 0.000039 0.000038 0.000038 0.000037 0.000036 0.000035 0.000032 0.000029 0.000025 0.000020 0.000014 0.000007 0.000000 
50.000000 41.417989 33.232764 25.786141 19.322676 13.968635 9.734339 6.535639 4.226229 2.631689 1.578099 0.911404 0.507077 0.271879 0.140542 0.070082 0.033734 0.015690 0.007062 0.003085 0.001317 0.000558 0.000243 0.000117 0.000068 0.000049 0.000043 0.000040 0.000039 0.000039 0.000039 0.000039 0.000039 0.000039 0.000039 0.000039 0.000039 0.000039 0.000038 0.000038 0.000037 0.000036 0.000035 0.000032 0.000029 0.000025 0.000020 0.000014 0.000007 0.000000 
50.000000 41.417997 33.232778 25.786162 19.322702 13.968665 9.734373 6.535676 4.226267 2.631729 1.578140 0.911446 0.507119 0.271921 0.140584 0.070124 0.033777 0.015732 0.007104 0.003128 0.001359 0.000600 0.000285 0.000159 0.000110 0.000092 0.000085 0.000083 0.000082 0.000081 0.000081 0.000081 0.000081 0.000081 0.000081 0.000081 0.000081 0.000081 0.000080 0.000079 0.000078 0.000076 0.000072 0.000067 0.000061 0.000052 0.000041 0.000029 0.000015 0.000000 
50.000000 41.418018 33.232820 25.786222 19.322778 13.968755 9.734473 6.535784 4.226381 2.631847 1.578260 0.911568 0.507242 0.272044 0.140708 0.070248 0.033900 0.015856 0.007228 0.003252 0.001483 0.000724 0.000409 0.000283 0.000234 0.000216 0.000209 0.000207 0.000206 0.000205 0.000205 0.000205 0.000205 0.000205 0.000205 0.000205 0.000205 0.000204 0.000203 0.000200 0.000197 0.000191 0.000182 0.000170 0.000153 0.000131 0.000104 0.000072 0.000037 0.000000 
50.000000 41.418072 33.232926 25.786375 19.322972 13.968982 9.734726 6.536057 4.226669 2.632145 1.578564 0.911876 0.507553 0.272357 0.141021 0.070562 0.034214 0.016170 0.007542 0.003566 0.001798 0.001038 0.000724 0.000597 0.000548 0.000530 0.000523 0.000521 0.000520 0.000520 0.000519 0.000519 0.000519 0.000519 0.000519 0.000518 0.000518 0.000516 0.000513 0.000507 0.000498 0.000483 0.000462 0.000431 0.000388 0.000333 0.000264 0.000184 0.000094 0.000000 
50.000000 41.418203 33.233181 25.786743 19.323439 13.969530 9.735339 6.536718 4.227365 2.632864 1.579300 0.912621 0.508304 0.273111 0.141778 0.071319 0.034973 0.016929 0.008301 0.004325 0.002556 0.001797 0.001482 0.001356 0.001307 0.001289 0.001282 0.001279 0.001279 0.001278 0.001278 0.001278 0.001278 0.001278 0.001277 0.001276 0.001274 0.001269 0.001262 0.001248 0.001226 0.001191 0.001138 0.001062 0.000957 0.000821 0.000652 0.000454 0.000233 0.000000 
50.000000 41.418507 33.233776 25.787602 19.324526 13.970807 9.736765 6.538257 4.228985 2.634541 1.581013 0.914358 0.510055 0.274870 0.143541 0.073085 0.036740 0.018696 0.010069 0.006093 0.004324 0.003565 0.003250 0.003124 0.003075 0.003057 0.003050 0.003048 0.003047 0.003047 0.003046 0.003046 0.003046 0.003045 0.003044 0.003041 0.003036 0.003026 0.003008 0.002976 0.002924 0.002841 0.002716 0.002535 0.002286 0.001962 0.001559 0.001086 0.000558 0.000000 
50.000000 41.419192 33.235113 25.789533 19.326972 13.973678 9.739973 6.541719 4.232629 2.638311 1.584866 0.918263 0.513992 0.278826 0.147507 0.077056 0.040714 0.022672 0.014045 0.010069 0.008301 0.007542 0.007227 0.007101 0.007052 0.007033 0.007027 0.007024 0.007023 0.007023 0.007023 0.007023 0.007022 0.007021 0.007018 0.007012 0.007000 0.006977 0.006936 0.006865 0.006746 0.006558 0.006272 0.005857 0.005287 0.004539 0.003610 0.002515 0.001292 0.000000 
50.000000 41.420677 33.238014 25.793721 19.332277 13.979907 9.746932 6.549228 4.240535 2.646490 1.593226 0.926737 0.522534 0.287408 0.156111 0.085673 0.049336 0.031297 0.022672 0.018696 0.016929 0.016170 0.015855 0.015729 0.015680 0.015661 0.015654 0.015652 0.015651 0.015651 0.015650 0.015650 0.015649 0.015646 0.015639 0.015626 0.015600 0.015551 0.015462 0.015307 0.015048 0.014634 0.014003 0.013087 0.011821 0.010157 0.008084 0.005635 0.002896 0.000000 
50.000000 41.423781 33.244079 25.802479 19.343369 13.992932 9.761483 6.564930 4.257068 2.663595 1.610708 0.944457 0.540399 0.305356 0.174106 0.103692 0.067368 0.049336 0.040714 0.036740 0.034973 0.034214 0.033899 0.033773 0.033724 0.033706 0.033699 0.033696 0.033696 0.033695 0.033694 0.033693 0.033690 0.033684 0.033671 0.033644 0.033590 0.033488 0.033302 0.032976 0.032429 0.031553 0.030213 0.028259 0.025547 0.021973 0.017503 0.012209 0.006279 0.000000 
50.000000 41.430034 33.256293 25.820114 19.365707 14.019163 9.790789 6.596557 4.290367 2.698048 1.645921 0.980151 0.576383 0.341510 0.210354 0.139990 0.103692 0.085673 0.077056 0.073085 0.071319 0.070561 0.070247 0.070121 0.070072 0.070053 0.070046 0.070044 0.070043 0.070042 0.070041 0.070039 0.070033 0.070021 0.069995 0.069941 0.069834 0.069630 0.069255 0.068597 0.067488 0.065704 0.062961 0.058944 0.053343 0.045930 0.036624 0.025568 0.013156 0.000000 
50.000000 41.442150 33.279964 25.854293 19.409001 14.070002 9.847591 6.657858 4.354913 2.764830 1.714180 1.049342 0.646139 0.411593 0.280620 0.210354 0.174106 0.156111 0.147507 0.143541 0.141778 0.141021 0.140707 0.140581 0.140532 0.140514 0.140507 0.140504 0.140503 0.140502 0.140500 0.140496 0.140485 0.140462 0.140413 0.140310 0.140105 0.139712 0.138989 0.137713 0.135553 0.132058 0.126659 0.118706 0.107562 0.092734 0.074037 0.051742 0.026642 0.000000 
50.000000 41.464729 33.324075 25.917986 19.489684 14.164750 9.953453 6.772109 4.475214 2.889304 1.841407 1.178309 0.776159 0.542225 0.411593 0.341510 0.305356 0.287408 0.278826 0.274870 0.273111 0.272356 0.272043 0.271917 0.271868 0.271850 0.271843 0.271841 0.271839 0.271838 0.271834 0.271826 0.271807 0.271766 0.271675 0.271488 0.271112 0.270390 0.269053 0.266680 0.262643 0.256073 0.245859 0.230721 0.209373 0.180796 0.144564 0.101160 0.052131 0.000000 
50.000000 41.505154 33.403051 26.032025 19.634144 14.334397 10.143006 6.976688 4.690632 3.112198 2.069236 1.409257 1.008996 0.776159 0.646139 0.576383 0.540399 0.522534 0.513992 0.510055 0.508304 0.507552 0.507241 0.507116 0.507067 0.507049 0.507042 0.507039 0.507037 0.507035 0.507029 0.507015 0.506983 0.506910 0.506754 0.506427 0.505769 0.504498 0.502134 0.497913 0.490688 0.478849 0.460313 0.432636 0.393313 0.340289 0.272609 0.191066 0.098570 0.000000 
50.000000 41.574632 33.538787 26.228027 19.882439 14.625989 10.468822 7.328342 5.060926 3.495352 2.460879 1.806266 1.409257 1.178309 1.049342 0.980151 0.944457 0.926737 0.918263 0.914358 0.912621 0.911876 0.911566 0.911442 0.911394 0.911376 0.911369 0.911366 0.911364 0.911360 0.911350 0.911327 0.911274 0.911155 0.910896 0.910353 0.909256 0.907123 0.903133 0.895964 0.883605 0.863198 0.830982 0.782459 0.712902 0.618273 0.496481 0.348685 0.180137 0.000000 
50.000000 41.689169 33.762556 26.551154 20.291783 15.106726 11.005997 7.908128 5.671460 4.127101 3.106635 2.460879 2.069236 1.841407 1.714180 1.645921 1.610708 1.593226 1.584866 1.581013 1.579300 1.578564 1.578259 1.578136 1.578089 1.578071 1.578064 1.578061 1.578058 1.578052 1.578037 1.578001 1.577919 1.577732 1.577325 1.576467 1.574727 1.571323 1.564915 1.553318 1.533165 1.499596 1.446092 1.364674 1.246706 1.084468 0.873481 0.615089 0.318353 0.000000 
50.000000 41.870139 34.116116 27.061709 20.938576 15.866342 11.854809 8.824295 6.636233 5.125416 4.127101 3.495352 3.112198 2.889304 2.764830 2.698048 2.663595 2.646490 2.638311 2.634541 2.632864 2.632144 2.631846 2.631726 2.631679 2.631662 2.631655 2.631651 2.631647 2.631638 2.631617 2.631565 2.631443 2.631166 2.630560 2.629278 2.626661 2.621511 2.611747 2.593936 2.562708 2.510168 2.425494 2.295079 2.103657 1.836863 1.485313 1.049628 0.544619 0.000000 
50.000000 42.143974 34.651112 27.834274 21.917314 17.015828 13.139300 10.210740 8.096262 6.636233 5.671460 5.060926 4.690632 4.475214 4.354913 4.290367 4.257068 4.240535 4.232629 4.228985 4.227364 4.226669 4.226380 4.226264 4.226219 4.226202 4.226195 4.226191 4.226186 4.226174 4.226144 4.226072 4.225902 4.225515 4.224664 4.222855 4.219141 4.211783 4.197728 4.171864 4.126064 4.048131 3.920917 3.722167 3.425854 3.005957 2.443294 1.734925 0.903361 0.000000 
50.000000 42.540510 35.425837 28.953037 23.334660 18.680473 14.999487 12.218616 10.210740 8.824295 7.908128 7.328342 6.976688 6.772109 6.657858 6.596557 6.564930 6.549228 6.541719 6.538257 6.536718 6.536057 6.535783 6.535673 6.535630 6.535613 6.535607 6.535602 6.535596 6.535580 6.535541 6.535447 6.535225 6.534717 6.533596 6.531199 6.526249 6.516375 6.497359 6.462037 6.398801 6.289823 6.109308 5.822514 5.386791 4.756426 3.893177 2.783147 1.456601 0.000000 
50.000000 43.089661 36.498737 30.502405 25.297562 20.985897 17.575771 14.999487 13.139300 11.854809 11.005997 10.468822 10.143006 9.953453 9.847591 9.790789 9.761483 9.746932 9.739973 9.736765 9.735339 9.734726 9.734472 9.734370 9.734330 9.734315 9.734309 9.734304 9.734296 9.734277 9.734230 9.734116 9.733845 9.733224 9.731845 9.728884 9.722732 9.710370 9.686363 9.641322 9.559730 9.417133 9.176973 8.787885 8.183151 7.285333 6.020447 4.346059 2.292510 0.000000 
50.000000 43.816509 37.918821 32.553158 27.895703 24.037453 20.985897 18.680473 17.015828 15.866342 15.106726 14.625989 14.334397 14.164750 14.070002 14.019163 13.992932 13.979907 13.973678 13.970807 13.969530 13.968981 13.968754 13.968663 13.968627 13.968613 13.968607 13.968603 13.968594 13.968573 13.968521 13.968392 13.968087 13.967385 13.965819 13.962440 13.955376 13.941083 13.913087 13.860020 13.762684 13.589975 13.293682 12.802746 12.018726 10.816547 9.058604 6.635318 3.545077 0.000000 
50.000000 44.735470 39.714257 35.145980 31.180637 27.895703 25.297562 23.334660 21.917314 20.938576 20.291783 19.882439 19.634144 19.489684 19.409001 19.365707 19.343369 19.332277 19.326972 19.324526 19.323439 19.322971 19.322778 19.322700 19.322669 19.322658 19.322652 19.322648 19.322639 19.322618 19.322564 19.322433 19.322120 19.321396 19.319778 19.316267 19.308889 19.293855 19.264167 19.207315 19.101713 18.911357 18.578235 18.012229 17.079156 15.590318 13.304173 9.966882 5.444594 0.000000 
50.000000 45.844755 41.881550 38.275829 35.145980 32.553158 30.502405 28.953037 27.834274 27.061709 26.551154 26.228027 26.032025 25.917986 25.854293 25.820114 25.802479 25.793721 25.789533 25.787602 25.786743 25.786375 25.786222 25.786160 25.786136 25.786127 25.786123 25.786119 25.786111 25.786092 25.786043 25.785923 25.785637 25.784976 25.783490 25.780256 25.773422 25.759416 25.731546 25.677673 25.576395 25.390980 25.059860 24.481958 23.494554 21.841807 19.137914 14.855301 8.456742 0.000000 
50.000000 47.122690 44.378353 41.881550 39.714257 37.918821 36.498737 35.425837 34.651112 34.116116 33.762556 33.538787 33.403051 33.324075 33.279964 33.256293 33.244079 33.238014 33.235113 33.233776 33.233181 33.232926 33.232820 33.232777 33.232760 33.232754 33.232751 33.232748 33.232742 33.232727 33.232690 33.232599 33.232379 33.231870 33.230725 33.228222 33.222915 33.211985 33.190102 33.147467 33.066488 32.916187 32.642690 32.152677 31.283503 29.747374 27.026249 22.189177 13.695721 0.000000 
50.000000 48.527316 47.122690 45.844755 44.735470 43.816509 43.089661 42.540510 42.143974 41.870139 41.689169 41.574632 41.505154 41.464729 41.442150 41.430034 41.423781 41.420677 41.419192 41.418507 41.418203 41.418072 41.418018 41.417996 41.417987 41.417984 41.417982 41.417981 41.417978 41.417970 41.417950 41.417900 41.417780 41.417503 41.416878 41.415508 41.412598 41.406584 41.394495 41.370816 41.325520 41.240613 41.083909 40.797151 40.271432 39.290876 37.388014 33.426969 24.263658 0.000000 
50.000000 50.000000 50.000000 50.000000 50.000000 50.000000 50.000000 50.000000 50.000000 50.000000 50.000000 50.000000 50.000000 50.000000 50.000000 50.000000 50.000000 50.000000 50.000000 50.000000 50.000000 50.000000 50.000000 50.000000 50.000000 50.000000 50.000000 50.000000 50.000000 50.000000 50.000000 50.000000 50.000000 50.000000 50.000000 50.000000 50.000000 50.000000 50.000000 50.000000 50.000000 50.000000 50.000000 50.000000 50.000000 50.000000 50.000000 50.000000 50.000000 50.000000 
