50.000000 50.000000 50.000000 50.000000 50.000000 50.000000 50.000000 50.000000 50.000000 50.000000 50.000000 50.000000 50.000000 50.000000 50.000000 50.000000 50.000000 50.000000 50.000000 50.000000 50.000000 50.000000 50.000000 50.000000 50.000000 50.000000 50.000000 50.000000 50.000000 50.000000 50.000000 50.000000 50.000000 50.000000 50.000000 50.000000 50.000000 50.000000 50.000000 50.000000 50.000000 50.000000 50.000000 50.000000 50.000000 50.000000 50.000000 50.000000 50.000000 50.000000 
50.000000 45.617906 41.836121 39.009748 37.169277 36.117037 35.584478 35.343905 35.246149 35.210159 35.198074 35.194351 35.193293 35.193015 35.192946 35.192931 35.192927 35.192927 35.192927 35.192927 35.192927 35.192927 35.192927 35.192927 35.192927 35.192927 35.192927 35.192927 35.192927 35.192927 35.192927 35.192927 35.192927 35.192927 35.192926 35.192926 35.192921 35.192902 35.192821 35.192489 35.191225 35.186711 35.171599 35.124120 34.983579 34.588430 33.517427 30.650801 22.808953 0.000000 
50.000000 41.836121 34.790835 29.525746 26.097523 24.137732 23.145965 22.698013 22.516017 22.449023 22.426532 22.419604 22.417636 22.417118 22.416991 22.416962 22.416955 22.416954 22.416954 22.416954 22.416954 22.416954 22.416954 22.416954 22.416954 22.416954 22.416954 22.416954 22.416954 22.416954 22.416954 22.416954 22.416954 22.416954 22.416954 22.416952 22.416946 22.416917 22.416793 22.416293 22.414405 22.407738 22.385769 22.318312 22.125423 21.611683 20.336728 17.395418 11.185320 0.000000 
50.000000 39.009748 29.525746 22.438722 17.824719 15.187435 13.853041 13.250446 13.005669 12.915584 12.885348 12.876037 12.873393 12.872696 12.872526 12.872487 12.872478 12.872477 12.872476 12.872476 12.872476 12.872476 12.872476 12.872476 12.872476 12.872476 12.872476 12.872476 12.872476 12.872476 12.872476 12.872476 12.872476 12.872476 12.872476 12.872475 12.872468 12.872441 12.872321 12.871845 12.870063 12.863852 12.843750 12.783525 12.617126 12.195103 11.219361 9.189018 5.492321 0.000000 
50.000000 37.169277 26.097523 17.824719 12.439350 9.361619 7.804637 7.101659 6.816166 6.711119 6.675869 6.665017 6.661935 6.661124 6.660925 6.660880 6.660870 6.660868 6.660868 6.660868 6.660868 6.660868 6.660868 6.660868 6.660868 6.660868 6.660868 6.660868 6.660868 6.660868 6.660868 6.660868 6.660868 6.660868 6.660868 6.660867 6.660862 6.660841 6.660754 6.660407 6.659121 6.654701 6.640635 6.599431 6.488935 6.219675 5.629616 4.485840 2.580847 0.000000 
50.000000 36.117037 24.137732 15.187435 9.361619 6.032589 4.348722 3.588578 3.279923 3.166375 3.128280 3.116554 3.113225 3.112349 3.112135 3.112086 3.112075 3.112073 3.112073 3.112073 3.112073 3.112073 3.112073 3.112073 3.112073 3.112073 3.112073 3.112073 3.112073 3.112073 3.112073 3.112073 3.112073 3.112073 3.112072 3.112072 3.112069 3.112057 3.112004 3.111797 3.111037 3.108456 3.100365 3.077118 3.016295 2.872684 2.570309 2.012309 1.133458 0.000000 
50.000000 35.584478 23.145965 13.853041 7.804637 4.348722 2.600857 1.811912 1.491603 1.373783 1.334260 1.322097 1.318644 1.317736 1.317513 1.317463 1.317452 1.317449 1.317449 1.317449 1.317449 1.317449 1.317449 1.317449 1.317449 1.317449 1.317449 1.317449 1.317449 1.317449 1.317449 1.317449 1.317449 1.317449 1.317449 1.317448 1.317447 1.317441 1.317414 1.317309 1.316927 1.315642 1.311667 1.300428 1.271605 1.205206 1.069516 0.827653 0.460358 0.000000 
50.000000 35.343905 22.698013 13.250446 7.101659 3.588578 1.811912 1.010025 0.684485 0.564751 0.524590 0.512231 0.508723 0.507800 0.507574 0.507522 0.507511 0.507509 0.507509 0.507508 0.507508 0.507508 0.507508 0.507508 0.507508 0.507508 0.507508 0.507508 0.507508 0.507508 0.507508 0.507508 0.507508 0.507508 0.507508 0.507508 0.507508 0.507505 0.507493 0.507446 0.507279 0.506721 0.505012 0.500245 0.488213 0.461024 0.406696 0.312244 0.172306 0.000000 
50.000000 35.246149 22.516017 13.005669 6.816166 3.279923 1.491603 0.684485 0.356835 0.236330 0.195912 0.183474 0.179944 0.179016 0.178788 0.178736 0.178725 0.178723 0.178722 0.178722 0.178722 0.178722 0.178722 0.178722 0.178722 0.178722 0.178722 0.178722 0.178722 0.178722 0.178722 0.178722 0.178722 0.178722 0.178722 0.178722 0.178722 0.178721 0.178716 0.178698 0.178633 0.178418 0.177764 0.175961 0.171467 0.161465 0.141817 0.108279 0.059438 0.000000 
50.000000 35.210159 22.449023 12.915584 6.711119 3.166375 1.373783 0.564751 0.236330 0.115544 0.075032 0.062566 0.059028 0.058097 0.057869 0.057817 0.057806 0.057804 0.057803 0.057803 0.057803 0.057803 0.057803 0.057803 0.057803 0.057803 0.057803 0.057803 0.057803 0.057803 0.057803 0.057803 0.057803 0.057803 0.057803 0.057803 0.057803 0.057803 0.057801 0.057795 0.057772 0.057697 0.057472 0.056857 0.055338 0.051998 0.045522 0.034617 0.018934 0.000000 
50.000000 35.198074 22.426532 12.885348 6.675869 3.128280 1.334260 0.524590 0.195912 0.075032 0.034489 0.022013 0.018473 0.017541 0.017313 0.017261 0.017250 0.017248 0.017247 0.017247 0.017247 0.017247 0.017247 0.017247 0.017247 0.017247 0.017247 0.017247 0.017247 0.017247 0.017247 0.017247 0.017247 0.017247 0.017247 0.017247 0.017247 0.017247 0.017246 0.017244 0.017237 0.017214 0.017143 0.016952 0.016483 0.015462 0.013503 0.010238 0.005585 0.000000 
50.000000 35.194351 22.419604 12.876037 6.665017 3.116554 1.322097 0.512231 0.183474 0.062566 0.022013 0.009535 0.005994 0.005062 0.004834 0.004782 0.004770 0.004768 0.004768 0.004768 0.004768 0.004768 0.004768 0.004768 0.004768 0.004768 0.004768 0.004768 0.004768 0.004768 0.004768 0.004768 0.004768 0.004768 0.004768 0.004768 0.004768 0.004768 0.004768 0.004767 0.004765 0.004758 0.004738 0.004683 0.004550 0.004263 0.003716 0.002811 0.001531 0.000000 
50.000000 35.193293 22.417636 12.873393 6.661935 3.113225 1.318644 0.508723 0.179944 0.059028 0.018473 0.005994 0.002452 0.001520 0.001292 0.001240 0.001229 0.001226 0.001226 0.001226 0.001226 0.001226 0.001226 0.001226 0.001226 0.001226 0.001226 0.001226 0.001226 0.001226 0.001226 0.001226 0.001226 0.001226 0.001226 0.001226 0.001226 0.001226 0.001226 0.001226 0.001225 0.001223 0.001218 0.001204 0.001169 0.001094 0.000952 0.000719 0.000391 0.000000 
50.000000 35.193015 22.417118 12.872696 6.661124 3.112349 1.317736 0.507800 0.179016 0.058097 0.017541 0.005062 0.001520 0.000589 0.000360 0.000308 0.000297 0.000295 0.000294 0.000294 0.000294 0.000294 0.000294 0.000294 0.000294 0.000294 0.000294 0.000294 0.000294 0.000294 0.000294 0.000294 0.000294 0.000294 0.000294 0.000294 0.000294 0.000294 0.000294 0.000294 0.000294 0.000294 0.000292 0.000289 0.000280 0.000262 0.000228 0.000172 0.000093 0.000000 
50.000000 35.192946 22.416991 12.872526 6.660925 3.112135 1.317513 0.507574 0.178788 0.057869 0.017313 0.004834 0.001292 0.000360 0.000132 0.000080 0.000069 0.000067 0.000066 0.000066 0.000066 0.000066 0.000066 0.000066 0.000066 0.000066 0.000066 0.000066 0.000066 0.000066 0.000066 0.000066 0.000066 0.000066 0.000066 0.000066 0.000066 0.000066 0.000066 0.000066 0.000066 0.000066 0.000066 0.000065 0.000063 0.000059 0.000051 0.000039 0.000021 0.000000 
50.000000 35.192931 22.416962 12.872487 6.660880 3.112086 1.317463 0.507522 0.178736 0.057817 0.017261 0.004782 0.001240 0.000308 0.000080 0.000028 0.000017 0.000015 0.000014 0.000014 0.000014 0.000014 0.000014 0.000014 0.000014 0.000014 0.000014 0.000014 0.000014 0.000014 0.000014 0.000014 0.000014 0.000014 0.000014 0.000014 0.000014 0.000014 0.000014 0.000014 0.000014 0.000014 0.000014 0.000014 0.000013 0.000012 0.000011 0.000008 0.000004 0.000000 
50.000000 35.192927 22.416955 12.872478 6.660870 3.112075 1.317452 0.507511 0.178725 0.057806 0.017250 0.004770 0.001229 0.000297 0.000069 0.000017 0.000006 0.000003 0.000003 0.000003 0.000003 0.000003 0.000003 0.000003 0.000003 0.000003 0.000003 0.000003 0.000003 0.000003 0.000003 0.000003 0.000003 0.000003 0.000003 0.000003 0.000003 0.000003 0.000003 0.000003 0.000003 0.000003 0.000003 0.000003 0.000003 0.000002 0.000002 0.000002 0.000001 0.000000 
50.000000 35.192927 22.416954 12.872477 6.660868 3.112073 1.317449 0.507509 0.178723 0.057804 0.017248 0.004768 0.001226 0.000295 0.000067 0.000015 0.000003 0.000001 0.000001 0.000001 0.000001 0.000001 0.000001 0.000001 0.000001 0.000001 0.000001 0.000001 0.000001 0.000001 0.000001 0.000001 0.000001 0.000001 0.000001 0.000001 0.000001 0.000001 0.000001 0.000001 0.000001 0.000001 0.000001 0.000001 0.000000 0.000000 0.000000 0.000000 0.000000 0.000000 
50.000000 35.192927 22.416954 12.872476 6.660868 3.112073 1.317449 0.507509 0.178722 0.057803 0.017247 0.004768 0.001226 0.000294 0.000066 0.000014 0.000003 0.000001 0.000000 0.000000 0.000000 0.000000 0.000000 0.000000 0.000000 0.000000 0.000000 0.000000 0.000000 0.000000 0.000000 0.000000 0.000000 0.000000 0.000000 0.000000 0.000000 0.000000 0.000000 0.000000 0.000000 0.000000 0.000000 0.000000 0.000000 0.000000 0.000000 0.000000 0.000000 0.000000 
50.000000 35.192927 22.416954 12.872476 6.660868 3.112073 1.317449 0.507508 0.178722 0.057803 0.017247 0.004768 0.001226 0.000294 0.000066 0.000014 0.000003 0.000001 0.000000 0.000000 0.000000 0.000000 0.000000 0.000000 0.000000 0.000000 0.000000 0.000000 0.000000 0.000000 0.000000 0.000000 0.000000 0.000000 0.000000 0.000000 0.000000 0.000000 0.000000 0.000000 0.000000 0.000000 0.000000 0.000000 0.000000 0.000000 0.000000 0.000000 0.000000 0.000000 
50.000000 35.192927 22.416954 12.872476 6.660868 3.112073 1.317449 0.507508 0.178722 0.057803 0.017247 0.004768 0.001226 0.000294 0.000066 0.000014 0.000003 0.000001 0.000000 0.000000 0.000000 0.000000 0.000000 0.000000 0.000000 0.000000 0.000000 0.000000 0.000000 0.000000 0.000000 0.000000 0.000000 0.000000 0.000000 0.000000 0.000000 0.000000 0.000000 0.000000 0.000000 0.000000 0.000000 0.000000 0.000000 0.000000 0.000000 0.000000 0.000000 0.000000 
50.000000 35.192927 22.416954 12.872476 6.660868 3.112073 1.317449 0.507508 0.178722 0.057803 0.017247 0.004768 0.001226 0.000294 0.000066 0.000014 0.000003 0.000001 0.000000 0.000000 0.000000 0.000000 0.000000 0.000000 0.000000 0.000000 0.000000 0.000000 0.000000 0.000000 0.000000 0.000000 0.000000 0.000000 0.000000 0.000000 0.000000 0.000000 0.000000 0.000000 0.000000 0.000000 0.000000 0.000000 0.000000 0.000000 0.000000 0.000000 0.000000 0.000000 
50.000000 35.192927 22.416954 12.872476 6.660868 3.112073 1.317449 0.507508 0.178722 0.057803 0.017247 0.004768 0.001226 0.000294 0.000066 0.000014 0.000003 0.000001 0.000000 0.000000 0.000000 0.000000 0.000000 0.000000 0.000000 0.000000 0.000000 0.000000 0.000000 0.000000 0.000000 0.000000 0.000000 0.000000 0.000000 0.000000 0.000000 0.000000 0.000000 0.000000 0.000000 0.000000 0.000000 0.000000 0.000000 0.000000 0.000000 0.000000 0.000000 0.000000 
50.000000 35.192927 22.416954 12.872476 6.660868 3.112073 1.317449 0.507508 0.178722 0.057803 0.017247 0.004768 0.001226 0.000294 0.000066 0.000014 0.000003 0.000001 0.000000 0.000000 0.000000 0.000000 0.000000 0.000000 0.000000 0.000000 0.000000 0.000000 0.000000 0.000000 0.000000 0.000000 0.000000 0.000000 0.000000 0.000000 0.000000 0.000000 0.000000 0.000000 0.000000 0.000000 0.000000 0.000000 0.000000 0.000000 0.000000 0.000000 0.000000 0.000000 
50.000000 35.192927 22.416954 12.872476 6.660868 3.112073 1.317449 0.507508 0.178722 0.057803 0.017247 0.004768 0.001226 0.000294 0.000066 0.000014 0.000003 0.000001 0.000000 0.000000 0.000000 0.000000 0.000000 0.000000 0.000000 0.000000 0.000000 0.000000 0.000000 0.000000 0.000000 0.000000 0.000000 0.000000 0.000000 0.000000 0.000000 0.000000 0.000000 0.000000 0.000000 0.000000 0.000000 0.000000 0.000000 0.000000 0.000000 0.000000 0.000000 0.000000 
50.000000 35.192927 22.416954 12.872476 6.660868 3.112073 1.317449 0.507508 0.178722 0.057803 0.017247 0.004768 0.001226 0.000294 0.000066 0.000014 0.000003 0.000001 0.000000 0.000000 0.000000 0.000000 0.000000 0.000000 0.000000 0.000000 0.000000 0.000000 0.000000 0.000000 0.000000 0.000000 0.000000 0.000000 0.000000 0.000000 0.000000 0.000000 0.000000 0.000000 0.000000 0.000000 0.000000 0.000000 0.000000 0.000000 0.000000 0.000000 0.000000 0.000000 
50.000000 35.192927 22.416954 12.872476 6.660868 3.112073 1.317449 0.507508 0.178722 0.057803 0.017247 0.004768 0.001226 0.000294 0.000066 0.000014 0.000003 0.000001 0.000000 0.000000 0.000000 0.000000 0.000000 0.000000 0.000000 0.000000 0.000000 0.000000 0.000000 0.000000 0.000000 0.000000 0.000000 0.000000 0.000000 0.000000 0.000000 0.000000 0.000000 0.000000 0.000000 0.000000 0.000000 0.000000 0.000000 0.000000 0.000000 0.000000 0.000000 0.000000 
50.000000 35.192927 22.416954 12.872476 6.660868 3.112073 1.317449 0.507508 0.178722 0.057803 0.017247 0.004768 0.001226 0.000294 0.000066 0.000014 0.000003 0.000001 0.000000 0.000000 0.000000 0.000000 0.000000 0.000000 0.000000 0.000000 0.000000 0.000000 0.000000 0.000000 0.000000 0.000000 0.000000 0.000000 0.000000 0.000000 0.000000 0.000000 0.000000 0.000000 0.000000 0.000000 0.000000 0.000000 0.000000 0.000000 0.000000 0.000000 0.000000 0.000000 
50.000000 35.192927 22.416954 12.872476 6.660868 3.112073 1.317449 0.507508 0.178722 0.057803 0.017247 0.004768 0.001226 0.000294 0.000066 0.000014 0.000003 0.000001 0.000000 0.000000 0.000000 0.000000 0.000000 0.000000 0.000000 0.000000 0.000000 0.000000 0.000000 0.000000 0.000000 0.000000 0.000000 0.000000 0.000000 0.000000 0.000000 0.000000 0.000000 0.000000 0.000000 0.000000 0.000000 0.000000 0.000000 0.000000 0.000000 0.000000 0.000000 0.000000 
50.000000 35.192927 22.416954 12.872476 6.660868 3.112073 1.317449 0.507508 0.178722 0.057803 0.017247 0.004768 0.001226 0.000294 0.000066 0.000014 0.000003 0.000001 0.000000 0.000000 0.000000 0.000000 0.000000 0.000000 0.000000 0.000000 0.000000 0.000000 0.000000 0.000000 0.000000 0.000000 0.000000 0.000000 0.000000 0.000000 0.000000 0.000000 0.000000 0.000000 0.000000 0.000000 0.000000 0.000000 0.000000 0.000000 0.000000 0.000000 0.000000 0.000000 
50.000000 35.192927 22.416954 12.872476 6.660868 3.112073 1.317449 0.507508 0.178722 0.057803 0.017247 0.004768 0.001226 0.000294 0.000066 0.000014 0.000003 0.000001 0.000000 0.000000 0.000000 0.000000 0.000000 0.000000 0.000000 0.000000 0.000000 0.000000 0.000000 0.000000 0.000000 0.000000 0.000000 0.000000 0.000000 0.000000 0.000000 0.000000 0.000000 0.000000 0.000000 0.000000 0.000000 0.000000 0.000000 0.000000 0.000000 0.000000 0.000000 0.000000 
50.000000 35.192927 22.416954 12.872476 6.660868 3.112073 1.317449 0.507509 0.178722 0.057803 0.017247 0.004768 0.001226 0.000294 0.000066 0.000014 0.000003 0.000001 0.000000 0.000000 0.000000 0.000000 0.000000 0.000000 0.000000 0.000000 0.000000 0.000000 0.000000 0.000000 0.000000 0.000000 0.000000 0.000000 0.000000 0.000000 0.000000 0.000000 0.000000 0.000000 0.000000 0.000000 0.000000 0.000000 0.000000 0.000000 0.000000 0.000000 0.000000 0.000000 
50.000000 35.192927 22.416954 12.872477 6.660868 3.112073 1.317449 0.507509 0.178723 0.057804 0.017248 0.004768 0.001226 0.000295 0.000067 0.000015 0.000003 0.000001 0.000001 0.000001 0.000001 0.000001 0.000001 0.000001 0.000001 0.000001 0.000001 0.000001 0.000001 0.000001 0.000001 0.000001 0.000001 0.000001 0.000001 0.000001 0.000001 0.000001 0.000001 0.000001 0.000001 0.000001 0.000001 0.000001 0.000000 0.000000 0.000000 0.000000 0.000000 0.000000 
50.000000 35.192927 22.416955 12.872478 6.660870 3.112075 1.317452 0.507511 0.178725 0.057806 0.017250 0.004770 0.001229 0.000297 0.000069 0.000017 0.000006 0.000003 0.000003 0.000003 0.000003 0.000003 0.000003 0.000003 0.000003 0.000003 0.000003 0.000003 0.000003 0.000003 0.000003 0.000003 0.000003 0.000003 0.000003 0.000003 0.000003 0.000003 0.000003 0.000003 0.000003 0.000003 0.000003 0.000003 0.000003 0.000002 0.000002 0.000002 0.000001 0.000000 
50.000000 35.192931 22.416962 12.872487 6.660880 3.112086 1.317463 0.507522 0.178736 0.057817 0.017261 0.004782 0.001240 0.000308 0.000080 0.000028 0.000017 0.000015 0.000014 0.000014 0.000014 0.000014 0.000014 0.000014 0.000014 0.000014 0.000014 0.000014 0.000014 0.000014 0.000014 0.000014 0.000014 0.000014 0.000014 0.000014 0.000014 0.000014 0.000014 0.000014 0.000014 0.000014 0.000014 0.000014 0.000013 0.000012 0.000011 0.000008 0.000004 0.000000 
50.000000 35.192946 22.416991 12.872526 6.660925 3.112135 1.317513 0.507574 0.178788 0.057869 0.017313 0.004834 0.001292 0.000360 0.000132 0.000080 0.000069 0.000067 0.000066 0.000066 0.000066 0.000066 0.000066 0.000066 0.000066 0.000066 0.000066 0.000066 0.000066 0.000066 0.000066 0.000066 0.000066 0.000066 0.000066 0.000066 0.000066 0.000066 0.000066 0.000066 0.000066 0.000066 0.000066 0.000065 0.000063 0.000059 0.000051 0.000039 0.000021 0.000000 
50.000000 35.193015 22.417118 12.872696 6.661124 3.112349 1.317736 0.507800 0.179016 0.058097 0.017541 0.005062 0.001520 0.000589 0.000360 0.000308 0.000297 0.000295 0.000294 0.000294 0.000294 0.000294 0.000294 0.000294 0.000294 0.000294 0.000294 0.000294 0.000294 0.000294 0.000294 0.000294 0.000294 0.000294 0.000294 0.000294 0.000294 0.000294 0.000294 0.000294 0.000294 0.000294 0.000292 0.000289 0.000280 0.000262 0.000228 0.000172 0.000093 0.000000 
50.000000 35.193293 22.417636 12.873393 6.661935 3.113225 1.318644 0.508723 0.179944 0.059028 0.018473 0.005994 0.002452 0.001520 0.001292 0.001240 0.001229 0.001226 0.001226 0.001226 0.001226 0.001226 0.001226 0.001226 0.001226 0.001226 0.001226 0.001226 0.001226 0.001226 0.001226 0.001226 0.001226 0.001226 0.001226 0.001226 0.001226 0.001226 0.001226 0.001226 0.001225 0.001223 0.001218 0.001204 0.001169 0.001094 0.000952 0.000719 0.000391 0.000000 
50.000000 35.194351 22.419604 12.876037 6.665017 3.116554 1.322097 0.512231 0.183474 0.062566 0.022013 0.009535 0.005994 0.005062 0.004834 0.004782 0.004770 0.004768 0.004768 0.004768 0.004768 0.004768 0.004768 0.004768 0.004768 0.004768 0.004768 0.004768 0.004768 0.004768 0.004768 0.004768 0.004768 0.004768 0.004768 0.004768 0.004768 0.004768 0.004768 0.004767 0.004765 0.004758 0.004738 0.004683 0.004550 0.004263 0.003716 0.002811 0.001531 0.000000 
50.000000 35.198074 22.426532 12.885348 6.675869 3.128280 1.334260 0.524590 0.195912 0.075032 0.034489 0.022013 0.018473 0.017541 0.017313 0.017261 0.017250 0.017248 0.017247 0.017247 0.017247 0.017247 0.017247 0.017247 0.017247 0.017247 0.017247 0.017247 0.017247 0.017247 0.017247 0.017247 0.017247 0.017247 0.017247 0.017247 0.017247 0.017247 0.017246 0.017244 0.017237 0.017214 0.017143 0.016952 0.016483 0.015462 0.013503 0.010238 0.005585 0.000000 
50.000000 35.210159 22.449023 12.915584 6.711119 3.166375 1.373783 0.564751 0.236330 0.115544 0.075032 0.062566 0.059028 0.058097 0.057869 0.057817 0.057806 0.057804 0.057803 0.057803 0.057803 0.057803 0.057803 0.057803 0.057803 0.057803 0.057803 0.057803 0.057803 0.057803 0.057803 0.057803 0.057803 0.057803 0.057803 0.057803 0.057803 0.057803 0.057801 0.057795 0.057772 0.057697 0.057472 0.056857 0.055338 0.051998 0.045522 0.034617 0.018934 0.000000 
50.000000 35.246149 22.516017 13.005669 6.816166 3.279923 1.491603 0.684485 0.356835 0.236330 0.195912 0.183474 0.179944 0.179016 0.178788 0.178736 0.178725 0.178723 0.178722 0.178722 0.178722 0.178722 0.178722 0.178722 0.178722 0.178722 0.178722 0.178722 0.178722 0.178722 0.178722 0.178722 0.178722 0.178722 0.178722 0.178722 0.178722 0.178721 0.178716 0.178698 0.178633 0.178418 0.177764 0.175961 0.171467 0.161465 0.141817 0.108279 0.059438 0.000000 
50.000000 35.343905 22.698013 13.250446 7.101659 3.588578 1.811912 1.010025 0.684485 0.564751 0.524590 0.512231 0.508723 0.507800 0.507574 0.507522 0.507511 0.507509 0.507509 0.507508 0.507508 0.507508 0.507508 0.507508 0.507508 0.507508 0.507508 0.507508 0.507508 0.507508 0.507508 0.507508 0.507508 0.507508 0.507508 0.507508 0.507508 0.507505 0.507493 0.507446 0.507279 0.506721 0.505012 0.500245 0.488213 0.461024 0.406696 0.312244 0.172306 0.000000 
50.000000 35.584478 23.145965 13.853041 7.804637 4.348722 2.600857 1.811912 1.491603 1.373783 1.334260 1.322097 1.318644 1.317736 1.317513 1.317463 1.317452 1.317449 1.317449 1.317449 1.317449 1.317449 1.317449 1.317449 1.317449 1.317449 1.317449 1.317449 1.317449 1.317449 1.317449 1.317449 1.317449 1.317449 1.317449 1.317448 1.317447 1.317441 1.317414 1.317309 1.316927 1.315642 1.311667 1.300428 1.271605 1.205206 1.069516 0.827653 0.460358 0.000000 
50.000000 36.117037 24.137732 15.187435 9.361619 6.032589 4.348722 3.588578 3.279923 3.166375 3.128280 3.116554 3.113225 3.112349 3.112135 3.112086 3.112075 3.112073 3.112073 3.112073 3.112073 3.112073 3.112073 3.112073 3.112073 3.112073 3.112073 3.112073 3.112073 3.112073 3.112073 3.112073 3.112073 3.112073 3.112072 3.112072 3.112069 3.112057 3.112004 3.111797 3.111037 3.108456 3.100365 3.077118 3.016295 2.872684 2.570309 2.012309 1.133458 0.000000 
50.000000 37.169277 26.097523 17.824719 12.439350 9.361619 7.804637 7.101659 6.816166 6.711119 6.675869 6.665017 6.661935 6.661124 6.660925 6.660880 6.660870 6.660868 6.660868 6.660868 6.660868 6.660868 6.660868 6.660868 6.660868 6.660868 6.660868 6.660868 6.660868 6.660868 6.660868 6.660868 6.660868 6.660868 6.660868 6.660867 6.660862 6.660841 6.660754 6.660407 6.659121 6.654701 6.640635 6.599431 6.488935 6.219675 5.629616 4.485840 2.580847 0.000000 
50.000000 39.009748 29.525746 22.438722 17.824719 15.187435 13.853041 13.250446 13.005669 12.915584 12.885348 12.876037 12.873393 12.872696 12.872526 12.872487 12.872478 12.872477 12.872476 12.872476 12.872476 12.872476 12.872476 12.872476 12.872476 12.872476 12.872476 12.872476 12.872476 12.872476 12.872476 12.872476 12.872476 12.872476 12.872476 12.872475 12.872468 12.872441 12.872321 12.871845 12.870063 12.863852 12.843750 12.783525 12.617126 12.195103 11.219361 9.189018 5.492321 0.000000 
50.000000 41.836121 34.790835 29.525746 26.097523 24.137732 23.145965 22.698013 22.516017 22.449023 22.426532 22.419604 22.417636 22.417118 22.416991 22.416962 22.416955 22.416954 22.416954 22.416954 22.416954 22.416954 22.416954 22.416954 22.416954 22.416954 22.416954 22.416954 22.416954 22.416954 22.416954 22.416954 22.416954 22.416954 22.416954 22.416952 22.416946 22.416917 22.416793 22.416293 22.414405 22.407738 22.385769 22.318312 22.125423 21.611683 20.336728 17.395418 11.185320 0.000000 
50.000000 45.617906 41.836121 39.009748 37.169277 36.117037 35.584478 35.343905 35.246149 35.210159 35.198074 35.194351 35.193293 35.193015 35.192946 35.192931 35.192927 35.192927 35.192927 35.192927 35.192927 35.192927 35.192927 35.192927 35.192927 35.192927 35.192927 35.192927 35.192927 35.192927 35.192927 35.192927 35.192927 35.192927 35.192926 35.192926 35.192921 35.192902 35.192821 35.192489 35.191225 35.186711 35.171599 35.124120 34.983579 34.588430 33.517427 30.650801 22.808953 0.000000 
50.000000 50.000000 50.000000 50.000000 50.000000 50.000000 50.000000 50.000000 50.000000 50.000000 50.000000 50.000000 50.000000 50.000000 50.000000 50.000000 50.000000 50.000000 50.000000 50.000000 50.000000 50.000000 50.000000 50.000000 50.000000 50.000000 50.000000 50.000000 50.000000 50.000000 50.000000 50.000000 50.000000 50.000000 50.000000 50.000000 50.000000 50.000000 50.000000 50.000000 50.000000 50.000000 50.000000 50.000000 50.000000 50.000000 50.000000 50.000000 50.000000 50.000000 
