50.000000 50.000000 50.000000 50.000000 50.000000 50.000000 50.000000 50.000000 50.000000 50.000000 50.000000 50.000000 50.000000 50.000000 50.000000 50.000000 50.000000 50.000000 50.000000 50.000000 50.000000 50.000000 50.000000 50.000000 50.000000 50.000000 50.000000 50.000000 50.000000 50.000000 50.000000 50.000000 50.000000 50.000000 50.000000 50.000000 50.000000 50.000000 50.000000 50.000000 50.000000 50.000000 50.000000 50.000000 50.000000 50.000000 50.000000 50.000000 50.000000 50.000000 
50.000000 48.753368 47.555514 46.449496 45.468048 44.630907 43.944376 43.402897 42.992022 42.691957 42.480956 42.338026 42.244714 42.185970 42.150289 42.129368 42.117518 42.111032 42.107598 42.105840 42.104968 42.104549 42.104353 42.104265 42.104226 42.104209 42.104200 42.104192 42.104179 42.104149 42.104083 42.103937 42.103621 42.102957 42.101593 42.098867 42.093548 42.083417 42.064546 42.030120 41.968443 41.859545 41.669097 41.336789 40.752097 39.698345 37.708426 33.648200 24.376684 0.000000 
50.000000 47.555514 45.206677 43.037921 41.113434 39.471918 38.125730 37.063974 36.258314 35.669937 35.256202 34.975946 34.792980 34.677795 34.607833 34.566811 34.543577 34.530860 34.524128 34.520680 34.518970 34.518148 34.517765 34.517592 34.517516 34.517482 34.517465 34.517450 34.517425 34.517370 34.517247 34.516975 34.516387 34.515153 34.512626 34.507581 34.497764 34.479123 34.444541 34.381782 34.270131 34.074909 33.738233 33.162941 32.183358 30.510194 27.626087 22.603339 13.907314 0.000000 
50.000000 46.449496 43.037921 39.887911 37.092699 34.708496 32.753247 31.211127 30.040975 29.186415 28.585509 28.178471 27.912738 27.745451 27.643843 27.584266 27.550524 27.532054 27.522278 27.517270 27.514787 27.513594 27.513038 27.512787 27.512676 27.512627 27.512603 27.512582 27.512548 27.512475 27.512310 27.511948 27.511167 27.509530 27.506186 27.499533 27.486636 27.462262 27.417321 27.336395 27.193889 26.948096 26.532061 25.839547 24.703765 22.866863 19.943956 15.411834 8.741070 0.000000 
50.000000 45.468048 41.113434 37.092699 33.524848 30.481631 27.985952 26.017604 24.524046 23.433314 22.666348 22.146830 21.807670 21.594160 21.464480 21.388444 21.345381 21.321810 21.309333 21.302942 21.299773 21.298251 21.297542 21.297221 21.297080 21.297018 21.296987 21.296963 21.296924 21.296840 21.296654 21.296245 21.295365 21.293524 21.289778 21.282355 21.268037 21.241141 21.191920 21.104118 20.951354 20.691936 20.261693 19.564609 18.461850 16.762424 14.225835 10.603241 5.769704 0.000000 
50.000000 44.630907 39.471918 34.708496 30.481631 26.876326 23.919713 21.587846 19.818473 18.526331 17.617751 17.002318 16.600547 16.347626 16.194011 16.103943 16.052934 16.025015 16.010236 16.002667 15.998914 15.997111 15.996271 15.995891 15.995724 15.995651 15.995615 15.995589 15.995548 15.995464 15.995275 15.994860 15.993972 15.992121 15.988369 15.980968 15.966774 15.940291 15.892229 15.807369 15.661592 15.417956 15.021930 14.396403 13.438163 12.019781 10.004730 7.288561 3.878811 0.000000 
50.000000 43.944376 38.125730 32.753247 27.985952 23.919713 20.585128 17.955180 15.959653 14.502372 13.477688 12.783622 12.330525 12.045299 11.872066 11.770497 11.712977 11.681493 11.664829 11.656294 11.652062 11.650029 11.649082 11.648654 11.648466 11.648384 11.648345 11.648318 11.648279 11.648200 11.648024 11.647639 11.646816 11.645109 11.641662 11.634899 11.622005 11.598122 11.555151 11.480070 11.352714 11.143118 10.808760 10.292564 9.523310 8.421343 6.913700 4.962789 2.607587 0.000000 
50.000000 43.402897 37.063974 31.211127 26.017604 21.587846 17.955180 15.090169 12.916307 11.328813 10.212586 9.456525 8.962965 8.652273 8.463577 8.352945 8.290292 8.256001 8.237851 8.228555 8.223946 8.221732 8.220701 8.220235 8.220030 8.219941 8.219900 8.219873 8.219839 8.219769 8.219616 8.219283 8.218575 8.217109 8.214164 8.208416 8.197526 8.177502 8.141784 8.080006 7.976475 7.808515 7.545085 7.146420 6.565916 5.755911 4.679065 3.325741 1.733800 0.000000 
50.000000 42.992022 36.258314 30.040975 24.524046 19.818473 15.959653 12.916307 10.607155 8.920886 7.735221 6.932140 6.407894 6.077891 5.877470 5.759966 5.693423 5.657004 5.637727 5.627855 5.622960 5.620609 5.619514 5.619019 5.618802 5.618708 5.618666 5.618640 5.618610 5.618553 5.618428 5.618158 5.617585 5.616404 5.614042 5.609458 5.600826 5.585066 5.557187 5.509433 5.430298 5.303578 5.107792 4.816535 4.400517 3.832110 3.092879 2.183405 1.132477 0.000000 
50.000000 42.691957 35.669937 29.186415 23.433314 18.526331 14.502372 11.328813 8.920886 7.162504 5.926151 5.088749 4.542105 4.198010 3.989034 3.866516 3.797135 3.759163 3.739065 3.728773 3.723669 3.721218 3.720076 3.719560 3.719334 3.719237 3.719194 3.719170 3.719145 3.719100 3.719004 3.718797 3.718359 3.717461 3.715672 3.712218 3.705754 3.694032 3.673459 3.638535 3.581252 3.490588 3.352338 3.149659 2.864739 2.481960 1.992526 1.399806 0.723514 0.000000 
50.000000 42.480956 35.256202 28.585509 22.666348 17.617751 13.477688 10.212586 7.735221 5.926151 4.654171 3.792648 3.230267 2.876269 2.661283 2.535243 2.463869 2.424806 2.404132 2.393544 2.388295 2.385773 2.384599 2.384069 2.383836 2.383736 2.383693 2.383671 2.383651 2.383617 2.383547 2.383396 2.383079 2.382430 2.381145 2.378675 2.374079 2.365799 2.351373 2.327086 2.287616 2.225788 2.132580 1.997618 1.810382 1.562229 1.249115 0.874420 0.450836 0.000000 
50.000000 42.338026 34.975946 28.178471 22.146830 17.002318 12.783622 9.456525 6.932140 5.088749 3.792648 2.914797 2.341763 1.981064 1.762010 1.633587 1.560865 1.521065 1.500000 1.489213 1.483865 1.481296 1.480100 1.479559 1.479322 1.479221 1.479178 1.479157 1.479141 1.479117 1.479068 1.478963 1.478744 1.478298 1.477418 1.475736 1.472623 1.467047 1.457399 1.441275 1.415290 1.374953 1.314741 1.228471 1.110089 0.954910 0.761150 0.531404 0.273480 0.000000 
50.000000 42.244714 34.792980 27.912738 21.807670 16.600547 12.330525 8.962965 6.407894 4.542105 3.230267 2.341763 1.761779 1.396709 1.175003 1.045026 0.971425 0.931144 0.909826 0.898909 0.893496 0.890896 0.889685 0.889139 0.888899 0.888797 0.888753 0.888734 0.888721 0.888704 0.888671 0.888602 0.888457 0.888165 0.887590 0.886495 0.884479 0.880890 0.874715 0.864467 0.848073 0.822827 0.785462 0.732403 0.660256 0.566529 0.450476 0.313857 0.161298 0.000000 
50.000000 42.185970 34.677795 27.745451 21.594160 16.347626 12.045299 8.652273 6.077891 4.198010 2.876269 1.981064 1.396709 1.028890 0.805516 0.674563 0.600409 0.559826 0.538348 0.527349 0.521896 0.519277 0.518057 0.517506 0.517265 0.517162 0.517119 0.517100 0.517089 0.517078 0.517056 0.517012 0.516921 0.516738 0.516378 0.515696 0.514445 0.512230 0.508441 0.502190 0.492256 0.477065 0.454747 0.423294 0.380852 0.326123 0.258815 0.180031 0.092422 0.000000 
50.000000 42.150289 34.607833 27.643843 21.464480 16.194011 11.872066 8.463577 5.877470 3.989034 2.661283 1.762010 1.175003 0.805516 0.581130 0.449585 0.375096 0.334330 0.312755 0.301707 0.296229 0.293598 0.292373 0.291819 0.291577 0.291474 0.291431 0.291412 0.291403 0.291395 0.291382 0.291355 0.291300 0.291189 0.290973 0.290565 0.289821 0.288508 0.286273 0.282608 0.276815 0.268012 0.255161 0.237167 0.213043 0.182124 0.144310 0.100252 0.051422 0.000000 
50.000000 42.129368 34.566811 27.584266 21.388444 16.103943 11.770497 8.352945 5.759966 3.866516 2.535243 1.633587 1.045026 0.674563 0.449585 0.317692 0.243007 0.202134 0.180503 0.169425 0.163933 0.161295 0.160067 0.159512 0.159269 0.159166 0.159123 0.159105 0.159097 0.159091 0.159083 0.159067 0.159035 0.158971 0.158846 0.158612 0.158185 0.157437 0.156169 0.154098 0.150844 0.145924 0.138781 0.128836 0.115575 0.098666 0.078080 0.054186 0.027774 0.000000 
50.000000 42.117518 34.543577 27.550524 21.345381 16.052934 11.712977 8.290292 5.693423 3.797135 2.463869 1.560865 0.971425 0.600409 0.375096 0.243007 0.168211 0.127277 0.105614 0.094520 0.089020 0.086378 0.085148 0.084593 0.084349 0.084246 0.084203 0.084185 0.084178 0.084173 0.084168 0.084159 0.084141 0.084106 0.084036 0.083907 0.083671 0.083260 0.082567 0.081439 0.079674 0.077019 0.073183 0.067868 0.060813 0.051856 0.040994 0.028424 0.014562 0.000000 
50.000000 42.111032 34.530860 27.532054 21.321810 16.025015 11.681493 8.256001 5.657004 3.759163 2.424806 1.521065 0.931144 0.559826 0.334330 0.202134 0.127277 0.086311 0.064630 0.053527 0.048023 0.045379 0.044148 0.043592 0.043348 0.043244 0.043201 0.043184 0.043177 0.043173 0.043170 0.043165 0.043155 0.043136 0.043099 0.043030 0.042905 0.042687 0.042321 0.041728 0.040804 0.039419 0.037427 0.034677 0.031043 0.026445 0.020887 0.014472 0.007411 0.000000 
50.000000 42.107598 34.524128 27.522278 21.309333 16.010236 11.664829 8.237851 5.637727 3.739065 2.404132 1.500001 0.909826 0.538348 0.312755 0.180503 0.105614 0.064630 0.042940 0.031833 0.026326 0.023680 0.022449 0.021893 0.021649 0.021545 0.021502 0.021485 0.021478 0.021475 0.021473 0.021470 0.021465 0.021455 0.021436 0.021400 0.021336 0.021225 0.021038 0.020737 0.020268 0.019570 0.018568 0.017191 0.015376 0.013088 0.010330 0.007153 0.003661 0.000000 
50.000000 42.105840 34.520680 27.517270 21.302943 16.002668 11.656295 8.228556 5.627856 3.728773 2.393545 1.489214 0.898909 0.527350 0.301707 0.169426 0.094521 0.053528 0.031833 0.020723 0.015215 0.012569 0.011337 0.010781 0.010537 0.010434 0.010391 0.010374 0.010367 0.010364 0.010362 0.010361 0.010358 0.010353 0.010344 0.010326 0.010294 0.010239 0.010147 0.009999 0.009769 0.009428 0.008940 0.008271 0.007393 0.006289 0.004960 0.003433 0.001757 0.000000 
50.000000 42.104968 34.518970 27.514787 21.299774 15.998915 11.652063 8.223947 5.622961 3.723670 2.388296 1.483866 0.893497 0.521897 0.296230 0.163935 0.089021 0.048024 0.026327 0.015216 0.009707 0.007061 0.005829 0.005273 0.005029 0.004925 0.004882 0.004865 0.004858 0.004856 0.004855 0.004854 0.004852 0.004850 0.004845 0.004837 0.004821 0.004795 0.004751 0.004680 0.004571 0.004410 0.004180 0.003865 0.003452 0.002935 0.002314 0.001601 0.000819 0.000000 
50.000000 42.104549 34.518149 27.513596 21.298253 15.997113 11.650032 8.221735 5.620612 3.721221 2.385777 1.481300 0.890900 0.519281 0.293602 0.161299 0.086382 0.045383 0.023684 0.012573 0.007064 0.004418 0.003186 0.002629 0.002385 0.002282 0.002239 0.002222 0.002215 0.002212 0.002211 0.002211 0.002210 0.002209 0.002206 0.002203 0.002195 0.002183 0.002163 0.002130 0.002080 0.002006 0.001900 0.001756 0.001568 0.001332 0.001050 0.000726 0.000371 0.000000 
50.000000 42.104355 34.517769 27.513043 21.297548 15.996278 11.649091 8.220710 5.619523 3.720086 2.384609 1.480110 0.889696 0.518068 0.292383 0.160078 0.085159 0.044158 0.022459 0.011348 0.005838 0.003192 0.001960 0.001404 0.001160 0.001056 0.001014 0.000996 0.000990 0.000987 0.000986 0.000985 0.000985 0.000985 0.000984 0.000982 0.000979 0.000973 0.000964 0.000949 0.000926 0.000893 0.000846 0.000781 0.000697 0.000592 0.000466 0.000322 0.000165 0.000000 
50.000000 42.104270 34.517602 27.512800 21.297238 15.995911 11.648676 8.220259 5.619044 3.719587 2.384096 1.479587 0.889166 0.517534 0.291847 0.159540 0.084621 0.043620 0.021921 0.010809 0.005299 0.002653 0.001421 0.000865 0.000621 0.000517 0.000474 0.000457 0.000450 0.000448 0.000447 0.000447 0.000446 0.000446 0.000446 0.000445 0.000443 0.000441 0.000436 0.000430 0.000419 0.000404 0.000382 0.000353 0.000315 0.000267 0.000211 0.000146 0.000074 0.000000 
50.000000 42.104238 34.517539 27.512709 21.297122 15.995774 11.648522 8.220090 5.618866 3.719401 2.383904 1.479392 0.888969 0.517335 0.291648 0.159340 0.084420 0.043419 0.021720 0.010608 0.005099 0.002452 0.001220 0.000664 0.000420 0.000316 0.000274 0.000256 0.000250 0.000247 0.000246 0.000246 0.000245 0.000245 0.000245 0.000245 0.000244 0.000242 0.000240 0.000236 0.000230 0.000222 0.000210 0.000194 0.000173 0.000147 0.000115 0.000080 0.000041 0.000000 
50.000000 42.104238 34.517539 27.512709 21.297122 15.995774 11.648522 8.220090 5.618866 3.719401 2.383904 1.479392 0.888969 0.517335 0.291648 0.159340 0.084420 0.043419 0.021720 0.010608 0.005099 0.002452 0.001220 0.000664 0.000420 0.000316 0.000274 0.000256 0.000250 0.000247 0.000246 0.000246 0.000245 0.000245 0.000245 0.000245 0.000244 0.000242 0.000240 0.000236 0.000230 0.000222 0.000210 0.000194 0.000173 0.000147 0.000115 0.000080 0.000041 0.000000 
50.000000 42.104270 34.517602 27.512800 21.297238 15.995911 11.648676 8.220259 5.619044 3.719587 2.384096 1.479587 0.889166 0.517534 0.291847 0.159540 0.084621 0.043620 0.021921 0.010809 0.005299 0.002653 0.001421 0.000865 0.000621 0.000517 0.000474 0.000457 0.000450 0.000448 0.000447 0.000447 0.000446 0.000446 0.000446 0.000445 0.000443 0.000441 0.000436 0.000430 0.000419 0.000404 0.000382 0.000353 0.000315 0.000267 0.000211 0.000146 0.000074 0.000000 
50.000000 42.104355 34.517769 27.513043 21.297548 15.996278 11.649091 8.220710 5.619523 3.720086 2.384609 1.480110 0.889696 0.518068 0.292383 0.160078 0.085159 0.044158 0.022459 0.011348 0.005838 0.003192 0.001960 0.001404 0.001160 0.001056 0.001014 0.000996 0.000990 0.000987 0.000986 0.000985 0.000985 0.000985 0.000984 0.000982 0.000979 0.000973 0.000964 0.000949 0.000926 0.000893 0.000846 0.000781 0.000697 0.000592 0.000466 0.000322 0.000165 0.000000 
50.000000 42.104549 34.518149 27.513596 21.298253 15.997113 11.650032 8.221735 5.620612 3.721221 2.385777 1.481300 0.890900 0.519281 0.293602 0.161299 0.086382 0.045383 0.023684 0.012573 0.007064 0.004418 0.003186 0.002629 0.002385 0.002282 0.002239 0.002222 0.002215 0.002212 0.002211 0.002211 0.002210 0.002209 0.002206 0.002203 0.002195 0.002183 0.002163 0.002130 0.002080 0.002006 0.001900 0.001756 0.001568 0.001332 0.001050 0.000726 0.000371 0.000000 
50.000000 42.104968 34.518970 27.514787 21.299774 15.998915 11.652063 8.223947 5.622961 3.723670 2.388296 1.483866 0.893497 0.521897 0.296230 0.163935 0.089021 0.048024 0.026327 0.015216 0.009707 0.007061 0.005829 0.005273 0.005029 0.004925 0.004882 0.004865 0.004858 0.004856 0.004855 0.004854 0.004852 0.004850 0.004845 0.004837 0.004821 0.004795 0.004751 0.004680 0.004571 0.004410 0.004180 0.003865 0.003452 0.002935 0.002314 0.001601 0.000819 0.000000 
50.000000 42.105840 34.520680 27.517270 21.302943 16.002668 11.656295 8.228556 5.627856 3.728773 2.393545 1.489214 0.898909 0.527350 0.301707 0.169426 0.094521 0.053528 0.031833 0.020723 0.015215 0.012569 0.011337 0.010781 0.010537 0.010434 0.010391 0.010374 0.010367 0.010364 0.010362 0.010361 0.010358 0.010353 0.010344 0.010326 0.010294 0.010239 0.010147 0.009999 0.009769 0.009428 0.008940 0.008271 0.007393 0.006289 0.004960 0.003433 0.001757 0.000000 
50.000000 42.107598 34.524128 27.522278 21.309333 16.010236 11.664829 8.237851 5.637727 3.739065 2.404132 1.500001 0.909826 0.538348 0.312755 0.180503 0.105614 0.064630 0.042940 0.031833 0.026326 0.023680 0.022449 0.021893 0.021649 0.021545 0.021502 0.021485 0.021478 0.021475 0.021473 0.021470 0.021465 0.021455 0.021436 0.021400 0.021336 0.021225 0.021038 0.020737 0.020268 0.019570 0.018568 0.017191 0.015376 0.013088 0.010330 0.007153 0.003661 0.000000 
50.000000 42.111032 34.530860 27.532054 21.321810 16.025015 11.681493 8.256001 5.657004 3.759163 2.424806 1.521065 0.931144 0.559826 0.334330 0.202134 0.127277 0.086311 0.064630 0.053527 0.048023 0.045379 0.044148 0.043592 0.043348 0.043244 0.043201 0.043184 0.043177 0.043173 0.043170 0.043165 0.043155 0.043136 0.043099 0.043030 0.042905 0.042687 0.042321 0.041728 0.040804 0.039419 0.037427 0.034677 0.031043 0.026445 0.020887 0.014472 0.007411 0.000000 
50.000000 42.117518 34.543577 27.550524 21.345381 16.052934 11.712977 8.290292 5.693423 3.797135 2.463869 1.560865 0.971425 0.600409 0.375096 0.243007 0.168211 0.127277 0.105614 0.094520 0.089020 0.086378 0.085148 0.084593 0.084349 0.084246 0.084203 0.084185 0.084178 0.084173 0.084168 0.084159 0.084141 0.084106 0.084036 0.083907 0.083671 0.083260 0.082567 0.081439 0.079674 0.077019 0.073183 0.067868 0.060813 0.051856 0.040994 0.028424 0.014562 0.000000 
50.000000 42.129368 34.566811 27.584266 21.388444 16.103943 11.770497 8.352945 5.759966 3.866516 2.535243 1.633587 1.045026 0.674563 0.449585 0.317692 0.243007 0.202134 0.180503 0.169425 0.163933 0.161295 0.160067 0.159512 0.159269 0.159166 0.159123 0.159105 0.159097 0.159091 0.159083 0.159067 0.159035 0.158971 0.158846 0.158612 0.158185 0.157437 0.156169 0.154098 0.150844 0.145924 0.138781 0.128836 0.115575 0.098666 0.078080 0.054186 0.027774 0.000000 
50.000000 42.150289 34.607833 27.643843 21.464480 16.194011 11.872066 8.463577 5.877470 3.989034 2.661283 1.762010 1.175003 0.805516 0.581130 0.449585 0.375096 0.334330 0.312755 0.301707 0.296229 0.293598 0.292373 0.291819 0.291577 0.291474 0.291431 0.291412 0.291403 0.291395 0.291382 0.291355 0.291300 0.291189 0.290973 0.290565 0.289821 0.288508 0.286273 0.282608 0.276815 0.268012 0.255161 0.237167 0.213043 0.182124 0.144310 0.100252 0.051422 0.000000 
50.000000 42.185970 34.677795 27.745451 21.594160 16.347626 12.045299 8.652273 6.077891 4.198010 2.876269 1.981064 1.396709 1.028890 0.805516 0.674563 0.600409 0.559826 0.538348 0.527349 0.521896 0.519277 0.518057 0.517506 0.517265 0.517162 0.517119 0.517100 0.517089 0.517078 0.517056 0.517012 0.516921 0.516738 0.516378 0.515696 0.514445 0.512230 0.508441 0.502190 0.492256 0.477065 0.454747 0.423294 0.380852 0.326123 0.258815 0.180031 0.092422 0.000000 
50.000000 42.244714 34.792980 27.912738 21.807670 16.600547 12.330525 8.962965 6.407894 4.542105 3.230267 2.341763 1.761779 1.396709 1.175003 1.045026 0.971425 0.931144 0.909826 0.898909 0.893496 0.890896 0.889685 0.889139 0.888899 0.888797 0.888753 0.888734 0.888721 0.888704 0.888671 0.888602 0.888457 0.888165 0.887590 0.886495 0.884479 0.880890 0.874715 0.864467 0.848073 0.822827 0.785462 0.732403 0.660256 0.566529 0.450476 0.313857 0.161298 0.000000 
50.000000 42.338026 34.975946 28.178471 22.146830 17.002318 12.783622 9.456525 6.932140 5.088749 3.792648 2.914797 2.341763 1.981064 1.762010 1.633587 1.560865 1.521065 1.500000 1.489213 1.483865 1.481296 1.480100 1.479559 1.479322 1.479221 1.479178 1.479157 1.479141 1.479117 1.479068 1.478963 1.478744 1.478298 1.477418 1.475736 1.472623 1.467047 1.457399 1.441275 1.415290 1.374953 1.314741 1.228471 1.110089 0.954910 0.761150 0.531404 0.273480 0.000000 
50.000000 42.480956 35.256202 28.585509 22.666348 17.617751 13.477688 10.212586 7.735221 5.926151 4.654171 3.792648 3.230267 2.876269 2.661283 2.535243 2.463869 2.424806 2.404132 2.393544 2.388295 2.385773 2.384599 2.384069 2.383836 2.383736 2.383693 2.383671 2.383651 2.383617 2.383547 2.383396 2.383079 2.382430 2.381145 2.378675 2.374079 2.365799 2.351373 2.327086 2.287616 2.225788 2.132580 1.997618 1.810382 1.562229 1.249115 0.874420 0.450836 0.000000 
50.000000 42.691957 35.669937 29.186415 23.433314 18.526331 14.502372 11.328813 8.920886 7.162504 5.926151 5.088749 4.542105 4.198010 3.989034 3.866516 3.797135 3.759163 3.739065 3.728773 3.723669 3.721218 3.720076 3.719560 3.719334 3.719237 3.719194 3.719170 3.719145 3.719100 3.719004 3.718797 3.718359 3.717461 3.715672 3.712218 3.705754 3.694032 3.673459 3.638535 3.581252 3.490588 3.352338 3.149659 2.864739 2.481960 1.992526 1.399806 0.723514 0.000000 
50.000000 42.992022 36.258314 30.040975 24.524046 19.818473 15.959653 12.916307 10.607155 8.920886 7.735221 6.932140 6.407894 6.077891 5.877470 5.759966 5.693423 5.657004 5.637727 5.627855 5.622960 5.620609 5.619514 5.619019 5.618802 5.618708 5.618666 5.618640 5.618610 5.618553 5.618428 5.618158 5.617585 5.616404 5.614042 5.609458 5.600826 5.585066 5.557187 5.509433 5.430298 5.303578 5.107792 4.816535 4.400517 3.832110 3.092879 2.183405 1.132477 0.000000 
50.000000 43.402897 37.063974 31.211127 26.017604 21.587846 17.955180 15.090169 12.916307 11.328813 10.212586 9.456525 8.962965 8.652273 8.463577 8.352945 8.290292 8.256001 8.237851 8.228555 8.223946 8.221732 8.220701 8.220235 8.220030 8.219941 8.219900 8.219873 8.219839 8.219769 8.219616 8.219283 8.218575 8.217109 8.214164 8.208416 8.197526 8.177502 8.141784 8.080006 7.976475 7.808515 7.545085 7.146420 6.565916 5.755911 4.679065 3.325741 1.733800 0.000000 
50.000000 43.944376 38.125730 32.753247 27.985952 23.919713 20.585128 17.955180 15.959653 14.502372 13.477688 12.783622 12.330525 12.045299 11.872066 11.770497 11.712977 11.681493 11.664829 11.656294 11.652062 11.650029 11.649082 11.648654 11.648466 11.648384 11.648345 11.648318 11.648279 11.648200 11.648024 11.647639 11.646816 11.645109 11.641662 11.634899 11.622005 11.598122 11.555151 11.480070 11.352714 11.143118 10.808760 10.292564 9.523310 8.421343 6.913700 4.962789 2.607587 0.000000 
50.000000 44.630907 39.471918 34.708496 30.481631 26.876326 23.919713 21.587846 19.818473 18.526331 17.617751 17.002318 16.600547 16.347626 16.194011 16.103943 16.052934 16.025015 16.010236 16.002667 15.998914 15.997111 15.996271 15.995891 15.995724 15.995651 15.995615 15.995589 15.995548 15.995464 15.995275 15.994860 15.993972 15.992121 15.988369 15.980968 15.966774 15.940291 15.892229 15.807369 15.661592 15.417956 15.021930 14.396403 13.438163 12.019781 10.004730 7.288561 3.878811 0.000000 
50.000000 45.468048 41.113434 37.092699 33.524848 30.481631 27.985952 26.017604 24.524046 23.433314 22.666348 22.146830 21.807670 21.594160 21.464480 21.388444 21.345381 21.321810 21.309333 21.302942 21.299773 21.298251 21.297542 21.297221 21.297080 21.297018 21.296987 21.296963 21.296924 21.296840 21.296654 21.296245 21.295365 21.293524 21.289778 21.282355 21.268037 21.241141 21.191920 21.104118 20.951354 20.691936 20.261693 19.564609 18.461850 16.762424 14.225835 10.603241 5.769704 0.000000 
50.000000 46.449496 43.037921 39.887911 37.092699 34.708496 32.753247 31.211127 30.040975 29.186415 28.585509 28.178471 27.912738 27.745451 27.643843 27.584266 27.550524 27.532054 27.522278 27.517270 27.514787 27.513594 27.513038 27.512787 27.512676 27.512627 27.512603 27.512582 27.512548 27.512475 27.512310 27.511948 27.511167 27.509530 27.506186 27.499533 27.486636 27.462262 27.417321 27.336395 27.193889 26.948096 26.532061 25.839547 24.703765 22.866863 19.943956 15.411834 8.741070 0.000000 
50.000000 47.555514 45.206677 43.037921 41.113434 39.471918 38.125730 37.063974 36.258314 35.669937 35.256202 34.975946 34.792980 34.677795 34.607833 34.566811 34.543577 34.530860 34.524128 34.520680 34.518970 34.518148 34.517765 34.517592 34.517516 34.517482 34.517465 34.517450 34.517425 34.517370 34.517247 34.516975 34.516387 34.515153 34.512626 34.507581 34.497764 34.479123 34.444541 34.381782 34.270131 34.074909 33.738233 33.162941 32.183358 30.510194 27.626087 22.603339 13.907314 0.000000 
50.000000 48.753368 47.555514 46.449496 45.468048 44.630907 43.944376 43.402897 42.992022 42.691957 42.480956 42.338026 42.244714 42.185970 42.150289 42.129368 42.117518 42.111032 42.107598 42.105840 42.104968 42.104549 42.104353 42.104265 42.104226 42.104209 42.104200 42.104192 42.104179 42.104149 42.104083 42.103937 42.103621 42.102957 42.101593 42.098867 42.093548 42.083417 42.064546 42.030120 41.968443 41.859545 41.669097 41.336789 40.752097 39.698345 37.708426 33.648200 24.376684 0.000000 
50.000000 50.000000 50.000000 50.000000 50.000000 50.000000 50.000000 50.000000 50.000000 50.000000 50.000000 50.000000 50.000000 50.000000 50.000000 50.000000 50.000000 50.000000 50.000000 50.000000 50.000000 50.000000 50.000000 50.000000 50.000000 50.000000 50.000000 50.000000 50.000000 50.000000 50.000000 50.000000 50.000000 50.000000 50.000000 50.000000 50.000000 50.000000 50.000000 50.000000 50.000000 50.000000 50.000000 50.000000 50.000000 50.000000 50.000000 50.000000 50.000000 50.000000 
