50.000000 50.000000 50.000000 50.000000 50.000000 50.000000 50.000000 50.000000 50.000000 50.000000 50.000000 50.000000 50.000000 50.000000 50.000000 50.000000 50.000000 50.000000 50.000000 50.000000 50.000000 50.000000 50.000000 50.000000 50.000000 50.000000 50.000000 50.000000 50.000000 50.000000 50.000000 50.000000 50.000000 50.000000 50.000000 50.000000 50.000000 50.000000 50.000000 50.000000 50.000000 50.000000 50.000000 50.000000 50.000000 50.000000 50.000000 50.000000 50.000000 50.000000 
50.000000 48.380491 46.843276 45.458120 44.272908 43.309512 42.565203 42.018288 41.635798 41.380992 41.219160 41.121078 41.064296 41.032866 41.016215 41.007763 41.003649 41.001726 41.000863 41.000490 41.000335 41.000273 41.000249 41.000240 41.000236 41.000235 41.000235 41.000234 41.000233 41.000229 41.000220 41.000194 41.000130 40.999971 40.999589 40.998706 40.996725 40.992416 40.983328 40.964706 40.927567 40.855241 40.717076 40.456392 39.965657 39.029844 37.181498 33.283703 24.190245 0.000000 
50.000000 46.843276 43.846961 41.147046 38.836866 36.959055 35.508288 34.442280 33.696763 33.200123 32.884701 32.693534 32.582866 32.521609 32.489156 32.472684 32.464666 32.460919 32.459237 32.458510 32.458207 32.458086 32.458039 32.458022 32.458016 32.458013 32.458012 32.458011 32.458009 32.458002 32.457985 32.457939 32.457821 32.457531 32.456838 32.455237 32.451654 32.443885 32.427567 32.394310 32.328459 32.201490 31.962372 31.520717 30.716422 29.263272 26.643250 21.923481 13.559572 0.000000 
50.000000 45.458120 41.147046 37.262446 33.938613 31.236886 29.149596 27.615897 26.543315 25.828806 25.375021 25.100002 24.940794 24.852671 24.805987 24.782292 24.770758 24.765369 24.762948 24.761903 24.761468 24.761294 24.761226 24.761201 24.761192 24.761189 24.761187 24.761186 24.761183 24.761175 24.761152 24.761092 24.760941 24.760569 24.759683 24.757640 24.753086 24.743264 24.722755 24.681288 24.600022 24.445473 24.159834 23.645904 22.744332 21.201360 18.631223 14.503796 8.276622 0.000000 
50.000000 44.272908 38.836866 33.938613 29.747490 26.340837 23.708973 21.775163 20.422790 19.521916 18.949783 18.603047 18.402327 18.291231 18.232378 18.202508 18.187969 18.181175 18.178124 18.176806 18.176258 18.176038 18.175954 18.175922 18.175910 18.175906 18.175904 18.175903 18.175900 18.175890 18.175866 18.175802 18.175639 18.175240 18.174291 18.172115 18.167286 18.156933 18.135479 18.092507 18.009295 17.853471 17.571233 17.076801 16.239760 14.873745 12.737253 9.573594 5.243064 0.000000 
50.000000 43.309512 36.959055 31.236886 26.340837 22.361251 19.286805 17.027841 15.448111 14.395809 13.727523 13.322526 13.088088 12.958332 12.889597 12.854713 12.837733 12.829799 12.826237 12.824698 12.824058 12.823802 12.823703 12.823666 12.823652 12.823647 12.823646 12.823644 12.823641 12.823632 12.823608 12.823547 12.823392 12.823013 12.822117 12.820069 12.815551 12.805930 12.786155 12.746945 12.671962 12.533729 12.288239 11.868764 11.180625 10.101077 8.492555 6.242633 3.343856 0.000000 
50.000000 42.565203 35.508288 29.149596 23.708973 19.286805 15.870495 13.360392 11.605074 10.435837 9.693308 9.243332 8.982864 8.838707 8.762346 8.723592 8.704731 8.695917 8.691960 8.690251 8.689540 8.689255 8.689145 8.689104 8.689089 8.689084 8.689082 8.689081 8.689078 8.689070 8.689050 8.688997 8.688863 8.688537 8.687769 8.686023 8.682194 8.674097 8.657594 8.625201 8.564012 8.452886 8.259102 7.935248 7.418041 6.632172 5.503692 3.987571 2.108811 0.000000 
50.000000 42.018288 34.442280 27.615897 21.775163 17.027841 13.360392 10.665815 8.781534 7.526421 6.729378 6.246378 5.966804 5.812077 5.730120 5.688528 5.668285 5.658828 5.654581 5.652747 5.651984 5.651679 5.651561 5.651516 5.651501 5.651495 5.651493 5.651491 5.651489 5.651483 5.651467 5.651424 5.651318 5.651060 5.650454 5.649085 5.646101 5.639833 5.627163 5.602537 5.556558 5.474198 5.332908 5.101290 4.739602 4.203930 3.456064 2.479907 1.301213 0.000000 
50.000000 41.635798 33.696763 26.543315 20.422790 15.448111 11.605074 8.781534 6.807106 5.491975 4.656837 4.150765 3.857843 3.695735 3.609869 3.566296 3.545090 3.535182 3.530733 3.528812 3.528013 3.527693 3.527569 3.527523 3.527507 3.527501 3.527499 3.527497 3.527496 3.527491 3.527479 3.527448 3.527369 3.527179 3.526736 3.525739 3.523577 3.519069 3.510028 3.492616 3.460453 3.403553 3.307336 3.152188 2.914382 2.569319 2.097841 1.495273 0.780556 0.000000 
50.000000 41.380992 33.200123 25.828806 19.521916 14.395809 10.435837 7.526421 5.491975 4.136890 3.276397 2.754972 2.453171 2.286151 2.197688 2.152797 2.130950 2.120743 2.116160 2.114181 2.113358 2.113029 2.112901 2.112854 2.112836 2.112830 2.112828 2.112827 2.112826 2.112823 2.112814 2.112793 2.112738 2.112608 2.112304 2.111625 2.110161 2.107126 2.101085 2.089549 2.068445 2.031522 1.969863 1.871824 1.723847 1.512621 1.228784 0.871664 0.453425 0.000000 
50.000000 41.219160 32.884701 25.375021 18.949783 13.727523 9.693308 6.729378 4.656837 3.276397 2.399817 1.868652 1.561219 1.391086 1.300975 1.255249 1.232997 1.222600 1.217933 1.215917 1.215079 1.214743 1.214614 1.214565 1.214548 1.214542 1.214539 1.214539 1.214538 1.214535 1.214530 1.214516 1.214481 1.214396 1.214201 1.213766 1.212833 1.210911 1.207110 1.199909 1.186848 1.164221 1.126841 1.068107 0.980578 0.857276 0.693733 0.490391 0.254454 0.000000 
50.000000 41.121078 32.693534 25.100002 18.603047 13.322526 9.243332 6.246378 4.150765 2.754972 1.868652 1.331592 1.020751 0.848735 0.757628 0.711397 0.688899 0.678388 0.673669 0.671631 0.670784 0.670445 0.670313 0.670264 0.670247 0.670241 0.670239 0.670238 0.670237 0.670236 0.670232 0.670224 0.670202 0.670151 0.670032 0.669769 0.669207 0.668057 0.665796 0.661542 0.653887 0.640737 0.619215 0.585738 0.536371 0.467568 0.377247 0.265967 0.137750 0.000000 
50.000000 41.064296 32.582866 24.940794 18.402327 13.088088 8.982864 5.966804 3.857843 2.453171 1.561219 1.020751 0.707940 0.534836 0.443153 0.396631 0.373991 0.363414 0.358666 0.356615 0.355763 0.355421 0.355289 0.355240 0.355222 0.355216 0.355214 0.355213 0.355212 0.355212 0.355210 0.355205 0.355192 0.355162 0.355094 0.354943 0.354623 0.353970 0.352694 0.350309 0.346045 0.338774 0.326972 0.308767 0.282157 0.245394 0.197530 0.138980 0.071880 0.000000 
50.000000 41.032866 32.521609 24.852671 18.291231 12.958332 8.838707 5.812077 3.695735 2.286151 1.391086 0.848735 0.534836 0.361130 0.269129 0.222446 0.199728 0.189115 0.184351 0.182293 0.181438 0.181095 0.180962 0.180913 0.180895 0.180889 0.180887 0.180886 0.180886 0.180885 0.180884 0.180881 0.180874 0.180858 0.180821 0.180739 0.180565 0.180213 0.179528 0.178254 0.175991 0.172157 0.165977 0.156513 0.142781 0.123945 0.099585 0.069955 0.036141 0.000000 
50.000000 41.016215 32.489156 24.805987 18.232378 12.889597 8.762346 5.730120 3.609869 2.197688 1.300975 0.757628 0.443153 0.269129 0.176961 0.130193 0.107434 0.096801 0.092028 0.089967 0.089110 0.088766 0.088634 0.088584 0.088566 0.088560 0.088558 0.088557 0.088557 0.088557 0.088556 0.088555 0.088551 0.088542 0.088523 0.088480 0.088391 0.088209 0.087859 0.087210 0.086063 0.084131 0.081035 0.076323 0.069528 0.060263 0.048347 0.033919 0.017509 0.000000 
50.000000 41.007763 32.472684 24.782292 18.202508 12.854713 8.723592 5.688528 3.566296 2.152797 1.255249 0.711397 0.396631 0.222446 0.130193 0.083381 0.060601 0.049959 0.045182 0.043119 0.042261 0.041917 0.041784 0.041735 0.041717 0.041711 0.041709 0.041708 0.041708 0.041707 0.041707 0.041706 0.041705 0.041700 0.041691 0.041670 0.041625 0.041536 0.041365 0.041048 0.040492 0.039560 0.038074 0.035824 0.032596 0.028217 0.022609 0.015846 0.008174 0.000000 
50.000000 41.003649 32.464666 24.770758 18.187969 12.837733 8.704731 5.668285 3.545090 2.130950 1.232997 0.688899 0.373991 0.199728 0.107434 0.060601 0.037811 0.027164 0.022385 0.020321 0.019463 0.019119 0.018986 0.018936 0.018918 0.018912 0.018910 0.018909 0.018909 0.018909 0.018909 0.018909 0.018908 0.018906 0.018901 0.018891 0.018870 0.018828 0.018748 0.018600 0.018342 0.017910 0.017226 0.016194 0.014720 0.012729 0.010189 0.007135 0.003679 0.000000 
50.000000 41.001726 32.460919 24.765369 18.181175 12.829799 8.695917 5.658828 3.535182 2.120743 1.222600 0.678388 0.363414 0.189115 0.096801 0.049959 0.027164 0.016515 0.011735 0.009670 0.008812 0.008468 0.008335 0.008286 0.008268 0.008261 0.008259 0.008259 0.008258 0.008258 0.008258 0.008258 0.008258 0.008257 0.008255 0.008250 0.008241 0.008222 0.008186 0.008120 0.008004 0.007813 0.007510 0.007055 0.006407 0.005536 0.004427 0.003098 0.001597 0.000000 
50.000000 41.000863 32.459237 24.762948 18.178124 12.826237 8.691960 5.654581 3.530733 2.116160 1.217933 0.673669 0.358666 0.184351 0.092028 0.045182 0.022385 0.011735 0.006954 0.004889 0.004031 0.003687 0.003554 0.003504 0.003486 0.003480 0.003478 0.003477 0.003477 0.003477 0.003477 0.003477 0.003477 0.003476 0.003475 0.003473 0.003469 0.003461 0.003445 0.003417 0.003368 0.003286 0.003157 0.002964 0.002690 0.002322 0.001856 0.001298 0.000669 0.000000 
50.000000 41.000490 32.458510 24.761903 18.176806 12.824698 8.690251 5.652747 3.528812 2.114181 1.215917 0.671631 0.356615 0.182293 0.089967 0.043119 0.020321 0.009670 0.004889 0.002824 0.001966 0.001622 0.001489 0.001439 0.001422 0.001415 0.001413 0.001413 0.001412 0.001412 0.001412 0.001412 0.001412 0.001412 0.001412 0.001411 0.001409 0.001406 0.001399 0.001387 0.001367 0.001333 0.001280 0.001201 0.001090 0.000940 0.000751 0.000525 0.000270 0.000000 
50.000000 41.000335 32.458207 24.761468 18.176258 12.824058 8.689540 5.651984 3.528013 2.113358 1.215079 0.670784 0.355763 0.181438 0.089110 0.042261 0.019463 0.008812 0.004031 0.001966 0.001107 0.000764 0.000631 0.000581 0.000563 0.000557 0.000555 0.000554 0.000554 0.000554 0.000554 0.000554 0.000554 0.000554 0.000553 0.000553 0.000552 0.000551 0.000549 0.000544 0.000536 0.000522 0.000501 0.000470 0.000426 0.000368 0.000294 0.000205 0.000106 0.000000 
50.000000 41.000273 32.458086 24.761294 18.176038 12.823802 8.689256 5.651679 3.527693 2.113029 1.214744 0.670445 0.355421 0.181095 0.088766 0.041917 0.019119 0.008468 0.003687 0.001622 0.000764 0.000420 0.000287 0.000237 0.000219 0.000213 0.000211 0.000210 0.000210 0.000210 0.000210 0.000210 0.000210 0.000210 0.000210 0.000210 0.000209 0.000209 0.000208 0.000206 0.000203 0.000198 0.000190 0.000178 0.000161 0.000139 0.000111 0.000077 0.000040 0.000000 
50.000000 41.000249 32.458040 24.761227 18.175954 12.823703 8.689146 5.651561 3.527570 2.112901 1.214614 0.670314 0.355289 0.180963 0.088634 0.041785 0.018986 0.008335 0.003554 0.001489 0.000631 0.000287 0.000154 0.000104 0.000086 0.000080 0.000078 0.000077 0.000077 0.000077 0.000077 0.000077 0.000077 0.000077 0.000077 0.000077 0.000077 0.000077 0.000076 0.000076 0.000075 0.000073 0.000070 0.000065 0.000059 0.000051 0.000041 0.000028 0.000015 0.000000 
50.000000 41.000240 32.458022 24.761202 18.175922 12.823666 8.689105 5.651517 3.527524 2.112855 1.214566 0.670265 0.355241 0.180914 0.088585 0.041736 0.018937 0.008287 0.003505 0.001440 0.000582 0.000238 0.000105 0.000055 0.000038 0.000031 0.000029 0.000029 0.000028 0.000028 0.000028 0.000028 0.000028 0.000028 0.000028 0.000028 0.000028 0.000028 0.000028 0.000028 0.000027 0.000027 0.000025 0.000024 0.000022 0.000019 0.000015 0.000010 0.000005 0.000000 
50.000000 41.000237 32.458017 24.761194 18.175912 12.823655 8.689092 5.651503 3.527509 2.112839 1.214551 0.670250 0.355225 0.180898 0.088569 0.041720 0.018922 0.008271 0.003489 0.001425 0.000566 0.000222 0.000089 0.000040 0.000022 0.000016 0.000013 0.000013 0.000013 0.000012 0.000012 0.000012 0.000012 0.000012 0.000012 0.000012 0.000012 0.000012 0.000012 0.000012 0.000012 0.000012 0.000011 0.000011 0.000010 0.000008 0.000007 0.000005 0.000002 0.000000 
50.000000 41.000237 32.458017 24.761194 18.175912 12.823655 8.689092 5.651503 3.527509 2.112839 1.214551 0.670250 0.355225 0.180898 0.088569 0.041720 0.018922 0.008271 0.003489 0.001425 0.000566 0.000222 0.000089 0.000040 0.000022 0.000016 0.000013 0.000013 0.000013 0.000012 0.000012 0.000012 0.000012 0.000012 0.000012 0.000012 0.000012 0.000012 0.000012 0.000012 0.000012 0.000012 0.000011 0.000011 0.000010 0.000008 0.000007 0.000005 0.000002 0.000000 
50.000000 41.000240 32.458022 24.761202 18.175922 12.823666 8.689105 5.651517 3.527524 2.112855 1.214566 0.670265 0.355241 0.180914 0.088585 0.041736 0.018937 0.008287 0.003505 0.001440 0.000582 0.000238 0.000105 0.000055 0.000038 0.000031 0.000029 0.000029 0.000028 0.000028 0.000028 0.000028 0.000028 0.000028 0.000028 0.000028 0.000028 0.000028 0.000028 0.000028 0.000027 0.000027 0.000025 0.000024 0.000022 0.000019 0.000015 0.000010 0.000005 0.000000 
50.000000 41.000249 32.458040 24.761227 18.175954 12.823703 8.689146 5.651561 3.527570 2.112901 1.214614 0.670314 0.355289 0.180963 0.088634 0.041785 0.018986 0.008335 0.003554 0.001489 0.000631 0.000287 0.000154 0.000104 0.000086 0.000080 0.000078 0.000077 0.000077 0.000077 0.000077 0.000077 0.000077 0.000077 0.000077 0.000077 0.000077 0.000077 0.000076 0.000076 0.000075 0.000073 0.000070 0.000065 0.000059 0.000051 0.000041 0.000028 0.000015 0.000000 
50.000000 41.000273 32.458086 24.761294 18.176038 12.823802 8.689256 5.651679 3.527693 2.113029 1.214744 0.670445 0.355421 0.181095 0.088766 0.041917 0.019119 0.008468 0.003687 0.001622 0.000764 0.000420 0.000287 0.000237 0.000219 0.000213 0.000211 0.000210 0.000210 0.000210 0.000210 0.000210 0.000210 0.000210 0.000210 0.000210 0.000209 0.000209 0.000208 0.000206 0.000203 0.000198 0.000190 0.000178 0.000161 0.000139 0.000111 0.000077 0.000040 0.000000 
50.000000 41.000335 32.458207 24.761468 18.176258 12.824058 8.689540 5.651984 3.528013 2.113358 1.215079 0.670784 0.355763 0.181438 0.089110 0.042261 0.019463 0.008812 0.004031 0.001966 0.001107 0.000764 0.000631 0.000581 0.000563 0.000557 0.000555 0.000554 0.000554 0.000554 0.000554 0.000554 0.000554 0.000554 0.000553 0.000553 0.000552 0.000551 0.000549 0.000544 0.000536 0.000522 0.000501 0.000470 0.000426 0.000368 0.000294 0.000205 0.000106 0.000000 
50.000000 41.000490 32.458510 24.761903 18.176806 12.824698 8.690251 5.652747 3.528812 2.114181 1.215917 0.671631 0.356615 0.182293 0.089967 0.043119 0.020321 0.009670 0.004889 0.002824 0.001966 0.001622 0.001489 0.001439 0.001422 0.001415 0.001413 0.001413 0.001412 0.001412 0.001412 0.001412 0.001412 0.001412 0.001412 0.001411 0.001409 0.001406 0.001399 0.001387 0.001367 0.001333 0.001280 0.001201 0.001090 0.000940 0.000751 0.000525 0.000270 0.000000 
50.000000 41.000863 32.459237 24.762948 18.178124 12.826237 8.691960 5.654581 3.530733 2.116160 1.217933 0.673669 0.358666 0.184351 0.092028 0.045182 0.022385 0.011735 0.006954 0.004889 0.004031 0.003687 0.003554 0.003504 0.003486 0.003480 0.003478 0.003477 0.003477 0.003477 0.003477 0.003477 0.003477 0.003476 0.003475 0.003473 0.003469 0.003461 0.003445 0.003417 0.003368 0.003286 0.003157 0.002964 0.002690 0.002322 0.001856 0.001298 0.000669 0.000000 
50.000000 41.001726 32.460919 24.765369 18.181175 12.829799 8.695917 5.658828 3.535182 2.120743 1.222600 0.678388 0.363414 0.189115 0.096801 0.049959 0.027164 0.016515 0.011735 0.009670 0.008812 0.008468 0.008335 0.008286 0.008268 0.008261 0.008259 0.008259 0.008258 0.008258 0.008258 0.008258 0.008258 0.008257 0.008255 0.008250 0.008241 0.008222 0.008186 0.008120 0.008004 0.007813 0.007510 0.007055 0.006407 0.005536 0.004427 0.003098 0.001597 0.000000 
50.000000 41.003649 32.464666 24.770758 18.187969 12.837733 8.704731 5.668285 3.545090 2.130950 1.232997 0.688899 0.373991 0.199728 0.107434 0.060601 0.037811 0.027164 0.022385 0.020321 0.019463 0.019119 0.018986 0.018936 0.018918 0.018912 0.018910 0.018909 0.018909 0.018909 0.018909 0.018909 0.018908 0.018906 0.018901 0.018891 0.018870 0.018828 0.018748 0.018600 0.018342 0.017910 0.017226 0.016194 0.014720 0.012729 0.010189 0.007135 0.003679 0.000000 
50.000000 41.007763 32.472684 24.782292 18.202508 12.854713 8.723592 5.688528 3.566296 2.152797 1.255249 0.711397 0.396631 0.222446 0.130193 0.083381 0.060601 0.049959 0.045182 0.043119 0.042261 0.041917 0.041784 0.041735 0.041717 0.041711 0.041709 0.041708 0.041708 0.041707 0.041707 0.041706 0.041705 0.041700 0.041691 0.041670 0.041625 0.041536 0.041365 0.041048 0.040492 0.039560 0.038074 0.035824 0.032596 0.028217 0.022609 0.015846 0.008174 0.000000 
50.000000 41.016215 32.489156 24.805987 18.232378 12.889597 8.762346 5.730120 3.609869 2.197688 1.300975 0.757628 0.443153 0.269129 0.176961 0.130193 0.107434 0.096801 0.092028 0.089967 0.089110 0.088766 0.088634 0.088584 0.088566 0.088560 0.088558 0.088557 0.088557 0.088557 0.088556 0.088555 0.088551 0.088542 0.088523 0.088480 0.088391 0.088209 0.087859 0.087210 0.086063 0.084131 0.081035 0.076323 0.069528 0.060263 0.048347 0.033919 0.017509 0.000000 
50.000000 41.032866 32.521609 24.852671 18.291231 12.958332 8.838707 5.812077 3.695735 2.286151 1.391086 0.848735 0.534836 0.361130 0.269129 0.222446 0.199728 0.189115 0.184351 0.182293 0.181438 0.181095 0.180962 0.180913 0.180895 0.180889 0.180887 0.180886 0.180886 0.180885 0.180884 0.180881 0.180874 0.180858 0.180821 0.180739 0.180565 0.180213 0.179528 0.178254 0.175991 0.172157 0.165977 0.156513 0.142781 0.123945 0.099585 0.069955 0.036141 0.000000 
50.000000 41.064296 32.582866 24.940794 18.402327 13.088088 8.982864 5.966804 3.857843 2.453171 1.561219 1.020751 0.707940 0.534836 0.443153 0.396631 0.373991 0.363414 0.358666 0.356615 0.355763 0.355421 0.355289 0.355240 0.355222 0.355216 0.355214 0.355213 0.355212 0.355212 0.355210 0.355205 0.355192 0.355162 0.355094 0.354943 0.354623 0.353970 0.352694 0.350309 0.346045 0.338774 0.326972 0.308767 0.282157 0.245394 0.197530 0.138980 0.071880 0.000000 
50.000000 41.121078 32.693534 25.100002 18.603047 13.322526 9.243332 6.246378 4.150765 2.754972 1.868652 1.331592 1.020751 0.848735 0.757628 0.711397 0.688899 0.678388 0.673669 0.671631 0.670784 0.670445 0.670313 0.670264 0.670247 0.670241 0.670239 0.670238 0.670237 0.670236 0.670232 0.670224 0.670202 0.670151 0.670032 0.669769 0.669207 0.668057 0.665796 0.661542 0.653887 0.640737 0.619215 0.585738 0.536371 0.467568 0.377247 0.265967 0.137750 0.000000 
50.000000 41.219160 32.884701 25.375021 18.949783 13.727523 9.693308 6.729378 4.656837 3.276397 2.399817 1.868652 1.561219 1.391086 1.300975 1.255249 1.232997 1.222600 1.217933 1.215917 1.215079 1.214743 1.214614 1.214565 1.214548 1.214542 1.214539 1.214539 1.214538 1.214535 1.214530 1.214516 1.214481 1.214396 1.214201 1.213766 1.212833 1.210911 1.207110 1.199909 1.186848 1.164221 1.126841 1.068107 0.980578 0.857276 0.693733 0.490391 0.254454 0.000000 
50.000000 41.380992 33.200123 25.828806 19.521916 14.395809 10.435837 7.526421 5.491975 4.136890 3.276397 2.754972 2.453171 2.286151 2.197688 2.152797 2.130950 2.120743 2.116160 2.114181 2.113358 2.113029 2.112901 2.112854 2.112836 2.112830 2.112828 2.112827 2.112826 2.112823 2.112814 2.112793 2.112738 2.112608 2.112304 2.111625 2.110161 2.107126 2.101085 2.089549 2.068445 2.031522 1.969863 1.871824 1.723847 1.512621 1.228784 0.871664 0.453425 0.000000 
50.000000 41.635798 33.696763 26.543315 20.422790 15.448111 11.605074 8.781534 6.807106 5.491975 4.656837 4.150765 3.857843 3.695735 3.609869 3.566296 3.545090 3.535182 3.530733 3.528812 3.528013 3.527693 3.527569 3.527523 3.527507 3.527501 3.527499 3.527497 3.527496 3.527491 3.527479 3.527448 3.527369 3.527179 3.526736 3.525739 3.523577 3.519069 3.510028 3.492616 3.460453 3.403553 3.307336 3.152188 2.914382 2.569319 2.097841 1.495273 0.780556 0.000000 
50.000000 42.018288 34.442280 27.615897 21.775163 17.027841 13.360392 10.665815 8.781534 7.526421 6.729378 6.246378 5.966804 5.812077 5.730120 5.688528 5.668285 5.658828 5.654581 5.652747 5.651984 5.651679 5.651561 5.651516 5.651501 5.651495 5.651493 5.651491 5.651489 5.651483 5.651467 5.651424 5.651318 5.651060 5.650454 5.649085 5.646101 5.639833 5.627163 5.602537 5.556558 5.474198 5.332908 5.101290 4.739602 4.203930 3.456064 2.479907 1.301213 0.000000 
50.000000 42.565203 35.508288 29.149596 23.708973 19.286805 15.870495 13.360392 11.605074 10.435837 9.693308 9.243332 8.982864 8.838707 8.762346 8.723592 8.704731 8.695917 8.691960 8.690251 8.689540 8.689255 8.689145 8.689104 8.689089 8.689084 8.689082 8.689081 8.689078 8.689070 8.689050 8.688997 8.688863 8.688537 8.687769 8.686023 8.682194 8.674097 8.657594 8.625201 8.564012 8.452886 8.259102 7.935248 7.418041 6.632172 5.503692 3.987571 2.108811 0.000000 
50.000000 43.309512 36.959055 31.236886 26.340837 22.361251 19.286805 17.027841 15.448111 14.395809 13.727523 13.322526 13.088088 12.958332 12.889597 12.854713 12.837733 12.829799 12.826237 12.824698 12.824058 12.823802 12.823703 12.823666 12.823652 12.823647 12.823646 12.823644 12.823641 12.823632 12.823608 12.823547 12.823392 12.823013 12.822117 12.820069 12.815551 12.805930 12.786155 12.746945 12.671962 12.533729 12.288239 11.868764 11.180625 10.101077 8.492555 6.242633 3.343856 0.000000 
50.000000 44.272908 38.836866 33.938613 29.747490 26.340837 23.708973 21.775163 20.422790 19.521916 18.949783 18.603047 18.402327 18.291231 18.232378 18.202508 18.187969 18.181175 18.178124 18.176806 18.176258 18.176038 18.175954 18.175922 18.175910 18.175906 18.175904 18.175903 18.175900 18.175890 18.175866 18.175802 18.175639 18.175240 18.174291 18.172115 18.167286 18.156933 18.135479 18.092507 18.009295 17.853471 17.571233 17.076801 16.239760 14.873745 12.737253 9.573594 5.243064 0.000000 
50.000000 45.458120 41.147046 37.262446 33.938613 31.236886 29.149596 27.615897 26.543315 25.828806 25.375021 25.100002 24.940794 24.852671 24.805987 24.782292 24.770758 24.765369 24.762948 24.761903 24.761468 24.761294 24.761226 24.761201 24.761192 24.761189 24.761187 24.761186 24.761183 24.761175 24.761152 24.761092 24.760941 24.760569 24.759683 24.757640 24.753086 24.743264 24.722755 24.681288 24.600022 24.445473 24.159834 23.645904 22.744332 21.201360 18.631223 14.503796 8.276622 0.000000 
50.000000 46.843276 43.846961 41.147046 38.836866 36.959055 35.508288 34.442280 33.696763 33.200123 32.884701 32.693534 32.582866 32.521609 32.489156 32.472684 32.464666 32.460919 32.459237 32.458510 32.458207 32.458086 32.458039 32.458022 32.458016 32.458013 32.458012 32.458011 32.458009 32.458002 32.457985 32.457939 32.457821 32.457531 32.456838 32.455237 32.451654 32.443885 32.427567 32.394310 32.328459 32.201490 31.962372 31.520717 30.716422 29.263272 26.643250 21.923481 13.559572 0.000000 
50.000000 48.380491 46.843276 45.458120 44.272908 43.309512 42.565203 42.018288 41.635798 41.380992 41.219160 41.121078 41.064296 41.032866 41.016215 41.007763 41.003649 41.001726 41.000863 41.000490 41.000335 41.000273 41.000249 41.000240 41.000236 41.000235 41.000235 41.000234 41.000233 41.000229 41.000220 41.000194 41.000130 40.999971 40.999589 40.998706 40.996725 40.992416 40.983328 40.964706 40.927567 40.855241 40.717076 40.456392 39.965657 39.029844 37.181498 33.283703 24.190245 0.000000 
50.000000 50.000000 50.000000 50.000000 50.000000 50.000000 50.000000 50.000000 50.000000 50.000000 50.000000 50.000000 50.000000 50.000000 50.000000 50.000000 50.000000 50.000000 50.000000 50.000000 50.000000 50.000000 50.000000 50.000000 50.000000 50.000000 50.000000 50.000000 50.000000 50.000000 50.000000 50.000000 50.000000 50.000000 50.000000 50.000000 50.000000 50.000000 50.000000 50.000000 50.000000 50.000000 50.000000 50.000000 50.000000 50.000000 50.000000 50.000000 50.000000 50.000000 
