50.000000 50.000000 50.000000 50.000000 50.000000 50.000000 50.000000 50.000000 50.000000 50.000000 50.000000 50.000000 50.000000 50.000000 50.000000 50.000000 50.000000 50.000000 50.000000 50.000000 50.000000 50.000000 50.000000 50.000000 50.000000 50.000000 50.000000 50.000000 50.000000 50.000000 50.000000 50.000000 50.000000 50.000000 50.000000 50.000000 50.000000 50.000000 50.000000 50.000000 50.000000 50.000000 50.000000 50.000000 50.000000 50.000000 50.000000 50.000000 50.000000 50.000000 
50.000000 46.903423 44.107202 41.824591 40.136587 39.002498 38.307883 37.918570 37.718119 37.622931 37.581083 37.563987 37.557474 37.555153 37.554377 37.554133 37.554060 37.554040 37.554034 37.554033 37.554032 37.554032 37.554032 37.554032 37.554032 37.554032 37.554032 37.554032 37.554032 37.554032 37.554032 37.554032 37.554032 37.554031 37.554027 37.554010 37.553953 37.553758 37.553132 37.551212 37.545630 37.530195 37.489546 37.387161 37.138773 36.551404 35.171660 31.861189 23.451712 0.000000 
50.000000 44.107202 38.786038 34.442353 31.230267 29.072302 27.750638 27.009920 26.628557 26.447472 26.367866 26.335347 26.322960 26.318546 26.317069 26.316605 26.316467 26.316428 26.316417 26.316415 26.316414 26.316414 26.316414 26.316414 26.316414 26.316414 26.316414 26.316414 26.316414 26.316414 26.316414 26.316414 26.316413 26.316412 26.316404 26.316378 26.316282 26.315961 26.314929 26.311787 26.302722 26.277925 26.213606 26.055197 25.683836 24.852273 23.067219 19.393019 12.246013 0.000000 
50.000000 41.824591 34.442353 28.416384 23.960470 20.967034 19.133802 18.106458 17.577569 17.326458 17.216078 17.170993 17.153821 17.147703 17.145656 17.145012 17.144821 17.144767 17.144753 17.144750 17.144749 17.144748 17.144748 17.144748 17.144748 17.144748 17.144748 17.144748 17.144748 17.144748 17.144748 17.144748 17.144748 17.144746 17.144738 17.144708 17.144603 17.144249 17.143121 17.139715 17.129989 17.103750 17.036947 16.876593 16.514027 15.743157 14.208192 11.375134 6.652931 0.000000 
50.000000 40.136587 31.230267 23.960470 18.585071 14.974168 12.762957 11.523904 10.886088 10.583290 10.450207 10.395855 10.375156 10.367782 10.365316 10.364540 10.364310 10.364245 10.364228 10.364223 10.364222 10.364222 10.364222 10.364222 10.364222 10.364222 10.364222 10.364222 10.364222 10.364222 10.364222 10.364222 10.364221 10.364220 10.364212 10.364186 10.364094 10.363785 10.362807 10.359881 10.351617 10.329644 10.274747 10.146194 9.864923 9.292536 8.217313 6.377994 3.585184 0.000000 
50.000000 39.002498 29.072302 20.967034 14.974168 10.948735 8.483864 7.102791 6.391936 6.054500 5.906209 5.845654 5.822595 5.814381 5.811635 5.810771 5.810514 5.810442 5.810423 5.810418 5.810417 5.810417 5.810417 5.810417 5.810417 5.810417 5.810417 5.810417 5.810417 5.810417 5.810417 5.810416 5.810416 5.810415 5.810409 5.810390 5.810321 5.810094 5.809378 5.807257 5.801331 5.785793 5.747644 5.660264 5.474368 5.109246 4.453008 3.388467 1.863724 0.000000 
50.000000 38.307883 27.750638 19.133802 12.762957 8.483864 5.863838 4.395940 3.640457 3.281868 3.124296 3.059957 3.035461 3.026735 3.023818 3.022901 3.022628 3.022552 3.022531 3.022526 3.022525 3.022525 3.022525 3.022525 3.022525 3.022525 3.022525 3.022525 3.022525 3.022525 3.022525 3.022525 3.022524 3.022524 3.022520 3.022507 3.022463 3.022317 3.021861 3.020521 3.016816 3.007223 2.984033 2.931919 2.823600 2.616763 2.257208 1.695441 0.920722 0.000000 
50.000000 37.918570 27.009920 18.106458 11.523904 7.102791 4.395940 2.879481 2.099054 1.728650 1.565898 1.499449 1.474151 1.465141 1.462129 1.461182 1.460900 1.460821 1.460800 1.460795 1.460794 1.460794 1.460793 1.460793 1.460793 1.460793 1.460793 1.460793 1.460793 1.460793 1.460793 1.460793 1.460793 1.460793 1.460791 1.460783 1.460758 1.460675 1.460417 1.459665 1.457604 1.452327 1.439740 1.411906 1.355147 1.249157 1.069511 0.796313 0.429024 0.000000 
50.000000 37.718119 26.628557 17.577569 10.886088 6.391936 3.640457 2.099054 1.305822 0.929359 0.763952 0.696422 0.670714 0.661558 0.658498 0.657536 0.657250 0.657170 0.657148 0.657143 0.657142 0.657141 0.657141 0.657141 0.657141 0.657141 0.657141 0.657141 0.657141 0.657141 0.657141 0.657141 0.657141 0.657141 0.657140 0.657136 0.657123 0.657080 0.656949 0.656568 0.655534 0.652911 0.646727 0.633234 0.606144 0.556444 0.473820 0.350632 0.187924 0.000000 
50.000000 37.622931 26.447472 17.326458 10.583290 6.054500 3.281868 1.728650 0.929359 0.550029 0.383368 0.315328 0.289427 0.280202 0.277119 0.276150 0.275862 0.275781 0.275759 0.275754 0.275753 0.275752 0.275752 0.275752 0.275752 0.275752 0.275752 0.275752 0.275752 0.275752 0.275752 0.275752 0.275752 0.275752 0.275752 0.275750 0.275744 0.275724 0.275663 0.275488 0.275014 0.273825 0.271047 0.265052 0.253169 0.231674 0.196469 0.144751 0.077301 0.000000 
50.000000 37.581083 26.367866 17.216078 10.450207 5.906209 3.124296 1.565898 0.763952 0.383368 0.216158 0.147895 0.121910 0.112655 0.109562 0.108590 0.108301 0.108220 0.108198 0.108193 0.108191 0.108191 0.108191 0.108191 0.108191 0.108191 0.108191 0.108191 0.108191 0.108191 0.108191 0.108191 0.108191 0.108191 0.108191 0.108190 0.108187 0.108179 0.108153 0.108079 0.107880 0.107383 0.106233 0.103775 0.098953 0.090326 0.076363 0.056079 0.029871 0.000000 
50.000000 37.563987 26.335347 17.170993 10.395855 5.845654 3.059957 1.499449 0.696422 0.315328 0.147895 0.079542 0.053523 0.044256 0.041159 0.040185 0.039896 0.039815 0.039793 0.039788 0.039786 0.039786 0.039786 0.039786 0.039786 0.039786 0.039786 0.039786 0.039786 0.039786 0.039786 0.039786 0.039786 0.039786 0.039786 0.039786 0.039785 0.039781 0.039771 0.039742 0.039665 0.039473 0.039032 0.038096 0.036275 0.033048 0.027872 0.020419 0.010855 0.000000 
50.000000 37.557474 26.322960 17.153821 10.375156 5.822595 3.035461 1.474151 0.670714 0.289427 0.121910 0.053523 0.027490 0.018219 0.015120 0.014146 0.013857 0.013775 0.013754 0.013748 0.013747 0.013747 0.013747 0.013747 0.013747 0.013747 0.013747 0.013747 0.013747 0.013747 0.013747 0.013747 0.013747 0.013747 0.013747 0.013747 0.013746 0.013745 0.013741 0.013731 0.013703 0.013634 0.013476 0.013144 0.012501 0.011371 0.009572 0.006999 0.003716 0.000000 
50.000000 37.555153 26.318546 17.147703 10.367782 5.814381 3.026735 1.465141 0.661558 0.280202 0.112655 0.044256 0.018219 0.008946 0.005847 0.004873 0.004583 0.004502 0.004480 0.004475 0.004474 0.004473 0.004473 0.004473 0.004473 0.004473 0.004473 0.004473 0.004473 0.004473 0.004473 0.004473 0.004473 0.004473 0.004473 0.004473 0.004473 0.004473 0.004471 0.004468 0.004458 0.004435 0.004382 0.004272 0.004059 0.003688 0.003100 0.002263 0.001200 0.000000 
50.000000 37.554377 26.317069 17.145656 10.365316 5.811635 3.023818 1.462129 0.658498 0.277119 0.109562 0.041159 0.015120 0.005847 0.002748 0.001774 0.001484 0.001403 0.001381 0.001376 0.001375 0.001374 0.001374 0.001374 0.001374 0.001374 0.001374 0.001374 0.001374 0.001374 0.001374 0.001374 0.001374 0.001374 0.001374 0.001374 0.001374 0.001374 0.001374 0.001372 0.001369 0.001362 0.001346 0.001311 0.001245 0.001130 0.000948 0.000692 0.000366 0.000000 
50.000000 37.554133 26.316605 17.145012 10.364540 5.810771 3.022901 1.461182 0.657536 0.276150 0.108590 0.040185 0.014146 0.004873 0.001774 0.000799 0.000509 0.000428 0.000407 0.000401 0.000400 0.000399 0.000399 0.000399 0.000399 0.000399 0.000399 0.000399 0.000399 0.000399 0.000399 0.000399 0.000399 0.000399 0.000399 0.000399 0.000399 0.000399 0.000399 0.000399 0.000398 0.000396 0.000391 0.000381 0.000361 0.000328 0.000275 0.000200 0.000106 0.000000 
50.000000 37.554060 26.316467 17.144821 10.364310 5.810514 3.022628 1.460900 0.657250 0.275862 0.108301 0.039896 0.013857 0.004583 0.001484 0.000509 0.000220 0.000139 0.000117 0.000112 0.000110 0.000110 0.000110 0.000110 0.000110 0.000110 0.000110 0.000110 0.000110 0.000110 0.000110 0.000110 0.000110 0.000110 0.000110 0.000110 0.000110 0.000110 0.000110 0.000110 0.000110 0.000109 0.000108 0.000105 0.000099 0.000090 0.000076 0.000055 0.000029 0.000000 
50.000000 37.554040 26.316428 17.144767 10.364245 5.810442 3.022552 1.460821 0.657170 0.275781 0.108220 0.039815 0.013775 0.004502 0.001403 0.000428 0.000139 0.000058 0.000036 0.000031 0.000029 0.000029 0.000029 0.000029 0.000029 0.000029 0.000029 0.000029 0.000029 0.000029 0.000029 0.000029 0.000029 0.000029 0.000029 0.000029 0.000029 0.000029 0.000029 0.000029 0.000029 0.000029 0.000028 0.000027 0.000026 0.000024 0.000020 0.000014 0.000008 0.000000 
50.000000 37.554034 26.316417 17.144753 10.364228 5.810423 3.022531 1.460800 0.657148 0.275759 0.108198 0.039793 0.013754 0.004480 0.001381 0.000407 0.000117 0.000036 0.000014 0.000009 0.000008 0.000007 0.000007 0.000007 0.000007 0.000007 0.000007 0.000007 0.000007 0.000007 0.000007 0.000007 0.000007 0.000007 0.000007 0.000007 0.000007 0.000007 0.000007 0.000007 0.000007 0.000007 0.000007 0.000007 0.000006 0.000006 0.000005 0.000004 0.000002 0.000000 
50.000000 37.554033 26.316415 17.144750 10.364223 5.810418 3.022526 1.460795 0.657143 0.275754 0.108193 0.039788 0.013748 0.004475 0.001376 0.000401 0.000112 0.000031 0.000009 0.000003 0.000002 0.000002 0.000002 0.000002 0.000002 0.000002 0.000002 0.000002 0.000002 0.000002 0.000002 0.000002 0.000002 0.000002 0.000002 0.000002 0.000002 0.000002 0.000002 0.000002 0.000002 0.000002 0.000002 0.000002 0.000002 0.000001 0.000001 0.000001 0.000000 0.000000 
50.000000 37.554032 26.316414 17.144749 10.364222 5.810417 3.022525 1.460794 0.657142 0.275753 0.108191 0.039786 0.013747 0.004474 0.001375 0.000400 0.000110 0.000029 0.000008 0.000002 0.000001 0.000000 0.000000 0.000000 0.000000 0.000000 0.000000 0.000000 0.000000 0.000000 0.000000 0.000000 0.000000 0.000000 0.000000 0.000000 0.000000 0.000000 0.000000 0.000000 0.000000 0.000000 0.000000 0.000000 0.000000 0.000000 0.000000 0.000000 0.000000 0.000000 
50.000000 37.554032 26.316414 17.144748 10.364222 5.810417 3.022525 1.460794 0.657141 0.275752 0.108191 0.039786 0.013747 0.004473 0.001374 0.000399 0.000110 0.000029 0.000007 0.000002 0.000000 0.000000 0.000000 0.000000 0.000000 0.000000 0.000000 0.000000 0.000000 0.000000 0.000000 0.000000 0.000000 0.000000 0.000000 0.000000 0.000000 0.000000 0.000000 0.000000 0.000000 0.000000 0.000000 0.000000 0.000000 0.000000 0.000000 0.000000 0.000000 0.000000 
50.000000 37.554032 26.316414 17.144748 10.364222 5.810417 3.022525 1.460793 0.657141 0.275752 0.108191 0.039786 0.013747 0.004473 0.001374 0.000399 0.000110 0.000029 0.000007 0.000002 0.000000 0.000000 0.000000 0.000000 0.000000 0.000000 0.000000 0.000000 0.000000 0.000000 0.000000 0.000000 0.000000 0.000000 0.000000 0.000000 0.000000 0.000000 0.000000 0.000000 0.000000 0.000000 0.000000 0.000000 0.000000 0.000000 0.000000 0.000000 0.000000 0.000000 
50.000000 37.554032 26.316414 17.144748 10.364222 5.810417 3.022525 1.460793 0.657141 0.275752 0.108191 0.039786 0.013747 0.004473 0.001374 0.000399 0.000110 0.000029 0.000007 0.000002 0.000000 0.000000 0.000000 0.000000 0.000000 0.000000 0.000000 0.000000 0.000000 0.000000 0.000000 0.000000 0.000000 0.000000 0.000000 0.000000 0.000000 0.000000 0.000000 0.000000 0.000000 0.000000 0.000000 0.000000 0.000000 0.000000 0.000000 0.000000 0.000000 0.000000 
50.000000 37.554032 26.316414 17.144748 10.364222 5.810417 3.022525 1.460793 0.657141 0.275752 0.108191 0.039786 0.013747 0.004473 0.001374 0.000399 0.000110 0.000029 0.000007 0.000002 0.000000 0.000000 0.000000 0.000000 0.000000 0.000000 0.000000 0.000000 0.000000 0.000000 0.000000 0.000000 0.000000 0.000000 0.000000 0.000000 0.000000 0.000000 0.000000 0.000000 0.000000 0.000000 0.000000 0.000000 0.000000 0.000000 0.000000 0.000000 0.000000 0.000000 
50.000000 37.554032 26.316414 17.144748 10.364222 5.810417 3.022525 1.460793 0.657141 0.275752 0.108191 0.039786 0.013747 0.004473 0.001374 0.000399 0.000110 0.000029 0.000007 0.000002 0.000000 0.000000 0.000000 0.000000 0.000000 0.000000 0.000000 0.000000 0.000000 0.000000 0.000000 0.000000 0.000000 0.000000 0.000000 0.000000 0.000000 0.000000 0.000000 0.000000 0.000000 0.000000 0.000000 0.000000 0.000000 0.000000 0.000000 0.000000 0.000000 0.000000 
50.000000 37.554032 26.316414 17.144748 10.364222 5.810417 3.022525 1.460793 0.657141 0.275752 0.108191 0.039786 0.013747 0.004473 0.001374 0.000399 0.000110 0.000029 0.000007 0.000002 0.000000 0.000000 0.000000 0.000000 0.000000 0.000000 0.000000 0.000000 0.000000 0.000000 0.000000 0.000000 0.000000 0.000000 0.000000 0.000000 0.000000 0.000000 0.000000 0.000000 0.000000 0.000000 0.000000 0.000000 0.000000 0.000000 0.000000 0.000000 0.000000 0.000000 
50.000000 37.554032 26.316414 17.144748 10.364222 5.810417 3.022525 1.460793 0.657141 0.275752 0.108191 0.039786 0.013747 0.004473 0.001374 0.000399 0.000110 0.000029 0.000007 0.000002 0.000000 0.000000 0.000000 0.000000 0.000000 0.000000 0.000000 0.000000 0.000000 0.000000 0.000000 0.000000 0.000000 0.000000 0.000000 0.000000 0.000000 0.000000 0.000000 0.000000 0.000000 0.000000 0.000000 0.000000 0.000000 0.000000 0.000000 0.000000 0.000000 0.000000 
50.000000 37.554032 26.316414 17.144748 10.364222 5.810417 3.022525 1.460794 0.657141 0.275752 0.108191 0.039786 0.013747 0.004473 0.001374 0.000399 0.000110 0.000029 0.000007 0.000002 0.000000 0.000000 0.000000 0.000000 0.000000 0.000000 0.000000 0.000000 0.000000 0.000000 0.000000 0.000000 0.000000 0.000000 0.000000 0.000000 0.000000 0.000000 0.000000 0.000000 0.000000 0.000000 0.000000 0.000000 0.000000 0.000000 0.000000 0.000000 0.000000 0.000000 
50.000000 37.554032 26.316414 17.144749 10.364222 5.810417 3.022525 1.460794 0.657142 0.275753 0.108191 0.039786 0.013747 0.004474 0.001375 0.000400 0.000110 0.000029 0.000008 0.000002 0.000001 0.000000 0.000000 0.000000 0.000000 0.000000 0.000000 0.000000 0.000000 0.000000 0.000000 0.000000 0.000000 0.000000 0.000000 0.000000 0.000000 0.000000 0.000000 0.000000 0.000000 0.000000 0.000000 0.000000 0.000000 0.000000 0.000000 0.000000 0.000000 0.000000 
50.000000 37.554033 26.316415 17.144750 10.364223 5.810418 3.022526 1.460795 0.657143 0.275754 0.108193 0.039788 0.013748 0.004475 0.001376 0.000401 0.000112 0.000031 0.000009 0.000003 0.000002 0.000002 0.000002 0.000002 0.000002 0.000002 0.000002 0.000002 0.000002 0.000002 0.000002 0.000002 0.000002 0.000002 0.000002 0.000002 0.000002 0.000002 0.000002 0.000002 0.000002 0.000002 0.000002 0.000002 0.000002 0.000001 0.000001 0.000001 0.000000 0.000000 
50.000000 37.554034 26.316417 17.144753 10.364228 5.810423 3.022531 1.460800 0.657148 0.275759 0.108198 0.039793 0.013754 0.004480 0.001381 0.000407 0.000117 0.000036 0.000014 0.000009 0.000008 0.000007 0.000007 0.000007 0.000007 0.000007 0.000007 0.000007 0.000007 0.000007 0.000007 0.000007 0.000007 0.000007 0.000007 0.000007 0.000007 0.000007 0.000007 0.000007 0.000007 0.000007 0.000007 0.000007 0.000006 0.000006 0.000005 0.000004 0.000002 0.000000 
50.000000 37.554040 26.316428 17.144767 10.364245 5.810442 3.022552 1.460821 0.657170 0.275781 0.108220 0.039815 0.013775 0.004502 0.001403 0.000428 0.000139 0.000058 0.000036 0.000031 0.000029 0.000029 0.000029 0.000029 0.000029 0.000029 0.000029 0.000029 0.000029 0.000029 0.000029 0.000029 0.000029 0.000029 0.000029 0.000029 0.000029 0.000029 0.000029 0.000029 0.000029 0.000029 0.000028 0.000027 0.000026 0.000024 0.000020 0.000014 0.000008 0.000000 
50.000000 37.554060 26.316467 17.144821 10.364310 5.810514 3.022628 1.460900 0.657250 0.275862 0.108301 0.039896 0.013857 0.004583 0.001484 0.000509 0.000220 0.000139 0.000117 0.000112 0.000110 0.000110 0.000110 0.000110 0.000110 0.000110 0.000110 0.000110 0.000110 0.000110 0.000110 0.000110 0.000110 0.000110 0.000110 0.000110 0.000110 0.000110 0.000110 0.000110 0.000110 0.000109 0.000108 0.000105 0.000099 0.000090 0.000076 0.000055 0.000029 0.000000 
50.000000 37.554133 26.316605 17.145012 10.364540 5.810771 3.022901 1.461182 0.657536 0.276150 0.108590 0.040185 0.014146 0.004873 0.001774 0.000799 0.000509 0.000428 0.000407 0.000401 0.000400 0.000399 0.000399 0.000399 0.000399 0.000399 0.000399 0.000399 0.000399 0.000399 0.000399 0.000399 0.000399 0.000399 0.000399 0.000399 0.000399 0.000399 0.000399 0.000399 0.000398 0.000396 0.000391 0.000381 0.000361 0.000328 0.000275 0.000200 0.000106 0.000000 
50.000000 37.554377 26.317069 17.145656 10.365316 5.811635 3.023818 1.462129 0.658498 0.277119 0.109562 0.041159 0.015120 0.005847 0.002748 0.001774 0.001484 0.001403 0.001381 0.001376 0.001375 0.001374 0.001374 0.001374 0.001374 0.001374 0.001374 0.001374 0.001374 0.001374 0.001374 0.001374 0.001374 0.001374 0.001374 0.001374 0.001374 0.001374 0.001374 0.001372 0.001369 0.001362 0.001346 0.001311 0.001245 0.001130 0.000948 0.000692 0.000366 0.000000 
50.000000 37.555153 26.318546 17.147703 10.367782 5.814381 3.026735 1.465141 0.661558 0.280202 0.112655 0.044256 0.018219 0.008946 0.005847 0.004873 0.004583 0.004502 0.004480 0.004475 0.004474 0.004473 0.004473 0.004473 0.004473 0.004473 0.004473 0.004473 0.004473 0.004473 0.004473 0.004473 0.004473 0.004473 0.004473 0.004473 0.004473 0.004473 0.004471 0.004468 0.004458 0.004435 0.004382 0.004272 0.004059 0.003688 0.003100 0.002263 0.001200 0.000000 
50.000000 37.557474 26.322960 17.153821 10.375156 5.822595 3.035461 1.474151 0.670714 0.289427 0.121910 0.053523 0.027490 0.018219 0.015120 0.014146 0.013857 0.013775 0.013754 0.013748 0.013747 0.013747 0.013747 0.013747 0.013747 0.013747 0.013747 0.013747 0.013747 0.013747 0.013747 0.013747 0.013747 0.013747 0.013747 0.013747 0.013746 0.013745 0.013741 0.013731 0.013703 0.013634 0.013476 0.013144 0.012501 0.011371 0.009572 0.006999 0.003716 0.000000 
50.000000 37.563987 26.335347 17.170993 10.395855 5.845654 3.059957 1.499449 0.696422 0.315328 0.147895 0.079542 0.053523 0.044256 0.041159 0.040185 0.039896 0.039815 0.039793 0.039788 0.039786 0.039786 0.039786 0.039786 0.039786 0.039786 0.039786 0.039786 0.039786 0.039786 0.039786 0.039786 0.039786 0.039786 0.039786 0.039786 0.039785 0.039781 0.039771 0.039742 0.039665 0.039473 0.039032 0.038096 0.036275 0.033048 0.027872 0.020419 0.010855 0.000000 
50.000000 37.581083 26.367866 17.216078 10.450207 5.906209 3.124296 1.565898 0.763952 0.383368 0.216158 0.147895 0.121910 0.112655 0.109562 0.108590 0.108301 0.108220 0.108198 0.108193 0.108191 0.108191 0.108191 0.108191 0.108191 0.108191 0.108191 0.108191 0.108191 0.108191 0.108191 0.108191 0.108191 0.108191 0.108191 0.108190 0.108187 0.108179 0.108153 0.108079 0.107880 0.107383 0.106233 0.103775 0.098953 0.090326 0.076363 0.056079 0.029871 0.000000 
50.000000 37.622931 26.447472 17.326458 10.583290 6.054500 3.281868 1.728650 0.929359 0.550029 0.383368 0.315328 0.289427 0.280202 0.277119 0.276150 0.275862 0.275781 0.275759 0.275754 0.275753 0.275752 0.275752 0.275752 0.275752 0.275752 0.275752 0.275752 0.275752 0.275752 0.275752 0.275752 0.275752 0.275752 0.275752 0.275750 0.275744 0.275724 0.275663 0.275488 0.275014 0.273825 0.271047 0.265052 0.253169 0.231674 0.196469 0.144751 0.077301 0.000000 
50.000000 37.718119 26.628557 17.577569 10.886088 6.391936 3.640457 2.099054 1.305822 0.929359 0.763952 0.696422 0.670714 0.661558 0.658498 0.657536 0.657250 0.657170 0.657148 0.657143 0.657142 0.657141 0.657141 0.657141 0.657141 0.657141 0.657141 0.657141 0.657141 0.657141 0.657141 0.657141 0.657141 0.657141 0.657140 0.657136 0.657123 0.657080 0.656949 0.656568 0.655534 0.652911 0.646727 0.633234 0.606144 0.556444 0.473820 0.350632 0.187924 0.000000 
50.000000 37.918570 27.009920 18.106458 11.523904 7.102791 4.395940 2.879481 2.099054 1.728650 1.565898 1.499449 1.474151 1.465141 1.462129 1.461182 1.460900 1.460821 1.460800 1.460795 1.460794 1.460794 1.460793 1.460793 1.460793 1.460793 1.460793 1.460793 1.460793 1.460793 1.460793 1.460793 1.460793 1.460793 1.460791 1.460783 1.460758 1.460675 1.460417 1.459665 1.457604 1.452327 1.439740 1.411906 1.355147 1.249157 1.069511 0.796313 0.429024 0.000000 
50.000000 38.307883 27.750638 19.133802 12.762957 8.483864 5.863838 4.395940 3.640457 3.281868 3.124296 3.059957 3.035461 3.026735 3.023818 3.022901 3.022628 3.022552 3.022531 3.022526 3.022525 3.022525 3.022525 3.022525 3.022525 3.022525 3.022525 3.022525 3.022525 3.022525 3.022525 3.022525 3.022524 3.022524 3.022520 3.022507 3.022463 3.022317 3.021861 3.020521 3.016816 3.007223 2.984033 2.931919 2.823600 2.616763 2.257208 1.695441 0.920722 0.000000 
50.000000 39.002498 29.072302 20.967034 14.974168 10.948735 8.483864 7.102791 6.391936 6.054500 5.906209 5.845654 5.822595 5.814381 5.811635 5.810771 5.810514 5.810442 5.810423 5.810418 5.810417 5.810417 5.810417 5.810417 5.810417 5.810417 5.810417 5.810417 5.810417 5.810417 5.810417 5.810416 5.810416 5.810415 5.810409 5.810390 5.810321 5.810094 5.809378 5.807257 5.801331 5.785793 5.747644 5.660264 5.474368 5.109246 4.453008 3.388467 1.863724 0.000000 
50.000000 40.136587 31.230267 23.960470 18.585071 14.974168 12.762957 11.523904 10.886088 10.583290 10.450207 10.395855 10.375156 10.367782 10.365316 10.364540 10.364310 10.364245 10.364228 10.364223 10.364222 10.364222 10.364222 10.364222 10.364222 10.364222 10.364222 10.364222 10.364222 10.364222 10.364222 10.364222 10.364221 10.364220 10.364212 10.364186 10.364094 10.363785 10.362807 10.359881 10.351617 10.329644 10.274747 10.146194 9.864923 9.292536 8.217313 6.377994 3.585184 0.000000 
50.000000 41.824591 34.442353 28.416384 23.960470 20.967034 19.133802 18.106458 17.577569 17.326458 17.216078 17.170993 17.153821 17.147703 17.145656 17.145012 17.144821 17.144767 17.144753 17.144750 17.144749 17.144748 17.144748 17.144748 17.144748 17.144748 17.144748 17.144748 17.144748 17.144748 17.144748 17.144748 17.144748 17.144746 17.144738 17.144708 17.144603 17.144249 17.143121 17.139715 17.129989 17.103750 17.036947 16.876593 16.514027 15.743157 14.208192 11.375134 6.652931 0.000000 
50.000000 44.107202 38.786038 34.442353 31.230267 29.072302 27.750638 27.009920 26.628557 26.447472 26.367866 26.335347 26.322960 26.318546 26.317069 26.316605 26.316467 26.316428 26.316417 26.316415 26.316414 26.316414 26.316414 26.316414 26.316414 26.316414 26.316414 26.316414 26.316414 26.316414 26.316414 26.316414 26.316413 26.316412 26.316404 26.316378 26.316282 26.315961 26.314929 26.311787 26.302722 26.277925 26.213606 26.055197 25.683836 24.852273 23.067219 19.393019 12.246013 0.000000 
50.000000 46.903423 44.107202 41.824591 40.136587 39.002498 38.307883 37.918570 37.718119 37.622931 37.581083 37.563987 37.557474 37.555153 37.554377 37.554133 37.554060 37.554040 37.554034 37.554033 37.554032 37.554032 37.554032 37.554032 37.554032 37.554032 37.554032 37.554032 37.554032 37.554032 37.554032 37.554032 37.554032 37.554031 37.554027 37.554010 37.553953 37.553758 37.553132 37.551212 37.545630 37.530195 37.489546 37.387161 37.138773 36.551404 35.171660 31.861189 23.451712 0.000000 
50.000000 50.000000 50.000000 50.000000 50.000000 50.000000 50.000000 50.000000 50.000000 50.000000 50.000000 50.000000 50.000000 50.000000 50.000000 50.000000 50.000000 50.000000 50.000000 50.000000 50.000000 50.000000 50.000000 50.000000 50.000000 50.000000 50.000000 50.000000 50.000000 50.000000 50.000000 50.000000 50.000000 50.000000 50.000000 50.000000 50.000000 50.000000 50.000000 50.000000 50.000000 50.000000 50.000000 50.000000 50.000000 50.000000 50.000000 50.000000 50.000000 50.000000 
