50.000000 50.000000 50.000000 50.000000 50.000000 50.000000 50.000000 50.000000 50.000000 50.000000 50.000000 50.000000 50.000000 50.000000 50.000000 50.000000 50.000000 50.000000 50.000000 50.000000 50.000000 50.000000 50.000000 50.000000 50.000000 50.000000 50.000000 50.000000 50.000000 50.000000 50.000000 50.000000 50.000000 50.000000 50.000000 50.000000 50.000000 50.000000 50.000000 50.000000 50.000000 50.000000 50.000000 50.000000 50.000000 50.000000 50.000000 50.000000 50.000000 50.000000 
50.000000 48.373874 46.830715 45.440808 44.252301 43.287054 42.542103 41.995400 41.613608 41.359677 41.198687 41.101304 41.045045 41.013973 40.997550 40.989235 40.985197 40.983316 40.982473 40.982110 40.981960 40.981899 40.981876 40.981868 40.981865 40.981863 40.981863 40.981862 40.981861 40.981858 40.981848 40.981824 40.981761 40.981606 40.981233 40.980367 40.978419 40.974174 40.965201 40.946779 40.909970 40.838163 40.700777 40.441209 39.951992 39.018146 37.172220 33.277255 24.186937 0.000000 
50.000000 46.830715 43.823135 41.114247 38.797892 36.916673 35.464808 34.399328 33.655250 33.160369 32.846622 32.656838 32.547199 32.486647 32.454643 32.438439 32.430572 32.426905 32.425263 32.424556 32.424262 32.424145 32.424100 32.424083 32.424077 32.424075 32.424074 32.424073 32.424071 32.424065 32.424048 32.424003 32.423888 32.423606 32.422928 32.421359 32.417838 32.410187 32.394082 32.361194 32.295951 32.169941 31.932263 31.492668 30.691179 29.241662 26.626110 21.911567 13.553460 0.000000 
50.000000 45.440808 41.114247 37.217388 33.885227 31.179049 29.090529 27.557847 26.487514 25.775654 25.324354 25.051371 24.893671 24.806576 24.760545 24.737240 24.725925 24.720652 24.718290 24.717273 24.716851 24.716683 24.716618 24.716594 24.716585 24.716582 24.716580 24.716579 24.716576 24.716568 24.716546 24.716489 24.716342 24.715979 24.715113 24.713112 24.708640 24.698972 24.678743 24.637761 24.557294 24.404006 24.120259 23.609037 22.711152 21.172955 18.608694 14.488137 8.268588 0.000000 
50.000000 44.252301 38.797892 33.885227 29.684497 26.272957 23.640105 21.707989 20.358741 19.461397 18.892520 18.548425 18.349649 18.239873 18.181856 18.152483 18.138222 18.131577 18.128601 18.127319 18.126787 18.126575 18.126493 18.126463 18.126452 18.126448 18.126446 18.126445 18.126442 18.126433 18.126409 18.126347 18.126189 18.125800 18.124874 18.122743 18.118005 18.107824 18.086680 18.044245 17.961919 17.807492 17.527352 17.035922 16.202969 14.842248 12.712272 9.556230 5.234155 0.000000 
50.000000 43.287054 36.916673 31.179049 26.272957 22.288623 19.213764 16.957323 15.381624 14.333700 13.669378 13.267562 13.035450 12.907268 12.839525 12.805230 12.788580 12.780821 12.777347 12.775851 12.775230 12.774982 12.774887 12.774851 12.774838 12.774834 12.774832 12.774831 12.774827 12.774819 12.774796 12.774737 12.774587 12.774218 12.773344 12.771341 12.766913 12.757461 12.737993 12.699312 12.625202 12.488348 12.244928 11.828415 11.144311 10.069988 8.467897 6.225494 3.335062 0.000000 
50.000000 42.542103 35.464808 29.090529 23.640105 19.213764 15.797847 13.291173 11.540771 10.376689 9.638749 9.192420 8.934601 8.792228 8.716988 8.678899 8.660408 8.651791 8.647933 8.646271 8.645582 8.645307 8.645201 8.645162 8.645147 8.645142 8.645140 8.645139 8.645136 8.645129 8.645109 8.645058 8.644928 8.644611 8.643863 8.642158 8.638410 8.630465 8.614237 8.582321 8.521919 8.412032 8.220111 7.898923 7.385349 6.604182 5.481493 3.972140 2.100894 0.000000 
50.000000 41.995400 34.399328 27.557847 21.707989 16.957323 13.291173 10.600922 8.722367 7.473088 6.681161 6.202191 5.925527 5.772751 5.692017 5.651148 5.631308 5.622063 5.617924 5.616141 5.615402 5.615107 5.614993 5.614951 5.614936 5.614930 5.614928 5.614927 5.614925 5.614919 5.614903 5.614862 5.614759 5.614509 5.613920 5.612585 5.609667 5.603525 5.591085 5.566855 5.521530 5.440201 5.300461 5.071062 4.712395 4.180637 3.437588 2.467065 1.294624 0.000000 
50.000000 41.613608 33.655250 26.487514 20.358741 15.381624 11.540771 8.722367 6.754363 5.445626 4.616027 4.114285 3.824475 3.664444 3.579879 3.537072 3.516292 3.506609 3.502274 3.500407 3.499633 3.499324 3.499205 3.499161 3.499145 3.499139 3.499137 3.499136 3.499134 3.499130 3.499118 3.499088 3.499012 3.498828 3.498398 3.497427 3.495317 3.490907 3.482044 3.464938 3.433282 3.377182 3.282166 3.128739 2.893276 2.551249 2.083508 1.485310 0.775445 0.000000 
50.000000 41.359677 33.160369 25.775654 19.461397 14.333700 10.376689 7.473088 5.445626 4.097371 3.242739 2.725868 2.427327 2.262479 2.175370 2.131276 2.109872 2.099899 2.095434 2.093512 2.092715 2.092396 2.092274 2.092228 2.092212 2.092206 2.092204 2.092203 2.092201 2.092198 2.092190 2.092169 2.092117 2.091991 2.091697 2.091037 2.089610 2.086646 2.080734 2.069421 2.048686 2.012344 1.951558 1.854770 1.708497 1.499479 1.218359 0.864417 0.449707 0.000000 
50.000000 41.198687 32.846622 25.324354 18.892520 13.669378 9.638749 6.681161 4.616027 3.242739 2.372253 1.845802 1.541733 1.373835 1.285117 1.240209 1.218411 1.208255 1.203708 1.201750 1.200938 1.200614 1.200489 1.200442 1.200426 1.200420 1.200418 1.200417 1.200416 1.200414 1.200409 1.200395 1.200361 1.200280 1.200091 1.199669 1.198761 1.196888 1.193176 1.186127 1.173318 1.151088 1.114306 1.056429 0.970066 0.848275 0.686593 0.485428 0.251908 0.000000 
50.000000 41.101304 32.656838 25.051371 18.548425 13.267562 9.192420 6.202191 4.114285 2.725868 1.845802 1.313564 1.006156 0.836418 0.746728 0.701329 0.679293 0.669026 0.664429 0.662450 0.661629 0.661302 0.661175 0.661128 0.661112 0.661106 0.661104 0.661103 0.661102 0.661101 0.661098 0.661089 0.661069 0.661019 0.660905 0.660650 0.660105 0.658986 0.656782 0.652627 0.645134 0.632241 0.611106 0.578182 0.529570 0.461744 0.372627 0.262756 0.136103 0.000000 
50.000000 41.045045 32.547199 24.893671 18.349649 13.035450 8.934601 5.925527 3.824475 2.427327 1.541733 1.006156 0.696822 0.526022 0.435773 0.390091 0.367918 0.357587 0.352962 0.350970 0.350145 0.349815 0.349688 0.349641 0.349624 0.349618 0.349616 0.349615 0.349614 0.349614 0.349612 0.349607 0.349595 0.349567 0.349501 0.349355 0.349045 0.348411 0.347170 0.344845 0.340680 0.333568 0.322002 0.304137 0.277989 0.241825 0.194699 0.137012 0.070870 0.000000 
50.000000 41.013973 32.486647 24.806576 18.239873 12.907268 8.792228 5.772751 3.664444 2.262479 1.373835 0.836418 0.526022 0.354638 0.264080 0.218242 0.195993 0.185627 0.180986 0.178988 0.178160 0.177829 0.177701 0.177654 0.177637 0.177631 0.177629 0.177628 0.177628 0.177627 0.177626 0.177624 0.177617 0.177602 0.177566 0.177487 0.177319 0.176978 0.176313 0.175074 0.172869 0.169127 0.163084 0.153818 0.140354 0.121867 0.097936 0.068809 0.035553 0.000000 
50.000000 40.997550 32.454643 24.760545 18.181856 12.839525 8.716988 5.692017 3.579879 2.175370 1.285117 0.746728 0.435773 0.264080 0.173359 0.127439 0.105151 0.094766 0.090117 0.088115 0.087285 0.086954 0.086826 0.086779 0.086762 0.086756 0.086754 0.086753 0.086753 0.086753 0.086752 0.086751 0.086747 0.086739 0.086720 0.086679 0.086593 0.086418 0.086078 0.085449 0.084334 0.082452 0.079432 0.074830 0.068184 0.059113 0.047434 0.033284 0.017183 0.000000 
50.000000 40.989235 32.438439 24.737240 18.152483 12.805230 8.678899 5.651148 3.537072 2.131276 1.240209 0.701329 0.390091 0.218242 0.127439 0.081478 0.059169 0.048775 0.044122 0.042119 0.041288 0.040956 0.040829 0.040781 0.040764 0.040758 0.040756 0.040755 0.040755 0.040755 0.040755 0.040754 0.040752 0.040748 0.040739 0.040719 0.040676 0.040590 0.040425 0.040119 0.039579 0.038674 0.037228 0.035035 0.031886 0.027609 0.022127 0.015511 0.008002 0.000000 
50.000000 40.985197 32.430572 24.725925 18.138222 12.788580 8.660408 5.631308 3.516292 2.109872 1.218411 0.679293 0.367918 0.195993 0.105151 0.059169 0.036851 0.026453 0.021797 0.019793 0.018962 0.018630 0.018502 0.018455 0.018438 0.018432 0.018430 0.018429 0.018429 0.018429 0.018429 0.018428 0.018427 0.018426 0.018421 0.018412 0.018392 0.018351 0.018274 0.018131 0.017881 0.017463 0.016799 0.015796 0.014362 0.012423 0.009946 0.006966 0.003592 0.000000 
50.000000 40.983316 32.426905 24.720652 18.131577 12.780821 8.651791 5.622063 3.506609 2.099899 1.208255 0.669026 0.357587 0.185627 0.094766 0.048775 0.026453 0.016052 0.011396 0.009391 0.008560 0.008228 0.008100 0.008053 0.008036 0.008030 0.008028 0.008027 0.008027 0.008027 0.008027 0.008026 0.008026 0.008025 0.008023 0.008019 0.008010 0.007992 0.007957 0.007893 0.007782 0.007597 0.007304 0.006863 0.006234 0.005388 0.004310 0.003017 0.001555 0.000000 
50.000000 40.982473 32.425263 24.718290 18.128601 12.777347 8.647933 5.617924 3.502274 2.095434 1.203708 0.664429 0.352962 0.180986 0.090117 0.044122 0.021797 0.011396 0.006740 0.004735 0.003903 0.003571 0.003443 0.003396 0.003379 0.003373 0.003371 0.003370 0.003370 0.003370 0.003370 0.003370 0.003370 0.003369 0.003368 0.003366 0.003363 0.003355 0.003340 0.003313 0.003265 0.003186 0.003062 0.002875 0.002610 0.002254 0.001802 0.001260 0.000649 0.000000 
50.000000 40.982110 32.424556 24.717273 18.127319 12.775851 8.646271 5.616141 3.500407 2.093512 1.201750 0.662450 0.350970 0.178988 0.088115 0.042119 0.019793 0.009391 0.004735 0.002729 0.001898 0.001566 0.001438 0.001391 0.001374 0.001368 0.001366 0.001365 0.001365 0.001365 0.001365 0.001365 0.001365 0.001364 0.001364 0.001363 0.001362 0.001358 0.001352 0.001341 0.001321 0.001289 0.001238 0.001162 0.001054 0.000910 0.000727 0.000508 0.000262 0.000000 
50.000000 40.981960 32.424262 24.716851 18.126787 12.775230 8.645582 5.615402 3.499633 2.092715 1.200938 0.661630 0.350145 0.178160 0.087285 0.041288 0.018962 0.008560 0.003903 0.001898 0.001067 0.000735 0.000607 0.000560 0.000542 0.000537 0.000535 0.000534 0.000534 0.000534 0.000534 0.000534 0.000534 0.000533 0.000533 0.000533 0.000532 0.000531 0.000529 0.000524 0.000516 0.000504 0.000483 0.000454 0.000411 0.000355 0.000283 0.000198 0.000102 0.000000 
50.000000 40.981900 32.424145 24.716683 18.126575 12.774982 8.645307 5.615107 3.499324 2.092396 1.200614 0.661302 0.349815 0.177829 0.086954 0.040956 0.018630 0.008228 0.003571 0.001566 0.000735 0.000403 0.000275 0.000228 0.000210 0.000205 0.000203 0.000202 0.000202 0.000202 0.000202 0.000202 0.000202 0.000202 0.000201 0.000201 0.000201 0.000201 0.000200 0.000198 0.000195 0.000190 0.000182 0.000171 0.000155 0.000134 0.000107 0.000075 0.000038 0.000000 
50.000000 40.981876 32.424100 24.716618 18.126493 12.774887 8.645201 5.614993 3.499205 2.092274 1.200489 0.661176 0.349688 0.177702 0.086827 0.040829 0.018503 0.008101 0.003444 0.001439 0.000607 0.000275 0.000147 0.000100 0.000083 0.000077 0.000075 0.000074 0.000074 0.000074 0.000074 0.000074 0.000074 0.000074 0.000074 0.000074 0.000074 0.000074 0.000073 0.000073 0.000071 0.000070 0.000067 0.000063 0.000057 0.000049 0.000039 0.000027 0.000014 0.000000 
50.000000 40.981868 32.424084 24.716594 18.126463 12.774852 8.645162 5.614952 3.499162 2.092229 1.200443 0.661129 0.349642 0.177655 0.086780 0.040782 0.018456 0.008054 0.003397 0.001392 0.000560 0.000228 0.000101 0.000053 0.000036 0.000030 0.000028 0.000027 0.000027 0.000027 0.000027 0.000027 0.000027 0.000027 0.000027 0.000027 0.000027 0.000027 0.000027 0.000026 0.000026 0.000025 0.000024 0.000023 0.000021 0.000018 0.000014 0.000010 0.000005 0.000000 
50.000000 40.981865 32.424078 24.716587 18.126454 12.774841 8.645150 5.614938 3.499148 2.092214 1.200429 0.661114 0.349627 0.177640 0.086765 0.040767 0.018441 0.008039 0.003382 0.001377 0.000545 0.000213 0.000085 0.000038 0.000021 0.000015 0.000013 0.000012 0.000012 0.000012 0.000012 0.000012 0.000012 0.000012 0.000012 0.000012 0.000012 0.000012 0.000012 0.000012 0.000011 0.000011 0.000011 0.000010 0.000009 0.000008 0.000006 0.000004 0.000002 0.000000 
50.000000 40.981865 32.424078 24.716587 18.126454 12.774841 8.645150 5.614938 3.499148 2.092214 1.200429 0.661114 0.349627 0.177640 0.086765 0.040767 0.018441 0.008039 0.003382 0.001377 0.000545 0.000213 0.000085 0.000038 0.000021 0.000015 0.000013 0.000012 0.000012 0.000012 0.000012 0.000012 0.000012 0.000012 0.000012 0.000012 0.000012 0.000012 0.000012 0.000012 0.000011 0.000011 0.000011 0.000010 0.000009 0.000008 0.000006 0.000004 0.000002 0.000000 
50.000000 40.981868 32.424084 24.716594 18.126463 12.774852 8.645162 5.614952 3.499162 2.092229 1.200443 0.661129 0.349642 0.177655 0.086780 0.040782 0.018456 0.008054 0.003397 0.001392 0.000560 0.000228 0.000101 0.000053 0.000036 0.000030 0.000028 0.000027 0.000027 0.000027 0.000027 0.000027 0.000027 0.000027 0.000027 0.000027 0.000027 0.000027 0.000027 0.000026 0.000026 0.000025 0.000024 0.000023 0.000021 0.000018 0.000014 0.000010 0.000005 0.000000 
50.000000 40.981876 32.424100 24.716618 18.126493 12.774887 8.645201 5.614993 3.499205 2.092274 1.200489 0.661176 0.349688 0.177702 0.086827 0.040829 0.018503 0.008101 0.003444 0.001439 0.000607 0.000275 0.000147 0.000100 0.000083 0.000077 0.000075 0.000074 0.000074 0.000074 0.000074 0.000074 0.000074 0.000074 0.000074 0.000074 0.000074 0.000074 0.000073 0.000073 0.000071 0.000070 0.000067 0.000063 0.000057 0.000049 0.000039 0.000027 0.000014 0.000000 
50.000000 40.981900 32.424145 24.716683 18.126575 12.774982 8.645307 5.615107 3.499324 2.092396 1.200614 0.661302 0.349815 0.177829 0.086954 0.040956 0.018630 0.008228 0.003571 0.001566 0.000735 0.000403 0.000275 0.000228 0.000210 0.000205 0.000203 0.000202 0.000202 0.000202 0.000202 0.000202 0.000202 0.000202 0.000201 0.000201 0.000201 0.000201 0.000200 0.000198 0.000195 0.000190 0.000182 0.000171 0.000155 0.000134 0.000107 0.000075 0.000038 0.000000 
50.000000 40.981960 32.424262 24.716851 18.126787 12.775230 8.645582 5.615402 3.499633 2.092715 1.200938 0.661630 0.350145 0.178160 0.087285 0.041288 0.018962 0.008560 0.003903 0.001898 0.001067 0.000735 0.000607 0.000560 0.000542 0.000537 0.000535 0.000534 0.000534 0.000534 0.000534 0.000534 0.000534 0.000533 0.000533 0.000533 0.000532 0.000531 0.000529 0.000524 0.000516 0.000504 0.000483 0.000454 0.000411 0.000355 0.000283 0.000198 0.000102 0.000000 
50.000000 40.982110 32.424556 24.717273 18.127319 12.775851 8.646271 5.616141 3.500407 2.093512 1.201750 0.662450 0.350970 0.178988 0.088115 0.042119 0.019793 0.009391 0.004735 0.002729 0.001898 0.001566 0.001438 0.001391 0.001374 0.001368 0.001366 0.001365 0.001365 0.001365 0.001365 0.001365 0.001365 0.001364 0.001364 0.001363 0.001362 0.001358 0.001352 0.001341 0.001321 0.001289 0.001238 0.001162 0.001054 0.000910 0.000727 0.000508 0.000262 0.000000 
50.000000 40.982473 32.425263 24.718290 18.128601 12.777347 8.647933 5.617924 3.502274 2.095434 1.203708 0.664429 0.352962 0.180986 0.090117 0.044122 0.021797 0.011396 0.006740 0.004735 0.003903 0.003571 0.003443 0.003396 0.003379 0.003373 0.003371 0.003370 0.003370 0.003370 0.003370 0.003370 0.003370 0.003369 0.003368 0.003366 0.003363 0.003355 0.003340 0.003313 0.003265 0.003186 0.003062 0.002875 0.002610 0.002254 0.001802 0.001260 0.000649 0.000000 
50.000000 40.983316 32.426905 24.720652 18.131577 12.780821 8.651791 5.622063 3.506609 2.099899 1.208255 0.669026 0.357587 0.185627 0.094766 0.048775 0.026453 0.016052 0.011396 0.009391 0.008560 0.008228 0.008100 0.008053 0.008036 0.008030 0.008028 0.008027 0.008027 0.008027 0.008027 0.008026 0.008026 0.008025 0.008023 0.008019 0.008010 0.007992 0.007957 0.007893 0.007782 0.007597 0.007304 0.006863 0.006234 0.005388 0.004310 0.003017 0.001555 0.000000 
50.000000 40.985197 32.430572 24.725925 18.138222 12.788580 8.660408 5.631308 3.516292 2.109872 1.218411 0.679293 0.367918 0.195993 0.105151 0.059169 0.036851 0.026453 0.021797 0.019793 0.018962 0.018630 0.018502 0.018455 0.018438 0.018432 0.018430 0.018429 0.018429 0.018429 0.018429 0.018428 0.018427 0.018426 0.018421 0.018412 0.018392 0.018351 0.018274 0.018131 0.017881 0.017463 0.016799 0.015796 0.014362 0.012423 0.009946 0.006966 0.003592 0.000000 
50.000000 40.989235 32.438439 24.737240 18.152483 12.805230 8.678899 5.651148 3.537072 2.131276 1.240209 0.701329 0.390091 0.218242 0.127439 0.081478 0.059169 0.048775 0.044122 0.042119 0.041288 0.040956 0.040829 0.040781 0.040764 0.040758 0.040756 0.040755 0.040755 0.040755 0.040755 0.040754 0.040752 0.040748 0.040739 0.040719 0.040676 0.040590 0.040425 0.040119 0.039579 0.038674 0.037228 0.035035 0.031886 0.027609 0.022127 0.015511 0.008002 0.000000 
50.000000 40.997550 32.454643 24.760545 18.181856 12.839525 8.716988 5.692017 3.579879 2.175370 1.285117 0.746728 0.435773 0.264080 0.173359 0.127439 0.105151 0.094766 0.090117 0.088115 0.087285 0.086954 0.086826 0.086779 0.086762 0.086756 0.086754 0.086753 0.086753 0.086753 0.086752 0.086751 0.086747 0.086739 0.086720 0.086679 0.086593 0.086418 0.086078 0.085449 0.084334 0.082452 0.079432 0.074830 0.068184 0.059113 0.047434 0.033284 0.017183 0.000000 
50.000000 41.013973 32.486647 24.806576 18.239873 12.907268 8.792228 5.772751 3.664444 2.262479 1.373835 0.836418 0.526022 0.354638 0.264080 0.218242 0.195993 0.185627 0.180986 0.178988 0.178160 0.177829 0.177701 0.177654 0.177637 0.177631 0.177629 0.177628 0.177628 0.177627 0.177626 0.177624 0.177617 0.177602 0.177566 0.177487 0.177319 0.176978 0.176313 0.175074 0.172869 0.169127 0.163084 0.153818 0.140354 0.121867 0.097936 0.068809 0.035553 0.000000 
50.000000 41.045045 32.547199 24.893671 18.349649 13.035450 8.934601 5.925527 3.824475 2.427327 1.541733 1.006156 0.696822 0.526022 0.435773 0.390091 0.367918 0.357587 0.352962 0.350970 0.350145 0.349815 0.349688 0.349641 0.349624 0.349618 0.349616 0.349615 0.349614 0.349614 0.349612 0.349607 0.349595 0.349567 0.349501 0.349355 0.349045 0.348411 0.347170 0.344845 0.340680 0.333568 0.322002 0.304137 0.277989 0.241825 0.194699 0.137012 0.070870 0.000000 
50.000000 41.101304 32.656838 25.051371 18.548425 13.267562 9.192420 6.202191 4.114285 2.725868 1.845802 1.313564 1.006156 0.836418 0.746728 0.701329 0.679293 0.669026 0.664429 0.662450 0.661629 0.661302 0.661175 0.661128 0.661112 0.661106 0.661104 0.661103 0.661102 0.661101 0.661098 0.661089 0.661069 0.661019 0.660905 0.660650 0.660105 0.658986 0.656782 0.652627 0.645134 0.632241 0.611106 0.578182 0.529570 0.461744 0.372627 0.262756 0.136103 0.000000 
50.000000 41.198687 32.846622 25.324354 18.892520 13.669378 9.638749 6.681161 4.616027 3.242739 2.372253 1.845802 1.541733 1.373835 1.285117 1.240209 1.218411 1.208255 1.203708 1.201750 1.200938 1.200614 1.200489 1.200442 1.200426 1.200420 1.200418 1.200417 1.200416 1.200414 1.200409 1.200395 1.200361 1.200280 1.200091 1.199669 1.198761 1.196888 1.193176 1.186127 1.173318 1.151088 1.114306 1.056429 0.970066 0.848275 0.686593 0.485428 0.251908 0.000000 
50.000000 41.359677 33.160369 25.775654 19.461397 14.333700 10.376689 7.473088 5.445626 4.097371 3.242739 2.725868 2.427327 2.262479 2.175370 2.131276 2.109872 2.099899 2.095434 2.093512 2.092715 2.092396 2.092274 2.092228 2.092212 2.092206 2.092204 2.092203 2.092201 2.092198 2.092190 2.092169 2.092117 2.091991 2.091697 2.091037 2.089610 2.086646 2.080734 2.069421 2.048686 2.012344 1.951558 1.854770 1.708497 1.499479 1.218359 0.864417 0.449707 0.000000 
50.000000 41.613608 33.655250 26.487514 20.358741 15.381624 11.540771 8.722367 6.754363 5.445626 4.616027 4.114285 3.824475 3.664444 3.579879 3.537072 3.516292 3.506609 3.502274 3.500407 3.499633 3.499324 3.499205 3.499161 3.499145 3.499139 3.499137 3.499136 3.499134 3.499130 3.499118 3.499088 3.499012 3.498828 3.498398 3.497427 3.495317 3.490907 3.482044 3.464938 3.433282 3.377182 3.282166 3.128739 2.893276 2.551249 2.083508 1.485310 0.775445 0.000000 
50.000000 41.995400 34.399328 27.557847 21.707989 16.957323 13.291173 10.600922 8.722367 7.473088 6.681161 6.202191 5.925527 5.772751 5.692017 5.651148 5.631308 5.622063 5.617924 5.616141 5.615402 5.615107 5.614993 5.614951 5.614936 5.614930 5.614928 5.614927 5.614925 5.614919 5.614903 5.614862 5.614759 5.614509 5.613920 5.612585 5.609667 5.603525 5.591085 5.566855 5.521530 5.440201 5.300461 5.071062 4.712395 4.180637 3.437588 2.467065 1.294624 0.000000 
50.000000 42.542103 35.464808 29.090529 23.640105 19.213764 15.797847 13.291173 11.540771 10.376689 9.638749 9.192420 8.934601 8.792228 8.716988 8.678899 8.660408 8.651791 8.647933 8.646271 8.645582 8.645307 8.645201 8.645162 8.645147 8.645142 8.645140 8.645139 8.645136 8.645129 8.645109 8.645058 8.644928 8.644611 8.643863 8.642158 8.638410 8.630465 8.614237 8.582321 8.521919 8.412032 8.220111 7.898923 7.385349 6.604182 5.481493 3.972140 2.100894 0.000000 
50.000000 43.287054 36.916673 31.179049 26.272957 22.288623 19.213764 16.957323 15.381624 14.333700 13.669378 13.267562 13.035450 12.907268 12.839525 12.805230 12.788580 12.780821 12.777347 12.775851 12.775230 12.774982 12.774887 12.774851 12.774838 12.774834 12.774832 12.774831 12.774827 12.774819 12.774796 12.774737 12.774587 12.774218 12.773344 12.771341 12.766913 12.757461 12.737993 12.699312 12.625202 12.488348 12.244928 11.828415 11.144311 10.069988 8.467897 6.225494 3.335062 0.000000 
50.000000 44.252301 38.797892 33.885227 29.684497 26.272957 23.640105 21.707989 20.358741 19.461397 18.892520 18.548425 18.349649 18.239873 18.181856 18.152483 18.138222 18.131577 18.128601 18.127319 18.126787 18.126575 18.126493 18.126463 18.126452 18.126448 18.126446 18.126445 18.126442 18.126433 18.126409 18.126347 18.126189 18.125800 18.124874 18.122743 18.118005 18.107824 18.086680 18.044245 17.961919 17.807492 17.527352 17.035922 16.202969 14.842248 12.712272 9.556230 5.234155 0.000000 
50.000000 45.440808 41.114247 37.217388 33.885227 31.179049 29.090529 27.557847 26.487514 25.775654 25.324354 25.051371 24.893671 24.806576 24.760545 24.737240 24.725925 24.720652 24.718290 24.717273 24.716851 24.716683 24.716618 24.716594 24.716585 24.716582 24.716580 24.716579 24.716576 24.716568 24.716546 24.716489 24.716342 24.715979 24.715113 24.713112 24.708640 24.698972 24.678743 24.637761 24.557294 24.404006 24.120259 23.609037 22.711152 21.172955 18.608694 14.488137 8.268588 0.000000 
50.000000 46.830715 43.823135 41.114247 38.797892 36.916673 35.464808 34.399328 33.655250 33.160369 32.846622 32.656838 32.547199 32.486647 32.454643 32.438439 32.430572 32.426905 32.425263 32.424556 32.424262 32.424145 32.424100 32.424083 32.424077 32.424075 32.424074 32.424073 32.424071 32.424065 32.424048 32.424003 32.423888 32.423606 32.422928 32.421359 32.417838 32.410187 32.394082 32.361194 32.295951 32.169941 31.932263 31.492668 30.691179 29.241662 26.626110 21.911567 13.553460 0.000000 
50.000000 48.373874 46.830715 45.440808 44.252301 43.287054 42.542103 41.995400 41.613608 41.359677 41.198687 41.101304 41.045045 41.013973 40.997550 40.989235 40.985197 40.983316 40.982473 40.982110 40.981960 40.981899 40.981876 40.981868 40.981865 40.981863 40.981863 40.981862 40.981861 40.981858 40.981848 40.981824 40.981761 40.981606 40.981233 40.980367 40.978419 40.974174 40.965201 40.946779 40.909970 40.838163 40.700777 40.441209 39.951992 39.018146 37.172220 33.277255 24.186937 0.000000 
50.000000 50.000000 50.000000 50.000000 50.000000 50.000000 50.000000 50.000000 50.000000 50.000000 50.000000 50.000000 50.000000 50.000000 50.000000 50.000000 50.000000 50.000000 50.000000 50.000000 50.000000 50.000000 50.000000 50.000000 50.000000 50.000000 50.000000 50.000000 50.000000 50.000000 50.000000 50.000000 50.000000 50.000000 50.000000 50.000000 50.000000 50.000000 50.000000 50.000000 50.000000 50.000000 50.000000 50.000000 50.000000 50.000000 50.000000 50.000000 50.000000 50.000000 
