50.000000 50.000000 50.000000 50.000000 50.000000 50.000000 50.000000 50.000000 50.000000 50.000000 50.000000 50.000000 50.000000 50.000000 50.000000 50.000000 50.000000 50.000000 50.000000 50.000000 50.000000 50.000000 50.000000 50.000000 50.000000 50.000000 50.000000 50.000000 50.000000 50.000000 50.000000 50.000000 50.000000 50.000000 50.000000 50.000000 50.000000 50.000000 50.000000 50.000000 50.000000 50.000000 50.000000 50.000000 50.000000 50.000000 50.000000 50.000000 50.000000 50.000000 
50.000000 48.437708 46.952001 45.608218 44.451948 43.505097 42.766847 42.218479 41.830171 41.567850 41.398654 41.294371 41.232896 41.198205 41.179447 41.169719 41.164875 41.162558 41.161492 41.161020 41.160818 41.160735 41.160702 41.160690 41.160685 41.160683 41.160682 41.160681 41.160680 41.160675 41.160662 41.160629 41.160547 41.160350 41.159888 41.158841 41.156541 41.151637 41.141484 41.121040 41.080921 41.003940 40.858838 40.588299 40.084226 39.131231 37.261827 33.339493 24.218854 0.000000 
50.000000 46.952001 44.053423 41.431740 39.175899 37.328635 35.888353 34.818526 34.060972 33.549211 33.219130 33.015689 32.895763 32.828088 32.791494 32.772517 32.763068 32.758549 32.756469 32.755548 32.755155 32.754993 32.754929 32.754904 32.754895 32.754891 32.754890 32.754888 32.754885 32.754876 32.754852 32.754792 32.754642 32.754282 32.753440 32.751536 32.747363 32.738493 32.720205 32.683578 32.612213 32.476632 32.224680 31.764789 30.935817 29.450874 26.791888 22.026711 13.612508 0.000000 
50.000000 45.608218 41.431740 37.654247 34.403902 31.742280 29.667075 28.125651 27.034169 26.296836 25.821272 25.528168 25.355391 25.257893 25.205175 25.177836 25.164225 25.157714 25.154718 25.153391 25.152825 25.152592 25.152499 25.152464 25.152451 25.152446 25.152444 25.152442 25.152437 25.152426 25.152395 25.152317 25.152124 25.151659 25.150576 25.148134 25.142804 25.131530 25.108426 25.062518 24.973987 24.808091 24.505538 23.967578 23.033484 21.448613 18.827123 14.639852 8.346391 0.000000 
50.000000 44.451948 39.175899 34.403902 30.297868 26.935576 24.314108 22.366958 20.988205 20.056828 19.456121 19.085897 18.867665 18.744520 18.677936 18.643407 18.626218 18.617995 18.614212 18.612536 18.611821 18.611527 18.611410 18.611365 18.611348 18.611342 18.611339 18.611337 18.611332 18.611320 18.611286 18.611202 18.610992 18.610489 18.609322 18.606702 18.601010 18.589043 18.564702 18.516789 18.425494 18.257043 17.955986 17.434813 16.561579 15.148934 12.955289 9.725025 5.320717 0.000000 
50.000000 43.505097 37.328635 31.742280 26.935576 22.999575 19.930848 17.651524 16.037592 14.947371 14.244232 13.810888 13.555457 13.411325 13.333396 13.292985 13.272868 13.263245 13.258818 13.256857 13.256020 13.255676 13.255539 13.255487 13.255467 13.255460 13.255457 13.255455 13.255450 13.255438 13.255406 13.255324 13.255122 13.254641 13.253528 13.251041 13.245667 13.234446 13.211810 13.167703 13.084706 12.933956 12.669806 12.223816 11.499788 10.373997 8.708796 6.392818 3.420871 0.000000 
50.000000 42.766847 35.888353 29.667075 24.314108 19.930848 16.513460 13.975210 12.177975 10.963958 10.180996 9.698470 9.414057 9.253576 9.166811 9.121820 9.099423 9.088710 9.083782 9.081599 9.080668 9.080284 9.080132 9.080074 9.080052 9.080044 9.080041 9.080038 9.080034 9.080023 9.079995 9.079924 9.079748 9.079329 9.078365 9.076222 9.071619 9.062075 9.042983 9.006158 8.937718 8.815262 8.604587 8.256730 7.707032 6.879295 5.699497 4.123564 2.178549 0.000000 
50.000000 42.218479 34.818526 28.125651 22.366958 17.651524 13.975210 11.244689 9.311352 8.005426 7.163209 6.644179 6.338258 6.165647 6.072326 6.023937 5.999850 5.988329 5.983029 5.980681 5.979680 5.979268 5.979104 5.979041 5.979018 5.979009 5.979006 5.979004 5.979000 5.978991 5.978969 5.978911 5.978769 5.978434 5.977665 5.975963 5.972331 5.964851 5.950015 5.921679 5.869628 5.777780 5.622345 5.370623 4.981718 4.410973 3.620113 2.593846 1.359641 0.000000 
50.000000 41.830171 34.060972 27.034169 20.988205 16.037592 12.177975 9.311352 7.281682 5.910714 5.026568 4.481711 4.160576 3.979385 3.881429 3.830637 3.805355 3.793263 3.787701 3.785237 3.784186 3.783753 3.783582 3.783516 3.783491 3.783482 3.783479 3.783477 3.783474 3.783468 3.783451 3.783407 3.783301 3.783051 3.782480 3.781223 3.778556 3.773102 3.762369 3.742060 3.705153 3.640841 3.533571 3.362713 3.103637 2.731162 2.226079 1.584340 0.826231 0.000000 
50.000000 41.567850 33.549211 26.296836 20.056828 14.947371 10.963958 8.005426 5.910714 4.495834 3.583387 3.021100 2.689699 2.502720 2.401637 2.349226 2.323138 2.310661 2.304921 2.302380 2.301295 2.300849 2.300672 2.300604 2.300578 2.300569 2.300566 2.300564 2.300562 2.300557 2.300545 2.300515 2.300440 2.300266 2.299869 2.298999 2.297165 2.293437 2.286156 2.272497 2.247917 2.205560 2.135798 2.026240 1.862664 1.631334 1.322849 0.936998 0.486930 0.000000 
50.000000 41.398654 33.219130 25.821272 19.456121 14.244232 10.180996 7.163209 5.026568 3.583387 2.652701 2.079185 1.741171 1.550464 1.447368 1.393914 1.367308 1.354583 1.348729 1.346137 1.345032 1.344576 1.344396 1.344326 1.344301 1.344291 1.344288 1.344286 1.344285 1.344282 1.344274 1.344254 1.344205 1.344090 1.343830 1.343264 1.342075 1.339675 1.335018 1.326351 1.310890 1.284508 1.241530 1.174838 1.076529 0.939333 0.758754 0.535553 0.277614 0.000000 
50.000000 41.294371 33.015689 25.528168 19.085897 13.810888 9.698470 6.644179 4.481711 3.021100 2.079185 1.498755 1.156671 0.963671 0.859336 0.805241 0.778316 0.765439 0.759515 0.756892 0.755773 0.755313 0.755130 0.755060 0.755034 0.755024 0.755021 0.755020 0.755018 0.755016 0.755011 0.754999 0.754968 0.754897 0.754736 0.754388 0.753659 0.752197 0.749378 0.744166 0.734944 0.719342 0.694164 0.655487 0.599077 0.521195 0.419742 0.295484 0.152887 0.000000 
50.000000 41.232896 32.895763 25.355391 18.867665 13.555457 9.414057 6.338258 4.160576 2.689699 1.741171 1.156671 0.812192 0.617842 0.512778 0.458306 0.431193 0.418227 0.412262 0.409621 0.408494 0.408031 0.407847 0.407776 0.407750 0.407740 0.407737 0.407736 0.407735 0.407734 0.407731 0.407723 0.407705 0.407663 0.407569 0.407365 0.406942 0.406096 0.404474 0.401496 0.396262 0.387474 0.373407 0.351982 0.321010 0.278623 0.223861 0.157270 0.081260 0.000000 
50.000000 41.198205 32.828088 25.257893 18.744520 13.411325 9.253576 6.165647 3.979385 2.502720 1.550464 0.963671 0.617842 0.422731 0.317257 0.262573 0.235355 0.222338 0.216351 0.213699 0.212568 0.212103 0.211918 0.211847 0.211821 0.211811 0.211808 0.211807 0.211806 0.211805 0.211803 0.211799 0.211789 0.211766 0.211713 0.211600 0.211366 0.210900 0.210012 0.208389 0.205556 0.200829 0.193316 0.181957 0.165657 0.143510 0.115089 0.080725 0.041664 0.000000 
50.000000 41.179447 32.791494 25.205175 18.677936 13.333396 9.166811 6.072326 3.881429 2.401637 1.447368 0.859336 0.512778 0.317257 0.211562 0.156763 0.129489 0.116444 0.110444 0.107788 0.106654 0.106188 0.106002 0.105931 0.105905 0.105896 0.105892 0.105891 0.105891 0.105890 0.105889 0.105887 0.105882 0.105869 0.105841 0.105781 0.105657 0.105413 0.104948 0.104104 0.102637 0.100205 0.096363 0.090589 0.082355 0.071234 0.057040 0.039958 0.020606 0.000000 
50.000000 41.169719 32.772517 25.177836 18.643407 13.292985 9.121820 6.023937 3.830637 2.349226 1.393914 0.805241 0.458306 0.262573 0.156763 0.101905 0.074601 0.061543 0.055536 0.052877 0.051742 0.051275 0.051090 0.051018 0.050992 0.050983 0.050979 0.050978 0.050978 0.050977 0.050977 0.050976 0.050973 0.050967 0.050952 0.050922 0.050860 0.050737 0.050504 0.050084 0.049357 0.048157 0.046272 0.043454 0.039457 0.034085 0.027260 0.019076 0.009831 0.000000 
50.000000 41.164875 32.763068 25.164225 18.626218 13.272868 9.099423 5.999850 3.805355 2.323138 1.367308 0.778316 0.431193 0.235355 0.129489 0.074601 0.047282 0.034217 0.028208 0.025547 0.024411 0.023944 0.023759 0.023687 0.023661 0.023651 0.023648 0.023647 0.023647 0.023646 0.023646 0.023646 0.023644 0.023641 0.023634 0.023620 0.023589 0.023530 0.023419 0.023218 0.022872 0.022304 0.021416 0.020094 0.018227 0.015729 0.012567 0.008787 0.004525 0.000000 
50.000000 41.162558 32.758549 25.157714 18.617995 13.263245 9.088710 5.988329 3.793263 2.310661 1.354583 0.765439 0.418227 0.222338 0.116444 0.061543 0.034217 0.021149 0.015138 0.012476 0.011340 0.010873 0.010687 0.010616 0.010590 0.010580 0.010577 0.010576 0.010576 0.010575 0.010575 0.010575 0.010574 0.010573 0.010570 0.010563 0.010549 0.010522 0.010470 0.010378 0.010220 0.009962 0.009559 0.008962 0.008123 0.007003 0.005590 0.003906 0.002011 0.000000 
50.000000 41.161492 32.756469 25.154718 18.614212 13.258818 9.083782 5.983029 3.787701 2.304921 1.348729 0.759515 0.412262 0.216351 0.110444 0.055536 0.028208 0.015138 0.009126 0.006464 0.005328 0.004861 0.004675 0.004604 0.004578 0.004568 0.004565 0.004564 0.004563 0.004563 0.004563 0.004563 0.004563 0.004562 0.004561 0.004558 0.004551 0.004539 0.004517 0.004476 0.004407 0.004293 0.004118 0.003858 0.003494 0.003010 0.002401 0.001677 0.000863 0.000000 
50.000000 41.161020 32.755548 25.153391 18.612536 13.256857 9.081599 5.980681 3.785237 2.302380 1.346137 0.756892 0.409621 0.213699 0.107788 0.052877 0.025547 0.012476 0.006464 0.003802 0.002666 0.002199 0.002013 0.001942 0.001915 0.001906 0.001903 0.001901 0.001901 0.001901 0.001901 0.001901 0.001901 0.001900 0.001900 0.001898 0.001896 0.001891 0.001881 0.001864 0.001834 0.001787 0.001713 0.001604 0.001452 0.001250 0.000996 0.000695 0.000358 0.000000 
50.000000 41.160818 32.755155 25.152825 18.611821 13.256020 9.080668 5.979680 3.784186 2.301295 1.345032 0.755773 0.408494 0.212568 0.106654 0.051742 0.024411 0.011340 0.005328 0.002666 0.001530 0.001063 0.000877 0.000806 0.000779 0.000770 0.000767 0.000766 0.000765 0.000765 0.000765 0.000765 0.000765 0.000765 0.000765 0.000764 0.000763 0.000761 0.000757 0.000750 0.000738 0.000718 0.000688 0.000644 0.000583 0.000502 0.000400 0.000279 0.000143 0.000000 
50.000000 41.160735 32.754993 25.152592 18.611527 13.255676 9.080284 5.979268 3.783754 2.300849 1.344577 0.755313 0.408031 0.212103 0.106188 0.051275 0.023944 0.010873 0.004861 0.002199 0.001063 0.000595 0.000410 0.000339 0.000312 0.000303 0.000299 0.000298 0.000298 0.000298 0.000298 0.000298 0.000298 0.000298 0.000298 0.000297 0.000297 0.000296 0.000295 0.000292 0.000287 0.000279 0.000268 0.000250 0.000226 0.000195 0.000155 0.000108 0.000056 0.000000 
50.000000 41.160702 32.754929 25.152500 18.611410 13.255540 9.080133 5.979104 3.783582 2.300672 1.344396 0.755130 0.407847 0.211918 0.106003 0.051090 0.023759 0.010688 0.004676 0.002013 0.000878 0.000410 0.000225 0.000153 0.000127 0.000117 0.000114 0.000113 0.000113 0.000113 0.000113 0.000113 0.000113 0.000113 0.000112 0.000112 0.000112 0.000112 0.000111 0.000110 0.000108 0.000106 0.000101 0.000095 0.000085 0.000073 0.000058 0.000041 0.000021 0.000000 
50.000000 41.160690 32.754904 25.152465 18.611366 13.255488 9.080075 5.979043 3.783517 2.300605 1.344328 0.755061 0.407777 0.211848 0.105933 0.051020 0.023689 0.010618 0.004606 0.001943 0.000807 0.000340 0.000154 0.000083 0.000057 0.000047 0.000044 0.000043 0.000043 0.000043 0.000042 0.000042 0.000042 0.000042 0.000042 0.000042 0.000042 0.000042 0.000042 0.000042 0.000041 0.000040 0.000038 0.000036 0.000032 0.000028 0.000022 0.000015 0.000008 0.000000 
50.000000 41.160686 32.754896 25.152453 18.611352 13.255471 9.080056 5.979022 3.783496 2.300583 1.344305 0.755039 0.407755 0.211825 0.105910 0.050997 0.023666 0.010595 0.004582 0.001920 0.000784 0.000317 0.000131 0.000060 0.000034 0.000024 0.000021 0.000020 0.000020 0.000019 0.000019 0.000019 0.000019 0.000019 0.000019 0.000019 0.000019 0.000019 0.000019 0.000019 0.000019 0.000018 0.000017 0.000016 0.000015 0.000013 0.000010 0.000007 0.000004 0.000000 
50.000000 41.160686 32.754896 25.152453 18.611352 13.255471 9.080056 5.979022 3.783496 2.300583 1.344305 0.755039 0.407755 0.211825 0.105910 0.050997 0.023666 0.010595 0.004582 0.001920 0.000784 0.000317 0.000131 0.000060 0.000034 0.000024 0.000021 0.000020 0.000020 0.000019 0.000019 0.000019 0.000019 0.000019 0.000019 0.000019 0.000019 0.000019 0.000019 0.000019 0.000019 0.000018 0.000017 0.000016 0.000015 0.000013 0.000010 0.000007 0.000004 0.000000 
50.000000 41.160690 32.754904 25.152465 18.611366 13.255488 9.080075 5.979043 3.783517 2.300605 1.344328 0.755061 0.407777 0.211848 0.105933 0.051020 0.023689 0.010618 0.004606 0.001943 0.000807 0.000340 0.000154 0.000083 0.000057 0.000047 0.000044 0.000043 0.000043 0.000043 0.000042 0.000042 0.000042 0.000042 0.000042 0.000042 0.000042 0.000042 0.000042 0.000042 0.000041 0.000040 0.000038 0.000036 0.000032 0.000028 0.000022 0.000015 0.000008 0.000000 
50.000000 41.160702 32.754929 25.152500 18.611410 13.255540 9.080133 5.979104 3.783582 2.300672 1.344396 0.755130 0.407847 0.211918 0.106003 0.051090 0.023759 0.010688 0.004676 0.002013 0.000878 0.000410 0.000225 0.000153 0.000127 0.000117 0.000114 0.000113 0.000113 0.000113 0.000113 0.000113 0.000113 0.000113 0.000112 0.000112 0.000112 0.000112 0.000111 0.000110 0.000108 0.000106 0.000101 0.000095 0.000085 0.000073 0.000058 0.000041 0.000021 0.000000 
50.000000 41.160735 32.754993 25.152592 18.611527 13.255676 9.080284 5.979268 3.783754 2.300849 1.344577 0.755313 0.408031 0.212103 0.106188 0.051275 0.023944 0.010873 0.004861 0.002199 0.001063 0.000595 0.000410 0.000339 0.000312 0.000303 0.000299 0.000298 0.000298 0.000298 0.000298 0.000298 0.000298 0.000298 0.000298 0.000297 0.000297 0.000296 0.000295 0.000292 0.000287 0.000279 0.000268 0.000250 0.000226 0.000195 0.000155 0.000108 0.000056 0.000000 
50.000000 41.160818 32.755155 25.152825 18.611821 13.256020 9.080668 5.979680 3.784186 2.301295 1.345032 0.755773 0.408494 0.212568 0.106654 0.051742 0.024411 0.011340 0.005328 0.002666 0.001530 0.001063 0.000877 0.000806 0.000779 0.000770 0.000767 0.000766 0.000765 0.000765 0.000765 0.000765 0.000765 0.000765 0.000765 0.000764 0.000763 0.000761 0.000757 0.000750 0.000738 0.000718 0.000688 0.000644 0.000583 0.000502 0.000400 0.000279 0.000143 0.000000 
50.000000 41.161020 32.755548 25.153391 18.612536 13.256857 9.081599 5.980681 3.785237 2.302380 1.346137 0.756892 0.409621 0.213699 0.107788 0.052877 0.025547 0.012476 0.006464 0.003802 0.002666 0.002199 0.002013 0.001942 0.001915 0.001906 0.001903 0.001901 0.001901 0.001901 0.001901 0.001901 0.001901 0.001900 0.001900 0.001898 0.001896 0.001891 0.001881 0.001864 0.001834 0.001787 0.001713 0.001604 0.001452 0.001250 0.000996 0.000695 0.000358 0.000000 
50.000000 41.161492 32.756469 25.154718 18.614212 13.258818 9.083782 5.983029 3.787701 2.304921 1.348729 0.759515 0.412262 0.216351 0.110444 0.055536 0.028208 0.015138 0.009126 0.006464 0.005328 0.004861 0.004675 0.004604 0.004578 0.004568 0.004565 0.004564 0.004563 0.004563 0.004563 0.004563 0.004563 0.004562 0.004561 0.004558 0.004551 0.004539 0.004517 0.004476 0.004407 0.004293 0.004118 0.003858 0.003494 0.003010 0.002401 0.001677 0.000863 0.000000 
50.000000 41.162558 32.758549 25.157714 18.617995 13.263245 9.088710 5.988329 3.793263 2.310661 1.354583 0.765439 0.418227 0.222338 0.116444 0.061543 0.034217 0.021149 0.015138 0.012476 0.011340 0.010873 0.010687 0.010616 0.010590 0.010580 0.010577 0.010576 0.010576 0.010575 0.010575 0.010575 0.010574 0.010573 0.010570 0.010563 0.010549 0.010522 0.010470 0.010378 0.010220 0.009962 0.009559 0.008962 0.008123 0.007003 0.005590 0.003906 0.002011 0.000000 
50.000000 41.164875 32.763068 25.164225 18.626218 13.272868 9.099423 5.999850 3.805355 2.323138 1.367308 0.778316 0.431193 0.235355 0.129489 0.074601 0.047282 0.034217 0.028208 0.025547 0.024411 0.023944 0.023759 0.023687 0.023661 0.023651 0.023648 0.023647 0.023647 0.023646 0.023646 0.023646 0.023644 0.023641 0.023634 0.023620 0.023589 0.023530 0.023419 0.023218 0.022872 0.022304 0.021416 0.020094 0.018227 0.015729 0.012567 0.008787 0.004525 0.000000 
50.000000 41.169719 32.772517 25.177836 18.643407 13.292985 9.121820 6.023937 3.830637 2.349226 1.393914 0.805241 0.458306 0.262573 0.156763 0.101905 0.074601 0.061543 0.055536 0.052877 0.051742 0.051275 0.051090 0.051018 0.050992 0.050983 0.050979 0.050978 0.050978 0.050977 0.050977 0.050976 0.050973 0.050967 0.050952 0.050922 0.050860 0.050737 0.050504 0.050084 0.049357 0.048157 0.046272 0.043454 0.039457 0.034085 0.027260 0.019076 0.009831 0.000000 
50.000000 41.179447 32.791494 25.205175 18.677936 13.333396 9.166811 6.072326 3.881429 2.401637 1.447368 0.859336 0.512778 0.317257 0.211562 0.156763 0.129489 0.116444 0.110444 0.107788 0.106654 0.106188 0.106002 0.105931 0.105905 0.105896 0.105892 0.105891 0.105891 0.105890 0.105889 0.105887 0.105882 0.105869 0.105841 0.105781 0.105657 0.105413 0.104948 0.104104 0.102637 0.100205 0.096363 0.090589 0.082355 0.071234 0.057040 0.039958 0.020606 0.000000 
50.000000 41.198205 32.828088 25.257893 18.744520 13.411325 9.253576 6.165647 3.979385 2.502720 1.550464 0.963671 0.617842 0.422731 0.317257 0.262573 0.235355 0.222338 0.216351 0.213699 0.212568 0.212103 0.211918 0.211847 0.211821 0.211811 0.211808 0.211807 0.211806 0.211805 0.211803 0.211799 0.211789 0.211766 0.211713 0.211600 0.211366 0.210900 0.210012 0.208389 0.205556 0.200829 0.193316 0.181957 0.165657 0.143510 0.115089 0.080725 0.041664 0.000000 
50.000000 41.232896 32.895763 25.355391 18.867665 13.555457 9.414057 6.338258 4.160576 2.689699 1.741171 1.156671 0.812192 0.617842 0.512778 0.458306 0.431193 0.418227 0.412262 0.409621 0.408494 0.408031 0.407847 0.407776 0.407750 0.407740 0.407737 0.407736 0.407735 0.407734 0.407731 0.407723 0.407705 0.407663 0.407569 0.407365 0.406942 0.406096 0.404474 0.401496 0.396262 0.387474 0.373407 0.351982 0.321010 0.278623 0.223861 0.157270 0.081260 0.000000 
50.000000 41.294371 33.015689 25.528168 19.085897 13.810888 9.698470 6.644179 4.481711 3.021100 2.079185 1.498755 1.156671 0.963671 0.859336 0.805241 0.778316 0.765439 0.759515 0.756892 0.755773 0.755313 0.755130 0.755060 0.755034 0.755024 0.755021 0.755020 0.755018 0.755016 0.755011 0.754999 0.754968 0.754897 0.754736 0.754388 0.753659 0.752197 0.749378 0.744166 0.734944 0.719342 0.694164 0.655487 0.599077 0.521195 0.419742 0.295484 0.152887 0.000000 
50.000000 41.398654 33.219130 25.821272 19.456121 14.244232 10.180996 7.163209 5.026568 3.583387 2.652701 2.079185 1.741171 1.550464 1.447368 1.393914 1.367308 1.354583 1.348729 1.346137 1.345032 1.344576 1.344396 1.344326 1.344301 1.344291 1.344288 1.344286 1.344285 1.344282 1.344274 1.344254 1.344205 1.344090 1.343830 1.343264 1.342075 1.339675 1.335018 1.326351 1.310890 1.284508 1.241530 1.174838 1.076529 0.939333 0.758754 0.535553 0.277614 0.000000 
50.000000 41.567850 33.549211 26.296836 20.056828 14.947371 10.963958 8.005426 5.910714 4.495834 3.583387 3.021100 2.689699 2.502720 2.401637 2.349226 2.323138 2.310661 2.304921 2.302380 2.301295 2.300849 2.300672 2.300604 2.300578 2.300569 2.300566 2.300564 2.300562 2.300557 2.300545 2.300515 2.300440 2.300266 2.299869 2.298999 2.297165 2.293437 2.286156 2.272497 2.247917 2.205560 2.135798 2.026240 1.862664 1.631334 1.322849 0.936998 0.486930 0.000000 
50.000000 41.830171 34.060972 27.034169 20.988205 16.037592 12.177975 9.311352 7.281682 5.910714 5.026568 4.481711 4.160576 3.979385 3.881429 3.830637 3.805355 3.793263 3.787701 3.785237 3.784186 3.783753 3.783582 3.783516 3.783491 3.783482 3.783479 3.783477 3.783474 3.783468 3.783451 3.783407 3.783301 3.783051 3.782480 3.781223 3.778556 3.773102 3.762369 3.742060 3.705153 3.640841 3.533571 3.362713 3.103637 2.731162 2.226079 1.584340 0.826231 0.000000 
50.000000 42.218479 34.818526 28.125651 22.366958 17.651524 13.975210 11.244689 9.311352 8.005426 7.163209 6.644179 6.338258 6.165647 6.072326 6.023937 5.999850 5.988329 5.983029 5.980681 5.979680 5.979268 5.979104 5.979041 5.979018 5.979009 5.979006 5.979004 5.979000 5.978991 5.978969 5.978911 5.978769 5.978434 5.977665 5.975963 5.972331 5.964851 5.950015 5.921679 5.869628 5.777780 5.622345 5.370623 4.981718 4.410973 3.620113 2.593846 1.359641 0.000000 
50.000000 42.766847 35.888353 29.667075 24.314108 19.930848 16.513460 13.975210 12.177975 10.963958 10.180996 9.698470 9.414057 9.253576 9.166811 9.121820 9.099423 9.088710 9.083782 9.081599 9.080668 9.080284 9.080132 9.080074 9.080052 9.080044 9.080041 9.080038 9.080034 9.080023 9.079995 9.079924 9.079748 9.079329 9.078365 9.076222 9.071619 9.062075 9.042983 9.006158 8.937718 8.815262 8.604587 8.256730 7.707032 6.879295 5.699497 4.123564 2.178549 0.000000 
50.000000 43.505097 37.328635 31.742280 26.935576 22.999575 19.930848 17.651524 16.037592 14.947371 14.244232 13.810888 13.555457 13.411325 13.333396 13.292985 13.272868 13.263245 13.258818 13.256857 13.256020 13.255676 13.255539 13.255487 13.255467 13.255460 13.255457 13.255455 13.255450 13.255438 13.255406 13.255324 13.255122 13.254641 13.253528 13.251041 13.245667 13.234446 13.211810 13.167703 13.084706 12.933956 12.669806 12.223816 11.499788 10.373997 8.708796 6.392818 3.420871 0.000000 
50.000000 44.451948 39.175899 34.403902 30.297868 26.935576 24.314108 22.366958 20.988205 20.056828 19.456121 19.085897 18.867665 18.744520 18.677936 18.643407 18.626218 18.617995 18.614212 18.612536 18.611821 18.611527 18.611410 18.611365 18.611348 18.611342 18.611339 18.611337 18.611332 18.611320 18.611286 18.611202 18.610992 18.610489 18.609322 18.606702 18.601010 18.589043 18.564702 18.516789 18.425494 18.257043 17.955986 17.434813 16.561579 15.148934 12.955289 9.725025 5.320717 0.000000 
50.000000 45.608218 41.431740 37.654247 34.403902 31.742280 29.667075 28.125651 27.034169 26.296836 25.821272 25.528168 25.355391 25.257893 25.205175 25.177836 25.164225 25.157714 25.154718 25.153391 25.152825 25.152592 25.152499 25.152464 25.152451 25.152446 25.152444 25.152442 25.152437 25.152426 25.152395 25.152317 25.152124 25.151659 25.150576 25.148134 25.142804 25.131530 25.108426 25.062518 24.973987 24.808091 24.505538 23.967578 23.033484 21.448613 18.827123 14.639852 8.346391 0.000000 
50.000000 46.952001 44.053423 41.431740 39.175899 37.328635 35.888353 34.818526 34.060972 33.549211 33.219130 33.015689 32.895763 32.828088 32.791494 32.772517 32.763068 32.758549 32.756469 32.755548 32.755155 32.754993 32.754929 32.754904 32.754895 32.754891 32.754890 32.754888 32.754885 32.754876 32.754852 32.754792 32.754642 32.754282 32.753440 32.751536 32.747363 32.738493 32.720205 32.683578 32.612213 32.476632 32.224680 31.764789 30.935817 29.450874 26.791888 22.026711 13.612508 0.000000 
50.000000 48.437708 46.952001 45.608218 44.451948 43.505097 42.766847 42.218479 41.830171 41.567850 41.398654 41.294371 41.232896 41.198205 41.179447 41.169719 41.164875 41.162558 41.161492 41.161020 41.160818 41.160735 41.160702 41.160690 41.160685 41.160683 41.160682 41.160681 41.160680 41.160675 41.160662 41.160629 41.160547 41.160350 41.159888 41.158841 41.156541 41.151637 41.141484 41.121040 41.080921 41.003940 40.858838 40.588299 40.084226 39.131231 37.261827 33.339493 24.218854 0.000000 
50.000000 50.000000 50.000000 50.000000 50.000000 50.000000 50.000000 50.000000 50.000000 50.000000 50.000000 50.000000 50.000000 50.000000 50.000000 50.000000 50.000000 50.000000 50.000000 50.000000 50.000000 50.000000 50.000000 50.000000 50.000000 50.000000 50.000000 50.000000 50.000000 50.000000 50.000000 50.000000 50.000000 50.000000 50.000000 50.000000 50.000000 50.000000 50.000000 50.000000 50.000000 50.000000 50.000000 50.000000 50.000000 50.000000 50.000000 50.000000 50.000000 50.000000 
