50.000000 50.000000 50.000000 50.000000 50.000000 50.000000 50.000000 50.000000 50.000000 50.000000 50.000000 50.000000 50.000000 50.000000 50.000000 50.000000 50.000000 50.000000 50.000000 50.000000 50.000000 50.000000 50.000000 50.000000 50.000000 50.000000 50.000000 50.000000 50.000000 50.000000 50.000000 50.000000 50.000000 50.000000 50.000000 50.000000 50.000000 50.000000 50.000000 50.000000 50.000000 50.000000 50.000000 50.000000 50.000000 50.000000 50.000000 50.000000 50.000000 50.000000 
50.000000 47.394704 45.002152 42.983107 41.415482 40.293722 39.552338 39.098687 38.841016 38.704793 38.637579 38.606543 38.593096 38.587616 38.585509 38.584744 38.584481 38.584395 38.584368 38.584360 38.584358 38.584357 38.584357 38.584357 38.584357 38.584357 38.584357 38.584357 38.584357 38.584357 38.584357 38.584357 38.584355 38.584350 38.584333 38.584276 38.584102 38.583585 38.582120 38.578157 38.567901 38.542488 38.482008 38.343072 38.032411 37.347311 35.826752 32.330546 23.697352 0.000000 
50.000000 45.002152 40.412446 36.539296 33.532162 31.380368 29.958262 29.088108 28.593883 28.332612 28.203703 28.144182 28.118395 28.107886 28.103847 28.102380 28.101875 28.101710 28.101659 28.101643 28.101639 28.101638 28.101638 28.101638 28.101638 28.101638 28.101638 28.101638 28.101638 28.101637 28.101637 28.101637 28.101634 28.101625 28.101595 28.101499 28.101201 28.100320 28.097836 28.091151 28.073984 28.031893 27.933208 27.711457 27.232184 26.231278 24.202234 20.206223 12.671606 0.000000 
50.000000 42.983107 36.539296 31.101606 26.879866 23.859048 21.862693 20.641228 19.947505 19.580792 19.399871 19.316340 19.280154 19.265407 19.259740 19.257682 19.256973 19.256742 19.256670 19.256649 19.256643 19.256641 19.256641 19.256641 19.256641 19.256641 19.256641 19.256641 19.256641 19.256641 19.256640 19.256640 19.256637 19.256626 19.256592 19.256479 19.256134 19.255118 19.252270 19.244670 19.225355 19.178646 19.071174 18.835868 18.345624 17.374408 15.550803 12.337062 7.156355 0.000000 
50.000000 41.415482 33.532162 26.879866 21.715286 18.019980 15.578001 14.083968 13.235496 12.787013 12.565767 12.463626 12.419382 12.401353 12.394425 12.391909 12.391043 12.390761 12.390673 12.390647 12.390640 12.390638 12.390637 12.390637 12.390637 12.390637 12.390637 12.390637 12.390637 12.390637 12.390637 12.390636 12.390633 12.390623 12.390590 12.390485 12.390162 12.389216 12.386587 12.379631 12.362159 12.320532 12.226593 12.026097 11.622288 10.857643 9.505458 7.300884 4.068171 0.000000 
50.000000 40.293722 31.380368 23.859048 18.019980 13.842249 11.081607 9.392711 8.433641 7.926734 7.676686 7.561259 7.511263 7.490892 7.483066 7.480223 7.479246 7.478926 7.478827 7.478798 7.478790 7.478787 7.478787 7.478787 7.478787 7.478787 7.478787 7.478787 7.478787 7.478787 7.478786 7.478786 7.478784 7.478776 7.478749 7.478664 7.478405 7.477653 7.475575 7.470132 7.456617 7.424885 7.354572 7.207935 6.921124 6.397693 5.513424 4.148184 2.261311 0.000000 
50.000000 39.552338 29.958262 21.862693 15.578001 11.081607 8.110531 6.292996 5.260937 4.715489 4.446449 4.322264 4.268480 4.246567 4.238149 4.235092 4.234040 4.233697 4.233591 4.233559 4.233550 4.233548 4.233547 4.233547 4.233547 4.233547 4.233547 4.233547 4.233547 4.233547 4.233547 4.233546 4.233545 4.233539 4.233520 4.233460 4.233277 4.232749 4.231303 4.227548 4.218328 4.196969 4.150416 4.055266 3.873672 3.551905 3.026825 2.246806 1.209265 0.000000 
50.000000 39.098687 29.088108 20.641228 14.083968 9.392711 6.292996 4.396849 3.320205 2.751225 2.470595 2.341069 2.284974 2.262122 2.253344 2.250156 2.249060 2.248702 2.248591 2.248558 2.248549 2.248546 2.248545 2.248545 2.248545 2.248545 2.248545 2.248545 2.248545 2.248545 2.248545 2.248545 2.248544 2.248540 2.248528 2.248490 2.248374 2.248042 2.247139 2.244813 2.239160 2.226221 2.198424 2.142580 2.038139 1.857375 1.570054 1.154900 0.616678 0.000000 
50.000000 38.841016 28.593883 19.947505 13.235496 8.433641 5.260937 3.320205 2.218287 1.635974 1.348780 1.216230 1.158829 1.135446 1.126464 1.123203 1.122081 1.121715 1.121601 1.121568 1.121558 1.121555 1.121555 1.121555 1.121555 1.121555 1.121555 1.121555 1.121555 1.121555 1.121555 1.121554 1.121554 1.121552 1.121545 1.121522 1.121456 1.121266 1.120754 1.119444 1.116289 1.109144 1.093984 1.063967 1.008756 0.914964 0.768859 0.561990 0.298528 0.000000 
50.000000 38.704793 28.332612 19.580792 12.787013 7.926734 4.715489 2.751225 1.635974 1.046630 0.755978 0.621836 0.563747 0.540085 0.530996 0.527696 0.526561 0.526190 0.526075 0.526041 0.526032 0.526029 0.526029 0.526028 0.526028 0.526028 0.526028 0.526028 0.526028 0.526028 0.526028 0.526028 0.526028 0.526027 0.526023 0.526011 0.525976 0.525877 0.525610 0.524933 0.523315 0.519685 0.512066 0.497160 0.470116 0.424854 0.355437 0.258627 0.136892 0.000000 
50.000000 38.637579 28.203703 19.399871 12.565767 7.676686 4.446449 2.470595 1.348780 0.755978 0.463625 0.328700 0.270274 0.246475 0.237333 0.234015 0.232873 0.232501 0.232385 0.232351 0.232341 0.232338 0.232338 0.232338 0.232338 0.232338 0.232338 0.232338 0.232338 0.232338 0.232338 0.232337 0.232337 0.232337 0.232335 0.232329 0.232312 0.232264 0.232136 0.231812 0.231045 0.229336 0.225782 0.218901 0.206554 0.186136 0.155201 0.112553 0.059423 0.000000 
50.000000 38.606543 28.144182 19.316340 12.463626 7.561259 4.322264 2.341069 1.216230 0.621836 0.328700 0.193416 0.134835 0.110973 0.101807 0.098480 0.097335 0.096962 0.096846 0.096812 0.096802 0.096799 0.096799 0.096798 0.096798 0.096798 0.096798 0.096798 0.096798 0.096798 0.096798 0.096798 0.096798 0.096798 0.096797 0.096795 0.096787 0.096765 0.096708 0.096564 0.096226 0.095476 0.093930 0.090961 0.085683 0.077040 0.064070 0.046347 0.024423 0.000000 
50.000000 38.593096 28.118395 19.280154 12.419382 7.511263 4.268480 2.284974 1.158829 0.563747 0.270274 0.134835 0.076187 0.052298 0.043122 0.039791 0.038645 0.038271 0.038155 0.038121 0.038111 0.038108 0.038108 0.038107 0.038107 0.038107 0.038107 0.038107 0.038107 0.038107 0.038107 0.038107 0.038107 0.038107 0.038107 0.038106 0.038103 0.038094 0.038070 0.038010 0.037870 0.037563 0.036932 0.035730 0.033610 0.030165 0.025036 0.018075 0.009511 0.000000 
50.000000 38.587616 28.107886 19.265407 12.401353 7.490892 4.246567 2.262122 1.135446 0.540085 0.246475 0.110973 0.052298 0.028398 0.019218 0.015885 0.014739 0.014365 0.014248 0.014214 0.014204 0.014202 0.014201 0.014201 0.014201 0.014201 0.014201 0.014201 0.014201 0.014201 0.014201 0.014201 0.014201 0.014201 0.014201 0.014200 0.014199 0.014195 0.014186 0.014163 0.014109 0.013990 0.013748 0.013290 0.012487 0.011191 0.009273 0.006685 0.003514 0.000000 
50.000000 38.585509 28.103847 19.259740 12.394425 7.483066 4.238149 2.253344 1.126464 0.530996 0.237333 0.101807 0.043122 0.019218 0.010036 0.006702 0.005556 0.005182 0.005066 0.005031 0.005022 0.005019 0.005018 0.005018 0.005018 0.005018 0.005018 0.005018 0.005018 0.005018 0.005018 0.005018 0.005018 0.005018 0.005018 0.005018 0.005017 0.005016 0.005013 0.005004 0.004984 0.004941 0.004854 0.004689 0.004402 0.003940 0.003261 0.002348 0.001233 0.000000 
50.000000 38.584744 28.102380 19.257682 12.391909 7.480223 4.235092 2.250156 1.123203 0.527696 0.234015 0.098480 0.039791 0.015885 0.006702 0.003369 0.002222 0.001848 0.001732 0.001698 0.001688 0.001685 0.001685 0.001685 0.001684 0.001684 0.001684 0.001684 0.001684 0.001684 0.001684 0.001684 0.001684 0.001684 0.001684 0.001684 0.001684 0.001684 0.001683 0.001680 0.001673 0.001658 0.001628 0.001572 0.001474 0.001319 0.001090 0.000784 0.000411 0.000000 
50.000000 38.584481 28.101875 19.256973 12.391043 7.479246 4.234040 2.249060 1.122081 0.526561 0.232873 0.097335 0.038645 0.014739 0.005556 0.002222 0.001076 0.000702 0.000586 0.000551 0.000542 0.000539 0.000538 0.000538 0.000538 0.000538 0.000538 0.000538 0.000538 0.000538 0.000538 0.000538 0.000538 0.000538 0.000538 0.000538 0.000538 0.000538 0.000537 0.000536 0.000534 0.000529 0.000520 0.000502 0.000470 0.000420 0.000347 0.000249 0.000131 0.000000 
50.000000 38.584395 28.101710 19.256742 12.390761 7.478926 4.233697 2.248702 1.121715 0.526190 0.232501 0.096962 0.038271 0.014365 0.005182 0.001848 0.000702 0.000328 0.000211 0.000177 0.000167 0.000165 0.000164 0.000164 0.000164 0.000164 0.000164 0.000164 0.000164 0.000164 0.000164 0.000164 0.000164 0.000164 0.000164 0.000164 0.000164 0.000164 0.000164 0.000163 0.000163 0.000161 0.000158 0.000153 0.000143 0.000128 0.000105 0.000076 0.000040 0.000000 
50.000000 38.584368 28.101659 19.256670 12.390673 7.478827 4.233591 2.248591 1.121601 0.526075 0.232385 0.096846 0.038155 0.014248 0.005066 0.001732 0.000586 0.000211 0.000095 0.000061 0.000051 0.000048 0.000048 0.000048 0.000048 0.000048 0.000048 0.000048 0.000048 0.000048 0.000048 0.000048 0.000048 0.000048 0.000048 0.000048 0.000048 0.000048 0.000048 0.000047 0.000047 0.000047 0.000046 0.000044 0.000041 0.000037 0.000031 0.000022 0.000011 0.000000 
50.000000 38.584360 28.101643 19.256649 12.390647 7.478798 4.233559 2.248558 1.121568 0.526041 0.232351 0.096812 0.038121 0.014214 0.005031 0.001698 0.000551 0.000177 0.000061 0.000026 0.000017 0.000014 0.000013 0.000013 0.000013 0.000013 0.000013 0.000013 0.000013 0.000013 0.000013 0.000013 0.000013 0.000013 0.000013 0.000013 0.000013 0.000013 0.000013 0.000013 0.000013 0.000013 0.000013 0.000012 0.000012 0.000010 0.000008 0.000006 0.000003 0.000000 
50.000000 38.584358 28.101639 19.256643 12.390640 7.478790 4.233550 2.248549 1.121558 0.526032 0.232341 0.096802 0.038111 0.014204 0.005022 0.001688 0.000542 0.000167 0.000051 0.000017 0.000007 0.000004 0.000004 0.000004 0.000004 0.000004 0.000004 0.000004 0.000004 0.000004 0.000004 0.000004 0.000004 0.000004 0.000004 0.000004 0.000004 0.000004 0.000004 0.000004 0.000003 0.000003 0.000003 0.000003 0.000003 0.000003 0.000002 0.000002 0.000001 0.000000 
50.000000 38.584357 28.101638 19.256641 12.390638 7.478787 4.233548 2.248546 1.121555 0.526029 0.232338 0.096799 0.038108 0.014202 0.005019 0.001685 0.000539 0.000165 0.000048 0.000014 0.000004 0.000002 0.000001 0.000001 0.000001 0.000001 0.000001 0.000001 0.000001 0.000001 0.000001 0.000001 0.000001 0.000001 0.000001 0.000001 0.000001 0.000001 0.000001 0.000001 0.000001 0.000001 0.000001 0.000001 0.000001 0.000001 0.000001 0.000000 0.000000 0.000000 
50.000000 38.584357 28.101638 19.256641 12.390637 7.478787 4.233547 2.248545 1.121555 0.526029 0.232338 0.096799 0.038108 0.014201 0.005018 0.001685 0.000538 0.000164 0.000048 0.000013 0.000004 0.000001 0.000000 0.000000 0.000000 0.000000 0.000000 0.000000 0.000000 0.000000 0.000000 0.000000 0.000000 0.000000 0.000000 0.000000 0.000000 0.000000 0.000000 0.000000 0.000000 0.000000 0.000000 0.000000 0.000000 0.000000 0.000000 0.000000 0.000000 0.000000 
50.000000 38.584357 28.101638 19.256641 12.390637 7.478787 4.233547 2.248545 1.121555 0.526028 0.232338 0.096798 0.038107 0.014201 0.005018 0.001685 0.000538 0.000164 0.000048 0.000013 0.000004 0.000001 0.000000 0.000000 0.000000 0.000000 0.000000 0.000000 0.000000 0.000000 0.000000 0.000000 0.000000 0.000000 0.000000 0.000000 0.000000 0.000000 0.000000 0.000000 0.000000 0.000000 0.000000 0.000000 0.000000 0.000000 0.000000 0.000000 0.000000 0.000000 
50.000000 38.584357 28.101638 19.256641 12.390637 7.478787 4.233547 2.248545 1.121555 0.526028 0.232338 0.096798 0.038107 0.014201 0.005018 0.001684 0.000538 0.000164 0.000048 0.000013 0.000004 0.000001 0.000000 0.000000 0.000000 0.000000 0.000000 0.000000 0.000000 0.000000 0.000000 0.000000 0.000000 0.000000 0.000000 0.000000 0.000000 0.000000 0.000000 0.000000 0.000000 0.000000 0.000000 0.000000 0.000000 0.000000 0.000000 0.000000 0.000000 0.000000 
50.000000 38.584357 28.101638 19.256641 12.390637 7.478787 4.233547 2.248545 1.121555 0.526028 0.232338 0.096798 0.038107 0.014201 0.005018 0.001684 0.000538 0.000164 0.000048 0.000013 0.000004 0.000001 0.000000 0.000000 0.000000 0.000000 0.000000 0.000000 0.000000 0.000000 0.000000 0.000000 0.000000 0.000000 0.000000 0.000000 0.000000 0.000000 0.000000 0.000000 0.000000 0.000000 0.000000 0.000000 0.000000 0.000000 0.000000 0.000000 0.000000 0.000000 
50.000000 38.584357 28.101638 19.256641 12.390637 7.478787 4.233547 2.248545 1.121555 0.526028 0.232338 0.096798 0.038107 0.014201 0.005018 0.001685 0.000538 0.000164 0.000048 0.000013 0.000004 0.000001 0.000000 0.000000 0.000000 0.000000 0.000000 0.000000 0.000000 0.000000 0.000000 0.000000 0.000000 0.000000 0.000000 0.000000 0.000000 0.000000 0.000000 0.000000 0.000000 0.000000 0.000000 0.000000 0.000000 0.000000 0.000000 0.000000 0.000000 0.000000 
50.000000 38.584357 28.101638 19.256641 12.390637 7.478787 4.233547 2.248545 1.121555 0.526029 0.232338 0.096799 0.038108 0.014201 0.005018 0.001685 0.000538 0.000164 0.000048 0.000013 0.000004 0.000001 0.000000 0.000000 0.000000 0.000000 0.000000 0.000000 0.000000 0.000000 0.000000 0.000000 0.000000 0.000000 0.000000 0.000000 0.000000 0.000000 0.000000 0.000000 0.000000 0.000000 0.000000 0.000000 0.000000 0.000000 0.000000 0.000000 0.000000 0.000000 
50.000000 38.584357 28.101638 19.256641 12.390638 7.478787 4.233548 2.248546 1.121555 0.526029 0.232338 0.096799 0.038108 0.014202 0.005019 0.001685 0.000539 0.000165 0.000048 0.000014 0.000004 0.000002 0.000001 0.000001 0.000001 0.000001 0.000001 0.000001 0.000001 0.000001 0.000001 0.000001 0.000001 0.000001 0.000001 0.000001 0.000001 0.000001 0.000001 0.000001 0.000001 0.000001 0.000001 0.000001 0.000001 0.000001 0.000001 0.000000 0.000000 0.000000 
50.000000 38.584358 28.101639 19.256643 12.390640 7.478790 4.233550 2.248549 1.121558 0.526032 0.232341 0.096802 0.038111 0.014204 0.005022 0.001688 0.000542 0.000167 0.000051 0.000017 0.000007 0.000004 0.000004 0.000004 0.000004 0.000004 0.000004 0.000004 0.000004 0.000004 0.000004 0.000004 0.000004 0.000004 0.000004 0.000004 0.000004 0.000004 0.000004 0.000004 0.000003 0.000003 0.000003 0.000003 0.000003 0.000003 0.000002 0.000002 0.000001 0.000000 
50.000000 38.584360 28.101643 19.256649 12.390647 7.478798 4.233559 2.248558 1.121568 0.526041 0.232351 0.096812 0.038121 0.014214 0.005031 0.001698 0.000551 0.000177 0.000061 0.000026 0.000017 0.000014 0.000013 0.000013 0.000013 0.000013 0.000013 0.000013 0.000013 0.000013 0.000013 0.000013 0.000013 0.000013 0.000013 0.000013 0.000013 0.000013 0.000013 0.000013 0.000013 0.000013 0.000013 0.000012 0.000012 0.000010 0.000008 0.000006 0.000003 0.000000 
50.000000 38.584368 28.101659 19.256670 12.390673 7.478827 4.233591 2.248591 1.121601 0.526075 0.232385 0.096846 0.038155 0.014248 0.005066 0.001732 0.000586 0.000211 0.000095 0.000061 0.000051 0.000048 0.000048 0.000048 0.000048 0.000048 0.000048 0.000048 0.000048 0.000048 0.000048 0.000048 0.000048 0.000048 0.000048 0.000048 0.000048 0.000048 0.000048 0.000047 0.000047 0.000047 0.000046 0.000044 0.000041 0.000037 0.000031 0.000022 0.000011 0.000000 
50.000000 38.584395 28.101710 19.256742 12.390761 7.478926 4.233697 2.248702 1.121715 0.526190 0.232501 0.096962 0.038271 0.014365 0.005182 0.001848 0.000702 0.000328 0.000211 0.000177 0.000167 0.000165 0.000164 0.000164 0.000164 0.000164 0.000164 0.000164 0.000164 0.000164 0.000164 0.000164 0.000164 0.000164 0.000164 0.000164 0.000164 0.000164 0.000164 0.000163 0.000163 0.000161 0.000158 0.000153 0.000143 0.000128 0.000105 0.000076 0.000040 0.000000 
50.000000 38.584481 28.101875 19.256973 12.391043 7.479246 4.234040 2.249060 1.122081 0.526561 0.232873 0.097335 0.038645 0.014739 0.005556 0.002222 0.001076 0.000702 0.000586 0.000551 0.000542 0.000539 0.000538 0.000538 0.000538 0.000538 0.000538 0.000538 0.000538 0.000538 0.000538 0.000538 0.000538 0.000538 0.000538 0.000538 0.000538 0.000538 0.000537 0.000536 0.000534 0.000529 0.000520 0.000502 0.000470 0.000420 0.000347 0.000249 0.000131 0.000000 
50.000000 38.584744 28.102380 19.257682 12.391909 7.480223 4.235092 2.250156 1.123203 0.527696 0.234015 0.098480 0.039791 0.015885 0.006702 0.003369 0.002222 0.001848 0.001732 0.001698 0.001688 0.001685 0.001685 0.001685 0.001684 0.001684 0.001684 0.001684 0.001684 0.001684 0.001684 0.001684 0.001684 0.001684 0.001684 0.001684 0.001684 0.001684 0.001683 0.001680 0.001673 0.001658 0.001628 0.001572 0.001474 0.001319 0.001090 0.000784 0.000411 0.000000 
50.000000 38.585509 28.103847 19.259740 12.394425 7.483066 4.238149 2.253344 1.126464 0.530996 0.237333 0.101807 0.043122 0.019218 0.010036 0.006702 0.005556 0.005182 0.005066 0.005031 0.005022 0.005019 0.005018 0.005018 0.005018 0.005018 0.005018 0.005018 0.005018 0.005018 0.005018 0.005018 0.005018 0.005018 0.005018 0.005018 0.005017 0.005016 0.005013 0.005004 0.004984 0.004941 0.004854 0.004689 0.004402 0.003940 0.003261 0.002348 0.001233 0.000000 
50.000000 38.587616 28.107886 19.265407 12.401353 7.490892 4.246567 2.262122 1.135446 0.540085 0.246475 0.110973 0.052298 0.028398 0.019218 0.015885 0.014739 0.014365 0.014248 0.014214 0.014204 0.014202 0.014201 0.014201 0.014201 0.014201 0.014201 0.014201 0.014201 0.014201 0.014201 0.014201 0.014201 0.014201 0.014201 0.014200 0.014199 0.014195 0.014186 0.014163 0.014109 0.013990 0.013748 0.013290 0.012487 0.011191 0.009273 0.006685 0.003514 0.000000 
50.000000 38.593096 28.118395 19.280154 12.419382 7.511263 4.268480 2.284974 1.158829 0.563747 0.270274 0.134835 0.076187 0.052298 0.043122 0.039791 0.038645 0.038271 0.038155 0.038121 0.038111 0.038108 0.038108 0.038107 0.038107 0.038107 0.038107 0.038107 0.038107 0.038107 0.038107 0.038107 0.038107 0.038107 0.038107 0.038106 0.038103 0.038094 0.038070 0.038010 0.037870 0.037563 0.036932 0.035730 0.033610 0.030165 0.025036 0.018075 0.009511 0.000000 
50.000000 38.606543 28.144182 19.316340 12.463626 7.561259 4.322264 2.341069 1.216230 0.621836 0.328700 0.193416 0.134835 0.110973 0.101807 0.098480 0.097335 0.096962 0.096846 0.096812 0.096802 0.096799 0.096799 0.096798 0.096798 0.096798 0.096798 0.096798 0.096798 0.096798 0.096798 0.096798 0.096798 0.096798 0.096797 0.096795 0.096787 0.096765 0.096708 0.096564 0.096226 0.095476 0.093930 0.090961 0.085683 0.077040 0.064070 0.046347 0.024423 0.000000 
50.000000 38.637579 28.203703 19.399871 12.565767 7.676686 4.446449 2.470595 1.348780 0.755978 0.463625 0.328700 0.270274 0.246475 0.237333 0.234015 0.232873 0.232501 0.232385 0.232351 0.232341 0.232338 0.232338 0.232338 0.232338 0.232338 0.232338 0.232338 0.232338 0.232338 0.232338 0.232337 0.232337 0.232337 0.232335 0.232329 0.232312 0.232264 0.232136 0.231812 0.231045 0.229336 0.225782 0.218901 0.206554 0.186136 0.155201 0.112553 0.059423 0.000000 
50.000000 38.704793 28.332612 19.580792 12.787013 7.926734 4.715489 2.751225 1.635974 1.046630 0.755978 0.621836 0.563747 0.540085 0.530996 0.527696 0.526561 0.526190 0.526075 0.526041 0.526032 0.526029 0.526029 0.526028 0.526028 0.526028 0.526028 0.526028 0.526028 0.526028 0.526028 0.526028 0.526028 0.526027 0.526023 0.526011 0.525976 0.525877 0.525610 0.524933 0.523315 0.519685 0.512066 0.497160 0.470116 0.424854 0.355437 0.258627 0.136892 0.000000 
50.000000 38.841016 28.593883 19.947505 13.235496 8.433641 5.260937 3.320205 2.218287 1.635974 1.348780 1.216230 1.158829 1.135446 1.126464 1.123203 1.122081 1.121715 1.121601 1.121568 1.121558 1.121555 1.121555 1.121555 1.121555 1.121555 1.121555 1.121555 1.121555 1.121555 1.121555 1.121554 1.121554 1.121552 1.121545 1.121522 1.121456 1.121266 1.120754 1.119444 1.116289 1.109144 1.093984 1.063967 1.008756 0.914964 0.768859 0.561990 0.298528 0.000000 
50.000000 39.098687 29.088108 20.641228 14.083968 9.392711 6.292996 4.396849 3.320205 2.751225 2.470595 2.341069 2.284974 2.262122 2.253344 2.250156 2.249060 2.248702 2.248591 2.248558 2.248549 2.248546 2.248545 2.248545 2.248545 2.248545 2.248545 2.248545 2.248545 2.248545 2.248545 2.248545 2.248544 2.248540 2.248528 2.248490 2.248374 2.248042 2.247139 2.244813 2.239160 2.226221 2.198424 2.142580 2.038139 1.857375 1.570054 1.154900 0.616678 0.000000 
50.000000 39.552338 29.958262 21.862693 15.578001 11.081607 8.110531 6.292996 5.260937 4.715489 4.446449 4.322264 4.268480 4.246567 4.238149 4.235092 4.234040 4.233697 4.233591 4.233559 4.233550 4.233548 4.233547 4.233547 4.233547 4.233547 4.233547 4.233547 4.233547 4.233547 4.233547 4.233546 4.233545 4.233539 4.233520 4.233460 4.233277 4.232749 4.231303 4.227548 4.218328 4.196969 4.150416 4.055266 3.873672 3.551905 3.026825 2.246806 1.209265 0.000000 
50.000000 40.293722 31.380368 23.859048 18.019980 13.842249 11.081607 9.392711 8.433641 7.926734 7.676686 7.561259 7.511263 7.490892 7.483066 7.480223 7.479246 7.478926 7.478827 7.478798 7.478790 7.478787 7.478787 7.478787 7.478787 7.478787 7.478787 7.478787 7.478787 7.478787 7.478786 7.478786 7.478784 7.478776 7.478749 7.478664 7.478405 7.477653 7.475575 7.470132 7.456617 7.424885 7.354572 7.207935 6.921124 6.397693 5.513424 4.148184 2.261311 0.000000 
50.000000 41.415482 33.532162 26.879866 21.715286 18.019980 15.578001 14.083968 13.235496 12.787013 12.565767 12.463626 12.419382 12.401353 12.394425 12.391909 12.391043 12.390761 12.390673 12.390647 12.390640 12.390638 12.390637 12.390637 12.390637 12.390637 12.390637 12.390637 12.390637 12.390637 12.390637 12.390636 12.390633 12.390623 12.390590 12.390485 12.390162 12.389216 12.386587 12.379631 12.362159 12.320532 12.226593 12.026097 11.622288 10.857643 9.505458 7.300884 4.068171 0.000000 
50.000000 42.983107 36.539296 31.101606 26.879866 23.859048 21.862693 20.641228 19.947505 19.580792 19.399871 19.316340 19.280154 19.265407 19.259740 19.257682 19.256973 19.256742 19.256670 19.256649 19.256643 19.256641 19.256641 19.256641 19.256641 19.256641 19.256641 19.256641 19.256641 19.256641 19.256640 19.256640 19.256637 19.256626 19.256592 19.256479 19.256134 19.255118 19.252270 19.244670 19.225355 19.178646 19.071174 18.835868 18.345624 17.374408 15.550803 12.337062 7.156355 0.000000 
50.000000 45.002152 40.412446 36.539296 33.532162 31.380368 29.958262 29.088108 28.593883 28.332612 28.203703 28.144182 28.118395 28.107886 28.103847 28.102380 28.101875 28.101710 28.101659 28.101643 28.101639 28.101638 28.101638 28.101638 28.101638 28.101638 28.101638 28.101638 28.101638 28.101637 28.101637 28.101637 28.101634 28.101625 28.101595 28.101499 28.101201 28.100320 28.097836 28.091151 28.073984 28.031893 27.933208 27.711457 27.232184 26.231278 24.202234 20.206223 12.671606 0.000000 
50.000000 47.394704 45.002152 42.983107 41.415482 40.293722 39.552338 39.098687 38.841016 38.704793 38.637579 38.606543 38.593096 38.587616 38.585509 38.584744 38.584481 38.584395 38.584368 38.584360 38.584358 38.584357 38.584357 38.584357 38.584357 38.584357 38.584357 38.584357 38.584357 38.584357 38.584357 38.584357 38.584355 38.584350 38.584333 38.584276 38.584102 38.583585 38.582120 38.578157 38.567901 38.542488 38.482008 38.343072 38.032411 37.347311 35.826752 32.330546 23.697352 0.000000 
50.000000 50.000000 50.000000 50.000000 50.000000 50.000000 50.000000 50.000000 50.000000 50.000000 50.000000 50.000000 50.000000 50.000000 50.000000 50.000000 50.000000 50.000000 50.000000 50.000000 50.000000 50.000000 50.000000 50.000000 50.000000 50.000000 50.000000 50.000000 50.000000 50.000000 50.000000 50.000000 50.000000 50.000000 50.000000 50.000000 50.000000 50.000000 50.000000 50.000000 50.000000 50.000000 50.000000 50.000000 50.000000 50.000000 50.000000 50.000000 50.000000 50.000000 
