50.000000 50.000000 50.000000 50.000000 50.000000 50.000000 50.000000 50.000000 50.000000 50.000000 50.000000 50.000000 50.000000 50.000000 50.000000 50.000000 50.000000 50.000000 50.000000 50.000000 50.000000 50.000000 50.000000 50.000000 50.000000 50.000000 50.000000 50.000000 50.000000 50.000000 50.000000 50.000000 50.000000 50.000000 50.000000 50.000000 50.000000 50.000000 50.000000 50.000000 50.000000 50.000000 50.000000 50.000000 50.000000 50.000000 50.000000 50.000000 50.000000 50.000000 
50.000000 48.987979 48.008111 47.089484 46.255552 45.522414 44.898163 44.383266 43.971786 43.653118 43.413902 43.239793 43.116894 43.032734 42.976805 42.940724 42.918121 42.904365 42.896230 42.891552 42.888937 42.887514 42.886760 42.886370 42.886173 42.886072 42.886014 42.885966 42.885900 42.885779 42.885542 42.885078 42.884184 42.882494 42.879369 42.873704 42.863634 42.846057 42.815889 42.764866 42.679606 42.538303 42.304819 41.917293 41.264179 40.128577 38.044157 33.878654 24.493990 0.000000 
50.000000 48.008111 46.079505 44.271439 42.630073 41.187094 39.958430 38.945002 38.135122 37.507918 37.037092 36.694412 36.452523 36.286881 36.176803 36.105791 36.061304 36.034231 36.018219 36.009013 36.003865 36.001065 35.999581 35.998815 35.998426 35.998228 35.998115 35.998022 35.997897 35.997668 35.997222 35.996347 35.994663 35.991486 35.985620 35.975008 35.956189 35.923442 35.867456 35.773259 35.616937 35.360337 34.942149 34.262277 33.153112 31.324939 28.261870 23.039752 14.129457 0.000000 
50.000000 47.089484 44.271439 41.629529 39.231199 37.122753 35.327465 33.846677 32.663311 31.746868 31.058922 30.558218 30.204786 29.962762 29.801926 29.698170 29.633170 29.593614 29.570219 29.556769 29.549248 29.545156 29.542989 29.541869 29.541302 29.541013 29.540850 29.540720 29.540547 29.540235 29.539626 29.538437 29.536152 29.531851 29.523929 29.509643 29.484405 29.440698 29.366423 29.242415 29.038699 28.708810 28.181104 27.345323 26.032033 23.982802 20.814764 16.009570 9.045327 0.000000 
50.000000 46.255552 42.630073 39.231199 36.145703 33.433157 31.123500 29.218459 27.696061 26.517065 25.632033 24.987890 24.533213 24.221859 24.014953 23.881477 23.797861 23.746974 23.716880 23.699578 23.689903 23.684640 23.681852 23.680412 23.679683 23.679313 23.679107 23.678948 23.678742 23.678377 23.677667 23.676284 23.673634 23.668661 23.659532 23.643134 23.614307 23.564685 23.480988 23.342561 23.117879 22.759663 22.198240 21.332877 20.021638 18.072852 15.248397 11.305134 6.126975 0.000000 
50.000000 45.522414 41.187094 37.122753 33.433157 30.189539 27.427701 25.149707 23.329275 21.919482 20.861206 20.090980 19.547308 19.175017 18.927619 18.768023 18.668045 18.607202 18.571219 18.550532 18.538965 18.532672 18.529339 18.527619 18.526748 18.526308 18.526067 18.525888 18.525666 18.525278 18.524531 18.523080 18.520307 18.515122 18.505641 18.488693 18.459067 18.408417 18.323700 18.185026 17.962812 17.614187 17.078780 16.274475 15.094769 13.411519 11.090720 8.033982 4.258235 0.000000 
50.000000 44.898163 39.958430 35.327465 31.123500 27.427701 24.280861 21.685326 19.611149 18.004861 16.799093 15.921528 15.302097 14.877932 14.596065 14.414236 14.300331 14.231014 14.190021 14.166453 14.153275 14.146107 14.142310 14.140350 14.139360 14.138862 14.138593 14.138403 14.138179 14.137797 14.137069 14.135660 14.132978 14.127981 14.118885 14.102709 14.074605 14.026909 13.947829 13.819744 13.617117 13.304154 12.832590 12.140431 11.153227 9.790623 7.982142 5.696153 2.980870 0.000000 
50.000000 44.383266 38.945002 33.846677 29.218459 25.149707 21.685326 18.827898 16.544449 14.776109 13.448709 12.482627 11.800724 11.333785 11.023498 10.823338 10.697951 10.621648 10.576524 10.550581 10.536076 10.528186 10.524007 10.521851 10.520762 10.520217 10.519928 10.519734 10.519520 10.519167 10.518500 10.517218 10.514786 10.510274 10.502099 10.487639 10.462676 10.420624 10.351513 10.240732 10.067629 9.804148 9.413949 8.852736 8.070927 7.020220 5.665573 4.002853 2.078447 0.000000 
50.000000 43.971786 38.135122 32.663311 27.696061 23.329275 19.611149 16.544449 14.093783 12.195961 10.771376 9.734575 9.002761 8.501652 8.168662 7.953859 7.819301 7.737418 7.688995 7.661156 7.645592 7.637125 7.632641 7.630328 7.629161 7.628579 7.628277 7.628085 7.627888 7.627577 7.627000 7.625896 7.623812 7.619961 7.613017 7.600802 7.579848 7.544809 7.487713 7.397096 7.257122 7.046891 6.740302 6.306995 5.715088 4.936398 3.954501 2.774785 1.433483 0.000000 
50.000000 43.653118 37.507918 31.746868 26.517065 21.919482 18.004861 14.776109 12.195961 10.197881 8.698051 7.606496 6.836043 6.308481 5.957916 5.731780 5.590124 5.503923 5.452947 5.423641 5.407256 5.398343 5.393624 5.391189 5.389963 5.389354 5.389043 5.388855 5.388679 5.388418 5.387942 5.387038 5.385339 5.382214 5.376606 5.366795 5.350068 5.322297 5.277408 5.206824 5.098940 4.938839 4.708480 4.387743 3.956670 3.399186 2.708169 1.890980 0.973512 0.000000 
50.000000 43.413902 37.037092 31.058922 25.632033 20.861206 16.799093 13.448709 10.771376 8.698051 7.141751 6.009107 5.209659 4.662247 4.298498 4.063858 3.916877 3.827437 3.774546 3.744140 3.727140 3.717893 3.712997 3.710472 3.709200 3.708571 3.708255 3.708074 3.707921 3.707709 3.707333 3.706626 3.705303 3.702881 3.698556 3.691028 3.678272 3.657235 3.623488 3.570875 3.491227 3.374280 3.207976 2.979349 2.676180 2.289471 1.816506 1.263833 0.649035 0.000000 
50.000000 43.239793 36.694412 30.558218 24.987890 20.090980 15.921528 12.482627 9.734575 7.606496 6.009107 4.846567 4.026025 3.464174 3.090832 2.850008 2.699154 2.607359 2.553075 2.521869 2.504422 2.494932 2.489907 2.487316 2.486013 2.485370 2.485051 2.484877 2.484744 2.484577 2.484292 2.483761 2.482775 2.480977 2.477780 2.472244 2.462917 2.447632 2.423283 2.385619 2.329088 2.246862 2.131115 1.973699 1.767279 1.506902 1.191795 0.826956 0.423905 0.000000 
50.000000 43.116894 36.452523 30.204786 24.533213 19.547308 15.302097 11.800724 9.002761 6.836043 5.209659 4.026025 3.190599 2.618561 2.238453 1.993266 1.839681 1.746224 1.690959 1.659189 1.641426 1.631765 1.626650 1.624013 1.622687 1.622034 1.621714 1.621546 1.621431 1.621302 1.621093 1.620710 1.620003 1.618721 1.616450 1.612539 1.605982 1.595299 1.578393 1.552424 1.513747 1.457952 1.380100 1.275188 1.138891 0.968527 0.764088 0.529082 0.270837 0.000000 
50.000000 43.032734 36.286881 29.962762 24.221859 19.175017 14.877932 11.333785 8.501652 6.308481 4.662247 3.464174 2.618561 2.039551 1.654813 1.406640 1.251187 1.156593 1.100656 1.068500 1.050522 1.040744 1.035567 1.032898 1.031557 1.030898 1.030577 1.030415 1.030315 1.030216 1.030067 1.029800 1.029312 1.028431 1.026879 1.024216 1.019775 1.012579 1.001256 0.983975 0.958412 0.921803 0.871109 0.803326 0.715951 0.607551 0.478356 0.330692 0.169099 0.000000 
50.000000 42.976805 36.176803 29.801926 24.014953 18.927619 14.596065 11.023498 8.168662 5.957916 4.298498 3.090832 2.238453 1.654813 1.267000 1.016845 0.860151 0.764802 0.708420 0.676008 0.657887 0.648030 0.642813 0.640123 0.638772 0.638109 0.637788 0.637631 0.637541 0.637465 0.637361 0.637181 0.636856 0.636273 0.635249 0.633500 0.630596 0.625915 0.618588 0.607469 0.591122 0.567860 0.535860 0.493357 0.438927 0.371819 0.292283 0.201795 0.103100 0.000000 
50.000000 42.940725 36.105791 29.698170 23.881477 18.768023 14.414236 10.823338 7.953859 5.731780 4.063858 2.850008 1.993266 1.406640 1.016845 0.765413 0.607919 0.512085 0.455415 0.422837 0.404624 0.394718 0.389474 0.386771 0.385413 0.384748 0.384427 0.384273 0.384191 0.384131 0.384060 0.383942 0.383733 0.383359 0.382707 0.381597 0.379762 0.376816 0.372228 0.365302 0.355174 0.340842 0.321239 0.295351 0.262382 0.221946 0.174241 0.120171 0.061355 0.000000 
50.000000 42.918121 36.061304 29.633171 23.797861 18.668045 14.300331 10.697951 7.819301 5.590124 3.916878 2.699155 1.839682 1.251187 0.860151 0.607919 0.449925 0.353786 0.296937 0.264256 0.245986 0.236048 0.230787 0.228076 0.226714 0.226047 0.225727 0.225575 0.225498 0.225450 0.225400 0.225325 0.225195 0.224963 0.224561 0.223879 0.222756 0.220962 0.218179 0.213997 0.207911 0.199341 0.187678 0.172350 0.152923 0.129200 0.101320 0.069818 0.035627 0.000000 
50.000000 42.904365 36.034231 29.593614 23.746975 18.607203 14.231015 10.621649 7.737419 5.503924 3.827438 2.607360 1.746225 1.156594 0.764804 0.512086 0.353787 0.257464 0.200505 0.167762 0.149456 0.139499 0.134229 0.131512 0.130148 0.129480 0.129160 0.129010 0.128937 0.128896 0.128861 0.128813 0.128734 0.128595 0.128355 0.127949 0.127283 0.126224 0.124587 0.122137 0.118586 0.113609 0.106864 0.098038 0.086897 0.073342 0.057463 0.039569 0.020182 0.000000 
50.000000 42.896230 36.018220 29.570221 23.716882 18.571222 14.190024 10.576527 7.688998 5.452950 3.774550 2.553079 1.690963 1.100660 0.708424 0.455418 0.296940 0.200507 0.143484 0.110704 0.092377 0.082410 0.077133 0.074413 0.073048 0.072379 0.072060 0.071910 0.071840 0.071803 0.071777 0.071748 0.071700 0.071619 0.071480 0.071246 0.070863 0.070256 0.069321 0.067927 0.065915 0.063105 0.059312 0.054366 0.048145 0.040600 0.031786 0.021874 0.011153 0.000000 
50.000000 42.891554 36.009016 29.556773 23.699583 18.550538 14.166460 10.550589 7.661164 5.423649 3.744148 2.521878 1.659197 1.068509 0.676017 0.422846 0.264265 0.167769 0.110709 0.077907 0.059569 0.049595 0.044315 0.041594 0.040227 0.039559 0.039240 0.039090 0.039021 0.038988 0.038967 0.038948 0.038921 0.038875 0.038796 0.038665 0.038451 0.038113 0.037595 0.036824 0.035715 0.034172 0.032096 0.029397 0.026013 0.021921 0.017151 0.011797 0.006013 0.000000 
50.000000 42.888940 36.003872 29.549257 23.689915 18.538979 14.153292 10.536094 7.645611 5.407276 3.727161 2.504443 1.641448 1.050544 0.657908 0.404646 0.246007 0.149476 0.092396 0.059582 0.041238 0.031260 0.025978 0.023255 0.021888 0.021220 0.020901 0.020752 0.020684 0.020652 0.020635 0.020622 0.020606 0.020580 0.020537 0.020466 0.020350 0.020167 0.019887 0.019472 0.018878 0.018052 0.016945 0.015510 0.013716 0.011550 0.009032 0.006210 0.003164 0.000000 
50.000000 42.887521 36.001080 29.545178 23.684668 18.532706 14.146145 10.528228 7.637169 5.398390 3.717941 2.494981 1.631815 1.040795 0.648082 0.394769 0.236099 0.139550 0.082458 0.049638 0.031289 0.021310 0.016027 0.013304 0.011937 0.011268 0.010949 0.010800 0.010733 0.010702 0.010687 0.010677 0.010667 0.010653 0.010630 0.010592 0.010531 0.010434 0.010287 0.010069 0.009758 0.009327 0.008750 0.008004 0.007074 0.005954 0.004654 0.003198 0.001629 0.000000 
50.000000 42.886778 35.999616 29.543040 23.681917 18.529417 14.142398 10.524104 7.632744 5.393732 3.713108 2.490022 1.626766 1.035684 0.642930 0.389592 0.230905 0.134346 0.077248 0.044425 0.026075 0.016094 0.010810 0.008087 0.006720 0.006051 0.005732 0.005584 0.005516 0.005486 0.005472 0.005464 0.005458 0.005450 0.005438 0.005418 0.005386 0.005336 0.005259 0.005146 0.004985 0.004763 0.004466 0.004083 0.003607 0.003034 0.002371 0.001629 0.000829 0.000000 
50.000000 42.886410 35.998893 29.541984 23.680559 18.527793 14.140548 10.522068 7.630560 5.391432 3.710723 2.487573 1.624273 1.033161 0.640388 0.387036 0.228341 0.131777 0.074676 0.041852 0.023501 0.013519 0.008235 0.005512 0.004145 0.003476 0.003157 0.003009 0.002941 0.002911 0.002898 0.002891 0.002887 0.002882 0.002875 0.002864 0.002847 0.002820 0.002779 0.002718 0.002632 0.002514 0.002356 0.002153 0.001901 0.001599 0.001248 0.000857 0.000437 0.000000 
50.000000 42.886261 35.998599 29.541554 23.680006 18.527132 14.139795 10.521239 7.629670 5.390496 3.709751 2.486576 1.623258 1.032134 0.639352 0.385996 0.227298 0.130732 0.073630 0.040804 0.022453 0.012471 0.007187 0.004464 0.003097 0.002428 0.002109 0.001960 0.001893 0.001863 0.001850 0.001844 0.001840 0.001837 0.001832 0.001825 0.001814 0.001796 0.001770 0.001731 0.001676 0.001600 0.001499 0.001369 0.001208 0.001016 0.000793 0.000544 0.000277 0.000000 
50.000000 42.886261 35.998599 29.541554 23.680006 18.527132 14.139795 10.521239 7.629670 5.390496 3.709751 2.486576 1.623258 1.032134 0.639352 0.385996 0.227298 0.130732 0.073630 0.040804 0.022453 0.012471 0.007187 0.004464 0.003097 0.002428 0.002109 0.001960 0.001893 0.001863 0.001850 0.001844 0.001840 0.001837 0.001832 0.001825 0.001814 0.001796 0.001770 0.001731 0.001676 0.001600 0.001499 0.001369 0.001208 0.001016 0.000793 0.000544 0.000277 0.000000 
50.000000 42.886410 35.998893 29.541984 23.680559 18.527793 14.140548 10.522068 7.630560 5.391432 3.710723 2.487573 1.624273 1.033161 0.640388 0.387036 0.228341 0.131777 0.074676 0.041852 0.023501 0.013519 0.008235 0.005512 0.004145 0.003476 0.003157 0.003009 0.002941 0.002911 0.002898 0.002891 0.002887 0.002882 0.002875 0.002864 0.002847 0.002820 0.002779 0.002718 0.002632 0.002514 0.002356 0.002153 0.001901 0.001599 0.001248 0.000857 0.000437 0.000000 
50.000000 42.886778 35.999616 29.543040 23.681917 18.529417 14.142398 10.524104 7.632744 5.393732 3.713108 2.490022 1.626766 1.035684 0.642930 0.389592 0.230905 0.134346 0.077248 0.044425 0.026075 0.016094 0.010810 0.008087 0.006720 0.006051 0.005732 0.005584 0.005516 0.005486 0.005472 0.005464 0.005458 0.005450 0.005438 0.005418 0.005386 0.005336 0.005259 0.005146 0.004985 0.004763 0.004466 0.004083 0.003607 0.003034 0.002371 0.001629 0.000829 0.000000 
50.000000 42.887521 36.001080 29.545178 23.684668 18.532706 14.146145 10.528228 7.637169 5.398390 3.717941 2.494981 1.631815 1.040795 0.648082 0.394769 0.236099 0.139550 0.082458 0.049638 0.031289 0.021310 0.016027 0.013304 0.011937 0.011268 0.010949 0.010800 0.010733 0.010702 0.010687 0.010677 0.010667 0.010653 0.010630 0.010592 0.010531 0.010434 0.010287 0.010069 0.009758 0.009327 0.008750 0.008004 0.007074 0.005954 0.004654 0.003198 0.001629 0.000000 
50.000000 42.888940 36.003872 29.549257 23.689915 18.538979 14.153292 10.536094 7.645611 5.407276 3.727161 2.504443 1.641448 1.050544 0.657908 0.404646 0.246007 0.149476 0.092396 0.059582 0.041238 0.031260 0.025978 0.023255 0.021888 0.021220 0.020901 0.020752 0.020684 0.020652 0.020635 0.020622 0.020606 0.020580 0.020537 0.020466 0.020350 0.020167 0.019887 0.019472 0.018878 0.018052 0.016945 0.015510 0.013716 0.011550 0.009032 0.006210 0.003164 0.000000 
50.000000 42.891554 36.009016 29.556773 23.699583 18.550538 14.166460 10.550589 7.661164 5.423649 3.744148 2.521878 1.659197 1.068509 0.676017 0.422846 0.264265 0.167769 0.110709 0.077907 0.059569 0.049595 0.044315 0.041594 0.040227 0.039559 0.039240 0.039090 0.039021 0.038988 0.038967 0.038948 0.038921 0.038875 0.038796 0.038665 0.038451 0.038113 0.037595 0.036824 0.035715 0.034172 0.032096 0.029397 0.026013 0.021921 0.017151 0.011797 0.006013 0.000000 
50.000000 42.896230 36.018220 29.570221 23.716882 18.571222 14.190024 10.576527 7.688998 5.452950 3.774550 2.553079 1.690963 1.100660 0.708424 0.455418 0.296940 0.200507 0.143484 0.110704 0.092377 0.082410 0.077133 0.074413 0.073048 0.072379 0.072060 0.071910 0.071840 0.071803 0.071777 0.071748 0.071700 0.071619 0.071480 0.071246 0.070863 0.070256 0.069321 0.067927 0.065915 0.063105 0.059312 0.054366 0.048145 0.040600 0.031786 0.021874 0.011153 0.000000 
50.000000 42.904365 36.034231 29.593614 23.746975 18.607203 14.231015 10.621649 7.737419 5.503924 3.827438 2.607360 1.746225 1.156594 0.764804 0.512086 0.353787 0.257464 0.200505 0.167762 0.149456 0.139499 0.134229 0.131512 0.130148 0.129480 0.129160 0.129010 0.128937 0.128896 0.128861 0.128813 0.128734 0.128595 0.128355 0.127949 0.127283 0.126224 0.124587 0.122137 0.118586 0.113609 0.106864 0.098038 0.086897 0.073342 0.057463 0.039569 0.020182 0.000000 
50.000000 42.918121 36.061304 29.633171 23.797861 18.668045 14.300331 10.697951 7.819301 5.590124 3.916878 2.699155 1.839682 1.251187 0.860151 0.607919 0.449925 0.353786 0.296937 0.264256 0.245986 0.236048 0.230787 0.228076 0.226714 0.226047 0.225727 0.225575 0.225498 0.225450 0.225400 0.225325 0.225195 0.224963 0.224561 0.223879 0.222756 0.220962 0.218179 0.213997 0.207911 0.199341 0.187678 0.172350 0.152923 0.129200 0.101320 0.069818 0.035627 0.000000 
50.000000 42.940725 36.105791 29.698170 23.881477 18.768023 14.414236 10.823338 7.953859 5.731780 4.063858 2.850008 1.993266 1.406640 1.016845 0.765413 0.607919 0.512085 0.455415 0.422837 0.404624 0.394718 0.389474 0.386771 0.385413 0.384748 0.384427 0.384273 0.384191 0.384131 0.384060 0.383942 0.383733 0.383359 0.382707 0.381597 0.379762 0.376816 0.372228 0.365302 0.355174 0.340842 0.321239 0.295351 0.262382 0.221946 0.174241 0.120171 0.061355 0.000000 
50.000000 42.976805 36.176803 29.801926 24.014953 18.927619 14.596065 11.023498 8.168662 5.957916 4.298498 3.090832 2.238453 1.654813 1.267000 1.016845 0.860151 0.764802 0.708420 0.676008 0.657887 0.648030 0.642813 0.640123 0.638772 0.638109 0.637788 0.637631 0.637541 0.637465 0.637361 0.637181 0.636856 0.636273 0.635249 0.633500 0.630596 0.625915 0.618588 0.607469 0.591122 0.567860 0.535860 0.493357 0.438927 0.371819 0.292283 0.201795 0.103100 0.000000 
50.000000 43.032734 36.286881 29.962762 24.221859 19.175017 14.877932 11.333785 8.501652 6.308481 4.662247 3.464174 2.618561 2.039551 1.654813 1.406640 1.251187 1.156593 1.100656 1.068500 1.050522 1.040744 1.035567 1.032898 1.031557 1.030898 1.030577 1.030415 1.030315 1.030216 1.030067 1.029800 1.029312 1.028431 1.026879 1.024216 1.019775 1.012579 1.001256 0.983975 0.958412 0.921803 0.871109 0.803326 0.715951 0.607551 0.478356 0.330692 0.169099 0.000000 
50.000000 43.116894 36.452523 30.204786 24.533213 19.547308 15.302097 11.800724 9.002761 6.836043 5.209659 4.026025 3.190599 2.618561 2.238453 1.993266 1.839681 1.746224 1.690959 1.659189 1.641426 1.631765 1.626650 1.624013 1.622687 1.622034 1.621714 1.621546 1.621431 1.621302 1.621093 1.620710 1.620003 1.618721 1.616450 1.612539 1.605982 1.595299 1.578393 1.552424 1.513747 1.457952 1.380100 1.275188 1.138891 0.968527 0.764088 0.529082 0.270837 0.000000 
50.000000 43.239793 36.694412 30.558218 24.987890 20.090980 15.921528 12.482627 9.734575 7.606496 6.009107 4.846567 4.026025 3.464174 3.090832 2.850008 2.699154 2.607359 2.553075 2.521869 2.504422 2.494932 2.489907 2.487316 2.486013 2.485370 2.485051 2.484877 2.484744 2.484577 2.484292 2.483761 2.482775 2.480977 2.477780 2.472244 2.462917 2.447632 2.423283 2.385619 2.329088 2.246862 2.131115 1.973699 1.767279 1.506902 1.191795 0.826956 0.423905 0.000000 
50.000000 43.413902 37.037092 31.058922 25.632033 20.861206 16.799093 13.448709 10.771376 8.698051 7.141751 6.009107 5.209659 4.662247 4.298498 4.063858 3.916877 3.827437 3.774546 3.744140 3.727140 3.717893 3.712997 3.710472 3.709200 3.708571 3.708255 3.708074 3.707921 3.707709 3.707333 3.706626 3.705303 3.702881 3.698556 3.691028 3.678272 3.657235 3.623488 3.570875 3.491227 3.374280 3.207976 2.979349 2.676180 2.289471 1.816506 1.263833 0.649035 0.000000 
50.000000 43.653118 37.507918 31.746868 26.517065 21.919482 18.004861 14.776109 12.195961 10.197881 8.698051 7.606496 6.836043 6.308481 5.957916 5.731780 5.590124 5.503923 5.452947 5.423641 5.407256 5.398343 5.393624 5.391189 5.389963 5.389354 5.389043 5.388855 5.388679 5.388418 5.387942 5.387038 5.385339 5.382214 5.376606 5.366795 5.350068 5.322297 5.277408 5.206824 5.098940 4.938839 4.708480 4.387743 3.956670 3.399186 2.708169 1.890980 0.973512 0.000000 
50.000000 43.971786 38.135122 32.663311 27.696061 23.329275 19.611149 16.544449 14.093783 12.195961 10.771376 9.734575 9.002761 8.501652 8.168662 7.953859 7.819301 7.737418 7.688995 7.661156 7.645592 7.637125 7.632641 7.630328 7.629161 7.628579 7.628277 7.628085 7.627888 7.627577 7.627000 7.625896 7.623812 7.619961 7.613017 7.600802 7.579848 7.544809 7.487713 7.397096 7.257122 7.046891 6.740302 6.306995 5.715088 4.936398 3.954501 2.774785 1.433483 0.000000 
50.000000 44.383266 38.945002 33.846677 29.218459 25.149707 21.685326 18.827898 16.544449 14.776109 13.448709 12.482627 11.800724 11.333785 11.023498 10.823338 10.697951 10.621648 10.576524 10.550581 10.536076 10.528186 10.524007 10.521851 10.520762 10.520217 10.519928 10.519734 10.519520 10.519167 10.518500 10.517218 10.514786 10.510274 10.502099 10.487639 10.462676 10.420624 10.351513 10.240732 10.067629 9.804148 9.413949 8.852736 8.070927 7.020220 5.665573 4.002853 2.078447 0.000000 
50.000000 44.898163 39.958430 35.327465 31.123500 27.427701 24.280861 21.685326 19.611149 18.004861 16.799093 15.921528 15.302097 14.877932 14.596065 14.414236 14.300331 14.231014 14.190021 14.166453 14.153275 14.146107 14.142310 14.140350 14.139360 14.138862 14.138593 14.138403 14.138179 14.137797 14.137069 14.135660 14.132978 14.127981 14.118885 14.102709 14.074605 14.026909 13.947829 13.819744 13.617117 13.304154 12.832590 12.140431 11.153227 9.790623 7.982142 5.696153 2.980870 0.000000 
50.000000 45.522414 41.187094 37.122753 33.433157 30.189539 27.427701 25.149707 23.329275 21.919482 20.861206 20.090980 19.547308 19.175017 18.927619 18.768023 18.668045 18.607202 18.571219 18.550532 18.538965 18.532672 18.529339 18.527619 18.526748 18.526308 18.526067 18.525888 18.525666 18.525278 18.524531 18.523080 18.520307 18.515122 18.505641 18.488693 18.459067 18.408417 18.323700 18.185026 17.962812 17.614187 17.078780 16.274475 15.094769 13.411519 11.090720 8.033982 4.258235 0.000000 
50.000000 46.255552 42.630073 39.231199 36.145703 33.433157 31.123500 29.218459 27.696061 26.517065 25.632033 24.987890 24.533213 24.221859 24.014953 23.881477 23.797861 23.746974 23.716880 23.699578 23.689903 23.684640 23.681852 23.680412 23.679683 23.679313 23.679107 23.678948 23.678742 23.678377 23.677667 23.676284 23.673634 23.668661 23.659532 23.643134 23.614307 23.564685 23.480988 23.342561 23.117879 22.759663 22.198240 21.332877 20.021638 18.072852 15.248397 11.305134 6.126975 0.000000 
50.000000 47.089484 44.271439 41.629529 39.231199 37.122753 35.327465 33.846677 32.663311 31.746868 31.058922 30.558218 30.204786 29.962762 29.801926 29.698170 29.633170 29.593614 29.570219 29.556769 29.549248 29.545156 29.542989 29.541869 29.541302 29.541013 29.540850 29.540720 29.540547 29.540235 29.539626 29.538437 29.536152 29.531851 29.523929 29.509643 29.484405 29.440698 29.366423 29.242415 29.038699 28.708810 28.181104 27.345323 26.032033 23.982802 20.814764 16.009570 9.045327 0.000000 
50.000000 48.008111 46.079505 44.271439 42.630073 41.187094 39.958430 38.945002 38.135122 37.507918 37.037092 36.694412 36.452523 36.286881 36.176803 36.105791 36.061304 36.034231 36.018219 36.009013 36.003865 36.001065 35.999581 35.998815 35.998426 35.998228 35.998115 35.998022 35.997897 35.997668 35.997222 35.996347 35.994663 35.991486 35.985620 35.975008 35.956189 35.923442 35.867456 35.773259 35.616937 35.360337 34.942149 34.262277 33.153112 31.324939 28.261870 23.039752 14.129457 0.000000 
50.000000 48.987979 48.008111 47.089484 46.255552 45.522414 44.898163 44.383266 43.971786 43.653118 43.413902 43.239793 43.116894 43.032734 42.976805 42.940724 42.918121 42.904365 42.896230 42.891552 42.888937 42.887514 42.886760 42.886370 42.886173 42.886072 42.886014 42.885966 42.885900 42.885779 42.885542 42.885078 42.884184 42.882494 42.879369 42.873704 42.863634 42.846057 42.815889 42.764866 42.679606 42.538303 42.304819 41.917293 41.264179 40.128577 38.044157 33.878654 24.493990 0.000000 
50.000000 50.000000 50.000000 50.000000 50.000000 50.000000 50.000000 50.000000 50.000000 50.000000 50.000000 50.000000 50.000000 50.000000 50.000000 50.000000 50.000000 50.000000 50.000000 50.000000 50.000000 50.000000 50.000000 50.000000 50.000000 50.000000 50.000000 50.000000 50.000000 50.000000 50.000000 50.000000 50.000000 50.000000 50.000000 50.000000 50.000000 50.000000 50.000000 50.000000 50.000000 50.000000 50.000000 50.000000 50.000000 50.000000 50.000000 50.000000 50.000000 50.000000 
