50.000000 50.000000 50.000000 50.000000 50.000000 50.000000 50.000000 50.000000 50.000000 50.000000 50.000000 50.000000 50.000000 50.000000 50.000000 50.000000 50.000000 50.000000 50.000000 50.000000 50.000000 50.000000 50.000000 50.000000 50.000000 50.000000 50.000000 50.000000 50.000000 50.000000 50.000000 50.000000 50.000000 50.000000 50.000000 50.000000 50.000000 50.000000 50.000000 50.000000 50.000000 50.000000 50.000000 50.000000 50.000000 50.000000 50.000000 50.000000 50.000000 50.000000 
50.000000 48.329509 46.746570 45.324989 44.114670 43.137335 42.388382 41.843331 41.466336 41.218289 41.062891 40.970099 40.917234 40.888467 40.873500 40.866045 40.862488 40.860859 40.860143 40.859841 40.859718 40.859669 40.859651 40.859645 40.859642 40.859641 40.859641 40.859641 40.859640 40.859637 40.859630 40.859610 40.859557 40.859425 40.859104 40.858344 40.856608 40.852767 40.844529 40.827388 40.792710 40.724285 40.592009 40.339792 39.860633 38.939863 37.110082 33.234037 24.164755 0.000000 
50.000000 46.746570 43.663661 40.895018 38.537836 36.634418 35.175797 34.114296 33.380095 32.897027 32.594394 32.413689 32.310739 32.254719 32.225572 32.211055 32.204128 32.200957 32.199563 32.198974 32.198734 32.198640 32.198605 32.198592 32.198587 32.198586 32.198585 32.198584 32.198583 32.198578 32.198564 32.198528 32.198433 32.198194 32.197611 32.196237 32.193106 32.186200 32.171451 32.140927 32.079616 31.959843 31.731593 31.305560 30.522625 29.097231 26.511466 21.831830 13.512534 0.000000 
50.000000 45.324989 40.895018 36.916649 33.529549 30.794500 28.698611 27.173364 26.118424 25.424336 24.989513 24.729881 24.581969 24.501485 24.459610 24.438756 24.428804 24.424248 24.422246 24.421400 24.421055 24.420921 24.420870 24.420851 24.420845 24.420843 24.420842 24.420841 24.420838 24.420832 24.420815 24.420768 24.420646 24.420341 24.419598 24.417854 24.413894 24.405201 24.386751 24.348868 24.273557 24.128448 23.857063 23.363627 22.490076 20.983519 18.458325 14.383551 8.214908 0.000000 
50.000000 44.114670 38.537836 33.529549 29.265636 25.822611 23.184234 21.264234 19.936289 19.062600 18.515276 18.188479 18.002308 17.901009 17.848306 17.822061 17.809536 17.803803 17.801283 17.800219 17.799786 17.799616 17.799552 17.799529 17.799521 17.799518 17.799517 17.799516 17.799513 17.799506 17.799488 17.799437 17.799307 17.798981 17.798192 17.796345 17.792173 17.783069 17.763890 17.724879 17.648251 17.502864 17.236388 16.764617 15.958563 14.632818 12.546030 9.440605 5.174808 0.000000 
50.000000 43.137335 36.634418 30.794500 25.822611 21.807964 18.731606 16.492922 14.944598 13.925942 13.287822 12.906823 12.689781 12.571689 12.510252 12.479657 12.465058 12.458376 12.455439 12.454198 12.453693 12.453496 12.453421 12.453394 12.453385 12.453381 12.453380 12.453379 12.453376 12.453370 12.453352 12.453305 12.453182 12.452875 12.452135 12.450411 12.446538 12.438145 12.420607 12.385292 12.316782 12.188813 11.958825 11.561639 10.903982 9.864048 8.304424 6.111793 3.276702 0.000000 
50.000000 42.388382 35.175797 28.698611 23.184234 18.731606 15.319688 12.836866 11.119731 9.990042 9.282387 8.859884 8.619208 8.488260 8.420138 8.386216 8.370030 8.362621 8.359365 8.357989 8.357430 8.357211 8.357128 8.357098 8.357088 8.357084 8.357083 8.357082 8.357079 8.357074 8.357059 8.357018 8.356913 8.356651 8.356023 8.354568 8.351316 8.344319 8.329820 8.300917 8.245531 8.143604 7.963716 7.659844 7.169966 6.419617 5.334984 3.870237 2.048590 0.000000 
50.000000 41.843331 34.114296 27.173364 21.264234 16.492922 12.836866 10.176438 8.336510 7.126067 6.367847 5.915169 5.657311 5.517020 5.444039 5.407699 5.390360 5.382424 5.378937 5.377463 5.376864 5.376630 5.376541 5.376509 5.376497 5.376494 5.376492 5.376491 5.376489 5.376485 5.376473 5.376441 5.376358 5.376154 5.375664 5.374535 5.372028 5.366670 5.355659 5.333922 5.292746 5.218002 5.088219 4.873150 4.534097 4.027846 3.316300 2.382703 1.251322 0.000000 
50.000000 41.466336 33.380095 26.118424 19.936289 14.944598 11.119731 8.336510 6.411698 5.145439 4.352276 3.878747 3.609021 3.462277 3.385942 3.347933 3.329798 3.321498 3.317850 3.316310 3.315683 3.315438 3.315345 3.315312 3.315300 3.315296 3.315294 3.315293 3.315292 3.315289 3.315280 3.315256 3.315196 3.315048 3.314694 3.313881 3.312088 3.308281 3.300519 3.285334 3.256874 3.205849 3.118508 2.976127 2.755785 2.433425 1.989976 1.420252 0.742051 0.000000 
50.000000 41.218289 32.897027 25.424336 19.062600 13.925942 9.990042 7.126067 5.145439 3.842486 3.026353 2.539123 2.261598 2.110615 2.032077 1.992973 1.974316 1.965777 1.962024 1.960439 1.959795 1.959543 1.959447 1.959413 1.959401 1.959396 1.959395 1.959394 1.959393 1.959391 1.959385 1.959369 1.959328 1.959227 1.958988 1.958442 1.957244 1.954715 1.949598 1.939671 1.921243 1.888565 1.833322 1.744511 1.609160 1.414349 1.150779 0.817410 0.425579 0.000000 
50.000000 41.062891 32.594394 24.989513 18.515276 13.287822 9.282387 6.367847 4.352276 3.026353 2.195847 1.700044 1.417641 1.264007 1.184092 1.144303 1.125319 1.116631 1.112813 1.111201 1.110545 1.110289 1.110192 1.110156 1.110144 1.110140 1.110138 1.110138 1.110137 1.110136 1.110132 1.110121 1.110095 1.110031 1.109879 1.109535 1.108782 1.107204 1.104031 1.097923 1.086683 1.066941 1.033925 0.981469 0.902530 0.790397 0.640646 0.453467 0.235502 0.000000 
50.000000 40.970099 32.413689 24.729881 18.188479 12.906823 8.859884 5.915169 3.878747 2.539123 1.700044 1.199129 0.913818 0.758605 0.677870 0.637672 0.618494 0.609718 0.605861 0.604232 0.603570 0.603310 0.603212 0.603177 0.603164 0.603160 0.603159 0.603158 0.603158 0.603157 0.603154 0.603148 0.603132 0.603094 0.603003 0.602798 0.602352 0.601422 0.599565 0.596012 0.589525 0.578229 0.559510 0.530064 0.486216 0.424589 0.343130 0.242238 0.125570 0.000000 
50.000000 40.917234 32.310739 24.581969 18.002308 12.689781 8.619208 5.657311 3.609021 2.261598 1.417641 0.913818 0.626854 0.470743 0.389541 0.349112 0.329824 0.320997 0.317118 0.315479 0.314813 0.314553 0.314454 0.314418 0.314406 0.314401 0.314400 0.314400 0.314399 0.314399 0.314397 0.314394 0.314385 0.314363 0.314312 0.314196 0.313946 0.313427 0.312396 0.310437 0.306883 0.300740 0.290641 0.274889 0.251637 0.219240 0.176768 0.124539 0.064468 0.000000 
50.000000 40.888467 32.254719 24.501485 17.901009 12.571689 8.488260 5.517020 3.462277 2.110615 1.264007 0.758605 0.470743 0.314144 0.232689 0.192134 0.172786 0.163932 0.160041 0.158397 0.157729 0.157468 0.157369 0.157333 0.157321 0.157316 0.157315 0.157314 0.157314 0.157314 0.157313 0.157311 0.157306 0.157295 0.157267 0.157205 0.157072 0.156797 0.156253 0.155225 0.153372 0.150189 0.144992 0.136944 0.125151 0.108836 0.087591 0.061612 0.031859 0.000000 
50.000000 40.873500 32.225572 24.459610 17.848306 12.510252 8.420138 5.444039 3.385942 2.032077 1.184092 0.677870 0.389541 0.232689 0.151103 0.110482 0.091104 0.082235 0.078338 0.076692 0.076023 0.075761 0.075662 0.075626 0.075613 0.075609 0.075608 0.075607 0.075607 0.075607 0.075606 0.075605 0.075603 0.075597 0.075583 0.075551 0.075484 0.075345 0.075071 0.074557 0.073635 0.072060 0.069504 0.065570 0.059840 0.051961 0.041756 0.029334 0.015155 0.000000 
50.000000 40.866045 32.211055 24.438756 17.822061 12.479657 8.386216 5.407699 3.347933 1.992973 1.144303 0.637672 0.349112 0.192134 0.110482 0.069830 0.050436 0.041560 0.037660 0.036012 0.035343 0.035081 0.034982 0.034946 0.034933 0.034929 0.034927 0.034927 0.034927 0.034927 0.034926 0.034926 0.034925 0.034922 0.034915 0.034900 0.034867 0.034800 0.034669 0.034423 0.033985 0.033239 0.032036 0.030193 0.027522 0.023869 0.019157 0.013445 0.006941 0.000000 
50.000000 40.862488 32.204128 24.428804 17.809536 12.465058 8.370030 5.390360 3.329798 1.974316 1.125319 0.618494 0.329824 0.172786 0.091104 0.050436 0.031034 0.022155 0.018254 0.016605 0.015936 0.015673 0.015574 0.015538 0.015526 0.015521 0.015520 0.015520 0.015519 0.015519 0.015519 0.015519 0.015518 0.015517 0.015514 0.015507 0.015492 0.015461 0.015401 0.015288 0.015088 0.014750 0.014207 0.013378 0.012183 0.010555 0.008463 0.005934 0.003062 0.000000 
50.000000 40.860859 32.200957 24.424248 17.803803 12.458376 8.362621 5.382424 3.321498 1.965777 1.116631 0.609718 0.320997 0.163932 0.082235 0.041560 0.022155 0.013275 0.009373 0.007724 0.007054 0.006792 0.006693 0.006657 0.006644 0.006640 0.006639 0.006638 0.006638 0.006638 0.006638 0.006638 0.006637 0.006637 0.006635 0.006632 0.006626 0.006612 0.006585 0.006536 0.006449 0.006302 0.006066 0.005708 0.005194 0.004496 0.003602 0.002524 0.001302 0.000000 
50.000000 40.860143 32.199563 24.422246 17.801283 12.455439 8.359365 5.378937 3.317850 1.962024 1.112813 0.605861 0.317118 0.160041 0.078338 0.037660 0.018254 0.009373 0.005470 0.003821 0.003151 0.002889 0.002790 0.002754 0.002741 0.002737 0.002736 0.002735 0.002735 0.002735 0.002735 0.002735 0.002735 0.002735 0.002734 0.002733 0.002730 0.002724 0.002713 0.002692 0.002655 0.002594 0.002496 0.002347 0.002134 0.001846 0.001478 0.001035 0.000534 0.000000 
50.000000 40.859841 32.198974 24.421400 17.800219 12.454198 8.357989 5.377463 3.316310 1.960439 1.111201 0.604232 0.315479 0.158397 0.076692 0.036013 0.016605 0.007724 0.003821 0.002173 0.001503 0.001241 0.001142 0.001106 0.001093 0.001089 0.001087 0.001087 0.001087 0.001086 0.001086 0.001086 0.001086 0.001086 0.001086 0.001085 0.001084 0.001082 0.001077 0.001069 0.001054 0.001030 0.000990 0.000931 0.000846 0.000731 0.000585 0.000409 0.000211 0.000000 
50.000000 40.859718 32.198734 24.421055 17.799786 12.453693 8.357430 5.376864 3.315683 1.959795 1.110545 0.603570 0.314813 0.157729 0.076023 0.035343 0.015936 0.007054 0.003151 0.001503 0.000833 0.000571 0.000472 0.000435 0.000423 0.000418 0.000417 0.000417 0.000416 0.000416 0.000416 0.000416 0.000416 0.000416 0.000416 0.000416 0.000416 0.000415 0.000413 0.000410 0.000404 0.000394 0.000379 0.000356 0.000323 0.000279 0.000223 0.000156 0.000081 0.000000 
50.000000 40.859669 32.198640 24.420921 17.799616 12.453496 8.357211 5.376630 3.315438 1.959543 1.110289 0.603310 0.314553 0.157468 0.075761 0.035081 0.015673 0.006792 0.002889 0.001241 0.000571 0.000308 0.000209 0.000173 0.000161 0.000156 0.000155 0.000154 0.000154 0.000154 0.000154 0.000154 0.000154 0.000154 0.000154 0.000154 0.000154 0.000153 0.000153 0.000152 0.000149 0.000146 0.000140 0.000132 0.000120 0.000103 0.000083 0.000058 0.000030 0.000000 
50.000000 40.859651 32.198605 24.420870 17.799552 12.453421 8.357129 5.376541 3.315346 1.959448 1.110192 0.603213 0.314454 0.157369 0.075662 0.034982 0.015575 0.006693 0.002790 0.001142 0.000472 0.000209 0.000110 0.000074 0.000062 0.000057 0.000056 0.000056 0.000055 0.000055 0.000055 0.000055 0.000055 0.000055 0.000055 0.000055 0.000055 0.000055 0.000055 0.000054 0.000054 0.000052 0.000050 0.000047 0.000043 0.000037 0.000030 0.000021 0.000011 0.000000 
50.000000 40.859645 32.198592 24.420852 17.799529 12.453395 8.357099 5.376509 3.315312 1.959413 1.110157 0.603177 0.314419 0.157334 0.075627 0.034946 0.015539 0.006658 0.002755 0.001106 0.000436 0.000174 0.000075 0.000039 0.000026 0.000022 0.000020 0.000020 0.000020 0.000020 0.000020 0.000020 0.000020 0.000020 0.000020 0.000020 0.000020 0.000020 0.000020 0.000019 0.000019 0.000019 0.000018 0.000017 0.000015 0.000013 0.000010 0.000007 0.000004 0.000000 
50.000000 40.859643 32.198588 24.420846 17.799522 12.453386 8.357089 5.376499 3.315302 1.959403 1.110146 0.603166 0.314408 0.157323 0.075615 0.034935 0.015528 0.006646 0.002743 0.001095 0.000425 0.000163 0.000064 0.000028 0.000015 0.000011 0.000009 0.000009 0.000009 0.000008 0.000008 0.000008 0.000008 0.000008 0.000008 0.000008 0.000008 0.000008 0.000008 0.000008 0.000008 0.000008 0.000008 0.000007 0.000007 0.000006 0.000004 0.000003 0.000002 0.000000 
50.000000 40.859643 32.198588 24.420846 17.799522 12.453386 8.357089 5.376499 3.315302 1.959403 1.110146 0.603166 0.314408 0.157323 0.075615 0.034935 0.015528 0.006646 0.002743 0.001095 0.000425 0.000163 0.000064 0.000028 0.000015 0.000011 0.000009 0.000009 0.000009 0.000008 0.000008 0.000008 0.000008 0.000008 0.000008 0.000008 0.000008 0.000008 0.000008 0.000008 0.000008 0.000008 0.000008 0.000007 0.000007 0.000006 0.000004 0.000003 0.000002 0.000000 
50.000000 40.859645 32.198592 24.420852 17.799529 12.453395 8.357099 5.376509 3.315312 1.959413 1.110157 0.603177 0.314419 0.157334 0.075627 0.034946 0.015539 0.006658 0.002755 0.001106 0.000436 0.000174 0.000075 0.000039 0.000026 0.000022 0.000020 0.000020 0.000020 0.000020 0.000020 0.000020 0.000020 0.000020 0.000020 0.000020 0.000020 0.000020 0.000020 0.000019 0.000019 0.000019 0.000018 0.000017 0.000015 0.000013 0.000010 0.000007 0.000004 0.000000 
50.000000 40.859651 32.198605 24.420870 17.799552 12.453421 8.357129 5.376541 3.315346 1.959448 1.110192 0.603213 0.314454 0.157369 0.075662 0.034982 0.015575 0.006693 0.002790 0.001142 0.000472 0.000209 0.000110 0.000074 0.000062 0.000057 0.000056 0.000056 0.000055 0.000055 0.000055 0.000055 0.000055 0.000055 0.000055 0.000055 0.000055 0.000055 0.000055 0.000054 0.000054 0.000052 0.000050 0.000047 0.000043 0.000037 0.000030 0.000021 0.000011 0.000000 
50.000000 40.859669 32.198640 24.420921 17.799616 12.453496 8.357211 5.376630 3.315438 1.959543 1.110289 0.603310 0.314553 0.157468 0.075761 0.035081 0.015673 0.006792 0.002889 0.001241 0.000571 0.000308 0.000209 0.000173 0.000161 0.000156 0.000155 0.000154 0.000154 0.000154 0.000154 0.000154 0.000154 0.000154 0.000154 0.000154 0.000154 0.000153 0.000153 0.000152 0.000149 0.000146 0.000140 0.000132 0.000120 0.000103 0.000083 0.000058 0.000030 0.000000 
50.000000 40.859718 32.198734 24.421055 17.799786 12.453693 8.357430 5.376864 3.315683 1.959795 1.110545 0.603570 0.314813 0.157729 0.076023 0.035343 0.015936 0.007054 0.003151 0.001503 0.000833 0.000571 0.000472 0.000435 0.000423 0.000418 0.000417 0.000417 0.000416 0.000416 0.000416 0.000416 0.000416 0.000416 0.000416 0.000416 0.000416 0.000415 0.000413 0.000410 0.000404 0.000394 0.000379 0.000356 0.000323 0.000279 0.000223 0.000156 0.000081 0.000000 
50.000000 40.859841 32.198974 24.421400 17.800219 12.454198 8.357989 5.377463 3.316310 1.960439 1.111201 0.604232 0.315479 0.158397 0.076692 0.036013 0.016605 0.007724 0.003821 0.002173 0.001503 0.001241 0.001142 0.001106 0.001093 0.001089 0.001087 0.001087 0.001087 0.001086 0.001086 0.001086 0.001086 0.001086 0.001086 0.001085 0.001084 0.001082 0.001077 0.001069 0.001054 0.001030 0.000990 0.000931 0.000846 0.000731 0.000585 0.000409 0.000211 0.000000 
50.000000 40.860143 32.199563 24.422246 17.801283 12.455439 8.359365 5.378937 3.317850 1.962024 1.112813 0.605861 0.317118 0.160041 0.078338 0.037660 0.018254 0.009373 0.005470 0.003821 0.003151 0.002889 0.002790 0.002754 0.002741 0.002737 0.002736 0.002735 0.002735 0.002735 0.002735 0.002735 0.002735 0.002735 0.002734 0.002733 0.002730 0.002724 0.002713 0.002692 0.002655 0.002594 0.002496 0.002347 0.002134 0.001846 0.001478 0.001035 0.000534 0.000000 
50.000000 40.860859 32.200957 24.424248 17.803803 12.458376 8.362621 5.382424 3.321498 1.965777 1.116631 0.609718 0.320997 0.163932 0.082235 0.041560 0.022155 0.013275 0.009373 0.007724 0.007054 0.006792 0.006693 0.006657 0.006644 0.006640 0.006639 0.006638 0.006638 0.006638 0.006638 0.006638 0.006637 0.006637 0.006635 0.006632 0.006626 0.006612 0.006585 0.006536 0.006449 0.006302 0.006066 0.005708 0.005194 0.004496 0.003602 0.002524 0.001302 0.000000 
50.000000 40.862488 32.204128 24.428804 17.809536 12.465058 8.370030 5.390360 3.329798 1.974316 1.125319 0.618494 0.329824 0.172786 0.091104 0.050436 0.031034 0.022155 0.018254 0.016605 0.015936 0.015673 0.015574 0.015538 0.015526 0.015521 0.015520 0.015520 0.015519 0.015519 0.015519 0.015519 0.015518 0.015517 0.015514 0.015507 0.015492 0.015461 0.015401 0.015288 0.015088 0.014750 0.014207 0.013378 0.012183 0.010555 0.008463 0.005934 0.003062 0.000000 
50.000000 40.866045 32.211055 24.438756 17.822061 12.479657 8.386216 5.407699 3.347933 1.992973 1.144303 0.637672 0.349112 0.192134 0.110482 0.069830 0.050436 0.041560 0.037660 0.036012 0.035343 0.035081 0.034982 0.034946 0.034933 0.034929 0.034927 0.034927 0.034927 0.034927 0.034926 0.034926 0.034925 0.034922 0.034915 0.034900 0.034867 0.034800 0.034669 0.034423 0.033985 0.033239 0.032036 0.030193 0.027522 0.023869 0.019157 0.013445 0.006941 0.000000 
50.000000 40.873500 32.225572 24.459610 17.848306 12.510252 8.420138 5.444039 3.385942 2.032077 1.184092 0.677870 0.389541 0.232689 0.151103 0.110482 0.091104 0.082235 0.078338 0.076692 0.076023 0.075761 0.075662 0.075626 0.075613 0.075609 0.075608 0.075607 0.075607 0.075607 0.075606 0.075605 0.075603 0.075597 0.075583 0.075551 0.075484 0.075345 0.075071 0.074557 0.073635 0.072060 0.069504 0.065570 0.059840 0.051961 0.041756 0.029334 0.015155 0.000000 
50.000000 40.888467 32.254719 24.501485 17.901009 12.571689 8.488260 5.517020 3.462277 2.110615 1.264007 0.758605 0.470743 0.314144 0.232689 0.192134 0.172786 0.163932 0.160041 0.158397 0.157729 0.157468 0.157369 0.157333 0.157321 0.157316 0.157315 0.157314 0.157314 0.157314 0.157313 0.157311 0.157306 0.157295 0.157267 0.157205 0.157072 0.156797 0.156253 0.155225 0.153372 0.150189 0.144992 0.136944 0.125151 0.108836 0.087591 0.061612 0.031859 0.000000 
50.000000 40.917234 32.310739 24.581969 18.002308 12.689781 8.619208 5.657311 3.609021 2.261598 1.417641 0.913818 0.626854 0.470743 0.389541 0.349112 0.329824 0.320997 0.317118 0.315479 0.314813 0.314553 0.314454 0.314418 0.314406 0.314401 0.314400 0.314400 0.314399 0.314399 0.314397 0.314394 0.314385 0.314363 0.314312 0.314196 0.313946 0.313427 0.312396 0.310437 0.306883 0.300740 0.290641 0.274889 0.251637 0.219240 0.176768 0.124539 0.064468 0.000000 
50.000000 40.970099 32.413689 24.729881 18.188479 12.906823 8.859884 5.915169 3.878747 2.539123 1.700044 1.199129 0.913818 0.758605 0.677870 0.637672 0.618494 0.609718 0.605861 0.604232 0.603570 0.603310 0.603212 0.603177 0.603164 0.603160 0.603159 0.603158 0.603158 0.603157 0.603154 0.603148 0.603132 0.603094 0.603003 0.602798 0.602352 0.601422 0.599565 0.596012 0.589525 0.578229 0.559510 0.530064 0.486216 0.424589 0.343130 0.242238 0.125570 0.000000 
50.000000 41.062891 32.594394 24.989513 18.515276 13.287822 9.282387 6.367847 4.352276 3.026353 2.195847 1.700044 1.417641 1.264007 1.184092 1.144303 1.125319 1.116631 1.112813 1.111201 1.110545 1.110289 1.110192 1.110156 1.110144 1.110140 1.110138 1.110138 1.110137 1.110136 1.110132 1.110121 1.110095 1.110031 1.109879 1.109535 1.108782 1.107204 1.104031 1.097923 1.086683 1.066941 1.033925 0.981469 0.902530 0.790397 0.640646 0.453467 0.235502 0.000000 
50.000000 41.218289 32.897027 25.424336 19.062600 13.925942 9.990042 7.126067 5.145439 3.842486 3.026353 2.539123 2.261598 2.110615 2.032077 1.992973 1.974316 1.965777 1.962024 1.960439 1.959795 1.959543 1.959447 1.959413 1.959401 1.959396 1.959395 1.959394 1.959393 1.959391 1.959385 1.959369 1.959328 1.959227 1.958988 1.958442 1.957244 1.954715 1.949598 1.939671 1.921243 1.888565 1.833322 1.744511 1.609160 1.414349 1.150779 0.817410 0.425579 0.000000 
50.000000 41.466336 33.380095 26.118424 19.936289 14.944598 11.119731 8.336510 6.411698 5.145439 4.352276 3.878747 3.609021 3.462277 3.385942 3.347933 3.329798 3.321498 3.317850 3.316310 3.315683 3.315438 3.315345 3.315312 3.315300 3.315296 3.315294 3.315293 3.315292 3.315289 3.315280 3.315256 3.315196 3.315048 3.314694 3.313881 3.312088 3.308281 3.300519 3.285334 3.256874 3.205849 3.118508 2.976127 2.755785 2.433425 1.989976 1.420252 0.742051 0.000000 
50.000000 41.843331 34.114296 27.173364 21.264234 16.492922 12.836866 10.176438 8.336510 7.126067 6.367847 5.915169 5.657311 5.517020 5.444039 5.407699 5.390360 5.382424 5.378937 5.377463 5.376864 5.376630 5.376541 5.376509 5.376497 5.376494 5.376492 5.376491 5.376489 5.376485 5.376473 5.376441 5.376358 5.376154 5.375664 5.374535 5.372028 5.366670 5.355659 5.333922 5.292746 5.218002 5.088219 4.873150 4.534097 4.027846 3.316300 2.382703 1.251322 0.000000 
50.000000 42.388382 35.175797 28.698611 23.184234 18.731606 15.319688 12.836866 11.119731 9.990042 9.282387 8.859884 8.619208 8.488260 8.420138 8.386216 8.370030 8.362621 8.359365 8.357989 8.357430 8.357211 8.357128 8.357098 8.357088 8.357084 8.357083 8.357082 8.357079 8.357074 8.357059 8.357018 8.356913 8.356651 8.356023 8.354568 8.351316 8.344319 8.329820 8.300917 8.245531 8.143604 7.963716 7.659844 7.169966 6.419617 5.334984 3.870237 2.048590 0.000000 
50.000000 43.137335 36.634418 30.794500 25.822611 21.807964 18.731606 16.492922 14.944598 13.925942 13.287822 12.906823 12.689781 12.571689 12.510252 12.479657 12.465058 12.458376 12.455439 12.454198 12.453693 12.453496 12.453421 12.453394 12.453385 12.453381 12.453380 12.453379 12.453376 12.453370 12.453352 12.453305 12.453182 12.452875 12.452135 12.450411 12.446538 12.438145 12.420607 12.385292 12.316782 12.188813 11.958825 11.561639 10.903982 9.864048 8.304424 6.111793 3.276702 0.000000 
50.000000 44.114670 38.537836 33.529549 29.265636 25.822611 23.184234 21.264234 19.936289 19.062600 18.515276 18.188479 18.002308 17.901009 17.848306 17.822061 17.809536 17.803803 17.801283 17.800219 17.799786 17.799616 17.799552 17.799529 17.799521 17.799518 17.799517 17.799516 17.799513 17.799506 17.799488 17.799437 17.799307 17.798981 17.798192 17.796345 17.792173 17.783069 17.763890 17.724879 17.648251 17.502864 17.236388 16.764617 15.958563 14.632818 12.546030 9.440605 5.174808 0.000000 
50.000000 45.324989 40.895018 36.916649 33.529549 30.794500 28.698611 27.173364 26.118424 25.424336 24.989513 24.729881 24.581969 24.501485 24.459610 24.438756 24.428804 24.424248 24.422246 24.421400 24.421055 24.420921 24.420870 24.420851 24.420845 24.420843 24.420842 24.420841 24.420838 24.420832 24.420815 24.420768 24.420646 24.420341 24.419598 24.417854 24.413894 24.405201 24.386751 24.348868 24.273557 24.128448 23.857063 23.363627 22.490076 20.983519 18.458325 14.383551 8.214908 0.000000 
50.000000 46.746570 43.663661 40.895018 38.537836 36.634418 35.175797 34.114296 33.380095 32.897027 32.594394 32.413689 32.310739 32.254719 32.225572 32.211055 32.204128 32.200957 32.199563 32.198974 32.198734 32.198640 32.198605 32.198592 32.198587 32.198586 32.198585 32.198584 32.198583 32.198578 32.198564 32.198528 32.198433 32.198194 32.197611 32.196237 32.193106 32.186200 32.171451 32.140927 32.079616 31.959843 31.731593 31.305560 30.522625 29.097231 26.511466 21.831830 13.512534 0.000000 
50.000000 48.329509 46.746570 45.324989 44.114670 43.137335 42.388382 41.843331 41.466336 41.218289 41.062891 40.970099 40.917234 40.888467 40.873500 40.866045 40.862488 40.860859 40.860143 40.859841 40.859718 40.859669 40.859651 40.859645 40.859642 40.859641 40.859641 40.859641 40.859640 40.859637 40.859630 40.859610 40.859557 40.859425 40.859104 40.858344 40.856608 40.852767 40.844529 40.827388 40.792710 40.724285 40.592009 40.339792 39.860633 38.939863 37.110082 33.234037 24.164755 0.000000 
50.000000 50.000000 50.000000 50.000000 50.000000 50.000000 50.000000 50.000000 50.000000 50.000000 50.000000 50.000000 50.000000 50.000000 50.000000 50.000000 50.000000 50.000000 50.000000 50.000000 50.000000 50.000000 50.000000 50.000000 50.000000 50.000000 50.000000 50.000000 50.000000 50.000000 50.000000 50.000000 50.000000 50.000000 50.000000 50.000000 50.000000 50.000000 50.000000 50.000000 50.000000 50.000000 50.000000 50.000000 50.000000 50.000000 50.000000 50.000000 50.000000 50.000000 
