50.000000 50.000000 50.000000 50.000000 50.000000 50.000000 50.000000 50.000000 50.000000 50.000000 50.000000 50.000000 50.000000 50.000000 50.000000 50.000000 50.000000 50.000000 50.000000 50.000000 50.000000 50.000000 50.000000 50.000000 50.000000 50.000000 50.000000 50.000000 50.000000 50.000000 50.000000 50.000000 50.000000 50.000000 50.000000 50.000000 50.000000 50.000000 50.000000 50.000000 50.000000 50.000000 50.000000 50.000000 50.000000 50.000000 50.000000 50.000000 50.000000 50.000000 
50.000000 49.003814 48.038782 47.133138 46.309731 45.584370 44.965174 44.452900 44.042078 43.722652 43.481799 43.305640 43.180629 43.094529 43.036957 42.999572 42.975988 42.961530 42.952913 42.947919 42.945103 42.943557 42.942731 42.942301 42.942080 42.941966 42.941900 42.941846 42.941772 42.941638 42.941380 42.940877 42.939917 42.938116 42.934808 42.928854 42.918336 42.900087 42.868940 42.816536 42.729383 42.585563 42.348836 41.957259 41.299242 40.157889 38.066935 33.894239 24.501907 0.000000 
50.000000 48.038782 46.138899 44.355936 42.734875 41.306843 40.087822 39.079301 38.270512 37.641656 37.167490 36.820687 36.574580 36.405076 36.291736 36.218137 36.171708 36.143245 36.126282 36.116450 36.110906 36.107864 36.106238 36.105390 36.104956 36.104732 36.104603 36.104498 36.104358 36.104105 36.103617 36.102669 36.100859 36.097470 36.091257 36.080092 36.060420 36.026393 35.968544 35.871714 35.711784 35.450388 35.026022 34.338431 33.219923 31.380792 28.305272 23.069450 14.144543 0.000000 
50.000000 47.133138 44.355936 41.749648 39.380027 37.292574 35.510651 34.036435 32.854184 31.934954 31.241844 30.734910 30.375168 30.127400 29.961730 29.854151 29.786286 29.744682 29.719887 29.705517 29.697414 29.692967 29.690590 29.689351 29.688717 29.688391 29.688205 29.688057 29.687863 29.687518 29.686852 29.685561 29.683102 29.678508 29.670105 29.655055 29.628636 29.583158 29.506304 29.378654 29.169945 28.833421 28.297164 27.450703 26.124485 24.060092 20.874824 16.050664 9.066203 0.000000 
50.000000 46.309731 42.734875 39.380027 36.329826 33.642842 31.349146 29.451540 27.929755 26.746537 25.854382 25.201872 24.738826 24.419912 24.206672 24.068203 23.980854 23.927305 23.895392 23.876896 23.866467 23.860744 23.857685 23.856091 23.855275 23.854857 23.854623 23.854441 23.854210 23.853805 23.853027 23.851524 23.848666 23.843343 23.833641 23.816333 23.786101 23.734369 23.647601 23.504836 23.274207 22.908088 22.336481 21.458398 20.131761 18.164913 15.319935 11.354083 6.151842 0.000000 
50.000000 45.584370 41.306843 37.292574 33.642842 30.427730 27.683217 25.412655 23.591789 22.176037 21.108558 20.327823 19.773790 19.392214 19.137077 18.971404 18.866895 18.802827 18.764645 18.742517 18.730040 18.723193 18.719534 18.717627 18.716653 18.716155 18.715880 18.715676 18.715425 18.714994 18.714173 18.712592 18.709594 18.704031 18.693932 18.675999 18.644853 18.591923 18.503885 18.360520 18.131876 17.774705 17.228285 16.410223 15.213865 13.511082 11.168089 8.086920 4.285128 0.000000 
50.000000 44.965174 40.087822 35.510651 31.349146 27.683217 24.553889 21.964977 19.888826 18.274597 17.057475 16.167303 15.535616 15.100561 14.809669 14.620781 14.501629 14.428585 14.385055 14.359827 14.345603 14.337797 14.333626 14.331453 14.330344 14.329780 14.329474 14.329256 14.329002 14.328577 14.327774 14.326234 14.323326 14.317949 14.308231 14.291066 14.261434 14.211445 14.129026 13.996224 13.787132 13.465575 12.982937 12.276944 11.272994 9.890748 8.059948 5.749390 3.007915 0.000000 
50.000000 44.452900 39.079301 34.036435 29.451540 25.412655 21.964977 19.112711 16.825378 15.046968 13.706064 12.725370 12.029453 11.550167 11.229704 11.021618 10.890356 10.809891 10.761938 10.734147 10.718478 10.709880 10.705286 10.702893 10.701673 10.701055 10.700726 10.700503 10.700259 10.699864 10.699127 10.697720 10.695074 10.690203 10.681439 10.666042 10.639632 10.595409 10.523136 10.407889 10.228663 9.957042 9.556355 8.982040 8.184370 7.115059 5.739271 4.053280 2.104065 0.000000 
50.000000 44.042078 38.270512 32.854184 27.929755 23.591789 19.888826 16.825378 14.368709 12.458652 11.018500 9.965228 9.217816 8.703071 8.358903 8.135426 7.994459 7.908044 7.856547 7.826703 7.809876 7.800643 7.795710 7.793140 7.791832 7.791173 7.790827 7.790605 7.790381 7.790032 7.789391 7.788175 7.785898 7.781724 7.774251 7.761194 7.738940 7.701950 7.642012 7.547379 7.401901 7.184355 6.868336 6.423251 5.817084 5.021667 4.020762 2.820124 1.456516 0.000000 
50.000000 43.722652 37.641656 31.934954 26.746537 22.176037 18.274597 15.046968 12.458652 10.446254 8.928951 7.819263 7.031825 6.489518 6.126927 5.891491 5.742980 5.651943 5.597693 5.566252 5.548527 5.538800 5.533604 5.530898 5.529522 5.528831 5.528475 5.528258 5.528057 5.527762 5.527230 5.526231 5.524367 5.520964 5.514903 5.504369 5.486528 5.457083 5.409758 5.335730 5.223127 5.056750 4.818305 4.487465 4.044161 3.472330 2.765009 1.929872 0.993269 0.000000 
50.000000 43.481799 37.167490 31.241844 25.854382 21.108558 17.057475 13.706064 11.018500 8.928951 7.353488 6.201275 5.383667 4.820589 4.444113 4.199663 4.045469 3.950949 3.894624 3.861982 3.843578 3.833481 3.828086 3.825278 3.823850 3.823137 3.822774 3.822565 3.822388 3.822147 3.821725 3.820939 3.819481 3.816832 3.812134 3.804014 3.790343 3.767931 3.732184 3.676744 3.593220 3.471121 3.298176 3.061252 2.748038 2.349546 1.863190 1.295776 0.665263 0.000000 
50.000000 43.305640 36.820687 30.734910 25.201872 20.327823 16.167303 12.725370 9.965228 7.819263 6.201275 5.017968 4.178304 3.600039 3.213413 2.962376 2.804028 2.706963 2.649121 2.615600 2.596702 2.586333 2.580794 2.577911 2.576446 2.575716 2.575351 2.575149 2.574995 2.574804 2.574482 2.573889 2.572796 2.570818 2.567328 2.561326 2.551278 2.534909 2.508984 2.469091 2.409505 2.323217 2.202234 2.038278 1.823938 1.554270 1.228605 0.852143 0.436700 0.000000 
50.000000 43.180629 36.574580 30.375168 24.738826 19.773790 15.535616 12.029453 9.217816 7.031825 5.383667 4.178304 3.322993 2.733957 2.340133 2.084423 1.923130 1.824260 1.765343 1.731200 1.711951 1.701390 1.695748 1.692812 1.691321 1.690580 1.690213 1.690019 1.689885 1.689736 1.689499 1.689068 1.688280 1.686862 1.684369 1.680103 1.673000 1.661496 1.643394 1.615736 1.574741 1.515867 1.434044 1.324171 1.181868 1.004457 0.792010 0.548187 0.280542 0.000000 
50.000000 43.094529 36.405076 30.127400 24.419912 19.392214 15.100561 11.550167 8.703071 6.489518 4.820589 3.600039 2.733958 2.137508 1.738728 1.479803 1.316482 1.216371 1.156714 1.122143 1.102653 1.091959 1.086247 1.083274 1.081766 1.081018 1.080650 1.080462 1.080344 1.080230 1.080059 1.079758 1.079211 1.078230 1.076516 1.073594 1.068754 1.060958 1.048762 1.030246 1.002990 0.964131 0.910535 0.839127 0.747361 0.633812 0.498764 0.344656 0.176193 0.000000 
50.000000 43.036957 36.291736 29.961730 24.206672 19.137077 14.809669 11.229704 8.358903 6.126927 4.444113 3.213413 2.340133 1.738728 1.336638 1.075565 0.910890 0.809948 0.749798 0.714941 0.695289 0.684507 0.678748 0.675751 0.674231 0.673478 0.673110 0.672927 0.672822 0.672733 0.672614 0.672409 0.672042 0.671389 0.670250 0.668319 0.665134 0.660030 0.652087 0.640099 0.622558 0.597709 0.563663 0.518603 0.461078 0.390339 0.306675 0.211643 0.108103 0.000000 
50.000000 42.999572 36.218137 29.854151 24.068204 18.971404 14.620782 11.021618 8.135427 5.891491 4.199664 2.962376 2.084424 1.479804 1.075565 0.813098 0.647544 0.546064 0.485594 0.450551 0.430795 0.419956 0.414166 0.411154 0.409626 0.408870 0.408503 0.408323 0.408227 0.408157 0.408074 0.407939 0.407701 0.407280 0.406549 0.405315 0.403288 0.400055 0.395048 0.387530 0.376589 0.361176 0.340180 0.312550 0.277473 0.234562 0.184045 0.126880 0.064764 0.000000 
50.000000 42.975988 36.171708 29.786286 23.980854 18.866895 14.501629 10.890357 7.994459 5.742981 4.045470 2.804028 1.923130 1.316483 0.910890 0.647544 0.481437 0.379618 0.318946 0.283786 0.263965 0.253089 0.247280 0.244258 0.242726 0.241968 0.241601 0.241424 0.241334 0.241277 0.241219 0.241132 0.240982 0.240720 0.240266 0.239502 0.238254 0.236269 0.233211 0.228639 0.222017 0.212736 0.200155 0.183680 0.162864 0.137511 0.107779 0.074238 0.037872 0.000000 
50.000000 42.961530 36.143245 29.744683 23.927306 18.802828 14.428587 10.809892 7.908046 5.651945 3.950951 2.706964 1.824262 1.216372 0.809950 0.546066 0.379619 0.277593 0.216797 0.181566 0.161704 0.150807 0.144986 0.141958 0.140423 0.139664 0.139297 0.139122 0.139037 0.138988 0.138946 0.138891 0.138799 0.138640 0.138367 0.137910 0.137164 0.135983 0.134170 0.131472 0.127580 0.122149 0.114819 0.105262 0.093235 0.078641 0.061582 0.042387 0.021614 0.000000 
50.000000 42.952914 36.126283 29.719889 23.895394 18.764648 14.385059 10.761942 7.856551 5.597697 3.894628 2.649125 1.765347 1.156719 0.749802 0.485598 0.318950 0.216800 0.155930 0.120656 0.100771 0.089860 0.084032 0.081001 0.079464 0.078704 0.078338 0.078164 0.078081 0.078038 0.078007 0.077972 0.077917 0.077823 0.077664 0.077398 0.076965 0.076284 0.075240 0.073693 0.071470 0.068380 0.064225 0.058828 0.052060 0.043873 0.034330 0.023615 0.012037 0.000000 
50.000000 42.947920 36.116453 29.705521 23.876902 18.742524 14.359835 10.734156 7.826712 5.566263 3.861992 2.615611 1.731211 1.122154 0.714952 0.450562 0.283797 0.181575 0.120663 0.085365 0.065465 0.054547 0.048715 0.045681 0.044144 0.043384 0.043017 0.042844 0.042763 0.042723 0.042699 0.042676 0.042644 0.042590 0.042500 0.042349 0.042106 0.041723 0.041140 0.040277 0.039042 0.037331 0.035038 0.032070 0.028358 0.023881 0.018674 0.012839 0.006542 0.000000 
50.000000 42.945107 36.110914 29.697425 23.866481 18.730057 14.345623 10.718500 7.809899 5.548551 3.843603 2.596728 1.711977 1.102679 0.695316 0.430821 0.263990 0.161729 0.100793 0.065480 0.045573 0.034651 0.028817 0.025782 0.024243 0.023483 0.023117 0.022944 0.022864 0.022826 0.022806 0.022790 0.022771 0.022741 0.022691 0.022609 0.022475 0.022266 0.021949 0.021481 0.020813 0.019890 0.018657 0.017065 0.015080 0.012691 0.009918 0.006816 0.003472 0.000000 
50.000000 42.943567 36.107882 29.692993 23.860777 18.723233 14.337843 10.709930 7.800696 5.538856 3.833539 2.586393 1.701450 1.092020 0.684569 0.420017 0.253150 0.150867 0.089917 0.054598 0.034686 0.023762 0.017926 0.014891 0.013352 0.012592 0.012226 0.012053 0.011974 0.011937 0.011919 0.011907 0.011896 0.011879 0.011852 0.011808 0.011736 0.011625 0.011456 0.011208 0.010855 0.010369 0.009721 0.008886 0.007848 0.006601 0.005156 0.003542 0.001804 0.000000 
50.000000 42.942752 36.106279 29.690650 23.857762 18.719625 14.333730 10.705399 7.795831 5.533731 3.828218 2.580929 1.695885 1.086385 0.678887 0.414306 0.247420 0.145125 0.084169 0.048845 0.028931 0.018005 0.012169 0.009133 0.007594 0.006834 0.006468 0.006296 0.006216 0.006180 0.006164 0.006154 0.006147 0.006138 0.006123 0.006099 0.006062 0.006003 0.005915 0.005785 0.005601 0.005347 0.005011 0.004578 0.004041 0.003397 0.002652 0.001822 0.000928 0.000000 
50.000000 42.942347 36.105481 29.689484 23.856261 18.717830 14.331684 10.703145 7.793411 5.531182 3.825571 2.578211 1.693116 1.083582 0.676061 0.411465 0.244569 0.142268 0.081309 0.045983 0.026068 0.015141 0.009305 0.006269 0.004730 0.003970 0.003604 0.003432 0.003352 0.003317 0.003301 0.003293 0.003287 0.003282 0.003273 0.003260 0.003240 0.003208 0.003160 0.003090 0.002990 0.002854 0.002673 0.002441 0.002153 0.001809 0.001412 0.000970 0.000494 0.000000 
50.000000 42.942181 36.105155 29.689007 23.855647 18.717095 14.330846 10.702222 7.792420 5.530138 3.824487 2.577098 1.691983 1.082434 0.674904 0.410301 0.243402 0.141099 0.080138 0.044811 0.024896 0.013969 0.008133 0.005096 0.003557 0.002797 0.002431 0.002259 0.002180 0.002144 0.002128 0.002121 0.002116 0.002112 0.002107 0.002098 0.002085 0.002064 0.002033 0.001987 0.001922 0.001834 0.001717 0.001567 0.001382 0.001161 0.000906 0.000622 0.000316 0.000000 
50.000000 42.942181 36.105155 29.689007 23.855647 18.717095 14.330846 10.702222 7.792420 5.530138 3.824487 2.577098 1.691983 1.082434 0.674904 0.410301 0.243402 0.141099 0.080138 0.044811 0.024896 0.013969 0.008133 0.005096 0.003557 0.002797 0.002431 0.002259 0.002180 0.002144 0.002128 0.002121 0.002116 0.002112 0.002107 0.002098 0.002085 0.002064 0.002033 0.001987 0.001922 0.001834 0.001717 0.001567 0.001382 0.001161 0.000906 0.000622 0.000316 0.000000 
50.000000 42.942347 36.105481 29.689484 23.856261 18.717830 14.331684 10.703145 7.793411 5.531182 3.825571 2.578211 1.693116 1.083582 0.676061 0.411465 0.244569 0.142268 0.081309 0.045983 0.026068 0.015141 0.009305 0.006269 0.004730 0.003970 0.003604 0.003432 0.003352 0.003317 0.003301 0.003293 0.003287 0.003282 0.003273 0.003260 0.003240 0.003208 0.003160 0.003090 0.002990 0.002854 0.002673 0.002441 0.002153 0.001809 0.001412 0.000970 0.000494 0.000000 
50.000000 42.942752 36.106279 29.690650 23.857762 18.719625 14.333730 10.705399 7.795831 5.533731 3.828218 2.580929 1.695885 1.086385 0.678887 0.414306 0.247420 0.145125 0.084169 0.048845 0.028931 0.018005 0.012169 0.009133 0.007594 0.006834 0.006468 0.006296 0.006216 0.006180 0.006164 0.006154 0.006147 0.006138 0.006123 0.006099 0.006062 0.006003 0.005915 0.005785 0.005601 0.005347 0.005011 0.004578 0.004041 0.003397 0.002652 0.001822 0.000928 0.000000 
50.000000 42.943567 36.107882 29.692993 23.860777 18.723233 14.337843 10.709930 7.800696 5.538856 3.833539 2.586393 1.701450 1.092020 0.684569 0.420017 0.253150 0.150867 0.089917 0.054598 0.034686 0.023762 0.017926 0.014891 0.013352 0.012592 0.012226 0.012053 0.011974 0.011937 0.011919 0.011907 0.011896 0.011879 0.011852 0.011808 0.011736 0.011625 0.011456 0.011208 0.010855 0.010369 0.009721 0.008886 0.007848 0.006601 0.005156 0.003542 0.001804 0.000000 
50.000000 42.945107 36.110914 29.697425 23.866481 18.730057 14.345623 10.718500 7.809899 5.548551 3.843603 2.596728 1.711977 1.102679 0.695316 0.430821 0.263990 0.161729 0.100793 0.065480 0.045573 0.034651 0.028817 0.025782 0.024243 0.023483 0.023117 0.022944 0.022864 0.022826 0.022806 0.022790 0.022771 0.022741 0.022691 0.022609 0.022475 0.022266 0.021949 0.021481 0.020813 0.019890 0.018657 0.017065 0.015080 0.012691 0.009918 0.006816 0.003472 0.000000 
50.000000 42.947920 36.116453 29.705521 23.876902 18.742524 14.359835 10.734156 7.826712 5.566263 3.861992 2.615611 1.731211 1.122154 0.714952 0.450562 0.283797 0.181575 0.120663 0.085365 0.065465 0.054547 0.048715 0.045681 0.044144 0.043384 0.043017 0.042844 0.042763 0.042723 0.042699 0.042676 0.042644 0.042590 0.042500 0.042349 0.042106 0.041723 0.041140 0.040277 0.039042 0.037331 0.035038 0.032070 0.028358 0.023881 0.018674 0.012839 0.006542 0.000000 
50.000000 42.952914 36.126283 29.719889 23.895394 18.764648 14.385059 10.761942 7.856551 5.597697 3.894628 2.649125 1.765347 1.156719 0.749802 0.485598 0.318950 0.216800 0.155930 0.120656 0.100771 0.089860 0.084032 0.081001 0.079464 0.078704 0.078338 0.078164 0.078081 0.078038 0.078007 0.077972 0.077917 0.077823 0.077664 0.077398 0.076965 0.076284 0.075240 0.073693 0.071470 0.068380 0.064225 0.058828 0.052060 0.043873 0.034330 0.023615 0.012037 0.000000 
50.000000 42.961530 36.143245 29.744683 23.927306 18.802828 14.428587 10.809892 7.908046 5.651945 3.950951 2.706964 1.824262 1.216372 0.809950 0.546066 0.379619 0.277593 0.216797 0.181566 0.161704 0.150807 0.144986 0.141958 0.140423 0.139664 0.139297 0.139122 0.139037 0.138988 0.138946 0.138891 0.138799 0.138640 0.138367 0.137910 0.137164 0.135983 0.134170 0.131472 0.127580 0.122149 0.114819 0.105262 0.093235 0.078641 0.061582 0.042387 0.021614 0.000000 
50.000000 42.975988 36.171708 29.786286 23.980854 18.866895 14.501629 10.890357 7.994459 5.742981 4.045470 2.804028 1.923130 1.316483 0.910890 0.647544 0.481437 0.379618 0.318946 0.283786 0.263965 0.253089 0.247280 0.244258 0.242726 0.241968 0.241601 0.241424 0.241334 0.241277 0.241219 0.241132 0.240982 0.240720 0.240266 0.239502 0.238254 0.236269 0.233211 0.228639 0.222017 0.212736 0.200155 0.183680 0.162864 0.137511 0.107779 0.074238 0.037872 0.000000 
50.000000 42.999572 36.218137 29.854151 24.068204 18.971404 14.620782 11.021618 8.135427 5.891491 4.199664 2.962376 2.084424 1.479804 1.075565 0.813098 0.647544 0.546064 0.485594 0.450551 0.430795 0.419956 0.414166 0.411154 0.409626 0.408870 0.408503 0.408323 0.408227 0.408157 0.408074 0.407939 0.407701 0.407280 0.406549 0.405315 0.403288 0.400055 0.395048 0.387530 0.376589 0.361176 0.340180 0.312550 0.277473 0.234562 0.184045 0.126880 0.064764 0.000000 
50.000000 43.036957 36.291736 29.961730 24.206672 19.137077 14.809669 11.229704 8.358903 6.126927 4.444113 3.213413 2.340133 1.738728 1.336638 1.075565 0.910890 0.809948 0.749798 0.714941 0.695289 0.684507 0.678748 0.675751 0.674231 0.673478 0.673110 0.672927 0.672822 0.672733 0.672614 0.672409 0.672042 0.671389 0.670250 0.668319 0.665134 0.660030 0.652087 0.640099 0.622558 0.597709 0.563663 0.518603 0.461078 0.390339 0.306675 0.211643 0.108103 0.000000 
50.000000 43.094529 36.405076 30.127400 24.419912 19.392214 15.100561 11.550167 8.703071 6.489518 4.820589 3.600039 2.733958 2.137508 1.738728 1.479803 1.316482 1.216371 1.156714 1.122143 1.102653 1.091959 1.086247 1.083274 1.081766 1.081018 1.080650 1.080462 1.080344 1.080230 1.080059 1.079758 1.079211 1.078230 1.076516 1.073594 1.068754 1.060958 1.048762 1.030246 1.002990 0.964131 0.910535 0.839127 0.747361 0.633812 0.498764 0.344656 0.176193 0.000000 
50.000000 43.180629 36.574580 30.375168 24.738826 19.773790 15.535616 12.029453 9.217816 7.031825 5.383667 4.178304 3.322993 2.733957 2.340133 2.084423 1.923130 1.824260 1.765343 1.731200 1.711951 1.701390 1.695748 1.692812 1.691321 1.690580 1.690213 1.690019 1.689885 1.689736 1.689499 1.689068 1.688280 1.686862 1.684369 1.680103 1.673000 1.661496 1.643394 1.615736 1.574741 1.515867 1.434044 1.324171 1.181868 1.004457 0.792010 0.548187 0.280542 0.000000 
50.000000 43.305640 36.820687 30.734910 25.201872 20.327823 16.167303 12.725370 9.965228 7.819263 6.201275 5.017968 4.178304 3.600039 3.213413 2.962376 2.804028 2.706963 2.649121 2.615600 2.596702 2.586333 2.580794 2.577911 2.576446 2.575716 2.575351 2.575149 2.574995 2.574804 2.574482 2.573889 2.572796 2.570818 2.567328 2.561326 2.551278 2.534909 2.508984 2.469091 2.409505 2.323217 2.202234 2.038278 1.823938 1.554270 1.228605 0.852143 0.436700 0.000000 
50.000000 43.481799 37.167490 31.241844 25.854382 21.108558 17.057475 13.706064 11.018500 8.928951 7.353488 6.201275 5.383667 4.820589 4.444113 4.199663 4.045469 3.950949 3.894624 3.861982 3.843578 3.833481 3.828086 3.825278 3.823850 3.823137 3.822774 3.822565 3.822388 3.822147 3.821725 3.820939 3.819481 3.816832 3.812134 3.804014 3.790343 3.767931 3.732184 3.676744 3.593220 3.471121 3.298176 3.061252 2.748038 2.349546 1.863190 1.295776 0.665263 0.000000 
50.000000 43.722652 37.641656 31.934954 26.746537 22.176037 18.274597 15.046968 12.458652 10.446254 8.928951 7.819263 7.031825 6.489518 6.126927 5.891491 5.742980 5.651943 5.597693 5.566252 5.548527 5.538800 5.533604 5.530898 5.529522 5.528831 5.528475 5.528258 5.528057 5.527762 5.527230 5.526231 5.524367 5.520964 5.514903 5.504369 5.486528 5.457083 5.409758 5.335730 5.223127 5.056750 4.818305 4.487465 4.044161 3.472330 2.765009 1.929872 0.993269 0.000000 
50.000000 44.042078 38.270512 32.854184 27.929755 23.591789 19.888826 16.825378 14.368709 12.458652 11.018500 9.965228 9.217816 8.703071 8.358903 8.135426 7.994459 7.908044 7.856547 7.826703 7.809876 7.800643 7.795710 7.793140 7.791832 7.791173 7.790827 7.790605 7.790381 7.790032 7.789391 7.788175 7.785898 7.781724 7.774251 7.761194 7.738940 7.701950 7.642012 7.547379 7.401901 7.184355 6.868336 6.423251 5.817084 5.021667 4.020762 2.820124 1.456516 0.000000 
50.000000 44.452900 39.079301 34.036435 29.451540 25.412655 21.964977 19.112711 16.825378 15.046968 13.706064 12.725370 12.029453 11.550167 11.229704 11.021618 10.890356 10.809891 10.761938 10.734147 10.718478 10.709880 10.705286 10.702893 10.701673 10.701055 10.700726 10.700503 10.700259 10.699864 10.699127 10.697720 10.695074 10.690203 10.681439 10.666042 10.639632 10.595409 10.523136 10.407889 10.228663 9.957042 9.556355 8.982040 8.184370 7.115059 5.739271 4.053280 2.104065 0.000000 
50.000000 44.965174 40.087822 35.510651 31.349146 27.683217 24.553889 21.964977 19.888826 18.274597 17.057475 16.167303 15.535616 15.100561 14.809669 14.620781 14.501629 14.428585 14.385055 14.359827 14.345603 14.337797 14.333626 14.331453 14.330344 14.329780 14.329474 14.329256 14.329002 14.328577 14.327774 14.326234 14.323326 14.317949 14.308231 14.291066 14.261434 14.211445 14.129026 13.996224 13.787132 13.465575 12.982937 12.276944 11.272994 9.890748 8.059948 5.749390 3.007915 0.000000 
50.000000 45.584370 41.306843 37.292574 33.642842 30.427730 27.683217 25.412655 23.591789 22.176037 21.108558 20.327823 19.773790 19.392214 19.137077 18.971404 18.866895 18.802827 18.764645 18.742517 18.730040 18.723193 18.719534 18.717627 18.716653 18.716155 18.715880 18.715676 18.715425 18.714994 18.714173 18.712592 18.709594 18.704031 18.693932 18.675999 18.644853 18.591923 18.503885 18.360520 18.131876 17.774705 17.228285 16.410223 15.213865 13.511082 11.168089 8.086920 4.285128 0.000000 
50.000000 46.309731 42.734875 39.380027 36.329826 33.642842 31.349146 29.451540 27.929755 26.746537 25.854382 25.201872 24.738826 24.419912 24.206672 24.068203 23.980854 23.927305 23.895392 23.876896 23.866467 23.860744 23.857685 23.856091 23.855275 23.854857 23.854623 23.854441 23.854210 23.853805 23.853027 23.851524 23.848666 23.843343 23.833641 23.816333 23.786101 23.734369 23.647601 23.504836 23.274207 22.908088 22.336481 21.458398 20.131761 18.164913 15.319935 11.354083 6.151842 0.000000 
50.000000 47.133138 44.355936 41.749648 39.380027 37.292574 35.510651 34.036435 32.854184 31.934954 31.241844 30.734910 30.375168 30.127400 29.961730 29.854151 29.786286 29.744682 29.719887 29.705517 29.697414 29.692967 29.690590 29.689351 29.688717 29.688391 29.688205 29.688057 29.687863 29.687518 29.686852 29.685561 29.683102 29.678508 29.670105 29.655055 29.628636 29.583158 29.506304 29.378654 29.169945 28.833421 28.297164 27.450703 26.124485 24.060092 20.874824 16.050664 9.066203 0.000000 
50.000000 48.038782 46.138899 44.355936 42.734875 41.306843 40.087822 39.079301 38.270512 37.641656 37.167490 36.820687 36.574580 36.405076 36.291736 36.218137 36.171708 36.143245 36.126282 36.116450 36.110906 36.107864 36.106238 36.105390 36.104956 36.104732 36.104603 36.104498 36.104358 36.104105 36.103617 36.102669 36.100859 36.097470 36.091257 36.080092 36.060420 36.026393 35.968544 35.871714 35.711784 35.450388 35.026022 34.338431 33.219923 31.380792 28.305272 23.069450 14.144543 0.000000 
50.000000 49.003814 48.038782 47.133138 46.309731 45.584370 44.965174 44.452900 44.042078 43.722652 43.481799 43.305640 43.180629 43.094529 43.036957 42.999572 42.975988 42.961530 42.952913 42.947919 42.945103 42.943557 42.942731 42.942301 42.942080 42.941966 42.941900 42.941846 42.941772 42.941638 42.941380 42.940877 42.939917 42.938116 42.934808 42.928854 42.918336 42.900087 42.868940 42.816536 42.729383 42.585563 42.348836 41.957259 41.299242 40.157889 38.066935 33.894239 24.501907 0.000000 
50.000000 50.000000 50.000000 50.000000 50.000000 50.000000 50.000000 50.000000 50.000000 50.000000 50.000000 50.000000 50.000000 50.000000 50.000000 50.000000 50.000000 50.000000 50.000000 50.000000 50.000000 50.000000 50.000000 50.000000 50.000000 50.000000 50.000000 50.000000 50.000000 50.000000 50.000000 50.000000 50.000000 50.000000 50.000000 50.000000 50.000000 50.000000 50.000000 50.000000 50.000000 50.000000 50.000000 50.000000 50.000000 50.000000 50.000000 50.000000 50.000000 50.000000 
