50.000000 50.000000 50.000000 50.000000 50.000000 50.000000 50.000000 50.000000 50.000000 50.000000 50.000000 50.000000 50.000000 50.000000 50.000000 50.000000 50.000000 50.000000 50.000000 50.000000 50.000000 50.000000 50.000000 50.000000 50.000000 50.000000 50.000000 50.000000 50.000000 50.000000 50.000000 50.000000 50.000000 50.000000 50.000000 50.000000 50.000000 50.000000 50.000000 50.000000 50.000000 50.000000 50.000000 50.000000 50.000000 50.000000 50.000000 50.000000 50.000000 50.000000 
50.000000 48.694047 47.441622 46.289678 45.273361 44.413089 43.714256 43.169268 42.761092 42.467361 42.264170 42.128980 42.042422 41.989057 41.957357 41.939204 41.929174 41.923825 41.921070 41.919697 41.919036 41.918728 41.918589 41.918528 41.918502 41.918491 41.918485 41.918480 41.918471 41.918450 41.918402 41.918292 41.918048 41.917521 41.916412 41.914140 41.909605 41.900778 41.884000 41.852809 41.795950 41.693959 41.513036 41.193361 40.624774 39.590753 37.624053 33.590067 24.347024 0.000000 
50.000000 47.441622 44.988108 42.731440 40.740471 39.055198 37.686191 36.618570 35.818963 35.243554 34.845513 34.580684 34.411124 34.306587 34.244491 34.208930 34.189284 34.178806 34.173408 34.170720 34.169426 34.168822 34.168550 34.168430 34.168379 34.168358 34.168347 34.168337 34.168320 34.168281 34.168192 34.167988 34.167536 34.166560 34.164510 34.160320 34.151976 34.135786 34.105138 34.048460 33.945867 33.763627 33.444856 32.893312 31.944005 30.307932 27.467474 22.494054 13.851556 0.000000 
50.000000 46.289678 42.731440 39.458687 36.571277 34.127215 32.141828 30.593532 29.433927 28.599467 28.022230 27.638183 27.392293 27.240700 27.150653 27.099087 27.070598 27.055404 27.047577 27.043680 27.041803 27.040927 27.040532 27.040359 27.040286 27.040254 27.040239 27.040225 27.040203 27.040151 27.040032 27.039762 27.039164 27.037877 27.035179 27.029681 27.018777 26.997720 26.958100 26.885401 26.755148 26.526920 26.135111 25.474728 24.379910 22.593193 19.729343 15.263965 8.665626 0.000000 
50.000000 45.273361 40.740471 36.571277 32.892993 29.779509 27.250349 25.278010 23.800833 22.737856 22.002553 21.513347 21.200133 21.007037 20.892341 20.826658 20.790372 20.771020 20.761051 20.756087 20.753697 20.752582 20.752079 20.751859 20.751765 20.751725 20.751706 20.751690 20.751664 20.751606 20.751473 20.751169 20.750500 20.749063 20.746063 20.739974 20.727955 20.704887 20.661807 20.583501 20.444880 20.205736 19.803456 19.143462 18.087991 16.446497 13.978084 10.432539 5.682609 0.000000 
50.000000 44.413089 39.055198 34.127215 29.779509 26.099419 23.110015 20.778785 19.032836 17.776469 16.907402 16.329212 15.959032 15.730821 15.595268 15.517645 15.474762 15.451894 15.440113 15.434247 15.431422 15.430105 15.429511 15.429250 15.429139 15.429092 15.429071 15.429054 15.429027 15.428969 15.428834 15.428530 15.427861 15.426429 15.423452 15.417436 15.405630 15.383123 15.341439 15.266444 15.135359 14.912786 14.545812 13.958819 13.049709 11.691519 9.747305 7.111193 3.788314 0.000000 
50.000000 43.714256 37.686191 32.141828 27.250349 23.110015 19.746778 17.124050 15.159812 13.746386 12.768692 12.118244 11.701808 11.445087 11.292604 11.205286 11.157050 11.131327 11.118076 11.111478 11.108301 11.106820 11.106151 11.105858 11.105734 11.105681 11.105657 11.105640 11.105615 11.105561 11.105437 11.105158 11.104545 11.103239 11.100533 11.095096 11.084489 11.064413 11.027551 10.961917 10.848631 10.659208 10.352677 9.873389 9.151196 8.106887 6.667100 4.792879 2.520895 0.000000 
50.000000 43.169268 36.618570 30.593532 25.278010 20.778785 17.124050 14.274036 12.139604 10.603732 9.541356 8.834583 8.382095 8.103154 7.937477 7.842606 7.790198 7.762251 7.747855 7.740687 7.737235 7.735626 7.734900 7.734582 7.734447 7.734390 7.734365 7.734349 7.734326 7.734280 7.734173 7.733935 7.733414 7.732307 7.730025 7.725463 7.716618 7.699998 7.669743 7.616415 7.525471 7.375556 7.137018 6.771373 6.232973 5.474554 4.458421 3.173713 1.656233 0.000000 
50.000000 42.761092 35.818963 29.433927 23.800833 19.032836 15.159812 12.139604 9.877737 8.250189 7.124418 6.375481 5.896008 5.600437 5.424886 5.324364 5.268835 5.239224 5.223972 5.216378 5.212721 5.211016 5.210247 5.209910 5.209767 5.209707 5.209681 5.209666 5.209647 5.209609 5.209524 5.209333 5.208918 5.208039 5.206236 5.202649 5.195738 5.182845 5.159566 5.118927 5.050391 4.938869 4.764048 4.500603 4.120050 3.595096 2.907007 2.055336 1.067133 0.000000 
50.000000 42.467361 35.243554 28.599467 22.737856 17.776469 13.746386 10.603732 8.250189 6.556696 5.385326 4.606065 4.107187 3.799659 3.617009 3.512424 3.454653 3.423847 3.407979 3.400078 3.396274 3.394501 3.393700 3.393350 3.393201 3.393140 3.393113 3.393099 3.393084 3.393055 3.392990 3.392846 3.392534 3.391876 3.390532 3.387873 3.382780 3.373342 3.356436 3.327182 3.278348 3.199798 3.078261 2.897754 2.641109 2.292976 1.844319 1.297688 0.671410 0.000000 
50.000000 42.264170 34.845513 28.022230 22.002553 16.907402 12.768692 9.541356 7.124418 5.385326 4.182430 3.382206 2.869915 2.554123 2.366568 2.259176 2.199855 2.168223 2.151930 2.143819 2.139912 2.138092 2.137270 2.136911 2.136758 2.136695 2.136668 2.136655 2.136643 2.136622 2.136575 2.136472 2.136250 2.135783 2.134834 2.132967 2.129409 2.122859 2.111208 2.091215 2.058144 2.005491 1.924941 1.806775 1.640958 1.419051 1.136829 0.797052 0.411360 0.000000 
50.000000 42.128980 34.580684 27.638183 21.513347 16.329212 12.118244 8.834583 6.375481 4.606065 3.382206 2.568045 2.046837 1.725552 1.534738 1.425481 1.365130 1.332950 1.316375 1.308123 1.304149 1.302297 1.301461 1.301095 1.300940 1.300876 1.300850 1.300837 1.300828 1.300813 1.300781 1.300711 1.300561 1.300246 1.299609 1.298361 1.295996 1.291668 1.284022 1.270998 1.249629 1.215915 1.164840 1.090693 0.987773 0.851541 0.680083 0.475546 0.244980 0.000000 
50.000000 42.042422 34.411124 27.392293 21.200133 15.959032 11.701808 8.382095 5.896008 4.107187 2.869915 2.046837 1.519925 1.195127 1.002228 0.891779 0.830770 0.798239 0.781484 0.773142 0.769125 0.767253 0.766408 0.766039 0.765882 0.765817 0.765791 0.765779 0.765772 0.765761 0.765741 0.765695 0.765598 0.765396 0.764988 0.764192 0.762693 0.759962 0.755168 0.747056 0.733844 0.713163 0.682097 0.637396 0.575909 0.495247 0.394573 0.275337 0.141644 0.000000 
50.000000 41.989057 34.306587 27.240700 21.007037 15.730821 11.445087 8.103154 5.600437 3.799659 2.554123 1.725552 1.195127 0.868167 0.673984 0.562801 0.501387 0.468641 0.451774 0.443377 0.439334 0.437450 0.436599 0.436227 0.436069 0.436004 0.435978 0.435967 0.435961 0.435954 0.435941 0.435912 0.435853 0.435728 0.435479 0.434993 0.434083 0.432435 0.429556 0.424714 0.416879 0.404699 0.386536 0.360598 0.325191 0.279082 0.221923 0.154610 0.079451 0.000000 
50.000000 41.957357 34.244491 27.150653 20.892341 15.595268 11.292604 7.937477 5.424886 3.617009 2.366568 1.534738 1.002228 0.673984 0.479040 0.367421 0.305768 0.272894 0.255962 0.247532 0.243473 0.241581 0.240727 0.240354 0.240195 0.240130 0.240104 0.240093 0.240088 0.240083 0.240075 0.240059 0.240023 0.239950 0.239804 0.239520 0.238991 0.238036 0.236377 0.233601 0.229136 0.222237 0.212014 0.197508 0.177833 0.152367 0.120972 0.084171 0.043217 0.000000 
50.000000 41.939204 34.208930 27.099087 20.826658 15.517645 11.205286 7.842606 5.324364 3.512424 2.259176 1.425481 0.891779 0.562801 0.367421 0.255554 0.193763 0.160816 0.143846 0.135398 0.131330 0.129434 0.128578 0.128204 0.128045 0.127980 0.127953 0.127943 0.127938 0.127935 0.127930 0.127921 0.127901 0.127859 0.127777 0.127618 0.127322 0.126791 0.125872 0.124342 0.121892 0.118128 0.112581 0.104753 0.094193 0.080595 0.063908 0.044420 0.022791 0.000000 
50.000000 41.929174 34.189284 27.070598 20.790372 15.474762 11.157050 7.790198 5.268835 3.454653 2.199855 1.365130 0.830770 0.501387 0.305768 0.193763 0.131896 0.098909 0.081919 0.073460 0.069387 0.067489 0.066632 0.066257 0.066098 0.066033 0.066007 0.065996 0.065992 0.065990 0.065987 0.065982 0.065971 0.065948 0.065904 0.065818 0.065659 0.065374 0.064884 0.064072 0.062777 0.060796 0.057891 0.053811 0.048333 0.041309 0.032721 0.022724 0.011653 0.000000 
50.000000 41.923825 34.178806 27.055404 20.771020 15.451894 11.131327 7.762251 5.239224 3.423847 2.168223 1.332950 0.798240 0.468641 0.272894 0.160816 0.098909 0.065900 0.048899 0.040435 0.036359 0.034460 0.033602 0.033227 0.033068 0.033003 0.032977 0.032966 0.032962 0.032960 0.032959 0.032956 0.032950 0.032938 0.032915 0.032870 0.032788 0.032641 0.032389 0.031973 0.031313 0.030307 0.028837 0.026782 0.024032 0.020520 0.016240 0.011270 0.005777 0.000000 
50.000000 41.921070 34.173408 27.047577 20.761051 15.440113 11.118076 7.747855 5.223972 3.407979 2.151930 1.316375 0.781484 0.451774 0.255962 0.143846 0.081919 0.048899 0.031892 0.023425 0.019348 0.017448 0.016590 0.016215 0.016056 0.015991 0.015964 0.015954 0.015950 0.015949 0.015947 0.015946 0.015943 0.015937 0.015925 0.015903 0.015862 0.015789 0.015664 0.015458 0.015133 0.014639 0.013920 0.012918 0.011583 0.009882 0.007815 0.005420 0.002777 0.000000 
50.000000 41.919697 34.170720 27.043680 20.756088 15.434247 11.111478 7.740687 5.216378 3.400079 2.143819 1.308123 0.773143 0.443378 0.247532 0.135398 0.073460 0.040435 0.023425 0.014957 0.010879 0.008979 0.008121 0.007746 0.007587 0.007521 0.007495 0.007485 0.007481 0.007480 0.007479 0.007478 0.007476 0.007474 0.007468 0.007457 0.007437 0.007402 0.007342 0.007244 0.007089 0.006854 0.006514 0.006041 0.005413 0.004615 0.003648 0.002529 0.001295 0.000000 
50.000000 41.919037 34.169426 27.041803 20.753697 15.431422 11.108301 7.737236 5.212722 3.396275 2.139913 1.304150 0.769126 0.439335 0.243474 0.131330 0.069388 0.036360 0.019349 0.010880 0.006802 0.004901 0.004043 0.003668 0.003509 0.003444 0.003417 0.003407 0.003403 0.003402 0.003401 0.003401 0.003400 0.003399 0.003396 0.003391 0.003382 0.003366 0.003338 0.003292 0.003221 0.003113 0.002957 0.002741 0.002454 0.002091 0.001652 0.001145 0.000586 0.000000 
50.000000 41.918729 34.168823 27.040929 20.752583 15.430107 11.106821 7.735628 5.211018 3.394503 2.138094 1.302299 0.767256 0.437452 0.241583 0.129436 0.067491 0.034462 0.017450 0.008981 0.004903 0.003002 0.002144 0.001769 0.001610 0.001544 0.001518 0.001508 0.001504 0.001503 0.001502 0.001502 0.001502 0.001501 0.001500 0.001497 0.001493 0.001486 0.001473 0.001453 0.001421 0.001373 0.001304 0.001208 0.001081 0.000921 0.000727 0.000504 0.000258 0.000000 
50.000000 41.918590 34.168552 27.040535 20.752083 15.429515 11.106156 7.734905 5.210252 3.393706 2.137276 1.301467 0.766414 0.436605 0.240733 0.128584 0.066638 0.033608 0.016596 0.008127 0.004049 0.002148 0.001290 0.000915 0.000756 0.000690 0.000664 0.000654 0.000650 0.000649 0.000648 0.000648 0.000648 0.000648 0.000647 0.000646 0.000644 0.000641 0.000636 0.000627 0.000613 0.000592 0.000562 0.000520 0.000465 0.000396 0.000313 0.000216 0.000111 0.000000 
50.000000 41.918531 34.168436 27.040367 20.751868 15.429262 11.105871 7.734596 5.209925 3.393365 2.136926 1.301111 0.766055 0.436243 0.240370 0.128220 0.066273 0.033243 0.016231 0.007762 0.003684 0.001783 0.000925 0.000550 0.000391 0.000325 0.000299 0.000289 0.000285 0.000284 0.000283 0.000283 0.000283 0.000283 0.000283 0.000282 0.000281 0.000280 0.000277 0.000274 0.000267 0.000258 0.000245 0.000227 0.000203 0.000173 0.000136 0.000094 0.000048 0.000000 
50.000000 41.918509 34.168393 27.040306 20.751790 15.429170 11.105767 7.734483 5.209806 3.393241 2.136799 1.300982 0.765924 0.436111 0.240238 0.128087 0.066141 0.033111 0.016098 0.007629 0.003551 0.001650 0.000792 0.000417 0.000258 0.000192 0.000166 0.000156 0.000152 0.000151 0.000150 0.000150 0.000150 0.000150 0.000150 0.000150 0.000149 0.000148 0.000147 0.000145 0.000142 0.000137 0.000130 0.000120 0.000107 0.000091 0.000072 0.000050 0.000025 0.000000 
50.000000 41.918509 34.168393 27.040306 20.751790 15.429170 11.105767 7.734483 5.209806 3.393241 2.136799 1.300982 0.765924 0.436111 0.240238 0.128087 0.066141 0.033111 0.016098 0.007629 0.003551 0.001650 0.000792 0.000417 0.000258 0.000192 0.000166 0.000156 0.000152 0.000151 0.000150 0.000150 0.000150 0.000150 0.000150 0.000150 0.000149 0.000148 0.000147 0.000145 0.000142 0.000137 0.000130 0.000120 0.000107 0.000091 0.000072 0.000050 0.000025 0.000000 
50.000000 41.918531 34.168436 27.040367 20.751868 15.429262 11.105871 7.734596 5.209925 3.393365 2.136926 1.301111 0.766055 0.436243 0.240370 0.128220 0.066273 0.033243 0.016231 0.007762 0.003684 0.001783 0.000925 0.000550 0.000391 0.000325 0.000299 0.000289 0.000285 0.000284 0.000283 0.000283 0.000283 0.000283 0.000283 0.000282 0.000281 0.000280 0.000277 0.000274 0.000267 0.000258 0.000245 0.000227 0.000203 0.000173 0.000136 0.000094 0.000048 0.000000 
50.000000 41.918590 34.168552 27.040535 20.752083 15.429515 11.106156 7.734905 5.210252 3.393706 2.137276 1.301467 0.766414 0.436605 0.240733 0.128584 0.066638 0.033608 0.016596 0.008127 0.004049 0.002148 0.001290 0.000915 0.000756 0.000690 0.000664 0.000654 0.000650 0.000649 0.000648 0.000648 0.000648 0.000648 0.000647 0.000646 0.000644 0.000641 0.000636 0.000627 0.000613 0.000592 0.000562 0.000520 0.000465 0.000396 0.000313 0.000216 0.000111 0.000000 
50.000000 41.918729 34.168823 27.040929 20.752583 15.430107 11.106821 7.735628 5.211018 3.394503 2.138094 1.302299 0.767256 0.437452 0.241583 0.129436 0.067491 0.034462 0.017450 0.008981 0.004903 0.003002 0.002144 0.001769 0.001610 0.001544 0.001518 0.001508 0.001504 0.001503 0.001502 0.001502 0.001502 0.001501 0.001500 0.001497 0.001493 0.001486 0.001473 0.001453 0.001421 0.001373 0.001304 0.001208 0.001081 0.000921 0.000727 0.000504 0.000258 0.000000 
50.000000 41.919037 34.169426 27.041803 20.753697 15.431422 11.108301 7.737236 5.212722 3.396275 2.139913 1.304150 0.769126 0.439335 0.243474 0.131330 0.069388 0.036360 0.019349 0.010880 0.006802 0.004901 0.004043 0.003668 0.003509 0.003444 0.003417 0.003407 0.003403 0.003402 0.003401 0.003401 0.003400 0.003399 0.003396 0.003391 0.003382 0.003366 0.003338 0.003292 0.003221 0.003113 0.002957 0.002741 0.002454 0.002091 0.001652 0.001145 0.000586 0.000000 
50.000000 41.919697 34.170720 27.043680 20.756088 15.434247 11.111478 7.740687 5.216378 3.400079 2.143819 1.308123 0.773143 0.443378 0.247532 0.135398 0.073460 0.040435 0.023425 0.014957 0.010879 0.008979 0.008121 0.007746 0.007587 0.007521 0.007495 0.007485 0.007481 0.007480 0.007479 0.007478 0.007476 0.007474 0.007468 0.007457 0.007437 0.007402 0.007342 0.007244 0.007089 0.006854 0.006514 0.006041 0.005413 0.004615 0.003648 0.002529 0.001295 0.000000 
50.000000 41.921070 34.173408 27.047577 20.761051 15.440113 11.118076 7.747855 5.223972 3.407979 2.151930 1.316375 0.781484 0.451774 0.255962 0.143846 0.081919 0.048899 0.031892 0.023425 0.019348 0.017448 0.016590 0.016215 0.016056 0.015991 0.015964 0.015954 0.015950 0.015949 0.015947 0.015946 0.015943 0.015937 0.015925 0.015903 0.015862 0.015789 0.015664 0.015458 0.015133 0.014639 0.013920 0.012918 0.011583 0.009882 0.007815 0.005420 0.002777 0.000000 
50.000000 41.923825 34.178806 27.055404 20.771020 15.451894 11.131327 7.762251 5.239224 3.423847 2.168223 1.332950 0.798240 0.468641 0.272894 0.160816 0.098909 0.065900 0.048899 0.040435 0.036359 0.034460 0.033602 0.033227 0.033068 0.033003 0.032977 0.032966 0.032962 0.032960 0.032959 0.032956 0.032950 0.032938 0.032915 0.032870 0.032788 0.032641 0.032389 0.031973 0.031313 0.030307 0.028837 0.026782 0.024032 0.020520 0.016240 0.011270 0.005777 0.000000 
50.000000 41.929174 34.189284 27.070598 20.790372 15.474762 11.157050 7.790198 5.268835 3.454653 2.199855 1.365130 0.830770 0.501387 0.305768 0.193763 0.131896 0.098909 0.081919 0.073460 0.069387 0.067489 0.066632 0.066257 0.066098 0.066033 0.066007 0.065996 0.065992 0.065990 0.065987 0.065982 0.065971 0.065948 0.065904 0.065818 0.065659 0.065374 0.064884 0.064072 0.062777 0.060796 0.057891 0.053811 0.048333 0.041309 0.032721 0.022724 0.011653 0.000000 
50.000000 41.939204 34.208930 27.099087 20.826658 15.517645 11.205286 7.842606 5.324364 3.512424 2.259176 1.425481 0.891779 0.562801 0.367421 0.255554 0.193763 0.160816 0.143846 0.135398 0.131330 0.129434 0.128578 0.128204 0.128045 0.127980 0.127953 0.127943 0.127938 0.127935 0.127930 0.127921 0.127901 0.127859 0.127777 0.127618 0.127322 0.126791 0.125872 0.124342 0.121892 0.118128 0.112581 0.104753 0.094193 0.080595 0.063908 0.044420 0.022791 0.000000 
50.000000 41.957357 34.244491 27.150653 20.892341 15.595268 11.292604 7.937477 5.424886 3.617009 2.366568 1.534738 1.002228 0.673984 0.479040 0.367421 0.305768 0.272894 0.255962 0.247532 0.243473 0.241581 0.240727 0.240354 0.240195 0.240130 0.240104 0.240093 0.240088 0.240083 0.240075 0.240059 0.240023 0.239950 0.239804 0.239520 0.238991 0.238036 0.236377 0.233601 0.229136 0.222237 0.212014 0.197508 0.177833 0.152367 0.120972 0.084171 0.043217 0.000000 
50.000000 41.989057 34.306587 27.240700 21.007037 15.730821 11.445087 8.103154 5.600437 3.799659 2.554123 1.725552 1.195127 0.868167 0.673984 0.562801 0.501387 0.468641 0.451774 0.443377 0.439334 0.437450 0.436599 0.436227 0.436069 0.436004 0.435978 0.435967 0.435961 0.435954 0.435941 0.435912 0.435853 0.435728 0.435479 0.434993 0.434083 0.432435 0.429556 0.424714 0.416879 0.404699 0.386536 0.360598 0.325191 0.279082 0.221923 0.154610 0.079451 0.000000 
50.000000 42.042422 34.411124 27.392293 21.200133 15.959032 11.701808 8.382095 5.896008 4.107187 2.869915 2.046837 1.519925 1.195127 1.002228 0.891779 0.830770 0.798239 0.781484 0.773142 0.769125 0.767253 0.766408 0.766039 0.765882 0.765817 0.765791 0.765779 0.765772 0.765761 0.765741 0.765695 0.765598 0.765396 0.764988 0.764192 0.762693 0.759962 0.755168 0.747056 0.733844 0.713163 0.682097 0.637396 0.575909 0.495247 0.394573 0.275337 0.141644 0.000000 
50.000000 42.128980 34.580684 27.638183 21.513347 16.329212 12.118244 8.834583 6.375481 4.606065 3.382206 2.568045 2.046837 1.725552 1.534738 1.425481 1.365130 1.332950 1.316375 1.308123 1.304149 1.302297 1.301461 1.301095 1.300940 1.300876 1.300850 1.300837 1.300828 1.300813 1.300781 1.300711 1.300561 1.300246 1.299609 1.298361 1.295996 1.291668 1.284022 1.270998 1.249629 1.215915 1.164840 1.090693 0.987773 0.851541 0.680083 0.475546 0.244980 0.000000 
50.000000 42.264170 34.845513 28.022230 22.002553 16.907402 12.768692 9.541356 7.124418 5.385326 4.182430 3.382206 2.869915 2.554123 2.366568 2.259176 2.199855 2.168223 2.151930 2.143819 2.139912 2.138092 2.137270 2.136911 2.136758 2.136695 2.136668 2.136655 2.136643 2.136622 2.136575 2.136472 2.136250 2.135783 2.134834 2.132967 2.129409 2.122859 2.111208 2.091215 2.058144 2.005491 1.924941 1.806775 1.640958 1.419051 1.136829 0.797052 0.411360 0.000000 
50.000000 42.467361 35.243554 28.599467 22.737856 17.776469 13.746386 10.603732 8.250189 6.556696 5.385326 4.606065 4.107187 3.799659 3.617009 3.512424 3.454653 3.423847 3.407979 3.400078 3.396274 3.394501 3.393700 3.393350 3.393201 3.393140 3.393113 3.393099 3.393084 3.393055 3.392990 3.392846 3.392534 3.391876 3.390532 3.387873 3.382780 3.373342 3.356436 3.327182 3.278348 3.199798 3.078261 2.897754 2.641109 2.292976 1.844319 1.297688 0.671410 0.000000 
50.000000 42.761092 35.818963 29.433927 23.800833 19.032836 15.159812 12.139604 9.877737 8.250189 7.124418 6.375481 5.896008 5.600437 5.424886 5.324364 5.268835 5.239224 5.223972 5.216378 5.212721 5.211016 5.210247 5.209910 5.209767 5.209707 5.209681 5.209666 5.209647 5.209609 5.209524 5.209333 5.208918 5.208039 5.206236 5.202649 5.195738 5.182845 5.159566 5.118927 5.050391 4.938869 4.764048 4.500603 4.120050 3.595096 2.907007 2.055336 1.067133 0.000000 
50.000000 43.169268 36.618570 30.593532 25.278010 20.778785 17.124050 14.274036 12.139604 10.603732 9.541356 8.834583 8.382095 8.103154 7.937477 7.842606 7.790198 7.762251 7.747855 7.740687 7.737235 7.735626 7.734900 7.734582 7.734447 7.734390 7.734365 7.734349 7.734326 7.734280 7.734173 7.733935 7.733414 7.732307 7.730025 7.725463 7.716618 7.699998 7.669743 7.616415 7.525471 7.375556 7.137018 6.771373 6.232973 5.474554 4.458421 3.173713 1.656233 0.000000 
50.000000 43.714256 37.686191 32.141828 27.250349 23.110015 19.746778 17.124050 15.159812 13.746386 12.768692 12.118244 11.701808 11.445087 11.292604 11.205286 11.157050 11.131327 11.118076 11.111478 11.108301 11.106820 11.106151 11.105858 11.105734 11.105681 11.105657 11.105640 11.105615 11.105561 11.105437 11.105158 11.104545 11.103239 11.100533 11.095096 11.084489 11.064413 11.027551 10.961917 10.848631 10.659208 10.352677 9.873389 9.151196 8.106887 6.667100 4.792879 2.520895 0.000000 
50.000000 44.413089 39.055198 34.127215 29.779509 26.099419 23.110015 20.778785 19.032836 17.776469 16.907402 16.329212 15.959032 15.730821 15.595268 15.517645 15.474762 15.451894 15.440113 15.434247 15.431422 15.430105 15.429511 15.429250 15.429139 15.429092 15.429071 15.429054 15.429027 15.428969 15.428834 15.428530 15.427861 15.426429 15.423452 15.417436 15.405630 15.383123 15.341439 15.266444 15.135359 14.912786 14.545812 13.958819 13.049709 11.691519 9.747305 7.111193 3.788314 0.000000 
50.000000 45.273361 40.740471 36.571277 32.892993 29.779509 27.250349 25.278010 23.800833 22.737856 22.002553 21.513347 21.200133 21.007037 20.892341 20.826658 20.790372 20.771020 20.761051 20.756087 20.753697 20.752582 20.752079 20.751859 20.751765 20.751725 20.751706 20.751690 20.751664 20.751606 20.751473 20.751169 20.750500 20.749063 20.746063 20.739974 20.727955 20.704887 20.661807 20.583501 20.444880 20.205736 19.803456 19.143462 18.087991 16.446497 13.978084 10.432539 5.682609 0.000000 
50.000000 46.289678 42.731440 39.458687 36.571277 34.127215 32.141828 30.593532 29.433927 28.599467 28.022230 27.638183 27.392293 27.240700 27.150653 27.099087 27.070598 27.055404 27.047577 27.043680 27.041803 27.040927 27.040532 27.040359 27.040286 27.040254 27.040239 27.040225 27.040203 27.040151 27.040032 27.039762 27.039164 27.037877 27.035179 27.029681 27.018777 26.997720 26.958100 26.885401 26.755148 26.526920 26.135111 25.474728 24.379910 22.593193 19.729343 15.263965 8.665626 0.000000 
50.000000 47.441622 44.988108 42.731440 40.740471 39.055198 37.686191 36.618570 35.818963 35.243554 34.845513 34.580684 34.411124 34.306587 34.244491 34.208930 34.189284 34.178806 34.173408 34.170720 34.169426 34.168822 34.168550 34.168430 34.168379 34.168358 34.168347 34.168337 34.168320 34.168281 34.168192 34.167988 34.167536 34.166560 34.164510 34.160320 34.151976 34.135786 34.105138 34.048460 33.945867 33.763627 33.444856 32.893312 31.944005 30.307932 27.467474 22.494054 13.851556 0.000000 
50.000000 48.694047 47.441622 46.289678 45.273361 44.413089 43.714256 43.169268 42.761092 42.467361 42.264170 42.128980 42.042422 41.989057 41.957357 41.939204 41.929174 41.923825 41.921070 41.919697 41.919036 41.918728 41.918589 41.918528 41.918502 41.918491 41.918485 41.918480 41.918471 41.918450 41.918402 41.918292 41.918048 41.917521 41.916412 41.914140 41.909605 41.900778 41.884000 41.852809 41.795950 41.693959 41.513036 41.193361 40.624774 39.590753 37.624053 33.590067 24.347024 0.000000 
50.000000 50.000000 50.000000 50.000000 50.000000 50.000000 50.000000 50.000000 50.000000 50.000000 50.000000 50.000000 50.000000 50.000000 50.000000 50.000000 50.000000 50.000000 50.000000 50.000000 50.000000 50.000000 50.000000 50.000000 50.000000 50.000000 50.000000 50.000000 50.000000 50.000000 50.000000 50.000000 50.000000 50.000000 50.000000 50.000000 50.000000 50.000000 50.000000 50.000000 50.000000 50.000000 50.000000 50.000000 50.000000 50.000000 50.000000 50.000000 50.000000 50.000000 
