50.000000 50.000000 50.000000 50.000000 50.000000 50.000000 50.000000 50.000000 50.000000 50.000000 50.000000 50.000000 50.000000 50.000000 50.000000 50.000000 50.000000 50.000000 50.000000 50.000000 50.000000 50.000000 50.000000 50.000000 50.000000 50.000000 50.000000 50.000000 50.000000 50.000000 50.000000 50.000000 50.000000 50.000000 50.000000 50.000000 50.000000 50.000000 50.000000 50.000000 50.000000 50.000000 50.000000 50.000000 50.000000 50.000000 50.000000 50.000000 50.000000 50.000000 
50.000000 48.406430 46.892540 45.526075 44.353882 43.397868 42.656192 42.108532 41.723355 41.465131 41.299978 41.199118 41.140249 41.107377 41.089801 41.080792 41.076362 41.074270 41.073320 41.072905 41.072730 41.072659 41.072631 41.072621 41.072617 41.072616 41.072615 41.072614 41.072613 41.072609 41.072598 41.072569 41.072498 41.072322 41.071906 41.070952 41.068833 41.064264 41.054708 41.035282 40.996822 40.922423 40.781157 40.516052 40.019317 39.075754 37.217891 33.308989 24.203215 0.000000 
50.000000 46.892540 43.940461 41.275867 38.990111 37.125908 35.679670 34.611762 33.860694 33.357181 33.035151 32.838489 32.723703 32.659609 32.625339 32.607774 32.599137 32.595057 32.593205 32.592396 32.592056 32.591917 32.591863 32.591843 32.591835 32.591833 32.591831 32.591830 32.591827 32.591820 32.591800 32.591748 32.591617 32.591297 32.590540 32.588808 32.584969 32.576720 32.559537 32.524795 32.456501 32.325700 32.080849 31.631021 30.815633 29.348154 26.710536 21.970230 13.583551 0.000000 
50.000000 45.526075 41.275867 37.439576 34.148730 31.464824 29.382685 27.845244 26.763966 26.039091 25.575494 25.292383 25.127143 25.034878 24.985546 24.960263 24.947830 24.941958 24.939292 24.938128 24.937638 24.937439 24.937361 24.937332 24.937321 24.937317 24.937315 24.937314 24.937310 24.937300 24.937274 24.937207 24.937038 24.936627 24.935656 24.933442 24.928551 24.918096 24.896451 24.853028 24.768548 24.608957 24.315773 23.791087 22.874914 21.313085 18.719788 14.565330 8.308184 0.000000 
50.000000 44.353882 38.990111 34.148730 29.995731 26.608716 23.981149 22.040996 20.676516 19.761804 19.176809 18.819570 18.611070 18.494654 18.432410 18.400511 18.384825 18.377417 18.374054 18.372585 18.371966 18.371716 18.371617 18.371580 18.371567 18.371562 18.371560 18.371558 18.371554 18.371543 18.371515 18.371442 18.371260 18.370817 18.369775 18.367408 18.362206 18.351151 18.328434 18.283290 18.196509 18.035085 17.744468 17.238089 16.384829 14.997865 12.835645 9.641957 5.278129 0.000000 
50.000000 43.397868 37.125908 31.464824 26.608716 22.648322 19.575986 17.307462 15.712075 14.642594 13.958634 13.540972 13.297213 13.161115 13.088350 13.051059 13.032723 13.024064 13.020133 13.018416 13.017694 13.017401 13.017286 13.017242 13.017227 13.017221 13.017218 13.017217 13.017213 13.017203 13.017176 13.017106 13.016931 13.016509 13.015520 13.013284 13.008397 12.998082 12.977059 12.935701 12.857188 12.713416 12.459638 12.028345 11.324161 10.223887 8.589910 6.310276 3.378551 0.000000 
50.000000 42.656192 35.679670 29.382685 23.981149 19.575986 16.158665 13.635460 11.861001 10.671504 9.910810 9.446304 9.175213 9.023860 8.942942 8.901474 8.881085 8.871457 8.867086 8.865177 8.864374 8.864048 8.863920 8.863872 8.863855 8.863848 8.863846 8.863844 8.863840 8.863831 8.863808 8.863747 8.863596 8.863231 8.862379 8.860464 8.856302 8.847579 8.829949 8.795619 8.731245 8.615120 8.413855 8.079333 7.547641 6.743060 5.591598 4.048649 2.140140 0.000000 
50.000000 42.108532 34.611762 27.845244 22.040996 17.307462 13.635460 10.924256 9.017624 7.739554 6.922238 6.423169 6.131916 5.969311 5.882380 5.837833 5.815930 5.805588 5.800893 5.798842 5.797979 5.797629 5.797492 5.797440 5.797422 5.797415 5.797412 5.797410 5.797408 5.797400 5.797381 5.797333 5.797212 5.796921 5.796246 5.794736 5.791473 5.784683 5.771074 5.744832 5.696194 5.609663 5.462128 5.221605 4.847824 4.296528 3.529471 2.530912 1.327375 0.000000 
50.000000 41.723355 33.860694 26.763966 20.676516 15.712075 11.861001 9.017624 7.018078 5.677752 4.820643 4.297289 3.991871 3.821363 3.730209 3.683499 3.660534 3.649690 3.644768 3.642618 3.641713 3.641347 3.641203 3.641149 3.641129 3.641122 3.641119 3.641118 3.641116 3.641110 3.641096 3.641060 3.640970 3.640755 3.640258 3.639150 3.636773 3.631859 3.622087 3.603417 3.569185 3.509039 3.407961 3.245880 2.998659 2.641431 2.155009 1.534995 0.800932 0.000000 
50.000000 41.465131 33.357181 26.039091 19.761804 14.642594 10.671504 7.739554 5.677752 4.295720 3.411956 2.872338 2.557435 2.381636 2.287656 2.239500 2.215824 2.204645 2.199570 2.197354 2.196422 2.196044 2.195896 2.195840 2.195819 2.195812 2.195809 2.195808 2.195806 2.195803 2.195793 2.195767 2.195705 2.195556 2.195213 2.194454 2.192832 2.189501 2.182927 2.170473 2.147860 2.108567 2.043360 1.940258 1.785406 1.565296 1.270543 0.900680 0.468309 0.000000 
50.000000 41.299978 33.035151 25.575494 19.176809 13.958634 9.910810 6.922238 4.820643 3.411956 2.511162 1.961153 1.640193 1.461016 1.365231 1.316151 1.292022 1.280629 1.275458 1.273199 1.272249 1.271864 1.271713 1.271656 1.271635 1.271628 1.271625 1.271624 1.271623 1.271620 1.271614 1.271597 1.271556 1.271459 1.271237 1.270747 1.269706 1.267580 1.263413 1.255581 1.241483 1.217226 1.177406 1.115191 1.022933 0.893518 0.722466 0.510356 0.264696 0.000000 
50.000000 41.199118 32.838489 25.292383 18.819570 13.540972 9.446304 6.423169 4.297289 2.872338 1.961153 1.404807 1.080153 0.898916 0.802032 0.752389 0.727984 0.716461 0.711230 0.708946 0.707985 0.707595 0.707443 0.707385 0.707364 0.707356 0.707354 0.707353 0.707352 0.707350 0.707346 0.707336 0.707311 0.707251 0.707115 0.706816 0.706184 0.704902 0.702403 0.697740 0.689411 0.675202 0.652095 0.616354 0.563913 0.491136 0.395932 0.278951 0.144410 0.000000 
50.000000 41.140249 32.723703 25.127143 18.611070 13.297213 9.175213 6.131916 3.991871 2.557435 1.640193 1.080153 0.753347 0.570909 0.473385 0.423415 0.398849 0.387250 0.381985 0.379686 0.378718 0.378326 0.378173 0.378115 0.378093 0.378086 0.378083 0.378082 0.378082 0.378081 0.378078 0.378072 0.378058 0.378023 0.377944 0.377771 0.377408 0.376673 0.375251 0.372613 0.367934 0.360012 0.347233 0.327635 0.299131 0.259919 0.209046 0.146983 0.075985 0.000000 
50.000000 41.107377 32.659609 25.034878 18.494654 13.161115 9.023860 5.969311 3.821363 2.381636 1.461016 0.898916 0.570909 0.387803 0.289922 0.239770 0.215114 0.203473 0.198189 0.195881 0.194910 0.194517 0.194363 0.194305 0.194283 0.194276 0.194273 0.194272 0.194272 0.194271 0.194270 0.194266 0.194258 0.194239 0.194196 0.194101 0.193902 0.193502 0.192731 0.191310 0.188804 0.184590 0.177838 0.167558 0.152718 0.132449 0.106327 0.074640 0.038545 0.000000 
50.000000 41.089801 32.625339 24.985546 18.432410 13.088350 8.942942 5.882380 3.730209 2.287656 1.365231 0.802032 0.473385 0.289922 0.191851 0.141601 0.116898 0.105234 0.099940 0.097628 0.096655 0.096261 0.096107 0.096048 0.096027 0.096019 0.096017 0.096016 0.096016 0.096015 0.096014 0.096013 0.096008 0.095998 0.095975 0.095926 0.095822 0.095614 0.095216 0.094485 0.093203 0.091058 0.087644 0.082478 0.075066 0.065003 0.052104 0.036530 0.018848 0.000000 
50.000000 41.080792 32.607774 24.960263 18.400511 13.051059 8.901474 5.837833 3.683499 2.239500 1.316151 0.752389 0.423415 0.239770 0.141601 0.091301 0.066573 0.054898 0.049599 0.047285 0.046311 0.045916 0.045762 0.045704 0.045682 0.045675 0.045672 0.045671 0.045671 0.045671 0.045670 0.045669 0.045667 0.045662 0.045651 0.045626 0.045574 0.045471 0.045274 0.044914 0.044286 0.043242 0.041586 0.039095 0.035539 0.030736 0.024607 0.017234 0.008886 0.000000 
50.000000 41.076362 32.599137 24.947830 18.384825 13.032723 8.881085 5.815930 3.660534 2.215824 1.292022 0.727984 0.398849 0.215114 0.116898 0.066573 0.041834 0.030153 0.024851 0.022536 0.021562 0.021167 0.021012 0.020954 0.020932 0.020925 0.020922 0.020921 0.020921 0.020921 0.020921 0.020920 0.020919 0.020917 0.020911 0.020899 0.020875 0.020826 0.020733 0.020563 0.020268 0.019779 0.019009 0.017855 0.016215 0.014008 0.011203 0.007840 0.004040 0.000000 
50.000000 41.074270 32.595057 24.941958 18.377417 13.024064 8.871457 5.805588 3.649690 2.204645 1.280629 0.716461 0.387250 0.203473 0.105234 0.054898 0.030153 0.018469 0.013166 0.010850 0.009876 0.009481 0.009327 0.009268 0.009247 0.009239 0.009237 0.009236 0.009236 0.009235 0.009235 0.009235 0.009235 0.009234 0.009231 0.009226 0.009214 0.009192 0.009150 0.009073 0.008940 0.008720 0.008376 0.007861 0.007133 0.006157 0.004920 0.003441 0.001772 0.000000 
50.000000 41.073320 32.593205 24.939292 18.374054 13.020133 8.867086 5.800893 3.644768 2.199570 1.275458 0.711230 0.381985 0.198189 0.099940 0.049599 0.024851 0.013166 0.007863 0.005547 0.004572 0.004177 0.004023 0.003964 0.003943 0.003935 0.003933 0.003932 0.003932 0.003932 0.003932 0.003932 0.003931 0.003931 0.003930 0.003927 0.003922 0.003913 0.003894 0.003861 0.003803 0.003708 0.003560 0.003339 0.003028 0.002611 0.002085 0.001457 0.000750 0.000000 
50.000000 41.072905 32.592396 24.938128 18.372585 13.018416 8.865177 5.798842 3.642618 2.197354 1.273199 0.708946 0.379686 0.195881 0.097628 0.047285 0.022536 0.010850 0.005547 0.003230 0.002256 0.001861 0.001706 0.001648 0.001627 0.001619 0.001616 0.001616 0.001615 0.001615 0.001615 0.001615 0.001615 0.001615 0.001614 0.001613 0.001611 0.001607 0.001599 0.001585 0.001561 0.001522 0.001460 0.001369 0.001241 0.001069 0.000853 0.000596 0.000307 0.000000 
50.000000 41.072730 32.592056 24.937638 18.371966 13.017694 8.864374 5.797979 3.641713 2.196422 1.272249 0.707985 0.378718 0.194910 0.096655 0.046311 0.021562 0.009876 0.004572 0.002256 0.001282 0.000887 0.000732 0.000674 0.000652 0.000645 0.000642 0.000641 0.000641 0.000641 0.000641 0.000641 0.000641 0.000641 0.000641 0.000640 0.000639 0.000638 0.000634 0.000629 0.000619 0.000603 0.000579 0.000542 0.000491 0.000423 0.000337 0.000236 0.000121 0.000000 
50.000000 41.072659 32.591917 24.937439 18.371716 13.017401 8.864048 5.797629 3.641347 2.196044 1.271864 0.707595 0.378326 0.194517 0.096261 0.045917 0.021167 0.009481 0.004177 0.001861 0.000887 0.000492 0.000337 0.000279 0.000257 0.000250 0.000247 0.000246 0.000246 0.000246 0.000246 0.000246 0.000246 0.000246 0.000246 0.000246 0.000245 0.000245 0.000243 0.000241 0.000237 0.000231 0.000222 0.000208 0.000188 0.000162 0.000129 0.000090 0.000046 0.000000 
50.000000 41.072632 32.591864 24.937361 18.371618 13.017286 8.863921 5.797493 3.641203 2.195896 1.271713 0.707443 0.378173 0.194363 0.096107 0.045762 0.021012 0.009327 0.004023 0.001707 0.000732 0.000337 0.000183 0.000124 0.000103 0.000095 0.000093 0.000092 0.000092 0.000092 0.000092 0.000092 0.000091 0.000091 0.000091 0.000091 0.000091 0.000091 0.000091 0.000090 0.000088 0.000086 0.000082 0.000077 0.000070 0.000060 0.000048 0.000033 0.000017 0.000000 
50.000000 41.072621 32.591843 24.937332 18.371581 13.017243 8.863873 5.797442 3.641150 2.195841 1.271657 0.707386 0.378116 0.194306 0.096049 0.045705 0.020955 0.009269 0.003966 0.001649 0.000675 0.000280 0.000125 0.000067 0.000045 0.000038 0.000035 0.000034 0.000034 0.000034 0.000034 0.000034 0.000034 0.000034 0.000034 0.000034 0.000034 0.000034 0.000034 0.000033 0.000033 0.000032 0.000031 0.000029 0.000026 0.000022 0.000018 0.000012 0.000006 0.000000 
50.000000 41.072618 32.591837 24.937323 18.371569 13.017229 8.863858 5.797425 3.641133 2.195823 1.271639 0.707368 0.378097 0.194287 0.096031 0.045686 0.020936 0.009251 0.003947 0.001630 0.000656 0.000261 0.000106 0.000048 0.000027 0.000019 0.000016 0.000016 0.000015 0.000015 0.000015 0.000015 0.000015 0.000015 0.000015 0.000015 0.000015 0.000015 0.000015 0.000015 0.000015 0.000014 0.000014 0.000013 0.000012 0.000010 0.000008 0.000006 0.000003 0.000000 
50.000000 41.072618 32.591837 24.937323 18.371569 13.017229 8.863858 5.797425 3.641133 2.195823 1.271639 0.707368 0.378097 0.194287 0.096031 0.045686 0.020936 0.009251 0.003947 0.001630 0.000656 0.000261 0.000106 0.000048 0.000027 0.000019 0.000016 0.000016 0.000015 0.000015 0.000015 0.000015 0.000015 0.000015 0.000015 0.000015 0.000015 0.000015 0.000015 0.000015 0.000015 0.000014 0.000014 0.000013 0.000012 0.000010 0.000008 0.000006 0.000003 0.000000 
50.000000 41.072621 32.591843 24.937332 18.371581 13.017243 8.863873 5.797442 3.641150 2.195841 1.271657 0.707386 0.378116 0.194306 0.096049 0.045705 0.020955 0.009269 0.003966 0.001649 0.000675 0.000280 0.000125 0.000067 0.000045 0.000038 0.000035 0.000034 0.000034 0.000034 0.000034 0.000034 0.000034 0.000034 0.000034 0.000034 0.000034 0.000034 0.000034 0.000033 0.000033 0.000032 0.000031 0.000029 0.000026 0.000022 0.000018 0.000012 0.000006 0.000000 
50.000000 41.072632 32.591864 24.937361 18.371618 13.017286 8.863921 5.797493 3.641203 2.195896 1.271713 0.707443 0.378173 0.194363 0.096107 0.045762 0.021012 0.009327 0.004023 0.001707 0.000732 0.000337 0.000183 0.000124 0.000103 0.000095 0.000093 0.000092 0.000092 0.000092 0.000092 0.000092 0.000091 0.000091 0.000091 0.000091 0.000091 0.000091 0.000091 0.000090 0.000088 0.000086 0.000082 0.000077 0.000070 0.000060 0.000048 0.000033 0.000017 0.000000 
50.000000 41.072659 32.591917 24.937439 18.371716 13.017401 8.864048 5.797629 3.641347 2.196044 1.271864 0.707595 0.378326 0.194517 0.096261 0.045917 0.021167 0.009481 0.004177 0.001861 0.000887 0.000492 0.000337 0.000279 0.000257 0.000250 0.000247 0.000246 0.000246 0.000246 0.000246 0.000246 0.000246 0.000246 0.000246 0.000246 0.000245 0.000245 0.000243 0.000241 0.000237 0.000231 0.000222 0.000208 0.000188 0.000162 0.000129 0.000090 0.000046 0.000000 
50.000000 41.072730 32.592056 24.937638 18.371966 13.017694 8.864374 5.797979 3.641713 2.196422 1.272249 0.707985 0.378718 0.194910 0.096655 0.046311 0.021562 0.009876 0.004572 0.002256 0.001282 0.000887 0.000732 0.000674 0.000652 0.000645 0.000642 0.000641 0.000641 0.000641 0.000641 0.000641 0.000641 0.000641 0.000641 0.000640 0.000639 0.000638 0.000634 0.000629 0.000619 0.000603 0.000579 0.000542 0.000491 0.000423 0.000337 0.000236 0.000121 0.000000 
50.000000 41.072905 32.592396 24.938128 18.372585 13.018416 8.865177 5.798842 3.642618 2.197354 1.273199 0.708946 0.379686 0.195881 0.097628 0.047285 0.022536 0.010850 0.005547 0.003230 0.002256 0.001861 0.001706 0.001648 0.001627 0.001619 0.001616 0.001616 0.001615 0.001615 0.001615 0.001615 0.001615 0.001615 0.001614 0.001613 0.001611 0.001607 0.001599 0.001585 0.001561 0.001522 0.001460 0.001369 0.001241 0.001069 0.000853 0.000596 0.000307 0.000000 
50.000000 41.073320 32.593205 24.939292 18.374054 13.020133 8.867086 5.800893 3.644768 2.199570 1.275458 0.711230 0.381985 0.198189 0.099940 0.049599 0.024851 0.013166 0.007863 0.005547 0.004572 0.004177 0.004023 0.003964 0.003943 0.003935 0.003933 0.003932 0.003932 0.003932 0.003932 0.003932 0.003931 0.003931 0.003930 0.003927 0.003922 0.003913 0.003894 0.003861 0.003803 0.003708 0.003560 0.003339 0.003028 0.002611 0.002085 0.001457 0.000750 0.000000 
50.000000 41.074270 32.595057 24.941958 18.377417 13.024064 8.871457 5.805588 3.649690 2.204645 1.280629 0.716461 0.387250 0.203473 0.105234 0.054898 0.030153 0.018469 0.013166 0.010850 0.009876 0.009481 0.009327 0.009268 0.009247 0.009239 0.009237 0.009236 0.009236 0.009235 0.009235 0.009235 0.009235 0.009234 0.009231 0.009226 0.009214 0.009192 0.009150 0.009073 0.008940 0.008720 0.008376 0.007861 0.007133 0.006157 0.004920 0.003441 0.001772 0.000000 
50.000000 41.076362 32.599137 24.947830 18.384825 13.032723 8.881085 5.815930 3.660534 2.215824 1.292022 0.727984 0.398849 0.215114 0.116898 0.066573 0.041834 0.030153 0.024851 0.022536 0.021562 0.021167 0.021012 0.020954 0.020932 0.020925 0.020922 0.020921 0.020921 0.020921 0.020921 0.020920 0.020919 0.020917 0.020911 0.020899 0.020875 0.020826 0.020733 0.020563 0.020268 0.019779 0.019009 0.017855 0.016215 0.014008 0.011203 0.007840 0.004040 0.000000 
50.000000 41.080792 32.607774 24.960263 18.400511 13.051059 8.901474 5.837833 3.683499 2.239500 1.316151 0.752389 0.423415 0.239770 0.141601 0.091301 0.066573 0.054898 0.049599 0.047285 0.046311 0.045916 0.045762 0.045704 0.045682 0.045675 0.045672 0.045671 0.045671 0.045671 0.045670 0.045669 0.045667 0.045662 0.045651 0.045626 0.045574 0.045471 0.045274 0.044914 0.044286 0.043242 0.041586 0.039095 0.035539 0.030736 0.024607 0.017234 0.008886 0.000000 
50.000000 41.089801 32.625339 24.985546 18.432410 13.088350 8.942942 5.882380 3.730209 2.287656 1.365231 0.802032 0.473385 0.289922 0.191851 0.141601 0.116898 0.105234 0.099940 0.097628 0.096655 0.096261 0.096107 0.096048 0.096027 0.096019 0.096017 0.096016 0.096016 0.096015 0.096014 0.096013 0.096008 0.095998 0.095975 0.095926 0.095822 0.095614 0.095216 0.094485 0.093203 0.091058 0.087644 0.082478 0.075066 0.065003 0.052104 0.036530 0.018848 0.000000 
50.000000 41.107377 32.659609 25.034878 18.494654 13.161115 9.023860 5.969311 3.821363 2.381636 1.461016 0.898916 0.570909 0.387803 0.289922 0.239770 0.215114 0.203473 0.198189 0.195881 0.194910 0.194517 0.194363 0.194305 0.194283 0.194276 0.194273 0.194272 0.194272 0.194271 0.194270 0.194266 0.194258 0.194239 0.194196 0.194101 0.193902 0.193502 0.192731 0.191310 0.188804 0.184590 0.177838 0.167558 0.152718 0.132449 0.106327 0.074640 0.038545 0.000000 
50.000000 41.140249 32.723703 25.127143 18.611070 13.297213 9.175213 6.131916 3.991871 2.557435 1.640193 1.080153 0.753347 0.570909 0.473385 0.423415 0.398849 0.387250 0.381985 0.379686 0.378718 0.378326 0.378173 0.378115 0.378093 0.378086 0.378083 0.378082 0.378082 0.378081 0.378078 0.378072 0.378058 0.378023 0.377944 0.377771 0.377408 0.376673 0.375251 0.372613 0.367934 0.360012 0.347233 0.327635 0.299131 0.259919 0.209046 0.146983 0.075985 0.000000 
50.000000 41.199118 32.838489 25.292383 18.819570 13.540972 9.446304 6.423169 4.297289 2.872338 1.961153 1.404807 1.080153 0.898916 0.802032 0.752389 0.727984 0.716461 0.711230 0.708946 0.707985 0.707595 0.707443 0.707385 0.707364 0.707356 0.707354 0.707353 0.707352 0.707350 0.707346 0.707336 0.707311 0.707251 0.707115 0.706816 0.706184 0.704902 0.702403 0.697740 0.689411 0.675202 0.652095 0.616354 0.563913 0.491136 0.395932 0.278951 0.144410 0.000000 
50.000000 41.299978 33.035151 25.575494 19.176809 13.958634 9.910810 6.922238 4.820643 3.411956 2.511162 1.961153 1.640193 1.461016 1.365231 1.316151 1.292022 1.280629 1.275458 1.273199 1.272249 1.271864 1.271713 1.271656 1.271635 1.271628 1.271625 1.271624 1.271623 1.271620 1.271614 1.271597 1.271556 1.271459 1.271237 1.270747 1.269706 1.267580 1.263413 1.255581 1.241483 1.217226 1.177406 1.115191 1.022933 0.893518 0.722466 0.510356 0.264696 0.000000 
50.000000 41.465131 33.357181 26.039091 19.761804 14.642594 10.671504 7.739554 5.677752 4.295720 3.411956 2.872338 2.557435 2.381636 2.287656 2.239500 2.215824 2.204645 2.199570 2.197354 2.196422 2.196044 2.195896 2.195840 2.195819 2.195812 2.195809 2.195808 2.195806 2.195803 2.195793 2.195767 2.195705 2.195556 2.195213 2.194454 2.192832 2.189501 2.182927 2.170473 2.147860 2.108567 2.043360 1.940258 1.785406 1.565296 1.270543 0.900680 0.468309 0.000000 
50.000000 41.723355 33.860694 26.763966 20.676516 15.712075 11.861001 9.017624 7.018078 5.677752 4.820643 4.297289 3.991871 3.821363 3.730209 3.683499 3.660534 3.649690 3.644768 3.642618 3.641713 3.641347 3.641203 3.641149 3.641129 3.641122 3.641119 3.641118 3.641116 3.641110 3.641096 3.641060 3.640970 3.640755 3.640258 3.639150 3.636773 3.631859 3.622087 3.603417 3.569185 3.509039 3.407961 3.245880 2.998659 2.641431 2.155009 1.534995 0.800932 0.000000 
50.000000 42.108532 34.611762 27.845244 22.040996 17.307462 13.635460 10.924256 9.017624 7.739554 6.922238 6.423169 6.131916 5.969311 5.882380 5.837833 5.815930 5.805588 5.800893 5.798842 5.797979 5.797629 5.797492 5.797440 5.797422 5.797415 5.797412 5.797410 5.797408 5.797400 5.797381 5.797333 5.797212 5.796921 5.796246 5.794736 5.791473 5.784683 5.771074 5.744832 5.696194 5.609663 5.462128 5.221605 4.847824 4.296528 3.529471 2.530912 1.327375 0.000000 
50.000000 42.656192 35.679670 29.382685 23.981149 19.575986 16.158665 13.635460 11.861001 10.671504 9.910810 9.446304 9.175213 9.023860 8.942942 8.901474 8.881085 8.871457 8.867086 8.865177 8.864374 8.864048 8.863920 8.863872 8.863855 8.863848 8.863846 8.863844 8.863840 8.863831 8.863808 8.863747 8.863596 8.863231 8.862379 8.860464 8.856302 8.847579 8.829949 8.795619 8.731245 8.615120 8.413855 8.079333 7.547641 6.743060 5.591598 4.048649 2.140140 0.000000 
50.000000 43.397868 37.125908 31.464824 26.608716 22.648322 19.575986 17.307462 15.712075 14.642594 13.958634 13.540972 13.297213 13.161115 13.088350 13.051059 13.032723 13.024064 13.020133 13.018416 13.017694 13.017401 13.017286 13.017242 13.017227 13.017221 13.017218 13.017217 13.017213 13.017203 13.017176 13.017106 13.016931 13.016509 13.015520 13.013284 13.008397 12.998082 12.977059 12.935701 12.857188 12.713416 12.459638 12.028345 11.324161 10.223887 8.589910 6.310276 3.378551 0.000000 
50.000000 44.353882 38.990111 34.148730 29.995731 26.608716 23.981149 22.040996 20.676516 19.761804 19.176809 18.819570 18.611070 18.494654 18.432410 18.400511 18.384825 18.377417 18.374054 18.372585 18.371966 18.371716 18.371617 18.371580 18.371567 18.371562 18.371560 18.371558 18.371554 18.371543 18.371515 18.371442 18.371260 18.370817 18.369775 18.367408 18.362206 18.351151 18.328434 18.283290 18.196509 18.035085 17.744468 17.238089 16.384829 14.997865 12.835645 9.641957 5.278129 0.000000 
50.000000 45.526075 41.275867 37.439576 34.148730 31.464824 29.382685 27.845244 26.763966 26.039091 25.575494 25.292383 25.127143 25.034878 24.985546 24.960263 24.947830 24.941958 24.939292 24.938128 24.937638 24.937439 24.937361 24.937332 24.937321 24.937317 24.937315 24.937314 24.937310 24.937300 24.937274 24.937207 24.937038 24.936627 24.935656 24.933442 24.928551 24.918096 24.896451 24.853028 24.768548 24.608957 24.315773 23.791087 22.874914 21.313085 18.719788 14.565330 8.308184 0.000000 
50.000000 46.892540 43.940461 41.275867 38.990111 37.125908 35.679670 34.611762 33.860694 33.357181 33.035151 32.838489 32.723703 32.659609 32.625339 32.607774 32.599137 32.595057 32.593205 32.592396 32.592056 32.591917 32.591863 32.591843 32.591835 32.591833 32.591831 32.591830 32.591827 32.591820 32.591800 32.591748 32.591617 32.591297 32.590540 32.588808 32.584969 32.576720 32.559537 32.524795 32.456501 32.325700 32.080849 31.631021 30.815633 29.348154 26.710536 21.970230 13.583551 0.000000 
50.000000 48.406430 46.892540 45.526075 44.353882 43.397868 42.656192 42.108532 41.723355 41.465131 41.299978 41.199118 41.140249 41.107377 41.089801 41.080792 41.076362 41.074270 41.073320 41.072905 41.072730 41.072659 41.072631 41.072621 41.072617 41.072616 41.072615 41.072614 41.072613 41.072609 41.072598 41.072569 41.072498 41.072322 41.071906 41.070952 41.068833 41.064264 41.054708 41.035282 40.996822 40.922423 40.781157 40.516052 40.019317 39.075754 37.217891 33.308989 24.203215 0.000000 
50.000000 50.000000 50.000000 50.000000 50.000000 50.000000 50.000000 50.000000 50.000000 50.000000 50.000000 50.000000 50.000000 50.000000 50.000000 50.000000 50.000000 50.000000 50.000000 50.000000 50.000000 50.000000 50.000000 50.000000 50.000000 50.000000 50.000000 50.000000 50.000000 50.000000 50.000000 50.000000 50.000000 50.000000 50.000000 50.000000 50.000000 50.000000 50.000000 50.000000 50.000000 50.000000 50.000000 50.000000 50.000000 50.000000 50.000000 50.000000 50.000000 50.000000 
