50.000000 50.000000 50.000000 50.000000 50.000000 50.000000 50.000000 50.000000 50.000000 50.000000 50.000000 50.000000 50.000000 50.000000 50.000000 50.000000 50.000000 50.000000 50.000000 50.000000 50.000000 50.000000 50.000000 50.000000 50.000000 50.000000 50.000000 50.000000 50.000000 50.000000 50.000000 50.000000 50.000000 50.000000 50.000000 50.000000 50.000000 50.000000 50.000000 50.000000 50.000000 50.000000 50.000000 50.000000 50.000000 50.000000 50.000000 50.000000 50.000000 50.000000 
50.000000 43.796332 38.790965 35.496458 33.697733 32.868416 32.540071 32.426769 32.392254 32.382869 32.380570 32.380059 32.379954 32.379935 32.379932 32.379931 32.379931 32.379931 32.379931 32.379931 32.379931 32.379931 32.379931 32.379931 32.379931 32.379931 32.379931 32.379931 32.379931 32.379931 32.379931 32.379931 32.379931 32.379931 32.379931 32.379931 32.379931 32.379930 32.379923 32.379885 32.379691 32.378750 32.374556 32.357306 32.291882 32.062390 31.311493 28.979412 21.898166 0.000000 
50.000000 38.790965 29.747885 23.796771 20.548335 19.051023 18.458384 18.253949 18.191695 18.174774 18.170630 18.169709 18.169521 18.169486 18.169480 18.169479 18.169479 18.169479 18.169479 18.169479 18.169479 18.169479 18.169479 18.169479 18.169479 18.169479 18.169479 18.169479 18.169479 18.169479 18.169479 18.169479 18.169479 18.169479 18.169479 18.169479 18.169479 18.169477 18.169468 18.169419 18.169162 18.167941 18.162579 18.141027 18.062024 17.799053 17.008024 14.873942 9.811553 0.000000 
50.000000 35.496458 23.796771 16.098954 11.898233 9.962622 9.196786 8.932712 8.852330 8.830493 8.825147 8.823959 8.823717 8.823672 8.823664 8.823663 8.823663 8.823663 8.823663 8.823663 8.823663 8.823663 8.823663 8.823663 8.823663 8.823663 8.823663 8.823663 8.823663 8.823663 8.823663 8.823663 8.823663 8.823663 8.823663 8.823663 8.823662 8.823661 8.823654 8.823615 8.823414 8.822466 8.818374 8.802289 8.745125 8.563072 8.049477 6.788747 4.184966 0.000000 
50.000000 33.697733 20.548335 11.898233 7.178996 5.005093 4.145255 3.848871 3.758688 3.734197 3.728205 3.726873 3.726602 3.726552 3.726543 3.726542 3.726541 3.726541 3.726541 3.726541 3.726541 3.726541 3.726541 3.726541 3.726541 3.726541 3.726541 3.726541 3.726541 3.726541 3.726541 3.726541 3.726541 3.726541 3.726541 3.726541 3.726541 3.726540 3.726536 3.726514 3.726398 3.725858 3.723560 3.714696 3.683986 3.589498 3.335161 2.749282 1.635343 0.000000 
50.000000 32.868416 19.051023 9.962622 5.005093 2.721878 1.819005 1.507863 1.413213 1.387516 1.381230 1.379833 1.379550 1.379497 1.379487 1.379486 1.379486 1.379486 1.379486 1.379486 1.379486 1.379486 1.379486 1.379486 1.379486 1.379486 1.379486 1.379486 1.379486 1.379486 1.379486 1.379486 1.379486 1.379486 1.379486 1.379486 1.379486 1.379485 1.379483 1.379473 1.379420 1.379175 1.378144 1.374230 1.360939 1.321107 1.217498 0.989000 0.576534 0.000000 
50.000000 32.540071 18.458384 9.196786 4.145255 1.819005 0.899229 0.582304 0.485909 0.459741 0.453342 0.451920 0.451631 0.451577 0.451568 0.451566 0.451566 0.451566 0.451566 0.451566 0.451566 0.451566 0.451566 0.451566 0.451566 0.451566 0.451566 0.451566 0.451566 0.451566 0.451566 0.451566 0.451566 0.451566 0.451566 0.451566 0.451566 0.451566 0.451565 0.451561 0.451541 0.451448 0.451062 0.449615 0.444775 0.430559 0.394497 0.317357 0.182765 0.000000 
50.000000 32.426769 18.253949 8.932712 3.848871 1.507863 0.582304 0.263406 0.166417 0.140090 0.133652 0.132222 0.131931 0.131877 0.131867 0.131866 0.131866 0.131866 0.131866 0.131866 0.131866 0.131866 0.131866 0.131866 0.131866 0.131866 0.131866 0.131866 0.131866 0.131866 0.131866 0.131866 0.131866 0.131866 0.131866 0.131866 0.131866 0.131865 0.131865 0.131864 0.131857 0.131827 0.131703 0.131242 0.129719 0.125311 0.114338 0.091370 0.052213 0.000000 
50.000000 32.392254 18.191695 8.852330 3.758688 1.413213 0.485909 0.166417 0.069250 0.042875 0.036425 0.034992 0.034701 0.034647 0.034637 0.034636 0.034636 0.034636 0.034636 0.034636 0.034636 0.034636 0.034636 0.034636 0.034636 0.034636 0.034636 0.034636 0.034636 0.034636 0.034636 0.034636 0.034636 0.034636 0.034636 0.034636 0.034636 0.034636 0.034636 0.034635 0.034633 0.034625 0.034590 0.034461 0.034038 0.032830 0.029864 0.023754 0.013504 0.000000 
50.000000 32.382869 18.174774 8.830493 3.734197 1.387516 0.459741 0.140090 0.042875 0.016487 0.010034 0.008601 0.008310 0.008255 0.008246 0.008245 0.008244 0.008244 0.008244 0.008244 0.008244 0.008244 0.008244 0.008244 0.008244 0.008244 0.008244 0.008244 0.008244 0.008244 0.008244 0.008244 0.008244 0.008244 0.008244 0.008244 0.008244 0.008244 0.008244 0.008244 0.008244 0.008242 0.008233 0.008201 0.008096 0.007799 0.007079 0.005612 0.003179 0.000000 
50.000000 32.380570 18.170630 8.825147 3.728205 1.381230 0.453342 0.133652 0.036425 0.010034 0.003581 0.002147 0.001856 0.001802 0.001792 0.001791 0.001790 0.001790 0.001790 0.001790 0.001790 0.001790 0.001790 0.001790 0.001790 0.001790 0.001790 0.001790 0.001790 0.001790 0.001790 0.001790 0.001790 0.001790 0.001790 0.001790 0.001790 0.001790 0.001790 0.001790 0.001790 0.001790 0.001788 0.001781 0.001757 0.001691 0.001532 0.001212 0.000685 0.000000 
50.000000 32.380059 18.169709 8.823959 3.726873 1.379833 0.451920 0.132222 0.034992 0.008601 0.002147 0.000714 0.000423 0.000368 0.000359 0.000357 0.000357 0.000357 0.000357 0.000357 0.000357 0.000357 0.000357 0.000357 0.000357 0.000357 0.000357 0.000357 0.000357 0.000357 0.000357 0.000357 0.000357 0.000357 0.000357 0.000357 0.000357 0.000357 0.000357 0.000357 0.000357 0.000357 0.000356 0.000355 0.000350 0.000337 0.000305 0.000241 0.000136 0.000000 
50.000000 32.379954 18.169521 8.823717 3.726602 1.379550 0.451631 0.131931 0.034701 0.008310 0.001856 0.000423 0.000131 0.000077 0.000067 0.000066 0.000066 0.000066 0.000066 0.000066 0.000066 0.000066 0.000066 0.000066 0.000066 0.000066 0.000066 0.000066 0.000066 0.000066 0.000066 0.000066 0.000066 0.000066 0.000066 0.000066 0.000066 0.000066 0.000066 0.000066 0.000066 0.000066 0.000066 0.000065 0.000064 0.000062 0.000056 0.000044 0.000025 0.000000 
50.000000 32.379935 18.169486 8.823672 3.726552 1.379497 0.451577 0.131877 0.034647 0.008255 0.001802 0.000368 0.000077 0.000022 0.000013 0.000011 0.000011 0.000011 0.000011 0.000011 0.000011 0.000011 0.000011 0.000011 0.000011 0.000011 0.000011 0.000011 0.000011 0.000011 0.000011 0.000011 0.000011 0.000011 0.000011 0.000011 0.000011 0.000011 0.000011 0.000011 0.000011 0.000011 0.000011 0.000011 0.000011 0.000011 0.000010 0.000008 0.000004 0.000000 
50.000000 32.379932 18.169480 8.823664 3.726543 1.379487 0.451568 0.131867 0.034637 0.008246 0.001792 0.000359 0.000067 0.000013 0.000004 0.000002 0.000002 0.000002 0.000002 0.000002 0.000002 0.000002 0.000002 0.000002 0.000002 0.000002 0.000002 0.000002 0.000002 0.000002 0.000002 0.000002 0.000002 0.000002 0.000002 0.000002 0.000002 0.000002 0.000002 0.000002 0.000002 0.000002 0.000002 0.000002 0.000002 0.000002 0.000002 0.000001 0.000001 0.000000 
50.000000 32.379931 18.169479 8.823663 3.726542 1.379486 0.451566 0.131866 0.034636 0.008245 0.001791 0.000357 0.000066 0.000011 0.000002 0.000001 0.000000 0.000000 0.000000 0.000000 0.000000 0.000000 0.000000 0.000000 0.000000 0.000000 0.000000 0.000000 0.000000 0.000000 0.000000 0.000000 0.000000 0.000000 0.000000 0.000000 0.000000 0.000000 0.000000 0.000000 0.000000 0.000000 0.000000 0.000000 0.000000 0.000000 0.000000 0.000000 0.000000 0.000000 
50.000000 32.379931 18.169479 8.823663 3.726541 1.379486 0.451566 0.131866 0.034636 0.008244 0.001790 0.000357 0.000066 0.000011 0.000002 0.000000 0.000000 0.000000 0.000000 0.000000 0.000000 0.000000 0.000000 0.000000 0.000000 0.000000 0.000000 0.000000 0.000000 0.000000 0.000000 0.000000 0.000000 0.000000 0.000000 0.000000 0.000000 0.000000 0.000000 0.000000 0.000000 0.000000 0.000000 0.000000 0.000000 0.000000 0.000000 0.000000 0.000000 0.000000 
50.000000 32.379931 18.169479 8.823663 3.726541 1.379486 0.451566 0.131866 0.034636 0.008244 0.001790 0.000357 0.000066 0.000011 0.000002 0.000000 0.000000 0.000000 0.000000 0.000000 0.000000 0.000000 0.000000 0.000000 0.000000 0.000000 0.000000 0.000000 0.000000 0.000000 0.000000 0.000000 0.000000 0.000000 0.000000 0.000000 0.000000 0.000000 0.000000 0.000000 0.000000 0.000000 0.000000 0.000000 0.000000 0.000000 0.000000 0.000000 0.000000 0.000000 
50.000000 32.379931 18.169479 8.823663 3.726541 1.379486 0.451566 0.131866 0.034636 0.008244 0.001790 0.000357 0.000066 0.000011 0.000002 0.000000 0.000000 0.000000 0.000000 0.000000 0.000000 0.000000 0.000000 0.000000 0.000000 0.000000 0.000000 0.000000 0.000000 0.000000 0.000000 0.000000 0.000000 0.000000 0.000000 0.000000 0.000000 0.000000 0.000000 0.000000 0.000000 0.000000 0.000000 0.000000 0.000000 0.000000 0.000000 0.000000 0.000000 0.000000 
50.000000 32.379931 18.169479 8.823663 3.726541 1.379486 0.451566 0.131866 0.034636 0.008244 0.001790 0.000357 0.000066 0.000011 0.000002 0.000000 0.000000 0.000000 0.000000 0.000000 0.000000 0.000000 0.000000 0.000000 0.000000 0.000000 0.000000 0.000000 0.000000 0.000000 0.000000 0.000000 0.000000 0.000000 0.000000 0.000000 0.000000 0.000000 0.000000 0.000000 0.000000 0.000000 0.000000 0.000000 0.000000 0.000000 0.000000 0.000000 0.000000 0.000000 
50.000000 32.379931 18.169479 8.823663 3.726541 1.379486 0.451566 0.131866 0.034636 0.008244 0.001790 0.000357 0.000066 0.000011 0.000002 0.000000 0.000000 0.000000 0.000000 0.000000 0.000000 0.000000 0.000000 0.000000 0.000000 0.000000 0.000000 0.000000 0.000000 0.000000 0.000000 0.000000 0.000000 0.000000 0.000000 0.000000 0.000000 0.000000 0.000000 0.000000 0.000000 0.000000 0.000000 0.000000 0.000000 0.000000 0.000000 0.000000 0.000000 0.000000 
50.000000 32.379931 18.169479 8.823663 3.726541 1.379486 0.451566 0.131866 0.034636 0.008244 0.001790 0.000357 0.000066 0.000011 0.000002 0.000000 0.000000 0.000000 0.000000 0.000000 0.000000 0.000000 0.000000 0.000000 0.000000 0.000000 0.000000 0.000000 0.000000 0.000000 0.000000 0.000000 0.000000 0.000000 0.000000 0.000000 0.000000 0.000000 0.000000 0.000000 0.000000 0.000000 0.000000 0.000000 0.000000 0.000000 0.000000 0.000000 0.000000 0.000000 
50.000000 32.379931 18.169479 8.823663 3.726541 1.379486 0.451566 0.131866 0.034636 0.008244 0.001790 0.000357 0.000066 0.000011 0.000002 0.000000 0.000000 0.000000 0.000000 0.000000 0.000000 0.000000 0.000000 0.000000 0.000000 0.000000 0.000000 0.000000 0.000000 0.000000 0.000000 0.000000 0.000000 0.000000 0.000000 0.000000 0.000000 0.000000 0.000000 0.000000 0.000000 0.000000 0.000000 0.000000 0.000000 0.000000 0.000000 0.000000 0.000000 0.000000 
50.000000 32.379931 18.169479 8.823663 3.726541 1.379486 0.451566 0.131866 0.034636 0.008244 0.001790 0.000357 0.000066 0.000011 0.000002 0.000000 0.000000 0.000000 0.000000 0.000000 0.000000 0.000000 0.000000 0.000000 0.000000 0.000000 0.000000 0.000000 0.000000 0.000000 0.000000 0.000000 0.000000 0.000000 0.000000 0.000000 0.000000 0.000000 0.000000 0.000000 0.000000 0.000000 0.000000 0.000000 0.000000 0.000000 0.000000 0.000000 0.000000 0.000000 
50.000000 32.379931 18.169479 8.823663 3.726541 1.379486 0.451566 0.131866 0.034636 0.008244 0.001790 0.000357 0.000066 0.000011 0.000002 0.000000 0.000000 0.000000 0.000000 0.000000 0.000000 0.000000 0.000000 0.000000 0.000000 0.000000 0.000000 0.000000 0.000000 0.000000 0.000000 0.000000 0.000000 0.000000 0.000000 0.000000 0.000000 0.000000 0.000000 0.000000 0.000000 0.000000 0.000000 0.000000 0.000000 0.000000 0.000000 0.000000 0.000000 0.000000 
50.000000 32.379931 18.169479 8.823663 3.726541 1.379486 0.451566 0.131866 0.034636 0.008244 0.001790 0.000357 0.000066 0.000011 0.000002 0.000000 0.000000 0.000000 0.000000 0.000000 0.000000 0.000000 0.000000 0.000000 0.000000 0.000000 0.000000 0.000000 0.000000 0.000000 0.000000 0.000000 0.000000 0.000000 0.000000 0.000000 0.000000 0.000000 0.000000 0.000000 0.000000 0.000000 0.000000 0.000000 0.000000 0.000000 0.000000 0.000000 0.000000 0.000000 
50.000000 32.379931 18.169479 8.823663 3.726541 1.379486 0.451566 0.131866 0.034636 0.008244 0.001790 0.000357 0.000066 0.000011 0.000002 0.000000 0.000000 0.000000 0.000000 0.000000 0.000000 0.000000 0.000000 0.000000 0.000000 0.000000 0.000000 0.000000 0.000000 0.000000 0.000000 0.000000 0.000000 0.000000 0.000000 0.000000 0.000000 0.000000 0.000000 0.000000 0.000000 0.000000 0.000000 0.000000 0.000000 0.000000 0.000000 0.000000 0.000000 0.000000 
50.000000 32.379931 18.169479 8.823663 3.726541 1.379486 0.451566 0.131866 0.034636 0.008244 0.001790 0.000357 0.000066 0.000011 0.000002 0.000000 0.000000 0.000000 0.000000 0.000000 0.000000 0.000000 0.000000 0.000000 0.000000 0.000000 0.000000 0.000000 0.000000 0.000000 0.000000 0.000000 0.000000 0.000000 0.000000 0.000000 0.000000 0.000000 0.000000 0.000000 0.000000 0.000000 0.000000 0.000000 0.000000 0.000000 0.000000 0.000000 0.000000 0.000000 
50.000000 32.379931 18.169479 8.823663 3.726541 1.379486 0.451566 0.131866 0.034636 0.008244 0.001790 0.000357 0.000066 0.000011 0.000002 0.000000 0.000000 0.000000 0.000000 0.000000 0.000000 0.000000 0.000000 0.000000 0.000000 0.000000 0.000000 0.000000 0.000000 0.000000 0.000000 0.000000 0.000000 0.000000 0.000000 0.000000 0.000000 0.000000 0.000000 0.000000 0.000000 0.000000 0.000000 0.000000 0.000000 0.000000 0.000000 0.000000 0.000000 0.000000 
50.000000 32.379931 18.169479 8.823663 3.726541 1.379486 0.451566 0.131866 0.034636 0.008244 0.001790 0.000357 0.000066 0.000011 0.000002 0.000000 0.000000 0.000000 0.000000 0.000000 0.000000 0.000000 0.000000 0.000000 0.000000 0.000000 0.000000 0.000000 0.000000 0.000000 0.000000 0.000000 0.000000 0.000000 0.000000 0.000000 0.000000 0.000000 0.000000 0.000000 0.000000 0.000000 0.000000 0.000000 0.000000 0.000000 0.000000 0.000000 0.000000 0.000000 
50.000000 32.379931 18.169479 8.823663 3.726541 1.379486 0.451566 0.131866 0.034636 0.008244 0.001790 0.000357 0.000066 0.000011 0.000002 0.000000 0.000000 0.000000 0.000000 0.000000 0.000000 0.000000 0.000000 0.000000 0.000000 0.000000 0.000000 0.000000 0.000000 0.000000 0.000000 0.000000 0.000000 0.000000 0.000000 0.000000 0.000000 0.000000 0.000000 0.000000 0.000000 0.000000 0.000000 0.000000 0.000000 0.000000 0.000000 0.000000 0.000000 0.000000 
50.000000 32.379931 18.169479 8.823663 3.726541 1.379486 0.451566 0.131866 0.034636 0.008244 0.001790 0.000357 0.000066 0.000011 0.000002 0.000000 0.000000 0.000000 0.000000 0.000000 0.000000 0.000000 0.000000 0.000000 0.000000 0.000000 0.000000 0.000000 0.000000 0.000000 0.000000 0.000000 0.000000 0.000000 0.000000 0.000000 0.000000 0.000000 0.000000 0.000000 0.000000 0.000000 0.000000 0.000000 0.000000 0.000000 0.000000 0.000000 0.000000 0.000000 
50.000000 32.379931 18.169479 8.823663 3.726541 1.379486 0.451566 0.131866 0.034636 0.008244 0.001790 0.000357 0.000066 0.000011 0.000002 0.000000 0.000000 0.000000 0.000000 0.000000 0.000000 0.000000 0.000000 0.000000 0.000000 0.000000 0.000000 0.000000 0.000000 0.000000 0.000000 0.000000 0.000000 0.000000 0.000000 0.000000 0.000000 0.000000 0.000000 0.000000 0.000000 0.000000 0.000000 0.000000 0.000000 0.000000 0.000000 0.000000 0.000000 0.000000 
50.000000 32.379931 18.169479 8.823663 3.726541 1.379486 0.451566 0.131866 0.034636 0.008244 0.001790 0.000357 0.000066 0.000011 0.000002 0.000000 0.000000 0.000000 0.000000 0.000000 0.000000 0.000000 0.000000 0.000000 0.000000 0.000000 0.000000 0.000000 0.000000 0.000000 0.000000 0.000000 0.000000 0.000000 0.000000 0.000000 0.000000 0.000000 0.000000 0.000000 0.000000 0.000000 0.000000 0.000000 0.000000 0.000000 0.000000 0.000000 0.000000 0.000000 
50.000000 32.379931 18.169479 8.823663 3.726542 1.379486 0.451566 0.131866 0.034636 0.008245 0.001791 0.000357 0.000066 0.000011 0.000002 0.000001 0.000000 0.000000 0.000000 0.000000 0.000000 0.000000 0.000000 0.000000 0.000000 0.000000 0.000000 0.000000 0.000000 0.000000 0.000000 0.000000 0.000000 0.000000 0.000000 0.000000 0.000000 0.000000 0.000000 0.000000 0.000000 0.000000 0.000000 0.000000 0.000000 0.000000 0.000000 0.000000 0.000000 0.000000 
50.000000 32.379932 18.169480 8.823664 3.726543 1.379487 0.451568 0.131867 0.034637 0.008246 0.001792 0.000359 0.000067 0.000013 0.000004 0.000002 0.000002 0.000002 0.000002 0.000002 0.000002 0.000002 0.000002 0.000002 0.000002 0.000002 0.000002 0.000002 0.000002 0.000002 0.000002 0.000002 0.000002 0.000002 0.000002 0.000002 0.000002 0.000002 0.000002 0.000002 0.000002 0.000002 0.000002 0.000002 0.000002 0.000002 0.000002 0.000001 0.000001 0.000000 
50.000000 32.379935 18.169486 8.823672 3.726552 1.379497 0.451577 0.131877 0.034647 0.008255 0.001802 0.000368 0.000077 0.000022 0.000013 0.000011 0.000011 0.000011 0.000011 0.000011 0.000011 0.000011 0.000011 0.000011 0.000011 0.000011 0.000011 0.000011 0.000011 0.000011 0.000011 0.000011 0.000011 0.000011 0.000011 0.000011 0.000011 0.000011 0.000011 0.000011 0.000011 0.000011 0.000011 0.000011 0.000011 0.000011 0.000010 0.000008 0.000004 0.000000 
50.000000 32.379954 18.169521 8.823717 3.726602 1.379550 0.451631 0.131931 0.034701 0.008310 0.001856 0.000423 0.000131 0.000077 0.000067 0.000066 0.000066 0.000066 0.000066 0.000066 0.000066 0.000066 0.000066 0.000066 0.000066 0.000066 0.000066 0.000066 0.000066 0.000066 0.000066 0.000066 0.000066 0.000066 0.000066 0.000066 0.000066 0.000066 0.000066 0.000066 0.000066 0.000066 0.000066 0.000065 0.000064 0.000062 0.000056 0.000044 0.000025 0.000000 
50.000000 32.380059 18.169709 8.823959 3.726873 1.379833 0.451920 0.132222 0.034992 0.008601 0.002147 0.000714 0.000423 0.000368 0.000359 0.000357 0.000357 0.000357 0.000357 0.000357 0.000357 0.000357 0.000357 0.000357 0.000357 0.000357 0.000357 0.000357 0.000357 0.000357 0.000357 0.000357 0.000357 0.000357 0.000357 0.000357 0.000357 0.000357 0.000357 0.000357 0.000357 0.000357 0.000356 0.000355 0.000350 0.000337 0.000305 0.000241 0.000136 0.000000 
50.000000 32.380570 18.170630 8.825147 3.728205 1.381230 0.453342 0.133652 0.036425 0.010034 0.003581 0.002147 0.001856 0.001802 0.001792 0.001791 0.001790 0.001790 0.001790 0.001790 0.001790 0.001790 0.001790 0.001790 0.001790 0.001790 0.001790 0.001790 0.001790 0.001790 0.001790 0.001790 0.001790 0.001790 0.001790 0.001790 0.001790 0.001790 0.001790 0.001790 0.001790 0.001790 0.001788 0.001781 0.001757 0.001691 0.001532 0.001212 0.000685 0.000000 
50.000000 32.382869 18.174774 8.830493 3.734197 1.387516 0.459741 0.140090 0.042875 0.016487 0.010034 0.008601 0.008310 0.008255 0.008246 0.008245 0.008244 0.008244 0.008244 0.008244 0.008244 0.008244 0.008244 0.008244 0.008244 0.008244 0.008244 0.008244 0.008244 0.008244 0.008244 0.008244 0.008244 0.008244 0.008244 0.008244 0.008244 0.008244 0.008244 0.008244 0.008244 0.008242 0.008233 0.008201 0.008096 0.007799 0.007079 0.005612 0.003179 0.000000 
50.000000 32.392254 18.191695 8.852330 3.758688 1.413213 0.485909 0.166417 0.069250 0.042875 0.036425 0.034992 0.034701 0.034647 0.034637 0.034636 0.034636 0.034636 0.034636 0.034636 0.034636 0.034636 0.034636 0.034636 0.034636 0.034636 0.034636 0.034636 0.034636 0.034636 0.034636 0.034636 0.034636 0.034636 0.034636 0.034636 0.034636 0.034636 0.034636 0.034635 0.034633 0.034625 0.034590 0.034461 0.034038 0.032830 0.029864 0.023754 0.013504 0.000000 
50.000000 32.426769 18.253949 8.932712 3.848871 1.507863 0.582304 0.263406 0.166417 0.140090 0.133652 0.132222 0.131931 0.131877 0.131867 0.131866 0.131866 0.131866 0.131866 0.131866 0.131866 0.131866 0.131866 0.131866 0.131866 0.131866 0.131866 0.131866 0.131866 0.131866 0.131866 0.131866 0.131866 0.131866 0.131866 0.131866 0.131866 0.131865 0.131865 0.131864 0.131857 0.131827 0.131703 0.131242 0.129719 0.125311 0.114338 0.091370 0.052213 0.000000 
50.000000 32.540071 18.458384 9.196786 4.145255 1.819005 0.899229 0.582304 0.485909 0.459741 0.453342 0.451920 0.451631 0.451577 0.451568 0.451566 0.451566 0.451566 0.451566 0.451566 0.451566 0.451566 0.451566 0.451566 0.451566 0.451566 0.451566 0.451566 0.451566 0.451566 0.451566 0.451566 0.451566 0.451566 0.451566 0.451566 0.451566 0.451566 0.451565 0.451561 0.451541 0.451448 0.451062 0.449615 0.444775 0.430559 0.394497 0.317357 0.182765 0.000000 
50.000000 32.868416 19.051023 9.962622 5.005093 2.721878 1.819005 1.507863 1.413213 1.387516 1.381230 1.379833 1.379550 1.379497 1.379487 1.379486 1.379486 1.379486 1.379486 1.379486 1.379486 1.379486 1.379486 1.379486 1.379486 1.379486 1.379486 1.379486 1.379486 1.379486 1.379486 1.379486 1.379486 1.379486 1.379486 1.379486 1.379486 1.379485 1.379483 1.379473 1.379420 1.379175 1.378144 1.374230 1.360939 1.321107 1.217498 0.989000 0.576534 0.000000 
50.000000 33.697733 20.548335 11.898233 7.178996 5.005093 4.145255 3.848871 3.758688 3.734197 3.728205 3.726873 3.726602 3.726552 3.726543 3.726542 3.726541 3.726541 3.726541 3.726541 3.726541 3.726541 3.726541 3.726541 3.726541 3.726541 3.726541 3.726541 3.726541 3.726541 3.726541 3.726541 3.726541 3.726541 3.726541 3.726541 3.726541 3.726540 3.726536 3.726514 3.726398 3.725858 3.723560 3.714696 3.683986 3.589498 3.335161 2.749282 1.635343 0.000000 
50.000000 35.496458 23.796771 16.098954 11.898233 9.962622 9.196786 8.932712 8.852330 8.830493 8.825147 8.823959 8.823717 8.823672 8.823664 8.823663 8.823663 8.823663 8.823663 8.823663 8.823663 8.823663 8.823663 8.823663 8.823663 8.823663 8.823663 8.823663 8.823663 8.823663 8.823663 8.823663 8.823663 8.823663 8.823663 8.823663 8.823662 8.823661 8.823654 8.823615 8.823414 8.822466 8.818374 8.802289 8.745125 8.563072 8.049477 6.788747 4.184966 0.000000 
50.000000 38.790965 29.747885 23.796771 20.548335 19.051023 18.458384 18.253949 18.191695 18.174774 18.170630 18.169709 18.169521 18.169486 18.169480 18.169479 18.169479 18.169479 18.169479 18.169479 18.169479 18.169479 18.169479 18.169479 18.169479 18.169479 18.169479 18.169479 18.169479 18.169479 18.169479 18.169479 18.169479 18.169479 18.169479 18.169479 18.169479 18.169477 18.169468 18.169419 18.169162 18.167941 18.162579 18.141027 18.062024 17.799053 17.008024 14.873942 9.811553 0.000000 
50.000000 43.796332 38.790965 35.496458 33.697733 32.868416 32.540071 32.426769 32.392254 32.382869 32.380570 32.380059 32.379954 32.379935 32.379932 32.379931 32.379931 32.379931 32.379931 32.379931 32.379931 32.379931 32.379931 32.379931 32.379931 32.379931 32.379931 32.379931 32.379931 32.379931 32.379931 32.379931 32.379931 32.379931 32.379931 32.379931 32.379931 32.379930 32.379923 32.379885 32.379691 32.378750 32.374556 32.357306 32.291882 32.062390 31.311493 28.979412 21.898166 0.000000 
50.000000 50.000000 50.000000 50.000000 50.000000 50.000000 50.000000 50.000000 50.000000 50.000000 50.000000 50.000000 50.000000 50.000000 50.000000 50.000000 50.000000 50.000000 50.000000 50.000000 50.000000 50.000000 50.000000 50.000000 50.000000 50.000000 50.000000 50.000000 50.000000 50.000000 50.000000 50.000000 50.000000 50.000000 50.000000 50.000000 50.000000 50.000000 50.000000 50.000000 50.000000 50.000000 50.000000 50.000000 50.000000 50.000000 50.000000 50.000000 50.000000 50.000000 
