50.000000 50.000000 50.000000 50.000000 50.000000 50.000000 50.000000 50.000000 50.000000 50.000000 50.000000 50.000000 50.000000 50.000000 50.000000 50.000000 50.000000 50.000000 50.000000 50.000000 50.000000 50.000000 50.000000 50.000000 50.000000 50.000000 50.000000 50.000000 50.000000 50.000000 50.000000 50.000000 50.000000 50.000000 50.000000 50.000000 50.000000 50.000000 50.000000 50.000000 50.000000 50.000000 50.000000 50.000000 50.000000 50.000000 50.000000 50.000000 50.000000 50.000000 
50.000000 47.987409 46.101858 44.446374 43.083507 42.030654 41.266633 40.745217 40.410111 40.207003 40.090729 40.027761 39.995450 39.979717 39.972434 39.969225 39.967877 39.967337 39.967129 39.967053 39.967026 39.967017 39.967014 39.967013 39.967013 39.967013 39.967013 39.967013 39.967013 39.967012 39.967011 39.967007 39.966993 39.966955 39.966849 39.966566 39.965838 39.964034 39.959729 39.949824 39.927815 39.880476 39.781511 39.579168 39.170694 38.344639 36.634721 32.901812 23.993705 0.000000 
50.000000 46.101858 42.449787 39.243343 36.603679 34.564487 33.084730 32.074868 31.425855 31.032495 30.807313 30.685367 30.622796 30.592327 30.578225 30.572011 30.569401 30.568354 30.567953 30.567805 30.567753 30.567736 30.567730 30.567728 30.567728 30.567728 30.567728 30.567727 30.567727 30.567726 30.567724 30.567716 30.567692 30.567624 30.567436 30.566934 30.565646 30.562465 30.554905 30.537605 30.499449 30.418211 30.250832 29.915931 29.262149 28.009805 25.643030 21.224893 13.200046 0.000000 
50.000000 44.446374 39.243343 34.675225 30.914629 28.009541 25.901481 24.462867 23.538331 22.977996 22.657237 22.483540 22.394417 22.351021 22.330936 22.322087 22.318370 22.316879 22.316308 22.316098 22.316024 22.315999 22.315991 22.315988 22.315987 22.315987 22.315987 22.315987 22.315987 22.315986 22.315982 22.315973 22.315943 22.315859 22.315627 22.315009 22.313430 22.309550 22.300386 22.279582 22.234173 22.138820 21.946022 21.570229 20.863386 19.580180 17.337613 13.600313 7.811652 0.000000 
50.000000 43.083507 36.603679 30.914629 26.231321 22.613506 19.988326 18.196862 17.045603 16.347883 15.948496 15.732229 15.621270 15.567244 15.542240 15.531225 15.526598 15.524742 15.524031 15.523769 15.523677 15.523646 15.523636 15.523633 15.523632 15.523632 15.523632 15.523632 15.523631 15.523630 15.523627 15.523617 15.523587 15.523501 15.523264 15.522638 15.521044 15.517151 15.508025 15.487499 15.443227 15.351672 15.170204 14.825671 14.199896 13.115661 11.334448 8.593874 4.738868 0.000000 
50.000000 42.030654 34.564487 28.009541 22.613506 18.445207 15.420663 13.356733 12.030426 11.226650 10.766575 10.517457 10.389650 10.327424 10.298628 10.285942 10.280613 10.278477 10.277657 10.277356 10.277251 10.277215 10.277203 10.277200 10.277198 10.277198 10.277198 10.277198 10.277198 10.277197 10.277194 10.277185 10.277158 10.277081 10.276871 10.276317 10.274915 10.271513 10.263602 10.245983 10.208443 10.131986 9.983326 9.707847 9.222604 8.413610 7.146155 5.302338 2.859960 0.000000 
50.000000 41.266633 33.084730 25.901481 19.988326 15.420663 12.106426 9.844883 8.391639 7.510971 7.006906 6.733981 6.593967 6.525802 6.494259 6.480363 6.474527 6.472187 6.471290 6.470960 6.470844 6.470805 6.470792 6.470789 6.470787 6.470787 6.470787 6.470787 6.470787 6.470786 6.470783 6.470776 6.470755 6.470693 6.470526 6.470087 6.468983 6.466321 6.460182 6.446641 6.418130 6.360894 6.251546 6.053213 5.712816 5.162655 4.331252 3.168799 1.687465 0.000000 
50.000000 40.745217 32.074868 24.462867 18.196862 13.356733 9.844883 7.448561 5.908760 4.975672 4.441624 4.152478 4.004148 3.931938 3.898525 3.883806 3.877625 3.875147 3.874196 3.873847 3.873725 3.873683 3.873670 3.873665 3.873664 3.873664 3.873664 3.873664 3.873663 3.873663 3.873661 3.873656 3.873640 3.873596 3.873474 3.873158 3.872367 3.870472 3.866134 3.856657 3.836922 3.797822 3.724281 3.593336 3.373407 3.026658 2.516845 1.824036 0.963707 0.000000 
50.000000 40.410111 31.425855 23.538331 17.045603 12.030426 8.391639 5.908760 4.313382 3.346645 2.793356 2.493803 2.340141 2.265337 2.230726 2.215480 2.209078 2.206510 2.205526 2.205165 2.205038 2.204995 2.204981 2.204977 2.204975 2.204975 2.204975 2.204975 2.204975 2.204974 2.204973 2.204969 2.204959 2.204929 2.204848 2.204639 2.204117 2.202876 2.200055 2.193946 2.181352 2.156691 2.110938 2.030745 1.898440 1.693932 1.399511 1.007644 0.529635 0.000000 
50.000000 40.207003 31.032495 22.977996 16.347883 11.226650 7.510971 4.975672 3.346645 2.359540 1.794609 1.488761 1.331874 1.255503 1.220167 1.204603 1.198067 1.195446 1.194442 1.194073 1.193943 1.193899 1.193885 1.193881 1.193879 1.193879 1.193879 1.193879 1.193879 1.193878 1.193878 1.193875 1.193869 1.193850 1.193801 1.193672 1.193353 1.192599 1.190897 1.187241 1.179770 1.165293 1.138749 1.092841 1.018207 0.904656 0.743823 0.533046 0.279188 0.000000 
50.000000 40.090729 30.807313 22.657237 15.948496 10.766575 7.006906 4.441624 2.793356 1.794609 1.223025 0.913581 0.754852 0.677587 0.641838 0.626092 0.619480 0.616829 0.615813 0.615440 0.615308 0.615264 0.615250 0.615245 0.615244 0.615243 0.615243 0.615243 0.615243 0.615243 0.615243 0.615241 0.615238 0.615227 0.615198 0.615125 0.614943 0.614516 0.613557 0.611512 0.607368 0.599410 0.584967 0.560265 0.520592 0.460997 0.377655 0.269708 0.140906 0.000000 
50.000000 40.027761 30.685367 22.483540 15.732229 10.517457 6.733981 4.152478 2.493803 1.488761 0.913581 0.602193 0.442471 0.364722 0.328750 0.312907 0.306254 0.303586 0.302564 0.302188 0.302056 0.302012 0.301997 0.301993 0.301991 0.301991 0.301991 0.301991 0.301991 0.301991 0.301990 0.301990 0.301988 0.301982 0.301967 0.301927 0.301830 0.301603 0.301097 0.300023 0.297863 0.293748 0.286343 0.273800 0.253856 0.224204 0.183153 0.130462 0.068032 0.000000 
50.000000 39.995450 30.622796 22.394417 15.621270 10.389650 6.593967 4.004148 2.340141 1.331874 0.754852 0.442471 0.282239 0.204244 0.168158 0.152264 0.145590 0.142915 0.141889 0.141512 0.141380 0.141335 0.141321 0.141316 0.141315 0.141314 0.141314 0.141314 0.141314 0.141314 0.141314 0.141314 0.141313 0.141310 0.141302 0.141282 0.141233 0.141120 0.140868 0.140337 0.139275 0.137265 0.133677 0.127646 0.118137 0.104119 0.084867 0.060331 0.031416 0.000000 
50.000000 39.979717 30.592327 22.351021 15.567244 10.327424 6.525802 3.931938 2.265337 1.255503 0.677587 0.364722 0.204244 0.126128 0.089987 0.074070 0.067385 0.064706 0.063678 0.063301 0.063169 0.063124 0.063109 0.063105 0.063103 0.063103 0.063103 0.063103 0.063103 0.063103 0.063103 0.063102 0.063102 0.063101 0.063097 0.063087 0.063064 0.063011 0.062892 0.062644 0.062150 0.061220 0.059571 0.056819 0.052509 0.046200 0.037591 0.026681 0.013878 0.000000 
50.000000 39.972434 30.578225 22.330936 15.542240 10.298628 6.494259 3.898525 2.230726 1.220167 0.641838 0.328750 0.168158 0.089987 0.053821 0.037892 0.031203 0.028521 0.027493 0.027116 0.026983 0.026938 0.026924 0.026919 0.026918 0.026917 0.026917 0.026917 0.026917 0.026917 0.026917 0.026917 0.026917 0.026916 0.026915 0.026910 0.026900 0.026876 0.026823 0.026713 0.026495 0.026087 0.025367 0.024172 0.022311 0.019603 0.015927 0.011291 0.005868 0.000000 
50.000000 39.969225 30.572011 22.322087 15.531225 10.285942 6.480363 3.883806 2.215480 1.204603 0.626092 0.312907 0.152264 0.074070 0.037892 0.021958 0.015267 0.012585 0.011556 0.011179 0.011046 0.011001 0.010987 0.010982 0.010981 0.010980 0.010980 0.010980 0.010980 0.010980 0.010980 0.010980 0.010980 0.010980 0.010979 0.010977 0.010973 0.010962 0.010940 0.010894 0.010802 0.010632 0.010332 0.009837 0.009071 0.007961 0.006461 0.004575 0.002376 0.000000 
50.000000 39.967877 30.569401 22.318370 15.526598 10.280613 6.474527 3.877625 2.209078 1.198067 0.619480 0.306254 0.145590 0.067385 0.031203 0.015267 0.008575 0.005893 0.004864 0.004487 0.004354 0.004309 0.004294 0.004290 0.004288 0.004288 0.004288 0.004288 0.004288 0.004288 0.004288 0.004288 0.004288 0.004288 0.004287 0.004287 0.004285 0.004281 0.004272 0.004253 0.004216 0.004148 0.004030 0.003834 0.003532 0.003097 0.002511 0.001777 0.000922 0.000000 
50.000000 39.967337 30.568354 22.316879 15.524742 10.278477 6.472187 3.875147 2.206510 1.195446 0.616829 0.303586 0.142915 0.064706 0.028521 0.012585 0.005893 0.003210 0.002181 0.001804 0.001671 0.001626 0.001611 0.001607 0.001605 0.001605 0.001605 0.001605 0.001605 0.001605 0.001605 0.001605 0.001605 0.001605 0.001605 0.001604 0.001604 0.001602 0.001599 0.001591 0.001577 0.001552 0.001506 0.001432 0.001319 0.001155 0.000936 0.000662 0.000343 0.000000 
50.000000 39.967129 30.567953 22.316308 15.524031 10.277657 6.471290 3.874196 2.205526 1.194442 0.615813 0.302564 0.141889 0.063678 0.027493 0.011556 0.004864 0.002181 0.001153 0.000775 0.000642 0.000597 0.000583 0.000578 0.000577 0.000576 0.000576 0.000576 0.000576 0.000576 0.000576 0.000576 0.000576 0.000576 0.000576 0.000576 0.000576 0.000575 0.000574 0.000571 0.000566 0.000557 0.000540 0.000514 0.000473 0.000414 0.000335 0.000237 0.000123 0.000000 
50.000000 39.967053 30.567805 22.316098 15.523769 10.277356 6.470960 3.873847 2.205165 1.194073 0.615440 0.302188 0.141512 0.063301 0.027116 0.011179 0.004487 0.001804 0.000775 0.000397 0.000265 0.000220 0.000205 0.000201 0.000199 0.000199 0.000199 0.000199 0.000199 0.000199 0.000199 0.000199 0.000199 0.000199 0.000199 0.000199 0.000199 0.000198 0.000198 0.000197 0.000195 0.000192 0.000186 0.000177 0.000163 0.000142 0.000115 0.000081 0.000042 0.000000 
50.000000 39.967026 30.567753 22.316024 15.523677 10.277251 6.470844 3.873725 2.205038 1.193943 0.615308 0.302056 0.141380 0.063169 0.026983 0.011046 0.004354 0.001671 0.000642 0.000265 0.000132 0.000087 0.000072 0.000068 0.000066 0.000066 0.000066 0.000066 0.000066 0.000066 0.000066 0.000066 0.000066 0.000066 0.000066 0.000066 0.000066 0.000066 0.000066 0.000065 0.000065 0.000064 0.000062 0.000059 0.000054 0.000047 0.000038 0.000027 0.000014 0.000000 
50.000000 39.967017 30.567736 22.315999 15.523646 10.277215 6.470805 3.873683 2.204995 1.193899 0.615264 0.302012 0.141335 0.063124 0.026938 0.011001 0.004309 0.001626 0.000597 0.000220 0.000087 0.000042 0.000028 0.000023 0.000022 0.000021 0.000021 0.000021 0.000021 0.000021 0.000021 0.000021 0.000021 0.000021 0.000021 0.000021 0.000021 0.000021 0.000021 0.000021 0.000021 0.000020 0.000020 0.000019 0.000017 0.000015 0.000012 0.000009 0.000004 0.000000 
50.000000 39.967014 30.567730 22.315991 15.523636 10.277203 6.470793 3.873670 2.204981 1.193885 0.615250 0.301997 0.141321 0.063109 0.026924 0.010987 0.004294 0.001611 0.000583 0.000205 0.000072 0.000028 0.000013 0.000008 0.000007 0.000007 0.000007 0.000006 0.000006 0.000006 0.000006 0.000006 0.000006 0.000006 0.000006 0.000006 0.000006 0.000006 0.000006 0.000006 0.000006 0.000006 0.000006 0.000006 0.000005 0.000005 0.000004 0.000003 0.000001 0.000000 
50.000000 39.967013 30.567728 22.315988 15.523633 10.277200 6.470789 3.873665 2.204977 1.193881 0.615245 0.301993 0.141316 0.063105 0.026919 0.010982 0.004290 0.001607 0.000578 0.000201 0.000068 0.000023 0.000008 0.000004 0.000003 0.000002 0.000002 0.000002 0.000002 0.000002 0.000002 0.000002 0.000002 0.000002 0.000002 0.000002 0.000002 0.000002 0.000002 0.000002 0.000002 0.000002 0.000002 0.000002 0.000002 0.000001 0.000001 0.000001 0.000000 0.000000 
50.000000 39.967013 30.567728 22.315987 15.523632 10.277199 6.470787 3.873664 2.204975 1.193879 0.615244 0.301991 0.141315 0.063103 0.026918 0.010981 0.004289 0.001606 0.000577 0.000199 0.000067 0.000022 0.000007 0.000003 0.000001 0.000001 0.000001 0.000001 0.000001 0.000001 0.000001 0.000001 0.000001 0.000001 0.000001 0.000001 0.000001 0.000001 0.000001 0.000001 0.000001 0.000001 0.000001 0.000001 0.000001 0.000000 0.000000 0.000000 0.000000 0.000000 
50.000000 39.967013 30.567728 22.315987 15.523632 10.277199 6.470787 3.873664 2.204975 1.193879 0.615244 0.301991 0.141315 0.063103 0.026918 0.010981 0.004289 0.001606 0.000577 0.000199 0.000067 0.000022 0.000007 0.000003 0.000001 0.000001 0.000001 0.000001 0.000001 0.000001 0.000001 0.000001 0.000001 0.000001 0.000001 0.000001 0.000001 0.000001 0.000001 0.000001 0.000001 0.000001 0.000001 0.000001 0.000001 0.000000 0.000000 0.000000 0.000000 0.000000 
50.000000 39.967013 30.567728 22.315988 15.523633 10.277200 6.470789 3.873665 2.204977 1.193881 0.615245 0.301993 0.141316 0.063105 0.026919 0.010982 0.004290 0.001607 0.000578 0.000201 0.000068 0.000023 0.000008 0.000004 0.000003 0.000002 0.000002 0.000002 0.000002 0.000002 0.000002 0.000002 0.000002 0.000002 0.000002 0.000002 0.000002 0.000002 0.000002 0.000002 0.000002 0.000002 0.000002 0.000002 0.000002 0.000001 0.000001 0.000001 0.000000 0.000000 
50.000000 39.967014 30.567730 22.315991 15.523636 10.277203 6.470793 3.873670 2.204981 1.193885 0.615250 0.301997 0.141321 0.063109 0.026924 0.010987 0.004294 0.001611 0.000583 0.000205 0.000072 0.000028 0.000013 0.000008 0.000007 0.000007 0.000007 0.000006 0.000006 0.000006 0.000006 0.000006 0.000006 0.000006 0.000006 0.000006 0.000006 0.000006 0.000006 0.000006 0.000006 0.000006 0.000006 0.000006 0.000005 0.000005 0.000004 0.000003 0.000001 0.000000 
50.000000 39.967017 30.567736 22.315999 15.523646 10.277215 6.470805 3.873683 2.204995 1.193899 0.615264 0.302012 0.141335 0.063124 0.026938 0.011001 0.004309 0.001626 0.000597 0.000220 0.000087 0.000042 0.000028 0.000023 0.000022 0.000021 0.000021 0.000021 0.000021 0.000021 0.000021 0.000021 0.000021 0.000021 0.000021 0.000021 0.000021 0.000021 0.000021 0.000021 0.000021 0.000020 0.000020 0.000019 0.000017 0.000015 0.000012 0.000009 0.000004 0.000000 
50.000000 39.967026 30.567753 22.316024 15.523677 10.277251 6.470844 3.873725 2.205038 1.193943 0.615308 0.302056 0.141380 0.063169 0.026983 0.011046 0.004354 0.001671 0.000642 0.000265 0.000132 0.000087 0.000072 0.000068 0.000066 0.000066 0.000066 0.000066 0.000066 0.000066 0.000066 0.000066 0.000066 0.000066 0.000066 0.000066 0.000066 0.000066 0.000066 0.000065 0.000065 0.000064 0.000062 0.000059 0.000054 0.000047 0.000038 0.000027 0.000014 0.000000 
50.000000 39.967053 30.567805 22.316098 15.523769 10.277356 6.470960 3.873847 2.205165 1.194073 0.615440 0.302188 0.141512 0.063301 0.027116 0.011179 0.004487 0.001804 0.000775 0.000397 0.000265 0.000220 0.000205 0.000201 0.000199 0.000199 0.000199 0.000199 0.000199 0.000199 0.000199 0.000199 0.000199 0.000199 0.000199 0.000199 0.000199 0.000198 0.000198 0.000197 0.000195 0.000192 0.000186 0.000177 0.000163 0.000142 0.000115 0.000081 0.000042 0.000000 
50.000000 39.967129 30.567953 22.316308 15.524031 10.277657 6.471290 3.874196 2.205526 1.194442 0.615813 0.302564 0.141889 0.063678 0.027493 0.011556 0.004864 0.002181 0.001153 0.000775 0.000642 0.000597 0.000583 0.000578 0.000577 0.000576 0.000576 0.000576 0.000576 0.000576 0.000576 0.000576 0.000576 0.000576 0.000576 0.000576 0.000576 0.000575 0.000574 0.000571 0.000566 0.000557 0.000540 0.000514 0.000473 0.000414 0.000335 0.000237 0.000123 0.000000 
50.000000 39.967337 30.568354 22.316879 15.524742 10.278477 6.472187 3.875147 2.206510 1.195446 0.616829 0.303586 0.142915 0.064706 0.028521 0.012585 0.005893 0.003210 0.002181 0.001804 0.001671 0.001626 0.001611 0.001607 0.001605 0.001605 0.001605 0.001605 0.001605 0.001605 0.001605 0.001605 0.001605 0.001605 0.001605 0.001604 0.001604 0.001602 0.001599 0.001591 0.001577 0.001552 0.001506 0.001432 0.001319 0.001155 0.000936 0.000662 0.000343 0.000000 
50.000000 39.967877 30.569401 22.318370 15.526598 10.280613 6.474527 3.877625 2.209078 1.198067 0.619480 0.306254 0.145590 0.067385 0.031203 0.015267 0.008575 0.005893 0.004864 0.004487 0.004354 0.004309 0.004294 0.004290 0.004288 0.004288 0.004288 0.004288 0.004288 0.004288 0.004288 0.004288 0.004288 0.004288 0.004287 0.004287 0.004285 0.004281 0.004272 0.004253 0.004216 0.004148 0.004030 0.003834 0.003532 0.003097 0.002511 0.001777 0.000922 0.000000 
50.000000 39.969225 30.572011 22.322087 15.531225 10.285942 6.480363 3.883806 2.215480 1.204603 0.626092 0.312907 0.152264 0.074070 0.037892 0.021958 0.015267 0.012585 0.011556 0.011179 0.011046 0.011001 0.010987 0.010982 0.010981 0.010980 0.010980 0.010980 0.010980 0.010980 0.010980 0.010980 0.010980 0.010980 0.010979 0.010977 0.010973 0.010962 0.010940 0.010894 0.010802 0.010632 0.010332 0.009837 0.009071 0.007961 0.006461 0.004575 0.002376 0.000000 
50.000000 39.972434 30.578225 22.330936 15.542240 10.298628 6.494259 3.898525 2.230726 1.220167 0.641838 0.328750 0.168158 0.089987 0.053821 0.037892 0.031203 0.028521 0.027493 0.027116 0.026983 0.026938 0.026924 0.026919 0.026918 0.026917 0.026917 0.026917 0.026917 0.026917 0.026917 0.026917 0.026917 0.026916 0.026915 0.026910 0.026900 0.026876 0.026823 0.026713 0.026495 0.026087 0.025367 0.024172 0.022311 0.019603 0.015927 0.011291 0.005868 0.000000 
50.000000 39.979717 30.592327 22.351021 15.567244 10.327424 6.525802 3.931938 2.265337 1.255503 0.677587 0.364722 0.204244 0.126128 0.089987 0.074070 0.067385 0.064706 0.063678 0.063301 0.063169 0.063124 0.063109 0.063105 0.063103 0.063103 0.063103 0.063103 0.063103 0.063103 0.063103 0.063102 0.063102 0.063101 0.063097 0.063087 0.063064 0.063011 0.062892 0.062644 0.062150 0.061220 0.059571 0.056819 0.052509 0.046200 0.037591 0.026681 0.013878 0.000000 
50.000000 39.995450 30.622796 22.394417 15.621270 10.389650 6.593967 4.004148 2.340141 1.331874 0.754852 0.442471 0.282239 0.204244 0.168158 0.152264 0.145590 0.142915 0.141889 0.141512 0.141380 0.141335 0.141321 0.141316 0.141315 0.141314 0.141314 0.141314 0.141314 0.141314 0.141314 0.141314 0.141313 0.141310 0.141302 0.141282 0.141233 0.141120 0.140868 0.140337 0.139275 0.137265 0.133677 0.127646 0.118137 0.104119 0.084867 0.060331 0.031416 0.000000 
50.000000 40.027761 30.685367 22.483540 15.732229 10.517457 6.733981 4.152478 2.493803 1.488761 0.913581 0.602193 0.442471 0.364722 0.328750 0.312907 0.306254 0.303586 0.302564 0.302188 0.302056 0.302012 0.301997 0.301993 0.301991 0.301991 0.301991 0.301991 0.301991 0.301991 0.301990 0.301990 0.301988 0.301982 0.301967 0.301927 0.301830 0.301603 0.301097 0.300023 0.297863 0.293748 0.286343 0.273800 0.253856 0.224204 0.183153 0.130462 0.068032 0.000000 
50.000000 40.090729 30.807313 22.657237 15.948496 10.766575 7.006906 4.441624 2.793356 1.794609 1.223025 0.913581 0.754852 0.677587 0.641838 0.626092 0.619480 0.616829 0.615813 0.615440 0.615308 0.615264 0.615250 0.615245 0.615244 0.615243 0.615243 0.615243 0.615243 0.615243 0.615243 0.615241 0.615238 0.615227 0.615198 0.615125 0.614943 0.614516 0.613557 0.611512 0.607368 0.599410 0.584967 0.560265 0.520592 0.460997 0.377655 0.269708 0.140906 0.000000 
50.000000 40.207003 31.032495 22.977996 16.347883 11.226650 7.510971 4.975672 3.346645 2.359540 1.794609 1.488761 1.331874 1.255503 1.220167 1.204603 1.198067 1.195446 1.194442 1.194073 1.193943 1.193899 1.193885 1.193881 1.193879 1.193879 1.193879 1.193879 1.193879 1.193878 1.193878 1.193875 1.193869 1.193850 1.193801 1.193672 1.193353 1.192599 1.190897 1.187241 1.179770 1.165293 1.138749 1.092841 1.018207 0.904656 0.743823 0.533046 0.279188 0.000000 
50.000000 40.410111 31.425855 23.538331 17.045603 12.030426 8.391639 5.908760 4.313382 3.346645 2.793356 2.493803 2.340141 2.265337 2.230726 2.215480 2.209078 2.206510 2.205526 2.205165 2.205038 2.204995 2.204981 2.204977 2.204975 2.204975 2.204975 2.204975 2.204975 2.204974 2.204973 2.204969 2.204959 2.204929 2.204848 2.204639 2.204117 2.202876 2.200055 2.193946 2.181352 2.156691 2.110938 2.030745 1.898440 1.693932 1.399511 1.007644 0.529635 0.000000 
50.000000 40.745217 32.074868 24.462867 18.196862 13.356733 9.844883 7.448561 5.908760 4.975672 4.441624 4.152478 4.004148 3.931938 3.898525 3.883806 3.877625 3.875147 3.874196 3.873847 3.873725 3.873683 3.873670 3.873665 3.873664 3.873664 3.873664 3.873664 3.873663 3.873663 3.873661 3.873656 3.873640 3.873596 3.873474 3.873158 3.872367 3.870472 3.866134 3.856657 3.836922 3.797822 3.724281 3.593336 3.373407 3.026658 2.516845 1.824036 0.963707 0.000000 
50.000000 41.266633 33.084730 25.901481 19.988326 15.420663 12.106426 9.844883 8.391639 7.510971 7.006906 6.733981 6.593967 6.525802 6.494259 6.480363 6.474527 6.472187 6.471290 6.470960 6.470844 6.470805 6.470792 6.470789 6.470787 6.470787 6.470787 6.470787 6.470787 6.470786 6.470783 6.470776 6.470755 6.470693 6.470526 6.470087 6.468983 6.466321 6.460182 6.446641 6.418130 6.360894 6.251546 6.053213 5.712816 5.162655 4.331252 3.168799 1.687465 0.000000 
50.000000 42.030654 34.564487 28.009541 22.613506 18.445207 15.420663 13.356733 12.030426 11.226650 10.766575 10.517457 10.389650 10.327424 10.298628 10.285942 10.280613 10.278477 10.277657 10.277356 10.277251 10.277215 10.277203 10.277200 10.277198 10.277198 10.277198 10.277198 10.277198 10.277197 10.277194 10.277185 10.277158 10.277081 10.276871 10.276317 10.274915 10.271513 10.263602 10.245983 10.208443 10.131986 9.983326 9.707847 9.222604 8.413610 7.146155 5.302338 2.859960 0.000000 
50.000000 43.083507 36.603679 30.914629 26.231321 22.613506 19.988326 18.196862 17.045603 16.347883 15.948496 15.732229 15.621270 15.567244 15.542240 15.531225 15.526598 15.524742 15.524031 15.523769 15.523677 15.523646 15.523636 15.523633 15.523632 15.523632 15.523632 15.523632 15.523631 15.523630 15.523627 15.523617 15.523587 15.523501 15.523264 15.522638 15.521044 15.517151 15.508025 15.487499 15.443227 15.351672 15.170204 14.825671 14.199896 13.115661 11.334448 8.593874 4.738868 0.000000 
50.000000 44.446374 39.243343 34.675225 30.914629 28.009541 25.901481 24.462867 23.538331 22.977996 22.657237 22.483540 22.394417 22.351021 22.330936 22.322087 22.318370 22.316879 22.316308 22.316098 22.316024 22.315999 22.315991 22.315988 22.315987 22.315987 22.315987 22.315987 22.315987 22.315986 22.315982 22.315973 22.315943 22.315859 22.315627 22.315009 22.313430 22.309550 22.300386 22.279582 22.234173 22.138820 21.946022 21.570229 20.863386 19.580180 17.337613 13.600313 7.811652 0.000000 
50.000000 46.101858 42.449787 39.243343 36.603679 34.564487 33.084730 32.074868 31.425855 31.032495 30.807313 30.685367 30.622796 30.592327 30.578225 30.572011 30.569401 30.568354 30.567953 30.567805 30.567753 30.567736 30.567730 30.567728 30.567728 30.567728 30.567728 30.567727 30.567727 30.567726 30.567724 30.567716 30.567692 30.567624 30.567436 30.566934 30.565646 30.562465 30.554905 30.537605 30.499449 30.418211 30.250832 29.915931 29.262149 28.009805 25.643030 21.224893 13.200046 0.000000 
50.000000 47.987409 46.101858 44.446374 43.083507 42.030654 41.266633 40.745217 40.410111 40.207003 40.090729 40.027761 39.995450 39.979717 39.972434 39.969225 39.967877 39.967337 39.967129 39.967053 39.967026 39.967017 39.967014 39.967013 39.967013 39.967013 39.967013 39.967013 39.967013 39.967012 39.967011 39.967007 39.966993 39.966955 39.966849 39.966566 39.965838 39.964034 39.959729 39.949824 39.927815 39.880476 39.781511 39.579168 39.170694 38.344639 36.634721 32.901812 23.993705 0.000000 
50.000000 50.000000 50.000000 50.000000 50.000000 50.000000 50.000000 50.000000 50.000000 50.000000 50.000000 50.000000 50.000000 50.000000 50.000000 50.000000 50.000000 50.000000 50.000000 50.000000 50.000000 50.000000 50.000000 50.000000 50.000000 50.000000 50.000000 50.000000 50.000000 50.000000 50.000000 50.000000 50.000000 50.000000 50.000000 50.000000 50.000000 50.000000 50.000000 50.000000 50.000000 50.000000 50.000000 50.000000 50.000000 50.000000 50.000000 50.000000 50.000000 50.000000 
