50.000000 50.000000 50.000000 50.000000 50.000000 50.000000 50.000000 50.000000 50.000000 50.000000 50.000000 50.000000 50.000000 50.000000 50.000000 50.000000 50.000000 50.000000 50.000000 50.000000 50.000000 50.000000 50.000000 50.000000 50.000000 50.000000 50.000000 50.000000 50.000000 50.000000 50.000000 50.000000 50.000000 50.000000 50.000000 50.000000 50.000000 50.000000 50.000000 50.000000 50.000000 50.000000 50.000000 50.000000 50.000000 50.000000 50.000000 50.000000 50.000000 50.000000 
50.000000 46.137964 42.742611 40.112271 38.309251 37.209729 36.609569 36.314498 36.183012 36.129595 36.109700 36.102872 36.100702 36.100062 36.099885 36.099839 36.099828 36.099826 36.099825 36.099825 36.099825 36.099825 36.099825 36.099825 36.099825 36.099825 36.099825 36.099825 36.099825 36.099825 36.099825 36.099825 36.099825 36.099825 36.099824 36.099822 36.099810 36.099763 36.099582 36.098923 36.096660 36.089333 36.066980 36.002541 35.826102 35.362780 34.176463 31.137376 23.068982 0.000000 
50.000000 42.742611 36.362326 31.419790 28.032022 25.966236 24.838750 24.284469 24.037505 23.937184 23.899824 23.887004 23.882932 23.881729 23.881397 23.881312 23.881291 23.881286 23.881285 23.881285 23.881285 23.881285 23.881285 23.881285 23.881285 23.881285 23.881285 23.881285 23.881285 23.881285 23.881285 23.881285 23.881285 23.881284 23.881284 23.881279 23.881261 23.881187 23.880904 23.879876 23.876376 23.865172 23.831520 23.736693 23.485865 22.862074 21.400943 18.181163 11.605235 0.000000 
50.000000 40.112271 31.419790 24.686471 20.071618 17.257870 15.722338 14.967561 14.631315 14.494748 14.443899 14.426453 14.420912 14.419276 14.418825 14.418708 14.418680 14.418673 14.418672 14.418672 14.418672 14.418672 14.418672 14.418672 14.418672 14.418672 14.418672 14.418672 14.418672 14.418672 14.418672 14.418672 14.418672 14.418671 14.418670 14.418666 14.418648 14.418572 14.418285 14.417253 14.413771 14.402777 14.370354 14.281256 14.053717 13.515532 12.343236 10.018847 5.935808 0.000000 
50.000000 38.309251 28.032022 20.071618 14.616225 11.290354 9.475580 8.583676 8.186404 8.025079 7.965023 7.944422 7.937880 7.935948 7.935416 7.935279 7.935245 7.935238 7.935236 7.935236 7.935236 7.935236 7.935236 7.935236 7.935236 7.935236 7.935236 7.935236 7.935236 7.935236 7.935236 7.935236 7.935236 7.935236 7.935235 7.935231 7.935217 7.935157 7.934932 7.934128 7.931445 7.923090 7.898886 7.833913 7.673067 7.308113 6.556086 5.169948 2.946471 0.000000 
50.000000 37.209729 25.966236 17.257870 11.290354 7.652629 5.667922 4.692629 4.258277 4.081922 4.016281 3.993769 3.986621 3.984511 3.983929 3.983779 3.983743 3.983735 3.983733 3.983733 3.983732 3.983732 3.983732 3.983732 3.983732 3.983732 3.983732 3.983732 3.983732 3.983732 3.983732 3.983732 3.983732 3.983732 3.983732 3.983730 3.983720 3.983681 3.983534 3.983016 3.981303 3.976038 3.961026 3.921543 3.826315 3.617288 3.204153 2.480371 1.383627 0.000000 
50.000000 36.609569 24.838750 15.722338 9.475580 5.667922 3.590687 2.570029 2.115524 1.931008 1.862338 1.838789 1.831314 1.829107 1.828499 1.828343 1.828305 1.828296 1.828294 1.828294 1.828293 1.828293 1.828293 1.828293 1.828293 1.828293 1.828293 1.828293 1.828293 1.828293 1.828293 1.828293 1.828293 1.828293 1.828293 1.828292 1.828286 1.828265 1.828183 1.827896 1.826958 1.824104 1.816082 1.795343 1.746378 1.641667 1.441082 1.102056 0.607028 0.000000 
50.000000 36.314498 24.284469 14.967561 8.583676 4.692629 2.570029 1.527151 1.062785 0.874280 0.804132 0.780078 0.772443 0.770189 0.769569 0.769409 0.769370 0.769361 0.769359 0.769359 0.769359 0.769359 0.769358 0.769358 0.769358 0.769358 0.769358 0.769358 0.769358 0.769358 0.769358 0.769358 0.769358 0.769358 0.769358 0.769358 0.769355 0.769344 0.769304 0.769165 0.768714 0.767354 0.763575 0.753947 0.731604 0.684790 0.597207 0.452949 0.247518 0.000000 
50.000000 36.183012 24.037505 14.631315 8.186404 4.258277 2.115524 1.062785 0.594047 0.403777 0.332975 0.308698 0.300993 0.298719 0.298092 0.297931 0.297892 0.297883 0.297881 0.297880 0.297880 0.297880 0.297880 0.297880 0.297880 0.297880 0.297880 0.297880 0.297880 0.297880 0.297880 0.297880 0.297880 0.297880 0.297880 0.297880 0.297879 0.297874 0.297857 0.297797 0.297603 0.297024 0.295431 0.291420 0.282240 0.263314 0.228538 0.172333 0.093680 0.000000 
50.000000 36.129595 23.937184 14.494748 8.025079 4.081922 1.931008 0.874280 0.403777 0.212795 0.141729 0.117363 0.109629 0.107347 0.106718 0.106556 0.106517 0.106508 0.106506 0.106505 0.106505 0.106505 0.106505 0.106505 0.106505 0.106505 0.106505 0.106505 0.106505 0.106505 0.106505 0.106505 0.106505 0.106505 0.106505 0.106505 0.106505 0.106503 0.106496 0.106473 0.106397 0.106175 0.105567 0.104050 0.100619 0.093634 0.080977 0.060808 0.032935 0.000000 
50.000000 36.109700 23.899824 14.443899 7.965023 4.016281 1.862338 0.804132 0.332975 0.141729 0.070566 0.046167 0.038423 0.036137 0.035508 0.035345 0.035306 0.035297 0.035295 0.035295 0.035295 0.035295 0.035295 0.035295 0.035295 0.035295 0.035295 0.035295 0.035295 0.035295 0.035295 0.035295 0.035295 0.035295 0.035295 0.035295 0.035294 0.035294 0.035291 0.035283 0.035256 0.035178 0.034966 0.034442 0.033265 0.030895 0.026646 0.019948 0.010776 0.000000 
50.000000 36.102872 23.887004 14.426453 7.944422 3.993769 1.838789 0.780078 0.308698 0.117363 0.046167 0.021757 0.014009 0.011722 0.011093 0.010930 0.010891 0.010882 0.010880 0.010880 0.010879 0.010879 0.010879 0.010879 0.010879 0.010879 0.010879 0.010879 0.010879 0.010879 0.010879 0.010879 0.010879 0.010879 0.010879 0.010879 0.010879 0.010879 0.010878 0.010876 0.010867 0.010842 0.010774 0.010607 0.010234 0.009490 0.008168 0.006101 0.003289 0.000000 
50.000000 36.100702 23.882932 14.420912 7.937880 3.986621 1.831314 0.772443 0.300993 0.109629 0.038423 0.014009 0.006260 0.003973 0.003343 0.003181 0.003141 0.003132 0.003131 0.003130 0.003130 0.003130 0.003130 0.003130 0.003130 0.003130 0.003130 0.003130 0.003130 0.003130 0.003130 0.003130 0.003130 0.003130 0.003130 0.003130 0.003130 0.003130 0.003130 0.003129 0.003126 0.003119 0.003099 0.003049 0.002940 0.002723 0.002340 0.001744 0.000939 0.000000 
50.000000 36.100062 23.881729 14.419276 7.935948 3.984511 1.829107 0.770189 0.298719 0.107347 0.036137 0.011722 0.003973 0.001686 0.001057 0.000894 0.000855 0.000846 0.000844 0.000843 0.000843 0.000843 0.000843 0.000843 0.000843 0.000843 0.000843 0.000843 0.000843 0.000843 0.000843 0.000843 0.000843 0.000843 0.000843 0.000843 0.000843 0.000843 0.000843 0.000843 0.000842 0.000840 0.000834 0.000821 0.000791 0.000732 0.000628 0.000468 0.000251 0.000000 
50.000000 36.099885 23.881397 14.418825 7.935416 3.983929 1.828499 0.769569 0.298092 0.106718 0.035508 0.011093 0.003343 0.001057 0.000427 0.000264 0.000225 0.000216 0.000214 0.000213 0.000213 0.000213 0.000213 0.000213 0.000213 0.000213 0.000213 0.000213 0.000213 0.000213 0.000213 0.000213 0.000213 0.000213 0.000213 0.000213 0.000213 0.000213 0.000213 0.000213 0.000213 0.000213 0.000211 0.000208 0.000200 0.000185 0.000158 0.000118 0.000063 0.000000 
50.000000 36.099839 23.881312 14.418708 7.935279 3.983779 1.828343 0.769409 0.297931 0.106556 0.035345 0.010930 0.003181 0.000894 0.000264 0.000102 0.000062 0.000053 0.000051 0.000051 0.000051 0.000051 0.000051 0.000051 0.000051 0.000051 0.000051 0.000051 0.000051 0.000051 0.000051 0.000051 0.000051 0.000051 0.000051 0.000051 0.000051 0.000051 0.000051 0.000051 0.000051 0.000051 0.000050 0.000049 0.000048 0.000044 0.000038 0.000028 0.000015 0.000000 
50.000000 36.099828 23.881291 14.418680 7.935245 3.983743 1.828305 0.769370 0.297892 0.106517 0.035306 0.010891 0.003141 0.000855 0.000225 0.000062 0.000023 0.000014 0.000012 0.000012 0.000011 0.000011 0.000011 0.000011 0.000011 0.000011 0.000011 0.000011 0.000011 0.000011 0.000011 0.000011 0.000011 0.000011 0.000011 0.000011 0.000011 0.000011 0.000011 0.000011 0.000011 0.000011 0.000011 0.000011 0.000011 0.000010 0.000008 0.000006 0.000003 0.000000 
50.000000 36.099826 23.881286 14.418673 7.935238 3.983735 1.828296 0.769361 0.297883 0.106508 0.035297 0.010882 0.003132 0.000846 0.000216 0.000053 0.000014 0.000005 0.000003 0.000003 0.000002 0.000002 0.000002 0.000002 0.000002 0.000002 0.000002 0.000002 0.000002 0.000002 0.000002 0.000002 0.000002 0.000002 0.000002 0.000002 0.000002 0.000002 0.000002 0.000002 0.000002 0.000002 0.000002 0.000002 0.000002 0.000002 0.000002 0.000001 0.000001 0.000000 
50.000000 36.099825 23.881285 14.418672 7.935236 3.983733 1.828294 0.769359 0.297881 0.106506 0.035295 0.010880 0.003131 0.000844 0.000214 0.000051 0.000012 0.000003 0.000001 0.000001 0.000001 0.000000 0.000000 0.000000 0.000000 0.000000 0.000000 0.000000 0.000000 0.000000 0.000000 0.000000 0.000000 0.000000 0.000000 0.000000 0.000000 0.000000 0.000000 0.000000 0.000000 0.000000 0.000000 0.000000 0.000000 0.000000 0.000000 0.000000 0.000000 0.000000 
50.000000 36.099825 23.881285 14.418672 7.935236 3.983733 1.828294 0.769359 0.297880 0.106505 0.035295 0.010880 0.003130 0.000843 0.000213 0.000051 0.000012 0.000003 0.000001 0.000000 0.000000 0.000000 0.000000 0.000000 0.000000 0.000000 0.000000 0.000000 0.000000 0.000000 0.000000 0.000000 0.000000 0.000000 0.000000 0.000000 0.000000 0.000000 0.000000 0.000000 0.000000 0.000000 0.000000 0.000000 0.000000 0.000000 0.000000 0.000000 0.000000 0.000000 
50.000000 36.099825 23.881285 14.418672 7.935236 3.983732 1.828293 0.769359 0.297880 0.106505 0.035295 0.010879 0.003130 0.000843 0.000213 0.000051 0.000011 0.000002 0.000001 0.000000 0.000000 0.000000 0.000000 0.000000 0.000000 0.000000 0.000000 0.000000 0.000000 0.000000 0.000000 0.000000 0.000000 0.000000 0.000000 0.000000 0.000000 0.000000 0.000000 0.000000 0.000000 0.000000 0.000000 0.000000 0.000000 0.000000 0.000000 0.000000 0.000000 0.000000 
50.000000 36.099825 23.881285 14.418672 7.935236 3.983732 1.828293 0.769359 0.297880 0.106505 0.035295 0.010879 0.003130 0.000843 0.000213 0.000051 0.000011 0.000002 0.000000 0.000000 0.000000 0.000000 0.000000 0.000000 0.000000 0.000000 0.000000 0.000000 0.000000 0.000000 0.000000 0.000000 0.000000 0.000000 0.000000 0.000000 0.000000 0.000000 0.000000 0.000000 0.000000 0.000000 0.000000 0.000000 0.000000 0.000000 0.000000 0.000000 0.000000 0.000000 
50.000000 36.099825 23.881285 14.418672 7.935236 3.983732 1.828293 0.769358 0.297880 0.106505 0.035295 0.010879 0.003130 0.000843 0.000213 0.000051 0.000011 0.000002 0.000000 0.000000 0.000000 0.000000 0.000000 0.000000 0.000000 0.000000 0.000000 0.000000 0.000000 0.000000 0.000000 0.000000 0.000000 0.000000 0.000000 0.000000 0.000000 0.000000 0.000000 0.000000 0.000000 0.000000 0.000000 0.000000 0.000000 0.000000 0.000000 0.000000 0.000000 0.000000 
50.000000 36.099825 23.881285 14.418672 7.935236 3.983732 1.828293 0.769358 0.297880 0.106505 0.035295 0.010879 0.003130 0.000843 0.000213 0.000051 0.000011 0.000002 0.000000 0.000000 0.000000 0.000000 0.000000 0.000000 0.000000 0.000000 0.000000 0.000000 0.000000 0.000000 0.000000 0.000000 0.000000 0.000000 0.000000 0.000000 0.000000 0.000000 0.000000 0.000000 0.000000 0.000000 0.000000 0.000000 0.000000 0.000000 0.000000 0.000000 0.000000 0.000000 
50.000000 36.099825 23.881285 14.418672 7.935236 3.983732 1.828293 0.769358 0.297880 0.106505 0.035295 0.010879 0.003130 0.000843 0.000213 0.000051 0.000011 0.000002 0.000000 0.000000 0.000000 0.000000 0.000000 0.000000 0.000000 0.000000 0.000000 0.000000 0.000000 0.000000 0.000000 0.000000 0.000000 0.000000 0.000000 0.000000 0.000000 0.000000 0.000000 0.000000 0.000000 0.000000 0.000000 0.000000 0.000000 0.000000 0.000000 0.000000 0.000000 0.000000 
50.000000 36.099825 23.881285 14.418672 7.935236 3.983732 1.828293 0.769358 0.297880 0.106505 0.035295 0.010879 0.003130 0.000843 0.000213 0.000051 0.000011 0.000002 0.000000 0.000000 0.000000 0.000000 0.000000 0.000000 0.000000 0.000000 0.000000 0.000000 0.000000 0.000000 0.000000 0.000000 0.000000 0.000000 0.000000 0.000000 0.000000 0.000000 0.000000 0.000000 0.000000 0.000000 0.000000 0.000000 0.000000 0.000000 0.000000 0.000000 0.000000 0.000000 
50.000000 36.099825 23.881285 14.418672 7.935236 3.983732 1.828293 0.769358 0.297880 0.106505 0.035295 0.010879 0.003130 0.000843 0.000213 0.000051 0.000011 0.000002 0.000000 0.000000 0.000000 0.000000 0.000000 0.000000 0.000000 0.000000 0.000000 0.000000 0.000000 0.000000 0.000000 0.000000 0.000000 0.000000 0.000000 0.000000 0.000000 0.000000 0.000000 0.000000 0.000000 0.000000 0.000000 0.000000 0.000000 0.000000 0.000000 0.000000 0.000000 0.000000 
50.000000 36.099825 23.881285 14.418672 7.935236 3.983732 1.828293 0.769358 0.297880 0.106505 0.035295 0.010879 0.003130 0.000843 0.000213 0.000051 0.000011 0.000002 0.000000 0.000000 0.000000 0.000000 0.000000 0.000000 0.000000 0.000000 0.000000 0.000000 0.000000 0.000000 0.000000 0.000000 0.000000 0.000000 0.000000 0.000000 0.000000 0.000000 0.000000 0.000000 0.000000 0.000000 0.000000 0.000000 0.000000 0.000000 0.000000 0.000000 0.000000 0.000000 
50.000000 36.099825 23.881285 14.418672 7.935236 3.983732 1.828293 0.769359 0.297880 0.106505 0.035295 0.010879 0.003130 0.000843 0.000213 0.000051 0.000011 0.000002 0.000000 0.000000 0.000000 0.000000 0.000000 0.000000 0.000000 0.000000 0.000000 0.000000 0.000000 0.000000 0.000000 0.000000 0.000000 0.000000 0.000000 0.000000 0.000000 0.000000 0.000000 0.000000 0.000000 0.000000 0.000000 0.000000 0.000000 0.000000 0.000000 0.000000 0.000000 0.000000 
50.000000 36.099825 23.881285 14.418672 7.935236 3.983732 1.828293 0.769359 0.297880 0.106505 0.035295 0.010879 0.003130 0.000843 0.000213 0.000051 0.000011 0.000002 0.000001 0.000000 0.000000 0.000000 0.000000 0.000000 0.000000 0.000000 0.000000 0.000000 0.000000 0.000000 0.000000 0.000000 0.000000 0.000000 0.000000 0.000000 0.000000 0.000000 0.000000 0.000000 0.000000 0.000000 0.000000 0.000000 0.000000 0.000000 0.000000 0.000000 0.000000 0.000000 
50.000000 36.099825 23.881285 14.418672 7.935236 3.983733 1.828294 0.769359 0.297880 0.106505 0.035295 0.010880 0.003130 0.000843 0.000213 0.000051 0.000012 0.000003 0.000001 0.000000 0.000000 0.000000 0.000000 0.000000 0.000000 0.000000 0.000000 0.000000 0.000000 0.000000 0.000000 0.000000 0.000000 0.000000 0.000000 0.000000 0.000000 0.000000 0.000000 0.000000 0.000000 0.000000 0.000000 0.000000 0.000000 0.000000 0.000000 0.000000 0.000000 0.000000 
50.000000 36.099825 23.881285 14.418672 7.935236 3.983733 1.828294 0.769359 0.297881 0.106506 0.035295 0.010880 0.003131 0.000844 0.000214 0.000051 0.000012 0.000003 0.000001 0.000001 0.000001 0.000000 0.000000 0.000000 0.000000 0.000000 0.000000 0.000000 0.000000 0.000000 0.000000 0.000000 0.000000 0.000000 0.000000 0.000000 0.000000 0.000000 0.000000 0.000000 0.000000 0.000000 0.000000 0.000000 0.000000 0.000000 0.000000 0.000000 0.000000 0.000000 
50.000000 36.099826 23.881286 14.418673 7.935238 3.983735 1.828296 0.769361 0.297883 0.106508 0.035297 0.010882 0.003132 0.000846 0.000216 0.000053 0.000014 0.000005 0.000003 0.000003 0.000002 0.000002 0.000002 0.000002 0.000002 0.000002 0.000002 0.000002 0.000002 0.000002 0.000002 0.000002 0.000002 0.000002 0.000002 0.000002 0.000002 0.000002 0.000002 0.000002 0.000002 0.000002 0.000002 0.000002 0.000002 0.000002 0.000002 0.000001 0.000001 0.000000 
50.000000 36.099828 23.881291 14.418680 7.935245 3.983743 1.828305 0.769370 0.297892 0.106517 0.035306 0.010891 0.003141 0.000855 0.000225 0.000062 0.000023 0.000014 0.000012 0.000012 0.000011 0.000011 0.000011 0.000011 0.000011 0.000011 0.000011 0.000011 0.000011 0.000011 0.000011 0.000011 0.000011 0.000011 0.000011 0.000011 0.000011 0.000011 0.000011 0.000011 0.000011 0.000011 0.000011 0.000011 0.000011 0.000010 0.000008 0.000006 0.000003 0.000000 
50.000000 36.099839 23.881312 14.418708 7.935279 3.983779 1.828343 0.769409 0.297931 0.106556 0.035345 0.010930 0.003181 0.000894 0.000264 0.000102 0.000062 0.000053 0.000051 0.000051 0.000051 0.000051 0.000051 0.000051 0.000051 0.000051 0.000051 0.000051 0.000051 0.000051 0.000051 0.000051 0.000051 0.000051 0.000051 0.000051 0.000051 0.000051 0.000051 0.000051 0.000051 0.000051 0.000050 0.000049 0.000048 0.000044 0.000038 0.000028 0.000015 0.000000 
50.000000 36.099885 23.881397 14.418825 7.935416 3.983929 1.828499 0.769569 0.298092 0.106718 0.035508 0.011093 0.003343 0.001057 0.000427 0.000264 0.000225 0.000216 0.000214 0.000213 0.000213 0.000213 0.000213 0.000213 0.000213 0.000213 0.000213 0.000213 0.000213 0.000213 0.000213 0.000213 0.000213 0.000213 0.000213 0.000213 0.000213 0.000213 0.000213 0.000213 0.000213 0.000213 0.000211 0.000208 0.000200 0.000185 0.000158 0.000118 0.000063 0.000000 
50.000000 36.100062 23.881729 14.419276 7.935948 3.984511 1.829107 0.770189 0.298719 0.107347 0.036137 0.011722 0.003973 0.001686 0.001057 0.000894 0.000855 0.000846 0.000844 0.000843 0.000843 0.000843 0.000843 0.000843 0.000843 0.000843 0.000843 0.000843 0.000843 0.000843 0.000843 0.000843 0.000843 0.000843 0.000843 0.000843 0.000843 0.000843 0.000843 0.000843 0.000842 0.000840 0.000834 0.000821 0.000791 0.000732 0.000628 0.000468 0.000251 0.000000 
50.000000 36.100702 23.882932 14.420912 7.937880 3.986621 1.831314 0.772443 0.300993 0.109629 0.038423 0.014009 0.006260 0.003973 0.003343 0.003181 0.003141 0.003132 0.003131 0.003130 0.003130 0.003130 0.003130 0.003130 0.003130 0.003130 0.003130 0.003130 0.003130 0.003130 0.003130 0.003130 0.003130 0.003130 0.003130 0.003130 0.003130 0.003130 0.003130 0.003129 0.003126 0.003119 0.003099 0.003049 0.002940 0.002723 0.002340 0.001744 0.000939 0.000000 
50.000000 36.102872 23.887004 14.426453 7.944422 3.993769 1.838789 0.780078 0.308698 0.117363 0.046167 0.021757 0.014009 0.011722 0.011093 0.010930 0.010891 0.010882 0.010880 0.010880 0.010879 0.010879 0.010879 0.010879 0.010879 0.010879 0.010879 0.010879 0.010879 0.010879 0.010879 0.010879 0.010879 0.010879 0.010879 0.010879 0.010879 0.010879 0.010878 0.010876 0.010867 0.010842 0.010774 0.010607 0.010234 0.009490 0.008168 0.006101 0.003289 0.000000 
50.000000 36.109700 23.899824 14.443899 7.965023 4.016281 1.862338 0.804132 0.332975 0.141729 0.070566 0.046167 0.038423 0.036137 0.035508 0.035345 0.035306 0.035297 0.035295 0.035295 0.035295 0.035295 0.035295 0.035295 0.035295 0.035295 0.035295 0.035295 0.035295 0.035295 0.035295 0.035295 0.035295 0.035295 0.035295 0.035295 0.035294 0.035294 0.035291 0.035283 0.035256 0.035178 0.034966 0.034442 0.033265 0.030895 0.026646 0.019948 0.010776 0.000000 
50.000000 36.129595 23.937184 14.494748 8.025079 4.081922 1.931008 0.874280 0.403777 0.212795 0.141729 0.117363 0.109629 0.107347 0.106718 0.106556 0.106517 0.106508 0.106506 0.106505 0.106505 0.106505 0.106505 0.106505 0.106505 0.106505 0.106505 0.106505 0.106505 0.106505 0.106505 0.106505 0.106505 0.106505 0.106505 0.106505 0.106505 0.106503 0.106496 0.106473 0.106397 0.106175 0.105567 0.104050 0.100619 0.093634 0.080977 0.060808 0.032935 0.000000 
50.000000 36.183012 24.037505 14.631315 8.186404 4.258277 2.115524 1.062785 0.594047 0.403777 0.332975 0.308698 0.300993 0.298719 0.298092 0.297931 0.297892 0.297883 0.297881 0.297880 0.297880 0.297880 0.297880 0.297880 0.297880 0.297880 0.297880 0.297880 0.297880 0.297880 0.297880 0.297880 0.297880 0.297880 0.297880 0.297880 0.297879 0.297874 0.297857 0.297797 0.297603 0.297024 0.295431 0.291420 0.282240 0.263314 0.228538 0.172333 0.093680 0.000000 
50.000000 36.314498 24.284469 14.967561 8.583676 4.692629 2.570029 1.527151 1.062785 0.874280 0.804132 0.780078 0.772443 0.770189 0.769569 0.769409 0.769370 0.769361 0.769359 0.769359 0.769359 0.769359 0.769358 0.769358 0.769358 0.769358 0.769358 0.769358 0.769358 0.769358 0.769358 0.769358 0.769358 0.769358 0.769358 0.769358 0.769355 0.769344 0.769304 0.769165 0.768714 0.767354 0.763575 0.753947 0.731604 0.684790 0.597207 0.452949 0.247518 0.000000 
50.000000 36.609569 24.838750 15.722338 9.475580 5.667922 3.590687 2.570029 2.115524 1.931008 1.862338 1.838789 1.831314 1.829107 1.828499 1.828343 1.828305 1.828296 1.828294 1.828294 1.828293 1.828293 1.828293 1.828293 1.828293 1.828293 1.828293 1.828293 1.828293 1.828293 1.828293 1.828293 1.828293 1.828293 1.828293 1.828292 1.828286 1.828265 1.828183 1.827896 1.826958 1.824104 1.816082 1.795343 1.746378 1.641667 1.441082 1.102056 0.607028 0.000000 
50.000000 37.209729 25.966236 17.257870 11.290354 7.652629 5.667922 4.692629 4.258277 4.081922 4.016281 3.993769 3.986621 3.984511 3.983929 3.983779 3.983743 3.983735 3.983733 3.983733 3.983732 3.983732 3.983732 3.983732 3.983732 3.983732 3.983732 3.983732 3.983732 3.983732 3.983732 3.983732 3.983732 3.983732 3.983732 3.983730 3.983720 3.983681 3.983534 3.983016 3.981303 3.976038 3.961026 3.921543 3.826315 3.617288 3.204153 2.480371 1.383627 0.000000 
50.000000 38.309251 28.032022 20.071618 14.616225 11.290354 9.475580 8.583676 8.186404 8.025079 7.965023 7.944422 7.937880 7.935948 7.935416 7.935279 7.935245 7.935238 7.935236 7.935236 7.935236 7.935236 7.935236 7.935236 7.935236 7.935236 7.935236 7.935236 7.935236 7.935236 7.935236 7.935236 7.935236 7.935236 7.935235 7.935231 7.935217 7.935157 7.934932 7.934128 7.931445 7.923090 7.898886 7.833913 7.673067 7.308113 6.556086 5.169948 2.946471 0.000000 
50.000000 40.112271 31.419790 24.686471 20.071618 17.257870 15.722338 14.967561 14.631315 14.494748 14.443899 14.426453 14.420912 14.419276 14.418825 14.418708 14.418680 14.418673 14.418672 14.418672 14.418672 14.418672 14.418672 14.418672 14.418672 14.418672 14.418672 14.418672 14.418672 14.418672 14.418672 14.418672 14.418672 14.418671 14.418670 14.418666 14.418648 14.418572 14.418285 14.417253 14.413771 14.402777 14.370354 14.281256 14.053717 13.515532 12.343236 10.018847 5.935808 0.000000 
50.000000 42.742611 36.362326 31.419790 28.032022 25.966236 24.838750 24.284469 24.037505 23.937184 23.899824 23.887004 23.882932 23.881729 23.881397 23.881312 23.881291 23.881286 23.881285 23.881285 23.881285 23.881285 23.881285 23.881285 23.881285 23.881285 23.881285 23.881285 23.881285 23.881285 23.881285 23.881285 23.881285 23.881284 23.881284 23.881279 23.881261 23.881187 23.880904 23.879876 23.876376 23.865172 23.831520 23.736693 23.485865 22.862074 21.400943 18.181163 11.605235 0.000000 
50.000000 46.137964 42.742611 40.112271 38.309251 37.209729 36.609569 36.314498 36.183012 36.129595 36.109700 36.102872 36.100702 36.100062 36.099885 36.099839 36.099828 36.099826 36.099825 36.099825 36.099825 36.099825 36.099825 36.099825 36.099825 36.099825 36.099825 36.099825 36.099825 36.099825 36.099825 36.099825 36.099825 36.099825 36.099824 36.099822 36.099810 36.099763 36.099582 36.098923 36.096660 36.089333 36.066980 36.002541 35.826102 35.362780 34.176463 31.137376 23.068982 0.000000 
50.000000 50.000000 50.000000 50.000000 50.000000 50.000000 50.000000 50.000000 50.000000 50.000000 50.000000 50.000000 50.000000 50.000000 50.000000 50.000000 50.000000 50.000000 50.000000 50.000000 50.000000 50.000000 50.000000 50.000000 50.000000 50.000000 50.000000 50.000000 50.000000 50.000000 50.000000 50.000000 50.000000 50.000000 50.000000 50.000000 50.000000 50.000000 50.000000 50.000000 50.000000 50.000000 50.000000 50.000000 50.000000 50.000000 50.000000 50.000000 50.000000 50.000000 
