50.000000 50.000000 50.000000 50.000000 50.000000 50.000000 50.000000 50.000000 50.000000 50.000000 50.000000 50.000000 50.000000 50.000000 50.000000 50.000000 50.000000 50.000000 50.000000 50.000000 50.000000 50.000000 50.000000 50.000000 50.000000 50.000000 50.000000 50.000000 50.000000 50.000000 50.000000 50.000000 50.000000 50.000000 50.000000 50.000000 50.000000 50.000000 50.000000 50.000000 50.000000 50.000000 50.000000 50.000000 50.000000 50.000000 50.000000 50.000000 50.000000 50.000000 
50.000000 48.816402 47.676776 46.620198 45.676859 44.865658 44.193650 43.657220 43.244482 42.938283 42.719173 42.567878 42.467027 42.402100 42.361710 42.337420 42.323291 42.315337 42.311002 42.308712 42.307541 42.306959 42.306679 42.306548 42.306488 42.306460 42.306446 42.306433 42.306413 42.306370 42.306277 42.306079 42.305662 42.304810 42.303110 42.299797 42.293491 42.281754 42.260362 42.222116 42.154855 42.038086 41.836948 41.490651 40.888331 39.813194 37.798307 33.710032 24.408201 0.000000 
50.000000 47.676776 45.439863 43.365964 41.514340 39.922083 38.603044 37.550124 36.739994 36.138983 35.708913 35.411952 35.214004 35.086567 35.007291 34.959616 34.931884 34.916273 34.907764 34.903271 34.900972 34.899830 34.899281 34.899023 34.898905 34.898851 34.898823 34.898799 34.898760 34.898681 34.898507 34.898136 34.897359 34.895772 34.892609 34.886458 34.874780 34.853111 34.813776 34.743814 34.621634 34.411571 34.054737 33.453068 32.440245 30.726758 27.795571 22.719932 13.966744 0.000000 
50.000000 46.620198 43.365964 40.348886 37.655175 35.338797 33.419898 31.888148 30.709607 29.835289 29.209652 28.777656 28.489698 28.304315 28.188995 28.119643 28.079303 28.056595 28.044218 28.037682 28.034338 28.032677 28.031878 28.031503 28.031332 28.031254 28.031213 28.031179 28.031127 28.031020 28.030788 28.030291 28.029252 28.027135 28.022927 28.014770 27.999341 27.970852 27.919448 27.828726 27.671902 27.405929 26.962483 26.234099 25.053114 23.161376 20.174443 15.570393 8.821891 0.000000 
50.000000 45.676859 41.514340 37.655175 34.209645 31.246773 28.792331 26.833099 25.325661 24.207356 23.407136 22.854598 22.486294 22.249190 22.101696 22.012998 21.961404 21.932362 21.916533 21.908175 21.903897 21.901774 21.900752 21.900273 21.900054 21.899954 21.899903 21.899863 21.899803 21.899680 21.899415 21.898849 21.897669 21.895271 21.890521 21.881350 21.864090 21.832409 21.775675 21.676487 21.507080 21.224202 20.762093 20.023309 18.868000 17.104823 14.493800 10.787582 5.863666 0.000000 
50.000000 44.865658 39.922083 35.338797 31.246773 27.727989 24.813048 22.486247 20.696015 19.367931 18.417611 17.761441 17.324064 17.042496 16.867347 16.762019 16.700753 16.666267 16.647471 16.637547 16.632468 16.629947 16.628733 16.628164 16.627905 16.627787 16.627728 16.627684 16.627621 16.627494 16.627222 16.626644 16.625442 16.623007 16.618202 16.608970 16.591691 16.560193 16.504256 16.407460 16.244236 15.976007 15.546574 14.877329 13.863995 12.378773 10.285682 7.481837 3.977327 0.000000 
50.000000 44.193650 38.603044 33.419898 28.792331 24.813048 21.516656 18.885390 16.860924 15.359089 14.284455 13.542458 13.047881 12.729494 12.531445 12.412347 12.343074 12.304081 12.282829 12.271609 12.265866 12.263016 12.261644 12.261001 12.260708 12.260576 12.260511 12.260465 12.260404 12.260284 12.260027 12.259484 12.258357 12.256084 12.251619 12.243082 12.227202 12.198464 12.147869 12.061231 11.916980 11.683570 11.316861 10.758328 9.935719 8.769022 7.185799 5.149976 2.703000 0.000000 
50.000000 43.657220 37.550124 31.888148 26.833099 22.486247 18.885390 16.011117 13.799707 12.159207 10.985366 10.174882 9.634662 9.286899 9.070580 8.940498 8.864837 8.822250 8.799039 8.786785 8.780514 8.777401 8.775902 8.775201 8.774881 8.774737 8.774668 8.774623 8.774567 8.774460 8.774235 8.773758 8.772774 8.770796 8.766929 8.759574 8.745980 8.721557 8.678930 8.606682 8.487843 8.298304 8.005559 7.568529 6.939673 6.071007 4.925666 3.495387 1.820273 0.000000 
50.000000 43.244482 36.739994 30.709607 25.325661 20.696015 16.860924 13.799707 11.444487 9.697325 8.447177 7.584018 7.008697 6.638343 6.407975 6.269448 6.188877 6.143527 6.118811 6.105762 6.099084 6.095770 6.094174 6.093427 6.093087 6.092935 6.092864 6.092820 6.092771 6.092682 6.092495 6.092101 6.091293 6.089675 6.086525 6.080568 6.069625 6.050107 6.016325 5.959623 5.867406 5.722244 5.501402 5.177354 4.720008 4.101459 3.303677 2.328422 1.206396 0.000000 
50.000000 42.938283 36.138983 29.835289 24.207356 19.367931 15.359089 12.159207 9.697325 7.871055 6.564319 5.662099 5.060751 4.673648 4.432866 4.288079 4.203868 4.156470 4.130639 4.117001 4.110022 4.106559 4.104891 4.104111 4.103756 4.103597 4.103524 4.103483 4.103442 4.103371 4.103224 4.102917 4.102288 4.101036 4.098609 4.094043 4.085707 4.070940 4.045585 4.003411 3.935528 3.829918 3.671364 3.442109 3.123695 2.700276 2.163387 1.517349 0.783428 0.000000 
50.000000 42.719173 35.708913 29.209652 23.407136 18.417611 14.284455 10.985366 8.447177 6.564319 5.217105 4.286948 3.666987 3.267907 3.019679 2.870416 2.783604 2.734742 2.708113 2.694055 2.686861 2.683291 2.681571 2.680768 2.680402 2.680239 2.680166 2.680127 2.680093 2.680038 2.679929 2.679701 2.679237 2.678315 2.676538 2.673211 2.667172 2.656545 2.638431 2.608552 2.560908 2.487554 2.378684 2.223224 2.010151 1.730648 1.380925 0.965100 0.497057 0.000000 
50.000000 42.567878 35.411952 28.777656 22.854598 17.761441 13.542458 10.174882 7.584018 5.662099 4.286948 3.337512 2.704706 2.297363 2.043997 1.891647 1.803040 1.753169 1.725991 1.711643 1.704300 1.700657 1.698902 1.698082 1.697709 1.697543 1.697470 1.697433 1.697405 1.697365 1.697287 1.697125 1.696798 1.696152 1.694910 1.692597 1.688422 1.681119 1.668756 1.648517 1.616514 1.567693 1.495952 1.394590 1.257185 1.078923 0.858208 0.598176 0.307516 0.000000 
50.000000 42.467027 35.214004 28.489698 22.486294 17.324064 13.047881 9.634662 7.008697 5.060751 3.666987 2.704706 2.063346 1.650498 1.393712 1.239306 1.149504 1.098961 1.071417 1.056876 1.049435 1.045742 1.043964 1.043133 1.042755 1.042588 1.042514 1.042479 1.042456 1.042427 1.042374 1.042265 1.042044 1.041610 1.040780 1.039242 1.036479 1.031673 1.023588 1.010443 0.989811 0.958590 0.913105 0.849417 0.763871 0.653885 0.518846 0.360893 0.185273 0.000000 
50.000000 42.402100 35.086567 28.304315 22.249190 17.042496 12.729494 9.286899 6.638343 4.673648 3.267907 2.297363 1.650498 1.234110 0.975123 0.819396 0.728826 0.677851 0.650072 0.635407 0.627902 0.624178 0.622385 0.621547 0.621166 0.620997 0.620924 0.620891 0.620871 0.620851 0.620815 0.620744 0.620602 0.620323 0.619791 0.618810 0.617055 0.614019 0.608941 0.600735 0.587941 0.568718 0.540919 0.502291 0.450805 0.385100 0.304974 0.211787 0.108609 0.000000 
50.000000 42.361710 35.007291 28.188995 22.101696 16.867347 12.531445 9.070580 6.407975 4.432866 3.019679 2.043997 1.393712 0.975123 0.714770 0.558221 0.467174 0.415931 0.388006 0.373263 0.365720 0.361976 0.360174 0.359331 0.358948 0.358779 0.358706 0.358673 0.358657 0.358642 0.358619 0.358575 0.358486 0.358314 0.357987 0.357385 0.356314 0.354469 0.351400 0.346468 0.338823 0.327407 0.311005 0.288363 0.258377 0.220346 0.174225 0.120833 0.061913 0.000000 
50.000000 42.337420 34.959616 28.119643 22.012998 16.762019 12.412347 8.940498 6.269448 4.288079 2.870416 1.891647 1.239306 0.819396 0.558221 0.401179 0.309846 0.258441 0.230429 0.215640 0.208073 0.204317 0.202509 0.201664 0.201280 0.201111 0.201037 0.201006 0.200991 0.200980 0.200966 0.200939 0.200886 0.200783 0.200590 0.200234 0.199605 0.198526 0.196738 0.193879 0.189470 0.182923 0.173569 0.160728 0.143817 0.122477 0.096716 0.067007 0.034310 0.000000 
50.000000 42.323291 34.931884 28.079303 21.961404 16.700753 12.343074 8.864837 6.188877 4.203868 2.783604 1.803040 1.149504 0.728826 0.467174 0.309846 0.218346 0.166848 0.138784 0.123969 0.116388 0.112626 0.110814 0.109968 0.109583 0.109413 0.109340 0.109309 0.109295 0.109287 0.109278 0.109262 0.109232 0.109173 0.109062 0.108860 0.108503 0.107894 0.106889 0.105289 0.102833 0.099203 0.094041 0.086990 0.077746 0.066133 0.052168 0.036112 0.018480 0.000000 
50.000000 42.315337 34.916273 28.056595 21.932362 16.666267 12.304081 8.822250 6.143527 4.156470 2.734742 1.753169 1.098961 0.677851 0.415931 0.258441 0.166848 0.115297 0.087205 0.072375 0.064786 0.061020 0.059207 0.058360 0.057975 0.057805 0.057732 0.057701 0.057688 0.057681 0.057675 0.057666 0.057649 0.057616 0.057555 0.057445 0.057249 0.056917 0.056371 0.055505 0.054182 0.052234 0.049476 0.045724 0.040825 0.034693 0.027343 0.018914 0.009675 0.000000 
50.000000 42.311002 34.907764 28.044218 21.916533 16.647471 12.282830 8.799040 6.118811 4.130639 2.708114 1.725991 1.071417 0.650072 0.388006 0.230429 0.138785 0.087206 0.059098 0.044259 0.036666 0.032899 0.031084 0.030236 0.029851 0.029681 0.029608 0.029578 0.029565 0.029559 0.029555 0.029550 0.029540 0.029523 0.029491 0.029432 0.029328 0.029153 0.028866 0.028413 0.027723 0.026710 0.025282 0.023346 0.020827 0.017684 0.013927 0.009628 0.004923 0.000000 
50.000000 42.308713 34.903272 28.037683 21.908176 16.637548 12.271610 8.786786 6.105763 4.117002 2.694056 1.711644 1.056877 0.635408 0.373264 0.215641 0.123970 0.072376 0.044260 0.029417 0.021822 0.018053 0.016238 0.015390 0.015005 0.014835 0.014762 0.014731 0.014719 0.014713 0.014710 0.014707 0.014702 0.014693 0.014677 0.014646 0.014594 0.014504 0.014358 0.014128 0.013779 0.013269 0.012552 0.011583 0.010326 0.008761 0.006896 0.004765 0.002435 0.000000 
50.000000 42.307541 34.900973 28.034339 21.903899 16.632470 12.265869 8.780516 6.099087 4.110025 2.686864 1.704303 1.049438 0.627905 0.365723 0.208076 0.116391 0.064789 0.036669 0.021824 0.014228 0.010458 0.008643 0.007795 0.007410 0.007240 0.007167 0.007136 0.007124 0.007118 0.007116 0.007114 0.007111 0.007107 0.007099 0.007084 0.007057 0.007013 0.006941 0.006828 0.006657 0.006408 0.006058 0.005587 0.004978 0.004221 0.003320 0.002293 0.001172 0.000000 
50.000000 42.306961 34.899833 28.032681 21.901779 16.629952 12.263022 8.777408 6.095777 4.106566 2.683298 1.700664 1.045750 0.624186 0.361984 0.204325 0.112634 0.061028 0.032906 0.018060 0.010463 0.006693 0.004878 0.004030 0.003644 0.003474 0.003401 0.003371 0.003359 0.003353 0.003351 0.003350 0.003349 0.003346 0.003342 0.003335 0.003322 0.003301 0.003267 0.003213 0.003131 0.003013 0.002847 0.002624 0.002337 0.001980 0.001557 0.001075 0.000549 0.000000 
50.000000 42.306682 34.899287 28.031887 21.900763 16.628747 12.261659 8.775919 6.094192 4.104909 2.681591 1.698922 1.043984 0.622405 0.360194 0.202529 0.110835 0.059227 0.031104 0.016257 0.008660 0.004891 0.003075 0.002227 0.001841 0.001671 0.001598 0.001568 0.001556 0.001551 0.001549 0.001548 0.001547 0.001546 0.001544 0.001540 0.001534 0.001524 0.001508 0.001483 0.001445 0.001390 0.001313 0.001210 0.001076 0.000912 0.000717 0.000495 0.000253 0.000000 
50.000000 42.306556 34.899039 28.031526 21.900302 16.628199 12.261041 8.775244 6.093473 4.104158 2.680816 1.698131 1.043183 0.621597 0.359381 0.201715 0.110018 0.058410 0.030287 0.015440 0.007842 0.004072 0.002257 0.001409 0.001023 0.000853 0.000780 0.000750 0.000738 0.000733 0.000731 0.000730 0.000729 0.000729 0.000728 0.000726 0.000723 0.000718 0.000711 0.000699 0.000681 0.000654 0.000618 0.000569 0.000506 0.000429 0.000337 0.000232 0.000119 0.000000 
50.000000 42.306508 34.898945 28.031389 21.900126 16.627991 12.260804 8.774986 6.093198 4.103871 2.680520 1.697829 1.042877 0.621288 0.359071 0.201403 0.109707 0.058098 0.029974 0.015127 0.007530 0.003760 0.001945 0.001096 0.000711 0.000541 0.000468 0.000438 0.000425 0.000420 0.000418 0.000418 0.000417 0.000417 0.000416 0.000415 0.000414 0.000411 0.000406 0.000399 0.000389 0.000374 0.000353 0.000325 0.000289 0.000244 0.000192 0.000132 0.000068 0.000000 
50.000000 42.306508 34.898945 28.031389 21.900126 16.627991 12.260804 8.774986 6.093198 4.103871 2.680520 1.697829 1.042877 0.621288 0.359071 0.201403 0.109707 0.058098 0.029974 0.015127 0.007530 0.003760 0.001945 0.001096 0.000711 0.000541 0.000468 0.000438 0.000425 0.000420 0.000418 0.000418 0.000417 0.000417 0.000416 0.000415 0.000414 0.000411 0.000406 0.000399 0.000389 0.000374 0.000353 0.000325 0.000289 0.000244 0.000192 0.000132 0.000068 0.000000 
50.000000 42.306556 34.899039 28.031526 21.900302 16.628199 12.261041 8.775244 6.093473 4.104158 2.680816 1.698131 1.043183 0.621597 0.359381 0.201715 0.110018 0.058410 0.030287 0.015440 0.007842 0.004072 0.002257 0.001409 0.001023 0.000853 0.000780 0.000750 0.000738 0.000733 0.000731 0.000730 0.000729 0.000729 0.000728 0.000726 0.000723 0.000718 0.000711 0.000699 0.000681 0.000654 0.000618 0.000569 0.000506 0.000429 0.000337 0.000232 0.000119 0.000000 
50.000000 42.306682 34.899287 28.031887 21.900763 16.628747 12.261659 8.775919 6.094192 4.104909 2.681591 1.698922 1.043984 0.622405 0.360194 0.202529 0.110835 0.059227 0.031104 0.016257 0.008660 0.004891 0.003075 0.002227 0.001841 0.001671 0.001598 0.001568 0.001556 0.001551 0.001549 0.001548 0.001547 0.001546 0.001544 0.001540 0.001534 0.001524 0.001508 0.001483 0.001445 0.001390 0.001313 0.001210 0.001076 0.000912 0.000717 0.000495 0.000253 0.000000 
50.000000 42.306961 34.899833 28.032681 21.901779 16.629952 12.263022 8.777408 6.095777 4.106566 2.683298 1.700664 1.045750 0.624186 0.361984 0.204325 0.112634 0.061028 0.032906 0.018060 0.010463 0.006693 0.004878 0.004030 0.003644 0.003474 0.003401 0.003371 0.003359 0.003353 0.003351 0.003350 0.003349 0.003346 0.003342 0.003335 0.003322 0.003301 0.003267 0.003213 0.003131 0.003013 0.002847 0.002624 0.002337 0.001980 0.001557 0.001075 0.000549 0.000000 
50.000000 42.307541 34.900973 28.034339 21.903899 16.632470 12.265869 8.780516 6.099087 4.110025 2.686864 1.704303 1.049438 0.627905 0.365723 0.208076 0.116391 0.064789 0.036669 0.021824 0.014228 0.010458 0.008643 0.007795 0.007410 0.007240 0.007167 0.007136 0.007124 0.007118 0.007116 0.007114 0.007111 0.007107 0.007099 0.007084 0.007057 0.007013 0.006941 0.006828 0.006657 0.006408 0.006058 0.005587 0.004978 0.004221 0.003320 0.002293 0.001172 0.000000 
50.000000 42.308713 34.903272 28.037683 21.908176 16.637548 12.271610 8.786786 6.105763 4.117002 2.694056 1.711644 1.056877 0.635408 0.373264 0.215641 0.123970 0.072376 0.044260 0.029417 0.021822 0.018053 0.016238 0.015390 0.015005 0.014835 0.014762 0.014731 0.014719 0.014713 0.014710 0.014707 0.014702 0.014693 0.014677 0.014646 0.014594 0.014504 0.014358 0.014128 0.013779 0.013269 0.012552 0.011583 0.010326 0.008761 0.006896 0.004765 0.002435 0.000000 
50.000000 42.311002 34.907764 28.044218 21.916533 16.647471 12.282830 8.799040 6.118811 4.130639 2.708114 1.725991 1.071417 0.650072 0.388006 0.230429 0.138785 0.087206 0.059098 0.044259 0.036666 0.032899 0.031084 0.030236 0.029851 0.029681 0.029608 0.029578 0.029565 0.029559 0.029555 0.029550 0.029540 0.029523 0.029491 0.029432 0.029328 0.029153 0.028866 0.028413 0.027723 0.026710 0.025282 0.023346 0.020827 0.017684 0.013927 0.009628 0.004923 0.000000 
50.000000 42.315337 34.916273 28.056595 21.932362 16.666267 12.304081 8.822250 6.143527 4.156470 2.734742 1.753169 1.098961 0.677851 0.415931 0.258441 0.166848 0.115297 0.087205 0.072375 0.064786 0.061020 0.059207 0.058360 0.057975 0.057805 0.057732 0.057701 0.057688 0.057681 0.057675 0.057666 0.057649 0.057616 0.057555 0.057445 0.057249 0.056917 0.056371 0.055505 0.054182 0.052234 0.049476 0.045724 0.040825 0.034693 0.027343 0.018914 0.009675 0.000000 
50.000000 42.323291 34.931884 28.079303 21.961404 16.700753 12.343074 8.864837 6.188877 4.203868 2.783604 1.803040 1.149504 0.728826 0.467174 0.309846 0.218346 0.166848 0.138784 0.123969 0.116388 0.112626 0.110814 0.109968 0.109583 0.109413 0.109340 0.109309 0.109295 0.109287 0.109278 0.109262 0.109232 0.109173 0.109062 0.108860 0.108503 0.107894 0.106889 0.105289 0.102833 0.099203 0.094041 0.086990 0.077746 0.066133 0.052168 0.036112 0.018480 0.000000 
50.000000 42.337420 34.959616 28.119643 22.012998 16.762019 12.412347 8.940498 6.269448 4.288079 2.870416 1.891647 1.239306 0.819396 0.558221 0.401179 0.309846 0.258441 0.230429 0.215640 0.208073 0.204317 0.202509 0.201664 0.201280 0.201111 0.201037 0.201006 0.200991 0.200980 0.200966 0.200939 0.200886 0.200783 0.200590 0.200234 0.199605 0.198526 0.196738 0.193879 0.189470 0.182923 0.173569 0.160728 0.143817 0.122477 0.096716 0.067007 0.034310 0.000000 
50.000000 42.361710 35.007291 28.188995 22.101696 16.867347 12.531445 9.070580 6.407975 4.432866 3.019679 2.043997 1.393712 0.975123 0.714770 0.558221 0.467174 0.415931 0.388006 0.373263 0.365720 0.361976 0.360174 0.359331 0.358948 0.358779 0.358706 0.358673 0.358657 0.358642 0.358619 0.358575 0.358486 0.358314 0.357987 0.357385 0.356314 0.354469 0.351400 0.346468 0.338823 0.327407 0.311005 0.288363 0.258377 0.220346 0.174225 0.120833 0.061913 0.000000 
50.000000 42.402100 35.086567 28.304315 22.249190 17.042496 12.729494 9.286899 6.638343 4.673648 3.267907 2.297363 1.650498 1.234110 0.975123 0.819396 0.728826 0.677851 0.650072 0.635407 0.627902 0.624178 0.622385 0.621547 0.621166 0.620997 0.620924 0.620891 0.620871 0.620851 0.620815 0.620744 0.620602 0.620323 0.619791 0.618810 0.617055 0.614019 0.608941 0.600735 0.587941 0.568718 0.540919 0.502291 0.450805 0.385100 0.304974 0.211787 0.108609 0.000000 
50.000000 42.467027 35.214004 28.489698 22.486294 17.324064 13.047881 9.634662 7.008697 5.060751 3.666987 2.704706 2.063346 1.650498 1.393712 1.239306 1.149504 1.098961 1.071417 1.056876 1.049435 1.045742 1.043964 1.043133 1.042755 1.042588 1.042514 1.042479 1.042456 1.042427 1.042374 1.042265 1.042044 1.041610 1.040780 1.039242 1.036479 1.031673 1.023588 1.010443 0.989811 0.958590 0.913105 0.849417 0.763871 0.653885 0.518846 0.360893 0.185273 0.000000 
50.000000 42.567878 35.411952 28.777656 22.854598 17.761441 13.542458 10.174882 7.584018 5.662099 4.286948 3.337512 2.704706 2.297363 2.043997 1.891647 1.803040 1.753169 1.725991 1.711643 1.704300 1.700657 1.698902 1.698082 1.697709 1.697543 1.697470 1.697433 1.697405 1.697365 1.697287 1.697125 1.696798 1.696152 1.694910 1.692597 1.688422 1.681119 1.668756 1.648517 1.616514 1.567693 1.495952 1.394590 1.257185 1.078923 0.858208 0.598176 0.307516 0.000000 
50.000000 42.719173 35.708913 29.209652 23.407136 18.417611 14.284455 10.985366 8.447177 6.564319 5.217105 4.286948 3.666987 3.267907 3.019679 2.870416 2.783604 2.734742 2.708113 2.694055 2.686861 2.683291 2.681571 2.680768 2.680402 2.680239 2.680166 2.680127 2.680093 2.680038 2.679929 2.679701 2.679237 2.678315 2.676538 2.673211 2.667172 2.656545 2.638431 2.608552 2.560908 2.487554 2.378684 2.223224 2.010151 1.730648 1.380925 0.965100 0.497057 0.000000 
50.000000 42.938283 36.138983 29.835289 24.207356 19.367931 15.359089 12.159207 9.697325 7.871055 6.564319 5.662099 5.060751 4.673648 4.432866 4.288079 4.203868 4.156470 4.130639 4.117001 4.110022 4.106559 4.104891 4.104111 4.103756 4.103597 4.103524 4.103483 4.103442 4.103371 4.103224 4.102917 4.102288 4.101036 4.098609 4.094043 4.085707 4.070940 4.045585 4.003411 3.935528 3.829918 3.671364 3.442109 3.123695 2.700276 2.163387 1.517349 0.783428 0.000000 
50.000000 43.244482 36.739994 30.709607 25.325661 20.696015 16.860924 13.799707 11.444487 9.697325 8.447177 7.584018 7.008697 6.638343 6.407975 6.269448 6.188877 6.143527 6.118811 6.105762 6.099084 6.095770 6.094174 6.093427 6.093087 6.092935 6.092864 6.092820 6.092771 6.092682 6.092495 6.092101 6.091293 6.089675 6.086525 6.080568 6.069625 6.050107 6.016325 5.959623 5.867406 5.722244 5.501402 5.177354 4.720008 4.101459 3.303677 2.328422 1.206396 0.000000 
50.000000 43.657220 37.550124 31.888148 26.833099 22.486247 18.885390 16.011117 13.799707 12.159207 10.985366 10.174882 9.634662 9.286899 9.070580 8.940498 8.864837 8.822250 8.799039 8.786785 8.780514 8.777401 8.775902 8.775201 8.774881 8.774737 8.774668 8.774623 8.774567 8.774460 8.774235 8.773758 8.772774 8.770796 8.766929 8.759574 8.745980 8.721557 8.678930 8.606682 8.487843 8.298304 8.005559 7.568529 6.939673 6.071007 4.925666 3.495387 1.820273 0.000000 
50.000000 44.193650 38.603044 33.419898 28.792331 24.813048 21.516656 18.885390 16.860924 15.359089 14.284455 13.542458 13.047881 12.729494 12.531445 12.412347 12.343074 12.304081 12.282829 12.271609 12.265866 12.263016 12.261644 12.261001 12.260708 12.260576 12.260511 12.260465 12.260404 12.260284 12.260027 12.259484 12.258357 12.256084 12.251619 12.243082 12.227202 12.198464 12.147869 12.061231 11.916980 11.683570 11.316861 10.758328 9.935719 8.769022 7.185799 5.149976 2.703000 0.000000 
50.000000 44.865658 39.922083 35.338797 31.246773 27.727989 24.813048 22.486247 20.696015 19.367931 18.417611 17.761441 17.324064 17.042496 16.867347 16.762019 16.700753 16.666267 16.647471 16.637547 16.632468 16.629947 16.628733 16.628164 16.627905 16.627787 16.627728 16.627684 16.627621 16.627494 16.627222 16.626644 16.625442 16.623007 16.618202 16.608970 16.591691 16.560193 16.504256 16.407460 16.244236 15.976007 15.546574 14.877329 13.863995 12.378773 10.285682 7.481837 3.977327 0.000000 
50.000000 45.676859 41.514340 37.655175 34.209645 31.246773 28.792331 26.833099 25.325661 24.207356 23.407136 22.854598 22.486294 22.249190 22.101696 22.012998 21.961404 21.932362 21.916533 21.908175 21.903897 21.901774 21.900752 21.900273 21.900054 21.899954 21.899903 21.899863 21.899803 21.899680 21.899415 21.898849 21.897669 21.895271 21.890521 21.881350 21.864090 21.832409 21.775675 21.676487 21.507080 21.224202 20.762093 20.023309 18.868000 17.104823 14.493800 10.787582 5.863666 0.000000 
50.000000 46.620198 43.365964 40.348886 37.655175 35.338797 33.419898 31.888148 30.709607 29.835289 29.209652 28.777656 28.489698 28.304315 28.188995 28.119643 28.079303 28.056595 28.044218 28.037682 28.034338 28.032677 28.031878 28.031503 28.031332 28.031254 28.031213 28.031179 28.031127 28.031020 28.030788 28.030291 28.029252 28.027135 28.022927 28.014770 27.999341 27.970852 27.919448 27.828726 27.671902 27.405929 26.962483 26.234099 25.053114 23.161376 20.174443 15.570393 8.821891 0.000000 
50.000000 47.676776 45.439863 43.365964 41.514340 39.922083 38.603044 37.550124 36.739994 36.138983 35.708913 35.411952 35.214004 35.086567 35.007291 34.959616 34.931884 34.916273 34.907764 34.903271 34.900972 34.899830 34.899281 34.899023 34.898905 34.898851 34.898823 34.898799 34.898760 34.898681 34.898507 34.898136 34.897359 34.895772 34.892609 34.886458 34.874780 34.853111 34.813776 34.743814 34.621634 34.411571 34.054737 33.453068 32.440245 30.726758 27.795571 22.719932 13.966744 0.000000 
50.000000 48.816402 47.676776 46.620198 45.676859 44.865658 44.193650 43.657220 43.244482 42.938283 42.719173 42.567878 42.467027 42.402100 42.361710 42.337420 42.323291 42.315337 42.311002 42.308712 42.307541 42.306959 42.306679 42.306548 42.306488 42.306460 42.306446 42.306433 42.306413 42.306370 42.306277 42.306079 42.305662 42.304810 42.303110 42.299797 42.293491 42.281754 42.260362 42.222116 42.154855 42.038086 41.836948 41.490651 40.888331 39.813194 37.798307 33.710032 24.408201 0.000000 
50.000000 50.000000 50.000000 50.000000 50.000000 50.000000 50.000000 50.000000 50.000000 50.000000 50.000000 50.000000 50.000000 50.000000 50.000000 50.000000 50.000000 50.000000 50.000000 50.000000 50.000000 50.000000 50.000000 50.000000 50.000000 50.000000 50.000000 50.000000 50.000000 50.000000 50.000000 50.000000 50.000000 50.000000 50.000000 50.000000 50.000000 50.000000 50.000000 50.000000 50.000000 50.000000 50.000000 50.000000 50.000000 50.000000 50.000000 50.000000 50.000000 50.000000 
