50.000000 50.000000 50.000000 50.000000 50.000000 50.000000 50.000000 50.000000 50.000000 50.000000 50.000000 50.000000 50.000000 50.000000 50.000000 50.000000 50.000000 50.000000 50.000000 50.000000 50.000000 50.000000 50.000000 50.000000 50.000000 50.000000 50.000000 50.000000 50.000000 50.000000 50.000000 50.000000 50.000000 50.000000 50.000000 50.000000 50.000000 50.000000 50.000000 50.000000 50.000000 50.000000 50.000000 50.000000 50.000000 50.000000 50.000000 50.000000 50.000000 50.000000 
50.000000 48.231137 46.560432 45.069727 43.812745 42.810569 42.054545 41.514462 41.148761 40.913808 40.770424 40.687212 40.641232 40.617014 40.604839 40.598990 40.596302 40.595118 40.594619 40.594416 40.594337 40.594308 40.594297 40.594293 40.594292 40.594292 40.594292 40.594291 40.594291 40.594289 40.594285 40.594272 40.594237 40.594145 40.593913 40.593343 40.591995 40.588912 40.582090 40.567470 40.537072 40.475565 40.353925 40.117245 39.659629 38.767186 36.972704 33.138317 24.115569 0.000000 
50.000000 46.560432 43.311739 40.413068 37.968883 36.020179 34.550124 33.499966 32.788892 32.332053 32.053264 31.891471 31.802074 31.754987 31.731316 31.719945 31.714719 31.712418 31.711447 31.711053 31.710900 31.710842 31.710822 31.710814 31.710812 31.710811 31.710811 31.710810 31.710809 31.710807 31.710798 31.710775 31.710712 31.710546 31.710127 31.709103 31.706686 31.701173 31.689025 31.663134 31.609690 31.502633 31.293933 30.896458 30.153123 28.779803 26.258927 21.655870 13.422115 0.000000 
50.000000 45.069727 40.413068 36.258150 32.754717 29.961525 27.854438 26.349231 25.330056 24.675287 24.275719 24.043839 23.915720 23.848239 23.814316 23.798021 23.790532 23.787236 23.785844 23.785280 23.785060 23.784978 23.784948 23.784938 23.784934 23.784933 23.784933 23.784932 23.784931 23.784927 23.784917 23.784887 23.784807 23.784597 23.784068 23.782780 23.779749 23.772873 23.757813 23.725968 23.660910 23.532375 23.286475 22.830268 22.008342 20.569671 18.129075 14.154140 8.097023 0.000000 
50.000000 43.812745 37.968883 32.754717 28.358172 24.852975 22.208822 20.319999 19.041107 18.219505 17.718142 17.427198 17.266449 17.181785 17.139226 17.118783 17.109389 17.105253 17.103508 17.102800 17.102525 17.102421 17.102384 17.102371 17.102367 17.102365 17.102365 17.102364 17.102363 17.102359 17.102348 17.102316 17.102231 17.102011 17.101455 17.100107 17.096953 17.089839 17.074375 17.041982 16.976591 16.849370 16.610829 16.179869 15.430407 14.179086 12.185046 9.189080 5.045559 0.000000 
50.000000 42.810569 36.020179 29.961525 24.852975 20.780188 17.707932 15.513347 14.027468 13.072919 12.490446 12.152446 11.965705 11.867355 11.817919 11.794174 11.783262 11.778459 11.776432 11.775610 11.775290 11.775170 11.775127 11.775112 11.775107 11.775105 11.775105 11.775104 11.775103 11.775099 11.775089 11.775059 11.774980 11.774776 11.774263 11.773024 11.770141 11.763683 11.749757 11.720877 11.663296 11.552996 11.350180 10.992695 10.390094 9.422568 7.953184 5.867055 3.150941 0.000000 
50.000000 42.054545 34.550124 27.854438 22.208822 17.707932 14.312807 11.887647 10.245696 9.190917 8.547303 8.173837 7.967510 7.858849 7.804233 7.778000 7.765946 7.760640 7.758401 7.757493 7.757140 7.757008 7.756960 7.756943 7.756938 7.756936 7.756935 7.756935 7.756933 7.756930 7.756921 7.756897 7.756831 7.756659 7.756232 7.755205 7.752829 7.747542 7.736237 7.713025 7.667303 7.581005 7.425154 7.156404 6.715237 6.028954 5.024170 3.653665 1.937301 0.000000 
50.000000 41.514462 33.499966 26.349231 20.319999 15.513347 11.887647 9.297841 7.544461 6.418132 5.730881 5.332107 5.111805 4.995789 4.937478 4.909473 4.896604 4.890940 4.888550 4.887581 4.887204 4.887063 4.887012 4.886994 4.886988 4.886986 4.886985 4.886985 4.886984 4.886982 4.886975 4.886956 4.886905 4.886773 4.886447 4.885667 4.883873 4.879909 4.871501 4.854402 4.821105 4.759104 4.648920 4.462493 4.163166 3.709170 3.062756 2.206034 1.160537 0.000000 
50.000000 41.148761 32.788892 25.330056 19.041107 14.027468 10.245696 7.544461 5.715681 4.540943 3.824175 3.408286 3.178536 3.057549 2.996741 2.967537 2.954119 2.948213 2.945721 2.944711 2.944318 2.944170 2.944117 2.944099 2.944092 2.944090 2.944090 2.944089 2.944089 2.944087 2.944082 2.944068 2.944032 2.943939 2.943709 2.943161 2.941907 2.939156 2.933366 2.921696 2.899207 2.857840 2.785357 2.664691 2.474472 2.191737 1.797681 1.286259 0.673196 0.000000 
50.000000 40.913808 32.332053 24.675287 18.219505 13.072919 9.190917 6.418132 4.540943 3.335135 2.599425 2.172554 1.936744 1.812569 1.750161 1.720190 1.706419 1.700358 1.697801 1.696764 1.696361 1.696210 1.696155 1.696136 1.696130 1.696128 1.696127 1.696127 1.696126 1.696125 1.696122 1.696113 1.696089 1.696027 1.695876 1.695517 1.694701 1.692920 1.689200 1.681763 1.667567 1.641736 1.597026 1.523613 1.409623 1.242915 1.014377 0.722363 0.376736 0.000000 
50.000000 40.770424 32.053264 24.275719 17.718142 12.490446 8.547303 5.730881 3.824175 2.599425 1.852169 1.418608 1.179106 1.052990 0.989608 0.959169 0.945184 0.939029 0.936432 0.935379 0.934969 0.934816 0.934760 0.934741 0.934735 0.934733 0.934732 0.934732 0.934731 0.934731 0.934728 0.934723 0.934708 0.934670 0.934577 0.934356 0.933858 0.932778 0.930535 0.926085 0.917661 0.902479 0.876478 0.834279 0.769570 0.676160 0.549751 0.390129 0.202954 0.000000 
50.000000 40.687212 31.891471 24.043839 17.427198 12.152446 8.173837 5.332107 3.408286 2.172554 1.418608 0.981170 0.739530 0.612290 0.548344 0.517635 0.503526 0.497316 0.494696 0.493634 0.493221 0.493066 0.493010 0.492991 0.492984 0.492982 0.492981 0.492981 0.492981 0.492980 0.492979 0.492976 0.492967 0.492945 0.492891 0.492764 0.492478 0.491860 0.490585 0.488073 0.483355 0.474920 0.460606 0.437601 0.402689 0.352822 0.286027 0.202446 0.105122 0.000000 
50.000000 40.641232 31.802074 23.915720 17.266449 11.965705 7.967510 5.111805 3.178536 1.936744 1.179106 0.739530 0.496712 0.368851 0.304595 0.273737 0.259559 0.253320 0.250687 0.249620 0.249205 0.249049 0.248993 0.248974 0.248967 0.248965 0.248964 0.248964 0.248964 0.248964 0.248963 0.248961 0.248956 0.248944 0.248914 0.248845 0.248690 0.248356 0.247671 0.246329 0.243824 0.239379 0.231895 0.219968 0.202022 0.176609 0.142847 0.100901 0.052320 0.000000 
50.000000 40.617014 31.754987 23.848239 17.181785 11.867355 7.858849 4.995789 3.057549 1.812569 1.052990 0.612290 0.368851 0.240666 0.176246 0.145310 0.131096 0.124842 0.122202 0.121133 0.120716 0.120560 0.120504 0.120484 0.120478 0.120475 0.120475 0.120475 0.120475 0.120474 0.120474 0.120473 0.120471 0.120464 0.120449 0.120413 0.120333 0.120162 0.119812 0.119132 0.117869 0.115641 0.111916 0.106020 0.097214 0.084832 0.068490 0.048301 0.025018 0.000000 
50.000000 40.604839 31.731316 23.814316 17.139226 11.817919 7.804233 4.937478 2.996741 1.750161 0.989608 0.548344 0.304595 0.176246 0.111744 0.080769 0.066537 0.060275 0.057632 0.056561 0.056144 0.055988 0.055931 0.055912 0.055905 0.055903 0.055902 0.055902 0.055902 0.055902 0.055902 0.055901 0.055900 0.055897 0.055890 0.055872 0.055833 0.055749 0.055580 0.055251 0.054644 0.053580 0.051811 0.049028 0.044895 0.039119 0.031537 0.022213 0.011496 0.000000 
50.000000 40.598990 31.719945 23.798021 17.118783 11.794174 7.778000 4.909473 2.967537 1.720190 0.959169 0.517635 0.273737 0.145310 0.080769 0.049775 0.035535 0.029268 0.026624 0.025552 0.025135 0.024979 0.024923 0.024903 0.024896 0.024894 0.024894 0.024893 0.024893 0.024893 0.024893 0.024893 0.024892 0.024891 0.024887 0.024879 0.024861 0.024822 0.024744 0.024592 0.024314 0.023829 0.023025 0.021768 0.019911 0.017328 0.013953 0.009818 0.005077 0.000000 
50.000000 40.596302 31.714719 23.790532 17.109389 11.783262 7.765946 4.896604 2.954119 1.706419 0.945184 0.503526 0.259559 0.131096 0.066537 0.035535 0.021291 0.015023 0.012378 0.011306 0.010889 0.010732 0.010676 0.010656 0.010650 0.010648 0.010647 0.010647 0.010647 0.010647 0.010647 0.010647 0.010646 0.010646 0.010644 0.010640 0.010632 0.010615 0.010580 0.010514 0.010392 0.010180 0.009831 0.009287 0.008487 0.007378 0.005935 0.004173 0.002157 0.000000 
50.000000 40.595118 31.712418 23.787236 17.105253 11.778459 7.760640 4.890940 2.948213 1.700358 0.939029 0.497316 0.253320 0.124842 0.060275 0.029268 0.015023 0.008754 0.006108 0.005037 0.004619 0.004463 0.004407 0.004387 0.004380 0.004378 0.004377 0.004377 0.004377 0.004377 0.004377 0.004377 0.004377 0.004377 0.004376 0.004374 0.004371 0.004364 0.004349 0.004321 0.004270 0.004181 0.004036 0.003810 0.003479 0.003022 0.002429 0.001706 0.000882 0.000000 
50.000000 40.594619 31.711447 23.785844 17.103508 11.776432 7.758401 4.888550 2.945721 1.697801 0.936432 0.494696 0.250687 0.122202 0.057632 0.026624 0.012378 0.006108 0.003463 0.002391 0.001974 0.001817 0.001761 0.001741 0.001735 0.001732 0.001732 0.001732 0.001731 0.001731 0.001731 0.001731 0.001731 0.001731 0.001731 0.001730 0.001729 0.001726 0.001720 0.001709 0.001688 0.001652 0.001594 0.001504 0.001373 0.001191 0.000957 0.000672 0.000347 0.000000 
50.000000 40.594416 31.711053 23.785280 17.102800 11.775610 7.757493 4.887581 2.944711 1.696764 0.935379 0.493634 0.249620 0.121133 0.056561 0.025552 0.011306 0.005037 0.002391 0.001319 0.000902 0.000745 0.000689 0.000669 0.000663 0.000660 0.000660 0.000660 0.000660 0.000659 0.000659 0.000659 0.000659 0.000659 0.000659 0.000659 0.000659 0.000657 0.000655 0.000651 0.000643 0.000629 0.000607 0.000572 0.000522 0.000453 0.000363 0.000255 0.000132 0.000000 
50.000000 40.594337 31.710900 23.785060 17.102525 11.775290 7.757140 4.887204 2.944318 1.696361 0.934969 0.493221 0.249205 0.120716 0.056144 0.025135 0.010889 0.004619 0.001974 0.000902 0.000484 0.000328 0.000271 0.000252 0.000245 0.000243 0.000242 0.000242 0.000242 0.000242 0.000242 0.000242 0.000242 0.000242 0.000242 0.000242 0.000242 0.000241 0.000240 0.000239 0.000236 0.000231 0.000222 0.000210 0.000191 0.000166 0.000133 0.000093 0.000048 0.000000 
50.000000 40.594308 31.710842 23.784978 17.102421 11.775170 7.757008 4.887063 2.944170 1.696210 0.934816 0.493066 0.249049 0.120560 0.055988 0.024979 0.010732 0.004463 0.001817 0.000745 0.000328 0.000171 0.000115 0.000095 0.000089 0.000087 0.000086 0.000086 0.000086 0.000086 0.000086 0.000086 0.000086 0.000086 0.000086 0.000086 0.000086 0.000085 0.000085 0.000085 0.000083 0.000082 0.000079 0.000074 0.000068 0.000059 0.000047 0.000033 0.000017 0.000000 
50.000000 40.594297 31.710822 23.784948 17.102384 11.775127 7.756960 4.887012 2.944117 1.696155 0.934760 0.493010 0.248993 0.120504 0.055932 0.024923 0.010676 0.004407 0.001761 0.000689 0.000271 0.000115 0.000059 0.000039 0.000032 0.000030 0.000030 0.000029 0.000029 0.000029 0.000029 0.000029 0.000029 0.000029 0.000029 0.000029 0.000029 0.000029 0.000029 0.000029 0.000029 0.000028 0.000027 0.000025 0.000023 0.000020 0.000016 0.000011 0.000006 0.000000 
50.000000 40.594294 31.710815 23.784938 17.102371 11.775112 7.756943 4.886994 2.944099 1.696136 0.934741 0.492991 0.248974 0.120484 0.055912 0.024903 0.010657 0.004387 0.001741 0.000669 0.000252 0.000096 0.000039 0.000020 0.000013 0.000011 0.000010 0.000010 0.000010 0.000010 0.000010 0.000010 0.000010 0.000010 0.000010 0.000010 0.000010 0.000010 0.000010 0.000010 0.000010 0.000009 0.000009 0.000009 0.000008 0.000007 0.000005 0.000004 0.000002 0.000000 
50.000000 40.594292 31.710812 23.784935 17.102367 11.775108 7.756938 4.886989 2.944093 1.696131 0.934736 0.492985 0.248968 0.120479 0.055906 0.024897 0.010651 0.004381 0.001735 0.000664 0.000246 0.000090 0.000033 0.000014 0.000007 0.000005 0.000004 0.000004 0.000004 0.000004 0.000004 0.000004 0.000004 0.000004 0.000004 0.000004 0.000004 0.000004 0.000004 0.000004 0.000004 0.000004 0.000004 0.000003 0.000003 0.000003 0.000002 0.000002 0.000001 0.000000 
50.000000 40.594292 31.710812 23.784935 17.102367 11.775108 7.756938 4.886989 2.944093 1.696131 0.934736 0.492985 0.248968 0.120479 0.055906 0.024897 0.010651 0.004381 0.001735 0.000664 0.000246 0.000090 0.000033 0.000014 0.000007 0.000005 0.000004 0.000004 0.000004 0.000004 0.000004 0.000004 0.000004 0.000004 0.000004 0.000004 0.000004 0.000004 0.000004 0.000004 0.000004 0.000004 0.000004 0.000003 0.000003 0.000003 0.000002 0.000002 0.000001 0.000000 
50.000000 40.594294 31.710815 23.784938 17.102371 11.775112 7.756943 4.886994 2.944099 1.696136 0.934741 0.492991 0.248974 0.120484 0.055912 0.024903 0.010657 0.004387 0.001741 0.000669 0.000252 0.000096 0.000039 0.000020 0.000013 0.000011 0.000010 0.000010 0.000010 0.000010 0.000010 0.000010 0.000010 0.000010 0.000010 0.000010 0.000010 0.000010 0.000010 0.000010 0.000010 0.000009 0.000009 0.000009 0.000008 0.000007 0.000005 0.000004 0.000002 0.000000 
50.000000 40.594297 31.710822 23.784948 17.102384 11.775127 7.756960 4.887012 2.944117 1.696155 0.934760 0.493010 0.248993 0.120504 0.055932 0.024923 0.010676 0.004407 0.001761 0.000689 0.000271 0.000115 0.000059 0.000039 0.000032 0.000030 0.000030 0.000029 0.000029 0.000029 0.000029 0.000029 0.000029 0.000029 0.000029 0.000029 0.000029 0.000029 0.000029 0.000029 0.000029 0.000028 0.000027 0.000025 0.000023 0.000020 0.000016 0.000011 0.000006 0.000000 
50.000000 40.594308 31.710842 23.784978 17.102421 11.775170 7.757008 4.887063 2.944170 1.696210 0.934816 0.493066 0.249049 0.120560 0.055988 0.024979 0.010732 0.004463 0.001817 0.000745 0.000328 0.000171 0.000115 0.000095 0.000089 0.000087 0.000086 0.000086 0.000086 0.000086 0.000086 0.000086 0.000086 0.000086 0.000086 0.000086 0.000086 0.000085 0.000085 0.000085 0.000083 0.000082 0.000079 0.000074 0.000068 0.000059 0.000047 0.000033 0.000017 0.000000 
50.000000 40.594337 31.710900 23.785060 17.102525 11.775290 7.757140 4.887204 2.944318 1.696361 0.934969 0.493221 0.249205 0.120716 0.056144 0.025135 0.010889 0.004619 0.001974 0.000902 0.000484 0.000328 0.000271 0.000252 0.000245 0.000243 0.000242 0.000242 0.000242 0.000242 0.000242 0.000242 0.000242 0.000242 0.000242 0.000242 0.000242 0.000241 0.000240 0.000239 0.000236 0.000231 0.000222 0.000210 0.000191 0.000166 0.000133 0.000093 0.000048 0.000000 
50.000000 40.594416 31.711053 23.785280 17.102800 11.775610 7.757493 4.887581 2.944711 1.696764 0.935379 0.493634 0.249620 0.121133 0.056561 0.025552 0.011306 0.005037 0.002391 0.001319 0.000902 0.000745 0.000689 0.000669 0.000663 0.000660 0.000660 0.000660 0.000660 0.000659 0.000659 0.000659 0.000659 0.000659 0.000659 0.000659 0.000659 0.000657 0.000655 0.000651 0.000643 0.000629 0.000607 0.000572 0.000522 0.000453 0.000363 0.000255 0.000132 0.000000 
50.000000 40.594619 31.711447 23.785844 17.103508 11.776432 7.758401 4.888550 2.945721 1.697801 0.936432 0.494696 0.250687 0.122202 0.057632 0.026624 0.012378 0.006108 0.003463 0.002391 0.001974 0.001817 0.001761 0.001741 0.001735 0.001732 0.001732 0.001732 0.001731 0.001731 0.001731 0.001731 0.001731 0.001731 0.001731 0.001730 0.001729 0.001726 0.001720 0.001709 0.001688 0.001652 0.001594 0.001504 0.001373 0.001191 0.000957 0.000672 0.000347 0.000000 
50.000000 40.595118 31.712418 23.787236 17.105253 11.778459 7.760640 4.890940 2.948213 1.700358 0.939029 0.497316 0.253320 0.124842 0.060275 0.029268 0.015023 0.008754 0.006108 0.005037 0.004619 0.004463 0.004407 0.004387 0.004380 0.004378 0.004377 0.004377 0.004377 0.004377 0.004377 0.004377 0.004377 0.004377 0.004376 0.004374 0.004371 0.004364 0.004349 0.004321 0.004270 0.004181 0.004036 0.003810 0.003479 0.003022 0.002429 0.001706 0.000882 0.000000 
50.000000 40.596302 31.714719 23.790532 17.109389 11.783262 7.765946 4.896604 2.954119 1.706419 0.945184 0.503526 0.259559 0.131096 0.066537 0.035535 0.021291 0.015023 0.012378 0.011306 0.010889 0.010732 0.010676 0.010656 0.010650 0.010648 0.010647 0.010647 0.010647 0.010647 0.010647 0.010647 0.010646 0.010646 0.010644 0.010640 0.010632 0.010615 0.010580 0.010514 0.010392 0.010180 0.009831 0.009287 0.008487 0.007378 0.005935 0.004173 0.002157 0.000000 
50.000000 40.598990 31.719945 23.798021 17.118783 11.794174 7.778000 4.909473 2.967537 1.720190 0.959169 0.517635 0.273737 0.145310 0.080769 0.049775 0.035535 0.029268 0.026624 0.025552 0.025135 0.024979 0.024923 0.024903 0.024896 0.024894 0.024894 0.024893 0.024893 0.024893 0.024893 0.024893 0.024892 0.024891 0.024887 0.024879 0.024861 0.024822 0.024744 0.024592 0.024314 0.023829 0.023025 0.021768 0.019911 0.017328 0.013953 0.009818 0.005077 0.000000 
50.000000 40.604839 31.731316 23.814316 17.139226 11.817919 7.804233 4.937478 2.996741 1.750161 0.989608 0.548344 0.304595 0.176246 0.111744 0.080769 0.066537 0.060275 0.057632 0.056561 0.056144 0.055988 0.055931 0.055912 0.055905 0.055903 0.055902 0.055902 0.055902 0.055902 0.055902 0.055901 0.055900 0.055897 0.055890 0.055872 0.055833 0.055749 0.055580 0.055251 0.054644 0.053580 0.051811 0.049028 0.044895 0.039119 0.031537 0.022213 0.011496 0.000000 
50.000000 40.617014 31.754987 23.848239 17.181785 11.867355 7.858849 4.995789 3.057549 1.812569 1.052990 0.612290 0.368851 0.240666 0.176246 0.145310 0.131096 0.124842 0.122202 0.121133 0.120716 0.120560 0.120504 0.120484 0.120478 0.120475 0.120475 0.120475 0.120475 0.120474 0.120474 0.120473 0.120471 0.120464 0.120449 0.120413 0.120333 0.120162 0.119812 0.119132 0.117869 0.115641 0.111916 0.106020 0.097214 0.084832 0.068490 0.048301 0.025018 0.000000 
50.000000 40.641232 31.802074 23.915720 17.266449 11.965705 7.967510 5.111805 3.178536 1.936744 1.179106 0.739530 0.496712 0.368851 0.304595 0.273737 0.259559 0.253320 0.250687 0.249620 0.249205 0.249049 0.248993 0.248974 0.248967 0.248965 0.248964 0.248964 0.248964 0.248964 0.248963 0.248961 0.248956 0.248944 0.248914 0.248845 0.248690 0.248356 0.247671 0.246329 0.243824 0.239379 0.231895 0.219968 0.202022 0.176609 0.142847 0.100901 0.052320 0.000000 
50.000000 40.687212 31.891471 24.043839 17.427198 12.152446 8.173837 5.332107 3.408286 2.172554 1.418608 0.981170 0.739530 0.612290 0.548344 0.517635 0.503526 0.497316 0.494696 0.493634 0.493221 0.493066 0.493010 0.492991 0.492984 0.492982 0.492981 0.492981 0.492981 0.492980 0.492979 0.492976 0.492967 0.492945 0.492891 0.492764 0.492478 0.491860 0.490585 0.488073 0.483355 0.474920 0.460606 0.437601 0.402689 0.352822 0.286027 0.202446 0.105122 0.000000 
50.000000 40.770424 32.053264 24.275719 17.718142 12.490446 8.547303 5.730881 3.824175 2.599425 1.852169 1.418608 1.179106 1.052990 0.989608 0.959169 0.945184 0.939029 0.936432 0.935379 0.934969 0.934816 0.934760 0.934741 0.934735 0.934733 0.934732 0.934732 0.934731 0.934731 0.934728 0.934723 0.934708 0.934670 0.934577 0.934356 0.933858 0.932778 0.930535 0.926085 0.917661 0.902479 0.876478 0.834279 0.769570 0.676160 0.549751 0.390129 0.202954 0.000000 
50.000000 40.913808 32.332053 24.675287 18.219505 13.072919 9.190917 6.418132 4.540943 3.335135 2.599425 2.172554 1.936744 1.812569 1.750161 1.720190 1.706419 1.700358 1.697801 1.696764 1.696361 1.696210 1.696155 1.696136 1.696130 1.696128 1.696127 1.696127 1.696126 1.696125 1.696122 1.696113 1.696089 1.696027 1.695876 1.695517 1.694701 1.692920 1.689200 1.681763 1.667567 1.641736 1.597026 1.523613 1.409623 1.242915 1.014377 0.722363 0.376736 0.000000 
50.000000 41.148761 32.788892 25.330056 19.041107 14.027468 10.245696 7.544461 5.715681 4.540943 3.824175 3.408286 3.178536 3.057549 2.996741 2.967537 2.954119 2.948213 2.945721 2.944711 2.944318 2.944170 2.944117 2.944099 2.944092 2.944090 2.944090 2.944089 2.944089 2.944087 2.944082 2.944068 2.944032 2.943939 2.943709 2.943161 2.941907 2.939156 2.933366 2.921696 2.899207 2.857840 2.785357 2.664691 2.474472 2.191737 1.797681 1.286259 0.673196 0.000000 
50.000000 41.514462 33.499966 26.349231 20.319999 15.513347 11.887647 9.297841 7.544461 6.418132 5.730881 5.332107 5.111805 4.995789 4.937478 4.909473 4.896604 4.890940 4.888550 4.887581 4.887204 4.887063 4.887012 4.886994 4.886988 4.886986 4.886985 4.886985 4.886984 4.886982 4.886975 4.886956 4.886905 4.886773 4.886447 4.885667 4.883873 4.879909 4.871501 4.854402 4.821105 4.759104 4.648920 4.462493 4.163166 3.709170 3.062756 2.206034 1.160537 0.000000 
50.000000 42.054545 34.550124 27.854438 22.208822 17.707932 14.312807 11.887647 10.245696 9.190917 8.547303 8.173837 7.967510 7.858849 7.804233 7.778000 7.765946 7.760640 7.758401 7.757493 7.757140 7.757008 7.756960 7.756943 7.756938 7.756936 7.756935 7.756935 7.756933 7.756930 7.756921 7.756897 7.756831 7.756659 7.756232 7.755205 7.752829 7.747542 7.736237 7.713025 7.667303 7.581005 7.425154 7.156404 6.715237 6.028954 5.024170 3.653665 1.937301 0.000000 
50.000000 42.810569 36.020179 29.961525 24.852975 20.780188 17.707932 15.513347 14.027468 13.072919 12.490446 12.152446 11.965705 11.867355 11.817919 11.794174 11.783262 11.778459 11.776432 11.775610 11.775290 11.775170 11.775127 11.775112 11.775107 11.775105 11.775105 11.775104 11.775103 11.775099 11.775089 11.775059 11.774980 11.774776 11.774263 11.773024 11.770141 11.763683 11.749757 11.720877 11.663296 11.552996 11.350180 10.992695 10.390094 9.422568 7.953184 5.867055 3.150941 0.000000 
50.000000 43.812745 37.968883 32.754717 28.358172 24.852975 22.208822 20.319999 19.041107 18.219505 17.718142 17.427198 17.266449 17.181785 17.139226 17.118783 17.109389 17.105253 17.103508 17.102800 17.102525 17.102421 17.102384 17.102371 17.102367 17.102365 17.102365 17.102364 17.102363 17.102359 17.102348 17.102316 17.102231 17.102011 17.101455 17.100107 17.096953 17.089839 17.074375 17.041982 16.976591 16.849370 16.610829 16.179869 15.430407 14.179086 12.185046 9.189080 5.045559 0.000000 
50.000000 45.069727 40.413068 36.258150 32.754717 29.961525 27.854438 26.349231 25.330056 24.675287 24.275719 24.043839 23.915720 23.848239 23.814316 23.798021 23.790532 23.787236 23.785844 23.785280 23.785060 23.784978 23.784948 23.784938 23.784934 23.784933 23.784933 23.784932 23.784931 23.784927 23.784917 23.784887 23.784807 23.784597 23.784068 23.782780 23.779749 23.772873 23.757813 23.725968 23.660910 23.532375 23.286475 22.830268 22.008342 20.569671 18.129075 14.154140 8.097023 0.000000 
50.000000 46.560432 43.311739 40.413068 37.968883 36.020179 34.550124 33.499966 32.788892 32.332053 32.053264 31.891471 31.802074 31.754987 31.731316 31.719945 31.714719 31.712418 31.711447 31.711053 31.710900 31.710842 31.710822 31.710814 31.710812 31.710811 31.710811 31.710810 31.710809 31.710807 31.710798 31.710775 31.710712 31.710546 31.710127 31.709103 31.706686 31.701173 31.689025 31.663134 31.609690 31.502633 31.293933 30.896458 30.153123 28.779803 26.258927 21.655870 13.422115 0.000000 
50.000000 48.231137 46.560432 45.069727 43.812745 42.810569 42.054545 41.514462 41.148761 40.913808 40.770424 40.687212 40.641232 40.617014 40.604839 40.598990 40.596302 40.595118 40.594619 40.594416 40.594337 40.594308 40.594297 40.594293 40.594292 40.594292 40.594292 40.594291 40.594291 40.594289 40.594285 40.594272 40.594237 40.594145 40.593913 40.593343 40.591995 40.588912 40.582090 40.567470 40.537072 40.475565 40.353925 40.117245 39.659629 38.767186 36.972704 33.138317 24.115569 0.000000 
50.000000 50.000000 50.000000 50.000000 50.000000 50.000000 50.000000 50.000000 50.000000 50.000000 50.000000 50.000000 50.000000 50.000000 50.000000 50.000000 50.000000 50.000000 50.000000 50.000000 50.000000 50.000000 50.000000 50.000000 50.000000 50.000000 50.000000 50.000000 50.000000 50.000000 50.000000 50.000000 50.000000 50.000000 50.000000 50.000000 50.000000 50.000000 50.000000 50.000000 50.000000 50.000000 50.000000 50.000000 50.000000 50.000000 50.000000 50.000000 50.000000 50.000000 
