50.000000 50.000000 50.000000 50.000000 50.000000 50.000000 50.000000 50.000000 50.000000 50.000000 50.000000 50.000000 50.000000 50.000000 50.000000 50.000000 50.000000 50.000000 50.000000 50.000000 50.000000 50.000000 50.000000 50.000000 50.000000 50.000000 50.000000 50.000000 50.000000 50.000000 50.000000 50.000000 50.000000 50.000000 50.000000 50.000000 50.000000 50.000000 50.000000 50.000000 50.000000 50.000000 50.000000 50.000000 50.000000 50.000000 50.000000 50.000000 50.000000 50.000000 
50.000000 45.442636 41.534355 38.648727 36.801757 35.768223 35.258011 35.033837 34.945440 34.913916 34.903679 34.900633 34.899798 34.899586 34.899536 34.899525 34.899523 34.899522 34.899522 34.899522 34.899522 34.899522 34.899522 34.899522 34.899522 34.899522 34.899522 34.899522 34.899522 34.899522 34.899522 34.899522 34.899522 34.899522 34.899522 34.899521 34.899518 34.899504 34.899441 34.899176 34.898132 34.894283 34.881004 34.838097 34.707808 34.333150 33.298347 30.487759 22.721318 0.000000 
50.000000 41.534355 34.274682 28.914948 25.484729 23.565457 22.618122 22.201951 22.037870 21.979367 21.960372 21.954721 21.953172 21.952779 21.952686 21.952666 21.952662 21.952661 21.952661 21.952661 21.952661 21.952661 21.952661 21.952661 21.952661 21.952661 21.952661 21.952661 21.952661 21.952661 21.952661 21.952661 21.952661 21.952661 21.952660 21.952660 21.952655 21.952634 21.952539 21.952145 21.950604 21.944986 21.925910 21.865678 21.688995 21.207660 19.989973 17.137341 11.046597 0.000000 
50.000000 38.648727 28.914948 21.729253 17.131006 14.558604 13.289121 12.731543 12.511759 12.433413 12.407982 12.400418 12.398345 12.397819 12.397695 12.397667 12.397662 12.397661 12.397661 12.397660 12.397660 12.397660 12.397660 12.397660 12.397660 12.397660 12.397660 12.397660 12.397660 12.397660 12.397660 12.397660 12.397660 12.397660 12.397660 12.397659 12.397655 12.397635 12.397546 12.397176 12.395747 12.390605 12.373453 12.320598 12.170745 11.781828 10.864627 8.924975 5.350380 0.000000 
50.000000 36.801757 25.484729 17.131006 11.786005 8.796326 7.321191 6.673420 6.418141 6.327164 6.297640 6.288861 6.286456 6.285846 6.285702 6.285670 6.285664 6.285662 6.285662 6.285662 6.285662 6.285662 6.285662 6.285662 6.285662 6.285662 6.285662 6.285662 6.285662 6.285662 6.285662 6.285662 6.285662 6.285662 6.285662 6.285661 6.285658 6.285644 6.285580 6.285316 6.284308 6.280728 6.268983 6.233585 6.136136 5.893002 5.349178 4.277069 2.468607 0.000000 
50.000000 35.768223 23.565457 14.558604 8.796326 5.573675 3.983835 3.285814 3.010783 2.912786 2.880991 2.871538 2.868949 2.868292 2.868138 2.868103 2.868096 2.868095 2.868095 2.868095 2.868095 2.868095 2.868095 2.868095 2.868095 2.868095 2.868095 2.868095 2.868095 2.868095 2.868095 2.868095 2.868095 2.868095 2.868095 2.868094 2.868092 2.868084 2.868046 2.867893 2.867312 2.865274 2.858685 2.839199 2.786838 2.660190 2.387859 1.876463 1.060415 0.000000 
50.000000 35.258011 22.618122 13.289121 7.321191 3.983835 2.337584 1.614882 1.330163 1.228728 1.195821 1.186040 1.183361 1.182682 1.182522 1.182486 1.182479 1.182478 1.182477 1.182477 1.182477 1.182477 1.182477 1.182477 1.182477 1.182477 1.182477 1.182477 1.182477 1.182477 1.182477 1.182477 1.182477 1.182477 1.182477 1.182477 1.182476 1.182472 1.182453 1.182378 1.182094 1.181108 1.177959 1.168792 1.144636 1.087605 0.968523 0.752444 0.419913 0.000000 
50.000000 35.033837 22.201951 12.731543 6.673420 3.285814 1.614882 0.881396 0.592450 0.489518 0.456128 0.446205 0.443487 0.442798 0.442635 0.442600 0.442592 0.442591 0.442590 0.442590 0.442590 0.442590 0.442590 0.442590 0.442590 0.442590 0.442590 0.442590 0.442590 0.442590 0.442590 0.442590 0.442590 0.442590 0.442590 0.442590 0.442590 0.442588 0.442580 0.442548 0.442427 0.442011 0.440698 0.436922 0.427128 0.404436 0.358090 0.276040 0.152834 0.000000 
50.000000 34.945440 22.037870 12.511759 6.418141 3.010783 1.330163 0.592450 0.301851 0.198334 0.164756 0.154777 0.152044 0.151351 0.151188 0.151152 0.151144 0.151143 0.151143 0.151143 0.151143 0.151143 0.151143 0.151143 0.151143 0.151143 0.151143 0.151143 0.151143 0.151143 0.151143 0.151143 0.151143 0.151143 0.151143 0.151143 0.151142 0.151142 0.151139 0.151126 0.151081 0.150926 0.150439 0.149055 0.145509 0.137413 0.121154 0.092884 0.051157 0.000000 
50.000000 34.913916 21.979367 12.433413 6.327164 2.912786 1.228728 0.489518 0.198334 0.094610 0.060966 0.050967 0.048229 0.047535 0.047371 0.047335 0.047328 0.047326 0.047326 0.047326 0.047326 0.047326 0.047326 0.047326 0.047326 0.047326 0.047326 0.047326 0.047326 0.047326 0.047326 0.047326 0.047326 0.047326 0.047326 0.047326 0.047326 0.047326 0.047324 0.047320 0.047305 0.047253 0.047091 0.046634 0.045474 0.042856 0.037666 0.028764 0.015784 0.000000 
50.000000 34.903679 21.960372 12.407982 6.297640 2.880991 1.195821 0.456128 0.164756 0.060966 0.027301 0.017296 0.014556 0.013861 0.013697 0.013661 0.013654 0.013652 0.013652 0.013652 0.013652 0.013652 0.013652 0.013652 0.013652 0.013652 0.013652 0.013652 0.013652 0.013652 0.013652 0.013652 0.013652 0.013652 0.013652 0.013652 0.013652 0.013652 0.013652 0.013650 0.013646 0.013630 0.013581 0.013443 0.013097 0.012324 0.010806 0.008228 0.004503 0.000000 
50.000000 34.900633 21.954721 12.400418 6.288861 2.871538 1.186040 0.446205 0.154777 0.050967 0.017296 0.007289 0.004548 0.003854 0.003690 0.003654 0.003646 0.003645 0.003644 0.003644 0.003644 0.003644 0.003644 0.003644 0.003644 0.003644 0.003644 0.003644 0.003644 0.003644 0.003644 0.003644 0.003644 0.003644 0.003644 0.003644 0.003644 0.003644 0.003644 0.003644 0.003643 0.003638 0.003625 0.003587 0.003492 0.003282 0.002872 0.002182 0.001192 0.000000 
50.000000 34.899798 21.953172 12.398345 6.286456 2.868949 1.183361 0.443487 0.152044 0.048229 0.014556 0.004548 0.001808 0.001113 0.000949 0.000913 0.000906 0.000904 0.000904 0.000904 0.000904 0.000904 0.000904 0.000904 0.000904 0.000904 0.000904 0.000904 0.000904 0.000904 0.000904 0.000904 0.000904 0.000904 0.000904 0.000904 0.000904 0.000904 0.000904 0.000904 0.000904 0.000902 0.000899 0.000889 0.000865 0.000812 0.000710 0.000539 0.000294 0.000000 
50.000000 34.899586 21.952779 12.397819 6.285846 2.868292 1.182682 0.442798 0.151351 0.047535 0.013861 0.003854 0.001113 0.000418 0.000254 0.000218 0.000211 0.000209 0.000209 0.000209 0.000209 0.000209 0.000209 0.000209 0.000209 0.000209 0.000209 0.000209 0.000209 0.000209 0.000209 0.000209 0.000209 0.000209 0.000209 0.000209 0.000209 0.000209 0.000209 0.000209 0.000209 0.000209 0.000208 0.000206 0.000200 0.000188 0.000164 0.000124 0.000068 0.000000 
50.000000 34.899536 21.952686 12.397695 6.285702 2.868138 1.182522 0.442635 0.151188 0.047371 0.013697 0.003690 0.000949 0.000254 0.000091 0.000055 0.000047 0.000046 0.000045 0.000045 0.000045 0.000045 0.000045 0.000045 0.000045 0.000045 0.000045 0.000045 0.000045 0.000045 0.000045 0.000045 0.000045 0.000045 0.000045 0.000045 0.000045 0.000045 0.000045 0.000045 0.000045 0.000045 0.000045 0.000045 0.000043 0.000041 0.000035 0.000027 0.000015 0.000000 
50.000000 34.899525 21.952666 12.397667 6.285670 2.868103 1.182486 0.442600 0.151152 0.047335 0.013661 0.003654 0.000913 0.000218 0.000055 0.000018 0.000011 0.000010 0.000009 0.000009 0.000009 0.000009 0.000009 0.000009 0.000009 0.000009 0.000009 0.000009 0.000009 0.000009 0.000009 0.000009 0.000009 0.000009 0.000009 0.000009 0.000009 0.000009 0.000009 0.000009 0.000009 0.000009 0.000009 0.000009 0.000009 0.000008 0.000007 0.000005 0.000003 0.000000 
50.000000 34.899523 21.952662 12.397662 6.285664 2.868096 1.182479 0.442592 0.151144 0.047328 0.013654 0.003646 0.000906 0.000211 0.000047 0.000011 0.000004 0.000002 0.000002 0.000002 0.000002 0.000002 0.000002 0.000002 0.000002 0.000002 0.000002 0.000002 0.000002 0.000002 0.000002 0.000002 0.000002 0.000002 0.000002 0.000002 0.000002 0.000002 0.000002 0.000002 0.000002 0.000002 0.000002 0.000002 0.000002 0.000002 0.000001 0.000001 0.000001 0.000000 
50.000000 34.899522 21.952661 12.397661 6.285662 2.868095 1.182478 0.442591 0.151143 0.047326 0.013652 0.003645 0.000904 0.000209 0.000046 0.000010 0.000002 0.000001 0.000000 0.000000 0.000000 0.000000 0.000000 0.000000 0.000000 0.000000 0.000000 0.000000 0.000000 0.000000 0.000000 0.000000 0.000000 0.000000 0.000000 0.000000 0.000000 0.000000 0.000000 0.000000 0.000000 0.000000 0.000000 0.000000 0.000000 0.000000 0.000000 0.000000 0.000000 0.000000 
50.000000 34.899522 21.952661 12.397661 6.285662 2.868095 1.182477 0.442590 0.151143 0.047326 0.013652 0.003644 0.000904 0.000209 0.000045 0.000009 0.000002 0.000000 0.000000 0.000000 0.000000 0.000000 0.000000 0.000000 0.000000 0.000000 0.000000 0.000000 0.000000 0.000000 0.000000 0.000000 0.000000 0.000000 0.000000 0.000000 0.000000 0.000000 0.000000 0.000000 0.000000 0.000000 0.000000 0.000000 0.000000 0.000000 0.000000 0.000000 0.000000 0.000000 
50.000000 34.899522 21.952661 12.397660 6.285662 2.868095 1.182477 0.442590 0.151143 0.047326 0.013652 0.003644 0.000904 0.000209 0.000045 0.000009 0.000002 0.000000 0.000000 0.000000 0.000000 0.000000 0.000000 0.000000 0.000000 0.000000 0.000000 0.000000 0.000000 0.000000 0.000000 0.000000 0.000000 0.000000 0.000000 0.000000 0.000000 0.000000 0.000000 0.000000 0.000000 0.000000 0.000000 0.000000 0.000000 0.000000 0.000000 0.000000 0.000000 0.000000 
50.000000 34.899522 21.952661 12.397660 6.285662 2.868095 1.182477 0.442590 0.151143 0.047326 0.013652 0.003644 0.000904 0.000209 0.000045 0.000009 0.000002 0.000000 0.000000 0.000000 0.000000 0.000000 0.000000 0.000000 0.000000 0.000000 0.000000 0.000000 0.000000 0.000000 0.000000 0.000000 0.000000 0.000000 0.000000 0.000000 0.000000 0.000000 0.000000 0.000000 0.000000 0.000000 0.000000 0.000000 0.000000 0.000000 0.000000 0.000000 0.000000 0.000000 
50.000000 34.899522 21.952661 12.397660 6.285662 2.868095 1.182477 0.442590 0.151143 0.047326 0.013652 0.003644 0.000904 0.000209 0.000045 0.000009 0.000002 0.000000 0.000000 0.000000 0.000000 0.000000 0.000000 0.000000 0.000000 0.000000 0.000000 0.000000 0.000000 0.000000 0.000000 0.000000 0.000000 0.000000 0.000000 0.000000 0.000000 0.000000 0.000000 0.000000 0.000000 0.000000 0.000000 0.000000 0.000000 0.000000 0.000000 0.000000 0.000000 0.000000 
50.000000 34.899522 21.952661 12.397660 6.285662 2.868095 1.182477 0.442590 0.151143 0.047326 0.013652 0.003644 0.000904 0.000209 0.000045 0.000009 0.000002 0.000000 0.000000 0.000000 0.000000 0.000000 0.000000 0.000000 0.000000 0.000000 0.000000 0.000000 0.000000 0.000000 0.000000 0.000000 0.000000 0.000000 0.000000 0.000000 0.000000 0.000000 0.000000 0.000000 0.000000 0.000000 0.000000 0.000000 0.000000 0.000000 0.000000 0.000000 0.000000 0.000000 
50.000000 34.899522 21.952661 12.397660 6.285662 2.868095 1.182477 0.442590 0.151143 0.047326 0.013652 0.003644 0.000904 0.000209 0.000045 0.000009 0.000002 0.000000 0.000000 0.000000 0.000000 0.000000 0.000000 0.000000 0.000000 0.000000 0.000000 0.000000 0.000000 0.000000 0.000000 0.000000 0.000000 0.000000 0.000000 0.000000 0.000000 0.000000 0.000000 0.000000 0.000000 0.000000 0.000000 0.000000 0.000000 0.000000 0.000000 0.000000 0.000000 0.000000 
50.000000 34.899522 21.952661 12.397660 6.285662 2.868095 1.182477 0.442590 0.151143 0.047326 0.013652 0.003644 0.000904 0.000209 0.000045 0.000009 0.000002 0.000000 0.000000 0.000000 0.000000 0.000000 0.000000 0.000000 0.000000 0.000000 0.000000 0.000000 0.000000 0.000000 0.000000 0.000000 0.000000 0.000000 0.000000 0.000000 0.000000 0.000000 0.000000 0.000000 0.000000 0.000000 0.000000 0.000000 0.000000 0.000000 0.000000 0.000000 0.000000 0.000000 
50.000000 34.899522 21.952661 12.397660 6.285662 2.868095 1.182477 0.442590 0.151143 0.047326 0.013652 0.003644 0.000904 0.000209 0.000045 0.000009 0.000002 0.000000 0.000000 0.000000 0.000000 0.000000 0.000000 0.000000 0.000000 0.000000 0.000000 0.000000 0.000000 0.000000 0.000000 0.000000 0.000000 0.000000 0.000000 0.000000 0.000000 0.000000 0.000000 0.000000 0.000000 0.000000 0.000000 0.000000 0.000000 0.000000 0.000000 0.000000 0.000000 0.000000 
50.000000 34.899522 21.952661 12.397660 6.285662 2.868095 1.182477 0.442590 0.151143 0.047326 0.013652 0.003644 0.000904 0.000209 0.000045 0.000009 0.000002 0.000000 0.000000 0.000000 0.000000 0.000000 0.000000 0.000000 0.000000 0.000000 0.000000 0.000000 0.000000 0.000000 0.000000 0.000000 0.000000 0.000000 0.000000 0.000000 0.000000 0.000000 0.000000 0.000000 0.000000 0.000000 0.000000 0.000000 0.000000 0.000000 0.000000 0.000000 0.000000 0.000000 
50.000000 34.899522 21.952661 12.397660 6.285662 2.868095 1.182477 0.442590 0.151143 0.047326 0.013652 0.003644 0.000904 0.000209 0.000045 0.000009 0.000002 0.000000 0.000000 0.000000 0.000000 0.000000 0.000000 0.000000 0.000000 0.000000 0.000000 0.000000 0.000000 0.000000 0.000000 0.000000 0.000000 0.000000 0.000000 0.000000 0.000000 0.000000 0.000000 0.000000 0.000000 0.000000 0.000000 0.000000 0.000000 0.000000 0.000000 0.000000 0.000000 0.000000 
50.000000 34.899522 21.952661 12.397660 6.285662 2.868095 1.182477 0.442590 0.151143 0.047326 0.013652 0.003644 0.000904 0.000209 0.000045 0.000009 0.000002 0.000000 0.000000 0.000000 0.000000 0.000000 0.000000 0.000000 0.000000 0.000000 0.000000 0.000000 0.000000 0.000000 0.000000 0.000000 0.000000 0.000000 0.000000 0.000000 0.000000 0.000000 0.000000 0.000000 0.000000 0.000000 0.000000 0.000000 0.000000 0.000000 0.000000 0.000000 0.000000 0.000000 
50.000000 34.899522 21.952661 12.397660 6.285662 2.868095 1.182477 0.442590 0.151143 0.047326 0.013652 0.003644 0.000904 0.000209 0.000045 0.000009 0.000002 0.000000 0.000000 0.000000 0.000000 0.000000 0.000000 0.000000 0.000000 0.000000 0.000000 0.000000 0.000000 0.000000 0.000000 0.000000 0.000000 0.000000 0.000000 0.000000 0.000000 0.000000 0.000000 0.000000 0.000000 0.000000 0.000000 0.000000 0.000000 0.000000 0.000000 0.000000 0.000000 0.000000 
50.000000 34.899522 21.952661 12.397660 6.285662 2.868095 1.182477 0.442590 0.151143 0.047326 0.013652 0.003644 0.000904 0.000209 0.000045 0.000009 0.000002 0.000000 0.000000 0.000000 0.000000 0.000000 0.000000 0.000000 0.000000 0.000000 0.000000 0.000000 0.000000 0.000000 0.000000 0.000000 0.000000 0.000000 0.000000 0.000000 0.000000 0.000000 0.000000 0.000000 0.000000 0.000000 0.000000 0.000000 0.000000 0.000000 0.000000 0.000000 0.000000 0.000000 
50.000000 34.899522 21.952661 12.397661 6.285662 2.868095 1.182477 0.442590 0.151143 0.047326 0.013652 0.003644 0.000904 0.000209 0.000045 0.000009 0.000002 0.000000 0.000000 0.000000 0.000000 0.000000 0.000000 0.000000 0.000000 0.000000 0.000000 0.000000 0.000000 0.000000 0.000000 0.000000 0.000000 0.000000 0.000000 0.000000 0.000000 0.000000 0.000000 0.000000 0.000000 0.000000 0.000000 0.000000 0.000000 0.000000 0.000000 0.000000 0.000000 0.000000 
50.000000 34.899522 21.952661 12.397661 6.285662 2.868095 1.182478 0.442591 0.151143 0.047326 0.013652 0.003645 0.000904 0.000209 0.000046 0.000010 0.000002 0.000001 0.000000 0.000000 0.000000 0.000000 0.000000 0.000000 0.000000 0.000000 0.000000 0.000000 0.000000 0.000000 0.000000 0.000000 0.000000 0.000000 0.000000 0.000000 0.000000 0.000000 0.000000 0.000000 0.000000 0.000000 0.000000 0.000000 0.000000 0.000000 0.000000 0.000000 0.000000 0.000000 
50.000000 34.899523 21.952662 12.397662 6.285664 2.868096 1.182479 0.442592 0.151144 0.047328 0.013654 0.003646 0.000906 0.000211 0.000047 0.000011 0.000004 0.000002 0.000002 0.000002 0.000002 0.000002 0.000002 0.000002 0.000002 0.000002 0.000002 0.000002 0.000002 0.000002 0.000002 0.000002 0.000002 0.000002 0.000002 0.000002 0.000002 0.000002 0.000002 0.000002 0.000002 0.000002 0.000002 0.000002 0.000002 0.000002 0.000001 0.000001 0.000001 0.000000 
50.000000 34.899525 21.952666 12.397667 6.285670 2.868103 1.182486 0.442600 0.151152 0.047335 0.013661 0.003654 0.000913 0.000218 0.000055 0.000018 0.000011 0.000010 0.000009 0.000009 0.000009 0.000009 0.000009 0.000009 0.000009 0.000009 0.000009 0.000009 0.000009 0.000009 0.000009 0.000009 0.000009 0.000009 0.000009 0.000009 0.000009 0.000009 0.000009 0.000009 0.000009 0.000009 0.000009 0.000009 0.000009 0.000008 0.000007 0.000005 0.000003 0.000000 
50.000000 34.899536 21.952686 12.397695 6.285702 2.868138 1.182522 0.442635 0.151188 0.047371 0.013697 0.003690 0.000949 0.000254 0.000091 0.000055 0.000047 0.000046 0.000045 0.000045 0.000045 0.000045 0.000045 0.000045 0.000045 0.000045 0.000045 0.000045 0.000045 0.000045 0.000045 0.000045 0.000045 0.000045 0.000045 0.000045 0.000045 0.000045 0.000045 0.000045 0.000045 0.000045 0.000045 0.000045 0.000043 0.000041 0.000035 0.000027 0.000015 0.000000 
50.000000 34.899586 21.952779 12.397819 6.285846 2.868292 1.182682 0.442798 0.151351 0.047535 0.013861 0.003854 0.001113 0.000418 0.000254 0.000218 0.000211 0.000209 0.000209 0.000209 0.000209 0.000209 0.000209 0.000209 0.000209 0.000209 0.000209 0.000209 0.000209 0.000209 0.000209 0.000209 0.000209 0.000209 0.000209 0.000209 0.000209 0.000209 0.000209 0.000209 0.000209 0.000209 0.000208 0.000206 0.000200 0.000188 0.000164 0.000124 0.000068 0.000000 
50.000000 34.899798 21.953172 12.398345 6.286456 2.868949 1.183361 0.443487 0.152044 0.048229 0.014556 0.004548 0.001808 0.001113 0.000949 0.000913 0.000906 0.000904 0.000904 0.000904 0.000904 0.000904 0.000904 0.000904 0.000904 0.000904 0.000904 0.000904 0.000904 0.000904 0.000904 0.000904 0.000904 0.000904 0.000904 0.000904 0.000904 0.000904 0.000904 0.000904 0.000904 0.000902 0.000899 0.000889 0.000865 0.000812 0.000710 0.000539 0.000294 0.000000 
50.000000 34.900633 21.954721 12.400418 6.288861 2.871538 1.186040 0.446205 0.154777 0.050967 0.017296 0.007289 0.004548 0.003854 0.003690 0.003654 0.003646 0.003645 0.003644 0.003644 0.003644 0.003644 0.003644 0.003644 0.003644 0.003644 0.003644 0.003644 0.003644 0.003644 0.003644 0.003644 0.003644 0.003644 0.003644 0.003644 0.003644 0.003644 0.003644 0.003644 0.003643 0.003638 0.003625 0.003587 0.003492 0.003282 0.002872 0.002182 0.001192 0.000000 
50.000000 34.903679 21.960372 12.407982 6.297640 2.880991 1.195821 0.456128 0.164756 0.060966 0.027301 0.017296 0.014556 0.013861 0.013697 0.013661 0.013654 0.013652 0.013652 0.013652 0.013652 0.013652 0.013652 0.013652 0.013652 0.013652 0.013652 0.013652 0.013652 0.013652 0.013652 0.013652 0.013652 0.013652 0.013652 0.013652 0.013652 0.013652 0.013652 0.013650 0.013646 0.013630 0.013581 0.013443 0.013097 0.012324 0.010806 0.008228 0.004503 0.000000 
50.000000 34.913916 21.979367 12.433413 6.327164 2.912786 1.228728 0.489518 0.198334 0.094610 0.060966 0.050967 0.048229 0.047535 0.047371 0.047335 0.047328 0.047326 0.047326 0.047326 0.047326 0.047326 0.047326 0.047326 0.047326 0.047326 0.047326 0.047326 0.047326 0.047326 0.047326 0.047326 0.047326 0.047326 0.047326 0.047326 0.047326 0.047326 0.047324 0.047320 0.047305 0.047253 0.047091 0.046634 0.045474 0.042856 0.037666 0.028764 0.015784 0.000000 
50.000000 34.945440 22.037870 12.511759 6.418141 3.010783 1.330163 0.592450 0.301851 0.198334 0.164756 0.154777 0.152044 0.151351 0.151188 0.151152 0.151144 0.151143 0.151143 0.151143 0.151143 0.151143 0.151143 0.151143 0.151143 0.151143 0.151143 0.151143 0.151143 0.151143 0.151143 0.151143 0.151143 0.151143 0.151143 0.151143 0.151142 0.151142 0.151139 0.151126 0.151081 0.150926 0.150439 0.149055 0.145509 0.137413 0.121154 0.092884 0.051157 0.000000 
50.000000 35.033837 22.201951 12.731543 6.673420 3.285814 1.614882 0.881396 0.592450 0.489518 0.456128 0.446205 0.443487 0.442798 0.442635 0.442600 0.442592 0.442591 0.442590 0.442590 0.442590 0.442590 0.442590 0.442590 0.442590 0.442590 0.442590 0.442590 0.442590 0.442590 0.442590 0.442590 0.442590 0.442590 0.442590 0.442590 0.442590 0.442588 0.442580 0.442548 0.442427 0.442011 0.440698 0.436922 0.427128 0.404436 0.358090 0.276040 0.152834 0.000000 
50.000000 35.258011 22.618122 13.289121 7.321191 3.983835 2.337584 1.614882 1.330163 1.228728 1.195821 1.186040 1.183361 1.182682 1.182522 1.182486 1.182479 1.182478 1.182477 1.182477 1.182477 1.182477 1.182477 1.182477 1.182477 1.182477 1.182477 1.182477 1.182477 1.182477 1.182477 1.182477 1.182477 1.182477 1.182477 1.182477 1.182476 1.182472 1.182453 1.182378 1.182094 1.181108 1.177959 1.168792 1.144636 1.087605 0.968523 0.752444 0.419913 0.000000 
50.000000 35.768223 23.565457 14.558604 8.796326 5.573675 3.983835 3.285814 3.010783 2.912786 2.880991 2.871538 2.868949 2.868292 2.868138 2.868103 2.868096 2.868095 2.868095 2.868095 2.868095 2.868095 2.868095 2.868095 2.868095 2.868095 2.868095 2.868095 2.868095 2.868095 2.868095 2.868095 2.868095 2.868095 2.868095 2.868094 2.868092 2.868084 2.868046 2.867893 2.867312 2.865274 2.858685 2.839199 2.786838 2.660190 2.387859 1.876463 1.060415 0.000000 
50.000000 36.801757 25.484729 17.131006 11.786005 8.796326 7.321191 6.673420 6.418141 6.327164 6.297640 6.288861 6.286456 6.285846 6.285702 6.285670 6.285664 6.285662 6.285662 6.285662 6.285662 6.285662 6.285662 6.285662 6.285662 6.285662 6.285662 6.285662 6.285662 6.285662 6.285662 6.285662 6.285662 6.285662 6.285662 6.285661 6.285658 6.285644 6.285580 6.285316 6.284308 6.280728 6.268983 6.233585 6.136136 5.893002 5.349178 4.277069 2.468607 0.000000 
50.000000 38.648727 28.914948 21.729253 17.131006 14.558604 13.289121 12.731543 12.511759 12.433413 12.407982 12.400418 12.398345 12.397819 12.397695 12.397667 12.397662 12.397661 12.397661 12.397660 12.397660 12.397660 12.397660 12.397660 12.397660 12.397660 12.397660 12.397660 12.397660 12.397660 12.397660 12.397660 12.397660 12.397660 12.397660 12.397659 12.397655 12.397635 12.397546 12.397176 12.395747 12.390605 12.373453 12.320598 12.170745 11.781828 10.864627 8.924975 5.350380 0.000000 
50.000000 41.534355 34.274682 28.914948 25.484729 23.565457 22.618122 22.201951 22.037870 21.979367 21.960372 21.954721 21.953172 21.952779 21.952686 21.952666 21.952662 21.952661 21.952661 21.952661 21.952661 21.952661 21.952661 21.952661 21.952661 21.952661 21.952661 21.952661 21.952661 21.952661 21.952661 21.952661 21.952661 21.952661 21.952660 21.952660 21.952655 21.952634 21.952539 21.952145 21.950604 21.944986 21.925910 21.865678 21.688995 21.207660 19.989973 17.137341 11.046597 0.000000 
50.000000 45.442636 41.534355 38.648727 36.801757 35.768223 35.258011 35.033837 34.945440 34.913916 34.903679 34.900633 34.899798 34.899586 34.899536 34.899525 34.899523 34.899522 34.899522 34.899522 34.899522 34.899522 34.899522 34.899522 34.899522 34.899522 34.899522 34.899522 34.899522 34.899522 34.899522 34.899522 34.899522 34.899522 34.899522 34.899521 34.899518 34.899504 34.899441 34.899176 34.898132 34.894283 34.881004 34.838097 34.707808 34.333150 33.298347 30.487759 22.721318 0.000000 
50.000000 50.000000 50.000000 50.000000 50.000000 50.000000 50.000000 50.000000 50.000000 50.000000 50.000000 50.000000 50.000000 50.000000 50.000000 50.000000 50.000000 50.000000 50.000000 50.000000 50.000000 50.000000 50.000000 50.000000 50.000000 50.000000 50.000000 50.000000 50.000000 50.000000 50.000000 50.000000 50.000000 50.000000 50.000000 50.000000 50.000000 50.000000 50.000000 50.000000 50.000000 50.000000 50.000000 50.000000 50.000000 50.000000 50.000000 50.000000 50.000000 50.000000 
