50.000000 50.000000 50.000000 50.000000 50.000000 50.000000 50.000000 50.000000 50.000000 50.000000 50.000000 50.000000 50.000000 50.000000 50.000000 50.000000 50.000000 50.000000 50.000000 50.000000 50.000000 50.000000 50.000000 50.000000 50.000000 50.000000 50.000000 50.000000 50.000000 50.000000 50.000000 50.000000 50.000000 50.000000 50.000000 50.000000 50.000000 50.000000 50.000000 50.000000 50.000000 50.000000 50.000000 50.000000 50.000000 50.000000 50.000000 50.000000 50.000000 50.000000 
50.000000 48.037035 46.194929 44.572255 43.229855 42.186132 41.422738 40.896897 40.555357 40.345896 40.224431 40.157728 40.122989 40.105805 40.097718 40.094093 40.092543 40.091909 40.091661 40.091569 40.091535 40.091524 40.091520 40.091519 40.091518 40.091518 40.091518 40.091518 40.091518 40.091517 40.091516 40.091510 40.091494 40.091449 40.091324 40.090999 40.090175 40.088165 40.083440 40.072724 40.049229 39.999311 39.896117 39.687232 39.269219 38.430072 36.703265 32.949892 24.018518 0.000000 
50.000000 46.194929 42.624142 39.478725 36.876616 34.853480 33.373747 32.354494 31.692486 31.286496 31.051068 30.921786 30.854457 30.821151 30.805479 30.798454 30.795449 30.794222 30.793742 30.793562 30.793497 30.793475 30.793468 30.793465 30.793465 30.793465 30.793464 30.793464 30.793464 30.793463 30.793460 30.793450 30.793421 30.793340 30.793119 30.792539 30.791077 30.787523 30.779202 30.760433 30.719583 30.633671 30.458626 30.111865 29.440787 28.164708 25.767310 21.312071 13.245037 0.000000 
50.000000 44.572255 39.478725 34.991996 31.280302 28.394511 26.283865 24.830065 23.885841 23.306793 22.971020 22.786643 22.690623 22.643127 22.620779 22.610761 22.606476 22.604726 22.604042 22.603786 22.603693 22.603662 22.603651 22.603648 22.603647 22.603647 22.603646 22.603646 22.603646 22.603645 22.603641 22.603628 22.603592 22.603491 22.603217 22.602501 22.600700 22.596345 22.586213 22.563537 22.514696 22.413389 22.210826 21.819921 21.091040 19.777589 17.495998 13.711415 7.868990 0.000000 
50.000000 43.229855 36.876616 31.280302 26.650759 23.051420 20.418952 18.605774 17.428175 16.706034 16.287302 16.057379 15.937646 15.878423 15.850558 15.838068 15.832727 15.830545 15.829692 15.829372 15.829258 15.829218 15.829205 15.829201 15.829200 15.829199 15.829199 15.829199 15.829198 15.829197 15.829193 15.829180 15.829143 15.829039 15.828758 15.828027 15.826198 15.821801 15.811648 15.789135 15.741220 15.643343 15.451505 15.090924 14.441743 13.325380 11.502713 8.711908 4.799784 0.000000 
50.000000 42.186132 34.853480 28.394511 23.051420 18.897404 15.859336 13.766852 12.407900 11.574579 11.091401 10.826102 10.687954 10.619626 10.587479 10.573070 10.566908 10.564391 10.563407 10.563039 10.562907 10.562861 10.562846 10.562841 10.562840 10.562839 10.562839 10.562839 10.562838 10.562837 10.562833 10.562822 10.562789 10.562695 10.562444 10.561792 10.560170 10.556298 10.547428 10.527954 10.487011 10.404647 10.246298 9.955822 9.448702 8.609677 7.303470 5.412693 2.916913 0.000000 
50.000000 41.422738 33.373747 26.283865 20.418952 15.859336 12.524714 10.228045 8.736536 7.821965 7.291697 7.000557 6.848959 6.773983 6.738709 6.722900 6.716140 6.713379 6.712299 6.711895 6.711750 6.711700 6.711684 6.711678 6.711677 6.711676 6.711676 6.711676 6.711676 6.711675 6.711672 6.711662 6.711635 6.711560 6.711358 6.710837 6.709548 6.706490 6.699543 6.684439 6.653061 6.590848 6.473334 6.262357 5.903514 5.328029 4.463944 3.261883 1.735505 0.000000 
50.000000 40.896897 32.354494 24.830065 18.605774 13.766852 10.228045 7.790812 6.208067 5.237584 4.674920 4.366005 4.205159 4.125612 4.088190 4.071419 4.064248 4.061319 4.060175 4.059746 4.059592 4.059539 4.059521 4.059516 4.059514 4.059514 4.059513 4.059513 4.059513 4.059512 4.059510 4.059503 4.059483 4.059428 4.059280 4.058900 4.057967 4.055766 4.050807 4.040126 4.018181 3.975244 3.895406 3.754711 3.520554 3.154269 2.619239 1.895868 1.000780 0.000000 
50.000000 40.555357 31.692486 23.885841 17.428175 12.407900 8.736536 6.208067 4.566115 3.559357 2.975680 2.655240 2.488399 2.405890 2.367077 2.349683 2.342246 2.339208 2.338021 2.337577 2.337417 2.337362 2.337344 2.337338 2.337336 2.337336 2.337335 2.337335 2.337335 2.337335 2.337333 2.337328 2.337315 2.337277 2.337178 2.336923 2.336300 2.334842 2.331580 2.324614 2.310448 2.283057 2.232823 2.145688 2.003253 1.784832 1.472452 1.058815 0.556046 0.000000 
50.000000 40.345896 31.286496 23.306793 16.706034 11.574579 7.821965 5.237584 3.559357 2.530381 1.933837 1.606342 1.435832 1.351512 1.311847 1.294072 1.286473 1.283369 1.282156 1.281702 1.281539 1.281483 1.281464 1.281458 1.281456 1.281456 1.281456 1.281455 1.281455 1.281455 1.281454 1.281451 1.281443 1.281419 1.281357 1.281198 1.280813 1.279916 1.277922 1.273700 1.265191 1.248909 1.219403 1.168904 1.087569 0.964814 0.792096 0.566913 0.296668 0.000000 
50.000000 40.224431 31.051068 22.971020 16.287302 11.091401 7.291697 4.674920 2.975680 1.933837 1.329845 0.998266 0.825634 0.740266 0.700109 0.682114 0.674421 0.671279 0.670051 0.669591 0.669426 0.669370 0.669351 0.669345 0.669343 0.669342 0.669342 0.669342 0.669342 0.669342 0.669341 0.669339 0.669334 0.669321 0.669284 0.669192 0.668970 0.668454 0.667316 0.664922 0.660138 0.651066 0.634794 0.607258 0.563447 0.498167 0.407483 0.290635 0.151707 0.000000 
50.000000 40.157728 30.921786 22.786643 16.057379 10.826102 7.000557 4.366005 2.655240 1.606342 0.998266 0.664450 0.490655 0.404714 0.364288 0.346173 0.338428 0.335265 0.334029 0.333566 0.333400 0.333343 0.333324 0.333318 0.333316 0.333316 0.333315 0.333315 0.333315 0.333315 0.333315 0.333314 0.333311 0.333304 0.333284 0.333234 0.333113 0.332835 0.332225 0.330950 0.328419 0.323660 0.315198 0.301014 0.278675 0.245732 0.200430 0.142584 0.074288 0.000000 
50.000000 40.122989 30.854457 22.690623 15.937646 10.687954 6.848959 4.205159 2.488399 1.435832 0.825634 0.490655 0.316257 0.230018 0.189452 0.171275 0.163504 0.160329 0.159089 0.158625 0.158458 0.158401 0.158382 0.158376 0.158374 0.158373 0.158373 0.158373 0.158373 0.158373 0.158373 0.158372 0.158371 0.158367 0.158357 0.158331 0.158270 0.158129 0.157820 0.157180 0.155916 0.153556 0.149392 0.142469 0.131656 0.115845 0.094278 0.066934 0.034824 0.000000 
50.000000 40.105805 30.821151 22.643127 15.878423 10.619626 6.773983 4.125612 2.405890 1.351512 0.740266 0.404714 0.230018 0.143632 0.102998 0.084789 0.077005 0.073826 0.072583 0.072118 0.071951 0.071894 0.071875 0.071869 0.071867 0.071866 0.071866 0.071866 0.071866 0.071866 0.071866 0.071866 0.071865 0.071863 0.071858 0.071846 0.071816 0.071748 0.071601 0.071296 0.070699 0.069590 0.067646 0.064435 0.059456 0.052225 0.042427 0.030074 0.015630 0.000000 
50.000000 40.097718 30.805479 22.620779 15.850558 10.587479 6.738709 4.088190 2.367077 1.311847 0.700109 0.364288 0.189452 0.102998 0.062331 0.044108 0.036318 0.033136 0.031893 0.031427 0.031260 0.031203 0.031184 0.031178 0.031176 0.031175 0.031175 0.031175 0.031175 0.031175 0.031175 0.031175 0.031174 0.031174 0.031171 0.031166 0.031152 0.031121 0.031054 0.030917 0.030649 0.030154 0.029290 0.027872 0.025687 0.022531 0.018278 0.012940 0.006719 0.000000 
50.000000 40.094093 30.798454 22.610761 15.838068 10.573070 6.722900 4.071419 2.349683 1.294072 0.682114 0.346173 0.171275 0.084789 0.044108 0.025879 0.018086 0.014903 0.013659 0.013194 0.013027 0.012969 0.012950 0.012944 0.012942 0.012941 0.012941 0.012941 0.012941 0.012941 0.012941 0.012941 0.012941 0.012940 0.012939 0.012937 0.012931 0.012918 0.012889 0.012830 0.012715 0.012505 0.012139 0.011542 0.010626 0.009310 0.007544 0.005335 0.002768 0.000000 
50.000000 40.092543 30.795449 22.606476 15.832727 10.566908 6.716140 4.064248 2.342246 1.286473 0.674421 0.338428 0.163504 0.077005 0.036318 0.018086 0.010292 0.007108 0.005864 0.005399 0.005231 0.005174 0.005155 0.005149 0.005147 0.005146 0.005146 0.005146 0.005146 0.005146 0.005146 0.005146 0.005146 0.005146 0.005145 0.005144 0.005142 0.005136 0.005125 0.005100 0.005054 0.004968 0.004821 0.004580 0.004213 0.003688 0.002985 0.002109 0.001094 0.000000 
50.000000 40.091909 30.794222 22.604726 15.830545 10.564391 6.713379 4.061319 2.339208 1.283369 0.671279 0.335265 0.160329 0.073826 0.033136 0.014903 0.007108 0.003924 0.002681 0.002215 0.002048 0.001990 0.001971 0.001965 0.001963 0.001962 0.001962 0.001962 0.001962 0.001962 0.001962 0.001962 0.001962 0.001962 0.001962 0.001962 0.001961 0.001958 0.001954 0.001944 0.001926 0.001893 0.001836 0.001743 0.001602 0.001401 0.001134 0.000801 0.000415 0.000000 
50.000000 40.091661 30.793742 22.604042 15.829692 10.563407 6.712299 4.060175 2.338021 1.282156 0.670051 0.334029 0.159089 0.072583 0.031893 0.013659 0.005864 0.002681 0.001437 0.000971 0.000804 0.000746 0.000727 0.000721 0.000719 0.000719 0.000718 0.000718 0.000718 0.000718 0.000718 0.000718 0.000718 0.000718 0.000718 0.000718 0.000718 0.000717 0.000715 0.000712 0.000705 0.000693 0.000671 0.000637 0.000585 0.000512 0.000413 0.000292 0.000151 0.000000 
50.000000 40.091569 30.793562 22.603786 15.829372 10.563039 6.711895 4.059746 2.337577 1.281702 0.669591 0.333566 0.158625 0.072118 0.031427 0.013194 0.005399 0.002215 0.000971 0.000505 0.000338 0.000281 0.000261 0.000255 0.000253 0.000253 0.000253 0.000253 0.000253 0.000253 0.000253 0.000253 0.000253 0.000253 0.000253 0.000253 0.000252 0.000252 0.000252 0.000250 0.000248 0.000243 0.000236 0.000224 0.000205 0.000179 0.000145 0.000102 0.000053 0.000000 
50.000000 40.091535 30.793497 22.603693 15.829258 10.562907 6.711750 4.059592 2.337417 1.281539 0.669426 0.333400 0.158458 0.071951 0.031260 0.013027 0.005231 0.002048 0.000804 0.000338 0.000171 0.000113 0.000094 0.000088 0.000086 0.000086 0.000086 0.000086 0.000085 0.000085 0.000085 0.000085 0.000085 0.000085 0.000085 0.000085 0.000085 0.000085 0.000085 0.000085 0.000084 0.000082 0.000080 0.000076 0.000069 0.000061 0.000049 0.000035 0.000018 0.000000 
50.000000 40.091524 30.793475 22.603662 15.829218 10.562861 6.711700 4.059539 2.337362 1.281483 0.669370 0.333343 0.158401 0.071894 0.031203 0.012969 0.005174 0.001990 0.000746 0.000281 0.000113 0.000056 0.000037 0.000031 0.000029 0.000028 0.000028 0.000028 0.000028 0.000028 0.000028 0.000028 0.000028 0.000028 0.000028 0.000028 0.000028 0.000028 0.000028 0.000028 0.000027 0.000027 0.000026 0.000025 0.000023 0.000020 0.000016 0.000011 0.000006 0.000000 
50.000000 40.091520 30.793468 22.603651 15.829205 10.562846 6.711684 4.059521 2.337344 1.281464 0.669351 0.333324 0.158382 0.071875 0.031184 0.012950 0.005155 0.001971 0.000727 0.000261 0.000094 0.000037 0.000018 0.000011 0.000010 0.000009 0.000009 0.000009 0.000009 0.000009 0.000009 0.000009 0.000009 0.000009 0.000009 0.000009 0.000009 0.000009 0.000009 0.000009 0.000009 0.000008 0.000008 0.000008 0.000007 0.000006 0.000005 0.000004 0.000002 0.000000 
50.000000 40.091519 30.793465 22.603648 15.829201 10.562841 6.711678 4.059516 2.337338 1.281458 0.669345 0.333318 0.158376 0.071869 0.031178 0.012944 0.005149 0.001965 0.000721 0.000255 0.000088 0.000031 0.000011 0.000005 0.000003 0.000003 0.000003 0.000003 0.000003 0.000003 0.000003 0.000003 0.000003 0.000003 0.000003 0.000003 0.000003 0.000003 0.000003 0.000003 0.000003 0.000003 0.000003 0.000002 0.000002 0.000002 0.000002 0.000001 0.000001 0.000000 
50.000000 40.091518 30.793465 22.603647 15.829200 10.562840 6.711677 4.059514 2.337336 1.281456 0.669343 0.333316 0.158374 0.071867 0.031176 0.012942 0.005147 0.001963 0.000719 0.000254 0.000086 0.000029 0.000010 0.000004 0.000002 0.000001 0.000001 0.000001 0.000001 0.000001 0.000001 0.000001 0.000001 0.000001 0.000001 0.000001 0.000001 0.000001 0.000001 0.000001 0.000001 0.000001 0.000001 0.000001 0.000001 0.000001 0.000001 0.000000 0.000000 0.000000 
50.000000 40.091518 30.793465 22.603647 15.829200 10.562840 6.711677 4.059514 2.337336 1.281456 0.669343 0.333316 0.158374 0.071867 0.031176 0.012942 0.005147 0.001963 0.000719 0.000254 0.000086 0.000029 0.000010 0.000004 0.000002 0.000001 0.000001 0.000001 0.000001 0.000001 0.000001 0.000001 0.000001 0.000001 0.000001 0.000001 0.000001 0.000001 0.000001 0.000001 0.000001 0.000001 0.000001 0.000001 0.000001 0.000001 0.000001 0.000000 0.000000 0.000000 
50.000000 40.091519 30.793465 22.603648 15.829201 10.562841 6.711678 4.059516 2.337338 1.281458 0.669345 0.333318 0.158376 0.071869 0.031178 0.012944 0.005149 0.001965 0.000721 0.000255 0.000088 0.000031 0.000011 0.000005 0.000003 0.000003 0.000003 0.000003 0.000003 0.000003 0.000003 0.000003 0.000003 0.000003 0.000003 0.000003 0.000003 0.000003 0.000003 0.000003 0.000003 0.000003 0.000003 0.000002 0.000002 0.000002 0.000002 0.000001 0.000001 0.000000 
50.000000 40.091520 30.793468 22.603651 15.829205 10.562846 6.711684 4.059521 2.337344 1.281464 0.669351 0.333324 0.158382 0.071875 0.031184 0.012950 0.005155 0.001971 0.000727 0.000261 0.000094 0.000037 0.000018 0.000011 0.000010 0.000009 0.000009 0.000009 0.000009 0.000009 0.000009 0.000009 0.000009 0.000009 0.000009 0.000009 0.000009 0.000009 0.000009 0.000009 0.000009 0.000008 0.000008 0.000008 0.000007 0.000006 0.000005 0.000004 0.000002 0.000000 
50.000000 40.091524 30.793475 22.603662 15.829218 10.562861 6.711700 4.059539 2.337362 1.281483 0.669370 0.333343 0.158401 0.071894 0.031203 0.012969 0.005174 0.001990 0.000746 0.000281 0.000113 0.000056 0.000037 0.000031 0.000029 0.000028 0.000028 0.000028 0.000028 0.000028 0.000028 0.000028 0.000028 0.000028 0.000028 0.000028 0.000028 0.000028 0.000028 0.000028 0.000027 0.000027 0.000026 0.000025 0.000023 0.000020 0.000016 0.000011 0.000006 0.000000 
50.000000 40.091535 30.793497 22.603693 15.829258 10.562907 6.711750 4.059592 2.337417 1.281539 0.669426 0.333400 0.158458 0.071951 0.031260 0.013027 0.005231 0.002048 0.000804 0.000338 0.000171 0.000113 0.000094 0.000088 0.000086 0.000086 0.000086 0.000086 0.000085 0.000085 0.000085 0.000085 0.000085 0.000085 0.000085 0.000085 0.000085 0.000085 0.000085 0.000085 0.000084 0.000082 0.000080 0.000076 0.000069 0.000061 0.000049 0.000035 0.000018 0.000000 
50.000000 40.091569 30.793562 22.603786 15.829372 10.563039 6.711895 4.059746 2.337577 1.281702 0.669591 0.333566 0.158625 0.072118 0.031427 0.013194 0.005399 0.002215 0.000971 0.000505 0.000338 0.000281 0.000261 0.000255 0.000253 0.000253 0.000253 0.000253 0.000253 0.000253 0.000253 0.000253 0.000253 0.000253 0.000253 0.000253 0.000252 0.000252 0.000252 0.000250 0.000248 0.000243 0.000236 0.000224 0.000205 0.000179 0.000145 0.000102 0.000053 0.000000 
50.000000 40.091661 30.793742 22.604042 15.829692 10.563407 6.712299 4.060175 2.338021 1.282156 0.670051 0.334029 0.159089 0.072583 0.031893 0.013659 0.005864 0.002681 0.001437 0.000971 0.000804 0.000746 0.000727 0.000721 0.000719 0.000719 0.000718 0.000718 0.000718 0.000718 0.000718 0.000718 0.000718 0.000718 0.000718 0.000718 0.000718 0.000717 0.000715 0.000712 0.000705 0.000693 0.000671 0.000637 0.000585 0.000512 0.000413 0.000292 0.000151 0.000000 
50.000000 40.091909 30.794222 22.604726 15.830545 10.564391 6.713379 4.061319 2.339208 1.283369 0.671279 0.335265 0.160329 0.073826 0.033136 0.014903 0.007108 0.003924 0.002681 0.002215 0.002048 0.001990 0.001971 0.001965 0.001963 0.001962 0.001962 0.001962 0.001962 0.001962 0.001962 0.001962 0.001962 0.001962 0.001962 0.001962 0.001961 0.001958 0.001954 0.001944 0.001926 0.001893 0.001836 0.001743 0.001602 0.001401 0.001134 0.000801 0.000415 0.000000 
50.000000 40.092543 30.795449 22.606476 15.832727 10.566908 6.716140 4.064248 2.342246 1.286473 0.674421 0.338428 0.163504 0.077005 0.036318 0.018086 0.010292 0.007108 0.005864 0.005399 0.005231 0.005174 0.005155 0.005149 0.005147 0.005146 0.005146 0.005146 0.005146 0.005146 0.005146 0.005146 0.005146 0.005146 0.005145 0.005144 0.005142 0.005136 0.005125 0.005100 0.005054 0.004968 0.004821 0.004580 0.004213 0.003688 0.002985 0.002109 0.001094 0.000000 
50.000000 40.094093 30.798454 22.610761 15.838068 10.573070 6.722900 4.071419 2.349683 1.294072 0.682114 0.346173 0.171275 0.084789 0.044108 0.025879 0.018086 0.014903 0.013659 0.013194 0.013027 0.012969 0.012950 0.012944 0.012942 0.012941 0.012941 0.012941 0.012941 0.012941 0.012941 0.012941 0.012941 0.012940 0.012939 0.012937 0.012931 0.012918 0.012889 0.012830 0.012715 0.012505 0.012139 0.011542 0.010626 0.009310 0.007544 0.005335 0.002768 0.000000 
50.000000 40.097718 30.805479 22.620779 15.850558 10.587479 6.738709 4.088190 2.367077 1.311847 0.700109 0.364288 0.189452 0.102998 0.062331 0.044108 0.036318 0.033136 0.031893 0.031427 0.031260 0.031203 0.031184 0.031178 0.031176 0.031175 0.031175 0.031175 0.031175 0.031175 0.031175 0.031175 0.031174 0.031174 0.031171 0.031166 0.031152 0.031121 0.031054 0.030917 0.030649 0.030154 0.029290 0.027872 0.025687 0.022531 0.018278 0.012940 0.006719 0.000000 
50.000000 40.105805 30.821151 22.643127 15.878423 10.619626 6.773983 4.125612 2.405890 1.351512 0.740266 0.404714 0.230018 0.143632 0.102998 0.084789 0.077005 0.073826 0.072583 0.072118 0.071951 0.071894 0.071875 0.071869 0.071867 0.071866 0.071866 0.071866 0.071866 0.071866 0.071866 0.071866 0.071865 0.071863 0.071858 0.071846 0.071816 0.071748 0.071601 0.071296 0.070699 0.069590 0.067646 0.064435 0.059456 0.052225 0.042427 0.030074 0.015630 0.000000 
50.000000 40.122989 30.854457 22.690623 15.937646 10.687954 6.848959 4.205159 2.488399 1.435832 0.825634 0.490655 0.316257 0.230018 0.189452 0.171275 0.163504 0.160329 0.159089 0.158625 0.158458 0.158401 0.158382 0.158376 0.158374 0.158373 0.158373 0.158373 0.158373 0.158373 0.158373 0.158372 0.158371 0.158367 0.158357 0.158331 0.158270 0.158129 0.157820 0.157180 0.155916 0.153556 0.149392 0.142469 0.131656 0.115845 0.094278 0.066934 0.034824 0.000000 
50.000000 40.157728 30.921786 22.786643 16.057379 10.826102 7.000557 4.366005 2.655240 1.606342 0.998266 0.664450 0.490655 0.404714 0.364288 0.346173 0.338428 0.335265 0.334029 0.333566 0.333400 0.333343 0.333324 0.333318 0.333316 0.333316 0.333315 0.333315 0.333315 0.333315 0.333315 0.333314 0.333311 0.333304 0.333284 0.333234 0.333113 0.332835 0.332225 0.330950 0.328419 0.323660 0.315198 0.301014 0.278675 0.245732 0.200430 0.142584 0.074288 0.000000 
50.000000 40.224431 31.051068 22.971020 16.287302 11.091401 7.291697 4.674920 2.975680 1.933837 1.329845 0.998266 0.825634 0.740266 0.700109 0.682114 0.674421 0.671279 0.670051 0.669591 0.669426 0.669370 0.669351 0.669345 0.669343 0.669342 0.669342 0.669342 0.669342 0.669342 0.669341 0.669339 0.669334 0.669321 0.669284 0.669192 0.668970 0.668454 0.667316 0.664922 0.660138 0.651066 0.634794 0.607258 0.563447 0.498167 0.407483 0.290635 0.151707 0.000000 
50.000000 40.345896 31.286496 23.306793 16.706034 11.574579 7.821965 5.237584 3.559357 2.530381 1.933837 1.606342 1.435832 1.351512 1.311847 1.294072 1.286473 1.283369 1.282156 1.281702 1.281539 1.281483 1.281464 1.281458 1.281456 1.281456 1.281456 1.281455 1.281455 1.281455 1.281454 1.281451 1.281443 1.281419 1.281357 1.281198 1.280813 1.279916 1.277922 1.273700 1.265191 1.248909 1.219403 1.168904 1.087569 0.964814 0.792096 0.566913 0.296668 0.000000 
50.000000 40.555357 31.692486 23.885841 17.428175 12.407900 8.736536 6.208067 4.566115 3.559357 2.975680 2.655240 2.488399 2.405890 2.367077 2.349683 2.342246 2.339208 2.338021 2.337577 2.337417 2.337362 2.337344 2.337338 2.337336 2.337336 2.337335 2.337335 2.337335 2.337335 2.337333 2.337328 2.337315 2.337277 2.337178 2.336923 2.336300 2.334842 2.331580 2.324614 2.310448 2.283057 2.232823 2.145688 2.003253 1.784832 1.472452 1.058815 0.556046 0.000000 
50.000000 40.896897 32.354494 24.830065 18.605774 13.766852 10.228045 7.790812 6.208067 5.237584 4.674920 4.366005 4.205159 4.125612 4.088190 4.071419 4.064248 4.061319 4.060175 4.059746 4.059592 4.059539 4.059521 4.059516 4.059514 4.059514 4.059513 4.059513 4.059513 4.059512 4.059510 4.059503 4.059483 4.059428 4.059280 4.058900 4.057967 4.055766 4.050807 4.040126 4.018181 3.975244 3.895406 3.754711 3.520554 3.154269 2.619239 1.895868 1.000780 0.000000 
50.000000 41.422738 33.373747 26.283865 20.418952 15.859336 12.524714 10.228045 8.736536 7.821965 7.291697 7.000557 6.848959 6.773983 6.738709 6.722900 6.716140 6.713379 6.712299 6.711895 6.711750 6.711700 6.711684 6.711678 6.711677 6.711676 6.711676 6.711676 6.711676 6.711675 6.711672 6.711662 6.711635 6.711560 6.711358 6.710837 6.709548 6.706490 6.699543 6.684439 6.653061 6.590848 6.473334 6.262357 5.903514 5.328029 4.463944 3.261883 1.735505 0.000000 
50.000000 42.186132 34.853480 28.394511 23.051420 18.897404 15.859336 13.766852 12.407900 11.574579 11.091401 10.826102 10.687954 10.619626 10.587479 10.573070 10.566908 10.564391 10.563407 10.563039 10.562907 10.562861 10.562846 10.562841 10.562840 10.562839 10.562839 10.562839 10.562838 10.562837 10.562833 10.562822 10.562789 10.562695 10.562444 10.561792 10.560170 10.556298 10.547428 10.527954 10.487011 10.404647 10.246298 9.955822 9.448702 8.609677 7.303470 5.412693 2.916913 0.000000 
50.000000 43.229855 36.876616 31.280302 26.650759 23.051420 20.418952 18.605774 17.428175 16.706034 16.287302 16.057379 15.937646 15.878423 15.850558 15.838068 15.832727 15.830545 15.829692 15.829372 15.829258 15.829218 15.829205 15.829201 15.829200 15.829199 15.829199 15.829199 15.829198 15.829197 15.829193 15.829180 15.829143 15.829039 15.828758 15.828027 15.826198 15.821801 15.811648 15.789135 15.741220 15.643343 15.451505 15.090924 14.441743 13.325380 11.502713 8.711908 4.799784 0.000000 
50.000000 44.572255 39.478725 34.991996 31.280302 28.394511 26.283865 24.830065 23.885841 23.306793 22.971020 22.786643 22.690623 22.643127 22.620779 22.610761 22.606476 22.604726 22.604042 22.603786 22.603693 22.603662 22.603651 22.603648 22.603647 22.603647 22.603646 22.603646 22.603646 22.603645 22.603641 22.603628 22.603592 22.603491 22.603217 22.602501 22.600700 22.596345 22.586213 22.563537 22.514696 22.413389 22.210826 21.819921 21.091040 19.777589 17.495998 13.711415 7.868990 0.000000 
50.000000 46.194929 42.624142 39.478725 36.876616 34.853480 33.373747 32.354494 31.692486 31.286496 31.051068 30.921786 30.854457 30.821151 30.805479 30.798454 30.795449 30.794222 30.793742 30.793562 30.793497 30.793475 30.793468 30.793465 30.793465 30.793465 30.793464 30.793464 30.793464 30.793463 30.793460 30.793450 30.793421 30.793340 30.793119 30.792539 30.791077 30.787523 30.779202 30.760433 30.719583 30.633671 30.458626 30.111865 29.440787 28.164708 25.767310 21.312071 13.245037 0.000000 
50.000000 48.037035 46.194929 44.572255 43.229855 42.186132 41.422738 40.896897 40.555357 40.345896 40.224431 40.157728 40.122989 40.105805 40.097718 40.094093 40.092543 40.091909 40.091661 40.091569 40.091535 40.091524 40.091520 40.091519 40.091518 40.091518 40.091518 40.091518 40.091518 40.091517 40.091516 40.091510 40.091494 40.091449 40.091324 40.090999 40.090175 40.088165 40.083440 40.072724 40.049229 39.999311 39.896117 39.687232 39.269219 38.430072 36.703265 32.949892 24.018518 0.000000 
50.000000 50.000000 50.000000 50.000000 50.000000 50.000000 50.000000 50.000000 50.000000 50.000000 50.000000 50.000000 50.000000 50.000000 50.000000 50.000000 50.000000 50.000000 50.000000 50.000000 50.000000 50.000000 50.000000 50.000000 50.000000 50.000000 50.000000 50.000000 50.000000 50.000000 50.000000 50.000000 50.000000 50.000000 50.000000 50.000000 50.000000 50.000000 50.000000 50.000000 50.000000 50.000000 50.000000 50.000000 50.000000 50.000000 50.000000 50.000000 50.000000 50.000000 
