50.000000 50.000000 50.000000 50.000000 50.000000 50.000000 50.000000 50.000000 50.000000 50.000000 50.000000 50.000000 50.000000 50.000000 50.000000 50.000000 50.000000 50.000000 50.000000 50.000000 50.000000 50.000000 50.000000 50.000000 50.000000 50.000000 50.000000 50.000000 50.000000 50.000000 50.000000 50.000000 50.000000 50.000000 50.000000 50.000000 50.000000 50.000000 50.000000 50.000000 50.000000 50.000000 50.000000 50.000000 50.000000 50.000000 50.000000 50.000000 50.000000 50.000000 
50.000000 48.295527 46.682202 45.236570 44.009868 43.023651 42.271980 41.728450 41.355262 41.111736 40.960551 40.871162 40.820774 40.793662 40.779724 40.772868 40.769639 40.768181 40.767549 40.767286 40.767180 40.767140 40.767124 40.767119 40.767117 40.767116 40.767116 40.767116 40.767115 40.767113 40.767107 40.767089 40.767044 40.766928 40.766640 40.765953 40.764363 40.760803 40.753086 40.736864 40.703731 40.637783 40.509288 40.262554 39.790954 38.880072 37.062562 33.200954 24.147764 0.000000 
50.000000 46.682202 43.541829 40.727885 38.340104 36.420437 34.957328 33.899368 33.172981 32.698978 32.404712 32.230730 32.132657 32.079890 32.052762 32.039420 32.033135 32.030297 32.029067 32.028555 32.028350 32.028271 32.028241 32.028231 32.028227 32.028226 32.028225 32.028225 32.028223 32.028219 32.028208 32.028176 32.028094 32.027883 32.027364 32.026123 32.023260 32.016873 32.003082 31.974249 31.915784 31.800571 31.579280 31.163344 30.394326 28.987139 26.423969 21.770914 13.481248 0.000000 
50.000000 45.236570 40.727885 36.687879 33.259746 30.503712 28.403174 26.884320 25.841502 25.161027 24.738589 24.488832 24.348048 24.272304 24.233363 24.214212 24.205191 24.201118 24.199353 24.198617 24.198323 24.198209 24.198167 24.198152 24.198147 24.198145 24.198144 24.198143 24.198141 24.198136 24.198122 24.198082 24.197976 24.197708 24.197048 24.195478 24.191868 24.183853 24.166656 24.130982 24.059389 23.920241 23.657952 23.177713 22.322353 20.839597 18.343940 14.303916 8.174007 0.000000 
50.000000 44.009868 38.340104 33.259746 28.948867 25.483196 22.841844 20.931973 19.620718 18.765099 18.233946 17.919922 17.742917 17.647689 17.598733 17.574657 17.563317 17.558197 17.555978 17.555054 17.554683 17.554541 17.554488 17.554469 17.554462 17.554460 17.554459 17.554458 17.554456 17.554450 17.554435 17.554392 17.554280 17.553995 17.553296 17.551640 17.547853 17.539495 17.521694 17.485113 17.412575 17.273745 17.017276 16.560026 15.773988 14.474433 12.420149 9.352965 5.129796 0.000000 
50.000000 43.023651 36.420437 30.503712 25.483196 21.447080 18.371019 16.146871 14.619881 13.623516 13.005009 12.639351 12.433250 12.322372 12.265373 12.237342 12.224141 12.218180 12.215596 12.214521 12.214090 12.213924 12.213862 12.213840 12.213832 12.213830 12.213829 12.213828 12.213826 12.213820 12.213806 12.213765 12.213660 12.213394 12.212742 12.211205 12.207708 12.200043 12.183850 12.150909 12.086396 11.964834 11.744626 11.361632 10.723540 9.709208 8.181358 6.026112 3.232696 0.000000 
50.000000 42.271980 34.957328 28.403174 22.841844 18.371019 14.963712 12.500110 10.808763 9.705185 9.020144 8.615167 8.386910 8.264117 8.200996 8.169956 8.155338 8.148738 8.145877 8.144686 8.144209 8.144025 8.143957 8.143932 8.143924 8.143921 8.143920 8.143919 8.143918 8.143913 8.143900 8.143866 8.143777 8.143551 8.143001 8.141711 8.138794 8.132444 8.119141 8.092350 8.040517 7.944290 7.773102 7.481856 7.009386 6.281818 5.225461 3.793984 2.009426 0.000000 
50.000000 41.728450 33.899368 26.884320 20.931973 16.146871 12.500110 9.863427 8.053295 6.872243 6.139132 5.705749 5.461491 5.330095 5.262553 5.229341 5.213701 5.206639 5.203579 5.202304 5.201794 5.201597 5.201524 5.201498 5.201489 5.201486 5.201485 5.201484 5.201483 5.201479 5.201469 5.201443 5.201373 5.201197 5.200772 5.199779 5.197546 5.192719 5.182689 5.162684 5.124423 5.054357 4.931713 4.727008 4.402245 3.914697 3.226368 2.320088 1.219163 0.000000 
50.000000 41.355262 33.172981 25.841502 19.620718 14.619881 10.808763 8.053295 6.161655 4.927449 4.161362 3.708499 3.453269 3.315974 3.245403 3.210703 3.194362 3.186984 3.183787 3.182456 3.181923 3.181718 3.181641 3.181614 3.181604 3.181601 3.181600 3.181600 3.181599 3.181596 3.181589 3.181569 3.181519 3.181392 3.181087 3.180379 3.178795 3.175392 3.168379 3.154516 3.128282 3.080827 2.998939 2.864473 2.655047 2.346974 1.921262 1.372409 0.717479 0.000000 
50.000000 41.111736 32.698978 25.161027 18.765099 13.623516 9.705185 6.872243 4.927449 3.658586 2.871004 2.405445 2.143066 2.001929 1.929385 1.893715 1.876919 1.869335 1.866049 1.864681 1.864133 1.863922 1.863844 1.863816 1.863806 1.863803 1.863802 1.863801 1.863800 1.863799 1.863794 1.863780 1.863746 1.863661 1.863457 1.862985 1.861936 1.859697 1.855114 1.846131 1.829293 1.799167 1.747820 1.664668 1.537120 1.352524 1.101638 0.783195 0.408005 0.000000 
50.000000 40.960551 32.404712 24.738589 18.233946 13.005009 9.020144 6.139132 4.161362 2.871004 2.070093 1.596662 1.329852 1.186335 1.112569 1.076299 1.059220 1.051510 1.048169 1.046778 1.046221 1.046006 1.045926 1.045897 1.045888 1.045884 1.045883 1.045883 1.045882 1.045881 1.045878 1.045870 1.045848 1.045794 1.045666 1.045371 1.044719 1.043335 1.040521 1.035047 1.024874 1.006847 0.976448 0.927794 0.854099 0.748833 0.607607 0.430463 0.223687 0.000000 
50.000000 40.871162 32.230730 24.488832 17.919922 12.639351 8.615167 5.705749 3.708499 2.405445 1.596662 1.118584 0.849159 0.704237 0.629750 0.593126 0.575881 0.568096 0.564722 0.563318 0.562756 0.562539 0.562458 0.562429 0.562419 0.562416 0.562415 0.562415 0.562414 0.562413 0.562412 0.562407 0.562394 0.562362 0.562286 0.562112 0.561730 0.560923 0.559292 0.556141 0.550331 0.540120 0.523060 0.496025 0.455501 0.398228 0.322176 0.227648 0.118076 0.000000 
50.000000 40.820774 32.132657 24.348048 17.742917 12.433250 8.386910 5.461491 3.453269 2.143066 1.329852 0.849159 0.578263 0.432550 0.357658 0.320836 0.303497 0.295670 0.292278 0.290866 0.290301 0.290083 0.290002 0.289973 0.289963 0.289959 0.289958 0.289958 0.289957 0.289957 0.289956 0.289953 0.289946 0.289928 0.289886 0.289789 0.289577 0.289131 0.288236 0.286517 0.283369 0.277877 0.268773 0.254466 0.233208 0.203422 0.164195 0.115784 0.059971 0.000000 
50.000000 40.793662 32.079890 24.272304 17.647689 12.322372 8.264117 5.330095 3.315974 2.001929 1.186335 0.704237 0.432550 0.286414 0.211304 0.174375 0.156986 0.149136 0.145735 0.144319 0.143752 0.143533 0.143452 0.143423 0.143413 0.143410 0.143408 0.143408 0.143408 0.143408 0.143407 0.143406 0.143402 0.143392 0.143370 0.143319 0.143207 0.142974 0.142507 0.141616 0.139993 0.137180 0.132549 0.125323 0.114664 0.099835 0.080435 0.056630 0.029300 0.000000 
50.000000 40.779724 32.052762 24.233363 17.598733 12.265373 8.200996 5.262553 3.245403 1.929385 1.112569 0.629750 0.357658 0.211304 0.136083 0.099099 0.081685 0.073823 0.070417 0.068999 0.068431 0.068212 0.068131 0.068102 0.068092 0.068088 0.068087 0.068087 0.068087 0.068087 0.068086 0.068085 0.068084 0.068079 0.068067 0.068042 0.067986 0.067869 0.067638 0.067197 0.066400 0.065025 0.062774 0.059285 0.054168 0.047092 0.037885 0.026639 0.013771 0.000000 
50.000000 40.772868 32.039420 24.214212 17.574657 12.237342 8.169956 5.229341 3.210703 1.893715 1.076299 0.593126 0.320836 0.174375 0.099099 0.062089 0.044662 0.036795 0.033386 0.031967 0.031398 0.031179 0.031098 0.031069 0.031059 0.031055 0.031054 0.031054 0.031054 0.031054 0.031053 0.031053 0.031052 0.031050 0.031044 0.031032 0.031005 0.030950 0.030840 0.030633 0.030258 0.029615 0.028569 0.026955 0.024600 0.021360 0.017164 0.012056 0.006228 0.000000 
50.000000 40.769639 32.033135 24.205191 17.563317 12.224141 8.155338 5.213701 3.194362 1.876919 1.059220 0.575881 0.303497 0.156986 0.081685 0.044662 0.027229 0.019359 0.015949 0.014529 0.013961 0.013742 0.013660 0.013631 0.013621 0.013618 0.013617 0.013616 0.013616 0.013616 0.013616 0.013616 0.013616 0.013614 0.013612 0.013606 0.013594 0.013569 0.013519 0.013426 0.013257 0.012970 0.012503 0.011787 0.010747 0.009322 0.007483 0.005252 0.002712 0.000000 
50.000000 40.768181 32.030297 24.201118 17.558197 12.218180 8.148738 5.206639 3.186984 1.869335 1.051510 0.568096 0.295670 0.149136 0.073823 0.036795 0.019359 0.011488 0.008077 0.006658 0.006089 0.005870 0.005788 0.005759 0.005749 0.005746 0.005745 0.005744 0.005744 0.005744 0.005744 0.005744 0.005744 0.005743 0.005742 0.005740 0.005735 0.005724 0.005702 0.005662 0.005589 0.005466 0.005266 0.004961 0.004520 0.003917 0.003142 0.002203 0.001137 0.000000 
50.000000 40.767549 32.029067 24.199353 17.555978 12.215596 8.145877 5.203579 3.183787 1.866049 1.048169 0.564722 0.292278 0.145735 0.070417 0.033386 0.015949 0.008077 0.004667 0.003247 0.002678 0.002459 0.002378 0.002348 0.002338 0.002335 0.002334 0.002334 0.002333 0.002333 0.002333 0.002333 0.002333 0.002333 0.002333 0.002332 0.002329 0.002325 0.002316 0.002299 0.002269 0.002218 0.002136 0.002011 0.001831 0.001586 0.001271 0.000891 0.000460 0.000000 
50.000000 40.767286 32.028555 24.198617 17.555054 12.214521 8.144686 5.202304 3.182456 1.864681 1.046778 0.563318 0.290866 0.144319 0.068999 0.031967 0.014529 0.006658 0.003247 0.001827 0.001258 0.001039 0.000958 0.000928 0.000918 0.000915 0.000914 0.000914 0.000913 0.000913 0.000913 0.000913 0.000913 0.000913 0.000913 0.000913 0.000912 0.000910 0.000906 0.000900 0.000888 0.000868 0.000835 0.000786 0.000715 0.000619 0.000496 0.000347 0.000179 0.000000 
50.000000 40.767180 32.028350 24.198323 17.554683 12.214090 8.144209 5.201794 3.181923 1.864134 1.046221 0.562756 0.290301 0.143752 0.068431 0.031398 0.013961 0.006089 0.002678 0.001258 0.000690 0.000471 0.000389 0.000360 0.000350 0.000346 0.000345 0.000345 0.000345 0.000345 0.000345 0.000345 0.000345 0.000345 0.000345 0.000345 0.000344 0.000344 0.000342 0.000340 0.000335 0.000327 0.000315 0.000296 0.000269 0.000233 0.000187 0.000131 0.000067 0.000000 
50.000000 40.767140 32.028271 24.198209 17.554541 12.213924 8.144025 5.201597 3.181718 1.863922 1.046006 0.562539 0.290083 0.143533 0.068212 0.031179 0.013742 0.005870 0.002459 0.001039 0.000471 0.000251 0.000170 0.000141 0.000131 0.000127 0.000126 0.000126 0.000126 0.000126 0.000126 0.000126 0.000126 0.000126 0.000126 0.000126 0.000125 0.000125 0.000125 0.000124 0.000122 0.000119 0.000115 0.000108 0.000098 0.000085 0.000068 0.000047 0.000024 0.000000 
50.000000 40.767124 32.028241 24.198167 17.554488 12.213862 8.143957 5.201524 3.181641 1.863844 1.045926 0.562458 0.290002 0.143452 0.068131 0.031098 0.013661 0.005789 0.002378 0.000958 0.000389 0.000170 0.000089 0.000059 0.000049 0.000046 0.000045 0.000045 0.000044 0.000044 0.000044 0.000044 0.000044 0.000044 0.000044 0.000044 0.000044 0.000044 0.000044 0.000044 0.000043 0.000042 0.000040 0.000038 0.000035 0.000030 0.000024 0.000017 0.000009 0.000000 
50.000000 40.767119 32.028231 24.198152 17.554469 12.213840 8.143933 5.201499 3.181614 1.863816 1.045898 0.562430 0.289973 0.143424 0.068102 0.031069 0.013632 0.005760 0.002349 0.000929 0.000360 0.000141 0.000060 0.000031 0.000021 0.000017 0.000016 0.000016 0.000016 0.000016 0.000016 0.000016 0.000016 0.000016 0.000016 0.000016 0.000016 0.000015 0.000015 0.000015 0.000015 0.000015 0.000014 0.000013 0.000012 0.000010 0.000008 0.000006 0.000003 0.000000 
50.000000 40.767117 32.028227 24.198148 17.554463 12.213833 8.143925 5.201490 3.181606 1.863807 1.045889 0.562421 0.289964 0.143415 0.068093 0.031060 0.013623 0.005751 0.002340 0.000920 0.000351 0.000132 0.000051 0.000022 0.000011 0.000008 0.000007 0.000007 0.000007 0.000007 0.000007 0.000007 0.000007 0.000007 0.000007 0.000007 0.000007 0.000007 0.000006 0.000006 0.000006 0.000006 0.000006 0.000006 0.000005 0.000004 0.000004 0.000002 0.000001 0.000000 
50.000000 40.767117 32.028227 24.198148 17.554463 12.213833 8.143925 5.201490 3.181606 1.863807 1.045889 0.562421 0.289964 0.143415 0.068093 0.031060 0.013623 0.005751 0.002340 0.000920 0.000351 0.000132 0.000051 0.000022 0.000011 0.000008 0.000007 0.000007 0.000007 0.000007 0.000007 0.000007 0.000007 0.000007 0.000007 0.000007 0.000007 0.000007 0.000006 0.000006 0.000006 0.000006 0.000006 0.000006 0.000005 0.000004 0.000004 0.000002 0.000001 0.000000 
50.000000 40.767119 32.028231 24.198152 17.554469 12.213840 8.143933 5.201499 3.181614 1.863816 1.045898 0.562430 0.289973 0.143424 0.068102 0.031069 0.013632 0.005760 0.002349 0.000929 0.000360 0.000141 0.000060 0.000031 0.000021 0.000017 0.000016 0.000016 0.000016 0.000016 0.000016 0.000016 0.000016 0.000016 0.000016 0.000016 0.000016 0.000015 0.000015 0.000015 0.000015 0.000015 0.000014 0.000013 0.000012 0.000010 0.000008 0.000006 0.000003 0.000000 
50.000000 40.767124 32.028241 24.198167 17.554488 12.213862 8.143957 5.201524 3.181641 1.863844 1.045926 0.562458 0.290002 0.143452 0.068131 0.031098 0.013661 0.005789 0.002378 0.000958 0.000389 0.000170 0.000089 0.000059 0.000049 0.000046 0.000045 0.000045 0.000044 0.000044 0.000044 0.000044 0.000044 0.000044 0.000044 0.000044 0.000044 0.000044 0.000044 0.000044 0.000043 0.000042 0.000040 0.000038 0.000035 0.000030 0.000024 0.000017 0.000009 0.000000 
50.000000 40.767140 32.028271 24.198209 17.554541 12.213924 8.144025 5.201597 3.181718 1.863922 1.046006 0.562539 0.290083 0.143533 0.068212 0.031179 0.013742 0.005870 0.002459 0.001039 0.000471 0.000251 0.000170 0.000141 0.000131 0.000127 0.000126 0.000126 0.000126 0.000126 0.000126 0.000126 0.000126 0.000126 0.000126 0.000126 0.000125 0.000125 0.000125 0.000124 0.000122 0.000119 0.000115 0.000108 0.000098 0.000085 0.000068 0.000047 0.000024 0.000000 
50.000000 40.767180 32.028350 24.198323 17.554683 12.214090 8.144209 5.201794 3.181923 1.864134 1.046221 0.562756 0.290301 0.143752 0.068431 0.031398 0.013961 0.006089 0.002678 0.001258 0.000690 0.000471 0.000389 0.000360 0.000350 0.000346 0.000345 0.000345 0.000345 0.000345 0.000345 0.000345 0.000345 0.000345 0.000345 0.000345 0.000344 0.000344 0.000342 0.000340 0.000335 0.000327 0.000315 0.000296 0.000269 0.000233 0.000187 0.000131 0.000067 0.000000 
50.000000 40.767286 32.028555 24.198617 17.555054 12.214521 8.144686 5.202304 3.182456 1.864681 1.046778 0.563318 0.290866 0.144319 0.068999 0.031967 0.014529 0.006658 0.003247 0.001827 0.001258 0.001039 0.000958 0.000928 0.000918 0.000915 0.000914 0.000914 0.000913 0.000913 0.000913 0.000913 0.000913 0.000913 0.000913 0.000913 0.000912 0.000910 0.000906 0.000900 0.000888 0.000868 0.000835 0.000786 0.000715 0.000619 0.000496 0.000347 0.000179 0.000000 
50.000000 40.767549 32.029067 24.199353 17.555978 12.215596 8.145877 5.203579 3.183787 1.866049 1.048169 0.564722 0.292278 0.145735 0.070417 0.033386 0.015949 0.008077 0.004667 0.003247 0.002678 0.002459 0.002378 0.002348 0.002338 0.002335 0.002334 0.002334 0.002333 0.002333 0.002333 0.002333 0.002333 0.002333 0.002333 0.002332 0.002329 0.002325 0.002316 0.002299 0.002269 0.002218 0.002136 0.002011 0.001831 0.001586 0.001271 0.000891 0.000460 0.000000 
50.000000 40.768181 32.030297 24.201118 17.558197 12.218180 8.148738 5.206639 3.186984 1.869335 1.051510 0.568096 0.295670 0.149136 0.073823 0.036795 0.019359 0.011488 0.008077 0.006658 0.006089 0.005870 0.005788 0.005759 0.005749 0.005746 0.005745 0.005744 0.005744 0.005744 0.005744 0.005744 0.005744 0.005743 0.005742 0.005740 0.005735 0.005724 0.005702 0.005662 0.005589 0.005466 0.005266 0.004961 0.004520 0.003917 0.003142 0.002203 0.001137 0.000000 
50.000000 40.769639 32.033135 24.205191 17.563317 12.224141 8.155338 5.213701 3.194362 1.876919 1.059220 0.575881 0.303497 0.156986 0.081685 0.044662 0.027229 0.019359 0.015949 0.014529 0.013961 0.013742 0.013660 0.013631 0.013621 0.013618 0.013617 0.013616 0.013616 0.013616 0.013616 0.013616 0.013616 0.013614 0.013612 0.013606 0.013594 0.013569 0.013519 0.013426 0.013257 0.012970 0.012503 0.011787 0.010747 0.009322 0.007483 0.005252 0.002712 0.000000 
50.000000 40.772868 32.039420 24.214212 17.574657 12.237342 8.169956 5.229341 3.210703 1.893715 1.076299 0.593126 0.320836 0.174375 0.099099 0.062089 0.044662 0.036795 0.033386 0.031967 0.031398 0.031179 0.031098 0.031069 0.031059 0.031055 0.031054 0.031054 0.031054 0.031054 0.031053 0.031053 0.031052 0.031050 0.031044 0.031032 0.031005 0.030950 0.030840 0.030633 0.030258 0.029615 0.028569 0.026955 0.024600 0.021360 0.017164 0.012056 0.006228 0.000000 
50.000000 40.779724 32.052762 24.233363 17.598733 12.265373 8.200996 5.262553 3.245403 1.929385 1.112569 0.629750 0.357658 0.211304 0.136083 0.099099 0.081685 0.073823 0.070417 0.068999 0.068431 0.068212 0.068131 0.068102 0.068092 0.068088 0.068087 0.068087 0.068087 0.068087 0.068086 0.068085 0.068084 0.068079 0.068067 0.068042 0.067986 0.067869 0.067638 0.067197 0.066400 0.065025 0.062774 0.059285 0.054168 0.047092 0.037885 0.026639 0.013771 0.000000 
50.000000 40.793662 32.079890 24.272304 17.647689 12.322372 8.264117 5.330095 3.315974 2.001929 1.186335 0.704237 0.432550 0.286414 0.211304 0.174375 0.156986 0.149136 0.145735 0.144319 0.143752 0.143533 0.143452 0.143423 0.143413 0.143410 0.143408 0.143408 0.143408 0.143408 0.143407 0.143406 0.143402 0.143392 0.143370 0.143319 0.143207 0.142974 0.142507 0.141616 0.139993 0.137180 0.132549 0.125323 0.114664 0.099835 0.080435 0.056630 0.029300 0.000000 
50.000000 40.820774 32.132657 24.348048 17.742917 12.433250 8.386910 5.461491 3.453269 2.143066 1.329852 0.849159 0.578263 0.432550 0.357658 0.320836 0.303497 0.295670 0.292278 0.290866 0.290301 0.290083 0.290002 0.289973 0.289963 0.289959 0.289958 0.289958 0.289957 0.289957 0.289956 0.289953 0.289946 0.289928 0.289886 0.289789 0.289577 0.289131 0.288236 0.286517 0.283369 0.277877 0.268773 0.254466 0.233208 0.203422 0.164195 0.115784 0.059971 0.000000 
50.000000 40.871162 32.230730 24.488832 17.919922 12.639351 8.615167 5.705749 3.708499 2.405445 1.596662 1.118584 0.849159 0.704237 0.629750 0.593126 0.575881 0.568096 0.564722 0.563318 0.562756 0.562539 0.562458 0.562429 0.562419 0.562416 0.562415 0.562415 0.562414 0.562413 0.562412 0.562407 0.562394 0.562362 0.562286 0.562112 0.561730 0.560923 0.559292 0.556141 0.550331 0.540120 0.523060 0.496025 0.455501 0.398228 0.322176 0.227648 0.118076 0.000000 
50.000000 40.960551 32.404712 24.738589 18.233946 13.005009 9.020144 6.139132 4.161362 2.871004 2.070093 1.596662 1.329852 1.186335 1.112569 1.076299 1.059220 1.051510 1.048169 1.046778 1.046221 1.046006 1.045926 1.045897 1.045888 1.045884 1.045883 1.045883 1.045882 1.045881 1.045878 1.045870 1.045848 1.045794 1.045666 1.045371 1.044719 1.043335 1.040521 1.035047 1.024874 1.006847 0.976448 0.927794 0.854099 0.748833 0.607607 0.430463 0.223687 0.000000 
50.000000 41.111736 32.698978 25.161027 18.765099 13.623516 9.705185 6.872243 4.927449 3.658586 2.871004 2.405445 2.143066 2.001929 1.929385 1.893715 1.876919 1.869335 1.866049 1.864681 1.864133 1.863922 1.863844 1.863816 1.863806 1.863803 1.863802 1.863801 1.863800 1.863799 1.863794 1.863780 1.863746 1.863661 1.863457 1.862985 1.861936 1.859697 1.855114 1.846131 1.829293 1.799167 1.747820 1.664668 1.537120 1.352524 1.101638 0.783195 0.408005 0.000000 
50.000000 41.355262 33.172981 25.841502 19.620718 14.619881 10.808763 8.053295 6.161655 4.927449 4.161362 3.708499 3.453269 3.315974 3.245403 3.210703 3.194362 3.186984 3.183787 3.182456 3.181923 3.181718 3.181641 3.181614 3.181604 3.181601 3.181600 3.181600 3.181599 3.181596 3.181589 3.181569 3.181519 3.181392 3.181087 3.180379 3.178795 3.175392 3.168379 3.154516 3.128282 3.080827 2.998939 2.864473 2.655047 2.346974 1.921262 1.372409 0.717479 0.000000 
50.000000 41.728450 33.899368 26.884320 20.931973 16.146871 12.500110 9.863427 8.053295 6.872243 6.139132 5.705749 5.461491 5.330095 5.262553 5.229341 5.213701 5.206639 5.203579 5.202304 5.201794 5.201597 5.201524 5.201498 5.201489 5.201486 5.201485 5.201484 5.201483 5.201479 5.201469 5.201443 5.201373 5.201197 5.200772 5.199779 5.197546 5.192719 5.182689 5.162684 5.124423 5.054357 4.931713 4.727008 4.402245 3.914697 3.226368 2.320088 1.219163 0.000000 
50.000000 42.271980 34.957328 28.403174 22.841844 18.371019 14.963712 12.500110 10.808763 9.705185 9.020144 8.615167 8.386910 8.264117 8.200996 8.169956 8.155338 8.148738 8.145877 8.144686 8.144209 8.144025 8.143957 8.143932 8.143924 8.143921 8.143920 8.143919 8.143918 8.143913 8.143900 8.143866 8.143777 8.143551 8.143001 8.141711 8.138794 8.132444 8.119141 8.092350 8.040517 7.944290 7.773102 7.481856 7.009386 6.281818 5.225461 3.793984 2.009426 0.000000 
50.000000 43.023651 36.420437 30.503712 25.483196 21.447080 18.371019 16.146871 14.619881 13.623516 13.005009 12.639351 12.433250 12.322372 12.265373 12.237342 12.224141 12.218180 12.215596 12.214521 12.214090 12.213924 12.213862 12.213840 12.213832 12.213830 12.213829 12.213828 12.213826 12.213820 12.213806 12.213765 12.213660 12.213394 12.212742 12.211205 12.207708 12.200043 12.183850 12.150909 12.086396 11.964834 11.744626 11.361632 10.723540 9.709208 8.181358 6.026112 3.232696 0.000000 
50.000000 44.009868 38.340104 33.259746 28.948867 25.483196 22.841844 20.931973 19.620718 18.765099 18.233946 17.919922 17.742917 17.647689 17.598733 17.574657 17.563317 17.558197 17.555978 17.555054 17.554683 17.554541 17.554488 17.554469 17.554462 17.554460 17.554459 17.554458 17.554456 17.554450 17.554435 17.554392 17.554280 17.553995 17.553296 17.551640 17.547853 17.539495 17.521694 17.485113 17.412575 17.273745 17.017276 16.560026 15.773988 14.474433 12.420149 9.352965 5.129796 0.000000 
50.000000 45.236570 40.727885 36.687879 33.259746 30.503712 28.403174 26.884320 25.841502 25.161027 24.738589 24.488832 24.348048 24.272304 24.233363 24.214212 24.205191 24.201118 24.199353 24.198617 24.198323 24.198209 24.198167 24.198152 24.198147 24.198145 24.198144 24.198143 24.198141 24.198136 24.198122 24.198082 24.197976 24.197708 24.197048 24.195478 24.191868 24.183853 24.166656 24.130982 24.059389 23.920241 23.657952 23.177713 22.322353 20.839597 18.343940 14.303916 8.174007 0.000000 
50.000000 46.682202 43.541829 40.727885 38.340104 36.420437 34.957328 33.899368 33.172981 32.698978 32.404712 32.230730 32.132657 32.079890 32.052762 32.039420 32.033135 32.030297 32.029067 32.028555 32.028350 32.028271 32.028241 32.028231 32.028227 32.028226 32.028225 32.028225 32.028223 32.028219 32.028208 32.028176 32.028094 32.027883 32.027364 32.026123 32.023260 32.016873 32.003082 31.974249 31.915784 31.800571 31.579280 31.163344 30.394326 28.987139 26.423969 21.770914 13.481248 0.000000 
50.000000 48.295527 46.682202 45.236570 44.009868 43.023651 42.271980 41.728450 41.355262 41.111736 40.960551 40.871162 40.820774 40.793662 40.779724 40.772868 40.769639 40.768181 40.767549 40.767286 40.767180 40.767140 40.767124 40.767119 40.767117 40.767116 40.767116 40.767116 40.767115 40.767113 40.767107 40.767089 40.767044 40.766928 40.766640 40.765953 40.764363 40.760803 40.753086 40.736864 40.703731 40.637783 40.509288 40.262554 39.790954 38.880072 37.062562 33.200954 24.147764 0.000000 
50.000000 50.000000 50.000000 50.000000 50.000000 50.000000 50.000000 50.000000 50.000000 50.000000 50.000000 50.000000 50.000000 50.000000 50.000000 50.000000 50.000000 50.000000 50.000000 50.000000 50.000000 50.000000 50.000000 50.000000 50.000000 50.000000 50.000000 50.000000 50.000000 50.000000 50.000000 50.000000 50.000000 50.000000 50.000000 50.000000 50.000000 50.000000 50.000000 50.000000 50.000000 50.000000 50.000000 50.000000 50.000000 50.000000 50.000000 50.000000 50.000000 50.000000 
