50.000000 50.000000 50.000000 50.000000 50.000000 50.000000 50.000000 50.000000 50.000000 50.000000 50.000000 50.000000 50.000000 50.000000 50.000000 50.000000 50.000000 50.000000 50.000000 50.000000 50.000000 50.000000 50.000000 50.000000 50.000000 50.000000 50.000000 50.000000 50.000000 50.000000 50.000000 50.000000 50.000000 50.000000 50.000000 50.000000 50.000000 50.000000 50.000000 50.000000 50.000000 50.000000 50.000000 50.000000 50.000000 50.000000 50.000000 50.000000 50.000000 50.000000 
50.000000 47.813276 45.776498 44.008831 42.578382 41.497939 40.735250 40.231331 39.919178 39.737570 39.638149 39.586839 39.561827 39.550290 39.545245 39.543150 39.542322 39.542010 39.541898 39.541860 39.541847 39.541843 39.541842 39.541841 39.541841 39.541841 39.541841 39.541841 39.541841 39.541841 39.541840 39.541838 39.541831 39.541811 39.541749 39.541575 39.541102 39.539862 39.536745 39.529211 39.511683 39.472339 39.386825 39.205787 38.829024 38.047260 36.395309 32.733408 23.906638 0.000000 
50.000000 45.776498 41.842621 38.428534 35.665782 33.579055 32.106051 31.132834 30.529990 30.179267 29.987271 29.888186 29.839888 29.817610 29.807868 29.803822 29.802223 29.801622 29.801405 29.801331 29.801307 29.801299 29.801297 29.801296 29.801296 29.801296 29.801296 29.801296 29.801296 29.801295 29.801294 29.801290 29.801278 29.801242 29.801134 29.800829 29.799999 29.797834 29.792415 29.779390 29.749309 29.682481 29.539346 29.242848 28.646227 27.473723 25.211442 20.921311 13.043090 0.000000 
50.000000 44.008831 38.428534 33.585622 29.666697 26.706765 24.617426 23.237036 22.382004 21.884581 21.612288 21.471770 21.403279 21.371688 21.357875 21.352138 21.349872 21.349019 21.348712 21.348607 21.348572 21.348561 21.348558 21.348557 21.348557 21.348557 21.348557 21.348557 21.348557 21.348556 21.348555 21.348550 21.348536 21.348491 21.348360 21.347990 21.346990 21.344392 21.337930 21.322519 21.287299 21.210130 21.047931 20.720605 20.085909 18.903479 16.792811 13.217092 7.613521 0.000000 
50.000000 42.578382 35.665782 29.666697 24.812280 21.145873 18.557931 16.848186 15.789190 15.173138 14.835924 14.661912 14.577100 14.537984 14.520881 14.513779 14.510973 14.509917 14.509538 14.509407 14.509364 14.509351 14.509347 14.509346 14.509345 14.509345 14.509345 14.509345 14.509345 14.509345 14.509343 14.509339 14.509324 14.509279 14.509149 14.508782 14.507794 14.505245 14.498949 14.484075 14.450481 14.377984 14.228589 13.934863 13.384723 12.406140 10.763218 8.192058 4.531122 0.000000 
50.000000 41.497939 33.579055 26.706765 21.145873 16.945999 13.981607 12.023234 10.810294 10.104723 9.718528 9.519253 9.422133 9.377344 9.357761 9.349631 9.346419 9.345210 9.344775 9.344626 9.344577 9.344562 9.344557 9.344556 9.344555 9.344555 9.344555 9.344555 9.344555 9.344555 9.344554 9.344550 9.344537 9.344498 9.344385 9.344070 9.343224 9.341057 9.335746 9.323321 9.295594 9.236654 9.117476 8.888704 8.473000 7.761150 6.620856 4.932827 2.668915 0.000000 
50.000000 40.735250 32.106051 24.617426 18.557931 13.981607 10.751609 8.617849 7.296338 6.527646 6.106925 5.889846 5.784056 5.735270 5.713943 5.705088 5.701590 5.700274 5.699801 5.699638 5.699585 5.699568 5.699563 5.699561 5.699561 5.699561 5.699561 5.699561 5.699561 5.699560 5.699560 5.699556 5.699547 5.699517 5.699430 5.699188 5.698543 5.696901 5.692910 5.683660 5.663259 5.620501 5.535524 5.375805 5.092903 4.623068 3.896821 2.863203 1.529464 0.000000 
50.000000 40.231331 31.132834 23.237036 16.848186 12.023234 8.617849 6.368302 4.975132 4.164791 3.721295 3.492475 3.380970 3.329552 3.307074 3.297742 3.294057 3.292669 3.292171 3.292000 3.291944 3.291926 3.291921 3.291919 3.291919 3.291919 3.291919 3.291919 3.291919 3.291918 3.291918 3.291915 3.291908 3.291888 3.291827 3.291659 3.291213 3.290086 3.287368 3.281125 3.267503 3.239317 3.184151 3.082326 2.905758 2.619598 2.189106 1.593488 0.844506 0.000000 
50.000000 39.919178 30.529990 22.382004 15.789190 10.810294 7.296338 4.975132 3.537625 2.701525 2.243947 2.007871 1.892835 1.839791 1.816603 1.806977 1.803176 1.801745 1.801231 1.801054 1.800996 1.800978 1.800973 1.800971 1.800971 1.800970 1.800970 1.800970 1.800970 1.800970 1.800970 1.800968 1.800964 1.800950 1.800912 1.800805 1.800523 1.799814 1.798117 1.794251 1.785898 1.768813 1.735815 1.675837 1.573641 1.411206 1.171873 0.847510 0.446840 0.000000 
50.000000 39.737570 30.179267 21.884581 15.173138 10.104723 6.527646 4.164791 2.701525 1.850463 1.384709 1.144422 1.027337 0.973350 0.949752 0.939955 0.936087 0.934631 0.934108 0.933928 0.933869 0.933850 0.933845 0.933843 0.933843 0.933843 0.933842 0.933842 0.933842 0.933842 0.933842 0.933841 0.933839 0.933831 0.933808 0.933745 0.933580 0.933169 0.932189 0.929974 0.925231 0.915627 0.897289 0.864387 0.809129 0.722657 0.597282 0.429958 0.225887 0.000000 
50.000000 39.638149 29.987271 21.612288 14.835924 9.718528 6.106925 3.721295 2.243947 1.384709 0.914489 0.671904 0.553701 0.499200 0.475377 0.465488 0.461582 0.460112 0.459585 0.459403 0.459344 0.459325 0.459319 0.459318 0.459317 0.459317 0.459317 0.459317 0.459317 0.459317 0.459317 0.459316 0.459315 0.459310 0.459298 0.459264 0.459174 0.458952 0.458426 0.457245 0.454734 0.449696 0.440170 0.423264 0.395207 0.351848 0.289769 0.207881 0.108938 0.000000 
50.000000 39.586839 29.888186 21.471770 14.661912 9.519253 5.889846 3.492475 2.007871 1.144422 0.671904 0.428135 0.309357 0.254592 0.230654 0.220717 0.216793 0.215316 0.214785 0.214603 0.214543 0.214525 0.214519 0.214517 0.214517 0.214517 0.214517 0.214517 0.214517 0.214517 0.214516 0.214516 0.214515 0.214513 0.214507 0.214489 0.214444 0.214332 0.214068 0.213478 0.212234 0.209755 0.205107 0.196936 0.183507 0.162963 0.133841 0.095771 0.050094 0.000000 
50.000000 39.561827 29.839888 21.403279 14.577100 9.422133 5.784056 3.380970 1.892835 1.027337 0.553701 0.309357 0.190300 0.135406 0.111412 0.101452 0.097519 0.096039 0.095507 0.095325 0.095265 0.095246 0.095240 0.095238 0.095238 0.095238 0.095238 0.095238 0.095238 0.095238 0.095238 0.095238 0.095237 0.095236 0.095233 0.095225 0.095203 0.095150 0.095025 0.094749 0.094169 0.093020 0.090883 0.087154 0.081076 0.071855 0.058887 0.042053 0.021965 0.000000 
50.000000 39.550290 29.817610 21.371688 14.537984 9.377344 5.735270 3.329552 1.839791 0.973350 0.499200 0.254592 0.135406 0.080453 0.056434 0.046463 0.042526 0.041044 0.040512 0.040329 0.040269 0.040250 0.040245 0.040243 0.040242 0.040242 0.040242 0.040242 0.040242 0.040242 0.040242 0.040242 0.040242 0.040242 0.040240 0.040236 0.040227 0.040203 0.040148 0.040025 0.039770 0.039268 0.038338 0.036727 0.034119 0.030190 0.024698 0.017611 0.009188 0.000000 
50.000000 39.545245 29.807868 21.357875 14.520881 9.357761 5.713943 3.307074 1.816603 0.949752 0.475377 0.230654 0.111412 0.056434 0.032403 0.022428 0.018489 0.017006 0.016474 0.016291 0.016231 0.016212 0.016206 0.016205 0.016204 0.016204 0.016204 0.016204 0.016204 0.016204 0.016204 0.016204 0.016204 0.016204 0.016203 0.016202 0.016198 0.016188 0.016164 0.016113 0.016007 0.015799 0.015415 0.014755 0.013692 0.012099 0.009884 0.007039 0.003669 0.000000 
50.000000 39.543150 29.803822 21.352138 14.513779 9.349631 5.705088 3.297742 1.806977 0.939955 0.465488 0.220717 0.101452 0.046463 0.022428 0.012451 0.008511 0.007028 0.006496 0.006313 0.006253 0.006234 0.006228 0.006226 0.006226 0.006226 0.006226 0.006226 0.006226 0.006226 0.006226 0.006226 0.006226 0.006226 0.006225 0.006225 0.006223 0.006219 0.006210 0.006190 0.006148 0.006066 0.005915 0.005658 0.005245 0.004630 0.003778 0.002688 0.001400 0.000000 
50.000000 39.542322 29.802223 21.349872 14.510973 9.346419 5.701590 3.294057 1.803176 0.936087 0.461582 0.216793 0.097519 0.042526 0.018489 0.008511 0.004571 0.003088 0.002555 0.002372 0.002312 0.002293 0.002288 0.002286 0.002286 0.002285 0.002285 0.002285 0.002285 0.002285 0.002285 0.002285 0.002285 0.002285 0.002285 0.002285 0.002284 0.002283 0.002279 0.002272 0.002256 0.002225 0.002169 0.002073 0.001921 0.001694 0.001381 0.000982 0.000511 0.000000 
50.000000 39.542010 29.801622 21.349019 14.509917 9.345210 5.700274 3.292669 1.801745 0.934631 0.460112 0.215316 0.096039 0.041044 0.017006 0.007028 0.003088 0.001605 0.001072 0.000890 0.000829 0.000811 0.000805 0.000803 0.000803 0.000803 0.000802 0.000802 0.000802 0.000802 0.000802 0.000802 0.000802 0.000802 0.000802 0.000802 0.000802 0.000802 0.000800 0.000798 0.000792 0.000781 0.000761 0.000727 0.000673 0.000593 0.000483 0.000343 0.000179 0.000000 
50.000000 39.541898 29.801405 21.348712 14.509538 9.344775 5.699801 3.292171 1.801231 0.934108 0.459585 0.214785 0.095507 0.040512 0.016474 0.006496 0.002555 0.001072 0.000540 0.000357 0.000297 0.000278 0.000272 0.000271 0.000270 0.000270 0.000270 0.000270 0.000270 0.000270 0.000270 0.000270 0.000270 0.000270 0.000270 0.000270 0.000270 0.000270 0.000269 0.000268 0.000266 0.000263 0.000256 0.000244 0.000226 0.000199 0.000162 0.000115 0.000060 0.000000 
50.000000 39.541860 29.801331 21.348607 14.509407 9.344626 5.699638 3.292000 1.801054 0.933928 0.459403 0.214603 0.095325 0.040329 0.016291 0.006313 0.002372 0.000890 0.000357 0.000174 0.000114 0.000095 0.000089 0.000088 0.000087 0.000087 0.000087 0.000087 0.000087 0.000087 0.000087 0.000087 0.000087 0.000087 0.000087 0.000087 0.000087 0.000087 0.000087 0.000086 0.000086 0.000085 0.000082 0.000079 0.000073 0.000064 0.000052 0.000037 0.000019 0.000000 
50.000000 39.541847 29.801307 21.348572 14.509364 9.344577 5.699585 3.291944 1.800996 0.933869 0.459344 0.214543 0.095265 0.040269 0.016231 0.006253 0.002312 0.000829 0.000297 0.000114 0.000054 0.000035 0.000029 0.000028 0.000027 0.000027 0.000027 0.000027 0.000027 0.000027 0.000027 0.000027 0.000027 0.000027 0.000027 0.000027 0.000027 0.000027 0.000027 0.000027 0.000027 0.000026 0.000026 0.000024 0.000023 0.000020 0.000016 0.000011 0.000006 0.000000 
50.000000 39.541843 29.801299 21.348561 14.509351 9.344562 5.699568 3.291926 1.800978 0.933850 0.459325 0.214525 0.095246 0.040250 0.016212 0.006234 0.002293 0.000811 0.000278 0.000095 0.000035 0.000016 0.000010 0.000009 0.000008 0.000008 0.000008 0.000008 0.000008 0.000008 0.000008 0.000008 0.000008 0.000008 0.000008 0.000008 0.000008 0.000008 0.000008 0.000008 0.000008 0.000008 0.000008 0.000007 0.000007 0.000006 0.000005 0.000003 0.000002 0.000000 
50.000000 39.541842 29.801297 21.348558 14.509347 9.344557 5.699563 3.291921 1.800973 0.933845 0.459319 0.214519 0.095240 0.040245 0.016206 0.006228 0.002288 0.000805 0.000272 0.000089 0.000029 0.000010 0.000005 0.000003 0.000002 0.000002 0.000002 0.000002 0.000002 0.000002 0.000002 0.000002 0.000002 0.000002 0.000002 0.000002 0.000002 0.000002 0.000002 0.000002 0.000002 0.000002 0.000002 0.000002 0.000002 0.000002 0.000001 0.000001 0.000001 0.000000 
50.000000 39.541841 29.801296 21.348557 14.509346 9.344556 5.699561 3.291919 1.800971 0.933843 0.459318 0.214517 0.095238 0.040243 0.016205 0.006226 0.002286 0.000803 0.000271 0.000088 0.000028 0.000009 0.000003 0.000001 0.000001 0.000001 0.000001 0.000001 0.000001 0.000001 0.000001 0.000001 0.000001 0.000001 0.000001 0.000001 0.000001 0.000001 0.000001 0.000001 0.000001 0.000001 0.000001 0.000001 0.000001 0.000000 0.000000 0.000000 0.000000 0.000000 
50.000000 39.541841 29.801296 21.348557 14.509345 9.344555 5.699561 3.291919 1.800971 0.933843 0.459317 0.214517 0.095238 0.040242 0.016204 0.006226 0.002286 0.000803 0.000270 0.000087 0.000027 0.000008 0.000003 0.000001 0.000000 0.000000 0.000000 0.000000 0.000000 0.000000 0.000000 0.000000 0.000000 0.000000 0.000000 0.000000 0.000000 0.000000 0.000000 0.000000 0.000000 0.000000 0.000000 0.000000 0.000000 0.000000 0.000000 0.000000 0.000000 0.000000 
50.000000 39.541841 29.801296 21.348557 14.509345 9.344555 5.699561 3.291919 1.800971 0.933843 0.459317 0.214517 0.095238 0.040242 0.016204 0.006226 0.002286 0.000803 0.000270 0.000087 0.000027 0.000008 0.000003 0.000001 0.000000 0.000000 0.000000 0.000000 0.000000 0.000000 0.000000 0.000000 0.000000 0.000000 0.000000 0.000000 0.000000 0.000000 0.000000 0.000000 0.000000 0.000000 0.000000 0.000000 0.000000 0.000000 0.000000 0.000000 0.000000 0.000000 
50.000000 39.541841 29.801296 21.348557 14.509346 9.344556 5.699561 3.291919 1.800971 0.933843 0.459318 0.214517 0.095238 0.040243 0.016205 0.006226 0.002286 0.000803 0.000271 0.000088 0.000028 0.000009 0.000003 0.000001 0.000001 0.000001 0.000001 0.000001 0.000001 0.000001 0.000001 0.000001 0.000001 0.000001 0.000001 0.000001 0.000001 0.000001 0.000001 0.000001 0.000001 0.000001 0.000001 0.000001 0.000001 0.000000 0.000000 0.000000 0.000000 0.000000 
50.000000 39.541842 29.801297 21.348558 14.509347 9.344557 5.699563 3.291921 1.800973 0.933845 0.459319 0.214519 0.095240 0.040245 0.016206 0.006228 0.002288 0.000805 0.000272 0.000089 0.000029 0.000010 0.000005 0.000003 0.000002 0.000002 0.000002 0.000002 0.000002 0.000002 0.000002 0.000002 0.000002 0.000002 0.000002 0.000002 0.000002 0.000002 0.000002 0.000002 0.000002 0.000002 0.000002 0.000002 0.000002 0.000002 0.000001 0.000001 0.000001 0.000000 
50.000000 39.541843 29.801299 21.348561 14.509351 9.344562 5.699568 3.291926 1.800978 0.933850 0.459325 0.214525 0.095246 0.040250 0.016212 0.006234 0.002293 0.000811 0.000278 0.000095 0.000035 0.000016 0.000010 0.000009 0.000008 0.000008 0.000008 0.000008 0.000008 0.000008 0.000008 0.000008 0.000008 0.000008 0.000008 0.000008 0.000008 0.000008 0.000008 0.000008 0.000008 0.000008 0.000008 0.000007 0.000007 0.000006 0.000005 0.000003 0.000002 0.000000 
50.000000 39.541847 29.801307 21.348572 14.509364 9.344577 5.699585 3.291944 1.800996 0.933869 0.459344 0.214543 0.095265 0.040269 0.016231 0.006253 0.002312 0.000829 0.000297 0.000114 0.000054 0.000035 0.000029 0.000028 0.000027 0.000027 0.000027 0.000027 0.000027 0.000027 0.000027 0.000027 0.000027 0.000027 0.000027 0.000027 0.000027 0.000027 0.000027 0.000027 0.000027 0.000026 0.000026 0.000024 0.000023 0.000020 0.000016 0.000011 0.000006 0.000000 
50.000000 39.541860 29.801331 21.348607 14.509407 9.344626 5.699638 3.292000 1.801054 0.933928 0.459403 0.214603 0.095325 0.040329 0.016291 0.006313 0.002372 0.000890 0.000357 0.000174 0.000114 0.000095 0.000089 0.000088 0.000087 0.000087 0.000087 0.000087 0.000087 0.000087 0.000087 0.000087 0.000087 0.000087 0.000087 0.000087 0.000087 0.000087 0.000087 0.000086 0.000086 0.000085 0.000082 0.000079 0.000073 0.000064 0.000052 0.000037 0.000019 0.000000 
50.000000 39.541898 29.801405 21.348712 14.509538 9.344775 5.699801 3.292171 1.801231 0.934108 0.459585 0.214785 0.095507 0.040512 0.016474 0.006496 0.002555 0.001072 0.000540 0.000357 0.000297 0.000278 0.000272 0.000271 0.000270 0.000270 0.000270 0.000270 0.000270 0.000270 0.000270 0.000270 0.000270 0.000270 0.000270 0.000270 0.000270 0.000270 0.000269 0.000268 0.000266 0.000263 0.000256 0.000244 0.000226 0.000199 0.000162 0.000115 0.000060 0.000000 
50.000000 39.542010 29.801622 21.349019 14.509917 9.345210 5.700274 3.292669 1.801745 0.934631 0.460112 0.215316 0.096039 0.041044 0.017006 0.007028 0.003088 0.001605 0.001072 0.000890 0.000829 0.000811 0.000805 0.000803 0.000803 0.000803 0.000802 0.000802 0.000802 0.000802 0.000802 0.000802 0.000802 0.000802 0.000802 0.000802 0.000802 0.000802 0.000800 0.000798 0.000792 0.000781 0.000761 0.000727 0.000673 0.000593 0.000483 0.000343 0.000179 0.000000 
50.000000 39.542322 29.802223 21.349872 14.510973 9.346419 5.701590 3.294057 1.803176 0.936087 0.461582 0.216793 0.097519 0.042526 0.018489 0.008511 0.004571 0.003088 0.002555 0.002372 0.002312 0.002293 0.002288 0.002286 0.002286 0.002285 0.002285 0.002285 0.002285 0.002285 0.002285 0.002285 0.002285 0.002285 0.002285 0.002285 0.002284 0.002283 0.002279 0.002272 0.002256 0.002225 0.002169 0.002073 0.001921 0.001694 0.001381 0.000982 0.000511 0.000000 
50.000000 39.543150 29.803822 21.352138 14.513779 9.349631 5.705088 3.297742 1.806977 0.939955 0.465488 0.220717 0.101452 0.046463 0.022428 0.012451 0.008511 0.007028 0.006496 0.006313 0.006253 0.006234 0.006228 0.006226 0.006226 0.006226 0.006226 0.006226 0.006226 0.006226 0.006226 0.006226 0.006226 0.006226 0.006225 0.006225 0.006223 0.006219 0.006210 0.006190 0.006148 0.006066 0.005915 0.005658 0.005245 0.004630 0.003778 0.002688 0.001400 0.000000 
50.000000 39.545245 29.807868 21.357875 14.520881 9.357761 5.713943 3.307074 1.816603 0.949752 0.475377 0.230654 0.111412 0.056434 0.032403 0.022428 0.018489 0.017006 0.016474 0.016291 0.016231 0.016212 0.016206 0.016205 0.016204 0.016204 0.016204 0.016204 0.016204 0.016204 0.016204 0.016204 0.016204 0.016204 0.016203 0.016202 0.016198 0.016188 0.016164 0.016113 0.016007 0.015799 0.015415 0.014755 0.013692 0.012099 0.009884 0.007039 0.003669 0.000000 
50.000000 39.550290 29.817610 21.371688 14.537984 9.377344 5.735270 3.329552 1.839791 0.973350 0.499200 0.254592 0.135406 0.080453 0.056434 0.046463 0.042526 0.041044 0.040512 0.040329 0.040269 0.040250 0.040245 0.040243 0.040242 0.040242 0.040242 0.040242 0.040242 0.040242 0.040242 0.040242 0.040242 0.040242 0.040240 0.040236 0.040227 0.040203 0.040148 0.040025 0.039770 0.039268 0.038338 0.036727 0.034119 0.030190 0.024698 0.017611 0.009188 0.000000 
50.000000 39.561827 29.839888 21.403279 14.577100 9.422133 5.784056 3.380970 1.892835 1.027337 0.553701 0.309357 0.190300 0.135406 0.111412 0.101452 0.097519 0.096039 0.095507 0.095325 0.095265 0.095246 0.095240 0.095238 0.095238 0.095238 0.095238 0.095238 0.095238 0.095238 0.095238 0.095238 0.095237 0.095236 0.095233 0.095225 0.095203 0.095150 0.095025 0.094749 0.094169 0.093020 0.090883 0.087154 0.081076 0.071855 0.058887 0.042053 0.021965 0.000000 
50.000000 39.586839 29.888186 21.471770 14.661912 9.519253 5.889846 3.492475 2.007871 1.144422 0.671904 0.428135 0.309357 0.254592 0.230654 0.220717 0.216793 0.215316 0.214785 0.214603 0.214543 0.214525 0.214519 0.214517 0.214517 0.214517 0.214517 0.214517 0.214517 0.214517 0.214516 0.214516 0.214515 0.214513 0.214507 0.214489 0.214444 0.214332 0.214068 0.213478 0.212234 0.209755 0.205107 0.196936 0.183507 0.162963 0.133841 0.095771 0.050094 0.000000 
50.000000 39.638149 29.987271 21.612288 14.835924 9.718528 6.106925 3.721295 2.243947 1.384709 0.914489 0.671904 0.553701 0.499200 0.475377 0.465488 0.461582 0.460112 0.459585 0.459403 0.459344 0.459325 0.459319 0.459318 0.459317 0.459317 0.459317 0.459317 0.459317 0.459317 0.459317 0.459316 0.459315 0.459310 0.459298 0.459264 0.459174 0.458952 0.458426 0.457245 0.454734 0.449696 0.440170 0.423264 0.395207 0.351848 0.289769 0.207881 0.108938 0.000000 
50.000000 39.737570 30.179267 21.884581 15.173138 10.104723 6.527646 4.164791 2.701525 1.850463 1.384709 1.144422 1.027337 0.973350 0.949752 0.939955 0.936087 0.934631 0.934108 0.933928 0.933869 0.933850 0.933845 0.933843 0.933843 0.933843 0.933842 0.933842 0.933842 0.933842 0.933842 0.933841 0.933839 0.933831 0.933808 0.933745 0.933580 0.933169 0.932189 0.929974 0.925231 0.915627 0.897289 0.864387 0.809129 0.722657 0.597282 0.429958 0.225887 0.000000 
50.000000 39.919178 30.529990 22.382004 15.789190 10.810294 7.296338 4.975132 3.537625 2.701525 2.243947 2.007871 1.892835 1.839791 1.816603 1.806977 1.803176 1.801745 1.801231 1.801054 1.800996 1.800978 1.800973 1.800971 1.800971 1.800970 1.800970 1.800970 1.800970 1.800970 1.800970 1.800968 1.800964 1.800950 1.800912 1.800805 1.800523 1.799814 1.798117 1.794251 1.785898 1.768813 1.735815 1.675837 1.573641 1.411206 1.171873 0.847510 0.446840 0.000000 
50.000000 40.231331 31.132834 23.237036 16.848186 12.023234 8.617849 6.368302 4.975132 4.164791 3.721295 3.492475 3.380970 3.329552 3.307074 3.297742 3.294057 3.292669 3.292171 3.292000 3.291944 3.291926 3.291921 3.291919 3.291919 3.291919 3.291919 3.291919 3.291919 3.291918 3.291918 3.291915 3.291908 3.291888 3.291827 3.291659 3.291213 3.290086 3.287368 3.281125 3.267503 3.239317 3.184151 3.082326 2.905758 2.619598 2.189106 1.593488 0.844506 0.000000 
50.000000 40.735250 32.106051 24.617426 18.557931 13.981607 10.751609 8.617849 7.296338 6.527646 6.106925 5.889846 5.784056 5.735270 5.713943 5.705088 5.701590 5.700274 5.699801 5.699638 5.699585 5.699568 5.699563 5.699561 5.699561 5.699561 5.699561 5.699561 5.699561 5.699560 5.699560 5.699556 5.699547 5.699517 5.699430 5.699188 5.698543 5.696901 5.692910 5.683660 5.663259 5.620501 5.535524 5.375805 5.092903 4.623068 3.896821 2.863203 1.529464 0.000000 
50.000000 41.497939 33.579055 26.706765 21.145873 16.945999 13.981607 12.023234 10.810294 10.104723 9.718528 9.519253 9.422133 9.377344 9.357761 9.349631 9.346419 9.345210 9.344775 9.344626 9.344577 9.344562 9.344557 9.344556 9.344555 9.344555 9.344555 9.344555 9.344555 9.344555 9.344554 9.344550 9.344537 9.344498 9.344385 9.344070 9.343224 9.341057 9.335746 9.323321 9.295594 9.236654 9.117476 8.888704 8.473000 7.761150 6.620856 4.932827 2.668915 0.000000 
50.000000 42.578382 35.665782 29.666697 24.812280 21.145873 18.557931 16.848186 15.789190 15.173138 14.835924 14.661912 14.577100 14.537984 14.520881 14.513779 14.510973 14.509917 14.509538 14.509407 14.509364 14.509351 14.509347 14.509346 14.509345 14.509345 14.509345 14.509345 14.509345 14.509345 14.509343 14.509339 14.509324 14.509279 14.509149 14.508782 14.507794 14.505245 14.498949 14.484075 14.450481 14.377984 14.228589 13.934863 13.384723 12.406140 10.763218 8.192058 4.531122 0.000000 
50.000000 44.008831 38.428534 33.585622 29.666697 26.706765 24.617426 23.237036 22.382004 21.884581 21.612288 21.471770 21.403279 21.371688 21.357875 21.352138 21.349872 21.349019 21.348712 21.348607 21.348572 21.348561 21.348558 21.348557 21.348557 21.348557 21.348557 21.348557 21.348557 21.348556 21.348555 21.348550 21.348536 21.348491 21.348360 21.347990 21.346990 21.344392 21.337930 21.322519 21.287299 21.210130 21.047931 20.720605 20.085909 18.903479 16.792811 13.217092 7.613521 0.000000 
50.000000 45.776498 41.842621 38.428534 35.665782 33.579055 32.106051 31.132834 30.529990 30.179267 29.987271 29.888186 29.839888 29.817610 29.807868 29.803822 29.802223 29.801622 29.801405 29.801331 29.801307 29.801299 29.801297 29.801296 29.801296 29.801296 29.801296 29.801296 29.801296 29.801295 29.801294 29.801290 29.801278 29.801242 29.801134 29.800829 29.799999 29.797834 29.792415 29.779390 29.749309 29.682481 29.539346 29.242848 28.646227 27.473723 25.211442 20.921311 13.043090 0.000000 
50.000000 47.813276 45.776498 44.008831 42.578382 41.497939 40.735250 40.231331 39.919178 39.737570 39.638149 39.586839 39.561827 39.550290 39.545245 39.543150 39.542322 39.542010 39.541898 39.541860 39.541847 39.541843 39.541842 39.541841 39.541841 39.541841 39.541841 39.541841 39.541841 39.541841 39.541840 39.541838 39.541831 39.541811 39.541749 39.541575 39.541102 39.539862 39.536745 39.529211 39.511683 39.472339 39.386825 39.205787 38.829024 38.047260 36.395309 32.733408 23.906638 0.000000 
50.000000 50.000000 50.000000 50.000000 50.000000 50.000000 50.000000 50.000000 50.000000 50.000000 50.000000 50.000000 50.000000 50.000000 50.000000 50.000000 50.000000 50.000000 50.000000 50.000000 50.000000 50.000000 50.000000 50.000000 50.000000 50.000000 50.000000 50.000000 50.000000 50.000000 50.000000 50.000000 50.000000 50.000000 50.000000 50.000000 50.000000 50.000000 50.000000 50.000000 50.000000 50.000000 50.000000 50.000000 50.000000 50.000000 50.000000 50.000000 50.000000 50.000000 
