50.000000 50.000000 50.000000 50.000000 50.000000 50.000000 50.000000 50.000000 50.000000 50.000000 50.000000 50.000000 50.000000 50.000000 50.000000 50.000000 50.000000 50.000000 50.000000 50.000000 50.000000 50.000000 50.000000 50.000000 50.000000 50.000000 50.000000 50.000000 50.000000 50.000000 50.000000 50.000000 50.000000 50.000000 50.000000 50.000000 50.000000 50.000000 50.000000 50.000000 50.000000 50.000000 50.000000 50.000000 50.000000 50.000000 50.000000 50.000000 50.000000 50.000000 
50.000000 47.428359 45.064009 43.064242 41.506402 40.386799 39.642935 39.184977 38.923066 38.783552 38.714150 38.681823 38.667687 38.661870 38.659612 38.658783 38.658495 38.658400 38.658370 38.658361 38.658358 38.658358 38.658358 38.658357 38.658357 38.658357 38.658357 38.658357 38.658357 38.658357 38.658357 38.658357 38.658355 38.658350 38.658330 38.658269 38.658080 38.657526 38.655972 38.651801 38.641100 38.614789 38.552618 38.410714 38.095220 37.402830 35.872108 32.362837 23.714179 0.000000 
50.000000 45.064009 40.525916 36.687643 33.697637 31.548798 30.121148 29.242248 28.739612 28.471879 28.338699 28.276668 28.249545 28.238384 28.234052 28.232462 28.231909 28.231726 28.231669 28.231652 28.231647 28.231645 28.231645 28.231645 28.231645 28.231645 28.231645 28.231645 28.231645 28.231645 28.231645 28.231644 28.231641 28.231631 28.231598 28.231493 28.231169 28.230224 28.227582 28.220534 28.202586 28.158917 28.057261 27.830298 27.342537 26.328824 24.281925 20.262958 12.701172 0.000000 
50.000000 43.064242 36.687643 31.294473 27.093312 24.074147 22.068349 20.833582 20.127467 19.751370 19.564298 19.477171 19.439078 19.423405 19.417321 19.415088 19.414311 19.414055 19.413975 19.413950 19.413944 19.413942 19.413941 19.413941 19.413941 19.413941 19.413941 19.413941 19.413941 19.413941 19.413941 19.413940 19.413936 19.413925 19.413886 19.413763 19.413387 19.412293 19.409255 19.401216 19.380956 19.332341 19.221276 18.979668 18.479155 17.492445 15.647237 12.405719 7.192134 0.000000 
50.000000 41.506402 33.697637 27.093312 21.948843 18.251916 15.795961 14.284162 13.419677 12.959260 12.730264 12.623620 12.576997 12.557816 12.550371 12.547639 12.546689 12.546375 12.546277 12.546247 12.546239 12.546237 12.546236 12.546236 12.546236 12.546236 12.546236 12.546236 12.546236 12.546236 12.546236 12.546235 12.546232 12.546221 12.546184 12.546068 12.545714 12.544692 12.541874 12.534486 12.516080 12.472570 12.375079 12.168352 11.754390 10.974422 9.600867 7.368813 4.103572 0.000000 
50.000000 40.386799 31.548798 24.074147 18.251916 14.068106 11.288839 9.578119 8.599949 8.079022 7.819950 7.699309 7.646572 7.624877 7.616458 7.613368 7.612294 7.611939 7.611828 7.611795 7.611785 7.611783 7.611782 7.611782 7.611782 7.611782 7.611782 7.611782 7.611782 7.611782 7.611781 7.611781 7.611778 7.611769 7.611739 7.611645 7.611361 7.610543 7.608305 7.602492 7.588182 7.554841 7.481496 7.329538 7.034053 6.497526 5.594992 4.206261 2.291579 0.000000 
50.000000 39.642935 30.121148 22.068349 15.795961 11.288839 8.294936 6.452197 5.398603 4.837545 4.558534 4.428619 4.371832 4.348473 4.339408 4.336082 4.334926 4.334544 4.334425 4.334389 4.334378 4.334376 4.334375 4.334375 4.334375 4.334375 4.334375 4.334375 4.334375 4.334375 4.334374 4.334374 4.334372 4.334366 4.334344 4.334277 4.334075 4.333498 4.331930 4.327896 4.318074 4.295498 4.246649 4.147468 3.959301 3.627609 3.088682 2.290850 1.232220 0.000000 
50.000000 39.184977 29.242248 20.833582 14.284162 9.578119 6.452197 4.528285 3.428334 2.842621 2.551366 2.415758 2.356487 2.332107 2.322648 2.319177 2.317971 2.317572 2.317447 2.317410 2.317399 2.317396 2.317395 2.317395 2.317395 2.317395 2.317395 2.317395 2.317395 2.317395 2.317395 2.317395 2.317394 2.317389 2.317376 2.317333 2.317204 2.316838 2.315852 2.313337 2.307273 2.293505 2.264143 2.205549 2.096623 1.909083 1.612306 1.184987 0.632359 0.000000 
50.000000 38.923066 28.739612 20.127467 13.419677 8.599949 5.398603 3.428334 2.301919 1.702139 1.403902 1.265050 1.204363 1.179403 1.169718 1.166165 1.164930 1.164523 1.164395 1.164356 1.164345 1.164342 1.164342 1.164341 1.164341 1.164341 1.164341 1.164341 1.164341 1.164341 1.164341 1.164341 1.164340 1.164338 1.164330 1.164305 1.164230 1.164020 1.163456 1.162028 1.158619 1.150959 1.134829 1.103105 1.045108 0.947107 0.795126 0.580695 0.308277 0.000000 
50.000000 38.783552 28.471879 19.751370 12.959260 8.079022 4.837545 2.842621 1.702139 1.094885 0.792941 0.652367 0.590930 0.565661 0.555858 0.552261 0.551011 0.550599 0.550469 0.550430 0.550419 0.550416 0.550415 0.550415 0.550415 0.550415 0.550415 0.550415 0.550415 0.550415 0.550415 0.550415 0.550415 0.550413 0.550409 0.550396 0.550356 0.550245 0.549949 0.549205 0.547443 0.543520 0.535348 0.519471 0.490840 0.443180 0.370414 0.269293 0.142452 0.000000 
50.000000 38.714150 28.338699 19.564298 12.730264 7.819950 4.558534 2.551366 1.403902 0.792941 0.489158 0.347731 0.285923 0.260502 0.250639 0.247021 0.245764 0.245349 0.245219 0.245180 0.245168 0.245165 0.245165 0.245164 0.245164 0.245164 0.245164 0.245164 0.245164 0.245164 0.245164 0.245164 0.245164 0.245163 0.245161 0.245155 0.245135 0.245081 0.244938 0.244579 0.243736 0.241874 0.238030 0.230638 0.217457 0.195778 0.163082 0.118165 0.062348 0.000000 
50.000000 38.681823 28.276668 19.477171 12.623620 7.699309 4.428619 2.415758 1.265050 0.652367 0.347731 0.205908 0.143928 0.118437 0.108547 0.104919 0.103658 0.103242 0.103111 0.103072 0.103061 0.103058 0.103057 0.103057 0.103056 0.103056 0.103056 0.103056 0.103056 0.103056 0.103056 0.103056 0.103056 0.103056 0.103055 0.103052 0.103043 0.103019 0.102954 0.102793 0.102418 0.101594 0.099906 0.096688 0.091004 0.081746 0.067917 0.049087 0.025851 0.000000 
50.000000 38.667687 28.249545 19.439078 12.576997 7.646572 4.371832 2.356487 1.204363 0.590930 0.285923 0.143928 0.081872 0.056351 0.046449 0.042817 0.041554 0.041137 0.041007 0.040967 0.040956 0.040953 0.040952 0.040952 0.040952 0.040952 0.040952 0.040952 0.040952 0.040952 0.040952 0.040952 0.040952 0.040952 0.040952 0.040950 0.040947 0.040936 0.040909 0.040842 0.040685 0.040344 0.039649 0.038334 0.036030 0.032305 0.026785 0.019322 0.010161 0.000000 
50.000000 38.661870 28.238384 19.423405 12.557816 7.624877 4.348473 2.332107 1.179403 0.565661 0.260502 0.118437 0.056351 0.030816 0.020910 0.017276 0.016013 0.015596 0.015465 0.015426 0.015414 0.015411 0.015411 0.015410 0.015410 0.015410 0.015410 0.015410 0.015410 0.015410 0.015410 0.015410 0.015410 0.015410 0.015410 0.015410 0.015408 0.015404 0.015393 0.015367 0.015305 0.015173 0.014904 0.014398 0.013516 0.012101 0.010017 0.007215 0.003790 0.000000 
50.000000 38.659612 28.234052 19.417321 12.550371 7.616458 4.339408 2.322648 1.169718 0.555858 0.250639 0.108547 0.046449 0.020910 0.011001 0.007367 0.006103 0.005686 0.005555 0.005516 0.005505 0.005502 0.005501 0.005501 0.005501 0.005501 0.005501 0.005501 0.005501 0.005501 0.005501 0.005501 0.005501 0.005501 0.005501 0.005501 0.005500 0.005498 0.005494 0.005485 0.005462 0.005413 0.005315 0.005131 0.004812 0.004303 0.003558 0.002559 0.001343 0.000000 
50.000000 38.658783 28.232462 19.415088 12.547639 7.613368 4.336082 2.319177 1.166165 0.552261 0.247021 0.104919 0.042817 0.017276 0.007367 0.003732 0.002468 0.002051 0.001920 0.001881 0.001870 0.001867 0.001866 0.001866 0.001866 0.001866 0.001866 0.001866 0.001866 0.001866 0.001866 0.001866 0.001866 0.001866 0.001866 0.001866 0.001866 0.001865 0.001864 0.001860 0.001852 0.001835 0.001801 0.001738 0.001629 0.001455 0.001202 0.000864 0.000453 0.000000 
50.000000 38.658495 28.231909 19.414311 12.546689 7.612294 4.334926 2.317971 1.164930 0.551011 0.245764 0.103658 0.041554 0.016013 0.006103 0.002468 0.001205 0.000788 0.000657 0.000618 0.000606 0.000603 0.000603 0.000602 0.000602 0.000602 0.000602 0.000602 0.000602 0.000602 0.000602 0.000602 0.000602 0.000602 0.000602 0.000602 0.000602 0.000602 0.000602 0.000600 0.000598 0.000592 0.000581 0.000560 0.000525 0.000469 0.000387 0.000278 0.000146 0.000000 
50.000000 38.658400 28.231726 19.414055 12.546375 7.611939 4.334544 2.317572 1.164523 0.550599 0.245349 0.103242 0.041137 0.015596 0.005686 0.002051 0.000788 0.000371 0.000240 0.000201 0.000190 0.000186 0.000186 0.000185 0.000185 0.000185 0.000185 0.000185 0.000185 0.000185 0.000185 0.000185 0.000185 0.000185 0.000185 0.000185 0.000185 0.000185 0.000185 0.000185 0.000184 0.000182 0.000179 0.000172 0.000161 0.000144 0.000119 0.000085 0.000045 0.000000 
50.000000 38.658370 28.231669 19.413975 12.546277 7.611828 4.334425 2.317447 1.164395 0.550469 0.245219 0.103111 0.041007 0.015465 0.005555 0.001920 0.000657 0.000240 0.000109 0.000070 0.000059 0.000056 0.000055 0.000055 0.000054 0.000054 0.000054 0.000054 0.000054 0.000054 0.000054 0.000054 0.000054 0.000054 0.000054 0.000054 0.000054 0.000054 0.000054 0.000054 0.000054 0.000054 0.000053 0.000051 0.000047 0.000042 0.000035 0.000025 0.000013 0.000000 
50.000000 38.658361 28.231652 19.413950 12.546247 7.611795 4.334389 2.317410 1.164356 0.550430 0.245180 0.103072 0.040967 0.015426 0.005516 0.001881 0.000618 0.000201 0.000070 0.000031 0.000019 0.000016 0.000016 0.000015 0.000015 0.000015 0.000015 0.000015 0.000015 0.000015 0.000015 0.000015 0.000015 0.000015 0.000015 0.000015 0.000015 0.000015 0.000015 0.000015 0.000015 0.000015 0.000015 0.000014 0.000013 0.000012 0.000010 0.000007 0.000004 0.000000 
50.000000 38.658358 28.231647 19.413944 12.546239 7.611785 4.334378 2.317399 1.164345 0.550419 0.245168 0.103061 0.040956 0.015414 0.005505 0.001870 0.000606 0.000190 0.000059 0.000019 0.000008 0.000005 0.000004 0.000004 0.000004 0.000004 0.000004 0.000004 0.000004 0.000004 0.000004 0.000004 0.000004 0.000004 0.000004 0.000004 0.000004 0.000004 0.000004 0.000004 0.000004 0.000004 0.000004 0.000004 0.000004 0.000003 0.000003 0.000002 0.000001 0.000000 
50.000000 38.658358 28.231645 19.413942 12.546237 7.611783 4.334376 2.317396 1.164342 0.550416 0.245165 0.103058 0.040953 0.015411 0.005502 0.001867 0.000603 0.000186 0.000056 0.000016 0.000005 0.000002 0.000001 0.000001 0.000001 0.000001 0.000001 0.000001 0.000001 0.000001 0.000001 0.000001 0.000001 0.000001 0.000001 0.000001 0.000001 0.000001 0.000001 0.000001 0.000001 0.000001 0.000001 0.000001 0.000001 0.000001 0.000001 0.000000 0.000000 0.000000 
50.000000 38.658358 28.231645 19.413941 12.546236 7.611782 4.334375 2.317395 1.164342 0.550415 0.245165 0.103057 0.040952 0.015411 0.005501 0.001866 0.000603 0.000186 0.000055 0.000016 0.000004 0.000001 0.000001 0.000000 0.000000 0.000000 0.000000 0.000000 0.000000 0.000000 0.000000 0.000000 0.000000 0.000000 0.000000 0.000000 0.000000 0.000000 0.000000 0.000000 0.000000 0.000000 0.000000 0.000000 0.000000 0.000000 0.000000 0.000000 0.000000 0.000000 
50.000000 38.658357 28.231645 19.413941 12.546236 7.611782 4.334375 2.317395 1.164341 0.550415 0.245164 0.103057 0.040952 0.015410 0.005501 0.001866 0.000602 0.000185 0.000055 0.000015 0.000004 0.000001 0.000000 0.000000 0.000000 0.000000 0.000000 0.000000 0.000000 0.000000 0.000000 0.000000 0.000000 0.000000 0.000000 0.000000 0.000000 0.000000 0.000000 0.000000 0.000000 0.000000 0.000000 0.000000 0.000000 0.000000 0.000000 0.000000 0.000000 0.000000 
50.000000 38.658357 28.231645 19.413941 12.546236 7.611782 4.334375 2.317395 1.164341 0.550415 0.245164 0.103056 0.040952 0.015410 0.005501 0.001866 0.000602 0.000185 0.000055 0.000015 0.000004 0.000001 0.000000 0.000000 0.000000 0.000000 0.000000 0.000000 0.000000 0.000000 0.000000 0.000000 0.000000 0.000000 0.000000 0.000000 0.000000 0.000000 0.000000 0.000000 0.000000 0.000000 0.000000 0.000000 0.000000 0.000000 0.000000 0.000000 0.000000 0.000000 
50.000000 38.658357 28.231645 19.413941 12.546236 7.611782 4.334375 2.317395 1.164341 0.550415 0.245164 0.103056 0.040952 0.015410 0.005501 0.001866 0.000602 0.000185 0.000055 0.000015 0.000004 0.000001 0.000000 0.000000 0.000000 0.000000 0.000000 0.000000 0.000000 0.000000 0.000000 0.000000 0.000000 0.000000 0.000000 0.000000 0.000000 0.000000 0.000000 0.000000 0.000000 0.000000 0.000000 0.000000 0.000000 0.000000 0.000000 0.000000 0.000000 0.000000 
50.000000 38.658357 28.231645 19.413941 12.546236 7.611782 4.334375 2.317395 1.164341 0.550415 0.245164 0.103057 0.040952 0.015410 0.005501 0.001866 0.000602 0.000185 0.000055 0.000015 0.000004 0.000001 0.000000 0.000000 0.000000 0.000000 0.000000 0.000000 0.000000 0.000000 0.000000 0.000000 0.000000 0.000000 0.000000 0.000000 0.000000 0.000000 0.000000 0.000000 0.000000 0.000000 0.000000 0.000000 0.000000 0.000000 0.000000 0.000000 0.000000 0.000000 
50.000000 38.658358 28.231645 19.413941 12.546236 7.611782 4.334375 2.317395 1.164342 0.550415 0.245165 0.103057 0.040952 0.015411 0.005501 0.001866 0.000603 0.000186 0.000055 0.000016 0.000004 0.000001 0.000001 0.000000 0.000000 0.000000 0.000000 0.000000 0.000000 0.000000 0.000000 0.000000 0.000000 0.000000 0.000000 0.000000 0.000000 0.000000 0.000000 0.000000 0.000000 0.000000 0.000000 0.000000 0.000000 0.000000 0.000000 0.000000 0.000000 0.000000 
50.000000 38.658358 28.231645 19.413942 12.546237 7.611783 4.334376 2.317396 1.164342 0.550416 0.245165 0.103058 0.040953 0.015411 0.005502 0.001867 0.000603 0.000186 0.000056 0.000016 0.000005 0.000002 0.000001 0.000001 0.000001 0.000001 0.000001 0.000001 0.000001 0.000001 0.000001 0.000001 0.000001 0.000001 0.000001 0.000001 0.000001 0.000001 0.000001 0.000001 0.000001 0.000001 0.000001 0.000001 0.000001 0.000001 0.000001 0.000000 0.000000 0.000000 
50.000000 38.658358 28.231647 19.413944 12.546239 7.611785 4.334378 2.317399 1.164345 0.550419 0.245168 0.103061 0.040956 0.015414 0.005505 0.001870 0.000606 0.000190 0.000059 0.000019 0.000008 0.000005 0.000004 0.000004 0.000004 0.000004 0.000004 0.000004 0.000004 0.000004 0.000004 0.000004 0.000004 0.000004 0.000004 0.000004 0.000004 0.000004 0.000004 0.000004 0.000004 0.000004 0.000004 0.000004 0.000004 0.000003 0.000003 0.000002 0.000001 0.000000 
50.000000 38.658361 28.231652 19.413950 12.546247 7.611795 4.334389 2.317410 1.164356 0.550430 0.245180 0.103072 0.040967 0.015426 0.005516 0.001881 0.000618 0.000201 0.000070 0.000031 0.000019 0.000016 0.000016 0.000015 0.000015 0.000015 0.000015 0.000015 0.000015 0.000015 0.000015 0.000015 0.000015 0.000015 0.000015 0.000015 0.000015 0.000015 0.000015 0.000015 0.000015 0.000015 0.000015 0.000014 0.000013 0.000012 0.000010 0.000007 0.000004 0.000000 
50.000000 38.658370 28.231669 19.413975 12.546277 7.611828 4.334425 2.317447 1.164395 0.550469 0.245219 0.103111 0.041007 0.015465 0.005555 0.001920 0.000657 0.000240 0.000109 0.000070 0.000059 0.000056 0.000055 0.000055 0.000054 0.000054 0.000054 0.000054 0.000054 0.000054 0.000054 0.000054 0.000054 0.000054 0.000054 0.000054 0.000054 0.000054 0.000054 0.000054 0.000054 0.000054 0.000053 0.000051 0.000047 0.000042 0.000035 0.000025 0.000013 0.000000 
50.000000 38.658400 28.231726 19.414055 12.546375 7.611939 4.334544 2.317572 1.164523 0.550599 0.245349 0.103242 0.041137 0.015596 0.005686 0.002051 0.000788 0.000371 0.000240 0.000201 0.000190 0.000186 0.000186 0.000185 0.000185 0.000185 0.000185 0.000185 0.000185 0.000185 0.000185 0.000185 0.000185 0.000185 0.000185 0.000185 0.000185 0.000185 0.000185 0.000185 0.000184 0.000182 0.000179 0.000172 0.000161 0.000144 0.000119 0.000085 0.000045 0.000000 
50.000000 38.658495 28.231909 19.414311 12.546689 7.612294 4.334926 2.317971 1.164930 0.551011 0.245764 0.103658 0.041554 0.016013 0.006103 0.002468 0.001205 0.000788 0.000657 0.000618 0.000606 0.000603 0.000603 0.000602 0.000602 0.000602 0.000602 0.000602 0.000602 0.000602 0.000602 0.000602 0.000602 0.000602 0.000602 0.000602 0.000602 0.000602 0.000602 0.000600 0.000598 0.000592 0.000581 0.000560 0.000525 0.000469 0.000387 0.000278 0.000146 0.000000 
50.000000 38.658783 28.232462 19.415088 12.547639 7.613368 4.336082 2.319177 1.166165 0.552261 0.247021 0.104919 0.042817 0.017276 0.007367 0.003732 0.002468 0.002051 0.001920 0.001881 0.001870 0.001867 0.001866 0.001866 0.001866 0.001866 0.001866 0.001866 0.001866 0.001866 0.001866 0.001866 0.001866 0.001866 0.001866 0.001866 0.001866 0.001865 0.001864 0.001860 0.001852 0.001835 0.001801 0.001738 0.001629 0.001455 0.001202 0.000864 0.000453 0.000000 
50.000000 38.659612 28.234052 19.417321 12.550371 7.616458 4.339408 2.322648 1.169718 0.555858 0.250639 0.108547 0.046449 0.020910 0.011001 0.007367 0.006103 0.005686 0.005555 0.005516 0.005505 0.005502 0.005501 0.005501 0.005501 0.005501 0.005501 0.005501 0.005501 0.005501 0.005501 0.005501 0.005501 0.005501 0.005501 0.005501 0.005500 0.005498 0.005494 0.005485 0.005462 0.005413 0.005315 0.005131 0.004812 0.004303 0.003558 0.002559 0.001343 0.000000 
50.000000 38.661870 28.238384 19.423405 12.557816 7.624877 4.348473 2.332107 1.179403 0.565661 0.260502 0.118437 0.056351 0.030816 0.020910 0.017276 0.016013 0.015596 0.015465 0.015426 0.015414 0.015411 0.015411 0.015410 0.015410 0.015410 0.015410 0.015410 0.015410 0.015410 0.015410 0.015410 0.015410 0.015410 0.015410 0.015410 0.015408 0.015404 0.015393 0.015367 0.015305 0.015173 0.014904 0.014398 0.013516 0.012101 0.010017 0.007215 0.003790 0.000000 
50.000000 38.667687 28.249545 19.439078 12.576997 7.646572 4.371832 2.356487 1.204363 0.590930 0.285923 0.143928 0.081872 0.056351 0.046449 0.042817 0.041554 0.041137 0.041007 0.040967 0.040956 0.040953 0.040952 0.040952 0.040952 0.040952 0.040952 0.040952 0.040952 0.040952 0.040952 0.040952 0.040952 0.040952 0.040952 0.040950 0.040947 0.040936 0.040909 0.040842 0.040685 0.040344 0.039649 0.038334 0.036030 0.032305 0.026785 0.019322 0.010161 0.000000 
50.000000 38.681823 28.276668 19.477171 12.623620 7.699309 4.428619 2.415758 1.265050 0.652367 0.347731 0.205908 0.143928 0.118437 0.108547 0.104919 0.103658 0.103242 0.103111 0.103072 0.103061 0.103058 0.103057 0.103057 0.103056 0.103056 0.103056 0.103056 0.103056 0.103056 0.103056 0.103056 0.103056 0.103056 0.103055 0.103052 0.103043 0.103019 0.102954 0.102793 0.102418 0.101594 0.099906 0.096688 0.091004 0.081746 0.067917 0.049087 0.025851 0.000000 
50.000000 38.714150 28.338699 19.564298 12.730264 7.819950 4.558534 2.551366 1.403902 0.792941 0.489158 0.347731 0.285923 0.260502 0.250639 0.247021 0.245764 0.245349 0.245219 0.245180 0.245168 0.245165 0.245165 0.245164 0.245164 0.245164 0.245164 0.245164 0.245164 0.245164 0.245164 0.245164 0.245164 0.245163 0.245161 0.245155 0.245135 0.245081 0.244938 0.244579 0.243736 0.241874 0.238030 0.230638 0.217457 0.195778 0.163082 0.118165 0.062348 0.000000 
50.000000 38.783552 28.471879 19.751370 12.959260 8.079022 4.837545 2.842621 1.702139 1.094885 0.792941 0.652367 0.590930 0.565661 0.555858 0.552261 0.551011 0.550599 0.550469 0.550430 0.550419 0.550416 0.550415 0.550415 0.550415 0.550415 0.550415 0.550415 0.550415 0.550415 0.550415 0.550415 0.550415 0.550413 0.550409 0.550396 0.550356 0.550245 0.549949 0.549205 0.547443 0.543520 0.535348 0.519471 0.490840 0.443180 0.370414 0.269293 0.142452 0.000000 
50.000000 38.923066 28.739612 20.127467 13.419677 8.599949 5.398603 3.428334 2.301919 1.702139 1.403902 1.265050 1.204363 1.179403 1.169718 1.166165 1.164930 1.164523 1.164395 1.164356 1.164345 1.164342 1.164342 1.164341 1.164341 1.164341 1.164341 1.164341 1.164341 1.164341 1.164341 1.164341 1.164340 1.164338 1.164330 1.164305 1.164230 1.164020 1.163456 1.162028 1.158619 1.150959 1.134829 1.103105 1.045108 0.947107 0.795126 0.580695 0.308277 0.000000 
50.000000 39.184977 29.242248 20.833582 14.284162 9.578119 6.452197 4.528285 3.428334 2.842621 2.551366 2.415758 2.356487 2.332107 2.322648 2.319177 2.317971 2.317572 2.317447 2.317410 2.317399 2.317396 2.317395 2.317395 2.317395 2.317395 2.317395 2.317395 2.317395 2.317395 2.317395 2.317395 2.317394 2.317389 2.317376 2.317333 2.317204 2.316838 2.315852 2.313337 2.307273 2.293505 2.264143 2.205549 2.096623 1.909083 1.612306 1.184987 0.632359 0.000000 
50.000000 39.642935 30.121148 22.068349 15.795961 11.288839 8.294936 6.452197 5.398603 4.837545 4.558534 4.428619 4.371832 4.348473 4.339408 4.336082 4.334926 4.334544 4.334425 4.334389 4.334378 4.334376 4.334375 4.334375 4.334375 4.334375 4.334375 4.334375 4.334375 4.334375 4.334374 4.334374 4.334372 4.334366 4.334344 4.334277 4.334075 4.333498 4.331930 4.327896 4.318074 4.295498 4.246649 4.147468 3.959301 3.627609 3.088682 2.290850 1.232220 0.000000 
50.000000 40.386799 31.548798 24.074147 18.251916 14.068106 11.288839 9.578119 8.599949 8.079022 7.819950 7.699309 7.646572 7.624877 7.616458 7.613368 7.612294 7.611939 7.611828 7.611795 7.611785 7.611783 7.611782 7.611782 7.611782 7.611782 7.611782 7.611782 7.611782 7.611782 7.611781 7.611781 7.611778 7.611769 7.611739 7.611645 7.611361 7.610543 7.608305 7.602492 7.588182 7.554841 7.481496 7.329538 7.034053 6.497526 5.594992 4.206261 2.291579 0.000000 
50.000000 41.506402 33.697637 27.093312 21.948843 18.251916 15.795961 14.284162 13.419677 12.959260 12.730264 12.623620 12.576997 12.557816 12.550371 12.547639 12.546689 12.546375 12.546277 12.546247 12.546239 12.546237 12.546236 12.546236 12.546236 12.546236 12.546236 12.546236 12.546236 12.546236 12.546236 12.546235 12.546232 12.546221 12.546184 12.546068 12.545714 12.544692 12.541874 12.534486 12.516080 12.472570 12.375079 12.168352 11.754390 10.974422 9.600867 7.368813 4.103572 0.000000 
50.000000 43.064242 36.687643 31.294473 27.093312 24.074147 22.068349 20.833582 20.127467 19.751370 19.564298 19.477171 19.439078 19.423405 19.417321 19.415088 19.414311 19.414055 19.413975 19.413950 19.413944 19.413942 19.413941 19.413941 19.413941 19.413941 19.413941 19.413941 19.413941 19.413941 19.413941 19.413940 19.413936 19.413925 19.413886 19.413763 19.413387 19.412293 19.409255 19.401216 19.380956 19.332341 19.221276 18.979668 18.479155 17.492445 15.647237 12.405719 7.192134 0.000000 
50.000000 45.064009 40.525916 36.687643 33.697637 31.548798 30.121148 29.242248 28.739612 28.471879 28.338699 28.276668 28.249545 28.238384 28.234052 28.232462 28.231909 28.231726 28.231669 28.231652 28.231647 28.231645 28.231645 28.231645 28.231645 28.231645 28.231645 28.231645 28.231645 28.231645 28.231645 28.231644 28.231641 28.231631 28.231598 28.231493 28.231169 28.230224 28.227582 28.220534 28.202586 28.158917 28.057261 27.830298 27.342537 26.328824 24.281925 20.262958 12.701172 0.000000 
50.000000 47.428359 45.064009 43.064242 41.506402 40.386799 39.642935 39.184977 38.923066 38.783552 38.714150 38.681823 38.667687 38.661870 38.659612 38.658783 38.658495 38.658400 38.658370 38.658361 38.658358 38.658358 38.658358 38.658357 38.658357 38.658357 38.658357 38.658357 38.658357 38.658357 38.658357 38.658357 38.658355 38.658350 38.658330 38.658269 38.658080 38.657526 38.655972 38.651801 38.641100 38.614789 38.552618 38.410714 38.095220 37.402830 35.872108 32.362837 23.714179 0.000000 
50.000000 50.000000 50.000000 50.000000 50.000000 50.000000 50.000000 50.000000 50.000000 50.000000 50.000000 50.000000 50.000000 50.000000 50.000000 50.000000 50.000000 50.000000 50.000000 50.000000 50.000000 50.000000 50.000000 50.000000 50.000000 50.000000 50.000000 50.000000 50.000000 50.000000 50.000000 50.000000 50.000000 50.000000 50.000000 50.000000 50.000000 50.000000 50.000000 50.000000 50.000000 50.000000 50.000000 50.000000 50.000000 50.000000 50.000000 50.000000 50.000000 50.000000 
