50.000000 50.000000 50.000000 50.000000 50.000000 50.000000 50.000000 50.000000 50.000000 50.000000 50.000000 50.000000 50.000000 50.000000 50.000000 50.000000 50.000000 50.000000 50.000000 50.000000 50.000000 50.000000 50.000000 50.000000 50.000000 50.000000 50.000000 50.000000 50.000000 50.000000 50.000000 50.000000 50.000000 50.000000 50.000000 50.000000 50.000000 50.000000 50.000000 50.000000 50.000000 50.000000 50.000000 50.000000 50.000000 50.000000 50.000000 50.000000 50.000000 50.000000 
50.000000 47.485210 45.168660 43.201825 41.660992 40.545464 39.797677 39.332518 39.063370 38.918151 38.844902 38.810274 38.794894 38.788460 38.785920 38.784971 38.784634 38.784521 38.784485 38.784474 38.784471 38.784470 38.784470 38.784470 38.784470 38.784470 38.784470 38.784470 38.784470 38.784470 38.784469 38.784469 38.784467 38.784460 38.784437 38.784366 38.784150 38.783528 38.781808 38.777262 38.765762 38.737856 38.672712 38.525642 38.201803 37.496913 35.948867 32.417423 23.742605 0.000000 
50.000000 45.168660 40.718197 36.939634 33.979525 31.836518 30.400004 29.506448 28.989441 28.710500 28.569806 28.503297 28.473758 28.461402 28.456523 28.454701 28.454055 28.453838 28.453769 28.453747 28.453741 28.453739 28.453739 28.453739 28.453739 28.453739 28.453739 28.453739 28.453739 28.453739 28.453738 28.453737 28.453734 28.453722 28.453683 28.453560 28.453189 28.452123 28.449189 28.441481 28.422127 28.375651 28.268761 28.032703 27.530248 26.494523 24.417114 20.359098 12.751237 0.000000 
50.000000 43.201825 36.939634 31.622951 27.457984 24.442799 22.421717 21.164597 20.437271 20.044876 19.846969 19.753421 19.711876 19.694499 19.687638 19.685075 19.684167 19.683862 19.683764 19.683734 19.683726 19.683723 19.683723 19.683723 19.683722 19.683722 19.683722 19.683722 19.683722 19.683722 19.683722 19.683721 19.683717 19.683703 19.683657 19.683512 19.683079 19.681838 19.678447 19.669607 19.647640 19.595618 19.478199 19.225546 18.707190 17.693745 15.811476 12.522520 7.252959 0.000000 
50.000000 41.660992 33.979525 27.457984 22.349304 18.651066 16.172245 14.630490 13.738537 13.257356 13.014688 12.899990 12.849055 12.827753 12.819343 12.816202 12.815090 12.814716 12.814596 12.814560 12.814549 12.814546 12.814545 12.814545 12.814545 12.814545 12.814545 12.814545 12.814545 12.814545 12.814544 12.814543 12.814539 12.814526 12.814482 12.814344 12.813934 12.812766 12.809598 12.801414 12.781313 12.734418 12.630613 12.412908 11.981206 11.174652 9.764239 7.485001 4.164079 0.000000 
50.000000 40.545464 31.836518 24.442799 18.651066 14.458518 11.648508 9.900857 8.889850 8.344480 8.069460 7.939481 7.881766 7.857630 7.848102 7.844543 7.843283 7.842860 7.842724 7.842683 7.842671 7.842667 7.842666 7.842666 7.842666 7.842666 7.842666 7.842666 7.842666 7.842666 7.842666 7.842665 7.842661 7.842650 7.842614 7.842502 7.842169 7.841226 7.838687 7.832192 7.816424 7.780175 7.701402 7.540003 7.229259 6.669860 5.735609 4.306270 2.343661 0.000000 
50.000000 39.797677 30.400004 22.421717 16.172245 11.648508 8.616652 6.731123 5.640416 5.052090 4.755428 4.615231 4.552983 4.526953 4.516679 4.512842 4.511484 4.511027 4.510881 4.510836 4.510823 4.510819 4.510818 4.510818 4.510818 4.510818 4.510818 4.510818 4.510818 4.510818 4.510818 4.510817 4.510815 4.510807 4.510781 4.510700 4.510460 4.509788 4.507991 4.503437 4.492503 4.467708 4.414715 4.308326 4.108504 3.759336 3.196171 2.367301 1.272035 0.000000 
50.000000 39.332518 29.506448 21.164597 14.630490 9.900857 6.731123 4.759930 3.619722 3.004728 2.694636 2.548101 2.483043 2.455840 2.445104 2.441094 2.439675 2.439198 2.439045 2.438998 2.438985 2.438981 2.438980 2.438980 2.438980 2.438980 2.438980 2.438980 2.438980 2.438980 2.438979 2.438979 2.438977 2.438972 2.438955 2.438903 2.438748 2.438317 2.437174 2.434301 2.427473 2.412178 2.379965 2.316408 2.199455 1.999877 1.686398 1.237686 0.659806 0.000000 
50.000000 39.063370 28.989441 20.437271 13.738537 8.889850 5.640416 3.619722 2.450923 1.820532 1.502691 1.352500 1.285823 1.257944 1.246941 1.242833 1.241379 1.240890 1.240733 1.240685 1.240671 1.240667 1.240666 1.240666 1.240666 1.240666 1.240666 1.240666 1.240666 1.240666 1.240666 1.240666 1.240665 1.240662 1.240652 1.240621 1.240530 1.240279 1.239617 1.237965 1.234077 1.225461 1.207544 1.172708 1.109675 1.004119 0.841653 0.613791 0.325514 0.000000 
50.000000 38.918151 28.710500 20.044876 13.257356 8.344480 5.052090 3.004728 1.820532 1.181855 0.859844 0.707689 0.640141 0.611900 0.600754 0.596592 0.595119 0.594624 0.594465 0.594417 0.594403 0.594399 0.594398 0.594398 0.594398 0.594398 0.594398 0.594398 0.594398 0.594398 0.594398 0.594397 0.594397 0.594395 0.594390 0.594373 0.594324 0.594190 0.593837 0.592965 0.590928 0.586455 0.577255 0.559586 0.528056 0.476043 0.397236 0.288373 0.152389 0.000000 
50.000000 38.844902 28.569806 19.846969 13.014688 8.069460 4.755428 2.694636 1.502691 0.859844 0.535738 0.382594 0.314610 0.286186 0.274969 0.270781 0.269298 0.268800 0.268640 0.268592 0.268577 0.268573 0.268572 0.268572 0.268572 0.268572 0.268572 0.268572 0.268572 0.268572 0.268572 0.268572 0.268572 0.268571 0.268568 0.268560 0.268535 0.268469 0.268296 0.267869 0.266879 0.264725 0.260335 0.251991 0.237268 0.213274 0.177362 0.128324 0.067640 0.000000 
50.000000 38.810274 28.503297 19.753421 12.899990 7.939481 4.615231 2.548101 1.352500 0.707689 0.382594 0.228987 0.160796 0.132287 0.121036 0.116835 0.115349 0.114849 0.114689 0.114640 0.114626 0.114622 0.114621 0.114620 0.114620 0.114620 0.114620 0.114620 0.114620 0.114620 0.114620 0.114620 0.114620 0.114620 0.114618 0.114614 0.114603 0.114573 0.114493 0.114299 0.113851 0.112884 0.110926 0.107239 0.100794 0.090392 0.074974 0.054108 0.028467 0.000000 
50.000000 38.794894 28.473758 19.711876 12.849055 7.881766 4.552983 2.483043 1.285823 0.640141 0.314610 0.160796 0.092515 0.063968 0.052702 0.048496 0.047007 0.046507 0.046347 0.046298 0.046283 0.046279 0.046278 0.046278 0.046278 0.046278 0.046278 0.046278 0.046278 0.046278 0.046278 0.046278 0.046278 0.046278 0.046277 0.046276 0.046271 0.046258 0.046224 0.046141 0.045951 0.045544 0.044725 0.043195 0.040540 0.036289 0.030037 0.021635 0.011366 0.000000 
50.000000 38.788460 28.461402 19.694499 12.827753 7.857630 4.526953 2.455840 1.257944 0.611900 0.286186 0.132287 0.063968 0.035406 0.024134 0.019925 0.018436 0.017935 0.017774 0.017726 0.017711 0.017707 0.017706 0.017706 0.017706 0.017706 0.017706 0.017706 0.017706 0.017706 0.017706 0.017706 0.017706 0.017706 0.017706 0.017705 0.017703 0.017698 0.017684 0.017651 0.017575 0.017414 0.017092 0.016493 0.015461 0.013819 0.011420 0.008213 0.004310 0.000000 
50.000000 38.785920 28.456523 19.687638 12.819343 7.848102 4.516679 2.445104 1.246941 0.600754 0.274969 0.121036 0.052702 0.024134 0.012859 0.008650 0.007160 0.006659 0.006499 0.006450 0.006435 0.006431 0.006430 0.006430 0.006430 0.006430 0.006430 0.006430 0.006430 0.006430 0.006430 0.006430 0.006430 0.006430 0.006430 0.006430 0.006429 0.006427 0.006422 0.006409 0.006381 0.006321 0.006201 0.005979 0.005600 0.004999 0.004126 0.002963 0.001554 0.000000 
50.000000 38.784971 28.454701 19.685075 12.816202 7.844543 4.512842 2.441094 1.242833 0.596592 0.270781 0.116835 0.048496 0.019925 0.008650 0.004440 0.002950 0.002449 0.002289 0.002240 0.002225 0.002222 0.002220 0.002220 0.002220 0.002220 0.002220 0.002220 0.002220 0.002220 0.002220 0.002220 0.002220 0.002220 0.002220 0.002220 0.002220 0.002219 0.002217 0.002213 0.002203 0.002181 0.002139 0.002062 0.001929 0.001720 0.001418 0.001018 0.000533 0.000000 
50.000000 38.784634 28.454055 19.684167 12.815090 7.843283 4.511484 2.439675 1.241379 0.595119 0.269298 0.115349 0.047007 0.018436 0.007160 0.002950 0.001460 0.000959 0.000799 0.000750 0.000735 0.000731 0.000730 0.000730 0.000730 0.000730 0.000730 0.000730 0.000730 0.000730 0.000730 0.000730 0.000730 0.000730 0.000730 0.000730 0.000730 0.000730 0.000729 0.000727 0.000724 0.000717 0.000703 0.000677 0.000633 0.000564 0.000465 0.000333 0.000174 0.000000 
50.000000 38.784521 28.453838 19.683862 12.814716 7.842860 4.511027 2.439198 1.240890 0.594624 0.268800 0.114849 0.046507 0.017935 0.006659 0.002449 0.000959 0.000458 0.000297 0.000249 0.000234 0.000230 0.000229 0.000229 0.000229 0.000229 0.000229 0.000229 0.000229 0.000229 0.000229 0.000229 0.000229 0.000229 0.000229 0.000229 0.000229 0.000229 0.000229 0.000228 0.000227 0.000225 0.000220 0.000212 0.000198 0.000177 0.000145 0.000104 0.000054 0.000000 
50.000000 38.784485 28.453769 19.683764 12.814596 7.842724 4.510881 2.439045 1.240733 0.594465 0.268640 0.114689 0.046347 0.017774 0.006499 0.002289 0.000799 0.000297 0.000137 0.000088 0.000074 0.000070 0.000069 0.000069 0.000069 0.000069 0.000069 0.000069 0.000069 0.000069 0.000069 0.000069 0.000069 0.000069 0.000069 0.000069 0.000069 0.000069 0.000068 0.000068 0.000068 0.000067 0.000066 0.000063 0.000059 0.000053 0.000043 0.000031 0.000016 0.000000 
50.000000 38.784474 28.453747 19.683734 12.814560 7.842683 4.510836 2.438998 1.240685 0.594417 0.268592 0.114640 0.046298 0.017726 0.006450 0.002240 0.000750 0.000249 0.000088 0.000039 0.000025 0.000021 0.000020 0.000020 0.000020 0.000020 0.000020 0.000020 0.000020 0.000020 0.000020 0.000020 0.000020 0.000020 0.000020 0.000020 0.000020 0.000020 0.000020 0.000020 0.000019 0.000019 0.000019 0.000018 0.000017 0.000015 0.000012 0.000009 0.000005 0.000000 
50.000000 38.784471 28.453741 19.683726 12.814549 7.842671 4.510823 2.438985 1.240671 0.594403 0.268577 0.114626 0.046283 0.017711 0.006435 0.002225 0.000735 0.000234 0.000074 0.000025 0.000011 0.000007 0.000006 0.000005 0.000005 0.000005 0.000005 0.000005 0.000005 0.000005 0.000005 0.000005 0.000005 0.000005 0.000005 0.000005 0.000005 0.000005 0.000005 0.000005 0.000005 0.000005 0.000005 0.000005 0.000005 0.000004 0.000003 0.000002 0.000001 0.000000 
50.000000 38.784470 28.453739 19.683723 12.814546 7.842667 4.510819 2.438981 1.240667 0.594399 0.268573 0.114622 0.046279 0.017707 0.006431 0.002222 0.000731 0.000230 0.000070 0.000021 0.000007 0.000003 0.000002 0.000002 0.000001 0.000001 0.000001 0.000001 0.000001 0.000001 0.000001 0.000001 0.000001 0.000001 0.000001 0.000001 0.000001 0.000001 0.000001 0.000001 0.000001 0.000001 0.000001 0.000001 0.000001 0.000001 0.000001 0.000001 0.000000 0.000000 
50.000000 38.784470 28.453739 19.683723 12.814545 7.842666 4.510818 2.438980 1.240666 0.594398 0.268572 0.114621 0.046278 0.017706 0.006430 0.002220 0.000730 0.000229 0.000069 0.000020 0.000006 0.000002 0.000001 0.000000 0.000000 0.000000 0.000000 0.000000 0.000000 0.000000 0.000000 0.000000 0.000000 0.000000 0.000000 0.000000 0.000000 0.000000 0.000000 0.000000 0.000000 0.000000 0.000000 0.000000 0.000000 0.000000 0.000000 0.000000 0.000000 0.000000 
50.000000 38.784470 28.453739 19.683723 12.814545 7.842666 4.510818 2.438980 1.240666 0.594398 0.268572 0.114620 0.046278 0.017706 0.006430 0.002220 0.000730 0.000229 0.000069 0.000020 0.000005 0.000002 0.000000 0.000000 0.000000 0.000000 0.000000 0.000000 0.000000 0.000000 0.000000 0.000000 0.000000 0.000000 0.000000 0.000000 0.000000 0.000000 0.000000 0.000000 0.000000 0.000000 0.000000 0.000000 0.000000 0.000000 0.000000 0.000000 0.000000 0.000000 
50.000000 38.784470 28.453739 19.683722 12.814545 7.842666 4.510818 2.438980 1.240666 0.594398 0.268572 0.114620 0.046278 0.017706 0.006430 0.002220 0.000730 0.000229 0.000069 0.000020 0.000005 0.000001 0.000000 0.000000 0.000000 0.000000 0.000000 0.000000 0.000000 0.000000 0.000000 0.000000 0.000000 0.000000 0.000000 0.000000 0.000000 0.000000 0.000000 0.000000 0.000000 0.000000 0.000000 0.000000 0.000000 0.000000 0.000000 0.000000 0.000000 0.000000 
50.000000 38.784470 28.453739 19.683722 12.814545 7.842666 4.510818 2.438980 1.240666 0.594398 0.268572 0.114620 0.046278 0.017706 0.006430 0.002220 0.000730 0.000229 0.000069 0.000020 0.000005 0.000001 0.000000 0.000000 0.000000 0.000000 0.000000 0.000000 0.000000 0.000000 0.000000 0.000000 0.000000 0.000000 0.000000 0.000000 0.000000 0.000000 0.000000 0.000000 0.000000 0.000000 0.000000 0.000000 0.000000 0.000000 0.000000 0.000000 0.000000 0.000000 
50.000000 38.784470 28.453739 19.683723 12.814545 7.842666 4.510818 2.438980 1.240666 0.594398 0.268572 0.114620 0.046278 0.017706 0.006430 0.002220 0.000730 0.000229 0.000069 0.000020 0.000005 0.000002 0.000000 0.000000 0.000000 0.000000 0.000000 0.000000 0.000000 0.000000 0.000000 0.000000 0.000000 0.000000 0.000000 0.000000 0.000000 0.000000 0.000000 0.000000 0.000000 0.000000 0.000000 0.000000 0.000000 0.000000 0.000000 0.000000 0.000000 0.000000 
50.000000 38.784470 28.453739 19.683723 12.814545 7.842666 4.510818 2.438980 1.240666 0.594398 0.268572 0.114621 0.046278 0.017706 0.006430 0.002220 0.000730 0.000229 0.000069 0.000020 0.000006 0.000002 0.000001 0.000000 0.000000 0.000000 0.000000 0.000000 0.000000 0.000000 0.000000 0.000000 0.000000 0.000000 0.000000 0.000000 0.000000 0.000000 0.000000 0.000000 0.000000 0.000000 0.000000 0.000000 0.000000 0.000000 0.000000 0.000000 0.000000 0.000000 
50.000000 38.784470 28.453739 19.683723 12.814546 7.842667 4.510819 2.438981 1.240667 0.594399 0.268573 0.114622 0.046279 0.017707 0.006431 0.002222 0.000731 0.000230 0.000070 0.000021 0.000007 0.000003 0.000002 0.000002 0.000001 0.000001 0.000001 0.000001 0.000001 0.000001 0.000001 0.000001 0.000001 0.000001 0.000001 0.000001 0.000001 0.000001 0.000001 0.000001 0.000001 0.000001 0.000001 0.000001 0.000001 0.000001 0.000001 0.000001 0.000000 0.000000 
50.000000 38.784471 28.453741 19.683726 12.814549 7.842671 4.510823 2.438985 1.240671 0.594403 0.268577 0.114626 0.046283 0.017711 0.006435 0.002225 0.000735 0.000234 0.000074 0.000025 0.000011 0.000007 0.000006 0.000005 0.000005 0.000005 0.000005 0.000005 0.000005 0.000005 0.000005 0.000005 0.000005 0.000005 0.000005 0.000005 0.000005 0.000005 0.000005 0.000005 0.000005 0.000005 0.000005 0.000005 0.000005 0.000004 0.000003 0.000002 0.000001 0.000000 
50.000000 38.784474 28.453747 19.683734 12.814560 7.842683 4.510836 2.438998 1.240685 0.594417 0.268592 0.114640 0.046298 0.017726 0.006450 0.002240 0.000750 0.000249 0.000088 0.000039 0.000025 0.000021 0.000020 0.000020 0.000020 0.000020 0.000020 0.000020 0.000020 0.000020 0.000020 0.000020 0.000020 0.000020 0.000020 0.000020 0.000020 0.000020 0.000020 0.000020 0.000019 0.000019 0.000019 0.000018 0.000017 0.000015 0.000012 0.000009 0.000005 0.000000 
50.000000 38.784485 28.453769 19.683764 12.814596 7.842724 4.510881 2.439045 1.240733 0.594465 0.268640 0.114689 0.046347 0.017774 0.006499 0.002289 0.000799 0.000297 0.000137 0.000088 0.000074 0.000070 0.000069 0.000069 0.000069 0.000069 0.000069 0.000069 0.000069 0.000069 0.000069 0.000069 0.000069 0.000069 0.000069 0.000069 0.000069 0.000069 0.000068 0.000068 0.000068 0.000067 0.000066 0.000063 0.000059 0.000053 0.000043 0.000031 0.000016 0.000000 
50.000000 38.784521 28.453838 19.683862 12.814716 7.842860 4.511027 2.439198 1.240890 0.594624 0.268800 0.114849 0.046507 0.017935 0.006659 0.002449 0.000959 0.000458 0.000297 0.000249 0.000234 0.000230 0.000229 0.000229 0.000229 0.000229 0.000229 0.000229 0.000229 0.000229 0.000229 0.000229 0.000229 0.000229 0.000229 0.000229 0.000229 0.000229 0.000229 0.000228 0.000227 0.000225 0.000220 0.000212 0.000198 0.000177 0.000145 0.000104 0.000054 0.000000 
50.000000 38.784634 28.454055 19.684167 12.815090 7.843283 4.511484 2.439675 1.241379 0.595119 0.269298 0.115349 0.047007 0.018436 0.007160 0.002950 0.001460 0.000959 0.000799 0.000750 0.000735 0.000731 0.000730 0.000730 0.000730 0.000730 0.000730 0.000730 0.000730 0.000730 0.000730 0.000730 0.000730 0.000730 0.000730 0.000730 0.000730 0.000730 0.000729 0.000727 0.000724 0.000717 0.000703 0.000677 0.000633 0.000564 0.000465 0.000333 0.000174 0.000000 
50.000000 38.784971 28.454701 19.685075 12.816202 7.844543 4.512842 2.441094 1.242833 0.596592 0.270781 0.116835 0.048496 0.019925 0.008650 0.004440 0.002950 0.002449 0.002289 0.002240 0.002225 0.002222 0.002220 0.002220 0.002220 0.002220 0.002220 0.002220 0.002220 0.002220 0.002220 0.002220 0.002220 0.002220 0.002220 0.002220 0.002220 0.002219 0.002217 0.002213 0.002203 0.002181 0.002139 0.002062 0.001929 0.001720 0.001418 0.001018 0.000533 0.000000 
50.000000 38.785920 28.456523 19.687638 12.819343 7.848102 4.516679 2.445104 1.246941 0.600754 0.274969 0.121036 0.052702 0.024134 0.012859 0.008650 0.007160 0.006659 0.006499 0.006450 0.006435 0.006431 0.006430 0.006430 0.006430 0.006430 0.006430 0.006430 0.006430 0.006430 0.006430 0.006430 0.006430 0.006430 0.006430 0.006430 0.006429 0.006427 0.006422 0.006409 0.006381 0.006321 0.006201 0.005979 0.005600 0.004999 0.004126 0.002963 0.001554 0.000000 
50.000000 38.788460 28.461402 19.694499 12.827753 7.857630 4.526953 2.455840 1.257944 0.611900 0.286186 0.132287 0.063968 0.035406 0.024134 0.019925 0.018436 0.017935 0.017774 0.017726 0.017711 0.017707 0.017706 0.017706 0.017706 0.017706 0.017706 0.017706 0.017706 0.017706 0.017706 0.017706 0.017706 0.017706 0.017706 0.017705 0.017703 0.017698 0.017684 0.017651 0.017575 0.017414 0.017092 0.016493 0.015461 0.013819 0.011420 0.008213 0.004310 0.000000 
50.000000 38.794894 28.473758 19.711876 12.849055 7.881766 4.552983 2.483043 1.285823 0.640141 0.314610 0.160796 0.092515 0.063968 0.052702 0.048496 0.047007 0.046507 0.046347 0.046298 0.046283 0.046279 0.046278 0.046278 0.046278 0.046278 0.046278 0.046278 0.046278 0.046278 0.046278 0.046278 0.046278 0.046278 0.046277 0.046276 0.046271 0.046258 0.046224 0.046141 0.045951 0.045544 0.044725 0.043195 0.040540 0.036289 0.030037 0.021635 0.011366 0.000000 
50.000000 38.810274 28.503297 19.753421 12.899990 7.939481 4.615231 2.548101 1.352500 0.707689 0.382594 0.228987 0.160796 0.132287 0.121036 0.116835 0.115349 0.114849 0.114689 0.114640 0.114626 0.114622 0.114621 0.114620 0.114620 0.114620 0.114620 0.114620 0.114620 0.114620 0.114620 0.114620 0.114620 0.114620 0.114618 0.114614 0.114603 0.114573 0.114493 0.114299 0.113851 0.112884 0.110926 0.107239 0.100794 0.090392 0.074974 0.054108 0.028467 0.000000 
50.000000 38.844902 28.569806 19.846969 13.014688 8.069460 4.755428 2.694636 1.502691 0.859844 0.535738 0.382594 0.314610 0.286186 0.274969 0.270781 0.269298 0.268800 0.268640 0.268592 0.268577 0.268573 0.268572 0.268572 0.268572 0.268572 0.268572 0.268572 0.268572 0.268572 0.268572 0.268572 0.268572 0.268571 0.268568 0.268560 0.268535 0.268469 0.268296 0.267869 0.266879 0.264725 0.260335 0.251991 0.237268 0.213274 0.177362 0.128324 0.067640 0.000000 
50.000000 38.918151 28.710500 20.044876 13.257356 8.344480 5.052090 3.004728 1.820532 1.181855 0.859844 0.707689 0.640141 0.611900 0.600754 0.596592 0.595119 0.594624 0.594465 0.594417 0.594403 0.594399 0.594398 0.594398 0.594398 0.594398 0.594398 0.594398 0.594398 0.594398 0.594398 0.594397 0.594397 0.594395 0.594390 0.594373 0.594324 0.594190 0.593837 0.592965 0.590928 0.586455 0.577255 0.559586 0.528056 0.476043 0.397236 0.288373 0.152389 0.000000 
50.000000 39.063370 28.989441 20.437271 13.738537 8.889850 5.640416 3.619722 2.450923 1.820532 1.502691 1.352500 1.285823 1.257944 1.246941 1.242833 1.241379 1.240890 1.240733 1.240685 1.240671 1.240667 1.240666 1.240666 1.240666 1.240666 1.240666 1.240666 1.240666 1.240666 1.240666 1.240666 1.240665 1.240662 1.240652 1.240621 1.240530 1.240279 1.239617 1.237965 1.234077 1.225461 1.207544 1.172708 1.109675 1.004119 0.841653 0.613791 0.325514 0.000000 
50.000000 39.332518 29.506448 21.164597 14.630490 9.900857 6.731123 4.759930 3.619722 3.004728 2.694636 2.548101 2.483043 2.455840 2.445104 2.441094 2.439675 2.439198 2.439045 2.438998 2.438985 2.438981 2.438980 2.438980 2.438980 2.438980 2.438980 2.438980 2.438980 2.438980 2.438979 2.438979 2.438977 2.438972 2.438955 2.438903 2.438748 2.438317 2.437174 2.434301 2.427473 2.412178 2.379965 2.316408 2.199455 1.999877 1.686398 1.237686 0.659806 0.000000 
50.000000 39.797677 30.400004 22.421717 16.172245 11.648508 8.616652 6.731123 5.640416 5.052090 4.755428 4.615231 4.552983 4.526953 4.516679 4.512842 4.511484 4.511027 4.510881 4.510836 4.510823 4.510819 4.510818 4.510818 4.510818 4.510818 4.510818 4.510818 4.510818 4.510818 4.510818 4.510817 4.510815 4.510807 4.510781 4.510700 4.510460 4.509788 4.507991 4.503437 4.492503 4.467708 4.414715 4.308326 4.108504 3.759336 3.196171 2.367301 1.272035 0.000000 
50.000000 40.545464 31.836518 24.442799 18.651066 14.458518 11.648508 9.900857 8.889850 8.344480 8.069460 7.939481 7.881766 7.857630 7.848102 7.844543 7.843283 7.842860 7.842724 7.842683 7.842671 7.842667 7.842666 7.842666 7.842666 7.842666 7.842666 7.842666 7.842666 7.842666 7.842666 7.842665 7.842661 7.842650 7.842614 7.842502 7.842169 7.841226 7.838687 7.832192 7.816424 7.780175 7.701402 7.540003 7.229259 6.669860 5.735609 4.306270 2.343661 0.000000 
50.000000 41.660992 33.979525 27.457984 22.349304 18.651066 16.172245 14.630490 13.738537 13.257356 13.014688 12.899990 12.849055 12.827753 12.819343 12.816202 12.815090 12.814716 12.814596 12.814560 12.814549 12.814546 12.814545 12.814545 12.814545 12.814545 12.814545 12.814545 12.814545 12.814545 12.814544 12.814543 12.814539 12.814526 12.814482 12.814344 12.813934 12.812766 12.809598 12.801414 12.781313 12.734418 12.630613 12.412908 11.981206 11.174652 9.764239 7.485001 4.164079 0.000000 
50.000000 43.201825 36.939634 31.622951 27.457984 24.442799 22.421717 21.164597 20.437271 20.044876 19.846969 19.753421 19.711876 19.694499 19.687638 19.685075 19.684167 19.683862 19.683764 19.683734 19.683726 19.683723 19.683723 19.683723 19.683722 19.683722 19.683722 19.683722 19.683722 19.683722 19.683722 19.683721 19.683717 19.683703 19.683657 19.683512 19.683079 19.681838 19.678447 19.669607 19.647640 19.595618 19.478199 19.225546 18.707190 17.693745 15.811476 12.522520 7.252959 0.000000 
50.000000 45.168660 40.718197 36.939634 33.979525 31.836518 30.400004 29.506448 28.989441 28.710500 28.569806 28.503297 28.473758 28.461402 28.456523 28.454701 28.454055 28.453838 28.453769 28.453747 28.453741 28.453739 28.453739 28.453739 28.453739 28.453739 28.453739 28.453739 28.453739 28.453739 28.453738 28.453737 28.453734 28.453722 28.453683 28.453560 28.453189 28.452123 28.449189 28.441481 28.422127 28.375651 28.268761 28.032703 27.530248 26.494523 24.417114 20.359098 12.751237 0.000000 
50.000000 47.485210 45.168660 43.201825 41.660992 40.545464 39.797677 39.332518 39.063370 38.918151 38.844902 38.810274 38.794894 38.788460 38.785920 38.784971 38.784634 38.784521 38.784485 38.784474 38.784471 38.784470 38.784470 38.784470 38.784470 38.784470 38.784470 38.784470 38.784470 38.784470 38.784469 38.784469 38.784467 38.784460 38.784437 38.784366 38.784150 38.783528 38.781808 38.777262 38.765762 38.737856 38.672712 38.525642 38.201803 37.496913 35.948867 32.417423 23.742605 0.000000 
50.000000 50.000000 50.000000 50.000000 50.000000 50.000000 50.000000 50.000000 50.000000 50.000000 50.000000 50.000000 50.000000 50.000000 50.000000 50.000000 50.000000 50.000000 50.000000 50.000000 50.000000 50.000000 50.000000 50.000000 50.000000 50.000000 50.000000 50.000000 50.000000 50.000000 50.000000 50.000000 50.000000 50.000000 50.000000 50.000000 50.000000 50.000000 50.000000 50.000000 50.000000 50.000000 50.000000 50.000000 50.000000 50.000000 50.000000 50.000000 50.000000 50.000000 
