50.000000 50.000000 50.000000 50.000000 50.000000 50.000000 50.000000 50.000000 50.000000 50.000000 50.000000 50.000000 50.000000 50.000000 50.000000 50.000000 50.000000 50.000000 50.000000 50.000000 50.000000 50.000000 50.000000 50.000000 50.000000 50.000000 50.000000 50.000000 50.000000 50.000000 50.000000 50.000000 50.000000 50.000000 50.000000 50.000000 50.000000 50.000000 50.000000 50.000000 50.000000 50.000000 50.000000 50.000000 50.000000 50.000000 50.000000 50.000000 50.000000 50.000000 
50.000000 48.897558 47.833268 46.841323 45.948686 45.173017 44.522041 43.994290 43.580889 43.267913 43.038835 42.876682 42.765637 42.692039 42.644811 42.615456 42.597776 42.587453 42.581607 42.578394 42.576681 42.575793 42.575346 42.575127 42.575022 42.574971 42.574943 42.574919 42.574884 42.574814 42.574671 42.574375 42.573778 42.572602 42.570338 42.566072 42.558210 42.544011 42.518853 42.475034 42.399805 42.272031 42.056210 41.691005 41.065184 39.961863 37.914376 33.789733 24.448779 0.000000 
50.000000 47.833268 45.741519 43.791959 42.037581 40.513092 39.233676 38.196448 37.383963 36.768850 36.318631 35.999943 35.781702 35.637057 35.544240 35.486549 35.451802 35.431514 35.420024 35.413711 35.410344 35.408599 35.407720 35.407290 35.407083 35.406983 35.406929 35.406884 35.406817 35.406686 35.406416 35.405861 35.404743 35.402543 35.398312 35.390359 35.375735 35.349408 35.302946 35.222438 35.085181 34.854291 34.469673 33.832222 32.774924 31.008103 28.015223 22.870759 14.043535 0.000000 
50.000000 46.841323 43.791959 40.949883 38.392349 36.169954 34.304832 32.792776 31.608352 30.711658 30.055346 29.590777 29.272638 29.061785 28.926483 28.842387 28.791737 28.762163 28.745415 28.736213 28.731304 28.728761 28.727480 28.726853 28.726552 28.726407 28.726329 28.726265 28.726174 28.725997 28.725632 28.724883 28.723378 28.720423 28.714754 28.704132 28.684674 28.649812 28.588657 28.483511 28.306061 28.011596 27.530140 26.752804 25.510977 23.546275 20.474942 15.776736 8.926946 0.000000 
50.000000 45.948686 42.037581 38.392349 35.112079 32.261665 29.869495 27.930171 26.411068 25.261007 24.419256 23.823430 23.415409 23.144988 22.971464 22.863612 22.798654 22.760728 22.739250 22.727449 22.721154 22.717892 22.716250 22.715445 22.715060 22.714875 22.714777 22.714700 22.714593 22.714388 22.713967 22.713106 22.711380 22.707999 22.701537 22.689477 22.667494 22.628343 22.560179 22.444082 22.250496 21.934219 21.427553 20.631384 19.404751 17.556039 14.846074 11.029478 5.986822 0.000000 
50.000000 45.173017 40.513092 36.169954 32.261665 28.865543 26.015412 23.704834 21.894937 20.524736 19.521870 18.812007 18.325899 18.003729 17.797000 17.668513 17.591128 17.545946 17.520360 17.506302 17.498803 17.494918 17.492962 17.492004 17.491545 17.491326 17.491211 17.491126 17.491013 17.490799 17.490362 17.489470 17.487689 17.484213 17.477594 17.465301 17.443018 17.403606 17.335558 17.220846 17.032003 16.728383 16.251736 15.521685 14.432772 12.856914 10.658978 7.738167 4.107833 0.000000 
50.000000 44.522041 39.233676 34.304832 29.869495 26.015412 22.780963 20.158842 18.104925 16.550001 15.411946 14.606401 14.054776 13.689191 13.454607 13.308808 13.220999 13.169731 13.140700 13.124748 13.116240 13.111832 13.109613 13.108526 13.108006 13.107758 13.107632 13.107543 13.107431 13.107224 13.106805 13.105955 13.104260 13.100966 13.094721 13.083182 13.062394 13.025892 12.963418 12.859204 12.689822 12.421693 12.008668 11.390482 10.493727 9.238110 7.552028 5.401455 2.831035 0.000000 
50.000000 43.994290 38.196448 32.792776 27.930171 23.704834 20.158842 17.284176 15.032460 13.327808 12.080179 11.197085 10.592363 10.191594 9.934437 9.774611 9.678356 9.622158 9.590335 9.572850 9.563524 9.558692 9.556260 9.555069 9.554500 9.554230 9.554096 9.554006 9.553901 9.553714 9.553339 9.552579 9.551073 9.548156 9.542652 9.532536 9.514426 9.482861 9.429306 9.340888 9.198928 8.977448 8.642088 8.150174 7.453098 6.502618 5.262636 3.726775 1.938080 0.000000 
50.000000 43.580889 37.383963 31.608352 26.411068 21.894937 18.104925 15.032460 12.625827 10.803914 9.470475 8.526654 7.880357 7.452039 7.177210 7.006403 6.903536 6.843478 6.809471 6.790786 6.780820 6.775657 6.773058 6.771786 6.771178 6.770892 6.770751 6.770664 6.770570 6.770410 6.770092 6.769453 6.768190 6.765755 6.761183 6.752824 6.737955 6.712227 6.668942 6.598179 6.485855 6.312914 6.055012 5.683231 5.166554 4.476849 3.596756 2.529671 1.308859 0.000000 
50.000000 43.267913 36.768850 30.711658 25.261007 20.524736 16.550001 13.327808 10.803914 8.893245 7.494861 6.505082 5.827322 5.378159 5.089957 4.910843 4.802974 4.739997 4.704337 4.684745 4.674295 4.668882 4.666157 4.664823 4.664186 4.663888 4.663744 4.663660 4.663578 4.663447 4.663192 4.662682 4.661678 4.659751 4.656149 4.649599 4.638019 4.618121 4.584913 4.531121 4.446623 4.318059 4.128879 3.860179 3.492733 3.010511 2.405597 1.683669 0.868107 0.000000 
50.000000 43.038835 36.318631 30.055346 24.419256 19.521870 15.411946 12.080179 9.470475 7.494861 6.048958 5.025554 4.324777 3.860364 3.562382 3.377191 3.265665 3.200553 3.163685 3.143429 3.132625 3.127029 3.124212 3.122833 3.122176 3.121869 3.121723 3.121643 3.121574 3.121471 3.121275 3.120887 3.120127 3.118674 3.115971 3.111080 3.102486 3.087815 3.063513 3.024479 2.963741 2.872296 2.739290 2.552742 2.301024 1.975174 1.571835 1.096193 0.563801 0.000000 
50.000000 42.876682 35.999943 29.590777 23.823430 18.812007 14.606401 11.197085 8.526654 6.505082 5.025554 3.978360 3.261297 2.786098 2.481197 2.291709 2.177596 2.110975 2.073252 2.052527 2.041474 2.035748 2.032866 2.031456 2.030783 2.030470 2.030324 2.030248 2.030190 2.030111 2.029967 2.029685 2.029135 2.028088 2.026148 2.022658 2.016556 2.006206 1.989180 1.962041 1.920169 1.857713 1.767779 1.642983 1.476449 1.263251 1.002120 0.696997 0.357829 0.000000 
50.000000 42.765637 35.781702 29.272638 23.415409 18.325899 14.054776 10.592363 7.880357 5.827322 4.324777 3.261297 2.533090 2.050508 1.740874 1.548445 1.432562 1.364908 1.326602 1.305556 1.294331 1.288517 1.285591 1.284159 1.283477 1.283159 1.283012 1.282940 1.282891 1.282833 1.282731 1.282534 1.282152 1.281429 1.280095 1.277706 1.273552 1.266545 1.255091 1.236962 1.209201 1.168130 1.109502 1.028884 0.922293 0.787066 0.622826 0.432293 0.221626 0.000000 
50.000000 42.692039 35.637057 29.061785 23.144988 18.003729 13.689191 10.191594 7.452039 5.378159 3.860364 2.786098 2.050508 1.563037 1.250267 1.055892 0.938837 0.870500 0.831807 0.810549 0.799211 0.793339 0.790383 0.788936 0.788248 0.787928 0.787781 0.787711 0.787669 0.787626 0.787557 0.787425 0.787170 0.786691 0.785809 0.784238 0.781519 0.776956 0.769542 0.757879 0.740140 0.714084 0.677168 0.626796 0.560711 0.477495 0.377111 0.261322 0.133829 0.000000 
50.000000 42.644811 35.544240 28.926483 22.971464 17.797000 13.454607 9.934437 7.177210 5.089957 3.562382 2.481198 1.740874 1.250268 0.935488 0.739864 0.622059 0.553284 0.514343 0.492949 0.481539 0.475628 0.472654 0.471198 0.470506 0.470184 0.470038 0.469970 0.469933 0.469901 0.469855 0.469769 0.469606 0.469300 0.468739 0.467744 0.466030 0.463167 0.458540 0.451302 0.440359 0.424385 0.401901 0.371425 0.331700 0.281987 0.222351 0.153880 0.078739 0.000000 
50.000000 42.615456 35.486549 28.842387 22.863612 17.668513 13.308808 9.774611 7.006403 4.910843 3.377191 2.291709 1.548445 1.055892 0.739864 0.543465 0.425194 0.356147 0.317052 0.295574 0.284119 0.278185 0.275199 0.273738 0.273043 0.272720 0.272574 0.272507 0.272474 0.272450 0.272419 0.272366 0.272265 0.272076 0.271733 0.271125 0.270082 0.268349 0.265561 0.261221 0.254694 0.245220 0.231960 0.214086 0.190918 0.162075 0.127633 0.088237 0.045119 0.000000 
50.000000 42.597776 35.451802 28.791737 22.798654 17.591128 13.220999 9.678356 6.903536 4.802974 3.265665 2.177596 1.432562 0.938837 0.622059 0.425194 0.306641 0.237431 0.198244 0.176715 0.165233 0.159286 0.156292 0.154828 0.154131 0.153808 0.153662 0.153596 0.153565 0.153546 0.153526 0.153493 0.153433 0.153321 0.153118 0.152759 0.152147 0.151133 0.149508 0.146991 0.143223 0.137781 0.130201 0.120033 0.106916 0.090656 0.071314 0.049259 0.025174 0.000000 
50.000000 42.587453 35.431514 28.762163 22.760728 17.545946 13.169731 9.622158 6.843479 4.739998 3.200554 2.110975 1.364909 0.870501 0.553284 0.356147 0.237432 0.168126 0.128885 0.107326 0.095829 0.089873 0.086876 0.085409 0.084711 0.084388 0.084242 0.084177 0.084148 0.084132 0.084118 0.084099 0.084064 0.083999 0.083883 0.083679 0.083331 0.082757 0.081840 0.080427 0.078320 0.075289 0.071086 0.065472 0.058258 0.049348 0.038785 0.026771 0.013675 0.000000 
50.000000 42.581607 35.420025 28.745416 22.739251 17.520361 13.140700 9.590336 6.809472 4.704338 3.163686 2.073254 1.326603 0.831808 0.514344 0.317053 0.198245 0.128886 0.089614 0.068039 0.056532 0.050572 0.047573 0.046105 0.045407 0.045083 0.044937 0.044873 0.044844 0.044830 0.044821 0.044809 0.044789 0.044753 0.044689 0.044576 0.044385 0.044070 0.043569 0.042800 0.041657 0.040020 0.037757 0.034747 0.030891 0.026145 0.020533 0.014164 0.007233 0.000000 
50.000000 42.578395 35.413712 28.736214 22.727450 17.506304 13.124750 9.572853 6.790788 4.684748 3.143432 2.052530 1.305559 0.810552 0.492952 0.295577 0.176718 0.107329 0.068041 0.046456 0.034945 0.028982 0.025981 0.024513 0.023814 0.023491 0.023345 0.023281 0.023253 0.023240 0.023233 0.023225 0.023214 0.023195 0.023160 0.023100 0.022998 0.022831 0.022566 0.022159 0.021558 0.020699 0.019516 0.017947 0.015944 0.013485 0.010583 0.007297 0.003725 0.000000 
50.000000 42.576682 35.410346 28.731307 22.721158 17.498808 13.116245 9.563530 6.780826 4.674302 3.132633 2.041481 1.294339 0.799219 0.481546 0.284126 0.165240 0.095836 0.056539 0.034949 0.023435 0.017471 0.014469 0.013001 0.012302 0.011979 0.011833 0.011769 0.011741 0.011729 0.011723 0.011718 0.011712 0.011702 0.011684 0.011653 0.011600 0.011514 0.011377 0.011169 0.010861 0.010423 0.009822 0.009027 0.008014 0.006774 0.005314 0.003662 0.001869 0.000000 
50.000000 42.575796 35.408605 28.728769 22.717903 17.494931 13.111846 9.558708 6.775674 4.668899 3.127047 2.035766 1.288536 0.793357 0.475647 0.278204 0.159304 0.089892 0.050590 0.028998 0.017482 0.011518 0.008516 0.007047 0.006348 0.006025 0.005879 0.005815 0.005787 0.005776 0.005770 0.005767 0.005764 0.005758 0.005749 0.005733 0.005707 0.005663 0.005595 0.005491 0.005338 0.005121 0.004823 0.004430 0.003931 0.003321 0.002603 0.001794 0.000915 0.000000 
50.000000 42.575353 35.407734 28.727501 22.716276 17.492993 13.109648 9.556299 6.773099 4.666199 3.124256 2.032911 1.285636 0.790429 0.472700 0.275245 0.156338 0.086922 0.047618 0.026024 0.014508 0.008543 0.005541 0.004072 0.003374 0.003050 0.002904 0.002840 0.002813 0.002801 0.002796 0.002794 0.002791 0.002789 0.002784 0.002776 0.002763 0.002742 0.002708 0.002657 0.002582 0.002476 0.002331 0.002140 0.001898 0.001603 0.001256 0.000865 0.000441 0.000000 
50.000000 42.575144 35.407323 28.726902 22.715508 17.492078 13.108610 9.555161 6.771883 4.664924 3.122938 2.031562 1.284267 0.789045 0.471308 0.273848 0.154938 0.085519 0.046214 0.024620 0.013104 0.007139 0.004136 0.002668 0.001969 0.001645 0.001499 0.001435 0.001408 0.001396 0.001392 0.001389 0.001388 0.001386 0.001384 0.001380 0.001373 0.001363 0.001346 0.001320 0.001282 0.001229 0.001157 0.001061 0.000941 0.000794 0.000622 0.000428 0.000218 0.000000 
50.000000 42.575062 35.407161 28.726666 22.715206 17.491718 13.108201 9.554713 6.771404 4.664422 3.122419 2.031031 1.283728 0.788501 0.470760 0.273298 0.154386 0.084967 0.045662 0.024067 0.012551 0.006586 0.003583 0.002115 0.001416 0.001092 0.000946 0.000882 0.000855 0.000843 0.000839 0.000837 0.000835 0.000834 0.000833 0.000830 0.000826 0.000820 0.000809 0.000794 0.000771 0.000739 0.000695 0.000637 0.000565 0.000477 0.000373 0.000257 0.000131 0.000000 
50.000000 42.575062 35.407161 28.726666 22.715206 17.491718 13.108201 9.554713 6.771404 4.664422 3.122419 2.031031 1.283728 0.788501 0.470760 0.273298 0.154386 0.084967 0.045662 0.024067 0.012551 0.006586 0.003583 0.002115 0.001416 0.001092 0.000946 0.000882 0.000855 0.000843 0.000839 0.000837 0.000835 0.000834 0.000833 0.000830 0.000826 0.000820 0.000809 0.000794 0.000771 0.000739 0.000695 0.000637 0.000565 0.000477 0.000373 0.000257 0.000131 0.000000 
50.000000 42.575144 35.407323 28.726902 22.715508 17.492078 13.108610 9.555161 6.771883 4.664924 3.122938 2.031562 1.284267 0.789045 0.471308 0.273848 0.154938 0.085519 0.046214 0.024620 0.013104 0.007139 0.004136 0.002668 0.001969 0.001645 0.001499 0.001435 0.001408 0.001396 0.001392 0.001389 0.001388 0.001386 0.001384 0.001380 0.001373 0.001363 0.001346 0.001320 0.001282 0.001229 0.001157 0.001061 0.000941 0.000794 0.000622 0.000428 0.000218 0.000000 
50.000000 42.575353 35.407734 28.727501 22.716276 17.492993 13.109648 9.556299 6.773099 4.666199 3.124256 2.032911 1.285636 0.790429 0.472700 0.275245 0.156338 0.086922 0.047618 0.026024 0.014508 0.008543 0.005541 0.004072 0.003374 0.003050 0.002904 0.002840 0.002813 0.002801 0.002796 0.002794 0.002791 0.002789 0.002784 0.002776 0.002763 0.002742 0.002708 0.002657 0.002582 0.002476 0.002331 0.002140 0.001898 0.001603 0.001256 0.000865 0.000441 0.000000 
50.000000 42.575796 35.408605 28.728769 22.717903 17.494931 13.111846 9.558708 6.775674 4.668899 3.127047 2.035766 1.288536 0.793357 0.475647 0.278204 0.159304 0.089892 0.050590 0.028998 0.017482 0.011518 0.008516 0.007047 0.006348 0.006025 0.005879 0.005815 0.005787 0.005776 0.005770 0.005767 0.005764 0.005758 0.005749 0.005733 0.005707 0.005663 0.005595 0.005491 0.005338 0.005121 0.004823 0.004430 0.003931 0.003321 0.002603 0.001794 0.000915 0.000000 
50.000000 42.576682 35.410346 28.731307 22.721158 17.498808 13.116245 9.563530 6.780826 4.674302 3.132633 2.041481 1.294339 0.799219 0.481546 0.284126 0.165240 0.095836 0.056539 0.034949 0.023435 0.017471 0.014469 0.013001 0.012302 0.011979 0.011833 0.011769 0.011741 0.011729 0.011723 0.011718 0.011712 0.011702 0.011684 0.011653 0.011600 0.011514 0.011377 0.011169 0.010861 0.010423 0.009822 0.009027 0.008014 0.006774 0.005314 0.003662 0.001869 0.000000 
50.000000 42.578395 35.413712 28.736214 22.727450 17.506304 13.124750 9.572853 6.790788 4.684748 3.143432 2.052530 1.305559 0.810552 0.492952 0.295577 0.176718 0.107329 0.068041 0.046456 0.034945 0.028982 0.025981 0.024513 0.023814 0.023491 0.023345 0.023281 0.023253 0.023240 0.023233 0.023225 0.023214 0.023195 0.023160 0.023100 0.022998 0.022831 0.022566 0.022159 0.021558 0.020699 0.019516 0.017947 0.015944 0.013485 0.010583 0.007297 0.003725 0.000000 
50.000000 42.581607 35.420025 28.745416 22.739251 17.520361 13.140700 9.590336 6.809472 4.704338 3.163686 2.073254 1.326603 0.831808 0.514344 0.317053 0.198245 0.128886 0.089614 0.068039 0.056532 0.050572 0.047573 0.046105 0.045407 0.045083 0.044937 0.044873 0.044844 0.044830 0.044821 0.044809 0.044789 0.044753 0.044689 0.044576 0.044385 0.044070 0.043569 0.042800 0.041657 0.040020 0.037757 0.034747 0.030891 0.026145 0.020533 0.014164 0.007233 0.000000 
50.000000 42.587453 35.431514 28.762163 22.760728 17.545946 13.169731 9.622158 6.843479 4.739998 3.200554 2.110975 1.364909 0.870501 0.553284 0.356147 0.237432 0.168126 0.128885 0.107326 0.095829 0.089873 0.086876 0.085409 0.084711 0.084388 0.084242 0.084177 0.084148 0.084132 0.084118 0.084099 0.084064 0.083999 0.083883 0.083679 0.083331 0.082757 0.081840 0.080427 0.078320 0.075289 0.071086 0.065472 0.058258 0.049348 0.038785 0.026771 0.013675 0.000000 
50.000000 42.597776 35.451802 28.791737 22.798654 17.591128 13.220999 9.678356 6.903536 4.802974 3.265665 2.177596 1.432562 0.938837 0.622059 0.425194 0.306641 0.237431 0.198244 0.176715 0.165233 0.159286 0.156292 0.154828 0.154131 0.153808 0.153662 0.153596 0.153565 0.153546 0.153526 0.153493 0.153433 0.153321 0.153118 0.152759 0.152147 0.151133 0.149508 0.146991 0.143223 0.137781 0.130201 0.120033 0.106916 0.090656 0.071314 0.049259 0.025174 0.000000 
50.000000 42.615456 35.486549 28.842387 22.863612 17.668513 13.308808 9.774611 7.006403 4.910843 3.377191 2.291709 1.548445 1.055892 0.739864 0.543465 0.425194 0.356147 0.317052 0.295574 0.284119 0.278185 0.275199 0.273738 0.273043 0.272720 0.272574 0.272507 0.272474 0.272450 0.272419 0.272366 0.272265 0.272076 0.271733 0.271125 0.270082 0.268349 0.265561 0.261221 0.254694 0.245220 0.231960 0.214086 0.190918 0.162075 0.127633 0.088237 0.045119 0.000000 
50.000000 42.644811 35.544240 28.926483 22.971464 17.797000 13.454607 9.934437 7.177210 5.089957 3.562382 2.481198 1.740874 1.250268 0.935488 0.739864 0.622059 0.553284 0.514343 0.492949 0.481539 0.475628 0.472654 0.471198 0.470506 0.470184 0.470038 0.469970 0.469933 0.469901 0.469855 0.469769 0.469606 0.469300 0.468739 0.467744 0.466030 0.463167 0.458540 0.451302 0.440359 0.424385 0.401901 0.371425 0.331700 0.281987 0.222351 0.153880 0.078739 0.000000 
50.000000 42.692039 35.637057 29.061785 23.144988 18.003729 13.689191 10.191594 7.452039 5.378159 3.860364 2.786098 2.050508 1.563037 1.250267 1.055892 0.938837 0.870500 0.831807 0.810549 0.799211 0.793339 0.790383 0.788936 0.788248 0.787928 0.787781 0.787711 0.787669 0.787626 0.787557 0.787425 0.787170 0.786691 0.785809 0.784238 0.781519 0.776956 0.769542 0.757879 0.740140 0.714084 0.677168 0.626796 0.560711 0.477495 0.377111 0.261322 0.133829 0.000000 
50.000000 42.765637 35.781702 29.272638 23.415409 18.325899 14.054776 10.592363 7.880357 5.827322 4.324777 3.261297 2.533090 2.050508 1.740874 1.548445 1.432562 1.364908 1.326602 1.305556 1.294331 1.288517 1.285591 1.284159 1.283477 1.283159 1.283012 1.282940 1.282891 1.282833 1.282731 1.282534 1.282152 1.281429 1.280095 1.277706 1.273552 1.266545 1.255091 1.236962 1.209201 1.168130 1.109502 1.028884 0.922293 0.787066 0.622826 0.432293 0.221626 0.000000 
50.000000 42.876682 35.999943 29.590777 23.823430 18.812007 14.606401 11.197085 8.526654 6.505082 5.025554 3.978360 3.261297 2.786098 2.481197 2.291709 2.177596 2.110975 2.073252 2.052527 2.041474 2.035748 2.032866 2.031456 2.030783 2.030470 2.030324 2.030248 2.030190 2.030111 2.029967 2.029685 2.029135 2.028088 2.026148 2.022658 2.016556 2.006206 1.989180 1.962041 1.920169 1.857713 1.767779 1.642983 1.476449 1.263251 1.002120 0.696997 0.357829 0.000000 
50.000000 43.038835 36.318631 30.055346 24.419256 19.521870 15.411946 12.080179 9.470475 7.494861 6.048958 5.025554 4.324777 3.860364 3.562382 3.377191 3.265665 3.200553 3.163685 3.143429 3.132625 3.127029 3.124212 3.122833 3.122176 3.121869 3.121723 3.121643 3.121574 3.121471 3.121275 3.120887 3.120127 3.118674 3.115971 3.111080 3.102486 3.087815 3.063513 3.024479 2.963741 2.872296 2.739290 2.552742 2.301024 1.975174 1.571835 1.096193 0.563801 0.000000 
50.000000 43.267913 36.768850 30.711658 25.261007 20.524736 16.550001 13.327808 10.803914 8.893245 7.494861 6.505082 5.827322 5.378159 5.089957 4.910843 4.802974 4.739997 4.704337 4.684745 4.674295 4.668882 4.666157 4.664823 4.664186 4.663888 4.663744 4.663660 4.663578 4.663447 4.663192 4.662682 4.661678 4.659751 4.656149 4.649599 4.638019 4.618121 4.584913 4.531121 4.446623 4.318059 4.128879 3.860179 3.492733 3.010511 2.405597 1.683669 0.868107 0.000000 
50.000000 43.580889 37.383963 31.608352 26.411068 21.894937 18.104925 15.032460 12.625827 10.803914 9.470475 8.526654 7.880357 7.452039 7.177210 7.006403 6.903536 6.843478 6.809471 6.790786 6.780820 6.775657 6.773058 6.771786 6.771178 6.770892 6.770751 6.770664 6.770570 6.770410 6.770092 6.769453 6.768190 6.765755 6.761183 6.752824 6.737955 6.712227 6.668942 6.598179 6.485855 6.312914 6.055012 5.683231 5.166554 4.476849 3.596756 2.529671 1.308859 0.000000 
50.000000 43.994290 38.196448 32.792776 27.930171 23.704834 20.158842 17.284176 15.032460 13.327808 12.080179 11.197085 10.592363 10.191594 9.934437 9.774611 9.678356 9.622158 9.590335 9.572850 9.563524 9.558692 9.556260 9.555069 9.554500 9.554230 9.554096 9.554006 9.553901 9.553714 9.553339 9.552579 9.551073 9.548156 9.542652 9.532536 9.514426 9.482861 9.429306 9.340888 9.198928 8.977448 8.642088 8.150174 7.453098 6.502618 5.262636 3.726775 1.938080 0.000000 
50.000000 44.522041 39.233676 34.304832 29.869495 26.015412 22.780963 20.158842 18.104925 16.550001 15.411946 14.606401 14.054776 13.689191 13.454607 13.308808 13.220999 13.169731 13.140700 13.124748 13.116240 13.111832 13.109613 13.108526 13.108006 13.107758 13.107632 13.107543 13.107431 13.107224 13.106805 13.105955 13.104260 13.100966 13.094721 13.083182 13.062394 13.025892 12.963418 12.859204 12.689822 12.421693 12.008668 11.390482 10.493727 9.238110 7.552028 5.401455 2.831035 0.000000 
50.000000 45.173017 40.513092 36.169954 32.261665 28.865543 26.015412 23.704834 21.894937 20.524736 19.521870 18.812007 18.325899 18.003729 17.797000 17.668513 17.591128 17.545946 17.520360 17.506302 17.498803 17.494918 17.492962 17.492004 17.491545 17.491326 17.491211 17.491126 17.491013 17.490799 17.490362 17.489470 17.487689 17.484213 17.477594 17.465301 17.443018 17.403606 17.335558 17.220846 17.032003 16.728383 16.251736 15.521685 14.432772 12.856914 10.658978 7.738167 4.107833 0.000000 
50.000000 45.948686 42.037581 38.392349 35.112079 32.261665 29.869495 27.930171 26.411068 25.261007 24.419256 23.823430 23.415409 23.144988 22.971464 22.863612 22.798654 22.760728 22.739250 22.727449 22.721154 22.717892 22.716250 22.715445 22.715060 22.714875 22.714777 22.714700 22.714593 22.714388 22.713967 22.713106 22.711380 22.707999 22.701537 22.689477 22.667494 22.628343 22.560179 22.444082 22.250496 21.934219 21.427553 20.631384 19.404751 17.556039 14.846074 11.029478 5.986822 0.000000 
50.000000 46.841323 43.791959 40.949883 38.392349 36.169954 34.304832 32.792776 31.608352 30.711658 30.055346 29.590777 29.272638 29.061785 28.926483 28.842387 28.791737 28.762163 28.745415 28.736213 28.731304 28.728761 28.727480 28.726853 28.726552 28.726407 28.726329 28.726265 28.726174 28.725997 28.725632 28.724883 28.723378 28.720423 28.714754 28.704132 28.684674 28.649812 28.588657 28.483511 28.306061 28.011596 27.530140 26.752804 25.510977 23.546275 20.474942 15.776736 8.926946 0.000000 
50.000000 47.833268 45.741519 43.791959 42.037581 40.513092 39.233676 38.196448 37.383963 36.768850 36.318631 35.999943 35.781702 35.637057 35.544240 35.486549 35.451802 35.431514 35.420024 35.413711 35.410344 35.408599 35.407720 35.407290 35.407083 35.406983 35.406929 35.406884 35.406817 35.406686 35.406416 35.405861 35.404743 35.402543 35.398312 35.390359 35.375735 35.349408 35.302946 35.222438 35.085181 34.854291 34.469673 33.832222 32.774924 31.008103 28.015223 22.870759 14.043535 0.000000 
50.000000 48.897558 47.833268 46.841323 45.948686 45.173017 44.522041 43.994290 43.580889 43.267913 43.038835 42.876682 42.765637 42.692039 42.644811 42.615456 42.597776 42.587453 42.581607 42.578394 42.576681 42.575793 42.575346 42.575127 42.575022 42.574971 42.574943 42.574919 42.574884 42.574814 42.574671 42.574375 42.573778 42.572602 42.570338 42.566072 42.558210 42.544011 42.518853 42.475034 42.399805 42.272031 42.056210 41.691005 41.065184 39.961863 37.914376 33.789733 24.448779 0.000000 
50.000000 50.000000 50.000000 50.000000 50.000000 50.000000 50.000000 50.000000 50.000000 50.000000 50.000000 50.000000 50.000000 50.000000 50.000000 50.000000 50.000000 50.000000 50.000000 50.000000 50.000000 50.000000 50.000000 50.000000 50.000000 50.000000 50.000000 50.000000 50.000000 50.000000 50.000000 50.000000 50.000000 50.000000 50.000000 50.000000 50.000000 50.000000 50.000000 50.000000 50.000000 50.000000 50.000000 50.000000 50.000000 50.000000 50.000000 50.000000 50.000000 50.000000 
