50.000000 50.000000 50.000000 50.000000 50.000000 50.000000 50.000000 50.000000 50.000000 50.000000 50.000000 50.000000 50.000000 50.000000 50.000000 50.000000 50.000000 50.000000 50.000000 50.000000 50.000000 50.000000 50.000000 50.000000 50.000000 50.000000 50.000000 50.000000 50.000000 50.000000 50.000000 50.000000 50.000000 50.000000 50.000000 50.000000 50.000000 50.000000 50.000000 50.000000 50.000000 50.000000 50.000000 50.000000 50.000000 50.000000 50.000000 50.000000 50.000000 50.000000 
50.000000 38.860672 31.496869 28.046699 26.824336 26.480514 26.400937 26.385372 26.382746 26.382357 26.382306 26.382300 26.382300 26.382300 26.382300 26.382300 26.382300 26.382300 26.382300 26.382300 26.382300 26.382300 26.382300 26.382300 26.382300 26.382300 26.382300 26.382300 26.382300 26.382300 26.382300 26.382300 26.382300 26.382300 26.382300 26.382300 26.382300 26.382300 26.382300 26.382299 26.382296 26.382269 26.382049 26.380471 26.370311 26.312200 26.018150 24.701601 19.430336 0.000000 
50.000000 31.496869 19.271644 13.548572 11.523007 10.953905 10.822347 10.796646 10.792315 10.791676 10.791592 10.791582 10.791581 10.791581 10.791581 10.791581 10.791581 10.791581 10.791581 10.791581 10.791581 10.791581 10.791581 10.791581 10.791581 10.791581 10.791581 10.791581 10.791581 10.791581 10.791581 10.791581 10.791581 10.791581 10.791581 10.791581 10.791581 10.791581 10.791581 10.791580 10.791578 10.791553 10.791360 10.789994 10.781451 10.734674 10.513975 9.635822 6.795269 0.000000 
50.000000 28.046699 13.548572 6.766382 4.368054 3.694867 3.539406 3.509068 3.503961 3.503208 3.503109 3.503098 3.503096 3.503096 3.503096 3.503096 3.503096 3.503096 3.503096 3.503096 3.503096 3.503096 3.503096 3.503096 3.503096 3.503096 3.503096 3.503096 3.503096 3.503096 3.503096 3.503096 3.503096 3.503096 3.503096 3.503096 3.503096 3.503096 3.503096 3.503096 3.503095 3.503083 3.502990 3.502345 3.498396 3.477444 3.383191 3.034597 2.028549 0.000000 
50.000000 26.824336 11.523007 4.368054 1.839168 1.129722 0.965981 0.934046 0.928674 0.927882 0.927778 0.927766 0.927765 0.927765 0.927765 0.927765 0.927765 0.927765 0.927765 0.927765 0.927765 0.927765 0.927765 0.927765 0.927765 0.927765 0.927765 0.927765 0.927765 0.927765 0.927765 0.927765 0.927765 0.927765 0.927765 0.927765 0.927765 0.927765 0.927765 0.927765 0.927764 0.927760 0.927730 0.927517 0.926235 0.919584 0.890610 0.788333 0.512136 0.000000 
50.000000 26.480514 10.953905 3.694867 1.129722 0.410264 0.244253 0.211882 0.206438 0.205636 0.205531 0.205519 0.205517 0.205517 0.205517 0.205517 0.205517 0.205517 0.205517 0.205517 0.205517 0.205517 0.205517 0.205517 0.205517 0.205517 0.205517 0.205517 0.205517 0.205517 0.205517 0.205517 0.205517 0.205517 0.205517 0.205517 0.205517 0.205517 0.205517 0.205517 0.205517 0.205516 0.205508 0.205454 0.205132 0.203486 0.196471 0.172454 0.110203 0.000000 
50.000000 26.400937 10.822347 3.539406 0.965981 0.244253 0.077729 0.045261 0.039801 0.038997 0.038891 0.038879 0.038878 0.038877 0.038877 0.038877 0.038877 0.038877 0.038877 0.038877 0.038877 0.038877 0.038877 0.038877 0.038877 0.038877 0.038877 0.038877 0.038877 0.038877 0.038877 0.038877 0.038877 0.038877 0.038877 0.038877 0.038877 0.038877 0.038877 0.038877 0.038877 0.038877 0.038876 0.038864 0.038798 0.038464 0.037061 0.032353 0.020467 0.000000 
50.000000 26.385372 10.796646 3.509068 0.934046 0.211882 0.045261 0.012775 0.007312 0.006507 0.006402 0.006389 0.006388 0.006388 0.006388 0.006388 0.006388 0.006388 0.006388 0.006388 0.006388 0.006388 0.006388 0.006388 0.006388 0.006388 0.006388 0.006388 0.006388 0.006388 0.006388 0.006388 0.006388 0.006388 0.006388 0.006388 0.006388 0.006388 0.006388 0.006388 0.006388 0.006388 0.006388 0.006386 0.006374 0.006317 0.006078 0.005286 0.003323 0.000000 
50.000000 26.382746 10.792315 3.503961 0.928674 0.206438 0.039801 0.007312 0.001849 0.001044 0.000938 0.000926 0.000925 0.000924 0.000924 0.000924 0.000924 0.000924 0.000924 0.000924 0.000924 0.000924 0.000924 0.000924 0.000924 0.000924 0.000924 0.000924 0.000924 0.000924 0.000924 0.000924 0.000924 0.000924 0.000924 0.000924 0.000924 0.000924 0.000924 0.000924 0.000924 0.000924 0.000924 0.000924 0.000922 0.000914 0.000878 0.000762 0.000477 0.000000 
50.000000 26.382357 10.791676 3.503208 0.927882 0.205636 0.038997 0.006507 0.001044 0.000238 0.000133 0.000121 0.000119 0.000119 0.000119 0.000119 0.000119 0.000119 0.000119 0.000119 0.000119 0.000119 0.000119 0.000119 0.000119 0.000119 0.000119 0.000119 0.000119 0.000119 0.000119 0.000119 0.000119 0.000119 0.000119 0.000119 0.000119 0.000119 0.000119 0.000119 0.000119 0.000119 0.000119 0.000119 0.000119 0.000118 0.000113 0.000098 0.000061 0.000000 
50.000000 26.382306 10.791592 3.503109 0.927778 0.205531 0.038891 0.006402 0.000938 0.000133 0.000028 0.000015 0.000014 0.000014 0.000014 0.000014 0.000014 0.000014 0.000014 0.000014 0.000014 0.000014 0.000014 0.000014 0.000014 0.000014 0.000014 0.000014 0.000014 0.000014 0.000014 0.000014 0.000014 0.000014 0.000014 0.000014 0.000014 0.000014 0.000014 0.000014 0.000014 0.000014 0.000014 0.000014 0.000014 0.000014 0.000013 0.000011 0.000007 0.000000 
50.000000 26.382300 10.791582 3.503098 0.927766 0.205519 0.038879 0.006389 0.000926 0.000121 0.000015 0.000003 0.000002 0.000001 0.000001 0.000001 0.000001 0.000001 0.000001 0.000001 0.000001 0.000001 0.000001 0.000001 0.000001 0.000001 0.000001 0.000001 0.000001 0.000001 0.000001 0.000001 0.000001 0.000001 0.000001 0.000001 0.000001 0.000001 0.000001 0.000001 0.000001 0.000001 0.000001 0.000001 0.000001 0.000001 0.000001 0.000001 0.000001 0.000000 
50.000000 26.382300 10.791581 3.503096 0.927765 0.205517 0.038878 0.006388 0.000925 0.000119 0.000014 0.000002 0.000000 0.000000 0.000000 0.000000 0.000000 0.000000 0.000000 0.000000 0.000000 0.000000 0.000000 0.000000 0.000000 0.000000 0.000000 0.000000 0.000000 0.000000 0.000000 0.000000 0.000000 0.000000 0.000000 0.000000 0.000000 0.000000 0.000000 0.000000 0.000000 0.000000 0.000000 0.000000 0.000000 0.000000 0.000000 0.000000 0.000000 0.000000 
50.000000 26.382300 10.791581 3.503096 0.927765 0.205517 0.038877 0.006388 0.000924 0.000119 0.000014 0.000001 0.000000 0.000000 0.000000 0.000000 0.000000 0.000000 0.000000 0.000000 0.000000 0.000000 0.000000 0.000000 0.000000 0.000000 0.000000 0.000000 0.000000 0.000000 0.000000 0.000000 0.000000 0.000000 0.000000 0.000000 0.000000 0.000000 0.000000 0.000000 0.000000 0.000000 0.000000 0.000000 0.000000 0.000000 0.000000 0.000000 0.000000 0.000000 
50.000000 26.382300 10.791581 3.503096 0.927765 0.205517 0.038877 0.006388 0.000924 0.000119 0.000014 0.000001 0.000000 0.000000 0.000000 0.000000 0.000000 0.000000 0.000000 0.000000 0.000000 0.000000 0.000000 0.000000 0.000000 0.000000 0.000000 0.000000 0.000000 0.000000 0.000000 0.000000 0.000000 0.000000 0.000000 0.000000 0.000000 0.000000 0.000000 0.000000 0.000000 0.000000 0.000000 0.000000 0.000000 0.000000 0.000000 0.000000 0.000000 0.000000 
50.000000 26.382300 10.791581 3.503096 0.927765 0.205517 0.038877 0.006388 0.000924 0.000119 0.000014 0.000001 0.000000 0.000000 0.000000 0.000000 0.000000 0.000000 0.000000 0.000000 0.000000 0.000000 0.000000 0.000000 0.000000 0.000000 0.000000 0.000000 0.000000 0.000000 0.000000 0.000000 0.000000 0.000000 0.000000 0.000000 0.000000 0.000000 0.000000 0.000000 0.000000 0.000000 0.000000 0.000000 0.000000 0.000000 0.000000 0.000000 0.000000 0.000000 
50.000000 26.382300 10.791581 3.503096 0.927765 0.205517 0.038877 0.006388 0.000924 0.000119 0.000014 0.000001 0.000000 0.000000 0.000000 0.000000 0.000000 0.000000 0.000000 0.000000 0.000000 0.000000 0.000000 0.000000 0.000000 0.000000 0.000000 0.000000 0.000000 0.000000 0.000000 0.000000 0.000000 0.000000 0.000000 0.000000 0.000000 0.000000 0.000000 0.000000 0.000000 0.000000 0.000000 0.000000 0.000000 0.000000 0.000000 0.000000 0.000000 0.000000 
50.000000 26.382300 10.791581 3.503096 0.927765 0.205517 0.038877 0.006388 0.000924 0.000119 0.000014 0.000001 0.000000 0.000000 0.000000 0.000000 0.000000 0.000000 0.000000 0.000000 0.000000 0.000000 0.000000 0.000000 0.000000 0.000000 0.000000 0.000000 0.000000 0.000000 0.000000 0.000000 0.000000 0.000000 0.000000 0.000000 0.000000 0.000000 0.000000 0.000000 0.000000 0.000000 0.000000 0.000000 0.000000 0.000000 0.000000 0.000000 0.000000 0.000000 
50.000000 26.382300 10.791581 3.503096 0.927765 0.205517 0.038877 0.006388 0.000924 0.000119 0.000014 0.000001 0.000000 0.000000 0.000000 0.000000 0.000000 0.000000 0.000000 0.000000 0.000000 0.000000 0.000000 0.000000 0.000000 0.000000 0.000000 0.000000 0.000000 0.000000 0.000000 0.000000 0.000000 0.000000 0.000000 0.000000 0.000000 0.000000 0.000000 0.000000 0.000000 0.000000 0.000000 0.000000 0.000000 0.000000 0.000000 0.000000 0.000000 0.000000 
50.000000 26.382300 10.791581 3.503096 0.927765 0.205517 0.038877 0.006388 0.000924 0.000119 0.000014 0.000001 0.000000 0.000000 0.000000 0.000000 0.000000 0.000000 0.000000 0.000000 0.000000 0.000000 0.000000 0.000000 0.000000 0.000000 0.000000 0.000000 0.000000 0.000000 0.000000 0.000000 0.000000 0.000000 0.000000 0.000000 0.000000 0.000000 0.000000 0.000000 0.000000 0.000000 0.000000 0.000000 0.000000 0.000000 0.000000 0.000000 0.000000 0.000000 
50.000000 26.382300 10.791581 3.503096 0.927765 0.205517 0.038877 0.006388 0.000924 0.000119 0.000014 0.000001 0.000000 0.000000 0.000000 0.000000 0.000000 0.000000 0.000000 0.000000 0.000000 0.000000 0.000000 0.000000 0.000000 0.000000 0.000000 0.000000 0.000000 0.000000 0.000000 0.000000 0.000000 0.000000 0.000000 0.000000 0.000000 0.000000 0.000000 0.000000 0.000000 0.000000 0.000000 0.000000 0.000000 0.000000 0.000000 0.000000 0.000000 0.000000 
50.000000 26.382300 10.791581 3.503096 0.927765 0.205517 0.038877 0.006388 0.000924 0.000119 0.000014 0.000001 0.000000 0.000000 0.000000 0.000000 0.000000 0.000000 0.000000 0.000000 0.000000 0.000000 0.000000 0.000000 0.000000 0.000000 0.000000 0.000000 0.000000 0.000000 0.000000 0.000000 0.000000 0.000000 0.000000 0.000000 0.000000 0.000000 0.000000 0.000000 0.000000 0.000000 0.000000 0.000000 0.000000 0.000000 0.000000 0.000000 0.000000 0.000000 
50.000000 26.382300 10.791581 3.503096 0.927765 0.205517 0.038877 0.006388 0.000924 0.000119 0.000014 0.000001 0.000000 0.000000 0.000000 0.000000 0.000000 0.000000 0.000000 0.000000 0.000000 0.000000 0.000000 0.000000 0.000000 0.000000 0.000000 0.000000 0.000000 0.000000 0.000000 0.000000 0.000000 0.000000 0.000000 0.000000 0.000000 0.000000 0.000000 0.000000 0.000000 0.000000 0.000000 0.000000 0.000000 0.000000 0.000000 0.000000 0.000000 0.000000 
50.000000 26.382300 10.791581 3.503096 0.927765 0.205517 0.038877 0.006388 0.000924 0.000119 0.000014 0.000001 0.000000 0.000000 0.000000 0.000000 0.000000 0.000000 0.000000 0.000000 0.000000 0.000000 0.000000 0.000000 0.000000 0.000000 0.000000 0.000000 0.000000 0.000000 0.000000 0.000000 0.000000 0.000000 0.000000 0.000000 0.000000 0.000000 0.000000 0.000000 0.000000 0.000000 0.000000 0.000000 0.000000 0.000000 0.000000 0.000000 0.000000 0.000000 
50.000000 26.382300 10.791581 3.503096 0.927765 0.205517 0.038877 0.006388 0.000924 0.000119 0.000014 0.000001 0.000000 0.000000 0.000000 0.000000 0.000000 0.000000 0.000000 0.000000 0.000000 0.000000 0.000000 0.000000 0.000000 0.000000 0.000000 0.000000 0.000000 0.000000 0.000000 0.000000 0.000000 0.000000 0.000000 0.000000 0.000000 0.000000 0.000000 0.000000 0.000000 0.000000 0.000000 0.000000 0.000000 0.000000 0.000000 0.000000 0.000000 0.000000 
50.000000 26.382300 10.791581 3.503096 0.927765 0.205517 0.038877 0.006388 0.000924 0.000119 0.000014 0.000001 0.000000 0.000000 0.000000 0.000000 0.000000 0.000000 0.000000 0.000000 0.000000 0.000000 0.000000 0.000000 0.000000 0.000000 0.000000 0.000000 0.000000 0.000000 0.000000 0.000000 0.000000 0.000000 0.000000 0.000000 0.000000 0.000000 0.000000 0.000000 0.000000 0.000000 0.000000 0.000000 0.000000 0.000000 0.000000 0.000000 0.000000 0.000000 
50.000000 26.382300 10.791581 3.503096 0.927765 0.205517 0.038877 0.006388 0.000924 0.000119 0.000014 0.000001 0.000000 0.000000 0.000000 0.000000 0.000000 0.000000 0.000000 0.000000 0.000000 0.000000 0.000000 0.000000 0.000000 0.000000 0.000000 0.000000 0.000000 0.000000 0.000000 0.000000 0.000000 0.000000 0.000000 0.000000 0.000000 0.000000 0.000000 0.000000 0.000000 0.000000 0.000000 0.000000 0.000000 0.000000 0.000000 0.000000 0.000000 0.000000 
50.000000 26.382300 10.791581 3.503096 0.927765 0.205517 0.038877 0.006388 0.000924 0.000119 0.000014 0.000001 0.000000 0.000000 0.000000 0.000000 0.000000 0.000000 0.000000 0.000000 0.000000 0.000000 0.000000 0.000000 0.000000 0.000000 0.000000 0.000000 0.000000 0.000000 0.000000 0.000000 0.000000 0.000000 0.000000 0.000000 0.000000 0.000000 0.000000 0.000000 0.000000 0.000000 0.000000 0.000000 0.000000 0.000000 0.000000 0.000000 0.000000 0.000000 
50.000000 26.382300 10.791581 3.503096 0.927765 0.205517 0.038877 0.006388 0.000924 0.000119 0.000014 0.000001 0.000000 0.000000 0.000000 0.000000 0.000000 0.000000 0.000000 0.000000 0.000000 0.000000 0.000000 0.000000 0.000000 0.000000 0.000000 0.000000 0.000000 0.000000 0.000000 0.000000 0.000000 0.000000 0.000000 0.000000 0.000000 0.000000 0.000000 0.000000 0.000000 0.000000 0.000000 0.000000 0.000000 0.000000 0.000000 0.000000 0.000000 0.000000 
50.000000 26.382300 10.791581 3.503096 0.927765 0.205517 0.038877 0.006388 0.000924 0.000119 0.000014 0.000001 0.000000 0.000000 0.000000 0.000000 0.000000 0.000000 0.000000 0.000000 0.000000 0.000000 0.000000 0.000000 0.000000 0.000000 0.000000 0.000000 0.000000 0.000000 0.000000 0.000000 0.000000 0.000000 0.000000 0.000000 0.000000 0.000000 0.000000 0.000000 0.000000 0.000000 0.000000 0.000000 0.000000 0.000000 0.000000 0.000000 0.000000 0.000000 
50.000000 26.382300 10.791581 3.503096 0.927765 0.205517 0.038877 0.006388 0.000924 0.000119 0.000014 0.000001 0.000000 0.000000 0.000000 0.000000 0.000000 0.000000 0.000000 0.000000 0.000000 0.000000 0.000000 0.000000 0.000000 0.000000 0.000000 0.000000 0.000000 0.000000 0.000000 0.000000 0.000000 0.000000 0.000000 0.000000 0.000000 0.000000 0.000000 0.000000 0.000000 0.000000 0.000000 0.000000 0.000000 0.000000 0.000000 0.000000 0.000000 0.000000 
50.000000 26.382300 10.791581 3.503096 0.927765 0.205517 0.038877 0.006388 0.000924 0.000119 0.000014 0.000001 0.000000 0.000000 0.000000 0.000000 0.000000 0.000000 0.000000 0.000000 0.000000 0.000000 0.000000 0.000000 0.000000 0.000000 0.000000 0.000000 0.000000 0.000000 0.000000 0.000000 0.000000 0.000000 0.000000 0.000000 0.000000 0.000000 0.000000 0.000000 0.000000 0.000000 0.000000 0.000000 0.000000 0.000000 0.000000 0.000000 0.000000 0.000000 
50.000000 26.382300 10.791581 3.503096 0.927765 0.205517 0.038877 0.006388 0.000924 0.000119 0.000014 0.000001 0.000000 0.000000 0.000000 0.000000 0.000000 0.000000 0.000000 0.000000 0.000000 0.000000 0.000000 0.000000 0.000000 0.000000 0.000000 0.000000 0.000000 0.000000 0.000000 0.000000 0.000000 0.000000 0.000000 0.000000 0.000000 0.000000 0.000000 0.000000 0.000000 0.000000 0.000000 0.000000 0.000000 0.000000 0.000000 0.000000 0.000000 0.000000 
50.000000 26.382300 10.791581 3.503096 0.927765 0.205517 0.038877 0.006388 0.000924 0.000119 0.000014 0.000001 0.000000 0.000000 0.000000 0.000000 0.000000 0.000000 0.000000 0.000000 0.000000 0.000000 0.000000 0.000000 0.000000 0.000000 0.000000 0.000000 0.000000 0.000000 0.000000 0.000000 0.000000 0.000000 0.000000 0.000000 0.000000 0.000000 0.000000 0.000000 0.000000 0.000000 0.000000 0.000000 0.000000 0.000000 0.000000 0.000000 0.000000 0.000000 
50.000000 26.382300 10.791581 3.503096 0.927765 0.205517 0.038877 0.006388 0.000924 0.000119 0.000014 0.000001 0.000000 0.000000 0.000000 0.000000 0.000000 0.000000 0.000000 0.000000 0.000000 0.000000 0.000000 0.000000 0.000000 0.000000 0.000000 0.000000 0.000000 0.000000 0.000000 0.000000 0.000000 0.000000 0.000000 0.000000 0.000000 0.000000 0.000000 0.000000 0.000000 0.000000 0.000000 0.000000 0.000000 0.000000 0.000000 0.000000 0.000000 0.000000 
50.000000 26.382300 10.791581 3.503096 0.927765 0.205517 0.038877 0.006388 0.000924 0.000119 0.000014 0.000001 0.000000 0.000000 0.000000 0.000000 0.000000 0.000000 0.000000 0.000000 0.000000 0.000000 0.000000 0.000000 0.000000 0.000000 0.000000 0.000000 0.000000 0.000000 0.000000 0.000000 0.000000 0.000000 0.000000 0.000000 0.000000 0.000000 0.000000 0.000000 0.000000 0.000000 0.000000 0.000000 0.000000 0.000000 0.000000 0.000000 0.000000 0.000000 
50.000000 26.382300 10.791581 3.503096 0.927765 0.205517 0.038877 0.006388 0.000924 0.000119 0.000014 0.000001 0.000000 0.000000 0.000000 0.000000 0.000000 0.000000 0.000000 0.000000 0.000000 0.000000 0.000000 0.000000 0.000000 0.000000 0.000000 0.000000 0.000000 0.000000 0.000000 0.000000 0.000000 0.000000 0.000000 0.000000 0.000000 0.000000 0.000000 0.000000 0.000000 0.000000 0.000000 0.000000 0.000000 0.000000 0.000000 0.000000 0.000000 0.000000 
50.000000 26.382300 10.791581 3.503096 0.927765 0.205517 0.038878 0.006388 0.000925 0.000119 0.000014 0.000002 0.000000 0.000000 0.000000 0.000000 0.000000 0.000000 0.000000 0.000000 0.000000 0.000000 0.000000 0.000000 0.000000 0.000000 0.000000 0.000000 0.000000 0.000000 0.000000 0.000000 0.000000 0.000000 0.000000 0.000000 0.000000 0.000000 0.000000 0.000000 0.000000 0.000000 0.000000 0.000000 0.000000 0.000000 0.000000 0.000000 0.000000 0.000000 
50.000000 26.382300 10.791582 3.503098 0.927766 0.205519 0.038879 0.006389 0.000926 0.000121 0.000015 0.000003 0.000002 0.000001 0.000001 0.000001 0.000001 0.000001 0.000001 0.000001 0.000001 0.000001 0.000001 0.000001 0.000001 0.000001 0.000001 0.000001 0.000001 0.000001 0.000001 0.000001 0.000001 0.000001 0.000001 0.000001 0.000001 0.000001 0.000001 0.000001 0.000001 0.000001 0.000001 0.000001 0.000001 0.000001 0.000001 0.000001 0.000001 0.000000 
50.000000 26.382306 10.791592 3.503109 0.927778 0.205531 0.038891 0.006402 0.000938 0.000133 0.000028 0.000015 0.000014 0.000014 0.000014 0.000014 0.000014 0.000014 0.000014 0.000014 0.000014 0.000014 0.000014 0.000014 0.000014 0.000014 0.000014 0.000014 0.000014 0.000014 0.000014 0.000014 0.000014 0.000014 0.000014 0.000014 0.000014 0.000014 0.000014 0.000014 0.000014 0.000014 0.000014 0.000014 0.000014 0.000014 0.000013 0.000011 0.000007 0.000000 
50.000000 26.382357 10.791676 3.503208 0.927882 0.205636 0.038997 0.006507 0.001044 0.000238 0.000133 0.000121 0.000119 0.000119 0.000119 0.000119 0.000119 0.000119 0.000119 0.000119 0.000119 0.000119 0.000119 0.000119 0.000119 0.000119 0.000119 0.000119 0.000119 0.000119 0.000119 0.000119 0.000119 0.000119 0.000119 0.000119 0.000119 0.000119 0.000119 0.000119 0.000119 0.000119 0.000119 0.000119 0.000119 0.000118 0.000113 0.000098 0.000061 0.000000 
50.000000 26.382746 10.792315 3.503961 0.928674 0.206438 0.039801 0.007312 0.001849 0.001044 0.000938 0.000926 0.000925 0.000924 0.000924 0.000924 0.000924 0.000924 0.000924 0.000924 0.000924 0.000924 0.000924 0.000924 0.000924 0.000924 0.000924 0.000924 0.000924 0.000924 0.000924 0.000924 0.000924 0.000924 0.000924 0.000924 0.000924 0.000924 0.000924 0.000924 0.000924 0.000924 0.000924 0.000924 0.000922 0.000914 0.000878 0.000762 0.000477 0.000000 
50.000000 26.385372 10.796646 3.509068 0.934046 0.211882 0.045261 0.012775 0.007312 0.006507 0.006402 0.006389 0.006388 0.006388 0.006388 0.006388 0.006388 0.006388 0.006388 0.006388 0.006388 0.006388 0.006388 0.006388 0.006388 0.006388 0.006388 0.006388 0.006388 0.006388 0.006388 0.006388 0.006388 0.006388 0.006388 0.006388 0.006388 0.006388 0.006388 0.006388 0.006388 0.006388 0.006388 0.006386 0.006374 0.006317 0.006078 0.005286 0.003323 0.000000 
50.000000 26.400937 10.822347 3.539406 0.965981 0.244253 0.077729 0.045261 0.039801 0.038997 0.038891 0.038879 0.038878 0.038877 0.038877 0.038877 0.038877 0.038877 0.038877 0.038877 0.038877 0.038877 0.038877 0.038877 0.038877 0.038877 0.038877 0.038877 0.038877 0.038877 0.038877 0.038877 0.038877 0.038877 0.038877 0.038877 0.038877 0.038877 0.038877 0.038877 0.038877 0.038877 0.038876 0.038864 0.038798 0.038464 0.037061 0.032353 0.020467 0.000000 
50.000000 26.480514 10.953905 3.694867 1.129722 0.410264 0.244253 0.211882 0.206438 0.205636 0.205531 0.205519 0.205517 0.205517 0.205517 0.205517 0.205517 0.205517 0.205517 0.205517 0.205517 0.205517 0.205517 0.205517 0.205517 0.205517 0.205517 0.205517 0.205517 0.205517 0.205517 0.205517 0.205517 0.205517 0.205517 0.205517 0.205517 0.205517 0.205517 0.205517 0.205517 0.205516 0.205508 0.205454 0.205132 0.203486 0.196471 0.172454 0.110203 0.000000 
50.000000 26.824336 11.523007 4.368054 1.839168 1.129722 0.965981 0.934046 0.928674 0.927882 0.927778 0.927766 0.927765 0.927765 0.927765 0.927765 0.927765 0.927765 0.927765 0.927765 0.927765 0.927765 0.927765 0.927765 0.927765 0.927765 0.927765 0.927765 0.927765 0.927765 0.927765 0.927765 0.927765 0.927765 0.927765 0.927765 0.927765 0.927765 0.927765 0.927765 0.927764 0.927760 0.927730 0.927517 0.926235 0.919584 0.890610 0.788333 0.512136 0.000000 
50.000000 28.046699 13.548572 6.766382 4.368054 3.694867 3.539406 3.509068 3.503961 3.503208 3.503109 3.503098 3.503096 3.503096 3.503096 3.503096 3.503096 3.503096 3.503096 3.503096 3.503096 3.503096 3.503096 3.503096 3.503096 3.503096 3.503096 3.503096 3.503096 3.503096 3.503096 3.503096 3.503096 3.503096 3.503096 3.503096 3.503096 3.503096 3.503096 3.503096 3.503095 3.503083 3.502990 3.502345 3.498396 3.477444 3.383191 3.034597 2.028549 0.000000 
50.000000 31.496869 19.271644 13.548572 11.523007 10.953905 10.822347 10.796646 10.792315 10.791676 10.791592 10.791582 10.791581 10.791581 10.791581 10.791581 10.791581 10.791581 10.791581 10.791581 10.791581 10.791581 10.791581 10.791581 10.791581 10.791581 10.791581 10.791581 10.791581 10.791581 10.791581 10.791581 10.791581 10.791581 10.791581 10.791581 10.791581 10.791581 10.791581 10.791580 10.791578 10.791553 10.791360 10.789994 10.781451 10.734674 10.513975 9.635822 6.795269 0.000000 
50.000000 38.860672 31.496869 28.046699 26.824336 26.480514 26.400937 26.385372 26.382746 26.382357 26.382306 26.382300 26.382300 26.382300 26.382300 26.382300 26.382300 26.382300 26.382300 26.382300 26.382300 26.382300 26.382300 26.382300 26.382300 26.382300 26.382300 26.382300 26.382300 26.382300 26.382300 26.382300 26.382300 26.382300 26.382300 26.382300 26.382300 26.382300 26.382300 26.382299 26.382296 26.382269 26.382049 26.380471 26.370311 26.312200 26.018150 24.701601 19.430336 0.000000 
50.000000 50.000000 50.000000 50.000000 50.000000 50.000000 50.000000 50.000000 50.000000 50.000000 50.000000 50.000000 50.000000 50.000000 50.000000 50.000000 50.000000 50.000000 50.000000 50.000000 50.000000 50.000000 50.000000 50.000000 50.000000 50.000000 50.000000 50.000000 50.000000 50.000000 50.000000 50.000000 50.000000 50.000000 50.000000 50.000000 50.000000 50.000000 50.000000 50.000000 50.000000 50.000000 50.000000 50.000000 50.000000 50.000000 50.000000 50.000000 50.000000 50.000000 
