50.000000 50.000000 50.000000 50.000000 50.000000 50.000000 50.000000 50.000000 50.000000 50.000000 50.000000 50.000000 50.000000 50.000000 50.000000 50.000000 50.000000 50.000000 50.000000 50.000000 50.000000 50.000000 50.000000 50.000000 50.000000 50.000000 50.000000 50.000000 50.000000 50.000000 50.000000 50.000000 50.000000 50.000000 50.000000 50.000000 50.000000 50.000000 50.000000 50.000000 50.000000 50.000000 50.000000 50.000000 50.000000 50.000000 50.000000 50.000000 50.000000 50.000000 
50.000000 47.333642 44.890099 42.836482 41.251631 40.126428 39.389826 38.944056 38.693987 38.563575 38.500169 38.471347 38.459065 38.454145 38.452287 38.451625 38.451402 38.451330 38.451308 38.451302 38.451300 38.451300 38.451299 38.451299 38.451299 38.451299 38.451299 38.451299 38.451299 38.451299 38.451299 38.451299 38.451298 38.451294 38.451279 38.451231 38.451080 38.450623 38.449308 38.445692 38.436195 38.412329 38.354796 38.221077 37.918985 37.246908 35.744616 32.272004 23.666821 0.000000 
50.000000 44.890099 40.207242 36.271696 33.234548 31.078305 29.666785 28.812605 28.333444 28.083569 27.962087 27.906869 27.883338 27.873913 27.870356 27.869087 27.868659 27.868522 27.868480 27.868468 27.868464 27.868464 27.868463 27.868463 27.868463 27.868463 27.868463 27.868463 27.868463 27.868463 27.868463 27.868463 27.868461 27.868453 27.868428 27.868347 27.868089 27.867314 27.865091 27.859015 27.843177 27.803796 27.710273 27.497661 27.033403 26.055318 24.058285 20.103621 12.618096 0.000000 
50.000000 42.836482 36.271696 30.754653 26.497149 23.474616 21.496094 20.298855 19.627289 19.277102 19.106861 19.029486 18.996517 18.983312 18.978328 18.976551 18.975951 18.975759 18.975701 18.975684 18.975679 18.975678 18.975677 18.975677 18.975677 18.975677 18.975677 18.975677 18.975677 18.975677 18.975677 18.975676 18.975674 18.975666 18.975637 18.975542 18.975245 18.974356 18.971824 18.964956 18.947240 18.903795 18.802537 18.578239 18.106082 17.162360 15.377326 12.213411 7.091866 0.000000 
50.000000 41.251631 33.234548 26.497149 21.298070 17.607244 15.191391 13.729604 12.909702 12.482196 12.274386 12.179943 12.139705 12.123590 12.117508 12.115340 12.114609 12.114374 12.114303 12.114282 12.114276 12.114275 12.114275 12.114274 12.114274 12.114274 12.114274 12.114274 12.114274 12.114274 12.114274 12.114274 12.114271 12.114264 12.114237 12.114148 12.113872 12.113052 12.110731 12.104495 12.088593 12.050173 11.962341 11.772666 11.386641 10.649035 9.334789 7.179230 4.004723 0.000000 
50.000000 40.126428 31.078305 23.474616 17.607244 13.442182 10.716061 9.066640 8.141560 7.659251 7.424820 7.318289 7.272904 7.254730 7.247872 7.245428 7.244603 7.244338 7.244258 7.244235 7.244228 7.244226 7.244226 7.244226 7.244226 7.244226 7.244226 7.244226 7.244226 7.244226 7.244226 7.244225 7.244224 7.244217 7.244196 7.244125 7.243906 7.243259 7.241444 7.236610 7.224425 7.195410 7.130275 6.992815 6.721091 6.220604 5.368535 4.044902 2.207443 0.000000 
50.000000 39.389826 29.666785 21.496094 15.191391 10.716061 7.787006 6.014900 5.021076 4.502962 4.251147 4.136724 4.087982 4.068466 4.061101 4.058477 4.057591 4.057307 4.057221 4.057196 4.057189 4.057187 4.057187 4.057187 4.057187 4.057187 4.057187 4.057187 4.057187 4.057187 4.057186 4.057186 4.057185 4.057180 4.057165 4.057116 4.056963 4.056514 4.055265 4.051966 4.043744 4.024425 3.981759 3.893503 3.723246 3.418725 2.917855 2.169125 1.168749 0.000000 
50.000000 38.944056 28.812605 20.298855 13.729604 9.066640 6.014900 4.168654 3.133305 2.593572 2.331265 2.212084 2.161318 2.140992 2.133323 2.130590 2.129668 2.129373 2.129283 2.129257 2.129249 2.129248 2.129247 2.129247 2.129247 2.129247 2.129247 2.129247 2.129247 2.129247 2.129247 2.129247 2.129246 2.129243 2.129233 2.129202 2.129107 2.128828 2.128057 2.126039 2.121060 2.109498 2.084327 2.033141 1.936364 1.767263 1.496318 1.102333 0.589260 0.000000 
50.000000 38.693987 28.333444 19.627289 12.909702 8.141560 5.021076 3.133305 2.074707 1.522879 1.254705 1.132864 1.080968 1.060190 1.052352 1.049558 1.048615 1.048314 1.048222 1.048195 1.048188 1.048186 1.048185 1.048185 1.048185 1.048185 1.048185 1.048185 1.048185 1.048185 1.048185 1.048185 1.048185 1.048183 1.048178 1.048160 1.048106 1.047949 1.047517 1.046396 1.043654 1.037354 1.023807 0.996651 0.946150 0.859528 0.723494 0.529647 0.281658 0.000000 
50.000000 38.563575 28.083569 19.277102 12.482196 7.659251 4.502962 2.593572 1.522879 0.964760 0.693538 0.570315 0.517832 0.496820 0.488894 0.486069 0.485116 0.484810 0.484718 0.484691 0.484683 0.484681 0.484681 0.484681 0.484681 0.484681 0.484681 0.484681 0.484681 0.484681 0.484681 0.484681 0.484680 0.484679 0.484677 0.484667 0.484639 0.484558 0.484337 0.483766 0.482380 0.479225 0.472513 0.459218 0.434826 0.393603 0.329862 0.240392 0.127380 0.000000 
50.000000 38.500169 27.962087 19.106861 12.274386 7.424820 4.251147 2.331265 1.254705 0.693538 0.420838 0.296947 0.244180 0.223056 0.215086 0.212246 0.211288 0.210981 0.210888 0.210861 0.210853 0.210852 0.210851 0.210851 0.210851 0.210851 0.210851 0.210851 0.210851 0.210851 0.210851 0.210851 0.210851 0.210850 0.210849 0.210844 0.210831 0.210793 0.210688 0.210419 0.209772 0.208309 0.205226 0.199180 0.188211 0.169891 0.141906 0.103072 0.054477 0.000000 
50.000000 38.471347 27.906869 19.029486 12.179943 7.318289 4.136724 2.212084 1.132864 0.570315 0.296947 0.172753 0.119858 0.098682 0.090694 0.087847 0.086887 0.086579 0.086486 0.086458 0.086451 0.086449 0.086448 0.086448 0.086448 0.086448 0.086448 0.086448 0.086448 0.086448 0.086448 0.086448 0.086448 0.086448 0.086447 0.086445 0.086440 0.086423 0.086376 0.086259 0.085978 0.085347 0.084027 0.081460 0.076845 0.069212 0.057662 0.041778 0.022039 0.000000 
50.000000 38.459065 27.883338 18.996517 12.139705 7.272904 4.087982 2.161318 1.080968 0.517832 0.244180 0.119858 0.066909 0.045711 0.037715 0.034865 0.033904 0.033596 0.033502 0.033475 0.033468 0.033466 0.033465 0.033465 0.033465 0.033465 0.033465 0.033465 0.033465 0.033465 0.033465 0.033465 0.033465 0.033465 0.033465 0.033464 0.033461 0.033454 0.033436 0.033388 0.033273 0.033019 0.032490 0.031468 0.029645 0.026653 0.022161 0.016025 0.008442 0.000000 
50.000000 38.454145 27.873913 18.983312 12.123590 7.254730 4.068466 2.140992 1.060190 0.496820 0.223056 0.098682 0.045711 0.024506 0.016506 0.013655 0.012693 0.012385 0.012291 0.012264 0.012257 0.012255 0.012254 0.012254 0.012254 0.012254 0.012254 0.012254 0.012254 0.012254 0.012254 0.012254 0.012254 0.012254 0.012254 0.012254 0.012253 0.012250 0.012243 0.012225 0.012181 0.012085 0.011885 0.011503 0.010824 0.009718 0.008067 0.005825 0.003065 0.000000 
50.000000 38.452287 27.870356 18.978328 12.117508 7.247872 4.061101 2.133323 1.052352 0.488894 0.215086 0.090694 0.037715 0.016506 0.008504 0.005653 0.004691 0.004383 0.004290 0.004263 0.004255 0.004253 0.004253 0.004252 0.004252 0.004252 0.004252 0.004252 0.004252 0.004252 0.004252 0.004252 0.004252 0.004252 0.004252 0.004252 0.004252 0.004251 0.004248 0.004242 0.004226 0.004192 0.004121 0.003986 0.003747 0.003360 0.002786 0.002009 0.001056 0.000000 
50.000000 38.451625 27.869087 18.976551 12.115340 7.245428 4.058477 2.130590 1.049558 0.486069 0.212246 0.087847 0.034865 0.013655 0.005653 0.002802 0.001840 0.001532 0.001438 0.001411 0.001404 0.001402 0.001401 0.001401 0.001401 0.001401 0.001401 0.001401 0.001401 0.001401 0.001401 0.001401 0.001401 0.001401 0.001401 0.001401 0.001401 0.001400 0.001400 0.001397 0.001392 0.001380 0.001357 0.001311 0.001232 0.001104 0.000914 0.000659 0.000346 0.000000 
50.000000 38.451402 27.868659 18.975951 12.114609 7.244603 4.057591 2.129668 1.048615 0.485116 0.211288 0.086887 0.033904 0.012693 0.004691 0.001840 0.000878 0.000570 0.000476 0.000449 0.000442 0.000440 0.000439 0.000439 0.000439 0.000439 0.000439 0.000439 0.000439 0.000439 0.000439 0.000439 0.000439 0.000439 0.000439 0.000439 0.000439 0.000439 0.000439 0.000438 0.000436 0.000432 0.000425 0.000410 0.000385 0.000345 0.000285 0.000206 0.000108 0.000000 
50.000000 38.451330 27.868522 18.975759 12.114374 7.244338 4.057307 2.129373 1.048314 0.484810 0.210981 0.086579 0.033596 0.012385 0.004383 0.001532 0.000570 0.000262 0.000168 0.000141 0.000134 0.000132 0.000131 0.000131 0.000131 0.000131 0.000131 0.000131 0.000131 0.000131 0.000131 0.000131 0.000131 0.000131 0.000131 0.000131 0.000131 0.000131 0.000131 0.000131 0.000130 0.000129 0.000127 0.000122 0.000115 0.000103 0.000085 0.000061 0.000032 0.000000 
50.000000 38.451308 27.868480 18.975701 12.114303 7.244258 4.057221 2.129283 1.048222 0.484718 0.210888 0.086486 0.033502 0.012291 0.004290 0.001438 0.000476 0.000168 0.000075 0.000047 0.000040 0.000038 0.000037 0.000037 0.000037 0.000037 0.000037 0.000037 0.000037 0.000037 0.000037 0.000037 0.000037 0.000037 0.000037 0.000037 0.000037 0.000037 0.000037 0.000037 0.000037 0.000037 0.000036 0.000035 0.000033 0.000029 0.000024 0.000017 0.000009 0.000000 
50.000000 38.451302 27.868468 18.975684 12.114282 7.244235 4.057196 2.129257 1.048195 0.484691 0.210861 0.086458 0.033475 0.012264 0.004263 0.001411 0.000449 0.000141 0.000047 0.000020 0.000013 0.000011 0.000010 0.000010 0.000010 0.000010 0.000010 0.000010 0.000010 0.000010 0.000010 0.000010 0.000010 0.000010 0.000010 0.000010 0.000010 0.000010 0.000010 0.000010 0.000010 0.000010 0.000010 0.000009 0.000009 0.000008 0.000007 0.000005 0.000002 0.000000 
50.000000 38.451300 27.868464 18.975679 12.114276 7.244228 4.057189 2.129249 1.048188 0.484683 0.210853 0.086451 0.033468 0.012257 0.004255 0.001404 0.000442 0.000134 0.000040 0.000013 0.000005 0.000003 0.000003 0.000003 0.000003 0.000003 0.000003 0.000003 0.000003 0.000003 0.000003 0.000003 0.000003 0.000003 0.000003 0.000003 0.000003 0.000003 0.000003 0.000003 0.000003 0.000003 0.000003 0.000002 0.000002 0.000002 0.000002 0.000001 0.000001 0.000000 
50.000000 38.451300 27.868464 18.975678 12.114275 7.244226 4.057187 2.129248 1.048186 0.484681 0.210852 0.086449 0.033466 0.012255 0.004253 0.001402 0.000440 0.000132 0.000038 0.000011 0.000003 0.000001 0.000001 0.000001 0.000001 0.000001 0.000001 0.000001 0.000001 0.000001 0.000001 0.000001 0.000001 0.000001 0.000001 0.000001 0.000001 0.000001 0.000001 0.000001 0.000001 0.000001 0.000001 0.000001 0.000001 0.000001 0.000000 0.000000 0.000000 0.000000 
50.000000 38.451299 27.868463 18.975677 12.114275 7.244226 4.057187 2.129247 1.048185 0.484681 0.210851 0.086448 0.033465 0.012254 0.004253 0.001401 0.000439 0.000131 0.000037 0.000010 0.000003 0.000001 0.000000 0.000000 0.000000 0.000000 0.000000 0.000000 0.000000 0.000000 0.000000 0.000000 0.000000 0.000000 0.000000 0.000000 0.000000 0.000000 0.000000 0.000000 0.000000 0.000000 0.000000 0.000000 0.000000 0.000000 0.000000 0.000000 0.000000 0.000000 
50.000000 38.451299 27.868463 18.975677 12.114274 7.244226 4.057187 2.129247 1.048185 0.484681 0.210851 0.086448 0.033465 0.012254 0.004252 0.001401 0.000439 0.000131 0.000037 0.000010 0.000003 0.000001 0.000000 0.000000 0.000000 0.000000 0.000000 0.000000 0.000000 0.000000 0.000000 0.000000 0.000000 0.000000 0.000000 0.000000 0.000000 0.000000 0.000000 0.000000 0.000000 0.000000 0.000000 0.000000 0.000000 0.000000 0.000000 0.000000 0.000000 0.000000 
50.000000 38.451299 27.868463 18.975677 12.114274 7.244226 4.057187 2.129247 1.048185 0.484681 0.210851 0.086448 0.033465 0.012254 0.004252 0.001401 0.000439 0.000131 0.000037 0.000010 0.000003 0.000001 0.000000 0.000000 0.000000 0.000000 0.000000 0.000000 0.000000 0.000000 0.000000 0.000000 0.000000 0.000000 0.000000 0.000000 0.000000 0.000000 0.000000 0.000000 0.000000 0.000000 0.000000 0.000000 0.000000 0.000000 0.000000 0.000000 0.000000 0.000000 
50.000000 38.451299 27.868463 18.975677 12.114274 7.244226 4.057187 2.129247 1.048185 0.484681 0.210851 0.086448 0.033465 0.012254 0.004252 0.001401 0.000439 0.000131 0.000037 0.000010 0.000003 0.000001 0.000000 0.000000 0.000000 0.000000 0.000000 0.000000 0.000000 0.000000 0.000000 0.000000 0.000000 0.000000 0.000000 0.000000 0.000000 0.000000 0.000000 0.000000 0.000000 0.000000 0.000000 0.000000 0.000000 0.000000 0.000000 0.000000 0.000000 0.000000 
50.000000 38.451299 27.868463 18.975677 12.114274 7.244226 4.057187 2.129247 1.048185 0.484681 0.210851 0.086448 0.033465 0.012254 0.004252 0.001401 0.000439 0.000131 0.000037 0.000010 0.000003 0.000001 0.000000 0.000000 0.000000 0.000000 0.000000 0.000000 0.000000 0.000000 0.000000 0.000000 0.000000 0.000000 0.000000 0.000000 0.000000 0.000000 0.000000 0.000000 0.000000 0.000000 0.000000 0.000000 0.000000 0.000000 0.000000 0.000000 0.000000 0.000000 
50.000000 38.451299 27.868463 18.975677 12.114275 7.244226 4.057187 2.129247 1.048185 0.484681 0.210851 0.086448 0.033465 0.012254 0.004253 0.001401 0.000439 0.000131 0.000037 0.000010 0.000003 0.000001 0.000000 0.000000 0.000000 0.000000 0.000000 0.000000 0.000000 0.000000 0.000000 0.000000 0.000000 0.000000 0.000000 0.000000 0.000000 0.000000 0.000000 0.000000 0.000000 0.000000 0.000000 0.000000 0.000000 0.000000 0.000000 0.000000 0.000000 0.000000 
50.000000 38.451300 27.868464 18.975678 12.114275 7.244226 4.057187 2.129248 1.048186 0.484681 0.210852 0.086449 0.033466 0.012255 0.004253 0.001402 0.000440 0.000132 0.000038 0.000011 0.000003 0.000001 0.000001 0.000001 0.000001 0.000001 0.000001 0.000001 0.000001 0.000001 0.000001 0.000001 0.000001 0.000001 0.000001 0.000001 0.000001 0.000001 0.000001 0.000001 0.000001 0.000001 0.000001 0.000001 0.000001 0.000001 0.000000 0.000000 0.000000 0.000000 
50.000000 38.451300 27.868464 18.975679 12.114276 7.244228 4.057189 2.129249 1.048188 0.484683 0.210853 0.086451 0.033468 0.012257 0.004255 0.001404 0.000442 0.000134 0.000040 0.000013 0.000005 0.000003 0.000003 0.000003 0.000003 0.000003 0.000003 0.000003 0.000003 0.000003 0.000003 0.000003 0.000003 0.000003 0.000003 0.000003 0.000003 0.000003 0.000003 0.000003 0.000003 0.000003 0.000003 0.000002 0.000002 0.000002 0.000002 0.000001 0.000001 0.000000 
50.000000 38.451302 27.868468 18.975684 12.114282 7.244235 4.057196 2.129257 1.048195 0.484691 0.210861 0.086458 0.033475 0.012264 0.004263 0.001411 0.000449 0.000141 0.000047 0.000020 0.000013 0.000011 0.000010 0.000010 0.000010 0.000010 0.000010 0.000010 0.000010 0.000010 0.000010 0.000010 0.000010 0.000010 0.000010 0.000010 0.000010 0.000010 0.000010 0.000010 0.000010 0.000010 0.000010 0.000009 0.000009 0.000008 0.000007 0.000005 0.000002 0.000000 
50.000000 38.451308 27.868480 18.975701 12.114303 7.244258 4.057221 2.129283 1.048222 0.484718 0.210888 0.086486 0.033502 0.012291 0.004290 0.001438 0.000476 0.000168 0.000075 0.000047 0.000040 0.000038 0.000037 0.000037 0.000037 0.000037 0.000037 0.000037 0.000037 0.000037 0.000037 0.000037 0.000037 0.000037 0.000037 0.000037 0.000037 0.000037 0.000037 0.000037 0.000037 0.000037 0.000036 0.000035 0.000033 0.000029 0.000024 0.000017 0.000009 0.000000 
50.000000 38.451330 27.868522 18.975759 12.114374 7.244338 4.057307 2.129373 1.048314 0.484810 0.210981 0.086579 0.033596 0.012385 0.004383 0.001532 0.000570 0.000262 0.000168 0.000141 0.000134 0.000132 0.000131 0.000131 0.000131 0.000131 0.000131 0.000131 0.000131 0.000131 0.000131 0.000131 0.000131 0.000131 0.000131 0.000131 0.000131 0.000131 0.000131 0.000131 0.000130 0.000129 0.000127 0.000122 0.000115 0.000103 0.000085 0.000061 0.000032 0.000000 
50.000000 38.451402 27.868659 18.975951 12.114609 7.244603 4.057591 2.129668 1.048615 0.485116 0.211288 0.086887 0.033904 0.012693 0.004691 0.001840 0.000878 0.000570 0.000476 0.000449 0.000442 0.000440 0.000439 0.000439 0.000439 0.000439 0.000439 0.000439 0.000439 0.000439 0.000439 0.000439 0.000439 0.000439 0.000439 0.000439 0.000439 0.000439 0.000439 0.000438 0.000436 0.000432 0.000425 0.000410 0.000385 0.000345 0.000285 0.000206 0.000108 0.000000 
50.000000 38.451625 27.869087 18.976551 12.115340 7.245428 4.058477 2.130590 1.049558 0.486069 0.212246 0.087847 0.034865 0.013655 0.005653 0.002802 0.001840 0.001532 0.001438 0.001411 0.001404 0.001402 0.001401 0.001401 0.001401 0.001401 0.001401 0.001401 0.001401 0.001401 0.001401 0.001401 0.001401 0.001401 0.001401 0.001401 0.001401 0.001400 0.001400 0.001397 0.001392 0.001380 0.001357 0.001311 0.001232 0.001104 0.000914 0.000659 0.000346 0.000000 
50.000000 38.452287 27.870356 18.978328 12.117508 7.247872 4.061101 2.133323 1.052352 0.488894 0.215086 0.090694 0.037715 0.016506 0.008504 0.005653 0.004691 0.004383 0.004290 0.004263 0.004255 0.004253 0.004253 0.004252 0.004252 0.004252 0.004252 0.004252 0.004252 0.004252 0.004252 0.004252 0.004252 0.004252 0.004252 0.004252 0.004252 0.004251 0.004248 0.004242 0.004226 0.004192 0.004121 0.003986 0.003747 0.003360 0.002786 0.002009 0.001056 0.000000 
50.000000 38.454145 27.873913 18.983312 12.123590 7.254730 4.068466 2.140992 1.060190 0.496820 0.223056 0.098682 0.045711 0.024506 0.016506 0.013655 0.012693 0.012385 0.012291 0.012264 0.012257 0.012255 0.012254 0.012254 0.012254 0.012254 0.012254 0.012254 0.012254 0.012254 0.012254 0.012254 0.012254 0.012254 0.012254 0.012254 0.012253 0.012250 0.012243 0.012225 0.012181 0.012085 0.011885 0.011503 0.010824 0.009718 0.008067 0.005825 0.003065 0.000000 
50.000000 38.459065 27.883338 18.996517 12.139705 7.272904 4.087982 2.161318 1.080968 0.517832 0.244180 0.119858 0.066909 0.045711 0.037715 0.034865 0.033904 0.033596 0.033502 0.033475 0.033468 0.033466 0.033465 0.033465 0.033465 0.033465 0.033465 0.033465 0.033465 0.033465 0.033465 0.033465 0.033465 0.033465 0.033465 0.033464 0.033461 0.033454 0.033436 0.033388 0.033273 0.033019 0.032490 0.031468 0.029645 0.026653 0.022161 0.016025 0.008442 0.000000 
50.000000 38.471347 27.906869 19.029486 12.179943 7.318289 4.136724 2.212084 1.132864 0.570315 0.296947 0.172753 0.119858 0.098682 0.090694 0.087847 0.086887 0.086579 0.086486 0.086458 0.086451 0.086449 0.086448 0.086448 0.086448 0.086448 0.086448 0.086448 0.086448 0.086448 0.086448 0.086448 0.086448 0.086448 0.086447 0.086445 0.086440 0.086423 0.086376 0.086259 0.085978 0.085347 0.084027 0.081460 0.076845 0.069212 0.057662 0.041778 0.022039 0.000000 
50.000000 38.500169 27.962087 19.106861 12.274386 7.424820 4.251147 2.331265 1.254705 0.693538 0.420838 0.296947 0.244180 0.223056 0.215086 0.212246 0.211288 0.210981 0.210888 0.210861 0.210853 0.210852 0.210851 0.210851 0.210851 0.210851 0.210851 0.210851 0.210851 0.210851 0.210851 0.210851 0.210851 0.210850 0.210849 0.210844 0.210831 0.210793 0.210688 0.210419 0.209772 0.208309 0.205226 0.199180 0.188211 0.169891 0.141906 0.103072 0.054477 0.000000 
50.000000 38.563575 28.083569 19.277102 12.482196 7.659251 4.502962 2.593572 1.522879 0.964760 0.693538 0.570315 0.517832 0.496820 0.488894 0.486069 0.485116 0.484810 0.484718 0.484691 0.484683 0.484681 0.484681 0.484681 0.484681 0.484681 0.484681 0.484681 0.484681 0.484681 0.484681 0.484681 0.484680 0.484679 0.484677 0.484667 0.484639 0.484558 0.484337 0.483766 0.482380 0.479225 0.472513 0.459218 0.434826 0.393603 0.329862 0.240392 0.127380 0.000000 
50.000000 38.693987 28.333444 19.627289 12.909702 8.141560 5.021076 3.133305 2.074707 1.522879 1.254705 1.132864 1.080968 1.060190 1.052352 1.049558 1.048615 1.048314 1.048222 1.048195 1.048188 1.048186 1.048185 1.048185 1.048185 1.048185 1.048185 1.048185 1.048185 1.048185 1.048185 1.048185 1.048185 1.048183 1.048178 1.048160 1.048106 1.047949 1.047517 1.046396 1.043654 1.037354 1.023807 0.996651 0.946150 0.859528 0.723494 0.529647 0.281658 0.000000 
50.000000 38.944056 28.812605 20.298855 13.729604 9.066640 6.014900 4.168654 3.133305 2.593572 2.331265 2.212084 2.161318 2.140992 2.133323 2.130590 2.129668 2.129373 2.129283 2.129257 2.129249 2.129248 2.129247 2.129247 2.129247 2.129247 2.129247 2.129247 2.129247 2.129247 2.129247 2.129247 2.129246 2.129243 2.129233 2.129202 2.129107 2.128828 2.128057 2.126039 2.121060 2.109498 2.084327 2.033141 1.936364 1.767263 1.496318 1.102333 0.589260 0.000000 
50.000000 39.389826 29.666785 21.496094 15.191391 10.716061 7.787006 6.014900 5.021076 4.502962 4.251147 4.136724 4.087982 4.068466 4.061101 4.058477 4.057591 4.057307 4.057221 4.057196 4.057189 4.057187 4.057187 4.057187 4.057187 4.057187 4.057187 4.057187 4.057187 4.057187 4.057186 4.057186 4.057185 4.057180 4.057165 4.057116 4.056963 4.056514 4.055265 4.051966 4.043744 4.024425 3.981759 3.893503 3.723246 3.418725 2.917855 2.169125 1.168749 0.000000 
50.000000 40.126428 31.078305 23.474616 17.607244 13.442182 10.716061 9.066640 8.141560 7.659251 7.424820 7.318289 7.272904 7.254730 7.247872 7.245428 7.244603 7.244338 7.244258 7.244235 7.244228 7.244226 7.244226 7.244226 7.244226 7.244226 7.244226 7.244226 7.244226 7.244226 7.244226 7.244225 7.244224 7.244217 7.244196 7.244125 7.243906 7.243259 7.241444 7.236610 7.224425 7.195410 7.130275 6.992815 6.721091 6.220604 5.368535 4.044902 2.207443 0.000000 
50.000000 41.251631 33.234548 26.497149 21.298070 17.607244 15.191391 13.729604 12.909702 12.482196 12.274386 12.179943 12.139705 12.123590 12.117508 12.115340 12.114609 12.114374 12.114303 12.114282 12.114276 12.114275 12.114275 12.114274 12.114274 12.114274 12.114274 12.114274 12.114274 12.114274 12.114274 12.114274 12.114271 12.114264 12.114237 12.114148 12.113872 12.113052 12.110731 12.104495 12.088593 12.050173 11.962341 11.772666 11.386641 10.649035 9.334789 7.179230 4.004723 0.000000 
50.000000 42.836482 36.271696 30.754653 26.497149 23.474616 21.496094 20.298855 19.627289 19.277102 19.106861 19.029486 18.996517 18.983312 18.978328 18.976551 18.975951 18.975759 18.975701 18.975684 18.975679 18.975678 18.975677 18.975677 18.975677 18.975677 18.975677 18.975677 18.975677 18.975677 18.975677 18.975676 18.975674 18.975666 18.975637 18.975542 18.975245 18.974356 18.971824 18.964956 18.947240 18.903795 18.802537 18.578239 18.106082 17.162360 15.377326 12.213411 7.091866 0.000000 
50.000000 44.890099 40.207242 36.271696 33.234548 31.078305 29.666785 28.812605 28.333444 28.083569 27.962087 27.906869 27.883338 27.873913 27.870356 27.869087 27.868659 27.868522 27.868480 27.868468 27.868464 27.868464 27.868463 27.868463 27.868463 27.868463 27.868463 27.868463 27.868463 27.868463 27.868463 27.868463 27.868461 27.868453 27.868428 27.868347 27.868089 27.867314 27.865091 27.859015 27.843177 27.803796 27.710273 27.497661 27.033403 26.055318 24.058285 20.103621 12.618096 0.000000 
50.000000 47.333642 44.890099 42.836482 41.251631 40.126428 39.389826 38.944056 38.693987 38.563575 38.500169 38.471347 38.459065 38.454145 38.452287 38.451625 38.451402 38.451330 38.451308 38.451302 38.451300 38.451300 38.451299 38.451299 38.451299 38.451299 38.451299 38.451299 38.451299 38.451299 38.451299 38.451299 38.451298 38.451294 38.451279 38.451231 38.451080 38.450623 38.449308 38.445692 38.436195 38.412329 38.354796 38.221077 37.918985 37.246908 35.744616 32.272004 23.666821 0.000000 
50.000000 50.000000 50.000000 50.000000 50.000000 50.000000 50.000000 50.000000 50.000000 50.000000 50.000000 50.000000 50.000000 50.000000 50.000000 50.000000 50.000000 50.000000 50.000000 50.000000 50.000000 50.000000 50.000000 50.000000 50.000000 50.000000 50.000000 50.000000 50.000000 50.000000 50.000000 50.000000 50.000000 50.000000 50.000000 50.000000 50.000000 50.000000 50.000000 50.000000 50.000000 50.000000 50.000000 50.000000 50.000000 50.000000 50.000000 50.000000 50.000000 50.000000 
