50.000000 50.000000 50.000000 50.000000 50.000000 50.000000 50.000000 50.000000 50.000000 50.000000 50.000000 50.000000 50.000000 50.000000 50.000000 50.000000 50.000000 50.000000 50.000000 50.000000 50.000000 50.000000 50.000000 50.000000 50.000000 50.000000 50.000000 50.000000 50.000000 50.000000 50.000000 50.000000 50.000000 50.000000 50.000000 50.000000 50.000000 50.000000 50.000000 50.000000 50.000000 50.000000 50.000000 50.000000 50.000000 50.000000 50.000000 50.000000 50.000000 50.000000 
50.000000 47.776635 45.708278 43.917584 42.473733 41.388323 40.626555 40.126646 39.819352 39.642089 39.545946 39.496821 39.473127 39.462320 39.457649 39.455732 39.454984 39.454707 39.454608 39.454575 39.454564 39.454560 39.454559 39.454559 39.454559 39.454559 39.454559 39.454559 39.454559 39.454559 39.454558 39.454556 39.454551 39.454532 39.454478 39.454320 39.453887 39.452741 39.449827 39.442711 39.425996 39.388145 39.305208 39.128344 38.757920 37.985157 36.345151 32.698034 23.888318 0.000000 
50.000000 45.708278 41.715780 38.259273 35.472293 33.377220 31.906872 30.941978 30.348872 30.006746 29.821190 29.726381 29.680656 29.659799 29.650785 29.647087 29.645645 29.645108 29.644918 29.644854 29.644833 29.644826 29.644824 29.644824 29.644824 29.644824 29.644824 29.644824 29.644824 29.644823 29.644822 29.644819 29.644809 29.644777 29.644680 29.644405 29.643648 29.641650 29.636595 29.624318 29.595696 29.531544 29.393028 29.104012 28.518752 27.362385 25.121517 20.857890 13.010245 0.000000 
50.000000 43.917584 38.259273 33.360642 29.410944 26.441878 24.358207 22.990871 22.150419 21.665635 21.402717 21.268387 21.203604 21.174056 21.161287 21.156048 21.154005 21.153245 21.152976 21.152885 21.152855 21.152846 21.152843 21.152842 21.152842 21.152842 21.152842 21.152842 21.152842 21.152842 21.152840 21.152837 21.152824 21.152785 21.152668 21.152336 21.151426 21.149037 21.143029 21.128555 21.095158 21.021335 20.864910 20.546941 19.926453 18.764206 16.680321 13.137756 7.572433 0.000000 
50.000000 42.473733 35.472293 29.410944 24.523863 20.850244 18.272206 16.580525 15.540754 14.941028 14.615791 14.449629 14.369500 14.332955 14.317162 14.310684 14.308157 14.307218 14.306885 14.306772 14.306736 14.306724 14.306721 14.306720 14.306720 14.306720 14.306719 14.306719 14.306719 14.306719 14.306718 14.306714 14.306701 14.306662 14.306547 14.306219 14.305325 14.302991 14.297165 14.283259 14.251552 14.182516 14.039096 13.755053 13.219620 12.261932 10.646739 8.109908 4.488576 0.000000 
50.000000 41.388323 33.377220 26.441878 20.850244 16.647133 13.697615 11.762251 10.572759 9.886711 9.514680 9.324624 9.232977 9.191183 9.173123 9.165715 9.162826 9.161752 9.161371 9.161242 9.161201 9.161188 9.161184 9.161183 9.161182 9.161182 9.161182 9.161182 9.161182 9.161182 9.161181 9.161177 9.161167 9.161133 9.161034 9.160753 9.159992 9.158019 9.153133 9.141583 9.115561 9.059751 8.945977 8.725965 8.323566 7.630624 6.515425 4.858468 2.630403 0.000000 
50.000000 40.626555 31.906872 24.358207 18.272206 13.697615 10.487520 8.381257 7.086786 6.340227 5.935404 5.728608 5.628895 5.583425 5.563778 5.555720 5.552577 5.551409 5.550995 5.550855 5.550809 5.550795 5.550791 5.550790 5.550789 5.550789 5.550789 5.550789 5.550789 5.550789 5.550788 5.550786 5.550777 5.550751 5.550676 5.550462 5.549886 5.548401 5.544753 5.536213 5.517193 5.476972 5.396376 5.243760 4.971650 4.517153 3.811266 2.802860 1.498210 0.000000 
50.000000 40.126646 30.941978 22.990871 16.580525 11.762251 8.381257 6.162937 4.799650 4.013436 3.587131 3.369371 3.264378 3.216502 3.195817 3.187334 3.184025 3.182796 3.182360 3.182213 3.182165 3.182150 3.182146 3.182144 3.182144 3.182144 3.182144 3.182144 3.182144 3.182144 3.182143 3.182141 3.182135 3.182117 3.182065 3.181918 3.181523 3.180512 3.178046 3.172325 3.159721 3.133404 3.081468 2.984881 2.816274 2.541429 2.125961 1.548950 0.821438 0.000000 
50.000000 39.819352 30.348872 22.150419 15.540754 10.572759 7.086786 4.799650 3.394114 2.583564 2.144079 1.919596 1.811366 1.762016 1.740696 1.731952 1.728542 1.727275 1.726826 1.726674 1.726625 1.726609 1.726605 1.726603 1.726603 1.726603 1.726603 1.726603 1.726603 1.726603 1.726602 1.726601 1.726598 1.726586 1.726553 1.726460 1.726212 1.725582 1.724055 1.720542 1.712878 1.697057 1.666245 1.609814 1.513008 1.358238 1.129084 0.817328 0.431207 0.000000 
50.000000 39.642089 30.006746 21.665635 14.941028 9.886711 6.340227 4.013436 2.583564 1.759000 1.311929 1.083577 0.973485 0.923288 0.901602 0.892709 0.889241 0.887953 0.887496 0.887341 0.887291 0.887276 0.887271 0.887270 0.887269 0.887269 0.887269 0.887269 0.887269 0.887269 0.887269 0.887268 0.887266 0.887259 0.887240 0.887186 0.887042 0.886679 0.885806 0.883813 0.879500 0.870686 0.853716 0.823033 0.771149 0.689477 0.570477 0.411050 0.216093 0.000000 
50.000000 39.545946 29.821190 21.402717 14.615791 9.514680 5.935404 3.587131 2.144079 1.311929 0.860753 0.630309 0.519210 0.468556 0.446673 0.437699 0.434199 0.432899 0.432439 0.432283 0.432232 0.432216 0.432212 0.432210 0.432210 0.432210 0.432210 0.432210 0.432210 0.432210 0.432210 0.432209 0.432208 0.432204 0.432194 0.432165 0.432088 0.431893 0.431429 0.430376 0.428116 0.423537 0.414806 0.399191 0.373097 0.332531 0.274163 0.196872 0.103235 0.000000 
50.000000 39.496821 29.726381 21.268387 14.449629 9.324624 5.728608 3.369371 1.919596 1.083577 0.630309 0.398799 0.287188 0.236301 0.214318 0.205303 0.201787 0.200481 0.200019 0.199862 0.199811 0.199795 0.199791 0.199789 0.199789 0.199789 0.199789 0.199789 0.199789 0.199789 0.199789 0.199789 0.199788 0.199786 0.199781 0.199766 0.199727 0.199630 0.199400 0.198880 0.197771 0.195541 0.191325 0.183854 0.171491 0.152464 0.125358 0.089787 0.046994 0.000000 
50.000000 39.473127 29.680656 21.203604 14.369500 9.232977 5.628895 3.264378 1.811366 0.973485 0.519210 0.287188 0.175331 0.124332 0.102301 0.093266 0.089743 0.088434 0.087970 0.087813 0.087762 0.087747 0.087742 0.087741 0.087740 0.087740 0.087740 0.087740 0.087740 0.087740 0.087740 0.087740 0.087740 0.087739 0.087736 0.087729 0.087711 0.087666 0.087558 0.087317 0.086805 0.085784 0.083866 0.080494 0.074958 0.066509 0.054567 0.039006 0.020387 0.000000 
50.000000 39.462320 29.659799 21.174056 14.332955 9.191183 5.583425 3.216502 1.762016 0.923288 0.468556 0.236301 0.124332 0.073282 0.051229 0.042185 0.038659 0.037349 0.036885 0.036727 0.036676 0.036661 0.036656 0.036655 0.036654 0.036654 0.036654 0.036654 0.036654 0.036654 0.036654 0.036654 0.036654 0.036654 0.036652 0.036649 0.036641 0.036621 0.036574 0.036468 0.036246 0.035804 0.034980 0.033539 0.031191 0.027630 0.022630 0.016152 0.008433 0.000000 
50.000000 39.457649 29.650785 21.161287 14.317162 9.173123 5.563778 3.195817 1.740696 0.901602 0.446673 0.214318 0.102301 0.051229 0.029166 0.020119 0.016591 0.015280 0.014816 0.014658 0.014608 0.014592 0.014587 0.014586 0.014585 0.014585 0.014585 0.014585 0.014585 0.014585 0.014585 0.014585 0.014585 0.014585 0.014584 0.014583 0.014580 0.014571 0.014552 0.014508 0.014417 0.014236 0.013900 0.013316 0.012370 0.010943 0.008951 0.006380 0.003328 0.000000 
50.000000 39.455732 29.647087 21.156048 14.310684 9.165715 5.555720 3.187334 1.731952 0.892709 0.437699 0.205303 0.093266 0.042185 0.020119 0.011070 0.007541 0.006230 0.005766 0.005609 0.005558 0.005542 0.005537 0.005536 0.005535 0.005535 0.005535 0.005535 0.005535 0.005535 0.005535 0.005535 0.005535 0.005535 0.005535 0.005534 0.005533 0.005530 0.005522 0.005505 0.005469 0.005399 0.005269 0.005044 0.004681 0.004137 0.003380 0.002407 0.001255 0.000000 
50.000000 39.454984 29.645645 21.154005 14.308157 9.162826 5.552577 3.184025 1.728542 0.889241 0.434199 0.201787 0.089743 0.038659 0.016591 0.007541 0.004012 0.002701 0.002237 0.002080 0.002029 0.002013 0.002008 0.002007 0.002006 0.002006 0.002006 0.002006 0.002006 0.002006 0.002006 0.002006 0.002006 0.002006 0.002006 0.002006 0.002005 0.002004 0.002001 0.001995 0.001982 0.001956 0.001908 0.001825 0.001693 0.001494 0.001220 0.000868 0.000452 0.000000 
50.000000 39.454707 29.645108 21.153245 14.307218 9.161752 5.551409 3.182796 1.727275 0.887953 0.432899 0.200481 0.088434 0.037349 0.015280 0.006230 0.002701 0.001391 0.000926 0.000769 0.000718 0.000702 0.000697 0.000696 0.000695 0.000695 0.000695 0.000695 0.000695 0.000695 0.000695 0.000695 0.000695 0.000695 0.000695 0.000695 0.000695 0.000695 0.000694 0.000691 0.000687 0.000677 0.000661 0.000632 0.000585 0.000517 0.000421 0.000300 0.000156 0.000000 
50.000000 39.454608 29.644918 21.152976 14.306885 9.161371 5.550995 3.182360 1.726826 0.887496 0.432439 0.200019 0.087970 0.036885 0.014816 0.005766 0.002237 0.000926 0.000461 0.000304 0.000253 0.000237 0.000233 0.000231 0.000231 0.000231 0.000231 0.000231 0.000231 0.000231 0.000231 0.000231 0.000231 0.000231 0.000231 0.000231 0.000231 0.000230 0.000230 0.000229 0.000228 0.000225 0.000219 0.000209 0.000194 0.000171 0.000139 0.000099 0.000052 0.000000 
50.000000 39.454575 29.644854 21.152885 14.306772 9.161242 5.550855 3.182213 1.726674 0.887341 0.432283 0.199862 0.087813 0.036727 0.014658 0.005609 0.002080 0.000769 0.000304 0.000147 0.000096 0.000080 0.000075 0.000074 0.000074 0.000073 0.000073 0.000073 0.000073 0.000073 0.000073 0.000073 0.000073 0.000073 0.000073 0.000073 0.000073 0.000073 0.000073 0.000073 0.000072 0.000071 0.000070 0.000067 0.000062 0.000054 0.000044 0.000031 0.000016 0.000000 
50.000000 39.454564 29.644833 21.152855 14.306736 9.161201 5.550809 3.182165 1.726625 0.887291 0.432232 0.199811 0.087762 0.036676 0.014608 0.005558 0.002029 0.000718 0.000253 0.000096 0.000045 0.000029 0.000024 0.000023 0.000023 0.000022 0.000022 0.000022 0.000022 0.000022 0.000022 0.000022 0.000022 0.000022 0.000022 0.000022 0.000022 0.000022 0.000022 0.000022 0.000022 0.000022 0.000021 0.000020 0.000019 0.000017 0.000013 0.000010 0.000005 0.000000 
50.000000 39.454560 29.644826 21.152846 14.306724 9.161188 5.550795 3.182150 1.726609 0.887276 0.432216 0.199795 0.087747 0.036661 0.014592 0.005542 0.002013 0.000702 0.000237 0.000080 0.000029 0.000013 0.000008 0.000007 0.000007 0.000007 0.000007 0.000007 0.000007 0.000007 0.000007 0.000007 0.000007 0.000007 0.000007 0.000007 0.000007 0.000007 0.000007 0.000007 0.000006 0.000006 0.000006 0.000006 0.000006 0.000005 0.000004 0.000003 0.000001 0.000000 
50.000000 39.454559 29.644824 21.152843 14.306721 9.161184 5.550791 3.182146 1.726605 0.887271 0.432212 0.199791 0.087742 0.036656 0.014587 0.005537 0.002008 0.000697 0.000233 0.000075 0.000024 0.000008 0.000004 0.000002 0.000002 0.000002 0.000002 0.000002 0.000002 0.000002 0.000002 0.000002 0.000002 0.000002 0.000002 0.000002 0.000002 0.000002 0.000002 0.000002 0.000002 0.000002 0.000002 0.000002 0.000002 0.000001 0.000001 0.000001 0.000000 0.000000 
50.000000 39.454559 29.644824 21.152842 14.306720 9.161183 5.550790 3.182144 1.726603 0.887270 0.432210 0.199789 0.087741 0.036655 0.014586 0.005536 0.002007 0.000696 0.000231 0.000074 0.000023 0.000007 0.000002 0.000001 0.000001 0.000001 0.000001 0.000001 0.000001 0.000001 0.000001 0.000001 0.000001 0.000001 0.000001 0.000001 0.000001 0.000001 0.000001 0.000001 0.000001 0.000000 0.000000 0.000000 0.000000 0.000000 0.000000 0.000000 0.000000 0.000000 
50.000000 39.454559 29.644824 21.152842 14.306720 9.161182 5.550790 3.182144 1.726603 0.887269 0.432210 0.199789 0.087740 0.036654 0.014585 0.005535 0.002006 0.000695 0.000231 0.000074 0.000023 0.000007 0.000002 0.000001 0.000000 0.000000 0.000000 0.000000 0.000000 0.000000 0.000000 0.000000 0.000000 0.000000 0.000000 0.000000 0.000000 0.000000 0.000000 0.000000 0.000000 0.000000 0.000000 0.000000 0.000000 0.000000 0.000000 0.000000 0.000000 0.000000 
50.000000 39.454559 29.644824 21.152842 14.306720 9.161182 5.550790 3.182144 1.726603 0.887269 0.432210 0.199789 0.087740 0.036654 0.014585 0.005535 0.002006 0.000695 0.000231 0.000074 0.000023 0.000007 0.000002 0.000001 0.000000 0.000000 0.000000 0.000000 0.000000 0.000000 0.000000 0.000000 0.000000 0.000000 0.000000 0.000000 0.000000 0.000000 0.000000 0.000000 0.000000 0.000000 0.000000 0.000000 0.000000 0.000000 0.000000 0.000000 0.000000 0.000000 
50.000000 39.454559 29.644824 21.152842 14.306720 9.161183 5.550790 3.182144 1.726603 0.887270 0.432210 0.199789 0.087741 0.036655 0.014586 0.005536 0.002007 0.000696 0.000231 0.000074 0.000023 0.000007 0.000002 0.000001 0.000001 0.000001 0.000001 0.000001 0.000001 0.000001 0.000001 0.000001 0.000001 0.000001 0.000001 0.000001 0.000001 0.000001 0.000001 0.000001 0.000001 0.000000 0.000000 0.000000 0.000000 0.000000 0.000000 0.000000 0.000000 0.000000 
50.000000 39.454559 29.644824 21.152843 14.306721 9.161184 5.550791 3.182146 1.726605 0.887271 0.432212 0.199791 0.087742 0.036656 0.014587 0.005537 0.002008 0.000697 0.000233 0.000075 0.000024 0.000008 0.000004 0.000002 0.000002 0.000002 0.000002 0.000002 0.000002 0.000002 0.000002 0.000002 0.000002 0.000002 0.000002 0.000002 0.000002 0.000002 0.000002 0.000002 0.000002 0.000002 0.000002 0.000002 0.000002 0.000001 0.000001 0.000001 0.000000 0.000000 
50.000000 39.454560 29.644826 21.152846 14.306724 9.161188 5.550795 3.182150 1.726609 0.887276 0.432216 0.199795 0.087747 0.036661 0.014592 0.005542 0.002013 0.000702 0.000237 0.000080 0.000029 0.000013 0.000008 0.000007 0.000007 0.000007 0.000007 0.000007 0.000007 0.000007 0.000007 0.000007 0.000007 0.000007 0.000007 0.000007 0.000007 0.000007 0.000007 0.000007 0.000006 0.000006 0.000006 0.000006 0.000006 0.000005 0.000004 0.000003 0.000001 0.000000 
50.000000 39.454564 29.644833 21.152855 14.306736 9.161201 5.550809 3.182165 1.726625 0.887291 0.432232 0.199811 0.087762 0.036676 0.014608 0.005558 0.002029 0.000718 0.000253 0.000096 0.000045 0.000029 0.000024 0.000023 0.000023 0.000022 0.000022 0.000022 0.000022 0.000022 0.000022 0.000022 0.000022 0.000022 0.000022 0.000022 0.000022 0.000022 0.000022 0.000022 0.000022 0.000022 0.000021 0.000020 0.000019 0.000017 0.000013 0.000010 0.000005 0.000000 
50.000000 39.454575 29.644854 21.152885 14.306772 9.161242 5.550855 3.182213 1.726674 0.887341 0.432283 0.199862 0.087813 0.036727 0.014658 0.005609 0.002080 0.000769 0.000304 0.000147 0.000096 0.000080 0.000075 0.000074 0.000074 0.000073 0.000073 0.000073 0.000073 0.000073 0.000073 0.000073 0.000073 0.000073 0.000073 0.000073 0.000073 0.000073 0.000073 0.000073 0.000072 0.000071 0.000070 0.000067 0.000062 0.000054 0.000044 0.000031 0.000016 0.000000 
50.000000 39.454608 29.644918 21.152976 14.306885 9.161371 5.550995 3.182360 1.726826 0.887496 0.432439 0.200019 0.087970 0.036885 0.014816 0.005766 0.002237 0.000926 0.000461 0.000304 0.000253 0.000237 0.000233 0.000231 0.000231 0.000231 0.000231 0.000231 0.000231 0.000231 0.000231 0.000231 0.000231 0.000231 0.000231 0.000231 0.000231 0.000230 0.000230 0.000229 0.000228 0.000225 0.000219 0.000209 0.000194 0.000171 0.000139 0.000099 0.000052 0.000000 
50.000000 39.454707 29.645108 21.153245 14.307218 9.161752 5.551409 3.182796 1.727275 0.887953 0.432899 0.200481 0.088434 0.037349 0.015280 0.006230 0.002701 0.001391 0.000926 0.000769 0.000718 0.000702 0.000697 0.000696 0.000695 0.000695 0.000695 0.000695 0.000695 0.000695 0.000695 0.000695 0.000695 0.000695 0.000695 0.000695 0.000695 0.000695 0.000694 0.000691 0.000687 0.000677 0.000661 0.000632 0.000585 0.000517 0.000421 0.000300 0.000156 0.000000 
50.000000 39.454984 29.645645 21.154005 14.308157 9.162826 5.552577 3.184025 1.728542 0.889241 0.434199 0.201787 0.089743 0.038659 0.016591 0.007541 0.004012 0.002701 0.002237 0.002080 0.002029 0.002013 0.002008 0.002007 0.002006 0.002006 0.002006 0.002006 0.002006 0.002006 0.002006 0.002006 0.002006 0.002006 0.002006 0.002006 0.002005 0.002004 0.002001 0.001995 0.001982 0.001956 0.001908 0.001825 0.001693 0.001494 0.001220 0.000868 0.000452 0.000000 
50.000000 39.455732 29.647087 21.156048 14.310684 9.165715 5.555720 3.187334 1.731952 0.892709 0.437699 0.205303 0.093266 0.042185 0.020119 0.011070 0.007541 0.006230 0.005766 0.005609 0.005558 0.005542 0.005537 0.005536 0.005535 0.005535 0.005535 0.005535 0.005535 0.005535 0.005535 0.005535 0.005535 0.005535 0.005535 0.005534 0.005533 0.005530 0.005522 0.005505 0.005469 0.005399 0.005269 0.005044 0.004681 0.004137 0.003380 0.002407 0.001255 0.000000 
50.000000 39.457649 29.650785 21.161287 14.317162 9.173123 5.563778 3.195817 1.740696 0.901602 0.446673 0.214318 0.102301 0.051229 0.029166 0.020119 0.016591 0.015280 0.014816 0.014658 0.014608 0.014592 0.014587 0.014586 0.014585 0.014585 0.014585 0.014585 0.014585 0.014585 0.014585 0.014585 0.014585 0.014585 0.014584 0.014583 0.014580 0.014571 0.014552 0.014508 0.014417 0.014236 0.013900 0.013316 0.012370 0.010943 0.008951 0.006380 0.003328 0.000000 
50.000000 39.462320 29.659799 21.174056 14.332955 9.191183 5.583425 3.216502 1.762016 0.923288 0.468556 0.236301 0.124332 0.073282 0.051229 0.042185 0.038659 0.037349 0.036885 0.036727 0.036676 0.036661 0.036656 0.036655 0.036654 0.036654 0.036654 0.036654 0.036654 0.036654 0.036654 0.036654 0.036654 0.036654 0.036652 0.036649 0.036641 0.036621 0.036574 0.036468 0.036246 0.035804 0.034980 0.033539 0.031191 0.027630 0.022630 0.016152 0.008433 0.000000 
50.000000 39.473127 29.680656 21.203604 14.369500 9.232977 5.628895 3.264378 1.811366 0.973485 0.519210 0.287188 0.175331 0.124332 0.102301 0.093266 0.089743 0.088434 0.087970 0.087813 0.087762 0.087747 0.087742 0.087741 0.087740 0.087740 0.087740 0.087740 0.087740 0.087740 0.087740 0.087740 0.087740 0.087739 0.087736 0.087729 0.087711 0.087666 0.087558 0.087317 0.086805 0.085784 0.083866 0.080494 0.074958 0.066509 0.054567 0.039006 0.020387 0.000000 
50.000000 39.496821 29.726381 21.268387 14.449629 9.324624 5.728608 3.369371 1.919596 1.083577 0.630309 0.398799 0.287188 0.236301 0.214318 0.205303 0.201787 0.200481 0.200019 0.199862 0.199811 0.199795 0.199791 0.199789 0.199789 0.199789 0.199789 0.199789 0.199789 0.199789 0.199789 0.199789 0.199788 0.199786 0.199781 0.199766 0.199727 0.199630 0.199400 0.198880 0.197771 0.195541 0.191325 0.183854 0.171491 0.152464 0.125358 0.089787 0.046994 0.000000 
50.000000 39.545946 29.821190 21.402717 14.615791 9.514680 5.935404 3.587131 2.144079 1.311929 0.860753 0.630309 0.519210 0.468556 0.446673 0.437699 0.434199 0.432899 0.432439 0.432283 0.432232 0.432216 0.432212 0.432210 0.432210 0.432210 0.432210 0.432210 0.432210 0.432210 0.432210 0.432209 0.432208 0.432204 0.432194 0.432165 0.432088 0.431893 0.431429 0.430376 0.428116 0.423537 0.414806 0.399191 0.373097 0.332531 0.274163 0.196872 0.103235 0.000000 
50.000000 39.642089 30.006746 21.665635 14.941028 9.886711 6.340227 4.013436 2.583564 1.759000 1.311929 1.083577 0.973485 0.923288 0.901602 0.892709 0.889241 0.887953 0.887496 0.887341 0.887291 0.887276 0.887271 0.887270 0.887269 0.887269 0.887269 0.887269 0.887269 0.887269 0.887269 0.887268 0.887266 0.887259 0.887240 0.887186 0.887042 0.886679 0.885806 0.883813 0.879500 0.870686 0.853716 0.823033 0.771149 0.689477 0.570477 0.411050 0.216093 0.000000 
50.000000 39.819352 30.348872 22.150419 15.540754 10.572759 7.086786 4.799650 3.394114 2.583564 2.144079 1.919596 1.811366 1.762016 1.740696 1.731952 1.728542 1.727275 1.726826 1.726674 1.726625 1.726609 1.726605 1.726603 1.726603 1.726603 1.726603 1.726603 1.726603 1.726603 1.726602 1.726601 1.726598 1.726586 1.726553 1.726460 1.726212 1.725582 1.724055 1.720542 1.712878 1.697057 1.666245 1.609814 1.513008 1.358238 1.129084 0.817328 0.431207 0.000000 
50.000000 40.126646 30.941978 22.990871 16.580525 11.762251 8.381257 6.162937 4.799650 4.013436 3.587131 3.369371 3.264378 3.216502 3.195817 3.187334 3.184025 3.182796 3.182360 3.182213 3.182165 3.182150 3.182146 3.182144 3.182144 3.182144 3.182144 3.182144 3.182144 3.182144 3.182143 3.182141 3.182135 3.182117 3.182065 3.181918 3.181523 3.180512 3.178046 3.172325 3.159721 3.133404 3.081468 2.984881 2.816274 2.541429 2.125961 1.548950 0.821438 0.000000 
50.000000 40.626555 31.906872 24.358207 18.272206 13.697615 10.487520 8.381257 7.086786 6.340227 5.935404 5.728608 5.628895 5.583425 5.563778 5.555720 5.552577 5.551409 5.550995 5.550855 5.550809 5.550795 5.550791 5.550790 5.550789 5.550789 5.550789 5.550789 5.550789 5.550789 5.550788 5.550786 5.550777 5.550751 5.550676 5.550462 5.549886 5.548401 5.544753 5.536213 5.517193 5.476972 5.396376 5.243760 4.971650 4.517153 3.811266 2.802860 1.498210 0.000000 
50.000000 41.388323 33.377220 26.441878 20.850244 16.647133 13.697615 11.762251 10.572759 9.886711 9.514680 9.324624 9.232977 9.191183 9.173123 9.165715 9.162826 9.161752 9.161371 9.161242 9.161201 9.161188 9.161184 9.161183 9.161182 9.161182 9.161182 9.161182 9.161182 9.161182 9.161181 9.161177 9.161167 9.161133 9.161034 9.160753 9.159992 9.158019 9.153133 9.141583 9.115561 9.059751 8.945977 8.725965 8.323566 7.630624 6.515425 4.858468 2.630403 0.000000 
50.000000 42.473733 35.472293 29.410944 24.523863 20.850244 18.272206 16.580525 15.540754 14.941028 14.615791 14.449629 14.369500 14.332955 14.317162 14.310684 14.308157 14.307218 14.306885 14.306772 14.306736 14.306724 14.306721 14.306720 14.306720 14.306720 14.306719 14.306719 14.306719 14.306719 14.306718 14.306714 14.306701 14.306662 14.306547 14.306219 14.305325 14.302991 14.297165 14.283259 14.251552 14.182516 14.039096 13.755053 13.219620 12.261932 10.646739 8.109908 4.488576 0.000000 
50.000000 43.917584 38.259273 33.360642 29.410944 26.441878 24.358207 22.990871 22.150419 21.665635 21.402717 21.268387 21.203604 21.174056 21.161287 21.156048 21.154005 21.153245 21.152976 21.152885 21.152855 21.152846 21.152843 21.152842 21.152842 21.152842 21.152842 21.152842 21.152842 21.152842 21.152840 21.152837 21.152824 21.152785 21.152668 21.152336 21.151426 21.149037 21.143029 21.128555 21.095158 21.021335 20.864910 20.546941 19.926453 18.764206 16.680321 13.137756 7.572433 0.000000 
50.000000 45.708278 41.715780 38.259273 35.472293 33.377220 31.906872 30.941978 30.348872 30.006746 29.821190 29.726381 29.680656 29.659799 29.650785 29.647087 29.645645 29.645108 29.644918 29.644854 29.644833 29.644826 29.644824 29.644824 29.644824 29.644824 29.644824 29.644824 29.644824 29.644823 29.644822 29.644819 29.644809 29.644777 29.644680 29.644405 29.643648 29.641650 29.636595 29.624318 29.595696 29.531544 29.393028 29.104012 28.518752 27.362385 25.121517 20.857890 13.010245 0.000000 
50.000000 47.776635 45.708278 43.917584 42.473733 41.388323 40.626555 40.126646 39.819352 39.642089 39.545946 39.496821 39.473127 39.462320 39.457649 39.455732 39.454984 39.454707 39.454608 39.454575 39.454564 39.454560 39.454559 39.454559 39.454559 39.454559 39.454559 39.454559 39.454559 39.454559 39.454558 39.454556 39.454551 39.454532 39.454478 39.454320 39.453887 39.452741 39.449827 39.442711 39.425996 39.388145 39.305208 39.128344 38.757920 37.985157 36.345151 32.698034 23.888318 0.000000 
50.000000 50.000000 50.000000 50.000000 50.000000 50.000000 50.000000 50.000000 50.000000 50.000000 50.000000 50.000000 50.000000 50.000000 50.000000 50.000000 50.000000 50.000000 50.000000 50.000000 50.000000 50.000000 50.000000 50.000000 50.000000 50.000000 50.000000 50.000000 50.000000 50.000000 50.000000 50.000000 50.000000 50.000000 50.000000 50.000000 50.000000 50.000000 50.000000 50.000000 50.000000 50.000000 50.000000 50.000000 50.000000 50.000000 50.000000 50.000000 50.000000 50.000000 
