50.000000 50.000000 50.000000 50.000000 50.000000 50.000000 50.000000 50.000000 50.000000 50.000000 50.000000 50.000000 50.000000 50.000000 50.000000 50.000000 50.000000 50.000000 50.000000 50.000000 50.000000 50.000000 50.000000 50.000000 50.000000 50.000000 50.000000 50.000000 50.000000 50.000000 50.000000 50.000000 50.000000 50.000000 50.000000 50.000000 50.000000 50.000000 50.000000 50.000000 50.000000 50.000000 50.000000 50.000000 50.000000 50.000000 50.000000 50.000000 50.000000 50.000000 
50.000000 48.748467 47.546097 46.436262 45.451897 44.612799 43.925202 43.383389 42.972704 42.673143 42.462781 42.320497 42.227756 42.169472 42.134136 42.113458 42.101770 42.095386 42.092014 42.090291 42.089439 42.089030 42.088841 42.088755 42.088717 42.088701 42.088692 42.088685 42.088671 42.088643 42.088579 42.088436 42.088127 42.087475 42.086134 42.083449 42.078200 42.068183 42.049496 42.015349 41.954086 41.845776 41.656135 41.324890 40.741546 39.689438 37.701447 33.643395 24.374234 0.000000 
50.000000 47.546097 45.188588 43.012519 41.082464 39.437238 38.089066 37.026738 36.221513 35.634172 35.221724 34.942754 34.760922 34.646650 34.577370 34.536827 34.513912 34.501396 34.494785 34.491408 34.489736 34.488936 34.488564 34.488396 34.488322 34.488289 34.488273 34.488258 34.488234 34.488181 34.488061 34.487795 34.487220 34.486010 34.483526 34.478558 34.468873 34.450447 34.416210 34.353977 34.243105 34.048991 33.713832 33.140541 32.163496 30.493427 27.612951 22.594294 13.902702 0.000000 
50.000000 46.436262 43.012519 39.852282 37.049332 34.660039 32.702155 31.159396 29.990023 29.137073 28.538112 28.132994 27.868941 27.702998 27.602393 27.543520 27.510245 27.492071 27.482472 27.477567 27.475140 27.473978 27.473437 27.473194 27.473087 27.473040 27.473016 27.472996 27.472963 27.472892 27.472732 27.472378 27.471615 27.470010 27.466724 27.460176 27.447457 27.423376 27.378902 27.298690 27.157239 26.912949 26.498972 25.809171 24.676830 22.844126 19.926141 15.399568 8.734815 0.000000 
50.000000 45.451897 41.082464 37.049332 33.472187 30.422972 27.924335 25.955494 24.463174 23.374675 22.610315 22.093333 21.756371 21.544614 21.416235 21.341109 21.298649 21.275458 21.263211 21.256952 21.253856 21.252373 21.251683 21.251373 21.251236 21.251176 21.251147 21.251123 21.251085 21.251004 21.250823 21.250424 21.249564 21.247761 21.244083 21.236781 21.222669 21.196112 21.147431 21.060456 20.908914 20.651235 20.223375 19.529433 18.430659 16.736094 14.205206 10.589037 5.762460 0.000000 
50.000000 44.612799 39.437238 34.660039 30.422972 26.811249 23.851696 21.519690 19.752121 18.462870 17.557551 16.945238 16.546149 16.295351 16.143307 16.054334 16.004050 15.976586 15.962082 15.954670 15.951004 15.949247 15.948431 15.948063 15.947901 15.947831 15.947797 15.947771 15.947732 15.947650 15.947466 15.947062 15.946195 15.944383 15.940702 15.933427 15.919447 15.893319 15.845819 15.761822 15.617320 15.375498 14.981957 14.359708 13.405624 11.992313 9.983209 7.273743 3.871253 0.000000 
50.000000 43.925202 38.089066 32.702155 27.924335 23.851696 20.514483 17.884921 15.891839 14.438119 13.417324 12.726919 12.276939 11.994165 11.822740 11.722427 11.665735 11.634772 11.618420 11.610065 11.605932 11.603952 11.603032 11.602617 11.602435 11.602356 11.602319 11.602293 11.602255 11.602178 11.602007 11.601632 11.600830 11.599160 11.595781 11.589139 11.576452 11.552910 11.510481 11.436229 11.310100 11.102250 10.770284 10.257242 9.491989 8.394902 6.892984 4.948525 2.600312 0.000000 
50.000000 43.383389 37.026738 31.159396 25.955494 21.519690 17.884921 15.020929 12.850183 11.266900 10.155141 9.403227 8.913164 8.605209 8.418521 8.309280 8.247542 8.213825 8.196019 8.186921 8.182421 8.180264 8.179262 8.178811 8.178613 8.178527 8.178488 8.178463 8.178429 8.178362 8.178213 8.177889 8.177199 8.175767 8.172883 8.167245 8.156540 8.136823 8.101591 8.040560 7.938133 7.771743 7.510464 7.114637 6.537733 5.732119 4.660424 3.312906 1.727254 0.000000 
50.000000 42.972704 36.221513 29.990023 24.463174 19.752121 15.891839 12.850183 10.544805 8.863344 7.682663 6.884147 6.363720 6.036689 5.838441 5.722438 5.656880 5.621077 5.602170 5.592510 5.587731 5.585442 5.584378 5.583899 5.583689 5.583599 5.583558 5.583534 5.583505 5.583450 5.583329 5.583066 5.582508 5.581356 5.579047 5.574554 5.566080 5.550579 5.523113 5.475992 5.397792 5.272402 5.078440 4.789589 4.376623 3.811939 3.077074 2.172523 1.126927 0.000000 
50.000000 42.673143 35.634172 29.137073 23.374675 18.462870 14.438119 11.266900 8.863344 7.110296 5.879364 5.046873 4.504312 4.163377 3.956704 3.835773 3.767432 3.730110 3.710401 3.700331 3.695350 3.692963 3.691855 3.691355 3.691137 3.691043 3.691002 3.690979 3.690955 3.690912 3.690819 3.690618 3.690192 3.689316 3.687570 3.684190 3.677851 3.666338 3.646096 3.611680 3.555148 3.465552 3.328767 3.128019 2.845550 2.465760 1.979833 1.391066 0.719056 0.000000 
50.000000 42.462781 35.221724 28.538112 22.610315 17.557551 13.417324 10.155141 7.682663 5.879364 4.613161 3.756825 3.198731 2.848041 2.635457 2.511069 2.440776 2.402388 2.382117 2.371760 2.366637 2.364183 2.363043 2.362529 2.362305 2.362208 2.362167 2.362146 2.362127 2.362094 2.362026 2.361880 2.361572 2.360941 2.359687 2.357274 2.352775 2.344654 2.330481 2.306580 2.267684 2.206672 2.114581 1.981094 1.795729 1.549859 1.239422 0.867746 0.447432 0.000000 
50.000000 42.320497 34.942754 28.132994 22.093333 16.945238 12.726919 9.403227 6.884147 5.046873 3.756825 2.884373 2.315781 1.958498 1.741920 1.615197 1.543585 1.504478 1.483827 1.473276 1.468057 1.465557 1.464396 1.463872 1.463644 1.463546 1.463504 1.463485 1.463469 1.463446 1.463399 1.463298 1.463085 1.462652 1.461796 1.460155 1.457111 1.451651 1.442186 1.426345 1.400776 1.361034 1.301636 1.216439 1.099419 0.945902 0.754092 0.526544 0.271002 0.000000 
50.000000 42.227756 34.760922 27.868941 21.756371 16.546149 12.276939 8.913164 6.363720 4.504312 3.198731 2.315781 1.740351 1.378776 1.159597 1.031354 0.958884 0.919308 0.898410 0.887733 0.882453 0.879922 0.878747 0.878218 0.877987 0.877888 0.877846 0.877828 0.877815 0.877799 0.877767 0.877701 0.877561 0.877277 0.876718 0.875652 0.873685 0.870176 0.864129 0.854078 0.837973 0.813141 0.776342 0.724029 0.652830 0.560259 0.445564 0.310475 0.159573 0.000000 
50.000000 42.169472 34.646650 27.702998 21.544614 16.295351 11.994165 8.605209 6.036689 4.163377 2.848041 1.958498 1.378776 1.014505 0.793694 0.664497 0.591489 0.551619 0.530566 0.519810 0.514490 0.511941 0.510757 0.510224 0.509991 0.509892 0.509851 0.509833 0.509822 0.509811 0.509791 0.509749 0.509661 0.509483 0.509134 0.508470 0.507252 0.505091 0.501387 0.495267 0.485526 0.470610 0.448669 0.417714 0.375904 0.321945 0.255541 0.177777 0.091272 0.000000 
50.000000 42.134136 34.577370 27.602393 21.416235 16.143307 11.822740 8.418521 5.838441 3.956704 2.635457 1.741920 1.159597 0.793694 0.571895 0.442121 0.368786 0.328739 0.307592 0.296788 0.291445 0.288884 0.287696 0.287160 0.286926 0.286827 0.286785 0.286768 0.286759 0.286751 0.286739 0.286713 0.286660 0.286553 0.286343 0.285948 0.285224 0.283945 0.281765 0.278183 0.272514 0.263886 0.251276 0.233601 0.209880 0.179454 0.142218 0.098811 0.050687 0.000000 
50.000000 42.113458 34.536827 27.543520 21.341109 16.054334 11.722427 8.309280 5.722438 3.835773 2.511069 1.615197 1.031354 0.664497 0.442121 0.312009 0.238484 0.198332 0.177131 0.166299 0.160942 0.158375 0.157183 0.156646 0.156412 0.156312 0.156271 0.156254 0.156246 0.156240 0.156233 0.156218 0.156187 0.156125 0.156004 0.155777 0.155364 0.154636 0.153401 0.151382 0.148203 0.143391 0.136396 0.126646 0.113633 0.097026 0.076795 0.053301 0.027323 0.000000 
50.000000 42.101770 34.513912 27.510245 21.298649 16.004050 11.665735 8.247542 5.656880 3.767432 2.440776 1.543585 0.958884 0.591489 0.368786 0.238484 0.164851 0.124641 0.103409 0.092562 0.087197 0.084626 0.083432 0.082895 0.082660 0.082560 0.082519 0.082502 0.082495 0.082491 0.082486 0.082477 0.082460 0.082426 0.082359 0.082233 0.082006 0.081607 0.080933 0.079835 0.078116 0.075524 0.071776 0.066575 0.059667 0.050888 0.040235 0.027902 0.014295 0.000000 
50.000000 42.095386 34.501396 27.492071 21.275459 15.976586 11.634772 8.213825 5.621077 3.730110 2.402388 1.504478 0.919308 0.551619 0.328739 0.198333 0.124641 0.084400 0.063151 0.052295 0.046925 0.044353 0.043158 0.042620 0.042385 0.042285 0.042244 0.042227 0.042220 0.042217 0.042214 0.042209 0.042200 0.042182 0.042146 0.042079 0.041958 0.041748 0.041392 0.040817 0.039918 0.038569 0.036626 0.033943 0.030391 0.025895 0.020456 0.014176 0.007259 0.000000 
50.000000 42.092014 34.494786 27.482472 21.263211 15.962082 11.618420 8.196019 5.602170 3.710401 2.382117 1.483827 0.898410 0.530566 0.307592 0.177131 0.103409 0.063151 0.041893 0.031032 0.025661 0.023087 0.021892 0.021354 0.021118 0.021019 0.020977 0.020961 0.020954 0.020951 0.020949 0.020947 0.020942 0.020932 0.020914 0.020880 0.020818 0.020710 0.020529 0.020237 0.019783 0.019104 0.018130 0.016788 0.015019 0.012787 0.010094 0.006991 0.003578 0.000000 
50.000000 42.090291 34.491408 27.477567 21.256953 15.954671 11.610066 8.186921 5.592510 3.700331 2.371761 1.473276 0.887734 0.519810 0.296789 0.166300 0.092562 0.052295 0.031032 0.020170 0.014797 0.012223 0.011027 0.010489 0.010254 0.010154 0.010113 0.010096 0.010090 0.010087 0.010086 0.010084 0.010082 0.010077 0.010068 0.010051 0.010020 0.009967 0.009878 0.009735 0.009513 0.009182 0.008708 0.008059 0.007205 0.006129 0.004835 0.003347 0.001713 0.000000 
50.000000 42.089439 34.489737 27.475141 21.253857 15.951005 11.605933 8.182422 5.587733 3.695351 2.366639 1.468058 0.882454 0.514491 0.291446 0.160943 0.087198 0.046927 0.025662 0.014798 0.009425 0.006850 0.005655 0.005116 0.004881 0.004781 0.004740 0.004723 0.004717 0.004714 0.004713 0.004712 0.004711 0.004709 0.004704 0.004696 0.004681 0.004656 0.004614 0.004546 0.004441 0.004284 0.004061 0.003756 0.003356 0.002853 0.002250 0.001557 0.000796 0.000000 
50.000000 42.089031 34.488937 27.473979 21.252375 15.949250 11.603955 8.180267 5.585445 3.692967 2.364186 1.465560 0.879926 0.511945 0.288888 0.158379 0.084630 0.044356 0.023091 0.012226 0.006853 0.004278 0.003082 0.002544 0.002309 0.002209 0.002168 0.002151 0.002145 0.002142 0.002141 0.002141 0.002140 0.002139 0.002137 0.002133 0.002126 0.002114 0.002095 0.002064 0.002015 0.001944 0.001842 0.001702 0.001520 0.001292 0.001018 0.000704 0.000360 0.000000 
50.000000 42.088842 34.488567 27.473442 21.251689 15.948438 11.603040 8.179271 5.584388 3.691864 2.363053 1.464406 0.878757 0.510768 0.287706 0.157193 0.083443 0.043168 0.021902 0.011037 0.005664 0.003089 0.001893 0.001355 0.001120 0.001020 0.000979 0.000962 0.000956 0.000953 0.000952 0.000952 0.000951 0.000951 0.000950 0.000948 0.000945 0.000940 0.000931 0.000917 0.000895 0.000863 0.000817 0.000755 0.000674 0.000573 0.000451 0.000312 0.000159 0.000000 
50.000000 42.088759 34.488404 27.473206 21.251389 15.948082 11.602638 8.178834 5.583923 3.691380 2.362555 1.463899 0.878244 0.510251 0.287187 0.156673 0.082921 0.042647 0.021380 0.010515 0.005142 0.002567 0.001371 0.000833 0.000598 0.000498 0.000457 0.000440 0.000434 0.000431 0.000430 0.000430 0.000430 0.000429 0.000429 0.000428 0.000427 0.000424 0.000420 0.000414 0.000404 0.000389 0.000369 0.000340 0.000304 0.000258 0.000203 0.000140 0.000072 0.000000 
50.000000 42.088729 34.488344 27.473119 21.251277 15.947949 11.602489 8.178671 5.583751 3.691200 2.362370 1.463710 0.878054 0.510059 0.286994 0.156479 0.082728 0.042453 0.021186 0.010321 0.004947 0.002373 0.001177 0.000639 0.000403 0.000304 0.000262 0.000246 0.000240 0.000237 0.000236 0.000236 0.000236 0.000235 0.000235 0.000235 0.000234 0.000233 0.000230 0.000227 0.000221 0.000213 0.000202 0.000186 0.000166 0.000141 0.000111 0.000077 0.000039 0.000000 
50.000000 42.088729 34.488344 27.473119 21.251277 15.947949 11.602489 8.178671 5.583751 3.691200 2.362370 1.463710 0.878054 0.510059 0.286994 0.156479 0.082728 0.042453 0.021186 0.010321 0.004947 0.002373 0.001177 0.000639 0.000403 0.000304 0.000262 0.000246 0.000240 0.000237 0.000236 0.000236 0.000236 0.000235 0.000235 0.000235 0.000234 0.000233 0.000230 0.000227 0.000221 0.000213 0.000202 0.000186 0.000166 0.000141 0.000111 0.000077 0.000039 0.000000 
50.000000 42.088759 34.488404 27.473206 21.251389 15.948082 11.602638 8.178834 5.583923 3.691380 2.362555 1.463899 0.878244 0.510251 0.287187 0.156673 0.082921 0.042647 0.021380 0.010515 0.005142 0.002567 0.001371 0.000833 0.000598 0.000498 0.000457 0.000440 0.000434 0.000431 0.000430 0.000430 0.000430 0.000429 0.000429 0.000428 0.000427 0.000424 0.000420 0.000414 0.000404 0.000389 0.000369 0.000340 0.000304 0.000258 0.000203 0.000140 0.000072 0.000000 
50.000000 42.088842 34.488567 27.473442 21.251689 15.948438 11.603040 8.179271 5.584388 3.691864 2.363053 1.464406 0.878757 0.510768 0.287706 0.157193 0.083443 0.043168 0.021902 0.011037 0.005664 0.003089 0.001893 0.001355 0.001120 0.001020 0.000979 0.000962 0.000956 0.000953 0.000952 0.000952 0.000951 0.000951 0.000950 0.000948 0.000945 0.000940 0.000931 0.000917 0.000895 0.000863 0.000817 0.000755 0.000674 0.000573 0.000451 0.000312 0.000159 0.000000 
50.000000 42.089031 34.488937 27.473979 21.252375 15.949250 11.603955 8.180267 5.585445 3.692967 2.364186 1.465560 0.879926 0.511945 0.288888 0.158379 0.084630 0.044356 0.023091 0.012226 0.006853 0.004278 0.003082 0.002544 0.002309 0.002209 0.002168 0.002151 0.002145 0.002142 0.002141 0.002141 0.002140 0.002139 0.002137 0.002133 0.002126 0.002114 0.002095 0.002064 0.002015 0.001944 0.001842 0.001702 0.001520 0.001292 0.001018 0.000704 0.000360 0.000000 
50.000000 42.089439 34.489737 27.475141 21.253857 15.951005 11.605933 8.182422 5.587733 3.695351 2.366639 1.468058 0.882454 0.514491 0.291446 0.160943 0.087198 0.046927 0.025662 0.014798 0.009425 0.006850 0.005655 0.005116 0.004881 0.004781 0.004740 0.004723 0.004717 0.004714 0.004713 0.004712 0.004711 0.004709 0.004704 0.004696 0.004681 0.004656 0.004614 0.004546 0.004441 0.004284 0.004061 0.003756 0.003356 0.002853 0.002250 0.001557 0.000796 0.000000 
50.000000 42.090291 34.491408 27.477567 21.256953 15.954671 11.610066 8.186921 5.592510 3.700331 2.371761 1.473276 0.887734 0.519810 0.296789 0.166300 0.092562 0.052295 0.031032 0.020170 0.014797 0.012223 0.011027 0.010489 0.010254 0.010154 0.010113 0.010096 0.010090 0.010087 0.010086 0.010084 0.010082 0.010077 0.010068 0.010051 0.010020 0.009967 0.009878 0.009735 0.009513 0.009182 0.008708 0.008059 0.007205 0.006129 0.004835 0.003347 0.001713 0.000000 
50.000000 42.092014 34.494786 27.482472 21.263211 15.962082 11.618420 8.196019 5.602170 3.710401 2.382117 1.483827 0.898410 0.530566 0.307592 0.177131 0.103409 0.063151 0.041893 0.031032 0.025661 0.023087 0.021892 0.021354 0.021118 0.021019 0.020977 0.020961 0.020954 0.020951 0.020949 0.020947 0.020942 0.020932 0.020914 0.020880 0.020818 0.020710 0.020529 0.020237 0.019783 0.019104 0.018130 0.016788 0.015019 0.012787 0.010094 0.006991 0.003578 0.000000 
50.000000 42.095386 34.501396 27.492071 21.275459 15.976586 11.634772 8.213825 5.621077 3.730110 2.402388 1.504478 0.919308 0.551619 0.328739 0.198333 0.124641 0.084400 0.063151 0.052295 0.046925 0.044353 0.043158 0.042620 0.042385 0.042285 0.042244 0.042227 0.042220 0.042217 0.042214 0.042209 0.042200 0.042182 0.042146 0.042079 0.041958 0.041748 0.041392 0.040817 0.039918 0.038569 0.036626 0.033943 0.030391 0.025895 0.020456 0.014176 0.007259 0.000000 
50.000000 42.101770 34.513912 27.510245 21.298649 16.004050 11.665735 8.247542 5.656880 3.767432 2.440776 1.543585 0.958884 0.591489 0.368786 0.238484 0.164851 0.124641 0.103409 0.092562 0.087197 0.084626 0.083432 0.082895 0.082660 0.082560 0.082519 0.082502 0.082495 0.082491 0.082486 0.082477 0.082460 0.082426 0.082359 0.082233 0.082006 0.081607 0.080933 0.079835 0.078116 0.075524 0.071776 0.066575 0.059667 0.050888 0.040235 0.027902 0.014295 0.000000 
50.000000 42.113458 34.536827 27.543520 21.341109 16.054334 11.722427 8.309280 5.722438 3.835773 2.511069 1.615197 1.031354 0.664497 0.442121 0.312009 0.238484 0.198332 0.177131 0.166299 0.160942 0.158375 0.157183 0.156646 0.156412 0.156312 0.156271 0.156254 0.156246 0.156240 0.156233 0.156218 0.156187 0.156125 0.156004 0.155777 0.155364 0.154636 0.153401 0.151382 0.148203 0.143391 0.136396 0.126646 0.113633 0.097026 0.076795 0.053301 0.027323 0.000000 
50.000000 42.134136 34.577370 27.602393 21.416235 16.143307 11.822740 8.418521 5.838441 3.956704 2.635457 1.741920 1.159597 0.793694 0.571895 0.442121 0.368786 0.328739 0.307592 0.296788 0.291445 0.288884 0.287696 0.287160 0.286926 0.286827 0.286785 0.286768 0.286759 0.286751 0.286739 0.286713 0.286660 0.286553 0.286343 0.285948 0.285224 0.283945 0.281765 0.278183 0.272514 0.263886 0.251276 0.233601 0.209880 0.179454 0.142218 0.098811 0.050687 0.000000 
50.000000 42.169472 34.646650 27.702998 21.544614 16.295351 11.994165 8.605209 6.036689 4.163377 2.848041 1.958498 1.378776 1.014505 0.793694 0.664497 0.591489 0.551619 0.530566 0.519810 0.514490 0.511941 0.510757 0.510224 0.509991 0.509892 0.509851 0.509833 0.509822 0.509811 0.509791 0.509749 0.509661 0.509483 0.509134 0.508470 0.507252 0.505091 0.501387 0.495267 0.485526 0.470610 0.448669 0.417714 0.375904 0.321945 0.255541 0.177777 0.091272 0.000000 
50.000000 42.227756 34.760922 27.868941 21.756371 16.546149 12.276939 8.913164 6.363720 4.504312 3.198731 2.315781 1.740351 1.378776 1.159597 1.031354 0.958884 0.919308 0.898410 0.887733 0.882453 0.879922 0.878747 0.878218 0.877987 0.877888 0.877846 0.877828 0.877815 0.877799 0.877767 0.877701 0.877561 0.877277 0.876718 0.875652 0.873685 0.870176 0.864129 0.854078 0.837973 0.813141 0.776342 0.724029 0.652830 0.560259 0.445564 0.310475 0.159573 0.000000 
50.000000 42.320497 34.942754 28.132994 22.093333 16.945238 12.726919 9.403227 6.884147 5.046873 3.756825 2.884373 2.315781 1.958498 1.741920 1.615197 1.543585 1.504478 1.483827 1.473276 1.468057 1.465557 1.464396 1.463872 1.463644 1.463546 1.463504 1.463485 1.463469 1.463446 1.463399 1.463298 1.463085 1.462652 1.461796 1.460155 1.457111 1.451651 1.442186 1.426345 1.400776 1.361034 1.301636 1.216439 1.099419 0.945902 0.754092 0.526544 0.271002 0.000000 
50.000000 42.462781 35.221724 28.538112 22.610315 17.557551 13.417324 10.155141 7.682663 5.879364 4.613161 3.756825 3.198731 2.848041 2.635457 2.511069 2.440776 2.402388 2.382117 2.371760 2.366637 2.364183 2.363043 2.362529 2.362305 2.362208 2.362167 2.362146 2.362127 2.362094 2.362026 2.361880 2.361572 2.360941 2.359687 2.357274 2.352775 2.344654 2.330481 2.306580 2.267684 2.206672 2.114581 1.981094 1.795729 1.549859 1.239422 0.867746 0.447432 0.000000 
50.000000 42.673143 35.634172 29.137073 23.374675 18.462870 14.438119 11.266900 8.863344 7.110296 5.879364 5.046873 4.504312 4.163377 3.956704 3.835773 3.767432 3.730110 3.710401 3.700331 3.695350 3.692963 3.691855 3.691355 3.691137 3.691043 3.691002 3.690979 3.690955 3.690912 3.690819 3.690618 3.690192 3.689316 3.687570 3.684190 3.677851 3.666338 3.646096 3.611680 3.555148 3.465552 3.328767 3.128019 2.845550 2.465760 1.979833 1.391066 0.719056 0.000000 
50.000000 42.972704 36.221513 29.990023 24.463174 19.752121 15.891839 12.850183 10.544805 8.863344 7.682663 6.884147 6.363720 6.036689 5.838441 5.722438 5.656880 5.621077 5.602170 5.592510 5.587731 5.585442 5.584378 5.583899 5.583689 5.583599 5.583558 5.583534 5.583505 5.583450 5.583329 5.583066 5.582508 5.581356 5.579047 5.574554 5.566080 5.550579 5.523113 5.475992 5.397792 5.272402 5.078440 4.789589 4.376623 3.811939 3.077074 2.172523 1.126927 0.000000 
50.000000 43.383389 37.026738 31.159396 25.955494 21.519690 17.884921 15.020929 12.850183 11.266900 10.155141 9.403227 8.913164 8.605209 8.418521 8.309280 8.247542 8.213825 8.196019 8.186921 8.182421 8.180264 8.179262 8.178811 8.178613 8.178527 8.178488 8.178463 8.178429 8.178362 8.178213 8.177889 8.177199 8.175767 8.172883 8.167245 8.156540 8.136823 8.101591 8.040560 7.938133 7.771743 7.510464 7.114637 6.537733 5.732119 4.660424 3.312906 1.727254 0.000000 
50.000000 43.925202 38.089066 32.702155 27.924335 23.851696 20.514483 17.884921 15.891839 14.438119 13.417324 12.726919 12.276939 11.994165 11.822740 11.722427 11.665735 11.634772 11.618420 11.610065 11.605932 11.603952 11.603032 11.602617 11.602435 11.602356 11.602319 11.602293 11.602255 11.602178 11.602007 11.601632 11.600830 11.599160 11.595781 11.589139 11.576452 11.552910 11.510481 11.436229 11.310100 11.102250 10.770284 10.257242 9.491989 8.394902 6.892984 4.948525 2.600312 0.000000 
50.000000 44.612799 39.437238 34.660039 30.422972 26.811249 23.851696 21.519690 19.752121 18.462870 17.557551 16.945238 16.546149 16.295351 16.143307 16.054334 16.004050 15.976586 15.962082 15.954670 15.951004 15.949247 15.948431 15.948063 15.947901 15.947831 15.947797 15.947771 15.947732 15.947650 15.947466 15.947062 15.946195 15.944383 15.940702 15.933427 15.919447 15.893319 15.845819 15.761822 15.617320 15.375498 14.981957 14.359708 13.405624 11.992313 9.983209 7.273743 3.871253 0.000000 
50.000000 45.451897 41.082464 37.049332 33.472187 30.422972 27.924335 25.955494 24.463174 23.374675 22.610315 22.093333 21.756371 21.544614 21.416235 21.341109 21.298649 21.275458 21.263211 21.256952 21.253856 21.252373 21.251683 21.251373 21.251236 21.251176 21.251147 21.251123 21.251085 21.251004 21.250823 21.250424 21.249564 21.247761 21.244083 21.236781 21.222669 21.196112 21.147431 21.060456 20.908914 20.651235 20.223375 19.529433 18.430659 16.736094 14.205206 10.589037 5.762460 0.000000 
50.000000 46.436262 43.012519 39.852282 37.049332 34.660039 32.702155 31.159396 29.990023 29.137073 28.538112 28.132994 27.868941 27.702998 27.602393 27.543520 27.510245 27.492071 27.482472 27.477567 27.475140 27.473978 27.473437 27.473194 27.473087 27.473040 27.473016 27.472996 27.472963 27.472892 27.472732 27.472378 27.471615 27.470010 27.466724 27.460176 27.447457 27.423376 27.378902 27.298690 27.157239 26.912949 26.498972 25.809171 24.676830 22.844126 19.926141 15.399568 8.734815 0.000000 
50.000000 47.546097 45.188588 43.012519 41.082464 39.437238 38.089066 37.026738 36.221513 35.634172 35.221724 34.942754 34.760922 34.646650 34.577370 34.536827 34.513912 34.501396 34.494785 34.491408 34.489736 34.488936 34.488564 34.488396 34.488322 34.488289 34.488273 34.488258 34.488234 34.488181 34.488061 34.487795 34.487220 34.486010 34.483526 34.478558 34.468873 34.450447 34.416210 34.353977 34.243105 34.048991 33.713832 33.140541 32.163496 30.493427 27.612951 22.594294 13.902702 0.000000 
50.000000 48.748467 47.546097 46.436262 45.451897 44.612799 43.925202 43.383389 42.972704 42.673143 42.462781 42.320497 42.227756 42.169472 42.134136 42.113458 42.101770 42.095386 42.092014 42.090291 42.089439 42.089030 42.088841 42.088755 42.088717 42.088701 42.088692 42.088685 42.088671 42.088643 42.088579 42.088436 42.088127 42.087475 42.086134 42.083449 42.078200 42.068183 42.049496 42.015349 41.954086 41.845776 41.656135 41.324890 40.741546 39.689438 37.701447 33.643395 24.374234 0.000000 
50.000000 50.000000 50.000000 50.000000 50.000000 50.000000 50.000000 50.000000 50.000000 50.000000 50.000000 50.000000 50.000000 50.000000 50.000000 50.000000 50.000000 50.000000 50.000000 50.000000 50.000000 50.000000 50.000000 50.000000 50.000000 50.000000 50.000000 50.000000 50.000000 50.000000 50.000000 50.000000 50.000000 50.000000 50.000000 50.000000 50.000000 50.000000 50.000000 50.000000 50.000000 50.000000 50.000000 50.000000 50.000000 50.000000 50.000000 50.000000 50.000000 50.000000 
