50.000000 50.000000 50.000000 50.000000 50.000000 50.000000 50.000000 50.000000 50.000000 50.000000 50.000000 50.000000 50.000000 50.000000 50.000000 50.000000 50.000000 50.000000 50.000000 50.000000 50.000000 50.000000 50.000000 50.000000 50.000000 50.000000 50.000000 50.000000 50.000000 50.000000 50.000000 50.000000 50.000000 50.000000 50.000000 50.000000 50.000000 50.000000 50.000000 50.000000 50.000000 50.000000 50.000000 50.000000 50.000000 50.000000 50.000000 50.000000 50.000000 50.000000 
50.000000 48.971633 47.976465 47.044482 46.199762 45.458699 44.829349 44.311865 43.899810 43.582004 43.344525 43.172551 43.051823 42.969638 42.915368 42.880594 42.858964 42.845900 42.838234 42.833863 42.831439 42.830133 42.829447 42.829096 42.828920 42.828831 42.828780 42.828738 42.828679 42.828569 42.828353 42.827926 42.827094 42.825513 42.822565 42.817184 42.807556 42.790646 42.761454 42.711819 42.628469 42.489716 42.259532 41.876142 41.228051 40.098355 38.020660 33.862569 24.485816 0.000000 
50.000000 47.976465 46.018256 44.184379 42.522213 41.064017 39.825641 38.807385 37.996585 37.371242 36.903958 36.565566 36.328013 36.166302 36.059517 35.991094 35.948534 35.922828 35.907745 35.899144 35.894376 35.891805 35.890455 35.889765 35.889418 35.889243 35.889144 35.889063 35.888951 35.888745 35.888337 35.887532 35.885968 35.882997 35.877469 35.867397 35.849419 35.817942 35.763815 35.672259 35.519575 35.267830 34.855925 34.183929 33.084326 31.267397 28.217131 23.009128 14.113895 0.000000 
50.000000 47.044482 44.184379 41.505874 39.078169 36.948382 35.139659 33.652441 32.468228 31.554887 30.872402 30.378172 30.031222 29.795040 29.639082 29.539150 29.476992 29.439449 29.417421 29.404860 29.397896 29.394141 29.392171 29.391163 29.390657 29.390402 29.390260 29.390146 29.389991 29.389710 29.389155 29.388062 29.385944 29.381926 29.374471 29.360932 29.336857 29.294904 29.223198 29.102839 28.904149 28.580971 28.061946 27.237048 25.936973 23.903282 20.752937 15.967248 9.023822 0.000000 
50.000000 46.199762 42.522213 39.078169 35.956613 33.218129 30.892479 28.980227 27.457585 26.283232 25.405713 24.770253 24.324161 24.020493 23.819973 23.691489 23.611573 23.563304 23.534983 23.518833 23.509881 23.505054 23.502520 23.501225 23.500575 23.500249 23.500069 23.499930 23.499747 23.499418 23.498773 23.497504 23.495052 23.490416 23.481841 23.466331 23.438886 23.391349 23.310706 23.176618 22.957910 22.607672 22.056571 21.204147 19.908618 17.978307 15.174888 11.254816 6.101407 0.000000 
50.000000 45.458699 41.064017 36.948382 33.218129 29.945658 27.166533 24.881426 23.061907 21.658594 20.609997 19.850654 19.317603 18.954743 18.715139 18.561613 18.466123 18.408449 18.374609 18.355313 18.344616 18.338849 18.335822 18.334274 18.333499 18.333112 18.332901 18.332745 18.332548 18.332200 18.331522 18.330194 18.327636 18.322813 18.313931 18.297940 18.269804 18.221405 18.139982 18.005988 17.790220 17.450202 16.925930 16.135584 14.972829 13.309511 11.011409 7.979692 4.230648 0.000000 
50.000000 44.829349 39.825641 35.139659 30.892479 27.166533 24.002314 21.400580 19.328962 17.731228 16.537364 15.672835 15.065949 14.652833 14.380047 14.205263 14.096551 14.030892 13.992368 13.970401 13.958224 13.951659 13.948214 13.946452 13.945571 13.945132 13.944898 13.944733 13.944535 13.944194 13.943535 13.942250 13.939782 13.935149 13.926653 13.911437 13.884827 13.839386 13.763608 13.640216 13.444052 13.139718 12.679320 12.001157 11.030949 9.688332 7.902611 5.641712 2.953207 0.000000 
50.000000 44.311865 38.807385 33.652441 28.980227 24.881426 21.400580 18.538524 16.259640 14.502067 13.188779 12.237778 11.570199 11.115772 10.815713 10.623455 10.503878 10.431657 10.389283 10.365122 10.351729 10.344508 10.340719 10.338782 10.337815 10.337335 10.337084 10.336915 10.336726 10.336412 10.335812 10.334646 10.332416 10.328248 10.320638 10.307084 10.283531 10.243608 10.177613 10.071261 9.904258 9.648921 9.269262 8.721261 7.955496 6.923656 5.590494 3.951459 2.052332 0.000000 
50.000000 43.899810 37.996585 32.468228 27.457585 23.061907 19.328962 16.259640 13.815740 11.930915 10.522554 9.502718 8.786825 8.299516 7.977749 7.771585 7.643360 7.565917 7.520480 7.494573 7.480213 7.472470 7.468408 7.466332 7.465296 7.464784 7.464521 7.464354 7.464182 7.463907 7.463389 7.462390 7.460486 7.456943 7.450505 7.439101 7.419410 7.386276 7.331971 7.245319 7.110807 6.907870 6.610719 6.189244 5.611705 4.849913 3.887257 2.728755 1.410093 0.000000 
50.000000 43.582004 37.371242 31.554887 26.283232 21.658594 17.731228 14.502067 11.930915 9.947962 8.466292 7.393381 6.640238 6.127579 5.789077 5.572194 5.437303 5.355836 5.308039 5.280787 5.265680 5.257536 5.253263 5.251080 5.249991 5.249456 5.249185 5.249023 5.248871 5.248640 5.248215 5.247401 5.245856 5.242993 5.237818 5.228699 5.213050 5.186905 5.144399 5.077200 4.973981 4.820107 4.597809 4.287176 3.868374 3.325321 2.650738 1.851667 0.953535 0.000000 
50.000000 43.344525 36.903958 30.872402 25.405713 20.609997 16.537364 13.188779 10.522554 8.466292 6.929857 5.817299 5.036332 4.504739 4.153739 3.928850 3.788983 3.704510 3.654951 3.626694 3.611031 3.602587 3.598157 3.595894 3.594766 3.594214 3.593939 3.593783 3.593651 3.593465 3.593131 3.592497 3.591301 3.589093 3.585121 3.578159 3.566283 3.546574 3.514775 3.464929 3.389092 3.277235 3.117517 2.897149 2.604009 2.229095 1.769563 1.231699 0.632707 0.000000 
50.000000 43.172551 36.565566 30.378172 24.770253 19.850654 15.672835 12.237778 9.502718 7.393381 5.817299 4.676039 3.874932 3.329635 2.969589 2.738907 2.595438 2.508792 2.457957 2.428974 2.412908 2.404247 2.399704 2.397383 2.396228 2.395663 2.395386 2.395236 2.395122 2.394977 2.394725 2.394252 2.393364 2.391734 2.388814 2.383722 2.375085 2.360841 2.338020 2.302524 2.248982 2.170747 2.060165 1.909226 1.710672 1.459546 1.154975 0.801751 0.411097 0.000000 
50.000000 43.051823 36.328013 30.031222 24.324161 19.317603 15.065949 11.570199 8.786825 6.640238 5.036332 3.874932 3.059694 2.504781 2.138389 1.903643 1.757648 1.669477 1.617748 1.588255 1.571907 1.563094 1.558471 1.556110 1.554935 1.554363 1.554085 1.553941 1.553843 1.553731 1.553547 1.553208 1.552576 1.551420 1.549358 1.545781 1.539744 1.529847 1.514091 1.489758 1.453333 1.400548 1.326591 1.226563 1.096198 0.932811 0.736318 0.510072 0.261177 0.000000 
50.000000 42.969638 36.166302 29.795040 24.020493 18.954743 14.652833 11.115772 8.299516 6.127579 4.504739 3.329635 2.504781 1.943326 1.572618 1.335107 1.187394 1.098186 1.045849 1.016010 0.999470 0.990554 0.985877 0.983489 0.982300 0.981722 0.981444 0.981305 0.981219 0.981134 0.981005 0.980770 0.980337 0.979548 0.978147 0.975727 0.971663 0.965037 0.954550 0.938456 0.914529 0.880106 0.832241 0.768005 0.684938 0.581607 0.458183 0.316882 0.162082 0.000000 
50.000000 42.915368 36.059518 29.639082 23.819973 18.715139 14.380047 10.815713 7.977749 5.789077 4.153739 2.969589 2.138389 1.572618 1.199060 0.959726 0.810880 0.720987 0.668250 0.638182 0.621516 0.612531 0.607819 0.605412 0.604216 0.603634 0.603356 0.603221 0.603145 0.603080 0.602990 0.602833 0.602546 0.602027 0.601109 0.599530 0.596891 0.592609 0.585867 0.575580 0.560379 0.538647 0.508629 0.468610 0.417199 0.353642 0.278149 0.192120 0.098184 0.000000 
50.000000 42.880594 35.991094 29.539150 23.691489 18.561613 14.205263 10.623455 7.771585 5.572194 3.928850 2.738907 1.903643 1.335107 0.959726 0.719225 0.569653 0.479322 0.426328 0.396114 0.379367 0.370339 0.365604 0.363186 0.361984 0.361400 0.361123 0.360990 0.360921 0.360870 0.360809 0.360707 0.360524 0.360194 0.359613 0.358617 0.356961 0.354285 0.350093 0.343730 0.334376 0.321080 0.302817 0.278610 0.247683 0.209648 0.164679 0.113625 0.058029 0.000000 
50.000000 42.858964 35.948534 29.476993 23.611573 18.466124 14.096552 10.503878 7.643360 5.437304 3.788983 2.595439 1.757648 1.187394 0.810880 0.569653 0.419630 0.329028 0.275874 0.245569 0.228772 0.219717 0.214968 0.212543 0.211337 0.210752 0.210475 0.210344 0.210280 0.210239 0.210197 0.210132 0.210018 0.209816 0.209460 0.208853 0.207847 0.206229 0.203705 0.199890 0.194311 0.186418 0.175631 0.161403 0.143311 0.121158 0.095067 0.065538 0.033452 0.000000 
50.000000 42.845900 35.922828 29.439450 23.563305 18.408449 14.030893 10.431658 7.565918 5.355837 3.704511 2.508793 1.669478 1.098187 0.720988 0.479323 0.329028 0.238262 0.185012 0.154653 0.137826 0.128754 0.123996 0.121567 0.120359 0.119774 0.119497 0.119367 0.119306 0.119271 0.119242 0.119201 0.119133 0.119012 0.118801 0.118443 0.117851 0.116903 0.115429 0.113212 0.109982 0.105433 0.099242 0.091111 0.080815 0.068253 0.053507 0.036860 0.018806 0.000000 
50.000000 42.838234 35.907746 29.417422 23.534984 18.374610 13.992370 10.389285 7.520483 5.308042 3.654954 2.457960 1.617751 1.045852 0.668252 0.426331 0.275877 0.185014 0.131708 0.101317 0.084472 0.075391 0.070628 0.068196 0.066987 0.066401 0.066124 0.065996 0.065936 0.065905 0.065884 0.065859 0.065818 0.065748 0.065627 0.065422 0.065085 0.064546 0.063711 0.062460 0.060644 0.058096 0.054642 0.050122 0.044418 0.037482 0.029361 0.020215 0.010309 0.000000 
50.000000 42.833864 35.899146 29.404863 23.518838 18.355318 13.970407 10.365128 7.494580 5.280793 3.626701 2.428981 1.588262 1.016017 0.638189 0.396122 0.245576 0.154659 0.101321 0.070912 0.054056 0.044970 0.040204 0.037771 0.036561 0.035975 0.035699 0.035571 0.035512 0.035484 0.035467 0.035451 0.035428 0.035388 0.035321 0.035207 0.035020 0.034722 0.034263 0.033577 0.032585 0.031197 0.029322 0.026877 0.023800 0.020069 0.015711 0.010811 0.005512 0.000000 
50.000000 42.831442 35.894381 29.397904 23.509891 18.344628 13.958238 10.351744 7.480228 5.265697 3.611048 2.412926 1.571925 0.999488 0.621534 0.379385 0.228790 0.137842 0.084487 0.054067 0.037206 0.028117 0.023349 0.020915 0.019705 0.019119 0.018842 0.018715 0.018657 0.018630 0.018616 0.018605 0.018592 0.018570 0.018534 0.018472 0.018371 0.018212 0.017966 0.017600 0.017073 0.016337 0.015346 0.014057 0.012440 0.010483 0.008202 0.005641 0.002875 0.000000 
50.000000 42.830139 35.891817 29.394160 23.505077 18.338877 13.951691 10.344543 7.472507 5.257575 3.602627 2.404289 1.563136 0.990596 0.612574 0.370382 0.219760 0.128796 0.075431 0.045006 0.028142 0.019051 0.014282 0.011848 0.010638 0.010052 0.009775 0.009648 0.009590 0.009564 0.009552 0.009544 0.009536 0.009524 0.009505 0.009472 0.009419 0.009336 0.009208 0.009017 0.008744 0.008363 0.007851 0.007188 0.006357 0.005354 0.004187 0.002879 0.001467 0.000000 
50.000000 42.829462 35.890485 29.392214 23.502576 18.335888 13.948288 10.340801 7.468495 5.253354 3.598251 2.399800 1.558569 0.985976 0.607918 0.365704 0.215067 0.124095 0.070725 0.040297 0.023431 0.014339 0.009571 0.007136 0.005926 0.005340 0.005063 0.004936 0.004878 0.004853 0.004841 0.004835 0.004830 0.004824 0.004813 0.004796 0.004769 0.004726 0.004660 0.004562 0.004422 0.004228 0.003968 0.003630 0.003209 0.002701 0.002112 0.001451 0.000739 0.000000 
50.000000 42.829130 35.889832 29.391261 23.501350 18.334424 13.946622 10.338968 7.466530 5.251287 3.596108 2.397602 1.556333 0.983713 0.605638 0.363412 0.212769 0.121793 0.068420 0.037991 0.021125 0.012032 0.007263 0.004829 0.003618 0.003032 0.002756 0.002628 0.002571 0.002546 0.002535 0.002529 0.002526 0.002522 0.002516 0.002507 0.002493 0.002470 0.002435 0.002383 0.002309 0.002207 0.002070 0.001893 0.001672 0.001407 0.001100 0.000756 0.000385 0.000000 
50.000000 42.828996 35.889568 29.390875 23.500855 18.333831 13.945947 10.338226 7.465735 5.250451 3.595241 2.396713 1.555427 0.982797 0.604715 0.362485 0.211839 0.120861 0.067488 0.037058 0.020191 0.011099 0.006330 0.003895 0.002685 0.002099 0.001822 0.001695 0.001637 0.001612 0.001601 0.001596 0.001593 0.001591 0.001587 0.001581 0.001572 0.001557 0.001535 0.001502 0.001455 0.001390 0.001303 0.001191 0.001052 0.000885 0.000691 0.000475 0.000242 0.000000 
50.000000 42.828996 35.889568 29.390875 23.500855 18.333831 13.945947 10.338226 7.465735 5.250451 3.595241 2.396713 1.555427 0.982797 0.604715 0.362485 0.211839 0.120861 0.067488 0.037058 0.020191 0.011099 0.006330 0.003895 0.002685 0.002099 0.001822 0.001695 0.001637 0.001612 0.001601 0.001596 0.001593 0.001591 0.001587 0.001581 0.001572 0.001557 0.001535 0.001502 0.001455 0.001390 0.001303 0.001191 0.001052 0.000885 0.000691 0.000475 0.000242 0.000000 
50.000000 42.829130 35.889832 29.391261 23.501350 18.334424 13.946622 10.338968 7.466530 5.251287 3.596108 2.397602 1.556333 0.983713 0.605638 0.363412 0.212769 0.121793 0.068420 0.037991 0.021125 0.012032 0.007263 0.004829 0.003618 0.003032 0.002756 0.002628 0.002571 0.002546 0.002535 0.002529 0.002526 0.002522 0.002516 0.002507 0.002493 0.002470 0.002435 0.002383 0.002309 0.002207 0.002070 0.001893 0.001672 0.001407 0.001100 0.000756 0.000385 0.000000 
50.000000 42.829462 35.890485 29.392214 23.502576 18.335888 13.948288 10.340801 7.468495 5.253354 3.598251 2.399800 1.558569 0.985976 0.607918 0.365704 0.215067 0.124095 0.070725 0.040297 0.023431 0.014339 0.009571 0.007136 0.005926 0.005340 0.005063 0.004936 0.004878 0.004853 0.004841 0.004835 0.004830 0.004824 0.004813 0.004796 0.004769 0.004726 0.004660 0.004562 0.004422 0.004228 0.003968 0.003630 0.003209 0.002701 0.002112 0.001451 0.000739 0.000000 
50.000000 42.830139 35.891817 29.394160 23.505077 18.338877 13.951691 10.344543 7.472507 5.257575 3.602627 2.404289 1.563136 0.990596 0.612574 0.370382 0.219760 0.128796 0.075431 0.045006 0.028142 0.019051 0.014282 0.011848 0.010638 0.010052 0.009775 0.009648 0.009590 0.009564 0.009552 0.009544 0.009536 0.009524 0.009505 0.009472 0.009419 0.009336 0.009208 0.009017 0.008744 0.008363 0.007851 0.007188 0.006357 0.005354 0.004187 0.002879 0.001467 0.000000 
50.000000 42.831442 35.894381 29.397904 23.509891 18.344628 13.958238 10.351744 7.480228 5.265697 3.611048 2.412926 1.571925 0.999488 0.621534 0.379385 0.228790 0.137842 0.084487 0.054067 0.037206 0.028117 0.023349 0.020915 0.019705 0.019119 0.018842 0.018715 0.018657 0.018630 0.018616 0.018605 0.018592 0.018570 0.018534 0.018472 0.018371 0.018212 0.017966 0.017600 0.017073 0.016337 0.015346 0.014057 0.012440 0.010483 0.008202 0.005641 0.002875 0.000000 
50.000000 42.833864 35.899146 29.404863 23.518838 18.355318 13.970407 10.365128 7.494580 5.280793 3.626701 2.428981 1.588262 1.016017 0.638189 0.396122 0.245576 0.154659 0.101321 0.070912 0.054056 0.044970 0.040204 0.037771 0.036561 0.035975 0.035699 0.035571 0.035512 0.035484 0.035467 0.035451 0.035428 0.035388 0.035321 0.035207 0.035020 0.034722 0.034263 0.033577 0.032585 0.031197 0.029322 0.026877 0.023800 0.020069 0.015711 0.010811 0.005512 0.000000 
50.000000 42.838234 35.907746 29.417422 23.534984 18.374610 13.992370 10.389285 7.520483 5.308042 3.654954 2.457960 1.617751 1.045852 0.668252 0.426331 0.275877 0.185014 0.131708 0.101317 0.084472 0.075391 0.070628 0.068196 0.066987 0.066401 0.066124 0.065996 0.065936 0.065905 0.065884 0.065859 0.065818 0.065748 0.065627 0.065422 0.065085 0.064546 0.063711 0.062460 0.060644 0.058096 0.054642 0.050122 0.044418 0.037482 0.029361 0.020215 0.010309 0.000000 
50.000000 42.845900 35.922828 29.439450 23.563305 18.408449 14.030893 10.431658 7.565918 5.355837 3.704511 2.508793 1.669478 1.098187 0.720988 0.479323 0.329028 0.238262 0.185012 0.154653 0.137826 0.128754 0.123996 0.121567 0.120359 0.119774 0.119497 0.119367 0.119306 0.119271 0.119242 0.119201 0.119133 0.119012 0.118801 0.118443 0.117851 0.116903 0.115429 0.113212 0.109982 0.105433 0.099242 0.091111 0.080815 0.068253 0.053507 0.036860 0.018806 0.000000 
50.000000 42.858964 35.948534 29.476993 23.611573 18.466124 14.096552 10.503878 7.643360 5.437304 3.788983 2.595439 1.757648 1.187394 0.810880 0.569653 0.419630 0.329028 0.275874 0.245569 0.228772 0.219717 0.214968 0.212543 0.211337 0.210752 0.210475 0.210344 0.210280 0.210239 0.210197 0.210132 0.210018 0.209816 0.209460 0.208853 0.207847 0.206229 0.203705 0.199890 0.194311 0.186418 0.175631 0.161403 0.143311 0.121158 0.095067 0.065538 0.033452 0.000000 
50.000000 42.880594 35.991094 29.539150 23.691489 18.561613 14.205263 10.623455 7.771585 5.572194 3.928850 2.738907 1.903643 1.335107 0.959726 0.719225 0.569653 0.479322 0.426328 0.396114 0.379367 0.370339 0.365604 0.363186 0.361984 0.361400 0.361123 0.360990 0.360921 0.360870 0.360809 0.360707 0.360524 0.360194 0.359613 0.358617 0.356961 0.354285 0.350093 0.343730 0.334376 0.321080 0.302817 0.278610 0.247683 0.209648 0.164679 0.113625 0.058029 0.000000 
50.000000 42.915368 36.059518 29.639082 23.819973 18.715139 14.380047 10.815713 7.977749 5.789077 4.153739 2.969589 2.138389 1.572618 1.199060 0.959726 0.810880 0.720987 0.668250 0.638182 0.621516 0.612531 0.607819 0.605412 0.604216 0.603634 0.603356 0.603221 0.603145 0.603080 0.602990 0.602833 0.602546 0.602027 0.601109 0.599530 0.596891 0.592609 0.585867 0.575580 0.560379 0.538647 0.508629 0.468610 0.417199 0.353642 0.278149 0.192120 0.098184 0.000000 
50.000000 42.969638 36.166302 29.795040 24.020493 18.954743 14.652833 11.115772 8.299516 6.127579 4.504739 3.329635 2.504781 1.943326 1.572618 1.335107 1.187394 1.098186 1.045849 1.016010 0.999470 0.990554 0.985877 0.983489 0.982300 0.981722 0.981444 0.981305 0.981219 0.981134 0.981005 0.980770 0.980337 0.979548 0.978147 0.975727 0.971663 0.965037 0.954550 0.938456 0.914529 0.880106 0.832241 0.768005 0.684938 0.581607 0.458183 0.316882 0.162082 0.000000 
50.000000 43.051823 36.328013 30.031222 24.324161 19.317603 15.065949 11.570199 8.786825 6.640238 5.036332 3.874932 3.059694 2.504781 2.138389 1.903643 1.757648 1.669477 1.617748 1.588255 1.571907 1.563094 1.558471 1.556110 1.554935 1.554363 1.554085 1.553941 1.553843 1.553731 1.553547 1.553208 1.552576 1.551420 1.549358 1.545781 1.539744 1.529847 1.514091 1.489758 1.453333 1.400548 1.326591 1.226563 1.096198 0.932811 0.736318 0.510072 0.261177 0.000000 
50.000000 43.172551 36.565566 30.378172 24.770253 19.850654 15.672835 12.237778 9.502718 7.393381 5.817299 4.676039 3.874932 3.329635 2.969589 2.738907 2.595438 2.508792 2.457957 2.428974 2.412908 2.404247 2.399704 2.397383 2.396228 2.395663 2.395386 2.395236 2.395122 2.394977 2.394725 2.394252 2.393364 2.391734 2.388814 2.383722 2.375085 2.360841 2.338020 2.302524 2.248982 2.170747 2.060165 1.909226 1.710672 1.459546 1.154975 0.801751 0.411097 0.000000 
50.000000 43.344525 36.903958 30.872402 25.405713 20.609997 16.537364 13.188779 10.522554 8.466292 6.929857 5.817299 5.036332 4.504739 4.153739 3.928850 3.788983 3.704510 3.654951 3.626694 3.611031 3.602587 3.598157 3.595894 3.594766 3.594214 3.593939 3.593783 3.593651 3.593465 3.593131 3.592497 3.591301 3.589093 3.585121 3.578159 3.566283 3.546574 3.514775 3.464929 3.389092 3.277235 3.117517 2.897149 2.604009 2.229095 1.769563 1.231699 0.632707 0.000000 
50.000000 43.582004 37.371242 31.554887 26.283232 21.658594 17.731228 14.502067 11.930915 9.947962 8.466292 7.393381 6.640238 6.127579 5.789077 5.572194 5.437303 5.355836 5.308039 5.280787 5.265680 5.257536 5.253263 5.251080 5.249991 5.249456 5.249185 5.249023 5.248871 5.248640 5.248215 5.247401 5.245856 5.242993 5.237818 5.228699 5.213050 5.186905 5.144399 5.077200 4.973981 4.820107 4.597809 4.287176 3.868374 3.325321 2.650738 1.851667 0.953535 0.000000 
50.000000 43.899810 37.996585 32.468228 27.457585 23.061907 19.328962 16.259640 13.815740 11.930915 10.522554 9.502718 8.786825 8.299516 7.977749 7.771585 7.643360 7.565917 7.520480 7.494573 7.480213 7.472470 7.468408 7.466332 7.465296 7.464784 7.464521 7.464354 7.464182 7.463907 7.463389 7.462390 7.460486 7.456943 7.450505 7.439101 7.419410 7.386276 7.331971 7.245319 7.110807 6.907870 6.610719 6.189244 5.611705 4.849913 3.887257 2.728755 1.410093 0.000000 
50.000000 44.311865 38.807385 33.652441 28.980227 24.881426 21.400580 18.538524 16.259640 14.502067 13.188779 12.237778 11.570199 11.115772 10.815713 10.623455 10.503878 10.431657 10.389283 10.365122 10.351729 10.344508 10.340719 10.338782 10.337815 10.337335 10.337084 10.336915 10.336726 10.336412 10.335812 10.334646 10.332416 10.328248 10.320638 10.307084 10.283531 10.243608 10.177613 10.071261 9.904258 9.648921 9.269262 8.721261 7.955496 6.923656 5.590494 3.951459 2.052332 0.000000 
50.000000 44.829349 39.825641 35.139659 30.892479 27.166533 24.002314 21.400580 19.328962 17.731228 16.537364 15.672835 15.065949 14.652833 14.380047 14.205263 14.096551 14.030892 13.992368 13.970401 13.958224 13.951659 13.948214 13.946452 13.945571 13.945132 13.944898 13.944733 13.944535 13.944194 13.943535 13.942250 13.939782 13.935149 13.926653 13.911437 13.884827 13.839386 13.763608 13.640216 13.444052 13.139718 12.679320 12.001157 11.030949 9.688332 7.902611 5.641712 2.953207 0.000000 
50.000000 45.458699 41.064017 36.948382 33.218129 29.945658 27.166533 24.881426 23.061907 21.658594 20.609997 19.850654 19.317603 18.954743 18.715139 18.561613 18.466123 18.408449 18.374609 18.355313 18.344616 18.338849 18.335822 18.334274 18.333499 18.333112 18.332901 18.332745 18.332548 18.332200 18.331522 18.330194 18.327636 18.322813 18.313931 18.297940 18.269804 18.221405 18.139982 18.005988 17.790220 17.450202 16.925930 16.135584 14.972829 13.309511 11.011409 7.979692 4.230648 0.000000 
50.000000 46.199762 42.522213 39.078169 35.956613 33.218129 30.892479 28.980227 27.457585 26.283232 25.405713 24.770253 24.324161 24.020493 23.819973 23.691489 23.611573 23.563304 23.534983 23.518833 23.509881 23.505054 23.502520 23.501225 23.500575 23.500249 23.500069 23.499930 23.499747 23.499418 23.498773 23.497504 23.495052 23.490416 23.481841 23.466331 23.438886 23.391349 23.310706 23.176618 22.957910 22.607672 22.056571 21.204147 19.908618 17.978307 15.174888 11.254816 6.101407 0.000000 
50.000000 47.044482 44.184379 41.505874 39.078169 36.948382 35.139659 33.652441 32.468228 31.554887 30.872402 30.378172 30.031222 29.795040 29.639082 29.539150 29.476992 29.439449 29.417421 29.404860 29.397896 29.394141 29.392171 29.391163 29.390657 29.390402 29.390260 29.390146 29.389991 29.389710 29.389155 29.388062 29.385944 29.381926 29.374471 29.360932 29.336857 29.294904 29.223198 29.102839 28.904149 28.580971 28.061946 27.237048 25.936973 23.903282 20.752937 15.967248 9.023822 0.000000 
50.000000 47.976465 46.018256 44.184379 42.522213 41.064017 39.825641 38.807385 37.996585 37.371242 36.903958 36.565566 36.328013 36.166302 36.059517 35.991094 35.948534 35.922828 35.907745 35.899144 35.894376 35.891805 35.890455 35.889765 35.889418 35.889243 35.889144 35.889063 35.888951 35.888745 35.888337 35.887532 35.885968 35.882997 35.877469 35.867397 35.849419 35.817942 35.763815 35.672259 35.519575 35.267830 34.855925 34.183929 33.084326 31.267397 28.217131 23.009128 14.113895 0.000000 
50.000000 48.971633 47.976465 47.044482 46.199762 45.458699 44.829349 44.311865 43.899810 43.582004 43.344525 43.172551 43.051823 42.969638 42.915368 42.880594 42.858964 42.845900 42.838234 42.833863 42.831439 42.830133 42.829447 42.829096 42.828920 42.828831 42.828780 42.828738 42.828679 42.828569 42.828353 42.827926 42.827094 42.825513 42.822565 42.817184 42.807556 42.790646 42.761454 42.711819 42.628469 42.489716 42.259532 41.876142 41.228051 40.098355 38.020660 33.862569 24.485816 0.000000 
50.000000 50.000000 50.000000 50.000000 50.000000 50.000000 50.000000 50.000000 50.000000 50.000000 50.000000 50.000000 50.000000 50.000000 50.000000 50.000000 50.000000 50.000000 50.000000 50.000000 50.000000 50.000000 50.000000 50.000000 50.000000 50.000000 50.000000 50.000000 50.000000 50.000000 50.000000 50.000000 50.000000 50.000000 50.000000 50.000000 50.000000 50.000000 50.000000 50.000000 50.000000 50.000000 50.000000 50.000000 50.000000 50.000000 50.000000 50.000000 50.000000 50.000000 
