50.000000 50.000000 50.000000 50.000000 50.000000 50.000000 50.000000 50.000000 50.000000 50.000000 50.000000 50.000000 50.000000 50.000000 50.000000 50.000000 50.000000 50.000000 50.000000 50.000000 50.000000 50.000000 50.000000 50.000000 50.000000 50.000000 50.000000 50.000000 50.000000 50.000000 50.000000 50.000000 50.000000 50.000000 50.000000 50.000000 50.000000 50.000000 50.000000 50.000000 50.000000 50.000000 50.000000 50.000000 50.000000 50.000000 50.000000 50.000000 50.000000 50.000000 
50.000000 45.363166 41.398150 38.486740 36.637738 35.613036 35.112823 34.895762 34.811312 34.781622 34.772123 34.769340 34.768589 34.768401 34.768358 34.768348 34.768346 34.768346 34.768346 34.768346 34.768346 34.768346 34.768346 34.768346 34.768346 34.768346 34.768346 34.768346 34.768346 34.768346 34.768346 34.768346 34.768346 34.768346 34.768346 34.768345 34.768343 34.768330 34.768274 34.768034 34.767076 34.763493 34.750964 34.709972 34.584062 34.218317 33.199507 30.413989 22.681583 0.000000 
50.000000 41.398150 34.042866 28.642443 25.213038 23.312719 22.385203 21.982781 21.826241 21.771216 21.753615 21.748459 21.747068 21.746721 21.746640 21.746623 21.746619 21.746619 21.746619 21.746619 21.746619 21.746619 21.746619 21.746619 21.746619 21.746619 21.746619 21.746619 21.746619 21.746619 21.746619 21.746619 21.746619 21.746619 21.746618 21.746618 21.746614 21.746595 21.746512 21.746157 21.744750 21.739549 21.721650 21.664418 21.494605 21.027261 19.834686 17.021433 10.984161 0.000000 
50.000000 38.486740 28.642443 21.415207 16.826335 14.283946 13.043282 12.505109 12.295810 12.222258 12.198737 12.191848 12.189991 12.189527 12.189419 12.189396 12.189391 12.189390 12.189390 12.189390 12.189390 12.189390 12.189390 12.189390 12.189390 12.189390 12.189390 12.189390 12.189390 12.189390 12.189390 12.189390 12.189390 12.189390 12.189390 12.189389 12.189385 12.189368 12.189290 12.188960 12.187666 12.182943 12.166975 12.117146 11.974225 11.599432 10.707603 8.807757 5.287233 0.000000 
50.000000 36.637738 25.213038 16.826335 11.501985 8.552607 7.113612 6.489541 6.246891 6.161641 6.134385 6.126406 6.124254 6.123717 6.123592 6.123565 6.123560 6.123559 6.123559 6.123559 6.123559 6.123559 6.123559 6.123559 6.123559 6.123559 6.123559 6.123559 6.123559 6.123559 6.123559 6.123559 6.123559 6.123558 6.123558 6.123558 6.123555 6.123543 6.123487 6.123254 6.122351 6.119095 6.108268 6.075216 5.983148 5.750993 5.226903 4.185777 2.419421 0.000000 
50.000000 35.613036 23.312719 14.283946 8.552607 5.378214 3.829681 3.158223 2.897198 2.805510 2.776202 2.767623 2.765311 2.764734 2.764600 2.764571 2.764565 2.764564 2.764564 2.764564 2.764564 2.764564 2.764564 2.764564 2.764564 2.764564 2.764564 2.764564 2.764564 2.764564 2.764564 2.764564 2.764564 2.764564 2.764564 2.764563 2.764562 2.764554 2.764522 2.764389 2.763874 2.762041 2.756035 2.738041 2.689107 2.569458 2.309722 1.818114 1.028974 0.000000 
50.000000 35.112823 22.385203 13.043282 7.113612 3.829681 2.227888 1.533419 1.263484 1.168679 1.138380 1.129512 1.127122 1.126525 1.126387 1.126357 1.126351 1.126350 1.126350 1.126350 1.126349 1.126349 1.126349 1.126349 1.126349 1.126349 1.126349 1.126349 1.126349 1.126349 1.126349 1.126349 1.126349 1.126349 1.126349 1.126349 1.126349 1.126345 1.126329 1.126264 1.126016 1.125140 1.122306 1.113944 1.091640 1.038396 0.926136 0.720784 0.402851 0.000000 
50.000000 34.895762 21.982781 12.505109 6.489541 3.158223 1.533419 0.829024 0.555251 0.459106 0.428381 0.419389 0.416966 0.416361 0.416221 0.416190 0.416184 0.416183 0.416183 0.416183 0.416183 0.416183 0.416183 0.416183 0.416183 0.416183 0.416183 0.416183 0.416183 0.416183 0.416183 0.416183 0.416183 0.416183 0.416183 0.416183 0.416182 0.416181 0.416174 0.416147 0.416043 0.415678 0.414512 0.411113 0.402187 0.381273 0.338133 0.261131 0.144798 0.000000 
50.000000 34.811312 21.826241 12.295810 6.246891 2.897198 1.263484 0.555251 0.279997 0.183335 0.152447 0.143407 0.140971 0.140364 0.140223 0.140192 0.140186 0.140185 0.140185 0.140185 0.140185 0.140185 0.140185 0.140185 0.140185 0.140185 0.140185 0.140185 0.140185 0.140185 0.140185 0.140185 0.140185 0.140185 0.140185 0.140185 0.140184 0.140184 0.140181 0.140171 0.140132 0.139998 0.139572 0.138344 0.135157 0.127797 0.112867 0.086692 0.047819 0.000000 
50.000000 34.781622 21.771216 12.222258 6.161641 2.805510 1.168679 0.459106 0.183335 0.086494 0.055549 0.046493 0.044053 0.043444 0.043303 0.043272 0.043266 0.043265 0.043265 0.043265 0.043265 0.043265 0.043265 0.043265 0.043265 0.043265 0.043265 0.043265 0.043265 0.043265 0.043265 0.043265 0.043265 0.043265 0.043265 0.043265 0.043265 0.043264 0.043263 0.043260 0.043247 0.043203 0.043063 0.042663 0.041636 0.039290 0.034592 0.026466 0.014546 0.000000 
50.000000 34.772123 21.753615 12.198737 6.134385 2.776202 1.138380 0.428381 0.152447 0.055549 0.024585 0.015524 0.013083 0.012474 0.012332 0.012302 0.012295 0.012294 0.012294 0.012294 0.012294 0.012294 0.012294 0.012294 0.012294 0.012294 0.012294 0.012294 0.012294 0.012294 0.012294 0.012294 0.012294 0.012294 0.012294 0.012294 0.012294 0.012294 0.012294 0.012293 0.012289 0.012275 0.012234 0.012115 0.011814 0.011131 0.009777 0.007459 0.004089 0.000000 
50.000000 34.769340 21.748459 12.191848 6.126406 2.767623 1.129512 0.419389 0.143407 0.046493 0.015524 0.006462 0.004020 0.003411 0.003269 0.003239 0.003233 0.003231 0.003231 0.003231 0.003231 0.003231 0.003231 0.003231 0.003231 0.003231 0.003231 0.003231 0.003231 0.003231 0.003231 0.003231 0.003231 0.003231 0.003231 0.003231 0.003231 0.003231 0.003231 0.003231 0.003230 0.003226 0.003215 0.003183 0.003101 0.002919 0.002559 0.001948 0.001066 0.000000 
50.000000 34.768589 21.747068 12.189991 6.124254 2.765311 1.127122 0.416966 0.140971 0.044053 0.013083 0.004020 0.001578 0.000968 0.000827 0.000796 0.000790 0.000789 0.000789 0.000789 0.000789 0.000789 0.000789 0.000789 0.000789 0.000789 0.000789 0.000789 0.000789 0.000789 0.000789 0.000789 0.000789 0.000789 0.000789 0.000789 0.000789 0.000789 0.000789 0.000789 0.000788 0.000788 0.000785 0.000777 0.000756 0.000711 0.000623 0.000473 0.000259 0.000000 
50.000000 34.768401 21.746721 12.189527 6.123717 2.764734 1.126525 0.416361 0.140364 0.043444 0.012474 0.003411 0.000968 0.000359 0.000218 0.000187 0.000181 0.000180 0.000180 0.000180 0.000180 0.000180 0.000180 0.000180 0.000180 0.000180 0.000180 0.000180 0.000180 0.000180 0.000180 0.000180 0.000180 0.000180 0.000180 0.000180 0.000180 0.000180 0.000180 0.000180 0.000179 0.000179 0.000179 0.000177 0.000172 0.000162 0.000141 0.000107 0.000059 0.000000 
50.000000 34.768358 21.746640 12.189419 6.123592 2.764600 1.126387 0.416221 0.140223 0.043303 0.012332 0.003269 0.000827 0.000218 0.000076 0.000046 0.000040 0.000039 0.000038 0.000038 0.000038 0.000038 0.000038 0.000038 0.000038 0.000038 0.000038 0.000038 0.000038 0.000038 0.000038 0.000038 0.000038 0.000038 0.000038 0.000038 0.000038 0.000038 0.000038 0.000038 0.000038 0.000038 0.000038 0.000038 0.000037 0.000034 0.000030 0.000023 0.000012 0.000000 
50.000000 34.768348 21.746623 12.189396 6.123565 2.764571 1.126357 0.416190 0.140192 0.043272 0.012302 0.003239 0.000796 0.000187 0.000046 0.000015 0.000009 0.000008 0.000008 0.000008 0.000008 0.000008 0.000008 0.000008 0.000008 0.000008 0.000008 0.000008 0.000008 0.000008 0.000008 0.000008 0.000008 0.000008 0.000008 0.000008 0.000008 0.000008 0.000008 0.000008 0.000008 0.000008 0.000008 0.000008 0.000007 0.000007 0.000006 0.000005 0.000002 0.000000 
50.000000 34.768346 21.746619 12.189391 6.123560 2.764565 1.126351 0.416184 0.140186 0.043266 0.012295 0.003233 0.000790 0.000181 0.000040 0.000009 0.000003 0.000002 0.000001 0.000001 0.000001 0.000001 0.000001 0.000001 0.000001 0.000001 0.000001 0.000001 0.000001 0.000001 0.000001 0.000001 0.000001 0.000001 0.000001 0.000001 0.000001 0.000001 0.000001 0.000001 0.000001 0.000001 0.000001 0.000001 0.000001 0.000001 0.000001 0.000001 0.000000 0.000000 
50.000000 34.768346 21.746619 12.189390 6.123559 2.764564 1.126350 0.416183 0.140185 0.043265 0.012294 0.003231 0.000789 0.000180 0.000039 0.000008 0.000002 0.000001 0.000000 0.000000 0.000000 0.000000 0.000000 0.000000 0.000000 0.000000 0.000000 0.000000 0.000000 0.000000 0.000000 0.000000 0.000000 0.000000 0.000000 0.000000 0.000000 0.000000 0.000000 0.000000 0.000000 0.000000 0.000000 0.000000 0.000000 0.000000 0.000000 0.000000 0.000000 0.000000 
50.000000 34.768346 21.746619 12.189390 6.123559 2.764564 1.126350 0.416183 0.140185 0.043265 0.012294 0.003231 0.000789 0.000180 0.000038 0.000008 0.000001 0.000000 0.000000 0.000000 0.000000 0.000000 0.000000 0.000000 0.000000 0.000000 0.000000 0.000000 0.000000 0.000000 0.000000 0.000000 0.000000 0.000000 0.000000 0.000000 0.000000 0.000000 0.000000 0.000000 0.000000 0.000000 0.000000 0.000000 0.000000 0.000000 0.000000 0.000000 0.000000 0.000000 
50.000000 34.768346 21.746619 12.189390 6.123559 2.764564 1.126350 0.416183 0.140185 0.043265 0.012294 0.003231 0.000789 0.000180 0.000038 0.000008 0.000001 0.000000 0.000000 0.000000 0.000000 0.000000 0.000000 0.000000 0.000000 0.000000 0.000000 0.000000 0.000000 0.000000 0.000000 0.000000 0.000000 0.000000 0.000000 0.000000 0.000000 0.000000 0.000000 0.000000 0.000000 0.000000 0.000000 0.000000 0.000000 0.000000 0.000000 0.000000 0.000000 0.000000 
50.000000 34.768346 21.746619 12.189390 6.123559 2.764564 1.126349 0.416183 0.140185 0.043265 0.012294 0.003231 0.000789 0.000180 0.000038 0.000008 0.000001 0.000000 0.000000 0.000000 0.000000 0.000000 0.000000 0.000000 0.000000 0.000000 0.000000 0.000000 0.000000 0.000000 0.000000 0.000000 0.000000 0.000000 0.000000 0.000000 0.000000 0.000000 0.000000 0.000000 0.000000 0.000000 0.000000 0.000000 0.000000 0.000000 0.000000 0.000000 0.000000 0.000000 
50.000000 34.768346 21.746619 12.189390 6.123559 2.764564 1.126349 0.416183 0.140185 0.043265 0.012294 0.003231 0.000789 0.000180 0.000038 0.000008 0.000001 0.000000 0.000000 0.000000 0.000000 0.000000 0.000000 0.000000 0.000000 0.000000 0.000000 0.000000 0.000000 0.000000 0.000000 0.000000 0.000000 0.000000 0.000000 0.000000 0.000000 0.000000 0.000000 0.000000 0.000000 0.000000 0.000000 0.000000 0.000000 0.000000 0.000000 0.000000 0.000000 0.000000 
50.000000 34.768346 21.746619 12.189390 6.123559 2.764564 1.126349 0.416183 0.140185 0.043265 0.012294 0.003231 0.000789 0.000180 0.000038 0.000008 0.000001 0.000000 0.000000 0.000000 0.000000 0.000000 0.000000 0.000000 0.000000 0.000000 0.000000 0.000000 0.000000 0.000000 0.000000 0.000000 0.000000 0.000000 0.000000 0.000000 0.000000 0.000000 0.000000 0.000000 0.000000 0.000000 0.000000 0.000000 0.000000 0.000000 0.000000 0.000000 0.000000 0.000000 
50.000000 34.768346 21.746619 12.189390 6.123559 2.764564 1.126349 0.416183 0.140185 0.043265 0.012294 0.003231 0.000789 0.000180 0.000038 0.000008 0.000001 0.000000 0.000000 0.000000 0.000000 0.000000 0.000000 0.000000 0.000000 0.000000 0.000000 0.000000 0.000000 0.000000 0.000000 0.000000 0.000000 0.000000 0.000000 0.000000 0.000000 0.000000 0.000000 0.000000 0.000000 0.000000 0.000000 0.000000 0.000000 0.000000 0.000000 0.000000 0.000000 0.000000 
50.000000 34.768346 21.746619 12.189390 6.123559 2.764564 1.126349 0.416183 0.140185 0.043265 0.012294 0.003231 0.000789 0.000180 0.000038 0.000008 0.000001 0.000000 0.000000 0.000000 0.000000 0.000000 0.000000 0.000000 0.000000 0.000000 0.000000 0.000000 0.000000 0.000000 0.000000 0.000000 0.000000 0.000000 0.000000 0.000000 0.000000 0.000000 0.000000 0.000000 0.000000 0.000000 0.000000 0.000000 0.000000 0.000000 0.000000 0.000000 0.000000 0.000000 
50.000000 34.768346 21.746619 12.189390 6.123559 2.764564 1.126349 0.416183 0.140185 0.043265 0.012294 0.003231 0.000789 0.000180 0.000038 0.000008 0.000001 0.000000 0.000000 0.000000 0.000000 0.000000 0.000000 0.000000 0.000000 0.000000 0.000000 0.000000 0.000000 0.000000 0.000000 0.000000 0.000000 0.000000 0.000000 0.000000 0.000000 0.000000 0.000000 0.000000 0.000000 0.000000 0.000000 0.000000 0.000000 0.000000 0.000000 0.000000 0.000000 0.000000 
50.000000 34.768346 21.746619 12.189390 6.123559 2.764564 1.126349 0.416183 0.140185 0.043265 0.012294 0.003231 0.000789 0.000180 0.000038 0.000008 0.000001 0.000000 0.000000 0.000000 0.000000 0.000000 0.000000 0.000000 0.000000 0.000000 0.000000 0.000000 0.000000 0.000000 0.000000 0.000000 0.000000 0.000000 0.000000 0.000000 0.000000 0.000000 0.000000 0.000000 0.000000 0.000000 0.000000 0.000000 0.000000 0.000000 0.000000 0.000000 0.000000 0.000000 
50.000000 34.768346 21.746619 12.189390 6.123559 2.764564 1.126349 0.416183 0.140185 0.043265 0.012294 0.003231 0.000789 0.000180 0.000038 0.000008 0.000001 0.000000 0.000000 0.000000 0.000000 0.000000 0.000000 0.000000 0.000000 0.000000 0.000000 0.000000 0.000000 0.000000 0.000000 0.000000 0.000000 0.000000 0.000000 0.000000 0.000000 0.000000 0.000000 0.000000 0.000000 0.000000 0.000000 0.000000 0.000000 0.000000 0.000000 0.000000 0.000000 0.000000 
50.000000 34.768346 21.746619 12.189390 6.123559 2.764564 1.126349 0.416183 0.140185 0.043265 0.012294 0.003231 0.000789 0.000180 0.000038 0.000008 0.000001 0.000000 0.000000 0.000000 0.000000 0.000000 0.000000 0.000000 0.000000 0.000000 0.000000 0.000000 0.000000 0.000000 0.000000 0.000000 0.000000 0.000000 0.000000 0.000000 0.000000 0.000000 0.000000 0.000000 0.000000 0.000000 0.000000 0.000000 0.000000 0.000000 0.000000 0.000000 0.000000 0.000000 
50.000000 34.768346 21.746619 12.189390 6.123559 2.764564 1.126349 0.416183 0.140185 0.043265 0.012294 0.003231 0.000789 0.000180 0.000038 0.000008 0.000001 0.000000 0.000000 0.000000 0.000000 0.000000 0.000000 0.000000 0.000000 0.000000 0.000000 0.000000 0.000000 0.000000 0.000000 0.000000 0.000000 0.000000 0.000000 0.000000 0.000000 0.000000 0.000000 0.000000 0.000000 0.000000 0.000000 0.000000 0.000000 0.000000 0.000000 0.000000 0.000000 0.000000 
50.000000 34.768346 21.746619 12.189390 6.123559 2.764564 1.126350 0.416183 0.140185 0.043265 0.012294 0.003231 0.000789 0.000180 0.000038 0.000008 0.000001 0.000000 0.000000 0.000000 0.000000 0.000000 0.000000 0.000000 0.000000 0.000000 0.000000 0.000000 0.000000 0.000000 0.000000 0.000000 0.000000 0.000000 0.000000 0.000000 0.000000 0.000000 0.000000 0.000000 0.000000 0.000000 0.000000 0.000000 0.000000 0.000000 0.000000 0.000000 0.000000 0.000000 
50.000000 34.768346 21.746619 12.189390 6.123559 2.764564 1.126350 0.416183 0.140185 0.043265 0.012294 0.003231 0.000789 0.000180 0.000038 0.000008 0.000001 0.000000 0.000000 0.000000 0.000000 0.000000 0.000000 0.000000 0.000000 0.000000 0.000000 0.000000 0.000000 0.000000 0.000000 0.000000 0.000000 0.000000 0.000000 0.000000 0.000000 0.000000 0.000000 0.000000 0.000000 0.000000 0.000000 0.000000 0.000000 0.000000 0.000000 0.000000 0.000000 0.000000 
50.000000 34.768346 21.746619 12.189390 6.123559 2.764564 1.126350 0.416183 0.140185 0.043265 0.012294 0.003231 0.000789 0.000180 0.000039 0.000008 0.000002 0.000001 0.000000 0.000000 0.000000 0.000000 0.000000 0.000000 0.000000 0.000000 0.000000 0.000000 0.000000 0.000000 0.000000 0.000000 0.000000 0.000000 0.000000 0.000000 0.000000 0.000000 0.000000 0.000000 0.000000 0.000000 0.000000 0.000000 0.000000 0.000000 0.000000 0.000000 0.000000 0.000000 
50.000000 34.768346 21.746619 12.189391 6.123560 2.764565 1.126351 0.416184 0.140186 0.043266 0.012295 0.003233 0.000790 0.000181 0.000040 0.000009 0.000003 0.000002 0.000001 0.000001 0.000001 0.000001 0.000001 0.000001 0.000001 0.000001 0.000001 0.000001 0.000001 0.000001 0.000001 0.000001 0.000001 0.000001 0.000001 0.000001 0.000001 0.000001 0.000001 0.000001 0.000001 0.000001 0.000001 0.000001 0.000001 0.000001 0.000001 0.000001 0.000000 0.000000 
50.000000 34.768348 21.746623 12.189396 6.123565 2.764571 1.126357 0.416190 0.140192 0.043272 0.012302 0.003239 0.000796 0.000187 0.000046 0.000015 0.000009 0.000008 0.000008 0.000008 0.000008 0.000008 0.000008 0.000008 0.000008 0.000008 0.000008 0.000008 0.000008 0.000008 0.000008 0.000008 0.000008 0.000008 0.000008 0.000008 0.000008 0.000008 0.000008 0.000008 0.000008 0.000008 0.000008 0.000008 0.000007 0.000007 0.000006 0.000005 0.000002 0.000000 
50.000000 34.768358 21.746640 12.189419 6.123592 2.764600 1.126387 0.416221 0.140223 0.043303 0.012332 0.003269 0.000827 0.000218 0.000076 0.000046 0.000040 0.000039 0.000038 0.000038 0.000038 0.000038 0.000038 0.000038 0.000038 0.000038 0.000038 0.000038 0.000038 0.000038 0.000038 0.000038 0.000038 0.000038 0.000038 0.000038 0.000038 0.000038 0.000038 0.000038 0.000038 0.000038 0.000038 0.000038 0.000037 0.000034 0.000030 0.000023 0.000012 0.000000 
50.000000 34.768401 21.746721 12.189527 6.123717 2.764734 1.126525 0.416361 0.140364 0.043444 0.012474 0.003411 0.000968 0.000359 0.000218 0.000187 0.000181 0.000180 0.000180 0.000180 0.000180 0.000180 0.000180 0.000180 0.000180 0.000180 0.000180 0.000180 0.000180 0.000180 0.000180 0.000180 0.000180 0.000180 0.000180 0.000180 0.000180 0.000180 0.000180 0.000180 0.000179 0.000179 0.000179 0.000177 0.000172 0.000162 0.000141 0.000107 0.000059 0.000000 
50.000000 34.768589 21.747068 12.189991 6.124254 2.765311 1.127122 0.416966 0.140971 0.044053 0.013083 0.004020 0.001578 0.000968 0.000827 0.000796 0.000790 0.000789 0.000789 0.000789 0.000789 0.000789 0.000789 0.000789 0.000789 0.000789 0.000789 0.000789 0.000789 0.000789 0.000789 0.000789 0.000789 0.000789 0.000789 0.000789 0.000789 0.000789 0.000789 0.000789 0.000788 0.000788 0.000785 0.000777 0.000756 0.000711 0.000623 0.000473 0.000259 0.000000 
50.000000 34.769340 21.748459 12.191848 6.126406 2.767623 1.129512 0.419389 0.143407 0.046493 0.015524 0.006462 0.004020 0.003411 0.003269 0.003239 0.003233 0.003231 0.003231 0.003231 0.003231 0.003231 0.003231 0.003231 0.003231 0.003231 0.003231 0.003231 0.003231 0.003231 0.003231 0.003231 0.003231 0.003231 0.003231 0.003231 0.003231 0.003231 0.003231 0.003231 0.003230 0.003226 0.003215 0.003183 0.003101 0.002919 0.002559 0.001948 0.001066 0.000000 
50.000000 34.772123 21.753615 12.198737 6.134385 2.776202 1.138380 0.428381 0.152447 0.055549 0.024585 0.015524 0.013083 0.012474 0.012332 0.012302 0.012295 0.012294 0.012294 0.012294 0.012294 0.012294 0.012294 0.012294 0.012294 0.012294 0.012294 0.012294 0.012294 0.012294 0.012294 0.012294 0.012294 0.012294 0.012294 0.012294 0.012294 0.012294 0.012294 0.012293 0.012289 0.012275 0.012234 0.012115 0.011814 0.011131 0.009777 0.007459 0.004089 0.000000 
50.000000 34.781622 21.771216 12.222258 6.161641 2.805510 1.168679 0.459106 0.183335 0.086494 0.055549 0.046493 0.044053 0.043444 0.043303 0.043272 0.043266 0.043265 0.043265 0.043265 0.043265 0.043265 0.043265 0.043265 0.043265 0.043265 0.043265 0.043265 0.043265 0.043265 0.043265 0.043265 0.043265 0.043265 0.043265 0.043265 0.043265 0.043264 0.043263 0.043260 0.043247 0.043203 0.043063 0.042663 0.041636 0.039290 0.034592 0.026466 0.014546 0.000000 
50.000000 34.811312 21.826241 12.295810 6.246891 2.897198 1.263484 0.555251 0.279997 0.183335 0.152447 0.143407 0.140971 0.140364 0.140223 0.140192 0.140186 0.140185 0.140185 0.140185 0.140185 0.140185 0.140185 0.140185 0.140185 0.140185 0.140185 0.140185 0.140185 0.140185 0.140185 0.140185 0.140185 0.140185 0.140185 0.140185 0.140184 0.140184 0.140181 0.140171 0.140132 0.139998 0.139572 0.138344 0.135157 0.127797 0.112867 0.086692 0.047819 0.000000 
50.000000 34.895762 21.982781 12.505109 6.489541 3.158223 1.533419 0.829024 0.555251 0.459106 0.428381 0.419389 0.416966 0.416361 0.416221 0.416190 0.416184 0.416183 0.416183 0.416183 0.416183 0.416183 0.416183 0.416183 0.416183 0.416183 0.416183 0.416183 0.416183 0.416183 0.416183 0.416183 0.416183 0.416183 0.416183 0.416183 0.416182 0.416181 0.416174 0.416147 0.416043 0.415678 0.414512 0.411113 0.402187 0.381273 0.338133 0.261131 0.144798 0.000000 
50.000000 35.112823 22.385203 13.043282 7.113612 3.829681 2.227888 1.533419 1.263484 1.168679 1.138380 1.129512 1.127122 1.126525 1.126387 1.126357 1.126351 1.126350 1.126350 1.126350 1.126349 1.126349 1.126349 1.126349 1.126349 1.126349 1.126349 1.126349 1.126349 1.126349 1.126349 1.126349 1.126349 1.126349 1.126349 1.126349 1.126349 1.126345 1.126329 1.126264 1.126016 1.125140 1.122306 1.113944 1.091640 1.038396 0.926136 0.720784 0.402851 0.000000 
50.000000 35.613036 23.312719 14.283946 8.552607 5.378214 3.829681 3.158223 2.897198 2.805510 2.776202 2.767623 2.765311 2.764734 2.764600 2.764571 2.764565 2.764564 2.764564 2.764564 2.764564 2.764564 2.764564 2.764564 2.764564 2.764564 2.764564 2.764564 2.764564 2.764564 2.764564 2.764564 2.764564 2.764564 2.764564 2.764563 2.764562 2.764554 2.764522 2.764389 2.763874 2.762041 2.756035 2.738041 2.689107 2.569458 2.309722 1.818114 1.028974 0.000000 
50.000000 36.637738 25.213038 16.826335 11.501985 8.552607 7.113612 6.489541 6.246891 6.161641 6.134385 6.126406 6.124254 6.123717 6.123592 6.123565 6.123560 6.123559 6.123559 6.123559 6.123559 6.123559 6.123559 6.123559 6.123559 6.123559 6.123559 6.123559 6.123559 6.123559 6.123559 6.123559 6.123559 6.123558 6.123558 6.123558 6.123555 6.123543 6.123487 6.123254 6.122351 6.119095 6.108268 6.075216 5.983148 5.750993 5.226903 4.185777 2.419421 0.000000 
50.000000 38.486740 28.642443 21.415207 16.826335 14.283946 13.043282 12.505109 12.295810 12.222258 12.198737 12.191848 12.189991 12.189527 12.189419 12.189396 12.189391 12.189390 12.189390 12.189390 12.189390 12.189390 12.189390 12.189390 12.189390 12.189390 12.189390 12.189390 12.189390 12.189390 12.189390 12.189390 12.189390 12.189390 12.189390 12.189389 12.189385 12.189368 12.189290 12.188960 12.187666 12.182943 12.166975 12.117146 11.974225 11.599432 10.707603 8.807757 5.287233 0.000000 
50.000000 41.398150 34.042866 28.642443 25.213038 23.312719 22.385203 21.982781 21.826241 21.771216 21.753615 21.748459 21.747068 21.746721 21.746640 21.746623 21.746619 21.746619 21.746619 21.746619 21.746619 21.746619 21.746619 21.746619 21.746619 21.746619 21.746619 21.746619 21.746619 21.746619 21.746619 21.746619 21.746619 21.746619 21.746618 21.746618 21.746614 21.746595 21.746512 21.746157 21.744750 21.739549 21.721650 21.664418 21.494605 21.027261 19.834686 17.021433 10.984161 0.000000 
50.000000 45.363166 41.398150 38.486740 36.637738 35.613036 35.112823 34.895762 34.811312 34.781622 34.772123 34.769340 34.768589 34.768401 34.768358 34.768348 34.768346 34.768346 34.768346 34.768346 34.768346 34.768346 34.768346 34.768346 34.768346 34.768346 34.768346 34.768346 34.768346 34.768346 34.768346 34.768346 34.768346 34.768346 34.768346 34.768345 34.768343 34.768330 34.768274 34.768034 34.767076 34.763493 34.750964 34.709972 34.584062 34.218317 33.199507 30.413989 22.681583 0.000000 
50.000000 50.000000 50.000000 50.000000 50.000000 50.000000 50.000000 50.000000 50.000000 50.000000 50.000000 50.000000 50.000000 50.000000 50.000000 50.000000 50.000000 50.000000 50.000000 50.000000 50.000000 50.000000 50.000000 50.000000 50.000000 50.000000 50.000000 50.000000 50.000000 50.000000 50.000000 50.000000 50.000000 50.000000 50.000000 50.000000 50.000000 50.000000 50.000000 50.000000 50.000000 50.000000 50.000000 50.000000 50.000000 50.000000 50.000000 50.000000 50.000000 50.000000 
