50.000000 50.000000 50.000000 50.000000 50.000000 50.000000 50.000000 50.000000 50.000000 50.000000 50.000000 50.000000 50.000000 50.000000 50.000000 50.000000 50.000000 50.000000 50.000000 50.000000 50.000000 50.000000 50.000000 50.000000 50.000000 50.000000 50.000000 50.000000 50.000000 50.000000 50.000000 50.000000 50.000000 50.000000 50.000000 50.000000 50.000000 50.000000 50.000000 50.000000 50.000000 50.000000 50.000000 50.000000 50.000000 50.000000 50.000000 50.000000 50.000000 50.000000 
50.000000 44.384659 39.752572 36.575644 34.740960 33.836002 33.449400 33.304517 33.256344 33.241991 33.238126 33.237178 33.236965 33.236921 33.236912 33.236911 33.236911 33.236911 33.236911 33.236911 33.236911 33.236911 33.236911 33.236911 33.236911 33.236911 33.236911 33.236911 33.236911 33.236911 33.236911 33.236911 33.236911 33.236911 33.236911 33.236911 33.236910 33.236907 33.236893 33.236820 33.236473 33.234943 33.228689 33.204991 33.121692 32.848838 32.007176 29.513657 22.192329 0.000000 
50.000000 39.752572 31.300043 25.503574 22.156671 20.506154 19.801211 19.537096 19.449302 19.423152 19.416112 19.414386 19.413998 19.413918 19.413903 19.413900 19.413899 19.413899 19.413899 19.413899 19.413899 19.413899 19.413899 19.413899 19.413899 19.413899 19.413899 19.413899 19.413899 19.413899 19.413899 19.413899 19.413899 19.413899 19.413899 19.413899 19.413899 19.413895 19.413875 19.413774 19.413298 19.411225 19.402883 19.371995 19.267088 18.941236 18.018496 15.650022 10.238915 0.000000 
50.000000 36.575644 25.503574 17.911906 13.529397 11.368741 10.446192 10.100660 9.985843 9.951656 9.942456 9.940201 9.939695 9.939590 9.939570 9.939566 9.939565 9.939565 9.939565 9.939565 9.939565 9.939565 9.939565 9.939565 9.939565 9.939565 9.939565 9.939565 9.939565 9.939565 9.939565 9.939565 9.939565 9.939565 9.939565 9.939565 9.939565 9.939562 9.939545 9.939460 9.939063 9.937357 9.930608 9.906186 9.825865 9.587537 8.955953 7.485078 4.568468 0.000000 
50.000000 34.740960 22.156671 13.529397 8.550056 6.095750 5.048107 4.655841 4.525536 4.486751 4.476317 4.473761 4.473187 4.473068 4.473045 4.473041 4.473041 4.473041 4.473041 4.473041 4.473041 4.473041 4.473041 4.473041 4.473041 4.473041 4.473041 4.473041 4.473041 4.473041 4.473041 4.473041 4.473041 4.473041 4.473041 4.473041 4.473040 4.473038 4.473028 4.472974 4.472729 4.471687 4.467623 4.453211 4.407070 4.275028 3.941860 3.215435 1.892121 0.000000 
50.000000 33.836002 20.506154 11.368741 6.095750 3.497169 2.388167 1.973018 1.835144 1.794116 1.783082 1.780379 1.779772 1.779647 1.779623 1.779618 1.779618 1.779617 1.779617 1.779617 1.779617 1.779617 1.779617 1.779617 1.779617 1.779617 1.779617 1.779617 1.779617 1.779617 1.779617 1.779617 1.779617 1.779617 1.779617 1.779617 1.779617 1.779616 1.779611 1.779584 1.779463 1.778951 1.776981 1.770111 1.748585 1.688680 1.542876 1.239066 0.714310 0.000000 
50.000000 33.449400 19.801211 10.446192 5.048107 2.388167 1.253117 0.828273 0.687199 0.645225 0.633938 0.631174 0.630554 0.630425 0.630401 0.630396 0.630395 0.630395 0.630395 0.630395 0.630395 0.630395 0.630395 0.630395 0.630395 0.630395 0.630395 0.630395 0.630395 0.630395 0.630395 0.630395 0.630395 0.630395 0.630395 0.630395 0.630395 0.630395 0.630393 0.630381 0.630331 0.630120 0.629318 0.626558 0.618056 0.594896 0.540006 0.429217 0.244409 0.000000 
50.000000 33.304517 19.537096 10.100660 4.655841 1.973018 0.828273 0.399829 0.257570 0.215246 0.203866 0.201079 0.200454 0.200324 0.200299 0.200295 0.200294 0.200294 0.200294 0.200294 0.200294 0.200294 0.200294 0.200294 0.200294 0.200294 0.200294 0.200294 0.200294 0.200294 0.200294 0.200294 0.200294 0.200294 0.200294 0.200294 0.200294 0.200294 0.200293 0.200289 0.200271 0.200196 0.199915 0.198955 0.196037 0.188218 0.170052 0.134213 0.075828 0.000000 
50.000000 33.256344 19.449302 9.985843 4.525536 1.835144 0.687199 0.257570 0.114921 0.072483 0.061072 0.058278 0.057651 0.057521 0.057496 0.057492 0.057491 0.057491 0.057491 0.057491 0.057491 0.057491 0.057491 0.057491 0.057491 0.057491 0.057491 0.057491 0.057491 0.057491 0.057491 0.057491 0.057491 0.057491 0.057491 0.057491 0.057491 0.057491 0.057491 0.057489 0.057484 0.057461 0.057373 0.057079 0.056193 0.053850 0.048485 0.038078 0.021401 0.000000 
50.000000 33.241991 19.423152 9.951656 4.486751 1.794116 0.645225 0.215246 0.072483 0.030011 0.018591 0.015795 0.015168 0.015038 0.015013 0.015008 0.015008 0.015008 0.015008 0.015008 0.015008 0.015008 0.015008 0.015008 0.015008 0.015008 0.015008 0.015008 0.015008 0.015008 0.015008 0.015008 0.015008 0.015008 0.015008 0.015008 0.015008 0.015008 0.015007 0.015007 0.015006 0.014999 0.014975 0.014894 0.014653 0.014022 0.012593 0.009854 0.005519 0.000000 
50.000000 33.238126 19.416112 9.942456 4.476317 1.783082 0.633938 0.203866 0.061072 0.018591 0.007169 0.004373 0.003745 0.003615 0.003590 0.003586 0.003585 0.003585 0.003585 0.003585 0.003585 0.003585 0.003585 0.003585 0.003585 0.003585 0.003585 0.003585 0.003585 0.003585 0.003585 0.003585 0.003585 0.003585 0.003585 0.003585 0.003585 0.003585 0.003585 0.003585 0.003584 0.003583 0.003577 0.003557 0.003497 0.003343 0.002996 0.002339 0.001306 0.000000 
50.000000 33.237178 19.414386 9.940201 4.473761 1.780379 0.631174 0.201079 0.058278 0.015795 0.004373 0.001576 0.000948 0.000818 0.000793 0.000789 0.000788 0.000788 0.000788 0.000788 0.000788 0.000788 0.000788 0.000788 0.000788 0.000788 0.000788 0.000788 0.000788 0.000788 0.000788 0.000788 0.000788 0.000788 0.000788 0.000788 0.000788 0.000788 0.000788 0.000788 0.000788 0.000787 0.000786 0.000781 0.000768 0.000734 0.000657 0.000511 0.000285 0.000000 
50.000000 33.236965 19.413998 9.939695 4.473187 1.779772 0.630554 0.200454 0.057651 0.015168 0.003745 0.000948 0.000320 0.000190 0.000165 0.000161 0.000160 0.000160 0.000160 0.000160 0.000160 0.000160 0.000160 0.000160 0.000160 0.000160 0.000160 0.000160 0.000160 0.000160 0.000160 0.000160 0.000160 0.000160 0.000160 0.000160 0.000160 0.000160 0.000160 0.000160 0.000160 0.000160 0.000160 0.000159 0.000156 0.000149 0.000133 0.000104 0.000058 0.000000 
50.000000 33.236921 19.413918 9.939590 4.473068 1.779647 0.630425 0.200324 0.057521 0.015038 0.003615 0.000818 0.000190 0.000060 0.000036 0.000031 0.000030 0.000030 0.000030 0.000030 0.000030 0.000030 0.000030 0.000030 0.000030 0.000030 0.000030 0.000030 0.000030 0.000030 0.000030 0.000030 0.000030 0.000030 0.000030 0.000030 0.000030 0.000030 0.000030 0.000030 0.000030 0.000030 0.000030 0.000030 0.000029 0.000028 0.000025 0.000019 0.000011 0.000000 
50.000000 33.236912 19.413903 9.939570 4.473045 1.779623 0.630401 0.200299 0.057496 0.015013 0.003590 0.000793 0.000165 0.000036 0.000011 0.000006 0.000005 0.000005 0.000005 0.000005 0.000005 0.000005 0.000005 0.000005 0.000005 0.000005 0.000005 0.000005 0.000005 0.000005 0.000005 0.000005 0.000005 0.000005 0.000005 0.000005 0.000005 0.000005 0.000005 0.000005 0.000005 0.000005 0.000005 0.000005 0.000005 0.000005 0.000004 0.000003 0.000002 0.000000 
50.000000 33.236911 19.413900 9.939566 4.473041 1.779618 0.630396 0.200295 0.057492 0.015008 0.003586 0.000789 0.000161 0.000031 0.000006 0.000002 0.000001 0.000001 0.000001 0.000001 0.000001 0.000001 0.000001 0.000001 0.000001 0.000001 0.000001 0.000001 0.000001 0.000001 0.000001 0.000001 0.000001 0.000001 0.000001 0.000001 0.000001 0.000001 0.000001 0.000001 0.000001 0.000001 0.000001 0.000001 0.000001 0.000001 0.000001 0.000001 0.000000 0.000000 
50.000000 33.236911 19.413899 9.939565 4.473041 1.779618 0.630395 0.200294 0.057491 0.015008 0.003585 0.000788 0.000160 0.000030 0.000005 0.000001 0.000000 0.000000 0.000000 0.000000 0.000000 0.000000 0.000000 0.000000 0.000000 0.000000 0.000000 0.000000 0.000000 0.000000 0.000000 0.000000 0.000000 0.000000 0.000000 0.000000 0.000000 0.000000 0.000000 0.000000 0.000000 0.000000 0.000000 0.000000 0.000000 0.000000 0.000000 0.000000 0.000000 0.000000 
50.000000 33.236911 19.413899 9.939565 4.473041 1.779617 0.630395 0.200294 0.057491 0.015008 0.003585 0.000788 0.000160 0.000030 0.000005 0.000001 0.000000 0.000000 0.000000 0.000000 0.000000 0.000000 0.000000 0.000000 0.000000 0.000000 0.000000 0.000000 0.000000 0.000000 0.000000 0.000000 0.000000 0.000000 0.000000 0.000000 0.000000 0.000000 0.000000 0.000000 0.000000 0.000000 0.000000 0.000000 0.000000 0.000000 0.000000 0.000000 0.000000 0.000000 
50.000000 33.236911 19.413899 9.939565 4.473041 1.779617 0.630395 0.200294 0.057491 0.015008 0.003585 0.000788 0.000160 0.000030 0.000005 0.000001 0.000000 0.000000 0.000000 0.000000 0.000000 0.000000 0.000000 0.000000 0.000000 0.000000 0.000000 0.000000 0.000000 0.000000 0.000000 0.000000 0.000000 0.000000 0.000000 0.000000 0.000000 0.000000 0.000000 0.000000 0.000000 0.000000 0.000000 0.000000 0.000000 0.000000 0.000000 0.000000 0.000000 0.000000 
50.000000 33.236911 19.413899 9.939565 4.473041 1.779617 0.630395 0.200294 0.057491 0.015008 0.003585 0.000788 0.000160 0.000030 0.000005 0.000001 0.000000 0.000000 0.000000 0.000000 0.000000 0.000000 0.000000 0.000000 0.000000 0.000000 0.000000 0.000000 0.000000 0.000000 0.000000 0.000000 0.000000 0.000000 0.000000 0.000000 0.000000 0.000000 0.000000 0.000000 0.000000 0.000000 0.000000 0.000000 0.000000 0.000000 0.000000 0.000000 0.000000 0.000000 
50.000000 33.236911 19.413899 9.939565 4.473041 1.779617 0.630395 0.200294 0.057491 0.015008 0.003585 0.000788 0.000160 0.000030 0.000005 0.000001 0.000000 0.000000 0.000000 0.000000 0.000000 0.000000 0.000000 0.000000 0.000000 0.000000 0.000000 0.000000 0.000000 0.000000 0.000000 0.000000 0.000000 0.000000 0.000000 0.000000 0.000000 0.000000 0.000000 0.000000 0.000000 0.000000 0.000000 0.000000 0.000000 0.000000 0.000000 0.000000 0.000000 0.000000 
50.000000 33.236911 19.413899 9.939565 4.473041 1.779617 0.630395 0.200294 0.057491 0.015008 0.003585 0.000788 0.000160 0.000030 0.000005 0.000001 0.000000 0.000000 0.000000 0.000000 0.000000 0.000000 0.000000 0.000000 0.000000 0.000000 0.000000 0.000000 0.000000 0.000000 0.000000 0.000000 0.000000 0.000000 0.000000 0.000000 0.000000 0.000000 0.000000 0.000000 0.000000 0.000000 0.000000 0.000000 0.000000 0.000000 0.000000 0.000000 0.000000 0.000000 
50.000000 33.236911 19.413899 9.939565 4.473041 1.779617 0.630395 0.200294 0.057491 0.015008 0.003585 0.000788 0.000160 0.000030 0.000005 0.000001 0.000000 0.000000 0.000000 0.000000 0.000000 0.000000 0.000000 0.000000 0.000000 0.000000 0.000000 0.000000 0.000000 0.000000 0.000000 0.000000 0.000000 0.000000 0.000000 0.000000 0.000000 0.000000 0.000000 0.000000 0.000000 0.000000 0.000000 0.000000 0.000000 0.000000 0.000000 0.000000 0.000000 0.000000 
50.000000 33.236911 19.413899 9.939565 4.473041 1.779617 0.630395 0.200294 0.057491 0.015008 0.003585 0.000788 0.000160 0.000030 0.000005 0.000001 0.000000 0.000000 0.000000 0.000000 0.000000 0.000000 0.000000 0.000000 0.000000 0.000000 0.000000 0.000000 0.000000 0.000000 0.000000 0.000000 0.000000 0.000000 0.000000 0.000000 0.000000 0.000000 0.000000 0.000000 0.000000 0.000000 0.000000 0.000000 0.000000 0.000000 0.000000 0.000000 0.000000 0.000000 
50.000000 33.236911 19.413899 9.939565 4.473041 1.779617 0.630395 0.200294 0.057491 0.015008 0.003585 0.000788 0.000160 0.000030 0.000005 0.000001 0.000000 0.000000 0.000000 0.000000 0.000000 0.000000 0.000000 0.000000 0.000000 0.000000 0.000000 0.000000 0.000000 0.000000 0.000000 0.000000 0.000000 0.000000 0.000000 0.000000 0.000000 0.000000 0.000000 0.000000 0.000000 0.000000 0.000000 0.000000 0.000000 0.000000 0.000000 0.000000 0.000000 0.000000 
50.000000 33.236911 19.413899 9.939565 4.473041 1.779617 0.630395 0.200294 0.057491 0.015008 0.003585 0.000788 0.000160 0.000030 0.000005 0.000001 0.000000 0.000000 0.000000 0.000000 0.000000 0.000000 0.000000 0.000000 0.000000 0.000000 0.000000 0.000000 0.000000 0.000000 0.000000 0.000000 0.000000 0.000000 0.000000 0.000000 0.000000 0.000000 0.000000 0.000000 0.000000 0.000000 0.000000 0.000000 0.000000 0.000000 0.000000 0.000000 0.000000 0.000000 
50.000000 33.236911 19.413899 9.939565 4.473041 1.779617 0.630395 0.200294 0.057491 0.015008 0.003585 0.000788 0.000160 0.000030 0.000005 0.000001 0.000000 0.000000 0.000000 0.000000 0.000000 0.000000 0.000000 0.000000 0.000000 0.000000 0.000000 0.000000 0.000000 0.000000 0.000000 0.000000 0.000000 0.000000 0.000000 0.000000 0.000000 0.000000 0.000000 0.000000 0.000000 0.000000 0.000000 0.000000 0.000000 0.000000 0.000000 0.000000 0.000000 0.000000 
50.000000 33.236911 19.413899 9.939565 4.473041 1.779617 0.630395 0.200294 0.057491 0.015008 0.003585 0.000788 0.000160 0.000030 0.000005 0.000001 0.000000 0.000000 0.000000 0.000000 0.000000 0.000000 0.000000 0.000000 0.000000 0.000000 0.000000 0.000000 0.000000 0.000000 0.000000 0.000000 0.000000 0.000000 0.000000 0.000000 0.000000 0.000000 0.000000 0.000000 0.000000 0.000000 0.000000 0.000000 0.000000 0.000000 0.000000 0.000000 0.000000 0.000000 
50.000000 33.236911 19.413899 9.939565 4.473041 1.779617 0.630395 0.200294 0.057491 0.015008 0.003585 0.000788 0.000160 0.000030 0.000005 0.000001 0.000000 0.000000 0.000000 0.000000 0.000000 0.000000 0.000000 0.000000 0.000000 0.000000 0.000000 0.000000 0.000000 0.000000 0.000000 0.000000 0.000000 0.000000 0.000000 0.000000 0.000000 0.000000 0.000000 0.000000 0.000000 0.000000 0.000000 0.000000 0.000000 0.000000 0.000000 0.000000 0.000000 0.000000 
50.000000 33.236911 19.413899 9.939565 4.473041 1.779617 0.630395 0.200294 0.057491 0.015008 0.003585 0.000788 0.000160 0.000030 0.000005 0.000001 0.000000 0.000000 0.000000 0.000000 0.000000 0.000000 0.000000 0.000000 0.000000 0.000000 0.000000 0.000000 0.000000 0.000000 0.000000 0.000000 0.000000 0.000000 0.000000 0.000000 0.000000 0.000000 0.000000 0.000000 0.000000 0.000000 0.000000 0.000000 0.000000 0.000000 0.000000 0.000000 0.000000 0.000000 
50.000000 33.236911 19.413899 9.939565 4.473041 1.779617 0.630395 0.200294 0.057491 0.015008 0.003585 0.000788 0.000160 0.000030 0.000005 0.000001 0.000000 0.000000 0.000000 0.000000 0.000000 0.000000 0.000000 0.000000 0.000000 0.000000 0.000000 0.000000 0.000000 0.000000 0.000000 0.000000 0.000000 0.000000 0.000000 0.000000 0.000000 0.000000 0.000000 0.000000 0.000000 0.000000 0.000000 0.000000 0.000000 0.000000 0.000000 0.000000 0.000000 0.000000 
50.000000 33.236911 19.413899 9.939565 4.473041 1.779617 0.630395 0.200294 0.057491 0.015008 0.003585 0.000788 0.000160 0.000030 0.000005 0.000001 0.000000 0.000000 0.000000 0.000000 0.000000 0.000000 0.000000 0.000000 0.000000 0.000000 0.000000 0.000000 0.000000 0.000000 0.000000 0.000000 0.000000 0.000000 0.000000 0.000000 0.000000 0.000000 0.000000 0.000000 0.000000 0.000000 0.000000 0.000000 0.000000 0.000000 0.000000 0.000000 0.000000 0.000000 
50.000000 33.236911 19.413899 9.939565 4.473041 1.779617 0.630395 0.200294 0.057491 0.015008 0.003585 0.000788 0.000160 0.000030 0.000005 0.000001 0.000000 0.000000 0.000000 0.000000 0.000000 0.000000 0.000000 0.000000 0.000000 0.000000 0.000000 0.000000 0.000000 0.000000 0.000000 0.000000 0.000000 0.000000 0.000000 0.000000 0.000000 0.000000 0.000000 0.000000 0.000000 0.000000 0.000000 0.000000 0.000000 0.000000 0.000000 0.000000 0.000000 0.000000 
50.000000 33.236911 19.413899 9.939565 4.473041 1.779618 0.630395 0.200294 0.057491 0.015008 0.003585 0.000788 0.000160 0.000030 0.000005 0.000001 0.000000 0.000000 0.000000 0.000000 0.000000 0.000000 0.000000 0.000000 0.000000 0.000000 0.000000 0.000000 0.000000 0.000000 0.000000 0.000000 0.000000 0.000000 0.000000 0.000000 0.000000 0.000000 0.000000 0.000000 0.000000 0.000000 0.000000 0.000000 0.000000 0.000000 0.000000 0.000000 0.000000 0.000000 
50.000000 33.236911 19.413900 9.939566 4.473041 1.779618 0.630396 0.200295 0.057492 0.015008 0.003586 0.000789 0.000161 0.000031 0.000006 0.000002 0.000001 0.000001 0.000001 0.000001 0.000001 0.000001 0.000001 0.000001 0.000001 0.000001 0.000001 0.000001 0.000001 0.000001 0.000001 0.000001 0.000001 0.000001 0.000001 0.000001 0.000001 0.000001 0.000001 0.000001 0.000001 0.000001 0.000001 0.000001 0.000001 0.000001 0.000001 0.000001 0.000000 0.000000 
50.000000 33.236912 19.413903 9.939570 4.473045 1.779623 0.630401 0.200299 0.057496 0.015013 0.003590 0.000793 0.000165 0.000036 0.000011 0.000006 0.000005 0.000005 0.000005 0.000005 0.000005 0.000005 0.000005 0.000005 0.000005 0.000005 0.000005 0.000005 0.000005 0.000005 0.000005 0.000005 0.000005 0.000005 0.000005 0.000005 0.000005 0.000005 0.000005 0.000005 0.000005 0.000005 0.000005 0.000005 0.000005 0.000005 0.000004 0.000003 0.000002 0.000000 
50.000000 33.236921 19.413918 9.939590 4.473068 1.779647 0.630425 0.200324 0.057521 0.015038 0.003615 0.000818 0.000190 0.000060 0.000036 0.000031 0.000030 0.000030 0.000030 0.000030 0.000030 0.000030 0.000030 0.000030 0.000030 0.000030 0.000030 0.000030 0.000030 0.000030 0.000030 0.000030 0.000030 0.000030 0.000030 0.000030 0.000030 0.000030 0.000030 0.000030 0.000030 0.000030 0.000030 0.000030 0.000029 0.000028 0.000025 0.000019 0.000011 0.000000 
50.000000 33.236965 19.413998 9.939695 4.473187 1.779772 0.630554 0.200454 0.057651 0.015168 0.003745 0.000948 0.000320 0.000190 0.000165 0.000161 0.000160 0.000160 0.000160 0.000160 0.000160 0.000160 0.000160 0.000160 0.000160 0.000160 0.000160 0.000160 0.000160 0.000160 0.000160 0.000160 0.000160 0.000160 0.000160 0.000160 0.000160 0.000160 0.000160 0.000160 0.000160 0.000160 0.000160 0.000159 0.000156 0.000149 0.000133 0.000104 0.000058 0.000000 
50.000000 33.237178 19.414386 9.940201 4.473761 1.780379 0.631174 0.201079 0.058278 0.015795 0.004373 0.001576 0.000948 0.000818 0.000793 0.000789 0.000788 0.000788 0.000788 0.000788 0.000788 0.000788 0.000788 0.000788 0.000788 0.000788 0.000788 0.000788 0.000788 0.000788 0.000788 0.000788 0.000788 0.000788 0.000788 0.000788 0.000788 0.000788 0.000788 0.000788 0.000788 0.000787 0.000786 0.000781 0.000768 0.000734 0.000657 0.000511 0.000285 0.000000 
50.000000 33.238126 19.416112 9.942456 4.476317 1.783082 0.633938 0.203866 0.061072 0.018591 0.007169 0.004373 0.003745 0.003615 0.003590 0.003586 0.003585 0.003585 0.003585 0.003585 0.003585 0.003585 0.003585 0.003585 0.003585 0.003585 0.003585 0.003585 0.003585 0.003585 0.003585 0.003585 0.003585 0.003585 0.003585 0.003585 0.003585 0.003585 0.003585 0.003585 0.003584 0.003583 0.003577 0.003557 0.003497 0.003343 0.002996 0.002339 0.001306 0.000000 
50.000000 33.241991 19.423152 9.951656 4.486751 1.794116 0.645225 0.215246 0.072483 0.030011 0.018591 0.015795 0.015168 0.015038 0.015013 0.015008 0.015008 0.015008 0.015008 0.015008 0.015008 0.015008 0.015008 0.015008 0.015008 0.015008 0.015008 0.015008 0.015008 0.015008 0.015008 0.015008 0.015008 0.015008 0.015008 0.015008 0.015008 0.015008 0.015007 0.015007 0.015006 0.014999 0.014975 0.014894 0.014653 0.014022 0.012593 0.009854 0.005519 0.000000 
50.000000 33.256344 19.449302 9.985843 4.525536 1.835144 0.687199 0.257570 0.114921 0.072483 0.061072 0.058278 0.057651 0.057521 0.057496 0.057492 0.057491 0.057491 0.057491 0.057491 0.057491 0.057491 0.057491 0.057491 0.057491 0.057491 0.057491 0.057491 0.057491 0.057491 0.057491 0.057491 0.057491 0.057491 0.057491 0.057491 0.057491 0.057491 0.057491 0.057489 0.057484 0.057461 0.057373 0.057079 0.056193 0.053850 0.048485 0.038078 0.021401 0.000000 
50.000000 33.304517 19.537096 10.100660 4.655841 1.973018 0.828273 0.399829 0.257570 0.215246 0.203866 0.201079 0.200454 0.200324 0.200299 0.200295 0.200294 0.200294 0.200294 0.200294 0.200294 0.200294 0.200294 0.200294 0.200294 0.200294 0.200294 0.200294 0.200294 0.200294 0.200294 0.200294 0.200294 0.200294 0.200294 0.200294 0.200294 0.200294 0.200293 0.200289 0.200271 0.200196 0.199915 0.198955 0.196037 0.188218 0.170052 0.134213 0.075828 0.000000 
50.000000 33.449400 19.801211 10.446192 5.048107 2.388167 1.253117 0.828273 0.687199 0.645225 0.633938 0.631174 0.630554 0.630425 0.630401 0.630396 0.630395 0.630395 0.630395 0.630395 0.630395 0.630395 0.630395 0.630395 0.630395 0.630395 0.630395 0.630395 0.630395 0.630395 0.630395 0.630395 0.630395 0.630395 0.630395 0.630395 0.630395 0.630395 0.630393 0.630381 0.630331 0.630120 0.629318 0.626558 0.618056 0.594896 0.540006 0.429217 0.244409 0.000000 
50.000000 33.836002 20.506154 11.368741 6.095750 3.497169 2.388167 1.973018 1.835144 1.794116 1.783082 1.780379 1.779772 1.779647 1.779623 1.779618 1.779618 1.779617 1.779617 1.779617 1.779617 1.779617 1.779617 1.779617 1.779617 1.779617 1.779617 1.779617 1.779617 1.779617 1.779617 1.779617 1.779617 1.779617 1.779617 1.779617 1.779617 1.779616 1.779611 1.779584 1.779463 1.778951 1.776981 1.770111 1.748585 1.688680 1.542876 1.239066 0.714310 0.000000 
50.000000 34.740960 22.156671 13.529397 8.550056 6.095750 5.048107 4.655841 4.525536 4.486751 4.476317 4.473761 4.473187 4.473068 4.473045 4.473041 4.473041 4.473041 4.473041 4.473041 4.473041 4.473041 4.473041 4.473041 4.473041 4.473041 4.473041 4.473041 4.473041 4.473041 4.473041 4.473041 4.473041 4.473041 4.473041 4.473041 4.473040 4.473038 4.473028 4.472974 4.472729 4.471687 4.467623 4.453211 4.407070 4.275028 3.941860 3.215435 1.892121 0.000000 
50.000000 36.575644 25.503574 17.911906 13.529397 11.368741 10.446192 10.100660 9.985843 9.951656 9.942456 9.940201 9.939695 9.939590 9.939570 9.939566 9.939565 9.939565 9.939565 9.939565 9.939565 9.939565 9.939565 9.939565 9.939565 9.939565 9.939565 9.939565 9.939565 9.939565 9.939565 9.939565 9.939565 9.939565 9.939565 9.939565 9.939565 9.939562 9.939545 9.939460 9.939063 9.937357 9.930608 9.906186 9.825865 9.587537 8.955953 7.485078 4.568468 0.000000 
50.000000 39.752572 31.300043 25.503574 22.156671 20.506154 19.801211 19.537096 19.449302 19.423152 19.416112 19.414386 19.413998 19.413918 19.413903 19.413900 19.413899 19.413899 19.413899 19.413899 19.413899 19.413899 19.413899 19.413899 19.413899 19.413899 19.413899 19.413899 19.413899 19.413899 19.413899 19.413899 19.413899 19.413899 19.413899 19.413899 19.413899 19.413895 19.413875 19.413774 19.413298 19.411225 19.402883 19.371995 19.267088 18.941236 18.018496 15.650022 10.238915 0.000000 
50.000000 44.384659 39.752572 36.575644 34.740960 33.836002 33.449400 33.304517 33.256344 33.241991 33.238126 33.237178 33.236965 33.236921 33.236912 33.236911 33.236911 33.236911 33.236911 33.236911 33.236911 33.236911 33.236911 33.236911 33.236911 33.236911 33.236911 33.236911 33.236911 33.236911 33.236911 33.236911 33.236911 33.236911 33.236911 33.236911 33.236910 33.236907 33.236893 33.236820 33.236473 33.234943 33.228689 33.204991 33.121692 32.848838 32.007176 29.513657 22.192329 0.000000 
50.000000 50.000000 50.000000 50.000000 50.000000 50.000000 50.000000 50.000000 50.000000 50.000000 50.000000 50.000000 50.000000 50.000000 50.000000 50.000000 50.000000 50.000000 50.000000 50.000000 50.000000 50.000000 50.000000 50.000000 50.000000 50.000000 50.000000 50.000000 50.000000 50.000000 50.000000 50.000000 50.000000 50.000000 50.000000 50.000000 50.000000 50.000000 50.000000 50.000000 50.000000 50.000000 50.000000 50.000000 50.000000 50.000000 50.000000 50.000000 50.000000 50.000000 
