50.000000 50.000000 50.000000 50.000000 50.000000 50.000000 50.000000 50.000000 50.000000 50.000000 50.000000 50.000000 50.000000 50.000000 50.000000 50.000000 50.000000 50.000000 50.000000 50.000000 50.000000 50.000000 50.000000 50.000000 50.000000 50.000000 50.000000 50.000000 50.000000 50.000000 50.000000 50.000000 50.000000 50.000000 50.000000 50.000000 50.000000 50.000000 50.000000 50.000000 50.000000 50.000000 50.000000 50.000000 50.000000 50.000000 50.000000 50.000000 50.000000 50.000000 
50.000000 42.380182 36.560031 33.090169 31.428805 30.772416 30.553397 30.490480 30.474671 30.471151 30.470449 30.470323 30.470302 30.470299 30.470298 30.470298 30.470298 30.470298 30.470298 30.470298 30.470298 30.470298 30.470298 30.470298 30.470298 30.470298 30.470298 30.470298 30.470298 30.470298 30.470298 30.470298 30.470298 30.470298 30.470298 30.470298 30.470298 30.470298 30.470297 30.470289 30.470235 30.469923 30.468239 30.459937 30.422636 30.269935 29.698057 27.715039 21.190091 0.000000 
50.000000 36.560031 26.296108 20.178815 17.251028 16.094821 15.709223 15.598512 15.570711 15.564524 15.563291 15.563069 15.563033 15.563027 15.563026 15.563026 15.563026 15.563026 15.563026 15.563026 15.563026 15.563026 15.563026 15.563026 15.563026 15.563026 15.563026 15.563026 15.563026 15.563026 15.563026 15.563026 15.563026 15.563026 15.563026 15.563026 15.563026 15.563026 15.563025 15.563015 15.562952 15.562587 15.560648 15.551301 15.510662 15.352467 14.805730 13.148054 8.844992 0.000000 
50.000000 33.090169 20.178815 12.486240 8.806124 7.353555 6.869389 6.730461 6.695595 6.687842 6.686298 6.686020 6.685974 6.685967 6.685966 6.685966 6.685966 6.685966 6.685966 6.685966 6.685966 6.685966 6.685966 6.685966 6.685966 6.685966 6.685966 6.685966 6.685966 6.685966 6.685966 6.685966 6.685966 6.685966 6.685966 6.685966 6.685966 6.685966 6.685965 6.685958 6.685915 6.685669 6.684381 6.678296 6.652574 6.556412 6.243120 5.373085 3.392112 0.000000 
50.000000 31.428805 17.251028 8.806124 4.767466 3.174003 2.643103 2.490834 2.452639 2.444150 2.442460 2.442155 2.442106 2.442098 2.442097 2.442097 2.442097 2.442097 2.442097 2.442097 2.442097 2.442097 2.442097 2.442097 2.442097 2.442097 2.442097 2.442097 2.442097 2.442097 2.442097 2.442097 2.442097 2.442097 2.442097 2.442097 2.442097 2.442097 2.442096 2.442093 2.442072 2.441953 2.441337 2.438475 2.426642 2.383733 2.249712 1.898562 1.158870 0.000000 
50.000000 30.772416 16.094821 7.353555 3.174003 1.525332 0.976176 0.818714 0.779227 0.770453 0.768706 0.768392 0.768341 0.768333 0.768332 0.768332 0.768332 0.768332 0.768332 0.768332 0.768332 0.768332 0.768332 0.768332 0.768332 0.768332 0.768332 0.768332 0.768332 0.768332 0.768332 0.768332 0.768332 0.768332 0.768332 0.768332 0.768332 0.768332 0.768331 0.768330 0.768322 0.768277 0.768046 0.766983 0.762666 0.747361 0.700981 0.584159 0.349780 0.000000 
50.000000 30.553397 15.709223 6.869389 2.643103 0.976176 0.421005 0.261837 0.221928 0.213061 0.211296 0.210979 0.210927 0.210919 0.210918 0.210918 0.210918 0.210918 0.210918 0.210918 0.210918 0.210918 0.210918 0.210918 0.210918 0.210918 0.210918 0.210918 0.210918 0.210918 0.210918 0.210918 0.210918 0.210918 0.210918 0.210918 0.210918 0.210918 0.210918 0.210917 0.210915 0.210901 0.210829 0.210502 0.209193 0.204628 0.191093 0.157922 0.093460 0.000000 
50.000000 30.490480 15.598512 6.730461 2.490834 0.818714 0.261837 0.102188 0.062159 0.053267 0.051497 0.051179 0.051126 0.051119 0.051117 0.051117 0.051117 0.051117 0.051117 0.051117 0.051117 0.051117 0.051117 0.051117 0.051117 0.051117 0.051117 0.051117 0.051117 0.051117 0.051117 0.051117 0.051117 0.051117 0.051117 0.051117 0.051117 0.051117 0.051117 0.051117 0.051117 0.051113 0.051094 0.051008 0.050668 0.049497 0.046079 0.037864 0.022241 0.000000 
50.000000 30.474671 15.570711 6.695595 2.452639 0.779227 0.221928 0.062159 0.022102 0.013203 0.011432 0.011113 0.011061 0.011053 0.011052 0.011052 0.011052 0.011052 0.011052 0.011052 0.011052 0.011052 0.011052 0.011052 0.011052 0.011052 0.011052 0.011052 0.011052 0.011052 0.011052 0.011052 0.011052 0.011052 0.011052 0.011052 0.011052 0.011052 0.011052 0.011052 0.011052 0.011051 0.011047 0.011027 0.010950 0.010686 0.009926 0.008124 0.004748 0.000000 
50.000000 30.471151 15.564524 6.687842 2.444150 0.770453 0.213061 0.053267 0.013203 0.004302 0.002531 0.002212 0.002160 0.002152 0.002151 0.002151 0.002151 0.002151 0.002151 0.002151 0.002151 0.002151 0.002151 0.002151 0.002151 0.002151 0.002151 0.002151 0.002151 0.002151 0.002151 0.002151 0.002151 0.002151 0.002151 0.002151 0.002151 0.002151 0.002151 0.002151 0.002151 0.002151 0.002150 0.002146 0.002131 0.002078 0.001927 0.001573 0.000916 0.000000 
50.000000 30.470449 15.563291 6.686298 2.442460 0.768706 0.211296 0.051497 0.011432 0.002531 0.000760 0.000441 0.000389 0.000381 0.000380 0.000380 0.000380 0.000380 0.000380 0.000380 0.000380 0.000380 0.000380 0.000380 0.000380 0.000380 0.000380 0.000380 0.000380 0.000380 0.000380 0.000380 0.000380 0.000380 0.000380 0.000380 0.000380 0.000380 0.000380 0.000380 0.000380 0.000380 0.000380 0.000379 0.000376 0.000367 0.000340 0.000277 0.000161 0.000000 
50.000000 30.470323 15.563069 6.686020 2.442155 0.768392 0.210979 0.051179 0.011113 0.002212 0.000441 0.000123 0.000070 0.000063 0.000061 0.000061 0.000061 0.000061 0.000061 0.000061 0.000061 0.000061 0.000061 0.000061 0.000061 0.000061 0.000061 0.000061 0.000061 0.000061 0.000061 0.000061 0.000061 0.000061 0.000061 0.000061 0.000061 0.000061 0.000061 0.000061 0.000061 0.000061 0.000061 0.000061 0.000061 0.000059 0.000055 0.000045 0.000026 0.000000 
50.000000 30.470302 15.563033 6.685974 2.442106 0.768341 0.210927 0.051126 0.011061 0.002160 0.000389 0.000070 0.000018 0.000010 0.000009 0.000009 0.000009 0.000009 0.000009 0.000009 0.000009 0.000009 0.000009 0.000009 0.000009 0.000009 0.000009 0.000009 0.000009 0.000009 0.000009 0.000009 0.000009 0.000009 0.000009 0.000009 0.000009 0.000009 0.000009 0.000009 0.000009 0.000009 0.000009 0.000009 0.000009 0.000009 0.000008 0.000007 0.000004 0.000000 
50.000000 30.470299 15.563027 6.685967 2.442098 0.768333 0.210919 0.051119 0.011053 0.002152 0.000381 0.000063 0.000010 0.000002 0.000001 0.000001 0.000001 0.000001 0.000001 0.000001 0.000001 0.000001 0.000001 0.000001 0.000001 0.000001 0.000001 0.000001 0.000001 0.000001 0.000001 0.000001 0.000001 0.000001 0.000001 0.000001 0.000001 0.000001 0.000001 0.000001 0.000001 0.000001 0.000001 0.000001 0.000001 0.000001 0.000001 0.000001 0.000001 0.000000 
50.000000 30.470298 15.563026 6.685966 2.442097 0.768332 0.210918 0.051117 0.011052 0.002151 0.000380 0.000061 0.000009 0.000001 0.000000 0.000000 0.000000 0.000000 0.000000 0.000000 0.000000 0.000000 0.000000 0.000000 0.000000 0.000000 0.000000 0.000000 0.000000 0.000000 0.000000 0.000000 0.000000 0.000000 0.000000 0.000000 0.000000 0.000000 0.000000 0.000000 0.000000 0.000000 0.000000 0.000000 0.000000 0.000000 0.000000 0.000000 0.000000 0.000000 
50.000000 30.470298 15.563026 6.685966 2.442097 0.768332 0.210918 0.051117 0.011052 0.002151 0.000380 0.000061 0.000009 0.000001 0.000000 0.000000 0.000000 0.000000 0.000000 0.000000 0.000000 0.000000 0.000000 0.000000 0.000000 0.000000 0.000000 0.000000 0.000000 0.000000 0.000000 0.000000 0.000000 0.000000 0.000000 0.000000 0.000000 0.000000 0.000000 0.000000 0.000000 0.000000 0.000000 0.000000 0.000000 0.000000 0.000000 0.000000 0.000000 0.000000 
50.000000 30.470298 15.563026 6.685966 2.442097 0.768332 0.210918 0.051117 0.011052 0.002151 0.000380 0.000061 0.000009 0.000001 0.000000 0.000000 0.000000 0.000000 0.000000 0.000000 0.000000 0.000000 0.000000 0.000000 0.000000 0.000000 0.000000 0.000000 0.000000 0.000000 0.000000 0.000000 0.000000 0.000000 0.000000 0.000000 0.000000 0.000000 0.000000 0.000000 0.000000 0.000000 0.000000 0.000000 0.000000 0.000000 0.000000 0.000000 0.000000 0.000000 
50.000000 30.470298 15.563026 6.685966 2.442097 0.768332 0.210918 0.051117 0.011052 0.002151 0.000380 0.000061 0.000009 0.000001 0.000000 0.000000 0.000000 0.000000 0.000000 0.000000 0.000000 0.000000 0.000000 0.000000 0.000000 0.000000 0.000000 0.000000 0.000000 0.000000 0.000000 0.000000 0.000000 0.000000 0.000000 0.000000 0.000000 0.000000 0.000000 0.000000 0.000000 0.000000 0.000000 0.000000 0.000000 0.000000 0.000000 0.000000 0.000000 0.000000 
50.000000 30.470298 15.563026 6.685966 2.442097 0.768332 0.210918 0.051117 0.011052 0.002151 0.000380 0.000061 0.000009 0.000001 0.000000 0.000000 0.000000 0.000000 0.000000 0.000000 0.000000 0.000000 0.000000 0.000000 0.000000 0.000000 0.000000 0.000000 0.000000 0.000000 0.000000 0.000000 0.000000 0.000000 0.000000 0.000000 0.000000 0.000000 0.000000 0.000000 0.000000 0.000000 0.000000 0.000000 0.000000 0.000000 0.000000 0.000000 0.000000 0.000000 
50.000000 30.470298 15.563026 6.685966 2.442097 0.768332 0.210918 0.051117 0.011052 0.002151 0.000380 0.000061 0.000009 0.000001 0.000000 0.000000 0.000000 0.000000 0.000000 0.000000 0.000000 0.000000 0.000000 0.000000 0.000000 0.000000 0.000000 0.000000 0.000000 0.000000 0.000000 0.000000 0.000000 0.000000 0.000000 0.000000 0.000000 0.000000 0.000000 0.000000 0.000000 0.000000 0.000000 0.000000 0.000000 0.000000 0.000000 0.000000 0.000000 0.000000 
50.000000 30.470298 15.563026 6.685966 2.442097 0.768332 0.210918 0.051117 0.011052 0.002151 0.000380 0.000061 0.000009 0.000001 0.000000 0.000000 0.000000 0.000000 0.000000 0.000000 0.000000 0.000000 0.000000 0.000000 0.000000 0.000000 0.000000 0.000000 0.000000 0.000000 0.000000 0.000000 0.000000 0.000000 0.000000 0.000000 0.000000 0.000000 0.000000 0.000000 0.000000 0.000000 0.000000 0.000000 0.000000 0.000000 0.000000 0.000000 0.000000 0.000000 
50.000000 30.470298 15.563026 6.685966 2.442097 0.768332 0.210918 0.051117 0.011052 0.002151 0.000380 0.000061 0.000009 0.000001 0.000000 0.000000 0.000000 0.000000 0.000000 0.000000 0.000000 0.000000 0.000000 0.000000 0.000000 0.000000 0.000000 0.000000 0.000000 0.000000 0.000000 0.000000 0.000000 0.000000 0.000000 0.000000 0.000000 0.000000 0.000000 0.000000 0.000000 0.000000 0.000000 0.000000 0.000000 0.000000 0.000000 0.000000 0.000000 0.000000 
50.000000 30.470298 15.563026 6.685966 2.442097 0.768332 0.210918 0.051117 0.011052 0.002151 0.000380 0.000061 0.000009 0.000001 0.000000 0.000000 0.000000 0.000000 0.000000 0.000000 0.000000 0.000000 0.000000 0.000000 0.000000 0.000000 0.000000 0.000000 0.000000 0.000000 0.000000 0.000000 0.000000 0.000000 0.000000 0.000000 0.000000 0.000000 0.000000 0.000000 0.000000 0.000000 0.000000 0.000000 0.000000 0.000000 0.000000 0.000000 0.000000 0.000000 
50.000000 30.470298 15.563026 6.685966 2.442097 0.768332 0.210918 0.051117 0.011052 0.002151 0.000380 0.000061 0.000009 0.000001 0.000000 0.000000 0.000000 0.000000 0.000000 0.000000 0.000000 0.000000 0.000000 0.000000 0.000000 0.000000 0.000000 0.000000 0.000000 0.000000 0.000000 0.000000 0.000000 0.000000 0.000000 0.000000 0.000000 0.000000 0.000000 0.000000 0.000000 0.000000 0.000000 0.000000 0.000000 0.000000 0.000000 0.000000 0.000000 0.000000 
50.000000 30.470298 15.563026 6.685966 2.442097 0.768332 0.210918 0.051117 0.011052 0.002151 0.000380 0.000061 0.000009 0.000001 0.000000 0.000000 0.000000 0.000000 0.000000 0.000000 0.000000 0.000000 0.000000 0.000000 0.000000 0.000000 0.000000 0.000000 0.000000 0.000000 0.000000 0.000000 0.000000 0.000000 0.000000 0.000000 0.000000 0.000000 0.000000 0.000000 0.000000 0.000000 0.000000 0.000000 0.000000 0.000000 0.000000 0.000000 0.000000 0.000000 
50.000000 30.470298 15.563026 6.685966 2.442097 0.768332 0.210918 0.051117 0.011052 0.002151 0.000380 0.000061 0.000009 0.000001 0.000000 0.000000 0.000000 0.000000 0.000000 0.000000 0.000000 0.000000 0.000000 0.000000 0.000000 0.000000 0.000000 0.000000 0.000000 0.000000 0.000000 0.000000 0.000000 0.000000 0.000000 0.000000 0.000000 0.000000 0.000000 0.000000 0.000000 0.000000 0.000000 0.000000 0.000000 0.000000 0.000000 0.000000 0.000000 0.000000 
50.000000 30.470298 15.563026 6.685966 2.442097 0.768332 0.210918 0.051117 0.011052 0.002151 0.000380 0.000061 0.000009 0.000001 0.000000 0.000000 0.000000 0.000000 0.000000 0.000000 0.000000 0.000000 0.000000 0.000000 0.000000 0.000000 0.000000 0.000000 0.000000 0.000000 0.000000 0.000000 0.000000 0.000000 0.000000 0.000000 0.000000 0.000000 0.000000 0.000000 0.000000 0.000000 0.000000 0.000000 0.000000 0.000000 0.000000 0.000000 0.000000 0.000000 
50.000000 30.470298 15.563026 6.685966 2.442097 0.768332 0.210918 0.051117 0.011052 0.002151 0.000380 0.000061 0.000009 0.000001 0.000000 0.000000 0.000000 0.000000 0.000000 0.000000 0.000000 0.000000 0.000000 0.000000 0.000000 0.000000 0.000000 0.000000 0.000000 0.000000 0.000000 0.000000 0.000000 0.000000 0.000000 0.000000 0.000000 0.000000 0.000000 0.000000 0.000000 0.000000 0.000000 0.000000 0.000000 0.000000 0.000000 0.000000 0.000000 0.000000 
50.000000 30.470298 15.563026 6.685966 2.442097 0.768332 0.210918 0.051117 0.011052 0.002151 0.000380 0.000061 0.000009 0.000001 0.000000 0.000000 0.000000 0.000000 0.000000 0.000000 0.000000 0.000000 0.000000 0.000000 0.000000 0.000000 0.000000 0.000000 0.000000 0.000000 0.000000 0.000000 0.000000 0.000000 0.000000 0.000000 0.000000 0.000000 0.000000 0.000000 0.000000 0.000000 0.000000 0.000000 0.000000 0.000000 0.000000 0.000000 0.000000 0.000000 
50.000000 30.470298 15.563026 6.685966 2.442097 0.768332 0.210918 0.051117 0.011052 0.002151 0.000380 0.000061 0.000009 0.000001 0.000000 0.000000 0.000000 0.000000 0.000000 0.000000 0.000000 0.000000 0.000000 0.000000 0.000000 0.000000 0.000000 0.000000 0.000000 0.000000 0.000000 0.000000 0.000000 0.000000 0.000000 0.000000 0.000000 0.000000 0.000000 0.000000 0.000000 0.000000 0.000000 0.000000 0.000000 0.000000 0.000000 0.000000 0.000000 0.000000 
50.000000 30.470298 15.563026 6.685966 2.442097 0.768332 0.210918 0.051117 0.011052 0.002151 0.000380 0.000061 0.000009 0.000001 0.000000 0.000000 0.000000 0.000000 0.000000 0.000000 0.000000 0.000000 0.000000 0.000000 0.000000 0.000000 0.000000 0.000000 0.000000 0.000000 0.000000 0.000000 0.000000 0.000000 0.000000 0.000000 0.000000 0.000000 0.000000 0.000000 0.000000 0.000000 0.000000 0.000000 0.000000 0.000000 0.000000 0.000000 0.000000 0.000000 
50.000000 30.470298 15.563026 6.685966 2.442097 0.768332 0.210918 0.051117 0.011052 0.002151 0.000380 0.000061 0.000009 0.000001 0.000000 0.000000 0.000000 0.000000 0.000000 0.000000 0.000000 0.000000 0.000000 0.000000 0.000000 0.000000 0.000000 0.000000 0.000000 0.000000 0.000000 0.000000 0.000000 0.000000 0.000000 0.000000 0.000000 0.000000 0.000000 0.000000 0.000000 0.000000 0.000000 0.000000 0.000000 0.000000 0.000000 0.000000 0.000000 0.000000 
50.000000 30.470298 15.563026 6.685966 2.442097 0.768332 0.210918 0.051117 0.011052 0.002151 0.000380 0.000061 0.000009 0.000001 0.000000 0.000000 0.000000 0.000000 0.000000 0.000000 0.000000 0.000000 0.000000 0.000000 0.000000 0.000000 0.000000 0.000000 0.000000 0.000000 0.000000 0.000000 0.000000 0.000000 0.000000 0.000000 0.000000 0.000000 0.000000 0.000000 0.000000 0.000000 0.000000 0.000000 0.000000 0.000000 0.000000 0.000000 0.000000 0.000000 
50.000000 30.470298 15.563026 6.685966 2.442097 0.768332 0.210918 0.051117 0.011052 0.002151 0.000380 0.000061 0.000009 0.000001 0.000000 0.000000 0.000000 0.000000 0.000000 0.000000 0.000000 0.000000 0.000000 0.000000 0.000000 0.000000 0.000000 0.000000 0.000000 0.000000 0.000000 0.000000 0.000000 0.000000 0.000000 0.000000 0.000000 0.000000 0.000000 0.000000 0.000000 0.000000 0.000000 0.000000 0.000000 0.000000 0.000000 0.000000 0.000000 0.000000 
50.000000 30.470298 15.563026 6.685966 2.442097 0.768332 0.210918 0.051117 0.011052 0.002151 0.000380 0.000061 0.000009 0.000001 0.000000 0.000000 0.000000 0.000000 0.000000 0.000000 0.000000 0.000000 0.000000 0.000000 0.000000 0.000000 0.000000 0.000000 0.000000 0.000000 0.000000 0.000000 0.000000 0.000000 0.000000 0.000000 0.000000 0.000000 0.000000 0.000000 0.000000 0.000000 0.000000 0.000000 0.000000 0.000000 0.000000 0.000000 0.000000 0.000000 
50.000000 30.470298 15.563026 6.685966 2.442097 0.768332 0.210918 0.051117 0.011052 0.002151 0.000380 0.000061 0.000009 0.000001 0.000000 0.000000 0.000000 0.000000 0.000000 0.000000 0.000000 0.000000 0.000000 0.000000 0.000000 0.000000 0.000000 0.000000 0.000000 0.000000 0.000000 0.000000 0.000000 0.000000 0.000000 0.000000 0.000000 0.000000 0.000000 0.000000 0.000000 0.000000 0.000000 0.000000 0.000000 0.000000 0.000000 0.000000 0.000000 0.000000 
50.000000 30.470299 15.563027 6.685967 2.442098 0.768333 0.210919 0.051119 0.011053 0.002152 0.000381 0.000063 0.000010 0.000002 0.000001 0.000001 0.000001 0.000001 0.000001 0.000001 0.000001 0.000001 0.000001 0.000001 0.000001 0.000001 0.000001 0.000001 0.000001 0.000001 0.000001 0.000001 0.000001 0.000001 0.000001 0.000001 0.000001 0.000001 0.000001 0.000001 0.000001 0.000001 0.000001 0.000001 0.000001 0.000001 0.000001 0.000001 0.000001 0.000000 
50.000000 30.470302 15.563033 6.685974 2.442106 0.768341 0.210927 0.051126 0.011061 0.002160 0.000389 0.000070 0.000018 0.000010 0.000009 0.000009 0.000009 0.000009 0.000009 0.000009 0.000009 0.000009 0.000009 0.000009 0.000009 0.000009 0.000009 0.000009 0.000009 0.000009 0.000009 0.000009 0.000009 0.000009 0.000009 0.000009 0.000009 0.000009 0.000009 0.000009 0.000009 0.000009 0.000009 0.000009 0.000009 0.000009 0.000008 0.000007 0.000004 0.000000 
50.000000 30.470323 15.563069 6.686020 2.442155 0.768392 0.210979 0.051179 0.011113 0.002212 0.000441 0.000123 0.000070 0.000063 0.000061 0.000061 0.000061 0.000061 0.000061 0.000061 0.000061 0.000061 0.000061 0.000061 0.000061 0.000061 0.000061 0.000061 0.000061 0.000061 0.000061 0.000061 0.000061 0.000061 0.000061 0.000061 0.000061 0.000061 0.000061 0.000061 0.000061 0.000061 0.000061 0.000061 0.000061 0.000059 0.000055 0.000045 0.000026 0.000000 
50.000000 30.470449 15.563291 6.686298 2.442460 0.768706 0.211296 0.051497 0.011432 0.002531 0.000760 0.000441 0.000389 0.000381 0.000380 0.000380 0.000380 0.000380 0.000380 0.000380 0.000380 0.000380 0.000380 0.000380 0.000380 0.000380 0.000380 0.000380 0.000380 0.000380 0.000380 0.000380 0.000380 0.000380 0.000380 0.000380 0.000380 0.000380 0.000380 0.000380 0.000380 0.000380 0.000380 0.000379 0.000376 0.000367 0.000340 0.000277 0.000161 0.000000 
50.000000 30.471151 15.564524 6.687842 2.444150 0.770453 0.213061 0.053267 0.013203 0.004302 0.002531 0.002212 0.002160 0.002152 0.002151 0.002151 0.002151 0.002151 0.002151 0.002151 0.002151 0.002151 0.002151 0.002151 0.002151 0.002151 0.002151 0.002151 0.002151 0.002151 0.002151 0.002151 0.002151 0.002151 0.002151 0.002151 0.002151 0.002151 0.002151 0.002151 0.002151 0.002151 0.002150 0.002146 0.002131 0.002078 0.001927 0.001573 0.000916 0.000000 
50.000000 30.474671 15.570711 6.695595 2.452639 0.779227 0.221928 0.062159 0.022102 0.013203 0.011432 0.011113 0.011061 0.011053 0.011052 0.011052 0.011052 0.011052 0.011052 0.011052 0.011052 0.011052 0.011052 0.011052 0.011052 0.011052 0.011052 0.011052 0.011052 0.011052 0.011052 0.011052 0.011052 0.011052 0.011052 0.011052 0.011052 0.011052 0.011052 0.011052 0.011052 0.011051 0.011047 0.011027 0.010950 0.010686 0.009926 0.008124 0.004748 0.000000 
50.000000 30.490480 15.598512 6.730461 2.490834 0.818714 0.261837 0.102188 0.062159 0.053267 0.051497 0.051179 0.051126 0.051119 0.051117 0.051117 0.051117 0.051117 0.051117 0.051117 0.051117 0.051117 0.051117 0.051117 0.051117 0.051117 0.051117 0.051117 0.051117 0.051117 0.051117 0.051117 0.051117 0.051117 0.051117 0.051117 0.051117 0.051117 0.051117 0.051117 0.051117 0.051113 0.051094 0.051008 0.050668 0.049497 0.046079 0.037864 0.022241 0.000000 
50.000000 30.553397 15.709223 6.869389 2.643103 0.976176 0.421005 0.261837 0.221928 0.213061 0.211296 0.210979 0.210927 0.210919 0.210918 0.210918 0.210918 0.210918 0.210918 0.210918 0.210918 0.210918 0.210918 0.210918 0.210918 0.210918 0.210918 0.210918 0.210918 0.210918 0.210918 0.210918 0.210918 0.210918 0.210918 0.210918 0.210918 0.210918 0.210918 0.210917 0.210915 0.210901 0.210829 0.210502 0.209193 0.204628 0.191093 0.157922 0.093460 0.000000 
50.000000 30.772416 16.094821 7.353555 3.174003 1.525332 0.976176 0.818714 0.779227 0.770453 0.768706 0.768392 0.768341 0.768333 0.768332 0.768332 0.768332 0.768332 0.768332 0.768332 0.768332 0.768332 0.768332 0.768332 0.768332 0.768332 0.768332 0.768332 0.768332 0.768332 0.768332 0.768332 0.768332 0.768332 0.768332 0.768332 0.768332 0.768332 0.768331 0.768330 0.768322 0.768277 0.768046 0.766983 0.762666 0.747361 0.700981 0.584159 0.349780 0.000000 
50.000000 31.428805 17.251028 8.806124 4.767466 3.174003 2.643103 2.490834 2.452639 2.444150 2.442460 2.442155 2.442106 2.442098 2.442097 2.442097 2.442097 2.442097 2.442097 2.442097 2.442097 2.442097 2.442097 2.442097 2.442097 2.442097 2.442097 2.442097 2.442097 2.442097 2.442097 2.442097 2.442097 2.442097 2.442097 2.442097 2.442097 2.442097 2.442096 2.442093 2.442072 2.441953 2.441337 2.438475 2.426642 2.383733 2.249712 1.898562 1.158870 0.000000 
50.000000 33.090169 20.178815 12.486240 8.806124 7.353555 6.869389 6.730461 6.695595 6.687842 6.686298 6.686020 6.685974 6.685967 6.685966 6.685966 6.685966 6.685966 6.685966 6.685966 6.685966 6.685966 6.685966 6.685966 6.685966 6.685966 6.685966 6.685966 6.685966 6.685966 6.685966 6.685966 6.685966 6.685966 6.685966 6.685966 6.685966 6.685966 6.685965 6.685958 6.685915 6.685669 6.684381 6.678296 6.652574 6.556412 6.243120 5.373085 3.392112 0.000000 
50.000000 36.560031 26.296108 20.178815 17.251028 16.094821 15.709223 15.598512 15.570711 15.564524 15.563291 15.563069 15.563033 15.563027 15.563026 15.563026 15.563026 15.563026 15.563026 15.563026 15.563026 15.563026 15.563026 15.563026 15.563026 15.563026 15.563026 15.563026 15.563026 15.563026 15.563026 15.563026 15.563026 15.563026 15.563026 15.563026 15.563026 15.563026 15.563025 15.563015 15.562952 15.562587 15.560648 15.551301 15.510662 15.352467 14.805730 13.148054 8.844992 0.000000 
50.000000 42.380182 36.560031 33.090169 31.428805 30.772416 30.553397 30.490480 30.474671 30.471151 30.470449 30.470323 30.470302 30.470299 30.470298 30.470298 30.470298 30.470298 30.470298 30.470298 30.470298 30.470298 30.470298 30.470298 30.470298 30.470298 30.470298 30.470298 30.470298 30.470298 30.470298 30.470298 30.470298 30.470298 30.470298 30.470298 30.470298 30.470298 30.470297 30.470289 30.470235 30.469923 30.468239 30.459937 30.422636 30.269935 29.698057 27.715039 21.190091 0.000000 
50.000000 50.000000 50.000000 50.000000 50.000000 50.000000 50.000000 50.000000 50.000000 50.000000 50.000000 50.000000 50.000000 50.000000 50.000000 50.000000 50.000000 50.000000 50.000000 50.000000 50.000000 50.000000 50.000000 50.000000 50.000000 50.000000 50.000000 50.000000 50.000000 50.000000 50.000000 50.000000 50.000000 50.000000 50.000000 50.000000 50.000000 50.000000 50.000000 50.000000 50.000000 50.000000 50.000000 50.000000 50.000000 50.000000 50.000000 50.000000 50.000000 50.000000 
