50.000000 50.000000 50.000000 50.000000 50.000000 50.000000 50.000000 50.000000 50.000000 50.000000 50.000000 50.000000 50.000000 50.000000 50.000000 50.000000 50.000000 50.000000 50.000000 50.000000 50.000000 50.000000 50.000000 50.000000 50.000000 50.000000 50.000000 50.000000 50.000000 50.000000 50.000000 50.000000 50.000000 50.000000 50.000000 50.000000 50.000000 50.000000 50.000000 50.000000 50.000000 50.000000 50.000000 50.000000 50.000000 50.000000 50.000000 50.000000 50.000000 50.000000 
50.000000 46.649463 43.650445 41.244257 39.509137 38.380508 37.715488 37.358905 37.184104 37.105404 37.072717 37.060140 37.055640 37.054138 37.053668 37.053529 37.053491 37.053481 37.053479 37.053478 37.053478 37.053478 37.053478 37.053478 37.053478 37.053478 37.053478 37.053478 37.053478 37.053478 37.053478 37.053478 37.053478 37.053477 37.053475 37.053466 37.053433 37.053314 37.052903 37.051567 37.047455 37.035452 37.002214 36.914563 36.693023 36.150312 34.838085 31.620036 23.324731 0.000000 
50.000000 43.650445 37.967126 33.407370 30.119421 27.980838 26.720797 26.045210 25.714053 25.564968 25.503053 25.479234 25.470711 25.467866 25.466975 25.466714 25.466642 25.466623 25.466618 25.466617 25.466617 25.466617 25.466617 25.466617 25.466617 25.466617 25.466617 25.466617 25.466617 25.466617 25.466617 25.466616 25.466616 25.466615 25.466612 25.466598 25.466544 25.466349 25.465683 25.463532 25.456959 25.437985 25.386242 25.252834 24.927042 24.171285 22.500851 18.983563 12.030409 0.000000 
50.000000 41.244257 33.407370 27.120031 22.586601 19.638125 17.901042 16.969773 16.513333 16.307870 16.222552 16.189733 16.177993 16.174073 16.172847 16.172487 16.172387 16.172361 16.172354 16.172353 16.172353 16.172353 16.172353 16.172353 16.172353 16.172353 16.172353 16.172353 16.172353 16.172353 16.172353 16.172352 16.172352 16.172351 16.172347 16.172332 16.172274 16.172065 16.171355 16.169081 16.162202 16.142618 16.090191 15.958427 15.647981 14.963833 13.560016 10.906520 6.406171 0.000000 
50.000000 39.509137 30.119421 22.586601 17.155461 13.623402 11.542699 10.427329 9.880722 9.634702 9.532556 9.493270 9.479218 9.474527 9.473060 9.472630 9.472510 9.472479 9.472471 9.472470 9.472469 9.472469 9.472469 9.472469 9.472469 9.472469 9.472469 9.472469 9.472469 9.472469 9.472469 9.472469 9.472469 9.472468 9.472465 9.472452 9.472402 9.472226 9.471630 9.469739 9.464081 9.448201 9.406472 9.304114 9.070612 8.577730 7.622768 5.948136 3.358825 0.000000 
50.000000 38.380508 27.980838 19.638125 13.623402 9.712111 7.408209 6.173318 5.568204 5.295885 5.182834 5.139360 5.123812 5.118623 5.117000 5.116524 5.116392 5.116357 5.116349 5.116347 5.116346 5.116346 5.116346 5.116346 5.116346 5.116346 5.116346 5.116346 5.116346 5.116346 5.116346 5.116346 5.116346 5.116346 5.116343 5.116334 5.116299 5.116173 5.115755 5.114436 5.110534 5.099728 5.071812 5.004799 4.856055 4.552790 3.990144 3.053796 1.687484 0.000000 
50.000000 37.715488 26.720797 17.901042 11.542699 7.408209 4.973014 3.667857 3.028372 2.740612 2.621165 2.575236 2.558812 2.553331 2.551617 2.551114 2.550975 2.550939 2.550930 2.550927 2.550927 2.550927 2.550927 2.550927 2.550927 2.550927 2.550927 2.550927 2.550927 2.550927 2.550927 2.550927 2.550927 2.550926 2.550925 2.550919 2.550897 2.550821 2.550566 2.549769 2.547435 2.541050 2.524801 2.486507 2.403411 2.238585 1.942615 1.467962 0.800925 0.000000 
50.000000 37.358905 26.045210 16.969773 10.427329 6.173318 3.667857 2.325123 1.667269 1.371266 1.248405 1.201168 1.184278 1.178641 1.176879 1.176362 1.176219 1.176182 1.176172 1.176170 1.176170 1.176170 1.176170 1.176170 1.176170 1.176170 1.176170 1.176170 1.176170 1.176170 1.176170 1.176170 1.176170 1.176169 1.176169 1.176165 1.176154 1.176112 1.175975 1.175549 1.174313 1.170967 1.162561 1.143056 1.101506 1.020858 0.879582 0.658968 0.356691 0.000000 
50.000000 37.184104 25.714053 16.513333 9.880722 5.568204 3.028372 1.667269 1.000445 0.700419 0.575895 0.528020 0.510903 0.505191 0.503406 0.502882 0.502737 0.502699 0.502690 0.502688 0.502687 0.502687 0.502687 0.502687 0.502687 0.502687 0.502687 0.502687 0.502687 0.502687 0.502687 0.502687 0.502687 0.502687 0.502686 0.502685 0.502679 0.502659 0.502593 0.502388 0.501800 0.500223 0.496302 0.487321 0.468476 0.432521 0.370715 0.276068 0.148652 0.000000 
50.000000 37.105404 25.564968 16.307870 9.634702 5.295885 2.740612 1.371266 0.700419 0.398590 0.273322 0.225163 0.207944 0.202199 0.200403 0.199876 0.199730 0.199692 0.199683 0.199680 0.199680 0.199680 0.199680 0.199680 0.199680 0.199680 0.199680 0.199680 0.199680 0.199680 0.199680 0.199680 0.199680 0.199680 0.199679 0.199679 0.199676 0.199667 0.199638 0.199550 0.199295 0.198619 0.196953 0.193177 0.185351 0.170621 0.145668 0.108009 0.057949 0.000000 
50.000000 37.072717 25.503053 16.222552 9.532556 5.182834 2.621165 1.248405 0.575895 0.273322 0.147747 0.099470 0.082210 0.076450 0.074650 0.074122 0.073976 0.073938 0.073928 0.073926 0.073925 0.073925 0.073925 0.073925 0.073925 0.073925 0.073925 0.073925 0.073925 0.073925 0.073925 0.073925 0.073925 0.073925 0.073925 0.073925 0.073924 0.073920 0.073909 0.073873 0.073773 0.073507 0.072856 0.071396 0.068398 0.062817 0.053471 0.039521 0.021149 0.000000 
50.000000 37.060140 25.479234 16.189733 9.493270 5.139360 2.575236 1.201168 0.528020 0.225163 0.099470 0.051148 0.033872 0.028107 0.026306 0.025777 0.025631 0.025592 0.025583 0.025581 0.025580 0.025580 0.025580 0.025580 0.025580 0.025580 0.025580 0.025580 0.025580 0.025580 0.025580 0.025580 0.025580 0.025580 0.025580 0.025580 0.025580 0.025578 0.025574 0.025561 0.025524 0.025428 0.025193 0.024670 0.023605 0.021640 0.018378 0.013550 0.007238 0.000000 
50.000000 37.055640 25.470711 16.177993 9.479218 5.123812 2.558812 1.184278 0.510903 0.207944 0.082210 0.033872 0.016591 0.010824 0.009022 0.008493 0.008347 0.008308 0.008299 0.008297 0.008296 0.008296 0.008296 0.008296 0.008296 0.008296 0.008296 0.008296 0.008296 0.008296 0.008296 0.008296 0.008296 0.008296 0.008296 0.008296 0.008296 0.008295 0.008294 0.008290 0.008277 0.008244 0.008166 0.007991 0.007639 0.006993 0.005928 0.004363 0.002327 0.000000 
50.000000 37.054138 25.467866 16.174073 9.474527 5.118623 2.553331 1.178641 0.505191 0.202199 0.076450 0.028107 0.010824 0.005057 0.003255 0.002725 0.002579 0.002541 0.002531 0.002529 0.002529 0.002529 0.002528 0.002528 0.002528 0.002528 0.002528 0.002528 0.002528 0.002528 0.002528 0.002528 0.002528 0.002528 0.002528 0.002528 0.002528 0.002528 0.002528 0.002526 0.002522 0.002512 0.002488 0.002433 0.002324 0.002125 0.001799 0.001322 0.000704 0.000000 
50.000000 37.053668 25.466975 16.172847 9.473060 5.117000 2.551617 1.176879 0.503406 0.200403 0.074650 0.026306 0.009022 0.003255 0.001452 0.000923 0.000777 0.000738 0.000729 0.000727 0.000726 0.000726 0.000726 0.000726 0.000726 0.000726 0.000726 0.000726 0.000726 0.000726 0.000726 0.000726 0.000726 0.000726 0.000726 0.000726 0.000726 0.000726 0.000726 0.000725 0.000724 0.000721 0.000714 0.000698 0.000666 0.000609 0.000515 0.000378 0.000201 0.000000 
50.000000 37.053529 25.466714 16.172487 9.472630 5.116524 2.551114 1.176362 0.502882 0.199876 0.074122 0.025777 0.008493 0.002725 0.000923 0.000394 0.000248 0.000209 0.000200 0.000198 0.000197 0.000197 0.000197 0.000197 0.000197 0.000197 0.000197 0.000197 0.000197 0.000197 0.000197 0.000197 0.000197 0.000197 0.000197 0.000197 0.000197 0.000197 0.000197 0.000197 0.000196 0.000196 0.000194 0.000189 0.000181 0.000165 0.000139 0.000102 0.000054 0.000000 
50.000000 37.053491 25.466642 16.172387 9.472510 5.116392 2.550975 1.176219 0.502737 0.199730 0.073976 0.025631 0.008347 0.002579 0.000777 0.000248 0.000101 0.000063 0.000053 0.000051 0.000051 0.000051 0.000051 0.000051 0.000051 0.000051 0.000051 0.000051 0.000051 0.000051 0.000051 0.000051 0.000051 0.000051 0.000051 0.000051 0.000051 0.000051 0.000051 0.000051 0.000050 0.000050 0.000050 0.000049 0.000046 0.000042 0.000036 0.000026 0.000014 0.000000 
50.000000 37.053481 25.466623 16.172361 9.472479 5.116357 2.550939 1.176182 0.502699 0.199692 0.073938 0.025592 0.008308 0.002541 0.000738 0.000209 0.000063 0.000025 0.000015 0.000013 0.000012 0.000012 0.000012 0.000012 0.000012 0.000012 0.000012 0.000012 0.000012 0.000012 0.000012 0.000012 0.000012 0.000012 0.000012 0.000012 0.000012 0.000012 0.000012 0.000012 0.000012 0.000012 0.000012 0.000012 0.000011 0.000010 0.000009 0.000006 0.000003 0.000000 
50.000000 37.053479 25.466618 16.172354 9.472471 5.116349 2.550930 1.176172 0.502690 0.199683 0.073928 0.025583 0.008299 0.002531 0.000729 0.000200 0.000053 0.000015 0.000006 0.000003 0.000003 0.000003 0.000003 0.000003 0.000003 0.000003 0.000003 0.000003 0.000003 0.000003 0.000003 0.000003 0.000003 0.000003 0.000003 0.000003 0.000003 0.000003 0.000003 0.000003 0.000003 0.000003 0.000003 0.000003 0.000003 0.000002 0.000002 0.000001 0.000001 0.000000 
50.000000 37.053478 25.466617 16.172353 9.472470 5.116347 2.550927 1.176170 0.502688 0.199680 0.073926 0.025581 0.008297 0.002529 0.000727 0.000198 0.000051 0.000013 0.000003 0.000001 0.000001 0.000001 0.000001 0.000001 0.000001 0.000001 0.000001 0.000001 0.000001 0.000001 0.000001 0.000001 0.000001 0.000001 0.000001 0.000001 0.000001 0.000001 0.000001 0.000001 0.000001 0.000001 0.000001 0.000001 0.000001 0.000001 0.000000 0.000000 0.000000 0.000000 
50.000000 37.053478 25.466617 16.172353 9.472469 5.116346 2.550927 1.176170 0.502687 0.199680 0.073925 0.025580 0.008296 0.002529 0.000726 0.000197 0.000051 0.000012 0.000003 0.000001 0.000000 0.000000 0.000000 0.000000 0.000000 0.000000 0.000000 0.000000 0.000000 0.000000 0.000000 0.000000 0.000000 0.000000 0.000000 0.000000 0.000000 0.000000 0.000000 0.000000 0.000000 0.000000 0.000000 0.000000 0.000000 0.000000 0.000000 0.000000 0.000000 0.000000 
50.000000 37.053478 25.466617 16.172353 9.472469 5.116346 2.550927 1.176170 0.502687 0.199680 0.073925 0.025580 0.008296 0.002529 0.000726 0.000197 0.000051 0.000012 0.000003 0.000001 0.000000 0.000000 0.000000 0.000000 0.000000 0.000000 0.000000 0.000000 0.000000 0.000000 0.000000 0.000000 0.000000 0.000000 0.000000 0.000000 0.000000 0.000000 0.000000 0.000000 0.000000 0.000000 0.000000 0.000000 0.000000 0.000000 0.000000 0.000000 0.000000 0.000000 
50.000000 37.053478 25.466617 16.172353 9.472469 5.116346 2.550927 1.176170 0.502687 0.199680 0.073925 0.025580 0.008296 0.002528 0.000726 0.000197 0.000051 0.000012 0.000003 0.000001 0.000000 0.000000 0.000000 0.000000 0.000000 0.000000 0.000000 0.000000 0.000000 0.000000 0.000000 0.000000 0.000000 0.000000 0.000000 0.000000 0.000000 0.000000 0.000000 0.000000 0.000000 0.000000 0.000000 0.000000 0.000000 0.000000 0.000000 0.000000 0.000000 0.000000 
50.000000 37.053478 25.466617 16.172353 9.472469 5.116346 2.550927 1.176170 0.502687 0.199680 0.073925 0.025580 0.008296 0.002528 0.000726 0.000197 0.000051 0.000012 0.000003 0.000001 0.000000 0.000000 0.000000 0.000000 0.000000 0.000000 0.000000 0.000000 0.000000 0.000000 0.000000 0.000000 0.000000 0.000000 0.000000 0.000000 0.000000 0.000000 0.000000 0.000000 0.000000 0.000000 0.000000 0.000000 0.000000 0.000000 0.000000 0.000000 0.000000 0.000000 
50.000000 37.053478 25.466617 16.172353 9.472469 5.116346 2.550927 1.176170 0.502687 0.199680 0.073925 0.025580 0.008296 0.002528 0.000726 0.000197 0.000051 0.000012 0.000003 0.000001 0.000000 0.000000 0.000000 0.000000 0.000000 0.000000 0.000000 0.000000 0.000000 0.000000 0.000000 0.000000 0.000000 0.000000 0.000000 0.000000 0.000000 0.000000 0.000000 0.000000 0.000000 0.000000 0.000000 0.000000 0.000000 0.000000 0.000000 0.000000 0.000000 0.000000 
50.000000 37.053478 25.466617 16.172353 9.472469 5.116346 2.550927 1.176170 0.502687 0.199680 0.073925 0.025580 0.008296 0.002528 0.000726 0.000197 0.000051 0.000012 0.000003 0.000001 0.000000 0.000000 0.000000 0.000000 0.000000 0.000000 0.000000 0.000000 0.000000 0.000000 0.000000 0.000000 0.000000 0.000000 0.000000 0.000000 0.000000 0.000000 0.000000 0.000000 0.000000 0.000000 0.000000 0.000000 0.000000 0.000000 0.000000 0.000000 0.000000 0.000000 
50.000000 37.053478 25.466617 16.172353 9.472469 5.116346 2.550927 1.176170 0.502687 0.199680 0.073925 0.025580 0.008296 0.002528 0.000726 0.000197 0.000051 0.000012 0.000003 0.000001 0.000000 0.000000 0.000000 0.000000 0.000000 0.000000 0.000000 0.000000 0.000000 0.000000 0.000000 0.000000 0.000000 0.000000 0.000000 0.000000 0.000000 0.000000 0.000000 0.000000 0.000000 0.000000 0.000000 0.000000 0.000000 0.000000 0.000000 0.000000 0.000000 0.000000 
50.000000 37.053478 25.466617 16.172353 9.472469 5.116346 2.550927 1.176170 0.502687 0.199680 0.073925 0.025580 0.008296 0.002528 0.000726 0.000197 0.000051 0.000012 0.000003 0.000001 0.000000 0.000000 0.000000 0.000000 0.000000 0.000000 0.000000 0.000000 0.000000 0.000000 0.000000 0.000000 0.000000 0.000000 0.000000 0.000000 0.000000 0.000000 0.000000 0.000000 0.000000 0.000000 0.000000 0.000000 0.000000 0.000000 0.000000 0.000000 0.000000 0.000000 
50.000000 37.053478 25.466617 16.172353 9.472469 5.116346 2.550927 1.176170 0.502687 0.199680 0.073925 0.025580 0.008296 0.002529 0.000726 0.000197 0.000051 0.000012 0.000003 0.000001 0.000000 0.000000 0.000000 0.000000 0.000000 0.000000 0.000000 0.000000 0.000000 0.000000 0.000000 0.000000 0.000000 0.000000 0.000000 0.000000 0.000000 0.000000 0.000000 0.000000 0.000000 0.000000 0.000000 0.000000 0.000000 0.000000 0.000000 0.000000 0.000000 0.000000 
50.000000 37.053478 25.466617 16.172353 9.472469 5.116346 2.550927 1.176170 0.502687 0.199680 0.073925 0.025580 0.008296 0.002529 0.000726 0.000197 0.000051 0.000012 0.000003 0.000001 0.000000 0.000000 0.000000 0.000000 0.000000 0.000000 0.000000 0.000000 0.000000 0.000000 0.000000 0.000000 0.000000 0.000000 0.000000 0.000000 0.000000 0.000000 0.000000 0.000000 0.000000 0.000000 0.000000 0.000000 0.000000 0.000000 0.000000 0.000000 0.000000 0.000000 
50.000000 37.053478 25.466617 16.172353 9.472470 5.116347 2.550927 1.176170 0.502688 0.199680 0.073926 0.025581 0.008297 0.002529 0.000727 0.000198 0.000051 0.000013 0.000003 0.000001 0.000001 0.000001 0.000001 0.000001 0.000001 0.000001 0.000001 0.000001 0.000001 0.000001 0.000001 0.000001 0.000001 0.000001 0.000001 0.000001 0.000001 0.000001 0.000001 0.000001 0.000001 0.000001 0.000001 0.000001 0.000001 0.000001 0.000000 0.000000 0.000000 0.000000 
50.000000 37.053479 25.466618 16.172354 9.472471 5.116349 2.550930 1.176172 0.502690 0.199683 0.073928 0.025583 0.008299 0.002531 0.000729 0.000200 0.000053 0.000015 0.000006 0.000003 0.000003 0.000003 0.000003 0.000003 0.000003 0.000003 0.000003 0.000003 0.000003 0.000003 0.000003 0.000003 0.000003 0.000003 0.000003 0.000003 0.000003 0.000003 0.000003 0.000003 0.000003 0.000003 0.000003 0.000003 0.000003 0.000002 0.000002 0.000001 0.000001 0.000000 
50.000000 37.053481 25.466623 16.172361 9.472479 5.116357 2.550939 1.176182 0.502699 0.199692 0.073938 0.025592 0.008308 0.002541 0.000738 0.000209 0.000063 0.000025 0.000015 0.000013 0.000012 0.000012 0.000012 0.000012 0.000012 0.000012 0.000012 0.000012 0.000012 0.000012 0.000012 0.000012 0.000012 0.000012 0.000012 0.000012 0.000012 0.000012 0.000012 0.000012 0.000012 0.000012 0.000012 0.000012 0.000011 0.000010 0.000009 0.000006 0.000003 0.000000 
50.000000 37.053491 25.466642 16.172387 9.472510 5.116392 2.550975 1.176219 0.502737 0.199730 0.073976 0.025631 0.008347 0.002579 0.000777 0.000248 0.000101 0.000063 0.000053 0.000051 0.000051 0.000051 0.000051 0.000051 0.000051 0.000051 0.000051 0.000051 0.000051 0.000051 0.000051 0.000051 0.000051 0.000051 0.000051 0.000051 0.000051 0.000051 0.000051 0.000051 0.000050 0.000050 0.000050 0.000049 0.000046 0.000042 0.000036 0.000026 0.000014 0.000000 
50.000000 37.053529 25.466714 16.172487 9.472630 5.116524 2.551114 1.176362 0.502882 0.199876 0.074122 0.025777 0.008493 0.002725 0.000923 0.000394 0.000248 0.000209 0.000200 0.000198 0.000197 0.000197 0.000197 0.000197 0.000197 0.000197 0.000197 0.000197 0.000197 0.000197 0.000197 0.000197 0.000197 0.000197 0.000197 0.000197 0.000197 0.000197 0.000197 0.000197 0.000196 0.000196 0.000194 0.000189 0.000181 0.000165 0.000139 0.000102 0.000054 0.000000 
50.000000 37.053668 25.466975 16.172847 9.473060 5.117000 2.551617 1.176879 0.503406 0.200403 0.074650 0.026306 0.009022 0.003255 0.001452 0.000923 0.000777 0.000738 0.000729 0.000727 0.000726 0.000726 0.000726 0.000726 0.000726 0.000726 0.000726 0.000726 0.000726 0.000726 0.000726 0.000726 0.000726 0.000726 0.000726 0.000726 0.000726 0.000726 0.000726 0.000725 0.000724 0.000721 0.000714 0.000698 0.000666 0.000609 0.000515 0.000378 0.000201 0.000000 
50.000000 37.054138 25.467866 16.174073 9.474527 5.118623 2.553331 1.178641 0.505191 0.202199 0.076450 0.028107 0.010824 0.005057 0.003255 0.002725 0.002579 0.002541 0.002531 0.002529 0.002529 0.002529 0.002528 0.002528 0.002528 0.002528 0.002528 0.002528 0.002528 0.002528 0.002528 0.002528 0.002528 0.002528 0.002528 0.002528 0.002528 0.002528 0.002528 0.002526 0.002522 0.002512 0.002488 0.002433 0.002324 0.002125 0.001799 0.001322 0.000704 0.000000 
50.000000 37.055640 25.470711 16.177993 9.479218 5.123812 2.558812 1.184278 0.510903 0.207944 0.082210 0.033872 0.016591 0.010824 0.009022 0.008493 0.008347 0.008308 0.008299 0.008297 0.008296 0.008296 0.008296 0.008296 0.008296 0.008296 0.008296 0.008296 0.008296 0.008296 0.008296 0.008296 0.008296 0.008296 0.008296 0.008296 0.008296 0.008295 0.008294 0.008290 0.008277 0.008244 0.008166 0.007991 0.007639 0.006993 0.005928 0.004363 0.002327 0.000000 
50.000000 37.060140 25.479234 16.189733 9.493270 5.139360 2.575236 1.201168 0.528020 0.225163 0.099470 0.051148 0.033872 0.028107 0.026306 0.025777 0.025631 0.025592 0.025583 0.025581 0.025580 0.025580 0.025580 0.025580 0.025580 0.025580 0.025580 0.025580 0.025580 0.025580 0.025580 0.025580 0.025580 0.025580 0.025580 0.025580 0.025580 0.025578 0.025574 0.025561 0.025524 0.025428 0.025193 0.024670 0.023605 0.021640 0.018378 0.013550 0.007238 0.000000 
50.000000 37.072717 25.503053 16.222552 9.532556 5.182834 2.621165 1.248405 0.575895 0.273322 0.147747 0.099470 0.082210 0.076450 0.074650 0.074122 0.073976 0.073938 0.073928 0.073926 0.073925 0.073925 0.073925 0.073925 0.073925 0.073925 0.073925 0.073925 0.073925 0.073925 0.073925 0.073925 0.073925 0.073925 0.073925 0.073925 0.073924 0.073920 0.073909 0.073873 0.073773 0.073507 0.072856 0.071396 0.068398 0.062817 0.053471 0.039521 0.021149 0.000000 
50.000000 37.105404 25.564968 16.307870 9.634702 5.295885 2.740612 1.371266 0.700419 0.398590 0.273322 0.225163 0.207944 0.202199 0.200403 0.199876 0.199730 0.199692 0.199683 0.199680 0.199680 0.199680 0.199680 0.199680 0.199680 0.199680 0.199680 0.199680 0.199680 0.199680 0.199680 0.199680 0.199680 0.199680 0.199679 0.199679 0.199676 0.199667 0.199638 0.199550 0.199295 0.198619 0.196953 0.193177 0.185351 0.170621 0.145668 0.108009 0.057949 0.000000 
50.000000 37.184104 25.714053 16.513333 9.880722 5.568204 3.028372 1.667269 1.000445 0.700419 0.575895 0.528020 0.510903 0.505191 0.503406 0.502882 0.502737 0.502699 0.502690 0.502688 0.502687 0.502687 0.502687 0.502687 0.502687 0.502687 0.502687 0.502687 0.502687 0.502687 0.502687 0.502687 0.502687 0.502687 0.502686 0.502685 0.502679 0.502659 0.502593 0.502388 0.501800 0.500223 0.496302 0.487321 0.468476 0.432521 0.370715 0.276068 0.148652 0.000000 
50.000000 37.358905 26.045210 16.969773 10.427329 6.173318 3.667857 2.325123 1.667269 1.371266 1.248405 1.201168 1.184278 1.178641 1.176879 1.176362 1.176219 1.176182 1.176172 1.176170 1.176170 1.176170 1.176170 1.176170 1.176170 1.176170 1.176170 1.176170 1.176170 1.176170 1.176170 1.176170 1.176170 1.176169 1.176169 1.176165 1.176154 1.176112 1.175975 1.175549 1.174313 1.170967 1.162561 1.143056 1.101506 1.020858 0.879582 0.658968 0.356691 0.000000 
50.000000 37.715488 26.720797 17.901042 11.542699 7.408209 4.973014 3.667857 3.028372 2.740612 2.621165 2.575236 2.558812 2.553331 2.551617 2.551114 2.550975 2.550939 2.550930 2.550927 2.550927 2.550927 2.550927 2.550927 2.550927 2.550927 2.550927 2.550927 2.550927 2.550927 2.550927 2.550927 2.550927 2.550926 2.550925 2.550919 2.550897 2.550821 2.550566 2.549769 2.547435 2.541050 2.524801 2.486507 2.403411 2.238585 1.942615 1.467962 0.800925 0.000000 
50.000000 38.380508 27.980838 19.638125 13.623402 9.712111 7.408209 6.173318 5.568204 5.295885 5.182834 5.139360 5.123812 5.118623 5.117000 5.116524 5.116392 5.116357 5.116349 5.116347 5.116346 5.116346 5.116346 5.116346 5.116346 5.116346 5.116346 5.116346 5.116346 5.116346 5.116346 5.116346 5.116346 5.116346 5.116343 5.116334 5.116299 5.116173 5.115755 5.114436 5.110534 5.099728 5.071812 5.004799 4.856055 4.552790 3.990144 3.053796 1.687484 0.000000 
50.000000 39.509137 30.119421 22.586601 17.155461 13.623402 11.542699 10.427329 9.880722 9.634702 9.532556 9.493270 9.479218 9.474527 9.473060 9.472630 9.472510 9.472479 9.472471 9.472470 9.472469 9.472469 9.472469 9.472469 9.472469 9.472469 9.472469 9.472469 9.472469 9.472469 9.472469 9.472469 9.472469 9.472468 9.472465 9.472452 9.472402 9.472226 9.471630 9.469739 9.464081 9.448201 9.406472 9.304114 9.070612 8.577730 7.622768 5.948136 3.358825 0.000000 
50.000000 41.244257 33.407370 27.120031 22.586601 19.638125 17.901042 16.969773 16.513333 16.307870 16.222552 16.189733 16.177993 16.174073 16.172847 16.172487 16.172387 16.172361 16.172354 16.172353 16.172353 16.172353 16.172353 16.172353 16.172353 16.172353 16.172353 16.172353 16.172353 16.172353 16.172353 16.172352 16.172352 16.172351 16.172347 16.172332 16.172274 16.172065 16.171355 16.169081 16.162202 16.142618 16.090191 15.958427 15.647981 14.963833 13.560016 10.906520 6.406171 0.000000 
50.000000 43.650445 37.967126 33.407370 30.119421 27.980838 26.720797 26.045210 25.714053 25.564968 25.503053 25.479234 25.470711 25.467866 25.466975 25.466714 25.466642 25.466623 25.466618 25.466617 25.466617 25.466617 25.466617 25.466617 25.466617 25.466617 25.466617 25.466617 25.466617 25.466617 25.466617 25.466616 25.466616 25.466615 25.466612 25.466598 25.466544 25.466349 25.465683 25.463532 25.456959 25.437985 25.386242 25.252834 24.927042 24.171285 22.500851 18.983563 12.030409 0.000000 
50.000000 46.649463 43.650445 41.244257 39.509137 38.380508 37.715488 37.358905 37.184104 37.105404 37.072717 37.060140 37.055640 37.054138 37.053668 37.053529 37.053491 37.053481 37.053479 37.053478 37.053478 37.053478 37.053478 37.053478 37.053478 37.053478 37.053478 37.053478 37.053478 37.053478 37.053478 37.053478 37.053478 37.053477 37.053475 37.053466 37.053433 37.053314 37.052903 37.051567 37.047455 37.035452 37.002214 36.914563 36.693023 36.150312 34.838085 31.620036 23.324731 0.000000 
50.000000 50.000000 50.000000 50.000000 50.000000 50.000000 50.000000 50.000000 50.000000 50.000000 50.000000 50.000000 50.000000 50.000000 50.000000 50.000000 50.000000 50.000000 50.000000 50.000000 50.000000 50.000000 50.000000 50.000000 50.000000 50.000000 50.000000 50.000000 50.000000 50.000000 50.000000 50.000000 50.000000 50.000000 50.000000 50.000000 50.000000 50.000000 50.000000 50.000000 50.000000 50.000000 50.000000 50.000000 50.000000 50.000000 50.000000 50.000000 50.000000 50.000000 
