50.000000 50.000000 50.000000 50.000000 50.000000 50.000000 50.000000 50.000000 50.000000 50.000000 50.000000 50.000000 50.000000 50.000000 50.000000 50.000000 50.000000 50.000000 50.000000 50.000000 50.000000 50.000000 50.000000 50.000000 50.000000 50.000000 50.000000 50.000000 50.000000 50.000000 50.000000 50.000000 50.000000 50.000000 50.000000 50.000000 50.000000 50.000000 50.000000 50.000000 50.000000 50.000000 50.000000 50.000000 50.000000 50.000000 50.000000 50.000000 50.000000 50.000000 
50.000000 48.963598 47.960915 47.022383 46.172388 45.427469 44.795657 44.276944 43.864645 43.547292 43.310684 43.139764 43.020099 42.938876 42.885408 42.851260 42.830095 42.817358 42.809914 42.805686 42.803352 42.802099 42.801444 42.801110 42.800944 42.800860 42.800812 42.800773 42.800717 42.800613 42.800406 42.799996 42.799194 42.797662 42.794798 42.789552 42.780133 42.763541 42.734817 42.685850 42.603423 42.465907 42.237327 41.855954 41.210317 40.083512 38.009115 33.854664 24.481799 0.000000 
50.000000 47.960915 45.988173 44.141645 42.469315 41.003718 39.760656 38.740114 37.928938 37.304565 36.839054 36.502781 36.267352 36.107551 36.002358 35.935177 35.893536 35.868478 35.853832 35.845514 35.840922 35.838457 35.837169 35.836513 35.836186 35.836021 35.835928 35.835852 35.835746 35.835550 35.835160 35.834387 35.832880 35.830004 35.824634 35.814818 35.797239 35.766367 35.713132 35.622845 35.471917 35.222525 34.813673 34.145514 33.050581 31.239154 28.195164 22.994086 14.106251 0.000000 
50.000000 47.022383 44.141645 41.445219 39.003171 36.863014 35.047821 33.557571 32.373053 31.461317 30.781563 30.290528 29.946750 29.713408 29.559804 29.461707 29.400905 29.364316 29.342931 29.330785 29.324081 29.320481 29.318601 29.317643 29.317165 29.316926 29.316792 29.316685 29.316540 29.316272 29.315742 29.314693 29.312652 29.308767 29.301530 29.288344 29.264820 29.223702 29.153226 29.034621 28.838355 28.518424 28.003614 27.184014 25.890386 23.864291 20.722609 15.946482 9.013268 0.000000 
50.000000 46.172388 42.469315 39.003171 35.864028 33.112960 30.779626 28.863998 27.341378 26.169408 25.295639 24.664460 24.222567 23.922632 23.725194 23.599103 23.520951 23.473922 23.446435 23.430825 23.422207 23.417581 23.415164 23.413934 23.413320 23.413013 23.412845 23.412714 23.412542 23.412230 23.411614 23.410397 23.408038 23.403558 23.395243 23.380152 23.353361 23.306816 23.227633 23.095626 22.879796 22.533413 21.987315 21.141181 19.853307 17.932014 15.138880 11.230161 6.088876 0.000000 
50.000000 45.427469 41.003718 36.863014 33.112960 29.826516 27.039114 24.750714 22.931812 21.531801 20.488024 19.734042 19.206180 18.847896 18.612052 18.461436 18.368084 18.311909 18.279076 18.260430 18.250137 18.244612 18.241725 18.240256 18.239524 18.239160 18.238963 18.238816 18.238631 18.238301 18.237655 18.236384 18.233924 18.229270 18.220667 18.205128 18.177696 18.130365 18.050514 17.918761 17.706092 17.370226 16.851342 16.067770 14.913258 13.259653 10.972629 7.953137 4.217153 0.000000 
50.000000 44.795657 39.760656 35.047821 30.779626 27.039114 23.866607 21.262060 19.191887 17.598486 16.410536 15.552418 14.951657 14.543898 14.275489 14.104079 13.997840 13.933911 13.896547 13.875328 13.863615 13.857327 13.854043 13.852371 13.851539 13.851127 13.850908 13.850753 13.850567 13.850245 13.849618 13.848389 13.846020 13.841556 13.833339 13.818574 13.792669 13.748296 13.674091 13.552940 13.359877 13.059697 12.604689 11.933303 10.971344 9.638445 7.863808 5.615142 2.939703 0.000000 
50.000000 44.276944 38.740114 33.557571 28.863998 24.750714 21.262060 18.397982 16.121543 14.369393 13.063101 12.119508 11.458914 11.010549 10.715415 10.526940 10.410126 10.339835 10.298753 10.275423 10.262545 10.255632 10.252021 10.250184 10.249271 10.248820 10.248585 10.248428 10.248251 10.247954 10.247384 10.246271 10.244135 10.240125 10.232779 10.219649 10.196759 10.157841 10.093327 9.989086 9.825001 9.573575 9.198991 8.657371 7.899371 6.876682 5.553957 3.926441 2.039617 0.000000 
50.000000 43.864645 37.928938 32.373053 27.341378 22.931812 19.191887 16.121543 13.681174 11.802866 10.402531 9.391016 8.682878 8.202250 7.885882 7.683850 7.558636 7.483290 7.439255 7.414249 7.400446 7.393036 7.389166 7.387198 7.386220 7.385740 7.385494 7.385338 7.385177 7.384918 7.384427 7.383475 7.381655 7.378253 7.372050 7.361025 7.341926 7.309690 7.256706 7.171939 7.040033 6.840587 6.547968 6.132190 5.561586 4.807965 3.854629 2.706413 1.398738 0.000000 
50.000000 43.547292 37.304565 31.461317 26.169408 21.531801 17.598486 14.369393 11.802866 9.827471 8.354766 7.290987 6.546267 6.040816 5.708113 5.495652 5.363975 5.284742 5.238436 5.212140 5.197626 5.189834 5.185765 5.183696 5.182669 5.182167 5.181914 5.181763 5.181621 5.181404 5.181002 5.180228 5.178754 5.176012 5.171036 5.162240 5.147094 5.121713 5.080332 5.014737 4.913735 4.762833 4.544392 4.238609 3.825709 3.289612 2.622962 1.832648 0.943869 0.000000 
50.000000 43.310684 36.839054 30.781563 25.295639 20.488024 16.410536 13.063101 10.402531 8.354766 6.828121 5.725388 4.953405 4.429456 4.084580 3.864348 3.727857 3.645728 3.597730 3.570474 3.555429 3.547354 3.543137 3.540993 3.539929 3.539411 3.539154 3.539009 3.538886 3.538712 3.538397 3.537796 3.536657 3.534548 3.530738 3.524038 3.512573 3.493486 3.462601 3.414061 3.340030 3.230592 3.074016 2.857596 2.569263 2.200014 1.746942 1.216209 0.624834 0.000000 
50.000000 43.139764 36.502781 30.290528 24.664460 19.734042 15.552418 12.119508 9.391016 7.290987 5.725388 4.594526 3.802858 3.265552 2.911889 2.686047 2.546081 2.461862 2.412643 2.384694 2.369267 2.360987 2.356663 2.354464 2.353375 2.352845 2.352587 2.352448 2.352342 2.352206 2.351969 2.351522 2.350679 2.349126 2.346333 2.341446 2.333129 2.319370 2.297263 2.262787 2.210655 2.134310 2.026182 1.878327 1.683528 1.436827 1.137303 0.789650 0.404947 0.000000 
50.000000 43.020099 36.267352 29.946750 24.222567 19.206180 14.951657 11.458914 8.682878 6.546267 4.953405 3.802858 2.997414 2.450763 2.090951 1.861185 1.718788 1.633107 1.583034 1.554601 1.538906 1.530482 1.526084 1.523848 1.522740 1.522203 1.521944 1.521810 1.521719 1.521615 1.521443 1.521123 1.520525 1.519426 1.517460 1.514036 1.508240 1.498707 1.483488 1.459920 1.424554 1.373188 1.301072 1.203360 1.075815 0.915751 0.723047 0.500985 0.256558 0.000000 
50.000000 42.938876 36.107551 29.713408 23.922632 18.847896 14.543898 11.010549 8.202250 6.040816 4.429456 3.265552 2.450763 1.897773 1.533790 1.301362 1.157317 1.070645 1.019993 0.991231 0.975356 0.966835 0.962385 0.960124 0.959004 0.958462 0.958203 0.958074 0.957994 0.957916 0.957794 0.957574 0.957165 0.956417 0.955085 0.952776 0.948886 0.942523 0.932424 0.916883 0.893722 0.860324 0.813790 0.751229 0.670200 0.569271 0.448588 0.310312 0.158743 0.000000 
50.000000 42.885408 36.002358 29.559804 23.725194 18.612052 14.275489 10.715415 7.885882 5.708113 4.084580 2.911889 2.090951 1.533790 1.167064 0.932886 0.787756 0.700433 0.649400 0.620422 0.604428 0.595843 0.591360 0.589082 0.587954 0.587409 0.587150 0.587025 0.586954 0.586894 0.586811 0.586664 0.586394 0.585904 0.585034 0.583532 0.581014 0.576915 0.570443 0.560542 0.545874 0.524857 0.495766 0.456915 0.406925 0.345042 0.271460 0.187539 0.095856 0.000000 
50.000000 42.851260 35.935177 29.461707 23.599103 18.461436 14.104079 10.526940 7.683850 5.495652 3.864348 2.686047 1.861185 1.301362 0.932886 0.697591 0.551770 0.464030 0.412755 0.383639 0.367569 0.358943 0.354440 0.352151 0.351018 0.350471 0.350212 0.350089 0.350025 0.349978 0.349921 0.349827 0.349655 0.349344 0.348796 0.347852 0.346277 0.343725 0.339715 0.333610 0.324616 0.311800 0.294162 0.270740 0.240769 0.203861 0.160177 0.110543 0.056462 0.000000 
50.000000 42.830095 35.893536 29.400905 23.520952 18.368084 13.997840 10.410127 7.558636 5.363976 3.727857 2.546081 1.718788 1.157317 0.787757 0.551770 0.405521 0.317524 0.266098 0.236897 0.220780 0.212129 0.207612 0.205317 0.204181 0.203633 0.203374 0.203253 0.203194 0.203156 0.203117 0.203057 0.202951 0.202761 0.202426 0.201853 0.200900 0.199362 0.196956 0.193310 0.187964 0.180384 0.170002 0.156285 0.138814 0.117394 0.092139 0.063533 0.032433 0.000000 
50.000000 42.817358 35.868479 29.364317 23.473923 18.311909 13.933911 10.339836 7.483291 5.284743 3.645729 2.461863 1.633108 1.070646 0.700434 0.464031 0.317524 0.229373 0.177857 0.148605 0.132459 0.123793 0.119269 0.116969 0.115832 0.115283 0.115025 0.114905 0.114848 0.114816 0.114789 0.114751 0.114688 0.114575 0.114378 0.114041 0.113482 0.112584 0.111185 0.109073 0.105990 0.101637 0.095702 0.087892 0.077986 0.065886 0.051665 0.035599 0.018165 0.000000 
50.000000 42.809914 35.853833 29.342932 23.446436 18.279078 13.896549 10.298755 7.439258 5.238439 3.597733 2.412646 1.583037 1.019996 0.649403 0.412757 0.266100 0.177859 0.126290 0.097008 0.080846 0.072172 0.067642 0.065341 0.064202 0.063653 0.063394 0.063275 0.063220 0.063192 0.063172 0.063149 0.063112 0.063047 0.062934 0.062742 0.062424 0.061916 0.061126 0.059940 0.058213 0.055785 0.052486 0.048162 0.042696 0.036040 0.028240 0.019447 0.009919 0.000000 
50.000000 42.805687 35.845516 29.330788 23.430828 18.260435 13.875333 10.275429 7.414255 5.212147 3.570480 2.384701 1.554607 0.991238 0.620429 0.383646 0.236904 0.148611 0.097012 0.067713 0.051542 0.042862 0.038330 0.036028 0.034888 0.034339 0.034081 0.033962 0.033908 0.033882 0.033867 0.033852 0.033831 0.033794 0.033731 0.033625 0.033450 0.033171 0.032738 0.032090 0.031150 0.029833 0.028050 0.025720 0.022784 0.019218 0.015049 0.010358 0.005281 0.000000 
50.000000 42.803354 35.840927 29.324088 23.422216 18.250148 13.863627 10.262558 7.400460 5.197641 3.555445 2.369283 1.538922 0.975372 0.604444 0.367585 0.220796 0.132475 0.080860 0.051552 0.035375 0.026693 0.022160 0.019856 0.018716 0.018167 0.017909 0.017790 0.017737 0.017712 0.017700 0.017690 0.017677 0.017657 0.017623 0.017566 0.017473 0.017323 0.017093 0.016749 0.016251 0.015556 0.014618 0.013395 0.011858 0.009996 0.007823 0.005382 0.002743 0.000000 
50.000000 42.802105 35.838469 29.320498 23.417603 18.244638 13.857356 10.255664 7.393070 5.189870 3.547391 2.361025 1.530521 0.966873 0.595882 0.358982 0.212168 0.123832 0.072208 0.042895 0.026716 0.018032 0.013498 0.011194 0.010054 0.009505 0.009247 0.009128 0.009075 0.009051 0.009040 0.009033 0.009026 0.009015 0.008997 0.008967 0.008918 0.008840 0.008721 0.008542 0.008285 0.007927 0.007445 0.006818 0.006032 0.005082 0.003976 0.002734 0.001393 0.000000 
50.000000 42.801458 35.837196 29.318641 23.415215 18.241786 13.854111 10.252096 7.389246 5.185849 3.543223 2.356751 1.526174 0.962476 0.591452 0.354531 0.207704 0.119360 0.067732 0.038416 0.022235 0.013551 0.009016 0.006712 0.005572 0.005022 0.004764 0.004646 0.004593 0.004570 0.004559 0.004554 0.004549 0.004543 0.004534 0.004518 0.004493 0.004453 0.004392 0.004301 0.004170 0.003988 0.003744 0.003427 0.003030 0.002552 0.001995 0.001372 0.000699 0.000000 
50.000000 42.801142 35.836576 29.317734 23.414050 18.240395 13.852528 10.250356 7.387381 5.183888 3.541190 2.354667 1.524053 0.960331 0.589291 0.352360 0.205526 0.117178 0.065548 0.036231 0.020050 0.011365 0.006830 0.004526 0.003385 0.002836 0.002578 0.002460 0.002407 0.002384 0.002374 0.002369 0.002366 0.002362 0.002357 0.002349 0.002335 0.002314 0.002282 0.002234 0.002165 0.002070 0.001942 0.001777 0.001571 0.001322 0.001033 0.000710 0.000362 0.000000 
50.000000 42.801015 35.836325 29.317369 23.413580 18.239833 13.851889 10.249654 7.386628 5.183096 3.540370 2.353826 1.523197 0.959465 0.588419 0.351484 0.204648 0.116298 0.064667 0.035349 0.019168 0.010483 0.005948 0.003643 0.002503 0.001954 0.001696 0.001578 0.001525 0.001502 0.001492 0.001487 0.001485 0.001482 0.001479 0.001474 0.001465 0.001452 0.001431 0.001401 0.001357 0.001297 0.001216 0.001113 0.000983 0.000827 0.000646 0.000444 0.000226 0.000000 
50.000000 42.801015 35.836325 29.317369 23.413580 18.239833 13.851889 10.249654 7.386628 5.183096 3.540370 2.353826 1.523197 0.959465 0.588419 0.351484 0.204648 0.116298 0.064667 0.035349 0.019168 0.010483 0.005948 0.003643 0.002503 0.001954 0.001696 0.001578 0.001525 0.001502 0.001492 0.001487 0.001485 0.001482 0.001479 0.001474 0.001465 0.001452 0.001431 0.001401 0.001357 0.001297 0.001216 0.001113 0.000983 0.000827 0.000646 0.000444 0.000226 0.000000 
50.000000 42.801142 35.836576 29.317734 23.414050 18.240395 13.852528 10.250356 7.387381 5.183888 3.541190 2.354667 1.524053 0.960331 0.589291 0.352360 0.205526 0.117178 0.065548 0.036231 0.020050 0.011365 0.006830 0.004526 0.003385 0.002836 0.002578 0.002460 0.002407 0.002384 0.002374 0.002369 0.002366 0.002362 0.002357 0.002349 0.002335 0.002314 0.002282 0.002234 0.002165 0.002070 0.001942 0.001777 0.001571 0.001322 0.001033 0.000710 0.000362 0.000000 
50.000000 42.801458 35.837196 29.318641 23.415215 18.241786 13.854111 10.252096 7.389246 5.185849 3.543223 2.356751 1.526174 0.962476 0.591452 0.354531 0.207704 0.119360 0.067732 0.038416 0.022235 0.013551 0.009016 0.006712 0.005572 0.005022 0.004764 0.004646 0.004593 0.004570 0.004559 0.004554 0.004549 0.004543 0.004534 0.004518 0.004493 0.004453 0.004392 0.004301 0.004170 0.003988 0.003744 0.003427 0.003030 0.002552 0.001995 0.001372 0.000699 0.000000 
50.000000 42.802105 35.838469 29.320498 23.417603 18.244638 13.857356 10.255664 7.393070 5.189870 3.547391 2.361025 1.530521 0.966873 0.595882 0.358982 0.212168 0.123832 0.072208 0.042895 0.026716 0.018032 0.013498 0.011194 0.010054 0.009505 0.009247 0.009128 0.009075 0.009051 0.009040 0.009033 0.009026 0.009015 0.008997 0.008967 0.008918 0.008840 0.008721 0.008542 0.008285 0.007927 0.007445 0.006818 0.006032 0.005082 0.003976 0.002734 0.001393 0.000000 
50.000000 42.803354 35.840927 29.324088 23.422216 18.250148 13.863627 10.262558 7.400460 5.197641 3.555445 2.369283 1.538922 0.975372 0.604444 0.367585 0.220796 0.132475 0.080860 0.051552 0.035375 0.026693 0.022160 0.019856 0.018716 0.018167 0.017909 0.017790 0.017737 0.017712 0.017700 0.017690 0.017677 0.017657 0.017623 0.017566 0.017473 0.017323 0.017093 0.016749 0.016251 0.015556 0.014618 0.013395 0.011858 0.009996 0.007823 0.005382 0.002743 0.000000 
50.000000 42.805687 35.845516 29.330788 23.430828 18.260435 13.875333 10.275429 7.414255 5.212147 3.570480 2.384701 1.554607 0.991238 0.620429 0.383646 0.236904 0.148611 0.097012 0.067713 0.051542 0.042862 0.038330 0.036028 0.034888 0.034339 0.034081 0.033962 0.033908 0.033882 0.033867 0.033852 0.033831 0.033794 0.033731 0.033625 0.033450 0.033171 0.032738 0.032090 0.031150 0.029833 0.028050 0.025720 0.022784 0.019218 0.015049 0.010358 0.005281 0.000000 
50.000000 42.809914 35.853833 29.342932 23.446436 18.279078 13.896549 10.298755 7.439258 5.238439 3.597733 2.412646 1.583037 1.019996 0.649403 0.412757 0.266100 0.177859 0.126290 0.097008 0.080846 0.072172 0.067642 0.065341 0.064202 0.063653 0.063394 0.063275 0.063220 0.063192 0.063172 0.063149 0.063112 0.063047 0.062934 0.062742 0.062424 0.061916 0.061126 0.059940 0.058213 0.055785 0.052486 0.048162 0.042696 0.036040 0.028240 0.019447 0.009919 0.000000 
50.000000 42.817358 35.868479 29.364317 23.473923 18.311909 13.933911 10.339836 7.483291 5.284743 3.645729 2.461863 1.633108 1.070646 0.700434 0.464031 0.317524 0.229373 0.177857 0.148605 0.132459 0.123793 0.119269 0.116969 0.115832 0.115283 0.115025 0.114905 0.114848 0.114816 0.114789 0.114751 0.114688 0.114575 0.114378 0.114041 0.113482 0.112584 0.111185 0.109073 0.105990 0.101637 0.095702 0.087892 0.077986 0.065886 0.051665 0.035599 0.018165 0.000000 
50.000000 42.830095 35.893536 29.400905 23.520952 18.368084 13.997840 10.410127 7.558636 5.363976 3.727857 2.546081 1.718788 1.157317 0.787757 0.551770 0.405521 0.317524 0.266098 0.236897 0.220780 0.212129 0.207612 0.205317 0.204181 0.203633 0.203374 0.203253 0.203194 0.203156 0.203117 0.203057 0.202951 0.202761 0.202426 0.201853 0.200900 0.199362 0.196956 0.193310 0.187964 0.180384 0.170002 0.156285 0.138814 0.117394 0.092139 0.063533 0.032433 0.000000 
50.000000 42.851260 35.935177 29.461707 23.599103 18.461436 14.104079 10.526940 7.683850 5.495652 3.864348 2.686047 1.861185 1.301362 0.932886 0.697591 0.551770 0.464030 0.412755 0.383639 0.367569 0.358943 0.354440 0.352151 0.351018 0.350471 0.350212 0.350089 0.350025 0.349978 0.349921 0.349827 0.349655 0.349344 0.348796 0.347852 0.346277 0.343725 0.339715 0.333610 0.324616 0.311800 0.294162 0.270740 0.240769 0.203861 0.160177 0.110543 0.056462 0.000000 
50.000000 42.885408 36.002358 29.559804 23.725194 18.612052 14.275489 10.715415 7.885882 5.708113 4.084580 2.911889 2.090951 1.533790 1.167064 0.932886 0.787756 0.700433 0.649400 0.620422 0.604428 0.595843 0.591360 0.589082 0.587954 0.587409 0.587150 0.587025 0.586954 0.586894 0.586811 0.586664 0.586394 0.585904 0.585034 0.583532 0.581014 0.576915 0.570443 0.560542 0.545874 0.524857 0.495766 0.456915 0.406925 0.345042 0.271460 0.187539 0.095856 0.000000 
50.000000 42.938876 36.107551 29.713408 23.922632 18.847896 14.543898 11.010549 8.202250 6.040816 4.429456 3.265552 2.450763 1.897773 1.533790 1.301362 1.157317 1.070645 1.019993 0.991231 0.975356 0.966835 0.962385 0.960124 0.959004 0.958462 0.958203 0.958074 0.957994 0.957916 0.957794 0.957574 0.957165 0.956417 0.955085 0.952776 0.948886 0.942523 0.932424 0.916883 0.893722 0.860324 0.813790 0.751229 0.670200 0.569271 0.448588 0.310312 0.158743 0.000000 
50.000000 43.020099 36.267352 29.946750 24.222567 19.206180 14.951657 11.458914 8.682878 6.546267 4.953405 3.802858 2.997414 2.450763 2.090951 1.861185 1.718788 1.633107 1.583034 1.554601 1.538906 1.530482 1.526084 1.523848 1.522740 1.522203 1.521944 1.521810 1.521719 1.521615 1.521443 1.521123 1.520525 1.519426 1.517460 1.514036 1.508240 1.498707 1.483488 1.459920 1.424554 1.373188 1.301072 1.203360 1.075815 0.915751 0.723047 0.500985 0.256558 0.000000 
50.000000 43.139764 36.502781 30.290528 24.664460 19.734042 15.552418 12.119508 9.391016 7.290987 5.725388 4.594526 3.802858 3.265552 2.911889 2.686047 2.546081 2.461862 2.412643 2.384694 2.369267 2.360987 2.356663 2.354464 2.353375 2.352845 2.352587 2.352448 2.352342 2.352206 2.351969 2.351522 2.350679 2.349126 2.346333 2.341446 2.333129 2.319370 2.297263 2.262787 2.210655 2.134310 2.026182 1.878327 1.683528 1.436827 1.137303 0.789650 0.404947 0.000000 
50.000000 43.310684 36.839054 30.781563 25.295639 20.488024 16.410536 13.063101 10.402531 8.354766 6.828121 5.725388 4.953405 4.429456 4.084580 3.864348 3.727857 3.645728 3.597730 3.570474 3.555429 3.547354 3.543137 3.540993 3.539929 3.539411 3.539154 3.539009 3.538886 3.538712 3.538397 3.537796 3.536657 3.534548 3.530738 3.524038 3.512573 3.493486 3.462601 3.414061 3.340030 3.230592 3.074016 2.857596 2.569263 2.200014 1.746942 1.216209 0.624834 0.000000 
50.000000 43.547292 37.304565 31.461317 26.169408 21.531801 17.598486 14.369393 11.802866 9.827471 8.354766 7.290987 6.546267 6.040816 5.708113 5.495652 5.363975 5.284742 5.238436 5.212140 5.197626 5.189834 5.185765 5.183696 5.182669 5.182167 5.181914 5.181763 5.181621 5.181404 5.181002 5.180228 5.178754 5.176012 5.171036 5.162240 5.147094 5.121713 5.080332 5.014737 4.913735 4.762833 4.544392 4.238609 3.825709 3.289612 2.622962 1.832648 0.943869 0.000000 
50.000000 43.864645 37.928938 32.373053 27.341378 22.931812 19.191887 16.121543 13.681174 11.802866 10.402531 9.391016 8.682878 8.202250 7.885882 7.683850 7.558636 7.483290 7.439255 7.414249 7.400446 7.393036 7.389166 7.387198 7.386220 7.385740 7.385494 7.385338 7.385177 7.384918 7.384427 7.383475 7.381655 7.378253 7.372050 7.361025 7.341926 7.309690 7.256706 7.171939 7.040033 6.840587 6.547968 6.132190 5.561586 4.807965 3.854629 2.706413 1.398738 0.000000 
50.000000 44.276944 38.740114 33.557571 28.863998 24.750714 21.262060 18.397982 16.121543 14.369393 13.063101 12.119508 11.458914 11.010549 10.715415 10.526940 10.410126 10.339835 10.298753 10.275423 10.262545 10.255632 10.252021 10.250184 10.249271 10.248820 10.248585 10.248428 10.248251 10.247954 10.247384 10.246271 10.244135 10.240125 10.232779 10.219649 10.196759 10.157841 10.093327 9.989086 9.825001 9.573575 9.198991 8.657371 7.899371 6.876682 5.553957 3.926441 2.039617 0.000000 
50.000000 44.795657 39.760656 35.047821 30.779626 27.039114 23.866607 21.262060 19.191887 17.598486 16.410536 15.552418 14.951657 14.543898 14.275489 14.104079 13.997840 13.933911 13.896547 13.875328 13.863615 13.857327 13.854043 13.852371 13.851539 13.851127 13.850908 13.850753 13.850567 13.850245 13.849618 13.848389 13.846020 13.841556 13.833339 13.818574 13.792669 13.748296 13.674091 13.552940 13.359877 13.059697 12.604689 11.933303 10.971344 9.638445 7.863808 5.615142 2.939703 0.000000 
50.000000 45.427469 41.003718 36.863014 33.112960 29.826516 27.039114 24.750714 22.931812 21.531801 20.488024 19.734042 19.206180 18.847896 18.612052 18.461436 18.368084 18.311909 18.279076 18.260430 18.250137 18.244612 18.241725 18.240256 18.239524 18.239160 18.238963 18.238816 18.238631 18.238301 18.237655 18.236384 18.233924 18.229270 18.220667 18.205128 18.177696 18.130365 18.050514 17.918761 17.706092 17.370226 16.851342 16.067770 14.913258 13.259653 10.972629 7.953137 4.217153 0.000000 
50.000000 46.172388 42.469315 39.003171 35.864028 33.112960 30.779626 28.863998 27.341378 26.169408 25.295639 24.664460 24.222567 23.922632 23.725194 23.599103 23.520951 23.473922 23.446435 23.430825 23.422207 23.417581 23.415164 23.413934 23.413320 23.413013 23.412845 23.412714 23.412542 23.412230 23.411614 23.410397 23.408038 23.403558 23.395243 23.380152 23.353361 23.306816 23.227633 23.095626 22.879796 22.533413 21.987315 21.141181 19.853307 17.932014 15.138880 11.230161 6.088876 0.000000 
50.000000 47.022383 44.141645 41.445219 39.003171 36.863014 35.047821 33.557571 32.373053 31.461317 30.781563 30.290528 29.946750 29.713408 29.559804 29.461707 29.400905 29.364316 29.342931 29.330785 29.324081 29.320481 29.318601 29.317643 29.317165 29.316926 29.316792 29.316685 29.316540 29.316272 29.315742 29.314693 29.312652 29.308767 29.301530 29.288344 29.264820 29.223702 29.153226 29.034621 28.838355 28.518424 28.003614 27.184014 25.890386 23.864291 20.722609 15.946482 9.013268 0.000000 
50.000000 47.960915 45.988173 44.141645 42.469315 41.003718 39.760656 38.740114 37.928938 37.304565 36.839054 36.502781 36.267352 36.107551 36.002358 35.935177 35.893536 35.868478 35.853832 35.845514 35.840922 35.838457 35.837169 35.836513 35.836186 35.836021 35.835928 35.835852 35.835746 35.835550 35.835160 35.834387 35.832880 35.830004 35.824634 35.814818 35.797239 35.766367 35.713132 35.622845 35.471917 35.222525 34.813673 34.145514 33.050581 31.239154 28.195164 22.994086 14.106251 0.000000 
50.000000 48.963598 47.960915 47.022383 46.172388 45.427469 44.795657 44.276944 43.864645 43.547292 43.310684 43.139764 43.020099 42.938876 42.885408 42.851260 42.830095 42.817358 42.809914 42.805686 42.803352 42.802099 42.801444 42.801110 42.800944 42.800860 42.800812 42.800773 42.800717 42.800613 42.800406 42.799996 42.799194 42.797662 42.794798 42.789552 42.780133 42.763541 42.734817 42.685850 42.603423 42.465907 42.237327 41.855954 41.210317 40.083512 38.009115 33.854664 24.481799 0.000000 
50.000000 50.000000 50.000000 50.000000 50.000000 50.000000 50.000000 50.000000 50.000000 50.000000 50.000000 50.000000 50.000000 50.000000 50.000000 50.000000 50.000000 50.000000 50.000000 50.000000 50.000000 50.000000 50.000000 50.000000 50.000000 50.000000 50.000000 50.000000 50.000000 50.000000 50.000000 50.000000 50.000000 50.000000 50.000000 50.000000 50.000000 50.000000 50.000000 50.000000 50.000000 50.000000 50.000000 50.000000 50.000000 50.000000 50.000000 50.000000 50.000000 50.000000 
