50.000000 50.000000 50.000000 50.000000 50.000000 50.000000 50.000000 50.000000 50.000000 50.000000 50.000000 50.000000 50.000000 50.000000 50.000000 50.000000 50.000000 50.000000 50.000000 50.000000 50.000000 50.000000 50.000000 50.000000 50.000000 50.000000 50.000000 50.000000 50.000000 50.000000 50.000000 50.000000 50.000000 50.000000 50.000000 50.000000 50.000000 50.000000 50.000000 50.000000 50.000000 50.000000 50.000000 50.000000 50.000000 50.000000 50.000000 50.000000 50.000000 50.000000 
50.000000 45.077084 40.911023 37.912251 36.060312 35.068872 34.603823 34.410731 34.339092 34.315141 34.307870 34.305852 34.305337 34.305216 34.305189 34.305184 34.305182 34.305182 34.305182 34.305182 34.305182 34.305182 34.305182 34.305182 34.305182 34.305182 34.305182 34.305182 34.305182 34.305182 34.305182 34.305182 34.305182 34.305182 34.305182 34.305182 34.305180 34.305173 34.305135 34.304967 34.304261 34.301483 34.291299 34.256468 34.145050 33.809555 32.846227 30.149237 22.538542 0.000000 
50.000000 40.911023 33.219732 27.683927 24.265603 22.435859 21.577735 21.221501 21.089361 21.045191 21.031785 21.028065 21.027116 21.026893 21.026844 21.026834 21.026832 21.026831 21.026831 21.026831 21.026831 21.026831 21.026831 21.026831 21.026831 21.026831 21.026831 21.026831 21.026831 21.026831 21.026831 21.026831 21.026831 21.026831 21.026831 21.026831 21.026829 21.026817 21.026763 21.026519 21.025502 21.021549 21.007285 20.959611 20.812292 20.391922 19.285541 16.609866 10.761786 0.000000 
50.000000 37.912251 27.683927 20.322908 15.778229 13.346042 12.205630 11.732325 11.556805 11.498151 11.480354 11.475418 11.474159 11.473862 11.473797 11.473784 11.473781 11.473781 11.473781 11.473781 11.473781 11.473781 11.473781 11.473781 11.473781 11.473781 11.473781 11.473781 11.473781 11.473781 11.473781 11.473781 11.473781 11.473781 11.473781 11.473780 11.473778 11.473768 11.473718 11.473498 11.472589 11.469102 11.456735 11.416381 11.295781 10.967635 10.161454 8.398386 5.066024 0.000000 
50.000000 36.060312 24.265603 15.778229 10.538943 7.735549 6.421371 5.876077 5.673913 5.606373 5.585886 5.580206 5.578757 5.578416 5.578341 5.578326 5.578323 5.578323 5.578322 5.578322 5.578322 5.578322 5.578322 5.578322 5.578322 5.578322 5.578322 5.578322 5.578322 5.578322 5.578322 5.578322 5.578322 5.578322 5.578322 5.578322 5.578321 5.578314 5.578280 5.578130 5.577518 5.575197 5.567101 5.541244 5.466140 5.269471 4.810594 3.873681 2.250757 0.000000 
50.000000 35.068872 22.435859 13.346042 7.735549 4.733984 3.327150 2.743521 2.527189 2.454932 2.433018 2.426944 2.425395 2.425030 2.424950 2.424934 2.424931 2.424931 2.424930 2.424930 2.424930 2.424930 2.424930 2.424930 2.424930 2.424930 2.424930 2.424930 2.424930 2.424930 2.424930 2.424930 2.424930 2.424930 2.424930 2.424930 2.424929 2.424925 2.424907 2.424824 2.424490 2.423235 2.418922 2.405390 2.366992 2.269409 2.050261 1.623567 0.923822 0.000000 
50.000000 34.603823 21.577735 12.205630 6.421371 3.327150 1.877053 1.275552 1.052626 0.978176 0.955601 0.949344 0.947749 0.947374 0.947292 0.947275 0.947272 0.947271 0.947271 0.947271 0.947271 0.947271 0.947271 0.947271 0.947271 0.947271 0.947271 0.947271 0.947271 0.947271 0.947271 0.947271 0.947271 0.947271 0.947271 0.947271 0.947270 0.947269 0.947260 0.947221 0.947067 0.946494 0.944546 0.938526 0.921760 0.880127 0.789249 0.618124 0.347355 0.000000 
50.000000 34.410731 21.221501 11.732325 5.876077 2.743521 1.275552 0.666681 0.441040 0.365689 0.342843 0.336512 0.334898 0.334518 0.334435 0.334418 0.334415 0.334414 0.334414 0.334414 0.334414 0.334414 0.334414 0.334414 0.334414 0.334414 0.334414 0.334414 0.334414 0.334414 0.334414 0.334414 0.334414 0.334414 0.334414 0.334414 0.334414 0.334413 0.334409 0.334394 0.334332 0.334105 0.333341 0.331006 0.324600 0.308976 0.275590 0.214216 0.119432 0.000000 
50.000000 34.339092 21.089361 11.556805 5.673913 2.527189 1.052626 0.441040 0.214400 0.138719 0.115774 0.109415 0.107795 0.107413 0.107329 0.107312 0.107309 0.107309 0.107308 0.107308 0.107308 0.107308 0.107308 0.107308 0.107308 0.107308 0.107308 0.107308 0.107308 0.107308 0.107308 0.107308 0.107308 0.107308 0.107308 0.107308 0.107308 0.107308 0.107307 0.107301 0.107280 0.107200 0.106935 0.106132 0.103954 0.098716 0.087703 0.067812 0.037609 0.000000 
50.000000 34.315141 21.045191 11.498151 5.606373 2.454932 0.978176 0.365689 0.138719 0.062929 0.039951 0.033583 0.031961 0.031578 0.031495 0.031478 0.031475 0.031474 0.031474 0.031474 0.031474 0.031474 0.031474 0.031474 0.031474 0.031474 0.031474 0.031474 0.031474 0.031474 0.031474 0.031474 0.031474 0.031474 0.031474 0.031474 0.031474 0.031474 0.031473 0.031472 0.031465 0.031440 0.031357 0.031109 0.030442 0.028856 0.025561 0.019689 0.010880 0.000000 
50.000000 34.307870 21.031785 11.480354 5.585886 2.433018 0.955601 0.342843 0.115774 0.039951 0.016963 0.010593 0.008969 0.008587 0.008503 0.008486 0.008483 0.008482 0.008482 0.008482 0.008482 0.008482 0.008482 0.008482 0.008482 0.008482 0.008482 0.008482 0.008482 0.008482 0.008482 0.008482 0.008482 0.008482 0.008482 0.008482 0.008482 0.008482 0.008482 0.008482 0.008480 0.008473 0.008449 0.008380 0.008194 0.007756 0.006855 0.005266 0.002902 0.000000 
50.000000 34.305852 21.028065 11.475418 5.580206 2.426944 0.949344 0.336512 0.109415 0.033583 0.010593 0.004221 0.002598 0.002215 0.002132 0.002115 0.002111 0.002111 0.002111 0.002111 0.002111 0.002111 0.002111 0.002111 0.002111 0.002111 0.002111 0.002111 0.002111 0.002111 0.002111 0.002111 0.002111 0.002111 0.002111 0.002111 0.002111 0.002111 0.002111 0.002111 0.002110 0.002108 0.002102 0.002084 0.002037 0.001926 0.001700 0.001303 0.000717 0.000000 
50.000000 34.305337 21.027116 11.474159 5.578757 2.425395 0.947749 0.334898 0.107795 0.031961 0.008969 0.002598 0.000974 0.000592 0.000508 0.000491 0.000488 0.000487 0.000487 0.000487 0.000487 0.000487 0.000487 0.000487 0.000487 0.000487 0.000487 0.000487 0.000487 0.000487 0.000487 0.000487 0.000487 0.000487 0.000487 0.000487 0.000487 0.000487 0.000487 0.000487 0.000487 0.000487 0.000485 0.000481 0.000470 0.000444 0.000391 0.000299 0.000164 0.000000 
50.000000 34.305216 21.026893 11.473862 5.578416 2.425030 0.947374 0.334518 0.107413 0.031578 0.008587 0.002215 0.000592 0.000209 0.000126 0.000109 0.000105 0.000105 0.000105 0.000105 0.000105 0.000105 0.000105 0.000105 0.000105 0.000105 0.000105 0.000105 0.000105 0.000105 0.000105 0.000105 0.000105 0.000105 0.000105 0.000105 0.000105 0.000105 0.000105 0.000105 0.000105 0.000105 0.000104 0.000103 0.000101 0.000095 0.000084 0.000064 0.000035 0.000000 
50.000000 34.305189 21.026844 11.473797 5.578341 2.424950 0.947292 0.334435 0.107329 0.031495 0.008503 0.002132 0.000508 0.000126 0.000042 0.000025 0.000022 0.000021 0.000021 0.000021 0.000021 0.000021 0.000021 0.000021 0.000021 0.000021 0.000021 0.000021 0.000021 0.000021 0.000021 0.000021 0.000021 0.000021 0.000021 0.000021 0.000021 0.000021 0.000021 0.000021 0.000021 0.000021 0.000021 0.000021 0.000020 0.000019 0.000017 0.000013 0.000007 0.000000 
50.000000 34.305184 21.026834 11.473784 5.578326 2.424934 0.947275 0.334418 0.107312 0.031478 0.008486 0.002115 0.000491 0.000109 0.000025 0.000008 0.000005 0.000004 0.000004 0.000004 0.000004 0.000004 0.000004 0.000004 0.000004 0.000004 0.000004 0.000004 0.000004 0.000004 0.000004 0.000004 0.000004 0.000004 0.000004 0.000004 0.000004 0.000004 0.000004 0.000004 0.000004 0.000004 0.000004 0.000004 0.000004 0.000004 0.000003 0.000002 0.000001 0.000000 
50.000000 34.305182 21.026832 11.473781 5.578323 2.424931 0.947272 0.334415 0.107309 0.031475 0.008483 0.002111 0.000488 0.000105 0.000022 0.000005 0.000001 0.000001 0.000001 0.000001 0.000001 0.000001 0.000001 0.000001 0.000001 0.000001 0.000001 0.000001 0.000001 0.000001 0.000001 0.000001 0.000001 0.000001 0.000001 0.000001 0.000001 0.000001 0.000001 0.000001 0.000001 0.000001 0.000001 0.000001 0.000001 0.000001 0.000001 0.000000 0.000000 0.000000 
50.000000 34.305182 21.026831 11.473781 5.578323 2.424931 0.947271 0.334414 0.107309 0.031474 0.008482 0.002111 0.000487 0.000105 0.000021 0.000004 0.000001 0.000000 0.000000 0.000000 0.000000 0.000000 0.000000 0.000000 0.000000 0.000000 0.000000 0.000000 0.000000 0.000000 0.000000 0.000000 0.000000 0.000000 0.000000 0.000000 0.000000 0.000000 0.000000 0.000000 0.000000 0.000000 0.000000 0.000000 0.000000 0.000000 0.000000 0.000000 0.000000 0.000000 
50.000000 34.305182 21.026831 11.473781 5.578322 2.424930 0.947271 0.334414 0.107308 0.031474 0.008482 0.002111 0.000487 0.000105 0.000021 0.000004 0.000001 0.000000 0.000000 0.000000 0.000000 0.000000 0.000000 0.000000 0.000000 0.000000 0.000000 0.000000 0.000000 0.000000 0.000000 0.000000 0.000000 0.000000 0.000000 0.000000 0.000000 0.000000 0.000000 0.000000 0.000000 0.000000 0.000000 0.000000 0.000000 0.000000 0.000000 0.000000 0.000000 0.000000 
50.000000 34.305182 21.026831 11.473781 5.578322 2.424930 0.947271 0.334414 0.107308 0.031474 0.008482 0.002111 0.000487 0.000105 0.000021 0.000004 0.000001 0.000000 0.000000 0.000000 0.000000 0.000000 0.000000 0.000000 0.000000 0.000000 0.000000 0.000000 0.000000 0.000000 0.000000 0.000000 0.000000 0.000000 0.000000 0.000000 0.000000 0.000000 0.000000 0.000000 0.000000 0.000000 0.000000 0.000000 0.000000 0.000000 0.000000 0.000000 0.000000 0.000000 
50.000000 34.305182 21.026831 11.473781 5.578322 2.424930 0.947271 0.334414 0.107308 0.031474 0.008482 0.002111 0.000487 0.000105 0.000021 0.000004 0.000001 0.000000 0.000000 0.000000 0.000000 0.000000 0.000000 0.000000 0.000000 0.000000 0.000000 0.000000 0.000000 0.000000 0.000000 0.000000 0.000000 0.000000 0.000000 0.000000 0.000000 0.000000 0.000000 0.000000 0.000000 0.000000 0.000000 0.000000 0.000000 0.000000 0.000000 0.000000 0.000000 0.000000 
50.000000 34.305182 21.026831 11.473781 5.578322 2.424930 0.947271 0.334414 0.107308 0.031474 0.008482 0.002111 0.000487 0.000105 0.000021 0.000004 0.000001 0.000000 0.000000 0.000000 0.000000 0.000000 0.000000 0.000000 0.000000 0.000000 0.000000 0.000000 0.000000 0.000000 0.000000 0.000000 0.000000 0.000000 0.000000 0.000000 0.000000 0.000000 0.000000 0.000000 0.000000 0.000000 0.000000 0.000000 0.000000 0.000000 0.000000 0.000000 0.000000 0.000000 
50.000000 34.305182 21.026831 11.473781 5.578322 2.424930 0.947271 0.334414 0.107308 0.031474 0.008482 0.002111 0.000487 0.000105 0.000021 0.000004 0.000001 0.000000 0.000000 0.000000 0.000000 0.000000 0.000000 0.000000 0.000000 0.000000 0.000000 0.000000 0.000000 0.000000 0.000000 0.000000 0.000000 0.000000 0.000000 0.000000 0.000000 0.000000 0.000000 0.000000 0.000000 0.000000 0.000000 0.000000 0.000000 0.000000 0.000000 0.000000 0.000000 0.000000 
50.000000 34.305182 21.026831 11.473781 5.578322 2.424930 0.947271 0.334414 0.107308 0.031474 0.008482 0.002111 0.000487 0.000105 0.000021 0.000004 0.000001 0.000000 0.000000 0.000000 0.000000 0.000000 0.000000 0.000000 0.000000 0.000000 0.000000 0.000000 0.000000 0.000000 0.000000 0.000000 0.000000 0.000000 0.000000 0.000000 0.000000 0.000000 0.000000 0.000000 0.000000 0.000000 0.000000 0.000000 0.000000 0.000000 0.000000 0.000000 0.000000 0.000000 
50.000000 34.305182 21.026831 11.473781 5.578322 2.424930 0.947271 0.334414 0.107308 0.031474 0.008482 0.002111 0.000487 0.000105 0.000021 0.000004 0.000001 0.000000 0.000000 0.000000 0.000000 0.000000 0.000000 0.000000 0.000000 0.000000 0.000000 0.000000 0.000000 0.000000 0.000000 0.000000 0.000000 0.000000 0.000000 0.000000 0.000000 0.000000 0.000000 0.000000 0.000000 0.000000 0.000000 0.000000 0.000000 0.000000 0.000000 0.000000 0.000000 0.000000 
50.000000 34.305182 21.026831 11.473781 5.578322 2.424930 0.947271 0.334414 0.107308 0.031474 0.008482 0.002111 0.000487 0.000105 0.000021 0.000004 0.000001 0.000000 0.000000 0.000000 0.000000 0.000000 0.000000 0.000000 0.000000 0.000000 0.000000 0.000000 0.000000 0.000000 0.000000 0.000000 0.000000 0.000000 0.000000 0.000000 0.000000 0.000000 0.000000 0.000000 0.000000 0.000000 0.000000 0.000000 0.000000 0.000000 0.000000 0.000000 0.000000 0.000000 
50.000000 34.305182 21.026831 11.473781 5.578322 2.424930 0.947271 0.334414 0.107308 0.031474 0.008482 0.002111 0.000487 0.000105 0.000021 0.000004 0.000001 0.000000 0.000000 0.000000 0.000000 0.000000 0.000000 0.000000 0.000000 0.000000 0.000000 0.000000 0.000000 0.000000 0.000000 0.000000 0.000000 0.000000 0.000000 0.000000 0.000000 0.000000 0.000000 0.000000 0.000000 0.000000 0.000000 0.000000 0.000000 0.000000 0.000000 0.000000 0.000000 0.000000 
50.000000 34.305182 21.026831 11.473781 5.578322 2.424930 0.947271 0.334414 0.107308 0.031474 0.008482 0.002111 0.000487 0.000105 0.000021 0.000004 0.000001 0.000000 0.000000 0.000000 0.000000 0.000000 0.000000 0.000000 0.000000 0.000000 0.000000 0.000000 0.000000 0.000000 0.000000 0.000000 0.000000 0.000000 0.000000 0.000000 0.000000 0.000000 0.000000 0.000000 0.000000 0.000000 0.000000 0.000000 0.000000 0.000000 0.000000 0.000000 0.000000 0.000000 
50.000000 34.305182 21.026831 11.473781 5.578322 2.424930 0.947271 0.334414 0.107308 0.031474 0.008482 0.002111 0.000487 0.000105 0.000021 0.000004 0.000001 0.000000 0.000000 0.000000 0.000000 0.000000 0.000000 0.000000 0.000000 0.000000 0.000000 0.000000 0.000000 0.000000 0.000000 0.000000 0.000000 0.000000 0.000000 0.000000 0.000000 0.000000 0.000000 0.000000 0.000000 0.000000 0.000000 0.000000 0.000000 0.000000 0.000000 0.000000 0.000000 0.000000 
50.000000 34.305182 21.026831 11.473781 5.578322 2.424930 0.947271 0.334414 0.107308 0.031474 0.008482 0.002111 0.000487 0.000105 0.000021 0.000004 0.000001 0.000000 0.000000 0.000000 0.000000 0.000000 0.000000 0.000000 0.000000 0.000000 0.000000 0.000000 0.000000 0.000000 0.000000 0.000000 0.000000 0.000000 0.000000 0.000000 0.000000 0.000000 0.000000 0.000000 0.000000 0.000000 0.000000 0.000000 0.000000 0.000000 0.000000 0.000000 0.000000 0.000000 
50.000000 34.305182 21.026831 11.473781 5.578322 2.424930 0.947271 0.334414 0.107308 0.031474 0.008482 0.002111 0.000487 0.000105 0.000021 0.000004 0.000001 0.000000 0.000000 0.000000 0.000000 0.000000 0.000000 0.000000 0.000000 0.000000 0.000000 0.000000 0.000000 0.000000 0.000000 0.000000 0.000000 0.000000 0.000000 0.000000 0.000000 0.000000 0.000000 0.000000 0.000000 0.000000 0.000000 0.000000 0.000000 0.000000 0.000000 0.000000 0.000000 0.000000 
50.000000 34.305182 21.026831 11.473781 5.578322 2.424930 0.947271 0.334414 0.107308 0.031474 0.008482 0.002111 0.000487 0.000105 0.000021 0.000004 0.000001 0.000000 0.000000 0.000000 0.000000 0.000000 0.000000 0.000000 0.000000 0.000000 0.000000 0.000000 0.000000 0.000000 0.000000 0.000000 0.000000 0.000000 0.000000 0.000000 0.000000 0.000000 0.000000 0.000000 0.000000 0.000000 0.000000 0.000000 0.000000 0.000000 0.000000 0.000000 0.000000 0.000000 
50.000000 34.305182 21.026831 11.473781 5.578323 2.424931 0.947271 0.334414 0.107309 0.031474 0.008482 0.002111 0.000487 0.000105 0.000021 0.000004 0.000001 0.000000 0.000000 0.000000 0.000000 0.000000 0.000000 0.000000 0.000000 0.000000 0.000000 0.000000 0.000000 0.000000 0.000000 0.000000 0.000000 0.000000 0.000000 0.000000 0.000000 0.000000 0.000000 0.000000 0.000000 0.000000 0.000000 0.000000 0.000000 0.000000 0.000000 0.000000 0.000000 0.000000 
50.000000 34.305182 21.026832 11.473781 5.578323 2.424931 0.947272 0.334415 0.107309 0.031475 0.008483 0.002111 0.000488 0.000105 0.000022 0.000005 0.000001 0.000001 0.000001 0.000001 0.000001 0.000001 0.000001 0.000001 0.000001 0.000001 0.000001 0.000001 0.000001 0.000001 0.000001 0.000001 0.000001 0.000001 0.000001 0.000001 0.000001 0.000001 0.000001 0.000001 0.000001 0.000001 0.000001 0.000001 0.000001 0.000001 0.000001 0.000000 0.000000 0.000000 
50.000000 34.305184 21.026834 11.473784 5.578326 2.424934 0.947275 0.334418 0.107312 0.031478 0.008486 0.002115 0.000491 0.000109 0.000025 0.000008 0.000005 0.000004 0.000004 0.000004 0.000004 0.000004 0.000004 0.000004 0.000004 0.000004 0.000004 0.000004 0.000004 0.000004 0.000004 0.000004 0.000004 0.000004 0.000004 0.000004 0.000004 0.000004 0.000004 0.000004 0.000004 0.000004 0.000004 0.000004 0.000004 0.000004 0.000003 0.000002 0.000001 0.000000 
50.000000 34.305189 21.026844 11.473797 5.578341 2.424950 0.947292 0.334435 0.107329 0.031495 0.008503 0.002132 0.000508 0.000126 0.000042 0.000025 0.000022 0.000021 0.000021 0.000021 0.000021 0.000021 0.000021 0.000021 0.000021 0.000021 0.000021 0.000021 0.000021 0.000021 0.000021 0.000021 0.000021 0.000021 0.000021 0.000021 0.000021 0.000021 0.000021 0.000021 0.000021 0.000021 0.000021 0.000021 0.000020 0.000019 0.000017 0.000013 0.000007 0.000000 
50.000000 34.305216 21.026893 11.473862 5.578416 2.425030 0.947374 0.334518 0.107413 0.031578 0.008587 0.002215 0.000592 0.000209 0.000126 0.000109 0.000105 0.000105 0.000105 0.000105 0.000105 0.000105 0.000105 0.000105 0.000105 0.000105 0.000105 0.000105 0.000105 0.000105 0.000105 0.000105 0.000105 0.000105 0.000105 0.000105 0.000105 0.000105 0.000105 0.000105 0.000105 0.000105 0.000104 0.000103 0.000101 0.000095 0.000084 0.000064 0.000035 0.000000 
50.000000 34.305337 21.027116 11.474159 5.578757 2.425395 0.947749 0.334898 0.107795 0.031961 0.008969 0.002598 0.000974 0.000592 0.000508 0.000491 0.000488 0.000487 0.000487 0.000487 0.000487 0.000487 0.000487 0.000487 0.000487 0.000487 0.000487 0.000487 0.000487 0.000487 0.000487 0.000487 0.000487 0.000487 0.000487 0.000487 0.000487 0.000487 0.000487 0.000487 0.000487 0.000487 0.000485 0.000481 0.000470 0.000444 0.000391 0.000299 0.000164 0.000000 
50.000000 34.305852 21.028065 11.475418 5.580206 2.426944 0.949344 0.336512 0.109415 0.033583 0.010593 0.004221 0.002598 0.002215 0.002132 0.002115 0.002111 0.002111 0.002111 0.002111 0.002111 0.002111 0.002111 0.002111 0.002111 0.002111 0.002111 0.002111 0.002111 0.002111 0.002111 0.002111 0.002111 0.002111 0.002111 0.002111 0.002111 0.002111 0.002111 0.002111 0.002110 0.002108 0.002102 0.002084 0.002037 0.001926 0.001700 0.001303 0.000717 0.000000 
50.000000 34.307870 21.031785 11.480354 5.585886 2.433018 0.955601 0.342843 0.115774 0.039951 0.016963 0.010593 0.008969 0.008587 0.008503 0.008486 0.008483 0.008482 0.008482 0.008482 0.008482 0.008482 0.008482 0.008482 0.008482 0.008482 0.008482 0.008482 0.008482 0.008482 0.008482 0.008482 0.008482 0.008482 0.008482 0.008482 0.008482 0.008482 0.008482 0.008482 0.008480 0.008473 0.008449 0.008380 0.008194 0.007756 0.006855 0.005266 0.002902 0.000000 
50.000000 34.315141 21.045191 11.498151 5.606373 2.454932 0.978176 0.365689 0.138719 0.062929 0.039951 0.033583 0.031961 0.031578 0.031495 0.031478 0.031475 0.031474 0.031474 0.031474 0.031474 0.031474 0.031474 0.031474 0.031474 0.031474 0.031474 0.031474 0.031474 0.031474 0.031474 0.031474 0.031474 0.031474 0.031474 0.031474 0.031474 0.031474 0.031473 0.031472 0.031465 0.031440 0.031357 0.031109 0.030442 0.028856 0.025561 0.019689 0.010880 0.000000 
50.000000 34.339092 21.089361 11.556805 5.673913 2.527189 1.052626 0.441040 0.214400 0.138719 0.115774 0.109415 0.107795 0.107413 0.107329 0.107312 0.107309 0.107309 0.107308 0.107308 0.107308 0.107308 0.107308 0.107308 0.107308 0.107308 0.107308 0.107308 0.107308 0.107308 0.107308 0.107308 0.107308 0.107308 0.107308 0.107308 0.107308 0.107308 0.107307 0.107301 0.107280 0.107200 0.106935 0.106132 0.103954 0.098716 0.087703 0.067812 0.037609 0.000000 
50.000000 34.410731 21.221501 11.732325 5.876077 2.743521 1.275552 0.666681 0.441040 0.365689 0.342843 0.336512 0.334898 0.334518 0.334435 0.334418 0.334415 0.334414 0.334414 0.334414 0.334414 0.334414 0.334414 0.334414 0.334414 0.334414 0.334414 0.334414 0.334414 0.334414 0.334414 0.334414 0.334414 0.334414 0.334414 0.334414 0.334414 0.334413 0.334409 0.334394 0.334332 0.334105 0.333341 0.331006 0.324600 0.308976 0.275590 0.214216 0.119432 0.000000 
50.000000 34.603823 21.577735 12.205630 6.421371 3.327150 1.877053 1.275552 1.052626 0.978176 0.955601 0.949344 0.947749 0.947374 0.947292 0.947275 0.947272 0.947271 0.947271 0.947271 0.947271 0.947271 0.947271 0.947271 0.947271 0.947271 0.947271 0.947271 0.947271 0.947271 0.947271 0.947271 0.947271 0.947271 0.947271 0.947271 0.947270 0.947269 0.947260 0.947221 0.947067 0.946494 0.944546 0.938526 0.921760 0.880127 0.789249 0.618124 0.347355 0.000000 
50.000000 35.068872 22.435859 13.346042 7.735549 4.733984 3.327150 2.743521 2.527189 2.454932 2.433018 2.426944 2.425395 2.425030 2.424950 2.424934 2.424931 2.424931 2.424930 2.424930 2.424930 2.424930 2.424930 2.424930 2.424930 2.424930 2.424930 2.424930 2.424930 2.424930 2.424930 2.424930 2.424930 2.424930 2.424930 2.424930 2.424929 2.424925 2.424907 2.424824 2.424490 2.423235 2.418922 2.405390 2.366992 2.269409 2.050261 1.623567 0.923822 0.000000 
50.000000 36.060312 24.265603 15.778229 10.538943 7.735549 6.421371 5.876077 5.673913 5.606373 5.585886 5.580206 5.578757 5.578416 5.578341 5.578326 5.578323 5.578323 5.578322 5.578322 5.578322 5.578322 5.578322 5.578322 5.578322 5.578322 5.578322 5.578322 5.578322 5.578322 5.578322 5.578322 5.578322 5.578322 5.578322 5.578322 5.578321 5.578314 5.578280 5.578130 5.577518 5.575197 5.567101 5.541244 5.466140 5.269471 4.810594 3.873681 2.250757 0.000000 
50.000000 37.912251 27.683927 20.322908 15.778229 13.346042 12.205630 11.732325 11.556805 11.498151 11.480354 11.475418 11.474159 11.473862 11.473797 11.473784 11.473781 11.473781 11.473781 11.473781 11.473781 11.473781 11.473781 11.473781 11.473781 11.473781 11.473781 11.473781 11.473781 11.473781 11.473781 11.473781 11.473781 11.473781 11.473781 11.473780 11.473778 11.473768 11.473718 11.473498 11.472589 11.469102 11.456735 11.416381 11.295781 10.967635 10.161454 8.398386 5.066024 0.000000 
50.000000 40.911023 33.219732 27.683927 24.265603 22.435859 21.577735 21.221501 21.089361 21.045191 21.031785 21.028065 21.027116 21.026893 21.026844 21.026834 21.026832 21.026831 21.026831 21.026831 21.026831 21.026831 21.026831 21.026831 21.026831 21.026831 21.026831 21.026831 21.026831 21.026831 21.026831 21.026831 21.026831 21.026831 21.026831 21.026831 21.026829 21.026817 21.026763 21.026519 21.025502 21.021549 21.007285 20.959611 20.812292 20.391922 19.285541 16.609866 10.761786 0.000000 
50.000000 45.077084 40.911023 37.912251 36.060312 35.068872 34.603823 34.410731 34.339092 34.315141 34.307870 34.305852 34.305337 34.305216 34.305189 34.305184 34.305182 34.305182 34.305182 34.305182 34.305182 34.305182 34.305182 34.305182 34.305182 34.305182 34.305182 34.305182 34.305182 34.305182 34.305182 34.305182 34.305182 34.305182 34.305182 34.305182 34.305180 34.305173 34.305135 34.304967 34.304261 34.301483 34.291299 34.256468 34.145050 33.809555 32.846227 30.149237 22.538542 0.000000 
50.000000 50.000000 50.000000 50.000000 50.000000 50.000000 50.000000 50.000000 50.000000 50.000000 50.000000 50.000000 50.000000 50.000000 50.000000 50.000000 50.000000 50.000000 50.000000 50.000000 50.000000 50.000000 50.000000 50.000000 50.000000 50.000000 50.000000 50.000000 50.000000 50.000000 50.000000 50.000000 50.000000 50.000000 50.000000 50.000000 50.000000 50.000000 50.000000 50.000000 50.000000 50.000000 50.000000 50.000000 50.000000 50.000000 50.000000 50.000000 50.000000 50.000000 
