50.000000 50.000000 50.000000 50.000000 50.000000 50.000000 50.000000 50.000000 50.000000 50.000000 50.000000 50.000000 50.000000 50.000000 50.000000 50.000000 50.000000 50.000000 50.000000 50.000000 50.000000 50.000000 50.000000 50.000000 50.000000 50.000000 50.000000 50.000000 50.000000 50.000000 50.000000 50.000000 50.000000 50.000000 50.000000 50.000000 50.000000 50.000000 50.000000 50.000000 50.000000 50.000000 50.000000 50.000000 50.000000 50.000000 50.000000 50.000000 50.000000 50.000000 
50.000000 47.735532 45.631848 43.815558 42.357002 41.266348 40.505856 40.010561 39.708714 39.536246 39.443669 39.396891 39.374596 39.364552 39.360267 39.358533 39.357866 39.357621 39.357536 39.357507 39.357498 39.357495 39.357495 39.357494 39.357494 39.357494 39.357494 39.357494 39.357494 39.357494 39.357494 39.357492 39.357487 39.357471 39.357423 39.357283 39.356891 39.355840 39.353137 39.346461 39.330613 39.294366 39.214222 39.041921 38.678473 37.915681 36.288971 32.658375 23.867766 0.000000 
50.000000 45.631848 41.573864 38.070288 35.256803 33.153015 31.686112 30.730765 30.148561 29.815914 29.637363 29.547145 29.504146 29.484777 29.476514 29.473170 29.471883 29.471412 29.471247 29.471193 29.471175 29.471170 29.471168 29.471168 29.471167 29.471167 29.471167 29.471167 29.471167 29.471167 29.471166 29.471164 29.471155 29.471127 29.471042 29.470797 29.470113 29.468287 29.463609 29.452120 29.425046 29.363764 29.230244 28.949389 28.376610 27.238081 25.021000 20.786932 12.973473 0.000000 
50.000000 43.815558 38.070288 33.110004 29.126804 26.148429 24.071763 22.719340 21.895183 21.424313 21.171581 21.043887 20.983031 20.955618 20.943925 20.939193 20.937372 20.936705 20.936472 20.936395 20.936370 20.936362 20.936360 20.936359 20.936359 20.936359 20.936359 20.936359 20.936359 20.936359 20.936358 20.936354 20.936344 20.936310 20.936208 20.935913 20.935095 20.932919 20.927381 20.913887 20.882420 20.812172 20.661973 20.354176 19.749244 18.609232 16.555002 13.049288 7.526587 0.000000 
50.000000 42.357002 35.256803 29.126804 24.204406 20.523865 17.957702 16.286562 15.268228 14.686446 14.374202 14.216448 14.141270 14.107409 14.092966 14.087121 14.084873 14.084049 14.083762 14.083666 14.083635 14.083626 14.083623 14.083622 14.083622 14.083622 14.083622 14.083622 14.083622 14.083622 14.083621 14.083617 14.083607 14.083573 14.083473 14.083183 14.082383 14.080269 14.074926 14.062031 14.032309 13.966955 13.829948 13.556384 13.036979 12.102203 10.517572 8.018722 4.441320 0.000000 
50.000000 41.266348 33.153015 26.148429 20.523865 16.318428 13.386403 11.477087 10.313673 9.649041 9.292351 9.112155 9.026287 8.987613 8.971119 8.964445 8.961877 8.960937 8.960609 8.960499 8.960464 8.960454 8.960450 8.960449 8.960449 8.960449 8.960449 8.960449 8.960449 8.960449 8.960448 8.960445 8.960436 8.960407 8.960322 8.960075 8.959399 8.957623 8.953171 8.942528 8.918292 8.865791 8.757784 8.547195 8.159214 7.486885 6.399185 4.776405 2.587874 0.000000 
50.000000 40.505856 31.686112 24.071763 17.957702 13.386403 10.199410 8.124145 6.859670 6.137341 5.749708 5.553891 5.460586 5.418565 5.400645 5.393394 5.390605 5.389583 5.389227 5.389108 5.389070 5.389058 5.389055 5.389054 5.389054 5.389054 5.389054 5.389053 5.389053 5.389053 5.389053 5.389050 5.389043 5.389022 5.388956 5.388770 5.388262 5.386936 5.383638 5.375827 5.358244 5.320686 5.244732 5.099705 4.839208 4.401318 3.717587 2.736723 1.463935 0.000000 
50.000000 40.010561 30.730765 22.719340 16.286562 11.477087 8.124145 5.940896 4.610678 3.850828 3.443079 3.237111 3.138974 3.094780 3.075934 3.068308 3.065376 3.064302 3.063927 3.063802 3.063762 3.063750 3.063746 3.063745 3.063745 3.063745 3.063745 3.063745 3.063745 3.063745 3.063744 3.063743 3.063738 3.063723 3.063678 3.063551 3.063205 3.062310 3.060100 3.054912 3.043357 3.018988 2.970448 2.879413 2.719304 2.456614 2.057367 1.500521 0.796339 0.000000 
50.000000 39.708714 30.148561 21.895183 15.268228 10.313673 6.859670 4.610678 3.240448 2.457769 2.037786 1.825646 1.724573 1.679060 1.659651 1.651799 1.648779 1.647674 1.647288 1.647159 1.647118 1.647105 1.647101 1.647100 1.647100 1.647100 1.647100 1.647100 1.647100 1.647100 1.647100 1.647099 1.647096 1.647086 1.647058 1.646979 1.646764 1.646211 1.644855 1.641700 1.634739 1.620224 1.591690 1.538984 1.447882 1.301273 1.083011 0.784798 0.414347 0.000000 
50.000000 39.536246 29.815914 21.424313 14.686446 9.649041 6.137341 3.850828 2.457769 1.662070 1.235113 1.019457 0.916711 0.870446 0.850718 0.842737 0.839667 0.838544 0.838151 0.838020 0.837979 0.837966 0.837962 0.837961 0.837961 0.837961 0.837961 0.837961 0.837961 0.837961 0.837960 0.837960 0.837958 0.837953 0.837936 0.837891 0.837768 0.837453 0.836685 0.834912 0.831035 0.823030 0.807471 0.779097 0.730749 0.654137 0.541893 0.390867 0.205633 0.000000 
50.000000 39.443669 29.637363 21.171581 14.374202 9.292351 5.749708 3.443079 2.037786 1.235113 0.804421 0.586883 0.483243 0.436576 0.416677 0.408627 0.405531 0.404398 0.404002 0.403870 0.403828 0.403815 0.403811 0.403810 0.403810 0.403810 0.403810 0.403810 0.403810 0.403809 0.403809 0.403809 0.403808 0.403805 0.403796 0.403772 0.403707 0.403540 0.403137 0.402210 0.400201 0.396086 0.388167 0.373881 0.349823 0.312171 0.257694 0.185243 0.097208 0.000000 
50.000000 39.396891 29.547145 21.043887 14.216448 9.112155 5.553891 3.237111 1.825646 1.019457 0.586883 0.368397 0.264306 0.217437 0.197452 0.189367 0.186259 0.185120 0.184723 0.184590 0.184548 0.184535 0.184531 0.184530 0.184530 0.184530 0.184530 0.184530 0.184530 0.184530 0.184530 0.184530 0.184529 0.184528 0.184523 0.184511 0.184479 0.184396 0.184198 0.183746 0.182771 0.180791 0.177011 0.170253 0.158983 0.141522 0.116507 0.083536 0.043754 0.000000 
50.000000 39.374596 29.504146 20.983031 14.141270 9.026287 5.460586 3.138974 1.724573 0.916711 0.483243 0.264306 0.160002 0.113037 0.093012 0.084910 0.081795 0.080655 0.080257 0.080124 0.080081 0.080068 0.080065 0.080063 0.080063 0.080063 0.080063 0.080063 0.080063 0.080063 0.080063 0.080063 0.080063 0.080062 0.080060 0.080054 0.080039 0.080001 0.079910 0.079703 0.079259 0.078362 0.076663 0.073650 0.068664 0.061002 0.050112 0.035860 0.018756 0.000000 
50.000000 39.364552 29.484777 20.955618 14.107409 8.987613 5.418565 3.094780 1.679060 0.870446 0.436576 0.217437 0.113037 0.066029 0.045986 0.037877 0.034759 0.033617 0.033219 0.033086 0.033043 0.033030 0.033027 0.033026 0.033025 0.033025 0.033025 0.033025 0.033025 0.033025 0.033025 0.033025 0.033025 0.033025 0.033024 0.033021 0.033015 0.032998 0.032959 0.032869 0.032678 0.032296 0.031574 0.030303 0.028214 0.025026 0.020524 0.014664 0.007661 0.000000 
50.000000 39.360267 29.476514 20.943925 14.092966 8.971119 5.400645 3.075934 1.659651 0.850718 0.416677 0.197452 0.093012 0.045986 0.025934 0.017822 0.014703 0.013561 0.013162 0.013029 0.012987 0.012974 0.012970 0.012969 0.012969 0.012969 0.012969 0.012969 0.012969 0.012969 0.012969 0.012969 0.012968 0.012968 0.012968 0.012967 0.012964 0.012957 0.012941 0.012905 0.012827 0.012673 0.012383 0.011874 0.011044 0.009783 0.008012 0.005717 0.002985 0.000000 
50.000000 39.358533 29.473170 20.939193 14.087121 8.964445 5.393394 3.068308 1.651799 0.842737 0.408627 0.189367 0.084910 0.037877 0.017822 0.009709 0.006589 0.005447 0.005048 0.004915 0.004873 0.004860 0.004856 0.004855 0.004855 0.004855 0.004855 0.004855 0.004855 0.004855 0.004855 0.004855 0.004855 0.004855 0.004855 0.004854 0.004853 0.004850 0.004844 0.004830 0.004800 0.004741 0.004630 0.004437 0.004123 0.003648 0.002985 0.002128 0.001110 0.000000 
50.000000 39.357866 29.471883 20.937372 14.084873 8.961877 5.390605 3.065376 1.648779 0.839667 0.405531 0.186259 0.081795 0.034759 0.014703 0.006589 0.003470 0.002327 0.001929 0.001796 0.001753 0.001740 0.001736 0.001735 0.001735 0.001735 0.001735 0.001735 0.001735 0.001735 0.001735 0.001735 0.001735 0.001735 0.001735 0.001735 0.001734 0.001733 0.001731 0.001726 0.001715 0.001693 0.001653 0.001583 0.001470 0.001300 0.001062 0.000757 0.000394 0.000000 
50.000000 39.357621 29.471412 20.936705 14.084049 8.960937 5.389583 3.064302 1.647674 0.838544 0.404398 0.185120 0.080655 0.033617 0.013561 0.005447 0.002327 0.001185 0.000786 0.000653 0.000611 0.000598 0.000594 0.000593 0.000593 0.000593 0.000593 0.000593 0.000593 0.000593 0.000593 0.000593 0.000593 0.000593 0.000593 0.000593 0.000592 0.000592 0.000591 0.000589 0.000586 0.000578 0.000564 0.000540 0.000501 0.000443 0.000362 0.000257 0.000134 0.000000 
50.000000 39.357536 29.471247 20.936472 14.083762 8.960609 5.389227 3.063927 1.647288 0.838151 0.404002 0.184723 0.080257 0.033219 0.013162 0.005048 0.001929 0.000786 0.000387 0.000254 0.000212 0.000199 0.000195 0.000194 0.000194 0.000194 0.000194 0.000194 0.000194 0.000194 0.000194 0.000194 0.000194 0.000194 0.000194 0.000194 0.000194 0.000194 0.000193 0.000193 0.000191 0.000189 0.000184 0.000176 0.000164 0.000144 0.000118 0.000084 0.000044 0.000000 
50.000000 39.357507 29.471193 20.936395 14.083666 8.960499 5.389108 3.063802 1.647159 0.838020 0.403870 0.184590 0.080124 0.033086 0.013029 0.004915 0.001796 0.000653 0.000254 0.000121 0.000079 0.000066 0.000062 0.000061 0.000061 0.000061 0.000061 0.000061 0.000061 0.000061 0.000061 0.000061 0.000061 0.000061 0.000061 0.000061 0.000061 0.000061 0.000061 0.000060 0.000060 0.000059 0.000058 0.000055 0.000051 0.000045 0.000037 0.000026 0.000014 0.000000 
50.000000 39.357498 29.471175 20.936370 14.083635 8.960464 5.389070 3.063762 1.647118 0.837979 0.403828 0.184548 0.080081 0.033043 0.012987 0.004873 0.001753 0.000611 0.000212 0.000079 0.000037 0.000024 0.000020 0.000019 0.000018 0.000018 0.000018 0.000018 0.000018 0.000018 0.000018 0.000018 0.000018 0.000018 0.000018 0.000018 0.000018 0.000018 0.000018 0.000018 0.000018 0.000018 0.000017 0.000017 0.000015 0.000014 0.000011 0.000008 0.000004 0.000000 
50.000000 39.357495 29.471170 20.936362 14.083626 8.960454 5.389058 3.063750 1.647105 0.837966 0.403815 0.184535 0.080068 0.033030 0.012974 0.004860 0.001740 0.000598 0.000199 0.000066 0.000024 0.000011 0.000007 0.000006 0.000005 0.000005 0.000005 0.000005 0.000005 0.000005 0.000005 0.000005 0.000005 0.000005 0.000005 0.000005 0.000005 0.000005 0.000005 0.000005 0.000005 0.000005 0.000005 0.000005 0.000004 0.000004 0.000003 0.000002 0.000001 0.000000 
50.000000 39.357495 29.471168 20.936360 14.083623 8.960450 5.389055 3.063746 1.647101 0.837962 0.403811 0.184531 0.080065 0.033027 0.012970 0.004856 0.001736 0.000594 0.000195 0.000062 0.000020 0.000007 0.000003 0.000002 0.000002 0.000001 0.000001 0.000001 0.000001 0.000001 0.000001 0.000001 0.000001 0.000001 0.000001 0.000001 0.000001 0.000001 0.000001 0.000001 0.000001 0.000001 0.000001 0.000001 0.000001 0.000001 0.000001 0.000001 0.000000 0.000000 
50.000000 39.357494 29.471168 20.936359 14.083622 8.960449 5.389054 3.063745 1.647100 0.837961 0.403810 0.184530 0.080063 0.033026 0.012969 0.004855 0.001735 0.000593 0.000194 0.000061 0.000019 0.000006 0.000002 0.000001 0.000000 0.000000 0.000000 0.000000 0.000000 0.000000 0.000000 0.000000 0.000000 0.000000 0.000000 0.000000 0.000000 0.000000 0.000000 0.000000 0.000000 0.000000 0.000000 0.000000 0.000000 0.000000 0.000000 0.000000 0.000000 0.000000 
50.000000 39.357494 29.471167 20.936359 14.083622 8.960449 5.389054 3.063745 1.647100 0.837961 0.403810 0.184530 0.080063 0.033025 0.012969 0.004855 0.001735 0.000593 0.000194 0.000061 0.000018 0.000005 0.000002 0.000001 0.000000 0.000000 0.000000 0.000000 0.000000 0.000000 0.000000 0.000000 0.000000 0.000000 0.000000 0.000000 0.000000 0.000000 0.000000 0.000000 0.000000 0.000000 0.000000 0.000000 0.000000 0.000000 0.000000 0.000000 0.000000 0.000000 
50.000000 39.357494 29.471167 20.936359 14.083622 8.960449 5.389054 3.063745 1.647100 0.837961 0.403810 0.184530 0.080063 0.033025 0.012969 0.004855 0.001735 0.000593 0.000194 0.000061 0.000018 0.000005 0.000002 0.000001 0.000000 0.000000 0.000000 0.000000 0.000000 0.000000 0.000000 0.000000 0.000000 0.000000 0.000000 0.000000 0.000000 0.000000 0.000000 0.000000 0.000000 0.000000 0.000000 0.000000 0.000000 0.000000 0.000000 0.000000 0.000000 0.000000 
50.000000 39.357494 29.471168 20.936359 14.083622 8.960449 5.389054 3.063745 1.647100 0.837961 0.403810 0.184530 0.080063 0.033026 0.012969 0.004855 0.001735 0.000593 0.000194 0.000061 0.000019 0.000006 0.000002 0.000001 0.000000 0.000000 0.000000 0.000000 0.000000 0.000000 0.000000 0.000000 0.000000 0.000000 0.000000 0.000000 0.000000 0.000000 0.000000 0.000000 0.000000 0.000000 0.000000 0.000000 0.000000 0.000000 0.000000 0.000000 0.000000 0.000000 
50.000000 39.357495 29.471168 20.936360 14.083623 8.960450 5.389055 3.063746 1.647101 0.837962 0.403811 0.184531 0.080065 0.033027 0.012970 0.004856 0.001736 0.000594 0.000195 0.000062 0.000020 0.000007 0.000003 0.000002 0.000002 0.000001 0.000001 0.000001 0.000001 0.000001 0.000001 0.000001 0.000001 0.000001 0.000001 0.000001 0.000001 0.000001 0.000001 0.000001 0.000001 0.000001 0.000001 0.000001 0.000001 0.000001 0.000001 0.000001 0.000000 0.000000 
50.000000 39.357495 29.471170 20.936362 14.083626 8.960454 5.389058 3.063750 1.647105 0.837966 0.403815 0.184535 0.080068 0.033030 0.012974 0.004860 0.001740 0.000598 0.000199 0.000066 0.000024 0.000011 0.000007 0.000006 0.000005 0.000005 0.000005 0.000005 0.000005 0.000005 0.000005 0.000005 0.000005 0.000005 0.000005 0.000005 0.000005 0.000005 0.000005 0.000005 0.000005 0.000005 0.000005 0.000005 0.000004 0.000004 0.000003 0.000002 0.000001 0.000000 
50.000000 39.357498 29.471175 20.936370 14.083635 8.960464 5.389070 3.063762 1.647118 0.837979 0.403828 0.184548 0.080081 0.033043 0.012987 0.004873 0.001753 0.000611 0.000212 0.000079 0.000037 0.000024 0.000020 0.000019 0.000018 0.000018 0.000018 0.000018 0.000018 0.000018 0.000018 0.000018 0.000018 0.000018 0.000018 0.000018 0.000018 0.000018 0.000018 0.000018 0.000018 0.000018 0.000017 0.000017 0.000015 0.000014 0.000011 0.000008 0.000004 0.000000 
50.000000 39.357507 29.471193 20.936395 14.083666 8.960499 5.389108 3.063802 1.647159 0.838020 0.403870 0.184590 0.080124 0.033086 0.013029 0.004915 0.001796 0.000653 0.000254 0.000121 0.000079 0.000066 0.000062 0.000061 0.000061 0.000061 0.000061 0.000061 0.000061 0.000061 0.000061 0.000061 0.000061 0.000061 0.000061 0.000061 0.000061 0.000061 0.000061 0.000060 0.000060 0.000059 0.000058 0.000055 0.000051 0.000045 0.000037 0.000026 0.000014 0.000000 
50.000000 39.357536 29.471247 20.936472 14.083762 8.960609 5.389227 3.063927 1.647288 0.838151 0.404002 0.184723 0.080257 0.033219 0.013162 0.005048 0.001929 0.000786 0.000387 0.000254 0.000212 0.000199 0.000195 0.000194 0.000194 0.000194 0.000194 0.000194 0.000194 0.000194 0.000194 0.000194 0.000194 0.000194 0.000194 0.000194 0.000194 0.000194 0.000193 0.000193 0.000191 0.000189 0.000184 0.000176 0.000164 0.000144 0.000118 0.000084 0.000044 0.000000 
50.000000 39.357621 29.471412 20.936705 14.084049 8.960937 5.389583 3.064302 1.647674 0.838544 0.404398 0.185120 0.080655 0.033617 0.013561 0.005447 0.002327 0.001185 0.000786 0.000653 0.000611 0.000598 0.000594 0.000593 0.000593 0.000593 0.000593 0.000593 0.000593 0.000593 0.000593 0.000593 0.000593 0.000593 0.000593 0.000593 0.000592 0.000592 0.000591 0.000589 0.000586 0.000578 0.000564 0.000540 0.000501 0.000443 0.000362 0.000257 0.000134 0.000000 
50.000000 39.357866 29.471883 20.937372 14.084873 8.961877 5.390605 3.065376 1.648779 0.839667 0.405531 0.186259 0.081795 0.034759 0.014703 0.006589 0.003470 0.002327 0.001929 0.001796 0.001753 0.001740 0.001736 0.001735 0.001735 0.001735 0.001735 0.001735 0.001735 0.001735 0.001735 0.001735 0.001735 0.001735 0.001735 0.001735 0.001734 0.001733 0.001731 0.001726 0.001715 0.001693 0.001653 0.001583 0.001470 0.001300 0.001062 0.000757 0.000394 0.000000 
50.000000 39.358533 29.473170 20.939193 14.087121 8.964445 5.393394 3.068308 1.651799 0.842737 0.408627 0.189367 0.084910 0.037877 0.017822 0.009709 0.006589 0.005447 0.005048 0.004915 0.004873 0.004860 0.004856 0.004855 0.004855 0.004855 0.004855 0.004855 0.004855 0.004855 0.004855 0.004855 0.004855 0.004855 0.004855 0.004854 0.004853 0.004850 0.004844 0.004830 0.004800 0.004741 0.004630 0.004437 0.004123 0.003648 0.002985 0.002128 0.001110 0.000000 
50.000000 39.360267 29.476514 20.943925 14.092966 8.971119 5.400645 3.075934 1.659651 0.850718 0.416677 0.197452 0.093012 0.045986 0.025934 0.017822 0.014703 0.013561 0.013162 0.013029 0.012987 0.012974 0.012970 0.012969 0.012969 0.012969 0.012969 0.012969 0.012969 0.012969 0.012969 0.012969 0.012968 0.012968 0.012968 0.012967 0.012964 0.012957 0.012941 0.012905 0.012827 0.012673 0.012383 0.011874 0.011044 0.009783 0.008012 0.005717 0.002985 0.000000 
50.000000 39.364552 29.484777 20.955618 14.107409 8.987613 5.418565 3.094780 1.679060 0.870446 0.436576 0.217437 0.113037 0.066029 0.045986 0.037877 0.034759 0.033617 0.033219 0.033086 0.033043 0.033030 0.033027 0.033026 0.033025 0.033025 0.033025 0.033025 0.033025 0.033025 0.033025 0.033025 0.033025 0.033025 0.033024 0.033021 0.033015 0.032998 0.032959 0.032869 0.032678 0.032296 0.031574 0.030303 0.028214 0.025026 0.020524 0.014664 0.007661 0.000000 
50.000000 39.374596 29.504146 20.983031 14.141270 9.026287 5.460586 3.138974 1.724573 0.916711 0.483243 0.264306 0.160002 0.113037 0.093012 0.084910 0.081795 0.080655 0.080257 0.080124 0.080081 0.080068 0.080065 0.080063 0.080063 0.080063 0.080063 0.080063 0.080063 0.080063 0.080063 0.080063 0.080063 0.080062 0.080060 0.080054 0.080039 0.080001 0.079910 0.079703 0.079259 0.078362 0.076663 0.073650 0.068664 0.061002 0.050112 0.035860 0.018756 0.000000 
50.000000 39.396891 29.547145 21.043887 14.216448 9.112155 5.553891 3.237111 1.825646 1.019457 0.586883 0.368397 0.264306 0.217437 0.197452 0.189367 0.186259 0.185120 0.184723 0.184590 0.184548 0.184535 0.184531 0.184530 0.184530 0.184530 0.184530 0.184530 0.184530 0.184530 0.184530 0.184530 0.184529 0.184528 0.184523 0.184511 0.184479 0.184396 0.184198 0.183746 0.182771 0.180791 0.177011 0.170253 0.158983 0.141522 0.116507 0.083536 0.043754 0.000000 
50.000000 39.443669 29.637363 21.171581 14.374202 9.292351 5.749708 3.443079 2.037786 1.235113 0.804421 0.586883 0.483243 0.436576 0.416677 0.408627 0.405531 0.404398 0.404002 0.403870 0.403828 0.403815 0.403811 0.403810 0.403810 0.403810 0.403810 0.403810 0.403810 0.403809 0.403809 0.403809 0.403808 0.403805 0.403796 0.403772 0.403707 0.403540 0.403137 0.402210 0.400201 0.396086 0.388167 0.373881 0.349823 0.312171 0.257694 0.185243 0.097208 0.000000 
50.000000 39.536246 29.815914 21.424313 14.686446 9.649041 6.137341 3.850828 2.457769 1.662070 1.235113 1.019457 0.916711 0.870446 0.850718 0.842737 0.839667 0.838544 0.838151 0.838020 0.837979 0.837966 0.837962 0.837961 0.837961 0.837961 0.837961 0.837961 0.837961 0.837961 0.837960 0.837960 0.837958 0.837953 0.837936 0.837891 0.837768 0.837453 0.836685 0.834912 0.831035 0.823030 0.807471 0.779097 0.730749 0.654137 0.541893 0.390867 0.205633 0.000000 
50.000000 39.708714 30.148561 21.895183 15.268228 10.313673 6.859670 4.610678 3.240448 2.457769 2.037786 1.825646 1.724573 1.679060 1.659651 1.651799 1.648779 1.647674 1.647288 1.647159 1.647118 1.647105 1.647101 1.647100 1.647100 1.647100 1.647100 1.647100 1.647100 1.647100 1.647100 1.647099 1.647096 1.647086 1.647058 1.646979 1.646764 1.646211 1.644855 1.641700 1.634739 1.620224 1.591690 1.538984 1.447882 1.301273 1.083011 0.784798 0.414347 0.000000 
50.000000 40.010561 30.730765 22.719340 16.286562 11.477087 8.124145 5.940896 4.610678 3.850828 3.443079 3.237111 3.138974 3.094780 3.075934 3.068308 3.065376 3.064302 3.063927 3.063802 3.063762 3.063750 3.063746 3.063745 3.063745 3.063745 3.063745 3.063745 3.063745 3.063745 3.063744 3.063743 3.063738 3.063723 3.063678 3.063551 3.063205 3.062310 3.060100 3.054912 3.043357 3.018988 2.970448 2.879413 2.719304 2.456614 2.057367 1.500521 0.796339 0.000000 
50.000000 40.505856 31.686112 24.071763 17.957702 13.386403 10.199410 8.124145 6.859670 6.137341 5.749708 5.553891 5.460586 5.418565 5.400645 5.393394 5.390605 5.389583 5.389227 5.389108 5.389070 5.389058 5.389055 5.389054 5.389054 5.389054 5.389054 5.389053 5.389053 5.389053 5.389053 5.389050 5.389043 5.389022 5.388956 5.388770 5.388262 5.386936 5.383638 5.375827 5.358244 5.320686 5.244732 5.099705 4.839208 4.401318 3.717587 2.736723 1.463935 0.000000 
50.000000 41.266348 33.153015 26.148429 20.523865 16.318428 13.386403 11.477087 10.313673 9.649041 9.292351 9.112155 9.026287 8.987613 8.971119 8.964445 8.961877 8.960937 8.960609 8.960499 8.960464 8.960454 8.960450 8.960449 8.960449 8.960449 8.960449 8.960449 8.960449 8.960449 8.960448 8.960445 8.960436 8.960407 8.960322 8.960075 8.959399 8.957623 8.953171 8.942528 8.918292 8.865791 8.757784 8.547195 8.159214 7.486885 6.399185 4.776405 2.587874 0.000000 
50.000000 42.357002 35.256803 29.126804 24.204406 20.523865 17.957702 16.286562 15.268228 14.686446 14.374202 14.216448 14.141270 14.107409 14.092966 14.087121 14.084873 14.084049 14.083762 14.083666 14.083635 14.083626 14.083623 14.083622 14.083622 14.083622 14.083622 14.083622 14.083622 14.083622 14.083621 14.083617 14.083607 14.083573 14.083473 14.083183 14.082383 14.080269 14.074926 14.062031 14.032309 13.966955 13.829948 13.556384 13.036979 12.102203 10.517572 8.018722 4.441320 0.000000 
50.000000 43.815558 38.070288 33.110004 29.126804 26.148429 24.071763 22.719340 21.895183 21.424313 21.171581 21.043887 20.983031 20.955618 20.943925 20.939193 20.937372 20.936705 20.936472 20.936395 20.936370 20.936362 20.936360 20.936359 20.936359 20.936359 20.936359 20.936359 20.936359 20.936359 20.936358 20.936354 20.936344 20.936310 20.936208 20.935913 20.935095 20.932919 20.927381 20.913887 20.882420 20.812172 20.661973 20.354176 19.749244 18.609232 16.555002 13.049288 7.526587 0.000000 
50.000000 45.631848 41.573864 38.070288 35.256803 33.153015 31.686112 30.730765 30.148561 29.815914 29.637363 29.547145 29.504146 29.484777 29.476514 29.473170 29.471883 29.471412 29.471247 29.471193 29.471175 29.471170 29.471168 29.471168 29.471167 29.471167 29.471167 29.471167 29.471167 29.471167 29.471166 29.471164 29.471155 29.471127 29.471042 29.470797 29.470113 29.468287 29.463609 29.452120 29.425046 29.363764 29.230244 28.949389 28.376610 27.238081 25.021000 20.786932 12.973473 0.000000 
50.000000 47.735532 45.631848 43.815558 42.357002 41.266348 40.505856 40.010561 39.708714 39.536246 39.443669 39.396891 39.374596 39.364552 39.360267 39.358533 39.357866 39.357621 39.357536 39.357507 39.357498 39.357495 39.357495 39.357494 39.357494 39.357494 39.357494 39.357494 39.357494 39.357494 39.357494 39.357492 39.357487 39.357471 39.357423 39.357283 39.356891 39.355840 39.353137 39.346461 39.330613 39.294366 39.214222 39.041921 38.678473 37.915681 36.288971 32.658375 23.867766 0.000000 
50.000000 50.000000 50.000000 50.000000 50.000000 50.000000 50.000000 50.000000 50.000000 50.000000 50.000000 50.000000 50.000000 50.000000 50.000000 50.000000 50.000000 50.000000 50.000000 50.000000 50.000000 50.000000 50.000000 50.000000 50.000000 50.000000 50.000000 50.000000 50.000000 50.000000 50.000000 50.000000 50.000000 50.000000 50.000000 50.000000 50.000000 50.000000 50.000000 50.000000 50.000000 50.000000 50.000000 50.000000 50.000000 50.000000 50.000000 50.000000 50.000000 50.000000 
