50.000000 50.000000 50.000000 50.000000 50.000000 50.000000 50.000000 50.000000 50.000000 50.000000 50.000000 50.000000 50.000000 50.000000 50.000000 50.000000 50.000000 50.000000 50.000000 50.000000 50.000000 50.000000 50.000000 50.000000 50.000000 50.000000 50.000000 50.000000 50.000000 50.000000 50.000000 50.000000 50.000000 50.000000 50.000000 50.000000 50.000000 50.000000 50.000000 50.000000 50.000000 50.000000 50.000000 50.000000 50.000000 50.000000 50.000000 50.000000 50.000000 50.000000 
50.000000 47.019299 44.316938 42.093533 40.430302 39.296170 38.589045 38.184528 37.971449 37.867723 37.820893 37.801217 37.793497 37.790660 37.789681 37.789362 37.789264 37.789236 37.789228 37.789226 37.789226 37.789225 37.789225 37.789225 37.789225 37.789225 37.789225 37.789225 37.789225 37.789225 37.789225 37.789225 37.789225 37.789223 37.789217 37.789196 37.789122 37.788878 37.788115 37.785844 37.779413 37.762077 37.717476 37.607508 37.345735 36.736717 35.325001 31.971555 23.509650 0.000000 
50.000000 44.316938 39.164612 34.925540 31.754561 29.592391 28.244346 27.473223 27.067054 26.869345 26.780090 26.742589 26.727878 26.722472 26.720606 26.719999 26.719813 26.719759 26.719744 26.719740 26.719739 26.719738 26.719738 26.719738 26.719738 26.719738 26.719738 26.719738 26.719738 26.719738 26.719738 26.719738 26.719738 26.719735 26.719725 26.719689 26.719565 26.719159 26.717894 26.714150 26.703632 26.675576 26.604485 26.433077 26.038769 25.170087 23.330206 19.582306 12.345383 0.000000 
50.000000 42.093533 34.925540 29.028235 24.617011 21.609315 19.734225 18.661690 18.096805 17.821861 17.697749 17.645609 17.625157 17.617642 17.615048 17.614205 17.613946 17.613871 17.613850 17.613844 17.613843 17.613843 17.613843 17.613843 17.613843 17.613843 17.613843 17.613843 17.613843 17.613843 17.613843 17.613842 17.613842 17.613839 17.613828 17.613787 17.613649 17.613197 17.611799 17.607694 17.596281 17.566256 17.491584 17.316122 16.926879 16.112847 14.514118 11.595334 6.768532 0.000000 
50.000000 40.430302 31.754561 24.617011 19.278314 15.638454 13.369411 12.071644 11.388194 11.055574 10.905443 10.842379 10.817644 10.808557 10.805421 10.804402 10.804089 10.803998 10.803973 10.803966 10.803965 10.803964 10.803964 10.803964 10.803964 10.803964 10.803964 10.803964 10.803964 10.803964 10.803964 10.803964 10.803963 10.803960 10.803950 10.803914 10.803791 10.803390 10.802160 10.798579 10.788738 10.763223 10.700959 10.558257 10.251993 9.639157 8.504164 6.584474 3.693586 0.000000 
50.000000 39.296170 29.592391 21.609315 15.638454 11.567825 9.030423 7.579283 6.815130 6.443271 6.275445 6.204956 6.177313 6.167158 6.163654 6.162515 6.162166 6.162064 6.162036 6.162029 6.162027 6.162026 6.162026 6.162026 6.162026 6.162026 6.162026 6.162026 6.162026 6.162026 6.162026 6.162026 6.162026 6.162024 6.162016 6.161988 6.161895 6.161595 6.160678 6.158035 6.150852 6.132487 6.088457 5.989777 5.783913 5.386461 4.682436 3.553622 1.950434 0.000000 
50.000000 38.589045 28.244346 19.734225 13.369411 9.030423 6.325901 4.779294 3.964931 3.568671 3.389850 3.314749 3.285300 3.274484 3.270752 3.269539 3.269167 3.269058 3.269029 3.269021 3.269019 3.269018 3.269018 3.269018 3.269018 3.269018 3.269018 3.269018 3.269018 3.269018 3.269018 3.269018 3.269018 3.269016 3.269011 3.268993 3.268932 3.268735 3.268139 3.266434 3.261850 3.250281 3.222976 3.162951 3.040645 2.811155 2.418103 1.811270 0.981537 0.000000 
50.000000 38.184528 27.473223 18.661690 12.071644 7.579283 4.779294 3.178178 2.335163 1.924988 1.739899 1.662173 1.631696 1.620503 1.616642 1.615387 1.615002 1.614890 1.614859 1.614851 1.614849 1.614848 1.614848 1.614848 1.614848 1.614848 1.614848 1.614848 1.614848 1.614848 1.614848 1.614848 1.614848 1.614847 1.614844 1.614833 1.614797 1.614683 1.614338 1.613359 1.610750 1.604241 1.589089 1.556318 1.490826 1.370685 1.170106 0.868738 0.467052 0.000000 
50.000000 37.971449 27.067054 18.096805 11.388194 6.815130 3.964931 2.335163 1.477098 1.059618 0.871242 0.792140 0.761125 0.749735 0.745806 0.744529 0.744137 0.744023 0.743992 0.743984 0.743981 0.743981 0.743981 0.743981 0.743981 0.743981 0.743981 0.743981 0.743981 0.743981 0.743981 0.743981 0.743981 0.743980 0.743979 0.743973 0.743954 0.743894 0.743713 0.743205 0.741864 0.738549 0.730922 0.714650 0.682643 0.624971 0.530549 0.391478 0.209372 0.000000 
50.000000 37.867723 26.869345 17.821861 11.055574 6.443271 3.568671 1.924988 1.059618 0.638596 0.448627 0.368858 0.337583 0.326098 0.322136 0.320849 0.320454 0.320339 0.320307 0.320299 0.320297 0.320296 0.320296 0.320296 0.320296 0.320296 0.320296 0.320296 0.320296 0.320296 0.320296 0.320296 0.320296 0.320296 0.320295 0.320292 0.320283 0.320254 0.320168 0.319928 0.319298 0.317754 0.314238 0.306821 0.292419 0.266836 0.225581 0.165714 0.088310 0.000000 
50.000000 37.820893 26.780090 17.697749 10.905443 6.275445 3.389850 1.739899 0.871242 0.448627 0.257943 0.177875 0.146483 0.134955 0.130979 0.129687 0.129290 0.129175 0.129143 0.129135 0.129133 0.129132 0.129132 0.129132 0.129132 0.129132 0.129132 0.129132 0.129132 0.129132 0.129132 0.129132 0.129132 0.129132 0.129132 0.129130 0.129126 0.129114 0.129076 0.128972 0.128699 0.128037 0.126541 0.123415 0.117410 0.106863 0.090056 0.065940 0.035050 0.000000 
50.000000 37.801217 26.742589 17.645609 10.842379 6.204956 3.314749 1.662173 0.792140 0.368858 0.177875 0.097682 0.066241 0.054696 0.050713 0.049419 0.049022 0.048906 0.048875 0.048866 0.048864 0.048864 0.048864 0.048864 0.048864 0.048864 0.048864 0.048864 0.048864 0.048864 0.048864 0.048864 0.048864 0.048864 0.048863 0.048863 0.048861 0.048856 0.048841 0.048799 0.048690 0.048426 0.047836 0.046611 0.044278 0.040219 0.033811 0.024696 0.013102 0.000000 
50.000000 37.793497 26.727878 17.625157 10.817644 6.177313 3.285300 1.631696 0.761125 0.337583 0.146483 0.066241 0.034782 0.023230 0.019244 0.017950 0.017552 0.017437 0.017405 0.017397 0.017394 0.017394 0.017394 0.017394 0.017394 0.017394 0.017394 0.017394 0.017394 0.017394 0.017394 0.017394 0.017394 0.017394 0.017394 0.017394 0.017393 0.017391 0.017385 0.017370 0.017329 0.017231 0.017014 0.016565 0.015718 0.014254 0.011960 0.008719 0.004619 0.000000 
50.000000 37.790660 26.722472 17.617642 10.808557 6.167158 3.274484 1.620503 0.749735 0.326098 0.134955 0.054696 0.023230 0.011675 0.007689 0.006394 0.005996 0.005881 0.005849 0.005840 0.005838 0.005838 0.005838 0.005838 0.005838 0.005838 0.005838 0.005838 0.005838 0.005838 0.005838 0.005838 0.005838 0.005838 0.005838 0.005838 0.005837 0.005837 0.005835 0.005829 0.005815 0.005781 0.005706 0.005552 0.005263 0.004767 0.003993 0.002907 0.001538 0.000000 
50.000000 37.789681 26.720606 17.615048 10.805421 6.163654 3.270752 1.616642 0.745806 0.322136 0.130979 0.050713 0.019244 0.007689 0.003703 0.002407 0.002010 0.001894 0.001862 0.001854 0.001852 0.001851 0.001851 0.001851 0.001851 0.001851 0.001851 0.001851 0.001851 0.001851 0.001851 0.001851 0.001851 0.001851 0.001851 0.001851 0.001851 0.001851 0.001850 0.001848 0.001844 0.001833 0.001808 0.001759 0.001666 0.001507 0.001261 0.000917 0.000485 0.000000 
50.000000 37.789362 26.719999 17.614205 10.804402 6.162515 3.269539 1.615387 0.744529 0.320849 0.129687 0.049419 0.017950 0.006394 0.002407 0.001112 0.000714 0.000599 0.000567 0.000559 0.000557 0.000556 0.000556 0.000556 0.000556 0.000556 0.000556 0.000556 0.000556 0.000556 0.000556 0.000556 0.000556 0.000556 0.000556 0.000556 0.000556 0.000556 0.000556 0.000555 0.000554 0.000550 0.000543 0.000528 0.000499 0.000451 0.000377 0.000274 0.000145 0.000000 
50.000000 37.789264 26.719813 17.613946 10.804089 6.162166 3.269167 1.615002 0.744137 0.320454 0.129290 0.049022 0.017552 0.005996 0.002010 0.000714 0.000317 0.000201 0.000169 0.000161 0.000159 0.000159 0.000158 0.000158 0.000158 0.000158 0.000158 0.000158 0.000158 0.000158 0.000158 0.000158 0.000158 0.000158 0.000158 0.000158 0.000158 0.000158 0.000158 0.000158 0.000158 0.000157 0.000155 0.000150 0.000142 0.000128 0.000107 0.000078 0.000041 0.000000 
50.000000 37.789236 26.719759 17.613871 10.803998 6.162064 3.269058 1.614890 0.744023 0.320339 0.129175 0.048906 0.017437 0.005881 0.001894 0.000599 0.000201 0.000086 0.000054 0.000046 0.000044 0.000043 0.000043 0.000043 0.000043 0.000043 0.000043 0.000043 0.000043 0.000043 0.000043 0.000043 0.000043 0.000043 0.000043 0.000043 0.000043 0.000043 0.000043 0.000043 0.000043 0.000042 0.000042 0.000041 0.000038 0.000035 0.000029 0.000021 0.000011 0.000000 
50.000000 37.789228 26.719744 17.613850 10.803973 6.162036 3.269029 1.614859 0.743992 0.320307 0.129143 0.048875 0.017405 0.005849 0.001862 0.000567 0.000169 0.000054 0.000022 0.000014 0.000012 0.000011 0.000011 0.000011 0.000011 0.000011 0.000011 0.000011 0.000011 0.000011 0.000011 0.000011 0.000011 0.000011 0.000011 0.000011 0.000011 0.000011 0.000011 0.000011 0.000011 0.000011 0.000011 0.000010 0.000010 0.000009 0.000007 0.000005 0.000003 0.000000 
50.000000 37.789226 26.719740 17.613844 10.803966 6.162029 3.269021 1.614851 0.743984 0.320299 0.129135 0.048866 0.017397 0.005840 0.001854 0.000559 0.000161 0.000046 0.000014 0.000005 0.000003 0.000003 0.000003 0.000003 0.000003 0.000003 0.000003 0.000003 0.000003 0.000003 0.000003 0.000003 0.000003 0.000003 0.000003 0.000003 0.000003 0.000003 0.000003 0.000003 0.000003 0.000003 0.000003 0.000003 0.000002 0.000002 0.000002 0.000001 0.000001 0.000000 
50.000000 37.789226 26.719739 17.613843 10.803965 6.162027 3.269019 1.614849 0.743981 0.320297 0.129133 0.048864 0.017394 0.005838 0.001852 0.000557 0.000159 0.000044 0.000012 0.000003 0.000001 0.000001 0.000001 0.000001 0.000001 0.000001 0.000001 0.000001 0.000001 0.000001 0.000001 0.000001 0.000001 0.000001 0.000001 0.000001 0.000001 0.000001 0.000001 0.000001 0.000001 0.000001 0.000001 0.000001 0.000001 0.000001 0.000000 0.000000 0.000000 0.000000 
50.000000 37.789225 26.719738 17.613843 10.803964 6.162026 3.269018 1.614848 0.743981 0.320296 0.129132 0.048864 0.017394 0.005838 0.001851 0.000556 0.000159 0.000043 0.000011 0.000003 0.000001 0.000000 0.000000 0.000000 0.000000 0.000000 0.000000 0.000000 0.000000 0.000000 0.000000 0.000000 0.000000 0.000000 0.000000 0.000000 0.000000 0.000000 0.000000 0.000000 0.000000 0.000000 0.000000 0.000000 0.000000 0.000000 0.000000 0.000000 0.000000 0.000000 
50.000000 37.789225 26.719738 17.613843 10.803964 6.162026 3.269018 1.614848 0.743981 0.320296 0.129132 0.048864 0.017394 0.005838 0.001851 0.000556 0.000158 0.000043 0.000011 0.000003 0.000001 0.000000 0.000000 0.000000 0.000000 0.000000 0.000000 0.000000 0.000000 0.000000 0.000000 0.000000 0.000000 0.000000 0.000000 0.000000 0.000000 0.000000 0.000000 0.000000 0.000000 0.000000 0.000000 0.000000 0.000000 0.000000 0.000000 0.000000 0.000000 0.000000 
50.000000 37.789225 26.719738 17.613843 10.803964 6.162026 3.269018 1.614848 0.743981 0.320296 0.129132 0.048864 0.017394 0.005838 0.001851 0.000556 0.000158 0.000043 0.000011 0.000003 0.000001 0.000000 0.000000 0.000000 0.000000 0.000000 0.000000 0.000000 0.000000 0.000000 0.000000 0.000000 0.000000 0.000000 0.000000 0.000000 0.000000 0.000000 0.000000 0.000000 0.000000 0.000000 0.000000 0.000000 0.000000 0.000000 0.000000 0.000000 0.000000 0.000000 
50.000000 37.789225 26.719738 17.613843 10.803964 6.162026 3.269018 1.614848 0.743981 0.320296 0.129132 0.048864 0.017394 0.005838 0.001851 0.000556 0.000158 0.000043 0.000011 0.000003 0.000001 0.000000 0.000000 0.000000 0.000000 0.000000 0.000000 0.000000 0.000000 0.000000 0.000000 0.000000 0.000000 0.000000 0.000000 0.000000 0.000000 0.000000 0.000000 0.000000 0.000000 0.000000 0.000000 0.000000 0.000000 0.000000 0.000000 0.000000 0.000000 0.000000 
50.000000 37.789225 26.719738 17.613843 10.803964 6.162026 3.269018 1.614848 0.743981 0.320296 0.129132 0.048864 0.017394 0.005838 0.001851 0.000556 0.000158 0.000043 0.000011 0.000003 0.000001 0.000000 0.000000 0.000000 0.000000 0.000000 0.000000 0.000000 0.000000 0.000000 0.000000 0.000000 0.000000 0.000000 0.000000 0.000000 0.000000 0.000000 0.000000 0.000000 0.000000 0.000000 0.000000 0.000000 0.000000 0.000000 0.000000 0.000000 0.000000 0.000000 
50.000000 37.789225 26.719738 17.613843 10.803964 6.162026 3.269018 1.614848 0.743981 0.320296 0.129132 0.048864 0.017394 0.005838 0.001851 0.000556 0.000158 0.000043 0.000011 0.000003 0.000001 0.000000 0.000000 0.000000 0.000000 0.000000 0.000000 0.000000 0.000000 0.000000 0.000000 0.000000 0.000000 0.000000 0.000000 0.000000 0.000000 0.000000 0.000000 0.000000 0.000000 0.000000 0.000000 0.000000 0.000000 0.000000 0.000000 0.000000 0.000000 0.000000 
50.000000 37.789225 26.719738 17.613843 10.803964 6.162026 3.269018 1.614848 0.743981 0.320296 0.129132 0.048864 0.017394 0.005838 0.001851 0.000556 0.000158 0.000043 0.000011 0.000003 0.000001 0.000000 0.000000 0.000000 0.000000 0.000000 0.000000 0.000000 0.000000 0.000000 0.000000 0.000000 0.000000 0.000000 0.000000 0.000000 0.000000 0.000000 0.000000 0.000000 0.000000 0.000000 0.000000 0.000000 0.000000 0.000000 0.000000 0.000000 0.000000 0.000000 
50.000000 37.789225 26.719738 17.613843 10.803964 6.162026 3.269018 1.614848 0.743981 0.320296 0.129132 0.048864 0.017394 0.005838 0.001851 0.000556 0.000159 0.000043 0.000011 0.000003 0.000001 0.000000 0.000000 0.000000 0.000000 0.000000 0.000000 0.000000 0.000000 0.000000 0.000000 0.000000 0.000000 0.000000 0.000000 0.000000 0.000000 0.000000 0.000000 0.000000 0.000000 0.000000 0.000000 0.000000 0.000000 0.000000 0.000000 0.000000 0.000000 0.000000 
50.000000 37.789226 26.719739 17.613843 10.803965 6.162027 3.269019 1.614849 0.743981 0.320297 0.129133 0.048864 0.017394 0.005838 0.001852 0.000557 0.000159 0.000044 0.000012 0.000003 0.000001 0.000001 0.000001 0.000001 0.000001 0.000001 0.000001 0.000001 0.000001 0.000001 0.000001 0.000001 0.000001 0.000001 0.000001 0.000001 0.000001 0.000001 0.000001 0.000001 0.000001 0.000001 0.000001 0.000001 0.000001 0.000001 0.000000 0.000000 0.000000 0.000000 
50.000000 37.789226 26.719740 17.613844 10.803966 6.162029 3.269021 1.614851 0.743984 0.320299 0.129135 0.048866 0.017397 0.005840 0.001854 0.000559 0.000161 0.000046 0.000014 0.000005 0.000003 0.000003 0.000003 0.000003 0.000003 0.000003 0.000003 0.000003 0.000003 0.000003 0.000003 0.000003 0.000003 0.000003 0.000003 0.000003 0.000003 0.000003 0.000003 0.000003 0.000003 0.000003 0.000003 0.000003 0.000002 0.000002 0.000002 0.000001 0.000001 0.000000 
50.000000 37.789228 26.719744 17.613850 10.803973 6.162036 3.269029 1.614859 0.743992 0.320307 0.129143 0.048875 0.017405 0.005849 0.001862 0.000567 0.000169 0.000054 0.000022 0.000014 0.000012 0.000011 0.000011 0.000011 0.000011 0.000011 0.000011 0.000011 0.000011 0.000011 0.000011 0.000011 0.000011 0.000011 0.000011 0.000011 0.000011 0.000011 0.000011 0.000011 0.000011 0.000011 0.000011 0.000010 0.000010 0.000009 0.000007 0.000005 0.000003 0.000000 
50.000000 37.789236 26.719759 17.613871 10.803998 6.162064 3.269058 1.614890 0.744023 0.320339 0.129175 0.048906 0.017437 0.005881 0.001894 0.000599 0.000201 0.000086 0.000054 0.000046 0.000044 0.000043 0.000043 0.000043 0.000043 0.000043 0.000043 0.000043 0.000043 0.000043 0.000043 0.000043 0.000043 0.000043 0.000043 0.000043 0.000043 0.000043 0.000043 0.000043 0.000043 0.000042 0.000042 0.000041 0.000038 0.000035 0.000029 0.000021 0.000011 0.000000 
50.000000 37.789264 26.719813 17.613946 10.804089 6.162166 3.269167 1.615002 0.744137 0.320454 0.129290 0.049022 0.017552 0.005996 0.002010 0.000714 0.000317 0.000201 0.000169 0.000161 0.000159 0.000159 0.000158 0.000158 0.000158 0.000158 0.000158 0.000158 0.000158 0.000158 0.000158 0.000158 0.000158 0.000158 0.000158 0.000158 0.000158 0.000158 0.000158 0.000158 0.000158 0.000157 0.000155 0.000150 0.000142 0.000128 0.000107 0.000078 0.000041 0.000000 
50.000000 37.789362 26.719999 17.614205 10.804402 6.162515 3.269539 1.615387 0.744529 0.320849 0.129687 0.049419 0.017950 0.006394 0.002407 0.001112 0.000714 0.000599 0.000567 0.000559 0.000557 0.000556 0.000556 0.000556 0.000556 0.000556 0.000556 0.000556 0.000556 0.000556 0.000556 0.000556 0.000556 0.000556 0.000556 0.000556 0.000556 0.000556 0.000556 0.000555 0.000554 0.000550 0.000543 0.000528 0.000499 0.000451 0.000377 0.000274 0.000145 0.000000 
50.000000 37.789681 26.720606 17.615048 10.805421 6.163654 3.270752 1.616642 0.745806 0.322136 0.130979 0.050713 0.019244 0.007689 0.003703 0.002407 0.002010 0.001894 0.001862 0.001854 0.001852 0.001851 0.001851 0.001851 0.001851 0.001851 0.001851 0.001851 0.001851 0.001851 0.001851 0.001851 0.001851 0.001851 0.001851 0.001851 0.001851 0.001851 0.001850 0.001848 0.001844 0.001833 0.001808 0.001759 0.001666 0.001507 0.001261 0.000917 0.000485 0.000000 
50.000000 37.790660 26.722472 17.617642 10.808557 6.167158 3.274484 1.620503 0.749735 0.326098 0.134955 0.054696 0.023230 0.011675 0.007689 0.006394 0.005996 0.005881 0.005849 0.005840 0.005838 0.005838 0.005838 0.005838 0.005838 0.005838 0.005838 0.005838 0.005838 0.005838 0.005838 0.005838 0.005838 0.005838 0.005838 0.005838 0.005837 0.005837 0.005835 0.005829 0.005815 0.005781 0.005706 0.005552 0.005263 0.004767 0.003993 0.002907 0.001538 0.000000 
50.000000 37.793497 26.727878 17.625157 10.817644 6.177313 3.285300 1.631696 0.761125 0.337583 0.146483 0.066241 0.034782 0.023230 0.019244 0.017950 0.017552 0.017437 0.017405 0.017397 0.017394 0.017394 0.017394 0.017394 0.017394 0.017394 0.017394 0.017394 0.017394 0.017394 0.017394 0.017394 0.017394 0.017394 0.017394 0.017394 0.017393 0.017391 0.017385 0.017370 0.017329 0.017231 0.017014 0.016565 0.015718 0.014254 0.011960 0.008719 0.004619 0.000000 
50.000000 37.801217 26.742589 17.645609 10.842379 6.204956 3.314749 1.662173 0.792140 0.368858 0.177875 0.097682 0.066241 0.054696 0.050713 0.049419 0.049022 0.048906 0.048875 0.048866 0.048864 0.048864 0.048864 0.048864 0.048864 0.048864 0.048864 0.048864 0.048864 0.048864 0.048864 0.048864 0.048864 0.048864 0.048863 0.048863 0.048861 0.048856 0.048841 0.048799 0.048690 0.048426 0.047836 0.046611 0.044278 0.040219 0.033811 0.024696 0.013102 0.000000 
50.000000 37.820893 26.780090 17.697749 10.905443 6.275445 3.389850 1.739899 0.871242 0.448627 0.257943 0.177875 0.146483 0.134955 0.130979 0.129687 0.129290 0.129175 0.129143 0.129135 0.129133 0.129132 0.129132 0.129132 0.129132 0.129132 0.129132 0.129132 0.129132 0.129132 0.129132 0.129132 0.129132 0.129132 0.129132 0.129130 0.129126 0.129114 0.129076 0.128972 0.128699 0.128037 0.126541 0.123415 0.117410 0.106863 0.090056 0.065940 0.035050 0.000000 
50.000000 37.867723 26.869345 17.821861 11.055574 6.443271 3.568671 1.924988 1.059618 0.638596 0.448627 0.368858 0.337583 0.326098 0.322136 0.320849 0.320454 0.320339 0.320307 0.320299 0.320297 0.320296 0.320296 0.320296 0.320296 0.320296 0.320296 0.320296 0.320296 0.320296 0.320296 0.320296 0.320296 0.320296 0.320295 0.320292 0.320283 0.320254 0.320168 0.319928 0.319298 0.317754 0.314238 0.306821 0.292419 0.266836 0.225581 0.165714 0.088310 0.000000 
50.000000 37.971449 27.067054 18.096805 11.388194 6.815130 3.964931 2.335163 1.477098 1.059618 0.871242 0.792140 0.761125 0.749735 0.745806 0.744529 0.744137 0.744023 0.743992 0.743984 0.743981 0.743981 0.743981 0.743981 0.743981 0.743981 0.743981 0.743981 0.743981 0.743981 0.743981 0.743981 0.743981 0.743980 0.743979 0.743973 0.743954 0.743894 0.743713 0.743205 0.741864 0.738549 0.730922 0.714650 0.682643 0.624971 0.530549 0.391478 0.209372 0.000000 
50.000000 38.184528 27.473223 18.661690 12.071644 7.579283 4.779294 3.178178 2.335163 1.924988 1.739899 1.662173 1.631696 1.620503 1.616642 1.615387 1.615002 1.614890 1.614859 1.614851 1.614849 1.614848 1.614848 1.614848 1.614848 1.614848 1.614848 1.614848 1.614848 1.614848 1.614848 1.614848 1.614848 1.614847 1.614844 1.614833 1.614797 1.614683 1.614338 1.613359 1.610750 1.604241 1.589089 1.556318 1.490826 1.370685 1.170106 0.868738 0.467052 0.000000 
50.000000 38.589045 28.244346 19.734225 13.369411 9.030423 6.325901 4.779294 3.964931 3.568671 3.389850 3.314749 3.285300 3.274484 3.270752 3.269539 3.269167 3.269058 3.269029 3.269021 3.269019 3.269018 3.269018 3.269018 3.269018 3.269018 3.269018 3.269018 3.269018 3.269018 3.269018 3.269018 3.269018 3.269016 3.269011 3.268993 3.268932 3.268735 3.268139 3.266434 3.261850 3.250281 3.222976 3.162951 3.040645 2.811155 2.418103 1.811270 0.981537 0.000000 
50.000000 39.296170 29.592391 21.609315 15.638454 11.567825 9.030423 7.579283 6.815130 6.443271 6.275445 6.204956 6.177313 6.167158 6.163654 6.162515 6.162166 6.162064 6.162036 6.162029 6.162027 6.162026 6.162026 6.162026 6.162026 6.162026 6.162026 6.162026 6.162026 6.162026 6.162026 6.162026 6.162026 6.162024 6.162016 6.161988 6.161895 6.161595 6.160678 6.158035 6.150852 6.132487 6.088457 5.989777 5.783913 5.386461 4.682436 3.553622 1.950434 0.000000 
50.000000 40.430302 31.754561 24.617011 19.278314 15.638454 13.369411 12.071644 11.388194 11.055574 10.905443 10.842379 10.817644 10.808557 10.805421 10.804402 10.804089 10.803998 10.803973 10.803966 10.803965 10.803964 10.803964 10.803964 10.803964 10.803964 10.803964 10.803964 10.803964 10.803964 10.803964 10.803964 10.803963 10.803960 10.803950 10.803914 10.803791 10.803390 10.802160 10.798579 10.788738 10.763223 10.700959 10.558257 10.251993 9.639157 8.504164 6.584474 3.693586 0.000000 
50.000000 42.093533 34.925540 29.028235 24.617011 21.609315 19.734225 18.661690 18.096805 17.821861 17.697749 17.645609 17.625157 17.617642 17.615048 17.614205 17.613946 17.613871 17.613850 17.613844 17.613843 17.613843 17.613843 17.613843 17.613843 17.613843 17.613843 17.613843 17.613843 17.613843 17.613843 17.613842 17.613842 17.613839 17.613828 17.613787 17.613649 17.613197 17.611799 17.607694 17.596281 17.566256 17.491584 17.316122 16.926879 16.112847 14.514118 11.595334 6.768532 0.000000 
50.000000 44.316938 39.164612 34.925540 31.754561 29.592391 28.244346 27.473223 27.067054 26.869345 26.780090 26.742589 26.727878 26.722472 26.720606 26.719999 26.719813 26.719759 26.719744 26.719740 26.719739 26.719738 26.719738 26.719738 26.719738 26.719738 26.719738 26.719738 26.719738 26.719738 26.719738 26.719738 26.719738 26.719735 26.719725 26.719689 26.719565 26.719159 26.717894 26.714150 26.703632 26.675576 26.604485 26.433077 26.038769 25.170087 23.330206 19.582306 12.345383 0.000000 
50.000000 47.019299 44.316938 42.093533 40.430302 39.296170 38.589045 38.184528 37.971449 37.867723 37.820893 37.801217 37.793497 37.790660 37.789681 37.789362 37.789264 37.789236 37.789228 37.789226 37.789226 37.789225 37.789225 37.789225 37.789225 37.789225 37.789225 37.789225 37.789225 37.789225 37.789225 37.789225 37.789225 37.789223 37.789217 37.789196 37.789122 37.788878 37.788115 37.785844 37.779413 37.762077 37.717476 37.607508 37.345735 36.736717 35.325001 31.971555 23.509650 0.000000 
50.000000 50.000000 50.000000 50.000000 50.000000 50.000000 50.000000 50.000000 50.000000 50.000000 50.000000 50.000000 50.000000 50.000000 50.000000 50.000000 50.000000 50.000000 50.000000 50.000000 50.000000 50.000000 50.000000 50.000000 50.000000 50.000000 50.000000 50.000000 50.000000 50.000000 50.000000 50.000000 50.000000 50.000000 50.000000 50.000000 50.000000 50.000000 50.000000 50.000000 50.000000 50.000000 50.000000 50.000000 50.000000 50.000000 50.000000 50.000000 50.000000 50.000000 
