50.000000 50.000000 50.000000 50.000000 50.000000 50.000000 50.000000 50.000000 50.000000 50.000000 50.000000 50.000000 50.000000 50.000000 50.000000 50.000000 50.000000 50.000000 50.000000 50.000000 50.000000 50.000000 50.000000 50.000000 50.000000 50.000000 50.000000 50.000000 50.000000 50.000000 50.000000 50.000000 50.000000 50.000000 50.000000 50.000000 50.000000 50.000000 50.000000 50.000000 50.000000 50.000000 50.000000 50.000000 50.000000 50.000000 50.000000 50.000000 50.000000 50.000000 
50.000000 48.783847 47.614117 46.531922 45.568764 44.743988 44.064287 43.525074 43.113161 42.810045 42.595092 42.448132 42.351219 42.289546 42.251652 42.229159 42.216255 42.209096 42.205252 42.203254 42.202248 42.201758 42.201525 42.201418 42.201370 42.201349 42.201337 42.201327 42.201311 42.201276 42.201198 42.201029 42.200668 42.199918 42.198402 42.195406 42.189632 42.178754 42.158706 42.122484 42.058169 41.945536 41.749994 41.410997 40.817848 39.753810 37.751857 33.678090 24.391923 0.000000 
50.000000 47.614117 45.319309 43.196233 41.306689 39.688630 38.355186 37.297354 36.489265 35.894617 35.472927 35.184625 34.994506 34.873519 34.799181 34.755057 34.729743 34.715698 34.708158 34.704239 34.702266 34.701303 34.700847 34.700638 34.700544 34.700501 34.700479 34.700460 34.700429 34.700364 34.700219 34.699903 34.699230 34.697837 34.695020 34.689469 34.678794 34.658747 34.621946 34.555803 34.439184 34.236925 33.890652 33.302756 32.307240 30.614696 27.707916 22.659655 13.936027 0.000000 
50.000000 46.531922 43.196233 40.110175 37.363582 35.011622 33.073378 31.535762 30.361167 29.496826 28.883890 28.464840 28.188502 28.012649 27.904601 27.840469 27.803677 27.783264 27.772306 27.766610 27.763742 27.762343 27.761680 27.761376 27.761239 27.761178 27.761146 27.761120 27.761078 27.760990 27.760796 27.760374 27.759478 27.757625 27.753888 27.746547 27.732484 27.706203 27.658248 27.572728 27.423474 27.168126 26.739058 26.029428 24.872008 23.008788 20.055087 15.488317 8.780065 0.000000 
50.000000 45.568764 41.306689 37.363582 33.854229 30.849116 28.372626 26.408030 24.907277 23.802936 23.019817 22.484422 22.131367 21.906696 21.768655 21.686722 21.639719 21.613641 21.599641 21.592365 21.588702 21.586914 21.586068 21.585679 21.585504 21.585426 21.585387 21.585356 21.585308 21.585207 21.584986 21.584508 21.583494 21.581403 21.577202 21.568981 21.553310 21.524201 21.471483 21.378352 21.217759 20.947254 20.501889 19.784945 18.657080 16.927114 14.354794 10.691992 5.814954 0.000000 
50.000000 44.743988 39.688630 35.011622 30.849116 27.284718 24.347347 22.017155 20.237139 18.927316 17.998493 17.363495 16.944764 16.678304 16.514590 16.417421 16.361677 16.330751 16.314149 16.305521 16.301176 16.299056 16.298053 16.297592 16.297385 16.297293 16.297248 16.297214 16.297164 16.297061 16.296836 16.296349 16.295321 16.293208 16.288980 16.280745 16.265137 16.236340 16.184621 16.094189 15.940225 15.684995 15.273155 14.626858 13.642359 12.192036 10.139613 7.381390 3.926140 0.000000 
50.000000 44.064287 38.355186 33.073378 28.372626 24.347347 21.030195 18.398750 16.388630 14.909502 13.860637 13.143580 12.670746 12.369862 12.185001 12.075282 12.012341 11.977422 11.958678 11.948935 11.944031 11.941637 11.940504 11.939984 11.939751 11.939647 11.939598 11.939563 11.939514 11.939417 11.939206 11.938751 11.937794 11.935834 11.931928 11.924359 11.910101 11.883984 11.837484 11.757024 11.621764 11.400975 11.051349 10.515098 9.720489 8.587680 7.043950 5.052430 2.653291 0.000000 
50.000000 43.525074 37.297354 31.535762 26.408030 22.017155 18.398750 15.528351 13.335723 11.722317 10.578248 9.796118 9.280382 8.952203 8.750576 8.630908 8.562261 8.524178 8.503735 8.493111 8.487762 8.485151 8.483916 8.483349 8.483095 8.482982 8.482930 8.482896 8.482852 8.482766 8.482582 8.482186 8.481355 8.479662 8.476302 8.469828 8.457707 8.435666 8.396761 8.330127 8.219461 8.041394 7.764176 7.347400 6.744000 5.906141 4.796703 3.406703 1.775079 0.000000 
50.000000 43.113161 36.489265 30.361167 24.907277 20.237139 16.388630 13.335723 11.003703 9.287750 8.070980 7.239160 6.690667 6.341650 6.127223 5.999962 5.926960 5.886462 5.864723 5.853425 5.847738 5.844962 5.843649 5.843045 5.842775 5.842657 5.842603 5.842570 5.842532 5.842461 5.842309 5.841985 5.841308 5.839934 5.837220 5.832017 5.822337 5.804861 5.774271 5.722384 5.637175 5.501852 5.294329 4.987655 4.552144 3.960022 3.193041 2.252340 1.167624 0.000000 
50.000000 42.810045 35.894617 29.496826 23.802936 18.927316 14.909502 11.722317 9.287750 7.496358 6.226111 5.357743 4.785159 4.420817 4.196980 4.064136 3.987932 3.945659 3.922968 3.911175 3.905239 3.902342 3.900971 3.900341 3.900060 3.899937 3.899881 3.899850 3.899819 3.899762 3.899645 3.899394 3.898873 3.897818 3.895745 3.891793 3.884483 3.871378 3.848619 3.810361 3.748179 3.650575 3.502856 3.287738 2.987090 2.585177 2.073352 1.455433 0.751876 0.000000 
50.000000 42.595092 35.472927 28.883890 23.019817 17.998493 13.860637 10.578248 8.070980 6.226111 4.917957 4.023685 3.434028 3.058828 2.828323 2.691523 2.613052 2.569522 2.546156 2.534013 2.527900 2.524917 2.523506 2.522857 2.522568 2.522441 2.522386 2.522357 2.522331 2.522288 2.522201 2.522017 2.521636 2.520867 2.519364 2.516512 2.511268 2.501927 2.485824 2.458978 2.415750 2.348596 2.248121 2.103613 1.904304 1.641464 1.311161 0.917124 0.472608 0.000000 
50.000000 42.448132 35.184625 28.464840 22.484422 17.363495 13.143580 9.796118 7.239160 5.357743 4.023685 3.111714 2.510392 2.127775 1.892715 1.753214 1.673194 1.628805 1.604979 1.592597 1.586364 1.583322 1.581883 1.581222 1.580927 1.580799 1.580743 1.580716 1.580695 1.580664 1.580602 1.580474 1.580208 1.579674 1.578635 1.576674 1.573086 1.566734 1.555857 1.537862 1.509124 1.464889 1.399357 1.306096 1.178874 1.012939 0.806592 0.562680 0.289426 0.000000 
50.000000 42.351219 34.994506 28.188502 22.131367 16.944764 12.670746 9.280382 6.690667 4.785159 3.434028 2.510392 1.901384 1.513879 1.275819 1.134539 1.053499 1.008545 0.984416 0.971877 0.965564 0.962484 0.961027 0.960358 0.960059 0.959929 0.959873 0.959848 0.959830 0.959809 0.959767 0.959681 0.959504 0.959150 0.958463 0.957173 0.954825 0.950692 0.943659 0.932101 0.913780 0.885805 0.844716 0.786762 0.708425 0.607166 0.482300 0.335760 0.172465 0.000000 
50.000000 42.289546 34.873519 28.012649 21.906696 16.678304 12.369862 8.952203 6.341650 4.420817 3.058828 2.127775 1.513879 1.123266 0.883299 0.740888 0.659201 0.613887 0.589565 0.576926 0.570564 0.567459 0.565990 0.565316 0.565015 0.564884 0.564828 0.564804 0.564789 0.564774 0.564747 0.564692 0.564579 0.564354 0.563919 0.563106 0.561633 0.559054 0.554689 0.547560 0.536334 0.519313 0.494496 0.459761 0.413168 0.353386 0.280165 0.194725 0.099914 0.000000 
50.000000 42.251652 34.799181 27.904601 21.768655 16.514590 12.185001 8.750576 6.127223 4.196980 2.828323 1.892715 1.275819 0.883299 0.642161 0.499056 0.416971 0.371438 0.346998 0.334297 0.327904 0.324784 0.323308 0.322630 0.322328 0.322197 0.322141 0.322117 0.322105 0.322094 0.322077 0.322043 0.321974 0.321837 0.321573 0.321080 0.320193 0.318646 0.316041 0.311810 0.305187 0.295206 0.280747 0.260641 0.233845 0.199674 0.158054 0.109712 0.056245 0.000000 
50.000000 42.229159 34.755057 27.840469 21.686722 16.417421 12.075282 8.630908 5.999962 4.064136 2.691523 1.753214 1.134539 0.740888 0.499056 0.355540 0.273220 0.227556 0.203045 0.190309 0.183897 0.180769 0.179288 0.178609 0.178306 0.178174 0.178119 0.178095 0.178084 0.178077 0.178066 0.178045 0.178005 0.177924 0.177770 0.177483 0.176969 0.176075 0.174578 0.172159 0.168390 0.162743 0.154606 0.143355 0.128441 0.109521 0.086581 0.060037 0.030758 0.000000 
50.000000 42.216255 34.729743 27.803677 21.639719 16.361677 12.012341 8.562261 5.926960 3.987933 2.613052 1.673194 1.053499 0.659201 0.416971 0.273220 0.190764 0.145026 0.120475 0.107718 0.101296 0.098162 0.096680 0.095999 0.095695 0.095564 0.095508 0.095485 0.095475 0.095469 0.095463 0.095451 0.095428 0.095382 0.095295 0.095135 0.094847 0.094350 0.093520 0.092185 0.090115 0.087027 0.082600 0.076507 0.068469 0.058316 0.046052 0.031906 0.016337 0.000000 
50.000000 42.209096 34.715698 27.783264 21.613641 16.330751 11.977422 8.524178 5.886462 3.945659 2.569522 1.628805 1.008545 0.613888 0.371438 0.227556 0.145026 0.099245 0.074673 0.061904 0.055476 0.052340 0.050856 0.050175 0.049871 0.049739 0.049684 0.049661 0.049651 0.049646 0.049642 0.049636 0.049623 0.049598 0.049551 0.049464 0.049309 0.049042 0.048598 0.047886 0.046787 0.045154 0.042823 0.039628 0.035430 0.030147 0.023786 0.016468 0.008428 0.000000 
50.000000 42.205252 34.708158 27.772306 21.599642 16.314149 11.958678 8.503735 5.864723 3.922968 2.546156 1.604979 0.984416 0.589566 0.346998 0.203046 0.120476 0.074673 0.050089 0.037314 0.030883 0.027745 0.026261 0.025579 0.025275 0.025143 0.025088 0.025065 0.025056 0.025052 0.025049 0.025045 0.025038 0.025025 0.025001 0.024955 0.024874 0.024736 0.024506 0.024139 0.023574 0.022739 0.021550 0.019927 0.017801 0.015134 0.011932 0.008256 0.004224 0.000000 
50.000000 42.203255 34.704240 27.766611 21.592366 16.305521 11.948936 8.493111 5.853426 3.911176 2.534013 1.592598 0.971877 0.576927 0.334298 0.190309 0.107719 0.061905 0.037315 0.024536 0.018104 0.014965 0.013480 0.012798 0.012494 0.012363 0.012307 0.012284 0.012275 0.012271 0.012269 0.012267 0.012264 0.012257 0.012244 0.012221 0.012181 0.012111 0.011996 0.011813 0.011532 0.011118 0.010530 0.009730 0.008686 0.007380 0.005815 0.004021 0.002057 0.000000 
50.000000 42.202249 34.702267 27.763743 21.588703 16.301178 11.944032 8.487763 5.847739 3.905240 2.527902 1.586366 0.965566 0.570566 0.327906 0.183899 0.101298 0.055478 0.030885 0.018105 0.011672 0.008533 0.007047 0.006365 0.006061 0.005930 0.005874 0.005852 0.005843 0.005839 0.005837 0.005836 0.005834 0.005831 0.005825 0.005813 0.005794 0.005760 0.005704 0.005615 0.005480 0.005281 0.004999 0.004617 0.004119 0.003497 0.002754 0.001904 0.000973 0.000000 
50.000000 42.201758 34.701305 27.762345 21.586917 16.299060 11.941641 8.485156 5.844967 3.902347 2.524922 1.583328 0.962490 0.567465 0.324790 0.180774 0.098168 0.052346 0.027751 0.014970 0.008536 0.005397 0.003912 0.003230 0.002926 0.002794 0.002739 0.002716 0.002707 0.002703 0.002702 0.002701 0.002700 0.002698 0.002695 0.002690 0.002681 0.002665 0.002638 0.002597 0.002533 0.002440 0.002309 0.002131 0.001901 0.001613 0.001270 0.000877 0.000448 0.000000 
50.000000 42.201528 34.700852 27.761687 21.586076 16.298063 11.940516 8.483929 5.843662 3.900984 2.523520 1.581897 0.961041 0.566005 0.323323 0.179303 0.096694 0.050871 0.026275 0.013494 0.007060 0.003921 0.002435 0.001753 0.001449 0.001318 0.001262 0.001240 0.001231 0.001227 0.001226 0.001225 0.001224 0.001224 0.001222 0.001220 0.001215 0.001208 0.001196 0.001177 0.001148 0.001105 0.001045 0.000964 0.000860 0.000729 0.000574 0.000396 0.000203 0.000000 
50.000000 42.201424 34.700650 27.761393 21.585701 16.297618 11.940013 8.483380 5.843079 3.900376 2.522893 1.581259 0.960394 0.565353 0.322667 0.178646 0.096036 0.050212 0.025616 0.012835 0.006401 0.003261 0.001776 0.001094 0.000790 0.000658 0.000603 0.000580 0.000571 0.000568 0.000566 0.000566 0.000565 0.000565 0.000564 0.000563 0.000561 0.000558 0.000552 0.000543 0.000529 0.000510 0.000482 0.000444 0.000396 0.000336 0.000264 0.000182 0.000093 0.000000 
50.000000 42.201385 34.700573 27.761282 21.585559 16.297450 11.939823 8.483173 5.842859 3.900146 2.522657 1.581018 0.960150 0.565107 0.322420 0.178398 0.095788 0.049963 0.025367 0.012586 0.006152 0.003013 0.001527 0.000845 0.000541 0.000410 0.000354 0.000332 0.000323 0.000319 0.000318 0.000317 0.000317 0.000317 0.000316 0.000316 0.000314 0.000312 0.000309 0.000304 0.000297 0.000285 0.000270 0.000249 0.000221 0.000188 0.000148 0.000102 0.000052 0.000000 
50.000000 42.201385 34.700573 27.761282 21.585559 16.297450 11.939823 8.483173 5.842859 3.900146 2.522657 1.581018 0.960150 0.565107 0.322420 0.178398 0.095788 0.049963 0.025367 0.012586 0.006152 0.003013 0.001527 0.000845 0.000541 0.000410 0.000354 0.000332 0.000323 0.000319 0.000318 0.000317 0.000317 0.000317 0.000316 0.000316 0.000314 0.000312 0.000309 0.000304 0.000297 0.000285 0.000270 0.000249 0.000221 0.000188 0.000148 0.000102 0.000052 0.000000 
50.000000 42.201424 34.700650 27.761393 21.585701 16.297618 11.940013 8.483380 5.843079 3.900376 2.522893 1.581259 0.960394 0.565353 0.322667 0.178646 0.096036 0.050212 0.025616 0.012835 0.006401 0.003261 0.001776 0.001094 0.000790 0.000658 0.000603 0.000580 0.000571 0.000568 0.000566 0.000566 0.000565 0.000565 0.000564 0.000563 0.000561 0.000558 0.000552 0.000543 0.000529 0.000510 0.000482 0.000444 0.000396 0.000336 0.000264 0.000182 0.000093 0.000000 
50.000000 42.201528 34.700852 27.761687 21.586076 16.298063 11.940516 8.483929 5.843662 3.900984 2.523520 1.581897 0.961041 0.566005 0.323323 0.179303 0.096694 0.050871 0.026275 0.013494 0.007060 0.003921 0.002435 0.001753 0.001449 0.001318 0.001262 0.001240 0.001231 0.001227 0.001226 0.001225 0.001224 0.001224 0.001222 0.001220 0.001215 0.001208 0.001196 0.001177 0.001148 0.001105 0.001045 0.000964 0.000860 0.000729 0.000574 0.000396 0.000203 0.000000 
50.000000 42.201758 34.701305 27.762345 21.586917 16.299060 11.941641 8.485156 5.844967 3.902347 2.524922 1.583328 0.962490 0.567465 0.324790 0.180774 0.098168 0.052346 0.027751 0.014970 0.008536 0.005397 0.003912 0.003230 0.002926 0.002794 0.002739 0.002716 0.002707 0.002703 0.002702 0.002701 0.002700 0.002698 0.002695 0.002690 0.002681 0.002665 0.002638 0.002597 0.002533 0.002440 0.002309 0.002131 0.001901 0.001613 0.001270 0.000877 0.000448 0.000000 
50.000000 42.202249 34.702267 27.763743 21.588703 16.301178 11.944032 8.487763 5.847739 3.905240 2.527902 1.586366 0.965566 0.570566 0.327906 0.183899 0.101298 0.055478 0.030885 0.018105 0.011672 0.008533 0.007047 0.006365 0.006061 0.005930 0.005874 0.005852 0.005843 0.005839 0.005837 0.005836 0.005834 0.005831 0.005825 0.005813 0.005794 0.005760 0.005704 0.005615 0.005480 0.005281 0.004999 0.004617 0.004119 0.003497 0.002754 0.001904 0.000973 0.000000 
50.000000 42.203255 34.704240 27.766611 21.592366 16.305521 11.948936 8.493111 5.853426 3.911176 2.534013 1.592598 0.971877 0.576927 0.334298 0.190309 0.107719 0.061905 0.037315 0.024536 0.018104 0.014965 0.013480 0.012798 0.012494 0.012363 0.012307 0.012284 0.012275 0.012271 0.012269 0.012267 0.012264 0.012257 0.012244 0.012221 0.012181 0.012111 0.011996 0.011813 0.011532 0.011118 0.010530 0.009730 0.008686 0.007380 0.005815 0.004021 0.002057 0.000000 
50.000000 42.205252 34.708158 27.772306 21.599642 16.314149 11.958678 8.503735 5.864723 3.922968 2.546156 1.604979 0.984416 0.589566 0.346998 0.203046 0.120476 0.074673 0.050089 0.037314 0.030883 0.027745 0.026261 0.025579 0.025275 0.025143 0.025088 0.025065 0.025056 0.025052 0.025049 0.025045 0.025038 0.025025 0.025001 0.024955 0.024874 0.024736 0.024506 0.024139 0.023574 0.022739 0.021550 0.019927 0.017801 0.015134 0.011932 0.008256 0.004224 0.000000 
50.000000 42.209096 34.715698 27.783264 21.613641 16.330751 11.977422 8.524178 5.886462 3.945659 2.569522 1.628805 1.008545 0.613888 0.371438 0.227556 0.145026 0.099245 0.074673 0.061904 0.055476 0.052340 0.050856 0.050175 0.049871 0.049739 0.049684 0.049661 0.049651 0.049646 0.049642 0.049636 0.049623 0.049598 0.049551 0.049464 0.049309 0.049042 0.048598 0.047886 0.046787 0.045154 0.042823 0.039628 0.035430 0.030147 0.023786 0.016468 0.008428 0.000000 
50.000000 42.216255 34.729743 27.803677 21.639719 16.361677 12.012341 8.562261 5.926960 3.987933 2.613052 1.673194 1.053499 0.659201 0.416971 0.273220 0.190764 0.145026 0.120475 0.107718 0.101296 0.098162 0.096680 0.095999 0.095695 0.095564 0.095508 0.095485 0.095475 0.095469 0.095463 0.095451 0.095428 0.095382 0.095295 0.095135 0.094847 0.094350 0.093520 0.092185 0.090115 0.087027 0.082600 0.076507 0.068469 0.058316 0.046052 0.031906 0.016337 0.000000 
50.000000 42.229159 34.755057 27.840469 21.686722 16.417421 12.075282 8.630908 5.999962 4.064136 2.691523 1.753214 1.134539 0.740888 0.499056 0.355540 0.273220 0.227556 0.203045 0.190309 0.183897 0.180769 0.179288 0.178609 0.178306 0.178174 0.178119 0.178095 0.178084 0.178077 0.178066 0.178045 0.178005 0.177924 0.177770 0.177483 0.176969 0.176075 0.174578 0.172159 0.168390 0.162743 0.154606 0.143355 0.128441 0.109521 0.086581 0.060037 0.030758 0.000000 
50.000000 42.251652 34.799181 27.904601 21.768655 16.514590 12.185001 8.750576 6.127223 4.196980 2.828323 1.892715 1.275819 0.883299 0.642161 0.499056 0.416971 0.371438 0.346998 0.334297 0.327904 0.324784 0.323308 0.322630 0.322328 0.322197 0.322141 0.322117 0.322105 0.322094 0.322077 0.322043 0.321974 0.321837 0.321573 0.321080 0.320193 0.318646 0.316041 0.311810 0.305187 0.295206 0.280747 0.260641 0.233845 0.199674 0.158054 0.109712 0.056245 0.000000 
50.000000 42.289546 34.873519 28.012649 21.906696 16.678304 12.369862 8.952203 6.341650 4.420817 3.058828 2.127775 1.513879 1.123266 0.883299 0.740888 0.659201 0.613887 0.589565 0.576926 0.570564 0.567459 0.565990 0.565316 0.565015 0.564884 0.564828 0.564804 0.564789 0.564774 0.564747 0.564692 0.564579 0.564354 0.563919 0.563106 0.561633 0.559054 0.554689 0.547560 0.536334 0.519313 0.494496 0.459761 0.413168 0.353386 0.280165 0.194725 0.099914 0.000000 
50.000000 42.351219 34.994506 28.188502 22.131367 16.944764 12.670746 9.280382 6.690667 4.785159 3.434028 2.510392 1.901384 1.513879 1.275819 1.134539 1.053499 1.008545 0.984416 0.971877 0.965564 0.962484 0.961027 0.960358 0.960059 0.959929 0.959873 0.959848 0.959830 0.959809 0.959767 0.959681 0.959504 0.959150 0.958463 0.957173 0.954825 0.950692 0.943659 0.932101 0.913780 0.885805 0.844716 0.786762 0.708425 0.607166 0.482300 0.335760 0.172465 0.000000 
50.000000 42.448132 35.184625 28.464840 22.484422 17.363495 13.143580 9.796118 7.239160 5.357743 4.023685 3.111714 2.510392 2.127775 1.892715 1.753214 1.673194 1.628805 1.604979 1.592597 1.586364 1.583322 1.581883 1.581222 1.580927 1.580799 1.580743 1.580716 1.580695 1.580664 1.580602 1.580474 1.580208 1.579674 1.578635 1.576674 1.573086 1.566734 1.555857 1.537862 1.509124 1.464889 1.399357 1.306096 1.178874 1.012939 0.806592 0.562680 0.289426 0.000000 
50.000000 42.595092 35.472927 28.883890 23.019817 17.998493 13.860637 10.578248 8.070980 6.226111 4.917957 4.023685 3.434028 3.058828 2.828323 2.691523 2.613052 2.569522 2.546156 2.534013 2.527900 2.524917 2.523506 2.522857 2.522568 2.522441 2.522386 2.522357 2.522331 2.522288 2.522201 2.522017 2.521636 2.520867 2.519364 2.516512 2.511268 2.501927 2.485824 2.458978 2.415750 2.348596 2.248121 2.103613 1.904304 1.641464 1.311161 0.917124 0.472608 0.000000 
50.000000 42.810045 35.894617 29.496826 23.802936 18.927316 14.909502 11.722317 9.287750 7.496358 6.226111 5.357743 4.785159 4.420817 4.196980 4.064136 3.987932 3.945659 3.922968 3.911175 3.905239 3.902342 3.900971 3.900341 3.900060 3.899937 3.899881 3.899850 3.899819 3.899762 3.899645 3.899394 3.898873 3.897818 3.895745 3.891793 3.884483 3.871378 3.848619 3.810361 3.748179 3.650575 3.502856 3.287738 2.987090 2.585177 2.073352 1.455433 0.751876 0.000000 
50.000000 43.113161 36.489265 30.361167 24.907277 20.237139 16.388630 13.335723 11.003703 9.287750 8.070980 7.239160 6.690667 6.341650 6.127223 5.999962 5.926960 5.886462 5.864723 5.853425 5.847738 5.844962 5.843649 5.843045 5.842775 5.842657 5.842603 5.842570 5.842532 5.842461 5.842309 5.841985 5.841308 5.839934 5.837220 5.832017 5.822337 5.804861 5.774271 5.722384 5.637175 5.501852 5.294329 4.987655 4.552144 3.960022 3.193041 2.252340 1.167624 0.000000 
50.000000 43.525074 37.297354 31.535762 26.408030 22.017155 18.398750 15.528351 13.335723 11.722317 10.578248 9.796118 9.280382 8.952203 8.750576 8.630908 8.562261 8.524178 8.503735 8.493111 8.487762 8.485151 8.483916 8.483349 8.483095 8.482982 8.482930 8.482896 8.482852 8.482766 8.482582 8.482186 8.481355 8.479662 8.476302 8.469828 8.457707 8.435666 8.396761 8.330127 8.219461 8.041394 7.764176 7.347400 6.744000 5.906141 4.796703 3.406703 1.775079 0.000000 
50.000000 44.064287 38.355186 33.073378 28.372626 24.347347 21.030195 18.398750 16.388630 14.909502 13.860637 13.143580 12.670746 12.369862 12.185001 12.075282 12.012341 11.977422 11.958678 11.948935 11.944031 11.941637 11.940504 11.939984 11.939751 11.939647 11.939598 11.939563 11.939514 11.939417 11.939206 11.938751 11.937794 11.935834 11.931928 11.924359 11.910101 11.883984 11.837484 11.757024 11.621764 11.400975 11.051349 10.515098 9.720489 8.587680 7.043950 5.052430 2.653291 0.000000 
50.000000 44.743988 39.688630 35.011622 30.849116 27.284718 24.347347 22.017155 20.237139 18.927316 17.998493 17.363495 16.944764 16.678304 16.514590 16.417421 16.361677 16.330751 16.314149 16.305521 16.301176 16.299056 16.298053 16.297592 16.297385 16.297293 16.297248 16.297214 16.297164 16.297061 16.296836 16.296349 16.295321 16.293208 16.288980 16.280745 16.265137 16.236340 16.184621 16.094189 15.940225 15.684995 15.273155 14.626858 13.642359 12.192036 10.139613 7.381390 3.926140 0.000000 
50.000000 45.568764 41.306689 37.363582 33.854229 30.849116 28.372626 26.408030 24.907277 23.802936 23.019817 22.484422 22.131367 21.906696 21.768655 21.686722 21.639719 21.613641 21.599641 21.592365 21.588702 21.586914 21.586068 21.585679 21.585504 21.585426 21.585387 21.585356 21.585308 21.585207 21.584986 21.584508 21.583494 21.581403 21.577202 21.568981 21.553310 21.524201 21.471483 21.378352 21.217759 20.947254 20.501889 19.784945 18.657080 16.927114 14.354794 10.691992 5.814954 0.000000 
50.000000 46.531922 43.196233 40.110175 37.363582 35.011622 33.073378 31.535762 30.361167 29.496826 28.883890 28.464840 28.188502 28.012649 27.904601 27.840469 27.803677 27.783264 27.772306 27.766610 27.763742 27.762343 27.761680 27.761376 27.761239 27.761178 27.761146 27.761120 27.761078 27.760990 27.760796 27.760374 27.759478 27.757625 27.753888 27.746547 27.732484 27.706203 27.658248 27.572728 27.423474 27.168126 26.739058 26.029428 24.872008 23.008788 20.055087 15.488317 8.780065 0.000000 
50.000000 47.614117 45.319309 43.196233 41.306689 39.688630 38.355186 37.297354 36.489265 35.894617 35.472927 35.184625 34.994506 34.873519 34.799181 34.755057 34.729743 34.715698 34.708158 34.704239 34.702266 34.701303 34.700847 34.700638 34.700544 34.700501 34.700479 34.700460 34.700429 34.700364 34.700219 34.699903 34.699230 34.697837 34.695020 34.689469 34.678794 34.658747 34.621946 34.555803 34.439184 34.236925 33.890652 33.302756 32.307240 30.614696 27.707916 22.659655 13.936027 0.000000 
50.000000 48.783847 47.614117 46.531922 45.568764 44.743988 44.064287 43.525074 43.113161 42.810045 42.595092 42.448132 42.351219 42.289546 42.251652 42.229159 42.216255 42.209096 42.205252 42.203254 42.202248 42.201758 42.201525 42.201418 42.201370 42.201349 42.201337 42.201327 42.201311 42.201276 42.201198 42.201029 42.200668 42.199918 42.198402 42.195406 42.189632 42.178754 42.158706 42.122484 42.058169 41.945536 41.749994 41.410997 40.817848 39.753810 37.751857 33.678090 24.391923 0.000000 
50.000000 50.000000 50.000000 50.000000 50.000000 50.000000 50.000000 50.000000 50.000000 50.000000 50.000000 50.000000 50.000000 50.000000 50.000000 50.000000 50.000000 50.000000 50.000000 50.000000 50.000000 50.000000 50.000000 50.000000 50.000000 50.000000 50.000000 50.000000 50.000000 50.000000 50.000000 50.000000 50.000000 50.000000 50.000000 50.000000 50.000000 50.000000 50.000000 50.000000 50.000000 50.000000 50.000000 50.000000 50.000000 50.000000 50.000000 50.000000 50.000000 50.000000 
