50.000000 50.000000 50.000000 50.000000 50.000000 50.000000 50.000000 50.000000 50.000000 50.000000 50.000000 50.000000 50.000000 50.000000 50.000000 50.000000 50.000000 50.000000 50.000000 50.000000 50.000000 50.000000 50.000000 50.000000 50.000000 50.000000 50.000000 50.000000 50.000000 50.000000 50.000000 50.000000 50.000000 50.000000 50.000000 50.000000 50.000000 50.000000 50.000000 50.000000 50.000000 50.000000 50.000000 50.000000 50.000000 50.000000 50.000000 50.000000 50.000000 50.000000 
50.000000 44.243056 39.519231 36.311308 34.483727 33.596957 33.225100 33.088535 33.044094 33.031148 33.027742 33.026926 33.026748 33.026711 33.026705 33.026704 33.026703 33.026703 33.026703 33.026703 33.026703 33.026703 33.026703 33.026703 33.026703 33.026703 33.026703 33.026703 33.026703 33.026703 33.026703 33.026703 33.026703 33.026703 33.026703 33.026703 33.026703 33.026701 33.026689 33.026627 33.026325 33.024967 33.019293 32.997356 32.918798 32.657132 31.838314 29.384587 22.121528 0.000000 
50.000000 39.519231 30.919916 25.080950 21.755051 20.141634 19.465235 19.216894 19.136103 19.112576 19.106388 19.104907 19.104582 19.104516 19.104504 19.104502 19.104502 19.104502 19.104502 19.104502 19.104502 19.104502 19.104502 19.104502 19.104502 19.104502 19.104502 19.104502 19.104502 19.104502 19.104502 19.104502 19.104502 19.104502 19.104502 19.104501 19.104501 19.104498 19.104482 19.104397 19.103987 19.102165 19.094673 19.066369 18.968424 18.659014 17.769872 15.459958 10.134645 0.000000 
50.000000 36.311308 25.080950 17.456776 13.115019 11.009387 10.126913 9.803023 9.697693 9.667030 9.658969 9.657041 9.656618 9.656533 9.656517 9.656514 9.656513 9.656513 9.656513 9.656513 9.656513 9.656513 9.656513 9.656513 9.656513 9.656513 9.656513 9.656513 9.656513 9.656513 9.656513 9.656513 9.656513 9.656513 9.656513 9.656513 9.656513 9.656510 9.656497 9.656426 9.656090 9.654612 9.648635 9.626565 9.552590 9.329270 8.728388 7.311077 4.472993 0.000000 
50.000000 34.483727 21.755051 13.115019 8.195795 5.810717 4.811414 4.444760 4.325562 4.290875 4.281759 4.279579 4.279101 4.279005 4.278987 4.278984 4.278983 4.278983 4.278983 4.278983 4.278983 4.278983 4.278983 4.278983 4.278983 4.278983 4.278983 4.278983 4.278983 4.278983 4.278983 4.278983 4.278983 4.278983 4.278983 4.278983 4.278983 4.278981 4.278973 4.278930 4.278726 4.277837 4.274299 4.261490 4.219679 4.097898 3.785748 3.096037 1.826595 0.000000 
50.000000 33.596957 20.141634 11.009387 5.810717 3.290614 2.234958 1.847716 1.721855 1.685238 1.675617 1.673317 1.672813 1.672712 1.672693 1.672689 1.672689 1.672689 1.672689 1.672689 1.672689 1.672689 1.672689 1.672689 1.672689 1.672689 1.672689 1.672689 1.672689 1.672689 1.672689 1.672689 1.672689 1.672689 1.672689 1.672689 1.672689 1.672688 1.672684 1.672663 1.672563 1.672135 1.670453 1.664459 1.645307 1.591037 1.456796 1.173210 0.678159 0.000000 
50.000000 33.225100 19.465235 10.126913 4.811414 2.234958 1.155830 0.760030 0.631405 0.593989 0.584161 0.581811 0.581297 0.581193 0.581173 0.581170 0.581169 0.581169 0.581169 0.581169 0.581169 0.581169 0.581169 0.581169 0.581169 0.581169 0.581169 0.581169 0.581169 0.581169 0.581169 0.581169 0.581169 0.581169 0.581169 0.581169 0.581169 0.581169 0.581167 0.581159 0.581118 0.580946 0.580275 0.577915 0.570499 0.549924 0.500347 0.398866 0.227744 0.000000 
50.000000 33.088535 19.216894 9.803023 4.444760 1.847716 0.760030 0.361116 0.231489 0.193785 0.183881 0.181513 0.180995 0.180890 0.180871 0.180867 0.180867 0.180867 0.180867 0.180867 0.180867 0.180867 0.180867 0.180867 0.180867 0.180867 0.180867 0.180867 0.180867 0.180867 0.180867 0.180867 0.180867 0.180867 0.180867 0.180867 0.180867 0.180867 0.180866 0.180863 0.180849 0.180789 0.180558 0.179755 0.177263 0.170461 0.154388 0.122221 0.069242 0.000000 
50.000000 33.044094 19.136103 9.697693 4.325562 1.721855 0.631405 0.231489 0.101540 0.063743 0.053815 0.051442 0.050922 0.050817 0.050798 0.050794 0.050794 0.050793 0.050793 0.050793 0.050793 0.050793 0.050793 0.050793 0.050793 0.050793 0.050793 0.050793 0.050793 0.050793 0.050793 0.050793 0.050793 0.050793 0.050793 0.050793 0.050793 0.050793 0.050793 0.050792 0.050788 0.050770 0.050700 0.050459 0.049719 0.047725 0.043081 0.033938 0.019127 0.000000 
50.000000 33.031148 19.112576 9.667030 4.290875 1.685238 0.593989 0.193785 0.063743 0.025919 0.015984 0.013610 0.013090 0.012985 0.012965 0.012962 0.012961 0.012961 0.012961 0.012961 0.012961 0.012961 0.012961 0.012961 0.012961 0.012961 0.012961 0.012961 0.012961 0.012961 0.012961 0.012961 0.012961 0.012961 0.012961 0.012961 0.012961 0.012961 0.012961 0.012961 0.012960 0.012955 0.012936 0.012871 0.012675 0.012149 0.010940 0.008588 0.004823 0.000000 
50.000000 33.027742 19.106388 9.658969 4.281759 1.675617 0.584161 0.183881 0.053815 0.015984 0.006048 0.003673 0.003153 0.003048 0.003028 0.003025 0.003024 0.003024 0.003024 0.003024 0.003024 0.003024 0.003024 0.003024 0.003024 0.003024 0.003024 0.003024 0.003024 0.003024 0.003024 0.003024 0.003024 0.003024 0.003024 0.003024 0.003024 0.003024 0.003024 0.003024 0.003024 0.003022 0.003018 0.003002 0.002955 0.002829 0.002543 0.001991 0.001115 0.000000 
50.000000 33.026926 19.104907 9.657041 4.279579 1.673317 0.581811 0.181513 0.051442 0.013610 0.003673 0.001298 0.000777 0.000672 0.000653 0.000649 0.000649 0.000649 0.000649 0.000649 0.000649 0.000649 0.000649 0.000649 0.000649 0.000649 0.000649 0.000649 0.000649 0.000649 0.000649 0.000649 0.000649 0.000649 0.000649 0.000649 0.000649 0.000649 0.000649 0.000649 0.000649 0.000648 0.000647 0.000644 0.000634 0.000606 0.000544 0.000425 0.000238 0.000000 
50.000000 33.026748 19.104582 9.656618 4.279101 1.672813 0.581297 0.180995 0.050922 0.013090 0.003153 0.000777 0.000257 0.000152 0.000133 0.000129 0.000129 0.000129 0.000129 0.000129 0.000129 0.000129 0.000129 0.000129 0.000129 0.000129 0.000129 0.000129 0.000129 0.000129 0.000129 0.000129 0.000129 0.000129 0.000129 0.000129 0.000129 0.000129 0.000129 0.000129 0.000129 0.000129 0.000128 0.000128 0.000126 0.000120 0.000108 0.000084 0.000047 0.000000 
50.000000 33.026711 19.104516 9.656533 4.279005 1.672712 0.581193 0.180890 0.050817 0.012985 0.003048 0.000672 0.000152 0.000047 0.000028 0.000024 0.000024 0.000024 0.000024 0.000024 0.000024 0.000024 0.000024 0.000024 0.000024 0.000024 0.000024 0.000024 0.000024 0.000024 0.000024 0.000024 0.000024 0.000024 0.000024 0.000024 0.000024 0.000024 0.000024 0.000024 0.000024 0.000024 0.000024 0.000024 0.000023 0.000022 0.000020 0.000015 0.000009 0.000000 
50.000000 33.026705 19.104504 9.656517 4.278987 1.672693 0.581173 0.180871 0.050798 0.012965 0.003028 0.000653 0.000133 0.000028 0.000008 0.000005 0.000004 0.000004 0.000004 0.000004 0.000004 0.000004 0.000004 0.000004 0.000004 0.000004 0.000004 0.000004 0.000004 0.000004 0.000004 0.000004 0.000004 0.000004 0.000004 0.000004 0.000004 0.000004 0.000004 0.000004 0.000004 0.000004 0.000004 0.000004 0.000004 0.000004 0.000003 0.000003 0.000001 0.000000 
50.000000 33.026704 19.104502 9.656514 4.278984 1.672689 0.581170 0.180867 0.050794 0.012962 0.003025 0.000649 0.000129 0.000024 0.000005 0.000001 0.000001 0.000001 0.000001 0.000001 0.000001 0.000001 0.000001 0.000001 0.000001 0.000001 0.000001 0.000001 0.000001 0.000001 0.000001 0.000001 0.000001 0.000001 0.000001 0.000001 0.000001 0.000001 0.000001 0.000001 0.000001 0.000001 0.000001 0.000001 0.000001 0.000001 0.000001 0.000000 0.000000 0.000000 
50.000000 33.026703 19.104502 9.656513 4.278983 1.672689 0.581169 0.180867 0.050794 0.012961 0.003024 0.000649 0.000129 0.000024 0.000004 0.000001 0.000000 0.000000 0.000000 0.000000 0.000000 0.000000 0.000000 0.000000 0.000000 0.000000 0.000000 0.000000 0.000000 0.000000 0.000000 0.000000 0.000000 0.000000 0.000000 0.000000 0.000000 0.000000 0.000000 0.000000 0.000000 0.000000 0.000000 0.000000 0.000000 0.000000 0.000000 0.000000 0.000000 0.000000 
50.000000 33.026703 19.104502 9.656513 4.278983 1.672689 0.581169 0.180867 0.050793 0.012961 0.003024 0.000649 0.000129 0.000024 0.000004 0.000001 0.000000 0.000000 0.000000 0.000000 0.000000 0.000000 0.000000 0.000000 0.000000 0.000000 0.000000 0.000000 0.000000 0.000000 0.000000 0.000000 0.000000 0.000000 0.000000 0.000000 0.000000 0.000000 0.000000 0.000000 0.000000 0.000000 0.000000 0.000000 0.000000 0.000000 0.000000 0.000000 0.000000 0.000000 
50.000000 33.026703 19.104502 9.656513 4.278983 1.672689 0.581169 0.180867 0.050793 0.012961 0.003024 0.000649 0.000129 0.000024 0.000004 0.000001 0.000000 0.000000 0.000000 0.000000 0.000000 0.000000 0.000000 0.000000 0.000000 0.000000 0.000000 0.000000 0.000000 0.000000 0.000000 0.000000 0.000000 0.000000 0.000000 0.000000 0.000000 0.000000 0.000000 0.000000 0.000000 0.000000 0.000000 0.000000 0.000000 0.000000 0.000000 0.000000 0.000000 0.000000 
50.000000 33.026703 19.104502 9.656513 4.278983 1.672689 0.581169 0.180867 0.050793 0.012961 0.003024 0.000649 0.000129 0.000024 0.000004 0.000001 0.000000 0.000000 0.000000 0.000000 0.000000 0.000000 0.000000 0.000000 0.000000 0.000000 0.000000 0.000000 0.000000 0.000000 0.000000 0.000000 0.000000 0.000000 0.000000 0.000000 0.000000 0.000000 0.000000 0.000000 0.000000 0.000000 0.000000 0.000000 0.000000 0.000000 0.000000 0.000000 0.000000 0.000000 
50.000000 33.026703 19.104502 9.656513 4.278983 1.672689 0.581169 0.180867 0.050793 0.012961 0.003024 0.000649 0.000129 0.000024 0.000004 0.000001 0.000000 0.000000 0.000000 0.000000 0.000000 0.000000 0.000000 0.000000 0.000000 0.000000 0.000000 0.000000 0.000000 0.000000 0.000000 0.000000 0.000000 0.000000 0.000000 0.000000 0.000000 0.000000 0.000000 0.000000 0.000000 0.000000 0.000000 0.000000 0.000000 0.000000 0.000000 0.000000 0.000000 0.000000 
50.000000 33.026703 19.104502 9.656513 4.278983 1.672689 0.581169 0.180867 0.050793 0.012961 0.003024 0.000649 0.000129 0.000024 0.000004 0.000001 0.000000 0.000000 0.000000 0.000000 0.000000 0.000000 0.000000 0.000000 0.000000 0.000000 0.000000 0.000000 0.000000 0.000000 0.000000 0.000000 0.000000 0.000000 0.000000 0.000000 0.000000 0.000000 0.000000 0.000000 0.000000 0.000000 0.000000 0.000000 0.000000 0.000000 0.000000 0.000000 0.000000 0.000000 
50.000000 33.026703 19.104502 9.656513 4.278983 1.672689 0.581169 0.180867 0.050793 0.012961 0.003024 0.000649 0.000129 0.000024 0.000004 0.000001 0.000000 0.000000 0.000000 0.000000 0.000000 0.000000 0.000000 0.000000 0.000000 0.000000 0.000000 0.000000 0.000000 0.000000 0.000000 0.000000 0.000000 0.000000 0.000000 0.000000 0.000000 0.000000 0.000000 0.000000 0.000000 0.000000 0.000000 0.000000 0.000000 0.000000 0.000000 0.000000 0.000000 0.000000 
50.000000 33.026703 19.104502 9.656513 4.278983 1.672689 0.581169 0.180867 0.050793 0.012961 0.003024 0.000649 0.000129 0.000024 0.000004 0.000001 0.000000 0.000000 0.000000 0.000000 0.000000 0.000000 0.000000 0.000000 0.000000 0.000000 0.000000 0.000000 0.000000 0.000000 0.000000 0.000000 0.000000 0.000000 0.000000 0.000000 0.000000 0.000000 0.000000 0.000000 0.000000 0.000000 0.000000 0.000000 0.000000 0.000000 0.000000 0.000000 0.000000 0.000000 
50.000000 33.026703 19.104502 9.656513 4.278983 1.672689 0.581169 0.180867 0.050793 0.012961 0.003024 0.000649 0.000129 0.000024 0.000004 0.000001 0.000000 0.000000 0.000000 0.000000 0.000000 0.000000 0.000000 0.000000 0.000000 0.000000 0.000000 0.000000 0.000000 0.000000 0.000000 0.000000 0.000000 0.000000 0.000000 0.000000 0.000000 0.000000 0.000000 0.000000 0.000000 0.000000 0.000000 0.000000 0.000000 0.000000 0.000000 0.000000 0.000000 0.000000 
50.000000 33.026703 19.104502 9.656513 4.278983 1.672689 0.581169 0.180867 0.050793 0.012961 0.003024 0.000649 0.000129 0.000024 0.000004 0.000001 0.000000 0.000000 0.000000 0.000000 0.000000 0.000000 0.000000 0.000000 0.000000 0.000000 0.000000 0.000000 0.000000 0.000000 0.000000 0.000000 0.000000 0.000000 0.000000 0.000000 0.000000 0.000000 0.000000 0.000000 0.000000 0.000000 0.000000 0.000000 0.000000 0.000000 0.000000 0.000000 0.000000 0.000000 
50.000000 33.026703 19.104502 9.656513 4.278983 1.672689 0.581169 0.180867 0.050793 0.012961 0.003024 0.000649 0.000129 0.000024 0.000004 0.000001 0.000000 0.000000 0.000000 0.000000 0.000000 0.000000 0.000000 0.000000 0.000000 0.000000 0.000000 0.000000 0.000000 0.000000 0.000000 0.000000 0.000000 0.000000 0.000000 0.000000 0.000000 0.000000 0.000000 0.000000 0.000000 0.000000 0.000000 0.000000 0.000000 0.000000 0.000000 0.000000 0.000000 0.000000 
50.000000 33.026703 19.104502 9.656513 4.278983 1.672689 0.581169 0.180867 0.050793 0.012961 0.003024 0.000649 0.000129 0.000024 0.000004 0.000001 0.000000 0.000000 0.000000 0.000000 0.000000 0.000000 0.000000 0.000000 0.000000 0.000000 0.000000 0.000000 0.000000 0.000000 0.000000 0.000000 0.000000 0.000000 0.000000 0.000000 0.000000 0.000000 0.000000 0.000000 0.000000 0.000000 0.000000 0.000000 0.000000 0.000000 0.000000 0.000000 0.000000 0.000000 
50.000000 33.026703 19.104502 9.656513 4.278983 1.672689 0.581169 0.180867 0.050793 0.012961 0.003024 0.000649 0.000129 0.000024 0.000004 0.000001 0.000000 0.000000 0.000000 0.000000 0.000000 0.000000 0.000000 0.000000 0.000000 0.000000 0.000000 0.000000 0.000000 0.000000 0.000000 0.000000 0.000000 0.000000 0.000000 0.000000 0.000000 0.000000 0.000000 0.000000 0.000000 0.000000 0.000000 0.000000 0.000000 0.000000 0.000000 0.000000 0.000000 0.000000 
50.000000 33.026703 19.104502 9.656513 4.278983 1.672689 0.581169 0.180867 0.050793 0.012961 0.003024 0.000649 0.000129 0.000024 0.000004 0.000001 0.000000 0.000000 0.000000 0.000000 0.000000 0.000000 0.000000 0.000000 0.000000 0.000000 0.000000 0.000000 0.000000 0.000000 0.000000 0.000000 0.000000 0.000000 0.000000 0.000000 0.000000 0.000000 0.000000 0.000000 0.000000 0.000000 0.000000 0.000000 0.000000 0.000000 0.000000 0.000000 0.000000 0.000000 
50.000000 33.026703 19.104502 9.656513 4.278983 1.672689 0.581169 0.180867 0.050793 0.012961 0.003024 0.000649 0.000129 0.000024 0.000004 0.000001 0.000000 0.000000 0.000000 0.000000 0.000000 0.000000 0.000000 0.000000 0.000000 0.000000 0.000000 0.000000 0.000000 0.000000 0.000000 0.000000 0.000000 0.000000 0.000000 0.000000 0.000000 0.000000 0.000000 0.000000 0.000000 0.000000 0.000000 0.000000 0.000000 0.000000 0.000000 0.000000 0.000000 0.000000 
50.000000 33.026703 19.104502 9.656513 4.278983 1.672689 0.581169 0.180867 0.050793 0.012961 0.003024 0.000649 0.000129 0.000024 0.000004 0.000001 0.000000 0.000000 0.000000 0.000000 0.000000 0.000000 0.000000 0.000000 0.000000 0.000000 0.000000 0.000000 0.000000 0.000000 0.000000 0.000000 0.000000 0.000000 0.000000 0.000000 0.000000 0.000000 0.000000 0.000000 0.000000 0.000000 0.000000 0.000000 0.000000 0.000000 0.000000 0.000000 0.000000 0.000000 
50.000000 33.026703 19.104502 9.656513 4.278983 1.672689 0.581169 0.180867 0.050793 0.012961 0.003024 0.000649 0.000129 0.000024 0.000004 0.000001 0.000000 0.000000 0.000000 0.000000 0.000000 0.000000 0.000000 0.000000 0.000000 0.000000 0.000000 0.000000 0.000000 0.000000 0.000000 0.000000 0.000000 0.000000 0.000000 0.000000 0.000000 0.000000 0.000000 0.000000 0.000000 0.000000 0.000000 0.000000 0.000000 0.000000 0.000000 0.000000 0.000000 0.000000 
50.000000 33.026703 19.104502 9.656513 4.278983 1.672689 0.581169 0.180867 0.050794 0.012961 0.003024 0.000649 0.000129 0.000024 0.000004 0.000001 0.000000 0.000000 0.000000 0.000000 0.000000 0.000000 0.000000 0.000000 0.000000 0.000000 0.000000 0.000000 0.000000 0.000000 0.000000 0.000000 0.000000 0.000000 0.000000 0.000000 0.000000 0.000000 0.000000 0.000000 0.000000 0.000000 0.000000 0.000000 0.000000 0.000000 0.000000 0.000000 0.000000 0.000000 
50.000000 33.026704 19.104502 9.656514 4.278984 1.672689 0.581170 0.180867 0.050794 0.012962 0.003025 0.000649 0.000129 0.000024 0.000005 0.000001 0.000001 0.000001 0.000001 0.000001 0.000001 0.000001 0.000001 0.000001 0.000001 0.000001 0.000001 0.000001 0.000001 0.000001 0.000001 0.000001 0.000001 0.000001 0.000001 0.000001 0.000001 0.000001 0.000001 0.000001 0.000001 0.000001 0.000001 0.000001 0.000001 0.000001 0.000001 0.000000 0.000000 0.000000 
50.000000 33.026705 19.104504 9.656517 4.278987 1.672693 0.581173 0.180871 0.050798 0.012965 0.003028 0.000653 0.000133 0.000028 0.000008 0.000005 0.000004 0.000004 0.000004 0.000004 0.000004 0.000004 0.000004 0.000004 0.000004 0.000004 0.000004 0.000004 0.000004 0.000004 0.000004 0.000004 0.000004 0.000004 0.000004 0.000004 0.000004 0.000004 0.000004 0.000004 0.000004 0.000004 0.000004 0.000004 0.000004 0.000004 0.000003 0.000003 0.000001 0.000000 
50.000000 33.026711 19.104516 9.656533 4.279005 1.672712 0.581193 0.180890 0.050817 0.012985 0.003048 0.000672 0.000152 0.000047 0.000028 0.000024 0.000024 0.000024 0.000024 0.000024 0.000024 0.000024 0.000024 0.000024 0.000024 0.000024 0.000024 0.000024 0.000024 0.000024 0.000024 0.000024 0.000024 0.000024 0.000024 0.000024 0.000024 0.000024 0.000024 0.000024 0.000024 0.000024 0.000024 0.000024 0.000023 0.000022 0.000020 0.000015 0.000009 0.000000 
50.000000 33.026748 19.104582 9.656618 4.279101 1.672813 0.581297 0.180995 0.050922 0.013090 0.003153 0.000777 0.000257 0.000152 0.000133 0.000129 0.000129 0.000129 0.000129 0.000129 0.000129 0.000129 0.000129 0.000129 0.000129 0.000129 0.000129 0.000129 0.000129 0.000129 0.000129 0.000129 0.000129 0.000129 0.000129 0.000129 0.000129 0.000129 0.000129 0.000129 0.000129 0.000129 0.000128 0.000128 0.000126 0.000120 0.000108 0.000084 0.000047 0.000000 
50.000000 33.026926 19.104907 9.657041 4.279579 1.673317 0.581811 0.181513 0.051442 0.013610 0.003673 0.001298 0.000777 0.000672 0.000653 0.000649 0.000649 0.000649 0.000649 0.000649 0.000649 0.000649 0.000649 0.000649 0.000649 0.000649 0.000649 0.000649 0.000649 0.000649 0.000649 0.000649 0.000649 0.000649 0.000649 0.000649 0.000649 0.000649 0.000649 0.000649 0.000649 0.000648 0.000647 0.000644 0.000634 0.000606 0.000544 0.000425 0.000238 0.000000 
50.000000 33.027742 19.106388 9.658969 4.281759 1.675617 0.584161 0.183881 0.053815 0.015984 0.006048 0.003673 0.003153 0.003048 0.003028 0.003025 0.003024 0.003024 0.003024 0.003024 0.003024 0.003024 0.003024 0.003024 0.003024 0.003024 0.003024 0.003024 0.003024 0.003024 0.003024 0.003024 0.003024 0.003024 0.003024 0.003024 0.003024 0.003024 0.003024 0.003024 0.003024 0.003022 0.003018 0.003002 0.002955 0.002829 0.002543 0.001991 0.001115 0.000000 
50.000000 33.031148 19.112576 9.667030 4.290875 1.685238 0.593989 0.193785 0.063743 0.025919 0.015984 0.013610 0.013090 0.012985 0.012965 0.012962 0.012961 0.012961 0.012961 0.012961 0.012961 0.012961 0.012961 0.012961 0.012961 0.012961 0.012961 0.012961 0.012961 0.012961 0.012961 0.012961 0.012961 0.012961 0.012961 0.012961 0.012961 0.012961 0.012961 0.012961 0.012960 0.012955 0.012936 0.012871 0.012675 0.012149 0.010940 0.008588 0.004823 0.000000 
50.000000 33.044094 19.136103 9.697693 4.325562 1.721855 0.631405 0.231489 0.101540 0.063743 0.053815 0.051442 0.050922 0.050817 0.050798 0.050794 0.050794 0.050793 0.050793 0.050793 0.050793 0.050793 0.050793 0.050793 0.050793 0.050793 0.050793 0.050793 0.050793 0.050793 0.050793 0.050793 0.050793 0.050793 0.050793 0.050793 0.050793 0.050793 0.050793 0.050792 0.050788 0.050770 0.050700 0.050459 0.049719 0.047725 0.043081 0.033938 0.019127 0.000000 
50.000000 33.088535 19.216894 9.803023 4.444760 1.847716 0.760030 0.361116 0.231489 0.193785 0.183881 0.181513 0.180995 0.180890 0.180871 0.180867 0.180867 0.180867 0.180867 0.180867 0.180867 0.180867 0.180867 0.180867 0.180867 0.180867 0.180867 0.180867 0.180867 0.180867 0.180867 0.180867 0.180867 0.180867 0.180867 0.180867 0.180867 0.180867 0.180866 0.180863 0.180849 0.180789 0.180558 0.179755 0.177263 0.170461 0.154388 0.122221 0.069242 0.000000 
50.000000 33.225100 19.465235 10.126913 4.811414 2.234958 1.155830 0.760030 0.631405 0.593989 0.584161 0.581811 0.581297 0.581193 0.581173 0.581170 0.581169 0.581169 0.581169 0.581169 0.581169 0.581169 0.581169 0.581169 0.581169 0.581169 0.581169 0.581169 0.581169 0.581169 0.581169 0.581169 0.581169 0.581169 0.581169 0.581169 0.581169 0.581169 0.581167 0.581159 0.581118 0.580946 0.580275 0.577915 0.570499 0.549924 0.500347 0.398866 0.227744 0.000000 
50.000000 33.596957 20.141634 11.009387 5.810717 3.290614 2.234958 1.847716 1.721855 1.685238 1.675617 1.673317 1.672813 1.672712 1.672693 1.672689 1.672689 1.672689 1.672689 1.672689 1.672689 1.672689 1.672689 1.672689 1.672689 1.672689 1.672689 1.672689 1.672689 1.672689 1.672689 1.672689 1.672689 1.672689 1.672689 1.672689 1.672689 1.672688 1.672684 1.672663 1.672563 1.672135 1.670453 1.664459 1.645307 1.591037 1.456796 1.173210 0.678159 0.000000 
50.000000 34.483727 21.755051 13.115019 8.195795 5.810717 4.811414 4.444760 4.325562 4.290875 4.281759 4.279579 4.279101 4.279005 4.278987 4.278984 4.278983 4.278983 4.278983 4.278983 4.278983 4.278983 4.278983 4.278983 4.278983 4.278983 4.278983 4.278983 4.278983 4.278983 4.278983 4.278983 4.278983 4.278983 4.278983 4.278983 4.278983 4.278981 4.278973 4.278930 4.278726 4.277837 4.274299 4.261490 4.219679 4.097898 3.785748 3.096037 1.826595 0.000000 
50.000000 36.311308 25.080950 17.456776 13.115019 11.009387 10.126913 9.803023 9.697693 9.667030 9.658969 9.657041 9.656618 9.656533 9.656517 9.656514 9.656513 9.656513 9.656513 9.656513 9.656513 9.656513 9.656513 9.656513 9.656513 9.656513 9.656513 9.656513 9.656513 9.656513 9.656513 9.656513 9.656513 9.656513 9.656513 9.656513 9.656513 9.656510 9.656497 9.656426 9.656090 9.654612 9.648635 9.626565 9.552590 9.329270 8.728388 7.311077 4.472993 0.000000 
50.000000 39.519231 30.919916 25.080950 21.755051 20.141634 19.465235 19.216894 19.136103 19.112576 19.106388 19.104907 19.104582 19.104516 19.104504 19.104502 19.104502 19.104502 19.104502 19.104502 19.104502 19.104502 19.104502 19.104502 19.104502 19.104502 19.104502 19.104502 19.104502 19.104502 19.104502 19.104502 19.104502 19.104502 19.104502 19.104501 19.104501 19.104498 19.104482 19.104397 19.103987 19.102165 19.094673 19.066369 18.968424 18.659014 17.769872 15.459958 10.134645 0.000000 
50.000000 44.243056 39.519231 36.311308 34.483727 33.596957 33.225100 33.088535 33.044094 33.031148 33.027742 33.026926 33.026748 33.026711 33.026705 33.026704 33.026703 33.026703 33.026703 33.026703 33.026703 33.026703 33.026703 33.026703 33.026703 33.026703 33.026703 33.026703 33.026703 33.026703 33.026703 33.026703 33.026703 33.026703 33.026703 33.026703 33.026703 33.026701 33.026689 33.026627 33.026325 33.024967 33.019293 32.997356 32.918798 32.657132 31.838314 29.384587 22.121528 0.000000 
50.000000 50.000000 50.000000 50.000000 50.000000 50.000000 50.000000 50.000000 50.000000 50.000000 50.000000 50.000000 50.000000 50.000000 50.000000 50.000000 50.000000 50.000000 50.000000 50.000000 50.000000 50.000000 50.000000 50.000000 50.000000 50.000000 50.000000 50.000000 50.000000 50.000000 50.000000 50.000000 50.000000 50.000000 50.000000 50.000000 50.000000 50.000000 50.000000 50.000000 50.000000 50.000000 50.000000 50.000000 50.000000 50.000000 50.000000 50.000000 50.000000 50.000000 
