50.000000 50.000000 50.000000 50.000000 50.000000 50.000000 50.000000 50.000000 50.000000 50.000000 50.000000 50.000000 50.000000 50.000000 50.000000 50.000000 50.000000 50.000000 50.000000 50.000000 50.000000 50.000000 50.000000 50.000000 50.000000 50.000000 50.000000 50.000000 50.000000 50.000000 50.000000 50.000000 50.000000 50.000000 50.000000 50.000000 50.000000 50.000000 50.000000 50.000000 50.000000 50.000000 50.000000 50.000000 50.000000 50.000000 50.000000 50.000000 50.000000 50.000000 
50.000000 48.800345 47.645863 46.576628 45.623477 44.805533 44.129679 43.591828 43.179460 42.874758 42.657689 42.508535 42.409638 42.346332 42.307190 42.283803 42.270291 42.262739 42.258653 42.256513 42.255426 42.254891 42.254636 42.254517 42.254464 42.254439 42.254426 42.254415 42.254397 42.254358 42.254273 42.254089 42.253701 42.252902 42.251295 42.248142 42.242104 42.230800 42.210082 42.172848 42.107057 41.992348 41.793990 41.451313 40.853535 39.783886 37.775389 33.694275 24.400173 0.000000 
50.000000 47.645863 45.380372 43.282168 41.411763 39.806683 38.480436 37.424998 36.615801 36.017883 35.591929 35.299246 35.105183 34.980960 34.904154 34.858262 34.831749 34.816930 34.808914 34.804714 34.802582 34.801532 34.801031 34.800798 34.800693 34.800645 34.800620 34.800598 34.800564 34.800491 34.800333 34.799990 34.799267 34.797778 34.794791 34.788944 34.777772 34.756919 34.718856 34.650805 34.531401 34.325225 33.973641 33.378805 32.374556 30.671430 27.752305 22.690186 13.951588 0.000000 
50.000000 46.576628 43.282168 40.230980 37.511064 35.176987 33.248392 31.713610 30.536909 29.667447 29.048052 28.622455 28.340265 28.159632 28.047950 27.981220 27.942669 27.921122 27.909466 27.903360 27.900259 27.898733 27.898004 27.897666 27.897513 27.897444 27.897408 27.897378 27.897331 27.897234 27.897022 27.896563 27.895597 27.893615 27.889647 27.881903 27.867164 27.839787 27.790114 27.701998 27.548955 27.288278 26.851984 26.132911 24.963608 23.085988 20.115490 15.529862 8.801239 0.000000 
50.000000 45.623477 41.411763 37.511064 34.033881 31.049974 28.584454 26.622398 25.118123 24.006627 23.214818 22.670757 22.310026 22.079120 21.936357 21.851058 21.801779 21.774238 21.759339 21.751533 21.747571 21.745620 21.744689 21.744257 21.744061 21.743972 21.743928 21.743892 21.743838 21.743727 21.743485 21.742964 21.741869 21.739628 21.735157 21.726468 21.710012 21.679627 21.624911 21.528760 21.363760 21.087054 20.633282 19.905351 18.763660 17.016940 14.425076 10.740333 5.839591 0.000000 
50.000000 44.805533 39.806683 35.176987 31.049974 27.508442 24.582191 22.253506 20.468158 19.148995 18.209258 17.563562 17.135450 16.861417 16.691993 16.590765 16.532285 16.499602 16.481922 16.472660 16.467958 16.465643 16.464538 16.464025 16.463793 16.463689 16.463637 16.463599 16.463542 16.463428 16.463180 16.462649 16.461536 16.459266 16.454755 16.446029 16.429596 16.399461 16.345647 16.252045 16.093456 15.831720 15.411057 14.753230 13.754221 12.286314 10.213379 7.432127 3.951998 0.000000 
50.000000 44.129679 38.480436 33.248392 28.584454 24.582191 21.275278 18.643688 16.626131 15.135409 14.073472 13.343822 12.860054 12.550401 12.358957 12.244575 12.178498 12.141569 12.121593 12.111128 12.105815 12.103200 12.101951 12.101372 12.101111 12.100994 12.100937 12.100897 12.100842 12.100734 12.100501 12.100003 12.098964 12.096851 12.092671 12.084627 12.069569 12.042155 11.993624 11.910091 11.770348 11.543251 11.185070 10.637639 9.828962 8.679102 7.115481 5.101631 2.678366 0.000000 
50.000000 43.591828 37.424998 31.713610 26.622398 22.253506 18.643688 15.771076 13.568759 11.941540 10.782383 9.985946 9.457904 9.119918 8.910962 8.786118 8.713999 8.673695 8.651893 8.640471 8.634673 8.631820 8.630457 8.629825 8.629540 8.629413 8.629353 8.629313 8.629264 8.629168 8.628963 8.628528 8.627624 8.625791 8.622184 8.615278 8.602431 8.579214 8.538466 8.469045 8.354310 8.170519 7.885538 7.458618 6.842449 5.989116 4.861626 3.451358 1.797838 0.000000 
50.000000 43.179460 36.615801 30.536909 25.118123 20.468158 16.626131 13.568759 11.224816 9.492975 8.259304 7.411682 6.849713 6.490017 6.267641 6.134784 6.058036 6.015146 5.991946 5.979792 5.973622 5.970586 5.969136 5.968464 5.968161 5.968026 5.967964 5.967926 5.967883 5.967803 5.967634 5.967277 5.966537 5.965043 5.962117 5.956545 5.946244 5.927762 5.895595 5.841321 5.752631 5.612408 5.398239 5.082881 4.636438 4.031068 3.248631 2.290576 1.187112 0.000000 
50.000000 42.874758 36.017883 29.667447 24.006627 19.148995 15.135409 11.941540 9.492975 7.683851 6.395143 5.509718 4.922693 4.546965 4.314683 4.175908 4.095743 4.050945 4.026713 4.014019 4.007575 4.004404 4.002890 4.002188 4.001872 4.001732 4.001668 4.001632 4.001596 4.001533 4.001401 4.001123 4.000550 3.999400 3.997155 3.992903 3.985090 3.971168 3.947128 3.906934 3.841925 3.740344 3.587230 3.365061 3.055538 2.642867 2.118492 1.486482 0.767700 0.000000 
50.000000 42.657689 35.591929 29.048052 23.214818 18.209258 14.073472 10.782383 8.259304 6.395143 5.067244 4.154902 3.550038 3.162898 2.923563 2.780577 2.697981 2.651825 2.626859 2.613781 2.607142 2.603875 2.602315 2.601592 2.601266 2.601123 2.601059 2.601025 2.600995 2.600947 2.600849 2.600644 2.600223 2.599380 2.597744 2.594661 2.589028 2.579056 2.561964 2.533622 2.488210 2.417983 2.313339 2.163381 1.957213 1.686058 1.346054 0.941124 0.484841 0.000000 
50.000000 42.508535 35.299246 28.622455 22.670757 17.563562 13.343822 9.985946 7.411682 5.509718 4.154902 3.224074 2.606962 2.211986 1.967809 1.821933 1.737668 1.690580 1.665110 1.651768 1.644996 1.641663 1.640072 1.639334 1.639002 1.638856 1.638792 1.638760 1.638736 1.638701 1.638631 1.638487 1.638192 1.637604 1.636467 1.634334 1.630460 1.623643 1.612037 1.592938 1.562590 1.516088 1.447480 1.350198 1.217916 1.045846 0.832340 0.580390 0.298453 0.000000 
50.000000 42.409638 35.105183 28.340265 22.310026 17.135450 12.860054 9.457904 6.849713 4.922693 3.550038 2.606962 1.981733 1.581567 1.334183 1.186392 1.101023 1.053318 1.027514 1.013998 1.007137 1.003761 1.002149 1.001402 1.001066 1.000918 1.000854 1.000824 1.000804 1.000779 1.000731 1.000634 1.000436 1.000044 0.999288 0.997878 0.995328 0.990867 0.983319 0.970982 0.951525 0.921950 0.878690 0.817898 0.735989 0.630399 0.500479 0.348264 0.178838 0.000000 
50.000000 42.346332 34.980960 28.159632 22.079120 16.861417 12.550401 9.119918 6.490017 4.546965 3.162898 2.211986 1.581567 1.178080 0.928646 0.779631 0.693555 0.645456 0.619439 0.605811 0.598894 0.595490 0.593865 0.593112 0.592773 0.592624 0.592560 0.592531 0.592515 0.592497 0.592466 0.592403 0.592276 0.592025 0.591544 0.590649 0.589040 0.586239 0.581526 0.573870 0.561876 0.543772 0.517487 0.480832 0.431821 0.369109 0.292468 0.203188 0.104227 0.000000 
50.000000 42.307190 34.904154 28.047950 21.936357 16.691993 12.358957 8.910962 6.267641 4.314683 2.923563 1.967809 1.334183 0.928646 0.677946 0.528175 0.441663 0.393320 0.367172 0.353476 0.346523 0.343102 0.341469 0.340712 0.340371 0.340222 0.340158 0.340130 0.340116 0.340103 0.340084 0.340045 0.339966 0.339812 0.339518 0.338973 0.337997 0.336306 0.333475 0.328902 0.321780 0.311096 0.295684 0.274330 0.245964 0.209889 0.166047 0.115210 0.059048 0.000000 
50.000000 42.283803 34.858262 27.981220 21.851058 16.590765 12.244575 8.786118 6.134784 4.175908 2.780577 1.821933 1.186392 0.779631 0.528175 0.377953 0.291181 0.242693 0.216467 0.202729 0.195756 0.192325 0.190686 0.189927 0.189586 0.189436 0.189373 0.189345 0.189332 0.189323 0.189311 0.189287 0.189241 0.189150 0.188977 0.188657 0.188087 0.187104 0.185466 0.182833 0.178753 0.172667 0.163935 0.151904 0.136010 0.115901 0.091573 0.063471 0.032508 0.000000 
50.000000 42.270291 34.831749 27.942669 21.801779 16.532285 12.178498 8.713999 6.058036 4.095743 2.697982 1.737668 1.101023 0.693555 0.441663 0.291181 0.204259 0.155687 0.129416 0.115655 0.108670 0.105232 0.103591 0.102831 0.102489 0.102339 0.102275 0.102248 0.102237 0.102230 0.102222 0.102208 0.102182 0.102130 0.102032 0.101851 0.101530 0.100979 0.100065 0.098601 0.096344 0.092992 0.088207 0.081647 0.073019 0.062151 0.049054 0.033971 0.017389 0.000000 
50.000000 42.262739 34.816931 27.921122 21.774238 16.499603 12.141569 8.673695 6.015146 4.050945 2.651825 1.690580 1.053318 0.645456 0.393320 0.242693 0.155688 0.107069 0.080772 0.066998 0.060006 0.056565 0.054923 0.054162 0.053819 0.053670 0.053606 0.053579 0.053568 0.053562 0.053557 0.053549 0.053535 0.053506 0.053453 0.053354 0.053180 0.052882 0.052388 0.051602 0.050395 0.048609 0.046071 0.042606 0.038066 0.032369 0.025525 0.017664 0.009038 0.000000 
50.000000 42.258654 34.808914 27.909466 21.759339 16.481923 12.121593 8.651893 5.991946 4.026713 2.626859 1.665111 1.027515 0.619440 0.367173 0.216467 0.129416 0.080773 0.054462 0.040681 0.033685 0.030243 0.028599 0.027838 0.027495 0.027346 0.027282 0.027255 0.027244 0.027239 0.027236 0.027232 0.027224 0.027209 0.027180 0.027128 0.027037 0.026881 0.026624 0.026215 0.025590 0.024669 0.023365 0.021590 0.019274 0.016376 0.012904 0.008924 0.004564 0.000000 
50.000000 42.256513 34.804714 27.903360 21.751534 16.472660 12.111128 8.640472 5.979793 4.014020 2.613781 1.651769 1.013999 0.605812 0.353476 0.202730 0.115655 0.066998 0.040681 0.026896 0.019898 0.016455 0.014811 0.014050 0.013707 0.013557 0.013493 0.013467 0.013456 0.013452 0.013449 0.013447 0.013442 0.013435 0.013420 0.013394 0.013347 0.013268 0.013139 0.012933 0.012620 0.012159 0.011509 0.010628 0.009481 0.008050 0.006339 0.004382 0.002240 0.000000 
50.000000 42.255427 34.802582 27.900260 21.747572 16.467959 12.105817 8.634675 5.973625 4.007578 2.607144 1.644998 1.007139 0.598896 0.346526 0.195759 0.108672 0.060008 0.033687 0.019900 0.012902 0.009458 0.007814 0.007052 0.006710 0.006560 0.006496 0.006470 0.006459 0.006455 0.006453 0.006451 0.006449 0.006445 0.006438 0.006425 0.006402 0.006363 0.006300 0.006200 0.006047 0.005824 0.005510 0.005085 0.004533 0.003846 0.003027 0.002092 0.001069 0.000000 
50.000000 42.254892 34.801534 27.898736 21.745624 16.465648 12.103205 8.631825 5.970592 4.004410 2.603881 1.641669 1.003767 0.595496 0.343109 0.192331 0.105239 0.056572 0.030249 0.016461 0.009462 0.006018 0.004374 0.003612 0.003269 0.003120 0.003056 0.003030 0.003019 0.003015 0.003013 0.003012 0.003011 0.003009 0.003005 0.002999 0.002988 0.002970 0.002940 0.002892 0.002820 0.002715 0.002567 0.002368 0.002110 0.001789 0.001408 0.000972 0.000497 0.000000 
50.000000 42.254639 34.801036 27.898012 21.744699 16.464550 12.101965 8.630472 5.969152 4.002906 2.602331 1.640089 1.002166 0.593882 0.341486 0.190704 0.103608 0.054940 0.028616 0.014828 0.007829 0.004385 0.002740 0.001979 0.001636 0.001486 0.001422 0.001396 0.001385 0.001381 0.001380 0.001379 0.001378 0.001377 0.001376 0.001373 0.001368 0.001359 0.001345 0.001323 0.001290 0.001241 0.001173 0.001082 0.000963 0.000816 0.000642 0.000443 0.000226 0.000000 
50.000000 42.254524 34.800812 27.897686 21.744282 16.464055 12.101406 8.629862 5.968503 4.002229 2.601634 1.639377 1.001445 0.593155 0.340755 0.189971 0.102874 0.054205 0.027881 0.014092 0.007093 0.003649 0.002005 0.001243 0.000900 0.000751 0.000687 0.000661 0.000650 0.000646 0.000644 0.000644 0.000643 0.000643 0.000642 0.000640 0.000638 0.000634 0.000627 0.000617 0.000601 0.000578 0.000546 0.000504 0.000448 0.000380 0.000299 0.000206 0.000105 0.000000 
50.000000 42.254481 34.800727 27.897563 21.744124 16.463868 12.101194 8.629631 5.968257 4.001972 2.601369 1.639107 1.001171 0.592879 0.340478 0.189693 0.102596 0.053926 0.027602 0.013813 0.006814 0.003370 0.001726 0.000964 0.000621 0.000472 0.000408 0.000382 0.000371 0.000367 0.000365 0.000365 0.000364 0.000364 0.000363 0.000363 0.000361 0.000359 0.000355 0.000349 0.000340 0.000327 0.000309 0.000285 0.000253 0.000215 0.000169 0.000116 0.000059 0.000000 
50.000000 42.254481 34.800727 27.897563 21.744124 16.463868 12.101194 8.629631 5.968257 4.001972 2.601369 1.639107 1.001171 0.592879 0.340478 0.189693 0.102596 0.053926 0.027602 0.013813 0.006814 0.003370 0.001726 0.000964 0.000621 0.000472 0.000408 0.000382 0.000371 0.000367 0.000365 0.000365 0.000364 0.000364 0.000363 0.000363 0.000361 0.000359 0.000355 0.000349 0.000340 0.000327 0.000309 0.000285 0.000253 0.000215 0.000169 0.000116 0.000059 0.000000 
50.000000 42.254524 34.800812 27.897686 21.744282 16.464055 12.101406 8.629862 5.968503 4.002229 2.601634 1.639377 1.001445 0.593155 0.340755 0.189971 0.102874 0.054205 0.027881 0.014092 0.007093 0.003649 0.002005 0.001243 0.000900 0.000751 0.000687 0.000661 0.000650 0.000646 0.000644 0.000644 0.000643 0.000643 0.000642 0.000640 0.000638 0.000634 0.000627 0.000617 0.000601 0.000578 0.000546 0.000504 0.000448 0.000380 0.000299 0.000206 0.000105 0.000000 
50.000000 42.254639 34.801036 27.898012 21.744699 16.464550 12.101965 8.630472 5.969152 4.002906 2.602331 1.640089 1.002166 0.593882 0.341486 0.190704 0.103608 0.054940 0.028616 0.014828 0.007829 0.004385 0.002740 0.001979 0.001636 0.001486 0.001422 0.001396 0.001385 0.001381 0.001380 0.001379 0.001378 0.001377 0.001376 0.001373 0.001368 0.001359 0.001345 0.001323 0.001290 0.001241 0.001173 0.001082 0.000963 0.000816 0.000642 0.000443 0.000226 0.000000 
50.000000 42.254892 34.801534 27.898736 21.745624 16.465648 12.103205 8.631825 5.970592 4.004410 2.603881 1.641669 1.003767 0.595496 0.343109 0.192331 0.105239 0.056572 0.030249 0.016461 0.009462 0.006018 0.004374 0.003612 0.003269 0.003120 0.003056 0.003030 0.003019 0.003015 0.003013 0.003012 0.003011 0.003009 0.003005 0.002999 0.002988 0.002970 0.002940 0.002892 0.002820 0.002715 0.002567 0.002368 0.002110 0.001789 0.001408 0.000972 0.000497 0.000000 
50.000000 42.255427 34.802582 27.900260 21.747572 16.467959 12.105817 8.634675 5.973625 4.007578 2.607144 1.644998 1.007139 0.598896 0.346526 0.195759 0.108672 0.060008 0.033687 0.019900 0.012902 0.009458 0.007814 0.007052 0.006710 0.006560 0.006496 0.006470 0.006459 0.006455 0.006453 0.006451 0.006449 0.006445 0.006438 0.006425 0.006402 0.006363 0.006300 0.006200 0.006047 0.005824 0.005510 0.005085 0.004533 0.003846 0.003027 0.002092 0.001069 0.000000 
50.000000 42.256513 34.804714 27.903360 21.751534 16.472660 12.111128 8.640472 5.979793 4.014020 2.613781 1.651769 1.013999 0.605812 0.353476 0.202730 0.115655 0.066998 0.040681 0.026896 0.019898 0.016455 0.014811 0.014050 0.013707 0.013557 0.013493 0.013467 0.013456 0.013452 0.013449 0.013447 0.013442 0.013435 0.013420 0.013394 0.013347 0.013268 0.013139 0.012933 0.012620 0.012159 0.011509 0.010628 0.009481 0.008050 0.006339 0.004382 0.002240 0.000000 
50.000000 42.258654 34.808914 27.909466 21.759339 16.481923 12.121593 8.651893 5.991946 4.026713 2.626859 1.665111 1.027515 0.619440 0.367173 0.216467 0.129416 0.080773 0.054462 0.040681 0.033685 0.030243 0.028599 0.027838 0.027495 0.027346 0.027282 0.027255 0.027244 0.027239 0.027236 0.027232 0.027224 0.027209 0.027180 0.027128 0.027037 0.026881 0.026624 0.026215 0.025590 0.024669 0.023365 0.021590 0.019274 0.016376 0.012904 0.008924 0.004564 0.000000 
50.000000 42.262739 34.816931 27.921122 21.774238 16.499603 12.141569 8.673695 6.015146 4.050945 2.651825 1.690580 1.053318 0.645456 0.393320 0.242693 0.155688 0.107069 0.080772 0.066998 0.060006 0.056565 0.054923 0.054162 0.053819 0.053670 0.053606 0.053579 0.053568 0.053562 0.053557 0.053549 0.053535 0.053506 0.053453 0.053354 0.053180 0.052882 0.052388 0.051602 0.050395 0.048609 0.046071 0.042606 0.038066 0.032369 0.025525 0.017664 0.009038 0.000000 
50.000000 42.270291 34.831749 27.942669 21.801779 16.532285 12.178498 8.713999 6.058036 4.095743 2.697982 1.737668 1.101023 0.693555 0.441663 0.291181 0.204259 0.155687 0.129416 0.115655 0.108670 0.105232 0.103591 0.102831 0.102489 0.102339 0.102275 0.102248 0.102237 0.102230 0.102222 0.102208 0.102182 0.102130 0.102032 0.101851 0.101530 0.100979 0.100065 0.098601 0.096344 0.092992 0.088207 0.081647 0.073019 0.062151 0.049054 0.033971 0.017389 0.000000 
50.000000 42.283803 34.858262 27.981220 21.851058 16.590765 12.244575 8.786118 6.134784 4.175908 2.780577 1.821933 1.186392 0.779631 0.528175 0.377953 0.291181 0.242693 0.216467 0.202729 0.195756 0.192325 0.190686 0.189927 0.189586 0.189436 0.189373 0.189345 0.189332 0.189323 0.189311 0.189287 0.189241 0.189150 0.188977 0.188657 0.188087 0.187104 0.185466 0.182833 0.178753 0.172667 0.163935 0.151904 0.136010 0.115901 0.091573 0.063471 0.032508 0.000000 
50.000000 42.307190 34.904154 28.047950 21.936357 16.691993 12.358957 8.910962 6.267641 4.314683 2.923563 1.967809 1.334183 0.928646 0.677946 0.528175 0.441663 0.393320 0.367172 0.353476 0.346523 0.343102 0.341469 0.340712 0.340371 0.340222 0.340158 0.340130 0.340116 0.340103 0.340084 0.340045 0.339966 0.339812 0.339518 0.338973 0.337997 0.336306 0.333475 0.328902 0.321780 0.311096 0.295684 0.274330 0.245964 0.209889 0.166047 0.115210 0.059048 0.000000 
50.000000 42.346332 34.980960 28.159632 22.079120 16.861417 12.550401 9.119918 6.490017 4.546965 3.162898 2.211986 1.581567 1.178080 0.928646 0.779631 0.693555 0.645456 0.619439 0.605811 0.598894 0.595490 0.593865 0.593112 0.592773 0.592624 0.592560 0.592531 0.592515 0.592497 0.592466 0.592403 0.592276 0.592025 0.591544 0.590649 0.589040 0.586239 0.581526 0.573870 0.561876 0.543772 0.517487 0.480832 0.431821 0.369109 0.292468 0.203188 0.104227 0.000000 
50.000000 42.409638 35.105183 28.340265 22.310026 17.135450 12.860054 9.457904 6.849713 4.922693 3.550038 2.606962 1.981733 1.581567 1.334183 1.186392 1.101023 1.053318 1.027514 1.013998 1.007137 1.003761 1.002149 1.001402 1.001066 1.000918 1.000854 1.000824 1.000804 1.000779 1.000731 1.000634 1.000436 1.000044 0.999288 0.997878 0.995328 0.990867 0.983319 0.970982 0.951525 0.921950 0.878690 0.817898 0.735989 0.630399 0.500479 0.348264 0.178838 0.000000 
50.000000 42.508535 35.299246 28.622455 22.670757 17.563562 13.343822 9.985946 7.411682 5.509718 4.154902 3.224074 2.606962 2.211986 1.967809 1.821933 1.737668 1.690580 1.665110 1.651768 1.644996 1.641663 1.640072 1.639334 1.639002 1.638856 1.638792 1.638760 1.638736 1.638701 1.638631 1.638487 1.638192 1.637604 1.636467 1.634334 1.630460 1.623643 1.612037 1.592938 1.562590 1.516088 1.447480 1.350198 1.217916 1.045846 0.832340 0.580390 0.298453 0.000000 
50.000000 42.657689 35.591929 29.048052 23.214818 18.209258 14.073472 10.782383 8.259304 6.395143 5.067244 4.154902 3.550038 3.162898 2.923563 2.780577 2.697981 2.651825 2.626859 2.613781 2.607142 2.603875 2.602315 2.601592 2.601266 2.601123 2.601059 2.601025 2.600995 2.600947 2.600849 2.600644 2.600223 2.599380 2.597744 2.594661 2.589028 2.579056 2.561964 2.533622 2.488210 2.417983 2.313339 2.163381 1.957213 1.686058 1.346054 0.941124 0.484841 0.000000 
50.000000 42.874758 36.017883 29.667447 24.006627 19.148995 15.135409 11.941540 9.492975 7.683851 6.395143 5.509718 4.922693 4.546965 4.314683 4.175908 4.095743 4.050945 4.026713 4.014019 4.007575 4.004404 4.002890 4.002188 4.001872 4.001732 4.001668 4.001632 4.001596 4.001533 4.001401 4.001123 4.000550 3.999400 3.997155 3.992903 3.985090 3.971168 3.947128 3.906934 3.841925 3.740344 3.587230 3.365061 3.055538 2.642867 2.118492 1.486482 0.767700 0.000000 
50.000000 43.179460 36.615801 30.536909 25.118123 20.468158 16.626131 13.568759 11.224816 9.492975 8.259304 7.411682 6.849713 6.490017 6.267641 6.134784 6.058036 6.015146 5.991946 5.979792 5.973622 5.970586 5.969136 5.968464 5.968161 5.968026 5.967964 5.967926 5.967883 5.967803 5.967634 5.967277 5.966537 5.965043 5.962117 5.956545 5.946244 5.927762 5.895595 5.841321 5.752631 5.612408 5.398239 5.082881 4.636438 4.031068 3.248631 2.290576 1.187112 0.000000 
50.000000 43.591828 37.424998 31.713610 26.622398 22.253506 18.643688 15.771076 13.568759 11.941540 10.782383 9.985946 9.457904 9.119918 8.910962 8.786118 8.713999 8.673695 8.651893 8.640471 8.634673 8.631820 8.630457 8.629825 8.629540 8.629413 8.629353 8.629313 8.629264 8.629168 8.628963 8.628528 8.627624 8.625791 8.622184 8.615278 8.602431 8.579214 8.538466 8.469045 8.354310 8.170519 7.885538 7.458618 6.842449 5.989116 4.861626 3.451358 1.797838 0.000000 
50.000000 44.129679 38.480436 33.248392 28.584454 24.582191 21.275278 18.643688 16.626131 15.135409 14.073472 13.343822 12.860054 12.550401 12.358957 12.244575 12.178498 12.141569 12.121593 12.111128 12.105815 12.103200 12.101951 12.101372 12.101111 12.100994 12.100937 12.100897 12.100842 12.100734 12.100501 12.100003 12.098964 12.096851 12.092671 12.084627 12.069569 12.042155 11.993624 11.910091 11.770348 11.543251 11.185070 10.637639 9.828962 8.679102 7.115481 5.101631 2.678366 0.000000 
50.000000 44.805533 39.806683 35.176987 31.049974 27.508442 24.582191 22.253506 20.468158 19.148995 18.209258 17.563562 17.135450 16.861417 16.691993 16.590765 16.532285 16.499602 16.481922 16.472660 16.467958 16.465643 16.464538 16.464025 16.463793 16.463689 16.463637 16.463599 16.463542 16.463428 16.463180 16.462649 16.461536 16.459266 16.454755 16.446029 16.429596 16.399461 16.345647 16.252045 16.093456 15.831720 15.411057 14.753230 13.754221 12.286314 10.213379 7.432127 3.951998 0.000000 
50.000000 45.623477 41.411763 37.511064 34.033881 31.049974 28.584454 26.622398 25.118123 24.006627 23.214818 22.670757 22.310026 22.079120 21.936357 21.851058 21.801779 21.774238 21.759339 21.751533 21.747571 21.745620 21.744689 21.744257 21.744061 21.743972 21.743928 21.743892 21.743838 21.743727 21.743485 21.742964 21.741869 21.739628 21.735157 21.726468 21.710012 21.679627 21.624911 21.528760 21.363760 21.087054 20.633282 19.905351 18.763660 17.016940 14.425076 10.740333 5.839591 0.000000 
50.000000 46.576628 43.282168 40.230980 37.511064 35.176987 33.248392 31.713610 30.536909 29.667447 29.048052 28.622455 28.340265 28.159632 28.047950 27.981220 27.942669 27.921122 27.909466 27.903360 27.900259 27.898733 27.898004 27.897666 27.897513 27.897444 27.897408 27.897378 27.897331 27.897234 27.897022 27.896563 27.895597 27.893615 27.889647 27.881903 27.867164 27.839787 27.790114 27.701998 27.548955 27.288278 26.851984 26.132911 24.963608 23.085988 20.115490 15.529862 8.801239 0.000000 
50.000000 47.645863 45.380372 43.282168 41.411763 39.806683 38.480436 37.424998 36.615801 36.017883 35.591929 35.299246 35.105183 34.980960 34.904154 34.858262 34.831749 34.816930 34.808914 34.804714 34.802582 34.801532 34.801031 34.800798 34.800693 34.800645 34.800620 34.800598 34.800564 34.800491 34.800333 34.799990 34.799267 34.797778 34.794791 34.788944 34.777772 34.756919 34.718856 34.650805 34.531401 34.325225 33.973641 33.378805 32.374556 30.671430 27.752305 22.690186 13.951588 0.000000 
50.000000 48.800345 47.645863 46.576628 45.623477 44.805533 44.129679 43.591828 43.179460 42.874758 42.657689 42.508535 42.409638 42.346332 42.307190 42.283803 42.270291 42.262739 42.258653 42.256513 42.255426 42.254891 42.254636 42.254517 42.254464 42.254439 42.254426 42.254415 42.254397 42.254358 42.254273 42.254089 42.253701 42.252902 42.251295 42.248142 42.242104 42.230800 42.210082 42.172848 42.107057 41.992348 41.793990 41.451313 40.853535 39.783886 37.775389 33.694275 24.400173 0.000000 
50.000000 50.000000 50.000000 50.000000 50.000000 50.000000 50.000000 50.000000 50.000000 50.000000 50.000000 50.000000 50.000000 50.000000 50.000000 50.000000 50.000000 50.000000 50.000000 50.000000 50.000000 50.000000 50.000000 50.000000 50.000000 50.000000 50.000000 50.000000 50.000000 50.000000 50.000000 50.000000 50.000000 50.000000 50.000000 50.000000 50.000000 50.000000 50.000000 50.000000 50.000000 50.000000 50.000000 50.000000 50.000000 50.000000 50.000000 50.000000 50.000000 50.000000 
