50.000000 50.000000 50.000000 50.000000 50.000000 50.000000 50.000000 50.000000 50.000000 50.000000 50.000000 50.000000 50.000000 50.000000 50.000000 50.000000 50.000000 50.000000 50.000000 50.000000 50.000000 50.000000 50.000000 50.000000 50.000000 50.000000 50.000000 50.000000 50.000000 50.000000 50.000000 50.000000 50.000000 50.000000 50.000000 50.000000 50.000000 50.000000 50.000000 50.000000 50.000000 50.000000 50.000000 50.000000 50.000000 50.000000 50.000000 50.000000 50.000000 50.000000 
50.000000 48.704675 47.462010 46.318250 45.308110 44.451892 43.755168 43.210725 42.802002 42.507101 42.302502 42.165938 42.078195 42.023897 41.991515 41.972893 41.962558 41.957021 41.954155 41.952720 41.952025 41.951700 41.951552 41.951487 41.951459 41.951447 41.951441 41.951435 41.951426 41.951403 41.951352 41.951237 41.950981 41.950432 41.949281 41.946934 41.942268 41.933220 41.916086 41.884340 41.826647 41.723452 41.540860 41.218959 40.647521 39.609993 37.639153 33.600477 24.352337 0.000000 
50.000000 47.462010 45.027201 42.786186 40.806980 39.129364 37.764257 36.697519 35.896706 35.318907 34.918039 34.650473 34.478562 34.372180 34.308736 34.272250 34.252003 34.241155 34.235539 34.232728 34.231368 34.230730 34.230440 34.230313 34.230258 34.230234 34.230223 34.230212 34.230194 34.230153 34.230058 34.229843 34.229370 34.228352 34.226224 34.221892 34.213303 34.196699 34.165382 34.107661 34.003502 33.819004 33.497099 32.941375 31.986715 30.344057 27.495826 22.513601 13.861533 0.000000 
50.000000 46.318250 42.786186 39.535255 36.664128 34.230513 32.250244 30.702812 29.541143 28.702989 28.121495 27.733372 27.484006 27.329695 27.237669 27.184746 27.155378 27.139643 27.131498 27.127421 27.125448 27.124523 27.124103 27.123918 27.123839 27.123805 27.123788 27.123774 27.123749 27.123694 27.123568 27.123284 27.122657 27.121312 27.118509 27.112821 27.101584 27.079969 27.039446 26.965339 26.832973 26.601695 26.205654 25.539627 24.437580 22.641973 19.767627 15.290360 8.679098 0.000000 
50.000000 45.308110 40.806980 36.664128 33.005299 29.904032 27.380504 25.408571 23.928241 22.860182 22.119194 21.624622 21.306868 21.110241 20.992981 20.925547 20.888128 20.868079 20.857701 20.852508 20.849993 20.848815 20.848280 20.848044 20.847943 20.847900 20.847879 20.847862 20.847834 20.847772 20.847631 20.847311 20.846608 20.845106 20.841985 20.835676 20.823275 20.799564 20.755445 20.675519 20.534466 20.291812 19.884661 19.218170 18.154378 16.502650 14.022155 10.462923 5.698117 0.000000 
50.000000 44.451892 39.129364 34.230513 29.904032 26.236879 23.252910 20.921203 19.170811 17.907918 17.031773 16.446999 16.071299 15.838818 15.700180 15.620454 15.576214 15.552512 15.540243 15.534103 15.531130 15.529737 15.529105 15.528826 15.528707 15.528656 15.528632 15.528614 15.528586 15.528523 15.528380 15.528059 15.527355 15.525856 15.522753 15.516510 15.504309 15.481137 15.438378 15.361705 15.228103 15.001897 14.629880 14.036163 13.118440 11.749654 9.792932 7.142650 3.804370 0.000000 
50.000000 43.755168 37.764257 32.250244 27.380504 23.252910 19.894309 17.269889 15.299785 13.878390 12.892299 12.234153 11.811322 11.549681 11.393657 11.303935 11.254150 11.227477 11.213671 11.206762 11.203417 11.201849 11.201138 11.200825 11.200691 11.200634 11.200608 11.200589 11.200562 11.200504 11.200372 11.200076 11.199431 11.198060 11.195235 11.189581 11.178597 11.157888 11.120000 11.052767 10.937082 10.744194 10.432855 9.947155 9.216747 8.162333 6.710617 4.822882 2.536209 0.000000 
50.000000 43.210725 36.697519 30.702812 25.408571 20.921203 17.269889 14.416772 12.275016 10.729800 9.657824 8.942369 8.482726 8.198314 8.028714 7.931187 7.877072 7.848081 7.833074 7.825565 7.821930 7.820226 7.819453 7.819113 7.818967 7.818906 7.818878 7.818860 7.818836 7.818786 7.818673 7.818420 7.817869 7.816705 7.814317 7.809562 7.800382 7.783199 7.752031 7.697280 7.604201 7.451203 7.208386 6.837034 6.291323 5.523910 4.497158 3.200421 1.669865 0.000000 
50.000000 42.802002 35.896706 29.541143 23.928241 19.170811 15.299785 12.275016 10.004433 8.366293 7.229869 6.471413 5.984153 5.682658 5.502874 5.399493 5.342132 5.311402 5.295496 5.287537 5.283684 5.281878 5.281059 5.280698 5.280544 5.280479 5.280451 5.280434 5.280413 5.280373 5.280281 5.280078 5.279638 5.278712 5.276819 5.273072 5.265881 5.252516 5.228473 5.186643 5.116320 5.002216 4.823813 4.555590 4.168915 3.636430 2.939448 2.077702 1.078550 0.000000 
50.000000 42.507101 35.318907 28.702989 22.860182 17.907918 13.878390 10.729800 8.366293 6.661134 5.478231 4.688766 4.181594 3.867783 3.680658 3.573058 3.513357 3.481374 3.464820 3.456537 3.452527 3.450648 3.449796 3.449420 3.449260 3.449193 3.449164 3.449149 3.449132 3.449100 3.449031 3.448878 3.448546 3.447850 3.446436 3.443650 3.438335 3.428524 3.411012 3.380816 3.330567 3.249973 3.125600 2.941308 2.679815 2.325716 1.870016 1.315405 0.680454 0.000000 
50.000000 42.302502 34.918039 28.121495 22.119194 17.031773 12.892299 9.657824 7.229869 5.478231 4.263100 3.452136 2.931158 2.608810 2.416598 2.306075 2.244753 2.211902 2.194899 2.186391 2.182273 2.180343 2.179467 2.179082 2.178917 2.178849 2.178820 2.178805 2.178792 2.178769 2.178719 2.178609 2.178372 2.177877 2.176875 2.174912 2.171187 2.164356 2.152252 2.131550 2.097415 2.043226 1.960543 1.839532 1.670068 1.443676 1.156156 0.810378 0.418162 0.000000 
50.000000 42.165938 34.650473 27.733372 21.624622 16.446999 12.234153 8.942369 6.471413 4.688766 3.452136 2.626831 2.096648 1.768607 1.573003 1.460530 1.398128 1.364699 1.347397 1.338739 1.334549 1.332585 1.331694 1.331302 1.331135 1.331065 1.331036 1.331023 1.331012 1.330996 1.330961 1.330886 1.330725 1.330391 1.329716 1.328399 1.325915 1.321387 1.313416 1.299884 1.277754 1.242940 1.190338 1.114153 1.008622 0.869177 0.693926 0.485091 0.249852 0.000000 
50.000000 42.078195 34.478562 27.484006 21.306868 16.071299 11.811322 8.482726 5.984153 4.181594 2.931158 2.096648 1.560554 1.228860 1.031079 0.917356 0.854260 0.820460 0.802967 0.794213 0.789976 0.787991 0.787090 0.786694 0.786525 0.786454 0.786426 0.786413 0.786405 0.786393 0.786371 0.786322 0.786218 0.786002 0.785568 0.784725 0.783144 0.780277 0.775261 0.766802 0.753070 0.731638 0.699528 0.653434 0.590163 0.507304 0.404037 0.281863 0.144975 0.000000 
50.000000 42.023897 34.372180 27.329695 21.110241 15.838818 11.549681 8.198314 5.682658 3.867783 2.608810 1.768607 1.228860 0.894907 0.695781 0.581285 0.517762 0.483732 0.466120 0.457308 0.453042 0.451044 0.450137 0.449738 0.449567 0.449497 0.449468 0.449456 0.449449 0.449442 0.449427 0.449397 0.449332 0.449199 0.448932 0.448417 0.447453 0.445715 0.442692 0.437623 0.429448 0.416777 0.397932 0.371084 0.334510 0.286966 0.228111 0.158877 0.081629 0.000000 
50.000000 41.991515 34.308736 27.237669 20.992981 15.700180 11.393657 8.028714 5.502874 3.680658 2.416598 1.573003 1.031079 0.695781 0.495853 0.380898 0.317119 0.282954 0.265271 0.256424 0.252141 0.250135 0.249224 0.248823 0.248652 0.248582 0.248553 0.248541 0.248535 0.248530 0.248522 0.248503 0.248465 0.248386 0.248229 0.247927 0.247364 0.246353 0.244603 0.241686 0.237008 0.229802 0.219152 0.204076 0.183670 0.157305 0.124848 0.086844 0.044581 0.000000 
50.000000 41.972893 34.272250 27.184746 20.925547 15.620454 11.303935 7.931187 5.399493 3.573058 2.306075 1.460530 0.917356 0.581285 0.380898 0.265679 0.201754 0.167510 0.149787 0.140919 0.136627 0.134616 0.133703 0.133301 0.133130 0.133059 0.133031 0.133019 0.133014 0.133010 0.133005 0.132995 0.132973 0.132928 0.132839 0.132669 0.132353 0.131788 0.130815 0.129200 0.126623 0.122674 0.116870 0.108700 0.097701 0.083562 0.066237 0.046026 0.023611 0.000000 
50.000000 41.962558 34.252003 27.155378 20.888128 15.576214 11.254150 7.877072 5.342132 3.513357 2.244753 1.398128 0.854260 0.517762 0.317119 0.201754 0.137748 0.103461 0.085715 0.076836 0.072539 0.070525 0.069611 0.069209 0.069038 0.068967 0.068938 0.068927 0.068922 0.068919 0.068916 0.068910 0.068898 0.068874 0.068826 0.068733 0.068563 0.068259 0.067737 0.066876 0.065507 0.063420 0.060367 0.056090 0.050358 0.043022 0.034066 0.023651 0.012126 0.000000 
50.000000 41.957021 34.241155 27.139643 20.868079 15.552512 11.227477 7.848081 5.311402 3.481374 2.211902 1.364699 0.820460 0.483732 0.282954 0.167510 0.103461 0.069150 0.051393 0.042508 0.038208 0.036193 0.035278 0.034876 0.034704 0.034633 0.034605 0.034593 0.034589 0.034587 0.034585 0.034582 0.034575 0.034562 0.034537 0.034489 0.034400 0.034243 0.033973 0.033530 0.032829 0.031763 0.030212 0.028047 0.025157 0.021471 0.016987 0.011785 0.006040 0.000000 
50.000000 41.954155 34.235539 27.131498 20.857701 15.540243 11.213671 7.833074 5.295496 3.464821 2.194899 1.347397 0.802967 0.466120 0.265272 0.149787 0.085715 0.051393 0.033630 0.024742 0.020440 0.018424 0.017509 0.017107 0.016935 0.016864 0.016835 0.016824 0.016820 0.016818 0.016817 0.016815 0.016812 0.016805 0.016793 0.016768 0.016724 0.016645 0.016511 0.016290 0.015943 0.015418 0.014655 0.013594 0.012184 0.010391 0.008214 0.005696 0.002918 0.000000 
50.000000 41.952720 34.232728 27.127422 20.852508 15.534103 11.206762 7.825565 5.287537 3.456537 2.186391 1.338740 0.794214 0.457308 0.256424 0.140920 0.076837 0.042508 0.024742 0.015852 0.011550 0.009534 0.008619 0.008216 0.008044 0.007973 0.007945 0.007934 0.007929 0.007928 0.007927 0.007926 0.007924 0.007921 0.007915 0.007903 0.007881 0.007843 0.007779 0.007673 0.007507 0.007256 0.006893 0.006390 0.005723 0.004877 0.003853 0.002670 0.001368 0.000000 
50.000000 41.952026 34.231368 27.125448 20.849994 15.531131 11.203418 7.821931 5.283684 3.452528 2.182274 1.334550 0.789977 0.453043 0.252142 0.136628 0.072539 0.038208 0.020440 0.011550 0.007247 0.005231 0.004316 0.003913 0.003742 0.003670 0.003642 0.003631 0.003626 0.003625 0.003624 0.003624 0.003623 0.003621 0.003618 0.003613 0.003603 0.003585 0.003555 0.003506 0.003429 0.003313 0.003145 0.002914 0.002608 0.002222 0.001754 0.001215 0.000622 0.000000 
50.000000 41.951700 34.230731 27.124524 20.848816 15.529739 11.201851 7.820228 5.281880 3.450651 2.180345 1.332588 0.787994 0.451046 0.250137 0.134618 0.070527 0.036195 0.018426 0.009536 0.005232 0.003216 0.002301 0.001898 0.001727 0.001656 0.001627 0.001616 0.001612 0.001610 0.001609 0.001609 0.001609 0.001608 0.001607 0.001604 0.001600 0.001591 0.001578 0.001556 0.001521 0.001469 0.001394 0.001291 0.001155 0.000983 0.000776 0.000537 0.000275 0.000000 
50.000000 41.951553 34.230442 27.124106 20.848284 15.529110 11.201143 7.819459 5.281065 3.449802 2.179474 1.331701 0.787097 0.450143 0.249231 0.133710 0.069618 0.035285 0.017516 0.008625 0.004322 0.002305 0.001390 0.000988 0.000816 0.000745 0.000716 0.000705 0.000701 0.000699 0.000699 0.000698 0.000698 0.000698 0.000697 0.000696 0.000694 0.000691 0.000685 0.000675 0.000660 0.000637 0.000604 0.000559 0.000500 0.000426 0.000336 0.000232 0.000119 0.000000 
50.000000 41.951490 34.230319 27.123927 20.848055 15.528839 11.200839 7.819128 5.280714 3.449437 2.179099 1.331319 0.786711 0.449755 0.248841 0.133319 0.069227 0.034894 0.017124 0.008234 0.003930 0.001914 0.000999 0.000596 0.000424 0.000353 0.000325 0.000314 0.000309 0.000308 0.000307 0.000307 0.000307 0.000307 0.000306 0.000306 0.000305 0.000303 0.000301 0.000296 0.000290 0.000280 0.000265 0.000245 0.000219 0.000187 0.000147 0.000102 0.000052 0.000000 
50.000000 41.951467 34.230273 27.123861 20.847971 15.528740 11.200728 7.819007 5.280586 3.449304 2.178962 1.331180 0.786570 0.449614 0.248699 0.133176 0.069084 0.034751 0.016981 0.008091 0.003787 0.001771 0.000856 0.000453 0.000281 0.000210 0.000182 0.000171 0.000166 0.000165 0.000164 0.000164 0.000164 0.000164 0.000164 0.000163 0.000163 0.000162 0.000160 0.000158 0.000155 0.000149 0.000141 0.000131 0.000117 0.000099 0.000078 0.000054 0.000028 0.000000 
50.000000 41.951467 34.230273 27.123861 20.847971 15.528740 11.200728 7.819007 5.280586 3.449304 2.178962 1.331180 0.786570 0.449614 0.248699 0.133176 0.069084 0.034751 0.016981 0.008091 0.003787 0.001771 0.000856 0.000453 0.000281 0.000210 0.000182 0.000171 0.000166 0.000165 0.000164 0.000164 0.000164 0.000164 0.000164 0.000163 0.000163 0.000162 0.000160 0.000158 0.000155 0.000149 0.000141 0.000131 0.000117 0.000099 0.000078 0.000054 0.000028 0.000000 
50.000000 41.951490 34.230319 27.123927 20.848055 15.528839 11.200839 7.819128 5.280714 3.449437 2.179099 1.331319 0.786711 0.449755 0.248841 0.133319 0.069227 0.034894 0.017124 0.008234 0.003930 0.001914 0.000999 0.000596 0.000424 0.000353 0.000325 0.000314 0.000309 0.000308 0.000307 0.000307 0.000307 0.000307 0.000306 0.000306 0.000305 0.000303 0.000301 0.000296 0.000290 0.000280 0.000265 0.000245 0.000219 0.000187 0.000147 0.000102 0.000052 0.000000 
50.000000 41.951553 34.230442 27.124106 20.848284 15.529110 11.201143 7.819459 5.281065 3.449802 2.179474 1.331701 0.787097 0.450143 0.249231 0.133710 0.069618 0.035285 0.017516 0.008625 0.004322 0.002305 0.001390 0.000988 0.000816 0.000745 0.000716 0.000705 0.000701 0.000699 0.000699 0.000698 0.000698 0.000698 0.000697 0.000696 0.000694 0.000691 0.000685 0.000675 0.000660 0.000637 0.000604 0.000559 0.000500 0.000426 0.000336 0.000232 0.000119 0.000000 
50.000000 41.951700 34.230731 27.124524 20.848816 15.529739 11.201851 7.820228 5.281880 3.450651 2.180345 1.332588 0.787994 0.451046 0.250137 0.134618 0.070527 0.036195 0.018426 0.009536 0.005232 0.003216 0.002301 0.001898 0.001727 0.001656 0.001627 0.001616 0.001612 0.001610 0.001609 0.001609 0.001609 0.001608 0.001607 0.001604 0.001600 0.001591 0.001578 0.001556 0.001521 0.001469 0.001394 0.001291 0.001155 0.000983 0.000776 0.000537 0.000275 0.000000 
50.000000 41.952026 34.231368 27.125448 20.849994 15.531131 11.203418 7.821931 5.283684 3.452528 2.182274 1.334550 0.789977 0.453043 0.252142 0.136628 0.072539 0.038208 0.020440 0.011550 0.007247 0.005231 0.004316 0.003913 0.003742 0.003670 0.003642 0.003631 0.003626 0.003625 0.003624 0.003624 0.003623 0.003621 0.003618 0.003613 0.003603 0.003585 0.003555 0.003506 0.003429 0.003313 0.003145 0.002914 0.002608 0.002222 0.001754 0.001215 0.000622 0.000000 
50.000000 41.952720 34.232728 27.127422 20.852508 15.534103 11.206762 7.825565 5.287537 3.456537 2.186391 1.338740 0.794214 0.457308 0.256424 0.140920 0.076837 0.042508 0.024742 0.015852 0.011550 0.009534 0.008619 0.008216 0.008044 0.007973 0.007945 0.007934 0.007929 0.007928 0.007927 0.007926 0.007924 0.007921 0.007915 0.007903 0.007881 0.007843 0.007779 0.007673 0.007507 0.007256 0.006893 0.006390 0.005723 0.004877 0.003853 0.002670 0.001368 0.000000 
50.000000 41.954155 34.235539 27.131498 20.857701 15.540243 11.213671 7.833074 5.295496 3.464821 2.194899 1.347397 0.802967 0.466120 0.265272 0.149787 0.085715 0.051393 0.033630 0.024742 0.020440 0.018424 0.017509 0.017107 0.016935 0.016864 0.016835 0.016824 0.016820 0.016818 0.016817 0.016815 0.016812 0.016805 0.016793 0.016768 0.016724 0.016645 0.016511 0.016290 0.015943 0.015418 0.014655 0.013594 0.012184 0.010391 0.008214 0.005696 0.002918 0.000000 
50.000000 41.957021 34.241155 27.139643 20.868079 15.552512 11.227477 7.848081 5.311402 3.481374 2.211902 1.364699 0.820460 0.483732 0.282954 0.167510 0.103461 0.069150 0.051393 0.042508 0.038208 0.036193 0.035278 0.034876 0.034704 0.034633 0.034605 0.034593 0.034589 0.034587 0.034585 0.034582 0.034575 0.034562 0.034537 0.034489 0.034400 0.034243 0.033973 0.033530 0.032829 0.031763 0.030212 0.028047 0.025157 0.021471 0.016987 0.011785 0.006040 0.000000 
50.000000 41.962558 34.252003 27.155378 20.888128 15.576214 11.254150 7.877072 5.342132 3.513357 2.244753 1.398128 0.854260 0.517762 0.317119 0.201754 0.137748 0.103461 0.085715 0.076836 0.072539 0.070525 0.069611 0.069209 0.069038 0.068967 0.068938 0.068927 0.068922 0.068919 0.068916 0.068910 0.068898 0.068874 0.068826 0.068733 0.068563 0.068259 0.067737 0.066876 0.065507 0.063420 0.060367 0.056090 0.050358 0.043022 0.034066 0.023651 0.012126 0.000000 
50.000000 41.972893 34.272250 27.184746 20.925547 15.620454 11.303935 7.931187 5.399493 3.573058 2.306075 1.460530 0.917356 0.581285 0.380898 0.265679 0.201754 0.167510 0.149787 0.140919 0.136627 0.134616 0.133703 0.133301 0.133130 0.133059 0.133031 0.133019 0.133014 0.133010 0.133005 0.132995 0.132973 0.132928 0.132839 0.132669 0.132353 0.131788 0.130815 0.129200 0.126623 0.122674 0.116870 0.108700 0.097701 0.083562 0.066237 0.046026 0.023611 0.000000 
50.000000 41.991515 34.308736 27.237669 20.992981 15.700180 11.393657 8.028714 5.502874 3.680658 2.416598 1.573003 1.031079 0.695781 0.495853 0.380898 0.317119 0.282954 0.265271 0.256424 0.252141 0.250135 0.249224 0.248823 0.248652 0.248582 0.248553 0.248541 0.248535 0.248530 0.248522 0.248503 0.248465 0.248386 0.248229 0.247927 0.247364 0.246353 0.244603 0.241686 0.237008 0.229802 0.219152 0.204076 0.183670 0.157305 0.124848 0.086844 0.044581 0.000000 
50.000000 42.023897 34.372180 27.329695 21.110241 15.838818 11.549681 8.198314 5.682658 3.867783 2.608810 1.768607 1.228860 0.894907 0.695781 0.581285 0.517762 0.483732 0.466120 0.457308 0.453042 0.451044 0.450137 0.449738 0.449567 0.449497 0.449468 0.449456 0.449449 0.449442 0.449427 0.449397 0.449332 0.449199 0.448932 0.448417 0.447453 0.445715 0.442692 0.437623 0.429448 0.416777 0.397932 0.371084 0.334510 0.286966 0.228111 0.158877 0.081629 0.000000 
50.000000 42.078195 34.478562 27.484006 21.306868 16.071299 11.811322 8.482726 5.984153 4.181594 2.931158 2.096648 1.560554 1.228860 1.031079 0.917356 0.854260 0.820460 0.802967 0.794213 0.789976 0.787991 0.787090 0.786694 0.786525 0.786454 0.786426 0.786413 0.786405 0.786393 0.786371 0.786322 0.786218 0.786002 0.785568 0.784725 0.783144 0.780277 0.775261 0.766802 0.753070 0.731638 0.699528 0.653434 0.590163 0.507304 0.404037 0.281863 0.144975 0.000000 
50.000000 42.165938 34.650473 27.733372 21.624622 16.446999 12.234153 8.942369 6.471413 4.688766 3.452136 2.626831 2.096648 1.768607 1.573003 1.460530 1.398128 1.364699 1.347397 1.338739 1.334549 1.332585 1.331694 1.331302 1.331135 1.331065 1.331036 1.331023 1.331012 1.330996 1.330961 1.330886 1.330725 1.330391 1.329716 1.328399 1.325915 1.321387 1.313416 1.299884 1.277754 1.242940 1.190338 1.114153 1.008622 0.869177 0.693926 0.485091 0.249852 0.000000 
50.000000 42.302502 34.918039 28.121495 22.119194 17.031773 12.892299 9.657824 7.229869 5.478231 4.263100 3.452136 2.931158 2.608810 2.416598 2.306075 2.244753 2.211902 2.194899 2.186391 2.182273 2.180343 2.179467 2.179082 2.178917 2.178849 2.178820 2.178805 2.178792 2.178769 2.178719 2.178609 2.178372 2.177877 2.176875 2.174912 2.171187 2.164356 2.152252 2.131550 2.097415 2.043226 1.960543 1.839532 1.670068 1.443676 1.156156 0.810378 0.418162 0.000000 
50.000000 42.507101 35.318907 28.702989 22.860182 17.907918 13.878390 10.729800 8.366293 6.661134 5.478231 4.688766 4.181594 3.867783 3.680658 3.573058 3.513357 3.481374 3.464820 3.456537 3.452527 3.450648 3.449796 3.449420 3.449260 3.449193 3.449164 3.449149 3.449132 3.449100 3.449031 3.448878 3.448546 3.447850 3.446436 3.443650 3.438335 3.428524 3.411012 3.380816 3.330567 3.249973 3.125600 2.941308 2.679815 2.325716 1.870016 1.315405 0.680454 0.000000 
50.000000 42.802002 35.896706 29.541143 23.928241 19.170811 15.299785 12.275016 10.004433 8.366293 7.229869 6.471413 5.984153 5.682658 5.502874 5.399493 5.342132 5.311402 5.295496 5.287537 5.283684 5.281878 5.281059 5.280698 5.280544 5.280479 5.280451 5.280434 5.280413 5.280373 5.280281 5.280078 5.279638 5.278712 5.276819 5.273072 5.265881 5.252516 5.228473 5.186643 5.116320 5.002216 4.823813 4.555590 4.168915 3.636430 2.939448 2.077702 1.078550 0.000000 
50.000000 43.210725 36.697519 30.702812 25.408571 20.921203 17.269889 14.416772 12.275016 10.729800 9.657824 8.942369 8.482726 8.198314 8.028714 7.931187 7.877072 7.848081 7.833074 7.825565 7.821930 7.820226 7.819453 7.819113 7.818967 7.818906 7.818878 7.818860 7.818836 7.818786 7.818673 7.818420 7.817869 7.816705 7.814317 7.809562 7.800382 7.783199 7.752031 7.697280 7.604201 7.451203 7.208386 6.837034 6.291323 5.523910 4.497158 3.200421 1.669865 0.000000 
50.000000 43.755168 37.764257 32.250244 27.380504 23.252910 19.894309 17.269889 15.299785 13.878390 12.892299 12.234153 11.811322 11.549681 11.393657 11.303935 11.254150 11.227477 11.213671 11.206762 11.203417 11.201849 11.201138 11.200825 11.200691 11.200634 11.200608 11.200589 11.200562 11.200504 11.200372 11.200076 11.199431 11.198060 11.195235 11.189581 11.178597 11.157888 11.120000 11.052767 10.937082 10.744194 10.432855 9.947155 9.216747 8.162333 6.710617 4.822882 2.536209 0.000000 
50.000000 44.451892 39.129364 34.230513 29.904032 26.236879 23.252910 20.921203 19.170811 17.907918 17.031773 16.446999 16.071299 15.838818 15.700180 15.620454 15.576214 15.552512 15.540243 15.534103 15.531130 15.529737 15.529105 15.528826 15.528707 15.528656 15.528632 15.528614 15.528586 15.528523 15.528380 15.528059 15.527355 15.525856 15.522753 15.516510 15.504309 15.481137 15.438378 15.361705 15.228103 15.001897 14.629880 14.036163 13.118440 11.749654 9.792932 7.142650 3.804370 0.000000 
50.000000 45.308110 40.806980 36.664128 33.005299 29.904032 27.380504 25.408571 23.928241 22.860182 22.119194 21.624622 21.306868 21.110241 20.992981 20.925547 20.888128 20.868079 20.857701 20.852508 20.849993 20.848815 20.848280 20.848044 20.847943 20.847900 20.847879 20.847862 20.847834 20.847772 20.847631 20.847311 20.846608 20.845106 20.841985 20.835676 20.823275 20.799564 20.755445 20.675519 20.534466 20.291812 19.884661 19.218170 18.154378 16.502650 14.022155 10.462923 5.698117 0.000000 
50.000000 46.318250 42.786186 39.535255 36.664128 34.230513 32.250244 30.702812 29.541143 28.702989 28.121495 27.733372 27.484006 27.329695 27.237669 27.184746 27.155378 27.139643 27.131498 27.127421 27.125448 27.124523 27.124103 27.123918 27.123839 27.123805 27.123788 27.123774 27.123749 27.123694 27.123568 27.123284 27.122657 27.121312 27.118509 27.112821 27.101584 27.079969 27.039446 26.965339 26.832973 26.601695 26.205654 25.539627 24.437580 22.641973 19.767627 15.290360 8.679098 0.000000 
50.000000 47.462010 45.027201 42.786186 40.806980 39.129364 37.764257 36.697519 35.896706 35.318907 34.918039 34.650473 34.478562 34.372180 34.308736 34.272250 34.252003 34.241155 34.235539 34.232728 34.231368 34.230730 34.230440 34.230313 34.230258 34.230234 34.230223 34.230212 34.230194 34.230153 34.230058 34.229843 34.229370 34.228352 34.226224 34.221892 34.213303 34.196699 34.165382 34.107661 34.003502 33.819004 33.497099 32.941375 31.986715 30.344057 27.495826 22.513601 13.861533 0.000000 
50.000000 48.704675 47.462010 46.318250 45.308110 44.451892 43.755168 43.210725 42.802002 42.507101 42.302502 42.165938 42.078195 42.023897 41.991515 41.972893 41.962558 41.957021 41.954155 41.952720 41.952025 41.951700 41.951552 41.951487 41.951459 41.951447 41.951441 41.951435 41.951426 41.951403 41.951352 41.951237 41.950981 41.950432 41.949281 41.946934 41.942268 41.933220 41.916086 41.884340 41.826647 41.723452 41.540860 41.218959 40.647521 39.609993 37.639153 33.600477 24.352337 0.000000 
50.000000 50.000000 50.000000 50.000000 50.000000 50.000000 50.000000 50.000000 50.000000 50.000000 50.000000 50.000000 50.000000 50.000000 50.000000 50.000000 50.000000 50.000000 50.000000 50.000000 50.000000 50.000000 50.000000 50.000000 50.000000 50.000000 50.000000 50.000000 50.000000 50.000000 50.000000 50.000000 50.000000 50.000000 50.000000 50.000000 50.000000 50.000000 50.000000 50.000000 50.000000 50.000000 50.000000 50.000000 50.000000 50.000000 50.000000 50.000000 50.000000 50.000000 
