50.000000 50.000000 50.000000 50.000000 50.000000 50.000000 50.000000 50.000000 50.000000 50.000000 50.000000 50.000000 50.000000 50.000000 50.000000 50.000000 50.000000 50.000000 50.000000 50.000000 50.000000 50.000000 50.000000 50.000000 50.000000 50.000000 50.000000 50.000000 50.000000 50.000000 50.000000 50.000000 50.000000 50.000000 50.000000 50.000000 50.000000 50.000000 50.000000 50.000000 50.000000 50.000000 50.000000 50.000000 50.000000 50.000000 50.000000 50.000000 50.000000 50.000000 
50.000000 48.213271 46.526690 45.023594 43.758384 42.751978 41.994924 41.455921 41.092353 40.859776 40.718512 40.636950 40.592131 40.568662 40.556936 40.551339 40.548784 40.547667 40.547199 40.547011 40.546938 40.546911 40.546901 40.546898 40.546897 40.546896 40.546896 40.546896 40.546896 40.546894 40.546890 40.546878 40.546846 40.546760 40.546540 40.546000 40.544712 40.541749 40.535155 40.520950 40.491268 40.430937 40.311131 40.077164 39.623351 38.735956 36.947813 33.120948 24.106635 0.000000 
50.000000 46.526690 43.248071 40.326145 37.866671 35.910307 34.438673 33.390919 32.684197 32.232108 31.957520 31.798984 31.711868 31.666250 31.643459 31.632581 31.627616 31.625445 31.624535 31.624169 31.624028 31.623975 31.623956 31.623950 31.623948 31.623947 31.623947 31.623946 31.623945 31.623943 31.623935 31.623914 31.623855 31.623700 31.623305 31.622334 31.620027 31.614734 31.603005 31.577874 31.525742 31.420839 31.215500 30.822998 30.086633 28.722565 26.213306 21.624036 13.405742 0.000000 
50.000000 45.023594 40.326145 36.139774 32.616009 29.813096 27.704695 26.203608 25.191129 24.543459 24.150091 23.922981 23.798187 23.732841 23.700195 23.684614 23.677502 23.674393 23.673090 23.672565 23.672363 23.672288 23.672261 23.672251 23.672248 23.672247 23.672247 23.672246 23.672245 23.672242 23.672232 23.672205 23.672130 23.671935 23.671437 23.670217 23.667329 23.660738 23.646221 23.615361 23.552005 23.426265 23.184724 22.734967 21.922082 20.495413 18.069887 14.112840 8.075780 0.000000 
50.000000 43.758384 37.866671 32.616009 28.196453 24.681052 22.036752 20.154168 18.884400 18.072169 17.578868 17.294071 17.137583 17.055645 17.014711 16.995176 16.986259 16.982361 16.980727 16.980070 16.979816 16.979721 16.979688 16.979676 16.979672 16.979671 16.979670 16.979670 16.979669 16.979665 16.979655 16.979626 16.979548 16.979342 16.978820 16.977547 16.974548 16.967745 16.952872 16.921551 16.858011 16.733833 16.500036 16.076097 15.336479 14.098226 12.120595 9.144107 5.022428 0.000000 
50.000000 42.751978 35.910307 29.813096 24.681052 20.598990 17.528506 15.342555 13.868212 12.925149 12.352407 12.021758 11.840083 11.744961 11.697443 11.674766 11.664415 11.659891 11.657995 11.657232 11.656938 11.656828 11.656789 11.656775 11.656771 11.656769 11.656769 11.656768 11.656767 11.656764 11.656754 11.656727 11.656655 11.656464 11.655984 11.654817 11.652084 11.645924 11.632568 11.604721 11.548925 11.441558 11.243318 10.892602 10.299495 9.344573 7.891015 5.823673 3.128627 0.000000 
50.000000 41.994924 34.438673 27.704695 22.036752 17.528506 14.137518 11.723451 10.095297 9.053880 8.421427 8.056319 7.855719 7.750693 7.698228 7.673193 7.661766 7.656771 7.654678 7.653837 7.653511 7.653390 7.653347 7.653332 7.653327 7.653325 7.653325 7.653324 7.653323 7.653321 7.653313 7.653290 7.653229 7.653071 7.652672 7.651707 7.649462 7.644437 7.633630 7.611322 7.567162 7.483430 7.331583 7.068759 6.635903 5.960655 4.969729 3.615676 1.917761 0.000000 
50.000000 41.455921 33.390919 26.203608 20.154168 15.342555 11.723451 9.147045 7.409445 6.298055 5.623128 5.233515 5.019458 4.907391 4.851412 4.824700 4.812508 4.807180 4.804947 4.804049 4.803702 4.803573 4.803527 4.803511 4.803506 4.803504 4.803503 4.803503 4.803502 4.803500 4.803494 4.803477 4.803430 4.803309 4.803006 4.802276 4.800588 4.796834 4.788826 4.772455 4.740416 4.680481 4.573522 4.391868 4.099237 3.654132 3.018884 2.175419 1.144790 0.000000 
50.000000 41.092353 32.684197 25.191129 18.884400 13.868212 10.095297 7.409445 5.598073 4.439525 3.735980 3.329858 3.106739 2.989930 2.931585 2.903745 2.891039 2.885487 2.883160 2.882224 2.881862 2.881728 2.881680 2.881663 2.881658 2.881656 2.881655 2.881655 2.881654 2.881653 2.881648 2.881636 2.881603 2.881518 2.881305 2.880794 2.879619 2.877025 2.871534 2.860408 2.838859 2.799036 2.728964 2.611867 2.426654 2.150568 1.764863 1.263358 0.661416 0.000000 
50.000000 40.859776 32.232108 24.543459 18.072169 12.925149 9.053880 6.298055 4.439525 3.250840 2.529009 2.112342 1.883434 1.763599 1.703744 1.675184 1.662150 1.656454 1.654068 1.653108 1.652737 1.652599 1.652550 1.652533 1.652527 1.652525 1.652525 1.652524 1.652524 1.652523 1.652520 1.652512 1.652490 1.652434 1.652294 1.651962 1.651200 1.649529 1.646017 1.638960 1.625420 1.600666 1.557639 1.486717 1.376223 1.214158 0.991454 0.706366 0.368507 0.000000 
50.000000 40.718512 31.957520 24.150091 17.578868 12.352407 8.421427 5.623128 3.735980 2.529009 1.796086 1.373024 1.140608 1.018938 0.958168 0.929172 0.915940 0.910157 0.907734 0.906760 0.906383 0.906243 0.906193 0.906176 0.906170 0.906168 0.906168 0.906168 0.906167 0.906167 0.906165 0.906160 0.906146 0.906112 0.906026 0.905823 0.905361 0.904352 0.902245 0.898043 0.890049 0.875572 0.850673 0.810105 0.747685 0.657317 0.534730 0.379646 0.197562 0.000000 
50.000000 40.636950 31.798984 23.922981 17.294071 12.021758 8.056319 5.233515 3.329858 2.112342 1.373024 0.946275 0.711837 0.589111 0.527814 0.498568 0.485221 0.479388 0.476945 0.475962 0.475582 0.475441 0.475390 0.475373 0.475367 0.475365 0.475365 0.475364 0.475364 0.475364 0.475363 0.475360 0.475352 0.475332 0.475283 0.475166 0.474902 0.474328 0.473138 0.470779 0.466324 0.458324 0.444689 0.422690 0.389190 0.341199 0.276760 0.195979 0.101795 0.000000 
50.000000 40.592131 31.711868 23.798187 17.137583 11.840083 7.855719 5.019458 3.106739 1.883434 1.140608 0.711837 0.476291 0.352985 0.291400 0.262016 0.248607 0.242747 0.240292 0.239304 0.238923 0.238781 0.238730 0.238713 0.238707 0.238705 0.238704 0.238704 0.238704 0.238704 0.238703 0.238702 0.238697 0.238686 0.238659 0.238596 0.238454 0.238145 0.237509 0.236256 0.233905 0.229713 0.222624 0.211282 0.194159 0.169838 0.137449 0.097134 0.050382 0.000000 
50.000000 40.568662 31.666250 23.732841 17.055645 11.744961 7.750693 4.907391 2.989930 1.763599 1.018938 0.589111 0.352985 0.229378 0.167641 0.138186 0.124744 0.118870 0.116409 0.115419 0.115037 0.114894 0.114844 0.114826 0.114820 0.114818 0.114818 0.114817 0.114817 0.114817 0.114817 0.114816 0.114814 0.114808 0.114794 0.114762 0.114689 0.114532 0.114209 0.113577 0.112399 0.110311 0.106803 0.101230 0.092877 0.081097 0.065512 0.046224 0.023950 0.000000 
50.000000 40.556936 31.643459 23.700195 17.014711 11.697443 7.698228 4.851412 2.931585 1.703744 0.958168 0.527814 0.291400 0.167641 0.105830 0.076339 0.062880 0.056999 0.054535 0.053544 0.053162 0.053019 0.052968 0.052951 0.052945 0.052943 0.052942 0.052942 0.052942 0.052942 0.052942 0.052941 0.052940 0.052938 0.052931 0.052915 0.052880 0.052804 0.052648 0.052345 0.051782 0.050791 0.049136 0.046521 0.042626 0.037165 0.029978 0.021125 0.010936 0.000000 
50.000000 40.551339 31.632581 23.684614 16.995176 11.674766 7.673193 4.824700 2.903745 1.675184 0.929172 0.498568 0.262016 0.138186 0.076339 0.046830 0.033364 0.027480 0.025014 0.024023 0.023640 0.023498 0.023447 0.023429 0.023423 0.023421 0.023421 0.023420 0.023420 0.023420 0.023420 0.023420 0.023420 0.023418 0.023415 0.023408 0.023391 0.023356 0.023285 0.023146 0.022890 0.022441 0.021694 0.020521 0.018782 0.016356 0.013177 0.009276 0.004799 0.000000 
50.000000 40.548784 31.627616 23.677502 16.986259 11.664415 7.661766 4.812508 2.891039 1.662150 0.915940 0.485221 0.248607 0.124744 0.062880 0.033364 0.019895 0.014009 0.011543 0.010551 0.010168 0.010026 0.009975 0.009957 0.009951 0.009949 0.009949 0.009949 0.009948 0.009948 0.009948 0.009948 0.009948 0.009948 0.009946 0.009943 0.009936 0.009920 0.009889 0.009828 0.009717 0.009522 0.009199 0.008695 0.007951 0.006917 0.005567 0.003916 0.002025 0.000000 
50.000000 40.547667 31.625445 23.674393 16.982361 11.659891 7.656771 4.807180 2.885487 1.656454 0.910157 0.479388 0.242747 0.118870 0.056999 0.027480 0.014009 0.008122 0.005656 0.004664 0.004281 0.004138 0.004087 0.004070 0.004064 0.004062 0.004062 0.004061 0.004061 0.004061 0.004061 0.004061 0.004061 0.004061 0.004060 0.004059 0.004056 0.004049 0.004036 0.004011 0.003964 0.003883 0.003750 0.003542 0.003236 0.002813 0.002262 0.001590 0.000822 0.000000 
50.000000 40.547199 31.624535 23.673090 16.980727 11.657995 7.654678 4.804947 2.883160 1.654068 0.907734 0.476945 0.240292 0.116409 0.054535 0.025014 0.011543 0.005656 0.003189 0.002198 0.001814 0.001672 0.001621 0.001603 0.001597 0.001596 0.001595 0.001595 0.001595 0.001595 0.001595 0.001595 0.001595 0.001595 0.001594 0.001594 0.001593 0.001590 0.001585 0.001574 0.001556 0.001524 0.001471 0.001388 0.001268 0.001101 0.000885 0.000622 0.000321 0.000000 
50.000000 40.547011 31.624169 23.672565 16.980070 11.657232 7.653837 4.804049 2.882224 1.653108 0.906760 0.475962 0.239304 0.115419 0.053544 0.024023 0.010551 0.004664 0.002198 0.001206 0.000823 0.000680 0.000629 0.000611 0.000606 0.000604 0.000603 0.000603 0.000603 0.000603 0.000603 0.000603 0.000603 0.000603 0.000603 0.000603 0.000602 0.000601 0.000599 0.000595 0.000588 0.000576 0.000555 0.000524 0.000478 0.000415 0.000333 0.000234 0.000121 0.000000 
50.000000 40.546938 31.624028 23.672363 16.979816 11.656938 7.653511 4.803702 2.881862 1.652737 0.906383 0.475582 0.238923 0.115037 0.053162 0.023640 0.010168 0.004281 0.001814 0.000823 0.000439 0.000297 0.000246 0.000228 0.000222 0.000220 0.000220 0.000220 0.000220 0.000220 0.000220 0.000220 0.000220 0.000220 0.000220 0.000219 0.000219 0.000219 0.000218 0.000217 0.000214 0.000210 0.000202 0.000191 0.000174 0.000151 0.000121 0.000085 0.000044 0.000000 
50.000000 40.546911 31.623975 23.672288 16.979721 11.656828 7.653390 4.803573 2.881728 1.652599 0.906243 0.475441 0.238781 0.114894 0.053019 0.023498 0.010026 0.004138 0.001672 0.000680 0.000297 0.000154 0.000103 0.000086 0.000080 0.000078 0.000077 0.000077 0.000077 0.000077 0.000077 0.000077 0.000077 0.000077 0.000077 0.000077 0.000077 0.000077 0.000077 0.000076 0.000075 0.000074 0.000071 0.000067 0.000061 0.000053 0.000042 0.000030 0.000015 0.000000 
50.000000 40.546901 31.623956 23.672261 16.979688 11.656789 7.653347 4.803527 2.881680 1.652550 0.906193 0.475390 0.238730 0.114844 0.052968 0.023447 0.009975 0.004088 0.001621 0.000629 0.000246 0.000103 0.000052 0.000035 0.000029 0.000027 0.000026 0.000026 0.000026 0.000026 0.000026 0.000026 0.000026 0.000026 0.000026 0.000026 0.000026 0.000026 0.000026 0.000026 0.000026 0.000025 0.000024 0.000023 0.000021 0.000018 0.000014 0.000010 0.000005 0.000000 
50.000000 40.546898 31.623950 23.672251 16.979676 11.656775 7.653332 4.803511 2.881663 1.652533 0.906176 0.475373 0.238713 0.114826 0.052951 0.023429 0.009957 0.004070 0.001604 0.000612 0.000228 0.000086 0.000035 0.000017 0.000012 0.000010 0.000009 0.000009 0.000009 0.000009 0.000009 0.000009 0.000009 0.000009 0.000009 0.000009 0.000009 0.000009 0.000009 0.000009 0.000009 0.000008 0.000008 0.000008 0.000007 0.000006 0.000005 0.000003 0.000002 0.000000 
50.000000 40.546897 31.623948 23.672249 16.979673 11.656771 7.653328 4.803507 2.881659 1.652528 0.906171 0.475368 0.238708 0.114821 0.052946 0.023424 0.009952 0.004065 0.001598 0.000606 0.000223 0.000081 0.000030 0.000012 0.000006 0.000004 0.000004 0.000004 0.000004 0.000004 0.000004 0.000004 0.000004 0.000004 0.000004 0.000004 0.000004 0.000004 0.000004 0.000003 0.000003 0.000003 0.000003 0.000003 0.000003 0.000002 0.000002 0.000001 0.000001 0.000000 
50.000000 40.546897 31.623948 23.672249 16.979673 11.656771 7.653328 4.803507 2.881659 1.652528 0.906171 0.475368 0.238708 0.114821 0.052946 0.023424 0.009952 0.004065 0.001598 0.000606 0.000223 0.000081 0.000030 0.000012 0.000006 0.000004 0.000004 0.000004 0.000004 0.000004 0.000004 0.000004 0.000004 0.000004 0.000004 0.000004 0.000004 0.000004 0.000004 0.000003 0.000003 0.000003 0.000003 0.000003 0.000003 0.000002 0.000002 0.000001 0.000001 0.000000 
50.000000 40.546898 31.623950 23.672251 16.979676 11.656775 7.653332 4.803511 2.881663 1.652533 0.906176 0.475373 0.238713 0.114826 0.052951 0.023429 0.009957 0.004070 0.001604 0.000612 0.000228 0.000086 0.000035 0.000017 0.000012 0.000010 0.000009 0.000009 0.000009 0.000009 0.000009 0.000009 0.000009 0.000009 0.000009 0.000009 0.000009 0.000009 0.000009 0.000009 0.000009 0.000008 0.000008 0.000008 0.000007 0.000006 0.000005 0.000003 0.000002 0.000000 
50.000000 40.546901 31.623956 23.672261 16.979688 11.656789 7.653347 4.803527 2.881680 1.652550 0.906193 0.475390 0.238730 0.114844 0.052968 0.023447 0.009975 0.004088 0.001621 0.000629 0.000246 0.000103 0.000052 0.000035 0.000029 0.000027 0.000026 0.000026 0.000026 0.000026 0.000026 0.000026 0.000026 0.000026 0.000026 0.000026 0.000026 0.000026 0.000026 0.000026 0.000026 0.000025 0.000024 0.000023 0.000021 0.000018 0.000014 0.000010 0.000005 0.000000 
50.000000 40.546911 31.623975 23.672288 16.979721 11.656828 7.653390 4.803573 2.881728 1.652599 0.906243 0.475441 0.238781 0.114894 0.053019 0.023498 0.010026 0.004138 0.001672 0.000680 0.000297 0.000154 0.000103 0.000086 0.000080 0.000078 0.000077 0.000077 0.000077 0.000077 0.000077 0.000077 0.000077 0.000077 0.000077 0.000077 0.000077 0.000077 0.000077 0.000076 0.000075 0.000074 0.000071 0.000067 0.000061 0.000053 0.000042 0.000030 0.000015 0.000000 
50.000000 40.546938 31.624028 23.672363 16.979816 11.656938 7.653511 4.803702 2.881862 1.652737 0.906383 0.475582 0.238923 0.115037 0.053162 0.023640 0.010168 0.004281 0.001814 0.000823 0.000439 0.000297 0.000246 0.000228 0.000222 0.000220 0.000220 0.000220 0.000220 0.000220 0.000220 0.000220 0.000220 0.000220 0.000220 0.000219 0.000219 0.000219 0.000218 0.000217 0.000214 0.000210 0.000202 0.000191 0.000174 0.000151 0.000121 0.000085 0.000044 0.000000 
50.000000 40.547011 31.624169 23.672565 16.980070 11.657232 7.653837 4.804049 2.882224 1.653108 0.906760 0.475962 0.239304 0.115419 0.053544 0.024023 0.010551 0.004664 0.002198 0.001206 0.000823 0.000680 0.000629 0.000611 0.000606 0.000604 0.000603 0.000603 0.000603 0.000603 0.000603 0.000603 0.000603 0.000603 0.000603 0.000603 0.000602 0.000601 0.000599 0.000595 0.000588 0.000576 0.000555 0.000524 0.000478 0.000415 0.000333 0.000234 0.000121 0.000000 
50.000000 40.547199 31.624535 23.673090 16.980727 11.657995 7.654678 4.804947 2.883160 1.654068 0.907734 0.476945 0.240292 0.116409 0.054535 0.025014 0.011543 0.005656 0.003189 0.002198 0.001814 0.001672 0.001621 0.001603 0.001597 0.001596 0.001595 0.001595 0.001595 0.001595 0.001595 0.001595 0.001595 0.001595 0.001594 0.001594 0.001593 0.001590 0.001585 0.001574 0.001556 0.001524 0.001471 0.001388 0.001268 0.001101 0.000885 0.000622 0.000321 0.000000 
50.000000 40.547667 31.625445 23.674393 16.982361 11.659891 7.656771 4.807180 2.885487 1.656454 0.910157 0.479388 0.242747 0.118870 0.056999 0.027480 0.014009 0.008122 0.005656 0.004664 0.004281 0.004138 0.004087 0.004070 0.004064 0.004062 0.004062 0.004061 0.004061 0.004061 0.004061 0.004061 0.004061 0.004061 0.004060 0.004059 0.004056 0.004049 0.004036 0.004011 0.003964 0.003883 0.003750 0.003542 0.003236 0.002813 0.002262 0.001590 0.000822 0.000000 
50.000000 40.548784 31.627616 23.677502 16.986259 11.664415 7.661766 4.812508 2.891039 1.662150 0.915940 0.485221 0.248607 0.124744 0.062880 0.033364 0.019895 0.014009 0.011543 0.010551 0.010168 0.010026 0.009975 0.009957 0.009951 0.009949 0.009949 0.009949 0.009948 0.009948 0.009948 0.009948 0.009948 0.009948 0.009946 0.009943 0.009936 0.009920 0.009889 0.009828 0.009717 0.009522 0.009199 0.008695 0.007951 0.006917 0.005567 0.003916 0.002025 0.000000 
50.000000 40.551339 31.632581 23.684614 16.995176 11.674766 7.673193 4.824700 2.903745 1.675184 0.929172 0.498568 0.262016 0.138186 0.076339 0.046830 0.033364 0.027480 0.025014 0.024023 0.023640 0.023498 0.023447 0.023429 0.023423 0.023421 0.023421 0.023420 0.023420 0.023420 0.023420 0.023420 0.023420 0.023418 0.023415 0.023408 0.023391 0.023356 0.023285 0.023146 0.022890 0.022441 0.021694 0.020521 0.018782 0.016356 0.013177 0.009276 0.004799 0.000000 
50.000000 40.556936 31.643459 23.700195 17.014711 11.697443 7.698228 4.851412 2.931585 1.703744 0.958168 0.527814 0.291400 0.167641 0.105830 0.076339 0.062880 0.056999 0.054535 0.053544 0.053162 0.053019 0.052968 0.052951 0.052945 0.052943 0.052942 0.052942 0.052942 0.052942 0.052942 0.052941 0.052940 0.052938 0.052931 0.052915 0.052880 0.052804 0.052648 0.052345 0.051782 0.050791 0.049136 0.046521 0.042626 0.037165 0.029978 0.021125 0.010936 0.000000 
50.000000 40.568662 31.666250 23.732841 17.055645 11.744961 7.750693 4.907391 2.989930 1.763599 1.018938 0.589111 0.352985 0.229378 0.167641 0.138186 0.124744 0.118870 0.116409 0.115419 0.115037 0.114894 0.114844 0.114826 0.114820 0.114818 0.114818 0.114817 0.114817 0.114817 0.114817 0.114816 0.114814 0.114808 0.114794 0.114762 0.114689 0.114532 0.114209 0.113577 0.112399 0.110311 0.106803 0.101230 0.092877 0.081097 0.065512 0.046224 0.023950 0.000000 
50.000000 40.592131 31.711868 23.798187 17.137583 11.840083 7.855719 5.019458 3.106739 1.883434 1.140608 0.711837 0.476291 0.352985 0.291400 0.262016 0.248607 0.242747 0.240292 0.239304 0.238923 0.238781 0.238730 0.238713 0.238707 0.238705 0.238704 0.238704 0.238704 0.238704 0.238703 0.238702 0.238697 0.238686 0.238659 0.238596 0.238454 0.238145 0.237509 0.236256 0.233905 0.229713 0.222624 0.211282 0.194159 0.169838 0.137449 0.097134 0.050382 0.000000 
50.000000 40.636950 31.798984 23.922981 17.294071 12.021758 8.056319 5.233515 3.329858 2.112342 1.373024 0.946275 0.711837 0.589111 0.527814 0.498568 0.485221 0.479388 0.476945 0.475962 0.475582 0.475441 0.475390 0.475373 0.475367 0.475365 0.475365 0.475364 0.475364 0.475364 0.475363 0.475360 0.475352 0.475332 0.475283 0.475166 0.474902 0.474328 0.473138 0.470779 0.466324 0.458324 0.444689 0.422690 0.389190 0.341199 0.276760 0.195979 0.101795 0.000000 
50.000000 40.718512 31.957520 24.150091 17.578868 12.352407 8.421427 5.623128 3.735980 2.529009 1.796086 1.373024 1.140608 1.018938 0.958168 0.929172 0.915940 0.910157 0.907734 0.906760 0.906383 0.906243 0.906193 0.906176 0.906170 0.906168 0.906168 0.906168 0.906167 0.906167 0.906165 0.906160 0.906146 0.906112 0.906026 0.905823 0.905361 0.904352 0.902245 0.898043 0.890049 0.875572 0.850673 0.810105 0.747685 0.657317 0.534730 0.379646 0.197562 0.000000 
50.000000 40.859776 32.232108 24.543459 18.072169 12.925149 9.053880 6.298055 4.439525 3.250840 2.529009 2.112342 1.883434 1.763599 1.703744 1.675184 1.662150 1.656454 1.654068 1.653108 1.652737 1.652599 1.652550 1.652533 1.652527 1.652525 1.652525 1.652524 1.652524 1.652523 1.652520 1.652512 1.652490 1.652434 1.652294 1.651962 1.651200 1.649529 1.646017 1.638960 1.625420 1.600666 1.557639 1.486717 1.376223 1.214158 0.991454 0.706366 0.368507 0.000000 
50.000000 41.092353 32.684197 25.191129 18.884400 13.868212 10.095297 7.409445 5.598073 4.439525 3.735980 3.329858 3.106739 2.989930 2.931585 2.903745 2.891039 2.885487 2.883160 2.882224 2.881862 2.881728 2.881680 2.881663 2.881658 2.881656 2.881655 2.881655 2.881654 2.881653 2.881648 2.881636 2.881603 2.881518 2.881305 2.880794 2.879619 2.877025 2.871534 2.860408 2.838859 2.799036 2.728964 2.611867 2.426654 2.150568 1.764863 1.263358 0.661416 0.000000 
50.000000 41.455921 33.390919 26.203608 20.154168 15.342555 11.723451 9.147045 7.409445 6.298055 5.623128 5.233515 5.019458 4.907391 4.851412 4.824700 4.812508 4.807180 4.804947 4.804049 4.803702 4.803573 4.803527 4.803511 4.803506 4.803504 4.803503 4.803503 4.803502 4.803500 4.803494 4.803477 4.803430 4.803309 4.803006 4.802276 4.800588 4.796834 4.788826 4.772455 4.740416 4.680481 4.573522 4.391868 4.099237 3.654132 3.018884 2.175419 1.144790 0.000000 
50.000000 41.994924 34.438673 27.704695 22.036752 17.528506 14.137518 11.723451 10.095297 9.053880 8.421427 8.056319 7.855719 7.750693 7.698228 7.673193 7.661766 7.656771 7.654678 7.653837 7.653511 7.653390 7.653347 7.653332 7.653327 7.653325 7.653325 7.653324 7.653323 7.653321 7.653313 7.653290 7.653229 7.653071 7.652672 7.651707 7.649462 7.644437 7.633630 7.611322 7.567162 7.483430 7.331583 7.068759 6.635903 5.960655 4.969729 3.615676 1.917761 0.000000 
50.000000 42.751978 35.910307 29.813096 24.681052 20.598990 17.528506 15.342555 13.868212 12.925149 12.352407 12.021758 11.840083 11.744961 11.697443 11.674766 11.664415 11.659891 11.657995 11.657232 11.656938 11.656828 11.656789 11.656775 11.656771 11.656769 11.656769 11.656768 11.656767 11.656764 11.656754 11.656727 11.656655 11.656464 11.655984 11.654817 11.652084 11.645924 11.632568 11.604721 11.548925 11.441558 11.243318 10.892602 10.299495 9.344573 7.891015 5.823673 3.128627 0.000000 
50.000000 43.758384 37.866671 32.616009 28.196453 24.681052 22.036752 20.154168 18.884400 18.072169 17.578868 17.294071 17.137583 17.055645 17.014711 16.995176 16.986259 16.982361 16.980727 16.980070 16.979816 16.979721 16.979688 16.979676 16.979672 16.979671 16.979670 16.979670 16.979669 16.979665 16.979655 16.979626 16.979548 16.979342 16.978820 16.977547 16.974548 16.967745 16.952872 16.921551 16.858011 16.733833 16.500036 16.076097 15.336479 14.098226 12.120595 9.144107 5.022428 0.000000 
50.000000 45.023594 40.326145 36.139774 32.616009 29.813096 27.704695 26.203608 25.191129 24.543459 24.150091 23.922981 23.798187 23.732841 23.700195 23.684614 23.677502 23.674393 23.673090 23.672565 23.672363 23.672288 23.672261 23.672251 23.672248 23.672247 23.672247 23.672246 23.672245 23.672242 23.672232 23.672205 23.672130 23.671935 23.671437 23.670217 23.667329 23.660738 23.646221 23.615361 23.552005 23.426265 23.184724 22.734967 21.922082 20.495413 18.069887 14.112840 8.075780 0.000000 
50.000000 46.526690 43.248071 40.326145 37.866671 35.910307 34.438673 33.390919 32.684197 32.232108 31.957520 31.798984 31.711868 31.666250 31.643459 31.632581 31.627616 31.625445 31.624535 31.624169 31.624028 31.623975 31.623956 31.623950 31.623948 31.623947 31.623947 31.623946 31.623945 31.623943 31.623935 31.623914 31.623855 31.623700 31.623305 31.622334 31.620027 31.614734 31.603005 31.577874 31.525742 31.420839 31.215500 30.822998 30.086633 28.722565 26.213306 21.624036 13.405742 0.000000 
50.000000 48.213271 46.526690 45.023594 43.758384 42.751978 41.994924 41.455921 41.092353 40.859776 40.718512 40.636950 40.592131 40.568662 40.556936 40.551339 40.548784 40.547667 40.547199 40.547011 40.546938 40.546911 40.546901 40.546898 40.546897 40.546896 40.546896 40.546896 40.546896 40.546894 40.546890 40.546878 40.546846 40.546760 40.546540 40.546000 40.544712 40.541749 40.535155 40.520950 40.491268 40.430937 40.311131 40.077164 39.623351 38.735956 36.947813 33.120948 24.106635 0.000000 
50.000000 50.000000 50.000000 50.000000 50.000000 50.000000 50.000000 50.000000 50.000000 50.000000 50.000000 50.000000 50.000000 50.000000 50.000000 50.000000 50.000000 50.000000 50.000000 50.000000 50.000000 50.000000 50.000000 50.000000 50.000000 50.000000 50.000000 50.000000 50.000000 50.000000 50.000000 50.000000 50.000000 50.000000 50.000000 50.000000 50.000000 50.000000 50.000000 50.000000 50.000000 50.000000 50.000000 50.000000 50.000000 50.000000 50.000000 50.000000 50.000000 50.000000 
