50.000000 50.000000 50.000000 50.000000 50.000000 50.000000 50.000000 50.000000 50.000000 50.000000 50.000000 50.000000 50.000000 50.000000 50.000000 50.000000 50.000000 50.000000 50.000000 50.000000 50.000000 50.000000 50.000000 50.000000 50.000000 50.000000 50.000000 50.000000 50.000000 50.000000 50.000000 50.000000 50.000000 50.000000 50.000000 50.000000 50.000000 50.000000 50.000000 50.000000 50.000000 50.000000 50.000000 50.000000 50.000000 50.000000 50.000000 50.000000 50.000000 50.000000 
50.000000 48.933030 47.901796 46.938449 46.068561 45.309199 44.668281 44.145154 43.732149 43.416680 43.183480 43.016600 42.900955 42.823323 42.772820 42.740970 42.721489 42.709930 42.703272 42.699548 42.697525 42.696456 42.695908 42.695633 42.695499 42.695432 42.695395 42.695364 42.695319 42.695233 42.695058 42.694705 42.694006 42.692651 42.690083 42.685316 42.676654 42.661217 42.634205 42.587694 42.508683 42.375767 42.153187 41.779387 41.143001 40.027129 37.965231 33.824601 24.466515 0.000000 
50.000000 47.901796 45.873871 43.979444 42.268807 40.775524 39.515161 38.486438 37.674269 37.053907 36.595326 36.267162 36.039751 35.887091 35.787780 35.725149 35.686843 35.664112 35.651019 35.643697 35.639719 35.637618 35.636539 35.635999 35.635735 35.635604 35.635532 35.635472 35.635387 35.635224 35.634896 35.634232 35.632920 35.630380 35.625572 35.616669 35.600528 35.571852 35.521869 35.436252 35.291818 35.051171 34.653725 33.999961 32.922614 31.131970 28.111739 22.936935 14.077196 0.000000 
50.000000 46.938449 43.979444 41.215236 38.719204 36.540325 34.701309 33.200287 32.015249 31.110081 30.440970 29.962152 29.630343 29.407602 29.262702 29.171322 29.115432 29.082267 29.063165 29.052482 29.046678 29.043613 29.042039 29.041252 29.040866 29.040676 29.040572 29.040488 29.040371 29.040151 29.039705 29.038808 29.037035 29.033613 29.027151 29.015223 28.993679 28.955589 28.889595 28.777426 28.590110 28.282234 27.783144 26.983387 25.713997 23.716549 20.607618 15.867705 8.973218 0.000000 
50.000000 46.068561 42.268807 38.719204 35.513983 32.716034 30.354522 28.427043 26.905331 25.743008 24.883812 24.268973 23.842909 23.556898 23.370841 23.253505 23.181742 23.139158 23.114632 23.100915 23.093463 23.089528 23.087507 23.086497 23.086002 23.085759 23.085628 23.085526 23.085388 23.085132 23.084615 23.083579 23.081538 23.077606 23.070208 23.056607 23.032162 22.989203 22.915330 22.790946 22.585718 22.253614 21.726138 20.903509 19.644349 17.756991 15.002655 11.136837 6.041432 0.000000 
50.000000 45.309199 40.775524 36.540325 32.716034 29.377691 26.560092 24.260366 22.444783 21.058005 20.032898 19.299341 18.791014 18.449785 18.227809 18.087824 18.002210 17.951407 17.922148 17.905784 17.896894 17.892200 17.889789 17.888584 17.887995 17.887707 17.887554 17.887440 17.887292 17.887023 17.886484 17.885405 17.883288 17.879223 17.871605 17.857664 17.832752 17.789269 17.715121 17.591554 17.390269 17.069737 16.570851 15.812521 14.688846 13.071685 10.826327 7.852911 4.166198 0.000000 
50.000000 44.668281 39.515161 34.701309 30.354522 26.560092 23.357567 20.743682 18.680092 17.103894 15.938779 15.105042 14.527301 14.139480 13.887199 13.728105 13.630804 13.573068 13.539816 13.521220 13.511117 13.505783 13.503044 13.501674 13.501005 13.500680 13.500510 13.500391 13.500244 13.499981 13.499462 13.498425 13.496397 13.492520 13.485285 13.472113 13.448720 13.408185 13.339664 13.226674 13.044961 12.760069 12.325000 11.678784 10.747571 9.451012 7.717922 5.515200 2.888893 0.000000 
50.000000 44.145154 38.486438 33.200287 28.427043 24.260366 20.743682 17.873399 15.607409 13.876630 12.597262 11.681777 11.047396 10.621559 10.344553 10.169869 10.063035 9.999643 9.963135 9.942717 9.931625 9.925769 9.922762 9.921259 9.920525 9.920170 9.919989 9.919868 9.919729 9.919490 9.919020 9.918088 9.916271 9.912811 9.906385 9.894749 9.874214 9.838894 9.779709 9.683119 9.529677 9.292587 8.936700 8.418681 7.689515 6.700905 5.417143 3.832713 1.991966 0.000000 
50.000000 43.732149 37.674269 32.015249 26.905331 22.444783 18.680092 15.607409 13.181648 11.328852 9.959303 8.979298 8.300216 7.844378 7.547861 7.360875 7.246519 7.178666 7.139588 7.117734 7.105862 7.099594 7.096375 7.094767 7.093983 7.093605 7.093416 7.093297 7.093171 7.092964 7.092563 7.091772 7.090235 7.087322 7.081937 7.072239 7.055231 7.026193 6.977944 6.899977 6.777529 6.590824 6.314822 5.920023 5.375047 4.651717 3.733015 2.623098 1.356381 0.000000 
50.000000 43.416680 37.053907 31.110081 25.743008 21.058005 17.103894 13.876630 11.328852 9.382874 7.944462 6.915190 6.201976 5.723233 5.411820 5.215443 5.095346 5.024087 4.983048 4.960099 4.947631 4.941049 4.937670 4.935981 4.935159 4.934764 4.934570 4.934455 4.934345 4.934173 4.933848 4.933210 4.931976 4.929648 4.925364 4.917690 4.904316 4.881641 4.844269 4.784431 4.691437 4.551323 4.346952 4.058933 3.667736 3.157291 2.519970 1.762090 0.907997 0.000000 
50.000000 43.183480 36.595326 30.440970 24.883812 20.032898 15.938779 12.597262 9.959303 7.944462 6.455158 5.389481 4.651048 4.155382 3.832964 3.629650 3.505312 3.431538 3.389051 3.365292 3.352386 3.345571 3.342073 3.340326 3.339475 3.339068 3.338871 3.338761 3.338667 3.338530 3.338278 3.337787 3.336843 3.335068 3.331818 3.326028 3.315995 3.299099 3.271460 3.227579 3.160031 3.059327 2.914142 2.712105 2.441344 2.092866 1.663543 1.159074 0.595787 0.000000 
50.000000 43.016600 36.267162 29.962152 24.268973 19.299341 15.105042 11.681777 8.979298 6.915190 5.389481 4.297761 3.541290 3.033521 2.703233 2.494959 2.367589 2.292016 2.248494 2.224157 2.210936 2.203956 2.200373 2.198583 2.197712 2.197297 2.197098 2.196993 2.196913 2.196808 2.196620 2.196259 2.195568 2.194274 2.191915 2.187733 2.180528 2.168469 2.148881 2.118021 2.070921 2.001354 1.902069 1.765379 1.584220 1.353643 1.072556 0.745293 0.382396 0.000000 
50.000000 42.900955 36.039751 29.630343 23.842909 18.791014 14.527301 11.047396 8.300216 6.201976 4.651048 3.541290 2.772325 2.256173 1.920436 1.708727 1.579257 1.502440 1.458202 1.433464 1.420026 1.412931 1.409289 1.407470 1.406586 1.406165 1.405966 1.405865 1.405797 1.405718 1.405583 1.405328 1.404842 1.403937 1.402294 1.399396 1.394428 1.386163 1.372821 1.351949 1.320335 1.274024 1.208503 1.119117 1.001745 0.853706 0.674754 0.467899 0.239738 0.000000 
50.000000 42.823323 35.887091 29.407602 23.556898 18.449785 14.139480 10.621559 7.844378 5.723233 4.155382 3.033521 2.256173 1.734398 1.395005 1.180992 1.050115 0.972463 0.927744 0.902738 0.889154 0.881983 0.878301 0.876463 0.875570 0.875145 0.874946 0.874849 0.874790 0.874731 0.874637 0.874463 0.874135 0.873526 0.872426 0.870494 0.867199 0.861745 0.852993 0.839387 0.818917 0.789147 0.747346 0.690760 0.617033 0.524735 0.413923 0.286563 0.146669 0.000000 
50.000000 42.772820 35.787780 29.262702 23.370841 18.227809 13.887199 10.344553 7.547861 5.411820 3.832964 2.703233 1.920436 1.395005 1.053236 0.837726 0.705934 0.627739 0.582709 0.557528 0.543849 0.536628 0.532921 0.531071 0.530171 0.529744 0.529545 0.529451 0.529399 0.529354 0.529291 0.529176 0.528963 0.528569 0.527859 0.526618 0.524511 0.521040 0.515500 0.506936 0.494130 0.475622 0.449804 0.415086 0.370146 0.314234 0.247480 0.171111 0.087503 0.000000 
50.000000 42.740970 35.725149 29.171322 23.253505 18.087824 13.728105 10.169869 7.360875 5.215443 3.629650 2.494959 1.708727 1.180992 0.837726 0.621273 0.488905 0.410368 0.365141 0.339851 0.326113 0.318860 0.315137 0.313278 0.312375 0.311947 0.311748 0.311656 0.311609 0.311574 0.311532 0.311459 0.311325 0.311078 0.310637 0.309867 0.308566 0.306433 0.303044 0.297832 0.290080 0.278938 0.263484 0.242820 0.216220 0.183297 0.144170 0.099577 0.050887 0.000000 
50.000000 42.721489 35.686843 29.115432 23.181742 18.002210 13.630804 10.063035 7.246519 5.095346 3.505313 2.367589 1.579258 1.050115 0.705934 0.488905 0.356184 0.277439 0.232092 0.206735 0.192960 0.185688 0.181956 0.180092 0.179187 0.178758 0.178559 0.178468 0.178424 0.178397 0.178368 0.178323 0.178241 0.178092 0.177827 0.177366 0.176589 0.175321 0.173316 0.170245 0.165699 0.159198 0.150224 0.138285 0.122987 0.104136 0.081819 0.056463 0.028838 0.000000 
50.000000 42.709930 35.664112 29.082267 23.139159 17.951408 13.573069 9.999644 7.178666 5.024088 3.431539 2.292017 1.502441 0.972464 0.627740 0.410369 0.277440 0.198571 0.153153 0.127756 0.113960 0.106677 0.102938 0.101072 0.100165 0.099736 0.099537 0.099447 0.099405 0.099382 0.099363 0.099335 0.099287 0.099200 0.099045 0.098778 0.098329 0.097600 0.096450 0.094697 0.092112 0.088432 0.083374 0.076672 0.068121 0.057622 0.045232 0.031192 0.015924 0.000000 
50.000000 42.703272 35.651020 29.063166 23.114633 17.922149 13.539818 9.963136 7.139589 4.983050 3.389053 2.248496 1.458204 0.927746 0.582710 0.365143 0.232094 0.153154 0.107695 0.082275 0.068467 0.061177 0.057435 0.055567 0.054659 0.054230 0.054032 0.053942 0.053902 0.053881 0.053867 0.053850 0.053822 0.053773 0.053686 0.053536 0.053285 0.052878 0.052239 0.051268 0.049842 0.047819 0.045050 0.041394 0.036745 0.031055 0.024359 0.016788 0.008567 0.000000 
50.000000 42.699549 35.643698 29.052484 23.100918 17.905787 13.521224 9.942721 7.117738 4.960103 3.365297 2.224161 1.433468 0.902743 0.557533 0.339855 0.206739 0.127760 0.082278 0.056845 0.043030 0.035736 0.031993 0.030124 0.029216 0.028786 0.028588 0.028499 0.028459 0.028440 0.028429 0.028419 0.028403 0.028376 0.028328 0.028247 0.028110 0.027890 0.027545 0.027023 0.026259 0.025179 0.023705 0.021766 0.019306 0.016305 0.012781 0.008804 0.004491 0.000000 
50.000000 42.697527 35.639722 29.046683 23.093470 17.896902 13.511126 9.931635 7.105872 4.947642 3.352396 2.210947 1.420037 0.889165 0.543861 0.326124 0.192971 0.113971 0.068476 0.043037 0.029218 0.021922 0.018178 0.016308 0.015400 0.014970 0.014772 0.014683 0.014644 0.014626 0.014617 0.014610 0.014601 0.014586 0.014561 0.014518 0.014446 0.014330 0.014150 0.013877 0.013479 0.012918 0.012155 0.011153 0.009887 0.008344 0.006537 0.004501 0.002296 0.000000 
50.000000 42.696461 35.637626 29.043625 23.089544 17.892218 13.505804 9.925792 7.099618 4.941075 3.345598 2.203983 1.412958 0.882010 0.536656 0.318888 0.185716 0.106704 0.061203 0.035760 0.021939 0.014642 0.010897 0.009028 0.008119 0.007689 0.007491 0.007402 0.007363 0.007346 0.007338 0.007333 0.007328 0.007320 0.007307 0.007285 0.007248 0.007189 0.007097 0.006958 0.006756 0.006472 0.006086 0.005581 0.004945 0.004171 0.003266 0.002248 0.001146 0.000000 
50.000000 42.695918 35.636559 29.042068 23.087545 17.889834 13.503094 9.922817 7.096434 4.937731 3.342136 2.200437 1.409355 0.878368 0.532988 0.315204 0.182022 0.103004 0.057500 0.032055 0.018233 0.010936 0.007191 0.005321 0.004412 0.003983 0.003785 0.003696 0.003657 0.003640 0.003632 0.003629 0.003625 0.003621 0.003615 0.003603 0.003585 0.003555 0.003508 0.003439 0.003338 0.003196 0.003004 0.002754 0.002438 0.002056 0.001609 0.001107 0.000564 0.000000 
50.000000 42.695657 35.636046 29.041320 23.086584 17.888688 13.501792 9.921387 7.094904 4.936124 3.340473 2.198733 1.407623 0.876617 0.531225 0.313433 0.180247 0.101227 0.055721 0.030275 0.016452 0.009155 0.005410 0.003540 0.002631 0.002202 0.002004 0.001915 0.001876 0.001859 0.001852 0.001848 0.001846 0.001844 0.001840 0.001834 0.001825 0.001809 0.001785 0.001749 0.001697 0.001625 0.001527 0.001399 0.001238 0.001043 0.000816 0.000561 0.000286 0.000000 
50.000000 42.695553 35.635842 29.041022 23.086201 17.888231 13.501272 9.920817 7.094293 4.935483 3.339809 2.198054 1.406932 0.875919 0.530522 0.312727 0.179539 0.100518 0.055011 0.029565 0.015742 0.008445 0.004699 0.002829 0.001921 0.001491 0.001293 0.001204 0.001165 0.001149 0.001141 0.001138 0.001137 0.001135 0.001133 0.001129 0.001123 0.001113 0.001098 0.001076 0.001044 0.000999 0.000938 0.000859 0.000760 0.000640 0.000501 0.000344 0.000175 0.000000 
50.000000 42.695553 35.635842 29.041022 23.086201 17.888231 13.501272 9.920817 7.094293 4.935483 3.339809 2.198054 1.406932 0.875919 0.530522 0.312727 0.179539 0.100518 0.055011 0.029565 0.015742 0.008445 0.004699 0.002829 0.001921 0.001491 0.001293 0.001204 0.001165 0.001149 0.001141 0.001138 0.001137 0.001135 0.001133 0.001129 0.001123 0.001113 0.001098 0.001076 0.001044 0.000999 0.000938 0.000859 0.000760 0.000640 0.000501 0.000344 0.000175 0.000000 
50.000000 42.695657 35.636046 29.041320 23.086584 17.888688 13.501792 9.921387 7.094904 4.936124 3.340473 2.198733 1.407623 0.876617 0.531225 0.313433 0.180247 0.101227 0.055721 0.030275 0.016452 0.009155 0.005410 0.003540 0.002631 0.002202 0.002004 0.001915 0.001876 0.001859 0.001852 0.001848 0.001846 0.001844 0.001840 0.001834 0.001825 0.001809 0.001785 0.001749 0.001697 0.001625 0.001527 0.001399 0.001238 0.001043 0.000816 0.000561 0.000286 0.000000 
50.000000 42.695918 35.636559 29.042068 23.087545 17.889834 13.503094 9.922817 7.096434 4.937731 3.342136 2.200437 1.409355 0.878368 0.532988 0.315204 0.182022 0.103004 0.057500 0.032055 0.018233 0.010936 0.007191 0.005321 0.004412 0.003983 0.003785 0.003696 0.003657 0.003640 0.003632 0.003629 0.003625 0.003621 0.003615 0.003603 0.003585 0.003555 0.003508 0.003439 0.003338 0.003196 0.003004 0.002754 0.002438 0.002056 0.001609 0.001107 0.000564 0.000000 
50.000000 42.696461 35.637626 29.043625 23.089544 17.892218 13.505804 9.925792 7.099618 4.941075 3.345598 2.203983 1.412958 0.882010 0.536656 0.318888 0.185716 0.106704 0.061203 0.035760 0.021939 0.014642 0.010897 0.009028 0.008119 0.007689 0.007491 0.007402 0.007363 0.007346 0.007338 0.007333 0.007328 0.007320 0.007307 0.007285 0.007248 0.007189 0.007097 0.006958 0.006756 0.006472 0.006086 0.005581 0.004945 0.004171 0.003266 0.002248 0.001146 0.000000 
50.000000 42.697527 35.639722 29.046683 23.093470 17.896902 13.511126 9.931635 7.105872 4.947642 3.352396 2.210947 1.420037 0.889165 0.543861 0.326124 0.192971 0.113971 0.068476 0.043037 0.029218 0.021922 0.018178 0.016308 0.015400 0.014970 0.014772 0.014683 0.014644 0.014626 0.014617 0.014610 0.014601 0.014586 0.014561 0.014518 0.014446 0.014330 0.014150 0.013877 0.013479 0.012918 0.012155 0.011153 0.009887 0.008344 0.006537 0.004501 0.002296 0.000000 
50.000000 42.699549 35.643698 29.052484 23.100918 17.905787 13.521224 9.942721 7.117738 4.960103 3.365297 2.224161 1.433468 0.902743 0.557533 0.339855 0.206739 0.127760 0.082278 0.056845 0.043030 0.035736 0.031993 0.030124 0.029216 0.028786 0.028588 0.028499 0.028459 0.028440 0.028429 0.028419 0.028403 0.028376 0.028328 0.028247 0.028110 0.027890 0.027545 0.027023 0.026259 0.025179 0.023705 0.021766 0.019306 0.016305 0.012781 0.008804 0.004491 0.000000 
50.000000 42.703272 35.651020 29.063166 23.114633 17.922149 13.539818 9.963136 7.139589 4.983050 3.389053 2.248496 1.458204 0.927746 0.582710 0.365143 0.232094 0.153154 0.107695 0.082275 0.068467 0.061177 0.057435 0.055567 0.054659 0.054230 0.054032 0.053942 0.053902 0.053881 0.053867 0.053850 0.053822 0.053773 0.053686 0.053536 0.053285 0.052878 0.052239 0.051268 0.049842 0.047819 0.045050 0.041394 0.036745 0.031055 0.024359 0.016788 0.008567 0.000000 
50.000000 42.709930 35.664112 29.082267 23.139159 17.951408 13.573069 9.999644 7.178666 5.024088 3.431539 2.292017 1.502441 0.972464 0.627740 0.410369 0.277440 0.198571 0.153153 0.127756 0.113960 0.106677 0.102938 0.101072 0.100165 0.099736 0.099537 0.099447 0.099405 0.099382 0.099363 0.099335 0.099287 0.099200 0.099045 0.098778 0.098329 0.097600 0.096450 0.094697 0.092112 0.088432 0.083374 0.076672 0.068121 0.057622 0.045232 0.031192 0.015924 0.000000 
50.000000 42.721489 35.686843 29.115432 23.181742 18.002210 13.630804 10.063035 7.246519 5.095346 3.505313 2.367589 1.579258 1.050115 0.705934 0.488905 0.356184 0.277439 0.232092 0.206735 0.192960 0.185688 0.181956 0.180092 0.179187 0.178758 0.178559 0.178468 0.178424 0.178397 0.178368 0.178323 0.178241 0.178092 0.177827 0.177366 0.176589 0.175321 0.173316 0.170245 0.165699 0.159198 0.150224 0.138285 0.122987 0.104136 0.081819 0.056463 0.028838 0.000000 
50.000000 42.740970 35.725149 29.171322 23.253505 18.087824 13.728105 10.169869 7.360875 5.215443 3.629650 2.494959 1.708727 1.180992 0.837726 0.621273 0.488905 0.410368 0.365141 0.339851 0.326113 0.318860 0.315137 0.313278 0.312375 0.311947 0.311748 0.311656 0.311609 0.311574 0.311532 0.311459 0.311325 0.311078 0.310637 0.309867 0.308566 0.306433 0.303044 0.297832 0.290080 0.278938 0.263484 0.242820 0.216220 0.183297 0.144170 0.099577 0.050887 0.000000 
50.000000 42.772820 35.787780 29.262702 23.370841 18.227809 13.887199 10.344553 7.547861 5.411820 3.832964 2.703233 1.920436 1.395005 1.053236 0.837726 0.705934 0.627739 0.582709 0.557528 0.543849 0.536628 0.532921 0.531071 0.530171 0.529744 0.529545 0.529451 0.529399 0.529354 0.529291 0.529176 0.528963 0.528569 0.527859 0.526618 0.524511 0.521040 0.515500 0.506936 0.494130 0.475622 0.449804 0.415086 0.370146 0.314234 0.247480 0.171111 0.087503 0.000000 
50.000000 42.823323 35.887091 29.407602 23.556898 18.449785 14.139480 10.621559 7.844378 5.723233 4.155382 3.033521 2.256173 1.734398 1.395005 1.180992 1.050115 0.972463 0.927744 0.902738 0.889154 0.881983 0.878301 0.876463 0.875570 0.875145 0.874946 0.874849 0.874790 0.874731 0.874637 0.874463 0.874135 0.873526 0.872426 0.870494 0.867199 0.861745 0.852993 0.839387 0.818917 0.789147 0.747346 0.690760 0.617033 0.524735 0.413923 0.286563 0.146669 0.000000 
50.000000 42.900955 36.039751 29.630343 23.842909 18.791014 14.527301 11.047396 8.300216 6.201976 4.651048 3.541290 2.772325 2.256173 1.920436 1.708727 1.579257 1.502440 1.458202 1.433464 1.420026 1.412931 1.409289 1.407470 1.406586 1.406165 1.405966 1.405865 1.405797 1.405718 1.405583 1.405328 1.404842 1.403937 1.402294 1.399396 1.394428 1.386163 1.372821 1.351949 1.320335 1.274024 1.208503 1.119117 1.001745 0.853706 0.674754 0.467899 0.239738 0.000000 
50.000000 43.016600 36.267162 29.962152 24.268973 19.299341 15.105042 11.681777 8.979298 6.915190 5.389481 4.297761 3.541290 3.033521 2.703233 2.494959 2.367589 2.292016 2.248494 2.224157 2.210936 2.203956 2.200373 2.198583 2.197712 2.197297 2.197098 2.196993 2.196913 2.196808 2.196620 2.196259 2.195568 2.194274 2.191915 2.187733 2.180528 2.168469 2.148881 2.118021 2.070921 2.001354 1.902069 1.765379 1.584220 1.353643 1.072556 0.745293 0.382396 0.000000 
50.000000 43.183480 36.595326 30.440970 24.883812 20.032898 15.938779 12.597262 9.959303 7.944462 6.455158 5.389481 4.651048 4.155382 3.832964 3.629650 3.505312 3.431538 3.389051 3.365292 3.352386 3.345571 3.342073 3.340326 3.339475 3.339068 3.338871 3.338761 3.338667 3.338530 3.338278 3.337787 3.336843 3.335068 3.331818 3.326028 3.315995 3.299099 3.271460 3.227579 3.160031 3.059327 2.914142 2.712105 2.441344 2.092866 1.663543 1.159074 0.595787 0.000000 
50.000000 43.416680 37.053907 31.110081 25.743008 21.058005 17.103894 13.876630 11.328852 9.382874 7.944462 6.915190 6.201976 5.723233 5.411820 5.215443 5.095346 5.024087 4.983048 4.960099 4.947631 4.941049 4.937670 4.935981 4.935159 4.934764 4.934570 4.934455 4.934345 4.934173 4.933848 4.933210 4.931976 4.929648 4.925364 4.917690 4.904316 4.881641 4.844269 4.784431 4.691437 4.551323 4.346952 4.058933 3.667736 3.157291 2.519970 1.762090 0.907997 0.000000 
50.000000 43.732149 37.674269 32.015249 26.905331 22.444783 18.680092 15.607409 13.181648 11.328852 9.959303 8.979298 8.300216 7.844378 7.547861 7.360875 7.246519 7.178666 7.139588 7.117734 7.105862 7.099594 7.096375 7.094767 7.093983 7.093605 7.093416 7.093297 7.093171 7.092964 7.092563 7.091772 7.090235 7.087322 7.081937 7.072239 7.055231 7.026193 6.977944 6.899977 6.777529 6.590824 6.314822 5.920023 5.375047 4.651717 3.733015 2.623098 1.356381 0.000000 
50.000000 44.145154 38.486438 33.200287 28.427043 24.260366 20.743682 17.873399 15.607409 13.876630 12.597262 11.681777 11.047396 10.621559 10.344553 10.169869 10.063035 9.999643 9.963135 9.942717 9.931625 9.925769 9.922762 9.921259 9.920525 9.920170 9.919989 9.919868 9.919729 9.919490 9.919020 9.918088 9.916271 9.912811 9.906385 9.894749 9.874214 9.838894 9.779709 9.683119 9.529677 9.292587 8.936700 8.418681 7.689515 6.700905 5.417143 3.832713 1.991966 0.000000 
50.000000 44.668281 39.515161 34.701309 30.354522 26.560092 23.357567 20.743682 18.680092 17.103894 15.938779 15.105042 14.527301 14.139480 13.887199 13.728105 13.630804 13.573068 13.539816 13.521220 13.511117 13.505783 13.503044 13.501674 13.501005 13.500680 13.500510 13.500391 13.500244 13.499981 13.499462 13.498425 13.496397 13.492520 13.485285 13.472113 13.448720 13.408185 13.339664 13.226674 13.044961 12.760069 12.325000 11.678784 10.747571 9.451012 7.717922 5.515200 2.888893 0.000000 
50.000000 45.309199 40.775524 36.540325 32.716034 29.377691 26.560092 24.260366 22.444783 21.058005 20.032898 19.299341 18.791014 18.449785 18.227809 18.087824 18.002210 17.951407 17.922148 17.905784 17.896894 17.892200 17.889789 17.888584 17.887995 17.887707 17.887554 17.887440 17.887292 17.887023 17.886484 17.885405 17.883288 17.879223 17.871605 17.857664 17.832752 17.789269 17.715121 17.591554 17.390269 17.069737 16.570851 15.812521 14.688846 13.071685 10.826327 7.852911 4.166198 0.000000 
50.000000 46.068561 42.268807 38.719204 35.513983 32.716034 30.354522 28.427043 26.905331 25.743008 24.883812 24.268973 23.842909 23.556898 23.370841 23.253505 23.181742 23.139158 23.114632 23.100915 23.093463 23.089528 23.087507 23.086497 23.086002 23.085759 23.085628 23.085526 23.085388 23.085132 23.084615 23.083579 23.081538 23.077606 23.070208 23.056607 23.032162 22.989203 22.915330 22.790946 22.585718 22.253614 21.726138 20.903509 19.644349 17.756991 15.002655 11.136837 6.041432 0.000000 
50.000000 46.938449 43.979444 41.215236 38.719204 36.540325 34.701309 33.200287 32.015249 31.110081 30.440970 29.962152 29.630343 29.407602 29.262702 29.171322 29.115432 29.082267 29.063165 29.052482 29.046678 29.043613 29.042039 29.041252 29.040866 29.040676 29.040572 29.040488 29.040371 29.040151 29.039705 29.038808 29.037035 29.033613 29.027151 29.015223 28.993679 28.955589 28.889595 28.777426 28.590110 28.282234 27.783144 26.983387 25.713997 23.716549 20.607618 15.867705 8.973218 0.000000 
50.000000 47.901796 45.873871 43.979444 42.268807 40.775524 39.515161 38.486438 37.674269 37.053907 36.595326 36.267162 36.039751 35.887091 35.787780 35.725149 35.686843 35.664112 35.651019 35.643697 35.639719 35.637618 35.636539 35.635999 35.635735 35.635604 35.635532 35.635472 35.635387 35.635224 35.634896 35.634232 35.632920 35.630380 35.625572 35.616669 35.600528 35.571852 35.521869 35.436252 35.291818 35.051171 34.653725 33.999961 32.922614 31.131970 28.111739 22.936935 14.077196 0.000000 
50.000000 48.933030 47.901796 46.938449 46.068561 45.309199 44.668281 44.145154 43.732149 43.416680 43.183480 43.016600 42.900955 42.823323 42.772820 42.740970 42.721489 42.709930 42.703272 42.699548 42.697525 42.696456 42.695908 42.695633 42.695499 42.695432 42.695395 42.695364 42.695319 42.695233 42.695058 42.694705 42.694006 42.692651 42.690083 42.685316 42.676654 42.661217 42.634205 42.587694 42.508683 42.375767 42.153187 41.779387 41.143001 40.027129 37.965231 33.824601 24.466515 0.000000 
50.000000 50.000000 50.000000 50.000000 50.000000 50.000000 50.000000 50.000000 50.000000 50.000000 50.000000 50.000000 50.000000 50.000000 50.000000 50.000000 50.000000 50.000000 50.000000 50.000000 50.000000 50.000000 50.000000 50.000000 50.000000 50.000000 50.000000 50.000000 50.000000 50.000000 50.000000 50.000000 50.000000 50.000000 50.000000 50.000000 50.000000 50.000000 50.000000 50.000000 50.000000 50.000000 50.000000 50.000000 50.000000 50.000000 50.000000 50.000000 50.000000 50.000000 
