50.000000 50.000000 50.000000 50.000000 50.000000 50.000000 50.000000 50.000000 50.000000 50.000000 50.000000 50.000000 50.000000 50.000000 50.000000 50.000000 50.000000 50.000000 50.000000 50.000000 50.000000 50.000000 50.000000 50.000000 50.000000 50.000000 50.000000 50.000000 50.000000 50.000000 50.000000 50.000000 50.000000 50.000000 50.000000 50.000000 50.000000 50.000000 50.000000 50.000000 50.000000 50.000000 50.000000 50.000000 50.000000 50.000000 50.000000 50.000000 50.000000 50.000000 
50.000000 48.954750 47.943798 46.998067 46.142286 45.393150 44.758659 44.238627 43.826087 43.509254 43.273617 43.103862 42.985366 42.905192 42.852596 42.819128 42.798463 42.786078 42.778870 42.774795 42.772555 42.771359 42.770737 42.770422 42.770265 42.770187 42.770142 42.770105 42.770053 42.769955 42.769758 42.769364 42.768594 42.767116 42.764341 42.759238 42.750045 42.733797 42.705579 42.657336 42.575913 42.439745 42.212919 41.833754 41.190808 40.067179 37.996407 33.845961 24.477375 0.000000 
50.000000 47.943798 45.955066 44.094637 42.411161 40.937474 39.689319 38.666326 37.854792 37.231528 36.767995 36.434061 36.200962 36.043250 35.939787 35.873951 35.833302 35.808940 35.794761 35.786744 35.782339 35.779985 35.778762 35.778142 35.777834 35.777680 35.777594 35.777523 35.777423 35.777238 35.776867 35.776127 35.774679 35.771905 35.766704 35.757162 35.740012 35.709793 35.657521 35.568612 35.419594 35.172766 34.767249 34.103289 33.013476 31.208089 28.170993 22.977533 14.097836 0.000000 
50.000000 46.998067 44.094637 41.378527 38.920760 36.769277 34.947061 33.453570 32.268798 31.358889 30.682175 30.194667 29.854370 29.624129 29.473086 29.376976 29.317635 29.282070 29.261372 29.249669 29.243238 29.239802 29.238016 29.237111 29.236662 29.236438 29.236314 29.236214 29.236078 29.235825 29.235321 29.234318 29.232359 29.228614 29.221611 29.208802 29.185870 29.145653 29.076505 28.959801 28.766169 28.449776 27.939567 27.125760 25.839195 23.821432 20.689264 15.923644 9.001659 0.000000 
50.000000 46.142286 42.411161 38.920760 35.762356 32.997558 30.655898 28.736679 27.214190 26.044920 25.175320 24.548862 24.111575 23.815716 23.621627 23.498128 23.421877 23.376178 23.349582 23.334544 23.326281 23.321867 23.319572 23.318410 23.317833 23.317547 23.317390 23.317269 23.317107 23.316812 23.316227 23.315066 23.312803 23.308489 23.300451 23.285808 23.259719 23.214242 23.136634 23.006882 22.794176 22.451989 21.911348 21.072085 19.792588 17.881178 15.099328 11.203072 6.075107 0.000000 
50.000000 45.393150 40.937474 36.769277 32.997558 29.695890 26.899537 24.607665 22.789567 21.393280 20.354854 19.606780 19.084606 18.731318 18.499558 18.352090 18.261041 18.206474 18.174717 18.156762 18.146897 18.141626 18.138886 18.137499 18.136811 18.136471 18.136288 18.136152 18.135978 18.135667 18.135054 18.133842 18.131487 18.127012 18.118707 18.103648 18.076971 18.030788 17.952632 17.823304 17.613995 17.282642 16.769628 15.993446 14.847945 13.204970 10.930083 7.923999 4.202341 0.000000 
50.000000 44.758659 39.689319 34.947061 30.655898 26.899537 23.718098 21.110628 19.042186 17.453649 16.272256 15.421198 14.827146 14.425231 14.161575 13.993813 13.890237 13.828162 13.792037 13.771612 13.760390 13.754394 13.751278 13.749700 13.748919 13.748534 13.748331 13.748187 13.748014 13.747710 13.747116 13.745946 13.743682 13.739396 13.731477 13.717192 13.692041 13.648816 13.576303 13.457574 13.267867 12.972195 12.523051 11.859049 10.906091 9.583813 7.821301 5.586030 2.924905 0.000000 
50.000000 44.238627 38.666326 33.453570 28.736679 24.607665 21.110628 18.244515 15.970915 14.224833 12.926286 11.990842 11.337894 10.896138 10.606350 10.421963 10.308124 10.239900 10.200196 10.177749 10.165415 10.158826 10.155402 10.153668 10.152811 10.152391 10.152173 10.152027 10.151862 10.151583 10.151044 10.149987 10.147948 10.144106 10.137039 10.124361 10.102179 10.064340 10.001416 9.899450 9.738520 9.491331 9.122257 8.587577 7.838038 6.825331 5.514003 3.899077 2.025708 0.000000 
50.000000 43.826087 37.854792 32.268798 27.214190 22.789567 19.042186 15.970915 13.534586 11.663548 10.272084 9.269716 8.570061 8.096711 7.786201 7.588632 7.466656 7.393557 7.351016 7.326966 7.313752 7.306693 7.303024 7.301167 7.300250 7.299802 7.299574 7.299430 7.299281 7.299038 7.298575 7.297672 7.295939 7.292687 7.286733 7.276110 7.257641 7.226366 7.174799 7.092059 6.962964 6.767293 6.479584 6.069991 5.506926 4.762201 3.819022 2.682026 1.386342 0.000000 
50.000000 43.509254 37.231528 31.358889 26.044920 21.393280 17.453649 14.224833 11.663548 9.696562 8.233755 7.180004 6.444491 5.946887 5.620471 5.412784 5.284563 5.207722 5.163005 5.137725 5.123835 5.116415 5.112559 5.110608 5.109645 5.109176 5.108942 5.108803 5.108671 5.108468 5.108090 5.107358 5.105959 5.103343 5.098578 5.090123 5.075514 5.050948 5.010769 4.946896 4.848281 4.700584 4.486313 4.185782 3.779285 3.250743 2.592720 1.811935 0.933340 0.000000 
50.000000 43.273617 36.767995 30.682175 25.175320 20.354854 16.272256 12.926286 10.272084 8.233755 6.717905 5.625952 4.863782 4.348148 4.009909 3.794702 3.661840 3.582219 3.535885 3.509690 3.495298 3.487610 3.483615 3.481594 3.480597 3.480114 3.479877 3.479743 3.479629 3.479466 3.479171 3.478604 3.477526 3.475519 3.471881 3.465459 3.454428 3.436003 3.406095 3.358953 3.286860 3.180026 3.026836 2.814682 2.531550 2.168438 1.722374 1.199383 0.616281 0.000000 
50.000000 43.103862 36.434061 30.194667 24.548862 19.606780 15.421198 11.990842 9.269716 7.180004 5.625952 4.506488 3.725123 3.196508 2.849756 2.629136 2.492932 2.411310 2.363812 2.336960 2.322207 2.314326 2.310231 2.308160 2.307139 2.306645 2.306406 2.306278 2.306180 2.306054 2.305832 2.305412 2.304616 2.303143 2.300483 2.295812 2.287833 2.274590 2.253244 2.219857 2.169234 2.094917 1.989427 1.844895 1.654148 1.412228 1.118162 0.776541 0.398283 0.000000 
50.000000 42.985366 36.200962 29.854370 24.111575 19.084606 14.827146 11.337894 8.570061 6.444491 4.863782 3.725123 2.930366 2.392694 2.040004 1.815607 1.677074 1.594057 1.545747 1.518436 1.503431 1.495416 1.491251 1.489145 1.488107 1.487607 1.487367 1.487244 1.487160 1.487064 1.486904 1.486604 1.486041 1.485002 1.483136 1.479873 1.474330 1.465183 1.450533 1.427780 1.393544 1.343695 1.273555 1.178330 1.053818 0.897333 0.708717 0.491170 0.251569 0.000000 
50.000000 42.905192 36.043250 29.624129 23.815716 18.731318 14.425231 10.896138 8.096711 5.946887 4.348148 3.196508 2.392694 1.848898 1.492194 1.265244 1.125136 1.041176 0.992317 0.964696 0.949522 0.941416 0.937204 0.935074 0.934025 0.933520 0.933280 0.933161 0.933088 0.933016 0.932903 0.932698 0.932314 0.931610 0.930349 0.928157 0.924449 0.918364 0.908675 0.893721 0.871373 0.839069 0.793959 0.733190 0.654347 0.555997 0.438259 0.303238 0.155147 0.000000 
50.000000 42.852596 35.939787 29.473086 23.621627 18.499558 14.161575 10.606350 7.786201 5.620471 4.009909 2.849756 2.040004 1.492194 1.132858 0.904235 0.763095 0.678516 0.629299 0.601475 0.586189 0.578023 0.573781 0.571636 0.570579 0.570072 0.569832 0.569716 0.569652 0.569596 0.569519 0.569383 0.569131 0.568670 0.567850 0.566429 0.564038 0.560131 0.553945 0.544451 0.530348 0.510091 0.481989 0.444383 0.395910 0.335820 0.264284 0.182625 0.093358 0.000000 
50.000000 42.819128 35.873951 29.376976 23.498128 18.352090 13.993813 10.421963 7.588632 5.412784 3.794702 2.629136 1.815608 1.265244 0.904236 0.674549 0.532753 0.447781 0.398335 0.370382 0.355025 0.346822 0.342560 0.340405 0.339344 0.338835 0.338595 0.338482 0.338423 0.338381 0.338328 0.338240 0.338080 0.337790 0.337275 0.336385 0.334895 0.332472 0.328653 0.322821 0.314206 0.301899 0.284924 0.262336 0.233383 0.197677 0.155365 0.107247 0.054787 0.000000 
50.000000 42.798463 35.833302 29.317635 23.421877 18.261042 13.890237 10.308124 7.466656 5.284563 3.661840 2.492933 1.677075 1.125137 0.763096 0.532753 0.390552 0.305338 0.255751 0.227719 0.212318 0.204092 0.199818 0.197657 0.196593 0.196083 0.195843 0.195732 0.195677 0.195643 0.195607 0.195552 0.195454 0.195277 0.194964 0.194426 0.193527 0.192073 0.189790 0.186321 0.181221 0.173970 0.164018 0.150841 0.134030 0.113388 0.089022 0.061398 0.031348 0.000000 
50.000000 42.786079 35.808940 29.282071 23.376179 18.206475 13.828163 10.239900 7.393558 5.207723 3.582220 2.411311 1.594058 1.041176 0.678517 0.447782 0.305339 0.219980 0.170309 0.142229 0.126802 0.118562 0.114281 0.112116 0.111051 0.110540 0.110301 0.110190 0.110138 0.110109 0.110084 0.110050 0.109991 0.109887 0.109703 0.109388 0.108864 0.108018 0.106696 0.104695 0.101766 0.097619 0.091953 0.084482 0.074989 0.063376 0.049712 0.034262 0.017485 0.000000 
50.000000 42.778871 35.794762 29.261373 23.349583 18.174719 13.792038 10.200198 7.351019 5.163007 3.535887 2.363814 1.545749 0.992319 0.629301 0.398337 0.255753 0.170310 0.120590 0.092483 0.077041 0.068792 0.064507 0.062340 0.061274 0.060762 0.060523 0.060414 0.060363 0.060338 0.060320 0.060298 0.060264 0.060204 0.060099 0.059921 0.059624 0.059147 0.058405 0.057285 0.055651 0.053348 0.050213 0.046094 0.040878 0.034518 0.027056 0.018636 0.009507 0.000000 
50.000000 42.774796 35.786746 29.249671 23.334548 18.156766 13.771617 10.177754 7.326971 5.137730 3.509696 2.336966 1.518442 0.964702 0.601481 0.370388 0.227725 0.142234 0.092486 0.064363 0.048913 0.040660 0.036372 0.034204 0.033137 0.032626 0.032387 0.032278 0.032228 0.032205 0.032191 0.032177 0.032158 0.032124 0.032066 0.031968 0.031805 0.031544 0.031139 0.030531 0.029646 0.028402 0.026715 0.024505 0.021716 0.018324 0.014353 0.009881 0.005039 0.000000 
50.000000 42.772558 35.782343 29.243244 23.326290 18.146906 13.760401 10.165427 7.313765 5.123848 3.495312 2.322221 1.503446 0.949536 0.586203 0.355040 0.212333 0.126816 0.077053 0.048922 0.033467 0.025211 0.020922 0.018753 0.017686 0.017175 0.016936 0.016827 0.016778 0.016756 0.016744 0.016735 0.016724 0.016706 0.016674 0.016622 0.016535 0.016396 0.016182 0.015860 0.015393 0.014740 0.013856 0.012702 0.011249 0.009486 0.007426 0.005110 0.002605 0.000000 
50.000000 42.771364 35.779996 29.239818 23.321887 18.141649 13.754421 10.158855 7.306724 5.116447 3.487644 2.314360 1.495451 0.941451 0.578059 0.346858 0.204127 0.118597 0.068826 0.040690 0.025232 0.016975 0.012685 0.010517 0.009449 0.008938 0.008699 0.008590 0.008541 0.008520 0.008509 0.008503 0.008496 0.008486 0.008470 0.008443 0.008397 0.008326 0.008215 0.008049 0.007809 0.007474 0.007022 0.006434 0.005695 0.004799 0.003755 0.002583 0.001317 0.000000 
50.000000 42.770750 35.778787 29.238053 23.319619 18.138941 13.751341 10.155470 7.303097 5.112635 3.483694 2.310312 1.491333 0.937287 0.573864 0.342643 0.199901 0.114364 0.064588 0.036450 0.020991 0.012734 0.008443 0.006274 0.005207 0.004695 0.004456 0.004348 0.004299 0.004278 0.004268 0.004263 0.004259 0.004254 0.004245 0.004231 0.004208 0.004171 0.004115 0.004031 0.003909 0.003740 0.003512 0.003216 0.002845 0.002397 0.001875 0.001289 0.000657 0.000000 
50.000000 42.770451 35.778199 29.237195 23.318517 18.137626 13.749845 10.153826 7.301336 5.110784 3.481776 2.308345 1.489333 0.935264 0.571827 0.340597 0.197849 0.112308 0.062530 0.034391 0.018931 0.010673 0.006383 0.004214 0.003147 0.002635 0.002396 0.002287 0.002239 0.002218 0.002209 0.002204 0.002201 0.002198 0.002194 0.002186 0.002174 0.002155 0.002125 0.002081 0.002018 0.001930 0.001811 0.001658 0.001466 0.001234 0.000965 0.000663 0.000338 0.000000 
50.000000 42.770331 35.777963 29.236850 23.318074 18.137097 13.749243 10.153165 7.300627 5.110039 3.481005 2.307555 1.488529 0.934451 0.571007 0.339774 0.197023 0.111481 0.061703 0.033563 0.018103 0.009845 0.005555 0.003386 0.002318 0.001806 0.001568 0.001459 0.001410 0.001389 0.001380 0.001376 0.001374 0.001372 0.001369 0.001364 0.001356 0.001344 0.001325 0.001297 0.001258 0.001202 0.001128 0.001032 0.000912 0.000768 0.000600 0.000412 0.000210 0.000000 
50.000000 42.770331 35.777963 29.236850 23.318074 18.137097 13.749243 10.153165 7.300627 5.110039 3.481005 2.307555 1.488529 0.934451 0.571007 0.339774 0.197023 0.111481 0.061703 0.033563 0.018103 0.009845 0.005555 0.003386 0.002318 0.001806 0.001568 0.001459 0.001410 0.001389 0.001380 0.001376 0.001374 0.001372 0.001369 0.001364 0.001356 0.001344 0.001325 0.001297 0.001258 0.001202 0.001128 0.001032 0.000912 0.000768 0.000600 0.000412 0.000210 0.000000 
50.000000 42.770451 35.778199 29.237195 23.318517 18.137626 13.749845 10.153826 7.301336 5.110784 3.481776 2.308345 1.489333 0.935264 0.571827 0.340597 0.197849 0.112308 0.062530 0.034391 0.018931 0.010673 0.006383 0.004214 0.003147 0.002635 0.002396 0.002287 0.002239 0.002218 0.002209 0.002204 0.002201 0.002198 0.002194 0.002186 0.002174 0.002155 0.002125 0.002081 0.002018 0.001930 0.001811 0.001658 0.001466 0.001234 0.000965 0.000663 0.000338 0.000000 
50.000000 42.770750 35.778787 29.238053 23.319619 18.138941 13.751341 10.155470 7.303097 5.112635 3.483694 2.310312 1.491333 0.937287 0.573864 0.342643 0.199901 0.114364 0.064588 0.036450 0.020991 0.012734 0.008443 0.006274 0.005207 0.004695 0.004456 0.004348 0.004299 0.004278 0.004268 0.004263 0.004259 0.004254 0.004245 0.004231 0.004208 0.004171 0.004115 0.004031 0.003909 0.003740 0.003512 0.003216 0.002845 0.002397 0.001875 0.001289 0.000657 0.000000 
50.000000 42.771364 35.779996 29.239818 23.321887 18.141649 13.754421 10.158855 7.306724 5.116447 3.487644 2.314360 1.495451 0.941451 0.578059 0.346858 0.204127 0.118597 0.068826 0.040690 0.025232 0.016975 0.012685 0.010517 0.009449 0.008938 0.008699 0.008590 0.008541 0.008520 0.008509 0.008503 0.008496 0.008486 0.008470 0.008443 0.008397 0.008326 0.008215 0.008049 0.007809 0.007474 0.007022 0.006434 0.005695 0.004799 0.003755 0.002583 0.001317 0.000000 
50.000000 42.772558 35.782343 29.243244 23.326290 18.146906 13.760401 10.165427 7.313765 5.123848 3.495312 2.322221 1.503446 0.949536 0.586203 0.355040 0.212333 0.126816 0.077053 0.048922 0.033467 0.025211 0.020922 0.018753 0.017686 0.017175 0.016936 0.016827 0.016778 0.016756 0.016744 0.016735 0.016724 0.016706 0.016674 0.016622 0.016535 0.016396 0.016182 0.015860 0.015393 0.014740 0.013856 0.012702 0.011249 0.009486 0.007426 0.005110 0.002605 0.000000 
50.000000 42.774796 35.786746 29.249671 23.334548 18.156766 13.771617 10.177754 7.326971 5.137730 3.509696 2.336966 1.518442 0.964702 0.601481 0.370388 0.227725 0.142234 0.092486 0.064363 0.048913 0.040660 0.036372 0.034204 0.033137 0.032626 0.032387 0.032278 0.032228 0.032205 0.032191 0.032177 0.032158 0.032124 0.032066 0.031968 0.031805 0.031544 0.031139 0.030531 0.029646 0.028402 0.026715 0.024505 0.021716 0.018324 0.014353 0.009881 0.005039 0.000000 
50.000000 42.778871 35.794762 29.261373 23.349583 18.174719 13.792038 10.200198 7.351019 5.163007 3.535887 2.363814 1.545749 0.992319 0.629301 0.398337 0.255753 0.170310 0.120590 0.092483 0.077041 0.068792 0.064507 0.062340 0.061274 0.060762 0.060523 0.060414 0.060363 0.060338 0.060320 0.060298 0.060264 0.060204 0.060099 0.059921 0.059624 0.059147 0.058405 0.057285 0.055651 0.053348 0.050213 0.046094 0.040878 0.034518 0.027056 0.018636 0.009507 0.000000 
50.000000 42.786079 35.808940 29.282071 23.376179 18.206475 13.828163 10.239900 7.393558 5.207723 3.582220 2.411311 1.594058 1.041176 0.678517 0.447782 0.305339 0.219980 0.170309 0.142229 0.126802 0.118562 0.114281 0.112116 0.111051 0.110540 0.110301 0.110190 0.110138 0.110109 0.110084 0.110050 0.109991 0.109887 0.109703 0.109388 0.108864 0.108018 0.106696 0.104695 0.101766 0.097619 0.091953 0.084482 0.074989 0.063376 0.049712 0.034262 0.017485 0.000000 
50.000000 42.798463 35.833302 29.317635 23.421877 18.261042 13.890237 10.308124 7.466656 5.284563 3.661840 2.492933 1.677075 1.125137 0.763096 0.532753 0.390552 0.305338 0.255751 0.227719 0.212318 0.204092 0.199818 0.197657 0.196593 0.196083 0.195843 0.195732 0.195677 0.195643 0.195607 0.195552 0.195454 0.195277 0.194964 0.194426 0.193527 0.192073 0.189790 0.186321 0.181221 0.173970 0.164018 0.150841 0.134030 0.113388 0.089022 0.061398 0.031348 0.000000 
50.000000 42.819128 35.873951 29.376976 23.498128 18.352090 13.993813 10.421963 7.588632 5.412784 3.794702 2.629136 1.815608 1.265244 0.904236 0.674549 0.532753 0.447781 0.398335 0.370382 0.355025 0.346822 0.342560 0.340405 0.339344 0.338835 0.338595 0.338482 0.338423 0.338381 0.338328 0.338240 0.338080 0.337790 0.337275 0.336385 0.334895 0.332472 0.328653 0.322821 0.314206 0.301899 0.284924 0.262336 0.233383 0.197677 0.155365 0.107247 0.054787 0.000000 
50.000000 42.852596 35.939787 29.473086 23.621627 18.499558 14.161575 10.606350 7.786201 5.620471 4.009909 2.849756 2.040004 1.492194 1.132858 0.904235 0.763095 0.678516 0.629299 0.601475 0.586189 0.578023 0.573781 0.571636 0.570579 0.570072 0.569832 0.569716 0.569652 0.569596 0.569519 0.569383 0.569131 0.568670 0.567850 0.566429 0.564038 0.560131 0.553945 0.544451 0.530348 0.510091 0.481989 0.444383 0.395910 0.335820 0.264284 0.182625 0.093358 0.000000 
50.000000 42.905192 36.043250 29.624129 23.815716 18.731318 14.425231 10.896138 8.096711 5.946887 4.348148 3.196508 2.392694 1.848898 1.492194 1.265244 1.125136 1.041176 0.992317 0.964696 0.949522 0.941416 0.937204 0.935074 0.934025 0.933520 0.933280 0.933161 0.933088 0.933016 0.932903 0.932698 0.932314 0.931610 0.930349 0.928157 0.924449 0.918364 0.908675 0.893721 0.871373 0.839069 0.793959 0.733190 0.654347 0.555997 0.438259 0.303238 0.155147 0.000000 
50.000000 42.985366 36.200962 29.854370 24.111575 19.084606 14.827146 11.337894 8.570061 6.444491 4.863782 3.725123 2.930366 2.392694 2.040004 1.815607 1.677074 1.594057 1.545747 1.518436 1.503431 1.495416 1.491251 1.489145 1.488107 1.487607 1.487367 1.487244 1.487160 1.487064 1.486904 1.486604 1.486041 1.485002 1.483136 1.479873 1.474330 1.465183 1.450533 1.427780 1.393544 1.343695 1.273555 1.178330 1.053818 0.897333 0.708717 0.491170 0.251569 0.000000 
50.000000 43.103862 36.434061 30.194667 24.548862 19.606780 15.421198 11.990842 9.269716 7.180004 5.625952 4.506488 3.725123 3.196508 2.849756 2.629136 2.492932 2.411310 2.363812 2.336960 2.322207 2.314326 2.310231 2.308160 2.307139 2.306645 2.306406 2.306278 2.306180 2.306054 2.305832 2.305412 2.304616 2.303143 2.300483 2.295812 2.287833 2.274590 2.253244 2.219857 2.169234 2.094917 1.989427 1.844895 1.654148 1.412228 1.118162 0.776541 0.398283 0.000000 
50.000000 43.273617 36.767995 30.682175 25.175320 20.354854 16.272256 12.926286 10.272084 8.233755 6.717905 5.625952 4.863782 4.348148 4.009909 3.794702 3.661840 3.582219 3.535885 3.509690 3.495298 3.487610 3.483615 3.481594 3.480597 3.480114 3.479877 3.479743 3.479629 3.479466 3.479171 3.478604 3.477526 3.475519 3.471881 3.465459 3.454428 3.436003 3.406095 3.358953 3.286860 3.180026 3.026836 2.814682 2.531550 2.168438 1.722374 1.199383 0.616281 0.000000 
50.000000 43.509254 37.231528 31.358889 26.044920 21.393280 17.453649 14.224833 11.663548 9.696562 8.233755 7.180004 6.444491 5.946887 5.620471 5.412784 5.284563 5.207722 5.163005 5.137725 5.123835 5.116415 5.112559 5.110608 5.109645 5.109176 5.108942 5.108803 5.108671 5.108468 5.108090 5.107358 5.105959 5.103343 5.098578 5.090123 5.075514 5.050948 5.010769 4.946896 4.848281 4.700584 4.486313 4.185782 3.779285 3.250743 2.592720 1.811935 0.933340 0.000000 
50.000000 43.826087 37.854792 32.268798 27.214190 22.789567 19.042186 15.970915 13.534586 11.663548 10.272084 9.269716 8.570061 8.096711 7.786201 7.588632 7.466656 7.393557 7.351016 7.326966 7.313752 7.306693 7.303024 7.301167 7.300250 7.299802 7.299574 7.299430 7.299281 7.299038 7.298575 7.297672 7.295939 7.292687 7.286733 7.276110 7.257641 7.226366 7.174799 7.092059 6.962964 6.767293 6.479584 6.069991 5.506926 4.762201 3.819022 2.682026 1.386342 0.000000 
50.000000 44.238627 38.666326 33.453570 28.736679 24.607665 21.110628 18.244515 15.970915 14.224833 12.926286 11.990842 11.337894 10.896138 10.606350 10.421963 10.308124 10.239900 10.200196 10.177749 10.165415 10.158826 10.155402 10.153668 10.152811 10.152391 10.152173 10.152027 10.151862 10.151583 10.151044 10.149987 10.147948 10.144106 10.137039 10.124361 10.102179 10.064340 10.001416 9.899450 9.738520 9.491331 9.122257 8.587577 7.838038 6.825331 5.514003 3.899077 2.025708 0.000000 
50.000000 44.758659 39.689319 34.947061 30.655898 26.899537 23.718098 21.110628 19.042186 17.453649 16.272256 15.421198 14.827146 14.425231 14.161575 13.993813 13.890237 13.828162 13.792037 13.771612 13.760390 13.754394 13.751278 13.749700 13.748919 13.748534 13.748331 13.748187 13.748014 13.747710 13.747116 13.745946 13.743682 13.739396 13.731477 13.717192 13.692041 13.648816 13.576303 13.457574 13.267867 12.972195 12.523051 11.859049 10.906091 9.583813 7.821301 5.586030 2.924905 0.000000 
50.000000 45.393150 40.937474 36.769277 32.997558 29.695890 26.899537 24.607665 22.789567 21.393280 20.354854 19.606780 19.084606 18.731318 18.499558 18.352090 18.261041 18.206474 18.174717 18.156762 18.146897 18.141626 18.138886 18.137499 18.136811 18.136471 18.136288 18.136152 18.135978 18.135667 18.135054 18.133842 18.131487 18.127012 18.118707 18.103648 18.076971 18.030788 17.952632 17.823304 17.613995 17.282642 16.769628 15.993446 14.847945 13.204970 10.930083 7.923999 4.202341 0.000000 
50.000000 46.142286 42.411161 38.920760 35.762356 32.997558 30.655898 28.736679 27.214190 26.044920 25.175320 24.548862 24.111575 23.815716 23.621627 23.498128 23.421877 23.376178 23.349582 23.334544 23.326281 23.321867 23.319572 23.318410 23.317833 23.317547 23.317390 23.317269 23.317107 23.316812 23.316227 23.315066 23.312803 23.308489 23.300451 23.285808 23.259719 23.214242 23.136634 23.006882 22.794176 22.451989 21.911348 21.072085 19.792588 17.881178 15.099328 11.203072 6.075107 0.000000 
50.000000 46.998067 44.094637 41.378527 38.920760 36.769277 34.947061 33.453570 32.268798 31.358889 30.682175 30.194667 29.854370 29.624129 29.473086 29.376976 29.317635 29.282070 29.261372 29.249669 29.243238 29.239802 29.238016 29.237111 29.236662 29.236438 29.236314 29.236214 29.236078 29.235825 29.235321 29.234318 29.232359 29.228614 29.221611 29.208802 29.185870 29.145653 29.076505 28.959801 28.766169 28.449776 27.939567 27.125760 25.839195 23.821432 20.689264 15.923644 9.001659 0.000000 
50.000000 47.943798 45.955066 44.094637 42.411161 40.937474 39.689319 38.666326 37.854792 37.231528 36.767995 36.434061 36.200962 36.043250 35.939787 35.873951 35.833302 35.808940 35.794761 35.786744 35.782339 35.779985 35.778762 35.778142 35.777834 35.777680 35.777594 35.777523 35.777423 35.777238 35.776867 35.776127 35.774679 35.771905 35.766704 35.757162 35.740012 35.709793 35.657521 35.568612 35.419594 35.172766 34.767249 34.103289 33.013476 31.208089 28.170993 22.977533 14.097836 0.000000 
50.000000 48.954750 47.943798 46.998067 46.142286 45.393150 44.758659 44.238627 43.826087 43.509254 43.273617 43.103862 42.985366 42.905192 42.852596 42.819128 42.798463 42.786078 42.778870 42.774795 42.772555 42.771359 42.770737 42.770422 42.770265 42.770187 42.770142 42.770105 42.770053 42.769955 42.769758 42.769364 42.768594 42.767116 42.764341 42.759238 42.750045 42.733797 42.705579 42.657336 42.575913 42.439745 42.212919 41.833754 41.190808 40.067179 37.996407 33.845961 24.477375 0.000000 
50.000000 50.000000 50.000000 50.000000 50.000000 50.000000 50.000000 50.000000 50.000000 50.000000 50.000000 50.000000 50.000000 50.000000 50.000000 50.000000 50.000000 50.000000 50.000000 50.000000 50.000000 50.000000 50.000000 50.000000 50.000000 50.000000 50.000000 50.000000 50.000000 50.000000 50.000000 50.000000 50.000000 50.000000 50.000000 50.000000 50.000000 50.000000 50.000000 50.000000 50.000000 50.000000 50.000000 50.000000 50.000000 50.000000 50.000000 50.000000 50.000000 50.000000 
