50.000000 50.000000 50.000000 50.000000 50.000000 50.000000 50.000000 50.000000 50.000000 50.000000 50.000000 50.000000 50.000000 50.000000 50.000000 50.000000 50.000000 50.000000 50.000000 50.000000 50.000000 50.000000 50.000000 50.000000 50.000000 50.000000 50.000000 50.000000 50.000000 50.000000 50.000000 50.000000 50.000000 50.000000 50.000000 50.000000 50.000000 50.000000 50.000000 50.000000 50.000000 50.000000 50.000000 50.000000 50.000000 50.000000 50.000000 50.000000 50.000000 50.000000 
50.000000 42.522167 36.778461 33.320126 31.642777 30.970073 30.741891 30.675185 30.658115 30.654242 30.653455 30.653310 30.653286 30.653282 30.653281 30.653281 30.653281 30.653281 30.653281 30.653281 30.653281 30.653281 30.653281 30.653281 30.653281 30.653281 30.653281 30.653281 30.653281 30.653281 30.653281 30.653281 30.653281 30.653281 30.653281 30.653281 30.653281 30.653281 30.653280 30.653270 30.653210 30.652862 30.651022 30.642106 30.602690 30.443712 29.856087 27.840439 21.261083 0.000000 
50.000000 36.778461 26.624674 20.512752 17.549489 16.361588 15.958847 15.841172 15.811076 15.804251 15.802864 15.802609 15.802567 15.802560 15.802559 15.802559 15.802559 15.802559 15.802559 15.802559 15.802559 15.802559 15.802559 15.802559 15.802559 15.802559 15.802559 15.802559 15.802559 15.802559 15.802559 15.802559 15.802559 15.802559 15.802559 15.802559 15.802559 15.802559 15.802557 15.802545 15.802473 15.802063 15.799921 15.789776 15.746385 15.580003 15.012698 13.312337 8.938022 0.000000 
50.000000 33.320126 20.512752 12.806023 9.071117 7.574618 7.067523 6.919443 6.881593 6.873016 6.871274 6.870954 6.870900 6.870892 6.870891 6.870891 6.870891 6.870891 6.870891 6.870891 6.870891 6.870891 6.870891 6.870891 6.870891 6.870891 6.870891 6.870891 6.870891 6.870891 6.870891 6.870891 6.870891 6.870891 6.870891 6.870891 6.870891 6.870890 6.870889 6.870881 6.870831 6.870551 6.869109 6.862414 6.834584 6.732135 6.403012 5.500054 3.464039 0.000000 
50.000000 31.642777 17.549489 9.071117 4.963608 3.318444 2.761209 2.598559 2.557005 2.547593 2.545682 2.545331 2.545272 2.545263 2.545262 2.545262 2.545262 2.545262 2.545262 2.545262 2.545262 2.545262 2.545262 2.545262 2.545262 2.545262 2.545262 2.545262 2.545262 2.545262 2.545262 2.545262 2.545262 2.545262 2.545262 2.545262 2.545262 2.545262 2.545261 2.545257 2.545233 2.545095 2.544394 2.541196 2.528198 2.481804 2.338982 1.969486 1.199066 0.000000 
50.000000 30.970073 16.361588 7.574618 3.318444 1.614128 1.037002 0.868591 0.825577 0.815836 0.813859 0.813497 0.813436 0.813427 0.813425 0.813425 0.813425 0.813425 0.813425 0.813425 0.813425 0.813425 0.813425 0.813425 0.813425 0.813425 0.813425 0.813425 0.813425 0.813425 0.813425 0.813425 0.813425 0.813425 0.813425 0.813425 0.813425 0.813425 0.813425 0.813423 0.813414 0.813360 0.813093 0.811886 0.807064 0.790247 0.740034 0.615204 0.367383 0.000000 
50.000000 30.741891 15.958847 7.067523 2.761209 1.037002 0.453209 0.282873 0.239374 0.229525 0.227526 0.227159 0.227098 0.227088 0.227087 0.227087 0.227087 0.227087 0.227087 0.227087 0.227087 0.227087 0.227087 0.227087 0.227087 0.227087 0.227087 0.227087 0.227087 0.227087 0.227087 0.227087 0.227087 0.227087 0.227087 0.227087 0.227087 0.227087 0.227087 0.227086 0.227083 0.227066 0.226982 0.226604 0.225116 0.220013 0.205110 0.169071 0.099785 0.000000 
50.000000 30.675185 15.841172 6.919443 2.598559 0.868591 0.282873 0.111985 0.068346 0.058466 0.056461 0.056093 0.056032 0.056022 0.056021 0.056021 0.056021 0.056021 0.056021 0.056021 0.056021 0.056021 0.056021 0.056021 0.056021 0.056021 0.056021 0.056021 0.056021 0.056021 0.056021 0.056021 0.056021 0.056021 0.056021 0.056021 0.056021 0.056021 0.056021 0.056021 0.056020 0.056015 0.055992 0.055892 0.055498 0.054165 0.050334 0.041250 0.024163 0.000000 
50.000000 30.658115 15.811076 6.881593 2.557005 0.825577 0.239374 0.068346 0.024672 0.014785 0.012778 0.012410 0.012349 0.012339 0.012338 0.012338 0.012338 0.012338 0.012338 0.012338 0.012338 0.012338 0.012338 0.012338 0.012338 0.012338 0.012338 0.012338 0.012338 0.012338 0.012338 0.012338 0.012338 0.012338 0.012338 0.012338 0.012338 0.012338 0.012338 0.012338 0.012337 0.012336 0.012331 0.012307 0.012216 0.011911 0.011043 0.009013 0.005253 0.000000 
50.000000 30.654242 15.804251 6.873016 2.547593 0.815836 0.229525 0.058466 0.014785 0.004895 0.002888 0.002520 0.002458 0.002449 0.002448 0.002448 0.002447 0.002447 0.002447 0.002447 0.002447 0.002447 0.002447 0.002447 0.002447 0.002447 0.002447 0.002447 0.002447 0.002447 0.002447 0.002447 0.002447 0.002447 0.002447 0.002447 0.002447 0.002447 0.002447 0.002447 0.002447 0.002447 0.002446 0.002441 0.002423 0.002360 0.002184 0.001778 0.001033 0.000000 
50.000000 30.653455 15.802864 6.871274 2.545682 0.813859 0.227526 0.056461 0.012778 0.002888 0.000882 0.000513 0.000452 0.000442 0.000441 0.000441 0.000441 0.000441 0.000441 0.000441 0.000441 0.000441 0.000441 0.000441 0.000441 0.000441 0.000441 0.000441 0.000441 0.000441 0.000441 0.000441 0.000441 0.000441 0.000441 0.000441 0.000441 0.000441 0.000441 0.000441 0.000441 0.000441 0.000441 0.000440 0.000436 0.000425 0.000393 0.000319 0.000185 0.000000 
50.000000 30.653310 15.802609 6.870954 2.545331 0.813497 0.227159 0.056093 0.012410 0.002520 0.000513 0.000145 0.000084 0.000074 0.000073 0.000073 0.000073 0.000073 0.000073 0.000073 0.000073 0.000073 0.000073 0.000073 0.000073 0.000073 0.000073 0.000073 0.000073 0.000073 0.000073 0.000073 0.000073 0.000073 0.000073 0.000073 0.000073 0.000073 0.000073 0.000073 0.000073 0.000073 0.000073 0.000072 0.000072 0.000070 0.000065 0.000052 0.000030 0.000000 
50.000000 30.653286 15.802567 6.870900 2.545272 0.813436 0.227098 0.056032 0.012349 0.002458 0.000452 0.000084 0.000022 0.000013 0.000011 0.000011 0.000011 0.000011 0.000011 0.000011 0.000011 0.000011 0.000011 0.000011 0.000011 0.000011 0.000011 0.000011 0.000011 0.000011 0.000011 0.000011 0.000011 0.000011 0.000011 0.000011 0.000011 0.000011 0.000011 0.000011 0.000011 0.000011 0.000011 0.000011 0.000011 0.000011 0.000010 0.000008 0.000005 0.000000 
50.000000 30.653282 15.802560 6.870892 2.545263 0.813427 0.227088 0.056022 0.012339 0.002449 0.000442 0.000074 0.000013 0.000003 0.000002 0.000002 0.000002 0.000002 0.000002 0.000002 0.000002 0.000002 0.000002 0.000002 0.000002 0.000002 0.000002 0.000002 0.000002 0.000002 0.000002 0.000002 0.000002 0.000002 0.000002 0.000002 0.000002 0.000002 0.000002 0.000002 0.000002 0.000002 0.000002 0.000002 0.000002 0.000001 0.000001 0.000001 0.000001 0.000000 
50.000000 30.653281 15.802559 6.870891 2.545262 0.813425 0.227087 0.056021 0.012338 0.002448 0.000441 0.000073 0.000011 0.000002 0.000000 0.000000 0.000000 0.000000 0.000000 0.000000 0.000000 0.000000 0.000000 0.000000 0.000000 0.000000 0.000000 0.000000 0.000000 0.000000 0.000000 0.000000 0.000000 0.000000 0.000000 0.000000 0.000000 0.000000 0.000000 0.000000 0.000000 0.000000 0.000000 0.000000 0.000000 0.000000 0.000000 0.000000 0.000000 0.000000 
50.000000 30.653281 15.802559 6.870891 2.545262 0.813425 0.227087 0.056021 0.012338 0.002448 0.000441 0.000073 0.000011 0.000002 0.000000 0.000000 0.000000 0.000000 0.000000 0.000000 0.000000 0.000000 0.000000 0.000000 0.000000 0.000000 0.000000 0.000000 0.000000 0.000000 0.000000 0.000000 0.000000 0.000000 0.000000 0.000000 0.000000 0.000000 0.000000 0.000000 0.000000 0.000000 0.000000 0.000000 0.000000 0.000000 0.000000 0.000000 0.000000 0.000000 
50.000000 30.653281 15.802559 6.870891 2.545262 0.813425 0.227087 0.056021 0.012338 0.002447 0.000441 0.000073 0.000011 0.000002 0.000000 0.000000 0.000000 0.000000 0.000000 0.000000 0.000000 0.000000 0.000000 0.000000 0.000000 0.000000 0.000000 0.000000 0.000000 0.000000 0.000000 0.000000 0.000000 0.000000 0.000000 0.000000 0.000000 0.000000 0.000000 0.000000 0.000000 0.000000 0.000000 0.000000 0.000000 0.000000 0.000000 0.000000 0.000000 0.000000 
50.000000 30.653281 15.802559 6.870891 2.545262 0.813425 0.227087 0.056021 0.012338 0.002447 0.000441 0.000073 0.000011 0.000002 0.000000 0.000000 0.000000 0.000000 0.000000 0.000000 0.000000 0.000000 0.000000 0.000000 0.000000 0.000000 0.000000 0.000000 0.000000 0.000000 0.000000 0.000000 0.000000 0.000000 0.000000 0.000000 0.000000 0.000000 0.000000 0.000000 0.000000 0.000000 0.000000 0.000000 0.000000 0.000000 0.000000 0.000000 0.000000 0.000000 
50.000000 30.653281 15.802559 6.870891 2.545262 0.813425 0.227087 0.056021 0.012338 0.002447 0.000441 0.000073 0.000011 0.000002 0.000000 0.000000 0.000000 0.000000 0.000000 0.000000 0.000000 0.000000 0.000000 0.000000 0.000000 0.000000 0.000000 0.000000 0.000000 0.000000 0.000000 0.000000 0.000000 0.000000 0.000000 0.000000 0.000000 0.000000 0.000000 0.000000 0.000000 0.000000 0.000000 0.000000 0.000000 0.000000 0.000000 0.000000 0.000000 0.000000 
50.000000 30.653281 15.802559 6.870891 2.545262 0.813425 0.227087 0.056021 0.012338 0.002447 0.000441 0.000073 0.000011 0.000002 0.000000 0.000000 0.000000 0.000000 0.000000 0.000000 0.000000 0.000000 0.000000 0.000000 0.000000 0.000000 0.000000 0.000000 0.000000 0.000000 0.000000 0.000000 0.000000 0.000000 0.000000 0.000000 0.000000 0.000000 0.000000 0.000000 0.000000 0.000000 0.000000 0.000000 0.000000 0.000000 0.000000 0.000000 0.000000 0.000000 
50.000000 30.653281 15.802559 6.870891 2.545262 0.813425 0.227087 0.056021 0.012338 0.002447 0.000441 0.000073 0.000011 0.000002 0.000000 0.000000 0.000000 0.000000 0.000000 0.000000 0.000000 0.000000 0.000000 0.000000 0.000000 0.000000 0.000000 0.000000 0.000000 0.000000 0.000000 0.000000 0.000000 0.000000 0.000000 0.000000 0.000000 0.000000 0.000000 0.000000 0.000000 0.000000 0.000000 0.000000 0.000000 0.000000 0.000000 0.000000 0.000000 0.000000 
50.000000 30.653281 15.802559 6.870891 2.545262 0.813425 0.227087 0.056021 0.012338 0.002447 0.000441 0.000073 0.000011 0.000002 0.000000 0.000000 0.000000 0.000000 0.000000 0.000000 0.000000 0.000000 0.000000 0.000000 0.000000 0.000000 0.000000 0.000000 0.000000 0.000000 0.000000 0.000000 0.000000 0.000000 0.000000 0.000000 0.000000 0.000000 0.000000 0.000000 0.000000 0.000000 0.000000 0.000000 0.000000 0.000000 0.000000 0.000000 0.000000 0.000000 
50.000000 30.653281 15.802559 6.870891 2.545262 0.813425 0.227087 0.056021 0.012338 0.002447 0.000441 0.000073 0.000011 0.000002 0.000000 0.000000 0.000000 0.000000 0.000000 0.000000 0.000000 0.000000 0.000000 0.000000 0.000000 0.000000 0.000000 0.000000 0.000000 0.000000 0.000000 0.000000 0.000000 0.000000 0.000000 0.000000 0.000000 0.000000 0.000000 0.000000 0.000000 0.000000 0.000000 0.000000 0.000000 0.000000 0.000000 0.000000 0.000000 0.000000 
50.000000 30.653281 15.802559 6.870891 2.545262 0.813425 0.227087 0.056021 0.012338 0.002447 0.000441 0.000073 0.000011 0.000002 0.000000 0.000000 0.000000 0.000000 0.000000 0.000000 0.000000 0.000000 0.000000 0.000000 0.000000 0.000000 0.000000 0.000000 0.000000 0.000000 0.000000 0.000000 0.000000 0.000000 0.000000 0.000000 0.000000 0.000000 0.000000 0.000000 0.000000 0.000000 0.000000 0.000000 0.000000 0.000000 0.000000 0.000000 0.000000 0.000000 
50.000000 30.653281 15.802559 6.870891 2.545262 0.813425 0.227087 0.056021 0.012338 0.002447 0.000441 0.000073 0.000011 0.000002 0.000000 0.000000 0.000000 0.000000 0.000000 0.000000 0.000000 0.000000 0.000000 0.000000 0.000000 0.000000 0.000000 0.000000 0.000000 0.000000 0.000000 0.000000 0.000000 0.000000 0.000000 0.000000 0.000000 0.000000 0.000000 0.000000 0.000000 0.000000 0.000000 0.000000 0.000000 0.000000 0.000000 0.000000 0.000000 0.000000 
50.000000 30.653281 15.802559 6.870891 2.545262 0.813425 0.227087 0.056021 0.012338 0.002447 0.000441 0.000073 0.000011 0.000002 0.000000 0.000000 0.000000 0.000000 0.000000 0.000000 0.000000 0.000000 0.000000 0.000000 0.000000 0.000000 0.000000 0.000000 0.000000 0.000000 0.000000 0.000000 0.000000 0.000000 0.000000 0.000000 0.000000 0.000000 0.000000 0.000000 0.000000 0.000000 0.000000 0.000000 0.000000 0.000000 0.000000 0.000000 0.000000 0.000000 
50.000000 30.653281 15.802559 6.870891 2.545262 0.813425 0.227087 0.056021 0.012338 0.002447 0.000441 0.000073 0.000011 0.000002 0.000000 0.000000 0.000000 0.000000 0.000000 0.000000 0.000000 0.000000 0.000000 0.000000 0.000000 0.000000 0.000000 0.000000 0.000000 0.000000 0.000000 0.000000 0.000000 0.000000 0.000000 0.000000 0.000000 0.000000 0.000000 0.000000 0.000000 0.000000 0.000000 0.000000 0.000000 0.000000 0.000000 0.000000 0.000000 0.000000 
50.000000 30.653281 15.802559 6.870891 2.545262 0.813425 0.227087 0.056021 0.012338 0.002447 0.000441 0.000073 0.000011 0.000002 0.000000 0.000000 0.000000 0.000000 0.000000 0.000000 0.000000 0.000000 0.000000 0.000000 0.000000 0.000000 0.000000 0.000000 0.000000 0.000000 0.000000 0.000000 0.000000 0.000000 0.000000 0.000000 0.000000 0.000000 0.000000 0.000000 0.000000 0.000000 0.000000 0.000000 0.000000 0.000000 0.000000 0.000000 0.000000 0.000000 
50.000000 30.653281 15.802559 6.870891 2.545262 0.813425 0.227087 0.056021 0.012338 0.002447 0.000441 0.000073 0.000011 0.000002 0.000000 0.000000 0.000000 0.000000 0.000000 0.000000 0.000000 0.000000 0.000000 0.000000 0.000000 0.000000 0.000000 0.000000 0.000000 0.000000 0.000000 0.000000 0.000000 0.000000 0.000000 0.000000 0.000000 0.000000 0.000000 0.000000 0.000000 0.000000 0.000000 0.000000 0.000000 0.000000 0.000000 0.000000 0.000000 0.000000 
50.000000 30.653281 15.802559 6.870891 2.545262 0.813425 0.227087 0.056021 0.012338 0.002447 0.000441 0.000073 0.000011 0.000002 0.000000 0.000000 0.000000 0.000000 0.000000 0.000000 0.000000 0.000000 0.000000 0.000000 0.000000 0.000000 0.000000 0.000000 0.000000 0.000000 0.000000 0.000000 0.000000 0.000000 0.000000 0.000000 0.000000 0.000000 0.000000 0.000000 0.000000 0.000000 0.000000 0.000000 0.000000 0.000000 0.000000 0.000000 0.000000 0.000000 
50.000000 30.653281 15.802559 6.870891 2.545262 0.813425 0.227087 0.056021 0.012338 0.002447 0.000441 0.000073 0.000011 0.000002 0.000000 0.000000 0.000000 0.000000 0.000000 0.000000 0.000000 0.000000 0.000000 0.000000 0.000000 0.000000 0.000000 0.000000 0.000000 0.000000 0.000000 0.000000 0.000000 0.000000 0.000000 0.000000 0.000000 0.000000 0.000000 0.000000 0.000000 0.000000 0.000000 0.000000 0.000000 0.000000 0.000000 0.000000 0.000000 0.000000 
50.000000 30.653281 15.802559 6.870891 2.545262 0.813425 0.227087 0.056021 0.012338 0.002447 0.000441 0.000073 0.000011 0.000002 0.000000 0.000000 0.000000 0.000000 0.000000 0.000000 0.000000 0.000000 0.000000 0.000000 0.000000 0.000000 0.000000 0.000000 0.000000 0.000000 0.000000 0.000000 0.000000 0.000000 0.000000 0.000000 0.000000 0.000000 0.000000 0.000000 0.000000 0.000000 0.000000 0.000000 0.000000 0.000000 0.000000 0.000000 0.000000 0.000000 
50.000000 30.653281 15.802559 6.870891 2.545262 0.813425 0.227087 0.056021 0.012338 0.002447 0.000441 0.000073 0.000011 0.000002 0.000000 0.000000 0.000000 0.000000 0.000000 0.000000 0.000000 0.000000 0.000000 0.000000 0.000000 0.000000 0.000000 0.000000 0.000000 0.000000 0.000000 0.000000 0.000000 0.000000 0.000000 0.000000 0.000000 0.000000 0.000000 0.000000 0.000000 0.000000 0.000000 0.000000 0.000000 0.000000 0.000000 0.000000 0.000000 0.000000 
50.000000 30.653281 15.802559 6.870891 2.545262 0.813425 0.227087 0.056021 0.012338 0.002447 0.000441 0.000073 0.000011 0.000002 0.000000 0.000000 0.000000 0.000000 0.000000 0.000000 0.000000 0.000000 0.000000 0.000000 0.000000 0.000000 0.000000 0.000000 0.000000 0.000000 0.000000 0.000000 0.000000 0.000000 0.000000 0.000000 0.000000 0.000000 0.000000 0.000000 0.000000 0.000000 0.000000 0.000000 0.000000 0.000000 0.000000 0.000000 0.000000 0.000000 
50.000000 30.653281 15.802559 6.870891 2.545262 0.813425 0.227087 0.056021 0.012338 0.002448 0.000441 0.000073 0.000011 0.000002 0.000000 0.000000 0.000000 0.000000 0.000000 0.000000 0.000000 0.000000 0.000000 0.000000 0.000000 0.000000 0.000000 0.000000 0.000000 0.000000 0.000000 0.000000 0.000000 0.000000 0.000000 0.000000 0.000000 0.000000 0.000000 0.000000 0.000000 0.000000 0.000000 0.000000 0.000000 0.000000 0.000000 0.000000 0.000000 0.000000 
50.000000 30.653281 15.802559 6.870891 2.545262 0.813425 0.227087 0.056021 0.012338 0.002448 0.000441 0.000073 0.000011 0.000002 0.000000 0.000000 0.000000 0.000000 0.000000 0.000000 0.000000 0.000000 0.000000 0.000000 0.000000 0.000000 0.000000 0.000000 0.000000 0.000000 0.000000 0.000000 0.000000 0.000000 0.000000 0.000000 0.000000 0.000000 0.000000 0.000000 0.000000 0.000000 0.000000 0.000000 0.000000 0.000000 0.000000 0.000000 0.000000 0.000000 
50.000000 30.653282 15.802560 6.870892 2.545263 0.813427 0.227088 0.056022 0.012339 0.002449 0.000442 0.000074 0.000013 0.000003 0.000002 0.000002 0.000002 0.000002 0.000002 0.000002 0.000002 0.000002 0.000002 0.000002 0.000002 0.000002 0.000002 0.000002 0.000002 0.000002 0.000002 0.000002 0.000002 0.000002 0.000002 0.000002 0.000002 0.000002 0.000002 0.000002 0.000002 0.000002 0.000002 0.000002 0.000002 0.000001 0.000001 0.000001 0.000001 0.000000 
50.000000 30.653286 15.802567 6.870900 2.545272 0.813436 0.227098 0.056032 0.012349 0.002458 0.000452 0.000084 0.000022 0.000013 0.000011 0.000011 0.000011 0.000011 0.000011 0.000011 0.000011 0.000011 0.000011 0.000011 0.000011 0.000011 0.000011 0.000011 0.000011 0.000011 0.000011 0.000011 0.000011 0.000011 0.000011 0.000011 0.000011 0.000011 0.000011 0.000011 0.000011 0.000011 0.000011 0.000011 0.000011 0.000011 0.000010 0.000008 0.000005 0.000000 
50.000000 30.653310 15.802609 6.870954 2.545331 0.813497 0.227159 0.056093 0.012410 0.002520 0.000513 0.000145 0.000084 0.000074 0.000073 0.000073 0.000073 0.000073 0.000073 0.000073 0.000073 0.000073 0.000073 0.000073 0.000073 0.000073 0.000073 0.000073 0.000073 0.000073 0.000073 0.000073 0.000073 0.000073 0.000073 0.000073 0.000073 0.000073 0.000073 0.000073 0.000073 0.000073 0.000073 0.000072 0.000072 0.000070 0.000065 0.000052 0.000030 0.000000 
50.000000 30.653455 15.802864 6.871274 2.545682 0.813859 0.227526 0.056461 0.012778 0.002888 0.000882 0.000513 0.000452 0.000442 0.000441 0.000441 0.000441 0.000441 0.000441 0.000441 0.000441 0.000441 0.000441 0.000441 0.000441 0.000441 0.000441 0.000441 0.000441 0.000441 0.000441 0.000441 0.000441 0.000441 0.000441 0.000441 0.000441 0.000441 0.000441 0.000441 0.000441 0.000441 0.000441 0.000440 0.000436 0.000425 0.000393 0.000319 0.000185 0.000000 
50.000000 30.654242 15.804251 6.873016 2.547593 0.815836 0.229525 0.058466 0.014785 0.004895 0.002888 0.002520 0.002458 0.002449 0.002448 0.002448 0.002447 0.002447 0.002447 0.002447 0.002447 0.002447 0.002447 0.002447 0.002447 0.002447 0.002447 0.002447 0.002447 0.002447 0.002447 0.002447 0.002447 0.002447 0.002447 0.002447 0.002447 0.002447 0.002447 0.002447 0.002447 0.002447 0.002446 0.002441 0.002423 0.002360 0.002184 0.001778 0.001033 0.000000 
50.000000 30.658115 15.811076 6.881593 2.557005 0.825577 0.239374 0.068346 0.024672 0.014785 0.012778 0.012410 0.012349 0.012339 0.012338 0.012338 0.012338 0.012338 0.012338 0.012338 0.012338 0.012338 0.012338 0.012338 0.012338 0.012338 0.012338 0.012338 0.012338 0.012338 0.012338 0.012338 0.012338 0.012338 0.012338 0.012338 0.012338 0.012338 0.012338 0.012338 0.012337 0.012336 0.012331 0.012307 0.012216 0.011911 0.011043 0.009013 0.005253 0.000000 
50.000000 30.675185 15.841172 6.919443 2.598559 0.868591 0.282873 0.111985 0.068346 0.058466 0.056461 0.056093 0.056032 0.056022 0.056021 0.056021 0.056021 0.056021 0.056021 0.056021 0.056021 0.056021 0.056021 0.056021 0.056021 0.056021 0.056021 0.056021 0.056021 0.056021 0.056021 0.056021 0.056021 0.056021 0.056021 0.056021 0.056021 0.056021 0.056021 0.056021 0.056020 0.056015 0.055992 0.055892 0.055498 0.054165 0.050334 0.041250 0.024163 0.000000 
50.000000 30.741891 15.958847 7.067523 2.761209 1.037002 0.453209 0.282873 0.239374 0.229525 0.227526 0.227159 0.227098 0.227088 0.227087 0.227087 0.227087 0.227087 0.227087 0.227087 0.227087 0.227087 0.227087 0.227087 0.227087 0.227087 0.227087 0.227087 0.227087 0.227087 0.227087 0.227087 0.227087 0.227087 0.227087 0.227087 0.227087 0.227087 0.227087 0.227086 0.227083 0.227066 0.226982 0.226604 0.225116 0.220013 0.205110 0.169071 0.099785 0.000000 
50.000000 30.970073 16.361588 7.574618 3.318444 1.614128 1.037002 0.868591 0.825577 0.815836 0.813859 0.813497 0.813436 0.813427 0.813425 0.813425 0.813425 0.813425 0.813425 0.813425 0.813425 0.813425 0.813425 0.813425 0.813425 0.813425 0.813425 0.813425 0.813425 0.813425 0.813425 0.813425 0.813425 0.813425 0.813425 0.813425 0.813425 0.813425 0.813425 0.813423 0.813414 0.813360 0.813093 0.811886 0.807064 0.790247 0.740034 0.615204 0.367383 0.000000 
50.000000 31.642777 17.549489 9.071117 4.963608 3.318444 2.761209 2.598559 2.557005 2.547593 2.545682 2.545331 2.545272 2.545263 2.545262 2.545262 2.545262 2.545262 2.545262 2.545262 2.545262 2.545262 2.545262 2.545262 2.545262 2.545262 2.545262 2.545262 2.545262 2.545262 2.545262 2.545262 2.545262 2.545262 2.545262 2.545262 2.545262 2.545262 2.545261 2.545257 2.545233 2.545095 2.544394 2.541196 2.528198 2.481804 2.338982 1.969486 1.199066 0.000000 
50.000000 33.320126 20.512752 12.806023 9.071117 7.574618 7.067523 6.919443 6.881593 6.873016 6.871274 6.870954 6.870900 6.870892 6.870891 6.870891 6.870891 6.870891 6.870891 6.870891 6.870891 6.870891 6.870891 6.870891 6.870891 6.870891 6.870891 6.870891 6.870891 6.870891 6.870891 6.870891 6.870891 6.870891 6.870891 6.870891 6.870891 6.870890 6.870889 6.870881 6.870831 6.870551 6.869109 6.862414 6.834584 6.732135 6.403012 5.500054 3.464039 0.000000 
50.000000 36.778461 26.624674 20.512752 17.549489 16.361588 15.958847 15.841172 15.811076 15.804251 15.802864 15.802609 15.802567 15.802560 15.802559 15.802559 15.802559 15.802559 15.802559 15.802559 15.802559 15.802559 15.802559 15.802559 15.802559 15.802559 15.802559 15.802559 15.802559 15.802559 15.802559 15.802559 15.802559 15.802559 15.802559 15.802559 15.802559 15.802559 15.802557 15.802545 15.802473 15.802063 15.799921 15.789776 15.746385 15.580003 15.012698 13.312337 8.938022 0.000000 
50.000000 42.522167 36.778461 33.320126 31.642777 30.970073 30.741891 30.675185 30.658115 30.654242 30.653455 30.653310 30.653286 30.653282 30.653281 30.653281 30.653281 30.653281 30.653281 30.653281 30.653281 30.653281 30.653281 30.653281 30.653281 30.653281 30.653281 30.653281 30.653281 30.653281 30.653281 30.653281 30.653281 30.653281 30.653281 30.653281 30.653281 30.653281 30.653280 30.653270 30.653210 30.652862 30.651022 30.642106 30.602690 30.443712 29.856087 27.840439 21.261083 0.000000 
50.000000 50.000000 50.000000 50.000000 50.000000 50.000000 50.000000 50.000000 50.000000 50.000000 50.000000 50.000000 50.000000 50.000000 50.000000 50.000000 50.000000 50.000000 50.000000 50.000000 50.000000 50.000000 50.000000 50.000000 50.000000 50.000000 50.000000 50.000000 50.000000 50.000000 50.000000 50.000000 50.000000 50.000000 50.000000 50.000000 50.000000 50.000000 50.000000 50.000000 50.000000 50.000000 50.000000 50.000000 50.000000 50.000000 50.000000 50.000000 50.000000 50.000000 
