50.000000 50.000000 50.000000 50.000000 50.000000 50.000000 50.000000 50.000000 50.000000 50.000000 50.000000 50.000000 50.000000 50.000000 50.000000 50.000000 50.000000 50.000000 50.000000 50.000000 50.000000 50.000000 50.000000 50.000000 50.000000 50.000000 50.000000 50.000000 50.000000 50.000000 50.000000 50.000000 50.000000 50.000000 50.000000 50.000000 50.000000 50.000000 50.000000 50.000000 50.000000 50.000000 50.000000 50.000000 50.000000 50.000000 50.000000 50.000000 50.000000 50.000000 
50.000000 48.460372 46.995126 45.667876 44.523297 43.583269 42.847678 42.298933 41.908435 41.643167 41.471017 41.364202 41.300779 41.264713 41.245051 41.234766 41.229599 41.227104 41.225945 41.225426 41.225203 41.225110 41.225072 41.225058 41.225052 41.225050 41.225049 41.225048 41.225046 41.225041 41.225026 41.224990 41.224900 41.224685 41.224186 41.223066 41.220625 41.215462 41.204852 41.183636 41.142269 41.063359 40.915409 40.640860 40.131401 39.171510 37.293699 33.361606 24.230186 0.000000 
50.000000 46.995126 44.135425 41.545054 39.311209 37.476588 36.040968 34.970015 34.207911 33.690211 33.354245 33.145787 33.022016 32.951631 32.913261 32.893190 32.883108 32.878239 32.875977 32.874965 32.874528 32.874347 32.874274 32.874246 32.874235 32.874231 32.874229 32.874227 32.874223 32.874213 32.874187 32.874120 32.873955 32.873562 32.872652 32.870613 32.866178 32.856829 32.837693 32.799635 32.725956 32.586798 32.329568 31.862242 31.023283 29.525556 26.850983 22.067712 13.633520 0.000000 
50.000000 45.667876 41.545054 37.810541 34.590044 31.945121 29.875447 28.331515 27.232846 26.486526 26.002204 25.701700 25.523280 25.421820 25.366510 25.337579 25.323046 25.316029 25.312768 25.311310 25.310681 25.310419 25.310314 25.310273 25.310258 25.310252 25.310249 25.310247 25.310242 25.310229 25.310194 25.310107 25.309894 25.309386 25.308213 25.305592 25.299917 25.288009 25.263785 25.215985 25.124395 24.953769 24.644238 24.096447 23.149148 21.547372 18.905270 14.694072 8.374177 0.000000 
50.000000 44.523297 39.311209 34.590044 30.518727 27.175076 24.558673 22.606919 21.218065 20.274641 19.662421 19.282569 19.057043 18.928798 18.858889 18.822323 18.803955 18.795086 18.790965 18.789122 18.788327 18.787996 18.787863 18.787812 18.787792 18.787785 18.787782 18.787779 18.787774 18.787759 18.787722 18.787627 18.787395 18.786844 18.785577 18.782756 18.776679 18.764003 18.738410 18.688382 18.593667 18.419931 18.111071 17.578908 16.690910 15.259364 13.042672 9.785653 5.351787 0.000000 
50.000000 43.583269 37.476588 31.945121 27.175076 23.257623 20.192261 17.905635 16.278517 15.173269 14.456050 14.011064 13.746872 13.596645 13.514755 13.471924 13.450410 13.440022 13.435196 13.433037 13.432106 13.431719 13.431563 13.431503 13.431480 13.431472 13.431468 13.431465 13.431460 13.431446 13.431410 13.431318 13.431094 13.430565 13.429352 13.426665 13.420908 13.408980 13.385096 13.338880 13.252473 13.096451 12.824519 12.367567 11.628812 10.484166 8.795973 6.453304 3.451868 0.000000 
50.000000 42.847678 36.040968 29.875447 24.558673 20.192261 16.775642 14.227035 12.413532 11.181704 10.382365 9.886440 9.592015 9.424601 9.333345 9.285617 9.261644 9.250069 9.244692 9.242287 9.241249 9.240818 9.240645 9.240577 9.240552 9.240543 9.240539 9.240536 9.240531 9.240519 9.240487 9.240406 9.240210 9.239748 9.238693 9.236368 9.231415 9.221227 9.200998 9.162251 9.090703 8.963442 8.745673 8.387821 7.824694 6.979764 5.779000 4.178726 2.206818 0.000000 
50.000000 42.298933 34.970015 28.331515 22.606919 17.905635 14.227035 11.483050 9.530558 8.204350 7.343786 6.809890 6.492930 6.312708 6.214474 6.163097 6.137293 6.124834 6.119046 6.116457 6.115341 6.114877 6.114690 6.114618 6.114591 6.114581 6.114577 6.114574 6.114570 6.114560 6.114534 6.114468 6.114310 6.113937 6.113092 6.111236 6.107309 6.099286 6.083490 6.053532 5.998857 5.902952 5.741525 5.481362 5.081116 4.495848 3.687277 2.640448 1.383524 0.000000 
50.000000 41.908435 34.207911 27.232846 21.218065 16.278517 12.413532 9.530558 7.479203 6.085869 5.181767 4.620873 4.287893 4.098567 3.995373 3.941405 3.914298 3.901212 3.895133 3.892414 3.891241 3.890754 3.890558 3.890482 3.890453 3.890443 3.890439 3.890436 3.890433 3.890425 3.890406 3.890356 3.890237 3.889958 3.889326 3.887949 3.885049 3.879167 3.867678 3.846089 3.807113 3.739602 3.627607 3.450090 3.182066 2.798133 2.279076 1.621113 0.845076 0.000000 
50.000000 41.643167 33.690211 26.486526 20.274641 15.173269 11.181704 8.204350 6.085869 4.646965 3.713310 3.134093 2.790243 2.594740 2.488182 2.432456 2.404468 2.390956 2.384679 2.381872 2.380661 2.380158 2.379956 2.379877 2.379848 2.379837 2.379833 2.379831 2.379829 2.379823 2.379809 2.379774 2.379690 2.379494 2.379052 2.378093 2.376086 2.372042 2.364201 2.349595 2.323482 2.278756 2.205493 2.091001 1.920795 1.680974 1.362132 0.964255 0.500898 0.000000 
50.000000 41.471017 33.354245 26.002204 19.662421 14.456050 10.382365 7.343786 5.181767 3.713310 2.760494 2.169398 1.818502 1.618997 1.510260 1.453395 1.424836 1.411048 1.404644 1.401779 1.400544 1.400031 1.399824 1.399744 1.399714 1.399703 1.399699 1.399698 1.399696 1.399692 1.399683 1.399659 1.399603 1.399474 1.399183 1.398554 1.397245 1.394624 1.389576 1.380247 1.363716 1.335679 1.290255 1.220114 1.117171 0.974039 0.786219 0.554610 0.287381 0.000000 
50.000000 41.364202 33.145787 25.701700 19.282569 14.011064 9.886440 6.809890 4.620873 3.134093 2.169398 1.570941 1.215679 1.013694 0.903608 0.846038 0.817125 0.803166 0.796683 0.793783 0.792533 0.792013 0.791804 0.791723 0.791693 0.791682 0.791678 0.791676 0.791675 0.791672 0.791666 0.791652 0.791617 0.791535 0.791354 0.790964 0.790157 0.788548 0.785470 0.779822 0.769892 0.753196 0.726400 0.685443 0.625967 0.544159 0.437915 0.308094 0.159350 0.000000 
50.000000 41.300779 33.022016 25.523280 19.057043 13.746872 9.592015 6.492930 4.287893 2.790243 1.818502 1.215679 0.857829 0.654374 0.543488 0.485500 0.456378 0.442319 0.435788 0.432868 0.431608 0.431085 0.430874 0.430793 0.430762 0.430751 0.430747 0.430746 0.430745 0.430743 0.430740 0.430731 0.430710 0.430662 0.430555 0.430325 0.429852 0.428914 0.427131 0.423879 0.418201 0.408726 0.393644 0.370788 0.337892 0.293040 0.235271 0.165187 0.085317 0.000000 
50.000000 41.264713 32.951631 25.421820 18.928798 13.596645 9.424601 6.312708 4.098567 2.594740 1.618997 1.013694 0.654374 0.450086 0.338745 0.280521 0.251279 0.237163 0.230606 0.227674 0.226409 0.225884 0.225672 0.225591 0.225560 0.225549 0.225545 0.225543 0.225543 0.225542 0.225540 0.225535 0.225523 0.225496 0.225435 0.225307 0.225043 0.224523 0.223538 0.221752 0.218653 0.213517 0.205399 0.193186 0.175737 0.152119 0.121902 0.085453 0.044087 0.000000 
50.000000 41.245051 32.913261 25.366510 18.858889 13.514755 9.333345 6.214474 3.995373 2.488182 1.510260 0.903608 0.543488 0.338745 0.227158 0.168804 0.139499 0.125351 0.118780 0.115841 0.114574 0.114047 0.113835 0.113753 0.113722 0.113711 0.113707 0.113706 0.113705 0.113705 0.113704 0.113701 0.113694 0.113680 0.113648 0.113579 0.113438 0.113163 0.112643 0.111706 0.110089 0.107424 0.103237 0.096977 0.088090 0.076132 0.060917 0.042648 0.021984 0.000000 
50.000000 41.234766 32.893190 25.337579 18.822323 13.471924 9.285617 6.163097 3.941405 2.432456 1.453395 0.846038 0.485500 0.280521 0.168804 0.110384 0.081044 0.066881 0.060302 0.057360 0.056091 0.055564 0.055352 0.055270 0.055239 0.055228 0.055224 0.055222 0.055222 0.055221 0.055221 0.055219 0.055216 0.055209 0.055192 0.055157 0.055085 0.054946 0.054684 0.054213 0.053404 0.052078 0.050006 0.046924 0.042572 0.036746 0.029366 0.020538 0.010580 0.000000 
50.000000 41.229599 32.883108 25.323046 18.803955 13.450410 9.261644 6.137293 3.914298 2.404468 1.424836 0.817125 0.456378 0.251279 0.139499 0.081044 0.051688 0.037516 0.030934 0.027990 0.026720 0.026193 0.025981 0.025898 0.025868 0.025856 0.025852 0.025851 0.025851 0.025850 0.025850 0.025849 0.025848 0.025844 0.025836 0.025819 0.025784 0.025716 0.025589 0.025362 0.024974 0.024341 0.023355 0.021896 0.019845 0.017111 0.013660 0.009546 0.004915 0.000000 
50.000000 41.227104 32.878239 25.316029 18.795086 13.440022 9.250069 6.124834 3.901212 2.390956 1.411048 0.803166 0.442319 0.237163 0.125351 0.066881 0.037516 0.023340 0.016756 0.013811 0.012542 0.012014 0.011802 0.011719 0.011689 0.011677 0.011673 0.011672 0.011672 0.011671 0.011671 0.011671 0.011670 0.011668 0.011665 0.011657 0.011640 0.011609 0.011550 0.011445 0.011266 0.010975 0.010524 0.009859 0.008928 0.007691 0.006135 0.004284 0.002204 0.000000 
50.000000 41.225945 32.875977 25.312768 18.790965 13.435196 9.244692 6.119046 3.895133 2.384679 1.404644 0.796683 0.435788 0.230606 0.118780 0.060302 0.030934 0.016756 0.010171 0.007226 0.005956 0.005428 0.005216 0.005134 0.005103 0.005092 0.005088 0.005086 0.005086 0.005086 0.005086 0.005086 0.005085 0.005084 0.005083 0.005079 0.005072 0.005058 0.005031 0.004984 0.004905 0.004776 0.004578 0.004286 0.003878 0.003338 0.002661 0.001857 0.000955 0.000000 
50.000000 41.225426 32.874965 25.311310 18.789122 13.433037 9.242287 6.116457 3.892414 2.381872 1.401779 0.793783 0.432868 0.227674 0.115841 0.057360 0.027990 0.013811 0.007226 0.004280 0.003010 0.002482 0.002270 0.002188 0.002157 0.002146 0.002142 0.002141 0.002140 0.002140 0.002140 0.002140 0.002140 0.002140 0.002139 0.002137 0.002134 0.002128 0.002117 0.002097 0.002063 0.002008 0.001923 0.001800 0.001627 0.001400 0.001115 0.000778 0.000400 0.000000 
50.000000 41.225203 32.874528 25.310681 18.788327 13.432106 9.241249 6.115341 3.891241 2.380661 1.400544 0.792533 0.431608 0.226409 0.114574 0.056091 0.026720 0.012542 0.005956 0.003011 0.001741 0.001213 0.001001 0.000918 0.000888 0.000876 0.000872 0.000871 0.000871 0.000870 0.000870 0.000870 0.000870 0.000870 0.000870 0.000869 0.000868 0.000865 0.000861 0.000852 0.000838 0.000816 0.000781 0.000731 0.000660 0.000568 0.000452 0.000315 0.000162 0.000000 
50.000000 41.225110 32.874347 25.310419 18.787996 13.431719 9.240818 6.114877 3.890754 2.380158 1.400031 0.792013 0.431085 0.225884 0.114047 0.055564 0.026193 0.012014 0.005428 0.002483 0.001213 0.000685 0.000473 0.000390 0.000360 0.000348 0.000344 0.000343 0.000343 0.000343 0.000342 0.000342 0.000342 0.000342 0.000342 0.000342 0.000341 0.000340 0.000339 0.000335 0.000330 0.000321 0.000307 0.000287 0.000259 0.000223 0.000177 0.000124 0.000064 0.000000 
50.000000 41.225072 32.874274 25.310314 18.787864 13.431564 9.240645 6.114691 3.890558 2.379956 1.399825 0.791805 0.430875 0.225673 0.113836 0.055352 0.025981 0.011802 0.005217 0.002271 0.001001 0.000473 0.000261 0.000179 0.000148 0.000137 0.000133 0.000132 0.000131 0.000131 0.000131 0.000131 0.000131 0.000131 0.000131 0.000131 0.000131 0.000130 0.000129 0.000128 0.000126 0.000122 0.000117 0.000110 0.000099 0.000085 0.000068 0.000047 0.000024 0.000000 
50.000000 41.225058 32.874246 25.310274 18.787813 13.431504 9.240579 6.114620 3.890484 2.379879 1.399746 0.791725 0.430795 0.225593 0.113755 0.055272 0.025900 0.011721 0.005136 0.002190 0.000920 0.000392 0.000180 0.000098 0.000067 0.000056 0.000052 0.000051 0.000050 0.000050 0.000050 0.000050 0.000050 0.000050 0.000050 0.000050 0.000050 0.000050 0.000049 0.000049 0.000048 0.000047 0.000045 0.000042 0.000038 0.000032 0.000026 0.000018 0.000009 0.000000 
50.000000 41.225053 32.874237 25.310261 18.787796 13.431485 9.240557 6.114596 3.890459 2.379854 1.399720 0.791699 0.430768 0.225566 0.113728 0.055245 0.025873 0.011694 0.005109 0.002163 0.000893 0.000365 0.000153 0.000071 0.000040 0.000029 0.000025 0.000024 0.000023 0.000023 0.000023 0.000023 0.000023 0.000023 0.000023 0.000023 0.000023 0.000023 0.000023 0.000023 0.000022 0.000022 0.000021 0.000019 0.000017 0.000015 0.000012 0.000008 0.000004 0.000000 
50.000000 41.225053 32.874237 25.310261 18.787796 13.431485 9.240557 6.114596 3.890459 2.379854 1.399720 0.791699 0.430768 0.225566 0.113728 0.055245 0.025873 0.011694 0.005109 0.002163 0.000893 0.000365 0.000153 0.000071 0.000040 0.000029 0.000025 0.000024 0.000023 0.000023 0.000023 0.000023 0.000023 0.000023 0.000023 0.000023 0.000023 0.000023 0.000023 0.000023 0.000022 0.000022 0.000021 0.000019 0.000017 0.000015 0.000012 0.000008 0.000004 0.000000 
50.000000 41.225058 32.874246 25.310274 18.787813 13.431504 9.240579 6.114620 3.890484 2.379879 1.399746 0.791725 0.430795 0.225593 0.113755 0.055272 0.025900 0.011721 0.005136 0.002190 0.000920 0.000392 0.000180 0.000098 0.000067 0.000056 0.000052 0.000051 0.000050 0.000050 0.000050 0.000050 0.000050 0.000050 0.000050 0.000050 0.000050 0.000050 0.000049 0.000049 0.000048 0.000047 0.000045 0.000042 0.000038 0.000032 0.000026 0.000018 0.000009 0.000000 
50.000000 41.225072 32.874274 25.310314 18.787864 13.431564 9.240645 6.114691 3.890558 2.379956 1.399825 0.791805 0.430875 0.225673 0.113836 0.055352 0.025981 0.011802 0.005217 0.002271 0.001001 0.000473 0.000261 0.000179 0.000148 0.000137 0.000133 0.000132 0.000131 0.000131 0.000131 0.000131 0.000131 0.000131 0.000131 0.000131 0.000131 0.000130 0.000129 0.000128 0.000126 0.000122 0.000117 0.000110 0.000099 0.000085 0.000068 0.000047 0.000024 0.000000 
50.000000 41.225110 32.874347 25.310419 18.787996 13.431719 9.240818 6.114877 3.890754 2.380158 1.400031 0.792013 0.431085 0.225884 0.114047 0.055564 0.026193 0.012014 0.005428 0.002483 0.001213 0.000685 0.000473 0.000390 0.000360 0.000348 0.000344 0.000343 0.000343 0.000343 0.000342 0.000342 0.000342 0.000342 0.000342 0.000342 0.000341 0.000340 0.000339 0.000335 0.000330 0.000321 0.000307 0.000287 0.000259 0.000223 0.000177 0.000124 0.000064 0.000000 
50.000000 41.225203 32.874528 25.310681 18.788327 13.432106 9.241249 6.115341 3.891241 2.380661 1.400544 0.792533 0.431608 0.226409 0.114574 0.056091 0.026720 0.012542 0.005956 0.003011 0.001741 0.001213 0.001001 0.000918 0.000888 0.000876 0.000872 0.000871 0.000871 0.000870 0.000870 0.000870 0.000870 0.000870 0.000870 0.000869 0.000868 0.000865 0.000861 0.000852 0.000838 0.000816 0.000781 0.000731 0.000660 0.000568 0.000452 0.000315 0.000162 0.000000 
50.000000 41.225426 32.874965 25.311310 18.789122 13.433037 9.242287 6.116457 3.892414 2.381872 1.401779 0.793783 0.432868 0.227674 0.115841 0.057360 0.027990 0.013811 0.007226 0.004280 0.003010 0.002482 0.002270 0.002188 0.002157 0.002146 0.002142 0.002141 0.002140 0.002140 0.002140 0.002140 0.002140 0.002140 0.002139 0.002137 0.002134 0.002128 0.002117 0.002097 0.002063 0.002008 0.001923 0.001800 0.001627 0.001400 0.001115 0.000778 0.000400 0.000000 
50.000000 41.225945 32.875977 25.312768 18.790965 13.435196 9.244692 6.119046 3.895133 2.384679 1.404644 0.796683 0.435788 0.230606 0.118780 0.060302 0.030934 0.016756 0.010171 0.007226 0.005956 0.005428 0.005216 0.005134 0.005103 0.005092 0.005088 0.005086 0.005086 0.005086 0.005086 0.005086 0.005085 0.005084 0.005083 0.005079 0.005072 0.005058 0.005031 0.004984 0.004905 0.004776 0.004578 0.004286 0.003878 0.003338 0.002661 0.001857 0.000955 0.000000 
50.000000 41.227104 32.878239 25.316029 18.795086 13.440022 9.250069 6.124834 3.901212 2.390956 1.411048 0.803166 0.442319 0.237163 0.125351 0.066881 0.037516 0.023340 0.016756 0.013811 0.012542 0.012014 0.011802 0.011719 0.011689 0.011677 0.011673 0.011672 0.011672 0.011671 0.011671 0.011671 0.011670 0.011668 0.011665 0.011657 0.011640 0.011609 0.011550 0.011445 0.011266 0.010975 0.010524 0.009859 0.008928 0.007691 0.006135 0.004284 0.002204 0.000000 
50.000000 41.229599 32.883108 25.323046 18.803955 13.450410 9.261644 6.137293 3.914298 2.404468 1.424836 0.817125 0.456378 0.251279 0.139499 0.081044 0.051688 0.037516 0.030934 0.027990 0.026720 0.026193 0.025981 0.025898 0.025868 0.025856 0.025852 0.025851 0.025851 0.025850 0.025850 0.025849 0.025848 0.025844 0.025836 0.025819 0.025784 0.025716 0.025589 0.025362 0.024974 0.024341 0.023355 0.021896 0.019845 0.017111 0.013660 0.009546 0.004915 0.000000 
50.000000 41.234766 32.893190 25.337579 18.822323 13.471924 9.285617 6.163097 3.941405 2.432456 1.453395 0.846038 0.485500 0.280521 0.168804 0.110384 0.081044 0.066881 0.060302 0.057360 0.056091 0.055564 0.055352 0.055270 0.055239 0.055228 0.055224 0.055222 0.055222 0.055221 0.055221 0.055219 0.055216 0.055209 0.055192 0.055157 0.055085 0.054946 0.054684 0.054213 0.053404 0.052078 0.050006 0.046924 0.042572 0.036746 0.029366 0.020538 0.010580 0.000000 
50.000000 41.245051 32.913261 25.366510 18.858889 13.514755 9.333345 6.214474 3.995373 2.488182 1.510260 0.903608 0.543488 0.338745 0.227158 0.168804 0.139499 0.125351 0.118780 0.115841 0.114574 0.114047 0.113835 0.113753 0.113722 0.113711 0.113707 0.113706 0.113705 0.113705 0.113704 0.113701 0.113694 0.113680 0.113648 0.113579 0.113438 0.113163 0.112643 0.111706 0.110089 0.107424 0.103237 0.096977 0.088090 0.076132 0.060917 0.042648 0.021984 0.000000 
50.000000 41.264713 32.951631 25.421820 18.928798 13.596645 9.424601 6.312708 4.098567 2.594740 1.618997 1.013694 0.654374 0.450086 0.338745 0.280521 0.251279 0.237163 0.230606 0.227674 0.226409 0.225884 0.225672 0.225591 0.225560 0.225549 0.225545 0.225543 0.225543 0.225542 0.225540 0.225535 0.225523 0.225496 0.225435 0.225307 0.225043 0.224523 0.223538 0.221752 0.218653 0.213517 0.205399 0.193186 0.175737 0.152119 0.121902 0.085453 0.044087 0.000000 
50.000000 41.300779 33.022016 25.523280 19.057043 13.746872 9.592015 6.492930 4.287893 2.790243 1.818502 1.215679 0.857829 0.654374 0.543488 0.485500 0.456378 0.442319 0.435788 0.432868 0.431608 0.431085 0.430874 0.430793 0.430762 0.430751 0.430747 0.430746 0.430745 0.430743 0.430740 0.430731 0.430710 0.430662 0.430555 0.430325 0.429852 0.428914 0.427131 0.423879 0.418201 0.408726 0.393644 0.370788 0.337892 0.293040 0.235271 0.165187 0.085317 0.000000 
50.000000 41.364202 33.145787 25.701700 19.282569 14.011064 9.886440 6.809890 4.620873 3.134093 2.169398 1.570941 1.215679 1.013694 0.903608 0.846038 0.817125 0.803166 0.796683 0.793783 0.792533 0.792013 0.791804 0.791723 0.791693 0.791682 0.791678 0.791676 0.791675 0.791672 0.791666 0.791652 0.791617 0.791535 0.791354 0.790964 0.790157 0.788548 0.785470 0.779822 0.769892 0.753196 0.726400 0.685443 0.625967 0.544159 0.437915 0.308094 0.159350 0.000000 
50.000000 41.471017 33.354245 26.002204 19.662421 14.456050 10.382365 7.343786 5.181767 3.713310 2.760494 2.169398 1.818502 1.618997 1.510260 1.453395 1.424836 1.411048 1.404644 1.401779 1.400544 1.400031 1.399824 1.399744 1.399714 1.399703 1.399699 1.399698 1.399696 1.399692 1.399683 1.399659 1.399603 1.399474 1.399183 1.398554 1.397245 1.394624 1.389576 1.380247 1.363716 1.335679 1.290255 1.220114 1.117171 0.974039 0.786219 0.554610 0.287381 0.000000 
50.000000 41.643167 33.690211 26.486526 20.274641 15.173269 11.181704 8.204350 6.085869 4.646965 3.713310 3.134093 2.790243 2.594740 2.488182 2.432456 2.404468 2.390956 2.384679 2.381872 2.380661 2.380158 2.379956 2.379877 2.379848 2.379837 2.379833 2.379831 2.379829 2.379823 2.379809 2.379774 2.379690 2.379494 2.379052 2.378093 2.376086 2.372042 2.364201 2.349595 2.323482 2.278756 2.205493 2.091001 1.920795 1.680974 1.362132 0.964255 0.500898 0.000000 
50.000000 41.908435 34.207911 27.232846 21.218065 16.278517 12.413532 9.530558 7.479203 6.085869 5.181767 4.620873 4.287893 4.098567 3.995373 3.941405 3.914298 3.901212 3.895133 3.892414 3.891241 3.890754 3.890558 3.890482 3.890453 3.890443 3.890439 3.890436 3.890433 3.890425 3.890406 3.890356 3.890237 3.889958 3.889326 3.887949 3.885049 3.879167 3.867678 3.846089 3.807113 3.739602 3.627607 3.450090 3.182066 2.798133 2.279076 1.621113 0.845076 0.000000 
50.000000 42.298933 34.970015 28.331515 22.606919 17.905635 14.227035 11.483050 9.530558 8.204350 7.343786 6.809890 6.492930 6.312708 6.214474 6.163097 6.137293 6.124834 6.119046 6.116457 6.115341 6.114877 6.114690 6.114618 6.114591 6.114581 6.114577 6.114574 6.114570 6.114560 6.114534 6.114468 6.114310 6.113937 6.113092 6.111236 6.107309 6.099286 6.083490 6.053532 5.998857 5.902952 5.741525 5.481362 5.081116 4.495848 3.687277 2.640448 1.383524 0.000000 
50.000000 42.847678 36.040968 29.875447 24.558673 20.192261 16.775642 14.227035 12.413532 11.181704 10.382365 9.886440 9.592015 9.424601 9.333345 9.285617 9.261644 9.250069 9.244692 9.242287 9.241249 9.240818 9.240645 9.240577 9.240552 9.240543 9.240539 9.240536 9.240531 9.240519 9.240487 9.240406 9.240210 9.239748 9.238693 9.236368 9.231415 9.221227 9.200998 9.162251 9.090703 8.963442 8.745673 8.387821 7.824694 6.979764 5.779000 4.178726 2.206818 0.000000 
50.000000 43.583269 37.476588 31.945121 27.175076 23.257623 20.192261 17.905635 16.278517 15.173269 14.456050 14.011064 13.746872 13.596645 13.514755 13.471924 13.450410 13.440022 13.435196 13.433037 13.432106 13.431719 13.431563 13.431503 13.431480 13.431472 13.431468 13.431465 13.431460 13.431446 13.431410 13.431318 13.431094 13.430565 13.429352 13.426665 13.420908 13.408980 13.385096 13.338880 13.252473 13.096451 12.824519 12.367567 11.628812 10.484166 8.795973 6.453304 3.451868 0.000000 
50.000000 44.523297 39.311209 34.590044 30.518727 27.175076 24.558673 22.606919 21.218065 20.274641 19.662421 19.282569 19.057043 18.928798 18.858889 18.822323 18.803955 18.795086 18.790965 18.789122 18.788327 18.787996 18.787863 18.787812 18.787792 18.787785 18.787782 18.787779 18.787774 18.787759 18.787722 18.787627 18.787395 18.786844 18.785577 18.782756 18.776679 18.764003 18.738410 18.688382 18.593667 18.419931 18.111071 17.578908 16.690910 15.259364 13.042672 9.785653 5.351787 0.000000 
50.000000 45.667876 41.545054 37.810541 34.590044 31.945121 29.875447 28.331515 27.232846 26.486526 26.002204 25.701700 25.523280 25.421820 25.366510 25.337579 25.323046 25.316029 25.312768 25.311310 25.310681 25.310419 25.310314 25.310273 25.310258 25.310252 25.310249 25.310247 25.310242 25.310229 25.310194 25.310107 25.309894 25.309386 25.308213 25.305592 25.299917 25.288009 25.263785 25.215985 25.124395 24.953769 24.644238 24.096447 23.149148 21.547372 18.905270 14.694072 8.374177 0.000000 
50.000000 46.995126 44.135425 41.545054 39.311209 37.476588 36.040968 34.970015 34.207911 33.690211 33.354245 33.145787 33.022016 32.951631 32.913261 32.893190 32.883108 32.878239 32.875977 32.874965 32.874528 32.874347 32.874274 32.874246 32.874235 32.874231 32.874229 32.874227 32.874223 32.874213 32.874187 32.874120 32.873955 32.873562 32.872652 32.870613 32.866178 32.856829 32.837693 32.799635 32.725956 32.586798 32.329568 31.862242 31.023283 29.525556 26.850983 22.067712 13.633520 0.000000 
50.000000 48.460372 46.995126 45.667876 44.523297 43.583269 42.847678 42.298933 41.908435 41.643167 41.471017 41.364202 41.300779 41.264713 41.245051 41.234766 41.229599 41.227104 41.225945 41.225426 41.225203 41.225110 41.225072 41.225058 41.225052 41.225050 41.225049 41.225048 41.225046 41.225041 41.225026 41.224990 41.224900 41.224685 41.224186 41.223066 41.220625 41.215462 41.204852 41.183636 41.142269 41.063359 40.915409 40.640860 40.131401 39.171510 37.293699 33.361606 24.230186 0.000000 
50.000000 50.000000 50.000000 50.000000 50.000000 50.000000 50.000000 50.000000 50.000000 50.000000 50.000000 50.000000 50.000000 50.000000 50.000000 50.000000 50.000000 50.000000 50.000000 50.000000 50.000000 50.000000 50.000000 50.000000 50.000000 50.000000 50.000000 50.000000 50.000000 50.000000 50.000000 50.000000 50.000000 50.000000 50.000000 50.000000 50.000000 50.000000 50.000000 50.000000 50.000000 50.000000 50.000000 50.000000 50.000000 50.000000 50.000000 50.000000 50.000000 50.000000 
