50.000000 50.000000 50.000000 50.000000 50.000000 50.000000 50.000000 50.000000 50.000000 50.000000 50.000000 50.000000 50.000000 50.000000 50.000000 50.000000 50.000000 50.000000 50.000000 50.000000 50.000000 50.000000 50.000000 50.000000 50.000000 50.000000 50.000000 50.000000 50.000000 50.000000 50.000000 50.000000 50.000000 50.000000 50.000000 50.000000 50.000000 50.000000 50.000000 50.000000 50.000000 50.000000 50.000000 50.000000 50.000000 50.000000 50.000000 50.000000 50.000000 50.000000 
50.000000 46.439876 43.276505 40.774558 39.007494 37.888201 37.249192 36.918653 36.762918 36.695742 36.669084 36.659306 36.655978 36.654922 36.654609 36.654522 36.654499 36.654493 36.654492 36.654492 36.654491 36.654491 36.654491 36.654491 36.654491 36.654491 36.654491 36.654491 36.654491 36.654491 36.654491 36.654491 36.654491 36.654491 36.654490 36.654485 36.654463 36.654382 36.654090 36.653094 36.649883 36.640099 36.611888 36.534684 36.332965 35.824403 34.565348 31.421774 23.219938 0.000000 
50.000000 43.276505 37.302395 32.577548 29.240655 27.127122 25.920579 25.296520 25.002519 24.875713 24.825396 24.806943 24.800662 24.798670 24.798079 24.797914 24.797871 24.797861 24.797858 24.797858 24.797858 24.797858 24.797858 24.797858 24.797858 24.797858 24.797858 24.797858 24.797858 24.797858 24.797858 24.797858 24.797857 24.797857 24.797855 24.797846 24.797812 24.797682 24.797215 24.795632 24.790569 24.775308 24.731984 24.616078 24.323495 23.624964 22.043646 18.651197 11.854730 0.000000 
50.000000 40.774558 32.577548 26.094927 21.516911 18.617509 16.962502 16.106580 15.703394 15.529518 15.460533 15.435238 15.426629 15.423899 15.423090 15.422864 15.422805 15.422791 15.422787 15.422787 15.422786 15.422786 15.422786 15.422786 15.422786 15.422786 15.422786 15.422786 15.422786 15.422786 15.422786 15.422786 15.422786 15.422786 15.422784 15.422775 15.422738 15.422602 15.422114 15.420475 15.415285 15.399856 15.356852 15.244686 14.971437 14.351407 13.047463 10.533902 6.209210 0.000000 
50.000000 39.007494 29.240655 21.516911 16.062805 12.608861 10.637528 9.618136 9.138012 8.930986 8.848862 8.818753 8.808508 8.805260 8.804297 8.804029 8.803959 8.803942 8.803938 8.803937 8.803936 8.803936 8.803936 8.803936 8.803936 8.803936 8.803936 8.803936 8.803936 8.803936 8.803936 8.803936 8.803936 8.803936 8.803934 8.803927 8.803897 8.803784 8.803386 8.802059 8.797903 8.785721 8.752381 8.667479 8.467125 8.031402 7.165504 5.615691 3.183092 0.000000 
50.000000 37.888201 27.127122 18.617509 12.608861 8.804061 6.632695 5.509992 4.981275 4.753328 4.662916 4.629775 4.618500 4.614925 4.613866 4.613571 4.613494 4.613475 4.613470 4.613469 4.613469 4.613469 4.613469 4.613469 4.613469 4.613469 4.613469 4.613469 4.613469 4.613469 4.613469 4.613469 4.613469 4.613469 4.613468 4.613462 4.613442 4.613365 4.613094 4.612197 4.609421 4.601389 4.579770 4.525866 4.402031 4.141736 3.646072 2.803628 1.555236 0.000000 
50.000000 37.249192 25.920579 16.962502 10.637528 6.632695 4.347354 3.165828 2.609467 2.369626 2.274508 2.239645 2.227786 2.224027 2.222913 2.222603 2.222522 2.222502 2.222497 2.222496 2.222496 2.222496 2.222496 2.222496 2.222496 2.222496 2.222496 2.222496 2.222496 2.222496 2.222496 2.222496 2.222496 2.222496 2.222495 2.222492 2.222480 2.222434 2.222275 2.221753 2.220152 2.215572 2.203425 2.173677 2.106829 1.970049 1.717816 1.304501 0.714508 0.000000 
50.000000 36.918653 25.296520 16.106580 9.618136 5.509992 3.165828 1.953968 1.383362 1.137399 1.039861 1.004114 0.991956 0.988102 0.986960 0.986642 0.986559 0.986539 0.986534 0.986533 0.986533 0.986533 0.986533 0.986533 0.986533 0.986533 0.986533 0.986533 0.986533 0.986533 0.986533 0.986533 0.986533 0.986532 0.986532 0.986530 0.986524 0.986500 0.986418 0.986150 0.985335 0.983028 0.976984 0.962403 0.930222 0.865755 0.749727 0.564537 0.306765 0.000000 
50.000000 36.762918 25.002519 15.703394 9.138012 4.981275 2.609467 1.383362 0.806074 0.557242 0.458571 0.422411 0.410112 0.406215 0.405059 0.404738 0.404654 0.404633 0.404629 0.404628 0.404627 0.404627 0.404627 0.404627 0.404627 0.404627 0.404627 0.404627 0.404627 0.404627 0.404627 0.404627 0.404627 0.404627 0.404627 0.404626 0.404623 0.404612 0.404574 0.404451 0.404079 0.403037 0.400334 0.393894 0.379886 0.352291 0.303538 0.227211 0.122819 0.000000 
50.000000 36.695742 24.875713 15.529518 8.930986 4.753328 2.369626 1.137399 0.557242 0.307179 0.208023 0.171687 0.159328 0.155411 0.154251 0.153928 0.153844 0.153823 0.153818 0.153817 0.153817 0.153817 0.153817 0.153817 0.153817 0.153817 0.153817 0.153817 0.153817 0.153817 0.153817 0.153817 0.153817 0.153817 0.153816 0.153816 0.153815 0.153810 0.153794 0.153743 0.153590 0.153162 0.152064 0.149474 0.143906 0.133083 0.114234 0.085145 0.045859 0.000000 
50.000000 36.669084 24.825396 15.460533 8.848862 4.662916 2.274508 1.039861 0.458571 0.208023 0.108676 0.072270 0.059888 0.055964 0.054801 0.054478 0.054393 0.054372 0.054367 0.054366 0.054366 0.054366 0.054366 0.054366 0.054366 0.054366 0.054366 0.054366 0.054366 0.054366 0.054366 0.054366 0.054366 0.054366 0.054366 0.054366 0.054365 0.054364 0.054357 0.054338 0.054280 0.054120 0.053711 0.052755 0.050719 0.046803 0.040058 0.029764 0.015989 0.000000 
50.000000 36.659306 24.806943 15.435238 8.818753 4.629775 2.239645 1.004114 0.422411 0.171687 0.072270 0.035838 0.023448 0.019521 0.018358 0.018034 0.017949 0.017928 0.017924 0.017922 0.017922 0.017922 0.017922 0.017922 0.017922 0.017922 0.017922 0.017922 0.017922 0.017922 0.017922 0.017922 0.017922 0.017922 0.017922 0.017922 0.017922 0.017921 0.017919 0.017912 0.017892 0.017837 0.017696 0.017370 0.016681 0.015367 0.013123 0.009728 0.005216 0.000000 
50.000000 36.655978 24.800662 15.426629 8.808508 4.618500 2.227786 0.991956 0.410112 0.159328 0.059888 0.023448 0.011054 0.007127 0.005963 0.005639 0.005555 0.005534 0.005529 0.005528 0.005527 0.005527 0.005527 0.005527 0.005527 0.005527 0.005527 0.005527 0.005527 0.005527 0.005527 0.005527 0.005527 0.005527 0.005527 0.005527 0.005527 0.005527 0.005526 0.005524 0.005518 0.005500 0.005455 0.005352 0.005135 0.004724 0.004027 0.002980 0.001595 0.000000 
50.000000 36.654922 24.798670 15.423899 8.805260 4.614925 2.224027 0.988102 0.406215 0.155411 0.055964 0.019521 0.007127 0.003199 0.002035 0.001711 0.001627 0.001606 0.001601 0.001600 0.001600 0.001599 0.001599 0.001599 0.001599 0.001599 0.001599 0.001599 0.001599 0.001599 0.001599 0.001599 0.001599 0.001599 0.001599 0.001599 0.001599 0.001599 0.001599 0.001599 0.001597 0.001591 0.001578 0.001547 0.001484 0.001363 0.001161 0.000858 0.000459 0.000000 
50.000000 36.654609 24.798079 15.423090 8.804297 4.613866 2.222913 0.986960 0.405059 0.154251 0.054801 0.018358 0.005963 0.002035 0.000871 0.000547 0.000463 0.000442 0.000437 0.000436 0.000436 0.000435 0.000435 0.000435 0.000435 0.000435 0.000435 0.000435 0.000435 0.000435 0.000435 0.000435 0.000435 0.000435 0.000435 0.000435 0.000435 0.000435 0.000435 0.000435 0.000435 0.000433 0.000429 0.000421 0.000403 0.000370 0.000315 0.000232 0.000124 0.000000 
50.000000 36.654522 24.797914 15.422864 8.804029 4.613571 2.222603 0.986642 0.404738 0.153928 0.054478 0.018034 0.005639 0.001711 0.000547 0.000224 0.000139 0.000118 0.000113 0.000112 0.000112 0.000112 0.000112 0.000112 0.000112 0.000112 0.000112 0.000112 0.000112 0.000112 0.000112 0.000112 0.000112 0.000112 0.000112 0.000112 0.000112 0.000112 0.000112 0.000112 0.000112 0.000111 0.000110 0.000108 0.000104 0.000095 0.000081 0.000059 0.000032 0.000000 
50.000000 36.654499 24.797871 15.422805 8.803959 4.613494 2.222522 0.986559 0.404654 0.153844 0.054393 0.017949 0.005555 0.001627 0.000463 0.000139 0.000054 0.000033 0.000029 0.000027 0.000027 0.000027 0.000027 0.000027 0.000027 0.000027 0.000027 0.000027 0.000027 0.000027 0.000027 0.000027 0.000027 0.000027 0.000027 0.000027 0.000027 0.000027 0.000027 0.000027 0.000027 0.000027 0.000027 0.000026 0.000025 0.000023 0.000020 0.000014 0.000008 0.000000 
50.000000 36.654493 24.797861 15.422791 8.803942 4.613475 2.222502 0.986539 0.404633 0.153823 0.054372 0.017928 0.005534 0.001606 0.000442 0.000118 0.000033 0.000013 0.000008 0.000007 0.000006 0.000006 0.000006 0.000006 0.000006 0.000006 0.000006 0.000006 0.000006 0.000006 0.000006 0.000006 0.000006 0.000006 0.000006 0.000006 0.000006 0.000006 0.000006 0.000006 0.000006 0.000006 0.000006 0.000006 0.000006 0.000005 0.000004 0.000003 0.000002 0.000000 
50.000000 36.654492 24.797858 15.422787 8.803938 4.613470 2.222497 0.986534 0.404629 0.153818 0.054367 0.017924 0.005529 0.001601 0.000437 0.000113 0.000029 0.000008 0.000003 0.000002 0.000001 0.000001 0.000001 0.000001 0.000001 0.000001 0.000001 0.000001 0.000001 0.000001 0.000001 0.000001 0.000001 0.000001 0.000001 0.000001 0.000001 0.000001 0.000001 0.000001 0.000001 0.000001 0.000001 0.000001 0.000001 0.000001 0.000001 0.000001 0.000000 0.000000 
50.000000 36.654492 24.797858 15.422787 8.803937 4.613469 2.222496 0.986533 0.404628 0.153817 0.054366 0.017922 0.005528 0.001600 0.000436 0.000112 0.000027 0.000007 0.000002 0.000001 0.000000 0.000000 0.000000 0.000000 0.000000 0.000000 0.000000 0.000000 0.000000 0.000000 0.000000 0.000000 0.000000 0.000000 0.000000 0.000000 0.000000 0.000000 0.000000 0.000000 0.000000 0.000000 0.000000 0.000000 0.000000 0.000000 0.000000 0.000000 0.000000 0.000000 
50.000000 36.654491 24.797858 15.422786 8.803936 4.613469 2.222496 0.986533 0.404627 0.153817 0.054366 0.017922 0.005527 0.001600 0.000436 0.000112 0.000027 0.000006 0.000001 0.000000 0.000000 0.000000 0.000000 0.000000 0.000000 0.000000 0.000000 0.000000 0.000000 0.000000 0.000000 0.000000 0.000000 0.000000 0.000000 0.000000 0.000000 0.000000 0.000000 0.000000 0.000000 0.000000 0.000000 0.000000 0.000000 0.000000 0.000000 0.000000 0.000000 0.000000 
50.000000 36.654491 24.797858 15.422786 8.803936 4.613469 2.222496 0.986533 0.404627 0.153817 0.054366 0.017922 0.005527 0.001599 0.000435 0.000112 0.000027 0.000006 0.000001 0.000000 0.000000 0.000000 0.000000 0.000000 0.000000 0.000000 0.000000 0.000000 0.000000 0.000000 0.000000 0.000000 0.000000 0.000000 0.000000 0.000000 0.000000 0.000000 0.000000 0.000000 0.000000 0.000000 0.000000 0.000000 0.000000 0.000000 0.000000 0.000000 0.000000 0.000000 
50.000000 36.654491 24.797858 15.422786 8.803936 4.613469 2.222496 0.986533 0.404627 0.153817 0.054366 0.017922 0.005527 0.001599 0.000435 0.000112 0.000027 0.000006 0.000001 0.000000 0.000000 0.000000 0.000000 0.000000 0.000000 0.000000 0.000000 0.000000 0.000000 0.000000 0.000000 0.000000 0.000000 0.000000 0.000000 0.000000 0.000000 0.000000 0.000000 0.000000 0.000000 0.000000 0.000000 0.000000 0.000000 0.000000 0.000000 0.000000 0.000000 0.000000 
50.000000 36.654491 24.797858 15.422786 8.803936 4.613469 2.222496 0.986533 0.404627 0.153817 0.054366 0.017922 0.005527 0.001599 0.000435 0.000112 0.000027 0.000006 0.000001 0.000000 0.000000 0.000000 0.000000 0.000000 0.000000 0.000000 0.000000 0.000000 0.000000 0.000000 0.000000 0.000000 0.000000 0.000000 0.000000 0.000000 0.000000 0.000000 0.000000 0.000000 0.000000 0.000000 0.000000 0.000000 0.000000 0.000000 0.000000 0.000000 0.000000 0.000000 
50.000000 36.654491 24.797858 15.422786 8.803936 4.613469 2.222496 0.986533 0.404627 0.153817 0.054366 0.017922 0.005527 0.001599 0.000435 0.000112 0.000027 0.000006 0.000001 0.000000 0.000000 0.000000 0.000000 0.000000 0.000000 0.000000 0.000000 0.000000 0.000000 0.000000 0.000000 0.000000 0.000000 0.000000 0.000000 0.000000 0.000000 0.000000 0.000000 0.000000 0.000000 0.000000 0.000000 0.000000 0.000000 0.000000 0.000000 0.000000 0.000000 0.000000 
50.000000 36.654491 24.797858 15.422786 8.803936 4.613469 2.222496 0.986533 0.404627 0.153817 0.054366 0.017922 0.005527 0.001599 0.000435 0.000112 0.000027 0.000006 0.000001 0.000000 0.000000 0.000000 0.000000 0.000000 0.000000 0.000000 0.000000 0.000000 0.000000 0.000000 0.000000 0.000000 0.000000 0.000000 0.000000 0.000000 0.000000 0.000000 0.000000 0.000000 0.000000 0.000000 0.000000 0.000000 0.000000 0.000000 0.000000 0.000000 0.000000 0.000000 
50.000000 36.654491 24.797858 15.422786 8.803936 4.613469 2.222496 0.986533 0.404627 0.153817 0.054366 0.017922 0.005527 0.001599 0.000435 0.000112 0.000027 0.000006 0.000001 0.000000 0.000000 0.000000 0.000000 0.000000 0.000000 0.000000 0.000000 0.000000 0.000000 0.000000 0.000000 0.000000 0.000000 0.000000 0.000000 0.000000 0.000000 0.000000 0.000000 0.000000 0.000000 0.000000 0.000000 0.000000 0.000000 0.000000 0.000000 0.000000 0.000000 0.000000 
50.000000 36.654491 24.797858 15.422786 8.803936 4.613469 2.222496 0.986533 0.404627 0.153817 0.054366 0.017922 0.005527 0.001599 0.000435 0.000112 0.000027 0.000006 0.000001 0.000000 0.000000 0.000000 0.000000 0.000000 0.000000 0.000000 0.000000 0.000000 0.000000 0.000000 0.000000 0.000000 0.000000 0.000000 0.000000 0.000000 0.000000 0.000000 0.000000 0.000000 0.000000 0.000000 0.000000 0.000000 0.000000 0.000000 0.000000 0.000000 0.000000 0.000000 
50.000000 36.654491 24.797858 15.422786 8.803936 4.613469 2.222496 0.986533 0.404627 0.153817 0.054366 0.017922 0.005527 0.001599 0.000435 0.000112 0.000027 0.000006 0.000001 0.000000 0.000000 0.000000 0.000000 0.000000 0.000000 0.000000 0.000000 0.000000 0.000000 0.000000 0.000000 0.000000 0.000000 0.000000 0.000000 0.000000 0.000000 0.000000 0.000000 0.000000 0.000000 0.000000 0.000000 0.000000 0.000000 0.000000 0.000000 0.000000 0.000000 0.000000 
50.000000 36.654491 24.797858 15.422786 8.803936 4.613469 2.222496 0.986533 0.404627 0.153817 0.054366 0.017922 0.005527 0.001600 0.000436 0.000112 0.000027 0.000006 0.000001 0.000000 0.000000 0.000000 0.000000 0.000000 0.000000 0.000000 0.000000 0.000000 0.000000 0.000000 0.000000 0.000000 0.000000 0.000000 0.000000 0.000000 0.000000 0.000000 0.000000 0.000000 0.000000 0.000000 0.000000 0.000000 0.000000 0.000000 0.000000 0.000000 0.000000 0.000000 
50.000000 36.654492 24.797858 15.422787 8.803937 4.613469 2.222496 0.986533 0.404628 0.153817 0.054366 0.017922 0.005528 0.001600 0.000436 0.000112 0.000027 0.000007 0.000002 0.000001 0.000000 0.000000 0.000000 0.000000 0.000000 0.000000 0.000000 0.000000 0.000000 0.000000 0.000000 0.000000 0.000000 0.000000 0.000000 0.000000 0.000000 0.000000 0.000000 0.000000 0.000000 0.000000 0.000000 0.000000 0.000000 0.000000 0.000000 0.000000 0.000000 0.000000 
50.000000 36.654492 24.797858 15.422787 8.803938 4.613470 2.222497 0.986534 0.404629 0.153818 0.054367 0.017924 0.005529 0.001601 0.000437 0.000113 0.000029 0.000008 0.000003 0.000002 0.000001 0.000001 0.000001 0.000001 0.000001 0.000001 0.000001 0.000001 0.000001 0.000001 0.000001 0.000001 0.000001 0.000001 0.000001 0.000001 0.000001 0.000001 0.000001 0.000001 0.000001 0.000001 0.000001 0.000001 0.000001 0.000001 0.000001 0.000001 0.000000 0.000000 
50.000000 36.654493 24.797861 15.422791 8.803942 4.613475 2.222502 0.986539 0.404633 0.153823 0.054372 0.017928 0.005534 0.001606 0.000442 0.000118 0.000033 0.000013 0.000008 0.000007 0.000006 0.000006 0.000006 0.000006 0.000006 0.000006 0.000006 0.000006 0.000006 0.000006 0.000006 0.000006 0.000006 0.000006 0.000006 0.000006 0.000006 0.000006 0.000006 0.000006 0.000006 0.000006 0.000006 0.000006 0.000006 0.000005 0.000004 0.000003 0.000002 0.000000 
50.000000 36.654499 24.797871 15.422805 8.803959 4.613494 2.222522 0.986559 0.404654 0.153844 0.054393 0.017949 0.005555 0.001627 0.000463 0.000139 0.000054 0.000033 0.000029 0.000027 0.000027 0.000027 0.000027 0.000027 0.000027 0.000027 0.000027 0.000027 0.000027 0.000027 0.000027 0.000027 0.000027 0.000027 0.000027 0.000027 0.000027 0.000027 0.000027 0.000027 0.000027 0.000027 0.000027 0.000026 0.000025 0.000023 0.000020 0.000014 0.000008 0.000000 
50.000000 36.654522 24.797914 15.422864 8.804029 4.613571 2.222603 0.986642 0.404738 0.153928 0.054478 0.018034 0.005639 0.001711 0.000547 0.000224 0.000139 0.000118 0.000113 0.000112 0.000112 0.000112 0.000112 0.000112 0.000112 0.000112 0.000112 0.000112 0.000112 0.000112 0.000112 0.000112 0.000112 0.000112 0.000112 0.000112 0.000112 0.000112 0.000112 0.000112 0.000112 0.000111 0.000110 0.000108 0.000104 0.000095 0.000081 0.000059 0.000032 0.000000 
50.000000 36.654609 24.798079 15.423090 8.804297 4.613866 2.222913 0.986960 0.405059 0.154251 0.054801 0.018358 0.005963 0.002035 0.000871 0.000547 0.000463 0.000442 0.000437 0.000436 0.000436 0.000435 0.000435 0.000435 0.000435 0.000435 0.000435 0.000435 0.000435 0.000435 0.000435 0.000435 0.000435 0.000435 0.000435 0.000435 0.000435 0.000435 0.000435 0.000435 0.000435 0.000433 0.000429 0.000421 0.000403 0.000370 0.000315 0.000232 0.000124 0.000000 
50.000000 36.654922 24.798670 15.423899 8.805260 4.614925 2.224027 0.988102 0.406215 0.155411 0.055964 0.019521 0.007127 0.003199 0.002035 0.001711 0.001627 0.001606 0.001601 0.001600 0.001600 0.001599 0.001599 0.001599 0.001599 0.001599 0.001599 0.001599 0.001599 0.001599 0.001599 0.001599 0.001599 0.001599 0.001599 0.001599 0.001599 0.001599 0.001599 0.001599 0.001597 0.001591 0.001578 0.001547 0.001484 0.001363 0.001161 0.000858 0.000459 0.000000 
50.000000 36.655978 24.800662 15.426629 8.808508 4.618500 2.227786 0.991956 0.410112 0.159328 0.059888 0.023448 0.011054 0.007127 0.005963 0.005639 0.005555 0.005534 0.005529 0.005528 0.005527 0.005527 0.005527 0.005527 0.005527 0.005527 0.005527 0.005527 0.005527 0.005527 0.005527 0.005527 0.005527 0.005527 0.005527 0.005527 0.005527 0.005527 0.005526 0.005524 0.005518 0.005500 0.005455 0.005352 0.005135 0.004724 0.004027 0.002980 0.001595 0.000000 
50.000000 36.659306 24.806943 15.435238 8.818753 4.629775 2.239645 1.004114 0.422411 0.171687 0.072270 0.035838 0.023448 0.019521 0.018358 0.018034 0.017949 0.017928 0.017924 0.017922 0.017922 0.017922 0.017922 0.017922 0.017922 0.017922 0.017922 0.017922 0.017922 0.017922 0.017922 0.017922 0.017922 0.017922 0.017922 0.017922 0.017922 0.017921 0.017919 0.017912 0.017892 0.017837 0.017696 0.017370 0.016681 0.015367 0.013123 0.009728 0.005216 0.000000 
50.000000 36.669084 24.825396 15.460533 8.848862 4.662916 2.274508 1.039861 0.458571 0.208023 0.108676 0.072270 0.059888 0.055964 0.054801 0.054478 0.054393 0.054372 0.054367 0.054366 0.054366 0.054366 0.054366 0.054366 0.054366 0.054366 0.054366 0.054366 0.054366 0.054366 0.054366 0.054366 0.054366 0.054366 0.054366 0.054366 0.054365 0.054364 0.054357 0.054338 0.054280 0.054120 0.053711 0.052755 0.050719 0.046803 0.040058 0.029764 0.015989 0.000000 
50.000000 36.695742 24.875713 15.529518 8.930986 4.753328 2.369626 1.137399 0.557242 0.307179 0.208023 0.171687 0.159328 0.155411 0.154251 0.153928 0.153844 0.153823 0.153818 0.153817 0.153817 0.153817 0.153817 0.153817 0.153817 0.153817 0.153817 0.153817 0.153817 0.153817 0.153817 0.153817 0.153817 0.153817 0.153816 0.153816 0.153815 0.153810 0.153794 0.153743 0.153590 0.153162 0.152064 0.149474 0.143906 0.133083 0.114234 0.085145 0.045859 0.000000 
50.000000 36.762918 25.002519 15.703394 9.138012 4.981275 2.609467 1.383362 0.806074 0.557242 0.458571 0.422411 0.410112 0.406215 0.405059 0.404738 0.404654 0.404633 0.404629 0.404628 0.404627 0.404627 0.404627 0.404627 0.404627 0.404627 0.404627 0.404627 0.404627 0.404627 0.404627 0.404627 0.404627 0.404627 0.404627 0.404626 0.404623 0.404612 0.404574 0.404451 0.404079 0.403037 0.400334 0.393894 0.379886 0.352291 0.303538 0.227211 0.122819 0.000000 
50.000000 36.918653 25.296520 16.106580 9.618136 5.509992 3.165828 1.953968 1.383362 1.137399 1.039861 1.004114 0.991956 0.988102 0.986960 0.986642 0.986559 0.986539 0.986534 0.986533 0.986533 0.986533 0.986533 0.986533 0.986533 0.986533 0.986533 0.986533 0.986533 0.986533 0.986533 0.986533 0.986533 0.986532 0.986532 0.986530 0.986524 0.986500 0.986418 0.986150 0.985335 0.983028 0.976984 0.962403 0.930222 0.865755 0.749727 0.564537 0.306765 0.000000 
50.000000 37.249192 25.920579 16.962502 10.637528 6.632695 4.347354 3.165828 2.609467 2.369626 2.274508 2.239645 2.227786 2.224027 2.222913 2.222603 2.222522 2.222502 2.222497 2.222496 2.222496 2.222496 2.222496 2.222496 2.222496 2.222496 2.222496 2.222496 2.222496 2.222496 2.222496 2.222496 2.222496 2.222496 2.222495 2.222492 2.222480 2.222434 2.222275 2.221753 2.220152 2.215572 2.203425 2.173677 2.106829 1.970049 1.717816 1.304501 0.714508 0.000000 
50.000000 37.888201 27.127122 18.617509 12.608861 8.804061 6.632695 5.509992 4.981275 4.753328 4.662916 4.629775 4.618500 4.614925 4.613866 4.613571 4.613494 4.613475 4.613470 4.613469 4.613469 4.613469 4.613469 4.613469 4.613469 4.613469 4.613469 4.613469 4.613469 4.613469 4.613469 4.613469 4.613469 4.613469 4.613468 4.613462 4.613442 4.613365 4.613094 4.612197 4.609421 4.601389 4.579770 4.525866 4.402031 4.141736 3.646072 2.803628 1.555236 0.000000 
50.000000 39.007494 29.240655 21.516911 16.062805 12.608861 10.637528 9.618136 9.138012 8.930986 8.848862 8.818753 8.808508 8.805260 8.804297 8.804029 8.803959 8.803942 8.803938 8.803937 8.803936 8.803936 8.803936 8.803936 8.803936 8.803936 8.803936 8.803936 8.803936 8.803936 8.803936 8.803936 8.803936 8.803936 8.803934 8.803927 8.803897 8.803784 8.803386 8.802059 8.797903 8.785721 8.752381 8.667479 8.467125 8.031402 7.165504 5.615691 3.183092 0.000000 
50.000000 40.774558 32.577548 26.094927 21.516911 18.617509 16.962502 16.106580 15.703394 15.529518 15.460533 15.435238 15.426629 15.423899 15.423090 15.422864 15.422805 15.422791 15.422787 15.422787 15.422786 15.422786 15.422786 15.422786 15.422786 15.422786 15.422786 15.422786 15.422786 15.422786 15.422786 15.422786 15.422786 15.422786 15.422784 15.422775 15.422738 15.422602 15.422114 15.420475 15.415285 15.399856 15.356852 15.244686 14.971437 14.351407 13.047463 10.533902 6.209210 0.000000 
50.000000 43.276505 37.302395 32.577548 29.240655 27.127122 25.920579 25.296520 25.002519 24.875713 24.825396 24.806943 24.800662 24.798670 24.798079 24.797914 24.797871 24.797861 24.797858 24.797858 24.797858 24.797858 24.797858 24.797858 24.797858 24.797858 24.797858 24.797858 24.797858 24.797858 24.797858 24.797858 24.797857 24.797857 24.797855 24.797846 24.797812 24.797682 24.797215 24.795632 24.790569 24.775308 24.731984 24.616078 24.323495 23.624964 22.043646 18.651197 11.854730 0.000000 
50.000000 46.439876 43.276505 40.774558 39.007494 37.888201 37.249192 36.918653 36.762918 36.695742 36.669084 36.659306 36.655978 36.654922 36.654609 36.654522 36.654499 36.654493 36.654492 36.654492 36.654491 36.654491 36.654491 36.654491 36.654491 36.654491 36.654491 36.654491 36.654491 36.654491 36.654491 36.654491 36.654491 36.654491 36.654490 36.654485 36.654463 36.654382 36.654090 36.653094 36.649883 36.640099 36.611888 36.534684 36.332965 35.824403 34.565348 31.421774 23.219938 0.000000 
50.000000 50.000000 50.000000 50.000000 50.000000 50.000000 50.000000 50.000000 50.000000 50.000000 50.000000 50.000000 50.000000 50.000000 50.000000 50.000000 50.000000 50.000000 50.000000 50.000000 50.000000 50.000000 50.000000 50.000000 50.000000 50.000000 50.000000 50.000000 50.000000 50.000000 50.000000 50.000000 50.000000 50.000000 50.000000 50.000000 50.000000 50.000000 50.000000 50.000000 50.000000 50.000000 50.000000 50.000000 50.000000 50.000000 50.000000 50.000000 50.000000 50.000000 
