50.000000 50.000000 50.000000 50.000000 50.000000 50.000000 50.000000 50.000000 50.000000 50.000000 50.000000 50.000000 50.000000 50.000000 50.000000 50.000000 50.000000 50.000000 50.000000 50.000000 50.000000 50.000000 50.000000 50.000000 50.000000 50.000000 50.000000 50.000000 50.000000 50.000000 50.000000 50.000000 50.000000 50.000000 50.000000 50.000000 50.000000 50.000000 50.000000 50.000000 50.000000 50.000000 50.000000 50.000000 50.000000 50.000000 50.000000 50.000000 50.000000 50.000000 
50.000000 48.951997 47.938473 46.990505 46.132929 45.382486 44.747169 44.226734 43.814126 43.497458 43.262126 43.092734 42.974601 42.894752 42.842425 42.809165 42.788655 42.776377 42.769241 42.765212 42.763001 42.761822 42.761210 42.760900 42.760746 42.760669 42.760626 42.760590 42.760539 42.760442 42.760248 42.759860 42.759099 42.757637 42.754889 42.749831 42.740707 42.724563 42.696501 42.648482 42.567369 42.431617 42.205334 41.826853 41.184743 40.062100 37.992455 33.843254 24.475999 0.000000 
50.000000 47.938473 45.944769 44.080021 42.393087 40.916896 39.667170 38.643428 37.831795 37.208885 36.745972 36.412768 36.180392 36.023326 35.920396 35.854975 35.814630 35.790480 35.776444 35.768519 35.764170 35.761850 35.760646 35.760037 35.759734 35.759584 35.759499 35.759430 35.759332 35.759150 35.758784 35.758055 35.756625 35.753882 35.748733 35.739274 35.722255 35.692236 35.640260 35.551776 35.403347 35.157311 34.752826 34.090168 33.001942 31.198430 28.163477 22.972384 14.095219 0.000000 
50.000000 46.990505 44.080021 41.357798 38.895155 36.740169 34.915788 33.421310 32.236476 31.327148 30.651387 30.164978 29.825761 29.596480 29.446227 29.350728 29.291835 29.256583 29.236094 29.224525 29.218177 29.214791 29.213033 29.212144 29.211704 29.211484 29.211363 29.211265 29.211131 29.210883 29.210387 29.209398 29.207464 29.203761 29.196830 29.184136 29.161384 29.121444 29.052704 28.936585 28.743765 28.428465 27.919679 27.107666 25.823290 23.808113 20.678899 15.916544 8.998050 0.000000 
50.000000 46.132929 42.393087 38.895155 35.730782 32.961739 30.617516 28.697207 27.174780 26.006366 25.138072 24.513084 24.077227 23.782628 23.589573 23.466870 23.391202 23.345909 23.319584 23.304721 23.296565 23.292215 23.289957 23.288815 23.288249 23.287969 23.287816 23.287697 23.287538 23.287249 23.286673 23.285528 23.283295 23.279031 23.271078 23.256570 23.230696 23.185547 23.108423 22.979363 22.767621 22.426728 21.887774 21.050638 19.773736 17.865391 15.087042 11.194657 6.070829 0.000000 
50.000000 45.382486 40.916896 36.740169 32.961739 29.655367 26.856265 24.563345 22.745524 21.350413 20.313661 19.567426 19.047017 18.695273 18.464772 18.318271 18.227929 18.173853 18.142424 18.124679 18.114942 18.109748 18.107052 18.105690 18.105015 18.104682 18.104503 18.104370 18.104200 18.103895 18.103292 18.102098 18.099774 18.095353 18.087138 18.072226 18.045780 17.999949 17.922312 17.793729 17.585455 17.255493 16.744292 15.970396 14.827683 13.188003 10.916879 7.914954 4.197743 0.000000 
50.000000 44.747169 39.667170 34.915788 30.617516 26.856265 23.672087 21.063744 18.995870 17.408867 16.229522 15.380661 14.788689 14.388580 14.126389 13.959748 13.856987 13.795480 13.759731 13.739548 13.728474 13.722566 13.719501 13.717951 13.717185 13.716809 13.716610 13.716469 13.716299 13.716001 13.715417 13.714266 13.712032 13.707801 13.699972 13.685833 13.660912 13.618037 13.546043 13.428058 13.239383 12.945100 12.497765 11.836043 10.885869 9.566879 7.808122 5.577003 2.920316 0.000000 
50.000000 44.226734 38.643428 33.421310 28.697207 24.563345 21.063744 18.197039 15.924353 14.180180 12.884051 11.951140 11.300562 10.860847 10.572705 10.389574 10.276646 10.209054 10.169769 10.147590 10.135421 10.128930 10.125561 10.123859 10.123019 10.122607 10.122394 10.122251 10.122090 10.121817 10.121287 10.120247 10.118238 10.114446 10.107464 10.094923 10.072957 10.035447 9.973009 9.871742 9.711781 9.465895 9.098519 8.565980 7.819054 6.809433 5.501631 3.890602 2.021400 0.000000 
50.000000 43.814126 37.831795 32.236476 27.174780 22.745524 18.995870 15.924353 13.489313 11.620557 10.231860 9.232333 8.535306 8.064203 7.755497 7.559299 7.438314 7.365901 7.323815 7.300055 7.287019 7.280065 7.276457 7.274634 7.273735 7.273296 7.273074 7.272933 7.272787 7.272549 7.272094 7.271206 7.269500 7.266292 7.260414 7.249913 7.231636 7.200654 7.149520 7.067400 6.939167 6.744657 6.458458 6.050770 5.490031 4.748052 3.808011 2.674484 1.382508 0.000000 
50.000000 43.497458 37.208885 31.327148 26.006366 21.350413 17.408867 14.180180 11.620557 9.656205 8.196483 7.145845 6.413183 5.918001 5.593520 5.387299 5.260135 5.184025 5.139791 5.114818 5.101117 5.093809 5.090017 5.088101 5.087157 5.086699 5.086470 5.086334 5.086205 5.086007 5.085636 5.084917 5.083539 5.080962 5.076261 5.067909 5.053463 5.029145 4.989334 4.925986 4.828102 4.681389 4.468399 4.169483 3.764958 3.238745 2.583383 1.805539 0.930089 0.000000 
50.000000 43.262126 36.745972 30.651387 25.138072 20.313661 16.229522 12.884051 10.231860 8.196483 6.683994 5.595386 4.836253 4.323185 3.986988 3.773323 3.641571 3.562715 3.516886 3.491014 3.476819 3.469248 3.465319 3.463336 3.462358 3.461886 3.461654 3.461523 3.461412 3.461253 3.460963 3.460407 3.459346 3.457371 3.453785 3.447446 3.436547 3.418323 3.388713 3.341997 3.270497 3.164460 3.012309 2.801465 2.519932 2.158709 1.714802 1.194196 0.613644 0.000000 
50.000000 43.092734 36.412768 30.164978 24.513084 19.567426 15.380661 11.951140 9.232333 7.145845 5.595386 4.479458 3.701279 3.175344 2.830719 2.611700 2.476648 2.395817 2.348842 2.322322 2.307773 2.300012 2.295986 2.293953 2.292952 2.292470 2.292236 2.292111 2.292016 2.291892 2.291675 2.291263 2.290481 2.289032 2.286413 2.281806 2.273930 2.260844 2.239729 2.206673 2.156511 2.082814 1.978131 1.834618 1.645113 1.404662 1.112274 0.772508 0.396233 0.000000 
50.000000 42.974601 36.180392 29.825761 24.077227 19.047017 14.788689 11.300562 8.535306 6.413183 4.836253 3.701279 2.909826 2.374922 2.024423 1.801673 1.664321 1.582116 1.534341 1.507371 1.492574 1.484682 1.480588 1.478520 1.477503 1.477014 1.476780 1.476660 1.476578 1.476484 1.476327 1.476034 1.475481 1.474460 1.472624 1.469410 1.463943 1.454913 1.440436 1.417930 1.384038 1.334652 1.265115 1.170651 1.047068 0.891680 0.704318 0.488156 0.250037 0.000000 
50.000000 42.894752 36.023326 29.596480 23.782628 18.695273 14.388580 10.860847 8.064203 5.918001 4.323185 3.175344 2.374922 1.833960 1.479494 1.254224 1.115320 1.032185 0.983872 0.956597 0.941634 0.933653 0.929512 0.927422 0.926394 0.925900 0.925666 0.925550 0.925479 0.925408 0.925298 0.925097 0.924721 0.924029 0.922791 0.920633 0.916980 0.910979 0.901414 0.886638 0.864538 0.832567 0.787890 0.727668 0.649493 0.551932 0.435096 0.301071 0.154045 0.000000 
50.000000 42.842425 35.920396 29.446227 23.589573 18.464772 14.126389 10.572705 7.755497 5.593520 3.986988 2.830719 2.024423 1.479494 1.122430 0.895510 0.755589 0.671847 0.623180 0.595706 0.580634 0.572595 0.568424 0.566319 0.565284 0.564787 0.564553 0.564440 0.564378 0.564324 0.564248 0.564115 0.563868 0.563417 0.562612 0.561215 0.558861 0.555013 0.548912 0.539542 0.525610 0.505584 0.477782 0.440555 0.392546 0.333002 0.262091 0.181123 0.092594 0.000000 
50.000000 42.809165 35.854975 29.350728 23.466870 18.318272 13.959748 10.389574 7.559299 5.387299 3.773323 2.611700 1.801673 1.254224 0.895510 0.667542 0.526976 0.442848 0.393957 0.366357 0.351215 0.343139 0.338950 0.336835 0.335796 0.335297 0.335063 0.334953 0.334896 0.334854 0.334803 0.334717 0.334561 0.334277 0.333771 0.332898 0.331433 0.329049 0.325287 0.319538 0.311037 0.298885 0.282110 0.259777 0.231133 0.195792 0.153899 0.106242 0.054276 0.000000 
50.000000 42.788655 35.814630 29.291835 23.391202 18.227929 13.856988 10.276646 7.438314 5.260135 3.641571 2.476648 1.664321 1.115320 0.755589 0.526976 0.386013 0.301647 0.252618 0.224940 0.209756 0.201657 0.197456 0.195335 0.194293 0.193794 0.193560 0.193451 0.193398 0.193365 0.193330 0.193276 0.193180 0.193007 0.192700 0.192173 0.191291 0.189862 0.187616 0.184200 0.179173 0.172022 0.162200 0.149187 0.132576 0.112171 0.088074 0.060749 0.031018 0.000000 
50.000000 42.776378 35.790481 29.256583 23.345910 18.173854 13.795480 10.209054 7.365902 5.184025 3.562716 2.395818 1.582116 1.032186 0.671848 0.442849 0.301647 0.217140 0.168028 0.140304 0.125094 0.116982 0.112774 0.110649 0.109606 0.109106 0.108872 0.108765 0.108714 0.108686 0.108662 0.108628 0.108571 0.108469 0.108289 0.107980 0.107466 0.106636 0.105338 0.103370 0.100487 0.096403 0.090817 0.083449 0.074081 0.062615 0.049120 0.033856 0.017279 0.000000 
50.000000 42.769242 35.776445 29.236095 23.319585 18.142425 13.759733 10.169771 7.323817 5.139793 3.516889 2.348844 1.534344 0.983874 0.623182 0.393960 0.252620 0.168030 0.118871 0.091120 0.075895 0.067775 0.063562 0.061436 0.060391 0.059891 0.059658 0.059551 0.059502 0.059477 0.059460 0.059439 0.059406 0.059347 0.059245 0.059070 0.058779 0.058312 0.057584 0.056484 0.054878 0.052613 0.049526 0.045469 0.040329 0.034059 0.026698 0.018390 0.009382 0.000000 
50.000000 42.765213 35.768520 29.224528 23.304724 18.124682 13.739552 10.147595 7.300060 5.114824 3.491019 2.322328 1.507377 0.956603 0.595712 0.366363 0.224946 0.140309 0.091123 0.063356 0.048123 0.039999 0.035784 0.033657 0.032612 0.032111 0.031878 0.031771 0.031723 0.031700 0.031687 0.031674 0.031655 0.031622 0.031566 0.031470 0.031310 0.031055 0.030658 0.030061 0.029193 0.027971 0.026313 0.024139 0.021394 0.018055 0.014143 0.009738 0.004966 0.000000 
50.000000 42.763004 35.764174 29.218184 23.296573 18.114952 13.728485 10.135433 7.287031 5.101130 3.476833 2.307787 1.492588 0.941648 0.580648 0.351230 0.209770 0.125108 0.075907 0.048132 0.032895 0.024767 0.020552 0.018424 0.017378 0.016878 0.016644 0.016538 0.016490 0.016469 0.016458 0.016449 0.016438 0.016420 0.016390 0.016339 0.016254 0.016118 0.015908 0.015593 0.015136 0.014495 0.013628 0.012494 0.011066 0.009333 0.007307 0.005029 0.002564 0.000000 
50.000000 42.761827 35.761860 29.214806 23.292234 18.109771 13.722592 10.128958 7.280095 5.093840 3.469280 2.300046 1.484716 0.933687 0.572629 0.343174 0.201691 0.117016 0.067807 0.040028 0.024788 0.016659 0.012443 0.010315 0.009269 0.008768 0.008535 0.008429 0.008382 0.008361 0.008351 0.008345 0.008338 0.008329 0.008313 0.008286 0.008242 0.008172 0.008064 0.007901 0.007667 0.007339 0.006896 0.006319 0.005593 0.004715 0.003690 0.002538 0.001294 0.000000 
50.000000 42.761222 35.760670 29.213069 23.290002 18.107106 13.719562 10.125628 7.276528 5.090091 3.465396 2.296065 1.480667 0.929593 0.568505 0.339031 0.197537 0.112854 0.063642 0.035860 0.020619 0.012490 0.008273 0.006144 0.005099 0.004598 0.004365 0.004259 0.004212 0.004191 0.004182 0.004177 0.004173 0.004168 0.004159 0.004146 0.004123 0.004088 0.004032 0.003950 0.003832 0.003666 0.003443 0.003153 0.002790 0.002351 0.001839 0.001264 0.000644 0.000000 
50.000000 42.760928 35.760093 29.212226 23.288919 18.105814 13.718092 10.124013 7.274798 5.088273 3.463512 2.294134 1.478704 0.927607 0.566505 0.337022 0.195522 0.110836 0.061621 0.033839 0.018597 0.010467 0.006250 0.004122 0.003076 0.002576 0.002342 0.002236 0.002189 0.002169 0.002160 0.002156 0.002153 0.002150 0.002145 0.002138 0.002126 0.002107 0.002079 0.002036 0.001974 0.001888 0.001772 0.001622 0.001435 0.001208 0.000945 0.000649 0.000331 0.000000 
50.000000 42.760811 35.759861 29.211887 23.288484 18.105295 13.717501 10.123364 7.274102 5.087542 3.462756 2.293358 1.477915 0.926809 0.565701 0.336214 0.194712 0.110025 0.060810 0.033026 0.017784 0.009655 0.005438 0.003309 0.002263 0.001763 0.001530 0.001424 0.001377 0.001356 0.001347 0.001343 0.001341 0.001339 0.001336 0.001332 0.001324 0.001312 0.001294 0.001267 0.001228 0.001174 0.001102 0.001008 0.000891 0.000750 0.000586 0.000403 0.000205 0.000000 
50.000000 42.760811 35.759861 29.211887 23.288484 18.105295 13.717501 10.123364 7.274102 5.087542 3.462756 2.293358 1.477915 0.926809 0.565701 0.336214 0.194712 0.110025 0.060810 0.033026 0.017784 0.009655 0.005438 0.003309 0.002263 0.001763 0.001530 0.001424 0.001377 0.001356 0.001347 0.001343 0.001341 0.001339 0.001336 0.001332 0.001324 0.001312 0.001294 0.001267 0.001228 0.001174 0.001102 0.001008 0.000891 0.000750 0.000586 0.000403 0.000205 0.000000 
50.000000 42.760928 35.760093 29.212226 23.288919 18.105814 13.718092 10.124013 7.274798 5.088273 3.463512 2.294134 1.478704 0.927607 0.566505 0.337022 0.195522 0.110836 0.061621 0.033839 0.018597 0.010467 0.006250 0.004122 0.003076 0.002576 0.002342 0.002236 0.002189 0.002169 0.002160 0.002156 0.002153 0.002150 0.002145 0.002138 0.002126 0.002107 0.002079 0.002036 0.001974 0.001888 0.001772 0.001622 0.001435 0.001208 0.000945 0.000649 0.000331 0.000000 
50.000000 42.761222 35.760670 29.213069 23.290002 18.107106 13.719562 10.125628 7.276528 5.090091 3.465396 2.296065 1.480667 0.929593 0.568505 0.339031 0.197537 0.112854 0.063642 0.035860 0.020619 0.012490 0.008273 0.006144 0.005099 0.004598 0.004365 0.004259 0.004212 0.004191 0.004182 0.004177 0.004173 0.004168 0.004159 0.004146 0.004123 0.004088 0.004032 0.003950 0.003832 0.003666 0.003443 0.003153 0.002790 0.002351 0.001839 0.001264 0.000644 0.000000 
50.000000 42.761827 35.761860 29.214806 23.292234 18.109771 13.722592 10.128958 7.280095 5.093840 3.469280 2.300046 1.484716 0.933687 0.572629 0.343174 0.201691 0.117016 0.067807 0.040028 0.024788 0.016659 0.012443 0.010315 0.009269 0.008768 0.008535 0.008429 0.008382 0.008361 0.008351 0.008345 0.008338 0.008329 0.008313 0.008286 0.008242 0.008172 0.008064 0.007901 0.007667 0.007339 0.006896 0.006319 0.005593 0.004715 0.003690 0.002538 0.001294 0.000000 
50.000000 42.763004 35.764174 29.218184 23.296573 18.114952 13.728485 10.135433 7.287031 5.101130 3.476833 2.307787 1.492588 0.941648 0.580648 0.351230 0.209770 0.125108 0.075907 0.048132 0.032895 0.024767 0.020552 0.018424 0.017378 0.016878 0.016644 0.016538 0.016490 0.016469 0.016458 0.016449 0.016438 0.016420 0.016390 0.016339 0.016254 0.016118 0.015908 0.015593 0.015136 0.014495 0.013628 0.012494 0.011066 0.009333 0.007307 0.005029 0.002564 0.000000 
50.000000 42.765213 35.768520 29.224528 23.304724 18.124682 13.739552 10.147595 7.300060 5.114824 3.491019 2.322328 1.507377 0.956603 0.595712 0.366363 0.224946 0.140309 0.091123 0.063356 0.048123 0.039999 0.035784 0.033657 0.032612 0.032111 0.031878 0.031771 0.031723 0.031700 0.031687 0.031674 0.031655 0.031622 0.031566 0.031470 0.031310 0.031055 0.030658 0.030061 0.029193 0.027971 0.026313 0.024139 0.021394 0.018055 0.014143 0.009738 0.004966 0.000000 
50.000000 42.769242 35.776445 29.236095 23.319585 18.142425 13.759733 10.169771 7.323817 5.139793 3.516889 2.348844 1.534344 0.983874 0.623182 0.393960 0.252620 0.168030 0.118871 0.091120 0.075895 0.067775 0.063562 0.061436 0.060391 0.059891 0.059658 0.059551 0.059502 0.059477 0.059460 0.059439 0.059406 0.059347 0.059245 0.059070 0.058779 0.058312 0.057584 0.056484 0.054878 0.052613 0.049526 0.045469 0.040329 0.034059 0.026698 0.018390 0.009382 0.000000 
50.000000 42.776378 35.790481 29.256583 23.345910 18.173854 13.795480 10.209054 7.365902 5.184025 3.562716 2.395818 1.582116 1.032186 0.671848 0.442849 0.301647 0.217140 0.168028 0.140304 0.125094 0.116982 0.112774 0.110649 0.109606 0.109106 0.108872 0.108765 0.108714 0.108686 0.108662 0.108628 0.108571 0.108469 0.108289 0.107980 0.107466 0.106636 0.105338 0.103370 0.100487 0.096403 0.090817 0.083449 0.074081 0.062615 0.049120 0.033856 0.017279 0.000000 
50.000000 42.788655 35.814630 29.291835 23.391202 18.227929 13.856988 10.276646 7.438314 5.260135 3.641571 2.476648 1.664321 1.115320 0.755589 0.526976 0.386013 0.301647 0.252618 0.224940 0.209756 0.201657 0.197456 0.195335 0.194293 0.193794 0.193560 0.193451 0.193398 0.193365 0.193330 0.193276 0.193180 0.193007 0.192700 0.192173 0.191291 0.189862 0.187616 0.184200 0.179173 0.172022 0.162200 0.149187 0.132576 0.112171 0.088074 0.060749 0.031018 0.000000 
50.000000 42.809165 35.854975 29.350728 23.466870 18.318272 13.959748 10.389574 7.559299 5.387299 3.773323 2.611700 1.801673 1.254224 0.895510 0.667542 0.526976 0.442848 0.393957 0.366357 0.351215 0.343139 0.338950 0.336835 0.335796 0.335297 0.335063 0.334953 0.334896 0.334854 0.334803 0.334717 0.334561 0.334277 0.333771 0.332898 0.331433 0.329049 0.325287 0.319538 0.311037 0.298885 0.282110 0.259777 0.231133 0.195792 0.153899 0.106242 0.054276 0.000000 
50.000000 42.842425 35.920396 29.446227 23.589573 18.464772 14.126389 10.572705 7.755497 5.593520 3.986988 2.830719 2.024423 1.479494 1.122430 0.895510 0.755589 0.671847 0.623180 0.595706 0.580634 0.572595 0.568424 0.566319 0.565284 0.564787 0.564553 0.564440 0.564378 0.564324 0.564248 0.564115 0.563868 0.563417 0.562612 0.561215 0.558861 0.555013 0.548912 0.539542 0.525610 0.505584 0.477782 0.440555 0.392546 0.333002 0.262091 0.181123 0.092594 0.000000 
50.000000 42.894752 36.023326 29.596480 23.782628 18.695273 14.388580 10.860847 8.064203 5.918001 4.323185 3.175344 2.374922 1.833960 1.479494 1.254224 1.115320 1.032185 0.983872 0.956597 0.941634 0.933653 0.929512 0.927422 0.926394 0.925900 0.925666 0.925550 0.925479 0.925408 0.925298 0.925097 0.924721 0.924029 0.922791 0.920633 0.916980 0.910979 0.901414 0.886638 0.864538 0.832567 0.787890 0.727668 0.649493 0.551932 0.435096 0.301071 0.154045 0.000000 
50.000000 42.974601 36.180392 29.825761 24.077227 19.047017 14.788689 11.300562 8.535306 6.413183 4.836253 3.701279 2.909826 2.374922 2.024423 1.801673 1.664321 1.582116 1.534341 1.507371 1.492574 1.484682 1.480588 1.478520 1.477503 1.477014 1.476780 1.476660 1.476578 1.476484 1.476327 1.476034 1.475481 1.474460 1.472624 1.469410 1.463943 1.454913 1.440436 1.417930 1.384038 1.334652 1.265115 1.170651 1.047068 0.891680 0.704318 0.488156 0.250037 0.000000 
50.000000 43.092734 36.412768 30.164978 24.513084 19.567426 15.380661 11.951140 9.232333 7.145845 5.595386 4.479458 3.701279 3.175344 2.830719 2.611700 2.476648 2.395817 2.348842 2.322322 2.307773 2.300012 2.295986 2.293953 2.292952 2.292470 2.292236 2.292111 2.292016 2.291892 2.291675 2.291263 2.290481 2.289032 2.286413 2.281806 2.273930 2.260844 2.239729 2.206673 2.156511 2.082814 1.978131 1.834618 1.645113 1.404662 1.112274 0.772508 0.396233 0.000000 
50.000000 43.262126 36.745972 30.651387 25.138072 20.313661 16.229522 12.884051 10.231860 8.196483 6.683994 5.595386 4.836253 4.323185 3.986988 3.773323 3.641571 3.562715 3.516886 3.491014 3.476819 3.469248 3.465319 3.463336 3.462358 3.461886 3.461654 3.461523 3.461412 3.461253 3.460963 3.460407 3.459346 3.457371 3.453785 3.447446 3.436547 3.418323 3.388713 3.341997 3.270497 3.164460 3.012309 2.801465 2.519932 2.158709 1.714802 1.194196 0.613644 0.000000 
50.000000 43.497458 37.208885 31.327148 26.006366 21.350413 17.408867 14.180180 11.620557 9.656205 8.196483 7.145845 6.413183 5.918001 5.593520 5.387299 5.260135 5.184025 5.139791 5.114818 5.101117 5.093809 5.090017 5.088101 5.087157 5.086699 5.086470 5.086334 5.086205 5.086007 5.085636 5.084917 5.083539 5.080962 5.076261 5.067909 5.053463 5.029145 4.989334 4.925986 4.828102 4.681389 4.468399 4.169483 3.764958 3.238745 2.583383 1.805539 0.930089 0.000000 
50.000000 43.814126 37.831795 32.236476 27.174780 22.745524 18.995870 15.924353 13.489313 11.620557 10.231860 9.232333 8.535306 8.064203 7.755497 7.559299 7.438314 7.365901 7.323815 7.300055 7.287019 7.280065 7.276457 7.274634 7.273735 7.273296 7.273074 7.272933 7.272787 7.272549 7.272094 7.271206 7.269500 7.266292 7.260414 7.249913 7.231636 7.200654 7.149520 7.067400 6.939167 6.744657 6.458458 6.050770 5.490031 4.748052 3.808011 2.674484 1.382508 0.000000 
50.000000 44.226734 38.643428 33.421310 28.697207 24.563345 21.063744 18.197039 15.924353 14.180180 12.884051 11.951140 11.300562 10.860847 10.572705 10.389574 10.276646 10.209054 10.169769 10.147590 10.135421 10.128930 10.125561 10.123859 10.123019 10.122607 10.122394 10.122251 10.122090 10.121817 10.121287 10.120247 10.118238 10.114446 10.107464 10.094923 10.072957 10.035447 9.973009 9.871742 9.711781 9.465895 9.098519 8.565980 7.819054 6.809433 5.501631 3.890602 2.021400 0.000000 
50.000000 44.747169 39.667170 34.915788 30.617516 26.856265 23.672087 21.063744 18.995870 17.408867 16.229522 15.380661 14.788689 14.388580 14.126389 13.959748 13.856987 13.795480 13.759731 13.739548 13.728474 13.722566 13.719501 13.717951 13.717185 13.716809 13.716610 13.716469 13.716299 13.716001 13.715417 13.714266 13.712032 13.707801 13.699972 13.685833 13.660912 13.618037 13.546043 13.428058 13.239383 12.945100 12.497765 11.836043 10.885869 9.566879 7.808122 5.577003 2.920316 0.000000 
50.000000 45.382486 40.916896 36.740169 32.961739 29.655367 26.856265 24.563345 22.745524 21.350413 20.313661 19.567426 19.047017 18.695273 18.464772 18.318271 18.227929 18.173853 18.142424 18.124679 18.114942 18.109748 18.107052 18.105690 18.105015 18.104682 18.104503 18.104370 18.104200 18.103895 18.103292 18.102098 18.099774 18.095353 18.087138 18.072226 18.045780 17.999949 17.922312 17.793729 17.585455 17.255493 16.744292 15.970396 14.827683 13.188003 10.916879 7.914954 4.197743 0.000000 
50.000000 46.132929 42.393087 38.895155 35.730782 32.961739 30.617516 28.697207 27.174780 26.006366 25.138072 24.513084 24.077227 23.782628 23.589573 23.466870 23.391202 23.345909 23.319584 23.304721 23.296565 23.292215 23.289957 23.288815 23.288249 23.287969 23.287816 23.287697 23.287538 23.287249 23.286673 23.285528 23.283295 23.279031 23.271078 23.256570 23.230696 23.185547 23.108423 22.979363 22.767621 22.426728 21.887774 21.050638 19.773736 17.865391 15.087042 11.194657 6.070829 0.000000 
50.000000 46.990505 44.080021 41.357798 38.895155 36.740169 34.915788 33.421310 32.236476 31.327148 30.651387 30.164978 29.825761 29.596480 29.446227 29.350728 29.291835 29.256583 29.236094 29.224525 29.218177 29.214791 29.213033 29.212144 29.211704 29.211484 29.211363 29.211265 29.211131 29.210883 29.210387 29.209398 29.207464 29.203761 29.196830 29.184136 29.161384 29.121444 29.052704 28.936585 28.743765 28.428465 27.919679 27.107666 25.823290 23.808113 20.678899 15.916544 8.998050 0.000000 
50.000000 47.938473 45.944769 44.080021 42.393087 40.916896 39.667170 38.643428 37.831795 37.208885 36.745972 36.412768 36.180392 36.023326 35.920396 35.854975 35.814630 35.790480 35.776444 35.768519 35.764170 35.761850 35.760646 35.760037 35.759734 35.759584 35.759499 35.759430 35.759332 35.759150 35.758784 35.758055 35.756625 35.753882 35.748733 35.739274 35.722255 35.692236 35.640260 35.551776 35.403347 35.157311 34.752826 34.090168 33.001942 31.198430 28.163477 22.972384 14.095219 0.000000 
50.000000 48.951997 47.938473 46.990505 46.132929 45.382486 44.747169 44.226734 43.814126 43.497458 43.262126 43.092734 42.974601 42.894752 42.842425 42.809165 42.788655 42.776377 42.769241 42.765212 42.763001 42.761822 42.761210 42.760900 42.760746 42.760669 42.760626 42.760590 42.760539 42.760442 42.760248 42.759860 42.759099 42.757637 42.754889 42.749831 42.740707 42.724563 42.696501 42.648482 42.567369 42.431617 42.205334 41.826853 41.184743 40.062100 37.992455 33.843254 24.475999 0.000000 
50.000000 50.000000 50.000000 50.000000 50.000000 50.000000 50.000000 50.000000 50.000000 50.000000 50.000000 50.000000 50.000000 50.000000 50.000000 50.000000 50.000000 50.000000 50.000000 50.000000 50.000000 50.000000 50.000000 50.000000 50.000000 50.000000 50.000000 50.000000 50.000000 50.000000 50.000000 50.000000 50.000000 50.000000 50.000000 50.000000 50.000000 50.000000 50.000000 50.000000 50.000000 50.000000 50.000000 50.000000 50.000000 50.000000 50.000000 50.000000 50.000000 50.000000 
