50.000000 50.000000 50.000000 50.000000 50.000000 50.000000 50.000000 50.000000 50.000000 50.000000 50.000000 50.000000 50.000000 50.000000 50.000000 50.000000 50.000000 50.000000 50.000000 50.000000 50.000000 50.000000 50.000000 50.000000 50.000000 50.000000 50.000000 50.000000 50.000000 50.000000 50.000000 50.000000 50.000000 50.000000 50.000000 50.000000 50.000000 50.000000 50.000000 50.000000 50.000000 50.000000 50.000000 50.000000 50.000000 50.000000 50.000000 50.000000 50.000000 50.000000 
50.000000 48.318925 46.726515 45.297423 44.081972 43.101836 42.352004 41.807404 41.431583 41.184943 41.030864 40.939143 40.887060 40.858819 40.844179 40.836917 40.833465 40.831892 40.831203 40.830913 40.830796 40.830750 40.830733 40.830727 40.830725 40.830724 40.830724 40.830723 40.830722 40.830720 40.830713 40.830694 40.830644 40.830517 40.830206 40.829470 40.827781 40.824030 40.815958 40.799109 40.764920 40.697277 40.566191 40.315695 39.838904 38.921225 37.095274 33.223731 24.159463 0.000000 
50.000000 46.726515 43.625686 40.842890 38.476116 36.567567 35.107486 34.047043 33.315254 32.835008 32.534996 32.356406 32.254998 32.200010 32.171507 32.157367 32.150647 32.147584 32.146243 32.145679 32.145451 32.145362 32.145328 32.145316 32.145312 32.145310 32.145310 32.145309 32.145307 32.145303 32.145290 32.145255 32.145164 32.144934 32.144372 32.143041 32.139997 32.133257 32.118813 32.088827 32.028417 31.910084 31.684026 31.261164 30.482591 29.062893 26.484185 21.812843 13.502784 0.000000 
50.000000 45.297423 40.842890 36.845250 33.445273 30.703584 28.606157 27.082838 26.031644 25.341798 24.910855 24.654331 24.508673 24.429694 24.388755 24.368447 24.358795 24.354396 24.352470 24.351660 24.351333 24.351205 24.351157 24.351140 24.351133 24.351131 24.351130 24.351130 24.351127 24.351121 24.351105 24.351060 24.350944 24.350651 24.349935 24.348247 24.344400 24.335924 24.317874 24.280694 24.206562 24.063337 23.794819 23.305532 22.437689 20.938584 18.422625 14.358705 8.202149 0.000000 
50.000000 44.081972 38.476116 33.445273 29.166601 25.716387 23.076969 21.160047 19.837268 18.969213 18.426958 18.104184 17.920913 17.821542 17.770036 17.744486 17.732343 17.726809 17.724387 17.723368 17.722956 17.722795 17.722735 17.722713 17.722705 17.722702 17.722701 17.722700 17.722698 17.722692 17.722674 17.722626 17.722502 17.722189 17.721430 17.719645 17.715596 17.706731 17.687993 17.649757 17.574427 17.431115 17.167798 16.700599 15.900833 14.583300 12.506689 9.413223 5.160747 0.000000 
50.000000 43.101836 36.567567 30.703584 25.716387 21.694893 18.618496 16.384256 14.842545 13.830846 13.198877 12.822712 12.609134 12.493334 12.433315 12.403543 12.389394 12.382946 12.380124 12.378937 12.378457 12.378269 12.378199 12.378174 12.378165 12.378162 12.378160 12.378159 12.378157 12.378151 12.378134 12.378089 12.377972 12.377678 12.376967 12.375304 12.371553 12.363393 12.346286 12.311729 12.244490 12.118552 11.891657 11.498947 10.847447 9.815555 8.265896 6.084976 3.262932 0.000000 
50.000000 42.352004 35.107486 28.606157 23.076969 18.618496 15.207874 12.730954 11.021825 9.900292 9.199735 8.782758 8.546015 8.417661 8.351136 8.318140 8.302459 8.295312 8.292185 8.290870 8.290338 8.290130 8.290053 8.290024 8.290014 8.290011 8.290010 8.290009 8.290007 8.290002 8.289987 8.289949 8.289849 8.289599 8.288996 8.287595 8.284451 8.277662 8.263547 8.235320 8.181066 8.080950 7.903819 7.603937 7.119549 6.376370 5.300624 3.846322 2.036309 0.000000 
50.000000 41.807404 34.047043 27.082838 21.160047 16.384256 12.730954 10.077842 8.247178 7.045924 6.295590 5.848999 5.595451 5.457990 5.386748 5.351413 5.334622 5.326969 5.323621 5.322213 5.321643 5.321421 5.321338 5.321307 5.321297 5.321293 5.321292 5.321291 5.321289 5.321285 5.321274 5.321243 5.321165 5.320970 5.320501 5.319417 5.316999 5.311812 5.301117 5.279935 5.239690 5.166436 5.038921 4.827135 4.492599 3.992250 3.288018 2.363018 1.241213 0.000000 
50.000000 41.431583 33.315254 26.031644 19.837268 14.842545 11.021825 8.247178 6.332692 5.076463 4.291810 3.824805 3.559674 3.415939 3.341447 3.304501 3.286946 3.278945 3.275444 3.273972 3.273377 3.273144 3.273057 3.273026 3.273015 3.273011 3.273010 3.273009 3.273008 3.273005 3.272996 3.272974 3.272917 3.272776 3.272438 3.271659 3.269934 3.266258 3.258737 3.243978 3.216231 3.166346 3.080741 2.940875 2.723993 2.406153 1.968307 1.405170 0.734306 0.000000 
50.000000 41.184943 32.835008 25.341798 18.969213 13.830846 9.900292 7.045924 5.076463 3.784185 2.977033 2.496647 2.223925 2.076079 1.999459 1.961458 1.943402 1.935173 1.931573 1.930059 1.929446 1.929208 1.929118 1.929086 1.929074 1.929070 1.929069 1.929068 1.929068 1.929066 1.929060 1.929045 1.929006 1.928911 1.928683 1.928161 1.927011 1.924577 1.919632 1.910009 1.892093 1.860232 1.806234 1.719226 1.586356 1.394787 1.135236 0.806591 0.420023 0.000000 
50.000000 41.030864 32.534996 24.910855 18.426958 13.198877 9.199735 6.295590 4.291810 2.977033 2.155839 1.667105 1.389650 1.239240 1.161293 1.122635 1.104267 1.095896 1.092234 1.090694 1.090071 1.089828 1.089737 1.089704 1.089692 1.089688 1.089687 1.089686 1.089686 1.089684 1.089681 1.089671 1.089646 1.089586 1.089442 1.089113 1.088394 1.086879 1.083822 1.077920 1.067023 1.047833 1.015655 0.964415 0.887149 0.777202 0.630161 0.446169 0.231755 0.000000 
50.000000 40.939143 32.356406 24.654331 18.104184 12.822712 8.782758 5.848999 3.824805 2.496647 1.667105 1.173409 0.893140 0.741207 0.662472 0.623424 0.604871 0.596416 0.592717 0.591161 0.590532 0.590287 0.590195 0.590161 0.590150 0.590146 0.590144 0.590144 0.590143 0.590143 0.590140 0.590135 0.590120 0.590083 0.589998 0.589803 0.589378 0.588488 0.586704 0.583283 0.577014 0.566068 0.547882 0.519211 0.476426 0.416190 0.336457 0.237593 0.123185 0.000000 
50.000000 40.887060 32.254998 24.508673 17.920913 12.609134 8.546015 5.595451 3.559674 2.223925 1.389650 0.893140 0.611277 0.458481 0.379299 0.340030 0.321372 0.312870 0.309150 0.307586 0.306953 0.306706 0.306614 0.306580 0.306568 0.306564 0.306563 0.306563 0.306562 0.306562 0.306561 0.306557 0.306549 0.306528 0.306480 0.306371 0.306133 0.305638 0.304652 0.302771 0.299349 0.293416 0.283639 0.268352 0.245740 0.214181 0.172748 0.121741 0.063031 0.000000 
50.000000 40.858819 32.200010 24.429694 17.821542 12.493334 8.417661 5.457990 3.415939 2.076079 1.239240 0.741207 0.458481 0.305218 0.225795 0.186407 0.167692 0.159164 0.155433 0.153864 0.153229 0.152982 0.152889 0.152855 0.152843 0.152839 0.152838 0.152838 0.152838 0.152837 0.152837 0.152835 0.152830 0.152819 0.152793 0.152735 0.152609 0.152348 0.151829 0.150846 0.149068 0.146005 0.140992 0.133210 0.121782 0.105946 0.085294 0.060014 0.031038 0.000000 
50.000000 40.844179 32.171507 24.388755 17.770036 12.433315 8.351136 5.386748 3.341447 1.999459 1.161293 0.662472 0.379299 0.225795 0.146248 0.106797 0.088053 0.079512 0.075775 0.074204 0.073568 0.073320 0.073227 0.073194 0.073182 0.073178 0.073176 0.073176 0.073176 0.073176 0.073175 0.073174 0.073172 0.073166 0.073153 0.073124 0.073060 0.072929 0.072669 0.072179 0.071298 0.069788 0.067332 0.063542 0.058011 0.050391 0.040508 0.028466 0.014709 0.000000 
50.000000 40.836917 32.157367 24.368447 17.744486 12.403543 8.318140 5.351413 3.304501 1.961458 1.122635 0.623424 0.340030 0.186407 0.106797 0.067317 0.048558 0.040010 0.036270 0.034698 0.034062 0.033814 0.033721 0.033687 0.033675 0.033671 0.033670 0.033669 0.033669 0.033669 0.033669 0.033669 0.033667 0.033665 0.033658 0.033644 0.033613 0.033550 0.033426 0.033193 0.032775 0.032064 0.030912 0.029143 0.026576 0.023056 0.018512 0.012995 0.006711 0.000000 
50.000000 40.833465 32.150647 24.358795 17.732343 12.389394 8.302459 5.334622 3.286946 1.943402 1.104267 0.604871 0.321372 0.167692 0.088053 0.048558 0.029793 0.021242 0.017501 0.015927 0.015291 0.015043 0.014950 0.014916 0.014904 0.014900 0.014899 0.014899 0.014899 0.014899 0.014898 0.014898 0.014898 0.014896 0.014894 0.014887 0.014873 0.014844 0.014787 0.014681 0.014491 0.014170 0.013652 0.012860 0.011716 0.010154 0.008144 0.005713 0.002948 0.000000 
50.000000 40.831892 32.147584 24.354396 17.726809 12.382946 8.295312 5.326969 3.278945 1.935173 1.095896 0.596416 0.312870 0.159164 0.079512 0.040010 0.021242 0.012689 0.008948 0.007374 0.006738 0.006490 0.006396 0.006363 0.006351 0.006347 0.006346 0.006345 0.006345 0.006345 0.006345 0.006345 0.006345 0.006344 0.006343 0.006340 0.006334 0.006321 0.006296 0.006250 0.006167 0.006028 0.005804 0.005464 0.004974 0.004307 0.003452 0.002419 0.001248 0.000000 
50.000000 40.831203 32.146243 24.352470 17.724387 12.380124 8.292185 5.323621 3.275444 1.931573 1.092234 0.592717 0.309150 0.155433 0.075775 0.036270 0.017501 0.008948 0.005205 0.003632 0.002995 0.002747 0.002654 0.002620 0.002609 0.002605 0.002603 0.002603 0.002603 0.002603 0.002603 0.002603 0.002603 0.002602 0.002602 0.002601 0.002598 0.002593 0.002582 0.002563 0.002528 0.002470 0.002377 0.002237 0.002035 0.001760 0.001410 0.000988 0.000509 0.000000 
50.000000 40.830913 32.145679 24.351660 17.723368 12.378937 8.290870 5.322213 3.273972 1.930059 1.090694 0.591161 0.307586 0.153864 0.074204 0.034698 0.015927 0.007374 0.003632 0.002058 0.001422 0.001174 0.001081 0.001047 0.001035 0.001031 0.001030 0.001029 0.001029 0.001029 0.001029 0.001029 0.001029 0.001029 0.001029 0.001028 0.001027 0.001025 0.001021 0.001013 0.000999 0.000976 0.000939 0.000883 0.000803 0.000694 0.000556 0.000389 0.000200 0.000000 
50.000000 40.830796 32.145451 24.351333 17.722956 12.378457 8.290338 5.321643 3.273377 1.929447 1.090071 0.590532 0.306953 0.153229 0.073568 0.034062 0.015291 0.006738 0.002995 0.001422 0.000785 0.000537 0.000444 0.000410 0.000399 0.000395 0.000393 0.000393 0.000393 0.000393 0.000393 0.000393 0.000393 0.000393 0.000392 0.000392 0.000392 0.000391 0.000389 0.000386 0.000381 0.000372 0.000358 0.000336 0.000306 0.000264 0.000211 0.000148 0.000076 0.000000 
50.000000 40.830750 32.145362 24.351205 17.722795 12.378270 8.290130 5.321421 3.273145 1.929208 1.089828 0.590287 0.306706 0.152982 0.073320 0.033814 0.015043 0.006490 0.002747 0.001174 0.000537 0.000289 0.000196 0.000162 0.000151 0.000147 0.000145 0.000145 0.000145 0.000145 0.000145 0.000145 0.000145 0.000145 0.000145 0.000145 0.000144 0.000144 0.000143 0.000142 0.000140 0.000137 0.000132 0.000124 0.000112 0.000097 0.000078 0.000054 0.000028 0.000000 
50.000000 40.830733 32.145328 24.351157 17.722735 12.378199 8.290053 5.321338 3.273057 1.929118 1.089737 0.590195 0.306614 0.152889 0.073227 0.033721 0.014950 0.006397 0.002654 0.001081 0.000444 0.000196 0.000103 0.000069 0.000058 0.000054 0.000052 0.000052 0.000052 0.000052 0.000052 0.000052 0.000052 0.000052 0.000052 0.000052 0.000052 0.000051 0.000051 0.000051 0.000050 0.000049 0.000047 0.000044 0.000040 0.000035 0.000028 0.000019 0.000010 0.000000 
50.000000 40.830727 32.145316 24.351140 17.722713 12.378174 8.290025 5.321308 3.273026 1.929086 1.089704 0.590162 0.306581 0.152856 0.073194 0.033688 0.014917 0.006363 0.002621 0.001047 0.000411 0.000163 0.000070 0.000036 0.000024 0.000020 0.000019 0.000018 0.000018 0.000018 0.000018 0.000018 0.000018 0.000018 0.000018 0.000018 0.000018 0.000018 0.000018 0.000018 0.000018 0.000017 0.000017 0.000016 0.000014 0.000012 0.000010 0.000007 0.000004 0.000000 
50.000000 40.830725 32.145313 24.351134 17.722706 12.378166 8.290016 5.321298 3.273016 1.929076 1.089694 0.590151 0.306570 0.152845 0.073184 0.033677 0.014906 0.006353 0.002611 0.001037 0.000400 0.000152 0.000059 0.000025 0.000014 0.000010 0.000008 0.000008 0.000008 0.000008 0.000008 0.000008 0.000008 0.000008 0.000008 0.000008 0.000008 0.000008 0.000008 0.000008 0.000008 0.000007 0.000007 0.000007 0.000006 0.000005 0.000004 0.000003 0.000001 0.000000 
50.000000 40.830725 32.145313 24.351134 17.722706 12.378166 8.290016 5.321298 3.273016 1.929076 1.089694 0.590151 0.306570 0.152845 0.073184 0.033677 0.014906 0.006353 0.002611 0.001037 0.000400 0.000152 0.000059 0.000025 0.000014 0.000010 0.000008 0.000008 0.000008 0.000008 0.000008 0.000008 0.000008 0.000008 0.000008 0.000008 0.000008 0.000008 0.000008 0.000008 0.000008 0.000007 0.000007 0.000007 0.000006 0.000005 0.000004 0.000003 0.000001 0.000000 
50.000000 40.830727 32.145316 24.351140 17.722713 12.378174 8.290025 5.321308 3.273026 1.929086 1.089704 0.590162 0.306581 0.152856 0.073194 0.033688 0.014917 0.006363 0.002621 0.001047 0.000411 0.000163 0.000070 0.000036 0.000024 0.000020 0.000019 0.000018 0.000018 0.000018 0.000018 0.000018 0.000018 0.000018 0.000018 0.000018 0.000018 0.000018 0.000018 0.000018 0.000018 0.000017 0.000017 0.000016 0.000014 0.000012 0.000010 0.000007 0.000004 0.000000 
50.000000 40.830733 32.145328 24.351157 17.722735 12.378199 8.290053 5.321338 3.273057 1.929118 1.089737 0.590195 0.306614 0.152889 0.073227 0.033721 0.014950 0.006397 0.002654 0.001081 0.000444 0.000196 0.000103 0.000069 0.000058 0.000054 0.000052 0.000052 0.000052 0.000052 0.000052 0.000052 0.000052 0.000052 0.000052 0.000052 0.000052 0.000051 0.000051 0.000051 0.000050 0.000049 0.000047 0.000044 0.000040 0.000035 0.000028 0.000019 0.000010 0.000000 
50.000000 40.830750 32.145362 24.351205 17.722795 12.378270 8.290130 5.321421 3.273145 1.929208 1.089828 0.590287 0.306706 0.152982 0.073320 0.033814 0.015043 0.006490 0.002747 0.001174 0.000537 0.000289 0.000196 0.000162 0.000151 0.000147 0.000145 0.000145 0.000145 0.000145 0.000145 0.000145 0.000145 0.000145 0.000145 0.000145 0.000144 0.000144 0.000143 0.000142 0.000140 0.000137 0.000132 0.000124 0.000112 0.000097 0.000078 0.000054 0.000028 0.000000 
50.000000 40.830796 32.145451 24.351333 17.722956 12.378457 8.290338 5.321643 3.273377 1.929447 1.090071 0.590532 0.306953 0.153229 0.073568 0.034062 0.015291 0.006738 0.002995 0.001422 0.000785 0.000537 0.000444 0.000410 0.000399 0.000395 0.000393 0.000393 0.000393 0.000393 0.000393 0.000393 0.000393 0.000393 0.000392 0.000392 0.000392 0.000391 0.000389 0.000386 0.000381 0.000372 0.000358 0.000336 0.000306 0.000264 0.000211 0.000148 0.000076 0.000000 
50.000000 40.830913 32.145679 24.351660 17.723368 12.378937 8.290870 5.322213 3.273972 1.930059 1.090694 0.591161 0.307586 0.153864 0.074204 0.034698 0.015927 0.007374 0.003632 0.002058 0.001422 0.001174 0.001081 0.001047 0.001035 0.001031 0.001030 0.001029 0.001029 0.001029 0.001029 0.001029 0.001029 0.001029 0.001029 0.001028 0.001027 0.001025 0.001021 0.001013 0.000999 0.000976 0.000939 0.000883 0.000803 0.000694 0.000556 0.000389 0.000200 0.000000 
50.000000 40.831203 32.146243 24.352470 17.724387 12.380124 8.292185 5.323621 3.275444 1.931573 1.092234 0.592717 0.309150 0.155433 0.075775 0.036270 0.017501 0.008948 0.005205 0.003632 0.002995 0.002747 0.002654 0.002620 0.002609 0.002605 0.002603 0.002603 0.002603 0.002603 0.002603 0.002603 0.002603 0.002602 0.002602 0.002601 0.002598 0.002593 0.002582 0.002563 0.002528 0.002470 0.002377 0.002237 0.002035 0.001760 0.001410 0.000988 0.000509 0.000000 
50.000000 40.831892 32.147584 24.354396 17.726809 12.382946 8.295312 5.326969 3.278945 1.935173 1.095896 0.596416 0.312870 0.159164 0.079512 0.040010 0.021242 0.012689 0.008948 0.007374 0.006738 0.006490 0.006396 0.006363 0.006351 0.006347 0.006346 0.006345 0.006345 0.006345 0.006345 0.006345 0.006345 0.006344 0.006343 0.006340 0.006334 0.006321 0.006296 0.006250 0.006167 0.006028 0.005804 0.005464 0.004974 0.004307 0.003452 0.002419 0.001248 0.000000 
50.000000 40.833465 32.150647 24.358795 17.732343 12.389394 8.302459 5.334622 3.286946 1.943402 1.104267 0.604871 0.321372 0.167692 0.088053 0.048558 0.029793 0.021242 0.017501 0.015927 0.015291 0.015043 0.014950 0.014916 0.014904 0.014900 0.014899 0.014899 0.014899 0.014899 0.014898 0.014898 0.014898 0.014896 0.014894 0.014887 0.014873 0.014844 0.014787 0.014681 0.014491 0.014170 0.013652 0.012860 0.011716 0.010154 0.008144 0.005713 0.002948 0.000000 
50.000000 40.836917 32.157367 24.368447 17.744486 12.403543 8.318140 5.351413 3.304501 1.961458 1.122635 0.623424 0.340030 0.186407 0.106797 0.067317 0.048558 0.040010 0.036270 0.034698 0.034062 0.033814 0.033721 0.033687 0.033675 0.033671 0.033670 0.033669 0.033669 0.033669 0.033669 0.033669 0.033667 0.033665 0.033658 0.033644 0.033613 0.033550 0.033426 0.033193 0.032775 0.032064 0.030912 0.029143 0.026576 0.023056 0.018512 0.012995 0.006711 0.000000 
50.000000 40.844179 32.171507 24.388755 17.770036 12.433315 8.351136 5.386748 3.341447 1.999459 1.161293 0.662472 0.379299 0.225795 0.146248 0.106797 0.088053 0.079512 0.075775 0.074204 0.073568 0.073320 0.073227 0.073194 0.073182 0.073178 0.073176 0.073176 0.073176 0.073176 0.073175 0.073174 0.073172 0.073166 0.073153 0.073124 0.073060 0.072929 0.072669 0.072179 0.071298 0.069788 0.067332 0.063542 0.058011 0.050391 0.040508 0.028466 0.014709 0.000000 
50.000000 40.858819 32.200010 24.429694 17.821542 12.493334 8.417661 5.457990 3.415939 2.076079 1.239240 0.741207 0.458481 0.305218 0.225795 0.186407 0.167692 0.159164 0.155433 0.153864 0.153229 0.152982 0.152889 0.152855 0.152843 0.152839 0.152838 0.152838 0.152838 0.152837 0.152837 0.152835 0.152830 0.152819 0.152793 0.152735 0.152609 0.152348 0.151829 0.150846 0.149068 0.146005 0.140992 0.133210 0.121782 0.105946 0.085294 0.060014 0.031038 0.000000 
50.000000 40.887060 32.254998 24.508673 17.920913 12.609134 8.546015 5.595451 3.559674 2.223925 1.389650 0.893140 0.611277 0.458481 0.379299 0.340030 0.321372 0.312870 0.309150 0.307586 0.306953 0.306706 0.306614 0.306580 0.306568 0.306564 0.306563 0.306563 0.306562 0.306562 0.306561 0.306557 0.306549 0.306528 0.306480 0.306371 0.306133 0.305638 0.304652 0.302771 0.299349 0.293416 0.283639 0.268352 0.245740 0.214181 0.172748 0.121741 0.063031 0.000000 
50.000000 40.939143 32.356406 24.654331 18.104184 12.822712 8.782758 5.848999 3.824805 2.496647 1.667105 1.173409 0.893140 0.741207 0.662472 0.623424 0.604871 0.596416 0.592717 0.591161 0.590532 0.590287 0.590195 0.590161 0.590150 0.590146 0.590144 0.590144 0.590143 0.590143 0.590140 0.590135 0.590120 0.590083 0.589998 0.589803 0.589378 0.588488 0.586704 0.583283 0.577014 0.566068 0.547882 0.519211 0.476426 0.416190 0.336457 0.237593 0.123185 0.000000 
50.000000 41.030864 32.534996 24.910855 18.426958 13.198877 9.199735 6.295590 4.291810 2.977033 2.155839 1.667105 1.389650 1.239240 1.161293 1.122635 1.104267 1.095896 1.092234 1.090694 1.090071 1.089828 1.089737 1.089704 1.089692 1.089688 1.089687 1.089686 1.089686 1.089684 1.089681 1.089671 1.089646 1.089586 1.089442 1.089113 1.088394 1.086879 1.083822 1.077920 1.067023 1.047833 1.015655 0.964415 0.887149 0.777202 0.630161 0.446169 0.231755 0.000000 
50.000000 41.184943 32.835008 25.341798 18.969213 13.830846 9.900292 7.045924 5.076463 3.784185 2.977033 2.496647 2.223925 2.076079 1.999459 1.961458 1.943402 1.935173 1.931573 1.930059 1.929446 1.929208 1.929118 1.929086 1.929074 1.929070 1.929069 1.929068 1.929068 1.929066 1.929060 1.929045 1.929006 1.928911 1.928683 1.928161 1.927011 1.924577 1.919632 1.910009 1.892093 1.860232 1.806234 1.719226 1.586356 1.394787 1.135236 0.806591 0.420023 0.000000 
50.000000 41.431583 33.315254 26.031644 19.837268 14.842545 11.021825 8.247178 6.332692 5.076463 4.291810 3.824805 3.559674 3.415939 3.341447 3.304501 3.286946 3.278945 3.275444 3.273972 3.273377 3.273144 3.273057 3.273026 3.273015 3.273011 3.273010 3.273009 3.273008 3.273005 3.272996 3.272974 3.272917 3.272776 3.272438 3.271659 3.269934 3.266258 3.258737 3.243978 3.216231 3.166346 3.080741 2.940875 2.723993 2.406153 1.968307 1.405170 0.734306 0.000000 
50.000000 41.807404 34.047043 27.082838 21.160047 16.384256 12.730954 10.077842 8.247178 7.045924 6.295590 5.848999 5.595451 5.457990 5.386748 5.351413 5.334622 5.326969 5.323621 5.322213 5.321643 5.321421 5.321338 5.321307 5.321297 5.321293 5.321292 5.321291 5.321289 5.321285 5.321274 5.321243 5.321165 5.320970 5.320501 5.319417 5.316999 5.311812 5.301117 5.279935 5.239690 5.166436 5.038921 4.827135 4.492599 3.992250 3.288018 2.363018 1.241213 0.000000 
50.000000 42.352004 35.107486 28.606157 23.076969 18.618496 15.207874 12.730954 11.021825 9.900292 9.199735 8.782758 8.546015 8.417661 8.351136 8.318140 8.302459 8.295312 8.292185 8.290870 8.290338 8.290130 8.290053 8.290024 8.290014 8.290011 8.290010 8.290009 8.290007 8.290002 8.289987 8.289949 8.289849 8.289599 8.288996 8.287595 8.284451 8.277662 8.263547 8.235320 8.181066 8.080950 7.903819 7.603937 7.119549 6.376370 5.300624 3.846322 2.036309 0.000000 
50.000000 43.101836 36.567567 30.703584 25.716387 21.694893 18.618496 16.384256 14.842545 13.830846 13.198877 12.822712 12.609134 12.493334 12.433315 12.403543 12.389394 12.382946 12.380124 12.378937 12.378457 12.378269 12.378199 12.378174 12.378165 12.378162 12.378160 12.378159 12.378157 12.378151 12.378134 12.378089 12.377972 12.377678 12.376967 12.375304 12.371553 12.363393 12.346286 12.311729 12.244490 12.118552 11.891657 11.498947 10.847447 9.815555 8.265896 6.084976 3.262932 0.000000 
50.000000 44.081972 38.476116 33.445273 29.166601 25.716387 23.076969 21.160047 19.837268 18.969213 18.426958 18.104184 17.920913 17.821542 17.770036 17.744486 17.732343 17.726809 17.724387 17.723368 17.722956 17.722795 17.722735 17.722713 17.722705 17.722702 17.722701 17.722700 17.722698 17.722692 17.722674 17.722626 17.722502 17.722189 17.721430 17.719645 17.715596 17.706731 17.687993 17.649757 17.574427 17.431115 17.167798 16.700599 15.900833 14.583300 12.506689 9.413223 5.160747 0.000000 
50.000000 45.297423 40.842890 36.845250 33.445273 30.703584 28.606157 27.082838 26.031644 25.341798 24.910855 24.654331 24.508673 24.429694 24.388755 24.368447 24.358795 24.354396 24.352470 24.351660 24.351333 24.351205 24.351157 24.351140 24.351133 24.351131 24.351130 24.351130 24.351127 24.351121 24.351105 24.351060 24.350944 24.350651 24.349935 24.348247 24.344400 24.335924 24.317874 24.280694 24.206562 24.063337 23.794819 23.305532 22.437689 20.938584 18.422625 14.358705 8.202149 0.000000 
50.000000 46.726515 43.625686 40.842890 38.476116 36.567567 35.107486 34.047043 33.315254 32.835008 32.534996 32.356406 32.254998 32.200010 32.171507 32.157367 32.150647 32.147584 32.146243 32.145679 32.145451 32.145362 32.145328 32.145316 32.145312 32.145310 32.145310 32.145309 32.145307 32.145303 32.145290 32.145255 32.145164 32.144934 32.144372 32.143041 32.139997 32.133257 32.118813 32.088827 32.028417 31.910084 31.684026 31.261164 30.482591 29.062893 26.484185 21.812843 13.502784 0.000000 
50.000000 48.318925 46.726515 45.297423 44.081972 43.101836 42.352004 41.807404 41.431583 41.184943 41.030864 40.939143 40.887060 40.858819 40.844179 40.836917 40.833465 40.831892 40.831203 40.830913 40.830796 40.830750 40.830733 40.830727 40.830725 40.830724 40.830724 40.830723 40.830722 40.830720 40.830713 40.830694 40.830644 40.830517 40.830206 40.829470 40.827781 40.824030 40.815958 40.799109 40.764920 40.697277 40.566191 40.315695 39.838904 38.921225 37.095274 33.223731 24.159463 0.000000 
50.000000 50.000000 50.000000 50.000000 50.000000 50.000000 50.000000 50.000000 50.000000 50.000000 50.000000 50.000000 50.000000 50.000000 50.000000 50.000000 50.000000 50.000000 50.000000 50.000000 50.000000 50.000000 50.000000 50.000000 50.000000 50.000000 50.000000 50.000000 50.000000 50.000000 50.000000 50.000000 50.000000 50.000000 50.000000 50.000000 50.000000 50.000000 50.000000 50.000000 50.000000 50.000000 50.000000 50.000000 50.000000 50.000000 50.000000 50.000000 50.000000 50.000000 
