50.000000 50.000000 50.000000 50.000000 50.000000 50.000000 50.000000 50.000000 50.000000 50.000000 50.000000 50.000000 50.000000 50.000000 50.000000 50.000000 50.000000 50.000000 50.000000 50.000000 50.000000 50.000000 50.000000 50.000000 50.000000 50.000000 50.000000 50.000000 50.000000 50.000000 50.000000 50.000000 50.000000 50.000000 50.000000 50.000000 50.000000 50.000000 50.000000 50.000000 50.000000 50.000000 50.000000 50.000000 50.000000 50.000000 50.000000 50.000000 50.000000 50.000000 
50.000000 48.336491 46.759805 45.343188 44.136270 43.160800 42.412442 41.867106 41.489343 41.240368 41.084096 40.990593 40.937206 40.908087 40.892899 40.885315 40.881686 40.880020 40.879286 40.878974 40.878847 40.878798 40.878779 40.878772 40.878769 40.878768 40.878768 40.878768 40.878767 40.878764 40.878756 40.878735 40.878682 40.878546 40.878217 40.877442 40.875674 40.871772 40.863423 40.846087 40.811082 40.742136 40.609069 40.355710 39.874982 38.952166 37.119853 33.240836 24.168246 0.000000 
50.000000 46.759805 43.688728 40.929443 38.578620 36.678621 35.220995 34.158819 33.423038 32.938108 32.633740 32.451629 32.347651 32.290939 32.261359 32.246590 32.239522 32.236278 32.234847 32.234241 32.233994 32.233897 32.233860 32.233846 32.233842 32.233840 32.233839 32.233838 32.233837 32.233832 32.233818 32.233780 32.233682 32.233436 32.232840 32.231437 32.228248 32.221230 32.206275 32.175391 32.113479 31.992745 31.763037 31.334898 30.549073 29.119909 26.529478 21.844364 13.518969 0.000000 
50.000000 45.343188 40.929443 36.963824 33.585267 30.854650 28.759822 27.233335 26.175938 25.479053 25.041659 24.779960 24.630544 24.549052 24.506548 24.485326 24.475171 24.470509 24.468454 24.467583 24.467228 24.467088 24.467035 24.467016 24.467009 24.467007 24.467006 24.467005 24.467002 24.466996 24.466978 24.466929 24.466804 24.466490 24.465730 24.463948 24.459911 24.451072 24.432353 24.393998 24.317900 24.171533 23.898240 23.402047 22.524711 21.013217 18.481912 14.399965 8.223335 0.000000 
50.000000 44.136270 38.578620 33.585267 29.331157 25.892942 23.255309 21.333317 20.001980 19.124572 18.573889 18.244416 18.056310 17.953719 17.900213 17.873498 17.860715 17.854847 17.852260 17.851164 17.850717 17.850541 17.850475 17.850451 17.850442 17.850439 17.850438 17.850437 17.850434 17.850427 17.850408 17.850356 17.850222 17.849886 17.849077 17.847188 17.842932 17.833666 17.814191 17.774661 17.697163 17.550390 17.281809 16.806998 15.996769 14.665579 12.572050 9.458711 5.184104 0.000000 
50.000000 43.160800 36.678621 30.854650 25.892942 21.882892 18.806625 16.565053 15.012383 13.989132 13.346931 12.962716 12.743362 12.623733 12.561343 12.530194 12.515290 12.508449 12.505433 12.504155 12.503634 12.503429 12.503351 12.503323 12.503313 12.503310 12.503308 12.503307 12.503305 12.503298 12.503279 12.503230 12.503103 12.502788 12.502028 12.500263 12.496308 12.487756 12.469928 12.434104 12.364742 12.235414 12.003363 11.603197 10.941446 9.896173 8.329939 6.129548 3.285818 0.000000 
50.000000 42.412442 35.220995 28.759822 23.255309 18.806625 15.393924 12.907252 11.184849 10.049768 9.337403 8.911222 8.667919 8.535233 8.466036 8.431489 8.414960 8.407374 8.404029 8.402612 8.402034 8.401807 8.401721 8.401690 8.401679 8.401675 8.401674 8.401672 8.401670 8.401664 8.401649 8.401606 8.401498 8.401228 8.400583 8.399090 8.395766 8.388627 8.373869 8.344512 8.288365 8.185225 8.003496 7.696962 7.203429 6.448311 5.357775 3.886097 2.056732 0.000000 
50.000000 41.867106 34.158819 27.233335 21.333317 16.565053 12.907252 10.242039 8.396009 7.179487 6.416031 5.959298 5.698560 5.556372 5.482221 5.445203 5.427493 5.419364 5.415781 5.414263 5.413643 5.413400 5.413308 5.413275 5.413263 5.413259 5.413257 5.413256 5.413254 5.413250 5.413237 5.413204 5.413118 5.412907 5.412403 5.411244 5.408676 5.403202 5.391978 5.369866 5.328064 5.252321 5.121019 4.903756 4.561689 4.051507 3.335095 2.395781 1.258037 0.000000 
50.000000 41.489343 33.423038 26.175938 20.001980 15.012383 11.184849 8.396009 6.464387 5.191490 4.392673 3.914798 3.641999 3.493237 3.415661 3.376934 3.358407 3.349903 3.346155 3.344567 3.343919 3.343665 3.343569 3.343534 3.343521 3.343517 3.343515 3.343515 3.343513 3.343510 3.343501 3.343476 3.343414 3.343260 3.342895 3.342060 3.340220 3.336324 3.328398 3.312926 3.283986 3.232194 3.143688 2.999623 2.776968 2.451590 2.004405 1.430293 0.747207 0.000000 
50.000000 41.240368 32.938108 25.479053 19.124572 13.989132 10.049768 7.179487 5.191490 3.881465 3.059365 2.567572 2.286835 2.133747 2.053918 2.014068 1.995003 1.986254 1.982397 1.980763 1.980097 1.979835 1.979736 1.979700 1.979687 1.979683 1.979681 1.979680 1.979680 1.979677 1.979671 1.979654 1.979612 1.979507 1.979260 1.978698 1.977466 1.974873 1.969638 1.959505 1.940732 1.907504 1.851423 1.761403 1.624389 1.427409 1.161153 0.824630 0.429286 0.000000 
50.000000 41.084096 32.633740 25.041659 18.573889 13.346931 9.337403 6.416031 4.392673 3.059365 2.222667 1.722150 1.436438 1.280641 1.199400 1.158846 1.139445 1.130541 1.126617 1.124954 1.124276 1.124010 1.123909 1.123873 1.123860 1.123855 1.123854 1.123853 1.123852 1.123851 1.123847 1.123836 1.123809 1.123742 1.123585 1.123229 1.122454 1.120833 1.117581 1.111334 1.099860 1.079747 1.046165 0.992891 0.912828 0.799228 0.647661 0.458349 0.238009 0.000000 
50.000000 40.990593 32.451629 24.779960 18.244416 12.962716 8.911222 5.959298 3.914798 2.567572 1.722150 1.216421 0.927736 0.770321 0.688238 0.647263 0.627662 0.618666 0.614702 0.613022 0.612337 0.612068 0.611966 0.611929 0.611916 0.611911 0.611910 0.611909 0.611909 0.611908 0.611905 0.611899 0.611883 0.611842 0.611748 0.611536 0.611076 0.610119 0.608210 0.604570 0.597934 0.586400 0.567320 0.537353 0.492787 0.430225 0.347607 0.245354 0.127170 0.000000 
50.000000 40.937206 32.347651 24.630544 18.056310 12.743362 8.667919 5.698560 3.641999 2.286835 1.436438 0.927736 0.637358 0.479021 0.396458 0.355244 0.335529 0.326481 0.322493 0.320804 0.320115 0.319844 0.319742 0.319704 0.319691 0.319687 0.319685 0.319685 0.319684 0.319684 0.319682 0.319679 0.319669 0.319646 0.319593 0.319473 0.319215 0.318679 0.317617 0.315605 0.311961 0.305675 0.295358 0.279292 0.255606 0.222644 0.179472 0.126421 0.065434 0.000000 
50.000000 40.908087 32.290939 24.549052 17.953719 12.623733 8.535233 5.556372 3.493237 2.133747 1.280641 0.770321 0.479021 0.320182 0.237357 0.196014 0.176236 0.167160 0.163160 0.161465 0.160774 0.160503 0.160400 0.160362 0.160349 0.160345 0.160343 0.160343 0.160342 0.160342 0.160341 0.160339 0.160334 0.160322 0.160293 0.160229 0.160091 0.159806 0.159245 0.158186 0.156282 0.153017 0.147695 0.139467 0.127426 0.110787 0.089141 0.062691 0.032413 0.000000 
50.000000 40.892899 32.261359 24.506548 17.900213 12.561343 8.466036 5.482221 3.415661 2.053918 1.199400 0.688238 0.396458 0.237357 0.154397 0.112986 0.093176 0.084085 0.080079 0.078381 0.077689 0.077417 0.077314 0.077277 0.077263 0.077259 0.077257 0.077257 0.077257 0.077257 0.077256 0.077255 0.077252 0.077246 0.077231 0.077199 0.077129 0.076984 0.076702 0.076171 0.075221 0.073601 0.070977 0.066945 0.061080 0.053024 0.042600 0.029922 0.015457 0.000000 
50.000000 40.885315 32.246590 24.485326 17.873498 12.530194 8.431489 5.445203 3.376934 2.014068 1.158846 0.647263 0.355244 0.196014 0.112986 0.071541 0.051716 0.042617 0.038607 0.036908 0.036216 0.035944 0.035841 0.035803 0.035790 0.035785 0.035784 0.035783 0.035783 0.035783 0.035783 0.035782 0.035781 0.035778 0.035771 0.035755 0.035721 0.035651 0.035515 0.035261 0.034808 0.034039 0.032800 0.030906 0.028166 0.024421 0.019596 0.013750 0.007098 0.000000 
50.000000 40.881686 32.239522 24.475171 17.860715 12.515290 8.414960 5.427493 3.358407 1.995003 1.139445 0.627662 0.335529 0.176236 0.093176 0.051716 0.031882 0.022780 0.018769 0.017069 0.016376 0.016104 0.016001 0.015963 0.015950 0.015946 0.015944 0.015944 0.015944 0.015943 0.015943 0.015943 0.015942 0.015941 0.015938 0.015930 0.015914 0.015882 0.015820 0.015703 0.015496 0.015147 0.014586 0.013732 0.012502 0.010828 0.008680 0.006086 0.003140 0.000000 
50.000000 40.880020 32.236278 24.470509 17.854847 12.508449 8.407374 5.419364 3.349903 1.986254 1.130541 0.618666 0.326481 0.167160 0.084085 0.042617 0.022780 0.013677 0.009664 0.007965 0.007272 0.006999 0.006896 0.006859 0.006845 0.006841 0.006839 0.006839 0.006839 0.006839 0.006839 0.006839 0.006838 0.006838 0.006836 0.006833 0.006826 0.006812 0.006784 0.006733 0.006642 0.006489 0.006246 0.005876 0.005345 0.004626 0.003705 0.002596 0.001339 0.000000 
50.000000 40.879286 32.234847 24.468454 17.852260 12.505433 8.404029 5.415781 3.346155 1.982397 1.126617 0.614702 0.322493 0.163160 0.080079 0.038607 0.018769 0.009664 0.005652 0.003952 0.003259 0.002987 0.002884 0.002846 0.002833 0.002828 0.002827 0.002826 0.002826 0.002826 0.002826 0.002826 0.002826 0.002826 0.002825 0.002824 0.002821 0.002815 0.002803 0.002781 0.002743 0.002679 0.002577 0.002423 0.002203 0.001905 0.001525 0.001067 0.000550 0.000000 
50.000000 40.878974 32.234241 24.467583 17.851164 12.504155 8.402612 5.414263 3.344567 1.980763 1.124954 0.613022 0.320804 0.161465 0.078381 0.036908 0.017069 0.007965 0.003952 0.002252 0.001559 0.001287 0.001184 0.001146 0.001133 0.001128 0.001127 0.001126 0.001126 0.001126 0.001126 0.001126 0.001126 0.001126 0.001126 0.001125 0.001124 0.001121 0.001117 0.001108 0.001092 0.001066 0.001025 0.000964 0.000875 0.000757 0.000605 0.000424 0.000218 0.000000 
50.000000 40.878847 32.233994 24.467228 17.850717 12.503634 8.402034 5.413644 3.343919 1.980097 1.124276 0.612337 0.320115 0.160774 0.077689 0.036216 0.016376 0.007272 0.003259 0.001559 0.000866 0.000594 0.000491 0.000453 0.000440 0.000435 0.000434 0.000433 0.000433 0.000433 0.000433 0.000433 0.000433 0.000433 0.000433 0.000433 0.000432 0.000431 0.000429 0.000426 0.000420 0.000410 0.000394 0.000370 0.000336 0.000290 0.000232 0.000162 0.000084 0.000000 
50.000000 40.878798 32.233897 24.467088 17.850542 12.503429 8.401807 5.413400 3.343665 1.979835 1.124010 0.612068 0.319844 0.160503 0.077417 0.035944 0.016104 0.006999 0.002987 0.001287 0.000594 0.000321 0.000218 0.000181 0.000167 0.000163 0.000161 0.000161 0.000161 0.000161 0.000161 0.000161 0.000161 0.000161 0.000161 0.000161 0.000160 0.000160 0.000159 0.000158 0.000156 0.000152 0.000146 0.000137 0.000125 0.000107 0.000086 0.000060 0.000031 0.000000 
50.000000 40.878779 32.233860 24.467036 17.850475 12.503352 8.401722 5.413308 3.343569 1.979736 1.123910 0.611967 0.319742 0.160400 0.077315 0.035841 0.016001 0.006897 0.002884 0.001184 0.000491 0.000219 0.000116 0.000078 0.000065 0.000060 0.000059 0.000058 0.000058 0.000058 0.000058 0.000058 0.000058 0.000058 0.000058 0.000058 0.000058 0.000058 0.000057 0.000057 0.000056 0.000055 0.000053 0.000049 0.000045 0.000039 0.000031 0.000022 0.000011 0.000000 
50.000000 40.878772 32.233847 24.467016 17.850451 12.503324 8.401691 5.413275 3.343534 1.979701 1.123873 0.611930 0.319705 0.160363 0.077277 0.035804 0.015964 0.006859 0.002847 0.001147 0.000454 0.000181 0.000078 0.000041 0.000027 0.000023 0.000021 0.000021 0.000021 0.000021 0.000021 0.000021 0.000021 0.000021 0.000021 0.000021 0.000021 0.000021 0.000021 0.000020 0.000020 0.000020 0.000019 0.000018 0.000016 0.000014 0.000011 0.000008 0.000004 0.000000 
50.000000 40.878770 32.233842 24.467010 17.850443 12.503315 8.401681 5.413265 3.343523 1.979689 1.123862 0.611918 0.319693 0.160351 0.077266 0.035792 0.015952 0.006848 0.002835 0.001135 0.000442 0.000170 0.000067 0.000029 0.000016 0.000011 0.000010 0.000009 0.000009 0.000009 0.000009 0.000009 0.000009 0.000009 0.000009 0.000009 0.000009 0.000009 0.000009 0.000009 0.000009 0.000008 0.000008 0.000008 0.000007 0.000006 0.000005 0.000003 0.000002 0.000000 
50.000000 40.878770 32.233842 24.467010 17.850443 12.503315 8.401681 5.413265 3.343523 1.979689 1.123862 0.611918 0.319693 0.160351 0.077266 0.035792 0.015952 0.006848 0.002835 0.001135 0.000442 0.000170 0.000067 0.000029 0.000016 0.000011 0.000010 0.000009 0.000009 0.000009 0.000009 0.000009 0.000009 0.000009 0.000009 0.000009 0.000009 0.000009 0.000009 0.000009 0.000009 0.000008 0.000008 0.000008 0.000007 0.000006 0.000005 0.000003 0.000002 0.000000 
50.000000 40.878772 32.233847 24.467016 17.850451 12.503324 8.401691 5.413275 3.343534 1.979701 1.123873 0.611930 0.319705 0.160363 0.077277 0.035804 0.015964 0.006859 0.002847 0.001147 0.000454 0.000181 0.000078 0.000041 0.000027 0.000023 0.000021 0.000021 0.000021 0.000021 0.000021 0.000021 0.000021 0.000021 0.000021 0.000021 0.000021 0.000021 0.000021 0.000020 0.000020 0.000020 0.000019 0.000018 0.000016 0.000014 0.000011 0.000008 0.000004 0.000000 
50.000000 40.878779 32.233860 24.467036 17.850475 12.503352 8.401722 5.413308 3.343569 1.979736 1.123910 0.611967 0.319742 0.160400 0.077315 0.035841 0.016001 0.006897 0.002884 0.001184 0.000491 0.000219 0.000116 0.000078 0.000065 0.000060 0.000059 0.000058 0.000058 0.000058 0.000058 0.000058 0.000058 0.000058 0.000058 0.000058 0.000058 0.000058 0.000057 0.000057 0.000056 0.000055 0.000053 0.000049 0.000045 0.000039 0.000031 0.000022 0.000011 0.000000 
50.000000 40.878798 32.233897 24.467088 17.850542 12.503429 8.401807 5.413400 3.343665 1.979835 1.124010 0.612068 0.319844 0.160503 0.077417 0.035944 0.016104 0.006999 0.002987 0.001287 0.000594 0.000321 0.000218 0.000181 0.000167 0.000163 0.000161 0.000161 0.000161 0.000161 0.000161 0.000161 0.000161 0.000161 0.000161 0.000161 0.000160 0.000160 0.000159 0.000158 0.000156 0.000152 0.000146 0.000137 0.000125 0.000107 0.000086 0.000060 0.000031 0.000000 
50.000000 40.878847 32.233994 24.467228 17.850717 12.503634 8.402034 5.413644 3.343919 1.980097 1.124276 0.612337 0.320115 0.160774 0.077689 0.036216 0.016376 0.007272 0.003259 0.001559 0.000866 0.000594 0.000491 0.000453 0.000440 0.000435 0.000434 0.000433 0.000433 0.000433 0.000433 0.000433 0.000433 0.000433 0.000433 0.000433 0.000432 0.000431 0.000429 0.000426 0.000420 0.000410 0.000394 0.000370 0.000336 0.000290 0.000232 0.000162 0.000084 0.000000 
50.000000 40.878974 32.234241 24.467583 17.851164 12.504155 8.402612 5.414263 3.344567 1.980763 1.124954 0.613022 0.320804 0.161465 0.078381 0.036908 0.017069 0.007965 0.003952 0.002252 0.001559 0.001287 0.001184 0.001146 0.001133 0.001128 0.001127 0.001126 0.001126 0.001126 0.001126 0.001126 0.001126 0.001126 0.001126 0.001125 0.001124 0.001121 0.001117 0.001108 0.001092 0.001066 0.001025 0.000964 0.000875 0.000757 0.000605 0.000424 0.000218 0.000000 
50.000000 40.879286 32.234847 24.468454 17.852260 12.505433 8.404029 5.415781 3.346155 1.982397 1.126617 0.614702 0.322493 0.163160 0.080079 0.038607 0.018769 0.009664 0.005652 0.003952 0.003259 0.002987 0.002884 0.002846 0.002833 0.002828 0.002827 0.002826 0.002826 0.002826 0.002826 0.002826 0.002826 0.002826 0.002825 0.002824 0.002821 0.002815 0.002803 0.002781 0.002743 0.002679 0.002577 0.002423 0.002203 0.001905 0.001525 0.001067 0.000550 0.000000 
50.000000 40.880020 32.236278 24.470509 17.854847 12.508449 8.407374 5.419364 3.349903 1.986254 1.130541 0.618666 0.326481 0.167160 0.084085 0.042617 0.022780 0.013677 0.009664 0.007965 0.007272 0.006999 0.006896 0.006859 0.006845 0.006841 0.006839 0.006839 0.006839 0.006839 0.006839 0.006839 0.006838 0.006838 0.006836 0.006833 0.006826 0.006812 0.006784 0.006733 0.006642 0.006489 0.006246 0.005876 0.005345 0.004626 0.003705 0.002596 0.001339 0.000000 
50.000000 40.881686 32.239522 24.475171 17.860715 12.515290 8.414960 5.427493 3.358407 1.995003 1.139445 0.627662 0.335529 0.176236 0.093176 0.051716 0.031882 0.022780 0.018769 0.017069 0.016376 0.016104 0.016001 0.015963 0.015950 0.015946 0.015944 0.015944 0.015944 0.015943 0.015943 0.015943 0.015942 0.015941 0.015938 0.015930 0.015914 0.015882 0.015820 0.015703 0.015496 0.015147 0.014586 0.013732 0.012502 0.010828 0.008680 0.006086 0.003140 0.000000 
50.000000 40.885315 32.246590 24.485326 17.873498 12.530194 8.431489 5.445203 3.376934 2.014068 1.158846 0.647263 0.355244 0.196014 0.112986 0.071541 0.051716 0.042617 0.038607 0.036908 0.036216 0.035944 0.035841 0.035803 0.035790 0.035785 0.035784 0.035783 0.035783 0.035783 0.035783 0.035782 0.035781 0.035778 0.035771 0.035755 0.035721 0.035651 0.035515 0.035261 0.034808 0.034039 0.032800 0.030906 0.028166 0.024421 0.019596 0.013750 0.007098 0.000000 
50.000000 40.892899 32.261359 24.506548 17.900213 12.561343 8.466036 5.482221 3.415661 2.053918 1.199400 0.688238 0.396458 0.237357 0.154397 0.112986 0.093176 0.084085 0.080079 0.078381 0.077689 0.077417 0.077314 0.077277 0.077263 0.077259 0.077257 0.077257 0.077257 0.077257 0.077256 0.077255 0.077252 0.077246 0.077231 0.077199 0.077129 0.076984 0.076702 0.076171 0.075221 0.073601 0.070977 0.066945 0.061080 0.053024 0.042600 0.029922 0.015457 0.000000 
50.000000 40.908087 32.290939 24.549052 17.953719 12.623733 8.535233 5.556372 3.493237 2.133747 1.280641 0.770321 0.479021 0.320182 0.237357 0.196014 0.176236 0.167160 0.163160 0.161465 0.160774 0.160503 0.160400 0.160362 0.160349 0.160345 0.160343 0.160343 0.160342 0.160342 0.160341 0.160339 0.160334 0.160322 0.160293 0.160229 0.160091 0.159806 0.159245 0.158186 0.156282 0.153017 0.147695 0.139467 0.127426 0.110787 0.089141 0.062691 0.032413 0.000000 
50.000000 40.937206 32.347651 24.630544 18.056310 12.743362 8.667919 5.698560 3.641999 2.286835 1.436438 0.927736 0.637358 0.479021 0.396458 0.355244 0.335529 0.326481 0.322493 0.320804 0.320115 0.319844 0.319742 0.319704 0.319691 0.319687 0.319685 0.319685 0.319684 0.319684 0.319682 0.319679 0.319669 0.319646 0.319593 0.319473 0.319215 0.318679 0.317617 0.315605 0.311961 0.305675 0.295358 0.279292 0.255606 0.222644 0.179472 0.126421 0.065434 0.000000 
50.000000 40.990593 32.451629 24.779960 18.244416 12.962716 8.911222 5.959298 3.914798 2.567572 1.722150 1.216421 0.927736 0.770321 0.688238 0.647263 0.627662 0.618666 0.614702 0.613022 0.612337 0.612068 0.611966 0.611929 0.611916 0.611911 0.611910 0.611909 0.611909 0.611908 0.611905 0.611899 0.611883 0.611842 0.611748 0.611536 0.611076 0.610119 0.608210 0.604570 0.597934 0.586400 0.567320 0.537353 0.492787 0.430225 0.347607 0.245354 0.127170 0.000000 
50.000000 41.084096 32.633740 25.041659 18.573889 13.346931 9.337403 6.416031 4.392673 3.059365 2.222667 1.722150 1.436438 1.280641 1.199400 1.158846 1.139445 1.130541 1.126617 1.124954 1.124276 1.124010 1.123909 1.123873 1.123860 1.123855 1.123854 1.123853 1.123852 1.123851 1.123847 1.123836 1.123809 1.123742 1.123585 1.123229 1.122454 1.120833 1.117581 1.111334 1.099860 1.079747 1.046165 0.992891 0.912828 0.799228 0.647661 0.458349 0.238009 0.000000 
50.000000 41.240368 32.938108 25.479053 19.124572 13.989132 10.049768 7.179487 5.191490 3.881465 3.059365 2.567572 2.286835 2.133747 2.053918 2.014068 1.995003 1.986254 1.982397 1.980763 1.980097 1.979835 1.979736 1.979700 1.979687 1.979683 1.979681 1.979680 1.979680 1.979677 1.979671 1.979654 1.979612 1.979507 1.979260 1.978698 1.977466 1.974873 1.969638 1.959505 1.940732 1.907504 1.851423 1.761403 1.624389 1.427409 1.161153 0.824630 0.429286 0.000000 
50.000000 41.489343 33.423038 26.175938 20.001980 15.012383 11.184849 8.396009 6.464387 5.191490 4.392673 3.914798 3.641999 3.493237 3.415661 3.376934 3.358407 3.349903 3.346155 3.344567 3.343919 3.343665 3.343569 3.343534 3.343521 3.343517 3.343515 3.343515 3.343513 3.343510 3.343501 3.343476 3.343414 3.343260 3.342895 3.342060 3.340220 3.336324 3.328398 3.312926 3.283986 3.232194 3.143688 2.999623 2.776968 2.451590 2.004405 1.430293 0.747207 0.000000 
50.000000 41.867106 34.158819 27.233335 21.333317 16.565053 12.907252 10.242039 8.396009 7.179487 6.416031 5.959298 5.698560 5.556372 5.482221 5.445203 5.427493 5.419364 5.415781 5.414263 5.413643 5.413400 5.413308 5.413275 5.413263 5.413259 5.413257 5.413256 5.413254 5.413250 5.413237 5.413204 5.413118 5.412907 5.412403 5.411244 5.408676 5.403202 5.391978 5.369866 5.328064 5.252321 5.121019 4.903756 4.561689 4.051507 3.335095 2.395781 1.258037 0.000000 
50.000000 42.412442 35.220995 28.759822 23.255309 18.806625 15.393924 12.907252 11.184849 10.049768 9.337403 8.911222 8.667919 8.535233 8.466036 8.431489 8.414960 8.407374 8.404029 8.402612 8.402034 8.401807 8.401721 8.401690 8.401679 8.401675 8.401674 8.401672 8.401670 8.401664 8.401649 8.401606 8.401498 8.401228 8.400583 8.399090 8.395766 8.388627 8.373869 8.344512 8.288365 8.185225 8.003496 7.696962 7.203429 6.448311 5.357775 3.886097 2.056732 0.000000 
50.000000 43.160800 36.678621 30.854650 25.892942 21.882892 18.806625 16.565053 15.012383 13.989132 13.346931 12.962716 12.743362 12.623733 12.561343 12.530194 12.515290 12.508449 12.505433 12.504155 12.503634 12.503429 12.503351 12.503323 12.503313 12.503310 12.503308 12.503307 12.503305 12.503298 12.503279 12.503230 12.503103 12.502788 12.502028 12.500263 12.496308 12.487756 12.469928 12.434104 12.364742 12.235414 12.003363 11.603197 10.941446 9.896173 8.329939 6.129548 3.285818 0.000000 
50.000000 44.136270 38.578620 33.585267 29.331157 25.892942 23.255309 21.333317 20.001980 19.124572 18.573889 18.244416 18.056310 17.953719 17.900213 17.873498 17.860715 17.854847 17.852260 17.851164 17.850717 17.850541 17.850475 17.850451 17.850442 17.850439 17.850438 17.850437 17.850434 17.850427 17.850408 17.850356 17.850222 17.849886 17.849077 17.847188 17.842932 17.833666 17.814191 17.774661 17.697163 17.550390 17.281809 16.806998 15.996769 14.665579 12.572050 9.458711 5.184104 0.000000 
50.000000 45.343188 40.929443 36.963824 33.585267 30.854650 28.759822 27.233335 26.175938 25.479053 25.041659 24.779960 24.630544 24.549052 24.506548 24.485326 24.475171 24.470509 24.468454 24.467583 24.467228 24.467088 24.467035 24.467016 24.467009 24.467007 24.467006 24.467005 24.467002 24.466996 24.466978 24.466929 24.466804 24.466490 24.465730 24.463948 24.459911 24.451072 24.432353 24.393998 24.317900 24.171533 23.898240 23.402047 22.524711 21.013217 18.481912 14.399965 8.223335 0.000000 
50.000000 46.759805 43.688728 40.929443 38.578620 36.678621 35.220995 34.158819 33.423038 32.938108 32.633740 32.451629 32.347651 32.290939 32.261359 32.246590 32.239522 32.236278 32.234847 32.234241 32.233994 32.233897 32.233860 32.233846 32.233842 32.233840 32.233839 32.233838 32.233837 32.233832 32.233818 32.233780 32.233682 32.233436 32.232840 32.231437 32.228248 32.221230 32.206275 32.175391 32.113479 31.992745 31.763037 31.334898 30.549073 29.119909 26.529478 21.844364 13.518969 0.000000 
50.000000 48.336491 46.759805 45.343188 44.136270 43.160800 42.412442 41.867106 41.489343 41.240368 41.084096 40.990593 40.937206 40.908087 40.892899 40.885315 40.881686 40.880020 40.879286 40.878974 40.878847 40.878798 40.878779 40.878772 40.878769 40.878768 40.878768 40.878768 40.878767 40.878764 40.878756 40.878735 40.878682 40.878546 40.878217 40.877442 40.875674 40.871772 40.863423 40.846087 40.811082 40.742136 40.609069 40.355710 39.874982 38.952166 37.119853 33.240836 24.168246 0.000000 
50.000000 50.000000 50.000000 50.000000 50.000000 50.000000 50.000000 50.000000 50.000000 50.000000 50.000000 50.000000 50.000000 50.000000 50.000000 50.000000 50.000000 50.000000 50.000000 50.000000 50.000000 50.000000 50.000000 50.000000 50.000000 50.000000 50.000000 50.000000 50.000000 50.000000 50.000000 50.000000 50.000000 50.000000 50.000000 50.000000 50.000000 50.000000 50.000000 50.000000 50.000000 50.000000 50.000000 50.000000 50.000000 50.000000 50.000000 50.000000 50.000000 50.000000 
