50.000000 50.000000 50.000000 50.000000 50.000000 50.000000 50.000000 50.000000 50.000000 50.000000 50.000000 50.000000 50.000000 50.000000 50.000000 50.000000 50.000000 50.000000 50.000000 50.000000 50.000000 50.000000 50.000000 50.000000 50.000000 50.000000 50.000000 50.000000 50.000000 50.000000 50.000000 50.000000 50.000000 50.000000 50.000000 50.000000 50.000000 50.000000 50.000000 50.000000 50.000000 50.000000 50.000000 50.000000 50.000000 50.000000 50.000000 50.000000 50.000000 50.000000 
50.000000 46.577500 43.521744 41.082051 39.335283 38.209407 37.553190 37.205665 37.037623 36.963079 36.932603 36.921070 36.917014 36.915684 36.915275 36.915158 36.915126 36.915117 36.915115 36.915115 36.915115 36.915115 36.915115 36.915115 36.915115 36.915115 36.915115 36.915115 36.915115 36.915115 36.915115 36.915115 36.915115 36.915114 36.915112 36.915105 36.915077 36.914972 36.914607 36.913400 36.909624 36.898439 36.867028 36.783125 36.568617 36.037896 34.744181 31.551885 23.288750 0.000000 
50.000000 43.521744 37.737760 33.119996 29.813907 27.683081 26.441206 25.783570 25.465601 25.324559 25.266902 25.245086 25.237414 25.234898 25.234126 25.233903 25.233842 25.233827 25.233823 25.233822 25.233822 25.233822 25.233822 25.233822 25.233822 25.233822 25.233822 25.233822 25.233822 25.233822 25.233822 25.233822 25.233822 25.233821 25.233818 25.233806 25.233760 25.233590 25.233002 25.231066 25.225059 25.207458 25.158786 25.031682 24.717714 23.982128 22.342835 18.868880 11.969860 0.000000 
50.000000 41.082051 33.119996 26.763575 22.212957 19.280229 17.571144 16.666186 16.228685 16.034646 15.955334 15.925328 15.914778 15.911318 15.910256 15.909949 15.909866 15.909845 15.909840 15.909839 15.909838 15.909838 15.909838 15.909838 15.909838 15.909838 15.909838 15.909838 15.909838 15.909838 15.909838 15.909838 15.909838 15.909837 15.909834 15.909821 15.909772 15.909591 15.908968 15.906937 15.900695 15.882656 15.833686 15.709023 15.411902 14.750491 13.381788 10.777161 6.337871 0.000000 
50.000000 39.335283 29.813907 22.212957 16.771720 13.265305 11.222098 10.140343 9.617435 9.385548 9.290778 9.254930 9.242328 9.238196 9.236927 9.236562 9.236462 9.236437 9.236431 9.236429 9.236429 9.236429 9.236429 9.236429 9.236429 9.236429 9.236429 9.236429 9.236429 9.236429 9.236429 9.236429 9.236429 9.236428 9.236425 9.236415 9.236373 9.236222 9.235704 9.234030 9.228943 9.214449 9.175822 9.079840 8.858309 8.385860 7.462466 5.831780 3.297387 0.000000 
50.000000 38.209407 27.683081 19.280229 13.265305 9.389499 7.131254 5.935777 5.357963 5.101760 4.997068 4.957471 4.943553 4.938990 4.937590 4.937186 4.937077 4.937049 4.937042 4.937040 4.937040 4.937040 4.937040 4.937040 4.937040 4.937040 4.937040 4.937040 4.937040 4.937040 4.937040 4.937040 4.937040 4.937039 4.937037 4.937030 4.937000 4.936895 4.936534 4.935380 4.931910 4.922154 4.896589 4.834410 4.694750 4.406997 3.868327 2.965368 1.640790 0.000000 
50.000000 37.553190 26.441206 17.571144 11.222098 7.131254 4.747898 3.486297 2.876581 2.606261 2.495811 2.454042 2.439363 2.434550 2.433074 2.432648 2.432533 2.432503 2.432496 2.432494 2.432494 2.432494 2.432494 2.432494 2.432494 2.432494 2.432494 2.432494 2.432494 2.432494 2.432494 2.432494 2.432494 2.432493 2.432492 2.432488 2.432470 2.432406 2.432189 2.431500 2.429451 2.423757 2.409056 2.373949 2.296844 2.142257 1.862120 1.409525 0.770065 0.000000 
50.000000 37.205665 25.783570 16.666186 10.140343 5.935777 3.486297 2.189774 1.563224 1.285460 1.171978 1.129065 1.113985 1.109042 1.107525 1.107088 1.106970 1.106939 1.106932 1.106930 1.106930 1.106930 1.106930 1.106930 1.106930 1.106930 1.106930 1.106930 1.106930 1.106930 1.106930 1.106930 1.106930 1.106929 1.106929 1.106926 1.106917 1.106883 1.106768 1.106405 1.105334 1.102390 1.094887 1.077241 1.039188 0.964521 0.832499 0.624784 0.338638 0.000000 
50.000000 37.037623 25.465601 16.228685 9.617435 5.357963 2.876581 1.563224 0.928565 0.647219 0.532279 0.488818 0.473546 0.468540 0.467004 0.466561 0.466441 0.466411 0.466403 0.466401 0.466401 0.466401 0.466401 0.466401 0.466401 0.466401 0.466401 0.466401 0.466401 0.466401 0.466401 0.466401 0.466401 0.466401 0.466401 0.466399 0.466395 0.466378 0.466324 0.466152 0.465650 0.464282 0.460833 0.452825 0.435809 0.402986 0.346029 0.258142 0.139184 0.000000 
50.000000 36.963079 25.324559 16.034646 9.385548 5.101760 2.606261 1.285460 0.647219 0.364293 0.248711 0.205007 0.189651 0.184617 0.183073 0.182628 0.182508 0.182477 0.182469 0.182467 0.182467 0.182467 0.182467 0.182467 0.182467 0.182467 0.182467 0.182467 0.182467 0.182467 0.182467 0.182467 0.182467 0.182467 0.182467 0.182466 0.182464 0.182457 0.182434 0.182360 0.182146 0.181569 0.180126 0.176810 0.169850 0.156604 0.133951 0.099500 0.053455 0.000000 
50.000000 36.932603 25.266902 15.955334 9.290778 4.997068 2.495811 1.171978 0.532279 0.248711 0.132868 0.089066 0.073675 0.068631 0.067083 0.066637 0.066516 0.066485 0.066478 0.066476 0.066476 0.066476 0.066476 0.066476 0.066476 0.066476 0.066476 0.066476 0.066476 0.066476 0.066476 0.066476 0.066476 0.066476 0.066476 0.066475 0.066475 0.066472 0.066463 0.066434 0.066351 0.066127 0.065573 0.064311 0.061688 0.056749 0.048397 0.035836 0.019202 0.000000 
50.000000 36.921070 25.245086 15.925328 9.254930 4.957471 2.454042 1.129065 0.488818 0.205007 0.089066 0.045228 0.029824 0.024776 0.023227 0.022781 0.022660 0.022629 0.022621 0.022619 0.022619 0.022619 0.022619 0.022619 0.022619 0.022619 0.022619 0.022619 0.022619 0.022619 0.022619 0.022619 0.022619 0.022619 0.022619 0.022619 0.022618 0.022617 0.022614 0.022604 0.022574 0.022494 0.022297 0.021853 0.020937 0.019226 0.016359 0.012084 0.006463 0.000000 
50.000000 36.917014 25.237414 15.914778 9.242328 4.943553 2.439363 1.113985 0.473546 0.189651 0.073675 0.029824 0.014416 0.009366 0.007817 0.007370 0.007249 0.007218 0.007211 0.007209 0.007209 0.007209 0.007209 0.007209 0.007209 0.007209 0.007209 0.007209 0.007209 0.007209 0.007209 0.007209 0.007209 0.007209 0.007209 0.007209 0.007208 0.007208 0.007207 0.007204 0.007194 0.007167 0.007102 0.006957 0.006659 0.006106 0.005186 0.003824 0.002042 0.000000 
50.000000 36.915684 25.234898 15.911318 9.238196 4.938990 2.434550 1.109042 0.468540 0.184617 0.068631 0.024776 0.009366 0.004316 0.002766 0.002320 0.002199 0.002168 0.002160 0.002158 0.002158 0.002158 0.002158 0.002158 0.002158 0.002158 0.002158 0.002158 0.002158 0.002158 0.002158 0.002158 0.002158 0.002158 0.002158 0.002158 0.002158 0.002158 0.002157 0.002156 0.002153 0.002145 0.002125 0.002081 0.001990 0.001823 0.001546 0.001138 0.000607 0.000000 
50.000000 36.915275 25.234126 15.910256 9.236927 4.937590 2.433074 1.107525 0.467004 0.183073 0.067083 0.023227 0.007817 0.002766 0.001217 0.000770 0.000649 0.000618 0.000610 0.000609 0.000608 0.000608 0.000608 0.000608 0.000608 0.000608 0.000608 0.000608 0.000608 0.000608 0.000608 0.000608 0.000608 0.000608 0.000608 0.000608 0.000608 0.000608 0.000608 0.000608 0.000607 0.000605 0.000599 0.000586 0.000560 0.000513 0.000434 0.000319 0.000170 0.000000 
50.000000 36.915158 25.233903 15.909949 9.236562 4.937186 2.432648 1.107088 0.466561 0.182628 0.066637 0.022781 0.007370 0.002320 0.000770 0.000324 0.000203 0.000172 0.000164 0.000162 0.000162 0.000162 0.000162 0.000162 0.000162 0.000162 0.000162 0.000162 0.000162 0.000162 0.000162 0.000162 0.000162 0.000162 0.000162 0.000162 0.000162 0.000162 0.000162 0.000162 0.000162 0.000161 0.000159 0.000156 0.000149 0.000136 0.000115 0.000085 0.000045 0.000000 
50.000000 36.915126 25.233842 15.909866 9.236462 4.937077 2.432533 1.106970 0.466441 0.182508 0.066516 0.022660 0.007249 0.002199 0.000649 0.000203 0.000082 0.000051 0.000043 0.000041 0.000041 0.000041 0.000041 0.000041 0.000041 0.000041 0.000041 0.000041 0.000041 0.000041 0.000041 0.000041 0.000041 0.000041 0.000041 0.000041 0.000041 0.000041 0.000041 0.000041 0.000041 0.000041 0.000040 0.000039 0.000037 0.000034 0.000029 0.000021 0.000011 0.000000 
50.000000 36.915117 25.233827 15.909845 9.236437 4.937049 2.432503 1.106939 0.466411 0.182477 0.066485 0.022629 0.007218 0.002168 0.000618 0.000172 0.000051 0.000019 0.000012 0.000010 0.000010 0.000010 0.000010 0.000010 0.000010 0.000010 0.000010 0.000010 0.000010 0.000010 0.000010 0.000010 0.000010 0.000010 0.000010 0.000010 0.000010 0.000010 0.000010 0.000010 0.000010 0.000010 0.000010 0.000009 0.000009 0.000008 0.000007 0.000005 0.000003 0.000000 
50.000000 36.915115 25.233823 15.909840 9.236431 4.937042 2.432496 1.106932 0.466403 0.182469 0.066478 0.022621 0.007211 0.002160 0.000610 0.000164 0.000043 0.000012 0.000004 0.000003 0.000002 0.000002 0.000002 0.000002 0.000002 0.000002 0.000002 0.000002 0.000002 0.000002 0.000002 0.000002 0.000002 0.000002 0.000002 0.000002 0.000002 0.000002 0.000002 0.000002 0.000002 0.000002 0.000002 0.000002 0.000002 0.000002 0.000002 0.000001 0.000001 0.000000 
50.000000 36.915115 25.233822 15.909839 9.236429 4.937040 2.432494 1.106930 0.466401 0.182467 0.066476 0.022619 0.007209 0.002158 0.000609 0.000162 0.000041 0.000010 0.000003 0.000001 0.000001 0.000000 0.000000 0.000000 0.000000 0.000000 0.000000 0.000000 0.000000 0.000000 0.000000 0.000000 0.000000 0.000000 0.000000 0.000000 0.000000 0.000000 0.000000 0.000000 0.000000 0.000000 0.000000 0.000000 0.000000 0.000000 0.000000 0.000000 0.000000 0.000000 
50.000000 36.915115 25.233822 15.909838 9.236429 4.937040 2.432494 1.106930 0.466401 0.182467 0.066476 0.022619 0.007209 0.002158 0.000608 0.000162 0.000041 0.000010 0.000002 0.000001 0.000000 0.000000 0.000000 0.000000 0.000000 0.000000 0.000000 0.000000 0.000000 0.000000 0.000000 0.000000 0.000000 0.000000 0.000000 0.000000 0.000000 0.000000 0.000000 0.000000 0.000000 0.000000 0.000000 0.000000 0.000000 0.000000 0.000000 0.000000 0.000000 0.000000 
50.000000 36.915115 25.233822 15.909838 9.236429 4.937040 2.432494 1.106930 0.466401 0.182467 0.066476 0.022619 0.007209 0.002158 0.000608 0.000162 0.000041 0.000010 0.000002 0.000000 0.000000 0.000000 0.000000 0.000000 0.000000 0.000000 0.000000 0.000000 0.000000 0.000000 0.000000 0.000000 0.000000 0.000000 0.000000 0.000000 0.000000 0.000000 0.000000 0.000000 0.000000 0.000000 0.000000 0.000000 0.000000 0.000000 0.000000 0.000000 0.000000 0.000000 
50.000000 36.915115 25.233822 15.909838 9.236429 4.937040 2.432494 1.106930 0.466401 0.182467 0.066476 0.022619 0.007209 0.002158 0.000608 0.000162 0.000041 0.000010 0.000002 0.000000 0.000000 0.000000 0.000000 0.000000 0.000000 0.000000 0.000000 0.000000 0.000000 0.000000 0.000000 0.000000 0.000000 0.000000 0.000000 0.000000 0.000000 0.000000 0.000000 0.000000 0.000000 0.000000 0.000000 0.000000 0.000000 0.000000 0.000000 0.000000 0.000000 0.000000 
50.000000 36.915115 25.233822 15.909838 9.236429 4.937040 2.432494 1.106930 0.466401 0.182467 0.066476 0.022619 0.007209 0.002158 0.000608 0.000162 0.000041 0.000010 0.000002 0.000000 0.000000 0.000000 0.000000 0.000000 0.000000 0.000000 0.000000 0.000000 0.000000 0.000000 0.000000 0.000000 0.000000 0.000000 0.000000 0.000000 0.000000 0.000000 0.000000 0.000000 0.000000 0.000000 0.000000 0.000000 0.000000 0.000000 0.000000 0.000000 0.000000 0.000000 
50.000000 36.915115 25.233822 15.909838 9.236429 4.937040 2.432494 1.106930 0.466401 0.182467 0.066476 0.022619 0.007209 0.002158 0.000608 0.000162 0.000041 0.000010 0.000002 0.000000 0.000000 0.000000 0.000000 0.000000 0.000000 0.000000 0.000000 0.000000 0.000000 0.000000 0.000000 0.000000 0.000000 0.000000 0.000000 0.000000 0.000000 0.000000 0.000000 0.000000 0.000000 0.000000 0.000000 0.000000 0.000000 0.000000 0.000000 0.000000 0.000000 0.000000 
50.000000 36.915115 25.233822 15.909838 9.236429 4.937040 2.432494 1.106930 0.466401 0.182467 0.066476 0.022619 0.007209 0.002158 0.000608 0.000162 0.000041 0.000010 0.000002 0.000000 0.000000 0.000000 0.000000 0.000000 0.000000 0.000000 0.000000 0.000000 0.000000 0.000000 0.000000 0.000000 0.000000 0.000000 0.000000 0.000000 0.000000 0.000000 0.000000 0.000000 0.000000 0.000000 0.000000 0.000000 0.000000 0.000000 0.000000 0.000000 0.000000 0.000000 
50.000000 36.915115 25.233822 15.909838 9.236429 4.937040 2.432494 1.106930 0.466401 0.182467 0.066476 0.022619 0.007209 0.002158 0.000608 0.000162 0.000041 0.000010 0.000002 0.000000 0.000000 0.000000 0.000000 0.000000 0.000000 0.000000 0.000000 0.000000 0.000000 0.000000 0.000000 0.000000 0.000000 0.000000 0.000000 0.000000 0.000000 0.000000 0.000000 0.000000 0.000000 0.000000 0.000000 0.000000 0.000000 0.000000 0.000000 0.000000 0.000000 0.000000 
50.000000 36.915115 25.233822 15.909838 9.236429 4.937040 2.432494 1.106930 0.466401 0.182467 0.066476 0.022619 0.007209 0.002158 0.000608 0.000162 0.000041 0.000010 0.000002 0.000000 0.000000 0.000000 0.000000 0.000000 0.000000 0.000000 0.000000 0.000000 0.000000 0.000000 0.000000 0.000000 0.000000 0.000000 0.000000 0.000000 0.000000 0.000000 0.000000 0.000000 0.000000 0.000000 0.000000 0.000000 0.000000 0.000000 0.000000 0.000000 0.000000 0.000000 
50.000000 36.915115 25.233822 15.909838 9.236429 4.937040 2.432494 1.106930 0.466401 0.182467 0.066476 0.022619 0.007209 0.002158 0.000608 0.000162 0.000041 0.000010 0.000002 0.000000 0.000000 0.000000 0.000000 0.000000 0.000000 0.000000 0.000000 0.000000 0.000000 0.000000 0.000000 0.000000 0.000000 0.000000 0.000000 0.000000 0.000000 0.000000 0.000000 0.000000 0.000000 0.000000 0.000000 0.000000 0.000000 0.000000 0.000000 0.000000 0.000000 0.000000 
50.000000 36.915115 25.233822 15.909838 9.236429 4.937040 2.432494 1.106930 0.466401 0.182467 0.066476 0.022619 0.007209 0.002158 0.000608 0.000162 0.000041 0.000010 0.000002 0.000001 0.000000 0.000000 0.000000 0.000000 0.000000 0.000000 0.000000 0.000000 0.000000 0.000000 0.000000 0.000000 0.000000 0.000000 0.000000 0.000000 0.000000 0.000000 0.000000 0.000000 0.000000 0.000000 0.000000 0.000000 0.000000 0.000000 0.000000 0.000000 0.000000 0.000000 
50.000000 36.915115 25.233822 15.909839 9.236429 4.937040 2.432494 1.106930 0.466401 0.182467 0.066476 0.022619 0.007209 0.002158 0.000609 0.000162 0.000041 0.000010 0.000003 0.000001 0.000001 0.000000 0.000000 0.000000 0.000000 0.000000 0.000000 0.000000 0.000000 0.000000 0.000000 0.000000 0.000000 0.000000 0.000000 0.000000 0.000000 0.000000 0.000000 0.000000 0.000000 0.000000 0.000000 0.000000 0.000000 0.000000 0.000000 0.000000 0.000000 0.000000 
50.000000 36.915115 25.233823 15.909840 9.236431 4.937042 2.432496 1.106932 0.466403 0.182469 0.066478 0.022621 0.007211 0.002160 0.000610 0.000164 0.000043 0.000012 0.000004 0.000003 0.000002 0.000002 0.000002 0.000002 0.000002 0.000002 0.000002 0.000002 0.000002 0.000002 0.000002 0.000002 0.000002 0.000002 0.000002 0.000002 0.000002 0.000002 0.000002 0.000002 0.000002 0.000002 0.000002 0.000002 0.000002 0.000002 0.000002 0.000001 0.000001 0.000000 
50.000000 36.915117 25.233827 15.909845 9.236437 4.937049 2.432503 1.106939 0.466411 0.182477 0.066485 0.022629 0.007218 0.002168 0.000618 0.000172 0.000051 0.000019 0.000012 0.000010 0.000010 0.000010 0.000010 0.000010 0.000010 0.000010 0.000010 0.000010 0.000010 0.000010 0.000010 0.000010 0.000010 0.000010 0.000010 0.000010 0.000010 0.000010 0.000010 0.000010 0.000010 0.000010 0.000010 0.000009 0.000009 0.000008 0.000007 0.000005 0.000003 0.000000 
50.000000 36.915126 25.233842 15.909866 9.236462 4.937077 2.432533 1.106970 0.466441 0.182508 0.066516 0.022660 0.007249 0.002199 0.000649 0.000203 0.000082 0.000051 0.000043 0.000041 0.000041 0.000041 0.000041 0.000041 0.000041 0.000041 0.000041 0.000041 0.000041 0.000041 0.000041 0.000041 0.000041 0.000041 0.000041 0.000041 0.000041 0.000041 0.000041 0.000041 0.000041 0.000041 0.000040 0.000039 0.000037 0.000034 0.000029 0.000021 0.000011 0.000000 
50.000000 36.915158 25.233903 15.909949 9.236562 4.937186 2.432648 1.107088 0.466561 0.182628 0.066637 0.022781 0.007370 0.002320 0.000770 0.000324 0.000203 0.000172 0.000164 0.000162 0.000162 0.000162 0.000162 0.000162 0.000162 0.000162 0.000162 0.000162 0.000162 0.000162 0.000162 0.000162 0.000162 0.000162 0.000162 0.000162 0.000162 0.000162 0.000162 0.000162 0.000162 0.000161 0.000159 0.000156 0.000149 0.000136 0.000115 0.000085 0.000045 0.000000 
50.000000 36.915275 25.234126 15.910256 9.236927 4.937590 2.433074 1.107525 0.467004 0.183073 0.067083 0.023227 0.007817 0.002766 0.001217 0.000770 0.000649 0.000618 0.000610 0.000609 0.000608 0.000608 0.000608 0.000608 0.000608 0.000608 0.000608 0.000608 0.000608 0.000608 0.000608 0.000608 0.000608 0.000608 0.000608 0.000608 0.000608 0.000608 0.000608 0.000608 0.000607 0.000605 0.000599 0.000586 0.000560 0.000513 0.000434 0.000319 0.000170 0.000000 
50.000000 36.915684 25.234898 15.911318 9.238196 4.938990 2.434550 1.109042 0.468540 0.184617 0.068631 0.024776 0.009366 0.004316 0.002766 0.002320 0.002199 0.002168 0.002160 0.002158 0.002158 0.002158 0.002158 0.002158 0.002158 0.002158 0.002158 0.002158 0.002158 0.002158 0.002158 0.002158 0.002158 0.002158 0.002158 0.002158 0.002158 0.002158 0.002157 0.002156 0.002153 0.002145 0.002125 0.002081 0.001990 0.001823 0.001546 0.001138 0.000607 0.000000 
50.000000 36.917014 25.237414 15.914778 9.242328 4.943553 2.439363 1.113985 0.473546 0.189651 0.073675 0.029824 0.014416 0.009366 0.007817 0.007370 0.007249 0.007218 0.007211 0.007209 0.007209 0.007209 0.007209 0.007209 0.007209 0.007209 0.007209 0.007209 0.007209 0.007209 0.007209 0.007209 0.007209 0.007209 0.007209 0.007209 0.007208 0.007208 0.007207 0.007204 0.007194 0.007167 0.007102 0.006957 0.006659 0.006106 0.005186 0.003824 0.002042 0.000000 
50.000000 36.921070 25.245086 15.925328 9.254930 4.957471 2.454042 1.129065 0.488818 0.205007 0.089066 0.045228 0.029824 0.024776 0.023227 0.022781 0.022660 0.022629 0.022621 0.022619 0.022619 0.022619 0.022619 0.022619 0.022619 0.022619 0.022619 0.022619 0.022619 0.022619 0.022619 0.022619 0.022619 0.022619 0.022619 0.022619 0.022618 0.022617 0.022614 0.022604 0.022574 0.022494 0.022297 0.021853 0.020937 0.019226 0.016359 0.012084 0.006463 0.000000 
50.000000 36.932603 25.266902 15.955334 9.290778 4.997068 2.495811 1.171978 0.532279 0.248711 0.132868 0.089066 0.073675 0.068631 0.067083 0.066637 0.066516 0.066485 0.066478 0.066476 0.066476 0.066476 0.066476 0.066476 0.066476 0.066476 0.066476 0.066476 0.066476 0.066476 0.066476 0.066476 0.066476 0.066476 0.066476 0.066475 0.066475 0.066472 0.066463 0.066434 0.066351 0.066127 0.065573 0.064311 0.061688 0.056749 0.048397 0.035836 0.019202 0.000000 
50.000000 36.963079 25.324559 16.034646 9.385548 5.101760 2.606261 1.285460 0.647219 0.364293 0.248711 0.205007 0.189651 0.184617 0.183073 0.182628 0.182508 0.182477 0.182469 0.182467 0.182467 0.182467 0.182467 0.182467 0.182467 0.182467 0.182467 0.182467 0.182467 0.182467 0.182467 0.182467 0.182467 0.182467 0.182467 0.182466 0.182464 0.182457 0.182434 0.182360 0.182146 0.181569 0.180126 0.176810 0.169850 0.156604 0.133951 0.099500 0.053455 0.000000 
50.000000 37.037623 25.465601 16.228685 9.617435 5.357963 2.876581 1.563224 0.928565 0.647219 0.532279 0.488818 0.473546 0.468540 0.467004 0.466561 0.466441 0.466411 0.466403 0.466401 0.466401 0.466401 0.466401 0.466401 0.466401 0.466401 0.466401 0.466401 0.466401 0.466401 0.466401 0.466401 0.466401 0.466401 0.466401 0.466399 0.466395 0.466378 0.466324 0.466152 0.465650 0.464282 0.460833 0.452825 0.435809 0.402986 0.346029 0.258142 0.139184 0.000000 
50.000000 37.205665 25.783570 16.666186 10.140343 5.935777 3.486297 2.189774 1.563224 1.285460 1.171978 1.129065 1.113985 1.109042 1.107525 1.107088 1.106970 1.106939 1.106932 1.106930 1.106930 1.106930 1.106930 1.106930 1.106930 1.106930 1.106930 1.106930 1.106930 1.106930 1.106930 1.106930 1.106930 1.106929 1.106929 1.106926 1.106917 1.106883 1.106768 1.106405 1.105334 1.102390 1.094887 1.077241 1.039188 0.964521 0.832499 0.624784 0.338638 0.000000 
50.000000 37.553190 26.441206 17.571144 11.222098 7.131254 4.747898 3.486297 2.876581 2.606261 2.495811 2.454042 2.439363 2.434550 2.433074 2.432648 2.432533 2.432503 2.432496 2.432494 2.432494 2.432494 2.432494 2.432494 2.432494 2.432494 2.432494 2.432494 2.432494 2.432494 2.432494 2.432494 2.432494 2.432493 2.432492 2.432488 2.432470 2.432406 2.432189 2.431500 2.429451 2.423757 2.409056 2.373949 2.296844 2.142257 1.862120 1.409525 0.770065 0.000000 
50.000000 38.209407 27.683081 19.280229 13.265305 9.389499 7.131254 5.935777 5.357963 5.101760 4.997068 4.957471 4.943553 4.938990 4.937590 4.937186 4.937077 4.937049 4.937042 4.937040 4.937040 4.937040 4.937040 4.937040 4.937040 4.937040 4.937040 4.937040 4.937040 4.937040 4.937040 4.937040 4.937040 4.937039 4.937037 4.937030 4.937000 4.936895 4.936534 4.935380 4.931910 4.922154 4.896589 4.834410 4.694750 4.406997 3.868327 2.965368 1.640790 0.000000 
50.000000 39.335283 29.813907 22.212957 16.771720 13.265305 11.222098 10.140343 9.617435 9.385548 9.290778 9.254930 9.242328 9.238196 9.236927 9.236562 9.236462 9.236437 9.236431 9.236429 9.236429 9.236429 9.236429 9.236429 9.236429 9.236429 9.236429 9.236429 9.236429 9.236429 9.236429 9.236429 9.236429 9.236428 9.236425 9.236415 9.236373 9.236222 9.235704 9.234030 9.228943 9.214449 9.175822 9.079840 8.858309 8.385860 7.462466 5.831780 3.297387 0.000000 
50.000000 41.082051 33.119996 26.763575 22.212957 19.280229 17.571144 16.666186 16.228685 16.034646 15.955334 15.925328 15.914778 15.911318 15.910256 15.909949 15.909866 15.909845 15.909840 15.909839 15.909838 15.909838 15.909838 15.909838 15.909838 15.909838 15.909838 15.909838 15.909838 15.909838 15.909838 15.909838 15.909838 15.909837 15.909834 15.909821 15.909772 15.909591 15.908968 15.906937 15.900695 15.882656 15.833686 15.709023 15.411902 14.750491 13.381788 10.777161 6.337871 0.000000 
50.000000 43.521744 37.737760 33.119996 29.813907 27.683081 26.441206 25.783570 25.465601 25.324559 25.266902 25.245086 25.237414 25.234898 25.234126 25.233903 25.233842 25.233827 25.233823 25.233822 25.233822 25.233822 25.233822 25.233822 25.233822 25.233822 25.233822 25.233822 25.233822 25.233822 25.233822 25.233822 25.233822 25.233821 25.233818 25.233806 25.233760 25.233590 25.233002 25.231066 25.225059 25.207458 25.158786 25.031682 24.717714 23.982128 22.342835 18.868880 11.969860 0.000000 
50.000000 46.577500 43.521744 41.082051 39.335283 38.209407 37.553190 37.205665 37.037623 36.963079 36.932603 36.921070 36.917014 36.915684 36.915275 36.915158 36.915126 36.915117 36.915115 36.915115 36.915115 36.915115 36.915115 36.915115 36.915115 36.915115 36.915115 36.915115 36.915115 36.915115 36.915115 36.915115 36.915115 36.915114 36.915112 36.915105 36.915077 36.914972 36.914607 36.913400 36.909624 36.898439 36.867028 36.783125 36.568617 36.037896 34.744181 31.551885 23.288750 0.000000 
50.000000 50.000000 50.000000 50.000000 50.000000 50.000000 50.000000 50.000000 50.000000 50.000000 50.000000 50.000000 50.000000 50.000000 50.000000 50.000000 50.000000 50.000000 50.000000 50.000000 50.000000 50.000000 50.000000 50.000000 50.000000 50.000000 50.000000 50.000000 50.000000 50.000000 50.000000 50.000000 50.000000 50.000000 50.000000 50.000000 50.000000 50.000000 50.000000 50.000000 50.000000 50.000000 50.000000 50.000000 50.000000 50.000000 50.000000 50.000000 50.000000 50.000000 
