50.000000 50.000000 50.000000 50.000000 50.000000 50.000000 50.000000 50.000000 50.000000 50.000000 50.000000 50.000000 50.000000 50.000000 50.000000 50.000000 50.000000 50.000000 50.000000 50.000000 50.000000 50.000000 50.000000 50.000000 50.000000 50.000000 50.000000 50.000000 50.000000 50.000000 50.000000 50.000000 50.000000 50.000000 50.000000 50.000000 50.000000 50.000000 50.000000 50.000000 50.000000 50.000000 50.000000 50.000000 50.000000 50.000000 50.000000 50.000000 50.000000 50.000000 
50.000000 48.000049 46.125549 44.478386 43.120681 42.070098 41.306192 40.783623 40.446871 40.242153 40.124573 40.060672 40.027759 40.011667 40.004188 40.000878 39.999481 39.998918 39.998701 39.998621 39.998593 39.998583 39.998580 39.998579 39.998579 39.998579 39.998579 39.998579 39.998578 39.998578 39.998576 39.998572 39.998558 39.998518 39.998408 39.998114 39.997363 39.995509 39.991101 39.980995 39.958617 39.910635 39.810610 39.606622 39.195740 38.366370 36.652167 32.914055 24.000025 0.000000 
50.000000 46.125549 42.494141 39.303162 36.672958 34.637746 33.157907 32.145603 31.493270 31.096711 30.868952 30.745174 30.681422 30.650254 30.635767 30.629357 30.626651 30.625561 30.625141 30.624986 30.624931 30.624912 30.624906 30.624904 30.624904 30.624903 30.624903 30.624903 30.624903 30.624902 30.624899 30.624891 30.624866 30.624795 30.624599 30.624078 30.622748 30.619476 30.611729 30.594067 30.555243 30.472840 30.303542 29.965661 29.307517 28.049170 25.674631 21.247070 13.211494 0.000000 
50.000000 44.478386 39.303162 34.755644 31.007340 28.107007 25.998164 24.555615 23.626053 23.060981 22.736450 22.560085 22.469252 22.424846 22.404208 22.395075 22.391221 22.389668 22.389070 22.388849 22.388771 22.388744 22.388735 22.388733 22.388732 22.388732 22.388732 22.388731 22.388731 22.388730 22.388727 22.388716 22.388685 22.388597 22.388355 22.387713 22.386081 22.382085 22.372684 22.351419 22.305160 22.208326 22.013088 21.633503 20.921111 19.630268 17.377822 13.628532 7.826220 0.000000 
50.000000 43.120681 36.672958 31.007340 26.337511 22.724198 20.097010 18.299938 17.141965 16.438069 16.033825 15.814150 15.701017 15.645711 15.620008 15.608635 15.603836 15.601902 15.601157 15.600882 15.600784 15.600751 15.600740 15.600737 15.600736 15.600736 15.600736 15.600736 15.600735 15.600734 15.600731 15.600720 15.600688 15.600598 15.600351 15.599699 15.598049 15.594033 15.584656 15.563642 15.518470 15.425345 15.241292 14.892741 14.261086 13.168755 11.377073 8.623788 4.754311 0.000000 
50.000000 42.070098 34.637746 28.107007 22.724198 18.559302 15.531147 13.459867 12.125251 11.314012 10.848140 10.594989 10.464620 10.400893 10.371278 10.358174 10.352645 10.350418 10.349559 10.349242 10.349130 10.349092 10.349080 10.349076 10.349075 10.349074 10.349074 10.349074 10.349074 10.349073 10.349070 10.349060 10.349032 10.348951 10.348731 10.348154 10.346699 10.343183 10.335038 10.316965 10.278587 10.200667 10.049598 9.770375 9.279651 8.463111 7.185896 5.330229 2.874358 0.000000 
50.000000 41.306192 33.157907 25.998164 20.097010 15.531147 12.211550 9.940991 8.478023 7.588800 7.078167 6.800705 6.657825 6.587985 6.555531 6.541172 6.535113 6.532672 6.531732 6.531385 6.531262 6.531221 6.531207 6.531203 6.531201 6.531201 6.531201 6.531201 6.531201 6.531200 6.531197 6.531190 6.531167 6.531102 6.530927 6.530468 6.529320 6.526562 6.520227 6.506305 6.477090 6.418625 6.307254 6.105775 5.760772 5.204269 4.364661 3.192247 1.699570 0.000000 
50.000000 40.783623 32.145603 24.555615 18.299938 13.459867 9.940991 7.534197 5.983497 5.040984 4.499770 4.205703 4.054279 3.980266 3.945875 3.930659 3.924240 3.921654 3.920658 3.920290 3.920160 3.920116 3.920102 3.920097 3.920096 3.920095 3.920095 3.920095 3.920095 3.920094 3.920092 3.920087 3.920070 3.920023 3.919895 3.919564 3.918739 3.916770 3.912283 3.902513 3.882237 3.842194 3.767098 3.633737 3.410269 3.058646 2.542527 1.842061 0.973013 0.000000 
50.000000 40.446871 31.493270 23.626053 17.141965 12.125251 8.478023 5.983497 4.376316 3.399502 2.838609 2.533861 2.376942 2.300247 2.264611 2.248845 2.242194 2.239515 2.238483 2.238102 2.237967 2.237921 2.237907 2.237902 2.237900 2.237900 2.237900 2.237900 2.237900 2.237899 2.237898 2.237894 2.237883 2.237851 2.237766 2.237546 2.237000 2.235707 2.232780 2.226464 2.213487 2.188158 2.141303 2.059397 1.924583 1.716619 1.417727 1.020429 0.536236 0.000000 
50.000000 40.242153 31.096711 23.060981 16.438069 11.314012 7.588800 5.040984 3.399502 2.401863 1.829027 1.517798 1.357547 1.279226 1.242835 1.226736 1.219944 1.217209 1.216155 1.215766 1.215628 1.215582 1.215566 1.215562 1.215560 1.215560 1.215560 1.215560 1.215559 1.215559 1.215558 1.215556 1.215549 1.215529 1.215477 1.215341 1.215006 1.214218 1.212447 1.208654 1.200931 1.186015 1.158747 1.111711 1.035425 0.919599 0.755821 0.541468 0.283536 0.000000 
50.000000 40.124573 30.868952 22.736450 16.033825 10.848140 7.078167 4.499770 2.838609 1.829027 1.249343 0.934400 0.772240 0.692987 0.656165 0.639875 0.633003 0.630235 0.629169 0.628775 0.628636 0.628589 0.628574 0.628569 0.628567 0.628567 0.628567 0.628567 0.628567 0.628566 0.628566 0.628565 0.628561 0.628549 0.628519 0.628441 0.628249 0.627801 0.626800 0.624672 0.620373 0.612145 0.597257 0.571862 0.531175 0.470182 0.385030 0.274885 0.143578 0.000000 
50.000000 40.060672 30.745174 22.560085 15.814150 10.594989 6.800705 4.205703 2.533861 1.517798 0.934400 0.617444 0.454249 0.374491 0.337435 0.321042 0.314127 0.311341 0.310268 0.309872 0.309732 0.309685 0.309669 0.309664 0.309663 0.309662 0.309662 0.309662 0.309662 0.309662 0.309662 0.309661 0.309659 0.309653 0.309636 0.309594 0.309492 0.309253 0.308722 0.307600 0.305352 0.301081 0.293421 0.280479 0.259951 0.229494 0.187401 0.133444 0.069571 0.000000 
50.000000 40.027759 30.681422 22.469252 15.701017 10.464620 6.657825 4.054279 2.376942 1.357547 0.772240 0.454249 0.290522 0.210506 0.173329 0.156883 0.149946 0.147151 0.146075 0.145678 0.145537 0.145490 0.145474 0.145469 0.145468 0.145467 0.145467 0.145467 0.145467 0.145467 0.145467 0.145467 0.145465 0.145462 0.145454 0.145433 0.145381 0.145261 0.144996 0.144439 0.143329 0.141235 0.137509 0.131262 0.121437 0.106983 0.087167 0.061946 0.032250 0.000000 
50.000000 40.011667 30.650254 22.424846 15.645711 10.400893 6.587985 3.980266 2.300247 1.279226 0.692987 0.374491 0.210506 0.130363 0.093128 0.076657 0.069708 0.066910 0.065831 0.065434 0.065293 0.065245 0.065230 0.065225 0.065223 0.065223 0.065223 0.065223 0.065223 0.065223 0.065223 0.065222 0.065222 0.065220 0.065216 0.065206 0.065182 0.065125 0.065000 0.064738 0.064219 0.063247 0.061528 0.058665 0.054194 0.047662 0.038766 0.027506 0.014304 0.000000 
50.000000 40.004188 30.635767 22.404208 15.620008 10.371278 6.555531 3.945875 2.264611 1.242835 0.656165 0.337435 0.173329 0.093128 0.055866 0.039383 0.032429 0.029629 0.028550 0.028152 0.028011 0.027963 0.027948 0.027943 0.027941 0.027941 0.027941 0.027941 0.027941 0.027941 0.027940 0.027940 0.027940 0.027939 0.027938 0.027933 0.027922 0.027896 0.027840 0.027724 0.027494 0.027065 0.026311 0.025063 0.023125 0.020309 0.016495 0.011689 0.006074 0.000000 
50.000000 40.000878 30.629357 22.395075 15.608635 10.358174 6.541172 3.930659 2.248845 1.226736 0.639875 0.321042 0.156883 0.076657 0.039383 0.022894 0.015938 0.013137 0.012057 0.011659 0.011518 0.011471 0.011455 0.011450 0.011449 0.011448 0.011448 0.011448 0.011448 0.011448 0.011448 0.011448 0.011448 0.011448 0.011447 0.011445 0.011440 0.011429 0.011405 0.011356 0.011259 0.011079 0.010764 0.010245 0.009443 0.008284 0.006720 0.004757 0.002470 0.000000 
50.000000 39.999481 30.626651 22.391221 15.603836 10.352645 6.535113 3.924240 2.242194 1.219944 0.633003 0.314127 0.149946 0.069708 0.032429 0.015938 0.008982 0.006180 0.005101 0.004702 0.004562 0.004514 0.004498 0.004493 0.004492 0.004491 0.004491 0.004491 0.004491 0.004491 0.004491 0.004491 0.004491 0.004491 0.004491 0.004490 0.004488 0.004484 0.004474 0.004454 0.004415 0.004343 0.004217 0.004011 0.003694 0.003237 0.002624 0.001856 0.000963 0.000000 
50.000000 39.998918 30.625561 22.389668 15.601902 10.350418 6.532672 3.921654 2.239515 1.217209 0.630235 0.311341 0.147151 0.066910 0.029629 0.013137 0.006180 0.003378 0.002298 0.001900 0.001759 0.001711 0.001696 0.001691 0.001689 0.001689 0.001689 0.001689 0.001689 0.001689 0.001689 0.001689 0.001689 0.001689 0.001689 0.001688 0.001688 0.001686 0.001682 0.001675 0.001660 0.001632 0.001584 0.001506 0.001386 0.001213 0.000983 0.000695 0.000360 0.000000 
50.000000 39.998701 30.625141 22.389070 15.601157 10.349559 6.531732 3.920658 2.238483 1.216155 0.629169 0.310268 0.146075 0.065831 0.028550 0.012057 0.005101 0.002298 0.001219 0.000821 0.000680 0.000632 0.000616 0.000611 0.000610 0.000610 0.000609 0.000609 0.000609 0.000609 0.000609 0.000609 0.000609 0.000609 0.000609 0.000609 0.000609 0.000608 0.000607 0.000604 0.000599 0.000589 0.000571 0.000543 0.000499 0.000437 0.000353 0.000250 0.000129 0.000000 
50.000000 39.998621 30.624986 22.388849 15.600882 10.349242 6.531385 3.920290 2.238102 1.215766 0.628775 0.309872 0.145678 0.065434 0.028152 0.011659 0.004702 0.001900 0.000821 0.000422 0.000282 0.000234 0.000218 0.000213 0.000212 0.000211 0.000211 0.000211 0.000211 0.000211 0.000211 0.000211 0.000211 0.000211 0.000211 0.000211 0.000211 0.000211 0.000210 0.000209 0.000207 0.000204 0.000198 0.000188 0.000173 0.000151 0.000122 0.000086 0.000045 0.000000 
50.000000 39.998593 30.624931 22.388771 15.600784 10.349130 6.531262 3.920160 2.237967 1.215628 0.628636 0.309732 0.145537 0.065293 0.028011 0.011518 0.004562 0.001759 0.000680 0.000282 0.000141 0.000093 0.000077 0.000072 0.000071 0.000071 0.000070 0.000070 0.000070 0.000070 0.000070 0.000070 0.000070 0.000070 0.000070 0.000070 0.000070 0.000070 0.000070 0.000070 0.000069 0.000068 0.000066 0.000063 0.000057 0.000050 0.000041 0.000029 0.000015 0.000000 
50.000000 39.998583 30.624912 22.388744 15.600751 10.349092 6.531221 3.920116 2.237921 1.215582 0.628589 0.309685 0.145490 0.065245 0.027963 0.011471 0.004514 0.001711 0.000632 0.000234 0.000093 0.000045 0.000030 0.000025 0.000023 0.000023 0.000023 0.000023 0.000023 0.000023 0.000023 0.000023 0.000023 0.000023 0.000023 0.000023 0.000023 0.000023 0.000022 0.000022 0.000022 0.000022 0.000021 0.000020 0.000018 0.000016 0.000013 0.000009 0.000005 0.000000 
50.000000 39.998580 30.624906 22.388735 15.600741 10.349080 6.531207 3.920102 2.237907 1.215566 0.628574 0.309669 0.145474 0.065230 0.027948 0.011455 0.004498 0.001696 0.000616 0.000218 0.000077 0.000030 0.000014 0.000009 0.000008 0.000007 0.000007 0.000007 0.000007 0.000007 0.000007 0.000007 0.000007 0.000007 0.000007 0.000007 0.000007 0.000007 0.000007 0.000007 0.000007 0.000007 0.000007 0.000006 0.000006 0.000005 0.000004 0.000003 0.000001 0.000000 
50.000000 39.998579 30.624904 22.388733 15.600737 10.349076 6.531203 3.920097 2.237902 1.215562 0.628569 0.309664 0.145469 0.065225 0.027943 0.011450 0.004493 0.001691 0.000612 0.000213 0.000073 0.000025 0.000009 0.000004 0.000003 0.000002 0.000002 0.000002 0.000002 0.000002 0.000002 0.000002 0.000002 0.000002 0.000002 0.000002 0.000002 0.000002 0.000002 0.000002 0.000002 0.000002 0.000002 0.000002 0.000002 0.000002 0.000001 0.000001 0.000000 0.000000 
50.000000 39.998579 30.624904 22.388732 15.600736 10.349075 6.531202 3.920096 2.237901 1.215560 0.628567 0.309663 0.145468 0.065223 0.027941 0.011449 0.004492 0.001690 0.000610 0.000212 0.000071 0.000023 0.000008 0.000003 0.000001 0.000001 0.000001 0.000001 0.000001 0.000001 0.000001 0.000001 0.000001 0.000001 0.000001 0.000001 0.000001 0.000001 0.000001 0.000001 0.000001 0.000001 0.000001 0.000001 0.000001 0.000001 0.000000 0.000000 0.000000 0.000000 
50.000000 39.998579 30.624904 22.388732 15.600736 10.349075 6.531202 3.920096 2.237901 1.215560 0.628567 0.309663 0.145468 0.065223 0.027941 0.011449 0.004492 0.001690 0.000610 0.000212 0.000071 0.000023 0.000008 0.000003 0.000001 0.000001 0.000001 0.000001 0.000001 0.000001 0.000001 0.000001 0.000001 0.000001 0.000001 0.000001 0.000001 0.000001 0.000001 0.000001 0.000001 0.000001 0.000001 0.000001 0.000001 0.000001 0.000000 0.000000 0.000000 0.000000 
50.000000 39.998579 30.624904 22.388733 15.600737 10.349076 6.531203 3.920097 2.237902 1.215562 0.628569 0.309664 0.145469 0.065225 0.027943 0.011450 0.004493 0.001691 0.000612 0.000213 0.000073 0.000025 0.000009 0.000004 0.000003 0.000002 0.000002 0.000002 0.000002 0.000002 0.000002 0.000002 0.000002 0.000002 0.000002 0.000002 0.000002 0.000002 0.000002 0.000002 0.000002 0.000002 0.000002 0.000002 0.000002 0.000002 0.000001 0.000001 0.000000 0.000000 
50.000000 39.998580 30.624906 22.388735 15.600741 10.349080 6.531207 3.920102 2.237907 1.215566 0.628574 0.309669 0.145474 0.065230 0.027948 0.011455 0.004498 0.001696 0.000616 0.000218 0.000077 0.000030 0.000014 0.000009 0.000008 0.000007 0.000007 0.000007 0.000007 0.000007 0.000007 0.000007 0.000007 0.000007 0.000007 0.000007 0.000007 0.000007 0.000007 0.000007 0.000007 0.000007 0.000007 0.000006 0.000006 0.000005 0.000004 0.000003 0.000001 0.000000 
50.000000 39.998583 30.624912 22.388744 15.600751 10.349092 6.531221 3.920116 2.237921 1.215582 0.628589 0.309685 0.145490 0.065245 0.027963 0.011471 0.004514 0.001711 0.000632 0.000234 0.000093 0.000045 0.000030 0.000025 0.000023 0.000023 0.000023 0.000023 0.000023 0.000023 0.000023 0.000023 0.000023 0.000023 0.000023 0.000023 0.000023 0.000023 0.000022 0.000022 0.000022 0.000022 0.000021 0.000020 0.000018 0.000016 0.000013 0.000009 0.000005 0.000000 
50.000000 39.998593 30.624931 22.388771 15.600784 10.349130 6.531262 3.920160 2.237967 1.215628 0.628636 0.309732 0.145537 0.065293 0.028011 0.011518 0.004562 0.001759 0.000680 0.000282 0.000141 0.000093 0.000077 0.000072 0.000071 0.000071 0.000070 0.000070 0.000070 0.000070 0.000070 0.000070 0.000070 0.000070 0.000070 0.000070 0.000070 0.000070 0.000070 0.000070 0.000069 0.000068 0.000066 0.000063 0.000057 0.000050 0.000041 0.000029 0.000015 0.000000 
50.000000 39.998621 30.624986 22.388849 15.600882 10.349242 6.531385 3.920290 2.238102 1.215766 0.628775 0.309872 0.145678 0.065434 0.028152 0.011659 0.004702 0.001900 0.000821 0.000422 0.000282 0.000234 0.000218 0.000213 0.000212 0.000211 0.000211 0.000211 0.000211 0.000211 0.000211 0.000211 0.000211 0.000211 0.000211 0.000211 0.000211 0.000211 0.000210 0.000209 0.000207 0.000204 0.000198 0.000188 0.000173 0.000151 0.000122 0.000086 0.000045 0.000000 
50.000000 39.998701 30.625141 22.389070 15.601157 10.349559 6.531732 3.920658 2.238483 1.216155 0.629169 0.310268 0.146075 0.065831 0.028550 0.012057 0.005101 0.002298 0.001219 0.000821 0.000680 0.000632 0.000616 0.000611 0.000610 0.000610 0.000609 0.000609 0.000609 0.000609 0.000609 0.000609 0.000609 0.000609 0.000609 0.000609 0.000609 0.000608 0.000607 0.000604 0.000599 0.000589 0.000571 0.000543 0.000499 0.000437 0.000353 0.000250 0.000129 0.000000 
50.000000 39.998918 30.625561 22.389668 15.601902 10.350418 6.532672 3.921654 2.239515 1.217209 0.630235 0.311341 0.147151 0.066910 0.029629 0.013137 0.006180 0.003378 0.002298 0.001900 0.001759 0.001711 0.001696 0.001691 0.001689 0.001689 0.001689 0.001689 0.001689 0.001689 0.001689 0.001689 0.001689 0.001689 0.001689 0.001688 0.001688 0.001686 0.001682 0.001675 0.001660 0.001632 0.001584 0.001506 0.001386 0.001213 0.000983 0.000695 0.000360 0.000000 
50.000000 39.999481 30.626651 22.391221 15.603836 10.352645 6.535113 3.924240 2.242194 1.219944 0.633003 0.314127 0.149946 0.069708 0.032429 0.015938 0.008982 0.006180 0.005101 0.004702 0.004562 0.004514 0.004498 0.004493 0.004492 0.004491 0.004491 0.004491 0.004491 0.004491 0.004491 0.004491 0.004491 0.004491 0.004491 0.004490 0.004488 0.004484 0.004474 0.004454 0.004415 0.004343 0.004217 0.004011 0.003694 0.003237 0.002624 0.001856 0.000963 0.000000 
50.000000 40.000878 30.629357 22.395075 15.608635 10.358174 6.541172 3.930659 2.248845 1.226736 0.639875 0.321042 0.156883 0.076657 0.039383 0.022894 0.015938 0.013137 0.012057 0.011659 0.011518 0.011471 0.011455 0.011450 0.011449 0.011448 0.011448 0.011448 0.011448 0.011448 0.011448 0.011448 0.011448 0.011448 0.011447 0.011445 0.011440 0.011429 0.011405 0.011356 0.011259 0.011079 0.010764 0.010245 0.009443 0.008284 0.006720 0.004757 0.002470 0.000000 
50.000000 40.004188 30.635767 22.404208 15.620008 10.371278 6.555531 3.945875 2.264611 1.242835 0.656165 0.337435 0.173329 0.093128 0.055866 0.039383 0.032429 0.029629 0.028550 0.028152 0.028011 0.027963 0.027948 0.027943 0.027941 0.027941 0.027941 0.027941 0.027941 0.027941 0.027940 0.027940 0.027940 0.027939 0.027938 0.027933 0.027922 0.027896 0.027840 0.027724 0.027494 0.027065 0.026311 0.025063 0.023125 0.020309 0.016495 0.011689 0.006074 0.000000 
50.000000 40.011667 30.650254 22.424846 15.645711 10.400893 6.587985 3.980266 2.300247 1.279226 0.692987 0.374491 0.210506 0.130363 0.093128 0.076657 0.069708 0.066910 0.065831 0.065434 0.065293 0.065245 0.065230 0.065225 0.065223 0.065223 0.065223 0.065223 0.065223 0.065223 0.065223 0.065222 0.065222 0.065220 0.065216 0.065206 0.065182 0.065125 0.065000 0.064738 0.064219 0.063247 0.061528 0.058665 0.054194 0.047662 0.038766 0.027506 0.014304 0.000000 
50.000000 40.027759 30.681422 22.469252 15.701017 10.464620 6.657825 4.054279 2.376942 1.357547 0.772240 0.454249 0.290522 0.210506 0.173329 0.156883 0.149946 0.147151 0.146075 0.145678 0.145537 0.145490 0.145474 0.145469 0.145468 0.145467 0.145467 0.145467 0.145467 0.145467 0.145467 0.145467 0.145465 0.145462 0.145454 0.145433 0.145381 0.145261 0.144996 0.144439 0.143329 0.141235 0.137509 0.131262 0.121437 0.106983 0.087167 0.061946 0.032250 0.000000 
50.000000 40.060672 30.745174 22.560085 15.814150 10.594989 6.800705 4.205703 2.533861 1.517798 0.934400 0.617444 0.454249 0.374491 0.337435 0.321042 0.314127 0.311341 0.310268 0.309872 0.309732 0.309685 0.309669 0.309664 0.309663 0.309662 0.309662 0.309662 0.309662 0.309662 0.309662 0.309661 0.309659 0.309653 0.309636 0.309594 0.309492 0.309253 0.308722 0.307600 0.305352 0.301081 0.293421 0.280479 0.259951 0.229494 0.187401 0.133444 0.069571 0.000000 
50.000000 40.124573 30.868952 22.736450 16.033825 10.848140 7.078167 4.499770 2.838609 1.829027 1.249343 0.934400 0.772240 0.692987 0.656165 0.639875 0.633003 0.630235 0.629169 0.628775 0.628636 0.628589 0.628574 0.628569 0.628567 0.628567 0.628567 0.628567 0.628567 0.628566 0.628566 0.628565 0.628561 0.628549 0.628519 0.628441 0.628249 0.627801 0.626800 0.624672 0.620373 0.612145 0.597257 0.571862 0.531175 0.470182 0.385030 0.274885 0.143578 0.000000 
50.000000 40.242153 31.096711 23.060981 16.438069 11.314012 7.588800 5.040984 3.399502 2.401863 1.829027 1.517798 1.357547 1.279226 1.242835 1.226736 1.219944 1.217209 1.216155 1.215766 1.215628 1.215582 1.215566 1.215562 1.215560 1.215560 1.215560 1.215560 1.215559 1.215559 1.215558 1.215556 1.215549 1.215529 1.215477 1.215341 1.215006 1.214218 1.212447 1.208654 1.200931 1.186015 1.158747 1.111711 1.035425 0.919599 0.755821 0.541468 0.283536 0.000000 
50.000000 40.446871 31.493270 23.626053 17.141965 12.125251 8.478023 5.983497 4.376316 3.399502 2.838609 2.533861 2.376942 2.300247 2.264611 2.248845 2.242194 2.239515 2.238483 2.238102 2.237967 2.237921 2.237907 2.237902 2.237900 2.237900 2.237900 2.237900 2.237900 2.237899 2.237898 2.237894 2.237883 2.237851 2.237766 2.237546 2.237000 2.235707 2.232780 2.226464 2.213487 2.188158 2.141303 2.059397 1.924583 1.716619 1.417727 1.020429 0.536236 0.000000 
50.000000 40.783623 32.145603 24.555615 18.299938 13.459867 9.940991 7.534197 5.983497 5.040984 4.499770 4.205703 4.054279 3.980266 3.945875 3.930659 3.924240 3.921654 3.920658 3.920290 3.920160 3.920116 3.920102 3.920097 3.920096 3.920095 3.920095 3.920095 3.920095 3.920094 3.920092 3.920087 3.920070 3.920023 3.919895 3.919564 3.918739 3.916770 3.912283 3.902513 3.882237 3.842194 3.767098 3.633737 3.410269 3.058646 2.542527 1.842061 0.973013 0.000000 
50.000000 41.306192 33.157907 25.998164 20.097010 15.531147 12.211550 9.940991 8.478023 7.588800 7.078167 6.800705 6.657825 6.587985 6.555531 6.541172 6.535113 6.532672 6.531732 6.531385 6.531262 6.531221 6.531207 6.531203 6.531201 6.531201 6.531201 6.531201 6.531201 6.531200 6.531197 6.531190 6.531167 6.531102 6.530927 6.530468 6.529320 6.526562 6.520227 6.506305 6.477090 6.418625 6.307254 6.105775 5.760772 5.204269 4.364661 3.192247 1.699570 0.000000 
50.000000 42.070098 34.637746 28.107007 22.724198 18.559302 15.531147 13.459867 12.125251 11.314012 10.848140 10.594989 10.464620 10.400893 10.371278 10.358174 10.352645 10.350418 10.349559 10.349242 10.349130 10.349092 10.349080 10.349076 10.349075 10.349074 10.349074 10.349074 10.349074 10.349073 10.349070 10.349060 10.349032 10.348951 10.348731 10.348154 10.346699 10.343183 10.335038 10.316965 10.278587 10.200667 10.049598 9.770375 9.279651 8.463111 7.185896 5.330229 2.874358 0.000000 
50.000000 43.120681 36.672958 31.007340 26.337511 22.724198 20.097010 18.299938 17.141965 16.438069 16.033825 15.814150 15.701017 15.645711 15.620008 15.608635 15.603836 15.601902 15.601157 15.600882 15.600784 15.600751 15.600740 15.600737 15.600736 15.600736 15.600736 15.600736 15.600735 15.600734 15.600731 15.600720 15.600688 15.600598 15.600351 15.599699 15.598049 15.594033 15.584656 15.563642 15.518470 15.425345 15.241292 14.892741 14.261086 13.168755 11.377073 8.623788 4.754311 0.000000 
50.000000 44.478386 39.303162 34.755644 31.007340 28.107007 25.998164 24.555615 23.626053 23.060981 22.736450 22.560085 22.469252 22.424846 22.404208 22.395075 22.391221 22.389668 22.389070 22.388849 22.388771 22.388744 22.388735 22.388733 22.388732 22.388732 22.388732 22.388731 22.388731 22.388730 22.388727 22.388716 22.388685 22.388597 22.388355 22.387713 22.386081 22.382085 22.372684 22.351419 22.305160 22.208326 22.013088 21.633503 20.921111 19.630268 17.377822 13.628532 7.826220 0.000000 
50.000000 46.125549 42.494141 39.303162 36.672958 34.637746 33.157907 32.145603 31.493270 31.096711 30.868952 30.745174 30.681422 30.650254 30.635767 30.629357 30.626651 30.625561 30.625141 30.624986 30.624931 30.624912 30.624906 30.624904 30.624904 30.624903 30.624903 30.624903 30.624903 30.624902 30.624899 30.624891 30.624866 30.624795 30.624599 30.624078 30.622748 30.619476 30.611729 30.594067 30.555243 30.472840 30.303542 29.965661 29.307517 28.049170 25.674631 21.247070 13.211494 0.000000 
50.000000 48.000049 46.125549 44.478386 43.120681 42.070098 41.306192 40.783623 40.446871 40.242153 40.124573 40.060672 40.027759 40.011667 40.004188 40.000878 39.999481 39.998918 39.998701 39.998621 39.998593 39.998583 39.998580 39.998579 39.998579 39.998579 39.998579 39.998579 39.998578 39.998578 39.998576 39.998572 39.998558 39.998518 39.998408 39.998114 39.997363 39.995509 39.991101 39.980995 39.958617 39.910635 39.810610 39.606622 39.195740 38.366370 36.652167 32.914055 24.000025 0.000000 
50.000000 50.000000 50.000000 50.000000 50.000000 50.000000 50.000000 50.000000 50.000000 50.000000 50.000000 50.000000 50.000000 50.000000 50.000000 50.000000 50.000000 50.000000 50.000000 50.000000 50.000000 50.000000 50.000000 50.000000 50.000000 50.000000 50.000000 50.000000 50.000000 50.000000 50.000000 50.000000 50.000000 50.000000 50.000000 50.000000 50.000000 50.000000 50.000000 50.000000 50.000000 50.000000 50.000000 50.000000 50.000000 50.000000 50.000000 50.000000 50.000000 50.000000 
