50.000000 50.000000 50.000000 50.000000 50.000000 50.000000 50.000000 50.000000 50.000000 50.000000 50.000000 50.000000 50.000000 50.000000 50.000000 50.000000 50.000000 50.000000 50.000000 50.000000 50.000000 50.000000 50.000000 50.000000 50.000000 50.000000 50.000000 50.000000 50.000000 50.000000 50.000000 50.000000 50.000000 50.000000 50.000000 50.000000 50.000000 50.000000 50.000000 50.000000 50.000000 50.000000 50.000000 50.000000 50.000000 50.000000 50.000000 50.000000 50.000000 50.000000 
50.000000 48.817281 47.678469 46.622586 45.679787 44.868958 44.197164 43.660814 43.248058 42.941778 42.722557 42.571144 42.470186 42.405169 42.364710 42.340369 42.326205 42.318229 42.313880 42.311582 42.310406 42.309821 42.309540 42.309408 42.309348 42.309320 42.309305 42.309292 42.309272 42.309229 42.309136 42.308936 42.308518 42.307663 42.305958 42.302636 42.296315 42.284553 42.263124 42.224822 42.157479 42.040596 41.839304 41.492808 40.890238 39.814800 37.799563 33.710895 24.408641 0.000000 
50.000000 47.678469 45.443124 43.370559 41.519967 39.928418 38.609780 37.557003 36.746826 36.145648 35.715354 35.418159 35.219996 35.092381 35.012969 34.965194 34.937393 34.921738 34.913201 34.908692 34.906383 34.905236 34.904684 34.904425 34.904306 34.904252 34.904223 34.904199 34.904160 34.904080 34.903906 34.903533 34.902753 34.901160 34.897987 34.891820 34.880113 34.858398 34.818993 34.748924 34.626590 34.416312 34.059189 33.457143 32.443848 30.729791 27.797943 22.721562 13.967574 0.000000 
50.000000 46.622586 43.370559 40.355353 37.663085 35.347684 33.429325 31.897750 30.719113 29.844533 29.218556 28.786208 28.497933 28.312287 28.196765 28.127267 28.086826 28.064052 28.051635 28.045075 28.041716 28.040048 28.039245 28.038868 28.038696 28.038617 28.038576 28.038542 28.038490 28.038382 28.038149 28.037649 28.036607 28.034482 28.030260 28.022080 28.006613 27.978061 27.926560 27.835694 27.678660 27.412394 26.968552 26.239655 25.058027 23.165512 20.177677 15.572616 8.823023 0.000000 
50.000000 45.679787 41.519967 37.663085 34.219298 31.257590 28.803766 26.844699 25.337095 24.218421 23.417743 22.864739 22.496018 22.258570 22.110814 22.021925 21.970202 21.941075 21.925194 21.916805 21.912509 21.910376 21.909348 21.908867 21.908647 21.908546 21.908495 21.908454 21.908394 21.908270 21.908004 21.907435 21.906250 21.903843 21.899078 21.889880 21.872574 21.840821 21.783974 21.684617 21.514965 21.231745 20.769175 20.029792 18.873733 17.109649 14.497573 10.790176 5.864987 0.000000 
50.000000 44.868958 39.928418 35.347684 31.257590 27.740066 24.825758 22.499073 20.708582 19.380014 18.429117 17.772370 17.334483 17.052497 16.877030 16.771472 16.710051 16.675463 16.656604 16.646642 16.641542 16.639009 16.637788 16.637217 16.636956 16.636837 16.636778 16.636734 16.636670 16.636543 16.636269 16.635688 16.634481 16.632036 16.627215 16.617954 16.600628 16.569054 16.512997 16.416024 16.252542 15.983952 15.554033 14.884158 13.870033 12.383857 10.289657 7.484569 3.978719 0.000000 
50.000000 44.197164 38.609780 33.429325 28.803766 24.825758 21.529958 18.898724 16.873889 15.371451 14.296122 13.553446 13.058272 12.739401 12.540984 12.421623 12.352171 12.313062 12.291738 12.280475 12.274708 12.271844 12.270464 12.269818 12.269524 12.269390 12.269325 12.269279 12.269217 12.269096 12.268838 12.268292 12.267161 12.264878 12.260397 12.251832 12.235906 12.207094 12.156383 12.069572 11.925070 11.691308 11.324127 10.764979 9.941601 8.773974 7.189670 5.152637 2.704355 0.000000 
50.000000 43.660814 37.557003 31.897750 26.844699 22.499073 18.898724 16.024375 13.812476 12.171254 10.996609 10.185352 9.644460 9.296153 9.079425 8.949050 8.873191 8.830474 8.807185 8.794883 8.788584 8.785457 8.783950 8.783245 8.782923 8.782778 8.782709 8.782664 8.782607 8.782500 8.782273 8.781794 8.780805 8.778819 8.774937 8.767557 8.753920 8.729430 8.686697 8.614291 8.495223 8.305364 8.012187 7.574597 6.945039 6.075525 4.929198 3.497815 1.821509 0.000000 
50.000000 43.248058 36.746826 30.719113 25.337095 20.708582 16.873889 13.812476 11.456648 9.708651 8.457600 7.593586 7.017527 6.646581 6.415769 6.276925 6.196139 6.150650 6.125848 6.112748 6.106041 6.102711 6.101107 6.100356 6.100014 6.099860 6.099789 6.099745 6.099695 6.099605 6.099417 6.099022 6.098210 6.096584 6.093422 6.087443 6.076464 6.056887 6.023014 5.966177 5.873762 5.728324 5.507111 5.182581 4.724630 4.105350 3.306720 2.330514 1.207461 0.000000 
50.000000 42.941778 36.145648 29.844533 24.218421 19.380014 15.371451 12.171254 9.708651 7.881446 6.573720 5.670575 5.068436 4.680701 4.439446 4.294322 4.209884 4.162339 4.136417 4.122726 4.115716 4.112236 4.110559 4.109775 4.109417 4.109258 4.109185 4.109143 4.109101 4.109030 4.108882 4.108573 4.107942 4.106683 4.104246 4.099663 4.091296 4.076482 4.051052 4.008767 3.940723 3.834889 3.676031 3.446381 3.127473 2.703457 2.165873 1.519058 0.784299 0.000000 
50.000000 42.722557 35.715354 29.218556 23.417743 18.429117 14.296122 10.996609 8.457600 6.573720 5.225446 4.294307 3.673511 3.273768 3.025044 2.875430 2.788380 2.739366 2.712643 2.698529 2.691303 2.687716 2.685987 2.685178 2.684811 2.684647 2.684573 2.684534 2.684499 2.684444 2.684334 2.684105 2.683638 2.682712 2.680927 2.677586 2.671524 2.660859 2.642688 2.612723 2.564953 2.491424 2.382318 2.226551 2.013092 1.733125 1.382862 0.966431 0.497735 0.000000 
50.000000 42.571144 35.418159 28.786208 22.864739 17.772370 13.553446 10.185352 7.593586 5.670575 4.294307 3.343844 2.710170 2.302139 2.048262 1.895549 1.806698 1.756670 1.729395 1.714989 1.707614 1.703953 1.702189 1.701363 1.700988 1.700821 1.700747 1.700711 1.700682 1.700642 1.700563 1.700401 1.700072 1.699422 1.698174 1.695851 1.691659 1.684328 1.671922 1.651619 1.619523 1.570571 1.498654 1.397064 1.259373 1.080766 0.859649 0.599166 0.308020 0.000000 
50.000000 42.470186 35.219996 28.497933 22.496018 17.334483 13.058272 9.644460 7.017527 5.068436 3.673511 2.710170 2.067916 1.654363 1.397052 1.242276 1.152225 1.101522 1.073879 1.059280 1.051806 1.048095 1.046307 1.045471 1.045091 1.044922 1.044848 1.044813 1.044790 1.044761 1.044707 1.044597 1.044375 1.043939 1.043105 1.041559 1.038783 1.033958 1.025842 1.012651 0.991953 0.960640 0.915030 0.851179 0.765429 0.655197 0.519872 0.361598 0.185633 0.000000 
50.000000 42.405169 35.092381 28.312287 22.258570 17.052497 12.739401 9.296153 6.646581 4.680701 3.273768 2.302139 1.654363 1.237258 0.977738 0.821635 0.730812 0.679675 0.651796 0.637071 0.629534 0.625791 0.623988 0.623145 0.622762 0.622592 0.622518 0.622485 0.622465 0.622444 0.622409 0.622337 0.622194 0.621913 0.621378 0.620392 0.618629 0.615580 0.610481 0.602244 0.589404 0.570117 0.542233 0.503495 0.451869 0.385996 0.305675 0.212268 0.108854 0.000000 
50.000000 42.364710 35.012969 28.196765 22.110814 16.877030 12.540984 9.079425 6.415769 4.439446 3.025044 2.048262 1.397052 0.977738 0.716846 0.559917 0.468615 0.417208 0.389182 0.374381 0.366803 0.363041 0.361229 0.360381 0.359996 0.359825 0.359752 0.359719 0.359702 0.359687 0.359664 0.359620 0.359531 0.359357 0.359028 0.358423 0.357346 0.355493 0.352410 0.347458 0.339783 0.328326 0.311868 0.289152 0.259076 0.220934 0.174685 0.121149 0.062074 0.000000 
50.000000 42.340369 34.965194 28.127267 22.021925 16.771472 12.421623 8.949050 6.276925 4.294322 2.875430 1.895549 1.242276 0.821635 0.559917 0.402493 0.310903 0.259334 0.231220 0.216372 0.208770 0.204997 0.203179 0.202328 0.201942 0.201771 0.201698 0.201666 0.201651 0.201640 0.201625 0.201598 0.201545 0.201442 0.201247 0.200889 0.200256 0.199172 0.197375 0.194503 0.190076 0.183503 0.174113 0.161227 0.144257 0.122848 0.097007 0.067206 0.034411 0.000000 
50.000000 42.326205 34.937393 28.086826 21.970202 16.710051 12.352171 8.873191 6.196139 4.209884 2.788380 1.806698 1.152225 0.730812 0.468615 0.310903 0.219146 0.167483 0.139317 0.124442 0.116827 0.113046 0.111225 0.110373 0.109986 0.109815 0.109742 0.109710 0.109696 0.109688 0.109679 0.109663 0.109632 0.109573 0.109462 0.109258 0.108899 0.108287 0.107276 0.105668 0.103201 0.099555 0.094372 0.087293 0.078014 0.066359 0.052344 0.036233 0.018542 0.000000 
50.000000 42.318229 34.921738 28.064053 21.941075 16.675463 12.313062 8.830475 6.150650 4.162339 2.739366 1.756670 1.101522 0.679675 0.417208 0.259334 0.167483 0.115767 0.087573 0.072682 0.065059 0.061275 0.059452 0.058599 0.058212 0.058041 0.057967 0.057936 0.057923 0.057916 0.057910 0.057901 0.057884 0.057851 0.057789 0.057678 0.057481 0.057147 0.056598 0.055727 0.054397 0.052440 0.049670 0.045901 0.040982 0.034825 0.027446 0.018985 0.009711 0.000000 
50.000000 42.313880 34.913201 28.051635 21.925194 16.656604 12.291738 8.807185 6.125848 4.136417 2.712643 1.729395 1.073880 0.651796 0.389183 0.231220 0.139318 0.087573 0.059363 0.044465 0.036837 0.033051 0.031227 0.030374 0.029986 0.029815 0.029741 0.029710 0.029698 0.029692 0.029687 0.029682 0.029673 0.029655 0.029623 0.029563 0.029459 0.029283 0.028995 0.028539 0.027844 0.026827 0.025392 0.023447 0.020916 0.017759 0.013986 0.009668 0.004943 0.000000 
50.000000 42.311582 34.908692 28.045076 21.916805 16.646643 12.280476 8.794884 6.112749 4.122727 2.698530 1.714990 1.059281 0.637073 0.374382 0.216373 0.124443 0.072683 0.044465 0.029562 0.021933 0.018145 0.016321 0.015467 0.015079 0.014908 0.014835 0.014804 0.014791 0.014786 0.014783 0.014780 0.014775 0.014766 0.014749 0.014718 0.014665 0.014575 0.014428 0.014197 0.013846 0.013333 0.012612 0.011638 0.010374 0.008802 0.006928 0.004787 0.002447 0.000000 
50.000000 42.310406 34.906384 28.041718 21.912511 16.641544 12.274710 8.788587 6.106044 4.115719 2.691306 1.707617 1.051809 0.629537 0.366806 0.208773 0.116830 0.065062 0.036840 0.021935 0.014304 0.010516 0.008691 0.007838 0.007450 0.007279 0.007205 0.007175 0.007162 0.007157 0.007154 0.007152 0.007150 0.007145 0.007137 0.007122 0.007095 0.007051 0.006978 0.006864 0.006692 0.006441 0.006090 0.005616 0.005003 0.004243 0.003337 0.002305 0.001178 0.000000 
50.000000 42.309823 34.905239 28.040052 21.910381 16.639014 12.271850 8.785464 6.102718 4.112243 2.687723 1.703960 1.048103 0.625799 0.363049 0.205005 0.113054 0.061283 0.033058 0.018152 0.010521 0.006733 0.004907 0.004054 0.003666 0.003495 0.003421 0.003391 0.003378 0.003373 0.003371 0.003370 0.003368 0.003366 0.003362 0.003355 0.003342 0.003320 0.003286 0.003231 0.003149 0.003030 0.002863 0.002639 0.002350 0.001992 0.001566 0.001081 0.000552 0.000000 
50.000000 42.309543 34.904690 28.039254 21.909360 16.637803 12.270480 8.783967 6.101125 4.110578 2.686007 1.702208 1.046327 0.624008 0.361249 0.203199 0.111245 0.059472 0.031247 0.016340 0.008709 0.004920 0.003095 0.002241 0.001853 0.001682 0.001609 0.001578 0.001566 0.001561 0.001559 0.001558 0.001557 0.001556 0.001554 0.001550 0.001544 0.001534 0.001518 0.001492 0.001454 0.001398 0.001321 0.001217 0.001083 0.000917 0.000721 0.000498 0.000254 0.000000 
50.000000 42.309416 34.904441 28.038892 21.908897 16.637252 12.269858 8.783288 6.100402 4.109822 2.685227 1.701413 1.045521 0.623196 0.360432 0.202379 0.110424 0.058650 0.030424 0.015517 0.007886 0.004097 0.002272 0.001418 0.001031 0.000859 0.000786 0.000755 0.000743 0.000738 0.000736 0.000735 0.000734 0.000734 0.000733 0.000731 0.000728 0.000723 0.000716 0.000703 0.000685 0.000659 0.000622 0.000573 0.000510 0.000431 0.000339 0.000234 0.000119 0.000000 
50.000000 42.309368 34.904346 28.038753 21.908720 16.637042 12.269620 8.783028 6.100125 4.109533 2.684930 1.701109 1.045213 0.622885 0.360120 0.202066 0.110111 0.058336 0.030110 0.015203 0.007572 0.003783 0.001958 0.001104 0.000716 0.000545 0.000472 0.000441 0.000428 0.000423 0.000421 0.000421 0.000420 0.000420 0.000419 0.000418 0.000417 0.000414 0.000409 0.000402 0.000392 0.000377 0.000355 0.000327 0.000291 0.000246 0.000193 0.000133 0.000068 0.000000 
50.000000 42.309368 34.904346 28.038753 21.908720 16.637042 12.269620 8.783028 6.100125 4.109533 2.684930 1.701109 1.045213 0.622885 0.360120 0.202066 0.110111 0.058336 0.030110 0.015203 0.007572 0.003783 0.001958 0.001104 0.000716 0.000545 0.000472 0.000441 0.000428 0.000423 0.000421 0.000421 0.000420 0.000420 0.000419 0.000418 0.000417 0.000414 0.000409 0.000402 0.000392 0.000377 0.000355 0.000327 0.000291 0.000246 0.000193 0.000133 0.000068 0.000000 
50.000000 42.309416 34.904441 28.038892 21.908897 16.637252 12.269858 8.783288 6.100402 4.109822 2.685227 1.701413 1.045521 0.623196 0.360432 0.202379 0.110424 0.058650 0.030424 0.015517 0.007886 0.004097 0.002272 0.001418 0.001031 0.000859 0.000786 0.000755 0.000743 0.000738 0.000736 0.000735 0.000734 0.000734 0.000733 0.000731 0.000728 0.000723 0.000716 0.000703 0.000685 0.000659 0.000622 0.000573 0.000510 0.000431 0.000339 0.000234 0.000119 0.000000 
50.000000 42.309543 34.904690 28.039254 21.909360 16.637803 12.270480 8.783967 6.101125 4.110578 2.686007 1.702208 1.046327 0.624008 0.361249 0.203199 0.111245 0.059472 0.031247 0.016340 0.008709 0.004920 0.003095 0.002241 0.001853 0.001682 0.001609 0.001578 0.001566 0.001561 0.001559 0.001558 0.001557 0.001556 0.001554 0.001550 0.001544 0.001534 0.001518 0.001492 0.001454 0.001398 0.001321 0.001217 0.001083 0.000917 0.000721 0.000498 0.000254 0.000000 
50.000000 42.309823 34.905239 28.040052 21.910381 16.639014 12.271850 8.785464 6.102718 4.112243 2.687723 1.703960 1.048103 0.625799 0.363049 0.205005 0.113054 0.061283 0.033058 0.018152 0.010521 0.006733 0.004907 0.004054 0.003666 0.003495 0.003421 0.003391 0.003378 0.003373 0.003371 0.003370 0.003368 0.003366 0.003362 0.003355 0.003342 0.003320 0.003286 0.003231 0.003149 0.003030 0.002863 0.002639 0.002350 0.001992 0.001566 0.001081 0.000552 0.000000 
50.000000 42.310406 34.906384 28.041718 21.912511 16.641544 12.274710 8.788587 6.106044 4.115719 2.691306 1.707617 1.051809 0.629537 0.366806 0.208773 0.116830 0.065062 0.036840 0.021935 0.014304 0.010516 0.008691 0.007838 0.007450 0.007279 0.007205 0.007175 0.007162 0.007157 0.007154 0.007152 0.007150 0.007145 0.007137 0.007122 0.007095 0.007051 0.006978 0.006864 0.006692 0.006441 0.006090 0.005616 0.005003 0.004243 0.003337 0.002305 0.001178 0.000000 
50.000000 42.311582 34.908692 28.045076 21.916805 16.646643 12.280476 8.794884 6.112749 4.122727 2.698530 1.714990 1.059281 0.637073 0.374382 0.216373 0.124443 0.072683 0.044465 0.029562 0.021933 0.018145 0.016321 0.015467 0.015079 0.014908 0.014835 0.014804 0.014791 0.014786 0.014783 0.014780 0.014775 0.014766 0.014749 0.014718 0.014665 0.014575 0.014428 0.014197 0.013846 0.013333 0.012612 0.011638 0.010374 0.008802 0.006928 0.004787 0.002447 0.000000 
50.000000 42.313880 34.913201 28.051635 21.925194 16.656604 12.291738 8.807185 6.125848 4.136417 2.712643 1.729395 1.073880 0.651796 0.389183 0.231220 0.139318 0.087573 0.059363 0.044465 0.036837 0.033051 0.031227 0.030374 0.029986 0.029815 0.029741 0.029710 0.029698 0.029692 0.029687 0.029682 0.029673 0.029655 0.029623 0.029563 0.029459 0.029283 0.028995 0.028539 0.027844 0.026827 0.025392 0.023447 0.020916 0.017759 0.013986 0.009668 0.004943 0.000000 
50.000000 42.318229 34.921738 28.064053 21.941075 16.675463 12.313062 8.830475 6.150650 4.162339 2.739366 1.756670 1.101522 0.679675 0.417208 0.259334 0.167483 0.115767 0.087573 0.072682 0.065059 0.061275 0.059452 0.058599 0.058212 0.058041 0.057967 0.057936 0.057923 0.057916 0.057910 0.057901 0.057884 0.057851 0.057789 0.057678 0.057481 0.057147 0.056598 0.055727 0.054397 0.052440 0.049670 0.045901 0.040982 0.034825 0.027446 0.018985 0.009711 0.000000 
50.000000 42.326205 34.937393 28.086826 21.970202 16.710051 12.352171 8.873191 6.196139 4.209884 2.788380 1.806698 1.152225 0.730812 0.468615 0.310903 0.219146 0.167483 0.139317 0.124442 0.116827 0.113046 0.111225 0.110373 0.109986 0.109815 0.109742 0.109710 0.109696 0.109688 0.109679 0.109663 0.109632 0.109573 0.109462 0.109258 0.108899 0.108287 0.107276 0.105668 0.103201 0.099555 0.094372 0.087293 0.078014 0.066359 0.052344 0.036233 0.018542 0.000000 
50.000000 42.340369 34.965194 28.127267 22.021925 16.771472 12.421623 8.949050 6.276925 4.294322 2.875430 1.895549 1.242276 0.821635 0.559917 0.402493 0.310903 0.259334 0.231220 0.216372 0.208770 0.204997 0.203179 0.202328 0.201942 0.201771 0.201698 0.201666 0.201651 0.201640 0.201625 0.201598 0.201545 0.201442 0.201247 0.200889 0.200256 0.199172 0.197375 0.194503 0.190076 0.183503 0.174113 0.161227 0.144257 0.122848 0.097007 0.067206 0.034411 0.000000 
50.000000 42.364710 35.012969 28.196765 22.110814 16.877030 12.540984 9.079425 6.415769 4.439446 3.025044 2.048262 1.397052 0.977738 0.716846 0.559917 0.468615 0.417208 0.389182 0.374381 0.366803 0.363041 0.361229 0.360381 0.359996 0.359825 0.359752 0.359719 0.359702 0.359687 0.359664 0.359620 0.359531 0.359357 0.359028 0.358423 0.357346 0.355493 0.352410 0.347458 0.339783 0.328326 0.311868 0.289152 0.259076 0.220934 0.174685 0.121149 0.062074 0.000000 
50.000000 42.405169 35.092381 28.312287 22.258570 17.052497 12.739401 9.296153 6.646581 4.680701 3.273768 2.302139 1.654363 1.237258 0.977738 0.821635 0.730812 0.679675 0.651796 0.637071 0.629534 0.625791 0.623988 0.623145 0.622762 0.622592 0.622518 0.622485 0.622465 0.622444 0.622409 0.622337 0.622194 0.621913 0.621378 0.620392 0.618629 0.615580 0.610481 0.602244 0.589404 0.570117 0.542233 0.503495 0.451869 0.385996 0.305675 0.212268 0.108854 0.000000 
50.000000 42.470186 35.219996 28.497933 22.496018 17.334483 13.058272 9.644460 7.017527 5.068436 3.673511 2.710170 2.067916 1.654363 1.397052 1.242276 1.152225 1.101522 1.073879 1.059280 1.051806 1.048095 1.046307 1.045471 1.045091 1.044922 1.044848 1.044813 1.044790 1.044761 1.044707 1.044597 1.044375 1.043939 1.043105 1.041559 1.038783 1.033958 1.025842 1.012651 0.991953 0.960640 0.915030 0.851179 0.765429 0.655197 0.519872 0.361598 0.185633 0.000000 
50.000000 42.571144 35.418159 28.786208 22.864739 17.772370 13.553446 10.185352 7.593586 5.670575 4.294307 3.343844 2.710170 2.302139 2.048262 1.895549 1.806698 1.756670 1.729395 1.714989 1.707614 1.703953 1.702189 1.701363 1.700988 1.700821 1.700747 1.700711 1.700682 1.700642 1.700563 1.700401 1.700072 1.699422 1.698174 1.695851 1.691659 1.684328 1.671922 1.651619 1.619523 1.570571 1.498654 1.397064 1.259373 1.080766 0.859649 0.599166 0.308020 0.000000 
50.000000 42.722557 35.715354 29.218556 23.417743 18.429117 14.296122 10.996609 8.457600 6.573720 5.225446 4.294307 3.673511 3.273768 3.025044 2.875430 2.788380 2.739366 2.712643 2.698529 2.691303 2.687716 2.685987 2.685178 2.684811 2.684647 2.684573 2.684534 2.684499 2.684444 2.684334 2.684105 2.683638 2.682712 2.680927 2.677586 2.671524 2.660859 2.642688 2.612723 2.564953 2.491424 2.382318 2.226551 2.013092 1.733125 1.382862 0.966431 0.497735 0.000000 
50.000000 42.941778 36.145648 29.844533 24.218421 19.380014 15.371451 12.171254 9.708651 7.881446 6.573720 5.670575 5.068436 4.680701 4.439446 4.294322 4.209884 4.162339 4.136417 4.122726 4.115716 4.112236 4.110559 4.109775 4.109417 4.109258 4.109185 4.109143 4.109101 4.109030 4.108882 4.108573 4.107942 4.106683 4.104246 4.099663 4.091296 4.076482 4.051052 4.008767 3.940723 3.834889 3.676031 3.446381 3.127473 2.703457 2.165873 1.519058 0.784299 0.000000 
50.000000 43.248058 36.746826 30.719113 25.337095 20.708582 16.873889 13.812476 11.456648 9.708651 8.457600 7.593586 7.017527 6.646581 6.415769 6.276925 6.196139 6.150650 6.125848 6.112748 6.106041 6.102711 6.101107 6.100356 6.100014 6.099860 6.099789 6.099745 6.099695 6.099605 6.099417 6.099022 6.098210 6.096584 6.093422 6.087443 6.076464 6.056887 6.023014 5.966177 5.873762 5.728324 5.507111 5.182581 4.724630 4.105350 3.306720 2.330514 1.207461 0.000000 
50.000000 43.660814 37.557003 31.897750 26.844699 22.499073 18.898724 16.024375 13.812476 12.171254 10.996609 10.185352 9.644460 9.296153 9.079425 8.949050 8.873191 8.830474 8.807185 8.794883 8.788584 8.785457 8.783950 8.783245 8.782923 8.782778 8.782709 8.782664 8.782607 8.782500 8.782273 8.781794 8.780805 8.778819 8.774937 8.767557 8.753920 8.729430 8.686697 8.614291 8.495223 8.305364 8.012187 7.574597 6.945039 6.075525 4.929198 3.497815 1.821509 0.000000 
50.000000 44.197164 38.609780 33.429325 28.803766 24.825758 21.529958 18.898724 16.873889 15.371451 14.296122 13.553446 13.058272 12.739401 12.540984 12.421623 12.352171 12.313062 12.291738 12.280475 12.274708 12.271844 12.270464 12.269818 12.269524 12.269390 12.269325 12.269279 12.269217 12.269096 12.268838 12.268292 12.267161 12.264878 12.260397 12.251832 12.235906 12.207094 12.156383 12.069572 11.925070 11.691308 11.324127 10.764979 9.941601 8.773974 7.189670 5.152637 2.704355 0.000000 
50.000000 44.868958 39.928418 35.347684 31.257590 27.740066 24.825758 22.499073 20.708582 19.380014 18.429117 17.772370 17.334483 17.052497 16.877030 16.771472 16.710051 16.675463 16.656604 16.646642 16.641542 16.639009 16.637788 16.637217 16.636956 16.636837 16.636778 16.636734 16.636670 16.636543 16.636269 16.635688 16.634481 16.632036 16.627215 16.617954 16.600628 16.569054 16.512997 16.416024 16.252542 15.983952 15.554033 14.884158 13.870033 12.383857 10.289657 7.484569 3.978719 0.000000 
50.000000 45.679787 41.519967 37.663085 34.219298 31.257590 28.803766 26.844699 25.337095 24.218421 23.417743 22.864739 22.496018 22.258570 22.110814 22.021925 21.970202 21.941075 21.925194 21.916805 21.912509 21.910376 21.909348 21.908867 21.908647 21.908546 21.908495 21.908454 21.908394 21.908270 21.908004 21.907435 21.906250 21.903843 21.899078 21.889880 21.872574 21.840821 21.783974 21.684617 21.514965 21.231745 20.769175 20.029792 18.873733 17.109649 14.497573 10.790176 5.864987 0.000000 
50.000000 46.622586 43.370559 40.355353 37.663085 35.347684 33.429325 31.897750 30.719113 29.844533 29.218556 28.786208 28.497933 28.312287 28.196765 28.127267 28.086826 28.064052 28.051635 28.045075 28.041716 28.040048 28.039245 28.038868 28.038696 28.038617 28.038576 28.038542 28.038490 28.038382 28.038149 28.037649 28.036607 28.034482 28.030260 28.022080 28.006613 27.978061 27.926560 27.835694 27.678660 27.412394 26.968552 26.239655 25.058027 23.165512 20.177677 15.572616 8.823023 0.000000 
50.000000 47.678469 45.443124 43.370559 41.519967 39.928418 38.609780 37.557003 36.746826 36.145648 35.715354 35.418159 35.219996 35.092381 35.012969 34.965194 34.937393 34.921738 34.913201 34.908692 34.906383 34.905236 34.904684 34.904425 34.904306 34.904252 34.904223 34.904199 34.904160 34.904080 34.903906 34.903533 34.902753 34.901160 34.897987 34.891820 34.880113 34.858398 34.818993 34.748924 34.626590 34.416312 34.059189 33.457143 32.443848 30.729791 27.797943 22.721562 13.967574 0.000000 
50.000000 48.817281 47.678469 46.622586 45.679787 44.868958 44.197164 43.660814 43.248058 42.941778 42.722557 42.571144 42.470186 42.405169 42.364710 42.340369 42.326205 42.318229 42.313880 42.311582 42.310406 42.309821 42.309540 42.309408 42.309348 42.309320 42.309305 42.309292 42.309272 42.309229 42.309136 42.308936 42.308518 42.307663 42.305958 42.302636 42.296315 42.284553 42.263124 42.224822 42.157479 42.040596 41.839304 41.492808 40.890238 39.814800 37.799563 33.710895 24.408641 0.000000 
50.000000 50.000000 50.000000 50.000000 50.000000 50.000000 50.000000 50.000000 50.000000 50.000000 50.000000 50.000000 50.000000 50.000000 50.000000 50.000000 50.000000 50.000000 50.000000 50.000000 50.000000 50.000000 50.000000 50.000000 50.000000 50.000000 50.000000 50.000000 50.000000 50.000000 50.000000 50.000000 50.000000 50.000000 50.000000 50.000000 50.000000 50.000000 50.000000 50.000000 50.000000 50.000000 50.000000 50.000000 50.000000 50.000000 50.000000 50.000000 50.000000 50.000000 
