50.000000 50.000000 50.000000 50.000000 50.000000 50.000000 50.000000 50.000000 50.000000 50.000000 50.000000 50.000000 50.000000 50.000000 50.000000 50.000000 50.000000 50.000000 50.000000 50.000000 50.000000 50.000000 50.000000 50.000000 50.000000 50.000000 50.000000 50.000000 50.000000 50.000000 50.000000 50.000000 50.000000 50.000000 50.000000 50.000000 50.000000 50.000000 50.000000 50.000000 50.000000 50.000000 50.000000 50.000000 50.000000 50.000000 50.000000 50.000000 50.000000 50.000000 
50.000000 47.631102 45.438140 43.557939 42.063562 40.961100 40.204933 39.721835 39.433758 39.273073 39.189050 39.147768 39.128670 39.120331 39.116888 39.115541 39.115041 39.114864 39.114805 39.114785 39.114779 39.114778 39.114777 39.114777 39.114777 39.114777 39.114777 39.114777 39.114777 39.114777 39.114777 39.114776 39.114772 39.114761 39.114726 39.114620 39.114316 39.113472 39.111237 39.105556 39.091701 39.059217 38.985732 38.824473 38.478136 37.740079 36.146664 32.557736 23.815551 0.000000 
50.000000 45.438140 41.215104 37.594392 34.716699 32.593747 31.137667 30.207432 29.652739 29.343349 29.181572 29.102092 29.065322 29.049269 29.042641 29.040048 29.039085 29.038745 29.038630 29.038593 29.038582 29.038579 29.038578 29.038577 29.038577 29.038577 29.038577 29.038577 29.038577 29.038577 29.038577 29.038575 29.038569 29.038549 29.038488 29.038305 29.037776 29.036319 29.032474 29.022756 28.999236 28.944655 28.823002 28.561824 28.019538 26.925092 24.767353 20.607552 12.880404 0.000000 
50.000000 43.557939 37.594392 32.481483 28.417893 25.420152 23.364141 22.050681 21.267506 20.830697 20.602305 20.490103 20.438199 20.415539 20.406185 20.402525 20.401166 20.400686 20.400524 20.400472 20.400456 20.400451 20.400450 20.400450 20.400450 20.400449 20.400449 20.400449 20.400449 20.400449 20.400449 20.400447 20.400439 20.400416 20.400343 20.400125 20.399498 20.397780 20.393272 20.381971 20.354902 20.292953 20.157449 19.874021 19.306860 18.221457 16.240741 12.827039 7.411276 0.000000 
50.000000 42.063562 34.716699 28.417893 23.411909 19.719072 17.186426 15.568545 14.603903 14.065912 13.784633 13.646459 13.582544 13.554643 13.543126 13.538620 13.536947 13.536356 13.536157 13.536093 13.536073 13.536068 13.536066 13.536066 13.536065 13.536065 13.536065 13.536065 13.536065 13.536065 13.536065 13.536062 13.536055 13.536033 13.535962 13.535750 13.535146 13.533498 13.529207 13.518549 13.493317 13.436436 13.314436 13.065761 12.584940 11.705954 10.196436 7.791606 4.323482 0.000000 
50.000000 40.961100 32.593747 25.420152 19.719072 15.513615 12.629516 10.787212 9.688819 9.076270 8.756030 8.598728 8.525970 8.494212 8.481103 8.475975 8.474071 8.473398 8.473172 8.473099 8.473077 8.473070 8.473068 8.473068 8.473068 8.473068 8.473068 8.473068 8.473068 8.473067 8.473067 8.473065 8.473059 8.473040 8.472980 8.472803 8.472301 8.470940 8.467422 8.458768 8.438523 8.393558 8.298898 8.110455 7.756807 7.134132 6.113291 4.574208 2.482964 0.000000 
50.000000 40.204933 31.137667 23.364141 17.186426 12.629516 9.504512 7.508411 6.318383 5.654769 5.307853 5.137458 5.058650 5.024253 5.010056 5.004504 5.002442 5.001714 5.001468 5.001390 5.001366 5.001358 5.001356 5.001356 5.001356 5.001356 5.001356 5.001356 5.001356 5.001356 5.001355 5.001354 5.001349 5.001335 5.001291 5.001159 5.000789 4.999792 4.997235 4.991004 4.976592 4.945021 4.879677 4.752256 4.519062 4.120664 3.490120 2.575843 1.380460 0.000000 
50.000000 39.721835 30.207432 22.050681 15.568545 10.787212 7.508411 5.414152 4.165659 3.469474 3.105550 2.926811 2.844149 2.808072 2.793183 2.787360 2.785198 2.784434 2.784177 2.784095 2.784069 2.784062 2.784060 2.784059 2.784059 2.784059 2.784059 2.784059 2.784059 2.784059 2.784059 2.784058 2.784055 2.784045 2.784015 2.783928 2.783681 2.783022 2.781346 2.777295 2.768024 2.747970 2.707076 2.628734 2.488314 2.254110 1.893232 1.384430 0.736102 0.000000 
50.000000 39.433758 29.652739 21.267506 14.603903 9.688819 6.318383 4.165659 2.882353 2.166783 1.792740 1.609040 1.524087 1.487012 1.471712 1.465728 1.463507 1.462722 1.462458 1.462373 1.462347 1.462339 1.462337 1.462337 1.462336 1.462336 1.462336 1.462336 1.462336 1.462336 1.462336 1.462336 1.462334 1.462328 1.462310 1.462256 1.462107 1.461710 1.460706 1.458300 1.452845 1.441176 1.417689 1.373362 1.295261 1.167467 0.974553 0.708084 0.374541 0.000000 
50.000000 39.273073 29.343349 20.830697 14.065912 9.076270 5.654769 3.469474 2.166783 1.440423 1.060750 0.874291 0.788065 0.750436 0.734907 0.728834 0.726580 0.725784 0.725516 0.725430 0.725403 0.725395 0.725393 0.725393 0.725392 0.725392 0.725392 0.725392 0.725392 0.725392 0.725392 0.725392 0.725391 0.725387 0.725377 0.725347 0.725264 0.725043 0.724490 0.723173 0.720211 0.713938 0.701449 0.678177 0.637747 0.572595 0.475795 0.344113 0.181372 0.000000 
50.000000 39.189050 29.181572 20.602305 13.784633 8.756030 5.307853 3.105550 1.792740 1.060750 0.678143 0.490245 0.403356 0.365438 0.349791 0.343672 0.341400 0.340598 0.340328 0.340241 0.340215 0.340207 0.340204 0.340204 0.340204 0.340204 0.340204 0.340204 0.340204 0.340204 0.340204 0.340203 0.340203 0.340201 0.340196 0.340180 0.340137 0.340024 0.339741 0.339071 0.337578 0.334441 0.328255 0.316849 0.297262 0.266085 0.220334 0.158815 0.083494 0.000000 
50.000000 39.147768 29.102092 20.490103 13.646459 8.598728 5.137458 2.926811 1.609040 0.874291 0.490245 0.301644 0.214430 0.176371 0.160666 0.154524 0.152244 0.151439 0.151168 0.151081 0.151054 0.151047 0.151044 0.151044 0.151044 0.151044 0.151044 0.151044 0.151044 0.151044 0.151043 0.151043 0.151043 0.151042 0.151040 0.151032 0.151011 0.150957 0.150822 0.150505 0.149801 0.148335 0.145466 0.140223 0.131306 0.117252 0.096831 0.069618 0.036532 0.000000 
50.000000 39.128670 29.065322 20.438199 13.582544 8.525970 5.058650 2.844149 1.524087 0.788065 0.403356 0.214430 0.127066 0.088943 0.073211 0.067059 0.064775 0.063968 0.063697 0.063610 0.063583 0.063575 0.063573 0.063572 0.063572 0.063572 0.063572 0.063572 0.063572 0.063572 0.063572 0.063572 0.063572 0.063572 0.063570 0.063567 0.063558 0.063533 0.063473 0.063332 0.063021 0.062377 0.061127 0.058858 0.055030 0.049046 0.040419 0.029002 0.015197 0.000000 
50.000000 39.120331 29.049269 20.415539 13.554643 8.494212 5.024253 2.808072 1.487012 0.750436 0.365438 0.176371 0.088943 0.050791 0.035047 0.028891 0.026605 0.025798 0.025527 0.025439 0.025413 0.025405 0.025403 0.025402 0.025402 0.025402 0.025402 0.025402 0.025402 0.025402 0.025402 0.025402 0.025402 0.025402 0.025401 0.025400 0.025396 0.025385 0.025360 0.025301 0.025172 0.024906 0.024391 0.023464 0.021911 0.019498 0.016041 0.011493 0.006015 0.000000 
50.000000 39.116888 29.042641 20.406185 13.543126 8.481103 5.010056 2.793183 1.471712 0.734907 0.349791 0.160666 0.073211 0.035047 0.019299 0.013140 0.010854 0.010047 0.009775 0.009688 0.009661 0.009653 0.009651 0.009650 0.009650 0.009650 0.009650 0.009650 0.009650 0.009650 0.009650 0.009650 0.009650 0.009650 0.009650 0.009649 0.009648 0.009644 0.009634 0.009610 0.009560 0.009456 0.009256 0.008897 0.008299 0.007376 0.006060 0.004336 0.002268 0.000000 
50.000000 39.115541 29.040048 20.402525 13.538620 8.475975 5.004504 2.787360 1.465728 0.728834 0.343672 0.154524 0.067059 0.028891 0.013140 0.006982 0.004695 0.003888 0.003616 0.003529 0.003502 0.003494 0.003492 0.003491 0.003491 0.003491 0.003491 0.003491 0.003491 0.003491 0.003491 0.003491 0.003491 0.003491 0.003491 0.003491 0.003490 0.003488 0.003485 0.003476 0.003457 0.003419 0.003345 0.003213 0.002995 0.002659 0.002182 0.001560 0.000815 0.000000 
50.000000 39.115041 29.039085 20.401166 13.536947 8.474071 5.002442 2.785198 1.463507 0.726580 0.341400 0.152244 0.064775 0.026605 0.010854 0.004695 0.002408 0.001601 0.001329 0.001242 0.001215 0.001207 0.001205 0.001204 0.001204 0.001204 0.001204 0.001204 0.001204 0.001204 0.001204 0.001204 0.001204 0.001204 0.001204 0.001204 0.001204 0.001203 0.001202 0.001199 0.001192 0.001179 0.001153 0.001107 0.001031 0.000914 0.000750 0.000536 0.000280 0.000000 
50.000000 39.114864 29.038745 20.400686 13.536356 8.473398 5.001714 2.784434 1.462722 0.725784 0.340598 0.151439 0.063968 0.025798 0.010047 0.003888 0.001601 0.000793 0.000522 0.000434 0.000408 0.000400 0.000397 0.000397 0.000397 0.000397 0.000397 0.000397 0.000397 0.000397 0.000397 0.000397 0.000397 0.000397 0.000397 0.000397 0.000397 0.000396 0.000396 0.000395 0.000393 0.000388 0.000379 0.000364 0.000339 0.000300 0.000246 0.000176 0.000092 0.000000 
50.000000 39.114805 29.038630 20.400524 13.536157 8.473172 5.001468 2.784177 1.462458 0.725516 0.340328 0.151168 0.063697 0.025527 0.009775 0.003616 0.001329 0.000522 0.000250 0.000163 0.000136 0.000128 0.000126 0.000125 0.000125 0.000125 0.000125 0.000125 0.000125 0.000125 0.000125 0.000125 0.000125 0.000125 0.000125 0.000125 0.000125 0.000125 0.000125 0.000124 0.000124 0.000122 0.000119 0.000115 0.000107 0.000094 0.000077 0.000055 0.000029 0.000000 
50.000000 39.114785 29.038593 20.400472 13.536093 8.473099 5.001390 2.784095 1.462373 0.725430 0.340241 0.151081 0.063610 0.025439 0.009688 0.003529 0.001242 0.000434 0.000163 0.000075 0.000049 0.000041 0.000039 0.000038 0.000038 0.000038 0.000038 0.000038 0.000038 0.000038 0.000038 0.000038 0.000038 0.000038 0.000038 0.000038 0.000038 0.000038 0.000038 0.000038 0.000037 0.000037 0.000036 0.000035 0.000032 0.000028 0.000023 0.000017 0.000009 0.000000 
50.000000 39.114779 29.038582 20.400456 13.536073 8.473077 5.001366 2.784069 1.462347 0.725403 0.340215 0.151054 0.063583 0.025413 0.009661 0.003502 0.001215 0.000408 0.000136 0.000049 0.000022 0.000014 0.000012 0.000011 0.000011 0.000011 0.000011 0.000011 0.000011 0.000011 0.000011 0.000011 0.000011 0.000011 0.000011 0.000011 0.000011 0.000011 0.000011 0.000011 0.000011 0.000011 0.000010 0.000010 0.000009 0.000008 0.000007 0.000005 0.000002 0.000000 
50.000000 39.114778 29.038579 20.400451 13.536068 8.473070 5.001358 2.784062 1.462339 0.725395 0.340207 0.151047 0.063575 0.025405 0.009653 0.003494 0.001207 0.000400 0.000128 0.000041 0.000014 0.000006 0.000004 0.000003 0.000003 0.000003 0.000003 0.000003 0.000003 0.000003 0.000003 0.000003 0.000003 0.000003 0.000003 0.000003 0.000003 0.000003 0.000003 0.000003 0.000003 0.000003 0.000003 0.000003 0.000003 0.000002 0.000002 0.000001 0.000001 0.000000 
50.000000 39.114777 29.038578 20.400450 13.536066 8.473068 5.001356 2.784060 1.462337 0.725393 0.340204 0.151044 0.063573 0.025403 0.009651 0.003492 0.001205 0.000397 0.000126 0.000039 0.000012 0.000004 0.000002 0.000001 0.000001 0.000001 0.000001 0.000001 0.000001 0.000001 0.000001 0.000001 0.000001 0.000001 0.000001 0.000001 0.000001 0.000001 0.000001 0.000001 0.000001 0.000001 0.000001 0.000001 0.000001 0.000001 0.000000 0.000000 0.000000 0.000000 
50.000000 39.114777 29.038577 20.400450 13.536066 8.473068 5.001356 2.784059 1.462337 0.725393 0.340204 0.151044 0.063572 0.025402 0.009650 0.003491 0.001204 0.000397 0.000125 0.000038 0.000011 0.000003 0.000001 0.000000 0.000000 0.000000 0.000000 0.000000 0.000000 0.000000 0.000000 0.000000 0.000000 0.000000 0.000000 0.000000 0.000000 0.000000 0.000000 0.000000 0.000000 0.000000 0.000000 0.000000 0.000000 0.000000 0.000000 0.000000 0.000000 0.000000 
50.000000 39.114777 29.038577 20.400450 13.536065 8.473068 5.001356 2.784059 1.462337 0.725392 0.340204 0.151044 0.063572 0.025402 0.009650 0.003491 0.001204 0.000397 0.000125 0.000038 0.000011 0.000003 0.000001 0.000000 0.000000 0.000000 0.000000 0.000000 0.000000 0.000000 0.000000 0.000000 0.000000 0.000000 0.000000 0.000000 0.000000 0.000000 0.000000 0.000000 0.000000 0.000000 0.000000 0.000000 0.000000 0.000000 0.000000 0.000000 0.000000 0.000000 
50.000000 39.114777 29.038577 20.400450 13.536065 8.473068 5.001356 2.784059 1.462337 0.725392 0.340204 0.151044 0.063572 0.025402 0.009650 0.003491 0.001204 0.000397 0.000125 0.000038 0.000011 0.000003 0.000001 0.000000 0.000000 0.000000 0.000000 0.000000 0.000000 0.000000 0.000000 0.000000 0.000000 0.000000 0.000000 0.000000 0.000000 0.000000 0.000000 0.000000 0.000000 0.000000 0.000000 0.000000 0.000000 0.000000 0.000000 0.000000 0.000000 0.000000 
50.000000 39.114777 29.038577 20.400450 13.536066 8.473068 5.001356 2.784059 1.462337 0.725393 0.340204 0.151044 0.063572 0.025402 0.009650 0.003491 0.001204 0.000397 0.000125 0.000038 0.000011 0.000003 0.000001 0.000000 0.000000 0.000000 0.000000 0.000000 0.000000 0.000000 0.000000 0.000000 0.000000 0.000000 0.000000 0.000000 0.000000 0.000000 0.000000 0.000000 0.000000 0.000000 0.000000 0.000000 0.000000 0.000000 0.000000 0.000000 0.000000 0.000000 
50.000000 39.114777 29.038578 20.400450 13.536066 8.473068 5.001356 2.784060 1.462337 0.725393 0.340204 0.151044 0.063573 0.025403 0.009651 0.003492 0.001205 0.000397 0.000126 0.000039 0.000012 0.000004 0.000002 0.000001 0.000001 0.000001 0.000001 0.000001 0.000001 0.000001 0.000001 0.000001 0.000001 0.000001 0.000001 0.000001 0.000001 0.000001 0.000001 0.000001 0.000001 0.000001 0.000001 0.000001 0.000001 0.000001 0.000000 0.000000 0.000000 0.000000 
50.000000 39.114778 29.038579 20.400451 13.536068 8.473070 5.001358 2.784062 1.462339 0.725395 0.340207 0.151047 0.063575 0.025405 0.009653 0.003494 0.001207 0.000400 0.000128 0.000041 0.000014 0.000006 0.000004 0.000003 0.000003 0.000003 0.000003 0.000003 0.000003 0.000003 0.000003 0.000003 0.000003 0.000003 0.000003 0.000003 0.000003 0.000003 0.000003 0.000003 0.000003 0.000003 0.000003 0.000003 0.000003 0.000002 0.000002 0.000001 0.000001 0.000000 
50.000000 39.114779 29.038582 20.400456 13.536073 8.473077 5.001366 2.784069 1.462347 0.725403 0.340215 0.151054 0.063583 0.025413 0.009661 0.003502 0.001215 0.000408 0.000136 0.000049 0.000022 0.000014 0.000012 0.000011 0.000011 0.000011 0.000011 0.000011 0.000011 0.000011 0.000011 0.000011 0.000011 0.000011 0.000011 0.000011 0.000011 0.000011 0.000011 0.000011 0.000011 0.000011 0.000010 0.000010 0.000009 0.000008 0.000007 0.000005 0.000002 0.000000 
50.000000 39.114785 29.038593 20.400472 13.536093 8.473099 5.001390 2.784095 1.462373 0.725430 0.340241 0.151081 0.063610 0.025439 0.009688 0.003529 0.001242 0.000434 0.000163 0.000075 0.000049 0.000041 0.000039 0.000038 0.000038 0.000038 0.000038 0.000038 0.000038 0.000038 0.000038 0.000038 0.000038 0.000038 0.000038 0.000038 0.000038 0.000038 0.000038 0.000038 0.000037 0.000037 0.000036 0.000035 0.000032 0.000028 0.000023 0.000017 0.000009 0.000000 
50.000000 39.114805 29.038630 20.400524 13.536157 8.473172 5.001468 2.784177 1.462458 0.725516 0.340328 0.151168 0.063697 0.025527 0.009775 0.003616 0.001329 0.000522 0.000250 0.000163 0.000136 0.000128 0.000126 0.000125 0.000125 0.000125 0.000125 0.000125 0.000125 0.000125 0.000125 0.000125 0.000125 0.000125 0.000125 0.000125 0.000125 0.000125 0.000125 0.000124 0.000124 0.000122 0.000119 0.000115 0.000107 0.000094 0.000077 0.000055 0.000029 0.000000 
50.000000 39.114864 29.038745 20.400686 13.536356 8.473398 5.001714 2.784434 1.462722 0.725784 0.340598 0.151439 0.063968 0.025798 0.010047 0.003888 0.001601 0.000793 0.000522 0.000434 0.000408 0.000400 0.000397 0.000397 0.000397 0.000397 0.000397 0.000397 0.000397 0.000397 0.000397 0.000397 0.000397 0.000397 0.000397 0.000397 0.000397 0.000396 0.000396 0.000395 0.000393 0.000388 0.000379 0.000364 0.000339 0.000300 0.000246 0.000176 0.000092 0.000000 
50.000000 39.115041 29.039085 20.401166 13.536947 8.474071 5.002442 2.785198 1.463507 0.726580 0.341400 0.152244 0.064775 0.026605 0.010854 0.004695 0.002408 0.001601 0.001329 0.001242 0.001215 0.001207 0.001205 0.001204 0.001204 0.001204 0.001204 0.001204 0.001204 0.001204 0.001204 0.001204 0.001204 0.001204 0.001204 0.001204 0.001204 0.001203 0.001202 0.001199 0.001192 0.001179 0.001153 0.001107 0.001031 0.000914 0.000750 0.000536 0.000280 0.000000 
50.000000 39.115541 29.040048 20.402525 13.538620 8.475975 5.004504 2.787360 1.465728 0.728834 0.343672 0.154524 0.067059 0.028891 0.013140 0.006982 0.004695 0.003888 0.003616 0.003529 0.003502 0.003494 0.003492 0.003491 0.003491 0.003491 0.003491 0.003491 0.003491 0.003491 0.003491 0.003491 0.003491 0.003491 0.003491 0.003491 0.003490 0.003488 0.003485 0.003476 0.003457 0.003419 0.003345 0.003213 0.002995 0.002659 0.002182 0.001560 0.000815 0.000000 
50.000000 39.116888 29.042641 20.406185 13.543126 8.481103 5.010056 2.793183 1.471712 0.734907 0.349791 0.160666 0.073211 0.035047 0.019299 0.013140 0.010854 0.010047 0.009775 0.009688 0.009661 0.009653 0.009651 0.009650 0.009650 0.009650 0.009650 0.009650 0.009650 0.009650 0.009650 0.009650 0.009650 0.009650 0.009650 0.009649 0.009648 0.009644 0.009634 0.009610 0.009560 0.009456 0.009256 0.008897 0.008299 0.007376 0.006060 0.004336 0.002268 0.000000 
50.000000 39.120331 29.049269 20.415539 13.554643 8.494212 5.024253 2.808072 1.487012 0.750436 0.365438 0.176371 0.088943 0.050791 0.035047 0.028891 0.026605 0.025798 0.025527 0.025439 0.025413 0.025405 0.025403 0.025402 0.025402 0.025402 0.025402 0.025402 0.025402 0.025402 0.025402 0.025402 0.025402 0.025402 0.025401 0.025400 0.025396 0.025385 0.025360 0.025301 0.025172 0.024906 0.024391 0.023464 0.021911 0.019498 0.016041 0.011493 0.006015 0.000000 
50.000000 39.128670 29.065322 20.438199 13.582544 8.525970 5.058650 2.844149 1.524087 0.788065 0.403356 0.214430 0.127066 0.088943 0.073211 0.067059 0.064775 0.063968 0.063697 0.063610 0.063583 0.063575 0.063573 0.063572 0.063572 0.063572 0.063572 0.063572 0.063572 0.063572 0.063572 0.063572 0.063572 0.063572 0.063570 0.063567 0.063558 0.063533 0.063473 0.063332 0.063021 0.062377 0.061127 0.058858 0.055030 0.049046 0.040419 0.029002 0.015197 0.000000 
50.000000 39.147768 29.102092 20.490103 13.646459 8.598728 5.137458 2.926811 1.609040 0.874291 0.490245 0.301644 0.214430 0.176371 0.160666 0.154524 0.152244 0.151439 0.151168 0.151081 0.151054 0.151047 0.151044 0.151044 0.151044 0.151044 0.151044 0.151044 0.151044 0.151044 0.151043 0.151043 0.151043 0.151042 0.151040 0.151032 0.151011 0.150957 0.150822 0.150505 0.149801 0.148335 0.145466 0.140223 0.131306 0.117252 0.096831 0.069618 0.036532 0.000000 
50.000000 39.189050 29.181572 20.602305 13.784633 8.756030 5.307853 3.105550 1.792740 1.060750 0.678143 0.490245 0.403356 0.365438 0.349791 0.343672 0.341400 0.340598 0.340328 0.340241 0.340215 0.340207 0.340204 0.340204 0.340204 0.340204 0.340204 0.340204 0.340204 0.340204 0.340204 0.340203 0.340203 0.340201 0.340196 0.340180 0.340137 0.340024 0.339741 0.339071 0.337578 0.334441 0.328255 0.316849 0.297262 0.266085 0.220334 0.158815 0.083494 0.000000 
50.000000 39.273073 29.343349 20.830697 14.065912 9.076270 5.654769 3.469474 2.166783 1.440423 1.060750 0.874291 0.788065 0.750436 0.734907 0.728834 0.726580 0.725784 0.725516 0.725430 0.725403 0.725395 0.725393 0.725393 0.725392 0.725392 0.725392 0.725392 0.725392 0.725392 0.725392 0.725392 0.725391 0.725387 0.725377 0.725347 0.725264 0.725043 0.724490 0.723173 0.720211 0.713938 0.701449 0.678177 0.637747 0.572595 0.475795 0.344113 0.181372 0.000000 
50.000000 39.433758 29.652739 21.267506 14.603903 9.688819 6.318383 4.165659 2.882353 2.166783 1.792740 1.609040 1.524087 1.487012 1.471712 1.465728 1.463507 1.462722 1.462458 1.462373 1.462347 1.462339 1.462337 1.462337 1.462336 1.462336 1.462336 1.462336 1.462336 1.462336 1.462336 1.462336 1.462334 1.462328 1.462310 1.462256 1.462107 1.461710 1.460706 1.458300 1.452845 1.441176 1.417689 1.373362 1.295261 1.167467 0.974553 0.708084 0.374541 0.000000 
50.000000 39.721835 30.207432 22.050681 15.568545 10.787212 7.508411 5.414152 4.165659 3.469474 3.105550 2.926811 2.844149 2.808072 2.793183 2.787360 2.785198 2.784434 2.784177 2.784095 2.784069 2.784062 2.784060 2.784059 2.784059 2.784059 2.784059 2.784059 2.784059 2.784059 2.784059 2.784058 2.784055 2.784045 2.784015 2.783928 2.783681 2.783022 2.781346 2.777295 2.768024 2.747970 2.707076 2.628734 2.488314 2.254110 1.893232 1.384430 0.736102 0.000000 
50.000000 40.204933 31.137667 23.364141 17.186426 12.629516 9.504512 7.508411 6.318383 5.654769 5.307853 5.137458 5.058650 5.024253 5.010056 5.004504 5.002442 5.001714 5.001468 5.001390 5.001366 5.001358 5.001356 5.001356 5.001356 5.001356 5.001356 5.001356 5.001356 5.001356 5.001355 5.001354 5.001349 5.001335 5.001291 5.001159 5.000789 4.999792 4.997235 4.991004 4.976592 4.945021 4.879677 4.752256 4.519062 4.120664 3.490120 2.575843 1.380460 0.000000 
50.000000 40.961100 32.593747 25.420152 19.719072 15.513615 12.629516 10.787212 9.688819 9.076270 8.756030 8.598728 8.525970 8.494212 8.481103 8.475975 8.474071 8.473398 8.473172 8.473099 8.473077 8.473070 8.473068 8.473068 8.473068 8.473068 8.473068 8.473068 8.473068 8.473067 8.473067 8.473065 8.473059 8.473040 8.472980 8.472803 8.472301 8.470940 8.467422 8.458768 8.438523 8.393558 8.298898 8.110455 7.756807 7.134132 6.113291 4.574208 2.482964 0.000000 
50.000000 42.063562 34.716699 28.417893 23.411909 19.719072 17.186426 15.568545 14.603903 14.065912 13.784633 13.646459 13.582544 13.554643 13.543126 13.538620 13.536947 13.536356 13.536157 13.536093 13.536073 13.536068 13.536066 13.536066 13.536065 13.536065 13.536065 13.536065 13.536065 13.536065 13.536065 13.536062 13.536055 13.536033 13.535962 13.535750 13.535146 13.533498 13.529207 13.518549 13.493317 13.436436 13.314436 13.065761 12.584940 11.705954 10.196436 7.791606 4.323482 0.000000 
50.000000 43.557939 37.594392 32.481483 28.417893 25.420152 23.364141 22.050681 21.267506 20.830697 20.602305 20.490103 20.438199 20.415539 20.406185 20.402525 20.401166 20.400686 20.400524 20.400472 20.400456 20.400451 20.400450 20.400450 20.400450 20.400449 20.400449 20.400449 20.400449 20.400449 20.400449 20.400447 20.400439 20.400416 20.400343 20.400125 20.399498 20.397780 20.393272 20.381971 20.354902 20.292953 20.157449 19.874021 19.306860 18.221457 16.240741 12.827039 7.411276 0.000000 
50.000000 45.438140 41.215104 37.594392 34.716699 32.593747 31.137667 30.207432 29.652739 29.343349 29.181572 29.102092 29.065322 29.049269 29.042641 29.040048 29.039085 29.038745 29.038630 29.038593 29.038582 29.038579 29.038578 29.038577 29.038577 29.038577 29.038577 29.038577 29.038577 29.038577 29.038577 29.038575 29.038569 29.038549 29.038488 29.038305 29.037776 29.036319 29.032474 29.022756 28.999236 28.944655 28.823002 28.561824 28.019538 26.925092 24.767353 20.607552 12.880404 0.000000 
50.000000 47.631102 45.438140 43.557939 42.063562 40.961100 40.204933 39.721835 39.433758 39.273073 39.189050 39.147768 39.128670 39.120331 39.116888 39.115541 39.115041 39.114864 39.114805 39.114785 39.114779 39.114778 39.114777 39.114777 39.114777 39.114777 39.114777 39.114777 39.114777 39.114777 39.114777 39.114776 39.114772 39.114761 39.114726 39.114620 39.114316 39.113472 39.111237 39.105556 39.091701 39.059217 38.985732 38.824473 38.478136 37.740079 36.146664 32.557736 23.815551 0.000000 
50.000000 50.000000 50.000000 50.000000 50.000000 50.000000 50.000000 50.000000 50.000000 50.000000 50.000000 50.000000 50.000000 50.000000 50.000000 50.000000 50.000000 50.000000 50.000000 50.000000 50.000000 50.000000 50.000000 50.000000 50.000000 50.000000 50.000000 50.000000 50.000000 50.000000 50.000000 50.000000 50.000000 50.000000 50.000000 50.000000 50.000000 50.000000 50.000000 50.000000 50.000000 50.000000 50.000000 50.000000 50.000000 50.000000 50.000000 50.000000 50.000000 50.000000 
