50.000000 50.000000 50.000000 50.000000 50.000000 50.000000 50.000000 50.000000 50.000000 50.000000 50.000000 50.000000 50.000000 50.000000 50.000000 50.000000 50.000000 50.000000 50.000000 50.000000 50.000000 50.000000 50.000000 50.000000 50.000000 50.000000 50.000000 50.000000 50.000000 50.000000 50.000000 50.000000 50.000000 50.000000 50.000000 50.000000 50.000000 50.000000 50.000000 50.000000 50.000000 50.000000 50.000000 50.000000 50.000000 50.000000 50.000000 50.000000 50.000000 50.000000 
50.000000 45.544464 41.709446 38.857839 37.014299 35.969758 35.446608 35.213027 35.119305 35.085260 35.073989 35.070567 35.069609 35.069361 35.069301 35.069287 35.069285 35.069284 35.069284 35.069284 35.069284 35.069284 35.069284 35.069284 35.069284 35.069284 35.069284 35.069284 35.069284 35.069284 35.069284 35.069284 35.069284 35.069284 35.069284 35.069283 35.069279 35.069263 35.069189 35.068887 35.067721 35.063500 35.049187 35.003685 34.867542 34.481122 33.425444 30.582425 22.772232 0.000000 
50.000000 41.709446 34.573736 29.268157 25.838446 23.895401 22.922365 22.487976 22.313709 22.250417 22.229466 22.223106 22.221327 22.220865 22.220754 22.220729 22.220724 22.220722 22.220722 22.220722 22.220722 22.220722 22.220722 22.220722 22.220722 22.220722 22.220722 22.220722 22.220722 22.220722 22.220722 22.220722 22.220722 22.220722 22.220722 22.220721 22.220715 22.220690 22.220579 22.220127 22.218394 22.212189 22.191486 22.127162 21.941246 21.441350 20.190711 17.286868 11.127021 0.000000 
50.000000 38.857839 29.268157 22.138589 17.530336 14.919996 13.613018 13.029662 12.795681 12.710720 12.682603 12.674070 12.671683 12.671064 12.670915 12.670881 12.670874 12.670873 12.670873 12.670873 12.670873 12.670873 12.670873 12.670873 12.670873 12.670873 12.670873 12.670873 12.670873 12.670873 12.670873 12.670873 12.670873 12.670873 12.670872 12.670871 12.670866 12.670842 12.670736 12.670308 12.668684 12.662946 12.644141 12.587126 12.427880 12.020065 11.069295 9.077446 5.432394 0.000000 
50.000000 37.014299 25.838446 17.530336 12.160979 9.119978 7.597641 6.918295 6.645872 6.546975 6.514253 6.504326 6.501549 6.500830 6.500656 6.500617 6.500609 6.500607 6.500607 6.500607 6.500607 6.500607 6.500607 6.500607 6.500607 6.500607 6.500607 6.500607 6.500607 6.500607 6.500607 6.500607 6.500607 6.500607 6.500607 6.500606 6.500602 6.500584 6.500508 6.500198 6.499038 6.494992 6.481952 6.443292 6.338469 6.080490 5.510271 4.397096 2.533177 0.000000 
50.000000 35.969758 23.895401 14.919996 9.119978 5.835487 4.191503 3.457994 3.163903 3.057161 3.021850 3.011140 3.008145 3.007369 3.007182 3.007140 3.007131 3.007129 3.007129 3.007129 3.007129 3.007129 3.007129 3.007129 3.007129 3.007129 3.007129 3.007129 3.007129 3.007129 3.007129 3.007129 3.007129 3.007129 3.007129 3.007128 3.007126 3.007115 3.007070 3.006887 3.006209 3.003871 2.996449 2.974861 2.917743 2.781508 2.492116 1.954156 1.102216 0.000000 
50.000000 35.446608 22.922365 13.613018 7.597641 4.191503 2.486811 1.726304 1.421428 1.310785 1.274190 1.263091 1.259988 1.259184 1.258991 1.258947 1.258938 1.258936 1.258936 1.258936 1.258936 1.258936 1.258936 1.258936 1.258936 1.258936 1.258936 1.258936 1.258936 1.258936 1.258936 1.258936 1.258936 1.258935 1.258935 1.258935 1.258934 1.258929 1.258906 1.258814 1.258477 1.257327 1.253723 1.243406 1.216642 1.154349 1.025892 0.795203 0.442923 0.000000 
50.000000 35.213027 22.487976 13.029662 6.918295 3.457994 1.726304 0.953807 0.644148 0.531778 0.494614 0.483345 0.480194 0.479378 0.479181 0.479137 0.479128 0.479126 0.479125 0.479125 0.479125 0.479125 0.479125 0.479125 0.479125 0.479125 0.479125 0.479125 0.479125 0.479125 0.479125 0.479125 0.479125 0.479125 0.479125 0.479125 0.479125 0.479122 0.479112 0.479072 0.478927 0.478433 0.476904 0.472581 0.461545 0.436343 0.385521 0.296491 0.163840 0.000000 
50.000000 35.119305 22.313709 12.795681 6.645872 3.163903 1.421428 0.644148 0.332583 0.219526 0.182138 0.170800 0.167631 0.166810 0.166612 0.166567 0.166558 0.166556 0.166556 0.166556 0.166556 0.166556 0.166556 0.166556 0.166556 0.166556 0.166556 0.166556 0.166556 0.166556 0.166556 0.166556 0.166556 0.166556 0.166556 0.166555 0.166555 0.166554 0.166550 0.166535 0.166479 0.166291 0.165714 0.164101 0.160033 0.150880 0.132734 0.101520 0.055805 0.000000 
50.000000 35.085260 22.250417 12.710720 6.546975 3.057161 1.310785 0.531778 0.219526 0.106223 0.068753 0.057391 0.054215 0.053392 0.053194 0.053150 0.053140 0.053138 0.053138 0.053138 0.053138 0.053138 0.053138 0.053138 0.053138 0.053138 0.053138 0.053138 0.053138 0.053138 0.053138 0.053138 0.053138 0.053138 0.053138 0.053138 0.053138 0.053137 0.053136 0.053131 0.053112 0.053047 0.052851 0.052308 0.050952 0.047937 0.042036 0.032023 0.017539 0.000000 
50.000000 35.073989 22.229466 12.682603 6.514253 3.021850 1.274190 0.494614 0.182138 0.068753 0.031257 0.019887 0.016709 0.015886 0.015687 0.015642 0.015633 0.015631 0.015631 0.015631 0.015631 0.015631 0.015631 0.015631 0.015631 0.015631 0.015631 0.015631 0.015631 0.015631 0.015631 0.015631 0.015631 0.015631 0.015631 0.015631 0.015631 0.015631 0.015630 0.015629 0.015623 0.015603 0.015542 0.015375 0.014963 0.014055 0.012295 0.009339 0.005101 0.000000 
50.000000 35.070567 22.223106 12.674070 6.504326 3.011140 1.263091 0.483345 0.170800 0.057391 0.019887 0.008515 0.005336 0.004513 0.004314 0.004269 0.004260 0.004258 0.004258 0.004258 0.004258 0.004258 0.004258 0.004258 0.004258 0.004258 0.004258 0.004258 0.004258 0.004258 0.004258 0.004258 0.004258 0.004258 0.004258 0.004258 0.004258 0.004258 0.004258 0.004257 0.004255 0.004250 0.004233 0.004186 0.004070 0.003818 0.003334 0.002527 0.001378 0.000000 
50.000000 35.069609 22.221327 12.671683 6.501549 3.008145 1.259988 0.480194 0.167631 0.054215 0.016709 0.005336 0.002157 0.001333 0.001135 0.001090 0.001081 0.001079 0.001078 0.001078 0.001078 0.001078 0.001078 0.001078 0.001078 0.001078 0.001078 0.001078 0.001078 0.001078 0.001078 0.001078 0.001078 0.001078 0.001078 0.001078 0.001078 0.001078 0.001078 0.001078 0.001078 0.001076 0.001072 0.001060 0.001030 0.000965 0.000841 0.000637 0.000347 0.000000 
50.000000 35.069361 22.220865 12.671064 6.500830 3.007369 1.259184 0.479378 0.166810 0.053392 0.015886 0.004513 0.001333 0.000510 0.000311 0.000267 0.000257 0.000255 0.000255 0.000255 0.000255 0.000255 0.000255 0.000255 0.000255 0.000255 0.000255 0.000255 0.000255 0.000255 0.000255 0.000255 0.000255 0.000255 0.000255 0.000255 0.000255 0.000255 0.000255 0.000255 0.000255 0.000254 0.000253 0.000250 0.000243 0.000228 0.000198 0.000150 0.000081 0.000000 
50.000000 35.069301 22.220754 12.670915 6.500656 3.007182 1.258991 0.479181 0.166612 0.053194 0.015687 0.004314 0.001135 0.000311 0.000113 0.000068 0.000059 0.000057 0.000056 0.000056 0.000056 0.000056 0.000056 0.000056 0.000056 0.000056 0.000056 0.000056 0.000056 0.000056 0.000056 0.000056 0.000056 0.000056 0.000056 0.000056 0.000056 0.000056 0.000056 0.000056 0.000056 0.000056 0.000056 0.000055 0.000054 0.000050 0.000044 0.000033 0.000018 0.000000 
50.000000 35.069287 22.220729 12.670881 6.500617 3.007140 1.258947 0.479137 0.166567 0.053150 0.015642 0.004269 0.001090 0.000267 0.000068 0.000023 0.000014 0.000012 0.000012 0.000012 0.000012 0.000012 0.000012 0.000012 0.000012 0.000012 0.000012 0.000012 0.000012 0.000012 0.000012 0.000012 0.000012 0.000012 0.000012 0.000012 0.000012 0.000012 0.000012 0.000012 0.000012 0.000012 0.000012 0.000012 0.000011 0.000010 0.000009 0.000007 0.000004 0.000000 
50.000000 35.069285 22.220724 12.670874 6.500609 3.007131 1.258938 0.479128 0.166558 0.053140 0.015633 0.004260 0.001081 0.000257 0.000059 0.000014 0.000005 0.000003 0.000002 0.000002 0.000002 0.000002 0.000002 0.000002 0.000002 0.000002 0.000002 0.000002 0.000002 0.000002 0.000002 0.000002 0.000002 0.000002 0.000002 0.000002 0.000002 0.000002 0.000002 0.000002 0.000002 0.000002 0.000002 0.000002 0.000002 0.000002 0.000002 0.000001 0.000001 0.000000 
50.000000 35.069284 22.220722 12.670873 6.500607 3.007129 1.258936 0.479126 0.166556 0.053138 0.015631 0.004258 0.001079 0.000255 0.000057 0.000012 0.000003 0.000001 0.000000 0.000000 0.000000 0.000000 0.000000 0.000000 0.000000 0.000000 0.000000 0.000000 0.000000 0.000000 0.000000 0.000000 0.000000 0.000000 0.000000 0.000000 0.000000 0.000000 0.000000 0.000000 0.000000 0.000000 0.000000 0.000000 0.000000 0.000000 0.000000 0.000000 0.000000 0.000000 
50.000000 35.069284 22.220722 12.670873 6.500607 3.007129 1.258936 0.479125 0.166556 0.053138 0.015631 0.004258 0.001078 0.000255 0.000056 0.000012 0.000002 0.000000 0.000000 0.000000 0.000000 0.000000 0.000000 0.000000 0.000000 0.000000 0.000000 0.000000 0.000000 0.000000 0.000000 0.000000 0.000000 0.000000 0.000000 0.000000 0.000000 0.000000 0.000000 0.000000 0.000000 0.000000 0.000000 0.000000 0.000000 0.000000 0.000000 0.000000 0.000000 0.000000 
50.000000 35.069284 22.220722 12.670873 6.500607 3.007129 1.258936 0.479125 0.166556 0.053138 0.015631 0.004258 0.001078 0.000255 0.000056 0.000012 0.000002 0.000000 0.000000 0.000000 0.000000 0.000000 0.000000 0.000000 0.000000 0.000000 0.000000 0.000000 0.000000 0.000000 0.000000 0.000000 0.000000 0.000000 0.000000 0.000000 0.000000 0.000000 0.000000 0.000000 0.000000 0.000000 0.000000 0.000000 0.000000 0.000000 0.000000 0.000000 0.000000 0.000000 
50.000000 35.069284 22.220722 12.670873 6.500607 3.007129 1.258936 0.479125 0.166556 0.053138 0.015631 0.004258 0.001078 0.000255 0.000056 0.000012 0.000002 0.000000 0.000000 0.000000 0.000000 0.000000 0.000000 0.000000 0.000000 0.000000 0.000000 0.000000 0.000000 0.000000 0.000000 0.000000 0.000000 0.000000 0.000000 0.000000 0.000000 0.000000 0.000000 0.000000 0.000000 0.000000 0.000000 0.000000 0.000000 0.000000 0.000000 0.000000 0.000000 0.000000 
50.000000 35.069284 22.220722 12.670873 6.500607 3.007129 1.258936 0.479125 0.166556 0.053138 0.015631 0.004258 0.001078 0.000255 0.000056 0.000012 0.000002 0.000000 0.000000 0.000000 0.000000 0.000000 0.000000 0.000000 0.000000 0.000000 0.000000 0.000000 0.000000 0.000000 0.000000 0.000000 0.000000 0.000000 0.000000 0.000000 0.000000 0.000000 0.000000 0.000000 0.000000 0.000000 0.000000 0.000000 0.000000 0.000000 0.000000 0.000000 0.000000 0.000000 
50.000000 35.069284 22.220722 12.670873 6.500607 3.007129 1.258936 0.479125 0.166556 0.053138 0.015631 0.004258 0.001078 0.000255 0.000056 0.000012 0.000002 0.000000 0.000000 0.000000 0.000000 0.000000 0.000000 0.000000 0.000000 0.000000 0.000000 0.000000 0.000000 0.000000 0.000000 0.000000 0.000000 0.000000 0.000000 0.000000 0.000000 0.000000 0.000000 0.000000 0.000000 0.000000 0.000000 0.000000 0.000000 0.000000 0.000000 0.000000 0.000000 0.000000 
50.000000 35.069284 22.220722 12.670873 6.500607 3.007129 1.258936 0.479125 0.166556 0.053138 0.015631 0.004258 0.001078 0.000255 0.000056 0.000012 0.000002 0.000000 0.000000 0.000000 0.000000 0.000000 0.000000 0.000000 0.000000 0.000000 0.000000 0.000000 0.000000 0.000000 0.000000 0.000000 0.000000 0.000000 0.000000 0.000000 0.000000 0.000000 0.000000 0.000000 0.000000 0.000000 0.000000 0.000000 0.000000 0.000000 0.000000 0.000000 0.000000 0.000000 
50.000000 35.069284 22.220722 12.670873 6.500607 3.007129 1.258936 0.479125 0.166556 0.053138 0.015631 0.004258 0.001078 0.000255 0.000056 0.000012 0.000002 0.000000 0.000000 0.000000 0.000000 0.000000 0.000000 0.000000 0.000000 0.000000 0.000000 0.000000 0.000000 0.000000 0.000000 0.000000 0.000000 0.000000 0.000000 0.000000 0.000000 0.000000 0.000000 0.000000 0.000000 0.000000 0.000000 0.000000 0.000000 0.000000 0.000000 0.000000 0.000000 0.000000 
50.000000 35.069284 22.220722 12.670873 6.500607 3.007129 1.258936 0.479125 0.166556 0.053138 0.015631 0.004258 0.001078 0.000255 0.000056 0.000012 0.000002 0.000000 0.000000 0.000000 0.000000 0.000000 0.000000 0.000000 0.000000 0.000000 0.000000 0.000000 0.000000 0.000000 0.000000 0.000000 0.000000 0.000000 0.000000 0.000000 0.000000 0.000000 0.000000 0.000000 0.000000 0.000000 0.000000 0.000000 0.000000 0.000000 0.000000 0.000000 0.000000 0.000000 
50.000000 35.069284 22.220722 12.670873 6.500607 3.007129 1.258936 0.479125 0.166556 0.053138 0.015631 0.004258 0.001078 0.000255 0.000056 0.000012 0.000002 0.000000 0.000000 0.000000 0.000000 0.000000 0.000000 0.000000 0.000000 0.000000 0.000000 0.000000 0.000000 0.000000 0.000000 0.000000 0.000000 0.000000 0.000000 0.000000 0.000000 0.000000 0.000000 0.000000 0.000000 0.000000 0.000000 0.000000 0.000000 0.000000 0.000000 0.000000 0.000000 0.000000 
50.000000 35.069284 22.220722 12.670873 6.500607 3.007129 1.258936 0.479125 0.166556 0.053138 0.015631 0.004258 0.001078 0.000255 0.000056 0.000012 0.000002 0.000000 0.000000 0.000000 0.000000 0.000000 0.000000 0.000000 0.000000 0.000000 0.000000 0.000000 0.000000 0.000000 0.000000 0.000000 0.000000 0.000000 0.000000 0.000000 0.000000 0.000000 0.000000 0.000000 0.000000 0.000000 0.000000 0.000000 0.000000 0.000000 0.000000 0.000000 0.000000 0.000000 
50.000000 35.069284 22.220722 12.670873 6.500607 3.007129 1.258936 0.479125 0.166556 0.053138 0.015631 0.004258 0.001078 0.000255 0.000056 0.000012 0.000002 0.000000 0.000000 0.000000 0.000000 0.000000 0.000000 0.000000 0.000000 0.000000 0.000000 0.000000 0.000000 0.000000 0.000000 0.000000 0.000000 0.000000 0.000000 0.000000 0.000000 0.000000 0.000000 0.000000 0.000000 0.000000 0.000000 0.000000 0.000000 0.000000 0.000000 0.000000 0.000000 0.000000 
50.000000 35.069284 22.220722 12.670873 6.500607 3.007129 1.258936 0.479125 0.166556 0.053138 0.015631 0.004258 0.001078 0.000255 0.000056 0.000012 0.000002 0.000000 0.000000 0.000000 0.000000 0.000000 0.000000 0.000000 0.000000 0.000000 0.000000 0.000000 0.000000 0.000000 0.000000 0.000000 0.000000 0.000000 0.000000 0.000000 0.000000 0.000000 0.000000 0.000000 0.000000 0.000000 0.000000 0.000000 0.000000 0.000000 0.000000 0.000000 0.000000 0.000000 
50.000000 35.069284 22.220722 12.670873 6.500607 3.007129 1.258936 0.479125 0.166556 0.053138 0.015631 0.004258 0.001078 0.000255 0.000056 0.000012 0.000002 0.000000 0.000000 0.000000 0.000000 0.000000 0.000000 0.000000 0.000000 0.000000 0.000000 0.000000 0.000000 0.000000 0.000000 0.000000 0.000000 0.000000 0.000000 0.000000 0.000000 0.000000 0.000000 0.000000 0.000000 0.000000 0.000000 0.000000 0.000000 0.000000 0.000000 0.000000 0.000000 0.000000 
50.000000 35.069284 22.220722 12.670873 6.500607 3.007129 1.258936 0.479125 0.166556 0.053138 0.015631 0.004258 0.001078 0.000255 0.000056 0.000012 0.000002 0.000000 0.000000 0.000000 0.000000 0.000000 0.000000 0.000000 0.000000 0.000000 0.000000 0.000000 0.000000 0.000000 0.000000 0.000000 0.000000 0.000000 0.000000 0.000000 0.000000 0.000000 0.000000 0.000000 0.000000 0.000000 0.000000 0.000000 0.000000 0.000000 0.000000 0.000000 0.000000 0.000000 
50.000000 35.069284 22.220722 12.670873 6.500607 3.007129 1.258936 0.479126 0.166556 0.053138 0.015631 0.004258 0.001079 0.000255 0.000057 0.000012 0.000003 0.000001 0.000000 0.000000 0.000000 0.000000 0.000000 0.000000 0.000000 0.000000 0.000000 0.000000 0.000000 0.000000 0.000000 0.000000 0.000000 0.000000 0.000000 0.000000 0.000000 0.000000 0.000000 0.000000 0.000000 0.000000 0.000000 0.000000 0.000000 0.000000 0.000000 0.000000 0.000000 0.000000 
50.000000 35.069285 22.220724 12.670874 6.500609 3.007131 1.258938 0.479128 0.166558 0.053140 0.015633 0.004260 0.001081 0.000257 0.000059 0.000014 0.000005 0.000003 0.000002 0.000002 0.000002 0.000002 0.000002 0.000002 0.000002 0.000002 0.000002 0.000002 0.000002 0.000002 0.000002 0.000002 0.000002 0.000002 0.000002 0.000002 0.000002 0.000002 0.000002 0.000002 0.000002 0.000002 0.000002 0.000002 0.000002 0.000002 0.000002 0.000001 0.000001 0.000000 
50.000000 35.069287 22.220729 12.670881 6.500617 3.007140 1.258947 0.479137 0.166567 0.053150 0.015642 0.004269 0.001090 0.000267 0.000068 0.000023 0.000014 0.000012 0.000012 0.000012 0.000012 0.000012 0.000012 0.000012 0.000012 0.000012 0.000012 0.000012 0.000012 0.000012 0.000012 0.000012 0.000012 0.000012 0.000012 0.000012 0.000012 0.000012 0.000012 0.000012 0.000012 0.000012 0.000012 0.000012 0.000011 0.000010 0.000009 0.000007 0.000004 0.000000 
50.000000 35.069301 22.220754 12.670915 6.500656 3.007182 1.258991 0.479181 0.166612 0.053194 0.015687 0.004314 0.001135 0.000311 0.000113 0.000068 0.000059 0.000057 0.000056 0.000056 0.000056 0.000056 0.000056 0.000056 0.000056 0.000056 0.000056 0.000056 0.000056 0.000056 0.000056 0.000056 0.000056 0.000056 0.000056 0.000056 0.000056 0.000056 0.000056 0.000056 0.000056 0.000056 0.000056 0.000055 0.000054 0.000050 0.000044 0.000033 0.000018 0.000000 
50.000000 35.069361 22.220865 12.671064 6.500830 3.007369 1.259184 0.479378 0.166810 0.053392 0.015886 0.004513 0.001333 0.000510 0.000311 0.000267 0.000257 0.000255 0.000255 0.000255 0.000255 0.000255 0.000255 0.000255 0.000255 0.000255 0.000255 0.000255 0.000255 0.000255 0.000255 0.000255 0.000255 0.000255 0.000255 0.000255 0.000255 0.000255 0.000255 0.000255 0.000255 0.000254 0.000253 0.000250 0.000243 0.000228 0.000198 0.000150 0.000081 0.000000 
50.000000 35.069609 22.221327 12.671683 6.501549 3.008145 1.259988 0.480194 0.167631 0.054215 0.016709 0.005336 0.002157 0.001333 0.001135 0.001090 0.001081 0.001079 0.001078 0.001078 0.001078 0.001078 0.001078 0.001078 0.001078 0.001078 0.001078 0.001078 0.001078 0.001078 0.001078 0.001078 0.001078 0.001078 0.001078 0.001078 0.001078 0.001078 0.001078 0.001078 0.001078 0.001076 0.001072 0.001060 0.001030 0.000965 0.000841 0.000637 0.000347 0.000000 
50.000000 35.070567 22.223106 12.674070 6.504326 3.011140 1.263091 0.483345 0.170800 0.057391 0.019887 0.008515 0.005336 0.004513 0.004314 0.004269 0.004260 0.004258 0.004258 0.004258 0.004258 0.004258 0.004258 0.004258 0.004258 0.004258 0.004258 0.004258 0.004258 0.004258 0.004258 0.004258 0.004258 0.004258 0.004258 0.004258 0.004258 0.004258 0.004258 0.004257 0.004255 0.004250 0.004233 0.004186 0.004070 0.003818 0.003334 0.002527 0.001378 0.000000 
50.000000 35.073989 22.229466 12.682603 6.514253 3.021850 1.274190 0.494614 0.182138 0.068753 0.031257 0.019887 0.016709 0.015886 0.015687 0.015642 0.015633 0.015631 0.015631 0.015631 0.015631 0.015631 0.015631 0.015631 0.015631 0.015631 0.015631 0.015631 0.015631 0.015631 0.015631 0.015631 0.015631 0.015631 0.015631 0.015631 0.015631 0.015631 0.015630 0.015629 0.015623 0.015603 0.015542 0.015375 0.014963 0.014055 0.012295 0.009339 0.005101 0.000000 
50.000000 35.085260 22.250417 12.710720 6.546975 3.057161 1.310785 0.531778 0.219526 0.106223 0.068753 0.057391 0.054215 0.053392 0.053194 0.053150 0.053140 0.053138 0.053138 0.053138 0.053138 0.053138 0.053138 0.053138 0.053138 0.053138 0.053138 0.053138 0.053138 0.053138 0.053138 0.053138 0.053138 0.053138 0.053138 0.053138 0.053138 0.053137 0.053136 0.053131 0.053112 0.053047 0.052851 0.052308 0.050952 0.047937 0.042036 0.032023 0.017539 0.000000 
50.000000 35.119305 22.313709 12.795681 6.645872 3.163903 1.421428 0.644148 0.332583 0.219526 0.182138 0.170800 0.167631 0.166810 0.166612 0.166567 0.166558 0.166556 0.166556 0.166556 0.166556 0.166556 0.166556 0.166556 0.166556 0.166556 0.166556 0.166556 0.166556 0.166556 0.166556 0.166556 0.166556 0.166556 0.166556 0.166555 0.166555 0.166554 0.166550 0.166535 0.166479 0.166291 0.165714 0.164101 0.160033 0.150880 0.132734 0.101520 0.055805 0.000000 
50.000000 35.213027 22.487976 13.029662 6.918295 3.457994 1.726304 0.953807 0.644148 0.531778 0.494614 0.483345 0.480194 0.479378 0.479181 0.479137 0.479128 0.479126 0.479125 0.479125 0.479125 0.479125 0.479125 0.479125 0.479125 0.479125 0.479125 0.479125 0.479125 0.479125 0.479125 0.479125 0.479125 0.479125 0.479125 0.479125 0.479125 0.479122 0.479112 0.479072 0.478927 0.478433 0.476904 0.472581 0.461545 0.436343 0.385521 0.296491 0.163840 0.000000 
50.000000 35.446608 22.922365 13.613018 7.597641 4.191503 2.486811 1.726304 1.421428 1.310785 1.274190 1.263091 1.259988 1.259184 1.258991 1.258947 1.258938 1.258936 1.258936 1.258936 1.258936 1.258936 1.258936 1.258936 1.258936 1.258936 1.258936 1.258936 1.258936 1.258936 1.258936 1.258936 1.258936 1.258935 1.258935 1.258935 1.258934 1.258929 1.258906 1.258814 1.258477 1.257327 1.253723 1.243406 1.216642 1.154349 1.025892 0.795203 0.442923 0.000000 
50.000000 35.969758 23.895401 14.919996 9.119978 5.835487 4.191503 3.457994 3.163903 3.057161 3.021850 3.011140 3.008145 3.007369 3.007182 3.007140 3.007131 3.007129 3.007129 3.007129 3.007129 3.007129 3.007129 3.007129 3.007129 3.007129 3.007129 3.007129 3.007129 3.007129 3.007129 3.007129 3.007129 3.007129 3.007129 3.007128 3.007126 3.007115 3.007070 3.006887 3.006209 3.003871 2.996449 2.974861 2.917743 2.781508 2.492116 1.954156 1.102216 0.000000 
50.000000 37.014299 25.838446 17.530336 12.160979 9.119978 7.597641 6.918295 6.645872 6.546975 6.514253 6.504326 6.501549 6.500830 6.500656 6.500617 6.500609 6.500607 6.500607 6.500607 6.500607 6.500607 6.500607 6.500607 6.500607 6.500607 6.500607 6.500607 6.500607 6.500607 6.500607 6.500607 6.500607 6.500607 6.500607 6.500606 6.500602 6.500584 6.500508 6.500198 6.499038 6.494992 6.481952 6.443292 6.338469 6.080490 5.510271 4.397096 2.533177 0.000000 
50.000000 38.857839 29.268157 22.138589 17.530336 14.919996 13.613018 13.029662 12.795681 12.710720 12.682603 12.674070 12.671683 12.671064 12.670915 12.670881 12.670874 12.670873 12.670873 12.670873 12.670873 12.670873 12.670873 12.670873 12.670873 12.670873 12.670873 12.670873 12.670873 12.670873 12.670873 12.670873 12.670873 12.670873 12.670872 12.670871 12.670866 12.670842 12.670736 12.670308 12.668684 12.662946 12.644141 12.587126 12.427880 12.020065 11.069295 9.077446 5.432394 0.000000 
50.000000 41.709446 34.573736 29.268157 25.838446 23.895401 22.922365 22.487976 22.313709 22.250417 22.229466 22.223106 22.221327 22.220865 22.220754 22.220729 22.220724 22.220722 22.220722 22.220722 22.220722 22.220722 22.220722 22.220722 22.220722 22.220722 22.220722 22.220722 22.220722 22.220722 22.220722 22.220722 22.220722 22.220722 22.220722 22.220721 22.220715 22.220690 22.220579 22.220127 22.218394 22.212189 22.191486 22.127162 21.941246 21.441350 20.190711 17.286868 11.127021 0.000000 
50.000000 45.544464 41.709446 38.857839 37.014299 35.969758 35.446608 35.213027 35.119305 35.085260 35.073989 35.070567 35.069609 35.069361 35.069301 35.069287 35.069285 35.069284 35.069284 35.069284 35.069284 35.069284 35.069284 35.069284 35.069284 35.069284 35.069284 35.069284 35.069284 35.069284 35.069284 35.069284 35.069284 35.069284 35.069284 35.069283 35.069279 35.069263 35.069189 35.068887 35.067721 35.063500 35.049187 35.003685 34.867542 34.481122 33.425444 30.582425 22.772232 0.000000 
50.000000 50.000000 50.000000 50.000000 50.000000 50.000000 50.000000 50.000000 50.000000 50.000000 50.000000 50.000000 50.000000 50.000000 50.000000 50.000000 50.000000 50.000000 50.000000 50.000000 50.000000 50.000000 50.000000 50.000000 50.000000 50.000000 50.000000 50.000000 50.000000 50.000000 50.000000 50.000000 50.000000 50.000000 50.000000 50.000000 50.000000 50.000000 50.000000 50.000000 50.000000 50.000000 50.000000 50.000000 50.000000 50.000000 50.000000 50.000000 50.000000 50.000000 
