50.000000 50.000000 50.000000 50.000000 50.000000 50.000000 50.000000 50.000000 50.000000 50.000000 50.000000 50.000000 50.000000 50.000000 50.000000 50.000000 50.000000 50.000000 50.000000 50.000000 50.000000 50.000000 50.000000 50.000000 50.000000 50.000000 50.000000 50.000000 50.000000 50.000000 50.000000 50.000000 50.000000 50.000000 50.000000 50.000000 50.000000 50.000000 50.000000 50.000000 50.000000 50.000000 50.000000 50.000000 50.000000 50.000000 50.000000 50.000000 50.000000 50.000000 
50.000000 47.894249 45.927557 44.211489 42.811658 41.743207 40.979248 40.466845 40.143972 39.952531 39.845538 39.789077 39.760894 39.747566 39.741582 39.739029 39.737991 39.737589 39.737440 39.737387 39.737369 39.737363 39.737361 39.737361 39.737361 39.737361 39.737361 39.737361 39.737361 39.737360 39.737359 39.737356 39.737347 39.737320 39.737241 39.737023 39.736445 39.734970 39.731351 39.722798 39.703319 39.660450 39.568938 39.378303 38.987128 38.185082 36.506425 32.811658 23.947124 0.000000 
50.000000 45.927557 42.124063 38.805282 36.098112 34.031833 32.554431 31.563525 30.939153 30.568953 30.362059 30.252882 30.198388 30.172616 30.161047 30.156110 30.154104 30.153326 30.153038 30.152936 30.152901 30.152890 30.152887 30.152886 30.152885 30.152885 30.152885 30.152885 30.152885 30.152884 30.152883 30.152877 30.152861 30.152812 30.152673 30.152289 30.151272 30.148685 30.142362 30.127506 30.093918 30.020754 29.866835 29.553080 28.930545 27.721570 25.411265 21.062031 13.115899 0.000000 
50.000000 44.211489 38.805282 34.088083 30.240260 27.303419 25.203607 23.795284 22.907923 22.381810 22.087792 21.932646 21.855211 21.818591 21.802154 21.795139 21.792288 21.791184 21.790774 21.790630 21.790580 21.790564 21.790559 21.790558 21.790557 21.790557 21.790557 21.790557 21.790557 21.790556 21.790554 21.790548 21.790528 21.790468 21.790297 21.789828 21.788593 21.785465 21.777867 21.760156 21.720531 21.635400 21.459647 21.110632 20.443361 19.215084 17.044042 13.394017 7.705064 0.000000 
50.000000 42.811658 36.098112 30.240260 25.462089 21.815246 19.207862 17.459174 16.357395 15.704182 15.339151 15.146543 15.050415 15.004957 14.984554 14.975847 14.972310 14.970938 14.970431 14.970251 14.970190 14.970170 14.970164 14.970162 14.970161 14.970161 14.970161 14.970161 14.970161 14.970160 14.970158 14.970152 14.970131 14.970071 14.969899 14.969429 14.968196 14.965095 14.957617 14.940347 14.902164 14.821370 14.657850 14.341518 13.757422 12.731044 11.025176 8.376541 4.626576 0.000000 
50.000000 41.743207 34.031833 27.303419 21.815246 17.626611 14.631954 12.623606 11.358276 10.608133 10.188955 9.967788 9.857413 9.805221 9.781797 9.771802 9.767741 9.766167 9.765584 9.765378 9.765308 9.765285 9.765278 9.765276 9.765275 9.765275 9.765275 9.765275 9.765275 9.765274 9.765272 9.765266 9.765248 9.765195 9.765045 9.764635 9.763567 9.760896 9.754508 9.739898 9.707984 9.641475 9.509409 9.260006 8.813306 8.057823 6.860059 5.101288 2.756080 0.000000 
50.000000 40.979248 32.554431 25.203607 19.207862 14.631954 11.360514 9.166618 7.784441 6.965062 6.507217 6.265661 6.145117 6.088120 6.062541 6.051627 6.047193 6.045475 6.044839 6.044613 6.044537 6.044512 6.044504 6.044502 6.044501 6.044501 6.044501 6.044501 6.044501 6.044500 6.044499 6.044494 6.044480 6.044438 6.044321 6.044002 6.043175 6.041121 6.036248 6.025210 6.001380 5.952421 5.856884 5.680257 5.371949 4.866344 4.092975 3.001351 1.600945 0.000000 
50.000000 40.466845 31.563525 23.795284 17.459174 12.623606 9.166618 6.848361 5.387888 4.522126 4.038384 3.783177 3.655828 3.595616 3.568596 3.557067 3.552384 3.550569 3.549897 3.549659 3.549579 3.549552 3.549544 3.549542 3.549541 3.549541 3.549541 3.549541 3.549541 3.549540 3.549539 3.549536 3.549526 3.549496 3.549412 3.549187 3.548606 3.547172 3.543796 3.536219 3.520040 3.487227 3.424181 3.309734 3.114197 2.801324 2.335638 1.696690 0.897907 0.000000 
50.000000 40.143972 30.939153 22.907923 16.357395 11.358276 7.784441 5.387888 3.878132 2.983184 2.483152 2.219361 2.087733 2.025501 1.997575 1.985661 1.980821 1.978945 1.978251 1.978005 1.977922 1.977895 1.977886 1.977884 1.977883 1.977883 1.977883 1.977883 1.977883 1.977883 1.977882 1.977880 1.977873 1.977854 1.977799 1.977653 1.977278 1.976359 1.974211 1.969431 1.959325 1.939066 1.900661 1.832020 1.716801 1.536025 1.272523 0.918400 0.483522 0.000000 
50.000000 39.952531 30.568953 22.381810 15.704182 10.608133 6.965062 4.522126 2.983184 2.070957 1.561284 1.292414 1.158256 1.094830 1.066369 1.054227 1.049295 1.047383 1.046676 1.046426 1.046341 1.046313 1.046304 1.046302 1.046301 1.046301 1.046301 1.046301 1.046301 1.046301 1.046300 1.046299 1.046295 1.046283 1.046250 1.046163 1.045939 1.045394 1.044129 1.041334 1.035478 1.023859 1.002086 0.963682 0.900148 0.802019 0.661279 0.475034 0.249212 0.000000 
50.000000 39.845538 30.362059 22.087792 15.339151 10.188955 6.507217 4.038384 2.483152 1.561284 1.046234 0.774533 0.638965 0.574873 0.546115 0.533846 0.528862 0.526931 0.526216 0.525963 0.525878 0.525850 0.525841 0.525838 0.525838 0.525837 0.525837 0.525837 0.525837 0.525837 0.525837 0.525836 0.525834 0.525827 0.525809 0.525760 0.525636 0.525335 0.524640 0.523117 0.519950 0.513721 0.502165 0.482007 0.449057 0.398803 0.327636 0.234553 0.122740 0.000000 
50.000000 39.789077 30.252882 21.932646 15.146543 9.967788 6.265661 3.783177 2.219361 1.292414 0.774533 0.501341 0.365032 0.300590 0.271675 0.259340 0.254329 0.252388 0.251669 0.251415 0.251329 0.251301 0.251292 0.251289 0.251288 0.251288 0.251288 0.251288 0.251288 0.251288 0.251288 0.251288 0.251286 0.251283 0.251273 0.251248 0.251183 0.251028 0.250671 0.249892 0.248285 0.245149 0.239381 0.229413 0.213280 0.188925 0.154779 0.110520 0.057726 0.000000 
50.000000 39.760894 30.198388 21.855211 15.050415 9.857413 6.145117 3.655828 2.087733 1.158256 0.638965 0.365032 0.228353 0.163738 0.134745 0.122377 0.117353 0.115406 0.114685 0.114430 0.114344 0.114316 0.114307 0.114304 0.114304 0.114303 0.114303 0.114303 0.114303 0.114303 0.114303 0.114303 0.114302 0.114301 0.114296 0.114284 0.114252 0.114176 0.114004 0.113630 0.112862 0.111373 0.108656 0.103996 0.096517 0.085320 0.069746 0.049703 0.025924 0.000000 
50.000000 39.747566 30.172616 21.818591 15.004957 9.805221 6.088120 3.595616 2.025501 1.094830 0.574873 0.300590 0.163738 0.099041 0.070011 0.057627 0.052597 0.050648 0.049927 0.049671 0.049585 0.049556 0.049548 0.049545 0.049544 0.049544 0.049544 0.049544 0.049544 0.049544 0.049544 0.049544 0.049544 0.049543 0.049541 0.049535 0.049520 0.049486 0.049407 0.049237 0.048890 0.048222 0.047010 0.044946 0.041654 0.036761 0.029999 0.021344 0.011121 0.000000 
50.000000 39.741582 30.161047 21.802154 14.984554 9.781797 6.062541 3.568596 1.997575 1.066369 0.546115 0.271675 0.134745 0.070011 0.040965 0.028575 0.023541 0.021591 0.020869 0.020614 0.020527 0.020499 0.020490 0.020488 0.020487 0.020487 0.020487 0.020487 0.020487 0.020487 0.020487 0.020487 0.020486 0.020486 0.020485 0.020483 0.020476 0.020461 0.020427 0.020354 0.020206 0.019922 0.019408 0.018539 0.017162 0.015125 0.012325 0.008759 0.004559 0.000000 
50.000000 39.739029 30.156110 21.795139 14.975847 9.771802 6.051627 3.557067 1.985661 1.054227 0.533846 0.259340 0.122377 0.057627 0.028575 0.016181 0.011147 0.009196 0.008474 0.008218 0.008132 0.008104 0.008095 0.008092 0.008091 0.008091 0.008091 0.008091 0.008091 0.008091 0.008091 0.008091 0.008091 0.008091 0.008091 0.008089 0.008087 0.008081 0.008067 0.008037 0.007977 0.007862 0.007655 0.007307 0.006757 0.005948 0.004842 0.003437 0.001788 0.000000 
50.000000 39.737991 30.154104 21.792288 14.972310 9.767741 6.047193 3.552384 1.980821 1.049295 0.528862 0.254329 0.117353 0.052597 0.023541 0.011147 0.006111 0.004161 0.003439 0.003183 0.003097 0.003068 0.003060 0.003057 0.003056 0.003056 0.003056 0.003056 0.003056 0.003056 0.003056 0.003056 0.003056 0.003056 0.003056 0.003055 0.003054 0.003052 0.003046 0.003035 0.003011 0.002967 0.002888 0.002755 0.002545 0.002239 0.001820 0.001291 0.000671 0.000000 
50.000000 39.737589 30.153326 21.791184 14.970938 9.766167 6.045475 3.550569 1.978945 1.047383 0.526931 0.252388 0.115406 0.050648 0.021591 0.009196 0.004161 0.002210 0.001488 0.001232 0.001146 0.001117 0.001109 0.001106 0.001105 0.001105 0.001105 0.001105 0.001105 0.001105 0.001105 0.001105 0.001105 0.001105 0.001105 0.001105 0.001104 0.001103 0.001101 0.001097 0.001089 0.001072 0.001043 0.000994 0.000918 0.000807 0.000656 0.000465 0.000242 0.000000 
50.000000 39.737440 30.153038 21.790774 14.970431 9.765584 6.044839 3.549897 1.978251 1.046676 0.526216 0.251669 0.114685 0.049927 0.020869 0.008474 0.003439 0.001488 0.000766 0.000510 0.000424 0.000395 0.000387 0.000384 0.000383 0.000383 0.000383 0.000383 0.000383 0.000383 0.000383 0.000383 0.000383 0.000383 0.000383 0.000383 0.000383 0.000382 0.000382 0.000380 0.000377 0.000371 0.000361 0.000344 0.000318 0.000279 0.000227 0.000161 0.000083 0.000000 
50.000000 39.737387 30.152936 21.790630 14.970251 9.765378 6.044613 3.549659 1.978005 1.046426 0.525963 0.251415 0.114430 0.049671 0.020614 0.008218 0.003183 0.001232 0.000510 0.000255 0.000168 0.000140 0.000131 0.000128 0.000128 0.000127 0.000127 0.000127 0.000127 0.000127 0.000127 0.000127 0.000127 0.000127 0.000127 0.000127 0.000127 0.000127 0.000127 0.000126 0.000125 0.000123 0.000120 0.000114 0.000105 0.000093 0.000075 0.000053 0.000028 0.000000 
50.000000 39.737369 30.152901 21.790580 14.970190 9.765308 6.044537 3.549579 1.977922 1.046341 0.525878 0.251329 0.114344 0.049585 0.020527 0.008132 0.003097 0.001146 0.000424 0.000168 0.000081 0.000053 0.000044 0.000042 0.000041 0.000041 0.000041 0.000041 0.000041 0.000041 0.000041 0.000041 0.000041 0.000041 0.000041 0.000041 0.000041 0.000041 0.000041 0.000040 0.000040 0.000039 0.000038 0.000037 0.000034 0.000030 0.000024 0.000017 0.000009 0.000000 
50.000000 39.737363 30.152890 21.790564 14.970170 9.765285 6.044512 3.549552 1.977895 1.046313 0.525850 0.251301 0.114316 0.049556 0.020499 0.008104 0.003068 0.001117 0.000395 0.000140 0.000053 0.000025 0.000016 0.000014 0.000013 0.000013 0.000013 0.000013 0.000013 0.000013 0.000013 0.000013 0.000013 0.000013 0.000013 0.000013 0.000013 0.000012 0.000012 0.000012 0.000012 0.000012 0.000012 0.000011 0.000010 0.000009 0.000007 0.000005 0.000003 0.000000 
50.000000 39.737361 30.152887 21.790559 14.970164 9.765278 6.044504 3.549544 1.977886 1.046304 0.525841 0.251292 0.114307 0.049548 0.020490 0.008095 0.003060 0.001109 0.000387 0.000131 0.000044 0.000016 0.000007 0.000005 0.000004 0.000004 0.000004 0.000004 0.000004 0.000004 0.000004 0.000004 0.000004 0.000004 0.000004 0.000004 0.000004 0.000004 0.000004 0.000004 0.000004 0.000004 0.000003 0.000003 0.000003 0.000003 0.000002 0.000002 0.000001 0.000000 
50.000000 39.737361 30.152886 21.790558 14.970162 9.765276 6.044502 3.549542 1.977884 1.046302 0.525838 0.251289 0.114304 0.049545 0.020488 0.008092 0.003057 0.001106 0.000384 0.000128 0.000042 0.000014 0.000005 0.000002 0.000001 0.000001 0.000001 0.000001 0.000001 0.000001 0.000001 0.000001 0.000001 0.000001 0.000001 0.000001 0.000001 0.000001 0.000001 0.000001 0.000001 0.000001 0.000001 0.000001 0.000001 0.000001 0.000001 0.000000 0.000000 0.000000 
50.000000 39.737361 30.152885 21.790558 14.970162 9.765275 6.044501 3.549541 1.977883 1.046301 0.525838 0.251288 0.114304 0.049544 0.020487 0.008091 0.003056 0.001105 0.000383 0.000128 0.000041 0.000013 0.000004 0.000001 0.000001 0.000000 0.000000 0.000000 0.000000 0.000000 0.000000 0.000000 0.000000 0.000000 0.000000 0.000000 0.000000 0.000000 0.000000 0.000000 0.000000 0.000000 0.000000 0.000000 0.000000 0.000000 0.000000 0.000000 0.000000 0.000000 
50.000000 39.737361 30.152885 21.790558 14.970162 9.765275 6.044501 3.549541 1.977883 1.046301 0.525838 0.251288 0.114304 0.049544 0.020487 0.008091 0.003056 0.001105 0.000383 0.000128 0.000041 0.000013 0.000004 0.000001 0.000001 0.000000 0.000000 0.000000 0.000000 0.000000 0.000000 0.000000 0.000000 0.000000 0.000000 0.000000 0.000000 0.000000 0.000000 0.000000 0.000000 0.000000 0.000000 0.000000 0.000000 0.000000 0.000000 0.000000 0.000000 0.000000 
50.000000 39.737361 30.152886 21.790558 14.970162 9.765276 6.044502 3.549542 1.977884 1.046302 0.525838 0.251289 0.114304 0.049545 0.020488 0.008092 0.003057 0.001106 0.000384 0.000128 0.000042 0.000014 0.000005 0.000002 0.000001 0.000001 0.000001 0.000001 0.000001 0.000001 0.000001 0.000001 0.000001 0.000001 0.000001 0.000001 0.000001 0.000001 0.000001 0.000001 0.000001 0.000001 0.000001 0.000001 0.000001 0.000001 0.000001 0.000000 0.000000 0.000000 
50.000000 39.737361 30.152887 21.790559 14.970164 9.765278 6.044504 3.549544 1.977886 1.046304 0.525841 0.251292 0.114307 0.049548 0.020490 0.008095 0.003060 0.001109 0.000387 0.000131 0.000044 0.000016 0.000007 0.000005 0.000004 0.000004 0.000004 0.000004 0.000004 0.000004 0.000004 0.000004 0.000004 0.000004 0.000004 0.000004 0.000004 0.000004 0.000004 0.000004 0.000004 0.000004 0.000003 0.000003 0.000003 0.000003 0.000002 0.000002 0.000001 0.000000 
50.000000 39.737363 30.152890 21.790564 14.970170 9.765285 6.044512 3.549552 1.977895 1.046313 0.525850 0.251301 0.114316 0.049556 0.020499 0.008104 0.003068 0.001117 0.000395 0.000140 0.000053 0.000025 0.000016 0.000014 0.000013 0.000013 0.000013 0.000013 0.000013 0.000013 0.000013 0.000013 0.000013 0.000013 0.000013 0.000013 0.000013 0.000012 0.000012 0.000012 0.000012 0.000012 0.000012 0.000011 0.000010 0.000009 0.000007 0.000005 0.000003 0.000000 
50.000000 39.737369 30.152901 21.790580 14.970190 9.765308 6.044537 3.549579 1.977922 1.046341 0.525878 0.251329 0.114344 0.049585 0.020527 0.008132 0.003097 0.001146 0.000424 0.000168 0.000081 0.000053 0.000044 0.000042 0.000041 0.000041 0.000041 0.000041 0.000041 0.000041 0.000041 0.000041 0.000041 0.000041 0.000041 0.000041 0.000041 0.000041 0.000041 0.000040 0.000040 0.000039 0.000038 0.000037 0.000034 0.000030 0.000024 0.000017 0.000009 0.000000 
50.000000 39.737387 30.152936 21.790630 14.970251 9.765378 6.044613 3.549659 1.978005 1.046426 0.525963 0.251415 0.114430 0.049671 0.020614 0.008218 0.003183 0.001232 0.000510 0.000255 0.000168 0.000140 0.000131 0.000128 0.000128 0.000127 0.000127 0.000127 0.000127 0.000127 0.000127 0.000127 0.000127 0.000127 0.000127 0.000127 0.000127 0.000127 0.000127 0.000126 0.000125 0.000123 0.000120 0.000114 0.000105 0.000093 0.000075 0.000053 0.000028 0.000000 
50.000000 39.737440 30.153038 21.790774 14.970431 9.765584 6.044839 3.549897 1.978251 1.046676 0.526216 0.251669 0.114685 0.049927 0.020869 0.008474 0.003439 0.001488 0.000766 0.000510 0.000424 0.000395 0.000387 0.000384 0.000383 0.000383 0.000383 0.000383 0.000383 0.000383 0.000383 0.000383 0.000383 0.000383 0.000383 0.000383 0.000383 0.000382 0.000382 0.000380 0.000377 0.000371 0.000361 0.000344 0.000318 0.000279 0.000227 0.000161 0.000083 0.000000 
50.000000 39.737589 30.153326 21.791184 14.970938 9.766167 6.045475 3.550569 1.978945 1.047383 0.526931 0.252388 0.115406 0.050648 0.021591 0.009196 0.004161 0.002210 0.001488 0.001232 0.001146 0.001117 0.001109 0.001106 0.001105 0.001105 0.001105 0.001105 0.001105 0.001105 0.001105 0.001105 0.001105 0.001105 0.001105 0.001105 0.001104 0.001103 0.001101 0.001097 0.001089 0.001072 0.001043 0.000994 0.000918 0.000807 0.000656 0.000465 0.000242 0.000000 
50.000000 39.737991 30.154104 21.792288 14.972310 9.767741 6.047193 3.552384 1.980821 1.049295 0.528862 0.254329 0.117353 0.052597 0.023541 0.011147 0.006111 0.004161 0.003439 0.003183 0.003097 0.003068 0.003060 0.003057 0.003056 0.003056 0.003056 0.003056 0.003056 0.003056 0.003056 0.003056 0.003056 0.003056 0.003056 0.003055 0.003054 0.003052 0.003046 0.003035 0.003011 0.002967 0.002888 0.002755 0.002545 0.002239 0.001820 0.001291 0.000671 0.000000 
50.000000 39.739029 30.156110 21.795139 14.975847 9.771802 6.051627 3.557067 1.985661 1.054227 0.533846 0.259340 0.122377 0.057627 0.028575 0.016181 0.011147 0.009196 0.008474 0.008218 0.008132 0.008104 0.008095 0.008092 0.008091 0.008091 0.008091 0.008091 0.008091 0.008091 0.008091 0.008091 0.008091 0.008091 0.008091 0.008089 0.008087 0.008081 0.008067 0.008037 0.007977 0.007862 0.007655 0.007307 0.006757 0.005948 0.004842 0.003437 0.001788 0.000000 
50.000000 39.741582 30.161047 21.802154 14.984554 9.781797 6.062541 3.568596 1.997575 1.066369 0.546115 0.271675 0.134745 0.070011 0.040965 0.028575 0.023541 0.021591 0.020869 0.020614 0.020527 0.020499 0.020490 0.020488 0.020487 0.020487 0.020487 0.020487 0.020487 0.020487 0.020487 0.020487 0.020486 0.020486 0.020485 0.020483 0.020476 0.020461 0.020427 0.020354 0.020206 0.019922 0.019408 0.018539 0.017162 0.015125 0.012325 0.008759 0.004559 0.000000 
50.000000 39.747566 30.172616 21.818591 15.004957 9.805221 6.088120 3.595616 2.025501 1.094830 0.574873 0.300590 0.163738 0.099041 0.070011 0.057627 0.052597 0.050648 0.049927 0.049671 0.049585 0.049556 0.049548 0.049545 0.049544 0.049544 0.049544 0.049544 0.049544 0.049544 0.049544 0.049544 0.049544 0.049543 0.049541 0.049535 0.049520 0.049486 0.049407 0.049237 0.048890 0.048222 0.047010 0.044946 0.041654 0.036761 0.029999 0.021344 0.011121 0.000000 
50.000000 39.760894 30.198388 21.855211 15.050415 9.857413 6.145117 3.655828 2.087733 1.158256 0.638965 0.365032 0.228353 0.163738 0.134745 0.122377 0.117353 0.115406 0.114685 0.114430 0.114344 0.114316 0.114307 0.114304 0.114304 0.114303 0.114303 0.114303 0.114303 0.114303 0.114303 0.114303 0.114302 0.114301 0.114296 0.114284 0.114252 0.114176 0.114004 0.113630 0.112862 0.111373 0.108656 0.103996 0.096517 0.085320 0.069746 0.049703 0.025924 0.000000 
50.000000 39.789077 30.252882 21.932646 15.146543 9.967788 6.265661 3.783177 2.219361 1.292414 0.774533 0.501341 0.365032 0.300590 0.271675 0.259340 0.254329 0.252388 0.251669 0.251415 0.251329 0.251301 0.251292 0.251289 0.251288 0.251288 0.251288 0.251288 0.251288 0.251288 0.251288 0.251288 0.251286 0.251283 0.251273 0.251248 0.251183 0.251028 0.250671 0.249892 0.248285 0.245149 0.239381 0.229413 0.213280 0.188925 0.154779 0.110520 0.057726 0.000000 
50.000000 39.845538 30.362059 22.087792 15.339151 10.188955 6.507217 4.038384 2.483152 1.561284 1.046234 0.774533 0.638965 0.574873 0.546115 0.533846 0.528862 0.526931 0.526216 0.525963 0.525878 0.525850 0.525841 0.525838 0.525838 0.525837 0.525837 0.525837 0.525837 0.525837 0.525837 0.525836 0.525834 0.525827 0.525809 0.525760 0.525636 0.525335 0.524640 0.523117 0.519950 0.513721 0.502165 0.482007 0.449057 0.398803 0.327636 0.234553 0.122740 0.000000 
50.000000 39.952531 30.568953 22.381810 15.704182 10.608133 6.965062 4.522126 2.983184 2.070957 1.561284 1.292414 1.158256 1.094830 1.066369 1.054227 1.049295 1.047383 1.046676 1.046426 1.046341 1.046313 1.046304 1.046302 1.046301 1.046301 1.046301 1.046301 1.046301 1.046301 1.046300 1.046299 1.046295 1.046283 1.046250 1.046163 1.045939 1.045394 1.044129 1.041334 1.035478 1.023859 1.002086 0.963682 0.900148 0.802019 0.661279 0.475034 0.249212 0.000000 
50.000000 40.143972 30.939153 22.907923 16.357395 11.358276 7.784441 5.387888 3.878132 2.983184 2.483152 2.219361 2.087733 2.025501 1.997575 1.985661 1.980821 1.978945 1.978251 1.978005 1.977922 1.977895 1.977886 1.977884 1.977883 1.977883 1.977883 1.977883 1.977883 1.977883 1.977882 1.977880 1.977873 1.977854 1.977799 1.977653 1.977278 1.976359 1.974211 1.969431 1.959325 1.939066 1.900661 1.832020 1.716801 1.536025 1.272523 0.918400 0.483522 0.000000 
50.000000 40.466845 31.563525 23.795284 17.459174 12.623606 9.166618 6.848361 5.387888 4.522126 4.038384 3.783177 3.655828 3.595616 3.568596 3.557067 3.552384 3.550569 3.549897 3.549659 3.549579 3.549552 3.549544 3.549542 3.549541 3.549541 3.549541 3.549541 3.549541 3.549540 3.549539 3.549536 3.549526 3.549496 3.549412 3.549187 3.548606 3.547172 3.543796 3.536219 3.520040 3.487227 3.424181 3.309734 3.114197 2.801324 2.335638 1.696690 0.897907 0.000000 
50.000000 40.979248 32.554431 25.203607 19.207862 14.631954 11.360514 9.166618 7.784441 6.965062 6.507217 6.265661 6.145117 6.088120 6.062541 6.051627 6.047193 6.045475 6.044839 6.044613 6.044537 6.044512 6.044504 6.044502 6.044501 6.044501 6.044501 6.044501 6.044501 6.044500 6.044499 6.044494 6.044480 6.044438 6.044321 6.044002 6.043175 6.041121 6.036248 6.025210 6.001380 5.952421 5.856884 5.680257 5.371949 4.866344 4.092975 3.001351 1.600945 0.000000 
50.000000 41.743207 34.031833 27.303419 21.815246 17.626611 14.631954 12.623606 11.358276 10.608133 10.188955 9.967788 9.857413 9.805221 9.781797 9.771802 9.767741 9.766167 9.765584 9.765378 9.765308 9.765285 9.765278 9.765276 9.765275 9.765275 9.765275 9.765275 9.765275 9.765274 9.765272 9.765266 9.765248 9.765195 9.765045 9.764635 9.763567 9.760896 9.754508 9.739898 9.707984 9.641475 9.509409 9.260006 8.813306 8.057823 6.860059 5.101288 2.756080 0.000000 
50.000000 42.811658 36.098112 30.240260 25.462089 21.815246 19.207862 17.459174 16.357395 15.704182 15.339151 15.146543 15.050415 15.004957 14.984554 14.975847 14.972310 14.970938 14.970431 14.970251 14.970190 14.970170 14.970164 14.970162 14.970161 14.970161 14.970161 14.970161 14.970161 14.970160 14.970158 14.970152 14.970131 14.970071 14.969899 14.969429 14.968196 14.965095 14.957617 14.940347 14.902164 14.821370 14.657850 14.341518 13.757422 12.731044 11.025176 8.376541 4.626576 0.000000 
50.000000 44.211489 38.805282 34.088083 30.240260 27.303419 25.203607 23.795284 22.907923 22.381810 22.087792 21.932646 21.855211 21.818591 21.802154 21.795139 21.792288 21.791184 21.790774 21.790630 21.790580 21.790564 21.790559 21.790558 21.790557 21.790557 21.790557 21.790557 21.790557 21.790556 21.790554 21.790548 21.790528 21.790468 21.790297 21.789828 21.788593 21.785465 21.777867 21.760156 21.720531 21.635400 21.459647 21.110632 20.443361 19.215084 17.044042 13.394017 7.705064 0.000000 
50.000000 45.927557 42.124063 38.805282 36.098112 34.031833 32.554431 31.563525 30.939153 30.568953 30.362059 30.252882 30.198388 30.172616 30.161047 30.156110 30.154104 30.153326 30.153038 30.152936 30.152901 30.152890 30.152887 30.152886 30.152885 30.152885 30.152885 30.152885 30.152885 30.152884 30.152883 30.152877 30.152861 30.152812 30.152673 30.152289 30.151272 30.148685 30.142362 30.127506 30.093918 30.020754 29.866835 29.553080 28.930545 27.721570 25.411265 21.062031 13.115899 0.000000 
50.000000 47.894249 45.927557 44.211489 42.811658 41.743207 40.979248 40.466845 40.143972 39.952531 39.845538 39.789077 39.760894 39.747566 39.741582 39.739029 39.737991 39.737589 39.737440 39.737387 39.737369 39.737363 39.737361 39.737361 39.737361 39.737361 39.737361 39.737361 39.737361 39.737360 39.737359 39.737356 39.737347 39.737320 39.737241 39.737023 39.736445 39.734970 39.731351 39.722798 39.703319 39.660450 39.568938 39.378303 38.987128 38.185082 36.506425 32.811658 23.947124 0.000000 
50.000000 50.000000 50.000000 50.000000 50.000000 50.000000 50.000000 50.000000 50.000000 50.000000 50.000000 50.000000 50.000000 50.000000 50.000000 50.000000 50.000000 50.000000 50.000000 50.000000 50.000000 50.000000 50.000000 50.000000 50.000000 50.000000 50.000000 50.000000 50.000000 50.000000 50.000000 50.000000 50.000000 50.000000 50.000000 50.000000 50.000000 50.000000 50.000000 50.000000 50.000000 50.000000 50.000000 50.000000 50.000000 50.000000 50.000000 50.000000 50.000000 50.000000 
