50.000000 50.000000 50.000000 50.000000 50.000000 50.000000 50.000000 50.000000 50.000000 50.000000 50.000000 50.000000 50.000000 50.000000 50.000000 50.000000 50.000000 50.000000 50.000000 50.000000 50.000000 50.000000 50.000000 50.000000 50.000000 50.000000 50.000000 50.000000 50.000000 50.000000 50.000000 50.000000 50.000000 50.000000 50.000000 50.000000 50.000000 50.000000 50.000000 50.000000 50.000000 50.000000 50.000000 50.000000 50.000000 50.000000 50.000000 50.000000 50.000000 50.000000 
50.000000 44.201284 39.450627 36.233894 34.408609 33.527215 33.159620 33.025418 32.982020 32.969461 32.966179 32.965399 32.965229 32.965195 32.965189 32.965187 32.965187 32.965187 32.965187 32.965187 32.965187 32.965187 32.965187 32.965187 32.965187 32.965187 32.965187 32.965187 32.965187 32.965187 32.965187 32.965187 32.965187 32.965187 32.965187 32.965187 32.965187 32.965185 32.965174 32.965114 32.964825 32.963513 32.957999 32.936554 32.859338 32.600877 31.788674 29.346570 22.100642 0.000000 
50.000000 39.450627 30.808578 24.957733 21.638383 20.035897 19.367734 19.123868 19.045030 19.022222 19.016265 19.014849 19.014540 19.014479 19.014467 19.014465 19.014465 19.014465 19.014465 19.014465 19.014465 19.014465 19.014465 19.014465 19.014465 19.014465 19.014465 19.014465 19.014465 19.014465 19.014465 19.014465 19.014465 19.014465 19.014465 19.014465 19.014464 19.014461 19.014446 19.014365 19.013974 19.012219 19.004960 18.977373 18.881387 18.576661 17.697193 15.404289 10.104057 0.000000 
50.000000 36.233894 24.957733 17.324846 12.995510 10.906024 10.035083 9.717318 9.614628 9.584931 9.577177 9.575335 9.574934 9.574854 9.574839 9.574836 9.574836 9.574836 9.574836 9.574836 9.574836 9.574836 9.574836 9.574836 9.574836 9.574836 9.574836 9.574836 9.574836 9.574836 9.574836 9.574836 9.574836 9.574836 9.574836 9.574835 9.574835 9.574833 9.574820 9.574753 9.574433 9.573016 9.567249 9.545826 9.473622 9.254540 8.662423 7.260540 4.445220 0.000000 
50.000000 34.408609 21.638383 12.995510 8.094364 5.729514 4.744083 4.384659 4.268546 4.234979 4.226218 4.224137 4.223685 4.223594 4.223577 4.223574 4.223574 4.223574 4.223574 4.223574 4.223574 4.223574 4.223574 4.223574 4.223574 4.223574 4.223574 4.223574 4.223574 4.223574 4.223574 4.223574 4.223574 4.223574 4.223574 4.223574 4.223573 4.223572 4.223564 4.223523 4.223330 4.222482 4.219085 4.206713 4.166097 4.047182 3.740970 3.061722 1.807732 0.000000 
50.000000 33.527215 20.035897 10.906024 5.729514 3.232263 2.191878 1.812498 1.689967 1.654554 1.645313 1.643119 1.642642 1.642546 1.642528 1.642525 1.642525 1.642525 1.642525 1.642525 1.642525 1.642525 1.642525 1.642525 1.642525 1.642525 1.642525 1.642525 1.642525 1.642525 1.642525 1.642525 1.642525 1.642525 1.642525 1.642525 1.642525 1.642524 1.642520 1.642500 1.642407 1.642001 1.640394 1.634637 1.616131 1.563417 1.432402 1.154510 0.667877 0.000000 
50.000000 33.159620 19.367734 10.035083 4.744083 2.191878 1.128731 0.741101 0.615924 0.579751 0.570313 0.568073 0.567586 0.567488 0.567470 0.567467 0.567466 0.567466 0.567466 0.567466 0.567466 0.567466 0.567466 0.567466 0.567466 0.567466 0.567466 0.567466 0.567466 0.567466 0.567466 0.567466 0.567466 0.567466 0.567466 0.567466 0.567466 0.567466 0.567464 0.567456 0.567418 0.567256 0.566619 0.564365 0.557242 0.537370 0.489257 0.390361 0.223066 0.000000 
50.000000 33.025418 19.123868 9.717318 4.384659 1.812498 0.741101 0.350489 0.224357 0.187911 0.178403 0.176146 0.175655 0.175557 0.175539 0.175536 0.175535 0.175535 0.175535 0.175535 0.175535 0.175535 0.175535 0.175535 0.175535 0.175535 0.175535 0.175535 0.175535 0.175535 0.175535 0.175535 0.175535 0.175535 0.175535 0.175535 0.175535 0.175535 0.175534 0.175531 0.175518 0.175462 0.175245 0.174482 0.172104 0.165574 0.150069 0.118908 0.067419 0.000000 
50.000000 32.982020 19.045030 9.614628 4.268546 1.689967 0.615924 0.224357 0.097921 0.061388 0.051857 0.049595 0.049103 0.049005 0.048986 0.048983 0.048983 0.048982 0.048982 0.048982 0.048982 0.048982 0.048982 0.048982 0.048982 0.048982 0.048982 0.048982 0.048982 0.048982 0.048982 0.048982 0.048982 0.048982 0.048982 0.048982 0.048982 0.048982 0.048982 0.048981 0.048977 0.048960 0.048895 0.048668 0.047966 0.046064 0.041612 0.032812 0.018507 0.000000 
50.000000 32.969461 19.022222 9.584931 4.234979 1.654554 0.579751 0.187911 0.061388 0.024830 0.015293 0.013029 0.012537 0.012438 0.012420 0.012417 0.012416 0.012416 0.012416 0.012416 0.012416 0.012416 0.012416 0.012416 0.012416 0.012416 0.012416 0.012416 0.012416 0.012416 0.012416 0.012416 0.012416 0.012416 0.012416 0.012416 0.012416 0.012416 0.012416 0.012416 0.012415 0.012410 0.012393 0.012332 0.012147 0.011649 0.010498 0.008249 0.004636 0.000000 
50.000000 32.966179 19.016265 9.577177 4.226218 1.645313 0.570313 0.178403 0.051857 0.015293 0.005754 0.003490 0.002998 0.002899 0.002881 0.002878 0.002877 0.002877 0.002877 0.002877 0.002877 0.002877 0.002877 0.002877 0.002877 0.002877 0.002877 0.002877 0.002877 0.002877 0.002877 0.002877 0.002877 0.002877 0.002877 0.002877 0.002877 0.002877 0.002877 0.002877 0.002877 0.002876 0.002871 0.002857 0.002813 0.002695 0.002424 0.001900 0.001065 0.000000 
50.000000 32.965399 19.014849 9.575335 4.224137 1.643119 0.568073 0.176146 0.049595 0.013029 0.003490 0.001226 0.000734 0.000635 0.000617 0.000614 0.000613 0.000613 0.000613 0.000613 0.000613 0.000613 0.000613 0.000613 0.000613 0.000613 0.000613 0.000613 0.000613 0.000613 0.000613 0.000613 0.000613 0.000613 0.000613 0.000613 0.000613 0.000613 0.000613 0.000613 0.000613 0.000613 0.000612 0.000608 0.000599 0.000573 0.000515 0.000403 0.000225 0.000000 
50.000000 32.965229 19.014540 9.574934 4.223685 1.642642 0.567586 0.175655 0.049103 0.012537 0.002998 0.000734 0.000241 0.000143 0.000124 0.000121 0.000121 0.000121 0.000121 0.000121 0.000121 0.000121 0.000121 0.000121 0.000121 0.000121 0.000121 0.000121 0.000121 0.000121 0.000121 0.000121 0.000121 0.000121 0.000121 0.000121 0.000121 0.000121 0.000121 0.000121 0.000121 0.000121 0.000120 0.000120 0.000118 0.000113 0.000101 0.000079 0.000044 0.000000 
50.000000 32.965195 19.014479 9.574854 4.223594 1.642546 0.567488 0.175557 0.049005 0.012438 0.002899 0.000635 0.000143 0.000044 0.000026 0.000023 0.000022 0.000022 0.000022 0.000022 0.000022 0.000022 0.000022 0.000022 0.000022 0.000022 0.000022 0.000022 0.000022 0.000022 0.000022 0.000022 0.000022 0.000022 0.000022 0.000022 0.000022 0.000022 0.000022 0.000022 0.000022 0.000022 0.000022 0.000022 0.000022 0.000021 0.000018 0.000014 0.000008 0.000000 
50.000000 32.965189 19.014467 9.574839 4.223577 1.642528 0.567470 0.175539 0.048986 0.012420 0.002881 0.000617 0.000124 0.000026 0.000008 0.000004 0.000004 0.000004 0.000004 0.000004 0.000004 0.000004 0.000004 0.000004 0.000004 0.000004 0.000004 0.000004 0.000004 0.000004 0.000004 0.000004 0.000004 0.000004 0.000004 0.000004 0.000004 0.000004 0.000004 0.000004 0.000004 0.000004 0.000004 0.000004 0.000004 0.000004 0.000003 0.000002 0.000001 0.000000 
50.000000 32.965187 19.014465 9.574836 4.223574 1.642525 0.567467 0.175536 0.048983 0.012417 0.002878 0.000614 0.000121 0.000023 0.000004 0.000001 0.000001 0.000001 0.000001 0.000001 0.000001 0.000001 0.000001 0.000001 0.000001 0.000001 0.000001 0.000001 0.000001 0.000001 0.000001 0.000001 0.000001 0.000001 0.000001 0.000001 0.000001 0.000001 0.000001 0.000001 0.000001 0.000001 0.000001 0.000001 0.000001 0.000001 0.000001 0.000000 0.000000 0.000000 
50.000000 32.965187 19.014465 9.574836 4.223574 1.642525 0.567466 0.175535 0.048983 0.012416 0.002877 0.000613 0.000121 0.000022 0.000004 0.000001 0.000000 0.000000 0.000000 0.000000 0.000000 0.000000 0.000000 0.000000 0.000000 0.000000 0.000000 0.000000 0.000000 0.000000 0.000000 0.000000 0.000000 0.000000 0.000000 0.000000 0.000000 0.000000 0.000000 0.000000 0.000000 0.000000 0.000000 0.000000 0.000000 0.000000 0.000000 0.000000 0.000000 0.000000 
50.000000 32.965187 19.014465 9.574836 4.223574 1.642525 0.567466 0.175535 0.048982 0.012416 0.002877 0.000613 0.000121 0.000022 0.000004 0.000001 0.000000 0.000000 0.000000 0.000000 0.000000 0.000000 0.000000 0.000000 0.000000 0.000000 0.000000 0.000000 0.000000 0.000000 0.000000 0.000000 0.000000 0.000000 0.000000 0.000000 0.000000 0.000000 0.000000 0.000000 0.000000 0.000000 0.000000 0.000000 0.000000 0.000000 0.000000 0.000000 0.000000 0.000000 
50.000000 32.965187 19.014465 9.574836 4.223574 1.642525 0.567466 0.175535 0.048982 0.012416 0.002877 0.000613 0.000121 0.000022 0.000004 0.000001 0.000000 0.000000 0.000000 0.000000 0.000000 0.000000 0.000000 0.000000 0.000000 0.000000 0.000000 0.000000 0.000000 0.000000 0.000000 0.000000 0.000000 0.000000 0.000000 0.000000 0.000000 0.000000 0.000000 0.000000 0.000000 0.000000 0.000000 0.000000 0.000000 0.000000 0.000000 0.000000 0.000000 0.000000 
50.000000 32.965187 19.014465 9.574836 4.223574 1.642525 0.567466 0.175535 0.048982 0.012416 0.002877 0.000613 0.000121 0.000022 0.000004 0.000001 0.000000 0.000000 0.000000 0.000000 0.000000 0.000000 0.000000 0.000000 0.000000 0.000000 0.000000 0.000000 0.000000 0.000000 0.000000 0.000000 0.000000 0.000000 0.000000 0.000000 0.000000 0.000000 0.000000 0.000000 0.000000 0.000000 0.000000 0.000000 0.000000 0.000000 0.000000 0.000000 0.000000 0.000000 
50.000000 32.965187 19.014465 9.574836 4.223574 1.642525 0.567466 0.175535 0.048982 0.012416 0.002877 0.000613 0.000121 0.000022 0.000004 0.000001 0.000000 0.000000 0.000000 0.000000 0.000000 0.000000 0.000000 0.000000 0.000000 0.000000 0.000000 0.000000 0.000000 0.000000 0.000000 0.000000 0.000000 0.000000 0.000000 0.000000 0.000000 0.000000 0.000000 0.000000 0.000000 0.000000 0.000000 0.000000 0.000000 0.000000 0.000000 0.000000 0.000000 0.000000 
50.000000 32.965187 19.014465 9.574836 4.223574 1.642525 0.567466 0.175535 0.048982 0.012416 0.002877 0.000613 0.000121 0.000022 0.000004 0.000001 0.000000 0.000000 0.000000 0.000000 0.000000 0.000000 0.000000 0.000000 0.000000 0.000000 0.000000 0.000000 0.000000 0.000000 0.000000 0.000000 0.000000 0.000000 0.000000 0.000000 0.000000 0.000000 0.000000 0.000000 0.000000 0.000000 0.000000 0.000000 0.000000 0.000000 0.000000 0.000000 0.000000 0.000000 
50.000000 32.965187 19.014465 9.574836 4.223574 1.642525 0.567466 0.175535 0.048982 0.012416 0.002877 0.000613 0.000121 0.000022 0.000004 0.000001 0.000000 0.000000 0.000000 0.000000 0.000000 0.000000 0.000000 0.000000 0.000000 0.000000 0.000000 0.000000 0.000000 0.000000 0.000000 0.000000 0.000000 0.000000 0.000000 0.000000 0.000000 0.000000 0.000000 0.000000 0.000000 0.000000 0.000000 0.000000 0.000000 0.000000 0.000000 0.000000 0.000000 0.000000 
50.000000 32.965187 19.014465 9.574836 4.223574 1.642525 0.567466 0.175535 0.048982 0.012416 0.002877 0.000613 0.000121 0.000022 0.000004 0.000001 0.000000 0.000000 0.000000 0.000000 0.000000 0.000000 0.000000 0.000000 0.000000 0.000000 0.000000 0.000000 0.000000 0.000000 0.000000 0.000000 0.000000 0.000000 0.000000 0.000000 0.000000 0.000000 0.000000 0.000000 0.000000 0.000000 0.000000 0.000000 0.000000 0.000000 0.000000 0.000000 0.000000 0.000000 
50.000000 32.965187 19.014465 9.574836 4.223574 1.642525 0.567466 0.175535 0.048982 0.012416 0.002877 0.000613 0.000121 0.000022 0.000004 0.000001 0.000000 0.000000 0.000000 0.000000 0.000000 0.000000 0.000000 0.000000 0.000000 0.000000 0.000000 0.000000 0.000000 0.000000 0.000000 0.000000 0.000000 0.000000 0.000000 0.000000 0.000000 0.000000 0.000000 0.000000 0.000000 0.000000 0.000000 0.000000 0.000000 0.000000 0.000000 0.000000 0.000000 0.000000 
50.000000 32.965187 19.014465 9.574836 4.223574 1.642525 0.567466 0.175535 0.048982 0.012416 0.002877 0.000613 0.000121 0.000022 0.000004 0.000001 0.000000 0.000000 0.000000 0.000000 0.000000 0.000000 0.000000 0.000000 0.000000 0.000000 0.000000 0.000000 0.000000 0.000000 0.000000 0.000000 0.000000 0.000000 0.000000 0.000000 0.000000 0.000000 0.000000 0.000000 0.000000 0.000000 0.000000 0.000000 0.000000 0.000000 0.000000 0.000000 0.000000 0.000000 
50.000000 32.965187 19.014465 9.574836 4.223574 1.642525 0.567466 0.175535 0.048982 0.012416 0.002877 0.000613 0.000121 0.000022 0.000004 0.000001 0.000000 0.000000 0.000000 0.000000 0.000000 0.000000 0.000000 0.000000 0.000000 0.000000 0.000000 0.000000 0.000000 0.000000 0.000000 0.000000 0.000000 0.000000 0.000000 0.000000 0.000000 0.000000 0.000000 0.000000 0.000000 0.000000 0.000000 0.000000 0.000000 0.000000 0.000000 0.000000 0.000000 0.000000 
50.000000 32.965187 19.014465 9.574836 4.223574 1.642525 0.567466 0.175535 0.048982 0.012416 0.002877 0.000613 0.000121 0.000022 0.000004 0.000001 0.000000 0.000000 0.000000 0.000000 0.000000 0.000000 0.000000 0.000000 0.000000 0.000000 0.000000 0.000000 0.000000 0.000000 0.000000 0.000000 0.000000 0.000000 0.000000 0.000000 0.000000 0.000000 0.000000 0.000000 0.000000 0.000000 0.000000 0.000000 0.000000 0.000000 0.000000 0.000000 0.000000 0.000000 
50.000000 32.965187 19.014465 9.574836 4.223574 1.642525 0.567466 0.175535 0.048982 0.012416 0.002877 0.000613 0.000121 0.000022 0.000004 0.000001 0.000000 0.000000 0.000000 0.000000 0.000000 0.000000 0.000000 0.000000 0.000000 0.000000 0.000000 0.000000 0.000000 0.000000 0.000000 0.000000 0.000000 0.000000 0.000000 0.000000 0.000000 0.000000 0.000000 0.000000 0.000000 0.000000 0.000000 0.000000 0.000000 0.000000 0.000000 0.000000 0.000000 0.000000 
50.000000 32.965187 19.014465 9.574836 4.223574 1.642525 0.567466 0.175535 0.048982 0.012416 0.002877 0.000613 0.000121 0.000022 0.000004 0.000001 0.000000 0.000000 0.000000 0.000000 0.000000 0.000000 0.000000 0.000000 0.000000 0.000000 0.000000 0.000000 0.000000 0.000000 0.000000 0.000000 0.000000 0.000000 0.000000 0.000000 0.000000 0.000000 0.000000 0.000000 0.000000 0.000000 0.000000 0.000000 0.000000 0.000000 0.000000 0.000000 0.000000 0.000000 
50.000000 32.965187 19.014465 9.574836 4.223574 1.642525 0.567466 0.175535 0.048982 0.012416 0.002877 0.000613 0.000121 0.000022 0.000004 0.000001 0.000000 0.000000 0.000000 0.000000 0.000000 0.000000 0.000000 0.000000 0.000000 0.000000 0.000000 0.000000 0.000000 0.000000 0.000000 0.000000 0.000000 0.000000 0.000000 0.000000 0.000000 0.000000 0.000000 0.000000 0.000000 0.000000 0.000000 0.000000 0.000000 0.000000 0.000000 0.000000 0.000000 0.000000 
50.000000 32.965187 19.014465 9.574836 4.223574 1.642525 0.567466 0.175535 0.048982 0.012416 0.002877 0.000613 0.000121 0.000022 0.000004 0.000001 0.000000 0.000000 0.000000 0.000000 0.000000 0.000000 0.000000 0.000000 0.000000 0.000000 0.000000 0.000000 0.000000 0.000000 0.000000 0.000000 0.000000 0.000000 0.000000 0.000000 0.000000 0.000000 0.000000 0.000000 0.000000 0.000000 0.000000 0.000000 0.000000 0.000000 0.000000 0.000000 0.000000 0.000000 
50.000000 32.965187 19.014465 9.574836 4.223574 1.642525 0.567466 0.175535 0.048982 0.012416 0.002877 0.000613 0.000121 0.000022 0.000004 0.000001 0.000000 0.000000 0.000000 0.000000 0.000000 0.000000 0.000000 0.000000 0.000000 0.000000 0.000000 0.000000 0.000000 0.000000 0.000000 0.000000 0.000000 0.000000 0.000000 0.000000 0.000000 0.000000 0.000000 0.000000 0.000000 0.000000 0.000000 0.000000 0.000000 0.000000 0.000000 0.000000 0.000000 0.000000 
50.000000 32.965187 19.014465 9.574836 4.223574 1.642525 0.567466 0.175535 0.048983 0.012416 0.002877 0.000613 0.000121 0.000022 0.000004 0.000001 0.000000 0.000000 0.000000 0.000000 0.000000 0.000000 0.000000 0.000000 0.000000 0.000000 0.000000 0.000000 0.000000 0.000000 0.000000 0.000000 0.000000 0.000000 0.000000 0.000000 0.000000 0.000000 0.000000 0.000000 0.000000 0.000000 0.000000 0.000000 0.000000 0.000000 0.000000 0.000000 0.000000 0.000000 
50.000000 32.965187 19.014465 9.574836 4.223574 1.642525 0.567467 0.175536 0.048983 0.012417 0.002878 0.000614 0.000121 0.000023 0.000004 0.000001 0.000001 0.000001 0.000001 0.000001 0.000001 0.000001 0.000001 0.000001 0.000001 0.000001 0.000001 0.000001 0.000001 0.000001 0.000001 0.000001 0.000001 0.000001 0.000001 0.000001 0.000001 0.000001 0.000001 0.000001 0.000001 0.000001 0.000001 0.000001 0.000001 0.000001 0.000001 0.000000 0.000000 0.000000 
50.000000 32.965189 19.014467 9.574839 4.223577 1.642528 0.567470 0.175539 0.048986 0.012420 0.002881 0.000617 0.000124 0.000026 0.000008 0.000004 0.000004 0.000004 0.000004 0.000004 0.000004 0.000004 0.000004 0.000004 0.000004 0.000004 0.000004 0.000004 0.000004 0.000004 0.000004 0.000004 0.000004 0.000004 0.000004 0.000004 0.000004 0.000004 0.000004 0.000004 0.000004 0.000004 0.000004 0.000004 0.000004 0.000004 0.000003 0.000002 0.000001 0.000000 
50.000000 32.965195 19.014479 9.574854 4.223594 1.642546 0.567488 0.175557 0.049005 0.012438 0.002899 0.000635 0.000143 0.000044 0.000026 0.000023 0.000022 0.000022 0.000022 0.000022 0.000022 0.000022 0.000022 0.000022 0.000022 0.000022 0.000022 0.000022 0.000022 0.000022 0.000022 0.000022 0.000022 0.000022 0.000022 0.000022 0.000022 0.000022 0.000022 0.000022 0.000022 0.000022 0.000022 0.000022 0.000022 0.000021 0.000018 0.000014 0.000008 0.000000 
50.000000 32.965229 19.014540 9.574934 4.223685 1.642642 0.567586 0.175655 0.049103 0.012537 0.002998 0.000734 0.000241 0.000143 0.000124 0.000121 0.000121 0.000121 0.000121 0.000121 0.000121 0.000121 0.000121 0.000121 0.000121 0.000121 0.000121 0.000121 0.000121 0.000121 0.000121 0.000121 0.000121 0.000121 0.000121 0.000121 0.000121 0.000121 0.000121 0.000121 0.000121 0.000121 0.000120 0.000120 0.000118 0.000113 0.000101 0.000079 0.000044 0.000000 
50.000000 32.965399 19.014849 9.575335 4.224137 1.643119 0.568073 0.176146 0.049595 0.013029 0.003490 0.001226 0.000734 0.000635 0.000617 0.000614 0.000613 0.000613 0.000613 0.000613 0.000613 0.000613 0.000613 0.000613 0.000613 0.000613 0.000613 0.000613 0.000613 0.000613 0.000613 0.000613 0.000613 0.000613 0.000613 0.000613 0.000613 0.000613 0.000613 0.000613 0.000613 0.000613 0.000612 0.000608 0.000599 0.000573 0.000515 0.000403 0.000225 0.000000 
50.000000 32.966179 19.016265 9.577177 4.226218 1.645313 0.570313 0.178403 0.051857 0.015293 0.005754 0.003490 0.002998 0.002899 0.002881 0.002878 0.002877 0.002877 0.002877 0.002877 0.002877 0.002877 0.002877 0.002877 0.002877 0.002877 0.002877 0.002877 0.002877 0.002877 0.002877 0.002877 0.002877 0.002877 0.002877 0.002877 0.002877 0.002877 0.002877 0.002877 0.002877 0.002876 0.002871 0.002857 0.002813 0.002695 0.002424 0.001900 0.001065 0.000000 
50.000000 32.969461 19.022222 9.584931 4.234979 1.654554 0.579751 0.187911 0.061388 0.024830 0.015293 0.013029 0.012537 0.012438 0.012420 0.012417 0.012416 0.012416 0.012416 0.012416 0.012416 0.012416 0.012416 0.012416 0.012416 0.012416 0.012416 0.012416 0.012416 0.012416 0.012416 0.012416 0.012416 0.012416 0.012416 0.012416 0.012416 0.012416 0.012416 0.012416 0.012415 0.012410 0.012393 0.012332 0.012147 0.011649 0.010498 0.008249 0.004636 0.000000 
50.000000 32.982020 19.045030 9.614628 4.268546 1.689967 0.615924 0.224357 0.097921 0.061388 0.051857 0.049595 0.049103 0.049005 0.048986 0.048983 0.048983 0.048982 0.048982 0.048982 0.048982 0.048982 0.048982 0.048982 0.048982 0.048982 0.048982 0.048982 0.048982 0.048982 0.048982 0.048982 0.048982 0.048982 0.048982 0.048982 0.048982 0.048982 0.048982 0.048981 0.048977 0.048960 0.048895 0.048668 0.047966 0.046064 0.041612 0.032812 0.018507 0.000000 
50.000000 33.025418 19.123868 9.717318 4.384659 1.812498 0.741101 0.350489 0.224357 0.187911 0.178403 0.176146 0.175655 0.175557 0.175539 0.175536 0.175535 0.175535 0.175535 0.175535 0.175535 0.175535 0.175535 0.175535 0.175535 0.175535 0.175535 0.175535 0.175535 0.175535 0.175535 0.175535 0.175535 0.175535 0.175535 0.175535 0.175535 0.175535 0.175534 0.175531 0.175518 0.175462 0.175245 0.174482 0.172104 0.165574 0.150069 0.118908 0.067419 0.000000 
50.000000 33.159620 19.367734 10.035083 4.744083 2.191878 1.128731 0.741101 0.615924 0.579751 0.570313 0.568073 0.567586 0.567488 0.567470 0.567467 0.567466 0.567466 0.567466 0.567466 0.567466 0.567466 0.567466 0.567466 0.567466 0.567466 0.567466 0.567466 0.567466 0.567466 0.567466 0.567466 0.567466 0.567466 0.567466 0.567466 0.567466 0.567466 0.567464 0.567456 0.567418 0.567256 0.566619 0.564365 0.557242 0.537370 0.489257 0.390361 0.223066 0.000000 
50.000000 33.527215 20.035897 10.906024 5.729514 3.232263 2.191878 1.812498 1.689967 1.654554 1.645313 1.643119 1.642642 1.642546 1.642528 1.642525 1.642525 1.642525 1.642525 1.642525 1.642525 1.642525 1.642525 1.642525 1.642525 1.642525 1.642525 1.642525 1.642525 1.642525 1.642525 1.642525 1.642525 1.642525 1.642525 1.642525 1.642525 1.642524 1.642520 1.642500 1.642407 1.642001 1.640394 1.634637 1.616131 1.563417 1.432402 1.154510 0.667877 0.000000 
50.000000 34.408609 21.638383 12.995510 8.094364 5.729514 4.744083 4.384659 4.268546 4.234979 4.226218 4.224137 4.223685 4.223594 4.223577 4.223574 4.223574 4.223574 4.223574 4.223574 4.223574 4.223574 4.223574 4.223574 4.223574 4.223574 4.223574 4.223574 4.223574 4.223574 4.223574 4.223574 4.223574 4.223574 4.223574 4.223574 4.223573 4.223572 4.223564 4.223523 4.223330 4.222482 4.219085 4.206713 4.166097 4.047182 3.740970 3.061722 1.807732 0.000000 
50.000000 36.233894 24.957733 17.324846 12.995510 10.906024 10.035083 9.717318 9.614628 9.584931 9.577177 9.575335 9.574934 9.574854 9.574839 9.574836 9.574836 9.574836 9.574836 9.574836 9.574836 9.574836 9.574836 9.574836 9.574836 9.574836 9.574836 9.574836 9.574836 9.574836 9.574836 9.574836 9.574836 9.574836 9.574836 9.574835 9.574835 9.574833 9.574820 9.574753 9.574433 9.573016 9.567249 9.545826 9.473622 9.254540 8.662423 7.260540 4.445220 0.000000 
50.000000 39.450627 30.808578 24.957733 21.638383 20.035897 19.367734 19.123868 19.045030 19.022222 19.016265 19.014849 19.014540 19.014479 19.014467 19.014465 19.014465 19.014465 19.014465 19.014465 19.014465 19.014465 19.014465 19.014465 19.014465 19.014465 19.014465 19.014465 19.014465 19.014465 19.014465 19.014465 19.014465 19.014465 19.014465 19.014465 19.014464 19.014461 19.014446 19.014365 19.013974 19.012219 19.004960 18.977373 18.881387 18.576661 17.697193 15.404289 10.104057 0.000000 
50.000000 44.201284 39.450627 36.233894 34.408609 33.527215 33.159620 33.025418 32.982020 32.969461 32.966179 32.965399 32.965229 32.965195 32.965189 32.965187 32.965187 32.965187 32.965187 32.965187 32.965187 32.965187 32.965187 32.965187 32.965187 32.965187 32.965187 32.965187 32.965187 32.965187 32.965187 32.965187 32.965187 32.965187 32.965187 32.965187 32.965187 32.965185 32.965174 32.965114 32.964825 32.963513 32.957999 32.936554 32.859338 32.600877 31.788674 29.346570 22.100642 0.000000 
50.000000 50.000000 50.000000 50.000000 50.000000 50.000000 50.000000 50.000000 50.000000 50.000000 50.000000 50.000000 50.000000 50.000000 50.000000 50.000000 50.000000 50.000000 50.000000 50.000000 50.000000 50.000000 50.000000 50.000000 50.000000 50.000000 50.000000 50.000000 50.000000 50.000000 50.000000 50.000000 50.000000 50.000000 50.000000 50.000000 50.000000 50.000000 50.000000 50.000000 50.000000 50.000000 50.000000 50.000000 50.000000 50.000000 50.000000 50.000000 50.000000 50.000000 
