50.000000 50.000000 50.000000 50.000000 50.000000 50.000000 50.000000 50.000000 50.000000 50.000000 50.000000 50.000000 50.000000 50.000000 50.000000 50.000000 50.000000 50.000000 50.000000 50.000000 50.000000 50.000000 50.000000 50.000000 50.000000 50.000000 50.000000 50.000000 50.000000 50.000000 50.000000 50.000000 50.000000 50.000000 50.000000 50.000000 50.000000 50.000000 50.000000 50.000000 50.000000 50.000000 50.000000 50.000000 50.000000 50.000000 50.000000 50.000000 50.000000 50.000000 
50.000000 48.876549 47.792717 46.783934 45.877994 45.092891 44.436211 43.905966 43.492534 43.181176 42.954614 42.795271 42.686912 42.615635 42.570264 42.542304 42.525616 42.515964 42.510552 42.507609 42.506056 42.505261 42.504864 42.504673 42.504582 42.504538 42.504515 42.504495 42.504464 42.504403 42.504275 42.504008 42.503464 42.502383 42.500281 42.496286 42.488861 42.475346 42.451225 42.408924 42.335847 42.211021 41.999104 41.638893 41.019244 39.923290 37.884292 33.769091 24.438275 0.000000 
50.000000 47.792717 45.663275 43.681288 41.901360 40.358848 39.068654 38.026873 37.214600 36.602874 36.157749 35.844690 35.631799 35.491763 35.402624 35.347693 35.314907 35.295945 35.285313 35.279531 35.276480 35.274917 35.274139 35.273762 35.273583 35.273498 35.273452 35.273414 35.273356 35.273241 35.273001 35.272501 35.271484 35.269462 35.265539 35.258100 35.244305 35.219275 35.174776 35.097146 34.963966 34.738663 34.361443 33.733457 32.687858 30.934998 27.958206 22.831638 14.023626 0.000000 
50.000000 46.783934 43.681288 40.793490 38.200103 35.952642 34.072817 32.554940 31.371462 30.480185 29.831648 29.375531 29.065359 28.861333 28.731464 28.651434 28.603668 28.576042 28.560553 28.552130 28.547685 28.545408 28.544274 28.543725 28.543465 28.543342 28.543276 28.543222 28.543144 28.542988 28.542664 28.541990 28.540624 28.537913 28.532667 28.522748 28.504428 28.471343 28.412882 28.311681 28.139822 27.853019 27.381708 26.617353 25.391569 23.446015 20.396745 15.723082 8.899642 0.000000 
50.000000 45.877994 41.901360 38.200103 34.876197 31.995672 29.586350 27.640938 26.124124 24.981819 24.150630 23.566058 23.168537 22.907058 22.740620 22.638056 22.576841 22.541437 22.521588 22.510793 22.505097 22.502179 22.500727 22.500024 22.499691 22.499533 22.499451 22.499386 22.499294 22.499114 22.498741 22.497969 22.496405 22.493313 22.487347 22.476114 22.455468 22.418409 22.353412 22.241956 22.054947 21.747681 21.252948 20.472049 19.264287 17.438099 14.754088 10.966362 5.954703 0.000000 
50.000000 45.092891 40.358848 35.952642 31.995672 28.566543 25.698375 23.382482 21.576823 20.217003 19.227550 18.531679 18.058478 17.747222 17.549102 17.427017 17.354152 17.312011 17.288385 17.275537 17.268758 17.265284 17.263556 17.262719 17.262323 17.262137 17.262041 17.261969 17.261871 17.261685 17.261299 17.260502 17.258894 17.255724 17.249634 17.238220 17.217360 17.180173 17.115496 17.005722 16.823877 16.529847 16.065901 15.352100 14.283271 12.731385 10.561073 7.670990 4.073647 0.000000 
50.000000 44.436211 39.068654 34.072817 29.586350 25.698375 22.446443 19.820700 17.773474 16.231747 15.109944 14.321003 13.784520 13.431644 13.207036 13.068630 12.986025 12.938253 12.911469 12.896905 12.889220 12.885283 12.883323 12.882375 12.881927 12.881717 12.881611 12.881536 12.881440 12.881260 12.880892 12.880135 12.878610 12.875619 12.869895 12.859223 12.839838 12.805530 12.746378 12.647035 12.484554 12.225882 11.825381 11.223221 10.346275 9.114301 7.455464 5.335197 2.797318 0.000000 
50.000000 43.905966 38.026873 32.554940 27.640938 23.382482 19.820700 16.944793 14.702540 13.013959 11.785315 10.921244 10.333681 9.947212 9.701225 9.549648 9.459184 9.406867 9.377537 9.361588 9.353172 9.348861 9.346715 9.345677 9.345187 9.344958 9.344845 9.344770 9.344681 9.344519 9.344191 9.343518 9.342169 9.339532 9.334509 9.325196 9.308384 9.278850 9.228370 9.144460 9.008888 8.796162 8.472397 7.995319 7.316581 6.387990 5.173232 3.665430 1.906862 0.000000 
50.000000 43.492534 37.214600 31.371462 26.124124 21.576823 17.773474 14.702540 12.308252 10.505194 9.193269 8.270640 7.643265 7.230616 6.967970 6.806130 6.709542 6.653685 6.622370 6.605342 6.596358 6.591755 6.589465 6.588357 6.587834 6.587591 6.587473 6.587401 6.587321 6.587184 6.586907 6.586344 6.585219 6.583029 6.578878 6.571222 6.557490 6.533539 6.492947 6.426131 6.319400 6.154126 5.906379 5.547592 5.046976 4.376443 3.518444 2.475937 1.281514 0.000000 
50.000000 43.181176 36.602874 30.480185 24.981819 20.217003 16.231747 13.013959 10.505194 8.615945 7.241320 6.274607 5.617264 5.184909 4.909724 4.740160 4.638965 4.580444 4.547636 4.529797 4.520384 4.515563 4.513163 4.512003 4.511456 4.511203 4.511082 4.511012 4.510944 4.510832 4.510611 4.510164 4.509275 4.507552 4.504300 4.498336 4.487702 4.469284 4.438318 4.387812 4.307973 4.185794 4.005071 3.747194 3.393126 2.926873 2.340363 1.638907 0.845329 0.000000 
50.000000 42.954614 36.157749 29.831648 24.150630 19.227550 15.109944 11.785315 9.193269 7.241320 5.821086 4.822309 4.143171 3.696486 3.412183 3.237003 3.132458 3.072000 3.038107 3.019678 3.009955 3.004974 3.002496 3.001297 3.000733 3.000472 3.000350 3.000284 3.000227 3.000139 2.999971 2.999633 2.998964 2.997673 2.995248 2.990823 2.982980 2.969485 2.946966 2.910543 2.853507 2.767138 2.640855 2.462910 2.221828 1.908674 1.519967 1.060603 0.545690 0.000000 
50.000000 42.795271 35.844690 29.375531 23.566058 18.531679 14.321003 10.921244 8.270640 6.274607 4.822309 3.800991 3.106533 2.649775 2.359065 2.179939 2.073040 2.011222 1.976567 1.957724 1.947782 1.942689 1.940155 1.938930 1.938353 1.938088 1.937965 1.937902 1.937855 1.937789 1.937666 1.937422 1.936941 1.936017 1.934290 1.931152 1.925622 1.916167 1.900496 1.875344 1.836288 1.777693 1.692874 1.574624 1.416183 1.212646 0.962649 0.669914 0.344046 0.000000 
50.000000 42.686912 35.631799 29.065359 23.168537 18.058478 13.784520 10.333681 7.643265 5.617264 4.143171 3.106533 2.401662 1.938060 1.642996 1.461189 1.352690 1.289949 1.254776 1.235652 1.225561 1.220393 1.217821 1.216578 1.215993 1.215724 1.215602 1.215542 1.215502 1.215453 1.215367 1.215198 1.214867 1.214234 1.213054 1.210923 1.207185 1.200831 1.190366 1.173686 1.147980 1.109726 1.054831 0.978990 0.878305 0.750129 0.594016 0.412525 0.211566 0.000000 
50.000000 42.615635 35.491763 28.861333 22.907058 17.747222 13.431644 9.947212 7.230616 5.184909 3.696486 2.649775 1.938060 1.469959 1.172034 0.988465 0.878916 0.815567 0.780055 0.760746 0.750558 0.745340 0.742743 0.741488 0.740898 0.740627 0.740504 0.740447 0.740412 0.740377 0.740319 0.740206 0.739987 0.739571 0.738798 0.737407 0.734979 0.730874 0.724153 0.713506 0.697208 0.673127 0.638828 0.591806 0.529862 0.451590 0.356906 0.247457 0.126774 0.000000 
50.000000 42.570264 35.402624 28.731464 22.740620 17.549102 13.207036 9.701225 6.967970 4.909724 3.412183 2.359065 1.642996 1.172034 0.872289 0.687600 0.577383 0.513649 0.477920 0.458493 0.448244 0.442994 0.440382 0.439119 0.438525 0.438253 0.438131 0.438075 0.438045 0.438019 0.437980 0.437908 0.437769 0.437505 0.437018 0.436144 0.434627 0.432073 0.427913 0.421360 0.411389 0.396748 0.376029 0.347813 0.310882 0.264506 0.208716 0.144524 0.073977 0.000000 
50.000000 42.542304 35.347693 28.651434 22.638056 17.427017 13.068630 9.549648 6.806130 4.740160 3.237003 2.179939 1.461189 0.988465 0.687600 0.502222 0.391594 0.327622 0.291760 0.272261 0.261974 0.256704 0.254083 0.252815 0.252220 0.251947 0.251825 0.251770 0.251743 0.251723 0.251698 0.251653 0.251568 0.251407 0.251111 0.250582 0.249667 0.248135 0.245650 0.241755 0.235860 0.227252 0.215139 0.198735 0.177383 0.150709 0.118767 0.082153 0.042023 0.000000 
50.000000 42.525616 35.314907 28.603668 22.576841 17.354152 12.986025 9.459184 6.709542 4.638965 3.132458 2.073040 1.352691 0.878916 0.577383 0.391594 0.280721 0.216607 0.180666 0.161125 0.150815 0.145534 0.142906 0.141636 0.141039 0.140766 0.140644 0.140590 0.140565 0.140549 0.140533 0.140506 0.140455 0.140361 0.140187 0.139878 0.139346 0.138457 0.137023 0.134785 0.131413 0.126513 0.119652 0.110406 0.098428 0.083528 0.065754 0.045444 0.023233 0.000000 
50.000000 42.515964 35.295945 28.576042 22.541437 17.312012 12.938253 9.406868 6.653685 4.580444 3.072001 2.011222 1.289949 0.815568 0.513649 0.327622 0.216608 0.152413 0.116426 0.096859 0.086536 0.081249 0.078618 0.077346 0.076748 0.076475 0.076353 0.076300 0.076276 0.076263 0.076252 0.076236 0.076207 0.076153 0.076055 0.075880 0.075581 0.075083 0.074281 0.073037 0.071169 0.068467 0.064699 0.059643 0.053118 0.045033 0.035419 0.024461 0.012500 0.000000 
50.000000 42.510552 35.285313 28.560553 22.521588 17.288386 12.911470 9.377537 6.622371 4.547637 3.038108 1.976568 1.254777 0.780055 0.477921 0.291761 0.180667 0.116426 0.080414 0.060834 0.050503 0.045212 0.042579 0.041307 0.040708 0.040435 0.040313 0.040260 0.040237 0.040226 0.040218 0.040208 0.040192 0.040162 0.040108 0.040013 0.039850 0.039580 0.039147 0.038476 0.037473 0.036028 0.034020 0.031336 0.027884 0.023620 0.018563 0.012813 0.006545 0.000000 
50.000000 42.507610 35.279532 28.552131 22.510795 17.275539 12.896907 9.361589 6.605344 4.529799 3.019681 1.957726 1.235654 0.760748 0.458496 0.272264 0.161127 0.096861 0.060835 0.041247 0.030913 0.025619 0.022986 0.021713 0.021114 0.020841 0.020719 0.020666 0.020643 0.020633 0.020627 0.020621 0.020612 0.020597 0.020568 0.020518 0.020431 0.020289 0.020062 0.019712 0.019190 0.018439 0.017401 0.016016 0.014242 0.012055 0.009468 0.006532 0.003335 0.000000 
50.000000 42.506057 35.276482 28.547688 22.505101 17.268762 12.889224 9.353177 6.596363 4.520390 3.009961 1.947788 1.225567 0.750564 0.448250 0.261980 0.150820 0.086542 0.050508 0.030916 0.020580 0.015285 0.012651 0.011378 0.010779 0.010506 0.010384 0.010331 0.010309 0.010299 0.010294 0.010290 0.010286 0.010277 0.010262 0.010237 0.010193 0.010120 0.010005 0.009827 0.009563 0.009185 0.008662 0.007968 0.007081 0.005990 0.004702 0.003242 0.001655 0.000000 
50.000000 42.505263 35.274922 28.545414 22.502188 17.265295 12.885294 9.348873 6.591768 4.515576 3.004988 1.942704 1.220408 0.745355 0.443009 0.256719 0.145549 0.081263 0.045226 0.025632 0.015295 0.010000 0.007365 0.006092 0.005493 0.005219 0.005098 0.005045 0.005022 0.005013 0.005009 0.005006 0.005003 0.004999 0.004992 0.004979 0.004957 0.004921 0.004864 0.004776 0.004646 0.004461 0.004205 0.003866 0.003433 0.002903 0.002278 0.001570 0.000801 0.000000 
50.000000 42.504870 35.274150 28.544291 22.500748 17.263581 12.883352 9.346746 6.589498 4.513198 3.002531 1.940192 1.217858 0.742780 0.440419 0.254120 0.142944 0.078655 0.042616 0.023021 0.012683 0.007387 0.004753 0.003479 0.002881 0.002607 0.002485 0.002433 0.002410 0.002401 0.002397 0.002395 0.002393 0.002391 0.002388 0.002381 0.002371 0.002353 0.002325 0.002283 0.002220 0.002130 0.002007 0.001845 0.001637 0.001384 0.001085 0.000748 0.000382 0.000000 
50.000000 42.504687 35.273790 28.543766 22.500075 17.262780 12.882444 9.345752 6.588437 4.512086 3.001383 1.939017 1.216666 0.741577 0.439209 0.252905 0.141726 0.077436 0.041396 0.021801 0.011462 0.006167 0.003532 0.002259 0.001660 0.001386 0.001264 0.001212 0.001189 0.001180 0.001176 0.001175 0.001174 0.001172 0.001170 0.001167 0.001162 0.001153 0.001139 0.001118 0.001087 0.001043 0.000982 0.000902 0.000801 0.000676 0.000530 0.000365 0.000186 0.000000 
50.000000 42.504615 35.273649 28.543561 22.499812 17.262467 12.882089 9.345364 6.588022 4.511652 3.000934 1.938559 1.216201 0.741107 0.438736 0.252431 0.141250 0.076960 0.040919 0.021324 0.010985 0.005690 0.003055 0.001782 0.001183 0.000909 0.000788 0.000735 0.000713 0.000703 0.000700 0.000698 0.000697 0.000696 0.000695 0.000693 0.000690 0.000685 0.000676 0.000664 0.000645 0.000619 0.000582 0.000535 0.000474 0.000400 0.000314 0.000216 0.000110 0.000000 
50.000000 42.504615 35.273649 28.543561 22.499812 17.262467 12.882089 9.345364 6.588022 4.511652 3.000934 1.938559 1.216201 0.741107 0.438736 0.252431 0.141250 0.076960 0.040919 0.021324 0.010985 0.005690 0.003055 0.001782 0.001183 0.000909 0.000788 0.000735 0.000713 0.000703 0.000700 0.000698 0.000697 0.000696 0.000695 0.000693 0.000690 0.000685 0.000676 0.000664 0.000645 0.000619 0.000582 0.000535 0.000474 0.000400 0.000314 0.000216 0.000110 0.000000 
50.000000 42.504687 35.273790 28.543766 22.500075 17.262780 12.882444 9.345752 6.588437 4.512086 3.001383 1.939017 1.216666 0.741577 0.439209 0.252905 0.141726 0.077436 0.041396 0.021801 0.011462 0.006167 0.003532 0.002259 0.001660 0.001386 0.001264 0.001212 0.001189 0.001180 0.001176 0.001175 0.001174 0.001172 0.001170 0.001167 0.001162 0.001153 0.001139 0.001118 0.001087 0.001043 0.000982 0.000902 0.000801 0.000676 0.000530 0.000365 0.000186 0.000000 
50.000000 42.504870 35.274150 28.544291 22.500748 17.263581 12.883352 9.346746 6.589498 4.513198 3.002531 1.940192 1.217858 0.742780 0.440419 0.254120 0.142944 0.078655 0.042616 0.023021 0.012683 0.007387 0.004753 0.003479 0.002881 0.002607 0.002485 0.002433 0.002410 0.002401 0.002397 0.002395 0.002393 0.002391 0.002388 0.002381 0.002371 0.002353 0.002325 0.002283 0.002220 0.002130 0.002007 0.001845 0.001637 0.001384 0.001085 0.000748 0.000382 0.000000 
50.000000 42.505263 35.274922 28.545414 22.502188 17.265295 12.885294 9.348873 6.591768 4.515576 3.004988 1.942704 1.220408 0.745355 0.443009 0.256719 0.145549 0.081263 0.045226 0.025632 0.015295 0.010000 0.007365 0.006092 0.005493 0.005219 0.005098 0.005045 0.005022 0.005013 0.005009 0.005006 0.005003 0.004999 0.004992 0.004979 0.004957 0.004921 0.004864 0.004776 0.004646 0.004461 0.004205 0.003866 0.003433 0.002903 0.002278 0.001570 0.000801 0.000000 
50.000000 42.506057 35.276482 28.547688 22.505101 17.268762 12.889224 9.353177 6.596363 4.520390 3.009961 1.947788 1.225567 0.750564 0.448250 0.261980 0.150820 0.086542 0.050508 0.030916 0.020580 0.015285 0.012651 0.011378 0.010779 0.010506 0.010384 0.010331 0.010309 0.010299 0.010294 0.010290 0.010286 0.010277 0.010262 0.010237 0.010193 0.010120 0.010005 0.009827 0.009563 0.009185 0.008662 0.007968 0.007081 0.005990 0.004702 0.003242 0.001655 0.000000 
50.000000 42.507610 35.279532 28.552131 22.510795 17.275539 12.896907 9.361589 6.605344 4.529799 3.019681 1.957726 1.235654 0.760748 0.458496 0.272264 0.161127 0.096861 0.060835 0.041247 0.030913 0.025619 0.022986 0.021713 0.021114 0.020841 0.020719 0.020666 0.020643 0.020633 0.020627 0.020621 0.020612 0.020597 0.020568 0.020518 0.020431 0.020289 0.020062 0.019712 0.019190 0.018439 0.017401 0.016016 0.014242 0.012055 0.009468 0.006532 0.003335 0.000000 
50.000000 42.510552 35.285313 28.560553 22.521588 17.288386 12.911470 9.377537 6.622371 4.547637 3.038108 1.976568 1.254777 0.780055 0.477921 0.291761 0.180667 0.116426 0.080414 0.060834 0.050503 0.045212 0.042579 0.041307 0.040708 0.040435 0.040313 0.040260 0.040237 0.040226 0.040218 0.040208 0.040192 0.040162 0.040108 0.040013 0.039850 0.039580 0.039147 0.038476 0.037473 0.036028 0.034020 0.031336 0.027884 0.023620 0.018563 0.012813 0.006545 0.000000 
50.000000 42.515964 35.295945 28.576042 22.541437 17.312012 12.938253 9.406868 6.653685 4.580444 3.072001 2.011222 1.289949 0.815568 0.513649 0.327622 0.216608 0.152413 0.116426 0.096859 0.086536 0.081249 0.078618 0.077346 0.076748 0.076475 0.076353 0.076300 0.076276 0.076263 0.076252 0.076236 0.076207 0.076153 0.076055 0.075880 0.075581 0.075083 0.074281 0.073037 0.071169 0.068467 0.064699 0.059643 0.053118 0.045033 0.035419 0.024461 0.012500 0.000000 
50.000000 42.525616 35.314907 28.603668 22.576841 17.354152 12.986025 9.459184 6.709542 4.638965 3.132458 2.073040 1.352691 0.878916 0.577383 0.391594 0.280721 0.216607 0.180666 0.161125 0.150815 0.145534 0.142906 0.141636 0.141039 0.140766 0.140644 0.140590 0.140565 0.140549 0.140533 0.140506 0.140455 0.140361 0.140187 0.139878 0.139346 0.138457 0.137023 0.134785 0.131413 0.126513 0.119652 0.110406 0.098428 0.083528 0.065754 0.045444 0.023233 0.000000 
50.000000 42.542304 35.347693 28.651434 22.638056 17.427017 13.068630 9.549648 6.806130 4.740160 3.237003 2.179939 1.461189 0.988465 0.687600 0.502222 0.391594 0.327622 0.291760 0.272261 0.261974 0.256704 0.254083 0.252815 0.252220 0.251947 0.251825 0.251770 0.251743 0.251723 0.251698 0.251653 0.251568 0.251407 0.251111 0.250582 0.249667 0.248135 0.245650 0.241755 0.235860 0.227252 0.215139 0.198735 0.177383 0.150709 0.118767 0.082153 0.042023 0.000000 
50.000000 42.570264 35.402624 28.731464 22.740620 17.549102 13.207036 9.701225 6.967970 4.909724 3.412183 2.359065 1.642996 1.172034 0.872289 0.687600 0.577383 0.513649 0.477920 0.458493 0.448244 0.442994 0.440382 0.439119 0.438525 0.438253 0.438131 0.438075 0.438045 0.438019 0.437980 0.437908 0.437769 0.437505 0.437018 0.436144 0.434627 0.432073 0.427913 0.421360 0.411389 0.396748 0.376029 0.347813 0.310882 0.264506 0.208716 0.144524 0.073977 0.000000 
50.000000 42.615635 35.491763 28.861333 22.907058 17.747222 13.431644 9.947212 7.230616 5.184909 3.696486 2.649775 1.938060 1.469959 1.172034 0.988465 0.878916 0.815567 0.780055 0.760746 0.750558 0.745340 0.742743 0.741488 0.740898 0.740627 0.740504 0.740447 0.740412 0.740377 0.740319 0.740206 0.739987 0.739571 0.738798 0.737407 0.734979 0.730874 0.724153 0.713506 0.697208 0.673127 0.638828 0.591806 0.529862 0.451590 0.356906 0.247457 0.126774 0.000000 
50.000000 42.686912 35.631799 29.065359 23.168537 18.058478 13.784520 10.333681 7.643265 5.617264 4.143171 3.106533 2.401662 1.938060 1.642996 1.461189 1.352690 1.289949 1.254776 1.235652 1.225561 1.220393 1.217821 1.216578 1.215993 1.215724 1.215602 1.215542 1.215502 1.215453 1.215367 1.215198 1.214867 1.214234 1.213054 1.210923 1.207185 1.200831 1.190366 1.173686 1.147980 1.109726 1.054831 0.978990 0.878305 0.750129 0.594016 0.412525 0.211566 0.000000 
50.000000 42.795271 35.844690 29.375531 23.566058 18.531679 14.321003 10.921244 8.270640 6.274607 4.822309 3.800991 3.106533 2.649775 2.359065 2.179939 2.073040 2.011222 1.976567 1.957724 1.947782 1.942689 1.940155 1.938930 1.938353 1.938088 1.937965 1.937902 1.937855 1.937789 1.937666 1.937422 1.936941 1.936017 1.934290 1.931152 1.925622 1.916167 1.900496 1.875344 1.836288 1.777693 1.692874 1.574624 1.416183 1.212646 0.962649 0.669914 0.344046 0.000000 
50.000000 42.954614 36.157749 29.831648 24.150630 19.227550 15.109944 11.785315 9.193269 7.241320 5.821086 4.822309 4.143171 3.696486 3.412183 3.237003 3.132458 3.072000 3.038107 3.019678 3.009955 3.004974 3.002496 3.001297 3.000733 3.000472 3.000350 3.000284 3.000227 3.000139 2.999971 2.999633 2.998964 2.997673 2.995248 2.990823 2.982980 2.969485 2.946966 2.910543 2.853507 2.767138 2.640855 2.462910 2.221828 1.908674 1.519967 1.060603 0.545690 0.000000 
50.000000 43.181176 36.602874 30.480185 24.981819 20.217003 16.231747 13.013959 10.505194 8.615945 7.241320 6.274607 5.617264 5.184909 4.909724 4.740160 4.638965 4.580444 4.547636 4.529797 4.520384 4.515563 4.513163 4.512003 4.511456 4.511203 4.511082 4.511012 4.510944 4.510832 4.510611 4.510164 4.509275 4.507552 4.504300 4.498336 4.487702 4.469284 4.438318 4.387812 4.307973 4.185794 4.005071 3.747194 3.393126 2.926873 2.340363 1.638907 0.845329 0.000000 
50.000000 43.492534 37.214600 31.371462 26.124124 21.576823 17.773474 14.702540 12.308252 10.505194 9.193269 8.270640 7.643265 7.230616 6.967970 6.806130 6.709542 6.653685 6.622370 6.605342 6.596358 6.591755 6.589465 6.588357 6.587834 6.587591 6.587473 6.587401 6.587321 6.587184 6.586907 6.586344 6.585219 6.583029 6.578878 6.571222 6.557490 6.533539 6.492947 6.426131 6.319400 6.154126 5.906379 5.547592 5.046976 4.376443 3.518444 2.475937 1.281514 0.000000 
50.000000 43.905966 38.026873 32.554940 27.640938 23.382482 19.820700 16.944793 14.702540 13.013959 11.785315 10.921244 10.333681 9.947212 9.701225 9.549648 9.459184 9.406867 9.377537 9.361588 9.353172 9.348861 9.346715 9.345677 9.345187 9.344958 9.344845 9.344770 9.344681 9.344519 9.344191 9.343518 9.342169 9.339532 9.334509 9.325196 9.308384 9.278850 9.228370 9.144460 9.008888 8.796162 8.472397 7.995319 7.316581 6.387990 5.173232 3.665430 1.906862 0.000000 
50.000000 44.436211 39.068654 34.072817 29.586350 25.698375 22.446443 19.820700 17.773474 16.231747 15.109944 14.321003 13.784520 13.431644 13.207036 13.068630 12.986025 12.938253 12.911469 12.896905 12.889220 12.885283 12.883323 12.882375 12.881927 12.881717 12.881611 12.881536 12.881440 12.881260 12.880892 12.880135 12.878610 12.875619 12.869895 12.859223 12.839838 12.805530 12.746378 12.647035 12.484554 12.225882 11.825381 11.223221 10.346275 9.114301 7.455464 5.335197 2.797318 0.000000 
50.000000 45.092891 40.358848 35.952642 31.995672 28.566543 25.698375 23.382482 21.576823 20.217003 19.227550 18.531679 18.058478 17.747222 17.549102 17.427017 17.354152 17.312011 17.288385 17.275537 17.268758 17.265284 17.263556 17.262719 17.262323 17.262137 17.262041 17.261969 17.261871 17.261685 17.261299 17.260502 17.258894 17.255724 17.249634 17.238220 17.217360 17.180173 17.115496 17.005722 16.823877 16.529847 16.065901 15.352100 14.283271 12.731385 10.561073 7.670990 4.073647 0.000000 
50.000000 45.877994 41.901360 38.200103 34.876197 31.995672 29.586350 27.640938 26.124124 24.981819 24.150630 23.566058 23.168537 22.907058 22.740620 22.638056 22.576841 22.541437 22.521588 22.510793 22.505097 22.502179 22.500727 22.500024 22.499691 22.499533 22.499451 22.499386 22.499294 22.499114 22.498741 22.497969 22.496405 22.493313 22.487347 22.476114 22.455468 22.418409 22.353412 22.241956 22.054947 21.747681 21.252948 20.472049 19.264287 17.438099 14.754088 10.966362 5.954703 0.000000 
50.000000 46.783934 43.681288 40.793490 38.200103 35.952642 34.072817 32.554940 31.371462 30.480185 29.831648 29.375531 29.065359 28.861333 28.731464 28.651434 28.603668 28.576042 28.560553 28.552130 28.547685 28.545408 28.544274 28.543725 28.543465 28.543342 28.543276 28.543222 28.543144 28.542988 28.542664 28.541990 28.540624 28.537913 28.532667 28.522748 28.504428 28.471343 28.412882 28.311681 28.139822 27.853019 27.381708 26.617353 25.391569 23.446015 20.396745 15.723082 8.899642 0.000000 
50.000000 47.792717 45.663275 43.681288 41.901360 40.358848 39.068654 38.026873 37.214600 36.602874 36.157749 35.844690 35.631799 35.491763 35.402624 35.347693 35.314907 35.295945 35.285313 35.279531 35.276480 35.274917 35.274139 35.273762 35.273583 35.273498 35.273452 35.273414 35.273356 35.273241 35.273001 35.272501 35.271484 35.269462 35.265539 35.258100 35.244305 35.219275 35.174776 35.097146 34.963966 34.738663 34.361443 33.733457 32.687858 30.934998 27.958206 22.831638 14.023626 0.000000 
50.000000 48.876549 47.792717 46.783934 45.877994 45.092891 44.436211 43.905966 43.492534 43.181176 42.954614 42.795271 42.686912 42.615635 42.570264 42.542304 42.525616 42.515964 42.510552 42.507609 42.506056 42.505261 42.504864 42.504673 42.504582 42.504538 42.504515 42.504495 42.504464 42.504403 42.504275 42.504008 42.503464 42.502383 42.500281 42.496286 42.488861 42.475346 42.451225 42.408924 42.335847 42.211021 41.999104 41.638893 41.019244 39.923290 37.884292 33.769091 24.438275 0.000000 
50.000000 50.000000 50.000000 50.000000 50.000000 50.000000 50.000000 50.000000 50.000000 50.000000 50.000000 50.000000 50.000000 50.000000 50.000000 50.000000 50.000000 50.000000 50.000000 50.000000 50.000000 50.000000 50.000000 50.000000 50.000000 50.000000 50.000000 50.000000 50.000000 50.000000 50.000000 50.000000 50.000000 50.000000 50.000000 50.000000 50.000000 50.000000 50.000000 50.000000 50.000000 50.000000 50.000000 50.000000 50.000000 50.000000 50.000000 50.000000 50.000000 50.000000 
