50.000000 50.000000 50.000000 50.000000 50.000000 50.000000 50.000000 50.000000 50.000000 50.000000 50.000000 50.000000 50.000000 50.000000 50.000000 50.000000 50.000000 50.000000 50.000000 50.000000 50.000000 50.000000 50.000000 50.000000 50.000000 50.000000 50.000000 50.000000 50.000000 50.000000 50.000000 50.000000 50.000000 50.000000 50.000000 50.000000 50.000000 50.000000 50.000000 50.000000 50.000000 50.000000 50.000000 50.000000 50.000000 50.000000 50.000000 50.000000 50.000000 50.000000 
50.000000 48.703620 47.459986 46.315413 45.304658 44.448035 43.751101 43.206602 42.797932 42.503147 42.298687 42.162260 42.074635 42.020431 41.988117 41.969541 41.959237 41.953719 41.950864 41.949436 41.948745 41.948421 41.948274 41.948209 41.948181 41.948169 41.948163 41.948158 41.948148 41.948126 41.948076 41.947961 41.947706 41.947159 41.946013 41.943673 41.939020 41.929995 41.912896 41.881205 41.823596 41.720521 41.538095 41.216416 40.645262 39.608082 37.637653 33.599444 24.351810 0.000000 
50.000000 47.459986 45.023320 42.780748 40.800372 39.121993 37.756494 36.689666 35.888970 35.311407 34.910819 34.643525 34.471849 34.365651 34.302343 34.265949 34.245763 34.234952 34.229358 34.226560 34.225206 34.224572 34.224284 34.224157 34.224103 34.224079 34.224068 34.224057 34.224039 34.223998 34.223904 34.223690 34.223219 34.222205 34.220085 34.215768 34.207203 34.190641 34.159391 34.101774 33.997772 33.813499 33.491907 32.936599 31.982472 30.340469 27.493011 22.511660 13.860542 0.000000 
50.000000 46.315413 42.780748 39.527648 36.654900 34.220242 32.239461 30.691938 29.530471 28.692682 28.111610 27.723892 27.474873 27.320834 27.229006 27.176219 27.146940 27.131259 27.123146 27.119088 27.117124 27.116204 27.115787 27.115603 27.115524 27.115490 27.115474 27.115459 27.115435 27.115381 27.115255 27.114972 27.114348 27.113010 27.110217 27.104548 27.093345 27.071786 27.031353 26.957387 26.825233 26.594260 26.198640 25.533176 24.431849 22.637126 19.763824 15.287738 8.677759 0.000000 
50.000000 45.304658 40.800372 36.654900 32.994134 29.891646 27.367552 25.395573 23.915552 22.847996 22.107572 21.613534 21.296233 21.099958 20.982955 20.915697 20.878392 20.858414 20.848077 20.842907 20.840405 20.839233 20.838701 20.838467 20.838367 20.838324 20.838303 20.838286 20.838259 20.838197 20.838056 20.837738 20.837039 20.835544 20.832434 20.826148 20.813786 20.790139 20.746124 20.666360 20.525551 20.283247 19.876583 19.210740 18.147777 16.497067 14.017775 10.459903 5.696576 0.000000 
50.000000 44.448035 39.121993 34.220242 29.891646 26.223201 23.238684 20.907017 19.157062 17.894814 17.019372 16.435254 16.060104 15.828050 15.689721 15.610206 15.566103 15.542485 15.530265 15.524153 15.521195 15.519810 15.519181 15.518905 15.518786 15.518736 15.518712 15.518694 15.518666 15.518604 15.518462 15.518142 15.517442 15.515950 15.512859 15.506639 15.494478 15.471373 15.428722 15.352217 15.218868 14.993024 14.621511 14.028465 13.111600 11.743870 9.788394 7.139521 3.802773 0.000000 
50.000000 43.751101 37.756494 32.239461 27.367552 23.238684 19.879613 17.255353 15.285826 13.865221 12.879964 12.222584 11.800391 11.539243 11.383573 11.294093 11.244463 11.217887 11.204136 11.197259 11.193931 11.192372 11.191665 11.191354 11.191221 11.191165 11.191139 11.191120 11.191094 11.191036 11.190905 11.190611 11.189968 11.188604 11.185791 11.180160 11.169214 11.148568 11.110784 11.043711 10.928266 10.735725 10.424866 9.939807 9.210219 8.156812 6.706285 4.819895 2.534685 0.000000 
50.000000 43.206602 36.689666 30.691938 25.395573 20.907017 17.255353 14.402537 12.261503 10.717213 9.646190 8.931600 8.472672 8.188807 8.019600 7.922339 7.868397 7.839511 7.824566 7.817091 7.813475 7.811781 7.811012 7.810674 7.810530 7.810469 7.810442 7.810424 7.810400 7.810350 7.810238 7.809986 7.809438 7.808280 7.805903 7.801168 7.792021 7.774895 7.743819 7.689211 7.596346 7.443657 7.201268 6.830487 6.285505 5.518990 4.493297 3.197759 1.668506 0.000000 
50.000000 42.797932 35.888970 29.530471 23.915552 19.157062 15.285826 12.261503 9.991780 8.354691 7.219326 6.461818 5.975336 5.674433 5.495074 5.391980 5.334804 5.304186 5.288347 5.280424 5.276591 5.274796 5.273982 5.273624 5.273470 5.273406 5.273378 5.273361 5.273341 5.273301 5.273210 5.273008 5.272571 5.271649 5.269766 5.266034 5.258872 5.245554 5.221589 5.179879 5.109735 4.995890 4.817846 4.550101 4.164038 3.632305 2.936211 2.075471 1.077411 0.000000 
50.000000 42.503147 35.311407 28.692682 22.847996 17.894814 13.865221 10.717213 8.354691 6.650689 5.468933 4.680486 4.174142 3.860959 3.674283 3.566987 3.507480 3.475616 3.459131 3.450887 3.446898 3.445030 3.444182 3.443810 3.443650 3.443584 3.443555 3.443540 3.443523 3.443492 3.443423 3.443271 3.442941 3.442249 3.440842 3.438069 3.432776 3.423003 3.405553 3.375452 3.325344 3.244956 3.120867 2.936955 2.675947 2.322445 1.867449 1.313635 0.679550 0.000000 
50.000000 42.298687 34.910819 28.111610 22.107572 17.019372 12.879964 9.646190 7.219326 5.468933 4.255020 3.445126 2.925017 2.603325 2.411580 2.301371 2.240251 2.207523 2.190592 2.182124 2.178028 2.176109 2.175239 2.174856 2.174693 2.174625 2.174596 2.174582 2.174569 2.174546 2.174496 2.174387 2.174151 2.173659 2.172663 2.170709 2.167001 2.160199 2.148140 2.127510 2.093482 2.039447 1.956979 1.836253 1.667155 1.441212 1.154223 0.809045 0.417482 0.000000 
50.000000 42.162260 34.643525 27.723892 21.613534 16.435254 12.222584 8.931600 6.461818 4.680486 3.445126 2.620933 2.091646 1.764282 1.569158 1.457009 1.394814 1.361511 1.344282 1.335666 1.331498 1.329545 1.328660 1.328270 1.328104 1.328035 1.328007 1.327993 1.327983 1.327967 1.327933 1.327858 1.327698 1.327365 1.326694 1.325385 1.322913 1.318405 1.310467 1.296986 1.274933 1.240229 1.187781 1.111801 1.006532 0.867410 0.692539 0.484135 0.249363 0.000000 
50.000000 42.074635 34.471849 27.474873 21.296233 16.060104 11.800391 8.472672 5.975336 4.174142 2.925017 2.091646 1.556470 1.225467 1.028176 0.914782 0.851897 0.818225 0.800806 0.792095 0.787880 0.785906 0.785011 0.784617 0.784449 0.784380 0.784351 0.784339 0.784330 0.784319 0.784297 0.784248 0.784145 0.783930 0.783499 0.782662 0.781088 0.778235 0.773242 0.764818 0.751138 0.729782 0.697777 0.651823 0.588732 0.506094 0.403087 0.281208 0.144640 0.000000 
50.000000 42.020431 34.365651 27.320834 21.099958 15.828050 11.539243 8.188807 5.674433 3.860959 2.603325 1.764282 1.225467 0.892214 0.693584 0.579422 0.516111 0.482211 0.464675 0.455905 0.451662 0.449675 0.448773 0.448377 0.448208 0.448138 0.448110 0.448098 0.448091 0.448083 0.448069 0.448039 0.447975 0.447842 0.447578 0.447065 0.446107 0.444378 0.441369 0.436324 0.428183 0.415562 0.396786 0.370029 0.333573 0.286173 0.227489 0.158448 0.081410 0.000000 
50.000000 41.988117 34.302343 27.229006 20.982955 15.689721 11.383573 8.019600 5.495074 3.674283 2.411580 1.569158 1.028176 0.693584 0.494157 0.379538 0.315973 0.281938 0.264331 0.255526 0.251266 0.249272 0.248367 0.247969 0.247799 0.247729 0.247701 0.247689 0.247683 0.247678 0.247669 0.247651 0.247613 0.247535 0.247379 0.247079 0.246519 0.245514 0.243774 0.240871 0.236215 0.229039 0.218432 0.203414 0.183082 0.156807 0.124458 0.086575 0.044444 0.000000 
50.000000 41.969541 34.265949 27.176219 20.915697 15.610206 11.294093 7.922339 5.391980 3.566987 2.301371 1.457009 0.914782 0.579422 0.379538 0.264655 0.200945 0.166833 0.149186 0.140361 0.136091 0.134092 0.133185 0.132786 0.132616 0.132546 0.132517 0.132506 0.132501 0.132497 0.132492 0.132482 0.132460 0.132416 0.132328 0.132158 0.131845 0.131283 0.130315 0.128709 0.126145 0.122215 0.116437 0.108301 0.097347 0.083263 0.066002 0.045864 0.023529 0.000000 
50.000000 41.959237 34.245763 27.146940 20.878392 15.566103 11.244463 7.868397 5.334804 3.507480 2.240251 1.394814 0.851897 0.516111 0.315973 0.200945 0.137155 0.102999 0.085330 0.076494 0.072219 0.070217 0.069309 0.068910 0.068740 0.068669 0.068641 0.068630 0.068625 0.068622 0.068619 0.068614 0.068602 0.068577 0.068530 0.068438 0.068269 0.067967 0.067448 0.066592 0.065231 0.063155 0.060117 0.055859 0.050153 0.042848 0.033930 0.023557 0.012078 0.000000 
50.000000 41.953719 34.234952 27.131259 20.858414 15.542485 11.217887 7.839511 5.304186 3.475616 2.207523 1.361511 0.818225 0.482211 0.281938 0.166833 0.102999 0.068820 0.051140 0.042298 0.038020 0.036017 0.035108 0.034708 0.034538 0.034468 0.034439 0.034428 0.034424 0.034422 0.034420 0.034417 0.034410 0.034398 0.034372 0.034325 0.034237 0.034080 0.033813 0.033372 0.032675 0.031616 0.030072 0.027918 0.025043 0.021375 0.016911 0.011733 0.006013 0.000000 
50.000000 41.950864 34.229358 27.123146 20.848077 15.530265 11.204136 7.824566 5.288347 3.459131 2.190592 1.344282 0.800806 0.464675 0.264332 0.149186 0.085330 0.051140 0.033453 0.024608 0.020329 0.018325 0.017416 0.017016 0.016846 0.016775 0.016747 0.016736 0.016731 0.016730 0.016728 0.016727 0.016723 0.016717 0.016704 0.016680 0.016636 0.016558 0.016425 0.016206 0.015861 0.015338 0.014580 0.013526 0.012123 0.010339 0.008174 0.005668 0.002903 0.000000 
50.000000 41.949436 34.226560 27.119088 20.842907 15.524153 11.197259 7.817092 5.280425 3.450887 2.182125 1.335666 0.792095 0.455905 0.255527 0.140361 0.076494 0.042298 0.024608 0.015761 0.011481 0.009477 0.008568 0.008168 0.007998 0.007927 0.007899 0.007888 0.007884 0.007882 0.007881 0.007880 0.007878 0.007875 0.007869 0.007857 0.007836 0.007798 0.007734 0.007629 0.007464 0.007215 0.006854 0.006355 0.005691 0.004851 0.003832 0.002656 0.001360 0.000000 
50.000000 41.948745 34.225206 27.117124 20.840405 15.521196 11.193932 7.813476 5.276592 3.446899 2.178029 1.331498 0.787881 0.451663 0.251267 0.136092 0.072220 0.038021 0.020329 0.011482 0.007202 0.005197 0.004288 0.003888 0.003718 0.003647 0.003619 0.003608 0.003604 0.003602 0.003601 0.003601 0.003600 0.003598 0.003596 0.003590 0.003580 0.003562 0.003533 0.003484 0.003407 0.003292 0.003126 0.002897 0.002593 0.002208 0.001744 0.001208 0.000619 0.000000 
50.000000 41.948421 34.224572 27.116205 20.839234 15.519812 11.192374 7.811783 5.274798 3.445032 2.176111 1.329548 0.785909 0.449677 0.249274 0.134094 0.070220 0.036019 0.018327 0.009479 0.005199 0.003194 0.002285 0.001885 0.001715 0.001644 0.001616 0.001605 0.001601 0.001599 0.001598 0.001598 0.001598 0.001597 0.001596 0.001593 0.001589 0.001581 0.001567 0.001545 0.001511 0.001459 0.001385 0.001283 0.001148 0.000977 0.000771 0.000534 0.000273 0.000000 
50.000000 41.948275 34.224286 27.115790 20.838705 15.519186 11.191671 7.811018 5.273988 3.444189 2.175245 1.328666 0.785018 0.448780 0.248373 0.133191 0.069316 0.035114 0.017422 0.008574 0.004294 0.002289 0.001380 0.000980 0.000810 0.000739 0.000711 0.000700 0.000696 0.000694 0.000693 0.000693 0.000693 0.000693 0.000692 0.000691 0.000689 0.000685 0.000679 0.000670 0.000655 0.000632 0.000600 0.000555 0.000497 0.000423 0.000333 0.000231 0.000118 0.000000 
50.000000 41.948212 34.224163 27.115611 20.838478 15.518917 11.191368 7.810690 5.273640 3.443826 2.174873 1.328288 0.784635 0.448395 0.247986 0.132804 0.068928 0.034726 0.017034 0.008186 0.003905 0.001900 0.000991 0.000591 0.000421 0.000350 0.000322 0.000311 0.000307 0.000305 0.000305 0.000305 0.000304 0.000304 0.000304 0.000304 0.000303 0.000301 0.000298 0.000294 0.000287 0.000277 0.000263 0.000243 0.000218 0.000185 0.000146 0.000101 0.000052 0.000000 
50.000000 41.948189 34.224118 27.115546 20.838395 15.518819 11.191258 7.810570 5.273512 3.443694 2.174737 1.328149 0.784495 0.448254 0.247845 0.132662 0.068786 0.034584 0.016891 0.008043 0.003763 0.001758 0.000849 0.000449 0.000279 0.000208 0.000180 0.000169 0.000165 0.000163 0.000163 0.000163 0.000162 0.000162 0.000162 0.000162 0.000161 0.000161 0.000159 0.000157 0.000153 0.000148 0.000140 0.000130 0.000116 0.000099 0.000078 0.000054 0.000027 0.000000 
50.000000 41.948189 34.224118 27.115546 20.838395 15.518819 11.191258 7.810570 5.273512 3.443694 2.174737 1.328149 0.784495 0.448254 0.247845 0.132662 0.068786 0.034584 0.016891 0.008043 0.003763 0.001758 0.000849 0.000449 0.000279 0.000208 0.000180 0.000169 0.000165 0.000163 0.000163 0.000163 0.000162 0.000162 0.000162 0.000162 0.000161 0.000161 0.000159 0.000157 0.000153 0.000148 0.000140 0.000130 0.000116 0.000099 0.000078 0.000054 0.000027 0.000000 
50.000000 41.948212 34.224163 27.115611 20.838478 15.518917 11.191368 7.810690 5.273640 3.443826 2.174873 1.328288 0.784635 0.448395 0.247986 0.132804 0.068928 0.034726 0.017034 0.008186 0.003905 0.001900 0.000991 0.000591 0.000421 0.000350 0.000322 0.000311 0.000307 0.000305 0.000305 0.000305 0.000304 0.000304 0.000304 0.000304 0.000303 0.000301 0.000298 0.000294 0.000287 0.000277 0.000263 0.000243 0.000218 0.000185 0.000146 0.000101 0.000052 0.000000 
50.000000 41.948275 34.224286 27.115790 20.838705 15.519186 11.191671 7.811018 5.273988 3.444189 2.175245 1.328666 0.785018 0.448780 0.248373 0.133191 0.069316 0.035114 0.017422 0.008574 0.004294 0.002289 0.001380 0.000980 0.000810 0.000739 0.000711 0.000700 0.000696 0.000694 0.000693 0.000693 0.000693 0.000693 0.000692 0.000691 0.000689 0.000685 0.000679 0.000670 0.000655 0.000632 0.000600 0.000555 0.000497 0.000423 0.000333 0.000231 0.000118 0.000000 
50.000000 41.948421 34.224572 27.116205 20.839234 15.519812 11.192374 7.811783 5.274798 3.445032 2.176111 1.329548 0.785909 0.449677 0.249274 0.134094 0.070220 0.036019 0.018327 0.009479 0.005199 0.003194 0.002285 0.001885 0.001715 0.001644 0.001616 0.001605 0.001601 0.001599 0.001598 0.001598 0.001598 0.001597 0.001596 0.001593 0.001589 0.001581 0.001567 0.001545 0.001511 0.001459 0.001385 0.001283 0.001148 0.000977 0.000771 0.000534 0.000273 0.000000 
50.000000 41.948745 34.225206 27.117124 20.840405 15.521196 11.193932 7.813476 5.276592 3.446899 2.178029 1.331498 0.787881 0.451663 0.251267 0.136092 0.072220 0.038021 0.020329 0.011482 0.007202 0.005197 0.004288 0.003888 0.003718 0.003647 0.003619 0.003608 0.003604 0.003602 0.003601 0.003601 0.003600 0.003598 0.003596 0.003590 0.003580 0.003562 0.003533 0.003484 0.003407 0.003292 0.003126 0.002897 0.002593 0.002208 0.001744 0.001208 0.000619 0.000000 
50.000000 41.949436 34.226560 27.119088 20.842907 15.524153 11.197259 7.817092 5.280425 3.450887 2.182125 1.335666 0.792095 0.455905 0.255527 0.140361 0.076494 0.042298 0.024608 0.015761 0.011481 0.009477 0.008568 0.008168 0.007998 0.007927 0.007899 0.007888 0.007884 0.007882 0.007881 0.007880 0.007878 0.007875 0.007869 0.007857 0.007836 0.007798 0.007734 0.007629 0.007464 0.007215 0.006854 0.006355 0.005691 0.004851 0.003832 0.002656 0.001360 0.000000 
50.000000 41.950864 34.229358 27.123146 20.848077 15.530265 11.204136 7.824566 5.288347 3.459131 2.190592 1.344282 0.800806 0.464675 0.264332 0.149186 0.085330 0.051140 0.033453 0.024608 0.020329 0.018325 0.017416 0.017016 0.016846 0.016775 0.016747 0.016736 0.016731 0.016730 0.016728 0.016727 0.016723 0.016717 0.016704 0.016680 0.016636 0.016558 0.016425 0.016206 0.015861 0.015338 0.014580 0.013526 0.012123 0.010339 0.008174 0.005668 0.002903 0.000000 
50.000000 41.953719 34.234952 27.131259 20.858414 15.542485 11.217887 7.839511 5.304186 3.475616 2.207523 1.361511 0.818225 0.482211 0.281938 0.166833 0.102999 0.068820 0.051140 0.042298 0.038020 0.036017 0.035108 0.034708 0.034538 0.034468 0.034439 0.034428 0.034424 0.034422 0.034420 0.034417 0.034410 0.034398 0.034372 0.034325 0.034237 0.034080 0.033813 0.033372 0.032675 0.031616 0.030072 0.027918 0.025043 0.021375 0.016911 0.011733 0.006013 0.000000 
50.000000 41.959237 34.245763 27.146940 20.878392 15.566103 11.244463 7.868397 5.334804 3.507480 2.240251 1.394814 0.851897 0.516111 0.315973 0.200945 0.137155 0.102999 0.085330 0.076494 0.072219 0.070217 0.069309 0.068910 0.068740 0.068669 0.068641 0.068630 0.068625 0.068622 0.068619 0.068614 0.068602 0.068577 0.068530 0.068438 0.068269 0.067967 0.067448 0.066592 0.065231 0.063155 0.060117 0.055859 0.050153 0.042848 0.033930 0.023557 0.012078 0.000000 
50.000000 41.969541 34.265949 27.176219 20.915697 15.610206 11.294093 7.922339 5.391980 3.566987 2.301371 1.457009 0.914782 0.579422 0.379538 0.264655 0.200945 0.166833 0.149186 0.140361 0.136091 0.134092 0.133185 0.132786 0.132616 0.132546 0.132517 0.132506 0.132501 0.132497 0.132492 0.132482 0.132460 0.132416 0.132328 0.132158 0.131845 0.131283 0.130315 0.128709 0.126145 0.122215 0.116437 0.108301 0.097347 0.083263 0.066002 0.045864 0.023529 0.000000 
50.000000 41.988117 34.302343 27.229006 20.982955 15.689721 11.383573 8.019600 5.495074 3.674283 2.411580 1.569158 1.028176 0.693584 0.494157 0.379538 0.315973 0.281938 0.264331 0.255526 0.251266 0.249272 0.248367 0.247969 0.247799 0.247729 0.247701 0.247689 0.247683 0.247678 0.247669 0.247651 0.247613 0.247535 0.247379 0.247079 0.246519 0.245514 0.243774 0.240871 0.236215 0.229039 0.218432 0.203414 0.183082 0.156807 0.124458 0.086575 0.044444 0.000000 
50.000000 42.020431 34.365651 27.320834 21.099958 15.828050 11.539243 8.188807 5.674433 3.860959 2.603325 1.764282 1.225467 0.892214 0.693584 0.579422 0.516111 0.482211 0.464675 0.455905 0.451662 0.449675 0.448773 0.448377 0.448208 0.448138 0.448110 0.448098 0.448091 0.448083 0.448069 0.448039 0.447975 0.447842 0.447578 0.447065 0.446107 0.444378 0.441369 0.436324 0.428183 0.415562 0.396786 0.370029 0.333573 0.286173 0.227489 0.158448 0.081410 0.000000 
50.000000 42.074635 34.471849 27.474873 21.296233 16.060104 11.800391 8.472672 5.975336 4.174142 2.925017 2.091646 1.556470 1.225467 1.028176 0.914782 0.851897 0.818225 0.800806 0.792095 0.787880 0.785906 0.785011 0.784617 0.784449 0.784380 0.784351 0.784339 0.784330 0.784319 0.784297 0.784248 0.784145 0.783930 0.783499 0.782662 0.781088 0.778235 0.773242 0.764818 0.751138 0.729782 0.697777 0.651823 0.588732 0.506094 0.403087 0.281208 0.144640 0.000000 
50.000000 42.162260 34.643525 27.723892 21.613534 16.435254 12.222584 8.931600 6.461818 4.680486 3.445126 2.620933 2.091646 1.764282 1.569158 1.457009 1.394814 1.361511 1.344282 1.335666 1.331498 1.329545 1.328660 1.328270 1.328104 1.328035 1.328007 1.327993 1.327983 1.327967 1.327933 1.327858 1.327698 1.327365 1.326694 1.325385 1.322913 1.318405 1.310467 1.296986 1.274933 1.240229 1.187781 1.111801 1.006532 0.867410 0.692539 0.484135 0.249363 0.000000 
50.000000 42.298687 34.910819 28.111610 22.107572 17.019372 12.879964 9.646190 7.219326 5.468933 4.255020 3.445126 2.925017 2.603325 2.411580 2.301371 2.240251 2.207523 2.190592 2.182124 2.178028 2.176109 2.175239 2.174856 2.174693 2.174625 2.174596 2.174582 2.174569 2.174546 2.174496 2.174387 2.174151 2.173659 2.172663 2.170709 2.167001 2.160199 2.148140 2.127510 2.093482 2.039447 1.956979 1.836253 1.667155 1.441212 1.154223 0.809045 0.417482 0.000000 
50.000000 42.503147 35.311407 28.692682 22.847996 17.894814 13.865221 10.717213 8.354691 6.650689 5.468933 4.680486 4.174142 3.860959 3.674283 3.566987 3.507480 3.475616 3.459131 3.450887 3.446898 3.445030 3.444182 3.443810 3.443650 3.443584 3.443555 3.443540 3.443523 3.443492 3.443423 3.443271 3.442941 3.442249 3.440842 3.438069 3.432776 3.423003 3.405553 3.375452 3.325344 3.244956 3.120867 2.936955 2.675947 2.322445 1.867449 1.313635 0.679550 0.000000 
50.000000 42.797932 35.888970 29.530471 23.915552 19.157062 15.285826 12.261503 9.991780 8.354691 7.219326 6.461818 5.975336 5.674433 5.495074 5.391980 5.334804 5.304186 5.288347 5.280424 5.276591 5.274796 5.273982 5.273624 5.273470 5.273406 5.273378 5.273361 5.273341 5.273301 5.273210 5.273008 5.272571 5.271649 5.269766 5.266034 5.258872 5.245554 5.221589 5.179879 5.109735 4.995890 4.817846 4.550101 4.164038 3.632305 2.936211 2.075471 1.077411 0.000000 
50.000000 43.206602 36.689666 30.691938 25.395573 20.907017 17.255353 14.402537 12.261503 10.717213 9.646190 8.931600 8.472672 8.188807 8.019600 7.922339 7.868397 7.839511 7.824566 7.817091 7.813475 7.811781 7.811012 7.810674 7.810530 7.810469 7.810442 7.810424 7.810400 7.810350 7.810238 7.809986 7.809438 7.808280 7.805903 7.801168 7.792021 7.774895 7.743819 7.689211 7.596346 7.443657 7.201268 6.830487 6.285505 5.518990 4.493297 3.197759 1.668506 0.000000 
50.000000 43.751101 37.756494 32.239461 27.367552 23.238684 19.879613 17.255353 15.285826 13.865221 12.879964 12.222584 11.800391 11.539243 11.383573 11.294093 11.244463 11.217887 11.204136 11.197259 11.193931 11.192372 11.191665 11.191354 11.191221 11.191165 11.191139 11.191120 11.191094 11.191036 11.190905 11.190611 11.189968 11.188604 11.185791 11.180160 11.169214 11.148568 11.110784 11.043711 10.928266 10.735725 10.424866 9.939807 9.210219 8.156812 6.706285 4.819895 2.534685 0.000000 
50.000000 44.448035 39.121993 34.220242 29.891646 26.223201 23.238684 20.907017 19.157062 17.894814 17.019372 16.435254 16.060104 15.828050 15.689721 15.610206 15.566103 15.542485 15.530265 15.524153 15.521195 15.519810 15.519181 15.518905 15.518786 15.518736 15.518712 15.518694 15.518666 15.518604 15.518462 15.518142 15.517442 15.515950 15.512859 15.506639 15.494478 15.471373 15.428722 15.352217 15.218868 14.993024 14.621511 14.028465 13.111600 11.743870 9.788394 7.139521 3.802773 0.000000 
50.000000 45.304658 40.800372 36.654900 32.994134 29.891646 27.367552 25.395573 23.915552 22.847996 22.107572 21.613534 21.296233 21.099958 20.982955 20.915697 20.878392 20.858414 20.848077 20.842907 20.840405 20.839233 20.838701 20.838467 20.838367 20.838324 20.838303 20.838286 20.838259 20.838197 20.838056 20.837738 20.837039 20.835544 20.832434 20.826148 20.813786 20.790139 20.746124 20.666360 20.525551 20.283247 19.876583 19.210740 18.147777 16.497067 14.017775 10.459903 5.696576 0.000000 
50.000000 46.315413 42.780748 39.527648 36.654900 34.220242 32.239461 30.691938 29.530471 28.692682 28.111610 27.723892 27.474873 27.320834 27.229006 27.176219 27.146940 27.131259 27.123146 27.119088 27.117124 27.116204 27.115787 27.115603 27.115524 27.115490 27.115474 27.115459 27.115435 27.115381 27.115255 27.114972 27.114348 27.113010 27.110217 27.104548 27.093345 27.071786 27.031353 26.957387 26.825233 26.594260 26.198640 25.533176 24.431849 22.637126 19.763824 15.287738 8.677759 0.000000 
50.000000 47.459986 45.023320 42.780748 40.800372 39.121993 37.756494 36.689666 35.888970 35.311407 34.910819 34.643525 34.471849 34.365651 34.302343 34.265949 34.245763 34.234952 34.229358 34.226560 34.225206 34.224572 34.224284 34.224157 34.224103 34.224079 34.224068 34.224057 34.224039 34.223998 34.223904 34.223690 34.223219 34.222205 34.220085 34.215768 34.207203 34.190641 34.159391 34.101774 33.997772 33.813499 33.491907 32.936599 31.982472 30.340469 27.493011 22.511660 13.860542 0.000000 
50.000000 48.703620 47.459986 46.315413 45.304658 44.448035 43.751101 43.206602 42.797932 42.503147 42.298687 42.162260 42.074635 42.020431 41.988117 41.969541 41.959237 41.953719 41.950864 41.949436 41.948745 41.948421 41.948274 41.948209 41.948181 41.948169 41.948163 41.948158 41.948148 41.948126 41.948076 41.947961 41.947706 41.947159 41.946013 41.943673 41.939020 41.929995 41.912896 41.881205 41.823596 41.720521 41.538095 41.216416 40.645262 39.608082 37.637653 33.599444 24.351810 0.000000 
50.000000 50.000000 50.000000 50.000000 50.000000 50.000000 50.000000 50.000000 50.000000 50.000000 50.000000 50.000000 50.000000 50.000000 50.000000 50.000000 50.000000 50.000000 50.000000 50.000000 50.000000 50.000000 50.000000 50.000000 50.000000 50.000000 50.000000 50.000000 50.000000 50.000000 50.000000 50.000000 50.000000 50.000000 50.000000 50.000000 50.000000 50.000000 50.000000 50.000000 50.000000 50.000000 50.000000 50.000000 50.000000 50.000000 50.000000 50.000000 50.000000 50.000000 
