50.000000 50.000000 50.000000 50.000000 50.000000 50.000000 50.000000 50.000000 50.000000 50.000000 50.000000 50.000000 50.000000 50.000000 50.000000 50.000000 50.000000 50.000000 50.000000 50.000000 50.000000 50.000000 50.000000 50.000000 50.000000 50.000000 50.000000 50.000000 50.000000 50.000000 50.000000 50.000000 50.000000 50.000000 50.000000 50.000000 50.000000 50.000000 50.000000 50.000000 50.000000 50.000000 50.000000 50.000000 50.000000 50.000000 50.000000 50.000000 50.000000 50.000000 
50.000000 46.592138 43.547898 41.114967 39.370510 38.244034 37.586014 37.236656 37.067257 36.991885 36.960972 36.949234 36.945092 36.943728 36.943308 36.943186 36.943153 36.943144 36.943142 36.943142 36.943142 36.943142 36.943142 36.943142 36.943142 36.943142 36.943142 36.943142 36.943142 36.943142 36.943142 36.943142 36.943142 36.943141 36.943139 36.943132 36.943102 36.942995 36.942621 36.941389 36.937547 36.926201 36.894426 36.809775 36.593856 36.060720 34.763261 31.565742 23.296069 0.000000 
50.000000 43.547898 37.784321 33.178244 29.875730 27.743252 26.497662 25.836394 25.515779 25.373136 25.314638 25.292428 25.284591 25.282011 25.281216 25.280986 25.280923 25.280907 25.280903 25.280902 25.280902 25.280902 25.280902 25.280902 25.280902 25.280902 25.280902 25.280902 25.280902 25.280902 25.280902 25.280902 25.280902 25.280901 25.280898 25.280886 25.280838 25.280664 25.280060 25.278083 25.271965 25.254093 25.204812 25.076452 24.760115 24.020471 22.374891 18.892161 11.982157 0.000000 
50.000000 41.114967 33.178244 26.835702 22.288417 19.352387 17.637588 16.727314 16.286016 16.089705 16.009206 15.978648 15.967867 15.964318 15.963225 15.962908 15.962822 15.962800 15.962794 15.962793 15.962793 15.962793 15.962793 15.962793 15.962793 15.962793 15.962793 15.962793 15.962793 15.962793 15.962793 15.962793 15.962792 15.962792 15.962788 15.962775 15.962724 15.962538 15.961898 15.959819 15.953454 15.935111 15.885458 15.759383 15.459600 14.793626 13.417851 10.803353 6.351707 0.000000 
50.000000 39.370510 29.875730 22.288417 16.849041 13.337304 11.286461 10.197923 9.670269 9.435572 9.339347 9.302825 9.289941 9.285701 9.284395 9.284017 9.283914 9.283887 9.283881 9.283879 9.283879 9.283879 9.283879 9.283879 9.283879 9.283879 9.283879 9.283879 9.283879 9.283879 9.283879 9.283879 9.283879 9.283878 9.283875 9.283864 9.283821 9.283665 9.283132 9.281416 9.276218 9.261453 9.222215 9.124970 8.901055 8.424521 7.494791 5.855259 3.309790 0.000000 
50.000000 38.244034 27.743252 19.352387 13.337304 9.454182 7.186658 5.983238 5.399964 5.140560 5.034219 4.993863 4.979629 4.974945 4.973503 4.973085 4.972971 4.972942 4.972935 4.972933 4.972933 4.972933 4.972933 4.972933 4.972933 4.972933 4.972933 4.972933 4.972933 4.972933 4.972933 4.972933 4.972933 4.972932 4.972930 4.972922 4.972892 4.972782 4.972411 4.971225 4.967671 4.957711 4.931685 4.868552 4.727091 4.436249 3.892788 2.983136 1.650177 0.000000 
50.000000 37.586014 26.497662 17.637588 11.286461 7.186658 4.792786 3.522418 2.906753 2.632972 2.520750 2.478167 2.463149 2.458208 2.456686 2.456246 2.456126 2.456095 2.456088 2.456086 2.456086 2.456086 2.456086 2.456086 2.456086 2.456086 2.456086 2.456086 2.456086 2.456086 2.456086 2.456086 2.456085 2.456085 2.456084 2.456079 2.456061 2.455994 2.455770 2.455061 2.452956 2.447128 2.432126 2.396393 2.318106 2.161490 1.878205 1.421210 0.776239 0.000000 
50.000000 37.236656 25.836394 16.727314 10.197923 5.983238 3.522418 2.216604 1.583802 1.302422 1.187093 1.143335 1.127904 1.122827 1.121264 1.120812 1.120689 1.120657 1.120649 1.120647 1.120647 1.120647 1.120647 1.120647 1.120647 1.120647 1.120647 1.120647 1.120647 1.120647 1.120647 1.120647 1.120647 1.120647 1.120646 1.120643 1.120633 1.120598 1.120479 1.120104 1.119001 1.115980 1.108302 1.090293 1.051554 0.975708 0.841856 0.631582 0.342230 0.000000 
50.000000 37.067257 25.515779 16.286016 9.670269 5.399964 2.906753 1.583802 0.942724 0.657676 0.540851 0.496527 0.480897 0.475755 0.474172 0.473714 0.473589 0.473557 0.473549 0.473547 0.473547 0.473547 0.473547 0.473547 0.473547 0.473547 0.473547 0.473547 0.473547 0.473547 0.473547 0.473547 0.473547 0.473547 0.473546 0.473545 0.473540 0.473523 0.473466 0.473289 0.472770 0.471362 0.467822 0.459625 0.442253 0.408816 0.350906 0.261686 0.141057 0.000000 
50.000000 36.991885 25.373136 16.089705 9.435572 5.140560 2.632972 1.302422 0.657676 0.371005 0.253517 0.208944 0.193226 0.188056 0.186463 0.186003 0.185878 0.185845 0.185837 0.185836 0.185835 0.185835 0.185835 0.185835 0.185835 0.185835 0.185835 0.185835 0.185835 0.185835 0.185835 0.185835 0.185835 0.185835 0.185835 0.185834 0.185832 0.185825 0.185800 0.185724 0.185503 0.184906 0.183420 0.180016 0.172888 0.159354 0.136251 0.101171 0.054338 0.000000 
50.000000 36.960972 25.314638 16.009206 9.339347 5.034219 2.520750 1.187093 0.540851 0.253517 0.135760 0.091084 0.075331 0.070149 0.068553 0.068092 0.067966 0.067934 0.067926 0.067924 0.067924 0.067924 0.067924 0.067924 0.067924 0.067924 0.067924 0.067924 0.067924 0.067924 0.067924 0.067924 0.067924 0.067924 0.067923 0.067923 0.067922 0.067920 0.067910 0.067880 0.067793 0.067562 0.066989 0.065689 0.062994 0.057931 0.049387 0.036555 0.019583 0.000000 
50.000000 36.949234 25.292428 15.978648 9.302825 4.993863 2.478167 1.143335 0.496527 0.208944 0.091084 0.046371 0.030604 0.025418 0.023821 0.023359 0.023233 0.023200 0.023193 0.023191 0.023190 0.023190 0.023190 0.023190 0.023190 0.023190 0.023190 0.023190 0.023190 0.023190 0.023190 0.023190 0.023190 0.023190 0.023190 0.023190 0.023190 0.023189 0.023185 0.023174 0.023143 0.023060 0.022857 0.022397 0.021452 0.019693 0.016750 0.012368 0.006613 0.000000 
50.000000 36.945092 25.284591 15.967867 9.289941 4.979629 2.463149 1.127904 0.480897 0.193226 0.075331 0.030604 0.014833 0.009645 0.008047 0.007585 0.007460 0.007427 0.007419 0.007417 0.007417 0.007417 0.007417 0.007417 0.007417 0.007417 0.007417 0.007417 0.007417 0.007417 0.007417 0.007417 0.007417 0.007417 0.007417 0.007417 0.007417 0.007416 0.007415 0.007412 0.007401 0.007374 0.007306 0.007155 0.006847 0.006276 0.005329 0.003928 0.002097 0.000000 
50.000000 36.943728 25.282011 15.964318 9.285701 4.974945 2.458208 1.122827 0.475755 0.188056 0.070149 0.025418 0.009645 0.004456 0.002859 0.002397 0.002271 0.002239 0.002231 0.002229 0.002228 0.002228 0.002228 0.002228 0.002228 0.002228 0.002228 0.002228 0.002228 0.002228 0.002228 0.002228 0.002228 0.002228 0.002228 0.002228 0.002228 0.002228 0.002228 0.002227 0.002223 0.002215 0.002194 0.002148 0.002053 0.001880 0.001594 0.001173 0.000626 0.000000 
50.000000 36.943308 25.281216 15.963225 9.284395 4.973503 2.456686 1.121264 0.474172 0.186463 0.068553 0.023821 0.008047 0.002859 0.001261 0.000799 0.000673 0.000641 0.000633 0.000631 0.000631 0.000631 0.000631 0.000631 0.000631 0.000631 0.000631 0.000631 0.000631 0.000631 0.000631 0.000631 0.000631 0.000631 0.000631 0.000631 0.000630 0.000630 0.000630 0.000630 0.000629 0.000627 0.000621 0.000607 0.000580 0.000531 0.000450 0.000330 0.000176 0.000000 
50.000000 36.943186 25.280986 15.962908 9.284017 4.973085 2.456246 1.120812 0.473714 0.186003 0.068092 0.023359 0.007585 0.002397 0.000799 0.000337 0.000211 0.000179 0.000171 0.000169 0.000169 0.000168 0.000168 0.000168 0.000168 0.000168 0.000168 0.000168 0.000168 0.000168 0.000168 0.000168 0.000168 0.000168 0.000168 0.000168 0.000168 0.000168 0.000168 0.000168 0.000168 0.000167 0.000166 0.000162 0.000155 0.000142 0.000120 0.000088 0.000047 0.000000 
50.000000 36.943153 25.280923 15.962822 9.283914 4.972971 2.456126 1.120689 0.473589 0.185878 0.067966 0.023233 0.007460 0.002271 0.000673 0.000211 0.000085 0.000053 0.000045 0.000043 0.000043 0.000043 0.000043 0.000043 0.000043 0.000043 0.000043 0.000043 0.000043 0.000043 0.000043 0.000043 0.000043 0.000043 0.000043 0.000043 0.000043 0.000043 0.000043 0.000043 0.000042 0.000042 0.000042 0.000041 0.000039 0.000036 0.000030 0.000022 0.000012 0.000000 
50.000000 36.943144 25.280907 15.962800 9.283887 4.972942 2.456095 1.120657 0.473557 0.185845 0.067934 0.023200 0.007427 0.002239 0.000641 0.000179 0.000053 0.000020 0.000013 0.000011 0.000010 0.000010 0.000010 0.000010 0.000010 0.000010 0.000010 0.000010 0.000010 0.000010 0.000010 0.000010 0.000010 0.000010 0.000010 0.000010 0.000010 0.000010 0.000010 0.000010 0.000010 0.000010 0.000010 0.000010 0.000009 0.000009 0.000007 0.000005 0.000003 0.000000 
50.000000 36.943142 25.280903 15.962794 9.283881 4.972935 2.456088 1.120649 0.473549 0.185837 0.067926 0.023193 0.007419 0.002231 0.000633 0.000171 0.000045 0.000013 0.000005 0.000003 0.000002 0.000002 0.000002 0.000002 0.000002 0.000002 0.000002 0.000002 0.000002 0.000002 0.000002 0.000002 0.000002 0.000002 0.000002 0.000002 0.000002 0.000002 0.000002 0.000002 0.000002 0.000002 0.000002 0.000002 0.000002 0.000002 0.000002 0.000001 0.000001 0.000000 
50.000000 36.943142 25.280902 15.962793 9.283879 4.972933 2.456086 1.120647 0.473547 0.185836 0.067924 0.023191 0.007417 0.002229 0.000631 0.000169 0.000043 0.000011 0.000003 0.000001 0.000001 0.000001 0.000001 0.000001 0.000001 0.000001 0.000001 0.000001 0.000001 0.000001 0.000001 0.000001 0.000001 0.000001 0.000001 0.000001 0.000001 0.000001 0.000001 0.000001 0.000001 0.000001 0.000000 0.000000 0.000000 0.000000 0.000000 0.000000 0.000000 0.000000 
50.000000 36.943142 25.280902 15.962793 9.283879 4.972933 2.456086 1.120647 0.473547 0.185835 0.067924 0.023190 0.007417 0.002228 0.000631 0.000169 0.000043 0.000010 0.000002 0.000001 0.000000 0.000000 0.000000 0.000000 0.000000 0.000000 0.000000 0.000000 0.000000 0.000000 0.000000 0.000000 0.000000 0.000000 0.000000 0.000000 0.000000 0.000000 0.000000 0.000000 0.000000 0.000000 0.000000 0.000000 0.000000 0.000000 0.000000 0.000000 0.000000 0.000000 
50.000000 36.943142 25.280902 15.962793 9.283879 4.972933 2.456086 1.120647 0.473547 0.185835 0.067924 0.023190 0.007417 0.002228 0.000631 0.000168 0.000043 0.000010 0.000002 0.000001 0.000000 0.000000 0.000000 0.000000 0.000000 0.000000 0.000000 0.000000 0.000000 0.000000 0.000000 0.000000 0.000000 0.000000 0.000000 0.000000 0.000000 0.000000 0.000000 0.000000 0.000000 0.000000 0.000000 0.000000 0.000000 0.000000 0.000000 0.000000 0.000000 0.000000 
50.000000 36.943142 25.280902 15.962793 9.283879 4.972933 2.456086 1.120647 0.473547 0.185835 0.067924 0.023190 0.007417 0.002228 0.000631 0.000168 0.000043 0.000010 0.000002 0.000001 0.000000 0.000000 0.000000 0.000000 0.000000 0.000000 0.000000 0.000000 0.000000 0.000000 0.000000 0.000000 0.000000 0.000000 0.000000 0.000000 0.000000 0.000000 0.000000 0.000000 0.000000 0.000000 0.000000 0.000000 0.000000 0.000000 0.000000 0.000000 0.000000 0.000000 
50.000000 36.943142 25.280902 15.962793 9.283879 4.972933 2.456086 1.120647 0.473547 0.185835 0.067924 0.023190 0.007417 0.002228 0.000631 0.000168 0.000043 0.000010 0.000002 0.000001 0.000000 0.000000 0.000000 0.000000 0.000000 0.000000 0.000000 0.000000 0.000000 0.000000 0.000000 0.000000 0.000000 0.000000 0.000000 0.000000 0.000000 0.000000 0.000000 0.000000 0.000000 0.000000 0.000000 0.000000 0.000000 0.000000 0.000000 0.000000 0.000000 0.000000 
50.000000 36.943142 25.280902 15.962793 9.283879 4.972933 2.456086 1.120647 0.473547 0.185835 0.067924 0.023190 0.007417 0.002228 0.000631 0.000168 0.000043 0.000010 0.000002 0.000001 0.000000 0.000000 0.000000 0.000000 0.000000 0.000000 0.000000 0.000000 0.000000 0.000000 0.000000 0.000000 0.000000 0.000000 0.000000 0.000000 0.000000 0.000000 0.000000 0.000000 0.000000 0.000000 0.000000 0.000000 0.000000 0.000000 0.000000 0.000000 0.000000 0.000000 
50.000000 36.943142 25.280902 15.962793 9.283879 4.972933 2.456086 1.120647 0.473547 0.185835 0.067924 0.023190 0.007417 0.002228 0.000631 0.000168 0.000043 0.000010 0.000002 0.000001 0.000000 0.000000 0.000000 0.000000 0.000000 0.000000 0.000000 0.000000 0.000000 0.000000 0.000000 0.000000 0.000000 0.000000 0.000000 0.000000 0.000000 0.000000 0.000000 0.000000 0.000000 0.000000 0.000000 0.000000 0.000000 0.000000 0.000000 0.000000 0.000000 0.000000 
50.000000 36.943142 25.280902 15.962793 9.283879 4.972933 2.456086 1.120647 0.473547 0.185835 0.067924 0.023190 0.007417 0.002228 0.000631 0.000168 0.000043 0.000010 0.000002 0.000001 0.000000 0.000000 0.000000 0.000000 0.000000 0.000000 0.000000 0.000000 0.000000 0.000000 0.000000 0.000000 0.000000 0.000000 0.000000 0.000000 0.000000 0.000000 0.000000 0.000000 0.000000 0.000000 0.000000 0.000000 0.000000 0.000000 0.000000 0.000000 0.000000 0.000000 
50.000000 36.943142 25.280902 15.962793 9.283879 4.972933 2.456086 1.120647 0.473547 0.185835 0.067924 0.023190 0.007417 0.002228 0.000631 0.000168 0.000043 0.000010 0.000002 0.000001 0.000000 0.000000 0.000000 0.000000 0.000000 0.000000 0.000000 0.000000 0.000000 0.000000 0.000000 0.000000 0.000000 0.000000 0.000000 0.000000 0.000000 0.000000 0.000000 0.000000 0.000000 0.000000 0.000000 0.000000 0.000000 0.000000 0.000000 0.000000 0.000000 0.000000 
50.000000 36.943142 25.280902 15.962793 9.283879 4.972933 2.456086 1.120647 0.473547 0.185835 0.067924 0.023190 0.007417 0.002228 0.000631 0.000168 0.000043 0.000010 0.000002 0.000001 0.000000 0.000000 0.000000 0.000000 0.000000 0.000000 0.000000 0.000000 0.000000 0.000000 0.000000 0.000000 0.000000 0.000000 0.000000 0.000000 0.000000 0.000000 0.000000 0.000000 0.000000 0.000000 0.000000 0.000000 0.000000 0.000000 0.000000 0.000000 0.000000 0.000000 
50.000000 36.943142 25.280902 15.962793 9.283879 4.972933 2.456086 1.120647 0.473547 0.185835 0.067924 0.023190 0.007417 0.002228 0.000631 0.000169 0.000043 0.000010 0.000002 0.000001 0.000000 0.000000 0.000000 0.000000 0.000000 0.000000 0.000000 0.000000 0.000000 0.000000 0.000000 0.000000 0.000000 0.000000 0.000000 0.000000 0.000000 0.000000 0.000000 0.000000 0.000000 0.000000 0.000000 0.000000 0.000000 0.000000 0.000000 0.000000 0.000000 0.000000 
50.000000 36.943142 25.280902 15.962793 9.283879 4.972933 2.456086 1.120647 0.473547 0.185836 0.067924 0.023191 0.007417 0.002229 0.000631 0.000169 0.000043 0.000011 0.000003 0.000001 0.000001 0.000001 0.000001 0.000001 0.000001 0.000001 0.000001 0.000001 0.000001 0.000001 0.000001 0.000001 0.000001 0.000001 0.000001 0.000001 0.000001 0.000001 0.000001 0.000001 0.000001 0.000001 0.000000 0.000000 0.000000 0.000000 0.000000 0.000000 0.000000 0.000000 
50.000000 36.943142 25.280903 15.962794 9.283881 4.972935 2.456088 1.120649 0.473549 0.185837 0.067926 0.023193 0.007419 0.002231 0.000633 0.000171 0.000045 0.000013 0.000005 0.000003 0.000002 0.000002 0.000002 0.000002 0.000002 0.000002 0.000002 0.000002 0.000002 0.000002 0.000002 0.000002 0.000002 0.000002 0.000002 0.000002 0.000002 0.000002 0.000002 0.000002 0.000002 0.000002 0.000002 0.000002 0.000002 0.000002 0.000002 0.000001 0.000001 0.000000 
50.000000 36.943144 25.280907 15.962800 9.283887 4.972942 2.456095 1.120657 0.473557 0.185845 0.067934 0.023200 0.007427 0.002239 0.000641 0.000179 0.000053 0.000020 0.000013 0.000011 0.000010 0.000010 0.000010 0.000010 0.000010 0.000010 0.000010 0.000010 0.000010 0.000010 0.000010 0.000010 0.000010 0.000010 0.000010 0.000010 0.000010 0.000010 0.000010 0.000010 0.000010 0.000010 0.000010 0.000010 0.000009 0.000009 0.000007 0.000005 0.000003 0.000000 
50.000000 36.943153 25.280923 15.962822 9.283914 4.972971 2.456126 1.120689 0.473589 0.185878 0.067966 0.023233 0.007460 0.002271 0.000673 0.000211 0.000085 0.000053 0.000045 0.000043 0.000043 0.000043 0.000043 0.000043 0.000043 0.000043 0.000043 0.000043 0.000043 0.000043 0.000043 0.000043 0.000043 0.000043 0.000043 0.000043 0.000043 0.000043 0.000043 0.000043 0.000042 0.000042 0.000042 0.000041 0.000039 0.000036 0.000030 0.000022 0.000012 0.000000 
50.000000 36.943186 25.280986 15.962908 9.284017 4.973085 2.456246 1.120812 0.473714 0.186003 0.068092 0.023359 0.007585 0.002397 0.000799 0.000337 0.000211 0.000179 0.000171 0.000169 0.000169 0.000168 0.000168 0.000168 0.000168 0.000168 0.000168 0.000168 0.000168 0.000168 0.000168 0.000168 0.000168 0.000168 0.000168 0.000168 0.000168 0.000168 0.000168 0.000168 0.000168 0.000167 0.000166 0.000162 0.000155 0.000142 0.000120 0.000088 0.000047 0.000000 
50.000000 36.943308 25.281216 15.963225 9.284395 4.973503 2.456686 1.121264 0.474172 0.186463 0.068553 0.023821 0.008047 0.002859 0.001261 0.000799 0.000673 0.000641 0.000633 0.000631 0.000631 0.000631 0.000631 0.000631 0.000631 0.000631 0.000631 0.000631 0.000631 0.000631 0.000631 0.000631 0.000631 0.000631 0.000631 0.000631 0.000630 0.000630 0.000630 0.000630 0.000629 0.000627 0.000621 0.000607 0.000580 0.000531 0.000450 0.000330 0.000176 0.000000 
50.000000 36.943728 25.282011 15.964318 9.285701 4.974945 2.458208 1.122827 0.475755 0.188056 0.070149 0.025418 0.009645 0.004456 0.002859 0.002397 0.002271 0.002239 0.002231 0.002229 0.002228 0.002228 0.002228 0.002228 0.002228 0.002228 0.002228 0.002228 0.002228 0.002228 0.002228 0.002228 0.002228 0.002228 0.002228 0.002228 0.002228 0.002228 0.002228 0.002227 0.002223 0.002215 0.002194 0.002148 0.002053 0.001880 0.001594 0.001173 0.000626 0.000000 
50.000000 36.945092 25.284591 15.967867 9.289941 4.979629 2.463149 1.127904 0.480897 0.193226 0.075331 0.030604 0.014833 0.009645 0.008047 0.007585 0.007460 0.007427 0.007419 0.007417 0.007417 0.007417 0.007417 0.007417 0.007417 0.007417 0.007417 0.007417 0.007417 0.007417 0.007417 0.007417 0.007417 0.007417 0.007417 0.007417 0.007417 0.007416 0.007415 0.007412 0.007401 0.007374 0.007306 0.007155 0.006847 0.006276 0.005329 0.003928 0.002097 0.000000 
50.000000 36.949234 25.292428 15.978648 9.302825 4.993863 2.478167 1.143335 0.496527 0.208944 0.091084 0.046371 0.030604 0.025418 0.023821 0.023359 0.023233 0.023200 0.023193 0.023191 0.023190 0.023190 0.023190 0.023190 0.023190 0.023190 0.023190 0.023190 0.023190 0.023190 0.023190 0.023190 0.023190 0.023190 0.023190 0.023190 0.023190 0.023189 0.023185 0.023174 0.023143 0.023060 0.022857 0.022397 0.021452 0.019693 0.016750 0.012368 0.006613 0.000000 
50.000000 36.960972 25.314638 16.009206 9.339347 5.034219 2.520750 1.187093 0.540851 0.253517 0.135760 0.091084 0.075331 0.070149 0.068553 0.068092 0.067966 0.067934 0.067926 0.067924 0.067924 0.067924 0.067924 0.067924 0.067924 0.067924 0.067924 0.067924 0.067924 0.067924 0.067924 0.067924 0.067924 0.067924 0.067923 0.067923 0.067922 0.067920 0.067910 0.067880 0.067793 0.067562 0.066989 0.065689 0.062994 0.057931 0.049387 0.036555 0.019583 0.000000 
50.000000 36.991885 25.373136 16.089705 9.435572 5.140560 2.632972 1.302422 0.657676 0.371005 0.253517 0.208944 0.193226 0.188056 0.186463 0.186003 0.185878 0.185845 0.185837 0.185836 0.185835 0.185835 0.185835 0.185835 0.185835 0.185835 0.185835 0.185835 0.185835 0.185835 0.185835 0.185835 0.185835 0.185835 0.185835 0.185834 0.185832 0.185825 0.185800 0.185724 0.185503 0.184906 0.183420 0.180016 0.172888 0.159354 0.136251 0.101171 0.054338 0.000000 
50.000000 37.067257 25.515779 16.286016 9.670269 5.399964 2.906753 1.583802 0.942724 0.657676 0.540851 0.496527 0.480897 0.475755 0.474172 0.473714 0.473589 0.473557 0.473549 0.473547 0.473547 0.473547 0.473547 0.473547 0.473547 0.473547 0.473547 0.473547 0.473547 0.473547 0.473547 0.473547 0.473547 0.473547 0.473546 0.473545 0.473540 0.473523 0.473466 0.473289 0.472770 0.471362 0.467822 0.459625 0.442253 0.408816 0.350906 0.261686 0.141057 0.000000 
50.000000 37.236656 25.836394 16.727314 10.197923 5.983238 3.522418 2.216604 1.583802 1.302422 1.187093 1.143335 1.127904 1.122827 1.121264 1.120812 1.120689 1.120657 1.120649 1.120647 1.120647 1.120647 1.120647 1.120647 1.120647 1.120647 1.120647 1.120647 1.120647 1.120647 1.120647 1.120647 1.120647 1.120647 1.120646 1.120643 1.120633 1.120598 1.120479 1.120104 1.119001 1.115980 1.108302 1.090293 1.051554 0.975708 0.841856 0.631582 0.342230 0.000000 
50.000000 37.586014 26.497662 17.637588 11.286461 7.186658 4.792786 3.522418 2.906753 2.632972 2.520750 2.478167 2.463149 2.458208 2.456686 2.456246 2.456126 2.456095 2.456088 2.456086 2.456086 2.456086 2.456086 2.456086 2.456086 2.456086 2.456086 2.456086 2.456086 2.456086 2.456086 2.456086 2.456085 2.456085 2.456084 2.456079 2.456061 2.455994 2.455770 2.455061 2.452956 2.447128 2.432126 2.396393 2.318106 2.161490 1.878205 1.421210 0.776239 0.000000 
50.000000 38.244034 27.743252 19.352387 13.337304 9.454182 7.186658 5.983238 5.399964 5.140560 5.034219 4.993863 4.979629 4.974945 4.973503 4.973085 4.972971 4.972942 4.972935 4.972933 4.972933 4.972933 4.972933 4.972933 4.972933 4.972933 4.972933 4.972933 4.972933 4.972933 4.972933 4.972933 4.972933 4.972932 4.972930 4.972922 4.972892 4.972782 4.972411 4.971225 4.967671 4.957711 4.931685 4.868552 4.727091 4.436249 3.892788 2.983136 1.650177 0.000000 
50.000000 39.370510 29.875730 22.288417 16.849041 13.337304 11.286461 10.197923 9.670269 9.435572 9.339347 9.302825 9.289941 9.285701 9.284395 9.284017 9.283914 9.283887 9.283881 9.283879 9.283879 9.283879 9.283879 9.283879 9.283879 9.283879 9.283879 9.283879 9.283879 9.283879 9.283879 9.283879 9.283879 9.283878 9.283875 9.283864 9.283821 9.283665 9.283132 9.281416 9.276218 9.261453 9.222215 9.124970 8.901055 8.424521 7.494791 5.855259 3.309790 0.000000 
50.000000 41.114967 33.178244 26.835702 22.288417 19.352387 17.637588 16.727314 16.286016 16.089705 16.009206 15.978648 15.967867 15.964318 15.963225 15.962908 15.962822 15.962800 15.962794 15.962793 15.962793 15.962793 15.962793 15.962793 15.962793 15.962793 15.962793 15.962793 15.962793 15.962793 15.962793 15.962793 15.962792 15.962792 15.962788 15.962775 15.962724 15.962538 15.961898 15.959819 15.953454 15.935111 15.885458 15.759383 15.459600 14.793626 13.417851 10.803353 6.351707 0.000000 
50.000000 43.547898 37.784321 33.178244 29.875730 27.743252 26.497662 25.836394 25.515779 25.373136 25.314638 25.292428 25.284591 25.282011 25.281216 25.280986 25.280923 25.280907 25.280903 25.280902 25.280902 25.280902 25.280902 25.280902 25.280902 25.280902 25.280902 25.280902 25.280902 25.280902 25.280902 25.280902 25.280902 25.280901 25.280898 25.280886 25.280838 25.280664 25.280060 25.278083 25.271965 25.254093 25.204812 25.076452 24.760115 24.020471 22.374891 18.892161 11.982157 0.000000 
50.000000 46.592138 43.547898 41.114967 39.370510 38.244034 37.586014 37.236656 37.067257 36.991885 36.960972 36.949234 36.945092 36.943728 36.943308 36.943186 36.943153 36.943144 36.943142 36.943142 36.943142 36.943142 36.943142 36.943142 36.943142 36.943142 36.943142 36.943142 36.943142 36.943142 36.943142 36.943142 36.943142 36.943141 36.943139 36.943132 36.943102 36.942995 36.942621 36.941389 36.937547 36.926201 36.894426 36.809775 36.593856 36.060720 34.763261 31.565742 23.296069 0.000000 
50.000000 50.000000 50.000000 50.000000 50.000000 50.000000 50.000000 50.000000 50.000000 50.000000 50.000000 50.000000 50.000000 50.000000 50.000000 50.000000 50.000000 50.000000 50.000000 50.000000 50.000000 50.000000 50.000000 50.000000 50.000000 50.000000 50.000000 50.000000 50.000000 50.000000 50.000000 50.000000 50.000000 50.000000 50.000000 50.000000 50.000000 50.000000 50.000000 50.000000 50.000000 50.000000 50.000000 50.000000 50.000000 50.000000 50.000000 50.000000 50.000000 50.000000 
