50.000000 50.000000 50.000000 50.000000 50.000000 50.000000 50.000000 50.000000 50.000000 50.000000 50.000000 50.000000 50.000000 50.000000 50.000000 50.000000 50.000000 50.000000 50.000000 50.000000 50.000000 50.000000 50.000000 50.000000 50.000000 50.000000 50.000000 50.000000 50.000000 50.000000 50.000000 50.000000 50.000000 50.000000 50.000000 50.000000 50.000000 50.000000 50.000000 50.000000 50.000000 50.000000 50.000000 50.000000 50.000000 50.000000 50.000000 50.000000 50.000000 50.000000 
50.000000 47.068664 44.406541 42.208905 40.556882 39.423245 38.711025 38.300009 38.081378 37.973809 37.924685 37.903793 37.895492 37.892400 37.891318 37.890962 37.890850 37.890818 37.890808 37.890806 37.890805 37.890805 37.890805 37.890805 37.890805 37.890805 37.890805 37.890805 37.890805 37.890805 37.890805 37.890805 37.890805 37.890803 37.890796 37.890772 37.890689 37.890420 37.889590 37.887149 37.880317 37.862096 37.815688 37.702309 37.434603 36.816108 35.390544 32.018636 23.534332 0.000000 
50.000000 44.406541 39.326830 35.133497 31.981333 29.818351 28.459489 27.675335 27.258243 27.053040 26.959335 26.919485 26.903652 26.897757 26.895693 26.895013 26.894801 26.894738 26.894721 26.894716 26.894715 26.894715 26.894715 26.894715 26.894715 26.894715 26.894715 26.894715 26.894715 26.894715 26.894715 26.894714 26.894714 26.894711 26.894699 26.894658 26.894519 26.894071 26.892690 26.888653 26.877444 26.847866 26.773665 26.596383 26.191858 25.306855 23.443119 19.663415 12.387905 0.000000 
50.000000 42.208905 35.133497 29.292853 24.902552 21.890118 19.997709 18.905735 18.324958 18.039247 17.908790 17.853316 17.831276 17.823071 17.820200 17.819253 17.818958 17.818871 17.818847 17.818840 17.818839 17.818838 17.818838 17.818838 17.818838 17.818838 17.818838 17.818838 17.818838 17.818838 17.818838 17.818838 17.818837 17.818833 17.818820 17.818774 17.818618 17.818117 17.816583 17.812136 17.799914 17.768109 17.689796 17.507459 17.106250 16.273101 14.646426 11.690378 6.818361 0.000000 
50.000000 40.556882 31.981333 24.902552 19.581797 15.931129 13.637936 12.314801 11.611139 11.265007 11.106978 11.039786 11.013095 11.003159 10.999682 10.998536 10.998179 10.998074 10.998044 10.998037 10.998035 10.998034 10.998034 10.998034 10.998034 10.998034 10.998034 10.998034 10.998034 10.998034 10.998034 10.998034 10.998033 10.998030 10.998018 10.997976 10.997836 10.997389 10.996031 10.992128 10.981522 10.954323 10.888617 10.739412 10.421827 9.790899 8.629451 6.674479 3.740774 0.000000 
50.000000 39.423245 29.818351 21.890118 15.931129 11.842784 9.274831 7.793278 7.005434 6.617931 6.441030 6.365823 6.335951 6.324832 6.320942 6.319660 6.319260 6.319142 6.319109 6.319101 6.319098 6.319098 6.319098 6.319098 6.319098 6.319098 6.319098 6.319098 6.319098 6.319098 6.319098 6.319097 6.319097 6.319094 6.319085 6.319054 6.318947 6.318609 6.317589 6.314686 6.306885 6.287161 6.240350 6.136413 5.921392 5.509302 4.783868 3.626493 1.988641 0.000000 
50.000000 38.711025 28.459489 19.997709 13.637936 9.274831 6.534458 4.953534 4.112912 3.699482 3.510762 3.430538 3.398676 3.386818 3.382670 3.381302 3.380877 3.380751 3.380716 3.380706 3.380704 3.380704 3.380703 3.380703 3.380703 3.380703 3.380703 3.380703 3.380703 3.380703 3.380703 3.380703 3.380703 3.380701 3.380695 3.380674 3.380603 3.380379 3.379710 3.377822 3.372800 3.360266 3.330988 3.267229 3.138419 2.898524 2.490251 1.863106 1.008716 0.000000 
50.000000 38.300009 27.675335 18.905735 12.314801 7.793278 4.953534 3.315368 2.444360 2.016013 1.820497 1.737389 1.704385 1.692102 1.687806 1.686390 1.685949 1.685819 1.685783 1.685773 1.685771 1.685770 1.685770 1.685770 1.685770 1.685770 1.685770 1.685770 1.685770 1.685770 1.685770 1.685770 1.685770 1.685769 1.685765 1.685753 1.685711 1.685579 1.685188 1.684092 1.681207 1.674087 1.657684 1.622546 1.552928 1.426183 1.215939 0.901670 0.484321 0.000000 
50.000000 38.081378 27.258243 18.324958 11.611139 7.005434 4.112912 2.444360 1.557230 1.120975 0.921859 0.837225 0.803616 0.791109 0.786735 0.785293 0.784845 0.784712 0.784675 0.784665 0.784663 0.784662 0.784662 0.784662 0.784662 0.784662 0.784662 0.784662 0.784662 0.784662 0.784662 0.784662 0.784662 0.784661 0.784659 0.784653 0.784630 0.784560 0.784354 0.783779 0.782279 0.778615 0.770272 0.752645 0.718274 0.656815 0.556850 0.410378 0.219282 0.000000 
50.000000 37.973809 27.053040 18.039247 11.265007 6.617931 3.699482 2.016013 1.120975 0.680842 0.479962 0.394582 0.360678 0.348061 0.343649 0.342194 0.341742 0.341608 0.341571 0.341561 0.341558 0.341558 0.341557 0.341557 0.341557 0.341557 0.341557 0.341557 0.341557 0.341557 0.341557 0.341557 0.341557 0.341557 0.341556 0.341553 0.341542 0.341508 0.341409 0.341134 0.340421 0.338696 0.334806 0.326682 0.311046 0.283486 0.239333 0.175597 0.093493 0.000000 
50.000000 37.924685 26.959335 17.908790 11.106978 6.441030 3.510762 1.820497 0.921859 0.479962 0.278281 0.192561 0.158523 0.145857 0.141427 0.139967 0.139512 0.139378 0.139341 0.139331 0.139328 0.139328 0.139328 0.139328 0.139328 0.139328 0.139328 0.139328 0.139328 0.139328 0.139328 0.139328 0.139328 0.139327 0.139327 0.139325 0.139321 0.139306 0.139261 0.139140 0.138829 0.138080 0.136405 0.132941 0.126344 0.114850 0.096654 0.070682 0.037536 0.000000 
50.000000 37.903793 26.919485 17.853316 11.039786 6.365823 3.430538 1.737389 0.837225 0.394582 0.192561 0.106698 0.072603 0.059916 0.055479 0.054016 0.053561 0.053427 0.053389 0.053379 0.053377 0.053376 0.053376 0.053376 0.053376 0.053376 0.053376 0.053376 0.053376 0.053376 0.053376 0.053376 0.053376 0.053376 0.053376 0.053375 0.053373 0.053367 0.053349 0.053299 0.053173 0.052871 0.052202 0.050827 0.048233 0.043755 0.036732 0.026796 0.014203 0.000000 
50.000000 37.895492 26.903652 17.831276 11.013095 6.335951 3.398676 1.704385 0.803616 0.360678 0.158523 0.072603 0.038485 0.025790 0.021350 0.019887 0.019431 0.019297 0.019260 0.019250 0.019247 0.019246 0.019246 0.019246 0.019246 0.019246 0.019246 0.019246 0.019246 0.019246 0.019246 0.019246 0.019246 0.019246 0.019246 0.019246 0.019245 0.019243 0.019236 0.019217 0.019169 0.019056 0.018806 0.018297 0.017342 0.015706 0.013160 0.009582 0.005071 0.000000 
50.000000 37.892400 26.897757 17.823071 11.003159 6.324832 3.386818 1.692102 0.791109 0.348061 0.145857 0.059916 0.025790 0.013092 0.008651 0.007187 0.006732 0.006597 0.006560 0.006550 0.006547 0.006546 0.006546 0.006546 0.006546 0.006546 0.006546 0.006546 0.006546 0.006546 0.006546 0.006546 0.006546 0.006546 0.006546 0.006546 0.006546 0.006545 0.006543 0.006536 0.006519 0.006479 0.006392 0.006215 0.005884 0.005322 0.004453 0.003237 0.001712 0.000000 
50.000000 37.891318 26.895693 17.820200 10.999682 6.320942 3.382670 1.687806 0.786735 0.343649 0.141427 0.055479 0.021350 0.008651 0.004210 0.002746 0.002290 0.002156 0.002118 0.002108 0.002106 0.002105 0.002105 0.002105 0.002105 0.002105 0.002105 0.002105 0.002105 0.002105 0.002105 0.002105 0.002105 0.002105 0.002105 0.002105 0.002105 0.002104 0.002104 0.002101 0.002096 0.002083 0.002054 0.001996 0.001888 0.001706 0.001426 0.001035 0.000547 0.000000 
50.000000 37.890962 26.895013 17.819253 10.998536 6.319660 3.381302 1.686390 0.785293 0.342194 0.139967 0.054016 0.019887 0.007187 0.002746 0.001282 0.000826 0.000692 0.000654 0.000644 0.000642 0.000641 0.000641 0.000641 0.000641 0.000641 0.000641 0.000641 0.000641 0.000641 0.000641 0.000641 0.000641 0.000641 0.000641 0.000641 0.000641 0.000641 0.000641 0.000640 0.000638 0.000634 0.000625 0.000607 0.000574 0.000518 0.000433 0.000314 0.000166 0.000000 
50.000000 37.890850 26.894801 17.818958 10.998179 6.319260 3.380877 1.685949 0.784845 0.341742 0.139512 0.053561 0.019431 0.006732 0.002290 0.000826 0.000371 0.000236 0.000199 0.000189 0.000186 0.000186 0.000185 0.000185 0.000185 0.000185 0.000185 0.000185 0.000185 0.000185 0.000185 0.000185 0.000185 0.000185 0.000185 0.000185 0.000185 0.000185 0.000185 0.000185 0.000184 0.000183 0.000181 0.000175 0.000166 0.000150 0.000125 0.000090 0.000048 0.000000 
50.000000 37.890818 26.894738 17.818871 10.998074 6.319142 3.380751 1.685819 0.784712 0.341608 0.139378 0.053427 0.019297 0.006597 0.002156 0.000692 0.000236 0.000102 0.000064 0.000054 0.000052 0.000051 0.000051 0.000051 0.000051 0.000051 0.000051 0.000051 0.000051 0.000051 0.000051 0.000051 0.000051 0.000051 0.000051 0.000051 0.000051 0.000051 0.000051 0.000051 0.000051 0.000050 0.000050 0.000048 0.000046 0.000041 0.000034 0.000025 0.000013 0.000000 
50.000000 37.890808 26.894721 17.818847 10.998044 6.319109 3.380716 1.685783 0.784675 0.341571 0.139341 0.053389 0.019260 0.006560 0.002118 0.000654 0.000199 0.000064 0.000027 0.000017 0.000014 0.000014 0.000013 0.000013 0.000013 0.000013 0.000013 0.000013 0.000013 0.000013 0.000013 0.000013 0.000013 0.000013 0.000013 0.000013 0.000013 0.000013 0.000013 0.000013 0.000013 0.000013 0.000013 0.000013 0.000012 0.000011 0.000009 0.000006 0.000003 0.000000 
50.000000 37.890806 26.894716 17.818840 10.998037 6.319101 3.380706 1.685773 0.784665 0.341561 0.139331 0.053379 0.019250 0.006550 0.002108 0.000644 0.000189 0.000054 0.000017 0.000007 0.000004 0.000004 0.000003 0.000003 0.000003 0.000003 0.000003 0.000003 0.000003 0.000003 0.000003 0.000003 0.000003 0.000003 0.000003 0.000003 0.000003 0.000003 0.000003 0.000003 0.000003 0.000003 0.000003 0.000003 0.000003 0.000003 0.000002 0.000002 0.000001 0.000000 
50.000000 37.890805 26.894715 17.818839 10.998035 6.319098 3.380704 1.685771 0.784663 0.341558 0.139328 0.053377 0.019247 0.006547 0.002106 0.000642 0.000186 0.000052 0.000014 0.000004 0.000002 0.000001 0.000001 0.000001 0.000001 0.000001 0.000001 0.000001 0.000001 0.000001 0.000001 0.000001 0.000001 0.000001 0.000001 0.000001 0.000001 0.000001 0.000001 0.000001 0.000001 0.000001 0.000001 0.000001 0.000001 0.000001 0.000001 0.000000 0.000000 0.000000 
50.000000 37.890805 26.894715 17.818838 10.998034 6.319098 3.380704 1.685770 0.784662 0.341558 0.139328 0.053376 0.019246 0.006546 0.002105 0.000641 0.000186 0.000051 0.000014 0.000004 0.000001 0.000000 0.000000 0.000000 0.000000 0.000000 0.000000 0.000000 0.000000 0.000000 0.000000 0.000000 0.000000 0.000000 0.000000 0.000000 0.000000 0.000000 0.000000 0.000000 0.000000 0.000000 0.000000 0.000000 0.000000 0.000000 0.000000 0.000000 0.000000 0.000000 
50.000000 37.890805 26.894715 17.818838 10.998034 6.319098 3.380703 1.685770 0.784662 0.341557 0.139328 0.053376 0.019246 0.006546 0.002105 0.000641 0.000185 0.000051 0.000013 0.000003 0.000001 0.000000 0.000000 0.000000 0.000000 0.000000 0.000000 0.000000 0.000000 0.000000 0.000000 0.000000 0.000000 0.000000 0.000000 0.000000 0.000000 0.000000 0.000000 0.000000 0.000000 0.000000 0.000000 0.000000 0.000000 0.000000 0.000000 0.000000 0.000000 0.000000 
50.000000 37.890805 26.894715 17.818838 10.998034 6.319098 3.380703 1.685770 0.784662 0.341557 0.139328 0.053376 0.019246 0.006546 0.002105 0.000641 0.000185 0.000051 0.000013 0.000003 0.000001 0.000000 0.000000 0.000000 0.000000 0.000000 0.000000 0.000000 0.000000 0.000000 0.000000 0.000000 0.000000 0.000000 0.000000 0.000000 0.000000 0.000000 0.000000 0.000000 0.000000 0.000000 0.000000 0.000000 0.000000 0.000000 0.000000 0.000000 0.000000 0.000000 
50.000000 37.890805 26.894715 17.818838 10.998034 6.319098 3.380703 1.685770 0.784662 0.341557 0.139328 0.053376 0.019246 0.006546 0.002105 0.000641 0.000185 0.000051 0.000013 0.000003 0.000001 0.000000 0.000000 0.000000 0.000000 0.000000 0.000000 0.000000 0.000000 0.000000 0.000000 0.000000 0.000000 0.000000 0.000000 0.000000 0.000000 0.000000 0.000000 0.000000 0.000000 0.000000 0.000000 0.000000 0.000000 0.000000 0.000000 0.000000 0.000000 0.000000 
50.000000 37.890805 26.894715 17.818838 10.998034 6.319098 3.380703 1.685770 0.784662 0.341557 0.139328 0.053376 0.019246 0.006546 0.002105 0.000641 0.000185 0.000051 0.000013 0.000003 0.000001 0.000000 0.000000 0.000000 0.000000 0.000000 0.000000 0.000000 0.000000 0.000000 0.000000 0.000000 0.000000 0.000000 0.000000 0.000000 0.000000 0.000000 0.000000 0.000000 0.000000 0.000000 0.000000 0.000000 0.000000 0.000000 0.000000 0.000000 0.000000 0.000000 
50.000000 37.890805 26.894715 17.818838 10.998034 6.319098 3.380703 1.685770 0.784662 0.341557 0.139328 0.053376 0.019246 0.006546 0.002105 0.000641 0.000185 0.000051 0.000013 0.000003 0.000001 0.000000 0.000000 0.000000 0.000000 0.000000 0.000000 0.000000 0.000000 0.000000 0.000000 0.000000 0.000000 0.000000 0.000000 0.000000 0.000000 0.000000 0.000000 0.000000 0.000000 0.000000 0.000000 0.000000 0.000000 0.000000 0.000000 0.000000 0.000000 0.000000 
50.000000 37.890805 26.894715 17.818838 10.998034 6.319098 3.380703 1.685770 0.784662 0.341557 0.139328 0.053376 0.019246 0.006546 0.002105 0.000641 0.000185 0.000051 0.000013 0.000003 0.000001 0.000000 0.000000 0.000000 0.000000 0.000000 0.000000 0.000000 0.000000 0.000000 0.000000 0.000000 0.000000 0.000000 0.000000 0.000000 0.000000 0.000000 0.000000 0.000000 0.000000 0.000000 0.000000 0.000000 0.000000 0.000000 0.000000 0.000000 0.000000 0.000000 
50.000000 37.890805 26.894715 17.818838 10.998034 6.319098 3.380704 1.685770 0.784662 0.341558 0.139328 0.053376 0.019246 0.006546 0.002105 0.000641 0.000186 0.000051 0.000014 0.000004 0.000001 0.000000 0.000000 0.000000 0.000000 0.000000 0.000000 0.000000 0.000000 0.000000 0.000000 0.000000 0.000000 0.000000 0.000000 0.000000 0.000000 0.000000 0.000000 0.000000 0.000000 0.000000 0.000000 0.000000 0.000000 0.000000 0.000000 0.000000 0.000000 0.000000 
50.000000 37.890805 26.894715 17.818839 10.998035 6.319098 3.380704 1.685771 0.784663 0.341558 0.139328 0.053377 0.019247 0.006547 0.002106 0.000642 0.000186 0.000052 0.000014 0.000004 0.000002 0.000001 0.000001 0.000001 0.000001 0.000001 0.000001 0.000001 0.000001 0.000001 0.000001 0.000001 0.000001 0.000001 0.000001 0.000001 0.000001 0.000001 0.000001 0.000001 0.000001 0.000001 0.000001 0.000001 0.000001 0.000001 0.000001 0.000000 0.000000 0.000000 
50.000000 37.890806 26.894716 17.818840 10.998037 6.319101 3.380706 1.685773 0.784665 0.341561 0.139331 0.053379 0.019250 0.006550 0.002108 0.000644 0.000189 0.000054 0.000017 0.000007 0.000004 0.000004 0.000003 0.000003 0.000003 0.000003 0.000003 0.000003 0.000003 0.000003 0.000003 0.000003 0.000003 0.000003 0.000003 0.000003 0.000003 0.000003 0.000003 0.000003 0.000003 0.000003 0.000003 0.000003 0.000003 0.000003 0.000002 0.000002 0.000001 0.000000 
50.000000 37.890808 26.894721 17.818847 10.998044 6.319109 3.380716 1.685783 0.784675 0.341571 0.139341 0.053389 0.019260 0.006560 0.002118 0.000654 0.000199 0.000064 0.000027 0.000017 0.000014 0.000014 0.000013 0.000013 0.000013 0.000013 0.000013 0.000013 0.000013 0.000013 0.000013 0.000013 0.000013 0.000013 0.000013 0.000013 0.000013 0.000013 0.000013 0.000013 0.000013 0.000013 0.000013 0.000013 0.000012 0.000011 0.000009 0.000006 0.000003 0.000000 
50.000000 37.890818 26.894738 17.818871 10.998074 6.319142 3.380751 1.685819 0.784712 0.341608 0.139378 0.053427 0.019297 0.006597 0.002156 0.000692 0.000236 0.000102 0.000064 0.000054 0.000052 0.000051 0.000051 0.000051 0.000051 0.000051 0.000051 0.000051 0.000051 0.000051 0.000051 0.000051 0.000051 0.000051 0.000051 0.000051 0.000051 0.000051 0.000051 0.000051 0.000051 0.000050 0.000050 0.000048 0.000046 0.000041 0.000034 0.000025 0.000013 0.000000 
50.000000 37.890850 26.894801 17.818958 10.998179 6.319260 3.380877 1.685949 0.784845 0.341742 0.139512 0.053561 0.019431 0.006732 0.002290 0.000826 0.000371 0.000236 0.000199 0.000189 0.000186 0.000186 0.000185 0.000185 0.000185 0.000185 0.000185 0.000185 0.000185 0.000185 0.000185 0.000185 0.000185 0.000185 0.000185 0.000185 0.000185 0.000185 0.000185 0.000185 0.000184 0.000183 0.000181 0.000175 0.000166 0.000150 0.000125 0.000090 0.000048 0.000000 
50.000000 37.890962 26.895013 17.819253 10.998536 6.319660 3.381302 1.686390 0.785293 0.342194 0.139967 0.054016 0.019887 0.007187 0.002746 0.001282 0.000826 0.000692 0.000654 0.000644 0.000642 0.000641 0.000641 0.000641 0.000641 0.000641 0.000641 0.000641 0.000641 0.000641 0.000641 0.000641 0.000641 0.000641 0.000641 0.000641 0.000641 0.000641 0.000641 0.000640 0.000638 0.000634 0.000625 0.000607 0.000574 0.000518 0.000433 0.000314 0.000166 0.000000 
50.000000 37.891318 26.895693 17.820200 10.999682 6.320942 3.382670 1.687806 0.786735 0.343649 0.141427 0.055479 0.021350 0.008651 0.004210 0.002746 0.002290 0.002156 0.002118 0.002108 0.002106 0.002105 0.002105 0.002105 0.002105 0.002105 0.002105 0.002105 0.002105 0.002105 0.002105 0.002105 0.002105 0.002105 0.002105 0.002105 0.002105 0.002104 0.002104 0.002101 0.002096 0.002083 0.002054 0.001996 0.001888 0.001706 0.001426 0.001035 0.000547 0.000000 
50.000000 37.892400 26.897757 17.823071 11.003159 6.324832 3.386818 1.692102 0.791109 0.348061 0.145857 0.059916 0.025790 0.013092 0.008651 0.007187 0.006732 0.006597 0.006560 0.006550 0.006547 0.006546 0.006546 0.006546 0.006546 0.006546 0.006546 0.006546 0.006546 0.006546 0.006546 0.006546 0.006546 0.006546 0.006546 0.006546 0.006546 0.006545 0.006543 0.006536 0.006519 0.006479 0.006392 0.006215 0.005884 0.005322 0.004453 0.003237 0.001712 0.000000 
50.000000 37.895492 26.903652 17.831276 11.013095 6.335951 3.398676 1.704385 0.803616 0.360678 0.158523 0.072603 0.038485 0.025790 0.021350 0.019887 0.019431 0.019297 0.019260 0.019250 0.019247 0.019246 0.019246 0.019246 0.019246 0.019246 0.019246 0.019246 0.019246 0.019246 0.019246 0.019246 0.019246 0.019246 0.019246 0.019246 0.019245 0.019243 0.019236 0.019217 0.019169 0.019056 0.018806 0.018297 0.017342 0.015706 0.013160 0.009582 0.005071 0.000000 
50.000000 37.903793 26.919485 17.853316 11.039786 6.365823 3.430538 1.737389 0.837225 0.394582 0.192561 0.106698 0.072603 0.059916 0.055479 0.054016 0.053561 0.053427 0.053389 0.053379 0.053377 0.053376 0.053376 0.053376 0.053376 0.053376 0.053376 0.053376 0.053376 0.053376 0.053376 0.053376 0.053376 0.053376 0.053376 0.053375 0.053373 0.053367 0.053349 0.053299 0.053173 0.052871 0.052202 0.050827 0.048233 0.043755 0.036732 0.026796 0.014203 0.000000 
50.000000 37.924685 26.959335 17.908790 11.106978 6.441030 3.510762 1.820497 0.921859 0.479962 0.278281 0.192561 0.158523 0.145857 0.141427 0.139967 0.139512 0.139378 0.139341 0.139331 0.139328 0.139328 0.139328 0.139328 0.139328 0.139328 0.139328 0.139328 0.139328 0.139328 0.139328 0.139328 0.139328 0.139327 0.139327 0.139325 0.139321 0.139306 0.139261 0.139140 0.138829 0.138080 0.136405 0.132941 0.126344 0.114850 0.096654 0.070682 0.037536 0.000000 
50.000000 37.973809 27.053040 18.039247 11.265007 6.617931 3.699482 2.016013 1.120975 0.680842 0.479962 0.394582 0.360678 0.348061 0.343649 0.342194 0.341742 0.341608 0.341571 0.341561 0.341558 0.341558 0.341557 0.341557 0.341557 0.341557 0.341557 0.341557 0.341557 0.341557 0.341557 0.341557 0.341557 0.341557 0.341556 0.341553 0.341542 0.341508 0.341409 0.341134 0.340421 0.338696 0.334806 0.326682 0.311046 0.283486 0.239333 0.175597 0.093493 0.000000 
50.000000 38.081378 27.258243 18.324958 11.611139 7.005434 4.112912 2.444360 1.557230 1.120975 0.921859 0.837225 0.803616 0.791109 0.786735 0.785293 0.784845 0.784712 0.784675 0.784665 0.784663 0.784662 0.784662 0.784662 0.784662 0.784662 0.784662 0.784662 0.784662 0.784662 0.784662 0.784662 0.784662 0.784661 0.784659 0.784653 0.784630 0.784560 0.784354 0.783779 0.782279 0.778615 0.770272 0.752645 0.718274 0.656815 0.556850 0.410378 0.219282 0.000000 
50.000000 38.300009 27.675335 18.905735 12.314801 7.793278 4.953534 3.315368 2.444360 2.016013 1.820497 1.737389 1.704385 1.692102 1.687806 1.686390 1.685949 1.685819 1.685783 1.685773 1.685771 1.685770 1.685770 1.685770 1.685770 1.685770 1.685770 1.685770 1.685770 1.685770 1.685770 1.685770 1.685770 1.685769 1.685765 1.685753 1.685711 1.685579 1.685188 1.684092 1.681207 1.674087 1.657684 1.622546 1.552928 1.426183 1.215939 0.901670 0.484321 0.000000 
50.000000 38.711025 28.459489 19.997709 13.637936 9.274831 6.534458 4.953534 4.112912 3.699482 3.510762 3.430538 3.398676 3.386818 3.382670 3.381302 3.380877 3.380751 3.380716 3.380706 3.380704 3.380704 3.380703 3.380703 3.380703 3.380703 3.380703 3.380703 3.380703 3.380703 3.380703 3.380703 3.380703 3.380701 3.380695 3.380674 3.380603 3.380379 3.379710 3.377822 3.372800 3.360266 3.330988 3.267229 3.138419 2.898524 2.490251 1.863106 1.008716 0.000000 
50.000000 39.423245 29.818351 21.890118 15.931129 11.842784 9.274831 7.793278 7.005434 6.617931 6.441030 6.365823 6.335951 6.324832 6.320942 6.319660 6.319260 6.319142 6.319109 6.319101 6.319098 6.319098 6.319098 6.319098 6.319098 6.319098 6.319098 6.319098 6.319098 6.319098 6.319098 6.319097 6.319097 6.319094 6.319085 6.319054 6.318947 6.318609 6.317589 6.314686 6.306885 6.287161 6.240350 6.136413 5.921392 5.509302 4.783868 3.626493 1.988641 0.000000 
50.000000 40.556882 31.981333 24.902552 19.581797 15.931129 13.637936 12.314801 11.611139 11.265007 11.106978 11.039786 11.013095 11.003159 10.999682 10.998536 10.998179 10.998074 10.998044 10.998037 10.998035 10.998034 10.998034 10.998034 10.998034 10.998034 10.998034 10.998034 10.998034 10.998034 10.998034 10.998034 10.998033 10.998030 10.998018 10.997976 10.997836 10.997389 10.996031 10.992128 10.981522 10.954323 10.888617 10.739412 10.421827 9.790899 8.629451 6.674479 3.740774 0.000000 
50.000000 42.208905 35.133497 29.292853 24.902552 21.890118 19.997709 18.905735 18.324958 18.039247 17.908790 17.853316 17.831276 17.823071 17.820200 17.819253 17.818958 17.818871 17.818847 17.818840 17.818839 17.818838 17.818838 17.818838 17.818838 17.818838 17.818838 17.818838 17.818838 17.818838 17.818838 17.818838 17.818837 17.818833 17.818820 17.818774 17.818618 17.818117 17.816583 17.812136 17.799914 17.768109 17.689796 17.507459 17.106250 16.273101 14.646426 11.690378 6.818361 0.000000 
50.000000 44.406541 39.326830 35.133497 31.981333 29.818351 28.459489 27.675335 27.258243 27.053040 26.959335 26.919485 26.903652 26.897757 26.895693 26.895013 26.894801 26.894738 26.894721 26.894716 26.894715 26.894715 26.894715 26.894715 26.894715 26.894715 26.894715 26.894715 26.894715 26.894715 26.894715 26.894714 26.894714 26.894711 26.894699 26.894658 26.894519 26.894071 26.892690 26.888653 26.877444 26.847866 26.773665 26.596383 26.191858 25.306855 23.443119 19.663415 12.387905 0.000000 
50.000000 47.068664 44.406541 42.208905 40.556882 39.423245 38.711025 38.300009 38.081378 37.973809 37.924685 37.903793 37.895492 37.892400 37.891318 37.890962 37.890850 37.890818 37.890808 37.890806 37.890805 37.890805 37.890805 37.890805 37.890805 37.890805 37.890805 37.890805 37.890805 37.890805 37.890805 37.890805 37.890805 37.890803 37.890796 37.890772 37.890689 37.890420 37.889590 37.887149 37.880317 37.862096 37.815688 37.702309 37.434603 36.816108 35.390544 32.018636 23.534332 0.000000 
50.000000 50.000000 50.000000 50.000000 50.000000 50.000000 50.000000 50.000000 50.000000 50.000000 50.000000 50.000000 50.000000 50.000000 50.000000 50.000000 50.000000 50.000000 50.000000 50.000000 50.000000 50.000000 50.000000 50.000000 50.000000 50.000000 50.000000 50.000000 50.000000 50.000000 50.000000 50.000000 50.000000 50.000000 50.000000 50.000000 50.000000 50.000000 50.000000 50.000000 50.000000 50.000000 50.000000 50.000000 50.000000 50.000000 50.000000 50.000000 50.000000 50.000000 
