50.000000 50.000000 50.000000 50.000000 50.000000 50.000000 50.000000 50.000000 50.000000 50.000000 50.000000 50.000000 50.000000 50.000000 50.000000 50.000000 50.000000 50.000000 50.000000 50.000000 50.000000 50.000000 50.000000 50.000000 50.000000 50.000000 50.000000 50.000000 50.000000 50.000000 50.000000 50.000000 50.000000 50.000000 50.000000 50.000000 50.000000 50.000000 50.000000 50.000000 50.000000 50.000000 50.000000 50.000000 50.000000 50.000000 50.000000 50.000000 50.000000 50.000000 
50.000000 48.641671 47.341246 46.149234 45.102920 44.223225 43.514582 42.967424 42.562310 42.274542 42.078324 41.949818 41.868932 41.819970 41.791448 41.775447 41.766797 41.762287 41.760018 41.758916 41.758398 41.758163 41.758060 41.758016 41.757998 41.757990 41.757986 41.757983 41.757976 41.757961 41.757924 41.757839 41.757644 41.757214 41.756289 41.754353 41.750410 41.742590 41.727460 41.698864 41.645935 41.549664 41.376742 41.067809 40.513063 39.496150 37.549728 33.538785 24.320835 0.000000 
50.000000 47.341246 44.795835 42.462631 40.414618 38.692741 37.305681 36.234710 35.441768 34.878516 34.494459 34.242934 34.084619 33.988788 33.932964 33.901647 33.884717 33.875891 33.871450 33.869292 33.868279 33.867819 33.867617 33.867530 33.867495 33.867480 33.867473 33.867466 33.867454 33.867426 33.867358 33.867199 33.866840 33.866046 33.864340 33.860780 33.853547 33.839244 33.811685 33.759871 33.664644 33.493129 33.189355 32.657947 31.734587 30.130585 27.328142 22.397918 13.802462 0.000000 
50.000000 46.149234 42.462631 39.083383 36.117196 33.623375 31.614486 30.063402 28.914997 28.099257 27.543044 27.178777 26.949502 26.810720 26.729876 26.684525 26.660008 26.647227 26.640796 26.637671 26.636204 26.635538 26.635245 26.635121 26.635069 26.635048 26.635037 26.635028 26.635012 26.634974 26.634885 26.634676 26.634203 26.633160 26.630926 26.626276 26.616867 26.598352 26.562891 26.496742 26.376409 26.162623 25.791009 25.157743 24.097868 22.354344 19.541692 15.134489 8.599506 0.000000 
50.000000 45.102920 40.414618 36.117196 32.345088 29.173709 26.619036 24.646567 23.186188 22.148861 21.441567 20.978364 20.686822 20.510352 20.407557 20.349892 20.318719 20.302468 20.294292 20.290319 20.288454 20.287607 20.287235 20.287076 20.287011 20.286984 20.286971 20.286960 20.286942 20.286900 20.286800 20.286567 20.286041 20.284884 20.282416 20.277299 20.266995 20.246840 20.208529 20.137734 20.010489 19.787907 19.408788 18.779894 17.764499 16.172544 13.762852 10.284032 5.606770 0.000000 
50.000000 44.223225 38.692741 33.623375 29.173709 25.432705 22.419207 20.092502 18.369878 17.146291 16.312012 15.765656 15.421784 15.213643 15.092402 15.024392 14.987627 14.968461 14.958818 14.954134 14.951934 14.950935 14.950496 14.950309 14.950232 14.950200 14.950186 14.950175 14.950156 14.950114 14.950014 14.949783 14.949261 14.948117 14.945687 14.940673 14.930633 14.911127 14.874357 14.807099 14.687734 14.482224 14.139114 13.584167 12.716353 11.409210 9.525507 6.958155 3.710161 0.000000 
50.000000 43.514582 37.305681 31.614486 26.619036 22.419207 19.036143 16.424131 14.490300 13.116714 12.180177 11.566866 11.180861 10.947223 10.811132 10.734794 10.693529 10.672017 10.661195 10.655937 10.653469 10.652348 10.651855 10.651646 10.651559 10.651523 10.651508 10.651496 10.651479 10.651440 10.651349 10.651139 10.650665 10.649632 10.647446 10.642958 10.634025 10.616794 10.584589 10.526290 10.424117 10.250873 9.966971 9.518071 8.835040 7.839142 6.456742 4.647734 2.446773 0.000000 
50.000000 42.967424 36.234710 30.063402 24.646567 20.092502 16.424131 13.591871 11.495007 10.005643 8.990184 8.325202 7.906685 7.653373 7.505827 7.423065 7.378328 7.355008 7.343276 7.337576 7.334900 7.333685 7.333151 7.332924 7.332830 7.332792 7.332776 7.332765 7.332750 7.332717 7.332639 7.332462 7.332064 7.331198 7.329375 7.325651 7.318286 7.304181 7.278042 7.231198 7.150077 7.014466 6.795936 6.457160 5.953388 5.237778 4.272393 3.045355 1.590683 0.000000 
50.000000 42.562310 35.441768 28.914997 23.186188 18.369878 14.490300 11.495007 9.277471 7.702417 6.628553 5.925336 5.482764 5.214898 5.058878 4.971365 4.924061 4.899403 4.886999 4.880973 4.878144 4.876859 4.876295 4.876054 4.875955 4.875915 4.875898 4.875888 4.875875 4.875849 4.875788 4.875647 4.875334 4.874656 4.873233 4.870343 4.864661 4.853856 4.833997 4.798746 4.738372 4.638735 4.480541 4.239427 3.887654 3.398282 2.752374 1.948639 1.012645 0.000000 
50.000000 42.274542 34.878516 28.099257 22.148861 17.146291 13.116714 10.005643 7.702417 6.066523 4.951194 4.220836 3.761190 3.482996 3.320963 3.230079 3.180954 3.155347 3.142466 3.136208 3.133271 3.131937 3.131351 3.131101 3.130998 3.130957 3.130940 3.130930 3.130920 3.130900 3.130855 3.130750 3.130518 3.130018 3.128972 3.126860 3.122732 3.114933 3.100711 3.075687 3.033262 2.964045 2.855566 2.692597 2.458557 2.138371 1.722848 1.213872 0.628607 0.000000 
50.000000 42.078324 34.494459 27.543044 21.441567 16.312012 12.180177 8.990184 6.628553 4.951194 3.807608 3.058757 2.587480 2.302250 2.136122 2.042943 1.992578 1.966325 1.953119 1.946704 1.943693 1.942325 1.941724 1.941469 1.941363 1.941321 1.941304 1.941295 1.941287 1.941273 1.941241 1.941167 1.941005 1.940655 1.939929 1.938468 1.935628 1.930298 1.920647 1.903804 1.875507 1.829807 1.758986 1.653886 1.504913 1.303833 1.046302 0.734588 0.379460 0.000000 
50.000000 41.949818 34.242934 27.178777 20.978364 15.765656 11.566866 8.325202 5.925336 4.220836 3.058757 2.297804 1.818916 1.529084 1.360277 1.265597 1.214422 1.187747 1.174329 1.167811 1.164751 1.163362 1.162751 1.162492 1.162385 1.162342 1.162324 1.162317 1.162311 1.162301 1.162279 1.162230 1.162122 1.161890 1.161410 1.160450 1.158594 1.155132 1.148902 1.138110 1.120125 1.091339 1.047160 0.982277 0.891300 0.769835 0.615886 0.431249 0.222358 0.000000 
50.000000 41.868932 34.084619 26.949502 20.686822 15.421784 11.180861 7.906685 5.482764 3.761190 2.587480 1.818916 1.335243 1.042517 0.872027 0.776403 0.724719 0.697779 0.684228 0.677645 0.674555 0.673152 0.672535 0.672273 0.672165 0.672122 0.672104 0.672097 0.672092 0.672086 0.672072 0.672041 0.671972 0.671826 0.671524 0.670923 0.669767 0.667621 0.663785 0.657181 0.646257 0.628908 0.602505 0.564068 0.510657 0.439982 0.351151 0.245375 0.126342 0.000000 
50.000000 41.819970 33.988788 26.810720 20.510352 15.213643 10.947223 7.653373 5.214898 3.482996 2.302250 1.529084 1.042517 0.748041 0.576534 0.480341 0.428348 0.401248 0.387617 0.380995 0.377886 0.376475 0.375855 0.375591 0.375483 0.375439 0.375422 0.375415 0.375411 0.375407 0.375398 0.375379 0.375338 0.375250 0.375069 0.374709 0.374021 0.372750 0.370489 0.366622 0.360264 0.350237 0.335088 0.313198 0.283011 0.243357 0.193853 0.135241 0.069560 0.000000 
50.000000 41.791448 33.932964 26.729876 20.407557 15.092402 10.811132 7.505827 5.058878 3.320963 2.136122 1.360277 0.872027 0.576534 0.404435 0.307910 0.255739 0.228546 0.214867 0.208223 0.205104 0.203688 0.203066 0.202801 0.202692 0.202648 0.202631 0.202624 0.202621 0.202618 0.202613 0.202602 0.202578 0.202527 0.202423 0.202217 0.201825 0.201103 0.199827 0.197654 0.194103 0.188535 0.180176 0.168175 0.151729 0.130258 0.103600 0.072184 0.037095 0.000000 
50.000000 41.775447 33.901647 26.684525 20.349892 15.024392 10.734794 7.423065 4.971365 3.230079 2.042943 1.265597 0.776403 0.480341 0.307910 0.211200 0.158928 0.131683 0.117979 0.111322 0.108196 0.106778 0.106154 0.105889 0.105780 0.105736 0.105719 0.105713 0.105710 0.105708 0.105705 0.105699 0.105685 0.105657 0.105600 0.105487 0.105272 0.104879 0.104187 0.103014 0.101107 0.098132 0.093690 0.087348 0.078704 0.067476 0.053599 0.037307 0.019159 0.000000 
50.000000 41.766797 33.884717 26.660008 20.318719 14.987627 10.693529 7.378328 4.924061 3.180954 1.992578 1.214422 0.724719 0.428348 0.255739 0.158928 0.106603 0.079330 0.065611 0.058947 0.055819 0.054399 0.053775 0.053509 0.053400 0.053356 0.053339 0.053333 0.053330 0.053329 0.053327 0.053324 0.053317 0.053302 0.053271 0.053212 0.053099 0.052893 0.052532 0.051923 0.050936 0.049406 0.047130 0.043896 0.039509 0.033835 0.026849 0.018671 0.009583 0.000000 
50.000000 41.762287 33.875891 26.647227 20.302468 14.968461 10.672017 7.355008 4.899403 3.155347 1.966325 1.187747 0.697779 0.401248 0.228546 0.131683 0.079330 0.052042 0.038316 0.031649 0.028519 0.027098 0.026473 0.026208 0.026098 0.026055 0.026038 0.026031 0.026029 0.026028 0.026026 0.026025 0.026021 0.026013 0.025998 0.025968 0.025911 0.025807 0.025626 0.025321 0.024829 0.024069 0.022944 0.021352 0.019200 0.016427 0.013024 0.009051 0.004643 0.000000 
50.000000 41.760018 33.871450 26.640796 20.294292 14.958818 10.661195 7.343276 4.886999 3.142466 1.953120 1.174329 0.684228 0.387617 0.214867 0.117979 0.065611 0.038316 0.024587 0.017917 0.014787 0.013365 0.012741 0.012475 0.012366 0.012322 0.012305 0.012298 0.012296 0.012295 0.012294 0.012293 0.012292 0.012288 0.012280 0.012265 0.012238 0.012187 0.012099 0.011952 0.011716 0.011351 0.010814 0.010056 0.009036 0.007725 0.006120 0.004250 0.002180 0.000000 
50.000000 41.758916 33.869292 26.637672 20.290319 14.954134 10.655937 7.337576 4.880973 3.136209 1.946704 1.167811 0.677645 0.380995 0.208223 0.111322 0.058948 0.031649 0.017917 0.011247 0.008116 0.006695 0.006070 0.005804 0.005695 0.005651 0.005634 0.005628 0.005625 0.005624 0.005624 0.005623 0.005623 0.005621 0.005617 0.005610 0.005597 0.005573 0.005532 0.005464 0.005354 0.005185 0.004937 0.004588 0.004120 0.003520 0.002787 0.001934 0.000992 0.000000 
50.000000 41.758398 33.868279 26.636205 20.288454 14.951934 10.653469 7.334901 4.878144 3.133271 1.943693 1.164751 0.674555 0.377887 0.205104 0.108197 0.055820 0.028519 0.014787 0.008116 0.004985 0.003563 0.002939 0.002673 0.002564 0.002520 0.002503 0.002496 0.002494 0.002493 0.002493 0.002492 0.002492 0.002491 0.002490 0.002486 0.002480 0.002470 0.002451 0.002420 0.002371 0.002295 0.002185 0.002029 0.001821 0.001555 0.001230 0.000854 0.000438 0.000000 
50.000000 41.758163 33.867819 26.635539 20.287608 14.950936 10.652349 7.333686 4.876860 3.131938 1.942326 1.163363 0.673153 0.376476 0.203689 0.106779 0.054400 0.027099 0.013366 0.006696 0.003564 0.002143 0.001518 0.001252 0.001143 0.001099 0.001082 0.001076 0.001073 0.001072 0.001072 0.001072 0.001072 0.001071 0.001071 0.001069 0.001067 0.001062 0.001054 0.001040 0.001019 0.000986 0.000938 0.000871 0.000781 0.000667 0.000527 0.000366 0.000187 0.000000 
50.000000 41.758060 33.867618 26.635247 20.287237 14.950499 10.651858 7.333155 4.876298 3.131354 1.941728 1.162755 0.672539 0.375859 0.203069 0.106158 0.053779 0.026477 0.012744 0.006073 0.002942 0.001520 0.000896 0.000630 0.000520 0.000477 0.000460 0.000453 0.000451 0.000450 0.000450 0.000450 0.000450 0.000449 0.000449 0.000448 0.000447 0.000445 0.000442 0.000436 0.000427 0.000413 0.000393 0.000365 0.000327 0.000279 0.000220 0.000153 0.000078 0.000000 
50.000000 41.758018 33.867534 26.635125 20.287083 14.950317 10.651654 7.332933 4.876064 3.131111 1.941478 1.162502 0.672283 0.375601 0.202811 0.105899 0.053519 0.026218 0.012485 0.005814 0.002683 0.001261 0.000636 0.000371 0.000261 0.000217 0.000200 0.000194 0.000192 0.000191 0.000190 0.000190 0.000190 0.000190 0.000190 0.000190 0.000189 0.000188 0.000187 0.000185 0.000181 0.000175 0.000166 0.000154 0.000138 0.000118 0.000093 0.000065 0.000033 0.000000 
50.000000 41.758002 33.867504 26.635082 20.287027 14.950252 10.651581 7.332854 4.875980 3.131024 1.941389 1.162411 0.672192 0.375509 0.202719 0.105807 0.053427 0.026125 0.012392 0.005722 0.002590 0.001168 0.000544 0.000278 0.000169 0.000125 0.000108 0.000101 0.000099 0.000098 0.000098 0.000098 0.000098 0.000098 0.000098 0.000097 0.000097 0.000097 0.000096 0.000095 0.000093 0.000090 0.000085 0.000079 0.000071 0.000060 0.000048 0.000033 0.000017 0.000000 
50.000000 41.758002 33.867504 26.635082 20.287027 14.950252 10.651581 7.332854 4.875980 3.131024 1.941389 1.162411 0.672192 0.375509 0.202719 0.105807 0.053427 0.026125 0.012392 0.005722 0.002590 0.001168 0.000544 0.000278 0.000169 0.000125 0.000108 0.000101 0.000099 0.000098 0.000098 0.000098 0.000098 0.000098 0.000098 0.000097 0.000097 0.000097 0.000096 0.000095 0.000093 0.000090 0.000085 0.000079 0.000071 0.000060 0.000048 0.000033 0.000017 0.000000 
50.000000 41.758018 33.867534 26.635125 20.287083 14.950317 10.651654 7.332933 4.876064 3.131111 1.941478 1.162502 0.672283 0.375601 0.202811 0.105899 0.053519 0.026218 0.012485 0.005814 0.002683 0.001261 0.000636 0.000371 0.000261 0.000217 0.000200 0.000194 0.000192 0.000191 0.000190 0.000190 0.000190 0.000190 0.000190 0.000190 0.000189 0.000188 0.000187 0.000185 0.000181 0.000175 0.000166 0.000154 0.000138 0.000118 0.000093 0.000065 0.000033 0.000000 
50.000000 41.758060 33.867618 26.635247 20.287237 14.950499 10.651858 7.333155 4.876298 3.131354 1.941728 1.162755 0.672539 0.375859 0.203069 0.106158 0.053779 0.026477 0.012744 0.006073 0.002942 0.001520 0.000896 0.000630 0.000520 0.000477 0.000460 0.000453 0.000451 0.000450 0.000450 0.000450 0.000450 0.000449 0.000449 0.000448 0.000447 0.000445 0.000442 0.000436 0.000427 0.000413 0.000393 0.000365 0.000327 0.000279 0.000220 0.000153 0.000078 0.000000 
50.000000 41.758163 33.867819 26.635539 20.287608 14.950936 10.652349 7.333686 4.876860 3.131938 1.942326 1.163363 0.673153 0.376476 0.203689 0.106779 0.054400 0.027099 0.013366 0.006696 0.003564 0.002143 0.001518 0.001252 0.001143 0.001099 0.001082 0.001076 0.001073 0.001072 0.001072 0.001072 0.001072 0.001071 0.001071 0.001069 0.001067 0.001062 0.001054 0.001040 0.001019 0.000986 0.000938 0.000871 0.000781 0.000667 0.000527 0.000366 0.000187 0.000000 
50.000000 41.758398 33.868279 26.636205 20.288454 14.951934 10.653469 7.334901 4.878144 3.133271 1.943693 1.164751 0.674555 0.377887 0.205104 0.108197 0.055820 0.028519 0.014787 0.008116 0.004985 0.003563 0.002939 0.002673 0.002564 0.002520 0.002503 0.002496 0.002494 0.002493 0.002493 0.002492 0.002492 0.002491 0.002490 0.002486 0.002480 0.002470 0.002451 0.002420 0.002371 0.002295 0.002185 0.002029 0.001821 0.001555 0.001230 0.000854 0.000438 0.000000 
50.000000 41.758916 33.869292 26.637672 20.290319 14.954134 10.655937 7.337576 4.880973 3.136209 1.946704 1.167811 0.677645 0.380995 0.208223 0.111322 0.058948 0.031649 0.017917 0.011247 0.008116 0.006695 0.006070 0.005804 0.005695 0.005651 0.005634 0.005628 0.005625 0.005624 0.005624 0.005623 0.005623 0.005621 0.005617 0.005610 0.005597 0.005573 0.005532 0.005464 0.005354 0.005185 0.004937 0.004588 0.004120 0.003520 0.002787 0.001934 0.000992 0.000000 
50.000000 41.760018 33.871450 26.640796 20.294292 14.958818 10.661195 7.343276 4.886999 3.142466 1.953120 1.174329 0.684228 0.387617 0.214867 0.117979 0.065611 0.038316 0.024587 0.017917 0.014787 0.013365 0.012741 0.012475 0.012366 0.012322 0.012305 0.012298 0.012296 0.012295 0.012294 0.012293 0.012292 0.012288 0.012280 0.012265 0.012238 0.012187 0.012099 0.011952 0.011716 0.011351 0.010814 0.010056 0.009036 0.007725 0.006120 0.004250 0.002180 0.000000 
50.000000 41.762287 33.875891 26.647227 20.302468 14.968461 10.672017 7.355008 4.899403 3.155347 1.966325 1.187747 0.697779 0.401248 0.228546 0.131683 0.079330 0.052042 0.038316 0.031649 0.028519 0.027098 0.026473 0.026208 0.026098 0.026055 0.026038 0.026031 0.026029 0.026028 0.026026 0.026025 0.026021 0.026013 0.025998 0.025968 0.025911 0.025807 0.025626 0.025321 0.024829 0.024069 0.022944 0.021352 0.019200 0.016427 0.013024 0.009051 0.004643 0.000000 
50.000000 41.766797 33.884717 26.660008 20.318719 14.987627 10.693529 7.378328 4.924061 3.180954 1.992578 1.214422 0.724719 0.428348 0.255739 0.158928 0.106603 0.079330 0.065611 0.058947 0.055819 0.054399 0.053775 0.053509 0.053400 0.053356 0.053339 0.053333 0.053330 0.053329 0.053327 0.053324 0.053317 0.053302 0.053271 0.053212 0.053099 0.052893 0.052532 0.051923 0.050936 0.049406 0.047130 0.043896 0.039509 0.033835 0.026849 0.018671 0.009583 0.000000 
50.000000 41.775447 33.901647 26.684525 20.349892 15.024392 10.734794 7.423065 4.971365 3.230079 2.042943 1.265597 0.776403 0.480341 0.307910 0.211200 0.158928 0.131683 0.117979 0.111322 0.108196 0.106778 0.106154 0.105889 0.105780 0.105736 0.105719 0.105713 0.105710 0.105708 0.105705 0.105699 0.105685 0.105657 0.105600 0.105487 0.105272 0.104879 0.104187 0.103014 0.101107 0.098132 0.093690 0.087348 0.078704 0.067476 0.053599 0.037307 0.019159 0.000000 
50.000000 41.791448 33.932964 26.729876 20.407557 15.092402 10.811132 7.505827 5.058878 3.320963 2.136122 1.360277 0.872027 0.576534 0.404435 0.307910 0.255739 0.228546 0.214867 0.208223 0.205104 0.203688 0.203066 0.202801 0.202692 0.202648 0.202631 0.202624 0.202621 0.202618 0.202613 0.202602 0.202578 0.202527 0.202423 0.202217 0.201825 0.201103 0.199827 0.197654 0.194103 0.188535 0.180176 0.168175 0.151729 0.130258 0.103600 0.072184 0.037095 0.000000 
50.000000 41.819970 33.988788 26.810720 20.510352 15.213643 10.947223 7.653373 5.214898 3.482996 2.302250 1.529084 1.042517 0.748041 0.576534 0.480341 0.428348 0.401248 0.387617 0.380995 0.377886 0.376475 0.375855 0.375591 0.375483 0.375439 0.375422 0.375415 0.375411 0.375407 0.375398 0.375379 0.375338 0.375250 0.375069 0.374709 0.374021 0.372750 0.370489 0.366622 0.360264 0.350237 0.335088 0.313198 0.283011 0.243357 0.193853 0.135241 0.069560 0.000000 
50.000000 41.868932 34.084619 26.949502 20.686822 15.421784 11.180861 7.906685 5.482764 3.761190 2.587480 1.818916 1.335243 1.042517 0.872027 0.776403 0.724719 0.697779 0.684228 0.677645 0.674555 0.673152 0.672535 0.672273 0.672165 0.672122 0.672104 0.672097 0.672092 0.672086 0.672072 0.672041 0.671972 0.671826 0.671524 0.670923 0.669767 0.667621 0.663785 0.657181 0.646257 0.628908 0.602505 0.564068 0.510657 0.439982 0.351151 0.245375 0.126342 0.000000 
50.000000 41.949818 34.242934 27.178777 20.978364 15.765656 11.566866 8.325202 5.925336 4.220836 3.058757 2.297804 1.818916 1.529084 1.360277 1.265597 1.214422 1.187747 1.174329 1.167811 1.164751 1.163362 1.162751 1.162492 1.162385 1.162342 1.162324 1.162317 1.162311 1.162301 1.162279 1.162230 1.162122 1.161890 1.161410 1.160450 1.158594 1.155132 1.148902 1.138110 1.120125 1.091339 1.047160 0.982277 0.891300 0.769835 0.615886 0.431249 0.222358 0.000000 
50.000000 42.078324 34.494459 27.543044 21.441567 16.312012 12.180177 8.990184 6.628553 4.951194 3.807608 3.058757 2.587480 2.302250 2.136122 2.042943 1.992578 1.966325 1.953119 1.946704 1.943693 1.942325 1.941724 1.941469 1.941363 1.941321 1.941304 1.941295 1.941287 1.941273 1.941241 1.941167 1.941005 1.940655 1.939929 1.938468 1.935628 1.930298 1.920647 1.903804 1.875507 1.829807 1.758986 1.653886 1.504913 1.303833 1.046302 0.734588 0.379460 0.000000 
50.000000 42.274542 34.878516 28.099257 22.148861 17.146291 13.116714 10.005643 7.702417 6.066523 4.951194 4.220836 3.761190 3.482996 3.320963 3.230079 3.180954 3.155347 3.142466 3.136208 3.133271 3.131937 3.131351 3.131101 3.130998 3.130957 3.130940 3.130930 3.130920 3.130900 3.130855 3.130750 3.130518 3.130018 3.128972 3.126860 3.122732 3.114933 3.100711 3.075687 3.033262 2.964045 2.855566 2.692597 2.458557 2.138371 1.722848 1.213872 0.628607 0.000000 
50.000000 42.562310 35.441768 28.914997 23.186188 18.369878 14.490300 11.495007 9.277471 7.702417 6.628553 5.925336 5.482764 5.214898 5.058878 4.971365 4.924061 4.899403 4.886999 4.880973 4.878144 4.876859 4.876295 4.876054 4.875955 4.875915 4.875898 4.875888 4.875875 4.875849 4.875788 4.875647 4.875334 4.874656 4.873233 4.870343 4.864661 4.853856 4.833997 4.798746 4.738372 4.638735 4.480541 4.239427 3.887654 3.398282 2.752374 1.948639 1.012645 0.000000 
50.000000 42.967424 36.234710 30.063402 24.646567 20.092502 16.424131 13.591871 11.495007 10.005643 8.990184 8.325202 7.906685 7.653373 7.505827 7.423065 7.378328 7.355008 7.343276 7.337576 7.334900 7.333685 7.333151 7.332924 7.332830 7.332792 7.332776 7.332765 7.332750 7.332717 7.332639 7.332462 7.332064 7.331198 7.329375 7.325651 7.318286 7.304181 7.278042 7.231198 7.150077 7.014466 6.795936 6.457160 5.953388 5.237778 4.272393 3.045355 1.590683 0.000000 
50.000000 43.514582 37.305681 31.614486 26.619036 22.419207 19.036143 16.424131 14.490300 13.116714 12.180177 11.566866 11.180861 10.947223 10.811132 10.734794 10.693529 10.672017 10.661195 10.655937 10.653469 10.652348 10.651855 10.651646 10.651559 10.651523 10.651508 10.651496 10.651479 10.651440 10.651349 10.651139 10.650665 10.649632 10.647446 10.642958 10.634025 10.616794 10.584589 10.526290 10.424117 10.250873 9.966971 9.518071 8.835040 7.839142 6.456742 4.647734 2.446773 0.000000 
50.000000 44.223225 38.692741 33.623375 29.173709 25.432705 22.419207 20.092502 18.369878 17.146291 16.312012 15.765656 15.421784 15.213643 15.092402 15.024392 14.987627 14.968461 14.958818 14.954134 14.951934 14.950935 14.950496 14.950309 14.950232 14.950200 14.950186 14.950175 14.950156 14.950114 14.950014 14.949783 14.949261 14.948117 14.945687 14.940673 14.930633 14.911127 14.874357 14.807099 14.687734 14.482224 14.139114 13.584167 12.716353 11.409210 9.525507 6.958155 3.710161 0.000000 
50.000000 45.102920 40.414618 36.117196 32.345088 29.173709 26.619036 24.646567 23.186188 22.148861 21.441567 20.978364 20.686822 20.510352 20.407557 20.349892 20.318719 20.302468 20.294292 20.290319 20.288454 20.287607 20.287235 20.287076 20.287011 20.286984 20.286971 20.286960 20.286942 20.286900 20.286800 20.286567 20.286041 20.284884 20.282416 20.277299 20.266995 20.246840 20.208529 20.137734 20.010489 19.787907 19.408788 18.779894 17.764499 16.172544 13.762852 10.284032 5.606770 0.000000 
50.000000 46.149234 42.462631 39.083383 36.117196 33.623375 31.614486 30.063402 28.914997 28.099257 27.543044 27.178777 26.949502 26.810720 26.729876 26.684525 26.660008 26.647227 26.640796 26.637671 26.636204 26.635538 26.635245 26.635121 26.635069 26.635048 26.635037 26.635028 26.635012 26.634974 26.634885 26.634676 26.634203 26.633160 26.630926 26.626276 26.616867 26.598352 26.562891 26.496742 26.376409 26.162623 25.791009 25.157743 24.097868 22.354344 19.541692 15.134489 8.599506 0.000000 
50.000000 47.341246 44.795835 42.462631 40.414618 38.692741 37.305681 36.234710 35.441768 34.878516 34.494459 34.242934 34.084619 33.988788 33.932964 33.901647 33.884717 33.875891 33.871450 33.869292 33.868279 33.867819 33.867617 33.867530 33.867495 33.867480 33.867473 33.867466 33.867454 33.867426 33.867358 33.867199 33.866840 33.866046 33.864340 33.860780 33.853547 33.839244 33.811685 33.759871 33.664644 33.493129 33.189355 32.657947 31.734587 30.130585 27.328142 22.397918 13.802462 0.000000 
50.000000 48.641671 47.341246 46.149234 45.102920 44.223225 43.514582 42.967424 42.562310 42.274542 42.078324 41.949818 41.868932 41.819970 41.791448 41.775447 41.766797 41.762287 41.760018 41.758916 41.758398 41.758163 41.758060 41.758016 41.757998 41.757990 41.757986 41.757983 41.757976 41.757961 41.757924 41.757839 41.757644 41.757214 41.756289 41.754353 41.750410 41.742590 41.727460 41.698864 41.645935 41.549664 41.376742 41.067809 40.513063 39.496150 37.549728 33.538785 24.320835 0.000000 
50.000000 50.000000 50.000000 50.000000 50.000000 50.000000 50.000000 50.000000 50.000000 50.000000 50.000000 50.000000 50.000000 50.000000 50.000000 50.000000 50.000000 50.000000 50.000000 50.000000 50.000000 50.000000 50.000000 50.000000 50.000000 50.000000 50.000000 50.000000 50.000000 50.000000 50.000000 50.000000 50.000000 50.000000 50.000000 50.000000 50.000000 50.000000 50.000000 50.000000 50.000000 50.000000 50.000000 50.000000 50.000000 50.000000 50.000000 50.000000 50.000000 50.000000 
