50.000000 50.000000 50.000000 50.000000 50.000000 50.000000 50.000000 50.000000 50.000000 50.000000 50.000000 50.000000 50.000000 50.000000 50.000000 50.000000 50.000000 50.000000 50.000000 50.000000 50.000000 50.000000 50.000000 50.000000 50.000000 50.000000 50.000000 50.000000 50.000000 50.000000 50.000000 50.000000 50.000000 50.000000 50.000000 50.000000 50.000000 50.000000 50.000000 50.000000 50.000000 50.000000 50.000000 50.000000 50.000000 50.000000 50.000000 50.000000 50.000000 50.000000 
50.000000 47.057835 44.386874 42.183557 40.529041 39.395268 38.684153 38.274563 38.057159 37.950444 37.901832 37.881213 37.873043 37.870009 37.868951 37.868603 37.868495 37.868463 37.868454 37.868452 37.868451 37.868451 37.868451 37.868451 37.868451 37.868451 37.868451 37.868451 37.868451 37.868451 37.868451 37.868451 37.868450 37.868448 37.868442 37.868418 37.868337 37.868074 37.867259 37.864857 37.858115 37.840092 37.794087 37.681466 37.415074 36.798671 35.376156 32.008305 23.528918 0.000000 
50.000000 44.386874 39.291199 35.087773 31.931414 29.768558 28.412045 27.630752 27.216074 27.012537 26.919826 26.880503 26.864924 26.859139 26.857121 26.856458 26.856252 26.856191 26.856174 26.856170 26.856168 26.856168 26.856168 26.856168 26.856168 26.856168 26.856168 26.856168 26.856168 26.856168 26.856168 26.856168 26.856167 26.856164 26.856153 26.856113 26.855978 26.855539 26.854184 26.850214 26.839160 26.809923 26.736416 26.560441 26.158180 25.276783 23.418306 19.645599 12.378568 0.000000 
50.000000 42.183557 35.087773 29.234604 24.839615 21.828149 19.939510 18.851808 18.274545 17.991228 17.862189 17.807464 17.785784 17.777735 17.774927 17.774004 17.773718 17.773634 17.773610 17.773604 17.773602 17.773602 17.773602 17.773602 17.773602 17.773602 17.773602 17.773602 17.773602 17.773602 17.773602 17.773601 17.773601 17.773597 17.773585 17.773540 17.773388 17.772898 17.771395 17.767026 17.754986 17.723580 17.646082 17.465276 17.066724 16.237806 14.617302 11.669466 6.807401 0.000000 
50.000000 40.529041 31.931414 24.839615 19.514803 15.866424 13.578500 12.260946 11.561757 11.218632 11.062369 10.996105 10.969856 10.960113 10.956714 10.955597 10.955250 10.955148 10.955120 10.955112 10.955111 10.955110 10.955110 10.955110 10.955110 10.955110 10.955110 10.955110 10.955110 10.955110 10.955110 10.955110 10.955109 10.955106 10.955095 10.955054 10.954918 10.954481 10.953152 10.949323 10.938889 10.912070 10.847135 10.699382 10.384316 9.757402 8.601809 6.654630 3.730371 0.000000 
50.000000 39.395268 29.768558 21.828149 15.866424 11.781882 9.220609 7.745754 6.963158 6.579137 6.404267 6.330122 6.300754 6.289854 6.286053 6.284803 6.284415 6.284301 6.284270 6.284261 6.284259 6.284258 6.284258 6.284258 6.284258 6.284258 6.284258 6.284258 6.284258 6.284258 6.284258 6.284258 6.284257 6.284255 6.284246 6.284216 6.284112 6.283783 6.282787 6.279943 6.272282 6.252864 6.206679 6.103919 5.890941 5.482108 4.761426 3.610378 1.980194 0.000000 
50.000000 38.684153 28.412045 19.939510 13.578500 9.220609 6.488089 4.914731 4.079929 3.670325 3.483822 3.404751 3.373435 3.361814 3.357761 3.356430 3.356016 3.355895 3.355861 3.355852 3.355849 3.355849 3.355849 3.355849 3.355849 3.355849 3.355849 3.355849 3.355849 3.355849 3.355849 3.355849 3.355848 3.355847 3.355841 3.355820 3.355752 3.355534 3.354882 3.353035 3.348113 3.335798 3.306964 3.244044 3.116690 2.879118 2.474234 1.851604 1.002687 0.000000 
50.000000 38.274563 27.630752 18.851808 12.260946 7.745754 4.914731 3.284741 2.419942 1.995646 1.802467 1.720571 1.688139 1.676105 1.671908 1.670529 1.670101 1.669976 1.669940 1.669931 1.669929 1.669928 1.669928 1.669928 1.669928 1.669928 1.669928 1.669928 1.669928 1.669928 1.669928 1.669928 1.669928 1.669927 1.669923 1.669911 1.669871 1.669743 1.669362 1.668293 1.665471 1.658491 1.642370 1.607766 1.539075 1.413810 1.205727 0.894335 0.480476 0.000000 
50.000000 38.057159 27.216074 18.274545 11.561757 6.963158 4.079929 2.419942 1.539263 1.107196 0.910487 0.827099 0.794078 0.781826 0.777553 0.776150 0.775714 0.775586 0.775550 0.775541 0.775538 0.775538 0.775538 0.775538 0.775538 0.775538 0.775538 0.775538 0.775538 0.775538 0.775538 0.775538 0.775537 0.775537 0.775535 0.775529 0.775507 0.775439 0.775239 0.774680 0.773216 0.769632 0.761451 0.744131 0.710293 0.649687 0.550965 0.406151 0.217067 0.000000 
50.000000 37.950444 27.012537 17.991228 11.218632 6.579137 3.670325 1.995646 1.107196 0.671327 0.472893 0.388777 0.355469 0.343110 0.338801 0.337385 0.336946 0.336816 0.336780 0.336771 0.336768 0.336768 0.336768 0.336768 0.336768 0.336768 0.336768 0.336768 0.336768 0.336768 0.336768 0.336768 0.336768 0.336767 0.336766 0.336763 0.336753 0.336720 0.336624 0.336357 0.335663 0.333980 0.330175 0.322212 0.306855 0.279742 0.236243 0.173377 0.092329 0.000000 
50.000000 37.901832 26.919826 17.862189 11.062369 6.404267 3.483822 1.802467 0.910487 0.472893 0.273678 0.189232 0.155794 0.143387 0.139061 0.137640 0.137199 0.137069 0.137033 0.137023 0.137021 0.137020 0.137020 0.137020 0.137020 0.137020 0.137020 0.137020 0.137020 0.137020 0.137020 0.137020 0.137020 0.137020 0.137019 0.137018 0.137013 0.136999 0.136956 0.136839 0.136537 0.135807 0.134174 0.130787 0.124325 0.113046 0.095164 0.069612 0.036975 0.000000 
50.000000 37.881213 26.880503 17.807464 10.996105 6.330122 3.404751 1.720571 0.827099 0.388777 0.189232 0.104647 0.071154 0.058727 0.054394 0.052970 0.052528 0.052399 0.052362 0.052353 0.052350 0.052350 0.052350 0.052350 0.052350 0.052350 0.052350 0.052350 0.052350 0.052350 0.052350 0.052350 0.052350 0.052350 0.052349 0.052349 0.052347 0.052341 0.052324 0.052276 0.052154 0.051861 0.051209 0.049869 0.047335 0.042953 0.036069 0.026319 0.013954 0.000000 
50.000000 37.873043 26.864924 17.785784 10.969856 6.300754 3.373435 1.688139 0.794078 0.355469 0.155794 0.071154 0.037639 0.025204 0.020868 0.019444 0.019002 0.018872 0.018836 0.018826 0.018824 0.018823 0.018823 0.018823 0.018823 0.018823 0.018823 0.018823 0.018823 0.018823 0.018823 0.018823 0.018823 0.018823 0.018823 0.018822 0.018822 0.018819 0.018813 0.018795 0.018749 0.018639 0.018397 0.017901 0.016971 0.015375 0.012886 0.009385 0.004968 0.000000 
50.000000 37.870009 26.859139 17.777735 10.960113 6.289854 3.361814 1.676105 0.781826 0.343110 0.143387 0.058727 0.025204 0.012766 0.008429 0.007005 0.006562 0.006432 0.006396 0.006387 0.006384 0.006384 0.006383 0.006383 0.006383 0.006383 0.006383 0.006383 0.006383 0.006383 0.006383 0.006383 0.006383 0.006383 0.006383 0.006383 0.006383 0.006382 0.006380 0.006373 0.006357 0.006319 0.006234 0.006062 0.005742 0.005195 0.004347 0.003161 0.001672 0.000000 
50.000000 37.868951 26.857121 17.774927 10.956714 6.286053 3.357761 1.671908 0.777553 0.338801 0.139061 0.054394 0.020868 0.008429 0.004092 0.002667 0.002225 0.002095 0.002059 0.002049 0.002047 0.002046 0.002046 0.002046 0.002046 0.002046 0.002046 0.002046 0.002046 0.002046 0.002046 0.002046 0.002046 0.002046 0.002046 0.002046 0.002046 0.002046 0.002045 0.002043 0.002038 0.002025 0.001997 0.001941 0.001837 0.001660 0.001388 0.001008 0.000533 0.000000 
50.000000 37.868603 26.856458 17.774004 10.955597 6.284803 3.356430 1.670529 0.776150 0.337385 0.137640 0.052970 0.019444 0.007005 0.002667 0.001243 0.000800 0.000670 0.000634 0.000624 0.000622 0.000621 0.000621 0.000621 0.000621 0.000621 0.000621 0.000621 0.000621 0.000621 0.000621 0.000621 0.000621 0.000621 0.000621 0.000621 0.000621 0.000621 0.000621 0.000620 0.000619 0.000615 0.000606 0.000589 0.000557 0.000503 0.000420 0.000305 0.000161 0.000000 
50.000000 37.868495 26.856252 17.773718 10.955250 6.284415 3.356016 1.670101 0.775714 0.336946 0.137199 0.052528 0.019002 0.006562 0.002225 0.000800 0.000358 0.000228 0.000192 0.000182 0.000180 0.000179 0.000179 0.000179 0.000179 0.000179 0.000179 0.000179 0.000179 0.000179 0.000179 0.000179 0.000179 0.000179 0.000179 0.000179 0.000179 0.000179 0.000179 0.000179 0.000178 0.000177 0.000175 0.000170 0.000160 0.000145 0.000121 0.000087 0.000046 0.000000 
50.000000 37.868463 26.856191 17.773634 10.955148 6.284301 3.355895 1.669976 0.775586 0.336816 0.137069 0.052399 0.018872 0.006432 0.002095 0.000670 0.000228 0.000098 0.000062 0.000052 0.000050 0.000049 0.000049 0.000049 0.000049 0.000049 0.000049 0.000049 0.000049 0.000049 0.000049 0.000049 0.000049 0.000049 0.000049 0.000049 0.000049 0.000049 0.000049 0.000049 0.000049 0.000049 0.000048 0.000046 0.000044 0.000040 0.000033 0.000024 0.000013 0.000000 
50.000000 37.868454 26.856174 17.773610 10.955120 6.284270 3.355861 1.669940 0.775550 0.336780 0.137033 0.052362 0.018836 0.006396 0.002059 0.000634 0.000192 0.000062 0.000026 0.000016 0.000014 0.000013 0.000013 0.000013 0.000013 0.000013 0.000013 0.000013 0.000013 0.000013 0.000013 0.000013 0.000013 0.000013 0.000013 0.000013 0.000013 0.000013 0.000013 0.000013 0.000013 0.000013 0.000012 0.000012 0.000011 0.000010 0.000009 0.000006 0.000003 0.000000 
50.000000 37.868452 26.856170 17.773604 10.955112 6.284261 3.355852 1.669931 0.775541 0.336771 0.137023 0.052353 0.018826 0.006387 0.002049 0.000624 0.000182 0.000052 0.000016 0.000006 0.000004 0.000003 0.000003 0.000003 0.000003 0.000003 0.000003 0.000003 0.000003 0.000003 0.000003 0.000003 0.000003 0.000003 0.000003 0.000003 0.000003 0.000003 0.000003 0.000003 0.000003 0.000003 0.000003 0.000003 0.000003 0.000003 0.000002 0.000002 0.000001 0.000000 
50.000000 37.868451 26.856168 17.773602 10.955111 6.284259 3.355849 1.669929 0.775538 0.336768 0.137021 0.052350 0.018824 0.006384 0.002047 0.000622 0.000180 0.000050 0.000014 0.000004 0.000002 0.000001 0.000001 0.000001 0.000001 0.000001 0.000001 0.000001 0.000001 0.000001 0.000001 0.000001 0.000001 0.000001 0.000001 0.000001 0.000001 0.000001 0.000001 0.000001 0.000001 0.000001 0.000001 0.000001 0.000001 0.000001 0.000001 0.000000 0.000000 0.000000 
50.000000 37.868451 26.856168 17.773602 10.955110 6.284258 3.355849 1.669928 0.775538 0.336768 0.137020 0.052350 0.018823 0.006384 0.002046 0.000621 0.000179 0.000049 0.000013 0.000003 0.000001 0.000000 0.000000 0.000000 0.000000 0.000000 0.000000 0.000000 0.000000 0.000000 0.000000 0.000000 0.000000 0.000000 0.000000 0.000000 0.000000 0.000000 0.000000 0.000000 0.000000 0.000000 0.000000 0.000000 0.000000 0.000000 0.000000 0.000000 0.000000 0.000000 
50.000000 37.868451 26.856168 17.773602 10.955110 6.284258 3.355849 1.669928 0.775538 0.336768 0.137020 0.052350 0.018823 0.006383 0.002046 0.000621 0.000179 0.000049 0.000013 0.000003 0.000001 0.000000 0.000000 0.000000 0.000000 0.000000 0.000000 0.000000 0.000000 0.000000 0.000000 0.000000 0.000000 0.000000 0.000000 0.000000 0.000000 0.000000 0.000000 0.000000 0.000000 0.000000 0.000000 0.000000 0.000000 0.000000 0.000000 0.000000 0.000000 0.000000 
50.000000 37.868451 26.856168 17.773602 10.955110 6.284258 3.355849 1.669928 0.775538 0.336768 0.137020 0.052350 0.018823 0.006383 0.002046 0.000621 0.000179 0.000049 0.000013 0.000003 0.000001 0.000000 0.000000 0.000000 0.000000 0.000000 0.000000 0.000000 0.000000 0.000000 0.000000 0.000000 0.000000 0.000000 0.000000 0.000000 0.000000 0.000000 0.000000 0.000000 0.000000 0.000000 0.000000 0.000000 0.000000 0.000000 0.000000 0.000000 0.000000 0.000000 
50.000000 37.868451 26.856168 17.773602 10.955110 6.284258 3.355849 1.669928 0.775538 0.336768 0.137020 0.052350 0.018823 0.006383 0.002046 0.000621 0.000179 0.000049 0.000013 0.000003 0.000001 0.000000 0.000000 0.000000 0.000000 0.000000 0.000000 0.000000 0.000000 0.000000 0.000000 0.000000 0.000000 0.000000 0.000000 0.000000 0.000000 0.000000 0.000000 0.000000 0.000000 0.000000 0.000000 0.000000 0.000000 0.000000 0.000000 0.000000 0.000000 0.000000 
50.000000 37.868451 26.856168 17.773602 10.955110 6.284258 3.355849 1.669928 0.775538 0.336768 0.137020 0.052350 0.018823 0.006383 0.002046 0.000621 0.000179 0.000049 0.000013 0.000003 0.000001 0.000000 0.000000 0.000000 0.000000 0.000000 0.000000 0.000000 0.000000 0.000000 0.000000 0.000000 0.000000 0.000000 0.000000 0.000000 0.000000 0.000000 0.000000 0.000000 0.000000 0.000000 0.000000 0.000000 0.000000 0.000000 0.000000 0.000000 0.000000 0.000000 
50.000000 37.868451 26.856168 17.773602 10.955110 6.284258 3.355849 1.669928 0.775538 0.336768 0.137020 0.052350 0.018823 0.006383 0.002046 0.000621 0.000179 0.000049 0.000013 0.000003 0.000001 0.000000 0.000000 0.000000 0.000000 0.000000 0.000000 0.000000 0.000000 0.000000 0.000000 0.000000 0.000000 0.000000 0.000000 0.000000 0.000000 0.000000 0.000000 0.000000 0.000000 0.000000 0.000000 0.000000 0.000000 0.000000 0.000000 0.000000 0.000000 0.000000 
50.000000 37.868451 26.856168 17.773602 10.955110 6.284258 3.355849 1.669928 0.775538 0.336768 0.137020 0.052350 0.018823 0.006383 0.002046 0.000621 0.000179 0.000049 0.000013 0.000003 0.000001 0.000000 0.000000 0.000000 0.000000 0.000000 0.000000 0.000000 0.000000 0.000000 0.000000 0.000000 0.000000 0.000000 0.000000 0.000000 0.000000 0.000000 0.000000 0.000000 0.000000 0.000000 0.000000 0.000000 0.000000 0.000000 0.000000 0.000000 0.000000 0.000000 
50.000000 37.868451 26.856168 17.773602 10.955110 6.284258 3.355849 1.669928 0.775538 0.336768 0.137020 0.052350 0.018823 0.006384 0.002046 0.000621 0.000179 0.000049 0.000013 0.000003 0.000001 0.000000 0.000000 0.000000 0.000000 0.000000 0.000000 0.000000 0.000000 0.000000 0.000000 0.000000 0.000000 0.000000 0.000000 0.000000 0.000000 0.000000 0.000000 0.000000 0.000000 0.000000 0.000000 0.000000 0.000000 0.000000 0.000000 0.000000 0.000000 0.000000 
50.000000 37.868451 26.856168 17.773602 10.955111 6.284259 3.355849 1.669929 0.775538 0.336768 0.137021 0.052350 0.018824 0.006384 0.002047 0.000622 0.000180 0.000050 0.000014 0.000004 0.000002 0.000001 0.000001 0.000001 0.000001 0.000001 0.000001 0.000001 0.000001 0.000001 0.000001 0.000001 0.000001 0.000001 0.000001 0.000001 0.000001 0.000001 0.000001 0.000001 0.000001 0.000001 0.000001 0.000001 0.000001 0.000001 0.000001 0.000000 0.000000 0.000000 
50.000000 37.868452 26.856170 17.773604 10.955112 6.284261 3.355852 1.669931 0.775541 0.336771 0.137023 0.052353 0.018826 0.006387 0.002049 0.000624 0.000182 0.000052 0.000016 0.000006 0.000004 0.000003 0.000003 0.000003 0.000003 0.000003 0.000003 0.000003 0.000003 0.000003 0.000003 0.000003 0.000003 0.000003 0.000003 0.000003 0.000003 0.000003 0.000003 0.000003 0.000003 0.000003 0.000003 0.000003 0.000003 0.000003 0.000002 0.000002 0.000001 0.000000 
50.000000 37.868454 26.856174 17.773610 10.955120 6.284270 3.355861 1.669940 0.775550 0.336780 0.137033 0.052362 0.018836 0.006396 0.002059 0.000634 0.000192 0.000062 0.000026 0.000016 0.000014 0.000013 0.000013 0.000013 0.000013 0.000013 0.000013 0.000013 0.000013 0.000013 0.000013 0.000013 0.000013 0.000013 0.000013 0.000013 0.000013 0.000013 0.000013 0.000013 0.000013 0.000013 0.000012 0.000012 0.000011 0.000010 0.000009 0.000006 0.000003 0.000000 
50.000000 37.868463 26.856191 17.773634 10.955148 6.284301 3.355895 1.669976 0.775586 0.336816 0.137069 0.052399 0.018872 0.006432 0.002095 0.000670 0.000228 0.000098 0.000062 0.000052 0.000050 0.000049 0.000049 0.000049 0.000049 0.000049 0.000049 0.000049 0.000049 0.000049 0.000049 0.000049 0.000049 0.000049 0.000049 0.000049 0.000049 0.000049 0.000049 0.000049 0.000049 0.000049 0.000048 0.000046 0.000044 0.000040 0.000033 0.000024 0.000013 0.000000 
50.000000 37.868495 26.856252 17.773718 10.955250 6.284415 3.356016 1.670101 0.775714 0.336946 0.137199 0.052528 0.019002 0.006562 0.002225 0.000800 0.000358 0.000228 0.000192 0.000182 0.000180 0.000179 0.000179 0.000179 0.000179 0.000179 0.000179 0.000179 0.000179 0.000179 0.000179 0.000179 0.000179 0.000179 0.000179 0.000179 0.000179 0.000179 0.000179 0.000179 0.000178 0.000177 0.000175 0.000170 0.000160 0.000145 0.000121 0.000087 0.000046 0.000000 
50.000000 37.868603 26.856458 17.774004 10.955597 6.284803 3.356430 1.670529 0.776150 0.337385 0.137640 0.052970 0.019444 0.007005 0.002667 0.001243 0.000800 0.000670 0.000634 0.000624 0.000622 0.000621 0.000621 0.000621 0.000621 0.000621 0.000621 0.000621 0.000621 0.000621 0.000621 0.000621 0.000621 0.000621 0.000621 0.000621 0.000621 0.000621 0.000621 0.000620 0.000619 0.000615 0.000606 0.000589 0.000557 0.000503 0.000420 0.000305 0.000161 0.000000 
50.000000 37.868951 26.857121 17.774927 10.956714 6.286053 3.357761 1.671908 0.777553 0.338801 0.139061 0.054394 0.020868 0.008429 0.004092 0.002667 0.002225 0.002095 0.002059 0.002049 0.002047 0.002046 0.002046 0.002046 0.002046 0.002046 0.002046 0.002046 0.002046 0.002046 0.002046 0.002046 0.002046 0.002046 0.002046 0.002046 0.002046 0.002046 0.002045 0.002043 0.002038 0.002025 0.001997 0.001941 0.001837 0.001660 0.001388 0.001008 0.000533 0.000000 
50.000000 37.870009 26.859139 17.777735 10.960113 6.289854 3.361814 1.676105 0.781826 0.343110 0.143387 0.058727 0.025204 0.012766 0.008429 0.007005 0.006562 0.006432 0.006396 0.006387 0.006384 0.006384 0.006383 0.006383 0.006383 0.006383 0.006383 0.006383 0.006383 0.006383 0.006383 0.006383 0.006383 0.006383 0.006383 0.006383 0.006383 0.006382 0.006380 0.006373 0.006357 0.006319 0.006234 0.006062 0.005742 0.005195 0.004347 0.003161 0.001672 0.000000 
50.000000 37.873043 26.864924 17.785784 10.969856 6.300754 3.373435 1.688139 0.794078 0.355469 0.155794 0.071154 0.037639 0.025204 0.020868 0.019444 0.019002 0.018872 0.018836 0.018826 0.018824 0.018823 0.018823 0.018823 0.018823 0.018823 0.018823 0.018823 0.018823 0.018823 0.018823 0.018823 0.018823 0.018823 0.018823 0.018822 0.018822 0.018819 0.018813 0.018795 0.018749 0.018639 0.018397 0.017901 0.016971 0.015375 0.012886 0.009385 0.004968 0.000000 
50.000000 37.881213 26.880503 17.807464 10.996105 6.330122 3.404751 1.720571 0.827099 0.388777 0.189232 0.104647 0.071154 0.058727 0.054394 0.052970 0.052528 0.052399 0.052362 0.052353 0.052350 0.052350 0.052350 0.052350 0.052350 0.052350 0.052350 0.052350 0.052350 0.052350 0.052350 0.052350 0.052350 0.052350 0.052349 0.052349 0.052347 0.052341 0.052324 0.052276 0.052154 0.051861 0.051209 0.049869 0.047335 0.042953 0.036069 0.026319 0.013954 0.000000 
50.000000 37.901832 26.919826 17.862189 11.062369 6.404267 3.483822 1.802467 0.910487 0.472893 0.273678 0.189232 0.155794 0.143387 0.139061 0.137640 0.137199 0.137069 0.137033 0.137023 0.137021 0.137020 0.137020 0.137020 0.137020 0.137020 0.137020 0.137020 0.137020 0.137020 0.137020 0.137020 0.137020 0.137020 0.137019 0.137018 0.137013 0.136999 0.136956 0.136839 0.136537 0.135807 0.134174 0.130787 0.124325 0.113046 0.095164 0.069612 0.036975 0.000000 
50.000000 37.950444 27.012537 17.991228 11.218632 6.579137 3.670325 1.995646 1.107196 0.671327 0.472893 0.388777 0.355469 0.343110 0.338801 0.337385 0.336946 0.336816 0.336780 0.336771 0.336768 0.336768 0.336768 0.336768 0.336768 0.336768 0.336768 0.336768 0.336768 0.336768 0.336768 0.336768 0.336768 0.336767 0.336766 0.336763 0.336753 0.336720 0.336624 0.336357 0.335663 0.333980 0.330175 0.322212 0.306855 0.279742 0.236243 0.173377 0.092329 0.000000 
50.000000 38.057159 27.216074 18.274545 11.561757 6.963158 4.079929 2.419942 1.539263 1.107196 0.910487 0.827099 0.794078 0.781826 0.777553 0.776150 0.775714 0.775586 0.775550 0.775541 0.775538 0.775538 0.775538 0.775538 0.775538 0.775538 0.775538 0.775538 0.775538 0.775538 0.775538 0.775538 0.775537 0.775537 0.775535 0.775529 0.775507 0.775439 0.775239 0.774680 0.773216 0.769632 0.761451 0.744131 0.710293 0.649687 0.550965 0.406151 0.217067 0.000000 
50.000000 38.274563 27.630752 18.851808 12.260946 7.745754 4.914731 3.284741 2.419942 1.995646 1.802467 1.720571 1.688139 1.676105 1.671908 1.670529 1.670101 1.669976 1.669940 1.669931 1.669929 1.669928 1.669928 1.669928 1.669928 1.669928 1.669928 1.669928 1.669928 1.669928 1.669928 1.669928 1.669928 1.669927 1.669923 1.669911 1.669871 1.669743 1.669362 1.668293 1.665471 1.658491 1.642370 1.607766 1.539075 1.413810 1.205727 0.894335 0.480476 0.000000 
50.000000 38.684153 28.412045 19.939510 13.578500 9.220609 6.488089 4.914731 4.079929 3.670325 3.483822 3.404751 3.373435 3.361814 3.357761 3.356430 3.356016 3.355895 3.355861 3.355852 3.355849 3.355849 3.355849 3.355849 3.355849 3.355849 3.355849 3.355849 3.355849 3.355849 3.355849 3.355849 3.355848 3.355847 3.355841 3.355820 3.355752 3.355534 3.354882 3.353035 3.348113 3.335798 3.306964 3.244044 3.116690 2.879118 2.474234 1.851604 1.002687 0.000000 
50.000000 39.395268 29.768558 21.828149 15.866424 11.781882 9.220609 7.745754 6.963158 6.579137 6.404267 6.330122 6.300754 6.289854 6.286053 6.284803 6.284415 6.284301 6.284270 6.284261 6.284259 6.284258 6.284258 6.284258 6.284258 6.284258 6.284258 6.284258 6.284258 6.284258 6.284258 6.284258 6.284257 6.284255 6.284246 6.284216 6.284112 6.283783 6.282787 6.279943 6.272282 6.252864 6.206679 6.103919 5.890941 5.482108 4.761426 3.610378 1.980194 0.000000 
50.000000 40.529041 31.931414 24.839615 19.514803 15.866424 13.578500 12.260946 11.561757 11.218632 11.062369 10.996105 10.969856 10.960113 10.956714 10.955597 10.955250 10.955148 10.955120 10.955112 10.955111 10.955110 10.955110 10.955110 10.955110 10.955110 10.955110 10.955110 10.955110 10.955110 10.955110 10.955110 10.955109 10.955106 10.955095 10.955054 10.954918 10.954481 10.953152 10.949323 10.938889 10.912070 10.847135 10.699382 10.384316 9.757402 8.601809 6.654630 3.730371 0.000000 
50.000000 42.183557 35.087773 29.234604 24.839615 21.828149 19.939510 18.851808 18.274545 17.991228 17.862189 17.807464 17.785784 17.777735 17.774927 17.774004 17.773718 17.773634 17.773610 17.773604 17.773602 17.773602 17.773602 17.773602 17.773602 17.773602 17.773602 17.773602 17.773602 17.773602 17.773602 17.773601 17.773601 17.773597 17.773585 17.773540 17.773388 17.772898 17.771395 17.767026 17.754986 17.723580 17.646082 17.465276 17.066724 16.237806 14.617302 11.669466 6.807401 0.000000 
50.000000 44.386874 39.291199 35.087773 31.931414 29.768558 28.412045 27.630752 27.216074 27.012537 26.919826 26.880503 26.864924 26.859139 26.857121 26.856458 26.856252 26.856191 26.856174 26.856170 26.856168 26.856168 26.856168 26.856168 26.856168 26.856168 26.856168 26.856168 26.856168 26.856168 26.856168 26.856168 26.856167 26.856164 26.856153 26.856113 26.855978 26.855539 26.854184 26.850214 26.839160 26.809923 26.736416 26.560441 26.158180 25.276783 23.418306 19.645599 12.378568 0.000000 
50.000000 47.057835 44.386874 42.183557 40.529041 39.395268 38.684153 38.274563 38.057159 37.950444 37.901832 37.881213 37.873043 37.870009 37.868951 37.868603 37.868495 37.868463 37.868454 37.868452 37.868451 37.868451 37.868451 37.868451 37.868451 37.868451 37.868451 37.868451 37.868451 37.868451 37.868451 37.868451 37.868450 37.868448 37.868442 37.868418 37.868337 37.868074 37.867259 37.864857 37.858115 37.840092 37.794087 37.681466 37.415074 36.798671 35.376156 32.008305 23.528918 0.000000 
50.000000 50.000000 50.000000 50.000000 50.000000 50.000000 50.000000 50.000000 50.000000 50.000000 50.000000 50.000000 50.000000 50.000000 50.000000 50.000000 50.000000 50.000000 50.000000 50.000000 50.000000 50.000000 50.000000 50.000000 50.000000 50.000000 50.000000 50.000000 50.000000 50.000000 50.000000 50.000000 50.000000 50.000000 50.000000 50.000000 50.000000 50.000000 50.000000 50.000000 50.000000 50.000000 50.000000 50.000000 50.000000 50.000000 50.000000 50.000000 50.000000 50.000000 
