50.000000 50.000000 50.000000 50.000000 50.000000 50.000000 50.000000 50.000000 50.000000 50.000000 50.000000 50.000000 50.000000 50.000000 50.000000 50.000000 50.000000 50.000000 50.000000 50.000000 50.000000 50.000000 50.000000 50.000000 50.000000 50.000000 50.000000 50.000000 50.000000 50.000000 50.000000 50.000000 50.000000 50.000000 50.000000 50.000000 50.000000 50.000000 50.000000 50.000000 50.000000 50.000000 50.000000 50.000000 50.000000 50.000000 50.000000 50.000000 50.000000 50.000000 
50.000000 47.377545 44.970640 42.941827 41.369293 40.246504 39.506428 39.054984 38.799461 38.664892 38.598770 38.568372 38.555264 38.549947 38.547914 38.547179 38.546927 38.546846 38.546821 38.546813 38.546811 38.546810 38.546810 38.546810 38.546810 38.546810 38.546810 38.546810 38.546810 38.546810 38.546810 38.546810 38.546808 38.546804 38.546787 38.546733 38.546566 38.546066 38.544646 38.540783 38.530747 38.505779 38.446143 38.308695 38.000467 37.319053 35.803650 32.314089 23.688772 0.000000 
50.000000 44.970640 40.354693 36.463894 33.448188 31.295026 29.875828 29.010150 28.520184 28.262158 28.135378 28.077099 28.051967 28.041775 28.037877 28.036469 28.035987 28.035830 28.035782 28.035768 28.035764 28.035763 28.035762 28.035762 28.035762 28.035762 28.035762 28.035762 28.035762 28.035762 28.035762 28.035762 28.035759 28.035751 28.035723 28.035630 28.035344 28.034494 28.032087 28.025579 28.008798 27.967487 27.870282 27.651140 27.176136 26.181698 24.161699 20.177347 12.656551 0.000000 
50.000000 42.941827 36.463894 31.003720 26.771725 23.750261 21.758828 20.544161 19.856708 19.494703 19.316846 19.235092 19.199840 19.185544 19.180079 19.178104 19.177428 19.177208 19.177140 19.177120 19.177115 19.177113 19.177113 19.177113 19.177113 19.177113 19.177113 19.177113 19.177113 19.177113 19.177113 19.177112 19.177109 19.177099 19.177066 19.176959 19.176628 19.175650 19.172895 19.165508 19.146657 19.100890 18.995203 18.763046 18.277954 17.314544 15.501860 12.302195 7.138177 0.000000 
50.000000 41.369293 33.448188 26.771725 21.597193 17.902950 15.468215 13.983244 13.142865 12.700364 12.482974 12.383057 12.339978 12.322509 12.315830 12.313418 12.312592 12.312324 12.312241 12.312217 12.312210 12.312208 12.312207 12.312207 12.312207 12.312207 12.312207 12.312207 12.312207 12.312207 12.312207 12.312206 12.312204 12.312195 12.312163 12.312063 12.311754 12.310846 12.308307 12.301562 12.284546 12.243848 12.151667 11.954274 11.555545 10.798597 9.457181 7.266490 4.050240 0.000000 
50.000000 40.246504 31.295026 23.750261 17.902950 13.728569 10.977536 9.299752 8.350320 7.850434 7.604872 7.492017 7.443363 7.423635 7.416094 7.413370 7.412438 7.412135 7.412042 7.412014 7.412007 7.412005 7.412004 7.412004 7.412004 7.412004 7.412004 7.412004 7.412004 7.412004 7.412004 7.412003 7.412001 7.411993 7.411968 7.411888 7.411641 7.410920 7.408920 7.403655 7.390529 7.359585 7.290769 7.146772 6.864284 6.347405 5.472306 4.118890 2.246038 0.000000 
50.000000 39.506428 29.875828 21.758828 15.468215 10.977536 8.018194 6.213466 5.192261 4.654622 4.390534 4.269173 4.216857 4.195647 4.187540 4.184611 4.183609 4.183284 4.183183 4.183154 4.183145 4.183143 4.183143 4.183143 4.183143 4.183143 4.183143 4.183142 4.183142 4.183142 4.183142 4.183142 4.183140 4.183135 4.183117 4.183060 4.182887 4.182382 4.180995 4.177374 4.168447 4.147682 4.102256 4.009097 3.830764 3.513941 2.995782 2.224688 1.197734 0.000000 
50.000000 39.054984 29.010150 20.544161 13.983244 9.299752 6.213466 4.331405 3.266496 2.705879 2.430520 2.303988 2.249447 2.227335 2.218884 2.215832 2.214788 2.214449 2.214344 2.214313 2.214305 2.214302 2.214302 2.214302 2.214301 2.214301 2.214301 2.214301 2.214301 2.214301 2.214301 2.214301 2.214300 2.214297 2.214285 2.214249 2.214140 2.213824 2.212960 2.210725 2.205270 2.192734 2.165703 2.111209 2.008983 1.831576 1.548957 1.139868 0.608841 0.000000 
50.000000 38.799461 28.520184 19.856708 13.142865 8.350320 5.192261 3.266496 2.176898 1.603307 1.321589 1.192140 1.136344 1.113725 1.105081 1.101959 1.100891 1.100544 1.100437 1.100406 1.100397 1.100394 1.100394 1.100394 1.100394 1.100394 1.100394 1.100394 1.100394 1.100394 1.100394 1.100393 1.100393 1.100391 1.100384 1.100364 1.100301 1.100121 1.099632 1.098379 1.095346 1.088449 1.073762 1.044579 0.990734 0.899017 0.755817 0.552697 0.293682 0.000000 
50.000000 38.664892 28.262158 19.494703 12.700364 7.850434 4.654622 2.705879 1.603307 1.022902 0.737845 0.606867 0.550413 0.527529 0.518783 0.515625 0.514544 0.514193 0.514085 0.514053 0.514044 0.514042 0.514041 0.514041 0.514041 0.514041 0.514041 0.514041 0.514041 0.514041 0.514041 0.514041 0.514041 0.514040 0.514036 0.514025 0.513992 0.513899 0.513645 0.513000 0.511451 0.507962 0.500609 0.486175 0.459905 0.415817 0.348047 0.253361 0.134146 0.000000 
50.000000 38.598770 28.135378 19.316846 12.482974 7.604872 4.390534 2.430520 1.321589 0.737845 0.451154 0.319427 0.262652 0.239638 0.230843 0.227666 0.226580 0.226227 0.226118 0.226086 0.226077 0.226075 0.226074 0.226074 0.226074 0.226074 0.226074 0.226074 0.226074 0.226074 0.226074 0.226074 0.226074 0.226073 0.226071 0.226066 0.226050 0.226005 0.225884 0.225577 0.224845 0.223210 0.219795 0.213160 0.201217 0.181412 0.151338 0.109799 0.057987 0.000000 
50.000000 38.568372 28.077099 19.235092 12.383057 7.492017 4.269173 2.303988 1.192140 0.606867 0.319427 0.187358 0.130436 0.107362 0.098545 0.095360 0.094271 0.093917 0.093808 0.093776 0.093767 0.093764 0.093764 0.093764 0.093764 0.093764 0.093764 0.093764 0.093764 0.093764 0.093764 0.093764 0.093764 0.093763 0.093763 0.093760 0.093753 0.093733 0.093679 0.093543 0.093222 0.092508 0.091029 0.088179 0.083097 0.074750 0.062197 0.045012 0.023727 0.000000 
50.000000 38.555264 28.051967 19.199840 12.339978 7.443363 4.216857 2.249447 1.136344 0.550413 0.262652 0.130436 0.073450 0.050351 0.041524 0.038336 0.037246 0.036892 0.036782 0.036750 0.036741 0.036739 0.036738 0.036738 0.036738 0.036738 0.036738 0.036738 0.036738 0.036738 0.036738 0.036738 0.036738 0.036738 0.036737 0.036736 0.036734 0.036725 0.036703 0.036647 0.036515 0.036223 0.035623 0.034475 0.032443 0.029132 0.024191 0.017473 0.009197 0.000000 
50.000000 38.549947 28.041775 19.185544 12.322509 7.423635 4.195647 2.227335 1.113725 0.527529 0.239638 0.107362 0.050351 0.027242 0.018411 0.015222 0.014131 0.013777 0.013667 0.013635 0.013626 0.013624 0.013623 0.013623 0.013623 0.013623 0.013623 0.013623 0.013623 0.013623 0.013623 0.013623 0.013623 0.013623 0.013623 0.013622 0.013621 0.013618 0.013609 0.013587 0.013537 0.013425 0.013196 0.012760 0.011995 0.010755 0.008916 0.006430 0.003381 0.000000 
50.000000 38.547914 28.037877 19.180079 12.315830 7.416094 4.187540 2.218884 1.105081 0.518783 0.230843 0.098545 0.041524 0.018411 0.009578 0.006388 0.005297 0.004943 0.004834 0.004802 0.004793 0.004790 0.004790 0.004789 0.004789 0.004789 0.004789 0.004789 0.004789 0.004789 0.004789 0.004789 0.004789 0.004789 0.004789 0.004789 0.004789 0.004788 0.004784 0.004776 0.004758 0.004717 0.004635 0.004479 0.004206 0.003767 0.003119 0.002247 0.001180 0.000000 
50.000000 38.547179 28.036469 19.178104 12.313418 7.413370 4.184611 2.215832 1.101959 0.515625 0.227666 0.095360 0.038336 0.015222 0.006388 0.003198 0.002107 0.001753 0.001644 0.001611 0.001602 0.001600 0.001599 0.001599 0.001599 0.001599 0.001599 0.001599 0.001599 0.001599 0.001599 0.001599 0.001599 0.001599 0.001599 0.001599 0.001599 0.001599 0.001597 0.001595 0.001588 0.001575 0.001547 0.001494 0.001402 0.001254 0.001037 0.000746 0.000392 0.000000 
50.000000 38.546927 28.035987 19.177428 12.312592 7.412438 4.183609 2.214788 1.100891 0.514544 0.226580 0.094271 0.037246 0.014131 0.005297 0.002107 0.001016 0.000662 0.000552 0.000520 0.000511 0.000509 0.000508 0.000508 0.000508 0.000508 0.000508 0.000508 0.000508 0.000508 0.000508 0.000508 0.000508 0.000508 0.000508 0.000508 0.000508 0.000508 0.000507 0.000507 0.000505 0.000500 0.000491 0.000474 0.000444 0.000397 0.000328 0.000236 0.000124 0.000000 
50.000000 38.546846 28.035830 19.177208 12.312324 7.412135 4.183284 2.214449 1.100544 0.514193 0.226227 0.093917 0.036892 0.013777 0.004943 0.001753 0.000662 0.000308 0.000198 0.000166 0.000157 0.000155 0.000154 0.000154 0.000154 0.000154 0.000154 0.000154 0.000154 0.000154 0.000154 0.000154 0.000154 0.000154 0.000154 0.000154 0.000154 0.000154 0.000154 0.000153 0.000153 0.000151 0.000149 0.000143 0.000134 0.000120 0.000099 0.000071 0.000037 0.000000 
50.000000 38.546821 28.035782 19.177140 12.312241 7.412042 4.183183 2.214344 1.100437 0.514085 0.226118 0.093808 0.036782 0.013667 0.004834 0.001644 0.000552 0.000198 0.000089 0.000057 0.000048 0.000045 0.000045 0.000044 0.000044 0.000044 0.000044 0.000044 0.000044 0.000044 0.000044 0.000044 0.000044 0.000044 0.000044 0.000044 0.000044 0.000044 0.000044 0.000044 0.000044 0.000044 0.000043 0.000041 0.000039 0.000035 0.000029 0.000021 0.000011 0.000000 
50.000000 38.546813 28.035768 19.177120 12.312217 7.412014 4.183154 2.214313 1.100406 0.514053 0.226086 0.093776 0.036750 0.013635 0.004802 0.001611 0.000520 0.000166 0.000057 0.000025 0.000016 0.000013 0.000012 0.000012 0.000012 0.000012 0.000012 0.000012 0.000012 0.000012 0.000012 0.000012 0.000012 0.000012 0.000012 0.000012 0.000012 0.000012 0.000012 0.000012 0.000012 0.000012 0.000012 0.000011 0.000011 0.000010 0.000008 0.000006 0.000003 0.000000 
50.000000 38.546811 28.035764 19.177115 12.312210 7.412007 4.183145 2.214305 1.100397 0.514044 0.226077 0.093767 0.036741 0.013626 0.004793 0.001602 0.000511 0.000157 0.000048 0.000016 0.000006 0.000004 0.000003 0.000003 0.000003 0.000003 0.000003 0.000003 0.000003 0.000003 0.000003 0.000003 0.000003 0.000003 0.000003 0.000003 0.000003 0.000003 0.000003 0.000003 0.000003 0.000003 0.000003 0.000003 0.000003 0.000003 0.000002 0.000001 0.000001 0.000000 
50.000000 38.546810 28.035763 19.177113 12.312208 7.412005 4.183143 2.214302 1.100394 0.514042 0.226075 0.093764 0.036739 0.013624 0.004790 0.001600 0.000509 0.000155 0.000045 0.000013 0.000004 0.000002 0.000001 0.000001 0.000001 0.000001 0.000001 0.000001 0.000001 0.000001 0.000001 0.000001 0.000001 0.000001 0.000001 0.000001 0.000001 0.000001 0.000001 0.000001 0.000001 0.000001 0.000001 0.000001 0.000001 0.000001 0.000001 0.000000 0.000000 0.000000 
50.000000 38.546810 28.035762 19.177113 12.312207 7.412004 4.183143 2.214302 1.100394 0.514041 0.226074 0.093764 0.036738 0.013623 0.004790 0.001599 0.000508 0.000154 0.000045 0.000012 0.000003 0.000001 0.000000 0.000000 0.000000 0.000000 0.000000 0.000000 0.000000 0.000000 0.000000 0.000000 0.000000 0.000000 0.000000 0.000000 0.000000 0.000000 0.000000 0.000000 0.000000 0.000000 0.000000 0.000000 0.000000 0.000000 0.000000 0.000000 0.000000 0.000000 
50.000000 38.546810 28.035762 19.177113 12.312207 7.412004 4.183143 2.214302 1.100394 0.514041 0.226074 0.093764 0.036738 0.013623 0.004789 0.001599 0.000508 0.000154 0.000044 0.000012 0.000003 0.000001 0.000000 0.000000 0.000000 0.000000 0.000000 0.000000 0.000000 0.000000 0.000000 0.000000 0.000000 0.000000 0.000000 0.000000 0.000000 0.000000 0.000000 0.000000 0.000000 0.000000 0.000000 0.000000 0.000000 0.000000 0.000000 0.000000 0.000000 0.000000 
50.000000 38.546810 28.035762 19.177113 12.312207 7.412004 4.183143 2.214302 1.100394 0.514041 0.226074 0.093764 0.036738 0.013623 0.004789 0.001599 0.000508 0.000154 0.000044 0.000012 0.000003 0.000001 0.000000 0.000000 0.000000 0.000000 0.000000 0.000000 0.000000 0.000000 0.000000 0.000000 0.000000 0.000000 0.000000 0.000000 0.000000 0.000000 0.000000 0.000000 0.000000 0.000000 0.000000 0.000000 0.000000 0.000000 0.000000 0.000000 0.000000 0.000000 
50.000000 38.546810 28.035762 19.177113 12.312207 7.412004 4.183143 2.214302 1.100394 0.514041 0.226074 0.093764 0.036738 0.013623 0.004789 0.001599 0.000508 0.000154 0.000044 0.000012 0.000003 0.000001 0.000000 0.000000 0.000000 0.000000 0.000000 0.000000 0.000000 0.000000 0.000000 0.000000 0.000000 0.000000 0.000000 0.000000 0.000000 0.000000 0.000000 0.000000 0.000000 0.000000 0.000000 0.000000 0.000000 0.000000 0.000000 0.000000 0.000000 0.000000 
50.000000 38.546810 28.035762 19.177113 12.312207 7.412004 4.183143 2.214302 1.100394 0.514041 0.226074 0.093764 0.036738 0.013623 0.004789 0.001599 0.000508 0.000154 0.000044 0.000012 0.000003 0.000001 0.000000 0.000000 0.000000 0.000000 0.000000 0.000000 0.000000 0.000000 0.000000 0.000000 0.000000 0.000000 0.000000 0.000000 0.000000 0.000000 0.000000 0.000000 0.000000 0.000000 0.000000 0.000000 0.000000 0.000000 0.000000 0.000000 0.000000 0.000000 
50.000000 38.546810 28.035762 19.177113 12.312207 7.412004 4.183143 2.214302 1.100394 0.514041 0.226074 0.093764 0.036738 0.013623 0.004790 0.001599 0.000508 0.000154 0.000045 0.000012 0.000003 0.000001 0.000000 0.000000 0.000000 0.000000 0.000000 0.000000 0.000000 0.000000 0.000000 0.000000 0.000000 0.000000 0.000000 0.000000 0.000000 0.000000 0.000000 0.000000 0.000000 0.000000 0.000000 0.000000 0.000000 0.000000 0.000000 0.000000 0.000000 0.000000 
50.000000 38.546810 28.035763 19.177113 12.312208 7.412005 4.183143 2.214302 1.100394 0.514042 0.226075 0.093764 0.036739 0.013624 0.004790 0.001600 0.000509 0.000155 0.000045 0.000013 0.000004 0.000002 0.000001 0.000001 0.000001 0.000001 0.000001 0.000001 0.000001 0.000001 0.000001 0.000001 0.000001 0.000001 0.000001 0.000001 0.000001 0.000001 0.000001 0.000001 0.000001 0.000001 0.000001 0.000001 0.000001 0.000001 0.000001 0.000000 0.000000 0.000000 
50.000000 38.546811 28.035764 19.177115 12.312210 7.412007 4.183145 2.214305 1.100397 0.514044 0.226077 0.093767 0.036741 0.013626 0.004793 0.001602 0.000511 0.000157 0.000048 0.000016 0.000006 0.000004 0.000003 0.000003 0.000003 0.000003 0.000003 0.000003 0.000003 0.000003 0.000003 0.000003 0.000003 0.000003 0.000003 0.000003 0.000003 0.000003 0.000003 0.000003 0.000003 0.000003 0.000003 0.000003 0.000003 0.000003 0.000002 0.000001 0.000001 0.000000 
50.000000 38.546813 28.035768 19.177120 12.312217 7.412014 4.183154 2.214313 1.100406 0.514053 0.226086 0.093776 0.036750 0.013635 0.004802 0.001611 0.000520 0.000166 0.000057 0.000025 0.000016 0.000013 0.000012 0.000012 0.000012 0.000012 0.000012 0.000012 0.000012 0.000012 0.000012 0.000012 0.000012 0.000012 0.000012 0.000012 0.000012 0.000012 0.000012 0.000012 0.000012 0.000012 0.000012 0.000011 0.000011 0.000010 0.000008 0.000006 0.000003 0.000000 
50.000000 38.546821 28.035782 19.177140 12.312241 7.412042 4.183183 2.214344 1.100437 0.514085 0.226118 0.093808 0.036782 0.013667 0.004834 0.001644 0.000552 0.000198 0.000089 0.000057 0.000048 0.000045 0.000045 0.000044 0.000044 0.000044 0.000044 0.000044 0.000044 0.000044 0.000044 0.000044 0.000044 0.000044 0.000044 0.000044 0.000044 0.000044 0.000044 0.000044 0.000044 0.000044 0.000043 0.000041 0.000039 0.000035 0.000029 0.000021 0.000011 0.000000 
50.000000 38.546846 28.035830 19.177208 12.312324 7.412135 4.183284 2.214449 1.100544 0.514193 0.226227 0.093917 0.036892 0.013777 0.004943 0.001753 0.000662 0.000308 0.000198 0.000166 0.000157 0.000155 0.000154 0.000154 0.000154 0.000154 0.000154 0.000154 0.000154 0.000154 0.000154 0.000154 0.000154 0.000154 0.000154 0.000154 0.000154 0.000154 0.000154 0.000153 0.000153 0.000151 0.000149 0.000143 0.000134 0.000120 0.000099 0.000071 0.000037 0.000000 
50.000000 38.546927 28.035987 19.177428 12.312592 7.412438 4.183609 2.214788 1.100891 0.514544 0.226580 0.094271 0.037246 0.014131 0.005297 0.002107 0.001016 0.000662 0.000552 0.000520 0.000511 0.000509 0.000508 0.000508 0.000508 0.000508 0.000508 0.000508 0.000508 0.000508 0.000508 0.000508 0.000508 0.000508 0.000508 0.000508 0.000508 0.000508 0.000507 0.000507 0.000505 0.000500 0.000491 0.000474 0.000444 0.000397 0.000328 0.000236 0.000124 0.000000 
50.000000 38.547179 28.036469 19.178104 12.313418 7.413370 4.184611 2.215832 1.101959 0.515625 0.227666 0.095360 0.038336 0.015222 0.006388 0.003198 0.002107 0.001753 0.001644 0.001611 0.001602 0.001600 0.001599 0.001599 0.001599 0.001599 0.001599 0.001599 0.001599 0.001599 0.001599 0.001599 0.001599 0.001599 0.001599 0.001599 0.001599 0.001599 0.001597 0.001595 0.001588 0.001575 0.001547 0.001494 0.001402 0.001254 0.001037 0.000746 0.000392 0.000000 
50.000000 38.547914 28.037877 19.180079 12.315830 7.416094 4.187540 2.218884 1.105081 0.518783 0.230843 0.098545 0.041524 0.018411 0.009578 0.006388 0.005297 0.004943 0.004834 0.004802 0.004793 0.004790 0.004790 0.004789 0.004789 0.004789 0.004789 0.004789 0.004789 0.004789 0.004789 0.004789 0.004789 0.004789 0.004789 0.004789 0.004789 0.004788 0.004784 0.004776 0.004758 0.004717 0.004635 0.004479 0.004206 0.003767 0.003119 0.002247 0.001180 0.000000 
50.000000 38.549947 28.041775 19.185544 12.322509 7.423635 4.195647 2.227335 1.113725 0.527529 0.239638 0.107362 0.050351 0.027242 0.018411 0.015222 0.014131 0.013777 0.013667 0.013635 0.013626 0.013624 0.013623 0.013623 0.013623 0.013623 0.013623 0.013623 0.013623 0.013623 0.013623 0.013623 0.013623 0.013623 0.013623 0.013622 0.013621 0.013618 0.013609 0.013587 0.013537 0.013425 0.013196 0.012760 0.011995 0.010755 0.008916 0.006430 0.003381 0.000000 
50.000000 38.555264 28.051967 19.199840 12.339978 7.443363 4.216857 2.249447 1.136344 0.550413 0.262652 0.130436 0.073450 0.050351 0.041524 0.038336 0.037246 0.036892 0.036782 0.036750 0.036741 0.036739 0.036738 0.036738 0.036738 0.036738 0.036738 0.036738 0.036738 0.036738 0.036738 0.036738 0.036738 0.036738 0.036737 0.036736 0.036734 0.036725 0.036703 0.036647 0.036515 0.036223 0.035623 0.034475 0.032443 0.029132 0.024191 0.017473 0.009197 0.000000 
50.000000 38.568372 28.077099 19.235092 12.383057 7.492017 4.269173 2.303988 1.192140 0.606867 0.319427 0.187358 0.130436 0.107362 0.098545 0.095360 0.094271 0.093917 0.093808 0.093776 0.093767 0.093764 0.093764 0.093764 0.093764 0.093764 0.093764 0.093764 0.093764 0.093764 0.093764 0.093764 0.093764 0.093763 0.093763 0.093760 0.093753 0.093733 0.093679 0.093543 0.093222 0.092508 0.091029 0.088179 0.083097 0.074750 0.062197 0.045012 0.023727 0.000000 
50.000000 38.598770 28.135378 19.316846 12.482974 7.604872 4.390534 2.430520 1.321589 0.737845 0.451154 0.319427 0.262652 0.239638 0.230843 0.227666 0.226580 0.226227 0.226118 0.226086 0.226077 0.226075 0.226074 0.226074 0.226074 0.226074 0.226074 0.226074 0.226074 0.226074 0.226074 0.226074 0.226074 0.226073 0.226071 0.226066 0.226050 0.226005 0.225884 0.225577 0.224845 0.223210 0.219795 0.213160 0.201217 0.181412 0.151338 0.109799 0.057987 0.000000 
50.000000 38.664892 28.262158 19.494703 12.700364 7.850434 4.654622 2.705879 1.603307 1.022902 0.737845 0.606867 0.550413 0.527529 0.518783 0.515625 0.514544 0.514193 0.514085 0.514053 0.514044 0.514042 0.514041 0.514041 0.514041 0.514041 0.514041 0.514041 0.514041 0.514041 0.514041 0.514041 0.514041 0.514040 0.514036 0.514025 0.513992 0.513899 0.513645 0.513000 0.511451 0.507962 0.500609 0.486175 0.459905 0.415817 0.348047 0.253361 0.134146 0.000000 
50.000000 38.799461 28.520184 19.856708 13.142865 8.350320 5.192261 3.266496 2.176898 1.603307 1.321589 1.192140 1.136344 1.113725 1.105081 1.101959 1.100891 1.100544 1.100437 1.100406 1.100397 1.100394 1.100394 1.100394 1.100394 1.100394 1.100394 1.100394 1.100394 1.100394 1.100394 1.100393 1.100393 1.100391 1.100384 1.100364 1.100301 1.100121 1.099632 1.098379 1.095346 1.088449 1.073762 1.044579 0.990734 0.899017 0.755817 0.552697 0.293682 0.000000 
50.000000 39.054984 29.010150 20.544161 13.983244 9.299752 6.213466 4.331405 3.266496 2.705879 2.430520 2.303988 2.249447 2.227335 2.218884 2.215832 2.214788 2.214449 2.214344 2.214313 2.214305 2.214302 2.214302 2.214302 2.214301 2.214301 2.214301 2.214301 2.214301 2.214301 2.214301 2.214301 2.214300 2.214297 2.214285 2.214249 2.214140 2.213824 2.212960 2.210725 2.205270 2.192734 2.165703 2.111209 2.008983 1.831576 1.548957 1.139868 0.608841 0.000000 
50.000000 39.506428 29.875828 21.758828 15.468215 10.977536 8.018194 6.213466 5.192261 4.654622 4.390534 4.269173 4.216857 4.195647 4.187540 4.184611 4.183609 4.183284 4.183183 4.183154 4.183145 4.183143 4.183143 4.183143 4.183143 4.183143 4.183143 4.183142 4.183142 4.183142 4.183142 4.183142 4.183140 4.183135 4.183117 4.183060 4.182887 4.182382 4.180995 4.177374 4.168447 4.147682 4.102256 4.009097 3.830764 3.513941 2.995782 2.224688 1.197734 0.000000 
50.000000 40.246504 31.295026 23.750261 17.902950 13.728569 10.977536 9.299752 8.350320 7.850434 7.604872 7.492017 7.443363 7.423635 7.416094 7.413370 7.412438 7.412135 7.412042 7.412014 7.412007 7.412005 7.412004 7.412004 7.412004 7.412004 7.412004 7.412004 7.412004 7.412004 7.412004 7.412003 7.412001 7.411993 7.411968 7.411888 7.411641 7.410920 7.408920 7.403655 7.390529 7.359585 7.290769 7.146772 6.864284 6.347405 5.472306 4.118890 2.246038 0.000000 
50.000000 41.369293 33.448188 26.771725 21.597193 17.902950 15.468215 13.983244 13.142865 12.700364 12.482974 12.383057 12.339978 12.322509 12.315830 12.313418 12.312592 12.312324 12.312241 12.312217 12.312210 12.312208 12.312207 12.312207 12.312207 12.312207 12.312207 12.312207 12.312207 12.312207 12.312207 12.312206 12.312204 12.312195 12.312163 12.312063 12.311754 12.310846 12.308307 12.301562 12.284546 12.243848 12.151667 11.954274 11.555545 10.798597 9.457181 7.266490 4.050240 0.000000 
50.000000 42.941827 36.463894 31.003720 26.771725 23.750261 21.758828 20.544161 19.856708 19.494703 19.316846 19.235092 19.199840 19.185544 19.180079 19.178104 19.177428 19.177208 19.177140 19.177120 19.177115 19.177113 19.177113 19.177113 19.177113 19.177113 19.177113 19.177113 19.177113 19.177113 19.177113 19.177112 19.177109 19.177099 19.177066 19.176959 19.176628 19.175650 19.172895 19.165508 19.146657 19.100890 18.995203 18.763046 18.277954 17.314544 15.501860 12.302195 7.138177 0.000000 
50.000000 44.970640 40.354693 36.463894 33.448188 31.295026 29.875828 29.010150 28.520184 28.262158 28.135378 28.077099 28.051967 28.041775 28.037877 28.036469 28.035987 28.035830 28.035782 28.035768 28.035764 28.035763 28.035762 28.035762 28.035762 28.035762 28.035762 28.035762 28.035762 28.035762 28.035762 28.035762 28.035759 28.035751 28.035723 28.035630 28.035344 28.034494 28.032087 28.025579 28.008798 27.967487 27.870282 27.651140 27.176136 26.181698 24.161699 20.177347 12.656551 0.000000 
50.000000 47.377545 44.970640 42.941827 41.369293 40.246504 39.506428 39.054984 38.799461 38.664892 38.598770 38.568372 38.555264 38.549947 38.547914 38.547179 38.546927 38.546846 38.546821 38.546813 38.546811 38.546810 38.546810 38.546810 38.546810 38.546810 38.546810 38.546810 38.546810 38.546810 38.546810 38.546810 38.546808 38.546804 38.546787 38.546733 38.546566 38.546066 38.544646 38.540783 38.530747 38.505779 38.446143 38.308695 38.000467 37.319053 35.803650 32.314089 23.688772 0.000000 
50.000000 50.000000 50.000000 50.000000 50.000000 50.000000 50.000000 50.000000 50.000000 50.000000 50.000000 50.000000 50.000000 50.000000 50.000000 50.000000 50.000000 50.000000 50.000000 50.000000 50.000000 50.000000 50.000000 50.000000 50.000000 50.000000 50.000000 50.000000 50.000000 50.000000 50.000000 50.000000 50.000000 50.000000 50.000000 50.000000 50.000000 50.000000 50.000000 50.000000 50.000000 50.000000 50.000000 50.000000 50.000000 50.000000 50.000000 50.000000 50.000000 50.000000 
