50.000000 50.000000 50.000000 50.000000 50.000000 50.000000 50.000000 50.000000 50.000000 50.000000 50.000000 50.000000 50.000000 50.000000 50.000000 50.000000 50.000000 50.000000 50.000000 50.000000 50.000000 50.000000 50.000000 50.000000 50.000000 50.000000 50.000000 50.000000 50.000000 50.000000 50.000000 50.000000 50.000000 50.000000 50.000000 50.000000 50.000000 50.000000 50.000000 50.000000 50.000000 50.000000 50.000000 50.000000 50.000000 50.000000 50.000000 50.000000 50.000000 50.000000 
50.000000 48.116011 46.343360 44.773678 43.464990 42.437021 41.675641 41.143373 40.791772 40.572041 40.441961 40.368915 40.329953 40.310185 40.300633 40.296229 40.294291 40.293475 40.293146 40.293019 40.292971 40.292955 40.292949 40.292947 40.292946 40.292946 40.292946 40.292946 40.292946 40.292945 40.292942 40.292934 40.292912 40.292852 40.292692 40.292284 40.291278 40.288889 40.283406 40.271253 40.245171 40.190842 40.080524 39.860766 39.427088 38.566664 36.812634 33.026487 24.058005 0.000000 
50.000000 46.343360 42.902823 39.856245 37.316240 35.321097 33.843380 32.810345 32.127962 31.701518 31.449069 31.307310 31.231698 31.193337 31.174799 31.166254 31.162493 31.160909 31.160271 31.160024 31.159932 31.159900 31.159889 31.159885 31.159884 31.159883 31.159883 31.159883 31.159882 31.159881 31.159876 31.159862 31.159823 31.159714 31.159428 31.158699 31.156907 31.152662 31.142963 31.121580 31.076027 30.982090 30.794087 30.427549 29.727978 28.413193 25.966274 21.451412 13.316873 0.000000 
50.000000 44.773678 39.856245 35.501909 31.871634 29.020135 26.908187 25.431806 24.456587 23.847156 23.486390 23.283813 23.175765 23.120950 23.094462 23.082253 23.076879 23.074616 23.073704 23.073351 23.073221 23.073174 23.073158 23.073153 23.073151 23.073150 23.073150 23.073150 23.073149 23.073147 23.073141 23.073124 23.073074 23.072939 23.072581 23.071673 23.069450 23.064210 23.052313 23.026291 22.971425 22.859839 22.640676 22.224433 21.459045 20.096000 17.750955 13.889971 7.961044 0.000000 
50.000000 43.464990 37.316240 31.871634 27.332442 23.767070 21.126449 19.280539 18.061261 17.299338 16.848317 16.595069 16.460001 16.391480 16.358370 16.343110 16.336393 16.333566 16.332426 16.331985 16.331822 16.331763 16.331743 16.331737 16.331735 16.331734 16.331734 16.331733 16.331733 16.331731 16.331724 16.331706 16.331654 16.331514 16.331143 16.330207 16.327927 16.322584 16.310543 16.284451 16.230090 16.121214 15.911614 15.523918 14.835666 13.666221 11.775634 8.903047 4.898326 0.000000 
50.000000 42.437021 35.321097 29.020135 23.767070 19.641051 16.585269 14.449201 13.038309 12.156676 11.634812 11.341798 11.185528 11.106255 11.067952 11.050299 11.042529 11.039258 11.037940 11.037430 11.037241 11.037174 11.037151 11.037143 11.037141 11.037140 11.037140 11.037139 11.037139 11.037137 11.037131 11.037114 11.037067 11.036939 11.036603 11.035758 11.033711 11.028947 11.018297 10.995447 10.948425 10.855686 10.680579 10.364517 9.820526 8.931404 7.561090 5.593119 3.009933 0.000000 
50.000000 41.675641 33.843380 26.908187 21.126449 16.585269 13.222090 10.871207 9.318476 8.348245 7.773958 7.451524 7.279570 7.192345 7.150202 7.130781 7.122233 7.118634 7.117184 7.116624 7.116416 7.116342 7.116316 7.116308 7.116305 7.116304 7.116304 7.116304 7.116303 7.116302 7.116297 7.116283 7.116244 7.116139 7.115866 7.115180 7.113529 7.109711 7.101247 7.083267 7.046707 6.975647 6.843842 6.611045 6.220752 5.602531 4.683753 3.415831 1.814875 0.000000 
50.000000 41.143373 32.810345 25.431806 19.280539 14.449201 10.871207 8.370230 6.718409 5.686295 5.075400 4.732425 4.549524 4.456751 4.411928 4.391273 4.382183 4.378356 4.376814 4.376218 4.375997 4.375918 4.375891 4.375882 4.375879 4.375879 4.375878 4.375878 4.375878 4.375876 4.375873 4.375863 4.375833 4.375755 4.375551 4.375043 4.373827 4.371034 4.364890 4.351962 4.325969 4.276120 4.185115 4.027365 3.768622 3.368925 2.791131 2.016258 1.062849 0.000000 
50.000000 40.791772 32.127962 24.456587 18.061261 13.038309 9.318476 6.718409 5.001185 3.928233 3.293186 2.936662 2.746543 2.650111 2.603523 2.582056 2.572608 2.568631 2.567028 2.566409 2.566179 2.566098 2.566069 2.566060 2.566057 2.566056 2.566056 2.566056 2.566056 2.566055 2.566052 2.566045 2.566025 2.565971 2.565831 2.565484 2.564657 2.562771 2.558654 2.550066 2.532976 2.500592 2.442289 2.342828 2.182622 1.940047 1.596748 1.145872 0.600930 0.000000 
50.000000 40.572041 31.701518 23.847156 17.299338 12.156676 8.348245 5.686295 3.928233 2.829788 2.179668 1.814692 1.620070 1.521358 1.473669 1.451695 1.442025 1.437955 1.436314 1.435680 1.435445 1.435362 1.435333 1.435323 1.435320 1.435319 1.435319 1.435319 1.435319 1.435318 1.435317 1.435312 1.435299 1.435264 1.435175 1.434955 1.434432 1.433248 1.430680 1.425368 1.414894 1.395257 1.360325 1.301538 1.208251 1.069248 0.875731 0.625492 0.326870 0.000000 
50.000000 40.441961 31.449069 23.486390 16.848317 11.634812 7.773958 5.075400 3.293186 2.179668 1.520638 1.150667 0.953386 0.853326 0.804988 0.782715 0.772914 0.768788 0.767126 0.766484 0.766245 0.766160 0.766131 0.766122 0.766119 0.766118 0.766117 0.766117 0.766117 0.766117 0.766116 0.766113 0.766105 0.766085 0.766031 0.765900 0.765592 0.764896 0.763397 0.760319 0.754300 0.743120 0.723438 0.690691 0.639365 0.563866 0.460099 0.327489 0.170708 0.000000 
50.000000 40.368915 31.307310 23.283813 16.595069 11.341798 7.451524 4.732425 2.936662 1.814692 1.150667 0.777896 0.579125 0.478311 0.429609 0.407169 0.397294 0.393138 0.391463 0.390816 0.390576 0.390490 0.390461 0.390451 0.390448 0.390447 0.390447 0.390447 0.390447 0.390447 0.390446 0.390445 0.390440 0.390429 0.390399 0.390326 0.390155 0.389770 0.388948 0.387269 0.384011 0.378008 0.367535 0.350276 0.323501 0.284526 0.231499 0.164346 0.085509 0.000000 
50.000000 40.329953 31.231698 23.175765 16.460001 11.185528 7.279570 4.549524 2.746543 1.620070 0.953386 0.579125 0.379561 0.278346 0.229451 0.206922 0.197008 0.192836 0.191154 0.190505 0.190264 0.190178 0.190148 0.190138 0.190135 0.190134 0.190134 0.190134 0.190134 0.190134 0.190134 0.190133 0.190130 0.190124 0.190109 0.190070 0.189981 0.189781 0.189354 0.188490 0.186823 0.183772 0.178491 0.169859 0.156581 0.137417 0.111555 0.079036 0.041064 0.000000 
50.000000 40.310185 31.193337 23.120950 16.391480 11.106255 7.192345 4.456751 2.650111 1.521358 0.853326 0.478311 0.278346 0.176928 0.127936 0.105362 0.095428 0.091247 0.089563 0.088912 0.088670 0.088584 0.088555 0.088545 0.088542 0.088541 0.088540 0.088540 0.088540 0.088540 0.088540 0.088540 0.088539 0.088535 0.088528 0.088509 0.088464 0.088366 0.088157 0.087735 0.086926 0.085454 0.082924 0.078817 0.072544 0.063553 0.051500 0.036430 0.018907 0.000000 
50.000000 40.300633 31.174799 23.094462 16.358370 11.067952 7.150202 4.411928 2.603523 1.473669 0.804988 0.429609 0.229451 0.127936 0.078896 0.056300 0.046357 0.042172 0.040486 0.039834 0.039593 0.039507 0.039477 0.039467 0.039464 0.039463 0.039463 0.039463 0.039463 0.039463 0.039463 0.039463 0.039462 0.039461 0.039457 0.039448 0.039427 0.039381 0.039284 0.039088 0.038715 0.038040 0.036885 0.035022 0.032193 0.028163 0.022789 0.016100 0.008349 0.000000 
50.000000 40.296229 31.166254 23.082253 16.343110 11.050299 7.130781 4.391273 2.582056 1.451695 0.782715 0.407169 0.206922 0.105362 0.056300 0.033695 0.023747 0.019561 0.017874 0.017222 0.016980 0.016894 0.016864 0.016855 0.016852 0.016851 0.016850 0.016850 0.016850 0.016850 0.016850 0.016850 0.016850 0.016849 0.016847 0.016843 0.016834 0.016814 0.016770 0.016684 0.016520 0.016225 0.015722 0.014915 0.013696 0.011967 0.009672 0.006826 0.003537 0.000000 
50.000000 40.294291 31.162493 23.076879 16.336393 11.042529 7.122233 4.382183 2.572608 1.442025 0.772914 0.397294 0.197008 0.095428 0.046357 0.023747 0.013798 0.009610 0.007923 0.007271 0.007029 0.006943 0.006913 0.006904 0.006901 0.006900 0.006899 0.006899 0.006899 0.006899 0.006899 0.006899 0.006899 0.006899 0.006898 0.006896 0.006892 0.006884 0.006865 0.006829 0.006760 0.006637 0.006428 0.006093 0.005590 0.004880 0.003940 0.002778 0.001439 0.000000 
50.000000 40.293475 31.160909 23.074616 16.333566 11.039258 7.118634 4.378356 2.568631 1.437955 0.768788 0.393138 0.192836 0.091247 0.042172 0.019561 0.009610 0.005423 0.003735 0.003083 0.002841 0.002755 0.002726 0.002716 0.002713 0.002712 0.002712 0.002712 0.002711 0.002711 0.002711 0.002711 0.002711 0.002711 0.002711 0.002710 0.002709 0.002705 0.002698 0.002683 0.002656 0.002606 0.002523 0.002390 0.002191 0.001911 0.001542 0.001086 0.000562 0.000000 
50.000000 40.293146 31.160271 23.073704 16.332426 11.037940 7.117184 4.376814 2.567028 1.436314 0.767126 0.391463 0.191154 0.089563 0.040486 0.017874 0.007923 0.003735 0.002048 0.001396 0.001154 0.001068 0.001038 0.001028 0.001025 0.001024 0.001024 0.001024 0.001024 0.001024 0.001024 0.001024 0.001024 0.001024 0.001024 0.001023 0.001023 0.001021 0.001019 0.001013 0.001002 0.000983 0.000952 0.000901 0.000825 0.000719 0.000580 0.000409 0.000211 0.000000 
50.000000 40.293019 31.160024 23.073351 16.331985 11.037430 7.116624 4.376218 2.566409 1.435680 0.766484 0.390816 0.190505 0.088912 0.039834 0.017222 0.007271 0.003083 0.001396 0.000744 0.000502 0.000416 0.000386 0.000376 0.000373 0.000372 0.000372 0.000372 0.000372 0.000372 0.000372 0.000372 0.000372 0.000372 0.000372 0.000372 0.000371 0.000371 0.000370 0.000368 0.000364 0.000357 0.000345 0.000327 0.000299 0.000261 0.000210 0.000148 0.000076 0.000000 
50.000000 40.292971 31.159932 23.073221 16.331822 11.037241 7.116416 4.375997 2.566179 1.435445 0.766245 0.390576 0.190264 0.088670 0.039593 0.016980 0.007029 0.002841 0.001154 0.000502 0.000260 0.000174 0.000144 0.000134 0.000131 0.000130 0.000130 0.000130 0.000130 0.000130 0.000130 0.000130 0.000130 0.000130 0.000130 0.000130 0.000130 0.000130 0.000129 0.000129 0.000127 0.000125 0.000121 0.000114 0.000104 0.000091 0.000073 0.000052 0.000027 0.000000 
50.000000 40.292955 31.159900 23.073174 16.331763 11.037174 7.116342 4.375918 2.566098 1.435362 0.766160 0.390490 0.190178 0.088584 0.039507 0.016894 0.006943 0.002755 0.001068 0.000416 0.000174 0.000088 0.000058 0.000048 0.000045 0.000044 0.000044 0.000044 0.000044 0.000044 0.000044 0.000044 0.000044 0.000044 0.000044 0.000044 0.000044 0.000044 0.000044 0.000043 0.000043 0.000042 0.000041 0.000038 0.000035 0.000031 0.000025 0.000017 0.000009 0.000000 
50.000000 40.292949 31.159889 23.073158 16.331743 11.037151 7.116316 4.375891 2.566069 1.435333 0.766131 0.390461 0.190148 0.088555 0.039477 0.016864 0.006914 0.002726 0.001038 0.000386 0.000144 0.000058 0.000028 0.000019 0.000016 0.000015 0.000014 0.000014 0.000014 0.000014 0.000014 0.000014 0.000014 0.000014 0.000014 0.000014 0.000014 0.000014 0.000014 0.000014 0.000014 0.000014 0.000013 0.000012 0.000011 0.000010 0.000008 0.000006 0.000003 0.000000 
50.000000 40.292947 31.159885 23.073153 16.331737 11.037143 7.116308 4.375882 2.566060 1.435323 0.766122 0.390452 0.190139 0.088545 0.039467 0.016855 0.006904 0.002716 0.001028 0.000376 0.000135 0.000048 0.000019 0.000009 0.000006 0.000005 0.000005 0.000005 0.000005 0.000005 0.000005 0.000005 0.000005 0.000005 0.000005 0.000005 0.000005 0.000005 0.000005 0.000005 0.000004 0.000004 0.000004 0.000004 0.000004 0.000003 0.000003 0.000002 0.000001 0.000000 
50.000000 40.292946 31.159884 23.073151 16.331735 11.037141 7.116305 4.375880 2.566058 1.435321 0.766119 0.390449 0.190136 0.088542 0.039465 0.016852 0.006901 0.002713 0.001026 0.000374 0.000132 0.000046 0.000016 0.000006 0.000003 0.000002 0.000002 0.000002 0.000002 0.000002 0.000002 0.000002 0.000002 0.000002 0.000002 0.000002 0.000002 0.000002 0.000002 0.000002 0.000002 0.000002 0.000002 0.000002 0.000001 0.000001 0.000001 0.000001 0.000000 0.000000 
50.000000 40.292946 31.159884 23.073151 16.331735 11.037141 7.116305 4.375880 2.566058 1.435321 0.766119 0.390449 0.190136 0.088542 0.039465 0.016852 0.006901 0.002713 0.001026 0.000374 0.000132 0.000046 0.000016 0.000006 0.000003 0.000002 0.000002 0.000002 0.000002 0.000002 0.000002 0.000002 0.000002 0.000002 0.000002 0.000002 0.000002 0.000002 0.000002 0.000002 0.000002 0.000002 0.000002 0.000002 0.000001 0.000001 0.000001 0.000001 0.000000 0.000000 
50.000000 40.292947 31.159885 23.073153 16.331737 11.037143 7.116308 4.375882 2.566060 1.435323 0.766122 0.390452 0.190139 0.088545 0.039467 0.016855 0.006904 0.002716 0.001028 0.000376 0.000135 0.000048 0.000019 0.000009 0.000006 0.000005 0.000005 0.000005 0.000005 0.000005 0.000005 0.000005 0.000005 0.000005 0.000005 0.000005 0.000005 0.000005 0.000005 0.000005 0.000004 0.000004 0.000004 0.000004 0.000004 0.000003 0.000003 0.000002 0.000001 0.000000 
50.000000 40.292949 31.159889 23.073158 16.331743 11.037151 7.116316 4.375891 2.566069 1.435333 0.766131 0.390461 0.190148 0.088555 0.039477 0.016864 0.006914 0.002726 0.001038 0.000386 0.000144 0.000058 0.000028 0.000019 0.000016 0.000015 0.000014 0.000014 0.000014 0.000014 0.000014 0.000014 0.000014 0.000014 0.000014 0.000014 0.000014 0.000014 0.000014 0.000014 0.000014 0.000014 0.000013 0.000012 0.000011 0.000010 0.000008 0.000006 0.000003 0.000000 
50.000000 40.292955 31.159900 23.073174 16.331763 11.037174 7.116342 4.375918 2.566098 1.435362 0.766160 0.390490 0.190178 0.088584 0.039507 0.016894 0.006943 0.002755 0.001068 0.000416 0.000174 0.000088 0.000058 0.000048 0.000045 0.000044 0.000044 0.000044 0.000044 0.000044 0.000044 0.000044 0.000044 0.000044 0.000044 0.000044 0.000044 0.000044 0.000044 0.000043 0.000043 0.000042 0.000041 0.000038 0.000035 0.000031 0.000025 0.000017 0.000009 0.000000 
50.000000 40.292971 31.159932 23.073221 16.331822 11.037241 7.116416 4.375997 2.566179 1.435445 0.766245 0.390576 0.190264 0.088670 0.039593 0.016980 0.007029 0.002841 0.001154 0.000502 0.000260 0.000174 0.000144 0.000134 0.000131 0.000130 0.000130 0.000130 0.000130 0.000130 0.000130 0.000130 0.000130 0.000130 0.000130 0.000130 0.000130 0.000130 0.000129 0.000129 0.000127 0.000125 0.000121 0.000114 0.000104 0.000091 0.000073 0.000052 0.000027 0.000000 
50.000000 40.293019 31.160024 23.073351 16.331985 11.037430 7.116624 4.376218 2.566409 1.435680 0.766484 0.390816 0.190505 0.088912 0.039834 0.017222 0.007271 0.003083 0.001396 0.000744 0.000502 0.000416 0.000386 0.000376 0.000373 0.000372 0.000372 0.000372 0.000372 0.000372 0.000372 0.000372 0.000372 0.000372 0.000372 0.000372 0.000371 0.000371 0.000370 0.000368 0.000364 0.000357 0.000345 0.000327 0.000299 0.000261 0.000210 0.000148 0.000076 0.000000 
50.000000 40.293146 31.160271 23.073704 16.332426 11.037940 7.117184 4.376814 2.567028 1.436314 0.767126 0.391463 0.191154 0.089563 0.040486 0.017874 0.007923 0.003735 0.002048 0.001396 0.001154 0.001068 0.001038 0.001028 0.001025 0.001024 0.001024 0.001024 0.001024 0.001024 0.001024 0.001024 0.001024 0.001024 0.001024 0.001023 0.001023 0.001021 0.001019 0.001013 0.001002 0.000983 0.000952 0.000901 0.000825 0.000719 0.000580 0.000409 0.000211 0.000000 
50.000000 40.293475 31.160909 23.074616 16.333566 11.039258 7.118634 4.378356 2.568631 1.437955 0.768788 0.393138 0.192836 0.091247 0.042172 0.019561 0.009610 0.005423 0.003735 0.003083 0.002841 0.002755 0.002726 0.002716 0.002713 0.002712 0.002712 0.002712 0.002711 0.002711 0.002711 0.002711 0.002711 0.002711 0.002711 0.002710 0.002709 0.002705 0.002698 0.002683 0.002656 0.002606 0.002523 0.002390 0.002191 0.001911 0.001542 0.001086 0.000562 0.000000 
50.000000 40.294291 31.162493 23.076879 16.336393 11.042529 7.122233 4.382183 2.572608 1.442025 0.772914 0.397294 0.197008 0.095428 0.046357 0.023747 0.013798 0.009610 0.007923 0.007271 0.007029 0.006943 0.006913 0.006904 0.006901 0.006900 0.006899 0.006899 0.006899 0.006899 0.006899 0.006899 0.006899 0.006899 0.006898 0.006896 0.006892 0.006884 0.006865 0.006829 0.006760 0.006637 0.006428 0.006093 0.005590 0.004880 0.003940 0.002778 0.001439 0.000000 
50.000000 40.296229 31.166254 23.082253 16.343110 11.050299 7.130781 4.391273 2.582056 1.451695 0.782715 0.407169 0.206922 0.105362 0.056300 0.033695 0.023747 0.019561 0.017874 0.017222 0.016980 0.016894 0.016864 0.016855 0.016852 0.016851 0.016850 0.016850 0.016850 0.016850 0.016850 0.016850 0.016850 0.016849 0.016847 0.016843 0.016834 0.016814 0.016770 0.016684 0.016520 0.016225 0.015722 0.014915 0.013696 0.011967 0.009672 0.006826 0.003537 0.000000 
50.000000 40.300633 31.174799 23.094462 16.358370 11.067952 7.150202 4.411928 2.603523 1.473669 0.804988 0.429609 0.229451 0.127936 0.078896 0.056300 0.046357 0.042172 0.040486 0.039834 0.039593 0.039507 0.039477 0.039467 0.039464 0.039463 0.039463 0.039463 0.039463 0.039463 0.039463 0.039463 0.039462 0.039461 0.039457 0.039448 0.039427 0.039381 0.039284 0.039088 0.038715 0.038040 0.036885 0.035022 0.032193 0.028163 0.022789 0.016100 0.008349 0.000000 
50.000000 40.310185 31.193337 23.120950 16.391480 11.106255 7.192345 4.456751 2.650111 1.521358 0.853326 0.478311 0.278346 0.176928 0.127936 0.105362 0.095428 0.091247 0.089563 0.088912 0.088670 0.088584 0.088555 0.088545 0.088542 0.088541 0.088540 0.088540 0.088540 0.088540 0.088540 0.088540 0.088539 0.088535 0.088528 0.088509 0.088464 0.088366 0.088157 0.087735 0.086926 0.085454 0.082924 0.078817 0.072544 0.063553 0.051500 0.036430 0.018907 0.000000 
50.000000 40.329953 31.231698 23.175765 16.460001 11.185528 7.279570 4.549524 2.746543 1.620070 0.953386 0.579125 0.379561 0.278346 0.229451 0.206922 0.197008 0.192836 0.191154 0.190505 0.190264 0.190178 0.190148 0.190138 0.190135 0.190134 0.190134 0.190134 0.190134 0.190134 0.190134 0.190133 0.190130 0.190124 0.190109 0.190070 0.189981 0.189781 0.189354 0.188490 0.186823 0.183772 0.178491 0.169859 0.156581 0.137417 0.111555 0.079036 0.041064 0.000000 
50.000000 40.368915 31.307310 23.283813 16.595069 11.341798 7.451524 4.732425 2.936662 1.814692 1.150667 0.777896 0.579125 0.478311 0.429609 0.407169 0.397294 0.393138 0.391463 0.390816 0.390576 0.390490 0.390461 0.390451 0.390448 0.390447 0.390447 0.390447 0.390447 0.390447 0.390446 0.390445 0.390440 0.390429 0.390399 0.390326 0.390155 0.389770 0.388948 0.387269 0.384011 0.378008 0.367535 0.350276 0.323501 0.284526 0.231499 0.164346 0.085509 0.000000 
50.000000 40.441961 31.449069 23.486390 16.848317 11.634812 7.773958 5.075400 3.293186 2.179668 1.520638 1.150667 0.953386 0.853326 0.804988 0.782715 0.772914 0.768788 0.767126 0.766484 0.766245 0.766160 0.766131 0.766122 0.766119 0.766118 0.766117 0.766117 0.766117 0.766117 0.766116 0.766113 0.766105 0.766085 0.766031 0.765900 0.765592 0.764896 0.763397 0.760319 0.754300 0.743120 0.723438 0.690691 0.639365 0.563866 0.460099 0.327489 0.170708 0.000000 
50.000000 40.572041 31.701518 23.847156 17.299338 12.156676 8.348245 5.686295 3.928233 2.829788 2.179668 1.814692 1.620070 1.521358 1.473669 1.451695 1.442025 1.437955 1.436314 1.435680 1.435445 1.435362 1.435333 1.435323 1.435320 1.435319 1.435319 1.435319 1.435319 1.435318 1.435317 1.435312 1.435299 1.435264 1.435175 1.434955 1.434432 1.433248 1.430680 1.425368 1.414894 1.395257 1.360325 1.301538 1.208251 1.069248 0.875731 0.625492 0.326870 0.000000 
50.000000 40.791772 32.127962 24.456587 18.061261 13.038309 9.318476 6.718409 5.001185 3.928233 3.293186 2.936662 2.746543 2.650111 2.603523 2.582056 2.572608 2.568631 2.567028 2.566409 2.566179 2.566098 2.566069 2.566060 2.566057 2.566056 2.566056 2.566056 2.566056 2.566055 2.566052 2.566045 2.566025 2.565971 2.565831 2.565484 2.564657 2.562771 2.558654 2.550066 2.532976 2.500592 2.442289 2.342828 2.182622 1.940047 1.596748 1.145872 0.600930 0.000000 
50.000000 41.143373 32.810345 25.431806 19.280539 14.449201 10.871207 8.370230 6.718409 5.686295 5.075400 4.732425 4.549524 4.456751 4.411928 4.391273 4.382183 4.378356 4.376814 4.376218 4.375997 4.375918 4.375891 4.375882 4.375879 4.375879 4.375878 4.375878 4.375878 4.375876 4.375873 4.375863 4.375833 4.375755 4.375551 4.375043 4.373827 4.371034 4.364890 4.351962 4.325969 4.276120 4.185115 4.027365 3.768622 3.368925 2.791131 2.016258 1.062849 0.000000 
50.000000 41.675641 33.843380 26.908187 21.126449 16.585269 13.222090 10.871207 9.318476 8.348245 7.773958 7.451524 7.279570 7.192345 7.150202 7.130781 7.122233 7.118634 7.117184 7.116624 7.116416 7.116342 7.116316 7.116308 7.116305 7.116304 7.116304 7.116304 7.116303 7.116302 7.116297 7.116283 7.116244 7.116139 7.115866 7.115180 7.113529 7.109711 7.101247 7.083267 7.046707 6.975647 6.843842 6.611045 6.220752 5.602531 4.683753 3.415831 1.814875 0.000000 
50.000000 42.437021 35.321097 29.020135 23.767070 19.641051 16.585269 14.449201 13.038309 12.156676 11.634812 11.341798 11.185528 11.106255 11.067952 11.050299 11.042529 11.039258 11.037940 11.037430 11.037241 11.037174 11.037151 11.037143 11.037141 11.037140 11.037140 11.037139 11.037139 11.037137 11.037131 11.037114 11.037067 11.036939 11.036603 11.035758 11.033711 11.028947 11.018297 10.995447 10.948425 10.855686 10.680579 10.364517 9.820526 8.931404 7.561090 5.593119 3.009933 0.000000 
50.000000 43.464990 37.316240 31.871634 27.332442 23.767070 21.126449 19.280539 18.061261 17.299338 16.848317 16.595069 16.460001 16.391480 16.358370 16.343110 16.336393 16.333566 16.332426 16.331985 16.331822 16.331763 16.331743 16.331737 16.331735 16.331734 16.331734 16.331733 16.331733 16.331731 16.331724 16.331706 16.331654 16.331514 16.331143 16.330207 16.327927 16.322584 16.310543 16.284451 16.230090 16.121214 15.911614 15.523918 14.835666 13.666221 11.775634 8.903047 4.898326 0.000000 
50.000000 44.773678 39.856245 35.501909 31.871634 29.020135 26.908187 25.431806 24.456587 23.847156 23.486390 23.283813 23.175765 23.120950 23.094462 23.082253 23.076879 23.074616 23.073704 23.073351 23.073221 23.073174 23.073158 23.073153 23.073151 23.073150 23.073150 23.073150 23.073149 23.073147 23.073141 23.073124 23.073074 23.072939 23.072581 23.071673 23.069450 23.064210 23.052313 23.026291 22.971425 22.859839 22.640676 22.224433 21.459045 20.096000 17.750955 13.889971 7.961044 0.000000 
50.000000 46.343360 42.902823 39.856245 37.316240 35.321097 33.843380 32.810345 32.127962 31.701518 31.449069 31.307310 31.231698 31.193337 31.174799 31.166254 31.162493 31.160909 31.160271 31.160024 31.159932 31.159900 31.159889 31.159885 31.159884 31.159883 31.159883 31.159883 31.159882 31.159881 31.159876 31.159862 31.159823 31.159714 31.159428 31.158699 31.156907 31.152662 31.142963 31.121580 31.076027 30.982090 30.794087 30.427549 29.727978 28.413193 25.966274 21.451412 13.316873 0.000000 
50.000000 48.116011 46.343360 44.773678 43.464990 42.437021 41.675641 41.143373 40.791772 40.572041 40.441961 40.368915 40.329953 40.310185 40.300633 40.296229 40.294291 40.293475 40.293146 40.293019 40.292971 40.292955 40.292949 40.292947 40.292946 40.292946 40.292946 40.292946 40.292946 40.292945 40.292942 40.292934 40.292912 40.292852 40.292692 40.292284 40.291278 40.288889 40.283406 40.271253 40.245171 40.190842 40.080524 39.860766 39.427088 38.566664 36.812634 33.026487 24.058005 0.000000 
50.000000 50.000000 50.000000 50.000000 50.000000 50.000000 50.000000 50.000000 50.000000 50.000000 50.000000 50.000000 50.000000 50.000000 50.000000 50.000000 50.000000 50.000000 50.000000 50.000000 50.000000 50.000000 50.000000 50.000000 50.000000 50.000000 50.000000 50.000000 50.000000 50.000000 50.000000 50.000000 50.000000 50.000000 50.000000 50.000000 50.000000 50.000000 50.000000 50.000000 50.000000 50.000000 50.000000 50.000000 50.000000 50.000000 50.000000 50.000000 50.000000 50.000000 
