50.000000 50.000000 50.000000 50.000000 50.000000 50.000000 50.000000 50.000000 50.000000 50.000000 50.000000 50.000000 50.000000 50.000000 50.000000 50.000000 50.000000 50.000000 50.000000 50.000000 50.000000 50.000000 50.000000 50.000000 50.000000 50.000000 50.000000 50.000000 50.000000 50.000000 50.000000 50.000000 50.000000 50.000000 50.000000 50.000000 50.000000 50.000000 50.000000 50.000000 50.000000 50.000000 50.000000 50.000000 50.000000 50.000000 50.000000 50.000000 50.000000 50.000000 
50.000000 48.869367 47.778861 46.764339 45.853880 45.065590 44.407001 43.875944 43.462536 43.151754 42.926063 42.767682 42.660234 42.589738 42.544987 42.517491 42.501129 42.491697 42.486427 42.483571 42.482069 42.481303 42.480923 42.480740 42.480653 42.480612 42.480590 42.480571 42.480542 42.480483 42.480360 42.480102 42.479576 42.478525 42.476475 42.472569 42.465288 42.451999 42.428222 42.386428 42.314072 42.190236 41.979637 41.621118 41.003564 39.910118 37.874014 33.762036 24.434684 0.000000 
50.000000 47.778861 45.636552 43.643518 41.854916 40.306320 39.012526 37.969269 37.157135 36.546610 36.103249 35.792114 35.581039 35.442553 35.354644 35.300628 35.268488 35.249960 35.239607 35.233997 35.231047 35.229541 35.228795 35.228435 35.228265 35.228185 35.228141 35.228105 35.228050 35.227940 35.227709 35.227226 35.226241 35.224278 35.220455 35.213182 35.199660 35.175058 35.131211 35.054539 34.922725 34.699300 34.324575 33.699792 32.658162 30.910051 27.938739 22.818276 14.016825 0.000000 
50.000000 46.764339 43.643518 40.740157 38.134609 35.878699 33.993975 32.474227 31.291168 30.401806 29.755957 29.302728 28.995256 28.793527 28.665473 28.586792 28.539976 28.512987 28.497907 28.489735 28.485438 28.483245 28.482158 28.481634 28.481387 28.481270 28.481207 28.481157 28.481082 28.480933 28.480621 28.479972 28.478650 28.476018 28.470908 28.461219 28.443271 28.410774 28.353204 28.253317 28.083329 27.799098 27.331205 26.571238 25.350891 23.411840 20.370078 15.704778 8.890326 0.000000 
50.000000 45.853880 41.854916 38.134609 34.795925 31.905268 29.490251 27.542911 26.027001 24.887427 24.059882 23.479152 23.085188 22.826714 22.662642 22.561831 22.501848 22.467270 22.447949 22.437479 22.431975 22.429165 22.427773 22.427101 22.426784 22.426635 22.426557 22.426496 22.426409 22.426237 22.425879 22.425135 22.423623 22.420623 22.414818 22.403855 22.383646 22.347275 22.283327 22.173414 21.988600 21.684355 21.193636 20.417890 19.216513 17.397963 14.722769 10.944865 5.943762 0.000000 
50.000000 45.065590 40.306320 35.878699 31.905268 28.465058 25.590931 23.273404 21.469337 20.113154 19.128321 18.437221 17.968388 17.660798 17.465551 17.345587 17.274209 17.233063 17.210072 17.197614 17.191064 17.187721 17.186064 17.185265 17.184889 17.184712 17.184622 17.184554 17.184462 17.184283 17.183913 17.183147 17.181593 17.178522 17.172602 17.161475 17.141080 17.104624 17.041059 16.932923 16.753410 16.462588 16.002905 15.294576 14.232529 12.688755 10.527808 7.648158 4.062026 0.000000 
50.000000 44.407001 39.012526 33.993975 29.490251 25.590931 22.333259 19.706485 17.661702 16.124580 15.008365 14.225079 13.693714 13.345104 13.123821 12.987863 12.906970 12.860339 12.834284 12.820166 12.812744 12.808956 12.807078 12.806173 12.805747 12.805548 12.805448 12.805378 12.805287 12.805116 12.804763 12.804035 12.802565 12.799670 12.794114 12.783723 12.764795 12.731206 12.673149 12.575416 12.415229 12.159713 11.763406 11.166629 10.296354 9.072361 7.422737 5.312734 2.785884 0.000000 
50.000000 43.875944 37.969269 32.474227 27.542911 23.273404 19.706485 16.830376 14.591521 12.908527 11.686397 10.828796 10.247027 9.865353 9.623087 9.474239 9.385678 9.334628 9.306104 9.290649 9.282524 9.278377 9.276322 9.275331 9.274866 9.274649 9.274543 9.274472 9.274388 9.274234 9.273920 9.273274 9.271975 9.269427 9.264559 9.255506 9.239116 9.210245 9.160775 9.078352 8.944897 8.735082 8.415188 7.943078 7.270499 6.349274 5.143022 3.644694 1.896307 0.000000 
50.000000 43.462536 37.157135 31.291168 26.027001 21.469337 17.661702 14.591521 12.201615 10.405091 9.100533 8.185102 7.564110 7.156710 6.898119 6.739243 6.644717 6.590229 6.559786 6.543290 6.534618 6.530193 6.528000 6.526943 6.526446 6.526217 6.526106 6.526037 6.525962 6.525832 6.525568 6.525028 6.523947 6.521835 6.517819 6.510389 6.497025 6.473653 6.433942 6.368423 6.263540 6.100808 5.856439 5.501989 5.006748 4.342646 3.492071 2.457835 1.272299 0.000000 
50.000000 43.151754 36.546610 30.401806 24.887427 20.113154 16.124580 12.908527 10.405091 8.523240 7.156737 6.197849 5.547385 5.120656 4.849800 4.683390 4.584384 4.527315 4.495429 4.478153 4.469071 4.464436 4.462139 4.461032 4.460513 4.460273 4.460160 4.460095 4.460030 4.459924 4.459714 4.459287 4.458434 4.456775 4.453635 4.447858 4.437529 4.419592 4.389357 4.339927 4.261620 4.141550 3.963630 3.709351 3.359743 2.898826 2.318477 1.623885 0.837682 0.000000 
50.000000 42.926063 36.103249 29.755957 24.059882 19.128321 15.008365 11.686397 9.100533 7.156737 5.745265 4.754832 4.082977 3.642219 3.362462 3.190587 3.088329 3.029387 2.996456 2.978613 2.969233 2.964447 2.962075 2.960932 2.960396 2.960150 2.960035 2.959973 2.959919 2.959837 2.959677 2.959355 2.958714 2.957474 2.955138 2.950861 2.943259 2.930145 2.908203 2.872633 2.816810 2.732110 2.608045 2.432949 2.195397 1.886469 1.502640 1.048709 0.539636 0.000000 
50.000000 42.767682 35.792114 29.302728 23.479152 18.437221 14.225079 10.828796 8.185102 6.197849 4.754832 3.742272 3.055414 2.604818 2.318819 2.143111 2.038575 1.978320 1.944656 1.926416 1.916828 1.911935 1.909510 1.908342 1.907795 1.907544 1.907429 1.907370 1.907325 1.907263 1.907147 1.906915 1.906456 1.905570 1.903909 1.900884 1.895537 1.886369 1.871136 1.846629 1.808492 1.751161 1.668022 1.551930 1.396163 1.195825 0.949523 0.660904 0.339460 0.000000 
50.000000 42.660234 35.581039 28.995256 23.085188 17.968388 13.693714 10.247027 7.564110 5.547385 4.082977 3.055414 2.358383 1.901118 1.610889 1.432583 1.326503 1.265358 1.231197 1.212689 1.202959 1.197994 1.195534 1.194349 1.193794 1.193540 1.193425 1.193369 1.193331 1.193285 1.193204 1.193044 1.192728 1.192123 1.190992 1.188942 1.185337 1.179192 1.169045 1.152832 1.127794 1.090457 1.036782 0.962508 0.863764 0.737912 0.584482 0.405981 0.208235 0.000000 
50.000000 42.589738 35.442553 28.793527 22.826714 17.660798 13.345104 9.865353 7.156710 5.120656 3.642219 2.604818 1.901118 1.439481 1.146478 0.966470 0.859378 0.797651 0.763164 0.744479 0.734657 0.729645 0.727162 0.725966 0.725405 0.725150 0.725034 0.724980 0.724948 0.724915 0.724860 0.724754 0.724546 0.724149 0.723410 0.722075 0.719741 0.715781 0.709281 0.698960 0.683127 0.659686 0.626238 0.580309 0.519719 0.443068 0.350256 0.242893 0.124450 0.000000 
50.000000 42.544987 35.354644 28.665473 22.662642 17.465551 13.123821 9.623087 6.898119 4.849800 3.362462 2.318819 1.610889 1.146478 0.851717 0.670629 0.562895 0.500799 0.466106 0.447309 0.437429 0.432387 0.429889 0.428685 0.428122 0.427865 0.427750 0.427698 0.427670 0.427645 0.427609 0.427541 0.427409 0.427159 0.426694 0.425858 0.424403 0.421946 0.417935 0.411601 0.401941 0.387729 0.367582 0.340098 0.304077 0.258788 0.204254 0.141461 0.072418 0.000000 
50.000000 42.517491 35.300628 28.586792 22.561832 17.345587 12.987863 9.474239 6.739243 4.683390 3.190587 2.143111 1.432583 0.966470 0.670629 0.488879 0.380751 0.318428 0.283609 0.264744 0.254828 0.249767 0.247260 0.246052 0.245487 0.245229 0.245115 0.245063 0.245038 0.245020 0.244996 0.244954 0.244874 0.244721 0.244440 0.243936 0.243061 0.241591 0.239202 0.235449 0.229755 0.221424 0.209680 0.193750 0.172985 0.147013 0.115883 0.080174 0.041015 0.000000 
50.000000 42.501129 35.268488 28.539976 22.501848 17.274209 12.906970 9.385678 6.644717 4.584384 3.088329 2.038575 1.326503 0.859378 0.562895 0.380751 0.272390 0.209932 0.175037 0.156132 0.146194 0.141123 0.138610 0.137400 0.136834 0.136576 0.136461 0.136410 0.136387 0.136373 0.136357 0.136332 0.136284 0.136195 0.136030 0.135737 0.135229 0.134380 0.133005 0.130855 0.127609 0.122882 0.116251 0.107300 0.095687 0.081225 0.063957 0.044211 0.022605 0.000000 
50.000000 42.491698 35.249960 28.512987 22.467270 17.233063 12.860339 9.334628 6.590230 4.527315 3.029388 1.978321 1.265359 0.797651 0.500799 0.318428 0.209932 0.147396 0.112459 0.093530 0.083580 0.078503 0.075987 0.074775 0.074208 0.073950 0.073835 0.073785 0.073763 0.073751 0.073741 0.073726 0.073699 0.073648 0.073555 0.073390 0.073105 0.072631 0.071865 0.070674 0.068882 0.066283 0.062653 0.057774 0.051470 0.043648 0.034338 0.023719 0.012122 0.000000 
50.000000 42.486427 35.239607 28.497907 22.447949 17.210072 12.834285 9.306105 6.559786 4.495430 2.996457 1.944657 1.231198 0.763165 0.466107 0.283610 0.175038 0.112459 0.077498 0.058556 0.048599 0.043518 0.041000 0.039788 0.039221 0.038962 0.038848 0.038798 0.038776 0.038766 0.038759 0.038750 0.038735 0.038707 0.038656 0.038566 0.038412 0.038155 0.037743 0.037103 0.036144 0.034759 0.032832 0.030250 0.026926 0.022815 0.017935 0.012381 0.006325 0.000000 
50.000000 42.483571 35.233997 28.489736 22.437480 17.197615 12.820168 9.290651 6.543292 4.478155 2.978615 1.926418 1.212691 0.744481 0.447311 0.264746 0.156134 0.093532 0.058557 0.039608 0.029647 0.024565 0.022046 0.020833 0.020266 0.020007 0.019893 0.019843 0.019822 0.019813 0.019807 0.019802 0.019794 0.019779 0.019752 0.019704 0.019623 0.019489 0.019273 0.018940 0.018443 0.017726 0.016733 0.015406 0.013703 0.011603 0.009115 0.006289 0.003212 0.000000 
50.000000 42.482070 35.231049 28.485441 22.431978 17.191068 12.812748 9.282528 6.534623 4.469076 2.969239 1.916833 1.202965 0.734663 0.437434 0.254833 0.146199 0.083585 0.048603 0.029651 0.019688 0.014605 0.012085 0.010873 0.010305 0.010046 0.009932 0.009882 0.009861 0.009852 0.009848 0.009844 0.009840 0.009832 0.009818 0.009794 0.009753 0.009685 0.009575 0.009407 0.009156 0.008797 0.008299 0.007636 0.006788 0.005744 0.004510 0.003110 0.001588 0.000000 
50.000000 42.481305 35.229546 28.483252 22.429173 17.187731 12.808966 9.278389 6.530205 4.464449 2.964460 1.911949 1.198008 0.729659 0.432401 0.249781 0.141137 0.078516 0.043531 0.024577 0.014613 0.009529 0.007010 0.005797 0.005229 0.004970 0.004856 0.004806 0.004786 0.004777 0.004773 0.004771 0.004768 0.004764 0.004757 0.004745 0.004725 0.004691 0.004637 0.004554 0.004431 0.004255 0.004013 0.003690 0.003279 0.002773 0.002176 0.001500 0.000766 0.000000 
50.000000 42.480928 35.228806 28.482174 22.427792 17.186088 12.807105 9.276351 6.528030 4.462171 2.962108 1.909544 1.195568 0.727196 0.429923 0.247294 0.138645 0.076021 0.041034 0.022079 0.012115 0.007030 0.004511 0.003298 0.002730 0.002471 0.002357 0.002308 0.002287 0.002278 0.002274 0.002273 0.002271 0.002269 0.002266 0.002260 0.002250 0.002234 0.002208 0.002168 0.002108 0.002024 0.001908 0.001754 0.001557 0.001316 0.001033 0.000712 0.000363 0.000000 
50.000000 42.480753 35.228461 28.481672 22.427149 17.185322 12.806237 9.275401 6.527017 4.461110 2.961012 1.908424 1.194432 0.726049 0.428769 0.246136 0.137484 0.074859 0.039871 0.020915 0.010951 0.005867 0.003347 0.002134 0.001566 0.001308 0.001193 0.001144 0.001123 0.001114 0.001111 0.001109 0.001108 0.001107 0.001106 0.001103 0.001098 0.001089 0.001077 0.001057 0.001028 0.000986 0.000929 0.000854 0.000758 0.000640 0.000502 0.000346 0.000176 0.000000 
50.000000 42.480685 35.228327 28.481476 22.426899 17.185024 12.805899 9.275032 6.526623 4.460697 2.960585 1.907988 1.193989 0.725602 0.428319 0.245685 0.137032 0.074406 0.039418 0.020462 0.010498 0.005413 0.002894 0.001681 0.001113 0.000854 0.000740 0.000690 0.000670 0.000661 0.000658 0.000656 0.000655 0.000655 0.000654 0.000652 0.000649 0.000644 0.000636 0.000624 0.000607 0.000582 0.000548 0.000504 0.000447 0.000377 0.000296 0.000204 0.000104 0.000000 
50.000000 42.480685 35.228327 28.481476 22.426899 17.185024 12.805899 9.275032 6.526623 4.460697 2.960585 1.907988 1.193989 0.725602 0.428319 0.245685 0.137032 0.074406 0.039418 0.020462 0.010498 0.005413 0.002894 0.001681 0.001113 0.000854 0.000740 0.000690 0.000670 0.000661 0.000658 0.000656 0.000655 0.000655 0.000654 0.000652 0.000649 0.000644 0.000636 0.000624 0.000607 0.000582 0.000548 0.000504 0.000447 0.000377 0.000296 0.000204 0.000104 0.000000 
50.000000 42.480753 35.228461 28.481672 22.427149 17.185322 12.806237 9.275401 6.527017 4.461110 2.961012 1.908424 1.194432 0.726049 0.428769 0.246136 0.137484 0.074859 0.039871 0.020915 0.010951 0.005867 0.003347 0.002134 0.001566 0.001308 0.001193 0.001144 0.001123 0.001114 0.001111 0.001109 0.001108 0.001107 0.001106 0.001103 0.001098 0.001089 0.001077 0.001057 0.001028 0.000986 0.000929 0.000854 0.000758 0.000640 0.000502 0.000346 0.000176 0.000000 
50.000000 42.480928 35.228806 28.482174 22.427792 17.186088 12.807105 9.276351 6.528030 4.462171 2.962108 1.909544 1.195568 0.727196 0.429923 0.247294 0.138645 0.076021 0.041034 0.022079 0.012115 0.007030 0.004511 0.003298 0.002730 0.002471 0.002357 0.002308 0.002287 0.002278 0.002274 0.002273 0.002271 0.002269 0.002266 0.002260 0.002250 0.002234 0.002208 0.002168 0.002108 0.002024 0.001908 0.001754 0.001557 0.001316 0.001033 0.000712 0.000363 0.000000 
50.000000 42.481305 35.229546 28.483252 22.429173 17.187731 12.808966 9.278389 6.530205 4.464449 2.964460 1.911949 1.198008 0.729659 0.432401 0.249781 0.141137 0.078516 0.043531 0.024577 0.014613 0.009529 0.007010 0.005797 0.005229 0.004970 0.004856 0.004806 0.004786 0.004777 0.004773 0.004771 0.004768 0.004764 0.004757 0.004745 0.004725 0.004691 0.004637 0.004554 0.004431 0.004255 0.004013 0.003690 0.003279 0.002773 0.002176 0.001500 0.000766 0.000000 
50.000000 42.482070 35.231049 28.485441 22.431978 17.191068 12.812748 9.282528 6.534623 4.469076 2.969239 1.916833 1.202965 0.734663 0.437434 0.254833 0.146199 0.083585 0.048603 0.029651 0.019688 0.014605 0.012085 0.010873 0.010305 0.010046 0.009932 0.009882 0.009861 0.009852 0.009848 0.009844 0.009840 0.009832 0.009818 0.009794 0.009753 0.009685 0.009575 0.009407 0.009156 0.008797 0.008299 0.007636 0.006788 0.005744 0.004510 0.003110 0.001588 0.000000 
50.000000 42.483571 35.233997 28.489736 22.437480 17.197615 12.820168 9.290651 6.543292 4.478155 2.978615 1.926418 1.212691 0.744481 0.447311 0.264746 0.156134 0.093532 0.058557 0.039608 0.029647 0.024565 0.022046 0.020833 0.020266 0.020007 0.019893 0.019843 0.019822 0.019813 0.019807 0.019802 0.019794 0.019779 0.019752 0.019704 0.019623 0.019489 0.019273 0.018940 0.018443 0.017726 0.016733 0.015406 0.013703 0.011603 0.009115 0.006289 0.003212 0.000000 
50.000000 42.486427 35.239607 28.497907 22.447949 17.210072 12.834285 9.306105 6.559786 4.495430 2.996457 1.944657 1.231198 0.763165 0.466107 0.283610 0.175038 0.112459 0.077498 0.058556 0.048599 0.043518 0.041000 0.039788 0.039221 0.038962 0.038848 0.038798 0.038776 0.038766 0.038759 0.038750 0.038735 0.038707 0.038656 0.038566 0.038412 0.038155 0.037743 0.037103 0.036144 0.034759 0.032832 0.030250 0.026926 0.022815 0.017935 0.012381 0.006325 0.000000 
50.000000 42.491698 35.249960 28.512987 22.467270 17.233063 12.860339 9.334628 6.590230 4.527315 3.029388 1.978321 1.265359 0.797651 0.500799 0.318428 0.209932 0.147396 0.112459 0.093530 0.083580 0.078503 0.075987 0.074775 0.074208 0.073950 0.073835 0.073785 0.073763 0.073751 0.073741 0.073726 0.073699 0.073648 0.073555 0.073390 0.073105 0.072631 0.071865 0.070674 0.068882 0.066283 0.062653 0.057774 0.051470 0.043648 0.034338 0.023719 0.012122 0.000000 
50.000000 42.501129 35.268488 28.539976 22.501848 17.274209 12.906970 9.385678 6.644717 4.584384 3.088329 2.038575 1.326503 0.859378 0.562895 0.380751 0.272390 0.209932 0.175037 0.156132 0.146194 0.141123 0.138610 0.137400 0.136834 0.136576 0.136461 0.136410 0.136387 0.136373 0.136357 0.136332 0.136284 0.136195 0.136030 0.135737 0.135229 0.134380 0.133005 0.130855 0.127609 0.122882 0.116251 0.107300 0.095687 0.081225 0.063957 0.044211 0.022605 0.000000 
50.000000 42.517491 35.300628 28.586792 22.561832 17.345587 12.987863 9.474239 6.739243 4.683390 3.190587 2.143111 1.432583 0.966470 0.670629 0.488879 0.380751 0.318428 0.283609 0.264744 0.254828 0.249767 0.247260 0.246052 0.245487 0.245229 0.245115 0.245063 0.245038 0.245020 0.244996 0.244954 0.244874 0.244721 0.244440 0.243936 0.243061 0.241591 0.239202 0.235449 0.229755 0.221424 0.209680 0.193750 0.172985 0.147013 0.115883 0.080174 0.041015 0.000000 
50.000000 42.544987 35.354644 28.665473 22.662642 17.465551 13.123821 9.623087 6.898119 4.849800 3.362462 2.318819 1.610889 1.146478 0.851717 0.670629 0.562895 0.500799 0.466106 0.447309 0.437429 0.432387 0.429889 0.428685 0.428122 0.427865 0.427750 0.427698 0.427670 0.427645 0.427609 0.427541 0.427409 0.427159 0.426694 0.425858 0.424403 0.421946 0.417935 0.411601 0.401941 0.387729 0.367582 0.340098 0.304077 0.258788 0.204254 0.141461 0.072418 0.000000 
50.000000 42.589738 35.442553 28.793527 22.826714 17.660798 13.345104 9.865353 7.156710 5.120656 3.642219 2.604818 1.901118 1.439481 1.146478 0.966470 0.859378 0.797651 0.763164 0.744479 0.734657 0.729645 0.727162 0.725966 0.725405 0.725150 0.725034 0.724980 0.724948 0.724915 0.724860 0.724754 0.724546 0.724149 0.723410 0.722075 0.719741 0.715781 0.709281 0.698960 0.683127 0.659686 0.626238 0.580309 0.519719 0.443068 0.350256 0.242893 0.124450 0.000000 
50.000000 42.660234 35.581039 28.995256 23.085188 17.968388 13.693714 10.247027 7.564110 5.547385 4.082977 3.055414 2.358383 1.901118 1.610889 1.432583 1.326503 1.265358 1.231197 1.212689 1.202959 1.197994 1.195534 1.194349 1.193794 1.193540 1.193425 1.193369 1.193331 1.193285 1.193204 1.193044 1.192728 1.192123 1.190992 1.188942 1.185337 1.179192 1.169045 1.152832 1.127794 1.090457 1.036782 0.962508 0.863764 0.737912 0.584482 0.405981 0.208235 0.000000 
50.000000 42.767682 35.792114 29.302728 23.479152 18.437221 14.225079 10.828796 8.185102 6.197849 4.754832 3.742272 3.055414 2.604818 2.318819 2.143111 2.038575 1.978320 1.944656 1.926416 1.916828 1.911935 1.909510 1.908342 1.907795 1.907544 1.907429 1.907370 1.907325 1.907263 1.907147 1.906915 1.906456 1.905570 1.903909 1.900884 1.895537 1.886369 1.871136 1.846629 1.808492 1.751161 1.668022 1.551930 1.396163 1.195825 0.949523 0.660904 0.339460 0.000000 
50.000000 42.926063 36.103249 29.755957 24.059882 19.128321 15.008365 11.686397 9.100533 7.156737 5.745265 4.754832 4.082977 3.642219 3.362462 3.190587 3.088329 3.029387 2.996456 2.978613 2.969233 2.964447 2.962075 2.960932 2.960396 2.960150 2.960035 2.959973 2.959919 2.959837 2.959677 2.959355 2.958714 2.957474 2.955138 2.950861 2.943259 2.930145 2.908203 2.872633 2.816810 2.732110 2.608045 2.432949 2.195397 1.886469 1.502640 1.048709 0.539636 0.000000 
50.000000 43.151754 36.546610 30.401806 24.887427 20.113154 16.124580 12.908527 10.405091 8.523240 7.156737 6.197849 5.547385 5.120656 4.849800 4.683390 4.584384 4.527315 4.495429 4.478153 4.469071 4.464436 4.462139 4.461032 4.460513 4.460273 4.460160 4.460095 4.460030 4.459924 4.459714 4.459287 4.458434 4.456775 4.453635 4.447858 4.437529 4.419592 4.389357 4.339927 4.261620 4.141550 3.963630 3.709351 3.359743 2.898826 2.318477 1.623885 0.837682 0.000000 
50.000000 43.462536 37.157135 31.291168 26.027001 21.469337 17.661702 14.591521 12.201615 10.405091 9.100533 8.185102 7.564110 7.156710 6.898119 6.739243 6.644717 6.590229 6.559786 6.543290 6.534618 6.530193 6.528000 6.526943 6.526446 6.526217 6.526106 6.526037 6.525962 6.525832 6.525568 6.525028 6.523947 6.521835 6.517819 6.510389 6.497025 6.473653 6.433942 6.368423 6.263540 6.100808 5.856439 5.501989 5.006748 4.342646 3.492071 2.457835 1.272299 0.000000 
50.000000 43.875944 37.969269 32.474227 27.542911 23.273404 19.706485 16.830376 14.591521 12.908527 11.686397 10.828796 10.247027 9.865353 9.623087 9.474239 9.385678 9.334628 9.306104 9.290649 9.282524 9.278377 9.276322 9.275331 9.274866 9.274649 9.274543 9.274472 9.274388 9.274234 9.273920 9.273274 9.271975 9.269427 9.264559 9.255506 9.239116 9.210245 9.160775 9.078352 8.944897 8.735082 8.415188 7.943078 7.270499 6.349274 5.143022 3.644694 1.896307 0.000000 
50.000000 44.407001 39.012526 33.993975 29.490251 25.590931 22.333259 19.706485 17.661702 16.124580 15.008365 14.225079 13.693714 13.345104 13.123821 12.987863 12.906970 12.860339 12.834284 12.820166 12.812744 12.808956 12.807078 12.806173 12.805747 12.805548 12.805448 12.805378 12.805287 12.805116 12.804763 12.804035 12.802565 12.799670 12.794114 12.783723 12.764795 12.731206 12.673149 12.575416 12.415229 12.159713 11.763406 11.166629 10.296354 9.072361 7.422737 5.312734 2.785884 0.000000 
50.000000 45.065590 40.306320 35.878699 31.905268 28.465058 25.590931 23.273404 21.469337 20.113154 19.128321 18.437221 17.968388 17.660798 17.465551 17.345587 17.274209 17.233063 17.210072 17.197614 17.191064 17.187721 17.186064 17.185265 17.184889 17.184712 17.184622 17.184554 17.184462 17.184283 17.183913 17.183147 17.181593 17.178522 17.172602 17.161475 17.141080 17.104624 17.041059 16.932923 16.753410 16.462588 16.002905 15.294576 14.232529 12.688755 10.527808 7.648158 4.062026 0.000000 
50.000000 45.853880 41.854916 38.134609 34.795925 31.905268 29.490251 27.542911 26.027001 24.887427 24.059882 23.479152 23.085188 22.826714 22.662642 22.561831 22.501848 22.467270 22.447949 22.437479 22.431975 22.429165 22.427773 22.427101 22.426784 22.426635 22.426557 22.426496 22.426409 22.426237 22.425879 22.425135 22.423623 22.420623 22.414818 22.403855 22.383646 22.347275 22.283327 22.173414 21.988600 21.684355 21.193636 20.417890 19.216513 17.397963 14.722769 10.944865 5.943762 0.000000 
50.000000 46.764339 43.643518 40.740157 38.134609 35.878699 33.993975 32.474227 31.291168 30.401806 29.755957 29.302728 28.995256 28.793527 28.665473 28.586792 28.539976 28.512987 28.497907 28.489735 28.485438 28.483245 28.482158 28.481634 28.481387 28.481270 28.481207 28.481157 28.481082 28.480933 28.480621 28.479972 28.478650 28.476018 28.470908 28.461219 28.443271 28.410774 28.353204 28.253317 28.083329 27.799098 27.331205 26.571238 25.350891 23.411840 20.370078 15.704778 8.890326 0.000000 
50.000000 47.778861 45.636552 43.643518 41.854916 40.306320 39.012526 37.969269 37.157135 36.546610 36.103249 35.792114 35.581039 35.442553 35.354644 35.300628 35.268488 35.249960 35.239607 35.233997 35.231047 35.229541 35.228795 35.228435 35.228265 35.228185 35.228141 35.228105 35.228050 35.227940 35.227709 35.227226 35.226241 35.224278 35.220455 35.213182 35.199660 35.175058 35.131211 35.054539 34.922725 34.699300 34.324575 33.699792 32.658162 30.910051 27.938739 22.818276 14.016825 0.000000 
50.000000 48.869367 47.778861 46.764339 45.853880 45.065590 44.407001 43.875944 43.462536 43.151754 42.926063 42.767682 42.660234 42.589738 42.544987 42.517491 42.501129 42.491697 42.486427 42.483571 42.482069 42.481303 42.480923 42.480740 42.480653 42.480612 42.480590 42.480571 42.480542 42.480483 42.480360 42.480102 42.479576 42.478525 42.476475 42.472569 42.465288 42.451999 42.428222 42.386428 42.314072 42.190236 41.979637 41.621118 41.003564 39.910118 37.874014 33.762036 24.434684 0.000000 
50.000000 50.000000 50.000000 50.000000 50.000000 50.000000 50.000000 50.000000 50.000000 50.000000 50.000000 50.000000 50.000000 50.000000 50.000000 50.000000 50.000000 50.000000 50.000000 50.000000 50.000000 50.000000 50.000000 50.000000 50.000000 50.000000 50.000000 50.000000 50.000000 50.000000 50.000000 50.000000 50.000000 50.000000 50.000000 50.000000 50.000000 50.000000 50.000000 50.000000 50.000000 50.000000 50.000000 50.000000 50.000000 50.000000 50.000000 50.000000 50.000000 50.000000 
