50.000000 50.000000 50.000000 50.000000 50.000000 50.000000 50.000000 50.000000 50.000000 50.000000 50.000000 50.000000 50.000000 50.000000 50.000000 50.000000 50.000000 50.000000 50.000000 50.000000 50.000000 50.000000 50.000000 50.000000 50.000000 50.000000 50.000000 50.000000 50.000000 50.000000 50.000000 50.000000 50.000000 50.000000 50.000000 50.000000 50.000000 50.000000 50.000000 50.000000 50.000000 50.000000 50.000000 50.000000 50.000000 50.000000 50.000000 50.000000 50.000000 50.000000 
50.000000 48.865337 47.771088 46.753350 45.840361 45.050291 44.390642 43.859138 43.445749 43.135296 42.910097 42.752255 42.645317 42.575256 42.530851 42.503611 42.487430 42.478119 42.472927 42.470118 42.468645 42.467894 42.467523 42.467344 42.467260 42.467220 42.467199 42.467180 42.467152 42.467095 42.466974 42.466722 42.466204 42.465170 42.463150 42.459292 42.452090 42.438927 42.415340 42.373828 42.301873 42.178591 41.968727 41.611153 40.994772 39.902730 37.868248 33.758077 24.432669 0.000000 
50.000000 47.771088 45.621563 43.622339 41.828883 40.276892 38.981096 37.937029 37.124987 36.515146 36.072778 35.762724 35.552663 35.415042 35.327816 35.274309 35.242526 35.224238 35.214038 35.208521 35.205627 35.204153 35.203423 35.203072 35.202907 35.202829 35.202787 35.202752 35.202698 35.202591 35.202365 35.201892 35.200925 35.198993 35.195225 35.188045 35.174673 35.150307 35.106821 35.030683 34.899629 34.677250 34.303918 33.680925 32.641516 30.896062 27.927822 22.810782 14.013010 0.000000 
50.000000 46.753350 43.622339 40.710261 38.097912 35.837287 33.949842 32.429070 31.246268 30.357994 29.713659 29.262049 28.956087 28.755639 28.628594 28.550661 28.504369 28.477732 28.462876 28.454842 28.450627 28.448480 28.447418 28.446907 28.446666 28.446553 28.446493 28.446444 28.446371 28.446226 28.445921 28.445285 28.443986 28.441398 28.436364 28.426801 28.409059 28.376885 28.319811 28.220653 28.051705 27.768907 27.302921 26.545405 25.328097 23.392687 20.355130 15.694517 8.885102 0.000000 
50.000000 45.840361 41.828883 38.097912 34.750966 31.854660 29.436484 27.488096 25.972720 24.834694 24.009202 23.430627 23.038650 22.781852 22.619095 22.519256 22.459954 22.425830 22.406799 22.396507 22.391108 22.388357 22.386997 22.386343 22.386035 22.385890 22.385815 22.385756 22.385670 22.385503 22.385153 22.384425 22.382941 22.379992 22.374275 22.363460 22.343493 22.307503 22.244134 22.135077 21.951485 21.648921 21.160440 20.387570 19.189761 17.375483 14.705225 10.932821 5.937631 0.000000 
50.000000 45.050291 40.276892 35.837287 31.854660 28.408278 25.530851 23.212449 21.409305 20.055182 19.072949 18.384523 17.918130 17.612584 17.418932 17.300144 17.229588 17.188989 17.166347 17.154103 17.147678 17.144407 17.142788 17.142010 17.141644 17.141473 17.141385 17.141320 17.141230 17.141057 17.140695 17.139945 17.138421 17.135404 17.129578 17.118607 17.098468 17.062416 16.999467 16.892240 16.714022 16.424985 15.967676 15.262400 14.204139 12.664899 10.509189 7.635376 4.055519 0.000000 
50.000000 44.390642 38.981096 33.949842 29.436484 25.530851 22.270011 19.642704 17.599326 16.064808 14.951735 14.171616 13.643110 13.296876 13.077441 12.942839 12.862891 12.816889 12.791234 12.777360 12.770082 12.766375 12.764541 12.763660 12.763246 12.763053 12.762956 12.762888 12.762800 12.762633 12.762289 12.761577 12.760137 12.757295 12.751830 12.741594 12.722917 12.689725 12.632273 12.535433 12.376519 12.122756 11.728783 11.135005 10.268452 9.048914 7.404438 5.300171 2.779489 0.000000 
50.000000 43.859138 37.937029 32.429070 27.488096 23.212449 19.642704 16.766530 14.529617 12.849777 11.631307 10.777330 10.198794 9.819791 9.579591 9.432255 9.344744 9.294392 9.266311 9.251126 9.243160 9.239103 9.237096 9.236131 9.235679 9.235469 9.235366 9.235298 9.235216 9.235067 9.234760 9.234129 9.232858 9.230358 9.225575 9.216664 9.200506 9.172000 9.123088 9.041488 8.909206 8.701008 8.383265 7.913921 7.244772 6.327655 5.126149 3.633111 1.890411 0.000000 
50.000000 43.445749 37.124987 31.246268 25.972720 21.409305 17.599326 14.529617 12.142206 10.349365 9.048944 8.137541 7.520111 7.115633 6.859292 6.702057 6.608669 6.554936 6.524971 6.508766 6.500265 6.495936 6.493795 6.492766 6.492284 6.492061 6.491954 6.491888 6.491815 6.491688 6.491431 6.490905 6.489847 6.487778 6.483835 6.476530 6.463367 6.440314 6.401089 6.336287 6.232427 6.071103 5.828609 5.476570 4.984320 4.323799 3.477361 2.447736 1.267159 0.000000 
50.000000 43.135296 36.515146 30.357994 24.834694 20.055182 16.064808 12.849777 10.349365 8.471682 7.109736 6.155224 5.508598 5.084999 4.816544 4.651880 4.554082 4.497812 4.466433 4.449465 4.440563 4.436030 4.433788 4.432710 4.432206 4.431974 4.431864 4.431801 4.431739 4.431636 4.431431 4.431015 4.430182 4.428558 4.425479 4.419805 4.409643 4.391969 4.362137 4.313301 4.235841 4.116938 3.940572 3.688290 3.341160 2.883210 2.306289 1.615518 0.833423 0.000000 
50.000000 42.910097 36.072778 29.713659 24.009202 19.072949 14.951735 11.631307 9.048944 7.109736 5.703176 4.717408 4.049613 3.612153 3.334917 3.164869 3.063875 3.005767 2.973363 2.955841 2.946649 2.941968 2.939653 2.938541 2.938020 2.937782 2.937671 2.937611 2.937559 2.937479 2.937324 2.937010 2.936385 2.935173 2.932885 2.928689 2.921219 2.908313 2.886690 2.851588 2.796435 2.712657 2.589820 2.416302 2.180709 1.874125 1.493005 1.042095 0.536269 0.000000 
50.000000 42.752255 35.762724 29.262049 23.430627 18.384523 14.171616 10.777330 8.137541 6.155224 4.717408 3.709741 3.027119 2.579950 2.296563 2.122746 2.019514 1.960119 1.926998 1.909088 1.899693 1.894909 1.892543 1.891406 1.890874 1.890631 1.890520 1.890463 1.890420 1.890360 1.890247 1.890021 1.889574 1.888709 1.887085 1.884122 1.878874 1.869863 1.854871 1.830718 1.793087 1.736453 1.654242 1.539343 1.385056 1.186492 0.942239 0.655903 0.336914 0.000000 
50.000000 42.645317 35.552663 28.956087 23.038650 17.918130 13.643110 10.198794 7.520111 5.508598 4.049613 3.027119 2.334457 1.880715 1.593166 1.416796 1.312050 1.251784 1.218178 1.200006 1.190473 1.185619 1.183219 1.182065 1.181526 1.181280 1.181169 1.181115 1.181079 1.181035 1.180956 1.180800 1.180493 1.179903 1.178799 1.176793 1.173260 1.167229 1.157256 1.141300 1.116628 1.079797 1.026794 0.953384 0.855714 0.731147 0.579202 0.402356 0.206390 0.000000 
50.000000 42.575256 35.415042 28.755639 22.781852 17.612584 13.296876 9.819791 7.115633 5.084999 3.612153 2.579950 1.880715 1.422669 1.132395 0.954356 0.848618 0.787783 0.753859 0.735516 0.725893 0.720993 0.718570 0.717406 0.716862 0.716614 0.716503 0.716451 0.716420 0.716388 0.716335 0.716232 0.716030 0.715643 0.714923 0.713619 0.711335 0.707455 0.701076 0.690934 0.675355 0.652266 0.619285 0.573958 0.514115 0.438359 0.346580 0.240369 0.123165 0.000000 
50.000000 42.530851 35.327816 28.628594 22.619095 17.418932 13.077441 9.579591 6.859292 4.816544 3.334917 2.296563 1.593166 1.132395 0.840396 0.661299 0.554934 0.493738 0.459613 0.441161 0.431482 0.426553 0.424116 0.422945 0.422398 0.422149 0.422038 0.421988 0.421961 0.421938 0.421902 0.421837 0.421709 0.421465 0.421013 0.420198 0.418776 0.416373 0.412442 0.406227 0.396739 0.382762 0.362928 0.335847 0.300325 0.255635 0.201793 0.139772 0.071558 0.000000 
50.000000 42.503611 35.274309 28.550661 22.519256 17.300144 12.942839 9.432255 6.702057 4.651880 3.164869 2.122746 1.416796 0.954356 0.661299 0.481555 0.374805 0.313388 0.279141 0.260622 0.250908 0.245962 0.243516 0.242341 0.241792 0.241542 0.241431 0.241382 0.241358 0.241340 0.241318 0.241277 0.241199 0.241051 0.240777 0.240287 0.239433 0.237998 0.235661 0.231985 0.226401 0.218222 0.206679 0.191009 0.170567 0.144981 0.114297 0.079085 0.040461 0.000000 
50.000000 42.487430 35.242526 28.504370 22.459954 17.229588 12.862891 9.344744 6.608669 4.554082 3.063875 2.019514 1.312050 0.848618 0.554934 0.374805 0.267828 0.206280 0.171959 0.153402 0.143667 0.138710 0.136259 0.135081 0.134531 0.134281 0.134171 0.134122 0.134099 0.134086 0.134071 0.134047 0.134001 0.133914 0.133754 0.133469 0.132975 0.132147 0.130805 0.128702 0.125525 0.120892 0.114386 0.105596 0.094184 0.079962 0.062971 0.043534 0.022260 0.000000 
50.000000 42.478120 35.224238 28.477732 22.425831 17.188989 12.816889 9.294392 6.554936 4.497813 3.005767 1.960119 1.251784 0.787783 0.493738 0.313388 0.206280 0.144657 0.110294 0.091714 0.081967 0.077004 0.074551 0.073372 0.072821 0.072571 0.072460 0.072412 0.072391 0.072379 0.072369 0.072355 0.072329 0.072280 0.072190 0.072030 0.071753 0.071291 0.070545 0.069382 0.067631 0.065089 0.061535 0.056752 0.050568 0.042890 0.033746 0.023313 0.011915 0.000000 
50.000000 42.472927 35.214038 28.462877 22.406800 17.166348 12.791235 9.266312 6.524971 4.466434 2.973364 1.926999 1.218178 0.753860 0.459614 0.279141 0.171960 0.110295 0.075909 0.057316 0.047563 0.042597 0.040141 0.038961 0.038411 0.038160 0.038050 0.038002 0.037981 0.037971 0.037964 0.037956 0.037941 0.037914 0.037865 0.037778 0.037628 0.037379 0.036978 0.036355 0.035420 0.034067 0.032183 0.029658 0.026404 0.022376 0.017592 0.012146 0.006205 0.000000 
50.000000 42.470119 35.208522 28.454843 22.396509 17.154104 12.777362 9.251128 6.508768 4.449466 2.955843 1.909090 1.200008 0.735518 0.441163 0.260624 0.153404 0.091716 0.057318 0.038718 0.028961 0.023993 0.021536 0.020356 0.019805 0.019555 0.019444 0.019397 0.019376 0.019367 0.019362 0.019357 0.019349 0.019335 0.019309 0.019263 0.019184 0.019054 0.018845 0.018521 0.018037 0.017339 0.016370 0.015075 0.013411 0.011357 0.008923 0.006158 0.003145 0.000000 
50.000000 42.468646 35.205628 28.450629 22.391111 17.147682 12.770086 9.243164 6.500270 4.440568 2.946654 1.899698 1.190478 0.725898 0.431487 0.250913 0.143672 0.081972 0.047567 0.028964 0.019205 0.014236 0.011779 0.010599 0.010048 0.009798 0.009687 0.009639 0.009619 0.009611 0.009606 0.009603 0.009599 0.009591 0.009578 0.009555 0.009515 0.009449 0.009343 0.009180 0.008936 0.008586 0.008102 0.007456 0.006629 0.005610 0.004406 0.003039 0.001552 0.000000 
50.000000 42.467896 35.204157 28.448486 22.388365 17.144416 12.766385 9.239114 6.495948 4.436042 2.941981 1.894922 1.185632 0.721006 0.426566 0.245975 0.138723 0.077018 0.042609 0.024004 0.014245 0.009275 0.006818 0.005638 0.005086 0.004836 0.004725 0.004678 0.004658 0.004649 0.004646 0.004643 0.004641 0.004637 0.004631 0.004619 0.004599 0.004567 0.004515 0.004434 0.004315 0.004145 0.003909 0.003595 0.003195 0.002702 0.002121 0.001463 0.000747 0.000000 
50.000000 42.467528 35.203434 28.447433 22.387016 17.142811 12.764567 9.237124 6.493825 4.433819 2.939685 1.892575 1.183251 0.718603 0.424149 0.243549 0.136292 0.074584 0.040174 0.021568 0.011808 0.006838 0.004381 0.003200 0.002649 0.002399 0.002288 0.002240 0.002220 0.002212 0.002209 0.002207 0.002205 0.002203 0.002200 0.002195 0.002185 0.002169 0.002144 0.002106 0.002048 0.001967 0.001854 0.001704 0.001514 0.001280 0.001004 0.000692 0.000353 0.000000 
50.000000 42.467357 35.203098 28.446943 22.386389 17.142065 12.763722 9.236199 6.492838 4.432785 2.938618 1.891484 1.182145 0.717486 0.423026 0.242421 0.135162 0.073452 0.039042 0.020435 0.010675 0.005705 0.003248 0.002067 0.001516 0.001266 0.001155 0.001107 0.001087 0.001079 0.001076 0.001074 0.001073 0.001072 0.001071 0.001068 0.001063 0.001055 0.001043 0.001024 0.000996 0.000956 0.000901 0.000828 0.000735 0.000621 0.000487 0.000336 0.000171 0.000000 
50.000000 42.467290 35.202967 28.446753 22.386145 17.141775 12.763393 9.235839 6.492454 4.432383 2.938203 1.891060 1.181714 0.717052 0.422589 0.241983 0.134723 0.073012 0.038601 0.019995 0.010234 0.005264 0.002807 0.001627 0.001075 0.000825 0.000714 0.000667 0.000647 0.000639 0.000635 0.000634 0.000633 0.000632 0.000631 0.000630 0.000627 0.000622 0.000615 0.000603 0.000587 0.000563 0.000530 0.000487 0.000432 0.000365 0.000286 0.000197 0.000101 0.000000 
50.000000 42.467290 35.202967 28.446753 22.386145 17.141775 12.763393 9.235839 6.492454 4.432383 2.938203 1.891060 1.181714 0.717052 0.422589 0.241983 0.134723 0.073012 0.038601 0.019995 0.010234 0.005264 0.002807 0.001627 0.001075 0.000825 0.000714 0.000667 0.000647 0.000639 0.000635 0.000634 0.000633 0.000632 0.000631 0.000630 0.000627 0.000622 0.000615 0.000603 0.000587 0.000563 0.000530 0.000487 0.000432 0.000365 0.000286 0.000197 0.000101 0.000000 
50.000000 42.467357 35.203098 28.446943 22.386389 17.142065 12.763722 9.236199 6.492838 4.432785 2.938618 1.891484 1.182145 0.717486 0.423026 0.242421 0.135162 0.073452 0.039042 0.020435 0.010675 0.005705 0.003248 0.002067 0.001516 0.001266 0.001155 0.001107 0.001087 0.001079 0.001076 0.001074 0.001073 0.001072 0.001071 0.001068 0.001063 0.001055 0.001043 0.001024 0.000996 0.000956 0.000901 0.000828 0.000735 0.000621 0.000487 0.000336 0.000171 0.000000 
50.000000 42.467528 35.203434 28.447433 22.387016 17.142811 12.764567 9.237124 6.493825 4.433819 2.939685 1.892575 1.183251 0.718603 0.424149 0.243549 0.136292 0.074584 0.040174 0.021568 0.011808 0.006838 0.004381 0.003200 0.002649 0.002399 0.002288 0.002240 0.002220 0.002212 0.002209 0.002207 0.002205 0.002203 0.002200 0.002195 0.002185 0.002169 0.002144 0.002106 0.002048 0.001967 0.001854 0.001704 0.001514 0.001280 0.001004 0.000692 0.000353 0.000000 
50.000000 42.467896 35.204157 28.448486 22.388365 17.144416 12.766385 9.239114 6.495948 4.436042 2.941981 1.894922 1.185632 0.721006 0.426566 0.245975 0.138723 0.077018 0.042609 0.024004 0.014245 0.009275 0.006818 0.005638 0.005086 0.004836 0.004725 0.004678 0.004658 0.004649 0.004646 0.004643 0.004641 0.004637 0.004631 0.004619 0.004599 0.004567 0.004515 0.004434 0.004315 0.004145 0.003909 0.003595 0.003195 0.002702 0.002121 0.001463 0.000747 0.000000 
50.000000 42.468646 35.205628 28.450629 22.391111 17.147682 12.770086 9.243164 6.500270 4.440568 2.946654 1.899698 1.190478 0.725898 0.431487 0.250913 0.143672 0.081972 0.047567 0.028964 0.019205 0.014236 0.011779 0.010599 0.010048 0.009798 0.009687 0.009639 0.009619 0.009611 0.009606 0.009603 0.009599 0.009591 0.009578 0.009555 0.009515 0.009449 0.009343 0.009180 0.008936 0.008586 0.008102 0.007456 0.006629 0.005610 0.004406 0.003039 0.001552 0.000000 
50.000000 42.470119 35.208522 28.454843 22.396509 17.154104 12.777362 9.251128 6.508768 4.449466 2.955843 1.909090 1.200008 0.735518 0.441163 0.260624 0.153404 0.091716 0.057318 0.038718 0.028961 0.023993 0.021536 0.020356 0.019805 0.019555 0.019444 0.019397 0.019376 0.019367 0.019362 0.019357 0.019349 0.019335 0.019309 0.019263 0.019184 0.019054 0.018845 0.018521 0.018037 0.017339 0.016370 0.015075 0.013411 0.011357 0.008923 0.006158 0.003145 0.000000 
50.000000 42.472927 35.214038 28.462877 22.406800 17.166348 12.791235 9.266312 6.524971 4.466434 2.973364 1.926999 1.218178 0.753860 0.459614 0.279141 0.171960 0.110295 0.075909 0.057316 0.047563 0.042597 0.040141 0.038961 0.038411 0.038160 0.038050 0.038002 0.037981 0.037971 0.037964 0.037956 0.037941 0.037914 0.037865 0.037778 0.037628 0.037379 0.036978 0.036355 0.035420 0.034067 0.032183 0.029658 0.026404 0.022376 0.017592 0.012146 0.006205 0.000000 
50.000000 42.478120 35.224238 28.477732 22.425831 17.188989 12.816889 9.294392 6.554936 4.497813 3.005767 1.960119 1.251784 0.787783 0.493738 0.313388 0.206280 0.144657 0.110294 0.091714 0.081967 0.077004 0.074551 0.073372 0.072821 0.072571 0.072460 0.072412 0.072391 0.072379 0.072369 0.072355 0.072329 0.072280 0.072190 0.072030 0.071753 0.071291 0.070545 0.069382 0.067631 0.065089 0.061535 0.056752 0.050568 0.042890 0.033746 0.023313 0.011915 0.000000 
50.000000 42.487430 35.242526 28.504370 22.459954 17.229588 12.862891 9.344744 6.608669 4.554082 3.063875 2.019514 1.312050 0.848618 0.554934 0.374805 0.267828 0.206280 0.171959 0.153402 0.143667 0.138710 0.136259 0.135081 0.134531 0.134281 0.134171 0.134122 0.134099 0.134086 0.134071 0.134047 0.134001 0.133914 0.133754 0.133469 0.132975 0.132147 0.130805 0.128702 0.125525 0.120892 0.114386 0.105596 0.094184 0.079962 0.062971 0.043534 0.022260 0.000000 
50.000000 42.503611 35.274309 28.550661 22.519256 17.300144 12.942839 9.432255 6.702057 4.651880 3.164869 2.122746 1.416796 0.954356 0.661299 0.481555 0.374805 0.313388 0.279141 0.260622 0.250908 0.245962 0.243516 0.242341 0.241792 0.241542 0.241431 0.241382 0.241358 0.241340 0.241318 0.241277 0.241199 0.241051 0.240777 0.240287 0.239433 0.237998 0.235661 0.231985 0.226401 0.218222 0.206679 0.191009 0.170567 0.144981 0.114297 0.079085 0.040461 0.000000 
50.000000 42.530851 35.327816 28.628594 22.619095 17.418932 13.077441 9.579591 6.859292 4.816544 3.334917 2.296563 1.593166 1.132395 0.840396 0.661299 0.554934 0.493738 0.459613 0.441161 0.431482 0.426553 0.424116 0.422945 0.422398 0.422149 0.422038 0.421988 0.421961 0.421938 0.421902 0.421837 0.421709 0.421465 0.421013 0.420198 0.418776 0.416373 0.412442 0.406227 0.396739 0.382762 0.362928 0.335847 0.300325 0.255635 0.201793 0.139772 0.071558 0.000000 
50.000000 42.575256 35.415042 28.755639 22.781852 17.612584 13.296876 9.819791 7.115633 5.084999 3.612153 2.579950 1.880715 1.422669 1.132395 0.954356 0.848618 0.787783 0.753859 0.735516 0.725893 0.720993 0.718570 0.717406 0.716862 0.716614 0.716503 0.716451 0.716420 0.716388 0.716335 0.716232 0.716030 0.715643 0.714923 0.713619 0.711335 0.707455 0.701076 0.690934 0.675355 0.652266 0.619285 0.573958 0.514115 0.438359 0.346580 0.240369 0.123165 0.000000 
50.000000 42.645317 35.552663 28.956087 23.038650 17.918130 13.643110 10.198794 7.520111 5.508598 4.049613 3.027119 2.334457 1.880715 1.593166 1.416796 1.312050 1.251784 1.218178 1.200006 1.190473 1.185619 1.183219 1.182065 1.181526 1.181280 1.181169 1.181115 1.181079 1.181035 1.180956 1.180800 1.180493 1.179903 1.178799 1.176793 1.173260 1.167229 1.157256 1.141300 1.116628 1.079797 1.026794 0.953384 0.855714 0.731147 0.579202 0.402356 0.206390 0.000000 
50.000000 42.752255 35.762724 29.262049 23.430627 18.384523 14.171616 10.777330 8.137541 6.155224 4.717408 3.709741 3.027119 2.579950 2.296563 2.122746 2.019514 1.960119 1.926998 1.909088 1.899693 1.894909 1.892543 1.891406 1.890874 1.890631 1.890520 1.890463 1.890420 1.890360 1.890247 1.890021 1.889574 1.888709 1.887085 1.884122 1.878874 1.869863 1.854871 1.830718 1.793087 1.736453 1.654242 1.539343 1.385056 1.186492 0.942239 0.655903 0.336914 0.000000 
50.000000 42.910097 36.072778 29.713659 24.009202 19.072949 14.951735 11.631307 9.048944 7.109736 5.703176 4.717408 4.049613 3.612153 3.334917 3.164869 3.063875 3.005767 2.973363 2.955841 2.946649 2.941968 2.939653 2.938541 2.938020 2.937782 2.937671 2.937611 2.937559 2.937479 2.937324 2.937010 2.936385 2.935173 2.932885 2.928689 2.921219 2.908313 2.886690 2.851588 2.796435 2.712657 2.589820 2.416302 2.180709 1.874125 1.493005 1.042095 0.536269 0.000000 
50.000000 43.135296 36.515146 30.357994 24.834694 20.055182 16.064808 12.849777 10.349365 8.471682 7.109736 6.155224 5.508598 5.084999 4.816544 4.651880 4.554082 4.497812 4.466433 4.449465 4.440563 4.436030 4.433788 4.432710 4.432206 4.431974 4.431864 4.431801 4.431739 4.431636 4.431431 4.431015 4.430182 4.428558 4.425479 4.419805 4.409643 4.391969 4.362137 4.313301 4.235841 4.116938 3.940572 3.688290 3.341160 2.883210 2.306289 1.615518 0.833423 0.000000 
50.000000 43.445749 37.124987 31.246268 25.972720 21.409305 17.599326 14.529617 12.142206 10.349365 9.048944 8.137541 7.520111 7.115633 6.859292 6.702057 6.608669 6.554936 6.524971 6.508766 6.500265 6.495936 6.493795 6.492766 6.492284 6.492061 6.491954 6.491888 6.491815 6.491688 6.491431 6.490905 6.489847 6.487778 6.483835 6.476530 6.463367 6.440314 6.401089 6.336287 6.232427 6.071103 5.828609 5.476570 4.984320 4.323799 3.477361 2.447736 1.267159 0.000000 
50.000000 43.859138 37.937029 32.429070 27.488096 23.212449 19.642704 16.766530 14.529617 12.849777 11.631307 10.777330 10.198794 9.819791 9.579591 9.432255 9.344744 9.294392 9.266311 9.251126 9.243160 9.239103 9.237096 9.236131 9.235679 9.235469 9.235366 9.235298 9.235216 9.235067 9.234760 9.234129 9.232858 9.230358 9.225575 9.216664 9.200506 9.172000 9.123088 9.041488 8.909206 8.701008 8.383265 7.913921 7.244772 6.327655 5.126149 3.633111 1.890411 0.000000 
50.000000 44.390642 38.981096 33.949842 29.436484 25.530851 22.270011 19.642704 17.599326 16.064808 14.951735 14.171616 13.643110 13.296876 13.077441 12.942839 12.862891 12.816889 12.791234 12.777360 12.770082 12.766375 12.764541 12.763660 12.763246 12.763053 12.762956 12.762888 12.762800 12.762633 12.762289 12.761577 12.760137 12.757295 12.751830 12.741594 12.722917 12.689725 12.632273 12.535433 12.376519 12.122756 11.728783 11.135005 10.268452 9.048914 7.404438 5.300171 2.779489 0.000000 
50.000000 45.050291 40.276892 35.837287 31.854660 28.408278 25.530851 23.212449 21.409305 20.055182 19.072949 18.384523 17.918130 17.612584 17.418932 17.300144 17.229588 17.188989 17.166347 17.154103 17.147678 17.144407 17.142788 17.142010 17.141644 17.141473 17.141385 17.141320 17.141230 17.141057 17.140695 17.139945 17.138421 17.135404 17.129578 17.118607 17.098468 17.062416 16.999467 16.892240 16.714022 16.424985 15.967676 15.262400 14.204139 12.664899 10.509189 7.635376 4.055519 0.000000 
50.000000 45.840361 41.828883 38.097912 34.750966 31.854660 29.436484 27.488096 25.972720 24.834694 24.009202 23.430627 23.038650 22.781852 22.619095 22.519256 22.459954 22.425830 22.406799 22.396507 22.391108 22.388357 22.386997 22.386343 22.386035 22.385890 22.385815 22.385756 22.385670 22.385503 22.385153 22.384425 22.382941 22.379992 22.374275 22.363460 22.343493 22.307503 22.244134 22.135077 21.951485 21.648921 21.160440 20.387570 19.189761 17.375483 14.705225 10.932821 5.937631 0.000000 
50.000000 46.753350 43.622339 40.710261 38.097912 35.837287 33.949842 32.429070 31.246268 30.357994 29.713659 29.262049 28.956087 28.755639 28.628594 28.550661 28.504369 28.477732 28.462876 28.454842 28.450627 28.448480 28.447418 28.446907 28.446666 28.446553 28.446493 28.446444 28.446371 28.446226 28.445921 28.445285 28.443986 28.441398 28.436364 28.426801 28.409059 28.376885 28.319811 28.220653 28.051705 27.768907 27.302921 26.545405 25.328097 23.392687 20.355130 15.694517 8.885102 0.000000 
50.000000 47.771088 45.621563 43.622339 41.828883 40.276892 38.981096 37.937029 37.124987 36.515146 36.072778 35.762724 35.552663 35.415042 35.327816 35.274309 35.242526 35.224238 35.214038 35.208521 35.205627 35.204153 35.203423 35.203072 35.202907 35.202829 35.202787 35.202752 35.202698 35.202591 35.202365 35.201892 35.200925 35.198993 35.195225 35.188045 35.174673 35.150307 35.106821 35.030683 34.899629 34.677250 34.303918 33.680925 32.641516 30.896062 27.927822 22.810782 14.013010 0.000000 
50.000000 48.865337 47.771088 46.753350 45.840361 45.050291 44.390642 43.859138 43.445749 43.135296 42.910097 42.752255 42.645317 42.575256 42.530851 42.503611 42.487430 42.478119 42.472927 42.470118 42.468645 42.467894 42.467523 42.467344 42.467260 42.467220 42.467199 42.467180 42.467152 42.467095 42.466974 42.466722 42.466204 42.465170 42.463150 42.459292 42.452090 42.438927 42.415340 42.373828 42.301873 42.178591 41.968727 41.611153 40.994772 39.902730 37.868248 33.758077 24.432669 0.000000 
50.000000 50.000000 50.000000 50.000000 50.000000 50.000000 50.000000 50.000000 50.000000 50.000000 50.000000 50.000000 50.000000 50.000000 50.000000 50.000000 50.000000 50.000000 50.000000 50.000000 50.000000 50.000000 50.000000 50.000000 50.000000 50.000000 50.000000 50.000000 50.000000 50.000000 50.000000 50.000000 50.000000 50.000000 50.000000 50.000000 50.000000 50.000000 50.000000 50.000000 50.000000 50.000000 50.000000 50.000000 50.000000 50.000000 50.000000 50.000000 50.000000 50.000000 
