50.000000 50.000000 50.000000 50.000000 50.000000 50.000000 50.000000 50.000000 50.000000 50.000000 50.000000 50.000000 50.000000 50.000000 50.000000 50.000000 50.000000 50.000000 50.000000 50.000000 50.000000 50.000000 50.000000 50.000000 50.000000 50.000000 50.000000 50.000000 50.000000 50.000000 50.000000 50.000000 50.000000 50.000000 50.000000 50.000000 50.000000 50.000000 50.000000 50.000000 50.000000 50.000000 50.000000 50.000000 50.000000 50.000000 50.000000 50.000000 50.000000 50.000000 
50.000000 47.137151 44.531106 42.369769 40.733960 39.601545 38.882519 38.462479 38.235982 38.122870 38.070383 38.047678 38.038495 38.035011 38.033768 38.033350 38.033217 38.033177 38.033166 38.033162 38.033162 38.033161 38.033161 38.033161 38.033161 38.033161 38.033161 38.033161 38.033161 38.033161 38.033161 38.033161 38.033161 38.033158 38.033150 38.033121 38.033025 38.032717 38.031783 38.029083 38.021648 38.002120 37.953076 37.834777 37.558601 36.926702 35.481695 32.084018 23.568576 0.000000 
50.000000 44.531106 39.552823 35.424125 32.299390 30.136307 28.762910 27.960634 27.528045 27.312024 27.211788 27.168432 27.150896 27.144244 27.141871 27.141073 27.140819 27.140743 27.140721 27.140715 27.140713 27.140713 27.140713 27.140713 27.140713 27.140713 27.140713 27.140713 27.140713 27.140713 27.140713 27.140712 27.140711 27.140708 27.140694 27.140645 27.140482 27.139966 27.138406 27.133923 27.121674 27.089838 27.011083 26.825303 26.406145 25.497980 23.600649 19.776412 12.447088 0.000000 
50.000000 42.369769 35.424125 29.663949 25.304607 22.287008 20.371161 19.252080 18.648711 18.347431 18.207646 18.147188 18.122737 18.113464 18.110156 18.109043 18.108689 18.108583 18.108552 18.108544 18.108542 18.108541 18.108541 18.108541 18.108541 18.108541 18.108541 18.108541 18.108541 18.108541 18.108541 18.108541 18.108540 18.108535 18.108519 18.108464 18.108280 18.107699 18.105955 18.100984 18.087539 18.053077 17.969407 17.777066 17.358632 16.498213 14.831974 11.823477 6.888074 0.000000 
50.000000 40.733960 32.299390 25.304607 20.011121 16.347086 14.020968 12.662340 11.929876 11.564167 11.394505 11.321133 11.291463 11.280210 11.276197 11.274848 11.274418 11.274289 11.274252 11.274242 11.274240 11.274239 11.274239 11.274239 11.274239 11.274239 11.274239 11.274239 11.274239 11.274239 11.274239 11.274238 11.274237 11.274233 11.274219 11.274169 11.274002 11.273479 11.271921 11.267519 11.255749 11.226022 11.155214 10.996481 10.662482 10.005560 8.806394 6.801410 3.807258 0.000000 
50.000000 39.601545 30.136307 22.287008 16.347086 12.235817 9.625937 8.101682 7.279992 6.869771 6.679477 6.597190 6.563919 6.551302 6.546803 6.545290 6.544809 6.544664 6.544623 6.544611 6.544608 6.544608 6.544608 6.544608 6.544608 6.544608 6.544608 6.544608 6.544608 6.544608 6.544607 6.544607 6.544606 6.544603 6.544592 6.544553 6.544425 6.544026 6.542843 6.539534 6.530785 6.509001 6.458030 6.346322 6.117908 5.684604 4.928376 3.730163 2.042943 0.000000 
50.000000 38.882519 28.762910 20.371161 14.020968 9.625937 6.836079 5.206814 4.328580 3.890163 3.686807 3.598880 3.563331 3.549853 3.545046 3.543430 3.542917 3.542762 3.542718 3.542706 3.542703 3.542702 3.542702 3.542702 3.542702 3.542702 3.542702 3.542702 3.542702 3.542702 3.542702 3.542701 3.542701 3.542699 3.542691 3.542665 3.542579 3.542311 3.541526 3.539346 3.533646 3.519635 3.487374 3.418039 3.279616 3.024488 2.594094 1.937607 1.047742 0.000000 
50.000000 38.462479 27.960634 19.252080 12.662340 8.101682 5.206814 3.516311 2.605117 2.150275 1.939315 1.848106 1.811233 1.797253 1.792269 1.790593 1.790061 1.789900 1.789854 1.789842 1.789839 1.789838 1.789838 1.789838 1.789838 1.789838 1.789838 1.789838 1.789838 1.789838 1.789838 1.789838 1.789837 1.789836 1.789831 1.789815 1.789764 1.789604 1.789138 1.787857 1.784537 1.776471 1.758155 1.719440 1.643652 1.507126 1.282673 0.949551 0.509403 0.000000 
50.000000 38.235982 27.528045 18.648711 11.929876 7.279992 4.328580 2.605117 1.676195 1.212524 0.997478 0.904508 0.866925 0.852677 0.847597 0.845889 0.845346 0.845183 0.845136 0.845124 0.845120 0.845120 0.845119 0.845119 0.845119 0.845119 0.845119 0.845119 0.845119 0.845119 0.845119 0.845119 0.845119 0.845118 0.845116 0.845107 0.845079 0.844993 0.844743 0.844061 0.842310 0.838098 0.828646 0.808944 0.770992 0.703854 0.595635 0.438207 0.233862 0.000000 
50.000000 38.122870 27.312024 18.347431 11.564167 6.869771 3.890163 2.150275 1.212524 0.744459 0.527382 0.433536 0.395600 0.381219 0.376092 0.374368 0.373820 0.373655 0.373608 0.373595 0.373592 0.373591 0.373591 0.373591 0.373591 0.373591 0.373591 0.373591 0.373591 0.373591 0.373591 0.373591 0.373591 0.373591 0.373589 0.373585 0.373571 0.373529 0.373407 0.373075 0.372230 0.370215 0.365739 0.356517 0.338986 0.308418 0.259892 0.190350 0.101222 0.000000 
50.000000 38.070383 27.211788 18.207646 11.394505 6.679477 3.686807 1.939315 0.997478 0.527382 0.309366 0.215116 0.177018 0.162575 0.157426 0.155695 0.155145 0.154979 0.154932 0.154919 0.154916 0.154915 0.154915 0.154915 0.154915 0.154915 0.154915 0.154915 0.154915 0.154915 0.154915 0.154915 0.154914 0.154914 0.154914 0.154912 0.154905 0.154886 0.154831 0.154683 0.154307 0.153417 0.151458 0.147461 0.139943 0.126986 0.106662 0.077865 0.041300 0.000000 
50.000000 38.047678 27.168432 18.147188 11.321133 6.597190 3.598880 1.848106 0.904508 0.433536 0.215116 0.120692 0.082524 0.068055 0.062897 0.061163 0.060612 0.060446 0.060398 0.060385 0.060382 0.060381 0.060381 0.060381 0.060381 0.060381 0.060381 0.060381 0.060381 0.060381 0.060381 0.060381 0.060381 0.060381 0.060381 0.060380 0.060377 0.060369 0.060346 0.060285 0.060129 0.059765 0.058968 0.057354 0.054347 0.049212 0.041233 0.030026 0.015896 0.000000 
50.000000 38.038495 27.150896 18.122737 11.291463 6.563919 3.563331 1.811233 0.866925 0.395600 0.177018 0.082524 0.044328 0.029848 0.024686 0.022951 0.022399 0.022233 0.022186 0.022173 0.022170 0.022169 0.022169 0.022169 0.022169 0.022169 0.022169 0.022169 0.022169 0.022169 0.022169 0.022169 0.022169 0.022169 0.022168 0.022168 0.022167 0.022164 0.022155 0.022131 0.022072 0.021932 0.021629 0.021020 0.019893 0.017983 0.015038 0.010930 0.005778 0.000000 
50.000000 38.035011 27.144244 18.113464 11.280210 6.551302 3.549853 1.797253 0.852677 0.381219 0.162575 0.068055 0.029848 0.015364 0.010201 0.008465 0.007914 0.007748 0.007700 0.007687 0.007684 0.007683 0.007683 0.007683 0.007683 0.007683 0.007683 0.007683 0.007683 0.007683 0.007683 0.007683 0.007683 0.007683 0.007683 0.007683 0.007682 0.007681 0.007678 0.007669 0.007648 0.007598 0.007490 0.007274 0.006877 0.006208 0.005184 0.003762 0.001986 0.000000 
50.000000 38.033768 27.141871 18.110156 11.276197 6.546803 3.545046 1.792269 0.847597 0.376092 0.157426 0.062897 0.024686 0.010201 0.005037 0.003301 0.002749 0.002583 0.002536 0.002523 0.002520 0.002519 0.002519 0.002518 0.002518 0.002518 0.002518 0.002518 0.002518 0.002518 0.002518 0.002518 0.002518 0.002518 0.002518 0.002518 0.002518 0.002518 0.002517 0.002514 0.002507 0.002490 0.002454 0.002381 0.002250 0.002029 0.001692 0.001226 0.000647 0.000000 
50.000000 38.033350 27.141073 18.109043 11.274848 6.545290 3.543430 1.790593 0.845889 0.374368 0.155695 0.061163 0.022951 0.008465 0.003301 0.001565 0.001013 0.000847 0.000800 0.000787 0.000784 0.000783 0.000783 0.000782 0.000782 0.000782 0.000782 0.000782 0.000782 0.000782 0.000782 0.000782 0.000782 0.000782 0.000782 0.000782 0.000782 0.000782 0.000782 0.000781 0.000779 0.000773 0.000762 0.000739 0.000698 0.000629 0.000524 0.000379 0.000200 0.000000 
50.000000 38.033217 27.140819 18.108689 11.274418 6.544809 3.542917 1.790061 0.845346 0.373820 0.155145 0.060612 0.022399 0.007914 0.002749 0.001013 0.000462 0.000296 0.000248 0.000235 0.000232 0.000231 0.000231 0.000231 0.000231 0.000231 0.000231 0.000231 0.000231 0.000231 0.000231 0.000231 0.000231 0.000231 0.000231 0.000231 0.000231 0.000231 0.000231 0.000230 0.000230 0.000228 0.000225 0.000218 0.000206 0.000185 0.000154 0.000111 0.000059 0.000000 
50.000000 38.033177 27.140743 18.108583 11.274289 6.544664 3.542762 1.789900 0.845183 0.373655 0.154979 0.060446 0.022233 0.007748 0.002583 0.000847 0.000296 0.000130 0.000082 0.000069 0.000066 0.000065 0.000065 0.000065 0.000065 0.000065 0.000065 0.000065 0.000065 0.000065 0.000065 0.000065 0.000065 0.000065 0.000065 0.000065 0.000065 0.000065 0.000065 0.000065 0.000064 0.000064 0.000063 0.000061 0.000058 0.000052 0.000043 0.000031 0.000016 0.000000 
50.000000 38.033166 27.140721 18.108552 11.274252 6.544623 3.542718 1.789854 0.845136 0.373608 0.154932 0.060398 0.022186 0.007700 0.002536 0.000800 0.000248 0.000082 0.000035 0.000022 0.000018 0.000018 0.000017 0.000017 0.000017 0.000017 0.000017 0.000017 0.000017 0.000017 0.000017 0.000017 0.000017 0.000017 0.000017 0.000017 0.000017 0.000017 0.000017 0.000017 0.000017 0.000017 0.000017 0.000016 0.000015 0.000014 0.000012 0.000008 0.000004 0.000000 
50.000000 38.033162 27.140715 18.108544 11.274242 6.544611 3.542706 1.789842 0.845124 0.373595 0.154919 0.060385 0.022173 0.007687 0.002523 0.000787 0.000235 0.000069 0.000022 0.000009 0.000006 0.000005 0.000004 0.000004 0.000004 0.000004 0.000004 0.000004 0.000004 0.000004 0.000004 0.000004 0.000004 0.000004 0.000004 0.000004 0.000004 0.000004 0.000004 0.000004 0.000004 0.000004 0.000004 0.000004 0.000004 0.000004 0.000003 0.000002 0.000001 0.000000 
50.000000 38.033162 27.140713 18.108542 11.274240 6.544608 3.542703 1.789839 0.845120 0.373592 0.154916 0.060382 0.022170 0.007684 0.002520 0.000784 0.000232 0.000066 0.000018 0.000006 0.000002 0.000001 0.000001 0.000001 0.000001 0.000001 0.000001 0.000001 0.000001 0.000001 0.000001 0.000001 0.000001 0.000001 0.000001 0.000001 0.000001 0.000001 0.000001 0.000001 0.000001 0.000001 0.000001 0.000001 0.000001 0.000001 0.000001 0.000001 0.000000 0.000000 
50.000000 38.033161 27.140713 18.108541 11.274239 6.544608 3.542702 1.789838 0.845120 0.373591 0.154915 0.060381 0.022169 0.007683 0.002519 0.000783 0.000231 0.000065 0.000018 0.000005 0.000001 0.000001 0.000000 0.000000 0.000000 0.000000 0.000000 0.000000 0.000000 0.000000 0.000000 0.000000 0.000000 0.000000 0.000000 0.000000 0.000000 0.000000 0.000000 0.000000 0.000000 0.000000 0.000000 0.000000 0.000000 0.000000 0.000000 0.000000 0.000000 0.000000 
50.000000 38.033161 27.140713 18.108541 11.274239 6.544608 3.542702 1.789838 0.845119 0.373591 0.154915 0.060381 0.022169 0.007683 0.002519 0.000783 0.000231 0.000065 0.000017 0.000004 0.000001 0.000000 0.000000 0.000000 0.000000 0.000000 0.000000 0.000000 0.000000 0.000000 0.000000 0.000000 0.000000 0.000000 0.000000 0.000000 0.000000 0.000000 0.000000 0.000000 0.000000 0.000000 0.000000 0.000000 0.000000 0.000000 0.000000 0.000000 0.000000 0.000000 
50.000000 38.033161 27.140713 18.108541 11.274239 6.544608 3.542702 1.789838 0.845119 0.373591 0.154915 0.060381 0.022169 0.007683 0.002518 0.000782 0.000231 0.000065 0.000017 0.000004 0.000001 0.000000 0.000000 0.000000 0.000000 0.000000 0.000000 0.000000 0.000000 0.000000 0.000000 0.000000 0.000000 0.000000 0.000000 0.000000 0.000000 0.000000 0.000000 0.000000 0.000000 0.000000 0.000000 0.000000 0.000000 0.000000 0.000000 0.000000 0.000000 0.000000 
50.000000 38.033161 27.140713 18.108541 11.274239 6.544608 3.542702 1.789838 0.845119 0.373591 0.154915 0.060381 0.022169 0.007683 0.002518 0.000782 0.000231 0.000065 0.000017 0.000004 0.000001 0.000000 0.000000 0.000000 0.000000 0.000000 0.000000 0.000000 0.000000 0.000000 0.000000 0.000000 0.000000 0.000000 0.000000 0.000000 0.000000 0.000000 0.000000 0.000000 0.000000 0.000000 0.000000 0.000000 0.000000 0.000000 0.000000 0.000000 0.000000 0.000000 
50.000000 38.033161 27.140713 18.108541 11.274239 6.544608 3.542702 1.789838 0.845119 0.373591 0.154915 0.060381 0.022169 0.007683 0.002518 0.000782 0.000231 0.000065 0.000017 0.000004 0.000001 0.000000 0.000000 0.000000 0.000000 0.000000 0.000000 0.000000 0.000000 0.000000 0.000000 0.000000 0.000000 0.000000 0.000000 0.000000 0.000000 0.000000 0.000000 0.000000 0.000000 0.000000 0.000000 0.000000 0.000000 0.000000 0.000000 0.000000 0.000000 0.000000 
50.000000 38.033161 27.140713 18.108541 11.274239 6.544608 3.542702 1.789838 0.845119 0.373591 0.154915 0.060381 0.022169 0.007683 0.002518 0.000782 0.000231 0.000065 0.000017 0.000004 0.000001 0.000000 0.000000 0.000000 0.000000 0.000000 0.000000 0.000000 0.000000 0.000000 0.000000 0.000000 0.000000 0.000000 0.000000 0.000000 0.000000 0.000000 0.000000 0.000000 0.000000 0.000000 0.000000 0.000000 0.000000 0.000000 0.000000 0.000000 0.000000 0.000000 
50.000000 38.033161 27.140713 18.108541 11.274239 6.544608 3.542702 1.789838 0.845119 0.373591 0.154915 0.060381 0.022169 0.007683 0.002519 0.000783 0.000231 0.000065 0.000017 0.000004 0.000001 0.000000 0.000000 0.000000 0.000000 0.000000 0.000000 0.000000 0.000000 0.000000 0.000000 0.000000 0.000000 0.000000 0.000000 0.000000 0.000000 0.000000 0.000000 0.000000 0.000000 0.000000 0.000000 0.000000 0.000000 0.000000 0.000000 0.000000 0.000000 0.000000 
50.000000 38.033161 27.140713 18.108541 11.274239 6.544608 3.542702 1.789838 0.845120 0.373591 0.154915 0.060381 0.022169 0.007683 0.002519 0.000783 0.000231 0.000065 0.000018 0.000005 0.000001 0.000001 0.000000 0.000000 0.000000 0.000000 0.000000 0.000000 0.000000 0.000000 0.000000 0.000000 0.000000 0.000000 0.000000 0.000000 0.000000 0.000000 0.000000 0.000000 0.000000 0.000000 0.000000 0.000000 0.000000 0.000000 0.000000 0.000000 0.000000 0.000000 
50.000000 38.033162 27.140713 18.108542 11.274240 6.544608 3.542703 1.789839 0.845120 0.373592 0.154916 0.060382 0.022170 0.007684 0.002520 0.000784 0.000232 0.000066 0.000018 0.000006 0.000002 0.000001 0.000001 0.000001 0.000001 0.000001 0.000001 0.000001 0.000001 0.000001 0.000001 0.000001 0.000001 0.000001 0.000001 0.000001 0.000001 0.000001 0.000001 0.000001 0.000001 0.000001 0.000001 0.000001 0.000001 0.000001 0.000001 0.000001 0.000000 0.000000 
50.000000 38.033162 27.140715 18.108544 11.274242 6.544611 3.542706 1.789842 0.845124 0.373595 0.154919 0.060385 0.022173 0.007687 0.002523 0.000787 0.000235 0.000069 0.000022 0.000009 0.000006 0.000005 0.000004 0.000004 0.000004 0.000004 0.000004 0.000004 0.000004 0.000004 0.000004 0.000004 0.000004 0.000004 0.000004 0.000004 0.000004 0.000004 0.000004 0.000004 0.000004 0.000004 0.000004 0.000004 0.000004 0.000004 0.000003 0.000002 0.000001 0.000000 
50.000000 38.033166 27.140721 18.108552 11.274252 6.544623 3.542718 1.789854 0.845136 0.373608 0.154932 0.060398 0.022186 0.007700 0.002536 0.000800 0.000248 0.000082 0.000035 0.000022 0.000018 0.000018 0.000017 0.000017 0.000017 0.000017 0.000017 0.000017 0.000017 0.000017 0.000017 0.000017 0.000017 0.000017 0.000017 0.000017 0.000017 0.000017 0.000017 0.000017 0.000017 0.000017 0.000017 0.000016 0.000015 0.000014 0.000012 0.000008 0.000004 0.000000 
50.000000 38.033177 27.140743 18.108583 11.274289 6.544664 3.542762 1.789900 0.845183 0.373655 0.154979 0.060446 0.022233 0.007748 0.002583 0.000847 0.000296 0.000130 0.000082 0.000069 0.000066 0.000065 0.000065 0.000065 0.000065 0.000065 0.000065 0.000065 0.000065 0.000065 0.000065 0.000065 0.000065 0.000065 0.000065 0.000065 0.000065 0.000065 0.000065 0.000065 0.000064 0.000064 0.000063 0.000061 0.000058 0.000052 0.000043 0.000031 0.000016 0.000000 
50.000000 38.033217 27.140819 18.108689 11.274418 6.544809 3.542917 1.790061 0.845346 0.373820 0.155145 0.060612 0.022399 0.007914 0.002749 0.001013 0.000462 0.000296 0.000248 0.000235 0.000232 0.000231 0.000231 0.000231 0.000231 0.000231 0.000231 0.000231 0.000231 0.000231 0.000231 0.000231 0.000231 0.000231 0.000231 0.000231 0.000231 0.000231 0.000231 0.000230 0.000230 0.000228 0.000225 0.000218 0.000206 0.000185 0.000154 0.000111 0.000059 0.000000 
50.000000 38.033350 27.141073 18.109043 11.274848 6.545290 3.543430 1.790593 0.845889 0.374368 0.155695 0.061163 0.022951 0.008465 0.003301 0.001565 0.001013 0.000847 0.000800 0.000787 0.000784 0.000783 0.000783 0.000782 0.000782 0.000782 0.000782 0.000782 0.000782 0.000782 0.000782 0.000782 0.000782 0.000782 0.000782 0.000782 0.000782 0.000782 0.000782 0.000781 0.000779 0.000773 0.000762 0.000739 0.000698 0.000629 0.000524 0.000379 0.000200 0.000000 
50.000000 38.033768 27.141871 18.110156 11.276197 6.546803 3.545046 1.792269 0.847597 0.376092 0.157426 0.062897 0.024686 0.010201 0.005037 0.003301 0.002749 0.002583 0.002536 0.002523 0.002520 0.002519 0.002519 0.002518 0.002518 0.002518 0.002518 0.002518 0.002518 0.002518 0.002518 0.002518 0.002518 0.002518 0.002518 0.002518 0.002518 0.002518 0.002517 0.002514 0.002507 0.002490 0.002454 0.002381 0.002250 0.002029 0.001692 0.001226 0.000647 0.000000 
50.000000 38.035011 27.144244 18.113464 11.280210 6.551302 3.549853 1.797253 0.852677 0.381219 0.162575 0.068055 0.029848 0.015364 0.010201 0.008465 0.007914 0.007748 0.007700 0.007687 0.007684 0.007683 0.007683 0.007683 0.007683 0.007683 0.007683 0.007683 0.007683 0.007683 0.007683 0.007683 0.007683 0.007683 0.007683 0.007683 0.007682 0.007681 0.007678 0.007669 0.007648 0.007598 0.007490 0.007274 0.006877 0.006208 0.005184 0.003762 0.001986 0.000000 
50.000000 38.038495 27.150896 18.122737 11.291463 6.563919 3.563331 1.811233 0.866925 0.395600 0.177018 0.082524 0.044328 0.029848 0.024686 0.022951 0.022399 0.022233 0.022186 0.022173 0.022170 0.022169 0.022169 0.022169 0.022169 0.022169 0.022169 0.022169 0.022169 0.022169 0.022169 0.022169 0.022169 0.022169 0.022168 0.022168 0.022167 0.022164 0.022155 0.022131 0.022072 0.021932 0.021629 0.021020 0.019893 0.017983 0.015038 0.010930 0.005778 0.000000 
50.000000 38.047678 27.168432 18.147188 11.321133 6.597190 3.598880 1.848106 0.904508 0.433536 0.215116 0.120692 0.082524 0.068055 0.062897 0.061163 0.060612 0.060446 0.060398 0.060385 0.060382 0.060381 0.060381 0.060381 0.060381 0.060381 0.060381 0.060381 0.060381 0.060381 0.060381 0.060381 0.060381 0.060381 0.060381 0.060380 0.060377 0.060369 0.060346 0.060285 0.060129 0.059765 0.058968 0.057354 0.054347 0.049212 0.041233 0.030026 0.015896 0.000000 
50.000000 38.070383 27.211788 18.207646 11.394505 6.679477 3.686807 1.939315 0.997478 0.527382 0.309366 0.215116 0.177018 0.162575 0.157426 0.155695 0.155145 0.154979 0.154932 0.154919 0.154916 0.154915 0.154915 0.154915 0.154915 0.154915 0.154915 0.154915 0.154915 0.154915 0.154915 0.154915 0.154914 0.154914 0.154914 0.154912 0.154905 0.154886 0.154831 0.154683 0.154307 0.153417 0.151458 0.147461 0.139943 0.126986 0.106662 0.077865 0.041300 0.000000 
50.000000 38.122870 27.312024 18.347431 11.564167 6.869771 3.890163 2.150275 1.212524 0.744459 0.527382 0.433536 0.395600 0.381219 0.376092 0.374368 0.373820 0.373655 0.373608 0.373595 0.373592 0.373591 0.373591 0.373591 0.373591 0.373591 0.373591 0.373591 0.373591 0.373591 0.373591 0.373591 0.373591 0.373591 0.373589 0.373585 0.373571 0.373529 0.373407 0.373075 0.372230 0.370215 0.365739 0.356517 0.338986 0.308418 0.259892 0.190350 0.101222 0.000000 
50.000000 38.235982 27.528045 18.648711 11.929876 7.279992 4.328580 2.605117 1.676195 1.212524 0.997478 0.904508 0.866925 0.852677 0.847597 0.845889 0.845346 0.845183 0.845136 0.845124 0.845120 0.845120 0.845119 0.845119 0.845119 0.845119 0.845119 0.845119 0.845119 0.845119 0.845119 0.845119 0.845119 0.845118 0.845116 0.845107 0.845079 0.844993 0.844743 0.844061 0.842310 0.838098 0.828646 0.808944 0.770992 0.703854 0.595635 0.438207 0.233862 0.000000 
50.000000 38.462479 27.960634 19.252080 12.662340 8.101682 5.206814 3.516311 2.605117 2.150275 1.939315 1.848106 1.811233 1.797253 1.792269 1.790593 1.790061 1.789900 1.789854 1.789842 1.789839 1.789838 1.789838 1.789838 1.789838 1.789838 1.789838 1.789838 1.789838 1.789838 1.789838 1.789838 1.789837 1.789836 1.789831 1.789815 1.789764 1.789604 1.789138 1.787857 1.784537 1.776471 1.758155 1.719440 1.643652 1.507126 1.282673 0.949551 0.509403 0.000000 
50.000000 38.882519 28.762910 20.371161 14.020968 9.625937 6.836079 5.206814 4.328580 3.890163 3.686807 3.598880 3.563331 3.549853 3.545046 3.543430 3.542917 3.542762 3.542718 3.542706 3.542703 3.542702 3.542702 3.542702 3.542702 3.542702 3.542702 3.542702 3.542702 3.542702 3.542702 3.542701 3.542701 3.542699 3.542691 3.542665 3.542579 3.542311 3.541526 3.539346 3.533646 3.519635 3.487374 3.418039 3.279616 3.024488 2.594094 1.937607 1.047742 0.000000 
50.000000 39.601545 30.136307 22.287008 16.347086 12.235817 9.625937 8.101682 7.279992 6.869771 6.679477 6.597190 6.563919 6.551302 6.546803 6.545290 6.544809 6.544664 6.544623 6.544611 6.544608 6.544608 6.544608 6.544608 6.544608 6.544608 6.544608 6.544608 6.544608 6.544608 6.544607 6.544607 6.544606 6.544603 6.544592 6.544553 6.544425 6.544026 6.542843 6.539534 6.530785 6.509001 6.458030 6.346322 6.117908 5.684604 4.928376 3.730163 2.042943 0.000000 
50.000000 40.733960 32.299390 25.304607 20.011121 16.347086 14.020968 12.662340 11.929876 11.564167 11.394505 11.321133 11.291463 11.280210 11.276197 11.274848 11.274418 11.274289 11.274252 11.274242 11.274240 11.274239 11.274239 11.274239 11.274239 11.274239 11.274239 11.274239 11.274239 11.274239 11.274239 11.274238 11.274237 11.274233 11.274219 11.274169 11.274002 11.273479 11.271921 11.267519 11.255749 11.226022 11.155214 10.996481 10.662482 10.005560 8.806394 6.801410 3.807258 0.000000 
50.000000 42.369769 35.424125 29.663949 25.304607 22.287008 20.371161 19.252080 18.648711 18.347431 18.207646 18.147188 18.122737 18.113464 18.110156 18.109043 18.108689 18.108583 18.108552 18.108544 18.108542 18.108541 18.108541 18.108541 18.108541 18.108541 18.108541 18.108541 18.108541 18.108541 18.108541 18.108541 18.108540 18.108535 18.108519 18.108464 18.108280 18.107699 18.105955 18.100984 18.087539 18.053077 17.969407 17.777066 17.358632 16.498213 14.831974 11.823477 6.888074 0.000000 
50.000000 44.531106 39.552823 35.424125 32.299390 30.136307 28.762910 27.960634 27.528045 27.312024 27.211788 27.168432 27.150896 27.144244 27.141871 27.141073 27.140819 27.140743 27.140721 27.140715 27.140713 27.140713 27.140713 27.140713 27.140713 27.140713 27.140713 27.140713 27.140713 27.140713 27.140713 27.140712 27.140711 27.140708 27.140694 27.140645 27.140482 27.139966 27.138406 27.133923 27.121674 27.089838 27.011083 26.825303 26.406145 25.497980 23.600649 19.776412 12.447088 0.000000 
50.000000 47.137151 44.531106 42.369769 40.733960 39.601545 38.882519 38.462479 38.235982 38.122870 38.070383 38.047678 38.038495 38.035011 38.033768 38.033350 38.033217 38.033177 38.033166 38.033162 38.033162 38.033161 38.033161 38.033161 38.033161 38.033161 38.033161 38.033161 38.033161 38.033161 38.033161 38.033161 38.033161 38.033158 38.033150 38.033121 38.033025 38.032717 38.031783 38.029083 38.021648 38.002120 37.953076 37.834777 37.558601 36.926702 35.481695 32.084018 23.568576 0.000000 
50.000000 50.000000 50.000000 50.000000 50.000000 50.000000 50.000000 50.000000 50.000000 50.000000 50.000000 50.000000 50.000000 50.000000 50.000000 50.000000 50.000000 50.000000 50.000000 50.000000 50.000000 50.000000 50.000000 50.000000 50.000000 50.000000 50.000000 50.000000 50.000000 50.000000 50.000000 50.000000 50.000000 50.000000 50.000000 50.000000 50.000000 50.000000 50.000000 50.000000 50.000000 50.000000 50.000000 50.000000 50.000000 50.000000 50.000000 50.000000 50.000000 50.000000 
