50.000000 50.000000 50.000000 50.000000 50.000000 50.000000 50.000000 50.000000 50.000000 50.000000 50.000000 50.000000 50.000000 50.000000 50.000000 50.000000 50.000000 50.000000 50.000000 50.000000 50.000000 50.000000 50.000000 50.000000 50.000000 50.000000 50.000000 50.000000 50.000000 50.000000 50.000000 50.000000 50.000000 50.000000 50.000000 50.000000 50.000000 50.000000 50.000000 50.000000 50.000000 50.000000 50.000000 50.000000 50.000000 50.000000 50.000000 50.000000 50.000000 50.000000 
50.000000 46.711693 43.761999 41.385318 39.660863 38.530263 37.857760 37.493259 37.312432 37.229960 37.195232 37.181675 37.176751 37.175080 37.174549 37.174390 37.174345 37.174334 37.174331 37.174330 37.174330 37.174330 37.174330 37.174330 37.174330 37.174330 37.174330 37.174330 37.174330 37.174330 37.174330 37.174330 37.174329 37.174329 37.174326 37.174316 37.174278 37.174144 37.173689 37.172230 37.167800 37.155040 37.120131 37.029092 36.801274 36.247962 34.919509 31.679035 23.355847 0.000000 
50.000000 43.761999 38.166425 33.657966 30.386869 28.242344 26.966808 26.275502 25.932572 25.776180 25.710330 25.684627 25.675291 25.672124 25.671117 25.670816 25.670732 25.670709 25.670703 25.670702 25.670702 25.670702 25.670702 25.670702 25.670702 25.670702 25.670702 25.670702 25.670702 25.670702 25.670702 25.670702 25.670701 25.670700 25.670696 25.670680 25.670618 25.670397 25.669657 25.667298 25.660190 25.639938 25.585375 25.446251 25.109860 24.336205 22.638371 19.083213 12.082964 0.000000 
50.000000 41.385318 33.657966 27.432113 22.915199 19.954114 18.193039 17.238668 16.765290 16.549431 16.458552 16.423084 16.410203 16.405834 16.404445 16.404031 16.403914 16.403883 16.403875 16.403873 16.403873 16.403872 16.403872 16.403872 16.403872 16.403872 16.403872 16.403872 16.403872 16.403872 16.403872 16.403872 16.403872 16.403871 16.403866 16.403848 16.403781 16.403544 16.402750 16.400240 16.392756 16.371724 16.316102 16.177861 15.855398 15.150954 13.716057 11.019595 6.465808 0.000000 
50.000000 39.660863 30.386869 22.915199 17.494748 13.941611 11.828606 10.683634 10.115779 9.856870 9.747882 9.705351 9.689907 9.684670 9.683006 9.682509 9.682369 9.682332 9.682322 9.682320 9.682319 9.682319 9.682319 9.682319 9.682319 9.682319 9.682319 9.682319 9.682319 9.682319 9.682319 9.682319 9.682319 9.682318 9.682314 9.682299 9.682241 9.682039 9.681367 9.679263 9.673059 9.655870 9.611249 9.503028 9.258644 8.747374 7.764245 6.050663 3.412902 0.000000 
50.000000 38.530263 28.242344 19.954114 13.941611 10.000661 7.657229 6.387519 5.757868 5.470817 5.349997 5.302856 5.285740 5.279936 5.278093 5.277542 5.277387 5.277346 5.277336 5.277333 5.277333 5.277332 5.277332 5.277332 5.277332 5.277332 5.277332 5.277332 5.277332 5.277332 5.277332 5.277332 5.277332 5.277331 5.277329 5.277317 5.277276 5.277131 5.276654 5.275174 5.270853 5.259046 5.228918 5.157413 5.000330 4.682966 4.098716 3.132484 1.728989 0.000000 
50.000000 37.857760 26.966808 18.193039 11.828606 7.657229 5.176953 3.833207 3.166902 2.863170 2.735342 2.685472 2.667368 2.661229 2.659280 2.658697 2.658534 2.658490 2.658479 2.658476 2.658476 2.658476 2.658476 2.658476 2.658476 2.658476 2.658476 2.658476 2.658476 2.658476 2.658476 2.658476 2.658476 2.658475 2.658473 2.658466 2.658440 2.658351 2.658057 2.657153 2.654541 2.647489 2.629766 2.588477 2.499816 2.325578 2.015178 1.520557 0.828668 0.000000 
50.000000 37.493259 26.275502 17.238668 10.683634 6.387519 3.833207 2.449433 1.763324 1.450587 1.318979 1.267639 1.249002 1.242684 1.240677 1.240078 1.239909 1.239864 1.239853 1.239850 1.239850 1.239850 1.239850 1.239850 1.239850 1.239850 1.239850 1.239850 1.239850 1.239850 1.239850 1.239849 1.239849 1.239849 1.239848 1.239844 1.239830 1.239781 1.239621 1.239132 1.237732 1.233993 1.224716 1.203442 1.158601 1.072384 0.922566 0.690127 0.373128 0.000000 
50.000000 37.312432 25.932572 16.765290 10.115779 5.757868 3.166902 1.763324 1.067425 0.750240 0.616768 0.564702 0.545803 0.539397 0.537362 0.536754 0.536583 0.536538 0.536527 0.536524 0.536523 0.536523 0.536523 0.536523 0.536523 0.536523 0.536523 0.536523 0.536523 0.536523 0.536523 0.536523 0.536523 0.536523 0.536522 0.536520 0.536513 0.536489 0.536411 0.536173 0.535498 0.533713 0.529331 0.519412 0.498822 0.459910 0.393567 0.292634 0.157392 0.000000 
50.000000 37.229960 25.776180 16.549431 9.856870 5.470817 2.863170 1.450587 0.750240 0.431037 0.296719 0.244325 0.225307 0.218860 0.216813 0.216202 0.216030 0.215984 0.215973 0.215970 0.215969 0.215969 0.215969 0.215969 0.215969 0.215969 0.215969 0.215969 0.215969 0.215969 0.215969 0.215969 0.215969 0.215969 0.215969 0.215968 0.215965 0.215954 0.215919 0.215814 0.215518 0.214742 0.212855 0.208629 0.199964 0.183811 0.156675 0.115990 0.062160 0.000000 
50.000000 37.195232 25.710330 16.458552 9.747882 5.349997 2.735342 1.318979 0.616768 0.296719 0.162046 0.109515 0.090448 0.083985 0.081932 0.081319 0.081147 0.081101 0.081089 0.081087 0.081086 0.081086 0.081086 0.081086 0.081086 0.081086 0.081086 0.081086 0.081086 0.081086 0.081086 0.081086 0.081086 0.081086 0.081086 0.081085 0.081084 0.081080 0.081066 0.081023 0.080904 0.080595 0.079848 0.078189 0.074824 0.068618 0.058312 0.043032 0.023002 0.000000 
50.000000 37.181675 25.684627 16.423084 9.705351 5.302856 2.685472 1.267639 0.564702 0.244325 0.109515 0.056931 0.037844 0.031375 0.029320 0.028707 0.028534 0.028488 0.028477 0.028474 0.028473 0.028473 0.028473 0.028473 0.028473 0.028473 0.028473 0.028473 0.028473 0.028473 0.028473 0.028473 0.028473 0.028473 0.028473 0.028473 0.028472 0.028471 0.028466 0.028450 0.028406 0.028291 0.028018 0.027415 0.026202 0.023984 0.020335 0.014970 0.007987 0.000000 
50.000000 37.176751 25.675291 16.410203 9.689907 5.285740 2.667368 1.249002 0.545803 0.225307 0.090448 0.037844 0.018751 0.012279 0.010224 0.009610 0.009437 0.009391 0.009380 0.009377 0.009376 0.009376 0.009376 0.009376 0.009376 0.009376 0.009376 0.009376 0.009376 0.009376 0.009376 0.009376 0.009376 0.009376 0.009376 0.009376 0.009376 0.009376 0.009374 0.009368 0.009353 0.009314 0.009221 0.009017 0.008609 0.007869 0.006659 0.004893 0.002607 0.000000 
50.000000 37.175080 25.672124 16.405834 9.684670 5.279936 2.661229 1.242684 0.539397 0.218860 0.083985 0.031375 0.012279 0.005806 0.003750 0.003137 0.002964 0.002918 0.002907 0.002904 0.002903 0.002903 0.002903 0.002903 0.002903 0.002903 0.002903 0.002903 0.002903 0.002903 0.002903 0.002903 0.002903 0.002903 0.002903 0.002903 0.002903 0.002903 0.002902 0.002901 0.002896 0.002883 0.002854 0.002789 0.002661 0.002429 0.002053 0.001506 0.000801 0.000000 
50.000000 37.174549 25.671117 16.404445 9.683006 5.278093 2.659280 1.240677 0.537362 0.216813 0.081932 0.029320 0.010224 0.003750 0.001695 0.001081 0.000908 0.000862 0.000851 0.000848 0.000848 0.000847 0.000847 0.000847 0.000847 0.000847 0.000847 0.000847 0.000847 0.000847 0.000847 0.000847 0.000847 0.000847 0.000847 0.000847 0.000847 0.000847 0.000847 0.000847 0.000845 0.000841 0.000832 0.000813 0.000775 0.000707 0.000597 0.000437 0.000233 0.000000 
50.000000 37.174390 25.670816 16.404031 9.682509 5.277542 2.658697 1.240078 0.536754 0.216202 0.081319 0.028707 0.009610 0.003137 0.001081 0.000467 0.000295 0.000249 0.000237 0.000234 0.000234 0.000234 0.000234 0.000234 0.000234 0.000234 0.000234 0.000234 0.000234 0.000234 0.000234 0.000234 0.000234 0.000234 0.000234 0.000234 0.000234 0.000234 0.000234 0.000233 0.000233 0.000232 0.000229 0.000224 0.000214 0.000195 0.000164 0.000120 0.000064 0.000000 
50.000000 37.174345 25.670732 16.403914 9.682369 5.277387 2.658534 1.239909 0.536583 0.216030 0.081147 0.028534 0.009437 0.002964 0.000908 0.000295 0.000122 0.000076 0.000065 0.000062 0.000061 0.000061 0.000061 0.000061 0.000061 0.000061 0.000061 0.000061 0.000061 0.000061 0.000061 0.000061 0.000061 0.000061 0.000061 0.000061 0.000061 0.000061 0.000061 0.000061 0.000061 0.000061 0.000060 0.000058 0.000056 0.000051 0.000043 0.000031 0.000017 0.000000 
50.000000 37.174334 25.670709 16.403883 9.682332 5.277346 2.658490 1.239864 0.536538 0.215984 0.081101 0.028488 0.009391 0.002918 0.000862 0.000249 0.000076 0.000030 0.000019 0.000016 0.000015 0.000015 0.000015 0.000015 0.000015 0.000015 0.000015 0.000015 0.000015 0.000015 0.000015 0.000015 0.000015 0.000015 0.000015 0.000015 0.000015 0.000015 0.000015 0.000015 0.000015 0.000015 0.000015 0.000014 0.000014 0.000013 0.000011 0.000008 0.000004 0.000000 
50.000000 37.174331 25.670703 16.403875 9.682322 5.277336 2.658479 1.239853 0.536527 0.215973 0.081089 0.028477 0.009380 0.002907 0.000851 0.000237 0.000065 0.000019 0.000007 0.000004 0.000004 0.000004 0.000004 0.000004 0.000004 0.000004 0.000004 0.000004 0.000004 0.000004 0.000004 0.000004 0.000004 0.000004 0.000004 0.000004 0.000004 0.000004 0.000004 0.000004 0.000004 0.000004 0.000003 0.000003 0.000003 0.000003 0.000002 0.000002 0.000001 0.000000 
50.000000 37.174330 25.670702 16.403873 9.682320 5.277333 2.658476 1.239850 0.536524 0.215970 0.081087 0.028474 0.009377 0.002904 0.000848 0.000234 0.000062 0.000016 0.000004 0.000002 0.000001 0.000001 0.000001 0.000001 0.000001 0.000001 0.000001 0.000001 0.000001 0.000001 0.000001 0.000001 0.000001 0.000001 0.000001 0.000001 0.000001 0.000001 0.000001 0.000001 0.000001 0.000001 0.000001 0.000001 0.000001 0.000001 0.000001 0.000000 0.000000 0.000000 
50.000000 37.174330 25.670702 16.403873 9.682319 5.277333 2.658476 1.239850 0.536523 0.215969 0.081086 0.028473 0.009376 0.002903 0.000848 0.000234 0.000061 0.000015 0.000004 0.000001 0.000000 0.000000 0.000000 0.000000 0.000000 0.000000 0.000000 0.000000 0.000000 0.000000 0.000000 0.000000 0.000000 0.000000 0.000000 0.000000 0.000000 0.000000 0.000000 0.000000 0.000000 0.000000 0.000000 0.000000 0.000000 0.000000 0.000000 0.000000 0.000000 0.000000 
50.000000 37.174330 25.670702 16.403872 9.682319 5.277332 2.658476 1.239850 0.536523 0.215969 0.081086 0.028473 0.009376 0.002903 0.000847 0.000234 0.000061 0.000015 0.000004 0.000001 0.000000 0.000000 0.000000 0.000000 0.000000 0.000000 0.000000 0.000000 0.000000 0.000000 0.000000 0.000000 0.000000 0.000000 0.000000 0.000000 0.000000 0.000000 0.000000 0.000000 0.000000 0.000000 0.000000 0.000000 0.000000 0.000000 0.000000 0.000000 0.000000 0.000000 
50.000000 37.174330 25.670702 16.403872 9.682319 5.277332 2.658476 1.239850 0.536523 0.215969 0.081086 0.028473 0.009376 0.002903 0.000847 0.000234 0.000061 0.000015 0.000004 0.000001 0.000000 0.000000 0.000000 0.000000 0.000000 0.000000 0.000000 0.000000 0.000000 0.000000 0.000000 0.000000 0.000000 0.000000 0.000000 0.000000 0.000000 0.000000 0.000000 0.000000 0.000000 0.000000 0.000000 0.000000 0.000000 0.000000 0.000000 0.000000 0.000000 0.000000 
50.000000 37.174330 25.670702 16.403872 9.682319 5.277332 2.658476 1.239850 0.536523 0.215969 0.081086 0.028473 0.009376 0.002903 0.000847 0.000234 0.000061 0.000015 0.000004 0.000001 0.000000 0.000000 0.000000 0.000000 0.000000 0.000000 0.000000 0.000000 0.000000 0.000000 0.000000 0.000000 0.000000 0.000000 0.000000 0.000000 0.000000 0.000000 0.000000 0.000000 0.000000 0.000000 0.000000 0.000000 0.000000 0.000000 0.000000 0.000000 0.000000 0.000000 
50.000000 37.174330 25.670702 16.403872 9.682319 5.277332 2.658476 1.239850 0.536523 0.215969 0.081086 0.028473 0.009376 0.002903 0.000847 0.000234 0.000061 0.000015 0.000004 0.000001 0.000000 0.000000 0.000000 0.000000 0.000000 0.000000 0.000000 0.000000 0.000000 0.000000 0.000000 0.000000 0.000000 0.000000 0.000000 0.000000 0.000000 0.000000 0.000000 0.000000 0.000000 0.000000 0.000000 0.000000 0.000000 0.000000 0.000000 0.000000 0.000000 0.000000 
50.000000 37.174330 25.670702 16.403872 9.682319 5.277332 2.658476 1.239850 0.536523 0.215969 0.081086 0.028473 0.009376 0.002903 0.000847 0.000234 0.000061 0.000015 0.000004 0.000001 0.000000 0.000000 0.000000 0.000000 0.000000 0.000000 0.000000 0.000000 0.000000 0.000000 0.000000 0.000000 0.000000 0.000000 0.000000 0.000000 0.000000 0.000000 0.000000 0.000000 0.000000 0.000000 0.000000 0.000000 0.000000 0.000000 0.000000 0.000000 0.000000 0.000000 
50.000000 37.174330 25.670702 16.403872 9.682319 5.277332 2.658476 1.239850 0.536523 0.215969 0.081086 0.028473 0.009376 0.002903 0.000847 0.000234 0.000061 0.000015 0.000004 0.000001 0.000000 0.000000 0.000000 0.000000 0.000000 0.000000 0.000000 0.000000 0.000000 0.000000 0.000000 0.000000 0.000000 0.000000 0.000000 0.000000 0.000000 0.000000 0.000000 0.000000 0.000000 0.000000 0.000000 0.000000 0.000000 0.000000 0.000000 0.000000 0.000000 0.000000 
50.000000 37.174330 25.670702 16.403872 9.682319 5.277332 2.658476 1.239850 0.536523 0.215969 0.081086 0.028473 0.009376 0.002903 0.000847 0.000234 0.000061 0.000015 0.000004 0.000001 0.000000 0.000000 0.000000 0.000000 0.000000 0.000000 0.000000 0.000000 0.000000 0.000000 0.000000 0.000000 0.000000 0.000000 0.000000 0.000000 0.000000 0.000000 0.000000 0.000000 0.000000 0.000000 0.000000 0.000000 0.000000 0.000000 0.000000 0.000000 0.000000 0.000000 
50.000000 37.174330 25.670702 16.403872 9.682319 5.277332 2.658476 1.239850 0.536523 0.215969 0.081086 0.028473 0.009376 0.002903 0.000847 0.000234 0.000061 0.000015 0.000004 0.000001 0.000000 0.000000 0.000000 0.000000 0.000000 0.000000 0.000000 0.000000 0.000000 0.000000 0.000000 0.000000 0.000000 0.000000 0.000000 0.000000 0.000000 0.000000 0.000000 0.000000 0.000000 0.000000 0.000000 0.000000 0.000000 0.000000 0.000000 0.000000 0.000000 0.000000 
50.000000 37.174330 25.670702 16.403873 9.682319 5.277333 2.658476 1.239850 0.536523 0.215969 0.081086 0.028473 0.009376 0.002903 0.000848 0.000234 0.000061 0.000015 0.000004 0.000001 0.000000 0.000000 0.000000 0.000000 0.000000 0.000000 0.000000 0.000000 0.000000 0.000000 0.000000 0.000000 0.000000 0.000000 0.000000 0.000000 0.000000 0.000000 0.000000 0.000000 0.000000 0.000000 0.000000 0.000000 0.000000 0.000000 0.000000 0.000000 0.000000 0.000000 
50.000000 37.174330 25.670702 16.403873 9.682320 5.277333 2.658476 1.239850 0.536524 0.215970 0.081087 0.028474 0.009377 0.002904 0.000848 0.000234 0.000062 0.000016 0.000004 0.000002 0.000001 0.000001 0.000001 0.000001 0.000001 0.000001 0.000001 0.000001 0.000001 0.000001 0.000001 0.000001 0.000001 0.000001 0.000001 0.000001 0.000001 0.000001 0.000001 0.000001 0.000001 0.000001 0.000001 0.000001 0.000001 0.000001 0.000001 0.000000 0.000000 0.000000 
50.000000 37.174331 25.670703 16.403875 9.682322 5.277336 2.658479 1.239853 0.536527 0.215973 0.081089 0.028477 0.009380 0.002907 0.000851 0.000237 0.000065 0.000019 0.000007 0.000004 0.000004 0.000004 0.000004 0.000004 0.000004 0.000004 0.000004 0.000004 0.000004 0.000004 0.000004 0.000004 0.000004 0.000004 0.000004 0.000004 0.000004 0.000004 0.000004 0.000004 0.000004 0.000004 0.000003 0.000003 0.000003 0.000003 0.000002 0.000002 0.000001 0.000000 
50.000000 37.174334 25.670709 16.403883 9.682332 5.277346 2.658490 1.239864 0.536538 0.215984 0.081101 0.028488 0.009391 0.002918 0.000862 0.000249 0.000076 0.000030 0.000019 0.000016 0.000015 0.000015 0.000015 0.000015 0.000015 0.000015 0.000015 0.000015 0.000015 0.000015 0.000015 0.000015 0.000015 0.000015 0.000015 0.000015 0.000015 0.000015 0.000015 0.000015 0.000015 0.000015 0.000015 0.000014 0.000014 0.000013 0.000011 0.000008 0.000004 0.000000 
50.000000 37.174345 25.670732 16.403914 9.682369 5.277387 2.658534 1.239909 0.536583 0.216030 0.081147 0.028534 0.009437 0.002964 0.000908 0.000295 0.000122 0.000076 0.000065 0.000062 0.000061 0.000061 0.000061 0.000061 0.000061 0.000061 0.000061 0.000061 0.000061 0.000061 0.000061 0.000061 0.000061 0.000061 0.000061 0.000061 0.000061 0.000061 0.000061 0.000061 0.000061 0.000061 0.000060 0.000058 0.000056 0.000051 0.000043 0.000031 0.000017 0.000000 
50.000000 37.174390 25.670816 16.404031 9.682509 5.277542 2.658697 1.240078 0.536754 0.216202 0.081319 0.028707 0.009610 0.003137 0.001081 0.000467 0.000295 0.000249 0.000237 0.000234 0.000234 0.000234 0.000234 0.000234 0.000234 0.000234 0.000234 0.000234 0.000234 0.000234 0.000234 0.000234 0.000234 0.000234 0.000234 0.000234 0.000234 0.000234 0.000234 0.000233 0.000233 0.000232 0.000229 0.000224 0.000214 0.000195 0.000164 0.000120 0.000064 0.000000 
50.000000 37.174549 25.671117 16.404445 9.683006 5.278093 2.659280 1.240677 0.537362 0.216813 0.081932 0.029320 0.010224 0.003750 0.001695 0.001081 0.000908 0.000862 0.000851 0.000848 0.000848 0.000847 0.000847 0.000847 0.000847 0.000847 0.000847 0.000847 0.000847 0.000847 0.000847 0.000847 0.000847 0.000847 0.000847 0.000847 0.000847 0.000847 0.000847 0.000847 0.000845 0.000841 0.000832 0.000813 0.000775 0.000707 0.000597 0.000437 0.000233 0.000000 
50.000000 37.175080 25.672124 16.405834 9.684670 5.279936 2.661229 1.242684 0.539397 0.218860 0.083985 0.031375 0.012279 0.005806 0.003750 0.003137 0.002964 0.002918 0.002907 0.002904 0.002903 0.002903 0.002903 0.002903 0.002903 0.002903 0.002903 0.002903 0.002903 0.002903 0.002903 0.002903 0.002903 0.002903 0.002903 0.002903 0.002903 0.002903 0.002902 0.002901 0.002896 0.002883 0.002854 0.002789 0.002661 0.002429 0.002053 0.001506 0.000801 0.000000 
50.000000 37.176751 25.675291 16.410203 9.689907 5.285740 2.667368 1.249002 0.545803 0.225307 0.090448 0.037844 0.018751 0.012279 0.010224 0.009610 0.009437 0.009391 0.009380 0.009377 0.009376 0.009376 0.009376 0.009376 0.009376 0.009376 0.009376 0.009376 0.009376 0.009376 0.009376 0.009376 0.009376 0.009376 0.009376 0.009376 0.009376 0.009376 0.009374 0.009368 0.009353 0.009314 0.009221 0.009017 0.008609 0.007869 0.006659 0.004893 0.002607 0.000000 
50.000000 37.181675 25.684627 16.423084 9.705351 5.302856 2.685472 1.267639 0.564702 0.244325 0.109515 0.056931 0.037844 0.031375 0.029320 0.028707 0.028534 0.028488 0.028477 0.028474 0.028473 0.028473 0.028473 0.028473 0.028473 0.028473 0.028473 0.028473 0.028473 0.028473 0.028473 0.028473 0.028473 0.028473 0.028473 0.028473 0.028472 0.028471 0.028466 0.028450 0.028406 0.028291 0.028018 0.027415 0.026202 0.023984 0.020335 0.014970 0.007987 0.000000 
50.000000 37.195232 25.710330 16.458552 9.747882 5.349997 2.735342 1.318979 0.616768 0.296719 0.162046 0.109515 0.090448 0.083985 0.081932 0.081319 0.081147 0.081101 0.081089 0.081087 0.081086 0.081086 0.081086 0.081086 0.081086 0.081086 0.081086 0.081086 0.081086 0.081086 0.081086 0.081086 0.081086 0.081086 0.081086 0.081085 0.081084 0.081080 0.081066 0.081023 0.080904 0.080595 0.079848 0.078189 0.074824 0.068618 0.058312 0.043032 0.023002 0.000000 
50.000000 37.229960 25.776180 16.549431 9.856870 5.470817 2.863170 1.450587 0.750240 0.431037 0.296719 0.244325 0.225307 0.218860 0.216813 0.216202 0.216030 0.215984 0.215973 0.215970 0.215969 0.215969 0.215969 0.215969 0.215969 0.215969 0.215969 0.215969 0.215969 0.215969 0.215969 0.215969 0.215969 0.215969 0.215969 0.215968 0.215965 0.215954 0.215919 0.215814 0.215518 0.214742 0.212855 0.208629 0.199964 0.183811 0.156675 0.115990 0.062160 0.000000 
50.000000 37.312432 25.932572 16.765290 10.115779 5.757868 3.166902 1.763324 1.067425 0.750240 0.616768 0.564702 0.545803 0.539397 0.537362 0.536754 0.536583 0.536538 0.536527 0.536524 0.536523 0.536523 0.536523 0.536523 0.536523 0.536523 0.536523 0.536523 0.536523 0.536523 0.536523 0.536523 0.536523 0.536523 0.536522 0.536520 0.536513 0.536489 0.536411 0.536173 0.535498 0.533713 0.529331 0.519412 0.498822 0.459910 0.393567 0.292634 0.157392 0.000000 
50.000000 37.493259 26.275502 17.238668 10.683634 6.387519 3.833207 2.449433 1.763324 1.450587 1.318979 1.267639 1.249002 1.242684 1.240677 1.240078 1.239909 1.239864 1.239853 1.239850 1.239850 1.239850 1.239850 1.239850 1.239850 1.239850 1.239850 1.239850 1.239850 1.239850 1.239850 1.239849 1.239849 1.239849 1.239848 1.239844 1.239830 1.239781 1.239621 1.239132 1.237732 1.233993 1.224716 1.203442 1.158601 1.072384 0.922566 0.690127 0.373128 0.000000 
50.000000 37.857760 26.966808 18.193039 11.828606 7.657229 5.176953 3.833207 3.166902 2.863170 2.735342 2.685472 2.667368 2.661229 2.659280 2.658697 2.658534 2.658490 2.658479 2.658476 2.658476 2.658476 2.658476 2.658476 2.658476 2.658476 2.658476 2.658476 2.658476 2.658476 2.658476 2.658476 2.658476 2.658475 2.658473 2.658466 2.658440 2.658351 2.658057 2.657153 2.654541 2.647489 2.629766 2.588477 2.499816 2.325578 2.015178 1.520557 0.828668 0.000000 
50.000000 38.530263 28.242344 19.954114 13.941611 10.000661 7.657229 6.387519 5.757868 5.470817 5.349997 5.302856 5.285740 5.279936 5.278093 5.277542 5.277387 5.277346 5.277336 5.277333 5.277333 5.277332 5.277332 5.277332 5.277332 5.277332 5.277332 5.277332 5.277332 5.277332 5.277332 5.277332 5.277332 5.277331 5.277329 5.277317 5.277276 5.277131 5.276654 5.275174 5.270853 5.259046 5.228918 5.157413 5.000330 4.682966 4.098716 3.132484 1.728989 0.000000 
50.000000 39.660863 30.386869 22.915199 17.494748 13.941611 11.828606 10.683634 10.115779 9.856870 9.747882 9.705351 9.689907 9.684670 9.683006 9.682509 9.682369 9.682332 9.682322 9.682320 9.682319 9.682319 9.682319 9.682319 9.682319 9.682319 9.682319 9.682319 9.682319 9.682319 9.682319 9.682319 9.682319 9.682318 9.682314 9.682299 9.682241 9.682039 9.681367 9.679263 9.673059 9.655870 9.611249 9.503028 9.258644 8.747374 7.764245 6.050663 3.412902 0.000000 
50.000000 41.385318 33.657966 27.432113 22.915199 19.954114 18.193039 17.238668 16.765290 16.549431 16.458552 16.423084 16.410203 16.405834 16.404445 16.404031 16.403914 16.403883 16.403875 16.403873 16.403873 16.403872 16.403872 16.403872 16.403872 16.403872 16.403872 16.403872 16.403872 16.403872 16.403872 16.403872 16.403872 16.403871 16.403866 16.403848 16.403781 16.403544 16.402750 16.400240 16.392756 16.371724 16.316102 16.177861 15.855398 15.150954 13.716057 11.019595 6.465808 0.000000 
50.000000 43.761999 38.166425 33.657966 30.386869 28.242344 26.966808 26.275502 25.932572 25.776180 25.710330 25.684627 25.675291 25.672124 25.671117 25.670816 25.670732 25.670709 25.670703 25.670702 25.670702 25.670702 25.670702 25.670702 25.670702 25.670702 25.670702 25.670702 25.670702 25.670702 25.670702 25.670702 25.670701 25.670700 25.670696 25.670680 25.670618 25.670397 25.669657 25.667298 25.660190 25.639938 25.585375 25.446251 25.109860 24.336205 22.638371 19.083213 12.082964 0.000000 
50.000000 46.711693 43.761999 41.385318 39.660863 38.530263 37.857760 37.493259 37.312432 37.229960 37.195232 37.181675 37.176751 37.175080 37.174549 37.174390 37.174345 37.174334 37.174331 37.174330 37.174330 37.174330 37.174330 37.174330 37.174330 37.174330 37.174330 37.174330 37.174330 37.174330 37.174330 37.174330 37.174329 37.174329 37.174326 37.174316 37.174278 37.174144 37.173689 37.172230 37.167800 37.155040 37.120131 37.029092 36.801274 36.247962 34.919509 31.679035 23.355847 0.000000 
50.000000 50.000000 50.000000 50.000000 50.000000 50.000000 50.000000 50.000000 50.000000 50.000000 50.000000 50.000000 50.000000 50.000000 50.000000 50.000000 50.000000 50.000000 50.000000 50.000000 50.000000 50.000000 50.000000 50.000000 50.000000 50.000000 50.000000 50.000000 50.000000 50.000000 50.000000 50.000000 50.000000 50.000000 50.000000 50.000000 50.000000 50.000000 50.000000 50.000000 50.000000 50.000000 50.000000 50.000000 50.000000 50.000000 50.000000 50.000000 50.000000 50.000000 
