50.000000 50.000000 50.000000 50.000000 50.000000 50.000000 50.000000 50.000000 50.000000 50.000000 50.000000 50.000000 50.000000 50.000000 50.000000 50.000000 50.000000 50.000000 50.000000 50.000000 50.000000 50.000000 50.000000 50.000000 50.000000 50.000000 50.000000 50.000000 50.000000 50.000000 50.000000 50.000000 50.000000 50.000000 50.000000 50.000000 50.000000 50.000000 50.000000 50.000000 50.000000 50.000000 50.000000 50.000000 50.000000 50.000000 50.000000 50.000000 50.000000 50.000000 
50.000000 48.671153 47.397726 46.228212 45.198692 44.329816 43.626577 43.080537 42.673625 42.382462 42.182313 42.050064 41.966019 41.914619 41.884346 41.867165 41.857763 41.852798 41.850267 41.849020 41.848426 41.848152 41.848030 41.847977 41.847955 41.847945 41.847941 41.847937 41.847929 41.847910 41.847868 41.847769 41.847548 41.847066 41.846042 41.843923 41.839658 41.831286 41.815251 41.785223 41.730118 41.630669 41.453289 41.138356 40.575863 39.549355 37.591545 33.567645 24.335576 0.000000 
50.000000 47.397726 44.903982 42.613734 40.597641 38.896137 37.519003 36.449714 35.652876 35.082709 34.690771 34.431799 34.267223 34.166570 34.107291 34.073648 34.055238 34.045516 34.040560 34.038118 34.036955 34.036419 34.036180 34.036077 34.036033 34.036015 34.036006 34.035997 34.035983 34.035949 34.035870 34.035687 34.035278 34.034386 34.032495 34.028593 34.020756 34.005420 33.976164 33.921668 33.822364 33.644895 33.332770 32.790122 31.852246 30.230270 27.406488 22.451991 13.830080 0.000000 
50.000000 46.228212 42.613734 39.294215 36.372070 33.905907 31.909897 30.360086 29.205173 28.378795 27.810743 27.435407 27.196886 27.051011 26.965099 26.916343 26.889662 26.875573 26.868390 26.864852 26.863167 26.862390 26.862043 26.861894 26.861830 26.861804 26.861791 26.861780 26.861760 26.861715 26.861610 26.861369 26.860829 26.859655 26.857171 26.852062 26.841840 26.821935 26.784192 26.714434 26.588616 26.366820 25.983972 25.335584 24.256179 22.488470 19.647107 15.207245 8.636667 0.000000 
50.000000 45.198692 40.597641 36.372070 32.652355 29.513095 26.972328 24.999557 23.529470 22.477589 21.754534 21.276790 20.973193 20.787522 20.678175 20.616120 20.582162 20.564232 20.555091 20.550587 20.548443 20.547454 20.547013 20.546822 20.546742 20.546709 20.546693 20.546679 20.546657 20.546607 20.546489 20.546219 20.545617 20.544310 20.541555 20.535912 20.524677 20.502932 20.462007 20.387080 20.253554 20.021798 19.629813 18.983598 17.945834 16.326177 13.883601 10.367371 5.649337 0.000000 
50.000000 44.329816 38.896137 33.905907 29.513095 25.805800 22.805321 20.475632 18.739595 17.497438 16.643602 16.079456 15.720959 15.501718 15.372603 15.299331 15.259236 15.238065 15.227272 15.221955 15.219423 15.218257 15.217736 15.217511 15.217416 15.217377 15.217358 15.217344 15.217321 15.217271 15.217153 15.216883 15.216283 15.214986 15.212261 15.206706 15.195708 15.174567 15.135109 15.063601 14.937777 14.722832 14.366488 13.793724 12.902900 11.567260 9.649728 7.043891 3.753953 0.000000 
50.000000 43.626577 37.519003 31.909897 26.972328 22.805321 19.432807 16.814287 14.863044 13.466925 12.507275 11.873226 11.470316 11.223920 11.078815 10.996471 10.951413 10.927622 10.915494 10.909520 10.906675 10.905363 10.904779 10.904526 10.904419 10.904375 10.904355 10.904341 10.904320 10.904273 10.904165 10.903918 10.903371 10.902192 10.899727 10.894728 10.884889 10.866111 10.831364 10.769045 10.660760 10.478588 10.182163 9.716404 9.011597 7.988730 6.574313 4.728881 2.488220 0.000000 
50.000000 43.080537 36.449714 30.360086 24.999557 20.475632 16.814287 13.971541 11.853241 10.337614 9.295835 8.607535 8.170160 7.902692 7.745181 7.655800 7.606892 7.581069 7.567905 7.561421 7.558333 7.556910 7.556276 7.556001 7.555886 7.555838 7.555817 7.555804 7.555785 7.555745 7.555652 7.555443 7.554980 7.553986 7.551917 7.547743 7.539579 7.524110 7.495729 7.445341 7.358830 7.215346 6.985771 6.632124 6.109144 5.369744 4.376114 3.116943 1.627248 0.000000 
50.000000 42.673625 35.652876 29.205173 23.529470 18.739595 14.863044 11.853241 9.610483 8.005831 6.902877 6.174171 5.711129 5.427971 5.261224 5.166603 5.114829 5.087495 5.073560 5.066696 5.063428 5.061922 5.061250 5.060959 5.060837 5.060787 5.060766 5.060753 5.060737 5.060705 5.060631 5.060464 5.060097 5.059313 5.057687 5.054424 5.048080 5.036146 5.014430 4.976241 4.911402 4.805242 4.637895 4.384456 4.016763 3.507672 2.838353 2.007982 1.042956 0.000000 
50.000000 42.382462 35.082709 28.378795 22.477589 17.497438 13.466925 10.337614 8.005831 6.337503 5.190798 4.433199 3.951805 3.657428 3.484079 3.385714 3.331892 3.303477 3.288992 3.281857 3.278460 3.276894 3.276196 3.275894 3.275767 3.275715 3.275694 3.275682 3.275669 3.275644 3.275589 3.275464 3.275190 3.274606 3.273402 3.270998 3.266352 3.257670 3.241994 3.214672 3.168752 3.094428 2.978783 2.806165 2.559661 2.224035 1.790179 1.260345 0.652344 0.000000 
50.000000 42.182313 34.690771 27.810743 21.754534 16.643602 12.507275 9.295835 6.902877 5.190798 4.014036 3.236588 2.742589 2.440509 2.262626 2.161689 2.106462 2.077306 2.062443 2.055122 2.051636 2.050030 2.049314 2.049004 2.048874 2.048821 2.048799 2.048788 2.048778 2.048760 2.048721 2.048632 2.048438 2.048027 2.047183 2.045505 2.042282 2.036296 2.025567 2.007018 1.976126 1.926635 1.850494 1.738230 1.580001 1.367455 1.096309 0.769103 0.397090 0.000000 
50.000000 42.050064 34.431799 27.435407 21.276790 16.079456 11.873226 8.607535 6.174171 4.433199 3.236588 2.446035 1.943714 1.636550 1.455675 1.353042 1.296888 1.267242 1.252130 1.244687 1.241142 1.239509 1.238781 1.238466 1.238334 1.238280 1.238259 1.238248 1.238241 1.238228 1.238201 1.238141 1.238011 1.237736 1.237173 1.236061 1.233934 1.230008 1.223018 1.211021 1.191204 1.159741 1.111806 1.041862 0.944347 0.814783 0.651216 0.455635 0.234813 0.000000 
50.000000 41.966019 34.267223 27.196886 20.973193 15.720959 11.470316 8.170160 5.711129 3.951805 2.742589 1.943714 1.436110 1.125718 0.942944 0.839235 0.782492 0.752536 0.737266 0.729746 0.726164 0.724514 0.723778 0.723460 0.723327 0.723273 0.723251 0.723241 0.723235 0.723227 0.723209 0.723171 0.723087 0.722912 0.722554 0.721851 0.720512 0.718055 0.713706 0.706292 0.694135 0.674983 0.646050 0.604206 0.546392 0.470261 0.374951 0.261803 0.134733 0.000000 
50.000000 41.914619 34.166570 27.051011 20.787522 15.501718 11.223920 7.902692 5.427971 3.657428 2.440509 1.636550 1.125718 0.813354 0.629421 0.525054 0.467952 0.437807 0.422440 0.414872 0.411268 0.409608 0.408868 0.408548 0.408413 0.408359 0.408337 0.408328 0.408323 0.408317 0.408307 0.408283 0.408232 0.408125 0.407908 0.407483 0.406677 0.405206 0.402616 0.398227 0.391077 0.379890 0.363113 0.339031 0.306010 0.262846 0.209171 0.145815 0.074961 0.000000 
50.000000 41.884346 34.107291 26.965099 20.678175 15.372603 11.078815 7.745181 5.261224 3.484079 2.262626 1.455675 0.942944 0.629421 0.444805 0.340053 0.282739 0.252483 0.237060 0.229464 0.225847 0.224180 0.223437 0.223116 0.222981 0.222926 0.222905 0.222896 0.222892 0.222888 0.222881 0.222867 0.222838 0.222775 0.222649 0.222403 0.221938 0.221094 0.219614 0.217121 0.213081 0.206800 0.197439 0.184087 0.165897 0.142263 0.113037 0.078697 0.040422 0.000000 
50.000000 41.867165 34.073648 26.916343 20.616120 15.299331 10.996471 7.655800 5.166603 3.385714 2.161689 1.353042 0.839235 0.525054 0.340053 0.235081 0.177648 0.147328 0.131873 0.124262 0.120637 0.118967 0.118222 0.117900 0.117766 0.117711 0.117689 0.117681 0.117677 0.117674 0.117670 0.117662 0.117646 0.117611 0.117540 0.117403 0.117146 0.116681 0.115869 0.114507 0.112311 0.108916 0.103883 0.096744 0.087070 0.074565 0.059171 0.041153 0.021123 0.000000 
50.000000 41.857763 34.055238 26.889662 20.582162 15.259236 10.951413 7.606892 5.114829 3.331892 2.106462 1.296888 0.782492 0.467952 0.282739 0.177648 0.120150 0.089796 0.074324 0.066703 0.063075 0.061403 0.060657 0.060335 0.060200 0.060145 0.060123 0.060115 0.060112 0.060110 0.060107 0.060103 0.060094 0.060075 0.060037 0.059964 0.059827 0.059581 0.059152 0.058435 0.057286 0.055517 0.052906 0.049221 0.044250 0.037852 0.030007 0.020851 0.010697 0.000000 
50.000000 41.852798 34.045516 26.875573 20.564232 15.238065 10.927623 7.581070 5.087495 3.303477 2.077306 1.267242 0.752536 0.437807 0.252483 0.147328 0.089796 0.059424 0.043942 0.036317 0.032686 0.031014 0.030267 0.029945 0.029810 0.029755 0.029734 0.029725 0.029722 0.029720 0.029719 0.029717 0.029712 0.029702 0.029683 0.029645 0.029575 0.029449 0.029231 0.028868 0.028287 0.027397 0.026090 0.024252 0.021782 0.018615 0.014744 0.010238 0.005250 0.000000 
50.000000 41.850267 34.040560 26.868390 20.555091 15.227272 10.915494 7.567906 5.073560 3.288992 2.062443 1.252130 0.737266 0.422441 0.237060 0.131873 0.074324 0.043942 0.028456 0.020828 0.017197 0.015523 0.014777 0.014454 0.014319 0.014265 0.014243 0.014235 0.014231 0.014230 0.014229 0.014228 0.014226 0.014221 0.014211 0.014192 0.014158 0.014096 0.013989 0.013811 0.013528 0.013096 0.012463 0.011576 0.010389 0.008872 0.007021 0.004873 0.002498 0.000000 
50.000000 41.849020 34.038118 26.864852 20.550587 15.221956 10.909520 7.561421 5.066697 3.281857 2.055122 1.244687 0.729746 0.414873 0.229464 0.124262 0.066703 0.036317 0.020829 0.013200 0.009568 0.007894 0.007148 0.006825 0.006690 0.006635 0.006614 0.006605 0.006602 0.006601 0.006600 0.006600 0.006599 0.006596 0.006592 0.006583 0.006566 0.006537 0.006486 0.006402 0.006269 0.006066 0.005769 0.005355 0.004803 0.004099 0.003242 0.002249 0.001152 0.000000 
50.000000 41.848426 34.036955 26.863167 20.548443 15.219424 10.906675 7.558334 5.063428 3.278460 2.051637 1.241143 0.726165 0.411269 0.225847 0.120638 0.063075 0.032687 0.017197 0.009568 0.005936 0.004262 0.003515 0.003193 0.003058 0.003003 0.002981 0.002973 0.002970 0.002969 0.002968 0.002968 0.002967 0.002966 0.002964 0.002960 0.002952 0.002939 0.002915 0.002877 0.002816 0.002724 0.002590 0.002403 0.002153 0.001837 0.001452 0.001007 0.000516 0.000000 
50.000000 41.848152 34.036420 26.862391 20.547455 15.218258 10.905365 7.556912 5.061923 3.276896 2.050032 1.239511 0.724516 0.409610 0.224182 0.118969 0.061404 0.031015 0.015525 0.007896 0.004263 0.002589 0.001843 0.001520 0.001385 0.001330 0.001309 0.001300 0.001297 0.001296 0.001296 0.001295 0.001295 0.001295 0.001294 0.001292 0.001288 0.001282 0.001272 0.001255 0.001228 0.001188 0.001129 0.001047 0.000938 0.000799 0.000631 0.000438 0.000224 0.000000 
50.000000 41.848031 34.036182 26.862046 20.547016 15.217739 10.904782 7.556280 5.061254 3.276200 2.049318 1.238786 0.723783 0.408872 0.223442 0.118227 0.060662 0.030272 0.014782 0.007153 0.003520 0.001846 0.001099 0.000777 0.000642 0.000587 0.000565 0.000557 0.000554 0.000553 0.000552 0.000552 0.000552 0.000552 0.000551 0.000550 0.000549 0.000546 0.000542 0.000535 0.000523 0.000506 0.000480 0.000445 0.000399 0.000340 0.000268 0.000186 0.000095 0.000000 
50.000000 41.847979 34.036081 26.861900 20.546830 15.217520 10.904536 7.556013 5.060971 3.275906 2.049017 1.238479 0.723473 0.408561 0.223129 0.117914 0.060348 0.029958 0.014468 0.006838 0.003205 0.001532 0.000785 0.000463 0.000327 0.000273 0.000251 0.000243 0.000240 0.000238 0.000238 0.000238 0.000238 0.000238 0.000237 0.000237 0.000236 0.000235 0.000233 0.000230 0.000225 0.000218 0.000207 0.000191 0.000171 0.000146 0.000115 0.000080 0.000041 0.000000 
50.000000 41.847961 34.036045 26.861847 20.546763 15.217441 10.904447 7.555916 5.060869 3.275800 2.048908 1.238368 0.723361 0.408448 0.223016 0.117800 0.060235 0.029845 0.014354 0.006725 0.003092 0.001418 0.000672 0.000349 0.000214 0.000159 0.000137 0.000129 0.000126 0.000125 0.000125 0.000124 0.000124 0.000124 0.000124 0.000124 0.000124 0.000123 0.000122 0.000120 0.000118 0.000114 0.000108 0.000100 0.000089 0.000076 0.000060 0.000042 0.000021 0.000000 
50.000000 41.847961 34.036045 26.861847 20.546763 15.217441 10.904447 7.555916 5.060869 3.275800 2.048908 1.238368 0.723361 0.408448 0.223016 0.117800 0.060235 0.029845 0.014354 0.006725 0.003092 0.001418 0.000672 0.000349 0.000214 0.000159 0.000137 0.000129 0.000126 0.000125 0.000125 0.000124 0.000124 0.000124 0.000124 0.000124 0.000124 0.000123 0.000122 0.000120 0.000118 0.000114 0.000108 0.000100 0.000089 0.000076 0.000060 0.000042 0.000021 0.000000 
50.000000 41.847979 34.036081 26.861900 20.546830 15.217520 10.904536 7.556013 5.060971 3.275906 2.049017 1.238479 0.723473 0.408561 0.223129 0.117914 0.060348 0.029958 0.014468 0.006838 0.003205 0.001532 0.000785 0.000463 0.000327 0.000273 0.000251 0.000243 0.000240 0.000238 0.000238 0.000238 0.000238 0.000238 0.000237 0.000237 0.000236 0.000235 0.000233 0.000230 0.000225 0.000218 0.000207 0.000191 0.000171 0.000146 0.000115 0.000080 0.000041 0.000000 
50.000000 41.848031 34.036182 26.862046 20.547016 15.217739 10.904782 7.556280 5.061254 3.276200 2.049318 1.238786 0.723783 0.408872 0.223442 0.118227 0.060662 0.030272 0.014782 0.007153 0.003520 0.001846 0.001099 0.000777 0.000642 0.000587 0.000565 0.000557 0.000554 0.000553 0.000552 0.000552 0.000552 0.000552 0.000551 0.000550 0.000549 0.000546 0.000542 0.000535 0.000523 0.000506 0.000480 0.000445 0.000399 0.000340 0.000268 0.000186 0.000095 0.000000 
50.000000 41.848152 34.036420 26.862391 20.547455 15.218258 10.905365 7.556912 5.061923 3.276896 2.050032 1.239511 0.724516 0.409610 0.224182 0.118969 0.061404 0.031015 0.015525 0.007896 0.004263 0.002589 0.001843 0.001520 0.001385 0.001330 0.001309 0.001300 0.001297 0.001296 0.001296 0.001295 0.001295 0.001295 0.001294 0.001292 0.001288 0.001282 0.001272 0.001255 0.001228 0.001188 0.001129 0.001047 0.000938 0.000799 0.000631 0.000438 0.000224 0.000000 
50.000000 41.848426 34.036955 26.863167 20.548443 15.219424 10.906675 7.558334 5.063428 3.278460 2.051637 1.241143 0.726165 0.411269 0.225847 0.120638 0.063075 0.032687 0.017197 0.009568 0.005936 0.004262 0.003515 0.003193 0.003058 0.003003 0.002981 0.002973 0.002970 0.002969 0.002968 0.002968 0.002967 0.002966 0.002964 0.002960 0.002952 0.002939 0.002915 0.002877 0.002816 0.002724 0.002590 0.002403 0.002153 0.001837 0.001452 0.001007 0.000516 0.000000 
50.000000 41.849020 34.038118 26.864852 20.550587 15.221956 10.909520 7.561421 5.066697 3.281857 2.055122 1.244687 0.729746 0.414873 0.229464 0.124262 0.066703 0.036317 0.020829 0.013200 0.009568 0.007894 0.007148 0.006825 0.006690 0.006635 0.006614 0.006605 0.006602 0.006601 0.006600 0.006600 0.006599 0.006596 0.006592 0.006583 0.006566 0.006537 0.006486 0.006402 0.006269 0.006066 0.005769 0.005355 0.004803 0.004099 0.003242 0.002249 0.001152 0.000000 
50.000000 41.850267 34.040560 26.868390 20.555091 15.227272 10.915494 7.567906 5.073560 3.288992 2.062443 1.252130 0.737266 0.422441 0.237060 0.131873 0.074324 0.043942 0.028456 0.020828 0.017197 0.015523 0.014777 0.014454 0.014319 0.014265 0.014243 0.014235 0.014231 0.014230 0.014229 0.014228 0.014226 0.014221 0.014211 0.014192 0.014158 0.014096 0.013989 0.013811 0.013528 0.013096 0.012463 0.011576 0.010389 0.008872 0.007021 0.004873 0.002498 0.000000 
50.000000 41.852798 34.045516 26.875573 20.564232 15.238065 10.927623 7.581070 5.087495 3.303477 2.077306 1.267242 0.752536 0.437807 0.252483 0.147328 0.089796 0.059424 0.043942 0.036317 0.032686 0.031014 0.030267 0.029945 0.029810 0.029755 0.029734 0.029725 0.029722 0.029720 0.029719 0.029717 0.029712 0.029702 0.029683 0.029645 0.029575 0.029449 0.029231 0.028868 0.028287 0.027397 0.026090 0.024252 0.021782 0.018615 0.014744 0.010238 0.005250 0.000000 
50.000000 41.857763 34.055238 26.889662 20.582162 15.259236 10.951413 7.606892 5.114829 3.331892 2.106462 1.296888 0.782492 0.467952 0.282739 0.177648 0.120150 0.089796 0.074324 0.066703 0.063075 0.061403 0.060657 0.060335 0.060200 0.060145 0.060123 0.060115 0.060112 0.060110 0.060107 0.060103 0.060094 0.060075 0.060037 0.059964 0.059827 0.059581 0.059152 0.058435 0.057286 0.055517 0.052906 0.049221 0.044250 0.037852 0.030007 0.020851 0.010697 0.000000 
50.000000 41.867165 34.073648 26.916343 20.616120 15.299331 10.996471 7.655800 5.166603 3.385714 2.161689 1.353042 0.839235 0.525054 0.340053 0.235081 0.177648 0.147328 0.131873 0.124262 0.120637 0.118967 0.118222 0.117900 0.117766 0.117711 0.117689 0.117681 0.117677 0.117674 0.117670 0.117662 0.117646 0.117611 0.117540 0.117403 0.117146 0.116681 0.115869 0.114507 0.112311 0.108916 0.103883 0.096744 0.087070 0.074565 0.059171 0.041153 0.021123 0.000000 
50.000000 41.884346 34.107291 26.965099 20.678175 15.372603 11.078815 7.745181 5.261224 3.484079 2.262626 1.455675 0.942944 0.629421 0.444805 0.340053 0.282739 0.252483 0.237060 0.229464 0.225847 0.224180 0.223437 0.223116 0.222981 0.222926 0.222905 0.222896 0.222892 0.222888 0.222881 0.222867 0.222838 0.222775 0.222649 0.222403 0.221938 0.221094 0.219614 0.217121 0.213081 0.206800 0.197439 0.184087 0.165897 0.142263 0.113037 0.078697 0.040422 0.000000 
50.000000 41.914619 34.166570 27.051011 20.787522 15.501718 11.223920 7.902692 5.427971 3.657428 2.440509 1.636550 1.125718 0.813354 0.629421 0.525054 0.467952 0.437807 0.422440 0.414872 0.411268 0.409608 0.408868 0.408548 0.408413 0.408359 0.408337 0.408328 0.408323 0.408317 0.408307 0.408283 0.408232 0.408125 0.407908 0.407483 0.406677 0.405206 0.402616 0.398227 0.391077 0.379890 0.363113 0.339031 0.306010 0.262846 0.209171 0.145815 0.074961 0.000000 
50.000000 41.966019 34.267223 27.196886 20.973193 15.720959 11.470316 8.170160 5.711129 3.951805 2.742589 1.943714 1.436110 1.125718 0.942944 0.839235 0.782492 0.752536 0.737266 0.729746 0.726164 0.724514 0.723778 0.723460 0.723327 0.723273 0.723251 0.723241 0.723235 0.723227 0.723209 0.723171 0.723087 0.722912 0.722554 0.721851 0.720512 0.718055 0.713706 0.706292 0.694135 0.674983 0.646050 0.604206 0.546392 0.470261 0.374951 0.261803 0.134733 0.000000 
50.000000 42.050064 34.431799 27.435407 21.276790 16.079456 11.873226 8.607535 6.174171 4.433199 3.236588 2.446035 1.943714 1.636550 1.455675 1.353042 1.296888 1.267242 1.252130 1.244687 1.241142 1.239509 1.238781 1.238466 1.238334 1.238280 1.238259 1.238248 1.238241 1.238228 1.238201 1.238141 1.238011 1.237736 1.237173 1.236061 1.233934 1.230008 1.223018 1.211021 1.191204 1.159741 1.111806 1.041862 0.944347 0.814783 0.651216 0.455635 0.234813 0.000000 
50.000000 42.182313 34.690771 27.810743 21.754534 16.643602 12.507275 9.295835 6.902877 5.190798 4.014036 3.236588 2.742589 2.440509 2.262626 2.161689 2.106462 2.077306 2.062443 2.055122 2.051636 2.050030 2.049314 2.049004 2.048874 2.048821 2.048799 2.048788 2.048778 2.048760 2.048721 2.048632 2.048438 2.048027 2.047183 2.045505 2.042282 2.036296 2.025567 2.007018 1.976126 1.926635 1.850494 1.738230 1.580001 1.367455 1.096309 0.769103 0.397090 0.000000 
50.000000 42.382462 35.082709 28.378795 22.477589 17.497438 13.466925 10.337614 8.005831 6.337503 5.190798 4.433199 3.951805 3.657428 3.484079 3.385714 3.331892 3.303477 3.288992 3.281857 3.278460 3.276894 3.276196 3.275894 3.275767 3.275715 3.275694 3.275682 3.275669 3.275644 3.275589 3.275464 3.275190 3.274606 3.273402 3.270998 3.266352 3.257670 3.241994 3.214672 3.168752 3.094428 2.978783 2.806165 2.559661 2.224035 1.790179 1.260345 0.652344 0.000000 
50.000000 42.673625 35.652876 29.205173 23.529470 18.739595 14.863044 11.853241 9.610483 8.005831 6.902877 6.174171 5.711129 5.427971 5.261224 5.166603 5.114829 5.087495 5.073560 5.066696 5.063428 5.061922 5.061250 5.060959 5.060837 5.060787 5.060766 5.060753 5.060737 5.060705 5.060631 5.060464 5.060097 5.059313 5.057687 5.054424 5.048080 5.036146 5.014430 4.976241 4.911402 4.805242 4.637895 4.384456 4.016763 3.507672 2.838353 2.007982 1.042956 0.000000 
50.000000 43.080537 36.449714 30.360086 24.999557 20.475632 16.814287 13.971541 11.853241 10.337614 9.295835 8.607535 8.170160 7.902692 7.745181 7.655800 7.606892 7.581069 7.567905 7.561421 7.558333 7.556910 7.556276 7.556001 7.555886 7.555838 7.555817 7.555804 7.555785 7.555745 7.555652 7.555443 7.554980 7.553986 7.551917 7.547743 7.539579 7.524110 7.495729 7.445341 7.358830 7.215346 6.985771 6.632124 6.109144 5.369744 4.376114 3.116943 1.627248 0.000000 
50.000000 43.626577 37.519003 31.909897 26.972328 22.805321 19.432807 16.814287 14.863044 13.466925 12.507275 11.873226 11.470316 11.223920 11.078815 10.996471 10.951413 10.927622 10.915494 10.909520 10.906675 10.905363 10.904779 10.904526 10.904419 10.904375 10.904355 10.904341 10.904320 10.904273 10.904165 10.903918 10.903371 10.902192 10.899727 10.894728 10.884889 10.866111 10.831364 10.769045 10.660760 10.478588 10.182163 9.716404 9.011597 7.988730 6.574313 4.728881 2.488220 0.000000 
50.000000 44.329816 38.896137 33.905907 29.513095 25.805800 22.805321 20.475632 18.739595 17.497438 16.643602 16.079456 15.720959 15.501718 15.372603 15.299331 15.259236 15.238065 15.227272 15.221955 15.219423 15.218257 15.217736 15.217511 15.217416 15.217377 15.217358 15.217344 15.217321 15.217271 15.217153 15.216883 15.216283 15.214986 15.212261 15.206706 15.195708 15.174567 15.135109 15.063601 14.937777 14.722832 14.366488 13.793724 12.902900 11.567260 9.649728 7.043891 3.753953 0.000000 
50.000000 45.198692 40.597641 36.372070 32.652355 29.513095 26.972328 24.999557 23.529470 22.477589 21.754534 21.276790 20.973193 20.787522 20.678175 20.616120 20.582162 20.564232 20.555091 20.550587 20.548443 20.547454 20.547013 20.546822 20.546742 20.546709 20.546693 20.546679 20.546657 20.546607 20.546489 20.546219 20.545617 20.544310 20.541555 20.535912 20.524677 20.502932 20.462007 20.387080 20.253554 20.021798 19.629813 18.983598 17.945834 16.326177 13.883601 10.367371 5.649337 0.000000 
50.000000 46.228212 42.613734 39.294215 36.372070 33.905907 31.909897 30.360086 29.205173 28.378795 27.810743 27.435407 27.196886 27.051011 26.965099 26.916343 26.889662 26.875573 26.868390 26.864852 26.863167 26.862390 26.862043 26.861894 26.861830 26.861804 26.861791 26.861780 26.861760 26.861715 26.861610 26.861369 26.860829 26.859655 26.857171 26.852062 26.841840 26.821935 26.784192 26.714434 26.588616 26.366820 25.983972 25.335584 24.256179 22.488470 19.647107 15.207245 8.636667 0.000000 
50.000000 47.397726 44.903982 42.613734 40.597641 38.896137 37.519003 36.449714 35.652876 35.082709 34.690771 34.431799 34.267223 34.166570 34.107291 34.073648 34.055238 34.045516 34.040560 34.038118 34.036955 34.036419 34.036180 34.036077 34.036033 34.036015 34.036006 34.035997 34.035983 34.035949 34.035870 34.035687 34.035278 34.034386 34.032495 34.028593 34.020756 34.005420 33.976164 33.921668 33.822364 33.644895 33.332770 32.790122 31.852246 30.230270 27.406488 22.451991 13.830080 0.000000 
50.000000 48.671153 47.397726 46.228212 45.198692 44.329816 43.626577 43.080537 42.673625 42.382462 42.182313 42.050064 41.966019 41.914619 41.884346 41.867165 41.857763 41.852798 41.850267 41.849020 41.848426 41.848152 41.848030 41.847977 41.847955 41.847945 41.847941 41.847937 41.847929 41.847910 41.847868 41.847769 41.847548 41.847066 41.846042 41.843923 41.839658 41.831286 41.815251 41.785223 41.730118 41.630669 41.453289 41.138356 40.575863 39.549355 37.591545 33.567645 24.335576 0.000000 
50.000000 50.000000 50.000000 50.000000 50.000000 50.000000 50.000000 50.000000 50.000000 50.000000 50.000000 50.000000 50.000000 50.000000 50.000000 50.000000 50.000000 50.000000 50.000000 50.000000 50.000000 50.000000 50.000000 50.000000 50.000000 50.000000 50.000000 50.000000 50.000000 50.000000 50.000000 50.000000 50.000000 50.000000 50.000000 50.000000 50.000000 50.000000 50.000000 50.000000 50.000000 50.000000 50.000000 50.000000 50.000000 50.000000 50.000000 50.000000 50.000000 50.000000 
