50.000000 50.000000 50.000000 50.000000 50.000000 50.000000 50.000000 50.000000 50.000000 50.000000 50.000000 50.000000 50.000000 50.000000 50.000000 50.000000 50.000000 50.000000 50.000000 50.000000 50.000000 50.000000 50.000000 50.000000 50.000000 50.000000 50.000000 50.000000 50.000000 50.000000 50.000000 50.000000 50.000000 50.000000 50.000000 50.000000 50.000000 50.000000 50.000000 50.000000 50.000000 50.000000 50.000000 50.000000 50.000000 50.000000 50.000000 50.000000 50.000000 50.000000 
50.000000 48.007557 46.139627 44.497418 43.142795 42.093579 41.329755 40.806509 40.468782 40.263105 40.144744 40.080283 40.047006 40.030699 40.023100 40.019728 40.018302 40.017725 40.017502 40.017420 40.017390 40.017380 40.017377 40.017376 40.017376 40.017376 40.017376 40.017376 40.017375 40.017375 40.017373 40.017369 40.017354 40.017313 40.017200 40.016901 40.016135 40.014250 40.009780 39.999553 39.976953 39.928585 39.827925 39.622952 39.210633 38.379288 36.662533 32.921328 24.003779 0.000000 
50.000000 46.139627 42.520505 39.338738 36.714187 34.681374 33.201515 32.187777 31.533474 31.135009 30.905708 30.780830 30.716367 30.684776 30.670057 30.663526 30.660762 30.659645 30.659214 30.659054 30.658997 30.658978 30.658972 30.658970 30.658969 30.658969 30.658969 30.658969 30.658968 30.658968 30.658965 30.658956 30.658931 30.658857 30.658657 30.658124 30.656768 30.653441 30.645581 30.627699 30.588473 30.505370 30.334922 29.995257 29.334508 28.072582 25.693419 21.260253 13.218298 0.000000 
50.000000 44.497418 39.338738 34.803498 31.062549 28.165091 26.055823 24.610957 23.678414 23.110519 22.783729 22.605764 22.513900 22.468883 22.447909 22.438603 22.434665 22.433074 22.432459 22.432231 22.432151 22.432123 22.432114 22.432111 22.432110 22.432110 22.432110 22.432110 22.432110 22.432109 22.432105 22.432094 22.432062 22.431972 22.431723 22.431067 22.429402 22.425336 22.415791 22.394247 22.347476 22.249751 22.053048 21.671192 20.955483 19.660082 17.401749 13.645319 7.834885 0.000000 
50.000000 43.142795 36.714187 31.062549 26.400795 22.790221 20.161890 18.361511 17.199551 16.491973 16.084820 15.863099 15.748654 15.692575 15.666447 15.654855 15.649951 15.647969 15.647203 15.646920 15.646819 15.646785 15.646774 15.646770 15.646769 15.646769 15.646769 15.646768 15.646768 15.646767 15.646763 15.646752 15.646720 15.646627 15.646373 15.645706 15.644021 15.639931 15.630401 15.609092 15.563376 15.469306 15.283699 14.932739 14.297565 13.200397 11.402467 8.641605 4.763507 0.000000 
50.000000 42.093579 34.681374 28.165091 22.790221 18.627422 15.597176 13.521555 12.182000 11.366308 10.896964 10.641389 10.509476 10.444840 10.414728 10.401369 10.395717 10.393434 10.392551 10.392225 10.392109 10.392069 10.392056 10.392052 10.392051 10.392051 10.392051 10.392051 10.392050 10.392049 10.392046 10.392036 10.392007 10.391924 10.391697 10.391106 10.389619 10.386033 10.377746 10.359397 10.320512 10.241711 10.089192 9.807720 9.313711 8.492656 7.209607 5.346866 2.882946 0.000000 
50.000000 41.329755 33.201515 26.055823 20.161890 15.597176 12.274448 9.998556 8.529803 7.635474 7.120905 6.840715 6.696105 6.625251 6.592244 6.577601 6.571407 6.568904 6.567937 6.567579 6.567453 6.567409 6.567395 6.567391 6.567389 6.567389 6.567389 6.567389 6.567388 6.567388 6.567385 6.567377 6.567353 6.567287 6.567106 6.566635 6.565460 6.562644 6.556189 6.542035 6.512394 6.453187 6.340596 6.137224 5.789456 5.229151 4.384631 3.206259 1.706803 0.000000 
50.000000 40.806509 32.187777 24.610957 18.361511 13.521555 9.998556 7.585557 6.028371 5.080227 4.534716 4.237690 4.084397 4.009293 3.974308 3.958788 3.952223 3.949571 3.948546 3.948167 3.948033 3.947987 3.947972 3.947967 3.947966 3.947965 3.947965 3.947965 3.947965 3.947964 3.947962 3.947956 3.947939 3.947890 3.947759 3.947418 3.946572 3.944559 3.939979 3.930031 3.909427 3.868813 3.792778 3.657961 3.432363 3.077813 2.557910 1.852855 0.978584 0.000000 
50.000000 40.468782 31.533474 23.678414 17.199551 12.182000 8.529803 6.028371 4.414158 3.431321 2.865867 2.557994 2.399108 2.321267 2.285008 2.268925 2.262121 2.259373 2.258311 2.257918 2.257779 2.257731 2.257716 2.257711 2.257709 2.257709 2.257709 2.257709 2.257709 2.257708 2.257707 2.257703 2.257691 2.257659 2.257571 2.257344 2.256783 2.255458 2.252466 2.246023 2.232813 2.207079 2.159558 2.076616 1.940290 1.730245 1.428663 1.028103 0.540197 0.000000 
50.000000 40.263105 31.135009 23.110519 16.491973 11.366308 7.635474 5.080227 3.431321 2.427382 1.849803 1.535336 1.373053 1.293549 1.256517 1.240091 1.233143 1.230337 1.229252 1.228851 1.228709 1.228660 1.228644 1.228639 1.228638 1.228637 1.228637 1.228637 1.228637 1.228637 1.228636 1.228633 1.228626 1.228606 1.228551 1.228411 1.228067 1.227258 1.225443 1.221567 1.213691 1.198507 1.170799 1.123080 1.045796 0.928597 0.763043 0.546536 0.286152 0.000000 
50.000000 40.144744 30.905708 22.783729 16.084820 10.896964 7.120905 4.534716 2.865867 1.849803 1.265259 0.947005 0.782771 0.702314 0.664838 0.648216 0.641185 0.638345 0.637248 0.636842 0.636698 0.636649 0.636633 0.636628 0.636626 0.636626 0.636626 0.636625 0.636625 0.636625 0.636625 0.636623 0.636619 0.636607 0.636576 0.636495 0.636298 0.635837 0.634809 0.632629 0.628236 0.619844 0.604685 0.578870 0.537567 0.475728 0.389482 0.278009 0.145191 0.000000 
50.000000 40.080283 30.780830 22.605764 15.863099 10.641389 6.840715 4.237690 2.557994 1.535336 0.947005 0.626695 0.461401 0.380426 0.342709 0.325981 0.318905 0.316047 0.314943 0.314534 0.314389 0.314340 0.314324 0.314318 0.314317 0.314316 0.314316 0.314316 0.314316 0.314316 0.314316 0.314315 0.314313 0.314306 0.314289 0.314246 0.314140 0.313893 0.313347 0.312196 0.309893 0.305528 0.297711 0.284526 0.263643 0.232698 0.189973 0.135249 0.070503 0.000000 
50.000000 40.047006 30.716367 22.513900 15.748654 10.509476 6.696105 4.084397 2.399108 1.373053 0.782771 0.461401 0.295562 0.214321 0.176480 0.159697 0.152598 0.149731 0.148623 0.148213 0.148068 0.148018 0.148002 0.147997 0.147995 0.147995 0.147995 0.147995 0.147995 0.147995 0.147994 0.147994 0.147993 0.147990 0.147981 0.147959 0.147905 0.147781 0.147508 0.146935 0.145795 0.143650 0.139839 0.133461 0.123443 0.108723 0.088564 0.062926 0.032756 0.000000 
50.000000 40.030699 30.684776 22.468883 15.692575 10.444840 6.625251 4.009293 2.321267 1.293549 0.702314 0.380426 0.214321 0.132949 0.095048 0.078238 0.071128 0.068256 0.067146 0.066736 0.066590 0.066541 0.066525 0.066519 0.066518 0.066517 0.066517 0.066517 0.066517 0.066517 0.066517 0.066517 0.066516 0.066515 0.066511 0.066500 0.066474 0.066415 0.066286 0.066016 0.065483 0.064484 0.062721 0.059792 0.055222 0.048554 0.039481 0.028008 0.014564 0.000000 
50.000000 40.023100 30.670057 22.447909 15.666447 10.414728 6.592244 3.974308 2.285008 1.256517 0.664838 0.342709 0.176480 0.095048 0.057119 0.040297 0.033182 0.030308 0.029197 0.028786 0.028641 0.028591 0.028575 0.028570 0.028568 0.028568 0.028568 0.028568 0.028568 0.028567 0.028567 0.028567 0.028567 0.028566 0.028564 0.028560 0.028548 0.028522 0.028464 0.028343 0.028106 0.027664 0.026889 0.025608 0.023622 0.020741 0.016841 0.011932 0.006199 0.000000 
50.000000 40.019728 30.663526 22.438603 15.654855 10.401369 6.577601 3.958788 2.268925 1.240091 0.648216 0.325981 0.159697 0.078238 0.040297 0.023469 0.016352 0.013477 0.012366 0.011955 0.011809 0.011759 0.011743 0.011738 0.011737 0.011736 0.011736 0.011736 0.011736 0.011736 0.011736 0.011736 0.011736 0.011735 0.011735 0.011733 0.011728 0.011716 0.011691 0.011640 0.011540 0.011354 0.011029 0.010496 0.009672 0.008482 0.006879 0.004869 0.002528 0.000000 
50.000000 40.018302 30.660762 22.434665 15.649951 10.395717 6.571407 3.952223 2.262121 1.233143 0.641185 0.318905 0.152598 0.071128 0.033182 0.016352 0.009233 0.006358 0.005247 0.004836 0.004690 0.004640 0.004624 0.004619 0.004617 0.004617 0.004617 0.004617 0.004617 0.004617 0.004617 0.004617 0.004617 0.004617 0.004616 0.004615 0.004613 0.004609 0.004599 0.004578 0.004538 0.004463 0.004333 0.004120 0.003794 0.003324 0.002693 0.001905 0.000988 0.000000 
50.000000 40.017725 30.659645 22.433074 15.647969 10.393434 6.568904 3.949571 2.259373 1.230337 0.638345 0.316047 0.149731 0.068256 0.030308 0.013477 0.006358 0.003482 0.002371 0.001960 0.001814 0.001765 0.001748 0.001743 0.001742 0.001741 0.001741 0.001741 0.001741 0.001741 0.001741 0.001741 0.001741 0.001741 0.001741 0.001740 0.001740 0.001738 0.001734 0.001726 0.001710 0.001682 0.001632 0.001551 0.001427 0.001249 0.001012 0.000715 0.000371 0.000000 
50.000000 40.017502 30.659214 22.432459 15.647203 10.392551 6.567937 3.948546 2.258311 1.229252 0.637248 0.314943 0.148623 0.067146 0.029197 0.012366 0.005247 0.002371 0.001260 0.000849 0.000703 0.000654 0.000637 0.000632 0.000631 0.000630 0.000630 0.000630 0.000630 0.000630 0.000630 0.000630 0.000630 0.000630 0.000630 0.000630 0.000630 0.000629 0.000627 0.000624 0.000619 0.000608 0.000590 0.000560 0.000515 0.000451 0.000365 0.000258 0.000134 0.000000 
50.000000 40.017420 30.659054 22.432231 15.646920 10.392225 6.567579 3.948167 2.257918 1.228851 0.636842 0.314534 0.148213 0.066736 0.028786 0.011955 0.004836 0.001960 0.000849 0.000438 0.000292 0.000243 0.000226 0.000221 0.000220 0.000219 0.000219 0.000219 0.000219 0.000219 0.000219 0.000219 0.000219 0.000219 0.000219 0.000219 0.000219 0.000219 0.000218 0.000217 0.000215 0.000211 0.000205 0.000195 0.000179 0.000156 0.000126 0.000089 0.000046 0.000000 
50.000000 40.017390 30.658997 22.432151 15.646819 10.392109 6.567453 3.948033 2.257779 1.228709 0.636698 0.314389 0.148068 0.066590 0.028641 0.011809 0.004690 0.001814 0.000703 0.000292 0.000146 0.000097 0.000081 0.000075 0.000074 0.000073 0.000073 0.000073 0.000073 0.000073 0.000073 0.000073 0.000073 0.000073 0.000073 0.000073 0.000073 0.000073 0.000073 0.000073 0.000072 0.000071 0.000068 0.000065 0.000060 0.000052 0.000042 0.000030 0.000015 0.000000 
50.000000 40.017380 30.658978 22.432123 15.646785 10.392069 6.567409 3.947987 2.257731 1.228660 0.636649 0.314340 0.148018 0.066541 0.028591 0.011759 0.004640 0.001765 0.000654 0.000243 0.000097 0.000047 0.000031 0.000026 0.000024 0.000024 0.000024 0.000024 0.000024 0.000024 0.000024 0.000024 0.000024 0.000024 0.000024 0.000024 0.000024 0.000024 0.000023 0.000023 0.000023 0.000023 0.000022 0.000021 0.000019 0.000017 0.000014 0.000010 0.000005 0.000000 
50.000000 40.017377 30.658972 22.432114 15.646774 10.392056 6.567395 3.947972 2.257716 1.228644 0.636633 0.314324 0.148002 0.066525 0.028575 0.011743 0.004624 0.001748 0.000637 0.000226 0.000081 0.000031 0.000015 0.000010 0.000008 0.000007 0.000007 0.000007 0.000007 0.000007 0.000007 0.000007 0.000007 0.000007 0.000007 0.000007 0.000007 0.000007 0.000007 0.000007 0.000007 0.000007 0.000007 0.000006 0.000006 0.000005 0.000004 0.000003 0.000002 0.000000 
50.000000 40.017376 30.658970 22.432111 15.646770 10.392052 6.567391 3.947967 2.257711 1.228639 0.636628 0.314319 0.147997 0.066519 0.028570 0.011738 0.004619 0.001743 0.000632 0.000221 0.000075 0.000026 0.000010 0.000004 0.000003 0.000002 0.000002 0.000002 0.000002 0.000002 0.000002 0.000002 0.000002 0.000002 0.000002 0.000002 0.000002 0.000002 0.000002 0.000002 0.000002 0.000002 0.000002 0.000002 0.000002 0.000002 0.000001 0.000001 0.000000 0.000000 
50.000000 40.017376 30.658969 22.432111 15.646769 10.392051 6.567389 3.947966 2.257710 1.228638 0.636626 0.314317 0.147995 0.066518 0.028568 0.011737 0.004618 0.001742 0.000631 0.000220 0.000074 0.000024 0.000008 0.000003 0.000001 0.000001 0.000001 0.000001 0.000001 0.000001 0.000001 0.000001 0.000001 0.000001 0.000001 0.000001 0.000001 0.000001 0.000001 0.000001 0.000001 0.000001 0.000001 0.000001 0.000001 0.000001 0.000000 0.000000 0.000000 0.000000 
50.000000 40.017376 30.658969 22.432111 15.646769 10.392051 6.567389 3.947966 2.257710 1.228638 0.636626 0.314317 0.147995 0.066518 0.028568 0.011737 0.004618 0.001742 0.000631 0.000220 0.000074 0.000024 0.000008 0.000003 0.000001 0.000001 0.000001 0.000001 0.000001 0.000001 0.000001 0.000001 0.000001 0.000001 0.000001 0.000001 0.000001 0.000001 0.000001 0.000001 0.000001 0.000001 0.000001 0.000001 0.000001 0.000001 0.000000 0.000000 0.000000 0.000000 
50.000000 40.017376 30.658970 22.432111 15.646770 10.392052 6.567391 3.947967 2.257711 1.228639 0.636628 0.314319 0.147997 0.066519 0.028570 0.011738 0.004619 0.001743 0.000632 0.000221 0.000075 0.000026 0.000010 0.000004 0.000003 0.000002 0.000002 0.000002 0.000002 0.000002 0.000002 0.000002 0.000002 0.000002 0.000002 0.000002 0.000002 0.000002 0.000002 0.000002 0.000002 0.000002 0.000002 0.000002 0.000002 0.000002 0.000001 0.000001 0.000000 0.000000 
50.000000 40.017377 30.658972 22.432114 15.646774 10.392056 6.567395 3.947972 2.257716 1.228644 0.636633 0.314324 0.148002 0.066525 0.028575 0.011743 0.004624 0.001748 0.000637 0.000226 0.000081 0.000031 0.000015 0.000010 0.000008 0.000007 0.000007 0.000007 0.000007 0.000007 0.000007 0.000007 0.000007 0.000007 0.000007 0.000007 0.000007 0.000007 0.000007 0.000007 0.000007 0.000007 0.000007 0.000006 0.000006 0.000005 0.000004 0.000003 0.000002 0.000000 
50.000000 40.017380 30.658978 22.432123 15.646785 10.392069 6.567409 3.947987 2.257731 1.228660 0.636649 0.314340 0.148018 0.066541 0.028591 0.011759 0.004640 0.001765 0.000654 0.000243 0.000097 0.000047 0.000031 0.000026 0.000024 0.000024 0.000024 0.000024 0.000024 0.000024 0.000024 0.000024 0.000024 0.000024 0.000024 0.000024 0.000024 0.000024 0.000023 0.000023 0.000023 0.000023 0.000022 0.000021 0.000019 0.000017 0.000014 0.000010 0.000005 0.000000 
50.000000 40.017390 30.658997 22.432151 15.646819 10.392109 6.567453 3.948033 2.257779 1.228709 0.636698 0.314389 0.148068 0.066590 0.028641 0.011809 0.004690 0.001814 0.000703 0.000292 0.000146 0.000097 0.000081 0.000075 0.000074 0.000073 0.000073 0.000073 0.000073 0.000073 0.000073 0.000073 0.000073 0.000073 0.000073 0.000073 0.000073 0.000073 0.000073 0.000073 0.000072 0.000071 0.000068 0.000065 0.000060 0.000052 0.000042 0.000030 0.000015 0.000000 
50.000000 40.017420 30.659054 22.432231 15.646920 10.392225 6.567579 3.948167 2.257918 1.228851 0.636842 0.314534 0.148213 0.066736 0.028786 0.011955 0.004836 0.001960 0.000849 0.000438 0.000292 0.000243 0.000226 0.000221 0.000220 0.000219 0.000219 0.000219 0.000219 0.000219 0.000219 0.000219 0.000219 0.000219 0.000219 0.000219 0.000219 0.000219 0.000218 0.000217 0.000215 0.000211 0.000205 0.000195 0.000179 0.000156 0.000126 0.000089 0.000046 0.000000 
50.000000 40.017502 30.659214 22.432459 15.647203 10.392551 6.567937 3.948546 2.258311 1.229252 0.637248 0.314943 0.148623 0.067146 0.029197 0.012366 0.005247 0.002371 0.001260 0.000849 0.000703 0.000654 0.000637 0.000632 0.000631 0.000630 0.000630 0.000630 0.000630 0.000630 0.000630 0.000630 0.000630 0.000630 0.000630 0.000630 0.000630 0.000629 0.000627 0.000624 0.000619 0.000608 0.000590 0.000560 0.000515 0.000451 0.000365 0.000258 0.000134 0.000000 
50.000000 40.017725 30.659645 22.433074 15.647969 10.393434 6.568904 3.949571 2.259373 1.230337 0.638345 0.316047 0.149731 0.068256 0.030308 0.013477 0.006358 0.003482 0.002371 0.001960 0.001814 0.001765 0.001748 0.001743 0.001742 0.001741 0.001741 0.001741 0.001741 0.001741 0.001741 0.001741 0.001741 0.001741 0.001741 0.001740 0.001740 0.001738 0.001734 0.001726 0.001710 0.001682 0.001632 0.001551 0.001427 0.001249 0.001012 0.000715 0.000371 0.000000 
50.000000 40.018302 30.660762 22.434665 15.649951 10.395717 6.571407 3.952223 2.262121 1.233143 0.641185 0.318905 0.152598 0.071128 0.033182 0.016352 0.009233 0.006358 0.005247 0.004836 0.004690 0.004640 0.004624 0.004619 0.004617 0.004617 0.004617 0.004617 0.004617 0.004617 0.004617 0.004617 0.004617 0.004617 0.004616 0.004615 0.004613 0.004609 0.004599 0.004578 0.004538 0.004463 0.004333 0.004120 0.003794 0.003324 0.002693 0.001905 0.000988 0.000000 
50.000000 40.019728 30.663526 22.438603 15.654855 10.401369 6.577601 3.958788 2.268925 1.240091 0.648216 0.325981 0.159697 0.078238 0.040297 0.023469 0.016352 0.013477 0.012366 0.011955 0.011809 0.011759 0.011743 0.011738 0.011737 0.011736 0.011736 0.011736 0.011736 0.011736 0.011736 0.011736 0.011736 0.011735 0.011735 0.011733 0.011728 0.011716 0.011691 0.011640 0.011540 0.011354 0.011029 0.010496 0.009672 0.008482 0.006879 0.004869 0.002528 0.000000 
50.000000 40.023100 30.670057 22.447909 15.666447 10.414728 6.592244 3.974308 2.285008 1.256517 0.664838 0.342709 0.176480 0.095048 0.057119 0.040297 0.033182 0.030308 0.029197 0.028786 0.028641 0.028591 0.028575 0.028570 0.028568 0.028568 0.028568 0.028568 0.028568 0.028567 0.028567 0.028567 0.028567 0.028566 0.028564 0.028560 0.028548 0.028522 0.028464 0.028343 0.028106 0.027664 0.026889 0.025608 0.023622 0.020741 0.016841 0.011932 0.006199 0.000000 
50.000000 40.030699 30.684776 22.468883 15.692575 10.444840 6.625251 4.009293 2.321267 1.293549 0.702314 0.380426 0.214321 0.132949 0.095048 0.078238 0.071128 0.068256 0.067146 0.066736 0.066590 0.066541 0.066525 0.066519 0.066518 0.066517 0.066517 0.066517 0.066517 0.066517 0.066517 0.066517 0.066516 0.066515 0.066511 0.066500 0.066474 0.066415 0.066286 0.066016 0.065483 0.064484 0.062721 0.059792 0.055222 0.048554 0.039481 0.028008 0.014564 0.000000 
50.000000 40.047006 30.716367 22.513900 15.748654 10.509476 6.696105 4.084397 2.399108 1.373053 0.782771 0.461401 0.295562 0.214321 0.176480 0.159697 0.152598 0.149731 0.148623 0.148213 0.148068 0.148018 0.148002 0.147997 0.147995 0.147995 0.147995 0.147995 0.147995 0.147995 0.147994 0.147994 0.147993 0.147990 0.147981 0.147959 0.147905 0.147781 0.147508 0.146935 0.145795 0.143650 0.139839 0.133461 0.123443 0.108723 0.088564 0.062926 0.032756 0.000000 
50.000000 40.080283 30.780830 22.605764 15.863099 10.641389 6.840715 4.237690 2.557994 1.535336 0.947005 0.626695 0.461401 0.380426 0.342709 0.325981 0.318905 0.316047 0.314943 0.314534 0.314389 0.314340 0.314324 0.314318 0.314317 0.314316 0.314316 0.314316 0.314316 0.314316 0.314316 0.314315 0.314313 0.314306 0.314289 0.314246 0.314140 0.313893 0.313347 0.312196 0.309893 0.305528 0.297711 0.284526 0.263643 0.232698 0.189973 0.135249 0.070503 0.000000 
50.000000 40.144744 30.905708 22.783729 16.084820 10.896964 7.120905 4.534716 2.865867 1.849803 1.265259 0.947005 0.782771 0.702314 0.664838 0.648216 0.641185 0.638345 0.637248 0.636842 0.636698 0.636649 0.636633 0.636628 0.636626 0.636626 0.636626 0.636625 0.636625 0.636625 0.636625 0.636623 0.636619 0.636607 0.636576 0.636495 0.636298 0.635837 0.634809 0.632629 0.628236 0.619844 0.604685 0.578870 0.537567 0.475728 0.389482 0.278009 0.145191 0.000000 
50.000000 40.263105 31.135009 23.110519 16.491973 11.366308 7.635474 5.080227 3.431321 2.427382 1.849803 1.535336 1.373053 1.293549 1.256517 1.240091 1.233143 1.230337 1.229252 1.228851 1.228709 1.228660 1.228644 1.228639 1.228638 1.228637 1.228637 1.228637 1.228637 1.228637 1.228636 1.228633 1.228626 1.228606 1.228551 1.228411 1.228067 1.227258 1.225443 1.221567 1.213691 1.198507 1.170799 1.123080 1.045796 0.928597 0.763043 0.546536 0.286152 0.000000 
50.000000 40.468782 31.533474 23.678414 17.199551 12.182000 8.529803 6.028371 4.414158 3.431321 2.865867 2.557994 2.399108 2.321267 2.285008 2.268925 2.262121 2.259373 2.258311 2.257918 2.257779 2.257731 2.257716 2.257711 2.257709 2.257709 2.257709 2.257709 2.257709 2.257708 2.257707 2.257703 2.257691 2.257659 2.257571 2.257344 2.256783 2.255458 2.252466 2.246023 2.232813 2.207079 2.159558 2.076616 1.940290 1.730245 1.428663 1.028103 0.540197 0.000000 
50.000000 40.806509 32.187777 24.610957 18.361511 13.521555 9.998556 7.585557 6.028371 5.080227 4.534716 4.237690 4.084397 4.009293 3.974308 3.958788 3.952223 3.949571 3.948546 3.948167 3.948033 3.947987 3.947972 3.947967 3.947966 3.947965 3.947965 3.947965 3.947965 3.947964 3.947962 3.947956 3.947939 3.947890 3.947759 3.947418 3.946572 3.944559 3.939979 3.930031 3.909427 3.868813 3.792778 3.657961 3.432363 3.077813 2.557910 1.852855 0.978584 0.000000 
50.000000 41.329755 33.201515 26.055823 20.161890 15.597176 12.274448 9.998556 8.529803 7.635474 7.120905 6.840715 6.696105 6.625251 6.592244 6.577601 6.571407 6.568904 6.567937 6.567579 6.567453 6.567409 6.567395 6.567391 6.567389 6.567389 6.567389 6.567389 6.567388 6.567388 6.567385 6.567377 6.567353 6.567287 6.567106 6.566635 6.565460 6.562644 6.556189 6.542035 6.512394 6.453187 6.340596 6.137224 5.789456 5.229151 4.384631 3.206259 1.706803 0.000000 
50.000000 42.093579 34.681374 28.165091 22.790221 18.627422 15.597176 13.521555 12.182000 11.366308 10.896964 10.641389 10.509476 10.444840 10.414728 10.401369 10.395717 10.393434 10.392551 10.392225 10.392109 10.392069 10.392056 10.392052 10.392051 10.392051 10.392051 10.392051 10.392050 10.392049 10.392046 10.392036 10.392007 10.391924 10.391697 10.391106 10.389619 10.386033 10.377746 10.359397 10.320512 10.241711 10.089192 9.807720 9.313711 8.492656 7.209607 5.346866 2.882946 0.000000 
50.000000 43.142795 36.714187 31.062549 26.400795 22.790221 20.161890 18.361511 17.199551 16.491973 16.084820 15.863099 15.748654 15.692575 15.666447 15.654855 15.649951 15.647969 15.647203 15.646920 15.646819 15.646785 15.646774 15.646770 15.646769 15.646769 15.646769 15.646768 15.646768 15.646767 15.646763 15.646752 15.646720 15.646627 15.646373 15.645706 15.644021 15.639931 15.630401 15.609092 15.563376 15.469306 15.283699 14.932739 14.297565 13.200397 11.402467 8.641605 4.763507 0.000000 
50.000000 44.497418 39.338738 34.803498 31.062549 28.165091 26.055823 24.610957 23.678414 23.110519 22.783729 22.605764 22.513900 22.468883 22.447909 22.438603 22.434665 22.433074 22.432459 22.432231 22.432151 22.432123 22.432114 22.432111 22.432110 22.432110 22.432110 22.432110 22.432110 22.432109 22.432105 22.432094 22.432062 22.431972 22.431723 22.431067 22.429402 22.425336 22.415791 22.394247 22.347476 22.249751 22.053048 21.671192 20.955483 19.660082 17.401749 13.645319 7.834885 0.000000 
50.000000 46.139627 42.520505 39.338738 36.714187 34.681374 33.201515 32.187777 31.533474 31.135009 30.905708 30.780830 30.716367 30.684776 30.670057 30.663526 30.660762 30.659645 30.659214 30.659054 30.658997 30.658978 30.658972 30.658970 30.658969 30.658969 30.658969 30.658969 30.658968 30.658968 30.658965 30.658956 30.658931 30.658857 30.658657 30.658124 30.656768 30.653441 30.645581 30.627699 30.588473 30.505370 30.334922 29.995257 29.334508 28.072582 25.693419 21.260253 13.218298 0.000000 
50.000000 48.007557 46.139627 44.497418 43.142795 42.093579 41.329755 40.806509 40.468782 40.263105 40.144744 40.080283 40.047006 40.030699 40.023100 40.019728 40.018302 40.017725 40.017502 40.017420 40.017390 40.017380 40.017377 40.017376 40.017376 40.017376 40.017376 40.017376 40.017375 40.017375 40.017373 40.017369 40.017354 40.017313 40.017200 40.016901 40.016135 40.014250 40.009780 39.999553 39.976953 39.928585 39.827925 39.622952 39.210633 38.379288 36.662533 32.921328 24.003779 0.000000 
50.000000 50.000000 50.000000 50.000000 50.000000 50.000000 50.000000 50.000000 50.000000 50.000000 50.000000 50.000000 50.000000 50.000000 50.000000 50.000000 50.000000 50.000000 50.000000 50.000000 50.000000 50.000000 50.000000 50.000000 50.000000 50.000000 50.000000 50.000000 50.000000 50.000000 50.000000 50.000000 50.000000 50.000000 50.000000 50.000000 50.000000 50.000000 50.000000 50.000000 50.000000 50.000000 50.000000 50.000000 50.000000 50.000000 50.000000 50.000000 50.000000 50.000000 
