50.000000 50.000000 50.000000 50.000000 50.000000 50.000000 50.000000 50.000000 50.000000 50.000000 50.000000 50.000000 50.000000 50.000000 50.000000 50.000000 50.000000 50.000000 50.000000 50.000000 50.000000 50.000000 50.000000 50.000000 50.000000 50.000000 50.000000 50.000000 50.000000 50.000000 50.000000 50.000000 50.000000 50.000000 50.000000 50.000000 50.000000 50.000000 50.000000 50.000000 50.000000 50.000000 50.000000 50.000000 50.000000 50.000000 50.000000 50.000000 50.000000 50.000000 
50.000000 48.799440 47.644121 46.574175 45.620473 44.802152 44.126084 43.588156 43.175810 42.871194 42.654241 42.505207 42.406420 42.343204 42.304132 42.280794 42.267316 42.259787 42.255715 42.253582 42.252500 42.251968 42.251714 42.251596 42.251542 42.251518 42.251505 42.251494 42.251476 42.251437 42.251353 42.251170 42.250783 42.249987 42.248385 42.245241 42.239218 42.227937 42.207257 42.170079 42.104370 41.989776 41.791573 41.449099 40.851576 39.782236 37.774098 33.693388 24.399720 0.000000 
50.000000 47.644121 45.377021 43.277450 41.405992 39.800195 38.473548 37.417974 36.608833 36.011092 35.585372 35.292929 35.099084 34.975040 34.898371 34.852577 34.826131 34.811357 34.803367 34.799183 34.797060 34.796015 34.795516 34.795285 34.795180 34.795133 34.795108 34.795087 34.795052 34.794980 34.794822 34.794481 34.793761 34.792277 34.789300 34.783470 34.772325 34.751518 34.713525 34.645580 34.526330 34.320372 33.969080 33.374628 32.370859 30.668316 27.749869 22.688511 13.950734 0.000000 
50.000000 46.574175 43.277450 40.224346 37.502960 35.167894 33.238762 31.703817 30.527226 29.658042 29.039000 28.613762 28.331896 28.151527 28.040047 27.973462 27.935009 27.913527 27.901910 27.895827 27.892740 27.891221 27.890496 27.890160 27.890007 27.889938 27.889903 27.889873 27.889827 27.889730 27.889519 27.889062 27.888101 27.886125 27.882170 27.874449 27.859748 27.832432 27.782856 27.694884 27.542051 27.281669 26.845774 26.127223 24.958575 23.081748 20.112173 15.527581 8.800077 0.000000 
50.000000 45.620473 41.405992 37.502960 34.024003 31.038923 28.572790 26.610585 25.106496 23.995389 23.204055 22.660471 22.300164 22.069603 21.927103 21.841992 21.792840 21.765381 21.750533 21.742758 21.738812 21.736871 21.735944 21.735514 21.735320 21.735232 21.735188 21.735153 21.735099 21.734988 21.734747 21.734229 21.733139 21.730906 21.726450 21.717788 21.701376 21.671062 21.616458 21.520475 21.355719 21.079358 20.626050 19.898727 18.757798 17.012002 14.421213 10.737676 5.838237 0.000000 
50.000000 44.802152 39.800195 35.167894 31.038923 27.496123 24.569250 22.240470 20.455407 19.136751 18.197612 17.552505 17.124911 16.851298 16.682191 16.581190 16.522864 16.490280 16.472661 16.463434 16.458752 16.456449 16.455349 16.454840 16.454609 16.454506 16.454454 16.454416 16.454360 16.454246 16.454000 16.453471 16.452363 16.450102 16.445607 16.436909 16.420522 16.390462 16.336765 16.243340 16.085008 15.823633 15.403458 14.746269 13.748062 12.281124 10.209320 7.429335 3.950576 0.000000 
50.000000 44.126084 38.473548 33.238762 28.572790 24.569250 21.261761 18.630166 16.613008 15.122917 14.061696 13.332740 12.849575 12.540409 12.349332 12.235210 12.169308 12.132493 12.112586 12.102162 12.096873 12.094270 12.093028 12.092453 12.092193 12.092076 12.092020 12.091980 12.091926 12.091819 12.091587 12.091091 12.090057 12.087952 12.083788 12.075771 12.060758 12.033417 11.984999 11.901638 11.762145 11.535398 11.177692 10.630880 9.822981 8.674063 7.111539 5.098920 2.676985 0.000000 
50.000000 43.588156 37.417974 31.703817 26.610585 22.240470 18.630166 15.757662 13.555867 11.929402 10.771072 9.975423 9.448062 9.110620 8.902071 8.777517 8.705593 8.665413 8.643688 8.632312 8.626540 8.623700 8.622345 8.621717 8.621433 8.621307 8.621247 8.621208 8.621159 8.621063 8.620860 8.620427 8.619527 8.617703 8.614109 8.607228 8.594422 8.571271 8.530626 8.461361 8.346853 8.163381 7.878831 7.452474 6.837012 5.984535 4.858043 3.448893 1.796583 0.000000 
50.000000 43.175810 36.608833 30.527226 25.106496 20.455407 16.613008 13.555867 11.212569 9.481596 8.248853 7.402102 6.840878 6.481775 6.259842 6.127297 6.050760 6.008005 5.984887 5.972782 5.966640 5.963618 5.962176 5.961508 5.961207 5.961073 5.961011 5.960974 5.960931 5.960851 5.960684 5.960328 5.959592 5.958105 5.955191 5.949640 5.939374 5.920949 5.888870 5.834730 5.746234 5.606285 5.392486 5.077610 4.631774 4.027138 3.245557 2.288462 1.186035 0.000000 
50.000000 42.871194 36.011092 29.658042 23.995389 19.136751 15.122917 11.929402 9.481596 7.673442 6.385748 5.501264 4.915038 4.539943 4.308131 4.169688 4.089745 4.045089 4.020944 4.008302 4.001887 3.998731 3.997225 3.996528 3.996213 3.996074 3.996011 3.995976 3.995940 3.995877 3.995746 3.995470 3.994900 3.993754 3.991519 3.987284 3.979500 3.965624 3.941656 3.901571 3.836721 3.735362 3.582549 3.360773 3.051743 2.639670 2.115990 1.484762 0.766824 0.000000 
50.000000 42.654241 35.585372 29.039000 23.204055 18.197612 14.061696 10.771072 8.248853 6.385748 5.058935 4.147590 3.543568 3.157091 2.918249 2.775609 2.693245 2.647236 2.622361 2.609335 2.602727 2.599476 2.597925 2.597206 2.596882 2.596740 2.596676 2.596643 2.596613 2.596566 2.596468 2.596265 2.595845 2.595007 2.593378 2.590308 2.584698 2.574761 2.557725 2.529468 2.484178 2.414123 2.309712 2.160058 1.954273 1.683581 1.344116 0.939791 0.484162 0.000000 
50.000000 42.505207 35.292929 28.613762 22.660471 17.552505 13.332740 9.975423 7.402102 5.501264 4.147590 3.217803 2.601565 2.207276 1.963608 1.818089 1.734063 1.687127 1.661750 1.648462 1.641721 1.638404 1.636822 1.636089 1.635759 1.635614 1.635550 1.635519 1.635495 1.635460 1.635391 1.635247 1.634954 1.634369 1.633237 1.631115 1.627257 1.620466 1.608901 1.589865 1.559607 1.513232 1.444797 1.347741 1.215741 1.044013 0.830906 0.579404 0.297951 0.000000 
50.000000 42.406420 35.099084 28.331896 22.300164 17.124911 12.849575 9.448062 6.840878 4.915038 3.543568 2.601565 1.977236 1.577773 1.330910 1.183484 1.098357 1.050807 1.025099 1.011638 1.004808 1.001449 0.999846 0.999103 0.998769 0.998623 0.998559 0.998529 0.998510 0.998485 0.998438 0.998341 0.998144 0.997754 0.997002 0.995599 0.993061 0.988618 0.981099 0.968807 0.949414 0.919929 0.876791 0.816158 0.734449 0.629102 0.499464 0.347566 0.178483 0.000000 
50.000000 42.343204 34.975040 28.151527 22.069603 16.851298 12.540409 9.110620 6.481775 4.539943 3.157091 2.207276 1.577773 1.175002 0.926097 0.777452 0.691623 0.643680 0.617760 0.604188 0.597302 0.593915 0.592299 0.591551 0.591214 0.591066 0.591003 0.590974 0.590958 0.590940 0.590909 0.590847 0.590721 0.590471 0.589993 0.589103 0.587501 0.584713 0.580020 0.572394 0.560443 0.542400 0.516198 0.479651 0.430776 0.368228 0.291779 0.202714 0.103986 0.000000 
50.000000 42.304132 34.898371 28.040047 21.927103 16.682191 12.349332 8.902071 6.259842 4.308131 2.918249 1.963608 1.330910 0.926097 0.675930 0.526533 0.440270 0.392085 0.366034 0.352394 0.345474 0.342070 0.340445 0.339693 0.339355 0.339207 0.339143 0.339116 0.339102 0.339089 0.339069 0.339031 0.338953 0.338800 0.338507 0.337965 0.336994 0.335311 0.332493 0.327940 0.320846 0.310202 0.294844 0.273561 0.245283 0.209315 0.165598 0.114901 0.058890 0.000000 
50.000000 42.280794 34.852577 27.973462 21.841992 16.581190 12.235210 8.777517 6.127297 4.169688 2.775609 1.818089 1.183484 0.777452 0.526533 0.376687 0.290165 0.241836 0.215707 0.202026 0.195085 0.191671 0.190042 0.189288 0.188948 0.188800 0.188737 0.188710 0.188697 0.188688 0.188675 0.188652 0.188606 0.188516 0.188343 0.188026 0.187459 0.186481 0.184851 0.182230 0.178168 0.172107 0.163408 0.151422 0.135583 0.115541 0.091292 0.063277 0.032409 0.000000 
50.000000 42.267316 34.826131 27.935009 21.792840 16.522864 12.169308 8.705593 6.050760 4.089745 2.693245 1.734063 1.098358 0.691623 0.440270 0.290165 0.203494 0.155082 0.128908 0.115204 0.108251 0.104831 0.103199 0.102443 0.102104 0.101955 0.101892 0.101865 0.101853 0.101846 0.101838 0.101825 0.101799 0.101747 0.101650 0.101470 0.101151 0.100603 0.099694 0.098238 0.095991 0.092655 0.087890 0.081356 0.072762 0.061934 0.048884 0.033854 0.017330 0.000000 
50.000000 42.259787 34.811357 27.913527 21.765382 16.490280 12.132493 8.665414 6.008005 4.045089 2.647236 1.687127 1.050808 0.643680 0.392086 0.241836 0.155082 0.106624 0.080425 0.066707 0.059748 0.056325 0.054691 0.053935 0.053595 0.053446 0.053383 0.053356 0.053345 0.053339 0.053334 0.053327 0.053312 0.053284 0.053231 0.053133 0.052960 0.052663 0.052173 0.051391 0.050190 0.048413 0.045887 0.042437 0.037917 0.032243 0.025426 0.017596 0.009003 0.000000 
50.000000 42.255715 34.803367 27.901910 21.750533 16.472661 12.112587 8.643689 5.984887 4.020945 2.622361 1.661750 1.025099 0.617760 0.366035 0.215708 0.128908 0.080425 0.054213 0.040488 0.033525 0.030100 0.028466 0.027709 0.027369 0.027220 0.027157 0.027130 0.027119 0.027115 0.027111 0.027107 0.027099 0.027084 0.027056 0.027004 0.026914 0.026758 0.026503 0.026097 0.025475 0.024559 0.023261 0.021495 0.019190 0.016305 0.012848 0.008886 0.004545 0.000000 
50.000000 42.253582 34.799183 27.895827 21.742758 16.463434 12.102163 8.632313 5.972783 4.008302 2.609336 1.648463 1.011639 0.604189 0.352395 0.202027 0.115205 0.066708 0.040489 0.026760 0.019795 0.016369 0.014735 0.013978 0.013637 0.013489 0.013425 0.013399 0.013389 0.013384 0.013382 0.013379 0.013375 0.013367 0.013353 0.013327 0.013281 0.013202 0.013073 0.012869 0.012557 0.012100 0.011453 0.010577 0.009435 0.008011 0.006309 0.004361 0.002230 0.000000 
50.000000 42.252501 34.797060 27.892741 21.738813 16.458754 12.096875 8.626542 5.966642 4.001889 2.602729 1.641723 1.004811 0.597305 0.345476 0.195088 0.108253 0.059750 0.033527 0.019797 0.012831 0.009405 0.007770 0.007013 0.006672 0.006523 0.006460 0.006434 0.006424 0.006419 0.006417 0.006416 0.006413 0.006410 0.006403 0.006390 0.006367 0.006328 0.006265 0.006166 0.006014 0.005793 0.005480 0.005058 0.004509 0.003826 0.003012 0.002081 0.001064 0.000000 
50.000000 42.251969 34.796017 27.891224 21.736875 16.456453 12.094276 8.623705 5.963624 3.998737 2.599482 1.638411 1.001455 0.593922 0.342076 0.191678 0.104837 0.056331 0.030106 0.016375 0.009409 0.005982 0.004347 0.003590 0.003250 0.003101 0.003038 0.003012 0.003001 0.002997 0.002995 0.002994 0.002993 0.002991 0.002987 0.002981 0.002970 0.002952 0.002922 0.002875 0.002804 0.002699 0.002552 0.002354 0.002098 0.001779 0.001400 0.000967 0.000494 0.000000 
50.000000 42.251716 34.795522 27.890504 21.735954 16.455361 12.093042 8.622359 5.962192 3.997241 2.597941 1.636839 0.999863 0.592316 0.340462 0.190059 0.103216 0.054708 0.028482 0.014751 0.007784 0.004358 0.002723 0.001966 0.001625 0.001476 0.001413 0.001387 0.001376 0.001372 0.001371 0.001370 0.001369 0.001368 0.001367 0.001364 0.001359 0.001350 0.001336 0.001314 0.001281 0.001233 0.001166 0.001075 0.000957 0.000811 0.000638 0.000441 0.000225 0.000000 
50.000000 42.251603 34.795299 27.890179 21.735540 16.454870 12.092486 8.621753 5.961547 3.996568 2.597247 1.636131 0.999146 0.591593 0.339736 0.189331 0.102486 0.053978 0.027752 0.014020 0.007053 0.003627 0.001992 0.001234 0.000894 0.000745 0.000682 0.000656 0.000645 0.000641 0.000640 0.000639 0.000639 0.000638 0.000637 0.000636 0.000633 0.000629 0.000623 0.000613 0.000597 0.000574 0.000543 0.000500 0.000445 0.000377 0.000297 0.000205 0.000105 0.000000 
50.000000 42.251560 34.795214 27.890056 21.735383 16.454683 12.092276 8.621523 5.961302 3.996313 2.596984 1.635863 0.998874 0.591319 0.339461 0.189054 0.102210 0.053701 0.027475 0.013743 0.006776 0.003349 0.001714 0.000957 0.000617 0.000468 0.000405 0.000379 0.000368 0.000364 0.000362 0.000362 0.000361 0.000361 0.000361 0.000360 0.000358 0.000356 0.000352 0.000346 0.000338 0.000325 0.000307 0.000283 0.000251 0.000213 0.000167 0.000115 0.000059 0.000000 
50.000000 42.251560 34.795214 27.890056 21.735383 16.454683 12.092276 8.621523 5.961302 3.996313 2.596984 1.635863 0.998874 0.591319 0.339461 0.189054 0.102210 0.053701 0.027475 0.013743 0.006776 0.003349 0.001714 0.000957 0.000617 0.000468 0.000405 0.000379 0.000368 0.000364 0.000362 0.000362 0.000361 0.000361 0.000361 0.000360 0.000358 0.000356 0.000352 0.000346 0.000338 0.000325 0.000307 0.000283 0.000251 0.000213 0.000167 0.000115 0.000059 0.000000 
50.000000 42.251603 34.795299 27.890179 21.735540 16.454870 12.092486 8.621753 5.961547 3.996568 2.597247 1.636131 0.999146 0.591593 0.339736 0.189331 0.102486 0.053978 0.027752 0.014020 0.007053 0.003627 0.001992 0.001234 0.000894 0.000745 0.000682 0.000656 0.000645 0.000641 0.000640 0.000639 0.000639 0.000638 0.000637 0.000636 0.000633 0.000629 0.000623 0.000613 0.000597 0.000574 0.000543 0.000500 0.000445 0.000377 0.000297 0.000205 0.000105 0.000000 
50.000000 42.251716 34.795522 27.890504 21.735954 16.455361 12.093042 8.622359 5.962192 3.997241 2.597941 1.636839 0.999863 0.592316 0.340462 0.190059 0.103216 0.054708 0.028482 0.014751 0.007784 0.004358 0.002723 0.001966 0.001625 0.001476 0.001413 0.001387 0.001376 0.001372 0.001371 0.001370 0.001369 0.001368 0.001367 0.001364 0.001359 0.001350 0.001336 0.001314 0.001281 0.001233 0.001166 0.001075 0.000957 0.000811 0.000638 0.000441 0.000225 0.000000 
50.000000 42.251969 34.796017 27.891224 21.736875 16.456453 12.094276 8.623705 5.963624 3.998737 2.599482 1.638411 1.001455 0.593922 0.342076 0.191678 0.104837 0.056331 0.030106 0.016375 0.009409 0.005982 0.004347 0.003590 0.003250 0.003101 0.003038 0.003012 0.003001 0.002997 0.002995 0.002994 0.002993 0.002991 0.002987 0.002981 0.002970 0.002952 0.002922 0.002875 0.002804 0.002699 0.002552 0.002354 0.002098 0.001779 0.001400 0.000967 0.000494 0.000000 
50.000000 42.252501 34.797060 27.892741 21.738813 16.458754 12.096875 8.626542 5.966642 4.001889 2.602729 1.641723 1.004811 0.597305 0.345476 0.195088 0.108253 0.059750 0.033527 0.019797 0.012831 0.009405 0.007770 0.007013 0.006672 0.006523 0.006460 0.006434 0.006424 0.006419 0.006417 0.006416 0.006413 0.006410 0.006403 0.006390 0.006367 0.006328 0.006265 0.006166 0.006014 0.005793 0.005480 0.005058 0.004509 0.003826 0.003012 0.002081 0.001064 0.000000 
50.000000 42.253582 34.799183 27.895827 21.742758 16.463434 12.102163 8.632313 5.972783 4.008302 2.609336 1.648463 1.011639 0.604189 0.352395 0.202027 0.115205 0.066708 0.040489 0.026760 0.019795 0.016369 0.014735 0.013978 0.013637 0.013489 0.013425 0.013399 0.013389 0.013384 0.013382 0.013379 0.013375 0.013367 0.013353 0.013327 0.013281 0.013202 0.013073 0.012869 0.012557 0.012100 0.011453 0.010577 0.009435 0.008011 0.006309 0.004361 0.002230 0.000000 
50.000000 42.255715 34.803367 27.901910 21.750533 16.472661 12.112587 8.643689 5.984887 4.020945 2.622361 1.661750 1.025099 0.617760 0.366035 0.215708 0.128908 0.080425 0.054213 0.040488 0.033525 0.030100 0.028466 0.027709 0.027369 0.027220 0.027157 0.027130 0.027119 0.027115 0.027111 0.027107 0.027099 0.027084 0.027056 0.027004 0.026914 0.026758 0.026503 0.026097 0.025475 0.024559 0.023261 0.021495 0.019190 0.016305 0.012848 0.008886 0.004545 0.000000 
50.000000 42.259787 34.811357 27.913527 21.765382 16.490280 12.132493 8.665414 6.008005 4.045089 2.647236 1.687127 1.050808 0.643680 0.392086 0.241836 0.155082 0.106624 0.080425 0.066707 0.059748 0.056325 0.054691 0.053935 0.053595 0.053446 0.053383 0.053356 0.053345 0.053339 0.053334 0.053327 0.053312 0.053284 0.053231 0.053133 0.052960 0.052663 0.052173 0.051391 0.050190 0.048413 0.045887 0.042437 0.037917 0.032243 0.025426 0.017596 0.009003 0.000000 
50.000000 42.267316 34.826131 27.935009 21.792840 16.522864 12.169308 8.705593 6.050760 4.089745 2.693245 1.734063 1.098358 0.691623 0.440270 0.290165 0.203494 0.155082 0.128908 0.115204 0.108251 0.104831 0.103199 0.102443 0.102104 0.101955 0.101892 0.101865 0.101853 0.101846 0.101838 0.101825 0.101799 0.101747 0.101650 0.101470 0.101151 0.100603 0.099694 0.098238 0.095991 0.092655 0.087890 0.081356 0.072762 0.061934 0.048884 0.033854 0.017330 0.000000 
50.000000 42.280794 34.852577 27.973462 21.841992 16.581190 12.235210 8.777517 6.127297 4.169688 2.775609 1.818089 1.183484 0.777452 0.526533 0.376687 0.290165 0.241836 0.215707 0.202026 0.195085 0.191671 0.190042 0.189288 0.188948 0.188800 0.188737 0.188710 0.188697 0.188688 0.188675 0.188652 0.188606 0.188516 0.188343 0.188026 0.187459 0.186481 0.184851 0.182230 0.178168 0.172107 0.163408 0.151422 0.135583 0.115541 0.091292 0.063277 0.032409 0.000000 
50.000000 42.304132 34.898371 28.040047 21.927103 16.682191 12.349332 8.902071 6.259842 4.308131 2.918249 1.963608 1.330910 0.926097 0.675930 0.526533 0.440270 0.392085 0.366034 0.352394 0.345474 0.342070 0.340445 0.339693 0.339355 0.339207 0.339143 0.339116 0.339102 0.339089 0.339069 0.339031 0.338953 0.338800 0.338507 0.337965 0.336994 0.335311 0.332493 0.327940 0.320846 0.310202 0.294844 0.273561 0.245283 0.209315 0.165598 0.114901 0.058890 0.000000 
50.000000 42.343204 34.975040 28.151527 22.069603 16.851298 12.540409 9.110620 6.481775 4.539943 3.157091 2.207276 1.577773 1.175002 0.926097 0.777452 0.691623 0.643680 0.617760 0.604188 0.597302 0.593915 0.592299 0.591551 0.591214 0.591066 0.591003 0.590974 0.590958 0.590940 0.590909 0.590847 0.590721 0.590471 0.589993 0.589103 0.587501 0.584713 0.580020 0.572394 0.560443 0.542400 0.516198 0.479651 0.430776 0.368228 0.291779 0.202714 0.103986 0.000000 
50.000000 42.406420 35.099084 28.331896 22.300164 17.124911 12.849575 9.448062 6.840878 4.915038 3.543568 2.601565 1.977236 1.577773 1.330910 1.183484 1.098357 1.050807 1.025099 1.011638 1.004808 1.001449 0.999846 0.999103 0.998769 0.998623 0.998559 0.998529 0.998510 0.998485 0.998438 0.998341 0.998144 0.997754 0.997002 0.995599 0.993061 0.988618 0.981099 0.968807 0.949414 0.919929 0.876791 0.816158 0.734449 0.629102 0.499464 0.347566 0.178483 0.000000 
50.000000 42.505207 35.292929 28.613762 22.660471 17.552505 13.332740 9.975423 7.402102 5.501264 4.147590 3.217803 2.601565 2.207276 1.963608 1.818089 1.734063 1.687127 1.661750 1.648462 1.641721 1.638404 1.636822 1.636089 1.635759 1.635614 1.635550 1.635519 1.635495 1.635460 1.635391 1.635247 1.634954 1.634369 1.633237 1.631115 1.627257 1.620466 1.608901 1.589865 1.559607 1.513232 1.444797 1.347741 1.215741 1.044013 0.830906 0.579404 0.297951 0.000000 
50.000000 42.654241 35.585372 29.039000 23.204055 18.197612 14.061696 10.771072 8.248853 6.385748 5.058935 4.147590 3.543568 3.157091 2.918249 2.775609 2.693245 2.647236 2.622361 2.609335 2.602727 2.599476 2.597925 2.597206 2.596882 2.596740 2.596676 2.596643 2.596613 2.596566 2.596468 2.596265 2.595845 2.595007 2.593378 2.590308 2.584698 2.574761 2.557725 2.529468 2.484178 2.414123 2.309712 2.160058 1.954273 1.683581 1.344116 0.939791 0.484162 0.000000 
50.000000 42.871194 36.011092 29.658042 23.995389 19.136751 15.122917 11.929402 9.481596 7.673442 6.385748 5.501264 4.915038 4.539943 4.308131 4.169688 4.089745 4.045089 4.020944 4.008302 4.001887 3.998731 3.997225 3.996528 3.996213 3.996074 3.996011 3.995976 3.995940 3.995877 3.995746 3.995470 3.994900 3.993754 3.991519 3.987284 3.979500 3.965624 3.941656 3.901571 3.836721 3.735362 3.582549 3.360773 3.051743 2.639670 2.115990 1.484762 0.766824 0.000000 
50.000000 43.175810 36.608833 30.527226 25.106496 20.455407 16.613008 13.555867 11.212569 9.481596 8.248853 7.402102 6.840878 6.481775 6.259842 6.127297 6.050760 6.008005 5.984887 5.972782 5.966640 5.963618 5.962176 5.961508 5.961207 5.961073 5.961011 5.960974 5.960931 5.960851 5.960684 5.960328 5.959592 5.958105 5.955191 5.949640 5.939374 5.920949 5.888870 5.834730 5.746234 5.606285 5.392486 5.077610 4.631774 4.027138 3.245557 2.288462 1.186035 0.000000 
50.000000 43.588156 37.417974 31.703817 26.610585 22.240470 18.630166 15.757662 13.555867 11.929402 10.771072 9.975423 9.448062 9.110620 8.902071 8.777517 8.705593 8.665413 8.643688 8.632312 8.626540 8.623700 8.622345 8.621717 8.621433 8.621307 8.621247 8.621208 8.621159 8.621063 8.620860 8.620427 8.619527 8.617703 8.614109 8.607228 8.594422 8.571271 8.530626 8.461361 8.346853 8.163381 7.878831 7.452474 6.837012 5.984535 4.858043 3.448893 1.796583 0.000000 
50.000000 44.126084 38.473548 33.238762 28.572790 24.569250 21.261761 18.630166 16.613008 15.122917 14.061696 13.332740 12.849575 12.540409 12.349332 12.235210 12.169308 12.132493 12.112586 12.102162 12.096873 12.094270 12.093028 12.092453 12.092193 12.092076 12.092020 12.091980 12.091926 12.091819 12.091587 12.091091 12.090057 12.087952 12.083788 12.075771 12.060758 12.033417 11.984999 11.901638 11.762145 11.535398 11.177692 10.630880 9.822981 8.674063 7.111539 5.098920 2.676985 0.000000 
50.000000 44.802152 39.800195 35.167894 31.038923 27.496123 24.569250 22.240470 20.455407 19.136751 18.197612 17.552505 17.124911 16.851298 16.682191 16.581190 16.522864 16.490280 16.472661 16.463434 16.458752 16.456449 16.455349 16.454840 16.454609 16.454506 16.454454 16.454416 16.454360 16.454246 16.454000 16.453471 16.452363 16.450102 16.445607 16.436909 16.420522 16.390462 16.336765 16.243340 16.085008 15.823633 15.403458 14.746269 13.748062 12.281124 10.209320 7.429335 3.950576 0.000000 
50.000000 45.620473 41.405992 37.502960 34.024003 31.038923 28.572790 26.610585 25.106496 23.995389 23.204055 22.660471 22.300164 22.069603 21.927103 21.841992 21.792840 21.765381 21.750533 21.742758 21.738812 21.736871 21.735944 21.735514 21.735320 21.735232 21.735188 21.735153 21.735099 21.734988 21.734747 21.734229 21.733139 21.730906 21.726450 21.717788 21.701376 21.671062 21.616458 21.520475 21.355719 21.079358 20.626050 19.898727 18.757798 17.012002 14.421213 10.737676 5.838237 0.000000 
50.000000 46.574175 43.277450 40.224346 37.502960 35.167894 33.238762 31.703817 30.527226 29.658042 29.039000 28.613762 28.331896 28.151527 28.040047 27.973462 27.935009 27.913527 27.901910 27.895827 27.892740 27.891221 27.890496 27.890160 27.890007 27.889938 27.889903 27.889873 27.889827 27.889730 27.889519 27.889062 27.888101 27.886125 27.882170 27.874449 27.859748 27.832432 27.782856 27.694884 27.542051 27.281669 26.845774 26.127223 24.958575 23.081748 20.112173 15.527581 8.800077 0.000000 
50.000000 47.644121 45.377021 43.277450 41.405992 39.800195 38.473548 37.417974 36.608833 36.011092 35.585372 35.292929 35.099084 34.975040 34.898371 34.852577 34.826131 34.811357 34.803367 34.799183 34.797060 34.796015 34.795516 34.795285 34.795180 34.795133 34.795108 34.795087 34.795052 34.794980 34.794822 34.794481 34.793761 34.792277 34.789300 34.783470 34.772325 34.751518 34.713525 34.645580 34.526330 34.320372 33.969080 33.374628 32.370859 30.668316 27.749869 22.688511 13.950734 0.000000 
50.000000 48.799440 47.644121 46.574175 45.620473 44.802152 44.126084 43.588156 43.175810 42.871194 42.654241 42.505207 42.406420 42.343204 42.304132 42.280794 42.267316 42.259787 42.255715 42.253582 42.252500 42.251968 42.251714 42.251596 42.251542 42.251518 42.251505 42.251494 42.251476 42.251437 42.251353 42.251170 42.250783 42.249987 42.248385 42.245241 42.239218 42.227937 42.207257 42.170079 42.104370 41.989776 41.791573 41.449099 40.851576 39.782236 37.774098 33.693388 24.399720 0.000000 
50.000000 50.000000 50.000000 50.000000 50.000000 50.000000 50.000000 50.000000 50.000000 50.000000 50.000000 50.000000 50.000000 50.000000 50.000000 50.000000 50.000000 50.000000 50.000000 50.000000 50.000000 50.000000 50.000000 50.000000 50.000000 50.000000 50.000000 50.000000 50.000000 50.000000 50.000000 50.000000 50.000000 50.000000 50.000000 50.000000 50.000000 50.000000 50.000000 50.000000 50.000000 50.000000 50.000000 50.000000 50.000000 50.000000 50.000000 50.000000 50.000000 50.000000 
