50.000000 50.000000 50.000000 50.000000 50.000000 50.000000 50.000000 50.000000 50.000000 50.000000 50.000000 50.000000 50.000000 50.000000 50.000000 50.000000 50.000000 50.000000 50.000000 50.000000 50.000000 50.000000 50.000000 50.000000 50.000000 50.000000 50.000000 50.000000 50.000000 50.000000 50.000000 50.000000 50.000000 50.000000 50.000000 50.000000 50.000000 50.000000 50.000000 50.000000 50.000000 50.000000 50.000000 50.000000 50.000000 50.000000 50.000000 50.000000 50.000000 50.000000 
50.000000 48.612062 47.284579 46.070116 45.007168 44.116898 43.403129 42.855107 42.451979 42.167712 41.975449 41.850646 41.772844 41.726231 41.699373 41.684480 41.676525 41.672431 41.670398 41.669424 41.668973 41.668771 41.668683 41.668647 41.668632 41.668626 41.668623 41.668620 41.668614 41.668601 41.668570 41.668496 41.668324 41.667941 41.667105 41.665336 41.661693 41.654388 41.640115 41.612886 41.562053 41.468868 41.300305 40.997278 40.450203 39.442834 37.507784 33.509814 24.306031 0.000000 
50.000000 47.284579 44.687438 42.311415 40.231831 38.490084 37.093653 36.021500 35.232821 34.676686 34.300549 34.056391 33.904182 33.812992 33.760451 33.731315 33.715755 33.707745 33.703768 33.701862 33.700980 33.700585 33.700414 33.700342 33.700313 33.700301 33.700295 33.700290 33.700280 33.700256 33.700198 33.700060 33.699744 33.699037 33.697500 33.694251 33.687577 33.674240 33.648282 33.599025 33.507720 33.341977 33.046359 32.526000 31.616989 30.030841 27.249672 22.343719 13.774766 0.000000 
50.000000 46.070116 42.311415 38.872739 35.863091 33.342388 31.321448 29.769822 28.628452 27.823627 27.279295 26.925964 26.705700 26.573739 26.497707 26.455546 26.433030 26.421439 26.415685 26.412927 26.411650 26.411079 26.410832 26.410728 26.410686 26.410668 26.410660 26.410653 26.410640 26.410608 26.410532 26.410351 26.409936 26.409009 26.407000 26.402769 26.394111 26.376890 26.343579 26.280861 26.165790 25.959751 25.599082 24.980646 23.940029 22.220468 19.436369 15.061743 8.562332 0.000000 
50.000000 45.007168 40.231831 35.863091 32.039439 28.836999 26.269507 24.298273 22.848257 21.825808 21.134301 20.685443 20.405634 20.238002 20.141419 20.087864 20.059263 20.044541 20.037232 20.033729 20.032108 20.031382 20.031068 20.030936 20.030882 20.030861 20.030851 20.030842 20.030827 20.030792 20.030707 20.030506 20.030046 20.029023 20.026811 20.022171 20.012724 19.994046 19.958188 19.891309 19.770069 19.556328 19.189702 18.577735 17.584322 16.019720 13.642623 10.200989 5.564335 0.000000 
50.000000 44.116898 38.490084 33.342388 28.836999 25.063610 22.038402 19.715776 18.007306 16.802631 15.987894 15.459058 15.129398 14.931906 14.818121 14.755029 14.721336 14.703993 14.695383 14.691257 14.689347 14.688492 14.688122 14.687967 14.687904 14.687878 14.687867 14.687858 14.687843 14.687808 14.687723 14.687525 14.687071 14.686064 14.683896 14.679370 14.670207 14.652214 14.617955 14.554706 14.441490 14.245034 13.914717 13.377105 12.531805 11.252677 9.402359 6.873095 3.666695 0.000000 
50.000000 43.403129 37.093653 31.321448 26.269507 22.038402 18.646269 16.041968 14.126332 12.775603 11.862104 11.269174 10.899569 10.678151 10.550586 10.479854 10.442082 10.422640 10.412988 10.408363 10.406222 10.405264 10.404849 10.404675 10.404605 10.404576 10.404564 10.404555 10.404541 10.404509 10.404432 10.404252 10.403843 10.402938 10.400999 10.396970 10.388861 10.373053 10.343212 10.288686 10.192300 10.027578 9.755717 9.323135 8.661297 7.691772 6.340802 4.567653 2.405850 0.000000 
50.000000 42.855107 36.021500 29.769822 24.298273 19.715776 16.041968 13.221447 11.146797 9.683970 8.694677 8.052565 7.652310 7.412536 7.274399 7.197807 7.156907 7.135856 7.125405 7.120397 7.118079 7.117042 7.116593 7.116405 7.116328 7.116298 7.116285 7.116276 7.116264 7.116237 7.116172 7.116022 7.115680 7.114926 7.113319 7.109998 7.103355 7.090497 7.066428 7.022891 6.946841 6.818700 6.610724 6.286252 5.801059 5.108570 4.170740 2.975141 1.554802 0.000000 
50.000000 42.451979 35.232821 28.628452 22.848257 18.007306 14.126332 11.146797 8.955213 7.409960 6.364942 5.686673 5.263888 5.010624 4.864717 4.783820 4.740622 4.718388 4.707351 4.702062 4.699614 4.698519 4.698045 4.697846 4.697765 4.697733 4.697720 4.697712 4.697702 4.697680 4.697630 4.697512 4.697244 4.696658 4.695413 4.692854 4.687766 4.677987 4.659831 4.627299 4.571098 4.477606 4.328097 4.098754 3.762272 3.291929 2.668701 1.890844 0.983111 0.000000 
50.000000 42.167712 34.676686 27.823627 21.825808 16.802631 12.775603 9.683970 7.409960 5.806612 4.722322 4.018575 3.579917 3.317149 3.165770 3.081841 3.037024 3.013959 3.002509 2.997022 2.994483 2.993346 2.992855 2.992649 2.992565 2.992532 2.992518 2.992511 2.992503 2.992487 2.992449 2.992362 2.992166 2.991737 2.990829 2.988974 2.985306 2.978304 2.965404 2.942492 2.903306 2.838862 2.737129 2.583303 2.361141 2.055739 1.657837 1.168967 0.605659 0.000000 
50.000000 41.975449 34.300549 27.279295 21.134301 15.987894 11.862104 8.694677 6.364942 4.722322 3.611487 2.890521 2.441137 2.171948 2.016874 1.930897 1.884987 1.861360 1.849631 1.844011 1.841410 1.840246 1.839742 1.839531 1.839445 1.839411 1.839398 1.839391 1.839385 1.839374 1.839347 1.839287 1.839150 1.838853 1.838228 1.836956 1.834455 1.829711 1.821033 1.805743 1.779830 1.737643 1.671786 1.573417 1.433188 1.242992 0.998434 0.701523 0.362564 0.000000 
50.000000 41.850646 34.056391 26.925964 20.685443 15.459058 11.269174 8.052565 5.686673 4.018575 2.890521 2.158388 1.702049 1.428697 1.271226 1.183922 1.137305 1.113313 1.101404 1.095697 1.093056 1.091875 1.091363 1.091149 1.091062 1.091028 1.091014 1.091008 1.091003 1.090996 1.090978 1.090938 1.090848 1.090653 1.090244 1.089416 1.087797 1.084743 1.079194 1.069488 1.053171 1.026842 0.986137 0.925962 0.841103 0.727255 0.582385 0.408108 0.210532 0.000000 
50.000000 41.772844 33.904182 26.705700 20.405634 15.129398 10.899569 7.652310 5.263888 3.579917 2.441137 1.702049 1.241378 0.965434 0.806472 0.718342 0.671284 0.647066 0.635044 0.629284 0.626618 0.625426 0.624909 0.624693 0.624605 0.624571 0.624557 0.624552 0.624548 0.624543 0.624532 0.624506 0.624450 0.624328 0.624074 0.623561 0.622562 0.620689 0.617305 0.611426 0.601613 0.585901 0.561813 0.526515 0.477184 0.411587 0.328810 0.229943 0.118456 0.000000 
50.000000 41.726231 33.812992 26.573739 20.238002 14.931906 10.678151 7.412536 5.010624 3.317149 2.171948 1.428697 0.965434 0.687940 0.528086 0.439461 0.392140 0.367787 0.355698 0.349906 0.347225 0.346026 0.345507 0.345289 0.345201 0.345166 0.345153 0.345147 0.345145 0.345141 0.345134 0.345119 0.345085 0.345013 0.344862 0.344558 0.343970 0.342872 0.340900 0.337493 0.331842 0.322857 0.309181 0.289290 0.261699 0.225278 0.179628 0.125415 0.064538 0.000000 
50.000000 41.699373 33.760451 26.497707 20.141419 14.818121 10.550586 7.274399 4.864717 3.165770 2.016874 1.271226 0.806472 0.528086 0.367718 0.278810 0.231337 0.206906 0.194778 0.188968 0.186279 0.185076 0.184555 0.184337 0.184248 0.184213 0.184200 0.184195 0.184192 0.184190 0.184186 0.184177 0.184158 0.184117 0.184031 0.183859 0.183527 0.182911 0.181810 0.179917 0.176796 0.171863 0.164401 0.153616 0.138751 0.119248 0.094938 0.066200 0.034037 0.000000 
50.000000 41.684480 33.731315 26.455546 20.087864 14.755029 10.479854 7.197807 4.783820 3.081841 1.930897 1.183922 0.718342 0.439461 0.278810 0.189744 0.142188 0.117713 0.105565 0.099744 0.097050 0.095845 0.095323 0.095105 0.095016 0.094981 0.094968 0.094963 0.094961 0.094959 0.094957 0.094952 0.094941 0.094919 0.094872 0.094779 0.094600 0.094268 0.093678 0.092668 0.091012 0.088407 0.084488 0.078855 0.071133 0.061054 0.048546 0.033816 0.017375 0.000000 
50.000000 41.676525 33.715755 26.433030 20.059263 14.721336 10.442082 7.156907 4.740622 3.037024 1.884987 1.137305 0.671284 0.392140 0.231337 0.142188 0.094586 0.070089 0.057929 0.052103 0.049407 0.048200 0.047678 0.047460 0.047371 0.047336 0.047323 0.047318 0.047316 0.047315 0.047313 0.047311 0.047305 0.047293 0.047269 0.047220 0.047127 0.046956 0.046652 0.046134 0.045288 0.043964 0.041981 0.039144 0.035272 0.030240 0.024020 0.016718 0.008585 0.000000 
50.000000 41.672431 33.707745 26.421439 20.044541 14.703993 10.422640 7.135856 4.718388 3.013959 1.861360 1.113313 0.647066 0.367787 0.206906 0.117713 0.070089 0.045580 0.033415 0.027586 0.024888 0.023681 0.023159 0.022940 0.022851 0.022816 0.022803 0.022798 0.022796 0.022795 0.022794 0.022793 0.022790 0.022784 0.022772 0.022748 0.022701 0.022616 0.022465 0.022209 0.021793 0.021144 0.020176 0.018797 0.016923 0.014495 0.011503 0.008001 0.004107 0.000000 
50.000000 41.670398 33.703768 26.415685 20.037232 14.695383 10.412988 7.125405 4.707351 3.002509 1.849631 1.101404 0.635044 0.355698 0.194778 0.105565 0.057929 0.033415 0.021246 0.015416 0.012717 0.011510 0.010988 0.010769 0.010680 0.010645 0.010632 0.010627 0.010625 0.010624 0.010624 0.010623 0.010622 0.010619 0.010613 0.010601 0.010579 0.010538 0.010466 0.010344 0.010146 0.009840 0.009383 0.008736 0.007859 0.006726 0.005334 0.003707 0.001902 0.000000 
50.000000 41.669424 33.701862 26.412927 20.033729 14.691257 10.408363 7.120397 4.702062 2.997022 1.844011 1.095697 0.629284 0.349906 0.188968 0.099744 0.052103 0.027586 0.015416 0.009585 0.006886 0.005679 0.005156 0.004937 0.004849 0.004814 0.004800 0.004795 0.004794 0.004793 0.004793 0.004792 0.004792 0.004790 0.004787 0.004782 0.004772 0.004753 0.004720 0.004663 0.004573 0.004433 0.004225 0.003931 0.003534 0.003022 0.002395 0.001664 0.000854 0.000000 
50.000000 41.668973 33.700980 26.411650 20.032108 14.689347 10.406222 7.118079 4.699615 2.994483 1.841410 1.093057 0.626619 0.347225 0.186279 0.097050 0.049407 0.024888 0.012718 0.006886 0.004188 0.002980 0.002458 0.002239 0.002150 0.002115 0.002102 0.002097 0.002095 0.002094 0.002094 0.002094 0.002093 0.002093 0.002092 0.002089 0.002085 0.002076 0.002061 0.002036 0.001996 0.001934 0.001843 0.001714 0.001540 0.001316 0.001043 0.000724 0.000371 0.000000 
50.000000 41.668771 33.700585 26.411079 20.031382 14.688493 10.405265 7.117043 4.698520 2.993347 1.840247 1.091876 0.625427 0.346027 0.185076 0.095846 0.048201 0.023682 0.011511 0.005680 0.002981 0.001773 0.001251 0.001032 0.000943 0.000908 0.000895 0.000890 0.000888 0.000887 0.000887 0.000887 0.000887 0.000887 0.000886 0.000885 0.000883 0.000879 0.000873 0.000862 0.000845 0.000819 0.000780 0.000725 0.000651 0.000556 0.000440 0.000306 0.000157 0.000000 
50.000000 41.668684 33.700415 26.410833 20.031069 14.688124 10.404851 7.116595 4.698047 2.992857 1.839745 1.091366 0.624912 0.345509 0.184558 0.095326 0.047681 0.023161 0.010990 0.005159 0.002460 0.001253 0.000730 0.000511 0.000422 0.000387 0.000374 0.000369 0.000367 0.000367 0.000366 0.000366 0.000366 0.000366 0.000366 0.000365 0.000365 0.000363 0.000360 0.000356 0.000349 0.000338 0.000322 0.000299 0.000268 0.000229 0.000181 0.000126 0.000064 0.000000 
50.000000 41.668648 33.700345 26.410732 20.030941 14.687973 10.404681 7.116412 4.697853 2.992656 1.839539 1.091156 0.624701 0.345297 0.184344 0.095112 0.047467 0.022948 0.010776 0.004945 0.002246 0.001039 0.000516 0.000297 0.000208 0.000173 0.000160 0.000155 0.000153 0.000153 0.000152 0.000152 0.000152 0.000152 0.000152 0.000152 0.000152 0.000151 0.000150 0.000148 0.000145 0.000140 0.000134 0.000124 0.000111 0.000095 0.000075 0.000052 0.000027 0.000000 
50.000000 41.668635 33.700320 26.410696 20.030895 14.687919 10.404622 7.116347 4.697785 2.992585 1.839466 1.091083 0.624626 0.345222 0.184269 0.095037 0.047392 0.022872 0.010701 0.004869 0.002171 0.000963 0.000441 0.000222 0.000133 0.000098 0.000085 0.000080 0.000078 0.000077 0.000077 0.000077 0.000077 0.000077 0.000077 0.000077 0.000077 0.000076 0.000076 0.000075 0.000073 0.000071 0.000067 0.000063 0.000056 0.000048 0.000038 0.000026 0.000013 0.000000 
50.000000 41.668635 33.700320 26.410696 20.030895 14.687919 10.404622 7.116347 4.697785 2.992585 1.839466 1.091083 0.624626 0.345222 0.184269 0.095037 0.047392 0.022872 0.010701 0.004869 0.002171 0.000963 0.000441 0.000222 0.000133 0.000098 0.000085 0.000080 0.000078 0.000077 0.000077 0.000077 0.000077 0.000077 0.000077 0.000077 0.000077 0.000076 0.000076 0.000075 0.000073 0.000071 0.000067 0.000063 0.000056 0.000048 0.000038 0.000026 0.000013 0.000000 
50.000000 41.668648 33.700345 26.410732 20.030941 14.687973 10.404681 7.116412 4.697853 2.992656 1.839539 1.091156 0.624701 0.345297 0.184344 0.095112 0.047467 0.022948 0.010776 0.004945 0.002246 0.001039 0.000516 0.000297 0.000208 0.000173 0.000160 0.000155 0.000153 0.000153 0.000152 0.000152 0.000152 0.000152 0.000152 0.000152 0.000152 0.000151 0.000150 0.000148 0.000145 0.000140 0.000134 0.000124 0.000111 0.000095 0.000075 0.000052 0.000027 0.000000 
50.000000 41.668684 33.700415 26.410833 20.031069 14.688124 10.404851 7.116595 4.698047 2.992857 1.839745 1.091366 0.624912 0.345509 0.184558 0.095326 0.047681 0.023161 0.010990 0.005159 0.002460 0.001253 0.000730 0.000511 0.000422 0.000387 0.000374 0.000369 0.000367 0.000367 0.000366 0.000366 0.000366 0.000366 0.000366 0.000365 0.000365 0.000363 0.000360 0.000356 0.000349 0.000338 0.000322 0.000299 0.000268 0.000229 0.000181 0.000126 0.000064 0.000000 
50.000000 41.668771 33.700585 26.411079 20.031382 14.688493 10.405265 7.117043 4.698520 2.993347 1.840247 1.091876 0.625427 0.346027 0.185076 0.095846 0.048201 0.023682 0.011511 0.005680 0.002981 0.001773 0.001251 0.001032 0.000943 0.000908 0.000895 0.000890 0.000888 0.000887 0.000887 0.000887 0.000887 0.000887 0.000886 0.000885 0.000883 0.000879 0.000873 0.000862 0.000845 0.000819 0.000780 0.000725 0.000651 0.000556 0.000440 0.000306 0.000157 0.000000 
50.000000 41.668973 33.700980 26.411650 20.032108 14.689347 10.406222 7.118079 4.699615 2.994483 1.841410 1.093057 0.626619 0.347225 0.186279 0.097050 0.049407 0.024888 0.012718 0.006886 0.004188 0.002980 0.002458 0.002239 0.002150 0.002115 0.002102 0.002097 0.002095 0.002094 0.002094 0.002094 0.002093 0.002093 0.002092 0.002089 0.002085 0.002076 0.002061 0.002036 0.001996 0.001934 0.001843 0.001714 0.001540 0.001316 0.001043 0.000724 0.000371 0.000000 
50.000000 41.669424 33.701862 26.412927 20.033729 14.691257 10.408363 7.120397 4.702062 2.997022 1.844011 1.095697 0.629284 0.349906 0.188968 0.099744 0.052103 0.027586 0.015416 0.009585 0.006886 0.005679 0.005156 0.004937 0.004849 0.004814 0.004800 0.004795 0.004794 0.004793 0.004793 0.004792 0.004792 0.004790 0.004787 0.004782 0.004772 0.004753 0.004720 0.004663 0.004573 0.004433 0.004225 0.003931 0.003534 0.003022 0.002395 0.001664 0.000854 0.000000 
50.000000 41.670398 33.703768 26.415685 20.037232 14.695383 10.412988 7.125405 4.707351 3.002509 1.849631 1.101404 0.635044 0.355698 0.194778 0.105565 0.057929 0.033415 0.021246 0.015416 0.012717 0.011510 0.010988 0.010769 0.010680 0.010645 0.010632 0.010627 0.010625 0.010624 0.010624 0.010623 0.010622 0.010619 0.010613 0.010601 0.010579 0.010538 0.010466 0.010344 0.010146 0.009840 0.009383 0.008736 0.007859 0.006726 0.005334 0.003707 0.001902 0.000000 
50.000000 41.672431 33.707745 26.421439 20.044541 14.703993 10.422640 7.135856 4.718388 3.013959 1.861360 1.113313 0.647066 0.367787 0.206906 0.117713 0.070089 0.045580 0.033415 0.027586 0.024888 0.023681 0.023159 0.022940 0.022851 0.022816 0.022803 0.022798 0.022796 0.022795 0.022794 0.022793 0.022790 0.022784 0.022772 0.022748 0.022701 0.022616 0.022465 0.022209 0.021793 0.021144 0.020176 0.018797 0.016923 0.014495 0.011503 0.008001 0.004107 0.000000 
50.000000 41.676525 33.715755 26.433030 20.059263 14.721336 10.442082 7.156907 4.740622 3.037024 1.884987 1.137305 0.671284 0.392140 0.231337 0.142188 0.094586 0.070089 0.057929 0.052103 0.049407 0.048200 0.047678 0.047460 0.047371 0.047336 0.047323 0.047318 0.047316 0.047315 0.047313 0.047311 0.047305 0.047293 0.047269 0.047220 0.047127 0.046956 0.046652 0.046134 0.045288 0.043964 0.041981 0.039144 0.035272 0.030240 0.024020 0.016718 0.008585 0.000000 
50.000000 41.684480 33.731315 26.455546 20.087864 14.755029 10.479854 7.197807 4.783820 3.081841 1.930897 1.183922 0.718342 0.439461 0.278810 0.189744 0.142188 0.117713 0.105565 0.099744 0.097050 0.095845 0.095323 0.095105 0.095016 0.094981 0.094968 0.094963 0.094961 0.094959 0.094957 0.094952 0.094941 0.094919 0.094872 0.094779 0.094600 0.094268 0.093678 0.092668 0.091012 0.088407 0.084488 0.078855 0.071133 0.061054 0.048546 0.033816 0.017375 0.000000 
50.000000 41.699373 33.760451 26.497707 20.141419 14.818121 10.550586 7.274399 4.864717 3.165770 2.016874 1.271226 0.806472 0.528086 0.367718 0.278810 0.231337 0.206906 0.194778 0.188968 0.186279 0.185076 0.184555 0.184337 0.184248 0.184213 0.184200 0.184195 0.184192 0.184190 0.184186 0.184177 0.184158 0.184117 0.184031 0.183859 0.183527 0.182911 0.181810 0.179917 0.176796 0.171863 0.164401 0.153616 0.138751 0.119248 0.094938 0.066200 0.034037 0.000000 
50.000000 41.726231 33.812992 26.573739 20.238002 14.931906 10.678151 7.412536 5.010624 3.317149 2.171948 1.428697 0.965434 0.687940 0.528086 0.439461 0.392140 0.367787 0.355698 0.349906 0.347225 0.346026 0.345507 0.345289 0.345201 0.345166 0.345153 0.345147 0.345145 0.345141 0.345134 0.345119 0.345085 0.345013 0.344862 0.344558 0.343970 0.342872 0.340900 0.337493 0.331842 0.322857 0.309181 0.289290 0.261699 0.225278 0.179628 0.125415 0.064538 0.000000 
50.000000 41.772844 33.904182 26.705700 20.405634 15.129398 10.899569 7.652310 5.263888 3.579917 2.441137 1.702049 1.241378 0.965434 0.806472 0.718342 0.671284 0.647066 0.635044 0.629284 0.626618 0.625426 0.624909 0.624693 0.624605 0.624571 0.624557 0.624552 0.624548 0.624543 0.624532 0.624506 0.624450 0.624328 0.624074 0.623561 0.622562 0.620689 0.617305 0.611426 0.601613 0.585901 0.561813 0.526515 0.477184 0.411587 0.328810 0.229943 0.118456 0.000000 
50.000000 41.850646 34.056391 26.925964 20.685443 15.459058 11.269174 8.052565 5.686673 4.018575 2.890521 2.158388 1.702049 1.428697 1.271226 1.183922 1.137305 1.113313 1.101404 1.095697 1.093056 1.091875 1.091363 1.091149 1.091062 1.091028 1.091014 1.091008 1.091003 1.090996 1.090978 1.090938 1.090848 1.090653 1.090244 1.089416 1.087797 1.084743 1.079194 1.069488 1.053171 1.026842 0.986137 0.925962 0.841103 0.727255 0.582385 0.408108 0.210532 0.000000 
50.000000 41.975449 34.300549 27.279295 21.134301 15.987894 11.862104 8.694677 6.364942 4.722322 3.611487 2.890521 2.441137 2.171948 2.016874 1.930897 1.884987 1.861360 1.849631 1.844011 1.841410 1.840246 1.839742 1.839531 1.839445 1.839411 1.839398 1.839391 1.839385 1.839374 1.839347 1.839287 1.839150 1.838853 1.838228 1.836956 1.834455 1.829711 1.821033 1.805743 1.779830 1.737643 1.671786 1.573417 1.433188 1.242992 0.998434 0.701523 0.362564 0.000000 
50.000000 42.167712 34.676686 27.823627 21.825808 16.802631 12.775603 9.683970 7.409960 5.806612 4.722322 4.018575 3.579917 3.317149 3.165770 3.081841 3.037024 3.013959 3.002509 2.997022 2.994483 2.993346 2.992855 2.992649 2.992565 2.992532 2.992518 2.992511 2.992503 2.992487 2.992449 2.992362 2.992166 2.991737 2.990829 2.988974 2.985306 2.978304 2.965404 2.942492 2.903306 2.838862 2.737129 2.583303 2.361141 2.055739 1.657837 1.168967 0.605659 0.000000 
50.000000 42.451979 35.232821 28.628452 22.848257 18.007306 14.126332 11.146797 8.955213 7.409960 6.364942 5.686673 5.263888 5.010624 4.864717 4.783820 4.740622 4.718388 4.707351 4.702062 4.699614 4.698519 4.698045 4.697846 4.697765 4.697733 4.697720 4.697712 4.697702 4.697680 4.697630 4.697512 4.697244 4.696658 4.695413 4.692854 4.687766 4.677987 4.659831 4.627299 4.571098 4.477606 4.328097 4.098754 3.762272 3.291929 2.668701 1.890844 0.983111 0.000000 
50.000000 42.855107 36.021500 29.769822 24.298273 19.715776 16.041968 13.221447 11.146797 9.683970 8.694677 8.052565 7.652310 7.412536 7.274399 7.197807 7.156907 7.135856 7.125405 7.120397 7.118079 7.117042 7.116593 7.116405 7.116328 7.116298 7.116285 7.116276 7.116264 7.116237 7.116172 7.116022 7.115680 7.114926 7.113319 7.109998 7.103355 7.090497 7.066428 7.022891 6.946841 6.818700 6.610724 6.286252 5.801059 5.108570 4.170740 2.975141 1.554802 0.000000 
50.000000 43.403129 37.093653 31.321448 26.269507 22.038402 18.646269 16.041968 14.126332 12.775603 11.862104 11.269174 10.899569 10.678151 10.550586 10.479854 10.442082 10.422640 10.412988 10.408363 10.406222 10.405264 10.404849 10.404675 10.404605 10.404576 10.404564 10.404555 10.404541 10.404509 10.404432 10.404252 10.403843 10.402938 10.400999 10.396970 10.388861 10.373053 10.343212 10.288686 10.192300 10.027578 9.755717 9.323135 8.661297 7.691772 6.340802 4.567653 2.405850 0.000000 
50.000000 44.116898 38.490084 33.342388 28.836999 25.063610 22.038402 19.715776 18.007306 16.802631 15.987894 15.459058 15.129398 14.931906 14.818121 14.755029 14.721336 14.703993 14.695383 14.691257 14.689347 14.688492 14.688122 14.687967 14.687904 14.687878 14.687867 14.687858 14.687843 14.687808 14.687723 14.687525 14.687071 14.686064 14.683896 14.679370 14.670207 14.652214 14.617955 14.554706 14.441490 14.245034 13.914717 13.377105 12.531805 11.252677 9.402359 6.873095 3.666695 0.000000 
50.000000 45.007168 40.231831 35.863091 32.039439 28.836999 26.269507 24.298273 22.848257 21.825808 21.134301 20.685443 20.405634 20.238002 20.141419 20.087864 20.059263 20.044541 20.037232 20.033729 20.032108 20.031382 20.031068 20.030936 20.030882 20.030861 20.030851 20.030842 20.030827 20.030792 20.030707 20.030506 20.030046 20.029023 20.026811 20.022171 20.012724 19.994046 19.958188 19.891309 19.770069 19.556328 19.189702 18.577735 17.584322 16.019720 13.642623 10.200989 5.564335 0.000000 
50.000000 46.070116 42.311415 38.872739 35.863091 33.342388 31.321448 29.769822 28.628452 27.823627 27.279295 26.925964 26.705700 26.573739 26.497707 26.455546 26.433030 26.421439 26.415685 26.412927 26.411650 26.411079 26.410832 26.410728 26.410686 26.410668 26.410660 26.410653 26.410640 26.410608 26.410532 26.410351 26.409936 26.409009 26.407000 26.402769 26.394111 26.376890 26.343579 26.280861 26.165790 25.959751 25.599082 24.980646 23.940029 22.220468 19.436369 15.061743 8.562332 0.000000 
50.000000 47.284579 44.687438 42.311415 40.231831 38.490084 37.093653 36.021500 35.232821 34.676686 34.300549 34.056391 33.904182 33.812992 33.760451 33.731315 33.715755 33.707745 33.703768 33.701862 33.700980 33.700585 33.700414 33.700342 33.700313 33.700301 33.700295 33.700290 33.700280 33.700256 33.700198 33.700060 33.699744 33.699037 33.697500 33.694251 33.687577 33.674240 33.648282 33.599025 33.507720 33.341977 33.046359 32.526000 31.616989 30.030841 27.249672 22.343719 13.774766 0.000000 
50.000000 48.612062 47.284579 46.070116 45.007168 44.116898 43.403129 42.855107 42.451979 42.167712 41.975449 41.850646 41.772844 41.726231 41.699373 41.684480 41.676525 41.672431 41.670398 41.669424 41.668973 41.668771 41.668683 41.668647 41.668632 41.668626 41.668623 41.668620 41.668614 41.668601 41.668570 41.668496 41.668324 41.667941 41.667105 41.665336 41.661693 41.654388 41.640115 41.612886 41.562053 41.468868 41.300305 40.997278 40.450203 39.442834 37.507784 33.509814 24.306031 0.000000 
50.000000 50.000000 50.000000 50.000000 50.000000 50.000000 50.000000 50.000000 50.000000 50.000000 50.000000 50.000000 50.000000 50.000000 50.000000 50.000000 50.000000 50.000000 50.000000 50.000000 50.000000 50.000000 50.000000 50.000000 50.000000 50.000000 50.000000 50.000000 50.000000 50.000000 50.000000 50.000000 50.000000 50.000000 50.000000 50.000000 50.000000 50.000000 50.000000 50.000000 50.000000 50.000000 50.000000 50.000000 50.000000 50.000000 50.000000 50.000000 50.000000 50.000000 
