50.000000 50.000000 50.000000 50.000000 50.000000 50.000000 50.000000 50.000000 50.000000 50.000000 50.000000 50.000000 50.000000 50.000000 50.000000 50.000000 50.000000 50.000000 50.000000 50.000000 50.000000 50.000000 50.000000 50.000000 50.000000 50.000000 50.000000 50.000000 50.000000 50.000000 50.000000 50.000000 50.000000 50.000000 50.000000 50.000000 50.000000 50.000000 50.000000 50.000000 50.000000 50.000000 50.000000 50.000000 50.000000 50.000000 50.000000 50.000000 50.000000 50.000000 
50.000000 48.524586 47.117483 45.837523 44.726776 43.806928 43.079697 42.530541 42.134238 41.860748 41.680140 41.565925 41.496702 41.456464 41.434012 41.421976 41.415772 41.412695 41.411225 41.410548 41.410247 41.410118 41.410065 41.410043 41.410035 41.410032 41.410030 41.410029 41.410026 41.410018 41.409998 41.409949 41.409831 41.409556 41.408936 41.407579 41.404689 41.398712 41.386687 41.363115 41.317986 41.233333 41.076996 40.790747 40.265701 39.285997 37.384162 33.424302 24.262293 0.000000 
50.000000 47.117483 44.368426 41.867775 39.697721 37.900633 36.479862 35.407000 34.632764 34.098464 33.745627 33.522497 33.387266 33.308659 33.264797 33.241284 33.229166 33.223155 33.220283 33.218961 33.218373 33.218122 33.218017 33.217975 33.217959 33.217953 33.217950 33.217947 33.217941 33.217927 33.217890 33.217799 33.217583 33.217079 33.215944 33.213463 33.208194 33.197333 33.175570 33.133133 33.052466 32.902636 32.629823 32.140757 31.272837 29.738293 27.019080 22.184213 13.693181 0.000000 
50.000000 45.837523 41.867775 38.256748 35.123129 32.528099 30.476497 28.927291 27.809312 27.037806 26.528330 26.206148 26.010889 25.897390 25.834061 25.800113 25.782616 25.773938 25.769792 25.767883 25.767035 25.766672 25.766521 25.766461 25.766437 25.766428 25.766424 25.766420 25.766412 25.766393 25.766345 25.766227 25.765945 25.765290 25.763819 25.760612 25.753830 25.739917 25.712206 25.658596 25.557733 25.372946 25.042735 24.466093 23.480357 21.829720 19.128374 14.848695 8.453360 0.000000 
50.000000 44.726776 39.697721 35.123129 31.153363 27.865925 25.266940 23.304418 21.888191 20.910883 20.265514 19.857404 19.610073 19.466310 19.386095 19.343098 19.320937 19.309945 19.304695 19.302277 19.301203 19.300743 19.300552 19.300476 19.300446 19.300434 19.300429 19.300425 19.300416 19.300395 19.300342 19.300213 19.299903 19.299188 19.297586 19.294106 19.286786 19.271857 19.242348 19.185792 19.080659 18.891011 18.558915 17.994330 17.063139 15.576681 13.293409 9.959429 5.440779 0.000000 
50.000000 43.806928 37.900633 32.528099 27.865925 24.005129 20.952893 18.648150 16.984991 15.837300 15.079436 14.600196 14.309766 14.140954 14.046767 13.996281 13.970261 13.957356 13.951192 13.948353 13.947093 13.946552 13.946328 13.946238 13.946203 13.946190 13.946184 13.946179 13.946171 13.946150 13.946099 13.945972 13.945670 13.944976 13.943427 13.940080 13.933075 13.918887 13.891072 13.838304 13.741440 13.569445 13.274187 12.784685 12.002564 10.802786 9.047742 6.627796 3.541227 0.000000 
50.000000 43.079697 36.479862 30.476497 25.266940 20.952893 17.542374 14.967129 13.108800 11.826456 10.979691 10.444248 10.119765 9.931166 9.825941 9.769540 9.740473 9.726057 9.719171 9.716001 9.714592 9.713989 9.713738 9.713638 9.713599 9.713584 9.713578 9.713573 9.713566 9.713547 9.713501 9.713388 9.713121 9.712507 9.711144 9.708212 9.702114 9.689849 9.666010 9.621245 9.540089 9.398152 9.158949 8.771187 8.168208 7.272609 6.010404 4.339105 2.288950 0.000000 
50.000000 42.530541 35.407000 28.927291 23.304418 18.648150 14.967129 12.187672 10.182015 8.798032 7.884172 7.306315 6.956138 6.752610 6.639058 6.578197 6.546831 6.531276 6.523847 6.520426 6.518907 6.518255 6.517985 6.517877 6.517835 6.517819 6.517812 6.517808 6.517802 6.517786 6.517748 6.517655 6.517436 6.516935 6.515826 6.513455 6.508552 6.498761 6.479888 6.444802 6.381941 6.273530 6.093836 5.808179 5.373963 4.745504 3.884556 2.777177 1.453545 0.000000 
50.000000 42.134238 34.632764 27.809312 21.888191 16.984991 13.108800 10.182015 8.070078 6.612783 5.650534 5.042091 4.673389 4.459097 4.339545 4.275468 4.242447 4.226071 4.218249 4.214649 4.213049 4.212363 4.212079 4.211965 4.211921 4.211904 4.211898 4.211894 4.211889 4.211877 4.211848 4.211776 4.211609 4.211227 4.210386 4.208597 4.204921 4.197630 4.183690 4.158016 4.112517 4.035039 3.908485 3.710648 3.415546 2.997180 2.436366 1.730127 0.900905 0.000000 
50.000000 41.860748 34.098464 27.037806 20.910883 15.837300 11.826456 8.798032 6.612783 5.104924 4.109304 3.479772 3.098297 2.876587 2.752898 2.686606 2.652444 2.635503 2.627412 2.623687 2.622033 2.621323 2.621029 2.620911 2.620866 2.620848 2.620842 2.620838 2.620834 2.620826 2.620804 2.620753 2.620633 2.620360 2.619762 2.618495 2.615906 2.610807 2.601130 2.583463 2.552462 2.500266 2.416091 2.286366 2.095861 1.830224 1.480073 1.045999 0.542762 0.000000 
50.000000 41.680140 33.745627 26.528330 20.265514 15.079436 10.979691 7.884172 5.650534 4.109304 3.091662 2.448216 2.058316 1.831713 1.705298 1.637545 1.602631 1.585318 1.577049 1.573242 1.571551 1.570826 1.570526 1.570406 1.570359 1.570341 1.570335 1.570332 1.570329 1.570323 1.570308 1.570273 1.570192 1.570008 1.569606 1.568760 1.567040 1.563672 1.557326 1.545831 1.525841 1.492518 1.439370 1.358446 1.241132 1.079722 0.869735 0.612495 0.317025 0.000000 
50.000000 41.565925 33.522497 26.206148 19.857404 14.600196 10.444248 7.306315 5.042091 3.479772 2.448216 1.795980 1.400758 1.171066 1.042928 0.974254 0.938865 0.921317 0.912936 0.909077 0.907364 0.906629 0.906325 0.906203 0.906156 0.906138 0.906131 0.906128 0.906126 0.906122 0.906113 0.906090 0.906038 0.905921 0.905665 0.905129 0.904046 0.901938 0.897990 0.890890 0.878641 0.858401 0.826426 0.778238 0.709124 0.615056 0.493941 0.346926 0.179237 0.000000 
50.000000 41.496702 33.387266 26.010889 19.610073 14.309766 10.119765 6.956138 4.673389 3.098297 2.058316 1.400758 1.002315 0.770753 0.641574 0.572342 0.536666 0.518976 0.510527 0.506637 0.504910 0.504170 0.503863 0.503740 0.503692 0.503674 0.503668 0.503665 0.503663 0.503661 0.503655 0.503641 0.503610 0.503538 0.503384 0.503062 0.502413 0.501158 0.498821 0.494644 0.487490 0.475758 0.457378 0.429916 0.390879 0.338216 0.270973 0.189933 0.097990 0.000000 
50.000000 41.456464 33.308659 25.897390 19.466310 14.140954 9.931166 6.752610 4.459097 2.876587 1.831713 1.171066 0.770753 0.538106 0.408322 0.338766 0.302925 0.285152 0.276664 0.272756 0.271021 0.270277 0.269969 0.269845 0.269797 0.269779 0.269773 0.269770 0.269769 0.269767 0.269764 0.269756 0.269738 0.269696 0.269608 0.269423 0.269053 0.268340 0.267020 0.264674 0.260681 0.254176 0.244058 0.229052 0.207880 0.179524 0.143560 0.100464 0.051775 0.000000 
50.000000 41.434012 33.264797 25.834061 19.386095 14.046767 9.825941 6.639058 4.339545 2.752898 1.705298 1.042928 0.641574 0.408322 0.278201 0.208466 0.172531 0.154713 0.146203 0.142285 0.140545 0.139800 0.139491 0.139367 0.139319 0.139301 0.139294 0.139292 0.139291 0.139290 0.139288 0.139283 0.139273 0.139250 0.139202 0.139101 0.138899 0.138512 0.137798 0.136538 0.134403 0.130947 0.125604 0.117729 0.106687 0.091989 0.073449 0.051334 0.026433 0.000000 
50.000000 41.421976 33.241284 25.800113 19.343098 13.996281 9.769540 6.578197 4.275468 2.686606 1.637545 0.974254 0.572342 0.338766 0.208466 0.138634 0.102650 0.084807 0.076285 0.072362 0.070620 0.069873 0.069564 0.069440 0.069392 0.069374 0.069367 0.069365 0.069364 0.069363 0.069362 0.069360 0.069355 0.069343 0.069317 0.069264 0.069159 0.068958 0.068588 0.067939 0.066844 0.065082 0.062370 0.058396 0.052853 0.045512 0.036294 0.025340 0.013039 0.000000 
50.000000 41.415772 33.229166 25.782616 19.320937 13.970261 9.740473 6.546831 4.242447 2.652444 1.602631 0.938865 0.536666 0.302925 0.172531 0.102650 0.066641 0.048785 0.040257 0.036332 0.034589 0.033841 0.033531 0.033407 0.033359 0.033341 0.033335 0.033332 0.033332 0.033331 0.033330 0.033329 0.033327 0.033320 0.033308 0.033281 0.033228 0.033128 0.032945 0.032623 0.032084 0.031220 0.029896 0.027965 0.025285 0.021749 0.017326 0.012087 0.006216 0.000000 
50.000000 41.412695 33.223155 25.773938 19.309945 13.957356 9.726057 6.531276 4.226071 2.635503 1.585318 0.921317 0.518976 0.285152 0.154713 0.084807 0.048785 0.030923 0.022392 0.018465 0.016722 0.015974 0.015664 0.015540 0.015492 0.015474 0.015467 0.015465 0.015464 0.015464 0.015463 0.015463 0.015461 0.015459 0.015452 0.015439 0.015414 0.015366 0.015279 0.015126 0.014870 0.014462 0.013840 0.012936 0.011685 0.010042 0.007993 0.005572 0.002864 0.000000 
50.000000 41.411225 33.220283 25.769792 19.304695 13.951192 9.719171 6.523847 4.218249 2.627412 1.577049 0.912936 0.510527 0.276664 0.146203 0.076285 0.040257 0.022392 0.013860 0.009933 0.008189 0.007441 0.007131 0.007007 0.006959 0.006941 0.006934 0.006932 0.006931 0.006931 0.006931 0.006930 0.006930 0.006928 0.006925 0.006919 0.006908 0.006886 0.006845 0.006775 0.006659 0.006473 0.006191 0.005783 0.005220 0.004482 0.003565 0.002484 0.001276 0.000000 
50.000000 41.410548 33.218961 25.767883 19.302277 13.948353 9.716001 6.520426 4.214649 2.623687 1.573242 0.909077 0.506637 0.272756 0.142285 0.072363 0.036332 0.018465 0.009933 0.006005 0.004261 0.003513 0.003203 0.003079 0.003031 0.003013 0.003006 0.003004 0.003003 0.003003 0.003003 0.003002 0.003002 0.003002 0.003000 0.002998 0.002992 0.002983 0.002965 0.002934 0.002883 0.002801 0.002678 0.002500 0.002255 0.001935 0.001538 0.001071 0.000550 0.000000 
50.000000 41.410247 33.218374 25.767035 19.301204 13.947093 9.714593 6.518907 4.213049 2.622033 1.571551 0.907364 0.504910 0.271021 0.140546 0.070621 0.034589 0.016722 0.008189 0.004261 0.002516 0.001768 0.001459 0.001335 0.001286 0.001268 0.001262 0.001259 0.001259 0.001258 0.001258 0.001258 0.001258 0.001258 0.001257 0.001256 0.001254 0.001250 0.001242 0.001229 0.001207 0.001173 0.001120 0.001045 0.000943 0.000808 0.000642 0.000447 0.000230 0.000000 
50.000000 41.410118 33.218122 25.766672 19.300743 13.946552 9.713989 6.518255 4.212364 2.621324 1.570827 0.906630 0.504170 0.270277 0.139800 0.069874 0.033842 0.015974 0.007441 0.003513 0.001769 0.001021 0.000711 0.000587 0.000539 0.000521 0.000514 0.000512 0.000511 0.000511 0.000511 0.000511 0.000511 0.000510 0.000510 0.000510 0.000509 0.000507 0.000504 0.000498 0.000490 0.000475 0.000454 0.000423 0.000382 0.000327 0.000260 0.000181 0.000093 0.000000 
50.000000 41.410065 33.218018 25.766522 19.300553 13.946329 9.713739 6.517986 4.212080 2.621030 1.570527 0.906326 0.503864 0.269970 0.139492 0.069565 0.033533 0.015665 0.007132 0.003204 0.001460 0.000712 0.000402 0.000278 0.000230 0.000212 0.000205 0.000203 0.000202 0.000202 0.000202 0.000202 0.000202 0.000201 0.000201 0.000201 0.000201 0.000200 0.000199 0.000197 0.000193 0.000187 0.000179 0.000167 0.000150 0.000129 0.000102 0.000071 0.000037 0.000000 
50.000000 41.410044 33.217977 25.766462 19.300478 13.946241 9.713641 6.517880 4.211969 2.620915 1.570409 0.906206 0.503743 0.269849 0.139370 0.069444 0.033411 0.015543 0.007010 0.003082 0.001338 0.000590 0.000280 0.000156 0.000108 0.000090 0.000083 0.000081 0.000080 0.000080 0.000080 0.000080 0.000080 0.000080 0.000080 0.000080 0.000079 0.000079 0.000079 0.000078 0.000076 0.000074 0.000071 0.000066 0.000059 0.000051 0.000040 0.000028 0.000014 0.000000 
50.000000 41.410037 33.217963 25.766442 19.300452 13.946211 9.713607 6.517844 4.211931 2.620875 1.570369 0.906165 0.503702 0.269807 0.139329 0.069402 0.033369 0.015502 0.006969 0.003041 0.001296 0.000548 0.000239 0.000114 0.000066 0.000048 0.000042 0.000039 0.000039 0.000038 0.000038 0.000038 0.000038 0.000038 0.000038 0.000038 0.000038 0.000038 0.000038 0.000037 0.000037 0.000035 0.000034 0.000032 0.000028 0.000024 0.000019 0.000013 0.000007 0.000000 
50.000000 41.410037 33.217963 25.766442 19.300452 13.946211 9.713607 6.517844 4.211931 2.620875 1.570369 0.906165 0.503702 0.269807 0.139329 0.069402 0.033369 0.015502 0.006969 0.003041 0.001296 0.000548 0.000239 0.000114 0.000066 0.000048 0.000042 0.000039 0.000039 0.000038 0.000038 0.000038 0.000038 0.000038 0.000038 0.000038 0.000038 0.000038 0.000038 0.000037 0.000037 0.000035 0.000034 0.000032 0.000028 0.000024 0.000019 0.000013 0.000007 0.000000 
50.000000 41.410044 33.217977 25.766462 19.300478 13.946241 9.713641 6.517880 4.211969 2.620915 1.570409 0.906206 0.503743 0.269849 0.139370 0.069444 0.033411 0.015543 0.007010 0.003082 0.001338 0.000590 0.000280 0.000156 0.000108 0.000090 0.000083 0.000081 0.000080 0.000080 0.000080 0.000080 0.000080 0.000080 0.000080 0.000080 0.000079 0.000079 0.000079 0.000078 0.000076 0.000074 0.000071 0.000066 0.000059 0.000051 0.000040 0.000028 0.000014 0.000000 
50.000000 41.410065 33.218018 25.766522 19.300553 13.946329 9.713739 6.517986 4.212080 2.621030 1.570527 0.906326 0.503864 0.269970 0.139492 0.069565 0.033533 0.015665 0.007132 0.003204 0.001460 0.000712 0.000402 0.000278 0.000230 0.000212 0.000205 0.000203 0.000202 0.000202 0.000202 0.000202 0.000202 0.000201 0.000201 0.000201 0.000201 0.000200 0.000199 0.000197 0.000193 0.000187 0.000179 0.000167 0.000150 0.000129 0.000102 0.000071 0.000037 0.000000 
50.000000 41.410118 33.218122 25.766672 19.300743 13.946552 9.713989 6.518255 4.212364 2.621324 1.570827 0.906630 0.504170 0.270277 0.139800 0.069874 0.033842 0.015974 0.007441 0.003513 0.001769 0.001021 0.000711 0.000587 0.000539 0.000521 0.000514 0.000512 0.000511 0.000511 0.000511 0.000511 0.000511 0.000510 0.000510 0.000510 0.000509 0.000507 0.000504 0.000498 0.000490 0.000475 0.000454 0.000423 0.000382 0.000327 0.000260 0.000181 0.000093 0.000000 
50.000000 41.410247 33.218374 25.767035 19.301204 13.947093 9.714593 6.518907 4.213049 2.622033 1.571551 0.907364 0.504910 0.271021 0.140546 0.070621 0.034589 0.016722 0.008189 0.004261 0.002516 0.001768 0.001459 0.001335 0.001286 0.001268 0.001262 0.001259 0.001259 0.001258 0.001258 0.001258 0.001258 0.001258 0.001257 0.001256 0.001254 0.001250 0.001242 0.001229 0.001207 0.001173 0.001120 0.001045 0.000943 0.000808 0.000642 0.000447 0.000230 0.000000 
50.000000 41.410548 33.218961 25.767883 19.302277 13.948353 9.716001 6.520426 4.214649 2.623687 1.573242 0.909077 0.506637 0.272756 0.142285 0.072363 0.036332 0.018465 0.009933 0.006005 0.004261 0.003513 0.003203 0.003079 0.003031 0.003013 0.003006 0.003004 0.003003 0.003003 0.003003 0.003002 0.003002 0.003002 0.003000 0.002998 0.002992 0.002983 0.002965 0.002934 0.002883 0.002801 0.002678 0.002500 0.002255 0.001935 0.001538 0.001071 0.000550 0.000000 
50.000000 41.411225 33.220283 25.769792 19.304695 13.951192 9.719171 6.523847 4.218249 2.627412 1.577049 0.912936 0.510527 0.276664 0.146203 0.076285 0.040257 0.022392 0.013860 0.009933 0.008189 0.007441 0.007131 0.007007 0.006959 0.006941 0.006934 0.006932 0.006931 0.006931 0.006931 0.006930 0.006930 0.006928 0.006925 0.006919 0.006908 0.006886 0.006845 0.006775 0.006659 0.006473 0.006191 0.005783 0.005220 0.004482 0.003565 0.002484 0.001276 0.000000 
50.000000 41.412695 33.223155 25.773938 19.309945 13.957356 9.726057 6.531276 4.226071 2.635503 1.585318 0.921317 0.518976 0.285152 0.154713 0.084807 0.048785 0.030923 0.022392 0.018465 0.016722 0.015974 0.015664 0.015540 0.015492 0.015474 0.015467 0.015465 0.015464 0.015464 0.015463 0.015463 0.015461 0.015459 0.015452 0.015439 0.015414 0.015366 0.015279 0.015126 0.014870 0.014462 0.013840 0.012936 0.011685 0.010042 0.007993 0.005572 0.002864 0.000000 
50.000000 41.415772 33.229166 25.782616 19.320937 13.970261 9.740473 6.546831 4.242447 2.652444 1.602631 0.938865 0.536666 0.302925 0.172531 0.102650 0.066641 0.048785 0.040257 0.036332 0.034589 0.033841 0.033531 0.033407 0.033359 0.033341 0.033335 0.033332 0.033332 0.033331 0.033330 0.033329 0.033327 0.033320 0.033308 0.033281 0.033228 0.033128 0.032945 0.032623 0.032084 0.031220 0.029896 0.027965 0.025285 0.021749 0.017326 0.012087 0.006216 0.000000 
50.000000 41.421976 33.241284 25.800113 19.343098 13.996281 9.769540 6.578197 4.275468 2.686606 1.637545 0.974254 0.572342 0.338766 0.208466 0.138634 0.102650 0.084807 0.076285 0.072362 0.070620 0.069873 0.069564 0.069440 0.069392 0.069374 0.069367 0.069365 0.069364 0.069363 0.069362 0.069360 0.069355 0.069343 0.069317 0.069264 0.069159 0.068958 0.068588 0.067939 0.066844 0.065082 0.062370 0.058396 0.052853 0.045512 0.036294 0.025340 0.013039 0.000000 
50.000000 41.434012 33.264797 25.834061 19.386095 14.046767 9.825941 6.639058 4.339545 2.752898 1.705298 1.042928 0.641574 0.408322 0.278201 0.208466 0.172531 0.154713 0.146203 0.142285 0.140545 0.139800 0.139491 0.139367 0.139319 0.139301 0.139294 0.139292 0.139291 0.139290 0.139288 0.139283 0.139273 0.139250 0.139202 0.139101 0.138899 0.138512 0.137798 0.136538 0.134403 0.130947 0.125604 0.117729 0.106687 0.091989 0.073449 0.051334 0.026433 0.000000 
50.000000 41.456464 33.308659 25.897390 19.466310 14.140954 9.931166 6.752610 4.459097 2.876587 1.831713 1.171066 0.770753 0.538106 0.408322 0.338766 0.302925 0.285152 0.276664 0.272756 0.271021 0.270277 0.269969 0.269845 0.269797 0.269779 0.269773 0.269770 0.269769 0.269767 0.269764 0.269756 0.269738 0.269696 0.269608 0.269423 0.269053 0.268340 0.267020 0.264674 0.260681 0.254176 0.244058 0.229052 0.207880 0.179524 0.143560 0.100464 0.051775 0.000000 
50.000000 41.496702 33.387266 26.010889 19.610073 14.309766 10.119765 6.956138 4.673389 3.098297 2.058316 1.400758 1.002315 0.770753 0.641574 0.572342 0.536666 0.518976 0.510527 0.506637 0.504910 0.504170 0.503863 0.503740 0.503692 0.503674 0.503668 0.503665 0.503663 0.503661 0.503655 0.503641 0.503610 0.503538 0.503384 0.503062 0.502413 0.501158 0.498821 0.494644 0.487490 0.475758 0.457378 0.429916 0.390879 0.338216 0.270973 0.189933 0.097990 0.000000 
50.000000 41.565925 33.522497 26.206148 19.857404 14.600196 10.444248 7.306315 5.042091 3.479772 2.448216 1.795980 1.400758 1.171066 1.042928 0.974254 0.938865 0.921317 0.912936 0.909077 0.907364 0.906629 0.906325 0.906203 0.906156 0.906138 0.906131 0.906128 0.906126 0.906122 0.906113 0.906090 0.906038 0.905921 0.905665 0.905129 0.904046 0.901938 0.897990 0.890890 0.878641 0.858401 0.826426 0.778238 0.709124 0.615056 0.493941 0.346926 0.179237 0.000000 
50.000000 41.680140 33.745627 26.528330 20.265514 15.079436 10.979691 7.884172 5.650534 4.109304 3.091662 2.448216 2.058316 1.831713 1.705298 1.637545 1.602631 1.585318 1.577049 1.573242 1.571551 1.570826 1.570526 1.570406 1.570359 1.570341 1.570335 1.570332 1.570329 1.570323 1.570308 1.570273 1.570192 1.570008 1.569606 1.568760 1.567040 1.563672 1.557326 1.545831 1.525841 1.492518 1.439370 1.358446 1.241132 1.079722 0.869735 0.612495 0.317025 0.000000 
50.000000 41.860748 34.098464 27.037806 20.910883 15.837300 11.826456 8.798032 6.612783 5.104924 4.109304 3.479772 3.098297 2.876587 2.752898 2.686606 2.652444 2.635503 2.627412 2.623687 2.622033 2.621323 2.621029 2.620911 2.620866 2.620848 2.620842 2.620838 2.620834 2.620826 2.620804 2.620753 2.620633 2.620360 2.619762 2.618495 2.615906 2.610807 2.601130 2.583463 2.552462 2.500266 2.416091 2.286366 2.095861 1.830224 1.480073 1.045999 0.542762 0.000000 
50.000000 42.134238 34.632764 27.809312 21.888191 16.984991 13.108800 10.182015 8.070078 6.612783 5.650534 5.042091 4.673389 4.459097 4.339545 4.275468 4.242447 4.226071 4.218249 4.214649 4.213049 4.212363 4.212079 4.211965 4.211921 4.211904 4.211898 4.211894 4.211889 4.211877 4.211848 4.211776 4.211609 4.211227 4.210386 4.208597 4.204921 4.197630 4.183690 4.158016 4.112517 4.035039 3.908485 3.710648 3.415546 2.997180 2.436366 1.730127 0.900905 0.000000 
50.000000 42.530541 35.407000 28.927291 23.304418 18.648150 14.967129 12.187672 10.182015 8.798032 7.884172 7.306315 6.956138 6.752610 6.639058 6.578197 6.546831 6.531276 6.523847 6.520426 6.518907 6.518255 6.517985 6.517877 6.517835 6.517819 6.517812 6.517808 6.517802 6.517786 6.517748 6.517655 6.517436 6.516935 6.515826 6.513455 6.508552 6.498761 6.479888 6.444802 6.381941 6.273530 6.093836 5.808179 5.373963 4.745504 3.884556 2.777177 1.453545 0.000000 
50.000000 43.079697 36.479862 30.476497 25.266940 20.952893 17.542374 14.967129 13.108800 11.826456 10.979691 10.444248 10.119765 9.931166 9.825941 9.769540 9.740473 9.726057 9.719171 9.716001 9.714592 9.713989 9.713738 9.713638 9.713599 9.713584 9.713578 9.713573 9.713566 9.713547 9.713501 9.713388 9.713121 9.712507 9.711144 9.708212 9.702114 9.689849 9.666010 9.621245 9.540089 9.398152 9.158949 8.771187 8.168208 7.272609 6.010404 4.339105 2.288950 0.000000 
50.000000 43.806928 37.900633 32.528099 27.865925 24.005129 20.952893 18.648150 16.984991 15.837300 15.079436 14.600196 14.309766 14.140954 14.046767 13.996281 13.970261 13.957356 13.951192 13.948353 13.947093 13.946552 13.946328 13.946238 13.946203 13.946190 13.946184 13.946179 13.946171 13.946150 13.946099 13.945972 13.945670 13.944976 13.943427 13.940080 13.933075 13.918887 13.891072 13.838304 13.741440 13.569445 13.274187 12.784685 12.002564 10.802786 9.047742 6.627796 3.541227 0.000000 
50.000000 44.726776 39.697721 35.123129 31.153363 27.865925 25.266940 23.304418 21.888191 20.910883 20.265514 19.857404 19.610073 19.466310 19.386095 19.343098 19.320937 19.309945 19.304695 19.302277 19.301203 19.300743 19.300552 19.300476 19.300446 19.300434 19.300429 19.300425 19.300416 19.300395 19.300342 19.300213 19.299903 19.299188 19.297586 19.294106 19.286786 19.271857 19.242348 19.185792 19.080659 18.891011 18.558915 17.994330 17.063139 15.576681 13.293409 9.959429 5.440779 0.000000 
50.000000 45.837523 41.867775 38.256748 35.123129 32.528099 30.476497 28.927291 27.809312 27.037806 26.528330 26.206148 26.010889 25.897390 25.834061 25.800113 25.782616 25.773938 25.769792 25.767883 25.767035 25.766672 25.766521 25.766461 25.766437 25.766428 25.766424 25.766420 25.766412 25.766393 25.766345 25.766227 25.765945 25.765290 25.763819 25.760612 25.753830 25.739917 25.712206 25.658596 25.557733 25.372946 25.042735 24.466093 23.480357 21.829720 19.128374 14.848695 8.453360 0.000000 
50.000000 47.117483 44.368426 41.867775 39.697721 37.900633 36.479862 35.407000 34.632764 34.098464 33.745627 33.522497 33.387266 33.308659 33.264797 33.241284 33.229166 33.223155 33.220283 33.218961 33.218373 33.218122 33.218017 33.217975 33.217959 33.217953 33.217950 33.217947 33.217941 33.217927 33.217890 33.217799 33.217583 33.217079 33.215944 33.213463 33.208194 33.197333 33.175570 33.133133 33.052466 32.902636 32.629823 32.140757 31.272837 29.738293 27.019080 22.184213 13.693181 0.000000 
50.000000 48.524586 47.117483 45.837523 44.726776 43.806928 43.079697 42.530541 42.134238 41.860748 41.680140 41.565925 41.496702 41.456464 41.434012 41.421976 41.415772 41.412695 41.411225 41.410548 41.410247 41.410118 41.410065 41.410043 41.410035 41.410032 41.410030 41.410029 41.410026 41.410018 41.409998 41.409949 41.409831 41.409556 41.408936 41.407579 41.404689 41.398712 41.386687 41.363115 41.317986 41.233333 41.076996 40.790747 40.265701 39.285997 37.384162 33.424302 24.262293 0.000000 
50.000000 50.000000 50.000000 50.000000 50.000000 50.000000 50.000000 50.000000 50.000000 50.000000 50.000000 50.000000 50.000000 50.000000 50.000000 50.000000 50.000000 50.000000 50.000000 50.000000 50.000000 50.000000 50.000000 50.000000 50.000000 50.000000 50.000000 50.000000 50.000000 50.000000 50.000000 50.000000 50.000000 50.000000 50.000000 50.000000 50.000000 50.000000 50.000000 50.000000 50.000000 50.000000 50.000000 50.000000 50.000000 50.000000 50.000000 50.000000 50.000000 50.000000 
