50.000000 50.000000 50.000000 50.000000 50.000000 50.000000 50.000000 50.000000 50.000000 50.000000 50.000000 50.000000 50.000000 50.000000 50.000000 50.000000 50.000000 50.000000 50.000000 50.000000 50.000000 50.000000 50.000000 50.000000 50.000000 50.000000 50.000000 50.000000 50.000000 50.000000 50.000000 50.000000 50.000000 50.000000 50.000000 50.000000 50.000000 50.000000 50.000000 50.000000 50.000000 50.000000 50.000000 50.000000 50.000000 50.000000 50.000000 50.000000 50.000000 50.000000 
50.000000 43.413335 38.176035 34.820041 33.052651 32.271982 31.977349 31.880795 31.852942 31.845786 31.844133 31.843786 31.843720 31.843708 31.843706 31.843706 31.843706 31.843706 31.843706 31.843706 31.843706 31.843706 31.843706 31.843706 31.843706 31.843706 31.843706 31.843706 31.843706 31.843706 31.843706 31.843706 31.843706 31.843706 31.843706 31.843706 31.843706 31.843705 31.843701 31.843676 31.843541 31.842849 31.839593 31.825502 31.769450 31.564157 30.866804 28.634462 21.706668 0.000000 
50.000000 38.176035 28.775391 22.752781 19.581900 18.181744 17.653498 17.480453 17.430554 17.417740 17.414780 17.414160 17.414041 17.414021 17.414017 17.414017 17.414017 17.414017 17.414017 17.414017 17.414017 17.414017 17.414017 17.414017 17.414017 17.414017 17.414017 17.414017 17.414017 17.414017 17.414017 17.414017 17.414017 17.414017 17.414017 17.414017 17.414016 17.414016 17.414010 17.413979 17.413805 17.412932 17.408885 17.391763 17.325921 17.096973 16.381297 14.387696 9.541574 0.000000 
50.000000 34.820041 22.752781 15.023610 10.955525 9.159870 8.482694 8.260963 8.197055 8.180652 8.176865 8.176073 8.175921 8.175894 8.175890 8.175889 8.175889 8.175889 8.175889 8.175889 8.175889 8.175889 8.175889 8.175889 8.175889 8.175889 8.175889 8.175889 8.175889 8.175889 8.175889 8.175889 8.175889 8.175889 8.175889 8.175889 8.175889 8.175889 8.175884 8.175860 8.175730 8.175077 8.172104 8.159792 8.113861 7.960892 7.511805 6.371484 3.953237 0.000000 
50.000000 33.052651 19.581900 10.955525 6.416440 4.413526 3.658458 3.411317 3.340114 3.321845 3.317630 3.316748 3.316579 3.316550 3.316545 3.316544 3.316544 3.316544 3.316544 3.316544 3.316544 3.316544 3.316544 3.316544 3.316544 3.316544 3.316544 3.316544 3.316544 3.316544 3.316544 3.316544 3.316544 3.316544 3.316544 3.316544 3.316544 3.316544 3.316541 3.316528 3.316456 3.316101 3.314504 3.308009 3.284368 3.208220 2.994633 2.484927 1.488494 0.000000 
50.000000 32.271982 18.181744 9.159870 4.413526 2.319599 1.530404 1.272158 1.197776 1.178697 1.174296 1.173375 1.173199 1.173168 1.173163 1.173162 1.173162 1.173162 1.173162 1.173162 1.173162 1.173162 1.173162 1.173162 1.173162 1.173162 1.173162 1.173162 1.173162 1.173162 1.173162 1.173162 1.173162 1.173162 1.173162 1.173162 1.173162 1.173162 1.173161 1.173155 1.173124 1.172970 1.172288 1.169556 1.159799 1.129158 1.046009 0.855824 0.502532 0.000000 
50.000000 31.977349 17.653498 8.482694 3.658458 1.530404 0.728447 0.466060 0.390494 0.371115 0.366645 0.365710 0.365531 0.365500 0.365495 0.365494 0.365494 0.365494 0.365494 0.365494 0.365494 0.365494 0.365494 0.365494 0.365494 0.365494 0.365494 0.365494 0.365494 0.365494 0.365494 0.365494 0.365494 0.365494 0.365494 0.365494 0.365494 0.365494 0.365494 0.365491 0.365480 0.365425 0.365183 0.364224 0.360848 0.350448 0.322902 0.261735 0.151847 0.000000 
50.000000 31.880795 17.480453 8.260963 3.411317 1.272158 0.466060 0.202332 0.126385 0.106909 0.102417 0.101478 0.101298 0.101267 0.101262 0.101261 0.101261 0.101261 0.101261 0.101261 0.101261 0.101261 0.101261 0.101261 0.101261 0.101261 0.101261 0.101261 0.101261 0.101261 0.101261 0.101261 0.101261 0.101261 0.101261 0.101261 0.101261 0.101261 0.101261 0.101260 0.101256 0.101240 0.101166 0.100877 0.099870 0.096813 0.088860 0.071568 0.041202 0.000000 
50.000000 31.852942 17.430554 8.197055 3.340114 1.197776 0.390494 0.126385 0.050330 0.030827 0.026329 0.025388 0.025208 0.025177 0.025172 0.025171 0.025171 0.025171 0.025171 0.025171 0.025171 0.025171 0.025171 0.025171 0.025171 0.025171 0.025171 0.025171 0.025171 0.025171 0.025171 0.025171 0.025171 0.025171 0.025171 0.025171 0.025171 0.025171 0.025171 0.025171 0.025170 0.025165 0.025145 0.025069 0.024805 0.024013 0.021978 0.017622 0.010093 0.000000 
50.000000 31.845786 17.417740 8.180652 3.321845 1.178697 0.371115 0.106909 0.030827 0.011317 0.006817 0.005876 0.005696 0.005665 0.005660 0.005659 0.005659 0.005659 0.005659 0.005659 0.005659 0.005659 0.005659 0.005659 0.005659 0.005659 0.005659 0.005659 0.005659 0.005659 0.005659 0.005659 0.005659 0.005659 0.005659 0.005659 0.005659 0.005659 0.005659 0.005659 0.005658 0.005657 0.005653 0.005635 0.005573 0.005389 0.004923 0.003934 0.002245 0.000000 
50.000000 31.844133 17.414780 8.176865 3.317630 1.174296 0.366645 0.102417 0.026329 0.006817 0.002317 0.001376 0.001196 0.001165 0.001160 0.001159 0.001159 0.001159 0.001159 0.001159 0.001159 0.001159 0.001159 0.001159 0.001159 0.001159 0.001159 0.001159 0.001159 0.001159 0.001159 0.001159 0.001159 0.001159 0.001159 0.001159 0.001159 0.001159 0.001159 0.001159 0.001159 0.001158 0.001157 0.001154 0.001141 0.001102 0.001005 0.000801 0.000456 0.000000 
50.000000 31.843786 17.414160 8.176073 3.316748 1.173375 0.365710 0.101478 0.025388 0.005876 0.001376 0.000435 0.000255 0.000223 0.000218 0.000218 0.000217 0.000217 0.000217 0.000217 0.000217 0.000217 0.000217 0.000217 0.000217 0.000217 0.000217 0.000217 0.000217 0.000217 0.000217 0.000217 0.000217 0.000217 0.000217 0.000217 0.000217 0.000217 0.000217 0.000217 0.000217 0.000217 0.000217 0.000216 0.000214 0.000207 0.000188 0.000150 0.000085 0.000000 
50.000000 31.843720 17.414041 8.175921 3.316579 1.173199 0.365531 0.101298 0.025208 0.005696 0.001196 0.000255 0.000075 0.000044 0.000039 0.000038 0.000038 0.000038 0.000038 0.000038 0.000038 0.000038 0.000038 0.000038 0.000038 0.000038 0.000038 0.000038 0.000038 0.000038 0.000038 0.000038 0.000038 0.000038 0.000038 0.000038 0.000038 0.000038 0.000038 0.000038 0.000038 0.000038 0.000038 0.000037 0.000037 0.000036 0.000033 0.000026 0.000015 0.000000 
50.000000 31.843708 17.414021 8.175894 3.316550 1.173168 0.365500 0.101267 0.025177 0.005665 0.001165 0.000223 0.000044 0.000012 0.000007 0.000006 0.000006 0.000006 0.000006 0.000006 0.000006 0.000006 0.000006 0.000006 0.000006 0.000006 0.000006 0.000006 0.000006 0.000006 0.000006 0.000006 0.000006 0.000006 0.000006 0.000006 0.000006 0.000006 0.000006 0.000006 0.000006 0.000006 0.000006 0.000006 0.000006 0.000006 0.000005 0.000004 0.000002 0.000000 
50.000000 31.843706 17.414017 8.175890 3.316545 1.173163 0.365495 0.101262 0.025172 0.005660 0.001160 0.000218 0.000039 0.000007 0.000002 0.000001 0.000001 0.000001 0.000001 0.000001 0.000001 0.000001 0.000001 0.000001 0.000001 0.000001 0.000001 0.000001 0.000001 0.000001 0.000001 0.000001 0.000001 0.000001 0.000001 0.000001 0.000001 0.000001 0.000001 0.000001 0.000001 0.000001 0.000001 0.000001 0.000001 0.000001 0.000001 0.000001 0.000000 0.000000 
50.000000 31.843706 17.414017 8.175889 3.316544 1.173162 0.365494 0.101261 0.025171 0.005659 0.001159 0.000218 0.000038 0.000006 0.000001 0.000000 0.000000 0.000000 0.000000 0.000000 0.000000 0.000000 0.000000 0.000000 0.000000 0.000000 0.000000 0.000000 0.000000 0.000000 0.000000 0.000000 0.000000 0.000000 0.000000 0.000000 0.000000 0.000000 0.000000 0.000000 0.000000 0.000000 0.000000 0.000000 0.000000 0.000000 0.000000 0.000000 0.000000 0.000000 
50.000000 31.843706 17.414017 8.175889 3.316544 1.173162 0.365494 0.101261 0.025171 0.005659 0.001159 0.000217 0.000038 0.000006 0.000001 0.000000 0.000000 0.000000 0.000000 0.000000 0.000000 0.000000 0.000000 0.000000 0.000000 0.000000 0.000000 0.000000 0.000000 0.000000 0.000000 0.000000 0.000000 0.000000 0.000000 0.000000 0.000000 0.000000 0.000000 0.000000 0.000000 0.000000 0.000000 0.000000 0.000000 0.000000 0.000000 0.000000 0.000000 0.000000 
50.000000 31.843706 17.414017 8.175889 3.316544 1.173162 0.365494 0.101261 0.025171 0.005659 0.001159 0.000217 0.000038 0.000006 0.000001 0.000000 0.000000 0.000000 0.000000 0.000000 0.000000 0.000000 0.000000 0.000000 0.000000 0.000000 0.000000 0.000000 0.000000 0.000000 0.000000 0.000000 0.000000 0.000000 0.000000 0.000000 0.000000 0.000000 0.000000 0.000000 0.000000 0.000000 0.000000 0.000000 0.000000 0.000000 0.000000 0.000000 0.000000 0.000000 
50.000000 31.843706 17.414017 8.175889 3.316544 1.173162 0.365494 0.101261 0.025171 0.005659 0.001159 0.000217 0.000038 0.000006 0.000001 0.000000 0.000000 0.000000 0.000000 0.000000 0.000000 0.000000 0.000000 0.000000 0.000000 0.000000 0.000000 0.000000 0.000000 0.000000 0.000000 0.000000 0.000000 0.000000 0.000000 0.000000 0.000000 0.000000 0.000000 0.000000 0.000000 0.000000 0.000000 0.000000 0.000000 0.000000 0.000000 0.000000 0.000000 0.000000 
50.000000 31.843706 17.414017 8.175889 3.316544 1.173162 0.365494 0.101261 0.025171 0.005659 0.001159 0.000217 0.000038 0.000006 0.000001 0.000000 0.000000 0.000000 0.000000 0.000000 0.000000 0.000000 0.000000 0.000000 0.000000 0.000000 0.000000 0.000000 0.000000 0.000000 0.000000 0.000000 0.000000 0.000000 0.000000 0.000000 0.000000 0.000000 0.000000 0.000000 0.000000 0.000000 0.000000 0.000000 0.000000 0.000000 0.000000 0.000000 0.000000 0.000000 
50.000000 31.843706 17.414017 8.175889 3.316544 1.173162 0.365494 0.101261 0.025171 0.005659 0.001159 0.000217 0.000038 0.000006 0.000001 0.000000 0.000000 0.000000 0.000000 0.000000 0.000000 0.000000 0.000000 0.000000 0.000000 0.000000 0.000000 0.000000 0.000000 0.000000 0.000000 0.000000 0.000000 0.000000 0.000000 0.000000 0.000000 0.000000 0.000000 0.000000 0.000000 0.000000 0.000000 0.000000 0.000000 0.000000 0.000000 0.000000 0.000000 0.000000 
50.000000 31.843706 17.414017 8.175889 3.316544 1.173162 0.365494 0.101261 0.025171 0.005659 0.001159 0.000217 0.000038 0.000006 0.000001 0.000000 0.000000 0.000000 0.000000 0.000000 0.000000 0.000000 0.000000 0.000000 0.000000 0.000000 0.000000 0.000000 0.000000 0.000000 0.000000 0.000000 0.000000 0.000000 0.000000 0.000000 0.000000 0.000000 0.000000 0.000000 0.000000 0.000000 0.000000 0.000000 0.000000 0.000000 0.000000 0.000000 0.000000 0.000000 
50.000000 31.843706 17.414017 8.175889 3.316544 1.173162 0.365494 0.101261 0.025171 0.005659 0.001159 0.000217 0.000038 0.000006 0.000001 0.000000 0.000000 0.000000 0.000000 0.000000 0.000000 0.000000 0.000000 0.000000 0.000000 0.000000 0.000000 0.000000 0.000000 0.000000 0.000000 0.000000 0.000000 0.000000 0.000000 0.000000 0.000000 0.000000 0.000000 0.000000 0.000000 0.000000 0.000000 0.000000 0.000000 0.000000 0.000000 0.000000 0.000000 0.000000 
50.000000 31.843706 17.414017 8.175889 3.316544 1.173162 0.365494 0.101261 0.025171 0.005659 0.001159 0.000217 0.000038 0.000006 0.000001 0.000000 0.000000 0.000000 0.000000 0.000000 0.000000 0.000000 0.000000 0.000000 0.000000 0.000000 0.000000 0.000000 0.000000 0.000000 0.000000 0.000000 0.000000 0.000000 0.000000 0.000000 0.000000 0.000000 0.000000 0.000000 0.000000 0.000000 0.000000 0.000000 0.000000 0.000000 0.000000 0.000000 0.000000 0.000000 
50.000000 31.843706 17.414017 8.175889 3.316544 1.173162 0.365494 0.101261 0.025171 0.005659 0.001159 0.000217 0.000038 0.000006 0.000001 0.000000 0.000000 0.000000 0.000000 0.000000 0.000000 0.000000 0.000000 0.000000 0.000000 0.000000 0.000000 0.000000 0.000000 0.000000 0.000000 0.000000 0.000000 0.000000 0.000000 0.000000 0.000000 0.000000 0.000000 0.000000 0.000000 0.000000 0.000000 0.000000 0.000000 0.000000 0.000000 0.000000 0.000000 0.000000 
50.000000 31.843706 17.414017 8.175889 3.316544 1.173162 0.365494 0.101261 0.025171 0.005659 0.001159 0.000217 0.000038 0.000006 0.000001 0.000000 0.000000 0.000000 0.000000 0.000000 0.000000 0.000000 0.000000 0.000000 0.000000 0.000000 0.000000 0.000000 0.000000 0.000000 0.000000 0.000000 0.000000 0.000000 0.000000 0.000000 0.000000 0.000000 0.000000 0.000000 0.000000 0.000000 0.000000 0.000000 0.000000 0.000000 0.000000 0.000000 0.000000 0.000000 
50.000000 31.843706 17.414017 8.175889 3.316544 1.173162 0.365494 0.101261 0.025171 0.005659 0.001159 0.000217 0.000038 0.000006 0.000001 0.000000 0.000000 0.000000 0.000000 0.000000 0.000000 0.000000 0.000000 0.000000 0.000000 0.000000 0.000000 0.000000 0.000000 0.000000 0.000000 0.000000 0.000000 0.000000 0.000000 0.000000 0.000000 0.000000 0.000000 0.000000 0.000000 0.000000 0.000000 0.000000 0.000000 0.000000 0.000000 0.000000 0.000000 0.000000 
50.000000 31.843706 17.414017 8.175889 3.316544 1.173162 0.365494 0.101261 0.025171 0.005659 0.001159 0.000217 0.000038 0.000006 0.000001 0.000000 0.000000 0.000000 0.000000 0.000000 0.000000 0.000000 0.000000 0.000000 0.000000 0.000000 0.000000 0.000000 0.000000 0.000000 0.000000 0.000000 0.000000 0.000000 0.000000 0.000000 0.000000 0.000000 0.000000 0.000000 0.000000 0.000000 0.000000 0.000000 0.000000 0.000000 0.000000 0.000000 0.000000 0.000000 
50.000000 31.843706 17.414017 8.175889 3.316544 1.173162 0.365494 0.101261 0.025171 0.005659 0.001159 0.000217 0.000038 0.000006 0.000001 0.000000 0.000000 0.000000 0.000000 0.000000 0.000000 0.000000 0.000000 0.000000 0.000000 0.000000 0.000000 0.000000 0.000000 0.000000 0.000000 0.000000 0.000000 0.000000 0.000000 0.000000 0.000000 0.000000 0.000000 0.000000 0.000000 0.000000 0.000000 0.000000 0.000000 0.000000 0.000000 0.000000 0.000000 0.000000 
50.000000 31.843706 17.414017 8.175889 3.316544 1.173162 0.365494 0.101261 0.025171 0.005659 0.001159 0.000217 0.000038 0.000006 0.000001 0.000000 0.000000 0.000000 0.000000 0.000000 0.000000 0.000000 0.000000 0.000000 0.000000 0.000000 0.000000 0.000000 0.000000 0.000000 0.000000 0.000000 0.000000 0.000000 0.000000 0.000000 0.000000 0.000000 0.000000 0.000000 0.000000 0.000000 0.000000 0.000000 0.000000 0.000000 0.000000 0.000000 0.000000 0.000000 
50.000000 31.843706 17.414017 8.175889 3.316544 1.173162 0.365494 0.101261 0.025171 0.005659 0.001159 0.000217 0.000038 0.000006 0.000001 0.000000 0.000000 0.000000 0.000000 0.000000 0.000000 0.000000 0.000000 0.000000 0.000000 0.000000 0.000000 0.000000 0.000000 0.000000 0.000000 0.000000 0.000000 0.000000 0.000000 0.000000 0.000000 0.000000 0.000000 0.000000 0.000000 0.000000 0.000000 0.000000 0.000000 0.000000 0.000000 0.000000 0.000000 0.000000 
50.000000 31.843706 17.414017 8.175889 3.316544 1.173162 0.365494 0.101261 0.025171 0.005659 0.001159 0.000217 0.000038 0.000006 0.000001 0.000000 0.000000 0.000000 0.000000 0.000000 0.000000 0.000000 0.000000 0.000000 0.000000 0.000000 0.000000 0.000000 0.000000 0.000000 0.000000 0.000000 0.000000 0.000000 0.000000 0.000000 0.000000 0.000000 0.000000 0.000000 0.000000 0.000000 0.000000 0.000000 0.000000 0.000000 0.000000 0.000000 0.000000 0.000000 
50.000000 31.843706 17.414017 8.175889 3.316544 1.173162 0.365494 0.101261 0.025171 0.005659 0.001159 0.000217 0.000038 0.000006 0.000001 0.000000 0.000000 0.000000 0.000000 0.000000 0.000000 0.000000 0.000000 0.000000 0.000000 0.000000 0.000000 0.000000 0.000000 0.000000 0.000000 0.000000 0.000000 0.000000 0.000000 0.000000 0.000000 0.000000 0.000000 0.000000 0.000000 0.000000 0.000000 0.000000 0.000000 0.000000 0.000000 0.000000 0.000000 0.000000 
50.000000 31.843706 17.414017 8.175889 3.316544 1.173162 0.365494 0.101261 0.025171 0.005659 0.001159 0.000217 0.000038 0.000006 0.000001 0.000000 0.000000 0.000000 0.000000 0.000000 0.000000 0.000000 0.000000 0.000000 0.000000 0.000000 0.000000 0.000000 0.000000 0.000000 0.000000 0.000000 0.000000 0.000000 0.000000 0.000000 0.000000 0.000000 0.000000 0.000000 0.000000 0.000000 0.000000 0.000000 0.000000 0.000000 0.000000 0.000000 0.000000 0.000000 
50.000000 31.843706 17.414017 8.175889 3.316544 1.173162 0.365494 0.101261 0.025171 0.005659 0.001159 0.000218 0.000038 0.000006 0.000001 0.000000 0.000000 0.000000 0.000000 0.000000 0.000000 0.000000 0.000000 0.000000 0.000000 0.000000 0.000000 0.000000 0.000000 0.000000 0.000000 0.000000 0.000000 0.000000 0.000000 0.000000 0.000000 0.000000 0.000000 0.000000 0.000000 0.000000 0.000000 0.000000 0.000000 0.000000 0.000000 0.000000 0.000000 0.000000 
50.000000 31.843706 17.414017 8.175890 3.316545 1.173163 0.365495 0.101262 0.025172 0.005660 0.001160 0.000218 0.000039 0.000007 0.000002 0.000001 0.000001 0.000001 0.000001 0.000001 0.000001 0.000001 0.000001 0.000001 0.000001 0.000001 0.000001 0.000001 0.000001 0.000001 0.000001 0.000001 0.000001 0.000001 0.000001 0.000001 0.000001 0.000001 0.000001 0.000001 0.000001 0.000001 0.000001 0.000001 0.000001 0.000001 0.000001 0.000001 0.000000 0.000000 
50.000000 31.843708 17.414021 8.175894 3.316550 1.173168 0.365500 0.101267 0.025177 0.005665 0.001165 0.000223 0.000044 0.000012 0.000007 0.000006 0.000006 0.000006 0.000006 0.000006 0.000006 0.000006 0.000006 0.000006 0.000006 0.000006 0.000006 0.000006 0.000006 0.000006 0.000006 0.000006 0.000006 0.000006 0.000006 0.000006 0.000006 0.000006 0.000006 0.000006 0.000006 0.000006 0.000006 0.000006 0.000006 0.000006 0.000005 0.000004 0.000002 0.000000 
50.000000 31.843720 17.414041 8.175921 3.316579 1.173199 0.365531 0.101298 0.025208 0.005696 0.001196 0.000255 0.000075 0.000044 0.000039 0.000038 0.000038 0.000038 0.000038 0.000038 0.000038 0.000038 0.000038 0.000038 0.000038 0.000038 0.000038 0.000038 0.000038 0.000038 0.000038 0.000038 0.000038 0.000038 0.000038 0.000038 0.000038 0.000038 0.000038 0.000038 0.000038 0.000038 0.000038 0.000037 0.000037 0.000036 0.000033 0.000026 0.000015 0.000000 
50.000000 31.843786 17.414160 8.176073 3.316748 1.173375 0.365710 0.101478 0.025388 0.005876 0.001376 0.000435 0.000255 0.000223 0.000218 0.000218 0.000217 0.000217 0.000217 0.000217 0.000217 0.000217 0.000217 0.000217 0.000217 0.000217 0.000217 0.000217 0.000217 0.000217 0.000217 0.000217 0.000217 0.000217 0.000217 0.000217 0.000217 0.000217 0.000217 0.000217 0.000217 0.000217 0.000217 0.000216 0.000214 0.000207 0.000188 0.000150 0.000085 0.000000 
50.000000 31.844133 17.414780 8.176865 3.317630 1.174296 0.366645 0.102417 0.026329 0.006817 0.002317 0.001376 0.001196 0.001165 0.001160 0.001159 0.001159 0.001159 0.001159 0.001159 0.001159 0.001159 0.001159 0.001159 0.001159 0.001159 0.001159 0.001159 0.001159 0.001159 0.001159 0.001159 0.001159 0.001159 0.001159 0.001159 0.001159 0.001159 0.001159 0.001159 0.001159 0.001158 0.001157 0.001154 0.001141 0.001102 0.001005 0.000801 0.000456 0.000000 
50.000000 31.845786 17.417740 8.180652 3.321845 1.178697 0.371115 0.106909 0.030827 0.011317 0.006817 0.005876 0.005696 0.005665 0.005660 0.005659 0.005659 0.005659 0.005659 0.005659 0.005659 0.005659 0.005659 0.005659 0.005659 0.005659 0.005659 0.005659 0.005659 0.005659 0.005659 0.005659 0.005659 0.005659 0.005659 0.005659 0.005659 0.005659 0.005659 0.005659 0.005658 0.005657 0.005653 0.005635 0.005573 0.005389 0.004923 0.003934 0.002245 0.000000 
50.000000 31.852942 17.430554 8.197055 3.340114 1.197776 0.390494 0.126385 0.050330 0.030827 0.026329 0.025388 0.025208 0.025177 0.025172 0.025171 0.025171 0.025171 0.025171 0.025171 0.025171 0.025171 0.025171 0.025171 0.025171 0.025171 0.025171 0.025171 0.025171 0.025171 0.025171 0.025171 0.025171 0.025171 0.025171 0.025171 0.025171 0.025171 0.025171 0.025171 0.025170 0.025165 0.025145 0.025069 0.024805 0.024013 0.021978 0.017622 0.010093 0.000000 
50.000000 31.880795 17.480453 8.260963 3.411317 1.272158 0.466060 0.202332 0.126385 0.106909 0.102417 0.101478 0.101298 0.101267 0.101262 0.101261 0.101261 0.101261 0.101261 0.101261 0.101261 0.101261 0.101261 0.101261 0.101261 0.101261 0.101261 0.101261 0.101261 0.101261 0.101261 0.101261 0.101261 0.101261 0.101261 0.101261 0.101261 0.101261 0.101261 0.101260 0.101256 0.101240 0.101166 0.100877 0.099870 0.096813 0.088860 0.071568 0.041202 0.000000 
50.000000 31.977349 17.653498 8.482694 3.658458 1.530404 0.728447 0.466060 0.390494 0.371115 0.366645 0.365710 0.365531 0.365500 0.365495 0.365494 0.365494 0.365494 0.365494 0.365494 0.365494 0.365494 0.365494 0.365494 0.365494 0.365494 0.365494 0.365494 0.365494 0.365494 0.365494 0.365494 0.365494 0.365494 0.365494 0.365494 0.365494 0.365494 0.365494 0.365491 0.365480 0.365425 0.365183 0.364224 0.360848 0.350448 0.322902 0.261735 0.151847 0.000000 
50.000000 32.271982 18.181744 9.159870 4.413526 2.319599 1.530404 1.272158 1.197776 1.178697 1.174296 1.173375 1.173199 1.173168 1.173163 1.173162 1.173162 1.173162 1.173162 1.173162 1.173162 1.173162 1.173162 1.173162 1.173162 1.173162 1.173162 1.173162 1.173162 1.173162 1.173162 1.173162 1.173162 1.173162 1.173162 1.173162 1.173162 1.173162 1.173161 1.173155 1.173124 1.172970 1.172288 1.169556 1.159799 1.129158 1.046009 0.855824 0.502532 0.000000 
50.000000 33.052651 19.581900 10.955525 6.416440 4.413526 3.658458 3.411317 3.340114 3.321845 3.317630 3.316748 3.316579 3.316550 3.316545 3.316544 3.316544 3.316544 3.316544 3.316544 3.316544 3.316544 3.316544 3.316544 3.316544 3.316544 3.316544 3.316544 3.316544 3.316544 3.316544 3.316544 3.316544 3.316544 3.316544 3.316544 3.316544 3.316544 3.316541 3.316528 3.316456 3.316101 3.314504 3.308009 3.284368 3.208220 2.994633 2.484927 1.488494 0.000000 
50.000000 34.820041 22.752781 15.023610 10.955525 9.159870 8.482694 8.260963 8.197055 8.180652 8.176865 8.176073 8.175921 8.175894 8.175890 8.175889 8.175889 8.175889 8.175889 8.175889 8.175889 8.175889 8.175889 8.175889 8.175889 8.175889 8.175889 8.175889 8.175889 8.175889 8.175889 8.175889 8.175889 8.175889 8.175889 8.175889 8.175889 8.175889 8.175884 8.175860 8.175730 8.175077 8.172104 8.159792 8.113861 7.960892 7.511805 6.371484 3.953237 0.000000 
50.000000 38.176035 28.775391 22.752781 19.581900 18.181744 17.653498 17.480453 17.430554 17.417740 17.414780 17.414160 17.414041 17.414021 17.414017 17.414017 17.414017 17.414017 17.414017 17.414017 17.414017 17.414017 17.414017 17.414017 17.414017 17.414017 17.414017 17.414017 17.414017 17.414017 17.414017 17.414017 17.414017 17.414017 17.414017 17.414017 17.414016 17.414016 17.414010 17.413979 17.413805 17.412932 17.408885 17.391763 17.325921 17.096973 16.381297 14.387696 9.541574 0.000000 
50.000000 43.413335 38.176035 34.820041 33.052651 32.271982 31.977349 31.880795 31.852942 31.845786 31.844133 31.843786 31.843720 31.843708 31.843706 31.843706 31.843706 31.843706 31.843706 31.843706 31.843706 31.843706 31.843706 31.843706 31.843706 31.843706 31.843706 31.843706 31.843706 31.843706 31.843706 31.843706 31.843706 31.843706 31.843706 31.843706 31.843706 31.843705 31.843701 31.843676 31.843541 31.842849 31.839593 31.825502 31.769450 31.564157 30.866804 28.634462 21.706668 0.000000 
50.000000 50.000000 50.000000 50.000000 50.000000 50.000000 50.000000 50.000000 50.000000 50.000000 50.000000 50.000000 50.000000 50.000000 50.000000 50.000000 50.000000 50.000000 50.000000 50.000000 50.000000 50.000000 50.000000 50.000000 50.000000 50.000000 50.000000 50.000000 50.000000 50.000000 50.000000 50.000000 50.000000 50.000000 50.000000 50.000000 50.000000 50.000000 50.000000 50.000000 50.000000 50.000000 50.000000 50.000000 50.000000 50.000000 50.000000 50.000000 50.000000 50.000000 
