50.000000 50.000000 50.000000 50.000000 50.000000 50.000000 50.000000 50.000000 50.000000 50.000000 50.000000 50.000000 50.000000 50.000000 50.000000 50.000000 50.000000 50.000000 50.000000 50.000000 50.000000 50.000000 50.000000 50.000000 50.000000 50.000000 50.000000 50.000000 50.000000 50.000000 50.000000 50.000000 50.000000 50.000000 50.000000 50.000000 50.000000 50.000000 50.000000 50.000000 50.000000 50.000000 50.000000 50.000000 50.000000 50.000000 50.000000 50.000000 50.000000 50.000000 
50.000000 48.884423 47.807911 46.805431 45.904461 45.122875 44.468310 43.938979 43.525542 43.213566 42.986055 42.825658 42.716296 42.644155 42.598095 42.569620 42.552566 42.542668 42.537097 42.534056 42.532444 42.531615 42.531201 42.530999 42.530903 42.530857 42.530832 42.530811 42.530778 42.530714 42.530580 42.530303 42.529740 42.528625 42.526463 42.522369 42.514783 42.501016 42.476511 42.433648 42.359772 42.233849 42.020478 41.658403 41.036448 39.937740 37.895564 33.776826 24.442211 0.000000 
50.000000 47.807911 45.692587 43.722733 41.952350 40.416553 39.130355 38.090239 37.277853 36.664834 36.217789 35.902619 35.687731 35.545980 35.455477 35.399525 35.366017 35.346568 35.335622 35.329647 35.326481 35.324852 35.324037 35.323641 35.323453 35.323362 35.323313 35.323273 35.323212 35.323091 35.322840 35.322320 35.321266 35.319179 35.315144 35.307516 35.293417 35.267908 35.222683 35.143987 35.009294 34.781914 34.401938 33.770421 32.720454 30.962374 27.979562 22.846293 14.031085 0.000000 
50.000000 46.805431 43.722733 40.852037 38.272037 36.033909 34.159530 32.643773 31.459892 30.566551 29.915085 29.455800 29.142654 28.936089 28.804205 28.722672 28.673843 28.645503 28.629553 28.620846 28.616232 28.613859 28.612672 28.612095 28.611821 28.611690 28.611619 28.611562 28.611479 28.611316 28.610977 28.610276 28.608859 28.606059 28.600659 28.590482 28.571744 28.538004 28.478548 28.375886 28.201953 27.912303 27.437215 26.668021 25.436248 23.483539 20.426018 15.743171 8.909867 0.000000 
50.000000 45.904461 41.952350 38.272037 34.964415 32.095091 29.692111 27.748902 26.231168 25.085915 24.250750 23.661962 23.260523 22.995718 22.826653 22.722135 22.659542 22.623212 22.602767 22.591606 22.585692 22.582650 22.581129 22.580390 22.580038 22.579871 22.579782 22.579713 22.579616 22.579427 22.579037 22.578233 22.576610 22.573412 22.567265 22.555729 22.534592 22.496763 22.430597 22.317425 22.127978 21.817365 21.318193 20.531606 19.316805 17.482207 14.788498 10.989976 5.966722 0.000000 
50.000000 45.122875 40.416553 36.033909 32.095091 28.678228 25.816715 23.502720 21.695399 20.331642 19.337143 18.636034 18.158018 17.842705 17.641395 17.516945 17.442416 17.399159 17.374816 17.361527 17.354487 17.350864 17.349054 17.348174 17.347755 17.347557 17.347455 17.347378 17.347275 17.347079 17.346674 17.345843 17.344172 17.340891 17.334608 17.322872 17.301491 17.263485 17.197564 17.085966 16.901529 16.603942 16.135275 15.415427 14.339114 12.778286 10.597661 7.696099 4.086426 0.000000 
50.000000 44.468310 39.130355 34.159530 29.692111 25.816715 22.571214 19.946721 17.896907 16.350186 15.222275 14.427120 13.884992 13.527393 13.299089 13.157954 13.073433 13.024379 12.996774 12.981704 12.973720 12.969613 12.967560 12.966562 12.966088 12.965865 12.965751 12.965672 12.965570 12.965381 12.964994 12.964203 12.962617 12.959516 12.953602 12.942613 12.922714 12.887600 12.827224 12.726083 12.561049 12.298874 11.893724 11.285607 10.401288 9.160505 7.491509 5.359933 2.809907 0.000000 
50.000000 43.938979 38.090239 32.643773 27.748902 23.502720 19.946721 17.071165 14.825281 13.130629 11.894856 11.023671 10.429714 10.037933 9.787810 9.633189 9.540594 9.486854 9.456613 9.440104 9.431358 9.426859 9.424610 9.423517 9.422999 9.422756 9.422635 9.422555 9.422460 9.422289 9.421944 9.421240 9.419834 9.417095 9.411898 9.402291 9.385005 9.354725 9.303114 9.217543 9.079611 8.863646 8.535583 8.052997 7.367444 6.430709 5.206558 3.688301 1.918502 0.000000 
50.000000 43.525542 37.277853 31.459892 26.231168 21.695399 17.896907 14.825281 12.426282 10.616112 9.296116 8.365567 7.731145 7.312679 7.045523 6.880374 6.781477 6.724080 6.691782 6.674151 6.664810 6.660005 6.657604 6.656437 6.655884 6.655626 6.655500 6.655422 6.655337 6.655192 6.654900 6.654310 6.653135 6.650856 6.646552 6.638641 6.624493 6.599891 6.558310 6.490041 6.381248 6.213141 5.961636 5.598034 5.091457 4.413803 3.547589 2.495939 1.291693 0.000000 
50.000000 43.213566 36.664834 30.566551 25.085915 20.331642 16.350186 13.130629 10.616112 8.718795 7.335264 6.359937 5.694993 5.256401 4.976400 4.803313 4.699664 4.639511 4.605661 4.587184 4.577395 4.572360 4.569844 4.568621 4.568042 4.567773 4.567644 4.567569 4.567496 4.567378 4.567144 4.566675 4.565744 4.563947 4.560568 4.554391 4.543412 4.524453 4.492666 4.440952 4.359398 4.234864 4.051017 3.789136 3.430113 2.957938 2.364598 1.655539 0.853793 0.000000 
50.000000 42.986055 36.217789 29.915085 24.250750 19.337143 15.222275 11.894856 9.296116 7.335264 5.905416 4.897447 4.210257 3.756996 3.467634 3.288763 3.181652 3.119490 3.084511 3.065417 3.055302 3.050099 3.047499 3.046236 3.045638 3.045361 3.045230 3.045159 3.045098 3.045005 3.044827 3.044471 3.043770 3.042420 3.039894 3.035300 3.027183 3.013260 2.990088 2.952708 2.894312 2.806075 2.677313 2.496191 2.251177 1.933325 1.539199 1.073801 0.552407 0.000000 
50.000000 42.825658 35.902619 29.455800 23.661962 18.636034 14.427120 11.023671 8.365567 6.359937 4.897447 3.866476 3.163611 2.700014 2.404058 2.221113 2.111563 2.047986 2.012212 1.992684 1.982339 1.977018 1.974359 1.973067 1.972457 1.972174 1.972043 1.971976 1.971924 1.971854 1.971724 1.971466 1.970960 1.969992 1.968188 1.964923 1.959185 1.949404 1.933238 1.907359 1.867271 1.807258 1.720557 1.599896 1.438469 1.231365 0.977253 0.679936 0.349147 0.000000 
50.000000 42.716296 35.687731 29.142654 23.260523 18.158018 13.884992 10.429714 7.731145 5.694993 4.210257 3.163611 2.450064 1.979426 1.678977 1.493256 1.382045 1.317505 1.281189 1.261366 1.250865 1.245463 1.242764 1.241453 1.240833 1.240547 1.240416 1.240352 1.240309 1.240257 1.240165 1.239986 1.239637 1.238971 1.237736 1.235512 1.231623 1.225032 1.214207 1.196998 1.170540 1.131254 1.074989 0.997392 0.894533 0.763760 0.604650 0.419823 0.215280 0.000000 
50.000000 42.644155 35.545980 28.936089 22.995718 17.842705 13.527393 10.037933 7.312679 5.256401 3.756996 2.700014 1.979426 1.504147 1.200737 1.013187 0.900881 0.835707 0.799034 0.779016 0.768412 0.762958 0.760232 0.758908 0.758283 0.757995 0.757864 0.757802 0.757765 0.757727 0.757664 0.757545 0.757313 0.756874 0.756062 0.754606 0.752073 0.747803 0.740829 0.729813 0.712989 0.688186 0.652929 0.604679 0.541214 0.461126 0.364345 0.252563 0.129372 0.000000 
50.000000 42.598095 35.455477 28.804205 22.826653 17.641395 13.299089 9.787810 7.045523 4.976400 3.467634 2.404058 1.678977 1.200737 0.895438 0.706721 0.593718 0.528139 0.491238 0.471097 0.460427 0.454939 0.452197 0.450865 0.450236 0.449946 0.449815 0.449755 0.449723 0.449695 0.449653 0.449576 0.449429 0.449150 0.448636 0.447719 0.446130 0.443465 0.439136 0.432334 0.422009 0.406882 0.385519 0.356476 0.318523 0.270924 0.213723 0.147960 0.075726 0.000000 
50.000000 42.569620 35.399525 28.722672 22.722135 17.516945 13.157954 9.633189 6.880374 4.803313 3.288763 2.221113 1.493256 1.013187 0.706721 0.517284 0.403850 0.338021 0.300981 0.280762 0.270052 0.264543 0.261790 0.260454 0.259822 0.259532 0.259401 0.259342 0.259313 0.259292 0.259265 0.259217 0.259126 0.258955 0.258642 0.258085 0.257125 0.255520 0.252925 0.248869 0.242745 0.233822 0.221291 0.204352 0.182337 0.154870 0.122013 0.084381 0.043157 0.000000 
50.000000 42.552566 35.366017 28.673843 22.659542 17.442416 13.073434 9.540594 6.781477 4.699664 3.181652 2.111563 1.382045 0.900881 0.593718 0.403850 0.290159 0.224180 0.187056 0.166792 0.156057 0.150536 0.147777 0.146437 0.145804 0.145514 0.145383 0.145325 0.145298 0.145281 0.145263 0.145234 0.145180 0.145079 0.144895 0.144569 0.144008 0.143074 0.141571 0.139232 0.135717 0.130621 0.123499 0.113918 0.101525 0.086129 0.067784 0.046837 0.023942 0.000000 
50.000000 42.542668 35.346568 28.645503 22.623212 17.399159 13.024379 9.486854 6.724081 4.639511 3.119490 2.047987 1.317506 0.835707 0.528139 0.338022 0.224181 0.158116 0.120942 0.100652 0.089903 0.084375 0.081612 0.080271 0.079637 0.079346 0.079216 0.079158 0.079133 0.079119 0.079107 0.079090 0.079058 0.079001 0.078896 0.078711 0.078394 0.077869 0.077027 0.075721 0.073767 0.070946 0.067021 0.061762 0.054988 0.046603 0.036644 0.025302 0.012928 0.000000 
50.000000 42.537097 35.335622 28.629553 22.602768 17.374817 12.996774 9.456613 6.691783 4.605662 3.084512 2.012213 1.281190 0.799035 0.491239 0.300981 0.187056 0.120943 0.083742 0.063437 0.052680 0.047148 0.044383 0.043041 0.042407 0.042116 0.041985 0.041928 0.041903 0.041891 0.041883 0.041873 0.041855 0.041823 0.041766 0.041664 0.041491 0.041205 0.040747 0.040041 0.038988 0.037474 0.035374 0.032572 0.028974 0.024536 0.019278 0.013303 0.006794 0.000000 
50.000000 42.534056 35.329647 28.620847 22.591607 17.361529 12.981706 9.440106 6.674153 4.587186 3.065420 1.992687 1.261368 0.779019 0.471099 0.280765 0.166794 0.100654 0.063438 0.043125 0.032364 0.026830 0.024064 0.022721 0.022087 0.021796 0.021665 0.021608 0.021584 0.021573 0.021566 0.021560 0.021550 0.021533 0.021503 0.021449 0.021357 0.021206 0.020965 0.020595 0.020044 0.019255 0.018165 0.016714 0.014857 0.012572 0.009871 0.006808 0.003476 0.000000 
50.000000 42.532446 35.326483 28.616235 22.585696 17.354491 12.973725 9.431364 6.664816 4.577401 3.055308 1.982346 1.250871 0.768418 0.460433 0.270059 0.156063 0.089910 0.052686 0.032368 0.021605 0.016069 0.013303 0.011960 0.011326 0.011034 0.010904 0.010847 0.010823 0.010813 0.010807 0.010803 0.010798 0.010789 0.010773 0.010745 0.010698 0.010621 0.010498 0.010309 0.010030 0.009630 0.009080 0.008349 0.007417 0.006272 0.004922 0.003394 0.001732 0.000000 
50.000000 42.531618 35.324857 28.613866 22.582659 17.350876 12.969625 9.426873 6.660020 4.572375 3.050115 1.977034 1.245479 0.762974 0.454955 0.264559 0.150552 0.084391 0.047163 0.026843 0.016079 0.010543 0.007776 0.006433 0.005799 0.005507 0.005377 0.005320 0.005296 0.005286 0.005281 0.005278 0.005275 0.005271 0.005263 0.005249 0.005225 0.005187 0.005126 0.005032 0.004894 0.004697 0.004426 0.004068 0.003612 0.003053 0.002395 0.001650 0.000842 0.000000 
50.000000 42.531207 35.324050 28.612690 22.581152 17.349081 12.967591 9.424644 6.657640 4.569881 3.047537 1.974398 1.242804 0.760272 0.452237 0.261831 0.147817 0.081653 0.044423 0.024102 0.013337 0.007800 0.005034 0.003690 0.003056 0.002765 0.002634 0.002578 0.002554 0.002544 0.002539 0.002537 0.002535 0.002533 0.002529 0.002522 0.002510 0.002492 0.002462 0.002416 0.002349 0.002254 0.002123 0.001950 0.001730 0.001462 0.001146 0.000790 0.000403 0.000000 
50.000000 42.531015 35.323671 28.612139 22.580445 17.348239 12.966636 9.423598 6.656523 4.568711 3.046328 1.973162 1.241548 0.759005 0.450961 0.260551 0.146534 0.080368 0.043137 0.022816 0.012051 0.006514 0.003747 0.002404 0.001769 0.001478 0.001348 0.001291 0.001267 0.001257 0.001253 0.001251 0.001250 0.001248 0.001246 0.001243 0.001237 0.001227 0.001213 0.001190 0.001156 0.001109 0.001044 0.000959 0.000850 0.000718 0.000563 0.000388 0.000198 0.000000 
50.000000 42.530939 35.323523 28.611923 22.580168 17.347909 12.966262 9.423188 6.656085 4.568252 3.045854 1.972677 1.241057 0.758508 0.450462 0.260049 0.146031 0.079864 0.042634 0.022312 0.011547 0.006010 0.003243 0.001900 0.001265 0.000974 0.000844 0.000787 0.000763 0.000753 0.000749 0.000747 0.000746 0.000745 0.000744 0.000742 0.000738 0.000732 0.000723 0.000710 0.000690 0.000661 0.000622 0.000571 0.000506 0.000427 0.000335 0.000231 0.000118 0.000000 
50.000000 42.530939 35.323523 28.611923 22.580168 17.347909 12.966262 9.423188 6.656085 4.568252 3.045854 1.972677 1.241057 0.758508 0.450462 0.260049 0.146031 0.079864 0.042634 0.022312 0.011547 0.006010 0.003243 0.001900 0.001265 0.000974 0.000844 0.000787 0.000763 0.000753 0.000749 0.000747 0.000746 0.000745 0.000744 0.000742 0.000738 0.000732 0.000723 0.000710 0.000690 0.000661 0.000622 0.000571 0.000506 0.000427 0.000335 0.000231 0.000118 0.000000 
50.000000 42.531015 35.323671 28.612139 22.580445 17.348239 12.966636 9.423598 6.656523 4.568711 3.046328 1.973162 1.241548 0.759005 0.450961 0.260551 0.146534 0.080368 0.043137 0.022816 0.012051 0.006514 0.003747 0.002404 0.001769 0.001478 0.001348 0.001291 0.001267 0.001257 0.001253 0.001251 0.001250 0.001248 0.001246 0.001243 0.001237 0.001227 0.001213 0.001190 0.001156 0.001109 0.001044 0.000959 0.000850 0.000718 0.000563 0.000388 0.000198 0.000000 
50.000000 42.531207 35.324050 28.612690 22.581152 17.349081 12.967591 9.424644 6.657640 4.569881 3.047537 1.974398 1.242804 0.760272 0.452237 0.261831 0.147817 0.081653 0.044423 0.024102 0.013337 0.007800 0.005034 0.003690 0.003056 0.002765 0.002634 0.002578 0.002554 0.002544 0.002539 0.002537 0.002535 0.002533 0.002529 0.002522 0.002510 0.002492 0.002462 0.002416 0.002349 0.002254 0.002123 0.001950 0.001730 0.001462 0.001146 0.000790 0.000403 0.000000 
50.000000 42.531618 35.324857 28.613866 22.582659 17.350876 12.969625 9.426873 6.660020 4.572375 3.050115 1.977034 1.245479 0.762974 0.454955 0.264559 0.150552 0.084391 0.047163 0.026843 0.016079 0.010543 0.007776 0.006433 0.005799 0.005507 0.005377 0.005320 0.005296 0.005286 0.005281 0.005278 0.005275 0.005271 0.005263 0.005249 0.005225 0.005187 0.005126 0.005032 0.004894 0.004697 0.004426 0.004068 0.003612 0.003053 0.002395 0.001650 0.000842 0.000000 
50.000000 42.532446 35.326483 28.616235 22.585696 17.354491 12.973725 9.431364 6.664816 4.577401 3.055308 1.982346 1.250871 0.768418 0.460433 0.270059 0.156063 0.089910 0.052686 0.032368 0.021605 0.016069 0.013303 0.011960 0.011326 0.011034 0.010904 0.010847 0.010823 0.010813 0.010807 0.010803 0.010798 0.010789 0.010773 0.010745 0.010698 0.010621 0.010498 0.010309 0.010030 0.009630 0.009080 0.008349 0.007417 0.006272 0.004922 0.003394 0.001732 0.000000 
50.000000 42.534056 35.329647 28.620847 22.591607 17.361529 12.981706 9.440106 6.674153 4.587186 3.065420 1.992687 1.261368 0.779019 0.471099 0.280765 0.166794 0.100654 0.063438 0.043125 0.032364 0.026830 0.024064 0.022721 0.022087 0.021796 0.021665 0.021608 0.021584 0.021573 0.021566 0.021560 0.021550 0.021533 0.021503 0.021449 0.021357 0.021206 0.020965 0.020595 0.020044 0.019255 0.018165 0.016714 0.014857 0.012572 0.009871 0.006808 0.003476 0.000000 
50.000000 42.537097 35.335622 28.629553 22.602768 17.374817 12.996774 9.456613 6.691783 4.605662 3.084512 2.012213 1.281190 0.799035 0.491239 0.300981 0.187056 0.120943 0.083742 0.063437 0.052680 0.047148 0.044383 0.043041 0.042407 0.042116 0.041985 0.041928 0.041903 0.041891 0.041883 0.041873 0.041855 0.041823 0.041766 0.041664 0.041491 0.041205 0.040747 0.040041 0.038988 0.037474 0.035374 0.032572 0.028974 0.024536 0.019278 0.013303 0.006794 0.000000 
50.000000 42.542668 35.346568 28.645503 22.623212 17.399159 13.024379 9.486854 6.724081 4.639511 3.119490 2.047987 1.317506 0.835707 0.528139 0.338022 0.224181 0.158116 0.120942 0.100652 0.089903 0.084375 0.081612 0.080271 0.079637 0.079346 0.079216 0.079158 0.079133 0.079119 0.079107 0.079090 0.079058 0.079001 0.078896 0.078711 0.078394 0.077869 0.077027 0.075721 0.073767 0.070946 0.067021 0.061762 0.054988 0.046603 0.036644 0.025302 0.012928 0.000000 
50.000000 42.552566 35.366017 28.673843 22.659542 17.442416 13.073434 9.540594 6.781477 4.699664 3.181652 2.111563 1.382045 0.900881 0.593718 0.403850 0.290159 0.224180 0.187056 0.166792 0.156057 0.150536 0.147777 0.146437 0.145804 0.145514 0.145383 0.145325 0.145298 0.145281 0.145263 0.145234 0.145180 0.145079 0.144895 0.144569 0.144008 0.143074 0.141571 0.139232 0.135717 0.130621 0.123499 0.113918 0.101525 0.086129 0.067784 0.046837 0.023942 0.000000 
50.000000 42.569620 35.399525 28.722672 22.722135 17.516945 13.157954 9.633189 6.880374 4.803313 3.288763 2.221113 1.493256 1.013187 0.706721 0.517284 0.403850 0.338021 0.300981 0.280762 0.270052 0.264543 0.261790 0.260454 0.259822 0.259532 0.259401 0.259342 0.259313 0.259292 0.259265 0.259217 0.259126 0.258955 0.258642 0.258085 0.257125 0.255520 0.252925 0.248869 0.242745 0.233822 0.221291 0.204352 0.182337 0.154870 0.122013 0.084381 0.043157 0.000000 
50.000000 42.598095 35.455477 28.804205 22.826653 17.641395 13.299089 9.787810 7.045523 4.976400 3.467634 2.404058 1.678977 1.200737 0.895438 0.706721 0.593718 0.528139 0.491238 0.471097 0.460427 0.454939 0.452197 0.450865 0.450236 0.449946 0.449815 0.449755 0.449723 0.449695 0.449653 0.449576 0.449429 0.449150 0.448636 0.447719 0.446130 0.443465 0.439136 0.432334 0.422009 0.406882 0.385519 0.356476 0.318523 0.270924 0.213723 0.147960 0.075726 0.000000 
50.000000 42.644155 35.545980 28.936089 22.995718 17.842705 13.527393 10.037933 7.312679 5.256401 3.756996 2.700014 1.979426 1.504147 1.200737 1.013187 0.900881 0.835707 0.799034 0.779016 0.768412 0.762958 0.760232 0.758908 0.758283 0.757995 0.757864 0.757802 0.757765 0.757727 0.757664 0.757545 0.757313 0.756874 0.756062 0.754606 0.752073 0.747803 0.740829 0.729813 0.712989 0.688186 0.652929 0.604679 0.541214 0.461126 0.364345 0.252563 0.129372 0.000000 
50.000000 42.716296 35.687731 29.142654 23.260523 18.158018 13.884992 10.429714 7.731145 5.694993 4.210257 3.163611 2.450064 1.979426 1.678977 1.493256 1.382045 1.317505 1.281189 1.261366 1.250865 1.245463 1.242764 1.241453 1.240833 1.240547 1.240416 1.240352 1.240309 1.240257 1.240165 1.239986 1.239637 1.238971 1.237736 1.235512 1.231623 1.225032 1.214207 1.196998 1.170540 1.131254 1.074989 0.997392 0.894533 0.763760 0.604650 0.419823 0.215280 0.000000 
50.000000 42.825658 35.902619 29.455800 23.661962 18.636034 14.427120 11.023671 8.365567 6.359937 4.897447 3.866476 3.163611 2.700014 2.404058 2.221113 2.111563 2.047986 2.012212 1.992684 1.982339 1.977018 1.974359 1.973067 1.972457 1.972174 1.972043 1.971976 1.971924 1.971854 1.971724 1.971466 1.970960 1.969992 1.968188 1.964923 1.959185 1.949404 1.933238 1.907359 1.867271 1.807258 1.720557 1.599896 1.438469 1.231365 0.977253 0.679936 0.349147 0.000000 
50.000000 42.986055 36.217789 29.915085 24.250750 19.337143 15.222275 11.894856 9.296116 7.335264 5.905416 4.897447 4.210257 3.756996 3.467634 3.288763 3.181652 3.119490 3.084511 3.065417 3.055302 3.050099 3.047499 3.046236 3.045638 3.045361 3.045230 3.045159 3.045098 3.045005 3.044827 3.044471 3.043770 3.042420 3.039894 3.035300 3.027183 3.013260 2.990088 2.952708 2.894312 2.806075 2.677313 2.496191 2.251177 1.933325 1.539199 1.073801 0.552407 0.000000 
50.000000 43.213566 36.664834 30.566551 25.085915 20.331642 16.350186 13.130629 10.616112 8.718795 7.335264 6.359937 5.694993 5.256401 4.976400 4.803313 4.699664 4.639511 4.605661 4.587184 4.577395 4.572360 4.569844 4.568621 4.568042 4.567773 4.567644 4.567569 4.567496 4.567378 4.567144 4.566675 4.565744 4.563947 4.560568 4.554391 4.543412 4.524453 4.492666 4.440952 4.359398 4.234864 4.051017 3.789136 3.430113 2.957938 2.364598 1.655539 0.853793 0.000000 
50.000000 43.525542 37.277853 31.459892 26.231168 21.695399 17.896907 14.825281 12.426282 10.616112 9.296116 8.365567 7.731145 7.312679 7.045523 6.880374 6.781477 6.724080 6.691782 6.674151 6.664810 6.660005 6.657604 6.656437 6.655884 6.655626 6.655500 6.655422 6.655337 6.655192 6.654900 6.654310 6.653135 6.650856 6.646552 6.638641 6.624493 6.599891 6.558310 6.490041 6.381248 6.213141 5.961636 5.598034 5.091457 4.413803 3.547589 2.495939 1.291693 0.000000 
50.000000 43.938979 38.090239 32.643773 27.748902 23.502720 19.946721 17.071165 14.825281 13.130629 11.894856 11.023671 10.429714 10.037933 9.787810 9.633189 9.540594 9.486854 9.456613 9.440104 9.431358 9.426859 9.424610 9.423517 9.422999 9.422756 9.422635 9.422555 9.422460 9.422289 9.421944 9.421240 9.419834 9.417095 9.411898 9.402291 9.385005 9.354725 9.303114 9.217543 9.079611 8.863646 8.535583 8.052997 7.367444 6.430709 5.206558 3.688301 1.918502 0.000000 
50.000000 44.468310 39.130355 34.159530 29.692111 25.816715 22.571214 19.946721 17.896907 16.350186 15.222275 14.427120 13.884992 13.527393 13.299089 13.157954 13.073433 13.024379 12.996774 12.981704 12.973720 12.969613 12.967560 12.966562 12.966088 12.965865 12.965751 12.965672 12.965570 12.965381 12.964994 12.964203 12.962617 12.959516 12.953602 12.942613 12.922714 12.887600 12.827224 12.726083 12.561049 12.298874 11.893724 11.285607 10.401288 9.160505 7.491509 5.359933 2.809907 0.000000 
50.000000 45.122875 40.416553 36.033909 32.095091 28.678228 25.816715 23.502720 21.695399 20.331642 19.337143 18.636034 18.158018 17.842705 17.641395 17.516945 17.442416 17.399159 17.374816 17.361527 17.354487 17.350864 17.349054 17.348174 17.347755 17.347557 17.347455 17.347378 17.347275 17.347079 17.346674 17.345843 17.344172 17.340891 17.334608 17.322872 17.301491 17.263485 17.197564 17.085966 16.901529 16.603942 16.135275 15.415427 14.339114 12.778286 10.597661 7.696099 4.086426 0.000000 
50.000000 45.904461 41.952350 38.272037 34.964415 32.095091 29.692111 27.748902 26.231168 25.085915 24.250750 23.661962 23.260523 22.995718 22.826653 22.722135 22.659542 22.623212 22.602767 22.591606 22.585692 22.582650 22.581129 22.580390 22.580038 22.579871 22.579782 22.579713 22.579616 22.579427 22.579037 22.578233 22.576610 22.573412 22.567265 22.555729 22.534592 22.496763 22.430597 22.317425 22.127978 21.817365 21.318193 20.531606 19.316805 17.482207 14.788498 10.989976 5.966722 0.000000 
50.000000 46.805431 43.722733 40.852037 38.272037 36.033909 34.159530 32.643773 31.459892 30.566551 29.915085 29.455800 29.142654 28.936089 28.804205 28.722672 28.673843 28.645503 28.629553 28.620846 28.616232 28.613859 28.612672 28.612095 28.611821 28.611690 28.611619 28.611562 28.611479 28.611316 28.610977 28.610276 28.608859 28.606059 28.600659 28.590482 28.571744 28.538004 28.478548 28.375886 28.201953 27.912303 27.437215 26.668021 25.436248 23.483539 20.426018 15.743171 8.909867 0.000000 
50.000000 47.807911 45.692587 43.722733 41.952350 40.416553 39.130355 38.090239 37.277853 36.664834 36.217789 35.902619 35.687731 35.545980 35.455477 35.399525 35.366017 35.346568 35.335622 35.329647 35.326481 35.324852 35.324037 35.323641 35.323453 35.323362 35.323313 35.323273 35.323212 35.323091 35.322840 35.322320 35.321266 35.319179 35.315144 35.307516 35.293417 35.267908 35.222683 35.143987 35.009294 34.781914 34.401938 33.770421 32.720454 30.962374 27.979562 22.846293 14.031085 0.000000 
50.000000 48.884423 47.807911 46.805431 45.904461 45.122875 44.468310 43.938979 43.525542 43.213566 42.986055 42.825658 42.716296 42.644155 42.598095 42.569620 42.552566 42.542668 42.537097 42.534056 42.532444 42.531615 42.531201 42.530999 42.530903 42.530857 42.530832 42.530811 42.530778 42.530714 42.530580 42.530303 42.529740 42.528625 42.526463 42.522369 42.514783 42.501016 42.476511 42.433648 42.359772 42.233849 42.020478 41.658403 41.036448 39.937740 37.895564 33.776826 24.442211 0.000000 
50.000000 50.000000 50.000000 50.000000 50.000000 50.000000 50.000000 50.000000 50.000000 50.000000 50.000000 50.000000 50.000000 50.000000 50.000000 50.000000 50.000000 50.000000 50.000000 50.000000 50.000000 50.000000 50.000000 50.000000 50.000000 50.000000 50.000000 50.000000 50.000000 50.000000 50.000000 50.000000 50.000000 50.000000 50.000000 50.000000 50.000000 50.000000 50.000000 50.000000 50.000000 50.000000 50.000000 50.000000 50.000000 50.000000 50.000000 50.000000 50.000000 50.000000 
