50.000000 50.000000 50.000000 50.000000 50.000000 50.000000 50.000000 50.000000 50.000000 50.000000 50.000000 50.000000 50.000000 50.000000 50.000000 50.000000 50.000000 50.000000 50.000000 50.000000 50.000000 50.000000 50.000000 50.000000 50.000000 50.000000 50.000000 50.000000 50.000000 50.000000 50.000000 50.000000 50.000000 50.000000 50.000000 50.000000 50.000000 50.000000 50.000000 50.000000 50.000000 50.000000 50.000000 50.000000 50.000000 50.000000 50.000000 50.000000 50.000000 50.000000 
50.000000 48.148869 46.405229 44.857879 43.563633 42.542678 41.782523 41.247825 40.892120 40.668069 40.534281 40.458446 40.417589 40.396639 40.386401 40.381626 40.379498 40.378591 40.378221 40.378075 40.378021 40.378001 40.377994 40.377992 40.377991 40.377991 40.377991 40.377991 40.377990 40.377989 40.377986 40.377977 40.377952 40.377884 40.377706 40.377258 40.376165 40.373596 40.367762 40.354952 40.327708 40.271424 40.157992 39.933538 39.493164 38.623723 36.858242 33.058383 24.074434 0.000000 
50.000000 46.405229 43.019208 40.014377 37.501073 35.518487 34.042364 33.004061 32.313346 31.878286 31.618500 31.471250 31.391919 31.351241 31.331362 31.322092 31.317961 31.316199 31.315480 31.315198 31.315092 31.315054 31.315040 31.315036 31.315034 31.315034 31.315034 31.315034 31.315033 31.315031 31.315026 31.315009 31.314964 31.314842 31.314523 31.313720 31.311769 31.307196 31.296856 31.274277 31.226603 31.129102 30.935419 30.560313 29.848526 28.517293 26.049482 21.509604 13.346847 0.000000 
50.000000 44.857879 40.014377 35.716175 32.121101 29.285213 27.173801 25.688664 24.700721 24.078460 23.706901 23.496303 23.382847 23.324672 23.296244 23.282987 23.277080 23.274562 23.273533 23.273130 23.272979 23.272924 23.272905 23.272898 23.272896 23.272896 23.272895 23.272895 23.272894 23.272892 23.272885 23.272865 23.272808 23.272654 23.272255 23.271251 23.268824 23.263163 23.250441 23.222878 23.165284 23.049110 22.822635 22.395364 21.614250 20.230030 17.858087 13.964895 7.999637 0.000000 
50.000000 43.563633 37.501073 32.121101 27.621276 24.071753 21.429069 19.570285 18.333818 17.555045 17.090047 16.826497 16.684519 16.611723 16.576152 16.559565 16.552174 16.549023 16.547736 16.547232 16.547042 16.546974 16.546950 16.546942 16.546939 16.546939 16.546938 16.546938 16.546937 16.546935 16.546927 16.546906 16.546846 16.546686 16.546271 16.545232 16.542732 16.536936 16.524006 16.496256 16.438957 16.325140 16.107665 15.708088 15.002895 13.810638 11.891070 8.983780 4.939910 0.000000 
50.000000 42.542678 35.518487 29.285213 24.071753 19.959378 16.897707 14.744276 13.311851 12.409686 11.871032 11.565747 11.401292 11.316976 11.275777 11.256567 11.248007 11.244359 11.242868 11.242285 11.242065 11.241986 11.241958 11.241949 11.241946 11.241945 11.241945 11.241944 11.241944 11.241941 11.241935 11.241915 11.241860 11.241714 11.241335 11.240393 11.238137 11.232942 11.221447 11.197021 11.147204 11.049766 10.867166 10.539800 9.979689 9.068858 7.670963 5.669961 3.049514 0.000000 
50.000000 41.782523 34.042364 27.173801 21.429069 16.897707 13.524173 11.151455 9.573210 8.579239 7.985791 7.649465 7.468296 7.375415 7.330033 7.308873 7.299446 7.295427 7.293786 7.293143 7.292901 7.292814 7.292784 7.292773 7.292770 7.292769 7.292769 7.292768 7.292768 7.292766 7.292760 7.292744 7.292699 7.292578 7.292268 7.291498 7.289667 7.285479 7.276288 7.256951 7.217985 7.142878 7.004620 6.762087 6.357906 5.720980 4.778437 3.482052 1.848985 0.000000 
50.000000 41.247825 33.004061 25.688664 19.570285 14.744276 11.151455 8.624564 6.943817 5.885321 5.253371 4.895237 4.702329 4.603433 4.555115 4.532587 4.522550 4.518272 4.516525 4.515841 4.515583 4.515490 4.515458 4.515447 4.515444 4.515443 4.515442 4.515442 4.515442 4.515440 4.515436 4.515423 4.515389 4.515299 4.515066 4.514492 4.513133 4.510047 4.503330 4.489330 4.461436 4.408388 4.312282 4.146834 3.877110 3.462620 2.866029 2.068642 1.089832 0.000000 
50.000000 40.892120 32.313346 24.700721 18.333818 13.311851 9.573210 6.943817 5.194931 4.093552 3.436019 3.063398 2.862693 2.759804 2.709537 2.686101 2.675660 2.671210 2.669393 2.668681 2.668413 2.668317 2.668283 2.668272 2.668268 2.668267 2.668266 2.668266 2.668266 2.668265 2.668262 2.668253 2.668229 2.668166 2.668005 2.667610 2.666679 2.664579 2.660042 2.650670 2.632190 2.597465 2.535428 2.430332 2.262085 2.008678 1.651611 1.184245 0.620696 0.000000 
50.000000 40.668069 31.878286 24.078460 17.555045 12.409686 8.579239 5.885321 4.093552 2.965192 2.291565 1.909834 1.704227 1.598828 1.547336 1.523330 1.512635 1.508077 1.506216 1.505487 1.505213 1.505114 1.505080 1.505068 1.505064 1.505063 1.505063 1.505063 1.505062 1.505062 1.505060 1.505054 1.505039 1.504998 1.504894 1.504641 1.504048 1.502718 1.499864 1.494018 1.482596 1.461363 1.423885 1.361254 1.262482 1.116088 0.913175 0.651682 0.340361 0.000000 
50.000000 40.534281 31.618500 23.706901 17.090047 11.871032 7.985791 5.253371 3.436019 2.291565 1.608342 1.221180 1.012652 0.905758 0.853537 0.829191 0.818346 0.813723 0.811836 0.811097 0.810819 0.810718 0.810684 0.810672 0.810668 0.810667 0.810666 0.810666 0.810666 0.810666 0.810665 0.810661 0.810652 0.810627 0.810565 0.810413 0.810059 0.809271 0.807590 0.804171 0.797547 0.785349 0.764041 0.728840 0.674011 0.593791 0.484023 0.344223 0.179329 0.000000 
50.000000 40.458446 31.471250 23.496303 16.826497 11.565747 7.649465 4.895237 3.063398 1.909834 1.221180 0.830945 0.620766 0.513027 0.460393 0.435855 0.424925 0.420266 0.418364 0.417619 0.417339 0.417238 0.417203 0.417191 0.417187 0.417186 0.417186 0.417185 0.417185 0.417185 0.417184 0.417182 0.417177 0.417163 0.417128 0.417042 0.416844 0.416404 0.415473 0.413590 0.409970 0.403356 0.391908 0.373177 0.344300 0.302491 0.245862 0.174393 0.090684 0.000000 
50.000000 40.417589 31.391919 23.382847 16.684519 11.401292 7.468296 4.702329 2.862693 1.704227 1.012652 0.620766 0.409699 0.301505 0.248650 0.224010 0.213033 0.208355 0.206445 0.205697 0.205416 0.205315 0.205279 0.205267 0.205264 0.205262 0.205262 0.205262 0.205262 0.205262 0.205261 0.205260 0.205257 0.205250 0.205231 0.205186 0.205081 0.204849 0.204362 0.203382 0.201510 0.198114 0.192282 0.182818 0.168351 0.147584 0.119684 0.084722 0.043994 0.000000 
50.000000 40.396639 31.351241 23.324672 16.611723 11.316976 7.375415 4.603433 2.759804 1.598828 0.905758 0.513027 0.301505 0.193079 0.140111 0.115418 0.104419 0.099731 0.097816 0.097067 0.096785 0.096683 0.096648 0.096636 0.096632 0.096631 0.096631 0.096630 0.096630 0.096630 0.096630 0.096630 0.096628 0.096624 0.096615 0.096592 0.096540 0.096424 0.096182 0.095699 0.094780 0.093125 0.090300 0.085748 0.078839 0.068992 0.055848 0.039472 0.020474 0.000000 
50.000000 40.386401 31.331362 23.296244 16.576152 11.275777 7.330033 4.555115 2.709537 1.547336 0.853537 0.460393 0.248650 0.140111 0.087088 0.062369 0.051358 0.046666 0.044750 0.043999 0.043717 0.043615 0.043580 0.043568 0.043564 0.043563 0.043563 0.043562 0.043562 0.043562 0.043562 0.043562 0.043561 0.043559 0.043555 0.043544 0.043519 0.043465 0.043351 0.043124 0.042695 0.041927 0.040623 0.038535 0.035384 0.030920 0.024993 0.017642 0.009143 0.000000 
50.000000 40.381626 31.322092 23.282987 16.559565 11.256567 7.308873 4.532587 2.686101 1.523330 0.829191 0.435855 0.224010 0.115418 0.062369 0.037639 0.026623 0.021928 0.020011 0.019260 0.018978 0.018876 0.018840 0.018828 0.018825 0.018823 0.018823 0.018823 0.018823 0.018823 0.018823 0.018823 0.018822 0.018822 0.018820 0.018815 0.018803 0.018779 0.018728 0.018626 0.018436 0.018095 0.017521 0.016606 0.015232 0.013294 0.010733 0.007568 0.003920 0.000000 
50.000000 40.379498 31.317961 23.277080 16.552174 11.248007 7.299446 4.522550 2.675660 1.512635 0.818346 0.424925 0.213033 0.104419 0.051358 0.026623 0.015604 0.010908 0.008991 0.008240 0.007958 0.007856 0.007820 0.007808 0.007804 0.007803 0.007803 0.007803 0.007803 0.007803 0.007803 0.007802 0.007802 0.007802 0.007801 0.007799 0.007794 0.007784 0.007762 0.007718 0.007637 0.007494 0.007252 0.006867 0.006294 0.005487 0.004426 0.003118 0.001614 0.000000 
50.000000 40.378591 31.316199 23.274562 16.549023 11.244359 7.295427 4.518272 2.671210 1.508077 0.813723 0.420266 0.208355 0.099731 0.046666 0.021928 0.010908 0.006211 0.004294 0.003543 0.003261 0.003159 0.003123 0.003111 0.003108 0.003106 0.003106 0.003106 0.003106 0.003106 0.003106 0.003106 0.003106 0.003106 0.003105 0.003104 0.003102 0.003098 0.003089 0.003071 0.003038 0.002980 0.002883 0.002728 0.002498 0.002176 0.001754 0.001235 0.000639 0.000000 
50.000000 40.378221 31.315480 23.273533 16.547736 11.242868 7.293786 4.516525 2.669393 1.506216 0.811836 0.418364 0.206445 0.097816 0.044750 0.020011 0.008991 0.004294 0.002376 0.001626 0.001343 0.001241 0.001206 0.001194 0.001190 0.001189 0.001188 0.001188 0.001188 0.001188 0.001188 0.001188 0.001188 0.001188 0.001188 0.001188 0.001187 0.001185 0.001182 0.001175 0.001162 0.001139 0.001101 0.001042 0.000953 0.000830 0.000669 0.000470 0.000243 0.000000 
50.000000 40.378075 31.315198 23.273130 16.547232 11.242285 7.293143 4.515841 2.668681 1.505487 0.811097 0.417619 0.205697 0.097067 0.043999 0.019260 0.008240 0.003543 0.001626 0.000875 0.000592 0.000490 0.000455 0.000443 0.000439 0.000438 0.000437 0.000437 0.000437 0.000437 0.000437 0.000437 0.000437 0.000437 0.000437 0.000437 0.000437 0.000436 0.000435 0.000432 0.000427 0.000419 0.000405 0.000383 0.000350 0.000305 0.000245 0.000173 0.000089 0.000000 
50.000000 40.378021 31.315092 23.272979 16.547042 11.242065 7.292901 4.515583 2.668413 1.505213 0.810819 0.417339 0.205416 0.096785 0.043717 0.018978 0.007958 0.003261 0.001343 0.000592 0.000310 0.000208 0.000172 0.000161 0.000157 0.000156 0.000155 0.000155 0.000155 0.000155 0.000155 0.000155 0.000155 0.000155 0.000155 0.000155 0.000155 0.000155 0.000154 0.000153 0.000151 0.000148 0.000143 0.000136 0.000124 0.000108 0.000087 0.000061 0.000032 0.000000 
50.000000 40.378001 31.315054 23.272924 16.546974 11.241986 7.292814 4.515490 2.668317 1.505114 0.810718 0.417238 0.205315 0.096683 0.043615 0.018876 0.007856 0.003159 0.001241 0.000490 0.000208 0.000106 0.000070 0.000059 0.000055 0.000053 0.000053 0.000053 0.000053 0.000053 0.000053 0.000053 0.000053 0.000053 0.000053 0.000053 0.000053 0.000053 0.000053 0.000052 0.000052 0.000051 0.000049 0.000046 0.000042 0.000037 0.000030 0.000021 0.000011 0.000000 
50.000000 40.377994 31.315040 23.272905 16.546950 11.241958 7.292784 4.515458 2.668283 1.505080 0.810684 0.417203 0.205279 0.096648 0.043580 0.018840 0.007820 0.003123 0.001206 0.000455 0.000172 0.000070 0.000035 0.000023 0.000019 0.000018 0.000018 0.000018 0.000018 0.000017 0.000017 0.000017 0.000017 0.000017 0.000017 0.000017 0.000017 0.000017 0.000017 0.000017 0.000017 0.000017 0.000016 0.000015 0.000014 0.000012 0.000010 0.000007 0.000004 0.000000 
50.000000 40.377992 31.315036 23.272898 16.546942 11.241949 7.292773 4.515447 2.668272 1.505068 0.810672 0.417191 0.205268 0.096636 0.043568 0.018829 0.007808 0.003111 0.001194 0.000443 0.000161 0.000059 0.000023 0.000011 0.000007 0.000006 0.000006 0.000006 0.000006 0.000006 0.000006 0.000006 0.000006 0.000006 0.000006 0.000006 0.000006 0.000006 0.000006 0.000006 0.000006 0.000005 0.000005 0.000005 0.000005 0.000004 0.000003 0.000002 0.000001 0.000000 
50.000000 40.377991 31.315035 23.272897 16.546940 11.241946 7.292771 4.515444 2.668268 1.505065 0.810669 0.417188 0.205264 0.096633 0.043565 0.018825 0.007805 0.003108 0.001190 0.000440 0.000157 0.000055 0.000020 0.000008 0.000004 0.000003 0.000002 0.000002 0.000002 0.000002 0.000002 0.000002 0.000002 0.000002 0.000002 0.000002 0.000002 0.000002 0.000002 0.000002 0.000002 0.000002 0.000002 0.000002 0.000002 0.000002 0.000001 0.000001 0.000000 0.000000 
50.000000 40.377991 31.315035 23.272897 16.546940 11.241946 7.292771 4.515444 2.668268 1.505065 0.810669 0.417188 0.205264 0.096633 0.043565 0.018825 0.007805 0.003108 0.001190 0.000440 0.000157 0.000055 0.000020 0.000008 0.000004 0.000003 0.000002 0.000002 0.000002 0.000002 0.000002 0.000002 0.000002 0.000002 0.000002 0.000002 0.000002 0.000002 0.000002 0.000002 0.000002 0.000002 0.000002 0.000002 0.000002 0.000002 0.000001 0.000001 0.000000 0.000000 
50.000000 40.377992 31.315036 23.272898 16.546942 11.241949 7.292773 4.515447 2.668272 1.505068 0.810672 0.417191 0.205268 0.096636 0.043568 0.018829 0.007808 0.003111 0.001194 0.000443 0.000161 0.000059 0.000023 0.000011 0.000007 0.000006 0.000006 0.000006 0.000006 0.000006 0.000006 0.000006 0.000006 0.000006 0.000006 0.000006 0.000006 0.000006 0.000006 0.000006 0.000006 0.000005 0.000005 0.000005 0.000005 0.000004 0.000003 0.000002 0.000001 0.000000 
50.000000 40.377994 31.315040 23.272905 16.546950 11.241958 7.292784 4.515458 2.668283 1.505080 0.810684 0.417203 0.205279 0.096648 0.043580 0.018840 0.007820 0.003123 0.001206 0.000455 0.000172 0.000070 0.000035 0.000023 0.000019 0.000018 0.000018 0.000018 0.000018 0.000017 0.000017 0.000017 0.000017 0.000017 0.000017 0.000017 0.000017 0.000017 0.000017 0.000017 0.000017 0.000017 0.000016 0.000015 0.000014 0.000012 0.000010 0.000007 0.000004 0.000000 
50.000000 40.378001 31.315054 23.272924 16.546974 11.241986 7.292814 4.515490 2.668317 1.505114 0.810718 0.417238 0.205315 0.096683 0.043615 0.018876 0.007856 0.003159 0.001241 0.000490 0.000208 0.000106 0.000070 0.000059 0.000055 0.000053 0.000053 0.000053 0.000053 0.000053 0.000053 0.000053 0.000053 0.000053 0.000053 0.000053 0.000053 0.000053 0.000053 0.000052 0.000052 0.000051 0.000049 0.000046 0.000042 0.000037 0.000030 0.000021 0.000011 0.000000 
50.000000 40.378021 31.315092 23.272979 16.547042 11.242065 7.292901 4.515583 2.668413 1.505213 0.810819 0.417339 0.205416 0.096785 0.043717 0.018978 0.007958 0.003261 0.001343 0.000592 0.000310 0.000208 0.000172 0.000161 0.000157 0.000156 0.000155 0.000155 0.000155 0.000155 0.000155 0.000155 0.000155 0.000155 0.000155 0.000155 0.000155 0.000155 0.000154 0.000153 0.000151 0.000148 0.000143 0.000136 0.000124 0.000108 0.000087 0.000061 0.000032 0.000000 
50.000000 40.378075 31.315198 23.273130 16.547232 11.242285 7.293143 4.515841 2.668681 1.505487 0.811097 0.417619 0.205697 0.097067 0.043999 0.019260 0.008240 0.003543 0.001626 0.000875 0.000592 0.000490 0.000455 0.000443 0.000439 0.000438 0.000437 0.000437 0.000437 0.000437 0.000437 0.000437 0.000437 0.000437 0.000437 0.000437 0.000437 0.000436 0.000435 0.000432 0.000427 0.000419 0.000405 0.000383 0.000350 0.000305 0.000245 0.000173 0.000089 0.000000 
50.000000 40.378221 31.315480 23.273533 16.547736 11.242868 7.293786 4.516525 2.669393 1.506216 0.811836 0.418364 0.206445 0.097816 0.044750 0.020011 0.008991 0.004294 0.002376 0.001626 0.001343 0.001241 0.001206 0.001194 0.001190 0.001189 0.001188 0.001188 0.001188 0.001188 0.001188 0.001188 0.001188 0.001188 0.001188 0.001188 0.001187 0.001185 0.001182 0.001175 0.001162 0.001139 0.001101 0.001042 0.000953 0.000830 0.000669 0.000470 0.000243 0.000000 
50.000000 40.378591 31.316199 23.274562 16.549023 11.244359 7.295427 4.518272 2.671210 1.508077 0.813723 0.420266 0.208355 0.099731 0.046666 0.021928 0.010908 0.006211 0.004294 0.003543 0.003261 0.003159 0.003123 0.003111 0.003108 0.003106 0.003106 0.003106 0.003106 0.003106 0.003106 0.003106 0.003106 0.003106 0.003105 0.003104 0.003102 0.003098 0.003089 0.003071 0.003038 0.002980 0.002883 0.002728 0.002498 0.002176 0.001754 0.001235 0.000639 0.000000 
50.000000 40.379498 31.317961 23.277080 16.552174 11.248007 7.299446 4.522550 2.675660 1.512635 0.818346 0.424925 0.213033 0.104419 0.051358 0.026623 0.015604 0.010908 0.008991 0.008240 0.007958 0.007856 0.007820 0.007808 0.007804 0.007803 0.007803 0.007803 0.007803 0.007803 0.007803 0.007802 0.007802 0.007802 0.007801 0.007799 0.007794 0.007784 0.007762 0.007718 0.007637 0.007494 0.007252 0.006867 0.006294 0.005487 0.004426 0.003118 0.001614 0.000000 
50.000000 40.381626 31.322092 23.282987 16.559565 11.256567 7.308873 4.532587 2.686101 1.523330 0.829191 0.435855 0.224010 0.115418 0.062369 0.037639 0.026623 0.021928 0.020011 0.019260 0.018978 0.018876 0.018840 0.018828 0.018825 0.018823 0.018823 0.018823 0.018823 0.018823 0.018823 0.018823 0.018822 0.018822 0.018820 0.018815 0.018803 0.018779 0.018728 0.018626 0.018436 0.018095 0.017521 0.016606 0.015232 0.013294 0.010733 0.007568 0.003920 0.000000 
50.000000 40.386401 31.331362 23.296244 16.576152 11.275777 7.330033 4.555115 2.709537 1.547336 0.853537 0.460393 0.248650 0.140111 0.087088 0.062369 0.051358 0.046666 0.044750 0.043999 0.043717 0.043615 0.043580 0.043568 0.043564 0.043563 0.043563 0.043562 0.043562 0.043562 0.043562 0.043562 0.043561 0.043559 0.043555 0.043544 0.043519 0.043465 0.043351 0.043124 0.042695 0.041927 0.040623 0.038535 0.035384 0.030920 0.024993 0.017642 0.009143 0.000000 
50.000000 40.396639 31.351241 23.324672 16.611723 11.316976 7.375415 4.603433 2.759804 1.598828 0.905758 0.513027 0.301505 0.193079 0.140111 0.115418 0.104419 0.099731 0.097816 0.097067 0.096785 0.096683 0.096648 0.096636 0.096632 0.096631 0.096631 0.096630 0.096630 0.096630 0.096630 0.096630 0.096628 0.096624 0.096615 0.096592 0.096540 0.096424 0.096182 0.095699 0.094780 0.093125 0.090300 0.085748 0.078839 0.068992 0.055848 0.039472 0.020474 0.000000 
50.000000 40.417589 31.391919 23.382847 16.684519 11.401292 7.468296 4.702329 2.862693 1.704227 1.012652 0.620766 0.409699 0.301505 0.248650 0.224010 0.213033 0.208355 0.206445 0.205697 0.205416 0.205315 0.205279 0.205267 0.205264 0.205262 0.205262 0.205262 0.205262 0.205262 0.205261 0.205260 0.205257 0.205250 0.205231 0.205186 0.205081 0.204849 0.204362 0.203382 0.201510 0.198114 0.192282 0.182818 0.168351 0.147584 0.119684 0.084722 0.043994 0.000000 
50.000000 40.458446 31.471250 23.496303 16.826497 11.565747 7.649465 4.895237 3.063398 1.909834 1.221180 0.830945 0.620766 0.513027 0.460393 0.435855 0.424925 0.420266 0.418364 0.417619 0.417339 0.417238 0.417203 0.417191 0.417187 0.417186 0.417186 0.417185 0.417185 0.417185 0.417184 0.417182 0.417177 0.417163 0.417128 0.417042 0.416844 0.416404 0.415473 0.413590 0.409970 0.403356 0.391908 0.373177 0.344300 0.302491 0.245862 0.174393 0.090684 0.000000 
50.000000 40.534281 31.618500 23.706901 17.090047 11.871032 7.985791 5.253371 3.436019 2.291565 1.608342 1.221180 1.012652 0.905758 0.853537 0.829191 0.818346 0.813723 0.811836 0.811097 0.810819 0.810718 0.810684 0.810672 0.810668 0.810667 0.810666 0.810666 0.810666 0.810666 0.810665 0.810661 0.810652 0.810627 0.810565 0.810413 0.810059 0.809271 0.807590 0.804171 0.797547 0.785349 0.764041 0.728840 0.674011 0.593791 0.484023 0.344223 0.179329 0.000000 
50.000000 40.668069 31.878286 24.078460 17.555045 12.409686 8.579239 5.885321 4.093552 2.965192 2.291565 1.909834 1.704227 1.598828 1.547336 1.523330 1.512635 1.508077 1.506216 1.505487 1.505213 1.505114 1.505080 1.505068 1.505064 1.505063 1.505063 1.505063 1.505062 1.505062 1.505060 1.505054 1.505039 1.504998 1.504894 1.504641 1.504048 1.502718 1.499864 1.494018 1.482596 1.461363 1.423885 1.361254 1.262482 1.116088 0.913175 0.651682 0.340361 0.000000 
50.000000 40.892120 32.313346 24.700721 18.333818 13.311851 9.573210 6.943817 5.194931 4.093552 3.436019 3.063398 2.862693 2.759804 2.709537 2.686101 2.675660 2.671210 2.669393 2.668681 2.668413 2.668317 2.668283 2.668272 2.668268 2.668267 2.668266 2.668266 2.668266 2.668265 2.668262 2.668253 2.668229 2.668166 2.668005 2.667610 2.666679 2.664579 2.660042 2.650670 2.632190 2.597465 2.535428 2.430332 2.262085 2.008678 1.651611 1.184245 0.620696 0.000000 
50.000000 41.247825 33.004061 25.688664 19.570285 14.744276 11.151455 8.624564 6.943817 5.885321 5.253371 4.895237 4.702329 4.603433 4.555115 4.532587 4.522550 4.518272 4.516525 4.515841 4.515583 4.515490 4.515458 4.515447 4.515444 4.515443 4.515442 4.515442 4.515442 4.515440 4.515436 4.515423 4.515389 4.515299 4.515066 4.514492 4.513133 4.510047 4.503330 4.489330 4.461436 4.408388 4.312282 4.146834 3.877110 3.462620 2.866029 2.068642 1.089832 0.000000 
50.000000 41.782523 34.042364 27.173801 21.429069 16.897707 13.524173 11.151455 9.573210 8.579239 7.985791 7.649465 7.468296 7.375415 7.330033 7.308873 7.299446 7.295427 7.293786 7.293143 7.292901 7.292814 7.292784 7.292773 7.292770 7.292769 7.292769 7.292768 7.292768 7.292766 7.292760 7.292744 7.292699 7.292578 7.292268 7.291498 7.289667 7.285479 7.276288 7.256951 7.217985 7.142878 7.004620 6.762087 6.357906 5.720980 4.778437 3.482052 1.848985 0.000000 
50.000000 42.542678 35.518487 29.285213 24.071753 19.959378 16.897707 14.744276 13.311851 12.409686 11.871032 11.565747 11.401292 11.316976 11.275777 11.256567 11.248007 11.244359 11.242868 11.242285 11.242065 11.241986 11.241958 11.241949 11.241946 11.241945 11.241945 11.241944 11.241944 11.241941 11.241935 11.241915 11.241860 11.241714 11.241335 11.240393 11.238137 11.232942 11.221447 11.197021 11.147204 11.049766 10.867166 10.539800 9.979689 9.068858 7.670963 5.669961 3.049514 0.000000 
50.000000 43.563633 37.501073 32.121101 27.621276 24.071753 21.429069 19.570285 18.333818 17.555045 17.090047 16.826497 16.684519 16.611723 16.576152 16.559565 16.552174 16.549023 16.547736 16.547232 16.547042 16.546974 16.546950 16.546942 16.546939 16.546939 16.546938 16.546938 16.546937 16.546935 16.546927 16.546906 16.546846 16.546686 16.546271 16.545232 16.542732 16.536936 16.524006 16.496256 16.438957 16.325140 16.107665 15.708088 15.002895 13.810638 11.891070 8.983780 4.939910 0.000000 
50.000000 44.857879 40.014377 35.716175 32.121101 29.285213 27.173801 25.688664 24.700721 24.078460 23.706901 23.496303 23.382847 23.324672 23.296244 23.282987 23.277080 23.274562 23.273533 23.273130 23.272979 23.272924 23.272905 23.272898 23.272896 23.272896 23.272895 23.272895 23.272894 23.272892 23.272885 23.272865 23.272808 23.272654 23.272255 23.271251 23.268824 23.263163 23.250441 23.222878 23.165284 23.049110 22.822635 22.395364 21.614250 20.230030 17.858087 13.964895 7.999637 0.000000 
50.000000 46.405229 43.019208 40.014377 37.501073 35.518487 34.042364 33.004061 32.313346 31.878286 31.618500 31.471250 31.391919 31.351241 31.331362 31.322092 31.317961 31.316199 31.315480 31.315198 31.315092 31.315054 31.315040 31.315036 31.315034 31.315034 31.315034 31.315034 31.315033 31.315031 31.315026 31.315009 31.314964 31.314842 31.314523 31.313720 31.311769 31.307196 31.296856 31.274277 31.226603 31.129102 30.935419 30.560313 29.848526 28.517293 26.049482 21.509604 13.346847 0.000000 
50.000000 48.148869 46.405229 44.857879 43.563633 42.542678 41.782523 41.247825 40.892120 40.668069 40.534281 40.458446 40.417589 40.396639 40.386401 40.381626 40.379498 40.378591 40.378221 40.378075 40.378021 40.378001 40.377994 40.377992 40.377991 40.377991 40.377991 40.377991 40.377990 40.377989 40.377986 40.377977 40.377952 40.377884 40.377706 40.377258 40.376165 40.373596 40.367762 40.354952 40.327708 40.271424 40.157992 39.933538 39.493164 38.623723 36.858242 33.058383 24.074434 0.000000 
50.000000 50.000000 50.000000 50.000000 50.000000 50.000000 50.000000 50.000000 50.000000 50.000000 50.000000 50.000000 50.000000 50.000000 50.000000 50.000000 50.000000 50.000000 50.000000 50.000000 50.000000 50.000000 50.000000 50.000000 50.000000 50.000000 50.000000 50.000000 50.000000 50.000000 50.000000 50.000000 50.000000 50.000000 50.000000 50.000000 50.000000 50.000000 50.000000 50.000000 50.000000 50.000000 50.000000 50.000000 50.000000 50.000000 50.000000 50.000000 50.000000 50.000000 
