50.000000 50.000000 50.000000 50.000000 50.000000 50.000000 50.000000 50.000000 50.000000 50.000000 50.000000 50.000000 50.000000 50.000000 50.000000 50.000000 50.000000 50.000000 50.000000 50.000000 50.000000 50.000000 50.000000 50.000000 50.000000 50.000000 50.000000 50.000000 50.000000 50.000000 50.000000 50.000000 50.000000 50.000000 50.000000 50.000000 50.000000 50.000000 50.000000 50.000000 50.000000 50.000000 50.000000 50.000000 50.000000 50.000000 50.000000 50.000000 50.000000 50.000000 
50.000000 48.308206 46.706210 45.269531 44.048909 43.065968 42.315277 41.771154 41.396533 41.151320 40.998570 40.907923 40.856623 40.828904 40.814590 40.807517 40.804169 40.802650 40.801988 40.801710 40.801599 40.801555 40.801539 40.801533 40.801531 40.801530 40.801530 40.801530 40.801529 40.801527 40.801520 40.801502 40.801454 40.801332 40.801032 40.800319 40.798676 40.795014 40.787106 40.770548 40.736847 40.669986 40.540093 40.291329 39.816922 38.902364 37.080285 33.213295 24.154103 0.000000 
50.000000 46.706210 43.587254 40.790165 38.413734 36.500054 35.038551 33.979222 33.249895 32.772510 32.475137 32.298670 32.198802 32.144843 32.116978 32.103209 32.096692 32.093734 32.092445 32.091905 32.091688 32.091604 32.091572 32.091561 32.091557 32.091555 32.091555 32.091554 32.091553 32.091548 32.091536 32.091503 32.091416 32.091195 32.090653 32.089364 32.086404 32.079828 32.065688 32.036236 31.976725 31.859832 31.635971 31.216296 30.442115 29.028162 26.456584 21.793627 13.492915 0.000000 
50.000000 45.269531 40.790165 36.773077 33.360148 30.611831 28.512929 26.991621 25.944249 25.258697 24.831663 24.578257 24.434850 24.357369 24.317357 24.297588 24.288230 24.283983 24.282133 24.281358 24.281046 24.280925 24.280880 24.280864 24.280858 24.280856 24.280855 24.280854 24.280852 24.280847 24.280831 24.280789 24.280678 24.280396 24.279706 24.278073 24.274337 24.266076 24.248422 24.211939 24.138982 23.997639 23.731994 23.246873 22.384771 20.893178 18.386539 14.333581 8.189246 0.000000 
50.000000 44.048909 38.413734 33.360148 29.066650 25.609281 22.968915 21.055182 19.737665 18.875311 18.338159 18.019417 17.839041 17.741589 17.691267 17.666403 17.654635 17.649295 17.646968 17.645993 17.645601 17.645449 17.645392 17.645371 17.645364 17.645362 17.645361 17.645360 17.645358 17.645352 17.645335 17.645289 17.645171 17.644872 17.644140 17.642416 17.638489 17.629860 17.611557 17.574089 17.500051 17.358811 17.098653 16.636039 15.842591 14.533325 12.466971 9.385571 5.146546 0.000000 
50.000000 43.065968 36.500054 30.611831 25.609281 21.581001 18.504687 16.275025 14.740041 13.735374 13.109596 12.738276 12.528152 12.414633 12.356016 12.327055 12.313348 12.307128 12.304418 12.303283 12.302826 12.302649 12.302583 12.302559 12.302551 12.302548 12.302547 12.302546 12.302544 12.302538 12.302522 12.302479 12.302368 12.302087 12.301403 12.299799 12.296167 12.288238 12.271556 12.237749 12.171773 12.047859 11.824052 11.435824 10.790501 9.766690 8.227060 6.057939 3.249046 0.000000 
50.000000 42.315277 35.038551 28.512929 22.968915 18.504687 15.095507 12.624642 10.923646 9.810352 9.116933 8.705490 8.472670 8.346893 8.281949 8.249863 8.234679 8.227788 8.224786 8.223529 8.223023 8.222827 8.222754 8.222727 8.222718 8.222715 8.222714 8.222713 8.222711 8.222706 8.222692 8.222656 8.222561 8.222322 8.221745 8.220395 8.217358 8.210774 8.197037 8.169477 8.116346 8.018031 7.843648 7.547754 7.068862 6.332876 5.266056 3.822255 2.023948 0.000000 
50.000000 41.771154 33.979222 26.991621 21.055182 16.275025 12.624642 9.979013 8.157747 6.965767 6.223360 5.782862 5.533610 5.398960 5.329437 5.295091 5.278837 5.271462 5.268248 5.266903 5.266362 5.266152 5.266073 5.266045 5.266035 5.266032 5.266030 5.266030 5.266028 5.266024 5.266014 5.265985 5.265911 5.265725 5.265276 5.264235 5.261903 5.256885 5.246500 5.225865 5.186542 5.114766 4.989507 4.780995 4.450972 3.956528 3.259627 2.343251 1.231061 0.000000 
50.000000 41.396533 33.249895 25.944249 19.737665 14.740041 10.923646 8.157747 6.253725 5.007611 4.231506 3.771027 3.510476 3.369726 3.297057 3.261157 3.244169 3.236460 3.233102 3.231696 3.231130 3.230911 3.230829 3.230799 3.230789 3.230785 3.230784 3.230783 3.230782 3.230779 3.230772 3.230751 3.230697 3.230563 3.230240 3.229494 3.227835 3.224288 3.217003 3.202662 3.175619 3.126862 3.042981 2.905615 2.692181 2.378854 1.946610 1.390063 0.726547 0.000000 
50.000000 41.151320 32.772510 25.258697 18.875311 13.735374 9.810352 6.965767 5.007611 3.726092 2.927953 2.454411 2.186474 2.041739 1.967014 1.930100 1.912632 1.904706 1.901253 1.899808 1.899226 1.899000 1.898916 1.898885 1.898875 1.898871 1.898870 1.898869 1.898869 1.898867 1.898861 1.898847 1.898811 1.898720 1.898504 1.898005 1.896903 1.894560 1.889784 1.880460 1.863046 1.831992 1.779225 1.694006 1.563601 1.375259 1.119715 0.795785 0.414473 0.000000 
50.000000 40.998570 32.475137 24.831663 18.338159 13.109596 9.116933 6.223360 4.231506 2.927953 2.116103 1.634435 1.361905 1.214692 1.138689 1.101144 1.083379 1.075317 1.071806 1.070336 1.069744 1.069515 1.069429 1.069398 1.069387 1.069384 1.069383 1.069382 1.069382 1.069380 1.069377 1.069368 1.069345 1.069287 1.069151 1.068838 1.068150 1.066697 1.063754 1.058052 1.047493 1.028844 0.997495 0.947456 0.871847 0.764070 0.619723 0.438902 0.228022 0.000000 
50.000000 40.907923 32.298670 24.578257 18.019417 12.738276 8.705490 5.782862 3.771027 2.454411 1.634435 1.147951 0.872701 0.724020 0.647261 0.609343 0.591401 0.583260 0.579713 0.578229 0.577631 0.577400 0.577313 0.577282 0.577271 0.577267 0.577266 0.577266 0.577265 0.577265 0.577262 0.577257 0.577243 0.577209 0.577128 0.576943 0.576538 0.575687 0.573975 0.570681 0.564626 0.554023 0.536363 0.508453 0.466719 0.407860 0.329835 0.232982 0.120817 0.000000 
50.000000 40.856623 32.198802 24.434850 17.839041 12.528152 8.472670 5.533610 3.510476 2.186474 1.361905 0.872701 0.595914 0.446405 0.369218 0.331089 0.313048 0.304862 0.301296 0.299804 0.299203 0.298970 0.298883 0.298851 0.298840 0.298837 0.298835 0.298835 0.298835 0.298834 0.298833 0.298830 0.298822 0.298803 0.298757 0.298654 0.298429 0.297957 0.297013 0.295209 0.291915 0.286188 0.276725 0.261896 0.239915 0.209181 0.168774 0.118974 0.061609 0.000000 
50.000000 40.828904 32.144843 24.357369 17.741589 12.414633 8.346893 5.398960 3.369726 2.041739 1.214692 0.724020 0.446405 0.296448 0.219032 0.180790 0.162695 0.154484 0.150908 0.149411 0.148809 0.148575 0.148488 0.148456 0.148445 0.148441 0.148440 0.148440 0.148440 0.148439 0.148439 0.148437 0.148433 0.148423 0.148398 0.148343 0.148224 0.147976 0.147482 0.146542 0.144837 0.141891 0.137057 0.129535 0.118466 0.103100 0.083031 0.058438 0.030229 0.000000 
50.000000 40.814590 32.116978 24.317357 17.691267 12.356016 8.281949 5.329437 3.297057 1.967014 1.138689 0.647261 0.369218 0.219032 0.141496 0.103196 0.085074 0.076851 0.073269 0.071770 0.071166 0.070932 0.070845 0.070813 0.070802 0.070799 0.070797 0.070797 0.070797 0.070797 0.070796 0.070796 0.070793 0.070788 0.070776 0.070748 0.070688 0.070564 0.070317 0.069851 0.069009 0.067563 0.065203 0.061554 0.056216 0.048851 0.039284 0.027613 0.014271 0.000000 
50.000000 40.807517 32.103209 24.297588 17.666403 12.327055 8.249863 5.295091 3.261157 1.930100 1.101144 0.609343 0.331089 0.180790 0.103196 0.064867 0.046731 0.038502 0.034918 0.033417 0.032813 0.032579 0.032492 0.032460 0.032449 0.032445 0.032444 0.032444 0.032444 0.032444 0.032443 0.032443 0.032442 0.032439 0.032434 0.032420 0.032391 0.032332 0.032215 0.031993 0.031596 0.030917 0.029815 0.028119 0.025651 0.022263 0.017881 0.012556 0.006485 0.000000 
50.000000 40.804169 32.096692 24.288230 17.654635 12.313348 8.234679 5.278837 3.244169 1.912632 1.083379 0.591401 0.313048 0.162695 0.085074 0.046731 0.028589 0.020357 0.016771 0.015270 0.014666 0.014432 0.014344 0.014313 0.014302 0.014298 0.014297 0.014296 0.014296 0.014296 0.014296 0.014296 0.014295 0.014294 0.014292 0.014285 0.014272 0.014245 0.014192 0.014091 0.013912 0.013606 0.013113 0.012357 0.011261 0.009764 0.007834 0.005497 0.002837 0.000000 
50.000000 40.802650 32.093734 24.283983 17.649295 12.307128 8.227788 5.271462 3.236460 1.904706 1.075317 0.583260 0.304862 0.154484 0.076851 0.038502 0.020357 0.012124 0.008537 0.007036 0.006432 0.006198 0.006110 0.006079 0.006068 0.006064 0.006063 0.006062 0.006062 0.006062 0.006062 0.006062 0.006062 0.006061 0.006060 0.006057 0.006052 0.006040 0.006016 0.005973 0.005895 0.005763 0.005551 0.005227 0.004760 0.004123 0.003306 0.002318 0.001196 0.000000 
50.000000 40.801988 32.092445 24.282133 17.646968 12.304418 8.224786 5.268248 3.233102 1.901253 1.071806 0.579713 0.301296 0.150908 0.073269 0.034918 0.016771 0.008537 0.004951 0.003450 0.002846 0.002611 0.002524 0.002492 0.002481 0.002477 0.002476 0.002476 0.002476 0.002476 0.002476 0.002476 0.002475 0.002475 0.002475 0.002474 0.002471 0.002466 0.002456 0.002438 0.002406 0.002351 0.002264 0.002130 0.001939 0.001678 0.001344 0.000942 0.000486 0.000000 
50.000000 40.801710 32.091905 24.281358 17.645993 12.303283 8.223529 5.266903 3.231696 1.899808 1.070336 0.578229 0.299804 0.149411 0.071770 0.033417 0.015270 0.007036 0.003450 0.001949 0.001344 0.001110 0.001022 0.000991 0.000980 0.000976 0.000975 0.000975 0.000974 0.000974 0.000974 0.000974 0.000974 0.000974 0.000974 0.000974 0.000973 0.000971 0.000967 0.000959 0.000946 0.000925 0.000890 0.000837 0.000761 0.000659 0.000527 0.000369 0.000190 0.000000 
50.000000 40.801599 32.091688 24.281046 17.645601 12.302826 8.223023 5.266362 3.231130 1.899226 1.069744 0.577631 0.299203 0.148809 0.071166 0.032813 0.014666 0.006432 0.002846 0.001344 0.000740 0.000506 0.000418 0.000386 0.000375 0.000372 0.000370 0.000370 0.000370 0.000370 0.000370 0.000370 0.000370 0.000370 0.000370 0.000370 0.000369 0.000368 0.000367 0.000364 0.000359 0.000351 0.000337 0.000317 0.000288 0.000249 0.000200 0.000140 0.000072 0.000000 
50.000000 40.801555 32.091604 24.280925 17.645449 12.302649 8.222827 5.266152 3.230911 1.899000 1.069515 0.577400 0.298970 0.148575 0.070932 0.032579 0.014432 0.006198 0.002611 0.001110 0.000506 0.000271 0.000184 0.000152 0.000141 0.000137 0.000136 0.000136 0.000136 0.000136 0.000136 0.000136 0.000136 0.000136 0.000136 0.000136 0.000135 0.000135 0.000135 0.000133 0.000132 0.000129 0.000124 0.000116 0.000106 0.000091 0.000073 0.000051 0.000026 0.000000 
50.000000 40.801539 32.091572 24.280880 17.645392 12.302583 8.222754 5.266073 3.230829 1.898916 1.069429 0.577313 0.298883 0.148488 0.070845 0.032492 0.014344 0.006110 0.002524 0.001023 0.000418 0.000184 0.000096 0.000065 0.000054 0.000050 0.000049 0.000048 0.000048 0.000048 0.000048 0.000048 0.000048 0.000048 0.000048 0.000048 0.000048 0.000048 0.000048 0.000047 0.000047 0.000046 0.000044 0.000041 0.000037 0.000032 0.000026 0.000018 0.000009 0.000000 
50.000000 40.801533 32.091561 24.280864 17.645372 12.302559 8.222728 5.266045 3.230800 1.898886 1.069399 0.577282 0.298852 0.148457 0.070814 0.032461 0.014313 0.006079 0.002493 0.000991 0.000387 0.000153 0.000065 0.000033 0.000022 0.000019 0.000018 0.000017 0.000017 0.000017 0.000017 0.000017 0.000017 0.000017 0.000017 0.000017 0.000017 0.000017 0.000017 0.000017 0.000016 0.000016 0.000015 0.000015 0.000013 0.000011 0.000009 0.000006 0.000003 0.000000 
50.000000 40.801532 32.091557 24.280859 17.645365 12.302552 8.222719 5.266037 3.230790 1.898876 1.069389 0.577273 0.298842 0.148447 0.070804 0.032451 0.014303 0.006069 0.002483 0.000982 0.000377 0.000143 0.000055 0.000024 0.000013 0.000009 0.000008 0.000007 0.000007 0.000007 0.000007 0.000007 0.000007 0.000007 0.000007 0.000007 0.000007 0.000007 0.000007 0.000007 0.000007 0.000007 0.000007 0.000006 0.000006 0.000005 0.000004 0.000003 0.000001 0.000000 
50.000000 40.801532 32.091557 24.280859 17.645365 12.302552 8.222719 5.266037 3.230790 1.898876 1.069389 0.577273 0.298842 0.148447 0.070804 0.032451 0.014303 0.006069 0.002483 0.000982 0.000377 0.000143 0.000055 0.000024 0.000013 0.000009 0.000008 0.000007 0.000007 0.000007 0.000007 0.000007 0.000007 0.000007 0.000007 0.000007 0.000007 0.000007 0.000007 0.000007 0.000007 0.000007 0.000007 0.000006 0.000006 0.000005 0.000004 0.000003 0.000001 0.000000 
50.000000 40.801533 32.091561 24.280864 17.645372 12.302559 8.222728 5.266045 3.230800 1.898886 1.069399 0.577282 0.298852 0.148457 0.070814 0.032461 0.014313 0.006079 0.002493 0.000991 0.000387 0.000153 0.000065 0.000033 0.000022 0.000019 0.000018 0.000017 0.000017 0.000017 0.000017 0.000017 0.000017 0.000017 0.000017 0.000017 0.000017 0.000017 0.000017 0.000017 0.000016 0.000016 0.000015 0.000015 0.000013 0.000011 0.000009 0.000006 0.000003 0.000000 
50.000000 40.801539 32.091572 24.280880 17.645392 12.302583 8.222754 5.266073 3.230829 1.898916 1.069429 0.577313 0.298883 0.148488 0.070845 0.032492 0.014344 0.006110 0.002524 0.001023 0.000418 0.000184 0.000096 0.000065 0.000054 0.000050 0.000049 0.000048 0.000048 0.000048 0.000048 0.000048 0.000048 0.000048 0.000048 0.000048 0.000048 0.000048 0.000048 0.000047 0.000047 0.000046 0.000044 0.000041 0.000037 0.000032 0.000026 0.000018 0.000009 0.000000 
50.000000 40.801555 32.091604 24.280925 17.645449 12.302649 8.222827 5.266152 3.230911 1.899000 1.069515 0.577400 0.298970 0.148575 0.070932 0.032579 0.014432 0.006198 0.002611 0.001110 0.000506 0.000271 0.000184 0.000152 0.000141 0.000137 0.000136 0.000136 0.000136 0.000136 0.000136 0.000136 0.000136 0.000136 0.000136 0.000136 0.000135 0.000135 0.000135 0.000133 0.000132 0.000129 0.000124 0.000116 0.000106 0.000091 0.000073 0.000051 0.000026 0.000000 
50.000000 40.801599 32.091688 24.281046 17.645601 12.302826 8.223023 5.266362 3.231130 1.899226 1.069744 0.577631 0.299203 0.148809 0.071166 0.032813 0.014666 0.006432 0.002846 0.001344 0.000740 0.000506 0.000418 0.000386 0.000375 0.000372 0.000370 0.000370 0.000370 0.000370 0.000370 0.000370 0.000370 0.000370 0.000370 0.000370 0.000369 0.000368 0.000367 0.000364 0.000359 0.000351 0.000337 0.000317 0.000288 0.000249 0.000200 0.000140 0.000072 0.000000 
50.000000 40.801710 32.091905 24.281358 17.645993 12.303283 8.223529 5.266903 3.231696 1.899808 1.070336 0.578229 0.299804 0.149411 0.071770 0.033417 0.015270 0.007036 0.003450 0.001949 0.001344 0.001110 0.001022 0.000991 0.000980 0.000976 0.000975 0.000975 0.000974 0.000974 0.000974 0.000974 0.000974 0.000974 0.000974 0.000974 0.000973 0.000971 0.000967 0.000959 0.000946 0.000925 0.000890 0.000837 0.000761 0.000659 0.000527 0.000369 0.000190 0.000000 
50.000000 40.801988 32.092445 24.282133 17.646968 12.304418 8.224786 5.268248 3.233102 1.901253 1.071806 0.579713 0.301296 0.150908 0.073269 0.034918 0.016771 0.008537 0.004951 0.003450 0.002846 0.002611 0.002524 0.002492 0.002481 0.002477 0.002476 0.002476 0.002476 0.002476 0.002476 0.002476 0.002475 0.002475 0.002475 0.002474 0.002471 0.002466 0.002456 0.002438 0.002406 0.002351 0.002264 0.002130 0.001939 0.001678 0.001344 0.000942 0.000486 0.000000 
50.000000 40.802650 32.093734 24.283983 17.649295 12.307128 8.227788 5.271462 3.236460 1.904706 1.075317 0.583260 0.304862 0.154484 0.076851 0.038502 0.020357 0.012124 0.008537 0.007036 0.006432 0.006198 0.006110 0.006079 0.006068 0.006064 0.006063 0.006062 0.006062 0.006062 0.006062 0.006062 0.006062 0.006061 0.006060 0.006057 0.006052 0.006040 0.006016 0.005973 0.005895 0.005763 0.005551 0.005227 0.004760 0.004123 0.003306 0.002318 0.001196 0.000000 
50.000000 40.804169 32.096692 24.288230 17.654635 12.313348 8.234679 5.278837 3.244169 1.912632 1.083379 0.591401 0.313048 0.162695 0.085074 0.046731 0.028589 0.020357 0.016771 0.015270 0.014666 0.014432 0.014344 0.014313 0.014302 0.014298 0.014297 0.014296 0.014296 0.014296 0.014296 0.014296 0.014295 0.014294 0.014292 0.014285 0.014272 0.014245 0.014192 0.014091 0.013912 0.013606 0.013113 0.012357 0.011261 0.009764 0.007834 0.005497 0.002837 0.000000 
50.000000 40.807517 32.103209 24.297588 17.666403 12.327055 8.249863 5.295091 3.261157 1.930100 1.101144 0.609343 0.331089 0.180790 0.103196 0.064867 0.046731 0.038502 0.034918 0.033417 0.032813 0.032579 0.032492 0.032460 0.032449 0.032445 0.032444 0.032444 0.032444 0.032444 0.032443 0.032443 0.032442 0.032439 0.032434 0.032420 0.032391 0.032332 0.032215 0.031993 0.031596 0.030917 0.029815 0.028119 0.025651 0.022263 0.017881 0.012556 0.006485 0.000000 
50.000000 40.814590 32.116978 24.317357 17.691267 12.356016 8.281949 5.329437 3.297057 1.967014 1.138689 0.647261 0.369218 0.219032 0.141496 0.103196 0.085074 0.076851 0.073269 0.071770 0.071166 0.070932 0.070845 0.070813 0.070802 0.070799 0.070797 0.070797 0.070797 0.070797 0.070796 0.070796 0.070793 0.070788 0.070776 0.070748 0.070688 0.070564 0.070317 0.069851 0.069009 0.067563 0.065203 0.061554 0.056216 0.048851 0.039284 0.027613 0.014271 0.000000 
50.000000 40.828904 32.144843 24.357369 17.741589 12.414633 8.346893 5.398960 3.369726 2.041739 1.214692 0.724020 0.446405 0.296448 0.219032 0.180790 0.162695 0.154484 0.150908 0.149411 0.148809 0.148575 0.148488 0.148456 0.148445 0.148441 0.148440 0.148440 0.148440 0.148439 0.148439 0.148437 0.148433 0.148423 0.148398 0.148343 0.148224 0.147976 0.147482 0.146542 0.144837 0.141891 0.137057 0.129535 0.118466 0.103100 0.083031 0.058438 0.030229 0.000000 
50.000000 40.856623 32.198802 24.434850 17.839041 12.528152 8.472670 5.533610 3.510476 2.186474 1.361905 0.872701 0.595914 0.446405 0.369218 0.331089 0.313048 0.304862 0.301296 0.299804 0.299203 0.298970 0.298883 0.298851 0.298840 0.298837 0.298835 0.298835 0.298835 0.298834 0.298833 0.298830 0.298822 0.298803 0.298757 0.298654 0.298429 0.297957 0.297013 0.295209 0.291915 0.286188 0.276725 0.261896 0.239915 0.209181 0.168774 0.118974 0.061609 0.000000 
50.000000 40.907923 32.298670 24.578257 18.019417 12.738276 8.705490 5.782862 3.771027 2.454411 1.634435 1.147951 0.872701 0.724020 0.647261 0.609343 0.591401 0.583260 0.579713 0.578229 0.577631 0.577400 0.577313 0.577282 0.577271 0.577267 0.577266 0.577266 0.577265 0.577265 0.577262 0.577257 0.577243 0.577209 0.577128 0.576943 0.576538 0.575687 0.573975 0.570681 0.564626 0.554023 0.536363 0.508453 0.466719 0.407860 0.329835 0.232982 0.120817 0.000000 
50.000000 40.998570 32.475137 24.831663 18.338159 13.109596 9.116933 6.223360 4.231506 2.927953 2.116103 1.634435 1.361905 1.214692 1.138689 1.101144 1.083379 1.075317 1.071806 1.070336 1.069744 1.069515 1.069429 1.069398 1.069387 1.069384 1.069383 1.069382 1.069382 1.069380 1.069377 1.069368 1.069345 1.069287 1.069151 1.068838 1.068150 1.066697 1.063754 1.058052 1.047493 1.028844 0.997495 0.947456 0.871847 0.764070 0.619723 0.438902 0.228022 0.000000 
50.000000 41.151320 32.772510 25.258697 18.875311 13.735374 9.810352 6.965767 5.007611 3.726092 2.927953 2.454411 2.186474 2.041739 1.967014 1.930100 1.912632 1.904706 1.901253 1.899808 1.899226 1.899000 1.898916 1.898885 1.898875 1.898871 1.898870 1.898869 1.898869 1.898867 1.898861 1.898847 1.898811 1.898720 1.898504 1.898005 1.896903 1.894560 1.889784 1.880460 1.863046 1.831992 1.779225 1.694006 1.563601 1.375259 1.119715 0.795785 0.414473 0.000000 
50.000000 41.396533 33.249895 25.944249 19.737665 14.740041 10.923646 8.157747 6.253725 5.007611 4.231506 3.771027 3.510476 3.369726 3.297057 3.261157 3.244169 3.236460 3.233102 3.231696 3.231130 3.230911 3.230829 3.230799 3.230789 3.230785 3.230784 3.230783 3.230782 3.230779 3.230772 3.230751 3.230697 3.230563 3.230240 3.229494 3.227835 3.224288 3.217003 3.202662 3.175619 3.126862 3.042981 2.905615 2.692181 2.378854 1.946610 1.390063 0.726547 0.000000 
50.000000 41.771154 33.979222 26.991621 21.055182 16.275025 12.624642 9.979013 8.157747 6.965767 6.223360 5.782862 5.533610 5.398960 5.329437 5.295091 5.278837 5.271462 5.268248 5.266903 5.266362 5.266152 5.266073 5.266045 5.266035 5.266032 5.266030 5.266030 5.266028 5.266024 5.266014 5.265985 5.265911 5.265725 5.265276 5.264235 5.261903 5.256885 5.246500 5.225865 5.186542 5.114766 4.989507 4.780995 4.450972 3.956528 3.259627 2.343251 1.231061 0.000000 
50.000000 42.315277 35.038551 28.512929 22.968915 18.504687 15.095507 12.624642 10.923646 9.810352 9.116933 8.705490 8.472670 8.346893 8.281949 8.249863 8.234679 8.227788 8.224786 8.223529 8.223023 8.222827 8.222754 8.222727 8.222718 8.222715 8.222714 8.222713 8.222711 8.222706 8.222692 8.222656 8.222561 8.222322 8.221745 8.220395 8.217358 8.210774 8.197037 8.169477 8.116346 8.018031 7.843648 7.547754 7.068862 6.332876 5.266056 3.822255 2.023948 0.000000 
50.000000 43.065968 36.500054 30.611831 25.609281 21.581001 18.504687 16.275025 14.740041 13.735374 13.109596 12.738276 12.528152 12.414633 12.356016 12.327055 12.313348 12.307128 12.304418 12.303283 12.302826 12.302649 12.302583 12.302559 12.302551 12.302548 12.302547 12.302546 12.302544 12.302538 12.302522 12.302479 12.302368 12.302087 12.301403 12.299799 12.296167 12.288238 12.271556 12.237749 12.171773 12.047859 11.824052 11.435824 10.790501 9.766690 8.227060 6.057939 3.249046 0.000000 
50.000000 44.048909 38.413734 33.360148 29.066650 25.609281 22.968915 21.055182 19.737665 18.875311 18.338159 18.019417 17.839041 17.741589 17.691267 17.666403 17.654635 17.649295 17.646968 17.645993 17.645601 17.645449 17.645392 17.645371 17.645364 17.645362 17.645361 17.645360 17.645358 17.645352 17.645335 17.645289 17.645171 17.644872 17.644140 17.642416 17.638489 17.629860 17.611557 17.574089 17.500051 17.358811 17.098653 16.636039 15.842591 14.533325 12.466971 9.385571 5.146546 0.000000 
50.000000 45.269531 40.790165 36.773077 33.360148 30.611831 28.512929 26.991621 25.944249 25.258697 24.831663 24.578257 24.434850 24.357369 24.317357 24.297588 24.288230 24.283983 24.282133 24.281358 24.281046 24.280925 24.280880 24.280864 24.280858 24.280856 24.280855 24.280854 24.280852 24.280847 24.280831 24.280789 24.280678 24.280396 24.279706 24.278073 24.274337 24.266076 24.248422 24.211939 24.138982 23.997639 23.731994 23.246873 22.384771 20.893178 18.386539 14.333581 8.189246 0.000000 
50.000000 46.706210 43.587254 40.790165 38.413734 36.500054 35.038551 33.979222 33.249895 32.772510 32.475137 32.298670 32.198802 32.144843 32.116978 32.103209 32.096692 32.093734 32.092445 32.091905 32.091688 32.091604 32.091572 32.091561 32.091557 32.091555 32.091555 32.091554 32.091553 32.091548 32.091536 32.091503 32.091416 32.091195 32.090653 32.089364 32.086404 32.079828 32.065688 32.036236 31.976725 31.859832 31.635971 31.216296 30.442115 29.028162 26.456584 21.793627 13.492915 0.000000 
50.000000 48.308206 46.706210 45.269531 44.048909 43.065968 42.315277 41.771154 41.396533 41.151320 40.998570 40.907923 40.856623 40.828904 40.814590 40.807517 40.804169 40.802650 40.801988 40.801710 40.801599 40.801555 40.801539 40.801533 40.801531 40.801530 40.801530 40.801530 40.801529 40.801527 40.801520 40.801502 40.801454 40.801332 40.801032 40.800319 40.798676 40.795014 40.787106 40.770548 40.736847 40.669986 40.540093 40.291329 39.816922 38.902364 37.080285 33.213295 24.154103 0.000000 
50.000000 50.000000 50.000000 50.000000 50.000000 50.000000 50.000000 50.000000 50.000000 50.000000 50.000000 50.000000 50.000000 50.000000 50.000000 50.000000 50.000000 50.000000 50.000000 50.000000 50.000000 50.000000 50.000000 50.000000 50.000000 50.000000 50.000000 50.000000 50.000000 50.000000 50.000000 50.000000 50.000000 50.000000 50.000000 50.000000 50.000000 50.000000 50.000000 50.000000 50.000000 50.000000 50.000000 50.000000 50.000000 50.000000 50.000000 50.000000 50.000000 50.000000 
