50.000000 50.000000 50.000000 50.000000 50.000000 50.000000 50.000000 50.000000 50.000000 50.000000 50.000000 50.000000 50.000000 50.000000 50.000000 50.000000 50.000000 50.000000 50.000000 50.000000 50.000000 50.000000 50.000000 50.000000 50.000000 50.000000 50.000000 50.000000 50.000000 50.000000 50.000000 50.000000 50.000000 50.000000 50.000000 50.000000 50.000000 50.000000 50.000000 50.000000 50.000000 50.000000 50.000000 50.000000 50.000000 50.000000 50.000000 50.000000 50.000000 50.000000 
50.000000 46.810433 43.939493 41.610657 39.904285 38.771381 38.087296 37.710085 37.519351 37.430543 37.392312 37.377037 37.371352 37.369374 37.368729 37.368531 37.368473 37.368458 37.368454 37.368453 37.368452 37.368452 37.368452 37.368452 37.368452 37.368452 37.368452 37.368452 37.368452 37.368452 37.368452 37.368452 37.368452 37.368451 37.368448 37.368435 37.368388 37.368226 37.367689 37.366010 37.361022 37.346953 37.309204 37.212500 36.974326 36.403742 35.049123 31.772773 23.405217 0.000000 
50.000000 43.939493 38.484470 34.059589 30.817517 28.665114 27.365485 26.648899 26.286584 26.117898 26.045287 26.016277 26.005481 26.001725 26.000500 26.000124 26.000015 25.999986 25.999978 25.999976 25.999976 25.999975 25.999975 25.999975 25.999975 25.999975 25.999975 25.999975 25.999975 25.999975 25.999975 25.999975 25.999975 25.999974 25.999968 25.999947 25.999870 25.999602 25.998724 25.995992 25.987939 25.965467 25.906092 25.757364 25.403413 24.600468 22.858251 19.242235 12.166720 0.000000 
50.000000 41.610657 34.059589 27.934682 23.447229 20.468200 18.669582 17.677947 17.176611 16.943224 16.842772 16.802644 16.787712 16.782518 16.780824 16.780304 16.780154 16.780112 16.780102 16.780099 16.780099 16.780098 16.780098 16.780098 16.780098 16.780098 16.780098 16.780098 16.780098 16.780098 16.780098 16.780098 16.780098 16.780096 16.780090 16.780067 16.779982 16.779691 16.778740 16.775805 16.767243 16.743680 16.682566 16.533361 16.190846 15.452945 13.967341 11.201337 6.561534 0.000000 
50.000000 39.904285 30.817517 23.447229 18.047628 14.463312 12.299425 11.106519 10.503491 10.222794 10.101995 10.053745 10.035793 10.029549 10.027513 10.026889 10.026708 10.026659 10.026646 10.026643 10.026642 10.026642 10.026642 10.026642 10.026642 10.026642 10.026642 10.026642 10.026642 10.026642 10.026642 10.026642 10.026641 10.026640 10.026635 10.026614 10.026541 10.026290 10.025475 10.022983 10.015795 9.996294 9.946656 9.828412 9.565691 9.023814 7.994283 6.217049 3.500542 0.000000 
50.000000 38.771381 28.665114 20.468200 14.463312 10.477466 8.071363 6.745050 6.074652 5.762630 5.628366 5.574745 5.554796 5.547860 5.545598 5.544904 5.544703 5.544649 5.544634 5.544631 5.544630 5.544630 5.544630 5.544630 5.544630 5.544630 5.544630 5.544630 5.544630 5.544630 5.544630 5.544630 5.544630 5.544629 5.544625 5.544610 5.544556 5.544374 5.543786 5.542005 5.536924 5.523327 5.489311 5.410037 5.238733 4.897621 4.277354 3.261701 1.797055 0.000000 
50.000000 38.087296 27.365485 18.669582 12.299425 8.071363 5.519217 4.112509 3.401535 3.070659 2.928296 2.871446 2.850299 2.842946 2.840549 2.839814 2.839601 2.839543 2.839528 2.839524 2.839524 2.839523 2.839523 2.839523 2.839523 2.839523 2.839523 2.839523 2.839523 2.839523 2.839523 2.839523 2.839523 2.839523 2.839520 2.839510 2.839476 2.839361 2.838993 2.837887 2.834761 2.826501 2.806150 2.759608 2.661326 2.471013 2.136221 1.608121 0.874796 0.000000 
50.000000 37.710085 26.648899 17.677947 11.106519 6.745050 4.112509 2.661572 1.928290 1.587056 1.440248 1.381627 1.359823 1.352242 1.349771 1.349013 1.348794 1.348734 1.348719 1.348715 1.348714 1.348714 1.348714 1.348714 1.348714 1.348714 1.348714 1.348714 1.348714 1.348714 1.348714 1.348714 1.348714 1.348713 1.348712 1.348706 1.348687 1.348623 1.348418 1.347808 1.346101 1.341637 1.330786 1.306359 1.255740 1.159863 0.995381 0.742807 0.400881 0.000000 
50.000000 37.519351 26.286584 17.176611 10.503491 6.074652 3.401535 1.928290 1.183766 0.837316 0.688271 0.628760 0.606626 0.598931 0.596422 0.595653 0.595431 0.595370 0.595354 0.595351 0.595350 0.595349 0.595349 0.595349 0.595349 0.595349 0.595349 0.595349 0.595349 0.595349 0.595349 0.595349 0.595349 0.595349 0.595348 0.595346 0.595336 0.595304 0.595202 0.594899 0.594059 0.591883 0.586653 0.575034 0.551325 0.507197 0.432932 0.321117 0.172398 0.000000 
50.000000 37.430543 26.117898 16.943224 10.222794 5.762630 3.070659 1.587056 0.837316 0.488448 0.338367 0.278444 0.256158 0.248410 0.245885 0.245110 0.244887 0.244825 0.244810 0.244806 0.244805 0.244804 0.244804 0.244804 0.244804 0.244804 0.244804 0.244804 0.244804 0.244804 0.244804 0.244804 0.244804 0.244804 0.244804 0.244803 0.244798 0.244784 0.244737 0.244601 0.244224 0.243258 0.240956 0.235898 0.225707 0.207000 0.175980 0.129960 0.069521 0.000000 
50.000000 37.392312 26.045287 16.842772 10.101995 5.628366 2.928296 1.440248 0.688271 0.338367 0.187842 0.127744 0.105392 0.097622 0.095089 0.094313 0.094088 0.094027 0.094011 0.094007 0.094006 0.094006 0.094006 0.094006 0.094006 0.094006 0.094006 0.094006 0.094006 0.094006 0.094006 0.094006 0.094006 0.094006 0.094005 0.094005 0.094003 0.093997 0.093978 0.093921 0.093766 0.093372 0.092439 0.090410 0.086361 0.079012 0.066967 0.049295 0.026302 0.000000 
50.000000 37.377037 26.016277 16.802644 10.053745 5.574745 2.871446 1.381627 0.628760 0.278444 0.127744 0.067575 0.045198 0.037419 0.034883 0.034106 0.033881 0.033819 0.033803 0.033799 0.033799 0.033798 0.033798 0.033798 0.033798 0.033798 0.033798 0.033798 0.033798 0.033798 0.033798 0.033798 0.033798 0.033798 0.033798 0.033798 0.033797 0.033795 0.033788 0.033766 0.033707 0.033558 0.033208 0.032453 0.030959 0.028270 0.023904 0.017553 0.009348 0.000000 
50.000000 37.371352 26.005481 16.787712 10.035793 5.554796 2.850299 1.359823 0.606626 0.256158 0.105392 0.045198 0.022811 0.015028 0.012492 0.011714 0.011489 0.011428 0.011412 0.011408 0.011407 0.011407 0.011407 0.011407 0.011407 0.011407 0.011407 0.011407 0.011407 0.011407 0.011407 0.011407 0.011407 0.011407 0.011407 0.011406 0.011406 0.011405 0.011403 0.011395 0.011374 0.011322 0.011200 0.010938 0.010423 0.009503 0.008021 0.005879 0.003126 0.000000 
50.000000 37.369374 26.001725 16.782518 10.029549 5.547860 2.842946 1.352242 0.598931 0.248410 0.097622 0.037419 0.015028 0.007245 0.004708 0.003930 0.003705 0.003644 0.003628 0.003624 0.003623 0.003623 0.003623 0.003623 0.003623 0.003623 0.003623 0.003623 0.003623 0.003623 0.003623 0.003623 0.003623 0.003623 0.003623 0.003623 0.003623 0.003622 0.003621 0.003619 0.003612 0.003595 0.003555 0.003470 0.003304 0.003008 0.002535 0.001856 0.000986 0.000000 
50.000000 37.368729 26.000500 16.780824 10.027513 5.545598 2.840549 1.349771 0.596422 0.245885 0.095089 0.034883 0.012492 0.004708 0.002171 0.001393 0.001168 0.001106 0.001090 0.001086 0.001086 0.001085 0.001085 0.001085 0.001085 0.001085 0.001085 0.001085 0.001085 0.001085 0.001085 0.001085 0.001085 0.001085 0.001085 0.001085 0.001085 0.001085 0.001085 0.001084 0.001082 0.001077 0.001065 0.001039 0.000988 0.000899 0.000757 0.000553 0.000294 0.000000 
50.000000 37.368531 26.000124 16.780304 10.026889 5.544904 2.839814 1.349013 0.595653 0.245110 0.094313 0.034106 0.011714 0.003930 0.001393 0.000615 0.000390 0.000328 0.000313 0.000309 0.000308 0.000307 0.000307 0.000307 0.000307 0.000307 0.000307 0.000307 0.000307 0.000307 0.000307 0.000307 0.000307 0.000307 0.000307 0.000307 0.000307 0.000307 0.000307 0.000307 0.000306 0.000305 0.000301 0.000294 0.000280 0.000254 0.000214 0.000156 0.000083 0.000000 
50.000000 37.368473 26.000015 16.780154 10.026708 5.544703 2.839601 1.348794 0.595431 0.244887 0.094088 0.033881 0.011489 0.003705 0.001168 0.000390 0.000165 0.000104 0.000088 0.000084 0.000083 0.000083 0.000083 0.000083 0.000083 0.000083 0.000083 0.000083 0.000083 0.000083 0.000083 0.000083 0.000083 0.000083 0.000083 0.000083 0.000083 0.000083 0.000082 0.000082 0.000082 0.000082 0.000081 0.000079 0.000075 0.000068 0.000057 0.000042 0.000022 0.000000 
50.000000 37.368458 25.999986 16.780112 10.026659 5.544649 2.839543 1.348734 0.595370 0.244825 0.094027 0.033819 0.011428 0.003644 0.001106 0.000328 0.000104 0.000042 0.000026 0.000022 0.000021 0.000021 0.000021 0.000021 0.000021 0.000021 0.000021 0.000021 0.000021 0.000021 0.000021 0.000021 0.000021 0.000021 0.000021 0.000021 0.000021 0.000021 0.000021 0.000021 0.000021 0.000021 0.000021 0.000020 0.000019 0.000017 0.000015 0.000011 0.000006 0.000000 
50.000000 37.368454 25.999978 16.780102 10.026646 5.544634 2.839528 1.348719 0.595354 0.244810 0.094011 0.033803 0.011412 0.003628 0.001090 0.000313 0.000088 0.000026 0.000010 0.000006 0.000005 0.000005 0.000005 0.000005 0.000005 0.000005 0.000005 0.000005 0.000005 0.000005 0.000005 0.000005 0.000005 0.000005 0.000005 0.000005 0.000005 0.000005 0.000005 0.000005 0.000005 0.000005 0.000005 0.000005 0.000005 0.000004 0.000004 0.000003 0.000001 0.000000 
50.000000 37.368453 25.999976 16.780099 10.026643 5.544631 2.839524 1.348715 0.595351 0.244806 0.094007 0.033799 0.011408 0.003624 0.001086 0.000309 0.000084 0.000022 0.000006 0.000002 0.000001 0.000001 0.000001 0.000001 0.000001 0.000001 0.000001 0.000001 0.000001 0.000001 0.000001 0.000001 0.000001 0.000001 0.000001 0.000001 0.000001 0.000001 0.000001 0.000001 0.000001 0.000001 0.000001 0.000001 0.000001 0.000001 0.000001 0.000001 0.000000 0.000000 
50.000000 37.368452 25.999976 16.780099 10.026642 5.544630 2.839524 1.348714 0.595350 0.244805 0.094006 0.033799 0.011407 0.003623 0.001086 0.000308 0.000083 0.000021 0.000005 0.000001 0.000001 0.000000 0.000000 0.000000 0.000000 0.000000 0.000000 0.000000 0.000000 0.000000 0.000000 0.000000 0.000000 0.000000 0.000000 0.000000 0.000000 0.000000 0.000000 0.000000 0.000000 0.000000 0.000000 0.000000 0.000000 0.000000 0.000000 0.000000 0.000000 0.000000 
50.000000 37.368452 25.999975 16.780098 10.026642 5.544630 2.839523 1.348714 0.595349 0.244804 0.094006 0.033798 0.011407 0.003623 0.001085 0.000307 0.000083 0.000021 0.000005 0.000001 0.000000 0.000000 0.000000 0.000000 0.000000 0.000000 0.000000 0.000000 0.000000 0.000000 0.000000 0.000000 0.000000 0.000000 0.000000 0.000000 0.000000 0.000000 0.000000 0.000000 0.000000 0.000000 0.000000 0.000000 0.000000 0.000000 0.000000 0.000000 0.000000 0.000000 
50.000000 37.368452 25.999975 16.780098 10.026642 5.544630 2.839523 1.348714 0.595349 0.244804 0.094006 0.033798 0.011407 0.003623 0.001085 0.000307 0.000083 0.000021 0.000005 0.000001 0.000000 0.000000 0.000000 0.000000 0.000000 0.000000 0.000000 0.000000 0.000000 0.000000 0.000000 0.000000 0.000000 0.000000 0.000000 0.000000 0.000000 0.000000 0.000000 0.000000 0.000000 0.000000 0.000000 0.000000 0.000000 0.000000 0.000000 0.000000 0.000000 0.000000 
50.000000 37.368452 25.999975 16.780098 10.026642 5.544630 2.839523 1.348714 0.595349 0.244804 0.094006 0.033798 0.011407 0.003623 0.001085 0.000307 0.000083 0.000021 0.000005 0.000001 0.000000 0.000000 0.000000 0.000000 0.000000 0.000000 0.000000 0.000000 0.000000 0.000000 0.000000 0.000000 0.000000 0.000000 0.000000 0.000000 0.000000 0.000000 0.000000 0.000000 0.000000 0.000000 0.000000 0.000000 0.000000 0.000000 0.000000 0.000000 0.000000 0.000000 
50.000000 37.368452 25.999975 16.780098 10.026642 5.544630 2.839523 1.348714 0.595349 0.244804 0.094006 0.033798 0.011407 0.003623 0.001085 0.000307 0.000083 0.000021 0.000005 0.000001 0.000000 0.000000 0.000000 0.000000 0.000000 0.000000 0.000000 0.000000 0.000000 0.000000 0.000000 0.000000 0.000000 0.000000 0.000000 0.000000 0.000000 0.000000 0.000000 0.000000 0.000000 0.000000 0.000000 0.000000 0.000000 0.000000 0.000000 0.000000 0.000000 0.000000 
50.000000 37.368452 25.999975 16.780098 10.026642 5.544630 2.839523 1.348714 0.595349 0.244804 0.094006 0.033798 0.011407 0.003623 0.001085 0.000307 0.000083 0.000021 0.000005 0.000001 0.000000 0.000000 0.000000 0.000000 0.000000 0.000000 0.000000 0.000000 0.000000 0.000000 0.000000 0.000000 0.000000 0.000000 0.000000 0.000000 0.000000 0.000000 0.000000 0.000000 0.000000 0.000000 0.000000 0.000000 0.000000 0.000000 0.000000 0.000000 0.000000 0.000000 
50.000000 37.368452 25.999975 16.780098 10.026642 5.544630 2.839523 1.348714 0.595349 0.244804 0.094006 0.033798 0.011407 0.003623 0.001085 0.000307 0.000083 0.000021 0.000005 0.000001 0.000000 0.000000 0.000000 0.000000 0.000000 0.000000 0.000000 0.000000 0.000000 0.000000 0.000000 0.000000 0.000000 0.000000 0.000000 0.000000 0.000000 0.000000 0.000000 0.000000 0.000000 0.000000 0.000000 0.000000 0.000000 0.000000 0.000000 0.000000 0.000000 0.000000 
50.000000 37.368452 25.999975 16.780098 10.026642 5.544630 2.839523 1.348714 0.595349 0.244804 0.094006 0.033798 0.011407 0.003623 0.001085 0.000307 0.000083 0.000021 0.000005 0.000001 0.000000 0.000000 0.000000 0.000000 0.000000 0.000000 0.000000 0.000000 0.000000 0.000000 0.000000 0.000000 0.000000 0.000000 0.000000 0.000000 0.000000 0.000000 0.000000 0.000000 0.000000 0.000000 0.000000 0.000000 0.000000 0.000000 0.000000 0.000000 0.000000 0.000000 
50.000000 37.368452 25.999975 16.780098 10.026642 5.544630 2.839523 1.348714 0.595349 0.244804 0.094006 0.033798 0.011407 0.003623 0.001085 0.000307 0.000083 0.000021 0.000005 0.000001 0.000000 0.000000 0.000000 0.000000 0.000000 0.000000 0.000000 0.000000 0.000000 0.000000 0.000000 0.000000 0.000000 0.000000 0.000000 0.000000 0.000000 0.000000 0.000000 0.000000 0.000000 0.000000 0.000000 0.000000 0.000000 0.000000 0.000000 0.000000 0.000000 0.000000 
50.000000 37.368452 25.999976 16.780099 10.026642 5.544630 2.839524 1.348714 0.595350 0.244805 0.094006 0.033799 0.011407 0.003623 0.001086 0.000308 0.000083 0.000021 0.000005 0.000001 0.000001 0.000000 0.000000 0.000000 0.000000 0.000000 0.000000 0.000000 0.000000 0.000000 0.000000 0.000000 0.000000 0.000000 0.000000 0.000000 0.000000 0.000000 0.000000 0.000000 0.000000 0.000000 0.000000 0.000000 0.000000 0.000000 0.000000 0.000000 0.000000 0.000000 
50.000000 37.368453 25.999976 16.780099 10.026643 5.544631 2.839524 1.348715 0.595351 0.244806 0.094007 0.033799 0.011408 0.003624 0.001086 0.000309 0.000084 0.000022 0.000006 0.000002 0.000001 0.000001 0.000001 0.000001 0.000001 0.000001 0.000001 0.000001 0.000001 0.000001 0.000001 0.000001 0.000001 0.000001 0.000001 0.000001 0.000001 0.000001 0.000001 0.000001 0.000001 0.000001 0.000001 0.000001 0.000001 0.000001 0.000001 0.000001 0.000000 0.000000 
50.000000 37.368454 25.999978 16.780102 10.026646 5.544634 2.839528 1.348719 0.595354 0.244810 0.094011 0.033803 0.011412 0.003628 0.001090 0.000313 0.000088 0.000026 0.000010 0.000006 0.000005 0.000005 0.000005 0.000005 0.000005 0.000005 0.000005 0.000005 0.000005 0.000005 0.000005 0.000005 0.000005 0.000005 0.000005 0.000005 0.000005 0.000005 0.000005 0.000005 0.000005 0.000005 0.000005 0.000005 0.000005 0.000004 0.000004 0.000003 0.000001 0.000000 
50.000000 37.368458 25.999986 16.780112 10.026659 5.544649 2.839543 1.348734 0.595370 0.244825 0.094027 0.033819 0.011428 0.003644 0.001106 0.000328 0.000104 0.000042 0.000026 0.000022 0.000021 0.000021 0.000021 0.000021 0.000021 0.000021 0.000021 0.000021 0.000021 0.000021 0.000021 0.000021 0.000021 0.000021 0.000021 0.000021 0.000021 0.000021 0.000021 0.000021 0.000021 0.000021 0.000021 0.000020 0.000019 0.000017 0.000015 0.000011 0.000006 0.000000 
50.000000 37.368473 26.000015 16.780154 10.026708 5.544703 2.839601 1.348794 0.595431 0.244887 0.094088 0.033881 0.011489 0.003705 0.001168 0.000390 0.000165 0.000104 0.000088 0.000084 0.000083 0.000083 0.000083 0.000083 0.000083 0.000083 0.000083 0.000083 0.000083 0.000083 0.000083 0.000083 0.000083 0.000083 0.000083 0.000083 0.000083 0.000083 0.000082 0.000082 0.000082 0.000082 0.000081 0.000079 0.000075 0.000068 0.000057 0.000042 0.000022 0.000000 
50.000000 37.368531 26.000124 16.780304 10.026889 5.544904 2.839814 1.349013 0.595653 0.245110 0.094313 0.034106 0.011714 0.003930 0.001393 0.000615 0.000390 0.000328 0.000313 0.000309 0.000308 0.000307 0.000307 0.000307 0.000307 0.000307 0.000307 0.000307 0.000307 0.000307 0.000307 0.000307 0.000307 0.000307 0.000307 0.000307 0.000307 0.000307 0.000307 0.000307 0.000306 0.000305 0.000301 0.000294 0.000280 0.000254 0.000214 0.000156 0.000083 0.000000 
50.000000 37.368729 26.000500 16.780824 10.027513 5.545598 2.840549 1.349771 0.596422 0.245885 0.095089 0.034883 0.012492 0.004708 0.002171 0.001393 0.001168 0.001106 0.001090 0.001086 0.001086 0.001085 0.001085 0.001085 0.001085 0.001085 0.001085 0.001085 0.001085 0.001085 0.001085 0.001085 0.001085 0.001085 0.001085 0.001085 0.001085 0.001085 0.001085 0.001084 0.001082 0.001077 0.001065 0.001039 0.000988 0.000899 0.000757 0.000553 0.000294 0.000000 
50.000000 37.369374 26.001725 16.782518 10.029549 5.547860 2.842946 1.352242 0.598931 0.248410 0.097622 0.037419 0.015028 0.007245 0.004708 0.003930 0.003705 0.003644 0.003628 0.003624 0.003623 0.003623 0.003623 0.003623 0.003623 0.003623 0.003623 0.003623 0.003623 0.003623 0.003623 0.003623 0.003623 0.003623 0.003623 0.003623 0.003623 0.003622 0.003621 0.003619 0.003612 0.003595 0.003555 0.003470 0.003304 0.003008 0.002535 0.001856 0.000986 0.000000 
50.000000 37.371352 26.005481 16.787712 10.035793 5.554796 2.850299 1.359823 0.606626 0.256158 0.105392 0.045198 0.022811 0.015028 0.012492 0.011714 0.011489 0.011428 0.011412 0.011408 0.011407 0.011407 0.011407 0.011407 0.011407 0.011407 0.011407 0.011407 0.011407 0.011407 0.011407 0.011407 0.011407 0.011407 0.011407 0.011406 0.011406 0.011405 0.011403 0.011395 0.011374 0.011322 0.011200 0.010938 0.010423 0.009503 0.008021 0.005879 0.003126 0.000000 
50.000000 37.377037 26.016277 16.802644 10.053745 5.574745 2.871446 1.381627 0.628760 0.278444 0.127744 0.067575 0.045198 0.037419 0.034883 0.034106 0.033881 0.033819 0.033803 0.033799 0.033799 0.033798 0.033798 0.033798 0.033798 0.033798 0.033798 0.033798 0.033798 0.033798 0.033798 0.033798 0.033798 0.033798 0.033798 0.033798 0.033797 0.033795 0.033788 0.033766 0.033707 0.033558 0.033208 0.032453 0.030959 0.028270 0.023904 0.017553 0.009348 0.000000 
50.000000 37.392312 26.045287 16.842772 10.101995 5.628366 2.928296 1.440248 0.688271 0.338367 0.187842 0.127744 0.105392 0.097622 0.095089 0.094313 0.094088 0.094027 0.094011 0.094007 0.094006 0.094006 0.094006 0.094006 0.094006 0.094006 0.094006 0.094006 0.094006 0.094006 0.094006 0.094006 0.094006 0.094006 0.094005 0.094005 0.094003 0.093997 0.093978 0.093921 0.093766 0.093372 0.092439 0.090410 0.086361 0.079012 0.066967 0.049295 0.026302 0.000000 
50.000000 37.430543 26.117898 16.943224 10.222794 5.762630 3.070659 1.587056 0.837316 0.488448 0.338367 0.278444 0.256158 0.248410 0.245885 0.245110 0.244887 0.244825 0.244810 0.244806 0.244805 0.244804 0.244804 0.244804 0.244804 0.244804 0.244804 0.244804 0.244804 0.244804 0.244804 0.244804 0.244804 0.244804 0.244804 0.244803 0.244798 0.244784 0.244737 0.244601 0.244224 0.243258 0.240956 0.235898 0.225707 0.207000 0.175980 0.129960 0.069521 0.000000 
50.000000 37.519351 26.286584 17.176611 10.503491 6.074652 3.401535 1.928290 1.183766 0.837316 0.688271 0.628760 0.606626 0.598931 0.596422 0.595653 0.595431 0.595370 0.595354 0.595351 0.595350 0.595349 0.595349 0.595349 0.595349 0.595349 0.595349 0.595349 0.595349 0.595349 0.595349 0.595349 0.595349 0.595349 0.595348 0.595346 0.595336 0.595304 0.595202 0.594899 0.594059 0.591883 0.586653 0.575034 0.551325 0.507197 0.432932 0.321117 0.172398 0.000000 
50.000000 37.710085 26.648899 17.677947 11.106519 6.745050 4.112509 2.661572 1.928290 1.587056 1.440248 1.381627 1.359823 1.352242 1.349771 1.349013 1.348794 1.348734 1.348719 1.348715 1.348714 1.348714 1.348714 1.348714 1.348714 1.348714 1.348714 1.348714 1.348714 1.348714 1.348714 1.348714 1.348714 1.348713 1.348712 1.348706 1.348687 1.348623 1.348418 1.347808 1.346101 1.341637 1.330786 1.306359 1.255740 1.159863 0.995381 0.742807 0.400881 0.000000 
50.000000 38.087296 27.365485 18.669582 12.299425 8.071363 5.519217 4.112509 3.401535 3.070659 2.928296 2.871446 2.850299 2.842946 2.840549 2.839814 2.839601 2.839543 2.839528 2.839524 2.839524 2.839523 2.839523 2.839523 2.839523 2.839523 2.839523 2.839523 2.839523 2.839523 2.839523 2.839523 2.839523 2.839523 2.839520 2.839510 2.839476 2.839361 2.838993 2.837887 2.834761 2.826501 2.806150 2.759608 2.661326 2.471013 2.136221 1.608121 0.874796 0.000000 
50.000000 38.771381 28.665114 20.468200 14.463312 10.477466 8.071363 6.745050 6.074652 5.762630 5.628366 5.574745 5.554796 5.547860 5.545598 5.544904 5.544703 5.544649 5.544634 5.544631 5.544630 5.544630 5.544630 5.544630 5.544630 5.544630 5.544630 5.544630 5.544630 5.544630 5.544630 5.544630 5.544630 5.544629 5.544625 5.544610 5.544556 5.544374 5.543786 5.542005 5.536924 5.523327 5.489311 5.410037 5.238733 4.897621 4.277354 3.261701 1.797055 0.000000 
50.000000 39.904285 30.817517 23.447229 18.047628 14.463312 12.299425 11.106519 10.503491 10.222794 10.101995 10.053745 10.035793 10.029549 10.027513 10.026889 10.026708 10.026659 10.026646 10.026643 10.026642 10.026642 10.026642 10.026642 10.026642 10.026642 10.026642 10.026642 10.026642 10.026642 10.026642 10.026642 10.026641 10.026640 10.026635 10.026614 10.026541 10.026290 10.025475 10.022983 10.015795 9.996294 9.946656 9.828412 9.565691 9.023814 7.994283 6.217049 3.500542 0.000000 
50.000000 41.610657 34.059589 27.934682 23.447229 20.468200 18.669582 17.677947 17.176611 16.943224 16.842772 16.802644 16.787712 16.782518 16.780824 16.780304 16.780154 16.780112 16.780102 16.780099 16.780099 16.780098 16.780098 16.780098 16.780098 16.780098 16.780098 16.780098 16.780098 16.780098 16.780098 16.780098 16.780098 16.780096 16.780090 16.780067 16.779982 16.779691 16.778740 16.775805 16.767243 16.743680 16.682566 16.533361 16.190846 15.452945 13.967341 11.201337 6.561534 0.000000 
50.000000 43.939493 38.484470 34.059589 30.817517 28.665114 27.365485 26.648899 26.286584 26.117898 26.045287 26.016277 26.005481 26.001725 26.000500 26.000124 26.000015 25.999986 25.999978 25.999976 25.999976 25.999975 25.999975 25.999975 25.999975 25.999975 25.999975 25.999975 25.999975 25.999975 25.999975 25.999975 25.999975 25.999974 25.999968 25.999947 25.999870 25.999602 25.998724 25.995992 25.987939 25.965467 25.906092 25.757364 25.403413 24.600468 22.858251 19.242235 12.166720 0.000000 
50.000000 46.810433 43.939493 41.610657 39.904285 38.771381 38.087296 37.710085 37.519351 37.430543 37.392312 37.377037 37.371352 37.369374 37.368729 37.368531 37.368473 37.368458 37.368454 37.368453 37.368452 37.368452 37.368452 37.368452 37.368452 37.368452 37.368452 37.368452 37.368452 37.368452 37.368452 37.368452 37.368452 37.368451 37.368448 37.368435 37.368388 37.368226 37.367689 37.366010 37.361022 37.346953 37.309204 37.212500 36.974326 36.403742 35.049123 31.772773 23.405217 0.000000 
50.000000 50.000000 50.000000 50.000000 50.000000 50.000000 50.000000 50.000000 50.000000 50.000000 50.000000 50.000000 50.000000 50.000000 50.000000 50.000000 50.000000 50.000000 50.000000 50.000000 50.000000 50.000000 50.000000 50.000000 50.000000 50.000000 50.000000 50.000000 50.000000 50.000000 50.000000 50.000000 50.000000 50.000000 50.000000 50.000000 50.000000 50.000000 50.000000 50.000000 50.000000 50.000000 50.000000 50.000000 50.000000 50.000000 50.000000 50.000000 50.000000 50.000000 
