50.000000 50.000000 50.000000 50.000000 50.000000 50.000000 50.000000 50.000000 50.000000 50.000000 50.000000 50.000000 50.000000 50.000000 50.000000 50.000000 50.000000 50.000000 50.000000 50.000000 50.000000 50.000000 50.000000 50.000000 50.000000 50.000000 50.000000 50.000000 50.000000 50.000000 50.000000 50.000000 50.000000 50.000000 50.000000 50.000000 50.000000 50.000000 50.000000 50.000000 50.000000 50.000000 50.000000 50.000000 50.000000 50.000000 50.000000 50.000000 50.000000 50.000000 
50.000000 47.226867 44.694721 42.581905 40.968531 39.838703 39.111267 38.679432 38.442350 38.321600 38.264370 38.239052 38.228566 38.224489 38.222997 38.222482 38.222313 38.222261 38.222246 38.222242 38.222240 38.222240 38.222240 38.222240 38.222240 38.222240 38.222240 38.222240 38.222240 38.222240 38.222240 38.222240 38.222239 38.222236 38.222225 38.222189 38.222071 38.221702 38.220611 38.217528 38.209218 38.187824 38.135082 38.009991 37.722287 37.072365 35.601482 32.169776 23.613433 0.000000 
50.000000 44.694721 39.850510 35.808572 32.722161 30.560840 29.169326 28.343299 27.889822 27.658870 27.549415 27.500994 27.480942 27.473146 27.470293 27.469307 27.468986 27.468886 27.468857 27.468848 27.468846 27.468846 27.468845 27.468845 27.468845 27.468845 27.468845 27.468845 27.468845 27.468845 27.468845 27.468845 27.468844 27.468839 27.468820 27.468759 27.468558 27.467937 27.466105 27.460958 27.447189 27.412117 27.326949 27.129386 26.690226 25.750788 23.808551 19.925255 12.524945 0.000000 
50.000000 42.581905 35.808572 30.157124 25.841832 22.820086 20.874706 19.719960 19.086061 18.763245 18.610264 18.542594 18.514572 18.503679 18.499693 18.498316 18.497867 18.497727 18.497686 18.497675 18.497672 18.497671 18.497671 18.497671 18.497671 18.497671 18.497671 18.497671 18.497671 18.497671 18.497671 18.497670 18.497669 18.497663 18.497642 18.497571 18.497343 18.496638 18.494572 18.488813 18.473570 18.435274 18.344004 18.137698 17.695552 16.798052 15.078562 12.000022 6.980423 0.000000 
50.000000 40.968531 32.722161 25.841832 20.588395 16.909899 14.541845 13.136302 12.364785 11.971920 11.785758 11.703420 11.669327 11.656075 11.651226 11.649552 11.649005 11.648836 11.648786 11.648772 11.648769 11.648768 11.648767 11.648767 11.648767 11.648767 11.648767 11.648767 11.648767 11.648767 11.648767 11.648767 11.648765 11.648760 11.648741 11.648676 11.648466 11.647825 11.645957 11.640799 11.627302 11.593890 11.515775 11.343609 10.986800 10.294198 9.043780 6.971373 3.896167 0.000000 
50.000000 39.838703 30.560840 22.820086 16.909899 12.771742 10.107936 8.526959 7.659211 7.217380 7.008035 6.915451 6.877120 6.862222 6.856772 6.854890 6.854276 6.854086 6.854030 6.854014 6.854010 6.854009 6.854008 6.854008 6.854008 6.854008 6.854008 6.854008 6.854008 6.854008 6.854008 6.854008 6.854007 6.854002 6.853987 6.853936 6.853773 6.853276 6.851839 6.847906 6.837734 6.812910 6.755911 6.633117 6.385871 5.923099 5.124534 3.870614 2.116416 0.000000 
50.000000 39.111267 29.169326 20.874706 14.541845 10.107936 7.253899 5.560122 4.630525 4.157238 3.933006 3.833847 3.792798 3.776845 3.771009 3.768994 3.768337 3.768133 3.768073 3.768056 3.768052 3.768051 3.768050 3.768050 3.768050 3.768050 3.768050 3.768050 3.768050 3.768050 3.768050 3.768050 3.768049 3.768046 3.768036 3.768001 3.767889 3.767551 3.766580 3.763949 3.757214 3.740995 3.704349 3.626950 3.474819 3.198236 2.737008 2.039941 1.101277 0.000000 
50.000000 38.679432 28.343299 19.719960 13.136302 8.526959 5.560122 3.799486 2.833248 2.341335 2.108294 2.005246 1.962590 1.946014 1.939950 1.937857 1.937174 1.936963 1.936900 1.936883 1.936878 1.936877 1.936877 1.936877 1.936877 1.936877 1.936877 1.936877 1.936877 1.936877 1.936877 1.936877 1.936876 1.936874 1.936868 1.936846 1.936778 1.936572 1.935987 1.934411 1.930418 1.920914 1.899743 1.855772 1.771047 1.620527 1.375957 1.016351 0.544350 0.000000 
50.000000 38.442350 27.889822 19.086061 12.364785 7.659211 4.630525 2.833248 1.846940 1.344830 1.106969 1.001796 0.958261 0.941345 0.935157 0.933022 0.932325 0.932109 0.932045 0.932028 0.932023 0.932022 0.932021 0.932021 0.932021 0.932021 0.932021 0.932021 0.932021 0.932021 0.932021 0.932021 0.932021 0.932020 0.932016 0.932004 0.931966 0.931853 0.931533 0.930678 0.928530 0.923470 0.912334 0.889531 0.846301 0.770896 0.650788 0.477705 0.254526 0.000000 
50.000000 38.321600 27.658870 18.763245 11.971920 7.217380 4.157238 2.341335 1.344830 0.837543 0.597237 0.490985 0.447006 0.429918 0.423668 0.421510 0.420806 0.420588 0.420524 0.420506 0.420501 0.420500 0.420500 0.420500 0.420500 0.420500 0.420500 0.420500 0.420500 0.420500 0.420500 0.420500 0.420499 0.420499 0.420497 0.420491 0.420472 0.420415 0.420255 0.419830 0.418772 0.416300 0.410917 0.400024 0.379646 0.344618 0.289676 0.211681 0.112382 0.000000 
50.000000 38.264370 27.549415 18.610264 11.785758 7.008035 3.933006 2.108294 1.106969 0.597237 0.355776 0.249016 0.204828 0.187658 0.181379 0.179211 0.178504 0.178285 0.178220 0.178202 0.178197 0.178196 0.178196 0.178196 0.178196 0.178196 0.178196 0.178196 0.178196 0.178196 0.178196 0.178196 0.178196 0.178195 0.178195 0.178192 0.178183 0.178156 0.178083 0.177888 0.177407 0.176291 0.173883 0.169057 0.160128 0.144959 0.121450 0.088457 0.046842 0.000000 
50.000000 38.239052 27.500994 18.542594 11.703420 6.915451 3.833847 2.005246 1.001796 0.490985 0.249016 0.142033 0.097752 0.080547 0.074254 0.072082 0.071373 0.071154 0.071089 0.071071 0.071066 0.071065 0.071065 0.071065 0.071065 0.071065 0.071065 0.071065 0.071065 0.071065 0.071065 0.071065 0.071065 0.071065 0.071064 0.071063 0.071059 0.071048 0.071016 0.070934 0.070730 0.070262 0.069260 0.067267 0.063612 0.057463 0.048022 0.034889 0.018441 0.000000 
50.000000 38.228566 27.480942 18.514572 11.669327 6.877120 3.792798 1.962590 0.958261 0.447006 0.204828 0.097752 0.053434 0.036214 0.029916 0.027742 0.027032 0.026813 0.026748 0.026730 0.026725 0.026724 0.026724 0.026724 0.026724 0.026724 0.026724 0.026724 0.026724 0.026724 0.026724 0.026724 0.026724 0.026724 0.026723 0.026723 0.026721 0.026717 0.026704 0.026672 0.026591 0.026408 0.026018 0.025247 0.023845 0.021502 0.017934 0.013005 0.006864 0.000000 
50.000000 38.224489 27.473146 18.503679 11.656075 6.862222 3.776845 1.946014 0.941345 0.429918 0.187658 0.080547 0.036214 0.018988 0.012688 0.010513 0.009804 0.009584 0.009519 0.009501 0.009496 0.009495 0.009495 0.009495 0.009495 0.009495 0.009495 0.009495 0.009495 0.009495 0.009495 0.009495 0.009495 0.009495 0.009495 0.009495 0.009494 0.009492 0.009488 0.009475 0.009446 0.009379 0.009236 0.008956 0.008449 0.007609 0.006336 0.004588 0.002419 0.000000 
50.000000 38.222997 27.470293 18.499693 11.651226 6.856772 3.771009 1.939950 0.935157 0.423668 0.181379 0.074254 0.029916 0.012688 0.006387 0.004212 0.003502 0.003283 0.003218 0.003200 0.003195 0.003194 0.003194 0.003194 0.003194 0.003194 0.003194 0.003194 0.003194 0.003194 0.003194 0.003194 0.003194 0.003194 0.003194 0.003193 0.003193 0.003193 0.003191 0.003187 0.003177 0.003153 0.003104 0.003008 0.002836 0.002551 0.002121 0.001534 0.000808 0.000000 
50.000000 38.222482 27.469307 18.498316 11.649552 6.854890 3.768994 1.937857 0.933022 0.421510 0.179211 0.072082 0.027742 0.010513 0.004212 0.002038 0.001328 0.001108 0.001043 0.001025 0.001020 0.001019 0.001019 0.001019 0.001019 0.001019 0.001019 0.001019 0.001019 0.001019 0.001019 0.001019 0.001019 0.001019 0.001019 0.001019 0.001019 0.001019 0.001018 0.001017 0.001013 0.001006 0.000990 0.000959 0.000903 0.000811 0.000674 0.000487 0.000256 0.000000 
50.000000 38.222313 27.468986 18.497867 11.649005 6.854276 3.768337 1.937174 0.932325 0.420806 0.178504 0.071373 0.027032 0.009804 0.003502 0.001328 0.000618 0.000398 0.000333 0.000315 0.000310 0.000309 0.000309 0.000309 0.000309 0.000309 0.000309 0.000309 0.000309 0.000309 0.000309 0.000309 0.000309 0.000309 0.000309 0.000309 0.000309 0.000309 0.000309 0.000308 0.000307 0.000305 0.000300 0.000290 0.000273 0.000245 0.000204 0.000147 0.000077 0.000000 
50.000000 38.222261 27.468886 18.497727 11.648836 6.854086 3.768133 1.936963 0.932109 0.420588 0.178285 0.071154 0.026813 0.009584 0.003283 0.001108 0.000398 0.000178 0.000114 0.000096 0.000091 0.000090 0.000089 0.000089 0.000089 0.000089 0.000089 0.000089 0.000089 0.000089 0.000089 0.000089 0.000089 0.000089 0.000089 0.000089 0.000089 0.000089 0.000089 0.000089 0.000089 0.000088 0.000086 0.000084 0.000079 0.000071 0.000059 0.000042 0.000022 0.000000 
50.000000 38.222246 27.468857 18.497686 11.648786 6.854030 3.768073 1.936900 0.932045 0.420524 0.178220 0.071089 0.026748 0.009519 0.003218 0.001043 0.000333 0.000114 0.000049 0.000031 0.000026 0.000025 0.000025 0.000025 0.000025 0.000025 0.000025 0.000025 0.000025 0.000025 0.000025 0.000025 0.000025 0.000025 0.000025 0.000025 0.000025 0.000025 0.000025 0.000024 0.000024 0.000024 0.000024 0.000023 0.000022 0.000019 0.000016 0.000012 0.000006 0.000000 
50.000000 38.222242 27.468848 18.497675 11.648772 6.854014 3.768056 1.936883 0.932028 0.420506 0.178202 0.071071 0.026730 0.009501 0.003200 0.001025 0.000315 0.000096 0.000031 0.000013 0.000008 0.000007 0.000007 0.000006 0.000006 0.000006 0.000006 0.000006 0.000006 0.000006 0.000006 0.000006 0.000006 0.000006 0.000006 0.000006 0.000006 0.000006 0.000006 0.000006 0.000006 0.000006 0.000006 0.000006 0.000006 0.000005 0.000004 0.000003 0.000002 0.000000 
50.000000 38.222240 27.468846 18.497672 11.648769 6.854010 3.768052 1.936878 0.932023 0.420501 0.178197 0.071066 0.026725 0.009496 0.003195 0.001020 0.000310 0.000091 0.000026 0.000008 0.000003 0.000002 0.000002 0.000002 0.000002 0.000002 0.000002 0.000002 0.000002 0.000002 0.000002 0.000002 0.000002 0.000002 0.000002 0.000002 0.000002 0.000002 0.000002 0.000002 0.000002 0.000002 0.000002 0.000002 0.000001 0.000001 0.000001 0.000001 0.000000 0.000000 
50.000000 38.222240 27.468846 18.497671 11.648768 6.854009 3.768051 1.936877 0.932022 0.420500 0.178196 0.071065 0.026724 0.009495 0.003194 0.001019 0.000309 0.000090 0.000025 0.000007 0.000002 0.000001 0.000000 0.000000 0.000000 0.000000 0.000000 0.000000 0.000000 0.000000 0.000000 0.000000 0.000000 0.000000 0.000000 0.000000 0.000000 0.000000 0.000000 0.000000 0.000000 0.000000 0.000000 0.000000 0.000000 0.000000 0.000000 0.000000 0.000000 0.000000 
50.000000 38.222240 27.468845 18.497671 11.648767 6.854008 3.768050 1.936877 0.932021 0.420500 0.178196 0.071065 0.026724 0.009495 0.003194 0.001019 0.000309 0.000089 0.000025 0.000007 0.000002 0.000000 0.000000 0.000000 0.000000 0.000000 0.000000 0.000000 0.000000 0.000000 0.000000 0.000000 0.000000 0.000000 0.000000 0.000000 0.000000 0.000000 0.000000 0.000000 0.000000 0.000000 0.000000 0.000000 0.000000 0.000000 0.000000 0.000000 0.000000 0.000000 
50.000000 38.222240 27.468845 18.497671 11.648767 6.854008 3.768050 1.936877 0.932021 0.420500 0.178196 0.071065 0.026724 0.009495 0.003194 0.001019 0.000309 0.000089 0.000025 0.000006 0.000002 0.000000 0.000000 0.000000 0.000000 0.000000 0.000000 0.000000 0.000000 0.000000 0.000000 0.000000 0.000000 0.000000 0.000000 0.000000 0.000000 0.000000 0.000000 0.000000 0.000000 0.000000 0.000000 0.000000 0.000000 0.000000 0.000000 0.000000 0.000000 0.000000 
50.000000 38.222240 27.468845 18.497671 11.648767 6.854008 3.768050 1.936877 0.932021 0.420500 0.178196 0.071065 0.026724 0.009495 0.003194 0.001019 0.000309 0.000089 0.000025 0.000006 0.000002 0.000000 0.000000 0.000000 0.000000 0.000000 0.000000 0.000000 0.000000 0.000000 0.000000 0.000000 0.000000 0.000000 0.000000 0.000000 0.000000 0.000000 0.000000 0.000000 0.000000 0.000000 0.000000 0.000000 0.000000 0.000000 0.000000 0.000000 0.000000 0.000000 
50.000000 38.222240 27.468845 18.497671 11.648767 6.854008 3.768050 1.936877 0.932021 0.420500 0.178196 0.071065 0.026724 0.009495 0.003194 0.001019 0.000309 0.000089 0.000025 0.000006 0.000002 0.000000 0.000000 0.000000 0.000000 0.000000 0.000000 0.000000 0.000000 0.000000 0.000000 0.000000 0.000000 0.000000 0.000000 0.000000 0.000000 0.000000 0.000000 0.000000 0.000000 0.000000 0.000000 0.000000 0.000000 0.000000 0.000000 0.000000 0.000000 0.000000 
50.000000 38.222240 27.468845 18.497671 11.648767 6.854008 3.768050 1.936877 0.932021 0.420500 0.178196 0.071065 0.026724 0.009495 0.003194 0.001019 0.000309 0.000089 0.000025 0.000006 0.000002 0.000000 0.000000 0.000000 0.000000 0.000000 0.000000 0.000000 0.000000 0.000000 0.000000 0.000000 0.000000 0.000000 0.000000 0.000000 0.000000 0.000000 0.000000 0.000000 0.000000 0.000000 0.000000 0.000000 0.000000 0.000000 0.000000 0.000000 0.000000 0.000000 
50.000000 38.222240 27.468845 18.497671 11.648767 6.854008 3.768050 1.936877 0.932021 0.420500 0.178196 0.071065 0.026724 0.009495 0.003194 0.001019 0.000309 0.000089 0.000025 0.000007 0.000002 0.000000 0.000000 0.000000 0.000000 0.000000 0.000000 0.000000 0.000000 0.000000 0.000000 0.000000 0.000000 0.000000 0.000000 0.000000 0.000000 0.000000 0.000000 0.000000 0.000000 0.000000 0.000000 0.000000 0.000000 0.000000 0.000000 0.000000 0.000000 0.000000 
50.000000 38.222240 27.468846 18.497671 11.648768 6.854009 3.768051 1.936877 0.932022 0.420500 0.178196 0.071065 0.026724 0.009495 0.003194 0.001019 0.000309 0.000090 0.000025 0.000007 0.000002 0.000001 0.000000 0.000000 0.000000 0.000000 0.000000 0.000000 0.000000 0.000000 0.000000 0.000000 0.000000 0.000000 0.000000 0.000000 0.000000 0.000000 0.000000 0.000000 0.000000 0.000000 0.000000 0.000000 0.000000 0.000000 0.000000 0.000000 0.000000 0.000000 
50.000000 38.222240 27.468846 18.497672 11.648769 6.854010 3.768052 1.936878 0.932023 0.420501 0.178197 0.071066 0.026725 0.009496 0.003195 0.001020 0.000310 0.000091 0.000026 0.000008 0.000003 0.000002 0.000002 0.000002 0.000002 0.000002 0.000002 0.000002 0.000002 0.000002 0.000002 0.000002 0.000002 0.000002 0.000002 0.000002 0.000002 0.000002 0.000002 0.000002 0.000002 0.000002 0.000002 0.000002 0.000001 0.000001 0.000001 0.000001 0.000000 0.000000 
50.000000 38.222242 27.468848 18.497675 11.648772 6.854014 3.768056 1.936883 0.932028 0.420506 0.178202 0.071071 0.026730 0.009501 0.003200 0.001025 0.000315 0.000096 0.000031 0.000013 0.000008 0.000007 0.000007 0.000006 0.000006 0.000006 0.000006 0.000006 0.000006 0.000006 0.000006 0.000006 0.000006 0.000006 0.000006 0.000006 0.000006 0.000006 0.000006 0.000006 0.000006 0.000006 0.000006 0.000006 0.000006 0.000005 0.000004 0.000003 0.000002 0.000000 
50.000000 38.222246 27.468857 18.497686 11.648786 6.854030 3.768073 1.936900 0.932045 0.420524 0.178220 0.071089 0.026748 0.009519 0.003218 0.001043 0.000333 0.000114 0.000049 0.000031 0.000026 0.000025 0.000025 0.000025 0.000025 0.000025 0.000025 0.000025 0.000025 0.000025 0.000025 0.000025 0.000025 0.000025 0.000025 0.000025 0.000025 0.000025 0.000025 0.000024 0.000024 0.000024 0.000024 0.000023 0.000022 0.000019 0.000016 0.000012 0.000006 0.000000 
50.000000 38.222261 27.468886 18.497727 11.648836 6.854086 3.768133 1.936963 0.932109 0.420588 0.178285 0.071154 0.026813 0.009584 0.003283 0.001108 0.000398 0.000178 0.000114 0.000096 0.000091 0.000090 0.000089 0.000089 0.000089 0.000089 0.000089 0.000089 0.000089 0.000089 0.000089 0.000089 0.000089 0.000089 0.000089 0.000089 0.000089 0.000089 0.000089 0.000089 0.000089 0.000088 0.000086 0.000084 0.000079 0.000071 0.000059 0.000042 0.000022 0.000000 
50.000000 38.222313 27.468986 18.497867 11.649005 6.854276 3.768337 1.937174 0.932325 0.420806 0.178504 0.071373 0.027032 0.009804 0.003502 0.001328 0.000618 0.000398 0.000333 0.000315 0.000310 0.000309 0.000309 0.000309 0.000309 0.000309 0.000309 0.000309 0.000309 0.000309 0.000309 0.000309 0.000309 0.000309 0.000309 0.000309 0.000309 0.000309 0.000309 0.000308 0.000307 0.000305 0.000300 0.000290 0.000273 0.000245 0.000204 0.000147 0.000077 0.000000 
50.000000 38.222482 27.469307 18.498316 11.649552 6.854890 3.768994 1.937857 0.933022 0.421510 0.179211 0.072082 0.027742 0.010513 0.004212 0.002038 0.001328 0.001108 0.001043 0.001025 0.001020 0.001019 0.001019 0.001019 0.001019 0.001019 0.001019 0.001019 0.001019 0.001019 0.001019 0.001019 0.001019 0.001019 0.001019 0.001019 0.001019 0.001019 0.001018 0.001017 0.001013 0.001006 0.000990 0.000959 0.000903 0.000811 0.000674 0.000487 0.000256 0.000000 
50.000000 38.222997 27.470293 18.499693 11.651226 6.856772 3.771009 1.939950 0.935157 0.423668 0.181379 0.074254 0.029916 0.012688 0.006387 0.004212 0.003502 0.003283 0.003218 0.003200 0.003195 0.003194 0.003194 0.003194 0.003194 0.003194 0.003194 0.003194 0.003194 0.003194 0.003194 0.003194 0.003194 0.003194 0.003194 0.003193 0.003193 0.003193 0.003191 0.003187 0.003177 0.003153 0.003104 0.003008 0.002836 0.002551 0.002121 0.001534 0.000808 0.000000 
50.000000 38.224489 27.473146 18.503679 11.656075 6.862222 3.776845 1.946014 0.941345 0.429918 0.187658 0.080547 0.036214 0.018988 0.012688 0.010513 0.009804 0.009584 0.009519 0.009501 0.009496 0.009495 0.009495 0.009495 0.009495 0.009495 0.009495 0.009495 0.009495 0.009495 0.009495 0.009495 0.009495 0.009495 0.009495 0.009495 0.009494 0.009492 0.009488 0.009475 0.009446 0.009379 0.009236 0.008956 0.008449 0.007609 0.006336 0.004588 0.002419 0.000000 
50.000000 38.228566 27.480942 18.514572 11.669327 6.877120 3.792798 1.962590 0.958261 0.447006 0.204828 0.097752 0.053434 0.036214 0.029916 0.027742 0.027032 0.026813 0.026748 0.026730 0.026725 0.026724 0.026724 0.026724 0.026724 0.026724 0.026724 0.026724 0.026724 0.026724 0.026724 0.026724 0.026724 0.026724 0.026723 0.026723 0.026721 0.026717 0.026704 0.026672 0.026591 0.026408 0.026018 0.025247 0.023845 0.021502 0.017934 0.013005 0.006864 0.000000 
50.000000 38.239052 27.500994 18.542594 11.703420 6.915451 3.833847 2.005246 1.001796 0.490985 0.249016 0.142033 0.097752 0.080547 0.074254 0.072082 0.071373 0.071154 0.071089 0.071071 0.071066 0.071065 0.071065 0.071065 0.071065 0.071065 0.071065 0.071065 0.071065 0.071065 0.071065 0.071065 0.071065 0.071065 0.071064 0.071063 0.071059 0.071048 0.071016 0.070934 0.070730 0.070262 0.069260 0.067267 0.063612 0.057463 0.048022 0.034889 0.018441 0.000000 
50.000000 38.264370 27.549415 18.610264 11.785758 7.008035 3.933006 2.108294 1.106969 0.597237 0.355776 0.249016 0.204828 0.187658 0.181379 0.179211 0.178504 0.178285 0.178220 0.178202 0.178197 0.178196 0.178196 0.178196 0.178196 0.178196 0.178196 0.178196 0.178196 0.178196 0.178196 0.178196 0.178196 0.178195 0.178195 0.178192 0.178183 0.178156 0.178083 0.177888 0.177407 0.176291 0.173883 0.169057 0.160128 0.144959 0.121450 0.088457 0.046842 0.000000 
50.000000 38.321600 27.658870 18.763245 11.971920 7.217380 4.157238 2.341335 1.344830 0.837543 0.597237 0.490985 0.447006 0.429918 0.423668 0.421510 0.420806 0.420588 0.420524 0.420506 0.420501 0.420500 0.420500 0.420500 0.420500 0.420500 0.420500 0.420500 0.420500 0.420500 0.420500 0.420500 0.420499 0.420499 0.420497 0.420491 0.420472 0.420415 0.420255 0.419830 0.418772 0.416300 0.410917 0.400024 0.379646 0.344618 0.289676 0.211681 0.112382 0.000000 
50.000000 38.442350 27.889822 19.086061 12.364785 7.659211 4.630525 2.833248 1.846940 1.344830 1.106969 1.001796 0.958261 0.941345 0.935157 0.933022 0.932325 0.932109 0.932045 0.932028 0.932023 0.932022 0.932021 0.932021 0.932021 0.932021 0.932021 0.932021 0.932021 0.932021 0.932021 0.932021 0.932021 0.932020 0.932016 0.932004 0.931966 0.931853 0.931533 0.930678 0.928530 0.923470 0.912334 0.889531 0.846301 0.770896 0.650788 0.477705 0.254526 0.000000 
50.000000 38.679432 28.343299 19.719960 13.136302 8.526959 5.560122 3.799486 2.833248 2.341335 2.108294 2.005246 1.962590 1.946014 1.939950 1.937857 1.937174 1.936963 1.936900 1.936883 1.936878 1.936877 1.936877 1.936877 1.936877 1.936877 1.936877 1.936877 1.936877 1.936877 1.936877 1.936877 1.936876 1.936874 1.936868 1.936846 1.936778 1.936572 1.935987 1.934411 1.930418 1.920914 1.899743 1.855772 1.771047 1.620527 1.375957 1.016351 0.544350 0.000000 
50.000000 39.111267 29.169326 20.874706 14.541845 10.107936 7.253899 5.560122 4.630525 4.157238 3.933006 3.833847 3.792798 3.776845 3.771009 3.768994 3.768337 3.768133 3.768073 3.768056 3.768052 3.768051 3.768050 3.768050 3.768050 3.768050 3.768050 3.768050 3.768050 3.768050 3.768050 3.768050 3.768049 3.768046 3.768036 3.768001 3.767889 3.767551 3.766580 3.763949 3.757214 3.740995 3.704349 3.626950 3.474819 3.198236 2.737008 2.039941 1.101277 0.000000 
50.000000 39.838703 30.560840 22.820086 16.909899 12.771742 10.107936 8.526959 7.659211 7.217380 7.008035 6.915451 6.877120 6.862222 6.856772 6.854890 6.854276 6.854086 6.854030 6.854014 6.854010 6.854009 6.854008 6.854008 6.854008 6.854008 6.854008 6.854008 6.854008 6.854008 6.854008 6.854008 6.854007 6.854002 6.853987 6.853936 6.853773 6.853276 6.851839 6.847906 6.837734 6.812910 6.755911 6.633117 6.385871 5.923099 5.124534 3.870614 2.116416 0.000000 
50.000000 40.968531 32.722161 25.841832 20.588395 16.909899 14.541845 13.136302 12.364785 11.971920 11.785758 11.703420 11.669327 11.656075 11.651226 11.649552 11.649005 11.648836 11.648786 11.648772 11.648769 11.648768 11.648767 11.648767 11.648767 11.648767 11.648767 11.648767 11.648767 11.648767 11.648767 11.648767 11.648765 11.648760 11.648741 11.648676 11.648466 11.647825 11.645957 11.640799 11.627302 11.593890 11.515775 11.343609 10.986800 10.294198 9.043780 6.971373 3.896167 0.000000 
50.000000 42.581905 35.808572 30.157124 25.841832 22.820086 20.874706 19.719960 19.086061 18.763245 18.610264 18.542594 18.514572 18.503679 18.499693 18.498316 18.497867 18.497727 18.497686 18.497675 18.497672 18.497671 18.497671 18.497671 18.497671 18.497671 18.497671 18.497671 18.497671 18.497671 18.497671 18.497670 18.497669 18.497663 18.497642 18.497571 18.497343 18.496638 18.494572 18.488813 18.473570 18.435274 18.344004 18.137698 17.695552 16.798052 15.078562 12.000022 6.980423 0.000000 
50.000000 44.694721 39.850510 35.808572 32.722161 30.560840 29.169326 28.343299 27.889822 27.658870 27.549415 27.500994 27.480942 27.473146 27.470293 27.469307 27.468986 27.468886 27.468857 27.468848 27.468846 27.468846 27.468845 27.468845 27.468845 27.468845 27.468845 27.468845 27.468845 27.468845 27.468845 27.468845 27.468844 27.468839 27.468820 27.468759 27.468558 27.467937 27.466105 27.460958 27.447189 27.412117 27.326949 27.129386 26.690226 25.750788 23.808551 19.925255 12.524945 0.000000 
50.000000 47.226867 44.694721 42.581905 40.968531 39.838703 39.111267 38.679432 38.442350 38.321600 38.264370 38.239052 38.228566 38.224489 38.222997 38.222482 38.222313 38.222261 38.222246 38.222242 38.222240 38.222240 38.222240 38.222240 38.222240 38.222240 38.222240 38.222240 38.222240 38.222240 38.222240 38.222240 38.222239 38.222236 38.222225 38.222189 38.222071 38.221702 38.220611 38.217528 38.209218 38.187824 38.135082 38.009991 37.722287 37.072365 35.601482 32.169776 23.613433 0.000000 
50.000000 50.000000 50.000000 50.000000 50.000000 50.000000 50.000000 50.000000 50.000000 50.000000 50.000000 50.000000 50.000000 50.000000 50.000000 50.000000 50.000000 50.000000 50.000000 50.000000 50.000000 50.000000 50.000000 50.000000 50.000000 50.000000 50.000000 50.000000 50.000000 50.000000 50.000000 50.000000 50.000000 50.000000 50.000000 50.000000 50.000000 50.000000 50.000000 50.000000 50.000000 50.000000 50.000000 50.000000 50.000000 50.000000 50.000000 50.000000 50.000000 50.000000 
