50.000000 50.000000 50.000000 50.000000 50.000000 50.000000 50.000000 50.000000 50.000000 50.000000 50.000000 50.000000 50.000000 50.000000 50.000000 50.000000 50.000000 50.000000 50.000000 50.000000 50.000000 50.000000 50.000000 50.000000 50.000000 50.000000 50.000000 50.000000 50.000000 50.000000 50.000000 50.000000 50.000000 50.000000 50.000000 50.000000 50.000000 50.000000 50.000000 50.000000 50.000000 50.000000 50.000000 50.000000 50.000000 50.000000 50.000000 50.000000 50.000000 50.000000 
50.000000 48.345137 46.776198 45.365739 44.163049 43.189908 42.442304 41.896628 41.517920 41.267797 41.110440 41.016050 40.962010 40.932450 40.916985 40.909238 40.905518 40.903805 40.903047 40.902724 40.902592 40.902540 40.902520 40.902513 40.902510 40.902509 40.902509 40.902508 40.902507 40.902505 40.902496 40.902475 40.902419 40.902280 40.901941 40.901145 40.899338 40.895359 40.886869 40.869288 40.833875 40.764277 40.630224 40.375443 39.892766 38.967411 37.131958 33.249257 24.172569 0.000000 
50.000000 46.776198 43.719785 40.972112 38.629198 36.733471 35.277113 34.214125 33.476401 32.989166 32.682643 32.498778 32.393514 32.335935 32.305811 32.290721 32.283476 32.280139 32.278662 32.278034 32.277777 32.277675 32.277636 32.277622 32.277617 32.277616 32.277615 32.277614 32.277612 32.277607 32.277592 32.277553 32.277451 32.277198 32.276583 32.275144 32.271881 32.264721 32.249509 32.218173 32.155506 32.033572 31.802046 31.371285 30.581865 29.148019 26.551798 21.859892 13.526940 0.000000 
50.000000 45.365739 40.972112 37.022322 33.654397 30.929326 28.835862 27.307875 26.247453 25.547103 25.106515 24.842239 24.690942 24.608185 24.564889 24.543202 24.532790 24.527993 24.525871 24.524968 24.524599 24.524453 24.524398 24.524377 24.524370 24.524368 24.524366 24.524365 24.524363 24.524356 24.524337 24.524287 24.524157 24.523832 24.523048 24.521218 24.517085 24.508061 24.489003 24.450057 24.372970 24.225032 23.949356 23.449727 22.567681 21.050052 18.511161 14.420314 8.233781 0.000000 
50.000000 44.163049 38.629198 33.654397 29.412499 25.980314 23.343667 21.419251 20.083735 19.201719 18.646859 18.314048 18.123521 18.019309 17.964790 17.937482 17.924372 17.918333 17.915661 17.914525 17.914059 17.913876 17.913806 17.913780 17.913771 17.913768 17.913767 17.913766 17.913763 17.913755 17.913735 17.913681 17.913542 17.913195 17.912360 17.910418 17.906055 17.896585 17.876737 17.836553 17.757965 17.609457 17.338246 16.859643 16.044213 14.706249 12.604345 9.481179 5.195638 0.000000 
50.000000 43.189908 36.733471 30.929326 25.980314 21.976046 18.899967 16.654865 15.096832 14.067884 13.420609 13.032379 12.810132 12.688574 12.624984 12.593134 12.577843 12.570800 12.567684 12.566358 12.565816 12.565602 12.565520 12.565491 12.565480 12.565476 12.565475 12.565474 12.565471 12.565464 12.565444 12.565393 12.565261 12.564934 12.564149 12.562332 12.558272 12.549521 12.531326 12.494861 12.424430 12.293399 12.058767 11.654878 10.988023 9.936101 8.361645 6.151607 3.297142 0.000000 
50.000000 42.442304 35.277113 28.835862 23.343667 18.899967 15.486374 12.994983 11.266072 10.124303 9.406077 8.975304 8.728711 8.593842 8.523291 8.487955 8.470992 8.463179 8.459722 8.458252 8.457650 8.457413 8.457323 8.457290 8.457278 8.457274 8.457272 8.457271 8.457269 8.457263 8.457246 8.457202 8.457089 8.456809 8.456141 8.454602 8.451184 8.443866 8.428781 8.398851 8.341748 8.237086 8.053049 7.743187 7.245089 6.484025 5.386135 3.905828 2.066862 0.000000 
50.000000 41.896628 34.214125 27.307875 21.419251 16.654865 12.994983 10.323891 8.470315 7.246248 6.476273 6.014476 5.750131 5.605558 5.529934 5.492058 5.473877 5.465503 5.461798 5.460223 5.459578 5.459323 5.459227 5.459191 5.459179 5.459174 5.459173 5.459171 5.459170 5.459165 5.459151 5.459117 5.459027 5.458808 5.458285 5.457087 5.454443 5.448821 5.437327 5.414743 5.372151 5.295152 5.161945 4.941934 4.596098 4.081005 3.358519 2.412079 1.266404 0.000000 
50.000000 41.517920 33.476401 26.247453 20.083735 15.096832 11.266072 8.470315 6.530267 5.249123 4.443264 3.959958 3.683309 3.532011 3.452871 3.413237 3.394211 3.385449 3.381573 3.379924 3.379249 3.378983 3.378882 3.378845 3.378832 3.378827 3.378826 3.378825 3.378823 3.378820 3.378810 3.378784 3.378719 3.378559 3.378179 3.377315 3.375416 3.371406 3.363273 3.347438 3.317891 3.265134 3.175163 3.028986 2.803433 2.474278 2.022422 1.442829 0.753642 0.000000 
50.000000 41.267797 32.989166 25.547103 19.201719 14.067884 10.124303 7.246248 5.249123 3.930311 3.100775 2.603280 2.318515 2.162783 2.081325 2.040531 2.020950 2.011931 2.007942 2.006246 2.005551 2.005277 2.005173 2.005135 2.005122 2.005117 2.005115 2.005114 2.005113 2.005111 2.005104 2.005087 2.005042 2.004933 2.004676 2.004092 2.002818 2.000144 1.994760 1.984365 1.965156 1.931232 1.874097 1.782555 1.643454 1.443754 1.174133 0.833661 0.433922 0.000000 
50.000000 41.110440 32.682643 25.106515 18.646859 13.420609 9.406077 6.476273 4.443264 3.100775 2.256359 1.749948 1.460086 1.301568 1.218656 1.177134 1.157203 1.148025 1.143965 1.142238 1.141531 1.141253 1.141147 1.141108 1.141094 1.141089 1.141088 1.141087 1.141086 1.141085 1.141080 1.141069 1.141040 1.140971 1.140807 1.140437 1.139633 1.137956 1.134603 1.128179 1.116410 1.095826 1.061530 1.007226 0.925748 0.810305 0.656458 0.464470 0.241151 0.000000 
50.000000 41.016050 32.498778 24.842239 18.314048 13.032379 8.975304 6.014476 3.959958 2.603280 1.749948 1.238197 0.945282 0.785097 0.701314 0.659356 0.639217 0.629943 0.625840 0.624095 0.623381 0.623100 0.622993 0.622954 0.622940 0.622935 0.622933 0.622933 0.622932 0.622931 0.622928 0.622922 0.622904 0.622862 0.622764 0.622542 0.622064 0.621071 0.619098 0.615345 0.608520 0.596685 0.577149 0.546523 0.501053 0.437312 0.353235 0.249270 0.129181 0.000000 
50.000000 40.962010 32.393514 24.690942 18.123521 12.810132 8.728711 5.750131 3.683309 2.318515 1.460086 0.945282 0.650622 0.489484 0.405204 0.362998 0.342740 0.333410 0.329283 0.327529 0.326810 0.326527 0.326419 0.326380 0.326366 0.326361 0.326360 0.326359 0.326359 0.326358 0.326356 0.326353 0.326343 0.326319 0.326263 0.326137 0.325867 0.325311 0.324210 0.322129 0.318371 0.311903 0.301310 0.284845 0.260612 0.226936 0.182881 0.128793 0.066652 0.000000 
50.000000 40.932450 32.335935 24.608185 18.019309 12.688574 8.593842 5.605558 3.532011 2.162783 1.301568 0.785097 0.489484 0.327827 0.243275 0.200933 0.180610 0.171251 0.167111 0.165351 0.164630 0.164346 0.164238 0.164199 0.164184 0.164180 0.164178 0.164177 0.164177 0.164177 0.164176 0.164174 0.164168 0.164155 0.164125 0.164058 0.163913 0.163617 0.163033 0.161935 0.159965 0.156595 0.151115 0.142658 0.130302 0.113254 0.091100 0.064054 0.033113 0.000000 
50.000000 40.916985 32.305811 24.564889 17.964790 12.624984 8.523291 5.529934 3.452871 2.081325 1.218656 0.701314 0.405204 0.243275 0.158582 0.116169 0.095812 0.086437 0.082291 0.080527 0.079806 0.079521 0.079413 0.079373 0.079359 0.079354 0.079353 0.079352 0.079352 0.079352 0.079351 0.079350 0.079347 0.079341 0.079325 0.079291 0.079217 0.079066 0.078771 0.078219 0.077233 0.075557 0.072846 0.068689 0.062652 0.054372 0.043671 0.030667 0.015840 0.000000 
50.000000 40.909238 32.290721 24.543202 17.937482 12.593134 8.487955 5.492058 3.413237 2.040531 1.177134 0.659356 0.362998 0.200933 0.116169 0.073721 0.053348 0.043965 0.039815 0.038050 0.037328 0.037043 0.036935 0.036895 0.036881 0.036876 0.036875 0.036874 0.036874 0.036874 0.036874 0.036873 0.036872 0.036868 0.036861 0.036844 0.036808 0.036735 0.036593 0.036327 0.035855 0.035057 0.033773 0.031814 0.028984 0.025123 0.020154 0.014138 0.007297 0.000000 
50.000000 40.905518 32.283476 24.532790 17.924372 12.577843 8.470992 5.473877 3.394211 2.020950 1.157203 0.639217 0.342740 0.180610 0.095812 0.053348 0.032966 0.023579 0.019428 0.017662 0.016940 0.016655 0.016546 0.016507 0.016493 0.016488 0.016486 0.016486 0.016486 0.016485 0.016485 0.016485 0.016484 0.016483 0.016479 0.016471 0.016455 0.016421 0.016355 0.016233 0.016017 0.015653 0.015069 0.014183 0.012909 0.011177 0.008958 0.006279 0.003239 0.000000 
50.000000 40.903805 32.280139 24.527993 17.918333 12.570800 8.463179 5.465503 3.385449 2.011931 1.148025 0.629943 0.333410 0.171251 0.086437 0.043965 0.023579 0.014191 0.010039 0.008273 0.007550 0.007265 0.007157 0.007117 0.007103 0.007099 0.007097 0.007096 0.007096 0.007096 0.007096 0.007096 0.007096 0.007095 0.007093 0.007090 0.007082 0.007067 0.007038 0.006984 0.006889 0.006730 0.006475 0.006090 0.005539 0.004791 0.003837 0.002687 0.001386 0.000000 
50.000000 40.903047 32.278662 24.525871 17.915661 12.567684 8.459722 5.461798 3.381573 2.007942 1.143965 0.625840 0.329283 0.167111 0.082291 0.039815 0.019428 0.010039 0.005886 0.004120 0.003397 0.003112 0.003004 0.002964 0.002950 0.002946 0.002944 0.002943 0.002943 0.002943 0.002943 0.002943 0.002943 0.002943 0.002942 0.002940 0.002937 0.002931 0.002919 0.002896 0.002856 0.002788 0.002682 0.002521 0.002291 0.001980 0.001584 0.001109 0.000572 0.000000 
50.000000 40.902724 32.278034 24.524968 17.914525 12.566358 8.458252 5.460223 3.379924 2.006246 1.142238 0.624095 0.327529 0.165351 0.080527 0.038050 0.017662 0.008273 0.004120 0.002354 0.001631 0.001346 0.001238 0.001198 0.001184 0.001179 0.001178 0.001177 0.001177 0.001177 0.001177 0.001177 0.001177 0.001177 0.001177 0.001176 0.001175 0.001172 0.001167 0.001158 0.001141 0.001114 0.001071 0.001006 0.000914 0.000789 0.000631 0.000442 0.000228 0.000000 
50.000000 40.902592 32.277777 24.524599 17.914059 12.565816 8.457650 5.459578 3.379249 2.005551 1.141531 0.623381 0.326810 0.164630 0.079806 0.037328 0.016940 0.007550 0.003397 0.001631 0.000909 0.000624 0.000515 0.000476 0.000461 0.000457 0.000455 0.000455 0.000454 0.000454 0.000454 0.000454 0.000454 0.000454 0.000454 0.000454 0.000453 0.000452 0.000450 0.000447 0.000440 0.000430 0.000413 0.000388 0.000352 0.000304 0.000243 0.000170 0.000088 0.000000 
50.000000 40.902540 32.277675 24.524453 17.913876 12.565602 8.457413 5.459323 3.378983 2.005277 1.141253 0.623100 0.326527 0.164346 0.079521 0.037043 0.016655 0.007266 0.003113 0.001346 0.000624 0.000339 0.000230 0.000191 0.000177 0.000172 0.000170 0.000170 0.000169 0.000169 0.000169 0.000169 0.000169 0.000169 0.000169 0.000169 0.000169 0.000169 0.000168 0.000166 0.000164 0.000160 0.000154 0.000144 0.000131 0.000113 0.000090 0.000063 0.000033 0.000000 
50.000000 40.902520 32.277637 24.524398 17.913806 12.565521 8.457323 5.459227 3.378882 2.005174 1.141147 0.622993 0.326420 0.164238 0.079413 0.036935 0.016547 0.007157 0.003004 0.001238 0.000516 0.000231 0.000122 0.000082 0.000068 0.000064 0.000062 0.000061 0.000061 0.000061 0.000061 0.000061 0.000061 0.000061 0.000061 0.000061 0.000061 0.000061 0.000061 0.000060 0.000059 0.000058 0.000056 0.000052 0.000047 0.000041 0.000033 0.000023 0.000012 0.000000 
50.000000 40.902513 32.277623 24.524378 17.913781 12.565491 8.457290 5.459192 3.378846 2.005136 1.141109 0.622954 0.326381 0.164199 0.079374 0.036896 0.016507 0.007118 0.002965 0.001199 0.000476 0.000191 0.000083 0.000043 0.000029 0.000024 0.000023 0.000022 0.000022 0.000022 0.000022 0.000022 0.000022 0.000022 0.000022 0.000022 0.000022 0.000022 0.000022 0.000022 0.000021 0.000021 0.000020 0.000019 0.000017 0.000015 0.000012 0.000008 0.000004 0.000000 
50.000000 40.902511 32.277618 24.524371 17.913773 12.565482 8.457280 5.459181 3.378834 2.005124 1.141096 0.622942 0.326368 0.164187 0.079362 0.036883 0.016495 0.007106 0.002953 0.001187 0.000464 0.000179 0.000070 0.000031 0.000017 0.000012 0.000010 0.000010 0.000010 0.000010 0.000010 0.000010 0.000010 0.000010 0.000010 0.000009 0.000009 0.000009 0.000009 0.000009 0.000009 0.000009 0.000009 0.000008 0.000007 0.000006 0.000005 0.000004 0.000002 0.000000 
50.000000 40.902511 32.277618 24.524371 17.913773 12.565482 8.457280 5.459181 3.378834 2.005124 1.141096 0.622942 0.326368 0.164187 0.079362 0.036883 0.016495 0.007106 0.002953 0.001187 0.000464 0.000179 0.000070 0.000031 0.000017 0.000012 0.000010 0.000010 0.000010 0.000010 0.000010 0.000010 0.000010 0.000010 0.000010 0.000009 0.000009 0.000009 0.000009 0.000009 0.000009 0.000009 0.000009 0.000008 0.000007 0.000006 0.000005 0.000004 0.000002 0.000000 
50.000000 40.902513 32.277623 24.524378 17.913781 12.565491 8.457290 5.459192 3.378846 2.005136 1.141109 0.622954 0.326381 0.164199 0.079374 0.036896 0.016507 0.007118 0.002965 0.001199 0.000476 0.000191 0.000083 0.000043 0.000029 0.000024 0.000023 0.000022 0.000022 0.000022 0.000022 0.000022 0.000022 0.000022 0.000022 0.000022 0.000022 0.000022 0.000022 0.000022 0.000021 0.000021 0.000020 0.000019 0.000017 0.000015 0.000012 0.000008 0.000004 0.000000 
50.000000 40.902520 32.277637 24.524398 17.913806 12.565521 8.457323 5.459227 3.378882 2.005174 1.141147 0.622993 0.326420 0.164238 0.079413 0.036935 0.016547 0.007157 0.003004 0.001238 0.000516 0.000231 0.000122 0.000082 0.000068 0.000064 0.000062 0.000061 0.000061 0.000061 0.000061 0.000061 0.000061 0.000061 0.000061 0.000061 0.000061 0.000061 0.000061 0.000060 0.000059 0.000058 0.000056 0.000052 0.000047 0.000041 0.000033 0.000023 0.000012 0.000000 
50.000000 40.902540 32.277675 24.524453 17.913876 12.565602 8.457413 5.459323 3.378983 2.005277 1.141253 0.623100 0.326527 0.164346 0.079521 0.037043 0.016655 0.007266 0.003113 0.001346 0.000624 0.000339 0.000230 0.000191 0.000177 0.000172 0.000170 0.000170 0.000169 0.000169 0.000169 0.000169 0.000169 0.000169 0.000169 0.000169 0.000169 0.000169 0.000168 0.000166 0.000164 0.000160 0.000154 0.000144 0.000131 0.000113 0.000090 0.000063 0.000033 0.000000 
50.000000 40.902592 32.277777 24.524599 17.914059 12.565816 8.457650 5.459578 3.379249 2.005551 1.141531 0.623381 0.326810 0.164630 0.079806 0.037328 0.016940 0.007550 0.003397 0.001631 0.000909 0.000624 0.000515 0.000476 0.000461 0.000457 0.000455 0.000455 0.000454 0.000454 0.000454 0.000454 0.000454 0.000454 0.000454 0.000454 0.000453 0.000452 0.000450 0.000447 0.000440 0.000430 0.000413 0.000388 0.000352 0.000304 0.000243 0.000170 0.000088 0.000000 
50.000000 40.902724 32.278034 24.524968 17.914525 12.566358 8.458252 5.460223 3.379924 2.006246 1.142238 0.624095 0.327529 0.165351 0.080527 0.038050 0.017662 0.008273 0.004120 0.002354 0.001631 0.001346 0.001238 0.001198 0.001184 0.001179 0.001178 0.001177 0.001177 0.001177 0.001177 0.001177 0.001177 0.001177 0.001177 0.001176 0.001175 0.001172 0.001167 0.001158 0.001141 0.001114 0.001071 0.001006 0.000914 0.000789 0.000631 0.000442 0.000228 0.000000 
50.000000 40.903047 32.278662 24.525871 17.915661 12.567684 8.459722 5.461798 3.381573 2.007942 1.143965 0.625840 0.329283 0.167111 0.082291 0.039815 0.019428 0.010039 0.005886 0.004120 0.003397 0.003112 0.003004 0.002964 0.002950 0.002946 0.002944 0.002943 0.002943 0.002943 0.002943 0.002943 0.002943 0.002943 0.002942 0.002940 0.002937 0.002931 0.002919 0.002896 0.002856 0.002788 0.002682 0.002521 0.002291 0.001980 0.001584 0.001109 0.000572 0.000000 
50.000000 40.903805 32.280139 24.527993 17.918333 12.570800 8.463179 5.465503 3.385449 2.011931 1.148025 0.629943 0.333410 0.171251 0.086437 0.043965 0.023579 0.014191 0.010039 0.008273 0.007550 0.007265 0.007157 0.007117 0.007103 0.007099 0.007097 0.007096 0.007096 0.007096 0.007096 0.007096 0.007096 0.007095 0.007093 0.007090 0.007082 0.007067 0.007038 0.006984 0.006889 0.006730 0.006475 0.006090 0.005539 0.004791 0.003837 0.002687 0.001386 0.000000 
50.000000 40.905518 32.283476 24.532790 17.924372 12.577843 8.470992 5.473877 3.394211 2.020950 1.157203 0.639217 0.342740 0.180610 0.095812 0.053348 0.032966 0.023579 0.019428 0.017662 0.016940 0.016655 0.016546 0.016507 0.016493 0.016488 0.016486 0.016486 0.016486 0.016485 0.016485 0.016485 0.016484 0.016483 0.016479 0.016471 0.016455 0.016421 0.016355 0.016233 0.016017 0.015653 0.015069 0.014183 0.012909 0.011177 0.008958 0.006279 0.003239 0.000000 
50.000000 40.909238 32.290721 24.543202 17.937482 12.593134 8.487955 5.492058 3.413237 2.040531 1.177134 0.659356 0.362998 0.200933 0.116169 0.073721 0.053348 0.043965 0.039815 0.038050 0.037328 0.037043 0.036935 0.036895 0.036881 0.036876 0.036875 0.036874 0.036874 0.036874 0.036874 0.036873 0.036872 0.036868 0.036861 0.036844 0.036808 0.036735 0.036593 0.036327 0.035855 0.035057 0.033773 0.031814 0.028984 0.025123 0.020154 0.014138 0.007297 0.000000 
50.000000 40.916985 32.305811 24.564889 17.964790 12.624984 8.523291 5.529934 3.452871 2.081325 1.218656 0.701314 0.405204 0.243275 0.158582 0.116169 0.095812 0.086437 0.082291 0.080527 0.079806 0.079521 0.079413 0.079373 0.079359 0.079354 0.079353 0.079352 0.079352 0.079352 0.079351 0.079350 0.079347 0.079341 0.079325 0.079291 0.079217 0.079066 0.078771 0.078219 0.077233 0.075557 0.072846 0.068689 0.062652 0.054372 0.043671 0.030667 0.015840 0.000000 
50.000000 40.932450 32.335935 24.608185 18.019309 12.688574 8.593842 5.605558 3.532011 2.162783 1.301568 0.785097 0.489484 0.327827 0.243275 0.200933 0.180610 0.171251 0.167111 0.165351 0.164630 0.164346 0.164238 0.164199 0.164184 0.164180 0.164178 0.164177 0.164177 0.164177 0.164176 0.164174 0.164168 0.164155 0.164125 0.164058 0.163913 0.163617 0.163033 0.161935 0.159965 0.156595 0.151115 0.142658 0.130302 0.113254 0.091100 0.064054 0.033113 0.000000 
50.000000 40.962010 32.393514 24.690942 18.123521 12.810132 8.728711 5.750131 3.683309 2.318515 1.460086 0.945282 0.650622 0.489484 0.405204 0.362998 0.342740 0.333410 0.329283 0.327529 0.326810 0.326527 0.326419 0.326380 0.326366 0.326361 0.326360 0.326359 0.326359 0.326358 0.326356 0.326353 0.326343 0.326319 0.326263 0.326137 0.325867 0.325311 0.324210 0.322129 0.318371 0.311903 0.301310 0.284845 0.260612 0.226936 0.182881 0.128793 0.066652 0.000000 
50.000000 41.016050 32.498778 24.842239 18.314048 13.032379 8.975304 6.014476 3.959958 2.603280 1.749948 1.238197 0.945282 0.785097 0.701314 0.659356 0.639217 0.629943 0.625840 0.624095 0.623381 0.623100 0.622993 0.622954 0.622940 0.622935 0.622933 0.622933 0.622932 0.622931 0.622928 0.622922 0.622904 0.622862 0.622764 0.622542 0.622064 0.621071 0.619098 0.615345 0.608520 0.596685 0.577149 0.546523 0.501053 0.437312 0.353235 0.249270 0.129181 0.000000 
50.000000 41.110440 32.682643 25.106515 18.646859 13.420609 9.406077 6.476273 4.443264 3.100775 2.256359 1.749948 1.460086 1.301568 1.218656 1.177134 1.157203 1.148025 1.143965 1.142238 1.141531 1.141253 1.141147 1.141108 1.141094 1.141089 1.141088 1.141087 1.141086 1.141085 1.141080 1.141069 1.141040 1.140971 1.140807 1.140437 1.139633 1.137956 1.134603 1.128179 1.116410 1.095826 1.061530 1.007226 0.925748 0.810305 0.656458 0.464470 0.241151 0.000000 
50.000000 41.267797 32.989166 25.547103 19.201719 14.067884 10.124303 7.246248 5.249123 3.930311 3.100775 2.603280 2.318515 2.162783 2.081325 2.040531 2.020950 2.011931 2.007942 2.006246 2.005551 2.005277 2.005173 2.005135 2.005122 2.005117 2.005115 2.005114 2.005113 2.005111 2.005104 2.005087 2.005042 2.004933 2.004676 2.004092 2.002818 2.000144 1.994760 1.984365 1.965156 1.931232 1.874097 1.782555 1.643454 1.443754 1.174133 0.833661 0.433922 0.000000 
50.000000 41.517920 33.476401 26.247453 20.083735 15.096832 11.266072 8.470315 6.530267 5.249123 4.443264 3.959958 3.683309 3.532011 3.452871 3.413237 3.394211 3.385449 3.381573 3.379924 3.379249 3.378983 3.378882 3.378845 3.378832 3.378827 3.378826 3.378825 3.378823 3.378820 3.378810 3.378784 3.378719 3.378559 3.378179 3.377315 3.375416 3.371406 3.363273 3.347438 3.317891 3.265134 3.175163 3.028986 2.803433 2.474278 2.022422 1.442829 0.753642 0.000000 
50.000000 41.896628 34.214125 27.307875 21.419251 16.654865 12.994983 10.323891 8.470315 7.246248 6.476273 6.014476 5.750131 5.605558 5.529934 5.492058 5.473877 5.465503 5.461798 5.460223 5.459578 5.459323 5.459227 5.459191 5.459179 5.459174 5.459173 5.459171 5.459170 5.459165 5.459151 5.459117 5.459027 5.458808 5.458285 5.457087 5.454443 5.448821 5.437327 5.414743 5.372151 5.295152 5.161945 4.941934 4.596098 4.081005 3.358519 2.412079 1.266404 0.000000 
50.000000 42.442304 35.277113 28.835862 23.343667 18.899967 15.486374 12.994983 11.266072 10.124303 9.406077 8.975304 8.728711 8.593842 8.523291 8.487955 8.470992 8.463179 8.459722 8.458252 8.457650 8.457413 8.457323 8.457290 8.457278 8.457274 8.457272 8.457271 8.457269 8.457263 8.457246 8.457202 8.457089 8.456809 8.456141 8.454602 8.451184 8.443866 8.428781 8.398851 8.341748 8.237086 8.053049 7.743187 7.245089 6.484025 5.386135 3.905828 2.066862 0.000000 
50.000000 43.189908 36.733471 30.929326 25.980314 21.976046 18.899967 16.654865 15.096832 14.067884 13.420609 13.032379 12.810132 12.688574 12.624984 12.593134 12.577843 12.570800 12.567684 12.566358 12.565816 12.565602 12.565520 12.565491 12.565480 12.565476 12.565475 12.565474 12.565471 12.565464 12.565444 12.565393 12.565261 12.564934 12.564149 12.562332 12.558272 12.549521 12.531326 12.494861 12.424430 12.293399 12.058767 11.654878 10.988023 9.936101 8.361645 6.151607 3.297142 0.000000 
50.000000 44.163049 38.629198 33.654397 29.412499 25.980314 23.343667 21.419251 20.083735 19.201719 18.646859 18.314048 18.123521 18.019309 17.964790 17.937482 17.924372 17.918333 17.915661 17.914525 17.914059 17.913876 17.913806 17.913780 17.913771 17.913768 17.913767 17.913766 17.913763 17.913755 17.913735 17.913681 17.913542 17.913195 17.912360 17.910418 17.906055 17.896585 17.876737 17.836553 17.757965 17.609457 17.338246 16.859643 16.044213 14.706249 12.604345 9.481179 5.195638 0.000000 
50.000000 45.365739 40.972112 37.022322 33.654397 30.929326 28.835862 27.307875 26.247453 25.547103 25.106515 24.842239 24.690942 24.608185 24.564889 24.543202 24.532790 24.527993 24.525871 24.524968 24.524599 24.524453 24.524398 24.524377 24.524370 24.524368 24.524366 24.524365 24.524363 24.524356 24.524337 24.524287 24.524157 24.523832 24.523048 24.521218 24.517085 24.508061 24.489003 24.450057 24.372970 24.225032 23.949356 23.449727 22.567681 21.050052 18.511161 14.420314 8.233781 0.000000 
50.000000 46.776198 43.719785 40.972112 38.629198 36.733471 35.277113 34.214125 33.476401 32.989166 32.682643 32.498778 32.393514 32.335935 32.305811 32.290721 32.283476 32.280139 32.278662 32.278034 32.277777 32.277675 32.277636 32.277622 32.277617 32.277616 32.277615 32.277614 32.277612 32.277607 32.277592 32.277553 32.277451 32.277198 32.276583 32.275144 32.271881 32.264721 32.249509 32.218173 32.155506 32.033572 31.802046 31.371285 30.581865 29.148019 26.551798 21.859892 13.526940 0.000000 
50.000000 48.345137 46.776198 45.365739 44.163049 43.189908 42.442304 41.896628 41.517920 41.267797 41.110440 41.016050 40.962010 40.932450 40.916985 40.909238 40.905518 40.903805 40.903047 40.902724 40.902592 40.902540 40.902520 40.902513 40.902510 40.902509 40.902509 40.902508 40.902507 40.902505 40.902496 40.902475 40.902419 40.902280 40.901941 40.901145 40.899338 40.895359 40.886869 40.869288 40.833875 40.764277 40.630224 40.375443 39.892766 38.967411 37.131958 33.249257 24.172569 0.000000 
50.000000 50.000000 50.000000 50.000000 50.000000 50.000000 50.000000 50.000000 50.000000 50.000000 50.000000 50.000000 50.000000 50.000000 50.000000 50.000000 50.000000 50.000000 50.000000 50.000000 50.000000 50.000000 50.000000 50.000000 50.000000 50.000000 50.000000 50.000000 50.000000 50.000000 50.000000 50.000000 50.000000 50.000000 50.000000 50.000000 50.000000 50.000000 50.000000 50.000000 50.000000 50.000000 50.000000 50.000000 50.000000 50.000000 50.000000 50.000000 50.000000 50.000000 
