50.000000 50.000000 50.000000 50.000000 50.000000 50.000000 50.000000 50.000000 50.000000 50.000000 50.000000 50.000000 50.000000 50.000000 50.000000 50.000000 50.000000 50.000000 50.000000 50.000000 50.000000 50.000000 50.000000 50.000000 50.000000 50.000000 50.000000 50.000000 50.000000 50.000000 50.000000 50.000000 50.000000 50.000000 50.000000 50.000000 50.000000 50.000000 50.000000 50.000000 50.000000 50.000000 50.000000 50.000000 50.000000 50.000000 50.000000 50.000000 50.000000 50.000000 
50.000000 48.929442 47.894861 46.928611 46.056405 45.295372 44.653412 44.129793 43.716728 43.401497 43.168706 43.002302 42.887126 42.809908 42.759745 42.728155 42.708865 42.697436 42.690865 42.687196 42.685207 42.684158 42.683621 42.683353 42.683221 42.683157 42.683121 42.683090 42.683046 42.682962 42.682791 42.682444 42.681756 42.680421 42.677885 42.673172 42.664594 42.649287 42.622468 42.576237 42.497618 42.365232 42.143346 41.770424 41.135115 40.020519 37.960083 33.821073 24.464721 0.000000 
50.000000 47.894861 45.860469 43.960443 42.245347 40.748863 39.486523 38.456892 37.644651 37.024792 36.567042 36.239834 36.013358 35.861521 35.762883 35.700769 35.662837 35.640365 35.627445 35.620231 35.616319 35.614258 35.613201 35.612674 35.612416 35.612289 35.612218 35.612160 35.612077 35.611918 35.611596 35.610944 35.609653 35.607150 35.602404 35.593602 35.577621 35.549192 35.499578 35.414493 35.270801 35.031161 34.635031 33.982937 32.907635 31.119415 28.101962 22.930234 14.073788 0.000000 
50.000000 46.928611 43.960443 41.188320 38.686012 36.502661 34.660931 33.158722 31.973688 31.069337 30.401499 29.924120 29.593706 29.372188 29.228283 29.137664 29.082326 29.049543 29.030693 29.020170 29.014463 29.011456 29.009914 29.009145 29.008769 29.008584 29.008483 29.008401 29.008287 29.008071 29.007635 29.006754 29.005011 29.001639 28.995262 28.983473 28.962150 28.924400 28.858913 28.747476 28.561183 28.254691 27.757414 26.959954 25.693380 23.699268 20.594160 15.858481 8.968528 0.000000 
50.000000 46.056405 42.245347 38.686012 35.473119 32.669770 30.305058 28.376289 26.854767 25.693634 24.836178 24.223261 23.799039 23.514633 23.329876 23.213532 23.142487 23.100398 23.076198 23.062688 23.055362 23.051501 23.049522 23.048535 23.048052 23.047816 23.047689 23.047590 23.047456 23.047205 23.046699 23.045682 23.043675 23.039803 23.032506 23.019069 22.994886 22.952328 22.879054 22.755535 22.551516 22.221050 21.695717 20.875804 19.619972 17.736560 14.986744 11.125932 6.035886 0.000000 
50.000000 45.295372 40.748863 36.502661 32.669770 29.325464 26.504453 24.203519 22.388424 21.003265 19.980382 19.249224 18.743167 18.403902 18.183510 18.044728 17.959981 17.909777 17.880911 17.864797 17.856058 17.851453 17.849093 17.847915 17.847341 17.847061 17.846912 17.846802 17.846658 17.846394 17.845867 17.844809 17.842728 17.838727 17.831217 17.817452 17.792820 17.749768 17.676261 17.553620 17.353631 17.034852 16.538262 15.782842 14.662732 13.049797 10.809282 7.841228 4.160257 0.000000 
50.000000 44.653412 39.486523 34.660931 30.305058 26.504453 23.298559 20.683715 18.621007 17.046900 15.884497 15.053619 14.478550 14.093022 13.842581 13.684879 13.588580 13.531533 13.498733 13.480423 13.470494 13.465262 13.462580 13.461243 13.460591 13.460274 13.460110 13.459993 13.459850 13.459594 13.459086 13.458070 13.456079 13.452265 13.445137 13.432141 13.409025 13.368918 13.301034 13.188965 13.008540 12.725390 12.292604 11.649279 10.721611 9.429254 7.700977 5.503586 2.882987 0.000000 
50.000000 44.129793 38.456892 33.158722 28.376289 24.203519 20.683715 17.812855 15.548206 13.820008 12.543829 11.631634 11.000291 10.577043 10.302102 10.128975 10.023259 9.960634 9.924628 9.904528 9.893629 9.887885 9.884942 9.883474 9.882759 9.882414 9.882238 9.882120 9.881986 9.881752 9.881293 9.880380 9.878597 9.875197 9.868871 9.857399 9.837123 9.802202 9.743613 9.647884 9.495645 9.260182 8.906427 8.391111 7.665257 6.680573 5.401308 3.821860 1.986447 0.000000 
50.000000 43.716728 37.644651 31.973688 26.854767 22.388424 18.621007 15.548206 13.124278 11.274546 9.908634 8.932310 8.256590 7.803597 7.509339 7.324050 7.210910 7.143887 7.105354 7.083844 7.072180 7.066034 7.062884 7.061314 7.060550 7.060182 7.059998 7.059883 7.059761 7.059559 7.059168 7.058393 7.056887 7.054026 7.048729 7.039177 7.022399 6.993714 6.945992 6.868786 6.747403 6.562139 6.288024 5.895617 5.353572 4.633717 3.718997 2.613490 1.351496 0.000000 
50.000000 43.401497 37.024792 31.069337 25.693634 21.003265 17.046900 13.820008 11.274546 9.332086 7.897714 6.872466 6.162893 5.687212 5.378218 5.183655 5.064852 4.994476 4.954016 4.931430 4.919184 4.912730 4.909424 4.907775 4.906974 4.906590 4.906401 4.906290 4.906184 4.906017 4.905699 4.905075 4.903867 4.901583 4.897373 4.889822 4.876642 4.854264 4.817336 4.758140 4.666043 4.527143 4.324364 4.038360 3.649634 3.142118 2.508154 1.753991 0.903879 0.000000 
50.000000 43.168706 36.567042 30.401499 24.836178 19.980382 15.884497 12.543829 9.908634 7.897714 6.412800 5.351436 4.616875 4.124447 3.804579 3.603171 3.480190 3.407341 3.365459 3.342080 3.329403 3.322723 3.319301 3.317595 3.316766 3.316370 3.316179 3.316073 3.315981 3.315849 3.315603 3.315124 3.314200 3.312461 3.309271 3.303579 3.293702 3.277045 3.249764 3.206400 3.139574 3.039848 2.895945 2.695532 2.426762 2.080643 1.654024 1.152549 0.592469 0.000000 
50.000000 43.002302 36.239834 29.924120 24.223261 19.249224 15.053619 11.631634 8.932310 6.872466 5.351436 4.264266 3.511852 3.007460 2.679823 2.473526 2.347561 2.272945 2.230048 2.206102 2.193119 2.186277 2.182772 2.181026 2.180177 2.179774 2.179581 2.179479 2.179402 2.179300 2.179117 2.178765 2.178089 2.176822 2.174510 2.170404 2.163319 2.151446 2.132133 2.101672 2.055129 1.986318 1.888021 1.752584 1.572963 1.344207 1.065207 0.740256 0.379834 0.000000 
50.000000 42.887126 36.013358 29.593706 23.799039 18.743167 14.478550 11.000291 8.256590 6.162893 4.616875 3.511852 2.747087 2.234419 1.901410 1.691731 1.563703 1.487865 1.444266 1.419929 1.406734 1.399780 1.396218 1.394443 1.393582 1.393173 1.392980 1.392882 1.392816 1.392739 1.392608 1.392360 1.391886 1.391001 1.389393 1.386551 1.381672 1.373543 1.360406 1.339830 1.308629 1.262877 1.198089 1.109632 0.993399 0.846711 0.669306 0.464165 0.237839 0.000000 
50.000000 42.809908 35.861521 29.372188 23.514633 18.403902 14.093022 10.577043 7.803597 5.687212 4.124447 3.007460 2.234419 1.716206 1.379598 1.167654 1.038244 0.961589 0.917520 0.892921 0.879583 0.872555 0.868955 0.867161 0.866290 0.865878 0.865685 0.865591 0.865534 0.865477 0.865386 0.865217 0.864897 0.864303 0.863227 0.861335 0.858103 0.852747 0.844140 0.830745 0.810570 0.781199 0.739920 0.683997 0.611082 0.519747 0.410037 0.283900 0.145314 0.000000 
50.000000 42.759745 35.762883 29.228283 23.329876 18.183510 13.842581 10.302102 7.509339 5.378218 3.804579 2.679823 1.901410 1.379598 1.040654 0.827240 0.696933 0.619746 0.575373 0.550604 0.537174 0.530097 0.526472 0.524666 0.523790 0.523375 0.523183 0.523091 0.523041 0.522998 0.522936 0.522825 0.522617 0.522233 0.521540 0.520327 0.518263 0.514859 0.509419 0.501000 0.488396 0.470162 0.444703 0.410440 0.366057 0.310807 0.244811 0.169281 0.086573 0.000000 
50.000000 42.728155 35.700769 29.137664 23.213533 18.044728 13.684879 10.128975 7.324051 5.183655 3.603171 2.473526 1.691731 1.167654 0.827240 0.612901 0.482031 0.404510 0.359945 0.335069 0.321581 0.314474 0.310834 0.309020 0.308140 0.307724 0.307532 0.307442 0.307397 0.307364 0.307322 0.307252 0.307121 0.306881 0.306451 0.305700 0.304427 0.302339 0.299016 0.293900 0.286281 0.275321 0.260105 0.239742 0.213512 0.181027 0.142402 0.098365 0.050271 0.000000 
50.000000 42.708865 35.662837 29.082326 23.142487 17.959982 13.588580 10.023259 7.210910 5.064852 3.480190 2.347561 1.563703 1.038245 0.696933 0.482031 0.350816 0.273092 0.228409 0.203468 0.189945 0.182820 0.179170 0.177351 0.176469 0.176053 0.175860 0.175772 0.175730 0.175704 0.175676 0.175632 0.175553 0.175408 0.175150 0.174700 0.173942 0.172703 0.170739 0.167730 0.163269 0.156884 0.148063 0.136316 0.121255 0.102684 0.080688 0.055687 0.028444 0.000000 
50.000000 42.697436 35.640366 29.049543 23.100398 17.909777 13.531533 9.960634 7.143888 4.994477 3.407341 2.272946 1.487866 0.961589 0.619747 0.404511 0.273092 0.195248 0.150496 0.125517 0.111973 0.104837 0.101181 0.099359 0.098476 0.098059 0.097867 0.097780 0.097739 0.097717 0.097698 0.097672 0.097625 0.097541 0.097390 0.097130 0.096693 0.095981 0.094857 0.093142 0.090610 0.087001 0.082037 0.075455 0.067049 0.056724 0.044533 0.030713 0.015680 0.000000 
50.000000 42.690865 35.627445 29.030694 23.076199 17.880912 13.498735 9.924629 7.105356 4.954018 3.365460 2.230049 1.444268 0.917521 0.575374 0.359946 0.228411 0.150497 0.105706 0.080704 0.067149 0.060006 0.056347 0.054524 0.053640 0.053223 0.053031 0.052944 0.052905 0.052886 0.052872 0.052856 0.052829 0.052781 0.052697 0.052551 0.052306 0.051910 0.051286 0.050338 0.048944 0.046964 0.044251 0.040666 0.036104 0.030518 0.023941 0.016501 0.008421 0.000000 
50.000000 42.687197 35.620233 29.020172 23.062691 17.864800 13.480427 9.904532 7.083848 4.931435 3.342084 2.206107 1.419934 0.892925 0.550608 0.335073 0.203472 0.125520 0.080707 0.055693 0.042131 0.034984 0.031324 0.029500 0.028616 0.028198 0.028006 0.027920 0.027882 0.027864 0.027853 0.027843 0.027828 0.027802 0.027755 0.027676 0.027544 0.027330 0.026994 0.026485 0.025739 0.024684 0.023242 0.021344 0.018936 0.015994 0.012539 0.008638 0.004407 0.000000 
50.000000 42.685209 35.616323 29.014468 23.055368 17.856065 13.470503 9.893638 7.072190 4.919194 3.329413 2.193129 1.406744 0.879594 0.537185 0.321592 0.189956 0.111983 0.067158 0.042137 0.028571 0.021423 0.017761 0.015937 0.015053 0.014635 0.014443 0.014357 0.014319 0.014302 0.014293 0.014287 0.014278 0.014264 0.014240 0.014198 0.014128 0.014016 0.013840 0.013575 0.013187 0.012640 0.011895 0.010916 0.009678 0.008170 0.006401 0.004408 0.002248 0.000000 
50.000000 42.684163 35.614266 29.011467 23.051516 17.851471 13.465282 9.887908 7.066057 4.912755 3.322749 2.186303 1.399807 0.872582 0.530124 0.314501 0.182847 0.104863 0.060031 0.035007 0.021439 0.014290 0.010628 0.008803 0.007919 0.007501 0.007309 0.007223 0.007186 0.007169 0.007161 0.007157 0.007152 0.007144 0.007131 0.007110 0.007074 0.007017 0.006927 0.006793 0.006596 0.006320 0.005944 0.005452 0.004831 0.004076 0.003192 0.002197 0.001120 0.000000 
50.000000 42.683631 35.613221 29.009942 23.049558 17.849136 13.462629 9.884995 7.062941 4.909483 3.319362 2.182835 1.396282 0.869018 0.526536 0.310898 0.179234 0.101245 0.056410 0.031384 0.017815 0.010665 0.007003 0.005178 0.004294 0.003876 0.003684 0.003598 0.003561 0.003544 0.003537 0.003534 0.003530 0.003526 0.003520 0.003509 0.003491 0.003462 0.003417 0.003350 0.003252 0.003114 0.002928 0.002684 0.002377 0.002005 0.001569 0.001080 0.000551 0.000000 
50.000000 42.683376 35.612719 29.009211 23.048619 17.848016 13.461356 9.883598 7.061446 4.907913 3.317737 2.181171 1.394590 0.867309 0.524815 0.309169 0.177501 0.099509 0.054673 0.029646 0.016077 0.008927 0.005264 0.003440 0.002555 0.002137 0.001945 0.001859 0.001822 0.001806 0.001799 0.001796 0.001794 0.001791 0.001788 0.001782 0.001773 0.001758 0.001735 0.001700 0.001650 0.001579 0.001484 0.001360 0.001204 0.001015 0.000794 0.000546 0.000278 0.000000 
50.000000 42.683274 35.612519 29.008919 23.048245 17.847569 13.460849 9.883042 7.060850 4.907288 3.317090 2.180508 1.393917 0.866628 0.524130 0.308481 0.176811 0.098818 0.053981 0.028954 0.015384 0.008234 0.004572 0.002747 0.001862 0.001445 0.001253 0.001167 0.001129 0.001113 0.001106 0.001103 0.001102 0.001100 0.001098 0.001094 0.001088 0.001079 0.001065 0.001043 0.001012 0.000969 0.000910 0.000833 0.000737 0.000621 0.000486 0.000334 0.000170 0.000000 
50.000000 42.683274 35.612519 29.008919 23.048245 17.847569 13.460849 9.883042 7.060850 4.907288 3.317090 2.180508 1.393917 0.866628 0.524130 0.308481 0.176811 0.098818 0.053981 0.028954 0.015384 0.008234 0.004572 0.002747 0.001862 0.001445 0.001253 0.001167 0.001129 0.001113 0.001106 0.001103 0.001102 0.001100 0.001098 0.001094 0.001088 0.001079 0.001065 0.001043 0.001012 0.000969 0.000910 0.000833 0.000737 0.000621 0.000486 0.000334 0.000170 0.000000 
50.000000 42.683376 35.612719 29.009211 23.048619 17.848016 13.461356 9.883598 7.061446 4.907913 3.317737 2.181171 1.394590 0.867309 0.524815 0.309169 0.177501 0.099509 0.054673 0.029646 0.016077 0.008927 0.005264 0.003440 0.002555 0.002137 0.001945 0.001859 0.001822 0.001806 0.001799 0.001796 0.001794 0.001791 0.001788 0.001782 0.001773 0.001758 0.001735 0.001700 0.001650 0.001579 0.001484 0.001360 0.001204 0.001015 0.000794 0.000546 0.000278 0.000000 
50.000000 42.683631 35.613221 29.009942 23.049558 17.849136 13.462629 9.884995 7.062941 4.909483 3.319362 2.182835 1.396282 0.869018 0.526536 0.310898 0.179234 0.101245 0.056410 0.031384 0.017815 0.010665 0.007003 0.005178 0.004294 0.003876 0.003684 0.003598 0.003561 0.003544 0.003537 0.003534 0.003530 0.003526 0.003520 0.003509 0.003491 0.003462 0.003417 0.003350 0.003252 0.003114 0.002928 0.002684 0.002377 0.002005 0.001569 0.001080 0.000551 0.000000 
50.000000 42.684163 35.614266 29.011467 23.051516 17.851471 13.465282 9.887908 7.066057 4.912755 3.322749 2.186303 1.399807 0.872582 0.530124 0.314501 0.182847 0.104863 0.060031 0.035007 0.021439 0.014290 0.010628 0.008803 0.007919 0.007501 0.007309 0.007223 0.007186 0.007169 0.007161 0.007157 0.007152 0.007144 0.007131 0.007110 0.007074 0.007017 0.006927 0.006793 0.006596 0.006320 0.005944 0.005452 0.004831 0.004076 0.003192 0.002197 0.001120 0.000000 
50.000000 42.685209 35.616323 29.014468 23.055368 17.856065 13.470503 9.893638 7.072190 4.919194 3.329413 2.193129 1.406744 0.879594 0.537185 0.321592 0.189956 0.111983 0.067158 0.042137 0.028571 0.021423 0.017761 0.015937 0.015053 0.014635 0.014443 0.014357 0.014319 0.014302 0.014293 0.014287 0.014278 0.014264 0.014240 0.014198 0.014128 0.014016 0.013840 0.013575 0.013187 0.012640 0.011895 0.010916 0.009678 0.008170 0.006401 0.004408 0.002248 0.000000 
50.000000 42.687197 35.620233 29.020172 23.062691 17.864800 13.480427 9.904532 7.083848 4.931435 3.342084 2.206107 1.419934 0.892925 0.550608 0.335073 0.203472 0.125520 0.080707 0.055693 0.042131 0.034984 0.031324 0.029500 0.028616 0.028198 0.028006 0.027920 0.027882 0.027864 0.027853 0.027843 0.027828 0.027802 0.027755 0.027676 0.027544 0.027330 0.026994 0.026485 0.025739 0.024684 0.023242 0.021344 0.018936 0.015994 0.012539 0.008638 0.004407 0.000000 
50.000000 42.690865 35.627445 29.030694 23.076199 17.880912 13.498735 9.924629 7.105356 4.954018 3.365460 2.230049 1.444268 0.917521 0.575374 0.359946 0.228411 0.150497 0.105706 0.080704 0.067149 0.060006 0.056347 0.054524 0.053640 0.053223 0.053031 0.052944 0.052905 0.052886 0.052872 0.052856 0.052829 0.052781 0.052697 0.052551 0.052306 0.051910 0.051286 0.050338 0.048944 0.046964 0.044251 0.040666 0.036104 0.030518 0.023941 0.016501 0.008421 0.000000 
50.000000 42.697436 35.640366 29.049543 23.100398 17.909777 13.531533 9.960634 7.143888 4.994477 3.407341 2.272946 1.487866 0.961589 0.619747 0.404511 0.273092 0.195248 0.150496 0.125517 0.111973 0.104837 0.101181 0.099359 0.098476 0.098059 0.097867 0.097780 0.097739 0.097717 0.097698 0.097672 0.097625 0.097541 0.097390 0.097130 0.096693 0.095981 0.094857 0.093142 0.090610 0.087001 0.082037 0.075455 0.067049 0.056724 0.044533 0.030713 0.015680 0.000000 
50.000000 42.708865 35.662837 29.082326 23.142487 17.959982 13.588580 10.023259 7.210910 5.064852 3.480190 2.347561 1.563703 1.038245 0.696933 0.482031 0.350816 0.273092 0.228409 0.203468 0.189945 0.182820 0.179170 0.177351 0.176469 0.176053 0.175860 0.175772 0.175730 0.175704 0.175676 0.175632 0.175553 0.175408 0.175150 0.174700 0.173942 0.172703 0.170739 0.167730 0.163269 0.156884 0.148063 0.136316 0.121255 0.102684 0.080688 0.055687 0.028444 0.000000 
50.000000 42.728155 35.700769 29.137664 23.213533 18.044728 13.684879 10.128975 7.324051 5.183655 3.603171 2.473526 1.691731 1.167654 0.827240 0.612901 0.482031 0.404510 0.359945 0.335069 0.321581 0.314474 0.310834 0.309020 0.308140 0.307724 0.307532 0.307442 0.307397 0.307364 0.307322 0.307252 0.307121 0.306881 0.306451 0.305700 0.304427 0.302339 0.299016 0.293900 0.286281 0.275321 0.260105 0.239742 0.213512 0.181027 0.142402 0.098365 0.050271 0.000000 
50.000000 42.759745 35.762883 29.228283 23.329876 18.183510 13.842581 10.302102 7.509339 5.378218 3.804579 2.679823 1.901410 1.379598 1.040654 0.827240 0.696933 0.619746 0.575373 0.550604 0.537174 0.530097 0.526472 0.524666 0.523790 0.523375 0.523183 0.523091 0.523041 0.522998 0.522936 0.522825 0.522617 0.522233 0.521540 0.520327 0.518263 0.514859 0.509419 0.501000 0.488396 0.470162 0.444703 0.410440 0.366057 0.310807 0.244811 0.169281 0.086573 0.000000 
50.000000 42.809908 35.861521 29.372188 23.514633 18.403902 14.093022 10.577043 7.803597 5.687212 4.124447 3.007460 2.234419 1.716206 1.379598 1.167654 1.038244 0.961589 0.917520 0.892921 0.879583 0.872555 0.868955 0.867161 0.866290 0.865878 0.865685 0.865591 0.865534 0.865477 0.865386 0.865217 0.864897 0.864303 0.863227 0.861335 0.858103 0.852747 0.844140 0.830745 0.810570 0.781199 0.739920 0.683997 0.611082 0.519747 0.410037 0.283900 0.145314 0.000000 
50.000000 42.887126 36.013358 29.593706 23.799039 18.743167 14.478550 11.000291 8.256590 6.162893 4.616875 3.511852 2.747087 2.234419 1.901410 1.691731 1.563703 1.487865 1.444266 1.419929 1.406734 1.399780 1.396218 1.394443 1.393582 1.393173 1.392980 1.392882 1.392816 1.392739 1.392608 1.392360 1.391886 1.391001 1.389393 1.386551 1.381672 1.373543 1.360406 1.339830 1.308629 1.262877 1.198089 1.109632 0.993399 0.846711 0.669306 0.464165 0.237839 0.000000 
50.000000 43.002302 36.239834 29.924120 24.223261 19.249224 15.053619 11.631634 8.932310 6.872466 5.351436 4.264266 3.511852 3.007460 2.679823 2.473526 2.347561 2.272945 2.230048 2.206102 2.193119 2.186277 2.182772 2.181026 2.180177 2.179774 2.179581 2.179479 2.179402 2.179300 2.179117 2.178765 2.178089 2.176822 2.174510 2.170404 2.163319 2.151446 2.132133 2.101672 2.055129 1.986318 1.888021 1.752584 1.572963 1.344207 1.065207 0.740256 0.379834 0.000000 
50.000000 43.168706 36.567042 30.401499 24.836178 19.980382 15.884497 12.543829 9.908634 7.897714 6.412800 5.351436 4.616875 4.124447 3.804579 3.603171 3.480190 3.407341 3.365459 3.342080 3.329403 3.322723 3.319301 3.317595 3.316766 3.316370 3.316179 3.316073 3.315981 3.315849 3.315603 3.315124 3.314200 3.312461 3.309271 3.303579 3.293702 3.277045 3.249764 3.206400 3.139574 3.039848 2.895945 2.695532 2.426762 2.080643 1.654024 1.152549 0.592469 0.000000 
50.000000 43.401497 37.024792 31.069337 25.693634 21.003265 17.046900 13.820008 11.274546 9.332086 7.897714 6.872466 6.162893 5.687212 5.378218 5.183655 5.064852 4.994476 4.954016 4.931430 4.919184 4.912730 4.909424 4.907775 4.906974 4.906590 4.906401 4.906290 4.906184 4.906017 4.905699 4.905075 4.903867 4.901583 4.897373 4.889822 4.876642 4.854264 4.817336 4.758140 4.666043 4.527143 4.324364 4.038360 3.649634 3.142118 2.508154 1.753991 0.903879 0.000000 
50.000000 43.716728 37.644651 31.973688 26.854767 22.388424 18.621007 15.548206 13.124278 11.274546 9.908634 8.932310 8.256590 7.803597 7.509339 7.324050 7.210910 7.143887 7.105354 7.083844 7.072180 7.066034 7.062884 7.061314 7.060550 7.060182 7.059998 7.059883 7.059761 7.059559 7.059168 7.058393 7.056887 7.054026 7.048729 7.039177 7.022399 6.993714 6.945992 6.868786 6.747403 6.562139 6.288024 5.895617 5.353572 4.633717 3.718997 2.613490 1.351496 0.000000 
50.000000 44.129793 38.456892 33.158722 28.376289 24.203519 20.683715 17.812855 15.548206 13.820008 12.543829 11.631634 11.000291 10.577043 10.302102 10.128975 10.023259 9.960634 9.924628 9.904528 9.893629 9.887885 9.884942 9.883474 9.882759 9.882414 9.882238 9.882120 9.881986 9.881752 9.881293 9.880380 9.878597 9.875197 9.868871 9.857399 9.837123 9.802202 9.743613 9.647884 9.495645 9.260182 8.906427 8.391111 7.665257 6.680573 5.401308 3.821860 1.986447 0.000000 
50.000000 44.653412 39.486523 34.660931 30.305058 26.504453 23.298559 20.683715 18.621007 17.046900 15.884497 15.053619 14.478550 14.093022 13.842581 13.684879 13.588580 13.531533 13.498733 13.480423 13.470494 13.465262 13.462580 13.461243 13.460591 13.460274 13.460110 13.459993 13.459850 13.459594 13.459086 13.458070 13.456079 13.452265 13.445137 13.432141 13.409025 13.368918 13.301034 13.188965 13.008540 12.725390 12.292604 11.649279 10.721611 9.429254 7.700977 5.503586 2.882987 0.000000 
50.000000 45.295372 40.748863 36.502661 32.669770 29.325464 26.504453 24.203519 22.388424 21.003265 19.980382 19.249224 18.743167 18.403902 18.183510 18.044728 17.959981 17.909777 17.880911 17.864797 17.856058 17.851453 17.849093 17.847915 17.847341 17.847061 17.846912 17.846802 17.846658 17.846394 17.845867 17.844809 17.842728 17.838727 17.831217 17.817452 17.792820 17.749768 17.676261 17.553620 17.353631 17.034852 16.538262 15.782842 14.662732 13.049797 10.809282 7.841228 4.160257 0.000000 
50.000000 46.056405 42.245347 38.686012 35.473119 32.669770 30.305058 28.376289 26.854767 25.693634 24.836178 24.223261 23.799039 23.514633 23.329876 23.213532 23.142487 23.100398 23.076198 23.062688 23.055362 23.051501 23.049522 23.048535 23.048052 23.047816 23.047689 23.047590 23.047456 23.047205 23.046699 23.045682 23.043675 23.039803 23.032506 23.019069 22.994886 22.952328 22.879054 22.755535 22.551516 22.221050 21.695717 20.875804 19.619972 17.736560 14.986744 11.125932 6.035886 0.000000 
50.000000 46.928611 43.960443 41.188320 38.686012 36.502661 34.660931 33.158722 31.973688 31.069337 30.401499 29.924120 29.593706 29.372188 29.228283 29.137664 29.082326 29.049543 29.030693 29.020170 29.014463 29.011456 29.009914 29.009145 29.008769 29.008584 29.008483 29.008401 29.008287 29.008071 29.007635 29.006754 29.005011 29.001639 28.995262 28.983473 28.962150 28.924400 28.858913 28.747476 28.561183 28.254691 27.757414 26.959954 25.693380 23.699268 20.594160 15.858481 8.968528 0.000000 
50.000000 47.894861 45.860469 43.960443 42.245347 40.748863 39.486523 38.456892 37.644651 37.024792 36.567042 36.239834 36.013358 35.861521 35.762883 35.700769 35.662837 35.640365 35.627445 35.620231 35.616319 35.614258 35.613201 35.612674 35.612416 35.612289 35.612218 35.612160 35.612077 35.611918 35.611596 35.610944 35.609653 35.607150 35.602404 35.593602 35.577621 35.549192 35.499578 35.414493 35.270801 35.031161 34.635031 33.982937 32.907635 31.119415 28.101962 22.930234 14.073788 0.000000 
50.000000 48.929442 47.894861 46.928611 46.056405 45.295372 44.653412 44.129793 43.716728 43.401497 43.168706 43.002302 42.887126 42.809908 42.759745 42.728155 42.708865 42.697436 42.690865 42.687196 42.685207 42.684158 42.683621 42.683353 42.683221 42.683157 42.683121 42.683090 42.683046 42.682962 42.682791 42.682444 42.681756 42.680421 42.677885 42.673172 42.664594 42.649287 42.622468 42.576237 42.497618 42.365232 42.143346 41.770424 41.135115 40.020519 37.960083 33.821073 24.464721 0.000000 
50.000000 50.000000 50.000000 50.000000 50.000000 50.000000 50.000000 50.000000 50.000000 50.000000 50.000000 50.000000 50.000000 50.000000 50.000000 50.000000 50.000000 50.000000 50.000000 50.000000 50.000000 50.000000 50.000000 50.000000 50.000000 50.000000 50.000000 50.000000 50.000000 50.000000 50.000000 50.000000 50.000000 50.000000 50.000000 50.000000 50.000000 50.000000 50.000000 50.000000 50.000000 50.000000 50.000000 50.000000 50.000000 50.000000 50.000000 50.000000 50.000000 50.000000 
