50.000000 50.000000 50.000000 50.000000 50.000000 50.000000 50.000000 50.000000 50.000000 50.000000 50.000000 50.000000 50.000000 50.000000 50.000000 50.000000 50.000000 50.000000 50.000000 50.000000 50.000000 50.000000 50.000000 50.000000 50.000000 50.000000 50.000000 50.000000 50.000000 50.000000 50.000000 50.000000 50.000000 50.000000 50.000000 50.000000 50.000000 50.000000 50.000000 50.000000 50.000000 50.000000 50.000000 50.000000 50.000000 50.000000 50.000000 50.000000 50.000000 50.000000 
50.000000 46.985456 44.255597 42.014714 40.344027 39.209736 38.506188 38.106122 37.896790 37.795627 37.750309 37.731424 37.724079 37.721404 37.720489 37.720195 37.720105 37.720079 37.720072 37.720070 37.720070 37.720070 37.720070 37.720070 37.720070 37.720070 37.720070 37.720070 37.720070 37.720070 37.720070 37.720070 37.720069 37.720068 37.720063 37.720043 37.719974 37.719746 37.719025 37.716864 37.710694 37.693938 37.650532 37.542839 37.285053 36.682442 35.280142 31.939300 23.492728 0.000000 
50.000000 44.255597 39.053725 34.783702 31.600279 29.439011 28.098534 27.336321 26.937519 26.744804 26.658479 26.622508 26.608519 26.603424 26.601682 26.601121 26.600950 26.600901 26.600887 26.600884 26.600883 26.600883 26.600883 26.600883 26.600883 26.600883 26.600883 26.600883 26.600883 26.600883 26.600883 26.600883 26.600882 26.600880 26.600871 26.600838 26.600723 26.600344 26.599152 26.595595 26.585525 26.558466 26.489427 26.321927 25.934469 25.076799 23.253099 19.526863 12.316296 0.000000 
50.000000 42.014714 34.783702 28.848195 24.423284 21.419309 19.556279 18.497011 17.942830 17.675053 17.555116 17.505144 17.485712 17.478636 17.476216 17.475437 17.475200 17.475132 17.475113 17.475108 17.475107 17.475107 17.475107 17.475107 17.475107 17.475107 17.475107 17.475107 17.475107 17.475107 17.475107 17.475106 17.475106 17.475103 17.475093 17.475056 17.474928 17.474508 17.473195 17.469308 17.458418 17.429554 17.357275 17.186372 16.805121 16.003940 14.424097 11.530603 6.734572 0.000000 
50.000000 40.344027 31.600279 24.423284 19.073095 15.441185 13.188879 11.908387 11.238528 10.914889 10.769947 10.709564 10.686085 10.677537 10.674615 10.673674 10.673387 10.673305 10.673283 10.673277 10.673275 10.673275 10.673275 10.673275 10.673275 10.673275 10.673275 10.673275 10.673275 10.673275 10.673275 10.673275 10.673274 10.673272 10.673263 10.673230 10.673116 10.672745 10.671595 10.668220 10.658869 10.634446 10.574433 10.436021 10.137282 9.536547 8.419344 6.523480 3.661585 0.000000 
50.000000 39.209736 29.439011 21.419309 15.441185 11.383250 8.866925 7.436448 6.688195 6.326717 6.164846 6.097418 6.071203 6.061660 6.058398 6.057347 6.057028 6.056936 6.056911 6.056905 6.056903 6.056903 6.056902 6.056902 6.056902 6.056902 6.056902 6.056902 6.056902 6.056902 6.056902 6.056902 6.056902 6.056900 6.056893 6.056868 6.056783 6.056506 6.055654 6.053175 6.046385 6.028897 5.986675 5.891442 5.691625 5.303904 4.614188 3.504542 1.924683 0.000000 
50.000000 38.506188 28.098534 19.556279 13.188879 8.866925 6.187046 4.663699 3.866931 3.482048 3.309712 3.237931 3.210027 3.199870 3.196398 3.195280 3.194941 3.194843 3.194816 3.194809 3.194808 3.194807 3.194807 3.194807 3.194807 3.194807 3.194807 3.194807 3.194807 3.194807 3.194807 3.194807 3.194807 3.194805 3.194801 3.194785 3.194729 3.194549 3.193997 3.192409 3.188102 3.177150 3.151119 3.093523 2.975483 2.752858 2.369906 1.776607 0.963350 0.000000 
50.000000 38.106122 27.336321 18.497011 11.908387 7.436448 4.663699 3.087646 2.263361 1.865211 1.686947 1.612703 1.583843 1.573340 1.569749 1.568594 1.568242 1.568141 1.568114 1.568107 1.568105 1.568105 1.568104 1.568104 1.568104 1.568104 1.568104 1.568104 1.568104 1.568104 1.568104 1.568104 1.568104 1.568103 1.568101 1.568091 1.568059 1.567954 1.567637 1.566731 1.564296 1.558175 1.543823 1.512580 1.449773 1.333954 1.139736 0.846894 0.455590 0.000000 
50.000000 37.896790 26.937519 17.942830 11.238528 6.688195 3.866931 2.263361 1.424717 1.019650 0.838298 0.762772 0.733415 0.722731 0.719080 0.717904 0.717547 0.717444 0.717416 0.717409 0.717407 0.717407 0.717407 0.717407 0.717407 0.717407 0.717407 0.717407 0.717407 0.717407 0.717407 0.717407 0.717407 0.717406 0.717405 0.717400 0.717383 0.717328 0.717164 0.716697 0.715454 0.712359 0.705185 0.689781 0.659298 0.604082 0.513275 0.379053 0.202852 0.000000 
50.000000 37.795627 26.744804 17.675053 10.914889 6.326717 3.482048 1.865211 1.019650 0.611254 0.428416 0.352274 0.322679 0.311908 0.308227 0.307042 0.306682 0.306578 0.306550 0.306543 0.306541 0.306541 0.306540 0.306540 0.306540 0.306540 0.306540 0.306540 0.306540 0.306540 0.306540 0.306540 0.306540 0.306540 0.306540 0.306537 0.306529 0.306503 0.306426 0.306206 0.305627 0.304197 0.300914 0.293946 0.280332 0.256020 0.216635 0.159279 0.084933 0.000000 
50.000000 37.750309 26.658479 17.555116 10.769947 6.164846 3.309712 1.686947 0.838298 0.428416 0.244917 0.168500 0.138798 0.127989 0.124295 0.123106 0.122745 0.122641 0.122613 0.122605 0.122603 0.122603 0.122603 0.122603 0.122603 0.122603 0.122603 0.122603 0.122603 0.122603 0.122603 0.122603 0.122603 0.122603 0.122602 0.122601 0.122598 0.122587 0.122553 0.122458 0.122210 0.121601 0.120216 0.117303 0.111671 0.101727 0.085807 0.062883 0.033446 0.000000 
50.000000 37.731424 26.622508 17.505144 10.709564 6.097418 3.237931 1.612703 0.762772 0.352274 0.168500 0.091970 0.062224 0.051399 0.047700 0.046509 0.046147 0.046043 0.046015 0.046007 0.046005 0.046005 0.046005 0.046005 0.046005 0.046005 0.046005 0.046005 0.046005 0.046005 0.046005 0.046005 0.046005 0.046005 0.046005 0.046004 0.046003 0.045998 0.045985 0.045947 0.045849 0.045608 0.045066 0.043934 0.041765 0.037969 0.031950 0.023357 0.012399 0.000000 
50.000000 37.724079 26.608519 17.485712 10.686085 6.071203 3.210027 1.583843 0.733415 0.322679 0.138798 0.062224 0.032462 0.021631 0.017929 0.016738 0.016376 0.016271 0.016243 0.016236 0.016234 0.016233 0.016233 0.016233 0.016233 0.016233 0.016233 0.016233 0.016233 0.016233 0.016233 0.016233 0.016233 0.016233 0.016233 0.016233 0.016233 0.016231 0.016226 0.016212 0.016175 0.016087 0.015889 0.015478 0.014697 0.013340 0.011204 0.008175 0.004334 0.000000 
50.000000 37.721404 26.603424 17.478636 10.677537 6.061660 3.199870 1.573340 0.722731 0.311908 0.127989 0.051399 0.021631 0.010797 0.007095 0.005903 0.005541 0.005437 0.005409 0.005401 0.005399 0.005399 0.005399 0.005399 0.005399 0.005399 0.005399 0.005399 0.005399 0.005399 0.005399 0.005399 0.005399 0.005399 0.005399 0.005399 0.005399 0.005398 0.005396 0.005391 0.005379 0.005349 0.005281 0.005141 0.004877 0.004421 0.003707 0.002701 0.001430 0.000000 
50.000000 37.720489 26.601682 17.476216 10.674615 6.058398 3.196398 1.569749 0.719080 0.308227 0.124295 0.047700 0.017929 0.007095 0.003392 0.002201 0.001838 0.001734 0.001706 0.001699 0.001697 0.001696 0.001696 0.001696 0.001696 0.001696 0.001696 0.001696 0.001696 0.001696 0.001696 0.001696 0.001696 0.001696 0.001696 0.001696 0.001696 0.001696 0.001695 0.001694 0.001690 0.001680 0.001658 0.001613 0.001529 0.001385 0.001160 0.000844 0.000447 0.000000 
50.000000 37.720195 26.601121 17.475437 10.673674 6.057347 3.195280 1.568594 0.717904 0.307042 0.123106 0.046509 0.016738 0.005903 0.002201 0.001009 0.000647 0.000543 0.000514 0.000507 0.000505 0.000505 0.000504 0.000504 0.000504 0.000504 0.000504 0.000504 0.000504 0.000504 0.000504 0.000504 0.000504 0.000504 0.000504 0.000504 0.000504 0.000504 0.000504 0.000504 0.000502 0.000500 0.000493 0.000479 0.000454 0.000411 0.000344 0.000250 0.000132 0.000000 
50.000000 37.720105 26.600950 17.475200 10.673387 6.057028 3.194941 1.568242 0.717547 0.306682 0.122745 0.046147 0.016376 0.005541 0.001838 0.000647 0.000285 0.000180 0.000152 0.000145 0.000143 0.000142 0.000142 0.000142 0.000142 0.000142 0.000142 0.000142 0.000142 0.000142 0.000142 0.000142 0.000142 0.000142 0.000142 0.000142 0.000142 0.000142 0.000142 0.000142 0.000142 0.000141 0.000139 0.000135 0.000128 0.000116 0.000097 0.000070 0.000037 0.000000 
50.000000 37.720079 26.600901 17.475132 10.673305 6.056936 3.194843 1.568141 0.717444 0.306578 0.122641 0.046043 0.016271 0.005437 0.001734 0.000543 0.000180 0.000076 0.000048 0.000041 0.000039 0.000038 0.000038 0.000038 0.000038 0.000038 0.000038 0.000038 0.000038 0.000038 0.000038 0.000038 0.000038 0.000038 0.000038 0.000038 0.000038 0.000038 0.000038 0.000038 0.000038 0.000038 0.000037 0.000036 0.000034 0.000031 0.000026 0.000019 0.000010 0.000000 
50.000000 37.720072 26.600887 17.475113 10.673283 6.056911 3.194816 1.568114 0.717416 0.306550 0.122613 0.046015 0.016243 0.005409 0.001706 0.000514 0.000152 0.000048 0.000019 0.000012 0.000010 0.000010 0.000010 0.000010 0.000010 0.000010 0.000010 0.000010 0.000010 0.000010 0.000010 0.000010 0.000010 0.000010 0.000010 0.000010 0.000010 0.000010 0.000010 0.000010 0.000010 0.000010 0.000010 0.000009 0.000009 0.000008 0.000007 0.000005 0.000003 0.000000 
50.000000 37.720070 26.600884 17.475108 10.673277 6.056905 3.194809 1.568107 0.717409 0.306543 0.122605 0.046007 0.016236 0.005401 0.001699 0.000507 0.000145 0.000041 0.000012 0.000005 0.000003 0.000002 0.000002 0.000002 0.000002 0.000002 0.000002 0.000002 0.000002 0.000002 0.000002 0.000002 0.000002 0.000002 0.000002 0.000002 0.000002 0.000002 0.000002 0.000002 0.000002 0.000002 0.000002 0.000002 0.000002 0.000002 0.000002 0.000001 0.000001 0.000000 
50.000000 37.720070 26.600883 17.475107 10.673275 6.056903 3.194808 1.568105 0.717407 0.306541 0.122603 0.046005 0.016234 0.005399 0.001697 0.000505 0.000143 0.000039 0.000010 0.000003 0.000001 0.000001 0.000001 0.000001 0.000001 0.000001 0.000001 0.000001 0.000001 0.000001 0.000001 0.000001 0.000001 0.000001 0.000001 0.000001 0.000001 0.000001 0.000001 0.000001 0.000001 0.000001 0.000001 0.000001 0.000000 0.000000 0.000000 0.000000 0.000000 0.000000 
50.000000 37.720070 26.600883 17.475107 10.673275 6.056903 3.194807 1.568105 0.717407 0.306541 0.122603 0.046005 0.016233 0.005399 0.001696 0.000505 0.000142 0.000038 0.000010 0.000002 0.000001 0.000000 0.000000 0.000000 0.000000 0.000000 0.000000 0.000000 0.000000 0.000000 0.000000 0.000000 0.000000 0.000000 0.000000 0.000000 0.000000 0.000000 0.000000 0.000000 0.000000 0.000000 0.000000 0.000000 0.000000 0.000000 0.000000 0.000000 0.000000 0.000000 
50.000000 37.720070 26.600883 17.475107 10.673275 6.056902 3.194807 1.568104 0.717407 0.306540 0.122603 0.046005 0.016233 0.005399 0.001696 0.000504 0.000142 0.000038 0.000010 0.000002 0.000001 0.000000 0.000000 0.000000 0.000000 0.000000 0.000000 0.000000 0.000000 0.000000 0.000000 0.000000 0.000000 0.000000 0.000000 0.000000 0.000000 0.000000 0.000000 0.000000 0.000000 0.000000 0.000000 0.000000 0.000000 0.000000 0.000000 0.000000 0.000000 0.000000 
50.000000 37.720070 26.600883 17.475107 10.673275 6.056902 3.194807 1.568104 0.717407 0.306540 0.122603 0.046005 0.016233 0.005399 0.001696 0.000504 0.000142 0.000038 0.000010 0.000002 0.000001 0.000000 0.000000 0.000000 0.000000 0.000000 0.000000 0.000000 0.000000 0.000000 0.000000 0.000000 0.000000 0.000000 0.000000 0.000000 0.000000 0.000000 0.000000 0.000000 0.000000 0.000000 0.000000 0.000000 0.000000 0.000000 0.000000 0.000000 0.000000 0.000000 
50.000000 37.720070 26.600883 17.475107 10.673275 6.056902 3.194807 1.568104 0.717407 0.306540 0.122603 0.046005 0.016233 0.005399 0.001696 0.000504 0.000142 0.000038 0.000010 0.000002 0.000001 0.000000 0.000000 0.000000 0.000000 0.000000 0.000000 0.000000 0.000000 0.000000 0.000000 0.000000 0.000000 0.000000 0.000000 0.000000 0.000000 0.000000 0.000000 0.000000 0.000000 0.000000 0.000000 0.000000 0.000000 0.000000 0.000000 0.000000 0.000000 0.000000 
50.000000 37.720070 26.600883 17.475107 10.673275 6.056902 3.194807 1.568104 0.717407 0.306540 0.122603 0.046005 0.016233 0.005399 0.001696 0.000504 0.000142 0.000038 0.000010 0.000002 0.000001 0.000000 0.000000 0.000000 0.000000 0.000000 0.000000 0.000000 0.000000 0.000000 0.000000 0.000000 0.000000 0.000000 0.000000 0.000000 0.000000 0.000000 0.000000 0.000000 0.000000 0.000000 0.000000 0.000000 0.000000 0.000000 0.000000 0.000000 0.000000 0.000000 
50.000000 37.720070 26.600883 17.475107 10.673275 6.056902 3.194807 1.568104 0.717407 0.306540 0.122603 0.046005 0.016233 0.005399 0.001696 0.000504 0.000142 0.000038 0.000010 0.000002 0.000001 0.000000 0.000000 0.000000 0.000000 0.000000 0.000000 0.000000 0.000000 0.000000 0.000000 0.000000 0.000000 0.000000 0.000000 0.000000 0.000000 0.000000 0.000000 0.000000 0.000000 0.000000 0.000000 0.000000 0.000000 0.000000 0.000000 0.000000 0.000000 0.000000 
50.000000 37.720070 26.600883 17.475107 10.673275 6.056902 3.194807 1.568104 0.717407 0.306540 0.122603 0.046005 0.016233 0.005399 0.001696 0.000504 0.000142 0.000038 0.000010 0.000002 0.000001 0.000000 0.000000 0.000000 0.000000 0.000000 0.000000 0.000000 0.000000 0.000000 0.000000 0.000000 0.000000 0.000000 0.000000 0.000000 0.000000 0.000000 0.000000 0.000000 0.000000 0.000000 0.000000 0.000000 0.000000 0.000000 0.000000 0.000000 0.000000 0.000000 
50.000000 37.720070 26.600883 17.475107 10.673275 6.056903 3.194807 1.568105 0.717407 0.306541 0.122603 0.046005 0.016233 0.005399 0.001696 0.000505 0.000142 0.000038 0.000010 0.000002 0.000001 0.000000 0.000000 0.000000 0.000000 0.000000 0.000000 0.000000 0.000000 0.000000 0.000000 0.000000 0.000000 0.000000 0.000000 0.000000 0.000000 0.000000 0.000000 0.000000 0.000000 0.000000 0.000000 0.000000 0.000000 0.000000 0.000000 0.000000 0.000000 0.000000 
50.000000 37.720070 26.600883 17.475107 10.673275 6.056903 3.194808 1.568105 0.717407 0.306541 0.122603 0.046005 0.016234 0.005399 0.001697 0.000505 0.000143 0.000039 0.000010 0.000003 0.000001 0.000001 0.000001 0.000001 0.000001 0.000001 0.000001 0.000001 0.000001 0.000001 0.000001 0.000001 0.000001 0.000001 0.000001 0.000001 0.000001 0.000001 0.000001 0.000001 0.000001 0.000001 0.000001 0.000001 0.000000 0.000000 0.000000 0.000000 0.000000 0.000000 
50.000000 37.720070 26.600884 17.475108 10.673277 6.056905 3.194809 1.568107 0.717409 0.306543 0.122605 0.046007 0.016236 0.005401 0.001699 0.000507 0.000145 0.000041 0.000012 0.000005 0.000003 0.000002 0.000002 0.000002 0.000002 0.000002 0.000002 0.000002 0.000002 0.000002 0.000002 0.000002 0.000002 0.000002 0.000002 0.000002 0.000002 0.000002 0.000002 0.000002 0.000002 0.000002 0.000002 0.000002 0.000002 0.000002 0.000002 0.000001 0.000001 0.000000 
50.000000 37.720072 26.600887 17.475113 10.673283 6.056911 3.194816 1.568114 0.717416 0.306550 0.122613 0.046015 0.016243 0.005409 0.001706 0.000514 0.000152 0.000048 0.000019 0.000012 0.000010 0.000010 0.000010 0.000010 0.000010 0.000010 0.000010 0.000010 0.000010 0.000010 0.000010 0.000010 0.000010 0.000010 0.000010 0.000010 0.000010 0.000010 0.000010 0.000010 0.000010 0.000010 0.000010 0.000009 0.000009 0.000008 0.000007 0.000005 0.000003 0.000000 
50.000000 37.720079 26.600901 17.475132 10.673305 6.056936 3.194843 1.568141 0.717444 0.306578 0.122641 0.046043 0.016271 0.005437 0.001734 0.000543 0.000180 0.000076 0.000048 0.000041 0.000039 0.000038 0.000038 0.000038 0.000038 0.000038 0.000038 0.000038 0.000038 0.000038 0.000038 0.000038 0.000038 0.000038 0.000038 0.000038 0.000038 0.000038 0.000038 0.000038 0.000038 0.000038 0.000037 0.000036 0.000034 0.000031 0.000026 0.000019 0.000010 0.000000 
50.000000 37.720105 26.600950 17.475200 10.673387 6.057028 3.194941 1.568242 0.717547 0.306682 0.122745 0.046147 0.016376 0.005541 0.001838 0.000647 0.000285 0.000180 0.000152 0.000145 0.000143 0.000142 0.000142 0.000142 0.000142 0.000142 0.000142 0.000142 0.000142 0.000142 0.000142 0.000142 0.000142 0.000142 0.000142 0.000142 0.000142 0.000142 0.000142 0.000142 0.000142 0.000141 0.000139 0.000135 0.000128 0.000116 0.000097 0.000070 0.000037 0.000000 
50.000000 37.720195 26.601121 17.475437 10.673674 6.057347 3.195280 1.568594 0.717904 0.307042 0.123106 0.046509 0.016738 0.005903 0.002201 0.001009 0.000647 0.000543 0.000514 0.000507 0.000505 0.000505 0.000504 0.000504 0.000504 0.000504 0.000504 0.000504 0.000504 0.000504 0.000504 0.000504 0.000504 0.000504 0.000504 0.000504 0.000504 0.000504 0.000504 0.000504 0.000502 0.000500 0.000493 0.000479 0.000454 0.000411 0.000344 0.000250 0.000132 0.000000 
50.000000 37.720489 26.601682 17.476216 10.674615 6.058398 3.196398 1.569749 0.719080 0.308227 0.124295 0.047700 0.017929 0.007095 0.003392 0.002201 0.001838 0.001734 0.001706 0.001699 0.001697 0.001696 0.001696 0.001696 0.001696 0.001696 0.001696 0.001696 0.001696 0.001696 0.001696 0.001696 0.001696 0.001696 0.001696 0.001696 0.001696 0.001696 0.001695 0.001694 0.001690 0.001680 0.001658 0.001613 0.001529 0.001385 0.001160 0.000844 0.000447 0.000000 
50.000000 37.721404 26.603424 17.478636 10.677537 6.061660 3.199870 1.573340 0.722731 0.311908 0.127989 0.051399 0.021631 0.010797 0.007095 0.005903 0.005541 0.005437 0.005409 0.005401 0.005399 0.005399 0.005399 0.005399 0.005399 0.005399 0.005399 0.005399 0.005399 0.005399 0.005399 0.005399 0.005399 0.005399 0.005399 0.005399 0.005399 0.005398 0.005396 0.005391 0.005379 0.005349 0.005281 0.005141 0.004877 0.004421 0.003707 0.002701 0.001430 0.000000 
50.000000 37.724079 26.608519 17.485712 10.686085 6.071203 3.210027 1.583843 0.733415 0.322679 0.138798 0.062224 0.032462 0.021631 0.017929 0.016738 0.016376 0.016271 0.016243 0.016236 0.016234 0.016233 0.016233 0.016233 0.016233 0.016233 0.016233 0.016233 0.016233 0.016233 0.016233 0.016233 0.016233 0.016233 0.016233 0.016233 0.016233 0.016231 0.016226 0.016212 0.016175 0.016087 0.015889 0.015478 0.014697 0.013340 0.011204 0.008175 0.004334 0.000000 
50.000000 37.731424 26.622508 17.505144 10.709564 6.097418 3.237931 1.612703 0.762772 0.352274 0.168500 0.091970 0.062224 0.051399 0.047700 0.046509 0.046147 0.046043 0.046015 0.046007 0.046005 0.046005 0.046005 0.046005 0.046005 0.046005 0.046005 0.046005 0.046005 0.046005 0.046005 0.046005 0.046005 0.046005 0.046005 0.046004 0.046003 0.045998 0.045985 0.045947 0.045849 0.045608 0.045066 0.043934 0.041765 0.037969 0.031950 0.023357 0.012399 0.000000 
50.000000 37.750309 26.658479 17.555116 10.769947 6.164846 3.309712 1.686947 0.838298 0.428416 0.244917 0.168500 0.138798 0.127989 0.124295 0.123106 0.122745 0.122641 0.122613 0.122605 0.122603 0.122603 0.122603 0.122603 0.122603 0.122603 0.122603 0.122603 0.122603 0.122603 0.122603 0.122603 0.122603 0.122603 0.122602 0.122601 0.122598 0.122587 0.122553 0.122458 0.122210 0.121601 0.120216 0.117303 0.111671 0.101727 0.085807 0.062883 0.033446 0.000000 
50.000000 37.795627 26.744804 17.675053 10.914889 6.326717 3.482048 1.865211 1.019650 0.611254 0.428416 0.352274 0.322679 0.311908 0.308227 0.307042 0.306682 0.306578 0.306550 0.306543 0.306541 0.306541 0.306540 0.306540 0.306540 0.306540 0.306540 0.306540 0.306540 0.306540 0.306540 0.306540 0.306540 0.306540 0.306540 0.306537 0.306529 0.306503 0.306426 0.306206 0.305627 0.304197 0.300914 0.293946 0.280332 0.256020 0.216635 0.159279 0.084933 0.000000 
50.000000 37.896790 26.937519 17.942830 11.238528 6.688195 3.866931 2.263361 1.424717 1.019650 0.838298 0.762772 0.733415 0.722731 0.719080 0.717904 0.717547 0.717444 0.717416 0.717409 0.717407 0.717407 0.717407 0.717407 0.717407 0.717407 0.717407 0.717407 0.717407 0.717407 0.717407 0.717407 0.717407 0.717406 0.717405 0.717400 0.717383 0.717328 0.717164 0.716697 0.715454 0.712359 0.705185 0.689781 0.659298 0.604082 0.513275 0.379053 0.202852 0.000000 
50.000000 38.106122 27.336321 18.497011 11.908387 7.436448 4.663699 3.087646 2.263361 1.865211 1.686947 1.612703 1.583843 1.573340 1.569749 1.568594 1.568242 1.568141 1.568114 1.568107 1.568105 1.568105 1.568104 1.568104 1.568104 1.568104 1.568104 1.568104 1.568104 1.568104 1.568104 1.568104 1.568104 1.568103 1.568101 1.568091 1.568059 1.567954 1.567637 1.566731 1.564296 1.558175 1.543823 1.512580 1.449773 1.333954 1.139736 0.846894 0.455590 0.000000 
50.000000 38.506188 28.098534 19.556279 13.188879 8.866925 6.187046 4.663699 3.866931 3.482048 3.309712 3.237931 3.210027 3.199870 3.196398 3.195280 3.194941 3.194843 3.194816 3.194809 3.194808 3.194807 3.194807 3.194807 3.194807 3.194807 3.194807 3.194807 3.194807 3.194807 3.194807 3.194807 3.194807 3.194805 3.194801 3.194785 3.194729 3.194549 3.193997 3.192409 3.188102 3.177150 3.151119 3.093523 2.975483 2.752858 2.369906 1.776607 0.963350 0.000000 
50.000000 39.209736 29.439011 21.419309 15.441185 11.383250 8.866925 7.436448 6.688195 6.326717 6.164846 6.097418 6.071203 6.061660 6.058398 6.057347 6.057028 6.056936 6.056911 6.056905 6.056903 6.056903 6.056902 6.056902 6.056902 6.056902 6.056902 6.056902 6.056902 6.056902 6.056902 6.056902 6.056902 6.056900 6.056893 6.056868 6.056783 6.056506 6.055654 6.053175 6.046385 6.028897 5.986675 5.891442 5.691625 5.303904 4.614188 3.504542 1.924683 0.000000 
50.000000 40.344027 31.600279 24.423284 19.073095 15.441185 13.188879 11.908387 11.238528 10.914889 10.769947 10.709564 10.686085 10.677537 10.674615 10.673674 10.673387 10.673305 10.673283 10.673277 10.673275 10.673275 10.673275 10.673275 10.673275 10.673275 10.673275 10.673275 10.673275 10.673275 10.673275 10.673275 10.673274 10.673272 10.673263 10.673230 10.673116 10.672745 10.671595 10.668220 10.658869 10.634446 10.574433 10.436021 10.137282 9.536547 8.419344 6.523480 3.661585 0.000000 
50.000000 42.014714 34.783702 28.848195 24.423284 21.419309 19.556279 18.497011 17.942830 17.675053 17.555116 17.505144 17.485712 17.478636 17.476216 17.475437 17.475200 17.475132 17.475113 17.475108 17.475107 17.475107 17.475107 17.475107 17.475107 17.475107 17.475107 17.475107 17.475107 17.475107 17.475107 17.475106 17.475106 17.475103 17.475093 17.475056 17.474928 17.474508 17.473195 17.469308 17.458418 17.429554 17.357275 17.186372 16.805121 16.003940 14.424097 11.530603 6.734572 0.000000 
50.000000 44.255597 39.053725 34.783702 31.600279 29.439011 28.098534 27.336321 26.937519 26.744804 26.658479 26.622508 26.608519 26.603424 26.601682 26.601121 26.600950 26.600901 26.600887 26.600884 26.600883 26.600883 26.600883 26.600883 26.600883 26.600883 26.600883 26.600883 26.600883 26.600883 26.600883 26.600883 26.600882 26.600880 26.600871 26.600838 26.600723 26.600344 26.599152 26.595595 26.585525 26.558466 26.489427 26.321927 25.934469 25.076799 23.253099 19.526863 12.316296 0.000000 
50.000000 46.985456 44.255597 42.014714 40.344027 39.209736 38.506188 38.106122 37.896790 37.795627 37.750309 37.731424 37.724079 37.721404 37.720489 37.720195 37.720105 37.720079 37.720072 37.720070 37.720070 37.720070 37.720070 37.720070 37.720070 37.720070 37.720070 37.720070 37.720070 37.720070 37.720070 37.720070 37.720069 37.720068 37.720063 37.720043 37.719974 37.719746 37.719025 37.716864 37.710694 37.693938 37.650532 37.542839 37.285053 36.682442 35.280142 31.939300 23.492728 0.000000 
50.000000 50.000000 50.000000 50.000000 50.000000 50.000000 50.000000 50.000000 50.000000 50.000000 50.000000 50.000000 50.000000 50.000000 50.000000 50.000000 50.000000 50.000000 50.000000 50.000000 50.000000 50.000000 50.000000 50.000000 50.000000 50.000000 50.000000 50.000000 50.000000 50.000000 50.000000 50.000000 50.000000 50.000000 50.000000 50.000000 50.000000 50.000000 50.000000 50.000000 50.000000 50.000000 50.000000 50.000000 50.000000 50.000000 50.000000 50.000000 50.000000 50.000000 
