50.000000 50.000000 50.000000 50.000000 50.000000 50.000000 50.000000 50.000000 50.000000 50.000000 50.000000 50.000000 50.000000 50.000000 50.000000 50.000000 50.000000 50.000000 50.000000 50.000000 50.000000 50.000000 50.000000 50.000000 50.000000 50.000000 50.000000 50.000000 50.000000 50.000000 50.000000 50.000000 50.000000 50.000000 50.000000 50.000000 50.000000 50.000000 50.000000 50.000000 50.000000 50.000000 50.000000 50.000000 50.000000 50.000000 50.000000 50.000000 50.000000 50.000000 
50.000000 48.926554 47.889279 46.920695 46.046626 45.284252 44.641457 44.117446 43.704336 43.389299 43.156839 42.990819 42.876019 42.799134 42.749242 42.717861 42.698722 42.687398 42.680896 42.677271 42.675309 42.674276 42.673747 42.673484 42.673355 42.673292 42.673256 42.673227 42.673184 42.673101 42.672932 42.672591 42.671911 42.670591 42.668081 42.663411 42.654900 42.639698 42.613034 42.567027 42.488721 42.356760 42.135430 41.763214 41.128770 40.015200 37.955941 33.818233 24.463277 0.000000 
50.000000 47.889279 45.849684 43.945156 42.226477 40.727423 39.463501 38.433146 37.620855 37.001405 36.544326 36.217888 35.992163 35.840988 35.742889 35.681187 35.643555 35.621289 35.608505 35.601378 35.597519 35.595488 35.594449 35.593931 35.593678 35.593554 35.593486 35.593429 35.593347 35.593191 35.592874 35.592232 35.590958 35.588483 35.583787 35.575065 35.559213 35.530981 35.481661 35.397001 35.253905 35.015071 34.619999 33.969245 32.895586 31.109315 28.094095 22.924842 14.071046 0.000000 
50.000000 46.920695 43.945156 41.166669 38.659318 36.472381 34.628477 33.125325 31.940303 31.036616 30.369808 29.893588 29.564294 29.343756 29.200649 29.110639 29.055741 29.023262 29.004613 28.994216 28.988587 28.985625 28.984109 28.983353 28.982985 28.982804 28.982705 28.982626 28.982514 28.982302 28.981872 28.981004 28.979284 28.975952 28.969644 28.957965 28.936819 28.899340 28.834258 28.723406 28.537932 28.232550 27.736728 26.941112 25.676799 23.685369 20.583334 15.851061 8.964754 0.000000 
50.000000 46.046626 42.226477 38.659318 35.440265 32.632583 30.265312 28.335521 26.814164 25.653997 24.797946 24.186576 23.763834 23.480715 23.296999 23.181449 23.110976 23.069281 23.045341 23.031996 23.024769 23.020967 23.019021 23.018052 23.017579 23.017348 23.017224 23.017127 23.016996 23.016749 23.016252 23.015250 23.013270 23.009446 23.002229 22.988923 22.964948 22.922711 22.849915 22.727088 22.524037 22.194882 21.671268 20.853535 19.600376 17.720132 14.973949 11.117162 6.031426 0.000000 
50.000000 45.284252 40.727423 36.472381 32.632583 29.283498 26.459761 24.157873 22.343185 20.959339 19.938250 19.209023 18.704790 18.367099 18.147975 18.010155 17.926101 17.876373 17.847820 17.831904 17.823285 17.818750 17.816430 17.815274 17.814711 17.814437 17.814292 17.814185 17.814044 17.813785 17.813267 17.812225 17.810173 17.806223 17.798798 17.785174 17.760765 17.718056 17.645062 17.523161 17.324208 17.006833 16.512084 15.758997 14.641749 13.032207 10.795581 7.831838 4.155482 0.000000 
50.000000 44.641457 39.463501 34.628477 30.265312 26.459761 23.251178 20.635584 18.573602 17.001188 15.840972 15.012393 14.439470 14.055781 13.806812 13.650223 13.554724 13.498225 13.465786 13.447703 13.437912 13.432760 13.430124 13.428811 13.428172 13.427863 13.427702 13.427589 13.427449 13.427198 13.426698 13.425699 13.423736 13.419973 13.412930 13.400073 13.377179 13.337412 13.270038 13.158704 12.979308 12.697553 12.266595 11.625589 10.700764 9.411777 7.687365 5.494256 2.878242 0.000000 
50.000000 44.117446 38.433146 33.125325 28.335521 24.157873 20.635584 17.764281 15.500729 13.774619 12.501011 11.591461 10.962558 10.541384 10.268095 10.096214 9.991389 9.929374 9.893768 9.873920 9.863174 9.857520 9.854627 9.853187 9.852486 9.852149 9.851977 9.851862 9.851730 9.851501 9.851051 9.850153 9.848397 9.845043 9.838797 9.827455 9.807386 9.772783 9.714669 9.619627 9.468348 9.234188 8.882140 8.368989 7.645790 6.664253 5.388597 3.813148 1.982017 0.000000 
50.000000 43.704336 37.620855 31.940303 26.814164 22.343185 18.573602 15.500729 13.078293 11.231038 9.868056 8.894691 8.221671 7.770957 7.478506 7.294574 7.182402 7.116041 7.077941 7.056703 7.045205 7.039155 7.036060 7.034519 7.033770 7.033411 7.033232 7.033119 7.033000 7.032803 7.032418 7.031657 7.030175 7.027356 7.022129 7.012691 6.996096 6.967692 6.920391 6.843792 6.723258 6.539146 6.266541 5.876049 5.336352 4.619282 3.707753 2.605784 1.347576 0.000000 
50.000000 43.389299 37.001405 31.036616 25.653997 20.959339 17.001188 13.774619 11.231038 9.291419 7.860300 6.838286 6.131635 5.658406 5.351348 5.158233 5.040462 4.970790 4.930790 4.908493 4.896421 4.890069 4.886820 4.885203 4.884418 4.884043 4.883859 4.883750 4.883646 4.883483 4.883172 4.882560 4.881372 4.879122 4.874972 4.867517 4.854490 4.832350 4.795776 4.737090 4.645709 4.507779 4.306271 4.021880 3.635131 3.129960 2.498684 1.747500 0.900578 0.000000 
50.000000 43.156839 36.544326 30.369808 24.797946 19.938250 15.840972 12.501011 9.868056 7.860300 6.378920 5.321021 4.589567 4.099732 3.781903 3.582016 3.460118 3.388005 3.346603 3.323526 3.311031 3.304458 3.301095 3.299422 3.298610 3.298224 3.298037 3.297933 3.297844 3.297715 3.297474 3.297004 3.296096 3.294385 3.291243 3.285629 3.275875 3.259409 3.232412 3.189460 3.123210 3.024264 2.881384 2.682268 2.415089 2.070857 1.646402 1.147325 0.589812 0.000000 
50.000000 42.990819 36.217888 29.893588 24.186576 19.209023 15.012393 11.591461 8.894691 6.838286 5.321021 4.237506 3.488345 2.986658 2.661142 2.456422 2.331578 2.257723 2.215322 2.191688 2.178892 2.172160 2.168717 2.167003 2.166173 2.165779 2.165591 2.165492 2.165416 2.165317 2.165138 2.164792 2.164129 2.162884 2.160608 2.156562 2.149573 2.137846 2.118753 2.088609 2.042510 1.974300 1.876792 1.742356 1.563961 1.336661 1.059329 0.736227 0.377785 0.000000 
50.000000 42.876019 35.992163 29.564294 23.763834 18.704790 14.439470 10.962558 8.221671 6.131635 4.589567 3.488345 2.726948 2.217070 1.886242 1.678184 1.551304 1.476246 1.433155 1.409136 1.396133 1.389291 1.385792 1.384051 1.383208 1.382808 1.382620 1.382525 1.382461 1.382386 1.382258 1.382014 1.381550 1.380681 1.379100 1.376302 1.371494 1.363474 1.350499 1.330157 1.299285 1.253978 1.189774 1.102058 0.986734 0.841123 0.664954 0.461182 0.236322 0.000000 
50.000000 42.799134 35.840988 29.343757 23.480715 18.367099 14.055781 10.541384 7.770957 5.658406 4.099732 2.986658 2.217070 1.701709 1.367327 1.157035 1.028794 0.952931 0.909378 0.885102 0.871959 0.865045 0.861509 0.859749 0.858897 0.858494 0.858306 0.858215 0.858159 0.858103 0.858014 0.857849 0.857536 0.856953 0.855897 0.854036 0.850855 0.845576 0.837085 0.823856 0.803915 0.774861 0.733998 0.678602 0.606334 0.515767 0.406938 0.281775 0.144234 0.000000 
50.000000 42.749242 35.742889 29.200649 23.296999 18.147975 13.806812 10.268095 7.478506 5.351348 3.781903 2.661142 1.886242 1.367327 1.030640 0.818900 0.689776 0.613392 0.569540 0.545097 0.531864 0.524902 0.521342 0.519571 0.518713 0.518308 0.518120 0.518031 0.517982 0.517940 0.517880 0.517772 0.517568 0.517192 0.516512 0.515320 0.513291 0.509940 0.504579 0.496275 0.483831 0.465814 0.440641 0.406739 0.362801 0.308077 0.242684 0.167823 0.085832 0.000000 
50.000000 42.717861 35.681187 29.110639 23.181449 18.010155 13.650223 10.096214 7.294574 5.158233 3.582017 2.456422 1.678184 1.157035 0.818900 0.606249 0.476571 0.399859 0.355819 0.331272 0.317982 0.310991 0.307415 0.305636 0.304775 0.304369 0.304181 0.304094 0.304050 0.304017 0.303977 0.303908 0.303781 0.303546 0.303125 0.302388 0.301138 0.299084 0.295814 0.290774 0.283261 0.272445 0.257417 0.237294 0.211357 0.179220 0.140995 0.097400 0.049780 0.000000 
50.000000 42.698722 35.643555 29.055741 23.110976 17.926101 13.554724 9.991389 7.182402 5.040462 3.460118 2.331578 1.551305 1.028794 0.689776 0.476571 0.346556 0.269644 0.225489 0.200879 0.187555 0.180545 0.176960 0.175177 0.174314 0.173907 0.173719 0.173633 0.173592 0.173566 0.173539 0.173497 0.173420 0.173278 0.173025 0.172585 0.171841 0.170624 0.168694 0.165733 0.161341 0.155047 0.146346 0.134752 0.119878 0.101530 0.079789 0.055071 0.028131 0.000000 
50.000000 42.687398 35.621290 29.023262 23.069281 17.876373 13.498225 9.929374 7.116042 4.970791 3.388005 2.257724 1.476247 0.952932 0.613392 0.399859 0.269644 0.192615 0.148393 0.123744 0.110400 0.103380 0.099789 0.098003 0.097139 0.096731 0.096544 0.096459 0.096420 0.096398 0.096380 0.096354 0.096308 0.096226 0.096079 0.095825 0.095396 0.094698 0.093595 0.091909 0.089420 0.085868 0.080978 0.074490 0.066200 0.056012 0.043978 0.030332 0.015487 0.000000 
50.000000 42.680896 35.608506 29.004613 23.045342 17.847821 13.465787 9.893770 7.077943 4.930791 3.346605 2.215324 1.433157 0.909380 0.569541 0.355820 0.225491 0.148394 0.104133 0.079463 0.066107 0.059080 0.055487 0.053700 0.052834 0.052427 0.052239 0.052155 0.052117 0.052098 0.052085 0.052069 0.052043 0.051996 0.051914 0.051771 0.051532 0.051144 0.050533 0.049602 0.048233 0.046287 0.043618 0.040090 0.035597 0.030093 0.023610 0.016274 0.008306 0.000000 
50.000000 42.677272 35.601380 28.994218 23.031998 17.831906 13.447706 9.873924 7.056707 4.908497 3.323530 2.191692 1.409141 0.885107 0.545101 0.331276 0.200883 0.123748 0.079465 0.054783 0.041421 0.034391 0.030796 0.029008 0.028142 0.027734 0.027547 0.027463 0.027426 0.027408 0.027398 0.027388 0.027373 0.027348 0.027303 0.027226 0.027096 0.026887 0.026558 0.026060 0.025329 0.024293 0.022877 0.021011 0.018642 0.015748 0.012348 0.008507 0.004340 0.000000 
50.000000 42.675310 35.597522 28.988592 23.024775 17.823292 13.437920 9.863183 7.045214 4.896430 3.311041 2.178902 1.396143 0.871970 0.531875 0.317993 0.187565 0.110410 0.066116 0.041427 0.028061 0.021030 0.017434 0.015645 0.014779 0.014371 0.014184 0.014100 0.014063 0.014047 0.014038 0.014032 0.014024 0.014010 0.013986 0.013945 0.013877 0.013768 0.013596 0.013337 0.012957 0.012421 0.011690 0.010730 0.009514 0.008032 0.006294 0.004334 0.002211 0.000000 
50.000000 42.674280 35.595496 28.985636 23.020982 17.818768 13.432779 9.857541 7.039177 4.890093 3.304482 2.172185 1.389317 0.865071 0.524928 0.311017 0.180571 0.103405 0.059105 0.034413 0.021045 0.014013 0.010416 0.008627 0.007761 0.007353 0.007166 0.007082 0.007046 0.007030 0.007022 0.007018 0.007013 0.007006 0.006993 0.006972 0.006938 0.006882 0.006794 0.006663 0.006471 0.006200 0.005832 0.005350 0.004741 0.004001 0.003134 0.002157 0.001100 0.000000 
50.000000 42.673757 35.594468 28.984136 23.019056 17.816472 13.430171 9.854678 7.036114 4.886878 3.301154 2.168777 1.385854 0.861570 0.521404 0.307477 0.177022 0.099851 0.055548 0.030854 0.017486 0.010453 0.006856 0.005067 0.004201 0.003793 0.003605 0.003522 0.003485 0.003469 0.003462 0.003459 0.003456 0.003452 0.003446 0.003435 0.003418 0.003390 0.003346 0.003280 0.003185 0.003050 0.002868 0.002630 0.002329 0.001964 0.001538 0.001058 0.000540 0.000000 
50.000000 42.673506 35.593976 28.983418 23.018134 17.815372 13.428922 9.853307 7.034647 4.885337 3.299560 2.167145 1.384194 0.859894 0.519716 0.305782 0.175323 0.098149 0.053844 0.029150 0.015780 0.008747 0.005150 0.003361 0.002495 0.002087 0.001900 0.001816 0.001780 0.001764 0.001757 0.001754 0.001752 0.001750 0.001747 0.001741 0.001732 0.001718 0.001695 0.001661 0.001612 0.001544 0.001451 0.001330 0.001177 0.000992 0.000777 0.000534 0.000272 0.000000 
50.000000 42.673406 35.593780 28.983132 23.017767 17.814934 13.428424 9.852761 7.034063 4.884724 3.298926 2.166495 1.383534 0.859226 0.519044 0.305107 0.174646 0.097471 0.053166 0.028471 0.015102 0.008069 0.004471 0.002682 0.001816 0.001408 0.001221 0.001137 0.001101 0.001085 0.001079 0.001076 0.001074 0.001073 0.001071 0.001067 0.001061 0.001052 0.001038 0.001018 0.000987 0.000945 0.000888 0.000813 0.000720 0.000606 0.000474 0.000326 0.000166 0.000000 
50.000000 42.673406 35.593780 28.983132 23.017767 17.814934 13.428424 9.852761 7.034063 4.884724 3.298926 2.166495 1.383534 0.859226 0.519044 0.305107 0.174646 0.097471 0.053166 0.028471 0.015102 0.008069 0.004471 0.002682 0.001816 0.001408 0.001221 0.001137 0.001101 0.001085 0.001079 0.001076 0.001074 0.001073 0.001071 0.001067 0.001061 0.001052 0.001038 0.001018 0.000987 0.000945 0.000888 0.000813 0.000720 0.000606 0.000474 0.000326 0.000166 0.000000 
50.000000 42.673506 35.593976 28.983418 23.018134 17.815372 13.428922 9.853307 7.034647 4.885337 3.299560 2.167145 1.384194 0.859894 0.519716 0.305782 0.175323 0.098149 0.053844 0.029150 0.015780 0.008747 0.005150 0.003361 0.002495 0.002087 0.001900 0.001816 0.001780 0.001764 0.001757 0.001754 0.001752 0.001750 0.001747 0.001741 0.001732 0.001718 0.001695 0.001661 0.001612 0.001544 0.001451 0.001330 0.001177 0.000992 0.000777 0.000534 0.000272 0.000000 
50.000000 42.673757 35.594468 28.984136 23.019056 17.816472 13.430171 9.854678 7.036114 4.886878 3.301154 2.168777 1.385854 0.861570 0.521404 0.307477 0.177022 0.099851 0.055548 0.030854 0.017486 0.010453 0.006856 0.005067 0.004201 0.003793 0.003605 0.003522 0.003485 0.003469 0.003462 0.003459 0.003456 0.003452 0.003446 0.003435 0.003418 0.003390 0.003346 0.003280 0.003185 0.003050 0.002868 0.002630 0.002329 0.001964 0.001538 0.001058 0.000540 0.000000 
50.000000 42.674280 35.595496 28.985636 23.020982 17.818768 13.432779 9.857541 7.039177 4.890093 3.304482 2.172185 1.389317 0.865071 0.524928 0.311017 0.180571 0.103405 0.059105 0.034413 0.021045 0.014013 0.010416 0.008627 0.007761 0.007353 0.007166 0.007082 0.007046 0.007030 0.007022 0.007018 0.007013 0.007006 0.006993 0.006972 0.006938 0.006882 0.006794 0.006663 0.006471 0.006200 0.005832 0.005350 0.004741 0.004001 0.003134 0.002157 0.001100 0.000000 
50.000000 42.675310 35.597522 28.988592 23.024775 17.823292 13.437920 9.863183 7.045214 4.896430 3.311041 2.178902 1.396143 0.871970 0.531875 0.317993 0.187565 0.110410 0.066116 0.041427 0.028061 0.021030 0.017434 0.015645 0.014779 0.014371 0.014184 0.014100 0.014063 0.014047 0.014038 0.014032 0.014024 0.014010 0.013986 0.013945 0.013877 0.013768 0.013596 0.013337 0.012957 0.012421 0.011690 0.010730 0.009514 0.008032 0.006294 0.004334 0.002211 0.000000 
50.000000 42.677272 35.601380 28.994218 23.031998 17.831906 13.447706 9.873924 7.056707 4.908497 3.323530 2.191692 1.409141 0.885107 0.545101 0.331276 0.200883 0.123748 0.079465 0.054783 0.041421 0.034391 0.030796 0.029008 0.028142 0.027734 0.027547 0.027463 0.027426 0.027408 0.027398 0.027388 0.027373 0.027348 0.027303 0.027226 0.027096 0.026887 0.026558 0.026060 0.025329 0.024293 0.022877 0.021011 0.018642 0.015748 0.012348 0.008507 0.004340 0.000000 
50.000000 42.680896 35.608506 29.004613 23.045342 17.847821 13.465787 9.893770 7.077943 4.930791 3.346605 2.215324 1.433157 0.909380 0.569541 0.355820 0.225491 0.148394 0.104133 0.079463 0.066107 0.059080 0.055487 0.053700 0.052834 0.052427 0.052239 0.052155 0.052117 0.052098 0.052085 0.052069 0.052043 0.051996 0.051914 0.051771 0.051532 0.051144 0.050533 0.049602 0.048233 0.046287 0.043618 0.040090 0.035597 0.030093 0.023610 0.016274 0.008306 0.000000 
50.000000 42.687398 35.621290 29.023262 23.069281 17.876373 13.498225 9.929374 7.116042 4.970791 3.388005 2.257724 1.476247 0.952932 0.613392 0.399859 0.269644 0.192615 0.148393 0.123744 0.110400 0.103380 0.099789 0.098003 0.097139 0.096731 0.096544 0.096459 0.096420 0.096398 0.096380 0.096354 0.096308 0.096226 0.096079 0.095825 0.095396 0.094698 0.093595 0.091909 0.089420 0.085868 0.080978 0.074490 0.066200 0.056012 0.043978 0.030332 0.015487 0.000000 
50.000000 42.698722 35.643555 29.055741 23.110976 17.926101 13.554724 9.991389 7.182402 5.040462 3.460118 2.331578 1.551305 1.028794 0.689776 0.476571 0.346556 0.269644 0.225489 0.200879 0.187555 0.180545 0.176960 0.175177 0.174314 0.173907 0.173719 0.173633 0.173592 0.173566 0.173539 0.173497 0.173420 0.173278 0.173025 0.172585 0.171841 0.170624 0.168694 0.165733 0.161341 0.155047 0.146346 0.134752 0.119878 0.101530 0.079789 0.055071 0.028131 0.000000 
50.000000 42.717861 35.681187 29.110639 23.181449 18.010155 13.650223 10.096214 7.294574 5.158233 3.582017 2.456422 1.678184 1.157035 0.818900 0.606249 0.476571 0.399859 0.355819 0.331272 0.317982 0.310991 0.307415 0.305636 0.304775 0.304369 0.304181 0.304094 0.304050 0.304017 0.303977 0.303908 0.303781 0.303546 0.303125 0.302388 0.301138 0.299084 0.295814 0.290774 0.283261 0.272445 0.257417 0.237294 0.211357 0.179220 0.140995 0.097400 0.049780 0.000000 
50.000000 42.749242 35.742889 29.200649 23.296999 18.147975 13.806812 10.268095 7.478506 5.351348 3.781903 2.661142 1.886242 1.367327 1.030640 0.818900 0.689776 0.613392 0.569540 0.545097 0.531864 0.524902 0.521342 0.519571 0.518713 0.518308 0.518120 0.518031 0.517982 0.517940 0.517880 0.517772 0.517568 0.517192 0.516512 0.515320 0.513291 0.509940 0.504579 0.496275 0.483831 0.465814 0.440641 0.406739 0.362801 0.308077 0.242684 0.167823 0.085832 0.000000 
50.000000 42.799134 35.840988 29.343757 23.480715 18.367099 14.055781 10.541384 7.770957 5.658406 4.099732 2.986658 2.217070 1.701709 1.367327 1.157035 1.028794 0.952931 0.909378 0.885102 0.871959 0.865045 0.861509 0.859749 0.858897 0.858494 0.858306 0.858215 0.858159 0.858103 0.858014 0.857849 0.857536 0.856953 0.855897 0.854036 0.850855 0.845576 0.837085 0.823856 0.803915 0.774861 0.733998 0.678602 0.606334 0.515767 0.406938 0.281775 0.144234 0.000000 
50.000000 42.876019 35.992163 29.564294 23.763834 18.704790 14.439470 10.962558 8.221671 6.131635 4.589567 3.488345 2.726948 2.217070 1.886242 1.678184 1.551304 1.476246 1.433155 1.409136 1.396133 1.389291 1.385792 1.384051 1.383208 1.382808 1.382620 1.382525 1.382461 1.382386 1.382258 1.382014 1.381550 1.380681 1.379100 1.376302 1.371494 1.363474 1.350499 1.330157 1.299285 1.253978 1.189774 1.102058 0.986734 0.841123 0.664954 0.461182 0.236322 0.000000 
50.000000 42.990819 36.217888 29.893588 24.186576 19.209023 15.012393 11.591461 8.894691 6.838286 5.321021 4.237506 3.488345 2.986658 2.661142 2.456422 2.331578 2.257723 2.215322 2.191688 2.178892 2.172160 2.168717 2.167003 2.166173 2.165779 2.165591 2.165492 2.165416 2.165317 2.165138 2.164792 2.164129 2.162884 2.160608 2.156562 2.149573 2.137846 2.118753 2.088609 2.042510 1.974300 1.876792 1.742356 1.563961 1.336661 1.059329 0.736227 0.377785 0.000000 
50.000000 43.156839 36.544326 30.369808 24.797946 19.938250 15.840972 12.501011 9.868056 7.860300 6.378920 5.321021 4.589567 4.099732 3.781903 3.582016 3.460118 3.388005 3.346603 3.323526 3.311031 3.304458 3.301095 3.299422 3.298610 3.298224 3.298037 3.297933 3.297844 3.297715 3.297474 3.297004 3.296096 3.294385 3.291243 3.285629 3.275875 3.259409 3.232412 3.189460 3.123210 3.024264 2.881384 2.682268 2.415089 2.070857 1.646402 1.147325 0.589812 0.000000 
50.000000 43.389299 37.001405 31.036616 25.653997 20.959339 17.001188 13.774619 11.231038 9.291419 7.860300 6.838286 6.131635 5.658406 5.351348 5.158233 5.040462 4.970790 4.930790 4.908493 4.896421 4.890069 4.886820 4.885203 4.884418 4.884043 4.883859 4.883750 4.883646 4.883483 4.883172 4.882560 4.881372 4.879122 4.874972 4.867517 4.854490 4.832350 4.795776 4.737090 4.645709 4.507779 4.306271 4.021880 3.635131 3.129960 2.498684 1.747500 0.900578 0.000000 
50.000000 43.704336 37.620855 31.940303 26.814164 22.343185 18.573602 15.500729 13.078293 11.231038 9.868056 8.894691 8.221671 7.770957 7.478506 7.294574 7.182402 7.116041 7.077941 7.056703 7.045205 7.039155 7.036060 7.034519 7.033770 7.033411 7.033232 7.033119 7.033000 7.032803 7.032418 7.031657 7.030175 7.027356 7.022129 7.012691 6.996096 6.967692 6.920391 6.843792 6.723258 6.539146 6.266541 5.876049 5.336352 4.619282 3.707753 2.605784 1.347576 0.000000 
50.000000 44.117446 38.433146 33.125325 28.335521 24.157873 20.635584 17.764281 15.500729 13.774619 12.501011 11.591461 10.962558 10.541384 10.268095 10.096214 9.991389 9.929374 9.893768 9.873920 9.863174 9.857520 9.854627 9.853187 9.852486 9.852149 9.851977 9.851862 9.851730 9.851501 9.851051 9.850153 9.848397 9.845043 9.838797 9.827455 9.807386 9.772783 9.714669 9.619627 9.468348 9.234188 8.882140 8.368989 7.645790 6.664253 5.388597 3.813148 1.982017 0.000000 
50.000000 44.641457 39.463501 34.628477 30.265312 26.459761 23.251178 20.635584 18.573602 17.001188 15.840972 15.012393 14.439470 14.055781 13.806812 13.650223 13.554724 13.498225 13.465786 13.447703 13.437912 13.432760 13.430124 13.428811 13.428172 13.427863 13.427702 13.427589 13.427449 13.427198 13.426698 13.425699 13.423736 13.419973 13.412930 13.400073 13.377179 13.337412 13.270038 13.158704 12.979308 12.697553 12.266595 11.625589 10.700764 9.411777 7.687365 5.494256 2.878242 0.000000 
50.000000 45.284252 40.727423 36.472381 32.632583 29.283498 26.459761 24.157873 22.343185 20.959339 19.938250 19.209023 18.704790 18.367099 18.147975 18.010155 17.926101 17.876373 17.847820 17.831904 17.823285 17.818750 17.816430 17.815274 17.814711 17.814437 17.814292 17.814185 17.814044 17.813785 17.813267 17.812225 17.810173 17.806223 17.798798 17.785174 17.760765 17.718056 17.645062 17.523161 17.324208 17.006833 16.512084 15.758997 14.641749 13.032207 10.795581 7.831838 4.155482 0.000000 
50.000000 46.046626 42.226477 38.659318 35.440265 32.632583 30.265312 28.335521 26.814164 25.653997 24.797946 24.186576 23.763834 23.480715 23.296999 23.181449 23.110976 23.069281 23.045341 23.031996 23.024769 23.020967 23.019021 23.018052 23.017579 23.017348 23.017224 23.017127 23.016996 23.016749 23.016252 23.015250 23.013270 23.009446 23.002229 22.988923 22.964948 22.922711 22.849915 22.727088 22.524037 22.194882 21.671268 20.853535 19.600376 17.720132 14.973949 11.117162 6.031426 0.000000 
50.000000 46.920695 43.945156 41.166669 38.659318 36.472381 34.628477 33.125325 31.940303 31.036616 30.369808 29.893588 29.564294 29.343756 29.200649 29.110639 29.055741 29.023262 29.004613 28.994216 28.988587 28.985625 28.984109 28.983353 28.982985 28.982804 28.982705 28.982626 28.982514 28.982302 28.981872 28.981004 28.979284 28.975952 28.969644 28.957965 28.936819 28.899340 28.834258 28.723406 28.537932 28.232550 27.736728 26.941112 25.676799 23.685369 20.583334 15.851061 8.964754 0.000000 
50.000000 47.889279 45.849684 43.945156 42.226477 40.727423 39.463501 38.433146 37.620855 37.001405 36.544326 36.217888 35.992163 35.840988 35.742889 35.681187 35.643555 35.621289 35.608505 35.601378 35.597519 35.595488 35.594449 35.593931 35.593678 35.593554 35.593486 35.593429 35.593347 35.593191 35.592874 35.592232 35.590958 35.588483 35.583787 35.575065 35.559213 35.530981 35.481661 35.397001 35.253905 35.015071 34.619999 33.969245 32.895586 31.109315 28.094095 22.924842 14.071046 0.000000 
50.000000 48.926554 47.889279 46.920695 46.046626 45.284252 44.641457 44.117446 43.704336 43.389299 43.156839 42.990819 42.876019 42.799134 42.749242 42.717861 42.698722 42.687398 42.680896 42.677271 42.675309 42.674276 42.673747 42.673484 42.673355 42.673292 42.673256 42.673227 42.673184 42.673101 42.672932 42.672591 42.671911 42.670591 42.668081 42.663411 42.654900 42.639698 42.613034 42.567027 42.488721 42.356760 42.135430 41.763214 41.128770 40.015200 37.955941 33.818233 24.463277 0.000000 
50.000000 50.000000 50.000000 50.000000 50.000000 50.000000 50.000000 50.000000 50.000000 50.000000 50.000000 50.000000 50.000000 50.000000 50.000000 50.000000 50.000000 50.000000 50.000000 50.000000 50.000000 50.000000 50.000000 50.000000 50.000000 50.000000 50.000000 50.000000 50.000000 50.000000 50.000000 50.000000 50.000000 50.000000 50.000000 50.000000 50.000000 50.000000 50.000000 50.000000 50.000000 50.000000 50.000000 50.000000 50.000000 50.000000 50.000000 50.000000 50.000000 50.000000 
