50.000000 50.000000 50.000000 50.000000 50.000000 50.000000 50.000000 50.000000 50.000000 50.000000 50.000000 50.000000 50.000000 50.000000 50.000000 50.000000 50.000000 50.000000 50.000000 50.000000 50.000000 50.000000 50.000000 50.000000 50.000000 50.000000 50.000000 50.000000 50.000000 50.000000 50.000000 50.000000 50.000000 50.000000 50.000000 50.000000 50.000000 50.000000 50.000000 50.000000 50.000000 50.000000 50.000000 50.000000 50.000000 50.000000 50.000000 50.000000 50.000000 50.000000 
50.000000 48.290035 46.671805 45.222303 43.992980 43.005357 42.253275 41.710011 41.337448 41.094653 40.944143 40.855295 40.805297 40.778444 40.764665 40.757902 40.754723 40.753291 40.752671 40.752414 40.752311 40.752271 40.752257 40.752251 40.752250 40.752249 40.752249 40.752248 40.752248 40.752245 40.752239 40.752223 40.752178 40.752064 40.751782 40.751106 40.749538 40.746022 40.738385 40.722307 40.689417 40.623861 40.495965 40.250107 39.779716 38.870422 37.054888 33.195608 24.145017 0.000000 
50.000000 46.671805 43.522164 40.700936 38.308264 36.386032 34.922251 33.864903 33.139796 32.667260 32.374333 32.201419 32.104114 32.051856 32.025041 32.011880 32.005693 32.002906 32.001700 32.001199 32.000999 32.000922 32.000894 32.000883 32.000880 32.000879 32.000878 32.000878 32.000876 32.000872 32.000861 32.000831 32.000750 32.000544 32.000033 31.998813 31.995992 31.989684 31.976042 31.947473 31.889454 31.774962 31.554775 31.140447 30.373655 28.969389 26.409853 21.761082 13.476196 0.000000 
50.000000 45.222303 40.700936 36.651033 33.216352 30.457016 28.355807 26.838040 25.797206 25.118929 24.698473 24.450283 24.310622 24.235618 24.197133 24.178244 24.169365 24.165365 24.163635 24.162916 24.162629 24.162518 24.162478 24.162463 24.162458 24.162456 24.162455 24.162455 24.162453 24.162448 24.162433 24.162395 24.162292 24.162029 24.161382 24.159837 24.156281 24.148371 24.131367 24.096038 24.025028 23.886819 23.625971 23.147831 22.295376 20.816431 18.325517 14.291083 8.167415 0.000000 
50.000000 43.992980 38.308264 33.216352 28.897997 25.428783 22.787050 20.878882 19.570352 18.717647 18.189079 17.877081 17.701519 17.607238 17.558863 17.535121 17.523962 17.518934 17.516760 17.515857 17.515496 17.515357 17.515305 17.515287 17.515281 17.515278 17.515277 17.515277 17.515275 17.515269 17.515254 17.515213 17.515103 17.514824 17.514139 17.512512 17.508784 17.500540 17.482951 17.446749 17.374850 17.237051 16.982164 16.527218 15.744368 14.448998 12.399921 9.338875 5.122557 0.000000 
50.000000 43.005357 36.386032 30.457016 25.428783 21.389337 18.313438 16.091712 14.568195 13.575420 12.960045 12.596818 12.392438 12.282685 12.226373 12.198736 12.185748 12.179896 12.177365 12.176314 12.175894 12.175732 12.175673 12.175651 12.175644 12.175641 12.175640 12.175639 12.175638 12.175632 12.175618 12.175579 12.175476 12.175216 12.174577 12.173068 12.169629 12.162075 12.146090 12.113517 12.049626 11.929069 11.710402 11.329654 10.694669 9.684415 8.161641 6.012377 3.225640 0.000000 
50.000000 42.253275 34.922251 28.355807 22.787050 18.313438 14.906998 12.446574 10.759416 9.660037 8.978603 8.576399 8.350094 8.228572 8.166225 8.135627 8.121248 8.114769 8.111968 8.110805 8.110340 8.110161 8.110095 8.110071 8.110063 8.110060 8.110059 8.110058 8.110056 8.110052 8.110040 8.110006 8.109919 8.109699 8.109161 8.107896 8.105030 8.098778 8.085659 8.059194 8.007913 7.912576 7.742754 7.453499 6.983784 6.259831 5.207975 3.781804 2.003168 0.000000 
50.000000 41.710011 33.864903 26.838040 20.878882 16.091712 12.446574 9.813797 8.008494 6.832161 6.103049 5.672717 5.430594 5.300583 5.233882 5.201150 5.185767 5.178838 5.175841 5.174597 5.174099 5.173908 5.173837 5.173812 5.173803 5.173800 5.173799 5.173798 5.173797 5.173794 5.173784 5.173758 5.173690 5.173519 5.173103 5.172130 5.169939 5.165192 5.155312 5.135574 5.097764 5.028426 4.906898 4.703820 4.381310 3.896718 3.212069 2.310128 1.214045 0.000000 
50.000000 41.337448 33.139796 25.797206 19.570352 14.568195 10.759416 8.008494 6.122218 4.893150 4.131372 3.681773 3.428816 3.292992 3.223312 3.189118 3.173050 3.165811 3.162682 3.161382 3.160862 3.160662 3.160588 3.160562 3.160553 3.160550 3.160549 3.160548 3.160547 3.160545 3.160538 3.160519 3.160470 3.160347 3.160049 3.159355 3.157803 3.154462 3.147562 3.133902 3.108010 3.061109 2.980068 2.846840 2.639125 2.333301 1.910387 1.364834 0.713587 0.000000 
50.000000 41.094653 32.667260 25.118929 18.717647 13.575420 9.660037 6.832161 4.893150 3.629746 2.846702 2.384563 2.124557 1.984951 1.913333 1.878189 1.861675 1.854235 1.851019 1.849683 1.849149 1.848944 1.848868 1.848841 1.848832 1.848828 1.848827 1.848827 1.848826 1.848824 1.848820 1.848807 1.848774 1.848691 1.848492 1.848031 1.847004 1.844808 1.840306 1.831467 1.814873 1.785140 1.734396 1.652123 1.525794 1.342797 1.093901 0.777805 0.405236 0.000000 
50.000000 40.944143 32.374333 24.698473 18.189079 12.960045 8.978603 6.103049 4.131372 2.846702 2.050491 1.580588 1.316220 1.174275 1.101457 1.065726 1.048936 1.041373 1.038103 1.036745 1.036202 1.035994 1.035916 1.035889 1.035879 1.035876 1.035875 1.035874 1.035874 1.035873 1.035870 1.035862 1.035841 1.035789 1.035664 1.035376 1.034739 1.033384 1.030624 1.025246 1.015235 0.997471 0.967475 0.919409 0.846528 0.742330 0.602435 0.426860 0.221836 0.000000 
50.000000 40.855295 32.201419 24.450283 17.877081 12.596818 8.576399 5.672717 3.681773 2.384563 1.580588 1.106110 0.839170 0.695847 0.622324 0.586247 0.569295 0.561658 0.558357 0.556986 0.556438 0.556227 0.556149 0.556122 0.556112 0.556109 0.556108 0.556107 0.556107 0.556106 0.556104 0.556100 0.556087 0.556056 0.555983 0.555813 0.555440 0.554652 0.553055 0.549965 0.544256 0.534211 0.517405 0.490740 0.450729 0.394129 0.318916 0.225376 0.116909 0.000000 
50.000000 40.805297 32.104114 24.310622 17.701519 12.392438 8.350094 5.430594 3.428816 2.124557 1.316220 0.839170 0.570787 0.426690 0.352771 0.316500 0.299457 0.291779 0.288461 0.287082 0.286531 0.286320 0.286241 0.286213 0.286203 0.286200 0.286199 0.286199 0.286198 0.286198 0.286197 0.286194 0.286187 0.286170 0.286129 0.286035 0.285828 0.285394 0.284519 0.282836 0.279748 0.274355 0.265402 0.251316 0.230363 0.200979 0.162251 0.114430 0.059275 0.000000 
50.000000 40.778444 32.051856 24.235618 17.607238 12.282685 8.228572 5.300583 3.292992 1.984951 1.174275 0.695847 0.426690 0.282178 0.208046 0.171672 0.154580 0.146881 0.143553 0.142170 0.141618 0.141405 0.141327 0.141299 0.141289 0.141286 0.141285 0.141284 0.141284 0.141284 0.141283 0.141282 0.141278 0.141269 0.141247 0.141198 0.141089 0.140862 0.140407 0.139536 0.137947 0.135190 0.130644 0.123543 0.113056 0.098454 0.079337 0.055865 0.028907 0.000000 
50.000000 40.764665 32.025041 24.197133 17.558863 12.226373 8.166225 5.233882 3.223312 1.913333 1.101457 0.622324 0.352771 0.208046 0.133806 0.097378 0.080262 0.072551 0.069218 0.067834 0.067281 0.067068 0.066989 0.066961 0.066951 0.066948 0.066947 0.066947 0.066947 0.066946 0.066946 0.066945 0.066944 0.066939 0.066928 0.066903 0.066849 0.066736 0.066510 0.066081 0.065301 0.063956 0.061752 0.058329 0.053305 0.046351 0.037295 0.026228 0.013560 0.000000 
50.000000 40.757902 32.011880 24.178244 17.535121 12.198736 8.135627 5.201150 3.189118 1.878189 1.065726 0.586247 0.316500 0.171672 0.097378 0.060924 0.043795 0.036080 0.032744 0.031359 0.030805 0.030593 0.030514 0.030486 0.030476 0.030473 0.030471 0.030471 0.030471 0.030471 0.030471 0.030470 0.030470 0.030467 0.030462 0.030450 0.030424 0.030371 0.030264 0.030062 0.029697 0.029069 0.028046 0.026466 0.024159 0.020981 0.016862 0.011846 0.006120 0.000000 
50.000000 40.754723 32.005693 24.169365 17.523962 12.185748 8.121248 5.185767 3.173050 1.861675 1.048936 0.569295 0.299457 0.154580 0.080262 0.043795 0.026661 0.018943 0.015606 0.014220 0.013667 0.013454 0.013375 0.013347 0.013337 0.013334 0.013333 0.013332 0.013332 0.013332 0.013332 0.013332 0.013332 0.013331 0.013328 0.013323 0.013311 0.013287 0.013238 0.013147 0.012983 0.012703 0.012248 0.011549 0.010532 0.009137 0.007336 0.005150 0.002659 0.000000 
50.000000 40.753291 32.002906 24.165365 17.518934 12.179896 8.114769 5.178838 3.165811 1.854235 1.041373 0.561658 0.291779 0.146881 0.072551 0.036080 0.018943 0.011223 0.007886 0.006500 0.005947 0.005734 0.005655 0.005626 0.005617 0.005614 0.005612 0.005612 0.005612 0.005612 0.005612 0.005612 0.005612 0.005611 0.005610 0.005608 0.005603 0.005592 0.005571 0.005532 0.005462 0.005342 0.005147 0.004850 0.004420 0.003831 0.003073 0.002156 0.001113 0.000000 
50.000000 40.752671 32.001700 24.163635 17.516760 12.177365 8.111968 5.175841 3.162682 1.851019 1.038103 0.558357 0.288461 0.143553 0.069218 0.032744 0.015606 0.007886 0.004549 0.003163 0.002609 0.002396 0.002317 0.002289 0.002279 0.002276 0.002275 0.002275 0.002275 0.002274 0.002274 0.002274 0.002274 0.002274 0.002274 0.002273 0.002271 0.002266 0.002258 0.002241 0.002212 0.002163 0.002083 0.001962 0.001786 0.001547 0.001240 0.000870 0.000449 0.000000 
50.000000 40.752414 32.001199 24.162916 17.515857 12.176314 8.110805 5.174597 3.161382 1.849683 1.036745 0.556986 0.287082 0.142170 0.067834 0.031359 0.014220 0.006500 0.003163 0.001777 0.001223 0.001010 0.000931 0.000903 0.000893 0.000890 0.000889 0.000888 0.000888 0.000888 0.000888 0.000888 0.000888 0.000888 0.000888 0.000888 0.000887 0.000885 0.000882 0.000875 0.000864 0.000844 0.000813 0.000765 0.000696 0.000603 0.000483 0.000338 0.000174 0.000000 
50.000000 40.752311 32.000999 24.162629 17.515496 12.175894 8.110340 5.174099 3.160862 1.849149 1.036202 0.556438 0.286531 0.141618 0.067281 0.030805 0.013667 0.005947 0.002609 0.001223 0.000669 0.000456 0.000377 0.000349 0.000339 0.000336 0.000335 0.000335 0.000335 0.000335 0.000335 0.000335 0.000335 0.000335 0.000334 0.000334 0.000334 0.000333 0.000332 0.000329 0.000325 0.000318 0.000306 0.000288 0.000262 0.000226 0.000181 0.000127 0.000065 0.000000 
50.000000 40.752271 32.000922 24.162519 17.515357 12.175732 8.110161 5.173908 3.160663 1.848944 1.035994 0.556228 0.286320 0.141406 0.067068 0.030593 0.013454 0.005734 0.002396 0.001010 0.000456 0.000243 0.000164 0.000136 0.000126 0.000123 0.000122 0.000122 0.000122 0.000122 0.000122 0.000122 0.000122 0.000122 0.000122 0.000122 0.000121 0.000121 0.000121 0.000120 0.000118 0.000115 0.000111 0.000104 0.000095 0.000082 0.000066 0.000046 0.000024 0.000000 
50.000000 40.752257 32.000894 24.162478 17.515305 12.175673 8.110095 5.173837 3.160589 1.848868 1.035917 0.556150 0.286241 0.141327 0.066989 0.030514 0.013375 0.005655 0.002317 0.000931 0.000377 0.000164 0.000086 0.000057 0.000048 0.000044 0.000043 0.000043 0.000043 0.000043 0.000043 0.000043 0.000043 0.000043 0.000043 0.000043 0.000043 0.000043 0.000042 0.000042 0.000042 0.000041 0.000039 0.000037 0.000033 0.000029 0.000023 0.000016 0.000008 0.000000 
50.000000 40.752252 32.000884 24.162463 17.515287 12.175651 8.110071 5.173812 3.160562 1.848841 1.035889 0.556122 0.286213 0.141299 0.066962 0.030486 0.013347 0.005627 0.002289 0.000903 0.000350 0.000137 0.000058 0.000029 0.000020 0.000016 0.000015 0.000015 0.000015 0.000015 0.000015 0.000015 0.000015 0.000015 0.000015 0.000015 0.000015 0.000015 0.000015 0.000015 0.000015 0.000014 0.000014 0.000013 0.000012 0.000010 0.000008 0.000006 0.000003 0.000000 
50.000000 40.752250 32.000880 24.162459 17.515282 12.175645 8.110064 5.173805 3.160554 1.848833 1.035881 0.556113 0.286205 0.141290 0.066953 0.030477 0.013338 0.005618 0.002281 0.000895 0.000341 0.000128 0.000049 0.000021 0.000011 0.000008 0.000007 0.000006 0.000006 0.000006 0.000006 0.000006 0.000006 0.000006 0.000006 0.000006 0.000006 0.000006 0.000006 0.000006 0.000006 0.000006 0.000006 0.000005 0.000005 0.000004 0.000003 0.000002 0.000001 0.000000 
50.000000 40.752250 32.000880 24.162459 17.515282 12.175645 8.110064 5.173805 3.160554 1.848833 1.035881 0.556113 0.286205 0.141290 0.066953 0.030477 0.013338 0.005618 0.002281 0.000895 0.000341 0.000128 0.000049 0.000021 0.000011 0.000008 0.000007 0.000006 0.000006 0.000006 0.000006 0.000006 0.000006 0.000006 0.000006 0.000006 0.000006 0.000006 0.000006 0.000006 0.000006 0.000006 0.000006 0.000005 0.000005 0.000004 0.000003 0.000002 0.000001 0.000000 
50.000000 40.752252 32.000884 24.162463 17.515287 12.175651 8.110071 5.173812 3.160562 1.848841 1.035889 0.556122 0.286213 0.141299 0.066962 0.030486 0.013347 0.005627 0.002289 0.000903 0.000350 0.000137 0.000058 0.000029 0.000020 0.000016 0.000015 0.000015 0.000015 0.000015 0.000015 0.000015 0.000015 0.000015 0.000015 0.000015 0.000015 0.000015 0.000015 0.000015 0.000015 0.000014 0.000014 0.000013 0.000012 0.000010 0.000008 0.000006 0.000003 0.000000 
50.000000 40.752257 32.000894 24.162478 17.515305 12.175673 8.110095 5.173837 3.160589 1.848868 1.035917 0.556150 0.286241 0.141327 0.066989 0.030514 0.013375 0.005655 0.002317 0.000931 0.000377 0.000164 0.000086 0.000057 0.000048 0.000044 0.000043 0.000043 0.000043 0.000043 0.000043 0.000043 0.000043 0.000043 0.000043 0.000043 0.000043 0.000043 0.000042 0.000042 0.000042 0.000041 0.000039 0.000037 0.000033 0.000029 0.000023 0.000016 0.000008 0.000000 
50.000000 40.752271 32.000922 24.162519 17.515357 12.175732 8.110161 5.173908 3.160663 1.848944 1.035994 0.556228 0.286320 0.141406 0.067068 0.030593 0.013454 0.005734 0.002396 0.001010 0.000456 0.000243 0.000164 0.000136 0.000126 0.000123 0.000122 0.000122 0.000122 0.000122 0.000122 0.000122 0.000122 0.000122 0.000122 0.000122 0.000121 0.000121 0.000121 0.000120 0.000118 0.000115 0.000111 0.000104 0.000095 0.000082 0.000066 0.000046 0.000024 0.000000 
50.000000 40.752311 32.000999 24.162629 17.515496 12.175894 8.110340 5.174099 3.160862 1.849149 1.036202 0.556438 0.286531 0.141618 0.067281 0.030805 0.013667 0.005947 0.002609 0.001223 0.000669 0.000456 0.000377 0.000349 0.000339 0.000336 0.000335 0.000335 0.000335 0.000335 0.000335 0.000335 0.000335 0.000335 0.000334 0.000334 0.000334 0.000333 0.000332 0.000329 0.000325 0.000318 0.000306 0.000288 0.000262 0.000226 0.000181 0.000127 0.000065 0.000000 
50.000000 40.752414 32.001199 24.162916 17.515857 12.176314 8.110805 5.174597 3.161382 1.849683 1.036745 0.556986 0.287082 0.142170 0.067834 0.031359 0.014220 0.006500 0.003163 0.001777 0.001223 0.001010 0.000931 0.000903 0.000893 0.000890 0.000889 0.000888 0.000888 0.000888 0.000888 0.000888 0.000888 0.000888 0.000888 0.000888 0.000887 0.000885 0.000882 0.000875 0.000864 0.000844 0.000813 0.000765 0.000696 0.000603 0.000483 0.000338 0.000174 0.000000 
50.000000 40.752671 32.001700 24.163635 17.516760 12.177365 8.111968 5.175841 3.162682 1.851019 1.038103 0.558357 0.288461 0.143553 0.069218 0.032744 0.015606 0.007886 0.004549 0.003163 0.002609 0.002396 0.002317 0.002289 0.002279 0.002276 0.002275 0.002275 0.002275 0.002274 0.002274 0.002274 0.002274 0.002274 0.002274 0.002273 0.002271 0.002266 0.002258 0.002241 0.002212 0.002163 0.002083 0.001962 0.001786 0.001547 0.001240 0.000870 0.000449 0.000000 
50.000000 40.753291 32.002906 24.165365 17.518934 12.179896 8.114769 5.178838 3.165811 1.854235 1.041373 0.561658 0.291779 0.146881 0.072551 0.036080 0.018943 0.011223 0.007886 0.006500 0.005947 0.005734 0.005655 0.005626 0.005617 0.005614 0.005612 0.005612 0.005612 0.005612 0.005612 0.005612 0.005612 0.005611 0.005610 0.005608 0.005603 0.005592 0.005571 0.005532 0.005462 0.005342 0.005147 0.004850 0.004420 0.003831 0.003073 0.002156 0.001113 0.000000 
50.000000 40.754723 32.005693 24.169365 17.523962 12.185748 8.121248 5.185767 3.173050 1.861675 1.048936 0.569295 0.299457 0.154580 0.080262 0.043795 0.026661 0.018943 0.015606 0.014220 0.013667 0.013454 0.013375 0.013347 0.013337 0.013334 0.013333 0.013332 0.013332 0.013332 0.013332 0.013332 0.013332 0.013331 0.013328 0.013323 0.013311 0.013287 0.013238 0.013147 0.012983 0.012703 0.012248 0.011549 0.010532 0.009137 0.007336 0.005150 0.002659 0.000000 
50.000000 40.757902 32.011880 24.178244 17.535121 12.198736 8.135627 5.201150 3.189118 1.878189 1.065726 0.586247 0.316500 0.171672 0.097378 0.060924 0.043795 0.036080 0.032744 0.031359 0.030805 0.030593 0.030514 0.030486 0.030476 0.030473 0.030471 0.030471 0.030471 0.030471 0.030471 0.030470 0.030470 0.030467 0.030462 0.030450 0.030424 0.030371 0.030264 0.030062 0.029697 0.029069 0.028046 0.026466 0.024159 0.020981 0.016862 0.011846 0.006120 0.000000 
50.000000 40.764665 32.025041 24.197133 17.558863 12.226373 8.166225 5.233882 3.223312 1.913333 1.101457 0.622324 0.352771 0.208046 0.133806 0.097378 0.080262 0.072551 0.069218 0.067834 0.067281 0.067068 0.066989 0.066961 0.066951 0.066948 0.066947 0.066947 0.066947 0.066946 0.066946 0.066945 0.066944 0.066939 0.066928 0.066903 0.066849 0.066736 0.066510 0.066081 0.065301 0.063956 0.061752 0.058329 0.053305 0.046351 0.037295 0.026228 0.013560 0.000000 
50.000000 40.778444 32.051856 24.235618 17.607238 12.282685 8.228572 5.300583 3.292992 1.984951 1.174275 0.695847 0.426690 0.282178 0.208046 0.171672 0.154580 0.146881 0.143553 0.142170 0.141618 0.141405 0.141327 0.141299 0.141289 0.141286 0.141285 0.141284 0.141284 0.141284 0.141283 0.141282 0.141278 0.141269 0.141247 0.141198 0.141089 0.140862 0.140407 0.139536 0.137947 0.135190 0.130644 0.123543 0.113056 0.098454 0.079337 0.055865 0.028907 0.000000 
50.000000 40.805297 32.104114 24.310622 17.701519 12.392438 8.350094 5.430594 3.428816 2.124557 1.316220 0.839170 0.570787 0.426690 0.352771 0.316500 0.299457 0.291779 0.288461 0.287082 0.286531 0.286320 0.286241 0.286213 0.286203 0.286200 0.286199 0.286199 0.286198 0.286198 0.286197 0.286194 0.286187 0.286170 0.286129 0.286035 0.285828 0.285394 0.284519 0.282836 0.279748 0.274355 0.265402 0.251316 0.230363 0.200979 0.162251 0.114430 0.059275 0.000000 
50.000000 40.855295 32.201419 24.450283 17.877081 12.596818 8.576399 5.672717 3.681773 2.384563 1.580588 1.106110 0.839170 0.695847 0.622324 0.586247 0.569295 0.561658 0.558357 0.556986 0.556438 0.556227 0.556149 0.556122 0.556112 0.556109 0.556108 0.556107 0.556107 0.556106 0.556104 0.556100 0.556087 0.556056 0.555983 0.555813 0.555440 0.554652 0.553055 0.549965 0.544256 0.534211 0.517405 0.490740 0.450729 0.394129 0.318916 0.225376 0.116909 0.000000 
50.000000 40.944143 32.374333 24.698473 18.189079 12.960045 8.978603 6.103049 4.131372 2.846702 2.050491 1.580588 1.316220 1.174275 1.101457 1.065726 1.048936 1.041373 1.038103 1.036745 1.036202 1.035994 1.035916 1.035889 1.035879 1.035876 1.035875 1.035874 1.035874 1.035873 1.035870 1.035862 1.035841 1.035789 1.035664 1.035376 1.034739 1.033384 1.030624 1.025246 1.015235 0.997471 0.967475 0.919409 0.846528 0.742330 0.602435 0.426860 0.221836 0.000000 
50.000000 41.094653 32.667260 25.118929 18.717647 13.575420 9.660037 6.832161 4.893150 3.629746 2.846702 2.384563 2.124557 1.984951 1.913333 1.878189 1.861675 1.854235 1.851019 1.849683 1.849149 1.848944 1.848868 1.848841 1.848832 1.848828 1.848827 1.848827 1.848826 1.848824 1.848820 1.848807 1.848774 1.848691 1.848492 1.848031 1.847004 1.844808 1.840306 1.831467 1.814873 1.785140 1.734396 1.652123 1.525794 1.342797 1.093901 0.777805 0.405236 0.000000 
50.000000 41.337448 33.139796 25.797206 19.570352 14.568195 10.759416 8.008494 6.122218 4.893150 4.131372 3.681773 3.428816 3.292992 3.223312 3.189118 3.173050 3.165811 3.162682 3.161382 3.160862 3.160662 3.160588 3.160562 3.160553 3.160550 3.160549 3.160548 3.160547 3.160545 3.160538 3.160519 3.160470 3.160347 3.160049 3.159355 3.157803 3.154462 3.147562 3.133902 3.108010 3.061109 2.980068 2.846840 2.639125 2.333301 1.910387 1.364834 0.713587 0.000000 
50.000000 41.710011 33.864903 26.838040 20.878882 16.091712 12.446574 9.813797 8.008494 6.832161 6.103049 5.672717 5.430594 5.300583 5.233882 5.201150 5.185767 5.178838 5.175841 5.174597 5.174099 5.173908 5.173837 5.173812 5.173803 5.173800 5.173799 5.173798 5.173797 5.173794 5.173784 5.173758 5.173690 5.173519 5.173103 5.172130 5.169939 5.165192 5.155312 5.135574 5.097764 5.028426 4.906898 4.703820 4.381310 3.896718 3.212069 2.310128 1.214045 0.000000 
50.000000 42.253275 34.922251 28.355807 22.787050 18.313438 14.906998 12.446574 10.759416 9.660037 8.978603 8.576399 8.350094 8.228572 8.166225 8.135627 8.121248 8.114769 8.111968 8.110805 8.110340 8.110161 8.110095 8.110071 8.110063 8.110060 8.110059 8.110058 8.110056 8.110052 8.110040 8.110006 8.109919 8.109699 8.109161 8.107896 8.105030 8.098778 8.085659 8.059194 8.007913 7.912576 7.742754 7.453499 6.983784 6.259831 5.207975 3.781804 2.003168 0.000000 
50.000000 43.005357 36.386032 30.457016 25.428783 21.389337 18.313438 16.091712 14.568195 13.575420 12.960045 12.596818 12.392438 12.282685 12.226373 12.198736 12.185748 12.179896 12.177365 12.176314 12.175894 12.175732 12.175673 12.175651 12.175644 12.175641 12.175640 12.175639 12.175638 12.175632 12.175618 12.175579 12.175476 12.175216 12.174577 12.173068 12.169629 12.162075 12.146090 12.113517 12.049626 11.929069 11.710402 11.329654 10.694669 9.684415 8.161641 6.012377 3.225640 0.000000 
50.000000 43.992980 38.308264 33.216352 28.897997 25.428783 22.787050 20.878882 19.570352 18.717647 18.189079 17.877081 17.701519 17.607238 17.558863 17.535121 17.523962 17.518934 17.516760 17.515857 17.515496 17.515357 17.515305 17.515287 17.515281 17.515278 17.515277 17.515277 17.515275 17.515269 17.515254 17.515213 17.515103 17.514824 17.514139 17.512512 17.508784 17.500540 17.482951 17.446749 17.374850 17.237051 16.982164 16.527218 15.744368 14.448998 12.399921 9.338875 5.122557 0.000000 
50.000000 45.222303 40.700936 36.651033 33.216352 30.457016 28.355807 26.838040 25.797206 25.118929 24.698473 24.450283 24.310622 24.235618 24.197133 24.178244 24.169365 24.165365 24.163635 24.162916 24.162629 24.162518 24.162478 24.162463 24.162458 24.162456 24.162455 24.162455 24.162453 24.162448 24.162433 24.162395 24.162292 24.162029 24.161382 24.159837 24.156281 24.148371 24.131367 24.096038 24.025028 23.886819 23.625971 23.147831 22.295376 20.816431 18.325517 14.291083 8.167415 0.000000 
50.000000 46.671805 43.522164 40.700936 38.308264 36.386032 34.922251 33.864903 33.139796 32.667260 32.374333 32.201419 32.104114 32.051856 32.025041 32.011880 32.005693 32.002906 32.001700 32.001199 32.000999 32.000922 32.000894 32.000883 32.000880 32.000879 32.000878 32.000878 32.000876 32.000872 32.000861 32.000831 32.000750 32.000544 32.000033 31.998813 31.995992 31.989684 31.976042 31.947473 31.889454 31.774962 31.554775 31.140447 30.373655 28.969389 26.409853 21.761082 13.476196 0.000000 
50.000000 48.290035 46.671805 45.222303 43.992980 43.005357 42.253275 41.710011 41.337448 41.094653 40.944143 40.855295 40.805297 40.778444 40.764665 40.757902 40.754723 40.753291 40.752671 40.752414 40.752311 40.752271 40.752257 40.752251 40.752250 40.752249 40.752249 40.752248 40.752248 40.752245 40.752239 40.752223 40.752178 40.752064 40.751782 40.751106 40.749538 40.746022 40.738385 40.722307 40.689417 40.623861 40.495965 40.250107 39.779716 38.870422 37.054888 33.195608 24.145017 0.000000 
50.000000 50.000000 50.000000 50.000000 50.000000 50.000000 50.000000 50.000000 50.000000 50.000000 50.000000 50.000000 50.000000 50.000000 50.000000 50.000000 50.000000 50.000000 50.000000 50.000000 50.000000 50.000000 50.000000 50.000000 50.000000 50.000000 50.000000 50.000000 50.000000 50.000000 50.000000 50.000000 50.000000 50.000000 50.000000 50.000000 50.000000 50.000000 50.000000 50.000000 50.000000 50.000000 50.000000 50.000000 50.000000 50.000000 50.000000 50.000000 50.000000 50.000000 
