50.000000 50.000000 50.000000 50.000000 50.000000 50.000000 50.000000 50.000000 50.000000 50.000000 50.000000 50.000000 50.000000 50.000000 50.000000 50.000000 50.000000 50.000000 50.000000 50.000000 50.000000 50.000000 50.000000 50.000000 50.000000 50.000000 50.000000 50.000000 50.000000 50.000000 50.000000 50.000000 50.000000 50.000000 50.000000 50.000000 50.000000 50.000000 50.000000 50.000000 50.000000 50.000000 50.000000 50.000000 50.000000 50.000000 50.000000 50.000000 50.000000 50.000000 
50.000000 42.195033 36.276922 32.793838 31.153823 30.518296 30.310687 30.252376 30.238065 30.234955 30.234350 30.234244 30.234227 30.234224 30.234224 30.234224 30.234224 30.234224 30.234224 30.234224 30.234224 30.234224 30.234224 30.234224 30.234224 30.234224 30.234224 30.234224 30.234224 30.234224 30.234224 30.234224 30.234224 30.234224 30.234224 30.234224 30.234224 30.234224 30.234223 30.234216 30.234171 30.233899 30.232397 30.224828 30.190104 30.045192 29.493188 27.551971 21.097516 0.000000 
50.000000 36.276922 25.873333 19.752328 16.871463 15.755638 15.391324 15.289058 15.263975 15.258527 15.257468 15.257282 15.257253 15.257248 15.257248 15.257248 15.257248 15.257248 15.257248 15.257248 15.257248 15.257248 15.257248 15.257248 15.257248 15.257248 15.257248 15.257248 15.257248 15.257248 15.257248 15.257248 15.257248 15.257248 15.257248 15.257248 15.257248 15.257247 15.257246 15.257238 15.257185 15.256872 15.255167 15.246761 15.209440 15.061292 14.540239 12.936667 8.724952 0.000000 
50.000000 32.793838 19.752328 12.082013 8.473625 7.076758 6.620951 6.493081 6.461738 6.454936 6.453615 6.453383 6.453345 6.453340 6.453339 6.453339 6.453339 6.453339 6.453339 6.453339 6.453339 6.453339 6.453339 6.453339 6.453339 6.453339 6.453339 6.453339 6.453339 6.453339 6.453339 6.453339 6.453339 6.453339 6.453339 6.453339 6.453339 6.453339 6.453338 6.453333 6.453298 6.453090 6.451977 6.446601 6.423382 6.334821 6.041007 5.212089 3.300651 0.000000 
50.000000 31.153823 16.871463 8.473625 4.524371 2.996166 2.497723 2.357958 2.323717 2.316289 2.314847 2.314594 2.314553 2.314547 2.314547 2.314547 2.314547 2.314547 2.314547 2.314547 2.314547 2.314547 2.314547 2.314547 2.314547 2.314547 2.314547 2.314547 2.314547 2.314547 2.314547 2.314547 2.314547 2.314547 2.314547 2.314547 2.314547 2.314547 2.314546 2.314544 2.314527 2.314428 2.313907 2.311428 2.300954 2.262185 2.138805 1.810171 1.108632 0.000000 
50.000000 30.518296 15.755638 7.076758 2.996166 1.417509 0.902741 0.758437 0.723093 0.715429 0.713941 0.713680 0.713638 0.713632 0.713631 0.713631 0.713631 0.713631 0.713631 0.713631 0.713631 0.713631 0.713631 0.713631 0.713631 0.713631 0.713631 0.713631 0.713631 0.713631 0.713631 0.713631 0.713631 0.713631 0.713631 0.713631 0.713631 0.713631 0.713631 0.713630 0.713624 0.713587 0.713396 0.712495 0.708754 0.695212 0.653376 0.546197 0.328193 0.000000 
50.000000 30.310687 15.391324 6.620951 2.497723 0.902741 0.382710 0.236947 0.201251 0.193512 0.192009 0.191746 0.191704 0.191698 0.191697 0.191697 0.191697 0.191697 0.191697 0.191697 0.191697 0.191697 0.191697 0.191697 0.191697 0.191697 0.191697 0.191697 0.191697 0.191697 0.191697 0.191697 0.191697 0.191697 0.191697 0.191697 0.191697 0.191697 0.191697 0.191696 0.191694 0.191683 0.191625 0.191355 0.190245 0.186295 0.174350 0.144563 0.085859 0.000000 
50.000000 30.252376 15.289058 6.493081 2.357958 0.758437 0.236947 0.090783 0.054990 0.047230 0.045723 0.045459 0.045417 0.045411 0.045410 0.045410 0.045410 0.045410 0.045410 0.045410 0.045410 0.045410 0.045410 0.045410 0.045410 0.045410 0.045410 0.045410 0.045410 0.045410 0.045410 0.045410 0.045410 0.045410 0.045410 0.045410 0.045410 0.045410 0.045410 0.045410 0.045409 0.045407 0.045392 0.045322 0.045041 0.044051 0.041103 0.033891 0.019979 0.000000 
50.000000 30.238065 15.263975 6.461738 2.323717 0.723093 0.201251 0.054990 0.019174 0.011409 0.009901 0.009637 0.009595 0.009589 0.009588 0.009588 0.009588 0.009588 0.009588 0.009588 0.009588 0.009588 0.009588 0.009588 0.009588 0.009588 0.009588 0.009588 0.009588 0.009588 0.009588 0.009588 0.009588 0.009588 0.009588 0.009588 0.009588 0.009588 0.009588 0.009588 0.009588 0.009587 0.009584 0.009568 0.009506 0.009288 0.008648 0.007103 0.004166 0.000000 
50.000000 30.234955 15.258527 6.454936 2.316289 0.715429 0.193512 0.047230 0.011409 0.003642 0.002135 0.001870 0.001828 0.001822 0.001821 0.001821 0.001821 0.001821 0.001821 0.001821 0.001821 0.001821 0.001821 0.001821 0.001821 0.001821 0.001821 0.001821 0.001821 0.001821 0.001821 0.001821 0.001821 0.001821 0.001821 0.001821 0.001821 0.001821 0.001821 0.001821 0.001821 0.001821 0.001820 0.001817 0.001805 0.001762 0.001638 0.001342 0.000784 0.000000 
50.000000 30.234350 15.257468 6.453615 2.314847 0.713941 0.192009 0.045723 0.009901 0.002135 0.000627 0.000363 0.000321 0.000315 0.000314 0.000314 0.000314 0.000314 0.000314 0.000314 0.000314 0.000314 0.000314 0.000314 0.000314 0.000314 0.000314 0.000314 0.000314 0.000314 0.000314 0.000314 0.000314 0.000314 0.000314 0.000314 0.000314 0.000314 0.000314 0.000314 0.000314 0.000314 0.000314 0.000313 0.000311 0.000303 0.000282 0.000230 0.000134 0.000000 
50.000000 30.234244 15.257282 6.453383 2.314594 0.713680 0.191746 0.045459 0.009637 0.001870 0.000363 0.000099 0.000056 0.000050 0.000049 0.000049 0.000049 0.000049 0.000049 0.000049 0.000049 0.000049 0.000049 0.000049 0.000049 0.000049 0.000049 0.000049 0.000049 0.000049 0.000049 0.000049 0.000049 0.000049 0.000049 0.000049 0.000049 0.000049 0.000049 0.000049 0.000049 0.000049 0.000049 0.000049 0.000049 0.000048 0.000044 0.000036 0.000021 0.000000 
50.000000 30.234227 15.257253 6.453345 2.314553 0.713638 0.191704 0.045417 0.009595 0.001828 0.000321 0.000056 0.000014 0.000008 0.000007 0.000007 0.000007 0.000007 0.000007 0.000007 0.000007 0.000007 0.000007 0.000007 0.000007 0.000007 0.000007 0.000007 0.000007 0.000007 0.000007 0.000007 0.000007 0.000007 0.000007 0.000007 0.000007 0.000007 0.000007 0.000007 0.000007 0.000007 0.000007 0.000007 0.000007 0.000007 0.000006 0.000005 0.000003 0.000000 
50.000000 30.234224 15.257248 6.453340 2.314547 0.713632 0.191698 0.045411 0.009589 0.001822 0.000315 0.000050 0.000008 0.000002 0.000001 0.000001 0.000001 0.000001 0.000001 0.000001 0.000001 0.000001 0.000001 0.000001 0.000001 0.000001 0.000001 0.000001 0.000001 0.000001 0.000001 0.000001 0.000001 0.000001 0.000001 0.000001 0.000001 0.000001 0.000001 0.000001 0.000001 0.000001 0.000001 0.000001 0.000001 0.000001 0.000001 0.000001 0.000000 0.000000 
50.000000 30.234224 15.257248 6.453339 2.314547 0.713631 0.191697 0.045410 0.009588 0.001821 0.000314 0.000049 0.000007 0.000001 0.000000 0.000000 0.000000 0.000000 0.000000 0.000000 0.000000 0.000000 0.000000 0.000000 0.000000 0.000000 0.000000 0.000000 0.000000 0.000000 0.000000 0.000000 0.000000 0.000000 0.000000 0.000000 0.000000 0.000000 0.000000 0.000000 0.000000 0.000000 0.000000 0.000000 0.000000 0.000000 0.000000 0.000000 0.000000 0.000000 
50.000000 30.234224 15.257248 6.453339 2.314547 0.713631 0.191697 0.045410 0.009588 0.001821 0.000314 0.000049 0.000007 0.000001 0.000000 0.000000 0.000000 0.000000 0.000000 0.000000 0.000000 0.000000 0.000000 0.000000 0.000000 0.000000 0.000000 0.000000 0.000000 0.000000 0.000000 0.000000 0.000000 0.000000 0.000000 0.000000 0.000000 0.000000 0.000000 0.000000 0.000000 0.000000 0.000000 0.000000 0.000000 0.000000 0.000000 0.000000 0.000000 0.000000 
50.000000 30.234224 15.257248 6.453339 2.314547 0.713631 0.191697 0.045410 0.009588 0.001821 0.000314 0.000049 0.000007 0.000001 0.000000 0.000000 0.000000 0.000000 0.000000 0.000000 0.000000 0.000000 0.000000 0.000000 0.000000 0.000000 0.000000 0.000000 0.000000 0.000000 0.000000 0.000000 0.000000 0.000000 0.000000 0.000000 0.000000 0.000000 0.000000 0.000000 0.000000 0.000000 0.000000 0.000000 0.000000 0.000000 0.000000 0.000000 0.000000 0.000000 
50.000000 30.234224 15.257248 6.453339 2.314547 0.713631 0.191697 0.045410 0.009588 0.001821 0.000314 0.000049 0.000007 0.000001 0.000000 0.000000 0.000000 0.000000 0.000000 0.000000 0.000000 0.000000 0.000000 0.000000 0.000000 0.000000 0.000000 0.000000 0.000000 0.000000 0.000000 0.000000 0.000000 0.000000 0.000000 0.000000 0.000000 0.000000 0.000000 0.000000 0.000000 0.000000 0.000000 0.000000 0.000000 0.000000 0.000000 0.000000 0.000000 0.000000 
50.000000 30.234224 15.257248 6.453339 2.314547 0.713631 0.191697 0.045410 0.009588 0.001821 0.000314 0.000049 0.000007 0.000001 0.000000 0.000000 0.000000 0.000000 0.000000 0.000000 0.000000 0.000000 0.000000 0.000000 0.000000 0.000000 0.000000 0.000000 0.000000 0.000000 0.000000 0.000000 0.000000 0.000000 0.000000 0.000000 0.000000 0.000000 0.000000 0.000000 0.000000 0.000000 0.000000 0.000000 0.000000 0.000000 0.000000 0.000000 0.000000 0.000000 
50.000000 30.234224 15.257248 6.453339 2.314547 0.713631 0.191697 0.045410 0.009588 0.001821 0.000314 0.000049 0.000007 0.000001 0.000000 0.000000 0.000000 0.000000 0.000000 0.000000 0.000000 0.000000 0.000000 0.000000 0.000000 0.000000 0.000000 0.000000 0.000000 0.000000 0.000000 0.000000 0.000000 0.000000 0.000000 0.000000 0.000000 0.000000 0.000000 0.000000 0.000000 0.000000 0.000000 0.000000 0.000000 0.000000 0.000000 0.000000 0.000000 0.000000 
50.000000 30.234224 15.257248 6.453339 2.314547 0.713631 0.191697 0.045410 0.009588 0.001821 0.000314 0.000049 0.000007 0.000001 0.000000 0.000000 0.000000 0.000000 0.000000 0.000000 0.000000 0.000000 0.000000 0.000000 0.000000 0.000000 0.000000 0.000000 0.000000 0.000000 0.000000 0.000000 0.000000 0.000000 0.000000 0.000000 0.000000 0.000000 0.000000 0.000000 0.000000 0.000000 0.000000 0.000000 0.000000 0.000000 0.000000 0.000000 0.000000 0.000000 
50.000000 30.234224 15.257248 6.453339 2.314547 0.713631 0.191697 0.045410 0.009588 0.001821 0.000314 0.000049 0.000007 0.000001 0.000000 0.000000 0.000000 0.000000 0.000000 0.000000 0.000000 0.000000 0.000000 0.000000 0.000000 0.000000 0.000000 0.000000 0.000000 0.000000 0.000000 0.000000 0.000000 0.000000 0.000000 0.000000 0.000000 0.000000 0.000000 0.000000 0.000000 0.000000 0.000000 0.000000 0.000000 0.000000 0.000000 0.000000 0.000000 0.000000 
50.000000 30.234224 15.257248 6.453339 2.314547 0.713631 0.191697 0.045410 0.009588 0.001821 0.000314 0.000049 0.000007 0.000001 0.000000 0.000000 0.000000 0.000000 0.000000 0.000000 0.000000 0.000000 0.000000 0.000000 0.000000 0.000000 0.000000 0.000000 0.000000 0.000000 0.000000 0.000000 0.000000 0.000000 0.000000 0.000000 0.000000 0.000000 0.000000 0.000000 0.000000 0.000000 0.000000 0.000000 0.000000 0.000000 0.000000 0.000000 0.000000 0.000000 
50.000000 30.234224 15.257248 6.453339 2.314547 0.713631 0.191697 0.045410 0.009588 0.001821 0.000314 0.000049 0.000007 0.000001 0.000000 0.000000 0.000000 0.000000 0.000000 0.000000 0.000000 0.000000 0.000000 0.000000 0.000000 0.000000 0.000000 0.000000 0.000000 0.000000 0.000000 0.000000 0.000000 0.000000 0.000000 0.000000 0.000000 0.000000 0.000000 0.000000 0.000000 0.000000 0.000000 0.000000 0.000000 0.000000 0.000000 0.000000 0.000000 0.000000 
50.000000 30.234224 15.257248 6.453339 2.314547 0.713631 0.191697 0.045410 0.009588 0.001821 0.000314 0.000049 0.000007 0.000001 0.000000 0.000000 0.000000 0.000000 0.000000 0.000000 0.000000 0.000000 0.000000 0.000000 0.000000 0.000000 0.000000 0.000000 0.000000 0.000000 0.000000 0.000000 0.000000 0.000000 0.000000 0.000000 0.000000 0.000000 0.000000 0.000000 0.000000 0.000000 0.000000 0.000000 0.000000 0.000000 0.000000 0.000000 0.000000 0.000000 
50.000000 30.234224 15.257248 6.453339 2.314547 0.713631 0.191697 0.045410 0.009588 0.001821 0.000314 0.000049 0.000007 0.000001 0.000000 0.000000 0.000000 0.000000 0.000000 0.000000 0.000000 0.000000 0.000000 0.000000 0.000000 0.000000 0.000000 0.000000 0.000000 0.000000 0.000000 0.000000 0.000000 0.000000 0.000000 0.000000 0.000000 0.000000 0.000000 0.000000 0.000000 0.000000 0.000000 0.000000 0.000000 0.000000 0.000000 0.000000 0.000000 0.000000 
50.000000 30.234224 15.257248 6.453339 2.314547 0.713631 0.191697 0.045410 0.009588 0.001821 0.000314 0.000049 0.000007 0.000001 0.000000 0.000000 0.000000 0.000000 0.000000 0.000000 0.000000 0.000000 0.000000 0.000000 0.000000 0.000000 0.000000 0.000000 0.000000 0.000000 0.000000 0.000000 0.000000 0.000000 0.000000 0.000000 0.000000 0.000000 0.000000 0.000000 0.000000 0.000000 0.000000 0.000000 0.000000 0.000000 0.000000 0.000000 0.000000 0.000000 
50.000000 30.234224 15.257248 6.453339 2.314547 0.713631 0.191697 0.045410 0.009588 0.001821 0.000314 0.000049 0.000007 0.000001 0.000000 0.000000 0.000000 0.000000 0.000000 0.000000 0.000000 0.000000 0.000000 0.000000 0.000000 0.000000 0.000000 0.000000 0.000000 0.000000 0.000000 0.000000 0.000000 0.000000 0.000000 0.000000 0.000000 0.000000 0.000000 0.000000 0.000000 0.000000 0.000000 0.000000 0.000000 0.000000 0.000000 0.000000 0.000000 0.000000 
50.000000 30.234224 15.257248 6.453339 2.314547 0.713631 0.191697 0.045410 0.009588 0.001821 0.000314 0.000049 0.000007 0.000001 0.000000 0.000000 0.000000 0.000000 0.000000 0.000000 0.000000 0.000000 0.000000 0.000000 0.000000 0.000000 0.000000 0.000000 0.000000 0.000000 0.000000 0.000000 0.000000 0.000000 0.000000 0.000000 0.000000 0.000000 0.000000 0.000000 0.000000 0.000000 0.000000 0.000000 0.000000 0.000000 0.000000 0.000000 0.000000 0.000000 
50.000000 30.234224 15.257248 6.453339 2.314547 0.713631 0.191697 0.045410 0.009588 0.001821 0.000314 0.000049 0.000007 0.000001 0.000000 0.000000 0.000000 0.000000 0.000000 0.000000 0.000000 0.000000 0.000000 0.000000 0.000000 0.000000 0.000000 0.000000 0.000000 0.000000 0.000000 0.000000 0.000000 0.000000 0.000000 0.000000 0.000000 0.000000 0.000000 0.000000 0.000000 0.000000 0.000000 0.000000 0.000000 0.000000 0.000000 0.000000 0.000000 0.000000 
50.000000 30.234224 15.257248 6.453339 2.314547 0.713631 0.191697 0.045410 0.009588 0.001821 0.000314 0.000049 0.000007 0.000001 0.000000 0.000000 0.000000 0.000000 0.000000 0.000000 0.000000 0.000000 0.000000 0.000000 0.000000 0.000000 0.000000 0.000000 0.000000 0.000000 0.000000 0.000000 0.000000 0.000000 0.000000 0.000000 0.000000 0.000000 0.000000 0.000000 0.000000 0.000000 0.000000 0.000000 0.000000 0.000000 0.000000 0.000000 0.000000 0.000000 
50.000000 30.234224 15.257248 6.453339 2.314547 0.713631 0.191697 0.045410 0.009588 0.001821 0.000314 0.000049 0.000007 0.000001 0.000000 0.000000 0.000000 0.000000 0.000000 0.000000 0.000000 0.000000 0.000000 0.000000 0.000000 0.000000 0.000000 0.000000 0.000000 0.000000 0.000000 0.000000 0.000000 0.000000 0.000000 0.000000 0.000000 0.000000 0.000000 0.000000 0.000000 0.000000 0.000000 0.000000 0.000000 0.000000 0.000000 0.000000 0.000000 0.000000 
50.000000 30.234224 15.257248 6.453339 2.314547 0.713631 0.191697 0.045410 0.009588 0.001821 0.000314 0.000049 0.000007 0.000001 0.000000 0.000000 0.000000 0.000000 0.000000 0.000000 0.000000 0.000000 0.000000 0.000000 0.000000 0.000000 0.000000 0.000000 0.000000 0.000000 0.000000 0.000000 0.000000 0.000000 0.000000 0.000000 0.000000 0.000000 0.000000 0.000000 0.000000 0.000000 0.000000 0.000000 0.000000 0.000000 0.000000 0.000000 0.000000 0.000000 
50.000000 30.234224 15.257248 6.453339 2.314547 0.713631 0.191697 0.045410 0.009588 0.001821 0.000314 0.000049 0.000007 0.000001 0.000000 0.000000 0.000000 0.000000 0.000000 0.000000 0.000000 0.000000 0.000000 0.000000 0.000000 0.000000 0.000000 0.000000 0.000000 0.000000 0.000000 0.000000 0.000000 0.000000 0.000000 0.000000 0.000000 0.000000 0.000000 0.000000 0.000000 0.000000 0.000000 0.000000 0.000000 0.000000 0.000000 0.000000 0.000000 0.000000 
50.000000 30.234224 15.257248 6.453339 2.314547 0.713631 0.191697 0.045410 0.009588 0.001821 0.000314 0.000049 0.000007 0.000001 0.000000 0.000000 0.000000 0.000000 0.000000 0.000000 0.000000 0.000000 0.000000 0.000000 0.000000 0.000000 0.000000 0.000000 0.000000 0.000000 0.000000 0.000000 0.000000 0.000000 0.000000 0.000000 0.000000 0.000000 0.000000 0.000000 0.000000 0.000000 0.000000 0.000000 0.000000 0.000000 0.000000 0.000000 0.000000 0.000000 
50.000000 30.234224 15.257248 6.453339 2.314547 0.713631 0.191697 0.045410 0.009588 0.001821 0.000314 0.000049 0.000007 0.000001 0.000000 0.000000 0.000000 0.000000 0.000000 0.000000 0.000000 0.000000 0.000000 0.000000 0.000000 0.000000 0.000000 0.000000 0.000000 0.000000 0.000000 0.000000 0.000000 0.000000 0.000000 0.000000 0.000000 0.000000 0.000000 0.000000 0.000000 0.000000 0.000000 0.000000 0.000000 0.000000 0.000000 0.000000 0.000000 0.000000 
50.000000 30.234224 15.257248 6.453340 2.314547 0.713632 0.191698 0.045411 0.009589 0.001822 0.000315 0.000050 0.000008 0.000002 0.000001 0.000001 0.000001 0.000001 0.000001 0.000001 0.000001 0.000001 0.000001 0.000001 0.000001 0.000001 0.000001 0.000001 0.000001 0.000001 0.000001 0.000001 0.000001 0.000001 0.000001 0.000001 0.000001 0.000001 0.000001 0.000001 0.000001 0.000001 0.000001 0.000001 0.000001 0.000001 0.000001 0.000001 0.000000 0.000000 
50.000000 30.234227 15.257253 6.453345 2.314553 0.713638 0.191704 0.045417 0.009595 0.001828 0.000321 0.000056 0.000014 0.000008 0.000007 0.000007 0.000007 0.000007 0.000007 0.000007 0.000007 0.000007 0.000007 0.000007 0.000007 0.000007 0.000007 0.000007 0.000007 0.000007 0.000007 0.000007 0.000007 0.000007 0.000007 0.000007 0.000007 0.000007 0.000007 0.000007 0.000007 0.000007 0.000007 0.000007 0.000007 0.000007 0.000006 0.000005 0.000003 0.000000 
50.000000 30.234244 15.257282 6.453383 2.314594 0.713680 0.191746 0.045459 0.009637 0.001870 0.000363 0.000099 0.000056 0.000050 0.000049 0.000049 0.000049 0.000049 0.000049 0.000049 0.000049 0.000049 0.000049 0.000049 0.000049 0.000049 0.000049 0.000049 0.000049 0.000049 0.000049 0.000049 0.000049 0.000049 0.000049 0.000049 0.000049 0.000049 0.000049 0.000049 0.000049 0.000049 0.000049 0.000049 0.000049 0.000048 0.000044 0.000036 0.000021 0.000000 
50.000000 30.234350 15.257468 6.453615 2.314847 0.713941 0.192009 0.045723 0.009901 0.002135 0.000627 0.000363 0.000321 0.000315 0.000314 0.000314 0.000314 0.000314 0.000314 0.000314 0.000314 0.000314 0.000314 0.000314 0.000314 0.000314 0.000314 0.000314 0.000314 0.000314 0.000314 0.000314 0.000314 0.000314 0.000314 0.000314 0.000314 0.000314 0.000314 0.000314 0.000314 0.000314 0.000314 0.000313 0.000311 0.000303 0.000282 0.000230 0.000134 0.000000 
50.000000 30.234955 15.258527 6.454936 2.316289 0.715429 0.193512 0.047230 0.011409 0.003642 0.002135 0.001870 0.001828 0.001822 0.001821 0.001821 0.001821 0.001821 0.001821 0.001821 0.001821 0.001821 0.001821 0.001821 0.001821 0.001821 0.001821 0.001821 0.001821 0.001821 0.001821 0.001821 0.001821 0.001821 0.001821 0.001821 0.001821 0.001821 0.001821 0.001821 0.001821 0.001821 0.001820 0.001817 0.001805 0.001762 0.001638 0.001342 0.000784 0.000000 
50.000000 30.238065 15.263975 6.461738 2.323717 0.723093 0.201251 0.054990 0.019174 0.011409 0.009901 0.009637 0.009595 0.009589 0.009588 0.009588 0.009588 0.009588 0.009588 0.009588 0.009588 0.009588 0.009588 0.009588 0.009588 0.009588 0.009588 0.009588 0.009588 0.009588 0.009588 0.009588 0.009588 0.009588 0.009588 0.009588 0.009588 0.009588 0.009588 0.009588 0.009588 0.009587 0.009584 0.009568 0.009506 0.009288 0.008648 0.007103 0.004166 0.000000 
50.000000 30.252376 15.289058 6.493081 2.357958 0.758437 0.236947 0.090783 0.054990 0.047230 0.045723 0.045459 0.045417 0.045411 0.045410 0.045410 0.045410 0.045410 0.045410 0.045410 0.045410 0.045410 0.045410 0.045410 0.045410 0.045410 0.045410 0.045410 0.045410 0.045410 0.045410 0.045410 0.045410 0.045410 0.045410 0.045410 0.045410 0.045410 0.045410 0.045410 0.045409 0.045407 0.045392 0.045322 0.045041 0.044051 0.041103 0.033891 0.019979 0.000000 
50.000000 30.310687 15.391324 6.620951 2.497723 0.902741 0.382710 0.236947 0.201251 0.193512 0.192009 0.191746 0.191704 0.191698 0.191697 0.191697 0.191697 0.191697 0.191697 0.191697 0.191697 0.191697 0.191697 0.191697 0.191697 0.191697 0.191697 0.191697 0.191697 0.191697 0.191697 0.191697 0.191697 0.191697 0.191697 0.191697 0.191697 0.191697 0.191697 0.191696 0.191694 0.191683 0.191625 0.191355 0.190245 0.186295 0.174350 0.144563 0.085859 0.000000 
50.000000 30.518296 15.755638 7.076758 2.996166 1.417509 0.902741 0.758437 0.723093 0.715429 0.713941 0.713680 0.713638 0.713632 0.713631 0.713631 0.713631 0.713631 0.713631 0.713631 0.713631 0.713631 0.713631 0.713631 0.713631 0.713631 0.713631 0.713631 0.713631 0.713631 0.713631 0.713631 0.713631 0.713631 0.713631 0.713631 0.713631 0.713631 0.713631 0.713630 0.713624 0.713587 0.713396 0.712495 0.708754 0.695212 0.653376 0.546197 0.328193 0.000000 
50.000000 31.153823 16.871463 8.473625 4.524371 2.996166 2.497723 2.357958 2.323717 2.316289 2.314847 2.314594 2.314553 2.314547 2.314547 2.314547 2.314547 2.314547 2.314547 2.314547 2.314547 2.314547 2.314547 2.314547 2.314547 2.314547 2.314547 2.314547 2.314547 2.314547 2.314547 2.314547 2.314547 2.314547 2.314547 2.314547 2.314547 2.314547 2.314546 2.314544 2.314527 2.314428 2.313907 2.311428 2.300954 2.262185 2.138805 1.810171 1.108632 0.000000 
50.000000 32.793838 19.752328 12.082013 8.473625 7.076758 6.620951 6.493081 6.461738 6.454936 6.453615 6.453383 6.453345 6.453340 6.453339 6.453339 6.453339 6.453339 6.453339 6.453339 6.453339 6.453339 6.453339 6.453339 6.453339 6.453339 6.453339 6.453339 6.453339 6.453339 6.453339 6.453339 6.453339 6.453339 6.453339 6.453339 6.453339 6.453339 6.453338 6.453333 6.453298 6.453090 6.451977 6.446601 6.423382 6.334821 6.041007 5.212089 3.300651 0.000000 
50.000000 36.276922 25.873333 19.752328 16.871463 15.755638 15.391324 15.289058 15.263975 15.258527 15.257468 15.257282 15.257253 15.257248 15.257248 15.257248 15.257248 15.257248 15.257248 15.257248 15.257248 15.257248 15.257248 15.257248 15.257248 15.257248 15.257248 15.257248 15.257248 15.257248 15.257248 15.257248 15.257248 15.257248 15.257248 15.257248 15.257248 15.257247 15.257246 15.257238 15.257185 15.256872 15.255167 15.246761 15.209440 15.061292 14.540239 12.936667 8.724952 0.000000 
50.000000 42.195033 36.276922 32.793838 31.153823 30.518296 30.310687 30.252376 30.238065 30.234955 30.234350 30.234244 30.234227 30.234224 30.234224 30.234224 30.234224 30.234224 30.234224 30.234224 30.234224 30.234224 30.234224 30.234224 30.234224 30.234224 30.234224 30.234224 30.234224 30.234224 30.234224 30.234224 30.234224 30.234224 30.234224 30.234224 30.234224 30.234224 30.234223 30.234216 30.234171 30.233899 30.232397 30.224828 30.190104 30.045192 29.493188 27.551971 21.097516 0.000000 
50.000000 50.000000 50.000000 50.000000 50.000000 50.000000 50.000000 50.000000 50.000000 50.000000 50.000000 50.000000 50.000000 50.000000 50.000000 50.000000 50.000000 50.000000 50.000000 50.000000 50.000000 50.000000 50.000000 50.000000 50.000000 50.000000 50.000000 50.000000 50.000000 50.000000 50.000000 50.000000 50.000000 50.000000 50.000000 50.000000 50.000000 50.000000 50.000000 50.000000 50.000000 50.000000 50.000000 50.000000 50.000000 50.000000 50.000000 50.000000 50.000000 50.000000 
