50.000000 50.000000 50.000000 50.000000 50.000000 50.000000 50.000000 50.000000 50.000000 50.000000 50.000000 50.000000 50.000000 50.000000 50.000000 50.000000 50.000000 50.000000 50.000000 50.000000 50.000000 50.000000 50.000000 50.000000 50.000000 50.000000 50.000000 50.000000 50.000000 50.000000 50.000000 50.000000 50.000000 50.000000 50.000000 50.000000 50.000000 50.000000 50.000000 50.000000 50.000000 50.000000 50.000000 50.000000 50.000000 50.000000 50.000000 50.000000 50.000000 50.000000 
50.000000 48.859647 47.760113 46.737838 45.821286 45.028714 44.367577 43.835453 43.422102 43.112118 42.887615 42.730535 42.624315 42.554866 42.510944 42.484063 42.468135 42.458993 42.453908 42.451165 42.449730 42.449002 42.448643 42.448470 42.448389 42.448351 42.448330 42.448313 42.448285 42.448230 42.448113 42.447868 42.447364 42.446353 42.444372 42.440583 42.433491 42.420502 42.397183 42.356064 42.284672 42.162166 41.953337 41.597093 40.982365 39.892302 37.860108 33.752489 24.429824 0.000000 
50.000000 47.760113 45.600405 43.592451 41.792159 40.235392 38.936794 37.891604 37.079709 36.470846 36.029887 35.721358 35.512725 35.376318 35.290050 35.237253 35.205968 35.188012 35.178025 35.172638 35.169820 35.168389 35.167684 35.167345 35.167186 35.167112 35.167071 35.167038 35.166986 35.166883 35.166663 35.166204 35.165261 35.163373 35.159681 35.152629 35.139466 35.115431 35.072450 34.997058 34.867069 34.646160 34.274786 33.654311 32.618029 30.876322 27.912414 22.800202 14.007624 0.000000 
50.000000 46.737838 43.592451 40.668082 38.046156 35.778905 33.887654 32.365467 31.183052 30.296331 29.654141 29.204819 28.900982 28.702330 28.576699 28.499811 28.454252 28.428104 28.413559 28.405716 28.401612 28.399528 28.398501 28.398008 28.397777 28.397668 28.397611 28.397564 28.397494 28.397354 28.397058 28.396440 28.395175 28.392647 28.387717 28.378329 28.360873 28.329152 28.272769 28.174632 28.007142 27.726354 27.263048 26.508979 25.295951 23.365669 20.334041 15.680037 8.877731 0.000000 
50.000000 45.821286 41.792159 38.046156 34.687581 31.783342 29.360751 27.410925 25.896334 24.760516 23.937930 23.362395 22.973215 22.718769 22.557853 22.459372 22.401020 22.367529 22.348900 22.338854 22.333599 22.330930 22.329614 22.328983 22.328688 22.328549 22.328477 22.328420 22.328339 22.328177 22.327838 22.327131 22.325686 22.322808 22.317213 22.306603 22.286972 22.251513 22.188955 22.081095 21.899212 21.599007 21.113669 20.344842 19.152053 17.343791 14.680487 10.915836 5.928984 0.000000 
50.000000 45.028714 40.235392 35.778905 31.783342 28.328300 25.446270 23.126679 21.324877 19.973686 18.995132 18.310479 17.847519 17.544839 17.353422 17.236276 17.166865 17.127028 17.104870 17.092921 17.086670 17.083496 17.081931 17.081180 17.080829 17.080665 17.080582 17.080519 17.080433 17.080265 17.079916 17.079188 17.077706 17.074763 17.069066 17.058314 17.038531 17.003041 16.940951 16.834994 16.658589 16.372052 15.918076 15.217087 14.164150 12.631289 10.482954 7.617364 4.046349 0.000000 
50.000000 44.367577 38.936794 33.887654 29.360751 25.446270 22.181019 19.553014 17.511661 15.980845 14.872214 14.096562 13.572076 13.229175 13.012326 12.879618 12.800987 12.755859 12.730760 12.717224 12.710143 12.706548 12.704775 12.703925 12.703528 12.703343 12.703251 12.703186 12.703101 12.702941 12.702608 12.701919 12.700519 12.697750 12.692412 12.682390 12.664063 12.631423 12.574814 12.479221 12.322086 12.070779 11.680078 11.090510 10.229183 9.015910 7.378675 5.282483 2.770484 0.000000 
50.000000 43.835453 37.891604 32.365467 27.410925 23.126679 19.553014 16.676808 14.442680 12.767318 11.554021 10.705149 10.131161 9.755902 9.518594 9.373367 9.287321 9.237937 9.210471 9.195660 9.187912 9.183978 9.182039 9.181109 9.180675 9.180474 9.180375 9.180311 9.180232 9.180089 9.179793 9.179182 9.177948 9.175516 9.170850 9.162135 9.146299 9.118302 9.070166 8.989713 8.859070 8.653134 8.338404 7.872937 7.208603 6.297256 5.102419 3.616818 1.882116 0.000000 
50.000000 43.422102 37.079709 31.183052 25.896334 21.324877 17.511661 14.442680 12.058833 10.271216 8.976638 8.070909 7.458484 7.058102 6.804910 6.649965 6.558163 6.505477 6.476175 6.460373 6.452108 6.447911 6.445842 6.444851 6.444388 6.444175 6.444073 6.444010 6.443940 6.443818 6.443571 6.443062 6.442037 6.440026 6.436185 6.429051 6.416168 6.393557 6.355008 6.291206 6.188772 6.029417 5.789546 5.440883 4.952825 4.297327 3.456697 2.433549 1.259936 0.000000 
50.000000 43.112118 36.470846 30.296331 24.760516 19.973686 15.980845 12.767318 10.271216 8.399437 7.043923 6.095574 5.454337 5.035125 4.770029 4.607802 4.511686 4.456526 4.425848 4.409306 4.400652 4.396259 4.394093 4.393055 4.392571 4.392349 4.392245 4.392185 4.392125 4.392027 4.391830 4.391428 4.390622 4.389046 4.386052 4.380519 4.370589 4.353281 4.324008 4.275998 4.199718 4.082444 3.908248 3.658759 3.315098 2.861304 2.289189 1.603777 0.827446 0.000000 
50.000000 42.887615 36.029887 29.654141 23.937930 18.995132 14.872214 11.554021 8.976638 7.043923 5.644295 4.665091 4.002999 3.570158 3.296447 3.128951 3.029714 2.972764 2.941090 2.924011 2.915078 2.910542 2.908306 2.907235 2.906736 2.906507 2.906402 2.906345 2.906295 2.906219 2.906070 2.905767 2.905164 2.903990 2.901768 2.897684 2.890397 2.877779 2.856597 2.822147 2.767925 2.685432 2.564308 2.392994 2.160138 1.856835 1.479509 1.032829 0.531551 0.000000 
50.000000 42.730535 35.721358 29.204819 23.362395 18.310479 14.096562 10.705149 8.070909 6.095574 4.665091 3.664310 2.987635 2.545264 2.265530 2.094350 1.992932 1.934730 1.902362 1.884908 1.875778 1.871144 1.868859 1.867764 1.867254 1.867022 1.866916 1.866862 1.866821 1.866764 1.866655 1.866438 1.866007 1.865171 1.863597 1.860718 1.855608 1.846815 1.832155 1.808494 1.771566 1.715901 1.634983 1.521748 1.369528 1.173440 0.932050 0.648907 0.333353 0.000000 
50.000000 42.624315 35.512725 28.900982 22.973215 17.847519 13.572076 10.131161 7.458484 5.454337 4.002999 2.987635 2.301104 1.852295 1.568491 1.394822 1.291931 1.232884 1.200046 1.182340 1.173078 1.168376 1.166058 1.164948 1.164431 1.164195 1.164089 1.164038 1.164004 1.163962 1.163886 1.163737 1.163442 1.162872 1.161804 1.159860 1.156426 1.150552 1.140820 1.125220 1.101056 1.064927 1.012859 0.940653 0.844478 0.721702 0.571829 0.397294 0.203812 0.000000 
50.000000 42.554866 35.376318 28.702330 22.718769 17.544839 13.229175 9.755902 7.058102 5.035125 3.570158 2.545264 1.852295 1.399279 1.112817 0.937522 0.833669 0.774071 0.740926 0.723054 0.713706 0.708960 0.706621 0.705501 0.704979 0.704742 0.704636 0.704587 0.704558 0.704527 0.704476 0.704378 0.704184 0.703811 0.703116 0.701855 0.699639 0.695868 0.689657 0.679762 0.664536 0.641934 0.609603 0.565112 0.506308 0.431797 0.341457 0.236852 0.121375 0.000000 
50.000000 42.510944 35.290050 28.576699 22.557853 17.353422 13.012326 9.518594 6.804910 4.770029 3.296447 2.265530 1.568491 1.112817 0.824676 0.648355 0.543893 0.483947 0.450609 0.432633 0.423230 0.418457 0.416104 0.414977 0.414452 0.414214 0.414108 0.414061 0.414035 0.414013 0.413980 0.413917 0.413794 0.413560 0.413124 0.412338 0.410962 0.408632 0.404813 0.398763 0.389510 0.375859 0.356458 0.329936 0.295108 0.251250 0.198370 0.137421 0.070362 0.000000 
50.000000 42.484063 35.237253 28.499811 22.459372 17.236276 12.879618 9.373367 6.649965 4.607802 3.128951 2.094350 1.394822 0.937522 0.648355 0.471406 0.366573 0.306414 0.272957 0.254917 0.245481 0.240691 0.238330 0.237199 0.236673 0.236434 0.236329 0.236282 0.236259 0.236242 0.236221 0.236182 0.236108 0.235966 0.235703 0.235230 0.234407 0.233018 0.230753 0.227183 0.221751 0.213781 0.202517 0.187206 0.167210 0.142160 0.112094 0.077572 0.039691 0.000000 
50.000000 42.468135 35.205968 28.454252 22.401020 17.166865 12.800987 9.287321 6.558163 4.511687 3.029714 1.992932 1.291931 0.833669 0.543893 0.366573 0.261521 0.201235 0.167709 0.149631 0.140176 0.135376 0.133010 0.131877 0.131349 0.131110 0.131005 0.130958 0.130937 0.130924 0.130910 0.130887 0.130843 0.130760 0.130607 0.130333 0.129858 0.129059 0.127761 0.125724 0.122640 0.118137 0.111805 0.103238 0.092102 0.078212 0.061605 0.042596 0.021782 0.000000 
50.000000 42.458993 35.188012 28.428104 22.367529 17.127028 12.755860 9.237938 6.505477 4.456527 2.972764 1.934731 1.232885 0.774071 0.483947 0.306414 0.201235 0.140878 0.107312 0.089212 0.079746 0.074940 0.072571 0.071436 0.070908 0.070669 0.070564 0.070518 0.070498 0.070487 0.070478 0.070464 0.070439 0.070393 0.070307 0.070153 0.069887 0.069443 0.068724 0.067600 0.065905 0.063441 0.059990 0.055341 0.049322 0.041842 0.032929 0.022752 0.011629 0.000000 
50.000000 42.453908 35.178025 28.413560 22.348901 17.104871 12.730760 9.210472 6.476175 4.425849 2.941091 1.902363 1.200047 0.740927 0.450609 0.272958 0.167710 0.107312 0.073723 0.055612 0.046139 0.041330 0.038960 0.037825 0.037296 0.037057 0.036952 0.036906 0.036886 0.036877 0.036871 0.036863 0.036849 0.036823 0.036777 0.036693 0.036550 0.036311 0.035925 0.035324 0.034422 0.033114 0.031290 0.028842 0.025683 0.021770 0.017120 0.011822 0.006040 0.000000 
50.000000 42.451165 35.172639 28.405716 22.338855 17.092922 12.717225 9.195662 6.460375 4.409307 2.924013 1.884910 1.182341 0.723056 0.432634 0.254919 0.149633 0.089214 0.055613 0.037496 0.028019 0.023209 0.020838 0.019702 0.019173 0.018934 0.018829 0.018783 0.018764 0.018756 0.018751 0.018746 0.018738 0.018725 0.018700 0.018657 0.018582 0.018457 0.018256 0.017945 0.017479 0.016806 0.015870 0.014618 0.013008 0.011018 0.008659 0.005976 0.003052 0.000000 
50.000000 42.449731 35.169822 28.401614 22.333602 17.086673 12.710147 9.187916 6.452112 4.400657 2.915082 1.875783 1.173083 0.713711 0.423235 0.245486 0.140181 0.079750 0.046143 0.028023 0.018544 0.013733 0.011361 0.010225 0.009697 0.009457 0.009352 0.009307 0.009288 0.009280 0.009276 0.009273 0.009268 0.009261 0.009249 0.009227 0.009189 0.009126 0.009024 0.008868 0.008634 0.008298 0.007832 0.007209 0.006411 0.005427 0.004263 0.002941 0.001502 0.000000 
50.000000 42.449004 35.168393 28.399534 22.330937 17.083505 12.706558 9.183989 6.447922 4.396271 2.910554 1.871156 1.168388 0.708973 0.418469 0.240704 0.135388 0.074952 0.041342 0.023220 0.013740 0.008928 0.006556 0.005421 0.004892 0.004653 0.004547 0.004502 0.004483 0.004475 0.004472 0.004470 0.004467 0.004464 0.004458 0.004447 0.004428 0.004397 0.004347 0.004271 0.004157 0.003993 0.003767 0.003466 0.003080 0.002606 0.002046 0.001411 0.000720 0.000000 
50.000000 42.448648 35.167694 28.398515 22.329632 17.081952 12.704799 9.182065 6.445870 4.394122 2.908336 1.868889 1.166089 0.706652 0.416135 0.238361 0.133041 0.072602 0.038991 0.020867 0.011388 0.006575 0.004203 0.003067 0.002539 0.002299 0.002194 0.002149 0.002130 0.002122 0.002119 0.002117 0.002116 0.002114 0.002111 0.002106 0.002097 0.002082 0.002058 0.002021 0.001967 0.001888 0.001781 0.001638 0.001455 0.001230 0.000965 0.000665 0.000340 0.000000 
50.000000 42.448482 35.167369 28.398043 22.329027 17.081233 12.703984 9.181173 6.444919 4.393126 2.907308 1.867839 1.165023 0.705577 0.415053 0.237276 0.131953 0.071513 0.037900 0.019777 0.010297 0.005485 0.003113 0.001977 0.001448 0.001209 0.001103 0.001058 0.001039 0.001031 0.001028 0.001027 0.001026 0.001025 0.001023 0.001021 0.001016 0.001009 0.000997 0.000979 0.000952 0.000914 0.000862 0.000792 0.000703 0.000595 0.000466 0.000321 0.000164 0.000000 
50.000000 42.448418 35.167243 28.397859 22.328793 17.080953 12.703668 9.180827 6.444550 4.392740 2.906909 1.867431 1.164609 0.705159 0.414633 0.236854 0.131531 0.071090 0.037477 0.019353 0.009874 0.005061 0.002689 0.001553 0.001025 0.000785 0.000680 0.000635 0.000616 0.000608 0.000605 0.000604 0.000603 0.000602 0.000601 0.000600 0.000597 0.000593 0.000586 0.000575 0.000559 0.000537 0.000506 0.000465 0.000412 0.000348 0.000273 0.000188 0.000096 0.000000 
50.000000 42.448418 35.167243 28.397859 22.328793 17.080953 12.703668 9.180827 6.444550 4.392740 2.906909 1.867431 1.164609 0.705159 0.414633 0.236854 0.131531 0.071090 0.037477 0.019353 0.009874 0.005061 0.002689 0.001553 0.001025 0.000785 0.000680 0.000635 0.000616 0.000608 0.000605 0.000604 0.000603 0.000602 0.000601 0.000600 0.000597 0.000593 0.000586 0.000575 0.000559 0.000537 0.000506 0.000465 0.000412 0.000348 0.000273 0.000188 0.000096 0.000000 
50.000000 42.448482 35.167369 28.398043 22.329027 17.081233 12.703984 9.181173 6.444919 4.393126 2.907308 1.867839 1.165023 0.705577 0.415053 0.237276 0.131953 0.071513 0.037900 0.019777 0.010297 0.005485 0.003113 0.001977 0.001448 0.001209 0.001103 0.001058 0.001039 0.001031 0.001028 0.001027 0.001026 0.001025 0.001023 0.001021 0.001016 0.001009 0.000997 0.000979 0.000952 0.000914 0.000862 0.000792 0.000703 0.000595 0.000466 0.000321 0.000164 0.000000 
50.000000 42.448648 35.167694 28.398515 22.329632 17.081952 12.704799 9.182065 6.445870 4.394122 2.908336 1.868889 1.166089 0.706652 0.416135 0.238361 0.133041 0.072602 0.038991 0.020867 0.011388 0.006575 0.004203 0.003067 0.002539 0.002299 0.002194 0.002149 0.002130 0.002122 0.002119 0.002117 0.002116 0.002114 0.002111 0.002106 0.002097 0.002082 0.002058 0.002021 0.001967 0.001888 0.001781 0.001638 0.001455 0.001230 0.000965 0.000665 0.000340 0.000000 
50.000000 42.449004 35.168393 28.399534 22.330937 17.083505 12.706558 9.183989 6.447922 4.396271 2.910554 1.871156 1.168388 0.708973 0.418469 0.240704 0.135388 0.074952 0.041342 0.023220 0.013740 0.008928 0.006556 0.005421 0.004892 0.004653 0.004547 0.004502 0.004483 0.004475 0.004472 0.004470 0.004467 0.004464 0.004458 0.004447 0.004428 0.004397 0.004347 0.004271 0.004157 0.003993 0.003767 0.003466 0.003080 0.002606 0.002046 0.001411 0.000720 0.000000 
50.000000 42.449731 35.169822 28.401614 22.333602 17.086673 12.710147 9.187916 6.452112 4.400657 2.915082 1.875783 1.173083 0.713711 0.423235 0.245486 0.140181 0.079750 0.046143 0.028023 0.018544 0.013733 0.011361 0.010225 0.009697 0.009457 0.009352 0.009307 0.009288 0.009280 0.009276 0.009273 0.009268 0.009261 0.009249 0.009227 0.009189 0.009126 0.009024 0.008868 0.008634 0.008298 0.007832 0.007209 0.006411 0.005427 0.004263 0.002941 0.001502 0.000000 
50.000000 42.451165 35.172639 28.405716 22.338855 17.092922 12.717225 9.195662 6.460375 4.409307 2.924013 1.884910 1.182341 0.723056 0.432634 0.254919 0.149633 0.089214 0.055613 0.037496 0.028019 0.023209 0.020838 0.019702 0.019173 0.018934 0.018829 0.018783 0.018764 0.018756 0.018751 0.018746 0.018738 0.018725 0.018700 0.018657 0.018582 0.018457 0.018256 0.017945 0.017479 0.016806 0.015870 0.014618 0.013008 0.011018 0.008659 0.005976 0.003052 0.000000 
50.000000 42.453908 35.178025 28.413560 22.348901 17.104871 12.730760 9.210472 6.476175 4.425849 2.941091 1.902363 1.200047 0.740927 0.450609 0.272958 0.167710 0.107312 0.073723 0.055612 0.046139 0.041330 0.038960 0.037825 0.037296 0.037057 0.036952 0.036906 0.036886 0.036877 0.036871 0.036863 0.036849 0.036823 0.036777 0.036693 0.036550 0.036311 0.035925 0.035324 0.034422 0.033114 0.031290 0.028842 0.025683 0.021770 0.017120 0.011822 0.006040 0.000000 
50.000000 42.458993 35.188012 28.428104 22.367529 17.127028 12.755860 9.237938 6.505477 4.456527 2.972764 1.934731 1.232885 0.774071 0.483947 0.306414 0.201235 0.140878 0.107312 0.089212 0.079746 0.074940 0.072571 0.071436 0.070908 0.070669 0.070564 0.070518 0.070498 0.070487 0.070478 0.070464 0.070439 0.070393 0.070307 0.070153 0.069887 0.069443 0.068724 0.067600 0.065905 0.063441 0.059990 0.055341 0.049322 0.041842 0.032929 0.022752 0.011629 0.000000 
50.000000 42.468135 35.205968 28.454252 22.401020 17.166865 12.800987 9.287321 6.558163 4.511687 3.029714 1.992932 1.291931 0.833669 0.543893 0.366573 0.261521 0.201235 0.167709 0.149631 0.140176 0.135376 0.133010 0.131877 0.131349 0.131110 0.131005 0.130958 0.130937 0.130924 0.130910 0.130887 0.130843 0.130760 0.130607 0.130333 0.129858 0.129059 0.127761 0.125724 0.122640 0.118137 0.111805 0.103238 0.092102 0.078212 0.061605 0.042596 0.021782 0.000000 
50.000000 42.484063 35.237253 28.499811 22.459372 17.236276 12.879618 9.373367 6.649965 4.607802 3.128951 2.094350 1.394822 0.937522 0.648355 0.471406 0.366573 0.306414 0.272957 0.254917 0.245481 0.240691 0.238330 0.237199 0.236673 0.236434 0.236329 0.236282 0.236259 0.236242 0.236221 0.236182 0.236108 0.235966 0.235703 0.235230 0.234407 0.233018 0.230753 0.227183 0.221751 0.213781 0.202517 0.187206 0.167210 0.142160 0.112094 0.077572 0.039691 0.000000 
50.000000 42.510944 35.290050 28.576699 22.557853 17.353422 13.012326 9.518594 6.804910 4.770029 3.296447 2.265530 1.568491 1.112817 0.824676 0.648355 0.543893 0.483947 0.450609 0.432633 0.423230 0.418457 0.416104 0.414977 0.414452 0.414214 0.414108 0.414061 0.414035 0.414013 0.413980 0.413917 0.413794 0.413560 0.413124 0.412338 0.410962 0.408632 0.404813 0.398763 0.389510 0.375859 0.356458 0.329936 0.295108 0.251250 0.198370 0.137421 0.070362 0.000000 
50.000000 42.554866 35.376318 28.702330 22.718769 17.544839 13.229175 9.755902 7.058102 5.035125 3.570158 2.545264 1.852295 1.399279 1.112817 0.937522 0.833669 0.774071 0.740926 0.723054 0.713706 0.708960 0.706621 0.705501 0.704979 0.704742 0.704636 0.704587 0.704558 0.704527 0.704476 0.704378 0.704184 0.703811 0.703116 0.701855 0.699639 0.695868 0.689657 0.679762 0.664536 0.641934 0.609603 0.565112 0.506308 0.431797 0.341457 0.236852 0.121375 0.000000 
50.000000 42.624315 35.512725 28.900982 22.973215 17.847519 13.572076 10.131161 7.458484 5.454337 4.002999 2.987635 2.301104 1.852295 1.568491 1.394822 1.291931 1.232884 1.200046 1.182340 1.173078 1.168376 1.166058 1.164948 1.164431 1.164195 1.164089 1.164038 1.164004 1.163962 1.163886 1.163737 1.163442 1.162872 1.161804 1.159860 1.156426 1.150552 1.140820 1.125220 1.101056 1.064927 1.012859 0.940653 0.844478 0.721702 0.571829 0.397294 0.203812 0.000000 
50.000000 42.730535 35.721358 29.204819 23.362395 18.310479 14.096562 10.705149 8.070909 6.095574 4.665091 3.664310 2.987635 2.545264 2.265530 2.094350 1.992932 1.934730 1.902362 1.884908 1.875778 1.871144 1.868859 1.867764 1.867254 1.867022 1.866916 1.866862 1.866821 1.866764 1.866655 1.866438 1.866007 1.865171 1.863597 1.860718 1.855608 1.846815 1.832155 1.808494 1.771566 1.715901 1.634983 1.521748 1.369528 1.173440 0.932050 0.648907 0.333353 0.000000 
50.000000 42.887615 36.029887 29.654141 23.937930 18.995132 14.872214 11.554021 8.976638 7.043923 5.644295 4.665091 4.002999 3.570158 3.296447 3.128951 3.029714 2.972764 2.941090 2.924011 2.915078 2.910542 2.908306 2.907235 2.906736 2.906507 2.906402 2.906345 2.906295 2.906219 2.906070 2.905767 2.905164 2.903990 2.901768 2.897684 2.890397 2.877779 2.856597 2.822147 2.767925 2.685432 2.564308 2.392994 2.160138 1.856835 1.479509 1.032829 0.531551 0.000000 
50.000000 43.112118 36.470846 30.296331 24.760516 19.973686 15.980845 12.767318 10.271216 8.399437 7.043923 6.095574 5.454337 5.035125 4.770029 4.607802 4.511686 4.456526 4.425848 4.409306 4.400652 4.396259 4.394093 4.393055 4.392571 4.392349 4.392245 4.392185 4.392125 4.392027 4.391830 4.391428 4.390622 4.389046 4.386052 4.380519 4.370589 4.353281 4.324008 4.275998 4.199718 4.082444 3.908248 3.658759 3.315098 2.861304 2.289189 1.603777 0.827446 0.000000 
50.000000 43.422102 37.079709 31.183052 25.896334 21.324877 17.511661 14.442680 12.058833 10.271216 8.976638 8.070909 7.458484 7.058102 6.804910 6.649965 6.558163 6.505477 6.476175 6.460373 6.452108 6.447911 6.445842 6.444851 6.444388 6.444175 6.444073 6.444010 6.443940 6.443818 6.443571 6.443062 6.442037 6.440026 6.436185 6.429051 6.416168 6.393557 6.355008 6.291206 6.188772 6.029417 5.789546 5.440883 4.952825 4.297327 3.456697 2.433549 1.259936 0.000000 
50.000000 43.835453 37.891604 32.365467 27.410925 23.126679 19.553014 16.676808 14.442680 12.767318 11.554021 10.705149 10.131161 9.755902 9.518594 9.373367 9.287321 9.237937 9.210471 9.195660 9.187912 9.183978 9.182039 9.181109 9.180675 9.180474 9.180375 9.180311 9.180232 9.180089 9.179793 9.179182 9.177948 9.175516 9.170850 9.162135 9.146299 9.118302 9.070166 8.989713 8.859070 8.653134 8.338404 7.872937 7.208603 6.297256 5.102419 3.616818 1.882116 0.000000 
50.000000 44.367577 38.936794 33.887654 29.360751 25.446270 22.181019 19.553014 17.511661 15.980845 14.872214 14.096562 13.572076 13.229175 13.012326 12.879618 12.800987 12.755859 12.730760 12.717224 12.710143 12.706548 12.704775 12.703925 12.703528 12.703343 12.703251 12.703186 12.703101 12.702941 12.702608 12.701919 12.700519 12.697750 12.692412 12.682390 12.664063 12.631423 12.574814 12.479221 12.322086 12.070779 11.680078 11.090510 10.229183 9.015910 7.378675 5.282483 2.770484 0.000000 
50.000000 45.028714 40.235392 35.778905 31.783342 28.328300 25.446270 23.126679 21.324877 19.973686 18.995132 18.310479 17.847519 17.544839 17.353422 17.236276 17.166865 17.127028 17.104870 17.092921 17.086670 17.083496 17.081931 17.081180 17.080829 17.080665 17.080582 17.080519 17.080433 17.080265 17.079916 17.079188 17.077706 17.074763 17.069066 17.058314 17.038531 17.003041 16.940951 16.834994 16.658589 16.372052 15.918076 15.217087 14.164150 12.631289 10.482954 7.617364 4.046349 0.000000 
50.000000 45.821286 41.792159 38.046156 34.687581 31.783342 29.360751 27.410925 25.896334 24.760516 23.937930 23.362395 22.973215 22.718769 22.557853 22.459372 22.401020 22.367529 22.348900 22.338854 22.333599 22.330930 22.329614 22.328983 22.328688 22.328549 22.328477 22.328420 22.328339 22.328177 22.327838 22.327131 22.325686 22.322808 22.317213 22.306603 22.286972 22.251513 22.188955 22.081095 21.899212 21.599007 21.113669 20.344842 19.152053 17.343791 14.680487 10.915836 5.928984 0.000000 
50.000000 46.737838 43.592451 40.668082 38.046156 35.778905 33.887654 32.365467 31.183052 30.296331 29.654141 29.204819 28.900982 28.702330 28.576699 28.499811 28.454252 28.428104 28.413559 28.405716 28.401612 28.399528 28.398501 28.398008 28.397777 28.397668 28.397611 28.397564 28.397494 28.397354 28.397058 28.396440 28.395175 28.392647 28.387717 28.378329 28.360873 28.329152 28.272769 28.174632 28.007142 27.726354 27.263048 26.508979 25.295951 23.365669 20.334041 15.680037 8.877731 0.000000 
50.000000 47.760113 45.600405 43.592451 41.792159 40.235392 38.936794 37.891604 37.079709 36.470846 36.029887 35.721358 35.512725 35.376318 35.290050 35.237253 35.205968 35.188012 35.178025 35.172638 35.169820 35.168389 35.167684 35.167345 35.167186 35.167112 35.167071 35.167038 35.166986 35.166883 35.166663 35.166204 35.165261 35.163373 35.159681 35.152629 35.139466 35.115431 35.072450 34.997058 34.867069 34.646160 34.274786 33.654311 32.618029 30.876322 27.912414 22.800202 14.007624 0.000000 
50.000000 48.859647 47.760113 46.737838 45.821286 45.028714 44.367577 43.835453 43.422102 43.112118 42.887615 42.730535 42.624315 42.554866 42.510944 42.484063 42.468135 42.458993 42.453908 42.451165 42.449730 42.449002 42.448643 42.448470 42.448389 42.448351 42.448330 42.448313 42.448285 42.448230 42.448113 42.447868 42.447364 42.446353 42.444372 42.440583 42.433491 42.420502 42.397183 42.356064 42.284672 42.162166 41.953337 41.597093 40.982365 39.892302 37.860108 33.752489 24.429824 0.000000 
50.000000 50.000000 50.000000 50.000000 50.000000 50.000000 50.000000 50.000000 50.000000 50.000000 50.000000 50.000000 50.000000 50.000000 50.000000 50.000000 50.000000 50.000000 50.000000 50.000000 50.000000 50.000000 50.000000 50.000000 50.000000 50.000000 50.000000 50.000000 50.000000 50.000000 50.000000 50.000000 50.000000 50.000000 50.000000 50.000000 50.000000 50.000000 50.000000 50.000000 50.000000 50.000000 50.000000 50.000000 50.000000 50.000000 50.000000 50.000000 50.000000 50.000000 
