50.000000 50.000000 50.000000 50.000000 50.000000 50.000000 50.000000 50.000000 50.000000 50.000000 50.000000 50.000000 50.000000 50.000000 50.000000 50.000000 50.000000 50.000000 50.000000 50.000000 50.000000 50.000000 50.000000 50.000000 50.000000 50.000000 50.000000 50.000000 50.000000 50.000000 50.000000 50.000000 50.000000 50.000000 50.000000 50.000000 50.000000 50.000000 50.000000 50.000000 50.000000 50.000000 50.000000 50.000000 50.000000 50.000000 50.000000 50.000000 50.000000 50.000000 
50.000000 46.128585 42.726116 40.091963 38.288004 37.189201 36.590261 36.296249 36.165458 36.112420 36.092705 36.085952 36.083811 36.083180 36.083006 36.082962 36.082951 36.082948 36.082948 36.082948 36.082948 36.082948 36.082948 36.082948 36.082948 36.082948 36.082948 36.082948 36.082948 36.082948 36.082948 36.082948 36.082948 36.082947 36.082947 36.082944 36.082933 36.082887 36.082709 36.082058 36.079818 36.072556 36.050363 35.986283 35.810572 35.348584 34.164457 31.128564 23.064293 0.000000 
50.000000 42.726116 36.333451 31.384522 27.995519 25.931405 24.806389 24.254184 24.008565 23.908972 23.871956 23.859279 23.855260 23.854076 23.853750 23.853666 23.853646 23.853641 23.853640 23.853640 23.853640 23.853640 23.853640 23.853640 23.853640 23.853640 23.853640 23.853640 23.853640 23.853640 23.853640 23.853640 23.853640 23.853640 23.853639 23.853635 23.853617 23.853544 23.853265 23.852251 23.848790 23.837692 23.804301 23.710061 23.460425 22.838819 21.381274 18.166726 11.597552 0.000000 
50.000000 40.091963 31.384522 24.643971 20.028449 17.217599 15.685769 14.933987 14.599646 14.464101 14.413730 14.396483 14.391016 14.389405 14.388962 14.388848 14.388821 14.388814 14.388813 14.388813 14.388813 14.388813 14.388813 14.388813 14.388813 14.388813 14.388813 14.388813 14.388813 14.388813 14.388813 14.388813 14.388813 14.388812 14.388811 14.388807 14.388789 14.388715 14.388433 14.387415 14.383976 14.373096 14.340954 14.252488 14.026236 13.490410 12.321985 10.003247 5.927506 0.000000 
50.000000 38.288004 27.995519 20.028449 14.573561 11.251904 9.441937 8.553784 8.158858 7.998779 7.939301 7.918940 7.912488 7.910587 7.910064 7.909930 7.909897 7.909890 7.909888 7.909888 7.909888 7.909888 7.909888 7.909888 7.909888 7.909888 7.909888 7.909888 7.909888 7.909888 7.909888 7.909888 7.909888 7.909887 7.909887 7.909883 7.909869 7.909811 7.909589 7.908797 7.906151 7.897892 7.873926 7.809489 7.649733 7.286780 6.538039 5.156700 2.939420 0.000000 
50.000000 37.189201 25.931405 17.217599 11.251904 7.619563 5.640537 4.669554 4.237859 4.062904 3.997909 3.975664 3.968615 3.966539 3.965968 3.965821 3.965786 3.965778 3.965776 3.965776 3.965776 3.965776 3.965776 3.965776 3.965776 3.965776 3.965776 3.965776 3.965776 3.965776 3.965776 3.965776 3.965776 3.965775 3.965775 3.965773 3.965763 3.965725 3.965581 3.965072 3.963384 3.958187 3.943343 3.904239 3.809781 3.602171 3.191363 2.470980 1.378629 0.000000 
50.000000 36.590261 24.806389 15.685769 9.441937 5.640537 3.569588 2.553606 2.101956 1.918935 1.850952 1.827687 1.820317 1.818146 1.817549 1.817396 1.817358 1.817350 1.817348 1.817348 1.817348 1.817348 1.817348 1.817348 1.817348 1.817348 1.817348 1.817348 1.817348 1.817348 1.817348 1.817348 1.817348 1.817348 1.817347 1.817346 1.817341 1.817319 1.817239 1.816958 1.816035 1.813222 1.805302 1.784794 1.736298 1.632449 1.433281 1.096328 0.603979 0.000000 
50.000000 36.296249 24.254184 14.933987 8.553784 4.669554 2.553606 1.515619 1.054220 0.867263 0.797824 0.774063 0.766536 0.764319 0.763710 0.763553 0.763515 0.763507 0.763505 0.763504 0.763504 0.763504 0.763504 0.763504 0.763504 0.763504 0.763504 0.763504 0.763504 0.763504 0.763504 0.763504 0.763504 0.763504 0.763504 0.763503 0.763501 0.763490 0.763451 0.763315 0.762871 0.761534 0.757810 0.748304 0.726211 0.679857 0.593033 0.449883 0.245885 0.000000 
50.000000 36.165458 24.008565 14.599646 8.158858 4.237859 2.101956 1.054220 0.588507 0.399810 0.329729 0.305749 0.298153 0.295916 0.295302 0.295143 0.295105 0.295096 0.295094 0.295094 0.295094 0.295094 0.295094 0.295094 0.295094 0.295094 0.295094 0.295094 0.295094 0.295094 0.295094 0.295094 0.295094 0.295094 0.295094 0.295094 0.295092 0.295088 0.295071 0.295012 0.294822 0.294253 0.292686 0.288733 0.279672 0.260965 0.226550 0.170873 0.092902 0.000000 
50.000000 36.112420 23.908972 14.464101 7.998779 4.062904 1.918935 0.867263 0.399810 0.210414 0.140074 0.116006 0.108382 0.106137 0.105521 0.105362 0.105323 0.105315 0.105313 0.105312 0.105312 0.105312 0.105312 0.105312 0.105312 0.105312 0.105312 0.105312 0.105312 0.105312 0.105312 0.105312 0.105312 0.105312 0.105312 0.105312 0.105312 0.105310 0.105303 0.105280 0.105207 0.104988 0.104391 0.102900 0.099519 0.092628 0.080125 0.060182 0.032602 0.000000 
50.000000 36.092705 23.871956 14.413730 7.939301 3.997909 1.850952 0.797824 0.329729 0.140074 0.069639 0.045539 0.037905 0.035657 0.035040 0.034881 0.034842 0.034833 0.034831 0.034831 0.034831 0.034831 0.034831 0.034831 0.034831 0.034831 0.034831 0.034831 0.034831 0.034831 0.034831 0.034831 0.034831 0.034831 0.034831 0.034831 0.034831 0.034830 0.034828 0.034820 0.034794 0.034717 0.034509 0.033994 0.032838 0.030504 0.026315 0.019704 0.010647 0.000000 
50.000000 36.085952 23.859279 14.396483 7.918940 3.975664 1.827687 0.774063 0.305749 0.116006 0.045539 0.021427 0.013790 0.011541 0.010923 0.010764 0.010726 0.010717 0.010715 0.010715 0.010715 0.010715 0.010715 0.010715 0.010715 0.010715 0.010715 0.010715 0.010715 0.010715 0.010715 0.010715 0.010715 0.010715 0.010715 0.010715 0.010715 0.010714 0.010714 0.010711 0.010703 0.010678 0.010611 0.010448 0.010082 0.009351 0.008050 0.006014 0.003243 0.000000 
50.000000 36.083811 23.855260 14.391016 7.912488 3.968615 1.820317 0.766536 0.298153 0.108382 0.037905 0.013790 0.006152 0.003903 0.003285 0.003126 0.003087 0.003078 0.003077 0.003076 0.003076 0.003076 0.003076 0.003076 0.003076 0.003076 0.003076 0.003076 0.003076 0.003076 0.003076 0.003076 0.003076 0.003076 0.003076 0.003076 0.003076 0.003076 0.003076 0.003075 0.003073 0.003065 0.003045 0.002997 0.002890 0.002677 0.002301 0.001716 0.000924 0.000000 
50.000000 36.083180 23.854076 14.389405 7.910587 3.966539 1.818146 0.764319 0.295916 0.106137 0.035657 0.011541 0.003903 0.001654 0.001036 0.000877 0.000838 0.000829 0.000827 0.000827 0.000827 0.000827 0.000827 0.000827 0.000827 0.000827 0.000827 0.000827 0.000827 0.000827 0.000827 0.000827 0.000827 0.000827 0.000827 0.000827 0.000827 0.000827 0.000827 0.000827 0.000826 0.000824 0.000818 0.000805 0.000776 0.000718 0.000616 0.000459 0.000247 0.000000 
50.000000 36.083006 23.853750 14.388962 7.910064 3.965968 1.817549 0.763710 0.295302 0.105521 0.035040 0.010923 0.003285 0.001036 0.000417 0.000258 0.000220 0.000211 0.000209 0.000209 0.000209 0.000209 0.000209 0.000209 0.000209 0.000209 0.000209 0.000209 0.000209 0.000209 0.000209 0.000209 0.000209 0.000209 0.000209 0.000209 0.000209 0.000209 0.000209 0.000209 0.000208 0.000208 0.000207 0.000203 0.000196 0.000181 0.000155 0.000115 0.000062 0.000000 
50.000000 36.082962 23.853666 14.388848 7.909930 3.965821 1.817396 0.763553 0.295143 0.105362 0.034881 0.010764 0.003126 0.000877 0.000258 0.000099 0.000061 0.000052 0.000050 0.000050 0.000050 0.000050 0.000050 0.000050 0.000050 0.000050 0.000050 0.000050 0.000050 0.000050 0.000050 0.000050 0.000050 0.000050 0.000050 0.000050 0.000050 0.000050 0.000050 0.000050 0.000050 0.000049 0.000049 0.000048 0.000046 0.000043 0.000037 0.000027 0.000015 0.000000 
50.000000 36.082951 23.853646 14.388821 7.909897 3.965786 1.817358 0.763515 0.295105 0.105323 0.034842 0.010726 0.003087 0.000838 0.000220 0.000061 0.000022 0.000014 0.000012 0.000011 0.000011 0.000011 0.000011 0.000011 0.000011 0.000011 0.000011 0.000011 0.000011 0.000011 0.000011 0.000011 0.000011 0.000011 0.000011 0.000011 0.000011 0.000011 0.000011 0.000011 0.000011 0.000011 0.000011 0.000011 0.000010 0.000010 0.000008 0.000006 0.000003 0.000000 
50.000000 36.082948 23.853641 14.388814 7.909890 3.965778 1.817350 0.763507 0.295096 0.105315 0.034833 0.010717 0.003078 0.000829 0.000211 0.000052 0.000014 0.000005 0.000003 0.000002 0.000002 0.000002 0.000002 0.000002 0.000002 0.000002 0.000002 0.000002 0.000002 0.000002 0.000002 0.000002 0.000002 0.000002 0.000002 0.000002 0.000002 0.000002 0.000002 0.000002 0.000002 0.000002 0.000002 0.000002 0.000002 0.000002 0.000002 0.000001 0.000001 0.000000 
50.000000 36.082948 23.853640 14.388813 7.909888 3.965776 1.817348 0.763505 0.295094 0.105313 0.034831 0.010715 0.003077 0.000827 0.000209 0.000050 0.000012 0.000003 0.000001 0.000001 0.000000 0.000000 0.000000 0.000000 0.000000 0.000000 0.000000 0.000000 0.000000 0.000000 0.000000 0.000000 0.000000 0.000000 0.000000 0.000000 0.000000 0.000000 0.000000 0.000000 0.000000 0.000000 0.000000 0.000000 0.000000 0.000000 0.000000 0.000000 0.000000 0.000000 
50.000000 36.082948 23.853640 14.388813 7.909888 3.965776 1.817348 0.763504 0.295094 0.105312 0.034831 0.010715 0.003076 0.000827 0.000209 0.000050 0.000011 0.000002 0.000001 0.000000 0.000000 0.000000 0.000000 0.000000 0.000000 0.000000 0.000000 0.000000 0.000000 0.000000 0.000000 0.000000 0.000000 0.000000 0.000000 0.000000 0.000000 0.000000 0.000000 0.000000 0.000000 0.000000 0.000000 0.000000 0.000000 0.000000 0.000000 0.000000 0.000000 0.000000 
50.000000 36.082948 23.853640 14.388813 7.909888 3.965776 1.817348 0.763504 0.295094 0.105312 0.034831 0.010715 0.003076 0.000827 0.000209 0.000050 0.000011 0.000002 0.000000 0.000000 0.000000 0.000000 0.000000 0.000000 0.000000 0.000000 0.000000 0.000000 0.000000 0.000000 0.000000 0.000000 0.000000 0.000000 0.000000 0.000000 0.000000 0.000000 0.000000 0.000000 0.000000 0.000000 0.000000 0.000000 0.000000 0.000000 0.000000 0.000000 0.000000 0.000000 
50.000000 36.082948 23.853640 14.388813 7.909888 3.965776 1.817348 0.763504 0.295094 0.105312 0.034831 0.010715 0.003076 0.000827 0.000209 0.000050 0.000011 0.000002 0.000000 0.000000 0.000000 0.000000 0.000000 0.000000 0.000000 0.000000 0.000000 0.000000 0.000000 0.000000 0.000000 0.000000 0.000000 0.000000 0.000000 0.000000 0.000000 0.000000 0.000000 0.000000 0.000000 0.000000 0.000000 0.000000 0.000000 0.000000 0.000000 0.000000 0.000000 0.000000 
50.000000 36.082948 23.853640 14.388813 7.909888 3.965776 1.817348 0.763504 0.295094 0.105312 0.034831 0.010715 0.003076 0.000827 0.000209 0.000050 0.000011 0.000002 0.000000 0.000000 0.000000 0.000000 0.000000 0.000000 0.000000 0.000000 0.000000 0.000000 0.000000 0.000000 0.000000 0.000000 0.000000 0.000000 0.000000 0.000000 0.000000 0.000000 0.000000 0.000000 0.000000 0.000000 0.000000 0.000000 0.000000 0.000000 0.000000 0.000000 0.000000 0.000000 
50.000000 36.082948 23.853640 14.388813 7.909888 3.965776 1.817348 0.763504 0.295094 0.105312 0.034831 0.010715 0.003076 0.000827 0.000209 0.000050 0.000011 0.000002 0.000000 0.000000 0.000000 0.000000 0.000000 0.000000 0.000000 0.000000 0.000000 0.000000 0.000000 0.000000 0.000000 0.000000 0.000000 0.000000 0.000000 0.000000 0.000000 0.000000 0.000000 0.000000 0.000000 0.000000 0.000000 0.000000 0.000000 0.000000 0.000000 0.000000 0.000000 0.000000 
50.000000 36.082948 23.853640 14.388813 7.909888 3.965776 1.817348 0.763504 0.295094 0.105312 0.034831 0.010715 0.003076 0.000827 0.000209 0.000050 0.000011 0.000002 0.000000 0.000000 0.000000 0.000000 0.000000 0.000000 0.000000 0.000000 0.000000 0.000000 0.000000 0.000000 0.000000 0.000000 0.000000 0.000000 0.000000 0.000000 0.000000 0.000000 0.000000 0.000000 0.000000 0.000000 0.000000 0.000000 0.000000 0.000000 0.000000 0.000000 0.000000 0.000000 
50.000000 36.082948 23.853640 14.388813 7.909888 3.965776 1.817348 0.763504 0.295094 0.105312 0.034831 0.010715 0.003076 0.000827 0.000209 0.000050 0.000011 0.000002 0.000000 0.000000 0.000000 0.000000 0.000000 0.000000 0.000000 0.000000 0.000000 0.000000 0.000000 0.000000 0.000000 0.000000 0.000000 0.000000 0.000000 0.000000 0.000000 0.000000 0.000000 0.000000 0.000000 0.000000 0.000000 0.000000 0.000000 0.000000 0.000000 0.000000 0.000000 0.000000 
50.000000 36.082948 23.853640 14.388813 7.909888 3.965776 1.817348 0.763504 0.295094 0.105312 0.034831 0.010715 0.003076 0.000827 0.000209 0.000050 0.000011 0.000002 0.000000 0.000000 0.000000 0.000000 0.000000 0.000000 0.000000 0.000000 0.000000 0.000000 0.000000 0.000000 0.000000 0.000000 0.000000 0.000000 0.000000 0.000000 0.000000 0.000000 0.000000 0.000000 0.000000 0.000000 0.000000 0.000000 0.000000 0.000000 0.000000 0.000000 0.000000 0.000000 
50.000000 36.082948 23.853640 14.388813 7.909888 3.965776 1.817348 0.763504 0.295094 0.105312 0.034831 0.010715 0.003076 0.000827 0.000209 0.000050 0.000011 0.000002 0.000000 0.000000 0.000000 0.000000 0.000000 0.000000 0.000000 0.000000 0.000000 0.000000 0.000000 0.000000 0.000000 0.000000 0.000000 0.000000 0.000000 0.000000 0.000000 0.000000 0.000000 0.000000 0.000000 0.000000 0.000000 0.000000 0.000000 0.000000 0.000000 0.000000 0.000000 0.000000 
50.000000 36.082948 23.853640 14.388813 7.909888 3.965776 1.817348 0.763504 0.295094 0.105312 0.034831 0.010715 0.003076 0.000827 0.000209 0.000050 0.000011 0.000002 0.000000 0.000000 0.000000 0.000000 0.000000 0.000000 0.000000 0.000000 0.000000 0.000000 0.000000 0.000000 0.000000 0.000000 0.000000 0.000000 0.000000 0.000000 0.000000 0.000000 0.000000 0.000000 0.000000 0.000000 0.000000 0.000000 0.000000 0.000000 0.000000 0.000000 0.000000 0.000000 
50.000000 36.082948 23.853640 14.388813 7.909888 3.965776 1.817348 0.763504 0.295094 0.105312 0.034831 0.010715 0.003076 0.000827 0.000209 0.000050 0.000011 0.000002 0.000000 0.000000 0.000000 0.000000 0.000000 0.000000 0.000000 0.000000 0.000000 0.000000 0.000000 0.000000 0.000000 0.000000 0.000000 0.000000 0.000000 0.000000 0.000000 0.000000 0.000000 0.000000 0.000000 0.000000 0.000000 0.000000 0.000000 0.000000 0.000000 0.000000 0.000000 0.000000 
50.000000 36.082948 23.853640 14.388813 7.909888 3.965776 1.817348 0.763504 0.295094 0.105312 0.034831 0.010715 0.003076 0.000827 0.000209 0.000050 0.000011 0.000002 0.000001 0.000000 0.000000 0.000000 0.000000 0.000000 0.000000 0.000000 0.000000 0.000000 0.000000 0.000000 0.000000 0.000000 0.000000 0.000000 0.000000 0.000000 0.000000 0.000000 0.000000 0.000000 0.000000 0.000000 0.000000 0.000000 0.000000 0.000000 0.000000 0.000000 0.000000 0.000000 
50.000000 36.082948 23.853640 14.388813 7.909888 3.965776 1.817348 0.763505 0.295094 0.105313 0.034831 0.010715 0.003077 0.000827 0.000209 0.000050 0.000012 0.000003 0.000001 0.000001 0.000000 0.000000 0.000000 0.000000 0.000000 0.000000 0.000000 0.000000 0.000000 0.000000 0.000000 0.000000 0.000000 0.000000 0.000000 0.000000 0.000000 0.000000 0.000000 0.000000 0.000000 0.000000 0.000000 0.000000 0.000000 0.000000 0.000000 0.000000 0.000000 0.000000 
50.000000 36.082948 23.853641 14.388814 7.909890 3.965778 1.817350 0.763507 0.295096 0.105315 0.034833 0.010717 0.003078 0.000829 0.000211 0.000052 0.000014 0.000005 0.000003 0.000002 0.000002 0.000002 0.000002 0.000002 0.000002 0.000002 0.000002 0.000002 0.000002 0.000002 0.000002 0.000002 0.000002 0.000002 0.000002 0.000002 0.000002 0.000002 0.000002 0.000002 0.000002 0.000002 0.000002 0.000002 0.000002 0.000002 0.000002 0.000001 0.000001 0.000000 
50.000000 36.082951 23.853646 14.388821 7.909897 3.965786 1.817358 0.763515 0.295105 0.105323 0.034842 0.010726 0.003087 0.000838 0.000220 0.000061 0.000022 0.000014 0.000012 0.000011 0.000011 0.000011 0.000011 0.000011 0.000011 0.000011 0.000011 0.000011 0.000011 0.000011 0.000011 0.000011 0.000011 0.000011 0.000011 0.000011 0.000011 0.000011 0.000011 0.000011 0.000011 0.000011 0.000011 0.000011 0.000010 0.000010 0.000008 0.000006 0.000003 0.000000 
50.000000 36.082962 23.853666 14.388848 7.909930 3.965821 1.817396 0.763553 0.295143 0.105362 0.034881 0.010764 0.003126 0.000877 0.000258 0.000099 0.000061 0.000052 0.000050 0.000050 0.000050 0.000050 0.000050 0.000050 0.000050 0.000050 0.000050 0.000050 0.000050 0.000050 0.000050 0.000050 0.000050 0.000050 0.000050 0.000050 0.000050 0.000050 0.000050 0.000050 0.000050 0.000049 0.000049 0.000048 0.000046 0.000043 0.000037 0.000027 0.000015 0.000000 
50.000000 36.083006 23.853750 14.388962 7.910064 3.965968 1.817549 0.763710 0.295302 0.105521 0.035040 0.010923 0.003285 0.001036 0.000417 0.000258 0.000220 0.000211 0.000209 0.000209 0.000209 0.000209 0.000209 0.000209 0.000209 0.000209 0.000209 0.000209 0.000209 0.000209 0.000209 0.000209 0.000209 0.000209 0.000209 0.000209 0.000209 0.000209 0.000209 0.000209 0.000208 0.000208 0.000207 0.000203 0.000196 0.000181 0.000155 0.000115 0.000062 0.000000 
50.000000 36.083180 23.854076 14.389405 7.910587 3.966539 1.818146 0.764319 0.295916 0.106137 0.035657 0.011541 0.003903 0.001654 0.001036 0.000877 0.000838 0.000829 0.000827 0.000827 0.000827 0.000827 0.000827 0.000827 0.000827 0.000827 0.000827 0.000827 0.000827 0.000827 0.000827 0.000827 0.000827 0.000827 0.000827 0.000827 0.000827 0.000827 0.000827 0.000827 0.000826 0.000824 0.000818 0.000805 0.000776 0.000718 0.000616 0.000459 0.000247 0.000000 
50.000000 36.083811 23.855260 14.391016 7.912488 3.968615 1.820317 0.766536 0.298153 0.108382 0.037905 0.013790 0.006152 0.003903 0.003285 0.003126 0.003087 0.003078 0.003077 0.003076 0.003076 0.003076 0.003076 0.003076 0.003076 0.003076 0.003076 0.003076 0.003076 0.003076 0.003076 0.003076 0.003076 0.003076 0.003076 0.003076 0.003076 0.003076 0.003076 0.003075 0.003073 0.003065 0.003045 0.002997 0.002890 0.002677 0.002301 0.001716 0.000924 0.000000 
50.000000 36.085952 23.859279 14.396483 7.918940 3.975664 1.827687 0.774063 0.305749 0.116006 0.045539 0.021427 0.013790 0.011541 0.010923 0.010764 0.010726 0.010717 0.010715 0.010715 0.010715 0.010715 0.010715 0.010715 0.010715 0.010715 0.010715 0.010715 0.010715 0.010715 0.010715 0.010715 0.010715 0.010715 0.010715 0.010715 0.010715 0.010714 0.010714 0.010711 0.010703 0.010678 0.010611 0.010448 0.010082 0.009351 0.008050 0.006014 0.003243 0.000000 
50.000000 36.092705 23.871956 14.413730 7.939301 3.997909 1.850952 0.797824 0.329729 0.140074 0.069639 0.045539 0.037905 0.035657 0.035040 0.034881 0.034842 0.034833 0.034831 0.034831 0.034831 0.034831 0.034831 0.034831 0.034831 0.034831 0.034831 0.034831 0.034831 0.034831 0.034831 0.034831 0.034831 0.034831 0.034831 0.034831 0.034831 0.034830 0.034828 0.034820 0.034794 0.034717 0.034509 0.033994 0.032838 0.030504 0.026315 0.019704 0.010647 0.000000 
50.000000 36.112420 23.908972 14.464101 7.998779 4.062904 1.918935 0.867263 0.399810 0.210414 0.140074 0.116006 0.108382 0.106137 0.105521 0.105362 0.105323 0.105315 0.105313 0.105312 0.105312 0.105312 0.105312 0.105312 0.105312 0.105312 0.105312 0.105312 0.105312 0.105312 0.105312 0.105312 0.105312 0.105312 0.105312 0.105312 0.105312 0.105310 0.105303 0.105280 0.105207 0.104988 0.104391 0.102900 0.099519 0.092628 0.080125 0.060182 0.032602 0.000000 
50.000000 36.165458 24.008565 14.599646 8.158858 4.237859 2.101956 1.054220 0.588507 0.399810 0.329729 0.305749 0.298153 0.295916 0.295302 0.295143 0.295105 0.295096 0.295094 0.295094 0.295094 0.295094 0.295094 0.295094 0.295094 0.295094 0.295094 0.295094 0.295094 0.295094 0.295094 0.295094 0.295094 0.295094 0.295094 0.295094 0.295092 0.295088 0.295071 0.295012 0.294822 0.294253 0.292686 0.288733 0.279672 0.260965 0.226550 0.170873 0.092902 0.000000 
50.000000 36.296249 24.254184 14.933987 8.553784 4.669554 2.553606 1.515619 1.054220 0.867263 0.797824 0.774063 0.766536 0.764319 0.763710 0.763553 0.763515 0.763507 0.763505 0.763504 0.763504 0.763504 0.763504 0.763504 0.763504 0.763504 0.763504 0.763504 0.763504 0.763504 0.763504 0.763504 0.763504 0.763504 0.763504 0.763503 0.763501 0.763490 0.763451 0.763315 0.762871 0.761534 0.757810 0.748304 0.726211 0.679857 0.593033 0.449883 0.245885 0.000000 
50.000000 36.590261 24.806389 15.685769 9.441937 5.640537 3.569588 2.553606 2.101956 1.918935 1.850952 1.827687 1.820317 1.818146 1.817549 1.817396 1.817358 1.817350 1.817348 1.817348 1.817348 1.817348 1.817348 1.817348 1.817348 1.817348 1.817348 1.817348 1.817348 1.817348 1.817348 1.817348 1.817348 1.817348 1.817347 1.817346 1.817341 1.817319 1.817239 1.816958 1.816035 1.813222 1.805302 1.784794 1.736298 1.632449 1.433281 1.096328 0.603979 0.000000 
50.000000 37.189201 25.931405 17.217599 11.251904 7.619563 5.640537 4.669554 4.237859 4.062904 3.997909 3.975664 3.968615 3.966539 3.965968 3.965821 3.965786 3.965778 3.965776 3.965776 3.965776 3.965776 3.965776 3.965776 3.965776 3.965776 3.965776 3.965776 3.965776 3.965776 3.965776 3.965776 3.965776 3.965775 3.965775 3.965773 3.965763 3.965725 3.965581 3.965072 3.963384 3.958187 3.943343 3.904239 3.809781 3.602171 3.191363 2.470980 1.378629 0.000000 
50.000000 38.288004 27.995519 20.028449 14.573561 11.251904 9.441937 8.553784 8.158858 7.998779 7.939301 7.918940 7.912488 7.910587 7.910064 7.909930 7.909897 7.909890 7.909888 7.909888 7.909888 7.909888 7.909888 7.909888 7.909888 7.909888 7.909888 7.909888 7.909888 7.909888 7.909888 7.909888 7.909888 7.909887 7.909887 7.909883 7.909869 7.909811 7.909589 7.908797 7.906151 7.897892 7.873926 7.809489 7.649733 7.286780 6.538039 5.156700 2.939420 0.000000 
50.000000 40.091963 31.384522 24.643971 20.028449 17.217599 15.685769 14.933987 14.599646 14.464101 14.413730 14.396483 14.391016 14.389405 14.388962 14.388848 14.388821 14.388814 14.388813 14.388813 14.388813 14.388813 14.388813 14.388813 14.388813 14.388813 14.388813 14.388813 14.388813 14.388813 14.388813 14.388813 14.388813 14.388812 14.388811 14.388807 14.388789 14.388715 14.388433 14.387415 14.383976 14.373096 14.340954 14.252488 14.026236 13.490410 12.321985 10.003247 5.927506 0.000000 
50.000000 42.726116 36.333451 31.384522 27.995519 25.931405 24.806389 24.254184 24.008565 23.908972 23.871956 23.859279 23.855260 23.854076 23.853750 23.853666 23.853646 23.853641 23.853640 23.853640 23.853640 23.853640 23.853640 23.853640 23.853640 23.853640 23.853640 23.853640 23.853640 23.853640 23.853640 23.853640 23.853640 23.853640 23.853639 23.853635 23.853617 23.853544 23.853265 23.852251 23.848790 23.837692 23.804301 23.710061 23.460425 22.838819 21.381274 18.166726 11.597552 0.000000 
50.000000 46.128585 42.726116 40.091963 38.288004 37.189201 36.590261 36.296249 36.165458 36.112420 36.092705 36.085952 36.083811 36.083180 36.083006 36.082962 36.082951 36.082948 36.082948 36.082948 36.082948 36.082948 36.082948 36.082948 36.082948 36.082948 36.082948 36.082948 36.082948 36.082948 36.082948 36.082948 36.082948 36.082947 36.082947 36.082944 36.082933 36.082887 36.082709 36.082058 36.079818 36.072556 36.050363 35.986283 35.810572 35.348584 34.164457 31.128564 23.064293 0.000000 
50.000000 50.000000 50.000000 50.000000 50.000000 50.000000 50.000000 50.000000 50.000000 50.000000 50.000000 50.000000 50.000000 50.000000 50.000000 50.000000 50.000000 50.000000 50.000000 50.000000 50.000000 50.000000 50.000000 50.000000 50.000000 50.000000 50.000000 50.000000 50.000000 50.000000 50.000000 50.000000 50.000000 50.000000 50.000000 50.000000 50.000000 50.000000 50.000000 50.000000 50.000000 50.000000 50.000000 50.000000 50.000000 50.000000 50.000000 50.000000 50.000000 50.000000 
