50.000000 50.000000 50.000000 50.000000 50.000000 50.000000 50.000000 50.000000 50.000000 50.000000 50.000000 50.000000 50.000000 50.000000 50.000000 50.000000 50.000000 50.000000 50.000000 50.000000 50.000000 50.000000 50.000000 50.000000 50.000000 50.000000 50.000000 50.000000 50.000000 50.000000 50.000000 50.000000 50.000000 50.000000 50.000000 50.000000 50.000000 50.000000 50.000000 50.000000 50.000000 50.000000 50.000000 50.000000 50.000000 50.000000 50.000000 50.000000 50.000000 50.000000 
50.000000 45.824421 42.194098 39.441880 37.612860 36.540186 35.980908 35.719734 35.609712 35.567619 35.552904 35.548177 35.546774 35.546388 35.546289 35.546265 35.546260 35.546258 35.546258 35.546258 35.546258 35.546258 35.546258 35.546258 35.546258 35.546258 35.546258 35.546258 35.546258 35.546258 35.546258 35.546258 35.546258 35.546258 35.546258 35.546256 35.546250 35.546223 35.546112 35.545678 35.544089 35.538629 35.521001 35.467448 35.313695 34.892852 33.777509 30.843519 22.912211 0.000000 
50.000000 42.194098 35.407683 30.263031 26.844337 24.839541 23.794378 23.306363 23.100807 23.022177 22.994692 22.985864 22.983245 22.982523 22.982339 22.982294 22.982284 22.982282 22.982282 22.982282 22.982282 22.982282 22.982282 22.982282 22.982282 22.982282 22.982282 22.982282 22.982282 22.982282 22.982282 22.982282 22.982281 22.982281 22.982281 22.982279 22.982269 22.982228 22.982056 22.981393 22.978987 22.970810 22.944821 22.867658 22.653649 22.098821 20.752938 17.703842 11.350579 0.000000 
50.000000 39.441880 30.263031 23.305206 18.682095 15.971345 14.558353 13.898698 13.620895 13.514649 13.477519 13.465595 13.462058 13.461085 13.460835 13.460775 13.460762 13.460759 13.460758 13.460758 13.460758 13.460758 13.460758 13.460758 13.460758 13.460758 13.460758 13.460758 13.460758 13.460758 13.460758 13.460758 13.460758 13.460758 13.460757 13.460755 13.460746 13.460705 13.460537 13.459891 13.457572 13.449795 13.425522 13.355217 13.166873 12.702127 11.652603 9.510093 5.664370 0.000000 
50.000000 37.612860 26.844337 18.682095 13.259283 10.080050 8.423115 7.649709 7.324063 7.199545 7.156038 7.142070 7.137927 7.136787 7.136495 7.136425 7.136409 7.136406 7.136405 7.136405 7.136405 7.136405 7.136405 7.136405 7.136405 7.136405 7.136405 7.136405 7.136405 7.136405 7.136405 7.136405 7.136405 7.136405 7.136405 7.136403 7.136396 7.136365 7.136238 7.135755 7.134038 7.128357 7.110932 7.061601 6.933398 6.629642 5.979968 4.745515 2.720008 0.000000 
50.000000 36.540186 24.839541 15.971345 10.080050 6.626554 4.826922 3.987035 3.633455 3.498279 3.451057 3.435899 3.431404 3.430168 3.429851 3.429775 3.429758 3.429754 3.429753 3.429753 3.429753 3.429753 3.429753 3.429753 3.429753 3.429753 3.429753 3.429753 3.429753 3.429753 3.429753 3.429753 3.429753 3.429753 3.429753 3.429752 3.429748 3.429728 3.429649 3.429352 3.428307 3.424888 3.414562 3.385903 3.313277 3.146651 2.804472 2.185891 1.226491 0.000000 
50.000000 35.980908 23.794378 14.558353 8.423115 4.826922 2.953115 2.078707 1.710638 1.569940 1.520796 1.505023 1.500347 1.499060 1.498731 1.498652 1.498634 1.498630 1.498629 1.498629 1.498629 1.498629 1.498629 1.498629 1.498629 1.498629 1.498629 1.498629 1.498629 1.498629 1.498629 1.498629 1.498629 1.498629 1.498629 1.498629 1.498626 1.498616 1.498574 1.498418 1.497874 1.496115 1.490872 1.476558 1.441019 1.361514 1.203137 0.926721 0.513460 0.000000 
50.000000 35.719734 23.306363 13.898698 7.649709 3.987035 2.078707 1.188250 0.813455 0.670197 0.620163 0.604106 0.599346 0.598036 0.597701 0.597620 0.597602 0.597599 0.597598 0.597598 0.597598 0.597598 0.597598 0.597598 0.597598 0.597598 0.597598 0.597598 0.597598 0.597598 0.597598 0.597598 0.597598 0.597598 0.597598 0.597597 0.597596 0.597591 0.597572 0.597501 0.597254 0.596461 0.594125 0.587835 0.572473 0.538777 0.473175 0.361542 0.198733 0.000000 
50.000000 35.609712 23.100807 13.620895 7.324063 3.633455 1.710638 0.813455 0.435843 0.291516 0.241110 0.224934 0.220139 0.218821 0.218483 0.218402 0.218384 0.218380 0.218379 0.218379 0.218379 0.218379 0.218379 0.218379 0.218379 0.218379 0.218379 0.218379 0.218379 0.218379 0.218379 0.218379 0.218379 0.218379 0.218379 0.218379 0.218378 0.218376 0.218368 0.218339 0.218239 0.217922 0.216994 0.214523 0.208568 0.195706 0.171100 0.129997 0.071083 0.000000 
50.000000 35.567619 23.022177 13.514649 7.199545 3.498279 1.569940 0.670197 0.291516 0.146782 0.096236 0.080015 0.075207 0.073885 0.073546 0.073465 0.073447 0.073443 0.073442 0.073442 0.073442 0.073442 0.073442 0.073442 0.073442 0.073442 0.073442 0.073442 0.073442 0.073442 0.073442 0.073442 0.073442 0.073442 0.073442 0.073442 0.073442 0.073441 0.073438 0.073428 0.073391 0.073276 0.072944 0.072066 0.069973 0.065507 0.057077 0.043189 0.023530 0.000000 
50.000000 35.552904 22.994692 13.477519 7.156038 3.451057 1.520796 0.620163 0.241110 0.096236 0.045642 0.029405 0.024593 0.023269 0.022930 0.022849 0.022830 0.022827 0.022826 0.022826 0.022826 0.022826 0.022826 0.022826 0.022826 0.022826 0.022826 0.022826 0.022826 0.022826 0.022826 0.022826 0.022826 0.022826 0.022826 0.022826 0.022826 0.022825 0.022824 0.022821 0.022809 0.022771 0.022662 0.022378 0.021705 0.020283 0.017628 0.013299 0.007227 0.000000 
50.000000 35.548177 22.985864 13.465595 7.142070 3.435899 1.505023 0.604106 0.224934 0.080015 0.029405 0.013164 0.008350 0.007026 0.006687 0.006605 0.006587 0.006583 0.006582 0.006582 0.006582 0.006582 0.006582 0.006582 0.006582 0.006582 0.006582 0.006582 0.006582 0.006582 0.006582 0.006582 0.006582 0.006582 0.006582 0.006582 0.006582 0.006582 0.006582 0.006581 0.006577 0.006566 0.006533 0.006448 0.006249 0.005832 0.005058 0.003807 0.002065 0.000000 
50.000000 35.546774 22.983245 13.462058 7.137927 3.431404 1.500347 0.599346 0.220139 0.075207 0.024593 0.008350 0.003536 0.002212 0.001872 0.001791 0.001773 0.001769 0.001768 0.001768 0.001768 0.001768 0.001768 0.001768 0.001768 0.001768 0.001768 0.001768 0.001768 0.001768 0.001768 0.001768 0.001768 0.001768 0.001768 0.001768 0.001768 0.001768 0.001768 0.001767 0.001766 0.001763 0.001754 0.001731 0.001676 0.001563 0.001353 0.001017 0.000551 0.000000 
50.000000 35.546388 22.982523 13.461085 7.136787 3.430168 1.499060 0.598036 0.218821 0.073885 0.023269 0.007026 0.002212 0.000888 0.000548 0.000467 0.000449 0.000445 0.000444 0.000444 0.000444 0.000444 0.000444 0.000444 0.000444 0.000444 0.000444 0.000444 0.000444 0.000444 0.000444 0.000444 0.000444 0.000444 0.000444 0.000444 0.000444 0.000444 0.000444 0.000444 0.000443 0.000443 0.000440 0.000434 0.000420 0.000391 0.000339 0.000254 0.000137 0.000000 
50.000000 35.546289 22.982339 13.460835 7.136495 3.429851 1.498731 0.597701 0.218483 0.073546 0.022930 0.006687 0.001872 0.000548 0.000209 0.000128 0.000109 0.000105 0.000105 0.000104 0.000104 0.000104 0.000104 0.000104 0.000104 0.000104 0.000104 0.000104 0.000104 0.000104 0.000104 0.000104 0.000104 0.000104 0.000104 0.000104 0.000104 0.000104 0.000104 0.000104 0.000104 0.000104 0.000104 0.000102 0.000099 0.000092 0.000080 0.000060 0.000032 0.000000 
50.000000 35.546265 22.982294 13.460775 7.136425 3.429775 1.498652 0.597620 0.218402 0.073465 0.022849 0.006605 0.001791 0.000467 0.000128 0.000046 0.000028 0.000024 0.000023 0.000023 0.000023 0.000023 0.000023 0.000023 0.000023 0.000023 0.000023 0.000023 0.000023 0.000023 0.000023 0.000023 0.000023 0.000023 0.000023 0.000023 0.000023 0.000023 0.000023 0.000023 0.000023 0.000023 0.000023 0.000023 0.000022 0.000020 0.000018 0.000013 0.000007 0.000000 
50.000000 35.546260 22.982284 13.460762 7.136409 3.429758 1.498634 0.597602 0.218384 0.073447 0.022830 0.006587 0.001773 0.000449 0.000109 0.000028 0.000010 0.000006 0.000005 0.000005 0.000005 0.000005 0.000005 0.000005 0.000005 0.000005 0.000005 0.000005 0.000005 0.000005 0.000005 0.000005 0.000005 0.000005 0.000005 0.000005 0.000005 0.000005 0.000005 0.000005 0.000005 0.000005 0.000005 0.000005 0.000005 0.000004 0.000004 0.000003 0.000001 0.000000 
50.000000 35.546258 22.982282 13.460759 7.136406 3.429754 1.498630 0.597599 0.218380 0.073443 0.022827 0.006583 0.001769 0.000445 0.000105 0.000024 0.000006 0.000002 0.000001 0.000001 0.000001 0.000001 0.000001 0.000001 0.000001 0.000001 0.000001 0.000001 0.000001 0.000001 0.000001 0.000001 0.000001 0.000001 0.000001 0.000001 0.000001 0.000001 0.000001 0.000001 0.000001 0.000001 0.000001 0.000001 0.000001 0.000001 0.000001 0.000001 0.000000 0.000000 
50.000000 35.546258 22.982282 13.460758 7.136405 3.429753 1.498629 0.597598 0.218379 0.073442 0.022826 0.006582 0.001768 0.000444 0.000105 0.000023 0.000005 0.000001 0.000000 0.000000 0.000000 0.000000 0.000000 0.000000 0.000000 0.000000 0.000000 0.000000 0.000000 0.000000 0.000000 0.000000 0.000000 0.000000 0.000000 0.000000 0.000000 0.000000 0.000000 0.000000 0.000000 0.000000 0.000000 0.000000 0.000000 0.000000 0.000000 0.000000 0.000000 0.000000 
50.000000 35.546258 22.982282 13.460758 7.136405 3.429753 1.498629 0.597598 0.218379 0.073442 0.022826 0.006582 0.001768 0.000444 0.000104 0.000023 0.000005 0.000001 0.000000 0.000000 0.000000 0.000000 0.000000 0.000000 0.000000 0.000000 0.000000 0.000000 0.000000 0.000000 0.000000 0.000000 0.000000 0.000000 0.000000 0.000000 0.000000 0.000000 0.000000 0.000000 0.000000 0.000000 0.000000 0.000000 0.000000 0.000000 0.000000 0.000000 0.000000 0.000000 
50.000000 35.546258 22.982282 13.460758 7.136405 3.429753 1.498629 0.597598 0.218379 0.073442 0.022826 0.006582 0.001768 0.000444 0.000104 0.000023 0.000005 0.000001 0.000000 0.000000 0.000000 0.000000 0.000000 0.000000 0.000000 0.000000 0.000000 0.000000 0.000000 0.000000 0.000000 0.000000 0.000000 0.000000 0.000000 0.000000 0.000000 0.000000 0.000000 0.000000 0.000000 0.000000 0.000000 0.000000 0.000000 0.000000 0.000000 0.000000 0.000000 0.000000 
50.000000 35.546258 22.982282 13.460758 7.136405 3.429753 1.498629 0.597598 0.218379 0.073442 0.022826 0.006582 0.001768 0.000444 0.000104 0.000023 0.000005 0.000001 0.000000 0.000000 0.000000 0.000000 0.000000 0.000000 0.000000 0.000000 0.000000 0.000000 0.000000 0.000000 0.000000 0.000000 0.000000 0.000000 0.000000 0.000000 0.000000 0.000000 0.000000 0.000000 0.000000 0.000000 0.000000 0.000000 0.000000 0.000000 0.000000 0.000000 0.000000 0.000000 
50.000000 35.546258 22.982282 13.460758 7.136405 3.429753 1.498629 0.597598 0.218379 0.073442 0.022826 0.006582 0.001768 0.000444 0.000104 0.000023 0.000005 0.000001 0.000000 0.000000 0.000000 0.000000 0.000000 0.000000 0.000000 0.000000 0.000000 0.000000 0.000000 0.000000 0.000000 0.000000 0.000000 0.000000 0.000000 0.000000 0.000000 0.000000 0.000000 0.000000 0.000000 0.000000 0.000000 0.000000 0.000000 0.000000 0.000000 0.000000 0.000000 0.000000 
50.000000 35.546258 22.982282 13.460758 7.136405 3.429753 1.498629 0.597598 0.218379 0.073442 0.022826 0.006582 0.001768 0.000444 0.000104 0.000023 0.000005 0.000001 0.000000 0.000000 0.000000 0.000000 0.000000 0.000000 0.000000 0.000000 0.000000 0.000000 0.000000 0.000000 0.000000 0.000000 0.000000 0.000000 0.000000 0.000000 0.000000 0.000000 0.000000 0.000000 0.000000 0.000000 0.000000 0.000000 0.000000 0.000000 0.000000 0.000000 0.000000 0.000000 
50.000000 35.546258 22.982282 13.460758 7.136405 3.429753 1.498629 0.597598 0.218379 0.073442 0.022826 0.006582 0.001768 0.000444 0.000104 0.000023 0.000005 0.000001 0.000000 0.000000 0.000000 0.000000 0.000000 0.000000 0.000000 0.000000 0.000000 0.000000 0.000000 0.000000 0.000000 0.000000 0.000000 0.000000 0.000000 0.000000 0.000000 0.000000 0.000000 0.000000 0.000000 0.000000 0.000000 0.000000 0.000000 0.000000 0.000000 0.000000 0.000000 0.000000 
50.000000 35.546258 22.982282 13.460758 7.136405 3.429753 1.498629 0.597598 0.218379 0.073442 0.022826 0.006582 0.001768 0.000444 0.000104 0.000023 0.000005 0.000001 0.000000 0.000000 0.000000 0.000000 0.000000 0.000000 0.000000 0.000000 0.000000 0.000000 0.000000 0.000000 0.000000 0.000000 0.000000 0.000000 0.000000 0.000000 0.000000 0.000000 0.000000 0.000000 0.000000 0.000000 0.000000 0.000000 0.000000 0.000000 0.000000 0.000000 0.000000 0.000000 
50.000000 35.546258 22.982282 13.460758 7.136405 3.429753 1.498629 0.597598 0.218379 0.073442 0.022826 0.006582 0.001768 0.000444 0.000104 0.000023 0.000005 0.000001 0.000000 0.000000 0.000000 0.000000 0.000000 0.000000 0.000000 0.000000 0.000000 0.000000 0.000000 0.000000 0.000000 0.000000 0.000000 0.000000 0.000000 0.000000 0.000000 0.000000 0.000000 0.000000 0.000000 0.000000 0.000000 0.000000 0.000000 0.000000 0.000000 0.000000 0.000000 0.000000 
50.000000 35.546258 22.982282 13.460758 7.136405 3.429753 1.498629 0.597598 0.218379 0.073442 0.022826 0.006582 0.001768 0.000444 0.000104 0.000023 0.000005 0.000001 0.000000 0.000000 0.000000 0.000000 0.000000 0.000000 0.000000 0.000000 0.000000 0.000000 0.000000 0.000000 0.000000 0.000000 0.000000 0.000000 0.000000 0.000000 0.000000 0.000000 0.000000 0.000000 0.000000 0.000000 0.000000 0.000000 0.000000 0.000000 0.000000 0.000000 0.000000 0.000000 
50.000000 35.546258 22.982282 13.460758 7.136405 3.429753 1.498629 0.597598 0.218379 0.073442 0.022826 0.006582 0.001768 0.000444 0.000104 0.000023 0.000005 0.000001 0.000000 0.000000 0.000000 0.000000 0.000000 0.000000 0.000000 0.000000 0.000000 0.000000 0.000000 0.000000 0.000000 0.000000 0.000000 0.000000 0.000000 0.000000 0.000000 0.000000 0.000000 0.000000 0.000000 0.000000 0.000000 0.000000 0.000000 0.000000 0.000000 0.000000 0.000000 0.000000 
50.000000 35.546258 22.982282 13.460758 7.136405 3.429753 1.498629 0.597598 0.218379 0.073442 0.022826 0.006582 0.001768 0.000444 0.000104 0.000023 0.000005 0.000001 0.000000 0.000000 0.000000 0.000000 0.000000 0.000000 0.000000 0.000000 0.000000 0.000000 0.000000 0.000000 0.000000 0.000000 0.000000 0.000000 0.000000 0.000000 0.000000 0.000000 0.000000 0.000000 0.000000 0.000000 0.000000 0.000000 0.000000 0.000000 0.000000 0.000000 0.000000 0.000000 
50.000000 35.546258 22.982282 13.460758 7.136405 3.429753 1.498629 0.597598 0.218379 0.073442 0.022826 0.006582 0.001768 0.000444 0.000104 0.000023 0.000005 0.000001 0.000000 0.000000 0.000000 0.000000 0.000000 0.000000 0.000000 0.000000 0.000000 0.000000 0.000000 0.000000 0.000000 0.000000 0.000000 0.000000 0.000000 0.000000 0.000000 0.000000 0.000000 0.000000 0.000000 0.000000 0.000000 0.000000 0.000000 0.000000 0.000000 0.000000 0.000000 0.000000 
50.000000 35.546258 22.982282 13.460758 7.136405 3.429753 1.498629 0.597598 0.218379 0.073442 0.022826 0.006582 0.001768 0.000444 0.000105 0.000023 0.000005 0.000001 0.000000 0.000000 0.000000 0.000000 0.000000 0.000000 0.000000 0.000000 0.000000 0.000000 0.000000 0.000000 0.000000 0.000000 0.000000 0.000000 0.000000 0.000000 0.000000 0.000000 0.000000 0.000000 0.000000 0.000000 0.000000 0.000000 0.000000 0.000000 0.000000 0.000000 0.000000 0.000000 
50.000000 35.546258 22.982282 13.460759 7.136406 3.429754 1.498630 0.597599 0.218380 0.073443 0.022827 0.006583 0.001769 0.000445 0.000105 0.000024 0.000006 0.000002 0.000001 0.000001 0.000001 0.000001 0.000001 0.000001 0.000001 0.000001 0.000001 0.000001 0.000001 0.000001 0.000001 0.000001 0.000001 0.000001 0.000001 0.000001 0.000001 0.000001 0.000001 0.000001 0.000001 0.000001 0.000001 0.000001 0.000001 0.000001 0.000001 0.000001 0.000000 0.000000 
50.000000 35.546260 22.982284 13.460762 7.136409 3.429758 1.498634 0.597602 0.218384 0.073447 0.022830 0.006587 0.001773 0.000449 0.000109 0.000028 0.000010 0.000006 0.000005 0.000005 0.000005 0.000005 0.000005 0.000005 0.000005 0.000005 0.000005 0.000005 0.000005 0.000005 0.000005 0.000005 0.000005 0.000005 0.000005 0.000005 0.000005 0.000005 0.000005 0.000005 0.000005 0.000005 0.000005 0.000005 0.000005 0.000004 0.000004 0.000003 0.000001 0.000000 
50.000000 35.546265 22.982294 13.460775 7.136425 3.429775 1.498652 0.597620 0.218402 0.073465 0.022849 0.006605 0.001791 0.000467 0.000128 0.000046 0.000028 0.000024 0.000023 0.000023 0.000023 0.000023 0.000023 0.000023 0.000023 0.000023 0.000023 0.000023 0.000023 0.000023 0.000023 0.000023 0.000023 0.000023 0.000023 0.000023 0.000023 0.000023 0.000023 0.000023 0.000023 0.000023 0.000023 0.000023 0.000022 0.000020 0.000018 0.000013 0.000007 0.000000 
50.000000 35.546289 22.982339 13.460835 7.136495 3.429851 1.498731 0.597701 0.218483 0.073546 0.022930 0.006687 0.001872 0.000548 0.000209 0.000128 0.000109 0.000105 0.000105 0.000104 0.000104 0.000104 0.000104 0.000104 0.000104 0.000104 0.000104 0.000104 0.000104 0.000104 0.000104 0.000104 0.000104 0.000104 0.000104 0.000104 0.000104 0.000104 0.000104 0.000104 0.000104 0.000104 0.000104 0.000102 0.000099 0.000092 0.000080 0.000060 0.000032 0.000000 
50.000000 35.546388 22.982523 13.461085 7.136787 3.430168 1.499060 0.598036 0.218821 0.073885 0.023269 0.007026 0.002212 0.000888 0.000548 0.000467 0.000449 0.000445 0.000444 0.000444 0.000444 0.000444 0.000444 0.000444 0.000444 0.000444 0.000444 0.000444 0.000444 0.000444 0.000444 0.000444 0.000444 0.000444 0.000444 0.000444 0.000444 0.000444 0.000444 0.000444 0.000443 0.000443 0.000440 0.000434 0.000420 0.000391 0.000339 0.000254 0.000137 0.000000 
50.000000 35.546774 22.983245 13.462058 7.137927 3.431404 1.500347 0.599346 0.220139 0.075207 0.024593 0.008350 0.003536 0.002212 0.001872 0.001791 0.001773 0.001769 0.001768 0.001768 0.001768 0.001768 0.001768 0.001768 0.001768 0.001768 0.001768 0.001768 0.001768 0.001768 0.001768 0.001768 0.001768 0.001768 0.001768 0.001768 0.001768 0.001768 0.001768 0.001767 0.001766 0.001763 0.001754 0.001731 0.001676 0.001563 0.001353 0.001017 0.000551 0.000000 
50.000000 35.548177 22.985864 13.465595 7.142070 3.435899 1.505023 0.604106 0.224934 0.080015 0.029405 0.013164 0.008350 0.007026 0.006687 0.006605 0.006587 0.006583 0.006582 0.006582 0.006582 0.006582 0.006582 0.006582 0.006582 0.006582 0.006582 0.006582 0.006582 0.006582 0.006582 0.006582 0.006582 0.006582 0.006582 0.006582 0.006582 0.006582 0.006582 0.006581 0.006577 0.006566 0.006533 0.006448 0.006249 0.005832 0.005058 0.003807 0.002065 0.000000 
50.000000 35.552904 22.994692 13.477519 7.156038 3.451057 1.520796 0.620163 0.241110 0.096236 0.045642 0.029405 0.024593 0.023269 0.022930 0.022849 0.022830 0.022827 0.022826 0.022826 0.022826 0.022826 0.022826 0.022826 0.022826 0.022826 0.022826 0.022826 0.022826 0.022826 0.022826 0.022826 0.022826 0.022826 0.022826 0.022826 0.022826 0.022825 0.022824 0.022821 0.022809 0.022771 0.022662 0.022378 0.021705 0.020283 0.017628 0.013299 0.007227 0.000000 
50.000000 35.567619 23.022177 13.514649 7.199545 3.498279 1.569940 0.670197 0.291516 0.146782 0.096236 0.080015 0.075207 0.073885 0.073546 0.073465 0.073447 0.073443 0.073442 0.073442 0.073442 0.073442 0.073442 0.073442 0.073442 0.073442 0.073442 0.073442 0.073442 0.073442 0.073442 0.073442 0.073442 0.073442 0.073442 0.073442 0.073442 0.073441 0.073438 0.073428 0.073391 0.073276 0.072944 0.072066 0.069973 0.065507 0.057077 0.043189 0.023530 0.000000 
50.000000 35.609712 23.100807 13.620895 7.324063 3.633455 1.710638 0.813455 0.435843 0.291516 0.241110 0.224934 0.220139 0.218821 0.218483 0.218402 0.218384 0.218380 0.218379 0.218379 0.218379 0.218379 0.218379 0.218379 0.218379 0.218379 0.218379 0.218379 0.218379 0.218379 0.218379 0.218379 0.218379 0.218379 0.218379 0.218379 0.218378 0.218376 0.218368 0.218339 0.218239 0.217922 0.216994 0.214523 0.208568 0.195706 0.171100 0.129997 0.071083 0.000000 
50.000000 35.719734 23.306363 13.898698 7.649709 3.987035 2.078707 1.188250 0.813455 0.670197 0.620163 0.604106 0.599346 0.598036 0.597701 0.597620 0.597602 0.597599 0.597598 0.597598 0.597598 0.597598 0.597598 0.597598 0.597598 0.597598 0.597598 0.597598 0.597598 0.597598 0.597598 0.597598 0.597598 0.597598 0.597598 0.597597 0.597596 0.597591 0.597572 0.597501 0.597254 0.596461 0.594125 0.587835 0.572473 0.538777 0.473175 0.361542 0.198733 0.000000 
50.000000 35.980908 23.794378 14.558353 8.423115 4.826922 2.953115 2.078707 1.710638 1.569940 1.520796 1.505023 1.500347 1.499060 1.498731 1.498652 1.498634 1.498630 1.498629 1.498629 1.498629 1.498629 1.498629 1.498629 1.498629 1.498629 1.498629 1.498629 1.498629 1.498629 1.498629 1.498629 1.498629 1.498629 1.498629 1.498629 1.498626 1.498616 1.498574 1.498418 1.497874 1.496115 1.490872 1.476558 1.441019 1.361514 1.203137 0.926721 0.513460 0.000000 
50.000000 36.540186 24.839541 15.971345 10.080050 6.626554 4.826922 3.987035 3.633455 3.498279 3.451057 3.435899 3.431404 3.430168 3.429851 3.429775 3.429758 3.429754 3.429753 3.429753 3.429753 3.429753 3.429753 3.429753 3.429753 3.429753 3.429753 3.429753 3.429753 3.429753 3.429753 3.429753 3.429753 3.429753 3.429753 3.429752 3.429748 3.429728 3.429649 3.429352 3.428307 3.424888 3.414562 3.385903 3.313277 3.146651 2.804472 2.185891 1.226491 0.000000 
50.000000 37.612860 26.844337 18.682095 13.259283 10.080050 8.423115 7.649709 7.324063 7.199545 7.156038 7.142070 7.137927 7.136787 7.136495 7.136425 7.136409 7.136406 7.136405 7.136405 7.136405 7.136405 7.136405 7.136405 7.136405 7.136405 7.136405 7.136405 7.136405 7.136405 7.136405 7.136405 7.136405 7.136405 7.136405 7.136403 7.136396 7.136365 7.136238 7.135755 7.134038 7.128357 7.110932 7.061601 6.933398 6.629642 5.979968 4.745515 2.720008 0.000000 
50.000000 39.441880 30.263031 23.305206 18.682095 15.971345 14.558353 13.898698 13.620895 13.514649 13.477519 13.465595 13.462058 13.461085 13.460835 13.460775 13.460762 13.460759 13.460758 13.460758 13.460758 13.460758 13.460758 13.460758 13.460758 13.460758 13.460758 13.460758 13.460758 13.460758 13.460758 13.460758 13.460758 13.460758 13.460757 13.460755 13.460746 13.460705 13.460537 13.459891 13.457572 13.449795 13.425522 13.355217 13.166873 12.702127 11.652603 9.510093 5.664370 0.000000 
50.000000 42.194098 35.407683 30.263031 26.844337 24.839541 23.794378 23.306363 23.100807 23.022177 22.994692 22.985864 22.983245 22.982523 22.982339 22.982294 22.982284 22.982282 22.982282 22.982282 22.982282 22.982282 22.982282 22.982282 22.982282 22.982282 22.982282 22.982282 22.982282 22.982282 22.982282 22.982282 22.982281 22.982281 22.982281 22.982279 22.982269 22.982228 22.982056 22.981393 22.978987 22.970810 22.944821 22.867658 22.653649 22.098821 20.752938 17.703842 11.350579 0.000000 
50.000000 45.824421 42.194098 39.441880 37.612860 36.540186 35.980908 35.719734 35.609712 35.567619 35.552904 35.548177 35.546774 35.546388 35.546289 35.546265 35.546260 35.546258 35.546258 35.546258 35.546258 35.546258 35.546258 35.546258 35.546258 35.546258 35.546258 35.546258 35.546258 35.546258 35.546258 35.546258 35.546258 35.546258 35.546258 35.546256 35.546250 35.546223 35.546112 35.545678 35.544089 35.538629 35.521001 35.467448 35.313695 34.892852 33.777509 30.843519 22.912211 0.000000 
50.000000 50.000000 50.000000 50.000000 50.000000 50.000000 50.000000 50.000000 50.000000 50.000000 50.000000 50.000000 50.000000 50.000000 50.000000 50.000000 50.000000 50.000000 50.000000 50.000000 50.000000 50.000000 50.000000 50.000000 50.000000 50.000000 50.000000 50.000000 50.000000 50.000000 50.000000 50.000000 50.000000 50.000000 50.000000 50.000000 50.000000 50.000000 50.000000 50.000000 50.000000 50.000000 50.000000 50.000000 50.000000 50.000000 50.000000 50.000000 50.000000 50.000000 
