50.000000 50.000000 50.000000 50.000000 50.000000 50.000000 50.000000 50.000000 50.000000 50.000000 50.000000 50.000000 50.000000 50.000000 50.000000 50.000000 50.000000 50.000000 50.000000 50.000000 50.000000 50.000000 50.000000 50.000000 50.000000 50.000000 50.000000 50.000000 50.000000 50.000000 50.000000 50.000000 50.000000 50.000000 50.000000 50.000000 50.000000 50.000000 50.000000 50.000000 50.000000 50.000000 50.000000 50.000000 50.000000 50.000000 50.000000 50.000000 50.000000 50.000000 
50.000000 48.801248 47.647602 46.579078 45.626478 44.808910 44.133270 43.595497 43.183105 42.878318 42.661134 42.511859 42.412853 42.349456 42.310245 42.286808 42.273262 42.265688 42.261589 42.259440 42.258349 42.257812 42.257555 42.257436 42.257382 42.257357 42.257344 42.257333 42.257314 42.257275 42.257190 42.257005 42.256616 42.255813 42.254201 42.251040 42.244987 42.233659 42.212904 42.175614 42.109741 41.994916 41.796403 41.453524 40.855491 39.785534 37.776678 33.695162 24.400624 0.000000 
50.000000 47.647602 45.383717 43.286878 41.417527 39.813163 38.487316 37.432015 36.622761 36.024667 35.598481 35.305557 35.111277 34.986874 34.909931 34.863941 34.837360 34.822499 34.814455 34.810239 34.808098 34.807043 34.806539 34.806305 34.806199 34.806151 34.806126 34.806104 34.806070 34.805997 34.805837 34.805493 34.804767 34.803273 34.800276 34.794412 34.783212 34.762315 34.724181 34.656024 34.536465 34.330073 33.978195 33.382977 32.378248 30.674540 27.754738 22.691859 13.952440 0.000000 
50.000000 46.579078 43.286878 40.237606 37.519158 35.186069 33.258011 31.723392 30.546582 29.676844 29.057097 28.631140 28.348628 28.167730 28.055846 27.988971 27.950321 27.928711 27.917015 27.910885 27.907771 27.906238 27.905505 27.905165 27.905011 27.904941 27.904905 27.904875 27.904828 27.904730 27.904517 27.904056 27.903087 27.901097 27.897115 27.889349 27.874573 27.847133 27.797365 27.709104 27.555851 27.294879 26.858185 26.138592 24.968635 23.090223 20.118803 15.532140 8.802400 0.000000 
50.000000 45.626478 41.417527 37.519158 34.043746 31.061012 28.596105 26.634199 25.129739 24.017856 23.225572 22.681035 22.319881 22.088630 21.945604 21.860117 21.810711 21.783087 21.768137 21.760301 21.756321 21.754362 21.753425 21.752991 21.752794 21.752705 21.752660 21.752624 21.752570 21.752458 21.752214 21.751691 21.750592 21.748342 21.743856 21.735141 21.718640 21.688184 21.633356 21.537037 21.371791 21.094743 20.640505 19.911968 18.769515 17.021873 14.428934 10.742986 5.840943 0.000000 
50.000000 44.808910 39.813163 35.186069 31.061012 27.520747 24.595120 22.266530 20.480899 19.161229 18.220896 17.574613 17.145982 16.871530 16.701788 16.600334 16.541700 16.508919 16.491177 16.481879 16.477156 16.474831 16.473719 16.473204 16.472971 16.472865 16.472813 16.472774 16.472718 16.472603 16.472354 16.471820 16.470702 16.468423 16.463896 16.455143 16.438663 16.408453 16.354521 16.260743 16.101897 15.839799 15.418647 14.760183 13.760374 12.291498 10.217434 7.434915 3.953419 0.000000 
50.000000 44.133270 38.487316 33.258011 28.596105 24.595120 21.288785 18.657201 16.639246 15.147894 14.085242 13.354900 12.870527 12.560388 12.368578 12.253936 12.187682 12.150640 12.130594 12.120088 12.114752 12.112124 12.110869 12.110287 12.110023 12.109905 12.109848 12.109808 12.109753 12.109644 12.109410 12.108910 12.107865 12.105744 12.101548 12.093477 12.078374 12.050888 12.002243 11.918538 11.778545 11.551097 11.192442 10.644392 9.834937 8.684137 7.119419 5.104339 2.679746 0.000000 
50.000000 43.595497 37.432015 31.723392 26.634199 22.266530 18.657201 15.784482 13.581644 11.953674 10.793691 9.996466 9.467744 9.129215 8.919849 8.794717 8.722402 8.681973 8.660094 8.648627 8.642804 8.639936 8.638566 8.637931 8.637644 8.637515 8.637455 8.637415 8.637365 8.637269 8.637063 8.636626 8.635717 8.633877 8.630255 8.623325 8.610437 8.587154 8.546302 8.476725 8.361763 8.177654 7.892241 7.464759 6.847882 5.993694 4.865207 3.453820 1.799093 0.000000 
50.000000 43.183105 36.622761 30.546582 25.129739 20.480899 16.639246 13.581644 11.237058 9.504351 8.269754 7.421262 6.858547 6.498258 6.275440 6.142269 6.065311 6.022286 5.999003 5.986801 5.980604 5.977552 5.976095 5.975419 5.975113 5.974978 5.974915 5.974877 5.974833 5.974753 5.974583 5.974224 5.973480 5.971980 5.969042 5.963449 5.953113 5.934574 5.902318 5.847911 5.759025 5.618529 5.403990 5.088149 4.641100 4.034996 3.251703 2.292688 1.188189 0.000000 
50.000000 42.878318 36.024667 29.676844 24.017856 19.161229 15.147894 11.953674 9.504351 7.694259 6.404539 5.518173 4.930350 4.553990 4.321236 4.182129 4.101742 4.056801 4.032482 4.019737 4.013264 4.010077 4.008555 4.007849 4.007530 4.007389 4.007325 4.007289 4.007253 4.007189 4.007056 4.006777 4.006201 4.005045 4.002790 3.998521 3.990680 3.976711 3.952599 3.912296 3.847130 3.745326 3.591911 3.369349 3.059332 2.646064 2.120992 1.488201 0.768577 0.000000 
50.000000 42.661134 35.598481 29.057097 23.225572 18.220896 14.085242 10.793691 8.269754 6.404539 5.075556 4.162216 3.556511 3.168708 2.928880 2.785548 2.702720 2.656416 2.631359 2.618227 2.611558 2.608275 2.606707 2.605979 2.605651 2.605507 2.605442 2.605409 2.605379 2.605330 2.605231 2.605025 2.604602 2.603755 2.602111 2.599015 2.593360 2.583352 2.566204 2.537778 2.492242 2.421843 2.316966 2.166704 1.960153 1.688536 1.347992 0.942457 0.485520 0.000000 
50.000000 42.511859 35.305557 28.631140 22.681035 17.574613 13.354900 9.996466 7.421262 5.518173 4.162216 3.230348 2.612361 2.216699 1.972014 1.825780 1.741277 1.694036 1.668473 1.655076 1.648273 1.644923 1.643324 1.642582 1.642247 1.642100 1.642036 1.642004 1.641979 1.641944 1.641874 1.641729 1.641432 1.640840 1.639698 1.637556 1.633665 1.626821 1.615174 1.596013 1.565574 1.518944 1.450164 1.352657 1.220091 1.047679 0.833774 0.581377 0.298956 0.000000 
50.000000 42.412853 35.111277 28.348628 22.319881 17.145982 12.870527 9.467744 6.858547 4.930350 3.556511 2.612361 1.986235 1.585364 1.337460 1.189304 1.103691 1.055831 1.029933 1.016360 1.009468 1.006075 1.004454 1.003702 1.003364 1.003215 1.003150 1.003120 1.003100 1.003075 1.003027 1.002929 1.002730 1.002336 1.001576 1.000159 0.997597 0.993117 0.985540 0.973160 0.953638 0.923973 0.880590 0.819639 0.737529 0.631697 0.501494 0.348962 0.179194 0.000000 
50.000000 42.349456 34.986874 28.167730 22.088630 16.871530 12.560388 9.129215 6.498258 4.553990 3.168708 2.216699 1.585364 1.181161 0.931198 0.781813 0.695491 0.647234 0.621121 0.607437 0.600488 0.597066 0.595432 0.594675 0.594333 0.594184 0.594119 0.594090 0.594074 0.594056 0.594024 0.593961 0.593833 0.593581 0.593097 0.592198 0.590580 0.587766 0.583034 0.575348 0.563310 0.545145 0.518777 0.482014 0.432867 0.369990 0.293157 0.203662 0.104469 0.000000 
50.000000 42.310245 34.909931 28.055846 21.945604 16.701788 12.368578 8.919849 6.275440 4.321236 2.928880 1.972014 1.337460 0.931198 0.679964 0.529820 0.443059 0.394557 0.368312 0.354559 0.347575 0.344136 0.342494 0.341732 0.341389 0.341239 0.341175 0.341147 0.341132 0.341119 0.341099 0.341060 0.340981 0.340826 0.340530 0.339982 0.339001 0.337301 0.334458 0.329866 0.322715 0.311991 0.296525 0.275101 0.246646 0.210464 0.166497 0.115519 0.059205 0.000000 
50.000000 42.286808 34.863941 27.988971 21.860117 16.600334 12.253936 8.794717 6.142269 4.182129 2.785548 1.825780 1.189304 0.781813 0.529820 0.379222 0.292200 0.243552 0.217228 0.203433 0.196428 0.192979 0.191332 0.190568 0.190225 0.190074 0.190010 0.189982 0.189969 0.189960 0.189947 0.189924 0.189877 0.189785 0.189611 0.189290 0.188717 0.187728 0.186082 0.183437 0.179339 0.173228 0.164462 0.152387 0.136437 0.116261 0.091855 0.063665 0.032607 0.000000 
50.000000 42.273262 34.837360 27.950321 21.810711 16.541700 12.187682 8.722402 6.065311 4.101742 2.702720 1.741277 1.103691 0.695491 0.443059 0.292200 0.205026 0.156294 0.129925 0.116106 0.109089 0.105634 0.103984 0.103219 0.102875 0.102724 0.102660 0.102633 0.102621 0.102614 0.102606 0.102592 0.102565 0.102513 0.102414 0.102233 0.101910 0.101356 0.100436 0.098966 0.096698 0.093331 0.088526 0.081938 0.073277 0.062369 0.049224 0.034088 0.017449 0.000000 
50.000000 42.265688 34.822499 27.928711 21.783087 16.508919 12.150640 8.681973 6.022286 4.056802 2.656416 1.694036 1.055831 0.647234 0.394557 0.243552 0.156294 0.107515 0.081121 0.067289 0.060265 0.056807 0.055155 0.054389 0.054045 0.053894 0.053830 0.053803 0.053791 0.053786 0.053781 0.053773 0.053758 0.053729 0.053675 0.053576 0.053401 0.053101 0.052605 0.051814 0.050601 0.048806 0.046256 0.042775 0.038216 0.032495 0.025624 0.017732 0.009072 0.000000 
50.000000 42.261589 34.814455 27.917015 21.768137 16.491178 12.130595 8.660094 5.999004 4.032482 2.631359 1.668473 1.029933 0.621122 0.368313 0.217229 0.129926 0.081121 0.054713 0.040874 0.033846 0.030386 0.028734 0.027968 0.027623 0.027472 0.027408 0.027381 0.027370 0.027365 0.027361 0.027357 0.027349 0.027334 0.027305 0.027253 0.027161 0.027004 0.026745 0.026334 0.025706 0.024780 0.023469 0.021685 0.019358 0.016447 0.012959 0.008962 0.004584 0.000000 
50.000000 42.259441 34.810239 27.910885 21.760302 16.481879 12.120089 8.648628 5.986802 4.019738 2.618228 1.655077 1.016361 0.607438 0.354560 0.203434 0.116107 0.067290 0.040874 0.027031 0.020002 0.016541 0.014888 0.014122 0.013777 0.013626 0.013562 0.013535 0.013524 0.013520 0.013517 0.013514 0.013510 0.013502 0.013488 0.013461 0.013414 0.013335 0.013204 0.012997 0.012682 0.012219 0.011566 0.010679 0.009526 0.008088 0.006369 0.004402 0.002251 0.000000 
50.000000 42.258349 34.808099 27.907772 21.756323 16.477158 12.114754 8.642806 5.980606 4.013266 2.611561 1.648276 1.009471 0.600490 0.347577 0.196431 0.109092 0.060267 0.033848 0.020003 0.012973 0.009512 0.007858 0.007092 0.006747 0.006596 0.006532 0.006505 0.006495 0.006490 0.006488 0.006487 0.006484 0.006480 0.006473 0.006460 0.006437 0.006398 0.006334 0.006233 0.006080 0.005855 0.005539 0.005112 0.004557 0.003867 0.003043 0.002103 0.001075 0.000000 
50.000000 42.257813 34.807045 27.906241 21.754366 16.474835 12.112130 8.639942 5.977558 4.010083 2.608281 1.644930 1.006081 0.597073 0.344143 0.192986 0.105641 0.056813 0.030392 0.016547 0.009516 0.006054 0.004401 0.003634 0.003289 0.003139 0.003074 0.003048 0.003037 0.003033 0.003031 0.003030 0.003029 0.003027 0.003023 0.003017 0.003006 0.002988 0.002957 0.002909 0.002837 0.002731 0.002582 0.002382 0.002122 0.001800 0.001416 0.000978 0.000500 0.000000 
50.000000 42.257558 34.806545 27.905513 21.753435 16.473731 12.110883 8.638581 5.976110 4.008571 2.606723 1.643340 1.004471 0.595449 0.342511 0.191349 0.104002 0.055172 0.028751 0.014904 0.007873 0.004412 0.002758 0.001992 0.001647 0.001496 0.001432 0.001405 0.001394 0.001390 0.001389 0.001388 0.001387 0.001386 0.001384 0.001382 0.001376 0.001368 0.001354 0.001331 0.001298 0.001249 0.001181 0.001088 0.000969 0.000822 0.000646 0.000446 0.000228 0.000000 
50.000000 42.257443 34.806319 27.905186 21.753016 16.473234 12.110321 8.637968 5.975458 4.007890 2.606021 1.642625 1.003746 0.594718 0.341776 0.190612 0.103263 0.054433 0.028011 0.014165 0.007133 0.003672 0.002018 0.001252 0.000907 0.000756 0.000692 0.000665 0.000655 0.000650 0.000649 0.000648 0.000648 0.000647 0.000646 0.000645 0.000642 0.000638 0.000632 0.000621 0.000605 0.000582 0.000550 0.000507 0.000451 0.000382 0.000301 0.000207 0.000106 0.000000 
50.000000 42.257399 34.806234 27.905061 21.752857 16.473046 12.110108 8.637735 5.975210 4.007631 2.605755 1.642353 1.003470 0.594441 0.341497 0.190332 0.102983 0.054153 0.027730 0.013884 0.006853 0.003391 0.001738 0.000971 0.000626 0.000475 0.000411 0.000384 0.000374 0.000370 0.000368 0.000367 0.000367 0.000367 0.000366 0.000365 0.000364 0.000362 0.000358 0.000352 0.000343 0.000330 0.000311 0.000287 0.000255 0.000216 0.000170 0.000117 0.000060 0.000000 
50.000000 42.257399 34.806234 27.905061 21.752857 16.473046 12.110108 8.637735 5.975210 4.007631 2.605755 1.642353 1.003470 0.594441 0.341497 0.190332 0.102983 0.054153 0.027730 0.013884 0.006853 0.003391 0.001738 0.000971 0.000626 0.000475 0.000411 0.000384 0.000374 0.000370 0.000368 0.000367 0.000367 0.000367 0.000366 0.000365 0.000364 0.000362 0.000358 0.000352 0.000343 0.000330 0.000311 0.000287 0.000255 0.000216 0.000170 0.000117 0.000060 0.000000 
50.000000 42.257443 34.806319 27.905186 21.753016 16.473234 12.110321 8.637968 5.975458 4.007890 2.606021 1.642625 1.003746 0.594718 0.341776 0.190612 0.103263 0.054433 0.028011 0.014165 0.007133 0.003672 0.002018 0.001252 0.000907 0.000756 0.000692 0.000665 0.000655 0.000650 0.000649 0.000648 0.000648 0.000647 0.000646 0.000645 0.000642 0.000638 0.000632 0.000621 0.000605 0.000582 0.000550 0.000507 0.000451 0.000382 0.000301 0.000207 0.000106 0.000000 
50.000000 42.257558 34.806545 27.905513 21.753435 16.473731 12.110883 8.638581 5.976110 4.008571 2.606723 1.643340 1.004471 0.595449 0.342511 0.191349 0.104002 0.055172 0.028751 0.014904 0.007873 0.004412 0.002758 0.001992 0.001647 0.001496 0.001432 0.001405 0.001394 0.001390 0.001389 0.001388 0.001387 0.001386 0.001384 0.001382 0.001376 0.001368 0.001354 0.001331 0.001298 0.001249 0.001181 0.001088 0.000969 0.000822 0.000646 0.000446 0.000228 0.000000 
50.000000 42.257813 34.807045 27.906241 21.754366 16.474835 12.112130 8.639942 5.977558 4.010083 2.608281 1.644930 1.006081 0.597073 0.344143 0.192986 0.105641 0.056813 0.030392 0.016547 0.009516 0.006054 0.004401 0.003634 0.003289 0.003139 0.003074 0.003048 0.003037 0.003033 0.003031 0.003030 0.003029 0.003027 0.003023 0.003017 0.003006 0.002988 0.002957 0.002909 0.002837 0.002731 0.002582 0.002382 0.002122 0.001800 0.001416 0.000978 0.000500 0.000000 
50.000000 42.258349 34.808099 27.907772 21.756323 16.477158 12.114754 8.642806 5.980606 4.013266 2.611561 1.648276 1.009471 0.600490 0.347577 0.196431 0.109092 0.060267 0.033848 0.020003 0.012973 0.009512 0.007858 0.007092 0.006747 0.006596 0.006532 0.006505 0.006495 0.006490 0.006488 0.006487 0.006484 0.006480 0.006473 0.006460 0.006437 0.006398 0.006334 0.006233 0.006080 0.005855 0.005539 0.005112 0.004557 0.003867 0.003043 0.002103 0.001075 0.000000 
50.000000 42.259441 34.810239 27.910885 21.760302 16.481879 12.120089 8.648628 5.986802 4.019738 2.618228 1.655077 1.016361 0.607438 0.354560 0.203434 0.116107 0.067290 0.040874 0.027031 0.020002 0.016541 0.014888 0.014122 0.013777 0.013626 0.013562 0.013535 0.013524 0.013520 0.013517 0.013514 0.013510 0.013502 0.013488 0.013461 0.013414 0.013335 0.013204 0.012997 0.012682 0.012219 0.011566 0.010679 0.009526 0.008088 0.006369 0.004402 0.002251 0.000000 
50.000000 42.261589 34.814455 27.917015 21.768137 16.491178 12.130595 8.660094 5.999004 4.032482 2.631359 1.668473 1.029933 0.621122 0.368313 0.217229 0.129926 0.081121 0.054713 0.040874 0.033846 0.030386 0.028734 0.027968 0.027623 0.027472 0.027408 0.027381 0.027370 0.027365 0.027361 0.027357 0.027349 0.027334 0.027305 0.027253 0.027161 0.027004 0.026745 0.026334 0.025706 0.024780 0.023469 0.021685 0.019358 0.016447 0.012959 0.008962 0.004584 0.000000 
50.000000 42.265688 34.822499 27.928711 21.783087 16.508919 12.150640 8.681973 6.022286 4.056802 2.656416 1.694036 1.055831 0.647234 0.394557 0.243552 0.156294 0.107515 0.081121 0.067289 0.060265 0.056807 0.055155 0.054389 0.054045 0.053894 0.053830 0.053803 0.053791 0.053786 0.053781 0.053773 0.053758 0.053729 0.053675 0.053576 0.053401 0.053101 0.052605 0.051814 0.050601 0.048806 0.046256 0.042775 0.038216 0.032495 0.025624 0.017732 0.009072 0.000000 
50.000000 42.273262 34.837360 27.950321 21.810711 16.541700 12.187682 8.722402 6.065311 4.101742 2.702720 1.741277 1.103691 0.695491 0.443059 0.292200 0.205026 0.156294 0.129925 0.116106 0.109089 0.105634 0.103984 0.103219 0.102875 0.102724 0.102660 0.102633 0.102621 0.102614 0.102606 0.102592 0.102565 0.102513 0.102414 0.102233 0.101910 0.101356 0.100436 0.098966 0.096698 0.093331 0.088526 0.081938 0.073277 0.062369 0.049224 0.034088 0.017449 0.000000 
50.000000 42.286808 34.863941 27.988971 21.860117 16.600334 12.253936 8.794717 6.142269 4.182129 2.785548 1.825780 1.189304 0.781813 0.529820 0.379222 0.292200 0.243552 0.217228 0.203433 0.196428 0.192979 0.191332 0.190568 0.190225 0.190074 0.190010 0.189982 0.189969 0.189960 0.189947 0.189924 0.189877 0.189785 0.189611 0.189290 0.188717 0.187728 0.186082 0.183437 0.179339 0.173228 0.164462 0.152387 0.136437 0.116261 0.091855 0.063665 0.032607 0.000000 
50.000000 42.310245 34.909931 28.055846 21.945604 16.701788 12.368578 8.919849 6.275440 4.321236 2.928880 1.972014 1.337460 0.931198 0.679964 0.529820 0.443059 0.394557 0.368312 0.354559 0.347575 0.344136 0.342494 0.341732 0.341389 0.341239 0.341175 0.341147 0.341132 0.341119 0.341099 0.341060 0.340981 0.340826 0.340530 0.339982 0.339001 0.337301 0.334458 0.329866 0.322715 0.311991 0.296525 0.275101 0.246646 0.210464 0.166497 0.115519 0.059205 0.000000 
50.000000 42.349456 34.986874 28.167730 22.088630 16.871530 12.560388 9.129215 6.498258 4.553990 3.168708 2.216699 1.585364 1.181161 0.931198 0.781813 0.695491 0.647234 0.621121 0.607437 0.600488 0.597066 0.595432 0.594675 0.594333 0.594184 0.594119 0.594090 0.594074 0.594056 0.594024 0.593961 0.593833 0.593581 0.593097 0.592198 0.590580 0.587766 0.583034 0.575348 0.563310 0.545145 0.518777 0.482014 0.432867 0.369990 0.293157 0.203662 0.104469 0.000000 
50.000000 42.412853 35.111277 28.348628 22.319881 17.145982 12.870527 9.467744 6.858547 4.930350 3.556511 2.612361 1.986235 1.585364 1.337460 1.189304 1.103691 1.055831 1.029933 1.016360 1.009468 1.006075 1.004454 1.003702 1.003364 1.003215 1.003150 1.003120 1.003100 1.003075 1.003027 1.002929 1.002730 1.002336 1.001576 1.000159 0.997597 0.993117 0.985540 0.973160 0.953638 0.923973 0.880590 0.819639 0.737529 0.631697 0.501494 0.348962 0.179194 0.000000 
50.000000 42.511859 35.305557 28.631140 22.681035 17.574613 13.354900 9.996466 7.421262 5.518173 4.162216 3.230348 2.612361 2.216699 1.972014 1.825780 1.741277 1.694036 1.668473 1.655076 1.648273 1.644923 1.643324 1.642582 1.642247 1.642100 1.642036 1.642004 1.641979 1.641944 1.641874 1.641729 1.641432 1.640840 1.639698 1.637556 1.633665 1.626821 1.615174 1.596013 1.565574 1.518944 1.450164 1.352657 1.220091 1.047679 0.833774 0.581377 0.298956 0.000000 
50.000000 42.661134 35.598481 29.057097 23.225572 18.220896 14.085242 10.793691 8.269754 6.404539 5.075556 4.162216 3.556511 3.168708 2.928880 2.785548 2.702720 2.656416 2.631359 2.618227 2.611558 2.608275 2.606707 2.605979 2.605651 2.605507 2.605442 2.605409 2.605379 2.605330 2.605231 2.605025 2.604602 2.603755 2.602111 2.599015 2.593360 2.583352 2.566204 2.537778 2.492242 2.421843 2.316966 2.166704 1.960153 1.688536 1.347992 0.942457 0.485520 0.000000 
50.000000 42.878318 36.024667 29.676844 24.017856 19.161229 15.147894 11.953674 9.504351 7.694259 6.404539 5.518173 4.930350 4.553990 4.321236 4.182129 4.101742 4.056801 4.032482 4.019737 4.013264 4.010077 4.008555 4.007849 4.007530 4.007389 4.007325 4.007289 4.007253 4.007189 4.007056 4.006777 4.006201 4.005045 4.002790 3.998521 3.990680 3.976711 3.952599 3.912296 3.847130 3.745326 3.591911 3.369349 3.059332 2.646064 2.120992 1.488201 0.768577 0.000000 
50.000000 43.183105 36.622761 30.546582 25.129739 20.480899 16.639246 13.581644 11.237058 9.504351 8.269754 7.421262 6.858547 6.498258 6.275440 6.142269 6.065311 6.022286 5.999003 5.986801 5.980604 5.977552 5.976095 5.975419 5.975113 5.974978 5.974915 5.974877 5.974833 5.974753 5.974583 5.974224 5.973480 5.971980 5.969042 5.963449 5.953113 5.934574 5.902318 5.847911 5.759025 5.618529 5.403990 5.088149 4.641100 4.034996 3.251703 2.292688 1.188189 0.000000 
50.000000 43.595497 37.432015 31.723392 26.634199 22.266530 18.657201 15.784482 13.581644 11.953674 10.793691 9.996466 9.467744 9.129215 8.919849 8.794717 8.722402 8.681973 8.660094 8.648627 8.642804 8.639936 8.638566 8.637931 8.637644 8.637515 8.637455 8.637415 8.637365 8.637269 8.637063 8.636626 8.635717 8.633877 8.630255 8.623325 8.610437 8.587154 8.546302 8.476725 8.361763 8.177654 7.892241 7.464759 6.847882 5.993694 4.865207 3.453820 1.799093 0.000000 
50.000000 44.133270 38.487316 33.258011 28.596105 24.595120 21.288785 18.657201 16.639246 15.147894 14.085242 13.354900 12.870527 12.560388 12.368578 12.253936 12.187682 12.150640 12.130594 12.120088 12.114752 12.112124 12.110869 12.110287 12.110023 12.109905 12.109848 12.109808 12.109753 12.109644 12.109410 12.108910 12.107865 12.105744 12.101548 12.093477 12.078374 12.050888 12.002243 11.918538 11.778545 11.551097 11.192442 10.644392 9.834937 8.684137 7.119419 5.104339 2.679746 0.000000 
50.000000 44.808910 39.813163 35.186069 31.061012 27.520747 24.595120 22.266530 20.480899 19.161229 18.220896 17.574613 17.145982 16.871530 16.701788 16.600334 16.541700 16.508919 16.491177 16.481879 16.477156 16.474831 16.473719 16.473204 16.472971 16.472865 16.472813 16.472774 16.472718 16.472603 16.472354 16.471820 16.470702 16.468423 16.463896 16.455143 16.438663 16.408453 16.354521 16.260743 16.101897 15.839799 15.418647 14.760183 13.760374 12.291498 10.217434 7.434915 3.953419 0.000000 
50.000000 45.626478 41.417527 37.519158 34.043746 31.061012 28.596105 26.634199 25.129739 24.017856 23.225572 22.681035 22.319881 22.088630 21.945604 21.860117 21.810711 21.783087 21.768137 21.760301 21.756321 21.754362 21.753425 21.752991 21.752794 21.752705 21.752660 21.752624 21.752570 21.752458 21.752214 21.751691 21.750592 21.748342 21.743856 21.735141 21.718640 21.688184 21.633356 21.537037 21.371791 21.094743 20.640505 19.911968 18.769515 17.021873 14.428934 10.742986 5.840943 0.000000 
50.000000 46.579078 43.286878 40.237606 37.519158 35.186069 33.258011 31.723392 30.546582 29.676844 29.057097 28.631140 28.348628 28.167730 28.055846 27.988971 27.950321 27.928711 27.917015 27.910885 27.907771 27.906238 27.905505 27.905165 27.905011 27.904941 27.904905 27.904875 27.904828 27.904730 27.904517 27.904056 27.903087 27.901097 27.897115 27.889349 27.874573 27.847133 27.797365 27.709104 27.555851 27.294879 26.858185 26.138592 24.968635 23.090223 20.118803 15.532140 8.802400 0.000000 
50.000000 47.647602 45.383717 43.286878 41.417527 39.813163 38.487316 37.432015 36.622761 36.024667 35.598481 35.305557 35.111277 34.986874 34.909931 34.863941 34.837360 34.822499 34.814455 34.810239 34.808098 34.807043 34.806539 34.806305 34.806199 34.806151 34.806126 34.806104 34.806070 34.805997 34.805837 34.805493 34.804767 34.803273 34.800276 34.794412 34.783212 34.762315 34.724181 34.656024 34.536465 34.330073 33.978195 33.382977 32.378248 30.674540 27.754738 22.691859 13.952440 0.000000 
50.000000 48.801248 47.647602 46.579078 45.626478 44.808910 44.133270 43.595497 43.183105 42.878318 42.661134 42.511859 42.412853 42.349456 42.310245 42.286808 42.273262 42.265688 42.261589 42.259440 42.258349 42.257812 42.257555 42.257436 42.257382 42.257357 42.257344 42.257333 42.257314 42.257275 42.257190 42.257005 42.256616 42.255813 42.254201 42.251040 42.244987 42.233659 42.212904 42.175614 42.109741 41.994916 41.796403 41.453524 40.855491 39.785534 37.776678 33.695162 24.400624 0.000000 
50.000000 50.000000 50.000000 50.000000 50.000000 50.000000 50.000000 50.000000 50.000000 50.000000 50.000000 50.000000 50.000000 50.000000 50.000000 50.000000 50.000000 50.000000 50.000000 50.000000 50.000000 50.000000 50.000000 50.000000 50.000000 50.000000 50.000000 50.000000 50.000000 50.000000 50.000000 50.000000 50.000000 50.000000 50.000000 50.000000 50.000000 50.000000 50.000000 50.000000 50.000000 50.000000 50.000000 50.000000 50.000000 50.000000 50.000000 50.000000 50.000000 50.000000 
