50.000000 50.000000 50.000000 50.000000 50.000000 50.000000 50.000000 50.000000 50.000000 50.000000 50.000000 50.000000 50.000000 50.000000 50.000000 50.000000 50.000000 50.000000 50.000000 50.000000 50.000000 50.000000 50.000000 50.000000 50.000000 50.000000 50.000000 50.000000 50.000000 50.000000 50.000000 50.000000 50.000000 50.000000 50.000000 50.000000 50.000000 50.000000 50.000000 50.000000 50.000000 50.000000 50.000000 50.000000 50.000000 50.000000 50.000000 50.000000 50.000000 50.000000 
50.000000 44.158904 39.381132 36.155616 34.332751 33.456813 33.093501 32.961655 32.919289 32.907110 32.903949 32.903203 32.903042 32.903009 32.903004 32.903003 32.903002 32.903002 32.903002 32.903002 32.903002 32.903002 32.903002 32.903002 32.903002 32.903002 32.903002 32.903002 32.903002 32.903002 32.903002 32.903002 32.903002 32.903002 32.903002 32.903002 32.903002 32.903000 32.902989 32.902933 32.902656 32.901389 32.896032 32.875074 32.799194 32.543942 31.738393 29.308028 22.079452 0.000000 
50.000000 39.381132 30.695991 24.833395 21.520847 19.929442 19.269549 19.030140 18.953235 18.931133 18.925400 18.924047 18.923754 18.923696 18.923685 18.923684 18.923683 18.923683 18.923683 18.923683 18.923683 18.923683 18.923683 18.923683 18.923683 18.923683 18.923683 18.923683 18.923683 18.923683 18.923683 18.923683 18.923683 18.923683 18.923683 18.923683 18.923683 18.923680 18.923666 18.923589 18.923215 18.921526 18.914495 18.887617 18.793576 18.493526 17.623764 15.347995 10.073104 0.000000 
50.000000 36.155616 24.833395 17.192068 12.875511 10.802361 9.942986 9.631317 9.531236 9.502486 9.495031 9.493272 9.492892 9.492816 9.492802 9.492800 9.492800 9.492800 9.492800 9.492800 9.492800 9.492800 9.492800 9.492800 9.492800 9.492800 9.492800 9.492800 9.492800 9.492800 9.492800 9.492800 9.492800 9.492800 9.492800 9.492800 9.492799 9.492797 9.492785 9.492722 9.492417 9.491059 9.485497 9.464711 9.394258 9.179391 8.596034 7.209632 4.417223 0.000000 
50.000000 34.332751 21.520847 12.875511 7.992854 5.648431 4.676894 4.324659 4.211592 4.179122 4.170705 4.168721 4.168292 4.168207 4.168191 4.168188 4.168188 4.168188 4.168188 4.168188 4.168188 4.168188 4.168188 4.168188 4.168188 4.168188 4.168188 4.168188 4.168188 4.168188 4.168188 4.168188 4.168188 4.168188 4.168188 4.168188 4.168188 4.168186 4.168179 4.168141 4.167957 4.167149 4.163889 4.151944 4.112505 3.996427 3.696119 3.027320 1.788809 0.000000 
50.000000 33.456813 19.929442 10.802361 5.648431 3.174221 2.149116 1.777545 1.658299 1.624064 1.615192 1.613100 1.612649 1.612559 1.612543 1.612540 1.612539 1.612539 1.612539 1.612539 1.612539 1.612539 1.612539 1.612539 1.612539 1.612539 1.612539 1.612539 1.612539 1.612539 1.612539 1.612539 1.612539 1.612539 1.612539 1.612539 1.612539 1.612538 1.612535 1.612516 1.612428 1.612043 1.610510 1.604982 1.587110 1.535926 1.408103 1.135866 0.657619 0.000000 
50.000000 33.093501 19.269549 9.942986 4.676894 2.149116 1.101946 0.722428 0.600649 0.565691 0.556634 0.554499 0.554038 0.553946 0.553929 0.553926 0.553926 0.553926 0.553926 0.553926 0.553926 0.553926 0.553926 0.553926 0.553926 0.553926 0.553926 0.553926 0.553926 0.553926 0.553926 0.553926 0.553926 0.553926 0.553926 0.553926 0.553926 0.553925 0.553924 0.553916 0.553881 0.553728 0.553124 0.550973 0.544134 0.524951 0.478275 0.381932 0.218427 0.000000 
50.000000 32.961655 19.030140 9.631317 4.324659 1.777545 0.722428 0.340054 0.217367 0.182151 0.173027 0.170877 0.170413 0.170320 0.170303 0.170300 0.170300 0.170300 0.170300 0.170300 0.170300 0.170300 0.170300 0.170300 0.170300 0.170300 0.170300 0.170300 0.170300 0.170300 0.170300 0.170300 0.170300 0.170300 0.170300 0.170300 0.170300 0.170300 0.170299 0.170297 0.170285 0.170232 0.170027 0.169304 0.167035 0.160770 0.145820 0.115645 0.065623 0.000000 
50.000000 32.919289 18.953235 9.531236 4.211592 1.658299 0.600649 0.217367 0.094392 0.059095 0.049950 0.047794 0.047329 0.047237 0.047220 0.047217 0.047216 0.047216 0.047216 0.047216 0.047216 0.047216 0.047216 0.047216 0.047216 0.047216 0.047216 0.047216 0.047216 0.047216 0.047216 0.047216 0.047216 0.047216 0.047216 0.047216 0.047216 0.047216 0.047216 0.047215 0.047212 0.047196 0.047135 0.046921 0.046256 0.044442 0.040178 0.031709 0.017900 0.000000 
50.000000 32.907110 18.931133 9.502486 4.179122 1.624064 0.565691 0.182151 0.059095 0.023774 0.014624 0.012467 0.012002 0.011909 0.011892 0.011889 0.011889 0.011888 0.011888 0.011888 0.011888 0.011888 0.011888 0.011888 0.011888 0.011888 0.011888 0.011888 0.011888 0.011888 0.011888 0.011888 0.011888 0.011888 0.011888 0.011888 0.011888 0.011888 0.011888 0.011888 0.011887 0.011883 0.011867 0.011810 0.011636 0.011165 0.010069 0.007919 0.004454 0.000000 
50.000000 32.903949 18.925400 9.495031 4.170705 1.615192 0.556634 0.173027 0.049950 0.014624 0.005471 0.003314 0.002849 0.002756 0.002739 0.002736 0.002736 0.002736 0.002736 0.002736 0.002736 0.002736 0.002736 0.002736 0.002736 0.002736 0.002736 0.002736 0.002736 0.002736 0.002736 0.002736 0.002736 0.002736 0.002736 0.002736 0.002736 0.002736 0.002736 0.002736 0.002735 0.002734 0.002731 0.002717 0.002676 0.002565 0.002309 0.001811 0.001016 0.000000 
50.000000 32.903203 18.924047 9.493272 4.168721 1.613100 0.554499 0.170877 0.047794 0.012467 0.003314 0.001157 0.000692 0.000599 0.000582 0.000579 0.000579 0.000579 0.000579 0.000579 0.000579 0.000579 0.000579 0.000579 0.000579 0.000579 0.000579 0.000579 0.000579 0.000579 0.000579 0.000579 0.000579 0.000579 0.000579 0.000579 0.000579 0.000579 0.000579 0.000579 0.000579 0.000578 0.000578 0.000575 0.000566 0.000542 0.000487 0.000381 0.000214 0.000000 
50.000000 32.903042 18.923754 9.492892 4.168292 1.612649 0.554038 0.170413 0.047329 0.012002 0.002849 0.000692 0.000226 0.000134 0.000117 0.000114 0.000113 0.000113 0.000113 0.000113 0.000113 0.000113 0.000113 0.000113 0.000113 0.000113 0.000113 0.000113 0.000113 0.000113 0.000113 0.000113 0.000113 0.000113 0.000113 0.000113 0.000113 0.000113 0.000113 0.000113 0.000113 0.000113 0.000113 0.000112 0.000111 0.000106 0.000095 0.000074 0.000042 0.000000 
50.000000 32.903009 18.923696 9.492816 4.168207 1.612559 0.553946 0.170320 0.047237 0.011909 0.002756 0.000599 0.000134 0.000041 0.000024 0.000021 0.000021 0.000021 0.000021 0.000021 0.000021 0.000021 0.000021 0.000021 0.000021 0.000021 0.000021 0.000021 0.000021 0.000021 0.000021 0.000021 0.000021 0.000021 0.000021 0.000021 0.000021 0.000021 0.000021 0.000021 0.000021 0.000021 0.000020 0.000020 0.000020 0.000019 0.000017 0.000013 0.000008 0.000000 
50.000000 32.903004 18.923685 9.492802 4.168191 1.612543 0.553929 0.170303 0.047220 0.011892 0.002739 0.000582 0.000117 0.000024 0.000007 0.000004 0.000004 0.000003 0.000003 0.000003 0.000003 0.000003 0.000003 0.000003 0.000003 0.000003 0.000003 0.000003 0.000003 0.000003 0.000003 0.000003 0.000003 0.000003 0.000003 0.000003 0.000003 0.000003 0.000003 0.000003 0.000003 0.000003 0.000003 0.000003 0.000003 0.000003 0.000003 0.000002 0.000001 0.000000 
50.000000 32.903003 18.923684 9.492800 4.168188 1.612540 0.553926 0.170300 0.047217 0.011889 0.002736 0.000579 0.000114 0.000021 0.000004 0.000001 0.000001 0.000001 0.000001 0.000001 0.000001 0.000001 0.000001 0.000001 0.000001 0.000001 0.000001 0.000001 0.000001 0.000001 0.000001 0.000001 0.000001 0.000001 0.000001 0.000001 0.000001 0.000001 0.000001 0.000001 0.000001 0.000001 0.000001 0.000001 0.000001 0.000001 0.000000 0.000000 0.000000 0.000000 
50.000000 32.903002 18.923683 9.492800 4.168188 1.612539 0.553926 0.170300 0.047216 0.011889 0.002736 0.000579 0.000113 0.000021 0.000004 0.000001 0.000000 0.000000 0.000000 0.000000 0.000000 0.000000 0.000000 0.000000 0.000000 0.000000 0.000000 0.000000 0.000000 0.000000 0.000000 0.000000 0.000000 0.000000 0.000000 0.000000 0.000000 0.000000 0.000000 0.000000 0.000000 0.000000 0.000000 0.000000 0.000000 0.000000 0.000000 0.000000 0.000000 0.000000 
50.000000 32.903002 18.923683 9.492800 4.168188 1.612539 0.553926 0.170300 0.047216 0.011888 0.002736 0.000579 0.000113 0.000021 0.000003 0.000001 0.000000 0.000000 0.000000 0.000000 0.000000 0.000000 0.000000 0.000000 0.000000 0.000000 0.000000 0.000000 0.000000 0.000000 0.000000 0.000000 0.000000 0.000000 0.000000 0.000000 0.000000 0.000000 0.000000 0.000000 0.000000 0.000000 0.000000 0.000000 0.000000 0.000000 0.000000 0.000000 0.000000 0.000000 
50.000000 32.903002 18.923683 9.492800 4.168188 1.612539 0.553926 0.170300 0.047216 0.011888 0.002736 0.000579 0.000113 0.000021 0.000003 0.000001 0.000000 0.000000 0.000000 0.000000 0.000000 0.000000 0.000000 0.000000 0.000000 0.000000 0.000000 0.000000 0.000000 0.000000 0.000000 0.000000 0.000000 0.000000 0.000000 0.000000 0.000000 0.000000 0.000000 0.000000 0.000000 0.000000 0.000000 0.000000 0.000000 0.000000 0.000000 0.000000 0.000000 0.000000 
50.000000 32.903002 18.923683 9.492800 4.168188 1.612539 0.553926 0.170300 0.047216 0.011888 0.002736 0.000579 0.000113 0.000021 0.000003 0.000001 0.000000 0.000000 0.000000 0.000000 0.000000 0.000000 0.000000 0.000000 0.000000 0.000000 0.000000 0.000000 0.000000 0.000000 0.000000 0.000000 0.000000 0.000000 0.000000 0.000000 0.000000 0.000000 0.000000 0.000000 0.000000 0.000000 0.000000 0.000000 0.000000 0.000000 0.000000 0.000000 0.000000 0.000000 
50.000000 32.903002 18.923683 9.492800 4.168188 1.612539 0.553926 0.170300 0.047216 0.011888 0.002736 0.000579 0.000113 0.000021 0.000003 0.000001 0.000000 0.000000 0.000000 0.000000 0.000000 0.000000 0.000000 0.000000 0.000000 0.000000 0.000000 0.000000 0.000000 0.000000 0.000000 0.000000 0.000000 0.000000 0.000000 0.000000 0.000000 0.000000 0.000000 0.000000 0.000000 0.000000 0.000000 0.000000 0.000000 0.000000 0.000000 0.000000 0.000000 0.000000 
50.000000 32.903002 18.923683 9.492800 4.168188 1.612539 0.553926 0.170300 0.047216 0.011888 0.002736 0.000579 0.000113 0.000021 0.000003 0.000001 0.000000 0.000000 0.000000 0.000000 0.000000 0.000000 0.000000 0.000000 0.000000 0.000000 0.000000 0.000000 0.000000 0.000000 0.000000 0.000000 0.000000 0.000000 0.000000 0.000000 0.000000 0.000000 0.000000 0.000000 0.000000 0.000000 0.000000 0.000000 0.000000 0.000000 0.000000 0.000000 0.000000 0.000000 
50.000000 32.903002 18.923683 9.492800 4.168188 1.612539 0.553926 0.170300 0.047216 0.011888 0.002736 0.000579 0.000113 0.000021 0.000003 0.000001 0.000000 0.000000 0.000000 0.000000 0.000000 0.000000 0.000000 0.000000 0.000000 0.000000 0.000000 0.000000 0.000000 0.000000 0.000000 0.000000 0.000000 0.000000 0.000000 0.000000 0.000000 0.000000 0.000000 0.000000 0.000000 0.000000 0.000000 0.000000 0.000000 0.000000 0.000000 0.000000 0.000000 0.000000 
50.000000 32.903002 18.923683 9.492800 4.168188 1.612539 0.553926 0.170300 0.047216 0.011888 0.002736 0.000579 0.000113 0.000021 0.000003 0.000001 0.000000 0.000000 0.000000 0.000000 0.000000 0.000000 0.000000 0.000000 0.000000 0.000000 0.000000 0.000000 0.000000 0.000000 0.000000 0.000000 0.000000 0.000000 0.000000 0.000000 0.000000 0.000000 0.000000 0.000000 0.000000 0.000000 0.000000 0.000000 0.000000 0.000000 0.000000 0.000000 0.000000 0.000000 
50.000000 32.903002 18.923683 9.492800 4.168188 1.612539 0.553926 0.170300 0.047216 0.011888 0.002736 0.000579 0.000113 0.000021 0.000003 0.000001 0.000000 0.000000 0.000000 0.000000 0.000000 0.000000 0.000000 0.000000 0.000000 0.000000 0.000000 0.000000 0.000000 0.000000 0.000000 0.000000 0.000000 0.000000 0.000000 0.000000 0.000000 0.000000 0.000000 0.000000 0.000000 0.000000 0.000000 0.000000 0.000000 0.000000 0.000000 0.000000 0.000000 0.000000 
50.000000 32.903002 18.923683 9.492800 4.168188 1.612539 0.553926 0.170300 0.047216 0.011888 0.002736 0.000579 0.000113 0.000021 0.000003 0.000001 0.000000 0.000000 0.000000 0.000000 0.000000 0.000000 0.000000 0.000000 0.000000 0.000000 0.000000 0.000000 0.000000 0.000000 0.000000 0.000000 0.000000 0.000000 0.000000 0.000000 0.000000 0.000000 0.000000 0.000000 0.000000 0.000000 0.000000 0.000000 0.000000 0.000000 0.000000 0.000000 0.000000 0.000000 
50.000000 32.903002 18.923683 9.492800 4.168188 1.612539 0.553926 0.170300 0.047216 0.011888 0.002736 0.000579 0.000113 0.000021 0.000003 0.000001 0.000000 0.000000 0.000000 0.000000 0.000000 0.000000 0.000000 0.000000 0.000000 0.000000 0.000000 0.000000 0.000000 0.000000 0.000000 0.000000 0.000000 0.000000 0.000000 0.000000 0.000000 0.000000 0.000000 0.000000 0.000000 0.000000 0.000000 0.000000 0.000000 0.000000 0.000000 0.000000 0.000000 0.000000 
50.000000 32.903002 18.923683 9.492800 4.168188 1.612539 0.553926 0.170300 0.047216 0.011888 0.002736 0.000579 0.000113 0.000021 0.000003 0.000001 0.000000 0.000000 0.000000 0.000000 0.000000 0.000000 0.000000 0.000000 0.000000 0.000000 0.000000 0.000000 0.000000 0.000000 0.000000 0.000000 0.000000 0.000000 0.000000 0.000000 0.000000 0.000000 0.000000 0.000000 0.000000 0.000000 0.000000 0.000000 0.000000 0.000000 0.000000 0.000000 0.000000 0.000000 
50.000000 32.903002 18.923683 9.492800 4.168188 1.612539 0.553926 0.170300 0.047216 0.011888 0.002736 0.000579 0.000113 0.000021 0.000003 0.000001 0.000000 0.000000 0.000000 0.000000 0.000000 0.000000 0.000000 0.000000 0.000000 0.000000 0.000000 0.000000 0.000000 0.000000 0.000000 0.000000 0.000000 0.000000 0.000000 0.000000 0.000000 0.000000 0.000000 0.000000 0.000000 0.000000 0.000000 0.000000 0.000000 0.000000 0.000000 0.000000 0.000000 0.000000 
50.000000 32.903002 18.923683 9.492800 4.168188 1.612539 0.553926 0.170300 0.047216 0.011888 0.002736 0.000579 0.000113 0.000021 0.000003 0.000001 0.000000 0.000000 0.000000 0.000000 0.000000 0.000000 0.000000 0.000000 0.000000 0.000000 0.000000 0.000000 0.000000 0.000000 0.000000 0.000000 0.000000 0.000000 0.000000 0.000000 0.000000 0.000000 0.000000 0.000000 0.000000 0.000000 0.000000 0.000000 0.000000 0.000000 0.000000 0.000000 0.000000 0.000000 
50.000000 32.903002 18.923683 9.492800 4.168188 1.612539 0.553926 0.170300 0.047216 0.011888 0.002736 0.000579 0.000113 0.000021 0.000003 0.000001 0.000000 0.000000 0.000000 0.000000 0.000000 0.000000 0.000000 0.000000 0.000000 0.000000 0.000000 0.000000 0.000000 0.000000 0.000000 0.000000 0.000000 0.000000 0.000000 0.000000 0.000000 0.000000 0.000000 0.000000 0.000000 0.000000 0.000000 0.000000 0.000000 0.000000 0.000000 0.000000 0.000000 0.000000 
50.000000 32.903002 18.923683 9.492800 4.168188 1.612539 0.553926 0.170300 0.047216 0.011888 0.002736 0.000579 0.000113 0.000021 0.000003 0.000001 0.000000 0.000000 0.000000 0.000000 0.000000 0.000000 0.000000 0.000000 0.000000 0.000000 0.000000 0.000000 0.000000 0.000000 0.000000 0.000000 0.000000 0.000000 0.000000 0.000000 0.000000 0.000000 0.000000 0.000000 0.000000 0.000000 0.000000 0.000000 0.000000 0.000000 0.000000 0.000000 0.000000 0.000000 
50.000000 32.903002 18.923683 9.492800 4.168188 1.612539 0.553926 0.170300 0.047216 0.011888 0.002736 0.000579 0.000113 0.000021 0.000003 0.000001 0.000000 0.000000 0.000000 0.000000 0.000000 0.000000 0.000000 0.000000 0.000000 0.000000 0.000000 0.000000 0.000000 0.000000 0.000000 0.000000 0.000000 0.000000 0.000000 0.000000 0.000000 0.000000 0.000000 0.000000 0.000000 0.000000 0.000000 0.000000 0.000000 0.000000 0.000000 0.000000 0.000000 0.000000 
50.000000 32.903002 18.923683 9.492800 4.168188 1.612539 0.553926 0.170300 0.047216 0.011889 0.002736 0.000579 0.000113 0.000021 0.000004 0.000001 0.000000 0.000000 0.000000 0.000000 0.000000 0.000000 0.000000 0.000000 0.000000 0.000000 0.000000 0.000000 0.000000 0.000000 0.000000 0.000000 0.000000 0.000000 0.000000 0.000000 0.000000 0.000000 0.000000 0.000000 0.000000 0.000000 0.000000 0.000000 0.000000 0.000000 0.000000 0.000000 0.000000 0.000000 
50.000000 32.903003 18.923684 9.492800 4.168188 1.612540 0.553926 0.170300 0.047217 0.011889 0.002736 0.000579 0.000114 0.000021 0.000004 0.000001 0.000001 0.000001 0.000001 0.000001 0.000001 0.000001 0.000001 0.000001 0.000001 0.000001 0.000001 0.000001 0.000001 0.000001 0.000001 0.000001 0.000001 0.000001 0.000001 0.000001 0.000001 0.000001 0.000001 0.000001 0.000001 0.000001 0.000001 0.000001 0.000001 0.000001 0.000000 0.000000 0.000000 0.000000 
50.000000 32.903004 18.923685 9.492802 4.168191 1.612543 0.553929 0.170303 0.047220 0.011892 0.002739 0.000582 0.000117 0.000024 0.000007 0.000004 0.000004 0.000003 0.000003 0.000003 0.000003 0.000003 0.000003 0.000003 0.000003 0.000003 0.000003 0.000003 0.000003 0.000003 0.000003 0.000003 0.000003 0.000003 0.000003 0.000003 0.000003 0.000003 0.000003 0.000003 0.000003 0.000003 0.000003 0.000003 0.000003 0.000003 0.000003 0.000002 0.000001 0.000000 
50.000000 32.903009 18.923696 9.492816 4.168207 1.612559 0.553946 0.170320 0.047237 0.011909 0.002756 0.000599 0.000134 0.000041 0.000024 0.000021 0.000021 0.000021 0.000021 0.000021 0.000021 0.000021 0.000021 0.000021 0.000021 0.000021 0.000021 0.000021 0.000021 0.000021 0.000021 0.000021 0.000021 0.000021 0.000021 0.000021 0.000021 0.000021 0.000021 0.000021 0.000021 0.000021 0.000020 0.000020 0.000020 0.000019 0.000017 0.000013 0.000008 0.000000 
50.000000 32.903042 18.923754 9.492892 4.168292 1.612649 0.554038 0.170413 0.047329 0.012002 0.002849 0.000692 0.000226 0.000134 0.000117 0.000114 0.000113 0.000113 0.000113 0.000113 0.000113 0.000113 0.000113 0.000113 0.000113 0.000113 0.000113 0.000113 0.000113 0.000113 0.000113 0.000113 0.000113 0.000113 0.000113 0.000113 0.000113 0.000113 0.000113 0.000113 0.000113 0.000113 0.000113 0.000112 0.000111 0.000106 0.000095 0.000074 0.000042 0.000000 
50.000000 32.903203 18.924047 9.493272 4.168721 1.613100 0.554499 0.170877 0.047794 0.012467 0.003314 0.001157 0.000692 0.000599 0.000582 0.000579 0.000579 0.000579 0.000579 0.000579 0.000579 0.000579 0.000579 0.000579 0.000579 0.000579 0.000579 0.000579 0.000579 0.000579 0.000579 0.000579 0.000579 0.000579 0.000579 0.000579 0.000579 0.000579 0.000579 0.000579 0.000579 0.000578 0.000578 0.000575 0.000566 0.000542 0.000487 0.000381 0.000214 0.000000 
50.000000 32.903949 18.925400 9.495031 4.170705 1.615192 0.556634 0.173027 0.049950 0.014624 0.005471 0.003314 0.002849 0.002756 0.002739 0.002736 0.002736 0.002736 0.002736 0.002736 0.002736 0.002736 0.002736 0.002736 0.002736 0.002736 0.002736 0.002736 0.002736 0.002736 0.002736 0.002736 0.002736 0.002736 0.002736 0.002736 0.002736 0.002736 0.002736 0.002736 0.002735 0.002734 0.002731 0.002717 0.002676 0.002565 0.002309 0.001811 0.001016 0.000000 
50.000000 32.907110 18.931133 9.502486 4.179122 1.624064 0.565691 0.182151 0.059095 0.023774 0.014624 0.012467 0.012002 0.011909 0.011892 0.011889 0.011889 0.011888 0.011888 0.011888 0.011888 0.011888 0.011888 0.011888 0.011888 0.011888 0.011888 0.011888 0.011888 0.011888 0.011888 0.011888 0.011888 0.011888 0.011888 0.011888 0.011888 0.011888 0.011888 0.011888 0.011887 0.011883 0.011867 0.011810 0.011636 0.011165 0.010069 0.007919 0.004454 0.000000 
50.000000 32.919289 18.953235 9.531236 4.211592 1.658299 0.600649 0.217367 0.094392 0.059095 0.049950 0.047794 0.047329 0.047237 0.047220 0.047217 0.047216 0.047216 0.047216 0.047216 0.047216 0.047216 0.047216 0.047216 0.047216 0.047216 0.047216 0.047216 0.047216 0.047216 0.047216 0.047216 0.047216 0.047216 0.047216 0.047216 0.047216 0.047216 0.047216 0.047215 0.047212 0.047196 0.047135 0.046921 0.046256 0.044442 0.040178 0.031709 0.017900 0.000000 
50.000000 32.961655 19.030140 9.631317 4.324659 1.777545 0.722428 0.340054 0.217367 0.182151 0.173027 0.170877 0.170413 0.170320 0.170303 0.170300 0.170300 0.170300 0.170300 0.170300 0.170300 0.170300 0.170300 0.170300 0.170300 0.170300 0.170300 0.170300 0.170300 0.170300 0.170300 0.170300 0.170300 0.170300 0.170300 0.170300 0.170300 0.170300 0.170299 0.170297 0.170285 0.170232 0.170027 0.169304 0.167035 0.160770 0.145820 0.115645 0.065623 0.000000 
50.000000 33.093501 19.269549 9.942986 4.676894 2.149116 1.101946 0.722428 0.600649 0.565691 0.556634 0.554499 0.554038 0.553946 0.553929 0.553926 0.553926 0.553926 0.553926 0.553926 0.553926 0.553926 0.553926 0.553926 0.553926 0.553926 0.553926 0.553926 0.553926 0.553926 0.553926 0.553926 0.553926 0.553926 0.553926 0.553926 0.553926 0.553925 0.553924 0.553916 0.553881 0.553728 0.553124 0.550973 0.544134 0.524951 0.478275 0.381932 0.218427 0.000000 
50.000000 33.456813 19.929442 10.802361 5.648431 3.174221 2.149116 1.777545 1.658299 1.624064 1.615192 1.613100 1.612649 1.612559 1.612543 1.612540 1.612539 1.612539 1.612539 1.612539 1.612539 1.612539 1.612539 1.612539 1.612539 1.612539 1.612539 1.612539 1.612539 1.612539 1.612539 1.612539 1.612539 1.612539 1.612539 1.612539 1.612539 1.612538 1.612535 1.612516 1.612428 1.612043 1.610510 1.604982 1.587110 1.535926 1.408103 1.135866 0.657619 0.000000 
50.000000 34.332751 21.520847 12.875511 7.992854 5.648431 4.676894 4.324659 4.211592 4.179122 4.170705 4.168721 4.168292 4.168207 4.168191 4.168188 4.168188 4.168188 4.168188 4.168188 4.168188 4.168188 4.168188 4.168188 4.168188 4.168188 4.168188 4.168188 4.168188 4.168188 4.168188 4.168188 4.168188 4.168188 4.168188 4.168188 4.168188 4.168186 4.168179 4.168141 4.167957 4.167149 4.163889 4.151944 4.112505 3.996427 3.696119 3.027320 1.788809 0.000000 
50.000000 36.155616 24.833395 17.192068 12.875511 10.802361 9.942986 9.631317 9.531236 9.502486 9.495031 9.493272 9.492892 9.492816 9.492802 9.492800 9.492800 9.492800 9.492800 9.492800 9.492800 9.492800 9.492800 9.492800 9.492800 9.492800 9.492800 9.492800 9.492800 9.492800 9.492800 9.492800 9.492800 9.492800 9.492800 9.492800 9.492799 9.492797 9.492785 9.492722 9.492417 9.491059 9.485497 9.464711 9.394258 9.179391 8.596034 7.209632 4.417223 0.000000 
50.000000 39.381132 30.695991 24.833395 21.520847 19.929442 19.269549 19.030140 18.953235 18.931133 18.925400 18.924047 18.923754 18.923696 18.923685 18.923684 18.923683 18.923683 18.923683 18.923683 18.923683 18.923683 18.923683 18.923683 18.923683 18.923683 18.923683 18.923683 18.923683 18.923683 18.923683 18.923683 18.923683 18.923683 18.923683 18.923683 18.923683 18.923680 18.923666 18.923589 18.923215 18.921526 18.914495 18.887617 18.793576 18.493526 17.623764 15.347995 10.073104 0.000000 
50.000000 44.158904 39.381132 36.155616 34.332751 33.456813 33.093501 32.961655 32.919289 32.907110 32.903949 32.903203 32.903042 32.903009 32.903004 32.903003 32.903002 32.903002 32.903002 32.903002 32.903002 32.903002 32.903002 32.903002 32.903002 32.903002 32.903002 32.903002 32.903002 32.903002 32.903002 32.903002 32.903002 32.903002 32.903002 32.903002 32.903002 32.903000 32.902989 32.902933 32.902656 32.901389 32.896032 32.875074 32.799194 32.543942 31.738393 29.308028 22.079452 0.000000 
50.000000 50.000000 50.000000 50.000000 50.000000 50.000000 50.000000 50.000000 50.000000 50.000000 50.000000 50.000000 50.000000 50.000000 50.000000 50.000000 50.000000 50.000000 50.000000 50.000000 50.000000 50.000000 50.000000 50.000000 50.000000 50.000000 50.000000 50.000000 50.000000 50.000000 50.000000 50.000000 50.000000 50.000000 50.000000 50.000000 50.000000 50.000000 50.000000 50.000000 50.000000 50.000000 50.000000 50.000000 50.000000 50.000000 50.000000 50.000000 50.000000 50.000000 
