50.000000 50.000000 50.000000 50.000000 50.000000 50.000000 50.000000 50.000000 50.000000 50.000000 50.000000 50.000000 50.000000 50.000000 50.000000 50.000000 50.000000 50.000000 50.000000 50.000000 50.000000 50.000000 50.000000 50.000000 50.000000 50.000000 50.000000 50.000000 50.000000 50.000000 50.000000 50.000000 50.000000 50.000000 50.000000 50.000000 50.000000 50.000000 50.000000 50.000000 50.000000 50.000000 50.000000 50.000000 50.000000 50.000000 50.000000 50.000000 50.000000 50.000000 
50.000000 48.430004 46.937350 45.587965 44.427751 43.478616 42.739497 42.191283 41.803735 41.542420 41.374223 41.270791 41.209967 41.175733 41.157272 41.147726 41.142988 41.140729 41.139692 41.139235 41.139040 41.138961 41.138929 41.138917 41.138912 41.138911 41.138910 41.138909 41.138907 41.138903 41.138890 41.138859 41.138779 41.138588 41.138138 41.137115 41.134860 41.130041 41.120038 41.099851 41.060147 40.983811 40.839663 40.570473 40.068218 39.117555 37.251000 33.331978 24.215002 0.000000 
50.000000 46.937350 44.025578 41.393294 39.130037 37.278547 35.836747 34.767354 34.011376 33.501641 33.173551 32.971795 32.853153 32.786377 32.750369 32.731749 32.722508 32.718101 32.716080 32.715187 32.714808 32.714652 32.714591 32.714567 32.714558 32.714555 32.714554 32.714552 32.714549 32.714540 32.714518 32.714460 32.714315 32.713965 32.713145 32.711285 32.707196 32.698484 32.680475 32.644321 32.573726 32.439339 32.189155 31.731764 30.906159 29.425537 26.771829 22.012789 13.605372 0.000000 
50.000000 45.587965 41.393294 37.601263 34.340869 31.673677 29.596690 28.056191 26.967193 26.232923 25.760319 25.469700 25.298807 25.202623 25.150759 25.123941 25.110630 25.104283 25.101372 25.100087 25.099540 25.099316 25.099228 25.099194 25.099181 25.099176 25.099174 25.099172 25.099168 25.099157 25.099128 25.099053 25.098866 25.098414 25.097360 25.094977 25.089759 25.078692 25.055957 25.010674 24.923159 24.758839 24.458622 23.923963 22.994315 21.415150 18.800632 14.621465 8.336966 0.000000 
50.000000 44.427751 39.130037 34.340869 30.223165 26.854678 24.231613 22.286118 20.910845 19.983569 19.386752 19.019759 18.803960 18.682505 18.617016 18.583154 18.566348 18.558334 18.554659 18.553037 18.552347 18.552064 18.551952 18.551909 18.551893 18.551887 18.551885 18.551882 18.551878 18.551866 18.551834 18.551752 18.551550 18.551062 18.549928 18.547372 18.541805 18.530069 18.506139 18.458924 18.368762 18.202071 17.903620 17.386131 16.517859 15.111583 12.925719 9.704500 5.310196 0.000000 
50.000000 43.478616 37.278547 31.673677 26.854678 22.912540 19.842813 17.566073 15.956673 14.871561 14.173173 13.743733 13.491222 13.349109 13.272483 13.232864 13.213202 13.203826 13.199526 13.197629 13.196822 13.196491 13.196360 13.196310 13.196291 13.196284 13.196281 13.196279 13.196275 13.196263 13.196232 13.196154 13.195959 13.195493 13.194412 13.191989 13.186740 13.175750 13.153522 13.110109 13.028240 12.879240 12.617683 12.175359 11.456270 10.336818 8.679362 6.372388 3.410398 0.000000 
50.000000 42.739497 35.836747 29.596690 24.231613 19.842813 16.425323 13.890699 12.099040 10.891070 10.113629 9.635592 9.354513 9.196327 9.111039 9.066942 9.045058 9.034623 9.029838 9.027726 9.026828 9.026460 9.026314 9.026259 9.026238 9.026230 9.026227 9.026225 9.026221 9.026211 9.026184 9.026115 9.025946 9.025541 9.024606 9.022522 9.018031 9.008696 8.989976 8.953782 8.886367 8.765502 8.557186 8.212661 7.667454 6.845482 5.672727 4.104983 2.169024 0.000000 
50.000000 42.191283 34.767354 28.056191 22.286118 17.566073 13.890699 11.164858 9.238071 7.939022 7.102984 6.588930 6.286682 6.116588 6.024882 5.977469 5.953939 5.942720 5.937576 5.935306 5.934340 5.933945 5.933788 5.933728 5.933706 5.933698 5.933695 5.933693 5.933689 5.933681 5.933659 5.933604 5.933468 5.933144 5.932399 5.930747 5.927209 5.919906 5.905382 5.877577 5.826389 5.735880 5.582429 5.333513 4.948390 4.382498 3.597569 2.578199 1.351620 0.000000 
50.000000 41.803735 34.011376 26.967193 20.910845 15.956673 12.099040 9.238071 7.215802 5.852406 4.974974 4.435481 4.118284 3.939782 3.843545 3.793791 3.769101 3.757329 3.751931 3.749549 3.748536 3.748121 3.747957 3.747894 3.747871 3.747862 3.747859 3.747857 3.747855 3.747848 3.747832 3.747790 3.747689 3.747448 3.746896 3.745678 3.743085 3.737770 3.727282 3.707389 3.671161 3.607901 3.502191 3.333538 3.077434 2.708774 2.208354 1.572037 0.819924 0.000000 
50.000000 41.542420 33.501641 26.232923 19.983569 14.871561 10.891070 7.939022 5.852406 4.445650 3.540331 2.983702 2.656438 2.472274 2.372988 2.321658 2.296186 2.284042 2.278475 2.276017 2.274972 2.274544 2.274374 2.274310 2.274286 2.274277 2.274274 2.274272 2.274270 2.274266 2.274254 2.274225 2.274154 2.273986 2.273603 2.272762 2.270983 2.267357 2.260257 2.246905 2.222825 2.181245 2.112634 2.004702 1.843321 1.614807 1.309764 0.927915 0.482273 0.000000 
50.000000 41.374223 33.173551 25.760319 19.386752 14.173173 10.113629 7.102984 4.974974 3.540331 2.617078 2.049432 1.715695 1.527893 1.426647 1.374306 1.348333 1.335950 1.330272 1.327767 1.326702 1.326265 1.326092 1.326026 1.326001 1.325993 1.325990 1.325988 1.325987 1.325984 1.325976 1.325957 1.325910 1.325800 1.325550 1.325003 1.323853 1.321523 1.316993 1.308539 1.293426 1.267584 1.225407 1.159847 1.063065 0.927828 0.749645 0.529230 0.274373 0.000000 
50.000000 41.270791 32.971795 25.469700 19.019759 13.743733 9.635592 6.588930 4.435481 2.983702 2.049432 1.475019 1.137308 0.947273 0.844824 0.791861 0.765580 0.753051 0.747307 0.744772 0.743694 0.743252 0.743077 0.743010 0.742985 0.742977 0.742973 0.742972 0.742971 0.742969 0.742964 0.742952 0.742923 0.742855 0.742701 0.742365 0.741662 0.740246 0.737509 0.732439 0.723445 0.708199 0.683548 0.645616 0.590211 0.513620 0.413743 0.291320 0.150753 0.000000 
50.000000 41.209967 32.853153 25.298807 18.803960 13.491222 9.354513 6.286682 4.118284 2.656438 1.715695 1.137308 0.797264 0.605917 0.502763 0.449436 0.422975 0.410360 0.404576 0.402023 0.400938 0.400493 0.400317 0.400250 0.400225 0.400216 0.400213 0.400212 0.400211 0.400210 0.400207 0.400200 0.400183 0.400143 0.400053 0.399857 0.399449 0.398632 0.397062 0.394172 0.389080 0.380514 0.366776 0.345817 0.315472 0.273891 0.220114 0.154669 0.079926 0.000000 
50.000000 41.175733 32.786377 25.202623 18.682505 13.349109 9.196327 6.116588 3.939782 2.472274 1.527893 0.947273 0.605917 0.413834 0.310283 0.256752 0.230189 0.217526 0.211720 0.209158 0.208068 0.207622 0.207445 0.207377 0.207353 0.207344 0.207340 0.207339 0.207339 0.207338 0.207336 0.207332 0.207323 0.207301 0.207250 0.207142 0.206917 0.206468 0.205611 0.204040 0.201291 0.196697 0.189379 0.178296 0.162369 0.140700 0.112864 0.079180 0.040872 0.000000 
50.000000 41.157272 32.750369 25.150759 18.617016 13.272483 9.111039 6.024882 3.843545 2.372988 1.426647 0.844824 0.502763 0.310283 0.206519 0.152878 0.126261 0.113571 0.107754 0.105186 0.104095 0.103647 0.103470 0.103402 0.103377 0.103368 0.103365 0.103364 0.103364 0.103363 0.103363 0.103360 0.103355 0.103343 0.103317 0.103260 0.103141 0.102906 0.102459 0.101644 0.100225 0.097868 0.094135 0.088517 0.080494 0.069644 0.055782 0.039084 0.020158 0.000000 
50.000000 41.147726 32.731749 25.123941 18.583154 13.232864 9.066942 5.977469 3.793791 2.321658 1.374306 0.791861 0.449436 0.256752 0.152878 0.099179 0.072534 0.059832 0.054008 0.051438 0.050345 0.049897 0.049720 0.049652 0.049627 0.049618 0.049615 0.049614 0.049614 0.049613 0.049613 0.049612 0.049609 0.049603 0.049590 0.049561 0.049501 0.049384 0.049160 0.048756 0.048055 0.046895 0.045069 0.042336 0.038452 0.033227 0.026580 0.018604 0.009589 0.000000 
50.000000 41.142988 32.722508 25.110630 18.566348 13.213202 9.045058 5.953939 3.769101 2.296186 1.348333 0.765580 0.422975 0.230189 0.126261 0.072534 0.045875 0.033166 0.027339 0.024768 0.023675 0.023226 0.023049 0.022981 0.022956 0.022947 0.022944 0.022943 0.022943 0.022943 0.022942 0.022942 0.022941 0.022938 0.022931 0.022917 0.022888 0.022832 0.022725 0.022533 0.022200 0.021653 0.020795 0.019517 0.017709 0.015286 0.012216 0.008543 0.004401 0.000000 
50.000000 41.140729 32.718101 25.104283 18.558334 13.203826 9.034623 5.942720 3.757329 2.284042 1.335950 0.753051 0.410360 0.217526 0.113571 0.059832 0.033166 0.020453 0.014625 0.012053 0.010960 0.010512 0.010334 0.010266 0.010241 0.010232 0.010229 0.010228 0.010228 0.010228 0.010228 0.010227 0.010227 0.010225 0.010222 0.010216 0.010203 0.010177 0.010128 0.010040 0.009888 0.009640 0.009253 0.008677 0.007867 0.006784 0.005417 0.003786 0.001949 0.000000 
50.000000 41.139692 32.716080 25.101372 18.554659 13.199526 9.029838 5.937576 3.751931 2.278475 1.330272 0.747307 0.404576 0.211720 0.107754 0.054008 0.027339 0.014625 0.008797 0.006224 0.005131 0.004682 0.004505 0.004437 0.004412 0.004403 0.004400 0.004399 0.004399 0.004398 0.004398 0.004398 0.004398 0.004397 0.004396 0.004393 0.004387 0.004376 0.004354 0.004316 0.004249 0.004141 0.003972 0.003723 0.003373 0.002906 0.002319 0.001620 0.000834 0.000000 
50.000000 41.139235 32.715187 25.100087 18.553037 13.197629 9.027726 5.935306 3.749549 2.276017 1.327767 0.744772 0.402023 0.209158 0.105186 0.051438 0.024768 0.012053 0.006224 0.003652 0.002558 0.002110 0.001932 0.001865 0.001840 0.001831 0.001828 0.001826 0.001826 0.001826 0.001826 0.001826 0.001826 0.001826 0.001825 0.001824 0.001821 0.001816 0.001807 0.001791 0.001763 0.001717 0.001647 0.001542 0.001396 0.001203 0.000959 0.000669 0.000344 0.000000 
50.000000 41.139040 32.714808 25.099540 18.552347 13.196822 9.026828 5.934341 3.748536 2.274972 1.326702 0.743694 0.400938 0.208068 0.104095 0.050345 0.023675 0.010960 0.005131 0.002558 0.001465 0.001016 0.000839 0.000771 0.000746 0.000737 0.000734 0.000733 0.000732 0.000732 0.000732 0.000732 0.000732 0.000732 0.000732 0.000731 0.000730 0.000728 0.000725 0.000718 0.000707 0.000688 0.000660 0.000617 0.000559 0.000481 0.000383 0.000267 0.000138 0.000000 
50.000000 41.138961 32.714652 25.099316 18.552064 13.196491 9.026460 5.933945 3.748121 2.274544 1.326265 0.743252 0.400493 0.207622 0.103647 0.049897 0.023227 0.010512 0.004682 0.002110 0.001016 0.000568 0.000390 0.000323 0.000298 0.000289 0.000286 0.000285 0.000284 0.000284 0.000284 0.000284 0.000284 0.000284 0.000284 0.000284 0.000283 0.000282 0.000281 0.000278 0.000274 0.000267 0.000256 0.000239 0.000216 0.000186 0.000148 0.000103 0.000053 0.000000 
50.000000 41.138929 32.714591 25.099228 18.551952 13.196360 9.026315 5.933788 3.747957 2.274375 1.326092 0.743077 0.400318 0.207446 0.103471 0.049720 0.023050 0.010335 0.004505 0.001933 0.000839 0.000391 0.000213 0.000146 0.000121 0.000112 0.000108 0.000107 0.000107 0.000107 0.000107 0.000107 0.000107 0.000107 0.000107 0.000107 0.000107 0.000106 0.000106 0.000105 0.000103 0.000100 0.000096 0.000090 0.000081 0.000070 0.000056 0.000039 0.000020 0.000000 
50.000000 41.138917 32.714568 25.099194 18.551910 13.196311 9.026260 5.933729 3.747895 2.274311 1.326027 0.743012 0.400251 0.207379 0.103404 0.049654 0.022983 0.010268 0.004439 0.001866 0.000772 0.000324 0.000147 0.000079 0.000054 0.000045 0.000042 0.000041 0.000040 0.000040 0.000040 0.000040 0.000040 0.000040 0.000040 0.000040 0.000040 0.000040 0.000040 0.000039 0.000039 0.000038 0.000036 0.000034 0.000030 0.000026 0.000021 0.000015 0.000007 0.000000 
50.000000 41.138913 32.714560 25.099183 18.551896 13.196294 9.026242 5.933710 3.747875 2.274290 1.326006 0.742990 0.400230 0.207357 0.103382 0.049632 0.022961 0.010246 0.004417 0.001844 0.000751 0.000302 0.000125 0.000057 0.000032 0.000023 0.000020 0.000019 0.000018 0.000018 0.000018 0.000018 0.000018 0.000018 0.000018 0.000018 0.000018 0.000018 0.000018 0.000018 0.000018 0.000017 0.000016 0.000015 0.000014 0.000012 0.000009 0.000007 0.000003 0.000000 
50.000000 41.138913 32.714560 25.099183 18.551896 13.196294 9.026242 5.933710 3.747875 2.274290 1.326006 0.742990 0.400230 0.207357 0.103382 0.049632 0.022961 0.010246 0.004417 0.001844 0.000751 0.000302 0.000125 0.000057 0.000032 0.000023 0.000020 0.000019 0.000018 0.000018 0.000018 0.000018 0.000018 0.000018 0.000018 0.000018 0.000018 0.000018 0.000018 0.000018 0.000018 0.000017 0.000016 0.000015 0.000014 0.000012 0.000009 0.000007 0.000003 0.000000 
50.000000 41.138917 32.714568 25.099194 18.551910 13.196311 9.026260 5.933729 3.747895 2.274311 1.326027 0.743012 0.400251 0.207379 0.103404 0.049654 0.022983 0.010268 0.004439 0.001866 0.000772 0.000324 0.000147 0.000079 0.000054 0.000045 0.000042 0.000041 0.000040 0.000040 0.000040 0.000040 0.000040 0.000040 0.000040 0.000040 0.000040 0.000040 0.000040 0.000039 0.000039 0.000038 0.000036 0.000034 0.000030 0.000026 0.000021 0.000015 0.000007 0.000000 
50.000000 41.138929 32.714591 25.099228 18.551952 13.196360 9.026315 5.933788 3.747957 2.274375 1.326092 0.743077 0.400318 0.207446 0.103471 0.049720 0.023050 0.010335 0.004505 0.001933 0.000839 0.000391 0.000213 0.000146 0.000121 0.000112 0.000108 0.000107 0.000107 0.000107 0.000107 0.000107 0.000107 0.000107 0.000107 0.000107 0.000107 0.000106 0.000106 0.000105 0.000103 0.000100 0.000096 0.000090 0.000081 0.000070 0.000056 0.000039 0.000020 0.000000 
50.000000 41.138961 32.714652 25.099316 18.552064 13.196491 9.026460 5.933945 3.748121 2.274544 1.326265 0.743252 0.400493 0.207622 0.103647 0.049897 0.023227 0.010512 0.004682 0.002110 0.001016 0.000568 0.000390 0.000323 0.000298 0.000289 0.000286 0.000285 0.000284 0.000284 0.000284 0.000284 0.000284 0.000284 0.000284 0.000284 0.000283 0.000282 0.000281 0.000278 0.000274 0.000267 0.000256 0.000239 0.000216 0.000186 0.000148 0.000103 0.000053 0.000000 
50.000000 41.139040 32.714808 25.099540 18.552347 13.196822 9.026828 5.934341 3.748536 2.274972 1.326702 0.743694 0.400938 0.208068 0.104095 0.050345 0.023675 0.010960 0.005131 0.002558 0.001465 0.001016 0.000839 0.000771 0.000746 0.000737 0.000734 0.000733 0.000732 0.000732 0.000732 0.000732 0.000732 0.000732 0.000732 0.000731 0.000730 0.000728 0.000725 0.000718 0.000707 0.000688 0.000660 0.000617 0.000559 0.000481 0.000383 0.000267 0.000138 0.000000 
50.000000 41.139235 32.715187 25.100087 18.553037 13.197629 9.027726 5.935306 3.749549 2.276017 1.327767 0.744772 0.402023 0.209158 0.105186 0.051438 0.024768 0.012053 0.006224 0.003652 0.002558 0.002110 0.001932 0.001865 0.001840 0.001831 0.001828 0.001826 0.001826 0.001826 0.001826 0.001826 0.001826 0.001826 0.001825 0.001824 0.001821 0.001816 0.001807 0.001791 0.001763 0.001717 0.001647 0.001542 0.001396 0.001203 0.000959 0.000669 0.000344 0.000000 
50.000000 41.139692 32.716080 25.101372 18.554659 13.199526 9.029838 5.937576 3.751931 2.278475 1.330272 0.747307 0.404576 0.211720 0.107754 0.054008 0.027339 0.014625 0.008797 0.006224 0.005131 0.004682 0.004505 0.004437 0.004412 0.004403 0.004400 0.004399 0.004399 0.004398 0.004398 0.004398 0.004398 0.004397 0.004396 0.004393 0.004387 0.004376 0.004354 0.004316 0.004249 0.004141 0.003972 0.003723 0.003373 0.002906 0.002319 0.001620 0.000834 0.000000 
50.000000 41.140729 32.718101 25.104283 18.558334 13.203826 9.034623 5.942720 3.757329 2.284042 1.335950 0.753051 0.410360 0.217526 0.113571 0.059832 0.033166 0.020453 0.014625 0.012053 0.010960 0.010512 0.010334 0.010266 0.010241 0.010232 0.010229 0.010228 0.010228 0.010228 0.010228 0.010227 0.010227 0.010225 0.010222 0.010216 0.010203 0.010177 0.010128 0.010040 0.009888 0.009640 0.009253 0.008677 0.007867 0.006784 0.005417 0.003786 0.001949 0.000000 
50.000000 41.142988 32.722508 25.110630 18.566348 13.213202 9.045058 5.953939 3.769101 2.296186 1.348333 0.765580 0.422975 0.230189 0.126261 0.072534 0.045875 0.033166 0.027339 0.024768 0.023675 0.023226 0.023049 0.022981 0.022956 0.022947 0.022944 0.022943 0.022943 0.022943 0.022942 0.022942 0.022941 0.022938 0.022931 0.022917 0.022888 0.022832 0.022725 0.022533 0.022200 0.021653 0.020795 0.019517 0.017709 0.015286 0.012216 0.008543 0.004401 0.000000 
50.000000 41.147726 32.731749 25.123941 18.583154 13.232864 9.066942 5.977469 3.793791 2.321658 1.374306 0.791861 0.449436 0.256752 0.152878 0.099179 0.072534 0.059832 0.054008 0.051438 0.050345 0.049897 0.049720 0.049652 0.049627 0.049618 0.049615 0.049614 0.049614 0.049613 0.049613 0.049612 0.049609 0.049603 0.049590 0.049561 0.049501 0.049384 0.049160 0.048756 0.048055 0.046895 0.045069 0.042336 0.038452 0.033227 0.026580 0.018604 0.009589 0.000000 
50.000000 41.157272 32.750369 25.150759 18.617016 13.272483 9.111039 6.024882 3.843545 2.372988 1.426647 0.844824 0.502763 0.310283 0.206519 0.152878 0.126261 0.113571 0.107754 0.105186 0.104095 0.103647 0.103470 0.103402 0.103377 0.103368 0.103365 0.103364 0.103364 0.103363 0.103363 0.103360 0.103355 0.103343 0.103317 0.103260 0.103141 0.102906 0.102459 0.101644 0.100225 0.097868 0.094135 0.088517 0.080494 0.069644 0.055782 0.039084 0.020158 0.000000 
50.000000 41.175733 32.786377 25.202623 18.682505 13.349109 9.196327 6.116588 3.939782 2.472274 1.527893 0.947273 0.605917 0.413834 0.310283 0.256752 0.230189 0.217526 0.211720 0.209158 0.208068 0.207622 0.207445 0.207377 0.207353 0.207344 0.207340 0.207339 0.207339 0.207338 0.207336 0.207332 0.207323 0.207301 0.207250 0.207142 0.206917 0.206468 0.205611 0.204040 0.201291 0.196697 0.189379 0.178296 0.162369 0.140700 0.112864 0.079180 0.040872 0.000000 
50.000000 41.209967 32.853153 25.298807 18.803960 13.491222 9.354513 6.286682 4.118284 2.656438 1.715695 1.137308 0.797264 0.605917 0.502763 0.449436 0.422975 0.410360 0.404576 0.402023 0.400938 0.400493 0.400317 0.400250 0.400225 0.400216 0.400213 0.400212 0.400211 0.400210 0.400207 0.400200 0.400183 0.400143 0.400053 0.399857 0.399449 0.398632 0.397062 0.394172 0.389080 0.380514 0.366776 0.345817 0.315472 0.273891 0.220114 0.154669 0.079926 0.000000 
50.000000 41.270791 32.971795 25.469700 19.019759 13.743733 9.635592 6.588930 4.435481 2.983702 2.049432 1.475019 1.137308 0.947273 0.844824 0.791861 0.765580 0.753051 0.747307 0.744772 0.743694 0.743252 0.743077 0.743010 0.742985 0.742977 0.742973 0.742972 0.742971 0.742969 0.742964 0.742952 0.742923 0.742855 0.742701 0.742365 0.741662 0.740246 0.737509 0.732439 0.723445 0.708199 0.683548 0.645616 0.590211 0.513620 0.413743 0.291320 0.150753 0.000000 
50.000000 41.374223 33.173551 25.760319 19.386752 14.173173 10.113629 7.102984 4.974974 3.540331 2.617078 2.049432 1.715695 1.527893 1.426647 1.374306 1.348333 1.335950 1.330272 1.327767 1.326702 1.326265 1.326092 1.326026 1.326001 1.325993 1.325990 1.325988 1.325987 1.325984 1.325976 1.325957 1.325910 1.325800 1.325550 1.325003 1.323853 1.321523 1.316993 1.308539 1.293426 1.267584 1.225407 1.159847 1.063065 0.927828 0.749645 0.529230 0.274373 0.000000 
50.000000 41.542420 33.501641 26.232923 19.983569 14.871561 10.891070 7.939022 5.852406 4.445650 3.540331 2.983702 2.656438 2.472274 2.372988 2.321658 2.296186 2.284042 2.278475 2.276017 2.274972 2.274544 2.274374 2.274310 2.274286 2.274277 2.274274 2.274272 2.274270 2.274266 2.274254 2.274225 2.274154 2.273986 2.273603 2.272762 2.270983 2.267357 2.260257 2.246905 2.222825 2.181245 2.112634 2.004702 1.843321 1.614807 1.309764 0.927915 0.482273 0.000000 
50.000000 41.803735 34.011376 26.967193 20.910845 15.956673 12.099040 9.238071 7.215802 5.852406 4.974974 4.435481 4.118284 3.939782 3.843545 3.793791 3.769101 3.757329 3.751931 3.749549 3.748536 3.748121 3.747957 3.747894 3.747871 3.747862 3.747859 3.747857 3.747855 3.747848 3.747832 3.747790 3.747689 3.747448 3.746896 3.745678 3.743085 3.737770 3.727282 3.707389 3.671161 3.607901 3.502191 3.333538 3.077434 2.708774 2.208354 1.572037 0.819924 0.000000 
50.000000 42.191283 34.767354 28.056191 22.286118 17.566073 13.890699 11.164858 9.238071 7.939022 7.102984 6.588930 6.286682 6.116588 6.024882 5.977469 5.953939 5.942720 5.937576 5.935306 5.934340 5.933945 5.933788 5.933728 5.933706 5.933698 5.933695 5.933693 5.933689 5.933681 5.933659 5.933604 5.933468 5.933144 5.932399 5.930747 5.927209 5.919906 5.905382 5.877577 5.826389 5.735880 5.582429 5.333513 4.948390 4.382498 3.597569 2.578199 1.351620 0.000000 
50.000000 42.739497 35.836747 29.596690 24.231613 19.842813 16.425323 13.890699 12.099040 10.891070 10.113629 9.635592 9.354513 9.196327 9.111039 9.066942 9.045058 9.034623 9.029838 9.027726 9.026828 9.026460 9.026314 9.026259 9.026238 9.026230 9.026227 9.026225 9.026221 9.026211 9.026184 9.026115 9.025946 9.025541 9.024606 9.022522 9.018031 9.008696 8.989976 8.953782 8.886367 8.765502 8.557186 8.212661 7.667454 6.845482 5.672727 4.104983 2.169024 0.000000 
50.000000 43.478616 37.278547 31.673677 26.854678 22.912540 19.842813 17.566073 15.956673 14.871561 14.173173 13.743733 13.491222 13.349109 13.272483 13.232864 13.213202 13.203826 13.199526 13.197629 13.196822 13.196491 13.196360 13.196310 13.196291 13.196284 13.196281 13.196279 13.196275 13.196263 13.196232 13.196154 13.195959 13.195493 13.194412 13.191989 13.186740 13.175750 13.153522 13.110109 13.028240 12.879240 12.617683 12.175359 11.456270 10.336818 8.679362 6.372388 3.410398 0.000000 
50.000000 44.427751 39.130037 34.340869 30.223165 26.854678 24.231613 22.286118 20.910845 19.983569 19.386752 19.019759 18.803960 18.682505 18.617016 18.583154 18.566348 18.558334 18.554659 18.553037 18.552347 18.552064 18.551952 18.551909 18.551893 18.551887 18.551885 18.551882 18.551878 18.551866 18.551834 18.551752 18.551550 18.551062 18.549928 18.547372 18.541805 18.530069 18.506139 18.458924 18.368762 18.202071 17.903620 17.386131 16.517859 15.111583 12.925719 9.704500 5.310196 0.000000 
50.000000 45.587965 41.393294 37.601263 34.340869 31.673677 29.596690 28.056191 26.967193 26.232923 25.760319 25.469700 25.298807 25.202623 25.150759 25.123941 25.110630 25.104283 25.101372 25.100087 25.099540 25.099316 25.099228 25.099194 25.099181 25.099176 25.099174 25.099172 25.099168 25.099157 25.099128 25.099053 25.098866 25.098414 25.097360 25.094977 25.089759 25.078692 25.055957 25.010674 24.923159 24.758839 24.458622 23.923963 22.994315 21.415150 18.800632 14.621465 8.336966 0.000000 
50.000000 46.937350 44.025578 41.393294 39.130037 37.278547 35.836747 34.767354 34.011376 33.501641 33.173551 32.971795 32.853153 32.786377 32.750369 32.731749 32.722508 32.718101 32.716080 32.715187 32.714808 32.714652 32.714591 32.714567 32.714558 32.714555 32.714554 32.714552 32.714549 32.714540 32.714518 32.714460 32.714315 32.713965 32.713145 32.711285 32.707196 32.698484 32.680475 32.644321 32.573726 32.439339 32.189155 31.731764 30.906159 29.425537 26.771829 22.012789 13.605372 0.000000 
50.000000 48.430004 46.937350 45.587965 44.427751 43.478616 42.739497 42.191283 41.803735 41.542420 41.374223 41.270791 41.209967 41.175733 41.157272 41.147726 41.142988 41.140729 41.139692 41.139235 41.139040 41.138961 41.138929 41.138917 41.138912 41.138911 41.138910 41.138909 41.138907 41.138903 41.138890 41.138859 41.138779 41.138588 41.138138 41.137115 41.134860 41.130041 41.120038 41.099851 41.060147 40.983811 40.839663 40.570473 40.068218 39.117555 37.251000 33.331978 24.215002 0.000000 
50.000000 50.000000 50.000000 50.000000 50.000000 50.000000 50.000000 50.000000 50.000000 50.000000 50.000000 50.000000 50.000000 50.000000 50.000000 50.000000 50.000000 50.000000 50.000000 50.000000 50.000000 50.000000 50.000000 50.000000 50.000000 50.000000 50.000000 50.000000 50.000000 50.000000 50.000000 50.000000 50.000000 50.000000 50.000000 50.000000 50.000000 50.000000 50.000000 50.000000 50.000000 50.000000 50.000000 50.000000 50.000000 50.000000 50.000000 50.000000 50.000000 50.000000 
