50.000000 50.000000 50.000000 50.000000 50.000000 50.000000 50.000000 50.000000 50.000000 50.000000 50.000000 50.000000 50.000000 50.000000 50.000000 50.000000 50.000000 50.000000 50.000000 50.000000 50.000000 50.000000 50.000000 50.000000 50.000000 50.000000 50.000000 50.000000 50.000000 50.000000 50.000000 50.000000 50.000000 50.000000 50.000000 50.000000 50.000000 50.000000 50.000000 50.000000 50.000000 50.000000 50.000000 50.000000 50.000000 50.000000 50.000000 50.000000 50.000000 50.000000 
50.000000 48.940840 47.916895 46.959873 46.095041 45.339335 44.700704 44.178666 43.765809 43.449835 43.215751 43.047834 42.931167 42.852627 42.801379 42.768955 42.749057 42.737206 42.730355 42.726509 42.724410 42.723298 42.722724 42.722435 42.722293 42.722222 42.722183 42.722150 42.722102 42.722012 42.721829 42.721462 42.720739 42.719341 42.716700 42.711815 42.702966 42.687242 42.659802 42.612676 42.532807 42.398731 42.174634 41.798914 41.160177 40.041522 37.976437 33.832280 24.470420 0.000000 
50.000000 47.916895 45.903052 44.020829 42.319925 40.833645 39.577624 38.550914 37.738934 37.117500 36.657123 36.326880 36.097430 35.942965 35.842177 35.778410 35.739276 35.715971 35.702497 35.694932 35.690806 35.688617 35.687488 35.686921 35.686642 35.686503 35.686426 35.686363 35.686272 35.686102 35.685759 35.685069 35.683709 35.681088 35.676142 35.667015 35.650518 35.621296 35.570503 35.483717 35.337651 35.094800 34.694471 34.037060 32.955247 31.159316 28.133031 22.951526 14.084615 0.000000 
50.000000 46.959873 44.020829 41.273878 38.791552 36.622457 34.789409 33.291027 32.106026 31.199113 30.527246 30.045299 29.710448 29.485029 29.337944 29.244887 29.187778 29.153768 29.134107 29.123067 29.117045 29.113852 29.112205 29.111377 29.110970 29.110768 29.110657 29.110568 29.110444 29.110213 29.109747 29.108813 29.106976 29.103441 29.096790 29.084552 29.062519 29.023678 28.956567 28.842789 28.653227 28.342315 27.839256 27.034475 25.758936 23.754206 20.636939 15.887798 8.983435 0.000000 
50.000000 46.095041 42.319925 38.791552 35.603088 32.816969 30.462499 28.537900 27.015835 25.850963 24.987999 24.368979 23.938894 23.649368 23.460455 23.340935 23.267587 23.223907 23.198655 23.184477 23.176743 23.172642 23.170527 23.169464 23.168941 23.168684 23.168544 23.168435 23.168289 23.168019 23.167479 23.166400 23.164281 23.160217 23.152595 23.138628 23.113604 23.069757 22.994562 22.868275 22.660389 22.324695 21.792523 20.963951 19.697516 17.801544 15.037345 11.160609 6.053519 0.000000 
50.000000 45.339335 40.833645 36.622457 32.816969 29.491698 26.681621 24.384611 22.568036 21.177780 20.147855 19.409078 18.895792 18.550260 18.324807 18.182170 18.094637 18.042511 18.012376 17.995457 17.986228 17.981334 17.978810 17.977542 17.976919 17.976613 17.976450 17.976329 17.976172 17.975888 17.975324 17.974199 17.971999 17.967791 17.959933 17.945601 17.920068 17.875634 17.800069 17.674461 17.470327 17.145946 16.642025 15.877325 14.745849 13.119453 10.863521 7.878398 4.179158 0.000000 
50.000000 44.700704 39.577624 34.789409 30.462499 26.681621 23.486541 20.874839 18.809408 17.228710 16.057714 15.217752 14.634173 14.241325 13.985002 13.822839 13.723323 13.664062 13.629803 13.610569 13.600077 13.594514 13.591644 13.590204 13.589496 13.589151 13.588970 13.588842 13.588686 13.588409 13.587864 13.586782 13.584672 13.580652 13.573178 13.559617 13.535606 13.494124 13.424194 13.309174 13.124626 12.835905 12.395827 11.743270 10.804296 9.498548 7.754935 5.540564 2.901790 0.000000 
50.000000 44.178666 38.550914 33.291027 28.537900 24.384611 20.874839 18.005922 15.737093 14.000748 12.714458 11.791806 11.150783 10.719272 10.437725 10.259606 10.150301 10.085211 10.047584 10.026458 10.014935 10.008825 10.005674 10.004092 10.003316 10.002939 10.002745 10.002616 10.002468 10.002215 10.001722 10.000746 9.998853 9.995260 9.988611 9.976611 9.955498 9.919292 9.858789 9.760301 9.604207 9.363534 9.002961 8.479012 7.742585 6.745378 5.451771 3.856443 2.004033 0.000000 
50.000000 43.765809 37.738934 32.106026 27.015835 22.568036 18.809408 15.737093 13.307429 11.448011 10.070562 9.082532 8.396095 7.934018 7.632533 7.441802 7.324759 7.255063 7.214773 7.192153 7.179815 7.173273 7.169899 7.168206 7.167376 7.166975 7.166772 7.166645 7.166511 7.166292 7.165870 7.165040 7.163436 7.160405 7.154822 7.144801 7.127282 7.097458 7.048042 6.968392 6.843594 6.653714 6.373559 5.973503 5.422091 4.691140 3.763711 2.644134 1.367078 0.000000 
50.000000 43.449835 37.117500 31.199113 25.850963 21.177780 17.228710 14.000748 11.448011 9.494422 8.047225 7.009174 6.287994 5.802535 5.485797 5.285420 5.162460 5.089240 5.046914 5.023152 5.010191 5.003319 4.999775 4.997997 4.997126 4.996706 4.996499 4.996375 4.996258 4.996076 4.995733 4.995062 4.993772 4.991344 4.986893 4.978947 4.965141 4.941804 4.903446 4.842188 4.747211 4.604417 4.396540 4.104083 3.707453 3.190574 2.545886 1.779849 0.917028 0.000000 
50.000000 43.215751 36.657123 30.527246 24.987999 20.147855 16.057714 12.714458 10.070562 8.047225 6.548370 5.473277 4.726368 4.223595 3.895565 3.688047 3.560705 3.484878 3.441046 3.416438 3.403016 3.395899 3.392230 3.390389 3.389488 3.389055 3.388845 3.388726 3.388626 3.388480 3.388213 3.387697 3.386706 3.384851 3.381467 3.375457 3.365076 3.347646 3.319211 3.274185 3.205037 3.102171 2.954158 2.748540 2.473395 2.119725 1.684457 1.173406 0.603074 0.000000 
50.000000 43.047834 36.326880 30.045299 24.368979 19.409078 15.217752 11.791806 9.082532 7.009174 5.473277 4.371622 3.606266 3.091080 2.754955 2.542317 2.411836 2.334140 2.289228 2.264014 2.250262 2.242971 2.239211 2.237325 2.236403 2.235961 2.235749 2.235636 2.235550 2.235438 2.235238 2.234857 2.234130 2.232774 2.230311 2.225960 2.218486 2.206014 2.185811 2.154066 2.105728 2.034490 1.933017 1.793558 1.609009 1.374417 1.088732 0.756378 0.388032 0.000000 
50.000000 42.931167 36.097430 29.710448 23.938894 18.895792 14.634173 11.150783 8.396095 6.287994 4.726368 3.606266 2.828100 2.304295 1.962549 1.746357 1.613697 1.534704 1.489042 1.463408 1.449426 1.442014 1.438192 1.436275 1.435338 1.434890 1.434677 1.434569 1.434496 1.434410 1.434267 1.433997 1.433484 1.432533 1.430814 1.427789 1.422622 1.414050 1.400252 1.378722 1.346190 1.298637 1.231491 1.140049 1.020159 0.869138 0.686770 0.476134 0.243925 0.000000 
50.000000 42.852627 35.942966 29.485029 23.649368 18.550260 14.241325 10.719272 7.934018 5.802535 4.223595 3.091080 2.304295 1.774692 1.429165 1.210583 1.076456 0.996591 0.950426 0.924509 0.910373 0.902879 0.899015 0.897077 0.896131 0.895679 0.895466 0.895362 0.895298 0.895234 0.895134 0.894949 0.894602 0.893961 0.892806 0.890784 0.887346 0.881673 0.872595 0.858519 0.837393 0.806736 0.763774 0.705719 0.630192 0.535763 0.422510 0.292448 0.149661 0.000000 
50.000000 42.801379 35.842177 29.337944 23.460455 18.324807 13.985002 10.437725 7.632533 5.485797 3.895565 2.754955 1.962549 1.429165 1.081172 0.861032 0.725950 0.645517 0.599023 0.572922 0.558686 0.551139 0.547248 0.545296 0.544343 0.543889 0.543676 0.543575 0.543518 0.543470 0.543402 0.543280 0.543053 0.542637 0.541889 0.540586 0.538381 0.534760 0.528995 0.520108 0.506850 0.487732 0.461115 0.425385 0.379206 0.321827 0.253392 0.175162 0.089564 0.000000 
50.000000 42.768955 35.778410 29.244887 23.340935 18.182170 13.822839 10.259606 7.441802 5.285420 3.688047 2.542317 1.746357 1.210583 0.861032 0.639907 0.504221 0.423429 0.376727 0.350510 0.336211 0.328630 0.324722 0.322761 0.321804 0.321349 0.321136 0.321037 0.320986 0.320949 0.320903 0.320825 0.320682 0.320421 0.319954 0.319143 0.317777 0.315544 0.312006 0.306580 0.298527 0.286980 0.270996 0.249660 0.222237 0.188340 0.148097 0.102268 0.052256 0.000000 
50.000000 42.749057 35.739276 29.187778 23.267587 18.094638 13.723323 10.150301 7.324760 5.162460 3.560706 2.411836 1.613697 1.076457 0.725950 0.504222 0.368166 0.287153 0.240324 0.214036 0.199698 0.192096 0.188177 0.186212 0.185253 0.184796 0.184584 0.184486 0.184438 0.184409 0.184378 0.184329 0.184242 0.184083 0.183801 0.183314 0.182496 0.181164 0.179063 0.175854 0.171116 0.164355 0.155042 0.142671 0.126846 0.107371 0.084338 0.058189 0.029716 0.000000 
50.000000 42.737206 35.715971 29.153769 23.223907 18.042511 13.664062 10.085212 7.255063 5.089241 3.484879 2.334141 1.534705 0.996592 0.645517 0.423429 0.287153 0.206009 0.159105 0.132775 0.118413 0.110800 0.106875 0.104906 0.103945 0.103488 0.103276 0.103179 0.103134 0.103109 0.103088 0.103058 0.103006 0.102913 0.102748 0.102465 0.101990 0.101221 0.100012 0.098174 0.095470 0.091628 0.086360 0.079391 0.070513 0.059626 0.046793 0.032262 0.016468 0.000000 
50.000000 42.730356 35.702498 29.134108 23.198656 18.012377 13.629805 10.047585 7.214775 5.046916 3.441048 2.289230 1.489044 0.950428 0.599025 0.376729 0.240326 0.159107 0.112159 0.085804 0.071429 0.063809 0.059880 0.057910 0.056948 0.056491 0.056279 0.056182 0.056138 0.056116 0.056101 0.056083 0.056053 0.056000 0.055907 0.055747 0.055480 0.055049 0.054375 0.053353 0.051856 0.049736 0.046840 0.043024 0.038179 0.032257 0.025296 0.017430 0.008894 0.000000 
50.000000 42.726510 35.694934 29.123070 23.184480 17.995460 13.610573 10.026462 7.192158 5.023157 3.416443 2.264019 1.463413 0.924514 0.572927 0.350515 0.214041 0.132779 0.085807 0.059438 0.045056 0.037431 0.033501 0.031529 0.030567 0.030110 0.029898 0.029802 0.029759 0.029739 0.029727 0.029715 0.029698 0.029669 0.029618 0.029530 0.029385 0.029151 0.028786 0.028234 0.027429 0.026292 0.024745 0.022713 0.020140 0.017003 0.013325 0.009177 0.004681 0.000000 
50.000000 42.724412 35.690809 29.117051 23.176750 17.986236 13.600086 10.014945 7.179826 5.010202 3.403027 2.250274 1.449439 0.910386 0.558698 0.336223 0.199710 0.118425 0.071440 0.045064 0.030677 0.023051 0.019119 0.017147 0.016184 0.015727 0.015515 0.015419 0.015377 0.015358 0.015348 0.015340 0.015330 0.015315 0.015287 0.015241 0.015164 0.015041 0.014848 0.014559 0.014138 0.013545 0.012740 0.011686 0.010356 0.008738 0.006844 0.004711 0.002402 0.000000 
50.000000 42.723302 35.688626 29.113865 23.172659 17.981354 13.594536 10.008850 7.173300 5.003347 3.395928 2.243000 1.442044 0.902909 0.551169 0.328660 0.192126 0.110830 0.063837 0.037457 0.023069 0.015441 0.011508 0.009536 0.008573 0.008116 0.007904 0.007809 0.007766 0.007748 0.007739 0.007733 0.007728 0.007719 0.007705 0.007681 0.007641 0.007578 0.007479 0.007331 0.007117 0.006815 0.006407 0.005874 0.005202 0.004387 0.003434 0.002363 0.001205 0.000000 
50.000000 42.722735 35.687510 29.112236 23.170567 17.978858 13.591699 10.005734 7.169963 4.999842 3.392299 2.239281 1.438263 0.899087 0.547320 0.324794 0.188250 0.106946 0.059950 0.033568 0.019179 0.011550 0.007618 0.005645 0.004683 0.004225 0.004013 0.003918 0.003876 0.003857 0.003849 0.003845 0.003841 0.003837 0.003829 0.003817 0.003797 0.003765 0.003715 0.003641 0.003533 0.003382 0.003178 0.002912 0.002577 0.002172 0.001700 0.001169 0.000596 0.000000 
50.000000 42.722461 35.686972 29.111451 23.169558 17.977654 13.590330 10.004230 7.168353 4.998151 3.390548 2.237487 1.436439 0.897243 0.545463 0.322929 0.186379 0.105073 0.058076 0.031692 0.017302 0.009674 0.005741 0.003768 0.002806 0.002348 0.002136 0.002041 0.001999 0.001981 0.001973 0.001969 0.001967 0.001964 0.001960 0.001954 0.001943 0.001926 0.001901 0.001862 0.001806 0.001728 0.001623 0.001487 0.001315 0.001108 0.000867 0.000596 0.000304 0.000000 
50.000000 42.722351 35.686756 29.111136 23.169154 17.977172 13.589782 10.003629 7.167709 4.997474 3.389847 2.236770 1.435710 0.896506 0.544720 0.322183 0.185631 0.104324 0.057325 0.030942 0.016552 0.008923 0.004990 0.003018 0.002055 0.001597 0.001386 0.001290 0.001248 0.001230 0.001222 0.001219 0.001217 0.001215 0.001212 0.001208 0.001202 0.001191 0.001175 0.001151 0.001116 0.001067 0.001002 0.000917 0.000811 0.000683 0.000534 0.000367 0.000187 0.000000 
50.000000 42.722351 35.686756 29.111136 23.169154 17.977172 13.589782 10.003629 7.167709 4.997474 3.389847 2.236770 1.435710 0.896506 0.544720 0.322183 0.185631 0.104324 0.057325 0.030942 0.016552 0.008923 0.004990 0.003018 0.002055 0.001597 0.001386 0.001290 0.001248 0.001230 0.001222 0.001219 0.001217 0.001215 0.001212 0.001208 0.001202 0.001191 0.001175 0.001151 0.001116 0.001067 0.001002 0.000917 0.000811 0.000683 0.000534 0.000367 0.000187 0.000000 
50.000000 42.722461 35.686972 29.111451 23.169558 17.977654 13.590330 10.004230 7.168353 4.998151 3.390548 2.237487 1.436439 0.897243 0.545463 0.322929 0.186379 0.105073 0.058076 0.031692 0.017302 0.009674 0.005741 0.003768 0.002806 0.002348 0.002136 0.002041 0.001999 0.001981 0.001973 0.001969 0.001967 0.001964 0.001960 0.001954 0.001943 0.001926 0.001901 0.001862 0.001806 0.001728 0.001623 0.001487 0.001315 0.001108 0.000867 0.000596 0.000304 0.000000 
50.000000 42.722735 35.687510 29.112236 23.170567 17.978858 13.591699 10.005734 7.169963 4.999842 3.392299 2.239281 1.438263 0.899087 0.547320 0.324794 0.188250 0.106946 0.059950 0.033568 0.019179 0.011550 0.007618 0.005645 0.004683 0.004225 0.004013 0.003918 0.003876 0.003857 0.003849 0.003845 0.003841 0.003837 0.003829 0.003817 0.003797 0.003765 0.003715 0.003641 0.003533 0.003382 0.003178 0.002912 0.002577 0.002172 0.001700 0.001169 0.000596 0.000000 
50.000000 42.723302 35.688626 29.113865 23.172659 17.981354 13.594536 10.008850 7.173300 5.003347 3.395928 2.243000 1.442044 0.902909 0.551169 0.328660 0.192126 0.110830 0.063837 0.037457 0.023069 0.015441 0.011508 0.009536 0.008573 0.008116 0.007904 0.007809 0.007766 0.007748 0.007739 0.007733 0.007728 0.007719 0.007705 0.007681 0.007641 0.007578 0.007479 0.007331 0.007117 0.006815 0.006407 0.005874 0.005202 0.004387 0.003434 0.002363 0.001205 0.000000 
50.000000 42.724412 35.690809 29.117051 23.176750 17.986236 13.600086 10.014945 7.179826 5.010202 3.403027 2.250274 1.449439 0.910386 0.558698 0.336223 0.199710 0.118425 0.071440 0.045064 0.030677 0.023051 0.019119 0.017147 0.016184 0.015727 0.015515 0.015419 0.015377 0.015358 0.015348 0.015340 0.015330 0.015315 0.015287 0.015241 0.015164 0.015041 0.014848 0.014559 0.014138 0.013545 0.012740 0.011686 0.010356 0.008738 0.006844 0.004711 0.002402 0.000000 
50.000000 42.726510 35.694934 29.123070 23.184480 17.995460 13.610573 10.026462 7.192158 5.023157 3.416443 2.264019 1.463413 0.924514 0.572927 0.350515 0.214041 0.132779 0.085807 0.059438 0.045056 0.037431 0.033501 0.031529 0.030567 0.030110 0.029898 0.029802 0.029759 0.029739 0.029727 0.029715 0.029698 0.029669 0.029618 0.029530 0.029385 0.029151 0.028786 0.028234 0.027429 0.026292 0.024745 0.022713 0.020140 0.017003 0.013325 0.009177 0.004681 0.000000 
50.000000 42.730356 35.702498 29.134108 23.198656 18.012377 13.629805 10.047585 7.214775 5.046916 3.441048 2.289230 1.489044 0.950428 0.599025 0.376729 0.240326 0.159107 0.112159 0.085804 0.071429 0.063809 0.059880 0.057910 0.056948 0.056491 0.056279 0.056182 0.056138 0.056116 0.056101 0.056083 0.056053 0.056000 0.055907 0.055747 0.055480 0.055049 0.054375 0.053353 0.051856 0.049736 0.046840 0.043024 0.038179 0.032257 0.025296 0.017430 0.008894 0.000000 
50.000000 42.737206 35.715971 29.153769 23.223907 18.042511 13.664062 10.085212 7.255063 5.089241 3.484879 2.334141 1.534705 0.996592 0.645517 0.423429 0.287153 0.206009 0.159105 0.132775 0.118413 0.110800 0.106875 0.104906 0.103945 0.103488 0.103276 0.103179 0.103134 0.103109 0.103088 0.103058 0.103006 0.102913 0.102748 0.102465 0.101990 0.101221 0.100012 0.098174 0.095470 0.091628 0.086360 0.079391 0.070513 0.059626 0.046793 0.032262 0.016468 0.000000 
50.000000 42.749057 35.739276 29.187778 23.267587 18.094638 13.723323 10.150301 7.324760 5.162460 3.560706 2.411836 1.613697 1.076457 0.725950 0.504222 0.368166 0.287153 0.240324 0.214036 0.199698 0.192096 0.188177 0.186212 0.185253 0.184796 0.184584 0.184486 0.184438 0.184409 0.184378 0.184329 0.184242 0.184083 0.183801 0.183314 0.182496 0.181164 0.179063 0.175854 0.171116 0.164355 0.155042 0.142671 0.126846 0.107371 0.084338 0.058189 0.029716 0.000000 
50.000000 42.768955 35.778410 29.244887 23.340935 18.182170 13.822839 10.259606 7.441802 5.285420 3.688047 2.542317 1.746357 1.210583 0.861032 0.639907 0.504221 0.423429 0.376727 0.350510 0.336211 0.328630 0.324722 0.322761 0.321804 0.321349 0.321136 0.321037 0.320986 0.320949 0.320903 0.320825 0.320682 0.320421 0.319954 0.319143 0.317777 0.315544 0.312006 0.306580 0.298527 0.286980 0.270996 0.249660 0.222237 0.188340 0.148097 0.102268 0.052256 0.000000 
50.000000 42.801379 35.842177 29.337944 23.460455 18.324807 13.985002 10.437725 7.632533 5.485797 3.895565 2.754955 1.962549 1.429165 1.081172 0.861032 0.725950 0.645517 0.599023 0.572922 0.558686 0.551139 0.547248 0.545296 0.544343 0.543889 0.543676 0.543575 0.543518 0.543470 0.543402 0.543280 0.543053 0.542637 0.541889 0.540586 0.538381 0.534760 0.528995 0.520108 0.506850 0.487732 0.461115 0.425385 0.379206 0.321827 0.253392 0.175162 0.089564 0.000000 
50.000000 42.852627 35.942966 29.485029 23.649368 18.550260 14.241325 10.719272 7.934018 5.802535 4.223595 3.091080 2.304295 1.774692 1.429165 1.210583 1.076456 0.996591 0.950426 0.924509 0.910373 0.902879 0.899015 0.897077 0.896131 0.895679 0.895466 0.895362 0.895298 0.895234 0.895134 0.894949 0.894602 0.893961 0.892806 0.890784 0.887346 0.881673 0.872595 0.858519 0.837393 0.806736 0.763774 0.705719 0.630192 0.535763 0.422510 0.292448 0.149661 0.000000 
50.000000 42.931167 36.097430 29.710448 23.938894 18.895792 14.634173 11.150783 8.396095 6.287994 4.726368 3.606266 2.828100 2.304295 1.962549 1.746357 1.613697 1.534704 1.489042 1.463408 1.449426 1.442014 1.438192 1.436275 1.435338 1.434890 1.434677 1.434569 1.434496 1.434410 1.434267 1.433997 1.433484 1.432533 1.430814 1.427789 1.422622 1.414050 1.400252 1.378722 1.346190 1.298637 1.231491 1.140049 1.020159 0.869138 0.686770 0.476134 0.243925 0.000000 
50.000000 43.047834 36.326880 30.045299 24.368979 19.409078 15.217752 11.791806 9.082532 7.009174 5.473277 4.371622 3.606266 3.091080 2.754955 2.542317 2.411836 2.334140 2.289228 2.264014 2.250262 2.242971 2.239211 2.237325 2.236403 2.235961 2.235749 2.235636 2.235550 2.235438 2.235238 2.234857 2.234130 2.232774 2.230311 2.225960 2.218486 2.206014 2.185811 2.154066 2.105728 2.034490 1.933017 1.793558 1.609009 1.374417 1.088732 0.756378 0.388032 0.000000 
50.000000 43.215751 36.657123 30.527246 24.987999 20.147855 16.057714 12.714458 10.070562 8.047225 6.548370 5.473277 4.726368 4.223595 3.895565 3.688047 3.560705 3.484878 3.441046 3.416438 3.403016 3.395899 3.392230 3.390389 3.389488 3.389055 3.388845 3.388726 3.388626 3.388480 3.388213 3.387697 3.386706 3.384851 3.381467 3.375457 3.365076 3.347646 3.319211 3.274185 3.205037 3.102171 2.954158 2.748540 2.473395 2.119725 1.684457 1.173406 0.603074 0.000000 
50.000000 43.449835 37.117500 31.199113 25.850963 21.177780 17.228710 14.000748 11.448011 9.494422 8.047225 7.009174 6.287994 5.802535 5.485797 5.285420 5.162460 5.089240 5.046914 5.023152 5.010191 5.003319 4.999775 4.997997 4.997126 4.996706 4.996499 4.996375 4.996258 4.996076 4.995733 4.995062 4.993772 4.991344 4.986893 4.978947 4.965141 4.941804 4.903446 4.842188 4.747211 4.604417 4.396540 4.104083 3.707453 3.190574 2.545886 1.779849 0.917028 0.000000 
50.000000 43.765809 37.738934 32.106026 27.015835 22.568036 18.809408 15.737093 13.307429 11.448011 10.070562 9.082532 8.396095 7.934018 7.632533 7.441802 7.324759 7.255063 7.214773 7.192153 7.179815 7.173273 7.169899 7.168206 7.167376 7.166975 7.166772 7.166645 7.166511 7.166292 7.165870 7.165040 7.163436 7.160405 7.154822 7.144801 7.127282 7.097458 7.048042 6.968392 6.843594 6.653714 6.373559 5.973503 5.422091 4.691140 3.763711 2.644134 1.367078 0.000000 
50.000000 44.178666 38.550914 33.291027 28.537900 24.384611 20.874839 18.005922 15.737093 14.000748 12.714458 11.791806 11.150783 10.719272 10.437725 10.259606 10.150301 10.085211 10.047584 10.026458 10.014935 10.008825 10.005674 10.004092 10.003316 10.002939 10.002745 10.002616 10.002468 10.002215 10.001722 10.000746 9.998853 9.995260 9.988611 9.976611 9.955498 9.919292 9.858789 9.760301 9.604207 9.363534 9.002961 8.479012 7.742585 6.745378 5.451771 3.856443 2.004033 0.000000 
50.000000 44.700704 39.577624 34.789409 30.462499 26.681621 23.486541 20.874839 18.809408 17.228710 16.057714 15.217752 14.634173 14.241325 13.985002 13.822839 13.723323 13.664062 13.629803 13.610569 13.600077 13.594514 13.591644 13.590204 13.589496 13.589151 13.588970 13.588842 13.588686 13.588409 13.587864 13.586782 13.584672 13.580652 13.573178 13.559617 13.535606 13.494124 13.424194 13.309174 13.124626 12.835905 12.395827 11.743270 10.804296 9.498548 7.754935 5.540564 2.901790 0.000000 
50.000000 45.339335 40.833645 36.622457 32.816969 29.491698 26.681621 24.384611 22.568036 21.177780 20.147855 19.409078 18.895792 18.550260 18.324807 18.182170 18.094637 18.042511 18.012376 17.995457 17.986228 17.981334 17.978810 17.977542 17.976919 17.976613 17.976450 17.976329 17.976172 17.975888 17.975324 17.974199 17.971999 17.967791 17.959933 17.945601 17.920068 17.875634 17.800069 17.674461 17.470327 17.145946 16.642025 15.877325 14.745849 13.119453 10.863521 7.878398 4.179158 0.000000 
50.000000 46.095041 42.319925 38.791552 35.603088 32.816969 30.462499 28.537900 27.015835 25.850963 24.987999 24.368979 23.938894 23.649368 23.460455 23.340935 23.267587 23.223907 23.198655 23.184477 23.176743 23.172642 23.170527 23.169464 23.168941 23.168684 23.168544 23.168435 23.168289 23.168019 23.167479 23.166400 23.164281 23.160217 23.152595 23.138628 23.113604 23.069757 22.994562 22.868275 22.660389 22.324695 21.792523 20.963951 19.697516 17.801544 15.037345 11.160609 6.053519 0.000000 
50.000000 46.959873 44.020829 41.273878 38.791552 36.622457 34.789409 33.291027 32.106026 31.199113 30.527246 30.045299 29.710448 29.485029 29.337944 29.244887 29.187778 29.153768 29.134107 29.123067 29.117045 29.113852 29.112205 29.111377 29.110970 29.110768 29.110657 29.110568 29.110444 29.110213 29.109747 29.108813 29.106976 29.103441 29.096790 29.084552 29.062519 29.023678 28.956567 28.842789 28.653227 28.342315 27.839256 27.034475 25.758936 23.754206 20.636939 15.887798 8.983435 0.000000 
50.000000 47.916895 45.903052 44.020829 42.319925 40.833645 39.577624 38.550914 37.738934 37.117500 36.657123 36.326880 36.097430 35.942965 35.842177 35.778410 35.739276 35.715971 35.702497 35.694932 35.690806 35.688617 35.687488 35.686921 35.686642 35.686503 35.686426 35.686363 35.686272 35.686102 35.685759 35.685069 35.683709 35.681088 35.676142 35.667015 35.650518 35.621296 35.570503 35.483717 35.337651 35.094800 34.694471 34.037060 32.955247 31.159316 28.133031 22.951526 14.084615 0.000000 
50.000000 48.940840 47.916895 46.959873 46.095041 45.339335 44.700704 44.178666 43.765809 43.449835 43.215751 43.047834 42.931167 42.852627 42.801379 42.768955 42.749057 42.737206 42.730355 42.726509 42.724410 42.723298 42.722724 42.722435 42.722293 42.722222 42.722183 42.722150 42.722102 42.722012 42.721829 42.721462 42.720739 42.719341 42.716700 42.711815 42.702966 42.687242 42.659802 42.612676 42.532807 42.398731 42.174634 41.798914 41.160177 40.041522 37.976437 33.832280 24.470420 0.000000 
50.000000 50.000000 50.000000 50.000000 50.000000 50.000000 50.000000 50.000000 50.000000 50.000000 50.000000 50.000000 50.000000 50.000000 50.000000 50.000000 50.000000 50.000000 50.000000 50.000000 50.000000 50.000000 50.000000 50.000000 50.000000 50.000000 50.000000 50.000000 50.000000 50.000000 50.000000 50.000000 50.000000 50.000000 50.000000 50.000000 50.000000 50.000000 50.000000 50.000000 50.000000 50.000000 50.000000 50.000000 50.000000 50.000000 50.000000 50.000000 50.000000 50.000000 
