50.000000 50.000000 50.000000 50.000000 50.000000 50.000000 50.000000 50.000000 50.000000 50.000000 50.000000 50.000000 50.000000 50.000000 50.000000 50.000000 50.000000 50.000000 50.000000 50.000000 50.000000 50.000000 50.000000 50.000000 50.000000 50.000000 50.000000 50.000000 50.000000 50.000000 50.000000 50.000000 50.000000 50.000000 50.000000 50.000000 50.000000 50.000000 50.000000 50.000000 50.000000 50.000000 50.000000 50.000000 50.000000 50.000000 50.000000 50.000000 50.000000 50.000000 
50.000000 47.945865 46.024063 44.341400 42.961816 41.901764 41.137576 40.620072 40.290402 40.092540 39.980481 39.920493 39.890091 39.875478 39.868807 39.865909 39.864710 39.864236 39.864057 39.863993 39.863970 39.863963 39.863960 39.863960 39.863959 39.863959 39.863959 39.863959 39.863959 39.863959 39.863958 39.863954 39.863943 39.863910 39.863817 39.863565 39.862909 39.861260 39.857276 39.848000 39.827159 39.781871 39.686306 39.489274 39.088612 38.273354 36.577448 32.861592 23.972932 0.000000 
50.000000 46.024063 42.304278 39.047381 36.377136 34.325381 32.846299 31.844690 31.206636 30.823697 30.606822 30.490729 30.431892 30.403614 30.390705 30.385097 30.382776 30.381860 30.381513 30.381388 30.381345 30.381331 30.381326 30.381325 30.381324 30.381324 30.381324 30.381324 30.381324 30.381323 30.381321 30.381315 30.381294 30.381236 30.381071 30.380626 30.379467 30.376567 30.369587 30.353425 30.317382 30.239853 30.078621 29.753327 29.113673 27.880859 25.539428 21.152139 13.162471 0.000000 
50.000000 44.341400 39.047381 34.412188 30.611965 27.692010 25.587101 24.161725 23.253747 22.708825 22.400224 22.235035 22.151320 22.111086 22.092719 22.084742 22.081440 22.080136 22.079644 22.079466 22.079404 22.079384 22.079377 22.079375 22.079375 22.079375 22.079375 22.079375 22.079374 22.079374 22.079371 22.079363 22.079338 22.079266 22.079063 22.078517 22.077102 22.073579 22.065151 22.045790 22.003061 21.912415 21.727419 21.363817 20.674905 19.416489 17.206094 13.507952 7.763952 0.000000 
50.000000 42.961816 36.377136 30.611965 25.885390 22.253739 19.635856 17.863167 16.733986 16.056336 15.672584 15.467178 15.363087 15.313063 15.290228 15.280310 15.276206 15.274585 15.273973 15.273752 15.273676 15.273650 15.273642 15.273640 15.273639 15.273639 15.273638 15.273638 15.273638 15.273637 15.273635 15.273626 15.273601 15.273528 15.273323 15.272772 15.271351 15.267834 15.259485 15.240483 15.199041 15.112455 14.939227 14.607572 14.000740 12.942695 11.195475 8.496277 4.688462 0.000000 
50.000000 41.901764 34.325381 27.692010 22.253739 18.075354 15.063444 13.024009 11.724962 10.945406 10.503965 10.267692 10.147965 10.090430 10.064168 10.052763 10.048043 10.046179 10.045476 10.045222 10.045134 10.045104 10.045095 10.045092 10.045091 10.045091 10.045091 10.045091 10.045091 10.045090 10.045088 10.045080 10.045058 10.044993 10.044812 10.044328 10.043086 10.040033 10.032842 10.016637 9.981722 9.909876 9.768863 9.505336 9.037677 8.252998 7.017105 5.211708 2.813152 0.000000 
50.000000 41.137576 32.846299 25.587101 19.635856 15.063444 11.767597 9.535976 8.114567 7.261617 6.778636 6.520143 6.389163 6.326225 6.297497 6.285022 6.279860 6.277822 6.277052 6.276774 6.276678 6.276646 6.276636 6.276633 6.276632 6.276632 6.276632 6.276631 6.276631 6.276631 6.276629 6.276623 6.276605 6.276553 6.276410 6.276030 6.275059 6.272689 6.267151 6.254792 6.228474 6.175092 6.072137 5.883799 5.558107 5.028284 4.223283 3.092972 1.648302 0.000000 
50.000000 40.620072 31.844690 24.161725 17.863167 13.024009 9.535976 7.174295 5.670096 4.767499 4.256427 3.982911 3.844326 3.777736 3.747344 3.734146 3.728686 3.726529 3.725716 3.725422 3.725320 3.725286 3.725275 3.725272 3.725271 3.725271 3.725271 3.725271 3.725271 3.725270 3.725269 3.725264 3.725252 3.725214 3.725112 3.724840 3.724150 3.722477 3.718599 3.710024 3.691963 3.655806 3.587147 3.463839 3.255146 2.923940 2.434307 1.766068 0.933767 0.000000 
50.000000 40.290402 31.206636 23.253747 16.733986 11.724962 8.114567 5.670096 4.113210 3.179026 2.650087 2.367020 2.223600 2.154690 2.123240 2.109584 2.103934 2.101703 2.100861 2.100557 2.100452 2.100417 2.100406 2.100402 2.100401 2.100401 2.100401 2.100401 2.100401 2.100400 2.100399 2.100397 2.100388 2.100363 2.100296 2.100117 2.099667 2.098582 2.096085 2.090610 2.079194 2.056605 2.014290 1.939475 1.815086 1.621530 1.341331 0.966782 0.508530 0.000000 
50.000000 40.092540 30.823697 22.708825 16.056336 10.945406 7.261617 4.767499 3.179026 2.225912 1.686269 1.397480 1.251166 1.180868 1.148785 1.134855 1.129091 1.126816 1.125957 1.125647 1.125540 1.125504 1.125493 1.125489 1.125488 1.125488 1.125488 1.125488 1.125488 1.125487 1.125487 1.125485 1.125480 1.125465 1.125423 1.125315 1.125043 1.124391 1.122900 1.119657 1.112956 1.099832 1.075536 1.033142 0.963684 0.857295 0.705764 0.506315 0.265381 0.000000 
50.000000 39.980481 30.606822 22.400224 15.672584 10.503965 6.778636 4.256427 2.650087 1.686269 1.140574 0.848553 0.700604 0.629522 0.597082 0.582997 0.577170 0.574869 0.574001 0.573687 0.573579 0.573543 0.573531 0.573528 0.573527 0.573527 0.573526 0.573526 0.573526 0.573526 0.573526 0.573525 0.573522 0.573513 0.573490 0.573429 0.573275 0.572910 0.572080 0.570287 0.566611 0.559478 0.546404 0.523845 0.487328 0.432101 0.354434 0.253398 0.132481 0.000000 
50.000000 39.920493 30.490729 22.235035 15.467178 10.267692 6.520143 3.982911 2.367020 1.397480 0.848553 0.554805 0.405984 0.334484 0.301854 0.287686 0.281825 0.279511 0.278638 0.278322 0.278213 0.278177 0.278165 0.278162 0.278161 0.278160 0.278160 0.278160 0.278160 0.278160 0.278160 0.278160 0.278158 0.278153 0.278141 0.278108 0.278028 0.277836 0.277403 0.276473 0.274580 0.270935 0.264312 0.252992 0.234850 0.207693 0.169884 0.121142 0.063217 0.000000 
50.000000 39.890091 30.431892 22.151320 15.363087 10.147965 6.389163 3.844326 2.223600 1.251166 0.700604 0.405984 0.256722 0.185010 0.152284 0.138075 0.132197 0.129876 0.129000 0.128684 0.128575 0.128538 0.128527 0.128523 0.128522 0.128522 0.128522 0.128522 0.128522 0.128522 0.128521 0.128521 0.128520 0.128518 0.128512 0.128496 0.128456 0.128361 0.128148 0.127694 0.126775 0.125018 0.121849 0.116474 0.107932 0.095253 0.077741 0.055326 0.028831 0.000000 
50.000000 39.875478 30.403614 22.111086 15.313063 10.090430 6.326225 3.777736 2.154690 1.180868 0.629522 0.334484 0.185010 0.113198 0.080426 0.066197 0.060310 0.057986 0.057109 0.056792 0.056683 0.056646 0.056635 0.056631 0.056630 0.056630 0.056630 0.056630 0.056630 0.056630 0.056630 0.056630 0.056629 0.056628 0.056625 0.056618 0.056599 0.056555 0.056456 0.056246 0.055825 0.055023 0.053586 0.051165 0.047344 0.041712 0.033984 0.024148 0.012570 0.000000 
50.000000 39.868807 30.390705 22.092719 15.290228 10.064168 6.297497 3.747344 2.123240 1.148785 0.597082 0.301854 0.152284 0.080426 0.047633 0.033395 0.027505 0.025179 0.024301 0.023985 0.023875 0.023838 0.023827 0.023823 0.023822 0.023822 0.023822 0.023822 0.023822 0.023822 0.023822 0.023822 0.023822 0.023821 0.023820 0.023816 0.023808 0.023789 0.023745 0.023654 0.023470 0.023123 0.022504 0.021467 0.019841 0.017456 0.014202 0.010079 0.005242 0.000000 
50.000000 39.865909 30.385097 22.084742 15.280310 10.052763 6.285022 3.734146 2.109584 1.134855 0.582997 0.287686 0.138075 0.066197 0.033395 0.019153 0.013261 0.010935 0.010057 0.009740 0.009631 0.009594 0.009583 0.009579 0.009578 0.009578 0.009578 0.009578 0.009578 0.009578 0.009578 0.009578 0.009577 0.009577 0.009577 0.009575 0.009572 0.009564 0.009546 0.009507 0.009432 0.009288 0.009035 0.008612 0.007951 0.006988 0.005679 0.004026 0.002092 0.000000 
50.000000 39.864710 30.382776 22.081440 15.276206 10.048043 6.279860 3.728686 2.103934 1.129091 0.577170 0.281825 0.132197 0.060310 0.027505 0.013261 0.007369 0.005042 0.004164 0.003847 0.003738 0.003701 0.003690 0.003686 0.003685 0.003685 0.003685 0.003685 0.003685 0.003685 0.003685 0.003684 0.003684 0.003684 0.003684 0.003684 0.003682 0.003679 0.003672 0.003657 0.003627 0.003571 0.003471 0.003307 0.003051 0.002678 0.002174 0.001540 0.000800 0.000000 
50.000000 39.864236 30.381860 22.080136 15.274585 10.046179 6.277822 3.726529 2.101703 1.126816 0.574869 0.279511 0.129876 0.057986 0.025179 0.010935 0.005042 0.002716 0.001838 0.001521 0.001411 0.001374 0.001363 0.001359 0.001358 0.001358 0.001358 0.001358 0.001358 0.001358 0.001358 0.001358 0.001358 0.001358 0.001358 0.001357 0.001357 0.001356 0.001353 0.001347 0.001336 0.001315 0.001278 0.001217 0.001122 0.000984 0.000798 0.000565 0.000293 0.000000 
50.000000 39.864057 30.381513 22.079644 15.273973 10.045476 6.277052 3.725716 2.100861 1.125957 0.574001 0.278638 0.129000 0.057109 0.024301 0.010057 0.004164 0.001838 0.000960 0.000643 0.000533 0.000497 0.000485 0.000481 0.000480 0.000480 0.000480 0.000480 0.000480 0.000480 0.000480 0.000480 0.000480 0.000480 0.000480 0.000480 0.000480 0.000479 0.000478 0.000476 0.000472 0.000464 0.000451 0.000429 0.000396 0.000347 0.000281 0.000199 0.000103 0.000000 
50.000000 39.863993 30.381388 22.079466 15.273752 10.045222 6.276774 3.725422 2.100557 1.125647 0.573687 0.278322 0.128684 0.056792 0.023985 0.009740 0.003847 0.001521 0.000643 0.000326 0.000216 0.000180 0.000168 0.000164 0.000163 0.000163 0.000163 0.000163 0.000163 0.000163 0.000163 0.000163 0.000163 0.000163 0.000163 0.000163 0.000163 0.000163 0.000162 0.000162 0.000160 0.000158 0.000153 0.000146 0.000134 0.000117 0.000095 0.000067 0.000035 0.000000 
50.000000 39.863970 30.381345 22.079404 15.273676 10.045134 6.276678 3.725320 2.100452 1.125540 0.573579 0.278213 0.128575 0.056683 0.023875 0.009631 0.003738 0.001411 0.000533 0.000216 0.000106 0.000070 0.000058 0.000055 0.000054 0.000053 0.000053 0.000053 0.000053 0.000053 0.000053 0.000053 0.000053 0.000053 0.000053 0.000053 0.000053 0.000053 0.000053 0.000053 0.000052 0.000051 0.000050 0.000047 0.000044 0.000038 0.000031 0.000022 0.000011 0.000000 
50.000000 39.863963 30.381331 22.079384 15.273650 10.045104 6.276646 3.725286 2.100417 1.125504 0.573543 0.278177 0.128538 0.056646 0.023838 0.009594 0.003701 0.001374 0.000497 0.000180 0.000070 0.000033 0.000022 0.000018 0.000017 0.000017 0.000017 0.000017 0.000017 0.000017 0.000017 0.000017 0.000017 0.000017 0.000017 0.000017 0.000017 0.000017 0.000017 0.000017 0.000016 0.000016 0.000016 0.000015 0.000014 0.000012 0.000010 0.000007 0.000004 0.000000 
50.000000 39.863960 30.381326 22.079377 15.273642 10.045095 6.276636 3.725275 2.100406 1.125493 0.573531 0.278165 0.128527 0.056635 0.023827 0.009583 0.003690 0.001363 0.000485 0.000168 0.000058 0.000022 0.000010 0.000007 0.000005 0.000005 0.000005 0.000005 0.000005 0.000005 0.000005 0.000005 0.000005 0.000005 0.000005 0.000005 0.000005 0.000005 0.000005 0.000005 0.000005 0.000005 0.000005 0.000004 0.000004 0.000004 0.000003 0.000002 0.000001 0.000000 
50.000000 39.863960 30.381325 22.079375 15.273640 10.045092 6.276633 3.725272 2.100402 1.125489 0.573528 0.278162 0.128523 0.056631 0.023823 0.009579 0.003686 0.001359 0.000481 0.000164 0.000055 0.000018 0.000007 0.000003 0.000002 0.000002 0.000002 0.000002 0.000001 0.000001 0.000001 0.000001 0.000001 0.000001 0.000001 0.000001 0.000001 0.000001 0.000001 0.000001 0.000001 0.000001 0.000001 0.000001 0.000001 0.000001 0.000001 0.000001 0.000000 0.000000 
50.000000 39.863959 30.381324 22.079375 15.273639 10.045091 6.276632 3.725271 2.100401 1.125488 0.573527 0.278161 0.128522 0.056630 0.023822 0.009578 0.003685 0.001358 0.000480 0.000163 0.000054 0.000017 0.000006 0.000002 0.000001 0.000001 0.000001 0.000001 0.000001 0.000001 0.000001 0.000001 0.000001 0.000001 0.000001 0.000001 0.000001 0.000001 0.000001 0.000001 0.000001 0.000001 0.000000 0.000000 0.000000 0.000000 0.000000 0.000000 0.000000 0.000000 
50.000000 39.863959 30.381324 22.079375 15.273639 10.045091 6.276632 3.725271 2.100401 1.125488 0.573527 0.278161 0.128522 0.056630 0.023822 0.009578 0.003685 0.001358 0.000480 0.000163 0.000054 0.000017 0.000006 0.000002 0.000001 0.000001 0.000001 0.000001 0.000001 0.000001 0.000001 0.000001 0.000001 0.000001 0.000001 0.000001 0.000001 0.000001 0.000001 0.000001 0.000001 0.000001 0.000000 0.000000 0.000000 0.000000 0.000000 0.000000 0.000000 0.000000 
50.000000 39.863960 30.381325 22.079375 15.273640 10.045092 6.276633 3.725272 2.100402 1.125489 0.573528 0.278162 0.128523 0.056631 0.023823 0.009579 0.003686 0.001359 0.000481 0.000164 0.000055 0.000018 0.000007 0.000003 0.000002 0.000002 0.000002 0.000002 0.000001 0.000001 0.000001 0.000001 0.000001 0.000001 0.000001 0.000001 0.000001 0.000001 0.000001 0.000001 0.000001 0.000001 0.000001 0.000001 0.000001 0.000001 0.000001 0.000001 0.000000 0.000000 
50.000000 39.863960 30.381326 22.079377 15.273642 10.045095 6.276636 3.725275 2.100406 1.125493 0.573531 0.278165 0.128527 0.056635 0.023827 0.009583 0.003690 0.001363 0.000485 0.000168 0.000058 0.000022 0.000010 0.000007 0.000005 0.000005 0.000005 0.000005 0.000005 0.000005 0.000005 0.000005 0.000005 0.000005 0.000005 0.000005 0.000005 0.000005 0.000005 0.000005 0.000005 0.000005 0.000005 0.000004 0.000004 0.000004 0.000003 0.000002 0.000001 0.000000 
50.000000 39.863963 30.381331 22.079384 15.273650 10.045104 6.276646 3.725286 2.100417 1.125504 0.573543 0.278177 0.128538 0.056646 0.023838 0.009594 0.003701 0.001374 0.000497 0.000180 0.000070 0.000033 0.000022 0.000018 0.000017 0.000017 0.000017 0.000017 0.000017 0.000017 0.000017 0.000017 0.000017 0.000017 0.000017 0.000017 0.000017 0.000017 0.000017 0.000017 0.000016 0.000016 0.000016 0.000015 0.000014 0.000012 0.000010 0.000007 0.000004 0.000000 
50.000000 39.863970 30.381345 22.079404 15.273676 10.045134 6.276678 3.725320 2.100452 1.125540 0.573579 0.278213 0.128575 0.056683 0.023875 0.009631 0.003738 0.001411 0.000533 0.000216 0.000106 0.000070 0.000058 0.000055 0.000054 0.000053 0.000053 0.000053 0.000053 0.000053 0.000053 0.000053 0.000053 0.000053 0.000053 0.000053 0.000053 0.000053 0.000053 0.000053 0.000052 0.000051 0.000050 0.000047 0.000044 0.000038 0.000031 0.000022 0.000011 0.000000 
50.000000 39.863993 30.381388 22.079466 15.273752 10.045222 6.276774 3.725422 2.100557 1.125647 0.573687 0.278322 0.128684 0.056792 0.023985 0.009740 0.003847 0.001521 0.000643 0.000326 0.000216 0.000180 0.000168 0.000164 0.000163 0.000163 0.000163 0.000163 0.000163 0.000163 0.000163 0.000163 0.000163 0.000163 0.000163 0.000163 0.000163 0.000163 0.000162 0.000162 0.000160 0.000158 0.000153 0.000146 0.000134 0.000117 0.000095 0.000067 0.000035 0.000000 
50.000000 39.864057 30.381513 22.079644 15.273973 10.045476 6.277052 3.725716 2.100861 1.125957 0.574001 0.278638 0.129000 0.057109 0.024301 0.010057 0.004164 0.001838 0.000960 0.000643 0.000533 0.000497 0.000485 0.000481 0.000480 0.000480 0.000480 0.000480 0.000480 0.000480 0.000480 0.000480 0.000480 0.000480 0.000480 0.000480 0.000480 0.000479 0.000478 0.000476 0.000472 0.000464 0.000451 0.000429 0.000396 0.000347 0.000281 0.000199 0.000103 0.000000 
50.000000 39.864236 30.381860 22.080136 15.274585 10.046179 6.277822 3.726529 2.101703 1.126816 0.574869 0.279511 0.129876 0.057986 0.025179 0.010935 0.005042 0.002716 0.001838 0.001521 0.001411 0.001374 0.001363 0.001359 0.001358 0.001358 0.001358 0.001358 0.001358 0.001358 0.001358 0.001358 0.001358 0.001358 0.001358 0.001357 0.001357 0.001356 0.001353 0.001347 0.001336 0.001315 0.001278 0.001217 0.001122 0.000984 0.000798 0.000565 0.000293 0.000000 
50.000000 39.864710 30.382776 22.081440 15.276206 10.048043 6.279860 3.728686 2.103934 1.129091 0.577170 0.281825 0.132197 0.060310 0.027505 0.013261 0.007369 0.005042 0.004164 0.003847 0.003738 0.003701 0.003690 0.003686 0.003685 0.003685 0.003685 0.003685 0.003685 0.003685 0.003685 0.003684 0.003684 0.003684 0.003684 0.003684 0.003682 0.003679 0.003672 0.003657 0.003627 0.003571 0.003471 0.003307 0.003051 0.002678 0.002174 0.001540 0.000800 0.000000 
50.000000 39.865909 30.385097 22.084742 15.280310 10.052763 6.285022 3.734146 2.109584 1.134855 0.582997 0.287686 0.138075 0.066197 0.033395 0.019153 0.013261 0.010935 0.010057 0.009740 0.009631 0.009594 0.009583 0.009579 0.009578 0.009578 0.009578 0.009578 0.009578 0.009578 0.009578 0.009578 0.009577 0.009577 0.009577 0.009575 0.009572 0.009564 0.009546 0.009507 0.009432 0.009288 0.009035 0.008612 0.007951 0.006988 0.005679 0.004026 0.002092 0.000000 
50.000000 39.868807 30.390705 22.092719 15.290228 10.064168 6.297497 3.747344 2.123240 1.148785 0.597082 0.301854 0.152284 0.080426 0.047633 0.033395 0.027505 0.025179 0.024301 0.023985 0.023875 0.023838 0.023827 0.023823 0.023822 0.023822 0.023822 0.023822 0.023822 0.023822 0.023822 0.023822 0.023822 0.023821 0.023820 0.023816 0.023808 0.023789 0.023745 0.023654 0.023470 0.023123 0.022504 0.021467 0.019841 0.017456 0.014202 0.010079 0.005242 0.000000 
50.000000 39.875478 30.403614 22.111086 15.313063 10.090430 6.326225 3.777736 2.154690 1.180868 0.629522 0.334484 0.185010 0.113198 0.080426 0.066197 0.060310 0.057986 0.057109 0.056792 0.056683 0.056646 0.056635 0.056631 0.056630 0.056630 0.056630 0.056630 0.056630 0.056630 0.056630 0.056630 0.056629 0.056628 0.056625 0.056618 0.056599 0.056555 0.056456 0.056246 0.055825 0.055023 0.053586 0.051165 0.047344 0.041712 0.033984 0.024148 0.012570 0.000000 
50.000000 39.890091 30.431892 22.151320 15.363087 10.147965 6.389163 3.844326 2.223600 1.251166 0.700604 0.405984 0.256722 0.185010 0.152284 0.138075 0.132197 0.129876 0.129000 0.128684 0.128575 0.128538 0.128527 0.128523 0.128522 0.128522 0.128522 0.128522 0.128522 0.128522 0.128521 0.128521 0.128520 0.128518 0.128512 0.128496 0.128456 0.128361 0.128148 0.127694 0.126775 0.125018 0.121849 0.116474 0.107932 0.095253 0.077741 0.055326 0.028831 0.000000 
50.000000 39.920493 30.490729 22.235035 15.467178 10.267692 6.520143 3.982911 2.367020 1.397480 0.848553 0.554805 0.405984 0.334484 0.301854 0.287686 0.281825 0.279511 0.278638 0.278322 0.278213 0.278177 0.278165 0.278162 0.278161 0.278160 0.278160 0.278160 0.278160 0.278160 0.278160 0.278160 0.278158 0.278153 0.278141 0.278108 0.278028 0.277836 0.277403 0.276473 0.274580 0.270935 0.264312 0.252992 0.234850 0.207693 0.169884 0.121142 0.063217 0.000000 
50.000000 39.980481 30.606822 22.400224 15.672584 10.503965 6.778636 4.256427 2.650087 1.686269 1.140574 0.848553 0.700604 0.629522 0.597082 0.582997 0.577170 0.574869 0.574001 0.573687 0.573579 0.573543 0.573531 0.573528 0.573527 0.573527 0.573526 0.573526 0.573526 0.573526 0.573526 0.573525 0.573522 0.573513 0.573490 0.573429 0.573275 0.572910 0.572080 0.570287 0.566611 0.559478 0.546404 0.523845 0.487328 0.432101 0.354434 0.253398 0.132481 0.000000 
50.000000 40.092540 30.823697 22.708825 16.056336 10.945406 7.261617 4.767499 3.179026 2.225912 1.686269 1.397480 1.251166 1.180868 1.148785 1.134855 1.129091 1.126816 1.125957 1.125647 1.125540 1.125504 1.125493 1.125489 1.125488 1.125488 1.125488 1.125488 1.125488 1.125487 1.125487 1.125485 1.125480 1.125465 1.125423 1.125315 1.125043 1.124391 1.122900 1.119657 1.112956 1.099832 1.075536 1.033142 0.963684 0.857295 0.705764 0.506315 0.265381 0.000000 
50.000000 40.290402 31.206636 23.253747 16.733986 11.724962 8.114567 5.670096 4.113210 3.179026 2.650087 2.367020 2.223600 2.154690 2.123240 2.109584 2.103934 2.101703 2.100861 2.100557 2.100452 2.100417 2.100406 2.100402 2.100401 2.100401 2.100401 2.100401 2.100401 2.100400 2.100399 2.100397 2.100388 2.100363 2.100296 2.100117 2.099667 2.098582 2.096085 2.090610 2.079194 2.056605 2.014290 1.939475 1.815086 1.621530 1.341331 0.966782 0.508530 0.000000 
50.000000 40.620072 31.844690 24.161725 17.863167 13.024009 9.535976 7.174295 5.670096 4.767499 4.256427 3.982911 3.844326 3.777736 3.747344 3.734146 3.728686 3.726529 3.725716 3.725422 3.725320 3.725286 3.725275 3.725272 3.725271 3.725271 3.725271 3.725271 3.725271 3.725270 3.725269 3.725264 3.725252 3.725214 3.725112 3.724840 3.724150 3.722477 3.718599 3.710024 3.691963 3.655806 3.587147 3.463839 3.255146 2.923940 2.434307 1.766068 0.933767 0.000000 
50.000000 41.137576 32.846299 25.587101 19.635856 15.063444 11.767597 9.535976 8.114567 7.261617 6.778636 6.520143 6.389163 6.326225 6.297497 6.285022 6.279860 6.277822 6.277052 6.276774 6.276678 6.276646 6.276636 6.276633 6.276632 6.276632 6.276632 6.276631 6.276631 6.276631 6.276629 6.276623 6.276605 6.276553 6.276410 6.276030 6.275059 6.272689 6.267151 6.254792 6.228474 6.175092 6.072137 5.883799 5.558107 5.028284 4.223283 3.092972 1.648302 0.000000 
50.000000 41.901764 34.325381 27.692010 22.253739 18.075354 15.063444 13.024009 11.724962 10.945406 10.503965 10.267692 10.147965 10.090430 10.064168 10.052763 10.048043 10.046179 10.045476 10.045222 10.045134 10.045104 10.045095 10.045092 10.045091 10.045091 10.045091 10.045091 10.045091 10.045090 10.045088 10.045080 10.045058 10.044993 10.044812 10.044328 10.043086 10.040033 10.032842 10.016637 9.981722 9.909876 9.768863 9.505336 9.037677 8.252998 7.017105 5.211708 2.813152 0.000000 
50.000000 42.961816 36.377136 30.611965 25.885390 22.253739 19.635856 17.863167 16.733986 16.056336 15.672584 15.467178 15.363087 15.313063 15.290228 15.280310 15.276206 15.274585 15.273973 15.273752 15.273676 15.273650 15.273642 15.273640 15.273639 15.273639 15.273638 15.273638 15.273638 15.273637 15.273635 15.273626 15.273601 15.273528 15.273323 15.272772 15.271351 15.267834 15.259485 15.240483 15.199041 15.112455 14.939227 14.607572 14.000740 12.942695 11.195475 8.496277 4.688462 0.000000 
50.000000 44.341400 39.047381 34.412188 30.611965 27.692010 25.587101 24.161725 23.253747 22.708825 22.400224 22.235035 22.151320 22.111086 22.092719 22.084742 22.081440 22.080136 22.079644 22.079466 22.079404 22.079384 22.079377 22.079375 22.079375 22.079375 22.079375 22.079375 22.079374 22.079374 22.079371 22.079363 22.079338 22.079266 22.079063 22.078517 22.077102 22.073579 22.065151 22.045790 22.003061 21.912415 21.727419 21.363817 20.674905 19.416489 17.206094 13.507952 7.763952 0.000000 
50.000000 46.024063 42.304278 39.047381 36.377136 34.325381 32.846299 31.844690 31.206636 30.823697 30.606822 30.490729 30.431892 30.403614 30.390705 30.385097 30.382776 30.381860 30.381513 30.381388 30.381345 30.381331 30.381326 30.381325 30.381324 30.381324 30.381324 30.381324 30.381324 30.381323 30.381321 30.381315 30.381294 30.381236 30.381071 30.380626 30.379467 30.376567 30.369587 30.353425 30.317382 30.239853 30.078621 29.753327 29.113673 27.880859 25.539428 21.152139 13.162471 0.000000 
50.000000 47.945865 46.024063 44.341400 42.961816 41.901764 41.137576 40.620072 40.290402 40.092540 39.980481 39.920493 39.890091 39.875478 39.868807 39.865909 39.864710 39.864236 39.864057 39.863993 39.863970 39.863963 39.863960 39.863960 39.863959 39.863959 39.863959 39.863959 39.863959 39.863959 39.863958 39.863954 39.863943 39.863910 39.863817 39.863565 39.862909 39.861260 39.857276 39.848000 39.827159 39.781871 39.686306 39.489274 39.088612 38.273354 36.577448 32.861592 23.972932 0.000000 
50.000000 50.000000 50.000000 50.000000 50.000000 50.000000 50.000000 50.000000 50.000000 50.000000 50.000000 50.000000 50.000000 50.000000 50.000000 50.000000 50.000000 50.000000 50.000000 50.000000 50.000000 50.000000 50.000000 50.000000 50.000000 50.000000 50.000000 50.000000 50.000000 50.000000 50.000000 50.000000 50.000000 50.000000 50.000000 50.000000 50.000000 50.000000 50.000000 50.000000 50.000000 50.000000 50.000000 50.000000 50.000000 50.000000 50.000000 50.000000 50.000000 50.000000 
