50.000000 50.000000 50.000000 50.000000 50.000000 50.000000 50.000000 50.000000 50.000000 50.000000 50.000000 50.000000 50.000000 50.000000 50.000000 50.000000 50.000000 50.000000 50.000000 50.000000 50.000000 50.000000 50.000000 50.000000 50.000000 50.000000 50.000000 50.000000 50.000000 50.000000 50.000000 50.000000 50.000000 50.000000 50.000000 50.000000 50.000000 50.000000 50.000000 50.000000 50.000000 50.000000 50.000000 50.000000 50.000000 50.000000 50.000000 50.000000 50.000000 50.000000 
50.000000 48.081966 46.279326 44.686683 43.363289 42.328341 41.565935 41.036340 40.689044 40.473763 40.347449 40.277199 40.240113 40.221502 40.212612 40.208563 40.206802 40.206071 40.205780 40.205669 40.205628 40.205614 40.205609 40.205607 40.205607 40.205607 40.205607 40.205607 40.205606 40.205606 40.205603 40.205597 40.205578 40.205524 40.205381 40.205011 40.204088 40.201870 40.196729 40.185218 40.160287 40.107907 40.000722 39.785722 39.358871 38.507686 36.765443 32.993456 24.040983 0.000000 
50.000000 46.279326 42.782506 39.693060 37.125927 35.118343 33.639449 32.612170 31.938515 31.520938 31.275933 31.139675 31.067745 31.031649 31.014406 31.006553 31.003139 31.001720 31.001156 31.000941 31.000862 31.000834 31.000825 31.000822 31.000821 31.000821 31.000821 31.000820 31.000820 31.000819 31.000815 31.000803 31.000768 31.000673 31.000417 30.999756 30.998115 30.994183 30.985106 30.964893 30.921433 30.831047 30.648749 30.290875 29.603735 28.305777 25.880326 21.391253 13.285870 0.000000 
50.000000 44.686683 39.693060 35.281217 31.615296 28.748463 26.636638 25.169737 24.207817 23.611567 23.261740 23.067194 22.964495 22.912961 22.888344 22.877134 22.872260 22.870235 22.869429 22.869122 22.869010 22.868970 22.868957 22.868952 22.868951 22.868951 22.868951 22.868950 22.868950 22.868948 22.868943 22.868928 22.868885 22.868766 22.868447 22.867627 22.865597 22.860760 22.849660 22.825139 22.772960 22.665931 22.454088 22.048968 21.299538 19.958094 17.640609 13.812735 7.921240 0.000000 
50.000000 43.363289 37.125927 31.615296 27.036424 23.455705 20.818060 18.985965 17.784603 17.039960 16.603084 16.360137 16.231894 16.167545 16.136807 16.122810 16.116726 16.114197 16.113191 16.112808 16.112668 16.112618 16.112602 16.112596 16.112595 16.112594 16.112594 16.112594 16.112593 16.112591 16.112586 16.112571 16.112526 16.112402 16.112074 16.111232 16.109159 16.104247 16.093061 16.068579 16.017100 15.913112 15.711367 15.335603 14.664475 13.518212 11.657202 8.820150 4.855603 0.000000 
50.000000 42.328341 35.118343 28.748463 23.455705 19.316802 16.268058 14.150476 12.761955 11.901335 11.396437 11.115674 10.967477 10.893118 10.857601 10.841429 10.834399 10.831478 10.830316 10.829873 10.829711 10.829654 10.829635 10.829629 10.829627 10.829626 10.829626 10.829626 10.829625 10.829624 10.829619 10.829605 10.829564 10.829452 10.829156 10.828401 10.826550 10.822193 10.812352 10.791025 10.746729 10.658618 10.490945 10.186179 9.658401 8.791231 7.448926 5.514607 2.969471 0.000000 
50.000000 41.565935 33.639449 26.636638 20.818060 16.268058 12.916576 10.588783 9.062475 8.116487 7.561528 7.252940 7.090064 7.008343 6.969312 6.951540 6.943816 6.940606 6.939330 6.938843 6.938665 6.938602 6.938581 6.938574 6.938572 6.938572 6.938571 6.938571 6.938571 6.938570 6.938566 6.938554 6.938521 6.938430 6.938190 6.937581 6.936097 6.932628 6.924856 6.908179 6.873952 6.806853 6.681413 6.458288 6.081879 5.482457 4.587670 3.348574 1.780213 0.000000 
50.000000 41.036340 32.612170 25.169737 18.985965 14.150476 10.588783 8.115053 6.493102 5.487869 4.898175 4.570286 4.397228 4.310404 4.268937 4.250057 4.241851 4.238441 4.237086 4.236569 4.236380 4.236313 4.236291 4.236284 4.236281 4.236281 4.236280 4.236280 4.236280 4.236279 4.236276 4.236267 4.236243 4.236175 4.235998 4.235550 4.234465 4.231945 4.226344 4.214438 4.190276 4.143536 4.057526 3.907371 3.659531 3.274599 2.715649 1.963421 1.035618 0.000000 
50.000000 40.689044 31.938515 24.207817 17.784603 12.761955 9.062475 6.493102 4.808483 3.764439 3.151996 2.811469 2.631748 2.541584 2.498523 2.478919 2.470398 2.466858 2.465451 2.464914 2.464718 2.464649 2.464626 2.464618 2.464616 2.464615 2.464615 2.464615 2.464614 2.464614 2.464612 2.464606 2.464589 2.464542 2.464422 2.464118 2.463386 2.461699 2.457975 2.450129 2.434368 2.404241 2.349566 2.255622 2.103337 1.871491 1.541886 1.107468 0.581137 0.000000 
50.000000 40.473763 31.520938 23.611567 17.039960 11.901335 8.116487 5.487869 3.764439 2.696366 2.069842 1.721495 1.537652 1.445422 1.401376 1.381324 1.372609 1.368988 1.367549 1.367000 1.366799 1.366729 1.366705 1.366697 1.366695 1.366694 1.366694 1.366694 1.366694 1.366693 1.366692 1.366688 1.366677 1.366648 1.366571 1.366380 1.365922 1.364872 1.362570 1.357759 1.348183 1.330071 1.297592 1.242535 1.154606 1.022861 0.838608 0.599505 0.313476 0.000000 
50.000000 40.347449 31.275933 23.261740 16.603084 11.396437 7.561528 4.898175 3.151996 2.069842 1.435070 1.082143 0.895886 0.802448 0.757826 0.737512 0.728683 0.725016 0.723557 0.723002 0.722798 0.722727 0.722703 0.722695 0.722692 0.722692 0.722691 0.722691 0.722691 0.722691 0.722690 0.722688 0.722682 0.722664 0.722619 0.722507 0.722239 0.721627 0.720296 0.717535 0.712084 0.701867 0.683737 0.653349 0.605412 0.534505 0.436601 0.311039 0.162230 0.000000 
50.000000 40.277199 31.139675 23.067194 16.360137 11.115674 7.252940 4.570286 2.811469 1.721495 1.082143 0.726674 0.539079 0.444970 0.400029 0.379570 0.370678 0.366985 0.365516 0.364956 0.364751 0.364679 0.364655 0.364647 0.364645 0.364644 0.364644 0.364644 0.364644 0.364643 0.364643 0.364642 0.364638 0.364628 0.364603 0.364541 0.364394 0.364060 0.363337 0.361847 0.358925 0.353495 0.343942 0.328085 0.303323 0.267076 0.217533 0.154569 0.080470 0.000000 
50.000000 40.240113 31.067745 22.964495 16.231894 10.967477 7.090064 4.397228 2.631748 1.537652 0.895886 0.539079 0.350778 0.256317 0.211208 0.190672 0.181748 0.178040 0.176566 0.176004 0.175799 0.175727 0.175702 0.175694 0.175692 0.175691 0.175691 0.175691 0.175691 0.175691 0.175690 0.175690 0.175688 0.175683 0.175670 0.175638 0.175561 0.175389 0.175019 0.174259 0.172780 0.170050 0.165283 0.157435 0.145284 0.127647 0.103736 0.073562 0.038243 0.000000 
50.000000 40.221502 31.031649 22.912961 16.167545 10.893118 7.008343 4.310404 2.541584 1.445422 0.802448 0.444970 0.256317 0.161679 0.116486 0.095912 0.086971 0.083257 0.081780 0.081217 0.081011 0.080939 0.080915 0.080907 0.080904 0.080903 0.080903 0.080903 0.080903 0.080903 0.080903 0.080903 0.080902 0.080899 0.080893 0.080877 0.080840 0.080756 0.080576 0.080209 0.079500 0.078198 0.075939 0.072246 0.066569 0.058386 0.047364 0.033534 0.017415 0.000000 
50.000000 40.212612 31.014406 22.888344 16.136807 10.857601 6.969312 4.268937 2.498523 1.401376 0.757826 0.400029 0.211208 0.116486 0.071252 0.050660 0.041712 0.037994 0.036516 0.035953 0.035747 0.035674 0.035650 0.035642 0.035639 0.035639 0.035638 0.035638 0.035638 0.035638 0.035638 0.035638 0.035638 0.035637 0.035634 0.035626 0.035609 0.035570 0.035487 0.035319 0.034996 0.034405 0.033387 0.031731 0.029201 0.025575 0.020717 0.014650 0.007601 0.000000 
50.000000 40.208563 31.006553 22.877134 16.122810 10.841429 6.951540 4.250057 2.478919 1.381324 0.737512 0.379570 0.190672 0.095912 0.050660 0.030060 0.021108 0.017389 0.015910 0.015347 0.015141 0.015068 0.015044 0.015036 0.015033 0.015033 0.015032 0.015032 0.015032 0.015032 0.015032 0.015032 0.015032 0.015032 0.015030 0.015027 0.015019 0.015002 0.014966 0.014893 0.014752 0.014497 0.014059 0.013350 0.012273 0.010736 0.008687 0.006136 0.003182 0.000000 
50.000000 40.206802 31.003139 22.872260 16.116726 10.834399 6.943816 4.241851 2.470398 1.372609 0.728683 0.370678 0.181748 0.086971 0.041712 0.021108 0.012154 0.008435 0.006956 0.006392 0.006186 0.006113 0.006089 0.006081 0.006079 0.006078 0.006078 0.006077 0.006077 0.006077 0.006077 0.006077 0.006077 0.006077 0.006077 0.006075 0.006072 0.006065 0.006050 0.006019 0.005961 0.005856 0.005676 0.005386 0.004947 0.004323 0.003495 0.002467 0.001278 0.000000 
50.000000 40.206071 31.001720 22.870235 16.114197 10.831478 6.940606 4.238441 2.466858 1.368988 0.725016 0.366985 0.178040 0.083257 0.037994 0.017389 0.008435 0.004715 0.003236 0.002672 0.002466 0.002393 0.002369 0.002361 0.002359 0.002358 0.002358 0.002357 0.002357 0.002357 0.002357 0.002357 0.002357 0.002357 0.002357 0.002357 0.002355 0.002352 0.002346 0.002334 0.002311 0.002270 0.002199 0.002085 0.001914 0.001671 0.001350 0.000952 0.000493 0.000000 
50.000000 40.205780 31.001156 22.869429 16.113191 10.830316 6.939330 4.237086 2.465451 1.367549 0.723557 0.365516 0.176566 0.081780 0.036516 0.015910 0.006956 0.003236 0.001756 0.001193 0.000987 0.000914 0.000890 0.000882 0.000879 0.000879 0.000878 0.000878 0.000878 0.000878 0.000878 0.000878 0.000878 0.000878 0.000878 0.000878 0.000877 0.000876 0.000874 0.000869 0.000861 0.000845 0.000818 0.000776 0.000711 0.000621 0.000501 0.000353 0.000183 0.000000 
50.000000 40.205669 31.000941 22.869122 16.112808 10.829873 6.938843 4.236569 2.464914 1.367000 0.723002 0.364956 0.176004 0.081217 0.035953 0.015347 0.006392 0.002672 0.001193 0.000629 0.000423 0.000351 0.000326 0.000318 0.000316 0.000315 0.000315 0.000315 0.000315 0.000315 0.000315 0.000315 0.000315 0.000315 0.000314 0.000314 0.000314 0.000314 0.000313 0.000311 0.000308 0.000302 0.000293 0.000277 0.000254 0.000222 0.000179 0.000126 0.000065 0.000000 
50.000000 40.205628 31.000862 22.869010 16.112668 10.829711 6.938665 4.236380 2.464718 1.366799 0.722798 0.364751 0.175799 0.081011 0.035747 0.015141 0.006186 0.002466 0.000987 0.000423 0.000217 0.000144 0.000120 0.000112 0.000109 0.000109 0.000108 0.000108 0.000108 0.000108 0.000108 0.000108 0.000108 0.000108 0.000108 0.000108 0.000108 0.000108 0.000108 0.000107 0.000106 0.000104 0.000101 0.000095 0.000087 0.000076 0.000061 0.000043 0.000022 0.000000 
50.000000 40.205614 31.000834 22.868970 16.112618 10.829654 6.938602 4.236313 2.464649 1.366729 0.722727 0.364679 0.175727 0.080939 0.035674 0.015068 0.006113 0.002393 0.000914 0.000351 0.000144 0.000072 0.000048 0.000040 0.000037 0.000036 0.000036 0.000036 0.000036 0.000036 0.000036 0.000036 0.000036 0.000036 0.000036 0.000036 0.000036 0.000036 0.000036 0.000036 0.000035 0.000035 0.000033 0.000032 0.000029 0.000025 0.000020 0.000014 0.000007 0.000000 
50.000000 40.205609 31.000825 22.868957 16.112602 10.829635 6.938581 4.236291 2.464626 1.366705 0.722703 0.364655 0.175702 0.080915 0.035650 0.015044 0.006089 0.002369 0.000890 0.000326 0.000120 0.000048 0.000023 0.000015 0.000013 0.000012 0.000012 0.000012 0.000012 0.000012 0.000012 0.000012 0.000012 0.000012 0.000012 0.000012 0.000012 0.000012 0.000011 0.000011 0.000011 0.000011 0.000011 0.000010 0.000009 0.000008 0.000007 0.000005 0.000002 0.000000 
50.000000 40.205607 31.000822 22.868953 16.112596 10.829629 6.938575 4.236284 2.464618 1.366697 0.722695 0.364647 0.175694 0.080907 0.035642 0.015036 0.006081 0.002361 0.000882 0.000318 0.000112 0.000040 0.000015 0.000007 0.000005 0.000004 0.000004 0.000004 0.000004 0.000004 0.000004 0.000004 0.000004 0.000004 0.000004 0.000004 0.000004 0.000004 0.000004 0.000004 0.000004 0.000003 0.000003 0.000003 0.000003 0.000003 0.000002 0.000001 0.000001 0.000000 
50.000000 40.205607 31.000821 22.868951 16.112595 10.829627 6.938573 4.236282 2.464616 1.366695 0.722693 0.364645 0.175692 0.080904 0.035640 0.015034 0.006079 0.002359 0.000880 0.000316 0.000110 0.000037 0.000013 0.000005 0.000002 0.000002 0.000001 0.000001 0.000001 0.000001 0.000001 0.000001 0.000001 0.000001 0.000001 0.000001 0.000001 0.000001 0.000001 0.000001 0.000001 0.000001 0.000001 0.000001 0.000001 0.000001 0.000001 0.000001 0.000000 0.000000 
50.000000 40.205607 31.000821 22.868951 16.112595 10.829627 6.938573 4.236282 2.464616 1.366695 0.722693 0.364645 0.175692 0.080904 0.035640 0.015034 0.006079 0.002359 0.000880 0.000316 0.000110 0.000037 0.000013 0.000005 0.000002 0.000002 0.000001 0.000001 0.000001 0.000001 0.000001 0.000001 0.000001 0.000001 0.000001 0.000001 0.000001 0.000001 0.000001 0.000001 0.000001 0.000001 0.000001 0.000001 0.000001 0.000001 0.000001 0.000001 0.000000 0.000000 
50.000000 40.205607 31.000822 22.868953 16.112596 10.829629 6.938575 4.236284 2.464618 1.366697 0.722695 0.364647 0.175694 0.080907 0.035642 0.015036 0.006081 0.002361 0.000882 0.000318 0.000112 0.000040 0.000015 0.000007 0.000005 0.000004 0.000004 0.000004 0.000004 0.000004 0.000004 0.000004 0.000004 0.000004 0.000004 0.000004 0.000004 0.000004 0.000004 0.000004 0.000004 0.000003 0.000003 0.000003 0.000003 0.000003 0.000002 0.000001 0.000001 0.000000 
50.000000 40.205609 31.000825 22.868957 16.112602 10.829635 6.938581 4.236291 2.464626 1.366705 0.722703 0.364655 0.175702 0.080915 0.035650 0.015044 0.006089 0.002369 0.000890 0.000326 0.000120 0.000048 0.000023 0.000015 0.000013 0.000012 0.000012 0.000012 0.000012 0.000012 0.000012 0.000012 0.000012 0.000012 0.000012 0.000012 0.000012 0.000012 0.000011 0.000011 0.000011 0.000011 0.000011 0.000010 0.000009 0.000008 0.000007 0.000005 0.000002 0.000000 
50.000000 40.205614 31.000834 22.868970 16.112618 10.829654 6.938602 4.236313 2.464649 1.366729 0.722727 0.364679 0.175727 0.080939 0.035674 0.015068 0.006113 0.002393 0.000914 0.000351 0.000144 0.000072 0.000048 0.000040 0.000037 0.000036 0.000036 0.000036 0.000036 0.000036 0.000036 0.000036 0.000036 0.000036 0.000036 0.000036 0.000036 0.000036 0.000036 0.000036 0.000035 0.000035 0.000033 0.000032 0.000029 0.000025 0.000020 0.000014 0.000007 0.000000 
50.000000 40.205628 31.000862 22.869010 16.112668 10.829711 6.938665 4.236380 2.464718 1.366799 0.722798 0.364751 0.175799 0.081011 0.035747 0.015141 0.006186 0.002466 0.000987 0.000423 0.000217 0.000144 0.000120 0.000112 0.000109 0.000109 0.000108 0.000108 0.000108 0.000108 0.000108 0.000108 0.000108 0.000108 0.000108 0.000108 0.000108 0.000108 0.000108 0.000107 0.000106 0.000104 0.000101 0.000095 0.000087 0.000076 0.000061 0.000043 0.000022 0.000000 
50.000000 40.205669 31.000941 22.869122 16.112808 10.829873 6.938843 4.236569 2.464914 1.367000 0.723002 0.364956 0.176004 0.081217 0.035953 0.015347 0.006392 0.002672 0.001193 0.000629 0.000423 0.000351 0.000326 0.000318 0.000316 0.000315 0.000315 0.000315 0.000315 0.000315 0.000315 0.000315 0.000315 0.000315 0.000314 0.000314 0.000314 0.000314 0.000313 0.000311 0.000308 0.000302 0.000293 0.000277 0.000254 0.000222 0.000179 0.000126 0.000065 0.000000 
50.000000 40.205780 31.001156 22.869429 16.113191 10.830316 6.939330 4.237086 2.465451 1.367549 0.723557 0.365516 0.176566 0.081780 0.036516 0.015910 0.006956 0.003236 0.001756 0.001193 0.000987 0.000914 0.000890 0.000882 0.000879 0.000879 0.000878 0.000878 0.000878 0.000878 0.000878 0.000878 0.000878 0.000878 0.000878 0.000878 0.000877 0.000876 0.000874 0.000869 0.000861 0.000845 0.000818 0.000776 0.000711 0.000621 0.000501 0.000353 0.000183 0.000000 
50.000000 40.206071 31.001720 22.870235 16.114197 10.831478 6.940606 4.238441 2.466858 1.368988 0.725016 0.366985 0.178040 0.083257 0.037994 0.017389 0.008435 0.004715 0.003236 0.002672 0.002466 0.002393 0.002369 0.002361 0.002359 0.002358 0.002358 0.002357 0.002357 0.002357 0.002357 0.002357 0.002357 0.002357 0.002357 0.002357 0.002355 0.002352 0.002346 0.002334 0.002311 0.002270 0.002199 0.002085 0.001914 0.001671 0.001350 0.000952 0.000493 0.000000 
50.000000 40.206802 31.003139 22.872260 16.116726 10.834399 6.943816 4.241851 2.470398 1.372609 0.728683 0.370678 0.181748 0.086971 0.041712 0.021108 0.012154 0.008435 0.006956 0.006392 0.006186 0.006113 0.006089 0.006081 0.006079 0.006078 0.006078 0.006077 0.006077 0.006077 0.006077 0.006077 0.006077 0.006077 0.006077 0.006075 0.006072 0.006065 0.006050 0.006019 0.005961 0.005856 0.005676 0.005386 0.004947 0.004323 0.003495 0.002467 0.001278 0.000000 
50.000000 40.208563 31.006553 22.877134 16.122810 10.841429 6.951540 4.250057 2.478919 1.381324 0.737512 0.379570 0.190672 0.095912 0.050660 0.030060 0.021108 0.017389 0.015910 0.015347 0.015141 0.015068 0.015044 0.015036 0.015033 0.015033 0.015032 0.015032 0.015032 0.015032 0.015032 0.015032 0.015032 0.015032 0.015030 0.015027 0.015019 0.015002 0.014966 0.014893 0.014752 0.014497 0.014059 0.013350 0.012273 0.010736 0.008687 0.006136 0.003182 0.000000 
50.000000 40.212612 31.014406 22.888344 16.136807 10.857601 6.969312 4.268937 2.498523 1.401376 0.757826 0.400029 0.211208 0.116486 0.071252 0.050660 0.041712 0.037994 0.036516 0.035953 0.035747 0.035674 0.035650 0.035642 0.035639 0.035639 0.035638 0.035638 0.035638 0.035638 0.035638 0.035638 0.035638 0.035637 0.035634 0.035626 0.035609 0.035570 0.035487 0.035319 0.034996 0.034405 0.033387 0.031731 0.029201 0.025575 0.020717 0.014650 0.007601 0.000000 
50.000000 40.221502 31.031649 22.912961 16.167545 10.893118 7.008343 4.310404 2.541584 1.445422 0.802448 0.444970 0.256317 0.161679 0.116486 0.095912 0.086971 0.083257 0.081780 0.081217 0.081011 0.080939 0.080915 0.080907 0.080904 0.080903 0.080903 0.080903 0.080903 0.080903 0.080903 0.080903 0.080902 0.080899 0.080893 0.080877 0.080840 0.080756 0.080576 0.080209 0.079500 0.078198 0.075939 0.072246 0.066569 0.058386 0.047364 0.033534 0.017415 0.000000 
50.000000 40.240113 31.067745 22.964495 16.231894 10.967477 7.090064 4.397228 2.631748 1.537652 0.895886 0.539079 0.350778 0.256317 0.211208 0.190672 0.181748 0.178040 0.176566 0.176004 0.175799 0.175727 0.175702 0.175694 0.175692 0.175691 0.175691 0.175691 0.175691 0.175691 0.175690 0.175690 0.175688 0.175683 0.175670 0.175638 0.175561 0.175389 0.175019 0.174259 0.172780 0.170050 0.165283 0.157435 0.145284 0.127647 0.103736 0.073562 0.038243 0.000000 
50.000000 40.277199 31.139675 23.067194 16.360137 11.115674 7.252940 4.570286 2.811469 1.721495 1.082143 0.726674 0.539079 0.444970 0.400029 0.379570 0.370678 0.366985 0.365516 0.364956 0.364751 0.364679 0.364655 0.364647 0.364645 0.364644 0.364644 0.364644 0.364644 0.364643 0.364643 0.364642 0.364638 0.364628 0.364603 0.364541 0.364394 0.364060 0.363337 0.361847 0.358925 0.353495 0.343942 0.328085 0.303323 0.267076 0.217533 0.154569 0.080470 0.000000 
50.000000 40.347449 31.275933 23.261740 16.603084 11.396437 7.561528 4.898175 3.151996 2.069842 1.435070 1.082143 0.895886 0.802448 0.757826 0.737512 0.728683 0.725016 0.723557 0.723002 0.722798 0.722727 0.722703 0.722695 0.722692 0.722692 0.722691 0.722691 0.722691 0.722691 0.722690 0.722688 0.722682 0.722664 0.722619 0.722507 0.722239 0.721627 0.720296 0.717535 0.712084 0.701867 0.683737 0.653349 0.605412 0.534505 0.436601 0.311039 0.162230 0.000000 
50.000000 40.473763 31.520938 23.611567 17.039960 11.901335 8.116487 5.487869 3.764439 2.696366 2.069842 1.721495 1.537652 1.445422 1.401376 1.381324 1.372609 1.368988 1.367549 1.367000 1.366799 1.366729 1.366705 1.366697 1.366695 1.366694 1.366694 1.366694 1.366694 1.366693 1.366692 1.366688 1.366677 1.366648 1.366571 1.366380 1.365922 1.364872 1.362570 1.357759 1.348183 1.330071 1.297592 1.242535 1.154606 1.022861 0.838608 0.599505 0.313476 0.000000 
50.000000 40.689044 31.938515 24.207817 17.784603 12.761955 9.062475 6.493102 4.808483 3.764439 3.151996 2.811469 2.631748 2.541584 2.498523 2.478919 2.470398 2.466858 2.465451 2.464914 2.464718 2.464649 2.464626 2.464618 2.464616 2.464615 2.464615 2.464615 2.464614 2.464614 2.464612 2.464606 2.464589 2.464542 2.464422 2.464118 2.463386 2.461699 2.457975 2.450129 2.434368 2.404241 2.349566 2.255622 2.103337 1.871491 1.541886 1.107468 0.581137 0.000000 
50.000000 41.036340 32.612170 25.169737 18.985965 14.150476 10.588783 8.115053 6.493102 5.487869 4.898175 4.570286 4.397228 4.310404 4.268937 4.250057 4.241851 4.238441 4.237086 4.236569 4.236380 4.236313 4.236291 4.236284 4.236281 4.236281 4.236280 4.236280 4.236280 4.236279 4.236276 4.236267 4.236243 4.236175 4.235998 4.235550 4.234465 4.231945 4.226344 4.214438 4.190276 4.143536 4.057526 3.907371 3.659531 3.274599 2.715649 1.963421 1.035618 0.000000 
50.000000 41.565935 33.639449 26.636638 20.818060 16.268058 12.916576 10.588783 9.062475 8.116487 7.561528 7.252940 7.090064 7.008343 6.969312 6.951540 6.943816 6.940606 6.939330 6.938843 6.938665 6.938602 6.938581 6.938574 6.938572 6.938572 6.938571 6.938571 6.938571 6.938570 6.938566 6.938554 6.938521 6.938430 6.938190 6.937581 6.936097 6.932628 6.924856 6.908179 6.873952 6.806853 6.681413 6.458288 6.081879 5.482457 4.587670 3.348574 1.780213 0.000000 
50.000000 42.328341 35.118343 28.748463 23.455705 19.316802 16.268058 14.150476 12.761955 11.901335 11.396437 11.115674 10.967477 10.893118 10.857601 10.841429 10.834399 10.831478 10.830316 10.829873 10.829711 10.829654 10.829635 10.829629 10.829627 10.829626 10.829626 10.829626 10.829625 10.829624 10.829619 10.829605 10.829564 10.829452 10.829156 10.828401 10.826550 10.822193 10.812352 10.791025 10.746729 10.658618 10.490945 10.186179 9.658401 8.791231 7.448926 5.514607 2.969471 0.000000 
50.000000 43.363289 37.125927 31.615296 27.036424 23.455705 20.818060 18.985965 17.784603 17.039960 16.603084 16.360137 16.231894 16.167545 16.136807 16.122810 16.116726 16.114197 16.113191 16.112808 16.112668 16.112618 16.112602 16.112596 16.112595 16.112594 16.112594 16.112594 16.112593 16.112591 16.112586 16.112571 16.112526 16.112402 16.112074 16.111232 16.109159 16.104247 16.093061 16.068579 16.017100 15.913112 15.711367 15.335603 14.664475 13.518212 11.657202 8.820150 4.855603 0.000000 
50.000000 44.686683 39.693060 35.281217 31.615296 28.748463 26.636638 25.169737 24.207817 23.611567 23.261740 23.067194 22.964495 22.912961 22.888344 22.877134 22.872260 22.870235 22.869429 22.869122 22.869010 22.868970 22.868957 22.868952 22.868951 22.868951 22.868951 22.868950 22.868950 22.868948 22.868943 22.868928 22.868885 22.868766 22.868447 22.867627 22.865597 22.860760 22.849660 22.825139 22.772960 22.665931 22.454088 22.048968 21.299538 19.958094 17.640609 13.812735 7.921240 0.000000 
50.000000 46.279326 42.782506 39.693060 37.125927 35.118343 33.639449 32.612170 31.938515 31.520938 31.275933 31.139675 31.067745 31.031649 31.014406 31.006553 31.003139 31.001720 31.001156 31.000941 31.000862 31.000834 31.000825 31.000822 31.000821 31.000821 31.000821 31.000820 31.000820 31.000819 31.000815 31.000803 31.000768 31.000673 31.000417 30.999756 30.998115 30.994183 30.985106 30.964893 30.921433 30.831047 30.648749 30.290875 29.603735 28.305777 25.880326 21.391253 13.285870 0.000000 
50.000000 48.081966 46.279326 44.686683 43.363289 42.328341 41.565935 41.036340 40.689044 40.473763 40.347449 40.277199 40.240113 40.221502 40.212612 40.208563 40.206802 40.206071 40.205780 40.205669 40.205628 40.205614 40.205609 40.205607 40.205607 40.205607 40.205607 40.205607 40.205606 40.205606 40.205603 40.205597 40.205578 40.205524 40.205381 40.205011 40.204088 40.201870 40.196729 40.185218 40.160287 40.107907 40.000722 39.785722 39.358871 38.507686 36.765443 32.993456 24.040983 0.000000 
50.000000 50.000000 50.000000 50.000000 50.000000 50.000000 50.000000 50.000000 50.000000 50.000000 50.000000 50.000000 50.000000 50.000000 50.000000 50.000000 50.000000 50.000000 50.000000 50.000000 50.000000 50.000000 50.000000 50.000000 50.000000 50.000000 50.000000 50.000000 50.000000 50.000000 50.000000 50.000000 50.000000 50.000000 50.000000 50.000000 50.000000 50.000000 50.000000 50.000000 50.000000 50.000000 50.000000 50.000000 50.000000 50.000000 50.000000 50.000000 50.000000 50.000000 
