50.000000 50.000000 50.000000 50.000000 50.000000 50.000000 50.000000 50.000000 50.000000 50.000000 50.000000 50.000000 50.000000 50.000000 50.000000 50.000000 50.000000 50.000000 50.000000 50.000000 50.000000 50.000000 50.000000 50.000000 50.000000 50.000000 50.000000 50.000000 50.000000 50.000000 50.000000 50.000000 50.000000 50.000000 50.000000 50.000000 50.000000 50.000000 50.000000 50.000000 50.000000 50.000000 50.000000 50.000000 50.000000 50.000000 50.000000 50.000000 50.000000 50.000000 
50.000000 45.151853 41.037854 38.061105 36.209299 35.208969 34.734867 34.535753 34.460967 34.435636 34.427842 34.425648 34.425080 34.424944 34.424914 34.424908 34.424907 34.424906 34.424906 34.424906 34.424906 34.424906 34.424906 34.424906 34.424906 34.424906 34.424906 34.424906 34.424906 34.424906 34.424906 34.424906 34.424906 34.424906 34.424906 34.424906 34.424904 34.424895 34.424854 34.424670 34.423905 34.420938 34.410191 34.373852 34.258830 33.915698 32.938179 30.218310 22.575927 0.000000 
50.000000 41.037854 33.433151 27.931085 24.508688 22.660195 21.784248 21.416432 21.278309 21.231535 21.217145 21.213096 21.212049 21.211798 21.211742 21.211730 21.211728 21.211728 21.211728 21.211728 21.211728 21.211728 21.211728 21.211728 21.211728 21.211728 21.211728 21.211728 21.211728 21.211728 21.211728 21.211728 21.211728 21.211728 21.211728 21.211727 21.211725 21.211712 21.211651 21.211382 21.210276 21.206031 21.190900 21.140903 20.988026 20.555872 19.427584 16.716576 10.819545 0.000000 
50.000000 38.061105 27.931085 20.602708 16.044988 13.583740 12.417675 11.928152 11.744370 11.682152 11.663015 11.657633 11.656240 11.655907 11.655833 11.655818 11.655815 11.655814 11.655814 11.655814 11.655814 11.655814 11.655814 11.655814 11.655814 11.655814 11.655814 11.655814 11.655814 11.655814 11.655814 11.655814 11.655814 11.655814 11.655814 11.655814 11.655811 11.655799 11.655744 11.655499 11.654503 11.650730 11.637513 11.594880 11.468820 11.129089 10.301354 8.503501 5.122926 0.000000 
50.000000 36.209299 24.508688 16.044988 10.781958 7.940349 6.594364 6.029440 5.817404 5.745639 5.723573 5.717368 5.715763 5.715379 5.715294 5.715276 5.715273 5.715272 5.715272 5.715272 5.715272 5.715272 5.715272 5.715272 5.715272 5.715272 5.715272 5.715272 5.715272 5.715272 5.715272 5.715272 5.715272 5.715272 5.715272 5.715272 5.715270 5.715262 5.715223 5.715055 5.714378 5.711844 5.703112 5.675547 5.596348 5.390979 4.915899 3.952817 2.293601 0.000000 
50.000000 35.208969 22.660195 13.583740 7.940349 4.893824 3.451019 2.845572 2.618372 2.541491 2.517857 2.511213 2.509495 2.509084 2.508993 2.508974 2.508970 2.508969 2.508969 2.508969 2.508969 2.508969 2.508969 2.508969 2.508969 2.508969 2.508969 2.508969 2.508969 2.508969 2.508969 2.508969 2.508969 2.508969 2.508969 2.508969 2.508968 2.508963 2.508942 2.508848 2.508474 2.507090 2.502388 2.487814 2.446912 2.344001 2.114920 1.672169 0.950139 0.000000 
50.000000 34.734867 21.784248 12.417675 6.594364 3.451019 1.962530 1.337990 1.103657 1.024373 1.000004 0.993154 0.991383 0.990959 0.990865 0.990846 0.990842 0.990841 0.990841 0.990841 0.990841 0.990841 0.990841 0.990841 0.990841 0.990841 0.990841 0.990841 0.990841 0.990841 0.990841 0.990841 0.990841 0.990841 0.990841 0.990841 0.990841 0.990838 0.990828 0.990784 0.990610 0.989970 0.987822 0.981265 0.963205 0.918817 0.822795 0.643345 0.361014 0.000000 
50.000000 34.535753 21.416432 11.928152 6.029440 2.845572 1.337990 0.705484 0.468179 0.387896 0.363222 0.356287 0.354494 0.354065 0.353970 0.353951 0.353947 0.353946 0.353946 0.353946 0.353946 0.353946 0.353946 0.353946 0.353946 0.353946 0.353946 0.353946 0.353946 0.353946 0.353946 0.353946 0.353946 0.353946 0.353946 0.353946 0.353946 0.353945 0.353941 0.353923 0.353852 0.353595 0.352742 0.350168 0.343184 0.326328 0.290639 0.225533 0.125562 0.000000 
50.000000 34.460967 21.278309 11.744370 5.817404 2.618372 1.103657 0.468179 0.229768 0.149114 0.124327 0.117360 0.115559 0.115129 0.115033 0.115013 0.115009 0.115009 0.115008 0.115008 0.115008 0.115008 0.115008 0.115008 0.115008 0.115008 0.115008 0.115008 0.115008 0.115008 0.115008 0.115008 0.115008 0.115008 0.115008 0.115008 0.115008 0.115008 0.115006 0.115000 0.114975 0.114884 0.114584 0.113687 0.111282 0.105560 0.093641 0.072278 0.040029 0.000000 
50.000000 34.435636 21.231535 11.682152 5.745639 2.541491 1.024373 0.387896 0.149114 0.068336 0.043511 0.036534 0.034730 0.034299 0.034203 0.034183 0.034179 0.034179 0.034179 0.034179 0.034179 0.034179 0.034179 0.034179 0.034179 0.034179 0.034179 0.034179 0.034179 0.034179 0.034179 0.034179 0.034179 0.034179 0.034179 0.034179 0.034178 0.034178 0.034178 0.034176 0.034168 0.034139 0.034044 0.033763 0.033017 0.031261 0.027649 0.021259 0.011731 0.000000 
50.000000 34.427842 21.217145 11.663015 5.723573 2.517857 1.000004 0.363222 0.124327 0.043511 0.018674 0.011694 0.009890 0.009458 0.009362 0.009343 0.009339 0.009338 0.009338 0.009338 0.009338 0.009338 0.009338 0.009338 0.009338 0.009338 0.009338 0.009338 0.009338 0.009338 0.009338 0.009338 0.009338 0.009338 0.009338 0.009338 0.009338 0.009338 0.009338 0.009337 0.009335 0.009326 0.009299 0.009219 0.009009 0.008517 0.007516 0.005763 0.003172 0.000000 
50.000000 34.425648 21.213096 11.657633 5.717368 2.511213 0.993154 0.356287 0.117360 0.036534 0.011694 0.004713 0.002908 0.002477 0.002381 0.002361 0.002357 0.002357 0.002357 0.002357 0.002357 0.002357 0.002357 0.002357 0.002357 0.002357 0.002357 0.002357 0.002357 0.002357 0.002357 0.002357 0.002357 0.002357 0.002357 0.002357 0.002357 0.002357 0.002357 0.002356 0.002356 0.002354 0.002347 0.002326 0.002271 0.002145 0.001890 0.001446 0.000794 0.000000 
50.000000 34.425080 21.212049 11.656240 5.715763 2.509495 0.991383 0.354494 0.115559 0.034730 0.009890 0.002908 0.001104 0.000672 0.000576 0.000557 0.000553 0.000552 0.000552 0.000552 0.000552 0.000552 0.000552 0.000552 0.000552 0.000552 0.000552 0.000552 0.000552 0.000552 0.000552 0.000552 0.000552 0.000552 0.000552 0.000552 0.000552 0.000552 0.000552 0.000552 0.000552 0.000551 0.000549 0.000544 0.000531 0.000501 0.000441 0.000337 0.000185 0.000000 
50.000000 34.424944 21.211798 11.655907 5.715379 2.509084 0.990959 0.354065 0.115129 0.034299 0.009458 0.002477 0.000672 0.000241 0.000145 0.000125 0.000121 0.000121 0.000120 0.000120 0.000120 0.000120 0.000120 0.000120 0.000120 0.000120 0.000120 0.000120 0.000120 0.000120 0.000120 0.000120 0.000120 0.000120 0.000120 0.000120 0.000120 0.000120 0.000120 0.000120 0.000120 0.000120 0.000120 0.000119 0.000116 0.000109 0.000096 0.000073 0.000040 0.000000 
50.000000 34.424914 21.211742 11.655833 5.715294 2.508993 0.990865 0.353970 0.115033 0.034203 0.009362 0.002381 0.000576 0.000145 0.000049 0.000029 0.000025 0.000025 0.000025 0.000025 0.000025 0.000025 0.000025 0.000025 0.000025 0.000025 0.000025 0.000025 0.000025 0.000025 0.000025 0.000025 0.000025 0.000025 0.000025 0.000025 0.000025 0.000025 0.000025 0.000025 0.000025 0.000025 0.000024 0.000024 0.000024 0.000022 0.000020 0.000015 0.000008 0.000000 
50.000000 34.424908 21.211730 11.655818 5.715276 2.508974 0.990846 0.353951 0.115013 0.034183 0.009343 0.002361 0.000557 0.000125 0.000029 0.000009 0.000006 0.000005 0.000005 0.000005 0.000005 0.000005 0.000005 0.000005 0.000005 0.000005 0.000005 0.000005 0.000005 0.000005 0.000005 0.000005 0.000005 0.000005 0.000005 0.000005 0.000005 0.000005 0.000005 0.000005 0.000005 0.000005 0.000005 0.000005 0.000005 0.000004 0.000004 0.000003 0.000002 0.000000 
50.000000 34.424907 21.211728 11.655815 5.715273 2.508970 0.990842 0.353947 0.115009 0.034179 0.009339 0.002357 0.000553 0.000121 0.000025 0.000006 0.000002 0.000001 0.000001 0.000001 0.000001 0.000001 0.000001 0.000001 0.000001 0.000001 0.000001 0.000001 0.000001 0.000001 0.000001 0.000001 0.000001 0.000001 0.000001 0.000001 0.000001 0.000001 0.000001 0.000001 0.000001 0.000001 0.000001 0.000001 0.000001 0.000001 0.000001 0.000001 0.000000 0.000000 
50.000000 34.424906 21.211728 11.655814 5.715272 2.508969 0.990841 0.353946 0.115009 0.034179 0.009338 0.002357 0.000552 0.000121 0.000025 0.000005 0.000001 0.000000 0.000000 0.000000 0.000000 0.000000 0.000000 0.000000 0.000000 0.000000 0.000000 0.000000 0.000000 0.000000 0.000000 0.000000 0.000000 0.000000 0.000000 0.000000 0.000000 0.000000 0.000000 0.000000 0.000000 0.000000 0.000000 0.000000 0.000000 0.000000 0.000000 0.000000 0.000000 0.000000 
50.000000 34.424906 21.211728 11.655814 5.715272 2.508969 0.990841 0.353946 0.115008 0.034179 0.009338 0.002357 0.000552 0.000120 0.000025 0.000005 0.000001 0.000000 0.000000 0.000000 0.000000 0.000000 0.000000 0.000000 0.000000 0.000000 0.000000 0.000000 0.000000 0.000000 0.000000 0.000000 0.000000 0.000000 0.000000 0.000000 0.000000 0.000000 0.000000 0.000000 0.000000 0.000000 0.000000 0.000000 0.000000 0.000000 0.000000 0.000000 0.000000 0.000000 
50.000000 34.424906 21.211728 11.655814 5.715272 2.508969 0.990841 0.353946 0.115008 0.034179 0.009338 0.002357 0.000552 0.000120 0.000025 0.000005 0.000001 0.000000 0.000000 0.000000 0.000000 0.000000 0.000000 0.000000 0.000000 0.000000 0.000000 0.000000 0.000000 0.000000 0.000000 0.000000 0.000000 0.000000 0.000000 0.000000 0.000000 0.000000 0.000000 0.000000 0.000000 0.000000 0.000000 0.000000 0.000000 0.000000 0.000000 0.000000 0.000000 0.000000 
50.000000 34.424906 21.211728 11.655814 5.715272 2.508969 0.990841 0.353946 0.115008 0.034179 0.009338 0.002357 0.000552 0.000120 0.000025 0.000005 0.000001 0.000000 0.000000 0.000000 0.000000 0.000000 0.000000 0.000000 0.000000 0.000000 0.000000 0.000000 0.000000 0.000000 0.000000 0.000000 0.000000 0.000000 0.000000 0.000000 0.000000 0.000000 0.000000 0.000000 0.000000 0.000000 0.000000 0.000000 0.000000 0.000000 0.000000 0.000000 0.000000 0.000000 
50.000000 34.424906 21.211728 11.655814 5.715272 2.508969 0.990841 0.353946 0.115008 0.034179 0.009338 0.002357 0.000552 0.000120 0.000025 0.000005 0.000001 0.000000 0.000000 0.000000 0.000000 0.000000 0.000000 0.000000 0.000000 0.000000 0.000000 0.000000 0.000000 0.000000 0.000000 0.000000 0.000000 0.000000 0.000000 0.000000 0.000000 0.000000 0.000000 0.000000 0.000000 0.000000 0.000000 0.000000 0.000000 0.000000 0.000000 0.000000 0.000000 0.000000 
50.000000 34.424906 21.211728 11.655814 5.715272 2.508969 0.990841 0.353946 0.115008 0.034179 0.009338 0.002357 0.000552 0.000120 0.000025 0.000005 0.000001 0.000000 0.000000 0.000000 0.000000 0.000000 0.000000 0.000000 0.000000 0.000000 0.000000 0.000000 0.000000 0.000000 0.000000 0.000000 0.000000 0.000000 0.000000 0.000000 0.000000 0.000000 0.000000 0.000000 0.000000 0.000000 0.000000 0.000000 0.000000 0.000000 0.000000 0.000000 0.000000 0.000000 
50.000000 34.424906 21.211728 11.655814 5.715272 2.508969 0.990841 0.353946 0.115008 0.034179 0.009338 0.002357 0.000552 0.000120 0.000025 0.000005 0.000001 0.000000 0.000000 0.000000 0.000000 0.000000 0.000000 0.000000 0.000000 0.000000 0.000000 0.000000 0.000000 0.000000 0.000000 0.000000 0.000000 0.000000 0.000000 0.000000 0.000000 0.000000 0.000000 0.000000 0.000000 0.000000 0.000000 0.000000 0.000000 0.000000 0.000000 0.000000 0.000000 0.000000 
50.000000 34.424906 21.211728 11.655814 5.715272 2.508969 0.990841 0.353946 0.115008 0.034179 0.009338 0.002357 0.000552 0.000120 0.000025 0.000005 0.000001 0.000000 0.000000 0.000000 0.000000 0.000000 0.000000 0.000000 0.000000 0.000000 0.000000 0.000000 0.000000 0.000000 0.000000 0.000000 0.000000 0.000000 0.000000 0.000000 0.000000 0.000000 0.000000 0.000000 0.000000 0.000000 0.000000 0.000000 0.000000 0.000000 0.000000 0.000000 0.000000 0.000000 
50.000000 34.424906 21.211728 11.655814 5.715272 2.508969 0.990841 0.353946 0.115008 0.034179 0.009338 0.002357 0.000552 0.000120 0.000025 0.000005 0.000001 0.000000 0.000000 0.000000 0.000000 0.000000 0.000000 0.000000 0.000000 0.000000 0.000000 0.000000 0.000000 0.000000 0.000000 0.000000 0.000000 0.000000 0.000000 0.000000 0.000000 0.000000 0.000000 0.000000 0.000000 0.000000 0.000000 0.000000 0.000000 0.000000 0.000000 0.000000 0.000000 0.000000 
50.000000 34.424906 21.211728 11.655814 5.715272 2.508969 0.990841 0.353946 0.115008 0.034179 0.009338 0.002357 0.000552 0.000120 0.000025 0.000005 0.000001 0.000000 0.000000 0.000000 0.000000 0.000000 0.000000 0.000000 0.000000 0.000000 0.000000 0.000000 0.000000 0.000000 0.000000 0.000000 0.000000 0.000000 0.000000 0.000000 0.000000 0.000000 0.000000 0.000000 0.000000 0.000000 0.000000 0.000000 0.000000 0.000000 0.000000 0.000000 0.000000 0.000000 
50.000000 34.424906 21.211728 11.655814 5.715272 2.508969 0.990841 0.353946 0.115008 0.034179 0.009338 0.002357 0.000552 0.000120 0.000025 0.000005 0.000001 0.000000 0.000000 0.000000 0.000000 0.000000 0.000000 0.000000 0.000000 0.000000 0.000000 0.000000 0.000000 0.000000 0.000000 0.000000 0.000000 0.000000 0.000000 0.000000 0.000000 0.000000 0.000000 0.000000 0.000000 0.000000 0.000000 0.000000 0.000000 0.000000 0.000000 0.000000 0.000000 0.000000 
50.000000 34.424906 21.211728 11.655814 5.715272 2.508969 0.990841 0.353946 0.115008 0.034179 0.009338 0.002357 0.000552 0.000120 0.000025 0.000005 0.000001 0.000000 0.000000 0.000000 0.000000 0.000000 0.000000 0.000000 0.000000 0.000000 0.000000 0.000000 0.000000 0.000000 0.000000 0.000000 0.000000 0.000000 0.000000 0.000000 0.000000 0.000000 0.000000 0.000000 0.000000 0.000000 0.000000 0.000000 0.000000 0.000000 0.000000 0.000000 0.000000 0.000000 
50.000000 34.424906 21.211728 11.655814 5.715272 2.508969 0.990841 0.353946 0.115008 0.034179 0.009338 0.002357 0.000552 0.000120 0.000025 0.000005 0.000001 0.000000 0.000000 0.000000 0.000000 0.000000 0.000000 0.000000 0.000000 0.000000 0.000000 0.000000 0.000000 0.000000 0.000000 0.000000 0.000000 0.000000 0.000000 0.000000 0.000000 0.000000 0.000000 0.000000 0.000000 0.000000 0.000000 0.000000 0.000000 0.000000 0.000000 0.000000 0.000000 0.000000 
50.000000 34.424906 21.211728 11.655814 5.715272 2.508969 0.990841 0.353946 0.115008 0.034179 0.009338 0.002357 0.000552 0.000120 0.000025 0.000005 0.000001 0.000000 0.000000 0.000000 0.000000 0.000000 0.000000 0.000000 0.000000 0.000000 0.000000 0.000000 0.000000 0.000000 0.000000 0.000000 0.000000 0.000000 0.000000 0.000000 0.000000 0.000000 0.000000 0.000000 0.000000 0.000000 0.000000 0.000000 0.000000 0.000000 0.000000 0.000000 0.000000 0.000000 
50.000000 34.424906 21.211728 11.655814 5.715272 2.508969 0.990841 0.353946 0.115008 0.034179 0.009338 0.002357 0.000552 0.000120 0.000025 0.000005 0.000001 0.000000 0.000000 0.000000 0.000000 0.000000 0.000000 0.000000 0.000000 0.000000 0.000000 0.000000 0.000000 0.000000 0.000000 0.000000 0.000000 0.000000 0.000000 0.000000 0.000000 0.000000 0.000000 0.000000 0.000000 0.000000 0.000000 0.000000 0.000000 0.000000 0.000000 0.000000 0.000000 0.000000 
50.000000 34.424906 21.211728 11.655814 5.715272 2.508969 0.990841 0.353946 0.115009 0.034179 0.009338 0.002357 0.000552 0.000121 0.000025 0.000005 0.000001 0.000000 0.000000 0.000000 0.000000 0.000000 0.000000 0.000000 0.000000 0.000000 0.000000 0.000000 0.000000 0.000000 0.000000 0.000000 0.000000 0.000000 0.000000 0.000000 0.000000 0.000000 0.000000 0.000000 0.000000 0.000000 0.000000 0.000000 0.000000 0.000000 0.000000 0.000000 0.000000 0.000000 
50.000000 34.424907 21.211728 11.655815 5.715273 2.508970 0.990842 0.353947 0.115009 0.034179 0.009339 0.002357 0.000553 0.000121 0.000025 0.000006 0.000002 0.000001 0.000001 0.000001 0.000001 0.000001 0.000001 0.000001 0.000001 0.000001 0.000001 0.000001 0.000001 0.000001 0.000001 0.000001 0.000001 0.000001 0.000001 0.000001 0.000001 0.000001 0.000001 0.000001 0.000001 0.000001 0.000001 0.000001 0.000001 0.000001 0.000001 0.000001 0.000000 0.000000 
50.000000 34.424908 21.211730 11.655818 5.715276 2.508974 0.990846 0.353951 0.115013 0.034183 0.009343 0.002361 0.000557 0.000125 0.000029 0.000009 0.000006 0.000005 0.000005 0.000005 0.000005 0.000005 0.000005 0.000005 0.000005 0.000005 0.000005 0.000005 0.000005 0.000005 0.000005 0.000005 0.000005 0.000005 0.000005 0.000005 0.000005 0.000005 0.000005 0.000005 0.000005 0.000005 0.000005 0.000005 0.000005 0.000004 0.000004 0.000003 0.000002 0.000000 
50.000000 34.424914 21.211742 11.655833 5.715294 2.508993 0.990865 0.353970 0.115033 0.034203 0.009362 0.002381 0.000576 0.000145 0.000049 0.000029 0.000025 0.000025 0.000025 0.000025 0.000025 0.000025 0.000025 0.000025 0.000025 0.000025 0.000025 0.000025 0.000025 0.000025 0.000025 0.000025 0.000025 0.000025 0.000025 0.000025 0.000025 0.000025 0.000025 0.000025 0.000025 0.000025 0.000024 0.000024 0.000024 0.000022 0.000020 0.000015 0.000008 0.000000 
50.000000 34.424944 21.211798 11.655907 5.715379 2.509084 0.990959 0.354065 0.115129 0.034299 0.009458 0.002477 0.000672 0.000241 0.000145 0.000125 0.000121 0.000121 0.000120 0.000120 0.000120 0.000120 0.000120 0.000120 0.000120 0.000120 0.000120 0.000120 0.000120 0.000120 0.000120 0.000120 0.000120 0.000120 0.000120 0.000120 0.000120 0.000120 0.000120 0.000120 0.000120 0.000120 0.000120 0.000119 0.000116 0.000109 0.000096 0.000073 0.000040 0.000000 
50.000000 34.425080 21.212049 11.656240 5.715763 2.509495 0.991383 0.354494 0.115559 0.034730 0.009890 0.002908 0.001104 0.000672 0.000576 0.000557 0.000553 0.000552 0.000552 0.000552 0.000552 0.000552 0.000552 0.000552 0.000552 0.000552 0.000552 0.000552 0.000552 0.000552 0.000552 0.000552 0.000552 0.000552 0.000552 0.000552 0.000552 0.000552 0.000552 0.000552 0.000552 0.000551 0.000549 0.000544 0.000531 0.000501 0.000441 0.000337 0.000185 0.000000 
50.000000 34.425648 21.213096 11.657633 5.717368 2.511213 0.993154 0.356287 0.117360 0.036534 0.011694 0.004713 0.002908 0.002477 0.002381 0.002361 0.002357 0.002357 0.002357 0.002357 0.002357 0.002357 0.002357 0.002357 0.002357 0.002357 0.002357 0.002357 0.002357 0.002357 0.002357 0.002357 0.002357 0.002357 0.002357 0.002357 0.002357 0.002357 0.002357 0.002356 0.002356 0.002354 0.002347 0.002326 0.002271 0.002145 0.001890 0.001446 0.000794 0.000000 
50.000000 34.427842 21.217145 11.663015 5.723573 2.517857 1.000004 0.363222 0.124327 0.043511 0.018674 0.011694 0.009890 0.009458 0.009362 0.009343 0.009339 0.009338 0.009338 0.009338 0.009338 0.009338 0.009338 0.009338 0.009338 0.009338 0.009338 0.009338 0.009338 0.009338 0.009338 0.009338 0.009338 0.009338 0.009338 0.009338 0.009338 0.009338 0.009338 0.009337 0.009335 0.009326 0.009299 0.009219 0.009009 0.008517 0.007516 0.005763 0.003172 0.000000 
50.000000 34.435636 21.231535 11.682152 5.745639 2.541491 1.024373 0.387896 0.149114 0.068336 0.043511 0.036534 0.034730 0.034299 0.034203 0.034183 0.034179 0.034179 0.034179 0.034179 0.034179 0.034179 0.034179 0.034179 0.034179 0.034179 0.034179 0.034179 0.034179 0.034179 0.034179 0.034179 0.034179 0.034179 0.034179 0.034179 0.034178 0.034178 0.034178 0.034176 0.034168 0.034139 0.034044 0.033763 0.033017 0.031261 0.027649 0.021259 0.011731 0.000000 
50.000000 34.460967 21.278309 11.744370 5.817404 2.618372 1.103657 0.468179 0.229768 0.149114 0.124327 0.117360 0.115559 0.115129 0.115033 0.115013 0.115009 0.115009 0.115008 0.115008 0.115008 0.115008 0.115008 0.115008 0.115008 0.115008 0.115008 0.115008 0.115008 0.115008 0.115008 0.115008 0.115008 0.115008 0.115008 0.115008 0.115008 0.115008 0.115006 0.115000 0.114975 0.114884 0.114584 0.113687 0.111282 0.105560 0.093641 0.072278 0.040029 0.000000 
50.000000 34.535753 21.416432 11.928152 6.029440 2.845572 1.337990 0.705484 0.468179 0.387896 0.363222 0.356287 0.354494 0.354065 0.353970 0.353951 0.353947 0.353946 0.353946 0.353946 0.353946 0.353946 0.353946 0.353946 0.353946 0.353946 0.353946 0.353946 0.353946 0.353946 0.353946 0.353946 0.353946 0.353946 0.353946 0.353946 0.353946 0.353945 0.353941 0.353923 0.353852 0.353595 0.352742 0.350168 0.343184 0.326328 0.290639 0.225533 0.125562 0.000000 
50.000000 34.734867 21.784248 12.417675 6.594364 3.451019 1.962530 1.337990 1.103657 1.024373 1.000004 0.993154 0.991383 0.990959 0.990865 0.990846 0.990842 0.990841 0.990841 0.990841 0.990841 0.990841 0.990841 0.990841 0.990841 0.990841 0.990841 0.990841 0.990841 0.990841 0.990841 0.990841 0.990841 0.990841 0.990841 0.990841 0.990841 0.990838 0.990828 0.990784 0.990610 0.989970 0.987822 0.981265 0.963205 0.918817 0.822795 0.643345 0.361014 0.000000 
50.000000 35.208969 22.660195 13.583740 7.940349 4.893824 3.451019 2.845572 2.618372 2.541491 2.517857 2.511213 2.509495 2.509084 2.508993 2.508974 2.508970 2.508969 2.508969 2.508969 2.508969 2.508969 2.508969 2.508969 2.508969 2.508969 2.508969 2.508969 2.508969 2.508969 2.508969 2.508969 2.508969 2.508969 2.508969 2.508969 2.508968 2.508963 2.508942 2.508848 2.508474 2.507090 2.502388 2.487814 2.446912 2.344001 2.114920 1.672169 0.950139 0.000000 
50.000000 36.209299 24.508688 16.044988 10.781958 7.940349 6.594364 6.029440 5.817404 5.745639 5.723573 5.717368 5.715763 5.715379 5.715294 5.715276 5.715273 5.715272 5.715272 5.715272 5.715272 5.715272 5.715272 5.715272 5.715272 5.715272 5.715272 5.715272 5.715272 5.715272 5.715272 5.715272 5.715272 5.715272 5.715272 5.715272 5.715270 5.715262 5.715223 5.715055 5.714378 5.711844 5.703112 5.675547 5.596348 5.390979 4.915899 3.952817 2.293601 0.000000 
50.000000 38.061105 27.931085 20.602708 16.044988 13.583740 12.417675 11.928152 11.744370 11.682152 11.663015 11.657633 11.656240 11.655907 11.655833 11.655818 11.655815 11.655814 11.655814 11.655814 11.655814 11.655814 11.655814 11.655814 11.655814 11.655814 11.655814 11.655814 11.655814 11.655814 11.655814 11.655814 11.655814 11.655814 11.655814 11.655814 11.655811 11.655799 11.655744 11.655499 11.654503 11.650730 11.637513 11.594880 11.468820 11.129089 10.301354 8.503501 5.122926 0.000000 
50.000000 41.037854 33.433151 27.931085 24.508688 22.660195 21.784248 21.416432 21.278309 21.231535 21.217145 21.213096 21.212049 21.211798 21.211742 21.211730 21.211728 21.211728 21.211728 21.211728 21.211728 21.211728 21.211728 21.211728 21.211728 21.211728 21.211728 21.211728 21.211728 21.211728 21.211728 21.211728 21.211728 21.211728 21.211728 21.211727 21.211725 21.211712 21.211651 21.211382 21.210276 21.206031 21.190900 21.140903 20.988026 20.555872 19.427584 16.716576 10.819545 0.000000 
50.000000 45.151853 41.037854 38.061105 36.209299 35.208969 34.734867 34.535753 34.460967 34.435636 34.427842 34.425648 34.425080 34.424944 34.424914 34.424908 34.424907 34.424906 34.424906 34.424906 34.424906 34.424906 34.424906 34.424906 34.424906 34.424906 34.424906 34.424906 34.424906 34.424906 34.424906 34.424906 34.424906 34.424906 34.424906 34.424906 34.424904 34.424895 34.424854 34.424670 34.423905 34.420938 34.410191 34.373852 34.258830 33.915698 32.938179 30.218310 22.575927 0.000000 
50.000000 50.000000 50.000000 50.000000 50.000000 50.000000 50.000000 50.000000 50.000000 50.000000 50.000000 50.000000 50.000000 50.000000 50.000000 50.000000 50.000000 50.000000 50.000000 50.000000 50.000000 50.000000 50.000000 50.000000 50.000000 50.000000 50.000000 50.000000 50.000000 50.000000 50.000000 50.000000 50.000000 50.000000 50.000000 50.000000 50.000000 50.000000 50.000000 50.000000 50.000000 50.000000 50.000000 50.000000 50.000000 50.000000 50.000000 50.000000 50.000000 50.000000 
