50.000000 50.000000 50.000000 50.000000 50.000000 50.000000 50.000000 50.000000 50.000000 50.000000 50.000000 50.000000 50.000000 50.000000 50.000000 50.000000 50.000000 50.000000 50.000000 50.000000 50.000000 50.000000 50.000000 50.000000 50.000000 50.000000 50.000000 50.000000 50.000000 50.000000 50.000000 50.000000 50.000000 50.000000 50.000000 50.000000 50.000000 50.000000 50.000000 50.000000 50.000000 50.000000 50.000000 50.000000 50.000000 50.000000 50.000000 50.000000 50.000000 50.000000 
50.000000 48.324234 46.736573 45.311247 44.098366 43.119631 42.370236 41.825408 41.448997 41.201651 41.046910 40.954654 40.902180 40.873676 40.858873 40.851515 40.848010 40.846409 40.845707 40.845411 40.845291 40.845244 40.845226 40.845220 40.845218 40.845217 40.845217 40.845216 40.845215 40.845213 40.845205 40.845186 40.845135 40.845005 40.844689 40.843941 40.842229 40.838433 40.830278 40.813284 40.778850 40.710816 40.579134 40.327777 39.849800 38.930571 37.102701 33.228900 24.162117 0.000000 
50.000000 46.736573 43.644730 40.869028 38.507058 36.601075 35.141719 34.080740 33.347739 32.866077 32.564752 32.385104 32.282925 32.227422 32.198597 32.184270 32.177446 32.174329 32.172962 32.172386 32.172152 32.172060 32.172026 32.172014 32.172009 32.172008 32.172007 32.172006 32.172005 32.172000 32.171987 32.171951 32.171858 32.171624 32.171051 32.169699 32.166611 32.159788 32.145193 32.114938 32.054078 31.935025 31.707870 31.283420 30.502663 29.080111 26.497866 21.822365 13.507673 0.000000 
50.000000 45.311247 40.869028 36.881046 33.487516 30.749146 28.652480 27.128187 26.075110 25.383137 24.950250 24.692171 24.545386 24.465656 24.424250 24.403670 24.393869 24.389392 24.387428 24.386600 24.386264 24.386133 24.386083 24.386066 24.386059 24.386057 24.386056 24.386055 24.386053 24.386047 24.386030 24.385984 24.385865 24.385566 24.384837 24.383121 24.379218 24.370634 24.352384 24.314853 24.240132 24.095965 23.826013 23.334650 22.463948 20.961110 18.440523 14.371162 8.208546 0.000000 
50.000000 44.098366 38.507058 33.487516 29.216232 25.769609 23.130700 21.212225 19.886851 19.015971 18.471177 18.146390 17.961670 17.861336 17.809233 17.783336 17.771004 17.765371 17.762900 17.761858 17.761436 17.761271 17.761209 17.761186 17.761178 17.761175 17.761174 17.761173 17.761171 17.761164 17.761146 17.761097 17.760970 17.760651 17.759876 17.758061 17.753950 17.744966 17.726009 17.687386 17.611407 17.467059 17.202162 16.732675 15.929761 14.608116 12.526406 9.426947 5.167795 0.000000 
50.000000 43.119631 36.601075 30.749146 25.769609 21.751531 18.675138 16.438659 14.893628 13.878441 13.243391 12.864808 12.649499 12.532555 12.471828 12.441647 12.427274 12.420709 12.417830 12.416616 12.416124 12.415932 12.415859 12.415833 12.415824 12.415821 12.415819 12.415818 12.415816 12.415810 12.415792 12.415746 12.415626 12.415326 12.414600 12.412907 12.409095 12.400819 12.383498 12.348562 12.280689 12.153736 11.925295 11.530347 10.875765 9.839848 8.285198 6.098412 3.269831 0.000000 
50.000000 42.370236 35.141719 28.652480 23.130700 18.675138 15.263850 12.783960 11.070812 9.945191 9.241080 8.821339 8.582631 8.452982 8.385660 8.352203 8.336271 8.328994 8.325803 8.324457 8.323912 8.323699 8.323618 8.323589 8.323579 8.323575 8.323574 8.323573 8.323571 8.323566 8.323551 8.323511 8.323409 8.323153 8.322538 8.321109 8.317912 8.311020 8.296713 8.268149 8.213331 8.112310 7.933802 7.631925 7.144791 6.398025 5.317830 3.858299 2.042459 0.000000 
50.000000 41.825408 34.080740 27.128187 21.212225 16.438659 12.783960 10.127169 8.291856 7.085997 6.331715 5.882080 5.626378 5.487505 5.415396 5.379561 5.362497 5.354704 5.351286 5.349845 5.349261 5.349033 5.348947 5.348916 5.348905 5.348901 5.348900 5.348899 5.348897 5.348893 5.348881 5.348850 5.348770 5.348570 5.348091 5.346984 5.344522 5.339250 5.328397 5.306939 5.266230 5.192232 5.063585 4.850158 4.513364 4.010063 3.302173 2.372870 1.246273 0.000000 
50.000000 41.448997 33.347739 26.075110 19.886851 14.893628 11.070812 8.291856 6.372190 5.110936 4.322023 3.851756 3.584329 3.439092 3.363682 3.326206 3.308363 3.300213 3.296640 3.295133 3.294522 3.294284 3.294194 3.294161 3.294150 3.294146 3.294145 3.294144 3.294143 3.294139 3.294131 3.294108 3.294050 3.293905 3.293559 3.292763 3.291004 3.287263 3.279622 3.264651 3.236549 3.186095 3.099624 2.958502 2.739892 2.419793 1.979145 1.412714 0.738181 0.000000 
50.000000 41.201651 32.866077 25.383137 19.015971 13.878441 9.945191 7.085997 5.110936 3.813310 3.001663 2.517855 2.242734 2.093323 2.015747 1.977196 1.958841 1.950458 1.946783 1.945233 1.944605 1.944360 1.944267 1.944234 1.944222 1.944218 1.944216 1.944216 1.944215 1.944213 1.944207 1.944191 1.944151 1.944053 1.943820 1.943286 1.942112 1.939631 1.934600 1.924826 1.906655 1.874387 1.819768 1.731861 1.597752 1.404564 1.143005 0.811999 0.422800 0.000000 
50.000000 41.046910 32.564752 24.950250 18.471177 13.243391 9.241080 6.331715 4.322023 3.001663 2.175809 1.683541 1.403615 1.251596 1.172668 1.133447 1.114772 1.106244 1.102505 1.100929 1.100289 1.100040 1.099946 1.099912 1.099900 1.099896 1.099894 1.099894 1.099893 1.099892 1.099888 1.099878 1.099852 1.099790 1.099642 1.099306 1.098570 1.097024 1.093909 1.087905 1.076837 1.057372 1.024777 0.972931 0.894829 0.783791 0.635397 0.449814 0.233627 0.000000 
50.000000 40.954654 32.385104 24.692171 18.146390 12.864808 8.821339 5.882080 3.851756 2.517855 1.683541 1.186236 0.903449 0.749880 0.670148 0.630527 0.611663 0.603049 0.599271 0.597679 0.597034 0.596781 0.596687 0.596652 0.596640 0.596636 0.596634 0.596634 0.596634 0.596633 0.596630 0.596624 0.596609 0.596572 0.596484 0.596284 0.595848 0.594939 0.593118 0.589632 0.583254 0.572134 0.553683 0.524626 0.481311 0.420381 0.339787 0.239911 0.124375 0.000000 
50.000000 40.902180 32.282925 24.545386 17.961670 12.649499 8.582631 5.626378 3.584329 2.242734 1.403615 0.903449 0.619039 0.464589 0.384400 0.344554 0.325582 0.316918 0.313120 0.311519 0.310869 0.310616 0.310520 0.310486 0.310473 0.310469 0.310468 0.310467 0.310467 0.310467 0.310465 0.310462 0.310453 0.310432 0.310382 0.310270 0.310026 0.309519 0.308511 0.306591 0.303103 0.297066 0.287129 0.271611 0.248680 0.216703 0.174753 0.123136 0.063747 0.000000 
50.000000 40.873676 32.227422 24.465656 17.861336 12.532555 8.452982 5.487505 3.439092 2.093323 1.251596 0.749880 0.464589 0.309662 0.229226 0.189257 0.170227 0.161537 0.157726 0.156120 0.155469 0.155215 0.155119 0.155084 0.155072 0.155068 0.155067 0.155066 0.155066 0.155066 0.155065 0.155063 0.155058 0.155047 0.155020 0.154960 0.154831 0.154563 0.154031 0.153026 0.151211 0.148088 0.142984 0.135069 0.123460 0.107386 0.086438 0.060810 0.031447 0.000000 
50.000000 40.858873 32.198597 24.424250 17.809233 12.471828 8.385660 5.415396 3.363682 2.015747 1.172668 0.670148 0.384400 0.229226 0.148662 0.108629 0.089570 0.080866 0.077049 0.075441 0.074789 0.074534 0.074438 0.074403 0.074391 0.074387 0.074385 0.074385 0.074385 0.074385 0.074384 0.074383 0.074381 0.074375 0.074362 0.074331 0.074265 0.074130 0.073864 0.073362 0.072460 0.070918 0.068412 0.064551 0.058921 0.051172 0.041129 0.028898 0.014931 0.000000 
50.000000 40.851515 32.184270 24.403670 17.783336 12.441647 8.352203 5.379561 3.326206 1.977196 1.133447 0.630527 0.344554 0.189257 0.108629 0.068565 0.049491 0.040780 0.036960 0.035351 0.034698 0.034443 0.034347 0.034312 0.034300 0.034296 0.034295 0.034294 0.034294 0.034294 0.034294 0.034293 0.034292 0.034289 0.034283 0.034268 0.034236 0.034171 0.034044 0.033804 0.033376 0.032648 0.031470 0.029665 0.027046 0.023460 0.018833 0.013219 0.006825 0.000000 
50.000000 40.848010 32.177446 24.393869 17.771004 12.427274 8.336271 5.362497 3.308363 1.958841 1.114772 0.611663 0.325582 0.170227 0.089570 0.049491 0.030409 0.021695 0.017874 0.016264 0.015611 0.015356 0.015260 0.015225 0.015213 0.015209 0.015207 0.015207 0.015207 0.015207 0.015207 0.015206 0.015206 0.015204 0.015201 0.015195 0.015180 0.015150 0.015092 0.014982 0.014788 0.014458 0.013927 0.013118 0.011948 0.010353 0.008303 0.005823 0.003005 0.000000 
50.000000 40.846409 32.174329 24.389392 17.765371 12.420709 8.328994 5.354704 3.300213 1.950458 1.106244 0.603049 0.316918 0.161537 0.080866 0.040780 0.021695 0.012980 0.009158 0.007548 0.006895 0.006639 0.006543 0.006509 0.006496 0.006492 0.006491 0.006490 0.006490 0.006490 0.006490 0.006490 0.006490 0.006489 0.006488 0.006485 0.006478 0.006465 0.006440 0.006392 0.006307 0.006164 0.005934 0.005585 0.005083 0.004401 0.003526 0.002471 0.001275 0.000000 
50.000000 40.845707 32.172962 24.387428 17.762900 12.417830 8.325803 5.351286 3.296640 1.946783 1.102505 0.599271 0.313120 0.157726 0.077049 0.036960 0.017874 0.009158 0.005336 0.003726 0.003073 0.002818 0.002722 0.002687 0.002674 0.002670 0.002669 0.002668 0.002668 0.002668 0.002668 0.002668 0.002668 0.002668 0.002667 0.002666 0.002663 0.002658 0.002647 0.002627 0.002591 0.002532 0.002436 0.002291 0.002084 0.001803 0.001444 0.001011 0.000521 0.000000 
50.000000 40.845411 32.172386 24.386600 17.761858 12.416616 8.324457 5.349845 3.295133 1.945233 1.100929 0.597679 0.311519 0.156120 0.075441 0.035351 0.016264 0.007548 0.003726 0.002115 0.001462 0.001207 0.001111 0.001076 0.001064 0.001059 0.001058 0.001058 0.001058 0.001058 0.001058 0.001057 0.001057 0.001057 0.001057 0.001057 0.001055 0.001053 0.001049 0.001041 0.001026 0.001002 0.000964 0.000907 0.000824 0.000712 0.000570 0.000399 0.000206 0.000000 
50.000000 40.845291 32.172152 24.386264 17.761436 12.416124 8.323912 5.349261 3.294523 1.944605 1.100289 0.597034 0.310869 0.155469 0.074789 0.034698 0.015611 0.006895 0.003073 0.001462 0.000809 0.000554 0.000458 0.000423 0.000411 0.000406 0.000405 0.000405 0.000404 0.000404 0.000404 0.000404 0.000404 0.000404 0.000404 0.000404 0.000404 0.000403 0.000401 0.000398 0.000392 0.000383 0.000368 0.000346 0.000314 0.000272 0.000217 0.000152 0.000078 0.000000 
50.000000 40.845244 32.172061 24.386133 17.761271 12.415932 8.323699 5.349033 3.294284 1.944360 1.100040 0.596782 0.310616 0.155215 0.074534 0.034443 0.015356 0.006640 0.002818 0.001207 0.000554 0.000299 0.000203 0.000168 0.000155 0.000151 0.000150 0.000150 0.000149 0.000149 0.000149 0.000149 0.000149 0.000149 0.000149 0.000149 0.000149 0.000149 0.000148 0.000147 0.000145 0.000141 0.000136 0.000128 0.000116 0.000100 0.000080 0.000056 0.000029 0.000000 
50.000000 40.845226 32.172026 24.386084 17.761209 12.415860 8.323619 5.348947 3.294194 1.944267 1.099946 0.596687 0.310521 0.155119 0.074438 0.034347 0.015260 0.006544 0.002722 0.001111 0.000458 0.000203 0.000107 0.000072 0.000060 0.000055 0.000054 0.000054 0.000053 0.000053 0.000053 0.000053 0.000053 0.000053 0.000053 0.000053 0.000053 0.000053 0.000053 0.000053 0.000052 0.000051 0.000049 0.000046 0.000041 0.000036 0.000029 0.000020 0.000010 0.000000 
50.000000 40.845220 32.172014 24.386066 17.761186 12.415834 8.323590 5.348916 3.294162 1.944234 1.099912 0.596653 0.310486 0.155085 0.074404 0.034313 0.015226 0.006509 0.002687 0.001077 0.000423 0.000168 0.000072 0.000037 0.000025 0.000021 0.000020 0.000019 0.000019 0.000019 0.000019 0.000019 0.000019 0.000019 0.000019 0.000019 0.000019 0.000019 0.000019 0.000019 0.000018 0.000018 0.000017 0.000016 0.000015 0.000013 0.000010 0.000007 0.000004 0.000000 
50.000000 40.845218 32.172010 24.386060 17.761179 12.415825 8.323581 5.348907 3.294152 1.944224 1.099902 0.596642 0.310475 0.155074 0.074393 0.034302 0.015215 0.006498 0.002676 0.001066 0.000412 0.000157 0.000061 0.000026 0.000014 0.000010 0.000009 0.000008 0.000008 0.000008 0.000008 0.000008 0.000008 0.000008 0.000008 0.000008 0.000008 0.000008 0.000008 0.000008 0.000008 0.000008 0.000007 0.000007 0.000006 0.000005 0.000004 0.000003 0.000002 0.000000 
50.000000 40.845218 32.172010 24.386060 17.761179 12.415825 8.323581 5.348907 3.294152 1.944224 1.099902 0.596642 0.310475 0.155074 0.074393 0.034302 0.015215 0.006498 0.002676 0.001066 0.000412 0.000157 0.000061 0.000026 0.000014 0.000010 0.000009 0.000008 0.000008 0.000008 0.000008 0.000008 0.000008 0.000008 0.000008 0.000008 0.000008 0.000008 0.000008 0.000008 0.000008 0.000008 0.000007 0.000007 0.000006 0.000005 0.000004 0.000003 0.000002 0.000000 
50.000000 40.845220 32.172014 24.386066 17.761186 12.415834 8.323590 5.348916 3.294162 1.944234 1.099912 0.596653 0.310486 0.155085 0.074404 0.034313 0.015226 0.006509 0.002687 0.001077 0.000423 0.000168 0.000072 0.000037 0.000025 0.000021 0.000020 0.000019 0.000019 0.000019 0.000019 0.000019 0.000019 0.000019 0.000019 0.000019 0.000019 0.000019 0.000019 0.000019 0.000018 0.000018 0.000017 0.000016 0.000015 0.000013 0.000010 0.000007 0.000004 0.000000 
50.000000 40.845226 32.172026 24.386084 17.761209 12.415860 8.323619 5.348947 3.294194 1.944267 1.099946 0.596687 0.310521 0.155119 0.074438 0.034347 0.015260 0.006544 0.002722 0.001111 0.000458 0.000203 0.000107 0.000072 0.000060 0.000055 0.000054 0.000054 0.000053 0.000053 0.000053 0.000053 0.000053 0.000053 0.000053 0.000053 0.000053 0.000053 0.000053 0.000053 0.000052 0.000051 0.000049 0.000046 0.000041 0.000036 0.000029 0.000020 0.000010 0.000000 
50.000000 40.845244 32.172061 24.386133 17.761271 12.415932 8.323699 5.349033 3.294284 1.944360 1.100040 0.596782 0.310616 0.155215 0.074534 0.034443 0.015356 0.006640 0.002818 0.001207 0.000554 0.000299 0.000203 0.000168 0.000155 0.000151 0.000150 0.000150 0.000149 0.000149 0.000149 0.000149 0.000149 0.000149 0.000149 0.000149 0.000149 0.000149 0.000148 0.000147 0.000145 0.000141 0.000136 0.000128 0.000116 0.000100 0.000080 0.000056 0.000029 0.000000 
50.000000 40.845291 32.172152 24.386264 17.761436 12.416124 8.323912 5.349261 3.294523 1.944605 1.100289 0.597034 0.310869 0.155469 0.074789 0.034698 0.015611 0.006895 0.003073 0.001462 0.000809 0.000554 0.000458 0.000423 0.000411 0.000406 0.000405 0.000405 0.000404 0.000404 0.000404 0.000404 0.000404 0.000404 0.000404 0.000404 0.000404 0.000403 0.000401 0.000398 0.000392 0.000383 0.000368 0.000346 0.000314 0.000272 0.000217 0.000152 0.000078 0.000000 
50.000000 40.845411 32.172386 24.386600 17.761858 12.416616 8.324457 5.349845 3.295133 1.945233 1.100929 0.597679 0.311519 0.156120 0.075441 0.035351 0.016264 0.007548 0.003726 0.002115 0.001462 0.001207 0.001111 0.001076 0.001064 0.001059 0.001058 0.001058 0.001058 0.001058 0.001058 0.001057 0.001057 0.001057 0.001057 0.001057 0.001055 0.001053 0.001049 0.001041 0.001026 0.001002 0.000964 0.000907 0.000824 0.000712 0.000570 0.000399 0.000206 0.000000 
50.000000 40.845707 32.172962 24.387428 17.762900 12.417830 8.325803 5.351286 3.296640 1.946783 1.102505 0.599271 0.313120 0.157726 0.077049 0.036960 0.017874 0.009158 0.005336 0.003726 0.003073 0.002818 0.002722 0.002687 0.002674 0.002670 0.002669 0.002668 0.002668 0.002668 0.002668 0.002668 0.002668 0.002668 0.002667 0.002666 0.002663 0.002658 0.002647 0.002627 0.002591 0.002532 0.002436 0.002291 0.002084 0.001803 0.001444 0.001011 0.000521 0.000000 
50.000000 40.846409 32.174329 24.389392 17.765371 12.420709 8.328994 5.354704 3.300213 1.950458 1.106244 0.603049 0.316918 0.161537 0.080866 0.040780 0.021695 0.012980 0.009158 0.007548 0.006895 0.006639 0.006543 0.006509 0.006496 0.006492 0.006491 0.006490 0.006490 0.006490 0.006490 0.006490 0.006490 0.006489 0.006488 0.006485 0.006478 0.006465 0.006440 0.006392 0.006307 0.006164 0.005934 0.005585 0.005083 0.004401 0.003526 0.002471 0.001275 0.000000 
50.000000 40.848010 32.177446 24.393869 17.771004 12.427274 8.336271 5.362497 3.308363 1.958841 1.114772 0.611663 0.325582 0.170227 0.089570 0.049491 0.030409 0.021695 0.017874 0.016264 0.015611 0.015356 0.015260 0.015225 0.015213 0.015209 0.015207 0.015207 0.015207 0.015207 0.015207 0.015206 0.015206 0.015204 0.015201 0.015195 0.015180 0.015150 0.015092 0.014982 0.014788 0.014458 0.013927 0.013118 0.011948 0.010353 0.008303 0.005823 0.003005 0.000000 
50.000000 40.851515 32.184270 24.403670 17.783336 12.441647 8.352203 5.379561 3.326206 1.977196 1.133447 0.630527 0.344554 0.189257 0.108629 0.068565 0.049491 0.040780 0.036960 0.035351 0.034698 0.034443 0.034347 0.034312 0.034300 0.034296 0.034295 0.034294 0.034294 0.034294 0.034294 0.034293 0.034292 0.034289 0.034283 0.034268 0.034236 0.034171 0.034044 0.033804 0.033376 0.032648 0.031470 0.029665 0.027046 0.023460 0.018833 0.013219 0.006825 0.000000 
50.000000 40.858873 32.198597 24.424250 17.809233 12.471828 8.385660 5.415396 3.363682 2.015747 1.172668 0.670148 0.384400 0.229226 0.148662 0.108629 0.089570 0.080866 0.077049 0.075441 0.074789 0.074534 0.074438 0.074403 0.074391 0.074387 0.074385 0.074385 0.074385 0.074385 0.074384 0.074383 0.074381 0.074375 0.074362 0.074331 0.074265 0.074130 0.073864 0.073362 0.072460 0.070918 0.068412 0.064551 0.058921 0.051172 0.041129 0.028898 0.014931 0.000000 
50.000000 40.873676 32.227422 24.465656 17.861336 12.532555 8.452982 5.487505 3.439092 2.093323 1.251596 0.749880 0.464589 0.309662 0.229226 0.189257 0.170227 0.161537 0.157726 0.156120 0.155469 0.155215 0.155119 0.155084 0.155072 0.155068 0.155067 0.155066 0.155066 0.155066 0.155065 0.155063 0.155058 0.155047 0.155020 0.154960 0.154831 0.154563 0.154031 0.153026 0.151211 0.148088 0.142984 0.135069 0.123460 0.107386 0.086438 0.060810 0.031447 0.000000 
50.000000 40.902180 32.282925 24.545386 17.961670 12.649499 8.582631 5.626378 3.584329 2.242734 1.403615 0.903449 0.619039 0.464589 0.384400 0.344554 0.325582 0.316918 0.313120 0.311519 0.310869 0.310616 0.310520 0.310486 0.310473 0.310469 0.310468 0.310467 0.310467 0.310467 0.310465 0.310462 0.310453 0.310432 0.310382 0.310270 0.310026 0.309519 0.308511 0.306591 0.303103 0.297066 0.287129 0.271611 0.248680 0.216703 0.174753 0.123136 0.063747 0.000000 
50.000000 40.954654 32.385104 24.692171 18.146390 12.864808 8.821339 5.882080 3.851756 2.517855 1.683541 1.186236 0.903449 0.749880 0.670148 0.630527 0.611663 0.603049 0.599271 0.597679 0.597034 0.596781 0.596687 0.596652 0.596640 0.596636 0.596634 0.596634 0.596634 0.596633 0.596630 0.596624 0.596609 0.596572 0.596484 0.596284 0.595848 0.594939 0.593118 0.589632 0.583254 0.572134 0.553683 0.524626 0.481311 0.420381 0.339787 0.239911 0.124375 0.000000 
50.000000 41.046910 32.564752 24.950250 18.471177 13.243391 9.241080 6.331715 4.322023 3.001663 2.175809 1.683541 1.403615 1.251596 1.172668 1.133447 1.114772 1.106244 1.102505 1.100929 1.100289 1.100040 1.099946 1.099912 1.099900 1.099896 1.099894 1.099894 1.099893 1.099892 1.099888 1.099878 1.099852 1.099790 1.099642 1.099306 1.098570 1.097024 1.093909 1.087905 1.076837 1.057372 1.024777 0.972931 0.894829 0.783791 0.635397 0.449814 0.233627 0.000000 
50.000000 41.201651 32.866077 25.383137 19.015971 13.878441 9.945191 7.085997 5.110936 3.813310 3.001663 2.517855 2.242734 2.093323 2.015747 1.977196 1.958841 1.950458 1.946783 1.945233 1.944605 1.944360 1.944267 1.944234 1.944222 1.944218 1.944216 1.944216 1.944215 1.944213 1.944207 1.944191 1.944151 1.944053 1.943820 1.943286 1.942112 1.939631 1.934600 1.924826 1.906655 1.874387 1.819768 1.731861 1.597752 1.404564 1.143005 0.811999 0.422800 0.000000 
50.000000 41.448997 33.347739 26.075110 19.886851 14.893628 11.070812 8.291856 6.372190 5.110936 4.322023 3.851756 3.584329 3.439092 3.363682 3.326206 3.308363 3.300213 3.296640 3.295133 3.294522 3.294284 3.294194 3.294161 3.294150 3.294146 3.294145 3.294144 3.294143 3.294139 3.294131 3.294108 3.294050 3.293905 3.293559 3.292763 3.291004 3.287263 3.279622 3.264651 3.236549 3.186095 3.099624 2.958502 2.739892 2.419793 1.979145 1.412714 0.738181 0.000000 
50.000000 41.825408 34.080740 27.128187 21.212225 16.438659 12.783960 10.127169 8.291856 7.085997 6.331715 5.882080 5.626378 5.487505 5.415396 5.379561 5.362497 5.354704 5.351286 5.349845 5.349261 5.349033 5.348947 5.348916 5.348905 5.348901 5.348900 5.348899 5.348897 5.348893 5.348881 5.348850 5.348770 5.348570 5.348091 5.346984 5.344522 5.339250 5.328397 5.306939 5.266230 5.192232 5.063585 4.850158 4.513364 4.010063 3.302173 2.372870 1.246273 0.000000 
50.000000 42.370236 35.141719 28.652480 23.130700 18.675138 15.263850 12.783960 11.070812 9.945191 9.241080 8.821339 8.582631 8.452982 8.385660 8.352203 8.336271 8.328994 8.325803 8.324457 8.323912 8.323699 8.323618 8.323589 8.323579 8.323575 8.323574 8.323573 8.323571 8.323566 8.323551 8.323511 8.323409 8.323153 8.322538 8.321109 8.317912 8.311020 8.296713 8.268149 8.213331 8.112310 7.933802 7.631925 7.144791 6.398025 5.317830 3.858299 2.042459 0.000000 
50.000000 43.119631 36.601075 30.749146 25.769609 21.751531 18.675138 16.438659 14.893628 13.878441 13.243391 12.864808 12.649499 12.532555 12.471828 12.441647 12.427274 12.420709 12.417830 12.416616 12.416124 12.415932 12.415859 12.415833 12.415824 12.415821 12.415819 12.415818 12.415816 12.415810 12.415792 12.415746 12.415626 12.415326 12.414600 12.412907 12.409095 12.400819 12.383498 12.348562 12.280689 12.153736 11.925295 11.530347 10.875765 9.839848 8.285198 6.098412 3.269831 0.000000 
50.000000 44.098366 38.507058 33.487516 29.216232 25.769609 23.130700 21.212225 19.886851 19.015971 18.471177 18.146390 17.961670 17.861336 17.809233 17.783336 17.771004 17.765371 17.762900 17.761858 17.761436 17.761271 17.761209 17.761186 17.761178 17.761175 17.761174 17.761173 17.761171 17.761164 17.761146 17.761097 17.760970 17.760651 17.759876 17.758061 17.753950 17.744966 17.726009 17.687386 17.611407 17.467059 17.202162 16.732675 15.929761 14.608116 12.526406 9.426947 5.167795 0.000000 
50.000000 45.311247 40.869028 36.881046 33.487516 30.749146 28.652480 27.128187 26.075110 25.383137 24.950250 24.692171 24.545386 24.465656 24.424250 24.403670 24.393869 24.389392 24.387428 24.386600 24.386264 24.386133 24.386083 24.386066 24.386059 24.386057 24.386056 24.386055 24.386053 24.386047 24.386030 24.385984 24.385865 24.385566 24.384837 24.383121 24.379218 24.370634 24.352384 24.314853 24.240132 24.095965 23.826013 23.334650 22.463948 20.961110 18.440523 14.371162 8.208546 0.000000 
50.000000 46.736573 43.644730 40.869028 38.507058 36.601075 35.141719 34.080740 33.347739 32.866077 32.564752 32.385104 32.282925 32.227422 32.198597 32.184270 32.177446 32.174329 32.172962 32.172386 32.172152 32.172060 32.172026 32.172014 32.172009 32.172008 32.172007 32.172006 32.172005 32.172000 32.171987 32.171951 32.171858 32.171624 32.171051 32.169699 32.166611 32.159788 32.145193 32.114938 32.054078 31.935025 31.707870 31.283420 30.502663 29.080111 26.497866 21.822365 13.507673 0.000000 
50.000000 48.324234 46.736573 45.311247 44.098366 43.119631 42.370236 41.825408 41.448997 41.201651 41.046910 40.954654 40.902180 40.873676 40.858873 40.851515 40.848010 40.846409 40.845707 40.845411 40.845291 40.845244 40.845226 40.845220 40.845218 40.845217 40.845217 40.845216 40.845215 40.845213 40.845205 40.845186 40.845135 40.845005 40.844689 40.843941 40.842229 40.838433 40.830278 40.813284 40.778850 40.710816 40.579134 40.327777 39.849800 38.930571 37.102701 33.228900 24.162117 0.000000 
50.000000 50.000000 50.000000 50.000000 50.000000 50.000000 50.000000 50.000000 50.000000 50.000000 50.000000 50.000000 50.000000 50.000000 50.000000 50.000000 50.000000 50.000000 50.000000 50.000000 50.000000 50.000000 50.000000 50.000000 50.000000 50.000000 50.000000 50.000000 50.000000 50.000000 50.000000 50.000000 50.000000 50.000000 50.000000 50.000000 50.000000 50.000000 50.000000 50.000000 50.000000 50.000000 50.000000 50.000000 50.000000 50.000000 50.000000 50.000000 50.000000 50.000000 
