50.000000 50.000000 50.000000 50.000000 50.000000 50.000000 50.000000 50.000000 50.000000 50.000000 50.000000 50.000000 50.000000 50.000000 50.000000 50.000000 50.000000 50.000000 50.000000 50.000000 50.000000 50.000000 50.000000 50.000000 50.000000 50.000000 50.000000 50.000000 50.000000 50.000000 50.000000 50.000000 50.000000 50.000000 50.000000 50.000000 50.000000 50.000000 50.000000 50.000000 50.000000 50.000000 50.000000 50.000000 50.000000 50.000000 50.000000 50.000000 50.000000 50.000000 
50.000000 48.348571 46.782709 45.374698 44.173692 43.201482 42.454184 41.908376 41.529295 41.278716 41.120927 41.026184 40.971883 40.942146 40.926569 40.918756 40.915000 40.913267 40.912499 40.912172 40.912038 40.911985 40.911965 40.911958 40.911955 40.911954 40.911954 40.911953 40.911952 40.911949 40.911941 40.911919 40.911862 40.911721 40.911378 40.910575 40.908751 40.904741 40.896196 40.878516 40.842938 40.773081 40.638634 40.383286 39.899832 38.973467 37.136766 33.252602 24.174285 0.000000 
50.000000 46.782709 43.732122 40.989068 38.649305 36.755287 35.299443 34.236140 33.497648 33.009499 32.702117 32.517553 32.411774 32.353847 32.323504 32.308285 32.300969 32.297594 32.296098 32.295461 32.295200 32.295096 32.295057 32.295043 32.295037 32.295036 32.295035 32.295034 32.295032 32.295027 32.295012 32.294972 32.294869 32.294612 32.293990 32.292536 32.289243 32.282027 32.266710 32.235193 32.172224 32.049811 31.817558 31.385751 30.594899 29.159190 26.560667 21.866061 13.530107 0.000000 
50.000000 45.374698 40.989068 37.045576 33.681890 30.959038 28.866132 27.337560 26.275943 25.574217 25.132356 24.867051 24.715001 24.631737 24.588123 24.566249 24.555733 24.550882 24.548732 24.547816 24.547441 24.547293 24.547236 24.547215 24.547208 24.547205 24.547204 24.547203 24.547201 24.547194 24.547174 24.547123 24.546991 24.546662 24.545869 24.544019 24.539847 24.530748 24.511555 24.472371 24.394888 24.246320 23.969693 23.468693 22.584769 21.064697 18.522788 14.428401 8.237932 0.000000 
50.000000 44.173692 38.649305 33.681890 29.444863 26.015096 23.378860 21.453496 20.116326 19.232479 18.675955 18.341812 18.150315 18.045452 17.990527 17.962980 17.949738 17.943629 17.940922 17.939769 17.939297 17.939110 17.939039 17.939013 17.939003 17.939000 17.938999 17.938998 17.938995 17.938987 17.938967 17.938912 17.938770 17.938418 17.937573 17.935610 17.931203 17.921651 17.901653 17.861207 17.782181 17.632978 17.360716 16.880598 16.063094 14.722431 12.617192 9.490116 5.200225 0.000000 
50.000000 43.201482 36.755287 30.959038 26.015096 22.013151 18.937170 16.690681 15.130524 14.099312 13.450015 13.060182 12.836776 12.714444 12.650371 12.618238 12.602791 12.595666 12.592509 12.591164 12.590613 12.590395 12.590312 12.590282 12.590271 12.590267 12.590266 12.590265 12.590262 12.590255 12.590235 12.590183 12.590049 12.589717 12.588922 12.587084 12.582981 12.574149 12.555807 12.519084 12.448223 12.316510 12.080845 11.675469 11.006576 9.952002 8.374269 6.160388 3.301650 0.000000 
50.000000 42.454184 35.299443 28.866132 23.378860 18.937170 15.523246 13.029997 11.298507 10.154079 9.433516 9.000909 8.752998 8.617253 8.546157 8.510503 8.493364 8.485459 8.481957 8.480465 8.479853 8.479612 8.479520 8.479486 8.479474 8.479470 8.479468 8.479467 8.479464 8.479458 8.479441 8.479396 8.479281 8.478997 8.478320 8.476762 8.473306 8.465917 8.450699 8.420539 8.363052 8.257779 8.072817 7.761623 7.261701 6.498263 5.397439 3.913691 2.070898 0.000000 
50.000000 41.908376 34.236140 27.337560 21.453496 16.690681 13.029997 10.356585 8.500016 7.272948 6.500373 6.036552 5.770762 5.625232 5.549014 5.510793 5.492420 5.483947 5.480193 5.478594 5.477938 5.477680 5.477581 5.477545 5.477532 5.477527 5.477526 5.477525 5.477523 5.477518 5.477504 5.477469 5.477378 5.477155 5.476625 5.475411 5.472736 5.467054 5.455451 5.432676 5.389767 5.312263 5.178292 4.957180 4.609836 4.092779 3.367867 2.418582 1.269742 0.000000 
50.000000 41.529295 33.497648 26.275943 20.116326 15.130524 11.298507 8.500016 6.556624 5.272198 4.463530 3.978052 3.699861 3.547544 3.467774 3.427773 3.408546 3.399679 3.395751 3.394077 3.393391 3.393121 3.393017 3.392980 3.392966 3.392961 3.392960 3.392959 3.392957 3.392954 3.392944 3.392917 3.392851 3.392688 3.392303 3.391426 3.389503 3.385448 3.377231 3.361250 3.331458 3.278312 3.187753 3.040728 2.814014 2.483347 2.029622 1.447838 0.756214 0.000000 
50.000000 41.278716 33.009499 25.574217 19.232479 14.099312 10.154079 7.272948 5.272198 3.949888 3.117384 2.617608 2.331229 2.174434 2.092321 2.051146 2.031355 2.022228 2.018184 2.016462 2.015756 2.015478 2.015372 2.015333 2.015319 2.015314 2.015312 2.015311 2.015310 2.015308 2.015301 2.015283 2.015238 2.015126 2.014865 2.014273 2.012981 2.010274 2.004830 1.994329 1.974944 1.940740 1.883181 1.791028 1.651089 1.450298 1.179329 0.837275 0.435777 0.000000 
50.000000 41.120927 32.702117 25.132356 18.675955 13.450015 9.433516 6.500373 4.463530 3.117384 2.269886 1.761118 1.469592 1.309981 1.226395 1.184483 1.164338 1.155048 1.150932 1.149180 1.148461 1.148177 1.148069 1.148030 1.148016 1.148011 1.148009 1.148008 1.148008 1.148006 1.148002 1.147990 1.147961 1.147890 1.147723 1.147347 1.146532 1.144833 1.141439 1.134943 1.123054 1.102280 1.067696 1.012977 0.930931 0.814748 0.659985 0.466924 0.242411 0.000000 
50.000000 41.026184 32.517553 24.867051 18.341812 13.060182 9.000909 6.036552 3.978052 2.617608 1.761118 1.246957 0.952346 0.791048 0.706580 0.664226 0.643869 0.634481 0.630322 0.628551 0.627825 0.627539 0.627430 0.627389 0.627375 0.627370 0.627369 0.627368 0.627367 0.627366 0.627364 0.627357 0.627339 0.627296 0.627196 0.626971 0.626485 0.625478 0.623479 0.619679 0.612778 0.600822 0.581101 0.550209 0.504375 0.440159 0.355496 0.250843 0.129988 0.000000 
50.000000 40.971883 32.411774 24.715001 18.150315 12.836776 8.752998 5.770762 3.699861 2.331229 1.469592 0.952346 0.655968 0.493706 0.408733 0.366126 0.345649 0.336205 0.332022 0.330240 0.329510 0.329221 0.329112 0.329071 0.329057 0.329052 0.329050 0.329050 0.329049 0.329049 0.329047 0.329043 0.329033 0.329009 0.328952 0.328824 0.328550 0.327984 0.326868 0.324759 0.320955 0.314412 0.303708 0.287082 0.262627 0.228664 0.184253 0.129747 0.067142 0.000000 
50.000000 40.942146 32.353847 24.631737 18.045452 12.714444 8.617253 5.625232 3.547544 2.174434 1.309981 0.791048 0.493706 0.330915 0.245668 0.202923 0.182379 0.172905 0.168708 0.166921 0.166188 0.165899 0.165789 0.165748 0.165734 0.165729 0.165727 0.165727 0.165727 0.165726 0.165725 0.165723 0.165718 0.165704 0.165673 0.165605 0.165458 0.165156 0.164563 0.163449 0.161453 0.158041 0.152496 0.143946 0.131463 0.114249 0.091890 0.064604 0.033395 0.000000 
50.000000 40.926569 32.323504 24.588123 17.990527 12.650371 8.546157 5.549014 3.467774 2.092321 1.226395 0.706580 0.408733 0.245668 0.160276 0.117459 0.096881 0.087391 0.083187 0.081397 0.080663 0.080373 0.080263 0.080222 0.080208 0.080203 0.080201 0.080201 0.080200 0.080200 0.080200 0.080199 0.080196 0.080189 0.080173 0.080138 0.080063 0.079909 0.079609 0.079048 0.078048 0.076348 0.073603 0.069394 0.063288 0.054917 0.044104 0.030968 0.015994 0.000000 
50.000000 40.918756 32.308285 24.566249 17.962980 12.618238 8.510503 5.510793 3.427773 2.051146 1.184483 0.664226 0.366126 0.202923 0.117459 0.074606 0.054011 0.044513 0.040306 0.038514 0.037779 0.037489 0.037379 0.037338 0.037324 0.037319 0.037317 0.037317 0.037317 0.037316 0.037316 0.037316 0.037314 0.037311 0.037303 0.037286 0.037249 0.037175 0.037030 0.036760 0.036281 0.035470 0.034168 0.032182 0.029316 0.025407 0.020379 0.014295 0.007378 0.000000 
50.000000 40.915000 32.300969 24.555733 17.949738 12.602791 8.493364 5.492420 3.408546 2.031355 1.164338 0.643869 0.345649 0.182379 0.096881 0.054011 0.033407 0.023905 0.019696 0.017904 0.017169 0.016879 0.016768 0.016728 0.016713 0.016708 0.016707 0.016706 0.016706 0.016706 0.016706 0.016706 0.016705 0.016703 0.016700 0.016692 0.016675 0.016640 0.016573 0.016449 0.016229 0.015858 0.015266 0.014367 0.013074 0.011319 0.009070 0.006357 0.003279 0.000000 
50.000000 40.913267 32.297594 24.550882 17.943629 12.595666 8.485459 5.483947 3.399679 2.022228 1.155048 0.634481 0.336205 0.172905 0.087391 0.044513 0.023905 0.014401 0.010192 0.008399 0.007664 0.007374 0.007264 0.007223 0.007209 0.007204 0.007202 0.007201 0.007201 0.007201 0.007201 0.007201 0.007201 0.007200 0.007198 0.007195 0.007187 0.007172 0.007142 0.007087 0.006990 0.006828 0.006569 0.006178 0.005617 0.004859 0.003890 0.002725 0.001405 0.000000 
50.000000 40.912499 32.296098 24.548732 17.940922 12.592509 8.481957 5.480193 3.395751 2.018184 1.150932 0.630322 0.332022 0.168708 0.083187 0.040306 0.019696 0.010192 0.005982 0.004189 0.003454 0.003164 0.003053 0.003013 0.002998 0.002993 0.002992 0.002991 0.002991 0.002991 0.002991 0.002991 0.002991 0.002991 0.002990 0.002988 0.002985 0.002978 0.002966 0.002942 0.002902 0.002833 0.002724 0.002560 0.002327 0.002011 0.001609 0.001126 0.000580 0.000000 
50.000000 40.912172 32.295461 24.547816 17.939769 12.591164 8.480465 5.478594 3.394077 2.016462 1.149180 0.628551 0.330240 0.166921 0.081397 0.038514 0.017904 0.008399 0.004189 0.002396 0.001661 0.001371 0.001260 0.001220 0.001205 0.001200 0.001199 0.001198 0.001198 0.001198 0.001198 0.001198 0.001198 0.001198 0.001198 0.001197 0.001196 0.001193 0.001188 0.001178 0.001161 0.001134 0.001090 0.001024 0.000930 0.000803 0.000642 0.000449 0.000231 0.000000 
50.000000 40.912038 32.295200 24.547441 17.939297 12.590613 8.479853 5.477938 3.393391 2.015757 1.148461 0.627825 0.329510 0.166188 0.080663 0.037779 0.017169 0.007664 0.003454 0.001661 0.000926 0.000636 0.000525 0.000485 0.000470 0.000466 0.000464 0.000463 0.000463 0.000463 0.000463 0.000463 0.000463 0.000463 0.000463 0.000463 0.000462 0.000461 0.000459 0.000455 0.000449 0.000438 0.000421 0.000395 0.000359 0.000310 0.000247 0.000173 0.000089 0.000000 
50.000000 40.911985 32.295096 24.547293 17.939110 12.590395 8.479612 5.477680 3.393121 2.015478 1.148178 0.627539 0.329222 0.165899 0.080373 0.037489 0.016879 0.007374 0.003164 0.001371 0.000636 0.000346 0.000235 0.000195 0.000180 0.000175 0.000174 0.000173 0.000173 0.000173 0.000173 0.000173 0.000173 0.000173 0.000173 0.000173 0.000173 0.000172 0.000171 0.000170 0.000168 0.000163 0.000157 0.000147 0.000134 0.000115 0.000092 0.000064 0.000033 0.000000 
50.000000 40.911965 32.295057 24.547236 17.939039 12.590313 8.479520 5.477581 3.393018 2.015372 1.148070 0.627430 0.329112 0.165789 0.080263 0.037379 0.016769 0.007264 0.003054 0.001261 0.000526 0.000235 0.000125 0.000084 0.000070 0.000065 0.000063 0.000063 0.000063 0.000063 0.000063 0.000063 0.000063 0.000063 0.000063 0.000063 0.000062 0.000062 0.000062 0.000062 0.000061 0.000059 0.000057 0.000053 0.000048 0.000042 0.000033 0.000023 0.000012 0.000000 
50.000000 40.911958 32.295043 24.547216 17.939013 12.590283 8.479486 5.477545 3.392980 2.015333 1.148030 0.627390 0.329072 0.165749 0.080223 0.037339 0.016729 0.007224 0.003014 0.001221 0.000486 0.000195 0.000085 0.000044 0.000030 0.000025 0.000023 0.000023 0.000023 0.000023 0.000023 0.000023 0.000023 0.000023 0.000023 0.000023 0.000022 0.000022 0.000022 0.000022 0.000022 0.000021 0.000020 0.000019 0.000017 0.000015 0.000012 0.000008 0.000004 0.000000 
50.000000 40.911955 32.295038 24.547209 17.939005 12.590273 8.479476 5.477534 3.392968 2.015321 1.148018 0.627378 0.329059 0.165736 0.080210 0.037326 0.016716 0.007211 0.003001 0.001208 0.000473 0.000183 0.000072 0.000032 0.000017 0.000012 0.000011 0.000010 0.000010 0.000010 0.000010 0.000010 0.000010 0.000010 0.000010 0.000010 0.000010 0.000010 0.000010 0.000010 0.000009 0.000009 0.000009 0.000008 0.000008 0.000006 0.000005 0.000004 0.000002 0.000000 
50.000000 40.911955 32.295038 24.547209 17.939005 12.590273 8.479476 5.477534 3.392968 2.015321 1.148018 0.627378 0.329059 0.165736 0.080210 0.037326 0.016716 0.007211 0.003001 0.001208 0.000473 0.000183 0.000072 0.000032 0.000017 0.000012 0.000011 0.000010 0.000010 0.000010 0.000010 0.000010 0.000010 0.000010 0.000010 0.000010 0.000010 0.000010 0.000010 0.000010 0.000009 0.000009 0.000009 0.000008 0.000008 0.000006 0.000005 0.000004 0.000002 0.000000 
50.000000 40.911958 32.295043 24.547216 17.939013 12.590283 8.479486 5.477545 3.392980 2.015333 1.148030 0.627390 0.329072 0.165749 0.080223 0.037339 0.016729 0.007224 0.003014 0.001221 0.000486 0.000195 0.000085 0.000044 0.000030 0.000025 0.000023 0.000023 0.000023 0.000023 0.000023 0.000023 0.000023 0.000023 0.000023 0.000023 0.000022 0.000022 0.000022 0.000022 0.000022 0.000021 0.000020 0.000019 0.000017 0.000015 0.000012 0.000008 0.000004 0.000000 
50.000000 40.911965 32.295057 24.547236 17.939039 12.590313 8.479520 5.477581 3.393018 2.015372 1.148070 0.627430 0.329112 0.165789 0.080263 0.037379 0.016769 0.007264 0.003054 0.001261 0.000526 0.000235 0.000125 0.000084 0.000070 0.000065 0.000063 0.000063 0.000063 0.000063 0.000063 0.000063 0.000063 0.000063 0.000063 0.000063 0.000062 0.000062 0.000062 0.000062 0.000061 0.000059 0.000057 0.000053 0.000048 0.000042 0.000033 0.000023 0.000012 0.000000 
50.000000 40.911985 32.295096 24.547293 17.939110 12.590395 8.479612 5.477680 3.393121 2.015478 1.148178 0.627539 0.329222 0.165899 0.080373 0.037489 0.016879 0.007374 0.003164 0.001371 0.000636 0.000346 0.000235 0.000195 0.000180 0.000175 0.000174 0.000173 0.000173 0.000173 0.000173 0.000173 0.000173 0.000173 0.000173 0.000173 0.000173 0.000172 0.000171 0.000170 0.000168 0.000163 0.000157 0.000147 0.000134 0.000115 0.000092 0.000064 0.000033 0.000000 
50.000000 40.912038 32.295200 24.547441 17.939297 12.590613 8.479853 5.477938 3.393391 2.015757 1.148461 0.627825 0.329510 0.166188 0.080663 0.037779 0.017169 0.007664 0.003454 0.001661 0.000926 0.000636 0.000525 0.000485 0.000470 0.000466 0.000464 0.000463 0.000463 0.000463 0.000463 0.000463 0.000463 0.000463 0.000463 0.000463 0.000462 0.000461 0.000459 0.000455 0.000449 0.000438 0.000421 0.000395 0.000359 0.000310 0.000247 0.000173 0.000089 0.000000 
50.000000 40.912172 32.295461 24.547816 17.939769 12.591164 8.480465 5.478594 3.394077 2.016462 1.149180 0.628551 0.330240 0.166921 0.081397 0.038514 0.017904 0.008399 0.004189 0.002396 0.001661 0.001371 0.001260 0.001220 0.001205 0.001200 0.001199 0.001198 0.001198 0.001198 0.001198 0.001198 0.001198 0.001198 0.001198 0.001197 0.001196 0.001193 0.001188 0.001178 0.001161 0.001134 0.001090 0.001024 0.000930 0.000803 0.000642 0.000449 0.000231 0.000000 
50.000000 40.912499 32.296098 24.548732 17.940922 12.592509 8.481957 5.480193 3.395751 2.018184 1.150932 0.630322 0.332022 0.168708 0.083187 0.040306 0.019696 0.010192 0.005982 0.004189 0.003454 0.003164 0.003053 0.003013 0.002998 0.002993 0.002992 0.002991 0.002991 0.002991 0.002991 0.002991 0.002991 0.002991 0.002990 0.002988 0.002985 0.002978 0.002966 0.002942 0.002902 0.002833 0.002724 0.002560 0.002327 0.002011 0.001609 0.001126 0.000580 0.000000 
50.000000 40.913267 32.297594 24.550882 17.943629 12.595666 8.485459 5.483947 3.399679 2.022228 1.155048 0.634481 0.336205 0.172905 0.087391 0.044513 0.023905 0.014401 0.010192 0.008399 0.007664 0.007374 0.007264 0.007223 0.007209 0.007204 0.007202 0.007201 0.007201 0.007201 0.007201 0.007201 0.007201 0.007200 0.007198 0.007195 0.007187 0.007172 0.007142 0.007087 0.006990 0.006828 0.006569 0.006178 0.005617 0.004859 0.003890 0.002725 0.001405 0.000000 
50.000000 40.915000 32.300969 24.555733 17.949738 12.602791 8.493364 5.492420 3.408546 2.031355 1.164338 0.643869 0.345649 0.182379 0.096881 0.054011 0.033407 0.023905 0.019696 0.017904 0.017169 0.016879 0.016768 0.016728 0.016713 0.016708 0.016707 0.016706 0.016706 0.016706 0.016706 0.016706 0.016705 0.016703 0.016700 0.016692 0.016675 0.016640 0.016573 0.016449 0.016229 0.015858 0.015266 0.014367 0.013074 0.011319 0.009070 0.006357 0.003279 0.000000 
50.000000 40.918756 32.308285 24.566249 17.962980 12.618238 8.510503 5.510793 3.427773 2.051146 1.184483 0.664226 0.366126 0.202923 0.117459 0.074606 0.054011 0.044513 0.040306 0.038514 0.037779 0.037489 0.037379 0.037338 0.037324 0.037319 0.037317 0.037317 0.037317 0.037316 0.037316 0.037316 0.037314 0.037311 0.037303 0.037286 0.037249 0.037175 0.037030 0.036760 0.036281 0.035470 0.034168 0.032182 0.029316 0.025407 0.020379 0.014295 0.007378 0.000000 
50.000000 40.926569 32.323504 24.588123 17.990527 12.650371 8.546157 5.549014 3.467774 2.092321 1.226395 0.706580 0.408733 0.245668 0.160276 0.117459 0.096881 0.087391 0.083187 0.081397 0.080663 0.080373 0.080263 0.080222 0.080208 0.080203 0.080201 0.080201 0.080200 0.080200 0.080200 0.080199 0.080196 0.080189 0.080173 0.080138 0.080063 0.079909 0.079609 0.079048 0.078048 0.076348 0.073603 0.069394 0.063288 0.054917 0.044104 0.030968 0.015994 0.000000 
50.000000 40.942146 32.353847 24.631737 18.045452 12.714444 8.617253 5.625232 3.547544 2.174434 1.309981 0.791048 0.493706 0.330915 0.245668 0.202923 0.182379 0.172905 0.168708 0.166921 0.166188 0.165899 0.165789 0.165748 0.165734 0.165729 0.165727 0.165727 0.165727 0.165726 0.165725 0.165723 0.165718 0.165704 0.165673 0.165605 0.165458 0.165156 0.164563 0.163449 0.161453 0.158041 0.152496 0.143946 0.131463 0.114249 0.091890 0.064604 0.033395 0.000000 
50.000000 40.971883 32.411774 24.715001 18.150315 12.836776 8.752998 5.770762 3.699861 2.331229 1.469592 0.952346 0.655968 0.493706 0.408733 0.366126 0.345649 0.336205 0.332022 0.330240 0.329510 0.329221 0.329112 0.329071 0.329057 0.329052 0.329050 0.329050 0.329049 0.329049 0.329047 0.329043 0.329033 0.329009 0.328952 0.328824 0.328550 0.327984 0.326868 0.324759 0.320955 0.314412 0.303708 0.287082 0.262627 0.228664 0.184253 0.129747 0.067142 0.000000 
50.000000 41.026184 32.517553 24.867051 18.341812 13.060182 9.000909 6.036552 3.978052 2.617608 1.761118 1.246957 0.952346 0.791048 0.706580 0.664226 0.643869 0.634481 0.630322 0.628551 0.627825 0.627539 0.627430 0.627389 0.627375 0.627370 0.627369 0.627368 0.627367 0.627366 0.627364 0.627357 0.627339 0.627296 0.627196 0.626971 0.626485 0.625478 0.623479 0.619679 0.612778 0.600822 0.581101 0.550209 0.504375 0.440159 0.355496 0.250843 0.129988 0.000000 
50.000000 41.120927 32.702117 25.132356 18.675955 13.450015 9.433516 6.500373 4.463530 3.117384 2.269886 1.761118 1.469592 1.309981 1.226395 1.184483 1.164338 1.155048 1.150932 1.149180 1.148461 1.148177 1.148069 1.148030 1.148016 1.148011 1.148009 1.148008 1.148008 1.148006 1.148002 1.147990 1.147961 1.147890 1.147723 1.147347 1.146532 1.144833 1.141439 1.134943 1.123054 1.102280 1.067696 1.012977 0.930931 0.814748 0.659985 0.466924 0.242411 0.000000 
50.000000 41.278716 33.009499 25.574217 19.232479 14.099312 10.154079 7.272948 5.272198 3.949888 3.117384 2.617608 2.331229 2.174434 2.092321 2.051146 2.031355 2.022228 2.018184 2.016462 2.015756 2.015478 2.015372 2.015333 2.015319 2.015314 2.015312 2.015311 2.015310 2.015308 2.015301 2.015283 2.015238 2.015126 2.014865 2.014273 2.012981 2.010274 2.004830 1.994329 1.974944 1.940740 1.883181 1.791028 1.651089 1.450298 1.179329 0.837275 0.435777 0.000000 
50.000000 41.529295 33.497648 26.275943 20.116326 15.130524 11.298507 8.500016 6.556624 5.272198 4.463530 3.978052 3.699861 3.547544 3.467774 3.427773 3.408546 3.399679 3.395751 3.394077 3.393391 3.393121 3.393017 3.392980 3.392966 3.392961 3.392960 3.392959 3.392957 3.392954 3.392944 3.392917 3.392851 3.392688 3.392303 3.391426 3.389503 3.385448 3.377231 3.361250 3.331458 3.278312 3.187753 3.040728 2.814014 2.483347 2.029622 1.447838 0.756214 0.000000 
50.000000 41.908376 34.236140 27.337560 21.453496 16.690681 13.029997 10.356585 8.500016 7.272948 6.500373 6.036552 5.770762 5.625232 5.549014 5.510793 5.492420 5.483947 5.480193 5.478594 5.477938 5.477680 5.477581 5.477545 5.477532 5.477527 5.477526 5.477525 5.477523 5.477518 5.477504 5.477469 5.477378 5.477155 5.476625 5.475411 5.472736 5.467054 5.455451 5.432676 5.389767 5.312263 5.178292 4.957180 4.609836 4.092779 3.367867 2.418582 1.269742 0.000000 
50.000000 42.454184 35.299443 28.866132 23.378860 18.937170 15.523246 13.029997 11.298507 10.154079 9.433516 9.000909 8.752998 8.617253 8.546157 8.510503 8.493364 8.485459 8.481957 8.480465 8.479853 8.479612 8.479520 8.479486 8.479474 8.479470 8.479468 8.479467 8.479464 8.479458 8.479441 8.479396 8.479281 8.478997 8.478320 8.476762 8.473306 8.465917 8.450699 8.420539 8.363052 8.257779 8.072817 7.761623 7.261701 6.498263 5.397439 3.913691 2.070898 0.000000 
50.000000 43.201482 36.755287 30.959038 26.015096 22.013151 18.937170 16.690681 15.130524 14.099312 13.450015 13.060182 12.836776 12.714444 12.650371 12.618238 12.602791 12.595666 12.592509 12.591164 12.590613 12.590395 12.590312 12.590282 12.590271 12.590267 12.590266 12.590265 12.590262 12.590255 12.590235 12.590183 12.590049 12.589717 12.588922 12.587084 12.582981 12.574149 12.555807 12.519084 12.448223 12.316510 12.080845 11.675469 11.006576 9.952002 8.374269 6.160388 3.301650 0.000000 
50.000000 44.173692 38.649305 33.681890 29.444863 26.015096 23.378860 21.453496 20.116326 19.232479 18.675955 18.341812 18.150315 18.045452 17.990527 17.962980 17.949738 17.943629 17.940922 17.939769 17.939297 17.939110 17.939039 17.939013 17.939003 17.939000 17.938999 17.938998 17.938995 17.938987 17.938967 17.938912 17.938770 17.938418 17.937573 17.935610 17.931203 17.921651 17.901653 17.861207 17.782181 17.632978 17.360716 16.880598 16.063094 14.722431 12.617192 9.490116 5.200225 0.000000 
50.000000 45.374698 40.989068 37.045576 33.681890 30.959038 28.866132 27.337560 26.275943 25.574217 25.132356 24.867051 24.715001 24.631737 24.588123 24.566249 24.555733 24.550882 24.548732 24.547816 24.547441 24.547293 24.547236 24.547215 24.547208 24.547205 24.547204 24.547203 24.547201 24.547194 24.547174 24.547123 24.546991 24.546662 24.545869 24.544019 24.539847 24.530748 24.511555 24.472371 24.394888 24.246320 23.969693 23.468693 22.584769 21.064697 18.522788 14.428401 8.237932 0.000000 
50.000000 46.782709 43.732122 40.989068 38.649305 36.755287 35.299443 34.236140 33.497648 33.009499 32.702117 32.517553 32.411774 32.353847 32.323504 32.308285 32.300969 32.297594 32.296098 32.295461 32.295200 32.295096 32.295057 32.295043 32.295037 32.295036 32.295035 32.295034 32.295032 32.295027 32.295012 32.294972 32.294869 32.294612 32.293990 32.292536 32.289243 32.282027 32.266710 32.235193 32.172224 32.049811 31.817558 31.385751 30.594899 29.159190 26.560667 21.866061 13.530107 0.000000 
50.000000 48.348571 46.782709 45.374698 44.173692 43.201482 42.454184 41.908376 41.529295 41.278716 41.120927 41.026184 40.971883 40.942146 40.926569 40.918756 40.915000 40.913267 40.912499 40.912172 40.912038 40.911985 40.911965 40.911958 40.911955 40.911954 40.911954 40.911953 40.911952 40.911949 40.911941 40.911919 40.911862 40.911721 40.911378 40.910575 40.908751 40.904741 40.896196 40.878516 40.842938 40.773081 40.638634 40.383286 39.899832 38.973467 37.136766 33.252602 24.174285 0.000000 
50.000000 50.000000 50.000000 50.000000 50.000000 50.000000 50.000000 50.000000 50.000000 50.000000 50.000000 50.000000 50.000000 50.000000 50.000000 50.000000 50.000000 50.000000 50.000000 50.000000 50.000000 50.000000 50.000000 50.000000 50.000000 50.000000 50.000000 50.000000 50.000000 50.000000 50.000000 50.000000 50.000000 50.000000 50.000000 50.000000 50.000000 50.000000 50.000000 50.000000 50.000000 50.000000 50.000000 50.000000 50.000000 50.000000 50.000000 50.000000 50.000000 50.000000 
