50.000000 50.000000 50.000000 50.000000 50.000000 50.000000 50.000000 50.000000 50.000000 50.000000 50.000000 50.000000 50.000000 50.000000 50.000000 50.000000 50.000000 50.000000 50.000000 50.000000 50.000000 50.000000 50.000000 50.000000 50.000000 50.000000 50.000000 50.000000 50.000000 50.000000 50.000000 50.000000 50.000000 50.000000 50.000000 50.000000 50.000000 50.000000 50.000000 50.000000 50.000000 50.000000 50.000000 50.000000 50.000000 50.000000 50.000000 50.000000 50.000000 50.000000 
50.000000 48.629980 47.318865 46.117971 45.065062 44.181157 43.470454 42.922926 42.518574 42.232179 42.037522 41.910484 41.830827 41.782804 41.754950 41.739396 41.731027 41.726686 41.724513 41.723463 41.722973 41.722752 41.722655 41.722614 41.722597 41.722590 41.722587 41.722584 41.722578 41.722563 41.722529 41.722448 41.722263 41.721852 41.720963 41.719095 41.715273 41.707661 41.692876 41.664828 41.612737 41.517697 41.346509 41.039923 40.488219 39.475085 37.533161 33.527344 24.314990 0.000000 
50.000000 47.318865 44.753011 42.402862 40.342325 38.612533 37.221702 36.150204 35.358905 34.798444 34.417514 34.168912 34.013030 33.919055 33.864548 33.834111 33.817735 33.809241 33.804989 33.802935 33.801975 33.801542 33.801353 33.801273 33.801240 33.801226 33.801220 33.801214 33.801202 33.801176 33.801112 33.800962 33.800621 33.799862 33.798225 33.794791 33.787785 33.773872 33.746957 33.696168 33.602510 33.433298 33.132772 32.605755 31.688087 30.091159 27.297134 22.376505 13.791521 0.000000 
50.000000 46.117971 42.402862 39.000083 36.016644 33.512103 31.498351 29.946966 28.801281 27.989825 27.438305 27.078379 26.852695 26.716641 26.637730 26.593665 26.569958 26.557661 26.551506 26.548532 26.547143 26.546516 26.546242 26.546126 26.546079 26.546059 26.546050 26.546041 26.546026 26.545991 26.545907 26.545710 26.545261 26.544265 26.542123 26.537643 26.528539 26.510546 26.475950 26.411179 26.292952 26.082260 25.715008 25.087639 24.035411 22.301386 19.500041 15.105728 8.584810 0.000000 
50.000000 45.065062 40.342325 36.016644 32.224056 29.040271 26.480402 24.508311 23.051953 22.020471 21.319417 20.861910 20.575045 20.402112 20.301813 20.245806 20.215674 20.200045 20.192223 20.188443 20.186678 20.185881 20.185533 20.185386 20.185325 20.185300 20.185289 20.185279 20.185262 20.185223 20.185129 20.184910 20.184411 20.183309 20.180945 20.176022 20.166065 20.146508 20.109185 20.039964 19.915125 19.696077 19.321942 18.699786 17.693128 16.112028 13.715258 10.251166 5.589978 0.000000 
50.000000 44.181157 38.612533 33.512103 29.040271 25.286307 22.268024 19.942804 18.225689 17.009540 16.182991 15.643595 15.305392 15.101514 14.983270 14.917244 14.881723 14.863299 14.854078 14.849622 14.847542 14.846603 14.846193 14.846019 14.845948 14.845918 14.845905 14.845895 14.845878 14.845838 14.845745 14.845527 14.845033 14.843946 14.841623 14.836808 14.827124 14.808230 14.772473 14.706828 14.589931 14.388045 14.050045 13.502008 12.643154 11.347143 9.476692 6.924446 3.692938 0.000000 
50.000000 43.470454 37.221702 31.498351 26.480402 22.268024 18.881200 16.272095 14.345367 12.980782 12.053364 11.448154 11.068694 10.839950 10.707288 10.633213 10.593363 10.572693 10.562349 10.557351 10.555017 10.553964 10.553504 10.553309 10.553229 10.553197 10.553182 10.553172 10.553156 10.553120 10.553035 10.552837 10.552390 10.551410 10.549325 10.545024 10.536426 10.519772 10.488523 10.431744 10.331897 10.162070 9.882984 9.440600 8.766016 7.780615 6.410711 4.615947 2.430532 0.000000 
50.000000 42.922926 36.150204 29.946966 24.508311 19.942804 16.272095 13.444330 11.356159 9.877256 8.872162 8.216277 7.805051 7.557165 7.413403 7.333133 7.289952 7.267555 7.256347 7.250931 7.248403 7.247261 7.246763 7.246552 7.246465 7.246430 7.246415 7.246405 7.246391 7.246361 7.246289 7.246122 7.245748 7.244928 7.243194 7.239635 7.232563 7.218965 7.193664 7.148155 7.069076 6.936466 6.722165 6.389111 5.892759 5.186369 4.231959 3.017433 1.576416 0.000000 
50.000000 42.518574 35.358905 28.801281 23.051953 18.225689 14.345367 11.356159 9.148799 7.585506 6.523077 5.829789 5.395121 5.133110 4.981160 4.896320 4.850681 4.827010 4.815165 4.809442 4.806770 4.805564 4.805037 4.804814 4.804722 4.804686 4.804670 4.804661 4.804650 4.804625 4.804568 4.804437 4.804143 4.803503 4.802153 4.799399 4.793959 4.783572 4.764404 4.730252 4.671562 4.574399 4.419693 4.183298 3.837644 3.355876 2.719021 1.925606 1.000877 0.000000 
50.000000 42.232179 34.798444 27.989825 22.020471 17.009540 12.980782 9.877256 7.585506 5.962469 4.859453 4.139692 3.688434 3.416428 3.258684 3.170611 3.123234 3.098663 3.086367 3.080426 3.077652 3.076401 3.075854 3.075622 3.075528 3.075490 3.075474 3.075466 3.075456 3.075438 3.075396 3.075299 3.075081 3.074610 3.073622 3.071615 3.067675 3.060202 3.046517 3.022350 2.981235 2.913944 2.808180 2.648885 2.419610 2.105346 1.696873 1.195934 0.619442 0.000000 
50.000000 42.037522 34.417514 27.438305 21.319417 16.182991 12.053364 8.872162 6.523077 4.859453 3.728868 2.991127 2.528604 2.249811 2.088135 1.997867 1.949311 1.924128 1.911527 1.905438 1.902596 1.901313 1.900753 1.900516 1.900418 1.900380 1.900364 1.900356 1.900349 1.900336 1.900306 1.900238 1.900086 1.899759 1.899074 1.897691 1.894990 1.889900 1.880646 1.864434 1.837103 1.792825 1.724007 1.621619 1.476162 1.279453 1.027127 0.721345 0.372694 0.000000 
50.000000 41.910484 34.168912 27.078379 20.861910 15.643595 11.448154 8.216277 5.829789 4.139692 2.991127 2.241662 1.771793 1.488576 1.324337 1.232640 1.183315 1.157734 1.144934 1.138749 1.135862 1.134559 1.133990 1.133749 1.133650 1.133611 1.133595 1.133588 1.133583 1.133574 1.133554 1.133509 1.133408 1.133192 1.132741 1.131836 1.130077 1.126782 1.120831 1.110481 1.093175 1.065385 1.022613 0.959632 0.871122 0.752725 0.602428 0.421955 0.217609 0.000000 
50.000000 41.830827 34.013030 26.852695 20.575045 15.305392 11.068694 7.805051 5.395121 3.688434 2.528604 1.771793 1.297324 1.011336 0.845492 0.752900 0.703094 0.677264 0.664339 0.658094 0.655179 0.653864 0.653289 0.653046 0.652946 0.652907 0.652891 0.652884 0.652880 0.652874 0.652861 0.652833 0.652769 0.652633 0.652351 0.651787 0.650695 0.648662 0.645011 0.638704 0.628232 0.611550 0.586086 0.548921 0.497161 0.428538 0.342149 0.239158 0.123166 0.000000 
50.000000 41.782804 33.919055 26.716641 20.402112 15.101514 10.839950 7.557165 5.133110 3.416428 2.249811 1.488576 1.011336 0.723681 0.556871 0.463740 0.413645 0.387665 0.374665 0.368384 0.365452 0.364129 0.363551 0.363307 0.363206 0.363167 0.363151 0.363145 0.363141 0.363137 0.363130 0.363112 0.363074 0.362992 0.362824 0.362487 0.361841 0.360641 0.358499 0.354821 0.348752 0.339151 0.324601 0.303524 0.274390 0.236047 0.188103 0.131270 0.067530 0.000000 
50.000000 41.754950 33.864548 26.637730 20.301813 14.983270 10.707288 7.413403 4.981160 3.258684 2.088135 1.324337 0.845492 0.556871 0.389501 0.296058 0.245796 0.219729 0.206686 0.200384 0.197442 0.196115 0.195535 0.195290 0.195189 0.195149 0.195134 0.195128 0.195125 0.195122 0.195118 0.195108 0.195085 0.195039 0.194942 0.194751 0.194383 0.193706 0.192501 0.190444 0.187069 0.181761 0.173769 0.162264 0.146462 0.125791 0.100087 0.069757 0.035855 0.000000 
50.000000 41.739396 33.834111 26.593665 20.245806 14.917244 10.633213 7.333133 4.896320 3.170611 1.997867 1.232640 0.752900 0.463740 0.296058 0.202442 0.152086 0.125971 0.112903 0.106590 0.103643 0.102313 0.101732 0.101486 0.101386 0.101346 0.101330 0.101324 0.101322 0.101320 0.101317 0.101312 0.101299 0.101274 0.101221 0.101116 0.100916 0.100549 0.099899 0.098793 0.096989 0.094167 0.089939 0.083888 0.075621 0.064861 0.051542 0.035886 0.018433 0.000000 
50.000000 41.731027 33.817735 26.569958 20.215674 14.881723 10.593363 7.289952 4.850681 3.123234 1.949311 1.183315 0.703094 0.413645 0.245796 0.152086 0.101680 0.075539 0.062458 0.056139 0.053189 0.051858 0.051276 0.051030 0.050929 0.050889 0.050874 0.050868 0.050866 0.050864 0.050863 0.050860 0.050853 0.050840 0.050812 0.050757 0.050652 0.050461 0.050123 0.049552 0.048624 0.047178 0.045023 0.041953 0.037777 0.032366 0.025693 0.017873 0.009175 0.000000 
50.000000 41.726686 33.809241 26.557661 20.200045 14.863299 10.572693 7.267555 4.827010 3.098663 1.924128 1.157734 0.677264 0.387665 0.219729 0.125971 0.075539 0.049384 0.036297 0.029975 0.027023 0.025691 0.025109 0.024863 0.024762 0.024722 0.024707 0.024701 0.024699 0.024698 0.024697 0.024695 0.024692 0.024685 0.024671 0.024643 0.024591 0.024495 0.024326 0.024042 0.023581 0.022867 0.021807 0.020303 0.018265 0.015634 0.012400 0.008620 0.004423 0.000000 
50.000000 41.724513 33.804989 26.551506 20.192223 14.854078 10.562349 7.256347 4.815165 3.086367 1.911527 1.144934 0.664339 0.374665 0.206686 0.112903 0.062458 0.036297 0.023207 0.016883 0.013931 0.012598 0.012016 0.011770 0.011669 0.011629 0.011614 0.011608 0.011606 0.011605 0.011604 0.011604 0.011602 0.011599 0.011592 0.011578 0.011553 0.011506 0.011425 0.011288 0.011068 0.010728 0.010224 0.009512 0.008551 0.007313 0.005796 0.004027 0.002065 0.000000 
50.000000 41.723464 33.802935 26.548532 20.188443 14.849622 10.557351 7.250931 4.809442 3.080426 1.905438 1.138749 0.658095 0.368384 0.200384 0.106590 0.056139 0.029975 0.016883 0.010558 0.007605 0.006273 0.005691 0.005445 0.005344 0.005304 0.005288 0.005282 0.005280 0.005280 0.005279 0.005279 0.005278 0.005276 0.005273 0.005267 0.005255 0.005233 0.005195 0.005132 0.005030 0.004874 0.004642 0.004316 0.003877 0.003314 0.002625 0.001823 0.000935 0.000000 
50.000000 41.722973 33.801975 26.547143 20.186678 14.847542 10.555018 7.248403 4.806770 3.077653 1.902596 1.135862 0.655180 0.365453 0.197443 0.103643 0.053189 0.027024 0.013931 0.007606 0.004653 0.003320 0.002738 0.002492 0.002391 0.002351 0.002336 0.002330 0.002328 0.002327 0.002327 0.002326 0.002326 0.002325 0.002324 0.002321 0.002316 0.002306 0.002289 0.002261 0.002215 0.002145 0.002042 0.001898 0.001704 0.001456 0.001152 0.000800 0.000410 0.000000 
50.000000 41.722752 33.801543 26.546517 20.185882 14.846604 10.553965 7.247262 4.805565 3.076402 1.901314 1.134560 0.653865 0.364130 0.196116 0.102314 0.051859 0.025692 0.012599 0.006274 0.003321 0.001988 0.001406 0.001160 0.001059 0.001019 0.001004 0.000998 0.000996 0.000995 0.000995 0.000995 0.000994 0.000994 0.000993 0.000992 0.000990 0.000986 0.000978 0.000966 0.000946 0.000916 0.000872 0.000810 0.000727 0.000620 0.000491 0.000341 0.000175 0.000000 
50.000000 41.722656 33.801354 26.546244 20.185535 14.846195 10.553506 7.246765 4.805040 3.075857 1.900756 1.133993 0.653292 0.363554 0.195538 0.101735 0.051279 0.025112 0.012019 0.005694 0.002741 0.001408 0.000826 0.000580 0.000479 0.000439 0.000424 0.000418 0.000416 0.000415 0.000415 0.000415 0.000415 0.000414 0.000414 0.000414 0.000413 0.000411 0.000408 0.000402 0.000394 0.000382 0.000363 0.000337 0.000302 0.000258 0.000204 0.000142 0.000073 0.000000 
50.000000 41.722616 33.801276 26.546131 20.185391 14.846025 10.553316 7.246560 4.804822 3.075631 1.900524 1.133758 0.653055 0.363316 0.195299 0.101495 0.051039 0.024872 0.011779 0.005453 0.002501 0.001168 0.000586 0.000340 0.000239 0.000199 0.000183 0.000178 0.000175 0.000175 0.000174 0.000174 0.000174 0.000174 0.000174 0.000174 0.000173 0.000173 0.000171 0.000169 0.000166 0.000160 0.000152 0.000141 0.000127 0.000108 0.000086 0.000059 0.000030 0.000000 
50.000000 41.722602 33.801248 26.546091 20.185340 14.845965 10.553249 7.246486 4.804745 3.075551 1.900442 1.133674 0.652970 0.363231 0.195214 0.101410 0.050954 0.024787 0.011694 0.005368 0.002415 0.001082 0.000500 0.000254 0.000153 0.000113 0.000098 0.000092 0.000090 0.000089 0.000089 0.000089 0.000089 0.000089 0.000089 0.000089 0.000088 0.000088 0.000087 0.000086 0.000084 0.000082 0.000078 0.000072 0.000065 0.000055 0.000044 0.000030 0.000015 0.000000 
50.000000 41.722602 33.801248 26.546091 20.185340 14.845965 10.553249 7.246486 4.804745 3.075551 1.900442 1.133674 0.652970 0.363231 0.195214 0.101410 0.050954 0.024787 0.011694 0.005368 0.002415 0.001082 0.000500 0.000254 0.000153 0.000113 0.000098 0.000092 0.000090 0.000089 0.000089 0.000089 0.000089 0.000089 0.000089 0.000089 0.000088 0.000088 0.000087 0.000086 0.000084 0.000082 0.000078 0.000072 0.000065 0.000055 0.000044 0.000030 0.000015 0.000000 
50.000000 41.722616 33.801276 26.546131 20.185391 14.846025 10.553316 7.246560 4.804822 3.075631 1.900524 1.133758 0.653055 0.363316 0.195299 0.101495 0.051039 0.024872 0.011779 0.005453 0.002501 0.001168 0.000586 0.000340 0.000239 0.000199 0.000183 0.000178 0.000175 0.000175 0.000174 0.000174 0.000174 0.000174 0.000174 0.000174 0.000173 0.000173 0.000171 0.000169 0.000166 0.000160 0.000152 0.000141 0.000127 0.000108 0.000086 0.000059 0.000030 0.000000 
50.000000 41.722656 33.801354 26.546244 20.185535 14.846195 10.553506 7.246765 4.805040 3.075857 1.900756 1.133993 0.653292 0.363554 0.195538 0.101735 0.051279 0.025112 0.012019 0.005694 0.002741 0.001408 0.000826 0.000580 0.000479 0.000439 0.000424 0.000418 0.000416 0.000415 0.000415 0.000415 0.000415 0.000414 0.000414 0.000414 0.000413 0.000411 0.000408 0.000402 0.000394 0.000382 0.000363 0.000337 0.000302 0.000258 0.000204 0.000142 0.000073 0.000000 
50.000000 41.722752 33.801543 26.546517 20.185882 14.846604 10.553965 7.247262 4.805565 3.076402 1.901314 1.134560 0.653865 0.364130 0.196116 0.102314 0.051859 0.025692 0.012599 0.006274 0.003321 0.001988 0.001406 0.001160 0.001059 0.001019 0.001004 0.000998 0.000996 0.000995 0.000995 0.000995 0.000994 0.000994 0.000993 0.000992 0.000990 0.000986 0.000978 0.000966 0.000946 0.000916 0.000872 0.000810 0.000727 0.000620 0.000491 0.000341 0.000175 0.000000 
50.000000 41.722973 33.801975 26.547143 20.186678 14.847542 10.555018 7.248403 4.806770 3.077653 1.902596 1.135862 0.655180 0.365453 0.197443 0.103643 0.053189 0.027024 0.013931 0.007606 0.004653 0.003320 0.002738 0.002492 0.002391 0.002351 0.002336 0.002330 0.002328 0.002327 0.002327 0.002326 0.002326 0.002325 0.002324 0.002321 0.002316 0.002306 0.002289 0.002261 0.002215 0.002145 0.002042 0.001898 0.001704 0.001456 0.001152 0.000800 0.000410 0.000000 
50.000000 41.723464 33.802935 26.548532 20.188443 14.849622 10.557351 7.250931 4.809442 3.080426 1.905438 1.138749 0.658095 0.368384 0.200384 0.106590 0.056139 0.029975 0.016883 0.010558 0.007605 0.006273 0.005691 0.005445 0.005344 0.005304 0.005288 0.005282 0.005280 0.005280 0.005279 0.005279 0.005278 0.005276 0.005273 0.005267 0.005255 0.005233 0.005195 0.005132 0.005030 0.004874 0.004642 0.004316 0.003877 0.003314 0.002625 0.001823 0.000935 0.000000 
50.000000 41.724513 33.804989 26.551506 20.192223 14.854078 10.562349 7.256347 4.815165 3.086367 1.911527 1.144934 0.664339 0.374665 0.206686 0.112903 0.062458 0.036297 0.023207 0.016883 0.013931 0.012598 0.012016 0.011770 0.011669 0.011629 0.011614 0.011608 0.011606 0.011605 0.011604 0.011604 0.011602 0.011599 0.011592 0.011578 0.011553 0.011506 0.011425 0.011288 0.011068 0.010728 0.010224 0.009512 0.008551 0.007313 0.005796 0.004027 0.002065 0.000000 
50.000000 41.726686 33.809241 26.557661 20.200045 14.863299 10.572693 7.267555 4.827010 3.098663 1.924128 1.157734 0.677264 0.387665 0.219729 0.125971 0.075539 0.049384 0.036297 0.029975 0.027023 0.025691 0.025109 0.024863 0.024762 0.024722 0.024707 0.024701 0.024699 0.024698 0.024697 0.024695 0.024692 0.024685 0.024671 0.024643 0.024591 0.024495 0.024326 0.024042 0.023581 0.022867 0.021807 0.020303 0.018265 0.015634 0.012400 0.008620 0.004423 0.000000 
50.000000 41.731027 33.817735 26.569958 20.215674 14.881723 10.593363 7.289952 4.850681 3.123234 1.949311 1.183315 0.703094 0.413645 0.245796 0.152086 0.101680 0.075539 0.062458 0.056139 0.053189 0.051858 0.051276 0.051030 0.050929 0.050889 0.050874 0.050868 0.050866 0.050864 0.050863 0.050860 0.050853 0.050840 0.050812 0.050757 0.050652 0.050461 0.050123 0.049552 0.048624 0.047178 0.045023 0.041953 0.037777 0.032366 0.025693 0.017873 0.009175 0.000000 
50.000000 41.739396 33.834111 26.593665 20.245806 14.917244 10.633213 7.333133 4.896320 3.170611 1.997867 1.232640 0.752900 0.463740 0.296058 0.202442 0.152086 0.125971 0.112903 0.106590 0.103643 0.102313 0.101732 0.101486 0.101386 0.101346 0.101330 0.101324 0.101322 0.101320 0.101317 0.101312 0.101299 0.101274 0.101221 0.101116 0.100916 0.100549 0.099899 0.098793 0.096989 0.094167 0.089939 0.083888 0.075621 0.064861 0.051542 0.035886 0.018433 0.000000 
50.000000 41.754950 33.864548 26.637730 20.301813 14.983270 10.707288 7.413403 4.981160 3.258684 2.088135 1.324337 0.845492 0.556871 0.389501 0.296058 0.245796 0.219729 0.206686 0.200384 0.197442 0.196115 0.195535 0.195290 0.195189 0.195149 0.195134 0.195128 0.195125 0.195122 0.195118 0.195108 0.195085 0.195039 0.194942 0.194751 0.194383 0.193706 0.192501 0.190444 0.187069 0.181761 0.173769 0.162264 0.146462 0.125791 0.100087 0.069757 0.035855 0.000000 
50.000000 41.782804 33.919055 26.716641 20.402112 15.101514 10.839950 7.557165 5.133110 3.416428 2.249811 1.488576 1.011336 0.723681 0.556871 0.463740 0.413645 0.387665 0.374665 0.368384 0.365452 0.364129 0.363551 0.363307 0.363206 0.363167 0.363151 0.363145 0.363141 0.363137 0.363130 0.363112 0.363074 0.362992 0.362824 0.362487 0.361841 0.360641 0.358499 0.354821 0.348752 0.339151 0.324601 0.303524 0.274390 0.236047 0.188103 0.131270 0.067530 0.000000 
50.000000 41.830827 34.013030 26.852695 20.575045 15.305392 11.068694 7.805051 5.395121 3.688434 2.528604 1.771793 1.297324 1.011336 0.845492 0.752900 0.703094 0.677264 0.664339 0.658094 0.655179 0.653864 0.653289 0.653046 0.652946 0.652907 0.652891 0.652884 0.652880 0.652874 0.652861 0.652833 0.652769 0.652633 0.652351 0.651787 0.650695 0.648662 0.645011 0.638704 0.628232 0.611550 0.586086 0.548921 0.497161 0.428538 0.342149 0.239158 0.123166 0.000000 
50.000000 41.910484 34.168912 27.078379 20.861910 15.643595 11.448154 8.216277 5.829789 4.139692 2.991127 2.241662 1.771793 1.488576 1.324337 1.232640 1.183315 1.157734 1.144934 1.138749 1.135862 1.134559 1.133990 1.133749 1.133650 1.133611 1.133595 1.133588 1.133583 1.133574 1.133554 1.133509 1.133408 1.133192 1.132741 1.131836 1.130077 1.126782 1.120831 1.110481 1.093175 1.065385 1.022613 0.959632 0.871122 0.752725 0.602428 0.421955 0.217609 0.000000 
50.000000 42.037522 34.417514 27.438305 21.319417 16.182991 12.053364 8.872162 6.523077 4.859453 3.728868 2.991127 2.528604 2.249811 2.088135 1.997867 1.949311 1.924128 1.911527 1.905438 1.902596 1.901313 1.900753 1.900516 1.900418 1.900380 1.900364 1.900356 1.900349 1.900336 1.900306 1.900238 1.900086 1.899759 1.899074 1.897691 1.894990 1.889900 1.880646 1.864434 1.837103 1.792825 1.724007 1.621619 1.476162 1.279453 1.027127 0.721345 0.372694 0.000000 
50.000000 42.232179 34.798444 27.989825 22.020471 17.009540 12.980782 9.877256 7.585506 5.962469 4.859453 4.139692 3.688434 3.416428 3.258684 3.170611 3.123234 3.098663 3.086367 3.080426 3.077652 3.076401 3.075854 3.075622 3.075528 3.075490 3.075474 3.075466 3.075456 3.075438 3.075396 3.075299 3.075081 3.074610 3.073622 3.071615 3.067675 3.060202 3.046517 3.022350 2.981235 2.913944 2.808180 2.648885 2.419610 2.105346 1.696873 1.195934 0.619442 0.000000 
50.000000 42.518574 35.358905 28.801281 23.051953 18.225689 14.345367 11.356159 9.148799 7.585506 6.523077 5.829789 5.395121 5.133110 4.981160 4.896320 4.850681 4.827010 4.815165 4.809442 4.806770 4.805564 4.805037 4.804814 4.804722 4.804686 4.804670 4.804661 4.804650 4.804625 4.804568 4.804437 4.804143 4.803503 4.802153 4.799399 4.793959 4.783572 4.764404 4.730252 4.671562 4.574399 4.419693 4.183298 3.837644 3.355876 2.719021 1.925606 1.000877 0.000000 
50.000000 42.922926 36.150204 29.946966 24.508311 19.942804 16.272095 13.444330 11.356159 9.877256 8.872162 8.216277 7.805051 7.557165 7.413403 7.333133 7.289952 7.267555 7.256347 7.250931 7.248403 7.247261 7.246763 7.246552 7.246465 7.246430 7.246415 7.246405 7.246391 7.246361 7.246289 7.246122 7.245748 7.244928 7.243194 7.239635 7.232563 7.218965 7.193664 7.148155 7.069076 6.936466 6.722165 6.389111 5.892759 5.186369 4.231959 3.017433 1.576416 0.000000 
50.000000 43.470454 37.221702 31.498351 26.480402 22.268024 18.881200 16.272095 14.345367 12.980782 12.053364 11.448154 11.068694 10.839950 10.707288 10.633213 10.593363 10.572693 10.562349 10.557351 10.555017 10.553964 10.553504 10.553309 10.553229 10.553197 10.553182 10.553172 10.553156 10.553120 10.553035 10.552837 10.552390 10.551410 10.549325 10.545024 10.536426 10.519772 10.488523 10.431744 10.331897 10.162070 9.882984 9.440600 8.766016 7.780615 6.410711 4.615947 2.430532 0.000000 
50.000000 44.181157 38.612533 33.512103 29.040271 25.286307 22.268024 19.942804 18.225689 17.009540 16.182991 15.643595 15.305392 15.101514 14.983270 14.917244 14.881723 14.863299 14.854078 14.849622 14.847542 14.846603 14.846193 14.846019 14.845948 14.845918 14.845905 14.845895 14.845878 14.845838 14.845745 14.845527 14.845033 14.843946 14.841623 14.836808 14.827124 14.808230 14.772473 14.706828 14.589931 14.388045 14.050045 13.502008 12.643154 11.347143 9.476692 6.924446 3.692938 0.000000 
50.000000 45.065062 40.342325 36.016644 32.224056 29.040271 26.480402 24.508311 23.051953 22.020471 21.319417 20.861910 20.575045 20.402112 20.301813 20.245806 20.215674 20.200045 20.192223 20.188443 20.186678 20.185881 20.185533 20.185386 20.185325 20.185300 20.185289 20.185279 20.185262 20.185223 20.185129 20.184910 20.184411 20.183309 20.180945 20.176022 20.166065 20.146508 20.109185 20.039964 19.915125 19.696077 19.321942 18.699786 17.693128 16.112028 13.715258 10.251166 5.589978 0.000000 
50.000000 46.117971 42.402862 39.000083 36.016644 33.512103 31.498351 29.946966 28.801281 27.989825 27.438305 27.078379 26.852695 26.716641 26.637730 26.593665 26.569958 26.557661 26.551506 26.548532 26.547143 26.546516 26.546242 26.546126 26.546079 26.546059 26.546050 26.546041 26.546026 26.545991 26.545907 26.545710 26.545261 26.544265 26.542123 26.537643 26.528539 26.510546 26.475950 26.411179 26.292952 26.082260 25.715008 25.087639 24.035411 22.301386 19.500041 15.105728 8.584810 0.000000 
50.000000 47.318865 44.753011 42.402862 40.342325 38.612533 37.221702 36.150204 35.358905 34.798444 34.417514 34.168912 34.013030 33.919055 33.864548 33.834111 33.817735 33.809241 33.804989 33.802935 33.801975 33.801542 33.801353 33.801273 33.801240 33.801226 33.801220 33.801214 33.801202 33.801176 33.801112 33.800962 33.800621 33.799862 33.798225 33.794791 33.787785 33.773872 33.746957 33.696168 33.602510 33.433298 33.132772 32.605755 31.688087 30.091159 27.297134 22.376505 13.791521 0.000000 
50.000000 48.629980 47.318865 46.117971 45.065062 44.181157 43.470454 42.922926 42.518574 42.232179 42.037522 41.910484 41.830827 41.782804 41.754950 41.739396 41.731027 41.726686 41.724513 41.723463 41.722973 41.722752 41.722655 41.722614 41.722597 41.722590 41.722587 41.722584 41.722578 41.722563 41.722529 41.722448 41.722263 41.721852 41.720963 41.719095 41.715273 41.707661 41.692876 41.664828 41.612737 41.517697 41.346509 41.039923 40.488219 39.475085 37.533161 33.527344 24.314990 0.000000 
50.000000 50.000000 50.000000 50.000000 50.000000 50.000000 50.000000 50.000000 50.000000 50.000000 50.000000 50.000000 50.000000 50.000000 50.000000 50.000000 50.000000 50.000000 50.000000 50.000000 50.000000 50.000000 50.000000 50.000000 50.000000 50.000000 50.000000 50.000000 50.000000 50.000000 50.000000 50.000000 50.000000 50.000000 50.000000 50.000000 50.000000 50.000000 50.000000 50.000000 50.000000 50.000000 50.000000 50.000000 50.000000 50.000000 50.000000 50.000000 50.000000 50.000000 
