50.000000 50.000000 50.000000 50.000000 50.000000 50.000000 50.000000 50.000000 50.000000 50.000000 50.000000 50.000000 50.000000 50.000000 50.000000 50.000000 50.000000 50.000000 50.000000 50.000000 50.000000 50.000000 50.000000 50.000000 50.000000 50.000000 50.000000 50.000000 50.000000 50.000000 50.000000 50.000000 50.000000 50.000000 50.000000 50.000000 50.000000 50.000000 50.000000 50.000000 50.000000 50.000000 50.000000 50.000000 50.000000 50.000000 50.000000 50.000000 50.000000 50.000000 
50.000000 47.030412 44.337096 42.119464 40.458721 39.324673 38.616388 38.210409 37.996089 37.891509 37.844171 37.824228 37.816381 37.813488 37.812487 37.812160 37.812060 37.812030 37.812022 37.812020 37.812019 37.812019 37.812019 37.812019 37.812019 37.812019 37.812019 37.812019 37.812019 37.812019 37.812019 37.812019 37.812019 37.812017 37.812011 37.811989 37.811913 37.811664 37.810886 37.808578 37.802059 37.784528 37.739527 37.628800 37.365704 36.754566 35.339745 31.982151 23.515206 0.000000 
50.000000 44.337096 39.201081 34.972244 31.805432 29.643027 28.292523 27.518469 27.109860 26.910486 26.820247 26.782230 26.767273 26.761761 26.759853 26.759230 26.759038 26.758982 26.758967 26.758963 26.758962 26.758961 26.758961 26.758961 26.758961 26.758961 26.758961 26.758961 26.758961 26.758961 26.758961 26.758961 26.758960 26.758958 26.758947 26.758910 26.758783 26.758368 26.757077 26.753270 26.742600 26.714209 26.642430 26.469718 26.073133 25.200804 23.355579 19.600541 12.354946 0.000000 
50.000000 42.119464 34.972244 29.087598 24.680984 21.672149 19.793131 18.716229 18.147795 17.870460 17.744946 17.692074 17.671274 17.663610 17.660956 17.660090 17.659824 17.659746 17.659724 17.659719 17.659717 17.659717 17.659717 17.659717 17.659717 17.659717 17.659717 17.659717 17.659717 17.659717 17.659717 17.659717 17.659716 17.659713 17.659701 17.659660 17.659517 17.659055 17.657627 17.653448 17.641858 17.611442 17.535966 17.358980 16.967075 16.148778 14.543799 11.616665 6.779719 0.000000 
50.000000 40.458721 31.805432 24.680984 19.346203 15.703827 13.429320 12.125858 11.437898 11.102280 10.950405 10.886435 10.861273 10.852001 10.848792 10.847745 10.847423 10.847329 10.847303 10.847296 10.847294 10.847294 10.847294 10.847294 10.847294 10.847294 10.847294 10.847294 10.847294 10.847294 10.847294 10.847294 10.847293 10.847290 10.847280 10.847242 10.847115 10.846705 10.845447 10.841796 10.831788 10.805903 10.742881 10.598741 10.289965 9.673102 8.532206 6.604628 3.704156 0.000000 
50.000000 39.324673 29.643027 21.672149 15.703827 11.629126 9.084825 7.626867 6.857432 6.482103 6.312275 6.240751 6.212621 6.202257 6.198670 6.197500 6.197140 6.197035 6.197006 6.196998 6.196996 6.196996 6.196996 6.196996 6.196996 6.196996 6.196996 6.196996 6.196996 6.196996 6.196996 6.196996 6.196995 6.196993 6.196985 6.196957 6.196861 6.196552 6.195613 6.192914 6.185596 6.166934 6.122293 6.022454 5.814563 5.413862 4.705074 3.569894 1.958968 0.000000 
50.000000 38.616388 28.292523 19.793131 13.429320 9.084825 6.372222 4.817929 3.997717 3.597651 3.416647 3.340423 3.310448 3.299406 3.295584 3.294338 3.293954 3.293842 3.293811 3.293803 3.293801 3.293801 3.293800 3.293800 3.293800 3.293800 3.293800 3.293800 3.293800 3.293800 3.293800 3.293800 3.293800 3.293799 3.293793 3.293774 3.293711 3.293508 3.292897 3.291153 3.286474 3.274694 3.246957 3.186111 3.062371 2.830579 2.434152 1.822806 0.987588 0.000000 
50.000000 38.210409 27.518469 18.716229 12.125858 7.626867 4.817929 3.208522 2.359276 1.945076 1.757690 1.678784 1.647756 1.636327 1.632372 1.631082 1.630685 1.630569 1.630537 1.630529 1.630527 1.630526 1.630526 1.630526 1.630526 1.630526 1.630526 1.630526 1.630526 1.630526 1.630526 1.630526 1.630526 1.630525 1.630522 1.630511 1.630474 1.630355 1.630000 1.628996 1.626328 1.619687 1.604261 1.570972 1.504574 1.382977 1.180263 0.876039 0.470882 0.000000 
50.000000 37.996089 27.109860 18.147795 11.437898 6.857432 3.997717 2.359276 1.494744 1.073108 0.882366 0.802052 0.770472 0.758840 0.754815 0.753502 0.753098 0.752981 0.752948 0.752939 0.752937 0.752937 0.752937 0.752937 0.752937 0.752937 0.752937 0.752937 0.752937 0.752937 0.752937 0.752937 0.752936 0.752936 0.752934 0.752928 0.752909 0.752846 0.752660 0.752138 0.750763 0.747372 0.739589 0.723023 0.690498 0.631995 0.536353 0.395651 0.211561 0.000000 
50.000000 37.891509 26.910486 17.870460 11.102280 6.482103 3.597651 1.945076 1.073108 0.647856 0.455485 0.374487 0.342639 0.330909 0.326849 0.325526 0.325119 0.325000 0.324967 0.324959 0.324956 0.324956 0.324956 0.324956 0.324956 0.324956 0.324956 0.324956 0.324956 0.324956 0.324956 0.324956 0.324956 0.324955 0.324955 0.324952 0.324942 0.324912 0.324824 0.324576 0.323928 0.322345 0.318748 0.311178 0.296507 0.270492 0.228602 0.167886 0.089449 0.000000 
50.000000 37.844171 26.820247 17.744946 10.950405 6.312275 3.416647 1.757690 0.882366 0.455485 0.262380 0.181074 0.149105 0.137331 0.133257 0.131929 0.131520 0.131400 0.131367 0.131359 0.131357 0.131356 0.131356 0.131356 0.131356 0.131356 0.131356 0.131356 0.131356 0.131356 0.131356 0.131356 0.131356 0.131356 0.131355 0.131354 0.131350 0.131337 0.131298 0.131190 0.130909 0.130228 0.128694 0.125495 0.119361 0.108609 0.091498 0.066977 0.035594 0.000000 
50.000000 37.824228 26.782230 17.692074 10.886435 6.240751 3.340423 1.678784 0.802052 0.374487 0.181074 0.099639 0.067620 0.055827 0.051747 0.050416 0.050007 0.049887 0.049854 0.049846 0.049844 0.049843 0.049843 0.049843 0.049843 0.049843 0.049843 0.049843 0.049843 0.049843 0.049843 0.049843 0.049843 0.049843 0.049843 0.049842 0.049840 0.049835 0.049819 0.049776 0.049663 0.049391 0.048784 0.047527 0.045138 0.040988 0.034446 0.025153 0.013342 0.000000 
50.000000 37.816381 26.767273 17.671274 10.861273 6.212621 3.310448 1.647756 0.770472 0.342639 0.149105 0.067620 0.035582 0.023782 0.019699 0.018368 0.017958 0.017838 0.017805 0.017797 0.017794 0.017794 0.017794 0.017794 0.017794 0.017794 0.017794 0.017794 0.017794 0.017794 0.017794 0.017794 0.017794 0.017794 0.017794 0.017793 0.017793 0.017791 0.017785 0.017768 0.017726 0.017625 0.017401 0.016939 0.016069 0.014568 0.012219 0.008906 0.004717 0.000000 
50.000000 37.813488 26.761761 17.663610 10.852001 6.202257 3.299406 1.636327 0.758840 0.330909 0.137331 0.055827 0.023782 0.011979 0.007895 0.006564 0.006154 0.006034 0.006001 0.005993 0.005990 0.005990 0.005990 0.005990 0.005990 0.005990 0.005990 0.005990 0.005990 0.005990 0.005990 0.005990 0.005990 0.005990 0.005990 0.005990 0.005989 0.005989 0.005987 0.005981 0.005966 0.005931 0.005853 0.005695 0.005397 0.004886 0.004092 0.002978 0.001576 0.000000 
50.000000 37.812487 26.759853 17.660956 10.848792 6.198670 3.295584 1.632372 0.754815 0.326849 0.133257 0.051747 0.019699 0.007895 0.003811 0.002479 0.002069 0.001950 0.001917 0.001908 0.001906 0.001906 0.001905 0.001905 0.001905 0.001905 0.001905 0.001905 0.001905 0.001905 0.001905 0.001905 0.001905 0.001905 0.001905 0.001905 0.001905 0.001905 0.001904 0.001902 0.001898 0.001886 0.001861 0.001809 0.001713 0.001550 0.001296 0.000942 0.000498 0.000000 
50.000000 37.812160 26.759230 17.660090 10.847745 6.197500 3.294338 1.631082 0.753502 0.325526 0.131929 0.050416 0.018368 0.006564 0.002479 0.001148 0.000738 0.000619 0.000586 0.000577 0.000575 0.000574 0.000574 0.000574 0.000574 0.000574 0.000574 0.000574 0.000574 0.000574 0.000574 0.000574 0.000574 0.000574 0.000574 0.000574 0.000574 0.000574 0.000574 0.000573 0.000572 0.000568 0.000560 0.000545 0.000515 0.000466 0.000389 0.000283 0.000149 0.000000 
50.000000 37.812060 26.759038 17.659824 10.847423 6.197140 3.293954 1.630685 0.753098 0.325119 0.131520 0.050007 0.017958 0.006154 0.002069 0.000738 0.000328 0.000209 0.000176 0.000167 0.000165 0.000164 0.000164 0.000164 0.000164 0.000164 0.000164 0.000164 0.000164 0.000164 0.000164 0.000164 0.000164 0.000164 0.000164 0.000164 0.000164 0.000164 0.000164 0.000164 0.000163 0.000162 0.000160 0.000156 0.000147 0.000133 0.000111 0.000080 0.000042 0.000000 
50.000000 37.812030 26.758982 17.659746 10.847329 6.197035 3.293842 1.630569 0.752981 0.325000 0.131400 0.049887 0.017838 0.006034 0.001950 0.000619 0.000209 0.000089 0.000056 0.000047 0.000045 0.000045 0.000045 0.000045 0.000045 0.000045 0.000045 0.000045 0.000045 0.000045 0.000045 0.000045 0.000045 0.000045 0.000045 0.000045 0.000045 0.000045 0.000045 0.000045 0.000044 0.000044 0.000043 0.000042 0.000040 0.000036 0.000030 0.000022 0.000012 0.000000 
50.000000 37.812022 26.758967 17.659724 10.847303 6.197006 3.293811 1.630537 0.752948 0.324967 0.131367 0.049854 0.017805 0.006001 0.001917 0.000586 0.000176 0.000056 0.000023 0.000014 0.000012 0.000012 0.000012 0.000012 0.000012 0.000012 0.000012 0.000012 0.000012 0.000012 0.000012 0.000012 0.000012 0.000012 0.000012 0.000012 0.000012 0.000012 0.000012 0.000012 0.000011 0.000011 0.000011 0.000011 0.000010 0.000009 0.000008 0.000006 0.000003 0.000000 
50.000000 37.812020 26.758963 17.659719 10.847296 6.196998 3.293803 1.630529 0.752939 0.324959 0.131359 0.049846 0.017797 0.005993 0.001908 0.000577 0.000167 0.000047 0.000014 0.000006 0.000004 0.000003 0.000003 0.000003 0.000003 0.000003 0.000003 0.000003 0.000003 0.000003 0.000003 0.000003 0.000003 0.000003 0.000003 0.000003 0.000003 0.000003 0.000003 0.000003 0.000003 0.000003 0.000003 0.000003 0.000003 0.000002 0.000002 0.000001 0.000001 0.000000 
50.000000 37.812019 26.758962 17.659717 10.847294 6.196996 3.293801 1.630527 0.752937 0.324956 0.131357 0.049844 0.017794 0.005990 0.001906 0.000575 0.000165 0.000045 0.000012 0.000004 0.000001 0.000001 0.000001 0.000001 0.000001 0.000001 0.000001 0.000001 0.000001 0.000001 0.000001 0.000001 0.000001 0.000001 0.000001 0.000001 0.000001 0.000001 0.000001 0.000001 0.000001 0.000001 0.000001 0.000001 0.000001 0.000001 0.000000 0.000000 0.000000 0.000000 
50.000000 37.812019 26.758961 17.659717 10.847294 6.196996 3.293801 1.630526 0.752937 0.324956 0.131356 0.049843 0.017794 0.005990 0.001906 0.000574 0.000164 0.000045 0.000012 0.000003 0.000001 0.000000 0.000000 0.000000 0.000000 0.000000 0.000000 0.000000 0.000000 0.000000 0.000000 0.000000 0.000000 0.000000 0.000000 0.000000 0.000000 0.000000 0.000000 0.000000 0.000000 0.000000 0.000000 0.000000 0.000000 0.000000 0.000000 0.000000 0.000000 0.000000 
50.000000 37.812019 26.758961 17.659717 10.847294 6.196996 3.293800 1.630526 0.752937 0.324956 0.131356 0.049843 0.017794 0.005990 0.001905 0.000574 0.000164 0.000045 0.000012 0.000003 0.000001 0.000000 0.000000 0.000000 0.000000 0.000000 0.000000 0.000000 0.000000 0.000000 0.000000 0.000000 0.000000 0.000000 0.000000 0.000000 0.000000 0.000000 0.000000 0.000000 0.000000 0.000000 0.000000 0.000000 0.000000 0.000000 0.000000 0.000000 0.000000 0.000000 
50.000000 37.812019 26.758961 17.659717 10.847294 6.196996 3.293800 1.630526 0.752937 0.324956 0.131356 0.049843 0.017794 0.005990 0.001905 0.000574 0.000164 0.000045 0.000012 0.000003 0.000001 0.000000 0.000000 0.000000 0.000000 0.000000 0.000000 0.000000 0.000000 0.000000 0.000000 0.000000 0.000000 0.000000 0.000000 0.000000 0.000000 0.000000 0.000000 0.000000 0.000000 0.000000 0.000000 0.000000 0.000000 0.000000 0.000000 0.000000 0.000000 0.000000 
50.000000 37.812019 26.758961 17.659717 10.847294 6.196996 3.293800 1.630526 0.752937 0.324956 0.131356 0.049843 0.017794 0.005990 0.001905 0.000574 0.000164 0.000045 0.000012 0.000003 0.000001 0.000000 0.000000 0.000000 0.000000 0.000000 0.000000 0.000000 0.000000 0.000000 0.000000 0.000000 0.000000 0.000000 0.000000 0.000000 0.000000 0.000000 0.000000 0.000000 0.000000 0.000000 0.000000 0.000000 0.000000 0.000000 0.000000 0.000000 0.000000 0.000000 
50.000000 37.812019 26.758961 17.659717 10.847294 6.196996 3.293800 1.630526 0.752937 0.324956 0.131356 0.049843 0.017794 0.005990 0.001905 0.000574 0.000164 0.000045 0.000012 0.000003 0.000001 0.000000 0.000000 0.000000 0.000000 0.000000 0.000000 0.000000 0.000000 0.000000 0.000000 0.000000 0.000000 0.000000 0.000000 0.000000 0.000000 0.000000 0.000000 0.000000 0.000000 0.000000 0.000000 0.000000 0.000000 0.000000 0.000000 0.000000 0.000000 0.000000 
50.000000 37.812019 26.758961 17.659717 10.847294 6.196996 3.293800 1.630526 0.752937 0.324956 0.131356 0.049843 0.017794 0.005990 0.001905 0.000574 0.000164 0.000045 0.000012 0.000003 0.000001 0.000000 0.000000 0.000000 0.000000 0.000000 0.000000 0.000000 0.000000 0.000000 0.000000 0.000000 0.000000 0.000000 0.000000 0.000000 0.000000 0.000000 0.000000 0.000000 0.000000 0.000000 0.000000 0.000000 0.000000 0.000000 0.000000 0.000000 0.000000 0.000000 
50.000000 37.812019 26.758961 17.659717 10.847294 6.196996 3.293800 1.630526 0.752937 0.324956 0.131356 0.049843 0.017794 0.005990 0.001905 0.000574 0.000164 0.000045 0.000012 0.000003 0.000001 0.000000 0.000000 0.000000 0.000000 0.000000 0.000000 0.000000 0.000000 0.000000 0.000000 0.000000 0.000000 0.000000 0.000000 0.000000 0.000000 0.000000 0.000000 0.000000 0.000000 0.000000 0.000000 0.000000 0.000000 0.000000 0.000000 0.000000 0.000000 0.000000 
50.000000 37.812019 26.758961 17.659717 10.847294 6.196996 3.293801 1.630526 0.752937 0.324956 0.131356 0.049843 0.017794 0.005990 0.001906 0.000574 0.000164 0.000045 0.000012 0.000003 0.000001 0.000000 0.000000 0.000000 0.000000 0.000000 0.000000 0.000000 0.000000 0.000000 0.000000 0.000000 0.000000 0.000000 0.000000 0.000000 0.000000 0.000000 0.000000 0.000000 0.000000 0.000000 0.000000 0.000000 0.000000 0.000000 0.000000 0.000000 0.000000 0.000000 
50.000000 37.812019 26.758962 17.659717 10.847294 6.196996 3.293801 1.630527 0.752937 0.324956 0.131357 0.049844 0.017794 0.005990 0.001906 0.000575 0.000165 0.000045 0.000012 0.000004 0.000001 0.000001 0.000001 0.000001 0.000001 0.000001 0.000001 0.000001 0.000001 0.000001 0.000001 0.000001 0.000001 0.000001 0.000001 0.000001 0.000001 0.000001 0.000001 0.000001 0.000001 0.000001 0.000001 0.000001 0.000001 0.000001 0.000000 0.000000 0.000000 0.000000 
50.000000 37.812020 26.758963 17.659719 10.847296 6.196998 3.293803 1.630529 0.752939 0.324959 0.131359 0.049846 0.017797 0.005993 0.001908 0.000577 0.000167 0.000047 0.000014 0.000006 0.000004 0.000003 0.000003 0.000003 0.000003 0.000003 0.000003 0.000003 0.000003 0.000003 0.000003 0.000003 0.000003 0.000003 0.000003 0.000003 0.000003 0.000003 0.000003 0.000003 0.000003 0.000003 0.000003 0.000003 0.000003 0.000002 0.000002 0.000001 0.000001 0.000000 
50.000000 37.812022 26.758967 17.659724 10.847303 6.197006 3.293811 1.630537 0.752948 0.324967 0.131367 0.049854 0.017805 0.006001 0.001917 0.000586 0.000176 0.000056 0.000023 0.000014 0.000012 0.000012 0.000012 0.000012 0.000012 0.000012 0.000012 0.000012 0.000012 0.000012 0.000012 0.000012 0.000012 0.000012 0.000012 0.000012 0.000012 0.000012 0.000012 0.000012 0.000011 0.000011 0.000011 0.000011 0.000010 0.000009 0.000008 0.000006 0.000003 0.000000 
50.000000 37.812030 26.758982 17.659746 10.847329 6.197035 3.293842 1.630569 0.752981 0.325000 0.131400 0.049887 0.017838 0.006034 0.001950 0.000619 0.000209 0.000089 0.000056 0.000047 0.000045 0.000045 0.000045 0.000045 0.000045 0.000045 0.000045 0.000045 0.000045 0.000045 0.000045 0.000045 0.000045 0.000045 0.000045 0.000045 0.000045 0.000045 0.000045 0.000045 0.000044 0.000044 0.000043 0.000042 0.000040 0.000036 0.000030 0.000022 0.000012 0.000000 
50.000000 37.812060 26.759038 17.659824 10.847423 6.197140 3.293954 1.630685 0.753098 0.325119 0.131520 0.050007 0.017958 0.006154 0.002069 0.000738 0.000328 0.000209 0.000176 0.000167 0.000165 0.000164 0.000164 0.000164 0.000164 0.000164 0.000164 0.000164 0.000164 0.000164 0.000164 0.000164 0.000164 0.000164 0.000164 0.000164 0.000164 0.000164 0.000164 0.000164 0.000163 0.000162 0.000160 0.000156 0.000147 0.000133 0.000111 0.000080 0.000042 0.000000 
50.000000 37.812160 26.759230 17.660090 10.847745 6.197500 3.294338 1.631082 0.753502 0.325526 0.131929 0.050416 0.018368 0.006564 0.002479 0.001148 0.000738 0.000619 0.000586 0.000577 0.000575 0.000574 0.000574 0.000574 0.000574 0.000574 0.000574 0.000574 0.000574 0.000574 0.000574 0.000574 0.000574 0.000574 0.000574 0.000574 0.000574 0.000574 0.000574 0.000573 0.000572 0.000568 0.000560 0.000545 0.000515 0.000466 0.000389 0.000283 0.000149 0.000000 
50.000000 37.812487 26.759853 17.660956 10.848792 6.198670 3.295584 1.632372 0.754815 0.326849 0.133257 0.051747 0.019699 0.007895 0.003811 0.002479 0.002069 0.001950 0.001917 0.001908 0.001906 0.001906 0.001905 0.001905 0.001905 0.001905 0.001905 0.001905 0.001905 0.001905 0.001905 0.001905 0.001905 0.001905 0.001905 0.001905 0.001905 0.001905 0.001904 0.001902 0.001898 0.001886 0.001861 0.001809 0.001713 0.001550 0.001296 0.000942 0.000498 0.000000 
50.000000 37.813488 26.761761 17.663610 10.852001 6.202257 3.299406 1.636327 0.758840 0.330909 0.137331 0.055827 0.023782 0.011979 0.007895 0.006564 0.006154 0.006034 0.006001 0.005993 0.005990 0.005990 0.005990 0.005990 0.005990 0.005990 0.005990 0.005990 0.005990 0.005990 0.005990 0.005990 0.005990 0.005990 0.005990 0.005990 0.005989 0.005989 0.005987 0.005981 0.005966 0.005931 0.005853 0.005695 0.005397 0.004886 0.004092 0.002978 0.001576 0.000000 
50.000000 37.816381 26.767273 17.671274 10.861273 6.212621 3.310448 1.647756 0.770472 0.342639 0.149105 0.067620 0.035582 0.023782 0.019699 0.018368 0.017958 0.017838 0.017805 0.017797 0.017794 0.017794 0.017794 0.017794 0.017794 0.017794 0.017794 0.017794 0.017794 0.017794 0.017794 0.017794 0.017794 0.017794 0.017794 0.017793 0.017793 0.017791 0.017785 0.017768 0.017726 0.017625 0.017401 0.016939 0.016069 0.014568 0.012219 0.008906 0.004717 0.000000 
50.000000 37.824228 26.782230 17.692074 10.886435 6.240751 3.340423 1.678784 0.802052 0.374487 0.181074 0.099639 0.067620 0.055827 0.051747 0.050416 0.050007 0.049887 0.049854 0.049846 0.049844 0.049843 0.049843 0.049843 0.049843 0.049843 0.049843 0.049843 0.049843 0.049843 0.049843 0.049843 0.049843 0.049843 0.049843 0.049842 0.049840 0.049835 0.049819 0.049776 0.049663 0.049391 0.048784 0.047527 0.045138 0.040988 0.034446 0.025153 0.013342 0.000000 
50.000000 37.844171 26.820247 17.744946 10.950405 6.312275 3.416647 1.757690 0.882366 0.455485 0.262380 0.181074 0.149105 0.137331 0.133257 0.131929 0.131520 0.131400 0.131367 0.131359 0.131357 0.131356 0.131356 0.131356 0.131356 0.131356 0.131356 0.131356 0.131356 0.131356 0.131356 0.131356 0.131356 0.131356 0.131355 0.131354 0.131350 0.131337 0.131298 0.131190 0.130909 0.130228 0.128694 0.125495 0.119361 0.108609 0.091498 0.066977 0.035594 0.000000 
50.000000 37.891509 26.910486 17.870460 11.102280 6.482103 3.597651 1.945076 1.073108 0.647856 0.455485 0.374487 0.342639 0.330909 0.326849 0.325526 0.325119 0.325000 0.324967 0.324959 0.324956 0.324956 0.324956 0.324956 0.324956 0.324956 0.324956 0.324956 0.324956 0.324956 0.324956 0.324956 0.324956 0.324955 0.324955 0.324952 0.324942 0.324912 0.324824 0.324576 0.323928 0.322345 0.318748 0.311178 0.296507 0.270492 0.228602 0.167886 0.089449 0.000000 
50.000000 37.996089 27.109860 18.147795 11.437898 6.857432 3.997717 2.359276 1.494744 1.073108 0.882366 0.802052 0.770472 0.758840 0.754815 0.753502 0.753098 0.752981 0.752948 0.752939 0.752937 0.752937 0.752937 0.752937 0.752937 0.752937 0.752937 0.752937 0.752937 0.752937 0.752937 0.752937 0.752936 0.752936 0.752934 0.752928 0.752909 0.752846 0.752660 0.752138 0.750763 0.747372 0.739589 0.723023 0.690498 0.631995 0.536353 0.395651 0.211561 0.000000 
50.000000 38.210409 27.518469 18.716229 12.125858 7.626867 4.817929 3.208522 2.359276 1.945076 1.757690 1.678784 1.647756 1.636327 1.632372 1.631082 1.630685 1.630569 1.630537 1.630529 1.630527 1.630526 1.630526 1.630526 1.630526 1.630526 1.630526 1.630526 1.630526 1.630526 1.630526 1.630526 1.630526 1.630525 1.630522 1.630511 1.630474 1.630355 1.630000 1.628996 1.626328 1.619687 1.604261 1.570972 1.504574 1.382977 1.180263 0.876039 0.470882 0.000000 
50.000000 38.616388 28.292523 19.793131 13.429320 9.084825 6.372222 4.817929 3.997717 3.597651 3.416647 3.340423 3.310448 3.299406 3.295584 3.294338 3.293954 3.293842 3.293811 3.293803 3.293801 3.293801 3.293800 3.293800 3.293800 3.293800 3.293800 3.293800 3.293800 3.293800 3.293800 3.293800 3.293800 3.293799 3.293793 3.293774 3.293711 3.293508 3.292897 3.291153 3.286474 3.274694 3.246957 3.186111 3.062371 2.830579 2.434152 1.822806 0.987588 0.000000 
50.000000 39.324673 29.643027 21.672149 15.703827 11.629126 9.084825 7.626867 6.857432 6.482103 6.312275 6.240751 6.212621 6.202257 6.198670 6.197500 6.197140 6.197035 6.197006 6.196998 6.196996 6.196996 6.196996 6.196996 6.196996 6.196996 6.196996 6.196996 6.196996 6.196996 6.196996 6.196996 6.196995 6.196993 6.196985 6.196957 6.196861 6.196552 6.195613 6.192914 6.185596 6.166934 6.122293 6.022454 5.814563 5.413862 4.705074 3.569894 1.958968 0.000000 
50.000000 40.458721 31.805432 24.680984 19.346203 15.703827 13.429320 12.125858 11.437898 11.102280 10.950405 10.886435 10.861273 10.852001 10.848792 10.847745 10.847423 10.847329 10.847303 10.847296 10.847294 10.847294 10.847294 10.847294 10.847294 10.847294 10.847294 10.847294 10.847294 10.847294 10.847294 10.847294 10.847293 10.847290 10.847280 10.847242 10.847115 10.846705 10.845447 10.841796 10.831788 10.805903 10.742881 10.598741 10.289965 9.673102 8.532206 6.604628 3.704156 0.000000 
50.000000 42.119464 34.972244 29.087598 24.680984 21.672149 19.793131 18.716229 18.147795 17.870460 17.744946 17.692074 17.671274 17.663610 17.660956 17.660090 17.659824 17.659746 17.659724 17.659719 17.659717 17.659717 17.659717 17.659717 17.659717 17.659717 17.659717 17.659717 17.659717 17.659717 17.659717 17.659717 17.659716 17.659713 17.659701 17.659660 17.659517 17.659055 17.657627 17.653448 17.641858 17.611442 17.535966 17.358980 16.967075 16.148778 14.543799 11.616665 6.779719 0.000000 
50.000000 44.337096 39.201081 34.972244 31.805432 29.643027 28.292523 27.518469 27.109860 26.910486 26.820247 26.782230 26.767273 26.761761 26.759853 26.759230 26.759038 26.758982 26.758967 26.758963 26.758962 26.758961 26.758961 26.758961 26.758961 26.758961 26.758961 26.758961 26.758961 26.758961 26.758961 26.758961 26.758960 26.758958 26.758947 26.758910 26.758783 26.758368 26.757077 26.753270 26.742600 26.714209 26.642430 26.469718 26.073133 25.200804 23.355579 19.600541 12.354946 0.000000 
50.000000 47.030412 44.337096 42.119464 40.458721 39.324673 38.616388 38.210409 37.996089 37.891509 37.844171 37.824228 37.816381 37.813488 37.812487 37.812160 37.812060 37.812030 37.812022 37.812020 37.812019 37.812019 37.812019 37.812019 37.812019 37.812019 37.812019 37.812019 37.812019 37.812019 37.812019 37.812019 37.812019 37.812017 37.812011 37.811989 37.811913 37.811664 37.810886 37.808578 37.802059 37.784528 37.739527 37.628800 37.365704 36.754566 35.339745 31.982151 23.515206 0.000000 
50.000000 50.000000 50.000000 50.000000 50.000000 50.000000 50.000000 50.000000 50.000000 50.000000 50.000000 50.000000 50.000000 50.000000 50.000000 50.000000 50.000000 50.000000 50.000000 50.000000 50.000000 50.000000 50.000000 50.000000 50.000000 50.000000 50.000000 50.000000 50.000000 50.000000 50.000000 50.000000 50.000000 50.000000 50.000000 50.000000 50.000000 50.000000 50.000000 50.000000 50.000000 50.000000 50.000000 50.000000 50.000000 50.000000 50.000000 50.000000 50.000000 50.000000 
