50.000000 50.000000 50.000000 50.000000 50.000000 50.000000 50.000000 50.000000 50.000000 50.000000 50.000000 50.000000 50.000000 50.000000 50.000000 50.000000 50.000000 50.000000 50.000000 50.000000 50.000000 50.000000 50.000000 50.000000 50.000000 50.000000 50.000000 50.000000 50.000000 50.000000 50.000000 50.000000 50.000000 50.000000 50.000000 50.000000 50.000000 50.000000 50.000000 50.000000 50.000000 50.000000 50.000000 50.000000 50.000000 50.000000 50.000000 50.000000 50.000000 50.000000 
50.000000 47.773527 45.702494 43.909855 42.464880 41.379061 40.617381 40.117817 39.810935 39.634038 39.538168 39.489224 39.465639 39.454892 39.450251 39.448349 39.447608 39.447332 39.447235 39.447202 39.447191 39.447188 39.447187 39.447187 39.447187 39.447187 39.447187 39.447187 39.447186 39.447186 39.447186 39.447184 39.447178 39.447160 39.447106 39.446950 39.446520 39.445381 39.442484 39.435402 39.418755 39.381028 39.298306 39.121791 38.751899 37.979895 36.340899 32.695033 23.886763 0.000000 
50.000000 45.702494 41.705033 38.244946 35.455937 33.360181 31.890076 30.925897 30.333616 29.992214 29.807196 29.712742 29.667228 29.646488 29.637533 29.633863 29.632433 29.631902 29.631714 29.631650 29.631630 29.631623 29.631621 29.631621 29.631621 29.631621 29.631621 29.631621 29.631621 29.631620 29.631619 29.631616 29.631606 29.631574 29.631479 29.631206 29.630454 29.628470 29.623445 29.611230 29.582728 29.518798 29.380666 29.092276 28.507970 27.352962 25.113901 20.852516 13.007461 0.000000 
50.000000 43.909855 38.244946 33.341621 29.389352 26.419547 24.336382 22.970165 22.130948 21.647226 21.385091 21.251274 21.186796 21.157416 21.144731 21.139532 21.137507 21.136755 21.136488 21.136398 21.136369 21.136360 21.136357 21.136356 21.136356 21.136356 21.136356 21.136356 21.136356 21.136356 21.136354 21.136351 21.136338 21.136299 21.136184 21.135855 21.134952 21.132580 21.126609 21.112211 21.078965 21.005419 20.849474 20.532286 19.912988 18.752438 16.670810 13.131045 7.568957 0.000000 
50.000000 42.464880 35.455937 29.389352 24.499551 20.825366 18.248198 16.558061 15.519916 14.921561 14.597323 14.431812 14.352067 14.315733 14.300047 14.293619 14.291114 14.290184 14.289855 14.289744 14.289707 14.289696 14.289693 14.289692 14.289692 14.289692 14.289692 14.289692 14.289691 14.289691 14.289690 14.289686 14.289674 14.289635 14.289521 14.289196 14.288309 14.285993 14.280205 14.266379 14.234826 14.166076 14.023152 13.739915 13.205712 12.249775 10.636914 8.102976 4.484984 0.000000 
50.000000 41.379061 33.360181 26.419547 20.825366 16.622031 13.673807 11.740405 10.552894 9.868483 9.497633 9.308340 9.217144 9.175594 9.157657 9.150308 9.147444 9.146381 9.146005 9.145877 9.145836 9.145823 9.145820 9.145818 9.145818 9.145818 9.145818 9.145818 9.145818 9.145818 9.145817 9.145813 9.145803 9.145769 9.145671 9.145393 9.144639 9.142682 9.137830 9.126351 9.100469 9.044917 8.931590 8.712305 8.311015 7.619654 6.506559 4.852211 2.627161 0.000000 
50.000000 40.617381 31.890076 24.336382 18.248198 13.673807 10.465430 8.361507 7.069318 6.324613 5.921115 5.715169 5.615955 5.570756 5.551245 5.543251 5.540137 5.538981 5.538571 5.538433 5.538388 5.538374 5.538370 5.538369 5.538369 5.538368 5.538368 5.538368 5.538368 5.538368 5.538367 5.538365 5.538356 5.538331 5.538256 5.538044 5.537474 5.536002 5.532382 5.523899 5.504992 5.464979 5.384743 5.232715 4.961502 4.508283 3.804096 2.797801 1.495589 0.000000 
50.000000 40.117817 30.925897 22.970165 16.558061 11.740405 8.361507 6.145839 4.785070 4.000876 3.576001 3.359156 3.254697 3.207110 3.186571 3.178156 3.174877 3.173660 3.173230 3.173084 3.173037 3.173022 3.173018 3.173017 3.173016 3.173016 3.173016 3.173016 3.173016 3.173016 3.173015 3.173013 3.173008 3.172990 3.172938 3.172792 3.172401 3.171400 3.168954 3.163276 3.150754 3.124590 3.072919 2.976764 2.808815 2.534909 2.120691 1.545231 0.819511 0.000000 
50.000000 39.810935 30.333616 22.130948 15.519916 10.552894 7.069318 4.785070 3.382226 2.573813 2.135832 1.912306 1.804634 1.755586 1.734417 1.725744 1.722365 1.721111 1.720667 1.720517 1.720469 1.720454 1.720449 1.720448 1.720447 1.720447 1.720447 1.720447 1.720447 1.720447 1.720447 1.720446 1.720442 1.720431 1.720398 1.720306 1.720061 1.719437 1.717924 1.714440 1.706831 1.691113 1.660480 1.604339 1.507977 1.353840 1.125529 0.814819 0.429907 0.000000 
50.000000 39.634038 29.992214 21.647226 14.921561 9.868483 6.324613 4.000876 2.573813 1.751463 1.305944 1.078578 0.969060 0.919172 0.897641 0.888820 0.885384 0.884109 0.883657 0.883505 0.883455 0.883440 0.883435 0.883434 0.883434 0.883434 0.883433 0.883433 0.883433 0.883433 0.883433 0.883433 0.883430 0.883424 0.883405 0.883351 0.883209 0.882850 0.881986 0.880010 0.875732 0.866982 0.850122 0.819621 0.768014 0.686736 0.568261 0.409486 0.215283 0.000000 
50.000000 39.538168 29.807196 21.385091 14.597323 9.497633 5.921115 3.576001 2.135832 1.305944 0.856349 0.626908 0.516392 0.466051 0.444325 0.435424 0.431957 0.430671 0.430215 0.430061 0.430011 0.429996 0.429991 0.429990 0.429989 0.429989 0.429989 0.429989 0.429989 0.429989 0.429989 0.429989 0.429988 0.429984 0.429974 0.429945 0.429869 0.429677 0.429218 0.428175 0.425934 0.421392 0.412726 0.397216 0.371282 0.330944 0.272880 0.195966 0.102766 0.000000 
50.000000 39.489224 29.712742 21.251274 14.431812 9.308340 5.715169 3.359156 1.912306 1.078578 0.626908 0.396410 0.285387 0.234815 0.212990 0.204049 0.200566 0.199274 0.198816 0.198661 0.198611 0.198596 0.198591 0.198590 0.198590 0.198589 0.198589 0.198589 0.198589 0.198589 0.198589 0.198589 0.198589 0.198587 0.198581 0.198567 0.198529 0.198433 0.198205 0.197690 0.196592 0.194382 0.190201 0.182787 0.170510 0.151607 0.124665 0.089297 0.046741 0.000000 
50.000000 39.465639 29.667228 21.186796 14.352067 9.217144 5.615955 3.254697 1.804634 0.969060 0.516392 0.285387 0.174120 0.123438 0.101565 0.092605 0.089114 0.087819 0.087361 0.087205 0.087155 0.087140 0.087135 0.087134 0.087133 0.087133 0.087133 0.087133 0.087133 0.087133 0.087133 0.087133 0.087133 0.087132 0.087129 0.087123 0.087105 0.087060 0.086954 0.086715 0.086209 0.085198 0.083297 0.079954 0.074462 0.066075 0.054216 0.038758 0.020258 0.000000 
50.000000 39.454892 29.646488 21.157416 14.315733 9.175594 5.570756 3.207110 1.755586 0.919172 0.466051 0.234815 0.123438 0.072706 0.050811 0.041842 0.038348 0.037052 0.036593 0.036438 0.036388 0.036372 0.036367 0.036366 0.036366 0.036366 0.036366 0.036366 0.036366 0.036365 0.036365 0.036365 0.036365 0.036365 0.036364 0.036361 0.036353 0.036333 0.036286 0.036182 0.035962 0.035525 0.034709 0.033282 0.030954 0.027424 0.022463 0.016034 0.008371 0.000000 
50.000000 39.450251 29.637533 21.144731 14.300047 9.157657 5.551245 3.186571 1.734417 0.897641 0.444325 0.212990 0.101565 0.050811 0.028908 0.019935 0.016439 0.015142 0.014683 0.014528 0.014478 0.014462 0.014458 0.014456 0.014456 0.014456 0.014456 0.014456 0.014456 0.014456 0.014456 0.014456 0.014456 0.014456 0.014455 0.014454 0.014450 0.014442 0.014423 0.014380 0.014289 0.014111 0.013778 0.013201 0.012264 0.010851 0.008876 0.006328 0.003301 0.000000 
50.000000 39.448349 29.633863 21.139532 14.293619 9.150308 5.543251 3.178156 1.725744 0.888820 0.435424 0.204049 0.092605 0.041842 0.019935 0.010960 0.007464 0.006167 0.005708 0.005553 0.005502 0.005487 0.005482 0.005481 0.005481 0.005480 0.005480 0.005480 0.005480 0.005480 0.005480 0.005480 0.005480 0.005480 0.005480 0.005480 0.005478 0.005475 0.005467 0.005451 0.005415 0.005346 0.005217 0.004995 0.004636 0.004098 0.003348 0.002385 0.001243 0.000000 
50.000000 39.447608 29.632433 21.137507 14.291114 9.147444 5.540137 3.174877 1.722365 0.885384 0.431957 0.200566 0.089114 0.038348 0.016439 0.007464 0.003968 0.002671 0.002212 0.002057 0.002006 0.001991 0.001986 0.001985 0.001984 0.001984 0.001984 0.001984 0.001984 0.001984 0.001984 0.001984 0.001984 0.001984 0.001984 0.001984 0.001983 0.001982 0.001979 0.001973 0.001960 0.001934 0.001887 0.001806 0.001675 0.001479 0.001207 0.000859 0.000448 0.000000 
50.000000 39.447332 29.631902 21.136755 14.290184 9.146381 5.538981 3.173660 1.721111 0.884109 0.430671 0.199274 0.087819 0.037052 0.015142 0.006167 0.002671 0.001374 0.000915 0.000759 0.000709 0.000693 0.000689 0.000687 0.000687 0.000687 0.000687 0.000687 0.000687 0.000687 0.000687 0.000687 0.000687 0.000687 0.000687 0.000687 0.000687 0.000686 0.000685 0.000683 0.000678 0.000669 0.000653 0.000624 0.000579 0.000511 0.000416 0.000296 0.000154 0.000000 
50.000000 39.447235 29.631714 21.136488 14.289855 9.146005 5.538571 3.173230 1.720667 0.883657 0.430215 0.198816 0.087361 0.036593 0.014683 0.005708 0.002212 0.000915 0.000455 0.000300 0.000250 0.000234 0.000230 0.000228 0.000228 0.000228 0.000228 0.000228 0.000228 0.000228 0.000228 0.000228 0.000228 0.000228 0.000228 0.000228 0.000228 0.000227 0.000227 0.000226 0.000225 0.000222 0.000216 0.000207 0.000191 0.000169 0.000138 0.000098 0.000051 0.000000 
50.000000 39.447202 29.631650 21.136398 14.289744 9.145877 5.538433 3.173084 1.720517 0.883505 0.430061 0.198661 0.087205 0.036438 0.014528 0.005553 0.002057 0.000759 0.000300 0.000145 0.000094 0.000079 0.000074 0.000073 0.000072 0.000072 0.000072 0.000072 0.000072 0.000072 0.000072 0.000072 0.000072 0.000072 0.000072 0.000072 0.000072 0.000072 0.000072 0.000072 0.000071 0.000070 0.000069 0.000066 0.000061 0.000054 0.000044 0.000031 0.000016 0.000000 
50.000000 39.447191 29.631630 21.136369 14.289707 9.145836 5.538388 3.173037 1.720469 0.883455 0.430011 0.198611 0.087155 0.036388 0.014478 0.005502 0.002006 0.000709 0.000250 0.000094 0.000044 0.000029 0.000024 0.000023 0.000022 0.000022 0.000022 0.000022 0.000022 0.000022 0.000022 0.000022 0.000022 0.000022 0.000022 0.000022 0.000022 0.000022 0.000022 0.000022 0.000022 0.000021 0.000021 0.000020 0.000019 0.000016 0.000013 0.000009 0.000005 0.000000 
50.000000 39.447188 29.631623 21.136360 14.289696 9.145823 5.538374 3.173022 1.720454 0.883440 0.429996 0.198596 0.087140 0.036372 0.014462 0.005487 0.001991 0.000693 0.000234 0.000079 0.000029 0.000013 0.000008 0.000007 0.000007 0.000007 0.000006 0.000006 0.000006 0.000006 0.000006 0.000006 0.000006 0.000006 0.000006 0.000006 0.000006 0.000006 0.000006 0.000006 0.000006 0.000006 0.000006 0.000006 0.000005 0.000005 0.000004 0.000003 0.000001 0.000000 
50.000000 39.447187 29.631621 21.136357 14.289693 9.145820 5.538370 3.173018 1.720449 0.883435 0.429991 0.198591 0.087135 0.036367 0.014458 0.005482 0.001986 0.000689 0.000230 0.000074 0.000024 0.000008 0.000004 0.000002 0.000002 0.000002 0.000002 0.000002 0.000002 0.000002 0.000002 0.000002 0.000002 0.000002 0.000002 0.000002 0.000002 0.000002 0.000002 0.000002 0.000002 0.000002 0.000002 0.000002 0.000002 0.000001 0.000001 0.000001 0.000000 0.000000 
50.000000 39.447187 29.631621 21.136356 14.289692 9.145818 5.538369 3.173017 1.720448 0.883434 0.429990 0.198590 0.087134 0.036366 0.014456 0.005481 0.001985 0.000687 0.000228 0.000073 0.000023 0.000007 0.000002 0.000001 0.000001 0.000001 0.000001 0.000001 0.000001 0.000001 0.000001 0.000001 0.000001 0.000001 0.000001 0.000001 0.000001 0.000001 0.000001 0.000000 0.000000 0.000000 0.000000 0.000000 0.000000 0.000000 0.000000 0.000000 0.000000 0.000000 
50.000000 39.447187 29.631621 21.136356 14.289692 9.145818 5.538369 3.173016 1.720448 0.883434 0.429990 0.198590 0.087133 0.036366 0.014456 0.005481 0.001984 0.000687 0.000228 0.000073 0.000022 0.000007 0.000002 0.000001 0.000000 0.000000 0.000000 0.000000 0.000000 0.000000 0.000000 0.000000 0.000000 0.000000 0.000000 0.000000 0.000000 0.000000 0.000000 0.000000 0.000000 0.000000 0.000000 0.000000 0.000000 0.000000 0.000000 0.000000 0.000000 0.000000 
50.000000 39.447187 29.631621 21.136356 14.289692 9.145818 5.538369 3.173016 1.720448 0.883434 0.429990 0.198590 0.087133 0.036366 0.014456 0.005481 0.001984 0.000687 0.000228 0.000073 0.000022 0.000007 0.000002 0.000001 0.000000 0.000000 0.000000 0.000000 0.000000 0.000000 0.000000 0.000000 0.000000 0.000000 0.000000 0.000000 0.000000 0.000000 0.000000 0.000000 0.000000 0.000000 0.000000 0.000000 0.000000 0.000000 0.000000 0.000000 0.000000 0.000000 
50.000000 39.447187 29.631621 21.136356 14.289692 9.145818 5.538369 3.173017 1.720448 0.883434 0.429990 0.198590 0.087134 0.036366 0.014456 0.005481 0.001985 0.000687 0.000228 0.000073 0.000023 0.000007 0.000002 0.000001 0.000001 0.000001 0.000001 0.000001 0.000001 0.000001 0.000001 0.000001 0.000001 0.000001 0.000001 0.000001 0.000001 0.000001 0.000001 0.000000 0.000000 0.000000 0.000000 0.000000 0.000000 0.000000 0.000000 0.000000 0.000000 0.000000 
50.000000 39.447187 29.631621 21.136357 14.289693 9.145820 5.538370 3.173018 1.720449 0.883435 0.429991 0.198591 0.087135 0.036367 0.014458 0.005482 0.001986 0.000689 0.000230 0.000074 0.000024 0.000008 0.000004 0.000002 0.000002 0.000002 0.000002 0.000002 0.000002 0.000002 0.000002 0.000002 0.000002 0.000002 0.000002 0.000002 0.000002 0.000002 0.000002 0.000002 0.000002 0.000002 0.000002 0.000002 0.000002 0.000001 0.000001 0.000001 0.000000 0.000000 
50.000000 39.447188 29.631623 21.136360 14.289696 9.145823 5.538374 3.173022 1.720454 0.883440 0.429996 0.198596 0.087140 0.036372 0.014462 0.005487 0.001991 0.000693 0.000234 0.000079 0.000029 0.000013 0.000008 0.000007 0.000007 0.000007 0.000006 0.000006 0.000006 0.000006 0.000006 0.000006 0.000006 0.000006 0.000006 0.000006 0.000006 0.000006 0.000006 0.000006 0.000006 0.000006 0.000006 0.000006 0.000005 0.000005 0.000004 0.000003 0.000001 0.000000 
50.000000 39.447191 29.631630 21.136369 14.289707 9.145836 5.538388 3.173037 1.720469 0.883455 0.430011 0.198611 0.087155 0.036388 0.014478 0.005502 0.002006 0.000709 0.000250 0.000094 0.000044 0.000029 0.000024 0.000023 0.000022 0.000022 0.000022 0.000022 0.000022 0.000022 0.000022 0.000022 0.000022 0.000022 0.000022 0.000022 0.000022 0.000022 0.000022 0.000022 0.000022 0.000021 0.000021 0.000020 0.000019 0.000016 0.000013 0.000009 0.000005 0.000000 
50.000000 39.447202 29.631650 21.136398 14.289744 9.145877 5.538433 3.173084 1.720517 0.883505 0.430061 0.198661 0.087205 0.036438 0.014528 0.005553 0.002057 0.000759 0.000300 0.000145 0.000094 0.000079 0.000074 0.000073 0.000072 0.000072 0.000072 0.000072 0.000072 0.000072 0.000072 0.000072 0.000072 0.000072 0.000072 0.000072 0.000072 0.000072 0.000072 0.000072 0.000071 0.000070 0.000069 0.000066 0.000061 0.000054 0.000044 0.000031 0.000016 0.000000 
50.000000 39.447235 29.631714 21.136488 14.289855 9.146005 5.538571 3.173230 1.720667 0.883657 0.430215 0.198816 0.087361 0.036593 0.014683 0.005708 0.002212 0.000915 0.000455 0.000300 0.000250 0.000234 0.000230 0.000228 0.000228 0.000228 0.000228 0.000228 0.000228 0.000228 0.000228 0.000228 0.000228 0.000228 0.000228 0.000228 0.000228 0.000227 0.000227 0.000226 0.000225 0.000222 0.000216 0.000207 0.000191 0.000169 0.000138 0.000098 0.000051 0.000000 
50.000000 39.447332 29.631902 21.136755 14.290184 9.146381 5.538981 3.173660 1.721111 0.884109 0.430671 0.199274 0.087819 0.037052 0.015142 0.006167 0.002671 0.001374 0.000915 0.000759 0.000709 0.000693 0.000689 0.000687 0.000687 0.000687 0.000687 0.000687 0.000687 0.000687 0.000687 0.000687 0.000687 0.000687 0.000687 0.000687 0.000687 0.000686 0.000685 0.000683 0.000678 0.000669 0.000653 0.000624 0.000579 0.000511 0.000416 0.000296 0.000154 0.000000 
50.000000 39.447608 29.632433 21.137507 14.291114 9.147444 5.540137 3.174877 1.722365 0.885384 0.431957 0.200566 0.089114 0.038348 0.016439 0.007464 0.003968 0.002671 0.002212 0.002057 0.002006 0.001991 0.001986 0.001985 0.001984 0.001984 0.001984 0.001984 0.001984 0.001984 0.001984 0.001984 0.001984 0.001984 0.001984 0.001984 0.001983 0.001982 0.001979 0.001973 0.001960 0.001934 0.001887 0.001806 0.001675 0.001479 0.001207 0.000859 0.000448 0.000000 
50.000000 39.448349 29.633863 21.139532 14.293619 9.150308 5.543251 3.178156 1.725744 0.888820 0.435424 0.204049 0.092605 0.041842 0.019935 0.010960 0.007464 0.006167 0.005708 0.005553 0.005502 0.005487 0.005482 0.005481 0.005481 0.005480 0.005480 0.005480 0.005480 0.005480 0.005480 0.005480 0.005480 0.005480 0.005480 0.005480 0.005478 0.005475 0.005467 0.005451 0.005415 0.005346 0.005217 0.004995 0.004636 0.004098 0.003348 0.002385 0.001243 0.000000 
50.000000 39.450251 29.637533 21.144731 14.300047 9.157657 5.551245 3.186571 1.734417 0.897641 0.444325 0.212990 0.101565 0.050811 0.028908 0.019935 0.016439 0.015142 0.014683 0.014528 0.014478 0.014462 0.014458 0.014456 0.014456 0.014456 0.014456 0.014456 0.014456 0.014456 0.014456 0.014456 0.014456 0.014456 0.014455 0.014454 0.014450 0.014442 0.014423 0.014380 0.014289 0.014111 0.013778 0.013201 0.012264 0.010851 0.008876 0.006328 0.003301 0.000000 
50.000000 39.454892 29.646488 21.157416 14.315733 9.175594 5.570756 3.207110 1.755586 0.919172 0.466051 0.234815 0.123438 0.072706 0.050811 0.041842 0.038348 0.037052 0.036593 0.036438 0.036388 0.036372 0.036367 0.036366 0.036366 0.036366 0.036366 0.036366 0.036366 0.036365 0.036365 0.036365 0.036365 0.036365 0.036364 0.036361 0.036353 0.036333 0.036286 0.036182 0.035962 0.035525 0.034709 0.033282 0.030954 0.027424 0.022463 0.016034 0.008371 0.000000 
50.000000 39.465639 29.667228 21.186796 14.352067 9.217144 5.615955 3.254697 1.804634 0.969060 0.516392 0.285387 0.174120 0.123438 0.101565 0.092605 0.089114 0.087819 0.087361 0.087205 0.087155 0.087140 0.087135 0.087134 0.087133 0.087133 0.087133 0.087133 0.087133 0.087133 0.087133 0.087133 0.087133 0.087132 0.087129 0.087123 0.087105 0.087060 0.086954 0.086715 0.086209 0.085198 0.083297 0.079954 0.074462 0.066075 0.054216 0.038758 0.020258 0.000000 
50.000000 39.489224 29.712742 21.251274 14.431812 9.308340 5.715169 3.359156 1.912306 1.078578 0.626908 0.396410 0.285387 0.234815 0.212990 0.204049 0.200566 0.199274 0.198816 0.198661 0.198611 0.198596 0.198591 0.198590 0.198590 0.198589 0.198589 0.198589 0.198589 0.198589 0.198589 0.198589 0.198589 0.198587 0.198581 0.198567 0.198529 0.198433 0.198205 0.197690 0.196592 0.194382 0.190201 0.182787 0.170510 0.151607 0.124665 0.089297 0.046741 0.000000 
50.000000 39.538168 29.807196 21.385091 14.597323 9.497633 5.921115 3.576001 2.135832 1.305944 0.856349 0.626908 0.516392 0.466051 0.444325 0.435424 0.431957 0.430671 0.430215 0.430061 0.430011 0.429996 0.429991 0.429990 0.429989 0.429989 0.429989 0.429989 0.429989 0.429989 0.429989 0.429989 0.429988 0.429984 0.429974 0.429945 0.429869 0.429677 0.429218 0.428175 0.425934 0.421392 0.412726 0.397216 0.371282 0.330944 0.272880 0.195966 0.102766 0.000000 
50.000000 39.634038 29.992214 21.647226 14.921561 9.868483 6.324613 4.000876 2.573813 1.751463 1.305944 1.078578 0.969060 0.919172 0.897641 0.888820 0.885384 0.884109 0.883657 0.883505 0.883455 0.883440 0.883435 0.883434 0.883434 0.883434 0.883433 0.883433 0.883433 0.883433 0.883433 0.883433 0.883430 0.883424 0.883405 0.883351 0.883209 0.882850 0.881986 0.880010 0.875732 0.866982 0.850122 0.819621 0.768014 0.686736 0.568261 0.409486 0.215283 0.000000 
50.000000 39.810935 30.333616 22.130948 15.519916 10.552894 7.069318 4.785070 3.382226 2.573813 2.135832 1.912306 1.804634 1.755586 1.734417 1.725744 1.722365 1.721111 1.720667 1.720517 1.720469 1.720454 1.720449 1.720448 1.720447 1.720447 1.720447 1.720447 1.720447 1.720447 1.720447 1.720446 1.720442 1.720431 1.720398 1.720306 1.720061 1.719437 1.717924 1.714440 1.706831 1.691113 1.660480 1.604339 1.507977 1.353840 1.125529 0.814819 0.429907 0.000000 
50.000000 40.117817 30.925897 22.970165 16.558061 11.740405 8.361507 6.145839 4.785070 4.000876 3.576001 3.359156 3.254697 3.207110 3.186571 3.178156 3.174877 3.173660 3.173230 3.173084 3.173037 3.173022 3.173018 3.173017 3.173016 3.173016 3.173016 3.173016 3.173016 3.173016 3.173015 3.173013 3.173008 3.172990 3.172938 3.172792 3.172401 3.171400 3.168954 3.163276 3.150754 3.124590 3.072919 2.976764 2.808815 2.534909 2.120691 1.545231 0.819511 0.000000 
50.000000 40.617381 31.890076 24.336382 18.248198 13.673807 10.465430 8.361507 7.069318 6.324613 5.921115 5.715169 5.615955 5.570756 5.551245 5.543251 5.540137 5.538981 5.538571 5.538433 5.538388 5.538374 5.538370 5.538369 5.538369 5.538368 5.538368 5.538368 5.538368 5.538368 5.538367 5.538365 5.538356 5.538331 5.538256 5.538044 5.537474 5.536002 5.532382 5.523899 5.504992 5.464979 5.384743 5.232715 4.961502 4.508283 3.804096 2.797801 1.495589 0.000000 
50.000000 41.379061 33.360181 26.419547 20.825366 16.622031 13.673807 11.740405 10.552894 9.868483 9.497633 9.308340 9.217144 9.175594 9.157657 9.150308 9.147444 9.146381 9.146005 9.145877 9.145836 9.145823 9.145820 9.145818 9.145818 9.145818 9.145818 9.145818 9.145818 9.145818 9.145817 9.145813 9.145803 9.145769 9.145671 9.145393 9.144639 9.142682 9.137830 9.126351 9.100469 9.044917 8.931590 8.712305 8.311015 7.619654 6.506559 4.852211 2.627161 0.000000 
50.000000 42.464880 35.455937 29.389352 24.499551 20.825366 18.248198 16.558061 15.519916 14.921561 14.597323 14.431812 14.352067 14.315733 14.300047 14.293619 14.291114 14.290184 14.289855 14.289744 14.289707 14.289696 14.289693 14.289692 14.289692 14.289692 14.289692 14.289692 14.289691 14.289691 14.289690 14.289686 14.289674 14.289635 14.289521 14.289196 14.288309 14.285993 14.280205 14.266379 14.234826 14.166076 14.023152 13.739915 13.205712 12.249775 10.636914 8.102976 4.484984 0.000000 
50.000000 43.909855 38.244946 33.341621 29.389352 26.419547 24.336382 22.970165 22.130948 21.647226 21.385091 21.251274 21.186796 21.157416 21.144731 21.139532 21.137507 21.136755 21.136488 21.136398 21.136369 21.136360 21.136357 21.136356 21.136356 21.136356 21.136356 21.136356 21.136356 21.136356 21.136354 21.136351 21.136338 21.136299 21.136184 21.135855 21.134952 21.132580 21.126609 21.112211 21.078965 21.005419 20.849474 20.532286 19.912988 18.752438 16.670810 13.131045 7.568957 0.000000 
50.000000 45.702494 41.705033 38.244946 35.455937 33.360181 31.890076 30.925897 30.333616 29.992214 29.807196 29.712742 29.667228 29.646488 29.637533 29.633863 29.632433 29.631902 29.631714 29.631650 29.631630 29.631623 29.631621 29.631621 29.631621 29.631621 29.631621 29.631621 29.631621 29.631620 29.631619 29.631616 29.631606 29.631574 29.631479 29.631206 29.630454 29.628470 29.623445 29.611230 29.582728 29.518798 29.380666 29.092276 28.507970 27.352962 25.113901 20.852516 13.007461 0.000000 
50.000000 47.773527 45.702494 43.909855 42.464880 41.379061 40.617381 40.117817 39.810935 39.634038 39.538168 39.489224 39.465639 39.454892 39.450251 39.448349 39.447608 39.447332 39.447235 39.447202 39.447191 39.447188 39.447187 39.447187 39.447187 39.447187 39.447187 39.447187 39.447186 39.447186 39.447186 39.447184 39.447178 39.447160 39.447106 39.446950 39.446520 39.445381 39.442484 39.435402 39.418755 39.381028 39.298306 39.121791 38.751899 37.979895 36.340899 32.695033 23.886763 0.000000 
50.000000 50.000000 50.000000 50.000000 50.000000 50.000000 50.000000 50.000000 50.000000 50.000000 50.000000 50.000000 50.000000 50.000000 50.000000 50.000000 50.000000 50.000000 50.000000 50.000000 50.000000 50.000000 50.000000 50.000000 50.000000 50.000000 50.000000 50.000000 50.000000 50.000000 50.000000 50.000000 50.000000 50.000000 50.000000 50.000000 50.000000 50.000000 50.000000 50.000000 50.000000 50.000000 50.000000 50.000000 50.000000 50.000000 50.000000 50.000000 50.000000 50.000000 
