50.000000 50.000000 50.000000 50.000000 50.000000 50.000000 50.000000 50.000000 50.000000 50.000000 50.000000 50.000000 50.000000 50.000000 50.000000 50.000000 50.000000 50.000000 50.000000 50.000000 50.000000 50.000000 50.000000 50.000000 50.000000 50.000000 50.000000 50.000000 50.000000 50.000000 50.000000 50.000000 50.000000 50.000000 50.000000 50.000000 50.000000 50.000000 50.000000 50.000000 50.000000 50.000000 50.000000 50.000000 50.000000 50.000000 50.000000 50.000000 50.000000 50.000000 
50.000000 49.066887 48.161109 47.307601 46.526849 45.833468 45.235568 44.734918 44.327767 44.006133 43.759281 43.575174 43.441712 43.347651 43.283185 43.240208 43.212331 43.194731 43.183913 43.177438 43.173662 43.171517 43.170327 43.169683 43.169340 43.169155 43.169044 43.168954 43.168838 43.168641 43.168273 43.167582 43.166303 43.163979 43.159830 43.152561 43.140046 43.118848 43.083471 43.025171 42.930036 42.775725 42.525616 42.117469 41.439547 40.274994 38.157812 33.956357 24.533443 0.000000 
50.000000 48.161109 46.376088 44.694079 43.155449 41.789002 40.610723 39.624094 38.821727 38.187887 37.701420 37.338604 37.075593 36.890231 36.763191 36.678498 36.623562 36.588879 36.567562 36.554802 36.547361 36.543132 36.540788 36.539519 36.538843 36.538479 36.538264 36.538090 36.537868 36.537492 36.536795 36.535488 36.533071 36.528682 36.520862 36.507188 36.483703 36.444047 36.378121 36.270034 36.094866 35.813443 35.363526 34.644302 33.487790 31.604366 28.478772 23.188044 14.204752 0.000000 
50.000000 47.307601 44.694079 42.231381 39.978614 37.977949 36.252792 34.808239 33.633473 32.705455 31.993211 31.462009 31.076934 30.805546 30.619548 30.495551 30.415120 30.364342 30.333133 30.314452 30.303558 30.297367 30.293936 30.292078 30.291089 30.290559 30.290247 30.290000 30.289692 30.289175 30.288218 30.286429 30.283127 30.277144 30.266511 30.247977 30.216266 30.162973 30.074908 29.931630 29.701767 29.337440 28.765713 27.875336 26.496358 24.370474 21.115690 16.215307 9.149790 0.000000 
50.000000 46.526849 43.155449 39.978614 37.072591 34.491780 32.266374 30.402946 28.887539 27.690435 26.771675 26.086454 25.589731 25.239660 24.999737 24.839792 24.736044 24.670546 24.630290 24.606193 24.592142 24.584157 24.579732 24.577336 24.576062 24.575381 24.574985 24.574680 24.574310 24.573698 24.572571 24.570471 24.566605 24.559621 24.547251 24.525775 24.489210 24.428129 24.327946 24.166483 23.910543 23.511159 22.897112 21.966482 20.576717 18.536295 15.608139 11.551083 6.251856 0.000000 
50.000000 45.833468 41.789002 37.977949 34.491780 31.395756 28.726095 26.490682 24.672773 23.236713 22.134563 21.312574 20.716711 20.296772 20.008969 19.817105 19.692654 19.614087 19.565798 19.536895 19.520041 19.510463 19.505155 19.502283 19.500756 19.499944 19.499478 19.499131 19.498726 19.498068 19.496866 19.494635 19.490541 19.483171 19.470169 19.447703 19.409670 19.346570 19.243941 19.080237 18.824062 18.430707 17.838123 16.962903 15.697878 13.915063 11.481591 8.301212 4.393921 0.000000 
50.000000 45.235568 40.610723 36.252792 32.266374 28.726095 25.673370 23.117214 21.038477 19.396386 18.136118 17.196211 16.514875 16.034702 15.705620 15.486240 15.343942 15.254110 15.198898 15.165850 15.146581 15.135630 15.129562 15.126279 15.124536 15.123613 15.123092 15.122718 15.122303 15.121645 15.120455 15.118257 15.114239 15.107032 15.094375 15.072618 15.036012 14.975724 14.878528 14.725130 14.488156 14.129955 13.600564 12.836685 11.763191 10.299891 8.377456 5.966421 3.118099 0.000000 
50.000000 44.734918 39.624094 34.808239 30.402946 26.490682 23.117214 20.292503 17.995381 16.180788 14.788140 13.749511 12.996617 12.466019 12.102383 11.859970 11.702734 11.603472 11.542465 11.505949 11.484658 11.472559 11.465855 11.462229 11.460306 11.459292 11.458729 11.458343 11.457937 11.457316 11.456208 11.454172 11.450465 11.443846 11.432275 11.412494 11.379423 11.325366 11.238981 11.104063 10.898209 10.591590 10.146252 9.516650 8.652560 7.505834 6.042526 4.260568 2.209302 0.000000 
50.000000 44.327767 38.821727 33.633473 28.887539 24.672773 21.038477 17.995381 15.520677 13.565817 12.065528 10.946630 10.135557 9.563962 9.172233 8.911095 8.741716 8.634789 8.569072 8.529738 8.506803 8.493771 8.486550 8.482646 8.480578 8.479492 8.478899 8.478511 8.478130 8.477571 8.476591 8.474804 8.471564 8.465803 8.455783 8.438747 8.410448 8.364531 8.291785 8.179299 8.009652 7.760339 7.403791 6.908523 6.242066 5.376381 4.296032 3.008284 1.552042 0.000000 
50.000000 44.006133 38.187887 32.705455 27.690435 23.236713 19.396386 16.180788 13.565817 11.500167 9.914861 8.732568 7.875547 7.271576 6.857663 6.581740 6.402772 6.289793 6.220357 6.178798 6.154567 6.140798 6.133170 6.129046 6.126864 6.125723 6.125110 6.124727 6.124379 6.123897 6.123069 6.121572 6.118873 6.114095 6.105825 6.091843 6.068761 6.031577 5.973148 5.883641 5.750083 5.556165 5.282579 4.908229 4.412651 3.779892 3.003688 2.093021 1.076098 0.000000 
50.000000 43.759281 37.701420 31.993211 26.771675 22.134563 18.136118 14.788140 12.065528 9.914861 8.264319 7.033382 6.141107 5.512297 5.081365 4.794098 4.607775 4.490155 4.417867 4.374602 4.349375 4.335041 4.327101 4.322809 4.320541 4.319359 4.318733 4.318360 4.318048 4.317646 4.316975 4.315774 4.313621 4.309829 4.303296 4.292309 4.274283 4.245440 4.200464 4.132160 4.031220 3.886229 3.684077 3.410989 3.054326 2.605192 2.061581 1.431386 0.734110 0.000000 
50.000000 43.575174 37.338604 31.462009 26.086454 21.312574 17.196211 13.749511 10.946630 8.732568 7.033382 5.766175 4.847616 4.200287 3.756667 3.460946 3.269140 3.148060 3.073646 3.029109 3.003142 2.988387 2.980214 2.975798 2.973465 2.972254 2.971620 2.971258 2.970982 2.970655 2.970130 2.969205 2.967556 2.964665 2.959709 2.951417 2.937890 2.916384 2.883088 2.832918 2.759420 2.654845 2.510530 2.317683 2.068633 1.758507 1.387102 0.960483 0.491703 0.000000 
50.000000 43.441712 37.075593 31.076934 25.589731 20.716711 16.514875 12.996617 10.135557 7.875547 6.141107 4.847616 3.910009 3.249261 2.796448 2.494601 2.298823 2.175237 2.099284 2.053826 2.027322 2.012262 2.003921 1.999414 1.997036 1.995804 1.995167 1.994816 1.994571 1.994309 1.993912 1.993224 1.992008 1.989886 1.986266 1.980239 1.970460 1.955004 1.931231 1.895667 1.843969 1.771025 1.671252 1.539151 1.370141 1.161602 0.913961 0.631547 0.322863 0.000000 
50.000000 43.347651 36.890231 30.805546 25.239660 20.296772 16.034702 12.466019 9.563962 7.271576 5.512297 4.200287 3.249261 2.579061 2.119772 1.813610 1.615035 1.489684 1.412647 1.366540 1.339658 1.324384 1.315924 1.311354 1.308944 1.307698 1.307059 1.306718 1.306500 1.306292 1.305999 1.305505 1.304639 1.303137 1.300585 1.296357 1.289530 1.278802 1.262397 1.238014 1.202815 1.153514 1.086596 0.998690 0.887103 0.750450 0.589280 0.406528 0.207605 0.000000 
50.000000 43.283185 36.763191 30.619548 24.999737 20.008969 15.705620 12.102383 9.172233 6.857663 5.081365 3.756667 2.796448 2.119772 1.656048 1.346931 1.146440 1.019880 0.942101 0.895550 0.868409 0.852989 0.844448 0.839835 0.837402 0.836147 0.835508 0.835175 0.834978 0.834813 0.834600 0.834255 0.833659 0.832631 0.830892 0.828025 0.823416 0.816210 0.805251 0.789056 0.765821 0.733487 0.689889 0.633003 0.561266 0.473963 0.371572 0.256004 0.130625 0.000000 
50.000000 43.240208 36.678498 30.495552 24.839792 19.817106 15.486241 11.859970 8.911096 6.581740 4.794099 3.460946 2.494602 1.813611 1.346931 1.035845 0.834078 0.706713 0.628440 0.581593 0.554280 0.538762 0.530167 0.525525 0.523078 0.521817 0.521178 0.520852 0.520670 0.520537 0.520384 0.520149 0.519752 0.519070 0.517924 0.516040 0.513027 0.508336 0.501238 0.490804 0.475916 0.455314 0.427696 0.391866 0.346937 0.292542 0.229041 0.157637 0.080379 0.000000 
50.000000 43.212331 36.623562 30.415121 24.736045 19.692655 15.343944 11.702735 8.741717 6.402773 4.607777 3.269142 2.298825 1.615037 1.146442 0.834080 0.631486 0.503599 0.425005 0.377967 0.350542 0.334961 0.326331 0.321670 0.319214 0.317950 0.317311 0.316990 0.316819 0.316708 0.316598 0.316442 0.316183 0.315746 0.315013 0.313813 0.311902 0.308941 0.304479 0.297950 0.288680 0.275916 0.258891 0.236914 0.209485 0.176425 0.137978 0.094881 0.048353 0.000000 
50.000000 43.194732 36.588880 30.364344 24.670549 19.614090 15.254113 11.603475 8.634793 6.289797 4.490159 3.148064 2.175241 1.489688 1.019884 0.706717 0.503601 0.375386 0.296590 0.249431 0.221936 0.206314 0.197663 0.192990 0.190528 0.189262 0.188623 0.188305 0.188143 0.188047 0.187966 0.187863 0.187700 0.187426 0.186971 0.186230 0.185054 0.183238 0.180512 0.176542 0.170928 0.163233 0.153013 0.139878 0.123551 0.103946 0.081219 0.055811 0.028429 0.000000 
50.000000 43.183915 36.567565 30.333137 24.630295 19.565805 15.198905 11.542473 8.569081 6.220367 4.417877 3.073657 2.099294 1.412657 0.942111 0.628449 0.425014 0.296596 0.217676 0.170443 0.142905 0.127259 0.118594 0.113914 0.111449 0.110181 0.109543 0.109227 0.109070 0.108984 0.108922 0.108854 0.108753 0.108586 0.108312 0.107867 0.107163 0.106081 0.104462 0.102113 0.098804 0.094286 0.088310 0.080656 0.071177 0.059830 0.046713 0.032080 0.016334 0.000000 
50.000000 43.177442 36.554809 30.314462 24.606207 19.536911 15.165868 11.505969 8.529759 6.178821 4.374625 3.029133 2.053850 1.366564 0.895575 0.581617 0.377990 0.249451 0.170457 0.123180 0.095616 0.079955 0.071282 0.066598 0.064131 0.062862 0.062224 0.061910 0.061756 0.061677 0.061627 0.061581 0.061519 0.061420 0.061259 0.061000 0.060590 0.059962 0.059027 0.057673 0.055774 0.053189 0.049781 0.045431 0.040060 0.033649 0.026254 0.018021 0.009173 0.000000 
50.000000 43.173671 36.547377 30.303582 24.592173 19.520077 15.146621 11.484703 8.506851 6.154617 4.349428 3.003196 2.027376 1.339713 0.868465 0.554336 0.350597 0.221988 0.142951 0.095648 0.068069 0.052400 0.043722 0.039036 0.036567 0.035298 0.034660 0.034347 0.034195 0.034120 0.034078 0.034045 0.034007 0.033949 0.033857 0.033709 0.033477 0.033122 0.032595 0.031835 0.030771 0.029328 0.027432 0.025018 0.022045 0.018505 0.014430 0.009901 0.005038 0.000000 
50.000000 43.171535 36.543168 30.297420 24.584224 19.510543 15.135721 11.472659 8.493878 6.140911 4.335159 2.988508 2.012385 1.324508 0.853114 0.538887 0.335085 0.206436 0.127375 0.080057 0.052470 0.036796 0.028115 0.023428 0.020958 0.019689 0.019051 0.018739 0.018588 0.018515 0.018477 0.018453 0.018429 0.018395 0.018344 0.018261 0.018132 0.017936 0.017646 0.017228 0.016645 0.015856 0.014822 0.013510 0.011897 0.009981 0.007780 0.005335 0.002714 0.000000 
50.000000 43.170367 36.540866 30.294050 24.579878 19.505330 15.129761 11.466074 8.486785 6.133417 4.327357 2.980477 2.004188 1.316195 0.844720 0.530440 0.326604 0.197934 0.118859 0.071533 0.043941 0.028265 0.019583 0.014894 0.012424 0.011155 0.010518 0.010205 0.010055 0.009983 0.009948 0.009929 0.009912 0.009893 0.009864 0.009818 0.009747 0.009640 0.009481 0.009253 0.008937 0.008509 0.007950 0.007242 0.006374 0.005345 0.004164 0.002855 0.001452 0.000000 
50.000000 43.169768 36.539686 30.292322 24.577649 19.502656 15.126704 11.462696 8.483146 6.129572 4.323355 2.976357 1.999984 1.311931 0.840415 0.526108 0.322254 0.193572 0.114490 0.067161 0.039566 0.023889 0.015206 0.010517 0.008047 0.006777 0.006140 0.005828 0.005678 0.005608 0.005574 0.005556 0.005544 0.005532 0.005515 0.005489 0.005448 0.005387 0.005297 0.005168 0.004989 0.004748 0.004434 0.004037 0.003552 0.002977 0.002318 0.001589 0.000808 0.000000 
50.000000 43.169517 36.539191 30.291598 24.576715 19.501536 15.125423 11.461281 8.481623 6.127962 4.321679 2.974632 1.998223 1.310145 0.838612 0.524293 0.320432 0.191746 0.112661 0.065330 0.037734 0.022056 0.013373 0.008684 0.006214 0.004944 0.004307 0.003995 0.003845 0.003775 0.003742 0.003725 0.003715 0.003706 0.003694 0.003676 0.003648 0.003607 0.003546 0.003458 0.003338 0.003175 0.002964 0.002698 0.002372 0.001987 0.001547 0.001060 0.000539 0.000000 
50.000000 43.169517 36.539191 30.291598 24.576715 19.501536 15.125423 11.461281 8.481623 6.127962 4.321679 2.974632 1.998223 1.310145 0.838612 0.524293 0.320432 0.191746 0.112661 0.065330 0.037734 0.022056 0.013373 0.008684 0.006214 0.004944 0.004307 0.003995 0.003845 0.003775 0.003742 0.003725 0.003715 0.003706 0.003694 0.003676 0.003648 0.003607 0.003546 0.003458 0.003338 0.003175 0.002964 0.002698 0.002372 0.001987 0.001547 0.001060 0.000539 0.000000 
50.000000 43.169768 36.539686 30.292322 24.577649 19.502656 15.126704 11.462696 8.483146 6.129572 4.323355 2.976357 1.999984 1.311931 0.840415 0.526108 0.322254 0.193572 0.114490 0.067161 0.039566 0.023889 0.015206 0.010517 0.008047 0.006777 0.006140 0.005828 0.005678 0.005608 0.005574 0.005556 0.005544 0.005532 0.005515 0.005489 0.005448 0.005387 0.005297 0.005168 0.004989 0.004748 0.004434 0.004037 0.003552 0.002977 0.002318 0.001589 0.000808 0.000000 
50.000000 43.170367 36.540866 30.294050 24.579878 19.505330 15.129761 11.466074 8.486785 6.133417 4.327357 2.980477 2.004188 1.316195 0.844720 0.530440 0.326604 0.197934 0.118859 0.071533 0.043941 0.028265 0.019583 0.014894 0.012424 0.011155 0.010518 0.010205 0.010055 0.009983 0.009948 0.009929 0.009912 0.009893 0.009864 0.009818 0.009747 0.009640 0.009481 0.009253 0.008937 0.008509 0.007950 0.007242 0.006374 0.005345 0.004164 0.002855 0.001452 0.000000 
50.000000 43.171535 36.543168 30.297420 24.584224 19.510543 15.135721 11.472659 8.493878 6.140911 4.335159 2.988508 2.012385 1.324508 0.853114 0.538887 0.335085 0.206436 0.127375 0.080057 0.052470 0.036796 0.028115 0.023428 0.020958 0.019689 0.019051 0.018739 0.018588 0.018515 0.018477 0.018453 0.018429 0.018395 0.018344 0.018261 0.018132 0.017936 0.017646 0.017228 0.016645 0.015856 0.014822 0.013510 0.011897 0.009981 0.007780 0.005335 0.002714 0.000000 
50.000000 43.173671 36.547377 30.303582 24.592173 19.520077 15.146621 11.484703 8.506851 6.154617 4.349428 3.003196 2.027376 1.339713 0.868465 0.554336 0.350597 0.221988 0.142951 0.095648 0.068069 0.052400 0.043722 0.039036 0.036567 0.035298 0.034660 0.034347 0.034195 0.034120 0.034078 0.034045 0.034007 0.033949 0.033857 0.033709 0.033477 0.033122 0.032595 0.031835 0.030771 0.029328 0.027432 0.025018 0.022045 0.018505 0.014430 0.009901 0.005038 0.000000 
50.000000 43.177442 36.554809 30.314462 24.606207 19.536911 15.165868 11.505969 8.529759 6.178821 4.374625 3.029133 2.053850 1.366564 0.895575 0.581617 0.377990 0.249451 0.170457 0.123180 0.095616 0.079955 0.071282 0.066598 0.064131 0.062862 0.062224 0.061910 0.061756 0.061677 0.061627 0.061581 0.061519 0.061420 0.061259 0.061000 0.060590 0.059962 0.059027 0.057673 0.055774 0.053189 0.049781 0.045431 0.040060 0.033649 0.026254 0.018021 0.009173 0.000000 
50.000000 43.183915 36.567565 30.333137 24.630295 19.565805 15.198905 11.542473 8.569081 6.220367 4.417877 3.073657 2.099294 1.412657 0.942111 0.628449 0.425014 0.296596 0.217676 0.170443 0.142905 0.127259 0.118594 0.113914 0.111449 0.110181 0.109543 0.109227 0.109070 0.108984 0.108922 0.108854 0.108753 0.108586 0.108312 0.107867 0.107163 0.106081 0.104462 0.102113 0.098804 0.094286 0.088310 0.080656 0.071177 0.059830 0.046713 0.032080 0.016334 0.000000 
50.000000 43.194732 36.588880 30.364344 24.670549 19.614090 15.254113 11.603475 8.634793 6.289797 4.490159 3.148064 2.175241 1.489688 1.019884 0.706717 0.503601 0.375386 0.296590 0.249431 0.221936 0.206314 0.197663 0.192990 0.190528 0.189262 0.188623 0.188305 0.188143 0.188047 0.187966 0.187863 0.187700 0.187426 0.186971 0.186230 0.185054 0.183238 0.180512 0.176542 0.170928 0.163233 0.153013 0.139878 0.123551 0.103946 0.081219 0.055811 0.028429 0.000000 
50.000000 43.212331 36.623562 30.415121 24.736045 19.692655 15.343944 11.702735 8.741717 6.402773 4.607777 3.269142 2.298825 1.615037 1.146442 0.834080 0.631486 0.503599 0.425005 0.377967 0.350542 0.334961 0.326331 0.321670 0.319214 0.317950 0.317311 0.316990 0.316819 0.316708 0.316598 0.316442 0.316183 0.315746 0.315013 0.313813 0.311902 0.308941 0.304479 0.297950 0.288680 0.275916 0.258891 0.236914 0.209485 0.176425 0.137978 0.094881 0.048353 0.000000 
50.000000 43.240208 36.678498 30.495552 24.839792 19.817106 15.486241 11.859970 8.911096 6.581740 4.794099 3.460946 2.494602 1.813611 1.346931 1.035845 0.834078 0.706713 0.628440 0.581593 0.554280 0.538762 0.530167 0.525525 0.523078 0.521817 0.521178 0.520852 0.520670 0.520537 0.520384 0.520149 0.519752 0.519070 0.517924 0.516040 0.513027 0.508336 0.501238 0.490804 0.475916 0.455314 0.427696 0.391866 0.346937 0.292542 0.229041 0.157637 0.080379 0.000000 
50.000000 43.283185 36.763191 30.619548 24.999737 20.008969 15.705620 12.102383 9.172233 6.857663 5.081365 3.756667 2.796448 2.119772 1.656048 1.346931 1.146440 1.019880 0.942101 0.895550 0.868409 0.852989 0.844448 0.839835 0.837402 0.836147 0.835508 0.835175 0.834978 0.834813 0.834600 0.834255 0.833659 0.832631 0.830892 0.828025 0.823416 0.816210 0.805251 0.789056 0.765821 0.733487 0.689889 0.633003 0.561266 0.473963 0.371572 0.256004 0.130625 0.000000 
50.000000 43.347651 36.890231 30.805546 25.239660 20.296772 16.034702 12.466019 9.563962 7.271576 5.512297 4.200287 3.249261 2.579061 2.119772 1.813610 1.615035 1.489684 1.412647 1.366540 1.339658 1.324384 1.315924 1.311354 1.308944 1.307698 1.307059 1.306718 1.306500 1.306292 1.305999 1.305505 1.304639 1.303137 1.300585 1.296357 1.289530 1.278802 1.262397 1.238014 1.202815 1.153514 1.086596 0.998690 0.887103 0.750450 0.589280 0.406528 0.207605 0.000000 
50.000000 43.441712 37.075593 31.076934 25.589731 20.716711 16.514875 12.996617 10.135557 7.875547 6.141107 4.847616 3.910009 3.249261 2.796448 2.494601 2.298823 2.175237 2.099284 2.053826 2.027322 2.012262 2.003921 1.999414 1.997036 1.995804 1.995167 1.994816 1.994571 1.994309 1.993912 1.993224 1.992008 1.989886 1.986266 1.980239 1.970460 1.955004 1.931231 1.895667 1.843969 1.771025 1.671252 1.539151 1.370141 1.161602 0.913961 0.631547 0.322863 0.000000 
50.000000 43.575174 37.338604 31.462009 26.086454 21.312574 17.196211 13.749511 10.946630 8.732568 7.033382 5.766175 4.847616 4.200287 3.756667 3.460946 3.269140 3.148060 3.073646 3.029109 3.003142 2.988387 2.980214 2.975798 2.973465 2.972254 2.971620 2.971258 2.970982 2.970655 2.970130 2.969205 2.967556 2.964665 2.959709 2.951417 2.937890 2.916384 2.883088 2.832918 2.759420 2.654845 2.510530 2.317683 2.068633 1.758507 1.387102 0.960483 0.491703 0.000000 
50.000000 43.759281 37.701420 31.993211 26.771675 22.134563 18.136118 14.788140 12.065528 9.914861 8.264319 7.033382 6.141107 5.512297 5.081365 4.794098 4.607775 4.490155 4.417867 4.374602 4.349375 4.335041 4.327101 4.322809 4.320541 4.319359 4.318733 4.318360 4.318048 4.317646 4.316975 4.315774 4.313621 4.309829 4.303296 4.292309 4.274283 4.245440 4.200464 4.132160 4.031220 3.886229 3.684077 3.410989 3.054326 2.605192 2.061581 1.431386 0.734110 0.000000 
50.000000 44.006133 38.187887 32.705455 27.690435 23.236713 19.396386 16.180788 13.565817 11.500167 9.914861 8.732568 7.875547 7.271576 6.857663 6.581740 6.402772 6.289793 6.220357 6.178798 6.154567 6.140798 6.133170 6.129046 6.126864 6.125723 6.125110 6.124727 6.124379 6.123897 6.123069 6.121572 6.118873 6.114095 6.105825 6.091843 6.068761 6.031577 5.973148 5.883641 5.750083 5.556165 5.282579 4.908229 4.412651 3.779892 3.003688 2.093021 1.076098 0.000000 
50.000000 44.327767 38.821727 33.633473 28.887539 24.672773 21.038477 17.995381 15.520677 13.565817 12.065528 10.946630 10.135557 9.563962 9.172233 8.911095 8.741716 8.634789 8.569072 8.529738 8.506803 8.493771 8.486550 8.482646 8.480578 8.479492 8.478899 8.478511 8.478130 8.477571 8.476591 8.474804 8.471564 8.465803 8.455783 8.438747 8.410448 8.364531 8.291785 8.179299 8.009652 7.760339 7.403791 6.908523 6.242066 5.376381 4.296032 3.008284 1.552042 0.000000 
50.000000 44.734918 39.624094 34.808239 30.402946 26.490682 23.117214 20.292503 17.995381 16.180788 14.788140 13.749511 12.996617 12.466019 12.102383 11.859970 11.702734 11.603472 11.542465 11.505949 11.484658 11.472559 11.465855 11.462229 11.460306 11.459292 11.458729 11.458343 11.457937 11.457316 11.456208 11.454172 11.450465 11.443846 11.432275 11.412494 11.379423 11.325366 11.238981 11.104063 10.898209 10.591590 10.146252 9.516650 8.652560 7.505834 6.042526 4.260568 2.209302 0.000000 
50.000000 45.235568 40.610723 36.252792 32.266374 28.726095 25.673370 23.117214 21.038477 19.396386 18.136118 17.196211 16.514875 16.034702 15.705620 15.486240 15.343942 15.254110 15.198898 15.165850 15.146581 15.135630 15.129562 15.126279 15.124536 15.123613 15.123092 15.122718 15.122303 15.121645 15.120455 15.118257 15.114239 15.107032 15.094375 15.072618 15.036012 14.975724 14.878528 14.725130 14.488156 14.129955 13.600564 12.836685 11.763191 10.299891 8.377456 5.966421 3.118099 0.000000 
50.000000 45.833468 41.789002 37.977949 34.491780 31.395756 28.726095 26.490682 24.672773 23.236713 22.134563 21.312574 20.716711 20.296772 20.008969 19.817105 19.692654 19.614087 19.565798 19.536895 19.520041 19.510463 19.505155 19.502283 19.500756 19.499944 19.499478 19.499131 19.498726 19.498068 19.496866 19.494635 19.490541 19.483171 19.470169 19.447703 19.409670 19.346570 19.243941 19.080237 18.824062 18.430707 17.838123 16.962903 15.697878 13.915063 11.481591 8.301212 4.393921 0.000000 
50.000000 46.526849 43.155449 39.978614 37.072591 34.491780 32.266374 30.402946 28.887539 27.690435 26.771675 26.086454 25.589731 25.239660 24.999737 24.839792 24.736044 24.670546 24.630290 24.606193 24.592142 24.584157 24.579732 24.577336 24.576062 24.575381 24.574985 24.574680 24.574310 24.573698 24.572571 24.570471 24.566605 24.559621 24.547251 24.525775 24.489210 24.428129 24.327946 24.166483 23.910543 23.511159 22.897112 21.966482 20.576717 18.536295 15.608139 11.551083 6.251856 0.000000 
50.000000 47.307601 44.694079 42.231381 39.978614 37.977949 36.252792 34.808239 33.633473 32.705455 31.993211 31.462009 31.076934 30.805546 30.619548 30.495551 30.415120 30.364342 30.333133 30.314452 30.303558 30.297367 30.293936 30.292078 30.291089 30.290559 30.290247 30.290000 30.289692 30.289175 30.288218 30.286429 30.283127 30.277144 30.266511 30.247977 30.216266 30.162973 30.074908 29.931630 29.701767 29.337440 28.765713 27.875336 26.496358 24.370474 21.115690 16.215307 9.149790 0.000000 
50.000000 48.161109 46.376088 44.694079 43.155449 41.789002 40.610723 39.624094 38.821727 38.187887 37.701420 37.338604 37.075593 36.890231 36.763191 36.678498 36.623562 36.588879 36.567562 36.554802 36.547361 36.543132 36.540788 36.539519 36.538843 36.538479 36.538264 36.538090 36.537868 36.537492 36.536795 36.535488 36.533071 36.528682 36.520862 36.507188 36.483703 36.444047 36.378121 36.270034 36.094866 35.813443 35.363526 34.644302 33.487790 31.604366 28.478772 23.188044 14.204752 0.000000 
50.000000 49.066887 48.161109 47.307601 46.526849 45.833468 45.235568 44.734918 44.327767 44.006133 43.759281 43.575174 43.441712 43.347651 43.283185 43.240208 43.212331 43.194731 43.183913 43.177438 43.173662 43.171517 43.170327 43.169683 43.169340 43.169155 43.169044 43.168954 43.168838 43.168641 43.168273 43.167582 43.166303 43.163979 43.159830 43.152561 43.140046 43.118848 43.083471 43.025171 42.930036 42.775725 42.525616 42.117469 41.439547 40.274994 38.157812 33.956357 24.533443 0.000000 
50.000000 50.000000 50.000000 50.000000 50.000000 50.000000 50.000000 50.000000 50.000000 50.000000 50.000000 50.000000 50.000000 50.000000 50.000000 50.000000 50.000000 50.000000 50.000000 50.000000 50.000000 50.000000 50.000000 50.000000 50.000000 50.000000 50.000000 50.000000 50.000000 50.000000 50.000000 50.000000 50.000000 50.000000 50.000000 50.000000 50.000000 50.000000 50.000000 50.000000 50.000000 50.000000 50.000000 50.000000 50.000000 50.000000 50.000000 50.000000 50.000000 50.000000 
