50.000000 50.000000 50.000000 50.000000 50.000000 50.000000 50.000000 50.000000 50.000000 50.000000 50.000000 50.000000 50.000000 50.000000 50.000000 50.000000 50.000000 50.000000 50.000000 50.000000 50.000000 50.000000 50.000000 50.000000 50.000000 50.000000 50.000000 50.000000 50.000000 50.000000 50.000000 50.000000 50.000000 50.000000 50.000000 50.000000 50.000000 50.000000 50.000000 50.000000 50.000000 50.000000 50.000000 50.000000 50.000000 50.000000 50.000000 50.000000 50.000000 50.000000 
50.000000 48.866146 47.772647 46.755554 45.843071 45.053359 44.393921 43.862506 43.449114 43.138594 42.913296 42.755346 42.648306 42.578158 42.533683 42.506392 42.490176 42.480841 42.475632 42.472814 42.471335 42.470582 42.470209 42.470029 42.469944 42.469904 42.469883 42.469864 42.469835 42.469778 42.469657 42.469403 42.468884 42.467847 42.465821 42.461954 42.454736 42.441547 42.417922 42.376354 42.304319 42.180925 41.970915 41.613151 40.996535 39.904212 37.869404 33.758871 24.433073 0.000000 
50.000000 47.772647 45.624569 43.626586 41.834103 40.282792 38.987396 37.943491 37.131429 36.521451 36.078884 35.768613 35.558348 35.420554 35.333192 35.279583 35.247729 35.229392 35.219162 35.213627 35.210721 35.209241 35.208508 35.208155 35.207989 35.207911 35.207868 35.207833 35.207779 35.207671 35.207444 35.206969 35.205998 35.204060 35.200281 35.193083 35.179681 35.155268 35.111710 35.035465 34.904259 34.681670 34.308060 33.684708 32.644854 30.898867 27.930012 22.812285 14.013775 0.000000 
50.000000 46.755554 43.626586 40.716255 38.105270 35.845588 33.958688 32.438120 31.255265 30.366772 29.722133 29.270198 28.963934 28.763229 28.635982 28.557899 28.511503 28.484796 28.469895 28.461834 28.457602 28.455446 28.454379 28.453866 28.453624 28.453510 28.453449 28.453400 28.453326 28.453181 28.452874 28.452236 28.450932 28.448336 28.443286 28.433698 28.415915 28.383677 28.326503 28.227200 28.058043 27.774958 27.308591 26.550584 25.332667 23.396527 20.358128 15.696574 8.886150 0.000000 
50.000000 45.843071 41.834103 38.105270 34.759979 31.864804 29.447259 27.499079 25.983595 24.845258 24.019353 23.440346 23.047971 22.790837 22.627817 22.527784 22.468346 22.434132 22.415043 22.404716 22.399295 22.396533 22.395166 22.394508 22.394199 22.394053 22.393977 22.393918 22.393832 22.393664 22.393312 22.392581 22.391092 22.388133 22.382398 22.371553 22.351538 22.315472 22.251988 22.142759 21.958922 21.656022 21.167094 20.393647 19.195124 17.379989 14.708742 10.935236 5.938860 0.000000 
50.000000 45.053359 40.282792 35.845588 31.864804 28.419657 25.542889 23.224660 21.421329 20.066792 19.084037 18.395076 17.928194 17.622238 17.428268 17.309245 17.238524 17.197816 17.175105 17.162817 17.156368 17.153082 17.151456 17.150674 17.150306 17.150134 17.150046 17.149980 17.149889 17.149715 17.149351 17.148598 17.147069 17.144041 17.138196 17.127194 17.107004 17.070871 17.007799 16.900390 16.721914 16.432519 15.974735 15.268848 14.209829 12.669680 10.512921 7.637938 4.056823 0.000000 
50.000000 44.393921 38.987396 33.958688 29.447259 25.542889 22.282681 19.655479 17.611817 16.076776 14.963072 14.182318 13.653239 13.306530 13.086725 12.951852 12.871716 12.825588 12.799854 12.785931 12.778624 12.774901 12.773059 12.772173 12.771756 12.771562 12.771465 12.771396 12.771307 12.771140 12.770794 12.770079 12.768633 12.765780 12.760297 12.750030 12.731304 12.698032 12.640459 12.543441 12.384272 12.130159 11.735719 11.141341 10.274042 9.053612 7.408104 5.302689 2.780770 0.000000 
50.000000 43.862506 37.943491 32.438120 27.499079 23.224660 19.655479 16.779315 14.542011 12.861537 11.642333 10.787629 10.208446 9.828908 9.588295 9.440657 9.352937 9.302445 9.274276 9.259037 9.251039 9.246964 9.244948 9.243978 9.243523 9.243312 9.243208 9.243140 9.243057 9.242907 9.242599 9.241965 9.240688 9.238179 9.233379 9.224439 9.208235 9.179657 9.130633 9.048868 8.916352 8.707831 8.389658 7.919760 7.249925 6.331986 5.129528 3.635431 1.891592 0.000000 
50.000000 43.449114 37.131429 31.255265 25.983595 21.421329 17.611817 14.542011 12.154097 10.360516 9.059265 8.147056 7.528912 7.123849 6.867058 6.709495 6.615880 6.561997 6.531936 6.515674 6.507139 6.502791 6.500640 6.499605 6.499120 6.498896 6.498788 6.498721 6.498648 6.498520 6.498262 6.497733 6.496670 6.494592 6.490635 6.483305 6.470102 6.446985 6.407663 6.342719 6.238654 6.077049 5.834180 5.481658 4.988810 4.327572 3.480306 2.449759 1.268188 0.000000 
50.000000 43.138594 36.521451 30.366772 24.845258 20.066792 16.076776 12.861537 10.360516 8.481997 7.119137 6.163748 5.516353 5.092128 4.823193 4.658181 4.560141 4.503712 4.472232 4.455202 4.446264 4.441711 4.439458 4.438375 4.437868 4.437634 4.437524 4.437460 4.437398 4.437294 4.437088 4.436670 4.435832 4.434202 4.431111 4.425416 4.415221 4.397495 4.367582 4.318628 4.240999 4.121862 3.945186 3.692504 3.344879 2.886335 2.308728 1.617192 0.834275 0.000000 
50.000000 42.913296 36.078884 29.722133 24.019353 19.084037 14.963072 11.642333 9.059265 7.119137 5.711592 4.724889 4.056282 3.618161 3.340421 3.170009 3.068762 3.010488 2.977979 2.960393 2.951163 2.946462 2.944136 2.943017 2.942494 2.942253 2.942142 2.942082 2.942029 2.941949 2.941792 2.941477 2.940849 2.939631 2.937334 2.933122 2.925625 2.912678 2.890991 2.855796 2.800509 2.716547 2.593465 2.419631 2.183647 1.876594 1.494933 1.043418 0.536942 0.000000 
50.000000 42.755346 35.768613 29.270198 23.440346 18.395076 14.182318 10.787629 8.147056 6.163748 4.724889 3.716242 3.032772 2.584917 2.301009 2.126814 2.023321 1.963755 1.930525 1.912550 1.903116 1.898311 1.895933 1.894790 1.894255 1.894011 1.893899 1.893841 1.893798 1.893737 1.893624 1.893397 1.892947 1.892078 1.890447 1.887471 1.882204 1.873162 1.858121 1.833898 1.796166 1.739392 1.656996 1.541859 1.387277 1.188358 0.943695 0.656903 0.337423 0.000000 
50.000000 42.648306 35.558348 28.963934 23.047971 17.928194 13.653239 10.208446 7.528912 5.516353 4.056282 3.032772 2.339236 1.884789 1.596704 1.419948 1.314935 1.254494 1.220777 1.202538 1.192966 1.188090 1.185678 1.184518 1.183976 1.183728 1.183616 1.183562 1.183525 1.183481 1.183402 1.183245 1.182937 1.182343 1.181234 1.179219 1.175672 1.169618 1.159610 1.143604 1.118858 1.081927 1.028789 0.955207 0.857323 0.732499 0.580257 0.403080 0.206758 0.000000 
50.000000 42.578158 35.420554 28.763229 22.790837 17.622238 13.306530 9.828908 7.123849 5.092128 3.618161 2.584917 1.884789 1.426025 1.135205 0.956773 0.850765 0.789751 0.755715 0.737304 0.727642 0.722720 0.720285 0.719114 0.718567 0.718318 0.718206 0.718153 0.718122 0.718090 0.718037 0.717933 0.717730 0.717341 0.716616 0.715307 0.713012 0.709116 0.702713 0.692536 0.676907 0.653747 0.620673 0.575226 0.515234 0.439300 0.347314 0.240873 0.123422 0.000000 
50.000000 42.533683 35.333192 28.635982 22.627817 17.428268 13.086725 9.588295 6.867058 4.823193 3.340421 2.301009 1.596704 1.135205 0.842654 0.663160 0.556521 0.495145 0.460908 0.442387 0.432668 0.427717 0.425267 0.424090 0.423540 0.423289 0.423177 0.423127 0.423099 0.423076 0.423041 0.422974 0.422846 0.422601 0.422146 0.421327 0.419898 0.417484 0.413538 0.407299 0.397776 0.383753 0.363856 0.336695 0.301074 0.256264 0.202284 0.140109 0.071730 0.000000 
50.000000 42.506392 35.279583 28.557899 22.527784 17.309245 12.951852 9.440657 6.709496 4.658181 3.170009 2.126814 1.419948 0.956773 0.663160 0.483015 0.375990 0.314392 0.280031 0.261444 0.251689 0.246720 0.244262 0.243081 0.242528 0.242277 0.242166 0.242116 0.242091 0.242074 0.242051 0.242010 0.241931 0.241783 0.241507 0.241014 0.240157 0.238714 0.236367 0.232675 0.227070 0.218860 0.207278 0.191555 0.171049 0.145386 0.114613 0.079302 0.040571 0.000000 
50.000000 42.490176 35.247729 28.511503 22.468346 17.238524 12.871716 9.352937 6.615881 4.560141 3.068762 2.023321 1.314935 0.850765 0.556521 0.375990 0.268736 0.207007 0.172572 0.153945 0.144170 0.139190 0.136727 0.135543 0.134990 0.134738 0.134627 0.134578 0.134555 0.134541 0.134526 0.134502 0.134456 0.134368 0.134208 0.133921 0.133424 0.132592 0.131243 0.129131 0.125940 0.121288 0.114758 0.105936 0.094483 0.080213 0.063168 0.043669 0.022329 0.000000 
50.000000 42.480841 35.229392 28.484796 22.434132 17.197816 12.825588 9.302445 6.561997 4.503712 3.010488 1.963755 1.254494 0.789752 0.495146 0.314393 0.207007 0.145202 0.110725 0.092075 0.082288 0.077303 0.074836 0.073651 0.073097 0.072845 0.072734 0.072685 0.072664 0.072652 0.072642 0.072628 0.072601 0.072552 0.072461 0.072300 0.072022 0.071558 0.070808 0.069639 0.067880 0.065327 0.061757 0.056956 0.050748 0.043041 0.033864 0.023394 0.011956 0.000000 
50.000000 42.475632 35.219162 28.469896 22.415044 17.175105 12.799854 9.274277 6.531937 4.472232 2.977980 1.930526 1.220778 0.755716 0.460908 0.280032 0.172573 0.110725 0.076225 0.057563 0.047769 0.042780 0.040312 0.039126 0.038572 0.038320 0.038208 0.038160 0.038139 0.038129 0.038122 0.038114 0.038099 0.038072 0.038022 0.037935 0.037784 0.037533 0.037130 0.036503 0.035564 0.034205 0.032312 0.029776 0.026508 0.022463 0.017661 0.012193 0.006229 0.000000 
50.000000 42.472815 35.213627 28.461835 22.404717 17.162819 12.785933 9.259039 6.515676 4.455204 2.960395 1.912552 1.202540 0.737306 0.442389 0.261446 0.153947 0.092077 0.057564 0.038895 0.029097 0.024107 0.021638 0.020451 0.019897 0.019645 0.019533 0.019485 0.019465 0.019456 0.019450 0.019445 0.019437 0.019423 0.019397 0.019351 0.019272 0.019140 0.018930 0.018604 0.018117 0.017416 0.016442 0.015140 0.013469 0.011406 0.008961 0.006184 0.003158 0.000000 
50.000000 42.471336 35.210723 28.457605 22.399298 17.156372 12.778628 9.251044 6.507144 4.446269 2.951168 1.903121 1.192971 0.727647 0.432673 0.251694 0.144175 0.082293 0.047773 0.029101 0.019301 0.014309 0.011840 0.010653 0.010099 0.009847 0.009736 0.009688 0.009667 0.009659 0.009654 0.009651 0.009647 0.009639 0.009626 0.009602 0.009562 0.009496 0.009389 0.009225 0.008980 0.008628 0.008141 0.007492 0.006661 0.005637 0.004426 0.003053 0.001559 0.000000 
50.000000 42.470584 35.209245 28.455452 22.396541 17.153092 12.774911 9.246976 6.502803 4.441724 2.946475 1.898324 1.188103 0.722733 0.427730 0.246734 0.139204 0.077316 0.042793 0.024118 0.014318 0.009326 0.006856 0.005669 0.005115 0.004863 0.004751 0.004703 0.004683 0.004675 0.004671 0.004669 0.004666 0.004662 0.004656 0.004644 0.004624 0.004591 0.004539 0.004458 0.004338 0.004167 0.003929 0.003614 0.003211 0.002716 0.002132 0.001470 0.000750 0.000000 
50.000000 42.470214 35.208519 28.454394 22.395186 17.151479 12.773085 9.244976 6.500669 4.439489 2.944168 1.895966 1.185711 0.720318 0.425301 0.244295 0.136761 0.074870 0.040345 0.021669 0.011869 0.006876 0.004406 0.003220 0.002665 0.002413 0.002302 0.002254 0.002233 0.002225 0.002222 0.002220 0.002218 0.002217 0.002213 0.002208 0.002198 0.002182 0.002157 0.002118 0.002060 0.001978 0.001865 0.001714 0.001522 0.001287 0.001010 0.000696 0.000355 0.000000 
50.000000 42.470042 35.208181 28.453902 22.394555 17.150729 12.772235 9.244046 6.499677 4.438450 2.943095 1.894869 1.184598 0.719195 0.424171 0.243162 0.135624 0.073732 0.039207 0.020531 0.010730 0.005737 0.003267 0.002080 0.001526 0.001274 0.001163 0.001115 0.001094 0.001086 0.001083 0.001081 0.001080 0.001079 0.001078 0.001075 0.001070 0.001062 0.001050 0.001030 0.001002 0.000962 0.000906 0.000833 0.000739 0.000625 0.000490 0.000338 0.000172 0.000000 
50.000000 42.469975 35.208049 28.453711 22.394310 17.150438 12.771905 9.243684 6.499291 4.438046 2.942677 1.894442 1.184165 0.718758 0.423732 0.242721 0.135182 0.073290 0.038764 0.020088 0.010287 0.005294 0.002824 0.001637 0.001083 0.000831 0.000719 0.000671 0.000651 0.000643 0.000640 0.000638 0.000638 0.000637 0.000636 0.000634 0.000631 0.000626 0.000619 0.000608 0.000591 0.000567 0.000534 0.000490 0.000435 0.000368 0.000288 0.000199 0.000101 0.000000 
50.000000 42.469975 35.208049 28.453711 22.394310 17.150438 12.771905 9.243684 6.499291 4.438046 2.942677 1.894442 1.184165 0.718758 0.423732 0.242721 0.135182 0.073290 0.038764 0.020088 0.010287 0.005294 0.002824 0.001637 0.001083 0.000831 0.000719 0.000671 0.000651 0.000643 0.000640 0.000638 0.000638 0.000637 0.000636 0.000634 0.000631 0.000626 0.000619 0.000608 0.000591 0.000567 0.000534 0.000490 0.000435 0.000368 0.000288 0.000199 0.000101 0.000000 
50.000000 42.470042 35.208181 28.453902 22.394555 17.150729 12.772235 9.244046 6.499677 4.438450 2.943095 1.894869 1.184598 0.719195 0.424171 0.243162 0.135624 0.073732 0.039207 0.020531 0.010730 0.005737 0.003267 0.002080 0.001526 0.001274 0.001163 0.001115 0.001094 0.001086 0.001083 0.001081 0.001080 0.001079 0.001078 0.001075 0.001070 0.001062 0.001050 0.001030 0.001002 0.000962 0.000906 0.000833 0.000739 0.000625 0.000490 0.000338 0.000172 0.000000 
50.000000 42.470214 35.208519 28.454394 22.395186 17.151479 12.773085 9.244976 6.500669 4.439489 2.944168 1.895966 1.185711 0.720318 0.425301 0.244295 0.136761 0.074870 0.040345 0.021669 0.011869 0.006876 0.004406 0.003220 0.002665 0.002413 0.002302 0.002254 0.002233 0.002225 0.002222 0.002220 0.002218 0.002217 0.002213 0.002208 0.002198 0.002182 0.002157 0.002118 0.002060 0.001978 0.001865 0.001714 0.001522 0.001287 0.001010 0.000696 0.000355 0.000000 
50.000000 42.470584 35.209245 28.455452 22.396541 17.153092 12.774911 9.246976 6.502803 4.441724 2.946475 1.898324 1.188103 0.722733 0.427730 0.246734 0.139204 0.077316 0.042793 0.024118 0.014318 0.009326 0.006856 0.005669 0.005115 0.004863 0.004751 0.004703 0.004683 0.004675 0.004671 0.004669 0.004666 0.004662 0.004656 0.004644 0.004624 0.004591 0.004539 0.004458 0.004338 0.004167 0.003929 0.003614 0.003211 0.002716 0.002132 0.001470 0.000750 0.000000 
50.000000 42.471336 35.210723 28.457605 22.399298 17.156372 12.778628 9.251044 6.507144 4.446269 2.951168 1.903121 1.192971 0.727647 0.432673 0.251694 0.144175 0.082293 0.047773 0.029101 0.019301 0.014309 0.011840 0.010653 0.010099 0.009847 0.009736 0.009688 0.009667 0.009659 0.009654 0.009651 0.009647 0.009639 0.009626 0.009602 0.009562 0.009496 0.009389 0.009225 0.008980 0.008628 0.008141 0.007492 0.006661 0.005637 0.004426 0.003053 0.001559 0.000000 
50.000000 42.472815 35.213627 28.461835 22.404717 17.162819 12.785933 9.259039 6.515676 4.455204 2.960395 1.912552 1.202540 0.737306 0.442389 0.261446 0.153947 0.092077 0.057564 0.038895 0.029097 0.024107 0.021638 0.020451 0.019897 0.019645 0.019533 0.019485 0.019465 0.019456 0.019450 0.019445 0.019437 0.019423 0.019397 0.019351 0.019272 0.019140 0.018930 0.018604 0.018117 0.017416 0.016442 0.015140 0.013469 0.011406 0.008961 0.006184 0.003158 0.000000 
50.000000 42.475632 35.219162 28.469896 22.415044 17.175105 12.799854 9.274277 6.531937 4.472232 2.977980 1.930526 1.220778 0.755716 0.460908 0.280032 0.172573 0.110725 0.076225 0.057563 0.047769 0.042780 0.040312 0.039126 0.038572 0.038320 0.038208 0.038160 0.038139 0.038129 0.038122 0.038114 0.038099 0.038072 0.038022 0.037935 0.037784 0.037533 0.037130 0.036503 0.035564 0.034205 0.032312 0.029776 0.026508 0.022463 0.017661 0.012193 0.006229 0.000000 
50.000000 42.480841 35.229392 28.484796 22.434132 17.197816 12.825588 9.302445 6.561997 4.503712 3.010488 1.963755 1.254494 0.789752 0.495146 0.314393 0.207007 0.145202 0.110725 0.092075 0.082288 0.077303 0.074836 0.073651 0.073097 0.072845 0.072734 0.072685 0.072664 0.072652 0.072642 0.072628 0.072601 0.072552 0.072461 0.072300 0.072022 0.071558 0.070808 0.069639 0.067880 0.065327 0.061757 0.056956 0.050748 0.043041 0.033864 0.023394 0.011956 0.000000 
50.000000 42.490176 35.247729 28.511503 22.468346 17.238524 12.871716 9.352937 6.615881 4.560141 3.068762 2.023321 1.314935 0.850765 0.556521 0.375990 0.268736 0.207007 0.172572 0.153945 0.144170 0.139190 0.136727 0.135543 0.134990 0.134738 0.134627 0.134578 0.134555 0.134541 0.134526 0.134502 0.134456 0.134368 0.134208 0.133921 0.133424 0.132592 0.131243 0.129131 0.125940 0.121288 0.114758 0.105936 0.094483 0.080213 0.063168 0.043669 0.022329 0.000000 
50.000000 42.506392 35.279583 28.557899 22.527784 17.309245 12.951852 9.440657 6.709496 4.658181 3.170009 2.126814 1.419948 0.956773 0.663160 0.483015 0.375990 0.314392 0.280031 0.261444 0.251689 0.246720 0.244262 0.243081 0.242528 0.242277 0.242166 0.242116 0.242091 0.242074 0.242051 0.242010 0.241931 0.241783 0.241507 0.241014 0.240157 0.238714 0.236367 0.232675 0.227070 0.218860 0.207278 0.191555 0.171049 0.145386 0.114613 0.079302 0.040571 0.000000 
50.000000 42.533683 35.333192 28.635982 22.627817 17.428268 13.086725 9.588295 6.867058 4.823193 3.340421 2.301009 1.596704 1.135205 0.842654 0.663160 0.556521 0.495145 0.460908 0.442387 0.432668 0.427717 0.425267 0.424090 0.423540 0.423289 0.423177 0.423127 0.423099 0.423076 0.423041 0.422974 0.422846 0.422601 0.422146 0.421327 0.419898 0.417484 0.413538 0.407299 0.397776 0.383753 0.363856 0.336695 0.301074 0.256264 0.202284 0.140109 0.071730 0.000000 
50.000000 42.578158 35.420554 28.763229 22.790837 17.622238 13.306530 9.828908 7.123849 5.092128 3.618161 2.584917 1.884789 1.426025 1.135205 0.956773 0.850765 0.789751 0.755715 0.737304 0.727642 0.722720 0.720285 0.719114 0.718567 0.718318 0.718206 0.718153 0.718122 0.718090 0.718037 0.717933 0.717730 0.717341 0.716616 0.715307 0.713012 0.709116 0.702713 0.692536 0.676907 0.653747 0.620673 0.575226 0.515234 0.439300 0.347314 0.240873 0.123422 0.000000 
50.000000 42.648306 35.558348 28.963934 23.047971 17.928194 13.653239 10.208446 7.528912 5.516353 4.056282 3.032772 2.339236 1.884789 1.596704 1.419948 1.314935 1.254494 1.220777 1.202538 1.192966 1.188090 1.185678 1.184518 1.183976 1.183728 1.183616 1.183562 1.183525 1.183481 1.183402 1.183245 1.182937 1.182343 1.181234 1.179219 1.175672 1.169618 1.159610 1.143604 1.118858 1.081927 1.028789 0.955207 0.857323 0.732499 0.580257 0.403080 0.206758 0.000000 
50.000000 42.755346 35.768613 29.270198 23.440346 18.395076 14.182318 10.787629 8.147056 6.163748 4.724889 3.716242 3.032772 2.584917 2.301009 2.126814 2.023321 1.963755 1.930525 1.912550 1.903116 1.898311 1.895933 1.894790 1.894255 1.894011 1.893899 1.893841 1.893798 1.893737 1.893624 1.893397 1.892947 1.892078 1.890447 1.887471 1.882204 1.873162 1.858121 1.833898 1.796166 1.739392 1.656996 1.541859 1.387277 1.188358 0.943695 0.656903 0.337423 0.000000 
50.000000 42.913296 36.078884 29.722133 24.019353 19.084037 14.963072 11.642333 9.059265 7.119137 5.711592 4.724889 4.056282 3.618161 3.340421 3.170009 3.068762 3.010488 2.977979 2.960393 2.951163 2.946462 2.944136 2.943017 2.942494 2.942253 2.942142 2.942082 2.942029 2.941949 2.941792 2.941477 2.940849 2.939631 2.937334 2.933122 2.925625 2.912678 2.890991 2.855796 2.800509 2.716547 2.593465 2.419631 2.183647 1.876594 1.494933 1.043418 0.536942 0.000000 
50.000000 43.138594 36.521451 30.366772 24.845258 20.066792 16.076776 12.861537 10.360516 8.481997 7.119137 6.163748 5.516353 5.092128 4.823193 4.658181 4.560141 4.503712 4.472232 4.455202 4.446264 4.441711 4.439458 4.438375 4.437868 4.437634 4.437524 4.437460 4.437398 4.437294 4.437088 4.436670 4.435832 4.434202 4.431111 4.425416 4.415221 4.397495 4.367582 4.318628 4.240999 4.121862 3.945186 3.692504 3.344879 2.886335 2.308728 1.617192 0.834275 0.000000 
50.000000 43.449114 37.131429 31.255265 25.983595 21.421329 17.611817 14.542011 12.154097 10.360516 9.059265 8.147056 7.528912 7.123849 6.867058 6.709495 6.615880 6.561997 6.531936 6.515674 6.507139 6.502791 6.500640 6.499605 6.499120 6.498896 6.498788 6.498721 6.498648 6.498520 6.498262 6.497733 6.496670 6.494592 6.490635 6.483305 6.470102 6.446985 6.407663 6.342719 6.238654 6.077049 5.834180 5.481658 4.988810 4.327572 3.480306 2.449759 1.268188 0.000000 
50.000000 43.862506 37.943491 32.438120 27.499079 23.224660 19.655479 16.779315 14.542011 12.861537 11.642333 10.787629 10.208446 9.828908 9.588295 9.440657 9.352937 9.302445 9.274276 9.259037 9.251039 9.246964 9.244948 9.243978 9.243523 9.243312 9.243208 9.243140 9.243057 9.242907 9.242599 9.241965 9.240688 9.238179 9.233379 9.224439 9.208235 9.179657 9.130633 9.048868 8.916352 8.707831 8.389658 7.919760 7.249925 6.331986 5.129528 3.635431 1.891592 0.000000 
50.000000 44.393921 38.987396 33.958688 29.447259 25.542889 22.282681 19.655479 17.611817 16.076776 14.963072 14.182318 13.653239 13.306530 13.086725 12.951852 12.871716 12.825588 12.799854 12.785931 12.778624 12.774901 12.773059 12.772173 12.771756 12.771562 12.771465 12.771396 12.771307 12.771140 12.770794 12.770079 12.768633 12.765780 12.760297 12.750030 12.731304 12.698032 12.640459 12.543441 12.384272 12.130159 11.735719 11.141341 10.274042 9.053612 7.408104 5.302689 2.780770 0.000000 
50.000000 45.053359 40.282792 35.845588 31.864804 28.419657 25.542889 23.224660 21.421329 20.066792 19.084037 18.395076 17.928194 17.622238 17.428268 17.309245 17.238524 17.197816 17.175105 17.162817 17.156368 17.153082 17.151456 17.150674 17.150306 17.150134 17.150046 17.149980 17.149889 17.149715 17.149351 17.148598 17.147069 17.144041 17.138196 17.127194 17.107004 17.070871 17.007799 16.900390 16.721914 16.432519 15.974735 15.268848 14.209829 12.669680 10.512921 7.637938 4.056823 0.000000 
50.000000 45.843071 41.834103 38.105270 34.759979 31.864804 29.447259 27.499079 25.983595 24.845258 24.019353 23.440346 23.047971 22.790837 22.627817 22.527784 22.468346 22.434132 22.415043 22.404716 22.399295 22.396533 22.395166 22.394508 22.394199 22.394053 22.393977 22.393918 22.393832 22.393664 22.393312 22.392581 22.391092 22.388133 22.382398 22.371553 22.351538 22.315472 22.251988 22.142759 21.958922 21.656022 21.167094 20.393647 19.195124 17.379989 14.708742 10.935236 5.938860 0.000000 
50.000000 46.755554 43.626586 40.716255 38.105270 35.845588 33.958688 32.438120 31.255265 30.366772 29.722133 29.270198 28.963934 28.763229 28.635982 28.557899 28.511503 28.484796 28.469895 28.461834 28.457602 28.455446 28.454379 28.453866 28.453624 28.453510 28.453449 28.453400 28.453326 28.453181 28.452874 28.452236 28.450932 28.448336 28.443286 28.433698 28.415915 28.383677 28.326503 28.227200 28.058043 27.774958 27.308591 26.550584 25.332667 23.396527 20.358128 15.696574 8.886150 0.000000 
50.000000 47.772647 45.624569 43.626586 41.834103 40.282792 38.987396 37.943491 37.131429 36.521451 36.078884 35.768613 35.558348 35.420554 35.333192 35.279583 35.247729 35.229392 35.219162 35.213627 35.210721 35.209241 35.208508 35.208155 35.207989 35.207911 35.207868 35.207833 35.207779 35.207671 35.207444 35.206969 35.205998 35.204060 35.200281 35.193083 35.179681 35.155268 35.111710 35.035465 34.904259 34.681670 34.308060 33.684708 32.644854 30.898867 27.930012 22.812285 14.013775 0.000000 
50.000000 48.866146 47.772647 46.755554 45.843071 45.053359 44.393921 43.862506 43.449114 43.138594 42.913296 42.755346 42.648306 42.578158 42.533683 42.506392 42.490176 42.480841 42.475632 42.472814 42.471335 42.470582 42.470209 42.470029 42.469944 42.469904 42.469883 42.469864 42.469835 42.469778 42.469657 42.469403 42.468884 42.467847 42.465821 42.461954 42.454736 42.441547 42.417922 42.376354 42.304319 42.180925 41.970915 41.613151 40.996535 39.904212 37.869404 33.758871 24.433073 0.000000 
50.000000 50.000000 50.000000 50.000000 50.000000 50.000000 50.000000 50.000000 50.000000 50.000000 50.000000 50.000000 50.000000 50.000000 50.000000 50.000000 50.000000 50.000000 50.000000 50.000000 50.000000 50.000000 50.000000 50.000000 50.000000 50.000000 50.000000 50.000000 50.000000 50.000000 50.000000 50.000000 50.000000 50.000000 50.000000 50.000000 50.000000 50.000000 50.000000 50.000000 50.000000 50.000000 50.000000 50.000000 50.000000 50.000000 50.000000 50.000000 50.000000 50.000000 
