50.000000 50.000000 50.000000 50.000000 50.000000 50.000000 50.000000 50.000000 50.000000 50.000000 50.000000 50.000000 50.000000 50.000000 50.000000 50.000000 50.000000 50.000000 50.000000 50.000000 50.000000 50.000000 50.000000 50.000000 50.000000 50.000000 50.000000 50.000000 50.000000 50.000000 50.000000 50.000000 50.000000 50.000000 50.000000 50.000000 50.000000 50.000000 50.000000 50.000000 50.000000 50.000000 50.000000 50.000000 50.000000 50.000000 50.000000 50.000000 50.000000 50.000000 
50.000000 47.645115 45.464093 43.592375 42.102677 41.001677 40.244844 39.760073 39.470157 39.307925 39.222796 39.180814 39.161314 39.152765 39.149220 39.147826 39.147306 39.147122 39.147059 39.147039 39.147033 39.147031 39.147030 39.147030 39.147030 39.147030 39.147030 39.147030 39.147030 39.147030 39.147030 39.147029 39.147025 39.147014 39.146977 39.146867 39.146552 39.145684 39.143391 39.137586 39.123480 39.090515 39.016172 38.853476 38.504893 37.763566 36.165723 32.571230 23.822557 0.000000 
50.000000 45.464093 41.263094 37.657896 34.788561 32.667940 31.210243 30.276575 29.718211 29.405771 29.241826 29.160979 29.123429 29.106966 29.100140 29.097457 29.096456 29.096101 29.095980 29.095941 29.095929 29.095926 29.095925 29.095925 29.095925 29.095925 29.095925 29.095924 29.095924 29.095924 29.095924 29.095922 29.095916 29.095895 29.095831 29.095641 29.095094 29.093592 29.089645 29.079707 29.055739 29.000306 28.877127 28.613394 28.067116 26.966856 24.801244 20.631547 12.892863 0.000000 
50.000000 43.592375 37.657896 32.565135 28.511945 25.516456 23.457448 22.138682 21.350049 20.908779 20.677246 20.563076 20.510050 20.486805 20.477166 20.473378 20.471965 20.471463 20.471293 20.471239 20.471222 20.471217 20.471215 20.471215 20.471215 20.471215 20.471215 20.471215 20.471215 20.471215 20.471214 20.471212 20.471204 20.471180 20.471103 20.470876 20.470227 20.468453 20.463819 20.452247 20.424628 20.361627 20.224241 19.937661 19.365574 18.272997 16.282568 12.856652 7.426651 0.000000 
50.000000 42.102677 34.788561 28.511945 23.516675 19.825062 17.287656 15.662555 14.690780 14.147065 13.861797 13.721138 13.655814 13.627180 13.615308 13.610643 13.608902 13.608284 13.608075 13.608008 13.607987 13.607981 13.607979 13.607979 13.607978 13.607978 13.607978 13.607978 13.607978 13.607978 13.607977 13.607975 13.607968 13.607944 13.607870 13.607649 13.607021 13.605318 13.600899 13.589966 13.564175 13.506226 13.382314 13.130438 12.644613 11.758338 10.238948 7.821705 4.339111 0.000000 
50.000000 41.001677 32.667940 25.516456 19.825062 15.619136 12.728337 10.876988 9.769981 9.150638 8.825712 8.665509 8.591115 8.558507 8.544988 8.539676 8.537695 8.536991 8.536753 8.536676 8.536653 8.536646 8.536644 8.536643 8.536643 8.536643 8.536643 8.536643 8.536643 8.536643 8.536642 8.536640 8.536634 8.536614 8.536551 8.536366 8.535843 8.534433 8.530803 8.521906 8.501167 8.455259 8.358911 8.167638 7.809568 7.180450 6.150882 4.600824 2.496784 0.000000 
50.000000 40.244844 31.210243 23.457448 17.287656 12.728337 9.594762 7.588022 6.388159 5.716903 5.364762 5.191153 5.110538 5.075206 5.060559 5.054805 5.052658 5.051896 5.051638 5.051555 5.051530 5.051522 5.051520 5.051519 5.051519 5.051519 5.051519 5.051519 5.051519 5.051519 5.051518 5.051517 5.051512 5.051497 5.051450 5.051313 5.050927 5.049890 5.047245 5.040823 5.026021 4.993708 4.927033 4.797381 4.560698 4.157218 3.519787 2.596850 1.391368 0.000000 
50.000000 39.760073 30.276575 22.138682 15.662555 10.876988 7.588022 5.481848 4.222587 3.518133 3.148596 2.966420 2.881832 2.844761 2.829394 2.823357 2.821105 2.820306 2.820036 2.819949 2.819922 2.819914 2.819911 2.819911 2.819911 2.819911 2.819911 2.819911 2.819911 2.819910 2.819910 2.819909 2.819906 2.819896 2.819864 2.819772 2.819514 2.818828 2.817088 2.812901 2.803353 2.782768 2.740924 2.660989 2.518077 2.280241 1.914441 1.399448 0.743901 0.000000 
50.000000 39.470157 29.718211 21.350049 14.690780 9.769981 6.388159 4.222587 2.927854 2.203583 1.823666 1.636380 1.549424 1.511317 1.495522 1.489317 1.487002 1.486181 1.485903 1.485813 1.485785 1.485777 1.485775 1.485774 1.485774 1.485774 1.485774 1.485774 1.485774 1.485774 1.485774 1.485773 1.485771 1.485765 1.485746 1.485689 1.485533 1.485117 1.484072 1.481577 1.475942 1.463927 1.439819 1.394451 1.314722 1.184554 0.988422 0.717905 0.379642 0.000000 
50.000000 39.307925 29.405771 20.908779 14.147065 9.150638 5.716903 3.518133 2.203583 1.468246 1.082535 0.892399 0.804122 0.765437 0.749403 0.743105 0.740755 0.739921 0.739639 0.739548 0.739520 0.739512 0.739510 0.739509 0.739509 0.739509 0.739509 0.739509 0.739509 0.739509 0.739509 0.739508 0.739507 0.739504 0.739493 0.739461 0.739373 0.739142 0.738564 0.737193 0.734123 0.727641 0.714780 0.690881 0.649471 0.582890 0.484151 0.350031 0.184445 0.000000 
50.000000 39.222796 29.241826 20.677246 13.861797 8.825712 5.364762 3.148596 1.823666 1.082535 0.693792 0.502165 0.413198 0.374211 0.358053 0.351705 0.349337 0.348497 0.348213 0.348122 0.348093 0.348085 0.348083 0.348082 0.348082 0.348082 0.348082 0.348082 0.348082 0.348082 0.348082 0.348081 0.348081 0.348079 0.348073 0.348057 0.348011 0.347892 0.347595 0.346896 0.345342 0.342089 0.335695 0.323940 0.303806 0.271831 0.224999 0.162119 0.085210 0.000000 
50.000000 39.180814 29.160979 20.563076 13.721138 8.665509 5.191153 2.966420 1.636380 0.892399 0.502165 0.309805 0.220499 0.181365 0.165145 0.158773 0.156397 0.155553 0.155268 0.155176 0.155148 0.155139 0.155137 0.155136 0.155136 0.155136 0.155136 0.155136 0.155136 0.155136 0.155136 0.155136 0.155136 0.155135 0.155132 0.155124 0.155102 0.155045 0.154903 0.154570 0.153835 0.152308 0.149331 0.143908 0.134706 0.120239 0.099256 0.071335 0.037423 0.000000 
50.000000 39.161314 29.123429 20.510050 13.655814 8.591115 5.110538 2.881832 1.549424 0.804122 0.413198 0.220499 0.131036 0.091833 0.075585 0.069203 0.066822 0.065977 0.065692 0.065600 0.065571 0.065563 0.065560 0.065560 0.065559 0.065559 0.065559 0.065559 0.065559 0.065559 0.065559 0.065559 0.065559 0.065559 0.065558 0.065554 0.065544 0.065518 0.065454 0.065306 0.064980 0.064307 0.063004 0.060648 0.056682 0.050497 0.041597 0.029837 0.015631 0.000000 
50.000000 39.152765 29.106966 20.486805 13.627180 8.558507 5.075206 2.844761 1.511317 0.765437 0.374211 0.181365 0.091833 0.052601 0.036340 0.029953 0.027571 0.026725 0.026439 0.026347 0.026319 0.026310 0.026308 0.026307 0.026307 0.026307 0.026307 0.026307 0.026307 0.026307 0.026307 0.026307 0.026307 0.026307 0.026306 0.026305 0.026300 0.026289 0.026263 0.026200 0.026064 0.025785 0.025246 0.024280 0.022663 0.020159 0.016578 0.011873 0.006213 0.000000 
50.000000 39.149220 29.100140 20.477166 13.615308 8.544988 5.060559 2.829394 1.495522 0.749403 0.358053 0.165145 0.075585 0.036340 0.020074 0.013685 0.011302 0.010457 0.010171 0.010078 0.010050 0.010041 0.010039 0.010038 0.010038 0.010038 0.010038 0.010038 0.010038 0.010038 0.010038 0.010038 0.010038 0.010038 0.010038 0.010037 0.010036 0.010031 0.010020 0.009996 0.009942 0.009832 0.009622 0.009246 0.008622 0.007659 0.006290 0.004499 0.002352 0.000000 
50.000000 39.147826 29.097457 20.473378 13.610643 8.539676 5.054805 2.823357 1.489317 0.743105 0.351705 0.158773 0.069203 0.029953 0.013685 0.007295 0.004912 0.004066 0.003780 0.003688 0.003659 0.003651 0.003649 0.003648 0.003648 0.003648 0.003648 0.003648 0.003648 0.003648 0.003648 0.003648 0.003648 0.003648 0.003648 0.003647 0.003647 0.003645 0.003641 0.003632 0.003612 0.003571 0.003493 0.003354 0.003125 0.002773 0.002275 0.001626 0.000849 0.000000 
50.000000 39.147306 29.096456 20.471965 13.608902 8.537695 5.052658 2.821105 1.487002 0.740755 0.349337 0.156397 0.066822 0.027571 0.011302 0.004912 0.002528 0.001683 0.001397 0.001304 0.001276 0.001267 0.001265 0.001264 0.001264 0.001264 0.001264 0.001264 0.001264 0.001264 0.001264 0.001264 0.001264 0.001264 0.001264 0.001264 0.001264 0.001263 0.001262 0.001259 0.001251 0.001237 0.001210 0.001161 0.001081 0.000958 0.000785 0.000561 0.000293 0.000000 
50.000000 39.147122 29.096101 20.471463 13.608284 8.536991 5.051896 2.820306 1.486181 0.739921 0.348497 0.155553 0.065977 0.026725 0.010457 0.004066 0.001683 0.000837 0.000551 0.000459 0.000430 0.000422 0.000419 0.000419 0.000419 0.000418 0.000418 0.000418 0.000418 0.000418 0.000418 0.000418 0.000418 0.000418 0.000418 0.000418 0.000418 0.000418 0.000418 0.000417 0.000414 0.000409 0.000400 0.000384 0.000357 0.000316 0.000259 0.000185 0.000097 0.000000 
50.000000 39.147059 29.095980 20.471293 13.608075 8.536753 5.051638 2.820036 1.485903 0.739639 0.348213 0.155268 0.065692 0.026439 0.010171 0.003780 0.001397 0.000551 0.000265 0.000173 0.000144 0.000136 0.000133 0.000133 0.000133 0.000132 0.000132 0.000132 0.000132 0.000132 0.000132 0.000132 0.000132 0.000132 0.000132 0.000132 0.000132 0.000132 0.000132 0.000132 0.000131 0.000130 0.000127 0.000121 0.000113 0.000100 0.000082 0.000058 0.000030 0.000000 
50.000000 39.147039 29.095941 20.471239 13.608008 8.536676 5.051555 2.819949 1.485813 0.739548 0.348122 0.155176 0.065600 0.026347 0.010078 0.003688 0.001304 0.000459 0.000173 0.000080 0.000052 0.000043 0.000041 0.000040 0.000040 0.000040 0.000040 0.000040 0.000040 0.000040 0.000040 0.000040 0.000040 0.000040 0.000040 0.000040 0.000040 0.000040 0.000040 0.000040 0.000040 0.000039 0.000038 0.000037 0.000034 0.000030 0.000025 0.000018 0.000009 0.000000 
50.000000 39.147033 29.095929 20.471222 13.607987 8.536653 5.051530 2.819922 1.485785 0.739520 0.348093 0.155148 0.065571 0.026319 0.010050 0.003659 0.001276 0.000430 0.000144 0.000052 0.000023 0.000015 0.000013 0.000012 0.000012 0.000012 0.000012 0.000012 0.000012 0.000012 0.000012 0.000012 0.000012 0.000012 0.000012 0.000012 0.000012 0.000012 0.000012 0.000012 0.000012 0.000011 0.000011 0.000011 0.000010 0.000009 0.000007 0.000005 0.000003 0.000000 
50.000000 39.147031 29.095926 20.471217 13.607981 8.536646 5.051522 2.819914 1.485777 0.739512 0.348085 0.155139 0.065563 0.026310 0.010041 0.003651 0.001267 0.000422 0.000136 0.000043 0.000015 0.000007 0.000004 0.000003 0.000003 0.000003 0.000003 0.000003 0.000003 0.000003 0.000003 0.000003 0.000003 0.000003 0.000003 0.000003 0.000003 0.000003 0.000003 0.000003 0.000003 0.000003 0.000003 0.000003 0.000003 0.000002 0.000002 0.000001 0.000001 0.000000 
50.000000 39.147030 29.095925 20.471215 13.607979 8.536644 5.051520 2.819911 1.485775 0.739510 0.348083 0.155137 0.065560 0.026308 0.010039 0.003649 0.001265 0.000419 0.000133 0.000041 0.000013 0.000004 0.000002 0.000001 0.000001 0.000001 0.000001 0.000001 0.000001 0.000001 0.000001 0.000001 0.000001 0.000001 0.000001 0.000001 0.000001 0.000001 0.000001 0.000001 0.000001 0.000001 0.000001 0.000001 0.000001 0.000001 0.000001 0.000000 0.000000 0.000000 
50.000000 39.147030 29.095925 20.471215 13.607979 8.536643 5.051519 2.819911 1.485774 0.739509 0.348082 0.155136 0.065560 0.026307 0.010038 0.003648 0.001264 0.000419 0.000133 0.000040 0.000012 0.000003 0.000001 0.000000 0.000000 0.000000 0.000000 0.000000 0.000000 0.000000 0.000000 0.000000 0.000000 0.000000 0.000000 0.000000 0.000000 0.000000 0.000000 0.000000 0.000000 0.000000 0.000000 0.000000 0.000000 0.000000 0.000000 0.000000 0.000000 0.000000 
50.000000 39.147030 29.095925 20.471215 13.607978 8.536643 5.051519 2.819911 1.485774 0.739509 0.348082 0.155136 0.065560 0.026307 0.010038 0.003648 0.001264 0.000419 0.000133 0.000040 0.000012 0.000003 0.000001 0.000000 0.000000 0.000000 0.000000 0.000000 0.000000 0.000000 0.000000 0.000000 0.000000 0.000000 0.000000 0.000000 0.000000 0.000000 0.000000 0.000000 0.000000 0.000000 0.000000 0.000000 0.000000 0.000000 0.000000 0.000000 0.000000 0.000000 
50.000000 39.147030 29.095925 20.471215 13.607978 8.536643 5.051519 2.819911 1.485774 0.739509 0.348082 0.155136 0.065560 0.026307 0.010038 0.003648 0.001264 0.000419 0.000133 0.000040 0.000012 0.000003 0.000001 0.000000 0.000000 0.000000 0.000000 0.000000 0.000000 0.000000 0.000000 0.000000 0.000000 0.000000 0.000000 0.000000 0.000000 0.000000 0.000000 0.000000 0.000000 0.000000 0.000000 0.000000 0.000000 0.000000 0.000000 0.000000 0.000000 0.000000 
50.000000 39.147030 29.095925 20.471215 13.607979 8.536643 5.051519 2.819911 1.485774 0.739509 0.348082 0.155136 0.065560 0.026307 0.010038 0.003648 0.001264 0.000419 0.000133 0.000040 0.000012 0.000003 0.000001 0.000000 0.000000 0.000000 0.000000 0.000000 0.000000 0.000000 0.000000 0.000000 0.000000 0.000000 0.000000 0.000000 0.000000 0.000000 0.000000 0.000000 0.000000 0.000000 0.000000 0.000000 0.000000 0.000000 0.000000 0.000000 0.000000 0.000000 
50.000000 39.147030 29.095925 20.471215 13.607979 8.536644 5.051520 2.819911 1.485775 0.739510 0.348083 0.155137 0.065560 0.026308 0.010039 0.003649 0.001265 0.000419 0.000133 0.000041 0.000013 0.000004 0.000002 0.000001 0.000001 0.000001 0.000001 0.000001 0.000001 0.000001 0.000001 0.000001 0.000001 0.000001 0.000001 0.000001 0.000001 0.000001 0.000001 0.000001 0.000001 0.000001 0.000001 0.000001 0.000001 0.000001 0.000001 0.000000 0.000000 0.000000 
50.000000 39.147031 29.095926 20.471217 13.607981 8.536646 5.051522 2.819914 1.485777 0.739512 0.348085 0.155139 0.065563 0.026310 0.010041 0.003651 0.001267 0.000422 0.000136 0.000043 0.000015 0.000007 0.000004 0.000003 0.000003 0.000003 0.000003 0.000003 0.000003 0.000003 0.000003 0.000003 0.000003 0.000003 0.000003 0.000003 0.000003 0.000003 0.000003 0.000003 0.000003 0.000003 0.000003 0.000003 0.000003 0.000002 0.000002 0.000001 0.000001 0.000000 
50.000000 39.147033 29.095929 20.471222 13.607987 8.536653 5.051530 2.819922 1.485785 0.739520 0.348093 0.155148 0.065571 0.026319 0.010050 0.003659 0.001276 0.000430 0.000144 0.000052 0.000023 0.000015 0.000013 0.000012 0.000012 0.000012 0.000012 0.000012 0.000012 0.000012 0.000012 0.000012 0.000012 0.000012 0.000012 0.000012 0.000012 0.000012 0.000012 0.000012 0.000012 0.000011 0.000011 0.000011 0.000010 0.000009 0.000007 0.000005 0.000003 0.000000 
50.000000 39.147039 29.095941 20.471239 13.608008 8.536676 5.051555 2.819949 1.485813 0.739548 0.348122 0.155176 0.065600 0.026347 0.010078 0.003688 0.001304 0.000459 0.000173 0.000080 0.000052 0.000043 0.000041 0.000040 0.000040 0.000040 0.000040 0.000040 0.000040 0.000040 0.000040 0.000040 0.000040 0.000040 0.000040 0.000040 0.000040 0.000040 0.000040 0.000040 0.000040 0.000039 0.000038 0.000037 0.000034 0.000030 0.000025 0.000018 0.000009 0.000000 
50.000000 39.147059 29.095980 20.471293 13.608075 8.536753 5.051638 2.820036 1.485903 0.739639 0.348213 0.155268 0.065692 0.026439 0.010171 0.003780 0.001397 0.000551 0.000265 0.000173 0.000144 0.000136 0.000133 0.000133 0.000133 0.000132 0.000132 0.000132 0.000132 0.000132 0.000132 0.000132 0.000132 0.000132 0.000132 0.000132 0.000132 0.000132 0.000132 0.000132 0.000131 0.000130 0.000127 0.000121 0.000113 0.000100 0.000082 0.000058 0.000030 0.000000 
50.000000 39.147122 29.096101 20.471463 13.608284 8.536991 5.051896 2.820306 1.486181 0.739921 0.348497 0.155553 0.065977 0.026725 0.010457 0.004066 0.001683 0.000837 0.000551 0.000459 0.000430 0.000422 0.000419 0.000419 0.000419 0.000418 0.000418 0.000418 0.000418 0.000418 0.000418 0.000418 0.000418 0.000418 0.000418 0.000418 0.000418 0.000418 0.000418 0.000417 0.000414 0.000409 0.000400 0.000384 0.000357 0.000316 0.000259 0.000185 0.000097 0.000000 
50.000000 39.147306 29.096456 20.471965 13.608902 8.537695 5.052658 2.821105 1.487002 0.740755 0.349337 0.156397 0.066822 0.027571 0.011302 0.004912 0.002528 0.001683 0.001397 0.001304 0.001276 0.001267 0.001265 0.001264 0.001264 0.001264 0.001264 0.001264 0.001264 0.001264 0.001264 0.001264 0.001264 0.001264 0.001264 0.001264 0.001264 0.001263 0.001262 0.001259 0.001251 0.001237 0.001210 0.001161 0.001081 0.000958 0.000785 0.000561 0.000293 0.000000 
50.000000 39.147826 29.097457 20.473378 13.610643 8.539676 5.054805 2.823357 1.489317 0.743105 0.351705 0.158773 0.069203 0.029953 0.013685 0.007295 0.004912 0.004066 0.003780 0.003688 0.003659 0.003651 0.003649 0.003648 0.003648 0.003648 0.003648 0.003648 0.003648 0.003648 0.003648 0.003648 0.003648 0.003648 0.003648 0.003647 0.003647 0.003645 0.003641 0.003632 0.003612 0.003571 0.003493 0.003354 0.003125 0.002773 0.002275 0.001626 0.000849 0.000000 
50.000000 39.149220 29.100140 20.477166 13.615308 8.544988 5.060559 2.829394 1.495522 0.749403 0.358053 0.165145 0.075585 0.036340 0.020074 0.013685 0.011302 0.010457 0.010171 0.010078 0.010050 0.010041 0.010039 0.010038 0.010038 0.010038 0.010038 0.010038 0.010038 0.010038 0.010038 0.010038 0.010038 0.010038 0.010038 0.010037 0.010036 0.010031 0.010020 0.009996 0.009942 0.009832 0.009622 0.009246 0.008622 0.007659 0.006290 0.004499 0.002352 0.000000 
50.000000 39.152765 29.106966 20.486805 13.627180 8.558507 5.075206 2.844761 1.511317 0.765437 0.374211 0.181365 0.091833 0.052601 0.036340 0.029953 0.027571 0.026725 0.026439 0.026347 0.026319 0.026310 0.026308 0.026307 0.026307 0.026307 0.026307 0.026307 0.026307 0.026307 0.026307 0.026307 0.026307 0.026307 0.026306 0.026305 0.026300 0.026289 0.026263 0.026200 0.026064 0.025785 0.025246 0.024280 0.022663 0.020159 0.016578 0.011873 0.006213 0.000000 
50.000000 39.161314 29.123429 20.510050 13.655814 8.591115 5.110538 2.881832 1.549424 0.804122 0.413198 0.220499 0.131036 0.091833 0.075585 0.069203 0.066822 0.065977 0.065692 0.065600 0.065571 0.065563 0.065560 0.065560 0.065559 0.065559 0.065559 0.065559 0.065559 0.065559 0.065559 0.065559 0.065559 0.065559 0.065558 0.065554 0.065544 0.065518 0.065454 0.065306 0.064980 0.064307 0.063004 0.060648 0.056682 0.050497 0.041597 0.029837 0.015631 0.000000 
50.000000 39.180814 29.160979 20.563076 13.721138 8.665509 5.191153 2.966420 1.636380 0.892399 0.502165 0.309805 0.220499 0.181365 0.165145 0.158773 0.156397 0.155553 0.155268 0.155176 0.155148 0.155139 0.155137 0.155136 0.155136 0.155136 0.155136 0.155136 0.155136 0.155136 0.155136 0.155136 0.155136 0.155135 0.155132 0.155124 0.155102 0.155045 0.154903 0.154570 0.153835 0.152308 0.149331 0.143908 0.134706 0.120239 0.099256 0.071335 0.037423 0.000000 
50.000000 39.222796 29.241826 20.677246 13.861797 8.825712 5.364762 3.148596 1.823666 1.082535 0.693792 0.502165 0.413198 0.374211 0.358053 0.351705 0.349337 0.348497 0.348213 0.348122 0.348093 0.348085 0.348083 0.348082 0.348082 0.348082 0.348082 0.348082 0.348082 0.348082 0.348082 0.348081 0.348081 0.348079 0.348073 0.348057 0.348011 0.347892 0.347595 0.346896 0.345342 0.342089 0.335695 0.323940 0.303806 0.271831 0.224999 0.162119 0.085210 0.000000 
50.000000 39.307925 29.405771 20.908779 14.147065 9.150638 5.716903 3.518133 2.203583 1.468246 1.082535 0.892399 0.804122 0.765437 0.749403 0.743105 0.740755 0.739921 0.739639 0.739548 0.739520 0.739512 0.739510 0.739509 0.739509 0.739509 0.739509 0.739509 0.739509 0.739509 0.739509 0.739508 0.739507 0.739504 0.739493 0.739461 0.739373 0.739142 0.738564 0.737193 0.734123 0.727641 0.714780 0.690881 0.649471 0.582890 0.484151 0.350031 0.184445 0.000000 
50.000000 39.470157 29.718211 21.350049 14.690780 9.769981 6.388159 4.222587 2.927854 2.203583 1.823666 1.636380 1.549424 1.511317 1.495522 1.489317 1.487002 1.486181 1.485903 1.485813 1.485785 1.485777 1.485775 1.485774 1.485774 1.485774 1.485774 1.485774 1.485774 1.485774 1.485774 1.485773 1.485771 1.485765 1.485746 1.485689 1.485533 1.485117 1.484072 1.481577 1.475942 1.463927 1.439819 1.394451 1.314722 1.184554 0.988422 0.717905 0.379642 0.000000 
50.000000 39.760073 30.276575 22.138682 15.662555 10.876988 7.588022 5.481848 4.222587 3.518133 3.148596 2.966420 2.881832 2.844761 2.829394 2.823357 2.821105 2.820306 2.820036 2.819949 2.819922 2.819914 2.819911 2.819911 2.819911 2.819911 2.819911 2.819911 2.819911 2.819910 2.819910 2.819909 2.819906 2.819896 2.819864 2.819772 2.819514 2.818828 2.817088 2.812901 2.803353 2.782768 2.740924 2.660989 2.518077 2.280241 1.914441 1.399448 0.743901 0.000000 
50.000000 40.244844 31.210243 23.457448 17.287656 12.728337 9.594762 7.588022 6.388159 5.716903 5.364762 5.191153 5.110538 5.075206 5.060559 5.054805 5.052658 5.051896 5.051638 5.051555 5.051530 5.051522 5.051520 5.051519 5.051519 5.051519 5.051519 5.051519 5.051519 5.051519 5.051518 5.051517 5.051512 5.051497 5.051450 5.051313 5.050927 5.049890 5.047245 5.040823 5.026021 4.993708 4.927033 4.797381 4.560698 4.157218 3.519787 2.596850 1.391368 0.000000 
50.000000 41.001677 32.667940 25.516456 19.825062 15.619136 12.728337 10.876988 9.769981 9.150638 8.825712 8.665509 8.591115 8.558507 8.544988 8.539676 8.537695 8.536991 8.536753 8.536676 8.536653 8.536646 8.536644 8.536643 8.536643 8.536643 8.536643 8.536643 8.536643 8.536643 8.536642 8.536640 8.536634 8.536614 8.536551 8.536366 8.535843 8.534433 8.530803 8.521906 8.501167 8.455259 8.358911 8.167638 7.809568 7.180450 6.150882 4.600824 2.496784 0.000000 
50.000000 42.102677 34.788561 28.511945 23.516675 19.825062 17.287656 15.662555 14.690780 14.147065 13.861797 13.721138 13.655814 13.627180 13.615308 13.610643 13.608902 13.608284 13.608075 13.608008 13.607987 13.607981 13.607979 13.607979 13.607978 13.607978 13.607978 13.607978 13.607978 13.607978 13.607977 13.607975 13.607968 13.607944 13.607870 13.607649 13.607021 13.605318 13.600899 13.589966 13.564175 13.506226 13.382314 13.130438 12.644613 11.758338 10.238948 7.821705 4.339111 0.000000 
50.000000 43.592375 37.657896 32.565135 28.511945 25.516456 23.457448 22.138682 21.350049 20.908779 20.677246 20.563076 20.510050 20.486805 20.477166 20.473378 20.471965 20.471463 20.471293 20.471239 20.471222 20.471217 20.471215 20.471215 20.471215 20.471215 20.471215 20.471215 20.471215 20.471215 20.471214 20.471212 20.471204 20.471180 20.471103 20.470876 20.470227 20.468453 20.463819 20.452247 20.424628 20.361627 20.224241 19.937661 19.365574 18.272997 16.282568 12.856652 7.426651 0.000000 
50.000000 45.464093 41.263094 37.657896 34.788561 32.667940 31.210243 30.276575 29.718211 29.405771 29.241826 29.160979 29.123429 29.106966 29.100140 29.097457 29.096456 29.096101 29.095980 29.095941 29.095929 29.095926 29.095925 29.095925 29.095925 29.095925 29.095925 29.095924 29.095924 29.095924 29.095924 29.095922 29.095916 29.095895 29.095831 29.095641 29.095094 29.093592 29.089645 29.079707 29.055739 29.000306 28.877127 28.613394 28.067116 26.966856 24.801244 20.631547 12.892863 0.000000 
50.000000 47.645115 45.464093 43.592375 42.102677 41.001677 40.244844 39.760073 39.470157 39.307925 39.222796 39.180814 39.161314 39.152765 39.149220 39.147826 39.147306 39.147122 39.147059 39.147039 39.147033 39.147031 39.147030 39.147030 39.147030 39.147030 39.147030 39.147030 39.147030 39.147030 39.147030 39.147029 39.147025 39.147014 39.146977 39.146867 39.146552 39.145684 39.143391 39.137586 39.123480 39.090515 39.016172 38.853476 38.504893 37.763566 36.165723 32.571230 23.822557 0.000000 
50.000000 50.000000 50.000000 50.000000 50.000000 50.000000 50.000000 50.000000 50.000000 50.000000 50.000000 50.000000 50.000000 50.000000 50.000000 50.000000 50.000000 50.000000 50.000000 50.000000 50.000000 50.000000 50.000000 50.000000 50.000000 50.000000 50.000000 50.000000 50.000000 50.000000 50.000000 50.000000 50.000000 50.000000 50.000000 50.000000 50.000000 50.000000 50.000000 50.000000 50.000000 50.000000 50.000000 50.000000 50.000000 50.000000 50.000000 50.000000 50.000000 50.000000 
