50.000000 50.000000 50.000000 50.000000 50.000000 50.000000 50.000000 50.000000 50.000000 50.000000 50.000000 50.000000 50.000000 50.000000 50.000000 50.000000 50.000000 50.000000 50.000000 50.000000 50.000000 50.000000 50.000000 50.000000 50.000000 50.000000 50.000000 50.000000 50.000000 50.000000 50.000000 50.000000 50.000000 50.000000 50.000000 50.000000 50.000000 50.000000 50.000000 50.000000 50.000000 50.000000 50.000000 50.000000 50.000000 50.000000 50.000000 50.000000 50.000000 50.000000 
50.000000 48.645139 47.347888 46.158515 45.114165 44.235727 43.527704 42.980665 42.575329 42.287157 42.090476 41.961532 41.880280 41.831036 41.802313 41.786177 41.777442 41.772881 41.770582 41.769464 41.768938 41.768698 41.768593 41.768548 41.768529 41.768522 41.768518 41.768514 41.768508 41.768492 41.768455 41.768368 41.768170 41.767734 41.766798 41.764841 41.760862 41.752979 41.737745 41.708985 41.655804 41.559165 41.385724 41.076092 40.520441 39.502403 37.554645 33.542179 24.322570 0.000000 
50.000000 47.347888 44.808547 42.480380 40.436096 38.716586 37.330663 36.259862 35.466444 34.902369 34.517384 34.264989 34.105947 34.009559 33.953338 33.921756 33.904658 33.895731 33.891232 33.889043 33.888013 33.887544 33.887338 33.887250 33.887214 33.887198 33.887191 33.887184 33.887172 33.887143 33.887074 33.886913 33.886548 33.885743 33.884017 33.880417 33.873116 33.858696 33.830942 33.778820 33.683123 33.510918 33.206173 32.673456 31.748399 30.142294 27.337348 22.404274 13.805709 0.000000 
50.000000 46.158515 42.480380 39.108130 36.147084 33.656470 31.649050 30.098077 28.948880 28.131877 27.574271 27.208711 26.978362 26.838761 26.757336 26.711596 26.686834 26.673905 26.667390 26.664220 26.662728 26.662050 26.661751 26.661624 26.661571 26.661549 26.661539 26.661529 26.661513 26.661474 26.661383 26.661171 26.660690 26.659632 26.657370 26.652669 26.643168 26.624494 26.588773 26.522209 26.401244 26.186531 25.813613 25.178587 24.116433 22.370081 19.554065 15.143032 8.603870 0.000000 
50.000000 45.114165 40.436096 36.147084 32.381084 29.213421 26.660325 24.687771 23.226218 22.187164 21.478018 21.013117 20.720176 20.542645 20.439098 20.380933 20.349444 20.333004 20.324719 20.320688 20.318792 20.317929 20.317550 20.317388 20.317320 20.317293 20.317279 20.317269 20.317250 20.317207 20.317105 20.316868 20.316333 20.315160 20.312660 20.307483 20.297074 20.276739 20.238129 20.166861 20.038893 19.815250 19.434641 18.803733 17.785732 16.190542 13.777004 10.293803 5.611762 0.000000 
50.000000 44.235727 38.716586 33.656470 29.213421 25.476307 22.464268 20.137156 18.412918 17.187132 16.350556 15.802125 15.456558 15.247137 15.124993 15.056383 15.019240 14.999849 14.990078 14.985323 14.983086 14.982069 14.981621 14.981430 14.981351 14.981319 14.981304 14.981292 14.981273 14.981230 14.981128 14.980893 14.980362 14.979202 14.976739 14.971663 14.961515 14.941824 14.904747 14.837003 14.716896 14.510298 14.165658 13.608643 12.738153 11.427689 9.540037 6.968187 3.715287 0.000000 
50.000000 43.527704 37.330663 31.649050 26.660325 22.464268 19.082366 16.469527 14.533610 13.157360 12.218112 11.602384 11.214421 10.979312 10.842189 10.765167 10.723472 10.701704 10.690736 10.685398 10.682888 10.681747 10.681244 10.681030 10.680941 10.680904 10.680888 10.680877 10.680859 10.680819 10.680726 10.680512 10.680030 10.678981 10.676764 10.672218 10.663183 10.645777 10.613284 10.554526 10.451652 10.277381 9.992034 9.541183 8.855625 7.856591 6.470463 4.657207 2.451613 0.000000 
50.000000 42.980665 36.259862 30.098077 24.687771 20.137156 16.469527 13.635970 11.536547 10.044084 9.025541 8.357844 7.937144 7.682202 7.533515 7.450000 7.404791 7.381189 7.369297 7.363511 7.360789 7.359551 7.359007 7.358774 7.358678 7.358639 7.358622 7.358611 7.358595 7.358561 7.358483 7.358301 7.357896 7.357017 7.355166 7.351392 7.343937 7.329678 7.303285 7.256038 7.174301 7.037787 6.817985 6.477493 5.971498 5.253130 4.284464 3.053689 1.594941 0.000000 
50.000000 42.575329 35.466444 28.948880 23.226218 18.412918 14.533610 11.536547 9.316010 7.737470 6.660201 5.954019 5.509079 5.239454 5.082207 4.993885 4.946076 4.921117 4.908541 4.902422 4.899545 4.898236 4.897660 4.897414 4.897312 4.897271 4.897254 4.897243 4.897231 4.897203 4.897141 4.896998 4.896679 4.895989 4.894543 4.891612 4.885856 4.874924 4.854855 4.819270 4.758388 4.658005 4.498761 4.256229 3.902619 3.410968 2.762349 1.955526 1.016164 0.000000 
50.000000 42.287157 34.902369 28.131877 22.187164 17.187132 13.157360 10.044084 7.737470 6.097760 4.978763 4.245239 3.783079 3.503024 3.339697 3.247963 3.198307 3.172385 3.159325 3.152970 3.149981 3.148622 3.148024 3.147769 3.147663 3.147621 3.147603 3.147594 3.147583 3.147563 3.147516 3.147409 3.147173 3.146663 3.145600 3.143456 3.139269 3.131372 3.116986 3.091703 3.048880 2.979082 2.869783 2.705708 2.470235 2.148271 1.730633 1.219247 0.631353 0.000000 
50.000000 42.090476 34.517384 27.574271 21.478018 16.350556 12.218112 9.025541 6.660201 4.978763 3.831303 3.079131 2.605228 2.318062 2.150591 2.056531 2.005617 1.979038 1.965648 1.959132 1.956068 1.954675 1.954061 1.953800 1.953692 1.953648 1.953630 1.953622 1.953614 1.953599 1.953566 1.953491 1.953325 1.952969 1.952229 1.950744 1.947862 1.942459 1.932687 1.915652 1.887061 1.840931 1.769504 1.663586 1.513553 1.311157 1.052062 0.738564 0.381492 0.000000 
50.000000 41.961532 34.264989 27.208711 21.013117 15.802125 11.602384 8.357844 5.954019 4.245239 3.079131 2.314743 1.833149 1.541326 1.371141 1.275558 1.223821 1.196813 1.183206 1.176585 1.173472 1.172056 1.171433 1.171167 1.171057 1.171013 1.170995 1.170987 1.170981 1.170971 1.170949 1.170899 1.170788 1.170551 1.170063 1.169086 1.167200 1.163686 1.157371 1.146444 1.128253 1.099164 1.054560 0.989101 0.897378 0.774988 0.619938 0.434047 0.223787 0.000000 
50.000000 41.880280 34.105947 26.978362 20.720176 15.456558 11.214421 7.937144 5.509079 3.783079 2.605228 1.833149 1.346714 1.051960 0.880068 0.783527 0.731271 0.703993 0.690250 0.683563 0.680419 0.678989 0.678360 0.678092 0.677981 0.677936 0.677919 0.677911 0.677906 0.677899 0.677885 0.677853 0.677783 0.677633 0.677326 0.676714 0.675537 0.673357 0.669463 0.662770 0.651707 0.634155 0.607466 0.568644 0.514733 0.443438 0.353868 0.247251 0.127301 0.000000 
50.000000 41.831036 34.009559 26.838761 20.542645 15.247137 10.979312 7.682202 5.239454 3.503024 2.318062 1.541326 1.051960 0.755432 0.582507 0.485386 0.432817 0.405375 0.391550 0.384824 0.381661 0.380222 0.379589 0.379319 0.379208 0.379163 0.379145 0.379138 0.379134 0.379130 0.379121 0.379102 0.379059 0.378969 0.378784 0.378417 0.377716 0.376423 0.374126 0.370201 0.363755 0.353598 0.338265 0.316129 0.285621 0.245571 0.195593 0.136443 0.070174 0.000000 
50.000000 41.802313 33.953338 26.757336 20.439098 15.124993 10.842189 7.533515 5.082207 3.339697 2.150591 1.371141 0.880068 0.582507 0.408979 0.311521 0.258770 0.231233 0.217360 0.210610 0.207436 0.205993 0.205358 0.205087 0.204975 0.204930 0.204913 0.204906 0.204903 0.204900 0.204894 0.204883 0.204858 0.204806 0.204700 0.204490 0.204089 0.203354 0.202055 0.199847 0.196242 0.190595 0.182123 0.169971 0.153329 0.131614 0.104667 0.072920 0.037471 0.000000 
50.000000 41.786177 33.921756 26.711596 20.380933 15.056383 10.765167 7.450000 4.993885 3.247963 2.056531 1.275558 0.783527 0.485386 0.311521 0.213873 0.161020 0.133430 0.119530 0.112767 0.109587 0.108141 0.107505 0.107233 0.107121 0.107076 0.107059 0.107052 0.107049 0.107047 0.107044 0.107038 0.107024 0.106995 0.106937 0.106821 0.106602 0.106201 0.105495 0.104302 0.102363 0.099342 0.094834 0.088403 0.079644 0.068273 0.054226 0.037739 0.019380 0.000000 
50.000000 41.777442 33.904658 26.686834 20.349444 15.019240 10.723472 7.404791 4.946076 3.198307 2.005617 1.223821 0.731271 0.432817 0.258770 0.161020 0.108111 0.080492 0.066578 0.059809 0.056625 0.055178 0.054540 0.054269 0.054157 0.054112 0.054094 0.054088 0.054085 0.054083 0.054082 0.054078 0.054071 0.054056 0.054024 0.053963 0.053848 0.053638 0.053269 0.052648 0.051644 0.050087 0.047774 0.044491 0.040039 0.034284 0.027202 0.018915 0.009708 0.000000 
50.000000 41.772881 33.895731 26.673905 20.333004 14.999849 10.701704 7.381189 4.921117 3.172385 1.979038 1.196813 0.703993 0.405375 0.231233 0.133430 0.080492 0.052859 0.038937 0.032164 0.028979 0.027530 0.026893 0.026621 0.026509 0.026464 0.026446 0.026440 0.026437 0.026436 0.026435 0.026433 0.026429 0.026422 0.026406 0.026375 0.026316 0.026210 0.026025 0.025714 0.025212 0.024438 0.023293 0.021674 0.019487 0.016670 0.013215 0.009183 0.004711 0.000000 
50.000000 41.770582 33.891232 26.667390 20.324719 14.990078 10.690736 7.369297 4.908541 3.159325 1.965648 1.183206 0.690250 0.391550 0.217360 0.119530 0.066578 0.038937 0.025012 0.018237 0.015051 0.013602 0.012964 0.012693 0.012580 0.012535 0.012518 0.012511 0.012509 0.012508 0.012507 0.012506 0.012504 0.012500 0.012493 0.012477 0.012449 0.012397 0.012307 0.012157 0.011915 0.011544 0.010996 0.010224 0.009185 0.007851 0.006219 0.004319 0.002215 0.000000 
50.000000 41.769464 33.889043 26.664220 20.320688 14.985323 10.685399 7.363511 4.902422 3.152970 1.959132 1.176585 0.683564 0.384824 0.210611 0.112768 0.059809 0.032164 0.018237 0.011461 0.008274 0.006825 0.006188 0.005916 0.005803 0.005759 0.005741 0.005734 0.005732 0.005731 0.005731 0.005730 0.005729 0.005727 0.005724 0.005716 0.005703 0.005679 0.005637 0.005566 0.005454 0.005282 0.005028 0.004672 0.004195 0.003583 0.002837 0.001969 0.001009 0.000000 
50.000000 41.768938 33.888013 26.662729 20.318792 14.983087 10.682889 7.360790 4.899545 3.149982 1.956068 1.173472 0.680420 0.381661 0.207437 0.109588 0.056626 0.028979 0.015051 0.008275 0.005088 0.003639 0.003001 0.002729 0.002617 0.002572 0.002555 0.002548 0.002546 0.002545 0.002544 0.002544 0.002544 0.002543 0.002541 0.002538 0.002532 0.002521 0.002502 0.002470 0.002419 0.002342 0.002229 0.002070 0.001857 0.001585 0.001254 0.000870 0.000446 0.000000 
50.000000 41.768699 33.887545 26.662051 20.317930 14.982070 10.681748 7.359553 4.898237 3.148623 1.954676 1.172057 0.678990 0.380224 0.205994 0.108143 0.055179 0.027532 0.013603 0.006826 0.003640 0.002191 0.001553 0.001281 0.001169 0.001124 0.001106 0.001100 0.001097 0.001096 0.001096 0.001096 0.001096 0.001095 0.001095 0.001093 0.001090 0.001086 0.001077 0.001063 0.001041 0.001008 0.000959 0.000890 0.000798 0.000681 0.000538 0.000373 0.000191 0.000000 
50.000000 41.768594 33.887339 26.661753 20.317552 14.981624 10.681247 7.359010 4.897663 3.148027 1.954065 1.171436 0.678364 0.379593 0.205361 0.107508 0.054544 0.026897 0.012968 0.006191 0.003004 0.001555 0.000918 0.000646 0.000533 0.000488 0.000471 0.000464 0.000462 0.000461 0.000461 0.000461 0.000460 0.000460 0.000460 0.000459 0.000458 0.000456 0.000453 0.000447 0.000437 0.000423 0.000402 0.000373 0.000335 0.000285 0.000226 0.000156 0.000080 0.000000 
50.000000 41.768550 33.887254 26.661629 20.317394 14.981438 10.681038 7.358783 4.897424 3.147779 1.953810 1.171177 0.678102 0.379330 0.205097 0.107244 0.054279 0.026631 0.012703 0.005926 0.002739 0.001290 0.000652 0.000380 0.000268 0.000223 0.000206 0.000199 0.000197 0.000196 0.000196 0.000195 0.000195 0.000195 0.000195 0.000195 0.000194 0.000193 0.000192 0.000189 0.000185 0.000179 0.000170 0.000158 0.000142 0.000121 0.000095 0.000066 0.000034 0.000000 
50.000000 41.768534 33.887223 26.661585 20.317337 14.981371 10.680963 7.358702 4.897338 3.147690 1.953719 1.171085 0.678008 0.379235 0.205003 0.107149 0.054185 0.026537 0.012608 0.005831 0.002644 0.001195 0.000557 0.000286 0.000173 0.000128 0.000111 0.000104 0.000102 0.000101 0.000101 0.000101 0.000101 0.000101 0.000100 0.000100 0.000100 0.000100 0.000099 0.000097 0.000095 0.000092 0.000088 0.000081 0.000073 0.000062 0.000049 0.000034 0.000017 0.000000 
50.000000 41.768534 33.887223 26.661585 20.317337 14.981371 10.680963 7.358702 4.897338 3.147690 1.953719 1.171085 0.678008 0.379235 0.205003 0.107149 0.054185 0.026537 0.012608 0.005831 0.002644 0.001195 0.000557 0.000286 0.000173 0.000128 0.000111 0.000104 0.000102 0.000101 0.000101 0.000101 0.000101 0.000101 0.000100 0.000100 0.000100 0.000100 0.000099 0.000097 0.000095 0.000092 0.000088 0.000081 0.000073 0.000062 0.000049 0.000034 0.000017 0.000000 
50.000000 41.768550 33.887254 26.661629 20.317394 14.981438 10.681038 7.358783 4.897424 3.147779 1.953810 1.171177 0.678102 0.379330 0.205097 0.107244 0.054279 0.026631 0.012703 0.005926 0.002739 0.001290 0.000652 0.000380 0.000268 0.000223 0.000206 0.000199 0.000197 0.000196 0.000196 0.000195 0.000195 0.000195 0.000195 0.000195 0.000194 0.000193 0.000192 0.000189 0.000185 0.000179 0.000170 0.000158 0.000142 0.000121 0.000095 0.000066 0.000034 0.000000 
50.000000 41.768594 33.887339 26.661753 20.317552 14.981624 10.681247 7.359010 4.897663 3.148027 1.954065 1.171436 0.678364 0.379593 0.205361 0.107508 0.054544 0.026897 0.012968 0.006191 0.003004 0.001555 0.000918 0.000646 0.000533 0.000488 0.000471 0.000464 0.000462 0.000461 0.000461 0.000461 0.000460 0.000460 0.000460 0.000459 0.000458 0.000456 0.000453 0.000447 0.000437 0.000423 0.000402 0.000373 0.000335 0.000285 0.000226 0.000156 0.000080 0.000000 
50.000000 41.768699 33.887545 26.662051 20.317930 14.982070 10.681748 7.359553 4.898237 3.148623 1.954676 1.172057 0.678990 0.380224 0.205994 0.108143 0.055179 0.027532 0.013603 0.006826 0.003640 0.002191 0.001553 0.001281 0.001169 0.001124 0.001106 0.001100 0.001097 0.001096 0.001096 0.001096 0.001096 0.001095 0.001095 0.001093 0.001090 0.001086 0.001077 0.001063 0.001041 0.001008 0.000959 0.000890 0.000798 0.000681 0.000538 0.000373 0.000191 0.000000 
50.000000 41.768938 33.888013 26.662729 20.318792 14.983087 10.682889 7.360790 4.899545 3.149982 1.956068 1.173472 0.680420 0.381661 0.207437 0.109588 0.056626 0.028979 0.015051 0.008275 0.005088 0.003639 0.003001 0.002729 0.002617 0.002572 0.002555 0.002548 0.002546 0.002545 0.002544 0.002544 0.002544 0.002543 0.002541 0.002538 0.002532 0.002521 0.002502 0.002470 0.002419 0.002342 0.002229 0.002070 0.001857 0.001585 0.001254 0.000870 0.000446 0.000000 
50.000000 41.769464 33.889043 26.664220 20.320688 14.985323 10.685399 7.363511 4.902422 3.152970 1.959132 1.176585 0.683564 0.384824 0.210611 0.112768 0.059809 0.032164 0.018237 0.011461 0.008274 0.006825 0.006188 0.005916 0.005803 0.005759 0.005741 0.005734 0.005732 0.005731 0.005731 0.005730 0.005729 0.005727 0.005724 0.005716 0.005703 0.005679 0.005637 0.005566 0.005454 0.005282 0.005028 0.004672 0.004195 0.003583 0.002837 0.001969 0.001009 0.000000 
50.000000 41.770582 33.891232 26.667390 20.324719 14.990078 10.690736 7.369297 4.908541 3.159325 1.965648 1.183206 0.690250 0.391550 0.217360 0.119530 0.066578 0.038937 0.025012 0.018237 0.015051 0.013602 0.012964 0.012693 0.012580 0.012535 0.012518 0.012511 0.012509 0.012508 0.012507 0.012506 0.012504 0.012500 0.012493 0.012477 0.012449 0.012397 0.012307 0.012157 0.011915 0.011544 0.010996 0.010224 0.009185 0.007851 0.006219 0.004319 0.002215 0.000000 
50.000000 41.772881 33.895731 26.673905 20.333004 14.999849 10.701704 7.381189 4.921117 3.172385 1.979038 1.196813 0.703993 0.405375 0.231233 0.133430 0.080492 0.052859 0.038937 0.032164 0.028979 0.027530 0.026893 0.026621 0.026509 0.026464 0.026446 0.026440 0.026437 0.026436 0.026435 0.026433 0.026429 0.026422 0.026406 0.026375 0.026316 0.026210 0.026025 0.025714 0.025212 0.024438 0.023293 0.021674 0.019487 0.016670 0.013215 0.009183 0.004711 0.000000 
50.000000 41.777442 33.904658 26.686834 20.349444 15.019240 10.723472 7.404791 4.946076 3.198307 2.005617 1.223821 0.731271 0.432817 0.258770 0.161020 0.108111 0.080492 0.066578 0.059809 0.056625 0.055178 0.054540 0.054269 0.054157 0.054112 0.054094 0.054088 0.054085 0.054083 0.054082 0.054078 0.054071 0.054056 0.054024 0.053963 0.053848 0.053638 0.053269 0.052648 0.051644 0.050087 0.047774 0.044491 0.040039 0.034284 0.027202 0.018915 0.009708 0.000000 
50.000000 41.786177 33.921756 26.711596 20.380933 15.056383 10.765167 7.450000 4.993885 3.247963 2.056531 1.275558 0.783527 0.485386 0.311521 0.213873 0.161020 0.133430 0.119530 0.112767 0.109587 0.108141 0.107505 0.107233 0.107121 0.107076 0.107059 0.107052 0.107049 0.107047 0.107044 0.107038 0.107024 0.106995 0.106937 0.106821 0.106602 0.106201 0.105495 0.104302 0.102363 0.099342 0.094834 0.088403 0.079644 0.068273 0.054226 0.037739 0.019380 0.000000 
50.000000 41.802313 33.953338 26.757336 20.439098 15.124993 10.842189 7.533515 5.082207 3.339697 2.150591 1.371141 0.880068 0.582507 0.408979 0.311521 0.258770 0.231233 0.217360 0.210610 0.207436 0.205993 0.205358 0.205087 0.204975 0.204930 0.204913 0.204906 0.204903 0.204900 0.204894 0.204883 0.204858 0.204806 0.204700 0.204490 0.204089 0.203354 0.202055 0.199847 0.196242 0.190595 0.182123 0.169971 0.153329 0.131614 0.104667 0.072920 0.037471 0.000000 
50.000000 41.831036 34.009559 26.838761 20.542645 15.247137 10.979312 7.682202 5.239454 3.503024 2.318062 1.541326 1.051960 0.755432 0.582507 0.485386 0.432817 0.405375 0.391550 0.384824 0.381661 0.380222 0.379589 0.379319 0.379208 0.379163 0.379145 0.379138 0.379134 0.379130 0.379121 0.379102 0.379059 0.378969 0.378784 0.378417 0.377716 0.376423 0.374126 0.370201 0.363755 0.353598 0.338265 0.316129 0.285621 0.245571 0.195593 0.136443 0.070174 0.000000 
50.000000 41.880280 34.105947 26.978362 20.720176 15.456558 11.214421 7.937144 5.509079 3.783079 2.605228 1.833149 1.346714 1.051960 0.880068 0.783527 0.731271 0.703993 0.690250 0.683563 0.680419 0.678989 0.678360 0.678092 0.677981 0.677936 0.677919 0.677911 0.677906 0.677899 0.677885 0.677853 0.677783 0.677633 0.677326 0.676714 0.675537 0.673357 0.669463 0.662770 0.651707 0.634155 0.607466 0.568644 0.514733 0.443438 0.353868 0.247251 0.127301 0.000000 
50.000000 41.961532 34.264989 27.208711 21.013117 15.802125 11.602384 8.357844 5.954019 4.245239 3.079131 2.314743 1.833149 1.541326 1.371141 1.275558 1.223821 1.196813 1.183206 1.176585 1.173472 1.172056 1.171433 1.171167 1.171057 1.171013 1.170995 1.170987 1.170981 1.170971 1.170949 1.170899 1.170788 1.170551 1.170063 1.169086 1.167200 1.163686 1.157371 1.146444 1.128253 1.099164 1.054560 0.989101 0.897378 0.774988 0.619938 0.434047 0.223787 0.000000 
50.000000 42.090476 34.517384 27.574271 21.478018 16.350556 12.218112 9.025541 6.660201 4.978763 3.831303 3.079131 2.605228 2.318062 2.150591 2.056531 2.005617 1.979038 1.965648 1.959132 1.956068 1.954675 1.954061 1.953800 1.953692 1.953648 1.953630 1.953622 1.953614 1.953599 1.953566 1.953491 1.953325 1.952969 1.952229 1.950744 1.947862 1.942459 1.932687 1.915652 1.887061 1.840931 1.769504 1.663586 1.513553 1.311157 1.052062 0.738564 0.381492 0.000000 
50.000000 42.287157 34.902369 28.131877 22.187164 17.187132 13.157360 10.044084 7.737470 6.097760 4.978763 4.245239 3.783079 3.503024 3.339697 3.247963 3.198307 3.172385 3.159325 3.152970 3.149981 3.148622 3.148024 3.147769 3.147663 3.147621 3.147603 3.147594 3.147583 3.147563 3.147516 3.147409 3.147173 3.146663 3.145600 3.143456 3.139269 3.131372 3.116986 3.091703 3.048880 2.979082 2.869783 2.705708 2.470235 2.148271 1.730633 1.219247 0.631353 0.000000 
50.000000 42.575329 35.466444 28.948880 23.226218 18.412918 14.533610 11.536547 9.316010 7.737470 6.660201 5.954019 5.509079 5.239454 5.082207 4.993885 4.946076 4.921117 4.908541 4.902422 4.899545 4.898236 4.897660 4.897414 4.897312 4.897271 4.897254 4.897243 4.897231 4.897203 4.897141 4.896998 4.896679 4.895989 4.894543 4.891612 4.885856 4.874924 4.854855 4.819270 4.758388 4.658005 4.498761 4.256229 3.902619 3.410968 2.762349 1.955526 1.016164 0.000000 
50.000000 42.980665 36.259862 30.098077 24.687771 20.137156 16.469527 13.635970 11.536547 10.044084 9.025541 8.357844 7.937144 7.682202 7.533515 7.450000 7.404791 7.381189 7.369297 7.363511 7.360789 7.359551 7.359007 7.358774 7.358678 7.358639 7.358622 7.358611 7.358595 7.358561 7.358483 7.358301 7.357896 7.357017 7.355166 7.351392 7.343937 7.329678 7.303285 7.256038 7.174301 7.037787 6.817985 6.477493 5.971498 5.253130 4.284464 3.053689 1.594941 0.000000 
50.000000 43.527704 37.330663 31.649050 26.660325 22.464268 19.082366 16.469527 14.533610 13.157360 12.218112 11.602384 11.214421 10.979312 10.842189 10.765167 10.723472 10.701704 10.690736 10.685398 10.682888 10.681747 10.681244 10.681030 10.680941 10.680904 10.680888 10.680877 10.680859 10.680819 10.680726 10.680512 10.680030 10.678981 10.676764 10.672218 10.663183 10.645777 10.613284 10.554526 10.451652 10.277381 9.992034 9.541183 8.855625 7.856591 6.470463 4.657207 2.451613 0.000000 
50.000000 44.235727 38.716586 33.656470 29.213421 25.476307 22.464268 20.137156 18.412918 17.187132 16.350556 15.802125 15.456558 15.247137 15.124993 15.056383 15.019240 14.999849 14.990078 14.985323 14.983086 14.982069 14.981621 14.981430 14.981351 14.981319 14.981304 14.981292 14.981273 14.981230 14.981128 14.980893 14.980362 14.979202 14.976739 14.971663 14.961515 14.941824 14.904747 14.837003 14.716896 14.510298 14.165658 13.608643 12.738153 11.427689 9.540037 6.968187 3.715287 0.000000 
50.000000 45.114165 40.436096 36.147084 32.381084 29.213421 26.660325 24.687771 23.226218 22.187164 21.478018 21.013117 20.720176 20.542645 20.439098 20.380933 20.349444 20.333004 20.324719 20.320688 20.318792 20.317929 20.317550 20.317388 20.317320 20.317293 20.317279 20.317269 20.317250 20.317207 20.317105 20.316868 20.316333 20.315160 20.312660 20.307483 20.297074 20.276739 20.238129 20.166861 20.038893 19.815250 19.434641 18.803733 17.785732 16.190542 13.777004 10.293803 5.611762 0.000000 
50.000000 46.158515 42.480380 39.108130 36.147084 33.656470 31.649050 30.098077 28.948880 28.131877 27.574271 27.208711 26.978362 26.838761 26.757336 26.711596 26.686834 26.673905 26.667390 26.664220 26.662728 26.662050 26.661751 26.661624 26.661571 26.661549 26.661539 26.661529 26.661513 26.661474 26.661383 26.661171 26.660690 26.659632 26.657370 26.652669 26.643168 26.624494 26.588773 26.522209 26.401244 26.186531 25.813613 25.178587 24.116433 22.370081 19.554065 15.143032 8.603870 0.000000 
50.000000 47.347888 44.808547 42.480380 40.436096 38.716586 37.330663 36.259862 35.466444 34.902369 34.517384 34.264989 34.105947 34.009559 33.953338 33.921756 33.904658 33.895731 33.891232 33.889043 33.888013 33.887544 33.887338 33.887250 33.887214 33.887198 33.887191 33.887184 33.887172 33.887143 33.887074 33.886913 33.886548 33.885743 33.884017 33.880417 33.873116 33.858696 33.830942 33.778820 33.683123 33.510918 33.206173 32.673456 31.748399 30.142294 27.337348 22.404274 13.805709 0.000000 
50.000000 48.645139 47.347888 46.158515 45.114165 44.235727 43.527704 42.980665 42.575329 42.287157 42.090476 41.961532 41.880280 41.831036 41.802313 41.786177 41.777442 41.772881 41.770582 41.769464 41.768938 41.768698 41.768593 41.768548 41.768529 41.768522 41.768518 41.768514 41.768508 41.768492 41.768455 41.768368 41.768170 41.767734 41.766798 41.764841 41.760862 41.752979 41.737745 41.708985 41.655804 41.559165 41.385724 41.076092 40.520441 39.502403 37.554645 33.542179 24.322570 0.000000 
50.000000 50.000000 50.000000 50.000000 50.000000 50.000000 50.000000 50.000000 50.000000 50.000000 50.000000 50.000000 50.000000 50.000000 50.000000 50.000000 50.000000 50.000000 50.000000 50.000000 50.000000 50.000000 50.000000 50.000000 50.000000 50.000000 50.000000 50.000000 50.000000 50.000000 50.000000 50.000000 50.000000 50.000000 50.000000 50.000000 50.000000 50.000000 50.000000 50.000000 50.000000 50.000000 50.000000 50.000000 50.000000 50.000000 50.000000 50.000000 50.000000 50.000000 
