50.000000 50.000000 50.000000 50.000000 50.000000 50.000000 50.000000 50.000000 50.000000 50.000000 50.000000 50.000000 50.000000 50.000000 50.000000 50.000000 50.000000 50.000000 50.000000 50.000000 50.000000 50.000000 50.000000 50.000000 50.000000 50.000000 50.000000 50.000000 50.000000 50.000000 50.000000 50.000000 50.000000 50.000000 50.000000 50.000000 50.000000 50.000000 50.000000 50.000000 50.000000 50.000000 50.000000 50.000000 50.000000 50.000000 50.000000 50.000000 50.000000 50.000000 
50.000000 47.782827 45.719801 43.932984 42.491378 41.406787 40.644849 40.144256 39.836141 39.658148 39.561458 39.511969 39.488058 39.477131 39.472398 39.470453 39.469692 39.469409 39.469308 39.469274 39.469263 39.469259 39.469258 39.469258 39.469258 39.469258 39.469258 39.469258 39.469258 39.469258 39.469257 39.469255 39.469249 39.469230 39.469175 39.469015 39.468575 39.467413 39.464466 39.457281 39.440432 39.402333 39.318966 39.141404 38.769917 37.995640 36.353622 32.704010 23.891414 0.000000 
50.000000 45.719801 41.737192 38.287823 35.504897 33.411196 31.940371 30.974058 30.379307 30.035738 29.849107 29.753588 29.707437 29.686347 29.677214 29.673459 29.671991 29.671445 29.671250 29.671184 29.671163 29.671156 29.671154 29.671154 29.671153 29.671153 29.671153 29.671153 29.671153 29.671153 29.671152 29.671149 29.671138 29.671105 29.671007 29.670727 29.669958 29.667933 29.662818 29.650418 29.621555 29.556959 29.417673 29.127406 28.540243 27.381164 25.136691 20.868596 13.015791 0.000000 
50.000000 43.932984 38.287823 33.398557 29.453999 26.486420 24.401752 23.032194 22.189282 21.702377 21.437895 21.302537 21.237142 21.207258 21.194318 21.188999 21.186919 21.186144 21.185869 21.185776 21.185745 21.185736 21.185733 21.185732 21.185732 21.185732 21.185732 21.185732 21.185732 21.185731 21.185730 21.185726 21.185713 21.185673 21.185555 21.185216 21.184291 21.181869 21.175786 21.161158 21.127460 21.053083 20.895697 20.576166 19.953300 18.787666 16.699278 13.151131 7.579362 0.000000 
50.000000 42.491378 35.504897 29.453999 24.572359 20.899889 18.320131 16.625380 15.582368 14.979905 14.652669 14.485205 14.404302 14.367335 14.351329 14.344749 14.342177 14.341219 14.340879 14.340763 14.340726 14.340714 14.340711 14.340710 14.340709 14.340709 14.340709 14.340709 14.340709 14.340709 14.340708 14.340703 14.340691 14.340651 14.340533 14.340199 14.339289 14.336920 14.331017 14.316953 14.284934 14.215326 14.070914 13.785258 13.247368 12.286179 10.666333 8.123733 4.495738 0.000000 
50.000000 41.406787 33.411196 26.486420 20.899889 16.697246 13.745166 11.805899 10.612457 9.923139 9.548747 9.357162 9.264612 9.222326 9.204018 9.196493 9.193551 9.192456 9.192066 9.191934 9.191891 9.191878 9.191874 9.191873 9.191873 9.191872 9.191872 9.191872 9.191872 9.191872 9.191871 9.191867 9.191856 9.191822 9.191721 9.191434 9.190660 9.188655 9.183700 9.172006 9.145704 9.089377 8.974708 8.753240 8.348623 7.652521 6.533121 4.870953 2.636871 0.000000 
50.000000 40.644849 31.940371 24.401752 18.320131 13.745166 10.531660 8.420741 7.121720 6.371456 5.963986 5.755485 5.654770 5.608756 5.588834 5.580647 5.577447 5.576255 5.575832 5.575688 5.575641 5.575627 5.575623 5.575621 5.575621 5.575621 5.575621 5.575621 5.575621 5.575620 5.575620 5.575617 5.575608 5.575582 5.575504 5.575286 5.574699 5.573189 5.569485 5.560829 5.541583 5.500944 5.419624 5.265830 4.991926 4.534873 3.825586 2.812964 1.503445 0.000000 
50.000000 40.144256 30.974058 23.032194 16.625380 11.805899 8.420741 6.197141 4.828830 4.038581 3.609414 3.389822 3.283756 3.235299 3.214322 3.205701 3.202331 3.201077 3.200631 3.200480 3.200431 3.200416 3.200411 3.200410 3.200409 3.200409 3.200409 3.200409 3.200409 3.200409 3.200408 3.200406 3.200400 3.200382 3.200328 3.200178 3.199774 3.198745 3.196238 3.190432 3.177661 3.151038 3.098570 3.001118 2.831191 2.554466 2.136498 1.556385 0.825290 0.000000 
50.000000 39.836141 30.379307 22.189282 15.582368 10.612457 7.121720 4.828830 3.417925 2.603104 2.160609 1.934207 1.824855 1.774900 1.753275 1.744388 1.740915 1.739622 1.739163 1.739007 1.738956 1.738940 1.738935 1.738934 1.738934 1.738934 1.738934 1.738934 1.738934 1.738933 1.738933 1.738932 1.738928 1.738916 1.738882 1.738787 1.738534 1.737891 1.736337 1.732767 1.724990 1.708962 1.677792 1.620776 1.523080 1.367042 1.136199 0.822348 0.433808 0.000000 
50.000000 39.658148 30.035738 21.702377 14.979905 9.923139 6.371456 4.038581 2.603104 1.774113 1.323935 1.093608 0.982365 0.931547 0.909549 0.900510 0.896977 0.895662 0.895195 0.895036 0.894984 0.894968 0.894964 0.894962 0.894962 0.894962 0.894962 0.894962 0.894962 0.894962 0.894961 0.894961 0.894958 0.894952 0.894932 0.894876 0.894729 0.894359 0.893468 0.891439 0.887056 0.878114 0.860920 0.829873 0.777434 0.694970 0.574917 0.414183 0.217716 0.000000 
50.000000 39.561458 29.849107 21.437895 14.652669 9.548747 5.963986 3.609414 2.160609 1.323935 0.869593 0.637141 0.524873 0.473588 0.451389 0.442267 0.438702 0.437375 0.436903 0.436743 0.436691 0.436675 0.436670 0.436669 0.436669 0.436669 0.436669 0.436668 0.436668 0.436668 0.436668 0.436668 0.436667 0.436663 0.436652 0.436622 0.436543 0.436344 0.435870 0.434797 0.432496 0.427842 0.418982 0.403157 0.376741 0.335716 0.276737 0.198689 0.104177 0.000000 
50.000000 39.511969 29.753588 21.302537 14.485205 9.357162 5.755485 3.389822 1.934207 1.093608 0.637141 0.403604 0.290813 0.239291 0.216989 0.207825 0.204243 0.202910 0.202437 0.202276 0.202224 0.202207 0.202202 0.202201 0.202201 0.202201 0.202201 0.202201 0.202201 0.202201 0.202200 0.202200 0.202200 0.202198 0.202192 0.202177 0.202137 0.202038 0.201802 0.201271 0.200140 0.197870 0.193584 0.186000 0.173462 0.154188 0.126751 0.090770 0.047504 0.000000 
50.000000 39.488058 29.707437 21.237142 14.404302 9.264612 5.654770 3.283756 1.824855 0.982365 0.524873 0.290813 0.177771 0.126134 0.103783 0.094599 0.091009 0.089673 0.089199 0.089038 0.088985 0.088969 0.088964 0.088963 0.088962 0.088962 0.088962 0.088962 0.088962 0.088962 0.088962 0.088962 0.088962 0.088961 0.088958 0.088951 0.088932 0.088886 0.088775 0.088528 0.088006 0.086964 0.085011 0.081581 0.075957 0.067382 0.055273 0.039504 0.020645 0.000000 
50.000000 39.477131 29.686347 21.207258 14.367335 9.222326 5.608756 3.235299 1.774900 0.931547 0.473588 0.239291 0.126134 0.074445 0.052072 0.042878 0.039285 0.037948 0.037473 0.037312 0.037259 0.037243 0.037238 0.037237 0.037236 0.037236 0.037236 0.037236 0.037236 0.037236 0.037236 0.037236 0.037236 0.037235 0.037234 0.037231 0.037223 0.037202 0.037154 0.037045 0.036818 0.036366 0.035525 0.034057 0.031666 0.028046 0.022967 0.016389 0.008556 0.000000 
50.000000 39.472398 29.677214 21.194318 14.351329 9.204018 5.588834 3.214322 1.753275 0.909549 0.451389 0.216989 0.103783 0.052072 0.029688 0.020491 0.016896 0.015558 0.015083 0.014922 0.014869 0.014853 0.014848 0.014847 0.014846 0.014846 0.014846 0.014846 0.014846 0.014846 0.014846 0.014846 0.014846 0.014846 0.014846 0.014844 0.014841 0.014832 0.014812 0.014767 0.014673 0.014488 0.014144 0.013549 0.012584 0.011130 0.009102 0.006487 0.003383 0.000000 
50.000000 39.470453 29.673459 21.188999 14.344749 9.196493 5.580647 3.205701 1.744388 0.900510 0.442267 0.207825 0.094599 0.042878 0.020491 0.011291 0.007697 0.006358 0.005883 0.005722 0.005669 0.005653 0.005648 0.005647 0.005646 0.005646 0.005646 0.005646 0.005646 0.005646 0.005646 0.005646 0.005646 0.005646 0.005646 0.005645 0.005644 0.005640 0.005632 0.005615 0.005578 0.005506 0.005373 0.005143 0.004772 0.004216 0.003444 0.002452 0.001278 0.000000 
50.000000 39.469692 29.671991 21.186919 14.342177 9.193551 5.577447 3.202331 1.740915 0.896977 0.438702 0.204243 0.091009 0.039285 0.016896 0.007697 0.004101 0.002763 0.002288 0.002126 0.002074 0.002058 0.002053 0.002051 0.002051 0.002051 0.002051 0.002051 0.002051 0.002051 0.002051 0.002051 0.002051 0.002051 0.002051 0.002050 0.002050 0.002049 0.002046 0.002039 0.002025 0.001999 0.001949 0.001865 0.001729 0.001526 0.001246 0.000886 0.000462 0.000000 
50.000000 39.469409 29.671445 21.186144 14.341219 9.192456 5.576255 3.201077 1.739622 0.895662 0.437375 0.202910 0.089673 0.037948 0.015558 0.006358 0.002763 0.001425 0.000949 0.000788 0.000735 0.000719 0.000714 0.000713 0.000712 0.000712 0.000712 0.000712 0.000712 0.000712 0.000712 0.000712 0.000712 0.000712 0.000712 0.000712 0.000712 0.000712 0.000710 0.000708 0.000703 0.000694 0.000677 0.000647 0.000599 0.000529 0.000431 0.000307 0.000160 0.000000 
50.000000 39.469308 29.671250 21.185869 14.340879 9.192066 5.575832 3.200631 1.739163 0.895195 0.436903 0.202437 0.089199 0.037473 0.015083 0.005883 0.002288 0.000949 0.000474 0.000312 0.000260 0.000244 0.000239 0.000237 0.000237 0.000237 0.000237 0.000237 0.000237 0.000237 0.000237 0.000237 0.000237 0.000237 0.000237 0.000237 0.000237 0.000237 0.000236 0.000236 0.000234 0.000231 0.000225 0.000215 0.000199 0.000175 0.000143 0.000102 0.000053 0.000000 
50.000000 39.469274 29.671184 21.185776 14.340763 9.191934 5.575688 3.200480 1.739007 0.895036 0.436743 0.202276 0.089038 0.037312 0.014922 0.005722 0.002126 0.000788 0.000312 0.000151 0.000099 0.000082 0.000077 0.000076 0.000076 0.000076 0.000076 0.000076 0.000076 0.000076 0.000076 0.000076 0.000076 0.000076 0.000076 0.000076 0.000076 0.000075 0.000075 0.000075 0.000075 0.000074 0.000072 0.000068 0.000063 0.000056 0.000045 0.000032 0.000017 0.000000 
50.000000 39.469263 29.671163 21.185745 14.340726 9.191891 5.575641 3.200431 1.738956 0.894984 0.436691 0.202224 0.088985 0.037259 0.014869 0.005669 0.002074 0.000735 0.000260 0.000099 0.000046 0.000030 0.000025 0.000024 0.000023 0.000023 0.000023 0.000023 0.000023 0.000023 0.000023 0.000023 0.000023 0.000023 0.000023 0.000023 0.000023 0.000023 0.000023 0.000023 0.000023 0.000022 0.000022 0.000021 0.000019 0.000017 0.000014 0.000010 0.000005 0.000000 
50.000000 39.469259 29.671156 21.185736 14.340714 9.191878 5.575627 3.200416 1.738940 0.894968 0.436675 0.202207 0.088969 0.037243 0.014853 0.005653 0.002058 0.000719 0.000244 0.000082 0.000030 0.000014 0.000009 0.000007 0.000007 0.000007 0.000007 0.000007 0.000007 0.000007 0.000007 0.000007 0.000007 0.000007 0.000007 0.000007 0.000007 0.000007 0.000007 0.000007 0.000007 0.000007 0.000006 0.000006 0.000006 0.000005 0.000004 0.000003 0.000002 0.000000 
50.000000 39.469258 29.671154 21.185733 14.340711 9.191874 5.575623 3.200411 1.738935 0.894964 0.436670 0.202202 0.088964 0.037238 0.014848 0.005648 0.002053 0.000714 0.000239 0.000077 0.000025 0.000009 0.000004 0.000002 0.000002 0.000002 0.000002 0.000002 0.000002 0.000002 0.000002 0.000002 0.000002 0.000002 0.000002 0.000002 0.000002 0.000002 0.000002 0.000002 0.000002 0.000002 0.000002 0.000002 0.000002 0.000001 0.000001 0.000001 0.000000 0.000000 
50.000000 39.469258 29.671154 21.185732 14.340710 9.191873 5.575621 3.200410 1.738934 0.894962 0.436669 0.202201 0.088963 0.037237 0.014847 0.005647 0.002051 0.000713 0.000237 0.000076 0.000024 0.000007 0.000002 0.000001 0.000001 0.000001 0.000001 0.000001 0.000001 0.000001 0.000001 0.000001 0.000001 0.000001 0.000001 0.000001 0.000001 0.000001 0.000001 0.000001 0.000001 0.000001 0.000001 0.000000 0.000000 0.000000 0.000000 0.000000 0.000000 0.000000 
50.000000 39.469258 29.671153 21.185732 14.340709 9.191873 5.575621 3.200409 1.738934 0.894962 0.436669 0.202201 0.088962 0.037236 0.014847 0.005646 0.002051 0.000712 0.000237 0.000076 0.000023 0.000007 0.000002 0.000001 0.000000 0.000000 0.000000 0.000000 0.000000 0.000000 0.000000 0.000000 0.000000 0.000000 0.000000 0.000000 0.000000 0.000000 0.000000 0.000000 0.000000 0.000000 0.000000 0.000000 0.000000 0.000000 0.000000 0.000000 0.000000 0.000000 
50.000000 39.469258 29.671153 21.185732 14.340709 9.191873 5.575621 3.200409 1.738934 0.894962 0.436669 0.202201 0.088962 0.037236 0.014847 0.005646 0.002051 0.000712 0.000237 0.000076 0.000023 0.000007 0.000002 0.000001 0.000000 0.000000 0.000000 0.000000 0.000000 0.000000 0.000000 0.000000 0.000000 0.000000 0.000000 0.000000 0.000000 0.000000 0.000000 0.000000 0.000000 0.000000 0.000000 0.000000 0.000000 0.000000 0.000000 0.000000 0.000000 0.000000 
50.000000 39.469258 29.671154 21.185732 14.340710 9.191873 5.575621 3.200410 1.738934 0.894962 0.436669 0.202201 0.088963 0.037237 0.014847 0.005647 0.002051 0.000713 0.000237 0.000076 0.000024 0.000007 0.000002 0.000001 0.000001 0.000001 0.000001 0.000001 0.000001 0.000001 0.000001 0.000001 0.000001 0.000001 0.000001 0.000001 0.000001 0.000001 0.000001 0.000001 0.000001 0.000001 0.000001 0.000000 0.000000 0.000000 0.000000 0.000000 0.000000 0.000000 
50.000000 39.469258 29.671154 21.185733 14.340711 9.191874 5.575623 3.200411 1.738935 0.894964 0.436670 0.202202 0.088964 0.037238 0.014848 0.005648 0.002053 0.000714 0.000239 0.000077 0.000025 0.000009 0.000004 0.000002 0.000002 0.000002 0.000002 0.000002 0.000002 0.000002 0.000002 0.000002 0.000002 0.000002 0.000002 0.000002 0.000002 0.000002 0.000002 0.000002 0.000002 0.000002 0.000002 0.000002 0.000002 0.000001 0.000001 0.000001 0.000000 0.000000 
50.000000 39.469259 29.671156 21.185736 14.340714 9.191878 5.575627 3.200416 1.738940 0.894968 0.436675 0.202207 0.088969 0.037243 0.014853 0.005653 0.002058 0.000719 0.000244 0.000082 0.000030 0.000014 0.000009 0.000007 0.000007 0.000007 0.000007 0.000007 0.000007 0.000007 0.000007 0.000007 0.000007 0.000007 0.000007 0.000007 0.000007 0.000007 0.000007 0.000007 0.000007 0.000007 0.000006 0.000006 0.000006 0.000005 0.000004 0.000003 0.000002 0.000000 
50.000000 39.469263 29.671163 21.185745 14.340726 9.191891 5.575641 3.200431 1.738956 0.894984 0.436691 0.202224 0.088985 0.037259 0.014869 0.005669 0.002074 0.000735 0.000260 0.000099 0.000046 0.000030 0.000025 0.000024 0.000023 0.000023 0.000023 0.000023 0.000023 0.000023 0.000023 0.000023 0.000023 0.000023 0.000023 0.000023 0.000023 0.000023 0.000023 0.000023 0.000023 0.000022 0.000022 0.000021 0.000019 0.000017 0.000014 0.000010 0.000005 0.000000 
50.000000 39.469274 29.671184 21.185776 14.340763 9.191934 5.575688 3.200480 1.739007 0.895036 0.436743 0.202276 0.089038 0.037312 0.014922 0.005722 0.002126 0.000788 0.000312 0.000151 0.000099 0.000082 0.000077 0.000076 0.000076 0.000076 0.000076 0.000076 0.000076 0.000076 0.000076 0.000076 0.000076 0.000076 0.000076 0.000076 0.000076 0.000075 0.000075 0.000075 0.000075 0.000074 0.000072 0.000068 0.000063 0.000056 0.000045 0.000032 0.000017 0.000000 
50.000000 39.469308 29.671250 21.185869 14.340879 9.192066 5.575832 3.200631 1.739163 0.895195 0.436903 0.202437 0.089199 0.037473 0.015083 0.005883 0.002288 0.000949 0.000474 0.000312 0.000260 0.000244 0.000239 0.000237 0.000237 0.000237 0.000237 0.000237 0.000237 0.000237 0.000237 0.000237 0.000237 0.000237 0.000237 0.000237 0.000237 0.000237 0.000236 0.000236 0.000234 0.000231 0.000225 0.000215 0.000199 0.000175 0.000143 0.000102 0.000053 0.000000 
50.000000 39.469409 29.671445 21.186144 14.341219 9.192456 5.576255 3.201077 1.739622 0.895662 0.437375 0.202910 0.089673 0.037948 0.015558 0.006358 0.002763 0.001425 0.000949 0.000788 0.000735 0.000719 0.000714 0.000713 0.000712 0.000712 0.000712 0.000712 0.000712 0.000712 0.000712 0.000712 0.000712 0.000712 0.000712 0.000712 0.000712 0.000712 0.000710 0.000708 0.000703 0.000694 0.000677 0.000647 0.000599 0.000529 0.000431 0.000307 0.000160 0.000000 
50.000000 39.469692 29.671991 21.186919 14.342177 9.193551 5.577447 3.202331 1.740915 0.896977 0.438702 0.204243 0.091009 0.039285 0.016896 0.007697 0.004101 0.002763 0.002288 0.002126 0.002074 0.002058 0.002053 0.002051 0.002051 0.002051 0.002051 0.002051 0.002051 0.002051 0.002051 0.002051 0.002051 0.002051 0.002051 0.002050 0.002050 0.002049 0.002046 0.002039 0.002025 0.001999 0.001949 0.001865 0.001729 0.001526 0.001246 0.000886 0.000462 0.000000 
50.000000 39.470453 29.673459 21.188999 14.344749 9.196493 5.580647 3.205701 1.744388 0.900510 0.442267 0.207825 0.094599 0.042878 0.020491 0.011291 0.007697 0.006358 0.005883 0.005722 0.005669 0.005653 0.005648 0.005647 0.005646 0.005646 0.005646 0.005646 0.005646 0.005646 0.005646 0.005646 0.005646 0.005646 0.005646 0.005645 0.005644 0.005640 0.005632 0.005615 0.005578 0.005506 0.005373 0.005143 0.004772 0.004216 0.003444 0.002452 0.001278 0.000000 
50.000000 39.472398 29.677214 21.194318 14.351329 9.204018 5.588834 3.214322 1.753275 0.909549 0.451389 0.216989 0.103783 0.052072 0.029688 0.020491 0.016896 0.015558 0.015083 0.014922 0.014869 0.014853 0.014848 0.014847 0.014846 0.014846 0.014846 0.014846 0.014846 0.014846 0.014846 0.014846 0.014846 0.014846 0.014846 0.014844 0.014841 0.014832 0.014812 0.014767 0.014673 0.014488 0.014144 0.013549 0.012584 0.011130 0.009102 0.006487 0.003383 0.000000 
50.000000 39.477131 29.686347 21.207258 14.367335 9.222326 5.608756 3.235299 1.774900 0.931547 0.473588 0.239291 0.126134 0.074445 0.052072 0.042878 0.039285 0.037948 0.037473 0.037312 0.037259 0.037243 0.037238 0.037237 0.037236 0.037236 0.037236 0.037236 0.037236 0.037236 0.037236 0.037236 0.037236 0.037235 0.037234 0.037231 0.037223 0.037202 0.037154 0.037045 0.036818 0.036366 0.035525 0.034057 0.031666 0.028046 0.022967 0.016389 0.008556 0.000000 
50.000000 39.488058 29.707437 21.237142 14.404302 9.264612 5.654770 3.283756 1.824855 0.982365 0.524873 0.290813 0.177771 0.126134 0.103783 0.094599 0.091009 0.089673 0.089199 0.089038 0.088985 0.088969 0.088964 0.088963 0.088962 0.088962 0.088962 0.088962 0.088962 0.088962 0.088962 0.088962 0.088962 0.088961 0.088958 0.088951 0.088932 0.088886 0.088775 0.088528 0.088006 0.086964 0.085011 0.081581 0.075957 0.067382 0.055273 0.039504 0.020645 0.000000 
50.000000 39.511969 29.753588 21.302537 14.485205 9.357162 5.755485 3.389822 1.934207 1.093608 0.637141 0.403604 0.290813 0.239291 0.216989 0.207825 0.204243 0.202910 0.202437 0.202276 0.202224 0.202207 0.202202 0.202201 0.202201 0.202201 0.202201 0.202201 0.202201 0.202201 0.202200 0.202200 0.202200 0.202198 0.202192 0.202177 0.202137 0.202038 0.201802 0.201271 0.200140 0.197870 0.193584 0.186000 0.173462 0.154188 0.126751 0.090770 0.047504 0.000000 
50.000000 39.561458 29.849107 21.437895 14.652669 9.548747 5.963986 3.609414 2.160609 1.323935 0.869593 0.637141 0.524873 0.473588 0.451389 0.442267 0.438702 0.437375 0.436903 0.436743 0.436691 0.436675 0.436670 0.436669 0.436669 0.436669 0.436669 0.436668 0.436668 0.436668 0.436668 0.436668 0.436667 0.436663 0.436652 0.436622 0.436543 0.436344 0.435870 0.434797 0.432496 0.427842 0.418982 0.403157 0.376741 0.335716 0.276737 0.198689 0.104177 0.000000 
50.000000 39.658148 30.035738 21.702377 14.979905 9.923139 6.371456 4.038581 2.603104 1.774113 1.323935 1.093608 0.982365 0.931547 0.909549 0.900510 0.896977 0.895662 0.895195 0.895036 0.894984 0.894968 0.894964 0.894962 0.894962 0.894962 0.894962 0.894962 0.894962 0.894962 0.894961 0.894961 0.894958 0.894952 0.894932 0.894876 0.894729 0.894359 0.893468 0.891439 0.887056 0.878114 0.860920 0.829873 0.777434 0.694970 0.574917 0.414183 0.217716 0.000000 
50.000000 39.836141 30.379307 22.189282 15.582368 10.612457 7.121720 4.828830 3.417925 2.603104 2.160609 1.934207 1.824855 1.774900 1.753275 1.744388 1.740915 1.739622 1.739163 1.739007 1.738956 1.738940 1.738935 1.738934 1.738934 1.738934 1.738934 1.738934 1.738934 1.738933 1.738933 1.738932 1.738928 1.738916 1.738882 1.738787 1.738534 1.737891 1.736337 1.732767 1.724990 1.708962 1.677792 1.620776 1.523080 1.367042 1.136199 0.822348 0.433808 0.000000 
50.000000 40.144256 30.974058 23.032194 16.625380 11.805899 8.420741 6.197141 4.828830 4.038581 3.609414 3.389822 3.283756 3.235299 3.214322 3.205701 3.202331 3.201077 3.200631 3.200480 3.200431 3.200416 3.200411 3.200410 3.200409 3.200409 3.200409 3.200409 3.200409 3.200409 3.200408 3.200406 3.200400 3.200382 3.200328 3.200178 3.199774 3.198745 3.196238 3.190432 3.177661 3.151038 3.098570 3.001118 2.831191 2.554466 2.136498 1.556385 0.825290 0.000000 
50.000000 40.644849 31.940371 24.401752 18.320131 13.745166 10.531660 8.420741 7.121720 6.371456 5.963986 5.755485 5.654770 5.608756 5.588834 5.580647 5.577447 5.576255 5.575832 5.575688 5.575641 5.575627 5.575623 5.575621 5.575621 5.575621 5.575621 5.575621 5.575621 5.575620 5.575620 5.575617 5.575608 5.575582 5.575504 5.575286 5.574699 5.573189 5.569485 5.560829 5.541583 5.500944 5.419624 5.265830 4.991926 4.534873 3.825586 2.812964 1.503445 0.000000 
50.000000 41.406787 33.411196 26.486420 20.899889 16.697246 13.745166 11.805899 10.612457 9.923139 9.548747 9.357162 9.264612 9.222326 9.204018 9.196493 9.193551 9.192456 9.192066 9.191934 9.191891 9.191878 9.191874 9.191873 9.191873 9.191872 9.191872 9.191872 9.191872 9.191872 9.191871 9.191867 9.191856 9.191822 9.191721 9.191434 9.190660 9.188655 9.183700 9.172006 9.145704 9.089377 8.974708 8.753240 8.348623 7.652521 6.533121 4.870953 2.636871 0.000000 
50.000000 42.491378 35.504897 29.453999 24.572359 20.899889 18.320131 16.625380 15.582368 14.979905 14.652669 14.485205 14.404302 14.367335 14.351329 14.344749 14.342177 14.341219 14.340879 14.340763 14.340726 14.340714 14.340711 14.340710 14.340709 14.340709 14.340709 14.340709 14.340709 14.340709 14.340708 14.340703 14.340691 14.340651 14.340533 14.340199 14.339289 14.336920 14.331017 14.316953 14.284934 14.215326 14.070914 13.785258 13.247368 12.286179 10.666333 8.123733 4.495738 0.000000 
50.000000 43.932984 38.287823 33.398557 29.453999 26.486420 24.401752 23.032194 22.189282 21.702377 21.437895 21.302537 21.237142 21.207258 21.194318 21.188999 21.186919 21.186144 21.185869 21.185776 21.185745 21.185736 21.185733 21.185732 21.185732 21.185732 21.185732 21.185732 21.185732 21.185731 21.185730 21.185726 21.185713 21.185673 21.185555 21.185216 21.184291 21.181869 21.175786 21.161158 21.127460 21.053083 20.895697 20.576166 19.953300 18.787666 16.699278 13.151131 7.579362 0.000000 
50.000000 45.719801 41.737192 38.287823 35.504897 33.411196 31.940371 30.974058 30.379307 30.035738 29.849107 29.753588 29.707437 29.686347 29.677214 29.673459 29.671991 29.671445 29.671250 29.671184 29.671163 29.671156 29.671154 29.671154 29.671153 29.671153 29.671153 29.671153 29.671153 29.671153 29.671152 29.671149 29.671138 29.671105 29.671007 29.670727 29.669958 29.667933 29.662818 29.650418 29.621555 29.556959 29.417673 29.127406 28.540243 27.381164 25.136691 20.868596 13.015791 0.000000 
50.000000 47.782827 45.719801 43.932984 42.491378 41.406787 40.644849 40.144256 39.836141 39.658148 39.561458 39.511969 39.488058 39.477131 39.472398 39.470453 39.469692 39.469409 39.469308 39.469274 39.469263 39.469259 39.469258 39.469258 39.469258 39.469258 39.469258 39.469258 39.469258 39.469258 39.469257 39.469255 39.469249 39.469230 39.469175 39.469015 39.468575 39.467413 39.464466 39.457281 39.440432 39.402333 39.318966 39.141404 38.769917 37.995640 36.353622 32.704010 23.891414 0.000000 
50.000000 50.000000 50.000000 50.000000 50.000000 50.000000 50.000000 50.000000 50.000000 50.000000 50.000000 50.000000 50.000000 50.000000 50.000000 50.000000 50.000000 50.000000 50.000000 50.000000 50.000000 50.000000 50.000000 50.000000 50.000000 50.000000 50.000000 50.000000 50.000000 50.000000 50.000000 50.000000 50.000000 50.000000 50.000000 50.000000 50.000000 50.000000 50.000000 50.000000 50.000000 50.000000 50.000000 50.000000 50.000000 50.000000 50.000000 50.000000 50.000000 50.000000 
