50.000000 50.000000 50.000000 50.000000 50.000000 50.000000 50.000000 50.000000 50.000000 50.000000 50.000000 50.000000 50.000000 50.000000 50.000000 50.000000 50.000000 50.000000 50.000000 50.000000 50.000000 50.000000 50.000000 50.000000 50.000000 50.000000 50.000000 50.000000 50.000000 50.000000 50.000000 50.000000 50.000000 50.000000 50.000000 50.000000 50.000000 50.000000 50.000000 50.000000 50.000000 50.000000 50.000000 50.000000 50.000000 50.000000 50.000000 50.000000 50.000000 50.000000 
50.000000 47.652059 45.476959 43.609456 42.122091 41.021830 40.264676 39.779080 39.488251 39.325249 39.239566 39.197234 39.177532 39.168876 39.165279 39.163862 39.163332 39.163144 39.163080 39.163059 39.163052 39.163051 39.163050 39.163050 39.163050 39.163050 39.163050 39.163050 39.163050 39.163050 39.163049 39.163048 39.163045 39.163033 39.162995 39.162883 39.162563 39.161682 39.159360 39.153492 39.139260 39.106055 39.031283 38.867869 38.518168 37.775215 36.175173 32.577918 23.826029 0.000000 
50.000000 45.476959 41.286893 37.689408 34.824244 32.704805 31.246326 30.310963 29.750777 29.436816 29.271789 29.190256 29.152313 29.135643 29.128716 29.125988 29.124967 29.124604 29.124481 29.124441 29.124429 29.124425 29.124424 29.124424 29.124424 29.124423 29.124423 29.124423 29.124423 29.124423 29.124423 29.124421 29.124414 29.124393 29.124328 29.124134 29.123577 29.122053 29.118054 29.108005 29.083813 29.027952 28.904009 28.639000 28.090732 26.987580 24.818056 20.643447 12.899040 0.000000 
50.000000 43.609456 37.689408 32.606670 28.558677 25.564343 23.503875 22.182487 21.391145 20.947651 20.714548 20.599389 20.545799 20.522258 20.512475 20.508622 20.507181 20.506669 20.506495 20.506438 20.506421 20.506416 20.506414 20.506414 20.506414 20.506414 20.506414 20.506414 20.506414 20.506414 20.506413 20.506411 20.506403 20.506378 20.506300 20.506068 20.505407 20.503605 20.498908 20.487199 20.459302 20.395773 20.257444 19.969289 19.394745 18.298596 16.303335 12.871352 7.434282 0.000000 
50.000000 42.122091 34.824244 28.558677 23.568774 19.877816 17.338080 15.709407 14.734089 14.187519 13.900256 13.758349 13.692317 13.663312 13.651260 13.646513 13.644738 13.644107 13.643892 13.643823 13.643802 13.643795 13.643793 13.643793 13.643793 13.643793 13.643793 13.643793 13.643793 13.643793 13.643792 13.643790 13.643782 13.643757 13.643681 13.643456 13.642817 13.641085 13.636601 13.625529 13.599456 13.540971 13.416100 13.162622 12.674297 11.784387 10.260082 7.836665 4.346877 0.000000 
50.000000 41.021830 32.704805 25.564343 19.877816 15.671710 12.777619 10.921793 9.810504 9.187772 8.860500 8.698841 8.623622 8.590584 8.576858 8.571452 8.569431 8.568712 8.568468 8.568389 8.568365 8.568357 8.568355 8.568355 8.568355 8.568355 8.568355 8.568355 8.568354 8.568354 8.568354 8.568352 8.568345 8.568325 8.568260 8.568071 8.567538 8.566102 8.562415 8.553395 8.532407 8.486024 8.388828 8.196138 7.835855 7.203519 6.169598 4.614073 2.503662 0.000000 
50.000000 40.264676 31.246326 23.503875 17.338080 12.777619 9.639825 7.627813 6.423058 5.747987 5.393231 5.218006 5.136481 5.100676 5.085801 5.079943 5.077753 5.076974 5.076710 5.076624 5.076598 5.076590 5.076588 5.076587 5.076587 5.076587 5.076587 5.076587 5.076587 5.076587 5.076586 5.076585 5.076580 5.076564 5.076517 5.076376 5.075981 5.074925 5.072235 5.065715 5.050718 5.018029 4.950684 4.819913 4.581482 4.175458 3.534586 2.607326 1.396807 0.000000 
50.000000 39.779080 30.310963 22.182487 15.709407 10.921793 7.627813 5.515730 4.251109 3.542526 3.170178 2.986273 2.900715 2.863141 2.847532 2.841386 2.839088 2.838271 2.837994 2.837904 2.837876 2.837868 2.837866 2.837865 2.837865 2.837865 2.837865 2.837865 2.837865 2.837865 2.837864 2.837863 2.837860 2.837849 2.837817 2.837723 2.837459 2.836759 2.834986 2.830730 2.821041 2.800188 2.757865 2.677128 2.532965 2.293307 1.925043 1.406954 0.747798 0.000000 
50.000000 39.488251 29.750777 21.391145 14.734089 9.810504 6.423058 4.251109 2.950686 2.222069 1.839208 1.650120 1.562153 1.523524 1.507477 1.501159 1.498797 1.497956 1.497672 1.497579 1.497551 1.497542 1.497540 1.497539 1.497539 1.497539 1.497539 1.497539 1.497539 1.497539 1.497539 1.497538 1.497536 1.497530 1.497510 1.497452 1.497291 1.496867 1.495801 1.493261 1.487533 1.475343 1.450921 1.405029 1.324480 1.193119 0.995372 0.722825 0.382196 0.000000 
50.000000 39.325249 29.436816 20.947651 14.187519 9.187772 5.747987 3.542526 2.222069 1.482246 1.093508 0.901523 0.812212 0.772993 0.756702 0.750288 0.747890 0.747037 0.746748 0.746654 0.746625 0.746617 0.746614 0.746614 0.746613 0.746613 0.746613 0.746613 0.746613 0.746613 0.746613 0.746613 0.746612 0.746608 0.746597 0.746564 0.746474 0.746237 0.745646 0.744248 0.741123 0.734535 0.721485 0.697270 0.655364 0.588063 0.488349 0.353003 0.185988 0.000000 
50.000000 39.239566 29.271789 20.714548 13.900256 8.860500 5.393231 3.170178 1.839208 1.093508 0.701688 0.508186 0.418170 0.378643 0.362224 0.355760 0.353344 0.352484 0.352193 0.352099 0.352069 0.352061 0.352058 0.352058 0.352057 0.352057 0.352057 0.352057 0.352057 0.352057 0.352057 0.352057 0.352057 0.352055 0.352049 0.352032 0.351985 0.351862 0.351558 0.350844 0.349259 0.345947 0.339447 0.327515 0.307105 0.274727 0.227349 0.163783 0.086074 0.000000 
50.000000 39.197234 29.190256 20.599389 13.758349 8.698841 5.218006 2.986273 1.650120 0.901523 0.508186 0.313936 0.223574 0.183895 0.167413 0.160925 0.158499 0.157636 0.157344 0.157249 0.157220 0.157211 0.157209 0.157208 0.157208 0.157208 0.157208 0.157208 0.157208 0.157208 0.157208 0.157208 0.157207 0.157206 0.157204 0.157195 0.157173 0.157114 0.156968 0.156627 0.155876 0.154319 0.151287 0.145771 0.136426 0.121748 0.100481 0.072202 0.037874 0.000000 
50.000000 39.177532 29.152313 20.545799 13.692317 8.623622 5.136481 2.900715 1.562153 0.812212 0.418170 0.223574 0.133052 0.093302 0.076792 0.070292 0.067862 0.066998 0.066705 0.066610 0.066581 0.066572 0.066569 0.066569 0.066569 0.066569 0.066568 0.066568 0.066568 0.066568 0.066568 0.066568 0.066568 0.066568 0.066567 0.066563 0.066553 0.066526 0.066460 0.066308 0.065974 0.065286 0.063957 0.061555 0.057520 0.051232 0.042194 0.030259 0.015850 0.000000 
50.000000 39.168876 29.135643 20.522258 13.663312 8.590584 5.100676 2.863141 1.523524 0.772993 0.378643 0.183895 0.093302 0.053522 0.036999 0.030494 0.028063 0.027198 0.026904 0.026809 0.026780 0.026771 0.026769 0.026768 0.026768 0.026768 0.026768 0.026768 0.026768 0.026768 0.026768 0.026768 0.026768 0.026768 0.026767 0.026766 0.026761 0.026750 0.026722 0.026658 0.026519 0.026232 0.025682 0.024694 0.023046 0.020495 0.016851 0.012066 0.006313 0.000000 
50.000000 39.165279 29.128716 20.512475 13.651260 8.576858 5.085801 2.847532 1.507477 0.756702 0.362224 0.167413 0.076792 0.036999 0.020471 0.013964 0.011531 0.010666 0.010373 0.010278 0.010249 0.010240 0.010237 0.010237 0.010237 0.010236 0.010236 0.010236 0.010236 0.010236 0.010236 0.010236 0.010236 0.010236 0.010236 0.010236 0.010234 0.010229 0.010218 0.010193 0.010138 0.010025 0.009809 0.009425 0.008786 0.007804 0.006408 0.004583 0.002396 0.000000 
50.000000 39.163862 29.125988 20.508622 13.646513 8.571452 5.079943 2.841386 1.501159 0.750288 0.355760 0.160925 0.070292 0.030494 0.013964 0.007456 0.005023 0.004158 0.003865 0.003770 0.003740 0.003732 0.003729 0.003728 0.003728 0.003728 0.003728 0.003728 0.003728 0.003728 0.003728 0.003728 0.003728 0.003728 0.003728 0.003728 0.003727 0.003726 0.003721 0.003712 0.003691 0.003649 0.003569 0.003427 0.003192 0.002832 0.002323 0.001660 0.000867 0.000000 
50.000000 39.163332 29.124967 20.507181 13.644738 8.569431 5.077753 2.839088 1.498797 0.747890 0.353344 0.158499 0.067862 0.028063 0.011531 0.005023 0.002590 0.001725 0.001431 0.001337 0.001307 0.001299 0.001296 0.001295 0.001295 0.001295 0.001295 0.001295 0.001295 0.001295 0.001295 0.001295 0.001295 0.001295 0.001295 0.001295 0.001295 0.001294 0.001293 0.001289 0.001282 0.001267 0.001239 0.001189 0.001106 0.000981 0.000804 0.000574 0.000300 0.000000 
50.000000 39.163144 29.124604 20.506669 13.644107 8.568712 5.076974 2.838271 1.497956 0.747037 0.352484 0.157636 0.066998 0.027198 0.010666 0.004158 0.001725 0.000859 0.000566 0.000471 0.000442 0.000433 0.000431 0.000430 0.000430 0.000430 0.000430 0.000430 0.000430 0.000430 0.000430 0.000430 0.000430 0.000430 0.000430 0.000430 0.000430 0.000429 0.000429 0.000428 0.000425 0.000420 0.000411 0.000394 0.000366 0.000325 0.000266 0.000190 0.000099 0.000000 
50.000000 39.163080 29.124481 20.506495 13.643892 8.568468 5.076710 2.837994 1.497672 0.746748 0.352193 0.157344 0.066705 0.026904 0.010373 0.003865 0.001431 0.000566 0.000273 0.000178 0.000148 0.000140 0.000137 0.000137 0.000136 0.000136 0.000136 0.000136 0.000136 0.000136 0.000136 0.000136 0.000136 0.000136 0.000136 0.000136 0.000136 0.000136 0.000136 0.000136 0.000135 0.000133 0.000130 0.000125 0.000116 0.000103 0.000084 0.000060 0.000031 0.000000 
50.000000 39.163059 29.124441 20.506438 13.643823 8.568389 5.076624 2.837904 1.497579 0.746654 0.352099 0.157249 0.066610 0.026809 0.010278 0.003770 0.001337 0.000471 0.000178 0.000083 0.000054 0.000045 0.000042 0.000042 0.000042 0.000041 0.000041 0.000041 0.000041 0.000041 0.000041 0.000041 0.000041 0.000041 0.000041 0.000041 0.000041 0.000041 0.000041 0.000041 0.000041 0.000041 0.000040 0.000038 0.000035 0.000031 0.000026 0.000018 0.000009 0.000000 
50.000000 39.163052 29.124429 20.506421 13.643802 8.568365 5.076598 2.837876 1.497551 0.746625 0.352069 0.157220 0.066581 0.026780 0.010249 0.003740 0.001307 0.000442 0.000148 0.000054 0.000024 0.000015 0.000013 0.000012 0.000012 0.000012 0.000012 0.000012 0.000012 0.000012 0.000012 0.000012 0.000012 0.000012 0.000012 0.000012 0.000012 0.000012 0.000012 0.000012 0.000012 0.000012 0.000012 0.000011 0.000010 0.000009 0.000007 0.000005 0.000003 0.000000 
50.000000 39.163051 29.124425 20.506416 13.643795 8.568357 5.076590 2.837868 1.497542 0.746617 0.352061 0.157211 0.066572 0.026771 0.010240 0.003732 0.001299 0.000433 0.000140 0.000045 0.000015 0.000007 0.000004 0.000004 0.000003 0.000003 0.000003 0.000003 0.000003 0.000003 0.000003 0.000003 0.000003 0.000003 0.000003 0.000003 0.000003 0.000003 0.000003 0.000003 0.000003 0.000003 0.000003 0.000003 0.000003 0.000003 0.000002 0.000001 0.000001 0.000000 
50.000000 39.163050 29.124424 20.506414 13.643793 8.568355 5.076588 2.837866 1.497540 0.746614 0.352058 0.157209 0.066569 0.026769 0.010237 0.003729 0.001296 0.000431 0.000137 0.000042 0.000013 0.000004 0.000002 0.000001 0.000001 0.000001 0.000001 0.000001 0.000001 0.000001 0.000001 0.000001 0.000001 0.000001 0.000001 0.000001 0.000001 0.000001 0.000001 0.000001 0.000001 0.000001 0.000001 0.000001 0.000001 0.000001 0.000001 0.000000 0.000000 0.000000 
50.000000 39.163050 29.124424 20.506414 13.643793 8.568355 5.076587 2.837865 1.497539 0.746614 0.352058 0.157208 0.066569 0.026768 0.010237 0.003728 0.001295 0.000430 0.000137 0.000042 0.000012 0.000004 0.000001 0.000000 0.000000 0.000000 0.000000 0.000000 0.000000 0.000000 0.000000 0.000000 0.000000 0.000000 0.000000 0.000000 0.000000 0.000000 0.000000 0.000000 0.000000 0.000000 0.000000 0.000000 0.000000 0.000000 0.000000 0.000000 0.000000 0.000000 
50.000000 39.163050 29.124424 20.506414 13.643793 8.568355 5.076587 2.837865 1.497539 0.746613 0.352057 0.157208 0.066569 0.026768 0.010237 0.003728 0.001295 0.000430 0.000136 0.000042 0.000012 0.000003 0.000001 0.000000 0.000000 0.000000 0.000000 0.000000 0.000000 0.000000 0.000000 0.000000 0.000000 0.000000 0.000000 0.000000 0.000000 0.000000 0.000000 0.000000 0.000000 0.000000 0.000000 0.000000 0.000000 0.000000 0.000000 0.000000 0.000000 0.000000 
50.000000 39.163050 29.124424 20.506414 13.643793 8.568355 5.076587 2.837865 1.497539 0.746613 0.352057 0.157208 0.066569 0.026768 0.010237 0.003728 0.001295 0.000430 0.000136 0.000042 0.000012 0.000003 0.000001 0.000000 0.000000 0.000000 0.000000 0.000000 0.000000 0.000000 0.000000 0.000000 0.000000 0.000000 0.000000 0.000000 0.000000 0.000000 0.000000 0.000000 0.000000 0.000000 0.000000 0.000000 0.000000 0.000000 0.000000 0.000000 0.000000 0.000000 
50.000000 39.163050 29.124424 20.506414 13.643793 8.568355 5.076587 2.837865 1.497539 0.746614 0.352058 0.157208 0.066569 0.026768 0.010237 0.003728 0.001295 0.000430 0.000137 0.000042 0.000012 0.000004 0.000001 0.000000 0.000000 0.000000 0.000000 0.000000 0.000000 0.000000 0.000000 0.000000 0.000000 0.000000 0.000000 0.000000 0.000000 0.000000 0.000000 0.000000 0.000000 0.000000 0.000000 0.000000 0.000000 0.000000 0.000000 0.000000 0.000000 0.000000 
50.000000 39.163050 29.124424 20.506414 13.643793 8.568355 5.076588 2.837866 1.497540 0.746614 0.352058 0.157209 0.066569 0.026769 0.010237 0.003729 0.001296 0.000431 0.000137 0.000042 0.000013 0.000004 0.000002 0.000001 0.000001 0.000001 0.000001 0.000001 0.000001 0.000001 0.000001 0.000001 0.000001 0.000001 0.000001 0.000001 0.000001 0.000001 0.000001 0.000001 0.000001 0.000001 0.000001 0.000001 0.000001 0.000001 0.000001 0.000000 0.000000 0.000000 
50.000000 39.163051 29.124425 20.506416 13.643795 8.568357 5.076590 2.837868 1.497542 0.746617 0.352061 0.157211 0.066572 0.026771 0.010240 0.003732 0.001299 0.000433 0.000140 0.000045 0.000015 0.000007 0.000004 0.000004 0.000003 0.000003 0.000003 0.000003 0.000003 0.000003 0.000003 0.000003 0.000003 0.000003 0.000003 0.000003 0.000003 0.000003 0.000003 0.000003 0.000003 0.000003 0.000003 0.000003 0.000003 0.000003 0.000002 0.000001 0.000001 0.000000 
50.000000 39.163052 29.124429 20.506421 13.643802 8.568365 5.076598 2.837876 1.497551 0.746625 0.352069 0.157220 0.066581 0.026780 0.010249 0.003740 0.001307 0.000442 0.000148 0.000054 0.000024 0.000015 0.000013 0.000012 0.000012 0.000012 0.000012 0.000012 0.000012 0.000012 0.000012 0.000012 0.000012 0.000012 0.000012 0.000012 0.000012 0.000012 0.000012 0.000012 0.000012 0.000012 0.000012 0.000011 0.000010 0.000009 0.000007 0.000005 0.000003 0.000000 
50.000000 39.163059 29.124441 20.506438 13.643823 8.568389 5.076624 2.837904 1.497579 0.746654 0.352099 0.157249 0.066610 0.026809 0.010278 0.003770 0.001337 0.000471 0.000178 0.000083 0.000054 0.000045 0.000042 0.000042 0.000042 0.000041 0.000041 0.000041 0.000041 0.000041 0.000041 0.000041 0.000041 0.000041 0.000041 0.000041 0.000041 0.000041 0.000041 0.000041 0.000041 0.000041 0.000040 0.000038 0.000035 0.000031 0.000026 0.000018 0.000009 0.000000 
50.000000 39.163080 29.124481 20.506495 13.643892 8.568468 5.076710 2.837994 1.497672 0.746748 0.352193 0.157344 0.066705 0.026904 0.010373 0.003865 0.001431 0.000566 0.000273 0.000178 0.000148 0.000140 0.000137 0.000137 0.000136 0.000136 0.000136 0.000136 0.000136 0.000136 0.000136 0.000136 0.000136 0.000136 0.000136 0.000136 0.000136 0.000136 0.000136 0.000136 0.000135 0.000133 0.000130 0.000125 0.000116 0.000103 0.000084 0.000060 0.000031 0.000000 
50.000000 39.163144 29.124604 20.506669 13.644107 8.568712 5.076974 2.838271 1.497956 0.747037 0.352484 0.157636 0.066998 0.027198 0.010666 0.004158 0.001725 0.000859 0.000566 0.000471 0.000442 0.000433 0.000431 0.000430 0.000430 0.000430 0.000430 0.000430 0.000430 0.000430 0.000430 0.000430 0.000430 0.000430 0.000430 0.000430 0.000430 0.000429 0.000429 0.000428 0.000425 0.000420 0.000411 0.000394 0.000366 0.000325 0.000266 0.000190 0.000099 0.000000 
50.000000 39.163332 29.124967 20.507181 13.644738 8.569431 5.077753 2.839088 1.498797 0.747890 0.353344 0.158499 0.067862 0.028063 0.011531 0.005023 0.002590 0.001725 0.001431 0.001337 0.001307 0.001299 0.001296 0.001295 0.001295 0.001295 0.001295 0.001295 0.001295 0.001295 0.001295 0.001295 0.001295 0.001295 0.001295 0.001295 0.001295 0.001294 0.001293 0.001289 0.001282 0.001267 0.001239 0.001189 0.001106 0.000981 0.000804 0.000574 0.000300 0.000000 
50.000000 39.163862 29.125988 20.508622 13.646513 8.571452 5.079943 2.841386 1.501159 0.750288 0.355760 0.160925 0.070292 0.030494 0.013964 0.007456 0.005023 0.004158 0.003865 0.003770 0.003740 0.003732 0.003729 0.003728 0.003728 0.003728 0.003728 0.003728 0.003728 0.003728 0.003728 0.003728 0.003728 0.003728 0.003728 0.003728 0.003727 0.003726 0.003721 0.003712 0.003691 0.003649 0.003569 0.003427 0.003192 0.002832 0.002323 0.001660 0.000867 0.000000 
50.000000 39.165279 29.128716 20.512475 13.651260 8.576858 5.085801 2.847532 1.507477 0.756702 0.362224 0.167413 0.076792 0.036999 0.020471 0.013964 0.011531 0.010666 0.010373 0.010278 0.010249 0.010240 0.010237 0.010237 0.010237 0.010236 0.010236 0.010236 0.010236 0.010236 0.010236 0.010236 0.010236 0.010236 0.010236 0.010236 0.010234 0.010229 0.010218 0.010193 0.010138 0.010025 0.009809 0.009425 0.008786 0.007804 0.006408 0.004583 0.002396 0.000000 
50.000000 39.168876 29.135643 20.522258 13.663312 8.590584 5.100676 2.863141 1.523524 0.772993 0.378643 0.183895 0.093302 0.053522 0.036999 0.030494 0.028063 0.027198 0.026904 0.026809 0.026780 0.026771 0.026769 0.026768 0.026768 0.026768 0.026768 0.026768 0.026768 0.026768 0.026768 0.026768 0.026768 0.026768 0.026767 0.026766 0.026761 0.026750 0.026722 0.026658 0.026519 0.026232 0.025682 0.024694 0.023046 0.020495 0.016851 0.012066 0.006313 0.000000 
50.000000 39.177532 29.152313 20.545799 13.692317 8.623622 5.136481 2.900715 1.562153 0.812212 0.418170 0.223574 0.133052 0.093302 0.076792 0.070292 0.067862 0.066998 0.066705 0.066610 0.066581 0.066572 0.066569 0.066569 0.066569 0.066569 0.066568 0.066568 0.066568 0.066568 0.066568 0.066568 0.066568 0.066568 0.066567 0.066563 0.066553 0.066526 0.066460 0.066308 0.065974 0.065286 0.063957 0.061555 0.057520 0.051232 0.042194 0.030259 0.015850 0.000000 
50.000000 39.197234 29.190256 20.599389 13.758349 8.698841 5.218006 2.986273 1.650120 0.901523 0.508186 0.313936 0.223574 0.183895 0.167413 0.160925 0.158499 0.157636 0.157344 0.157249 0.157220 0.157211 0.157209 0.157208 0.157208 0.157208 0.157208 0.157208 0.157208 0.157208 0.157208 0.157208 0.157207 0.157206 0.157204 0.157195 0.157173 0.157114 0.156968 0.156627 0.155876 0.154319 0.151287 0.145771 0.136426 0.121748 0.100481 0.072202 0.037874 0.000000 
50.000000 39.239566 29.271789 20.714548 13.900256 8.860500 5.393231 3.170178 1.839208 1.093508 0.701688 0.508186 0.418170 0.378643 0.362224 0.355760 0.353344 0.352484 0.352193 0.352099 0.352069 0.352061 0.352058 0.352058 0.352057 0.352057 0.352057 0.352057 0.352057 0.352057 0.352057 0.352057 0.352057 0.352055 0.352049 0.352032 0.351985 0.351862 0.351558 0.350844 0.349259 0.345947 0.339447 0.327515 0.307105 0.274727 0.227349 0.163783 0.086074 0.000000 
50.000000 39.325249 29.436816 20.947651 14.187519 9.187772 5.747987 3.542526 2.222069 1.482246 1.093508 0.901523 0.812212 0.772993 0.756702 0.750288 0.747890 0.747037 0.746748 0.746654 0.746625 0.746617 0.746614 0.746614 0.746613 0.746613 0.746613 0.746613 0.746613 0.746613 0.746613 0.746613 0.746612 0.746608 0.746597 0.746564 0.746474 0.746237 0.745646 0.744248 0.741123 0.734535 0.721485 0.697270 0.655364 0.588063 0.488349 0.353003 0.185988 0.000000 
50.000000 39.488251 29.750777 21.391145 14.734089 9.810504 6.423058 4.251109 2.950686 2.222069 1.839208 1.650120 1.562153 1.523524 1.507477 1.501159 1.498797 1.497956 1.497672 1.497579 1.497551 1.497542 1.497540 1.497539 1.497539 1.497539 1.497539 1.497539 1.497539 1.497539 1.497539 1.497538 1.497536 1.497530 1.497510 1.497452 1.497291 1.496867 1.495801 1.493261 1.487533 1.475343 1.450921 1.405029 1.324480 1.193119 0.995372 0.722825 0.382196 0.000000 
50.000000 39.779080 30.310963 22.182487 15.709407 10.921793 7.627813 5.515730 4.251109 3.542526 3.170178 2.986273 2.900715 2.863141 2.847532 2.841386 2.839088 2.838271 2.837994 2.837904 2.837876 2.837868 2.837866 2.837865 2.837865 2.837865 2.837865 2.837865 2.837865 2.837865 2.837864 2.837863 2.837860 2.837849 2.837817 2.837723 2.837459 2.836759 2.834986 2.830730 2.821041 2.800188 2.757865 2.677128 2.532965 2.293307 1.925043 1.406954 0.747798 0.000000 
50.000000 40.264676 31.246326 23.503875 17.338080 12.777619 9.639825 7.627813 6.423058 5.747987 5.393231 5.218006 5.136481 5.100676 5.085801 5.079943 5.077753 5.076974 5.076710 5.076624 5.076598 5.076590 5.076588 5.076587 5.076587 5.076587 5.076587 5.076587 5.076587 5.076587 5.076586 5.076585 5.076580 5.076564 5.076517 5.076376 5.075981 5.074925 5.072235 5.065715 5.050718 5.018029 4.950684 4.819913 4.581482 4.175458 3.534586 2.607326 1.396807 0.000000 
50.000000 41.021830 32.704805 25.564343 19.877816 15.671710 12.777619 10.921793 9.810504 9.187772 8.860500 8.698841 8.623622 8.590584 8.576858 8.571452 8.569431 8.568712 8.568468 8.568389 8.568365 8.568357 8.568355 8.568355 8.568355 8.568355 8.568355 8.568355 8.568354 8.568354 8.568354 8.568352 8.568345 8.568325 8.568260 8.568071 8.567538 8.566102 8.562415 8.553395 8.532407 8.486024 8.388828 8.196138 7.835855 7.203519 6.169598 4.614073 2.503662 0.000000 
50.000000 42.122091 34.824244 28.558677 23.568774 19.877816 17.338080 15.709407 14.734089 14.187519 13.900256 13.758349 13.692317 13.663312 13.651260 13.646513 13.644738 13.644107 13.643892 13.643823 13.643802 13.643795 13.643793 13.643793 13.643793 13.643793 13.643793 13.643793 13.643793 13.643793 13.643792 13.643790 13.643782 13.643757 13.643681 13.643456 13.642817 13.641085 13.636601 13.625529 13.599456 13.540971 13.416100 13.162622 12.674297 11.784387 10.260082 7.836665 4.346877 0.000000 
50.000000 43.609456 37.689408 32.606670 28.558677 25.564343 23.503875 22.182487 21.391145 20.947651 20.714548 20.599389 20.545799 20.522258 20.512475 20.508622 20.507181 20.506669 20.506495 20.506438 20.506421 20.506416 20.506414 20.506414 20.506414 20.506414 20.506414 20.506414 20.506414 20.506414 20.506413 20.506411 20.506403 20.506378 20.506300 20.506068 20.505407 20.503605 20.498908 20.487199 20.459302 20.395773 20.257444 19.969289 19.394745 18.298596 16.303335 12.871352 7.434282 0.000000 
50.000000 45.476959 41.286893 37.689408 34.824244 32.704805 31.246326 30.310963 29.750777 29.436816 29.271789 29.190256 29.152313 29.135643 29.128716 29.125988 29.124967 29.124604 29.124481 29.124441 29.124429 29.124425 29.124424 29.124424 29.124424 29.124423 29.124423 29.124423 29.124423 29.124423 29.124423 29.124421 29.124414 29.124393 29.124328 29.124134 29.123577 29.122053 29.118054 29.108005 29.083813 29.027952 28.904009 28.639000 28.090732 26.987580 24.818056 20.643447 12.899040 0.000000 
50.000000 47.652059 45.476959 43.609456 42.122091 41.021830 40.264676 39.779080 39.488251 39.325249 39.239566 39.197234 39.177532 39.168876 39.165279 39.163862 39.163332 39.163144 39.163080 39.163059 39.163052 39.163051 39.163050 39.163050 39.163050 39.163050 39.163050 39.163050 39.163050 39.163050 39.163049 39.163048 39.163045 39.163033 39.162995 39.162883 39.162563 39.161682 39.159360 39.153492 39.139260 39.106055 39.031283 38.867869 38.518168 37.775215 36.175173 32.577918 23.826029 0.000000 
50.000000 50.000000 50.000000 50.000000 50.000000 50.000000 50.000000 50.000000 50.000000 50.000000 50.000000 50.000000 50.000000 50.000000 50.000000 50.000000 50.000000 50.000000 50.000000 50.000000 50.000000 50.000000 50.000000 50.000000 50.000000 50.000000 50.000000 50.000000 50.000000 50.000000 50.000000 50.000000 50.000000 50.000000 50.000000 50.000000 50.000000 50.000000 50.000000 50.000000 50.000000 50.000000 50.000000 50.000000 50.000000 50.000000 50.000000 50.000000 50.000000 50.000000 
