50.000000 50.000000 50.000000 50.000000 50.000000 50.000000 50.000000 50.000000 50.000000 50.000000 50.000000 50.000000 50.000000 50.000000 50.000000 50.000000 50.000000 50.000000 50.000000 50.000000 50.000000 50.000000 50.000000 50.000000 50.000000 50.000000 50.000000 50.000000 50.000000 50.000000 50.000000 50.000000 50.000000 50.000000 50.000000 50.000000 50.000000 50.000000 50.000000 50.000000 50.000000 50.000000 50.000000 50.000000 50.000000 50.000000 50.000000 50.000000 50.000000 50.000000 
50.000000 48.900604 47.839149 46.849651 45.958953 45.184666 44.534532 44.007158 43.593774 43.280571 43.051134 42.888573 42.777136 42.703198 42.655695 42.626134 42.608305 42.597881 42.591969 42.588716 42.586977 42.586075 42.585620 42.585397 42.585289 42.585237 42.585209 42.585185 42.585148 42.585078 42.584931 42.584631 42.584026 42.582836 42.580547 42.576241 42.568313 42.554011 42.528700 42.484656 42.409110 42.280902 42.064510 41.698575 41.071853 39.967461 37.918740 33.792726 24.450302 0.000000 
50.000000 47.839149 45.752871 43.808027 42.057374 40.535527 39.257704 38.221166 37.408674 36.793087 36.342138 36.022634 35.803612 35.658291 35.564930 35.506829 35.471789 35.451301 35.439682 35.433288 35.429871 35.428099 35.427204 35.426765 35.426554 35.426452 35.426397 35.426350 35.426282 35.426149 35.425874 35.425310 35.424177 35.421950 35.417672 35.409642 35.394894 35.368373 35.321619 35.240685 35.102826 34.871115 34.485412 33.846576 32.787572 31.018718 28.023498 22.876436 14.046423 0.000000 
50.000000 46.849651 43.808027 40.972604 38.420303 36.201586 34.338641 32.827473 31.642946 30.745491 30.088063 29.622269 29.302966 29.091111 28.955005 28.870305 28.819223 28.789356 28.772418 28.763097 28.758117 28.755533 28.754229 28.753589 28.753282 28.753134 28.753054 28.752989 28.752896 28.752715 28.752344 28.751583 28.750057 28.747064 28.741332 28.730603 28.710975 28.675847 28.614291 28.508560 28.330284 28.034691 27.551746 26.772510 25.528339 23.560847 20.486302 15.784528 8.930911 0.000000 
50.000000 45.958953 42.057374 38.420303 35.146409 32.300419 29.910797 27.972412 26.453023 25.301867 24.458598 23.861139 23.451583 23.179848 23.005276 22.896637 22.831120 22.792813 22.771089 22.759134 22.752747 22.749433 22.747761 22.746941 22.746547 22.746358 22.746257 22.746178 22.746069 22.745860 22.745432 22.744557 22.742805 22.739381 22.732843 22.720658 22.698474 22.659010 22.590374 22.473589 22.279030 21.961424 21.453004 20.654597 19.425204 17.573204 14.859457 11.038657 5.991493 0.000000 
50.000000 45.184666 40.535527 36.201586 32.300419 28.909157 26.061716 23.751977 21.941517 20.569844 19.565048 18.853153 18.365157 18.041382 17.833380 17.703939 17.625878 17.580238 17.554355 17.540112 17.532502 17.528554 17.526562 17.525585 17.525116 17.524892 17.524775 17.524688 17.524571 17.524353 17.523908 17.523002 17.521194 17.517671 17.510972 17.498545 17.476049 17.436303 17.367752 17.252305 17.062425 16.757389 16.278872 15.546434 14.454579 12.875215 10.673246 7.747955 4.112813 0.000000 
50.000000 44.534532 39.257704 34.338641 29.910797 26.061716 22.829889 20.208368 18.153539 16.596738 15.456339 14.648380 14.094540 13.727083 13.491022 13.344122 13.255533 13.203739 13.174367 13.158203 13.149568 13.145088 13.142828 13.141719 13.141188 13.140935 13.140805 13.140714 13.140599 13.140388 13.139962 13.139096 13.137376 13.134035 13.127711 13.116040 13.095041 13.058209 12.995237 12.890298 12.719891 12.450363 12.035489 11.414944 10.515281 9.256200 7.566132 5.411128 2.835957 0.000000 
50.000000 44.007158 38.221166 32.827473 27.972412 23.751977 20.208368 17.333965 15.080937 13.373990 12.123619 11.237756 10.630522 10.227645 9.968833 9.807778 9.710655 9.653871 9.621670 9.603951 9.594485 9.589573 9.587096 9.585881 9.585299 9.585023 9.584885 9.584793 9.584685 9.584494 9.584112 9.583339 9.581808 9.578848 9.573270 9.563032 9.544726 9.512855 9.458838 9.369748 9.226837 9.004057 8.666983 8.172879 7.473104 6.519409 5.275727 3.735754 1.942648 0.000000 
50.000000 43.593774 37.408674 31.642946 26.453023 21.941517 18.153539 15.080937 12.672576 10.847961 9.511410 8.564501 7.915430 7.484801 7.208165 7.036021 6.932212 6.871521 6.837105 6.818166 6.808049 6.802800 6.800153 6.798855 6.798234 6.797940 6.797796 6.797707 6.797610 6.797446 6.797122 6.796472 6.795187 6.792715 6.788078 6.779612 6.764571 6.738574 6.694883 6.623529 6.510369 6.336288 6.076880 5.703177 5.184128 4.491599 3.608255 2.537559 1.312872 0.000000 
50.000000 43.280571 36.793087 30.745491 25.301867 20.569844 16.596738 13.373990 10.847961 8.934217 7.532390 6.539246 5.858490 5.406846 5.116713 4.936173 4.827303 4.763653 4.727560 4.707699 4.697090 4.691585 4.688809 4.687448 4.686797 4.686491 4.686344 4.686258 4.686174 4.686040 4.685780 4.685260 4.684238 4.682279 4.678623 4.671983 4.660259 4.640137 4.606591 4.552304 4.467108 4.337592 4.147154 3.876847 3.507420 3.022837 2.415207 1.690261 0.871461 0.000000 
50.000000 43.051134 36.342138 30.088063 24.458598 19.565048 15.456339 12.123619 9.511410 7.532390 6.082762 5.055762 4.351805 3.884775 3.584761 3.398076 3.285500 3.219686 3.182366 3.161830 3.150860 3.145168 3.142299 3.140892 3.140219 3.139905 3.139755 3.139673 3.139602 3.139497 3.139297 3.138901 3.138126 3.136648 3.133902 3.128940 3.120230 3.105381 3.080809 3.041381 2.980086 2.887881 2.753871 2.566041 2.312742 1.985009 1.579503 1.101453 0.566478 0.000000 
50.000000 42.888573 36.022634 29.622269 23.861139 18.853153 14.648380 11.237756 8.564501 6.539246 5.055762 4.004784 3.284399 2.806474 2.499465 2.308428 2.193230 2.125884 2.087695 2.066682 2.055457 2.049633 2.046697 2.045257 2.044570 2.044249 2.044099 2.044020 2.043961 2.043881 2.043733 2.043445 2.042884 2.041818 2.039845 2.036300 2.030111 2.019624 2.002392 1.974952 1.932655 1.869618 1.778918 1.653143 1.485401 1.270765 1.007978 0.701016 0.359874 0.000000 
50.000000 42.777136 35.803612 29.302966 23.451583 18.365157 14.094540 10.630522 7.915430 5.858490 4.351805 3.284399 2.552759 2.067370 1.755569 1.561552 1.444559 1.376163 1.337380 1.316040 1.304640 1.298726 1.295744 1.294282 1.293585 1.293260 1.293109 1.293034 1.292984 1.292924 1.292820 1.292619 1.292229 1.291492 1.290134 1.287705 1.283486 1.276379 1.264775 1.246425 1.218353 1.176856 1.117666 1.036331 0.928854 0.792573 0.627120 0.435239 0.223125 0.000000 
50.000000 42.703198 35.658291 29.091111 23.179848 18.041382 13.727083 10.227645 7.484801 5.406846 3.884775 2.806474 2.067370 1.577033 1.262055 1.066063 0.947879 0.878788 0.839611 0.818054 0.806539 0.800565 0.797553 0.796077 0.795373 0.795045 0.794894 0.794822 0.794779 0.794735 0.794664 0.794528 0.794268 0.793779 0.792881 0.791281 0.788516 0.783884 0.776363 0.764545 0.746587 0.720231 0.682919 0.632042 0.565333 0.481374 0.380136 0.263397 0.134885 0.000000 
50.000000 42.655695 35.564930 28.955006 23.005276 17.833380 13.491022 9.968833 7.208165 5.116713 3.584762 2.499465 1.755569 1.262055 0.945039 0.747779 0.628831 0.559294 0.519864 0.498168 0.486579 0.480567 0.477535 0.476050 0.475341 0.475012 0.474861 0.474791 0.474754 0.474721 0.474673 0.474585 0.474418 0.474105 0.473534 0.472519 0.470774 0.467864 0.463165 0.455821 0.444730 0.428553 0.405801 0.374982 0.334834 0.284618 0.224402 0.155288 0.079455 0.000000 
50.000000 42.626134 35.506829 28.870305 22.896637 17.703939 13.344122 9.807778 7.036021 4.936173 3.398076 2.308428 1.561552 1.066063 0.747779 0.549731 0.430308 0.360494 0.320907 0.299125 0.287490 0.281453 0.278410 0.276918 0.276207 0.275877 0.275727 0.275658 0.275624 0.275599 0.275568 0.275513 0.275409 0.275216 0.274865 0.274245 0.273183 0.271418 0.268583 0.264174 0.257550 0.247944 0.234508 0.216411 0.192967 0.163794 0.128973 0.089156 0.045587 0.000000 
50.000000 42.608305 35.471789 28.819223 22.831120 17.625878 13.255534 9.710655 6.932212 4.827303 3.285501 2.193231 1.444559 0.947880 0.628831 0.430308 0.310600 0.240619 0.200937 0.179103 0.167441 0.161390 0.158339 0.156844 0.156131 0.155801 0.155651 0.155583 0.155551 0.155532 0.155511 0.155477 0.155415 0.155300 0.155092 0.154726 0.154101 0.153067 0.151413 0.148853 0.145024 0.139498 0.131807 0.121499 0.108207 0.091740 0.072159 0.049839 0.025469 0.000000 
50.000000 42.597881 35.451301 28.789356 22.792814 17.580238 13.203739 9.653871 6.871521 4.763653 3.219686 2.125884 1.376163 0.878788 0.559294 0.360494 0.240619 0.170540 0.130803 0.108939 0.097260 0.091201 0.088146 0.086649 0.085935 0.085604 0.085454 0.085388 0.085357 0.085341 0.085327 0.085307 0.085271 0.085204 0.085085 0.084876 0.084520 0.083934 0.083000 0.081560 0.079416 0.076334 0.072064 0.066364 0.059044 0.050008 0.039300 0.027124 0.013855 0.000000 
50.000000 42.591969 35.439682 28.772419 22.771090 17.554356 13.174367 9.621671 6.837106 4.727561 3.182367 2.087696 1.337381 0.839612 0.519865 0.320908 0.200938 0.130804 0.091036 0.069155 0.057467 0.051403 0.048346 0.046847 0.046133 0.045802 0.045652 0.045586 0.045556 0.045542 0.045532 0.045520 0.045499 0.045462 0.045396 0.045281 0.045085 0.044763 0.044252 0.043467 0.042302 0.040635 0.038333 0.035272 0.031354 0.026534 0.020836 0.014372 0.007338 0.000000 
50.000000 42.588716 35.433289 28.763098 22.759136 17.540114 13.158206 9.603953 6.818169 4.707702 3.161833 2.066685 1.316043 0.818057 0.498171 0.299128 0.179106 0.108942 0.069157 0.047266 0.035573 0.029506 0.026448 0.024949 0.024235 0.023903 0.023753 0.023687 0.023658 0.023645 0.023638 0.023630 0.023619 0.023599 0.023563 0.023501 0.023397 0.023226 0.022954 0.022539 0.021925 0.021049 0.019844 0.018246 0.016208 0.013706 0.010756 0.007415 0.003785 0.000000 
50.000000 42.586979 35.429874 28.758120 22.752752 17.532508 13.149574 9.594491 6.808056 4.697097 3.150868 2.055465 1.304648 0.806547 0.486587 0.287498 0.167448 0.097267 0.057473 0.035578 0.023882 0.017814 0.014755 0.013255 0.012541 0.012209 0.012060 0.011994 0.011965 0.011953 0.011946 0.011942 0.011935 0.011925 0.011906 0.011874 0.011820 0.011731 0.011592 0.011378 0.011064 0.010617 0.010003 0.009192 0.008160 0.006896 0.005409 0.003727 0.001902 0.000000 
50.000000 42.586078 35.428105 28.755541 22.749444 17.528567 13.145103 9.589589 6.802817 4.691603 3.145187 2.049652 1.298745 0.800584 0.480586 0.281473 0.161409 0.091220 0.051421 0.029523 0.017826 0.011757 0.008697 0.007198 0.006483 0.006152 0.006002 0.005936 0.005908 0.005896 0.005890 0.005887 0.005883 0.005878 0.005868 0.005852 0.005825 0.005780 0.005710 0.005604 0.005447 0.005224 0.004920 0.004518 0.004009 0.003386 0.002655 0.001829 0.000933 0.000000 
50.000000 42.585628 35.427219 28.754250 22.747788 17.526595 13.142864 9.587135 6.800195 4.688853 3.142344 2.046743 1.295791 0.797600 0.477583 0.278458 0.158387 0.088193 0.048392 0.026493 0.014795 0.008726 0.005666 0.004167 0.003452 0.003120 0.002971 0.002905 0.002877 0.002865 0.002859 0.002857 0.002855 0.002852 0.002847 0.002839 0.002825 0.002803 0.002769 0.002716 0.002640 0.002531 0.002382 0.002187 0.001939 0.001637 0.001283 0.000883 0.000451 0.000000 
50.000000 42.585415 35.426800 28.753640 22.747005 17.525662 13.141806 9.585975 6.798955 4.687553 3.140999 2.045367 1.294394 0.796189 0.476162 0.277032 0.156958 0.086762 0.046960 0.025060 0.013361 0.007292 0.004232 0.002733 0.002018 0.001687 0.001537 0.001471 0.001443 0.001431 0.001426 0.001424 0.001422 0.001421 0.001418 0.001414 0.001407 0.001396 0.001379 0.001352 0.001313 0.001259 0.001184 0.001087 0.000963 0.000813 0.000637 0.000438 0.000224 0.000000 
50.000000 42.585330 35.426635 28.753399 22.746697 17.525294 13.141388 9.585517 6.798466 4.687040 3.140469 2.044825 1.293843 0.795633 0.475603 0.276470 0.156394 0.086198 0.046395 0.024495 0.012796 0.006727 0.003667 0.002168 0.001453 0.001122 0.000972 0.000906 0.000878 0.000866 0.000861 0.000859 0.000858 0.000857 0.000855 0.000853 0.000848 0.000841 0.000831 0.000815 0.000791 0.000758 0.000713 0.000654 0.000579 0.000489 0.000383 0.000263 0.000134 0.000000 
50.000000 42.585330 35.426635 28.753399 22.746697 17.525294 13.141388 9.585517 6.798466 4.687040 3.140469 2.044825 1.293843 0.795633 0.475603 0.276470 0.156394 0.086198 0.046395 0.024495 0.012796 0.006727 0.003667 0.002168 0.001453 0.001122 0.000972 0.000906 0.000878 0.000866 0.000861 0.000859 0.000858 0.000857 0.000855 0.000853 0.000848 0.000841 0.000831 0.000815 0.000791 0.000758 0.000713 0.000654 0.000579 0.000489 0.000383 0.000263 0.000134 0.000000 
50.000000 42.585415 35.426800 28.753640 22.747005 17.525662 13.141806 9.585975 6.798955 4.687553 3.140999 2.045367 1.294394 0.796189 0.476162 0.277032 0.156958 0.086762 0.046960 0.025060 0.013361 0.007292 0.004232 0.002733 0.002018 0.001687 0.001537 0.001471 0.001443 0.001431 0.001426 0.001424 0.001422 0.001421 0.001418 0.001414 0.001407 0.001396 0.001379 0.001352 0.001313 0.001259 0.001184 0.001087 0.000963 0.000813 0.000637 0.000438 0.000224 0.000000 
50.000000 42.585628 35.427219 28.754250 22.747788 17.526595 13.142864 9.587135 6.800195 4.688853 3.142344 2.046743 1.295791 0.797600 0.477583 0.278458 0.158387 0.088193 0.048392 0.026493 0.014795 0.008726 0.005666 0.004167 0.003452 0.003120 0.002971 0.002905 0.002877 0.002865 0.002859 0.002857 0.002855 0.002852 0.002847 0.002839 0.002825 0.002803 0.002769 0.002716 0.002640 0.002531 0.002382 0.002187 0.001939 0.001637 0.001283 0.000883 0.000451 0.000000 
50.000000 42.586078 35.428105 28.755541 22.749444 17.528567 13.145103 9.589589 6.802817 4.691603 3.145187 2.049652 1.298745 0.800584 0.480586 0.281473 0.161409 0.091220 0.051421 0.029523 0.017826 0.011757 0.008697 0.007198 0.006483 0.006152 0.006002 0.005936 0.005908 0.005896 0.005890 0.005887 0.005883 0.005878 0.005868 0.005852 0.005825 0.005780 0.005710 0.005604 0.005447 0.005224 0.004920 0.004518 0.004009 0.003386 0.002655 0.001829 0.000933 0.000000 
50.000000 42.586979 35.429874 28.758120 22.752752 17.532508 13.149574 9.594491 6.808056 4.697097 3.150868 2.055465 1.304648 0.806547 0.486587 0.287498 0.167448 0.097267 0.057473 0.035578 0.023882 0.017814 0.014755 0.013255 0.012541 0.012209 0.012060 0.011994 0.011965 0.011953 0.011946 0.011942 0.011935 0.011925 0.011906 0.011874 0.011820 0.011731 0.011592 0.011378 0.011064 0.010617 0.010003 0.009192 0.008160 0.006896 0.005409 0.003727 0.001902 0.000000 
50.000000 42.588716 35.433289 28.763098 22.759136 17.540114 13.158206 9.603953 6.818169 4.707702 3.161833 2.066685 1.316043 0.818057 0.498171 0.299128 0.179106 0.108942 0.069157 0.047266 0.035573 0.029506 0.026448 0.024949 0.024235 0.023903 0.023753 0.023687 0.023658 0.023645 0.023638 0.023630 0.023619 0.023599 0.023563 0.023501 0.023397 0.023226 0.022954 0.022539 0.021925 0.021049 0.019844 0.018246 0.016208 0.013706 0.010756 0.007415 0.003785 0.000000 
50.000000 42.591969 35.439682 28.772419 22.771090 17.554356 13.174367 9.621671 6.837106 4.727561 3.182367 2.087696 1.337381 0.839612 0.519865 0.320908 0.200938 0.130804 0.091036 0.069155 0.057467 0.051403 0.048346 0.046847 0.046133 0.045802 0.045652 0.045586 0.045556 0.045542 0.045532 0.045520 0.045499 0.045462 0.045396 0.045281 0.045085 0.044763 0.044252 0.043467 0.042302 0.040635 0.038333 0.035272 0.031354 0.026534 0.020836 0.014372 0.007338 0.000000 
50.000000 42.597881 35.451301 28.789356 22.792814 17.580238 13.203739 9.653871 6.871521 4.763653 3.219686 2.125884 1.376163 0.878788 0.559294 0.360494 0.240619 0.170540 0.130803 0.108939 0.097260 0.091201 0.088146 0.086649 0.085935 0.085604 0.085454 0.085388 0.085357 0.085341 0.085327 0.085307 0.085271 0.085204 0.085085 0.084876 0.084520 0.083934 0.083000 0.081560 0.079416 0.076334 0.072064 0.066364 0.059044 0.050008 0.039300 0.027124 0.013855 0.000000 
50.000000 42.608305 35.471789 28.819223 22.831120 17.625878 13.255534 9.710655 6.932212 4.827303 3.285501 2.193231 1.444559 0.947880 0.628831 0.430308 0.310600 0.240619 0.200937 0.179103 0.167441 0.161390 0.158339 0.156844 0.156131 0.155801 0.155651 0.155583 0.155551 0.155532 0.155511 0.155477 0.155415 0.155300 0.155092 0.154726 0.154101 0.153067 0.151413 0.148853 0.145024 0.139498 0.131807 0.121499 0.108207 0.091740 0.072159 0.049839 0.025469 0.000000 
50.000000 42.626134 35.506829 28.870305 22.896637 17.703939 13.344122 9.807778 7.036021 4.936173 3.398076 2.308428 1.561552 1.066063 0.747779 0.549731 0.430308 0.360494 0.320907 0.299125 0.287490 0.281453 0.278410 0.276918 0.276207 0.275877 0.275727 0.275658 0.275624 0.275599 0.275568 0.275513 0.275409 0.275216 0.274865 0.274245 0.273183 0.271418 0.268583 0.264174 0.257550 0.247944 0.234508 0.216411 0.192967 0.163794 0.128973 0.089156 0.045587 0.000000 
50.000000 42.655695 35.564930 28.955006 23.005276 17.833380 13.491022 9.968833 7.208165 5.116713 3.584762 2.499465 1.755569 1.262055 0.945039 0.747779 0.628831 0.559294 0.519864 0.498168 0.486579 0.480567 0.477535 0.476050 0.475341 0.475012 0.474861 0.474791 0.474754 0.474721 0.474673 0.474585 0.474418 0.474105 0.473534 0.472519 0.470774 0.467864 0.463165 0.455821 0.444730 0.428553 0.405801 0.374982 0.334834 0.284618 0.224402 0.155288 0.079455 0.000000 
50.000000 42.703198 35.658291 29.091111 23.179848 18.041382 13.727083 10.227645 7.484801 5.406846 3.884775 2.806474 2.067370 1.577033 1.262055 1.066063 0.947879 0.878788 0.839611 0.818054 0.806539 0.800565 0.797553 0.796077 0.795373 0.795045 0.794894 0.794822 0.794779 0.794735 0.794664 0.794528 0.794268 0.793779 0.792881 0.791281 0.788516 0.783884 0.776363 0.764545 0.746587 0.720231 0.682919 0.632042 0.565333 0.481374 0.380136 0.263397 0.134885 0.000000 
50.000000 42.777136 35.803612 29.302966 23.451583 18.365157 14.094540 10.630522 7.915430 5.858490 4.351805 3.284399 2.552759 2.067370 1.755569 1.561552 1.444559 1.376163 1.337380 1.316040 1.304640 1.298726 1.295744 1.294282 1.293585 1.293260 1.293109 1.293034 1.292984 1.292924 1.292820 1.292619 1.292229 1.291492 1.290134 1.287705 1.283486 1.276379 1.264775 1.246425 1.218353 1.176856 1.117666 1.036331 0.928854 0.792573 0.627120 0.435239 0.223125 0.000000 
50.000000 42.888573 36.022634 29.622269 23.861139 18.853153 14.648380 11.237756 8.564501 6.539246 5.055762 4.004784 3.284399 2.806474 2.499465 2.308428 2.193230 2.125884 2.087695 2.066682 2.055457 2.049633 2.046697 2.045257 2.044570 2.044249 2.044099 2.044020 2.043961 2.043881 2.043733 2.043445 2.042884 2.041818 2.039845 2.036300 2.030111 2.019624 2.002392 1.974952 1.932655 1.869618 1.778918 1.653143 1.485401 1.270765 1.007978 0.701016 0.359874 0.000000 
50.000000 43.051134 36.342138 30.088063 24.458598 19.565048 15.456339 12.123619 9.511410 7.532390 6.082762 5.055762 4.351805 3.884775 3.584761 3.398076 3.285500 3.219686 3.182366 3.161830 3.150860 3.145168 3.142299 3.140892 3.140219 3.139905 3.139755 3.139673 3.139602 3.139497 3.139297 3.138901 3.138126 3.136648 3.133902 3.128940 3.120230 3.105381 3.080809 3.041381 2.980086 2.887881 2.753871 2.566041 2.312742 1.985009 1.579503 1.101453 0.566478 0.000000 
50.000000 43.280571 36.793087 30.745491 25.301867 20.569844 16.596738 13.373990 10.847961 8.934217 7.532390 6.539246 5.858490 5.406846 5.116713 4.936173 4.827303 4.763653 4.727560 4.707699 4.697090 4.691585 4.688809 4.687448 4.686797 4.686491 4.686344 4.686258 4.686174 4.686040 4.685780 4.685260 4.684238 4.682279 4.678623 4.671983 4.660259 4.640137 4.606591 4.552304 4.467108 4.337592 4.147154 3.876847 3.507420 3.022837 2.415207 1.690261 0.871461 0.000000 
50.000000 43.593774 37.408674 31.642946 26.453023 21.941517 18.153539 15.080937 12.672576 10.847961 9.511410 8.564501 7.915430 7.484801 7.208165 7.036021 6.932212 6.871521 6.837105 6.818166 6.808049 6.802800 6.800153 6.798855 6.798234 6.797940 6.797796 6.797707 6.797610 6.797446 6.797122 6.796472 6.795187 6.792715 6.788078 6.779612 6.764571 6.738574 6.694883 6.623529 6.510369 6.336288 6.076880 5.703177 5.184128 4.491599 3.608255 2.537559 1.312872 0.000000 
50.000000 44.007158 38.221166 32.827473 27.972412 23.751977 20.208368 17.333965 15.080937 13.373990 12.123619 11.237756 10.630522 10.227645 9.968833 9.807778 9.710655 9.653871 9.621670 9.603951 9.594485 9.589573 9.587096 9.585881 9.585299 9.585023 9.584885 9.584793 9.584685 9.584494 9.584112 9.583339 9.581808 9.578848 9.573270 9.563032 9.544726 9.512855 9.458838 9.369748 9.226837 9.004057 8.666983 8.172879 7.473104 6.519409 5.275727 3.735754 1.942648 0.000000 
50.000000 44.534532 39.257704 34.338641 29.910797 26.061716 22.829889 20.208368 18.153539 16.596738 15.456339 14.648380 14.094540 13.727083 13.491022 13.344122 13.255533 13.203739 13.174367 13.158203 13.149568 13.145088 13.142828 13.141719 13.141188 13.140935 13.140805 13.140714 13.140599 13.140388 13.139962 13.139096 13.137376 13.134035 13.127711 13.116040 13.095041 13.058209 12.995237 12.890298 12.719891 12.450363 12.035489 11.414944 10.515281 9.256200 7.566132 5.411128 2.835957 0.000000 
50.000000 45.184666 40.535527 36.201586 32.300419 28.909157 26.061716 23.751977 21.941517 20.569844 19.565048 18.853153 18.365157 18.041382 17.833380 17.703939 17.625878 17.580238 17.554355 17.540112 17.532502 17.528554 17.526562 17.525585 17.525116 17.524892 17.524775 17.524688 17.524571 17.524353 17.523908 17.523002 17.521194 17.517671 17.510972 17.498545 17.476049 17.436303 17.367752 17.252305 17.062425 16.757389 16.278872 15.546434 14.454579 12.875215 10.673246 7.747955 4.112813 0.000000 
50.000000 45.958953 42.057374 38.420303 35.146409 32.300419 29.910797 27.972412 26.453023 25.301867 24.458598 23.861139 23.451583 23.179848 23.005276 22.896637 22.831120 22.792813 22.771089 22.759134 22.752747 22.749433 22.747761 22.746941 22.746547 22.746358 22.746257 22.746178 22.746069 22.745860 22.745432 22.744557 22.742805 22.739381 22.732843 22.720658 22.698474 22.659010 22.590374 22.473589 22.279030 21.961424 21.453004 20.654597 19.425204 17.573204 14.859457 11.038657 5.991493 0.000000 
50.000000 46.849651 43.808027 40.972604 38.420303 36.201586 34.338641 32.827473 31.642946 30.745491 30.088063 29.622269 29.302966 29.091111 28.955005 28.870305 28.819223 28.789356 28.772418 28.763097 28.758117 28.755533 28.754229 28.753589 28.753282 28.753134 28.753054 28.752989 28.752896 28.752715 28.752344 28.751583 28.750057 28.747064 28.741332 28.730603 28.710975 28.675847 28.614291 28.508560 28.330284 28.034691 27.551746 26.772510 25.528339 23.560847 20.486302 15.784528 8.930911 0.000000 
50.000000 47.839149 45.752871 43.808027 42.057374 40.535527 39.257704 38.221166 37.408674 36.793087 36.342138 36.022634 35.803612 35.658291 35.564930 35.506829 35.471789 35.451301 35.439682 35.433288 35.429871 35.428099 35.427204 35.426765 35.426554 35.426452 35.426397 35.426350 35.426282 35.426149 35.425874 35.425310 35.424177 35.421950 35.417672 35.409642 35.394894 35.368373 35.321619 35.240685 35.102826 34.871115 34.485412 33.846576 32.787572 31.018718 28.023498 22.876436 14.046423 0.000000 
50.000000 48.900604 47.839149 46.849651 45.958953 45.184666 44.534532 44.007158 43.593774 43.280571 43.051134 42.888573 42.777136 42.703198 42.655695 42.626134 42.608305 42.597881 42.591969 42.588716 42.586977 42.586075 42.585620 42.585397 42.585289 42.585237 42.585209 42.585185 42.585148 42.585078 42.584931 42.584631 42.584026 42.582836 42.580547 42.576241 42.568313 42.554011 42.528700 42.484656 42.409110 42.280902 42.064510 41.698575 41.071853 39.967461 37.918740 33.792726 24.450302 0.000000 
50.000000 50.000000 50.000000 50.000000 50.000000 50.000000 50.000000 50.000000 50.000000 50.000000 50.000000 50.000000 50.000000 50.000000 50.000000 50.000000 50.000000 50.000000 50.000000 50.000000 50.000000 50.000000 50.000000 50.000000 50.000000 50.000000 50.000000 50.000000 50.000000 50.000000 50.000000 50.000000 50.000000 50.000000 50.000000 50.000000 50.000000 50.000000 50.000000 50.000000 50.000000 50.000000 50.000000 50.000000 50.000000 50.000000 50.000000 50.000000 50.000000 50.000000 
