50.000000 50.000000 50.000000 50.000000 50.000000 50.000000 50.000000 50.000000 50.000000 50.000000 50.000000 50.000000 50.000000 50.000000 50.000000 50.000000 50.000000 50.000000 50.000000 50.000000 50.000000 50.000000 50.000000 50.000000 50.000000 50.000000 50.000000 50.000000 50.000000 50.000000 50.000000 50.000000 50.000000 50.000000 50.000000 50.000000 50.000000 50.000000 50.000000 50.000000 50.000000 50.000000 50.000000 50.000000 50.000000 50.000000 50.000000 50.000000 50.000000 50.000000 
50.000000 47.116421 44.493371 42.320980 40.680181 39.547328 38.830329 38.413020 38.188924 38.077516 38.026070 38.003930 37.995023 37.991663 37.990471 37.990073 37.989947 37.989909 37.989899 37.989896 37.989895 37.989895 37.989895 37.989895 37.989895 37.989895 37.989895 37.989895 37.989895 37.989895 37.989895 37.989894 37.989894 37.989892 37.989884 37.989857 37.989764 37.989469 37.988568 37.985949 37.978703 37.959580 37.911351 37.794564 37.520982 36.893172 35.454079 32.064220 23.558210 0.000000 
50.000000 44.493371 39.484304 35.335897 32.202695 30.039514 28.670455 27.873668 27.445811 27.233117 27.134903 27.092639 27.075638 27.069225 27.066950 27.066190 27.065950 27.065878 27.065857 27.065852 27.065850 27.065850 27.065850 27.065850 27.065850 27.065850 27.065850 27.065850 27.065850 27.065850 27.065850 27.065849 27.065849 27.065845 27.065832 27.065786 27.065631 27.065136 27.063633 27.059290 27.047365 27.016232 26.938885 26.755722 26.341050 25.439960 23.552859 19.742152 12.429151 0.000000 
50.000000 42.320980 35.335897 29.551134 25.182182 22.165969 20.257140 19.146278 18.549813 18.253324 18.116429 18.057525 18.033831 18.024895 18.021726 18.020667 18.020332 18.020232 18.020203 18.020196 18.020194 18.020193 18.020193 18.020193 18.020193 18.020193 18.020193 18.020193 18.020193 18.020193 18.020193 18.020193 18.020192 18.020187 18.020173 18.020120 18.019945 18.019390 18.017713 18.012906 17.999844 17.966210 17.884200 17.694946 17.281804 16.429732 14.775567 11.783038 6.866902 0.000000 
50.000000 40.680181 32.202695 25.182182 19.880146 16.219951 13.903723 12.555871 11.832217 11.472538 11.306482 11.235039 11.206304 11.195468 11.191626 11.190342 11.189936 11.189815 11.189780 11.189771 11.189768 11.189768 11.189768 11.189768 11.189768 11.189768 11.189768 11.189768 11.189768 11.189768 11.189767 11.189767 11.189766 11.189763 11.189749 11.189701 11.189543 11.189045 11.187550 11.183306 11.171902 11.142965 11.073743 10.917957 10.589015 9.940073 8.752450 6.762735 3.787009 0.000000 
50.000000 39.547328 30.039514 22.165969 16.219951 12.115410 9.518159 8.006888 7.195563 6.792344 6.606206 6.526130 6.493927 6.481785 6.477480 6.476041 6.475586 6.475450 6.475412 6.475401 6.475398 6.475398 6.475398 6.475398 6.475398 6.475398 6.475398 6.475398 6.475398 6.475398 6.475398 6.475397 6.475397 6.475394 6.475383 6.475347 6.475226 6.474846 6.473715 6.470535 6.462085 6.440946 6.391273 6.281978 6.057705 5.630936 4.884165 3.698464 2.026346 0.000000 
50.000000 38.830329 28.670455 20.257140 13.903723 9.518159 6.743242 5.128696 4.261991 3.831284 3.632472 3.546953 3.512564 3.499598 3.495002 3.493466 3.492981 3.492835 3.492794 3.492783 3.492780 3.492779 3.492779 3.492779 3.492779 3.492779 3.492779 3.492779 3.492779 3.492779 3.492779 3.492779 3.492779 3.492777 3.492769 3.492745 3.492664 3.492410 3.491662 3.489575 3.484090 3.470544 3.439217 3.371621 3.236182 2.985766 2.562194 1.914733 1.035765 0.000000 
50.000000 38.413020 27.873668 19.146278 12.555871 8.006888 5.128696 3.454146 2.555283 2.108622 1.902460 1.813785 1.778130 1.764688 1.759923 1.758331 1.757828 1.757677 1.757634 1.757623 1.757620 1.757619 1.757619 1.757619 1.757619 1.757619 1.757619 1.757619 1.757619 1.757619 1.757619 1.757619 1.757619 1.757617 1.757613 1.757598 1.757550 1.757399 1.756957 1.755735 1.752554 1.744787 1.727073 1.689479 1.615615 1.482128 1.262077 0.934782 0.501669 0.000000 
50.000000 38.188924 27.445811 18.549813 11.832217 7.195563 4.261991 2.555283 1.639193 1.183992 0.973898 0.883536 0.847205 0.833509 0.828654 0.827032 0.826520 0.826366 0.826323 0.826311 0.826308 0.826307 0.826307 0.826307 0.826307 0.826307 0.826307 0.826307 0.826307 0.826307 0.826307 0.826307 0.826307 0.826306 0.826304 0.826296 0.826270 0.826189 0.825953 0.825306 0.823634 0.819596 0.810495 0.791447 0.754617 0.689253 0.583604 0.429580 0.229344 0.000000 
50.000000 38.077516 27.233117 18.253324 11.472538 6.792344 3.831284 2.108622 1.183992 0.724560 0.512520 0.421324 0.384658 0.370836 0.365937 0.364300 0.363783 0.363629 0.363585 0.363573 0.363570 0.363569 0.363569 0.363569 0.363569 0.363569 0.363569 0.363569 0.363569 0.363569 0.363569 0.363569 0.363569 0.363568 0.363567 0.363563 0.363550 0.363511 0.363396 0.363083 0.362280 0.360357 0.356068 0.347194 0.330260 0.300636 0.253480 0.185751 0.098814 0.000000 
50.000000 38.026070 27.134903 18.116429 11.306482 6.606206 3.632472 1.902460 0.973898 0.512520 0.299585 0.208005 0.171186 0.157307 0.152388 0.150744 0.150225 0.150070 0.150026 0.150014 0.150011 0.150010 0.150010 0.150010 0.150010 0.150010 0.150010 0.150010 0.150010 0.150010 0.150010 0.150010 0.150010 0.150009 0.150009 0.150007 0.150001 0.149983 0.149932 0.149792 0.149437 0.148593 0.146725 0.142897 0.135671 0.123177 0.103522 0.075613 0.040120 0.000000 
50.000000 38.003930 27.092639 18.057525 11.235039 6.526130 3.546953 1.813785 0.883536 0.421324 0.208005 0.116262 0.079377 0.065474 0.060546 0.058899 0.058379 0.058223 0.058179 0.058167 0.058164 0.058163 0.058163 0.058163 0.058163 0.058163 0.058163 0.058163 0.058163 0.058163 0.058163 0.058163 0.058163 0.058163 0.058163 0.058162 0.058160 0.058152 0.058131 0.058073 0.057928 0.057583 0.056827 0.055290 0.052415 0.047488 0.039812 0.029007 0.015362 0.000000 
50.000000 37.995023 27.075638 18.033831 11.206304 6.493927 3.512564 1.778130 0.847205 0.384658 0.171186 0.079377 0.042467 0.028553 0.023621 0.021974 0.021453 0.021298 0.021254 0.021242 0.021238 0.021238 0.021238 0.021238 0.021238 0.021238 0.021238 0.021238 0.021238 0.021238 0.021238 0.021238 0.021238 0.021237 0.021237 0.021237 0.021236 0.021233 0.021225 0.021203 0.021147 0.021016 0.020730 0.020153 0.019082 0.017260 0.014441 0.010502 0.005554 0.000000 
50.000000 37.991663 27.069225 18.024895 11.195468 6.481785 3.499598 1.764688 0.833509 0.370836 0.157307 0.065474 0.028553 0.014636 0.009703 0.008055 0.007534 0.007379 0.007334 0.007322 0.007319 0.007319 0.007318 0.007318 0.007318 0.007318 0.007318 0.007318 0.007318 0.007318 0.007318 0.007318 0.007318 0.007318 0.007318 0.007318 0.007318 0.007317 0.007314 0.007306 0.007286 0.007239 0.007138 0.006935 0.006559 0.005925 0.004950 0.003594 0.001899 0.000000 
50.000000 37.990471 27.066950 18.021726 11.191626 6.477480 3.495002 1.759923 0.828654 0.365937 0.152388 0.060546 0.023621 0.009703 0.004770 0.003121 0.002601 0.002445 0.002401 0.002389 0.002386 0.002385 0.002385 0.002385 0.002385 0.002385 0.002385 0.002385 0.002385 0.002385 0.002385 0.002385 0.002385 0.002385 0.002385 0.002385 0.002385 0.002384 0.002383 0.002381 0.002374 0.002358 0.002325 0.002257 0.002133 0.001925 0.001606 0.001165 0.000615 0.000000 
50.000000 37.990073 27.066190 18.020667 11.190342 6.476041 3.493466 1.758331 0.827032 0.364300 0.150744 0.058899 0.021974 0.008055 0.003121 0.001473 0.000952 0.000797 0.000753 0.000741 0.000737 0.000737 0.000737 0.000737 0.000737 0.000737 0.000737 0.000737 0.000737 0.000737 0.000737 0.000737 0.000737 0.000737 0.000736 0.000736 0.000736 0.000736 0.000736 0.000735 0.000733 0.000728 0.000717 0.000696 0.000658 0.000593 0.000494 0.000358 0.000189 0.000000 
50.000000 37.989947 27.065950 18.020332 11.189936 6.475586 3.492981 1.757828 0.826520 0.363783 0.150225 0.058379 0.021453 0.007534 0.002601 0.000952 0.000432 0.000276 0.000232 0.000220 0.000217 0.000216 0.000216 0.000216 0.000216 0.000216 0.000216 0.000216 0.000216 0.000216 0.000216 0.000216 0.000216 0.000216 0.000216 0.000216 0.000216 0.000216 0.000216 0.000216 0.000215 0.000213 0.000210 0.000204 0.000193 0.000173 0.000144 0.000105 0.000055 0.000000 
50.000000 37.989909 27.065878 18.020232 11.189815 6.475450 3.492835 1.757677 0.826366 0.363629 0.150070 0.058223 0.021298 0.007379 0.002445 0.000797 0.000276 0.000120 0.000076 0.000064 0.000061 0.000060 0.000060 0.000060 0.000060 0.000060 0.000060 0.000060 0.000060 0.000060 0.000060 0.000060 0.000060 0.000060 0.000060 0.000060 0.000060 0.000060 0.000060 0.000060 0.000060 0.000060 0.000059 0.000057 0.000054 0.000048 0.000040 0.000029 0.000015 0.000000 
50.000000 37.989899 27.065857 18.020203 11.189780 6.475412 3.492794 1.757634 0.826323 0.363585 0.150026 0.058179 0.021254 0.007334 0.002401 0.000753 0.000232 0.000076 0.000032 0.000020 0.000017 0.000016 0.000016 0.000016 0.000016 0.000016 0.000016 0.000016 0.000016 0.000016 0.000016 0.000016 0.000016 0.000016 0.000016 0.000016 0.000016 0.000016 0.000016 0.000016 0.000016 0.000016 0.000016 0.000015 0.000014 0.000013 0.000011 0.000008 0.000004 0.000000 
50.000000 37.989896 27.065852 18.020196 11.189771 6.475401 3.492783 1.757623 0.826311 0.363573 0.150014 0.058167 0.021242 0.007322 0.002389 0.000741 0.000220 0.000064 0.000020 0.000008 0.000005 0.000004 0.000004 0.000004 0.000004 0.000004 0.000004 0.000004 0.000004 0.000004 0.000004 0.000004 0.000004 0.000004 0.000004 0.000004 0.000004 0.000004 0.000004 0.000004 0.000004 0.000004 0.000004 0.000004 0.000004 0.000003 0.000003 0.000002 0.000001 0.000000 
50.000000 37.989895 27.065850 18.020194 11.189768 6.475398 3.492780 1.757620 0.826308 0.363570 0.150011 0.058164 0.021238 0.007319 0.002386 0.000737 0.000217 0.000061 0.000017 0.000005 0.000002 0.000001 0.000001 0.000001 0.000001 0.000001 0.000001 0.000001 0.000001 0.000001 0.000001 0.000001 0.000001 0.000001 0.000001 0.000001 0.000001 0.000001 0.000001 0.000001 0.000001 0.000001 0.000001 0.000001 0.000001 0.000001 0.000001 0.000000 0.000000 0.000000 
50.000000 37.989895 27.065850 18.020193 11.189768 6.475398 3.492779 1.757619 0.826307 0.363569 0.150010 0.058163 0.021238 0.007319 0.002385 0.000737 0.000216 0.000060 0.000016 0.000004 0.000001 0.000000 0.000000 0.000000 0.000000 0.000000 0.000000 0.000000 0.000000 0.000000 0.000000 0.000000 0.000000 0.000000 0.000000 0.000000 0.000000 0.000000 0.000000 0.000000 0.000000 0.000000 0.000000 0.000000 0.000000 0.000000 0.000000 0.000000 0.000000 0.000000 
50.000000 37.989895 27.065850 18.020193 11.189768 6.475398 3.492779 1.757619 0.826307 0.363569 0.150010 0.058163 0.021238 0.007318 0.002385 0.000737 0.000216 0.000060 0.000016 0.000004 0.000001 0.000000 0.000000 0.000000 0.000000 0.000000 0.000000 0.000000 0.000000 0.000000 0.000000 0.000000 0.000000 0.000000 0.000000 0.000000 0.000000 0.000000 0.000000 0.000000 0.000000 0.000000 0.000000 0.000000 0.000000 0.000000 0.000000 0.000000 0.000000 0.000000 
50.000000 37.989895 27.065850 18.020193 11.189768 6.475398 3.492779 1.757619 0.826307 0.363569 0.150010 0.058163 0.021238 0.007318 0.002385 0.000737 0.000216 0.000060 0.000016 0.000004 0.000001 0.000000 0.000000 0.000000 0.000000 0.000000 0.000000 0.000000 0.000000 0.000000 0.000000 0.000000 0.000000 0.000000 0.000000 0.000000 0.000000 0.000000 0.000000 0.000000 0.000000 0.000000 0.000000 0.000000 0.000000 0.000000 0.000000 0.000000 0.000000 0.000000 
50.000000 37.989895 27.065850 18.020193 11.189768 6.475398 3.492779 1.757619 0.826307 0.363569 0.150010 0.058163 0.021238 0.007318 0.002385 0.000737 0.000216 0.000060 0.000016 0.000004 0.000001 0.000000 0.000000 0.000000 0.000000 0.000000 0.000000 0.000000 0.000000 0.000000 0.000000 0.000000 0.000000 0.000000 0.000000 0.000000 0.000000 0.000000 0.000000 0.000000 0.000000 0.000000 0.000000 0.000000 0.000000 0.000000 0.000000 0.000000 0.000000 0.000000 
50.000000 37.989895 27.065850 18.020193 11.189768 6.475398 3.492779 1.757619 0.826307 0.363569 0.150010 0.058163 0.021238 0.007318 0.002385 0.000737 0.000216 0.000060 0.000016 0.000004 0.000001 0.000000 0.000000 0.000000 0.000000 0.000000 0.000000 0.000000 0.000000 0.000000 0.000000 0.000000 0.000000 0.000000 0.000000 0.000000 0.000000 0.000000 0.000000 0.000000 0.000000 0.000000 0.000000 0.000000 0.000000 0.000000 0.000000 0.000000 0.000000 0.000000 
50.000000 37.989895 27.065850 18.020193 11.189768 6.475398 3.492779 1.757619 0.826307 0.363569 0.150010 0.058163 0.021238 0.007318 0.002385 0.000737 0.000216 0.000060 0.000016 0.000004 0.000001 0.000000 0.000000 0.000000 0.000000 0.000000 0.000000 0.000000 0.000000 0.000000 0.000000 0.000000 0.000000 0.000000 0.000000 0.000000 0.000000 0.000000 0.000000 0.000000 0.000000 0.000000 0.000000 0.000000 0.000000 0.000000 0.000000 0.000000 0.000000 0.000000 
50.000000 37.989895 27.065850 18.020193 11.189768 6.475398 3.492779 1.757619 0.826307 0.363569 0.150010 0.058163 0.021238 0.007318 0.002385 0.000737 0.000216 0.000060 0.000016 0.000004 0.000001 0.000000 0.000000 0.000000 0.000000 0.000000 0.000000 0.000000 0.000000 0.000000 0.000000 0.000000 0.000000 0.000000 0.000000 0.000000 0.000000 0.000000 0.000000 0.000000 0.000000 0.000000 0.000000 0.000000 0.000000 0.000000 0.000000 0.000000 0.000000 0.000000 
50.000000 37.989895 27.065850 18.020193 11.189768 6.475398 3.492779 1.757619 0.826307 0.363569 0.150010 0.058163 0.021238 0.007319 0.002385 0.000737 0.000216 0.000060 0.000016 0.000004 0.000001 0.000000 0.000000 0.000000 0.000000 0.000000 0.000000 0.000000 0.000000 0.000000 0.000000 0.000000 0.000000 0.000000 0.000000 0.000000 0.000000 0.000000 0.000000 0.000000 0.000000 0.000000 0.000000 0.000000 0.000000 0.000000 0.000000 0.000000 0.000000 0.000000 
50.000000 37.989895 27.065850 18.020194 11.189768 6.475398 3.492780 1.757620 0.826308 0.363570 0.150011 0.058164 0.021238 0.007319 0.002386 0.000737 0.000217 0.000061 0.000017 0.000005 0.000002 0.000001 0.000001 0.000001 0.000001 0.000001 0.000001 0.000001 0.000001 0.000001 0.000001 0.000001 0.000001 0.000001 0.000001 0.000001 0.000001 0.000001 0.000001 0.000001 0.000001 0.000001 0.000001 0.000001 0.000001 0.000001 0.000001 0.000000 0.000000 0.000000 
50.000000 37.989896 27.065852 18.020196 11.189771 6.475401 3.492783 1.757623 0.826311 0.363573 0.150014 0.058167 0.021242 0.007322 0.002389 0.000741 0.000220 0.000064 0.000020 0.000008 0.000005 0.000004 0.000004 0.000004 0.000004 0.000004 0.000004 0.000004 0.000004 0.000004 0.000004 0.000004 0.000004 0.000004 0.000004 0.000004 0.000004 0.000004 0.000004 0.000004 0.000004 0.000004 0.000004 0.000004 0.000004 0.000003 0.000003 0.000002 0.000001 0.000000 
50.000000 37.989899 27.065857 18.020203 11.189780 6.475412 3.492794 1.757634 0.826323 0.363585 0.150026 0.058179 0.021254 0.007334 0.002401 0.000753 0.000232 0.000076 0.000032 0.000020 0.000017 0.000016 0.000016 0.000016 0.000016 0.000016 0.000016 0.000016 0.000016 0.000016 0.000016 0.000016 0.000016 0.000016 0.000016 0.000016 0.000016 0.000016 0.000016 0.000016 0.000016 0.000016 0.000016 0.000015 0.000014 0.000013 0.000011 0.000008 0.000004 0.000000 
50.000000 37.989909 27.065878 18.020232 11.189815 6.475450 3.492835 1.757677 0.826366 0.363629 0.150070 0.058223 0.021298 0.007379 0.002445 0.000797 0.000276 0.000120 0.000076 0.000064 0.000061 0.000060 0.000060 0.000060 0.000060 0.000060 0.000060 0.000060 0.000060 0.000060 0.000060 0.000060 0.000060 0.000060 0.000060 0.000060 0.000060 0.000060 0.000060 0.000060 0.000060 0.000060 0.000059 0.000057 0.000054 0.000048 0.000040 0.000029 0.000015 0.000000 
50.000000 37.989947 27.065950 18.020332 11.189936 6.475586 3.492981 1.757828 0.826520 0.363783 0.150225 0.058379 0.021453 0.007534 0.002601 0.000952 0.000432 0.000276 0.000232 0.000220 0.000217 0.000216 0.000216 0.000216 0.000216 0.000216 0.000216 0.000216 0.000216 0.000216 0.000216 0.000216 0.000216 0.000216 0.000216 0.000216 0.000216 0.000216 0.000216 0.000216 0.000215 0.000213 0.000210 0.000204 0.000193 0.000173 0.000144 0.000105 0.000055 0.000000 
50.000000 37.990073 27.066190 18.020667 11.190342 6.476041 3.493466 1.758331 0.827032 0.364300 0.150744 0.058899 0.021974 0.008055 0.003121 0.001473 0.000952 0.000797 0.000753 0.000741 0.000737 0.000737 0.000737 0.000737 0.000737 0.000737 0.000737 0.000737 0.000737 0.000737 0.000737 0.000737 0.000737 0.000737 0.000736 0.000736 0.000736 0.000736 0.000736 0.000735 0.000733 0.000728 0.000717 0.000696 0.000658 0.000593 0.000494 0.000358 0.000189 0.000000 
50.000000 37.990471 27.066950 18.021726 11.191626 6.477480 3.495002 1.759923 0.828654 0.365937 0.152388 0.060546 0.023621 0.009703 0.004770 0.003121 0.002601 0.002445 0.002401 0.002389 0.002386 0.002385 0.002385 0.002385 0.002385 0.002385 0.002385 0.002385 0.002385 0.002385 0.002385 0.002385 0.002385 0.002385 0.002385 0.002385 0.002385 0.002384 0.002383 0.002381 0.002374 0.002358 0.002325 0.002257 0.002133 0.001925 0.001606 0.001165 0.000615 0.000000 
50.000000 37.991663 27.069225 18.024895 11.195468 6.481785 3.499598 1.764688 0.833509 0.370836 0.157307 0.065474 0.028553 0.014636 0.009703 0.008055 0.007534 0.007379 0.007334 0.007322 0.007319 0.007319 0.007318 0.007318 0.007318 0.007318 0.007318 0.007318 0.007318 0.007318 0.007318 0.007318 0.007318 0.007318 0.007318 0.007318 0.007318 0.007317 0.007314 0.007306 0.007286 0.007239 0.007138 0.006935 0.006559 0.005925 0.004950 0.003594 0.001899 0.000000 
50.000000 37.995023 27.075638 18.033831 11.206304 6.493927 3.512564 1.778130 0.847205 0.384658 0.171186 0.079377 0.042467 0.028553 0.023621 0.021974 0.021453 0.021298 0.021254 0.021242 0.021238 0.021238 0.021238 0.021238 0.021238 0.021238 0.021238 0.021238 0.021238 0.021238 0.021238 0.021238 0.021238 0.021237 0.021237 0.021237 0.021236 0.021233 0.021225 0.021203 0.021147 0.021016 0.020730 0.020153 0.019082 0.017260 0.014441 0.010502 0.005554 0.000000 
50.000000 38.003930 27.092639 18.057525 11.235039 6.526130 3.546953 1.813785 0.883536 0.421324 0.208005 0.116262 0.079377 0.065474 0.060546 0.058899 0.058379 0.058223 0.058179 0.058167 0.058164 0.058163 0.058163 0.058163 0.058163 0.058163 0.058163 0.058163 0.058163 0.058163 0.058163 0.058163 0.058163 0.058163 0.058163 0.058162 0.058160 0.058152 0.058131 0.058073 0.057928 0.057583 0.056827 0.055290 0.052415 0.047488 0.039812 0.029007 0.015362 0.000000 
50.000000 38.026070 27.134903 18.116429 11.306482 6.606206 3.632472 1.902460 0.973898 0.512520 0.299585 0.208005 0.171186 0.157307 0.152388 0.150744 0.150225 0.150070 0.150026 0.150014 0.150011 0.150010 0.150010 0.150010 0.150010 0.150010 0.150010 0.150010 0.150010 0.150010 0.150010 0.150010 0.150010 0.150009 0.150009 0.150007 0.150001 0.149983 0.149932 0.149792 0.149437 0.148593 0.146725 0.142897 0.135671 0.123177 0.103522 0.075613 0.040120 0.000000 
50.000000 38.077516 27.233117 18.253324 11.472538 6.792344 3.831284 2.108622 1.183992 0.724560 0.512520 0.421324 0.384658 0.370836 0.365937 0.364300 0.363783 0.363629 0.363585 0.363573 0.363570 0.363569 0.363569 0.363569 0.363569 0.363569 0.363569 0.363569 0.363569 0.363569 0.363569 0.363569 0.363569 0.363568 0.363567 0.363563 0.363550 0.363511 0.363396 0.363083 0.362280 0.360357 0.356068 0.347194 0.330260 0.300636 0.253480 0.185751 0.098814 0.000000 
50.000000 38.188924 27.445811 18.549813 11.832217 7.195563 4.261991 2.555283 1.639193 1.183992 0.973898 0.883536 0.847205 0.833509 0.828654 0.827032 0.826520 0.826366 0.826323 0.826311 0.826308 0.826307 0.826307 0.826307 0.826307 0.826307 0.826307 0.826307 0.826307 0.826307 0.826307 0.826307 0.826307 0.826306 0.826304 0.826296 0.826270 0.826189 0.825953 0.825306 0.823634 0.819596 0.810495 0.791447 0.754617 0.689253 0.583604 0.429580 0.229344 0.000000 
50.000000 38.413020 27.873668 19.146278 12.555871 8.006888 5.128696 3.454146 2.555283 2.108622 1.902460 1.813785 1.778130 1.764688 1.759923 1.758331 1.757828 1.757677 1.757634 1.757623 1.757620 1.757619 1.757619 1.757619 1.757619 1.757619 1.757619 1.757619 1.757619 1.757619 1.757619 1.757619 1.757619 1.757617 1.757613 1.757598 1.757550 1.757399 1.756957 1.755735 1.752554 1.744787 1.727073 1.689479 1.615615 1.482128 1.262077 0.934782 0.501669 0.000000 
50.000000 38.830329 28.670455 20.257140 13.903723 9.518159 6.743242 5.128696 4.261991 3.831284 3.632472 3.546953 3.512564 3.499598 3.495002 3.493466 3.492981 3.492835 3.492794 3.492783 3.492780 3.492779 3.492779 3.492779 3.492779 3.492779 3.492779 3.492779 3.492779 3.492779 3.492779 3.492779 3.492779 3.492777 3.492769 3.492745 3.492664 3.492410 3.491662 3.489575 3.484090 3.470544 3.439217 3.371621 3.236182 2.985766 2.562194 1.914733 1.035765 0.000000 
50.000000 39.547328 30.039514 22.165969 16.219951 12.115410 9.518159 8.006888 7.195563 6.792344 6.606206 6.526130 6.493927 6.481785 6.477480 6.476041 6.475586 6.475450 6.475412 6.475401 6.475398 6.475398 6.475398 6.475398 6.475398 6.475398 6.475398 6.475398 6.475398 6.475398 6.475398 6.475397 6.475397 6.475394 6.475383 6.475347 6.475226 6.474846 6.473715 6.470535 6.462085 6.440946 6.391273 6.281978 6.057705 5.630936 4.884165 3.698464 2.026346 0.000000 
50.000000 40.680181 32.202695 25.182182 19.880146 16.219951 13.903723 12.555871 11.832217 11.472538 11.306482 11.235039 11.206304 11.195468 11.191626 11.190342 11.189936 11.189815 11.189780 11.189771 11.189768 11.189768 11.189768 11.189768 11.189768 11.189768 11.189768 11.189768 11.189768 11.189768 11.189767 11.189767 11.189766 11.189763 11.189749 11.189701 11.189543 11.189045 11.187550 11.183306 11.171902 11.142965 11.073743 10.917957 10.589015 9.940073 8.752450 6.762735 3.787009 0.000000 
50.000000 42.320980 35.335897 29.551134 25.182182 22.165969 20.257140 19.146278 18.549813 18.253324 18.116429 18.057525 18.033831 18.024895 18.021726 18.020667 18.020332 18.020232 18.020203 18.020196 18.020194 18.020193 18.020193 18.020193 18.020193 18.020193 18.020193 18.020193 18.020193 18.020193 18.020193 18.020193 18.020192 18.020187 18.020173 18.020120 18.019945 18.019390 18.017713 18.012906 17.999844 17.966210 17.884200 17.694946 17.281804 16.429732 14.775567 11.783038 6.866902 0.000000 
50.000000 44.493371 39.484304 35.335897 32.202695 30.039514 28.670455 27.873668 27.445811 27.233117 27.134903 27.092639 27.075638 27.069225 27.066950 27.066190 27.065950 27.065878 27.065857 27.065852 27.065850 27.065850 27.065850 27.065850 27.065850 27.065850 27.065850 27.065850 27.065850 27.065850 27.065850 27.065849 27.065849 27.065845 27.065832 27.065786 27.065631 27.065136 27.063633 27.059290 27.047365 27.016232 26.938885 26.755722 26.341050 25.439960 23.552859 19.742152 12.429151 0.000000 
50.000000 47.116421 44.493371 42.320980 40.680181 39.547328 38.830329 38.413020 38.188924 38.077516 38.026070 38.003930 37.995023 37.991663 37.990471 37.990073 37.989947 37.989909 37.989899 37.989896 37.989895 37.989895 37.989895 37.989895 37.989895 37.989895 37.989895 37.989895 37.989895 37.989895 37.989895 37.989894 37.989894 37.989892 37.989884 37.989857 37.989764 37.989469 37.988568 37.985949 37.978703 37.959580 37.911351 37.794564 37.520982 36.893172 35.454079 32.064220 23.558210 0.000000 
50.000000 50.000000 50.000000 50.000000 50.000000 50.000000 50.000000 50.000000 50.000000 50.000000 50.000000 50.000000 50.000000 50.000000 50.000000 50.000000 50.000000 50.000000 50.000000 50.000000 50.000000 50.000000 50.000000 50.000000 50.000000 50.000000 50.000000 50.000000 50.000000 50.000000 50.000000 50.000000 50.000000 50.000000 50.000000 50.000000 50.000000 50.000000 50.000000 50.000000 50.000000 50.000000 50.000000 50.000000 50.000000 50.000000 50.000000 50.000000 50.000000 50.000000 
