50.000000 50.000000 50.000000 50.000000 50.000000 50.000000 50.000000 50.000000 50.000000 50.000000 50.000000 50.000000 50.000000 50.000000 50.000000 50.000000 50.000000 50.000000 50.000000 50.000000 50.000000 50.000000 50.000000 50.000000 50.000000 50.000000 50.000000 50.000000 50.000000 50.000000 50.000000 50.000000 50.000000 50.000000 50.000000 50.000000 50.000000 50.000000 50.000000 50.000000 50.000000 50.000000 50.000000 50.000000 50.000000 50.000000 50.000000 50.000000 50.000000 50.000000 
50.000000 46.282087 42.996773 40.426343 38.639072 37.529269 36.910430 36.598754 36.456154 36.396554 36.373681 36.365582 36.362923 36.362111 36.361879 36.361817 36.361801 36.361798 36.361797 36.361797 36.361797 36.361797 36.361797 36.361797 36.361797 36.361797 36.361797 36.361797 36.361797 36.361797 36.361797 36.361797 36.361797 36.361796 36.361796 36.361792 36.361777 36.361716 36.361489 36.360687 36.358015 36.349610 36.324643 36.254420 36.066366 35.582005 34.361520 31.272962 23.141044 0.000000 
50.000000 42.996773 36.808521 31.967002 28.600772 26.510653 25.345267 24.758376 24.489882 24.377679 24.334622 24.319376 24.314372 24.312844 24.312408 24.312291 24.312262 24.312255 24.312253 24.312253 24.312253 24.312253 24.312253 24.312253 24.312253 24.312253 24.312253 24.312253 24.312253 24.312253 24.312253 24.312253 24.312253 24.312253 24.312251 24.312245 24.312221 24.312124 24.311765 24.310504 24.306333 24.293358 24.255410 24.151076 23.881152 23.222763 21.705429 18.404260 11.723811 0.000000 
50.000000 40.426343 31.967002 25.348979 20.747908 17.891330 16.298764 15.496844 15.130027 14.976756 14.917950 14.897130 14.890299 14.888213 14.887618 14.887458 14.887418 14.887409 14.887407 14.887406 14.887406 14.887406 14.887406 14.887406 14.887406 14.887406 14.887406 14.887406 14.887406 14.887406 14.887406 14.887406 14.887406 14.887406 14.887404 14.887398 14.887373 14.887273 14.886904 14.885618 14.881409 14.868494 14.831408 14.731984 14.483696 13.907902 12.674490 10.261573 6.064823 0.000000 
50.000000 38.639072 28.600772 20.747908 15.288767 11.899797 10.010644 9.059509 8.624502 8.442768 8.373052 8.348375 8.340279 8.337808 8.337103 8.336914 8.336867 8.336855 8.336853 8.336852 8.336852 8.336852 8.336852 8.336852 8.336852 8.336852 8.336852 8.336852 8.336852 8.336852 8.336852 8.336852 8.336852 8.336852 8.336851 8.336846 8.336825 8.336745 8.336449 8.335429 8.332127 8.322131 8.293942 8.220139 8.041537 7.644383 6.840005 5.378009 3.057067 0.000000 
50.000000 37.529269 26.510653 17.891330 11.899797 8.180668 6.107695 5.064141 4.586930 4.387593 4.311136 4.284078 4.275202 4.272492 4.271720 4.271513 4.271461 4.271449 4.271446 4.271446 4.271445 4.271445 4.271445 4.271445 4.271445 4.271445 4.271445 4.271445 4.271445 4.271445 4.271445 4.271445 4.271445 4.271445 4.271444 4.271441 4.271427 4.271373 4.271177 4.270505 4.268350 4.261914 4.244056 4.198262 4.090334 3.858260 3.407634 2.629501 1.462904 0.000000 
50.000000 36.910430 25.345267 16.298764 10.010644 6.107695 3.932451 2.837517 2.336864 2.127758 2.047564 2.019187 2.009880 2.007039 2.006229 2.006012 2.005958 2.005945 2.005942 2.005941 2.005941 2.005941 2.005941 2.005941 2.005941 2.005941 2.005941 2.005941 2.005941 2.005941 2.005941 2.005941 2.005941 2.005941 2.005941 2.005939 2.005931 2.005900 2.005788 2.005406 2.004197 2.000623 1.990850 1.966226 1.909433 1.790506 1.566780 1.194191 0.656011 0.000000 
50.000000 36.598754 24.758376 15.496844 9.059509 5.064141 2.837517 1.716794 1.204386 0.990387 0.908323 0.879287 0.869764 0.866858 0.866029 0.865808 0.865752 0.865739 0.865736 0.865735 0.865735 0.865735 0.865735 0.865735 0.865735 0.865735 0.865735 0.865735 0.865735 0.865735 0.865735 0.865735 0.865735 0.865735 0.865735 0.865734 0.865730 0.865714 0.865658 0.865468 0.864870 0.863122 0.858397 0.846667 0.820085 0.765568 0.665436 0.502967 0.274111 0.000000 
50.000000 36.456154 24.489882 15.130027 8.624502 4.586930 2.336864 1.204386 0.686625 0.470401 0.387488 0.358152 0.348531 0.345595 0.344758 0.344535 0.344479 0.344465 0.344462 0.344462 0.344461 0.344461 0.344461 0.344461 0.344461 0.344461 0.344461 0.344461 0.344461 0.344461 0.344461 0.344461 0.344461 0.344461 0.344461 0.344461 0.344459 0.344452 0.344427 0.344342 0.344078 0.343312 0.341264 0.336240 0.325016 0.302371 0.261533 0.196525 0.106543 0.000000 
50.000000 36.396554 24.377679 14.976756 8.442768 4.387593 2.127758 0.990387 0.470401 0.253253 0.169987 0.140527 0.130867 0.127918 0.127078 0.126853 0.126797 0.126784 0.126781 0.126780 0.126780 0.126780 0.126780 0.126780 0.126780 0.126780 0.126780 0.126780 0.126780 0.126780 0.126780 0.126780 0.126780 0.126780 0.126780 0.126779 0.126779 0.126776 0.126766 0.126732 0.126626 0.126323 0.125517 0.123562 0.119243 0.110641 0.095347 0.071345 0.038539 0.000000 
50.000000 36.373681 24.334622 14.917950 8.373052 4.311136 2.047564 0.908323 0.387488 0.169987 0.086587 0.057080 0.047405 0.044452 0.043610 0.043385 0.043328 0.043315 0.043312 0.043311 0.043311 0.043311 0.043311 0.043311 0.043311 0.043311 0.043311 0.043311 0.043311 0.043311 0.043311 0.043311 0.043311 0.043311 0.043311 0.043311 0.043311 0.043310 0.043306 0.043294 0.043255 0.043145 0.042856 0.042158 0.040631 0.037623 0.032332 0.024118 0.012994 0.000000 
50.000000 36.365582 24.319376 14.897130 8.348375 4.284078 2.019187 0.879287 0.358152 0.140527 0.057080 0.027557 0.017876 0.014921 0.014079 0.013854 0.013797 0.013784 0.013781 0.013780 0.013780 0.013780 0.013780 0.013780 0.013780 0.013780 0.013780 0.013780 0.013780 0.013780 0.013780 0.013780 0.013780 0.013780 0.013780 0.013780 0.013780 0.013780 0.013778 0.013774 0.013761 0.013725 0.013629 0.013399 0.012901 0.011926 0.010227 0.007611 0.004093 0.000000 
50.000000 36.362923 24.314372 14.890299 8.340279 4.275202 2.009880 0.869764 0.348531 0.130867 0.047405 0.017876 0.008193 0.005238 0.004396 0.004170 0.004114 0.004100 0.004097 0.004097 0.004097 0.004097 0.004097 0.004097 0.004097 0.004097 0.004097 0.004097 0.004097 0.004097 0.004097 0.004097 0.004097 0.004097 0.004097 0.004097 0.004097 0.004096 0.004096 0.004095 0.004091 0.004079 0.004050 0.003980 0.003829 0.003535 0.003026 0.002248 0.001207 0.000000 
50.000000 36.362111 24.312844 14.888213 8.337808 4.272492 2.007039 0.866858 0.345595 0.127918 0.044452 0.014921 0.005238 0.002283 0.001440 0.001215 0.001159 0.001145 0.001142 0.001142 0.001141 0.001141 0.001141 0.001141 0.001141 0.001141 0.001141 0.001141 0.001141 0.001141 0.001141 0.001141 0.001141 0.001141 0.001141 0.001141 0.001141 0.001141 0.001141 0.001141 0.001140 0.001136 0.001128 0.001108 0.001065 0.000982 0.000840 0.000623 0.000334 0.000000 
50.000000 36.361879 24.312408 14.887618 8.337103 4.271720 2.006229 0.866029 0.344758 0.127078 0.043610 0.014079 0.004396 0.001440 0.000598 0.000373 0.000316 0.000303 0.000300 0.000299 0.000299 0.000299 0.000299 0.000299 0.000299 0.000299 0.000299 0.000299 0.000299 0.000299 0.000299 0.000299 0.000299 0.000299 0.000299 0.000299 0.000299 0.000299 0.000299 0.000299 0.000298 0.000298 0.000295 0.000290 0.000279 0.000257 0.000219 0.000163 0.000087 0.000000 
50.000000 36.361817 24.312291 14.887458 8.336914 4.271513 2.006012 0.865808 0.344535 0.126853 0.043385 0.013854 0.004170 0.001215 0.000373 0.000148 0.000091 0.000078 0.000075 0.000074 0.000074 0.000074 0.000074 0.000074 0.000074 0.000074 0.000074 0.000074 0.000074 0.000074 0.000074 0.000074 0.000074 0.000074 0.000074 0.000074 0.000074 0.000074 0.000074 0.000074 0.000074 0.000073 0.000073 0.000072 0.000069 0.000063 0.000054 0.000040 0.000021 0.000000 
50.000000 36.361801 24.312262 14.887418 8.336867 4.271461 2.005958 0.865752 0.344479 0.126797 0.043328 0.013797 0.004114 0.001159 0.000316 0.000091 0.000034 0.000021 0.000018 0.000017 0.000017 0.000017 0.000017 0.000017 0.000017 0.000017 0.000017 0.000017 0.000017 0.000017 0.000017 0.000017 0.000017 0.000017 0.000017 0.000017 0.000017 0.000017 0.000017 0.000017 0.000017 0.000017 0.000017 0.000017 0.000016 0.000015 0.000013 0.000009 0.000005 0.000000 
50.000000 36.361798 24.312255 14.887409 8.336855 4.271449 2.005945 0.865739 0.344465 0.126784 0.043315 0.013784 0.004100 0.001145 0.000303 0.000078 0.000021 0.000008 0.000005 0.000004 0.000004 0.000004 0.000004 0.000004 0.000004 0.000004 0.000004 0.000004 0.000004 0.000004 0.000004 0.000004 0.000004 0.000004 0.000004 0.000004 0.000004 0.000004 0.000004 0.000004 0.000004 0.000004 0.000004 0.000004 0.000004 0.000003 0.000003 0.000002 0.000001 0.000000 
50.000000 36.361797 24.312253 14.887407 8.336853 4.271446 2.005942 0.865736 0.344462 0.126781 0.043312 0.013781 0.004097 0.001142 0.000300 0.000075 0.000018 0.000005 0.000002 0.000001 0.000001 0.000001 0.000001 0.000001 0.000001 0.000001 0.000001 0.000001 0.000001 0.000001 0.000001 0.000001 0.000001 0.000001 0.000001 0.000001 0.000001 0.000001 0.000001 0.000001 0.000001 0.000001 0.000001 0.000001 0.000001 0.000001 0.000001 0.000000 0.000000 0.000000 
50.000000 36.361797 24.312253 14.887406 8.336852 4.271446 2.005941 0.865735 0.344462 0.126780 0.043311 0.013780 0.004097 0.001142 0.000299 0.000074 0.000017 0.000004 0.000001 0.000000 0.000000 0.000000 0.000000 0.000000 0.000000 0.000000 0.000000 0.000000 0.000000 0.000000 0.000000 0.000000 0.000000 0.000000 0.000000 0.000000 0.000000 0.000000 0.000000 0.000000 0.000000 0.000000 0.000000 0.000000 0.000000 0.000000 0.000000 0.000000 0.000000 0.000000 
50.000000 36.361797 24.312253 14.887406 8.336852 4.271445 2.005941 0.865735 0.344461 0.126780 0.043311 0.013780 0.004097 0.001141 0.000299 0.000074 0.000017 0.000004 0.000001 0.000000 0.000000 0.000000 0.000000 0.000000 0.000000 0.000000 0.000000 0.000000 0.000000 0.000000 0.000000 0.000000 0.000000 0.000000 0.000000 0.000000 0.000000 0.000000 0.000000 0.000000 0.000000 0.000000 0.000000 0.000000 0.000000 0.000000 0.000000 0.000000 0.000000 0.000000 
50.000000 36.361797 24.312253 14.887406 8.336852 4.271445 2.005941 0.865735 0.344461 0.126780 0.043311 0.013780 0.004097 0.001141 0.000299 0.000074 0.000017 0.000004 0.000001 0.000000 0.000000 0.000000 0.000000 0.000000 0.000000 0.000000 0.000000 0.000000 0.000000 0.000000 0.000000 0.000000 0.000000 0.000000 0.000000 0.000000 0.000000 0.000000 0.000000 0.000000 0.000000 0.000000 0.000000 0.000000 0.000000 0.000000 0.000000 0.000000 0.000000 0.000000 
50.000000 36.361797 24.312253 14.887406 8.336852 4.271445 2.005941 0.865735 0.344461 0.126780 0.043311 0.013780 0.004097 0.001141 0.000299 0.000074 0.000017 0.000004 0.000001 0.000000 0.000000 0.000000 0.000000 0.000000 0.000000 0.000000 0.000000 0.000000 0.000000 0.000000 0.000000 0.000000 0.000000 0.000000 0.000000 0.000000 0.000000 0.000000 0.000000 0.000000 0.000000 0.000000 0.000000 0.000000 0.000000 0.000000 0.000000 0.000000 0.000000 0.000000 
50.000000 36.361797 24.312253 14.887406 8.336852 4.271445 2.005941 0.865735 0.344461 0.126780 0.043311 0.013780 0.004097 0.001141 0.000299 0.000074 0.000017 0.000004 0.000001 0.000000 0.000000 0.000000 0.000000 0.000000 0.000000 0.000000 0.000000 0.000000 0.000000 0.000000 0.000000 0.000000 0.000000 0.000000 0.000000 0.000000 0.000000 0.000000 0.000000 0.000000 0.000000 0.000000 0.000000 0.000000 0.000000 0.000000 0.000000 0.000000 0.000000 0.000000 
50.000000 36.361797 24.312253 14.887406 8.336852 4.271445 2.005941 0.865735 0.344461 0.126780 0.043311 0.013780 0.004097 0.001141 0.000299 0.000074 0.000017 0.000004 0.000001 0.000000 0.000000 0.000000 0.000000 0.000000 0.000000 0.000000 0.000000 0.000000 0.000000 0.000000 0.000000 0.000000 0.000000 0.000000 0.000000 0.000000 0.000000 0.000000 0.000000 0.000000 0.000000 0.000000 0.000000 0.000000 0.000000 0.000000 0.000000 0.000000 0.000000 0.000000 
50.000000 36.361797 24.312253 14.887406 8.336852 4.271445 2.005941 0.865735 0.344461 0.126780 0.043311 0.013780 0.004097 0.001141 0.000299 0.000074 0.000017 0.000004 0.000001 0.000000 0.000000 0.000000 0.000000 0.000000 0.000000 0.000000 0.000000 0.000000 0.000000 0.000000 0.000000 0.000000 0.000000 0.000000 0.000000 0.000000 0.000000 0.000000 0.000000 0.000000 0.000000 0.000000 0.000000 0.000000 0.000000 0.000000 0.000000 0.000000 0.000000 0.000000 
50.000000 36.361797 24.312253 14.887406 8.336852 4.271445 2.005941 0.865735 0.344461 0.126780 0.043311 0.013780 0.004097 0.001141 0.000299 0.000074 0.000017 0.000004 0.000001 0.000000 0.000000 0.000000 0.000000 0.000000 0.000000 0.000000 0.000000 0.000000 0.000000 0.000000 0.000000 0.000000 0.000000 0.000000 0.000000 0.000000 0.000000 0.000000 0.000000 0.000000 0.000000 0.000000 0.000000 0.000000 0.000000 0.000000 0.000000 0.000000 0.000000 0.000000 
50.000000 36.361797 24.312253 14.887406 8.336852 4.271445 2.005941 0.865735 0.344461 0.126780 0.043311 0.013780 0.004097 0.001141 0.000299 0.000074 0.000017 0.000004 0.000001 0.000000 0.000000 0.000000 0.000000 0.000000 0.000000 0.000000 0.000000 0.000000 0.000000 0.000000 0.000000 0.000000 0.000000 0.000000 0.000000 0.000000 0.000000 0.000000 0.000000 0.000000 0.000000 0.000000 0.000000 0.000000 0.000000 0.000000 0.000000 0.000000 0.000000 0.000000 
50.000000 36.361797 24.312253 14.887406 8.336852 4.271445 2.005941 0.865735 0.344461 0.126780 0.043311 0.013780 0.004097 0.001141 0.000299 0.000074 0.000017 0.000004 0.000001 0.000000 0.000000 0.000000 0.000000 0.000000 0.000000 0.000000 0.000000 0.000000 0.000000 0.000000 0.000000 0.000000 0.000000 0.000000 0.000000 0.000000 0.000000 0.000000 0.000000 0.000000 0.000000 0.000000 0.000000 0.000000 0.000000 0.000000 0.000000 0.000000 0.000000 0.000000 
50.000000 36.361797 24.312253 14.887406 8.336852 4.271445 2.005941 0.865735 0.344461 0.126780 0.043311 0.013780 0.004097 0.001141 0.000299 0.000074 0.000017 0.000004 0.000001 0.000000 0.000000 0.000000 0.000000 0.000000 0.000000 0.000000 0.000000 0.000000 0.000000 0.000000 0.000000 0.000000 0.000000 0.000000 0.000000 0.000000 0.000000 0.000000 0.000000 0.000000 0.000000 0.000000 0.000000 0.000000 0.000000 0.000000 0.000000 0.000000 0.000000 0.000000 
50.000000 36.361797 24.312253 14.887406 8.336852 4.271446 2.005941 0.865735 0.344462 0.126780 0.043311 0.013780 0.004097 0.001142 0.000299 0.000074 0.000017 0.000004 0.000001 0.000000 0.000000 0.000000 0.000000 0.000000 0.000000 0.000000 0.000000 0.000000 0.000000 0.000000 0.000000 0.000000 0.000000 0.000000 0.000000 0.000000 0.000000 0.000000 0.000000 0.000000 0.000000 0.000000 0.000000 0.000000 0.000000 0.000000 0.000000 0.000000 0.000000 0.000000 
50.000000 36.361797 24.312253 14.887407 8.336853 4.271446 2.005942 0.865736 0.344462 0.126781 0.043312 0.013781 0.004097 0.001142 0.000300 0.000075 0.000018 0.000005 0.000002 0.000001 0.000001 0.000001 0.000001 0.000001 0.000001 0.000001 0.000001 0.000001 0.000001 0.000001 0.000001 0.000001 0.000001 0.000001 0.000001 0.000001 0.000001 0.000001 0.000001 0.000001 0.000001 0.000001 0.000001 0.000001 0.000001 0.000001 0.000001 0.000000 0.000000 0.000000 
50.000000 36.361798 24.312255 14.887409 8.336855 4.271449 2.005945 0.865739 0.344465 0.126784 0.043315 0.013784 0.004100 0.001145 0.000303 0.000078 0.000021 0.000008 0.000005 0.000004 0.000004 0.000004 0.000004 0.000004 0.000004 0.000004 0.000004 0.000004 0.000004 0.000004 0.000004 0.000004 0.000004 0.000004 0.000004 0.000004 0.000004 0.000004 0.000004 0.000004 0.000004 0.000004 0.000004 0.000004 0.000004 0.000003 0.000003 0.000002 0.000001 0.000000 
50.000000 36.361801 24.312262 14.887418 8.336867 4.271461 2.005958 0.865752 0.344479 0.126797 0.043328 0.013797 0.004114 0.001159 0.000316 0.000091 0.000034 0.000021 0.000018 0.000017 0.000017 0.000017 0.000017 0.000017 0.000017 0.000017 0.000017 0.000017 0.000017 0.000017 0.000017 0.000017 0.000017 0.000017 0.000017 0.000017 0.000017 0.000017 0.000017 0.000017 0.000017 0.000017 0.000017 0.000017 0.000016 0.000015 0.000013 0.000009 0.000005 0.000000 
50.000000 36.361817 24.312291 14.887458 8.336914 4.271513 2.006012 0.865808 0.344535 0.126853 0.043385 0.013854 0.004170 0.001215 0.000373 0.000148 0.000091 0.000078 0.000075 0.000074 0.000074 0.000074 0.000074 0.000074 0.000074 0.000074 0.000074 0.000074 0.000074 0.000074 0.000074 0.000074 0.000074 0.000074 0.000074 0.000074 0.000074 0.000074 0.000074 0.000074 0.000074 0.000073 0.000073 0.000072 0.000069 0.000063 0.000054 0.000040 0.000021 0.000000 
50.000000 36.361879 24.312408 14.887618 8.337103 4.271720 2.006229 0.866029 0.344758 0.127078 0.043610 0.014079 0.004396 0.001440 0.000598 0.000373 0.000316 0.000303 0.000300 0.000299 0.000299 0.000299 0.000299 0.000299 0.000299 0.000299 0.000299 0.000299 0.000299 0.000299 0.000299 0.000299 0.000299 0.000299 0.000299 0.000299 0.000299 0.000299 0.000299 0.000299 0.000298 0.000298 0.000295 0.000290 0.000279 0.000257 0.000219 0.000163 0.000087 0.000000 
50.000000 36.362111 24.312844 14.888213 8.337808 4.272492 2.007039 0.866858 0.345595 0.127918 0.044452 0.014921 0.005238 0.002283 0.001440 0.001215 0.001159 0.001145 0.001142 0.001142 0.001141 0.001141 0.001141 0.001141 0.001141 0.001141 0.001141 0.001141 0.001141 0.001141 0.001141 0.001141 0.001141 0.001141 0.001141 0.001141 0.001141 0.001141 0.001141 0.001141 0.001140 0.001136 0.001128 0.001108 0.001065 0.000982 0.000840 0.000623 0.000334 0.000000 
50.000000 36.362923 24.314372 14.890299 8.340279 4.275202 2.009880 0.869764 0.348531 0.130867 0.047405 0.017876 0.008193 0.005238 0.004396 0.004170 0.004114 0.004100 0.004097 0.004097 0.004097 0.004097 0.004097 0.004097 0.004097 0.004097 0.004097 0.004097 0.004097 0.004097 0.004097 0.004097 0.004097 0.004097 0.004097 0.004097 0.004097 0.004096 0.004096 0.004095 0.004091 0.004079 0.004050 0.003980 0.003829 0.003535 0.003026 0.002248 0.001207 0.000000 
50.000000 36.365582 24.319376 14.897130 8.348375 4.284078 2.019187 0.879287 0.358152 0.140527 0.057080 0.027557 0.017876 0.014921 0.014079 0.013854 0.013797 0.013784 0.013781 0.013780 0.013780 0.013780 0.013780 0.013780 0.013780 0.013780 0.013780 0.013780 0.013780 0.013780 0.013780 0.013780 0.013780 0.013780 0.013780 0.013780 0.013780 0.013780 0.013778 0.013774 0.013761 0.013725 0.013629 0.013399 0.012901 0.011926 0.010227 0.007611 0.004093 0.000000 
50.000000 36.373681 24.334622 14.917950 8.373052 4.311136 2.047564 0.908323 0.387488 0.169987 0.086587 0.057080 0.047405 0.044452 0.043610 0.043385 0.043328 0.043315 0.043312 0.043311 0.043311 0.043311 0.043311 0.043311 0.043311 0.043311 0.043311 0.043311 0.043311 0.043311 0.043311 0.043311 0.043311 0.043311 0.043311 0.043311 0.043311 0.043310 0.043306 0.043294 0.043255 0.043145 0.042856 0.042158 0.040631 0.037623 0.032332 0.024118 0.012994 0.000000 
50.000000 36.396554 24.377679 14.976756 8.442768 4.387593 2.127758 0.990387 0.470401 0.253253 0.169987 0.140527 0.130867 0.127918 0.127078 0.126853 0.126797 0.126784 0.126781 0.126780 0.126780 0.126780 0.126780 0.126780 0.126780 0.126780 0.126780 0.126780 0.126780 0.126780 0.126780 0.126780 0.126780 0.126780 0.126780 0.126779 0.126779 0.126776 0.126766 0.126732 0.126626 0.126323 0.125517 0.123562 0.119243 0.110641 0.095347 0.071345 0.038539 0.000000 
50.000000 36.456154 24.489882 15.130027 8.624502 4.586930 2.336864 1.204386 0.686625 0.470401 0.387488 0.358152 0.348531 0.345595 0.344758 0.344535 0.344479 0.344465 0.344462 0.344462 0.344461 0.344461 0.344461 0.344461 0.344461 0.344461 0.344461 0.344461 0.344461 0.344461 0.344461 0.344461 0.344461 0.344461 0.344461 0.344461 0.344459 0.344452 0.344427 0.344342 0.344078 0.343312 0.341264 0.336240 0.325016 0.302371 0.261533 0.196525 0.106543 0.000000 
50.000000 36.598754 24.758376 15.496844 9.059509 5.064141 2.837517 1.716794 1.204386 0.990387 0.908323 0.879287 0.869764 0.866858 0.866029 0.865808 0.865752 0.865739 0.865736 0.865735 0.865735 0.865735 0.865735 0.865735 0.865735 0.865735 0.865735 0.865735 0.865735 0.865735 0.865735 0.865735 0.865735 0.865735 0.865735 0.865734 0.865730 0.865714 0.865658 0.865468 0.864870 0.863122 0.858397 0.846667 0.820085 0.765568 0.665436 0.502967 0.274111 0.000000 
50.000000 36.910430 25.345267 16.298764 10.010644 6.107695 3.932451 2.837517 2.336864 2.127758 2.047564 2.019187 2.009880 2.007039 2.006229 2.006012 2.005958 2.005945 2.005942 2.005941 2.005941 2.005941 2.005941 2.005941 2.005941 2.005941 2.005941 2.005941 2.005941 2.005941 2.005941 2.005941 2.005941 2.005941 2.005941 2.005939 2.005931 2.005900 2.005788 2.005406 2.004197 2.000623 1.990850 1.966226 1.909433 1.790506 1.566780 1.194191 0.656011 0.000000 
50.000000 37.529269 26.510653 17.891330 11.899797 8.180668 6.107695 5.064141 4.586930 4.387593 4.311136 4.284078 4.275202 4.272492 4.271720 4.271513 4.271461 4.271449 4.271446 4.271446 4.271445 4.271445 4.271445 4.271445 4.271445 4.271445 4.271445 4.271445 4.271445 4.271445 4.271445 4.271445 4.271445 4.271445 4.271444 4.271441 4.271427 4.271373 4.271177 4.270505 4.268350 4.261914 4.244056 4.198262 4.090334 3.858260 3.407634 2.629501 1.462904 0.000000 
50.000000 38.639072 28.600772 20.747908 15.288767 11.899797 10.010644 9.059509 8.624502 8.442768 8.373052 8.348375 8.340279 8.337808 8.337103 8.336914 8.336867 8.336855 8.336853 8.336852 8.336852 8.336852 8.336852 8.336852 8.336852 8.336852 8.336852 8.336852 8.336852 8.336852 8.336852 8.336852 8.336852 8.336852 8.336851 8.336846 8.336825 8.336745 8.336449 8.335429 8.332127 8.322131 8.293942 8.220139 8.041537 7.644383 6.840005 5.378009 3.057067 0.000000 
50.000000 40.426343 31.967002 25.348979 20.747908 17.891330 16.298764 15.496844 15.130027 14.976756 14.917950 14.897130 14.890299 14.888213 14.887618 14.887458 14.887418 14.887409 14.887407 14.887406 14.887406 14.887406 14.887406 14.887406 14.887406 14.887406 14.887406 14.887406 14.887406 14.887406 14.887406 14.887406 14.887406 14.887406 14.887404 14.887398 14.887373 14.887273 14.886904 14.885618 14.881409 14.868494 14.831408 14.731984 14.483696 13.907902 12.674490 10.261573 6.064823 0.000000 
50.000000 42.996773 36.808521 31.967002 28.600772 26.510653 25.345267 24.758376 24.489882 24.377679 24.334622 24.319376 24.314372 24.312844 24.312408 24.312291 24.312262 24.312255 24.312253 24.312253 24.312253 24.312253 24.312253 24.312253 24.312253 24.312253 24.312253 24.312253 24.312253 24.312253 24.312253 24.312253 24.312253 24.312253 24.312251 24.312245 24.312221 24.312124 24.311765 24.310504 24.306333 24.293358 24.255410 24.151076 23.881152 23.222763 21.705429 18.404260 11.723811 0.000000 
50.000000 46.282087 42.996773 40.426343 38.639072 37.529269 36.910430 36.598754 36.456154 36.396554 36.373681 36.365582 36.362923 36.362111 36.361879 36.361817 36.361801 36.361798 36.361797 36.361797 36.361797 36.361797 36.361797 36.361797 36.361797 36.361797 36.361797 36.361797 36.361797 36.361797 36.361797 36.361797 36.361797 36.361796 36.361796 36.361792 36.361777 36.361716 36.361489 36.360687 36.358015 36.349610 36.324643 36.254420 36.066366 35.582005 34.361520 31.272962 23.141044 0.000000 
50.000000 50.000000 50.000000 50.000000 50.000000 50.000000 50.000000 50.000000 50.000000 50.000000 50.000000 50.000000 50.000000 50.000000 50.000000 50.000000 50.000000 50.000000 50.000000 50.000000 50.000000 50.000000 50.000000 50.000000 50.000000 50.000000 50.000000 50.000000 50.000000 50.000000 50.000000 50.000000 50.000000 50.000000 50.000000 50.000000 50.000000 50.000000 50.000000 50.000000 50.000000 50.000000 50.000000 50.000000 50.000000 50.000000 50.000000 50.000000 50.000000 50.000000 
