50.000000 50.000000 50.000000 50.000000 50.000000 50.000000 50.000000 50.000000 50.000000 50.000000 50.000000 50.000000 50.000000 50.000000 50.000000 50.000000 50.000000 50.000000 50.000000 50.000000 50.000000 50.000000 50.000000 50.000000 50.000000 50.000000 50.000000 50.000000 50.000000 50.000000 50.000000 50.000000 50.000000 50.000000 50.000000 50.000000 50.000000 50.000000 50.000000 50.000000 50.000000 50.000000 50.000000 50.000000 50.000000 50.000000 50.000000 50.000000 50.000000 50.000000 
50.000000 48.936594 47.908686 46.948224 46.080641 45.322945 44.683067 44.160434 43.747494 43.431793 43.198188 43.030835 42.914724 42.836678 42.785836 42.753725 42.734055 42.722364 42.715618 42.711839 42.709782 42.708693 42.708133 42.707852 42.707714 42.707646 42.707608 42.707576 42.707530 42.707442 42.707263 42.706904 42.706194 42.704820 42.702218 42.697398 42.688651 42.673084 42.645877 42.599087 42.519685 42.386242 42.162971 41.788296 41.150838 40.033696 37.970345 33.828105 24.468297 0.000000 
50.000000 47.908686 45.887186 43.998326 42.292126 40.802033 39.543645 38.515834 37.703746 37.082891 36.623488 36.294375 36.066035 35.912552 35.812569 35.749422 35.710740 35.687749 35.674484 35.667052 35.663006 35.660866 35.659765 35.659213 35.658941 35.658807 35.658733 35.658671 35.658584 35.658418 35.658082 35.657407 35.656074 35.653497 35.648627 35.639622 35.623319 35.594395 35.544044 35.457896 35.312719 35.071069 34.672310 34.016884 32.937501 31.144446 28.121454 22.943593 14.080581 0.000000 
50.000000 46.948224 43.998326 41.241989 38.752204 36.577781 34.741479 33.241652 32.056623 31.150652 30.480281 30.000034 29.666839 29.442878 29.296985 29.204842 29.148399 29.114851 29.095496 29.084652 29.078749 29.075626 29.074019 29.073214 29.072818 29.072623 29.072516 29.072430 29.072310 29.072084 29.071629 29.070715 29.068914 29.065440 29.058893 29.046824 29.025059 28.986628 28.920127 28.807226 28.618889 28.309631 27.808733 27.006687 25.734495 23.733727 20.620994 15.876872 8.977880 0.000000 
50.000000 46.080641 42.292126 38.752204 35.554620 32.762057 30.403746 28.477569 26.955685 25.792192 24.931273 24.314525 23.886629 23.599017 23.411660 23.293333 23.220850 23.177770 23.152915 23.138989 23.131410 23.127400 23.125336 23.124302 23.123795 23.123546 23.123411 23.123306 23.123164 23.122901 23.122375 23.121319 23.119243 23.115251 23.107752 23.093984 23.069278 23.025915 22.951442 22.826193 22.619756 22.286019 21.756405 20.931069 19.668594 17.777310 15.018477 11.147680 6.046945 0.000000 
50.000000 45.322945 40.802033 36.577781 32.762057 29.429664 26.615481 24.316980 22.500932 21.112559 20.085250 19.349310 18.838723 18.495535 18.271977 18.130788 18.044303 17.992900 17.963244 17.946629 17.937586 17.932802 17.930340 17.929107 17.928502 17.928206 17.928049 17.927932 17.927780 17.927504 17.926954 17.925854 17.923699 17.919570 17.911843 17.897725 17.872532 17.828617 17.753826 17.629331 17.426752 17.104468 16.603291 15.842061 14.714832 13.093463 10.843286 7.864532 4.172108 0.000000 
50.000000 44.683067 39.543645 34.741479 30.403746 26.615481 23.416335 20.803429 18.738986 17.160725 15.992923 15.156346 14.575944 14.185835 13.931716 13.771227 13.672922 13.614495 13.580787 13.561902 13.551623 13.546185 13.543388 13.541986 13.541300 13.540966 13.540791 13.540668 13.540516 13.540248 13.539717 13.538660 13.536595 13.532653 13.525310 13.511962 13.488289 13.447324 13.378164 13.264252 13.081251 12.794617 12.357270 11.708168 10.773421 9.472676 7.734791 5.526761 2.894772 0.000000 
50.000000 44.160434 38.515834 33.241652 28.477569 24.316980 20.803429 17.933752 15.666452 13.933123 12.650593 11.731839 11.094432 10.666012 10.386942 10.210697 10.102742 10.038581 10.001566 9.980828 9.969541 9.963571 9.960499 9.958960 9.958208 9.957843 9.957656 9.957531 9.957388 9.957143 9.956662 9.955711 9.953859 9.950339 9.943812 9.932012 9.911215 9.875493 9.815710 9.718259 9.563613 9.324894 8.966876 8.446159 7.713689 6.721164 5.432918 3.843524 1.997464 0.000000 
50.000000 43.747494 37.703746 32.056623 26.955685 22.500932 18.738986 15.666452 13.238895 11.383068 10.009912 9.026247 8.343814 7.885137 7.586361 7.397675 7.282100 7.213411 7.173785 7.151585 7.139502 7.133110 7.129822 7.128176 7.127371 7.126982 7.126787 7.126664 7.126535 7.126323 7.125912 7.125103 7.123536 7.120570 7.115095 7.105252 7.088013 7.058618 7.009840 6.931109 6.807595 6.619448 6.341558 5.944368 5.396464 4.669666 3.746992 2.632677 1.361252 0.000000 
50.000000 43.431793 37.082891 31.150652 25.792192 21.112559 17.160725 13.933123 11.383068 9.433610 7.991186 6.957912 6.241069 5.759271 5.445437 5.247244 5.125848 5.053701 5.012079 4.988762 4.976072 4.969359 4.965906 4.964177 4.963333 4.962927 4.962726 4.962608 4.962494 4.962318 4.961985 4.961332 4.960073 4.957699 4.953340 4.945544 4.931974 4.908999 4.871180 4.810698 4.716805 4.575474 4.369511 4.079475 3.685807 3.172436 2.531764 1.770172 0.912107 0.000000 
50.000000 43.198188 36.623488 30.480281 24.931273 20.085250 15.992923 12.650593 10.009912 7.991186 6.497524 5.427554 4.685261 4.186362 3.861393 3.656170 3.530470 3.455766 3.412670 3.388527 3.375388 3.368437 3.364862 3.363072 3.362199 3.361781 3.361577 3.361464 3.361367 3.361226 3.360967 3.360465 3.359500 3.357689 3.354378 3.348489 3.338299 3.321161 3.293161 3.248762 3.180488 3.078803 2.932334 2.728671 2.455918 2.105080 1.673055 1.165592 0.599101 0.000000 
50.000000 43.030835 36.294375 30.000034 24.314525 19.349310 15.156346 11.731839 9.026247 6.957912 5.427554 4.331306 3.570789 3.059646 2.726705 2.516450 2.387669 2.311135 2.266984 2.242250 2.228789 2.221669 2.218007 2.216174 2.215280 2.214853 2.214648 2.214539 2.214457 2.214348 2.214155 2.213785 2.213077 2.211755 2.209350 2.205092 2.197765 2.185519 2.165653 2.134392 2.086731 2.016407 1.916129 1.778182 1.595484 1.363084 1.079907 0.750331 0.384957 0.000000 
50.000000 42.914724 36.066035 29.666839 23.886629 18.838723 14.575944 11.094432 8.343814 6.241069 4.685261 3.570789 2.797635 2.278002 1.939535 1.725791 1.594874 1.517072 1.472189 1.447046 1.433363 1.426125 1.422402 1.420539 1.419631 1.419198 1.418993 1.418889 1.418818 1.418736 1.418597 1.418335 1.417838 1.416912 1.415234 1.412279 1.407222 1.398817 1.385269 1.364100 1.332070 1.285196 1.218939 1.128620 1.010106 0.860714 0.680211 0.471639 0.241639 0.000000 
50.000000 42.836678 35.912552 29.442878 23.599017 18.495535 14.185835 10.666012 7.885137 5.759271 4.186362 3.059646 2.278002 1.752667 1.410487 1.194401 1.062050 0.983396 0.938022 0.912605 0.898772 0.891455 0.887691 0.885808 0.884891 0.884454 0.884249 0.884148 0.884087 0.884026 0.883929 0.883751 0.883414 0.882791 0.881666 0.879693 0.876334 0.870781 0.861881 0.848063 0.827296 0.797125 0.754798 0.697546 0.623003 0.529739 0.417819 0.289233 0.148027 0.000000 
50.000000 42.785836 35.812569 29.296985 23.411660 18.271977 13.931716 10.386942 7.586361 5.445437 3.861393 2.726705 1.939535 1.410487 1.065891 0.848279 0.714996 0.635787 0.590094 0.564498 0.550568 0.543199 0.539410 0.537514 0.536590 0.536151 0.535946 0.535848 0.535794 0.535748 0.535682 0.535565 0.535345 0.534941 0.534214 0.532945 0.530794 0.527255 0.521614 0.512904 0.499893 0.481110 0.454930 0.419754 0.374253 0.317676 0.250160 0.172948 0.088438 0.000000 
50.000000 42.753725 35.749422 29.204842 23.293333 18.130788 13.771227 10.210697 7.397675 5.247244 3.656170 2.516450 1.725791 1.194401 0.848279 0.629706 0.495834 0.416275 0.370381 0.344672 0.330681 0.323280 0.319474 0.317569 0.316642 0.316202 0.315997 0.315901 0.315852 0.315817 0.315772 0.315697 0.315559 0.315306 0.314853 0.314065 0.312735 0.310557 0.307101 0.301792 0.293904 0.282579 0.266885 0.245918 0.218945 0.185581 0.145949 0.100796 0.051507 0.000000 
50.000000 42.734055 35.710740 29.148399 23.220850 18.044303 13.672922 10.102742 7.282100 5.125848 3.530470 2.387670 1.594875 1.062050 0.714996 0.495834 0.361601 0.281829 0.235812 0.210034 0.196005 0.188584 0.184768 0.182859 0.181929 0.181488 0.181283 0.181189 0.181143 0.181115 0.181085 0.181038 0.180954 0.180801 0.180528 0.180055 0.179260 0.177963 0.175914 0.172782 0.168149 0.161530 0.152403 0.140269 0.124733 0.105600 0.082959 0.057244 0.029235 0.000000 
50.000000 42.722364 35.687749 29.114851 23.177770 17.992901 13.614495 10.038582 7.213412 5.053701 3.455767 2.311136 1.517072 0.983396 0.635788 0.416276 0.281830 0.201931 0.155840 0.130021 0.115970 0.108538 0.104716 0.102803 0.101872 0.101430 0.101226 0.101133 0.101089 0.101065 0.101045 0.101016 0.100966 0.100877 0.100718 0.100443 0.099983 0.099235 0.098059 0.096267 0.093629 0.089876 0.084723 0.077901 0.069202 0.058528 0.045938 0.031676 0.016170 0.000000 
50.000000 42.715619 35.674484 29.095497 23.152916 17.963246 13.580788 10.001567 7.173786 5.012081 3.412672 2.266986 1.472191 0.938024 0.590096 0.370383 0.235814 0.155842 0.109709 0.083867 0.069803 0.062364 0.058538 0.056624 0.055692 0.055250 0.055045 0.054953 0.054911 0.054890 0.054875 0.054857 0.054829 0.054778 0.054688 0.054533 0.054275 0.053858 0.053203 0.052209 0.050751 0.048684 0.045858 0.042130 0.037392 0.031598 0.024782 0.017078 0.008715 0.000000 
50.000000 42.711840 35.667053 29.084654 23.138992 17.946633 13.561906 9.980832 7.151589 4.988767 3.388532 2.242255 1.447051 0.912609 0.564503 0.344677 0.210038 0.130025 0.083869 0.058014 0.043943 0.036500 0.032672 0.030757 0.029825 0.029383 0.029178 0.029086 0.029045 0.029025 0.029014 0.029003 0.028987 0.028959 0.028909 0.028825 0.028685 0.028458 0.028104 0.027569 0.026787 0.025681 0.024174 0.022193 0.019682 0.016620 0.013027 0.008972 0.004577 0.000000 
50.000000 42.709784 35.663010 29.078754 23.131416 17.937594 13.551632 9.969551 7.139512 4.976083 3.375399 2.228801 1.433374 0.898783 0.550580 0.330693 0.196017 0.115981 0.069813 0.043950 0.029875 0.022430 0.018601 0.016686 0.015753 0.015311 0.015107 0.015014 0.014974 0.014955 0.014946 0.014939 0.014929 0.014914 0.014888 0.014843 0.014769 0.014650 0.014464 0.014184 0.013776 0.013200 0.012418 0.011393 0.010098 0.008522 0.006675 0.004596 0.002344 0.000000 
50.000000 42.708698 35.660875 29.075639 23.127416 17.932821 13.546207 9.963595 7.133136 4.969386 3.368465 2.221697 1.426153 0.891483 0.543228 0.323309 0.188613 0.108566 0.062391 0.036524 0.022447 0.015001 0.011172 0.009256 0.008323 0.007881 0.007677 0.007585 0.007544 0.007527 0.007518 0.007513 0.007508 0.007500 0.007486 0.007463 0.007425 0.007364 0.007269 0.007126 0.006918 0.006626 0.006230 0.005713 0.005060 0.004268 0.003342 0.002300 0.001173 0.000000 
50.000000 42.708144 35.659786 29.074049 23.125375 17.930386 13.543440 9.960556 7.129883 4.965969 3.364928 2.218074 1.422470 0.887760 0.539479 0.319543 0.184837 0.104784 0.058605 0.032737 0.018659 0.011212 0.007382 0.005466 0.004534 0.004092 0.003887 0.003795 0.003755 0.003738 0.003730 0.003726 0.003722 0.003718 0.003711 0.003699 0.003680 0.003649 0.003601 0.003529 0.003425 0.003279 0.003082 0.002825 0.002501 0.002108 0.001650 0.001135 0.000579 0.000000 
50.000000 42.707877 35.659261 29.073284 23.124393 17.929214 13.542108 9.959093 7.128317 4.964325 3.363225 2.216329 1.420697 0.885967 0.537674 0.317730 0.183019 0.102964 0.056783 0.030913 0.016835 0.009388 0.005558 0.003642 0.002709 0.002267 0.002063 0.001971 0.001931 0.001914 0.001906 0.001903 0.001900 0.001898 0.001894 0.001888 0.001878 0.001862 0.001837 0.001800 0.001746 0.001671 0.001570 0.001438 0.001273 0.001072 0.000839 0.000577 0.000294 0.000000 
50.000000 42.707771 35.659052 29.072978 23.124000 17.928746 13.541575 9.958509 7.127691 4.963668 3.362545 2.215632 1.419988 0.885251 0.536953 0.317006 0.182293 0.102236 0.056055 0.030185 0.016106 0.008660 0.004830 0.002914 0.001981 0.001539 0.001334 0.001243 0.001202 0.001185 0.001178 0.001174 0.001172 0.001171 0.001168 0.001164 0.001158 0.001148 0.001132 0.001109 0.001076 0.001029 0.000967 0.000885 0.000783 0.000660 0.000516 0.000355 0.000181 0.000000 
50.000000 42.707771 35.659052 29.072978 23.124000 17.928746 13.541575 9.958509 7.127691 4.963668 3.362545 2.215632 1.419988 0.885251 0.536953 0.317006 0.182293 0.102236 0.056055 0.030185 0.016106 0.008660 0.004830 0.002914 0.001981 0.001539 0.001334 0.001243 0.001202 0.001185 0.001178 0.001174 0.001172 0.001171 0.001168 0.001164 0.001158 0.001148 0.001132 0.001109 0.001076 0.001029 0.000967 0.000885 0.000783 0.000660 0.000516 0.000355 0.000181 0.000000 
50.000000 42.707877 35.659261 29.073284 23.124393 17.929214 13.542108 9.959093 7.128317 4.964325 3.363225 2.216329 1.420697 0.885967 0.537674 0.317730 0.183019 0.102964 0.056783 0.030913 0.016835 0.009388 0.005558 0.003642 0.002709 0.002267 0.002063 0.001971 0.001931 0.001914 0.001906 0.001903 0.001900 0.001898 0.001894 0.001888 0.001878 0.001862 0.001837 0.001800 0.001746 0.001671 0.001570 0.001438 0.001273 0.001072 0.000839 0.000577 0.000294 0.000000 
50.000000 42.708144 35.659786 29.074049 23.125375 17.930386 13.543440 9.960556 7.129883 4.965969 3.364928 2.218074 1.422470 0.887760 0.539479 0.319543 0.184837 0.104784 0.058605 0.032737 0.018659 0.011212 0.007382 0.005466 0.004534 0.004092 0.003887 0.003795 0.003755 0.003738 0.003730 0.003726 0.003722 0.003718 0.003711 0.003699 0.003680 0.003649 0.003601 0.003529 0.003425 0.003279 0.003082 0.002825 0.002501 0.002108 0.001650 0.001135 0.000579 0.000000 
50.000000 42.708698 35.660875 29.075639 23.127416 17.932821 13.546207 9.963595 7.133136 4.969386 3.368465 2.221697 1.426153 0.891483 0.543228 0.323309 0.188613 0.108566 0.062391 0.036524 0.022447 0.015001 0.011172 0.009256 0.008323 0.007881 0.007677 0.007585 0.007544 0.007527 0.007518 0.007513 0.007508 0.007500 0.007486 0.007463 0.007425 0.007364 0.007269 0.007126 0.006918 0.006626 0.006230 0.005713 0.005060 0.004268 0.003342 0.002300 0.001173 0.000000 
50.000000 42.709784 35.663010 29.078754 23.131416 17.937594 13.551632 9.969551 7.139512 4.976083 3.375399 2.228801 1.433374 0.898783 0.550580 0.330693 0.196017 0.115981 0.069813 0.043950 0.029875 0.022430 0.018601 0.016686 0.015753 0.015311 0.015107 0.015014 0.014974 0.014955 0.014946 0.014939 0.014929 0.014914 0.014888 0.014843 0.014769 0.014650 0.014464 0.014184 0.013776 0.013200 0.012418 0.011393 0.010098 0.008522 0.006675 0.004596 0.002344 0.000000 
50.000000 42.711840 35.667053 29.084654 23.138992 17.946633 13.561906 9.980832 7.151589 4.988767 3.388532 2.242255 1.447051 0.912609 0.564503 0.344677 0.210038 0.130025 0.083869 0.058014 0.043943 0.036500 0.032672 0.030757 0.029825 0.029383 0.029178 0.029086 0.029045 0.029025 0.029014 0.029003 0.028987 0.028959 0.028909 0.028825 0.028685 0.028458 0.028104 0.027569 0.026787 0.025681 0.024174 0.022193 0.019682 0.016620 0.013027 0.008972 0.004577 0.000000 
50.000000 42.715619 35.674484 29.095497 23.152916 17.963246 13.580788 10.001567 7.173786 5.012081 3.412672 2.266986 1.472191 0.938024 0.590096 0.370383 0.235814 0.155842 0.109709 0.083867 0.069803 0.062364 0.058538 0.056624 0.055692 0.055250 0.055045 0.054953 0.054911 0.054890 0.054875 0.054857 0.054829 0.054778 0.054688 0.054533 0.054275 0.053858 0.053203 0.052209 0.050751 0.048684 0.045858 0.042130 0.037392 0.031598 0.024782 0.017078 0.008715 0.000000 
50.000000 42.722364 35.687749 29.114851 23.177770 17.992901 13.614495 10.038582 7.213412 5.053701 3.455767 2.311136 1.517072 0.983396 0.635788 0.416276 0.281830 0.201931 0.155840 0.130021 0.115970 0.108538 0.104716 0.102803 0.101872 0.101430 0.101226 0.101133 0.101089 0.101065 0.101045 0.101016 0.100966 0.100877 0.100718 0.100443 0.099983 0.099235 0.098059 0.096267 0.093629 0.089876 0.084723 0.077901 0.069202 0.058528 0.045938 0.031676 0.016170 0.000000 
50.000000 42.734055 35.710740 29.148399 23.220850 18.044303 13.672922 10.102742 7.282100 5.125848 3.530470 2.387670 1.594875 1.062050 0.714996 0.495834 0.361601 0.281829 0.235812 0.210034 0.196005 0.188584 0.184768 0.182859 0.181929 0.181488 0.181283 0.181189 0.181143 0.181115 0.181085 0.181038 0.180954 0.180801 0.180528 0.180055 0.179260 0.177963 0.175914 0.172782 0.168149 0.161530 0.152403 0.140269 0.124733 0.105600 0.082959 0.057244 0.029235 0.000000 
50.000000 42.753725 35.749422 29.204842 23.293333 18.130788 13.771227 10.210697 7.397675 5.247244 3.656170 2.516450 1.725791 1.194401 0.848279 0.629706 0.495834 0.416275 0.370381 0.344672 0.330681 0.323280 0.319474 0.317569 0.316642 0.316202 0.315997 0.315901 0.315852 0.315817 0.315772 0.315697 0.315559 0.315306 0.314853 0.314065 0.312735 0.310557 0.307101 0.301792 0.293904 0.282579 0.266885 0.245918 0.218945 0.185581 0.145949 0.100796 0.051507 0.000000 
50.000000 42.785836 35.812569 29.296985 23.411660 18.271977 13.931716 10.386942 7.586361 5.445437 3.861393 2.726705 1.939535 1.410487 1.065891 0.848279 0.714996 0.635787 0.590094 0.564498 0.550568 0.543199 0.539410 0.537514 0.536590 0.536151 0.535946 0.535848 0.535794 0.535748 0.535682 0.535565 0.535345 0.534941 0.534214 0.532945 0.530794 0.527255 0.521614 0.512904 0.499893 0.481110 0.454930 0.419754 0.374253 0.317676 0.250160 0.172948 0.088438 0.000000 
50.000000 42.836678 35.912552 29.442878 23.599017 18.495535 14.185835 10.666012 7.885137 5.759271 4.186362 3.059646 2.278002 1.752667 1.410487 1.194401 1.062050 0.983396 0.938022 0.912605 0.898772 0.891455 0.887691 0.885808 0.884891 0.884454 0.884249 0.884148 0.884087 0.884026 0.883929 0.883751 0.883414 0.882791 0.881666 0.879693 0.876334 0.870781 0.861881 0.848063 0.827296 0.797125 0.754798 0.697546 0.623003 0.529739 0.417819 0.289233 0.148027 0.000000 
50.000000 42.914724 36.066035 29.666839 23.886629 18.838723 14.575944 11.094432 8.343814 6.241069 4.685261 3.570789 2.797635 2.278002 1.939535 1.725791 1.594874 1.517072 1.472189 1.447046 1.433363 1.426125 1.422402 1.420539 1.419631 1.419198 1.418993 1.418889 1.418818 1.418736 1.418597 1.418335 1.417838 1.416912 1.415234 1.412279 1.407222 1.398817 1.385269 1.364100 1.332070 1.285196 1.218939 1.128620 1.010106 0.860714 0.680211 0.471639 0.241639 0.000000 
50.000000 43.030835 36.294375 30.000034 24.314525 19.349310 15.156346 11.731839 9.026247 6.957912 5.427554 4.331306 3.570789 3.059646 2.726705 2.516450 2.387669 2.311135 2.266984 2.242250 2.228789 2.221669 2.218007 2.216174 2.215280 2.214853 2.214648 2.214539 2.214457 2.214348 2.214155 2.213785 2.213077 2.211755 2.209350 2.205092 2.197765 2.185519 2.165653 2.134392 2.086731 2.016407 1.916129 1.778182 1.595484 1.363084 1.079907 0.750331 0.384957 0.000000 
50.000000 43.198188 36.623488 30.480281 24.931273 20.085250 15.992923 12.650593 10.009912 7.991186 6.497524 5.427554 4.685261 4.186362 3.861393 3.656170 3.530470 3.455766 3.412670 3.388527 3.375388 3.368437 3.364862 3.363072 3.362199 3.361781 3.361577 3.361464 3.361367 3.361226 3.360967 3.360465 3.359500 3.357689 3.354378 3.348489 3.338299 3.321161 3.293161 3.248762 3.180488 3.078803 2.932334 2.728671 2.455918 2.105080 1.673055 1.165592 0.599101 0.000000 
50.000000 43.431793 37.082891 31.150652 25.792192 21.112559 17.160725 13.933123 11.383068 9.433610 7.991186 6.957912 6.241069 5.759271 5.445437 5.247244 5.125848 5.053701 5.012079 4.988762 4.976072 4.969359 4.965906 4.964177 4.963333 4.962927 4.962726 4.962608 4.962494 4.962318 4.961985 4.961332 4.960073 4.957699 4.953340 4.945544 4.931974 4.908999 4.871180 4.810698 4.716805 4.575474 4.369511 4.079475 3.685807 3.172436 2.531764 1.770172 0.912107 0.000000 
50.000000 43.747494 37.703746 32.056623 26.955685 22.500932 18.738986 15.666452 13.238895 11.383068 10.009912 9.026247 8.343814 7.885137 7.586361 7.397675 7.282100 7.213411 7.173785 7.151585 7.139502 7.133110 7.129822 7.128176 7.127371 7.126982 7.126787 7.126664 7.126535 7.126323 7.125912 7.125103 7.123536 7.120570 7.115095 7.105252 7.088013 7.058618 7.009840 6.931109 6.807595 6.619448 6.341558 5.944368 5.396464 4.669666 3.746992 2.632677 1.361252 0.000000 
50.000000 44.160434 38.515834 33.241652 28.477569 24.316980 20.803429 17.933752 15.666452 13.933123 12.650593 11.731839 11.094432 10.666012 10.386942 10.210697 10.102742 10.038581 10.001566 9.980828 9.969541 9.963571 9.960499 9.958960 9.958208 9.957843 9.957656 9.957531 9.957388 9.957143 9.956662 9.955711 9.953859 9.950339 9.943812 9.932012 9.911215 9.875493 9.815710 9.718259 9.563613 9.324894 8.966876 8.446159 7.713689 6.721164 5.432918 3.843524 1.997464 0.000000 
50.000000 44.683067 39.543645 34.741479 30.403746 26.615481 23.416335 20.803429 18.738986 17.160725 15.992923 15.156346 14.575944 14.185835 13.931716 13.771227 13.672922 13.614495 13.580787 13.561902 13.551623 13.546185 13.543388 13.541986 13.541300 13.540966 13.540791 13.540668 13.540516 13.540248 13.539717 13.538660 13.536595 13.532653 13.525310 13.511962 13.488289 13.447324 13.378164 13.264252 13.081251 12.794617 12.357270 11.708168 10.773421 9.472676 7.734791 5.526761 2.894772 0.000000 
50.000000 45.322945 40.802033 36.577781 32.762057 29.429664 26.615481 24.316980 22.500932 21.112559 20.085250 19.349310 18.838723 18.495535 18.271977 18.130788 18.044303 17.992900 17.963244 17.946629 17.937586 17.932802 17.930340 17.929107 17.928502 17.928206 17.928049 17.927932 17.927780 17.927504 17.926954 17.925854 17.923699 17.919570 17.911843 17.897725 17.872532 17.828617 17.753826 17.629331 17.426752 17.104468 16.603291 15.842061 14.714832 13.093463 10.843286 7.864532 4.172108 0.000000 
50.000000 46.080641 42.292126 38.752204 35.554620 32.762057 30.403746 28.477569 26.955685 25.792192 24.931273 24.314525 23.886629 23.599017 23.411660 23.293333 23.220850 23.177770 23.152915 23.138989 23.131410 23.127400 23.125336 23.124302 23.123795 23.123546 23.123411 23.123306 23.123164 23.122901 23.122375 23.121319 23.119243 23.115251 23.107752 23.093984 23.069278 23.025915 22.951442 22.826193 22.619756 22.286019 21.756405 20.931069 19.668594 17.777310 15.018477 11.147680 6.046945 0.000000 
50.000000 46.948224 43.998326 41.241989 38.752204 36.577781 34.741479 33.241652 32.056623 31.150652 30.480281 30.000034 29.666839 29.442878 29.296985 29.204842 29.148399 29.114851 29.095496 29.084652 29.078749 29.075626 29.074019 29.073214 29.072818 29.072623 29.072516 29.072430 29.072310 29.072084 29.071629 29.070715 29.068914 29.065440 29.058893 29.046824 29.025059 28.986628 28.920127 28.807226 28.618889 28.309631 27.808733 27.006687 25.734495 23.733727 20.620994 15.876872 8.977880 0.000000 
50.000000 47.908686 45.887186 43.998326 42.292126 40.802033 39.543645 38.515834 37.703746 37.082891 36.623488 36.294375 36.066035 35.912552 35.812569 35.749422 35.710740 35.687749 35.674484 35.667052 35.663006 35.660866 35.659765 35.659213 35.658941 35.658807 35.658733 35.658671 35.658584 35.658418 35.658082 35.657407 35.656074 35.653497 35.648627 35.639622 35.623319 35.594395 35.544044 35.457896 35.312719 35.071069 34.672310 34.016884 32.937501 31.144446 28.121454 22.943593 14.080581 0.000000 
50.000000 48.936594 47.908686 46.948224 46.080641 45.322945 44.683067 44.160434 43.747494 43.431793 43.198188 43.030835 42.914724 42.836678 42.785836 42.753725 42.734055 42.722364 42.715618 42.711839 42.709782 42.708693 42.708133 42.707852 42.707714 42.707646 42.707608 42.707576 42.707530 42.707442 42.707263 42.706904 42.706194 42.704820 42.702218 42.697398 42.688651 42.673084 42.645877 42.599087 42.519685 42.386242 42.162971 41.788296 41.150838 40.033696 37.970345 33.828105 24.468297 0.000000 
50.000000 50.000000 50.000000 50.000000 50.000000 50.000000 50.000000 50.000000 50.000000 50.000000 50.000000 50.000000 50.000000 50.000000 50.000000 50.000000 50.000000 50.000000 50.000000 50.000000 50.000000 50.000000 50.000000 50.000000 50.000000 50.000000 50.000000 50.000000 50.000000 50.000000 50.000000 50.000000 50.000000 50.000000 50.000000 50.000000 50.000000 50.000000 50.000000 50.000000 50.000000 50.000000 50.000000 50.000000 50.000000 50.000000 50.000000 50.000000 50.000000 50.000000 
