50.000000 50.000000 50.000000 50.000000 50.000000 50.000000 50.000000 50.000000 50.000000 50.000000 50.000000 50.000000 50.000000 50.000000 50.000000 50.000000 50.000000 50.000000 50.000000 50.000000 50.000000 50.000000 50.000000 50.000000 50.000000 50.000000 50.000000 50.000000 50.000000 50.000000 50.000000 50.000000 50.000000 50.000000 50.000000 50.000000 50.000000 50.000000 50.000000 50.000000 50.000000 50.000000 50.000000 50.000000 50.000000 50.000000 50.000000 50.000000 50.000000 50.000000 
50.000000 47.956411 46.043801 44.368012 42.992636 41.934374 41.170198 40.651685 40.320631 40.121444 40.008326 39.947594 39.916718 39.901828 39.895007 39.892033 39.890798 39.890308 39.890122 39.890055 39.890031 39.890024 39.890021 39.890020 39.890020 39.890020 39.890020 39.890020 39.890020 39.890019 39.890018 39.890014 39.890003 39.889968 39.889872 39.889613 39.888939 39.887253 39.883190 39.873758 39.852627 39.806827 39.710410 39.512045 39.109414 38.291429 36.591978 32.871799 23.978205 0.000000 
50.000000 46.043801 42.341176 39.097032 36.434477 34.385836 32.906525 31.902788 31.261947 30.876377 30.657416 30.539862 30.480098 30.451279 30.438077 30.432321 30.429930 30.428982 30.428623 30.428492 30.428447 30.428432 30.428427 30.428425 30.428425 30.428425 30.428425 30.428425 30.428425 30.428424 30.428422 30.428415 30.428394 30.428333 30.428163 30.427704 30.426513 30.423544 30.416422 30.399978 30.363411 30.284958 30.122188 29.794482 29.151271 27.913529 25.565690 21.170588 13.172002 0.000000 
50.000000 44.368012 39.097032 34.478776 30.688499 27.772210 25.666418 24.237639 23.325453 22.776641 22.464989 22.297677 22.212620 22.171606 22.152817 22.144627 22.141225 22.139875 22.139364 22.139179 22.139114 22.139093 22.139086 22.139084 22.139083 22.139083 22.139083 22.139083 22.139082 22.139082 22.139079 22.139070 22.139044 22.138969 22.138760 22.138196 22.136741 22.133131 22.124522 22.104805 22.061412 21.969594 21.782649 21.415991 20.722571 19.457907 17.239388 13.531342 7.776035 0.000000 
50.000000 42.992636 36.434477 30.688499 25.972759 22.344483 19.724647 17.947144 16.812359 16.129648 15.741975 15.533860 15.428065 15.377054 15.353687 15.343502 15.339271 15.337593 15.336957 15.336727 15.336646 15.336620 15.336611 15.336608 15.336608 15.336607 15.336607 15.336607 15.336607 15.336606 15.336603 15.336595 15.336568 15.336492 15.336279 15.335710 15.334247 15.330639 15.322099 15.302722 15.260579 15.172759 14.997476 14.662599 14.051014 12.986380 11.230592 8.520948 4.701207 0.000000 
50.000000 41.934374 34.385836 27.772210 22.344483 18.168501 15.153274 13.107573 11.801616 11.015957 10.569846 10.330372 10.208641 10.149950 10.123067 10.111349 10.106482 10.104553 10.103821 10.103556 10.103464 10.103433 10.103423 10.103420 10.103419 10.103419 10.103419 10.103419 10.103419 10.103418 10.103415 10.103408 10.103384 10.103316 10.103128 10.102627 10.101347 10.098209 10.090842 10.074289 10.038726 9.965737 9.822822 9.556312 9.084250 8.293469 7.049639 5.234565 2.824960 0.000000 
50.000000 41.170198 32.906525 25.666418 19.724647 15.153274 11.852650 9.613392 8.183922 7.323994 6.835734 6.573646 6.440428 6.376201 6.346784 6.333963 6.328638 6.326527 6.325727 6.325437 6.325336 6.325302 6.325292 6.325288 6.325287 6.325287 6.325287 6.325287 6.325287 6.325286 6.325284 6.325278 6.325259 6.325205 6.325056 6.324662 6.323659 6.321218 6.315533 6.302884 6.276027 6.221692 6.117151 5.926325 5.596962 5.062049 4.250427 3.112043 1.658154 0.000000 
50.000000 40.651685 31.902788 24.237639 17.947144 13.107573 9.613392 7.242888 5.729684 4.819418 4.302598 4.025191 3.884193 3.816219 3.785087 3.771520 3.765885 3.763651 3.762804 3.762497 3.762391 3.762355 3.762344 3.762340 3.762339 3.762339 3.762339 3.762339 3.762339 3.762338 3.762337 3.762332 3.762318 3.762280 3.762173 3.761890 3.761176 3.759449 3.755460 3.746664 3.728192 3.691310 3.621444 3.496241 3.284752 2.949668 2.454990 1.780600 0.941275 0.000000 
50.000000 40.320631 31.261947 23.325453 16.812359 11.801616 8.183922 5.729684 4.163073 3.220707 2.685680 2.398511 2.252557 2.182197 2.149973 2.135930 2.130098 2.127786 2.126911 2.126593 2.126482 2.126446 2.126434 2.126430 2.126429 2.126429 2.126429 2.126429 2.126429 2.126428 2.126427 2.126424 2.126415 2.126389 2.126319 2.126133 2.125665 2.124543 2.121967 2.116338 2.104634 2.081536 2.038375 1.962229 1.835878 1.639600 1.355859 0.976989 0.513804 0.000000 
50.000000 40.121444 30.876377 22.776641 16.129648 11.015957 7.323994 4.819418 3.220707 2.259056 1.713094 1.420063 1.271134 1.199342 1.166463 1.152136 1.146186 1.143827 1.142934 1.142610 1.142497 1.142459 1.142447 1.142444 1.142442 1.142442 1.142442 1.142442 1.142442 1.142442 1.142441 1.142439 1.142434 1.142418 1.142375 1.142261 1.141978 1.141301 1.139760 1.136417 1.129528 1.116074 1.091226 1.047967 0.977230 0.869069 0.715229 0.512966 0.268817 0.000000 
50.000000 40.008326 30.657416 22.464989 15.741975 10.569846 6.835734 4.302598 2.685680 1.713094 1.160932 0.864580 0.713966 0.641363 0.608115 0.593626 0.587609 0.585224 0.584321 0.583993 0.583879 0.583841 0.583829 0.583825 0.583824 0.583824 0.583824 0.583824 0.583823 0.583823 0.583823 0.583822 0.583819 0.583810 0.583785 0.583721 0.583561 0.583181 0.582320 0.580466 0.576677 0.569343 0.555934 0.532849 0.495557 0.439253 0.360184 0.257438 0.134568 0.000000 
50.000000 39.947594 30.539862 22.297677 15.533860 10.330372 6.573646 4.025191 2.398511 1.420063 0.864580 0.566450 0.414934 0.341897 0.308450 0.293876 0.287823 0.285424 0.284515 0.284186 0.284071 0.284033 0.284021 0.284017 0.284016 0.284015 0.284015 0.284015 0.284015 0.284015 0.284015 0.284014 0.284013 0.284008 0.283995 0.283960 0.283876 0.283676 0.283225 0.282261 0.280303 0.276544 0.269732 0.258113 0.239530 0.211761 0.173155 0.123440 0.064405 0.000000 
50.000000 39.916718 30.480098 22.212620 15.428065 10.208641 6.440428 3.884193 2.252557 1.271134 0.713966 0.414934 0.262961 0.189705 0.156157 0.141539 0.135468 0.133062 0.132150 0.131820 0.131705 0.131667 0.131654 0.131651 0.131650 0.131649 0.131649 0.131649 0.131649 0.131649 0.131649 0.131649 0.131648 0.131645 0.131639 0.131622 0.131580 0.131480 0.131258 0.130786 0.129833 0.128015 0.124744 0.119210 0.110433 0.097426 0.079489 0.056554 0.029465 0.000000 
50.000000 39.901828 30.451279 22.171606 15.377054 10.149950 6.376201 3.816219 2.182197 1.199342 0.641363 0.341897 0.189705 0.116343 0.082747 0.068108 0.062029 0.059619 0.058706 0.058375 0.058260 0.058222 0.058209 0.058206 0.058204 0.058204 0.058204 0.058204 0.058204 0.058204 0.058204 0.058204 0.058203 0.058202 0.058199 0.058191 0.058171 0.058125 0.058022 0.057803 0.057364 0.056531 0.055043 0.052542 0.048603 0.042807 0.034864 0.024766 0.012889 0.000000 
50.000000 39.895007 30.438077 22.152817 15.353687 10.123067 6.346784 3.785087 2.149973 1.166463 0.608115 0.308450 0.156157 0.082747 0.049130 0.034481 0.028398 0.025986 0.025073 0.024742 0.024627 0.024588 0.024576 0.024572 0.024571 0.024571 0.024571 0.024571 0.024571 0.024571 0.024571 0.024570 0.024570 0.024570 0.024568 0.024565 0.024556 0.024535 0.024490 0.024394 0.024202 0.023840 0.023197 0.022122 0.020439 0.017977 0.014621 0.010373 0.005394 0.000000 
50.000000 39.892033 30.432321 22.144627 15.343502 10.111349 6.333963 3.771520 2.135930 1.152136 0.593626 0.293876 0.141539 0.068108 0.034481 0.019828 0.013743 0.011331 0.010417 0.010086 0.009971 0.009933 0.009920 0.009916 0.009915 0.009915 0.009915 0.009915 0.009915 0.009915 0.009915 0.009915 0.009915 0.009915 0.009914 0.009912 0.009909 0.009900 0.009881 0.009841 0.009761 0.009612 0.009347 0.008907 0.008221 0.007222 0.005867 0.004158 0.002161 0.000000 
50.000000 39.890798 30.429930 22.141225 15.339271 10.106482 6.328638 3.765885 2.130098 1.146186 0.587609 0.287823 0.135468 0.062029 0.028398 0.013743 0.007657 0.005245 0.004331 0.004000 0.003885 0.003846 0.003834 0.003830 0.003829 0.003829 0.003829 0.003829 0.003829 0.003829 0.003829 0.003829 0.003829 0.003829 0.003828 0.003828 0.003826 0.003823 0.003815 0.003799 0.003768 0.003709 0.003605 0.003433 0.003166 0.002779 0.002255 0.001597 0.000829 0.000000 
50.000000 39.890308 30.428982 22.139875 15.337593 10.104553 6.326527 3.763651 2.127786 1.143827 0.585224 0.285424 0.133062 0.059619 0.025986 0.011331 0.005245 0.002833 0.001919 0.001588 0.001473 0.001434 0.001422 0.001418 0.001417 0.001417 0.001417 0.001417 0.001417 0.001417 0.001417 0.001417 0.001417 0.001416 0.001416 0.001416 0.001416 0.001414 0.001411 0.001405 0.001393 0.001371 0.001332 0.001268 0.001169 0.001025 0.000831 0.000588 0.000305 0.000000 
50.000000 39.890122 30.428623 22.139364 15.336957 10.103821 6.325727 3.762804 2.126911 1.142934 0.584321 0.284515 0.132150 0.058706 0.025073 0.010417 0.004331 0.001919 0.001005 0.000674 0.000559 0.000520 0.000508 0.000504 0.000503 0.000503 0.000503 0.000503 0.000503 0.000503 0.000503 0.000503 0.000503 0.000503 0.000503 0.000503 0.000502 0.000502 0.000501 0.000499 0.000494 0.000486 0.000472 0.000449 0.000414 0.000363 0.000294 0.000208 0.000108 0.000000 
50.000000 39.890055 30.428492 22.139179 15.336727 10.103556 6.325437 3.762497 2.126593 1.142610 0.583993 0.284186 0.131820 0.058375 0.024742 0.010086 0.004000 0.001588 0.000674 0.000343 0.000227 0.000189 0.000177 0.000173 0.000172 0.000171 0.000171 0.000171 0.000171 0.000171 0.000171 0.000171 0.000171 0.000171 0.000171 0.000171 0.000171 0.000171 0.000171 0.000170 0.000168 0.000166 0.000161 0.000153 0.000141 0.000123 0.000100 0.000071 0.000037 0.000000 
50.000000 39.890031 30.428447 22.139114 15.336646 10.103464 6.325336 3.762391 2.126482 1.142497 0.583879 0.284071 0.131705 0.058260 0.024627 0.009971 0.003885 0.001473 0.000559 0.000227 0.000112 0.000074 0.000061 0.000058 0.000057 0.000056 0.000056 0.000056 0.000056 0.000056 0.000056 0.000056 0.000056 0.000056 0.000056 0.000056 0.000056 0.000056 0.000056 0.000056 0.000055 0.000054 0.000053 0.000050 0.000046 0.000040 0.000033 0.000023 0.000012 0.000000 
50.000000 39.890024 30.428432 22.139093 15.336620 10.103433 6.325302 3.762355 2.126446 1.142459 0.583841 0.284033 0.131667 0.058222 0.024588 0.009933 0.003846 0.001434 0.000520 0.000189 0.000074 0.000035 0.000023 0.000019 0.000018 0.000018 0.000018 0.000018 0.000018 0.000018 0.000018 0.000018 0.000018 0.000018 0.000018 0.000018 0.000018 0.000018 0.000018 0.000018 0.000017 0.000017 0.000017 0.000016 0.000014 0.000013 0.000010 0.000007 0.000004 0.000000 
50.000000 39.890021 30.428427 22.139086 15.336611 10.103423 6.325292 3.762344 2.126434 1.142447 0.583829 0.284021 0.131654 0.058209 0.024576 0.009920 0.003834 0.001422 0.000508 0.000177 0.000061 0.000023 0.000011 0.000007 0.000006 0.000005 0.000005 0.000005 0.000005 0.000005 0.000005 0.000005 0.000005 0.000005 0.000005 0.000005 0.000005 0.000005 0.000005 0.000005 0.000005 0.000005 0.000005 0.000005 0.000004 0.000004 0.000003 0.000002 0.000001 0.000000 
50.000000 39.890020 30.428425 22.139084 15.336608 10.103420 6.325288 3.762340 2.126430 1.142444 0.583825 0.284017 0.131651 0.058206 0.024572 0.009916 0.003830 0.001418 0.000504 0.000173 0.000058 0.000019 0.000007 0.000003 0.000002 0.000002 0.000002 0.000002 0.000002 0.000002 0.000002 0.000002 0.000002 0.000002 0.000002 0.000002 0.000002 0.000002 0.000002 0.000002 0.000002 0.000002 0.000002 0.000001 0.000001 0.000001 0.000001 0.000001 0.000000 0.000000 
50.000000 39.890020 30.428425 22.139083 15.336608 10.103420 6.325287 3.762339 2.126429 1.142443 0.583824 0.284016 0.131650 0.058205 0.024571 0.009915 0.003829 0.001417 0.000503 0.000172 0.000057 0.000018 0.000006 0.000002 0.000001 0.000001 0.000001 0.000001 0.000001 0.000001 0.000001 0.000001 0.000001 0.000001 0.000001 0.000001 0.000001 0.000001 0.000001 0.000001 0.000001 0.000001 0.000001 0.000001 0.000000 0.000000 0.000000 0.000000 0.000000 0.000000 
50.000000 39.890020 30.428425 22.139083 15.336608 10.103420 6.325287 3.762339 2.126429 1.142443 0.583824 0.284016 0.131650 0.058205 0.024571 0.009915 0.003829 0.001417 0.000503 0.000172 0.000057 0.000018 0.000006 0.000002 0.000001 0.000001 0.000001 0.000001 0.000001 0.000001 0.000001 0.000001 0.000001 0.000001 0.000001 0.000001 0.000001 0.000001 0.000001 0.000001 0.000001 0.000001 0.000001 0.000001 0.000000 0.000000 0.000000 0.000000 0.000000 0.000000 
50.000000 39.890020 30.428425 22.139084 15.336608 10.103420 6.325288 3.762340 2.126430 1.142444 0.583825 0.284017 0.131651 0.058206 0.024572 0.009916 0.003830 0.001418 0.000504 0.000173 0.000058 0.000019 0.000007 0.000003 0.000002 0.000002 0.000002 0.000002 0.000002 0.000002 0.000002 0.000002 0.000002 0.000002 0.000002 0.000002 0.000002 0.000002 0.000002 0.000002 0.000002 0.000002 0.000002 0.000001 0.000001 0.000001 0.000001 0.000001 0.000000 0.000000 
50.000000 39.890021 30.428427 22.139086 15.336611 10.103423 6.325292 3.762344 2.126434 1.142447 0.583829 0.284021 0.131654 0.058209 0.024576 0.009920 0.003834 0.001422 0.000508 0.000177 0.000061 0.000023 0.000011 0.000007 0.000006 0.000005 0.000005 0.000005 0.000005 0.000005 0.000005 0.000005 0.000005 0.000005 0.000005 0.000005 0.000005 0.000005 0.000005 0.000005 0.000005 0.000005 0.000005 0.000005 0.000004 0.000004 0.000003 0.000002 0.000001 0.000000 
50.000000 39.890024 30.428432 22.139093 15.336620 10.103433 6.325302 3.762355 2.126446 1.142459 0.583841 0.284033 0.131667 0.058222 0.024588 0.009933 0.003846 0.001434 0.000520 0.000189 0.000074 0.000035 0.000023 0.000019 0.000018 0.000018 0.000018 0.000018 0.000018 0.000018 0.000018 0.000018 0.000018 0.000018 0.000018 0.000018 0.000018 0.000018 0.000018 0.000018 0.000017 0.000017 0.000017 0.000016 0.000014 0.000013 0.000010 0.000007 0.000004 0.000000 
50.000000 39.890031 30.428447 22.139114 15.336646 10.103464 6.325336 3.762391 2.126482 1.142497 0.583879 0.284071 0.131705 0.058260 0.024627 0.009971 0.003885 0.001473 0.000559 0.000227 0.000112 0.000074 0.000061 0.000058 0.000057 0.000056 0.000056 0.000056 0.000056 0.000056 0.000056 0.000056 0.000056 0.000056 0.000056 0.000056 0.000056 0.000056 0.000056 0.000056 0.000055 0.000054 0.000053 0.000050 0.000046 0.000040 0.000033 0.000023 0.000012 0.000000 
50.000000 39.890055 30.428492 22.139179 15.336727 10.103556 6.325437 3.762497 2.126593 1.142610 0.583993 0.284186 0.131820 0.058375 0.024742 0.010086 0.004000 0.001588 0.000674 0.000343 0.000227 0.000189 0.000177 0.000173 0.000172 0.000171 0.000171 0.000171 0.000171 0.000171 0.000171 0.000171 0.000171 0.000171 0.000171 0.000171 0.000171 0.000171 0.000171 0.000170 0.000168 0.000166 0.000161 0.000153 0.000141 0.000123 0.000100 0.000071 0.000037 0.000000 
50.000000 39.890122 30.428623 22.139364 15.336957 10.103821 6.325727 3.762804 2.126911 1.142934 0.584321 0.284515 0.132150 0.058706 0.025073 0.010417 0.004331 0.001919 0.001005 0.000674 0.000559 0.000520 0.000508 0.000504 0.000503 0.000503 0.000503 0.000503 0.000503 0.000503 0.000503 0.000503 0.000503 0.000503 0.000503 0.000503 0.000502 0.000502 0.000501 0.000499 0.000494 0.000486 0.000472 0.000449 0.000414 0.000363 0.000294 0.000208 0.000108 0.000000 
50.000000 39.890308 30.428982 22.139875 15.337593 10.104553 6.326527 3.763651 2.127786 1.143827 0.585224 0.285424 0.133062 0.059619 0.025986 0.011331 0.005245 0.002833 0.001919 0.001588 0.001473 0.001434 0.001422 0.001418 0.001417 0.001417 0.001417 0.001417 0.001417 0.001417 0.001417 0.001417 0.001417 0.001416 0.001416 0.001416 0.001416 0.001414 0.001411 0.001405 0.001393 0.001371 0.001332 0.001268 0.001169 0.001025 0.000831 0.000588 0.000305 0.000000 
50.000000 39.890798 30.429930 22.141225 15.339271 10.106482 6.328638 3.765885 2.130098 1.146186 0.587609 0.287823 0.135468 0.062029 0.028398 0.013743 0.007657 0.005245 0.004331 0.004000 0.003885 0.003846 0.003834 0.003830 0.003829 0.003829 0.003829 0.003829 0.003829 0.003829 0.003829 0.003829 0.003829 0.003829 0.003828 0.003828 0.003826 0.003823 0.003815 0.003799 0.003768 0.003709 0.003605 0.003433 0.003166 0.002779 0.002255 0.001597 0.000829 0.000000 
50.000000 39.892033 30.432321 22.144627 15.343502 10.111349 6.333963 3.771520 2.135930 1.152136 0.593626 0.293876 0.141539 0.068108 0.034481 0.019828 0.013743 0.011331 0.010417 0.010086 0.009971 0.009933 0.009920 0.009916 0.009915 0.009915 0.009915 0.009915 0.009915 0.009915 0.009915 0.009915 0.009915 0.009915 0.009914 0.009912 0.009909 0.009900 0.009881 0.009841 0.009761 0.009612 0.009347 0.008907 0.008221 0.007222 0.005867 0.004158 0.002161 0.000000 
50.000000 39.895007 30.438077 22.152817 15.353687 10.123067 6.346784 3.785087 2.149973 1.166463 0.608115 0.308450 0.156157 0.082747 0.049130 0.034481 0.028398 0.025986 0.025073 0.024742 0.024627 0.024588 0.024576 0.024572 0.024571 0.024571 0.024571 0.024571 0.024571 0.024571 0.024571 0.024570 0.024570 0.024570 0.024568 0.024565 0.024556 0.024535 0.024490 0.024394 0.024202 0.023840 0.023197 0.022122 0.020439 0.017977 0.014621 0.010373 0.005394 0.000000 
50.000000 39.901828 30.451279 22.171606 15.377054 10.149950 6.376201 3.816219 2.182197 1.199342 0.641363 0.341897 0.189705 0.116343 0.082747 0.068108 0.062029 0.059619 0.058706 0.058375 0.058260 0.058222 0.058209 0.058206 0.058204 0.058204 0.058204 0.058204 0.058204 0.058204 0.058204 0.058204 0.058203 0.058202 0.058199 0.058191 0.058171 0.058125 0.058022 0.057803 0.057364 0.056531 0.055043 0.052542 0.048603 0.042807 0.034864 0.024766 0.012889 0.000000 
50.000000 39.916718 30.480098 22.212620 15.428065 10.208641 6.440428 3.884193 2.252557 1.271134 0.713966 0.414934 0.262961 0.189705 0.156157 0.141539 0.135468 0.133062 0.132150 0.131820 0.131705 0.131667 0.131654 0.131651 0.131650 0.131649 0.131649 0.131649 0.131649 0.131649 0.131649 0.131649 0.131648 0.131645 0.131639 0.131622 0.131580 0.131480 0.131258 0.130786 0.129833 0.128015 0.124744 0.119210 0.110433 0.097426 0.079489 0.056554 0.029465 0.000000 
50.000000 39.947594 30.539862 22.297677 15.533860 10.330372 6.573646 4.025191 2.398511 1.420063 0.864580 0.566450 0.414934 0.341897 0.308450 0.293876 0.287823 0.285424 0.284515 0.284186 0.284071 0.284033 0.284021 0.284017 0.284016 0.284015 0.284015 0.284015 0.284015 0.284015 0.284015 0.284014 0.284013 0.284008 0.283995 0.283960 0.283876 0.283676 0.283225 0.282261 0.280303 0.276544 0.269732 0.258113 0.239530 0.211761 0.173155 0.123440 0.064405 0.000000 
50.000000 40.008326 30.657416 22.464989 15.741975 10.569846 6.835734 4.302598 2.685680 1.713094 1.160932 0.864580 0.713966 0.641363 0.608115 0.593626 0.587609 0.585224 0.584321 0.583993 0.583879 0.583841 0.583829 0.583825 0.583824 0.583824 0.583824 0.583824 0.583823 0.583823 0.583823 0.583822 0.583819 0.583810 0.583785 0.583721 0.583561 0.583181 0.582320 0.580466 0.576677 0.569343 0.555934 0.532849 0.495557 0.439253 0.360184 0.257438 0.134568 0.000000 
50.000000 40.121444 30.876377 22.776641 16.129648 11.015957 7.323994 4.819418 3.220707 2.259056 1.713094 1.420063 1.271134 1.199342 1.166463 1.152136 1.146186 1.143827 1.142934 1.142610 1.142497 1.142459 1.142447 1.142444 1.142442 1.142442 1.142442 1.142442 1.142442 1.142442 1.142441 1.142439 1.142434 1.142418 1.142375 1.142261 1.141978 1.141301 1.139760 1.136417 1.129528 1.116074 1.091226 1.047967 0.977230 0.869069 0.715229 0.512966 0.268817 0.000000 
50.000000 40.320631 31.261947 23.325453 16.812359 11.801616 8.183922 5.729684 4.163073 3.220707 2.685680 2.398511 2.252557 2.182197 2.149973 2.135930 2.130098 2.127786 2.126911 2.126593 2.126482 2.126446 2.126434 2.126430 2.126429 2.126429 2.126429 2.126429 2.126429 2.126428 2.126427 2.126424 2.126415 2.126389 2.126319 2.126133 2.125665 2.124543 2.121967 2.116338 2.104634 2.081536 2.038375 1.962229 1.835878 1.639600 1.355859 0.976989 0.513804 0.000000 
50.000000 40.651685 31.902788 24.237639 17.947144 13.107573 9.613392 7.242888 5.729684 4.819418 4.302598 4.025191 3.884193 3.816219 3.785087 3.771520 3.765885 3.763651 3.762804 3.762497 3.762391 3.762355 3.762344 3.762340 3.762339 3.762339 3.762339 3.762339 3.762339 3.762338 3.762337 3.762332 3.762318 3.762280 3.762173 3.761890 3.761176 3.759449 3.755460 3.746664 3.728192 3.691310 3.621444 3.496241 3.284752 2.949668 2.454990 1.780600 0.941275 0.000000 
50.000000 41.170198 32.906525 25.666418 19.724647 15.153274 11.852650 9.613392 8.183922 7.323994 6.835734 6.573646 6.440428 6.376201 6.346784 6.333963 6.328638 6.326527 6.325727 6.325437 6.325336 6.325302 6.325292 6.325288 6.325287 6.325287 6.325287 6.325287 6.325287 6.325286 6.325284 6.325278 6.325259 6.325205 6.325056 6.324662 6.323659 6.321218 6.315533 6.302884 6.276027 6.221692 6.117151 5.926325 5.596962 5.062049 4.250427 3.112043 1.658154 0.000000 
50.000000 41.934374 34.385836 27.772210 22.344483 18.168501 15.153274 13.107573 11.801616 11.015957 10.569846 10.330372 10.208641 10.149950 10.123067 10.111349 10.106482 10.104553 10.103821 10.103556 10.103464 10.103433 10.103423 10.103420 10.103419 10.103419 10.103419 10.103419 10.103419 10.103418 10.103415 10.103408 10.103384 10.103316 10.103128 10.102627 10.101347 10.098209 10.090842 10.074289 10.038726 9.965737 9.822822 9.556312 9.084250 8.293469 7.049639 5.234565 2.824960 0.000000 
50.000000 42.992636 36.434477 30.688499 25.972759 22.344483 19.724647 17.947144 16.812359 16.129648 15.741975 15.533860 15.428065 15.377054 15.353687 15.343502 15.339271 15.337593 15.336957 15.336727 15.336646 15.336620 15.336611 15.336608 15.336608 15.336607 15.336607 15.336607 15.336607 15.336606 15.336603 15.336595 15.336568 15.336492 15.336279 15.335710 15.334247 15.330639 15.322099 15.302722 15.260579 15.172759 14.997476 14.662599 14.051014 12.986380 11.230592 8.520948 4.701207 0.000000 
50.000000 44.368012 39.097032 34.478776 30.688499 27.772210 25.666418 24.237639 23.325453 22.776641 22.464989 22.297677 22.212620 22.171606 22.152817 22.144627 22.141225 22.139875 22.139364 22.139179 22.139114 22.139093 22.139086 22.139084 22.139083 22.139083 22.139083 22.139083 22.139082 22.139082 22.139079 22.139070 22.139044 22.138969 22.138760 22.138196 22.136741 22.133131 22.124522 22.104805 22.061412 21.969594 21.782649 21.415991 20.722571 19.457907 17.239388 13.531342 7.776035 0.000000 
50.000000 46.043801 42.341176 39.097032 36.434477 34.385836 32.906525 31.902788 31.261947 30.876377 30.657416 30.539862 30.480098 30.451279 30.438077 30.432321 30.429930 30.428982 30.428623 30.428492 30.428447 30.428432 30.428427 30.428425 30.428425 30.428425 30.428425 30.428425 30.428425 30.428424 30.428422 30.428415 30.428394 30.428333 30.428163 30.427704 30.426513 30.423544 30.416422 30.399978 30.363411 30.284958 30.122188 29.794482 29.151271 27.913529 25.565690 21.170588 13.172002 0.000000 
50.000000 47.956411 46.043801 44.368012 42.992636 41.934374 41.170198 40.651685 40.320631 40.121444 40.008326 39.947594 39.916718 39.901828 39.895007 39.892033 39.890798 39.890308 39.890122 39.890055 39.890031 39.890024 39.890021 39.890020 39.890020 39.890020 39.890020 39.890020 39.890020 39.890019 39.890018 39.890014 39.890003 39.889968 39.889872 39.889613 39.888939 39.887253 39.883190 39.873758 39.852627 39.806827 39.710410 39.512045 39.109414 38.291429 36.591978 32.871799 23.978205 0.000000 
50.000000 50.000000 50.000000 50.000000 50.000000 50.000000 50.000000 50.000000 50.000000 50.000000 50.000000 50.000000 50.000000 50.000000 50.000000 50.000000 50.000000 50.000000 50.000000 50.000000 50.000000 50.000000 50.000000 50.000000 50.000000 50.000000 50.000000 50.000000 50.000000 50.000000 50.000000 50.000000 50.000000 50.000000 50.000000 50.000000 50.000000 50.000000 50.000000 50.000000 50.000000 50.000000 50.000000 50.000000 50.000000 50.000000 50.000000 50.000000 50.000000 50.000000 
