50.000000 50.000000 50.000000 50.000000 50.000000 50.000000 50.000000 50.000000 50.000000 50.000000 50.000000 50.000000 50.000000 50.000000 50.000000 50.000000 50.000000 50.000000 50.000000 50.000000 50.000000 50.000000 50.000000 50.000000 50.000000 50.000000 50.000000 50.000000 50.000000 50.000000 50.000000 50.000000 50.000000 50.000000 50.000000 50.000000 50.000000 50.000000 50.000000 50.000000 50.000000 50.000000 50.000000 50.000000 50.000000 50.000000 50.000000 50.000000 50.000000 50.000000 
50.000000 48.107051 46.326500 44.750759 43.438174 42.408341 41.646667 41.115087 40.764614 40.546058 40.416976 40.344675 40.306215 40.286759 40.277385 40.273078 40.271188 40.270395 40.270076 40.269954 40.269908 40.269892 40.269887 40.269885 40.269884 40.269884 40.269884 40.269884 40.269884 40.269883 40.269880 40.269873 40.269852 40.269793 40.269638 40.269240 40.268257 40.265914 40.260524 40.248543 40.222769 40.168960 40.059476 39.840981 39.409111 38.551128 36.800208 33.017792 24.053525 0.000000 
50.000000 46.326500 42.871132 39.813232 37.266035 35.267562 33.789489 32.757941 32.077846 31.653742 31.403268 31.262975 31.188349 31.150597 31.132409 31.124052 31.120385 31.118847 31.118229 31.117991 31.117903 31.117871 31.117861 31.117857 31.117856 31.117856 31.117856 31.117855 31.117855 31.117853 31.117849 31.117836 31.117797 31.117693 31.117415 31.116704 31.114953 31.110793 31.101262 31.080194 31.035201 30.942213 30.755729 30.391492 29.695215 28.384879 25.943628 21.435566 13.308708 0.000000 
50.000000 44.750759 39.813232 35.443698 31.803961 28.948344 26.836362 25.362437 24.390707 23.784756 23.426893 23.226457 23.119843 23.065910 23.039927 23.027990 23.022752 23.020555 23.019672 23.019332 23.019206 23.019162 23.019146 23.019141 23.019140 23.019139 23.019139 23.019139 23.019138 23.019136 23.019131 23.019114 23.019066 23.018935 23.018588 23.017704 23.015534 23.010403 22.998722 22.973103 22.918958 22.808590 22.591379 22.178093 21.416938 20.059611 17.721849 13.869605 7.950551 0.000000 
50.000000 43.438174 37.266035 31.803961 27.254217 23.684700 21.044781 19.202462 17.987890 17.230533 16.783267 16.532767 16.399527 16.332129 16.299661 16.284744 16.278200 16.275454 16.274351 16.273927 16.273770 16.273714 16.273695 16.273688 16.273686 16.273686 16.273686 16.273685 16.273685 16.273683 16.273677 16.273659 16.273609 16.273473 16.273115 16.272204 16.269980 16.264755 16.252945 16.227287 16.173700 16.066133 15.858630 15.474111 14.790407 13.627108 11.744350 8.881156 4.887046 0.000000 
50.000000 42.408341 35.267562 28.948344 23.684700 19.555169 16.501148 14.369898 12.964888 12.088813 11.571456 11.281712 11.127606 11.049656 11.012107 10.994856 10.987288 10.984114 10.982838 10.982347 10.982166 10.982101 10.982079 10.982072 10.982070 10.982069 10.982069 10.982069 10.982068 10.982066 10.982061 10.982045 10.981999 10.981876 10.981551 10.980730 10.978737 10.974084 10.963653 10.941215 10.894926 10.803429 10.630310 10.317261 9.777584 8.894293 7.531406 5.572347 2.999230 0.000000 
50.000000 41.646667 33.789489 26.836362 21.044781 16.501148 13.140954 10.796104 9.250329 8.286514 7.717366 7.398629 7.229110 7.143368 7.102067 7.083094 7.074771 7.071280 7.069877 7.069337 7.069138 7.069067 7.069043 7.069035 7.069032 7.069032 7.069031 7.069031 7.069031 7.069029 7.069025 7.069011 7.068974 7.068873 7.068609 7.067944 7.066339 7.062616 7.054340 7.036713 7.000782 6.930787 6.800688 6.570477 6.183887 5.570670 4.658269 3.397997 1.805686 0.000000 
50.000000 41.115087 32.757941 25.362437 19.202462 14.369898 10.796104 8.302260 6.658312 5.633317 5.028063 4.689119 4.508860 4.417689 4.373776 4.353603 4.344755 4.341043 4.339552 4.338978 4.338766 4.338691 4.338665 4.338657 4.338654 4.338653 4.338653 4.338653 4.338652 4.338651 4.338648 4.338638 4.338610 4.338535 4.338338 4.337847 4.336666 4.333948 4.327952 4.315302 4.289804 4.240793 4.151130 3.995415 3.739588 3.343831 2.771058 2.002212 1.055611 0.000000 
50.000000 40.764614 32.077846 24.390707 17.987890 12.964888 9.250329 6.658312 4.949690 3.884400 3.255370 2.903123 2.715796 2.621054 2.575422 2.554461 2.545267 2.541410 2.539861 2.539265 2.539045 2.538966 2.538940 2.538931 2.538928 2.538927 2.538927 2.538927 2.538927 2.538926 2.538923 2.538917 2.538897 2.538845 2.538711 2.538376 2.537575 2.535743 2.531734 2.523348 2.506618 2.474845 2.417519 2.319542 2.161460 1.921756 1.582116 1.135633 0.595654 0.000000 
50.000000 40.546058 31.653742 23.784756 17.230533 12.088813 8.286514 5.633317 3.884400 2.794011 2.150175 1.789646 1.597920 1.500956 1.454255 1.432804 1.423395 1.419449 1.417864 1.417253 1.417028 1.416948 1.416921 1.416912 1.416909 1.416908 1.416908 1.416907 1.416907 1.416907 1.416905 1.416901 1.416888 1.416855 1.416770 1.416557 1.416053 1.414905 1.412410 1.407235 1.397005 1.377782 1.343514 1.285732 1.193887 1.056833 0.865798 0.618541 0.323288 0.000000 
50.000000 40.416976 31.403268 23.426893 16.783267 11.571456 7.717366 5.028063 3.255370 2.150175 1.497609 1.132198 0.937879 0.839606 0.792275 0.770536 0.761000 0.757001 0.755395 0.754777 0.754548 0.754467 0.754439 0.754430 0.754427 0.754426 0.754426 0.754426 0.754426 0.754426 0.754425 0.754422 0.754415 0.754395 0.754344 0.754218 0.753921 0.753248 0.751796 0.748804 0.742940 0.732023 0.712761 0.680653 0.630242 0.555980 0.453790 0.323074 0.168433 0.000000 
50.000000 40.344675 31.262975 23.226457 16.532767 11.281712 7.398629 4.689119 2.903123 1.789646 1.132198 0.764057 0.568290 0.469286 0.421604 0.399703 0.390097 0.386068 0.384450 0.383827 0.383597 0.383516 0.383488 0.383478 0.383476 0.383475 0.383474 0.383474 0.383474 0.383474 0.383474 0.383472 0.383468 0.383457 0.383428 0.383358 0.383194 0.382824 0.382029 0.380402 0.377236 0.371389 0.361166 0.344289 0.318059 0.279822 0.227736 0.161713 0.084152 0.000000 
50.000000 40.306215 31.188349 23.119843 16.399527 11.127606 7.229110 4.508860 2.715796 1.597920 0.937879 0.568290 0.371753 0.272362 0.224493 0.202507 0.192864 0.188820 0.187195 0.186570 0.186339 0.186257 0.186229 0.186220 0.186217 0.186216 0.186216 0.186216 0.186216 0.186216 0.186215 0.186214 0.186212 0.186206 0.186191 0.186155 0.186069 0.185877 0.185466 0.184630 0.183015 0.180052 0.174912 0.166494 0.153522 0.134773 0.109440 0.077556 0.040301 0.000000 
50.000000 40.286759 31.150597 23.065910 16.332129 11.049656 7.143368 4.417689 2.621054 1.500956 0.839606 0.469286 0.272362 0.172775 0.124812 0.102783 0.093121 0.089069 0.087441 0.086815 0.086584 0.086501 0.086473 0.086464 0.086461 0.086460 0.086460 0.086460 0.086460 0.086460 0.086460 0.086459 0.086458 0.086455 0.086448 0.086430 0.086387 0.086293 0.086092 0.085685 0.084904 0.083479 0.081023 0.077030 0.070919 0.062149 0.050376 0.035644 0.018502 0.000000 
50.000000 40.277385 31.132409 23.039927 16.299661 11.012107 7.102067 4.373776 2.575422 1.454255 0.792275 0.421604 0.224493 0.124812 0.076805 0.054755 0.045084 0.041028 0.039399 0.038772 0.038540 0.038458 0.038430 0.038421 0.038418 0.038417 0.038417 0.038417 0.038416 0.038416 0.038416 0.038416 0.038416 0.038414 0.038411 0.038402 0.038382 0.038338 0.038245 0.038057 0.037698 0.037046 0.035929 0.034123 0.031376 0.027457 0.022224 0.015704 0.008145 0.000000 
50.000000 40.273078 31.124052 23.027990 16.284744 10.994856 7.083094 4.353603 2.554461 1.432804 0.770536 0.399703 0.202507 0.102783 0.054755 0.032696 0.023021 0.018963 0.017334 0.016706 0.016474 0.016392 0.016364 0.016355 0.016352 0.016351 0.016351 0.016351 0.016351 0.016351 0.016351 0.016350 0.016350 0.016350 0.016348 0.016344 0.016335 0.016316 0.016275 0.016192 0.016034 0.015750 0.015265 0.014486 0.013305 0.011630 0.009402 0.006637 0.003440 0.000000 
50.000000 40.271188 31.120385 23.022752 16.278200 10.987288 7.074771 4.344755 2.545267 1.423395 0.761000 0.390097 0.192864 0.093121 0.045084 0.023021 0.013344 0.009285 0.007655 0.007028 0.006796 0.006714 0.006686 0.006677 0.006674 0.006673 0.006672 0.006672 0.006672 0.006672 0.006672 0.006672 0.006672 0.006672 0.006671 0.006670 0.006666 0.006658 0.006640 0.006606 0.006540 0.006421 0.006220 0.005898 0.005413 0.004726 0.003817 0.002693 0.001395 0.000000 
50.000000 40.270395 31.118847 23.020555 16.275454 10.984114 7.071280 4.341043 2.541410 1.419449 0.757001 0.386068 0.188820 0.089069 0.041028 0.018963 0.009285 0.005226 0.003596 0.002969 0.002737 0.002655 0.002627 0.002617 0.002615 0.002614 0.002613 0.002613 0.002613 0.002613 0.002613 0.002613 0.002613 0.002613 0.002613 0.002612 0.002611 0.002607 0.002600 0.002586 0.002560 0.002513 0.002433 0.002306 0.002114 0.001845 0.001489 0.001049 0.000543 0.000000 
50.000000 40.270076 31.118229 23.019672 16.274351 10.982838 7.069877 4.339552 2.539861 1.417864 0.755395 0.384450 0.187195 0.087441 0.039399 0.017334 0.007655 0.003596 0.001966 0.001339 0.001107 0.001025 0.000997 0.000987 0.000985 0.000984 0.000983 0.000983 0.000983 0.000983 0.000983 0.000983 0.000983 0.000983 0.000983 0.000983 0.000982 0.000981 0.000978 0.000973 0.000963 0.000945 0.000914 0.000866 0.000794 0.000692 0.000558 0.000393 0.000203 0.000000 
50.000000 40.269954 31.117991 23.019332 16.273927 10.982347 7.069337 4.338978 2.539265 1.417253 0.754777 0.383827 0.186570 0.086815 0.038772 0.016706 0.007028 0.002969 0.001339 0.000712 0.000480 0.000397 0.000369 0.000360 0.000357 0.000356 0.000356 0.000356 0.000356 0.000356 0.000356 0.000356 0.000356 0.000356 0.000356 0.000356 0.000355 0.000355 0.000354 0.000352 0.000348 0.000342 0.000331 0.000313 0.000287 0.000250 0.000201 0.000142 0.000073 0.000000 
50.000000 40.269908 31.117903 23.019206 16.273770 10.982166 7.069138 4.338766 2.539045 1.417028 0.754548 0.383597 0.186339 0.086584 0.038540 0.016474 0.006796 0.002737 0.001107 0.000480 0.000248 0.000165 0.000137 0.000128 0.000125 0.000124 0.000124 0.000124 0.000124 0.000124 0.000124 0.000124 0.000124 0.000124 0.000124 0.000124 0.000124 0.000124 0.000123 0.000123 0.000121 0.000119 0.000115 0.000109 0.000100 0.000087 0.000070 0.000049 0.000025 0.000000 
50.000000 40.269892 31.117871 23.019162 16.273714 10.982101 7.069067 4.338691 2.538966 1.416948 0.754467 0.383516 0.186257 0.086501 0.038458 0.016392 0.006714 0.002655 0.001025 0.000397 0.000165 0.000083 0.000055 0.000046 0.000043 0.000042 0.000042 0.000042 0.000042 0.000042 0.000042 0.000042 0.000042 0.000042 0.000042 0.000042 0.000042 0.000041 0.000041 0.000041 0.000041 0.000040 0.000039 0.000036 0.000033 0.000029 0.000023 0.000016 0.000009 0.000000 
50.000000 40.269887 31.117861 23.019146 16.273695 10.982079 7.069043 4.338665 2.538940 1.416921 0.754439 0.383488 0.186229 0.086473 0.038430 0.016364 0.006686 0.002627 0.000997 0.000369 0.000137 0.000055 0.000027 0.000018 0.000015 0.000014 0.000014 0.000014 0.000013 0.000013 0.000013 0.000013 0.000013 0.000013 0.000013 0.000013 0.000013 0.000013 0.000013 0.000013 0.000013 0.000013 0.000012 0.000012 0.000011 0.000009 0.000008 0.000005 0.000003 0.000000 
50.000000 40.269885 31.117857 23.019141 16.273689 10.982072 7.069035 4.338657 2.538931 1.416912 0.754430 0.383479 0.186220 0.086464 0.038421 0.016355 0.006677 0.002618 0.000988 0.000360 0.000128 0.000046 0.000018 0.000009 0.000006 0.000005 0.000004 0.000004 0.000004 0.000004 0.000004 0.000004 0.000004 0.000004 0.000004 0.000004 0.000004 0.000004 0.000004 0.000004 0.000004 0.000004 0.000004 0.000004 0.000003 0.000003 0.000002 0.000002 0.000001 0.000000 
50.000000 40.269884 31.117856 23.019140 16.273687 10.982070 7.069033 4.338654 2.538928 1.416909 0.754428 0.383476 0.186217 0.086461 0.038418 0.016352 0.006674 0.002615 0.000985 0.000357 0.000126 0.000043 0.000015 0.000006 0.000003 0.000002 0.000002 0.000002 0.000002 0.000002 0.000002 0.000002 0.000002 0.000002 0.000002 0.000002 0.000002 0.000002 0.000002 0.000002 0.000002 0.000002 0.000002 0.000001 0.000001 0.000001 0.000001 0.000001 0.000000 0.000000 
50.000000 40.269884 31.117856 23.019140 16.273687 10.982070 7.069033 4.338654 2.538928 1.416909 0.754428 0.383476 0.186217 0.086461 0.038418 0.016352 0.006674 0.002615 0.000985 0.000357 0.000126 0.000043 0.000015 0.000006 0.000003 0.000002 0.000002 0.000002 0.000002 0.000002 0.000002 0.000002 0.000002 0.000002 0.000002 0.000002 0.000002 0.000002 0.000002 0.000002 0.000002 0.000002 0.000002 0.000001 0.000001 0.000001 0.000001 0.000001 0.000000 0.000000 
50.000000 40.269885 31.117857 23.019141 16.273689 10.982072 7.069035 4.338657 2.538931 1.416912 0.754430 0.383479 0.186220 0.086464 0.038421 0.016355 0.006677 0.002618 0.000988 0.000360 0.000128 0.000046 0.000018 0.000009 0.000006 0.000005 0.000004 0.000004 0.000004 0.000004 0.000004 0.000004 0.000004 0.000004 0.000004 0.000004 0.000004 0.000004 0.000004 0.000004 0.000004 0.000004 0.000004 0.000004 0.000003 0.000003 0.000002 0.000002 0.000001 0.000000 
50.000000 40.269887 31.117861 23.019146 16.273695 10.982079 7.069043 4.338665 2.538940 1.416921 0.754439 0.383488 0.186229 0.086473 0.038430 0.016364 0.006686 0.002627 0.000997 0.000369 0.000137 0.000055 0.000027 0.000018 0.000015 0.000014 0.000014 0.000014 0.000013 0.000013 0.000013 0.000013 0.000013 0.000013 0.000013 0.000013 0.000013 0.000013 0.000013 0.000013 0.000013 0.000013 0.000012 0.000012 0.000011 0.000009 0.000008 0.000005 0.000003 0.000000 
50.000000 40.269892 31.117871 23.019162 16.273714 10.982101 7.069067 4.338691 2.538966 1.416948 0.754467 0.383516 0.186257 0.086501 0.038458 0.016392 0.006714 0.002655 0.001025 0.000397 0.000165 0.000083 0.000055 0.000046 0.000043 0.000042 0.000042 0.000042 0.000042 0.000042 0.000042 0.000042 0.000042 0.000042 0.000042 0.000042 0.000042 0.000041 0.000041 0.000041 0.000041 0.000040 0.000039 0.000036 0.000033 0.000029 0.000023 0.000016 0.000009 0.000000 
50.000000 40.269908 31.117903 23.019206 16.273770 10.982166 7.069138 4.338766 2.539045 1.417028 0.754548 0.383597 0.186339 0.086584 0.038540 0.016474 0.006796 0.002737 0.001107 0.000480 0.000248 0.000165 0.000137 0.000128 0.000125 0.000124 0.000124 0.000124 0.000124 0.000124 0.000124 0.000124 0.000124 0.000124 0.000124 0.000124 0.000124 0.000124 0.000123 0.000123 0.000121 0.000119 0.000115 0.000109 0.000100 0.000087 0.000070 0.000049 0.000025 0.000000 
50.000000 40.269954 31.117991 23.019332 16.273927 10.982347 7.069337 4.338978 2.539265 1.417253 0.754777 0.383827 0.186570 0.086815 0.038772 0.016706 0.007028 0.002969 0.001339 0.000712 0.000480 0.000397 0.000369 0.000360 0.000357 0.000356 0.000356 0.000356 0.000356 0.000356 0.000356 0.000356 0.000356 0.000356 0.000356 0.000356 0.000355 0.000355 0.000354 0.000352 0.000348 0.000342 0.000331 0.000313 0.000287 0.000250 0.000201 0.000142 0.000073 0.000000 
50.000000 40.270076 31.118229 23.019672 16.274351 10.982838 7.069877 4.339552 2.539861 1.417864 0.755395 0.384450 0.187195 0.087441 0.039399 0.017334 0.007655 0.003596 0.001966 0.001339 0.001107 0.001025 0.000997 0.000987 0.000985 0.000984 0.000983 0.000983 0.000983 0.000983 0.000983 0.000983 0.000983 0.000983 0.000983 0.000983 0.000982 0.000981 0.000978 0.000973 0.000963 0.000945 0.000914 0.000866 0.000794 0.000692 0.000558 0.000393 0.000203 0.000000 
50.000000 40.270395 31.118847 23.020555 16.275454 10.984114 7.071280 4.341043 2.541410 1.419449 0.757001 0.386068 0.188820 0.089069 0.041028 0.018963 0.009285 0.005226 0.003596 0.002969 0.002737 0.002655 0.002627 0.002617 0.002615 0.002614 0.002613 0.002613 0.002613 0.002613 0.002613 0.002613 0.002613 0.002613 0.002613 0.002612 0.002611 0.002607 0.002600 0.002586 0.002560 0.002513 0.002433 0.002306 0.002114 0.001845 0.001489 0.001049 0.000543 0.000000 
50.000000 40.271188 31.120385 23.022752 16.278200 10.987288 7.074771 4.344755 2.545267 1.423395 0.761000 0.390097 0.192864 0.093121 0.045084 0.023021 0.013344 0.009285 0.007655 0.007028 0.006796 0.006714 0.006686 0.006677 0.006674 0.006673 0.006672 0.006672 0.006672 0.006672 0.006672 0.006672 0.006672 0.006672 0.006671 0.006670 0.006666 0.006658 0.006640 0.006606 0.006540 0.006421 0.006220 0.005898 0.005413 0.004726 0.003817 0.002693 0.001395 0.000000 
50.000000 40.273078 31.124052 23.027990 16.284744 10.994856 7.083094 4.353603 2.554461 1.432804 0.770536 0.399703 0.202507 0.102783 0.054755 0.032696 0.023021 0.018963 0.017334 0.016706 0.016474 0.016392 0.016364 0.016355 0.016352 0.016351 0.016351 0.016351 0.016351 0.016351 0.016351 0.016350 0.016350 0.016350 0.016348 0.016344 0.016335 0.016316 0.016275 0.016192 0.016034 0.015750 0.015265 0.014486 0.013305 0.011630 0.009402 0.006637 0.003440 0.000000 
50.000000 40.277385 31.132409 23.039927 16.299661 11.012107 7.102067 4.373776 2.575422 1.454255 0.792275 0.421604 0.224493 0.124812 0.076805 0.054755 0.045084 0.041028 0.039399 0.038772 0.038540 0.038458 0.038430 0.038421 0.038418 0.038417 0.038417 0.038417 0.038416 0.038416 0.038416 0.038416 0.038416 0.038414 0.038411 0.038402 0.038382 0.038338 0.038245 0.038057 0.037698 0.037046 0.035929 0.034123 0.031376 0.027457 0.022224 0.015704 0.008145 0.000000 
50.000000 40.286759 31.150597 23.065910 16.332129 11.049656 7.143368 4.417689 2.621054 1.500956 0.839606 0.469286 0.272362 0.172775 0.124812 0.102783 0.093121 0.089069 0.087441 0.086815 0.086584 0.086501 0.086473 0.086464 0.086461 0.086460 0.086460 0.086460 0.086460 0.086460 0.086460 0.086459 0.086458 0.086455 0.086448 0.086430 0.086387 0.086293 0.086092 0.085685 0.084904 0.083479 0.081023 0.077030 0.070919 0.062149 0.050376 0.035644 0.018502 0.000000 
50.000000 40.306215 31.188349 23.119843 16.399527 11.127606 7.229110 4.508860 2.715796 1.597920 0.937879 0.568290 0.371753 0.272362 0.224493 0.202507 0.192864 0.188820 0.187195 0.186570 0.186339 0.186257 0.186229 0.186220 0.186217 0.186216 0.186216 0.186216 0.186216 0.186216 0.186215 0.186214 0.186212 0.186206 0.186191 0.186155 0.186069 0.185877 0.185466 0.184630 0.183015 0.180052 0.174912 0.166494 0.153522 0.134773 0.109440 0.077556 0.040301 0.000000 
50.000000 40.344675 31.262975 23.226457 16.532767 11.281712 7.398629 4.689119 2.903123 1.789646 1.132198 0.764057 0.568290 0.469286 0.421604 0.399703 0.390097 0.386068 0.384450 0.383827 0.383597 0.383516 0.383488 0.383478 0.383476 0.383475 0.383474 0.383474 0.383474 0.383474 0.383474 0.383472 0.383468 0.383457 0.383428 0.383358 0.383194 0.382824 0.382029 0.380402 0.377236 0.371389 0.361166 0.344289 0.318059 0.279822 0.227736 0.161713 0.084152 0.000000 
50.000000 40.416976 31.403268 23.426893 16.783267 11.571456 7.717366 5.028063 3.255370 2.150175 1.497609 1.132198 0.937879 0.839606 0.792275 0.770536 0.761000 0.757001 0.755395 0.754777 0.754548 0.754467 0.754439 0.754430 0.754427 0.754426 0.754426 0.754426 0.754426 0.754426 0.754425 0.754422 0.754415 0.754395 0.754344 0.754218 0.753921 0.753248 0.751796 0.748804 0.742940 0.732023 0.712761 0.680653 0.630242 0.555980 0.453790 0.323074 0.168433 0.000000 
50.000000 40.546058 31.653742 23.784756 17.230533 12.088813 8.286514 5.633317 3.884400 2.794011 2.150175 1.789646 1.597920 1.500956 1.454255 1.432804 1.423395 1.419449 1.417864 1.417253 1.417028 1.416948 1.416921 1.416912 1.416909 1.416908 1.416908 1.416907 1.416907 1.416907 1.416905 1.416901 1.416888 1.416855 1.416770 1.416557 1.416053 1.414905 1.412410 1.407235 1.397005 1.377782 1.343514 1.285732 1.193887 1.056833 0.865798 0.618541 0.323288 0.000000 
50.000000 40.764614 32.077846 24.390707 17.987890 12.964888 9.250329 6.658312 4.949690 3.884400 3.255370 2.903123 2.715796 2.621054 2.575422 2.554461 2.545267 2.541410 2.539861 2.539265 2.539045 2.538966 2.538940 2.538931 2.538928 2.538927 2.538927 2.538927 2.538927 2.538926 2.538923 2.538917 2.538897 2.538845 2.538711 2.538376 2.537575 2.535743 2.531734 2.523348 2.506618 2.474845 2.417519 2.319542 2.161460 1.921756 1.582116 1.135633 0.595654 0.000000 
50.000000 41.115087 32.757941 25.362437 19.202462 14.369898 10.796104 8.302260 6.658312 5.633317 5.028063 4.689119 4.508860 4.417689 4.373776 4.353603 4.344755 4.341043 4.339552 4.338978 4.338766 4.338691 4.338665 4.338657 4.338654 4.338653 4.338653 4.338653 4.338652 4.338651 4.338648 4.338638 4.338610 4.338535 4.338338 4.337847 4.336666 4.333948 4.327952 4.315302 4.289804 4.240793 4.151130 3.995415 3.739588 3.343831 2.771058 2.002212 1.055611 0.000000 
50.000000 41.646667 33.789489 26.836362 21.044781 16.501148 13.140954 10.796104 9.250329 8.286514 7.717366 7.398629 7.229110 7.143368 7.102067 7.083094 7.074771 7.071280 7.069877 7.069337 7.069138 7.069067 7.069043 7.069035 7.069032 7.069032 7.069031 7.069031 7.069031 7.069029 7.069025 7.069011 7.068974 7.068873 7.068609 7.067944 7.066339 7.062616 7.054340 7.036713 7.000782 6.930787 6.800688 6.570477 6.183887 5.570670 4.658269 3.397997 1.805686 0.000000 
50.000000 42.408341 35.267562 28.948344 23.684700 19.555169 16.501148 14.369898 12.964888 12.088813 11.571456 11.281712 11.127606 11.049656 11.012107 10.994856 10.987288 10.984114 10.982838 10.982347 10.982166 10.982101 10.982079 10.982072 10.982070 10.982069 10.982069 10.982069 10.982068 10.982066 10.982061 10.982045 10.981999 10.981876 10.981551 10.980730 10.978737 10.974084 10.963653 10.941215 10.894926 10.803429 10.630310 10.317261 9.777584 8.894293 7.531406 5.572347 2.999230 0.000000 
50.000000 43.438174 37.266035 31.803961 27.254217 23.684700 21.044781 19.202462 17.987890 17.230533 16.783267 16.532767 16.399527 16.332129 16.299661 16.284744 16.278200 16.275454 16.274351 16.273927 16.273770 16.273714 16.273695 16.273688 16.273686 16.273686 16.273686 16.273685 16.273685 16.273683 16.273677 16.273659 16.273609 16.273473 16.273115 16.272204 16.269980 16.264755 16.252945 16.227287 16.173700 16.066133 15.858630 15.474111 14.790407 13.627108 11.744350 8.881156 4.887046 0.000000 
50.000000 44.750759 39.813232 35.443698 31.803961 28.948344 26.836362 25.362437 24.390707 23.784756 23.426893 23.226457 23.119843 23.065910 23.039927 23.027990 23.022752 23.020555 23.019672 23.019332 23.019206 23.019162 23.019146 23.019141 23.019140 23.019139 23.019139 23.019139 23.019138 23.019136 23.019131 23.019114 23.019066 23.018935 23.018588 23.017704 23.015534 23.010403 22.998722 22.973103 22.918958 22.808590 22.591379 22.178093 21.416938 20.059611 17.721849 13.869605 7.950551 0.000000 
50.000000 46.326500 42.871132 39.813232 37.266035 35.267562 33.789489 32.757941 32.077846 31.653742 31.403268 31.262975 31.188349 31.150597 31.132409 31.124052 31.120385 31.118847 31.118229 31.117991 31.117903 31.117871 31.117861 31.117857 31.117856 31.117856 31.117856 31.117855 31.117855 31.117853 31.117849 31.117836 31.117797 31.117693 31.117415 31.116704 31.114953 31.110793 31.101262 31.080194 31.035201 30.942213 30.755729 30.391492 29.695215 28.384879 25.943628 21.435566 13.308708 0.000000 
50.000000 48.107051 46.326500 44.750759 43.438174 42.408341 41.646667 41.115087 40.764614 40.546058 40.416976 40.344675 40.306215 40.286759 40.277385 40.273078 40.271188 40.270395 40.270076 40.269954 40.269908 40.269892 40.269887 40.269885 40.269884 40.269884 40.269884 40.269884 40.269884 40.269883 40.269880 40.269873 40.269852 40.269793 40.269638 40.269240 40.268257 40.265914 40.260524 40.248543 40.222769 40.168960 40.059476 39.840981 39.409111 38.551128 36.800208 33.017792 24.053525 0.000000 
50.000000 50.000000 50.000000 50.000000 50.000000 50.000000 50.000000 50.000000 50.000000 50.000000 50.000000 50.000000 50.000000 50.000000 50.000000 50.000000 50.000000 50.000000 50.000000 50.000000 50.000000 50.000000 50.000000 50.000000 50.000000 50.000000 50.000000 50.000000 50.000000 50.000000 50.000000 50.000000 50.000000 50.000000 50.000000 50.000000 50.000000 50.000000 50.000000 50.000000 50.000000 50.000000 50.000000 50.000000 50.000000 50.000000 50.000000 50.000000 50.000000 50.000000 
