50.000000 50.000000 50.000000 50.000000 50.000000 50.000000 50.000000 50.000000 50.000000 50.000000 50.000000 50.000000 50.000000 50.000000 50.000000 50.000000 50.000000 50.000000 50.000000 50.000000 50.000000 50.000000 50.000000 50.000000 50.000000 50.000000 50.000000 50.000000 50.000000 50.000000 50.000000 50.000000 50.000000 50.000000 50.000000 50.000000 50.000000 50.000000 50.000000 50.000000 50.000000 50.000000 50.000000 50.000000 50.000000 50.000000 50.000000 50.000000 50.000000 50.000000 
50.000000 48.559304 47.183743 45.929629 44.837614 43.929213 43.207030 42.658080 42.258907 41.981071 41.795849 41.677499 41.604965 41.562296 41.538183 41.525083 41.518235 41.514788 41.513116 41.512334 41.511981 41.511827 41.511762 41.511736 41.511725 41.511721 41.511719 41.511717 41.511713 41.511704 41.511680 41.511622 41.511485 41.511172 41.510474 41.508967 41.505799 41.499328 41.486459 41.461500 41.414191 41.326254 41.165179 40.872389 40.338711 39.348121 37.433172 33.458226 24.279652 0.000000 
50.000000 47.183743 44.494815 42.043294 39.908648 38.132931 36.721236 35.648177 34.867898 34.324806 33.962752 33.731414 33.589635 33.506231 33.459099 33.433493 33.420109 33.413372 33.410105 33.408576 33.407886 33.407585 33.407458 33.407406 33.407386 33.407378 33.407374 33.407370 33.407363 33.407345 33.407301 33.407194 33.406943 33.406367 33.405087 33.402326 33.396541 33.384760 33.361423 33.316404 33.231677 33.075729 32.794089 32.292841 31.408842 29.854020 27.110377 22.247407 13.725517 0.000000 
50.000000 45.929629 42.043294 38.500095 35.414894 32.848468 30.808174 29.257317 28.129618 27.344723 26.821476 26.487147 26.282252 26.161721 26.093609 26.056606 26.037265 26.027530 26.022808 26.020600 26.019602 26.019168 26.018984 26.018909 26.018880 26.018868 26.018863 26.018858 26.018848 26.018825 26.018767 26.018627 26.018299 26.017548 26.015884 26.012305 26.004834 25.989694 25.959887 25.902837 25.796564 25.603625 25.261652 24.668776 23.661613 21.983952 19.250048 14.932916 8.496457 0.000000 
50.000000 44.837614 39.908648 35.414894 31.502029 28.247137 25.659542 23.692696 22.262531 21.267130 20.603562 20.179581 19.919749 19.766902 19.680532 19.633610 19.609085 19.596742 19.590755 19.587955 19.586691 19.586139 19.585907 19.585812 19.585774 19.585760 19.585753 19.585747 19.585737 19.585711 19.585647 19.585493 19.585131 19.584307 19.582486 19.578587 19.570488 19.554174 19.522296 19.461854 19.350607 19.151746 18.806358 18.223425 17.268017 15.751015 13.430942 10.054628 5.489493 0.000000 
50.000000 43.929213 38.132931 32.848468 28.247137 24.419583 21.376763 19.063929 17.382210 16.211745 15.431489 14.932962 14.627452 14.447739 14.346190 14.291024 14.262191 14.247679 14.240641 14.237349 14.235863 14.235215 14.234942 14.234830 14.234786 14.234769 14.234761 14.234755 14.234745 14.234719 14.234656 14.234505 14.234151 14.233346 14.231577 14.227805 14.220014 14.204425 14.174215 14.117518 14.014472 13.833161 13.524462 13.016404 12.209792 10.979120 9.186855 6.724089 3.590501 0.000000 
50.000000 43.207030 36.721236 30.808174 25.659542 21.376763 17.972090 15.384250 13.502596 12.193003 11.320018 10.762257 10.420454 10.219399 10.105792 10.044078 10.011823 9.995590 9.987717 9.984035 9.982372 9.981648 9.981342 9.981217 9.981168 9.981149 9.981140 9.981135 9.981125 9.981102 9.981045 9.980910 9.980593 9.979878 9.978310 9.974985 9.968158 9.954596 9.928537 9.880131 9.793246 9.642674 9.391010 8.986045 8.360359 7.436117 6.139399 4.428395 2.334641 0.000000 
50.000000 42.658080 35.648177 29.257317 23.692696 19.063929 15.384250 12.587419 10.553839 9.138533 8.195098 7.592338 7.222968 7.005703 6.882940 6.816254 6.781401 6.763862 6.755355 6.751377 6.749581 6.748798 6.748468 6.748333 6.748280 6.748259 6.748250 6.748245 6.748237 6.748217 6.748170 6.748058 6.747797 6.747208 6.745923 6.743213 6.737683 6.726776 6.705993 6.667773 6.599979 6.484133 6.293709 5.993239 5.539467 4.886338 3.995665 2.854088 1.492901 0.000000 
50.000000 42.258907 34.867898 28.129618 22.262531 17.382210 13.502596 10.553839 8.409824 6.917684 5.923050 5.287592 4.898193 4.669152 4.539738 4.469442 4.432703 4.414215 4.405249 4.401055 4.399162 4.398337 4.397989 4.397847 4.397791 4.397769 4.397760 4.397755 4.397749 4.397734 4.397697 4.397610 4.397408 4.396956 4.395974 4.393913 4.389731 4.381540 4.366061 4.337860 4.288385 4.204912 4.069706 3.859923 3.549048 3.110785 2.525994 1.792169 0.932653 0.000000 
50.000000 41.981071 34.324806 27.344723 21.267130 16.211745 12.193003 9.138533 6.917684 5.372093 4.341846 3.683647 3.280321 3.043092 2.909055 2.836249 2.798200 2.779052 2.769767 2.765424 2.763464 2.762609 2.762249 2.762102 2.762044 2.762021 2.762013 2.762008 2.762003 2.761992 2.761965 2.761902 2.761756 2.761429 2.760724 2.759250 2.756278 2.750496 2.739651 2.720066 2.686046 2.629299 2.538554 2.399757 2.197273 1.916523 1.548159 1.093130 0.566879 0.000000 
50.000000 41.795849 33.962752 26.821476 20.603562 15.431489 11.320018 8.195098 5.923050 4.341846 3.287875 2.614529 2.201927 1.959247 1.822132 1.747655 1.708734 1.689148 1.679650 1.675208 1.673203 1.672329 1.671960 1.671810 1.671751 1.671728 1.671719 1.671715 1.671711 1.671703 1.671685 1.671641 1.671541 1.671319 1.670840 1.669846 1.667851 1.663993 1.656809 1.643938 1.621781 1.585190 1.527325 1.439888 1.313971 1.141708 0.918640 0.646348 0.334349 0.000000 
50.000000 41.677499 33.731414 26.487147 20.179581 14.932962 10.762257 7.592338 5.287592 3.683647 2.614529 1.931513 1.512991 1.266832 1.127754 1.052212 1.012734 0.992869 0.983235 0.978730 0.976697 0.975810 0.975436 0.975284 0.975224 0.975200 0.975192 0.975188 0.975185 0.975180 0.975168 0.975139 0.975075 0.974931 0.974623 0.973987 0.972717 0.970275 0.965757 0.957720 0.943996 0.921531 0.886345 0.833720 0.758747 0.657285 0.527260 0.369991 0.191040 0.000000 
50.000000 41.604965 33.589635 26.282252 19.919749 14.627452 10.420454 7.222968 4.898193 3.280321 2.201927 1.512991 1.090845 0.842558 0.702278 0.626084 0.586266 0.566229 0.556513 0.551970 0.549919 0.549024 0.548647 0.548494 0.548433 0.548410 0.548401 0.548397 0.548395 0.548392 0.548384 0.548367 0.548327 0.548239 0.548051 0.547663 0.546894 0.545423 0.542716 0.537934 0.529825 0.516653 0.496193 0.465858 0.423027 0.365574 0.292558 0.204875 0.105637 0.000000 
50.000000 41.562296 33.506231 26.161721 19.766902 14.447739 10.219399 7.005703 4.669152 3.043092 1.959247 1.266832 0.842558 0.593019 0.452034 0.375457 0.335440 0.315303 0.305538 0.300972 0.298910 0.298012 0.297633 0.297479 0.297418 0.297394 0.297386 0.297382 0.297380 0.297378 0.297374 0.297363 0.297340 0.297289 0.297179 0.296954 0.296509 0.295663 0.294116 0.291396 0.286814 0.279421 0.268020 0.251240 0.227726 0.196414 0.156887 0.109690 0.056497 0.000000 
50.000000 41.538183 33.459099 26.093609 19.680532 14.346190 10.105792 6.882940 4.539738 2.909055 1.822132 1.127754 0.702278 0.452034 0.310651 0.233858 0.193728 0.173535 0.163743 0.159164 0.157097 0.156195 0.155816 0.155661 0.155600 0.155576 0.155568 0.155564 0.155563 0.155561 0.155559 0.155553 0.155540 0.155511 0.155450 0.155325 0.155080 0.154615 0.153767 0.152286 0.149805 0.145826 0.139726 0.130807 0.118385 0.101944 0.081304 0.056772 0.029216 0.000000 
50.000000 41.525083 33.433493 26.056606 19.633610 14.291024 10.044078 6.816254 4.469442 2.836249 1.747655 1.052212 0.626084 0.375457 0.233858 0.156949 0.116758 0.096534 0.086727 0.082141 0.080071 0.079168 0.078788 0.078633 0.078572 0.078548 0.078539 0.078536 0.078535 0.078534 0.078533 0.078529 0.078522 0.078507 0.078475 0.078408 0.078278 0.078033 0.077588 0.076815 0.075525 0.073468 0.070330 0.065768 0.059447 0.051124 0.040722 0.028406 0.014608 0.000000 
50.000000 41.518235 33.420109 26.037265 19.609085 14.262191 10.011823 6.781401 4.432703 2.798200 1.708734 1.012734 0.586266 0.335440 0.193728 0.116758 0.076535 0.056295 0.046480 0.041891 0.039819 0.038916 0.038535 0.038380 0.038318 0.038295 0.038286 0.038283 0.038282 0.038281 0.038280 0.038279 0.038275 0.038267 0.038251 0.038217 0.038151 0.038027 0.037803 0.037415 0.036770 0.035747 0.034194 0.031945 0.028844 0.024779 0.019717 0.013742 0.007063 0.000000 
50.000000 41.514788 33.413372 26.027530 19.596742 14.247679 9.995590 6.763862 4.414215 2.779052 1.689148 0.992869 0.566229 0.315303 0.173535 0.096534 0.056295 0.036047 0.026229 0.021637 0.019564 0.018661 0.018280 0.018125 0.018063 0.018040 0.018031 0.018028 0.018027 0.018027 0.018026 0.018025 0.018023 0.018020 0.018011 0.017995 0.017963 0.017902 0.017794 0.017606 0.017296 0.016806 0.016065 0.014997 0.013529 0.011611 0.009231 0.006429 0.003303 0.000000 
50.000000 41.513117 33.410105 26.022808 19.590755 14.240641 9.987717 6.755356 4.405249 2.769767 1.679650 0.983235 0.556513 0.305538 0.163743 0.086727 0.046480 0.026229 0.016408 0.011816 0.009743 0.008839 0.008458 0.008303 0.008242 0.008218 0.008210 0.008207 0.008205 0.008205 0.008205 0.008204 0.008203 0.008202 0.008198 0.008190 0.008175 0.008147 0.008096 0.008009 0.007865 0.007639 0.007298 0.006807 0.006136 0.005263 0.004181 0.002910 0.001494 0.000000 
50.000000 41.512334 33.408576 26.020600 19.587955 14.237349 9.984035 6.751377 4.401055 2.765424 1.675208 0.978730 0.551970 0.300972 0.159164 0.082141 0.041891 0.021637 0.011816 0.007223 0.005150 0.004246 0.003865 0.003710 0.003649 0.003625 0.003616 0.003613 0.003612 0.003612 0.003612 0.003611 0.003611 0.003610 0.003608 0.003605 0.003598 0.003585 0.003563 0.003523 0.003459 0.003358 0.003207 0.002990 0.002693 0.002308 0.001833 0.001275 0.000654 0.000000 
50.000000 41.511981 33.407886 26.019603 19.586691 14.235863 9.982373 6.749581 4.399162 2.763464 1.673203 0.976697 0.549919 0.298911 0.157097 0.080071 0.039819 0.019565 0.009743 0.005150 0.003077 0.002173 0.001792 0.001637 0.001575 0.001552 0.001543 0.001540 0.001539 0.001539 0.001539 0.001538 0.001538 0.001538 0.001537 0.001536 0.001533 0.001527 0.001517 0.001500 0.001473 0.001429 0.001364 0.001271 0.001144 0.000980 0.000778 0.000541 0.000278 0.000000 
50.000000 41.511827 33.407585 26.019168 19.586140 14.235215 9.981648 6.748798 4.398337 2.762610 1.672329 0.975810 0.549025 0.298012 0.156196 0.079169 0.038916 0.018661 0.008840 0.004247 0.002173 0.001270 0.000889 0.000733 0.000672 0.000648 0.000640 0.000637 0.000636 0.000635 0.000635 0.000635 0.000635 0.000635 0.000634 0.000634 0.000633 0.000630 0.000626 0.000619 0.000607 0.000589 0.000562 0.000524 0.000471 0.000403 0.000320 0.000222 0.000114 0.000000 
50.000000 41.511763 33.407459 26.018985 19.585908 14.234943 9.981343 6.748469 4.397990 2.762250 1.671962 0.975438 0.548649 0.297635 0.155817 0.078790 0.038537 0.018282 0.008460 0.003867 0.001794 0.000890 0.000509 0.000353 0.000292 0.000269 0.000260 0.000257 0.000256 0.000255 0.000255 0.000255 0.000255 0.000255 0.000255 0.000255 0.000254 0.000253 0.000251 0.000249 0.000244 0.000237 0.000226 0.000210 0.000189 0.000162 0.000128 0.000089 0.000046 0.000000 
50.000000 41.511737 33.407408 26.018912 19.585815 14.234834 9.981221 6.748337 4.397851 2.762106 1.671815 0.975288 0.548498 0.297483 0.155666 0.078638 0.038384 0.018130 0.008308 0.003715 0.001641 0.000737 0.000356 0.000201 0.000140 0.000116 0.000108 0.000105 0.000104 0.000103 0.000103 0.000103 0.000103 0.000103 0.000103 0.000103 0.000103 0.000102 0.000101 0.000100 0.000098 0.000095 0.000091 0.000085 0.000076 0.000065 0.000052 0.000036 0.000018 0.000000 
50.000000 41.511728 33.407390 26.018886 19.585783 14.234796 9.981179 6.748292 4.397803 2.762057 1.671764 0.975237 0.548446 0.297431 0.155613 0.078585 0.038332 0.018077 0.008255 0.003662 0.001589 0.000685 0.000304 0.000149 0.000087 0.000064 0.000055 0.000052 0.000051 0.000051 0.000050 0.000050 0.000050 0.000050 0.000050 0.000050 0.000050 0.000050 0.000050 0.000049 0.000048 0.000047 0.000044 0.000041 0.000037 0.000032 0.000025 0.000017 0.000009 0.000000 
50.000000 41.511728 33.407390 26.018886 19.585783 14.234796 9.981179 6.748292 4.397803 2.762057 1.671764 0.975237 0.548446 0.297431 0.155613 0.078585 0.038332 0.018077 0.008255 0.003662 0.001589 0.000685 0.000304 0.000149 0.000087 0.000064 0.000055 0.000052 0.000051 0.000051 0.000050 0.000050 0.000050 0.000050 0.000050 0.000050 0.000050 0.000050 0.000050 0.000049 0.000048 0.000047 0.000044 0.000041 0.000037 0.000032 0.000025 0.000017 0.000009 0.000000 
50.000000 41.511737 33.407408 26.018912 19.585815 14.234834 9.981221 6.748337 4.397851 2.762106 1.671815 0.975288 0.548498 0.297483 0.155666 0.078638 0.038384 0.018130 0.008308 0.003715 0.001641 0.000737 0.000356 0.000201 0.000140 0.000116 0.000108 0.000105 0.000104 0.000103 0.000103 0.000103 0.000103 0.000103 0.000103 0.000103 0.000103 0.000102 0.000101 0.000100 0.000098 0.000095 0.000091 0.000085 0.000076 0.000065 0.000052 0.000036 0.000018 0.000000 
50.000000 41.511763 33.407459 26.018985 19.585908 14.234943 9.981343 6.748469 4.397990 2.762250 1.671962 0.975438 0.548649 0.297635 0.155817 0.078790 0.038537 0.018282 0.008460 0.003867 0.001794 0.000890 0.000509 0.000353 0.000292 0.000269 0.000260 0.000257 0.000256 0.000255 0.000255 0.000255 0.000255 0.000255 0.000255 0.000255 0.000254 0.000253 0.000251 0.000249 0.000244 0.000237 0.000226 0.000210 0.000189 0.000162 0.000128 0.000089 0.000046 0.000000 
50.000000 41.511827 33.407585 26.019168 19.586140 14.235215 9.981648 6.748798 4.398337 2.762610 1.672329 0.975810 0.549025 0.298012 0.156196 0.079169 0.038916 0.018661 0.008840 0.004247 0.002173 0.001270 0.000889 0.000733 0.000672 0.000648 0.000640 0.000637 0.000636 0.000635 0.000635 0.000635 0.000635 0.000635 0.000634 0.000634 0.000633 0.000630 0.000626 0.000619 0.000607 0.000589 0.000562 0.000524 0.000471 0.000403 0.000320 0.000222 0.000114 0.000000 
50.000000 41.511981 33.407886 26.019603 19.586691 14.235863 9.982373 6.749581 4.399162 2.763464 1.673203 0.976697 0.549919 0.298911 0.157097 0.080071 0.039819 0.019565 0.009743 0.005150 0.003077 0.002173 0.001792 0.001637 0.001575 0.001552 0.001543 0.001540 0.001539 0.001539 0.001539 0.001538 0.001538 0.001538 0.001537 0.001536 0.001533 0.001527 0.001517 0.001500 0.001473 0.001429 0.001364 0.001271 0.001144 0.000980 0.000778 0.000541 0.000278 0.000000 
50.000000 41.512334 33.408576 26.020600 19.587955 14.237349 9.984035 6.751377 4.401055 2.765424 1.675208 0.978730 0.551970 0.300972 0.159164 0.082141 0.041891 0.021637 0.011816 0.007223 0.005150 0.004246 0.003865 0.003710 0.003649 0.003625 0.003616 0.003613 0.003612 0.003612 0.003612 0.003611 0.003611 0.003610 0.003608 0.003605 0.003598 0.003585 0.003563 0.003523 0.003459 0.003358 0.003207 0.002990 0.002693 0.002308 0.001833 0.001275 0.000654 0.000000 
50.000000 41.513117 33.410105 26.022808 19.590755 14.240641 9.987717 6.755356 4.405249 2.769767 1.679650 0.983235 0.556513 0.305538 0.163743 0.086727 0.046480 0.026229 0.016408 0.011816 0.009743 0.008839 0.008458 0.008303 0.008242 0.008218 0.008210 0.008207 0.008205 0.008205 0.008205 0.008204 0.008203 0.008202 0.008198 0.008190 0.008175 0.008147 0.008096 0.008009 0.007865 0.007639 0.007298 0.006807 0.006136 0.005263 0.004181 0.002910 0.001494 0.000000 
50.000000 41.514788 33.413372 26.027530 19.596742 14.247679 9.995590 6.763862 4.414215 2.779052 1.689148 0.992869 0.566229 0.315303 0.173535 0.096534 0.056295 0.036047 0.026229 0.021637 0.019564 0.018661 0.018280 0.018125 0.018063 0.018040 0.018031 0.018028 0.018027 0.018027 0.018026 0.018025 0.018023 0.018020 0.018011 0.017995 0.017963 0.017902 0.017794 0.017606 0.017296 0.016806 0.016065 0.014997 0.013529 0.011611 0.009231 0.006429 0.003303 0.000000 
50.000000 41.518235 33.420109 26.037265 19.609085 14.262191 10.011823 6.781401 4.432703 2.798200 1.708734 1.012734 0.586266 0.335440 0.193728 0.116758 0.076535 0.056295 0.046480 0.041891 0.039819 0.038916 0.038535 0.038380 0.038318 0.038295 0.038286 0.038283 0.038282 0.038281 0.038280 0.038279 0.038275 0.038267 0.038251 0.038217 0.038151 0.038027 0.037803 0.037415 0.036770 0.035747 0.034194 0.031945 0.028844 0.024779 0.019717 0.013742 0.007063 0.000000 
50.000000 41.525083 33.433493 26.056606 19.633610 14.291024 10.044078 6.816254 4.469442 2.836249 1.747655 1.052212 0.626084 0.375457 0.233858 0.156949 0.116758 0.096534 0.086727 0.082141 0.080071 0.079168 0.078788 0.078633 0.078572 0.078548 0.078539 0.078536 0.078535 0.078534 0.078533 0.078529 0.078522 0.078507 0.078475 0.078408 0.078278 0.078033 0.077588 0.076815 0.075525 0.073468 0.070330 0.065768 0.059447 0.051124 0.040722 0.028406 0.014608 0.000000 
50.000000 41.538183 33.459099 26.093609 19.680532 14.346190 10.105792 6.882940 4.539738 2.909055 1.822132 1.127754 0.702278 0.452034 0.310651 0.233858 0.193728 0.173535 0.163743 0.159164 0.157097 0.156195 0.155816 0.155661 0.155600 0.155576 0.155568 0.155564 0.155563 0.155561 0.155559 0.155553 0.155540 0.155511 0.155450 0.155325 0.155080 0.154615 0.153767 0.152286 0.149805 0.145826 0.139726 0.130807 0.118385 0.101944 0.081304 0.056772 0.029216 0.000000 
50.000000 41.562296 33.506231 26.161721 19.766902 14.447739 10.219399 7.005703 4.669152 3.043092 1.959247 1.266832 0.842558 0.593019 0.452034 0.375457 0.335440 0.315303 0.305538 0.300972 0.298910 0.298012 0.297633 0.297479 0.297418 0.297394 0.297386 0.297382 0.297380 0.297378 0.297374 0.297363 0.297340 0.297289 0.297179 0.296954 0.296509 0.295663 0.294116 0.291396 0.286814 0.279421 0.268020 0.251240 0.227726 0.196414 0.156887 0.109690 0.056497 0.000000 
50.000000 41.604965 33.589635 26.282252 19.919749 14.627452 10.420454 7.222968 4.898193 3.280321 2.201927 1.512991 1.090845 0.842558 0.702278 0.626084 0.586266 0.566229 0.556513 0.551970 0.549919 0.549024 0.548647 0.548494 0.548433 0.548410 0.548401 0.548397 0.548395 0.548392 0.548384 0.548367 0.548327 0.548239 0.548051 0.547663 0.546894 0.545423 0.542716 0.537934 0.529825 0.516653 0.496193 0.465858 0.423027 0.365574 0.292558 0.204875 0.105637 0.000000 
50.000000 41.677499 33.731414 26.487147 20.179581 14.932962 10.762257 7.592338 5.287592 3.683647 2.614529 1.931513 1.512991 1.266832 1.127754 1.052212 1.012734 0.992869 0.983235 0.978730 0.976697 0.975810 0.975436 0.975284 0.975224 0.975200 0.975192 0.975188 0.975185 0.975180 0.975168 0.975139 0.975075 0.974931 0.974623 0.973987 0.972717 0.970275 0.965757 0.957720 0.943996 0.921531 0.886345 0.833720 0.758747 0.657285 0.527260 0.369991 0.191040 0.000000 
50.000000 41.795849 33.962752 26.821476 20.603562 15.431489 11.320018 8.195098 5.923050 4.341846 3.287875 2.614529 2.201927 1.959247 1.822132 1.747655 1.708734 1.689148 1.679650 1.675208 1.673203 1.672329 1.671960 1.671810 1.671751 1.671728 1.671719 1.671715 1.671711 1.671703 1.671685 1.671641 1.671541 1.671319 1.670840 1.669846 1.667851 1.663993 1.656809 1.643938 1.621781 1.585190 1.527325 1.439888 1.313971 1.141708 0.918640 0.646348 0.334349 0.000000 
50.000000 41.981071 34.324806 27.344723 21.267130 16.211745 12.193003 9.138533 6.917684 5.372093 4.341846 3.683647 3.280321 3.043092 2.909055 2.836249 2.798200 2.779052 2.769767 2.765424 2.763464 2.762609 2.762249 2.762102 2.762044 2.762021 2.762013 2.762008 2.762003 2.761992 2.761965 2.761902 2.761756 2.761429 2.760724 2.759250 2.756278 2.750496 2.739651 2.720066 2.686046 2.629299 2.538554 2.399757 2.197273 1.916523 1.548159 1.093130 0.566879 0.000000 
50.000000 42.258907 34.867898 28.129618 22.262531 17.382210 13.502596 10.553839 8.409824 6.917684 5.923050 5.287592 4.898193 4.669152 4.539738 4.469442 4.432703 4.414215 4.405249 4.401055 4.399162 4.398337 4.397989 4.397847 4.397791 4.397769 4.397760 4.397755 4.397749 4.397734 4.397697 4.397610 4.397408 4.396956 4.395974 4.393913 4.389731 4.381540 4.366061 4.337860 4.288385 4.204912 4.069706 3.859923 3.549048 3.110785 2.525994 1.792169 0.932653 0.000000 
50.000000 42.658080 35.648177 29.257317 23.692696 19.063929 15.384250 12.587419 10.553839 9.138533 8.195098 7.592338 7.222968 7.005703 6.882940 6.816254 6.781401 6.763862 6.755355 6.751377 6.749581 6.748798 6.748468 6.748333 6.748280 6.748259 6.748250 6.748245 6.748237 6.748217 6.748170 6.748058 6.747797 6.747208 6.745923 6.743213 6.737683 6.726776 6.705993 6.667773 6.599979 6.484133 6.293709 5.993239 5.539467 4.886338 3.995665 2.854088 1.492901 0.000000 
50.000000 43.207030 36.721236 30.808174 25.659542 21.376763 17.972090 15.384250 13.502596 12.193003 11.320018 10.762257 10.420454 10.219399 10.105792 10.044078 10.011823 9.995590 9.987717 9.984035 9.982372 9.981648 9.981342 9.981217 9.981168 9.981149 9.981140 9.981135 9.981125 9.981102 9.981045 9.980910 9.980593 9.979878 9.978310 9.974985 9.968158 9.954596 9.928537 9.880131 9.793246 9.642674 9.391010 8.986045 8.360359 7.436117 6.139399 4.428395 2.334641 0.000000 
50.000000 43.929213 38.132931 32.848468 28.247137 24.419583 21.376763 19.063929 17.382210 16.211745 15.431489 14.932962 14.627452 14.447739 14.346190 14.291024 14.262191 14.247679 14.240641 14.237349 14.235863 14.235215 14.234942 14.234830 14.234786 14.234769 14.234761 14.234755 14.234745 14.234719 14.234656 14.234505 14.234151 14.233346 14.231577 14.227805 14.220014 14.204425 14.174215 14.117518 14.014472 13.833161 13.524462 13.016404 12.209792 10.979120 9.186855 6.724089 3.590501 0.000000 
50.000000 44.837614 39.908648 35.414894 31.502029 28.247137 25.659542 23.692696 22.262531 21.267130 20.603562 20.179581 19.919749 19.766902 19.680532 19.633610 19.609085 19.596742 19.590755 19.587955 19.586691 19.586139 19.585907 19.585812 19.585774 19.585760 19.585753 19.585747 19.585737 19.585711 19.585647 19.585493 19.585131 19.584307 19.582486 19.578587 19.570488 19.554174 19.522296 19.461854 19.350607 19.151746 18.806358 18.223425 17.268017 15.751015 13.430942 10.054628 5.489493 0.000000 
50.000000 45.929629 42.043294 38.500095 35.414894 32.848468 30.808174 29.257317 28.129618 27.344723 26.821476 26.487147 26.282252 26.161721 26.093609 26.056606 26.037265 26.027530 26.022808 26.020600 26.019602 26.019168 26.018984 26.018909 26.018880 26.018868 26.018863 26.018858 26.018848 26.018825 26.018767 26.018627 26.018299 26.017548 26.015884 26.012305 26.004834 25.989694 25.959887 25.902837 25.796564 25.603625 25.261652 24.668776 23.661613 21.983952 19.250048 14.932916 8.496457 0.000000 
50.000000 47.183743 44.494815 42.043294 39.908648 38.132931 36.721236 35.648177 34.867898 34.324806 33.962752 33.731414 33.589635 33.506231 33.459099 33.433493 33.420109 33.413372 33.410105 33.408576 33.407886 33.407585 33.407458 33.407406 33.407386 33.407378 33.407374 33.407370 33.407363 33.407345 33.407301 33.407194 33.406943 33.406367 33.405087 33.402326 33.396541 33.384760 33.361423 33.316404 33.231677 33.075729 32.794089 32.292841 31.408842 29.854020 27.110377 22.247407 13.725517 0.000000 
50.000000 48.559304 47.183743 45.929629 44.837614 43.929213 43.207030 42.658080 42.258907 41.981071 41.795849 41.677499 41.604965 41.562296 41.538183 41.525083 41.518235 41.514788 41.513116 41.512334 41.511981 41.511827 41.511762 41.511736 41.511725 41.511721 41.511719 41.511717 41.511713 41.511704 41.511680 41.511622 41.511485 41.511172 41.510474 41.508967 41.505799 41.499328 41.486459 41.461500 41.414191 41.326254 41.165179 40.872389 40.338711 39.348121 37.433172 33.458226 24.279652 0.000000 
50.000000 50.000000 50.000000 50.000000 50.000000 50.000000 50.000000 50.000000 50.000000 50.000000 50.000000 50.000000 50.000000 50.000000 50.000000 50.000000 50.000000 50.000000 50.000000 50.000000 50.000000 50.000000 50.000000 50.000000 50.000000 50.000000 50.000000 50.000000 50.000000 50.000000 50.000000 50.000000 50.000000 50.000000 50.000000 50.000000 50.000000 50.000000 50.000000 50.000000 50.000000 50.000000 50.000000 50.000000 50.000000 50.000000 50.000000 50.000000 50.000000 50.000000 
