50.000000 50.000000 50.000000 50.000000 50.000000 50.000000 50.000000 50.000000 50.000000 50.000000 50.000000 50.000000 50.000000 50.000000 50.000000 50.000000 50.000000 50.000000 50.000000 50.000000 50.000000 50.000000 50.000000 50.000000 50.000000 50.000000 50.000000 50.000000 50.000000 50.000000 50.000000 50.000000 50.000000 50.000000 50.000000 50.000000 50.000000 50.000000 50.000000 50.000000 50.000000 50.000000 50.000000 50.000000 50.000000 50.000000 50.000000 50.000000 50.000000 50.000000 
50.000000 46.751913 43.834225 41.476879 39.759617 38.627953 37.950687 37.581028 37.396217 37.311217 37.275103 37.260871 37.255650 37.253861 37.253286 37.253113 37.253063 37.253050 37.253047 37.253046 37.253045 37.253045 37.253045 37.253045 37.253045 37.253045 37.253045 37.253045 37.253045 37.253045 37.253045 37.253045 37.253045 37.253045 37.253042 37.253031 37.252989 37.252844 37.252357 37.250813 37.246164 37.232887 37.196850 37.103548 36.871570 36.311291 34.972243 31.717199 23.375956 0.000000 
50.000000 43.834225 38.295705 33.820964 30.561346 28.413377 27.127949 26.426393 26.075672 25.914377 25.845852 25.818851 25.808947 25.805552 25.804462 25.804133 25.804039 25.804014 25.804008 25.804006 25.804006 25.804006 25.804006 25.804006 25.804006 25.804006 25.804006 25.804006 25.804006 25.804006 25.804006 25.804005 25.804005 25.804004 25.803999 25.803981 25.803913 25.803675 25.802882 25.800378 25.792900 25.771772 25.715301 25.572346 25.228914 24.443463 22.727686 19.147853 12.117026 0.000000 
50.000000 41.476879 33.820964 27.635724 23.130321 20.161612 18.385159 17.415697 16.931091 16.708248 16.613585 16.576289 16.562610 16.557922 16.556417 16.555962 16.555833 16.555798 16.555789 16.555787 16.555787 16.555787 16.555787 16.555787 16.555787 16.555787 16.555787 16.555787 16.555787 16.555787 16.555787 16.555786 16.555786 16.555785 16.555780 16.555760 16.555686 16.555428 16.554574 16.551899 16.543994 16.521967 16.464173 16.321570 15.991089 15.273205 13.817862 11.093278 6.504637 0.000000 
50.000000 39.759617 30.561346 23.130321 17.717776 14.151591 12.017797 10.853438 10.271474 10.003893 9.890240 9.845468 9.829049 9.823424 9.821617 9.821072 9.820917 9.820875 9.820864 9.820862 9.820861 9.820861 9.820861 9.820861 9.820861 9.820861 9.820861 9.820861 9.820861 9.820861 9.820861 9.820861 9.820861 9.820860 9.820855 9.820838 9.820774 9.820553 9.819827 9.817573 9.810986 9.792891 9.746294 9.634100 9.382409 8.858888 7.857115 6.117883 3.448326 0.000000 
50.000000 38.627953 28.413377 20.161612 14.151591 10.192019 7.823042 6.530474 5.884496 5.587516 5.461391 5.411713 5.393497 5.387257 5.385254 5.384649 5.384477 5.384431 5.384419 5.384416 5.384415 5.384415 5.384415 5.384415 5.384415 5.384415 5.384415 5.384415 5.384415 5.384415 5.384415 5.384415 5.384415 5.384414 5.384411 5.384398 5.384352 5.384193 5.383674 5.382078 5.377463 5.364958 5.333305 5.258734 5.096010 4.769182 4.170523 3.184462 1.756383 0.000000 
50.000000 37.950687 27.127949 18.385159 12.017797 7.823042 5.313532 3.944395 3.260211 2.945696 2.812138 2.759538 2.740252 2.733647 2.731526 2.730886 2.730704 2.730655 2.730643 2.730640 2.730639 2.730639 2.730639 2.730639 2.730639 2.730639 2.730639 2.730639 2.730639 2.730639 2.730639 2.730639 2.730639 2.730638 2.730636 2.730628 2.730599 2.730500 2.730178 2.729196 2.726386 2.718866 2.700118 2.656766 2.564308 2.383697 2.063589 1.555603 0.847139 0.000000 
50.000000 37.581028 26.426393 17.415697 10.853438 6.530474 3.944395 2.533565 1.828593 1.504544 1.366948 1.312761 1.292896 1.286093 1.283909 1.283250 1.283062 1.283012 1.282999 1.282996 1.282995 1.282995 1.282995 1.282995 1.282995 1.282995 1.282995 1.282995 1.282995 1.282995 1.282995 1.282995 1.282995 1.282994 1.282993 1.282989 1.282973 1.282918 1.282741 1.282206 1.280688 1.276670 1.266782 1.244277 1.197169 1.107144 0.951523 0.711092 0.384178 0.000000 
50.000000 37.396217 26.075672 16.931091 10.271474 5.884496 3.260211 1.828593 1.113263 0.784468 0.644864 0.589889 0.569736 0.562834 0.560619 0.559950 0.559760 0.559709 0.559696 0.559693 0.559692 0.559692 0.559692 0.559692 0.559692 0.559692 0.559692 0.559692 0.559692 0.559692 0.559692 0.559692 0.559692 0.559692 0.559691 0.559689 0.559681 0.559654 0.559567 0.559304 0.558567 0.556631 0.551923 0.541345 0.519538 0.478583 0.409124 0.303899 0.163330 0.000000 
50.000000 37.311217 25.914377 16.708248 10.003893 5.587516 2.945696 1.504544 0.784468 0.453501 0.312978 0.257643 0.237359 0.230412 0.228183 0.227510 0.227319 0.227267 0.227254 0.227251 0.227250 0.227250 0.227250 0.227250 0.227250 0.227250 0.227250 0.227250 0.227250 0.227250 0.227250 0.227250 0.227250 0.227250 0.227249 0.227248 0.227245 0.227233 0.227194 0.227077 0.226751 0.225902 0.223856 0.219310 0.210053 0.192907 0.164254 0.121478 0.065053 0.000000 
50.000000 37.275103 25.845852 16.613585 9.890240 5.461391 2.812138 1.366948 0.644864 0.312978 0.172067 0.116581 0.096241 0.089275 0.087040 0.086365 0.086173 0.086122 0.086108 0.086105 0.086104 0.086104 0.086104 0.086104 0.086104 0.086104 0.086104 0.086104 0.086104 0.086104 0.086104 0.086104 0.086104 0.086104 0.086104 0.086104 0.086102 0.086097 0.086081 0.086034 0.085901 0.085559 0.084742 0.082942 0.079313 0.072666 0.061686 0.045475 0.024290 0.000000 
50.000000 37.260871 25.818851 16.576289 9.845468 5.411713 2.759538 1.312761 0.589889 0.257643 0.116581 0.061035 0.040673 0.033700 0.031462 0.030787 0.030595 0.030543 0.030530 0.030527 0.030526 0.030526 0.030526 0.030526 0.030526 0.030526 0.030526 0.030526 0.030526 0.030526 0.030526 0.030526 0.030526 0.030526 0.030526 0.030526 0.030525 0.030523 0.030517 0.030499 0.030450 0.030323 0.030020 0.029360 0.028039 0.025641 0.021716 0.015970 0.008514 0.000000 
50.000000 37.255650 25.808947 16.562610 9.829049 5.393497 2.740252 1.292896 0.569736 0.237359 0.096241 0.040673 0.020304 0.013329 0.011090 0.010414 0.010222 0.010170 0.010157 0.010154 0.010153 0.010153 0.010153 0.010153 0.010153 0.010153 0.010153 0.010153 0.010153 0.010153 0.010153 0.010153 0.010153 0.010153 0.010153 0.010153 0.010153 0.010152 0.010150 0.010144 0.010126 0.010082 0.009978 0.009752 0.009304 0.008496 0.007182 0.005272 0.002806 0.000000 
50.000000 37.253861 25.805552 16.557922 9.823424 5.387257 2.733647 1.286093 0.562834 0.230412 0.089275 0.033700 0.013329 0.006352 0.004113 0.003437 0.003245 0.003193 0.003180 0.003177 0.003176 0.003176 0.003176 0.003176 0.003176 0.003176 0.003176 0.003176 0.003176 0.003176 0.003176 0.003176 0.003176 0.003176 0.003176 0.003176 0.003176 0.003176 0.003175 0.003173 0.003168 0.003153 0.003120 0.003048 0.002905 0.002649 0.002236 0.001639 0.000872 0.000000 
50.000000 37.253286 25.804462 16.556417 9.821617 5.385254 2.731526 1.283909 0.560619 0.228183 0.087040 0.031462 0.011090 0.004113 0.001874 0.001198 0.001006 0.000954 0.000941 0.000938 0.000937 0.000937 0.000937 0.000937 0.000937 0.000937 0.000937 0.000937 0.000937 0.000937 0.000937 0.000937 0.000937 0.000937 0.000937 0.000937 0.000937 0.000937 0.000937 0.000936 0.000934 0.000930 0.000920 0.000898 0.000856 0.000780 0.000657 0.000481 0.000256 0.000000 
50.000000 37.253113 25.804133 16.555962 9.821072 5.384649 2.730886 1.283250 0.559950 0.227510 0.086365 0.030787 0.010414 0.003437 0.001198 0.000522 0.000330 0.000278 0.000265 0.000262 0.000261 0.000261 0.000261 0.000261 0.000261 0.000261 0.000261 0.000261 0.000261 0.000261 0.000261 0.000261 0.000261 0.000261 0.000261 0.000261 0.000261 0.000261 0.000261 0.000261 0.000260 0.000259 0.000256 0.000250 0.000238 0.000217 0.000183 0.000134 0.000071 0.000000 
50.000000 37.253063 25.804039 16.555833 9.820917 5.384477 2.730704 1.283062 0.559760 0.227319 0.086173 0.030595 0.010222 0.003245 0.001006 0.000330 0.000138 0.000086 0.000073 0.000070 0.000069 0.000069 0.000069 0.000069 0.000069 0.000069 0.000069 0.000069 0.000069 0.000069 0.000069 0.000069 0.000069 0.000069 0.000069 0.000069 0.000069 0.000069 0.000069 0.000069 0.000069 0.000068 0.000068 0.000066 0.000063 0.000057 0.000048 0.000035 0.000019 0.000000 
50.000000 37.253050 25.804014 16.555798 9.820875 5.384431 2.730655 1.283012 0.559709 0.227267 0.086122 0.030543 0.010170 0.003193 0.000954 0.000278 0.000086 0.000035 0.000021 0.000018 0.000017 0.000017 0.000017 0.000017 0.000017 0.000017 0.000017 0.000017 0.000017 0.000017 0.000017 0.000017 0.000017 0.000017 0.000017 0.000017 0.000017 0.000017 0.000017 0.000017 0.000017 0.000017 0.000017 0.000017 0.000016 0.000014 0.000012 0.000009 0.000005 0.000000 
50.000000 37.253047 25.804008 16.555789 9.820864 5.384419 2.730643 1.282999 0.559696 0.227254 0.086108 0.030530 0.010157 0.003180 0.000941 0.000265 0.000073 0.000021 0.000008 0.000005 0.000004 0.000004 0.000004 0.000004 0.000004 0.000004 0.000004 0.000004 0.000004 0.000004 0.000004 0.000004 0.000004 0.000004 0.000004 0.000004 0.000004 0.000004 0.000004 0.000004 0.000004 0.000004 0.000004 0.000004 0.000004 0.000003 0.000003 0.000002 0.000001 0.000000 
50.000000 37.253046 25.804006 16.555787 9.820862 5.384416 2.730640 1.282996 0.559693 0.227251 0.086105 0.030527 0.010154 0.003177 0.000938 0.000262 0.000070 0.000018 0.000005 0.000002 0.000001 0.000001 0.000001 0.000001 0.000001 0.000001 0.000001 0.000001 0.000001 0.000001 0.000001 0.000001 0.000001 0.000001 0.000001 0.000001 0.000001 0.000001 0.000001 0.000001 0.000001 0.000001 0.000001 0.000001 0.000001 0.000001 0.000001 0.000000 0.000000 0.000000 
50.000000 37.253045 25.804006 16.555787 9.820861 5.384415 2.730639 1.282995 0.559692 0.227250 0.086104 0.030526 0.010153 0.003176 0.000937 0.000261 0.000069 0.000017 0.000004 0.000001 0.000000 0.000000 0.000000 0.000000 0.000000 0.000000 0.000000 0.000000 0.000000 0.000000 0.000000 0.000000 0.000000 0.000000 0.000000 0.000000 0.000000 0.000000 0.000000 0.000000 0.000000 0.000000 0.000000 0.000000 0.000000 0.000000 0.000000 0.000000 0.000000 0.000000 
50.000000 37.253045 25.804006 16.555787 9.820861 5.384415 2.730639 1.282995 0.559692 0.227250 0.086104 0.030526 0.010153 0.003176 0.000937 0.000261 0.000069 0.000017 0.000004 0.000001 0.000000 0.000000 0.000000 0.000000 0.000000 0.000000 0.000000 0.000000 0.000000 0.000000 0.000000 0.000000 0.000000 0.000000 0.000000 0.000000 0.000000 0.000000 0.000000 0.000000 0.000000 0.000000 0.000000 0.000000 0.000000 0.000000 0.000000 0.000000 0.000000 0.000000 
50.000000 37.253045 25.804006 16.555787 9.820861 5.384415 2.730639 1.282995 0.559692 0.227250 0.086104 0.030526 0.010153 0.003176 0.000937 0.000261 0.000069 0.000017 0.000004 0.000001 0.000000 0.000000 0.000000 0.000000 0.000000 0.000000 0.000000 0.000000 0.000000 0.000000 0.000000 0.000000 0.000000 0.000000 0.000000 0.000000 0.000000 0.000000 0.000000 0.000000 0.000000 0.000000 0.000000 0.000000 0.000000 0.000000 0.000000 0.000000 0.000000 0.000000 
50.000000 37.253045 25.804006 16.555787 9.820861 5.384415 2.730639 1.282995 0.559692 0.227250 0.086104 0.030526 0.010153 0.003176 0.000937 0.000261 0.000069 0.000017 0.000004 0.000001 0.000000 0.000000 0.000000 0.000000 0.000000 0.000000 0.000000 0.000000 0.000000 0.000000 0.000000 0.000000 0.000000 0.000000 0.000000 0.000000 0.000000 0.000000 0.000000 0.000000 0.000000 0.000000 0.000000 0.000000 0.000000 0.000000 0.000000 0.000000 0.000000 0.000000 
50.000000 37.253045 25.804006 16.555787 9.820861 5.384415 2.730639 1.282995 0.559692 0.227250 0.086104 0.030526 0.010153 0.003176 0.000937 0.000261 0.000069 0.000017 0.000004 0.000001 0.000000 0.000000 0.000000 0.000000 0.000000 0.000000 0.000000 0.000000 0.000000 0.000000 0.000000 0.000000 0.000000 0.000000 0.000000 0.000000 0.000000 0.000000 0.000000 0.000000 0.000000 0.000000 0.000000 0.000000 0.000000 0.000000 0.000000 0.000000 0.000000 0.000000 
50.000000 37.253045 25.804006 16.555787 9.820861 5.384415 2.730639 1.282995 0.559692 0.227250 0.086104 0.030526 0.010153 0.003176 0.000937 0.000261 0.000069 0.000017 0.000004 0.000001 0.000000 0.000000 0.000000 0.000000 0.000000 0.000000 0.000000 0.000000 0.000000 0.000000 0.000000 0.000000 0.000000 0.000000 0.000000 0.000000 0.000000 0.000000 0.000000 0.000000 0.000000 0.000000 0.000000 0.000000 0.000000 0.000000 0.000000 0.000000 0.000000 0.000000 
50.000000 37.253045 25.804006 16.555787 9.820861 5.384415 2.730639 1.282995 0.559692 0.227250 0.086104 0.030526 0.010153 0.003176 0.000937 0.000261 0.000069 0.000017 0.000004 0.000001 0.000000 0.000000 0.000000 0.000000 0.000000 0.000000 0.000000 0.000000 0.000000 0.000000 0.000000 0.000000 0.000000 0.000000 0.000000 0.000000 0.000000 0.000000 0.000000 0.000000 0.000000 0.000000 0.000000 0.000000 0.000000 0.000000 0.000000 0.000000 0.000000 0.000000 
50.000000 37.253045 25.804006 16.555787 9.820861 5.384415 2.730639 1.282995 0.559692 0.227250 0.086104 0.030526 0.010153 0.003176 0.000937 0.000261 0.000069 0.000017 0.000004 0.000001 0.000000 0.000000 0.000000 0.000000 0.000000 0.000000 0.000000 0.000000 0.000000 0.000000 0.000000 0.000000 0.000000 0.000000 0.000000 0.000000 0.000000 0.000000 0.000000 0.000000 0.000000 0.000000 0.000000 0.000000 0.000000 0.000000 0.000000 0.000000 0.000000 0.000000 
50.000000 37.253045 25.804006 16.555787 9.820861 5.384415 2.730639 1.282995 0.559692 0.227250 0.086104 0.030526 0.010153 0.003176 0.000937 0.000261 0.000069 0.000017 0.000004 0.000001 0.000000 0.000000 0.000000 0.000000 0.000000 0.000000 0.000000 0.000000 0.000000 0.000000 0.000000 0.000000 0.000000 0.000000 0.000000 0.000000 0.000000 0.000000 0.000000 0.000000 0.000000 0.000000 0.000000 0.000000 0.000000 0.000000 0.000000 0.000000 0.000000 0.000000 
50.000000 37.253045 25.804006 16.555787 9.820861 5.384415 2.730639 1.282995 0.559692 0.227250 0.086104 0.030526 0.010153 0.003176 0.000937 0.000261 0.000069 0.000017 0.000004 0.000001 0.000000 0.000000 0.000000 0.000000 0.000000 0.000000 0.000000 0.000000 0.000000 0.000000 0.000000 0.000000 0.000000 0.000000 0.000000 0.000000 0.000000 0.000000 0.000000 0.000000 0.000000 0.000000 0.000000 0.000000 0.000000 0.000000 0.000000 0.000000 0.000000 0.000000 
50.000000 37.253046 25.804006 16.555787 9.820862 5.384416 2.730640 1.282996 0.559693 0.227251 0.086105 0.030527 0.010154 0.003177 0.000938 0.000262 0.000070 0.000018 0.000005 0.000002 0.000001 0.000001 0.000001 0.000001 0.000001 0.000001 0.000001 0.000001 0.000001 0.000001 0.000001 0.000001 0.000001 0.000001 0.000001 0.000001 0.000001 0.000001 0.000001 0.000001 0.000001 0.000001 0.000001 0.000001 0.000001 0.000001 0.000001 0.000000 0.000000 0.000000 
50.000000 37.253047 25.804008 16.555789 9.820864 5.384419 2.730643 1.282999 0.559696 0.227254 0.086108 0.030530 0.010157 0.003180 0.000941 0.000265 0.000073 0.000021 0.000008 0.000005 0.000004 0.000004 0.000004 0.000004 0.000004 0.000004 0.000004 0.000004 0.000004 0.000004 0.000004 0.000004 0.000004 0.000004 0.000004 0.000004 0.000004 0.000004 0.000004 0.000004 0.000004 0.000004 0.000004 0.000004 0.000004 0.000003 0.000003 0.000002 0.000001 0.000000 
50.000000 37.253050 25.804014 16.555798 9.820875 5.384431 2.730655 1.283012 0.559709 0.227267 0.086122 0.030543 0.010170 0.003193 0.000954 0.000278 0.000086 0.000035 0.000021 0.000018 0.000017 0.000017 0.000017 0.000017 0.000017 0.000017 0.000017 0.000017 0.000017 0.000017 0.000017 0.000017 0.000017 0.000017 0.000017 0.000017 0.000017 0.000017 0.000017 0.000017 0.000017 0.000017 0.000017 0.000017 0.000016 0.000014 0.000012 0.000009 0.000005 0.000000 
50.000000 37.253063 25.804039 16.555833 9.820917 5.384477 2.730704 1.283062 0.559760 0.227319 0.086173 0.030595 0.010222 0.003245 0.001006 0.000330 0.000138 0.000086 0.000073 0.000070 0.000069 0.000069 0.000069 0.000069 0.000069 0.000069 0.000069 0.000069 0.000069 0.000069 0.000069 0.000069 0.000069 0.000069 0.000069 0.000069 0.000069 0.000069 0.000069 0.000069 0.000069 0.000068 0.000068 0.000066 0.000063 0.000057 0.000048 0.000035 0.000019 0.000000 
50.000000 37.253113 25.804133 16.555962 9.821072 5.384649 2.730886 1.283250 0.559950 0.227510 0.086365 0.030787 0.010414 0.003437 0.001198 0.000522 0.000330 0.000278 0.000265 0.000262 0.000261 0.000261 0.000261 0.000261 0.000261 0.000261 0.000261 0.000261 0.000261 0.000261 0.000261 0.000261 0.000261 0.000261 0.000261 0.000261 0.000261 0.000261 0.000261 0.000261 0.000260 0.000259 0.000256 0.000250 0.000238 0.000217 0.000183 0.000134 0.000071 0.000000 
50.000000 37.253286 25.804462 16.556417 9.821617 5.385254 2.731526 1.283909 0.560619 0.228183 0.087040 0.031462 0.011090 0.004113 0.001874 0.001198 0.001006 0.000954 0.000941 0.000938 0.000937 0.000937 0.000937 0.000937 0.000937 0.000937 0.000937 0.000937 0.000937 0.000937 0.000937 0.000937 0.000937 0.000937 0.000937 0.000937 0.000937 0.000937 0.000937 0.000936 0.000934 0.000930 0.000920 0.000898 0.000856 0.000780 0.000657 0.000481 0.000256 0.000000 
50.000000 37.253861 25.805552 16.557922 9.823424 5.387257 2.733647 1.286093 0.562834 0.230412 0.089275 0.033700 0.013329 0.006352 0.004113 0.003437 0.003245 0.003193 0.003180 0.003177 0.003176 0.003176 0.003176 0.003176 0.003176 0.003176 0.003176 0.003176 0.003176 0.003176 0.003176 0.003176 0.003176 0.003176 0.003176 0.003176 0.003176 0.003176 0.003175 0.003173 0.003168 0.003153 0.003120 0.003048 0.002905 0.002649 0.002236 0.001639 0.000872 0.000000 
50.000000 37.255650 25.808947 16.562610 9.829049 5.393497 2.740252 1.292896 0.569736 0.237359 0.096241 0.040673 0.020304 0.013329 0.011090 0.010414 0.010222 0.010170 0.010157 0.010154 0.010153 0.010153 0.010153 0.010153 0.010153 0.010153 0.010153 0.010153 0.010153 0.010153 0.010153 0.010153 0.010153 0.010153 0.010153 0.010153 0.010153 0.010152 0.010150 0.010144 0.010126 0.010082 0.009978 0.009752 0.009304 0.008496 0.007182 0.005272 0.002806 0.000000 
50.000000 37.260871 25.818851 16.576289 9.845468 5.411713 2.759538 1.312761 0.589889 0.257643 0.116581 0.061035 0.040673 0.033700 0.031462 0.030787 0.030595 0.030543 0.030530 0.030527 0.030526 0.030526 0.030526 0.030526 0.030526 0.030526 0.030526 0.030526 0.030526 0.030526 0.030526 0.030526 0.030526 0.030526 0.030526 0.030526 0.030525 0.030523 0.030517 0.030499 0.030450 0.030323 0.030020 0.029360 0.028039 0.025641 0.021716 0.015970 0.008514 0.000000 
50.000000 37.275103 25.845852 16.613585 9.890240 5.461391 2.812138 1.366948 0.644864 0.312978 0.172067 0.116581 0.096241 0.089275 0.087040 0.086365 0.086173 0.086122 0.086108 0.086105 0.086104 0.086104 0.086104 0.086104 0.086104 0.086104 0.086104 0.086104 0.086104 0.086104 0.086104 0.086104 0.086104 0.086104 0.086104 0.086104 0.086102 0.086097 0.086081 0.086034 0.085901 0.085559 0.084742 0.082942 0.079313 0.072666 0.061686 0.045475 0.024290 0.000000 
50.000000 37.311217 25.914377 16.708248 10.003893 5.587516 2.945696 1.504544 0.784468 0.453501 0.312978 0.257643 0.237359 0.230412 0.228183 0.227510 0.227319 0.227267 0.227254 0.227251 0.227250 0.227250 0.227250 0.227250 0.227250 0.227250 0.227250 0.227250 0.227250 0.227250 0.227250 0.227250 0.227250 0.227250 0.227249 0.227248 0.227245 0.227233 0.227194 0.227077 0.226751 0.225902 0.223856 0.219310 0.210053 0.192907 0.164254 0.121478 0.065053 0.000000 
50.000000 37.396217 26.075672 16.931091 10.271474 5.884496 3.260211 1.828593 1.113263 0.784468 0.644864 0.589889 0.569736 0.562834 0.560619 0.559950 0.559760 0.559709 0.559696 0.559693 0.559692 0.559692 0.559692 0.559692 0.559692 0.559692 0.559692 0.559692 0.559692 0.559692 0.559692 0.559692 0.559692 0.559692 0.559691 0.559689 0.559681 0.559654 0.559567 0.559304 0.558567 0.556631 0.551923 0.541345 0.519538 0.478583 0.409124 0.303899 0.163330 0.000000 
50.000000 37.581028 26.426393 17.415697 10.853438 6.530474 3.944395 2.533565 1.828593 1.504544 1.366948 1.312761 1.292896 1.286093 1.283909 1.283250 1.283062 1.283012 1.282999 1.282996 1.282995 1.282995 1.282995 1.282995 1.282995 1.282995 1.282995 1.282995 1.282995 1.282995 1.282995 1.282995 1.282995 1.282994 1.282993 1.282989 1.282973 1.282918 1.282741 1.282206 1.280688 1.276670 1.266782 1.244277 1.197169 1.107144 0.951523 0.711092 0.384178 0.000000 
50.000000 37.950687 27.127949 18.385159 12.017797 7.823042 5.313532 3.944395 3.260211 2.945696 2.812138 2.759538 2.740252 2.733647 2.731526 2.730886 2.730704 2.730655 2.730643 2.730640 2.730639 2.730639 2.730639 2.730639 2.730639 2.730639 2.730639 2.730639 2.730639 2.730639 2.730639 2.730639 2.730639 2.730638 2.730636 2.730628 2.730599 2.730500 2.730178 2.729196 2.726386 2.718866 2.700118 2.656766 2.564308 2.383697 2.063589 1.555603 0.847139 0.000000 
50.000000 38.627953 28.413377 20.161612 14.151591 10.192019 7.823042 6.530474 5.884496 5.587516 5.461391 5.411713 5.393497 5.387257 5.385254 5.384649 5.384477 5.384431 5.384419 5.384416 5.384415 5.384415 5.384415 5.384415 5.384415 5.384415 5.384415 5.384415 5.384415 5.384415 5.384415 5.384415 5.384415 5.384414 5.384411 5.384398 5.384352 5.384193 5.383674 5.382078 5.377463 5.364958 5.333305 5.258734 5.096010 4.769182 4.170523 3.184462 1.756383 0.000000 
50.000000 39.759617 30.561346 23.130321 17.717776 14.151591 12.017797 10.853438 10.271474 10.003893 9.890240 9.845468 9.829049 9.823424 9.821617 9.821072 9.820917 9.820875 9.820864 9.820862 9.820861 9.820861 9.820861 9.820861 9.820861 9.820861 9.820861 9.820861 9.820861 9.820861 9.820861 9.820861 9.820861 9.820860 9.820855 9.820838 9.820774 9.820553 9.819827 9.817573 9.810986 9.792891 9.746294 9.634100 9.382409 8.858888 7.857115 6.117883 3.448326 0.000000 
50.000000 41.476879 33.820964 27.635724 23.130321 20.161612 18.385159 17.415697 16.931091 16.708248 16.613585 16.576289 16.562610 16.557922 16.556417 16.555962 16.555833 16.555798 16.555789 16.555787 16.555787 16.555787 16.555787 16.555787 16.555787 16.555787 16.555787 16.555787 16.555787 16.555787 16.555787 16.555786 16.555786 16.555785 16.555780 16.555760 16.555686 16.555428 16.554574 16.551899 16.543994 16.521967 16.464173 16.321570 15.991089 15.273205 13.817862 11.093278 6.504637 0.000000 
50.000000 43.834225 38.295705 33.820964 30.561346 28.413377 27.127949 26.426393 26.075672 25.914377 25.845852 25.818851 25.808947 25.805552 25.804462 25.804133 25.804039 25.804014 25.804008 25.804006 25.804006 25.804006 25.804006 25.804006 25.804006 25.804006 25.804006 25.804006 25.804006 25.804006 25.804006 25.804005 25.804005 25.804004 25.803999 25.803981 25.803913 25.803675 25.802882 25.800378 25.792900 25.771772 25.715301 25.572346 25.228914 24.443463 22.727686 19.147853 12.117026 0.000000 
50.000000 46.751913 43.834225 41.476879 39.759617 38.627953 37.950687 37.581028 37.396217 37.311217 37.275103 37.260871 37.255650 37.253861 37.253286 37.253113 37.253063 37.253050 37.253047 37.253046 37.253045 37.253045 37.253045 37.253045 37.253045 37.253045 37.253045 37.253045 37.253045 37.253045 37.253045 37.253045 37.253045 37.253045 37.253042 37.253031 37.252989 37.252844 37.252357 37.250813 37.246164 37.232887 37.196850 37.103548 36.871570 36.311291 34.972243 31.717199 23.375956 0.000000 
50.000000 50.000000 50.000000 50.000000 50.000000 50.000000 50.000000 50.000000 50.000000 50.000000 50.000000 50.000000 50.000000 50.000000 50.000000 50.000000 50.000000 50.000000 50.000000 50.000000 50.000000 50.000000 50.000000 50.000000 50.000000 50.000000 50.000000 50.000000 50.000000 50.000000 50.000000 50.000000 50.000000 50.000000 50.000000 50.000000 50.000000 50.000000 50.000000 50.000000 50.000000 50.000000 50.000000 50.000000 50.000000 50.000000 50.000000 50.000000 50.000000 50.000000 
