50.000000 50.000000 50.000000 50.000000 50.000000 50.000000 50.000000 50.000000 50.000000 50.000000 50.000000 50.000000 50.000000 50.000000 50.000000 50.000000 50.000000 50.000000 50.000000 50.000000 50.000000 50.000000 50.000000 50.000000 50.000000 50.000000 50.000000 50.000000 50.000000 50.000000 50.000000 50.000000 50.000000 50.000000 50.000000 50.000000 50.000000 50.000000 50.000000 50.000000 50.000000 50.000000 50.000000 50.000000 50.000000 50.000000 50.000000 50.000000 50.000000 50.000000 
50.000000 48.974284 47.981596 47.051775 46.208799 45.469015 44.840484 44.323410 43.911442 43.593491 43.355727 43.183405 43.062326 42.979823 42.925287 42.890303 42.868518 42.855344 42.847604 42.843184 42.840731 42.839406 42.838709 42.838352 42.838173 42.838082 42.838030 42.837987 42.837927 42.837816 42.837597 42.837163 42.836322 42.834723 42.831748 42.826322 42.816623 42.799607 42.770258 42.720401 42.636745 42.497582 42.266866 41.882808 41.233905 40.103253 38.024469 33.865178 24.487142 0.000000 
50.000000 47.981596 46.028184 44.198486 42.539681 41.083939 39.847121 38.829631 38.018967 37.393311 36.925447 36.586358 36.348103 36.185758 36.078445 36.009607 35.966740 35.940817 35.925587 35.916890 35.912063 35.909456 35.908085 35.907383 35.907030 35.906851 35.906750 35.906668 35.906553 35.906344 35.905930 35.905114 35.903531 35.900528 35.894946 35.884789 35.866677 35.834997 35.780574 35.688594 35.535326 35.282800 34.869883 34.196616 33.095468 31.276720 28.224382 23.014092 14.116418 0.000000 
50.000000 47.051775 44.198486 41.525903 39.102944 36.976594 35.170026 33.683826 32.499730 31.585871 30.902492 30.407209 30.059210 29.822087 29.665346 29.564802 29.502191 29.464329 29.442084 29.429383 29.422332 29.418524 29.416523 29.415497 29.414982 29.414722 29.414576 29.414460 29.414303 29.414017 29.413454 29.412345 29.410201 29.406139 29.398610 29.384953 29.360692 29.318460 29.246343 29.125401 28.925904 28.601647 28.081225 27.254571 25.952362 23.916159 20.762952 15.974104 9.027306 0.000000 
50.000000 46.208799 42.539681 39.102944 35.987210 33.252901 30.929811 29.018697 27.496068 26.320943 25.442196 24.805324 24.357844 24.052938 23.851393 23.722110 23.641605 23.592921 23.564319 23.547988 23.538922 23.534026 23.531453 23.530135 23.529474 23.529141 23.528957 23.528814 23.528628 23.528293 23.527638 23.526352 23.523869 23.519179 23.510517 23.494866 23.467202 23.419333 23.338203 23.203420 22.983755 22.632235 22.079473 21.224964 19.926901 17.993605 15.186785 11.262961 6.105546 0.000000 
50.000000 45.469015 41.083939 36.976594 33.252901 29.985069 27.208707 24.924715 23.105017 21.700631 20.650453 19.889343 19.354575 18.990196 18.749342 18.594846 18.498641 18.440463 18.406284 18.386769 18.375936 18.370086 18.367012 18.365438 18.364648 18.364252 18.364037 18.363877 18.363676 18.363322 18.362634 18.361286 18.358694 18.353815 18.344838 18.328696 18.300324 18.251566 18.169619 18.034876 17.818076 17.476677 16.950615 16.158022 14.992535 13.326000 11.024232 7.988471 4.235110 0.000000 
50.000000 44.840484 39.847121 35.170026 30.929811 27.208707 24.047258 21.446487 19.374418 17.775273 16.579467 15.712823 15.103911 14.689016 14.414774 14.238864 14.129325 14.063085 14.024171 14.001952 13.989618 13.982958 13.979458 13.977666 13.976768 13.976320 13.976081 13.975911 13.975710 13.975363 13.974693 13.973389 13.970887 13.966197 13.957606 13.942239 13.915392 13.869593 13.793289 13.669148 13.471950 13.166233 12.704042 12.023629 11.050685 9.704847 7.915454 5.650505 2.957675 0.000000 
50.000000 44.323410 38.829631 33.683826 29.018697 24.924715 21.446487 18.585133 16.305472 14.546128 13.230540 12.277095 11.607203 11.150763 10.849064 10.655544 10.535042 10.462173 10.419365 10.394924 10.381356 10.374030 10.370181 10.368210 10.367224 10.366734 10.366477 10.366304 10.366112 10.365792 10.365181 10.363997 10.361736 10.357514 10.349815 10.336118 10.312342 10.272081 10.205591 10.098533 9.930556 9.673916 9.292567 8.742444 7.974100 6.939224 5.602601 3.959748 2.056545 0.000000 
50.000000 43.911442 38.018967 32.499730 27.496068 23.105017 19.374418 16.305472 13.860436 11.973479 10.562477 9.539893 8.821431 8.331904 8.008338 7.800795 7.671562 7.593415 7.547507 7.521296 7.506746 7.498891 7.494763 7.492650 7.491594 7.491071 7.490803 7.490632 7.490456 7.490175 7.489648 7.488633 7.486701 7.483109 7.476592 7.465060 7.445170 7.411735 7.356986 7.269703 7.134320 6.930218 6.631556 6.208185 5.628340 4.863833 3.898083 2.736167 1.413860 0.000000 
50.000000 43.593491 37.393311 31.585871 26.320943 21.700631 17.775273 14.546128 11.973479 9.988050 8.503428 7.427499 6.671565 6.156511 5.816077 5.597717 5.461751 5.379533 5.331234 5.303658 5.288351 5.280087 5.275745 5.273523 5.272413 5.271866 5.271590 5.271423 5.271267 5.271032 5.270599 5.269771 5.268202 5.265299 5.260055 5.250827 5.235009 5.208607 5.165723 5.097987 4.994025 4.839158 4.615572 4.303323 3.882555 3.337188 2.659967 1.857985 0.956746 0.000000 
50.000000 43.355727 36.925447 30.902492 25.442196 20.650453 16.579467 13.230540 10.562477 8.503428 6.963767 5.847960 5.064015 4.529881 4.176840 3.950395 3.809397 3.724137 3.674052 3.645457 3.629584 3.621015 3.616513 3.614209 3.613059 3.612495 3.612214 3.612054 3.611918 3.611729 3.611388 3.610743 3.609527 3.607286 3.603259 3.596208 3.584194 3.564276 3.532168 3.481883 3.405441 3.292774 3.132007 2.910319 2.615576 2.238775 1.777091 1.236853 0.635326 0.000000 
50.000000 43.183405 36.586358 30.407209 24.805324 19.889343 15.712823 12.277095 9.539893 7.427499 5.847960 4.703261 3.899024 3.351069 2.988895 2.756596 2.611953 2.524491 2.473112 2.443779 2.427497 2.418707 2.414089 2.411726 2.410548 2.409971 2.409688 2.409534 2.409418 2.409269 2.409012 2.408530 2.407627 2.405971 2.403007 2.397846 2.389101 2.374693 2.351630 2.315792 2.261776 2.182907 2.071504 1.919533 1.719725 1.467121 1.160866 0.805784 0.413147 0.000000 
50.000000 43.062326 36.348103 30.059210 24.357844 19.354575 15.103911 11.607203 8.821431 6.671565 5.064015 3.899024 3.080535 2.522874 2.154288 1.917877 1.770676 1.681668 1.629381 1.599530 1.582961 1.574016 1.569317 1.566913 1.565714 1.565130 1.564845 1.564698 1.564597 1.564483 1.564295 1.563949 1.563305 1.562130 1.560036 1.556406 1.550288 1.540267 1.524331 1.499739 1.462959 1.409697 1.335122 1.234318 1.103009 0.938511 0.740750 0.513106 0.262719 0.000000 
50.000000 42.979823 36.185758 29.822087 24.052938 18.990196 14.689016 11.150763 8.331904 6.156511 4.529881 3.351069 2.522874 1.958603 1.585651 1.346441 1.197499 1.107438 1.054533 1.024330 1.007565 0.998514 0.993760 0.991328 0.990116 0.989526 0.989241 0.989099 0.989011 0.988924 0.988791 0.988551 0.988110 0.987306 0.985882 0.983424 0.979302 0.972586 0.961968 0.945687 0.921503 0.886734 0.838421 0.773623 0.689872 0.585736 0.461395 0.319081 0.163199 0.000000 
50.000000 42.925287 36.078445 29.665346 23.851393 18.749342 14.414774 10.849064 8.008338 5.816077 4.176840 2.988895 2.154288 1.585651 1.209815 0.968757 0.818663 0.727908 0.674595 0.644159 0.627265 0.618145 0.613354 0.610904 0.609683 0.609089 0.608805 0.608666 0.608588 0.608521 0.608429 0.608269 0.607976 0.607447 0.606513 0.604908 0.602227 0.597882 0.591049 0.580632 0.565250 0.543278 0.512946 0.472535 0.420646 0.356527 0.280393 0.193656 0.098965 0.000000 
50.000000 42.890303 36.009607 29.564802 23.722111 18.594846 14.238864 10.655545 7.800795 5.597717 3.950395 2.756596 1.917878 1.346442 0.968757 0.726514 0.575684 0.484482 0.430909 0.400323 0.383347 0.374182 0.369368 0.366906 0.365679 0.365084 0.364799 0.364664 0.364592 0.364540 0.364477 0.364373 0.364186 0.363849 0.363257 0.362244 0.360560 0.357842 0.353589 0.347137 0.337662 0.324203 0.305730 0.281257 0.250008 0.211594 0.166192 0.114662 0.058556 0.000000 
50.000000 42.868518 35.966741 29.502192 23.641605 18.498641 14.129325 10.535043 7.671563 5.461751 3.809397 2.611953 1.770677 1.197499 0.818664 0.575684 0.424395 0.332917 0.279181 0.248503 0.231475 0.222282 0.217454 0.214984 0.213755 0.213157 0.212874 0.212740 0.212673 0.212631 0.212588 0.212522 0.212405 0.212198 0.211836 0.211217 0.210193 0.208548 0.205983 0.202111 0.196453 0.188454 0.177529 0.163128 0.144826 0.122426 0.096053 0.066213 0.033795 0.000000 
50.000000 42.855344 35.940817 29.464329 23.592921 18.440464 14.063086 10.462174 7.593416 5.379534 3.724138 2.524492 1.681669 1.107439 0.727909 0.484483 0.332918 0.241272 0.187438 0.156704 0.139645 0.130436 0.125598 0.123125 0.121893 0.121295 0.121011 0.120879 0.120815 0.120780 0.120749 0.120708 0.120638 0.120514 0.120299 0.119934 0.119330 0.118365 0.116866 0.114612 0.111333 0.106716 0.100439 0.092200 0.081770 0.069053 0.054129 0.037286 0.019022 0.000000 
50.000000 42.847604 35.925588 29.442085 23.564320 18.406286 14.024173 10.419368 7.547510 5.331236 3.674055 2.473115 1.629384 1.054536 0.674598 0.430911 0.279183 0.187440 0.133548 0.102781 0.085704 0.076485 0.071642 0.069166 0.067933 0.067335 0.067051 0.066920 0.066858 0.066827 0.066804 0.066779 0.066737 0.066666 0.066542 0.066332 0.065988 0.065438 0.064588 0.063315 0.061468 0.058880 0.055373 0.050787 0.045002 0.037970 0.029741 0.020475 0.010441 0.000000 
50.000000 42.843185 35.916893 29.429386 23.547992 18.386774 14.001958 10.394930 7.521303 5.303665 3.645464 2.443786 1.599538 1.024337 0.644167 0.400331 0.248510 0.156711 0.102786 0.072000 0.054913 0.045688 0.040843 0.038365 0.037131 0.036533 0.036249 0.036118 0.036058 0.036029 0.036012 0.035995 0.035971 0.035931 0.035862 0.035745 0.035554 0.035250 0.034782 0.034083 0.033073 0.031661 0.029755 0.027270 0.024146 0.020358 0.015936 0.010965 0.005590 0.000000 
50.000000 42.840733 35.912068 29.422340 23.538932 18.375948 13.989632 10.381371 7.506762 5.288368 3.629602 2.427515 1.582979 1.007583 0.627284 0.383365 0.231493 0.139663 0.085720 0.054924 0.037831 0.028603 0.023756 0.021277 0.020043 0.019445 0.019161 0.019031 0.018971 0.018944 0.018929 0.018918 0.018904 0.018882 0.018844 0.018781 0.018678 0.018515 0.018264 0.017891 0.017353 0.016603 0.015594 0.014283 0.012638 0.010649 0.008331 0.005730 0.002920 0.000000 
50.000000 42.839412 35.909469 29.418543 23.534051 18.370115 13.982991 10.374067 7.498929 5.280127 3.621057 2.418749 1.574059 0.998558 0.618189 0.374226 0.222326 0.130479 0.076526 0.045725 0.028629 0.019399 0.014551 0.012072 0.010838 0.010239 0.009956 0.009825 0.009766 0.009740 0.009727 0.009719 0.009711 0.009698 0.009678 0.009645 0.009591 0.009506 0.009375 0.009180 0.008900 0.008512 0.007990 0.007314 0.006468 0.005447 0.004259 0.002928 0.001492 0.000000 
50.000000 42.838725 35.908116 29.416567 23.531510 18.367080 13.979535 10.370265 7.494852 5.275839 3.616610 2.414188 1.569417 0.993861 0.613456 0.369470 0.217556 0.125700 0.071742 0.040938 0.023840 0.014610 0.009761 0.007282 0.006048 0.005449 0.005166 0.005035 0.004976 0.004950 0.004938 0.004932 0.004927 0.004920 0.004909 0.004892 0.004864 0.004820 0.004752 0.004652 0.004509 0.004310 0.004044 0.003700 0.003270 0.002753 0.002152 0.001479 0.000753 0.000000 
50.000000 42.838388 35.907452 29.415598 23.530264 18.365591 13.977840 10.368401 7.492853 5.273736 3.614429 2.411951 1.567141 0.991558 0.611135 0.367138 0.215217 0.123357 0.069396 0.038591 0.021492 0.012261 0.007413 0.004933 0.003699 0.003100 0.002817 0.002686 0.002628 0.002602 0.002590 0.002585 0.002581 0.002577 0.002571 0.002562 0.002547 0.002523 0.002487 0.002434 0.002359 0.002254 0.002114 0.001933 0.001707 0.001437 0.001122 0.000771 0.000393 0.000000 
50.000000 42.838251 35.907184 29.415206 23.529760 18.364988 13.977154 10.367645 7.492043 5.272884 3.613546 2.411045 1.566219 0.990625 0.610195 0.366193 0.214269 0.122407 0.068446 0.037640 0.020541 0.011310 0.006461 0.003982 0.002747 0.002149 0.001866 0.001735 0.001676 0.001650 0.001639 0.001634 0.001631 0.001628 0.001624 0.001618 0.001608 0.001593 0.001570 0.001537 0.001488 0.001422 0.001333 0.001218 0.001076 0.000905 0.000707 0.000485 0.000247 0.000000 
50.000000 42.838251 35.907184 29.415206 23.529760 18.364988 13.977154 10.367645 7.492043 5.272884 3.613546 2.411045 1.566219 0.990625 0.610195 0.366193 0.214269 0.122407 0.068446 0.037640 0.020541 0.011310 0.006461 0.003982 0.002747 0.002149 0.001866 0.001735 0.001676 0.001650 0.001639 0.001634 0.001631 0.001628 0.001624 0.001618 0.001608 0.001593 0.001570 0.001537 0.001488 0.001422 0.001333 0.001218 0.001076 0.000905 0.000707 0.000485 0.000247 0.000000 
50.000000 42.838388 35.907452 29.415598 23.530264 18.365591 13.977840 10.368401 7.492853 5.273736 3.614429 2.411951 1.567141 0.991558 0.611135 0.367138 0.215217 0.123357 0.069396 0.038591 0.021492 0.012261 0.007413 0.004933 0.003699 0.003100 0.002817 0.002686 0.002628 0.002602 0.002590 0.002585 0.002581 0.002577 0.002571 0.002562 0.002547 0.002523 0.002487 0.002434 0.002359 0.002254 0.002114 0.001933 0.001707 0.001437 0.001122 0.000771 0.000393 0.000000 
50.000000 42.838725 35.908116 29.416567 23.531510 18.367080 13.979535 10.370265 7.494852 5.275839 3.616610 2.414188 1.569417 0.993861 0.613456 0.369470 0.217556 0.125700 0.071742 0.040938 0.023840 0.014610 0.009761 0.007282 0.006048 0.005449 0.005166 0.005035 0.004976 0.004950 0.004938 0.004932 0.004927 0.004920 0.004909 0.004892 0.004864 0.004820 0.004752 0.004652 0.004509 0.004310 0.004044 0.003700 0.003270 0.002753 0.002152 0.001479 0.000753 0.000000 
50.000000 42.839412 35.909469 29.418543 23.534051 18.370115 13.982991 10.374067 7.498929 5.280127 3.621057 2.418749 1.574059 0.998558 0.618189 0.374226 0.222326 0.130479 0.076526 0.045725 0.028629 0.019399 0.014551 0.012072 0.010838 0.010239 0.009956 0.009825 0.009766 0.009740 0.009727 0.009719 0.009711 0.009698 0.009678 0.009645 0.009591 0.009506 0.009375 0.009180 0.008900 0.008512 0.007990 0.007314 0.006468 0.005447 0.004259 0.002928 0.001492 0.000000 
50.000000 42.840733 35.912068 29.422340 23.538932 18.375948 13.989632 10.381371 7.506762 5.288368 3.629602 2.427515 1.582979 1.007583 0.627284 0.383365 0.231493 0.139663 0.085720 0.054924 0.037831 0.028603 0.023756 0.021277 0.020043 0.019445 0.019161 0.019031 0.018971 0.018944 0.018929 0.018918 0.018904 0.018882 0.018844 0.018781 0.018678 0.018515 0.018264 0.017891 0.017353 0.016603 0.015594 0.014283 0.012638 0.010649 0.008331 0.005730 0.002920 0.000000 
50.000000 42.843185 35.916893 29.429386 23.547992 18.386774 14.001958 10.394930 7.521303 5.303665 3.645464 2.443786 1.599538 1.024337 0.644167 0.400331 0.248510 0.156711 0.102786 0.072000 0.054913 0.045688 0.040843 0.038365 0.037131 0.036533 0.036249 0.036118 0.036058 0.036029 0.036012 0.035995 0.035971 0.035931 0.035862 0.035745 0.035554 0.035250 0.034782 0.034083 0.033073 0.031661 0.029755 0.027270 0.024146 0.020358 0.015936 0.010965 0.005590 0.000000 
50.000000 42.847604 35.925588 29.442085 23.564320 18.406286 14.024173 10.419368 7.547510 5.331236 3.674055 2.473115 1.629384 1.054536 0.674598 0.430911 0.279183 0.187440 0.133548 0.102781 0.085704 0.076485 0.071642 0.069166 0.067933 0.067335 0.067051 0.066920 0.066858 0.066827 0.066804 0.066779 0.066737 0.066666 0.066542 0.066332 0.065988 0.065438 0.064588 0.063315 0.061468 0.058880 0.055373 0.050787 0.045002 0.037970 0.029741 0.020475 0.010441 0.000000 
50.000000 42.855344 35.940817 29.464329 23.592921 18.440464 14.063086 10.462174 7.593416 5.379534 3.724138 2.524492 1.681669 1.107439 0.727909 0.484483 0.332918 0.241272 0.187438 0.156704 0.139645 0.130436 0.125598 0.123125 0.121893 0.121295 0.121011 0.120879 0.120815 0.120780 0.120749 0.120708 0.120638 0.120514 0.120299 0.119934 0.119330 0.118365 0.116866 0.114612 0.111333 0.106716 0.100439 0.092200 0.081770 0.069053 0.054129 0.037286 0.019022 0.000000 
50.000000 42.868518 35.966741 29.502192 23.641605 18.498641 14.129325 10.535043 7.671563 5.461751 3.809397 2.611953 1.770677 1.197499 0.818664 0.575684 0.424395 0.332917 0.279181 0.248503 0.231475 0.222282 0.217454 0.214984 0.213755 0.213157 0.212874 0.212740 0.212673 0.212631 0.212588 0.212522 0.212405 0.212198 0.211836 0.211217 0.210193 0.208548 0.205983 0.202111 0.196453 0.188454 0.177529 0.163128 0.144826 0.122426 0.096053 0.066213 0.033795 0.000000 
50.000000 42.890303 36.009607 29.564802 23.722111 18.594846 14.238864 10.655545 7.800795 5.597717 3.950395 2.756596 1.917878 1.346442 0.968757 0.726514 0.575684 0.484482 0.430909 0.400323 0.383347 0.374182 0.369368 0.366906 0.365679 0.365084 0.364799 0.364664 0.364592 0.364540 0.364477 0.364373 0.364186 0.363849 0.363257 0.362244 0.360560 0.357842 0.353589 0.347137 0.337662 0.324203 0.305730 0.281257 0.250008 0.211594 0.166192 0.114662 0.058556 0.000000 
50.000000 42.925287 36.078445 29.665346 23.851393 18.749342 14.414774 10.849064 8.008338 5.816077 4.176840 2.988895 2.154288 1.585651 1.209815 0.968757 0.818663 0.727908 0.674595 0.644159 0.627265 0.618145 0.613354 0.610904 0.609683 0.609089 0.608805 0.608666 0.608588 0.608521 0.608429 0.608269 0.607976 0.607447 0.606513 0.604908 0.602227 0.597882 0.591049 0.580632 0.565250 0.543278 0.512946 0.472535 0.420646 0.356527 0.280393 0.193656 0.098965 0.000000 
50.000000 42.979823 36.185758 29.822087 24.052938 18.990196 14.689016 11.150763 8.331904 6.156511 4.529881 3.351069 2.522874 1.958603 1.585651 1.346441 1.197499 1.107438 1.054533 1.024330 1.007565 0.998514 0.993760 0.991328 0.990116 0.989526 0.989241 0.989099 0.989011 0.988924 0.988791 0.988551 0.988110 0.987306 0.985882 0.983424 0.979302 0.972586 0.961968 0.945687 0.921503 0.886734 0.838421 0.773623 0.689872 0.585736 0.461395 0.319081 0.163199 0.000000 
50.000000 43.062326 36.348103 30.059210 24.357844 19.354575 15.103911 11.607203 8.821431 6.671565 5.064015 3.899024 3.080535 2.522874 2.154288 1.917877 1.770676 1.681668 1.629381 1.599530 1.582961 1.574016 1.569317 1.566913 1.565714 1.565130 1.564845 1.564698 1.564597 1.564483 1.564295 1.563949 1.563305 1.562130 1.560036 1.556406 1.550288 1.540267 1.524331 1.499739 1.462959 1.409697 1.335122 1.234318 1.103009 0.938511 0.740750 0.513106 0.262719 0.000000 
50.000000 43.183405 36.586358 30.407209 24.805324 19.889343 15.712823 12.277095 9.539893 7.427499 5.847960 4.703261 3.899024 3.351069 2.988895 2.756596 2.611953 2.524491 2.473112 2.443779 2.427497 2.418707 2.414089 2.411726 2.410548 2.409971 2.409688 2.409534 2.409418 2.409269 2.409012 2.408530 2.407627 2.405971 2.403007 2.397846 2.389101 2.374693 2.351630 2.315792 2.261776 2.182907 2.071504 1.919533 1.719725 1.467121 1.160866 0.805784 0.413147 0.000000 
50.000000 43.355727 36.925447 30.902492 25.442196 20.650453 16.579467 13.230540 10.562477 8.503428 6.963767 5.847960 5.064015 4.529881 4.176840 3.950395 3.809397 3.724137 3.674052 3.645457 3.629584 3.621015 3.616513 3.614209 3.613059 3.612495 3.612214 3.612054 3.611918 3.611729 3.611388 3.610743 3.609527 3.607286 3.603259 3.596208 3.584194 3.564276 3.532168 3.481883 3.405441 3.292774 3.132007 2.910319 2.615576 2.238775 1.777091 1.236853 0.635326 0.000000 
50.000000 43.593491 37.393311 31.585871 26.320943 21.700631 17.775273 14.546128 11.973479 9.988050 8.503428 7.427499 6.671565 6.156511 5.816077 5.597717 5.461751 5.379533 5.331234 5.303658 5.288351 5.280087 5.275745 5.273523 5.272413 5.271866 5.271590 5.271423 5.271267 5.271032 5.270599 5.269771 5.268202 5.265299 5.260055 5.250827 5.235009 5.208607 5.165723 5.097987 4.994025 4.839158 4.615572 4.303323 3.882555 3.337188 2.659967 1.857985 0.956746 0.000000 
50.000000 43.911442 38.018967 32.499730 27.496068 23.105017 19.374418 16.305472 13.860436 11.973479 10.562477 9.539893 8.821431 8.331904 8.008338 7.800795 7.671562 7.593415 7.547507 7.521296 7.506746 7.498891 7.494763 7.492650 7.491594 7.491071 7.490803 7.490632 7.490456 7.490175 7.489648 7.488633 7.486701 7.483109 7.476592 7.465060 7.445170 7.411735 7.356986 7.269703 7.134320 6.930218 6.631556 6.208185 5.628340 4.863833 3.898083 2.736167 1.413860 0.000000 
50.000000 44.323410 38.829631 33.683826 29.018697 24.924715 21.446487 18.585133 16.305472 14.546128 13.230540 12.277095 11.607203 11.150763 10.849064 10.655544 10.535042 10.462173 10.419365 10.394924 10.381356 10.374030 10.370181 10.368210 10.367224 10.366734 10.366477 10.366304 10.366112 10.365792 10.365181 10.363997 10.361736 10.357514 10.349815 10.336118 10.312342 10.272081 10.205591 10.098533 9.930556 9.673916 9.292567 8.742444 7.974100 6.939224 5.602601 3.959748 2.056545 0.000000 
50.000000 44.840484 39.847121 35.170026 30.929811 27.208707 24.047258 21.446487 19.374418 17.775273 16.579467 15.712823 15.103911 14.689016 14.414774 14.238864 14.129325 14.063085 14.024171 14.001952 13.989618 13.982958 13.979458 13.977666 13.976768 13.976320 13.976081 13.975911 13.975710 13.975363 13.974693 13.973389 13.970887 13.966197 13.957606 13.942239 13.915392 13.869593 13.793289 13.669148 13.471950 13.166233 12.704042 12.023629 11.050685 9.704847 7.915454 5.650505 2.957675 0.000000 
50.000000 45.469015 41.083939 36.976594 33.252901 29.985069 27.208707 24.924715 23.105017 21.700631 20.650453 19.889343 19.354575 18.990196 18.749342 18.594846 18.498641 18.440463 18.406284 18.386769 18.375936 18.370086 18.367012 18.365438 18.364648 18.364252 18.364037 18.363877 18.363676 18.363322 18.362634 18.361286 18.358694 18.353815 18.344838 18.328696 18.300324 18.251566 18.169619 18.034876 17.818076 17.476677 16.950615 16.158022 14.992535 13.326000 11.024232 7.988471 4.235110 0.000000 
50.000000 46.208799 42.539681 39.102944 35.987210 33.252901 30.929811 29.018697 27.496068 26.320943 25.442196 24.805324 24.357844 24.052938 23.851393 23.722110 23.641605 23.592921 23.564319 23.547988 23.538922 23.534026 23.531453 23.530135 23.529474 23.529141 23.528957 23.528814 23.528628 23.528293 23.527638 23.526352 23.523869 23.519179 23.510517 23.494866 23.467202 23.419333 23.338203 23.203420 22.983755 22.632235 22.079473 21.224964 19.926901 17.993605 15.186785 11.262961 6.105546 0.000000 
50.000000 47.051775 44.198486 41.525903 39.102944 36.976594 35.170026 33.683826 32.499730 31.585871 30.902492 30.407209 30.059210 29.822087 29.665346 29.564802 29.502191 29.464329 29.442084 29.429383 29.422332 29.418524 29.416523 29.415497 29.414982 29.414722 29.414576 29.414460 29.414303 29.414017 29.413454 29.412345 29.410201 29.406139 29.398610 29.384953 29.360692 29.318460 29.246343 29.125401 28.925904 28.601647 28.081225 27.254571 25.952362 23.916159 20.762952 15.974104 9.027306 0.000000 
50.000000 47.981596 46.028184 44.198486 42.539681 41.083939 39.847121 38.829631 38.018967 37.393311 36.925447 36.586358 36.348103 36.185758 36.078445 36.009607 35.966740 35.940817 35.925587 35.916890 35.912063 35.909456 35.908085 35.907383 35.907030 35.906851 35.906750 35.906668 35.906553 35.906344 35.905930 35.905114 35.903531 35.900528 35.894946 35.884789 35.866677 35.834997 35.780574 35.688594 35.535326 35.282800 34.869883 34.196616 33.095468 31.276720 28.224382 23.014092 14.116418 0.000000 
50.000000 48.974284 47.981596 47.051775 46.208799 45.469015 44.840484 44.323410 43.911442 43.593491 43.355727 43.183405 43.062326 42.979823 42.925287 42.890303 42.868518 42.855344 42.847604 42.843184 42.840731 42.839406 42.838709 42.838352 42.838173 42.838082 42.838030 42.837987 42.837927 42.837816 42.837597 42.837163 42.836322 42.834723 42.831748 42.826322 42.816623 42.799607 42.770258 42.720401 42.636745 42.497582 42.266866 41.882808 41.233905 40.103253 38.024469 33.865178 24.487142 0.000000 
50.000000 50.000000 50.000000 50.000000 50.000000 50.000000 50.000000 50.000000 50.000000 50.000000 50.000000 50.000000 50.000000 50.000000 50.000000 50.000000 50.000000 50.000000 50.000000 50.000000 50.000000 50.000000 50.000000 50.000000 50.000000 50.000000 50.000000 50.000000 50.000000 50.000000 50.000000 50.000000 50.000000 50.000000 50.000000 50.000000 50.000000 50.000000 50.000000 50.000000 50.000000 50.000000 50.000000 50.000000 50.000000 50.000000 50.000000 50.000000 50.000000 50.000000 
