50.000000 50.000000 50.000000 50.000000 50.000000 50.000000 50.000000 50.000000 50.000000 50.000000 50.000000 50.000000 50.000000 50.000000 50.000000 50.000000 50.000000 50.000000 50.000000 50.000000 50.000000 50.000000 50.000000 50.000000 50.000000 50.000000 50.000000 50.000000 50.000000 50.000000 50.000000 50.000000 50.000000 50.000000 50.000000 50.000000 50.000000 50.000000 50.000000 50.000000 50.000000 50.000000 50.000000 50.000000 50.000000 50.000000 50.000000 50.000000 50.000000 50.000000 
50.000000 48.360476 46.805291 45.405786 44.210641 43.241684 42.495469 41.949224 41.568859 41.316701 41.157411 41.061432 41.006217 40.975859 40.959889 40.951844 40.947958 40.946157 40.945355 40.945011 40.944870 40.944813 40.944792 40.944784 40.944781 40.944780 40.944779 40.944779 40.944778 40.944775 40.944766 40.944743 40.944683 40.944536 40.944179 40.943347 40.941466 40.937347 40.928603 40.910578 40.874426 40.803659 40.667837 40.410512 39.924356 38.994478 37.153443 33.264200 24.180238 0.000000 
50.000000 46.805291 43.774925 41.047919 38.719129 36.831087 35.377073 34.312714 33.571578 33.080260 32.769891 32.582885 32.475305 32.416156 32.385043 32.369368 32.361797 32.358288 32.356725 32.356056 32.355780 32.355670 32.355628 32.355613 32.355607 32.355605 32.355604 32.355604 32.355601 32.355596 32.355580 32.355538 32.355430 32.355161 32.354514 32.353006 32.349608 32.342191 32.326508 32.294353 32.230325 32.106233 31.871444 31.435990 30.640151 29.197961 26.591440 21.887463 13.541091 0.000000 
50.000000 45.405786 41.047919 37.126320 33.777403 31.062328 28.971424 27.440874 26.375135 25.668639 25.222351 24.953454 24.798768 24.713722 24.668987 24.646450 24.635566 24.630520 24.628274 24.627311 24.626915 24.626757 24.626697 24.626675 24.626667 24.626664 24.626663 24.626662 24.626659 24.626651 24.626631 24.626577 24.626438 24.626094 24.625267 24.623347 24.619037 24.609675 24.590001 24.549981 24.471109 24.320339 24.040385 23.534602 22.644136 21.115563 18.563160 14.456479 8.252343 0.000000 
50.000000 44.210641 38.719129 33.777403 29.557367 26.136087 23.501365 21.572771 20.229893 19.339698 18.777381 18.438584 18.243692 18.136544 18.080184 18.051793 18.038080 18.031725 18.028895 18.027683 18.027183 18.026985 18.026909 18.026881 18.026871 18.026867 18.026866 18.026864 18.026861 18.026853 18.026831 18.026773 18.026624 18.026255 18.025373 18.023333 18.018773 18.008930 17.988401 17.947031 17.866470 17.714832 17.438892 16.953484 16.128748 14.778684 12.661840 9.521167 5.216163 0.000000 
50.000000 43.241684 36.831087 31.062328 26.136087 22.142321 19.066778 16.815547 15.248053 14.208983 13.552644 13.157209 12.929744 12.804691 12.738917 12.705783 12.689782 12.682365 12.679063 12.677649 12.677066 12.676835 12.676746 12.676713 12.676702 12.676697 12.676696 12.676694 12.676692 12.676684 12.676663 12.676607 12.676466 12.676117 12.675286 12.673372 12.669120 12.660001 12.641138 12.603506 12.531136 12.397028 12.157746 11.747168 11.071160 10.007339 8.418192 6.190935 3.317328 0.000000 
50.000000 42.495469 35.377073 28.971424 23.501365 19.066778 15.651820 13.152194 11.411784 10.258120 9.529416 9.090396 8.837867 8.699041 8.626024 8.589243 8.571481 8.563249 8.559584 8.558015 8.557368 8.557111 8.557013 8.556976 8.556963 8.556959 8.556957 8.556956 8.556953 8.556946 8.556928 8.556880 8.556759 8.556460 8.555750 8.554125 8.550534 8.542888 8.527204 8.496230 8.437389 8.329971 8.141767 7.825910 7.319610 6.547881 5.436823 3.941082 2.084957 0.000000 
50.000000 41.949224 34.312714 27.440874 21.572771 16.815547 13.152194 10.470800 8.603872 7.366372 6.584734 6.113836 5.842980 5.694082 5.615771 5.576326 5.557277 5.548449 5.544519 5.542836 5.542142 5.541867 5.541761 5.541723 5.541709 5.541704 5.541702 5.541701 5.541699 5.541693 5.541679 5.541641 5.541545 5.541309 5.540752 5.539483 5.536696 5.530802 5.518812 5.495365 5.451335 5.372055 5.235400 5.010427 4.657801 4.133879 3.400489 2.441271 1.281387 0.000000 
50.000000 41.568859 33.571578 26.375135 20.229893 15.248053 11.411784 8.603872 6.648891 5.353053 4.534586 4.041514 3.757910 3.602010 3.520018 3.478720 3.458778 3.449536 3.445421 3.443660 3.442934 3.442645 3.442535 3.442494 3.442480 3.442475 3.442473 3.442472 3.442470 3.442466 3.442455 3.442427 3.442357 3.442184 3.441779 3.440859 3.438850 3.434632 3.426116 3.409616 3.378961 3.324445 3.231817 3.081813 2.851025 2.515061 2.054796 1.465346 0.765200 0.000000 
50.000000 41.316701 33.080260 25.668639 19.339698 14.208983 10.258120 7.366372 5.353053 4.018570 3.175711 2.667955 2.375913 2.215377 2.130950 2.088426 2.067893 2.058377 2.054141 2.052327 2.051579 2.051283 2.051169 2.051127 2.051112 2.051107 2.051105 2.051104 2.051103 2.051100 2.051093 2.051074 2.051025 2.050907 2.050631 2.050007 2.048654 2.045829 2.040169 2.029294 2.009285 1.974092 1.915037 1.820731 1.677848 1.473227 1.197530 0.849935 0.442275 0.000000 
50.000000 41.157411 32.769891 25.222351 18.777381 13.552644 9.529416 6.584734 4.534586 3.175711 2.317459 1.800438 1.503073 1.339614 1.253652 1.210356 1.189449 1.179761 1.175448 1.173602 1.172841 1.172539 1.172423 1.172380 1.172365 1.172360 1.172358 1.172357 1.172356 1.172354 1.172350 1.172337 1.172306 1.172230 1.172053 1.171656 1.170799 1.169020 1.165480 1.158729 1.146417 1.124970 1.089369 1.033186 0.949137 0.830349 0.672369 0.475538 0.246832 0.000000 
50.000000 41.061432 32.582885 24.953454 18.438584 13.157209 9.090396 6.113836 4.041514 2.667955 1.800438 1.277843 0.977275 0.812059 0.725173 0.681413 0.660283 0.650491 0.646132 0.644266 0.643497 0.643191 0.643075 0.643031 0.643016 0.643011 0.643009 0.643008 0.643008 0.643006 0.643003 0.642996 0.642977 0.642931 0.642824 0.642585 0.642073 0.641014 0.638922 0.634959 0.627786 0.615397 0.595024 0.563192 0.516071 0.450182 0.363453 0.256377 0.132829 0.000000 
50.000000 41.006217 32.475305 24.798768 18.243692 12.929744 8.837867 5.842980 3.757910 2.375913 1.503073 0.977275 0.674868 0.508643 0.421227 0.377200 0.355942 0.346091 0.341705 0.339828 0.339054 0.338747 0.338630 0.338586 0.338571 0.338565 0.338563 0.338563 0.338562 0.338562 0.338560 0.338556 0.338545 0.338518 0.338457 0.338321 0.338031 0.337434 0.336261 0.334053 0.330083 0.323279 0.312177 0.294979 0.269743 0.234761 0.189094 0.133115 0.068870 0.000000 
50.000000 40.975859 32.416156 24.713722 18.136544 12.804691 8.699041 5.694082 3.602010 2.215377 1.339614 0.812059 0.508643 0.341863 0.254157 0.209984 0.188655 0.178772 0.174372 0.172488 0.171712 0.171404 0.171286 0.171242 0.171227 0.171221 0.171220 0.171219 0.171219 0.171218 0.171217 0.171215 0.171209 0.171195 0.171161 0.171088 0.170932 0.170612 0.169986 0.168815 0.166723 0.163160 0.157386 0.148507 0.135572 0.117770 0.094685 0.066549 0.034393 0.000000 
50.000000 40.959889 32.385043 24.668987 18.080184 12.738917 8.626024 5.615771 3.520018 2.130950 1.253652 0.725173 0.421227 0.254157 0.166298 0.122049 0.100683 0.090782 0.086375 0.084488 0.083711 0.083402 0.083284 0.083240 0.083225 0.083219 0.083217 0.083217 0.083217 0.083216 0.083216 0.083215 0.083211 0.083204 0.083187 0.083149 0.083069 0.082906 0.082588 0.081995 0.080943 0.079160 0.076288 0.071899 0.065545 0.056851 0.045639 0.032036 0.016543 0.000000 
50.000000 40.951844 32.369368 24.646450 18.051793 12.705783 8.589243 5.576326 3.478720 2.088426 1.210356 0.681413 0.377200 0.209984 0.122049 0.077761 0.056377 0.046467 0.042056 0.040168 0.039390 0.039081 0.038962 0.038919 0.038903 0.038898 0.038896 0.038895 0.038895 0.038895 0.038895 0.038894 0.038893 0.038889 0.038880 0.038862 0.038823 0.038743 0.038589 0.038302 0.037796 0.036942 0.035574 0.033494 0.030498 0.026420 0.021183 0.014854 0.007665 0.000000 
50.000000 40.947958 32.361797 24.635566 18.038080 12.689782 8.571481 5.557277 3.458778 2.067893 1.189449 0.660283 0.355942 0.188655 0.100683 0.056377 0.034984 0.025070 0.020657 0.018768 0.017989 0.017680 0.017562 0.017518 0.017503 0.017497 0.017496 0.017495 0.017495 0.017495 0.017495 0.017494 0.017494 0.017492 0.017488 0.017479 0.017461 0.017424 0.017352 0.017219 0.016986 0.016594 0.015968 0.015022 0.013665 0.011825 0.009472 0.006636 0.003423 0.000000 
50.000000 40.946157 32.358288 24.630520 18.031725 12.682365 8.563249 5.548449 3.449536 2.058377 1.179761 0.650491 0.346091 0.178772 0.090782 0.046467 0.025070 0.015155 0.010741 0.008852 0.008073 0.007764 0.007645 0.007602 0.007586 0.007581 0.007579 0.007578 0.007578 0.007578 0.007578 0.007578 0.007577 0.007577 0.007575 0.007571 0.007563 0.007546 0.007514 0.007455 0.007352 0.007179 0.006905 0.006491 0.005899 0.005101 0.004082 0.002858 0.001473 0.000000 
50.000000 40.945355 32.356725 24.628274 18.028895 12.679063 8.559584 5.544519 3.445421 2.054141 1.175448 0.646132 0.341705 0.174372 0.086375 0.042056 0.020657 0.010741 0.006327 0.004437 0.003658 0.003349 0.003231 0.003187 0.003172 0.003166 0.003164 0.003164 0.003164 0.003163 0.003163 0.003163 0.003163 0.003163 0.003162 0.003160 0.003157 0.003150 0.003136 0.003111 0.003067 0.002994 0.002878 0.002704 0.002456 0.002122 0.001697 0.001187 0.000612 0.000000 
50.000000 40.945011 32.356056 24.627311 18.027683 12.677649 8.558015 5.542836 3.443660 2.052327 1.173602 0.644266 0.339828 0.172488 0.084488 0.040168 0.018768 0.008852 0.004437 0.002547 0.001769 0.001459 0.001341 0.001297 0.001282 0.001276 0.001275 0.001274 0.001274 0.001274 0.001274 0.001274 0.001274 0.001273 0.001273 0.001272 0.001271 0.001268 0.001262 0.001252 0.001234 0.001204 0.001157 0.001087 0.000986 0.000852 0.000681 0.000476 0.000245 0.000000 
50.000000 40.944870 32.355780 24.626915 18.027183 12.677066 8.557368 5.542142 3.442934 2.051580 1.172841 0.643497 0.339054 0.171712 0.083711 0.039390 0.017990 0.008073 0.003658 0.001769 0.000990 0.000681 0.000562 0.000519 0.000503 0.000498 0.000496 0.000495 0.000495 0.000495 0.000495 0.000495 0.000495 0.000495 0.000495 0.000494 0.000494 0.000493 0.000490 0.000486 0.000479 0.000468 0.000449 0.000422 0.000382 0.000330 0.000264 0.000184 0.000095 0.000000 
50.000000 40.944813 32.355670 24.626757 18.026985 12.676835 8.557111 5.541867 3.442645 2.051283 1.172539 0.643192 0.338747 0.171404 0.083402 0.039081 0.017681 0.007764 0.003349 0.001460 0.000681 0.000372 0.000253 0.000210 0.000194 0.000189 0.000187 0.000186 0.000186 0.000186 0.000186 0.000186 0.000186 0.000186 0.000186 0.000186 0.000185 0.000185 0.000184 0.000183 0.000180 0.000175 0.000168 0.000158 0.000143 0.000124 0.000099 0.000069 0.000036 0.000000 
50.000000 40.944792 32.355629 24.626697 18.026909 12.676746 8.557013 5.541762 3.442535 2.051169 1.172423 0.643075 0.338630 0.171286 0.083284 0.038963 0.017562 0.007646 0.003231 0.001341 0.000563 0.000253 0.000135 0.000091 0.000076 0.000070 0.000069 0.000068 0.000068 0.000068 0.000068 0.000068 0.000068 0.000068 0.000068 0.000068 0.000068 0.000067 0.000067 0.000066 0.000065 0.000064 0.000061 0.000057 0.000052 0.000045 0.000036 0.000025 0.000013 0.000000 
50.000000 40.944784 32.355613 24.626675 18.026882 12.676714 8.556977 5.541723 3.442495 2.051128 1.172381 0.643032 0.338587 0.171243 0.083241 0.038920 0.017519 0.007603 0.003188 0.001298 0.000519 0.000210 0.000092 0.000048 0.000033 0.000027 0.000025 0.000025 0.000025 0.000025 0.000025 0.000025 0.000024 0.000024 0.000024 0.000024 0.000024 0.000024 0.000024 0.000024 0.000024 0.000023 0.000022 0.000021 0.000019 0.000016 0.000013 0.000009 0.000005 0.000000 
50.000000 40.944781 32.355608 24.626668 18.026873 12.676704 8.556965 5.541711 3.442482 2.051115 1.172368 0.643019 0.338573 0.171229 0.083227 0.038906 0.017505 0.007589 0.003174 0.001284 0.000506 0.000196 0.000078 0.000034 0.000019 0.000013 0.000012 0.000011 0.000011 0.000011 0.000011 0.000011 0.000011 0.000011 0.000011 0.000011 0.000011 0.000011 0.000011 0.000010 0.000010 0.000010 0.000010 0.000009 0.000008 0.000007 0.000006 0.000004 0.000002 0.000000 
50.000000 40.944781 32.355608 24.626668 18.026873 12.676704 8.556965 5.541711 3.442482 2.051115 1.172368 0.643019 0.338573 0.171229 0.083227 0.038906 0.017505 0.007589 0.003174 0.001284 0.000506 0.000196 0.000078 0.000034 0.000019 0.000013 0.000012 0.000011 0.000011 0.000011 0.000011 0.000011 0.000011 0.000011 0.000011 0.000011 0.000011 0.000011 0.000011 0.000010 0.000010 0.000010 0.000010 0.000009 0.000008 0.000007 0.000006 0.000004 0.000002 0.000000 
50.000000 40.944784 32.355613 24.626675 18.026882 12.676714 8.556977 5.541723 3.442495 2.051128 1.172381 0.643032 0.338587 0.171243 0.083241 0.038920 0.017519 0.007603 0.003188 0.001298 0.000519 0.000210 0.000092 0.000048 0.000033 0.000027 0.000025 0.000025 0.000025 0.000025 0.000025 0.000025 0.000024 0.000024 0.000024 0.000024 0.000024 0.000024 0.000024 0.000024 0.000024 0.000023 0.000022 0.000021 0.000019 0.000016 0.000013 0.000009 0.000005 0.000000 
50.000000 40.944792 32.355629 24.626697 18.026909 12.676746 8.557013 5.541762 3.442535 2.051169 1.172423 0.643075 0.338630 0.171286 0.083284 0.038963 0.017562 0.007646 0.003231 0.001341 0.000563 0.000253 0.000135 0.000091 0.000076 0.000070 0.000069 0.000068 0.000068 0.000068 0.000068 0.000068 0.000068 0.000068 0.000068 0.000068 0.000068 0.000067 0.000067 0.000066 0.000065 0.000064 0.000061 0.000057 0.000052 0.000045 0.000036 0.000025 0.000013 0.000000 
50.000000 40.944813 32.355670 24.626757 18.026985 12.676835 8.557111 5.541867 3.442645 2.051283 1.172539 0.643192 0.338747 0.171404 0.083402 0.039081 0.017681 0.007764 0.003349 0.001460 0.000681 0.000372 0.000253 0.000210 0.000194 0.000189 0.000187 0.000186 0.000186 0.000186 0.000186 0.000186 0.000186 0.000186 0.000186 0.000186 0.000185 0.000185 0.000184 0.000183 0.000180 0.000175 0.000168 0.000158 0.000143 0.000124 0.000099 0.000069 0.000036 0.000000 
50.000000 40.944870 32.355780 24.626915 18.027183 12.677066 8.557368 5.542142 3.442934 2.051580 1.172841 0.643497 0.339054 0.171712 0.083711 0.039390 0.017990 0.008073 0.003658 0.001769 0.000990 0.000681 0.000562 0.000519 0.000503 0.000498 0.000496 0.000495 0.000495 0.000495 0.000495 0.000495 0.000495 0.000495 0.000495 0.000494 0.000494 0.000493 0.000490 0.000486 0.000479 0.000468 0.000449 0.000422 0.000382 0.000330 0.000264 0.000184 0.000095 0.000000 
50.000000 40.945011 32.356056 24.627311 18.027683 12.677649 8.558015 5.542836 3.443660 2.052327 1.173602 0.644266 0.339828 0.172488 0.084488 0.040168 0.018768 0.008852 0.004437 0.002547 0.001769 0.001459 0.001341 0.001297 0.001282 0.001276 0.001275 0.001274 0.001274 0.001274 0.001274 0.001274 0.001274 0.001273 0.001273 0.001272 0.001271 0.001268 0.001262 0.001252 0.001234 0.001204 0.001157 0.001087 0.000986 0.000852 0.000681 0.000476 0.000245 0.000000 
50.000000 40.945355 32.356725 24.628274 18.028895 12.679063 8.559584 5.544519 3.445421 2.054141 1.175448 0.646132 0.341705 0.174372 0.086375 0.042056 0.020657 0.010741 0.006327 0.004437 0.003658 0.003349 0.003231 0.003187 0.003172 0.003166 0.003164 0.003164 0.003164 0.003163 0.003163 0.003163 0.003163 0.003163 0.003162 0.003160 0.003157 0.003150 0.003136 0.003111 0.003067 0.002994 0.002878 0.002704 0.002456 0.002122 0.001697 0.001187 0.000612 0.000000 
50.000000 40.946157 32.358288 24.630520 18.031725 12.682365 8.563249 5.548449 3.449536 2.058377 1.179761 0.650491 0.346091 0.178772 0.090782 0.046467 0.025070 0.015155 0.010741 0.008852 0.008073 0.007764 0.007645 0.007602 0.007586 0.007581 0.007579 0.007578 0.007578 0.007578 0.007578 0.007578 0.007577 0.007577 0.007575 0.007571 0.007563 0.007546 0.007514 0.007455 0.007352 0.007179 0.006905 0.006491 0.005899 0.005101 0.004082 0.002858 0.001473 0.000000 
50.000000 40.947958 32.361797 24.635566 18.038080 12.689782 8.571481 5.557277 3.458778 2.067893 1.189449 0.660283 0.355942 0.188655 0.100683 0.056377 0.034984 0.025070 0.020657 0.018768 0.017989 0.017680 0.017562 0.017518 0.017503 0.017497 0.017496 0.017495 0.017495 0.017495 0.017495 0.017494 0.017494 0.017492 0.017488 0.017479 0.017461 0.017424 0.017352 0.017219 0.016986 0.016594 0.015968 0.015022 0.013665 0.011825 0.009472 0.006636 0.003423 0.000000 
50.000000 40.951844 32.369368 24.646450 18.051793 12.705783 8.589243 5.576326 3.478720 2.088426 1.210356 0.681413 0.377200 0.209984 0.122049 0.077761 0.056377 0.046467 0.042056 0.040168 0.039390 0.039081 0.038962 0.038919 0.038903 0.038898 0.038896 0.038895 0.038895 0.038895 0.038895 0.038894 0.038893 0.038889 0.038880 0.038862 0.038823 0.038743 0.038589 0.038302 0.037796 0.036942 0.035574 0.033494 0.030498 0.026420 0.021183 0.014854 0.007665 0.000000 
50.000000 40.959889 32.385043 24.668987 18.080184 12.738917 8.626024 5.615771 3.520018 2.130950 1.253652 0.725173 0.421227 0.254157 0.166298 0.122049 0.100683 0.090782 0.086375 0.084488 0.083711 0.083402 0.083284 0.083240 0.083225 0.083219 0.083217 0.083217 0.083217 0.083216 0.083216 0.083215 0.083211 0.083204 0.083187 0.083149 0.083069 0.082906 0.082588 0.081995 0.080943 0.079160 0.076288 0.071899 0.065545 0.056851 0.045639 0.032036 0.016543 0.000000 
50.000000 40.975859 32.416156 24.713722 18.136544 12.804691 8.699041 5.694082 3.602010 2.215377 1.339614 0.812059 0.508643 0.341863 0.254157 0.209984 0.188655 0.178772 0.174372 0.172488 0.171712 0.171404 0.171286 0.171242 0.171227 0.171221 0.171220 0.171219 0.171219 0.171218 0.171217 0.171215 0.171209 0.171195 0.171161 0.171088 0.170932 0.170612 0.169986 0.168815 0.166723 0.163160 0.157386 0.148507 0.135572 0.117770 0.094685 0.066549 0.034393 0.000000 
50.000000 41.006217 32.475305 24.798768 18.243692 12.929744 8.837867 5.842980 3.757910 2.375913 1.503073 0.977275 0.674868 0.508643 0.421227 0.377200 0.355942 0.346091 0.341705 0.339828 0.339054 0.338747 0.338630 0.338586 0.338571 0.338565 0.338563 0.338563 0.338562 0.338562 0.338560 0.338556 0.338545 0.338518 0.338457 0.338321 0.338031 0.337434 0.336261 0.334053 0.330083 0.323279 0.312177 0.294979 0.269743 0.234761 0.189094 0.133115 0.068870 0.000000 
50.000000 41.061432 32.582885 24.953454 18.438584 13.157209 9.090396 6.113836 4.041514 2.667955 1.800438 1.277843 0.977275 0.812059 0.725173 0.681413 0.660283 0.650491 0.646132 0.644266 0.643497 0.643191 0.643075 0.643031 0.643016 0.643011 0.643009 0.643008 0.643008 0.643006 0.643003 0.642996 0.642977 0.642931 0.642824 0.642585 0.642073 0.641014 0.638922 0.634959 0.627786 0.615397 0.595024 0.563192 0.516071 0.450182 0.363453 0.256377 0.132829 0.000000 
50.000000 41.157411 32.769891 25.222351 18.777381 13.552644 9.529416 6.584734 4.534586 3.175711 2.317459 1.800438 1.503073 1.339614 1.253652 1.210356 1.189449 1.179761 1.175448 1.173602 1.172841 1.172539 1.172423 1.172380 1.172365 1.172360 1.172358 1.172357 1.172356 1.172354 1.172350 1.172337 1.172306 1.172230 1.172053 1.171656 1.170799 1.169020 1.165480 1.158729 1.146417 1.124970 1.089369 1.033186 0.949137 0.830349 0.672369 0.475538 0.246832 0.000000 
50.000000 41.316701 33.080260 25.668639 19.339698 14.208983 10.258120 7.366372 5.353053 4.018570 3.175711 2.667955 2.375913 2.215377 2.130950 2.088426 2.067893 2.058377 2.054141 2.052327 2.051579 2.051283 2.051169 2.051127 2.051112 2.051107 2.051105 2.051104 2.051103 2.051100 2.051093 2.051074 2.051025 2.050907 2.050631 2.050007 2.048654 2.045829 2.040169 2.029294 2.009285 1.974092 1.915037 1.820731 1.677848 1.473227 1.197530 0.849935 0.442275 0.000000 
50.000000 41.568859 33.571578 26.375135 20.229893 15.248053 11.411784 8.603872 6.648891 5.353053 4.534586 4.041514 3.757910 3.602010 3.520018 3.478720 3.458778 3.449536 3.445421 3.443660 3.442934 3.442645 3.442535 3.442494 3.442480 3.442475 3.442473 3.442472 3.442470 3.442466 3.442455 3.442427 3.442357 3.442184 3.441779 3.440859 3.438850 3.434632 3.426116 3.409616 3.378961 3.324445 3.231817 3.081813 2.851025 2.515061 2.054796 1.465346 0.765200 0.000000 
50.000000 41.949224 34.312714 27.440874 21.572771 16.815547 13.152194 10.470800 8.603872 7.366372 6.584734 6.113836 5.842980 5.694082 5.615771 5.576326 5.557277 5.548449 5.544519 5.542836 5.542142 5.541867 5.541761 5.541723 5.541709 5.541704 5.541702 5.541701 5.541699 5.541693 5.541679 5.541641 5.541545 5.541309 5.540752 5.539483 5.536696 5.530802 5.518812 5.495365 5.451335 5.372055 5.235400 5.010427 4.657801 4.133879 3.400489 2.441271 1.281387 0.000000 
50.000000 42.495469 35.377073 28.971424 23.501365 19.066778 15.651820 13.152194 11.411784 10.258120 9.529416 9.090396 8.837867 8.699041 8.626024 8.589243 8.571481 8.563249 8.559584 8.558015 8.557368 8.557111 8.557013 8.556976 8.556963 8.556959 8.556957 8.556956 8.556953 8.556946 8.556928 8.556880 8.556759 8.556460 8.555750 8.554125 8.550534 8.542888 8.527204 8.496230 8.437389 8.329971 8.141767 7.825910 7.319610 6.547881 5.436823 3.941082 2.084957 0.000000 
50.000000 43.241684 36.831087 31.062328 26.136087 22.142321 19.066778 16.815547 15.248053 14.208983 13.552644 13.157209 12.929744 12.804691 12.738917 12.705783 12.689782 12.682365 12.679063 12.677649 12.677066 12.676835 12.676746 12.676713 12.676702 12.676697 12.676696 12.676694 12.676692 12.676684 12.676663 12.676607 12.676466 12.676117 12.675286 12.673372 12.669120 12.660001 12.641138 12.603506 12.531136 12.397028 12.157746 11.747168 11.071160 10.007339 8.418192 6.190935 3.317328 0.000000 
50.000000 44.210641 38.719129 33.777403 29.557367 26.136087 23.501365 21.572771 20.229893 19.339698 18.777381 18.438584 18.243692 18.136544 18.080184 18.051793 18.038080 18.031725 18.028895 18.027683 18.027183 18.026985 18.026909 18.026881 18.026871 18.026867 18.026866 18.026864 18.026861 18.026853 18.026831 18.026773 18.026624 18.026255 18.025373 18.023333 18.018773 18.008930 17.988401 17.947031 17.866470 17.714832 17.438892 16.953484 16.128748 14.778684 12.661840 9.521167 5.216163 0.000000 
50.000000 45.405786 41.047919 37.126320 33.777403 31.062328 28.971424 27.440874 26.375135 25.668639 25.222351 24.953454 24.798768 24.713722 24.668987 24.646450 24.635566 24.630520 24.628274 24.627311 24.626915 24.626757 24.626697 24.626675 24.626667 24.626664 24.626663 24.626662 24.626659 24.626651 24.626631 24.626577 24.626438 24.626094 24.625267 24.623347 24.619037 24.609675 24.590001 24.549981 24.471109 24.320339 24.040385 23.534602 22.644136 21.115563 18.563160 14.456479 8.252343 0.000000 
50.000000 46.805291 43.774925 41.047919 38.719129 36.831087 35.377073 34.312714 33.571578 33.080260 32.769891 32.582885 32.475305 32.416156 32.385043 32.369368 32.361797 32.358288 32.356725 32.356056 32.355780 32.355670 32.355628 32.355613 32.355607 32.355605 32.355604 32.355604 32.355601 32.355596 32.355580 32.355538 32.355430 32.355161 32.354514 32.353006 32.349608 32.342191 32.326508 32.294353 32.230325 32.106233 31.871444 31.435990 30.640151 29.197961 26.591440 21.887463 13.541091 0.000000 
50.000000 48.360476 46.805291 45.405786 44.210641 43.241684 42.495469 41.949224 41.568859 41.316701 41.157411 41.061432 41.006217 40.975859 40.959889 40.951844 40.947958 40.946157 40.945355 40.945011 40.944870 40.944813 40.944792 40.944784 40.944781 40.944780 40.944779 40.944779 40.944778 40.944775 40.944766 40.944743 40.944683 40.944536 40.944179 40.943347 40.941466 40.937347 40.928603 40.910578 40.874426 40.803659 40.667837 40.410512 39.924356 38.994478 37.153443 33.264200 24.180238 0.000000 
50.000000 50.000000 50.000000 50.000000 50.000000 50.000000 50.000000 50.000000 50.000000 50.000000 50.000000 50.000000 50.000000 50.000000 50.000000 50.000000 50.000000 50.000000 50.000000 50.000000 50.000000 50.000000 50.000000 50.000000 50.000000 50.000000 50.000000 50.000000 50.000000 50.000000 50.000000 50.000000 50.000000 50.000000 50.000000 50.000000 50.000000 50.000000 50.000000 50.000000 50.000000 50.000000 50.000000 50.000000 50.000000 50.000000 50.000000 50.000000 50.000000 50.000000 
