50.000000 50.000000 50.000000 50.000000 50.000000 50.000000 50.000000 50.000000 50.000000 50.000000 50.000000 50.000000 50.000000 50.000000 50.000000 50.000000 50.000000 50.000000 50.000000 50.000000 50.000000 50.000000 50.000000 50.000000 50.000000 50.000000 50.000000 50.000000 50.000000 50.000000 50.000000 50.000000 50.000000 50.000000 50.000000 50.000000 50.000000 50.000000 50.000000 50.000000 50.000000 50.000000 50.000000 50.000000 50.000000 50.000000 50.000000 50.000000 50.000000 50.000000 
50.000000 48.639349 47.336800 46.143022 45.095395 44.214860 43.505804 42.958570 42.553604 42.266108 42.070200 41.941986 41.861346 41.812571 41.784183 41.768272 41.759679 41.755203 41.752953 41.751862 41.751349 41.751117 41.751015 41.750972 41.750954 41.750946 41.750943 41.750939 41.750933 41.750918 41.750882 41.750797 41.750604 41.750178 41.749260 41.747338 41.743420 41.735641 41.720580 41.692094 41.639333 41.543308 41.370731 41.062266 40.508126 39.491964 37.546437 33.536512 24.319674 0.000000 
50.000000 47.336800 44.787326 42.450753 40.400245 38.676789 37.288973 36.217891 35.425270 34.862571 34.479135 34.228192 34.070363 33.974903 33.919343 33.888203 33.871384 33.862625 33.858222 33.856085 33.855083 33.854628 33.854429 33.854344 33.854309 33.854294 33.854287 33.854280 33.854269 33.854240 33.854173 33.854017 33.853661 33.852874 33.851183 33.847648 33.840460 33.826236 33.798806 33.747197 33.652284 33.481229 33.178103 32.647570 31.725344 30.122750 27.321980 22.393663 13.800288 0.000000 
50.000000 46.143022 42.450753 39.066824 36.097200 33.601238 31.591372 30.040220 28.892349 28.077457 27.522176 27.158774 26.930216 26.791979 26.711523 26.666430 26.642076 26.629392 26.623017 26.619923 26.618472 26.617814 26.617525 26.617402 26.617351 26.617330 26.617320 26.617311 26.617295 26.617258 26.617170 26.616963 26.616495 26.615461 26.613246 26.608630 26.599283 26.580872 26.545585 26.479712 26.359801 26.146633 25.775890 25.143800 24.085448 22.343815 19.533412 15.128772 8.596585 0.000000 
50.000000 45.095395 40.400245 36.097200 32.321011 29.147152 26.591433 24.619027 23.159441 22.123271 21.417217 20.955149 20.664540 20.488778 20.386483 20.329151 20.298188 20.282062 20.273958 20.270024 20.268179 20.267342 20.266975 20.266819 20.266754 20.266728 20.266715 20.266705 20.266687 20.266645 20.266546 20.266317 20.265796 20.264650 20.262203 20.257125 20.246891 20.226856 20.188744 20.118264 19.991501 19.769625 19.391502 18.763952 17.750298 16.160505 13.753385 10.277496 5.603431 0.000000 
50.000000 44.214860 38.676789 33.601238 29.147152 25.403556 22.389090 20.062667 18.341129 17.119017 16.286274 15.741305 15.398565 15.191277 15.070637 15.003025 14.966511 14.947494 14.937937 14.933299 14.931124 14.930137 14.929704 14.929520 14.929444 14.929412 14.929398 14.929387 14.929369 14.929327 14.929229 14.929000 14.928484 14.927352 14.924943 14.919969 14.910001 14.890618 14.854051 14.787117 14.668247 14.463462 14.121373 13.567805 12.701778 11.396854 9.515791 6.951446 3.706734 0.000000 
50.000000 43.505804 37.288973 31.591372 26.591433 22.389090 19.005261 16.393812 14.461383 13.089582 12.154859 11.543163 11.158465 10.925806 10.790403 10.714520 10.673539 10.652198 10.641472 10.636267 10.633826 10.632719 10.632233 10.632026 10.631941 10.631906 10.631891 10.631880 10.631863 10.631824 10.631734 10.631527 10.631059 10.630036 10.627870 10.623420 10.614555 10.597440 10.565427 10.507434 10.405727 10.233167 9.950228 9.502630 8.821285 7.827481 6.447573 4.641403 2.443538 0.000000 
50.000000 42.958570 36.217891 30.040220 24.619027 20.062667 16.393812 13.562430 11.467285 9.979996 8.966599 8.303431 7.886371 7.634145 7.487358 7.405097 7.360674 7.337539 7.325914 7.320272 7.317626 7.316426 7.315899 7.315675 7.315583 7.315545 7.315529 7.315518 7.315503 7.315471 7.315395 7.315219 7.314826 7.313970 7.312165 7.308474 7.301168 7.287165 7.261195 7.214620 7.133908 6.998899 6.781215 6.443584 5.941294 5.227525 4.264330 3.039788 1.587838 0.000000 
50.000000 42.553604 35.425270 28.892349 23.159441 18.341129 14.461383 11.467285 9.251762 7.679044 6.607455 5.906219 5.465226 5.198533 5.043330 4.956354 4.909385 4.884926 4.872635 4.866670 4.863873 4.862605 4.862048 4.861811 4.861714 4.861674 4.861657 4.861648 4.861635 4.861609 4.861549 4.861411 4.861101 4.860431 4.859023 4.856160 4.850527 4.839807 4.820087 4.785057 4.725021 4.625881 4.468386 4.228216 3.877668 3.389815 2.745716 1.944041 1.010296 0.000000 
50.000000 42.266108 34.862571 28.077457 22.123271 17.119017 13.089582 9.979996 7.679044 6.045704 4.932826 4.204582 3.746613 3.469658 3.308486 3.218168 3.169395 3.143997 3.131234 3.125041 3.122136 3.120819 3.120241 3.119996 3.119894 3.119853 3.119837 3.119828 3.119818 3.119798 3.119753 3.119650 3.119421 3.118927 3.117893 3.115802 3.111712 3.103979 3.089865 3.065014 3.022852 2.954022 2.846088 2.683855 2.450770 2.131769 1.717656 1.210287 0.626775 0.000000 
50.000000 42.070200 34.479135 27.522176 21.417217 16.286274 12.154859 8.966599 6.607455 4.932826 3.791830 3.045196 2.575669 2.291728 2.126494 2.033901 1.983900 1.957864 1.944780 1.938431 1.935454 1.934104 1.933511 1.933260 1.933156 1.933114 1.933097 1.933089 1.933081 1.933067 1.933035 1.932963 1.932803 1.932458 1.931740 1.930294 1.927483 1.922202 1.912631 1.895915 1.867812 1.822399 1.751980 1.647425 1.499157 1.298952 1.042464 0.731937 0.378106 0.000000 
50.000000 41.941986 34.228192 27.158774 20.955149 15.741305 11.543163 8.303431 5.906219 4.204582 3.045196 2.286536 1.809452 1.520945 1.353055 1.258975 1.208173 1.181719 1.168426 1.161976 1.158951 1.157579 1.156977 1.156722 1.156616 1.156574 1.156557 1.156549 1.156543 1.156534 1.156512 1.156464 1.156357 1.156129 1.155655 1.154706 1.152870 1.149441 1.143268 1.132565 1.114717 1.086132 1.042236 0.977736 0.887254 0.766405 0.613189 0.429387 0.221406 0.000000 
50.000000 41.861346 34.070363 26.930216 20.664540 15.398565 11.158465 7.886371 5.465226 3.746613 2.575669 1.809452 1.327619 1.036244 0.866687 0.771673 0.720367 0.693652 0.680227 0.673713 0.670658 0.669273 0.668665 0.668407 0.668301 0.668258 0.668241 0.668234 0.668229 0.668223 0.668209 0.668179 0.668111 0.667967 0.667669 0.667076 0.665933 0.663810 0.660011 0.653467 0.642634 0.625420 0.599206 0.561025 0.507947 0.437684 0.349344 0.244127 0.125705 0.000000 
50.000000 41.812571 33.974903 26.791979 20.488778 15.191277 10.925806 7.634145 5.198533 3.469658 2.291728 1.520945 1.036244 0.743135 0.572571 0.476994 0.425384 0.398510 0.385007 0.378454 0.375382 0.373988 0.373377 0.373117 0.373010 0.372967 0.372950 0.372944 0.372940 0.372936 0.372927 0.372909 0.372868 0.372781 0.372602 0.372248 0.371568 0.370311 0.368075 0.364246 0.357947 0.348006 0.332977 0.311252 0.281276 0.241887 0.192696 0.134443 0.069152 0.000000 
50.000000 41.784183 33.919343 26.711523 20.386483 15.070637 10.790403 7.487358 5.043330 3.308486 2.126494 1.353055 0.866687 0.572571 0.401422 0.305517 0.253731 0.226765 0.213215 0.206641 0.203558 0.202159 0.201546 0.201285 0.201178 0.201135 0.201118 0.201112 0.201109 0.201106 0.201101 0.201090 0.201066 0.201016 0.200914 0.200711 0.200324 0.199611 0.198349 0.196200 0.192684 0.187169 0.178884 0.166983 0.150668 0.129358 0.102893 0.071695 0.036845 0.000000 
50.000000 41.768272 33.888203 26.666430 20.329151 15.003025 10.714520 7.405097 4.956354 3.218168 2.033901 1.258975 0.771673 0.476994 0.305517 0.209429 0.157544 0.130527 0.116952 0.110365 0.107276 0.105875 0.105260 0.104999 0.104892 0.104849 0.104832 0.104825 0.104823 0.104821 0.104818 0.104812 0.104799 0.104771 0.104715 0.104603 0.104392 0.104004 0.103320 0.102161 0.100275 0.097331 0.092933 0.086650 0.078082 0.066948 0.053184 0.037020 0.019012 0.000000 
50.000000 41.759679 33.871384 26.642076 20.298188 14.966511 10.673539 7.360674 4.909385 3.169395 1.983900 1.208173 0.720367 0.425384 0.253731 0.157544 0.105606 0.078561 0.064972 0.058378 0.055286 0.053884 0.053269 0.053007 0.052900 0.052857 0.052840 0.052833 0.052831 0.052830 0.052828 0.052825 0.052818 0.052803 0.052773 0.052714 0.052603 0.052400 0.052044 0.051443 0.050468 0.048955 0.046704 0.043503 0.039159 0.033538 0.026615 0.018510 0.009501 0.000000 
50.000000 41.755203 33.862625 26.629392 20.282062 14.947494 10.652198 7.337539 4.884926 3.143997 1.957864 1.181719 0.693652 0.398510 0.226765 0.130527 0.078561 0.051503 0.037906 0.031309 0.028215 0.026812 0.026196 0.025935 0.025827 0.025784 0.025767 0.025761 0.025759 0.025758 0.025757 0.025755 0.025751 0.025744 0.025729 0.025699 0.025643 0.025541 0.025362 0.025061 0.024576 0.023825 0.022713 0.021139 0.019011 0.016266 0.012897 0.008964 0.004599 0.000000 
50.000000 41.752953 33.858222 26.623017 20.273958 14.937937 10.641472 7.325914 4.872635 3.131234 1.944780 1.168426 0.680227 0.385007 0.213215 0.116952 0.064972 0.037906 0.024306 0.017707 0.014612 0.013209 0.012593 0.012332 0.012224 0.012181 0.012164 0.012158 0.012156 0.012155 0.012154 0.012153 0.012151 0.012148 0.012140 0.012126 0.012098 0.012049 0.011962 0.011817 0.011584 0.011225 0.010694 0.009946 0.008937 0.007641 0.006054 0.004205 0.002157 0.000000 
50.000000 41.751862 33.856085 26.619923 20.270024 14.933299 10.636267 7.320272 4.866671 3.125041 1.938431 1.161976 0.673713 0.378454 0.206641 0.110365 0.058378 0.031309 0.017707 0.011107 0.008012 0.006608 0.005993 0.005731 0.005623 0.005580 0.005564 0.005557 0.005555 0.005554 0.005554 0.005553 0.005552 0.005551 0.005547 0.005540 0.005527 0.005504 0.005464 0.005396 0.005288 0.005122 0.004877 0.004533 0.004070 0.003478 0.002754 0.001912 0.000980 0.000000 
50.000000 41.751350 33.855083 26.618472 20.268179 14.931124 10.633826 7.317626 4.863874 3.122137 1.935454 1.158951 0.670659 0.375382 0.203558 0.107276 0.055286 0.028215 0.014613 0.008012 0.004917 0.003514 0.002898 0.002636 0.002528 0.002485 0.002469 0.002462 0.002460 0.002459 0.002459 0.002459 0.002458 0.002457 0.002456 0.002453 0.002447 0.002436 0.002418 0.002388 0.002339 0.002265 0.002156 0.002002 0.001797 0.001534 0.001214 0.000843 0.000432 0.000000 
50.000000 41.751117 33.854629 26.617814 20.267343 14.930138 10.632720 7.316427 4.862606 3.120820 1.934105 1.157581 0.669274 0.373989 0.202161 0.105876 0.053885 0.026813 0.013210 0.006610 0.003514 0.002111 0.001495 0.001233 0.001126 0.001083 0.001066 0.001060 0.001057 0.001056 0.001056 0.001056 0.001056 0.001055 0.001055 0.001053 0.001051 0.001046 0.001038 0.001025 0.001004 0.000972 0.000924 0.000858 0.000770 0.000657 0.000520 0.000361 0.000185 0.000000 
50.000000 41.751016 33.854430 26.617527 20.266977 14.929706 10.632236 7.315902 4.862051 3.120245 1.933515 1.156981 0.668669 0.373380 0.201549 0.105264 0.053272 0.026200 0.012597 0.005996 0.002901 0.001497 0.000881 0.000620 0.000512 0.000469 0.000452 0.000446 0.000444 0.000443 0.000443 0.000442 0.000442 0.000442 0.000442 0.000441 0.000440 0.000438 0.000435 0.000429 0.000420 0.000407 0.000387 0.000359 0.000322 0.000275 0.000217 0.000151 0.000077 0.000000 
50.000000 41.750973 33.854347 26.617407 20.266825 14.929527 10.632034 7.315684 4.861820 3.120005 1.933269 1.156731 0.668417 0.373127 0.201295 0.105009 0.053017 0.025945 0.012341 0.005741 0.002645 0.001242 0.000626 0.000364 0.000257 0.000213 0.000197 0.000191 0.000188 0.000187 0.000187 0.000187 0.000187 0.000187 0.000187 0.000187 0.000186 0.000185 0.000184 0.000181 0.000178 0.000172 0.000163 0.000151 0.000136 0.000116 0.000091 0.000063 0.000032 0.000000 
50.000000 41.750958 33.854318 26.617364 20.266771 14.929463 10.631962 7.315606 4.861738 3.119919 1.933181 1.156642 0.668327 0.373036 0.201204 0.104918 0.052926 0.025854 0.012250 0.005650 0.002554 0.001151 0.000535 0.000273 0.000165 0.000122 0.000106 0.000099 0.000097 0.000096 0.000096 0.000096 0.000096 0.000096 0.000096 0.000096 0.000095 0.000095 0.000094 0.000093 0.000091 0.000088 0.000084 0.000078 0.000070 0.000059 0.000047 0.000032 0.000017 0.000000 
50.000000 41.750958 33.854318 26.617364 20.266771 14.929463 10.631962 7.315606 4.861738 3.119919 1.933181 1.156642 0.668327 0.373036 0.201204 0.104918 0.052926 0.025854 0.012250 0.005650 0.002554 0.001151 0.000535 0.000273 0.000165 0.000122 0.000106 0.000099 0.000097 0.000096 0.000096 0.000096 0.000096 0.000096 0.000096 0.000096 0.000095 0.000095 0.000094 0.000093 0.000091 0.000088 0.000084 0.000078 0.000070 0.000059 0.000047 0.000032 0.000017 0.000000 
50.000000 41.750973 33.854347 26.617407 20.266825 14.929527 10.632034 7.315684 4.861820 3.120005 1.933269 1.156731 0.668417 0.373127 0.201295 0.105009 0.053017 0.025945 0.012341 0.005741 0.002645 0.001242 0.000626 0.000364 0.000257 0.000213 0.000197 0.000191 0.000188 0.000187 0.000187 0.000187 0.000187 0.000187 0.000187 0.000187 0.000186 0.000185 0.000184 0.000181 0.000178 0.000172 0.000163 0.000151 0.000136 0.000116 0.000091 0.000063 0.000032 0.000000 
50.000000 41.751016 33.854430 26.617527 20.266977 14.929706 10.632236 7.315902 4.862051 3.120245 1.933515 1.156981 0.668669 0.373380 0.201549 0.105264 0.053272 0.026200 0.012597 0.005996 0.002901 0.001497 0.000881 0.000620 0.000512 0.000469 0.000452 0.000446 0.000444 0.000443 0.000443 0.000442 0.000442 0.000442 0.000442 0.000441 0.000440 0.000438 0.000435 0.000429 0.000420 0.000407 0.000387 0.000359 0.000322 0.000275 0.000217 0.000151 0.000077 0.000000 
50.000000 41.751117 33.854629 26.617814 20.267343 14.930138 10.632720 7.316427 4.862606 3.120820 1.934105 1.157581 0.669274 0.373989 0.202161 0.105876 0.053885 0.026813 0.013210 0.006610 0.003514 0.002111 0.001495 0.001233 0.001126 0.001083 0.001066 0.001060 0.001057 0.001056 0.001056 0.001056 0.001056 0.001055 0.001055 0.001053 0.001051 0.001046 0.001038 0.001025 0.001004 0.000972 0.000924 0.000858 0.000770 0.000657 0.000520 0.000361 0.000185 0.000000 
50.000000 41.751350 33.855083 26.618472 20.268179 14.931124 10.633826 7.317626 4.863874 3.122137 1.935454 1.158951 0.670659 0.375382 0.203558 0.107276 0.055286 0.028215 0.014613 0.008012 0.004917 0.003514 0.002898 0.002636 0.002528 0.002485 0.002469 0.002462 0.002460 0.002459 0.002459 0.002459 0.002458 0.002457 0.002456 0.002453 0.002447 0.002436 0.002418 0.002388 0.002339 0.002265 0.002156 0.002002 0.001797 0.001534 0.001214 0.000843 0.000432 0.000000 
50.000000 41.751862 33.856085 26.619923 20.270024 14.933299 10.636267 7.320272 4.866671 3.125041 1.938431 1.161976 0.673713 0.378454 0.206641 0.110365 0.058378 0.031309 0.017707 0.011107 0.008012 0.006608 0.005993 0.005731 0.005623 0.005580 0.005564 0.005557 0.005555 0.005554 0.005554 0.005553 0.005552 0.005551 0.005547 0.005540 0.005527 0.005504 0.005464 0.005396 0.005288 0.005122 0.004877 0.004533 0.004070 0.003478 0.002754 0.001912 0.000980 0.000000 
50.000000 41.752953 33.858222 26.623017 20.273958 14.937937 10.641472 7.325914 4.872635 3.131234 1.944780 1.168426 0.680227 0.385007 0.213215 0.116952 0.064972 0.037906 0.024306 0.017707 0.014612 0.013209 0.012593 0.012332 0.012224 0.012181 0.012164 0.012158 0.012156 0.012155 0.012154 0.012153 0.012151 0.012148 0.012140 0.012126 0.012098 0.012049 0.011962 0.011817 0.011584 0.011225 0.010694 0.009946 0.008937 0.007641 0.006054 0.004205 0.002157 0.000000 
50.000000 41.755203 33.862625 26.629392 20.282062 14.947494 10.652198 7.337539 4.884926 3.143997 1.957864 1.181719 0.693652 0.398510 0.226765 0.130527 0.078561 0.051503 0.037906 0.031309 0.028215 0.026812 0.026196 0.025935 0.025827 0.025784 0.025767 0.025761 0.025759 0.025758 0.025757 0.025755 0.025751 0.025744 0.025729 0.025699 0.025643 0.025541 0.025362 0.025061 0.024576 0.023825 0.022713 0.021139 0.019011 0.016266 0.012897 0.008964 0.004599 0.000000 
50.000000 41.759679 33.871384 26.642076 20.298188 14.966511 10.673539 7.360674 4.909385 3.169395 1.983900 1.208173 0.720367 0.425384 0.253731 0.157544 0.105606 0.078561 0.064972 0.058378 0.055286 0.053884 0.053269 0.053007 0.052900 0.052857 0.052840 0.052833 0.052831 0.052830 0.052828 0.052825 0.052818 0.052803 0.052773 0.052714 0.052603 0.052400 0.052044 0.051443 0.050468 0.048955 0.046704 0.043503 0.039159 0.033538 0.026615 0.018510 0.009501 0.000000 
50.000000 41.768272 33.888203 26.666430 20.329151 15.003025 10.714520 7.405097 4.956354 3.218168 2.033901 1.258975 0.771673 0.476994 0.305517 0.209429 0.157544 0.130527 0.116952 0.110365 0.107276 0.105875 0.105260 0.104999 0.104892 0.104849 0.104832 0.104825 0.104823 0.104821 0.104818 0.104812 0.104799 0.104771 0.104715 0.104603 0.104392 0.104004 0.103320 0.102161 0.100275 0.097331 0.092933 0.086650 0.078082 0.066948 0.053184 0.037020 0.019012 0.000000 
50.000000 41.784183 33.919343 26.711523 20.386483 15.070637 10.790403 7.487358 5.043330 3.308486 2.126494 1.353055 0.866687 0.572571 0.401422 0.305517 0.253731 0.226765 0.213215 0.206641 0.203558 0.202159 0.201546 0.201285 0.201178 0.201135 0.201118 0.201112 0.201109 0.201106 0.201101 0.201090 0.201066 0.201016 0.200914 0.200711 0.200324 0.199611 0.198349 0.196200 0.192684 0.187169 0.178884 0.166983 0.150668 0.129358 0.102893 0.071695 0.036845 0.000000 
50.000000 41.812571 33.974903 26.791979 20.488778 15.191277 10.925806 7.634145 5.198533 3.469658 2.291728 1.520945 1.036244 0.743135 0.572571 0.476994 0.425384 0.398510 0.385007 0.378454 0.375382 0.373988 0.373377 0.373117 0.373010 0.372967 0.372950 0.372944 0.372940 0.372936 0.372927 0.372909 0.372868 0.372781 0.372602 0.372248 0.371568 0.370311 0.368075 0.364246 0.357947 0.348006 0.332977 0.311252 0.281276 0.241887 0.192696 0.134443 0.069152 0.000000 
50.000000 41.861346 34.070363 26.930216 20.664540 15.398565 11.158465 7.886371 5.465226 3.746613 2.575669 1.809452 1.327619 1.036244 0.866687 0.771673 0.720367 0.693652 0.680227 0.673713 0.670658 0.669273 0.668665 0.668407 0.668301 0.668258 0.668241 0.668234 0.668229 0.668223 0.668209 0.668179 0.668111 0.667967 0.667669 0.667076 0.665933 0.663810 0.660011 0.653467 0.642634 0.625420 0.599206 0.561025 0.507947 0.437684 0.349344 0.244127 0.125705 0.000000 
50.000000 41.941986 34.228192 27.158774 20.955149 15.741305 11.543163 8.303431 5.906219 4.204582 3.045196 2.286536 1.809452 1.520945 1.353055 1.258975 1.208173 1.181719 1.168426 1.161976 1.158951 1.157579 1.156977 1.156722 1.156616 1.156574 1.156557 1.156549 1.156543 1.156534 1.156512 1.156464 1.156357 1.156129 1.155655 1.154706 1.152870 1.149441 1.143268 1.132565 1.114717 1.086132 1.042236 0.977736 0.887254 0.766405 0.613189 0.429387 0.221406 0.000000 
50.000000 42.070200 34.479135 27.522176 21.417217 16.286274 12.154859 8.966599 6.607455 4.932826 3.791830 3.045196 2.575669 2.291728 2.126494 2.033901 1.983900 1.957864 1.944780 1.938431 1.935454 1.934104 1.933511 1.933260 1.933156 1.933114 1.933097 1.933089 1.933081 1.933067 1.933035 1.932963 1.932803 1.932458 1.931740 1.930294 1.927483 1.922202 1.912631 1.895915 1.867812 1.822399 1.751980 1.647425 1.499157 1.298952 1.042464 0.731937 0.378106 0.000000 
50.000000 42.266108 34.862571 28.077457 22.123271 17.119017 13.089582 9.979996 7.679044 6.045704 4.932826 4.204582 3.746613 3.469658 3.308486 3.218168 3.169395 3.143997 3.131234 3.125041 3.122136 3.120819 3.120241 3.119996 3.119894 3.119853 3.119837 3.119828 3.119818 3.119798 3.119753 3.119650 3.119421 3.118927 3.117893 3.115802 3.111712 3.103979 3.089865 3.065014 3.022852 2.954022 2.846088 2.683855 2.450770 2.131769 1.717656 1.210287 0.626775 0.000000 
50.000000 42.553604 35.425270 28.892349 23.159441 18.341129 14.461383 11.467285 9.251762 7.679044 6.607455 5.906219 5.465226 5.198533 5.043330 4.956354 4.909385 4.884926 4.872635 4.866670 4.863873 4.862605 4.862048 4.861811 4.861714 4.861674 4.861657 4.861648 4.861635 4.861609 4.861549 4.861411 4.861101 4.860431 4.859023 4.856160 4.850527 4.839807 4.820087 4.785057 4.725021 4.625881 4.468386 4.228216 3.877668 3.389815 2.745716 1.944041 1.010296 0.000000 
50.000000 42.958570 36.217891 30.040220 24.619027 20.062667 16.393812 13.562430 11.467285 9.979996 8.966599 8.303431 7.886371 7.634145 7.487358 7.405097 7.360674 7.337539 7.325914 7.320272 7.317626 7.316426 7.315899 7.315675 7.315583 7.315545 7.315529 7.315518 7.315503 7.315471 7.315395 7.315219 7.314826 7.313970 7.312165 7.308474 7.301168 7.287165 7.261195 7.214620 7.133908 6.998899 6.781215 6.443584 5.941294 5.227525 4.264330 3.039788 1.587838 0.000000 
50.000000 43.505804 37.288973 31.591372 26.591433 22.389090 19.005261 16.393812 14.461383 13.089582 12.154859 11.543163 11.158465 10.925806 10.790403 10.714520 10.673539 10.652198 10.641472 10.636267 10.633826 10.632719 10.632233 10.632026 10.631941 10.631906 10.631891 10.631880 10.631863 10.631824 10.631734 10.631527 10.631059 10.630036 10.627870 10.623420 10.614555 10.597440 10.565427 10.507434 10.405727 10.233167 9.950228 9.502630 8.821285 7.827481 6.447573 4.641403 2.443538 0.000000 
50.000000 44.214860 38.676789 33.601238 29.147152 25.403556 22.389090 20.062667 18.341129 17.119017 16.286274 15.741305 15.398565 15.191277 15.070637 15.003025 14.966511 14.947494 14.937937 14.933299 14.931124 14.930137 14.929704 14.929520 14.929444 14.929412 14.929398 14.929387 14.929369 14.929327 14.929229 14.929000 14.928484 14.927352 14.924943 14.919969 14.910001 14.890618 14.854051 14.787117 14.668247 14.463462 14.121373 13.567805 12.701778 11.396854 9.515791 6.951446 3.706734 0.000000 
50.000000 45.095395 40.400245 36.097200 32.321011 29.147152 26.591433 24.619027 23.159441 22.123271 21.417217 20.955149 20.664540 20.488778 20.386483 20.329151 20.298188 20.282062 20.273958 20.270024 20.268179 20.267342 20.266975 20.266819 20.266754 20.266728 20.266715 20.266705 20.266687 20.266645 20.266546 20.266317 20.265796 20.264650 20.262203 20.257125 20.246891 20.226856 20.188744 20.118264 19.991501 19.769625 19.391502 18.763952 17.750298 16.160505 13.753385 10.277496 5.603431 0.000000 
50.000000 46.143022 42.450753 39.066824 36.097200 33.601238 31.591372 30.040220 28.892349 28.077457 27.522176 27.158774 26.930216 26.791979 26.711523 26.666430 26.642076 26.629392 26.623017 26.619923 26.618472 26.617814 26.617525 26.617402 26.617351 26.617330 26.617320 26.617311 26.617295 26.617258 26.617170 26.616963 26.616495 26.615461 26.613246 26.608630 26.599283 26.580872 26.545585 26.479712 26.359801 26.146633 25.775890 25.143800 24.085448 22.343815 19.533412 15.128772 8.596585 0.000000 
50.000000 47.336800 44.787326 42.450753 40.400245 38.676789 37.288973 36.217891 35.425270 34.862571 34.479135 34.228192 34.070363 33.974903 33.919343 33.888203 33.871384 33.862625 33.858222 33.856085 33.855083 33.854628 33.854429 33.854344 33.854309 33.854294 33.854287 33.854280 33.854269 33.854240 33.854173 33.854017 33.853661 33.852874 33.851183 33.847648 33.840460 33.826236 33.798806 33.747197 33.652284 33.481229 33.178103 32.647570 31.725344 30.122750 27.321980 22.393663 13.800288 0.000000 
50.000000 48.639349 47.336800 46.143022 45.095395 44.214860 43.505804 42.958570 42.553604 42.266108 42.070200 41.941986 41.861346 41.812571 41.784183 41.768272 41.759679 41.755203 41.752953 41.751862 41.751349 41.751117 41.751015 41.750972 41.750954 41.750946 41.750943 41.750939 41.750933 41.750918 41.750882 41.750797 41.750604 41.750178 41.749260 41.747338 41.743420 41.735641 41.720580 41.692094 41.639333 41.543308 41.370731 41.062266 40.508126 39.491964 37.546437 33.536512 24.319674 0.000000 
50.000000 50.000000 50.000000 50.000000 50.000000 50.000000 50.000000 50.000000 50.000000 50.000000 50.000000 50.000000 50.000000 50.000000 50.000000 50.000000 50.000000 50.000000 50.000000 50.000000 50.000000 50.000000 50.000000 50.000000 50.000000 50.000000 50.000000 50.000000 50.000000 50.000000 50.000000 50.000000 50.000000 50.000000 50.000000 50.000000 50.000000 50.000000 50.000000 50.000000 50.000000 50.000000 50.000000 50.000000 50.000000 50.000000 50.000000 50.000000 50.000000 50.000000 
