50.000000 50.000000 50.000000 50.000000 50.000000 50.000000 50.000000 50.000000 50.000000 50.000000 50.000000 50.000000 50.000000 50.000000 50.000000 50.000000 50.000000 50.000000 50.000000 50.000000 50.000000 50.000000 50.000000 50.000000 50.000000 50.000000 50.000000 50.000000 50.000000 50.000000 50.000000 50.000000 50.000000 50.000000 50.000000 50.000000 50.000000 50.000000 50.000000 50.000000 50.000000 50.000000 50.000000 50.000000 50.000000 50.000000 50.000000 50.000000 50.000000 50.000000 
50.000000 48.135864 46.380734 44.824525 43.524534 42.500770 41.740102 41.206347 40.852260 40.629922 40.497610 40.422890 40.382793 40.362319 40.352357 40.347733 40.345683 40.344813 40.344459 40.344321 40.344270 40.344251 40.344245 40.344243 40.344242 40.344242 40.344242 40.344242 40.344241 40.344240 40.344237 40.344229 40.344205 40.344140 40.343970 40.343538 40.342480 40.339984 40.334292 40.321746 40.294969 40.239467 40.127278 39.904695 39.466984 38.601124 36.840184 33.045757 24.067932 0.000000 
50.000000 46.380734 42.973114 39.951715 37.427782 35.440161 33.963352 32.927100 32.239671 31.808027 31.551163 31.406107 31.328268 31.288523 31.269186 31.260210 31.256229 31.254541 31.253855 31.253587 31.253487 31.253451 31.253439 31.253435 31.253433 31.253433 31.253433 31.253433 31.253432 31.253430 31.253425 31.253410 31.253367 31.253250 31.252945 31.252172 31.250285 31.245845 31.235765 31.213667 31.166844 31.070770 30.879356 30.507666 29.800740 28.476041 26.016519 21.486557 13.334977 0.000000 
50.000000 44.824525 39.951715 35.631222 32.022122 29.179959 27.068256 25.586537 24.603615 23.986444 23.619184 23.411793 23.300507 23.243685 23.216041 23.203210 23.197519 23.195105 23.194125 23.193743 23.193600 23.193548 23.193530 23.193524 23.193523 23.193522 23.193522 23.193521 23.193521 23.193519 23.193512 23.193493 23.193439 23.193293 23.192910 23.191946 23.189601 23.184111 23.171723 23.144781 23.088283 22.973947 22.750396 22.327525 21.552674 20.176873 17.815611 13.935196 7.984342 0.000000 
50.000000 43.524534 37.427782 32.022122 27.506589 23.950669 21.308705 19.454960 18.225283 17.453199 16.993770 16.734340 16.595136 16.524062 16.489486 16.473438 16.466321 16.463302 16.462076 16.461598 16.461419 16.461355 16.461333 16.461325 16.461323 16.461322 16.461322 16.461322 16.461321 16.461319 16.461312 16.461292 16.461235 16.461083 16.460686 16.459689 16.457279 16.451666 16.439096 16.412015 16.355898 16.244064 16.029741 15.634909 14.936471 13.753294 11.845249 8.951741 4.923410 0.000000 
50.000000 42.500770 35.440161 29.179959 23.950669 19.832750 16.773301 14.626684 13.202772 12.308763 11.776802 11.476427 11.315259 11.232975 11.192948 11.174370 11.166132 11.162638 11.161218 11.160665 11.160458 11.160384 11.160358 11.160350 11.160347 11.160346 11.160346 11.160345 11.160345 11.160343 11.160336 11.160318 11.160266 11.160127 11.159766 11.158864 11.156693 11.151673 11.140521 11.116731 11.068040 10.972490 10.792894 10.470050 9.916375 9.014199 7.627285 5.639422 3.033786 0.000000 
50.000000 41.740102 33.963352 27.068256 21.308705 16.773301 13.403753 11.039621 9.471474 8.486938 7.901134 7.570368 7.392902 7.302301 7.258229 7.237776 7.228707 7.224860 7.223297 7.222689 7.222461 7.222379 7.222351 7.222341 7.222338 7.222337 7.222337 7.222337 7.222336 7.222334 7.222329 7.222314 7.222271 7.222157 7.221862 7.221127 7.219369 7.215332 7.206436 7.187648 7.149653 7.076175 6.940509 6.701877 6.303251 5.673795 4.740731 3.455687 1.835407 0.000000 
50.000000 41.206347 32.927100 25.586537 19.454960 14.626684 11.039621 8.522939 6.853650 5.805646 5.182099 4.830037 4.641151 4.544724 4.497821 4.476053 4.466403 4.462309 4.460647 4.459999 4.459757 4.459670 4.459639 4.459629 4.459626 4.459625 4.459625 4.459625 4.459624 4.459623 4.459619 4.459607 4.459575 4.459490 4.459269 4.458722 4.457421 4.454455 4.447971 4.434406 4.407281 4.355523 4.261469 4.099112 3.833790 3.425219 2.836141 2.047744 1.079069 0.000000 
50.000000 40.852260 32.239671 24.603615 18.225283 13.202772 9.471474 6.853650 5.117316 4.027249 3.378695 3.012524 2.816075 2.715791 2.667014 2.644378 2.634342 2.630086 2.628357 2.627683 2.627431 2.627341 2.627310 2.627299 2.627296 2.627295 2.627294 2.627294 2.627294 2.627293 2.627290 2.627282 2.627260 2.627200 2.627048 2.626672 2.625784 2.623772 2.619406 2.610353 2.592436 2.558658 2.498126 2.395299 2.230282 1.981219 1.629668 1.168901 0.612794 0.000000 
50.000000 40.629922 31.808027 23.986444 17.453199 12.308763 8.486938 5.805646 4.027249 2.910800 2.246563 1.871548 1.670359 1.567659 1.517707 1.494527 1.484251 1.479892 1.478122 1.477433 1.477175 1.477082 1.477050 1.477039 1.477036 1.477035 1.477034 1.477034 1.477034 1.477033 1.477032 1.477026 1.477012 1.476974 1.476876 1.476636 1.476072 1.474802 1.472065 1.466436 1.455400 1.434813 1.398366 1.337285 1.240722 1.097300 0.898161 0.641183 0.334954 0.000000 
50.000000 40.497610 31.551163 23.619184 16.993770 11.776802 7.901134 5.182099 3.378695 2.246563 1.573008 1.192739 0.988736 0.884601 0.833952 0.810450 0.800030 0.795612 0.793817 0.793118 0.792856 0.792762 0.792730 0.792719 0.792715 0.792714 0.792714 0.792714 0.792714 0.792713 0.792712 0.792709 0.792700 0.792677 0.792619 0.792475 0.792140 0.791390 0.789784 0.786504 0.780127 0.768342 0.747694 0.713486 0.660071 0.581755 0.474403 0.337496 0.175864 0.000000 
50.000000 40.422890 31.406107 23.411793 16.734340 11.476427 7.570368 4.830037 3.012524 1.871548 1.192739 0.809508 0.603919 0.498976 0.447935 0.424251 0.413751 0.409298 0.407490 0.406785 0.406522 0.406427 0.406394 0.406383 0.406380 0.406379 0.406379 0.406378 0.406378 0.406378 0.406377 0.406376 0.406371 0.406358 0.406325 0.406244 0.406057 0.405641 0.404754 0.402955 0.399482 0.393118 0.382066 0.363932 0.335907 0.295244 0.240070 0.170343 0.088598 0.000000 
50.000000 40.382793 31.328268 23.300507 16.595136 11.315259 7.392902 4.641151 2.816075 1.670359 0.988736 0.603919 0.397481 0.292105 0.240855 0.217074 0.206531 0.202060 0.200244 0.199537 0.199272 0.199177 0.199144 0.199133 0.199130 0.199129 0.199129 0.199128 0.199128 0.199128 0.199128 0.199127 0.199124 0.199117 0.199100 0.199057 0.198959 0.198740 0.198278 0.197346 0.195558 0.192303 0.186696 0.177570 0.163586 0.143470 0.116395 0.082423 0.042809 0.000000 
50.000000 40.362319 31.288523 23.243685 16.524062 11.232975 7.302301 4.544724 2.715791 1.567659 0.884601 0.498976 0.292105 0.186510 0.135153 0.111322 0.100757 0.096277 0.094458 0.093749 0.093484 0.093389 0.093356 0.093345 0.093341 0.093340 0.093340 0.093340 0.093340 0.093339 0.093339 0.093339 0.093338 0.093334 0.093325 0.093304 0.093255 0.093147 0.092918 0.092460 0.091587 0.090007 0.087302 0.082932 0.076282 0.066784 0.054084 0.038238 0.019838 0.000000 
50.000000 40.352357 31.269186 23.216041 16.489486 11.192948 7.258229 4.497821 2.667014 1.517707 0.833952 0.447935 0.240855 0.135153 0.083744 0.059889 0.049314 0.044830 0.043008 0.042299 0.042033 0.041938 0.041905 0.041894 0.041891 0.041889 0.041889 0.041889 0.041889 0.041889 0.041889 0.041889 0.041888 0.041886 0.041882 0.041872 0.041849 0.041798 0.041691 0.041477 0.041071 0.040341 0.039099 0.037103 0.034084 0.029797 0.024095 0.017014 0.008820 0.000000 
50.000000 40.347733 31.260210 23.203210 16.473438 11.174370 7.237776 4.476053 2.644378 1.494527 0.810450 0.424251 0.217074 0.111322 0.059889 0.036023 0.025443 0.020957 0.019135 0.018425 0.018159 0.018064 0.018031 0.018020 0.018016 0.018015 0.018015 0.018015 0.018015 0.018015 0.018015 0.018015 0.018014 0.018014 0.018012 0.018007 0.017997 0.017974 0.017926 0.017831 0.017651 0.017330 0.016785 0.015914 0.014603 0.012751 0.010299 0.007265 0.003763 0.000000 
50.000000 40.345683 31.256229 23.197519 16.466321 11.166132 7.228707 4.466403 2.634342 1.484251 0.800030 0.413751 0.206531 0.100757 0.049314 0.025443 0.014861 0.010374 0.008551 0.007841 0.007576 0.007480 0.007447 0.007436 0.007433 0.007432 0.007431 0.007431 0.007431 0.007431 0.007431 0.007431 0.007431 0.007431 0.007430 0.007428 0.007423 0.007414 0.007393 0.007353 0.007277 0.007141 0.006913 0.006549 0.006005 0.005238 0.004227 0.002979 0.001542 0.000000 
50.000000 40.344813 31.254541 23.195105 16.463302 11.162638 7.224860 4.462309 2.630086 1.479892 0.795612 0.409298 0.202060 0.096277 0.044830 0.020957 0.010374 0.005886 0.004063 0.003353 0.003088 0.002992 0.002959 0.002948 0.002945 0.002944 0.002943 0.002943 0.002943 0.002943 0.002943 0.002943 0.002943 0.002943 0.002942 0.002942 0.002940 0.002936 0.002928 0.002911 0.002880 0.002826 0.002734 0.002589 0.002372 0.002067 0.001667 0.001174 0.000607 0.000000 
50.000000 40.344459 31.253855 23.194125 16.462076 11.161218 7.223297 4.460647 2.628357 1.478122 0.793817 0.407490 0.200244 0.094458 0.043008 0.019135 0.008551 0.004063 0.002240 0.001530 0.001265 0.001169 0.001136 0.001125 0.001122 0.001121 0.001120 0.001120 0.001120 0.001120 0.001120 0.001120 0.001120 0.001120 0.001120 0.001120 0.001119 0.001117 0.001114 0.001108 0.001096 0.001075 0.001039 0.000984 0.000901 0.000784 0.000632 0.000445 0.000230 0.000000 
50.000000 40.344321 31.253587 23.193743 16.461598 11.160665 7.222689 4.459999 2.627683 1.477433 0.793118 0.406785 0.199537 0.093749 0.042299 0.018425 0.007841 0.003353 0.001530 0.000820 0.000555 0.000459 0.000426 0.000415 0.000412 0.000411 0.000410 0.000410 0.000410 0.000410 0.000410 0.000410 0.000410 0.000410 0.000410 0.000410 0.000410 0.000409 0.000408 0.000405 0.000401 0.000393 0.000380 0.000360 0.000329 0.000286 0.000231 0.000162 0.000084 0.000000 
50.000000 40.344270 31.253487 23.193600 16.461419 11.160458 7.222461 4.459757 2.627431 1.477175 0.792856 0.406522 0.199272 0.093484 0.042033 0.018159 0.007576 0.003088 0.001265 0.000555 0.000289 0.000194 0.000161 0.000150 0.000146 0.000145 0.000145 0.000145 0.000145 0.000145 0.000145 0.000145 0.000145 0.000145 0.000145 0.000144 0.000144 0.000144 0.000144 0.000143 0.000141 0.000139 0.000134 0.000127 0.000116 0.000101 0.000081 0.000057 0.000029 0.000000 
50.000000 40.344251 31.253451 23.193548 16.461355 11.160384 7.222379 4.459670 2.627341 1.477082 0.792762 0.406427 0.199177 0.093389 0.041938 0.018064 0.007480 0.002992 0.001169 0.000459 0.000194 0.000098 0.000065 0.000054 0.000051 0.000050 0.000049 0.000049 0.000049 0.000049 0.000049 0.000049 0.000049 0.000049 0.000049 0.000049 0.000049 0.000049 0.000049 0.000049 0.000048 0.000047 0.000045 0.000043 0.000039 0.000034 0.000027 0.000019 0.000010 0.000000 
50.000000 40.344245 31.253439 23.193530 16.461333 11.160358 7.222351 4.459639 2.627310 1.477050 0.792730 0.406394 0.199144 0.093356 0.041905 0.018031 0.007447 0.002959 0.001136 0.000426 0.000161 0.000065 0.000032 0.000021 0.000018 0.000017 0.000016 0.000016 0.000016 0.000016 0.000016 0.000016 0.000016 0.000016 0.000016 0.000016 0.000016 0.000016 0.000016 0.000016 0.000016 0.000015 0.000015 0.000014 0.000013 0.000011 0.000009 0.000006 0.000003 0.000000 
50.000000 40.344243 31.253435 23.193525 16.461325 11.160350 7.222341 4.459630 2.627299 1.477039 0.792719 0.406384 0.199134 0.093345 0.041894 0.018020 0.007436 0.002948 0.001125 0.000415 0.000150 0.000054 0.000021 0.000010 0.000007 0.000006 0.000005 0.000005 0.000005 0.000005 0.000005 0.000005 0.000005 0.000005 0.000005 0.000005 0.000005 0.000005 0.000005 0.000005 0.000005 0.000005 0.000005 0.000005 0.000004 0.000004 0.000003 0.000002 0.000001 0.000000 
50.000000 40.344242 31.253434 23.193523 16.461323 11.160347 7.222339 4.459627 2.627296 1.477036 0.792716 0.406380 0.199130 0.093342 0.041891 0.018017 0.007433 0.002945 0.001122 0.000412 0.000147 0.000051 0.000018 0.000007 0.000004 0.000002 0.000002 0.000002 0.000002 0.000002 0.000002 0.000002 0.000002 0.000002 0.000002 0.000002 0.000002 0.000002 0.000002 0.000002 0.000002 0.000002 0.000002 0.000002 0.000002 0.000001 0.000001 0.000001 0.000000 0.000000 
50.000000 40.344242 31.253434 23.193523 16.461323 11.160347 7.222339 4.459627 2.627296 1.477036 0.792716 0.406380 0.199130 0.093342 0.041891 0.018017 0.007433 0.002945 0.001122 0.000412 0.000147 0.000051 0.000018 0.000007 0.000004 0.000002 0.000002 0.000002 0.000002 0.000002 0.000002 0.000002 0.000002 0.000002 0.000002 0.000002 0.000002 0.000002 0.000002 0.000002 0.000002 0.000002 0.000002 0.000002 0.000002 0.000001 0.000001 0.000001 0.000000 0.000000 
50.000000 40.344243 31.253435 23.193525 16.461325 11.160350 7.222341 4.459630 2.627299 1.477039 0.792719 0.406384 0.199134 0.093345 0.041894 0.018020 0.007436 0.002948 0.001125 0.000415 0.000150 0.000054 0.000021 0.000010 0.000007 0.000006 0.000005 0.000005 0.000005 0.000005 0.000005 0.000005 0.000005 0.000005 0.000005 0.000005 0.000005 0.000005 0.000005 0.000005 0.000005 0.000005 0.000005 0.000005 0.000004 0.000004 0.000003 0.000002 0.000001 0.000000 
50.000000 40.344245 31.253439 23.193530 16.461333 11.160358 7.222351 4.459639 2.627310 1.477050 0.792730 0.406394 0.199144 0.093356 0.041905 0.018031 0.007447 0.002959 0.001136 0.000426 0.000161 0.000065 0.000032 0.000021 0.000018 0.000017 0.000016 0.000016 0.000016 0.000016 0.000016 0.000016 0.000016 0.000016 0.000016 0.000016 0.000016 0.000016 0.000016 0.000016 0.000016 0.000015 0.000015 0.000014 0.000013 0.000011 0.000009 0.000006 0.000003 0.000000 
50.000000 40.344251 31.253451 23.193548 16.461355 11.160384 7.222379 4.459670 2.627341 1.477082 0.792762 0.406427 0.199177 0.093389 0.041938 0.018064 0.007480 0.002992 0.001169 0.000459 0.000194 0.000098 0.000065 0.000054 0.000051 0.000050 0.000049 0.000049 0.000049 0.000049 0.000049 0.000049 0.000049 0.000049 0.000049 0.000049 0.000049 0.000049 0.000049 0.000049 0.000048 0.000047 0.000045 0.000043 0.000039 0.000034 0.000027 0.000019 0.000010 0.000000 
50.000000 40.344270 31.253487 23.193600 16.461419 11.160458 7.222461 4.459757 2.627431 1.477175 0.792856 0.406522 0.199272 0.093484 0.042033 0.018159 0.007576 0.003088 0.001265 0.000555 0.000289 0.000194 0.000161 0.000150 0.000146 0.000145 0.000145 0.000145 0.000145 0.000145 0.000145 0.000145 0.000145 0.000145 0.000145 0.000144 0.000144 0.000144 0.000144 0.000143 0.000141 0.000139 0.000134 0.000127 0.000116 0.000101 0.000081 0.000057 0.000029 0.000000 
50.000000 40.344321 31.253587 23.193743 16.461598 11.160665 7.222689 4.459999 2.627683 1.477433 0.793118 0.406785 0.199537 0.093749 0.042299 0.018425 0.007841 0.003353 0.001530 0.000820 0.000555 0.000459 0.000426 0.000415 0.000412 0.000411 0.000410 0.000410 0.000410 0.000410 0.000410 0.000410 0.000410 0.000410 0.000410 0.000410 0.000410 0.000409 0.000408 0.000405 0.000401 0.000393 0.000380 0.000360 0.000329 0.000286 0.000231 0.000162 0.000084 0.000000 
50.000000 40.344459 31.253855 23.194125 16.462076 11.161218 7.223297 4.460647 2.628357 1.478122 0.793817 0.407490 0.200244 0.094458 0.043008 0.019135 0.008551 0.004063 0.002240 0.001530 0.001265 0.001169 0.001136 0.001125 0.001122 0.001121 0.001120 0.001120 0.001120 0.001120 0.001120 0.001120 0.001120 0.001120 0.001120 0.001120 0.001119 0.001117 0.001114 0.001108 0.001096 0.001075 0.001039 0.000984 0.000901 0.000784 0.000632 0.000445 0.000230 0.000000 
50.000000 40.344813 31.254541 23.195105 16.463302 11.162638 7.224860 4.462309 2.630086 1.479892 0.795612 0.409298 0.202060 0.096277 0.044830 0.020957 0.010374 0.005886 0.004063 0.003353 0.003088 0.002992 0.002959 0.002948 0.002945 0.002944 0.002943 0.002943 0.002943 0.002943 0.002943 0.002943 0.002943 0.002943 0.002942 0.002942 0.002940 0.002936 0.002928 0.002911 0.002880 0.002826 0.002734 0.002589 0.002372 0.002067 0.001667 0.001174 0.000607 0.000000 
50.000000 40.345683 31.256229 23.197519 16.466321 11.166132 7.228707 4.466403 2.634342 1.484251 0.800030 0.413751 0.206531 0.100757 0.049314 0.025443 0.014861 0.010374 0.008551 0.007841 0.007576 0.007480 0.007447 0.007436 0.007433 0.007432 0.007431 0.007431 0.007431 0.007431 0.007431 0.007431 0.007431 0.007431 0.007430 0.007428 0.007423 0.007414 0.007393 0.007353 0.007277 0.007141 0.006913 0.006549 0.006005 0.005238 0.004227 0.002979 0.001542 0.000000 
50.000000 40.347733 31.260210 23.203210 16.473438 11.174370 7.237776 4.476053 2.644378 1.494527 0.810450 0.424251 0.217074 0.111322 0.059889 0.036023 0.025443 0.020957 0.019135 0.018425 0.018159 0.018064 0.018031 0.018020 0.018016 0.018015 0.018015 0.018015 0.018015 0.018015 0.018015 0.018015 0.018014 0.018014 0.018012 0.018007 0.017997 0.017974 0.017926 0.017831 0.017651 0.017330 0.016785 0.015914 0.014603 0.012751 0.010299 0.007265 0.003763 0.000000 
50.000000 40.352357 31.269186 23.216041 16.489486 11.192948 7.258229 4.497821 2.667014 1.517707 0.833952 0.447935 0.240855 0.135153 0.083744 0.059889 0.049314 0.044830 0.043008 0.042299 0.042033 0.041938 0.041905 0.041894 0.041891 0.041889 0.041889 0.041889 0.041889 0.041889 0.041889 0.041889 0.041888 0.041886 0.041882 0.041872 0.041849 0.041798 0.041691 0.041477 0.041071 0.040341 0.039099 0.037103 0.034084 0.029797 0.024095 0.017014 0.008820 0.000000 
50.000000 40.362319 31.288523 23.243685 16.524062 11.232975 7.302301 4.544724 2.715791 1.567659 0.884601 0.498976 0.292105 0.186510 0.135153 0.111322 0.100757 0.096277 0.094458 0.093749 0.093484 0.093389 0.093356 0.093345 0.093341 0.093340 0.093340 0.093340 0.093340 0.093339 0.093339 0.093339 0.093338 0.093334 0.093325 0.093304 0.093255 0.093147 0.092918 0.092460 0.091587 0.090007 0.087302 0.082932 0.076282 0.066784 0.054084 0.038238 0.019838 0.000000 
50.000000 40.382793 31.328268 23.300507 16.595136 11.315259 7.392902 4.641151 2.816075 1.670359 0.988736 0.603919 0.397481 0.292105 0.240855 0.217074 0.206531 0.202060 0.200244 0.199537 0.199272 0.199177 0.199144 0.199133 0.199130 0.199129 0.199129 0.199128 0.199128 0.199128 0.199128 0.199127 0.199124 0.199117 0.199100 0.199057 0.198959 0.198740 0.198278 0.197346 0.195558 0.192303 0.186696 0.177570 0.163586 0.143470 0.116395 0.082423 0.042809 0.000000 
50.000000 40.422890 31.406107 23.411793 16.734340 11.476427 7.570368 4.830037 3.012524 1.871548 1.192739 0.809508 0.603919 0.498976 0.447935 0.424251 0.413751 0.409298 0.407490 0.406785 0.406522 0.406427 0.406394 0.406383 0.406380 0.406379 0.406379 0.406378 0.406378 0.406378 0.406377 0.406376 0.406371 0.406358 0.406325 0.406244 0.406057 0.405641 0.404754 0.402955 0.399482 0.393118 0.382066 0.363932 0.335907 0.295244 0.240070 0.170343 0.088598 0.000000 
50.000000 40.497610 31.551163 23.619184 16.993770 11.776802 7.901134 5.182099 3.378695 2.246563 1.573008 1.192739 0.988736 0.884601 0.833952 0.810450 0.800030 0.795612 0.793817 0.793118 0.792856 0.792762 0.792730 0.792719 0.792715 0.792714 0.792714 0.792714 0.792714 0.792713 0.792712 0.792709 0.792700 0.792677 0.792619 0.792475 0.792140 0.791390 0.789784 0.786504 0.780127 0.768342 0.747694 0.713486 0.660071 0.581755 0.474403 0.337496 0.175864 0.000000 
50.000000 40.629922 31.808027 23.986444 17.453199 12.308763 8.486938 5.805646 4.027249 2.910800 2.246563 1.871548 1.670359 1.567659 1.517707 1.494527 1.484251 1.479892 1.478122 1.477433 1.477175 1.477082 1.477050 1.477039 1.477036 1.477035 1.477034 1.477034 1.477034 1.477033 1.477032 1.477026 1.477012 1.476974 1.476876 1.476636 1.476072 1.474802 1.472065 1.466436 1.455400 1.434813 1.398366 1.337285 1.240722 1.097300 0.898161 0.641183 0.334954 0.000000 
50.000000 40.852260 32.239671 24.603615 18.225283 13.202772 9.471474 6.853650 5.117316 4.027249 3.378695 3.012524 2.816075 2.715791 2.667014 2.644378 2.634342 2.630086 2.628357 2.627683 2.627431 2.627341 2.627310 2.627299 2.627296 2.627295 2.627294 2.627294 2.627294 2.627293 2.627290 2.627282 2.627260 2.627200 2.627048 2.626672 2.625784 2.623772 2.619406 2.610353 2.592436 2.558658 2.498126 2.395299 2.230282 1.981219 1.629668 1.168901 0.612794 0.000000 
50.000000 41.206347 32.927100 25.586537 19.454960 14.626684 11.039621 8.522939 6.853650 5.805646 5.182099 4.830037 4.641151 4.544724 4.497821 4.476053 4.466403 4.462309 4.460647 4.459999 4.459757 4.459670 4.459639 4.459629 4.459626 4.459625 4.459625 4.459625 4.459624 4.459623 4.459619 4.459607 4.459575 4.459490 4.459269 4.458722 4.457421 4.454455 4.447971 4.434406 4.407281 4.355523 4.261469 4.099112 3.833790 3.425219 2.836141 2.047744 1.079069 0.000000 
50.000000 41.740102 33.963352 27.068256 21.308705 16.773301 13.403753 11.039621 9.471474 8.486938 7.901134 7.570368 7.392902 7.302301 7.258229 7.237776 7.228707 7.224860 7.223297 7.222689 7.222461 7.222379 7.222351 7.222341 7.222338 7.222337 7.222337 7.222337 7.222336 7.222334 7.222329 7.222314 7.222271 7.222157 7.221862 7.221127 7.219369 7.215332 7.206436 7.187648 7.149653 7.076175 6.940509 6.701877 6.303251 5.673795 4.740731 3.455687 1.835407 0.000000 
50.000000 42.500770 35.440161 29.179959 23.950669 19.832750 16.773301 14.626684 13.202772 12.308763 11.776802 11.476427 11.315259 11.232975 11.192948 11.174370 11.166132 11.162638 11.161218 11.160665 11.160458 11.160384 11.160358 11.160350 11.160347 11.160346 11.160346 11.160345 11.160345 11.160343 11.160336 11.160318 11.160266 11.160127 11.159766 11.158864 11.156693 11.151673 11.140521 11.116731 11.068040 10.972490 10.792894 10.470050 9.916375 9.014199 7.627285 5.639422 3.033786 0.000000 
50.000000 43.524534 37.427782 32.022122 27.506589 23.950669 21.308705 19.454960 18.225283 17.453199 16.993770 16.734340 16.595136 16.524062 16.489486 16.473438 16.466321 16.463302 16.462076 16.461598 16.461419 16.461355 16.461333 16.461325 16.461323 16.461322 16.461322 16.461322 16.461321 16.461319 16.461312 16.461292 16.461235 16.461083 16.460686 16.459689 16.457279 16.451666 16.439096 16.412015 16.355898 16.244064 16.029741 15.634909 14.936471 13.753294 11.845249 8.951741 4.923410 0.000000 
50.000000 44.824525 39.951715 35.631222 32.022122 29.179959 27.068256 25.586537 24.603615 23.986444 23.619184 23.411793 23.300507 23.243685 23.216041 23.203210 23.197519 23.195105 23.194125 23.193743 23.193600 23.193548 23.193530 23.193524 23.193523 23.193522 23.193522 23.193521 23.193521 23.193519 23.193512 23.193493 23.193439 23.193293 23.192910 23.191946 23.189601 23.184111 23.171723 23.144781 23.088283 22.973947 22.750396 22.327525 21.552674 20.176873 17.815611 13.935196 7.984342 0.000000 
50.000000 46.380734 42.973114 39.951715 37.427782 35.440161 33.963352 32.927100 32.239671 31.808027 31.551163 31.406107 31.328268 31.288523 31.269186 31.260210 31.256229 31.254541 31.253855 31.253587 31.253487 31.253451 31.253439 31.253435 31.253433 31.253433 31.253433 31.253433 31.253432 31.253430 31.253425 31.253410 31.253367 31.253250 31.252945 31.252172 31.250285 31.245845 31.235765 31.213667 31.166844 31.070770 30.879356 30.507666 29.800740 28.476041 26.016519 21.486557 13.334977 0.000000 
50.000000 48.135864 46.380734 44.824525 43.524534 42.500770 41.740102 41.206347 40.852260 40.629922 40.497610 40.422890 40.382793 40.362319 40.352357 40.347733 40.345683 40.344813 40.344459 40.344321 40.344270 40.344251 40.344245 40.344243 40.344242 40.344242 40.344242 40.344242 40.344241 40.344240 40.344237 40.344229 40.344205 40.344140 40.343970 40.343538 40.342480 40.339984 40.334292 40.321746 40.294969 40.239467 40.127278 39.904695 39.466984 38.601124 36.840184 33.045757 24.067932 0.000000 
50.000000 50.000000 50.000000 50.000000 50.000000 50.000000 50.000000 50.000000 50.000000 50.000000 50.000000 50.000000 50.000000 50.000000 50.000000 50.000000 50.000000 50.000000 50.000000 50.000000 50.000000 50.000000 50.000000 50.000000 50.000000 50.000000 50.000000 50.000000 50.000000 50.000000 50.000000 50.000000 50.000000 50.000000 50.000000 50.000000 50.000000 50.000000 50.000000 50.000000 50.000000 50.000000 50.000000 50.000000 50.000000 50.000000 50.000000 50.000000 50.000000 50.000000 
