50.000000 50.000000 50.000000 50.000000 50.000000 50.000000 50.000000 50.000000 50.000000 50.000000 50.000000 50.000000 50.000000 50.000000 50.000000 50.000000 50.000000 50.000000 50.000000 50.000000 50.000000 50.000000 50.000000 50.000000 50.000000 50.000000 50.000000 50.000000 50.000000 50.000000 50.000000 50.000000 50.000000 50.000000 50.000000 50.000000 50.000000 50.000000 50.000000 50.000000 50.000000 50.000000 50.000000 50.000000 50.000000 50.000000 50.000000 50.000000 50.000000 50.000000 
50.000000 41.538007 35.287860 31.773268 30.212556 29.647102 29.475431 29.430812 29.420712 29.418692 29.418331 29.418273 29.418265 29.418264 29.418264 29.418264 29.418264 29.418264 29.418264 29.418264 29.418264 29.418264 29.418264 29.418264 29.418264 29.418264 29.418264 29.418264 29.418264 29.418264 29.418264 29.418264 29.418264 29.418264 29.418264 29.418264 29.418264 29.418263 29.418263 29.418259 29.418234 29.418065 29.417057 29.411577 29.384554 29.264024 28.776938 26.977435 20.769003 0.000000 
50.000000 35.287860 24.423843 18.317265 15.606954 14.625580 14.327832 14.250498 14.233004 14.229509 14.228885 14.228784 14.228770 14.228768 14.228767 14.228767 14.228767 14.228767 14.228767 14.228767 14.228767 14.228767 14.228767 14.228767 14.228767 14.228767 14.228767 14.228767 14.228767 14.228767 14.228767 14.228767 14.228767 14.228767 14.228767 14.228767 14.228767 14.228767 14.228767 14.228763 14.228734 14.228549 14.227461 14.221666 14.193991 14.076446 13.637021 12.211922 8.310425 0.000000 
50.000000 31.773268 18.317265 10.756966 7.403261 6.189674 5.821720 5.726219 5.704631 5.700321 5.699553 5.699429 5.699411 5.699408 5.699408 5.699408 5.699408 5.699408 5.699408 5.699408 5.699408 5.699408 5.699408 5.699408 5.699408 5.699408 5.699408 5.699408 5.699408 5.699408 5.699408 5.699408 5.699408 5.699408 5.699408 5.699408 5.699408 5.699408 5.699408 5.699405 5.699387 5.699272 5.698605 5.695120 5.678914 5.612657 5.378483 4.680244 2.996330 0.000000 
50.000000 30.212556 15.606954 7.403261 3.765567 2.449798 2.051054 1.947614 1.924244 1.919581 1.918750 1.918616 1.918597 1.918594 1.918594 1.918594 1.918594 1.918594 1.918594 1.918594 1.918594 1.918594 1.918594 1.918594 1.918594 1.918594 1.918594 1.918594 1.918594 1.918594 1.918594 1.918594 1.918594 1.918594 1.918594 1.918594 1.918594 1.918594 1.918594 1.918593 1.918585 1.918534 1.918243 1.916745 1.909917 1.882783 1.790604 1.530508 0.948532 0.000000 
50.000000 29.647102 14.625580 6.189674 2.449798 1.097392 0.687652 0.581388 0.557386 0.552599 0.551746 0.551608 0.551588 0.551586 0.551585 0.551585 0.551585 0.551585 0.551585 0.551585 0.551585 0.551585 0.551585 0.551585 0.551585 0.551585 0.551585 0.551585 0.551585 0.551585 0.551585 0.551585 0.551585 0.551585 0.551585 0.551585 0.551585 0.551585 0.551585 0.551585 0.551582 0.551565 0.551466 0.550961 0.548696 0.539881 0.510760 0.431589 0.262548 0.000000 
50.000000 29.475431 14.327832 5.821720 2.051054 0.687652 0.274624 0.167519 0.143331 0.138506 0.137647 0.137509 0.137488 0.137486 0.137485 0.137485 0.137485 0.137485 0.137485 0.137485 0.137485 0.137485 0.137485 0.137485 0.137485 0.137485 0.137485 0.137485 0.137485 0.137485 0.137485 0.137485 0.137485 0.137485 0.137485 0.137485 0.137485 0.137485 0.137485 0.137485 0.137484 0.137479 0.137452 0.137312 0.136691 0.134310 0.126599 0.106167 0.063855 0.000000 
50.000000 29.430812 14.250498 5.726219 1.947614 0.581388 0.167519 0.060200 0.035965 0.031131 0.030270 0.030131 0.030111 0.030109 0.030108 0.030108 0.030108 0.030108 0.030108 0.030108 0.030108 0.030108 0.030108 0.030108 0.030108 0.030108 0.030108 0.030108 0.030108 0.030108 0.030108 0.030108 0.030108 0.030108 0.030108 0.030108 0.030108 0.030108 0.030108 0.030108 0.030108 0.030107 0.030100 0.030067 0.029922 0.029371 0.027613 0.023037 0.013755 0.000000 
50.000000 29.420712 14.233004 5.704631 1.924244 0.557386 0.143331 0.035965 0.011719 0.006883 0.006022 0.005883 0.005863 0.005860 0.005860 0.005860 0.005860 0.005860 0.005860 0.005860 0.005860 0.005860 0.005860 0.005860 0.005860 0.005860 0.005860 0.005860 0.005860 0.005860 0.005860 0.005860 0.005860 0.005860 0.005860 0.005860 0.005860 0.005860 0.005860 0.005860 0.005860 0.005859 0.005858 0.005851 0.005822 0.005710 0.005359 0.004455 0.002647 0.000000 
50.000000 29.418692 14.229509 5.700321 1.919581 0.552599 0.138506 0.031131 0.006883 0.002047 0.001185 0.001047 0.001027 0.001024 0.001024 0.001024 0.001024 0.001024 0.001024 0.001024 0.001024 0.001024 0.001024 0.001024 0.001024 0.001024 0.001024 0.001024 0.001024 0.001024 0.001024 0.001024 0.001024 0.001024 0.001024 0.001024 0.001024 0.001024 0.001024 0.001024 0.001024 0.001023 0.001023 0.001022 0.001017 0.000997 0.000934 0.000775 0.000459 0.000000 
50.000000 29.418331 14.228885 5.699553 1.918750 0.551746 0.137647 0.030270 0.006022 0.001185 0.000324 0.000185 0.000165 0.000162 0.000162 0.000162 0.000162 0.000162 0.000162 0.000162 0.000162 0.000162 0.000162 0.000162 0.000162 0.000162 0.000162 0.000162 0.000162 0.000162 0.000162 0.000162 0.000162 0.000162 0.000162 0.000162 0.000162 0.000162 0.000162 0.000162 0.000162 0.000162 0.000162 0.000162 0.000161 0.000157 0.000147 0.000122 0.000072 0.000000 
50.000000 29.418273 14.228784 5.699429 1.918616 0.551608 0.137509 0.030131 0.005883 0.001047 0.000185 0.000047 0.000026 0.000024 0.000023 0.000023 0.000023 0.000023 0.000023 0.000023 0.000023 0.000023 0.000023 0.000023 0.000023 0.000023 0.000023 0.000023 0.000023 0.000023 0.000023 0.000023 0.000023 0.000023 0.000023 0.000023 0.000023 0.000023 0.000023 0.000023 0.000023 0.000023 0.000023 0.000023 0.000023 0.000023 0.000021 0.000018 0.000010 0.000000 
50.000000 29.418265 14.228770 5.699411 1.918597 0.551588 0.137488 0.030111 0.005863 0.001027 0.000165 0.000026 0.000006 0.000003 0.000003 0.000003 0.000003 0.000003 0.000003 0.000003 0.000003 0.000003 0.000003 0.000003 0.000003 0.000003 0.000003 0.000003 0.000003 0.000003 0.000003 0.000003 0.000003 0.000003 0.000003 0.000003 0.000003 0.000003 0.000003 0.000003 0.000003 0.000003 0.000003 0.000003 0.000003 0.000003 0.000003 0.000002 0.000001 0.000000 
50.000000 29.418264 14.228768 5.699408 1.918594 0.551586 0.137486 0.030109 0.005860 0.001024 0.000162 0.000024 0.000003 0.000001 0.000000 0.000000 0.000000 0.000000 0.000000 0.000000 0.000000 0.000000 0.000000 0.000000 0.000000 0.000000 0.000000 0.000000 0.000000 0.000000 0.000000 0.000000 0.000000 0.000000 0.000000 0.000000 0.000000 0.000000 0.000000 0.000000 0.000000 0.000000 0.000000 0.000000 0.000000 0.000000 0.000000 0.000000 0.000000 0.000000 
50.000000 29.418264 14.228767 5.699408 1.918594 0.551585 0.137485 0.030108 0.005860 0.001024 0.000162 0.000023 0.000003 0.000000 0.000000 0.000000 0.000000 0.000000 0.000000 0.000000 0.000000 0.000000 0.000000 0.000000 0.000000 0.000000 0.000000 0.000000 0.000000 0.000000 0.000000 0.000000 0.000000 0.000000 0.000000 0.000000 0.000000 0.000000 0.000000 0.000000 0.000000 0.000000 0.000000 0.000000 0.000000 0.000000 0.000000 0.000000 0.000000 0.000000 
50.000000 29.418264 14.228767 5.699408 1.918594 0.551585 0.137485 0.030108 0.005860 0.001024 0.000162 0.000023 0.000003 0.000000 0.000000 0.000000 0.000000 0.000000 0.000000 0.000000 0.000000 0.000000 0.000000 0.000000 0.000000 0.000000 0.000000 0.000000 0.000000 0.000000 0.000000 0.000000 0.000000 0.000000 0.000000 0.000000 0.000000 0.000000 0.000000 0.000000 0.000000 0.000000 0.000000 0.000000 0.000000 0.000000 0.000000 0.000000 0.000000 0.000000 
50.000000 29.418264 14.228767 5.699408 1.918594 0.551585 0.137485 0.030108 0.005860 0.001024 0.000162 0.000023 0.000003 0.000000 0.000000 0.000000 0.000000 0.000000 0.000000 0.000000 0.000000 0.000000 0.000000 0.000000 0.000000 0.000000 0.000000 0.000000 0.000000 0.000000 0.000000 0.000000 0.000000 0.000000 0.000000 0.000000 0.000000 0.000000 0.000000 0.000000 0.000000 0.000000 0.000000 0.000000 0.000000 0.000000 0.000000 0.000000 0.000000 0.000000 
50.000000 29.418264 14.228767 5.699408 1.918594 0.551585 0.137485 0.030108 0.005860 0.001024 0.000162 0.000023 0.000003 0.000000 0.000000 0.000000 0.000000 0.000000 0.000000 0.000000 0.000000 0.000000 0.000000 0.000000 0.000000 0.000000 0.000000 0.000000 0.000000 0.000000 0.000000 0.000000 0.000000 0.000000 0.000000 0.000000 0.000000 0.000000 0.000000 0.000000 0.000000 0.000000 0.000000 0.000000 0.000000 0.000000 0.000000 0.000000 0.000000 0.000000 
50.000000 29.418264 14.228767 5.699408 1.918594 0.551585 0.137485 0.030108 0.005860 0.001024 0.000162 0.000023 0.000003 0.000000 0.000000 0.000000 0.000000 0.000000 0.000000 0.000000 0.000000 0.000000 0.000000 0.000000 0.000000 0.000000 0.000000 0.000000 0.000000 0.000000 0.000000 0.000000 0.000000 0.000000 0.000000 0.000000 0.000000 0.000000 0.000000 0.000000 0.000000 0.000000 0.000000 0.000000 0.000000 0.000000 0.000000 0.000000 0.000000 0.000000 
50.000000 29.418264 14.228767 5.699408 1.918594 0.551585 0.137485 0.030108 0.005860 0.001024 0.000162 0.000023 0.000003 0.000000 0.000000 0.000000 0.000000 0.000000 0.000000 0.000000 0.000000 0.000000 0.000000 0.000000 0.000000 0.000000 0.000000 0.000000 0.000000 0.000000 0.000000 0.000000 0.000000 0.000000 0.000000 0.000000 0.000000 0.000000 0.000000 0.000000 0.000000 0.000000 0.000000 0.000000 0.000000 0.000000 0.000000 0.000000 0.000000 0.000000 
50.000000 29.418264 14.228767 5.699408 1.918594 0.551585 0.137485 0.030108 0.005860 0.001024 0.000162 0.000023 0.000003 0.000000 0.000000 0.000000 0.000000 0.000000 0.000000 0.000000 0.000000 0.000000 0.000000 0.000000 0.000000 0.000000 0.000000 0.000000 0.000000 0.000000 0.000000 0.000000 0.000000 0.000000 0.000000 0.000000 0.000000 0.000000 0.000000 0.000000 0.000000 0.000000 0.000000 0.000000 0.000000 0.000000 0.000000 0.000000 0.000000 0.000000 
50.000000 29.418264 14.228767 5.699408 1.918594 0.551585 0.137485 0.030108 0.005860 0.001024 0.000162 0.000023 0.000003 0.000000 0.000000 0.000000 0.000000 0.000000 0.000000 0.000000 0.000000 0.000000 0.000000 0.000000 0.000000 0.000000 0.000000 0.000000 0.000000 0.000000 0.000000 0.000000 0.000000 0.000000 0.000000 0.000000 0.000000 0.000000 0.000000 0.000000 0.000000 0.000000 0.000000 0.000000 0.000000 0.000000 0.000000 0.000000 0.000000 0.000000 
50.000000 29.418264 14.228767 5.699408 1.918594 0.551585 0.137485 0.030108 0.005860 0.001024 0.000162 0.000023 0.000003 0.000000 0.000000 0.000000 0.000000 0.000000 0.000000 0.000000 0.000000 0.000000 0.000000 0.000000 0.000000 0.000000 0.000000 0.000000 0.000000 0.000000 0.000000 0.000000 0.000000 0.000000 0.000000 0.000000 0.000000 0.000000 0.000000 0.000000 0.000000 0.000000 0.000000 0.000000 0.000000 0.000000 0.000000 0.000000 0.000000 0.000000 
50.000000 29.418264 14.228767 5.699408 1.918594 0.551585 0.137485 0.030108 0.005860 0.001024 0.000162 0.000023 0.000003 0.000000 0.000000 0.000000 0.000000 0.000000 0.000000 0.000000 0.000000 0.000000 0.000000 0.000000 0.000000 0.000000 0.000000 0.000000 0.000000 0.000000 0.000000 0.000000 0.000000 0.000000 0.000000 0.000000 0.000000 0.000000 0.000000 0.000000 0.000000 0.000000 0.000000 0.000000 0.000000 0.000000 0.000000 0.000000 0.000000 0.000000 
50.000000 29.418264 14.228767 5.699408 1.918594 0.551585 0.137485 0.030108 0.005860 0.001024 0.000162 0.000023 0.000003 0.000000 0.000000 0.000000 0.000000 0.000000 0.000000 0.000000 0.000000 0.000000 0.000000 0.000000 0.000000 0.000000 0.000000 0.000000 0.000000 0.000000 0.000000 0.000000 0.000000 0.000000 0.000000 0.000000 0.000000 0.000000 0.000000 0.000000 0.000000 0.000000 0.000000 0.000000 0.000000 0.000000 0.000000 0.000000 0.000000 0.000000 
50.000000 29.418264 14.228767 5.699408 1.918594 0.551585 0.137485 0.030108 0.005860 0.001024 0.000162 0.000023 0.000003 0.000000 0.000000 0.000000 0.000000 0.000000 0.000000 0.000000 0.000000 0.000000 0.000000 0.000000 0.000000 0.000000 0.000000 0.000000 0.000000 0.000000 0.000000 0.000000 0.000000 0.000000 0.000000 0.000000 0.000000 0.000000 0.000000 0.000000 0.000000 0.000000 0.000000 0.000000 0.000000 0.000000 0.000000 0.000000 0.000000 0.000000 
50.000000 29.418264 14.228767 5.699408 1.918594 0.551585 0.137485 0.030108 0.005860 0.001024 0.000162 0.000023 0.000003 0.000000 0.000000 0.000000 0.000000 0.000000 0.000000 0.000000 0.000000 0.000000 0.000000 0.000000 0.000000 0.000000 0.000000 0.000000 0.000000 0.000000 0.000000 0.000000 0.000000 0.000000 0.000000 0.000000 0.000000 0.000000 0.000000 0.000000 0.000000 0.000000 0.000000 0.000000 0.000000 0.000000 0.000000 0.000000 0.000000 0.000000 
50.000000 29.418264 14.228767 5.699408 1.918594 0.551585 0.137485 0.030108 0.005860 0.001024 0.000162 0.000023 0.000003 0.000000 0.000000 0.000000 0.000000 0.000000 0.000000 0.000000 0.000000 0.000000 0.000000 0.000000 0.000000 0.000000 0.000000 0.000000 0.000000 0.000000 0.000000 0.000000 0.000000 0.000000 0.000000 0.000000 0.000000 0.000000 0.000000 0.000000 0.000000 0.000000 0.000000 0.000000 0.000000 0.000000 0.000000 0.000000 0.000000 0.000000 
50.000000 29.418264 14.228767 5.699408 1.918594 0.551585 0.137485 0.030108 0.005860 0.001024 0.000162 0.000023 0.000003 0.000000 0.000000 0.000000 0.000000 0.000000 0.000000 0.000000 0.000000 0.000000 0.000000 0.000000 0.000000 0.000000 0.000000 0.000000 0.000000 0.000000 0.000000 0.000000 0.000000 0.000000 0.000000 0.000000 0.000000 0.000000 0.000000 0.000000 0.000000 0.000000 0.000000 0.000000 0.000000 0.000000 0.000000 0.000000 0.000000 0.000000 
50.000000 29.418264 14.228767 5.699408 1.918594 0.551585 0.137485 0.030108 0.005860 0.001024 0.000162 0.000023 0.000003 0.000000 0.000000 0.000000 0.000000 0.000000 0.000000 0.000000 0.000000 0.000000 0.000000 0.000000 0.000000 0.000000 0.000000 0.000000 0.000000 0.000000 0.000000 0.000000 0.000000 0.000000 0.000000 0.000000 0.000000 0.000000 0.000000 0.000000 0.000000 0.000000 0.000000 0.000000 0.000000 0.000000 0.000000 0.000000 0.000000 0.000000 
50.000000 29.418264 14.228767 5.699408 1.918594 0.551585 0.137485 0.030108 0.005860 0.001024 0.000162 0.000023 0.000003 0.000000 0.000000 0.000000 0.000000 0.000000 0.000000 0.000000 0.000000 0.000000 0.000000 0.000000 0.000000 0.000000 0.000000 0.000000 0.000000 0.000000 0.000000 0.000000 0.000000 0.000000 0.000000 0.000000 0.000000 0.000000 0.000000 0.000000 0.000000 0.000000 0.000000 0.000000 0.000000 0.000000 0.000000 0.000000 0.000000 0.000000 
50.000000 29.418264 14.228767 5.699408 1.918594 0.551585 0.137485 0.030108 0.005860 0.001024 0.000162 0.000023 0.000003 0.000000 0.000000 0.000000 0.000000 0.000000 0.000000 0.000000 0.000000 0.000000 0.000000 0.000000 0.000000 0.000000 0.000000 0.000000 0.000000 0.000000 0.000000 0.000000 0.000000 0.000000 0.000000 0.000000 0.000000 0.000000 0.000000 0.000000 0.000000 0.000000 0.000000 0.000000 0.000000 0.000000 0.000000 0.000000 0.000000 0.000000 
50.000000 29.418264 14.228767 5.699408 1.918594 0.551585 0.137485 0.030108 0.005860 0.001024 0.000162 0.000023 0.000003 0.000000 0.000000 0.000000 0.000000 0.000000 0.000000 0.000000 0.000000 0.000000 0.000000 0.000000 0.000000 0.000000 0.000000 0.000000 0.000000 0.000000 0.000000 0.000000 0.000000 0.000000 0.000000 0.000000 0.000000 0.000000 0.000000 0.000000 0.000000 0.000000 0.000000 0.000000 0.000000 0.000000 0.000000 0.000000 0.000000 0.000000 
50.000000 29.418264 14.228767 5.699408 1.918594 0.551585 0.137485 0.030108 0.005860 0.001024 0.000162 0.000023 0.000003 0.000000 0.000000 0.000000 0.000000 0.000000 0.000000 0.000000 0.000000 0.000000 0.000000 0.000000 0.000000 0.000000 0.000000 0.000000 0.000000 0.000000 0.000000 0.000000 0.000000 0.000000 0.000000 0.000000 0.000000 0.000000 0.000000 0.000000 0.000000 0.000000 0.000000 0.000000 0.000000 0.000000 0.000000 0.000000 0.000000 0.000000 
50.000000 29.418264 14.228767 5.699408 1.918594 0.551585 0.137485 0.030108 0.005860 0.001024 0.000162 0.000023 0.000003 0.000000 0.000000 0.000000 0.000000 0.000000 0.000000 0.000000 0.000000 0.000000 0.000000 0.000000 0.000000 0.000000 0.000000 0.000000 0.000000 0.000000 0.000000 0.000000 0.000000 0.000000 0.000000 0.000000 0.000000 0.000000 0.000000 0.000000 0.000000 0.000000 0.000000 0.000000 0.000000 0.000000 0.000000 0.000000 0.000000 0.000000 
50.000000 29.418264 14.228767 5.699408 1.918594 0.551585 0.137485 0.030108 0.005860 0.001024 0.000162 0.000023 0.000003 0.000000 0.000000 0.000000 0.000000 0.000000 0.000000 0.000000 0.000000 0.000000 0.000000 0.000000 0.000000 0.000000 0.000000 0.000000 0.000000 0.000000 0.000000 0.000000 0.000000 0.000000 0.000000 0.000000 0.000000 0.000000 0.000000 0.000000 0.000000 0.000000 0.000000 0.000000 0.000000 0.000000 0.000000 0.000000 0.000000 0.000000 
50.000000 29.418264 14.228768 5.699408 1.918594 0.551586 0.137486 0.030109 0.005860 0.001024 0.000162 0.000024 0.000003 0.000001 0.000000 0.000000 0.000000 0.000000 0.000000 0.000000 0.000000 0.000000 0.000000 0.000000 0.000000 0.000000 0.000000 0.000000 0.000000 0.000000 0.000000 0.000000 0.000000 0.000000 0.000000 0.000000 0.000000 0.000000 0.000000 0.000000 0.000000 0.000000 0.000000 0.000000 0.000000 0.000000 0.000000 0.000000 0.000000 0.000000 
50.000000 29.418265 14.228770 5.699411 1.918597 0.551588 0.137488 0.030111 0.005863 0.001027 0.000165 0.000026 0.000006 0.000003 0.000003 0.000003 0.000003 0.000003 0.000003 0.000003 0.000003 0.000003 0.000003 0.000003 0.000003 0.000003 0.000003 0.000003 0.000003 0.000003 0.000003 0.000003 0.000003 0.000003 0.000003 0.000003 0.000003 0.000003 0.000003 0.000003 0.000003 0.000003 0.000003 0.000003 0.000003 0.000003 0.000003 0.000002 0.000001 0.000000 
50.000000 29.418273 14.228784 5.699429 1.918616 0.551608 0.137509 0.030131 0.005883 0.001047 0.000185 0.000047 0.000026 0.000024 0.000023 0.000023 0.000023 0.000023 0.000023 0.000023 0.000023 0.000023 0.000023 0.000023 0.000023 0.000023 0.000023 0.000023 0.000023 0.000023 0.000023 0.000023 0.000023 0.000023 0.000023 0.000023 0.000023 0.000023 0.000023 0.000023 0.000023 0.000023 0.000023 0.000023 0.000023 0.000023 0.000021 0.000018 0.000010 0.000000 
50.000000 29.418331 14.228885 5.699553 1.918750 0.551746 0.137647 0.030270 0.006022 0.001185 0.000324 0.000185 0.000165 0.000162 0.000162 0.000162 0.000162 0.000162 0.000162 0.000162 0.000162 0.000162 0.000162 0.000162 0.000162 0.000162 0.000162 0.000162 0.000162 0.000162 0.000162 0.000162 0.000162 0.000162 0.000162 0.000162 0.000162 0.000162 0.000162 0.000162 0.000162 0.000162 0.000162 0.000162 0.000161 0.000157 0.000147 0.000122 0.000072 0.000000 
50.000000 29.418692 14.229509 5.700321 1.919581 0.552599 0.138506 0.031131 0.006883 0.002047 0.001185 0.001047 0.001027 0.001024 0.001024 0.001024 0.001024 0.001024 0.001024 0.001024 0.001024 0.001024 0.001024 0.001024 0.001024 0.001024 0.001024 0.001024 0.001024 0.001024 0.001024 0.001024 0.001024 0.001024 0.001024 0.001024 0.001024 0.001024 0.001024 0.001024 0.001024 0.001023 0.001023 0.001022 0.001017 0.000997 0.000934 0.000775 0.000459 0.000000 
50.000000 29.420712 14.233004 5.704631 1.924244 0.557386 0.143331 0.035965 0.011719 0.006883 0.006022 0.005883 0.005863 0.005860 0.005860 0.005860 0.005860 0.005860 0.005860 0.005860 0.005860 0.005860 0.005860 0.005860 0.005860 0.005860 0.005860 0.005860 0.005860 0.005860 0.005860 0.005860 0.005860 0.005860 0.005860 0.005860 0.005860 0.005860 0.005860 0.005860 0.005860 0.005859 0.005858 0.005851 0.005822 0.005710 0.005359 0.004455 0.002647 0.000000 
50.000000 29.430812 14.250498 5.726219 1.947614 0.581388 0.167519 0.060200 0.035965 0.031131 0.030270 0.030131 0.030111 0.030109 0.030108 0.030108 0.030108 0.030108 0.030108 0.030108 0.030108 0.030108 0.030108 0.030108 0.030108 0.030108 0.030108 0.030108 0.030108 0.030108 0.030108 0.030108 0.030108 0.030108 0.030108 0.030108 0.030108 0.030108 0.030108 0.030108 0.030108 0.030107 0.030100 0.030067 0.029922 0.029371 0.027613 0.023037 0.013755 0.000000 
50.000000 29.475431 14.327832 5.821720 2.051054 0.687652 0.274624 0.167519 0.143331 0.138506 0.137647 0.137509 0.137488 0.137486 0.137485 0.137485 0.137485 0.137485 0.137485 0.137485 0.137485 0.137485 0.137485 0.137485 0.137485 0.137485 0.137485 0.137485 0.137485 0.137485 0.137485 0.137485 0.137485 0.137485 0.137485 0.137485 0.137485 0.137485 0.137485 0.137485 0.137484 0.137479 0.137452 0.137312 0.136691 0.134310 0.126599 0.106167 0.063855 0.000000 
50.000000 29.647102 14.625580 6.189674 2.449798 1.097392 0.687652 0.581388 0.557386 0.552599 0.551746 0.551608 0.551588 0.551586 0.551585 0.551585 0.551585 0.551585 0.551585 0.551585 0.551585 0.551585 0.551585 0.551585 0.551585 0.551585 0.551585 0.551585 0.551585 0.551585 0.551585 0.551585 0.551585 0.551585 0.551585 0.551585 0.551585 0.551585 0.551585 0.551585 0.551582 0.551565 0.551466 0.550961 0.548696 0.539881 0.510760 0.431589 0.262548 0.000000 
50.000000 30.212556 15.606954 7.403261 3.765567 2.449798 2.051054 1.947614 1.924244 1.919581 1.918750 1.918616 1.918597 1.918594 1.918594 1.918594 1.918594 1.918594 1.918594 1.918594 1.918594 1.918594 1.918594 1.918594 1.918594 1.918594 1.918594 1.918594 1.918594 1.918594 1.918594 1.918594 1.918594 1.918594 1.918594 1.918594 1.918594 1.918594 1.918594 1.918593 1.918585 1.918534 1.918243 1.916745 1.909917 1.882783 1.790604 1.530508 0.948532 0.000000 
50.000000 31.773268 18.317265 10.756966 7.403261 6.189674 5.821720 5.726219 5.704631 5.700321 5.699553 5.699429 5.699411 5.699408 5.699408 5.699408 5.699408 5.699408 5.699408 5.699408 5.699408 5.699408 5.699408 5.699408 5.699408 5.699408 5.699408 5.699408 5.699408 5.699408 5.699408 5.699408 5.699408 5.699408 5.699408 5.699408 5.699408 5.699408 5.699408 5.699405 5.699387 5.699272 5.698605 5.695120 5.678914 5.612657 5.378483 4.680244 2.996330 0.000000 
50.000000 35.287860 24.423843 18.317265 15.606954 14.625580 14.327832 14.250498 14.233004 14.229509 14.228885 14.228784 14.228770 14.228768 14.228767 14.228767 14.228767 14.228767 14.228767 14.228767 14.228767 14.228767 14.228767 14.228767 14.228767 14.228767 14.228767 14.228767 14.228767 14.228767 14.228767 14.228767 14.228767 14.228767 14.228767 14.228767 14.228767 14.228767 14.228767 14.228763 14.228734 14.228549 14.227461 14.221666 14.193991 14.076446 13.637021 12.211922 8.310425 0.000000 
50.000000 41.538007 35.287860 31.773268 30.212556 29.647102 29.475431 29.430812 29.420712 29.418692 29.418331 29.418273 29.418265 29.418264 29.418264 29.418264 29.418264 29.418264 29.418264 29.418264 29.418264 29.418264 29.418264 29.418264 29.418264 29.418264 29.418264 29.418264 29.418264 29.418264 29.418264 29.418264 29.418264 29.418264 29.418264 29.418264 29.418264 29.418263 29.418263 29.418259 29.418234 29.418065 29.417057 29.411577 29.384554 29.264024 28.776938 26.977435 20.769003 0.000000 
50.000000 50.000000 50.000000 50.000000 50.000000 50.000000 50.000000 50.000000 50.000000 50.000000 50.000000 50.000000 50.000000 50.000000 50.000000 50.000000 50.000000 50.000000 50.000000 50.000000 50.000000 50.000000 50.000000 50.000000 50.000000 50.000000 50.000000 50.000000 50.000000 50.000000 50.000000 50.000000 50.000000 50.000000 50.000000 50.000000 50.000000 50.000000 50.000000 50.000000 50.000000 50.000000 50.000000 50.000000 50.000000 50.000000 50.000000 50.000000 50.000000 50.000000 
