50.000000 50.000000 50.000000 50.000000 50.000000 50.000000 50.000000 50.000000 50.000000 50.000000 50.000000 50.000000 50.000000 50.000000 50.000000 50.000000 50.000000 50.000000 50.000000 50.000000 50.000000 50.000000 50.000000 50.000000 50.000000 50.000000 50.000000 50.000000 50.000000 50.000000 50.000000 50.000000 50.000000 50.000000 50.000000 50.000000 50.000000 50.000000 50.000000 50.000000 50.000000 50.000000 50.000000 50.000000 50.000000 50.000000 50.000000 50.000000 50.000000 50.000000 
50.000000 48.949230 47.933120 46.982905 46.123526 45.371773 44.735629 44.214791 43.802117 43.485618 43.250594 43.081568 42.963798 42.884275 42.832217 42.799167 42.778810 42.766640 42.759576 42.755593 42.753410 42.752248 42.751645 42.751341 42.751190 42.751115 42.751072 42.751037 42.750987 42.750892 42.750700 42.750318 42.749566 42.748121 42.745399 42.740385 42.731330 42.715291 42.687385 42.639589 42.558786 42.423452 42.197713 41.819919 41.178647 40.056994 37.988481 33.840532 24.474615 0.000000 
50.000000 47.933120 45.934419 44.065333 42.374927 40.896224 39.644927 38.620439 37.808711 37.186162 36.723873 36.391403 36.159755 36.003336 35.900941 35.835933 35.795892 35.771954 35.758059 35.750225 35.745932 35.743646 35.742461 35.741862 35.741566 35.741418 35.741336 35.741268 35.741172 35.740993 35.740633 35.739914 35.738501 35.735789 35.730691 35.721316 35.704428 35.674609 35.622929 35.534869 35.387029 35.141787 34.738337 34.076984 32.990352 31.188724 28.155923 22.967210 14.092589 0.000000 
50.000000 46.982905 44.065333 41.336969 38.869433 36.710933 34.884388 33.388926 32.204039 31.295301 30.620500 30.135197 29.797065 29.568746 29.419284 29.324395 29.265950 29.231010 29.210729 29.199294 29.193028 29.189691 29.187961 29.187088 29.186656 29.186441 29.186322 29.186227 29.186096 29.185851 29.185363 29.184388 29.182478 29.178818 29.171957 29.159378 29.136807 29.097142 29.028810 28.913276 28.721270 28.407064 27.899704 27.089491 25.807312 23.794732 20.668484 15.909410 8.994423 0.000000 
50.000000 46.123526 42.374927 38.869433 35.699068 32.925771 30.578986 28.657594 27.135241 25.967694 25.100716 24.477208 24.042785 23.749450 23.557428 23.435522 23.360435 23.315548 23.289493 23.274803 23.266754 23.262467 23.260245 23.259123 23.258569 23.258294 23.258144 23.258028 23.257873 23.257588 23.257021 23.255893 23.253689 23.249476 23.241606 23.227234 23.201574 23.156751 23.080110 22.951744 22.740965 22.401369 21.864105 21.029101 19.754803 17.849534 15.074702 11.186203 6.066532 0.000000 
50.000000 45.371773 40.896224 36.710933 32.925771 29.614687 26.812838 24.518880 22.701349 21.307430 20.272365 19.527979 19.009341 18.659145 18.429904 18.284371 18.194732 18.141147 18.110043 18.092507 18.082898 18.077780 18.075128 18.073790 18.073129 18.072803 18.072628 18.072498 18.072331 18.072031 18.071438 18.070261 18.067969 18.063602 18.055477 18.040711 18.014495 17.969014 17.891897 17.764058 17.556818 17.228249 16.718864 15.947258 14.807344 13.170968 10.903621 7.905872 4.193126 0.000000 
50.000000 44.735629 39.644927 34.884388 30.578986 26.812838 23.625926 21.016724 18.949435 17.363982 16.186702 15.340048 14.750163 14.351864 14.091139 13.925619 13.823672 13.762729 13.727355 13.707412 13.696485 13.690665 13.687649 13.686127 13.685376 13.685007 13.684813 13.684676 13.684510 13.684217 13.683643 13.682509 13.680307 13.676129 13.668390 13.654397 13.629704 13.587179 13.515703 13.398460 13.210818 12.917924 12.472400 11.812963 10.865579 9.549885 7.794897 5.567943 2.915710 0.000000 
50.000000 44.214791 38.620439 33.388926 28.657594 24.518880 21.016724 18.149441 15.877690 14.135444 12.841750 11.911386 11.263184 10.825515 10.539021 10.357144 10.245125 10.178162 10.139295 10.117382 10.105376 10.098981 10.095668 10.093997 10.093173 10.092770 10.092562 10.092423 10.092265 10.091997 10.091476 10.090453 10.088473 10.084732 10.077834 10.065429 10.043678 10.006495 9.944544 9.843973 9.684980 9.440397 9.074721 8.544325 7.800017 6.793489 5.489222 3.882102 2.017078 0.000000 
50.000000 43.802117 37.808711 32.204039 27.135241 22.701349 18.949435 15.877690 13.443961 11.577507 10.191596 9.194923 8.500532 8.031680 7.724778 7.529949 7.409953 7.338223 7.296590 7.273118 7.260258 7.253409 7.249861 7.248071 7.247189 7.246760 7.246543 7.246406 7.246263 7.246029 7.245583 7.244710 7.243029 7.239867 7.234063 7.223683 7.205598 7.174907 7.124204 7.042704 6.915332 6.721981 6.437293 6.031511 5.473100 4.733872 3.796975 2.666924 1.378665 0.000000 
50.000000 43.485618 37.186162 31.295301 25.967694 21.307430 17.363982 14.135444 11.577507 9.615812 8.159193 7.111682 6.381879 5.889122 5.566577 5.361819 5.235710 5.160327 5.116574 5.091908 5.078394 5.071196 5.067467 5.065587 5.064662 5.064213 5.063990 5.063857 5.063731 5.063537 5.063173 5.062466 5.061111 5.058572 5.053934 5.045685 5.031400 5.007329 4.967883 4.905061 4.807906 4.662175 4.450464 4.153164 3.750611 3.226729 2.574031 1.799132 0.926832 0.000000 
50.000000 43.250594 36.723873 30.620500 25.100716 20.272365 16.186702 12.841750 10.191596 8.159193 6.650085 5.564835 4.808746 4.298247 3.964092 3.751967 3.621322 3.543229 3.497903 3.472350 3.458351 3.450895 3.447033 3.445085 3.444128 3.443665 3.443439 3.443311 3.443203 3.443047 3.442764 3.442217 3.441175 3.439230 3.435695 3.429439 3.418671 3.400647 3.371333 3.325042 3.254133 3.148891 2.997777 2.788242 2.508307 2.148972 1.707224 1.189005 0.611005 0.000000 
50.000000 43.081568 36.391403 30.135197 24.477208 19.527979 15.340048 11.911386 9.194923 7.111682 5.564835 4.452455 3.677471 3.154219 2.811720 2.594300 2.460395 2.380354 2.333899 2.307709 2.293361 2.285720 2.281762 2.279766 2.278786 2.278313 2.278085 2.277963 2.277870 2.277750 2.277537 2.277133 2.276365 2.274940 2.272360 2.267818 2.260044 2.247113 2.226228 2.193502 2.143799 2.070719 1.966842 1.824345 1.636082 1.397098 1.106387 0.768475 0.394182 0.000000 
50.000000 42.963798 36.159755 29.797065 24.042785 19.009341 14.750163 11.263184 8.500532 6.381879 4.808746 3.677471 2.889329 2.357196 2.008886 1.787780 1.651606 1.570209 1.522968 1.496335 1.481745 1.473975 1.469950 1.467921 1.466924 1.466446 1.466217 1.466100 1.466020 1.465929 1.465775 1.465487 1.464945 1.463942 1.462135 1.458970 1.453579 1.444664 1.430359 1.408099 1.374550 1.325625 1.256689 1.162984 1.040327 0.886034 0.699923 0.485146 0.248507 0.000000 
50.000000 42.884275 36.003336 29.568746 23.749450 18.659145 14.351864 10.825515 8.031680 5.889122 4.298247 3.154219 2.357196 1.819071 1.466841 1.243247 1.105543 1.023232 0.975460 0.948529 0.933775 0.925917 0.921848 0.919796 0.918789 0.918306 0.918077 0.917964 0.917895 0.917826 0.917719 0.917522 0.917153 0.916474 0.915257 0.913133 0.909535 0.903617 0.894175 0.879576 0.857722 0.826082 0.781837 0.722160 0.644650 0.547876 0.431939 0.298908 0.152946 0.000000 
50.000000 42.832217 35.900941 29.419284 23.557428 18.429904 14.091139 10.539021 7.724778 5.566577 3.964092 2.811720 2.008886 1.466841 1.112047 0.886826 0.748121 0.665212 0.617093 0.589967 0.575106 0.567192 0.563093 0.561027 0.560012 0.559527 0.559298 0.559188 0.559127 0.559075 0.559001 0.558871 0.558629 0.558187 0.557396 0.556023 0.553707 0.549917 0.543901 0.534653 0.520892 0.501095 0.473592 0.436742 0.389193 0.330194 0.259906 0.179625 0.091833 0.000000 
50.000000 42.799167 35.835933 29.324395 23.435522 18.284371 13.925619 10.357145 7.529949 5.361819 3.751967 2.594300 1.787780 1.243247 0.886827 0.660575 0.521235 0.437946 0.389608 0.362357 0.347429 0.339479 0.335361 0.333286 0.332267 0.331780 0.331551 0.331444 0.331388 0.331348 0.331298 0.331214 0.331061 0.330783 0.330288 0.329430 0.327991 0.325645 0.321940 0.316273 0.307885 0.295886 0.279311 0.257229 0.228893 0.193916 0.152438 0.105242 0.053768 0.000000 
50.000000 42.778810 35.795892 29.265950 23.360436 18.194733 13.823672 10.245125 7.409954 5.235711 3.621323 2.460396 1.651607 1.105543 0.748122 0.521235 0.381504 0.297983 0.249509 0.222183 0.207213 0.199240 0.195111 0.193030 0.192009 0.191520 0.191292 0.191186 0.191134 0.191102 0.191068 0.191016 0.190922 0.190753 0.190452 0.189935 0.189070 0.187665 0.185456 0.182093 0.177140 0.170087 0.160394 0.147543 0.131131 0.110960 0.087132 0.060103 0.030689 0.000000 
50.000000 42.766640 35.771954 29.231010 23.315549 18.141147 13.762729 10.178162 7.338224 5.160328 3.543229 2.380355 1.570210 1.023233 0.665213 0.437947 0.297983 0.214322 0.165768 0.138396 0.123401 0.115416 0.111279 0.109195 0.108172 0.107684 0.107455 0.107351 0.107301 0.107274 0.107251 0.107218 0.107162 0.107063 0.106887 0.106584 0.106081 0.105266 0.103990 0.102056 0.099218 0.095195 0.089690 0.082423 0.073179 0.061860 0.048532 0.033453 0.017074 0.000000 
50.000000 42.759576 35.758060 29.210730 23.289494 18.110045 13.727357 10.139297 7.296592 5.116576 3.497905 2.333901 1.522970 0.975462 0.617096 0.389610 0.249511 0.165769 0.117169 0.089770 0.074761 0.066768 0.062628 0.060541 0.059518 0.059029 0.058801 0.058696 0.058649 0.058625 0.058608 0.058588 0.058555 0.058498 0.058398 0.058227 0.057943 0.057485 0.056770 0.055690 0.054112 0.051884 0.048846 0.044850 0.039785 0.033602 0.026343 0.018147 0.009258 0.000000 
50.000000 42.755593 35.750227 29.199296 23.274806 18.092510 13.707416 10.117386 7.273123 5.091913 3.472356 2.307714 1.496341 0.948534 0.589972 0.362363 0.222188 0.138401 0.089774 0.062360 0.047343 0.039346 0.035203 0.033116 0.032092 0.031602 0.031374 0.031271 0.031224 0.031202 0.031189 0.031176 0.031157 0.031126 0.031071 0.030977 0.030821 0.030571 0.030183 0.029597 0.028745 0.027545 0.025915 0.023777 0.021076 0.017788 0.013936 0.009595 0.004894 0.000000 
50.000000 42.753412 35.745937 29.193034 23.266762 18.082908 13.696495 10.105387 7.260271 5.078406 3.458364 2.293375 1.481759 0.933789 0.575120 0.347443 0.207226 0.123414 0.074773 0.047351 0.032330 0.024330 0.020186 0.018098 0.017074 0.016584 0.016357 0.016253 0.016207 0.016186 0.016175 0.016166 0.016156 0.016139 0.016109 0.016059 0.015976 0.015844 0.015638 0.015330 0.014882 0.014253 0.013402 0.012289 0.010885 0.009181 0.007189 0.004948 0.002523 0.000000 
50.000000 42.752253 35.743656 29.189705 23.262485 18.077803 13.690690 10.099009 7.253438 5.071227 3.450927 2.285752 1.474008 0.925951 0.567225 0.339512 0.199273 0.115448 0.066799 0.039373 0.024349 0.016348 0.012204 0.010116 0.009091 0.008602 0.008374 0.008271 0.008225 0.008204 0.008194 0.008188 0.008182 0.008173 0.008158 0.008132 0.008089 0.008020 0.007914 0.007756 0.007526 0.007205 0.006771 0.006205 0.005494 0.004631 0.003624 0.002494 0.001271 0.000000 
50.000000 42.751657 35.742484 29.187996 23.260289 18.075181 13.687708 10.095733 7.249930 5.067540 3.447108 2.281838 1.470027 0.921926 0.563171 0.335440 0.195189 0.111358 0.062705 0.035277 0.020252 0.012250 0.008105 0.006017 0.004992 0.004503 0.004275 0.004171 0.004126 0.004106 0.004097 0.004092 0.004088 0.004083 0.004075 0.004062 0.004040 0.004005 0.003951 0.003871 0.003755 0.003593 0.003375 0.003092 0.002736 0.002305 0.001803 0.001240 0.000632 0.000000 
50.000000 42.751369 35.741917 29.187167 23.259225 18.073911 13.686264 10.094146 7.248230 5.065754 3.445258 2.279942 1.468099 0.919976 0.561208 0.333467 0.193211 0.109376 0.060721 0.033293 0.018267 0.010264 0.006120 0.004031 0.003007 0.002517 0.002289 0.002186 0.002140 0.002120 0.002112 0.002108 0.002105 0.002102 0.002098 0.002091 0.002079 0.002061 0.002033 0.001991 0.001931 0.001847 0.001734 0.001588 0.001404 0.001182 0.000925 0.000636 0.000324 0.000000 
50.000000 42.751253 35.741689 29.186835 23.258798 18.073401 13.685684 10.093510 7.247548 5.065037 3.444515 2.279181 1.467325 0.919194 0.560419 0.332675 0.192418 0.108581 0.059925 0.032496 0.017470 0.009468 0.005323 0.003234 0.002210 0.001720 0.001493 0.001389 0.001344 0.001324 0.001315 0.001311 0.001309 0.001307 0.001304 0.001300 0.001292 0.001281 0.001263 0.001237 0.001199 0.001147 0.001076 0.000985 0.000871 0.000733 0.000573 0.000394 0.000201 0.000000 
50.000000 42.751253 35.741689 29.186835 23.258798 18.073401 13.685684 10.093510 7.247548 5.065037 3.444515 2.279181 1.467325 0.919194 0.560419 0.332675 0.192418 0.108581 0.059925 0.032496 0.017470 0.009468 0.005323 0.003234 0.002210 0.001720 0.001493 0.001389 0.001344 0.001324 0.001315 0.001311 0.001309 0.001307 0.001304 0.001300 0.001292 0.001281 0.001263 0.001237 0.001199 0.001147 0.001076 0.000985 0.000871 0.000733 0.000573 0.000394 0.000201 0.000000 
50.000000 42.751369 35.741917 29.187167 23.259225 18.073911 13.686264 10.094146 7.248230 5.065754 3.445258 2.279942 1.468099 0.919976 0.561208 0.333467 0.193211 0.109376 0.060721 0.033293 0.018267 0.010264 0.006120 0.004031 0.003007 0.002517 0.002289 0.002186 0.002140 0.002120 0.002112 0.002108 0.002105 0.002102 0.002098 0.002091 0.002079 0.002061 0.002033 0.001991 0.001931 0.001847 0.001734 0.001588 0.001404 0.001182 0.000925 0.000636 0.000324 0.000000 
50.000000 42.751657 35.742484 29.187996 23.260289 18.075181 13.687708 10.095733 7.249930 5.067540 3.447108 2.281838 1.470027 0.921926 0.563171 0.335440 0.195189 0.111358 0.062705 0.035277 0.020252 0.012250 0.008105 0.006017 0.004992 0.004503 0.004275 0.004171 0.004126 0.004106 0.004097 0.004092 0.004088 0.004083 0.004075 0.004062 0.004040 0.004005 0.003951 0.003871 0.003755 0.003593 0.003375 0.003092 0.002736 0.002305 0.001803 0.001240 0.000632 0.000000 
50.000000 42.752253 35.743656 29.189705 23.262485 18.077803 13.690690 10.099009 7.253438 5.071227 3.450927 2.285752 1.474008 0.925951 0.567225 0.339512 0.199273 0.115448 0.066799 0.039373 0.024349 0.016348 0.012204 0.010116 0.009091 0.008602 0.008374 0.008271 0.008225 0.008204 0.008194 0.008188 0.008182 0.008173 0.008158 0.008132 0.008089 0.008020 0.007914 0.007756 0.007526 0.007205 0.006771 0.006205 0.005494 0.004631 0.003624 0.002494 0.001271 0.000000 
50.000000 42.753412 35.745937 29.193034 23.266762 18.082908 13.696495 10.105387 7.260271 5.078406 3.458364 2.293375 1.481759 0.933789 0.575120 0.347443 0.207226 0.123414 0.074773 0.047351 0.032330 0.024330 0.020186 0.018098 0.017074 0.016584 0.016357 0.016253 0.016207 0.016186 0.016175 0.016166 0.016156 0.016139 0.016109 0.016059 0.015976 0.015844 0.015638 0.015330 0.014882 0.014253 0.013402 0.012289 0.010885 0.009181 0.007189 0.004948 0.002523 0.000000 
50.000000 42.755593 35.750227 29.199296 23.274806 18.092510 13.707416 10.117386 7.273123 5.091913 3.472356 2.307714 1.496341 0.948534 0.589972 0.362363 0.222188 0.138401 0.089774 0.062360 0.047343 0.039346 0.035203 0.033116 0.032092 0.031602 0.031374 0.031271 0.031224 0.031202 0.031189 0.031176 0.031157 0.031126 0.031071 0.030977 0.030821 0.030571 0.030183 0.029597 0.028745 0.027545 0.025915 0.023777 0.021076 0.017788 0.013936 0.009595 0.004894 0.000000 
50.000000 42.759576 35.758060 29.210730 23.289494 18.110045 13.727357 10.139297 7.296592 5.116576 3.497905 2.333901 1.522970 0.975462 0.617096 0.389610 0.249511 0.165769 0.117169 0.089770 0.074761 0.066768 0.062628 0.060541 0.059518 0.059029 0.058801 0.058696 0.058649 0.058625 0.058608 0.058588 0.058555 0.058498 0.058398 0.058227 0.057943 0.057485 0.056770 0.055690 0.054112 0.051884 0.048846 0.044850 0.039785 0.033602 0.026343 0.018147 0.009258 0.000000 
50.000000 42.766640 35.771954 29.231010 23.315549 18.141147 13.762729 10.178162 7.338224 5.160328 3.543229 2.380355 1.570210 1.023233 0.665213 0.437947 0.297983 0.214322 0.165768 0.138396 0.123401 0.115416 0.111279 0.109195 0.108172 0.107684 0.107455 0.107351 0.107301 0.107274 0.107251 0.107218 0.107162 0.107063 0.106887 0.106584 0.106081 0.105266 0.103990 0.102056 0.099218 0.095195 0.089690 0.082423 0.073179 0.061860 0.048532 0.033453 0.017074 0.000000 
50.000000 42.778810 35.795892 29.265950 23.360436 18.194733 13.823672 10.245125 7.409954 5.235711 3.621323 2.460396 1.651607 1.105543 0.748122 0.521235 0.381504 0.297983 0.249509 0.222183 0.207213 0.199240 0.195111 0.193030 0.192009 0.191520 0.191292 0.191186 0.191134 0.191102 0.191068 0.191016 0.190922 0.190753 0.190452 0.189935 0.189070 0.187665 0.185456 0.182093 0.177140 0.170087 0.160394 0.147543 0.131131 0.110960 0.087132 0.060103 0.030689 0.000000 
50.000000 42.799167 35.835933 29.324395 23.435522 18.284371 13.925619 10.357145 7.529949 5.361819 3.751967 2.594300 1.787780 1.243247 0.886827 0.660575 0.521235 0.437946 0.389608 0.362357 0.347429 0.339479 0.335361 0.333286 0.332267 0.331780 0.331551 0.331444 0.331388 0.331348 0.331298 0.331214 0.331061 0.330783 0.330288 0.329430 0.327991 0.325645 0.321940 0.316273 0.307885 0.295886 0.279311 0.257229 0.228893 0.193916 0.152438 0.105242 0.053768 0.000000 
50.000000 42.832217 35.900941 29.419284 23.557428 18.429904 14.091139 10.539021 7.724778 5.566577 3.964092 2.811720 2.008886 1.466841 1.112047 0.886826 0.748121 0.665212 0.617093 0.589967 0.575106 0.567192 0.563093 0.561027 0.560012 0.559527 0.559298 0.559188 0.559127 0.559075 0.559001 0.558871 0.558629 0.558187 0.557396 0.556023 0.553707 0.549917 0.543901 0.534653 0.520892 0.501095 0.473592 0.436742 0.389193 0.330194 0.259906 0.179625 0.091833 0.000000 
50.000000 42.884275 36.003336 29.568746 23.749450 18.659145 14.351864 10.825515 8.031680 5.889122 4.298247 3.154219 2.357196 1.819071 1.466841 1.243247 1.105543 1.023232 0.975460 0.948529 0.933775 0.925917 0.921848 0.919796 0.918789 0.918306 0.918077 0.917964 0.917895 0.917826 0.917719 0.917522 0.917153 0.916474 0.915257 0.913133 0.909535 0.903617 0.894175 0.879576 0.857722 0.826082 0.781837 0.722160 0.644650 0.547876 0.431939 0.298908 0.152946 0.000000 
50.000000 42.963798 36.159755 29.797065 24.042785 19.009341 14.750163 11.263184 8.500532 6.381879 4.808746 3.677471 2.889329 2.357196 2.008886 1.787780 1.651606 1.570209 1.522968 1.496335 1.481745 1.473975 1.469950 1.467921 1.466924 1.466446 1.466217 1.466100 1.466020 1.465929 1.465775 1.465487 1.464945 1.463942 1.462135 1.458970 1.453579 1.444664 1.430359 1.408099 1.374550 1.325625 1.256689 1.162984 1.040327 0.886034 0.699923 0.485146 0.248507 0.000000 
50.000000 43.081568 36.391403 30.135197 24.477208 19.527979 15.340048 11.911386 9.194923 7.111682 5.564835 4.452455 3.677471 3.154219 2.811720 2.594300 2.460395 2.380354 2.333899 2.307709 2.293361 2.285720 2.281762 2.279766 2.278786 2.278313 2.278085 2.277963 2.277870 2.277750 2.277537 2.277133 2.276365 2.274940 2.272360 2.267818 2.260044 2.247113 2.226228 2.193502 2.143799 2.070719 1.966842 1.824345 1.636082 1.397098 1.106387 0.768475 0.394182 0.000000 
50.000000 43.250594 36.723873 30.620500 25.100716 20.272365 16.186702 12.841750 10.191596 8.159193 6.650085 5.564835 4.808746 4.298247 3.964092 3.751967 3.621322 3.543229 3.497903 3.472350 3.458351 3.450895 3.447033 3.445085 3.444128 3.443665 3.443439 3.443311 3.443203 3.443047 3.442764 3.442217 3.441175 3.439230 3.435695 3.429439 3.418671 3.400647 3.371333 3.325042 3.254133 3.148891 2.997777 2.788242 2.508307 2.148972 1.707224 1.189005 0.611005 0.000000 
50.000000 43.485618 37.186162 31.295301 25.967694 21.307430 17.363982 14.135444 11.577507 9.615812 8.159193 7.111682 6.381879 5.889122 5.566577 5.361819 5.235710 5.160327 5.116574 5.091908 5.078394 5.071196 5.067467 5.065587 5.064662 5.064213 5.063990 5.063857 5.063731 5.063537 5.063173 5.062466 5.061111 5.058572 5.053934 5.045685 5.031400 5.007329 4.967883 4.905061 4.807906 4.662175 4.450464 4.153164 3.750611 3.226729 2.574031 1.799132 0.926832 0.000000 
50.000000 43.802117 37.808711 32.204039 27.135241 22.701349 18.949435 15.877690 13.443961 11.577507 10.191596 9.194923 8.500532 8.031680 7.724778 7.529949 7.409953 7.338223 7.296590 7.273118 7.260258 7.253409 7.249861 7.248071 7.247189 7.246760 7.246543 7.246406 7.246263 7.246029 7.245583 7.244710 7.243029 7.239867 7.234063 7.223683 7.205598 7.174907 7.124204 7.042704 6.915332 6.721981 6.437293 6.031511 5.473100 4.733872 3.796975 2.666924 1.378665 0.000000 
50.000000 44.214791 38.620439 33.388926 28.657594 24.518880 21.016724 18.149441 15.877690 14.135444 12.841750 11.911386 11.263184 10.825515 10.539021 10.357144 10.245125 10.178162 10.139295 10.117382 10.105376 10.098981 10.095668 10.093997 10.093173 10.092770 10.092562 10.092423 10.092265 10.091997 10.091476 10.090453 10.088473 10.084732 10.077834 10.065429 10.043678 10.006495 9.944544 9.843973 9.684980 9.440397 9.074721 8.544325 7.800017 6.793489 5.489222 3.882102 2.017078 0.000000 
50.000000 44.735629 39.644927 34.884388 30.578986 26.812838 23.625926 21.016724 18.949435 17.363982 16.186702 15.340048 14.750163 14.351864 14.091139 13.925619 13.823672 13.762729 13.727355 13.707412 13.696485 13.690665 13.687649 13.686127 13.685376 13.685007 13.684813 13.684676 13.684510 13.684217 13.683643 13.682509 13.680307 13.676129 13.668390 13.654397 13.629704 13.587179 13.515703 13.398460 13.210818 12.917924 12.472400 11.812963 10.865579 9.549885 7.794897 5.567943 2.915710 0.000000 
50.000000 45.371773 40.896224 36.710933 32.925771 29.614687 26.812838 24.518880 22.701349 21.307430 20.272365 19.527979 19.009341 18.659145 18.429904 18.284371 18.194732 18.141147 18.110043 18.092507 18.082898 18.077780 18.075128 18.073790 18.073129 18.072803 18.072628 18.072498 18.072331 18.072031 18.071438 18.070261 18.067969 18.063602 18.055477 18.040711 18.014495 17.969014 17.891897 17.764058 17.556818 17.228249 16.718864 15.947258 14.807344 13.170968 10.903621 7.905872 4.193126 0.000000 
50.000000 46.123526 42.374927 38.869433 35.699068 32.925771 30.578986 28.657594 27.135241 25.967694 25.100716 24.477208 24.042785 23.749450 23.557428 23.435522 23.360435 23.315548 23.289493 23.274803 23.266754 23.262467 23.260245 23.259123 23.258569 23.258294 23.258144 23.258028 23.257873 23.257588 23.257021 23.255893 23.253689 23.249476 23.241606 23.227234 23.201574 23.156751 23.080110 22.951744 22.740965 22.401369 21.864105 21.029101 19.754803 17.849534 15.074702 11.186203 6.066532 0.000000 
50.000000 46.982905 44.065333 41.336969 38.869433 36.710933 34.884388 33.388926 32.204039 31.295301 30.620500 30.135197 29.797065 29.568746 29.419284 29.324395 29.265950 29.231010 29.210729 29.199294 29.193028 29.189691 29.187961 29.187088 29.186656 29.186441 29.186322 29.186227 29.186096 29.185851 29.185363 29.184388 29.182478 29.178818 29.171957 29.159378 29.136807 29.097142 29.028810 28.913276 28.721270 28.407064 27.899704 27.089491 25.807312 23.794732 20.668484 15.909410 8.994423 0.000000 
50.000000 47.933120 45.934419 44.065333 42.374927 40.896224 39.644927 38.620439 37.808711 37.186162 36.723873 36.391403 36.159755 36.003336 35.900941 35.835933 35.795892 35.771954 35.758059 35.750225 35.745932 35.743646 35.742461 35.741862 35.741566 35.741418 35.741336 35.741268 35.741172 35.740993 35.740633 35.739914 35.738501 35.735789 35.730691 35.721316 35.704428 35.674609 35.622929 35.534869 35.387029 35.141787 34.738337 34.076984 32.990352 31.188724 28.155923 22.967210 14.092589 0.000000 
50.000000 48.949230 47.933120 46.982905 46.123526 45.371773 44.735629 44.214791 43.802117 43.485618 43.250594 43.081568 42.963798 42.884275 42.832217 42.799167 42.778810 42.766640 42.759576 42.755593 42.753410 42.752248 42.751645 42.751341 42.751190 42.751115 42.751072 42.751037 42.750987 42.750892 42.750700 42.750318 42.749566 42.748121 42.745399 42.740385 42.731330 42.715291 42.687385 42.639589 42.558786 42.423452 42.197713 41.819919 41.178647 40.056994 37.988481 33.840532 24.474615 0.000000 
50.000000 50.000000 50.000000 50.000000 50.000000 50.000000 50.000000 50.000000 50.000000 50.000000 50.000000 50.000000 50.000000 50.000000 50.000000 50.000000 50.000000 50.000000 50.000000 50.000000 50.000000 50.000000 50.000000 50.000000 50.000000 50.000000 50.000000 50.000000 50.000000 50.000000 50.000000 50.000000 50.000000 50.000000 50.000000 50.000000 50.000000 50.000000 50.000000 50.000000 50.000000 50.000000 50.000000 50.000000 50.000000 50.000000 50.000000 50.000000 50.000000 50.000000 
