50.000000 50.000000 50.000000 50.000000 50.000000 50.000000 50.000000 50.000000 50.000000 50.000000 50.000000 50.000000 50.000000 50.000000 50.000000 50.000000 50.000000 50.000000 50.000000 50.000000 50.000000 50.000000 50.000000 50.000000 50.000000 50.000000 50.000000 50.000000 50.000000 50.000000 50.000000 50.000000 50.000000 50.000000 50.000000 50.000000 50.000000 50.000000 50.000000 50.000000 50.000000 50.000000 50.000000 50.000000 50.000000 50.000000 50.000000 50.000000 50.000000 50.000000 
50.000000 40.434675 33.680257 30.159686 28.738698 28.276631 28.151795 28.123096 28.117375 28.116371 28.116215 28.116192 28.116190 28.116189 28.116189 28.116189 28.116189 28.116189 28.116189 28.116189 28.116189 28.116189 28.116189 28.116189 28.116189 28.116189 28.116189 28.116189 28.116189 28.116189 28.116189 28.116189 28.116189 28.116189 28.116189 28.116189 28.116189 28.116189 28.116189 28.116188 28.116177 28.116099 28.115571 28.112330 28.094411 28.005509 27.610225 26.026988 20.217338 0.000000 
50.000000 33.680257 22.160247 16.159148 13.738680 12.952236 12.739948 12.691188 12.681478 12.679776 12.679510 12.679473 12.679468 12.679468 12.679468 12.679468 12.679468 12.679468 12.679468 12.679468 12.679468 12.679468 12.679468 12.679468 12.679468 12.679468 12.679468 12.679468 12.679468 12.679468 12.679468 12.679468 12.679468 12.679468 12.679468 12.679468 12.679468 12.679468 12.679467 12.679466 12.679455 12.679377 12.678852 12.675697 12.658779 12.578684 12.248178 11.080124 7.653269 0.000000 
50.000000 30.159686 16.159148 8.869862 5.931818 4.977937 4.720662 4.661620 4.649873 4.647816 4.647495 4.647450 4.647444 4.647444 4.647444 4.647444 4.647444 4.647444 4.647444 4.647444 4.647444 4.647444 4.647444 4.647444 4.647444 4.647444 4.647444 4.647444 4.647444 4.647444 4.647444 4.647444 4.647444 4.647444 4.647444 4.647444 4.647444 4.647444 4.647444 4.647443 4.647437 4.647393 4.647103 4.645389 4.636419 4.595428 4.434931 3.910970 2.549461 0.000000 
50.000000 28.738698 13.738680 5.931818 2.786554 1.765903 1.490765 1.427659 1.415111 1.412915 1.412573 1.412525 1.412518 1.412518 1.412518 1.412518 1.412518 1.412518 1.412518 1.412518 1.412518 1.412518 1.412518 1.412518 1.412518 1.412518 1.412518 1.412518 1.412518 1.412518 1.412518 1.412518 1.412518 1.412518 1.412518 1.412518 1.412518 1.412518 1.412518 1.412517 1.412515 1.412498 1.412385 1.411727 1.408344 1.393277 1.336390 1.159995 0.733189 0.000000 
50.000000 28.276631 12.952236 4.977937 1.765903 0.723833 0.442993 0.378596 0.365794 0.363555 0.363205 0.363157 0.363150 0.363150 0.363149 0.363149 0.363149 0.363149 0.363149 0.363149 0.363149 0.363149 0.363149 0.363149 0.363149 0.363149 0.363149 0.363149 0.363149 0.363149 0.363149 0.363149 0.363149 0.363149 0.363149 0.363149 0.363149 0.363149 0.363149 0.363149 0.363149 0.363143 0.363109 0.362913 0.361917 0.357559 0.341518 0.293457 0.182220 0.000000 
50.000000 28.151795 12.739948 4.720662 1.490765 0.442993 0.160642 0.095905 0.083037 0.080786 0.080435 0.080386 0.080380 0.080379 0.080379 0.080379 0.080379 0.080379 0.080379 0.080379 0.080379 0.080379 0.080379 0.080379 0.080379 0.080379 0.080379 0.080379 0.080379 0.080379 0.080379 0.080379 0.080379 0.080379 0.080379 0.080379 0.080379 0.080379 0.080379 0.080379 0.080379 0.080377 0.080369 0.080321 0.080080 0.079039 0.075273 0.064250 0.039464 0.000000 
50.000000 28.123096 12.691188 4.661620 1.427659 0.378596 0.095905 0.031092 0.018209 0.015956 0.015604 0.015555 0.015549 0.015548 0.015548 0.015548 0.015548 0.015548 0.015548 0.015548 0.015548 0.015548 0.015548 0.015548 0.015548 0.015548 0.015548 0.015548 0.015548 0.015548 0.015548 0.015548 0.015548 0.015548 0.015548 0.015548 0.015548 0.015548 0.015548 0.015548 0.015548 0.015548 0.015546 0.015536 0.015487 0.015275 0.014517 0.012336 0.007524 0.000000 
50.000000 28.117375 12.681478 4.649873 1.415111 0.365794 0.083037 0.018209 0.005324 0.003069 0.002718 0.002669 0.002663 0.002662 0.002662 0.002662 0.002662 0.002662 0.002662 0.002662 0.002662 0.002662 0.002662 0.002662 0.002662 0.002662 0.002662 0.002662 0.002662 0.002662 0.002662 0.002662 0.002662 0.002662 0.002662 0.002662 0.002662 0.002662 0.002662 0.002662 0.002662 0.002662 0.002661 0.002660 0.002651 0.002613 0.002480 0.002101 0.001276 0.000000 
50.000000 28.116371 12.679776 4.647816 1.412915 0.363555 0.080786 0.015956 0.003069 0.000815 0.000464 0.000415 0.000408 0.000408 0.000408 0.000408 0.000408 0.000408 0.000408 0.000408 0.000408 0.000408 0.000408 0.000408 0.000408 0.000408 0.000408 0.000408 0.000408 0.000408 0.000408 0.000408 0.000408 0.000408 0.000408 0.000408 0.000408 0.000408 0.000408 0.000408 0.000408 0.000408 0.000408 0.000407 0.000406 0.000400 0.000379 0.000321 0.000194 0.000000 
50.000000 28.116215 12.679510 4.647495 1.412573 0.363205 0.080435 0.015604 0.002718 0.000464 0.000113 0.000063 0.000057 0.000056 0.000056 0.000056 0.000056 0.000056 0.000056 0.000056 0.000056 0.000056 0.000056 0.000056 0.000056 0.000056 0.000056 0.000056 0.000056 0.000056 0.000056 0.000056 0.000056 0.000056 0.000056 0.000056 0.000056 0.000056 0.000056 0.000056 0.000056 0.000056 0.000056 0.000056 0.000056 0.000055 0.000052 0.000044 0.000027 0.000000 
50.000000 28.116192 12.679473 4.647450 1.412525 0.363157 0.080386 0.015555 0.002669 0.000415 0.000063 0.000014 0.000008 0.000007 0.000007 0.000007 0.000007 0.000007 0.000007 0.000007 0.000007 0.000007 0.000007 0.000007 0.000007 0.000007 0.000007 0.000007 0.000007 0.000007 0.000007 0.000007 0.000007 0.000007 0.000007 0.000007 0.000007 0.000007 0.000007 0.000007 0.000007 0.000007 0.000007 0.000007 0.000007 0.000007 0.000007 0.000006 0.000003 0.000000 
50.000000 28.116190 12.679468 4.647444 1.412518 0.363150 0.080380 0.015549 0.002663 0.000408 0.000057 0.000008 0.000002 0.000001 0.000001 0.000001 0.000001 0.000001 0.000001 0.000001 0.000001 0.000001 0.000001 0.000001 0.000001 0.000001 0.000001 0.000001 0.000001 0.000001 0.000001 0.000001 0.000001 0.000001 0.000001 0.000001 0.000001 0.000001 0.000001 0.000001 0.000001 0.000001 0.000001 0.000001 0.000001 0.000001 0.000001 0.000001 0.000000 0.000000 
50.000000 28.116189 12.679468 4.647444 1.412518 0.363150 0.080379 0.015548 0.002662 0.000408 0.000056 0.000007 0.000001 0.000000 0.000000 0.000000 0.000000 0.000000 0.000000 0.000000 0.000000 0.000000 0.000000 0.000000 0.000000 0.000000 0.000000 0.000000 0.000000 0.000000 0.000000 0.000000 0.000000 0.000000 0.000000 0.000000 0.000000 0.000000 0.000000 0.000000 0.000000 0.000000 0.000000 0.000000 0.000000 0.000000 0.000000 0.000000 0.000000 0.000000 
50.000000 28.116189 12.679468 4.647444 1.412518 0.363149 0.080379 0.015548 0.002662 0.000408 0.000056 0.000007 0.000001 0.000000 0.000000 0.000000 0.000000 0.000000 0.000000 0.000000 0.000000 0.000000 0.000000 0.000000 0.000000 0.000000 0.000000 0.000000 0.000000 0.000000 0.000000 0.000000 0.000000 0.000000 0.000000 0.000000 0.000000 0.000000 0.000000 0.000000 0.000000 0.000000 0.000000 0.000000 0.000000 0.000000 0.000000 0.000000 0.000000 0.000000 
50.000000 28.116189 12.679468 4.647444 1.412518 0.363149 0.080379 0.015548 0.002662 0.000408 0.000056 0.000007 0.000001 0.000000 0.000000 0.000000 0.000000 0.000000 0.000000 0.000000 0.000000 0.000000 0.000000 0.000000 0.000000 0.000000 0.000000 0.000000 0.000000 0.000000 0.000000 0.000000 0.000000 0.000000 0.000000 0.000000 0.000000 0.000000 0.000000 0.000000 0.000000 0.000000 0.000000 0.000000 0.000000 0.000000 0.000000 0.000000 0.000000 0.000000 
50.000000 28.116189 12.679468 4.647444 1.412518 0.363149 0.080379 0.015548 0.002662 0.000408 0.000056 0.000007 0.000001 0.000000 0.000000 0.000000 0.000000 0.000000 0.000000 0.000000 0.000000 0.000000 0.000000 0.000000 0.000000 0.000000 0.000000 0.000000 0.000000 0.000000 0.000000 0.000000 0.000000 0.000000 0.000000 0.000000 0.000000 0.000000 0.000000 0.000000 0.000000 0.000000 0.000000 0.000000 0.000000 0.000000 0.000000 0.000000 0.000000 0.000000 
50.000000 28.116189 12.679468 4.647444 1.412518 0.363149 0.080379 0.015548 0.002662 0.000408 0.000056 0.000007 0.000001 0.000000 0.000000 0.000000 0.000000 0.000000 0.000000 0.000000 0.000000 0.000000 0.000000 0.000000 0.000000 0.000000 0.000000 0.000000 0.000000 0.000000 0.000000 0.000000 0.000000 0.000000 0.000000 0.000000 0.000000 0.000000 0.000000 0.000000 0.000000 0.000000 0.000000 0.000000 0.000000 0.000000 0.000000 0.000000 0.000000 0.000000 
50.000000 28.116189 12.679468 4.647444 1.412518 0.363149 0.080379 0.015548 0.002662 0.000408 0.000056 0.000007 0.000001 0.000000 0.000000 0.000000 0.000000 0.000000 0.000000 0.000000 0.000000 0.000000 0.000000 0.000000 0.000000 0.000000 0.000000 0.000000 0.000000 0.000000 0.000000 0.000000 0.000000 0.000000 0.000000 0.000000 0.000000 0.000000 0.000000 0.000000 0.000000 0.000000 0.000000 0.000000 0.000000 0.000000 0.000000 0.000000 0.000000 0.000000 
50.000000 28.116189 12.679468 4.647444 1.412518 0.363149 0.080379 0.015548 0.002662 0.000408 0.000056 0.000007 0.000001 0.000000 0.000000 0.000000 0.000000 0.000000 0.000000 0.000000 0.000000 0.000000 0.000000 0.000000 0.000000 0.000000 0.000000 0.000000 0.000000 0.000000 0.000000 0.000000 0.000000 0.000000 0.000000 0.000000 0.000000 0.000000 0.000000 0.000000 0.000000 0.000000 0.000000 0.000000 0.000000 0.000000 0.000000 0.000000 0.000000 0.000000 
50.000000 28.116189 12.679468 4.647444 1.412518 0.363149 0.080379 0.015548 0.002662 0.000408 0.000056 0.000007 0.000001 0.000000 0.000000 0.000000 0.000000 0.000000 0.000000 0.000000 0.000000 0.000000 0.000000 0.000000 0.000000 0.000000 0.000000 0.000000 0.000000 0.000000 0.000000 0.000000 0.000000 0.000000 0.000000 0.000000 0.000000 0.000000 0.000000 0.000000 0.000000 0.000000 0.000000 0.000000 0.000000 0.000000 0.000000 0.000000 0.000000 0.000000 
50.000000 28.116189 12.679468 4.647444 1.412518 0.363149 0.080379 0.015548 0.002662 0.000408 0.000056 0.000007 0.000001 0.000000 0.000000 0.000000 0.000000 0.000000 0.000000 0.000000 0.000000 0.000000 0.000000 0.000000 0.000000 0.000000 0.000000 0.000000 0.000000 0.000000 0.000000 0.000000 0.000000 0.000000 0.000000 0.000000 0.000000 0.000000 0.000000 0.000000 0.000000 0.000000 0.000000 0.000000 0.000000 0.000000 0.000000 0.000000 0.000000 0.000000 
50.000000 28.116189 12.679468 4.647444 1.412518 0.363149 0.080379 0.015548 0.002662 0.000408 0.000056 0.000007 0.000001 0.000000 0.000000 0.000000 0.000000 0.000000 0.000000 0.000000 0.000000 0.000000 0.000000 0.000000 0.000000 0.000000 0.000000 0.000000 0.000000 0.000000 0.000000 0.000000 0.000000 0.000000 0.000000 0.000000 0.000000 0.000000 0.000000 0.000000 0.000000 0.000000 0.000000 0.000000 0.000000 0.000000 0.000000 0.000000 0.000000 0.000000 
50.000000 28.116189 12.679468 4.647444 1.412518 0.363149 0.080379 0.015548 0.002662 0.000408 0.000056 0.000007 0.000001 0.000000 0.000000 0.000000 0.000000 0.000000 0.000000 0.000000 0.000000 0.000000 0.000000 0.000000 0.000000 0.000000 0.000000 0.000000 0.000000 0.000000 0.000000 0.000000 0.000000 0.000000 0.000000 0.000000 0.000000 0.000000 0.000000 0.000000 0.000000 0.000000 0.000000 0.000000 0.000000 0.000000 0.000000 0.000000 0.000000 0.000000 
50.000000 28.116189 12.679468 4.647444 1.412518 0.363149 0.080379 0.015548 0.002662 0.000408 0.000056 0.000007 0.000001 0.000000 0.000000 0.000000 0.000000 0.000000 0.000000 0.000000 0.000000 0.000000 0.000000 0.000000 0.000000 0.000000 0.000000 0.000000 0.000000 0.000000 0.000000 0.000000 0.000000 0.000000 0.000000 0.000000 0.000000 0.000000 0.000000 0.000000 0.000000 0.000000 0.000000 0.000000 0.000000 0.000000 0.000000 0.000000 0.000000 0.000000 
50.000000 28.116189 12.679468 4.647444 1.412518 0.363149 0.080379 0.015548 0.002662 0.000408 0.000056 0.000007 0.000001 0.000000 0.000000 0.000000 0.000000 0.000000 0.000000 0.000000 0.000000 0.000000 0.000000 0.000000 0.000000 0.000000 0.000000 0.000000 0.000000 0.000000 0.000000 0.000000 0.000000 0.000000 0.000000 0.000000 0.000000 0.000000 0.000000 0.000000 0.000000 0.000000 0.000000 0.000000 0.000000 0.000000 0.000000 0.000000 0.000000 0.000000 
50.000000 28.116189 12.679468 4.647444 1.412518 0.363149 0.080379 0.015548 0.002662 0.000408 0.000056 0.000007 0.000001 0.000000 0.000000 0.000000 0.000000 0.000000 0.000000 0.000000 0.000000 0.000000 0.000000 0.000000 0.000000 0.000000 0.000000 0.000000 0.000000 0.000000 0.000000 0.000000 0.000000 0.000000 0.000000 0.000000 0.000000 0.000000 0.000000 0.000000 0.000000 0.000000 0.000000 0.000000 0.000000 0.000000 0.000000 0.000000 0.000000 0.000000 
50.000000 28.116189 12.679468 4.647444 1.412518 0.363149 0.080379 0.015548 0.002662 0.000408 0.000056 0.000007 0.000001 0.000000 0.000000 0.000000 0.000000 0.000000 0.000000 0.000000 0.000000 0.000000 0.000000 0.000000 0.000000 0.000000 0.000000 0.000000 0.000000 0.000000 0.000000 0.000000 0.000000 0.000000 0.000000 0.000000 0.000000 0.000000 0.000000 0.000000 0.000000 0.000000 0.000000 0.000000 0.000000 0.000000 0.000000 0.000000 0.000000 0.000000 
50.000000 28.116189 12.679468 4.647444 1.412518 0.363149 0.080379 0.015548 0.002662 0.000408 0.000056 0.000007 0.000001 0.000000 0.000000 0.000000 0.000000 0.000000 0.000000 0.000000 0.000000 0.000000 0.000000 0.000000 0.000000 0.000000 0.000000 0.000000 0.000000 0.000000 0.000000 0.000000 0.000000 0.000000 0.000000 0.000000 0.000000 0.000000 0.000000 0.000000 0.000000 0.000000 0.000000 0.000000 0.000000 0.000000 0.000000 0.000000 0.000000 0.000000 
50.000000 28.116189 12.679468 4.647444 1.412518 0.363149 0.080379 0.015548 0.002662 0.000408 0.000056 0.000007 0.000001 0.000000 0.000000 0.000000 0.000000 0.000000 0.000000 0.000000 0.000000 0.000000 0.000000 0.000000 0.000000 0.000000 0.000000 0.000000 0.000000 0.000000 0.000000 0.000000 0.000000 0.000000 0.000000 0.000000 0.000000 0.000000 0.000000 0.000000 0.000000 0.000000 0.000000 0.000000 0.000000 0.000000 0.000000 0.000000 0.000000 0.000000 
50.000000 28.116189 12.679468 4.647444 1.412518 0.363149 0.080379 0.015548 0.002662 0.000408 0.000056 0.000007 0.000001 0.000000 0.000000 0.000000 0.000000 0.000000 0.000000 0.000000 0.000000 0.000000 0.000000 0.000000 0.000000 0.000000 0.000000 0.000000 0.000000 0.000000 0.000000 0.000000 0.000000 0.000000 0.000000 0.000000 0.000000 0.000000 0.000000 0.000000 0.000000 0.000000 0.000000 0.000000 0.000000 0.000000 0.000000 0.000000 0.000000 0.000000 
50.000000 28.116189 12.679468 4.647444 1.412518 0.363149 0.080379 0.015548 0.002662 0.000408 0.000056 0.000007 0.000001 0.000000 0.000000 0.000000 0.000000 0.000000 0.000000 0.000000 0.000000 0.000000 0.000000 0.000000 0.000000 0.000000 0.000000 0.000000 0.000000 0.000000 0.000000 0.000000 0.000000 0.000000 0.000000 0.000000 0.000000 0.000000 0.000000 0.000000 0.000000 0.000000 0.000000 0.000000 0.000000 0.000000 0.000000 0.000000 0.000000 0.000000 
50.000000 28.116189 12.679468 4.647444 1.412518 0.363149 0.080379 0.015548 0.002662 0.000408 0.000056 0.000007 0.000001 0.000000 0.000000 0.000000 0.000000 0.000000 0.000000 0.000000 0.000000 0.000000 0.000000 0.000000 0.000000 0.000000 0.000000 0.000000 0.000000 0.000000 0.000000 0.000000 0.000000 0.000000 0.000000 0.000000 0.000000 0.000000 0.000000 0.000000 0.000000 0.000000 0.000000 0.000000 0.000000 0.000000 0.000000 0.000000 0.000000 0.000000 
50.000000 28.116189 12.679468 4.647444 1.412518 0.363149 0.080379 0.015548 0.002662 0.000408 0.000056 0.000007 0.000001 0.000000 0.000000 0.000000 0.000000 0.000000 0.000000 0.000000 0.000000 0.000000 0.000000 0.000000 0.000000 0.000000 0.000000 0.000000 0.000000 0.000000 0.000000 0.000000 0.000000 0.000000 0.000000 0.000000 0.000000 0.000000 0.000000 0.000000 0.000000 0.000000 0.000000 0.000000 0.000000 0.000000 0.000000 0.000000 0.000000 0.000000 
50.000000 28.116189 12.679468 4.647444 1.412518 0.363149 0.080379 0.015548 0.002662 0.000408 0.000056 0.000007 0.000001 0.000000 0.000000 0.000000 0.000000 0.000000 0.000000 0.000000 0.000000 0.000000 0.000000 0.000000 0.000000 0.000000 0.000000 0.000000 0.000000 0.000000 0.000000 0.000000 0.000000 0.000000 0.000000 0.000000 0.000000 0.000000 0.000000 0.000000 0.000000 0.000000 0.000000 0.000000 0.000000 0.000000 0.000000 0.000000 0.000000 0.000000 
50.000000 28.116189 12.679468 4.647444 1.412518 0.363149 0.080379 0.015548 0.002662 0.000408 0.000056 0.000007 0.000001 0.000000 0.000000 0.000000 0.000000 0.000000 0.000000 0.000000 0.000000 0.000000 0.000000 0.000000 0.000000 0.000000 0.000000 0.000000 0.000000 0.000000 0.000000 0.000000 0.000000 0.000000 0.000000 0.000000 0.000000 0.000000 0.000000 0.000000 0.000000 0.000000 0.000000 0.000000 0.000000 0.000000 0.000000 0.000000 0.000000 0.000000 
50.000000 28.116189 12.679468 4.647444 1.412518 0.363150 0.080379 0.015548 0.002662 0.000408 0.000056 0.000007 0.000001 0.000000 0.000000 0.000000 0.000000 0.000000 0.000000 0.000000 0.000000 0.000000 0.000000 0.000000 0.000000 0.000000 0.000000 0.000000 0.000000 0.000000 0.000000 0.000000 0.000000 0.000000 0.000000 0.000000 0.000000 0.000000 0.000000 0.000000 0.000000 0.000000 0.000000 0.000000 0.000000 0.000000 0.000000 0.000000 0.000000 0.000000 
50.000000 28.116190 12.679468 4.647444 1.412518 0.363150 0.080380 0.015549 0.002663 0.000408 0.000057 0.000008 0.000002 0.000001 0.000001 0.000001 0.000001 0.000001 0.000001 0.000001 0.000001 0.000001 0.000001 0.000001 0.000001 0.000001 0.000001 0.000001 0.000001 0.000001 0.000001 0.000001 0.000001 0.000001 0.000001 0.000001 0.000001 0.000001 0.000001 0.000001 0.000001 0.000001 0.000001 0.000001 0.000001 0.000001 0.000001 0.000001 0.000000 0.000000 
50.000000 28.116192 12.679473 4.647450 1.412525 0.363157 0.080386 0.015555 0.002669 0.000415 0.000063 0.000014 0.000008 0.000007 0.000007 0.000007 0.000007 0.000007 0.000007 0.000007 0.000007 0.000007 0.000007 0.000007 0.000007 0.000007 0.000007 0.000007 0.000007 0.000007 0.000007 0.000007 0.000007 0.000007 0.000007 0.000007 0.000007 0.000007 0.000007 0.000007 0.000007 0.000007 0.000007 0.000007 0.000007 0.000007 0.000007 0.000006 0.000003 0.000000 
50.000000 28.116215 12.679510 4.647495 1.412573 0.363205 0.080435 0.015604 0.002718 0.000464 0.000113 0.000063 0.000057 0.000056 0.000056 0.000056 0.000056 0.000056 0.000056 0.000056 0.000056 0.000056 0.000056 0.000056 0.000056 0.000056 0.000056 0.000056 0.000056 0.000056 0.000056 0.000056 0.000056 0.000056 0.000056 0.000056 0.000056 0.000056 0.000056 0.000056 0.000056 0.000056 0.000056 0.000056 0.000056 0.000055 0.000052 0.000044 0.000027 0.000000 
50.000000 28.116371 12.679776 4.647816 1.412915 0.363555 0.080786 0.015956 0.003069 0.000815 0.000464 0.000415 0.000408 0.000408 0.000408 0.000408 0.000408 0.000408 0.000408 0.000408 0.000408 0.000408 0.000408 0.000408 0.000408 0.000408 0.000408 0.000408 0.000408 0.000408 0.000408 0.000408 0.000408 0.000408 0.000408 0.000408 0.000408 0.000408 0.000408 0.000408 0.000408 0.000408 0.000408 0.000407 0.000406 0.000400 0.000379 0.000321 0.000194 0.000000 
50.000000 28.117375 12.681478 4.649873 1.415111 0.365794 0.083037 0.018209 0.005324 0.003069 0.002718 0.002669 0.002663 0.002662 0.002662 0.002662 0.002662 0.002662 0.002662 0.002662 0.002662 0.002662 0.002662 0.002662 0.002662 0.002662 0.002662 0.002662 0.002662 0.002662 0.002662 0.002662 0.002662 0.002662 0.002662 0.002662 0.002662 0.002662 0.002662 0.002662 0.002662 0.002662 0.002661 0.002660 0.002651 0.002613 0.002480 0.002101 0.001276 0.000000 
50.000000 28.123096 12.691188 4.661620 1.427659 0.378596 0.095905 0.031092 0.018209 0.015956 0.015604 0.015555 0.015549 0.015548 0.015548 0.015548 0.015548 0.015548 0.015548 0.015548 0.015548 0.015548 0.015548 0.015548 0.015548 0.015548 0.015548 0.015548 0.015548 0.015548 0.015548 0.015548 0.015548 0.015548 0.015548 0.015548 0.015548 0.015548 0.015548 0.015548 0.015548 0.015548 0.015546 0.015536 0.015487 0.015275 0.014517 0.012336 0.007524 0.000000 
50.000000 28.151795 12.739948 4.720662 1.490765 0.442993 0.160642 0.095905 0.083037 0.080786 0.080435 0.080386 0.080380 0.080379 0.080379 0.080379 0.080379 0.080379 0.080379 0.080379 0.080379 0.080379 0.080379 0.080379 0.080379 0.080379 0.080379 0.080379 0.080379 0.080379 0.080379 0.080379 0.080379 0.080379 0.080379 0.080379 0.080379 0.080379 0.080379 0.080379 0.080379 0.080377 0.080369 0.080321 0.080080 0.079039 0.075273 0.064250 0.039464 0.000000 
50.000000 28.276631 12.952236 4.977937 1.765903 0.723833 0.442993 0.378596 0.365794 0.363555 0.363205 0.363157 0.363150 0.363150 0.363149 0.363149 0.363149 0.363149 0.363149 0.363149 0.363149 0.363149 0.363149 0.363149 0.363149 0.363149 0.363149 0.363149 0.363149 0.363149 0.363149 0.363149 0.363149 0.363149 0.363149 0.363149 0.363149 0.363149 0.363149 0.363149 0.363149 0.363143 0.363109 0.362913 0.361917 0.357559 0.341518 0.293457 0.182220 0.000000 
50.000000 28.738698 13.738680 5.931818 2.786554 1.765903 1.490765 1.427659 1.415111 1.412915 1.412573 1.412525 1.412518 1.412518 1.412518 1.412518 1.412518 1.412518 1.412518 1.412518 1.412518 1.412518 1.412518 1.412518 1.412518 1.412518 1.412518 1.412518 1.412518 1.412518 1.412518 1.412518 1.412518 1.412518 1.412518 1.412518 1.412518 1.412518 1.412518 1.412517 1.412515 1.412498 1.412385 1.411727 1.408344 1.393277 1.336390 1.159995 0.733189 0.000000 
50.000000 30.159686 16.159148 8.869862 5.931818 4.977937 4.720662 4.661620 4.649873 4.647816 4.647495 4.647450 4.647444 4.647444 4.647444 4.647444 4.647444 4.647444 4.647444 4.647444 4.647444 4.647444 4.647444 4.647444 4.647444 4.647444 4.647444 4.647444 4.647444 4.647444 4.647444 4.647444 4.647444 4.647444 4.647444 4.647444 4.647444 4.647444 4.647444 4.647443 4.647437 4.647393 4.647103 4.645389 4.636419 4.595428 4.434931 3.910970 2.549461 0.000000 
50.000000 33.680257 22.160247 16.159148 13.738680 12.952236 12.739948 12.691188 12.681478 12.679776 12.679510 12.679473 12.679468 12.679468 12.679468 12.679468 12.679468 12.679468 12.679468 12.679468 12.679468 12.679468 12.679468 12.679468 12.679468 12.679468 12.679468 12.679468 12.679468 12.679468 12.679468 12.679468 12.679468 12.679468 12.679468 12.679468 12.679468 12.679468 12.679467 12.679466 12.679455 12.679377 12.678852 12.675697 12.658779 12.578684 12.248178 11.080124 7.653269 0.000000 
50.000000 40.434675 33.680257 30.159686 28.738698 28.276631 28.151795 28.123096 28.117375 28.116371 28.116215 28.116192 28.116190 28.116189 28.116189 28.116189 28.116189 28.116189 28.116189 28.116189 28.116189 28.116189 28.116189 28.116189 28.116189 28.116189 28.116189 28.116189 28.116189 28.116189 28.116189 28.116189 28.116189 28.116189 28.116189 28.116189 28.116189 28.116189 28.116189 28.116188 28.116177 28.116099 28.115571 28.112330 28.094411 28.005509 27.610225 26.026988 20.217338 0.000000 
50.000000 50.000000 50.000000 50.000000 50.000000 50.000000 50.000000 50.000000 50.000000 50.000000 50.000000 50.000000 50.000000 50.000000 50.000000 50.000000 50.000000 50.000000 50.000000 50.000000 50.000000 50.000000 50.000000 50.000000 50.000000 50.000000 50.000000 50.000000 50.000000 50.000000 50.000000 50.000000 50.000000 50.000000 50.000000 50.000000 50.000000 50.000000 50.000000 50.000000 50.000000 50.000000 50.000000 50.000000 50.000000 50.000000 50.000000 50.000000 50.000000 50.000000 
