50.000000 50.000000 50.000000 50.000000 50.000000 50.000000 50.000000 50.000000 50.000000 50.000000 50.000000 50.000000 50.000000 50.000000 50.000000 50.000000 50.000000 50.000000 50.000000 50.000000 50.000000 50.000000 50.000000 50.000000 50.000000 50.000000 50.000000 50.000000 50.000000 50.000000 50.000000 50.000000 50.000000 50.000000 50.000000 50.000000 50.000000 50.000000 50.000000 50.000000 50.000000 50.000000 50.000000 50.000000 50.000000 50.000000 50.000000 50.000000 50.000000 50.000000 
50.000000 48.372211 46.827559 45.436459 44.247126 43.281416 42.536305 41.989658 41.608041 41.354330 41.193552 41.096344 41.040215 41.009232 40.992866 40.984585 40.980567 40.978696 40.977858 40.977498 40.977348 40.977289 40.977266 40.977257 40.977254 40.977253 40.977252 40.977252 40.977251 40.977247 40.977238 40.977214 40.977151 40.976997 40.976626 40.975764 40.973825 40.969596 40.960652 40.942280 40.905552 40.833875 40.696685 40.437396 39.948560 39.015207 37.169889 33.275634 24.186106 0.000000 
50.000000 46.827559 43.817149 41.106009 38.788106 36.906035 35.453898 34.388553 33.644839 33.150399 32.837072 32.647635 32.538254 32.477877 32.445985 32.429848 32.422018 32.418371 32.416739 32.416037 32.415746 32.415629 32.415585 32.415568 32.415562 32.415560 32.415559 32.415558 32.415556 32.415549 32.415533 32.415488 32.415375 32.415093 32.414420 32.412858 32.409353 32.401732 32.385679 32.352883 32.287793 32.162022 31.924705 31.485626 30.684840 29.236234 26.621805 21.908575 13.551924 0.000000 
50.000000 45.436459 41.106009 37.206074 33.871826 31.164535 29.075712 27.543289 26.473523 25.762329 25.311653 25.039179 24.881856 24.795018 24.749150 24.725941 24.714681 24.709436 24.707089 24.706079 24.705661 24.705494 24.705429 24.705405 24.705397 24.705394 24.705392 24.705391 24.705388 24.705380 24.705358 24.705301 24.705155 24.704795 24.703934 24.701943 24.697492 24.687862 24.667703 24.626841 24.546575 24.393601 24.110327 23.599783 22.702823 21.165824 18.603037 14.484204 8.266570 0.000000 
50.000000 44.247126 38.788106 33.871826 29.668689 26.255930 23.622836 21.691150 20.342689 19.446233 18.878173 18.534738 18.336448 18.227001 18.169193 18.139943 18.125752 18.119143 18.116186 18.114913 18.114385 18.114175 18.114094 18.114064 18.114053 18.114049 18.114047 18.114046 18.114043 18.114034 18.114010 18.113949 18.113792 18.113405 18.112485 18.110366 18.105651 18.095512 18.074445 18.032144 17.950039 17.795961 17.516346 17.025667 16.193738 14.834345 12.706002 9.551872 5.231919 0.000000 
50.000000 43.281416 36.906035 31.164535 26.255930 22.270412 19.195457 16.939655 15.364971 14.318146 13.654818 13.253799 13.022268 12.894478 12.826983 12.792834 12.776266 12.768551 12.765098 12.763612 12.762997 12.762751 12.762656 12.762621 12.762609 12.762604 12.762602 12.762601 12.762598 12.762589 12.762567 12.762508 12.762359 12.761993 12.761124 12.759133 12.754727 12.745317 12.725924 12.687375 12.613484 12.476973 12.234071 11.818300 11.135206 10.062191 8.461712 6.221194 3.332856 0.000000 
50.000000 42.536305 35.453898 29.075712 23.622836 19.195457 15.779647 13.273840 11.524675 10.361887 9.625098 9.179681 8.922525 8.780596 8.705636 8.667711 8.649312 8.640744 8.636911 8.635261 8.634577 8.634305 8.634199 8.634160 8.634146 8.634141 8.634139 8.634138 8.634135 8.634128 8.634109 8.634058 8.633929 8.633614 8.632871 8.631176 8.627448 8.619540 8.603381 8.571583 8.511377 8.401801 8.210345 7.889823 7.377157 6.597168 5.475929 3.968272 2.098909 0.000000 
50.000000 41.989658 34.388553 27.543289 21.691150 16.939655 13.273840 10.584681 8.707567 7.459752 6.669107 6.191145 5.915208 5.762919 5.682490 5.641799 5.622060 5.612868 5.608755 5.606985 5.606252 5.605959 5.605846 5.605804 5.605789 5.605784 5.605782 5.605781 5.605778 5.605773 5.605757 5.605717 5.605615 5.605366 5.604781 5.603454 5.600553 5.594443 5.582059 5.557928 5.512765 5.431694 5.292340 5.063495 4.705584 4.174804 3.432962 2.463849 1.292973 0.000000 
50.000000 41.608041 33.644839 26.473523 20.342689 15.364971 11.524675 8.707567 6.741178 5.434045 4.605833 4.105174 3.816141 3.656629 3.572388 3.529771 3.509097 3.499470 3.495163 3.493309 3.492541 3.492235 3.492117 3.492073 3.492057 3.492052 3.492050 3.492049 3.492047 3.492043 3.492031 3.492001 3.491926 3.491744 3.491316 3.490352 3.488255 3.483869 3.475049 3.458021 3.426490 3.370589 3.275873 3.122875 2.887998 2.546729 2.079923 1.482817 0.774165 0.000000 
50.000000 41.354330 33.150399 25.762329 19.446233 14.318146 10.361887 7.459752 5.434045 4.087504 3.234340 2.718608 2.420880 2.256573 2.169802 2.125906 2.104612 2.094697 2.090261 2.088352 2.087562 2.087246 2.087124 2.087079 2.087063 2.087057 2.087055 2.087054 2.087053 2.087050 2.087042 2.087021 2.086970 2.086845 2.086553 2.085897 2.084480 2.081534 2.075653 2.064396 2.043752 2.007555 1.946987 1.850510 1.704662 1.496195 1.215754 0.862606 0.448778 0.000000 
50.000000 41.193552 32.837072 25.311653 18.878173 13.654818 9.625098 6.669107 4.605833 3.234340 2.365379 1.840107 1.536877 1.369537 1.281166 1.236461 1.214776 1.204679 1.200161 1.198218 1.197412 1.197091 1.196967 1.196921 1.196905 1.196899 1.196897 1.196896 1.196895 1.196893 1.196888 1.196874 1.196841 1.196760 1.196573 1.196154 1.195253 1.193391 1.189701 1.182690 1.169944 1.147813 1.111179 1.053515 0.967443 0.846029 0.684811 0.484189 0.251272 0.000000 
50.000000 41.096344 32.647635 25.039179 18.534738 13.253799 9.179681 6.191145 4.105174 2.718608 1.840107 1.309075 1.002523 0.833353 0.744016 0.698824 0.676902 0.666695 0.662129 0.660164 0.659350 0.659025 0.658900 0.658854 0.658837 0.658831 0.658829 0.658828 0.658828 0.658826 0.658823 0.658815 0.658795 0.658745 0.658632 0.658379 0.657838 0.656727 0.654537 0.650406 0.642954 0.630125 0.609086 0.576300 0.527875 0.460293 0.371476 0.261956 0.135692 0.000000 
50.000000 41.040215 32.538254 24.881856 18.336448 13.022268 8.922525 5.915208 3.816141 2.420880 1.536877 1.002523 0.694057 0.523832 0.433939 0.388466 0.366408 0.356138 0.351544 0.349567 0.348748 0.348421 0.348295 0.348248 0.348231 0.348226 0.348224 0.348223 0.348222 0.348222 0.348220 0.348215 0.348203 0.348175 0.348110 0.347965 0.347658 0.347029 0.345796 0.343486 0.339346 0.332272 0.320765 0.302984 0.276952 0.240936 0.193994 0.136522 0.070619 0.000000 
50.000000 41.009232 32.477877 24.795018 18.227001 12.894478 8.780596 5.762919 3.656629 2.256573 1.369537 0.833353 0.523832 0.353025 0.262826 0.217199 0.195066 0.184761 0.180151 0.178168 0.177346 0.177018 0.176892 0.176845 0.176828 0.176822 0.176820 0.176819 0.176819 0.176819 0.176817 0.176815 0.176808 0.176793 0.176757 0.176679 0.176513 0.176174 0.175514 0.174284 0.172093 0.168374 0.162366 0.153148 0.139752 0.121351 0.097527 0.068524 0.035407 0.000000 
50.000000 40.992866 32.445985 24.749150 18.169193 12.826983 8.705636 5.682490 3.572388 2.169802 1.281166 0.744016 0.433939 0.262826 0.172466 0.126757 0.104585 0.094262 0.089644 0.087656 0.086833 0.086505 0.086378 0.086331 0.086314 0.086308 0.086306 0.086306 0.086306 0.086305 0.086305 0.086303 0.086300 0.086292 0.086274 0.086233 0.086147 0.085974 0.085637 0.085012 0.083905 0.082036 0.079035 0.074460 0.067851 0.058827 0.047207 0.033127 0.017102 0.000000 
50.000000 40.984585 32.429848 24.725941 18.139943 12.792834 8.667711 5.641799 3.529771 2.125906 1.236461 0.698824 0.388466 0.217199 0.126757 0.081007 0.058815 0.048483 0.043860 0.041871 0.041047 0.040719 0.040592 0.040545 0.040528 0.040522 0.040520 0.040519 0.040519 0.040519 0.040519 0.040518 0.040516 0.040512 0.040503 0.040483 0.040441 0.040356 0.040192 0.039888 0.039353 0.038454 0.037018 0.034840 0.031710 0.027458 0.022008 0.015428 0.007959 0.000000 
50.000000 40.980567 32.422018 24.714681 18.125752 12.776266 8.649312 5.622060 3.509097 2.104612 1.214776 0.676902 0.366408 0.195066 0.104585 0.058815 0.036614 0.026277 0.021652 0.019663 0.018838 0.018509 0.018383 0.018336 0.018319 0.018313 0.018311 0.018310 0.018310 0.018310 0.018310 0.018310 0.018309 0.018307 0.018303 0.018293 0.018273 0.018233 0.018157 0.018016 0.017768 0.017353 0.016694 0.015698 0.014274 0.012347 0.009886 0.006924 0.003570 0.000000 
50.000000 40.978696 32.418371 24.709436 18.119143 12.768551 8.640744 5.612868 3.499470 2.094697 1.204679 0.666695 0.356138 0.184761 0.094262 0.048483 0.026277 0.015938 0.011313 0.009322 0.008498 0.008169 0.008042 0.007995 0.007978 0.007972 0.007970 0.007970 0.007970 0.007970 0.007969 0.007969 0.007969 0.007968 0.007966 0.007962 0.007953 0.007935 0.007901 0.007838 0.007727 0.007544 0.007253 0.006815 0.006192 0.005351 0.004281 0.002996 0.001544 0.000000 
50.000000 40.977858 32.416739 24.707089 18.116186 12.765098 8.636911 5.608755 3.495163 2.090261 1.200161 0.662129 0.351544 0.180151 0.089644 0.043860 0.021652 0.011313 0.006687 0.004697 0.003872 0.003543 0.003416 0.003369 0.003352 0.003346 0.003344 0.003344 0.003344 0.003344 0.003343 0.003343 0.003343 0.003343 0.003342 0.003340 0.003336 0.003329 0.003314 0.003287 0.003240 0.003162 0.003038 0.002853 0.002590 0.002237 0.001788 0.001251 0.000644 0.000000 
50.000000 40.977498 32.416037 24.706079 18.114913 12.763612 8.635261 5.606985 3.493309 2.088352 1.198218 0.660164 0.349567 0.178168 0.087656 0.041871 0.019663 0.009322 0.004697 0.002706 0.001882 0.001553 0.001426 0.001379 0.001362 0.001356 0.001354 0.001353 0.001353 0.001353 0.001353 0.001353 0.001353 0.001353 0.001352 0.001352 0.001350 0.001347 0.001341 0.001330 0.001310 0.001278 0.001228 0.001152 0.001046 0.000902 0.000721 0.000504 0.000260 0.000000 
50.000000 40.977348 32.415746 24.705661 18.114385 12.762997 8.634577 5.606252 3.492542 2.087562 1.197412 0.659350 0.348748 0.177346 0.086833 0.041047 0.018839 0.008498 0.003872 0.001882 0.001057 0.000728 0.000601 0.000554 0.000537 0.000532 0.000530 0.000529 0.000529 0.000529 0.000529 0.000529 0.000529 0.000529 0.000528 0.000528 0.000527 0.000526 0.000524 0.000519 0.000512 0.000499 0.000479 0.000449 0.000408 0.000352 0.000281 0.000196 0.000101 0.000000 
50.000000 40.977289 32.415629 24.705494 18.114175 12.762751 8.634305 5.605959 3.492235 2.087246 1.197091 0.659025 0.348421 0.177018 0.086505 0.040719 0.018510 0.008169 0.003543 0.001553 0.000728 0.000399 0.000272 0.000225 0.000208 0.000202 0.000200 0.000200 0.000200 0.000200 0.000200 0.000200 0.000200 0.000200 0.000199 0.000199 0.000199 0.000199 0.000198 0.000196 0.000193 0.000188 0.000181 0.000169 0.000154 0.000132 0.000106 0.000074 0.000038 0.000000 
50.000000 40.977266 32.415585 24.705429 18.114094 12.762657 8.634200 5.605847 3.492117 2.087125 1.196967 0.658900 0.348295 0.176892 0.086378 0.040592 0.018383 0.008043 0.003417 0.001426 0.000602 0.000273 0.000146 0.000099 0.000082 0.000076 0.000074 0.000073 0.000073 0.000073 0.000073 0.000073 0.000073 0.000073 0.000073 0.000073 0.000073 0.000073 0.000072 0.000072 0.000071 0.000069 0.000066 0.000062 0.000056 0.000048 0.000039 0.000027 0.000014 0.000000 
50.000000 40.977257 32.415568 24.705406 18.114064 12.762622 8.634161 5.605805 3.492074 2.087080 1.196922 0.658854 0.348249 0.176846 0.086332 0.040546 0.018337 0.007996 0.003370 0.001380 0.000555 0.000226 0.000099 0.000052 0.000035 0.000030 0.000028 0.000027 0.000027 0.000027 0.000027 0.000027 0.000027 0.000027 0.000027 0.000027 0.000027 0.000026 0.000026 0.000026 0.000026 0.000025 0.000024 0.000023 0.000020 0.000018 0.000014 0.000010 0.000005 0.000000 
50.000000 40.977255 32.415563 24.705398 18.114055 12.762611 8.634149 5.605792 3.492060 2.087066 1.196907 0.658840 0.348234 0.176831 0.086317 0.040531 0.018322 0.007981 0.003355 0.001365 0.000540 0.000211 0.000084 0.000037 0.000020 0.000015 0.000013 0.000012 0.000012 0.000012 0.000012 0.000012 0.000012 0.000012 0.000012 0.000012 0.000012 0.000012 0.000012 0.000011 0.000011 0.000011 0.000011 0.000010 0.000009 0.000008 0.000006 0.000004 0.000002 0.000000 
50.000000 40.977255 32.415563 24.705398 18.114055 12.762611 8.634149 5.605792 3.492060 2.087066 1.196907 0.658840 0.348234 0.176831 0.086317 0.040531 0.018322 0.007981 0.003355 0.001365 0.000540 0.000211 0.000084 0.000037 0.000020 0.000015 0.000013 0.000012 0.000012 0.000012 0.000012 0.000012 0.000012 0.000012 0.000012 0.000012 0.000012 0.000012 0.000012 0.000011 0.000011 0.000011 0.000011 0.000010 0.000009 0.000008 0.000006 0.000004 0.000002 0.000000 
50.000000 40.977257 32.415568 24.705406 18.114064 12.762622 8.634161 5.605805 3.492074 2.087080 1.196922 0.658854 0.348249 0.176846 0.086332 0.040546 0.018337 0.007996 0.003370 0.001380 0.000555 0.000226 0.000099 0.000052 0.000035 0.000030 0.000028 0.000027 0.000027 0.000027 0.000027 0.000027 0.000027 0.000027 0.000027 0.000027 0.000027 0.000026 0.000026 0.000026 0.000026 0.000025 0.000024 0.000023 0.000020 0.000018 0.000014 0.000010 0.000005 0.000000 
50.000000 40.977266 32.415585 24.705429 18.114094 12.762657 8.634200 5.605847 3.492117 2.087125 1.196967 0.658900 0.348295 0.176892 0.086378 0.040592 0.018383 0.008043 0.003417 0.001426 0.000602 0.000273 0.000146 0.000099 0.000082 0.000076 0.000074 0.000073 0.000073 0.000073 0.000073 0.000073 0.000073 0.000073 0.000073 0.000073 0.000073 0.000073 0.000072 0.000072 0.000071 0.000069 0.000066 0.000062 0.000056 0.000048 0.000039 0.000027 0.000014 0.000000 
50.000000 40.977289 32.415629 24.705494 18.114175 12.762751 8.634305 5.605959 3.492235 2.087246 1.197091 0.659025 0.348421 0.177018 0.086505 0.040719 0.018510 0.008169 0.003543 0.001553 0.000728 0.000399 0.000272 0.000225 0.000208 0.000202 0.000200 0.000200 0.000200 0.000200 0.000200 0.000200 0.000200 0.000200 0.000199 0.000199 0.000199 0.000199 0.000198 0.000196 0.000193 0.000188 0.000181 0.000169 0.000154 0.000132 0.000106 0.000074 0.000038 0.000000 
50.000000 40.977348 32.415746 24.705661 18.114385 12.762997 8.634577 5.606252 3.492542 2.087562 1.197412 0.659350 0.348748 0.177346 0.086833 0.041047 0.018839 0.008498 0.003872 0.001882 0.001057 0.000728 0.000601 0.000554 0.000537 0.000532 0.000530 0.000529 0.000529 0.000529 0.000529 0.000529 0.000529 0.000529 0.000528 0.000528 0.000527 0.000526 0.000524 0.000519 0.000512 0.000499 0.000479 0.000449 0.000408 0.000352 0.000281 0.000196 0.000101 0.000000 
50.000000 40.977498 32.416037 24.706079 18.114913 12.763612 8.635261 5.606985 3.493309 2.088352 1.198218 0.660164 0.349567 0.178168 0.087656 0.041871 0.019663 0.009322 0.004697 0.002706 0.001882 0.001553 0.001426 0.001379 0.001362 0.001356 0.001354 0.001353 0.001353 0.001353 0.001353 0.001353 0.001353 0.001353 0.001352 0.001352 0.001350 0.001347 0.001341 0.001330 0.001310 0.001278 0.001228 0.001152 0.001046 0.000902 0.000721 0.000504 0.000260 0.000000 
50.000000 40.977858 32.416739 24.707089 18.116186 12.765098 8.636911 5.608755 3.495163 2.090261 1.200161 0.662129 0.351544 0.180151 0.089644 0.043860 0.021652 0.011313 0.006687 0.004697 0.003872 0.003543 0.003416 0.003369 0.003352 0.003346 0.003344 0.003344 0.003344 0.003344 0.003343 0.003343 0.003343 0.003343 0.003342 0.003340 0.003336 0.003329 0.003314 0.003287 0.003240 0.003162 0.003038 0.002853 0.002590 0.002237 0.001788 0.001251 0.000644 0.000000 
50.000000 40.978696 32.418371 24.709436 18.119143 12.768551 8.640744 5.612868 3.499470 2.094697 1.204679 0.666695 0.356138 0.184761 0.094262 0.048483 0.026277 0.015938 0.011313 0.009322 0.008498 0.008169 0.008042 0.007995 0.007978 0.007972 0.007970 0.007970 0.007970 0.007970 0.007969 0.007969 0.007969 0.007968 0.007966 0.007962 0.007953 0.007935 0.007901 0.007838 0.007727 0.007544 0.007253 0.006815 0.006192 0.005351 0.004281 0.002996 0.001544 0.000000 
50.000000 40.980567 32.422018 24.714681 18.125752 12.776266 8.649312 5.622060 3.509097 2.104612 1.214776 0.676902 0.366408 0.195066 0.104585 0.058815 0.036614 0.026277 0.021652 0.019663 0.018838 0.018509 0.018383 0.018336 0.018319 0.018313 0.018311 0.018310 0.018310 0.018310 0.018310 0.018310 0.018309 0.018307 0.018303 0.018293 0.018273 0.018233 0.018157 0.018016 0.017768 0.017353 0.016694 0.015698 0.014274 0.012347 0.009886 0.006924 0.003570 0.000000 
50.000000 40.984585 32.429848 24.725941 18.139943 12.792834 8.667711 5.641799 3.529771 2.125906 1.236461 0.698824 0.388466 0.217199 0.126757 0.081007 0.058815 0.048483 0.043860 0.041871 0.041047 0.040719 0.040592 0.040545 0.040528 0.040522 0.040520 0.040519 0.040519 0.040519 0.040519 0.040518 0.040516 0.040512 0.040503 0.040483 0.040441 0.040356 0.040192 0.039888 0.039353 0.038454 0.037018 0.034840 0.031710 0.027458 0.022008 0.015428 0.007959 0.000000 
50.000000 40.992866 32.445985 24.749150 18.169193 12.826983 8.705636 5.682490 3.572388 2.169802 1.281166 0.744016 0.433939 0.262826 0.172466 0.126757 0.104585 0.094262 0.089644 0.087656 0.086833 0.086505 0.086378 0.086331 0.086314 0.086308 0.086306 0.086306 0.086306 0.086305 0.086305 0.086303 0.086300 0.086292 0.086274 0.086233 0.086147 0.085974 0.085637 0.085012 0.083905 0.082036 0.079035 0.074460 0.067851 0.058827 0.047207 0.033127 0.017102 0.000000 
50.000000 41.009232 32.477877 24.795018 18.227001 12.894478 8.780596 5.762919 3.656629 2.256573 1.369537 0.833353 0.523832 0.353025 0.262826 0.217199 0.195066 0.184761 0.180151 0.178168 0.177346 0.177018 0.176892 0.176845 0.176828 0.176822 0.176820 0.176819 0.176819 0.176819 0.176817 0.176815 0.176808 0.176793 0.176757 0.176679 0.176513 0.176174 0.175514 0.174284 0.172093 0.168374 0.162366 0.153148 0.139752 0.121351 0.097527 0.068524 0.035407 0.000000 
50.000000 41.040215 32.538254 24.881856 18.336448 13.022268 8.922525 5.915208 3.816141 2.420880 1.536877 1.002523 0.694057 0.523832 0.433939 0.388466 0.366408 0.356138 0.351544 0.349567 0.348748 0.348421 0.348295 0.348248 0.348231 0.348226 0.348224 0.348223 0.348222 0.348222 0.348220 0.348215 0.348203 0.348175 0.348110 0.347965 0.347658 0.347029 0.345796 0.343486 0.339346 0.332272 0.320765 0.302984 0.276952 0.240936 0.193994 0.136522 0.070619 0.000000 
50.000000 41.096344 32.647635 25.039179 18.534738 13.253799 9.179681 6.191145 4.105174 2.718608 1.840107 1.309075 1.002523 0.833353 0.744016 0.698824 0.676902 0.666695 0.662129 0.660164 0.659350 0.659025 0.658900 0.658854 0.658837 0.658831 0.658829 0.658828 0.658828 0.658826 0.658823 0.658815 0.658795 0.658745 0.658632 0.658379 0.657838 0.656727 0.654537 0.650406 0.642954 0.630125 0.609086 0.576300 0.527875 0.460293 0.371476 0.261956 0.135692 0.000000 
50.000000 41.193552 32.837072 25.311653 18.878173 13.654818 9.625098 6.669107 4.605833 3.234340 2.365379 1.840107 1.536877 1.369537 1.281166 1.236461 1.214776 1.204679 1.200161 1.198218 1.197412 1.197091 1.196967 1.196921 1.196905 1.196899 1.196897 1.196896 1.196895 1.196893 1.196888 1.196874 1.196841 1.196760 1.196573 1.196154 1.195253 1.193391 1.189701 1.182690 1.169944 1.147813 1.111179 1.053515 0.967443 0.846029 0.684811 0.484189 0.251272 0.000000 
50.000000 41.354330 33.150399 25.762329 19.446233 14.318146 10.361887 7.459752 5.434045 4.087504 3.234340 2.718608 2.420880 2.256573 2.169802 2.125906 2.104612 2.094697 2.090261 2.088352 2.087562 2.087246 2.087124 2.087079 2.087063 2.087057 2.087055 2.087054 2.087053 2.087050 2.087042 2.087021 2.086970 2.086845 2.086553 2.085897 2.084480 2.081534 2.075653 2.064396 2.043752 2.007555 1.946987 1.850510 1.704662 1.496195 1.215754 0.862606 0.448778 0.000000 
50.000000 41.608041 33.644839 26.473523 20.342689 15.364971 11.524675 8.707567 6.741178 5.434045 4.605833 4.105174 3.816141 3.656629 3.572388 3.529771 3.509097 3.499470 3.495163 3.493309 3.492541 3.492235 3.492117 3.492073 3.492057 3.492052 3.492050 3.492049 3.492047 3.492043 3.492031 3.492001 3.491926 3.491744 3.491316 3.490352 3.488255 3.483869 3.475049 3.458021 3.426490 3.370589 3.275873 3.122875 2.887998 2.546729 2.079923 1.482817 0.774165 0.000000 
50.000000 41.989658 34.388553 27.543289 21.691150 16.939655 13.273840 10.584681 8.707567 7.459752 6.669107 6.191145 5.915208 5.762919 5.682490 5.641799 5.622060 5.612868 5.608755 5.606985 5.606252 5.605959 5.605846 5.605804 5.605789 5.605784 5.605782 5.605781 5.605778 5.605773 5.605757 5.605717 5.605615 5.605366 5.604781 5.603454 5.600553 5.594443 5.582059 5.557928 5.512765 5.431694 5.292340 5.063495 4.705584 4.174804 3.432962 2.463849 1.292973 0.000000 
50.000000 42.536305 35.453898 29.075712 23.622836 19.195457 15.779647 13.273840 11.524675 10.361887 9.625098 9.179681 8.922525 8.780596 8.705636 8.667711 8.649312 8.640744 8.636911 8.635261 8.634577 8.634305 8.634199 8.634160 8.634146 8.634141 8.634139 8.634138 8.634135 8.634128 8.634109 8.634058 8.633929 8.633614 8.632871 8.631176 8.627448 8.619540 8.603381 8.571583 8.511377 8.401801 8.210345 7.889823 7.377157 6.597168 5.475929 3.968272 2.098909 0.000000 
50.000000 43.281416 36.906035 31.164535 26.255930 22.270412 19.195457 16.939655 15.364971 14.318146 13.654818 13.253799 13.022268 12.894478 12.826983 12.792834 12.776266 12.768551 12.765098 12.763612 12.762997 12.762751 12.762656 12.762621 12.762609 12.762604 12.762602 12.762601 12.762598 12.762589 12.762567 12.762508 12.762359 12.761993 12.761124 12.759133 12.754727 12.745317 12.725924 12.687375 12.613484 12.476973 12.234071 11.818300 11.135206 10.062191 8.461712 6.221194 3.332856 0.000000 
50.000000 44.247126 38.788106 33.871826 29.668689 26.255930 23.622836 21.691150 20.342689 19.446233 18.878173 18.534738 18.336448 18.227001 18.169193 18.139943 18.125752 18.119143 18.116186 18.114913 18.114385 18.114175 18.114094 18.114064 18.114053 18.114049 18.114047 18.114046 18.114043 18.114034 18.114010 18.113949 18.113792 18.113405 18.112485 18.110366 18.105651 18.095512 18.074445 18.032144 17.950039 17.795961 17.516346 17.025667 16.193738 14.834345 12.706002 9.551872 5.231919 0.000000 
50.000000 45.436459 41.106009 37.206074 33.871826 31.164535 29.075712 27.543289 26.473523 25.762329 25.311653 25.039179 24.881856 24.795018 24.749150 24.725941 24.714681 24.709436 24.707089 24.706079 24.705661 24.705494 24.705429 24.705405 24.705397 24.705394 24.705392 24.705391 24.705388 24.705380 24.705358 24.705301 24.705155 24.704795 24.703934 24.701943 24.697492 24.687862 24.667703 24.626841 24.546575 24.393601 24.110327 23.599783 22.702823 21.165824 18.603037 14.484204 8.266570 0.000000 
50.000000 46.827559 43.817149 41.106009 38.788106 36.906035 35.453898 34.388553 33.644839 33.150399 32.837072 32.647635 32.538254 32.477877 32.445985 32.429848 32.422018 32.418371 32.416739 32.416037 32.415746 32.415629 32.415585 32.415568 32.415562 32.415560 32.415559 32.415558 32.415556 32.415549 32.415533 32.415488 32.415375 32.415093 32.414420 32.412858 32.409353 32.401732 32.385679 32.352883 32.287793 32.162022 31.924705 31.485626 30.684840 29.236234 26.621805 21.908575 13.551924 0.000000 
50.000000 48.372211 46.827559 45.436459 44.247126 43.281416 42.536305 41.989658 41.608041 41.354330 41.193552 41.096344 41.040215 41.009232 40.992866 40.984585 40.980567 40.978696 40.977858 40.977498 40.977348 40.977289 40.977266 40.977257 40.977254 40.977253 40.977252 40.977252 40.977251 40.977247 40.977238 40.977214 40.977151 40.976997 40.976626 40.975764 40.973825 40.969596 40.960652 40.942280 40.905552 40.833875 40.696685 40.437396 39.948560 39.015207 37.169889 33.275634 24.186106 0.000000 
50.000000 50.000000 50.000000 50.000000 50.000000 50.000000 50.000000 50.000000 50.000000 50.000000 50.000000 50.000000 50.000000 50.000000 50.000000 50.000000 50.000000 50.000000 50.000000 50.000000 50.000000 50.000000 50.000000 50.000000 50.000000 50.000000 50.000000 50.000000 50.000000 50.000000 50.000000 50.000000 50.000000 50.000000 50.000000 50.000000 50.000000 50.000000 50.000000 50.000000 50.000000 50.000000 50.000000 50.000000 50.000000 50.000000 50.000000 50.000000 50.000000 50.000000 
