50.000000 50.000000 50.000000 50.000000 50.000000 50.000000 50.000000 50.000000 50.000000 50.000000 50.000000 50.000000 50.000000 50.000000 50.000000 50.000000 50.000000 50.000000 50.000000 50.000000 50.000000 50.000000 50.000000 50.000000 50.000000 50.000000 50.000000 50.000000 50.000000 50.000000 50.000000 50.000000 50.000000 50.000000 50.000000 50.000000 50.000000 50.000000 50.000000 50.000000 50.000000 50.000000 50.000000 50.000000 50.000000 50.000000 50.000000 50.000000 50.000000 50.000000 
50.000000 48.737549 47.525121 46.406798 45.415958 44.572529 43.882590 43.340062 42.929821 42.631396 42.422465 42.281615 42.190137 42.132869 42.098291 42.078144 42.066809 42.060647 42.057409 42.055763 42.054953 42.054567 42.054389 42.054309 42.054274 42.054258 42.054251 42.054244 42.054231 42.054205 42.054144 42.054009 42.053714 42.053089 42.051799 42.049202 42.044105 42.034340 42.016053 41.982522 41.922170 41.815159 41.627301 41.298411 40.718060 39.669606 37.685905 33.632692 24.368774 0.000000 
50.000000 47.525121 45.148307 42.955978 41.013566 39.360138 38.007612 36.944067 36.139855 35.554844 35.145271 34.869161 34.689838 34.577576 34.509794 34.470301 34.448081 34.436003 34.429656 34.426429 34.424842 34.424085 34.423736 34.423579 34.423510 34.423480 34.423465 34.423452 34.423429 34.423379 34.423266 34.423014 34.422467 34.421307 34.418918 34.414117 34.404718 34.386765 34.353281 34.292206 34.183049 33.991379 33.659576 33.090717 32.119302 30.456110 27.583705 22.574153 13.892429 0.000000 
50.000000 46.406798 42.955978 39.773014 36.952902 34.552365 32.588703 31.044608 29.877031 29.027702 28.433082 28.032229 27.771892 27.608915 27.510514 27.453180 27.420924 27.403390 27.394176 27.389492 27.387188 27.386090 27.385582 27.385355 27.385255 27.385212 27.385190 27.385172 27.385141 27.385075 27.384924 27.384589 27.383862 27.382327 27.379169 27.372847 27.360515 27.337075 27.293622 27.214978 27.075851 26.834873 26.425444 25.741649 24.616938 22.793553 19.886507 15.372273 8.720893 0.000000 
50.000000 45.415958 41.013566 36.952902 33.355163 30.292709 27.787610 25.817779 24.328293 23.244810 22.486265 21.974912 21.642815 21.434917 21.309395 21.236261 21.195116 21.172752 21.160999 21.155025 21.152086 21.150685 21.150038 21.149748 21.149621 21.149566 21.149539 21.149517 21.149482 21.149407 21.149236 21.148858 21.148041 21.146318 21.142788 21.135747 21.122084 21.096268 21.048767 20.963607 20.814753 20.560905 20.138306 19.451313 18.361366 16.677581 14.159349 10.557457 5.746352 0.000000 
50.000000 44.572529 39.360138 34.552365 30.292709 26.666844 23.700895 21.368706 19.605243 18.322478 17.424429 16.819042 16.425880 16.179759 16.031163 15.944586 15.895879 15.869404 15.855493 15.848421 15.844942 15.843284 15.842518 15.842175 15.842025 15.841960 15.841929 15.841905 15.841869 15.841792 15.841620 15.841238 15.840415 15.838687 15.835159 15.828157 15.814644 15.789287 15.743018 15.660911 15.519208 15.281378 14.893319 14.278308 13.333422 11.931343 9.935427 7.240837 3.854469 0.000000 
50.000000 43.882590 38.007612 32.588703 27.787610 23.700895 20.357999 17.729436 15.741895 14.296152 13.284019 12.601736 12.158643 11.881270 11.713809 11.616242 11.561354 11.531521 11.515844 11.507876 11.503955 11.502087 11.501224 11.500838 11.500669 11.500596 11.500562 11.500538 11.500504 11.500432 11.500272 11.499918 11.499158 11.497569 11.494338 11.487957 11.475719 11.452918 11.411670 11.339236 11.215796 11.011782 10.685084 10.179000 9.422586 8.336297 6.847054 4.916895 2.584178 0.000000 
50.000000 43.340062 36.944067 31.044608 25.817779 21.368706 17.729436 14.867859 12.704154 11.130289 10.028476 9.285752 8.803416 8.501483 8.319196 8.212995 8.153251 8.120778 8.103716 8.095043 8.090776 8.088743 8.087804 8.087383 8.087200 8.087121 8.087085 8.087062 8.087031 8.086968 8.086830 8.086525 8.085872 8.084513 8.081762 8.076358 8.066056 8.047004 8.012833 7.953433 7.853422 7.690478 7.433930 7.044352 6.475388 5.679473 4.619164 3.284491 1.712761 0.000000 
50.000000 42.929821 36.139855 29.877031 24.328293 19.605243 15.741895 12.704154 10.407272 8.736556 7.566958 6.778553 6.266558 5.946066 5.752578 5.639853 5.576440 5.541975 5.523865 5.514660 5.510132 5.507974 5.506978 5.506531 5.506337 5.506254 5.506217 5.506194 5.506168 5.506117 5.506004 5.505758 5.505232 5.504141 5.501943 5.497650 5.489515 5.474578 5.448009 5.402267 5.326111 5.203636 5.013676 4.730113 4.323865 3.767388 3.042158 2.148476 1.114662 0.000000 
50.000000 42.631396 35.554844 29.027702 23.244810 18.322478 14.296152 11.130289 8.736556 6.995412 5.776527 4.954908 4.421353 4.087370 3.885741 3.768275 3.702197 3.666283 3.647413 3.637822 3.633103 3.630855 3.629817 3.629352 3.629150 3.629063 3.629026 3.629005 3.628983 3.628943 3.628857 3.628669 3.628269 3.627442 3.625785 3.622564 3.616498 3.605436 3.585913 3.552601 3.497706 3.410446 3.276867 3.080356 2.803270 2.430057 1.951851 1.371795 0.709227 0.000000 
50.000000 42.422465 35.145271 28.433082 22.486265 17.424429 13.284019 10.028476 7.566958 5.776527 4.523150 3.678293 3.129654 2.786233 2.578911 2.458129 2.390187 2.353261 2.333859 2.323998 2.319147 2.316835 2.315768 2.315290 2.315082 2.314994 2.314956 2.314936 2.314919 2.314889 2.314826 2.314690 2.314401 2.313808 2.312622 2.310330 2.306038 2.298260 2.284634 2.261575 2.223925 2.164691 2.075043 1.944783 1.763519 1.522658 1.218104 0.853065 0.439943 0.000000 
50.000000 42.281615 34.869161 28.032229 21.974912 16.819042 12.601736 9.285752 6.778553 4.954908 3.678293 2.817780 2.258980 1.909203 1.698045 1.575032 1.505834 1.468227 1.448467 1.438425 1.433484 1.431130 1.430043 1.429556 1.429345 1.429255 1.429217 1.429199 1.429185 1.429164 1.429120 1.429026 1.428828 1.428422 1.427615 1.426062 1.423169 1.417958 1.408890 1.393659 1.368996 1.330544 1.272919 1.190065 1.076024 0.926145 0.738607 0.515880 0.265562 0.000000 
50.000000 42.190137 34.689838 27.771892 21.642815 16.425880 12.158643 8.803416 6.266558 4.421353 3.129654 2.258980 1.693586 1.339685 1.126040 1.001578 0.931567 0.893518 0.873526 0.863366 0.858367 0.855986 0.854886 0.854394 0.854180 0.854089 0.854051 0.854034 0.854023 0.854008 0.853979 0.853917 0.853788 0.853523 0.852998 0.851993 0.850130 0.846793 0.841022 0.831394 0.815917 0.791980 0.756412 0.705725 0.636592 0.546547 0.434817 0.303073 0.155797 0.000000 
50.000000 42.132869 34.577576 27.608915 21.434917 16.179759 11.881270 8.501483 5.946066 4.087370 2.786233 1.909203 1.339685 0.983205 0.768004 0.642637 0.572118 0.533792 0.513656 0.503422 0.498387 0.495988 0.494881 0.494385 0.494169 0.494078 0.494041 0.494024 0.494015 0.494005 0.493986 0.493947 0.493866 0.493700 0.493374 0.492751 0.491602 0.489555 0.486034 0.480195 0.470871 0.456550 0.435426 0.405551 0.365114 0.312833 0.248400 0.172858 0.088763 0.000000 
50.000000 42.098291 34.509794 27.510514 21.309395 16.031163 11.713809 8.319196 5.752578 3.885741 2.578911 1.698045 1.126040 0.768004 0.551866 0.425953 0.355127 0.316635 0.296411 0.286133 0.281077 0.278668 0.277555 0.277057 0.276841 0.276749 0.276712 0.276696 0.276688 0.276681 0.276669 0.276646 0.276597 0.276498 0.276303 0.275933 0.275253 0.274047 0.271984 0.268580 0.263177 0.254928 0.242839 0.225851 0.203005 0.173648 0.137667 0.095677 0.049089 0.000000 
50.000000 42.078144 34.470301 27.453180 21.236261 15.944586 11.616242 8.212995 5.639853 3.768275 2.458129 1.575032 1.001578 0.642637 0.425953 0.299723 0.228718 0.190130 0.169855 0.159551 0.154482 0.152067 0.150952 0.150453 0.150236 0.150144 0.150107 0.150091 0.150084 0.150079 0.150072 0.150059 0.150030 0.149973 0.149862 0.149650 0.149263 0.148580 0.147417 0.145507 0.142490 0.137910 0.131234 0.121905 0.109426 0.093473 0.074011 0.051383 0.026345 0.000000 
50.000000 42.066809 34.448081 27.420924 21.195116 15.895879 11.561354 8.153251 5.576440 3.702197 2.390187 1.505834 0.931567 0.572118 0.355127 0.228718 0.157614 0.118971 0.098668 0.088349 0.083273 0.080855 0.079738 0.079238 0.079021 0.078929 0.078892 0.078876 0.078870 0.078866 0.078862 0.078854 0.078838 0.078807 0.078745 0.078629 0.078417 0.078045 0.077412 0.076379 0.074755 0.072300 0.068738 0.063786 0.057192 0.048798 0.038597 0.026774 0.013720 0.000000 
50.000000 42.060647 34.436003 27.403390 21.172752 15.869404 11.531521 8.120779 5.541975 3.666283 2.353261 1.468227 0.893518 0.533792 0.316635 0.190130 0.118971 0.080298 0.059980 0.049653 0.044574 0.042153 0.041036 0.040535 0.040318 0.040226 0.040189 0.040174 0.040168 0.040165 0.040162 0.040158 0.040149 0.040132 0.040100 0.040038 0.039926 0.039730 0.039399 0.038859 0.038015 0.036743 0.034906 0.032363 0.028989 0.024711 0.019528 0.013536 0.006933 0.000000 
50.000000 42.057409 34.429656 27.394176 21.160999 15.855493 11.515844 8.103716 5.523865 3.647413 2.333859 1.448467 0.873526 0.513656 0.296411 0.169856 0.098668 0.059980 0.039654 0.029323 0.024241 0.021820 0.020702 0.020201 0.019984 0.019892 0.019855 0.019840 0.019834 0.019831 0.019829 0.019827 0.019823 0.019814 0.019797 0.019766 0.019709 0.019609 0.019441 0.019169 0.018745 0.018108 0.017191 0.015926 0.014254 0.012141 0.009587 0.006642 0.003401 0.000000 
50.000000 42.055763 34.426429 27.389493 21.155025 15.848421 11.507876 8.095043 5.514661 3.637822 2.323998 1.438425 0.863366 0.503422 0.286133 0.159552 0.088350 0.049654 0.029323 0.018991 0.013908 0.011486 0.010368 0.009867 0.009650 0.009558 0.009521 0.009506 0.009500 0.009497 0.009496 0.009495 0.009492 0.009488 0.009480 0.009464 0.009436 0.009387 0.009305 0.009172 0.008966 0.008657 0.008214 0.007605 0.006802 0.005789 0.004569 0.003163 0.001619 0.000000 
50.000000 42.054953 34.424842 27.387188 21.152086 15.844943 11.503956 8.090777 5.510133 3.633105 2.319148 1.433485 0.858369 0.498388 0.281078 0.154484 0.083274 0.044575 0.024242 0.013909 0.008825 0.006403 0.005285 0.004784 0.004567 0.004475 0.004438 0.004423 0.004417 0.004414 0.004413 0.004413 0.004411 0.004409 0.004405 0.004398 0.004385 0.004361 0.004323 0.004260 0.004162 0.004017 0.003810 0.003525 0.003151 0.002680 0.002114 0.001463 0.000749 0.000000 
50.000000 42.054568 34.424086 27.386091 21.150687 15.843286 11.502090 8.088746 5.507977 3.630858 2.316838 1.431133 0.855989 0.495992 0.278671 0.152071 0.080858 0.042157 0.021823 0.011489 0.006405 0.003983 0.002865 0.002364 0.002147 0.002055 0.002018 0.002003 0.001997 0.001995 0.001994 0.001993 0.001993 0.001992 0.001990 0.001986 0.001980 0.001969 0.001952 0.001923 0.001878 0.001812 0.001718 0.001589 0.001419 0.001207 0.000951 0.000658 0.000337 0.000000 
50.000000 42.054390 34.423739 27.385587 21.150043 15.842524 11.501232 8.087812 5.506986 3.629826 2.315777 1.430052 0.854895 0.494890 0.277564 0.150961 0.079747 0.041045 0.020711 0.010377 0.005293 0.002871 0.001752 0.001252 0.001034 0.000943 0.000905 0.000890 0.000884 0.000882 0.000881 0.000881 0.000880 0.000880 0.000879 0.000878 0.000875 0.000870 0.000862 0.000849 0.000829 0.000800 0.000758 0.000701 0.000626 0.000532 0.000419 0.000290 0.000148 0.000000 
50.000000 42.054313 34.423587 27.385366 21.149762 15.842192 11.500857 8.087404 5.506553 3.629375 2.315313 1.429580 0.854418 0.494409 0.277081 0.150477 0.079262 0.040560 0.020225 0.009891 0.004807 0.002385 0.001267 0.000766 0.000549 0.000457 0.000419 0.000404 0.000399 0.000396 0.000396 0.000395 0.000395 0.000395 0.000394 0.000394 0.000392 0.000390 0.000387 0.000381 0.000372 0.000358 0.000339 0.000314 0.000280 0.000238 0.000187 0.000130 0.000066 0.000000 
50.000000 42.054284 34.423531 27.385285 21.149658 15.842069 11.500718 8.087253 5.506393 3.629208 2.315141 1.429405 0.854241 0.494231 0.276902 0.150298 0.079083 0.040380 0.020046 0.009711 0.004627 0.002205 0.001087 0.000586 0.000369 0.000277 0.000239 0.000224 0.000219 0.000216 0.000216 0.000215 0.000215 0.000215 0.000215 0.000214 0.000214 0.000212 0.000210 0.000207 0.000202 0.000195 0.000185 0.000171 0.000152 0.000129 0.000102 0.000070 0.000036 0.000000 
50.000000 42.054284 34.423531 27.385285 21.149658 15.842069 11.500718 8.087253 5.506393 3.629208 2.315141 1.429405 0.854241 0.494231 0.276902 0.150298 0.079083 0.040380 0.020046 0.009711 0.004627 0.002205 0.001087 0.000586 0.000369 0.000277 0.000239 0.000224 0.000219 0.000216 0.000216 0.000215 0.000215 0.000215 0.000215 0.000214 0.000214 0.000212 0.000210 0.000207 0.000202 0.000195 0.000185 0.000171 0.000152 0.000129 0.000102 0.000070 0.000036 0.000000 
50.000000 42.054313 34.423587 27.385366 21.149762 15.842192 11.500857 8.087404 5.506553 3.629375 2.315313 1.429580 0.854418 0.494409 0.277081 0.150477 0.079262 0.040560 0.020225 0.009891 0.004807 0.002385 0.001267 0.000766 0.000549 0.000457 0.000419 0.000404 0.000399 0.000396 0.000396 0.000395 0.000395 0.000395 0.000394 0.000394 0.000392 0.000390 0.000387 0.000381 0.000372 0.000358 0.000339 0.000314 0.000280 0.000238 0.000187 0.000130 0.000066 0.000000 
50.000000 42.054390 34.423739 27.385587 21.150043 15.842524 11.501232 8.087812 5.506986 3.629826 2.315777 1.430052 0.854895 0.494890 0.277564 0.150961 0.079747 0.041045 0.020711 0.010377 0.005293 0.002871 0.001752 0.001252 0.001034 0.000943 0.000905 0.000890 0.000884 0.000882 0.000881 0.000881 0.000880 0.000880 0.000879 0.000878 0.000875 0.000870 0.000862 0.000849 0.000829 0.000800 0.000758 0.000701 0.000626 0.000532 0.000419 0.000290 0.000148 0.000000 
50.000000 42.054568 34.424086 27.386091 21.150687 15.843286 11.502090 8.088746 5.507977 3.630858 2.316838 1.431133 0.855989 0.495992 0.278671 0.152071 0.080858 0.042157 0.021823 0.011489 0.006405 0.003983 0.002865 0.002364 0.002147 0.002055 0.002018 0.002003 0.001997 0.001995 0.001994 0.001993 0.001993 0.001992 0.001990 0.001986 0.001980 0.001969 0.001952 0.001923 0.001878 0.001812 0.001718 0.001589 0.001419 0.001207 0.000951 0.000658 0.000337 0.000000 
50.000000 42.054953 34.424842 27.387188 21.152086 15.844943 11.503956 8.090777 5.510133 3.633105 2.319148 1.433485 0.858369 0.498388 0.281078 0.154484 0.083274 0.044575 0.024242 0.013909 0.008825 0.006403 0.005285 0.004784 0.004567 0.004475 0.004438 0.004423 0.004417 0.004414 0.004413 0.004413 0.004411 0.004409 0.004405 0.004398 0.004385 0.004361 0.004323 0.004260 0.004162 0.004017 0.003810 0.003525 0.003151 0.002680 0.002114 0.001463 0.000749 0.000000 
50.000000 42.055763 34.426429 27.389493 21.155025 15.848421 11.507876 8.095043 5.514661 3.637822 2.323998 1.438425 0.863366 0.503422 0.286133 0.159552 0.088350 0.049654 0.029323 0.018991 0.013908 0.011486 0.010368 0.009867 0.009650 0.009558 0.009521 0.009506 0.009500 0.009497 0.009496 0.009495 0.009492 0.009488 0.009480 0.009464 0.009436 0.009387 0.009305 0.009172 0.008966 0.008657 0.008214 0.007605 0.006802 0.005789 0.004569 0.003163 0.001619 0.000000 
50.000000 42.057409 34.429656 27.394176 21.160999 15.855493 11.515844 8.103716 5.523865 3.647413 2.333859 1.448467 0.873526 0.513656 0.296411 0.169856 0.098668 0.059980 0.039654 0.029323 0.024241 0.021820 0.020702 0.020201 0.019984 0.019892 0.019855 0.019840 0.019834 0.019831 0.019829 0.019827 0.019823 0.019814 0.019797 0.019766 0.019709 0.019609 0.019441 0.019169 0.018745 0.018108 0.017191 0.015926 0.014254 0.012141 0.009587 0.006642 0.003401 0.000000 
50.000000 42.060647 34.436003 27.403390 21.172752 15.869404 11.531521 8.120779 5.541975 3.666283 2.353261 1.468227 0.893518 0.533792 0.316635 0.190130 0.118971 0.080298 0.059980 0.049653 0.044574 0.042153 0.041036 0.040535 0.040318 0.040226 0.040189 0.040174 0.040168 0.040165 0.040162 0.040158 0.040149 0.040132 0.040100 0.040038 0.039926 0.039730 0.039399 0.038859 0.038015 0.036743 0.034906 0.032363 0.028989 0.024711 0.019528 0.013536 0.006933 0.000000 
50.000000 42.066809 34.448081 27.420924 21.195116 15.895879 11.561354 8.153251 5.576440 3.702197 2.390187 1.505834 0.931567 0.572118 0.355127 0.228718 0.157614 0.118971 0.098668 0.088349 0.083273 0.080855 0.079738 0.079238 0.079021 0.078929 0.078892 0.078876 0.078870 0.078866 0.078862 0.078854 0.078838 0.078807 0.078745 0.078629 0.078417 0.078045 0.077412 0.076379 0.074755 0.072300 0.068738 0.063786 0.057192 0.048798 0.038597 0.026774 0.013720 0.000000 
50.000000 42.078144 34.470301 27.453180 21.236261 15.944586 11.616242 8.212995 5.639853 3.768275 2.458129 1.575032 1.001578 0.642637 0.425953 0.299723 0.228718 0.190130 0.169855 0.159551 0.154482 0.152067 0.150952 0.150453 0.150236 0.150144 0.150107 0.150091 0.150084 0.150079 0.150072 0.150059 0.150030 0.149973 0.149862 0.149650 0.149263 0.148580 0.147417 0.145507 0.142490 0.137910 0.131234 0.121905 0.109426 0.093473 0.074011 0.051383 0.026345 0.000000 
50.000000 42.098291 34.509794 27.510514 21.309395 16.031163 11.713809 8.319196 5.752578 3.885741 2.578911 1.698045 1.126040 0.768004 0.551866 0.425953 0.355127 0.316635 0.296411 0.286133 0.281077 0.278668 0.277555 0.277057 0.276841 0.276749 0.276712 0.276696 0.276688 0.276681 0.276669 0.276646 0.276597 0.276498 0.276303 0.275933 0.275253 0.274047 0.271984 0.268580 0.263177 0.254928 0.242839 0.225851 0.203005 0.173648 0.137667 0.095677 0.049089 0.000000 
50.000000 42.132869 34.577576 27.608915 21.434917 16.179759 11.881270 8.501483 5.946066 4.087370 2.786233 1.909203 1.339685 0.983205 0.768004 0.642637 0.572118 0.533792 0.513656 0.503422 0.498387 0.495988 0.494881 0.494385 0.494169 0.494078 0.494041 0.494024 0.494015 0.494005 0.493986 0.493947 0.493866 0.493700 0.493374 0.492751 0.491602 0.489555 0.486034 0.480195 0.470871 0.456550 0.435426 0.405551 0.365114 0.312833 0.248400 0.172858 0.088763 0.000000 
50.000000 42.190137 34.689838 27.771892 21.642815 16.425880 12.158643 8.803416 6.266558 4.421353 3.129654 2.258980 1.693586 1.339685 1.126040 1.001578 0.931567 0.893518 0.873526 0.863366 0.858367 0.855986 0.854886 0.854394 0.854180 0.854089 0.854051 0.854034 0.854023 0.854008 0.853979 0.853917 0.853788 0.853523 0.852998 0.851993 0.850130 0.846793 0.841022 0.831394 0.815917 0.791980 0.756412 0.705725 0.636592 0.546547 0.434817 0.303073 0.155797 0.000000 
50.000000 42.281615 34.869161 28.032229 21.974912 16.819042 12.601736 9.285752 6.778553 4.954908 3.678293 2.817780 2.258980 1.909203 1.698045 1.575032 1.505834 1.468227 1.448467 1.438425 1.433484 1.431130 1.430043 1.429556 1.429345 1.429255 1.429217 1.429199 1.429185 1.429164 1.429120 1.429026 1.428828 1.428422 1.427615 1.426062 1.423169 1.417958 1.408890 1.393659 1.368996 1.330544 1.272919 1.190065 1.076024 0.926145 0.738607 0.515880 0.265562 0.000000 
50.000000 42.422465 35.145271 28.433082 22.486265 17.424429 13.284019 10.028476 7.566958 5.776527 4.523150 3.678293 3.129654 2.786233 2.578911 2.458129 2.390187 2.353261 2.333859 2.323998 2.319147 2.316835 2.315768 2.315290 2.315082 2.314994 2.314956 2.314936 2.314919 2.314889 2.314826 2.314690 2.314401 2.313808 2.312622 2.310330 2.306038 2.298260 2.284634 2.261575 2.223925 2.164691 2.075043 1.944783 1.763519 1.522658 1.218104 0.853065 0.439943 0.000000 
50.000000 42.631396 35.554844 29.027702 23.244810 18.322478 14.296152 11.130289 8.736556 6.995412 5.776527 4.954908 4.421353 4.087370 3.885741 3.768275 3.702197 3.666283 3.647413 3.637822 3.633103 3.630855 3.629817 3.629352 3.629150 3.629063 3.629026 3.629005 3.628983 3.628943 3.628857 3.628669 3.628269 3.627442 3.625785 3.622564 3.616498 3.605436 3.585913 3.552601 3.497706 3.410446 3.276867 3.080356 2.803270 2.430057 1.951851 1.371795 0.709227 0.000000 
50.000000 42.929821 36.139855 29.877031 24.328293 19.605243 15.741895 12.704154 10.407272 8.736556 7.566958 6.778553 6.266558 5.946066 5.752578 5.639853 5.576440 5.541975 5.523865 5.514660 5.510132 5.507974 5.506978 5.506531 5.506337 5.506254 5.506217 5.506194 5.506168 5.506117 5.506004 5.505758 5.505232 5.504141 5.501943 5.497650 5.489515 5.474578 5.448009 5.402267 5.326111 5.203636 5.013676 4.730113 4.323865 3.767388 3.042158 2.148476 1.114662 0.000000 
50.000000 43.340062 36.944067 31.044608 25.817779 21.368706 17.729436 14.867859 12.704154 11.130289 10.028476 9.285752 8.803416 8.501483 8.319196 8.212995 8.153251 8.120778 8.103716 8.095043 8.090776 8.088743 8.087804 8.087383 8.087200 8.087121 8.087085 8.087062 8.087031 8.086968 8.086830 8.086525 8.085872 8.084513 8.081762 8.076358 8.066056 8.047004 8.012833 7.953433 7.853422 7.690478 7.433930 7.044352 6.475388 5.679473 4.619164 3.284491 1.712761 0.000000 
50.000000 43.882590 38.007612 32.588703 27.787610 23.700895 20.357999 17.729436 15.741895 14.296152 13.284019 12.601736 12.158643 11.881270 11.713809 11.616242 11.561354 11.531521 11.515844 11.507876 11.503955 11.502087 11.501224 11.500838 11.500669 11.500596 11.500562 11.500538 11.500504 11.500432 11.500272 11.499918 11.499158 11.497569 11.494338 11.487957 11.475719 11.452918 11.411670 11.339236 11.215796 11.011782 10.685084 10.179000 9.422586 8.336297 6.847054 4.916895 2.584178 0.000000 
50.000000 44.572529 39.360138 34.552365 30.292709 26.666844 23.700895 21.368706 19.605243 18.322478 17.424429 16.819042 16.425880 16.179759 16.031163 15.944586 15.895879 15.869404 15.855493 15.848421 15.844942 15.843284 15.842518 15.842175 15.842025 15.841960 15.841929 15.841905 15.841869 15.841792 15.841620 15.841238 15.840415 15.838687 15.835159 15.828157 15.814644 15.789287 15.743018 15.660911 15.519208 15.281378 14.893319 14.278308 13.333422 11.931343 9.935427 7.240837 3.854469 0.000000 
50.000000 45.415958 41.013566 36.952902 33.355163 30.292709 27.787610 25.817779 24.328293 23.244810 22.486265 21.974912 21.642815 21.434917 21.309395 21.236261 21.195116 21.172752 21.160999 21.155025 21.152086 21.150685 21.150038 21.149748 21.149621 21.149566 21.149539 21.149517 21.149482 21.149407 21.149236 21.148858 21.148041 21.146318 21.142788 21.135747 21.122084 21.096268 21.048767 20.963607 20.814753 20.560905 20.138306 19.451313 18.361366 16.677581 14.159349 10.557457 5.746352 0.000000 
50.000000 46.406798 42.955978 39.773014 36.952902 34.552365 32.588703 31.044608 29.877031 29.027702 28.433082 28.032229 27.771892 27.608915 27.510514 27.453180 27.420924 27.403390 27.394176 27.389492 27.387188 27.386090 27.385582 27.385355 27.385255 27.385212 27.385190 27.385172 27.385141 27.385075 27.384924 27.384589 27.383862 27.382327 27.379169 27.372847 27.360515 27.337075 27.293622 27.214978 27.075851 26.834873 26.425444 25.741649 24.616938 22.793553 19.886507 15.372273 8.720893 0.000000 
50.000000 47.525121 45.148307 42.955978 41.013566 39.360138 38.007612 36.944067 36.139855 35.554844 35.145271 34.869161 34.689838 34.577576 34.509794 34.470301 34.448081 34.436003 34.429656 34.426429 34.424842 34.424085 34.423736 34.423579 34.423510 34.423480 34.423465 34.423452 34.423429 34.423379 34.423266 34.423014 34.422467 34.421307 34.418918 34.414117 34.404718 34.386765 34.353281 34.292206 34.183049 33.991379 33.659576 33.090717 32.119302 30.456110 27.583705 22.574153 13.892429 0.000000 
50.000000 48.737549 47.525121 46.406798 45.415958 44.572529 43.882590 43.340062 42.929821 42.631396 42.422465 42.281615 42.190137 42.132869 42.098291 42.078144 42.066809 42.060647 42.057409 42.055763 42.054953 42.054567 42.054389 42.054309 42.054274 42.054258 42.054251 42.054244 42.054231 42.054205 42.054144 42.054009 42.053714 42.053089 42.051799 42.049202 42.044105 42.034340 42.016053 41.982522 41.922170 41.815159 41.627301 41.298411 40.718060 39.669606 37.685905 33.632692 24.368774 0.000000 
50.000000 50.000000 50.000000 50.000000 50.000000 50.000000 50.000000 50.000000 50.000000 50.000000 50.000000 50.000000 50.000000 50.000000 50.000000 50.000000 50.000000 50.000000 50.000000 50.000000 50.000000 50.000000 50.000000 50.000000 50.000000 50.000000 50.000000 50.000000 50.000000 50.000000 50.000000 50.000000 50.000000 50.000000 50.000000 50.000000 50.000000 50.000000 50.000000 50.000000 50.000000 50.000000 50.000000 50.000000 50.000000 50.000000 50.000000 50.000000 50.000000 50.000000 
