50.000000 50.000000 50.000000 50.000000 50.000000 50.000000 50.000000 50.000000 50.000000 50.000000 50.000000 50.000000 50.000000 50.000000 50.000000 50.000000 50.000000 50.000000 50.000000 50.000000 50.000000 50.000000 50.000000 50.000000 50.000000 50.000000 50.000000 50.000000 50.000000 50.000000 50.000000 50.000000 50.000000 50.000000 50.000000 50.000000 50.000000 50.000000 50.000000 50.000000 50.000000 50.000000 50.000000 50.000000 50.000000 50.000000 50.000000 50.000000 50.000000 50.000000 
50.000000 48.215274 46.530472 45.028762 43.764471 42.758535 42.001593 41.462466 41.098658 40.865814 40.724314 40.642569 40.597621 40.574068 40.562293 40.556669 40.554099 40.552975 40.552503 40.552313 40.552240 40.552213 40.552203 40.552199 40.552198 40.552198 40.552198 40.552198 40.552197 40.552196 40.552191 40.552179 40.552147 40.552060 40.551839 40.551296 40.550001 40.547025 40.540406 40.526155 40.496394 40.435932 40.315922 40.081652 39.627414 38.739456 36.950603 33.122895 24.107637 0.000000 
50.000000 46.530472 43.255205 40.335881 37.878113 35.922599 34.451135 33.403106 32.695895 32.243273 31.968217 31.809318 31.721948 31.676168 31.653280 31.642348 31.637354 31.635169 31.634253 31.633884 31.633741 31.633688 31.633669 31.633662 31.633660 31.633659 31.633659 31.633659 31.633658 31.633655 31.633648 31.633626 31.633567 31.633410 31.633013 31.632036 31.629717 31.624400 31.612625 31.587410 31.535132 31.429990 31.224277 30.831220 30.094078 28.728975 26.218417 21.627603 13.407577 0.000000 
50.000000 45.028762 40.335881 36.153026 32.631528 29.829693 27.721429 26.219873 25.206640 24.558176 24.164116 23.936475 23.811312 23.745730 23.712944 23.697284 23.690131 23.687001 23.685688 23.685160 23.684955 23.684879 23.684852 23.684843 23.684839 23.684838 23.684838 23.684837 23.684836 23.684833 23.684823 23.684796 23.684721 23.684523 23.684022 23.682794 23.679891 23.673269 23.658692 23.627723 23.564179 23.438129 23.196103 22.745627 21.931733 20.503724 18.076513 14.117464 8.078159 0.000000 
50.000000 43.764471 37.878113 32.631528 28.214536 24.700263 22.055966 20.172674 18.901881 18.088601 17.594400 17.308920 17.151959 17.069721 17.028607 17.008972 17.000003 16.996079 16.994433 16.993771 16.993514 16.993419 16.993385 16.993373 16.993369 16.993368 16.993367 16.993367 16.993365 16.993362 16.993351 16.993322 16.993243 16.993036 16.992511 16.991229 16.988213 16.981376 16.966438 16.934998 16.871254 16.746738 16.512414 16.087694 15.346979 14.107268 12.127804 9.149138 5.025016 0.000000 
50.000000 42.758535 35.922599 29.829693 24.700263 20.619222 17.548524 15.361596 13.885958 12.941609 12.367782 12.036316 11.854080 11.758602 11.710872 11.688078 11.677665 11.673111 11.671200 11.670431 11.670134 11.670023 11.669984 11.669970 11.669965 11.669964 11.669963 11.669963 11.669962 11.669958 11.669949 11.669921 11.669848 11.669656 11.669173 11.667998 11.665248 11.659056 11.645637 11.617676 11.561683 11.453991 11.255243 10.903775 10.309611 9.353284 7.897960 5.828521 3.131121 0.000000 
50.000000 42.001593 34.451135 27.721429 22.055966 17.548524 14.157057 11.741738 10.112035 9.069124 8.435427 8.069391 7.868156 7.762728 7.710027 7.684859 7.673364 7.668336 7.666227 7.665378 7.665049 7.664927 7.664883 7.664868 7.664863 7.664862 7.664861 7.664861 7.664860 7.664857 7.664849 7.664826 7.664764 7.664604 7.664203 7.663231 7.660972 7.655918 7.645056 7.622648 7.578317 7.494301 7.342010 7.078528 6.644749 5.968272 4.975802 3.619914 1.919941 0.000000 
50.000000 41.462466 33.403106 26.219873 20.172674 15.361596 11.741738 9.163821 7.424452 6.311392 5.635093 5.244462 5.029714 4.917210 4.860974 4.834120 4.821855 4.816490 4.814240 4.813334 4.812984 4.812854 4.812807 4.812791 4.812786 4.812784 4.812783 4.812783 4.812782 4.812780 4.812774 4.812756 4.812709 4.812587 4.812281 4.811546 4.809846 4.806069 4.798018 4.781567 4.749389 4.689226 4.581910 4.399727 4.106353 3.660260 3.023770 2.178829 1.146544 0.000000 
50.000000 41.098658 32.695895 25.206640 18.901881 13.885958 10.112035 7.424452 5.611129 4.450774 3.745756 3.338550 3.114696 2.997426 2.938810 2.910820 2.898037 2.892445 2.890101 2.889157 2.888792 2.888656 2.888607 2.888591 2.888585 2.888583 2.888583 2.888582 2.888582 2.888580 2.888576 2.888563 2.888530 2.888443 2.888228 2.887714 2.886531 2.883919 2.878396 2.867210 2.845557 2.805565 2.735226 2.617734 2.431967 2.155143 1.768511 1.265904 0.662726 0.000000 
50.000000 40.865814 32.243273 24.558176 18.088601 12.941609 9.069124 6.311392 4.450774 3.260177 2.536801 2.119001 1.889330 1.769016 1.708880 1.680165 1.667051 1.661315 1.658910 1.657941 1.657567 1.657428 1.657378 1.657360 1.657355 1.657353 1.657352 1.657352 1.657352 1.657351 1.657348 1.657339 1.657317 1.657261 1.657120 1.656784 1.656017 1.654334 1.650799 1.643701 1.630088 1.605216 1.562004 1.490807 1.379927 1.217347 0.993997 0.708141 0.369421 0.000000 
50.000000 40.724314 31.968217 24.164116 17.594400 12.367782 8.435427 5.635093 3.745756 2.536801 1.802284 1.378056 1.144856 1.022696 0.961638 0.932484 0.919169 0.913346 0.910904 0.909921 0.909541 0.909400 0.909349 0.909332 0.909326 0.909324 0.909323 0.909323 0.909323 0.909322 0.909320 0.909315 0.909302 0.909267 0.909180 0.908975 0.908509 0.907492 0.905371 0.901142 0.893101 0.878547 0.853526 0.812778 0.750106 0.659402 0.536393 0.380807 0.198159 0.000000 
50.000000 40.642569 31.809318 23.936475 17.308920 12.036316 8.069391 5.244462 3.338550 2.119001 1.378056 0.950121 0.714887 0.591662 0.530074 0.500667 0.487237 0.481363 0.478900 0.477909 0.477526 0.477383 0.477332 0.477314 0.477309 0.477307 0.477306 0.477306 0.477306 0.477305 0.477304 0.477301 0.477293 0.477273 0.477223 0.477105 0.476839 0.476260 0.475061 0.472685 0.468202 0.460154 0.446444 0.424335 0.390679 0.342482 0.277783 0.196693 0.102163 0.000000 
50.000000 40.597621 31.721948 23.811312 17.151959 11.854080 7.868156 5.029714 3.114696 1.889330 1.144856 0.714887 0.478535 0.354728 0.292848 0.263303 0.249810 0.243908 0.241434 0.240438 0.240053 0.239910 0.239858 0.239840 0.239835 0.239833 0.239832 0.239832 0.239832 0.239831 0.239831 0.239829 0.239825 0.239814 0.239787 0.239723 0.239579 0.239268 0.238626 0.237363 0.234996 0.230776 0.223644 0.212238 0.195024 0.170584 0.138043 0.097549 0.050596 0.000000 
50.000000 40.574068 31.676168 23.745730 17.069721 11.758602 7.762728 4.917210 2.997426 1.769016 1.022696 0.591662 0.354728 0.230615 0.168584 0.138966 0.125439 0.119524 0.117043 0.116045 0.115659 0.115515 0.115464 0.115446 0.115440 0.115438 0.115438 0.115438 0.115437 0.115437 0.115437 0.115436 0.115434 0.115428 0.115414 0.115381 0.115308 0.115149 0.114824 0.114186 0.112999 0.110895 0.107364 0.101756 0.093353 0.081507 0.065839 0.046452 0.024067 0.000000 
50.000000 40.562293 31.653280 23.712944 17.028607 11.710872 7.710027 4.860974 2.938810 1.708880 0.961638 0.530074 0.292848 0.168584 0.106476 0.076822 0.063280 0.057357 0.054874 0.053874 0.053487 0.053344 0.053292 0.053274 0.053268 0.053267 0.053266 0.053266 0.053266 0.053266 0.053265 0.053265 0.053264 0.053261 0.053254 0.053238 0.053202 0.053126 0.052969 0.052663 0.052095 0.051096 0.049428 0.046795 0.042874 0.037379 0.030149 0.021244 0.010997 0.000000 
50.000000 40.556669 31.642348 23.697284 17.008972 11.688078 7.684859 4.834120 2.910820 1.680165 0.932484 0.500667 0.263303 0.138966 0.076822 0.047151 0.033601 0.027675 0.025190 0.024190 0.023803 0.023659 0.023607 0.023590 0.023584 0.023582 0.023581 0.023581 0.023581 0.023581 0.023581 0.023581 0.023580 0.023579 0.023576 0.023568 0.023552 0.023516 0.023444 0.023304 0.023045 0.022592 0.021839 0.020657 0.018905 0.016462 0.013262 0.009335 0.004829 0.000000 
50.000000 40.554099 31.637354 23.690131 17.000003 11.677665 7.673364 4.821855 2.898037 1.667051 0.919169 0.487237 0.249810 0.125439 0.063280 0.033601 0.020047 0.014119 0.011634 0.010633 0.010246 0.010102 0.010051 0.010033 0.010027 0.010025 0.010025 0.010024 0.010024 0.010024 0.010024 0.010024 0.010024 0.010023 0.010022 0.010019 0.010011 0.009996 0.009964 0.009903 0.009790 0.009593 0.009268 0.008759 0.008009 0.006967 0.005607 0.003944 0.002039 0.000000 
50.000000 40.552975 31.635169 23.687001 16.996079 11.673111 7.668336 4.816490 2.892445 1.661315 0.913346 0.481363 0.243908 0.119524 0.057357 0.027675 0.014119 0.008191 0.005705 0.004704 0.004318 0.004174 0.004122 0.004104 0.004098 0.004096 0.004096 0.004096 0.004096 0.004095 0.004095 0.004095 0.004095 0.004095 0.004094 0.004093 0.004090 0.004083 0.004070 0.004044 0.003997 0.003916 0.003781 0.003571 0.003263 0.002836 0.002280 0.001603 0.000828 0.000000 
50.000000 40.552503 31.634253 23.685688 16.994433 11.671200 7.666227 4.814240 2.890101 1.658910 0.910904 0.478900 0.241434 0.117043 0.054874 0.025190 0.011634 0.005705 0.003219 0.002218 0.001832 0.001688 0.001636 0.001618 0.001612 0.001610 0.001610 0.001610 0.001610 0.001610 0.001610 0.001609 0.001609 0.001609 0.001609 0.001609 0.001607 0.001605 0.001599 0.001589 0.001570 0.001538 0.001484 0.001401 0.001279 0.001111 0.000893 0.000627 0.000324 0.000000 
50.000000 40.552313 31.633884 23.685160 16.993771 11.670431 7.665378 4.813334 2.889157 1.657941 0.909921 0.477909 0.240438 0.116045 0.053874 0.024190 0.010633 0.004704 0.002218 0.001218 0.000831 0.000687 0.000635 0.000618 0.000612 0.000610 0.000609 0.000609 0.000609 0.000609 0.000609 0.000609 0.000609 0.000609 0.000609 0.000609 0.000608 0.000607 0.000605 0.000601 0.000594 0.000581 0.000561 0.000529 0.000483 0.000419 0.000337 0.000236 0.000122 0.000000 
50.000000 40.552240 31.633741 23.684955 16.993514 11.670134 7.665049 4.812984 2.888792 1.657567 0.909541 0.477526 0.240053 0.115659 0.053487 0.023803 0.010246 0.004318 0.001832 0.000831 0.000444 0.000300 0.000249 0.000231 0.000225 0.000223 0.000222 0.000222 0.000222 0.000222 0.000222 0.000222 0.000222 0.000222 0.000222 0.000222 0.000222 0.000221 0.000221 0.000219 0.000216 0.000212 0.000204 0.000193 0.000176 0.000152 0.000122 0.000086 0.000044 0.000000 
50.000000 40.552213 31.633688 23.684879 16.993419 11.670023 7.664927 4.812854 2.888656 1.657428 0.909400 0.477383 0.239910 0.115515 0.053344 0.023659 0.010102 0.004174 0.001688 0.000687 0.000300 0.000156 0.000105 0.000087 0.000081 0.000079 0.000078 0.000078 0.000078 0.000078 0.000078 0.000078 0.000078 0.000078 0.000078 0.000078 0.000078 0.000078 0.000078 0.000077 0.000076 0.000074 0.000072 0.000068 0.000062 0.000054 0.000043 0.000030 0.000016 0.000000 
50.000000 40.552203 31.633669 23.684852 16.993385 11.669984 7.664883 4.812807 2.888607 1.657378 0.909349 0.477332 0.239858 0.115464 0.053292 0.023607 0.010051 0.004122 0.001636 0.000636 0.000249 0.000105 0.000053 0.000035 0.000029 0.000027 0.000027 0.000027 0.000027 0.000027 0.000027 0.000027 0.000027 0.000027 0.000027 0.000027 0.000027 0.000026 0.000026 0.000026 0.000026 0.000025 0.000024 0.000023 0.000021 0.000018 0.000015 0.000010 0.000005 0.000000 
50.000000 40.552200 31.633662 23.684843 16.993373 11.669970 7.664869 4.812791 2.888591 1.657361 0.909332 0.477315 0.239841 0.115446 0.053275 0.023590 0.010033 0.004104 0.001618 0.000618 0.000231 0.000087 0.000035 0.000018 0.000012 0.000010 0.000009 0.000009 0.000009 0.000009 0.000009 0.000009 0.000009 0.000009 0.000009 0.000009 0.000009 0.000009 0.000009 0.000009 0.000009 0.000009 0.000008 0.000008 0.000007 0.000006 0.000005 0.000003 0.000002 0.000000 
50.000000 40.552199 31.633660 23.684840 16.993369 11.669966 7.664864 4.812786 2.888586 1.657356 0.909327 0.477309 0.239835 0.115441 0.053269 0.023585 0.010028 0.004099 0.001613 0.000613 0.000226 0.000082 0.000030 0.000012 0.000006 0.000004 0.000004 0.000004 0.000004 0.000004 0.000004 0.000004 0.000004 0.000004 0.000004 0.000004 0.000004 0.000004 0.000004 0.000004 0.000004 0.000003 0.000003 0.000003 0.000003 0.000002 0.000002 0.000001 0.000001 0.000000 
50.000000 40.552199 31.633660 23.684840 16.993369 11.669966 7.664864 4.812786 2.888586 1.657356 0.909327 0.477309 0.239835 0.115441 0.053269 0.023585 0.010028 0.004099 0.001613 0.000613 0.000226 0.000082 0.000030 0.000012 0.000006 0.000004 0.000004 0.000004 0.000004 0.000004 0.000004 0.000004 0.000004 0.000004 0.000004 0.000004 0.000004 0.000004 0.000004 0.000004 0.000004 0.000003 0.000003 0.000003 0.000003 0.000002 0.000002 0.000001 0.000001 0.000000 
50.000000 40.552200 31.633662 23.684843 16.993373 11.669970 7.664869 4.812791 2.888591 1.657361 0.909332 0.477315 0.239841 0.115446 0.053275 0.023590 0.010033 0.004104 0.001618 0.000618 0.000231 0.000087 0.000035 0.000018 0.000012 0.000010 0.000009 0.000009 0.000009 0.000009 0.000009 0.000009 0.000009 0.000009 0.000009 0.000009 0.000009 0.000009 0.000009 0.000009 0.000009 0.000009 0.000008 0.000008 0.000007 0.000006 0.000005 0.000003 0.000002 0.000000 
50.000000 40.552203 31.633669 23.684852 16.993385 11.669984 7.664883 4.812807 2.888607 1.657378 0.909349 0.477332 0.239858 0.115464 0.053292 0.023607 0.010051 0.004122 0.001636 0.000636 0.000249 0.000105 0.000053 0.000035 0.000029 0.000027 0.000027 0.000027 0.000027 0.000027 0.000027 0.000027 0.000027 0.000027 0.000027 0.000027 0.000027 0.000026 0.000026 0.000026 0.000026 0.000025 0.000024 0.000023 0.000021 0.000018 0.000015 0.000010 0.000005 0.000000 
50.000000 40.552213 31.633688 23.684879 16.993419 11.670023 7.664927 4.812854 2.888656 1.657428 0.909400 0.477383 0.239910 0.115515 0.053344 0.023659 0.010102 0.004174 0.001688 0.000687 0.000300 0.000156 0.000105 0.000087 0.000081 0.000079 0.000078 0.000078 0.000078 0.000078 0.000078 0.000078 0.000078 0.000078 0.000078 0.000078 0.000078 0.000078 0.000078 0.000077 0.000076 0.000074 0.000072 0.000068 0.000062 0.000054 0.000043 0.000030 0.000016 0.000000 
50.000000 40.552240 31.633741 23.684955 16.993514 11.670134 7.665049 4.812984 2.888792 1.657567 0.909541 0.477526 0.240053 0.115659 0.053487 0.023803 0.010246 0.004318 0.001832 0.000831 0.000444 0.000300 0.000249 0.000231 0.000225 0.000223 0.000222 0.000222 0.000222 0.000222 0.000222 0.000222 0.000222 0.000222 0.000222 0.000222 0.000222 0.000221 0.000221 0.000219 0.000216 0.000212 0.000204 0.000193 0.000176 0.000152 0.000122 0.000086 0.000044 0.000000 
50.000000 40.552313 31.633884 23.685160 16.993771 11.670431 7.665378 4.813334 2.889157 1.657941 0.909921 0.477909 0.240438 0.116045 0.053874 0.024190 0.010633 0.004704 0.002218 0.001218 0.000831 0.000687 0.000635 0.000618 0.000612 0.000610 0.000609 0.000609 0.000609 0.000609 0.000609 0.000609 0.000609 0.000609 0.000609 0.000609 0.000608 0.000607 0.000605 0.000601 0.000594 0.000581 0.000561 0.000529 0.000483 0.000419 0.000337 0.000236 0.000122 0.000000 
50.000000 40.552503 31.634253 23.685688 16.994433 11.671200 7.666227 4.814240 2.890101 1.658910 0.910904 0.478900 0.241434 0.117043 0.054874 0.025190 0.011634 0.005705 0.003219 0.002218 0.001832 0.001688 0.001636 0.001618 0.001612 0.001610 0.001610 0.001610 0.001610 0.001610 0.001610 0.001609 0.001609 0.001609 0.001609 0.001609 0.001607 0.001605 0.001599 0.001589 0.001570 0.001538 0.001484 0.001401 0.001279 0.001111 0.000893 0.000627 0.000324 0.000000 
50.000000 40.552975 31.635169 23.687001 16.996079 11.673111 7.668336 4.816490 2.892445 1.661315 0.913346 0.481363 0.243908 0.119524 0.057357 0.027675 0.014119 0.008191 0.005705 0.004704 0.004318 0.004174 0.004122 0.004104 0.004098 0.004096 0.004096 0.004096 0.004096 0.004095 0.004095 0.004095 0.004095 0.004095 0.004094 0.004093 0.004090 0.004083 0.004070 0.004044 0.003997 0.003916 0.003781 0.003571 0.003263 0.002836 0.002280 0.001603 0.000828 0.000000 
50.000000 40.554099 31.637354 23.690131 17.000003 11.677665 7.673364 4.821855 2.898037 1.667051 0.919169 0.487237 0.249810 0.125439 0.063280 0.033601 0.020047 0.014119 0.011634 0.010633 0.010246 0.010102 0.010051 0.010033 0.010027 0.010025 0.010025 0.010024 0.010024 0.010024 0.010024 0.010024 0.010024 0.010023 0.010022 0.010019 0.010011 0.009996 0.009964 0.009903 0.009790 0.009593 0.009268 0.008759 0.008009 0.006967 0.005607 0.003944 0.002039 0.000000 
50.000000 40.556669 31.642348 23.697284 17.008972 11.688078 7.684859 4.834120 2.910820 1.680165 0.932484 0.500667 0.263303 0.138966 0.076822 0.047151 0.033601 0.027675 0.025190 0.024190 0.023803 0.023659 0.023607 0.023590 0.023584 0.023582 0.023581 0.023581 0.023581 0.023581 0.023581 0.023581 0.023580 0.023579 0.023576 0.023568 0.023552 0.023516 0.023444 0.023304 0.023045 0.022592 0.021839 0.020657 0.018905 0.016462 0.013262 0.009335 0.004829 0.000000 
50.000000 40.562293 31.653280 23.712944 17.028607 11.710872 7.710027 4.860974 2.938810 1.708880 0.961638 0.530074 0.292848 0.168584 0.106476 0.076822 0.063280 0.057357 0.054874 0.053874 0.053487 0.053344 0.053292 0.053274 0.053268 0.053267 0.053266 0.053266 0.053266 0.053266 0.053265 0.053265 0.053264 0.053261 0.053254 0.053238 0.053202 0.053126 0.052969 0.052663 0.052095 0.051096 0.049428 0.046795 0.042874 0.037379 0.030149 0.021244 0.010997 0.000000 
50.000000 40.574068 31.676168 23.745730 17.069721 11.758602 7.762728 4.917210 2.997426 1.769016 1.022696 0.591662 0.354728 0.230615 0.168584 0.138966 0.125439 0.119524 0.117043 0.116045 0.115659 0.115515 0.115464 0.115446 0.115440 0.115438 0.115438 0.115438 0.115437 0.115437 0.115437 0.115436 0.115434 0.115428 0.115414 0.115381 0.115308 0.115149 0.114824 0.114186 0.112999 0.110895 0.107364 0.101756 0.093353 0.081507 0.065839 0.046452 0.024067 0.000000 
50.000000 40.597621 31.721948 23.811312 17.151959 11.854080 7.868156 5.029714 3.114696 1.889330 1.144856 0.714887 0.478535 0.354728 0.292848 0.263303 0.249810 0.243908 0.241434 0.240438 0.240053 0.239910 0.239858 0.239840 0.239835 0.239833 0.239832 0.239832 0.239832 0.239831 0.239831 0.239829 0.239825 0.239814 0.239787 0.239723 0.239579 0.239268 0.238626 0.237363 0.234996 0.230776 0.223644 0.212238 0.195024 0.170584 0.138043 0.097549 0.050596 0.000000 
50.000000 40.642569 31.809318 23.936475 17.308920 12.036316 8.069391 5.244462 3.338550 2.119001 1.378056 0.950121 0.714887 0.591662 0.530074 0.500667 0.487237 0.481363 0.478900 0.477909 0.477526 0.477383 0.477332 0.477314 0.477309 0.477307 0.477306 0.477306 0.477306 0.477305 0.477304 0.477301 0.477293 0.477273 0.477223 0.477105 0.476839 0.476260 0.475061 0.472685 0.468202 0.460154 0.446444 0.424335 0.390679 0.342482 0.277783 0.196693 0.102163 0.000000 
50.000000 40.724314 31.968217 24.164116 17.594400 12.367782 8.435427 5.635093 3.745756 2.536801 1.802284 1.378056 1.144856 1.022696 0.961638 0.932484 0.919169 0.913346 0.910904 0.909921 0.909541 0.909400 0.909349 0.909332 0.909326 0.909324 0.909323 0.909323 0.909323 0.909322 0.909320 0.909315 0.909302 0.909267 0.909180 0.908975 0.908509 0.907492 0.905371 0.901142 0.893101 0.878547 0.853526 0.812778 0.750106 0.659402 0.536393 0.380807 0.198159 0.000000 
50.000000 40.865814 32.243273 24.558176 18.088601 12.941609 9.069124 6.311392 4.450774 3.260177 2.536801 2.119001 1.889330 1.769016 1.708880 1.680165 1.667051 1.661315 1.658910 1.657941 1.657567 1.657428 1.657378 1.657360 1.657355 1.657353 1.657352 1.657352 1.657352 1.657351 1.657348 1.657339 1.657317 1.657261 1.657120 1.656784 1.656017 1.654334 1.650799 1.643701 1.630088 1.605216 1.562004 1.490807 1.379927 1.217347 0.993997 0.708141 0.369421 0.000000 
50.000000 41.098658 32.695895 25.206640 18.901881 13.885958 10.112035 7.424452 5.611129 4.450774 3.745756 3.338550 3.114696 2.997426 2.938810 2.910820 2.898037 2.892445 2.890101 2.889157 2.888792 2.888656 2.888607 2.888591 2.888585 2.888583 2.888583 2.888582 2.888582 2.888580 2.888576 2.888563 2.888530 2.888443 2.888228 2.887714 2.886531 2.883919 2.878396 2.867210 2.845557 2.805565 2.735226 2.617734 2.431967 2.155143 1.768511 1.265904 0.662726 0.000000 
50.000000 41.462466 33.403106 26.219873 20.172674 15.361596 11.741738 9.163821 7.424452 6.311392 5.635093 5.244462 5.029714 4.917210 4.860974 4.834120 4.821855 4.816490 4.814240 4.813334 4.812984 4.812854 4.812807 4.812791 4.812786 4.812784 4.812783 4.812783 4.812782 4.812780 4.812774 4.812756 4.812709 4.812587 4.812281 4.811546 4.809846 4.806069 4.798018 4.781567 4.749389 4.689226 4.581910 4.399727 4.106353 3.660260 3.023770 2.178829 1.146544 0.000000 
50.000000 42.001593 34.451135 27.721429 22.055966 17.548524 14.157057 11.741738 10.112035 9.069124 8.435427 8.069391 7.868156 7.762728 7.710027 7.684859 7.673364 7.668336 7.666227 7.665378 7.665049 7.664927 7.664883 7.664868 7.664863 7.664862 7.664861 7.664861 7.664860 7.664857 7.664849 7.664826 7.664764 7.664604 7.664203 7.663231 7.660972 7.655918 7.645056 7.622648 7.578317 7.494301 7.342010 7.078528 6.644749 5.968272 4.975802 3.619914 1.919941 0.000000 
50.000000 42.758535 35.922599 29.829693 24.700263 20.619222 17.548524 15.361596 13.885958 12.941609 12.367782 12.036316 11.854080 11.758602 11.710872 11.688078 11.677665 11.673111 11.671200 11.670431 11.670134 11.670023 11.669984 11.669970 11.669965 11.669964 11.669963 11.669963 11.669962 11.669958 11.669949 11.669921 11.669848 11.669656 11.669173 11.667998 11.665248 11.659056 11.645637 11.617676 11.561683 11.453991 11.255243 10.903775 10.309611 9.353284 7.897960 5.828521 3.131121 0.000000 
50.000000 43.764471 37.878113 32.631528 28.214536 24.700263 22.055966 20.172674 18.901881 18.088601 17.594400 17.308920 17.151959 17.069721 17.028607 17.008972 17.000003 16.996079 16.994433 16.993771 16.993514 16.993419 16.993385 16.993373 16.993369 16.993368 16.993367 16.993367 16.993365 16.993362 16.993351 16.993322 16.993243 16.993036 16.992511 16.991229 16.988213 16.981376 16.966438 16.934998 16.871254 16.746738 16.512414 16.087694 15.346979 14.107268 12.127804 9.149138 5.025016 0.000000 
50.000000 45.028762 40.335881 36.153026 32.631528 29.829693 27.721429 26.219873 25.206640 24.558176 24.164116 23.936475 23.811312 23.745730 23.712944 23.697284 23.690131 23.687001 23.685688 23.685160 23.684955 23.684879 23.684852 23.684843 23.684839 23.684838 23.684838 23.684837 23.684836 23.684833 23.684823 23.684796 23.684721 23.684523 23.684022 23.682794 23.679891 23.673269 23.658692 23.627723 23.564179 23.438129 23.196103 22.745627 21.931733 20.503724 18.076513 14.117464 8.078159 0.000000 
50.000000 46.530472 43.255205 40.335881 37.878113 35.922599 34.451135 33.403106 32.695895 32.243273 31.968217 31.809318 31.721948 31.676168 31.653280 31.642348 31.637354 31.635169 31.634253 31.633884 31.633741 31.633688 31.633669 31.633662 31.633660 31.633659 31.633659 31.633659 31.633658 31.633655 31.633648 31.633626 31.633567 31.633410 31.633013 31.632036 31.629717 31.624400 31.612625 31.587410 31.535132 31.429990 31.224277 30.831220 30.094078 28.728975 26.218417 21.627603 13.407577 0.000000 
50.000000 48.215274 46.530472 45.028762 43.764471 42.758535 42.001593 41.462466 41.098658 40.865814 40.724314 40.642569 40.597621 40.574068 40.562293 40.556669 40.554099 40.552975 40.552503 40.552313 40.552240 40.552213 40.552203 40.552199 40.552198 40.552198 40.552198 40.552198 40.552197 40.552196 40.552191 40.552179 40.552147 40.552060 40.551839 40.551296 40.550001 40.547025 40.540406 40.526155 40.496394 40.435932 40.315922 40.081652 39.627414 38.739456 36.950603 33.122895 24.107637 0.000000 
50.000000 50.000000 50.000000 50.000000 50.000000 50.000000 50.000000 50.000000 50.000000 50.000000 50.000000 50.000000 50.000000 50.000000 50.000000 50.000000 50.000000 50.000000 50.000000 50.000000 50.000000 50.000000 50.000000 50.000000 50.000000 50.000000 50.000000 50.000000 50.000000 50.000000 50.000000 50.000000 50.000000 50.000000 50.000000 50.000000 50.000000 50.000000 50.000000 50.000000 50.000000 50.000000 50.000000 50.000000 50.000000 50.000000 50.000000 50.000000 50.000000 50.000000 
