50.000000 50.000000 50.000000 50.000000 50.000000 50.000000 50.000000 50.000000 50.000000 50.000000 50.000000 50.000000 50.000000 50.000000 50.000000 50.000000 50.000000 50.000000 50.000000 50.000000 50.000000 50.000000 50.000000 50.000000 50.000000 50.000000 50.000000 50.000000 50.000000 50.000000 50.000000 50.000000 50.000000 50.000000 50.000000 50.000000 50.000000 50.000000 50.000000 50.000000 50.000000 50.000000 50.000000 50.000000 50.000000 50.000000 50.000000 50.000000 50.000000 50.000000 
50.000000 47.857413 45.858787 44.119123 42.705192 41.631110 40.867594 40.358982 40.040981 39.854050 39.750559 39.696497 39.669803 39.657321 39.651785 39.649451 39.648515 39.648157 39.648026 39.647980 39.647965 39.647960 39.647958 39.647958 39.647958 39.647958 39.647958 39.647958 39.647958 39.647958 39.647957 39.647954 39.647946 39.647922 39.647852 39.647655 39.647127 39.645765 39.642384 39.634311 39.615747 39.574521 39.485790 39.299586 38.915038 38.122285 36.455831 32.776048 23.928706 0.000000 
50.000000 45.858787 41.995837 38.633432 35.900625 33.824697 32.349036 31.366051 30.751468 30.390208 30.190205 30.085731 30.034146 30.010027 29.999328 29.994819 29.993010 29.992318 29.992066 29.991977 29.991948 29.991938 29.991935 29.991935 29.991934 29.991934 29.991934 29.991934 29.991934 29.991934 29.991932 29.991928 29.991914 29.991871 29.991747 29.991401 29.990474 29.988089 29.982195 29.968203 29.936261 29.866053 29.717142 29.411363 28.800757 27.608513 25.320175 20.997918 13.082739 0.000000 
50.000000 44.119123 38.633432 33.858602 29.977899 27.030049 24.934639 23.538857 22.666213 22.153279 21.869318 21.720993 21.647759 21.613518 21.598332 21.591931 21.589364 21.588382 21.588023 21.587898 21.587856 21.587842 21.587838 21.587837 21.587837 21.587837 21.587837 21.587836 21.587836 21.587836 21.587834 21.587829 21.587811 21.587759 21.587607 21.587187 21.586064 21.583191 21.576133 21.559510 21.521956 21.440547 21.271099 20.932127 20.279880 19.072674 16.929301 13.313257 7.663293 0.000000 
50.000000 42.705192 35.900625 29.977899 25.164340 21.507965 18.908994 17.177842 16.095567 15.459441 15.107296 14.923366 14.832558 14.790103 14.771274 14.763339 14.760156 14.758938 14.758494 14.758339 14.758287 14.758270 14.758265 14.758263 14.758263 14.758263 14.758263 14.758263 14.758263 14.758262 14.758260 14.758255 14.758237 14.758185 14.758033 14.757613 14.756499 14.753663 14.746749 14.730615 14.694594 14.617690 14.460757 14.154920 13.586525 12.582170 10.905225 8.292112 4.582907 0.000000 
50.000000 41.631110 33.824697 27.030049 21.507965 17.313504 14.332152 12.346373 11.104965 10.375339 9.971456 9.760514 9.656375 9.607691 9.586101 9.577003 9.573354 9.571958 9.571448 9.571270 9.571211 9.571192 9.571186 9.571184 9.571184 9.571184 9.571184 9.571183 9.571183 9.571183 9.571181 9.571176 9.571161 9.571115 9.570983 9.570620 9.569659 9.567231 9.561358 9.547787 9.517853 9.454903 9.328867 9.089074 8.656752 7.921441 6.750169 5.023940 2.716072 0.000000 
50.000000 40.867594 32.349036 24.934639 18.908994 14.332152 11.079110 8.912446 7.558013 6.761994 6.321381 6.091268 5.977671 5.924569 5.901021 5.891098 5.887118 5.885596 5.885041 5.884847 5.884782 5.884761 5.884755 5.884753 5.884752 5.884752 5.884752 5.884752 5.884752 5.884751 5.884750 5.884746 5.884734 5.884699 5.884596 5.884315 5.883576 5.881722 5.877272 5.867088 5.844886 5.798854 5.708277 5.539555 5.243078 4.754074 4.002512 2.937674 1.568008 0.000000 
50.000000 40.358982 31.366051 23.538857 17.177842 12.346373 8.912446 6.625378 5.195729 4.355538 3.890496 3.647636 3.527752 3.471714 3.446866 3.436396 3.432196 3.430591 3.430005 3.429800 3.429731 3.429710 3.429703 3.429701 3.429700 3.429700 3.429700 3.429700 3.429700 3.429700 3.429699 3.429696 3.429688 3.429662 3.429590 3.429393 3.428878 3.427593 3.424534 3.417597 3.402637 3.372018 3.312689 3.204170 3.017506 2.717084 2.267758 1.648909 0.873191 0.000000 
50.000000 40.040981 30.751468 22.666213 16.095567 11.104965 7.558013 5.195729 3.719106 2.851337 2.371048 2.120234 1.996430 1.938561 1.912903 1.902092 1.897756 1.896098 1.895493 1.895282 1.895211 1.895188 1.895181 1.895179 1.895179 1.895179 1.895179 1.895179 1.895179 1.895178 1.895178 1.895176 1.895170 1.895154 1.895107 1.894981 1.894652 1.893835 1.891906 1.887566 1.878300 1.859553 1.823711 1.759159 1.650061 1.477878 1.225666 0.885415 0.466460 0.000000 
50.000000 39.854050 30.390208 22.153279 15.459441 10.375339 6.761994 4.355538 2.851337 1.967383 1.478148 1.222671 1.096568 1.037627 1.011494 1.000483 0.996068 0.994379 0.993763 0.993548 0.993476 0.993453 0.993446 0.993444 0.993443 0.993443 0.993443 0.993443 0.993443 0.993443 0.993443 0.993441 0.993438 0.993428 0.993400 0.993325 0.993131 0.992651 0.991525 0.989011 0.983691 0.973037 0.952902 0.917108 0.857485 0.764846 0.631324 0.453947 0.238304 0.000000 
50.000000 39.750559 30.190205 21.869318 15.107296 9.971456 6.321381 3.890496 2.371048 1.478148 0.983972 0.725919 0.598548 0.539015 0.512620 0.501499 0.497040 0.495335 0.494712 0.494495 0.494422 0.494399 0.494392 0.494390 0.494389 0.494389 0.494389 0.494389 0.494389 0.494389 0.494389 0.494388 0.494386 0.494381 0.494365 0.494324 0.494217 0.493955 0.493343 0.491986 0.489137 0.483481 0.472899 0.454293 0.423669 0.376682 0.309808 0.222002 0.116247 0.000000 
50.000000 39.696497 30.085731 21.720993 14.923366 9.760514 6.091268 3.647636 2.120234 1.222671 0.725919 0.466524 0.338492 0.278652 0.252121 0.240943 0.236461 0.234747 0.234121 0.233903 0.233830 0.233806 0.233799 0.233797 0.233796 0.233796 0.233796 0.233796 0.233796 0.233796 0.233796 0.233796 0.233795 0.233792 0.233784 0.233763 0.233708 0.233573 0.233262 0.232576 0.231146 0.228329 0.223101 0.213996 0.199156 0.176618 0.144860 0.103536 0.054114 0.000000 
50.000000 39.669803 30.034146 21.647759 14.832558 9.656375 5.977671 3.527752 1.996430 1.096568 0.598548 0.338492 0.210135 0.150144 0.123545 0.112340 0.107846 0.106128 0.105501 0.105282 0.105209 0.105185 0.105178 0.105176 0.105175 0.105175 0.105175 0.105175 0.105175 0.105175 0.105175 0.105175 0.105174 0.105173 0.105169 0.105159 0.105132 0.105068 0.104919 0.104593 0.103917 0.102595 0.100159 0.095949 0.089144 0.078895 0.064568 0.046057 0.024038 0.000000 
50.000000 39.657321 30.010027 21.613518 14.790103 9.607691 5.924569 3.471714 1.938561 1.037627 0.539015 0.278652 0.150144 0.090081 0.063452 0.052233 0.047734 0.046014 0.045386 0.045167 0.045094 0.045070 0.045063 0.045061 0.045060 0.045060 0.045060 0.045060 0.045060 0.045060 0.045060 0.045060 0.045060 0.045059 0.045057 0.045053 0.045041 0.045011 0.044944 0.044798 0.044497 0.043910 0.042836 0.040992 0.038032 0.033604 0.027454 0.019553 0.010194 0.000000 
50.000000 39.651785 29.999328 21.598332 14.771274 9.586101 5.901021 3.446866 1.912903 1.011494 0.512620 0.252121 0.123545 0.063452 0.036809 0.025584 0.021083 0.019362 0.018734 0.018515 0.018441 0.018418 0.018411 0.018409 0.018408 0.018408 0.018408 0.018408 0.018408 0.018408 0.018408 0.018408 0.018408 0.018407 0.018407 0.018405 0.018399 0.018387 0.018358 0.018296 0.018169 0.017922 0.017473 0.016706 0.015482 0.013661 0.011145 0.007928 0.004130 0.000000 
50.000000 39.649451 29.994819 21.591931 14.763339 9.577003 5.891098 3.436396 1.902092 1.000483 0.501499 0.240943 0.112340 0.052233 0.025584 0.014357 0.009855 0.008134 0.007505 0.007286 0.007213 0.007189 0.007182 0.007180 0.007179 0.007179 0.007179 0.007179 0.007179 0.007179 0.007179 0.007179 0.007179 0.007179 0.007179 0.007178 0.007176 0.007171 0.007159 0.007134 0.007083 0.006984 0.006806 0.006502 0.006020 0.005306 0.004324 0.003073 0.001599 0.000000 
50.000000 39.648515 29.993010 21.589364 14.760156 9.573354 5.887118 3.432196 1.897756 0.996068 0.497040 0.236461 0.107846 0.047734 0.021083 0.009855 0.005352 0.003631 0.003003 0.002783 0.002710 0.002687 0.002679 0.002677 0.002677 0.002676 0.002676 0.002676 0.002676 0.002676 0.002676 0.002676 0.002676 0.002676 0.002676 0.002676 0.002675 0.002673 0.002669 0.002659 0.002639 0.002602 0.002534 0.002420 0.002238 0.001971 0.001605 0.001139 0.000593 0.000000 
50.000000 39.648157 29.992318 21.588382 14.758938 9.571958 5.885596 3.430591 1.896098 0.994379 0.495335 0.234747 0.106128 0.046014 0.019362 0.008134 0.003631 0.001910 0.001281 0.001062 0.000989 0.000965 0.000958 0.000956 0.000955 0.000955 0.000955 0.000955 0.000955 0.000955 0.000955 0.000955 0.000955 0.000955 0.000955 0.000955 0.000954 0.000954 0.000952 0.000949 0.000941 0.000928 0.000903 0.000862 0.000797 0.000701 0.000570 0.000405 0.000210 0.000000 
50.000000 39.648026 29.992066 21.588023 14.758494 9.571448 5.885041 3.430005 1.895493 0.993763 0.494712 0.234121 0.105501 0.045386 0.018734 0.007505 0.003003 0.001281 0.000653 0.000433 0.000360 0.000337 0.000329 0.000327 0.000327 0.000326 0.000326 0.000326 0.000326 0.000326 0.000326 0.000326 0.000326 0.000326 0.000326 0.000326 0.000326 0.000326 0.000325 0.000324 0.000322 0.000317 0.000309 0.000294 0.000272 0.000239 0.000194 0.000138 0.000072 0.000000 
50.000000 39.647980 29.991977 21.587898 14.758339 9.571270 5.884847 3.429800 1.895282 0.993548 0.494495 0.233903 0.105282 0.045167 0.018515 0.007286 0.002783 0.001062 0.000433 0.000214 0.000141 0.000117 0.000110 0.000108 0.000107 0.000107 0.000107 0.000107 0.000107 0.000107 0.000107 0.000107 0.000107 0.000107 0.000107 0.000107 0.000107 0.000107 0.000107 0.000106 0.000105 0.000104 0.000101 0.000096 0.000089 0.000078 0.000064 0.000045 0.000023 0.000000 
50.000000 39.647965 29.991948 21.587856 14.758287 9.571211 5.884782 3.429731 1.895211 0.993476 0.494422 0.233830 0.105209 0.045094 0.018441 0.007213 0.002710 0.000989 0.000360 0.000141 0.000067 0.000044 0.000037 0.000035 0.000034 0.000034 0.000034 0.000034 0.000034 0.000034 0.000034 0.000034 0.000034 0.000034 0.000034 0.000034 0.000034 0.000034 0.000034 0.000033 0.000033 0.000033 0.000032 0.000030 0.000028 0.000025 0.000020 0.000014 0.000007 0.000000 
50.000000 39.647960 29.991938 21.587842 14.758270 9.571192 5.884761 3.429710 1.895188 0.993453 0.494399 0.233806 0.105185 0.045070 0.018418 0.007189 0.002687 0.000965 0.000337 0.000117 0.000044 0.000020 0.000013 0.000011 0.000010 0.000010 0.000010 0.000010 0.000010 0.000010 0.000010 0.000010 0.000010 0.000010 0.000010 0.000010 0.000010 0.000010 0.000010 0.000010 0.000010 0.000010 0.000010 0.000009 0.000008 0.000007 0.000006 0.000004 0.000002 0.000000 
50.000000 39.647958 29.991935 21.587838 14.758265 9.571186 5.884755 3.429703 1.895181 0.993446 0.494392 0.233799 0.105178 0.045063 0.018411 0.007182 0.002679 0.000958 0.000329 0.000110 0.000037 0.000013 0.000006 0.000004 0.000003 0.000003 0.000003 0.000003 0.000003 0.000003 0.000003 0.000003 0.000003 0.000003 0.000003 0.000003 0.000003 0.000003 0.000003 0.000003 0.000003 0.000003 0.000003 0.000003 0.000002 0.000002 0.000002 0.000001 0.000001 0.000000 
50.000000 39.647958 29.991935 21.587837 14.758263 9.571184 5.884753 3.429701 1.895179 0.993444 0.494390 0.233797 0.105176 0.045061 0.018409 0.007180 0.002677 0.000956 0.000327 0.000108 0.000035 0.000011 0.000004 0.000002 0.000001 0.000001 0.000001 0.000001 0.000001 0.000001 0.000001 0.000001 0.000001 0.000001 0.000001 0.000001 0.000001 0.000001 0.000001 0.000001 0.000001 0.000001 0.000001 0.000001 0.000001 0.000001 0.000001 0.000000 0.000000 0.000000 
50.000000 39.647958 29.991934 21.587837 14.758263 9.571184 5.884752 3.429700 1.895179 0.993443 0.494389 0.233796 0.105175 0.045060 0.018408 0.007179 0.002677 0.000955 0.000327 0.000107 0.000034 0.000010 0.000003 0.000001 0.000001 0.000000 0.000000 0.000000 0.000000 0.000000 0.000000 0.000000 0.000000 0.000000 0.000000 0.000000 0.000000 0.000000 0.000000 0.000000 0.000000 0.000000 0.000000 0.000000 0.000000 0.000000 0.000000 0.000000 0.000000 0.000000 
50.000000 39.647958 29.991934 21.587837 14.758263 9.571184 5.884752 3.429700 1.895179 0.993443 0.494389 0.233796 0.105175 0.045060 0.018408 0.007179 0.002677 0.000955 0.000327 0.000107 0.000034 0.000010 0.000003 0.000001 0.000001 0.000000 0.000000 0.000000 0.000000 0.000000 0.000000 0.000000 0.000000 0.000000 0.000000 0.000000 0.000000 0.000000 0.000000 0.000000 0.000000 0.000000 0.000000 0.000000 0.000000 0.000000 0.000000 0.000000 0.000000 0.000000 
50.000000 39.647958 29.991935 21.587837 14.758263 9.571184 5.884753 3.429701 1.895179 0.993444 0.494390 0.233797 0.105176 0.045061 0.018409 0.007180 0.002677 0.000956 0.000327 0.000108 0.000035 0.000011 0.000004 0.000002 0.000001 0.000001 0.000001 0.000001 0.000001 0.000001 0.000001 0.000001 0.000001 0.000001 0.000001 0.000001 0.000001 0.000001 0.000001 0.000001 0.000001 0.000001 0.000001 0.000001 0.000001 0.000001 0.000001 0.000000 0.000000 0.000000 
50.000000 39.647958 29.991935 21.587838 14.758265 9.571186 5.884755 3.429703 1.895181 0.993446 0.494392 0.233799 0.105178 0.045063 0.018411 0.007182 0.002679 0.000958 0.000329 0.000110 0.000037 0.000013 0.000006 0.000004 0.000003 0.000003 0.000003 0.000003 0.000003 0.000003 0.000003 0.000003 0.000003 0.000003 0.000003 0.000003 0.000003 0.000003 0.000003 0.000003 0.000003 0.000003 0.000003 0.000003 0.000002 0.000002 0.000002 0.000001 0.000001 0.000000 
50.000000 39.647960 29.991938 21.587842 14.758270 9.571192 5.884761 3.429710 1.895188 0.993453 0.494399 0.233806 0.105185 0.045070 0.018418 0.007189 0.002687 0.000965 0.000337 0.000117 0.000044 0.000020 0.000013 0.000011 0.000010 0.000010 0.000010 0.000010 0.000010 0.000010 0.000010 0.000010 0.000010 0.000010 0.000010 0.000010 0.000010 0.000010 0.000010 0.000010 0.000010 0.000010 0.000010 0.000009 0.000008 0.000007 0.000006 0.000004 0.000002 0.000000 
50.000000 39.647965 29.991948 21.587856 14.758287 9.571211 5.884782 3.429731 1.895211 0.993476 0.494422 0.233830 0.105209 0.045094 0.018441 0.007213 0.002710 0.000989 0.000360 0.000141 0.000067 0.000044 0.000037 0.000035 0.000034 0.000034 0.000034 0.000034 0.000034 0.000034 0.000034 0.000034 0.000034 0.000034 0.000034 0.000034 0.000034 0.000034 0.000034 0.000033 0.000033 0.000033 0.000032 0.000030 0.000028 0.000025 0.000020 0.000014 0.000007 0.000000 
50.000000 39.647980 29.991977 21.587898 14.758339 9.571270 5.884847 3.429800 1.895282 0.993548 0.494495 0.233903 0.105282 0.045167 0.018515 0.007286 0.002783 0.001062 0.000433 0.000214 0.000141 0.000117 0.000110 0.000108 0.000107 0.000107 0.000107 0.000107 0.000107 0.000107 0.000107 0.000107 0.000107 0.000107 0.000107 0.000107 0.000107 0.000107 0.000107 0.000106 0.000105 0.000104 0.000101 0.000096 0.000089 0.000078 0.000064 0.000045 0.000023 0.000000 
50.000000 39.648026 29.992066 21.588023 14.758494 9.571448 5.885041 3.430005 1.895493 0.993763 0.494712 0.234121 0.105501 0.045386 0.018734 0.007505 0.003003 0.001281 0.000653 0.000433 0.000360 0.000337 0.000329 0.000327 0.000327 0.000326 0.000326 0.000326 0.000326 0.000326 0.000326 0.000326 0.000326 0.000326 0.000326 0.000326 0.000326 0.000326 0.000325 0.000324 0.000322 0.000317 0.000309 0.000294 0.000272 0.000239 0.000194 0.000138 0.000072 0.000000 
50.000000 39.648157 29.992318 21.588382 14.758938 9.571958 5.885596 3.430591 1.896098 0.994379 0.495335 0.234747 0.106128 0.046014 0.019362 0.008134 0.003631 0.001910 0.001281 0.001062 0.000989 0.000965 0.000958 0.000956 0.000955 0.000955 0.000955 0.000955 0.000955 0.000955 0.000955 0.000955 0.000955 0.000955 0.000955 0.000955 0.000954 0.000954 0.000952 0.000949 0.000941 0.000928 0.000903 0.000862 0.000797 0.000701 0.000570 0.000405 0.000210 0.000000 
50.000000 39.648515 29.993010 21.589364 14.760156 9.573354 5.887118 3.432196 1.897756 0.996068 0.497040 0.236461 0.107846 0.047734 0.021083 0.009855 0.005352 0.003631 0.003003 0.002783 0.002710 0.002687 0.002679 0.002677 0.002677 0.002676 0.002676 0.002676 0.002676 0.002676 0.002676 0.002676 0.002676 0.002676 0.002676 0.002676 0.002675 0.002673 0.002669 0.002659 0.002639 0.002602 0.002534 0.002420 0.002238 0.001971 0.001605 0.001139 0.000593 0.000000 
50.000000 39.649451 29.994819 21.591931 14.763339 9.577003 5.891098 3.436396 1.902092 1.000483 0.501499 0.240943 0.112340 0.052233 0.025584 0.014357 0.009855 0.008134 0.007505 0.007286 0.007213 0.007189 0.007182 0.007180 0.007179 0.007179 0.007179 0.007179 0.007179 0.007179 0.007179 0.007179 0.007179 0.007179 0.007179 0.007178 0.007176 0.007171 0.007159 0.007134 0.007083 0.006984 0.006806 0.006502 0.006020 0.005306 0.004324 0.003073 0.001599 0.000000 
50.000000 39.651785 29.999328 21.598332 14.771274 9.586101 5.901021 3.446866 1.912903 1.011494 0.512620 0.252121 0.123545 0.063452 0.036809 0.025584 0.021083 0.019362 0.018734 0.018515 0.018441 0.018418 0.018411 0.018409 0.018408 0.018408 0.018408 0.018408 0.018408 0.018408 0.018408 0.018408 0.018408 0.018407 0.018407 0.018405 0.018399 0.018387 0.018358 0.018296 0.018169 0.017922 0.017473 0.016706 0.015482 0.013661 0.011145 0.007928 0.004130 0.000000 
50.000000 39.657321 30.010027 21.613518 14.790103 9.607691 5.924569 3.471714 1.938561 1.037627 0.539015 0.278652 0.150144 0.090081 0.063452 0.052233 0.047734 0.046014 0.045386 0.045167 0.045094 0.045070 0.045063 0.045061 0.045060 0.045060 0.045060 0.045060 0.045060 0.045060 0.045060 0.045060 0.045060 0.045059 0.045057 0.045053 0.045041 0.045011 0.044944 0.044798 0.044497 0.043910 0.042836 0.040992 0.038032 0.033604 0.027454 0.019553 0.010194 0.000000 
50.000000 39.669803 30.034146 21.647759 14.832558 9.656375 5.977671 3.527752 1.996430 1.096568 0.598548 0.338492 0.210135 0.150144 0.123545 0.112340 0.107846 0.106128 0.105501 0.105282 0.105209 0.105185 0.105178 0.105176 0.105175 0.105175 0.105175 0.105175 0.105175 0.105175 0.105175 0.105175 0.105174 0.105173 0.105169 0.105159 0.105132 0.105068 0.104919 0.104593 0.103917 0.102595 0.100159 0.095949 0.089144 0.078895 0.064568 0.046057 0.024038 0.000000 
50.000000 39.696497 30.085731 21.720993 14.923366 9.760514 6.091268 3.647636 2.120234 1.222671 0.725919 0.466524 0.338492 0.278652 0.252121 0.240943 0.236461 0.234747 0.234121 0.233903 0.233830 0.233806 0.233799 0.233797 0.233796 0.233796 0.233796 0.233796 0.233796 0.233796 0.233796 0.233796 0.233795 0.233792 0.233784 0.233763 0.233708 0.233573 0.233262 0.232576 0.231146 0.228329 0.223101 0.213996 0.199156 0.176618 0.144860 0.103536 0.054114 0.000000 
50.000000 39.750559 30.190205 21.869318 15.107296 9.971456 6.321381 3.890496 2.371048 1.478148 0.983972 0.725919 0.598548 0.539015 0.512620 0.501499 0.497040 0.495335 0.494712 0.494495 0.494422 0.494399 0.494392 0.494390 0.494389 0.494389 0.494389 0.494389 0.494389 0.494389 0.494389 0.494388 0.494386 0.494381 0.494365 0.494324 0.494217 0.493955 0.493343 0.491986 0.489137 0.483481 0.472899 0.454293 0.423669 0.376682 0.309808 0.222002 0.116247 0.000000 
50.000000 39.854050 30.390208 22.153279 15.459441 10.375339 6.761994 4.355538 2.851337 1.967383 1.478148 1.222671 1.096568 1.037627 1.011494 1.000483 0.996068 0.994379 0.993763 0.993548 0.993476 0.993453 0.993446 0.993444 0.993443 0.993443 0.993443 0.993443 0.993443 0.993443 0.993443 0.993441 0.993438 0.993428 0.993400 0.993325 0.993131 0.992651 0.991525 0.989011 0.983691 0.973037 0.952902 0.917108 0.857485 0.764846 0.631324 0.453947 0.238304 0.000000 
50.000000 40.040981 30.751468 22.666213 16.095567 11.104965 7.558013 5.195729 3.719106 2.851337 2.371048 2.120234 1.996430 1.938561 1.912903 1.902092 1.897756 1.896098 1.895493 1.895282 1.895211 1.895188 1.895181 1.895179 1.895179 1.895179 1.895179 1.895179 1.895179 1.895178 1.895178 1.895176 1.895170 1.895154 1.895107 1.894981 1.894652 1.893835 1.891906 1.887566 1.878300 1.859553 1.823711 1.759159 1.650061 1.477878 1.225666 0.885415 0.466460 0.000000 
50.000000 40.358982 31.366051 23.538857 17.177842 12.346373 8.912446 6.625378 5.195729 4.355538 3.890496 3.647636 3.527752 3.471714 3.446866 3.436396 3.432196 3.430591 3.430005 3.429800 3.429731 3.429710 3.429703 3.429701 3.429700 3.429700 3.429700 3.429700 3.429700 3.429700 3.429699 3.429696 3.429688 3.429662 3.429590 3.429393 3.428878 3.427593 3.424534 3.417597 3.402637 3.372018 3.312689 3.204170 3.017506 2.717084 2.267758 1.648909 0.873191 0.000000 
50.000000 40.867594 32.349036 24.934639 18.908994 14.332152 11.079110 8.912446 7.558013 6.761994 6.321381 6.091268 5.977671 5.924569 5.901021 5.891098 5.887118 5.885596 5.885041 5.884847 5.884782 5.884761 5.884755 5.884753 5.884752 5.884752 5.884752 5.884752 5.884752 5.884751 5.884750 5.884746 5.884734 5.884699 5.884596 5.884315 5.883576 5.881722 5.877272 5.867088 5.844886 5.798854 5.708277 5.539555 5.243078 4.754074 4.002512 2.937674 1.568008 0.000000 
50.000000 41.631110 33.824697 27.030049 21.507965 17.313504 14.332152 12.346373 11.104965 10.375339 9.971456 9.760514 9.656375 9.607691 9.586101 9.577003 9.573354 9.571958 9.571448 9.571270 9.571211 9.571192 9.571186 9.571184 9.571184 9.571184 9.571184 9.571183 9.571183 9.571183 9.571181 9.571176 9.571161 9.571115 9.570983 9.570620 9.569659 9.567231 9.561358 9.547787 9.517853 9.454903 9.328867 9.089074 8.656752 7.921441 6.750169 5.023940 2.716072 0.000000 
50.000000 42.705192 35.900625 29.977899 25.164340 21.507965 18.908994 17.177842 16.095567 15.459441 15.107296 14.923366 14.832558 14.790103 14.771274 14.763339 14.760156 14.758938 14.758494 14.758339 14.758287 14.758270 14.758265 14.758263 14.758263 14.758263 14.758263 14.758263 14.758263 14.758262 14.758260 14.758255 14.758237 14.758185 14.758033 14.757613 14.756499 14.753663 14.746749 14.730615 14.694594 14.617690 14.460757 14.154920 13.586525 12.582170 10.905225 8.292112 4.582907 0.000000 
50.000000 44.119123 38.633432 33.858602 29.977899 27.030049 24.934639 23.538857 22.666213 22.153279 21.869318 21.720993 21.647759 21.613518 21.598332 21.591931 21.589364 21.588382 21.588023 21.587898 21.587856 21.587842 21.587838 21.587837 21.587837 21.587837 21.587837 21.587836 21.587836 21.587836 21.587834 21.587829 21.587811 21.587759 21.587607 21.587187 21.586064 21.583191 21.576133 21.559510 21.521956 21.440547 21.271099 20.932127 20.279880 19.072674 16.929301 13.313257 7.663293 0.000000 
50.000000 45.858787 41.995837 38.633432 35.900625 33.824697 32.349036 31.366051 30.751468 30.390208 30.190205 30.085731 30.034146 30.010027 29.999328 29.994819 29.993010 29.992318 29.992066 29.991977 29.991948 29.991938 29.991935 29.991935 29.991934 29.991934 29.991934 29.991934 29.991934 29.991934 29.991932 29.991928 29.991914 29.991871 29.991747 29.991401 29.990474 29.988089 29.982195 29.968203 29.936261 29.866053 29.717142 29.411363 28.800757 27.608513 25.320175 20.997918 13.082739 0.000000 
50.000000 47.857413 45.858787 44.119123 42.705192 41.631110 40.867594 40.358982 40.040981 39.854050 39.750559 39.696497 39.669803 39.657321 39.651785 39.649451 39.648515 39.648157 39.648026 39.647980 39.647965 39.647960 39.647958 39.647958 39.647958 39.647958 39.647958 39.647958 39.647958 39.647958 39.647957 39.647954 39.647946 39.647922 39.647852 39.647655 39.647127 39.645765 39.642384 39.634311 39.615747 39.574521 39.485790 39.299586 38.915038 38.122285 36.455831 32.776048 23.928706 0.000000 
50.000000 50.000000 50.000000 50.000000 50.000000 50.000000 50.000000 50.000000 50.000000 50.000000 50.000000 50.000000 50.000000 50.000000 50.000000 50.000000 50.000000 50.000000 50.000000 50.000000 50.000000 50.000000 50.000000 50.000000 50.000000 50.000000 50.000000 50.000000 50.000000 50.000000 50.000000 50.000000 50.000000 50.000000 50.000000 50.000000 50.000000 50.000000 50.000000 50.000000 50.000000 50.000000 50.000000 50.000000 50.000000 50.000000 50.000000 50.000000 50.000000 50.000000 
