50.000000 50.000000 50.000000 50.000000 50.000000 50.000000 50.000000 50.000000 50.000000 50.000000 50.000000 50.000000 50.000000 50.000000 50.000000 50.000000 50.000000 50.000000 50.000000 50.000000 50.000000 50.000000 50.000000 50.000000 50.000000 50.000000 50.000000 50.000000 50.000000 50.000000 50.000000 50.000000 50.000000 50.000000 50.000000 50.000000 50.000000 50.000000 50.000000 50.000000 50.000000 50.000000 50.000000 50.000000 50.000000 50.000000 50.000000 50.000000 50.000000 50.000000 
50.000000 48.654302 47.365438 46.183047 45.143900 44.268804 43.562440 43.015729 42.609822 42.320588 42.122685 41.992581 41.910353 41.860358 41.831097 41.814601 41.805636 41.800937 41.798559 41.797397 41.796848 41.796597 41.796486 41.796438 41.796418 41.796410 41.796406 41.796402 41.796395 41.796378 41.796339 41.796248 41.796043 41.795591 41.794625 41.792613 41.788535 41.780483 41.764972 41.735772 41.681921 41.584302 41.409484 41.097995 40.539944 39.518931 37.567638 33.551148 24.327151 0.000000 
50.000000 47.365438 44.842144 42.527305 40.492908 38.779688 37.396807 36.326493 35.531838 34.965601 34.578166 34.323464 34.162488 34.064616 34.007335 33.975041 33.957491 33.948292 33.943637 33.941362 33.940287 33.939796 33.939579 33.939486 33.939447 33.939430 33.939422 33.939415 33.939402 33.939371 33.939299 33.939131 33.938751 33.937916 33.936134 33.932431 33.924945 33.910209 33.881935 33.828989 33.732037 33.557997 33.250674 32.714479 31.784928 30.173249 27.361683 22.421072 13.814290 0.000000 
50.000000 46.183047 42.527305 39.173579 36.226168 33.744086 31.740606 30.189976 29.038720 28.218393 27.657107 27.288119 27.054916 26.913132 26.830152 26.783370 26.757948 26.744622 26.737879 26.734583 26.733027 26.732315 26.732000 26.731866 26.731809 26.731786 26.731774 26.731765 26.731747 26.731706 26.731611 26.731388 26.730888 26.729790 26.727453 26.722612 26.712863 26.693765 26.657344 26.589673 26.467021 26.249839 25.873454 25.233753 24.165555 22.411709 19.586790 15.165622 8.615409 0.000000 
50.000000 45.143900 40.492908 36.226168 32.476375 29.318610 26.769754 24.797039 23.332424 22.288827 21.574784 21.105382 20.808720 20.628358 20.522801 20.463293 20.430955 20.414005 20.405428 20.401236 20.399256 20.398351 20.397951 20.397780 20.397708 20.397678 20.397664 20.397653 20.397633 20.397587 20.397480 20.397232 20.396674 20.395456 20.392869 20.387533 20.376840 20.356019 20.316610 20.244074 20.114175 19.887708 19.503131 18.866873 17.841954 16.238187 13.814459 10.319658 5.624969 0.000000 
50.000000 44.268804 38.779688 33.744086 29.318610 25.591868 22.583779 20.255661 18.527204 17.295626 16.452978 15.899042 15.548962 15.336127 15.211568 15.141349 15.103192 15.083191 15.073071 15.068126 15.065790 15.064722 15.064250 15.064047 15.063963 15.063928 15.063912 15.063900 15.063880 15.063834 15.063727 15.063480 15.062926 15.061719 15.059167 15.053928 15.043488 15.023298 14.985400 14.916354 14.794264 14.584763 14.236045 13.673533 12.795934 11.476656 9.578532 6.994760 3.728861 0.000000 
50.000000 43.562440 37.396807 31.740606 26.769754 22.583779 19.205046 16.590099 14.648719 13.265447 12.319027 11.696885 11.303707 11.064676 10.924789 10.845931 10.803081 10.780621 10.769257 10.763704 10.761080 10.759881 10.759351 10.759124 10.759029 10.758991 10.758973 10.758961 10.758942 10.758900 10.758802 10.758576 10.758073 10.756980 10.754678 10.749978 10.740667 10.722790 10.689520 10.629532 10.524785 10.347771 10.058570 9.602523 8.910245 7.902880 6.506853 4.682327 2.464445 0.000000 
50.000000 43.015729 36.326493 30.189976 24.797039 20.255661 16.590099 13.753196 11.647060 10.146420 9.119715 8.444809 8.018295 7.759002 7.607262 7.521723 7.475244 7.450883 7.438557 7.432534 7.429689 7.428389 7.427814 7.427567 7.427465 7.427423 7.427405 7.427393 7.427376 7.427340 7.427257 7.427066 7.426641 7.425723 7.423799 7.419888 7.412191 7.397517 7.370441 7.322110 7.238723 7.099794 6.876598 6.531529 6.019616 5.293909 4.316522 3.075819 1.606245 0.000000 
50.000000 42.609822 35.531838 29.038720 23.332424 18.527204 14.648719 11.647060 9.418637 7.830890 6.744605 6.030547 5.579299 5.304975 5.144441 5.053948 5.004778 4.979007 4.965968 4.959597 4.956587 4.955212 4.954604 4.954344 4.954235 4.954191 4.954172 4.954161 4.954147 4.954118 4.954052 4.953901 4.953566 4.952844 4.951338 4.948293 4.942337 4.931062 4.910428 4.873947 4.811700 4.709319 4.547266 4.300948 3.942441 3.444716 2.788880 1.973841 1.025520 0.000000 
50.000000 42.320588 34.965601 28.218393 22.288827 17.295626 13.265447 10.146420 7.830890 6.181100 5.052384 4.310445 3.841586 3.556561 3.389768 3.295749 3.244664 3.217889 3.204344 3.197725 3.194598 3.193170 3.192538 3.192268 3.192155 3.192109 3.192090 3.192080 3.192069 3.192047 3.191997 3.191885 3.191635 3.191101 3.189990 3.187758 3.183415 3.175250 3.160422 3.134439 3.090550 3.019191 2.907698 2.740663 2.501362 2.174652 1.751372 1.233564 0.638667 0.000000 
50.000000 42.122685 34.578166 27.657107 21.574784 16.452978 12.319027 9.119715 6.744605 5.052384 3.894651 3.133649 2.652750 2.360411 2.189340 2.092912 2.040518 2.013059 1.999167 1.992379 1.989172 1.987707 1.987060 1.986782 1.986667 1.986620 1.986601 1.986592 1.986583 1.986567 1.986532 1.986452 1.986277 1.985902 1.985127 1.983577 1.980579 1.974978 1.964879 1.947326 1.917945 1.870658 1.797605 1.689495 1.536625 1.330711 1.067434 0.749176 0.386913 0.000000 
50.000000 41.992581 34.323464 27.288119 21.105382 15.899042 11.696885 8.444809 6.030547 4.310445 3.133649 2.360125 1.871318 1.574175 1.400296 1.302286 1.249034 1.221124 1.207005 1.200106 1.196848 1.195359 1.194700 1.194418 1.194301 1.194254 1.194235 1.194226 1.194219 1.194209 1.194185 1.194131 1.194014 1.193765 1.193251 1.192229 1.190261 1.186607 1.180062 1.168770 1.150022 1.120119 1.074368 1.007364 0.913642 0.788772 0.630775 0.441528 0.227609 0.000000 
50.000000 41.910353 34.162488 27.054916 20.808720 15.548962 11.303707 8.018295 5.579299 3.841586 2.652750 1.871318 1.377519 1.077344 0.901692 0.802684 0.748890 0.720697 0.706434 0.699465 0.696174 0.694670 0.694005 0.693720 0.693602 0.693554 0.693535 0.693527 0.693521 0.693514 0.693499 0.693465 0.693390 0.693232 0.692908 0.692265 0.691034 0.688760 0.684711 0.677772 0.666336 0.648237 0.620778 0.580917 0.525664 0.452702 0.361152 0.252279 0.129869 0.000000 
50.000000 41.860358 34.064616 26.913132 20.628358 15.336127 11.064676 7.759002 5.304975 3.556561 2.360411 1.574175 1.077344 0.775327 0.598599 0.498985 0.444862 0.416497 0.402148 0.395136 0.391824 0.390311 0.389642 0.389356 0.389237 0.389189 0.389170 0.389162 0.389158 0.389153 0.389144 0.389123 0.389077 0.388982 0.388786 0.388400 0.387663 0.386310 0.383914 0.379831 0.373146 0.362638 0.346811 0.324008 0.292639 0.251518 0.200269 0.139671 0.071823 0.000000 
50.000000 41.831097 34.007335 26.830152 20.522801 15.211568 10.924789 7.607262 5.144441 3.389768 2.189340 1.400296 0.901692 0.598599 0.421242 0.321274 0.266959 0.238494 0.224094 0.217058 0.213734 0.212216 0.211545 0.211257 0.211138 0.211090 0.211071 0.211063 0.211060 0.211056 0.211051 0.211038 0.211012 0.210956 0.210843 0.210621 0.210199 0.209428 0.208068 0.205763 0.202010 0.196148 0.187373 0.174811 0.157640 0.135268 0.107540 0.074904 0.038485 0.000000 
50.000000 41.814601 33.975041 26.783370 20.463293 15.141349 10.845931 7.521723 5.053948 3.295749 2.092912 1.302286 0.802684 0.498985 0.321274 0.221107 0.166684 0.138162 0.123733 0.116683 0.113353 0.111832 0.111159 0.110871 0.110751 0.110703 0.110684 0.110677 0.110674 0.110672 0.110668 0.110661 0.110647 0.110616 0.110553 0.110431 0.110199 0.109776 0.109035 0.107785 0.105759 0.102611 0.097925 0.091253 0.082182 0.070424 0.055917 0.038907 0.019976 0.000000 
50.000000 41.805636 33.957491 26.757948 20.430955 15.103192 10.803081 7.475244 5.004778 3.244664 2.040518 1.249034 0.748890 0.444862 0.266959 0.166684 0.112202 0.083650 0.069206 0.062148 0.058814 0.057292 0.056618 0.056330 0.056210 0.056162 0.056143 0.056136 0.056133 0.056131 0.056129 0.056125 0.056118 0.056101 0.056068 0.056003 0.055880 0.055658 0.055269 0.054616 0.053563 0.051934 0.049521 0.046101 0.041473 0.035500 0.028158 0.019575 0.010045 0.000000 
50.000000 41.800937 33.948292 26.744622 20.414005 15.083191 10.780621 7.450883 4.979007 3.217889 2.013059 1.221124 0.720697 0.416497 0.238494 0.138162 0.083650 0.055081 0.040629 0.033567 0.030232 0.028708 0.028034 0.027746 0.027626 0.027578 0.027559 0.027552 0.027549 0.027548 0.027547 0.027545 0.027541 0.027532 0.027515 0.027482 0.027419 0.027307 0.027110 0.026782 0.026254 0.025441 0.024241 0.022548 0.020266 0.017330 0.013734 0.009541 0.004894 0.000000 
50.000000 41.798559 33.943637 26.737879 20.405428 15.073072 10.769257 7.438557 4.965968 3.204344 1.999167 1.207006 0.706434 0.402148 0.224094 0.123733 0.069206 0.040629 0.026173 0.019109 0.015773 0.014249 0.013575 0.013286 0.013166 0.013118 0.013099 0.013092 0.013089 0.013088 0.013088 0.013087 0.013085 0.013080 0.013072 0.013056 0.013025 0.012970 0.012874 0.012715 0.012459 0.012067 0.011491 0.010681 0.009592 0.008196 0.006491 0.004506 0.002310 0.000000 
50.000000 41.797397 33.941362 26.734584 20.401237 15.068126 10.763704 7.432534 4.959597 3.197725 1.992379 1.200106 0.699465 0.395136 0.217058 0.116683 0.062148 0.033567 0.019109 0.012045 0.008708 0.007184 0.006510 0.006221 0.006101 0.006053 0.006034 0.006027 0.006024 0.006023 0.006023 0.006022 0.006021 0.006019 0.006015 0.006007 0.005993 0.005967 0.005922 0.005847 0.005728 0.005545 0.005277 0.004902 0.004399 0.003757 0.002973 0.002063 0.001057 0.000000 
50.000000 41.796848 33.940287 26.733027 20.399257 15.065790 10.761081 7.429689 4.956588 3.194599 1.989173 1.196848 0.696174 0.391825 0.213735 0.113354 0.058815 0.030232 0.015773 0.008708 0.005371 0.003847 0.003173 0.002884 0.002764 0.002716 0.002697 0.002690 0.002687 0.002686 0.002686 0.002686 0.002685 0.002684 0.002682 0.002679 0.002672 0.002660 0.002640 0.002606 0.002552 0.002470 0.002349 0.002181 0.001956 0.001670 0.001321 0.000916 0.000469 0.000000 
50.000000 41.796597 33.939796 26.732316 20.398352 15.064723 10.759883 7.428390 4.955214 3.193171 1.987709 1.195360 0.694671 0.390313 0.212217 0.111833 0.057293 0.028710 0.014250 0.007185 0.003848 0.002323 0.001649 0.001361 0.001241 0.001192 0.001174 0.001166 0.001164 0.001163 0.001162 0.001162 0.001162 0.001162 0.001161 0.001159 0.001156 0.001151 0.001142 0.001127 0.001104 0.001068 0.001015 0.000942 0.000844 0.000720 0.000570 0.000395 0.000202 0.000000 
50.000000 41.796486 33.939580 26.732002 20.397954 15.064253 10.759355 7.427817 4.954608 3.192542 1.987064 1.194704 0.694009 0.389647 0.211549 0.111163 0.056622 0.028038 0.013579 0.006513 0.003176 0.001652 0.000978 0.000689 0.000569 0.000521 0.000502 0.000495 0.000492 0.000491 0.000491 0.000491 0.000491 0.000491 0.000490 0.000490 0.000488 0.000486 0.000482 0.000476 0.000466 0.000450 0.000428 0.000397 0.000356 0.000303 0.000240 0.000166 0.000085 0.000000 
50.000000 41.796440 33.939489 26.731871 20.397786 15.064055 10.759133 7.427577 4.954354 3.192278 1.986793 1.194429 0.693731 0.389367 0.211268 0.110882 0.056341 0.027757 0.013297 0.006232 0.002895 0.001370 0.000696 0.000407 0.000288 0.000239 0.000221 0.000213 0.000211 0.000210 0.000210 0.000209 0.000209 0.000209 0.000209 0.000209 0.000208 0.000207 0.000206 0.000203 0.000198 0.000192 0.000182 0.000169 0.000151 0.000129 0.000102 0.000071 0.000036 0.000000 
50.000000 41.796423 33.939457 26.731824 20.397726 15.063985 10.759054 7.427491 4.954263 3.192184 1.986696 1.194331 0.693631 0.389267 0.211168 0.110781 0.056240 0.027656 0.013196 0.006131 0.002794 0.001269 0.000595 0.000306 0.000187 0.000138 0.000120 0.000112 0.000110 0.000109 0.000109 0.000108 0.000108 0.000108 0.000108 0.000108 0.000108 0.000107 0.000106 0.000105 0.000103 0.000099 0.000094 0.000087 0.000078 0.000067 0.000053 0.000036 0.000019 0.000000 
50.000000 41.796423 33.939457 26.731824 20.397726 15.063985 10.759054 7.427491 4.954263 3.192184 1.986696 1.194331 0.693631 0.389267 0.211168 0.110781 0.056240 0.027656 0.013196 0.006131 0.002794 0.001269 0.000595 0.000306 0.000187 0.000138 0.000120 0.000112 0.000110 0.000109 0.000109 0.000108 0.000108 0.000108 0.000108 0.000108 0.000108 0.000107 0.000106 0.000105 0.000103 0.000099 0.000094 0.000087 0.000078 0.000067 0.000053 0.000036 0.000019 0.000000 
50.000000 41.796440 33.939489 26.731871 20.397786 15.064055 10.759133 7.427577 4.954354 3.192278 1.986793 1.194429 0.693731 0.389367 0.211268 0.110882 0.056341 0.027757 0.013297 0.006232 0.002895 0.001370 0.000696 0.000407 0.000288 0.000239 0.000221 0.000213 0.000211 0.000210 0.000210 0.000209 0.000209 0.000209 0.000209 0.000209 0.000208 0.000207 0.000206 0.000203 0.000198 0.000192 0.000182 0.000169 0.000151 0.000129 0.000102 0.000071 0.000036 0.000000 
50.000000 41.796486 33.939580 26.732002 20.397954 15.064253 10.759355 7.427817 4.954608 3.192542 1.987064 1.194704 0.694009 0.389647 0.211549 0.111163 0.056622 0.028038 0.013579 0.006513 0.003176 0.001652 0.000978 0.000689 0.000569 0.000521 0.000502 0.000495 0.000492 0.000491 0.000491 0.000491 0.000491 0.000491 0.000490 0.000490 0.000488 0.000486 0.000482 0.000476 0.000466 0.000450 0.000428 0.000397 0.000356 0.000303 0.000240 0.000166 0.000085 0.000000 
50.000000 41.796597 33.939796 26.732316 20.398352 15.064723 10.759883 7.428390 4.955214 3.193171 1.987709 1.195360 0.694671 0.390313 0.212217 0.111833 0.057293 0.028710 0.014250 0.007185 0.003848 0.002323 0.001649 0.001361 0.001241 0.001192 0.001174 0.001166 0.001164 0.001163 0.001162 0.001162 0.001162 0.001162 0.001161 0.001159 0.001156 0.001151 0.001142 0.001127 0.001104 0.001068 0.001015 0.000942 0.000844 0.000720 0.000570 0.000395 0.000202 0.000000 
50.000000 41.796848 33.940287 26.733027 20.399257 15.065790 10.761081 7.429689 4.956588 3.194599 1.989173 1.196848 0.696174 0.391825 0.213735 0.113354 0.058815 0.030232 0.015773 0.008708 0.005371 0.003847 0.003173 0.002884 0.002764 0.002716 0.002697 0.002690 0.002687 0.002686 0.002686 0.002686 0.002685 0.002684 0.002682 0.002679 0.002672 0.002660 0.002640 0.002606 0.002552 0.002470 0.002349 0.002181 0.001956 0.001670 0.001321 0.000916 0.000469 0.000000 
50.000000 41.797397 33.941362 26.734584 20.401237 15.068126 10.763704 7.432534 4.959597 3.197725 1.992379 1.200106 0.699465 0.395136 0.217058 0.116683 0.062148 0.033567 0.019109 0.012045 0.008708 0.007184 0.006510 0.006221 0.006101 0.006053 0.006034 0.006027 0.006024 0.006023 0.006023 0.006022 0.006021 0.006019 0.006015 0.006007 0.005993 0.005967 0.005922 0.005847 0.005728 0.005545 0.005277 0.004902 0.004399 0.003757 0.002973 0.002063 0.001057 0.000000 
50.000000 41.798559 33.943637 26.737879 20.405428 15.073072 10.769257 7.438557 4.965968 3.204344 1.999167 1.207006 0.706434 0.402148 0.224094 0.123733 0.069206 0.040629 0.026173 0.019109 0.015773 0.014249 0.013575 0.013286 0.013166 0.013118 0.013099 0.013092 0.013089 0.013088 0.013088 0.013087 0.013085 0.013080 0.013072 0.013056 0.013025 0.012970 0.012874 0.012715 0.012459 0.012067 0.011491 0.010681 0.009592 0.008196 0.006491 0.004506 0.002310 0.000000 
50.000000 41.800937 33.948292 26.744622 20.414005 15.083191 10.780621 7.450883 4.979007 3.217889 2.013059 1.221124 0.720697 0.416497 0.238494 0.138162 0.083650 0.055081 0.040629 0.033567 0.030232 0.028708 0.028034 0.027746 0.027626 0.027578 0.027559 0.027552 0.027549 0.027548 0.027547 0.027545 0.027541 0.027532 0.027515 0.027482 0.027419 0.027307 0.027110 0.026782 0.026254 0.025441 0.024241 0.022548 0.020266 0.017330 0.013734 0.009541 0.004894 0.000000 
50.000000 41.805636 33.957491 26.757948 20.430955 15.103192 10.803081 7.475244 5.004778 3.244664 2.040518 1.249034 0.748890 0.444862 0.266959 0.166684 0.112202 0.083650 0.069206 0.062148 0.058814 0.057292 0.056618 0.056330 0.056210 0.056162 0.056143 0.056136 0.056133 0.056131 0.056129 0.056125 0.056118 0.056101 0.056068 0.056003 0.055880 0.055658 0.055269 0.054616 0.053563 0.051934 0.049521 0.046101 0.041473 0.035500 0.028158 0.019575 0.010045 0.000000 
50.000000 41.814601 33.975041 26.783370 20.463293 15.141349 10.845931 7.521723 5.053948 3.295749 2.092912 1.302286 0.802684 0.498985 0.321274 0.221107 0.166684 0.138162 0.123733 0.116683 0.113353 0.111832 0.111159 0.110871 0.110751 0.110703 0.110684 0.110677 0.110674 0.110672 0.110668 0.110661 0.110647 0.110616 0.110553 0.110431 0.110199 0.109776 0.109035 0.107785 0.105759 0.102611 0.097925 0.091253 0.082182 0.070424 0.055917 0.038907 0.019976 0.000000 
50.000000 41.831097 34.007335 26.830152 20.522801 15.211568 10.924789 7.607262 5.144441 3.389768 2.189340 1.400296 0.901692 0.598599 0.421242 0.321274 0.266959 0.238494 0.224094 0.217058 0.213734 0.212216 0.211545 0.211257 0.211138 0.211090 0.211071 0.211063 0.211060 0.211056 0.211051 0.211038 0.211012 0.210956 0.210843 0.210621 0.210199 0.209428 0.208068 0.205763 0.202010 0.196148 0.187373 0.174811 0.157640 0.135268 0.107540 0.074904 0.038485 0.000000 
50.000000 41.860358 34.064616 26.913132 20.628358 15.336127 11.064676 7.759002 5.304975 3.556561 2.360411 1.574175 1.077344 0.775327 0.598599 0.498985 0.444862 0.416497 0.402148 0.395136 0.391824 0.390311 0.389642 0.389356 0.389237 0.389189 0.389170 0.389162 0.389158 0.389153 0.389144 0.389123 0.389077 0.388982 0.388786 0.388400 0.387663 0.386310 0.383914 0.379831 0.373146 0.362638 0.346811 0.324008 0.292639 0.251518 0.200269 0.139671 0.071823 0.000000 
50.000000 41.910353 34.162488 27.054916 20.808720 15.548962 11.303707 8.018295 5.579299 3.841586 2.652750 1.871318 1.377519 1.077344 0.901692 0.802684 0.748890 0.720697 0.706434 0.699465 0.696174 0.694670 0.694005 0.693720 0.693602 0.693554 0.693535 0.693527 0.693521 0.693514 0.693499 0.693465 0.693390 0.693232 0.692908 0.692265 0.691034 0.688760 0.684711 0.677772 0.666336 0.648237 0.620778 0.580917 0.525664 0.452702 0.361152 0.252279 0.129869 0.000000 
50.000000 41.992581 34.323464 27.288119 21.105382 15.899042 11.696885 8.444809 6.030547 4.310445 3.133649 2.360125 1.871318 1.574175 1.400296 1.302286 1.249034 1.221124 1.207005 1.200106 1.196848 1.195359 1.194700 1.194418 1.194301 1.194254 1.194235 1.194226 1.194219 1.194209 1.194185 1.194131 1.194014 1.193765 1.193251 1.192229 1.190261 1.186607 1.180062 1.168770 1.150022 1.120119 1.074368 1.007364 0.913642 0.788772 0.630775 0.441528 0.227609 0.000000 
50.000000 42.122685 34.578166 27.657107 21.574784 16.452978 12.319027 9.119715 6.744605 5.052384 3.894651 3.133649 2.652750 2.360411 2.189340 2.092912 2.040518 2.013059 1.999167 1.992379 1.989172 1.987707 1.987060 1.986782 1.986667 1.986620 1.986601 1.986592 1.986583 1.986567 1.986532 1.986452 1.986277 1.985902 1.985127 1.983577 1.980579 1.974978 1.964879 1.947326 1.917945 1.870658 1.797605 1.689495 1.536625 1.330711 1.067434 0.749176 0.386913 0.000000 
50.000000 42.320588 34.965601 28.218393 22.288827 17.295626 13.265447 10.146420 7.830890 6.181100 5.052384 4.310445 3.841586 3.556561 3.389768 3.295749 3.244664 3.217889 3.204344 3.197725 3.194598 3.193170 3.192538 3.192268 3.192155 3.192109 3.192090 3.192080 3.192069 3.192047 3.191997 3.191885 3.191635 3.191101 3.189990 3.187758 3.183415 3.175250 3.160422 3.134439 3.090550 3.019191 2.907698 2.740663 2.501362 2.174652 1.751372 1.233564 0.638667 0.000000 
50.000000 42.609822 35.531838 29.038720 23.332424 18.527204 14.648719 11.647060 9.418637 7.830890 6.744605 6.030547 5.579299 5.304975 5.144441 5.053948 5.004778 4.979007 4.965968 4.959597 4.956587 4.955212 4.954604 4.954344 4.954235 4.954191 4.954172 4.954161 4.954147 4.954118 4.954052 4.953901 4.953566 4.952844 4.951338 4.948293 4.942337 4.931062 4.910428 4.873947 4.811700 4.709319 4.547266 4.300948 3.942441 3.444716 2.788880 1.973841 1.025520 0.000000 
50.000000 43.015729 36.326493 30.189976 24.797039 20.255661 16.590099 13.753196 11.647060 10.146420 9.119715 8.444809 8.018295 7.759002 7.607262 7.521723 7.475244 7.450883 7.438557 7.432534 7.429689 7.428389 7.427814 7.427567 7.427465 7.427423 7.427405 7.427393 7.427376 7.427340 7.427257 7.427066 7.426641 7.425723 7.423799 7.419888 7.412191 7.397517 7.370441 7.322110 7.238723 7.099794 6.876598 6.531529 6.019616 5.293909 4.316522 3.075819 1.606245 0.000000 
50.000000 43.562440 37.396807 31.740606 26.769754 22.583779 19.205046 16.590099 14.648719 13.265447 12.319027 11.696885 11.303707 11.064676 10.924789 10.845931 10.803081 10.780621 10.769257 10.763704 10.761080 10.759881 10.759351 10.759124 10.759029 10.758991 10.758973 10.758961 10.758942 10.758900 10.758802 10.758576 10.758073 10.756980 10.754678 10.749978 10.740667 10.722790 10.689520 10.629532 10.524785 10.347771 10.058570 9.602523 8.910245 7.902880 6.506853 4.682327 2.464445 0.000000 
50.000000 44.268804 38.779688 33.744086 29.318610 25.591868 22.583779 20.255661 18.527204 17.295626 16.452978 15.899042 15.548962 15.336127 15.211568 15.141349 15.103192 15.083191 15.073071 15.068126 15.065790 15.064722 15.064250 15.064047 15.063963 15.063928 15.063912 15.063900 15.063880 15.063834 15.063727 15.063480 15.062926 15.061719 15.059167 15.053928 15.043488 15.023298 14.985400 14.916354 14.794264 14.584763 14.236045 13.673533 12.795934 11.476656 9.578532 6.994760 3.728861 0.000000 
50.000000 45.143900 40.492908 36.226168 32.476375 29.318610 26.769754 24.797039 23.332424 22.288827 21.574784 21.105382 20.808720 20.628358 20.522801 20.463293 20.430955 20.414005 20.405428 20.401236 20.399256 20.398351 20.397951 20.397780 20.397708 20.397678 20.397664 20.397653 20.397633 20.397587 20.397480 20.397232 20.396674 20.395456 20.392869 20.387533 20.376840 20.356019 20.316610 20.244074 20.114175 19.887708 19.503131 18.866873 17.841954 16.238187 13.814459 10.319658 5.624969 0.000000 
50.000000 46.183047 42.527305 39.173579 36.226168 33.744086 31.740606 30.189976 29.038720 28.218393 27.657107 27.288119 27.054916 26.913132 26.830152 26.783370 26.757948 26.744622 26.737879 26.734583 26.733027 26.732315 26.732000 26.731866 26.731809 26.731786 26.731774 26.731765 26.731747 26.731706 26.731611 26.731388 26.730888 26.729790 26.727453 26.722612 26.712863 26.693765 26.657344 26.589673 26.467021 26.249839 25.873454 25.233753 24.165555 22.411709 19.586790 15.165622 8.615409 0.000000 
50.000000 47.365438 44.842144 42.527305 40.492908 38.779688 37.396807 36.326493 35.531838 34.965601 34.578166 34.323464 34.162488 34.064616 34.007335 33.975041 33.957491 33.948292 33.943637 33.941362 33.940287 33.939796 33.939579 33.939486 33.939447 33.939430 33.939422 33.939415 33.939402 33.939371 33.939299 33.939131 33.938751 33.937916 33.936134 33.932431 33.924945 33.910209 33.881935 33.828989 33.732037 33.557997 33.250674 32.714479 31.784928 30.173249 27.361683 22.421072 13.814290 0.000000 
50.000000 48.654302 47.365438 46.183047 45.143900 44.268804 43.562440 43.015729 42.609822 42.320588 42.122685 41.992581 41.910353 41.860358 41.831097 41.814601 41.805636 41.800937 41.798559 41.797397 41.796848 41.796597 41.796486 41.796438 41.796418 41.796410 41.796406 41.796402 41.796395 41.796378 41.796339 41.796248 41.796043 41.795591 41.794625 41.792613 41.788535 41.780483 41.764972 41.735772 41.681921 41.584302 41.409484 41.097995 40.539944 39.518931 37.567638 33.551148 24.327151 0.000000 
50.000000 50.000000 50.000000 50.000000 50.000000 50.000000 50.000000 50.000000 50.000000 50.000000 50.000000 50.000000 50.000000 50.000000 50.000000 50.000000 50.000000 50.000000 50.000000 50.000000 50.000000 50.000000 50.000000 50.000000 50.000000 50.000000 50.000000 50.000000 50.000000 50.000000 50.000000 50.000000 50.000000 50.000000 50.000000 50.000000 50.000000 50.000000 50.000000 50.000000 50.000000 50.000000 50.000000 50.000000 50.000000 50.000000 50.000000 50.000000 50.000000 50.000000 
