50.000000 50.000000 50.000000 50.000000 50.000000 50.000000 50.000000 50.000000 50.000000 50.000000 50.000000 50.000000 50.000000 50.000000 50.000000 50.000000 50.000000 50.000000 50.000000 50.000000 50.000000 50.000000 50.000000 50.000000 50.000000 50.000000 50.000000 50.000000 50.000000 50.000000 50.000000 50.000000 50.000000 50.000000 50.000000 50.000000 50.000000 50.000000 50.000000 50.000000 50.000000 50.000000 50.000000 50.000000 50.000000 50.000000 50.000000 50.000000 50.000000 50.000000 
50.000000 46.547843 43.468798 41.015489 39.264130 38.139529 37.486982 37.143157 36.977835 36.904942 36.875333 36.864204 36.860318 36.859052 36.858666 36.858556 36.858526 36.858519 36.858517 36.858517 36.858516 36.858516 36.858516 36.858516 36.858516 36.858516 36.858516 36.858516 36.858516 36.858516 36.858516 36.858516 36.858516 36.858516 36.858514 36.858507 36.858481 36.858382 36.858034 36.856876 36.853230 36.842364 36.811674 36.729266 36.517585 35.991725 34.705560 31.523822 23.273921 0.000000 
50.000000 43.468798 37.643578 33.002313 29.689161 27.561796 26.327476 25.677161 25.364495 25.226646 25.170657 25.149615 25.142268 25.139876 25.139146 25.138938 25.138882 25.138867 25.138864 25.138863 25.138863 25.138863 25.138863 25.138863 25.138863 25.138863 25.138863 25.138863 25.138863 25.138863 25.138863 25.138863 25.138863 25.138862 25.138859 25.138848 25.138805 25.138645 25.138085 25.136232 25.130443 25.113377 25.065913 24.941315 24.632089 23.904654 22.278030 18.821789 11.944976 0.000000 
50.000000 41.015489 33.002313 26.618046 22.060926 19.135034 17.437551 16.543306 16.113409 15.923899 15.846936 15.818016 15.807920 15.804633 15.803631 15.803345 15.803268 15.803248 15.803243 15.803242 15.803242 15.803242 15.803242 15.803242 15.803242 15.803242 15.803242 15.803242 15.803242 15.803242 15.803242 15.803242 15.803242 15.803241 15.803238 15.803226 15.803180 15.803010 15.802419 15.800480 15.794482 15.777042 15.729428 15.607574 15.315772 14.663508 13.309023 10.724284 6.309928 0.000000 
50.000000 39.264130 29.689161 22.060926 16.616214 13.120740 11.093012 10.024914 9.511504 9.285209 9.193321 9.158798 9.146748 9.142825 9.141630 9.141288 9.141196 9.141173 9.141167 9.141166 9.141166 9.141166 9.141166 9.141166 9.141166 9.141166 9.141166 9.141166 9.141166 9.141166 9.141166 9.141166 9.141165 9.141165 9.141162 9.141152 9.141114 9.140972 9.140483 9.138890 9.134021 9.120061 9.082643 8.989168 8.772386 8.308107 7.397417 5.784506 3.272405 0.000000 
50.000000 38.139529 27.561796 19.135034 13.120740 9.259903 7.020439 5.840935 5.274042 5.024206 4.922773 4.884669 4.871370 4.867042 4.865724 4.865347 4.865245 4.865220 4.865213 4.865212 4.865212 4.865212 4.865212 4.865212 4.865212 4.865212 4.865212 4.865212 4.865212 4.865212 4.865212 4.865211 4.865211 4.865211 4.865209 4.865202 4.865175 4.865076 4.864738 4.863645 4.860338 4.850983 4.826327 4.766036 4.629951 4.348354 3.819262 2.929707 1.621944 0.000000 
50.000000 37.486982 26.327476 17.437551 11.093012 7.020439 4.658338 3.414351 2.816524 2.553082 2.446137 2.405967 2.391950 2.387388 2.385999 2.385601 2.385494 2.385467 2.385461 2.385459 2.385459 2.385459 2.385459 2.385459 2.385459 2.385459 2.385459 2.385459 2.385459 2.385459 2.385459 2.385459 2.385459 2.385458 2.385457 2.385453 2.385437 2.385377 2.385174 2.384526 2.382583 2.377150 2.363043 2.329169 2.254403 2.103844 1.829977 1.386161 0.757716 0.000000 
50.000000 37.143157 25.677161 16.543306 10.024914 5.840935 3.414351 2.136484 1.522417 1.251838 1.142005 1.100753 1.086359 1.081676 1.080249 1.079842 1.079732 1.079704 1.079697 1.079696 1.079695 1.079695 1.079695 1.079695 1.079695 1.079695 1.079695 1.079695 1.079695 1.079695 1.079695 1.079695 1.079695 1.079695 1.079694 1.079692 1.079683 1.079652 1.079545 1.079205 1.078195 1.075403 1.068242 1.051308 1.014607 0.942271 0.813879 0.611248 0.331483 0.000000 
50.000000 36.977835 25.364495 16.113409 9.511504 5.274042 2.816524 1.522417 0.900573 0.626580 0.515365 0.473598 0.459024 0.454282 0.452838 0.452426 0.452314 0.452286 0.452279 0.452278 0.452277 0.452277 0.452277 0.452277 0.452277 0.452277 0.452277 0.452277 0.452277 0.452277 0.452277 0.452277 0.452277 0.452277 0.452277 0.452276 0.452272 0.452257 0.452206 0.452047 0.451576 0.450286 0.447014 0.439374 0.423059 0.391442 0.336367 0.251118 0.135471 0.000000 
50.000000 36.904942 25.226646 15.923899 9.285209 5.024206 2.553082 1.251838 0.626580 0.351089 0.239270 0.197277 0.182625 0.177857 0.176406 0.175991 0.175879 0.175851 0.175844 0.175842 0.175842 0.175842 0.175842 0.175842 0.175842 0.175842 0.175842 0.175842 0.175842 0.175842 0.175842 0.175842 0.175842 0.175842 0.175842 0.175841 0.175839 0.175833 0.175811 0.175743 0.175545 0.175003 0.173643 0.170500 0.163868 0.151188 0.129416 0.096203 0.051712 0.000000 
50.000000 36.875333 25.170657 15.846936 9.193321 4.922773 2.446137 1.142005 0.515365 0.239270 0.127208 0.085123 0.070439 0.065662 0.064207 0.063791 0.063679 0.063651 0.063644 0.063643 0.063642 0.063642 0.063642 0.063642 0.063642 0.063642 0.063642 0.063642 0.063642 0.063642 0.063642 0.063642 0.063642 0.063642 0.063642 0.063642 0.063641 0.063639 0.063630 0.063604 0.063527 0.063319 0.062800 0.061611 0.059128 0.054431 0.046457 0.034425 0.018456 0.000000 
50.000000 36.864204 25.149615 15.818016 9.158798 4.884669 2.405967 1.100753 0.473598 0.197277 0.085123 0.043004 0.028309 0.023528 0.022072 0.021656 0.021544 0.021515 0.021508 0.021507 0.021506 0.021506 0.021506 0.021506 0.021506 0.021506 0.021506 0.021506 0.021506 0.021506 0.021506 0.021506 0.021506 0.021506 0.021506 0.021506 0.021506 0.021505 0.021502 0.021493 0.021465 0.021391 0.021209 0.020793 0.019931 0.018316 0.015597 0.011530 0.006170 0.000000 
50.000000 36.860318 25.142268 15.807920 9.146748 4.871370 2.391950 1.086359 0.459024 0.182625 0.070439 0.028309 0.013610 0.008827 0.007371 0.006955 0.006843 0.006814 0.006807 0.006806 0.006805 0.006805 0.006805 0.006805 0.006805 0.006805 0.006805 0.006805 0.006805 0.006805 0.006805 0.006805 0.006805 0.006805 0.006805 0.006805 0.006805 0.006805 0.006804 0.006801 0.006792 0.006767 0.006708 0.006572 0.006294 0.005776 0.004910 0.003623 0.001936 0.000000 
50.000000 36.859052 25.139876 15.804633 9.142825 4.867042 2.387388 1.081676 0.454282 0.177857 0.065662 0.023528 0.008827 0.004044 0.002588 0.002172 0.002059 0.002031 0.002024 0.002023 0.002022 0.002022 0.002022 0.002022 0.002022 0.002022 0.002022 0.002022 0.002022 0.002022 0.002022 0.002022 0.002022 0.002022 0.002022 0.002022 0.002022 0.002022 0.002022 0.002021 0.002018 0.002011 0.001992 0.001951 0.001867 0.001711 0.001453 0.001070 0.000571 0.000000 
50.000000 36.858666 25.139146 15.803631 9.141630 4.865724 2.385999 1.080249 0.452838 0.176406 0.064207 0.022072 0.007371 0.002588 0.001131 0.000715 0.000603 0.000575 0.000568 0.000566 0.000566 0.000566 0.000566 0.000566 0.000566 0.000566 0.000566 0.000566 0.000566 0.000566 0.000566 0.000566 0.000566 0.000566 0.000566 0.000566 0.000566 0.000566 0.000566 0.000565 0.000565 0.000562 0.000557 0.000545 0.000522 0.000478 0.000405 0.000298 0.000159 0.000000 
50.000000 36.858556 25.138938 15.803345 9.141288 4.865347 2.385601 1.079842 0.452426 0.175991 0.063791 0.021656 0.006955 0.002172 0.000715 0.000299 0.000187 0.000158 0.000151 0.000150 0.000149 0.000149 0.000149 0.000149 0.000149 0.000149 0.000149 0.000149 0.000149 0.000149 0.000149 0.000149 0.000149 0.000149 0.000149 0.000149 0.000149 0.000149 0.000149 0.000149 0.000149 0.000148 0.000147 0.000144 0.000138 0.000126 0.000107 0.000078 0.000042 0.000000 
50.000000 36.858526 25.138882 15.803268 9.141196 4.865245 2.385494 1.079732 0.452314 0.175879 0.063679 0.021544 0.006843 0.002059 0.000603 0.000187 0.000075 0.000046 0.000039 0.000038 0.000037 0.000037 0.000037 0.000037 0.000037 0.000037 0.000037 0.000037 0.000037 0.000037 0.000037 0.000037 0.000037 0.000037 0.000037 0.000037 0.000037 0.000037 0.000037 0.000037 0.000037 0.000037 0.000037 0.000036 0.000034 0.000031 0.000027 0.000020 0.000010 0.000000 
50.000000 36.858519 25.138867 15.803248 9.141173 4.865220 2.385467 1.079704 0.452286 0.175851 0.063651 0.021515 0.006814 0.002031 0.000575 0.000158 0.000046 0.000018 0.000011 0.000009 0.000009 0.000009 0.000009 0.000009 0.000009 0.000009 0.000009 0.000009 0.000009 0.000009 0.000009 0.000009 0.000009 0.000009 0.000009 0.000009 0.000009 0.000009 0.000009 0.000009 0.000009 0.000009 0.000009 0.000009 0.000008 0.000007 0.000006 0.000005 0.000002 0.000000 
50.000000 36.858517 25.138864 15.803243 9.141167 4.865213 2.385461 1.079697 0.452279 0.175844 0.063644 0.021508 0.006807 0.002024 0.000568 0.000151 0.000039 0.000011 0.000004 0.000002 0.000002 0.000002 0.000002 0.000002 0.000002 0.000002 0.000002 0.000002 0.000002 0.000002 0.000002 0.000002 0.000002 0.000002 0.000002 0.000002 0.000002 0.000002 0.000002 0.000002 0.000002 0.000002 0.000002 0.000002 0.000002 0.000002 0.000001 0.000001 0.000001 0.000000 
50.000000 36.858517 25.138863 15.803242 9.141166 4.865212 2.385459 1.079696 0.452278 0.175842 0.063643 0.021507 0.006806 0.002023 0.000566 0.000150 0.000038 0.000009 0.000002 0.000001 0.000001 0.000000 0.000000 0.000000 0.000000 0.000000 0.000000 0.000000 0.000000 0.000000 0.000000 0.000000 0.000000 0.000000 0.000000 0.000000 0.000000 0.000000 0.000000 0.000000 0.000000 0.000000 0.000000 0.000000 0.000000 0.000000 0.000000 0.000000 0.000000 0.000000 
50.000000 36.858516 25.138863 15.803242 9.141166 4.865212 2.385459 1.079695 0.452277 0.175842 0.063642 0.021506 0.006805 0.002022 0.000566 0.000149 0.000037 0.000009 0.000002 0.000001 0.000000 0.000000 0.000000 0.000000 0.000000 0.000000 0.000000 0.000000 0.000000 0.000000 0.000000 0.000000 0.000000 0.000000 0.000000 0.000000 0.000000 0.000000 0.000000 0.000000 0.000000 0.000000 0.000000 0.000000 0.000000 0.000000 0.000000 0.000000 0.000000 0.000000 
50.000000 36.858516 25.138863 15.803242 9.141166 4.865212 2.385459 1.079695 0.452277 0.175842 0.063642 0.021506 0.006805 0.002022 0.000566 0.000149 0.000037 0.000009 0.000002 0.000000 0.000000 0.000000 0.000000 0.000000 0.000000 0.000000 0.000000 0.000000 0.000000 0.000000 0.000000 0.000000 0.000000 0.000000 0.000000 0.000000 0.000000 0.000000 0.000000 0.000000 0.000000 0.000000 0.000000 0.000000 0.000000 0.000000 0.000000 0.000000 0.000000 0.000000 
50.000000 36.858516 25.138863 15.803242 9.141166 4.865212 2.385459 1.079695 0.452277 0.175842 0.063642 0.021506 0.006805 0.002022 0.000566 0.000149 0.000037 0.000009 0.000002 0.000000 0.000000 0.000000 0.000000 0.000000 0.000000 0.000000 0.000000 0.000000 0.000000 0.000000 0.000000 0.000000 0.000000 0.000000 0.000000 0.000000 0.000000 0.000000 0.000000 0.000000 0.000000 0.000000 0.000000 0.000000 0.000000 0.000000 0.000000 0.000000 0.000000 0.000000 
50.000000 36.858516 25.138863 15.803242 9.141166 4.865212 2.385459 1.079695 0.452277 0.175842 0.063642 0.021506 0.006805 0.002022 0.000566 0.000149 0.000037 0.000009 0.000002 0.000000 0.000000 0.000000 0.000000 0.000000 0.000000 0.000000 0.000000 0.000000 0.000000 0.000000 0.000000 0.000000 0.000000 0.000000 0.000000 0.000000 0.000000 0.000000 0.000000 0.000000 0.000000 0.000000 0.000000 0.000000 0.000000 0.000000 0.000000 0.000000 0.000000 0.000000 
50.000000 36.858516 25.138863 15.803242 9.141166 4.865212 2.385459 1.079695 0.452277 0.175842 0.063642 0.021506 0.006805 0.002022 0.000566 0.000149 0.000037 0.000009 0.000002 0.000000 0.000000 0.000000 0.000000 0.000000 0.000000 0.000000 0.000000 0.000000 0.000000 0.000000 0.000000 0.000000 0.000000 0.000000 0.000000 0.000000 0.000000 0.000000 0.000000 0.000000 0.000000 0.000000 0.000000 0.000000 0.000000 0.000000 0.000000 0.000000 0.000000 0.000000 
50.000000 36.858516 25.138863 15.803242 9.141166 4.865212 2.385459 1.079695 0.452277 0.175842 0.063642 0.021506 0.006805 0.002022 0.000566 0.000149 0.000037 0.000009 0.000002 0.000000 0.000000 0.000000 0.000000 0.000000 0.000000 0.000000 0.000000 0.000000 0.000000 0.000000 0.000000 0.000000 0.000000 0.000000 0.000000 0.000000 0.000000 0.000000 0.000000 0.000000 0.000000 0.000000 0.000000 0.000000 0.000000 0.000000 0.000000 0.000000 0.000000 0.000000 
50.000000 36.858516 25.138863 15.803242 9.141166 4.865212 2.385459 1.079695 0.452277 0.175842 0.063642 0.021506 0.006805 0.002022 0.000566 0.000149 0.000037 0.000009 0.000002 0.000000 0.000000 0.000000 0.000000 0.000000 0.000000 0.000000 0.000000 0.000000 0.000000 0.000000 0.000000 0.000000 0.000000 0.000000 0.000000 0.000000 0.000000 0.000000 0.000000 0.000000 0.000000 0.000000 0.000000 0.000000 0.000000 0.000000 0.000000 0.000000 0.000000 0.000000 
50.000000 36.858516 25.138863 15.803242 9.141166 4.865212 2.385459 1.079695 0.452277 0.175842 0.063642 0.021506 0.006805 0.002022 0.000566 0.000149 0.000037 0.000009 0.000002 0.000000 0.000000 0.000000 0.000000 0.000000 0.000000 0.000000 0.000000 0.000000 0.000000 0.000000 0.000000 0.000000 0.000000 0.000000 0.000000 0.000000 0.000000 0.000000 0.000000 0.000000 0.000000 0.000000 0.000000 0.000000 0.000000 0.000000 0.000000 0.000000 0.000000 0.000000 
50.000000 36.858516 25.138863 15.803242 9.141166 4.865212 2.385459 1.079695 0.452277 0.175842 0.063642 0.021506 0.006805 0.002022 0.000566 0.000149 0.000037 0.000009 0.000002 0.000000 0.000000 0.000000 0.000000 0.000000 0.000000 0.000000 0.000000 0.000000 0.000000 0.000000 0.000000 0.000000 0.000000 0.000000 0.000000 0.000000 0.000000 0.000000 0.000000 0.000000 0.000000 0.000000 0.000000 0.000000 0.000000 0.000000 0.000000 0.000000 0.000000 0.000000 
50.000000 36.858516 25.138863 15.803242 9.141166 4.865212 2.385459 1.079695 0.452277 0.175842 0.063642 0.021506 0.006805 0.002022 0.000566 0.000149 0.000037 0.000009 0.000002 0.000001 0.000000 0.000000 0.000000 0.000000 0.000000 0.000000 0.000000 0.000000 0.000000 0.000000 0.000000 0.000000 0.000000 0.000000 0.000000 0.000000 0.000000 0.000000 0.000000 0.000000 0.000000 0.000000 0.000000 0.000000 0.000000 0.000000 0.000000 0.000000 0.000000 0.000000 
50.000000 36.858517 25.138863 15.803242 9.141166 4.865212 2.385459 1.079696 0.452278 0.175842 0.063643 0.021507 0.006806 0.002023 0.000566 0.000150 0.000038 0.000009 0.000002 0.000001 0.000001 0.000000 0.000000 0.000000 0.000000 0.000000 0.000000 0.000000 0.000000 0.000000 0.000000 0.000000 0.000000 0.000000 0.000000 0.000000 0.000000 0.000000 0.000000 0.000000 0.000000 0.000000 0.000000 0.000000 0.000000 0.000000 0.000000 0.000000 0.000000 0.000000 
50.000000 36.858517 25.138864 15.803243 9.141167 4.865213 2.385461 1.079697 0.452279 0.175844 0.063644 0.021508 0.006807 0.002024 0.000568 0.000151 0.000039 0.000011 0.000004 0.000002 0.000002 0.000002 0.000002 0.000002 0.000002 0.000002 0.000002 0.000002 0.000002 0.000002 0.000002 0.000002 0.000002 0.000002 0.000002 0.000002 0.000002 0.000002 0.000002 0.000002 0.000002 0.000002 0.000002 0.000002 0.000002 0.000002 0.000001 0.000001 0.000001 0.000000 
50.000000 36.858519 25.138867 15.803248 9.141173 4.865220 2.385467 1.079704 0.452286 0.175851 0.063651 0.021515 0.006814 0.002031 0.000575 0.000158 0.000046 0.000018 0.000011 0.000009 0.000009 0.000009 0.000009 0.000009 0.000009 0.000009 0.000009 0.000009 0.000009 0.000009 0.000009 0.000009 0.000009 0.000009 0.000009 0.000009 0.000009 0.000009 0.000009 0.000009 0.000009 0.000009 0.000009 0.000009 0.000008 0.000007 0.000006 0.000005 0.000002 0.000000 
50.000000 36.858526 25.138882 15.803268 9.141196 4.865245 2.385494 1.079732 0.452314 0.175879 0.063679 0.021544 0.006843 0.002059 0.000603 0.000187 0.000075 0.000046 0.000039 0.000038 0.000037 0.000037 0.000037 0.000037 0.000037 0.000037 0.000037 0.000037 0.000037 0.000037 0.000037 0.000037 0.000037 0.000037 0.000037 0.000037 0.000037 0.000037 0.000037 0.000037 0.000037 0.000037 0.000037 0.000036 0.000034 0.000031 0.000027 0.000020 0.000010 0.000000 
50.000000 36.858556 25.138938 15.803345 9.141288 4.865347 2.385601 1.079842 0.452426 0.175991 0.063791 0.021656 0.006955 0.002172 0.000715 0.000299 0.000187 0.000158 0.000151 0.000150 0.000149 0.000149 0.000149 0.000149 0.000149 0.000149 0.000149 0.000149 0.000149 0.000149 0.000149 0.000149 0.000149 0.000149 0.000149 0.000149 0.000149 0.000149 0.000149 0.000149 0.000149 0.000148 0.000147 0.000144 0.000138 0.000126 0.000107 0.000078 0.000042 0.000000 
50.000000 36.858666 25.139146 15.803631 9.141630 4.865724 2.385999 1.080249 0.452838 0.176406 0.064207 0.022072 0.007371 0.002588 0.001131 0.000715 0.000603 0.000575 0.000568 0.000566 0.000566 0.000566 0.000566 0.000566 0.000566 0.000566 0.000566 0.000566 0.000566 0.000566 0.000566 0.000566 0.000566 0.000566 0.000566 0.000566 0.000566 0.000566 0.000566 0.000565 0.000565 0.000562 0.000557 0.000545 0.000522 0.000478 0.000405 0.000298 0.000159 0.000000 
50.000000 36.859052 25.139876 15.804633 9.142825 4.867042 2.387388 1.081676 0.454282 0.177857 0.065662 0.023528 0.008827 0.004044 0.002588 0.002172 0.002059 0.002031 0.002024 0.002023 0.002022 0.002022 0.002022 0.002022 0.002022 0.002022 0.002022 0.002022 0.002022 0.002022 0.002022 0.002022 0.002022 0.002022 0.002022 0.002022 0.002022 0.002022 0.002022 0.002021 0.002018 0.002011 0.001992 0.001951 0.001867 0.001711 0.001453 0.001070 0.000571 0.000000 
50.000000 36.860318 25.142268 15.807920 9.146748 4.871370 2.391950 1.086359 0.459024 0.182625 0.070439 0.028309 0.013610 0.008827 0.007371 0.006955 0.006843 0.006814 0.006807 0.006806 0.006805 0.006805 0.006805 0.006805 0.006805 0.006805 0.006805 0.006805 0.006805 0.006805 0.006805 0.006805 0.006805 0.006805 0.006805 0.006805 0.006805 0.006805 0.006804 0.006801 0.006792 0.006767 0.006708 0.006572 0.006294 0.005776 0.004910 0.003623 0.001936 0.000000 
50.000000 36.864204 25.149615 15.818016 9.158798 4.884669 2.405967 1.100753 0.473598 0.197277 0.085123 0.043004 0.028309 0.023528 0.022072 0.021656 0.021544 0.021515 0.021508 0.021507 0.021506 0.021506 0.021506 0.021506 0.021506 0.021506 0.021506 0.021506 0.021506 0.021506 0.021506 0.021506 0.021506 0.021506 0.021506 0.021506 0.021506 0.021505 0.021502 0.021493 0.021465 0.021391 0.021209 0.020793 0.019931 0.018316 0.015597 0.011530 0.006170 0.000000 
50.000000 36.875333 25.170657 15.846936 9.193321 4.922773 2.446137 1.142005 0.515365 0.239270 0.127208 0.085123 0.070439 0.065662 0.064207 0.063791 0.063679 0.063651 0.063644 0.063643 0.063642 0.063642 0.063642 0.063642 0.063642 0.063642 0.063642 0.063642 0.063642 0.063642 0.063642 0.063642 0.063642 0.063642 0.063642 0.063642 0.063641 0.063639 0.063630 0.063604 0.063527 0.063319 0.062800 0.061611 0.059128 0.054431 0.046457 0.034425 0.018456 0.000000 
50.000000 36.904942 25.226646 15.923899 9.285209 5.024206 2.553082 1.251838 0.626580 0.351089 0.239270 0.197277 0.182625 0.177857 0.176406 0.175991 0.175879 0.175851 0.175844 0.175842 0.175842 0.175842 0.175842 0.175842 0.175842 0.175842 0.175842 0.175842 0.175842 0.175842 0.175842 0.175842 0.175842 0.175842 0.175842 0.175841 0.175839 0.175833 0.175811 0.175743 0.175545 0.175003 0.173643 0.170500 0.163868 0.151188 0.129416 0.096203 0.051712 0.000000 
50.000000 36.977835 25.364495 16.113409 9.511504 5.274042 2.816524 1.522417 0.900573 0.626580 0.515365 0.473598 0.459024 0.454282 0.452838 0.452426 0.452314 0.452286 0.452279 0.452278 0.452277 0.452277 0.452277 0.452277 0.452277 0.452277 0.452277 0.452277 0.452277 0.452277 0.452277 0.452277 0.452277 0.452277 0.452277 0.452276 0.452272 0.452257 0.452206 0.452047 0.451576 0.450286 0.447014 0.439374 0.423059 0.391442 0.336367 0.251118 0.135471 0.000000 
50.000000 37.143157 25.677161 16.543306 10.024914 5.840935 3.414351 2.136484 1.522417 1.251838 1.142005 1.100753 1.086359 1.081676 1.080249 1.079842 1.079732 1.079704 1.079697 1.079696 1.079695 1.079695 1.079695 1.079695 1.079695 1.079695 1.079695 1.079695 1.079695 1.079695 1.079695 1.079695 1.079695 1.079695 1.079694 1.079692 1.079683 1.079652 1.079545 1.079205 1.078195 1.075403 1.068242 1.051308 1.014607 0.942271 0.813879 0.611248 0.331483 0.000000 
50.000000 37.486982 26.327476 17.437551 11.093012 7.020439 4.658338 3.414351 2.816524 2.553082 2.446137 2.405967 2.391950 2.387388 2.385999 2.385601 2.385494 2.385467 2.385461 2.385459 2.385459 2.385459 2.385459 2.385459 2.385459 2.385459 2.385459 2.385459 2.385459 2.385459 2.385459 2.385459 2.385459 2.385458 2.385457 2.385453 2.385437 2.385377 2.385174 2.384526 2.382583 2.377150 2.363043 2.329169 2.254403 2.103844 1.829977 1.386161 0.757716 0.000000 
50.000000 38.139529 27.561796 19.135034 13.120740 9.259903 7.020439 5.840935 5.274042 5.024206 4.922773 4.884669 4.871370 4.867042 4.865724 4.865347 4.865245 4.865220 4.865213 4.865212 4.865212 4.865212 4.865212 4.865212 4.865212 4.865212 4.865212 4.865212 4.865212 4.865212 4.865212 4.865211 4.865211 4.865211 4.865209 4.865202 4.865175 4.865076 4.864738 4.863645 4.860338 4.850983 4.826327 4.766036 4.629951 4.348354 3.819262 2.929707 1.621944 0.000000 
50.000000 39.264130 29.689161 22.060926 16.616214 13.120740 11.093012 10.024914 9.511504 9.285209 9.193321 9.158798 9.146748 9.142825 9.141630 9.141288 9.141196 9.141173 9.141167 9.141166 9.141166 9.141166 9.141166 9.141166 9.141166 9.141166 9.141166 9.141166 9.141166 9.141166 9.141166 9.141166 9.141165 9.141165 9.141162 9.141152 9.141114 9.140972 9.140483 9.138890 9.134021 9.120061 9.082643 8.989168 8.772386 8.308107 7.397417 5.784506 3.272405 0.000000 
50.000000 41.015489 33.002313 26.618046 22.060926 19.135034 17.437551 16.543306 16.113409 15.923899 15.846936 15.818016 15.807920 15.804633 15.803631 15.803345 15.803268 15.803248 15.803243 15.803242 15.803242 15.803242 15.803242 15.803242 15.803242 15.803242 15.803242 15.803242 15.803242 15.803242 15.803242 15.803242 15.803242 15.803241 15.803238 15.803226 15.803180 15.803010 15.802419 15.800480 15.794482 15.777042 15.729428 15.607574 15.315772 14.663508 13.309023 10.724284 6.309928 0.000000 
50.000000 43.468798 37.643578 33.002313 29.689161 27.561796 26.327476 25.677161 25.364495 25.226646 25.170657 25.149615 25.142268 25.139876 25.139146 25.138938 25.138882 25.138867 25.138864 25.138863 25.138863 25.138863 25.138863 25.138863 25.138863 25.138863 25.138863 25.138863 25.138863 25.138863 25.138863 25.138863 25.138863 25.138862 25.138859 25.138848 25.138805 25.138645 25.138085 25.136232 25.130443 25.113377 25.065913 24.941315 24.632089 23.904654 22.278030 18.821789 11.944976 0.000000 
50.000000 46.547843 43.468798 41.015489 39.264130 38.139529 37.486982 37.143157 36.977835 36.904942 36.875333 36.864204 36.860318 36.859052 36.858666 36.858556 36.858526 36.858519 36.858517 36.858517 36.858516 36.858516 36.858516 36.858516 36.858516 36.858516 36.858516 36.858516 36.858516 36.858516 36.858516 36.858516 36.858516 36.858516 36.858514 36.858507 36.858481 36.858382 36.858034 36.856876 36.853230 36.842364 36.811674 36.729266 36.517585 35.991725 34.705560 31.523822 23.273921 0.000000 
50.000000 50.000000 50.000000 50.000000 50.000000 50.000000 50.000000 50.000000 50.000000 50.000000 50.000000 50.000000 50.000000 50.000000 50.000000 50.000000 50.000000 50.000000 50.000000 50.000000 50.000000 50.000000 50.000000 50.000000 50.000000 50.000000 50.000000 50.000000 50.000000 50.000000 50.000000 50.000000 50.000000 50.000000 50.000000 50.000000 50.000000 50.000000 50.000000 50.000000 50.000000 50.000000 50.000000 50.000000 50.000000 50.000000 50.000000 50.000000 50.000000 50.000000 
