50.000000 50.000000 50.000000 50.000000 50.000000 50.000000 50.000000 50.000000 50.000000 50.000000 50.000000 50.000000 50.000000 50.000000 50.000000 50.000000 50.000000 50.000000 50.000000 50.000000 50.000000 50.000000 50.000000 50.000000 50.000000 50.000000 50.000000 50.000000 50.000000 50.000000 50.000000 50.000000 50.000000 50.000000 50.000000 50.000000 50.000000 50.000000 50.000000 50.000000 50.000000 50.000000 50.000000 50.000000 50.000000 50.000000 50.000000 50.000000 50.000000 50.000000 
50.000000 49.058051 48.143958 47.283106 46.496308 45.798349 45.197352 44.694957 44.287187 43.965780 43.719713 43.536694 43.404417 43.311492 43.248025 43.205870 43.178632 43.161508 43.151028 43.144783 43.141159 43.139109 43.137979 43.137370 43.137047 43.136875 43.136772 43.136688 43.136579 43.136392 43.136042 43.135382 43.134154 43.131911 43.127892 43.120823 43.108610 43.087854 43.053103 42.995668 42.901694 42.748900 42.500711 42.094928 41.419830 40.258556 38.145067 33.947652 24.529026 0.000000 
50.000000 48.143958 46.342804 44.646559 43.096232 41.720958 40.536743 39.546815 38.743340 38.110035 37.625185 37.264565 37.003926 36.820827 36.695773 36.612712 36.559044 36.525302 36.504653 36.492349 36.485208 36.481170 36.478943 36.477744 36.477108 36.476769 36.476568 36.476406 36.476198 36.475843 36.475180 36.473930 36.471610 36.467377 36.459806 36.446515 36.423607 36.384794 36.320066 36.213633 36.040686 35.762160 35.315915 34.601209 33.450098 31.572941 28.454408 23.171402 14.196306 0.000000 
50.000000 47.283106 44.646559 42.163582 39.894203 37.881072 36.147616 34.698562 33.522441 32.595418 31.885702 31.357835 30.976319 30.708306 30.525258 30.403677 30.325122 30.275733 30.245509 30.227499 30.217047 30.211136 30.207877 30.206121 30.205192 30.204697 30.204407 30.204177 30.203889 30.203400 30.202491 30.200782 30.197614 30.191849 30.181562 30.163562 30.132653 30.080533 29.994133 29.853156 29.626383 29.266088 28.699469 27.815378 26.443915 24.326751 21.081791 16.192151 9.138039 0.000000 
50.000000 46.496308 43.096232 39.894203 36.967634 34.371525 32.136088 30.267419 28.750723 27.555263 26.640041 25.959327 25.467344 25.121732 24.885685 24.728905 24.627607 24.563920 24.524946 24.501723 24.488245 24.480624 24.476421 24.474158 24.472962 24.472326 24.471958 24.471674 24.471328 24.470750 24.469681 24.467677 24.463972 24.457249 24.445294 24.424459 24.388857 24.329183 24.231000 24.072298 23.820067 23.425520 22.817604 21.894519 20.513773 18.483817 15.567452 11.523291 6.237752 0.000000 
50.000000 45.798349 41.720958 37.881072 34.371525 31.258276 28.577552 26.336664 24.517867 23.084298 21.986791 21.170505 20.580542 20.166102 19.883051 19.695052 19.573584 19.497217 19.450484 19.422638 19.406478 19.397339 19.392301 19.389589 19.388155 19.387397 19.386964 19.386642 19.386264 19.385644 19.384505 19.382379 19.378461 19.371376 19.358827 19.337060 19.300078 19.238515 19.138070 18.977382 18.725256 18.337184 17.751294 16.884315 15.629138 13.857752 11.437157 8.270860 4.378519 0.000000 
50.000000 45.197352 40.536743 36.147616 32.136088 28.577552 25.513419 22.952039 20.873129 19.234550 17.980100 17.047092 16.372775 15.899083 15.575566 15.360692 15.221862 15.134581 15.081169 15.049344 15.030874 15.020431 15.014673 15.011574 15.009939 15.009077 15.008593 15.008247 15.007859 15.007241 15.006115 15.004024 15.000184 14.993268 14.981072 14.960027 14.924490 14.865765 14.770791 14.620461 14.387608 14.034782 13.512204 12.756709 11.693238 10.241569 8.332238 5.935534 3.102424 0.000000 
50.000000 44.694957 39.546815 34.698562 30.267419 26.336664 22.952039 20.122766 17.826437 16.016502 14.630877 13.600314 12.855497 12.332285 11.974951 11.737619 11.584281 11.487879 11.428887 11.393738 11.373339 11.361805 11.355446 11.352025 11.350222 11.349276 11.348753 11.348396 11.348018 11.347436 11.346390 11.344457 11.340922 11.334581 11.323453 11.304355 11.272311 11.219754 11.135503 11.003532 10.801635 10.500179 10.061383 9.439835 8.585370 7.449815 5.999094 4.230900 2.194247 0.000000 
50.000000 44.287187 38.743340 33.522441 28.750723 24.517867 20.873129 17.826437 15.353659 13.404660 11.912584 10.802856 10.000832 9.437438 9.052666 8.797113 8.632004 8.528203 8.464684 8.426838 8.404875 8.392456 8.385611 8.381929 8.379989 8.378977 8.378427 8.378068 8.377715 8.377192 8.376269 8.374576 8.371492 8.365986 8.356370 8.339958 8.312597 8.268051 8.197254 8.087459 7.921427 7.676829 7.326258 6.838347 6.180683 5.325203 4.256353 2.981180 1.538287 0.000000 
50.000000 43.965780 38.110035 32.595418 27.555263 23.084298 19.234550 16.016502 13.404660 11.346068 9.770101 8.597990 7.750886 7.155831 6.749440 6.479530 6.305148 6.195519 6.128434 6.088463 6.065268 6.052153 6.044924 6.041037 6.038992 6.037928 6.037360 6.037007 6.036685 6.036235 6.035457 6.034043 6.031480 6.026925 6.019008 6.005570 5.983307 5.947320 5.890592 5.803436 5.673034 5.483233 5.214867 4.846941 4.359042 3.735196 2.969034 2.069349 1.064085 0.000000 
50.000000 43.719713 37.625185 31.885702 26.640041 21.986791 17.980100 14.630877 11.912584 9.770101 8.129923 6.910063 6.028457 5.409171 4.986236 4.705341 4.523863 4.409774 4.339961 4.298365 4.274227 4.260580 4.253058 4.249014 4.246888 4.245787 4.245207 4.244863 4.244576 4.244201 4.243573 4.242441 4.240403 4.236797 4.230560 4.220029 4.202688 4.174848 4.131297 4.064961 3.966666 3.825124 3.627345 3.359639 3.009410 2.567743 2.032546 1.411552 0.724045 0.000000 
50.000000 43.536694 37.264565 31.357835 25.959327 21.170505 17.047092 13.600314 10.802856 8.597990 6.910063 5.654698 4.747440 4.110139 3.674903 3.385842 3.199089 3.081685 3.009845 2.967042 2.942203 2.928160 2.920420 2.916260 2.914075 2.912947 2.912361 2.912027 2.911773 2.911470 2.910980 2.910110 2.908554 2.905813 2.901095 2.893171 2.880196 2.859498 2.827349 2.778766 2.707398 2.605603 2.464811 2.276301 2.032435 1.728328 1.363702 0.944499 0.483592 0.000000 
50.000000 43.404417 37.003926 30.976319 25.467344 20.580542 16.372775 12.855497 10.000832 7.750886 6.028457 4.747440 3.821647 3.171331 2.727210 2.432250 2.241688 2.121890 2.048585 2.004910 1.979566 1.965237 1.957340 1.953096 1.950869 1.949722 1.949132 1.948809 1.948585 1.948343 1.947973 1.947329 1.946185 1.944180 1.940744 1.935003 1.925652 1.910824 1.887942 1.853609 1.803566 1.732780 1.635743 1.507010 1.342027 1.138161 0.895786 0.619132 0.316563 0.000000 
50.000000 43.311492 36.820827 30.708306 25.121732 20.166103 15.899083 12.332285 9.437438 7.155831 5.409171 4.110139 3.171331 2.511876 2.061517 1.762415 1.569179 1.447700 1.373367 1.329081 1.303382 1.288852 1.280845 1.276543 1.274286 1.273126 1.272535 1.272221 1.272021 1.271830 1.271559 1.271097 1.270286 1.268871 1.266458 1.262443 1.255938 1.245679 1.229943 1.206483 1.172524 1.124841 1.059974 0.974593 0.866024 0.732875 0.575653 0.397220 0.202882 0.000000 
50.000000 43.248025 36.695773 30.525258 24.885685 19.883051 15.575566 11.974951 9.052666 6.749440 4.986236 3.674903 2.727210 2.061517 1.606899 1.304970 1.109909 0.987284 0.912250 0.867545 0.841604 0.826938 0.818856 0.814514 0.812237 0.811069 0.810477 0.810171 0.809991 0.809839 0.809643 0.809323 0.808766 0.807801 0.806163 0.803450 0.799074 0.792208 0.781733 0.766207 0.743870 0.712708 0.670597 0.615540 0.545991 0.461227 0.361697 0.249258 0.127201 0.000000 
50.000000 43.205870 36.612712 30.403677 24.728905 19.695052 15.360693 11.737620 8.797113 6.479531 4.705341 3.385842 2.432250 1.762415 1.304971 1.001166 0.804893 0.681507 0.606008 0.561026 0.534925 0.520168 0.512036 0.507667 0.505377 0.504204 0.503612 0.503313 0.503147 0.503024 0.502884 0.502667 0.502297 0.501660 0.500584 0.498809 0.495959 0.491507 0.484748 0.474783 0.460524 0.440744 0.414168 0.379621 0.336225 0.283611 0.222116 0.152906 0.077978 0.000000 
50.000000 43.178633 36.559045 30.325123 24.627607 19.573585 15.221863 11.584282 8.632005 6.305150 4.523864 3.199091 2.241689 1.569180 1.109910 0.804894 0.607839 0.483962 0.408162 0.363002 0.336797 0.321981 0.313818 0.309432 0.307133 0.305956 0.305366 0.305070 0.304915 0.304813 0.304713 0.304569 0.304330 0.303922 0.303237 0.302111 0.300311 0.297511 0.293279 0.287069 0.278226 0.266020 0.249703 0.228597 0.202210 0.170359 0.133275 0.091668 0.046722 0.000000 
50.000000 43.161508 36.525304 30.275735 24.563922 19.497220 15.134584 11.487882 8.528206 6.195522 4.409778 3.081689 2.121894 1.447704 0.987287 0.681510 0.483964 0.359779 0.283790 0.238518 0.212248 0.197395 0.189212 0.184815 0.182511 0.181332 0.180742 0.180450 0.180301 0.180214 0.180140 0.180046 0.179895 0.179642 0.179219 0.178526 0.177422 0.175713 0.173139 0.169378 0.164046 0.156717 0.146964 0.134402 0.118761 0.099952 0.078123 0.053695 0.027355 0.000000 
50.000000 43.151029 36.504656 30.245513 24.524951 19.450490 15.081176 11.428894 8.464692 6.128442 4.339969 3.009854 2.048594 1.373377 0.912259 0.606016 0.408170 0.283796 0.207692 0.162351 0.136041 0.121166 0.112970 0.108567 0.106260 0.105080 0.104490 0.104200 0.104056 0.103978 0.103922 0.103860 0.103767 0.103614 0.103360 0.102946 0.102289 0.101274 0.099752 0.097537 0.094408 0.090125 0.084445 0.077158 0.068117 0.057278 0.044735 0.030728 0.015649 0.000000 
50.000000 43.144786 36.492356 30.227508 24.501735 19.422652 15.049360 11.393755 8.426857 6.088483 4.298386 2.967063 2.004932 1.329102 0.867567 0.561048 0.363023 0.238536 0.162364 0.116982 0.090648 0.075761 0.067557 0.063150 0.060841 0.059661 0.059071 0.058782 0.058641 0.058569 0.058525 0.058483 0.058426 0.058336 0.058187 0.057946 0.057566 0.056980 0.056104 0.054834 0.053046 0.050607 0.047383 0.043261 0.038162 0.032066 0.025027 0.017182 0.008747 0.000000 
50.000000 43.141166 36.485223 30.217068 24.488272 19.406510 15.030911 11.373380 8.404918 6.065314 4.274275 2.942252 1.979615 1.303432 0.841655 0.534975 0.336846 0.212294 0.136082 0.090677 0.064330 0.049434 0.041227 0.036817 0.034507 0.033326 0.032737 0.032449 0.032310 0.032241 0.032204 0.032174 0.032139 0.032087 0.032002 0.031866 0.031651 0.031322 0.030831 0.030121 0.029125 0.027770 0.025984 0.023708 0.020899 0.017549 0.013689 0.009394 0.004781 0.000000 
50.000000 43.139126 36.481203 30.211183 24.480685 19.397412 15.020513 11.361896 8.392553 6.052255 4.260686 2.928269 1.965348 1.288964 0.827051 0.520281 0.322094 0.197506 0.121271 0.075853 0.049498 0.034598 0.026388 0.021977 0.019667 0.018485 0.017896 0.017608 0.017470 0.017404 0.017370 0.017348 0.017327 0.017296 0.017249 0.017174 0.017055 0.016874 0.016605 0.016216 0.015673 0.014936 0.013968 0.012737 0.011221 0.009417 0.007342 0.005037 0.002563 0.000000 
50.000000 43.138015 36.479014 30.207981 24.476555 19.392461 15.014854 11.355646 8.385825 6.045149 4.253291 2.920660 1.957583 1.281091 0.819104 0.512285 0.314066 0.189458 0.113211 0.067786 0.041426 0.026524 0.018313 0.013902 0.011591 0.010409 0.009820 0.009533 0.009395 0.009331 0.009299 0.009281 0.009267 0.009249 0.009223 0.009181 0.009116 0.009018 0.008871 0.008661 0.008367 0.007970 0.007450 0.006789 0.005978 0.005014 0.003908 0.002680 0.001363 0.000000 
50.000000 43.137448 36.477897 30.206345 24.474446 19.389931 15.011964 11.352454 8.382388 6.041519 4.249514 2.916773 1.953618 1.277070 0.815045 0.508201 0.309966 0.185348 0.109095 0.063666 0.037304 0.022401 0.014189 0.009777 0.007466 0.006285 0.005695 0.005408 0.005271 0.005207 0.005177 0.005161 0.005150 0.005139 0.005124 0.005100 0.005063 0.005007 0.004925 0.004807 0.004642 0.004420 0.004129 0.003761 0.003310 0.002775 0.002162 0.001482 0.000754 0.000000 
50.000000 43.137211 36.477430 30.205662 24.473565 19.388875 15.010757 11.351121 8.380953 6.040004 4.247937 2.915150 1.951962 1.275392 0.813351 0.506496 0.308254 0.183632 0.107376 0.061945 0.035583 0.020679 0.012467 0.008055 0.005744 0.004563 0.003973 0.003686 0.003550 0.003486 0.003456 0.003441 0.003432 0.003424 0.003413 0.003397 0.003372 0.003334 0.003278 0.003199 0.003088 0.002939 0.002745 0.002499 0.002198 0.001843 0.001435 0.000983 0.000500 0.000000 
50.000000 43.137211 36.477430 30.205662 24.473565 19.388875 15.010757 11.351121 8.380953 6.040004 4.247937 2.915150 1.951962 1.275392 0.813351 0.506496 0.308254 0.183632 0.107376 0.061945 0.035583 0.020679 0.012467 0.008055 0.005744 0.004563 0.003973 0.003686 0.003550 0.003486 0.003456 0.003441 0.003432 0.003424 0.003413 0.003397 0.003372 0.003334 0.003278 0.003199 0.003088 0.002939 0.002745 0.002499 0.002198 0.001843 0.001435 0.000983 0.000500 0.000000 
50.000000 43.137448 36.477897 30.206345 24.474446 19.389931 15.011964 11.352454 8.382388 6.041519 4.249514 2.916773 1.953618 1.277070 0.815045 0.508201 0.309966 0.185348 0.109095 0.063666 0.037304 0.022401 0.014189 0.009777 0.007466 0.006285 0.005695 0.005408 0.005271 0.005207 0.005177 0.005161 0.005150 0.005139 0.005124 0.005100 0.005063 0.005007 0.004925 0.004807 0.004642 0.004420 0.004129 0.003761 0.003310 0.002775 0.002162 0.001482 0.000754 0.000000 
50.000000 43.138015 36.479014 30.207981 24.476555 19.392461 15.014854 11.355646 8.385825 6.045149 4.253291 2.920660 1.957583 1.281091 0.819104 0.512285 0.314066 0.189458 0.113211 0.067786 0.041426 0.026524 0.018313 0.013902 0.011591 0.010409 0.009820 0.009533 0.009395 0.009331 0.009299 0.009281 0.009267 0.009249 0.009223 0.009181 0.009116 0.009018 0.008871 0.008661 0.008367 0.007970 0.007450 0.006789 0.005978 0.005014 0.003908 0.002680 0.001363 0.000000 
50.000000 43.139126 36.481203 30.211183 24.480685 19.397412 15.020513 11.361896 8.392553 6.052255 4.260686 2.928269 1.965348 1.288964 0.827051 0.520281 0.322094 0.197506 0.121271 0.075853 0.049498 0.034598 0.026388 0.021977 0.019667 0.018485 0.017896 0.017608 0.017470 0.017404 0.017370 0.017348 0.017327 0.017296 0.017249 0.017174 0.017055 0.016874 0.016605 0.016216 0.015673 0.014936 0.013968 0.012737 0.011221 0.009417 0.007342 0.005037 0.002563 0.000000 
50.000000 43.141166 36.485223 30.217068 24.488272 19.406510 15.030911 11.373380 8.404918 6.065314 4.274275 2.942252 1.979615 1.303432 0.841655 0.534975 0.336846 0.212294 0.136082 0.090677 0.064330 0.049434 0.041227 0.036817 0.034507 0.033326 0.032737 0.032449 0.032310 0.032241 0.032204 0.032174 0.032139 0.032087 0.032002 0.031866 0.031651 0.031322 0.030831 0.030121 0.029125 0.027770 0.025984 0.023708 0.020899 0.017549 0.013689 0.009394 0.004781 0.000000 
50.000000 43.144786 36.492356 30.227508 24.501735 19.422652 15.049360 11.393755 8.426857 6.088483 4.298386 2.967063 2.004932 1.329102 0.867567 0.561048 0.363023 0.238536 0.162364 0.116982 0.090648 0.075761 0.067557 0.063150 0.060841 0.059661 0.059071 0.058782 0.058641 0.058569 0.058525 0.058483 0.058426 0.058336 0.058187 0.057946 0.057566 0.056980 0.056104 0.054834 0.053046 0.050607 0.047383 0.043261 0.038162 0.032066 0.025027 0.017182 0.008747 0.000000 
50.000000 43.151029 36.504656 30.245513 24.524951 19.450490 15.081176 11.428894 8.464692 6.128442 4.339969 3.009854 2.048594 1.373377 0.912259 0.606016 0.408170 0.283796 0.207692 0.162351 0.136041 0.121166 0.112970 0.108567 0.106260 0.105080 0.104490 0.104200 0.104056 0.103978 0.103922 0.103860 0.103767 0.103614 0.103360 0.102946 0.102289 0.101274 0.099752 0.097537 0.094408 0.090125 0.084445 0.077158 0.068117 0.057278 0.044735 0.030728 0.015649 0.000000 
50.000000 43.161508 36.525304 30.275735 24.563922 19.497220 15.134584 11.487882 8.528206 6.195522 4.409778 3.081689 2.121894 1.447704 0.987287 0.681510 0.483964 0.359779 0.283790 0.238518 0.212248 0.197395 0.189212 0.184815 0.182511 0.181332 0.180742 0.180450 0.180301 0.180214 0.180140 0.180046 0.179895 0.179642 0.179219 0.178526 0.177422 0.175713 0.173139 0.169378 0.164046 0.156717 0.146964 0.134402 0.118761 0.099952 0.078123 0.053695 0.027355 0.000000 
50.000000 43.178633 36.559045 30.325123 24.627607 19.573585 15.221863 11.584282 8.632005 6.305150 4.523864 3.199091 2.241689 1.569180 1.109910 0.804894 0.607839 0.483962 0.408162 0.363002 0.336797 0.321981 0.313818 0.309432 0.307133 0.305956 0.305366 0.305070 0.304915 0.304813 0.304713 0.304569 0.304330 0.303922 0.303237 0.302111 0.300311 0.297511 0.293279 0.287069 0.278226 0.266020 0.249703 0.228597 0.202210 0.170359 0.133275 0.091668 0.046722 0.000000 
50.000000 43.205870 36.612712 30.403677 24.728905 19.695052 15.360693 11.737620 8.797113 6.479531 4.705341 3.385842 2.432250 1.762415 1.304971 1.001166 0.804893 0.681507 0.606008 0.561026 0.534925 0.520168 0.512036 0.507667 0.505377 0.504204 0.503612 0.503313 0.503147 0.503024 0.502884 0.502667 0.502297 0.501660 0.500584 0.498809 0.495959 0.491507 0.484748 0.474783 0.460524 0.440744 0.414168 0.379621 0.336225 0.283611 0.222116 0.152906 0.077978 0.000000 
50.000000 43.248025 36.695773 30.525258 24.885685 19.883051 15.575566 11.974951 9.052666 6.749440 4.986236 3.674903 2.727210 2.061517 1.606899 1.304970 1.109909 0.987284 0.912250 0.867545 0.841604 0.826938 0.818856 0.814514 0.812237 0.811069 0.810477 0.810171 0.809991 0.809839 0.809643 0.809323 0.808766 0.807801 0.806163 0.803450 0.799074 0.792208 0.781733 0.766207 0.743870 0.712708 0.670597 0.615540 0.545991 0.461227 0.361697 0.249258 0.127201 0.000000 
50.000000 43.311492 36.820827 30.708306 25.121732 20.166103 15.899083 12.332285 9.437438 7.155831 5.409171 4.110139 3.171331 2.511876 2.061517 1.762415 1.569179 1.447700 1.373367 1.329081 1.303382 1.288852 1.280845 1.276543 1.274286 1.273126 1.272535 1.272221 1.272021 1.271830 1.271559 1.271097 1.270286 1.268871 1.266458 1.262443 1.255938 1.245679 1.229943 1.206483 1.172524 1.124841 1.059974 0.974593 0.866024 0.732875 0.575653 0.397220 0.202882 0.000000 
50.000000 43.404417 37.003926 30.976319 25.467344 20.580542 16.372775 12.855497 10.000832 7.750886 6.028457 4.747440 3.821647 3.171331 2.727210 2.432250 2.241688 2.121890 2.048585 2.004910 1.979566 1.965237 1.957340 1.953096 1.950869 1.949722 1.949132 1.948809 1.948585 1.948343 1.947973 1.947329 1.946185 1.944180 1.940744 1.935003 1.925652 1.910824 1.887942 1.853609 1.803566 1.732780 1.635743 1.507010 1.342027 1.138161 0.895786 0.619132 0.316563 0.000000 
50.000000 43.536694 37.264565 31.357835 25.959327 21.170505 17.047092 13.600314 10.802856 8.597990 6.910063 5.654698 4.747440 4.110139 3.674903 3.385842 3.199089 3.081685 3.009845 2.967042 2.942203 2.928160 2.920420 2.916260 2.914075 2.912947 2.912361 2.912027 2.911773 2.911470 2.910980 2.910110 2.908554 2.905813 2.901095 2.893171 2.880196 2.859498 2.827349 2.778766 2.707398 2.605603 2.464811 2.276301 2.032435 1.728328 1.363702 0.944499 0.483592 0.000000 
50.000000 43.719713 37.625185 31.885702 26.640041 21.986791 17.980100 14.630877 11.912584 9.770101 8.129923 6.910063 6.028457 5.409171 4.986236 4.705341 4.523863 4.409774 4.339961 4.298365 4.274227 4.260580 4.253058 4.249014 4.246888 4.245787 4.245207 4.244863 4.244576 4.244201 4.243573 4.242441 4.240403 4.236797 4.230560 4.220029 4.202688 4.174848 4.131297 4.064961 3.966666 3.825124 3.627345 3.359639 3.009410 2.567743 2.032546 1.411552 0.724045 0.000000 
50.000000 43.965780 38.110035 32.595418 27.555263 23.084298 19.234550 16.016502 13.404660 11.346068 9.770101 8.597990 7.750886 7.155831 6.749440 6.479530 6.305148 6.195519 6.128434 6.088463 6.065268 6.052153 6.044924 6.041037 6.038992 6.037928 6.037360 6.037007 6.036685 6.036235 6.035457 6.034043 6.031480 6.026925 6.019008 6.005570 5.983307 5.947320 5.890592 5.803436 5.673034 5.483233 5.214867 4.846941 4.359042 3.735196 2.969034 2.069349 1.064085 0.000000 
50.000000 44.287187 38.743340 33.522441 28.750723 24.517867 20.873129 17.826437 15.353659 13.404660 11.912584 10.802856 10.000832 9.437438 9.052666 8.797113 8.632004 8.528203 8.464684 8.426838 8.404875 8.392456 8.385611 8.381929 8.379989 8.378977 8.378427 8.378068 8.377715 8.377192 8.376269 8.374576 8.371492 8.365986 8.356370 8.339958 8.312597 8.268051 8.197254 8.087459 7.921427 7.676829 7.326258 6.838347 6.180683 5.325203 4.256353 2.981180 1.538287 0.000000 
50.000000 44.694957 39.546815 34.698562 30.267419 26.336664 22.952039 20.122766 17.826437 16.016502 14.630877 13.600314 12.855497 12.332285 11.974951 11.737619 11.584281 11.487879 11.428887 11.393738 11.373339 11.361805 11.355446 11.352025 11.350222 11.349276 11.348753 11.348396 11.348018 11.347436 11.346390 11.344457 11.340922 11.334581 11.323453 11.304355 11.272311 11.219754 11.135503 11.003532 10.801635 10.500179 10.061383 9.439835 8.585370 7.449815 5.999094 4.230900 2.194247 0.000000 
50.000000 45.197352 40.536743 36.147616 32.136088 28.577552 25.513419 22.952039 20.873129 19.234550 17.980100 17.047092 16.372775 15.899083 15.575566 15.360692 15.221862 15.134581 15.081169 15.049344 15.030874 15.020431 15.014673 15.011574 15.009939 15.009077 15.008593 15.008247 15.007859 15.007241 15.006115 15.004024 15.000184 14.993268 14.981072 14.960027 14.924490 14.865765 14.770791 14.620461 14.387608 14.034782 13.512204 12.756709 11.693238 10.241569 8.332238 5.935534 3.102424 0.000000 
50.000000 45.798349 41.720958 37.881072 34.371525 31.258276 28.577552 26.336664 24.517867 23.084298 21.986791 21.170505 20.580542 20.166102 19.883051 19.695052 19.573584 19.497217 19.450484 19.422638 19.406478 19.397339 19.392301 19.389589 19.388155 19.387397 19.386964 19.386642 19.386264 19.385644 19.384505 19.382379 19.378461 19.371376 19.358827 19.337060 19.300078 19.238515 19.138070 18.977382 18.725256 18.337184 17.751294 16.884315 15.629138 13.857752 11.437157 8.270860 4.378519 0.000000 
50.000000 46.496308 43.096232 39.894203 36.967634 34.371525 32.136088 30.267419 28.750723 27.555263 26.640041 25.959327 25.467344 25.121732 24.885685 24.728905 24.627607 24.563920 24.524946 24.501723 24.488245 24.480624 24.476421 24.474158 24.472962 24.472326 24.471958 24.471674 24.471328 24.470750 24.469681 24.467677 24.463972 24.457249 24.445294 24.424459 24.388857 24.329183 24.231000 24.072298 23.820067 23.425520 22.817604 21.894519 20.513773 18.483817 15.567452 11.523291 6.237752 0.000000 
50.000000 47.283106 44.646559 42.163582 39.894203 37.881072 36.147616 34.698562 33.522441 32.595418 31.885702 31.357835 30.976319 30.708306 30.525258 30.403677 30.325122 30.275733 30.245509 30.227499 30.217047 30.211136 30.207877 30.206121 30.205192 30.204697 30.204407 30.204177 30.203889 30.203400 30.202491 30.200782 30.197614 30.191849 30.181562 30.163562 30.132653 30.080533 29.994133 29.853156 29.626383 29.266088 28.699469 27.815378 26.443915 24.326751 21.081791 16.192151 9.138039 0.000000 
50.000000 48.143958 46.342804 44.646559 43.096232 41.720958 40.536743 39.546815 38.743340 38.110035 37.625185 37.264565 37.003926 36.820827 36.695773 36.612712 36.559044 36.525302 36.504653 36.492349 36.485208 36.481170 36.478943 36.477744 36.477108 36.476769 36.476568 36.476406 36.476198 36.475843 36.475180 36.473930 36.471610 36.467377 36.459806 36.446515 36.423607 36.384794 36.320066 36.213633 36.040686 35.762160 35.315915 34.601209 33.450098 31.572941 28.454408 23.171402 14.196306 0.000000 
50.000000 49.058051 48.143958 47.283106 46.496308 45.798349 45.197352 44.694957 44.287187 43.965780 43.719713 43.536694 43.404417 43.311492 43.248025 43.205870 43.178632 43.161508 43.151028 43.144783 43.141159 43.139109 43.137979 43.137370 43.137047 43.136875 43.136772 43.136688 43.136579 43.136392 43.136042 43.135382 43.134154 43.131911 43.127892 43.120823 43.108610 43.087854 43.053103 42.995668 42.901694 42.748900 42.500711 42.094928 41.419830 40.258556 38.145067 33.947652 24.529026 0.000000 
50.000000 50.000000 50.000000 50.000000 50.000000 50.000000 50.000000 50.000000 50.000000 50.000000 50.000000 50.000000 50.000000 50.000000 50.000000 50.000000 50.000000 50.000000 50.000000 50.000000 50.000000 50.000000 50.000000 50.000000 50.000000 50.000000 50.000000 50.000000 50.000000 50.000000 50.000000 50.000000 50.000000 50.000000 50.000000 50.000000 50.000000 50.000000 50.000000 50.000000 50.000000 50.000000 50.000000 50.000000 50.000000 50.000000 50.000000 50.000000 50.000000 50.000000 
