50.000000 50.000000 50.000000 50.000000 50.000000 50.000000 50.000000 50.000000 50.000000 50.000000 50.000000 50.000000 50.000000 50.000000 50.000000 50.000000 50.000000 50.000000 50.000000 50.000000 50.000000 50.000000 50.000000 50.000000 50.000000 50.000000 50.000000 50.000000 50.000000 50.000000 50.000000 50.000000 50.000000 50.000000 50.000000 50.000000 50.000000 50.000000 50.000000 50.000000 50.000000 50.000000 50.000000 50.000000 50.000000 50.000000 50.000000 50.000000 50.000000 50.000000 
50.000000 41.493310 35.221449 31.705533 30.150368 29.589450 29.419985 29.376166 29.366299 29.364337 29.363989 29.363933 29.363925 29.363924 29.363924 29.363924 29.363924 29.363924 29.363924 29.363924 29.363924 29.363924 29.363924 29.363924 29.363924 29.363924 29.363924 29.363924 29.363924 29.363924 29.363924 29.363924 29.363924 29.363924 29.363924 29.363924 29.363924 29.363923 29.363923 29.363920 29.363895 29.363731 29.362750 29.357387 29.330817 29.211778 28.728810 26.938584 20.746655 0.000000 
50.000000 35.221449 24.328058 18.223905 15.525337 14.552605 14.258916 14.183029 14.165954 14.162561 14.161959 14.161862 14.161848 14.161847 14.161846 14.161846 14.161846 14.161846 14.161846 14.161846 14.161846 14.161846 14.161846 14.161846 14.161846 14.161846 14.161846 14.161846 14.161846 14.161846 14.161846 14.161846 14.161846 14.161846 14.161846 14.161846 14.161846 14.161846 14.161846 14.161842 14.161814 14.161636 14.160580 14.154928 14.127806 14.012087 13.577717 12.164029 8.282866 0.000000 
50.000000 31.705533 18.223905 10.672671 7.336193 6.134271 5.771631 5.677994 5.656941 5.652762 5.652020 5.651902 5.651884 5.651882 5.651882 5.651882 5.651882 5.651882 5.651882 5.651882 5.651882 5.651882 5.651882 5.651882 5.651882 5.651882 5.651882 5.651882 5.651882 5.651882 5.651882 5.651882 5.651882 5.651882 5.651882 5.651882 5.651882 5.651882 5.651881 5.651879 5.651862 5.651752 5.651107 5.647722 5.631904 5.566934 5.336335 4.646188 2.976723 0.000000 
50.000000 30.150368 15.525337 7.336193 3.719275 2.416910 2.024155 1.922793 1.900015 1.895495 1.894694 1.894566 1.894547 1.894545 1.894545 1.894545 1.894545 1.894545 1.894545 1.894545 1.894545 1.894545 1.894545 1.894545 1.894545 1.894545 1.894545 1.894545 1.894545 1.894545 1.894545 1.894545 1.894545 1.894545 1.894545 1.894545 1.894545 1.894545 1.894544 1.894543 1.894536 1.894487 1.894207 1.892759 1.886125 1.859638 1.769259 1.513250 0.938590 0.000000 
50.000000 29.589450 14.552605 6.134271 2.416910 1.078697 0.675235 0.571138 0.547753 0.543113 0.542291 0.542160 0.542141 0.542138 0.542138 0.542138 0.542138 0.542138 0.542138 0.542138 0.542138 0.542138 0.542138 0.542138 0.542138 0.542138 0.542138 0.542138 0.542138 0.542138 0.542138 0.542138 0.542138 0.542138 0.542138 0.542138 0.542138 0.542138 0.542138 0.542138 0.542135 0.542118 0.542024 0.541538 0.539349 0.530785 0.502367 0.424799 0.258633 0.000000 
50.000000 29.419985 14.258916 5.771631 2.024155 0.675235 0.268589 0.163682 0.140117 0.135443 0.134615 0.134482 0.134463 0.134461 0.134460 0.134460 0.134460 0.134460 0.134460 0.134460 0.134460 0.134460 0.134460 0.134460 0.134460 0.134460 0.134460 0.134460 0.134460 0.134460 0.134460 0.134460 0.134460 0.134460 0.134460 0.134460 0.134460 0.134460 0.134460 0.134460 0.134459 0.134455 0.134428 0.134294 0.133697 0.131396 0.123909 0.103989 0.062598 0.000000 
50.000000 29.376166 14.183029 5.677994 1.922793 0.571138 0.163682 0.058570 0.034960 0.030277 0.029447 0.029315 0.029296 0.029293 0.029293 0.029293 0.029293 0.029293 0.029293 0.029293 0.029293 0.029293 0.029293 0.029293 0.029293 0.029293 0.029293 0.029293 0.029293 0.029293 0.029293 0.029293 0.029293 0.029293 0.029293 0.029293 0.029293 0.029293 0.029293 0.029293 0.029292 0.029291 0.029285 0.029254 0.029115 0.028585 0.026887 0.022449 0.013416 0.000000 
50.000000 29.366299 14.165954 5.656941 1.900015 0.547753 0.140117 0.034960 0.011340 0.006655 0.005825 0.005693 0.005673 0.005671 0.005670 0.005670 0.005670 0.005670 0.005670 0.005670 0.005670 0.005670 0.005670 0.005670 0.005670 0.005670 0.005670 0.005670 0.005670 0.005670 0.005670 0.005670 0.005670 0.005670 0.005670 0.005670 0.005670 0.005670 0.005670 0.005670 0.005670 0.005670 0.005669 0.005662 0.005634 0.005528 0.005190 0.004318 0.002568 0.000000 
50.000000 29.364337 14.162561 5.652762 1.895495 0.543113 0.135443 0.030277 0.006655 0.001970 0.001140 0.001007 0.000988 0.000985 0.000985 0.000985 0.000985 0.000985 0.000985 0.000985 0.000985 0.000985 0.000985 0.000985 0.000985 0.000985 0.000985 0.000985 0.000985 0.000985 0.000985 0.000985 0.000985 0.000985 0.000985 0.000985 0.000985 0.000985 0.000985 0.000985 0.000985 0.000985 0.000985 0.000984 0.000979 0.000960 0.000900 0.000747 0.000443 0.000000 
50.000000 29.363989 14.161959 5.652020 1.894694 0.542291 0.134615 0.029447 0.005825 0.001140 0.000310 0.000177 0.000158 0.000155 0.000155 0.000155 0.000155 0.000155 0.000155 0.000155 0.000155 0.000155 0.000155 0.000155 0.000155 0.000155 0.000155 0.000155 0.000155 0.000155 0.000155 0.000155 0.000155 0.000155 0.000155 0.000155 0.000155 0.000155 0.000155 0.000155 0.000155 0.000155 0.000155 0.000155 0.000154 0.000151 0.000141 0.000117 0.000069 0.000000 
50.000000 29.363933 14.161862 5.651902 1.894566 0.542160 0.134482 0.029315 0.005693 0.001007 0.000177 0.000044 0.000025 0.000023 0.000022 0.000022 0.000022 0.000022 0.000022 0.000022 0.000022 0.000022 0.000022 0.000022 0.000022 0.000022 0.000022 0.000022 0.000022 0.000022 0.000022 0.000022 0.000022 0.000022 0.000022 0.000022 0.000022 0.000022 0.000022 0.000022 0.000022 0.000022 0.000022 0.000022 0.000022 0.000022 0.000020 0.000017 0.000010 0.000000 
50.000000 29.363925 14.161848 5.651884 1.894547 0.542141 0.134463 0.029296 0.005673 0.000988 0.000158 0.000025 0.000006 0.000003 0.000003 0.000003 0.000003 0.000003 0.000003 0.000003 0.000003 0.000003 0.000003 0.000003 0.000003 0.000003 0.000003 0.000003 0.000003 0.000003 0.000003 0.000003 0.000003 0.000003 0.000003 0.000003 0.000003 0.000003 0.000003 0.000003 0.000003 0.000003 0.000003 0.000003 0.000003 0.000003 0.000003 0.000002 0.000001 0.000000 
50.000000 29.363924 14.161847 5.651882 1.894545 0.542138 0.134461 0.029293 0.005671 0.000985 0.000155 0.000023 0.000003 0.000001 0.000000 0.000000 0.000000 0.000000 0.000000 0.000000 0.000000 0.000000 0.000000 0.000000 0.000000 0.000000 0.000000 0.000000 0.000000 0.000000 0.000000 0.000000 0.000000 0.000000 0.000000 0.000000 0.000000 0.000000 0.000000 0.000000 0.000000 0.000000 0.000000 0.000000 0.000000 0.000000 0.000000 0.000000 0.000000 0.000000 
50.000000 29.363924 14.161846 5.651882 1.894545 0.542138 0.134460 0.029293 0.005670 0.000985 0.000155 0.000022 0.000003 0.000000 0.000000 0.000000 0.000000 0.000000 0.000000 0.000000 0.000000 0.000000 0.000000 0.000000 0.000000 0.000000 0.000000 0.000000 0.000000 0.000000 0.000000 0.000000 0.000000 0.000000 0.000000 0.000000 0.000000 0.000000 0.000000 0.000000 0.000000 0.000000 0.000000 0.000000 0.000000 0.000000 0.000000 0.000000 0.000000 0.000000 
50.000000 29.363924 14.161846 5.651882 1.894545 0.542138 0.134460 0.029293 0.005670 0.000985 0.000155 0.000022 0.000003 0.000000 0.000000 0.000000 0.000000 0.000000 0.000000 0.000000 0.000000 0.000000 0.000000 0.000000 0.000000 0.000000 0.000000 0.000000 0.000000 0.000000 0.000000 0.000000 0.000000 0.000000 0.000000 0.000000 0.000000 0.000000 0.000000 0.000000 0.000000 0.000000 0.000000 0.000000 0.000000 0.000000 0.000000 0.000000 0.000000 0.000000 
50.000000 29.363924 14.161846 5.651882 1.894545 0.542138 0.134460 0.029293 0.005670 0.000985 0.000155 0.000022 0.000003 0.000000 0.000000 0.000000 0.000000 0.000000 0.000000 0.000000 0.000000 0.000000 0.000000 0.000000 0.000000 0.000000 0.000000 0.000000 0.000000 0.000000 0.000000 0.000000 0.000000 0.000000 0.000000 0.000000 0.000000 0.000000 0.000000 0.000000 0.000000 0.000000 0.000000 0.000000 0.000000 0.000000 0.000000 0.000000 0.000000 0.000000 
50.000000 29.363924 14.161846 5.651882 1.894545 0.542138 0.134460 0.029293 0.005670 0.000985 0.000155 0.000022 0.000003 0.000000 0.000000 0.000000 0.000000 0.000000 0.000000 0.000000 0.000000 0.000000 0.000000 0.000000 0.000000 0.000000 0.000000 0.000000 0.000000 0.000000 0.000000 0.000000 0.000000 0.000000 0.000000 0.000000 0.000000 0.000000 0.000000 0.000000 0.000000 0.000000 0.000000 0.000000 0.000000 0.000000 0.000000 0.000000 0.000000 0.000000 
50.000000 29.363924 14.161846 5.651882 1.894545 0.542138 0.134460 0.029293 0.005670 0.000985 0.000155 0.000022 0.000003 0.000000 0.000000 0.000000 0.000000 0.000000 0.000000 0.000000 0.000000 0.000000 0.000000 0.000000 0.000000 0.000000 0.000000 0.000000 0.000000 0.000000 0.000000 0.000000 0.000000 0.000000 0.000000 0.000000 0.000000 0.000000 0.000000 0.000000 0.000000 0.000000 0.000000 0.000000 0.000000 0.000000 0.000000 0.000000 0.000000 0.000000 
50.000000 29.363924 14.161846 5.651882 1.894545 0.542138 0.134460 0.029293 0.005670 0.000985 0.000155 0.000022 0.000003 0.000000 0.000000 0.000000 0.000000 0.000000 0.000000 0.000000 0.000000 0.000000 0.000000 0.000000 0.000000 0.000000 0.000000 0.000000 0.000000 0.000000 0.000000 0.000000 0.000000 0.000000 0.000000 0.000000 0.000000 0.000000 0.000000 0.000000 0.000000 0.000000 0.000000 0.000000 0.000000 0.000000 0.000000 0.000000 0.000000 0.000000 
50.000000 29.363924 14.161846 5.651882 1.894545 0.542138 0.134460 0.029293 0.005670 0.000985 0.000155 0.000022 0.000003 0.000000 0.000000 0.000000 0.000000 0.000000 0.000000 0.000000 0.000000 0.000000 0.000000 0.000000 0.000000 0.000000 0.000000 0.000000 0.000000 0.000000 0.000000 0.000000 0.000000 0.000000 0.000000 0.000000 0.000000 0.000000 0.000000 0.000000 0.000000 0.000000 0.000000 0.000000 0.000000 0.000000 0.000000 0.000000 0.000000 0.000000 
50.000000 29.363924 14.161846 5.651882 1.894545 0.542138 0.134460 0.029293 0.005670 0.000985 0.000155 0.000022 0.000003 0.000000 0.000000 0.000000 0.000000 0.000000 0.000000 0.000000 0.000000 0.000000 0.000000 0.000000 0.000000 0.000000 0.000000 0.000000 0.000000 0.000000 0.000000 0.000000 0.000000 0.000000 0.000000 0.000000 0.000000 0.000000 0.000000 0.000000 0.000000 0.000000 0.000000 0.000000 0.000000 0.000000 0.000000 0.000000 0.000000 0.000000 
50.000000 29.363924 14.161846 5.651882 1.894545 0.542138 0.134460 0.029293 0.005670 0.000985 0.000155 0.000022 0.000003 0.000000 0.000000 0.000000 0.000000 0.000000 0.000000 0.000000 0.000000 0.000000 0.000000 0.000000 0.000000 0.000000 0.000000 0.000000 0.000000 0.000000 0.000000 0.000000 0.000000 0.000000 0.000000 0.000000 0.000000 0.000000 0.000000 0.000000 0.000000 0.000000 0.000000 0.000000 0.000000 0.000000 0.000000 0.000000 0.000000 0.000000 
50.000000 29.363924 14.161846 5.651882 1.894545 0.542138 0.134460 0.029293 0.005670 0.000985 0.000155 0.000022 0.000003 0.000000 0.000000 0.000000 0.000000 0.000000 0.000000 0.000000 0.000000 0.000000 0.000000 0.000000 0.000000 0.000000 0.000000 0.000000 0.000000 0.000000 0.000000 0.000000 0.000000 0.000000 0.000000 0.000000 0.000000 0.000000 0.000000 0.000000 0.000000 0.000000 0.000000 0.000000 0.000000 0.000000 0.000000 0.000000 0.000000 0.000000 
50.000000 29.363924 14.161846 5.651882 1.894545 0.542138 0.134460 0.029293 0.005670 0.000985 0.000155 0.000022 0.000003 0.000000 0.000000 0.000000 0.000000 0.000000 0.000000 0.000000 0.000000 0.000000 0.000000 0.000000 0.000000 0.000000 0.000000 0.000000 0.000000 0.000000 0.000000 0.000000 0.000000 0.000000 0.000000 0.000000 0.000000 0.000000 0.000000 0.000000 0.000000 0.000000 0.000000 0.000000 0.000000 0.000000 0.000000 0.000000 0.000000 0.000000 
50.000000 29.363924 14.161846 5.651882 1.894545 0.542138 0.134460 0.029293 0.005670 0.000985 0.000155 0.000022 0.000003 0.000000 0.000000 0.000000 0.000000 0.000000 0.000000 0.000000 0.000000 0.000000 0.000000 0.000000 0.000000 0.000000 0.000000 0.000000 0.000000 0.000000 0.000000 0.000000 0.000000 0.000000 0.000000 0.000000 0.000000 0.000000 0.000000 0.000000 0.000000 0.000000 0.000000 0.000000 0.000000 0.000000 0.000000 0.000000 0.000000 0.000000 
50.000000 29.363924 14.161846 5.651882 1.894545 0.542138 0.134460 0.029293 0.005670 0.000985 0.000155 0.000022 0.000003 0.000000 0.000000 0.000000 0.000000 0.000000 0.000000 0.000000 0.000000 0.000000 0.000000 0.000000 0.000000 0.000000 0.000000 0.000000 0.000000 0.000000 0.000000 0.000000 0.000000 0.000000 0.000000 0.000000 0.000000 0.000000 0.000000 0.000000 0.000000 0.000000 0.000000 0.000000 0.000000 0.000000 0.000000 0.000000 0.000000 0.000000 
50.000000 29.363924 14.161846 5.651882 1.894545 0.542138 0.134460 0.029293 0.005670 0.000985 0.000155 0.000022 0.000003 0.000000 0.000000 0.000000 0.000000 0.000000 0.000000 0.000000 0.000000 0.000000 0.000000 0.000000 0.000000 0.000000 0.000000 0.000000 0.000000 0.000000 0.000000 0.000000 0.000000 0.000000 0.000000 0.000000 0.000000 0.000000 0.000000 0.000000 0.000000 0.000000 0.000000 0.000000 0.000000 0.000000 0.000000 0.000000 0.000000 0.000000 
50.000000 29.363924 14.161846 5.651882 1.894545 0.542138 0.134460 0.029293 0.005670 0.000985 0.000155 0.000022 0.000003 0.000000 0.000000 0.000000 0.000000 0.000000 0.000000 0.000000 0.000000 0.000000 0.000000 0.000000 0.000000 0.000000 0.000000 0.000000 0.000000 0.000000 0.000000 0.000000 0.000000 0.000000 0.000000 0.000000 0.000000 0.000000 0.000000 0.000000 0.000000 0.000000 0.000000 0.000000 0.000000 0.000000 0.000000 0.000000 0.000000 0.000000 
50.000000 29.363924 14.161846 5.651882 1.894545 0.542138 0.134460 0.029293 0.005670 0.000985 0.000155 0.000022 0.000003 0.000000 0.000000 0.000000 0.000000 0.000000 0.000000 0.000000 0.000000 0.000000 0.000000 0.000000 0.000000 0.000000 0.000000 0.000000 0.000000 0.000000 0.000000 0.000000 0.000000 0.000000 0.000000 0.000000 0.000000 0.000000 0.000000 0.000000 0.000000 0.000000 0.000000 0.000000 0.000000 0.000000 0.000000 0.000000 0.000000 0.000000 
50.000000 29.363924 14.161846 5.651882 1.894545 0.542138 0.134460 0.029293 0.005670 0.000985 0.000155 0.000022 0.000003 0.000000 0.000000 0.000000 0.000000 0.000000 0.000000 0.000000 0.000000 0.000000 0.000000 0.000000 0.000000 0.000000 0.000000 0.000000 0.000000 0.000000 0.000000 0.000000 0.000000 0.000000 0.000000 0.000000 0.000000 0.000000 0.000000 0.000000 0.000000 0.000000 0.000000 0.000000 0.000000 0.000000 0.000000 0.000000 0.000000 0.000000 
50.000000 29.363924 14.161846 5.651882 1.894545 0.542138 0.134460 0.029293 0.005670 0.000985 0.000155 0.000022 0.000003 0.000000 0.000000 0.000000 0.000000 0.000000 0.000000 0.000000 0.000000 0.000000 0.000000 0.000000 0.000000 0.000000 0.000000 0.000000 0.000000 0.000000 0.000000 0.000000 0.000000 0.000000 0.000000 0.000000 0.000000 0.000000 0.000000 0.000000 0.000000 0.000000 0.000000 0.000000 0.000000 0.000000 0.000000 0.000000 0.000000 0.000000 
50.000000 29.363924 14.161846 5.651882 1.894545 0.542138 0.134460 0.029293 0.005670 0.000985 0.000155 0.000022 0.000003 0.000000 0.000000 0.000000 0.000000 0.000000 0.000000 0.000000 0.000000 0.000000 0.000000 0.000000 0.000000 0.000000 0.000000 0.000000 0.000000 0.000000 0.000000 0.000000 0.000000 0.000000 0.000000 0.000000 0.000000 0.000000 0.000000 0.000000 0.000000 0.000000 0.000000 0.000000 0.000000 0.000000 0.000000 0.000000 0.000000 0.000000 
50.000000 29.363924 14.161846 5.651882 1.894545 0.542138 0.134460 0.029293 0.005670 0.000985 0.000155 0.000022 0.000003 0.000000 0.000000 0.000000 0.000000 0.000000 0.000000 0.000000 0.000000 0.000000 0.000000 0.000000 0.000000 0.000000 0.000000 0.000000 0.000000 0.000000 0.000000 0.000000 0.000000 0.000000 0.000000 0.000000 0.000000 0.000000 0.000000 0.000000 0.000000 0.000000 0.000000 0.000000 0.000000 0.000000 0.000000 0.000000 0.000000 0.000000 
50.000000 29.363924 14.161846 5.651882 1.894545 0.542138 0.134460 0.029293 0.005670 0.000985 0.000155 0.000022 0.000003 0.000000 0.000000 0.000000 0.000000 0.000000 0.000000 0.000000 0.000000 0.000000 0.000000 0.000000 0.000000 0.000000 0.000000 0.000000 0.000000 0.000000 0.000000 0.000000 0.000000 0.000000 0.000000 0.000000 0.000000 0.000000 0.000000 0.000000 0.000000 0.000000 0.000000 0.000000 0.000000 0.000000 0.000000 0.000000 0.000000 0.000000 
50.000000 29.363924 14.161846 5.651882 1.894545 0.542138 0.134460 0.029293 0.005670 0.000985 0.000155 0.000022 0.000003 0.000000 0.000000 0.000000 0.000000 0.000000 0.000000 0.000000 0.000000 0.000000 0.000000 0.000000 0.000000 0.000000 0.000000 0.000000 0.000000 0.000000 0.000000 0.000000 0.000000 0.000000 0.000000 0.000000 0.000000 0.000000 0.000000 0.000000 0.000000 0.000000 0.000000 0.000000 0.000000 0.000000 0.000000 0.000000 0.000000 0.000000 
50.000000 29.363924 14.161847 5.651882 1.894545 0.542138 0.134461 0.029293 0.005671 0.000985 0.000155 0.000023 0.000003 0.000001 0.000000 0.000000 0.000000 0.000000 0.000000 0.000000 0.000000 0.000000 0.000000 0.000000 0.000000 0.000000 0.000000 0.000000 0.000000 0.000000 0.000000 0.000000 0.000000 0.000000 0.000000 0.000000 0.000000 0.000000 0.000000 0.000000 0.000000 0.000000 0.000000 0.000000 0.000000 0.000000 0.000000 0.000000 0.000000 0.000000 
50.000000 29.363925 14.161848 5.651884 1.894547 0.542141 0.134463 0.029296 0.005673 0.000988 0.000158 0.000025 0.000006 0.000003 0.000003 0.000003 0.000003 0.000003 0.000003 0.000003 0.000003 0.000003 0.000003 0.000003 0.000003 0.000003 0.000003 0.000003 0.000003 0.000003 0.000003 0.000003 0.000003 0.000003 0.000003 0.000003 0.000003 0.000003 0.000003 0.000003 0.000003 0.000003 0.000003 0.000003 0.000003 0.000003 0.000003 0.000002 0.000001 0.000000 
50.000000 29.363933 14.161862 5.651902 1.894566 0.542160 0.134482 0.029315 0.005693 0.001007 0.000177 0.000044 0.000025 0.000023 0.000022 0.000022 0.000022 0.000022 0.000022 0.000022 0.000022 0.000022 0.000022 0.000022 0.000022 0.000022 0.000022 0.000022 0.000022 0.000022 0.000022 0.000022 0.000022 0.000022 0.000022 0.000022 0.000022 0.000022 0.000022 0.000022 0.000022 0.000022 0.000022 0.000022 0.000022 0.000022 0.000020 0.000017 0.000010 0.000000 
50.000000 29.363989 14.161959 5.652020 1.894694 0.542291 0.134615 0.029447 0.005825 0.001140 0.000310 0.000177 0.000158 0.000155 0.000155 0.000155 0.000155 0.000155 0.000155 0.000155 0.000155 0.000155 0.000155 0.000155 0.000155 0.000155 0.000155 0.000155 0.000155 0.000155 0.000155 0.000155 0.000155 0.000155 0.000155 0.000155 0.000155 0.000155 0.000155 0.000155 0.000155 0.000155 0.000155 0.000155 0.000154 0.000151 0.000141 0.000117 0.000069 0.000000 
50.000000 29.364337 14.162561 5.652762 1.895495 0.543113 0.135443 0.030277 0.006655 0.001970 0.001140 0.001007 0.000988 0.000985 0.000985 0.000985 0.000985 0.000985 0.000985 0.000985 0.000985 0.000985 0.000985 0.000985 0.000985 0.000985 0.000985 0.000985 0.000985 0.000985 0.000985 0.000985 0.000985 0.000985 0.000985 0.000985 0.000985 0.000985 0.000985 0.000985 0.000985 0.000985 0.000985 0.000984 0.000979 0.000960 0.000900 0.000747 0.000443 0.000000 
50.000000 29.366299 14.165954 5.656941 1.900015 0.547753 0.140117 0.034960 0.011340 0.006655 0.005825 0.005693 0.005673 0.005671 0.005670 0.005670 0.005670 0.005670 0.005670 0.005670 0.005670 0.005670 0.005670 0.005670 0.005670 0.005670 0.005670 0.005670 0.005670 0.005670 0.005670 0.005670 0.005670 0.005670 0.005670 0.005670 0.005670 0.005670 0.005670 0.005670 0.005670 0.005670 0.005669 0.005662 0.005634 0.005528 0.005190 0.004318 0.002568 0.000000 
50.000000 29.376166 14.183029 5.677994 1.922793 0.571138 0.163682 0.058570 0.034960 0.030277 0.029447 0.029315 0.029296 0.029293 0.029293 0.029293 0.029293 0.029293 0.029293 0.029293 0.029293 0.029293 0.029293 0.029293 0.029293 0.029293 0.029293 0.029293 0.029293 0.029293 0.029293 0.029293 0.029293 0.029293 0.029293 0.029293 0.029293 0.029293 0.029293 0.029293 0.029292 0.029291 0.029285 0.029254 0.029115 0.028585 0.026887 0.022449 0.013416 0.000000 
50.000000 29.419985 14.258916 5.771631 2.024155 0.675235 0.268589 0.163682 0.140117 0.135443 0.134615 0.134482 0.134463 0.134461 0.134460 0.134460 0.134460 0.134460 0.134460 0.134460 0.134460 0.134460 0.134460 0.134460 0.134460 0.134460 0.134460 0.134460 0.134460 0.134460 0.134460 0.134460 0.134460 0.134460 0.134460 0.134460 0.134460 0.134460 0.134460 0.134460 0.134459 0.134455 0.134428 0.134294 0.133697 0.131396 0.123909 0.103989 0.062598 0.000000 
50.000000 29.589450 14.552605 6.134271 2.416910 1.078697 0.675235 0.571138 0.547753 0.543113 0.542291 0.542160 0.542141 0.542138 0.542138 0.542138 0.542138 0.542138 0.542138 0.542138 0.542138 0.542138 0.542138 0.542138 0.542138 0.542138 0.542138 0.542138 0.542138 0.542138 0.542138 0.542138 0.542138 0.542138 0.542138 0.542138 0.542138 0.542138 0.542138 0.542138 0.542135 0.542118 0.542024 0.541538 0.539349 0.530785 0.502367 0.424799 0.258633 0.000000 
50.000000 30.150368 15.525337 7.336193 3.719275 2.416910 2.024155 1.922793 1.900015 1.895495 1.894694 1.894566 1.894547 1.894545 1.894545 1.894545 1.894545 1.894545 1.894545 1.894545 1.894545 1.894545 1.894545 1.894545 1.894545 1.894545 1.894545 1.894545 1.894545 1.894545 1.894545 1.894545 1.894545 1.894545 1.894545 1.894545 1.894545 1.894545 1.894544 1.894543 1.894536 1.894487 1.894207 1.892759 1.886125 1.859638 1.769259 1.513250 0.938590 0.000000 
50.000000 31.705533 18.223905 10.672671 7.336193 6.134271 5.771631 5.677994 5.656941 5.652762 5.652020 5.651902 5.651884 5.651882 5.651882 5.651882 5.651882 5.651882 5.651882 5.651882 5.651882 5.651882 5.651882 5.651882 5.651882 5.651882 5.651882 5.651882 5.651882 5.651882 5.651882 5.651882 5.651882 5.651882 5.651882 5.651882 5.651882 5.651882 5.651881 5.651879 5.651862 5.651752 5.651107 5.647722 5.631904 5.566934 5.336335 4.646188 2.976723 0.000000 
50.000000 35.221449 24.328058 18.223905 15.525337 14.552605 14.258916 14.183029 14.165954 14.162561 14.161959 14.161862 14.161848 14.161847 14.161846 14.161846 14.161846 14.161846 14.161846 14.161846 14.161846 14.161846 14.161846 14.161846 14.161846 14.161846 14.161846 14.161846 14.161846 14.161846 14.161846 14.161846 14.161846 14.161846 14.161846 14.161846 14.161846 14.161846 14.161846 14.161842 14.161814 14.161636 14.160580 14.154928 14.127806 14.012087 13.577717 12.164029 8.282866 0.000000 
50.000000 41.493310 35.221449 31.705533 30.150368 29.589450 29.419985 29.376166 29.366299 29.364337 29.363989 29.363933 29.363925 29.363924 29.363924 29.363924 29.363924 29.363924 29.363924 29.363924 29.363924 29.363924 29.363924 29.363924 29.363924 29.363924 29.363924 29.363924 29.363924 29.363924 29.363924 29.363924 29.363924 29.363924 29.363924 29.363924 29.363924 29.363923 29.363923 29.363920 29.363895 29.363731 29.362750 29.357387 29.330817 29.211778 28.728810 26.938584 20.746655 0.000000 
50.000000 50.000000 50.000000 50.000000 50.000000 50.000000 50.000000 50.000000 50.000000 50.000000 50.000000 50.000000 50.000000 50.000000 50.000000 50.000000 50.000000 50.000000 50.000000 50.000000 50.000000 50.000000 50.000000 50.000000 50.000000 50.000000 50.000000 50.000000 50.000000 50.000000 50.000000 50.000000 50.000000 50.000000 50.000000 50.000000 50.000000 50.000000 50.000000 50.000000 50.000000 50.000000 50.000000 50.000000 50.000000 50.000000 50.000000 50.000000 50.000000 50.000000 
