50.000000 50.000000 50.000000 50.000000 50.000000 50.000000 50.000000 50.000000 50.000000 50.000000 50.000000 50.000000 50.000000 50.000000 50.000000 50.000000 50.000000 50.000000 50.000000 50.000000 50.000000 50.000000 50.000000 50.000000 50.000000 50.000000 50.000000 50.000000 50.000000 50.000000 50.000000 50.000000 50.000000 50.000000 50.000000 50.000000 50.000000 50.000000 50.000000 50.000000 50.000000 50.000000 50.000000 50.000000 50.000000 50.000000 50.000000 50.000000 50.000000 50.000000 
50.000000 48.707829 47.468063 46.326736 45.318435 44.463428 43.767338 43.223063 42.814184 42.518938 42.313922 42.176949 42.088852 42.034275 42.001688 41.982924 41.972497 41.966903 41.964003 41.962549 41.961844 41.961513 41.961363 41.961296 41.961268 41.961255 41.961249 41.961244 41.961234 41.961211 41.961159 41.961042 41.960783 41.960227 41.959063 41.956693 41.951987 41.942873 41.925632 41.893719 41.835776 41.732221 41.549130 41.226565 40.654278 39.615707 37.643636 33.603568 24.353915 0.000000 
50.000000 47.468063 45.038811 42.802450 40.826748 39.151420 37.787486 36.721025 35.919863 35.341360 34.939654 34.671272 34.498660 34.391724 34.327876 34.291111 34.270682 34.259721 34.254039 34.251191 34.249810 34.249162 34.248867 34.248737 34.248681 34.248657 34.248645 34.248634 34.248615 34.248573 34.248477 34.248259 34.247779 34.246748 34.244597 34.240222 34.231558 34.214830 34.183311 34.125276 34.020649 33.835474 33.512632 32.955662 31.999406 30.354789 27.504247 22.519405 13.864495 0.000000 
50.000000 46.326736 42.802450 39.558010 36.691737 34.261245 32.282519 30.735363 29.573096 28.733853 28.151097 27.761759 27.511355 27.356229 27.263608 27.210276 27.180643 27.164743 27.156501 27.152370 27.150367 27.149426 27.148999 27.148810 27.148729 27.148694 27.148677 27.148662 27.148637 27.148581 27.148453 27.148164 27.147528 27.146167 27.143331 27.137585 27.126248 27.104464 27.063669 26.989139 26.856138 26.623948 26.226641 25.558930 24.454728 22.656473 19.779005 15.298202 8.683100 0.000000 
50.000000 45.318435 40.826748 36.691737 33.038710 29.941100 27.419274 25.447486 23.966239 22.896680 22.154005 21.657834 21.338724 21.141038 21.023007 20.955045 20.917283 20.897023 20.886520 20.881256 20.878704 20.877506 20.876961 20.876720 20.876617 20.876573 20.876552 20.876534 20.876506 20.876443 20.876298 20.875973 20.875260 20.873739 20.870580 20.864205 20.851688 20.827783 20.783350 20.702936 20.561153 20.317447 19.908839 19.240408 18.174133 16.519355 14.035263 10.471959 5.702729 0.000000 
50.000000 44.463428 39.151420 34.261245 29.941100 26.277826 23.295506 20.963687 19.211997 17.947176 17.068929 16.482193 16.104843 15.871081 15.731514 15.651154 15.606503 15.582548 15.570130 15.563906 15.560889 15.559472 15.558828 15.558544 15.558422 15.558370 15.558345 15.558327 15.558297 15.558234 15.558088 15.557762 15.557047 15.555528 15.552386 15.546074 15.533753 15.510380 15.467296 15.390118 15.255760 15.028463 14.654937 14.059209 13.138913 11.766966 9.806517 7.152014 3.809149 0.000000 
50.000000 43.767338 37.787486 32.282519 27.419274 23.295506 19.938322 17.313432 15.341608 13.917857 12.929270 12.268830 11.844085 11.580969 11.423879 11.333431 11.283177 11.256216 11.242240 11.235236 11.231840 11.230246 11.229521 11.229201 11.229064 11.229006 11.228979 11.228960 11.228933 11.228873 11.228739 11.228438 11.227782 11.226392 11.223530 11.217811 11.206712 11.185811 11.147614 11.079898 10.963491 10.769563 10.456781 9.969161 9.236297 8.178866 6.723590 4.831824 2.540773 0.000000 
50.000000 43.223063 36.721025 30.735363 25.447486 20.963687 17.313432 14.459429 12.315519 10.767537 9.692706 8.974661 8.512878 8.226824 8.056042 7.957713 7.903082 7.873773 7.858581 7.850967 7.847275 7.845543 7.844755 7.844408 7.844259 7.844196 7.844168 7.844149 7.844124 7.844073 7.843958 7.843700 7.843140 7.841959 7.839538 7.834725 7.825443 7.808088 7.776645 7.721464 7.627741 7.473816 7.229714 6.856651 6.308750 5.538647 4.508722 3.208392 1.673933 0.000000 
50.000000 42.814184 35.919863 29.573096 23.966239 19.211997 15.341608 12.315519 10.042368 8.401090 7.261496 6.500199 6.010608 5.707334 5.526275 5.422031 5.364115 5.333044 5.316939 5.308868 5.304955 5.303118 5.302283 5.301915 5.301758 5.301691 5.301662 5.301645 5.301624 5.301582 5.301489 5.301282 5.300835 5.299894 5.297974 5.294177 5.286901 5.273392 5.249118 5.206928 5.136065 5.021184 4.841703 4.572045 4.183533 3.648792 2.949149 2.084389 1.081963 0.000000 
50.000000 42.518938 35.341360 28.733853 22.896680 17.947176 13.917857 10.767537 8.401090 6.692470 5.506134 4.713623 4.203966 3.888268 3.699795 3.591284 3.530998 3.498658 3.481894 3.473494 3.469421 3.467509 3.466640 3.466257 3.466093 3.466025 3.465995 3.465979 3.465962 3.465930 3.465859 3.465702 3.465365 3.464657 3.463221 3.460396 3.455014 3.445089 3.427394 3.396912 3.346235 3.265025 3.139796 2.954366 2.691416 2.335527 1.877714 1.320712 0.683162 0.000000 
50.000000 42.313922 34.939654 28.151097 22.154005 17.068929 12.929270 9.692706 7.261496 5.506134 4.287359 3.473186 2.949606 2.625288 2.431673 2.320203 2.258274 2.225053 2.207833 2.199204 2.195020 2.193057 2.192164 2.191771 2.191603 2.191532 2.191503 2.191488 2.191474 2.191451 2.191399 2.191287 2.191046 2.190542 2.189524 2.187531 2.183756 2.176839 2.164597 2.143679 2.109222 2.054568 1.971242 1.849372 1.678811 1.451069 1.161958 0.814377 0.420203 0.000000 
50.000000 42.176949 34.671272 27.761759 21.657834 16.482193 12.268830 8.974661 6.500199 4.713623 3.473186 2.644551 2.111678 1.781606 1.584558 1.471114 1.408089 1.374280 1.356756 1.347975 1.343718 1.341720 1.340811 1.340411 1.340240 1.340169 1.340139 1.340125 1.340114 1.340098 1.340062 1.339986 1.339821 1.339480 1.338794 1.337456 1.334936 1.330346 1.322276 1.308589 1.286228 1.251081 1.198017 1.121216 1.014897 0.874484 0.698090 0.487961 0.251317 0.000000 
50.000000 42.088852 34.498660 27.511355 21.338724 16.104843 11.844085 8.512878 6.010608 4.203966 2.949606 2.111678 1.572831 1.239064 1.039811 0.925099 0.861370 0.827183 0.809464 0.800585 0.796281 0.794260 0.793342 0.792937 0.792764 0.792692 0.792663 0.792650 0.792641 0.792630 0.792606 0.792557 0.792450 0.792230 0.791788 0.790931 0.789325 0.786416 0.781332 0.772767 0.758877 0.737216 0.704790 0.658274 0.594463 0.510941 0.406891 0.283830 0.145979 0.000000 
50.000000 42.034275 34.391724 27.356229 21.141038 15.871081 11.580969 8.226824 5.707334 3.888268 2.625288 1.781606 1.239064 0.903009 0.702392 0.586895 0.522731 0.488311 0.470472 0.461532 0.457198 0.455164 0.454240 0.453832 0.453658 0.453586 0.453556 0.453544 0.453537 0.453529 0.453514 0.453483 0.453417 0.453281 0.453009 0.452484 0.451504 0.449739 0.446671 0.441533 0.433254 0.420433 0.401381 0.374257 0.337329 0.289349 0.229981 0.160167 0.082288 0.000000 
50.000000 42.001688 34.327876 27.263608 21.023007 15.731514 11.423879 8.056042 5.526275 3.699795 2.431673 1.584558 1.039811 0.702392 0.500962 0.384997 0.320574 0.286015 0.268103 0.259128 0.254777 0.252734 0.251806 0.251397 0.251222 0.251150 0.251120 0.251108 0.251102 0.251097 0.251088 0.251069 0.251030 0.250950 0.250789 0.250481 0.249908 0.248880 0.247102 0.244142 0.239399 0.232098 0.221318 0.206068 0.185440 0.158802 0.126023 0.087654 0.044995 0.000000 
50.000000 41.982924 34.291111 27.210276 20.955045 15.651154 11.333431 7.957713 5.422031 3.591284 2.320203 1.471114 0.925099 0.586895 0.384997 0.268764 0.204191 0.169553 0.151600 0.142603 0.138242 0.136195 0.135265 0.134855 0.134680 0.134607 0.134578 0.134566 0.134561 0.134557 0.134551 0.134541 0.134518 0.134473 0.134382 0.134208 0.133886 0.133311 0.132320 0.130679 0.128063 0.124057 0.118175 0.109900 0.098768 0.084465 0.066945 0.046514 0.023860 0.000000 
50.000000 41.972497 34.270682 27.180643 20.917283 15.606503 11.283177 7.903082 5.364115 3.530998 2.258274 1.408089 0.861370 0.522731 0.320574 0.204191 0.139536 0.104853 0.086877 0.077870 0.073503 0.071453 0.070522 0.070111 0.069936 0.069863 0.069834 0.069822 0.069817 0.069814 0.069811 0.069805 0.069793 0.069768 0.069719 0.069624 0.069450 0.069140 0.068609 0.067732 0.066341 0.064221 0.061123 0.056785 0.050976 0.043544 0.034476 0.023934 0.012270 0.000000 
50.000000 41.966903 34.259721 27.164743 20.897023 15.582548 11.256216 7.873773 5.333044 3.498658 2.225053 1.374280 0.827184 0.488311 0.286015 0.169553 0.104853 0.070147 0.052159 0.043145 0.038775 0.036724 0.035792 0.035381 0.035206 0.035133 0.035104 0.035092 0.035087 0.035085 0.035083 0.035080 0.035073 0.035060 0.035034 0.034985 0.034894 0.034734 0.034459 0.034007 0.033293 0.032210 0.030633 0.028434 0.025501 0.021762 0.017215 0.011943 0.006120 0.000000 
50.000000 41.964003 34.254039 27.156501 20.886520 15.570130 11.242240 7.858581 5.316939 3.481895 2.207833 1.356756 0.809465 0.470472 0.268104 0.151600 0.086877 0.052159 0.034164 0.025147 0.020776 0.018725 0.017792 0.017381 0.017205 0.017133 0.017103 0.017092 0.017087 0.017085 0.017084 0.017082 0.017079 0.017072 0.017059 0.017034 0.016989 0.016908 0.016771 0.016546 0.016192 0.015657 0.014881 0.013802 0.012368 0.010547 0.008337 0.005780 0.002961 0.000000 
50.000000 41.962549 34.251191 27.152370 20.881256 15.563906 11.235236 7.850967 5.308868 3.473494 2.199204 1.347975 0.800586 0.461532 0.259128 0.142604 0.077870 0.043145 0.025147 0.016129 0.011757 0.009705 0.008772 0.008361 0.008186 0.008113 0.008084 0.008072 0.008068 0.008066 0.008065 0.008064 0.008062 0.008059 0.008053 0.008040 0.008018 0.007979 0.007913 0.007805 0.007635 0.007379 0.007010 0.006497 0.005818 0.004958 0.003917 0.002714 0.001390 0.000000 
50.000000 41.961844 34.249810 27.150367 20.878704 15.560889 11.231840 7.847276 5.304956 3.469422 2.195021 1.343719 0.796282 0.457199 0.254777 0.138243 0.073504 0.038776 0.020777 0.011757 0.007385 0.005333 0.004400 0.003989 0.003814 0.003741 0.003711 0.003700 0.003696 0.003694 0.003693 0.003692 0.003692 0.003690 0.003687 0.003681 0.003671 0.003653 0.003622 0.003572 0.003493 0.003374 0.003204 0.002968 0.002656 0.002262 0.001786 0.001237 0.000633 0.000000 
50.000000 41.961514 34.249163 27.149427 20.877507 15.559474 11.230248 7.845545 5.303121 3.467512 2.193059 1.341722 0.794263 0.455167 0.252737 0.136198 0.071456 0.036727 0.018727 0.009707 0.005335 0.003283 0.002350 0.001939 0.001763 0.001690 0.001661 0.001649 0.001645 0.001643 0.001643 0.001642 0.001642 0.001641 0.001640 0.001637 0.001633 0.001624 0.001610 0.001588 0.001552 0.001499 0.001422 0.001317 0.001178 0.001003 0.000791 0.000548 0.000280 0.000000 
50.000000 41.961364 34.248869 27.149002 20.876965 15.558833 11.229526 7.844761 5.302290 3.466647 2.192171 1.340818 0.793349 0.454246 0.251813 0.135272 0.070529 0.035799 0.017799 0.008779 0.004406 0.002354 0.001421 0.001010 0.000835 0.000762 0.000732 0.000721 0.000717 0.000715 0.000714 0.000714 0.000714 0.000713 0.000713 0.000712 0.000710 0.000706 0.000700 0.000690 0.000674 0.000651 0.000617 0.000571 0.000511 0.000435 0.000343 0.000237 0.000121 0.000000 
50.000000 41.961299 34.248743 27.148819 20.876731 15.558557 11.229216 7.844423 5.301932 3.466275 2.191789 1.340429 0.792956 0.453850 0.251415 0.134873 0.070130 0.035400 0.017399 0.008379 0.004007 0.001955 0.001022 0.000611 0.000435 0.000362 0.000333 0.000321 0.000317 0.000315 0.000315 0.000315 0.000314 0.000314 0.000314 0.000313 0.000312 0.000311 0.000308 0.000304 0.000297 0.000286 0.000272 0.000251 0.000225 0.000191 0.000151 0.000104 0.000053 0.000000 
50.000000 41.961276 34.248697 27.148752 20.876646 15.558456 11.229102 7.844300 5.301801 3.466138 2.191649 1.340287 0.792811 0.453705 0.251270 0.134727 0.069984 0.035253 0.017253 0.008233 0.003860 0.001808 0.000875 0.000464 0.000289 0.000216 0.000187 0.000175 0.000171 0.000169 0.000168 0.000168 0.000168 0.000168 0.000168 0.000168 0.000167 0.000166 0.000165 0.000162 0.000159 0.000153 0.000145 0.000134 0.000120 0.000102 0.000080 0.000056 0.000028 0.000000 
50.000000 41.961276 34.248697 27.148752 20.876646 15.558456 11.229102 7.844300 5.301801 3.466138 2.191649 1.340287 0.792811 0.453705 0.251270 0.134727 0.069984 0.035253 0.017253 0.008233 0.003860 0.001808 0.000875 0.000464 0.000289 0.000216 0.000187 0.000175 0.000171 0.000169 0.000168 0.000168 0.000168 0.000168 0.000168 0.000168 0.000167 0.000166 0.000165 0.000162 0.000159 0.000153 0.000145 0.000134 0.000120 0.000102 0.000080 0.000056 0.000028 0.000000 
50.000000 41.961299 34.248743 27.148819 20.876731 15.558557 11.229216 7.844423 5.301932 3.466275 2.191789 1.340429 0.792956 0.453850 0.251415 0.134873 0.070130 0.035400 0.017399 0.008379 0.004007 0.001955 0.001022 0.000611 0.000435 0.000362 0.000333 0.000321 0.000317 0.000315 0.000315 0.000315 0.000314 0.000314 0.000314 0.000313 0.000312 0.000311 0.000308 0.000304 0.000297 0.000286 0.000272 0.000251 0.000225 0.000191 0.000151 0.000104 0.000053 0.000000 
50.000000 41.961364 34.248869 27.149002 20.876965 15.558833 11.229526 7.844761 5.302290 3.466647 2.192171 1.340818 0.793349 0.454246 0.251813 0.135272 0.070529 0.035799 0.017799 0.008779 0.004406 0.002354 0.001421 0.001010 0.000835 0.000762 0.000732 0.000721 0.000717 0.000715 0.000714 0.000714 0.000714 0.000713 0.000713 0.000712 0.000710 0.000706 0.000700 0.000690 0.000674 0.000651 0.000617 0.000571 0.000511 0.000435 0.000343 0.000237 0.000121 0.000000 
50.000000 41.961514 34.249163 27.149427 20.877507 15.559474 11.230248 7.845545 5.303121 3.467512 2.193059 1.341722 0.794263 0.455167 0.252737 0.136198 0.071456 0.036727 0.018727 0.009707 0.005335 0.003283 0.002350 0.001939 0.001763 0.001690 0.001661 0.001649 0.001645 0.001643 0.001643 0.001642 0.001642 0.001641 0.001640 0.001637 0.001633 0.001624 0.001610 0.001588 0.001552 0.001499 0.001422 0.001317 0.001178 0.001003 0.000791 0.000548 0.000280 0.000000 
50.000000 41.961844 34.249810 27.150367 20.878704 15.560889 11.231840 7.847276 5.304956 3.469422 2.195021 1.343719 0.796282 0.457199 0.254777 0.138243 0.073504 0.038776 0.020777 0.011757 0.007385 0.005333 0.004400 0.003989 0.003814 0.003741 0.003711 0.003700 0.003696 0.003694 0.003693 0.003692 0.003692 0.003690 0.003687 0.003681 0.003671 0.003653 0.003622 0.003572 0.003493 0.003374 0.003204 0.002968 0.002656 0.002262 0.001786 0.001237 0.000633 0.000000 
50.000000 41.962549 34.251191 27.152370 20.881256 15.563906 11.235236 7.850967 5.308868 3.473494 2.199204 1.347975 0.800586 0.461532 0.259128 0.142604 0.077870 0.043145 0.025147 0.016129 0.011757 0.009705 0.008772 0.008361 0.008186 0.008113 0.008084 0.008072 0.008068 0.008066 0.008065 0.008064 0.008062 0.008059 0.008053 0.008040 0.008018 0.007979 0.007913 0.007805 0.007635 0.007379 0.007010 0.006497 0.005818 0.004958 0.003917 0.002714 0.001390 0.000000 
50.000000 41.964003 34.254039 27.156501 20.886520 15.570130 11.242240 7.858581 5.316939 3.481895 2.207833 1.356756 0.809465 0.470472 0.268104 0.151600 0.086877 0.052159 0.034164 0.025147 0.020776 0.018725 0.017792 0.017381 0.017205 0.017133 0.017103 0.017092 0.017087 0.017085 0.017084 0.017082 0.017079 0.017072 0.017059 0.017034 0.016989 0.016908 0.016771 0.016546 0.016192 0.015657 0.014881 0.013802 0.012368 0.010547 0.008337 0.005780 0.002961 0.000000 
50.000000 41.966903 34.259721 27.164743 20.897023 15.582548 11.256216 7.873773 5.333044 3.498658 2.225053 1.374280 0.827184 0.488311 0.286015 0.169553 0.104853 0.070147 0.052159 0.043145 0.038775 0.036724 0.035792 0.035381 0.035206 0.035133 0.035104 0.035092 0.035087 0.035085 0.035083 0.035080 0.035073 0.035060 0.035034 0.034985 0.034894 0.034734 0.034459 0.034007 0.033293 0.032210 0.030633 0.028434 0.025501 0.021762 0.017215 0.011943 0.006120 0.000000 
50.000000 41.972497 34.270682 27.180643 20.917283 15.606503 11.283177 7.903082 5.364115 3.530998 2.258274 1.408089 0.861370 0.522731 0.320574 0.204191 0.139536 0.104853 0.086877 0.077870 0.073503 0.071453 0.070522 0.070111 0.069936 0.069863 0.069834 0.069822 0.069817 0.069814 0.069811 0.069805 0.069793 0.069768 0.069719 0.069624 0.069450 0.069140 0.068609 0.067732 0.066341 0.064221 0.061123 0.056785 0.050976 0.043544 0.034476 0.023934 0.012270 0.000000 
50.000000 41.982924 34.291111 27.210276 20.955045 15.651154 11.333431 7.957713 5.422031 3.591284 2.320203 1.471114 0.925099 0.586895 0.384997 0.268764 0.204191 0.169553 0.151600 0.142603 0.138242 0.136195 0.135265 0.134855 0.134680 0.134607 0.134578 0.134566 0.134561 0.134557 0.134551 0.134541 0.134518 0.134473 0.134382 0.134208 0.133886 0.133311 0.132320 0.130679 0.128063 0.124057 0.118175 0.109900 0.098768 0.084465 0.066945 0.046514 0.023860 0.000000 
50.000000 42.001688 34.327876 27.263608 21.023007 15.731514 11.423879 8.056042 5.526275 3.699795 2.431673 1.584558 1.039811 0.702392 0.500962 0.384997 0.320574 0.286015 0.268103 0.259128 0.254777 0.252734 0.251806 0.251397 0.251222 0.251150 0.251120 0.251108 0.251102 0.251097 0.251088 0.251069 0.251030 0.250950 0.250789 0.250481 0.249908 0.248880 0.247102 0.244142 0.239399 0.232098 0.221318 0.206068 0.185440 0.158802 0.126023 0.087654 0.044995 0.000000 
50.000000 42.034275 34.391724 27.356229 21.141038 15.871081 11.580969 8.226824 5.707334 3.888268 2.625288 1.781606 1.239064 0.903009 0.702392 0.586895 0.522731 0.488311 0.470472 0.461532 0.457198 0.455164 0.454240 0.453832 0.453658 0.453586 0.453556 0.453544 0.453537 0.453529 0.453514 0.453483 0.453417 0.453281 0.453009 0.452484 0.451504 0.449739 0.446671 0.441533 0.433254 0.420433 0.401381 0.374257 0.337329 0.289349 0.229981 0.160167 0.082288 0.000000 
50.000000 42.088852 34.498660 27.511355 21.338724 16.104843 11.844085 8.512878 6.010608 4.203966 2.949606 2.111678 1.572831 1.239064 1.039811 0.925099 0.861370 0.827183 0.809464 0.800585 0.796281 0.794260 0.793342 0.792937 0.792764 0.792692 0.792663 0.792650 0.792641 0.792630 0.792606 0.792557 0.792450 0.792230 0.791788 0.790931 0.789325 0.786416 0.781332 0.772767 0.758877 0.737216 0.704790 0.658274 0.594463 0.510941 0.406891 0.283830 0.145979 0.000000 
50.000000 42.176949 34.671272 27.761759 21.657834 16.482193 12.268830 8.974661 6.500199 4.713623 3.473186 2.644551 2.111678 1.781606 1.584558 1.471114 1.408089 1.374280 1.356756 1.347975 1.343718 1.341720 1.340811 1.340411 1.340240 1.340169 1.340139 1.340125 1.340114 1.340098 1.340062 1.339986 1.339821 1.339480 1.338794 1.337456 1.334936 1.330346 1.322276 1.308589 1.286228 1.251081 1.198017 1.121216 1.014897 0.874484 0.698090 0.487961 0.251317 0.000000 
50.000000 42.313922 34.939654 28.151097 22.154005 17.068929 12.929270 9.692706 7.261496 5.506134 4.287359 3.473186 2.949606 2.625288 2.431673 2.320203 2.258274 2.225053 2.207833 2.199204 2.195020 2.193057 2.192164 2.191771 2.191603 2.191532 2.191503 2.191488 2.191474 2.191451 2.191399 2.191287 2.191046 2.190542 2.189524 2.187531 2.183756 2.176839 2.164597 2.143679 2.109222 2.054568 1.971242 1.849372 1.678811 1.451069 1.161958 0.814377 0.420203 0.000000 
50.000000 42.518938 35.341360 28.733853 22.896680 17.947176 13.917857 10.767537 8.401090 6.692470 5.506134 4.713623 4.203966 3.888268 3.699795 3.591284 3.530998 3.498658 3.481894 3.473494 3.469421 3.467509 3.466640 3.466257 3.466093 3.466025 3.465995 3.465979 3.465962 3.465930 3.465859 3.465702 3.465365 3.464657 3.463221 3.460396 3.455014 3.445089 3.427394 3.396912 3.346235 3.265025 3.139796 2.954366 2.691416 2.335527 1.877714 1.320712 0.683162 0.000000 
50.000000 42.814184 35.919863 29.573096 23.966239 19.211997 15.341608 12.315519 10.042368 8.401090 7.261496 6.500199 6.010608 5.707334 5.526275 5.422031 5.364115 5.333044 5.316939 5.308868 5.304955 5.303118 5.302283 5.301915 5.301758 5.301691 5.301662 5.301645 5.301624 5.301582 5.301489 5.301282 5.300835 5.299894 5.297974 5.294177 5.286901 5.273392 5.249118 5.206928 5.136065 5.021184 4.841703 4.572045 4.183533 3.648792 2.949149 2.084389 1.081963 0.000000 
50.000000 43.223063 36.721025 30.735363 25.447486 20.963687 17.313432 14.459429 12.315519 10.767537 9.692706 8.974661 8.512878 8.226824 8.056042 7.957713 7.903082 7.873773 7.858581 7.850967 7.847275 7.845543 7.844755 7.844408 7.844259 7.844196 7.844168 7.844149 7.844124 7.844073 7.843958 7.843700 7.843140 7.841959 7.839538 7.834725 7.825443 7.808088 7.776645 7.721464 7.627741 7.473816 7.229714 6.856651 6.308750 5.538647 4.508722 3.208392 1.673933 0.000000 
50.000000 43.767338 37.787486 32.282519 27.419274 23.295506 19.938322 17.313432 15.341608 13.917857 12.929270 12.268830 11.844085 11.580969 11.423879 11.333431 11.283177 11.256216 11.242240 11.235236 11.231840 11.230246 11.229521 11.229201 11.229064 11.229006 11.228979 11.228960 11.228933 11.228873 11.228739 11.228438 11.227782 11.226392 11.223530 11.217811 11.206712 11.185811 11.147614 11.079898 10.963491 10.769563 10.456781 9.969161 9.236297 8.178866 6.723590 4.831824 2.540773 0.000000 
50.000000 44.463428 39.151420 34.261245 29.941100 26.277826 23.295506 20.963687 19.211997 17.947176 17.068929 16.482193 16.104843 15.871081 15.731514 15.651154 15.606503 15.582548 15.570130 15.563906 15.560889 15.559472 15.558828 15.558544 15.558422 15.558370 15.558345 15.558327 15.558297 15.558234 15.558088 15.557762 15.557047 15.555528 15.552386 15.546074 15.533753 15.510380 15.467296 15.390118 15.255760 15.028463 14.654937 14.059209 13.138913 11.766966 9.806517 7.152014 3.809149 0.000000 
50.000000 45.318435 40.826748 36.691737 33.038710 29.941100 27.419274 25.447486 23.966239 22.896680 22.154005 21.657834 21.338724 21.141038 21.023007 20.955045 20.917283 20.897023 20.886520 20.881256 20.878704 20.877506 20.876961 20.876720 20.876617 20.876573 20.876552 20.876534 20.876506 20.876443 20.876298 20.875973 20.875260 20.873739 20.870580 20.864205 20.851688 20.827783 20.783350 20.702936 20.561153 20.317447 19.908839 19.240408 18.174133 16.519355 14.035263 10.471959 5.702729 0.000000 
50.000000 46.326736 42.802450 39.558010 36.691737 34.261245 32.282519 30.735363 29.573096 28.733853 28.151097 27.761759 27.511355 27.356229 27.263608 27.210276 27.180643 27.164743 27.156501 27.152370 27.150367 27.149426 27.148999 27.148810 27.148729 27.148694 27.148677 27.148662 27.148637 27.148581 27.148453 27.148164 27.147528 27.146167 27.143331 27.137585 27.126248 27.104464 27.063669 26.989139 26.856138 26.623948 26.226641 25.558930 24.454728 22.656473 19.779005 15.298202 8.683100 0.000000 
50.000000 47.468063 45.038811 42.802450 40.826748 39.151420 37.787486 36.721025 35.919863 35.341360 34.939654 34.671272 34.498660 34.391724 34.327876 34.291111 34.270682 34.259721 34.254039 34.251191 34.249810 34.249162 34.248867 34.248737 34.248681 34.248657 34.248645 34.248634 34.248615 34.248573 34.248477 34.248259 34.247779 34.246748 34.244597 34.240222 34.231558 34.214830 34.183311 34.125276 34.020649 33.835474 33.512632 32.955662 31.999406 30.354789 27.504247 22.519405 13.864495 0.000000 
50.000000 48.707829 47.468063 46.326736 45.318435 44.463428 43.767338 43.223063 42.814184 42.518938 42.313922 42.176949 42.088852 42.034275 42.001688 41.982924 41.972497 41.966903 41.964003 41.962549 41.961844 41.961513 41.961363 41.961296 41.961268 41.961255 41.961249 41.961244 41.961234 41.961211 41.961159 41.961042 41.960783 41.960227 41.959063 41.956693 41.951987 41.942873 41.925632 41.893719 41.835776 41.732221 41.549130 41.226565 40.654278 39.615707 37.643636 33.603568 24.353915 0.000000 
50.000000 50.000000 50.000000 50.000000 50.000000 50.000000 50.000000 50.000000 50.000000 50.000000 50.000000 50.000000 50.000000 50.000000 50.000000 50.000000 50.000000 50.000000 50.000000 50.000000 50.000000 50.000000 50.000000 50.000000 50.000000 50.000000 50.000000 50.000000 50.000000 50.000000 50.000000 50.000000 50.000000 50.000000 50.000000 50.000000 50.000000 50.000000 50.000000 50.000000 50.000000 50.000000 50.000000 50.000000 50.000000 50.000000 50.000000 50.000000 50.000000 50.000000 
