50.000000 50.000000 50.000000 50.000000 50.000000 50.000000 50.000000 50.000000 50.000000 50.000000 50.000000 50.000000 50.000000 50.000000 50.000000 50.000000 50.000000 50.000000 50.000000 50.000000 50.000000 50.000000 50.000000 50.000000 50.000000 50.000000 50.000000 50.000000 50.000000 50.000000 50.000000 50.000000 50.000000 50.000000 50.000000 50.000000 50.000000 50.000000 50.000000 50.000000 50.000000 50.000000 50.000000 50.000000 50.000000 50.000000 50.000000 50.000000 50.000000 50.000000 
50.000000 48.499554 47.069755 45.771281 44.647220 43.719354 42.988716 42.439602 42.045488 41.775178 41.597881 41.486589 41.419678 41.381115 41.359792 41.348471 41.342694 41.339858 41.338519 41.337908 41.337641 41.337527 41.337481 41.337462 41.337455 41.337452 41.337451 41.337450 41.337447 41.337440 41.337423 41.337379 41.337273 41.337023 41.336454 41.335195 41.332489 41.326845 41.315393 41.292770 41.249148 41.166784 41.013774 40.732146 40.213234 39.241303 37.348869 33.399854 24.249777 0.000000 
50.000000 47.069755 44.277478 41.741676 39.546494 37.734469 36.307617 35.235267 34.465619 33.937745 33.591516 33.374185 33.243522 33.168217 33.126580 33.104472 33.093192 33.087655 33.085039 33.083848 33.083324 33.083103 33.083012 33.082976 33.082962 33.082957 33.082955 33.082952 33.082947 33.082935 33.082902 33.082822 33.082627 33.082170 33.081129 33.078831 33.073905 33.063662 33.042965 33.002293 32.924428 32.778856 32.512230 32.031760 31.175247 29.655161 26.953434 22.138739 13.669900 0.000000 
50.000000 45.771281 41.741676 38.082208 34.914312 32.299374 30.240296 28.692813 27.582166 26.820422 26.320806 26.007198 25.818655 25.709995 25.649915 25.618017 25.601740 25.593752 25.589977 25.588258 25.587504 25.587184 25.587053 25.587001 25.586981 25.586974 25.586970 25.586967 25.586960 25.586944 25.586902 25.586797 25.586544 25.585951 25.584605 25.581641 25.575315 25.562221 25.535928 25.484664 25.387526 25.208398 24.886411 24.321194 23.350624 21.719206 19.041104 14.788242 8.422412 0.000000 
50.000000 44.647220 39.546494 34.914312 30.904394 27.594437 24.988109 23.029372 21.623583 20.659430 20.027069 19.630146 19.391517 19.253996 19.177960 19.137591 19.116994 19.106884 19.102107 19.099932 19.098978 19.098573 19.098407 19.098342 19.098317 19.098307 19.098303 19.098299 19.098292 19.098274 19.098228 19.098113 19.097836 19.097190 19.095728 19.092523 19.085715 19.071710 19.043796 18.989883 18.888944 18.705668 18.382833 17.831117 16.917007 15.452197 13.195107 9.891333 5.405918 0.000000 
50.000000 43.719354 37.734469 32.299374 27.594437 23.710820 20.652821 18.354671 16.705313 15.574132 14.832238 14.366572 14.086624 13.925294 13.836097 13.788742 13.764580 13.752722 13.747119 13.744568 13.743448 13.742974 13.742780 13.742703 13.742673 13.742662 13.742657 13.742653 13.742646 13.742628 13.742583 13.742472 13.742204 13.741579 13.740171 13.737099 13.730610 13.717352 13.691143 13.641034 13.548392 13.382812 13.096878 12.620333 11.855410 10.677430 8.948750 6.559222 3.506121 0.000000 
50.000000 42.988716 36.307617 30.240296 24.988109 20.652821 17.239215 14.673859 12.832763 11.570107 10.742003 10.222238 9.909774 9.729712 9.630160 9.577310 9.550346 9.537112 9.530860 9.528013 9.526764 9.526234 9.526017 9.525932 9.525899 9.525886 9.525881 9.525877 9.525871 9.525855 9.525815 9.525716 9.525479 9.524930 9.523697 9.521018 9.515396 9.503988 9.481628 9.439315 9.362051 9.226028 8.995423 8.619607 8.032488 7.156992 5.919101 4.275857 2.256570 0.000000 
50.000000 42.439602 35.235267 28.692813 23.029372 18.354671 14.673859 11.907737 9.922591 8.561169 7.668310 7.107915 6.771034 6.576906 6.469581 6.412606 6.383538 6.369272 6.362533 6.359464 6.358117 6.357547 6.357313 6.357221 6.357185 6.357172 6.357167 6.357163 6.357158 6.357145 6.357112 6.357031 6.356838 6.356391 6.355394 6.353239 6.348743 6.339684 6.322078 6.289089 6.229557 6.126206 5.953868 5.678436 5.257793 4.646538 3.806402 2.723037 1.425828 0.000000 
50.000000 42.045488 34.465619 27.582166 21.623583 16.705313 12.832763 9.922591 7.834099 6.401827 5.462522 4.872988 4.518598 4.314386 4.201489 4.141558 4.110982 4.095978 4.088889 4.085662 4.084245 4.083645 4.083399 4.083302 4.083265 4.083251 4.083245 4.083242 4.083238 4.083228 4.083203 4.083141 4.082994 4.082656 4.081905 4.080289 4.076938 4.070233 4.057306 4.033310 3.990477 3.917049 3.796385 3.606735 3.322501 2.917914 2.373768 1.686763 0.878704 0.000000 
50.000000 41.775178 33.937745 26.820422 20.659430 15.574132 11.570107 8.561169 6.401827 4.920991 3.949853 3.340350 2.973965 2.762845 2.646132 2.584176 2.552568 2.537058 2.529730 2.526394 2.524930 2.524310 2.524056 2.523955 2.523917 2.523902 2.523897 2.523894 2.523891 2.523883 2.523865 2.523821 2.523717 2.523477 2.522945 2.521809 2.519465 2.514807 2.505893 2.489489 2.460496 2.411351 2.331613 2.208056 2.025740 1.770486 1.432896 1.013317 0.526029 0.000000 
50.000000 41.597881 33.591516 26.320806 20.027069 14.832238 10.742003 7.668310 5.462522 3.949853 2.957852 2.335265 1.961021 1.745376 1.626164 1.562883 1.530599 1.514757 1.507273 1.503867 1.502371 1.501738 1.501478 1.501376 1.501336 1.501322 1.501316 1.501314 1.501311 1.501306 1.501294 1.501264 1.501194 1.501033 1.500679 1.499926 1.498380 1.495325 1.489522 1.478926 1.460364 1.429212 1.379222 1.302688 1.191204 1.037186 0.836142 0.589223 0.305111 0.000000 
50.000000 41.486589 33.374185 26.007198 19.630146 14.366572 10.222238 7.107915 4.872988 3.340350 2.335265 1.704475 1.325303 1.106822 0.986044 0.921932 0.889226 0.873176 0.865594 0.862143 0.860628 0.859986 0.859724 0.859620 0.859580 0.859565 0.859560 0.859557 0.859556 0.859552 0.859545 0.859526 0.859481 0.859379 0.859156 0.858683 0.857717 0.855819 0.852237 0.845744 0.834458 0.815682 0.785837 0.740610 0.675430 0.586349 0.471270 0.331220 0.171196 0.000000 
50.000000 41.419678 33.243522 25.818655 19.391517 14.086624 9.909774 6.771034 4.518598 2.973965 1.961021 1.325303 0.943173 0.722990 0.601272 0.536662 0.503702 0.487528 0.479887 0.476410 0.474883 0.474236 0.473971 0.473867 0.473827 0.473812 0.473806 0.473804 0.473803 0.473801 0.473796 0.473785 0.473758 0.473696 0.473563 0.473280 0.472707 0.471587 0.469484 0.465696 0.459158 0.448365 0.431350 0.405787 0.369272 0.319807 0.256433 0.179860 0.092833 0.000000 
50.000000 41.381115 33.168217 25.709995 19.253996 13.925294 9.729712 6.576906 4.314386 2.762845 1.745376 1.106822 0.722990 0.501827 0.379568 0.314672 0.281566 0.265321 0.257646 0.254153 0.252620 0.251970 0.251704 0.251599 0.251559 0.251544 0.251539 0.251537 0.251536 0.251534 0.251531 0.251525 0.251509 0.251474 0.251398 0.251238 0.250913 0.250283 0.249105 0.246997 0.243380 0.237448 0.228163 0.214316 0.194683 0.168281 0.134680 0.094312 0.048626 0.000000 
50.000000 41.359792 33.126580 25.649915 19.177960 13.836097 9.630160 6.469581 4.201489 2.646132 1.626164 0.986044 0.601272 0.379568 0.257011 0.191956 0.158770 0.142485 0.134793 0.131291 0.129754 0.129103 0.128836 0.128731 0.128691 0.128676 0.128670 0.128668 0.128667 0.128667 0.128665 0.128661 0.128653 0.128634 0.128592 0.128505 0.128330 0.127991 0.127361 0.126238 0.124323 0.121200 0.116342 0.109142 0.098998 0.085437 0.068274 0.047749 0.024598 0.000000 
50.000000 41.348471 33.104472 25.618017 19.137591 13.788742 9.577310 6.412606 4.141558 2.584176 1.562883 0.921932 0.536662 0.314672 0.191956 0.126818 0.093589 0.077284 0.069581 0.066075 0.064536 0.063884 0.063618 0.063512 0.063472 0.063457 0.063451 0.063449 0.063449 0.063448 0.063447 0.063445 0.063441 0.063431 0.063409 0.063364 0.063274 0.063099 0.062776 0.062203 0.061231 0.059653 0.057212 0.053614 0.048571 0.041863 0.033412 0.023343 0.012017 0.000000 
50.000000 41.342694 33.093192 25.601740 19.116994 13.764580 9.550346 6.383538 4.110982 2.552568 1.530599 0.889226 0.503702 0.281566 0.158770 0.093589 0.060338 0.044023 0.036315 0.032807 0.031267 0.030614 0.030347 0.030242 0.030201 0.030186 0.030181 0.030179 0.030178 0.030178 0.030177 0.030176 0.030174 0.030169 0.030158 0.030136 0.030091 0.030005 0.029846 0.029566 0.029092 0.028326 0.027146 0.025416 0.023001 0.019803 0.015789 0.011022 0.005671 0.000000 
50.000000 41.339858 33.087655 25.593752 19.106884 13.752722 9.537112 6.369272 4.095978 2.537058 1.514757 0.873176 0.487528 0.265321 0.142485 0.077284 0.044023 0.027701 0.019991 0.016482 0.014941 0.014289 0.014022 0.013916 0.013876 0.013861 0.013855 0.013853 0.013853 0.013853 0.013852 0.013852 0.013851 0.013848 0.013843 0.013833 0.013811 0.013770 0.013695 0.013563 0.013341 0.012983 0.012435 0.011633 0.010519 0.009048 0.007208 0.005028 0.002586 0.000000 
50.000000 41.338519 33.085039 25.589977 19.102107 13.747119 9.530860 6.362533 4.088889 2.529730 1.507273 0.865594 0.479887 0.257646 0.134793 0.069581 0.036315 0.019991 0.012280 0.008770 0.007230 0.006577 0.006310 0.006204 0.006164 0.006149 0.006143 0.006141 0.006141 0.006140 0.006140 0.006140 0.006140 0.006139 0.006136 0.006131 0.006121 0.006103 0.006069 0.006009 0.005909 0.005748 0.005502 0.005144 0.004647 0.003995 0.003180 0.002217 0.001140 0.000000 
50.000000 41.337908 33.083848 25.588258 19.099933 13.744568 9.528013 6.359464 4.085662 2.526394 1.503867 0.862143 0.476410 0.254153 0.131291 0.066075 0.032807 0.016482 0.008770 0.005260 0.003719 0.003067 0.002799 0.002694 0.002653 0.002638 0.002633 0.002631 0.002630 0.002630 0.002630 0.002630 0.002630 0.002629 0.002628 0.002626 0.002622 0.002614 0.002599 0.002573 0.002529 0.002459 0.002353 0.002198 0.001985 0.001705 0.001356 0.000945 0.000486 0.000000 
50.000000 41.337641 33.083325 25.587504 19.098978 13.743448 9.526764 6.358118 4.084245 2.524930 1.502371 0.860628 0.474883 0.252620 0.129754 0.064536 0.031267 0.014942 0.007230 0.003719 0.002178 0.001526 0.001259 0.001153 0.001112 0.001097 0.001092 0.001090 0.001090 0.001089 0.001089 0.001089 0.001089 0.001089 0.001088 0.001088 0.001086 0.001082 0.001076 0.001065 0.001047 0.001017 0.000973 0.000909 0.000820 0.000704 0.000560 0.000390 0.000200 0.000000 
50.000000 41.337527 33.083103 25.587184 19.098573 13.742974 9.526234 6.357547 4.083645 2.524310 1.501738 0.859987 0.474236 0.251971 0.129103 0.063885 0.030615 0.014289 0.006577 0.003067 0.001526 0.000873 0.000606 0.000500 0.000460 0.000445 0.000440 0.000438 0.000437 0.000437 0.000437 0.000437 0.000437 0.000437 0.000436 0.000436 0.000435 0.000434 0.000431 0.000427 0.000419 0.000408 0.000390 0.000364 0.000328 0.000281 0.000224 0.000156 0.000080 0.000000 
50.000000 41.337481 33.083012 25.587053 19.098408 13.742780 9.526018 6.357314 4.083400 2.524057 1.501479 0.859725 0.473972 0.251705 0.128837 0.063618 0.030348 0.014023 0.006311 0.002800 0.001259 0.000607 0.000340 0.000234 0.000193 0.000178 0.000173 0.000171 0.000171 0.000170 0.000170 0.000170 0.000170 0.000170 0.000170 0.000170 0.000170 0.000169 0.000168 0.000166 0.000163 0.000159 0.000152 0.000142 0.000128 0.000109 0.000087 0.000061 0.000031 0.000000 
50.000000 41.337463 33.082977 25.587003 19.098344 13.742705 9.525934 6.357223 4.083305 2.523958 1.501378 0.859623 0.473870 0.251602 0.128734 0.063515 0.030244 0.013919 0.006207 0.002696 0.001156 0.000503 0.000236 0.000130 0.000090 0.000075 0.000069 0.000067 0.000067 0.000067 0.000066 0.000066 0.000066 0.000066 0.000066 0.000066 0.000066 0.000066 0.000066 0.000065 0.000064 0.000062 0.000059 0.000055 0.000050 0.000043 0.000034 0.000024 0.000012 0.000000 
50.000000 41.337457 33.082965 25.586985 19.098322 13.742679 9.525905 6.357193 4.083272 2.523925 1.501344 0.859588 0.473835 0.251567 0.128699 0.063480 0.030209 0.013884 0.006172 0.002661 0.001121 0.000468 0.000201 0.000095 0.000055 0.000040 0.000034 0.000032 0.000032 0.000031 0.000031 0.000031 0.000031 0.000031 0.000031 0.000031 0.000031 0.000031 0.000031 0.000031 0.000030 0.000029 0.000028 0.000026 0.000023 0.000020 0.000016 0.000011 0.000006 0.000000 
50.000000 41.337457 33.082965 25.586985 19.098322 13.742679 9.525905 6.357193 4.083272 2.523925 1.501344 0.859588 0.473835 0.251567 0.128699 0.063480 0.030209 0.013884 0.006172 0.002661 0.001121 0.000468 0.000201 0.000095 0.000055 0.000040 0.000034 0.000032 0.000032 0.000031 0.000031 0.000031 0.000031 0.000031 0.000031 0.000031 0.000031 0.000031 0.000031 0.000031 0.000030 0.000029 0.000028 0.000026 0.000023 0.000020 0.000016 0.000011 0.000006 0.000000 
50.000000 41.337463 33.082977 25.587003 19.098344 13.742705 9.525934 6.357223 4.083305 2.523958 1.501378 0.859623 0.473870 0.251602 0.128734 0.063515 0.030244 0.013919 0.006207 0.002696 0.001156 0.000503 0.000236 0.000130 0.000090 0.000075 0.000069 0.000067 0.000067 0.000067 0.000066 0.000066 0.000066 0.000066 0.000066 0.000066 0.000066 0.000066 0.000066 0.000065 0.000064 0.000062 0.000059 0.000055 0.000050 0.000043 0.000034 0.000024 0.000012 0.000000 
50.000000 41.337481 33.083012 25.587053 19.098408 13.742780 9.526018 6.357314 4.083400 2.524057 1.501479 0.859725 0.473972 0.251705 0.128837 0.063618 0.030348 0.014023 0.006311 0.002800 0.001259 0.000607 0.000340 0.000234 0.000193 0.000178 0.000173 0.000171 0.000171 0.000170 0.000170 0.000170 0.000170 0.000170 0.000170 0.000170 0.000170 0.000169 0.000168 0.000166 0.000163 0.000159 0.000152 0.000142 0.000128 0.000109 0.000087 0.000061 0.000031 0.000000 
50.000000 41.337527 33.083103 25.587184 19.098573 13.742974 9.526234 6.357547 4.083645 2.524310 1.501738 0.859987 0.474236 0.251971 0.129103 0.063885 0.030615 0.014289 0.006577 0.003067 0.001526 0.000873 0.000606 0.000500 0.000460 0.000445 0.000440 0.000438 0.000437 0.000437 0.000437 0.000437 0.000437 0.000437 0.000436 0.000436 0.000435 0.000434 0.000431 0.000427 0.000419 0.000408 0.000390 0.000364 0.000328 0.000281 0.000224 0.000156 0.000080 0.000000 
50.000000 41.337641 33.083325 25.587504 19.098978 13.743448 9.526764 6.358118 4.084245 2.524930 1.502371 0.860628 0.474883 0.252620 0.129754 0.064536 0.031267 0.014942 0.007230 0.003719 0.002178 0.001526 0.001259 0.001153 0.001112 0.001097 0.001092 0.001090 0.001090 0.001089 0.001089 0.001089 0.001089 0.001089 0.001088 0.001088 0.001086 0.001082 0.001076 0.001065 0.001047 0.001017 0.000973 0.000909 0.000820 0.000704 0.000560 0.000390 0.000200 0.000000 
50.000000 41.337908 33.083848 25.588258 19.099933 13.744568 9.528013 6.359464 4.085662 2.526394 1.503867 0.862143 0.476410 0.254153 0.131291 0.066075 0.032807 0.016482 0.008770 0.005260 0.003719 0.003067 0.002799 0.002694 0.002653 0.002638 0.002633 0.002631 0.002630 0.002630 0.002630 0.002630 0.002630 0.002629 0.002628 0.002626 0.002622 0.002614 0.002599 0.002573 0.002529 0.002459 0.002353 0.002198 0.001985 0.001705 0.001356 0.000945 0.000486 0.000000 
50.000000 41.338519 33.085039 25.589977 19.102107 13.747119 9.530860 6.362533 4.088889 2.529730 1.507273 0.865594 0.479887 0.257646 0.134793 0.069581 0.036315 0.019991 0.012280 0.008770 0.007230 0.006577 0.006310 0.006204 0.006164 0.006149 0.006143 0.006141 0.006141 0.006140 0.006140 0.006140 0.006140 0.006139 0.006136 0.006131 0.006121 0.006103 0.006069 0.006009 0.005909 0.005748 0.005502 0.005144 0.004647 0.003995 0.003180 0.002217 0.001140 0.000000 
50.000000 41.339858 33.087655 25.593752 19.106884 13.752722 9.537112 6.369272 4.095978 2.537058 1.514757 0.873176 0.487528 0.265321 0.142485 0.077284 0.044023 0.027701 0.019991 0.016482 0.014941 0.014289 0.014022 0.013916 0.013876 0.013861 0.013855 0.013853 0.013853 0.013853 0.013852 0.013852 0.013851 0.013848 0.013843 0.013833 0.013811 0.013770 0.013695 0.013563 0.013341 0.012983 0.012435 0.011633 0.010519 0.009048 0.007208 0.005028 0.002586 0.000000 
50.000000 41.342694 33.093192 25.601740 19.116994 13.764580 9.550346 6.383538 4.110982 2.552568 1.530599 0.889226 0.503702 0.281566 0.158770 0.093589 0.060338 0.044023 0.036315 0.032807 0.031267 0.030614 0.030347 0.030242 0.030201 0.030186 0.030181 0.030179 0.030178 0.030178 0.030177 0.030176 0.030174 0.030169 0.030158 0.030136 0.030091 0.030005 0.029846 0.029566 0.029092 0.028326 0.027146 0.025416 0.023001 0.019803 0.015789 0.011022 0.005671 0.000000 
50.000000 41.348471 33.104472 25.618017 19.137591 13.788742 9.577310 6.412606 4.141558 2.584176 1.562883 0.921932 0.536662 0.314672 0.191956 0.126818 0.093589 0.077284 0.069581 0.066075 0.064536 0.063884 0.063618 0.063512 0.063472 0.063457 0.063451 0.063449 0.063449 0.063448 0.063447 0.063445 0.063441 0.063431 0.063409 0.063364 0.063274 0.063099 0.062776 0.062203 0.061231 0.059653 0.057212 0.053614 0.048571 0.041863 0.033412 0.023343 0.012017 0.000000 
50.000000 41.359792 33.126580 25.649915 19.177960 13.836097 9.630160 6.469581 4.201489 2.646132 1.626164 0.986044 0.601272 0.379568 0.257011 0.191956 0.158770 0.142485 0.134793 0.131291 0.129754 0.129103 0.128836 0.128731 0.128691 0.128676 0.128670 0.128668 0.128667 0.128667 0.128665 0.128661 0.128653 0.128634 0.128592 0.128505 0.128330 0.127991 0.127361 0.126238 0.124323 0.121200 0.116342 0.109142 0.098998 0.085437 0.068274 0.047749 0.024598 0.000000 
50.000000 41.381115 33.168217 25.709995 19.253996 13.925294 9.729712 6.576906 4.314386 2.762845 1.745376 1.106822 0.722990 0.501827 0.379568 0.314672 0.281566 0.265321 0.257646 0.254153 0.252620 0.251970 0.251704 0.251599 0.251559 0.251544 0.251539 0.251537 0.251536 0.251534 0.251531 0.251525 0.251509 0.251474 0.251398 0.251238 0.250913 0.250283 0.249105 0.246997 0.243380 0.237448 0.228163 0.214316 0.194683 0.168281 0.134680 0.094312 0.048626 0.000000 
50.000000 41.419678 33.243522 25.818655 19.391517 14.086624 9.909774 6.771034 4.518598 2.973965 1.961021 1.325303 0.943173 0.722990 0.601272 0.536662 0.503702 0.487528 0.479887 0.476410 0.474883 0.474236 0.473971 0.473867 0.473827 0.473812 0.473806 0.473804 0.473803 0.473801 0.473796 0.473785 0.473758 0.473696 0.473563 0.473280 0.472707 0.471587 0.469484 0.465696 0.459158 0.448365 0.431350 0.405787 0.369272 0.319807 0.256433 0.179860 0.092833 0.000000 
50.000000 41.486589 33.374185 26.007198 19.630146 14.366572 10.222238 7.107915 4.872988 3.340350 2.335265 1.704475 1.325303 1.106822 0.986044 0.921932 0.889226 0.873176 0.865594 0.862143 0.860628 0.859986 0.859724 0.859620 0.859580 0.859565 0.859560 0.859557 0.859556 0.859552 0.859545 0.859526 0.859481 0.859379 0.859156 0.858683 0.857717 0.855819 0.852237 0.845744 0.834458 0.815682 0.785837 0.740610 0.675430 0.586349 0.471270 0.331220 0.171196 0.000000 
50.000000 41.597881 33.591516 26.320806 20.027069 14.832238 10.742003 7.668310 5.462522 3.949853 2.957852 2.335265 1.961021 1.745376 1.626164 1.562883 1.530599 1.514757 1.507273 1.503867 1.502371 1.501738 1.501478 1.501376 1.501336 1.501322 1.501316 1.501314 1.501311 1.501306 1.501294 1.501264 1.501194 1.501033 1.500679 1.499926 1.498380 1.495325 1.489522 1.478926 1.460364 1.429212 1.379222 1.302688 1.191204 1.037186 0.836142 0.589223 0.305111 0.000000 
50.000000 41.775178 33.937745 26.820422 20.659430 15.574132 11.570107 8.561169 6.401827 4.920991 3.949853 3.340350 2.973965 2.762845 2.646132 2.584176 2.552568 2.537058 2.529730 2.526394 2.524930 2.524310 2.524056 2.523955 2.523917 2.523902 2.523897 2.523894 2.523891 2.523883 2.523865 2.523821 2.523717 2.523477 2.522945 2.521809 2.519465 2.514807 2.505893 2.489489 2.460496 2.411351 2.331613 2.208056 2.025740 1.770486 1.432896 1.013317 0.526029 0.000000 
50.000000 42.045488 34.465619 27.582166 21.623583 16.705313 12.832763 9.922591 7.834099 6.401827 5.462522 4.872988 4.518598 4.314386 4.201489 4.141558 4.110982 4.095978 4.088889 4.085662 4.084245 4.083645 4.083399 4.083302 4.083265 4.083251 4.083245 4.083242 4.083238 4.083228 4.083203 4.083141 4.082994 4.082656 4.081905 4.080289 4.076938 4.070233 4.057306 4.033310 3.990477 3.917049 3.796385 3.606735 3.322501 2.917914 2.373768 1.686763 0.878704 0.000000 
50.000000 42.439602 35.235267 28.692813 23.029372 18.354671 14.673859 11.907737 9.922591 8.561169 7.668310 7.107915 6.771034 6.576906 6.469581 6.412606 6.383538 6.369272 6.362533 6.359464 6.358117 6.357547 6.357313 6.357221 6.357185 6.357172 6.357167 6.357163 6.357158 6.357145 6.357112 6.357031 6.356838 6.356391 6.355394 6.353239 6.348743 6.339684 6.322078 6.289089 6.229557 6.126206 5.953868 5.678436 5.257793 4.646538 3.806402 2.723037 1.425828 0.000000 
50.000000 42.988716 36.307617 30.240296 24.988109 20.652821 17.239215 14.673859 12.832763 11.570107 10.742003 10.222238 9.909774 9.729712 9.630160 9.577310 9.550346 9.537112 9.530860 9.528013 9.526764 9.526234 9.526017 9.525932 9.525899 9.525886 9.525881 9.525877 9.525871 9.525855 9.525815 9.525716 9.525479 9.524930 9.523697 9.521018 9.515396 9.503988 9.481628 9.439315 9.362051 9.226028 8.995423 8.619607 8.032488 7.156992 5.919101 4.275857 2.256570 0.000000 
50.000000 43.719354 37.734469 32.299374 27.594437 23.710820 20.652821 18.354671 16.705313 15.574132 14.832238 14.366572 14.086624 13.925294 13.836097 13.788742 13.764580 13.752722 13.747119 13.744568 13.743448 13.742974 13.742780 13.742703 13.742673 13.742662 13.742657 13.742653 13.742646 13.742628 13.742583 13.742472 13.742204 13.741579 13.740171 13.737099 13.730610 13.717352 13.691143 13.641034 13.548392 13.382812 13.096878 12.620333 11.855410 10.677430 8.948750 6.559222 3.506121 0.000000 
50.000000 44.647220 39.546494 34.914312 30.904394 27.594437 24.988109 23.029372 21.623583 20.659430 20.027069 19.630146 19.391517 19.253996 19.177960 19.137591 19.116994 19.106884 19.102107 19.099932 19.098978 19.098573 19.098407 19.098342 19.098317 19.098307 19.098303 19.098299 19.098292 19.098274 19.098228 19.098113 19.097836 19.097190 19.095728 19.092523 19.085715 19.071710 19.043796 18.989883 18.888944 18.705668 18.382833 17.831117 16.917007 15.452197 13.195107 9.891333 5.405918 0.000000 
50.000000 45.771281 41.741676 38.082208 34.914312 32.299374 30.240296 28.692813 27.582166 26.820422 26.320806 26.007198 25.818655 25.709995 25.649915 25.618017 25.601740 25.593752 25.589977 25.588258 25.587504 25.587184 25.587053 25.587001 25.586981 25.586974 25.586970 25.586967 25.586960 25.586944 25.586902 25.586797 25.586544 25.585951 25.584605 25.581641 25.575315 25.562221 25.535928 25.484664 25.387526 25.208398 24.886411 24.321194 23.350624 21.719206 19.041104 14.788242 8.422412 0.000000 
50.000000 47.069755 44.277478 41.741676 39.546494 37.734469 36.307617 35.235267 34.465619 33.937745 33.591516 33.374185 33.243522 33.168217 33.126580 33.104472 33.093192 33.087655 33.085039 33.083848 33.083324 33.083103 33.083012 33.082976 33.082962 33.082957 33.082955 33.082952 33.082947 33.082935 33.082902 33.082822 33.082627 33.082170 33.081129 33.078831 33.073905 33.063662 33.042965 33.002293 32.924428 32.778856 32.512230 32.031760 31.175247 29.655161 26.953434 22.138739 13.669900 0.000000 
50.000000 48.499554 47.069755 45.771281 44.647220 43.719354 42.988716 42.439602 42.045488 41.775178 41.597881 41.486589 41.419678 41.381115 41.359792 41.348471 41.342694 41.339858 41.338519 41.337908 41.337641 41.337527 41.337481 41.337462 41.337455 41.337452 41.337451 41.337450 41.337447 41.337440 41.337423 41.337379 41.337273 41.337023 41.336454 41.335195 41.332489 41.326845 41.315393 41.292770 41.249148 41.166784 41.013774 40.732146 40.213234 39.241303 37.348869 33.399854 24.249777 0.000000 
50.000000 50.000000 50.000000 50.000000 50.000000 50.000000 50.000000 50.000000 50.000000 50.000000 50.000000 50.000000 50.000000 50.000000 50.000000 50.000000 50.000000 50.000000 50.000000 50.000000 50.000000 50.000000 50.000000 50.000000 50.000000 50.000000 50.000000 50.000000 50.000000 50.000000 50.000000 50.000000 50.000000 50.000000 50.000000 50.000000 50.000000 50.000000 50.000000 50.000000 50.000000 50.000000 50.000000 50.000000 50.000000 50.000000 50.000000 50.000000 50.000000 50.000000 
