50.000000 50.000000 50.000000 50.000000 50.000000 50.000000 50.000000 50.000000 50.000000 50.000000 50.000000 50.000000 50.000000 50.000000 50.000000 50.000000 50.000000 50.000000 50.000000 50.000000 50.000000 50.000000 50.000000 50.000000 50.000000 50.000000 50.000000 50.000000 50.000000 50.000000 50.000000 50.000000 50.000000 50.000000 50.000000 50.000000 50.000000 50.000000 50.000000 50.000000 50.000000 50.000000 50.000000 50.000000 50.000000 50.000000 50.000000 50.000000 50.000000 50.000000 
50.000000 41.582244 35.353697 31.840515 30.274327 29.704353 29.530472 29.485046 29.474708 29.472630 29.472257 29.472196 29.472187 29.472186 29.472186 29.472186 29.472186 29.472186 29.472186 29.472186 29.472186 29.472186 29.472186 29.472186 29.472186 29.472186 29.472186 29.472186 29.472186 29.472186 29.472186 29.472186 29.472186 29.472186 29.472186 29.472186 29.472186 29.472186 29.472185 29.472182 29.472155 29.471981 29.470946 29.465346 29.437868 29.315843 28.824645 27.015916 20.791122 0.000000 
50.000000 35.353697 24.518992 18.410185 15.688262 14.698273 14.396451 14.317657 14.299737 14.296137 14.295491 14.295387 14.295371 14.295369 14.295369 14.295369 14.295369 14.295369 14.295369 14.295369 14.295369 14.295369 14.295369 14.295369 14.295369 14.295369 14.295369 14.295369 14.295369 14.295369 14.295369 14.295369 14.295369 14.295369 14.295369 14.295369 14.295369 14.295369 14.295368 14.295364 14.295334 14.295143 14.294021 14.288080 14.259847 14.140465 13.695978 12.259496 8.337781 0.000000 
50.000000 31.840515 18.410185 10.841098 7.470322 6.245090 5.871799 5.774414 5.752284 5.747841 5.747044 5.746915 5.746896 5.746894 5.746894 5.746894 5.746894 5.746894 5.746894 5.746894 5.746894 5.746894 5.746894 5.746894 5.746894 5.746894 5.746894 5.746894 5.746894 5.746894 5.746894 5.746894 5.746894 5.746894 5.746894 5.746894 5.746894 5.746893 5.746893 5.746890 5.746872 5.746752 5.746062 5.742475 5.725874 5.658317 5.420549 4.714207 3.015869 0.000000 
50.000000 30.274327 15.688262 7.470322 3.812005 2.482843 2.078080 1.972539 1.948567 1.943757 1.942895 1.942756 1.942735 1.942732 1.942732 1.942732 1.942732 1.942732 1.942732 1.942732 1.942732 1.942732 1.942732 1.942732 1.942732 1.942732 1.942732 1.942732 1.942732 1.942732 1.942732 1.942732 1.942732 1.942732 1.942732 1.942732 1.942732 1.942732 1.942732 1.942731 1.942722 1.942669 1.942367 1.940817 1.933791 1.906003 1.812005 1.547797 0.958485 0.000000 
50.000000 29.704353 14.698273 6.245090 2.482843 1.116246 0.700190 0.591734 0.567107 0.562167 0.561282 0.561139 0.561118 0.561115 0.561114 0.561114 0.561114 0.561114 0.561114 0.561114 0.561114 0.561114 0.561114 0.561114 0.561114 0.561114 0.561114 0.561114 0.561114 0.561114 0.561114 0.561114 0.561114 0.561114 0.561114 0.561114 0.561114 0.561114 0.561114 0.561114 0.561111 0.561093 0.560989 0.560465 0.558123 0.549051 0.519216 0.438426 0.266486 0.000000 
50.000000 29.530472 14.396451 5.871799 2.078080 0.700190 0.280742 0.171414 0.146591 0.141613 0.140721 0.140577 0.140556 0.140553 0.140553 0.140552 0.140552 0.140552 0.140552 0.140552 0.140552 0.140552 0.140552 0.140552 0.140552 0.140552 0.140552 0.140552 0.140552 0.140552 0.140552 0.140552 0.140552 0.140552 0.140552 0.140552 0.140552 0.140552 0.140552 0.140552 0.140552 0.140546 0.140517 0.140371 0.139726 0.137263 0.129324 0.108371 0.065125 0.000000 
50.000000 29.485046 14.317657 5.774414 1.972539 0.591734 0.171414 0.061862 0.036990 0.032002 0.031108 0.030964 0.030943 0.030940 0.030939 0.030939 0.030939 0.030939 0.030939 0.030939 0.030939 0.030939 0.030939 0.030939 0.030939 0.030939 0.030939 0.030939 0.030939 0.030939 0.030939 0.030939 0.030939 0.030939 0.030939 0.030939 0.030939 0.030939 0.030939 0.030939 0.030939 0.030938 0.030931 0.030896 0.030745 0.030172 0.028352 0.023636 0.014100 0.000000 
50.000000 29.474708 14.299737 5.752284 1.948567 0.567107 0.146591 0.036990 0.012107 0.007117 0.006223 0.006078 0.006057 0.006054 0.006054 0.006054 0.006054 0.006054 0.006054 0.006054 0.006054 0.006054 0.006054 0.006054 0.006054 0.006054 0.006054 0.006054 0.006054 0.006054 0.006054 0.006054 0.006054 0.006054 0.006054 0.006054 0.006054 0.006054 0.006054 0.006054 0.006054 0.006054 0.006052 0.006045 0.006014 0.005897 0.005531 0.004595 0.002728 0.000000 
50.000000 29.472630 14.296137 5.747841 1.943757 0.562167 0.141613 0.032002 0.007117 0.002127 0.001232 0.001088 0.001067 0.001064 0.001063 0.001063 0.001063 0.001063 0.001063 0.001063 0.001063 0.001063 0.001063 0.001063 0.001063 0.001063 0.001063 0.001063 0.001063 0.001063 0.001063 0.001063 0.001063 0.001063 0.001063 0.001063 0.001063 0.001063 0.001063 0.001063 0.001063 0.001063 0.001063 0.001062 0.001056 0.001035 0.000969 0.000803 0.000475 0.000000 
50.000000 29.472257 14.295491 5.747044 1.942895 0.561282 0.140721 0.031108 0.006223 0.001232 0.000338 0.000194 0.000172 0.000169 0.000169 0.000169 0.000169 0.000169 0.000169 0.000169 0.000169 0.000169 0.000169 0.000169 0.000169 0.000169 0.000169 0.000169 0.000169 0.000169 0.000169 0.000169 0.000169 0.000169 0.000169 0.000169 0.000169 0.000169 0.000169 0.000169 0.000169 0.000169 0.000169 0.000169 0.000168 0.000164 0.000154 0.000127 0.000075 0.000000 
50.000000 29.472196 14.295387 5.746915 1.942756 0.561139 0.140577 0.030964 0.006078 0.001088 0.000194 0.000049 0.000028 0.000025 0.000025 0.000025 0.000025 0.000025 0.000025 0.000025 0.000025 0.000025 0.000025 0.000025 0.000025 0.000025 0.000025 0.000025 0.000025 0.000025 0.000025 0.000025 0.000025 0.000025 0.000025 0.000025 0.000025 0.000025 0.000025 0.000025 0.000025 0.000025 0.000025 0.000024 0.000024 0.000024 0.000022 0.000018 0.000011 0.000000 
50.000000 29.472187 14.295371 5.746896 1.942735 0.561118 0.140556 0.030943 0.006057 0.001067 0.000172 0.000028 0.000007 0.000004 0.000003 0.000003 0.000003 0.000003 0.000003 0.000003 0.000003 0.000003 0.000003 0.000003 0.000003 0.000003 0.000003 0.000003 0.000003 0.000003 0.000003 0.000003 0.000003 0.000003 0.000003 0.000003 0.000003 0.000003 0.000003 0.000003 0.000003 0.000003 0.000003 0.000003 0.000003 0.000003 0.000003 0.000002 0.000001 0.000000 
50.000000 29.472186 14.295369 5.746894 1.942732 0.561115 0.140553 0.030940 0.006054 0.001064 0.000169 0.000025 0.000004 0.000001 0.000000 0.000000 0.000000 0.000000 0.000000 0.000000 0.000000 0.000000 0.000000 0.000000 0.000000 0.000000 0.000000 0.000000 0.000000 0.000000 0.000000 0.000000 0.000000 0.000000 0.000000 0.000000 0.000000 0.000000 0.000000 0.000000 0.000000 0.000000 0.000000 0.000000 0.000000 0.000000 0.000000 0.000000 0.000000 0.000000 
50.000000 29.472186 14.295369 5.746894 1.942732 0.561114 0.140553 0.030939 0.006054 0.001063 0.000169 0.000025 0.000003 0.000000 0.000000 0.000000 0.000000 0.000000 0.000000 0.000000 0.000000 0.000000 0.000000 0.000000 0.000000 0.000000 0.000000 0.000000 0.000000 0.000000 0.000000 0.000000 0.000000 0.000000 0.000000 0.000000 0.000000 0.000000 0.000000 0.000000 0.000000 0.000000 0.000000 0.000000 0.000000 0.000000 0.000000 0.000000 0.000000 0.000000 
50.000000 29.472186 14.295369 5.746894 1.942732 0.561114 0.140552 0.030939 0.006054 0.001063 0.000169 0.000025 0.000003 0.000000 0.000000 0.000000 0.000000 0.000000 0.000000 0.000000 0.000000 0.000000 0.000000 0.000000 0.000000 0.000000 0.000000 0.000000 0.000000 0.000000 0.000000 0.000000 0.000000 0.000000 0.000000 0.000000 0.000000 0.000000 0.000000 0.000000 0.000000 0.000000 0.000000 0.000000 0.000000 0.000000 0.000000 0.000000 0.000000 0.000000 
50.000000 29.472186 14.295369 5.746894 1.942732 0.561114 0.140552 0.030939 0.006054 0.001063 0.000169 0.000025 0.000003 0.000000 0.000000 0.000000 0.000000 0.000000 0.000000 0.000000 0.000000 0.000000 0.000000 0.000000 0.000000 0.000000 0.000000 0.000000 0.000000 0.000000 0.000000 0.000000 0.000000 0.000000 0.000000 0.000000 0.000000 0.000000 0.000000 0.000000 0.000000 0.000000 0.000000 0.000000 0.000000 0.000000 0.000000 0.000000 0.000000 0.000000 
50.000000 29.472186 14.295369 5.746894 1.942732 0.561114 0.140552 0.030939 0.006054 0.001063 0.000169 0.000025 0.000003 0.000000 0.000000 0.000000 0.000000 0.000000 0.000000 0.000000 0.000000 0.000000 0.000000 0.000000 0.000000 0.000000 0.000000 0.000000 0.000000 0.000000 0.000000 0.000000 0.000000 0.000000 0.000000 0.000000 0.000000 0.000000 0.000000 0.000000 0.000000 0.000000 0.000000 0.000000 0.000000 0.000000 0.000000 0.000000 0.000000 0.000000 
50.000000 29.472186 14.295369 5.746894 1.942732 0.561114 0.140552 0.030939 0.006054 0.001063 0.000169 0.000025 0.000003 0.000000 0.000000 0.000000 0.000000 0.000000 0.000000 0.000000 0.000000 0.000000 0.000000 0.000000 0.000000 0.000000 0.000000 0.000000 0.000000 0.000000 0.000000 0.000000 0.000000 0.000000 0.000000 0.000000 0.000000 0.000000 0.000000 0.000000 0.000000 0.000000 0.000000 0.000000 0.000000 0.000000 0.000000 0.000000 0.000000 0.000000 
50.000000 29.472186 14.295369 5.746894 1.942732 0.561114 0.140552 0.030939 0.006054 0.001063 0.000169 0.000025 0.000003 0.000000 0.000000 0.000000 0.000000 0.000000 0.000000 0.000000 0.000000 0.000000 0.000000 0.000000 0.000000 0.000000 0.000000 0.000000 0.000000 0.000000 0.000000 0.000000 0.000000 0.000000 0.000000 0.000000 0.000000 0.000000 0.000000 0.000000 0.000000 0.000000 0.000000 0.000000 0.000000 0.000000 0.000000 0.000000 0.000000 0.000000 
50.000000 29.472186 14.295369 5.746894 1.942732 0.561114 0.140552 0.030939 0.006054 0.001063 0.000169 0.000025 0.000003 0.000000 0.000000 0.000000 0.000000 0.000000 0.000000 0.000000 0.000000 0.000000 0.000000 0.000000 0.000000 0.000000 0.000000 0.000000 0.000000 0.000000 0.000000 0.000000 0.000000 0.000000 0.000000 0.000000 0.000000 0.000000 0.000000 0.000000 0.000000 0.000000 0.000000 0.000000 0.000000 0.000000 0.000000 0.000000 0.000000 0.000000 
50.000000 29.472186 14.295369 5.746894 1.942732 0.561114 0.140552 0.030939 0.006054 0.001063 0.000169 0.000025 0.000003 0.000000 0.000000 0.000000 0.000000 0.000000 0.000000 0.000000 0.000000 0.000000 0.000000 0.000000 0.000000 0.000000 0.000000 0.000000 0.000000 0.000000 0.000000 0.000000 0.000000 0.000000 0.000000 0.000000 0.000000 0.000000 0.000000 0.000000 0.000000 0.000000 0.000000 0.000000 0.000000 0.000000 0.000000 0.000000 0.000000 0.000000 
50.000000 29.472186 14.295369 5.746894 1.942732 0.561114 0.140552 0.030939 0.006054 0.001063 0.000169 0.000025 0.000003 0.000000 0.000000 0.000000 0.000000 0.000000 0.000000 0.000000 0.000000 0.000000 0.000000 0.000000 0.000000 0.000000 0.000000 0.000000 0.000000 0.000000 0.000000 0.000000 0.000000 0.000000 0.000000 0.000000 0.000000 0.000000 0.000000 0.000000 0.000000 0.000000 0.000000 0.000000 0.000000 0.000000 0.000000 0.000000 0.000000 0.000000 
50.000000 29.472186 14.295369 5.746894 1.942732 0.561114 0.140552 0.030939 0.006054 0.001063 0.000169 0.000025 0.000003 0.000000 0.000000 0.000000 0.000000 0.000000 0.000000 0.000000 0.000000 0.000000 0.000000 0.000000 0.000000 0.000000 0.000000 0.000000 0.000000 0.000000 0.000000 0.000000 0.000000 0.000000 0.000000 0.000000 0.000000 0.000000 0.000000 0.000000 0.000000 0.000000 0.000000 0.000000 0.000000 0.000000 0.000000 0.000000 0.000000 0.000000 
50.000000 29.472186 14.295369 5.746894 1.942732 0.561114 0.140552 0.030939 0.006054 0.001063 0.000169 0.000025 0.000003 0.000000 0.000000 0.000000 0.000000 0.000000 0.000000 0.000000 0.000000 0.000000 0.000000 0.000000 0.000000 0.000000 0.000000 0.000000 0.000000 0.000000 0.000000 0.000000 0.000000 0.000000 0.000000 0.000000 0.000000 0.000000 0.000000 0.000000 0.000000 0.000000 0.000000 0.000000 0.000000 0.000000 0.000000 0.000000 0.000000 0.000000 
50.000000 29.472186 14.295369 5.746894 1.942732 0.561114 0.140552 0.030939 0.006054 0.001063 0.000169 0.000025 0.000003 0.000000 0.000000 0.000000 0.000000 0.000000 0.000000 0.000000 0.000000 0.000000 0.000000 0.000000 0.000000 0.000000 0.000000 0.000000 0.000000 0.000000 0.000000 0.000000 0.000000 0.000000 0.000000 0.000000 0.000000 0.000000 0.000000 0.000000 0.000000 0.000000 0.000000 0.000000 0.000000 0.000000 0.000000 0.000000 0.000000 0.000000 
50.000000 29.472186 14.295369 5.746894 1.942732 0.561114 0.140552 0.030939 0.006054 0.001063 0.000169 0.000025 0.000003 0.000000 0.000000 0.000000 0.000000 0.000000 0.000000 0.000000 0.000000 0.000000 0.000000 0.000000 0.000000 0.000000 0.000000 0.000000 0.000000 0.000000 0.000000 0.000000 0.000000 0.000000 0.000000 0.000000 0.000000 0.000000 0.000000 0.000000 0.000000 0.000000 0.000000 0.000000 0.000000 0.000000 0.000000 0.000000 0.000000 0.000000 
50.000000 29.472186 14.295369 5.746894 1.942732 0.561114 0.140552 0.030939 0.006054 0.001063 0.000169 0.000025 0.000003 0.000000 0.000000 0.000000 0.000000 0.000000 0.000000 0.000000 0.000000 0.000000 0.000000 0.000000 0.000000 0.000000 0.000000 0.000000 0.000000 0.000000 0.000000 0.000000 0.000000 0.000000 0.000000 0.000000 0.000000 0.000000 0.000000 0.000000 0.000000 0.000000 0.000000 0.000000 0.000000 0.000000 0.000000 0.000000 0.000000 0.000000 
50.000000 29.472186 14.295369 5.746894 1.942732 0.561114 0.140552 0.030939 0.006054 0.001063 0.000169 0.000025 0.000003 0.000000 0.000000 0.000000 0.000000 0.000000 0.000000 0.000000 0.000000 0.000000 0.000000 0.000000 0.000000 0.000000 0.000000 0.000000 0.000000 0.000000 0.000000 0.000000 0.000000 0.000000 0.000000 0.000000 0.000000 0.000000 0.000000 0.000000 0.000000 0.000000 0.000000 0.000000 0.000000 0.000000 0.000000 0.000000 0.000000 0.000000 
50.000000 29.472186 14.295369 5.746894 1.942732 0.561114 0.140552 0.030939 0.006054 0.001063 0.000169 0.000025 0.000003 0.000000 0.000000 0.000000 0.000000 0.000000 0.000000 0.000000 0.000000 0.000000 0.000000 0.000000 0.000000 0.000000 0.000000 0.000000 0.000000 0.000000 0.000000 0.000000 0.000000 0.000000 0.000000 0.000000 0.000000 0.000000 0.000000 0.000000 0.000000 0.000000 0.000000 0.000000 0.000000 0.000000 0.000000 0.000000 0.000000 0.000000 
50.000000 29.472186 14.295369 5.746894 1.942732 0.561114 0.140552 0.030939 0.006054 0.001063 0.000169 0.000025 0.000003 0.000000 0.000000 0.000000 0.000000 0.000000 0.000000 0.000000 0.000000 0.000000 0.000000 0.000000 0.000000 0.000000 0.000000 0.000000 0.000000 0.000000 0.000000 0.000000 0.000000 0.000000 0.000000 0.000000 0.000000 0.000000 0.000000 0.000000 0.000000 0.000000 0.000000 0.000000 0.000000 0.000000 0.000000 0.000000 0.000000 0.000000 
50.000000 29.472186 14.295369 5.746894 1.942732 0.561114 0.140552 0.030939 0.006054 0.001063 0.000169 0.000025 0.000003 0.000000 0.000000 0.000000 0.000000 0.000000 0.000000 0.000000 0.000000 0.000000 0.000000 0.000000 0.000000 0.000000 0.000000 0.000000 0.000000 0.000000 0.000000 0.000000 0.000000 0.000000 0.000000 0.000000 0.000000 0.000000 0.000000 0.000000 0.000000 0.000000 0.000000 0.000000 0.000000 0.000000 0.000000 0.000000 0.000000 0.000000 
50.000000 29.472186 14.295369 5.746894 1.942732 0.561114 0.140552 0.030939 0.006054 0.001063 0.000169 0.000025 0.000003 0.000000 0.000000 0.000000 0.000000 0.000000 0.000000 0.000000 0.000000 0.000000 0.000000 0.000000 0.000000 0.000000 0.000000 0.000000 0.000000 0.000000 0.000000 0.000000 0.000000 0.000000 0.000000 0.000000 0.000000 0.000000 0.000000 0.000000 0.000000 0.000000 0.000000 0.000000 0.000000 0.000000 0.000000 0.000000 0.000000 0.000000 
50.000000 29.472186 14.295369 5.746894 1.942732 0.561114 0.140552 0.030939 0.006054 0.001063 0.000169 0.000025 0.000003 0.000000 0.000000 0.000000 0.000000 0.000000 0.000000 0.000000 0.000000 0.000000 0.000000 0.000000 0.000000 0.000000 0.000000 0.000000 0.000000 0.000000 0.000000 0.000000 0.000000 0.000000 0.000000 0.000000 0.000000 0.000000 0.000000 0.000000 0.000000 0.000000 0.000000 0.000000 0.000000 0.000000 0.000000 0.000000 0.000000 0.000000 
50.000000 29.472186 14.295369 5.746894 1.942732 0.561114 0.140552 0.030939 0.006054 0.001063 0.000169 0.000025 0.000003 0.000000 0.000000 0.000000 0.000000 0.000000 0.000000 0.000000 0.000000 0.000000 0.000000 0.000000 0.000000 0.000000 0.000000 0.000000 0.000000 0.000000 0.000000 0.000000 0.000000 0.000000 0.000000 0.000000 0.000000 0.000000 0.000000 0.000000 0.000000 0.000000 0.000000 0.000000 0.000000 0.000000 0.000000 0.000000 0.000000 0.000000 
50.000000 29.472186 14.295369 5.746894 1.942732 0.561114 0.140553 0.030939 0.006054 0.001063 0.000169 0.000025 0.000003 0.000000 0.000000 0.000000 0.000000 0.000000 0.000000 0.000000 0.000000 0.000000 0.000000 0.000000 0.000000 0.000000 0.000000 0.000000 0.000000 0.000000 0.000000 0.000000 0.000000 0.000000 0.000000 0.000000 0.000000 0.000000 0.000000 0.000000 0.000000 0.000000 0.000000 0.000000 0.000000 0.000000 0.000000 0.000000 0.000000 0.000000 
50.000000 29.472186 14.295369 5.746894 1.942732 0.561115 0.140553 0.030940 0.006054 0.001064 0.000169 0.000025 0.000004 0.000001 0.000000 0.000000 0.000000 0.000000 0.000000 0.000000 0.000000 0.000000 0.000000 0.000000 0.000000 0.000000 0.000000 0.000000 0.000000 0.000000 0.000000 0.000000 0.000000 0.000000 0.000000 0.000000 0.000000 0.000000 0.000000 0.000000 0.000000 0.000000 0.000000 0.000000 0.000000 0.000000 0.000000 0.000000 0.000000 0.000000 
50.000000 29.472187 14.295371 5.746896 1.942735 0.561118 0.140556 0.030943 0.006057 0.001067 0.000172 0.000028 0.000007 0.000004 0.000003 0.000003 0.000003 0.000003 0.000003 0.000003 0.000003 0.000003 0.000003 0.000003 0.000003 0.000003 0.000003 0.000003 0.000003 0.000003 0.000003 0.000003 0.000003 0.000003 0.000003 0.000003 0.000003 0.000003 0.000003 0.000003 0.000003 0.000003 0.000003 0.000003 0.000003 0.000003 0.000003 0.000002 0.000001 0.000000 
50.000000 29.472196 14.295387 5.746915 1.942756 0.561139 0.140577 0.030964 0.006078 0.001088 0.000194 0.000049 0.000028 0.000025 0.000025 0.000025 0.000025 0.000025 0.000025 0.000025 0.000025 0.000025 0.000025 0.000025 0.000025 0.000025 0.000025 0.000025 0.000025 0.000025 0.000025 0.000025 0.000025 0.000025 0.000025 0.000025 0.000025 0.000025 0.000025 0.000025 0.000025 0.000025 0.000025 0.000024 0.000024 0.000024 0.000022 0.000018 0.000011 0.000000 
50.000000 29.472257 14.295491 5.747044 1.942895 0.561282 0.140721 0.031108 0.006223 0.001232 0.000338 0.000194 0.000172 0.000169 0.000169 0.000169 0.000169 0.000169 0.000169 0.000169 0.000169 0.000169 0.000169 0.000169 0.000169 0.000169 0.000169 0.000169 0.000169 0.000169 0.000169 0.000169 0.000169 0.000169 0.000169 0.000169 0.000169 0.000169 0.000169 0.000169 0.000169 0.000169 0.000169 0.000169 0.000168 0.000164 0.000154 0.000127 0.000075 0.000000 
50.000000 29.472630 14.296137 5.747841 1.943757 0.562167 0.141613 0.032002 0.007117 0.002127 0.001232 0.001088 0.001067 0.001064 0.001063 0.001063 0.001063 0.001063 0.001063 0.001063 0.001063 0.001063 0.001063 0.001063 0.001063 0.001063 0.001063 0.001063 0.001063 0.001063 0.001063 0.001063 0.001063 0.001063 0.001063 0.001063 0.001063 0.001063 0.001063 0.001063 0.001063 0.001063 0.001063 0.001062 0.001056 0.001035 0.000969 0.000803 0.000475 0.000000 
50.000000 29.474708 14.299737 5.752284 1.948567 0.567107 0.146591 0.036990 0.012107 0.007117 0.006223 0.006078 0.006057 0.006054 0.006054 0.006054 0.006054 0.006054 0.006054 0.006054 0.006054 0.006054 0.006054 0.006054 0.006054 0.006054 0.006054 0.006054 0.006054 0.006054 0.006054 0.006054 0.006054 0.006054 0.006054 0.006054 0.006054 0.006054 0.006054 0.006054 0.006054 0.006054 0.006052 0.006045 0.006014 0.005897 0.005531 0.004595 0.002728 0.000000 
50.000000 29.485046 14.317657 5.774414 1.972539 0.591734 0.171414 0.061862 0.036990 0.032002 0.031108 0.030964 0.030943 0.030940 0.030939 0.030939 0.030939 0.030939 0.030939 0.030939 0.030939 0.030939 0.030939 0.030939 0.030939 0.030939 0.030939 0.030939 0.030939 0.030939 0.030939 0.030939 0.030939 0.030939 0.030939 0.030939 0.030939 0.030939 0.030939 0.030939 0.030939 0.030938 0.030931 0.030896 0.030745 0.030172 0.028352 0.023636 0.014100 0.000000 
50.000000 29.530472 14.396451 5.871799 2.078080 0.700190 0.280742 0.171414 0.146591 0.141613 0.140721 0.140577 0.140556 0.140553 0.140553 0.140552 0.140552 0.140552 0.140552 0.140552 0.140552 0.140552 0.140552 0.140552 0.140552 0.140552 0.140552 0.140552 0.140552 0.140552 0.140552 0.140552 0.140552 0.140552 0.140552 0.140552 0.140552 0.140552 0.140552 0.140552 0.140552 0.140546 0.140517 0.140371 0.139726 0.137263 0.129324 0.108371 0.065125 0.000000 
50.000000 29.704353 14.698273 6.245090 2.482843 1.116246 0.700190 0.591734 0.567107 0.562167 0.561282 0.561139 0.561118 0.561115 0.561114 0.561114 0.561114 0.561114 0.561114 0.561114 0.561114 0.561114 0.561114 0.561114 0.561114 0.561114 0.561114 0.561114 0.561114 0.561114 0.561114 0.561114 0.561114 0.561114 0.561114 0.561114 0.561114 0.561114 0.561114 0.561114 0.561111 0.561093 0.560989 0.560465 0.558123 0.549051 0.519216 0.438426 0.266486 0.000000 
50.000000 30.274327 15.688262 7.470322 3.812005 2.482843 2.078080 1.972539 1.948567 1.943757 1.942895 1.942756 1.942735 1.942732 1.942732 1.942732 1.942732 1.942732 1.942732 1.942732 1.942732 1.942732 1.942732 1.942732 1.942732 1.942732 1.942732 1.942732 1.942732 1.942732 1.942732 1.942732 1.942732 1.942732 1.942732 1.942732 1.942732 1.942732 1.942732 1.942731 1.942722 1.942669 1.942367 1.940817 1.933791 1.906003 1.812005 1.547797 0.958485 0.000000 
50.000000 31.840515 18.410185 10.841098 7.470322 6.245090 5.871799 5.774414 5.752284 5.747841 5.747044 5.746915 5.746896 5.746894 5.746894 5.746894 5.746894 5.746894 5.746894 5.746894 5.746894 5.746894 5.746894 5.746894 5.746894 5.746894 5.746894 5.746894 5.746894 5.746894 5.746894 5.746894 5.746894 5.746894 5.746894 5.746894 5.746894 5.746893 5.746893 5.746890 5.746872 5.746752 5.746062 5.742475 5.725874 5.658317 5.420549 4.714207 3.015869 0.000000 
50.000000 35.353697 24.518992 18.410185 15.688262 14.698273 14.396451 14.317657 14.299737 14.296137 14.295491 14.295387 14.295371 14.295369 14.295369 14.295369 14.295369 14.295369 14.295369 14.295369 14.295369 14.295369 14.295369 14.295369 14.295369 14.295369 14.295369 14.295369 14.295369 14.295369 14.295369 14.295369 14.295369 14.295369 14.295369 14.295369 14.295369 14.295369 14.295368 14.295364 14.295334 14.295143 14.294021 14.288080 14.259847 14.140465 13.695978 12.259496 8.337781 0.000000 
50.000000 41.582244 35.353697 31.840515 30.274327 29.704353 29.530472 29.485046 29.474708 29.472630 29.472257 29.472196 29.472187 29.472186 29.472186 29.472186 29.472186 29.472186 29.472186 29.472186 29.472186 29.472186 29.472186 29.472186 29.472186 29.472186 29.472186 29.472186 29.472186 29.472186 29.472186 29.472186 29.472186 29.472186 29.472186 29.472186 29.472186 29.472186 29.472185 29.472182 29.472155 29.471981 29.470946 29.465346 29.437868 29.315843 28.824645 27.015916 20.791122 0.000000 
50.000000 50.000000 50.000000 50.000000 50.000000 50.000000 50.000000 50.000000 50.000000 50.000000 50.000000 50.000000 50.000000 50.000000 50.000000 50.000000 50.000000 50.000000 50.000000 50.000000 50.000000 50.000000 50.000000 50.000000 50.000000 50.000000 50.000000 50.000000 50.000000 50.000000 50.000000 50.000000 50.000000 50.000000 50.000000 50.000000 50.000000 50.000000 50.000000 50.000000 50.000000 50.000000 50.000000 50.000000 50.000000 50.000000 50.000000 50.000000 50.000000 50.000000 
