50.000000 50.000000 50.000000 50.000000 50.000000 50.000000 50.000000 50.000000 50.000000 50.000000 50.000000 50.000000 50.000000 50.000000 50.000000 50.000000 50.000000 50.000000 50.000000 50.000000 50.000000 50.000000 50.000000 50.000000 50.000000 50.000000 50.000000 50.000000 50.000000 50.000000 50.000000 50.000000 50.000000 50.000000 50.000000 50.000000 50.000000 50.000000 50.000000 50.000000 50.000000 50.000000 50.000000 50.000000 50.000000 50.000000 50.000000 50.000000 50.000000 50.000000 
50.000000 47.457102 45.116893 43.133719 41.584402 40.466791 39.720901 39.259289 38.993731 38.851355 38.780032 38.746561 38.731809 38.725688 38.723292 38.722404 38.722093 38.721989 38.721956 38.721946 38.721943 38.721942 38.721942 38.721942 38.721942 38.721942 38.721942 38.721942 38.721942 38.721942 38.721942 38.721941 38.721939 38.721933 38.721912 38.721846 38.721644 38.721056 38.719420 38.715065 38.703967 38.676862 38.613206 38.468715 38.149031 37.450350 35.910894 32.390428 23.728551 0.000000 
50.000000 45.116893 40.623036 36.814826 33.839783 31.693759 30.261547 29.375216 28.865340 28.591986 28.455055 28.390798 28.362479 28.350730 28.346129 28.344426 28.343828 28.343628 28.343565 28.343546 28.343540 28.343539 28.343539 28.343538 28.343538 28.343538 28.343538 28.343538 28.343538 28.343538 28.343538 28.343537 28.343534 28.343523 28.343487 28.343373 28.343027 28.342022 28.339237 28.331863 28.313218 28.268153 28.163885 27.932370 27.437236 26.412454 24.350184 20.311518 12.726465 0.000000 
50.000000 43.133719 36.814826 31.460125 27.277036 24.259694 22.246061 20.999972 20.283175 19.898908 19.706429 19.616112 19.576311 19.559798 19.553333 19.550940 19.550100 19.549820 19.549731 19.549704 19.549696 19.549694 19.549693 19.549693 19.549693 19.549693 19.549693 19.549693 19.549693 19.549693 19.549693 19.549692 19.549688 19.549675 19.549633 19.549500 19.549096 19.547930 19.544718 19.536284 19.515179 19.464871 19.350640 19.103511 18.594056 17.593919 15.730062 12.464642 7.222826 0.000000 
50.000000 41.584402 33.839783 27.277036 22.150374 18.452556 15.984919 14.457963 13.579655 13.108836 12.873019 12.762375 12.713621 12.693395 12.685478 12.682546 12.681518 12.681175 12.681066 12.681033 12.681024 12.681021 12.681020 12.681020 12.681020 12.681020 12.681020 12.681020 12.681020 12.681020 12.681020 12.681019 12.681015 12.681003 12.680963 12.680836 12.680455 12.679362 12.676372 12.668592 12.649349 12.604160 12.503528 12.291323 11.868486 11.075187 9.683117 7.427329 4.134052 0.000000 
50.000000 40.466791 31.693759 24.259694 18.452556 14.264082 11.469154 9.739770 8.745087 8.211922 7.944899 7.819622 7.764425 7.741529 7.732567 7.729249 7.728084 7.727696 7.727573 7.727536 7.727525 7.727522 7.727522 7.727521 7.727521 7.727521 7.727521 7.727521 7.727521 7.727521 7.727521 7.727520 7.727517 7.727507 7.727475 7.727372 7.727064 7.726185 7.723800 7.717652 7.702623 7.667842 7.591803 7.435144 7.132041 6.584070 5.665638 4.256523 2.317760 0.000000 
50.000000 39.720901 30.261547 22.246061 15.984919 11.469154 8.455962 6.591621 5.519377 4.944675 4.656869 4.521852 4.462368 4.437695 4.428039 4.424464 4.423209 4.422792 4.422659 4.422619 4.422607 4.422604 4.422603 4.422603 4.422603 4.422603 4.422603 4.422603 4.422603 4.422603 4.422603 4.422602 4.422600 4.422593 4.422569 4.422495 4.422275 4.421652 4.419973 4.415684 4.405315 4.381643 4.330742 4.227981 4.034011 3.693596 3.142550 2.329177 1.252185 0.000000 
50.000000 39.259289 29.375216 20.999972 14.457963 9.739770 6.591621 4.643861 3.523694 2.923338 2.622702 2.481675 2.419546 2.393779 2.383694 2.379962 2.378652 2.378216 2.378077 2.378035 2.378023 2.378020 2.378019 2.378019 2.378019 2.378019 2.378019 2.378019 2.378019 2.378019 2.378019 2.378018 2.378017 2.378012 2.377997 2.377949 2.377808 2.377411 2.376349 2.373658 2.367220 2.352700 2.321930 2.260879 2.147967 1.954436 1.649332 1.211331 0.646083 0.000000 
50.000000 38.993731 28.865340 20.283175 13.579655 8.745087 5.519377 3.523694 2.376008 1.760928 1.452931 1.308458 1.244814 1.218420 1.208090 1.204267 1.202926 1.202479 1.202337 1.202294 1.202282 1.202278 1.202278 1.202277 1.202277 1.202277 1.202277 1.202277 1.202277 1.202277 1.202277 1.202277 1.202276 1.202273 1.202264 1.202236 1.202154 1.201924 1.201313 1.199776 1.196133 1.188004 1.170994 1.137734 1.077244 0.975495 0.818303 0.597187 0.316869 0.000000 
50.000000 38.851355 28.591986 19.898908 13.108836 8.211922 4.944675 2.923338 1.760928 1.137972 0.826042 0.679728 0.615275 0.588546 0.578086 0.574215 0.572857 0.572404 0.572261 0.572217 0.572205 0.572201 0.572201 0.572200 0.572200 0.572200 0.572200 0.572200 0.572200 0.572200 0.572200 0.572200 0.572200 0.572198 0.572193 0.572178 0.572134 0.572012 0.571689 0.570883 0.568986 0.564795 0.556118 0.539360 0.509299 0.459487 0.383729 0.278768 0.147388 0.000000 
50.000000 38.780032 28.455055 19.706429 12.873019 7.944899 4.656869 2.622702 1.452931 0.826042 0.512147 0.364914 0.300058 0.273163 0.262638 0.258742 0.257376 0.256921 0.256776 0.256733 0.256720 0.256717 0.256716 0.256715 0.256715 0.256715 0.256715 0.256715 0.256715 0.256715 0.256715 0.256715 0.256715 0.256714 0.256712 0.256704 0.256683 0.256623 0.256465 0.256073 0.255159 0.253155 0.249044 0.241185 0.227247 0.204428 0.170145 0.123192 0.064967 0.000000 
50.000000 38.746561 28.390798 19.616112 12.762375 7.819622 4.521852 2.481675 1.308458 0.679728 0.364914 0.217252 0.152208 0.125235 0.114680 0.110773 0.109403 0.108946 0.108801 0.108758 0.108745 0.108742 0.108741 0.108740 0.108740 0.108740 0.108740 0.108740 0.108740 0.108740 0.108740 0.108740 0.108740 0.108740 0.108739 0.108735 0.108725 0.108698 0.108626 0.108449 0.108039 0.107145 0.105326 0.101879 0.095823 0.086003 0.071393 0.051561 0.027140 0.000000 
50.000000 38.731809 28.362479 19.576311 12.713621 7.764425 4.462368 2.419546 1.244814 0.615275 0.300058 0.152208 0.087082 0.060074 0.049506 0.045594 0.044222 0.043765 0.043620 0.043576 0.043564 0.043560 0.043559 0.043559 0.043559 0.043559 0.043559 0.043559 0.043559 0.043559 0.043559 0.043559 0.043559 0.043559 0.043558 0.043557 0.043553 0.043541 0.043510 0.043436 0.043263 0.042890 0.042135 0.040716 0.038240 0.034259 0.028381 0.020457 0.010753 0.000000 
50.000000 38.725688 28.350730 19.559798 12.693395 7.741529 4.437695 2.393779 1.218420 0.588546 0.273163 0.125235 0.060074 0.033053 0.022479 0.018565 0.017193 0.016735 0.016590 0.016546 0.016534 0.016530 0.016529 0.016529 0.016529 0.016529 0.016529 0.016529 0.016529 0.016529 0.016529 0.016529 0.016529 0.016529 0.016529 0.016528 0.016526 0.016522 0.016510 0.016480 0.016412 0.016265 0.015971 0.015420 0.014465 0.012940 0.010702 0.007703 0.004044 0.000000 
50.000000 38.723292 28.346129 19.553333 12.685478 7.732567 4.428039 2.383694 1.208090 0.578086 0.262638 0.114680 0.049506 0.022479 0.011903 0.007988 0.006615 0.006158 0.006013 0.005969 0.005956 0.005953 0.005952 0.005952 0.005952 0.005952 0.005952 0.005952 0.005952 0.005952 0.005952 0.005952 0.005952 0.005952 0.005952 0.005951 0.005951 0.005949 0.005944 0.005933 0.005908 0.005854 0.005745 0.005543 0.005195 0.004642 0.003834 0.002756 0.001446 0.000000 
50.000000 38.722404 28.344426 19.550940 12.682546 7.729249 4.424464 2.379962 1.204267 0.574215 0.258742 0.110773 0.045594 0.018565 0.007988 0.004074 0.002701 0.002243 0.002098 0.002054 0.002042 0.002038 0.002037 0.002037 0.002037 0.002037 0.002037 0.002037 0.002037 0.002037 0.002037 0.002037 0.002037 0.002037 0.002037 0.002037 0.002037 0.002036 0.002034 0.002030 0.002022 0.002002 0.001965 0.001894 0.001774 0.001583 0.001307 0.000938 0.000492 0.000000 
50.000000 38.722093 28.343828 19.550100 12.681518 7.728084 4.423209 2.378652 1.202926 0.572857 0.257376 0.109403 0.044222 0.017193 0.006615 0.002701 0.001327 0.000870 0.000725 0.000681 0.000668 0.000665 0.000664 0.000664 0.000664 0.000664 0.000664 0.000664 0.000664 0.000664 0.000664 0.000664 0.000664 0.000664 0.000664 0.000664 0.000664 0.000663 0.000663 0.000662 0.000659 0.000652 0.000640 0.000617 0.000577 0.000515 0.000424 0.000304 0.000159 0.000000 
50.000000 38.721989 28.343628 19.549820 12.681175 7.727696 4.422792 2.378216 1.202479 0.572404 0.256921 0.108946 0.043765 0.016735 0.006158 0.002243 0.000870 0.000412 0.000267 0.000224 0.000211 0.000207 0.000207 0.000206 0.000206 0.000206 0.000206 0.000206 0.000206 0.000206 0.000206 0.000206 0.000206 0.000206 0.000206 0.000206 0.000206 0.000206 0.000206 0.000206 0.000205 0.000203 0.000199 0.000191 0.000179 0.000160 0.000131 0.000094 0.000049 0.000000 
50.000000 38.721956 28.343565 19.549731 12.681066 7.727573 4.422659 2.378077 1.202337 0.572261 0.256776 0.108801 0.043620 0.016590 0.006013 0.002098 0.000725 0.000267 0.000122 0.000079 0.000066 0.000062 0.000061 0.000061 0.000061 0.000061 0.000061 0.000061 0.000061 0.000061 0.000061 0.000061 0.000061 0.000061 0.000061 0.000061 0.000061 0.000061 0.000061 0.000061 0.000061 0.000060 0.000059 0.000057 0.000053 0.000047 0.000039 0.000028 0.000015 0.000000 
50.000000 38.721946 28.343546 19.549704 12.681033 7.727536 4.422619 2.378035 1.202294 0.572217 0.256733 0.108758 0.043576 0.016546 0.005969 0.002054 0.000681 0.000224 0.000079 0.000035 0.000022 0.000019 0.000018 0.000017 0.000017 0.000017 0.000017 0.000017 0.000017 0.000017 0.000017 0.000017 0.000017 0.000017 0.000017 0.000017 0.000017 0.000017 0.000017 0.000017 0.000017 0.000017 0.000017 0.000016 0.000015 0.000013 0.000011 0.000008 0.000004 0.000000 
50.000000 38.721943 28.343540 19.549696 12.681024 7.727525 4.422607 2.378023 1.202282 0.572205 0.256720 0.108745 0.043564 0.016534 0.005956 0.002042 0.000668 0.000211 0.000066 0.000022 0.000009 0.000006 0.000005 0.000005 0.000005 0.000005 0.000005 0.000005 0.000005 0.000005 0.000005 0.000005 0.000005 0.000005 0.000005 0.000005 0.000005 0.000005 0.000005 0.000005 0.000005 0.000005 0.000005 0.000004 0.000004 0.000004 0.000003 0.000002 0.000001 0.000000 
50.000000 38.721942 28.343539 19.549694 12.681021 7.727522 4.422604 2.378020 1.202278 0.572201 0.256717 0.108742 0.043560 0.016530 0.005953 0.002038 0.000665 0.000207 0.000062 0.000019 0.000006 0.000002 0.000002 0.000001 0.000001 0.000001 0.000001 0.000001 0.000001 0.000001 0.000001 0.000001 0.000001 0.000001 0.000001 0.000001 0.000001 0.000001 0.000001 0.000001 0.000001 0.000001 0.000001 0.000001 0.000001 0.000001 0.000001 0.000001 0.000000 0.000000 
50.000000 38.721942 28.343539 19.549693 12.681020 7.727522 4.422603 2.378019 1.202278 0.572201 0.256716 0.108741 0.043559 0.016529 0.005952 0.002037 0.000664 0.000207 0.000061 0.000018 0.000005 0.000002 0.000001 0.000000 0.000000 0.000000 0.000000 0.000000 0.000000 0.000000 0.000000 0.000000 0.000000 0.000000 0.000000 0.000000 0.000000 0.000000 0.000000 0.000000 0.000000 0.000000 0.000000 0.000000 0.000000 0.000000 0.000000 0.000000 0.000000 0.000000 
50.000000 38.721942 28.343538 19.549693 12.681020 7.727521 4.422603 2.378019 1.202277 0.572200 0.256715 0.108740 0.043559 0.016529 0.005952 0.002037 0.000664 0.000206 0.000061 0.000017 0.000005 0.000001 0.000000 0.000000 0.000000 0.000000 0.000000 0.000000 0.000000 0.000000 0.000000 0.000000 0.000000 0.000000 0.000000 0.000000 0.000000 0.000000 0.000000 0.000000 0.000000 0.000000 0.000000 0.000000 0.000000 0.000000 0.000000 0.000000 0.000000 0.000000 
50.000000 38.721942 28.343538 19.549693 12.681020 7.727521 4.422603 2.378019 1.202277 0.572200 0.256715 0.108740 0.043559 0.016529 0.005952 0.002037 0.000664 0.000206 0.000061 0.000017 0.000005 0.000001 0.000000 0.000000 0.000000 0.000000 0.000000 0.000000 0.000000 0.000000 0.000000 0.000000 0.000000 0.000000 0.000000 0.000000 0.000000 0.000000 0.000000 0.000000 0.000000 0.000000 0.000000 0.000000 0.000000 0.000000 0.000000 0.000000 0.000000 0.000000 
50.000000 38.721942 28.343538 19.549693 12.681020 7.727521 4.422603 2.378019 1.202277 0.572200 0.256715 0.108740 0.043559 0.016529 0.005952 0.002037 0.000664 0.000206 0.000061 0.000017 0.000005 0.000001 0.000000 0.000000 0.000000 0.000000 0.000000 0.000000 0.000000 0.000000 0.000000 0.000000 0.000000 0.000000 0.000000 0.000000 0.000000 0.000000 0.000000 0.000000 0.000000 0.000000 0.000000 0.000000 0.000000 0.000000 0.000000 0.000000 0.000000 0.000000 
50.000000 38.721942 28.343538 19.549693 12.681020 7.727521 4.422603 2.378019 1.202277 0.572200 0.256715 0.108740 0.043559 0.016529 0.005952 0.002037 0.000664 0.000206 0.000061 0.000017 0.000005 0.000001 0.000000 0.000000 0.000000 0.000000 0.000000 0.000000 0.000000 0.000000 0.000000 0.000000 0.000000 0.000000 0.000000 0.000000 0.000000 0.000000 0.000000 0.000000 0.000000 0.000000 0.000000 0.000000 0.000000 0.000000 0.000000 0.000000 0.000000 0.000000 
50.000000 38.721942 28.343539 19.549693 12.681020 7.727522 4.422603 2.378019 1.202278 0.572201 0.256716 0.108741 0.043559 0.016529 0.005952 0.002037 0.000664 0.000207 0.000061 0.000018 0.000005 0.000002 0.000001 0.000000 0.000000 0.000000 0.000000 0.000000 0.000000 0.000000 0.000000 0.000000 0.000000 0.000000 0.000000 0.000000 0.000000 0.000000 0.000000 0.000000 0.000000 0.000000 0.000000 0.000000 0.000000 0.000000 0.000000 0.000000 0.000000 0.000000 
50.000000 38.721942 28.343539 19.549694 12.681021 7.727522 4.422604 2.378020 1.202278 0.572201 0.256717 0.108742 0.043560 0.016530 0.005953 0.002038 0.000665 0.000207 0.000062 0.000019 0.000006 0.000002 0.000002 0.000001 0.000001 0.000001 0.000001 0.000001 0.000001 0.000001 0.000001 0.000001 0.000001 0.000001 0.000001 0.000001 0.000001 0.000001 0.000001 0.000001 0.000001 0.000001 0.000001 0.000001 0.000001 0.000001 0.000001 0.000001 0.000000 0.000000 
50.000000 38.721943 28.343540 19.549696 12.681024 7.727525 4.422607 2.378023 1.202282 0.572205 0.256720 0.108745 0.043564 0.016534 0.005956 0.002042 0.000668 0.000211 0.000066 0.000022 0.000009 0.000006 0.000005 0.000005 0.000005 0.000005 0.000005 0.000005 0.000005 0.000005 0.000005 0.000005 0.000005 0.000005 0.000005 0.000005 0.000005 0.000005 0.000005 0.000005 0.000005 0.000005 0.000005 0.000004 0.000004 0.000004 0.000003 0.000002 0.000001 0.000000 
50.000000 38.721946 28.343546 19.549704 12.681033 7.727536 4.422619 2.378035 1.202294 0.572217 0.256733 0.108758 0.043576 0.016546 0.005969 0.002054 0.000681 0.000224 0.000079 0.000035 0.000022 0.000019 0.000018 0.000017 0.000017 0.000017 0.000017 0.000017 0.000017 0.000017 0.000017 0.000017 0.000017 0.000017 0.000017 0.000017 0.000017 0.000017 0.000017 0.000017 0.000017 0.000017 0.000017 0.000016 0.000015 0.000013 0.000011 0.000008 0.000004 0.000000 
50.000000 38.721956 28.343565 19.549731 12.681066 7.727573 4.422659 2.378077 1.202337 0.572261 0.256776 0.108801 0.043620 0.016590 0.006013 0.002098 0.000725 0.000267 0.000122 0.000079 0.000066 0.000062 0.000061 0.000061 0.000061 0.000061 0.000061 0.000061 0.000061 0.000061 0.000061 0.000061 0.000061 0.000061 0.000061 0.000061 0.000061 0.000061 0.000061 0.000061 0.000061 0.000060 0.000059 0.000057 0.000053 0.000047 0.000039 0.000028 0.000015 0.000000 
50.000000 38.721989 28.343628 19.549820 12.681175 7.727696 4.422792 2.378216 1.202479 0.572404 0.256921 0.108946 0.043765 0.016735 0.006158 0.002243 0.000870 0.000412 0.000267 0.000224 0.000211 0.000207 0.000207 0.000206 0.000206 0.000206 0.000206 0.000206 0.000206 0.000206 0.000206 0.000206 0.000206 0.000206 0.000206 0.000206 0.000206 0.000206 0.000206 0.000206 0.000205 0.000203 0.000199 0.000191 0.000179 0.000160 0.000131 0.000094 0.000049 0.000000 
50.000000 38.722093 28.343828 19.550100 12.681518 7.728084 4.423209 2.378652 1.202926 0.572857 0.257376 0.109403 0.044222 0.017193 0.006615 0.002701 0.001327 0.000870 0.000725 0.000681 0.000668 0.000665 0.000664 0.000664 0.000664 0.000664 0.000664 0.000664 0.000664 0.000664 0.000664 0.000664 0.000664 0.000664 0.000664 0.000664 0.000664 0.000663 0.000663 0.000662 0.000659 0.000652 0.000640 0.000617 0.000577 0.000515 0.000424 0.000304 0.000159 0.000000 
50.000000 38.722404 28.344426 19.550940 12.682546 7.729249 4.424464 2.379962 1.204267 0.574215 0.258742 0.110773 0.045594 0.018565 0.007988 0.004074 0.002701 0.002243 0.002098 0.002054 0.002042 0.002038 0.002037 0.002037 0.002037 0.002037 0.002037 0.002037 0.002037 0.002037 0.002037 0.002037 0.002037 0.002037 0.002037 0.002037 0.002037 0.002036 0.002034 0.002030 0.002022 0.002002 0.001965 0.001894 0.001774 0.001583 0.001307 0.000938 0.000492 0.000000 
50.000000 38.723292 28.346129 19.553333 12.685478 7.732567 4.428039 2.383694 1.208090 0.578086 0.262638 0.114680 0.049506 0.022479 0.011903 0.007988 0.006615 0.006158 0.006013 0.005969 0.005956 0.005953 0.005952 0.005952 0.005952 0.005952 0.005952 0.005952 0.005952 0.005952 0.005952 0.005952 0.005952 0.005952 0.005952 0.005951 0.005951 0.005949 0.005944 0.005933 0.005908 0.005854 0.005745 0.005543 0.005195 0.004642 0.003834 0.002756 0.001446 0.000000 
50.000000 38.725688 28.350730 19.559798 12.693395 7.741529 4.437695 2.393779 1.218420 0.588546 0.273163 0.125235 0.060074 0.033053 0.022479 0.018565 0.017193 0.016735 0.016590 0.016546 0.016534 0.016530 0.016529 0.016529 0.016529 0.016529 0.016529 0.016529 0.016529 0.016529 0.016529 0.016529 0.016529 0.016529 0.016529 0.016528 0.016526 0.016522 0.016510 0.016480 0.016412 0.016265 0.015971 0.015420 0.014465 0.012940 0.010702 0.007703 0.004044 0.000000 
50.000000 38.731809 28.362479 19.576311 12.713621 7.764425 4.462368 2.419546 1.244814 0.615275 0.300058 0.152208 0.087082 0.060074 0.049506 0.045594 0.044222 0.043765 0.043620 0.043576 0.043564 0.043560 0.043559 0.043559 0.043559 0.043559 0.043559 0.043559 0.043559 0.043559 0.043559 0.043559 0.043559 0.043559 0.043558 0.043557 0.043553 0.043541 0.043510 0.043436 0.043263 0.042890 0.042135 0.040716 0.038240 0.034259 0.028381 0.020457 0.010753 0.000000 
50.000000 38.746561 28.390798 19.616112 12.762375 7.819622 4.521852 2.481675 1.308458 0.679728 0.364914 0.217252 0.152208 0.125235 0.114680 0.110773 0.109403 0.108946 0.108801 0.108758 0.108745 0.108742 0.108741 0.108740 0.108740 0.108740 0.108740 0.108740 0.108740 0.108740 0.108740 0.108740 0.108740 0.108740 0.108739 0.108735 0.108725 0.108698 0.108626 0.108449 0.108039 0.107145 0.105326 0.101879 0.095823 0.086003 0.071393 0.051561 0.027140 0.000000 
50.000000 38.780032 28.455055 19.706429 12.873019 7.944899 4.656869 2.622702 1.452931 0.826042 0.512147 0.364914 0.300058 0.273163 0.262638 0.258742 0.257376 0.256921 0.256776 0.256733 0.256720 0.256717 0.256716 0.256715 0.256715 0.256715 0.256715 0.256715 0.256715 0.256715 0.256715 0.256715 0.256715 0.256714 0.256712 0.256704 0.256683 0.256623 0.256465 0.256073 0.255159 0.253155 0.249044 0.241185 0.227247 0.204428 0.170145 0.123192 0.064967 0.000000 
50.000000 38.851355 28.591986 19.898908 13.108836 8.211922 4.944675 2.923338 1.760928 1.137972 0.826042 0.679728 0.615275 0.588546 0.578086 0.574215 0.572857 0.572404 0.572261 0.572217 0.572205 0.572201 0.572201 0.572200 0.572200 0.572200 0.572200 0.572200 0.572200 0.572200 0.572200 0.572200 0.572200 0.572198 0.572193 0.572178 0.572134 0.572012 0.571689 0.570883 0.568986 0.564795 0.556118 0.539360 0.509299 0.459487 0.383729 0.278768 0.147388 0.000000 
50.000000 38.993731 28.865340 20.283175 13.579655 8.745087 5.519377 3.523694 2.376008 1.760928 1.452931 1.308458 1.244814 1.218420 1.208090 1.204267 1.202926 1.202479 1.202337 1.202294 1.202282 1.202278 1.202278 1.202277 1.202277 1.202277 1.202277 1.202277 1.202277 1.202277 1.202277 1.202277 1.202276 1.202273 1.202264 1.202236 1.202154 1.201924 1.201313 1.199776 1.196133 1.188004 1.170994 1.137734 1.077244 0.975495 0.818303 0.597187 0.316869 0.000000 
50.000000 39.259289 29.375216 20.999972 14.457963 9.739770 6.591621 4.643861 3.523694 2.923338 2.622702 2.481675 2.419546 2.393779 2.383694 2.379962 2.378652 2.378216 2.378077 2.378035 2.378023 2.378020 2.378019 2.378019 2.378019 2.378019 2.378019 2.378019 2.378019 2.378019 2.378019 2.378018 2.378017 2.378012 2.377997 2.377949 2.377808 2.377411 2.376349 2.373658 2.367220 2.352700 2.321930 2.260879 2.147967 1.954436 1.649332 1.211331 0.646083 0.000000 
50.000000 39.720901 30.261547 22.246061 15.984919 11.469154 8.455962 6.591621 5.519377 4.944675 4.656869 4.521852 4.462368 4.437695 4.428039 4.424464 4.423209 4.422792 4.422659 4.422619 4.422607 4.422604 4.422603 4.422603 4.422603 4.422603 4.422603 4.422603 4.422603 4.422603 4.422603 4.422602 4.422600 4.422593 4.422569 4.422495 4.422275 4.421652 4.419973 4.415684 4.405315 4.381643 4.330742 4.227981 4.034011 3.693596 3.142550 2.329177 1.252185 0.000000 
50.000000 40.466791 31.693759 24.259694 18.452556 14.264082 11.469154 9.739770 8.745087 8.211922 7.944899 7.819622 7.764425 7.741529 7.732567 7.729249 7.728084 7.727696 7.727573 7.727536 7.727525 7.727522 7.727522 7.727521 7.727521 7.727521 7.727521 7.727521 7.727521 7.727521 7.727521 7.727520 7.727517 7.727507 7.727475 7.727372 7.727064 7.726185 7.723800 7.717652 7.702623 7.667842 7.591803 7.435144 7.132041 6.584070 5.665638 4.256523 2.317760 0.000000 
50.000000 41.584402 33.839783 27.277036 22.150374 18.452556 15.984919 14.457963 13.579655 13.108836 12.873019 12.762375 12.713621 12.693395 12.685478 12.682546 12.681518 12.681175 12.681066 12.681033 12.681024 12.681021 12.681020 12.681020 12.681020 12.681020 12.681020 12.681020 12.681020 12.681020 12.681020 12.681019 12.681015 12.681003 12.680963 12.680836 12.680455 12.679362 12.676372 12.668592 12.649349 12.604160 12.503528 12.291323 11.868486 11.075187 9.683117 7.427329 4.134052 0.000000 
50.000000 43.133719 36.814826 31.460125 27.277036 24.259694 22.246061 20.999972 20.283175 19.898908 19.706429 19.616112 19.576311 19.559798 19.553333 19.550940 19.550100 19.549820 19.549731 19.549704 19.549696 19.549694 19.549693 19.549693 19.549693 19.549693 19.549693 19.549693 19.549693 19.549693 19.549693 19.549692 19.549688 19.549675 19.549633 19.549500 19.549096 19.547930 19.544718 19.536284 19.515179 19.464871 19.350640 19.103511 18.594056 17.593919 15.730062 12.464642 7.222826 0.000000 
50.000000 45.116893 40.623036 36.814826 33.839783 31.693759 30.261547 29.375216 28.865340 28.591986 28.455055 28.390798 28.362479 28.350730 28.346129 28.344426 28.343828 28.343628 28.343565 28.343546 28.343540 28.343539 28.343539 28.343538 28.343538 28.343538 28.343538 28.343538 28.343538 28.343538 28.343538 28.343537 28.343534 28.343523 28.343487 28.343373 28.343027 28.342022 28.339237 28.331863 28.313218 28.268153 28.163885 27.932370 27.437236 26.412454 24.350184 20.311518 12.726465 0.000000 
50.000000 47.457102 45.116893 43.133719 41.584402 40.466791 39.720901 39.259289 38.993731 38.851355 38.780032 38.746561 38.731809 38.725688 38.723292 38.722404 38.722093 38.721989 38.721956 38.721946 38.721943 38.721942 38.721942 38.721942 38.721942 38.721942 38.721942 38.721942 38.721942 38.721942 38.721942 38.721941 38.721939 38.721933 38.721912 38.721846 38.721644 38.721056 38.719420 38.715065 38.703967 38.676862 38.613206 38.468715 38.149031 37.450350 35.910894 32.390428 23.728551 0.000000 
50.000000 50.000000 50.000000 50.000000 50.000000 50.000000 50.000000 50.000000 50.000000 50.000000 50.000000 50.000000 50.000000 50.000000 50.000000 50.000000 50.000000 50.000000 50.000000 50.000000 50.000000 50.000000 50.000000 50.000000 50.000000 50.000000 50.000000 50.000000 50.000000 50.000000 50.000000 50.000000 50.000000 50.000000 50.000000 50.000000 50.000000 50.000000 50.000000 50.000000 50.000000 50.000000 50.000000 50.000000 50.000000 50.000000 50.000000 50.000000 50.000000 50.000000 
