50.000000 50.000000 50.000000 50.000000 50.000000 50.000000 50.000000 50.000000 50.000000 50.000000 50.000000 50.000000 50.000000 50.000000 50.000000 50.000000 50.000000 50.000000 50.000000 50.000000 50.000000 50.000000 50.000000 50.000000 50.000000 50.000000 50.000000 50.000000 50.000000 50.000000 50.000000 50.000000 50.000000 50.000000 50.000000 50.000000 50.000000 50.000000 50.000000 50.000000 50.000000 50.000000 50.000000 50.000000 50.000000 50.000000 50.000000 50.000000 50.000000 50.000000 
50.000000 48.594911 47.251779 46.024375 44.951898 44.055635 43.339030 42.790622 42.388723 42.106522 41.916550 41.793866 41.717808 41.672511 41.646576 41.632290 41.624713 41.620842 41.618934 41.618027 41.617610 41.617426 41.617346 41.617313 41.617300 41.617295 41.617292 41.617289 41.617285 41.617273 41.617244 41.617176 41.617016 41.616657 41.615869 41.614190 41.610709 41.603687 41.589887 41.563418 41.513760 41.422316 41.256226 40.956567 40.413886 39.412002 37.483510 33.493038 24.297455 0.000000 
50.000000 47.251779 44.624743 42.224064 40.126412 38.373422 36.971830 35.899217 35.113160 34.561218 34.189666 33.949720 33.800966 33.712374 33.661651 33.633712 33.618895 33.611323 33.607592 33.605818 33.605004 33.604642 33.604487 33.604423 33.604396 33.604386 33.604381 33.604376 33.604367 33.604345 33.604292 33.604166 33.603872 33.603211 33.601763 33.598682 33.592312 33.579502 33.554428 33.506592 33.417481 33.254991 32.963993 32.449928 31.549126 29.973230 27.204314 22.312371 13.758741 0.000000 
50.000000 46.024375 42.224064 38.751216 35.716742 33.180872 31.153347 29.601732 28.464653 27.666244 27.128783 26.781699 26.566528 26.438383 26.365015 26.324603 26.303171 26.292220 26.286824 26.284258 26.283080 26.282558 26.282333 26.282240 26.282202 26.282187 26.282180 26.282174 26.282162 26.282133 26.282063 26.281897 26.281512 26.280647 26.278758 26.274751 26.266499 26.249985 26.217858 26.157043 26.044911 25.843228 25.488749 24.878742 23.849121 22.143293 19.375608 15.019750 8.540865 0.000000 
50.000000 44.951898 40.126412 35.716742 31.863721 28.643826 26.069419 24.099312 22.655563 21.641839 20.959445 20.518773 20.245588 20.082896 19.989752 19.938447 19.911239 19.897336 19.890486 19.887230 19.885734 19.885071 19.884786 19.884668 19.884620 19.884601 19.884592 19.884584 19.884571 19.884539 19.884462 19.884277 19.883852 19.882898 19.880822 19.876438 19.867453 19.849580 19.815069 19.750356 19.632461 19.423678 19.064098 18.461725 17.480830 15.931860 13.573449 10.153182 5.539896 0.000000 
50.000000 44.055635 38.373422 33.180872 28.643826 24.852336 21.820953 19.501166 17.801187 16.607570 15.804095 15.285242 14.963597 14.772050 14.662388 14.601986 14.569955 14.553589 14.545525 14.541691 14.539931 14.539150 14.538815 14.538675 14.538619 14.538597 14.538587 14.538579 14.538565 14.538534 14.538457 14.538275 14.537857 14.536921 14.534892 14.530627 14.521934 14.504762 14.471877 14.410838 14.301036 14.109640 13.786513 13.258693 12.426168 11.162996 9.331751 6.824297 3.641749 0.000000 
50.000000 43.339030 36.971830 31.153347 26.069419 21.820953 18.424246 15.824925 13.920127 12.582723 11.682476 11.101143 10.740774 10.526171 10.403312 10.335644 10.299760 10.281426 10.272393 10.268098 10.266126 10.265252 10.264876 10.264720 10.264657 10.264632 10.264621 10.264614 10.264601 10.264572 10.264503 10.264339 10.263963 10.263124 10.261315 10.257530 10.249863 10.234824 10.206270 10.153816 10.060628 9.900648 9.635526 9.212123 8.562261 7.607694 6.274605 4.521902 2.382462 0.000000 
50.000000 42.790622 35.899217 29.601732 24.099312 19.501166 15.824925 13.011728 10.950232 9.502831 8.528560 7.899439 7.509455 7.277222 7.144273 7.071049 7.032220 7.012382 7.002608 6.997961 6.995828 6.994881 6.994475 6.994307 6.994239 6.994212 6.994200 6.994193 6.994182 6.994158 6.994100 6.993963 6.993649 6.992954 6.991460 6.988352 6.982094 6.969905 6.946960 6.905228 6.831968 6.707962 6.505864 6.189399 5.714653 5.035214 4.112983 2.935224 1.534396 0.000000 
50.000000 42.388723 35.113160 28.464653 22.655563 17.801187 13.920127 10.950232 8.773939 7.245961 6.217471 5.553351 5.141681 4.896538 4.756202 4.678912 4.637928 4.616989 4.606673 4.601769 4.599518 4.598519 4.598090 4.597912 4.597841 4.597812 4.597801 4.597794 4.597785 4.597766 4.597720 4.597613 4.597370 4.596831 4.595679 4.593293 4.588520 4.579289 4.562051 4.530996 4.477077 4.386970 4.242270 4.019479 3.691547 3.231885 2.621425 1.858169 0.966407 0.000000 
50.000000 42.106522 34.561218 27.666244 21.641839 16.607570 12.582723 9.502831 7.245961 5.661433 4.594894 3.906217 3.479332 3.225135 3.079618 2.999477 2.956982 2.935271 2.924575 2.919491 2.917157 2.916121 2.915677 2.915492 2.915418 2.915389 2.915377 2.915371 2.915364 2.915349 2.915316 2.915237 2.915059 2.914666 2.913830 2.912109 2.908684 2.902105 2.889913 2.868141 2.830716 2.768884 2.670862 2.522095 2.306533 2.009377 1.621333 1.143737 0.592762 0.000000 
50.000000 41.916550 34.189666 27.128783 20.959445 15.804095 11.682476 8.528560 6.217471 4.594894 3.502759 2.797565 2.360447 2.100161 1.951162 1.869103 1.825593 1.803364 1.792413 1.787207 1.784817 1.783757 1.783302 1.783113 1.783037 1.783007 1.782996 1.782990 1.782985 1.782975 1.782951 1.782897 1.782773 1.782503 1.781930 1.780756 1.778432 1.773997 1.765836 1.751380 1.726753 1.686475 1.623332 1.528660 1.393257 1.209089 0.971740 0.683074 0.353132 0.000000 
50.000000 41.793866 33.949720 26.781699 20.518773 15.285242 11.101143 7.899439 5.553351 3.906217 2.797565 2.081713 1.637994 1.373781 1.222535 1.139241 1.095076 1.072513 1.061397 1.056114 1.053688 1.052612 1.052150 1.051959 1.051881 1.051851 1.051839 1.051834 1.051830 1.051823 1.051808 1.051772 1.051691 1.051515 1.051142 1.050382 1.048886 1.046047 1.040856 1.031728 1.016305 0.991300 0.952479 0.894873 0.813365 0.703704 0.563842 0.395292 0.203980 0.000000 
50.000000 41.717808 33.800966 26.566528 20.245588 14.963597 10.740774 7.509455 5.141681 3.479332 2.360447 1.637994 1.190188 0.923543 0.770907 0.686848 0.642278 0.619508 0.608291 0.602959 0.600512 0.599426 0.598960 0.598766 0.598689 0.598658 0.598646 0.598642 0.598638 0.598634 0.598624 0.598602 0.598551 0.598442 0.598211 0.597743 0.596826 0.595094 0.591948 0.586450 0.577227 0.562392 0.539550 0.505950 0.458836 0.396008 0.316543 0.221464 0.114121 0.000000 
50.000000 41.672511 33.712374 26.438383 20.082896 14.772050 10.526171 7.277222 4.896538 3.225135 2.100161 1.373781 0.923543 0.655452 0.501989 0.417476 0.372665 0.349772 0.338495 0.333134 0.330674 0.329582 0.329113 0.328919 0.328841 0.328810 0.328799 0.328794 0.328791 0.328789 0.328783 0.328769 0.328739 0.328674 0.328538 0.328263 0.327726 0.326718 0.324895 0.321729 0.316451 0.308018 0.295128 0.276308 0.250116 0.215444 0.171884 0.120063 0.061802 0.000000 
50.000000 41.646576 33.661651 26.365015 19.989752 14.662388 10.403312 7.144273 4.756202 3.079618 1.951162 1.222535 0.770907 0.501989 0.348054 0.263281 0.218333 0.195370 0.184058 0.178681 0.176213 0.175118 0.174648 0.174453 0.174374 0.174344 0.174332 0.174328 0.174325 0.174324 0.174320 0.174312 0.174295 0.174259 0.174182 0.174027 0.173726 0.173164 0.172153 0.170406 0.167509 0.162909 0.155921 0.145782 0.131761 0.113313 0.090264 0.062970 0.032386 0.000000 
50.000000 41.632290 33.633712 26.324603 19.938447 14.601986 10.335644 7.071049 4.678912 2.999477 1.869103 1.139241 0.686848 0.417476 0.263281 0.178364 0.133341 0.110339 0.099009 0.093623 0.091150 0.090053 0.089583 0.089387 0.089309 0.089278 0.089267 0.089262 0.089260 0.089259 0.089257 0.089253 0.089244 0.089224 0.089182 0.089099 0.088937 0.088637 0.088099 0.087173 0.085646 0.083234 0.079589 0.074329 0.067095 0.057624 0.045845 0.031949 0.016420 0.000000 
50.000000 41.624713 33.618895 26.303171 19.911239 14.569955 10.299760 7.032220 4.637928 2.956982 1.825593 1.095076 0.642278 0.372665 0.218333 0.133341 0.088277 0.065255 0.053915 0.048524 0.046049 0.044951 0.044480 0.044285 0.044206 0.044176 0.044164 0.044160 0.044158 0.044157 0.044156 0.044154 0.044149 0.044139 0.044117 0.044074 0.043991 0.043836 0.043561 0.043090 0.042315 0.041098 0.039266 0.036636 0.033035 0.028341 0.022524 0.015683 0.008056 0.000000 
50.000000 41.620842 33.611323 26.292220 19.897336 14.553589 10.281426 7.012382 4.616989 2.935271 1.803364 1.072513 0.619508 0.349772 0.195370 0.110339 0.065255 0.042223 0.030878 0.025484 0.023009 0.021910 0.021439 0.021243 0.021165 0.021134 0.021122 0.021118 0.021117 0.021116 0.021115 0.021114 0.021112 0.021106 0.021096 0.021074 0.021033 0.020957 0.020821 0.020590 0.020212 0.019620 0.018732 0.017463 0.015732 0.013484 0.010708 0.007450 0.003825 0.000000 
50.000000 41.618934 33.607592 26.286824 19.890487 14.545525 10.272393 7.002608 4.606674 2.924575 1.792413 1.061397 0.608291 0.338495 0.184058 0.099009 0.053915 0.030878 0.019529 0.014135 0.011659 0.010560 0.010089 0.009893 0.009814 0.009784 0.009772 0.009768 0.009766 0.009766 0.009765 0.009765 0.009764 0.009761 0.009756 0.009746 0.009726 0.009690 0.009625 0.009516 0.009338 0.009060 0.008645 0.008054 0.007250 0.006209 0.004927 0.003426 0.001758 0.000000 
50.000000 41.618027 33.605818 26.284258 19.887230 14.541691 10.268098 6.997961 4.601769 2.919491 1.787207 1.056114 0.602959 0.333135 0.178681 0.093623 0.048524 0.025484 0.014135 0.008740 0.006264 0.005165 0.004694 0.004498 0.004419 0.004388 0.004377 0.004373 0.004371 0.004370 0.004370 0.004370 0.004369 0.004368 0.004366 0.004361 0.004352 0.004335 0.004306 0.004256 0.004175 0.004049 0.003862 0.003595 0.003234 0.002768 0.002195 0.001526 0.000783 0.000000 
50.000000 41.617610 33.605004 26.283081 19.885734 14.539931 10.266127 6.995828 4.599518 2.917157 1.784818 1.053688 0.600512 0.330674 0.176213 0.091151 0.046050 0.023009 0.011659 0.006264 0.003787 0.002688 0.002217 0.002021 0.001943 0.001912 0.001900 0.001896 0.001894 0.001894 0.001894 0.001894 0.001893 0.001893 0.001892 0.001890 0.001886 0.001878 0.001865 0.001843 0.001808 0.001753 0.001671 0.001555 0.001398 0.001196 0.000948 0.000658 0.000338 0.000000 
50.000000 41.617426 33.604642 26.282558 19.885071 14.539151 10.265252 6.994882 4.598520 2.916122 1.783758 1.052613 0.599427 0.329583 0.175118 0.090054 0.044952 0.021911 0.010561 0.005166 0.002689 0.001590 0.001119 0.000923 0.000844 0.000814 0.000802 0.000798 0.000796 0.000796 0.000796 0.000795 0.000795 0.000795 0.000795 0.000794 0.000792 0.000789 0.000783 0.000774 0.000759 0.000735 0.000701 0.000652 0.000586 0.000501 0.000397 0.000276 0.000141 0.000000 
50.000000 41.617347 33.604488 26.282334 19.884787 14.538816 10.264878 6.994477 4.598093 2.915679 1.783304 1.052152 0.598962 0.329116 0.174650 0.089585 0.044483 0.021441 0.010091 0.004696 0.002219 0.001120 0.000649 0.000453 0.000374 0.000344 0.000332 0.000328 0.000326 0.000326 0.000326 0.000326 0.000326 0.000325 0.000325 0.000325 0.000324 0.000323 0.000321 0.000317 0.000310 0.000301 0.000286 0.000266 0.000239 0.000204 0.000162 0.000112 0.000058 0.000000 
50.000000 41.617314 33.604425 26.282243 19.884672 14.538680 10.264726 6.994312 4.597918 2.915498 1.783120 1.051965 0.598773 0.328926 0.174459 0.089394 0.044291 0.021250 0.009900 0.004504 0.002028 0.000929 0.000457 0.000262 0.000183 0.000152 0.000141 0.000136 0.000135 0.000134 0.000134 0.000134 0.000134 0.000134 0.000134 0.000134 0.000133 0.000133 0.000132 0.000130 0.000128 0.000124 0.000118 0.000110 0.000098 0.000084 0.000066 0.000046 0.000024 0.000000 
50.000000 41.617303 33.604403 26.282211 19.884631 14.538633 10.264672 6.994254 4.597857 2.915435 1.783055 1.051899 0.598707 0.328859 0.174392 0.089327 0.044224 0.021183 0.009833 0.004437 0.001960 0.000862 0.000390 0.000195 0.000116 0.000085 0.000074 0.000069 0.000068 0.000067 0.000067 0.000067 0.000067 0.000067 0.000067 0.000067 0.000067 0.000066 0.000066 0.000065 0.000064 0.000062 0.000059 0.000055 0.000049 0.000042 0.000033 0.000023 0.000012 0.000000 
50.000000 41.617303 33.604403 26.282211 19.884631 14.538633 10.264672 6.994254 4.597857 2.915435 1.783055 1.051899 0.598707 0.328859 0.174392 0.089327 0.044224 0.021183 0.009833 0.004437 0.001960 0.000862 0.000390 0.000195 0.000116 0.000085 0.000074 0.000069 0.000068 0.000067 0.000067 0.000067 0.000067 0.000067 0.000067 0.000067 0.000067 0.000066 0.000066 0.000065 0.000064 0.000062 0.000059 0.000055 0.000049 0.000042 0.000033 0.000023 0.000012 0.000000 
50.000000 41.617314 33.604425 26.282243 19.884672 14.538680 10.264726 6.994312 4.597918 2.915498 1.783120 1.051965 0.598773 0.328926 0.174459 0.089394 0.044291 0.021250 0.009900 0.004504 0.002028 0.000929 0.000457 0.000262 0.000183 0.000152 0.000141 0.000136 0.000135 0.000134 0.000134 0.000134 0.000134 0.000134 0.000134 0.000134 0.000133 0.000133 0.000132 0.000130 0.000128 0.000124 0.000118 0.000110 0.000098 0.000084 0.000066 0.000046 0.000024 0.000000 
50.000000 41.617347 33.604488 26.282334 19.884787 14.538816 10.264878 6.994477 4.598093 2.915679 1.783304 1.052152 0.598962 0.329116 0.174650 0.089585 0.044483 0.021441 0.010091 0.004696 0.002219 0.001120 0.000649 0.000453 0.000374 0.000344 0.000332 0.000328 0.000326 0.000326 0.000326 0.000326 0.000326 0.000325 0.000325 0.000325 0.000324 0.000323 0.000321 0.000317 0.000310 0.000301 0.000286 0.000266 0.000239 0.000204 0.000162 0.000112 0.000058 0.000000 
50.000000 41.617426 33.604642 26.282558 19.885071 14.539151 10.265252 6.994882 4.598520 2.916122 1.783758 1.052613 0.599427 0.329583 0.175118 0.090054 0.044952 0.021911 0.010561 0.005166 0.002689 0.001590 0.001119 0.000923 0.000844 0.000814 0.000802 0.000798 0.000796 0.000796 0.000796 0.000795 0.000795 0.000795 0.000795 0.000794 0.000792 0.000789 0.000783 0.000774 0.000759 0.000735 0.000701 0.000652 0.000586 0.000501 0.000397 0.000276 0.000141 0.000000 
50.000000 41.617610 33.605004 26.283081 19.885734 14.539931 10.266127 6.995828 4.599518 2.917157 1.784818 1.053688 0.600512 0.330674 0.176213 0.091151 0.046050 0.023009 0.011659 0.006264 0.003787 0.002688 0.002217 0.002021 0.001943 0.001912 0.001900 0.001896 0.001894 0.001894 0.001894 0.001894 0.001893 0.001893 0.001892 0.001890 0.001886 0.001878 0.001865 0.001843 0.001808 0.001753 0.001671 0.001555 0.001398 0.001196 0.000948 0.000658 0.000338 0.000000 
50.000000 41.618027 33.605818 26.284258 19.887230 14.541691 10.268098 6.997961 4.601769 2.919491 1.787207 1.056114 0.602959 0.333135 0.178681 0.093623 0.048524 0.025484 0.014135 0.008740 0.006264 0.005165 0.004694 0.004498 0.004419 0.004388 0.004377 0.004373 0.004371 0.004370 0.004370 0.004370 0.004369 0.004368 0.004366 0.004361 0.004352 0.004335 0.004306 0.004256 0.004175 0.004049 0.003862 0.003595 0.003234 0.002768 0.002195 0.001526 0.000783 0.000000 
50.000000 41.618934 33.607592 26.286824 19.890487 14.545525 10.272393 7.002608 4.606674 2.924575 1.792413 1.061397 0.608291 0.338495 0.184058 0.099009 0.053915 0.030878 0.019529 0.014135 0.011659 0.010560 0.010089 0.009893 0.009814 0.009784 0.009772 0.009768 0.009766 0.009766 0.009765 0.009765 0.009764 0.009761 0.009756 0.009746 0.009726 0.009690 0.009625 0.009516 0.009338 0.009060 0.008645 0.008054 0.007250 0.006209 0.004927 0.003426 0.001758 0.000000 
50.000000 41.620842 33.611323 26.292220 19.897336 14.553589 10.281426 7.012382 4.616989 2.935271 1.803364 1.072513 0.619508 0.349772 0.195370 0.110339 0.065255 0.042223 0.030878 0.025484 0.023009 0.021910 0.021439 0.021243 0.021165 0.021134 0.021122 0.021118 0.021117 0.021116 0.021115 0.021114 0.021112 0.021106 0.021096 0.021074 0.021033 0.020957 0.020821 0.020590 0.020212 0.019620 0.018732 0.017463 0.015732 0.013484 0.010708 0.007450 0.003825 0.000000 
50.000000 41.624713 33.618895 26.303171 19.911239 14.569955 10.299760 7.032220 4.637928 2.956982 1.825593 1.095076 0.642278 0.372665 0.218333 0.133341 0.088277 0.065255 0.053915 0.048524 0.046049 0.044951 0.044480 0.044285 0.044206 0.044176 0.044164 0.044160 0.044158 0.044157 0.044156 0.044154 0.044149 0.044139 0.044117 0.044074 0.043991 0.043836 0.043561 0.043090 0.042315 0.041098 0.039266 0.036636 0.033035 0.028341 0.022524 0.015683 0.008056 0.000000 
50.000000 41.632290 33.633712 26.324603 19.938447 14.601986 10.335644 7.071049 4.678912 2.999477 1.869103 1.139241 0.686848 0.417476 0.263281 0.178364 0.133341 0.110339 0.099009 0.093623 0.091150 0.090053 0.089583 0.089387 0.089309 0.089278 0.089267 0.089262 0.089260 0.089259 0.089257 0.089253 0.089244 0.089224 0.089182 0.089099 0.088937 0.088637 0.088099 0.087173 0.085646 0.083234 0.079589 0.074329 0.067095 0.057624 0.045845 0.031949 0.016420 0.000000 
50.000000 41.646576 33.661651 26.365015 19.989752 14.662388 10.403312 7.144273 4.756202 3.079618 1.951162 1.222535 0.770907 0.501989 0.348054 0.263281 0.218333 0.195370 0.184058 0.178681 0.176213 0.175118 0.174648 0.174453 0.174374 0.174344 0.174332 0.174328 0.174325 0.174324 0.174320 0.174312 0.174295 0.174259 0.174182 0.174027 0.173726 0.173164 0.172153 0.170406 0.167509 0.162909 0.155921 0.145782 0.131761 0.113313 0.090264 0.062970 0.032386 0.000000 
50.000000 41.672511 33.712374 26.438383 20.082896 14.772050 10.526171 7.277222 4.896538 3.225135 2.100161 1.373781 0.923543 0.655452 0.501989 0.417476 0.372665 0.349772 0.338495 0.333134 0.330674 0.329582 0.329113 0.328919 0.328841 0.328810 0.328799 0.328794 0.328791 0.328789 0.328783 0.328769 0.328739 0.328674 0.328538 0.328263 0.327726 0.326718 0.324895 0.321729 0.316451 0.308018 0.295128 0.276308 0.250116 0.215444 0.171884 0.120063 0.061802 0.000000 
50.000000 41.717808 33.800966 26.566528 20.245588 14.963597 10.740774 7.509455 5.141681 3.479332 2.360447 1.637994 1.190188 0.923543 0.770907 0.686848 0.642278 0.619508 0.608291 0.602959 0.600512 0.599426 0.598960 0.598766 0.598689 0.598658 0.598646 0.598642 0.598638 0.598634 0.598624 0.598602 0.598551 0.598442 0.598211 0.597743 0.596826 0.595094 0.591948 0.586450 0.577227 0.562392 0.539550 0.505950 0.458836 0.396008 0.316543 0.221464 0.114121 0.000000 
50.000000 41.793866 33.949720 26.781699 20.518773 15.285242 11.101143 7.899439 5.553351 3.906217 2.797565 2.081713 1.637994 1.373781 1.222535 1.139241 1.095076 1.072513 1.061397 1.056114 1.053688 1.052612 1.052150 1.051959 1.051881 1.051851 1.051839 1.051834 1.051830 1.051823 1.051808 1.051772 1.051691 1.051515 1.051142 1.050382 1.048886 1.046047 1.040856 1.031728 1.016305 0.991300 0.952479 0.894873 0.813365 0.703704 0.563842 0.395292 0.203980 0.000000 
50.000000 41.916550 34.189666 27.128783 20.959445 15.804095 11.682476 8.528560 6.217471 4.594894 3.502759 2.797565 2.360447 2.100161 1.951162 1.869103 1.825593 1.803364 1.792413 1.787207 1.784817 1.783757 1.783302 1.783113 1.783037 1.783007 1.782996 1.782990 1.782985 1.782975 1.782951 1.782897 1.782773 1.782503 1.781930 1.780756 1.778432 1.773997 1.765836 1.751380 1.726753 1.686475 1.623332 1.528660 1.393257 1.209089 0.971740 0.683074 0.353132 0.000000 
50.000000 42.106522 34.561218 27.666244 21.641839 16.607570 12.582723 9.502831 7.245961 5.661433 4.594894 3.906217 3.479332 3.225135 3.079618 2.999477 2.956982 2.935271 2.924575 2.919491 2.917157 2.916121 2.915677 2.915492 2.915418 2.915389 2.915377 2.915371 2.915364 2.915349 2.915316 2.915237 2.915059 2.914666 2.913830 2.912109 2.908684 2.902105 2.889913 2.868141 2.830716 2.768884 2.670862 2.522095 2.306533 2.009377 1.621333 1.143737 0.592762 0.000000 
50.000000 42.388723 35.113160 28.464653 22.655563 17.801187 13.920127 10.950232 8.773939 7.245961 6.217471 5.553351 5.141681 4.896538 4.756202 4.678912 4.637928 4.616989 4.606673 4.601769 4.599518 4.598519 4.598090 4.597912 4.597841 4.597812 4.597801 4.597794 4.597785 4.597766 4.597720 4.597613 4.597370 4.596831 4.595679 4.593293 4.588520 4.579289 4.562051 4.530996 4.477077 4.386970 4.242270 4.019479 3.691547 3.231885 2.621425 1.858169 0.966407 0.000000 
50.000000 42.790622 35.899217 29.601732 24.099312 19.501166 15.824925 13.011728 10.950232 9.502831 8.528560 7.899439 7.509455 7.277222 7.144273 7.071049 7.032220 7.012382 7.002608 6.997961 6.995828 6.994881 6.994475 6.994307 6.994239 6.994212 6.994200 6.994193 6.994182 6.994158 6.994100 6.993963 6.993649 6.992954 6.991460 6.988352 6.982094 6.969905 6.946960 6.905228 6.831968 6.707962 6.505864 6.189399 5.714653 5.035214 4.112983 2.935224 1.534396 0.000000 
50.000000 43.339030 36.971830 31.153347 26.069419 21.820953 18.424246 15.824925 13.920127 12.582723 11.682476 11.101143 10.740774 10.526171 10.403312 10.335644 10.299760 10.281426 10.272393 10.268098 10.266126 10.265252 10.264876 10.264720 10.264657 10.264632 10.264621 10.264614 10.264601 10.264572 10.264503 10.264339 10.263963 10.263124 10.261315 10.257530 10.249863 10.234824 10.206270 10.153816 10.060628 9.900648 9.635526 9.212123 8.562261 7.607694 6.274605 4.521902 2.382462 0.000000 
50.000000 44.055635 38.373422 33.180872 28.643826 24.852336 21.820953 19.501166 17.801187 16.607570 15.804095 15.285242 14.963597 14.772050 14.662388 14.601986 14.569955 14.553589 14.545525 14.541691 14.539931 14.539150 14.538815 14.538675 14.538619 14.538597 14.538587 14.538579 14.538565 14.538534 14.538457 14.538275 14.537857 14.536921 14.534892 14.530627 14.521934 14.504762 14.471877 14.410838 14.301036 14.109640 13.786513 13.258693 12.426168 11.162996 9.331751 6.824297 3.641749 0.000000 
50.000000 44.951898 40.126412 35.716742 31.863721 28.643826 26.069419 24.099312 22.655563 21.641839 20.959445 20.518773 20.245588 20.082896 19.989752 19.938447 19.911239 19.897336 19.890486 19.887230 19.885734 19.885071 19.884786 19.884668 19.884620 19.884601 19.884592 19.884584 19.884571 19.884539 19.884462 19.884277 19.883852 19.882898 19.880822 19.876438 19.867453 19.849580 19.815069 19.750356 19.632461 19.423678 19.064098 18.461725 17.480830 15.931860 13.573449 10.153182 5.539896 0.000000 
50.000000 46.024375 42.224064 38.751216 35.716742 33.180872 31.153347 29.601732 28.464653 27.666244 27.128783 26.781699 26.566528 26.438383 26.365015 26.324603 26.303171 26.292220 26.286824 26.284258 26.283080 26.282558 26.282333 26.282240 26.282202 26.282187 26.282180 26.282174 26.282162 26.282133 26.282063 26.281897 26.281512 26.280647 26.278758 26.274751 26.266499 26.249985 26.217858 26.157043 26.044911 25.843228 25.488749 24.878742 23.849121 22.143293 19.375608 15.019750 8.540865 0.000000 
50.000000 47.251779 44.624743 42.224064 40.126412 38.373422 36.971830 35.899217 35.113160 34.561218 34.189666 33.949720 33.800966 33.712374 33.661651 33.633712 33.618895 33.611323 33.607592 33.605818 33.605004 33.604642 33.604487 33.604423 33.604396 33.604386 33.604381 33.604376 33.604367 33.604345 33.604292 33.604166 33.603872 33.603211 33.601763 33.598682 33.592312 33.579502 33.554428 33.506592 33.417481 33.254991 32.963993 32.449928 31.549126 29.973230 27.204314 22.312371 13.758741 0.000000 
50.000000 48.594911 47.251779 46.024375 44.951898 44.055635 43.339030 42.790622 42.388723 42.106522 41.916550 41.793866 41.717808 41.672511 41.646576 41.632290 41.624713 41.620842 41.618934 41.618027 41.617610 41.617426 41.617346 41.617313 41.617300 41.617295 41.617292 41.617289 41.617285 41.617273 41.617244 41.617176 41.617016 41.616657 41.615869 41.614190 41.610709 41.603687 41.589887 41.563418 41.513760 41.422316 41.256226 40.956567 40.413886 39.412002 37.483510 33.493038 24.297455 0.000000 
50.000000 50.000000 50.000000 50.000000 50.000000 50.000000 50.000000 50.000000 50.000000 50.000000 50.000000 50.000000 50.000000 50.000000 50.000000 50.000000 50.000000 50.000000 50.000000 50.000000 50.000000 50.000000 50.000000 50.000000 50.000000 50.000000 50.000000 50.000000 50.000000 50.000000 50.000000 50.000000 50.000000 50.000000 50.000000 50.000000 50.000000 50.000000 50.000000 50.000000 50.000000 50.000000 50.000000 50.000000 50.000000 50.000000 50.000000 50.000000 50.000000 50.000000 
