50.000000 50.000000 50.000000 50.000000 50.000000 50.000000 50.000000 50.000000 50.000000 50.000000 50.000000 50.000000 50.000000 50.000000 50.000000 50.000000 50.000000 50.000000 50.000000 50.000000 50.000000 50.000000 50.000000 50.000000 50.000000 50.000000 50.000000 50.000000 50.000000 50.000000 50.000000 50.000000 50.000000 50.000000 50.000000 50.000000 50.000000 50.000000 50.000000 50.000000 50.000000 50.000000 50.000000 50.000000 50.000000 50.000000 50.000000 50.000000 50.000000 50.000000 
50.000000 48.741541 47.532790 46.417569 45.429092 44.587242 43.898154 43.355883 42.945476 42.646634 42.437179 42.295805 42.203866 42.146229 42.111375 42.091035 42.079572 42.073330 42.070044 42.068370 42.067545 42.067151 42.066969 42.066887 42.066851 42.066835 42.066827 42.066820 42.066807 42.066780 42.066718 42.066580 42.066280 42.065645 42.064337 42.061708 42.056556 42.046700 42.028267 41.994512 41.933829 41.826345 41.637837 41.308088 40.726644 39.676856 37.691587 33.636605 24.370771 0.000000 
50.000000 47.532790 45.163032 42.976644 41.038742 39.388304 38.037359 36.974249 36.169661 35.583793 35.173168 34.896014 34.715776 34.602782 34.534456 34.494582 34.472110 34.459874 34.453432 34.450151 34.448533 34.447761 34.447403 34.447242 34.447172 34.447141 34.447125 34.447112 34.447088 34.447037 34.446922 34.446665 34.446107 34.444930 34.442506 34.437645 34.428142 34.410018 34.376260 34.314765 34.204984 34.012423 33.679398 33.108922 32.135452 30.469749 27.594395 22.581516 13.896184 0.000000 
50.000000 46.417569 42.976644 39.801981 36.988131 34.591691 32.630126 31.086506 29.918263 29.067604 28.471396 28.068985 27.807293 27.643237 27.544035 27.486143 27.453518 27.435752 27.426400 27.421636 27.419288 27.418166 27.417647 27.417414 27.417312 27.417267 27.417245 27.417226 27.417194 27.417126 27.416972 27.416630 27.415890 27.414330 27.411126 27.404722 27.392250 27.368578 27.324754 27.245541 27.105568 26.863385 26.452298 25.766314 24.638819 22.812032 19.900990 15.382249 8.725981 0.000000 
50.000000 45.429092 41.038742 36.988131 33.397905 30.340271 27.837515 25.868029 24.377495 23.292171 22.531499 22.018090 21.684220 21.474918 21.348358 21.274501 21.232880 21.210217 21.198286 21.192209 21.189214 21.187783 21.187121 21.186824 21.186693 21.186636 21.186609 21.186586 21.186550 21.186473 21.186299 21.185913 21.185080 21.183328 21.179745 21.172610 21.158784 21.132700 21.084771 20.998952 20.849120 20.593879 20.169363 19.479837 18.386671 16.698952 14.176100 10.568993 5.752237 0.000000 
50.000000 44.587242 39.388304 34.591691 30.340271 26.719552 23.755918 21.423776 19.658797 18.373653 17.472946 16.865031 16.469709 16.221886 16.072038 15.984592 15.935314 15.908482 15.894356 15.887162 15.883615 15.881922 15.881138 15.880786 15.880632 15.880565 15.880533 15.880509 15.880472 15.880393 15.880216 15.879827 15.878988 15.877229 15.873646 15.866546 15.852864 15.827228 15.780512 15.697719 15.554999 15.315717 14.925663 14.308015 13.359776 11.953600 9.952872 7.252852 3.860598 0.000000 
50.000000 43.898154 38.037359 32.630126 27.837515 23.755918 20.415073 17.786122 15.796540 14.347873 13.332573 12.647327 12.201724 11.922387 11.753486 11.654924 11.599383 11.569141 11.553221 11.545113 11.541116 11.539208 11.538324 11.537928 11.537754 11.537679 11.537644 11.537619 11.537584 11.537510 11.537346 11.536985 11.536210 11.534591 11.531307 11.524832 11.512431 11.489362 11.447687 11.374593 11.250177 11.044769 10.716154 10.207536 9.447903 8.357678 6.863812 4.928437 2.590066 0.000000 
50.000000 43.355883 36.974249 31.086506 25.868029 21.423776 17.786122 14.923639 12.757344 11.180029 10.074582 9.328505 8.843354 8.539231 8.355346 8.248043 8.187577 8.154655 8.137324 8.128498 8.124147 8.122070 8.121108 8.120677 8.120488 8.120407 8.120370 8.120345 8.120314 8.120249 8.120107 8.119796 8.119129 8.117744 8.114945 8.109457 8.099010 8.079717 8.045162 7.985171 7.884283 7.720087 7.461819 7.069968 6.498113 5.698666 4.634208 3.294852 1.718046 0.000000 
50.000000 42.945476 36.169661 29.918263 24.377495 19.658797 15.796540 12.757344 10.457341 8.782692 7.609045 6.816951 6.301886 5.979016 5.783800 5.669887 5.605698 5.570749 5.552352 5.542983 5.538365 5.536160 5.535139 5.534681 5.534481 5.534396 5.534357 5.534334 5.534307 5.534254 5.534139 5.533887 5.533349 5.532236 5.529998 5.525633 5.517376 5.502235 5.475342 5.429100 5.352203 5.228671 5.037257 4.751772 4.343080 3.783616 3.054878 2.157237 1.119131 0.000000 
50.000000 42.646634 35.583793 29.067604 23.292171 18.373653 14.347873 11.180029 8.782692 7.037192 5.813906 4.988324 4.451490 4.114979 3.911519 3.792798 3.725901 3.689478 3.670305 3.660542 3.655729 3.653431 3.652368 3.651891 3.651683 3.651594 3.651555 3.651533 3.651511 3.651470 3.651381 3.651188 3.650779 3.649935 3.648245 3.644967 3.638803 3.627578 3.607795 3.574084 3.518596 3.430489 3.295746 3.097696 2.818654 2.443050 1.962036 1.378810 0.712805 0.000000 
50.000000 42.437179 35.173168 28.471396 22.531499 17.472946 13.332573 10.074582 7.609045 5.813906 4.555847 3.706806 3.154725 2.808662 2.599430 2.477342 2.408549 2.371095 2.351379 2.341340 2.336391 2.334028 2.332935 2.332444 2.332230 2.332139 2.332100 2.332080 2.332062 2.332031 2.331966 2.331827 2.331531 2.330924 2.329714 2.327378 2.323011 2.315110 2.301286 2.277924 2.239823 2.179945 2.089411 1.957980 1.775227 1.532547 1.225855 0.858403 0.442666 0.000000 
50.000000 42.295805 34.896014 28.068985 22.018090 16.865031 12.647327 9.328505 6.816951 4.988324 3.706806 2.841941 2.279577 1.927072 1.713948 1.589590 1.519520 1.481370 1.461289 1.451064 1.446023 1.443617 1.442503 1.442004 1.441786 1.441693 1.441654 1.441636 1.441621 1.441599 1.441554 1.441458 1.441254 1.440839 1.440014 1.438429 1.435482 1.430181 1.420970 1.405519 1.380528 1.341610 1.283343 1.199640 1.084519 0.933320 0.744231 0.519754 0.267538 0.000000 
50.000000 42.203866 34.715776 27.807293 21.684220 16.469709 12.201724 8.843354 6.301886 4.451490 3.154725 2.279577 1.710531 1.353842 1.138189 1.012358 0.941457 0.902856 0.882538 0.872192 0.867092 0.864657 0.863531 0.863025 0.862805 0.862711 0.862672 0.862655 0.862643 0.862628 0.862598 0.862534 0.862401 0.862129 0.861592 0.860565 0.858665 0.855266 0.849396 0.839615 0.823912 0.799651 0.763637 0.712362 0.642481 0.551521 0.438715 0.305758 0.157167 0.000000 
50.000000 42.146229 34.602782 27.643237 21.474918 16.221886 11.922387 8.539231 5.979016 4.114979 2.808662 1.927072 1.353842 0.994531 0.777295 0.650541 0.579121 0.540238 0.519771 0.509349 0.504212 0.501760 0.500625 0.500116 0.499894 0.499800 0.499761 0.499744 0.499735 0.499724 0.499705 0.499665 0.499581 0.499411 0.499076 0.498439 0.497266 0.495177 0.491590 0.485650 0.476176 0.461640 0.440221 0.409956 0.369022 0.316134 0.250987 0.174640 0.089672 0.000000 
50.000000 42.111375 34.534456 27.544035 21.348358 16.072038 11.753486 8.355346 5.783800 3.911519 2.599430 1.713948 1.138189 0.777295 0.559103 0.431792 0.360059 0.321005 0.300449 0.289981 0.284822 0.282359 0.281219 0.280707 0.280485 0.280391 0.280351 0.280335 0.280327 0.280320 0.280308 0.280283 0.280233 0.280131 0.279931 0.279552 0.278856 0.277624 0.275519 0.272051 0.266552 0.258167 0.245889 0.228654 0.205492 0.175748 0.139313 0.096811 0.049667 0.000000 
50.000000 42.091035 34.494582 27.486143 21.274501 15.984592 11.654924 8.248043 5.669887 3.792798 2.477342 1.589590 1.012358 0.650541 0.431792 0.304156 0.232240 0.193087 0.172479 0.161985 0.156812 0.154343 0.153200 0.152687 0.152464 0.152370 0.152331 0.152315 0.152307 0.152302 0.152295 0.152281 0.152252 0.152193 0.152078 0.151861 0.151465 0.150766 0.149577 0.147627 0.144552 0.139889 0.133098 0.123617 0.110945 0.094757 0.075017 0.052076 0.026698 0.000000 
50.000000 42.079572 34.472110 27.453518 21.232880 15.935314 11.599383 8.187577 5.605698 3.725901 2.408549 1.519520 0.941457 0.579121 0.360059 0.232240 0.160221 0.121012 0.100375 0.089866 0.084686 0.082213 0.081069 0.080555 0.080332 0.080237 0.080198 0.080183 0.080176 0.080172 0.080167 0.080159 0.080143 0.080111 0.080047 0.079928 0.079710 0.079328 0.078681 0.077625 0.075966 0.073462 0.069833 0.064792 0.058084 0.049552 0.039188 0.027181 0.013927 0.000000 
50.000000 42.073330 34.459874 27.435752 21.210217 15.908482 11.569141 8.154655 5.570749 3.689478 2.371095 1.481370 0.902856 0.540238 0.321005 0.193087 0.121012 0.081773 0.061120 0.050603 0.045419 0.042944 0.041799 0.041285 0.041061 0.040967 0.040928 0.040912 0.040906 0.040903 0.040900 0.040896 0.040887 0.040869 0.040836 0.040772 0.040657 0.040456 0.040116 0.039564 0.038699 0.037400 0.035525 0.032931 0.029494 0.025137 0.019862 0.013767 0.007051 0.000000 
50.000000 42.070044 34.453432 27.426400 21.198286 15.894356 11.553221 8.137324 5.552352 3.670306 2.351379 1.461290 0.882538 0.519771 0.300449 0.172479 0.100375 0.061120 0.040458 0.029936 0.024750 0.022275 0.021129 0.020615 0.020391 0.020297 0.020258 0.020242 0.020236 0.020233 0.020231 0.020229 0.020224 0.020216 0.020198 0.020166 0.020107 0.020005 0.019832 0.019553 0.019118 0.018466 0.017528 0.016236 0.014529 0.012373 0.009769 0.006767 0.003465 0.000000 
50.000000 42.068370 34.450151 27.421636 21.192210 15.887162 11.545113 8.128498 5.542984 3.660542 2.341340 1.451064 0.872192 0.509350 0.289982 0.161985 0.089866 0.050603 0.029937 0.019413 0.014226 0.011750 0.010604 0.010090 0.009866 0.009772 0.009733 0.009717 0.009711 0.009709 0.009707 0.009706 0.009704 0.009699 0.009691 0.009675 0.009646 0.009595 0.009511 0.009374 0.009162 0.008845 0.008391 0.007768 0.006946 0.005911 0.004664 0.003229 0.001653 0.000000 
50.000000 42.067545 34.448533 27.419288 21.189214 15.883616 11.541117 8.124148 5.538366 3.655730 2.336392 1.446025 0.867093 0.504214 0.284823 0.156813 0.084687 0.045420 0.024752 0.014227 0.009040 0.006563 0.005417 0.004903 0.004679 0.004585 0.004546 0.004530 0.004524 0.004522 0.004521 0.004520 0.004519 0.004517 0.004512 0.004505 0.004491 0.004467 0.004427 0.004362 0.004262 0.004113 0.003900 0.003608 0.003224 0.002742 0.002163 0.001497 0.000766 0.000000 
50.000000 42.067152 34.447762 27.418168 21.187785 15.881924 11.539210 8.122073 5.536163 3.653435 2.334032 1.443620 0.864661 0.501763 0.282362 0.154346 0.082216 0.042948 0.022278 0.011753 0.006565 0.004089 0.002943 0.002428 0.002205 0.002110 0.002071 0.002056 0.002050 0.002047 0.002046 0.002046 0.002045 0.002044 0.002042 0.002039 0.002032 0.002021 0.002003 0.001973 0.001927 0.001859 0.001762 0.001629 0.001455 0.001237 0.000975 0.000675 0.000345 0.000000 
50.000000 42.066970 34.447406 27.417652 21.187127 15.881145 11.538332 8.121116 5.535148 3.652377 2.332944 1.442513 0.863540 0.500635 0.281228 0.153210 0.081078 0.041808 0.021138 0.010613 0.005425 0.002949 0.001803 0.001289 0.001065 0.000970 0.000931 0.000916 0.000910 0.000907 0.000907 0.000906 0.000906 0.000905 0.000904 0.000903 0.000900 0.000895 0.000887 0.000873 0.000853 0.000822 0.000779 0.000720 0.000643 0.000546 0.000430 0.000298 0.000152 0.000000 
50.000000 42.066891 34.447250 27.417426 21.186839 15.880804 11.537947 8.120698 5.534704 3.651914 2.332468 1.442028 0.863050 0.500141 0.280732 0.152712 0.080580 0.041310 0.020640 0.010115 0.004927 0.002450 0.001304 0.000790 0.000566 0.000471 0.000433 0.000417 0.000411 0.000409 0.000408 0.000408 0.000407 0.000407 0.000407 0.000406 0.000405 0.000402 0.000399 0.000392 0.000383 0.000369 0.000350 0.000323 0.000288 0.000245 0.000193 0.000133 0.000068 0.000000 
50.000000 42.066861 34.447193 27.417342 21.186732 15.880677 11.537805 8.120543 5.534539 3.651743 2.332292 1.441848 0.862868 0.499958 0.280548 0.152528 0.080396 0.041125 0.020455 0.009930 0.004742 0.002265 0.001119 0.000605 0.000381 0.000286 0.000248 0.000232 0.000226 0.000224 0.000223 0.000223 0.000222 0.000222 0.000222 0.000222 0.000221 0.000220 0.000218 0.000214 0.000209 0.000201 0.000191 0.000176 0.000157 0.000133 0.000105 0.000073 0.000037 0.000000 
50.000000 42.066861 34.447193 27.417342 21.186732 15.880677 11.537805 8.120543 5.534539 3.651743 2.332292 1.441848 0.862868 0.499958 0.280548 0.152528 0.080396 0.041125 0.020455 0.009930 0.004742 0.002265 0.001119 0.000605 0.000381 0.000286 0.000248 0.000232 0.000226 0.000224 0.000223 0.000223 0.000222 0.000222 0.000222 0.000222 0.000221 0.000220 0.000218 0.000214 0.000209 0.000201 0.000191 0.000176 0.000157 0.000133 0.000105 0.000073 0.000037 0.000000 
50.000000 42.066891 34.447250 27.417426 21.186839 15.880804 11.537947 8.120698 5.534704 3.651914 2.332468 1.442028 0.863050 0.500141 0.280732 0.152712 0.080580 0.041310 0.020640 0.010115 0.004927 0.002450 0.001304 0.000790 0.000566 0.000471 0.000433 0.000417 0.000411 0.000409 0.000408 0.000408 0.000407 0.000407 0.000407 0.000406 0.000405 0.000402 0.000399 0.000392 0.000383 0.000369 0.000350 0.000323 0.000288 0.000245 0.000193 0.000133 0.000068 0.000000 
50.000000 42.066970 34.447406 27.417652 21.187127 15.881145 11.538332 8.121116 5.535148 3.652377 2.332944 1.442513 0.863540 0.500635 0.281228 0.153210 0.081078 0.041808 0.021138 0.010613 0.005425 0.002949 0.001803 0.001289 0.001065 0.000970 0.000931 0.000916 0.000910 0.000907 0.000907 0.000906 0.000906 0.000905 0.000904 0.000903 0.000900 0.000895 0.000887 0.000873 0.000853 0.000822 0.000779 0.000720 0.000643 0.000546 0.000430 0.000298 0.000152 0.000000 
50.000000 42.067152 34.447762 27.418168 21.187785 15.881924 11.539210 8.122073 5.536163 3.653435 2.334032 1.443620 0.864661 0.501763 0.282362 0.154346 0.082216 0.042948 0.022278 0.011753 0.006565 0.004089 0.002943 0.002428 0.002205 0.002110 0.002071 0.002056 0.002050 0.002047 0.002046 0.002046 0.002045 0.002044 0.002042 0.002039 0.002032 0.002021 0.002003 0.001973 0.001927 0.001859 0.001762 0.001629 0.001455 0.001237 0.000975 0.000675 0.000345 0.000000 
50.000000 42.067545 34.448533 27.419288 21.189214 15.883616 11.541117 8.124148 5.538366 3.655730 2.336392 1.446025 0.867093 0.504214 0.284823 0.156813 0.084687 0.045420 0.024752 0.014227 0.009040 0.006563 0.005417 0.004903 0.004679 0.004585 0.004546 0.004530 0.004524 0.004522 0.004521 0.004520 0.004519 0.004517 0.004512 0.004505 0.004491 0.004467 0.004427 0.004362 0.004262 0.004113 0.003900 0.003608 0.003224 0.002742 0.002163 0.001497 0.000766 0.000000 
50.000000 42.068370 34.450151 27.421636 21.192210 15.887162 11.545113 8.128498 5.542984 3.660542 2.341340 1.451064 0.872192 0.509350 0.289982 0.161985 0.089866 0.050603 0.029937 0.019413 0.014226 0.011750 0.010604 0.010090 0.009866 0.009772 0.009733 0.009717 0.009711 0.009709 0.009707 0.009706 0.009704 0.009699 0.009691 0.009675 0.009646 0.009595 0.009511 0.009374 0.009162 0.008845 0.008391 0.007768 0.006946 0.005911 0.004664 0.003229 0.001653 0.000000 
50.000000 42.070044 34.453432 27.426400 21.198286 15.894356 11.553221 8.137324 5.552352 3.670306 2.351379 1.461290 0.882538 0.519771 0.300449 0.172479 0.100375 0.061120 0.040458 0.029936 0.024750 0.022275 0.021129 0.020615 0.020391 0.020297 0.020258 0.020242 0.020236 0.020233 0.020231 0.020229 0.020224 0.020216 0.020198 0.020166 0.020107 0.020005 0.019832 0.019553 0.019118 0.018466 0.017528 0.016236 0.014529 0.012373 0.009769 0.006767 0.003465 0.000000 
50.000000 42.073330 34.459874 27.435752 21.210217 15.908482 11.569141 8.154655 5.570749 3.689478 2.371095 1.481370 0.902856 0.540238 0.321005 0.193087 0.121012 0.081773 0.061120 0.050603 0.045419 0.042944 0.041799 0.041285 0.041061 0.040967 0.040928 0.040912 0.040906 0.040903 0.040900 0.040896 0.040887 0.040869 0.040836 0.040772 0.040657 0.040456 0.040116 0.039564 0.038699 0.037400 0.035525 0.032931 0.029494 0.025137 0.019862 0.013767 0.007051 0.000000 
50.000000 42.079572 34.472110 27.453518 21.232880 15.935314 11.599383 8.187577 5.605698 3.725901 2.408549 1.519520 0.941457 0.579121 0.360059 0.232240 0.160221 0.121012 0.100375 0.089866 0.084686 0.082213 0.081069 0.080555 0.080332 0.080237 0.080198 0.080183 0.080176 0.080172 0.080167 0.080159 0.080143 0.080111 0.080047 0.079928 0.079710 0.079328 0.078681 0.077625 0.075966 0.073462 0.069833 0.064792 0.058084 0.049552 0.039188 0.027181 0.013927 0.000000 
50.000000 42.091035 34.494582 27.486143 21.274501 15.984592 11.654924 8.248043 5.669887 3.792798 2.477342 1.589590 1.012358 0.650541 0.431792 0.304156 0.232240 0.193087 0.172479 0.161985 0.156812 0.154343 0.153200 0.152687 0.152464 0.152370 0.152331 0.152315 0.152307 0.152302 0.152295 0.152281 0.152252 0.152193 0.152078 0.151861 0.151465 0.150766 0.149577 0.147627 0.144552 0.139889 0.133098 0.123617 0.110945 0.094757 0.075017 0.052076 0.026698 0.000000 
50.000000 42.111375 34.534456 27.544035 21.348358 16.072038 11.753486 8.355346 5.783800 3.911519 2.599430 1.713948 1.138189 0.777295 0.559103 0.431792 0.360059 0.321005 0.300449 0.289981 0.284822 0.282359 0.281219 0.280707 0.280485 0.280391 0.280351 0.280335 0.280327 0.280320 0.280308 0.280283 0.280233 0.280131 0.279931 0.279552 0.278856 0.277624 0.275519 0.272051 0.266552 0.258167 0.245889 0.228654 0.205492 0.175748 0.139313 0.096811 0.049667 0.000000 
50.000000 42.146229 34.602782 27.643237 21.474918 16.221886 11.922387 8.539231 5.979016 4.114979 2.808662 1.927072 1.353842 0.994531 0.777295 0.650541 0.579121 0.540238 0.519771 0.509349 0.504212 0.501760 0.500625 0.500116 0.499894 0.499800 0.499761 0.499744 0.499735 0.499724 0.499705 0.499665 0.499581 0.499411 0.499076 0.498439 0.497266 0.495177 0.491590 0.485650 0.476176 0.461640 0.440221 0.409956 0.369022 0.316134 0.250987 0.174640 0.089672 0.000000 
50.000000 42.203866 34.715776 27.807293 21.684220 16.469709 12.201724 8.843354 6.301886 4.451490 3.154725 2.279577 1.710531 1.353842 1.138189 1.012358 0.941457 0.902856 0.882538 0.872192 0.867092 0.864657 0.863531 0.863025 0.862805 0.862711 0.862672 0.862655 0.862643 0.862628 0.862598 0.862534 0.862401 0.862129 0.861592 0.860565 0.858665 0.855266 0.849396 0.839615 0.823912 0.799651 0.763637 0.712362 0.642481 0.551521 0.438715 0.305758 0.157167 0.000000 
50.000000 42.295805 34.896014 28.068985 22.018090 16.865031 12.647327 9.328505 6.816951 4.988324 3.706806 2.841941 2.279577 1.927072 1.713948 1.589590 1.519520 1.481370 1.461289 1.451064 1.446023 1.443617 1.442503 1.442004 1.441786 1.441693 1.441654 1.441636 1.441621 1.441599 1.441554 1.441458 1.441254 1.440839 1.440014 1.438429 1.435482 1.430181 1.420970 1.405519 1.380528 1.341610 1.283343 1.199640 1.084519 0.933320 0.744231 0.519754 0.267538 0.000000 
50.000000 42.437179 35.173168 28.471396 22.531499 17.472946 13.332573 10.074582 7.609045 5.813906 4.555847 3.706806 3.154725 2.808662 2.599430 2.477342 2.408549 2.371095 2.351379 2.341340 2.336391 2.334028 2.332935 2.332444 2.332230 2.332139 2.332100 2.332080 2.332062 2.332031 2.331966 2.331827 2.331531 2.330924 2.329714 2.327378 2.323011 2.315110 2.301286 2.277924 2.239823 2.179945 2.089411 1.957980 1.775227 1.532547 1.225855 0.858403 0.442666 0.000000 
50.000000 42.646634 35.583793 29.067604 23.292171 18.373653 14.347873 11.180029 8.782692 7.037192 5.813906 4.988324 4.451490 4.114979 3.911519 3.792798 3.725901 3.689478 3.670305 3.660542 3.655729 3.653431 3.652368 3.651891 3.651683 3.651594 3.651555 3.651533 3.651511 3.651470 3.651381 3.651188 3.650779 3.649935 3.648245 3.644967 3.638803 3.627578 3.607795 3.574084 3.518596 3.430489 3.295746 3.097696 2.818654 2.443050 1.962036 1.378810 0.712805 0.000000 
50.000000 42.945476 36.169661 29.918263 24.377495 19.658797 15.796540 12.757344 10.457341 8.782692 7.609045 6.816951 6.301886 5.979016 5.783800 5.669887 5.605698 5.570749 5.552352 5.542983 5.538365 5.536160 5.535139 5.534681 5.534481 5.534396 5.534357 5.534334 5.534307 5.534254 5.534139 5.533887 5.533349 5.532236 5.529998 5.525633 5.517376 5.502235 5.475342 5.429100 5.352203 5.228671 5.037257 4.751772 4.343080 3.783616 3.054878 2.157237 1.119131 0.000000 
50.000000 43.355883 36.974249 31.086506 25.868029 21.423776 17.786122 14.923639 12.757344 11.180029 10.074582 9.328505 8.843354 8.539231 8.355346 8.248043 8.187577 8.154655 8.137324 8.128498 8.124147 8.122070 8.121108 8.120677 8.120488 8.120407 8.120370 8.120345 8.120314 8.120249 8.120107 8.119796 8.119129 8.117744 8.114945 8.109457 8.099010 8.079717 8.045162 7.985171 7.884283 7.720087 7.461819 7.069968 6.498113 5.698666 4.634208 3.294852 1.718046 0.000000 
50.000000 43.898154 38.037359 32.630126 27.837515 23.755918 20.415073 17.786122 15.796540 14.347873 13.332573 12.647327 12.201724 11.922387 11.753486 11.654924 11.599383 11.569141 11.553221 11.545113 11.541116 11.539208 11.538324 11.537928 11.537754 11.537679 11.537644 11.537619 11.537584 11.537510 11.537346 11.536985 11.536210 11.534591 11.531307 11.524832 11.512431 11.489362 11.447687 11.374593 11.250177 11.044769 10.716154 10.207536 9.447903 8.357678 6.863812 4.928437 2.590066 0.000000 
50.000000 44.587242 39.388304 34.591691 30.340271 26.719552 23.755918 21.423776 19.658797 18.373653 17.472946 16.865031 16.469709 16.221886 16.072038 15.984592 15.935314 15.908482 15.894356 15.887162 15.883615 15.881922 15.881138 15.880786 15.880632 15.880565 15.880533 15.880509 15.880472 15.880393 15.880216 15.879827 15.878988 15.877229 15.873646 15.866546 15.852864 15.827228 15.780512 15.697719 15.554999 15.315717 14.925663 14.308015 13.359776 11.953600 9.952872 7.252852 3.860598 0.000000 
50.000000 45.429092 41.038742 36.988131 33.397905 30.340271 27.837515 25.868029 24.377495 23.292171 22.531499 22.018090 21.684220 21.474918 21.348358 21.274501 21.232880 21.210217 21.198286 21.192209 21.189214 21.187783 21.187121 21.186824 21.186693 21.186636 21.186609 21.186586 21.186550 21.186473 21.186299 21.185913 21.185080 21.183328 21.179745 21.172610 21.158784 21.132700 21.084771 20.998952 20.849120 20.593879 20.169363 19.479837 18.386671 16.698952 14.176100 10.568993 5.752237 0.000000 
50.000000 46.417569 42.976644 39.801981 36.988131 34.591691 32.630126 31.086506 29.918263 29.067604 28.471396 28.068985 27.807293 27.643237 27.544035 27.486143 27.453518 27.435752 27.426400 27.421636 27.419288 27.418166 27.417647 27.417414 27.417312 27.417267 27.417245 27.417226 27.417194 27.417126 27.416972 27.416630 27.415890 27.414330 27.411126 27.404722 27.392250 27.368578 27.324754 27.245541 27.105568 26.863385 26.452298 25.766314 24.638819 22.812032 19.900990 15.382249 8.725981 0.000000 
50.000000 47.532790 45.163032 42.976644 41.038742 39.388304 38.037359 36.974249 36.169661 35.583793 35.173168 34.896014 34.715776 34.602782 34.534456 34.494582 34.472110 34.459874 34.453432 34.450151 34.448533 34.447761 34.447403 34.447242 34.447172 34.447141 34.447125 34.447112 34.447088 34.447037 34.446922 34.446665 34.446107 34.444930 34.442506 34.437645 34.428142 34.410018 34.376260 34.314765 34.204984 34.012423 33.679398 33.108922 32.135452 30.469749 27.594395 22.581516 13.896184 0.000000 
50.000000 48.741541 47.532790 46.417569 45.429092 44.587242 43.898154 43.355883 42.945476 42.646634 42.437179 42.295805 42.203866 42.146229 42.111375 42.091035 42.079572 42.073330 42.070044 42.068370 42.067545 42.067151 42.066969 42.066887 42.066851 42.066835 42.066827 42.066820 42.066807 42.066780 42.066718 42.066580 42.066280 42.065645 42.064337 42.061708 42.056556 42.046700 42.028267 41.994512 41.933829 41.826345 41.637837 41.308088 40.726644 39.676856 37.691587 33.636605 24.370771 0.000000 
50.000000 50.000000 50.000000 50.000000 50.000000 50.000000 50.000000 50.000000 50.000000 50.000000 50.000000 50.000000 50.000000 50.000000 50.000000 50.000000 50.000000 50.000000 50.000000 50.000000 50.000000 50.000000 50.000000 50.000000 50.000000 50.000000 50.000000 50.000000 50.000000 50.000000 50.000000 50.000000 50.000000 50.000000 50.000000 50.000000 50.000000 50.000000 50.000000 50.000000 50.000000 50.000000 50.000000 50.000000 50.000000 50.000000 50.000000 50.000000 50.000000 50.000000 
