50.000000 50.000000 50.000000 50.000000 50.000000 50.000000 50.000000 50.000000 50.000000 50.000000 50.000000 50.000000 50.000000 50.000000 50.000000 50.000000 50.000000 50.000000 50.000000 50.000000 50.000000 50.000000 50.000000 50.000000 50.000000 50.000000 50.000000 50.000000 50.000000 50.000000 50.000000 50.000000 50.000000 50.000000 50.000000 50.000000 50.000000 50.000000 50.000000 50.000000 50.000000 50.000000 50.000000 50.000000 50.000000 50.000000 50.000000 50.000000 50.000000 50.000000 
50.000000 48.603539 47.268277 46.047377 44.979685 44.086425 43.371234 42.823010 42.420486 42.137242 41.946118 41.822371 41.745439 41.699483 41.673088 41.658499 41.650735 41.646753 41.644783 41.643843 41.643409 41.643216 41.643133 41.643098 41.643084 41.643078 41.643075 41.643073 41.643068 41.643055 41.643025 41.642954 41.642789 41.642417 41.641606 41.639882 41.636320 41.629158 41.615121 41.588273 41.538028 41.445712 41.278383 40.977034 40.432147 39.427508 37.495719 33.501477 24.301770 0.000000 
50.000000 47.268277 44.656274 42.267986 40.179402 38.432045 37.033024 35.960622 35.173233 34.619176 34.245317 34.003257 33.852773 33.762883 33.711252 33.682717 33.667530 33.659741 33.655889 33.654050 33.653202 33.652824 33.652661 33.652593 33.652565 33.652554 33.652549 33.652544 33.652534 33.652511 33.652456 33.652324 33.652019 33.651335 33.649843 33.646679 33.640157 33.627085 33.601571 33.553025 33.462817 33.298699 33.005386 32.488164 31.583242 30.002197 27.227124 22.328137 13.766801 0.000000 
50.000000 46.047377 42.267986 38.812305 35.790288 33.262012 31.237763 29.686114 28.546856 27.745212 27.204296 26.854077 26.636356 26.506303 26.431606 26.390323 26.368353 26.357084 26.351511 26.348850 26.347623 26.347077 26.346841 26.346743 26.346703 26.346687 26.346679 26.346672 26.346660 26.346630 26.346557 26.346383 26.345984 26.345088 26.343139 26.339021 26.330567 26.313702 26.280984 26.219220 26.105619 25.901756 25.544177 24.929944 23.894807 22.182083 19.406152 15.040862 8.551658 0.000000 
50.000000 44.979685 40.179402 35.790288 31.951998 28.740834 26.169860 24.199149 22.752224 21.734102 21.047126 20.602348 20.325846 20.160686 20.065826 20.013401 19.985500 19.971191 19.964114 19.960736 19.959178 19.958484 19.958185 19.958060 19.958009 19.957989 19.957980 19.957972 19.957957 19.957924 19.957843 19.957651 19.957208 19.956220 19.954077 19.949566 19.940351 19.922078 19.886896 19.821102 19.701537 19.490274 19.127167 18.519986 17.532813 15.975999 13.608205 10.177205 5.552177 0.000000 
50.000000 44.086425 38.432045 33.262012 28.740834 24.958391 21.930059 19.608802 17.904525 16.705336 15.896202 15.372342 15.046685 14.852167 14.740449 14.678708 14.645851 14.629001 14.620666 14.616688 14.614854 14.614037 14.613685 14.613538 14.613478 14.613454 14.613443 14.613435 14.613421 14.613387 14.613307 14.613117 14.612681 14.611710 14.609612 14.605218 14.596292 14.578711 14.545142 14.483002 14.371496 14.177570 13.850847 13.318123 12.479195 11.208021 9.367205 6.848802 3.654277 0.000000 
50.000000 43.371234 37.033024 31.237763 26.169860 21.930059 18.535592 15.933720 14.023443 12.679329 11.772424 11.185277 10.820286 10.602278 10.477072 10.407879 10.371057 10.352174 10.342835 10.338377 10.336322 10.335406 10.335011 10.334847 10.334780 10.334753 10.334742 10.334733 10.334720 10.334690 10.334617 10.334445 10.334052 10.333181 10.331308 10.327402 10.319516 10.304095 10.274901 10.221414 10.126631 9.964283 9.695792 9.267796 8.611937 7.649874 6.307819 4.544860 2.394199 0.000000 
50.000000 42.823010 35.960622 29.686114 24.199149 19.608802 15.933720 13.116792 11.048653 9.593488 8.611673 7.976040 7.580917 7.344918 7.209382 7.134482 7.094625 7.074185 7.064077 7.059252 7.057027 7.056036 7.055609 7.055431 7.055359 7.055330 7.055318 7.055310 7.055298 7.055273 7.055211 7.055068 7.054740 7.054016 7.052467 7.049253 7.042804 7.030283 7.006780 6.964149 6.889499 6.763430 6.558396 6.237928 5.757955 5.071982 4.141936 2.955236 1.544628 0.000000 
50.000000 42.420486 35.173233 28.546856 22.752224 17.904525 14.023443 11.048653 8.864645 7.327977 6.291189 5.619979 5.202749 4.953551 4.810439 4.731354 4.689270 4.667690 4.657017 4.651923 4.649575 4.648529 4.648078 4.647890 4.647814 4.647783 4.647771 4.647764 4.647754 4.647734 4.647686 4.647573 4.647318 4.646756 4.645558 4.643087 4.638158 4.628655 4.610961 4.579172 4.524117 4.432323 4.285223 4.059160 3.726954 3.261950 2.645100 1.874534 0.974774 0.000000 
50.000000 42.137242 34.619176 27.745212 21.734102 16.705336 12.679329 9.593488 7.327977 5.733985 4.658537 3.962311 3.529538 3.271062 3.122624 3.040599 2.996951 2.974569 2.963500 2.958217 2.955782 2.954697 2.954229 2.954034 2.953955 2.953924 2.953912 2.953905 2.953898 2.953882 2.953847 2.953764 2.953577 2.953166 2.952295 2.950508 2.946963 2.940174 2.927631 2.905293 2.866992 2.803860 2.703988 2.552697 2.333841 2.032565 1.639593 1.156359 0.599214 0.000000 
50.000000 41.946118 34.245317 27.204296 21.047126 15.896202 11.772424 8.611673 6.291189 4.658537 3.557020 2.843927 2.400676 2.135946 1.983920 1.899913 1.855211 1.832289 1.820954 1.815544 1.813050 1.811939 1.811460 1.811260 1.811180 1.811148 1.811135 1.811129 1.811124 1.811113 1.811088 1.811030 1.810901 1.810617 1.810019 1.808796 1.806385 1.801797 1.793380 1.778510 1.753245 1.712017 1.647523 1.551010 1.413200 1.226024 0.985076 0.692292 0.357845 0.000000 
50.000000 41.822371 34.003257 26.854077 20.602348 15.372342 11.185277 7.976040 5.619979 3.962311 2.843927 2.119922 1.669895 1.401120 1.246774 1.161485 1.116103 1.092832 1.081325 1.075832 1.073301 1.072173 1.071687 1.071484 1.071402 1.071370 1.071357 1.071352 1.071347 1.071340 1.071324 1.071286 1.071200 1.071015 1.070624 1.069831 1.068274 1.065329 1.059961 1.050547 1.034680 1.009018 0.969260 0.910376 0.827200 0.715452 0.573093 0.401687 0.207249 0.000000 
50.000000 41.745439 33.852773 26.636356 20.325846 15.046685 10.820286 7.580917 5.202749 3.529538 2.400676 1.669895 1.215658 0.944373 0.788586 0.702503 0.656698 0.633211 0.621596 0.616053 0.613498 0.612360 0.611869 0.611665 0.611582 0.611550 0.611537 0.611532 0.611528 0.611524 0.611513 0.611489 0.611436 0.611320 0.611078 0.610588 0.609631 0.607829 0.604566 0.598879 0.589364 0.574094 0.550634 0.516190 0.467974 0.403768 0.322654 0.225688 0.116281 0.000000 
50.000000 41.699483 33.762883 26.506303 20.160686 14.852167 10.602278 7.344918 4.953551 3.271062 2.135946 1.401120 0.944373 0.671591 0.514944 0.428387 0.382331 0.358714 0.347036 0.341463 0.338894 0.337749 0.337256 0.337050 0.336967 0.336934 0.336922 0.336917 0.336914 0.336911 0.336905 0.336890 0.336859 0.336790 0.336647 0.336357 0.335795 0.334743 0.332846 0.329561 0.324099 0.315393 0.302113 0.282762 0.255875 0.220335 0.175736 0.122725 0.063163 0.000000 
50.000000 41.673088 33.711252 26.431606 20.065826 14.740449 10.477072 7.209382 4.810439 3.122624 1.983920 1.246774 0.788586 0.514944 0.357806 0.270977 0.224776 0.201086 0.189371 0.183780 0.181203 0.180055 0.179560 0.179354 0.179271 0.179238 0.179225 0.179221 0.179218 0.179216 0.179213 0.179204 0.179186 0.179147 0.179066 0.178903 0.178587 0.177998 0.176943 0.175124 0.172116 0.167352 0.160129 0.149670 0.135231 0.116260 0.092585 0.064574 0.033206 0.000000 
50.000000 41.658499 33.682717 26.390323 20.013401 14.678708 10.407879 7.134482 4.731354 3.040599 1.899913 1.161485 0.702503 0.428387 0.270977 0.183998 0.137717 0.113987 0.102252 0.096651 0.094070 0.092920 0.092424 0.092217 0.092134 0.092101 0.092089 0.092084 0.092082 0.092081 0.092079 0.092074 0.092064 0.092043 0.091999 0.091911 0.091741 0.091425 0.090861 0.089894 0.088303 0.085796 0.082016 0.076572 0.069096 0.059324 0.047184 0.032875 0.016893 0.000000 
50.000000 41.650735 33.667530 26.368353 19.985500 14.645851 10.371057 7.094625 4.689270 2.996951 1.855211 1.116103 0.656698 0.382331 0.224776 0.137717 0.091395 0.067642 0.055897 0.050291 0.047707 0.046556 0.046060 0.045853 0.045770 0.045737 0.045725 0.045720 0.045718 0.045717 0.045716 0.045714 0.045708 0.045697 0.045674 0.045629 0.045541 0.045378 0.045088 0.044594 0.043785 0.042514 0.040608 0.037876 0.034142 0.029280 0.023264 0.016195 0.008318 0.000000 
50.000000 41.646753 33.659741 26.357084 19.971191 14.629001 10.352174 7.074185 4.667690 2.974569 1.832289 1.092832 0.633211 0.358714 0.201086 0.113987 0.067642 0.043879 0.032128 0.026520 0.023935 0.022783 0.022287 0.022080 0.021996 0.021964 0.021951 0.021947 0.021945 0.021944 0.021943 0.021942 0.021939 0.021934 0.021922 0.021900 0.021856 0.021775 0.021632 0.021389 0.020992 0.020372 0.019445 0.018122 0.016320 0.013983 0.011101 0.007722 0.003964 0.000000 
50.000000 41.644783 33.655889 26.351511 19.964114 14.620666 10.342835 7.064077 4.657017 2.963500 1.820954 1.081325 0.621596 0.347036 0.189371 0.102252 0.055897 0.032128 0.020374 0.014765 0.012179 0.011027 0.010531 0.010324 0.010240 0.010208 0.010195 0.010191 0.010189 0.010188 0.010188 0.010187 0.010186 0.010183 0.010178 0.010167 0.010146 0.010107 0.010039 0.009924 0.009736 0.009444 0.009009 0.008390 0.007550 0.006464 0.005127 0.003565 0.001829 0.000000 
50.000000 41.643843 33.654050 26.348850 19.960736 14.616688 10.338377 7.059252 4.651923 2.958217 1.815544 1.075833 0.616053 0.341463 0.183780 0.096651 0.050291 0.026520 0.014765 0.009155 0.006569 0.005417 0.004921 0.004714 0.004630 0.004597 0.004585 0.004580 0.004579 0.004578 0.004578 0.004577 0.004577 0.004575 0.004573 0.004568 0.004558 0.004540 0.004509 0.004456 0.004371 0.004238 0.004040 0.003760 0.003382 0.002893 0.002294 0.001594 0.000818 0.000000 
50.000000 41.643409 33.653202 26.347624 19.959178 14.614854 10.336322 7.057028 4.649575 2.955782 1.813050 1.073301 0.613498 0.338894 0.181203 0.094070 0.047708 0.023935 0.012180 0.006569 0.003983 0.002831 0.002335 0.002128 0.002044 0.002011 0.001999 0.001994 0.001993 0.001992 0.001992 0.001992 0.001991 0.001991 0.001990 0.001987 0.001983 0.001975 0.001961 0.001938 0.001900 0.001842 0.001755 0.001633 0.001467 0.001255 0.000994 0.000691 0.000354 0.000000 
50.000000 41.643216 33.652824 26.347077 19.958485 14.614037 10.335407 7.056037 4.648530 2.954698 1.811940 1.072174 0.612361 0.337750 0.180056 0.092921 0.046557 0.022784 0.011028 0.005418 0.002832 0.001680 0.001183 0.000976 0.000893 0.000860 0.000847 0.000843 0.000841 0.000841 0.000840 0.000840 0.000840 0.000840 0.000839 0.000838 0.000837 0.000833 0.000827 0.000817 0.000801 0.000776 0.000739 0.000687 0.000618 0.000528 0.000418 0.000290 0.000149 0.000000 
50.000000 41.643133 33.652662 26.346842 19.958187 14.613686 10.335013 7.055611 4.648080 2.954232 1.811463 1.071689 0.611872 0.337258 0.179563 0.092427 0.046063 0.022289 0.010534 0.004923 0.002337 0.001185 0.000688 0.000481 0.000398 0.000365 0.000353 0.000348 0.000346 0.000346 0.000346 0.000345 0.000345 0.000345 0.000345 0.000345 0.000344 0.000342 0.000340 0.000336 0.000329 0.000319 0.000304 0.000282 0.000253 0.000216 0.000171 0.000119 0.000061 0.000000 
50.000000 41.643099 33.652595 26.346746 19.958065 14.613543 10.334852 7.055437 4.647896 2.954041 1.811267 1.071491 0.611672 0.337057 0.179361 0.092225 0.045860 0.022087 0.010331 0.004721 0.002135 0.000982 0.000486 0.000279 0.000195 0.000163 0.000150 0.000145 0.000144 0.000143 0.000143 0.000143 0.000143 0.000143 0.000143 0.000143 0.000142 0.000142 0.000141 0.000139 0.000136 0.000132 0.000126 0.000117 0.000105 0.000089 0.000071 0.000049 0.000025 0.000000 
50.000000 41.643087 33.652572 26.346713 19.958022 14.613492 10.334796 7.055376 4.647832 2.953974 1.811199 1.071421 0.611601 0.336986 0.179290 0.092153 0.045789 0.022016 0.010260 0.004649 0.002063 0.000911 0.000415 0.000208 0.000124 0.000091 0.000079 0.000074 0.000073 0.000072 0.000072 0.000072 0.000072 0.000072 0.000072 0.000072 0.000071 0.000071 0.000071 0.000070 0.000068 0.000066 0.000063 0.000058 0.000052 0.000045 0.000035 0.000025 0.000013 0.000000 
50.000000 41.643087 33.652572 26.346713 19.958022 14.613492 10.334796 7.055376 4.647832 2.953974 1.811199 1.071421 0.611601 0.336986 0.179290 0.092153 0.045789 0.022016 0.010260 0.004649 0.002063 0.000911 0.000415 0.000208 0.000124 0.000091 0.000079 0.000074 0.000073 0.000072 0.000072 0.000072 0.000072 0.000072 0.000072 0.000072 0.000071 0.000071 0.000071 0.000070 0.000068 0.000066 0.000063 0.000058 0.000052 0.000045 0.000035 0.000025 0.000013 0.000000 
50.000000 41.643099 33.652595 26.346746 19.958065 14.613543 10.334852 7.055437 4.647896 2.954041 1.811267 1.071491 0.611672 0.337057 0.179361 0.092225 0.045860 0.022087 0.010331 0.004721 0.002135 0.000982 0.000486 0.000279 0.000195 0.000163 0.000150 0.000145 0.000144 0.000143 0.000143 0.000143 0.000143 0.000143 0.000143 0.000143 0.000142 0.000142 0.000141 0.000139 0.000136 0.000132 0.000126 0.000117 0.000105 0.000089 0.000071 0.000049 0.000025 0.000000 
50.000000 41.643133 33.652662 26.346842 19.958187 14.613686 10.335013 7.055611 4.648080 2.954232 1.811463 1.071689 0.611872 0.337258 0.179563 0.092427 0.046063 0.022289 0.010534 0.004923 0.002337 0.001185 0.000688 0.000481 0.000398 0.000365 0.000353 0.000348 0.000346 0.000346 0.000346 0.000345 0.000345 0.000345 0.000345 0.000345 0.000344 0.000342 0.000340 0.000336 0.000329 0.000319 0.000304 0.000282 0.000253 0.000216 0.000171 0.000119 0.000061 0.000000 
50.000000 41.643216 33.652824 26.347077 19.958485 14.614037 10.335407 7.056037 4.648530 2.954698 1.811940 1.072174 0.612361 0.337750 0.180056 0.092921 0.046557 0.022784 0.011028 0.005418 0.002832 0.001680 0.001183 0.000976 0.000893 0.000860 0.000847 0.000843 0.000841 0.000841 0.000840 0.000840 0.000840 0.000840 0.000839 0.000838 0.000837 0.000833 0.000827 0.000817 0.000801 0.000776 0.000739 0.000687 0.000618 0.000528 0.000418 0.000290 0.000149 0.000000 
50.000000 41.643409 33.653202 26.347624 19.959178 14.614854 10.336322 7.057028 4.649575 2.955782 1.813050 1.073301 0.613498 0.338894 0.181203 0.094070 0.047708 0.023935 0.012180 0.006569 0.003983 0.002831 0.002335 0.002128 0.002044 0.002011 0.001999 0.001994 0.001993 0.001992 0.001992 0.001992 0.001991 0.001991 0.001990 0.001987 0.001983 0.001975 0.001961 0.001938 0.001900 0.001842 0.001755 0.001633 0.001467 0.001255 0.000994 0.000691 0.000354 0.000000 
50.000000 41.643843 33.654050 26.348850 19.960736 14.616688 10.338377 7.059252 4.651923 2.958217 1.815544 1.075833 0.616053 0.341463 0.183780 0.096651 0.050291 0.026520 0.014765 0.009155 0.006569 0.005417 0.004921 0.004714 0.004630 0.004597 0.004585 0.004580 0.004579 0.004578 0.004578 0.004577 0.004577 0.004575 0.004573 0.004568 0.004558 0.004540 0.004509 0.004456 0.004371 0.004238 0.004040 0.003760 0.003382 0.002893 0.002294 0.001594 0.000818 0.000000 
50.000000 41.644783 33.655889 26.351511 19.964114 14.620666 10.342835 7.064077 4.657017 2.963500 1.820954 1.081325 0.621596 0.347036 0.189371 0.102252 0.055897 0.032128 0.020374 0.014765 0.012179 0.011027 0.010531 0.010324 0.010240 0.010208 0.010195 0.010191 0.010189 0.010188 0.010188 0.010187 0.010186 0.010183 0.010178 0.010167 0.010146 0.010107 0.010039 0.009924 0.009736 0.009444 0.009009 0.008390 0.007550 0.006464 0.005127 0.003565 0.001829 0.000000 
50.000000 41.646753 33.659741 26.357084 19.971191 14.629001 10.352174 7.074185 4.667690 2.974569 1.832289 1.092832 0.633211 0.358714 0.201086 0.113987 0.067642 0.043879 0.032128 0.026520 0.023935 0.022783 0.022287 0.022080 0.021996 0.021964 0.021951 0.021947 0.021945 0.021944 0.021943 0.021942 0.021939 0.021934 0.021922 0.021900 0.021856 0.021775 0.021632 0.021389 0.020992 0.020372 0.019445 0.018122 0.016320 0.013983 0.011101 0.007722 0.003964 0.000000 
50.000000 41.650735 33.667530 26.368353 19.985500 14.645851 10.371057 7.094625 4.689270 2.996951 1.855211 1.116103 0.656698 0.382331 0.224776 0.137717 0.091395 0.067642 0.055897 0.050291 0.047707 0.046556 0.046060 0.045853 0.045770 0.045737 0.045725 0.045720 0.045718 0.045717 0.045716 0.045714 0.045708 0.045697 0.045674 0.045629 0.045541 0.045378 0.045088 0.044594 0.043785 0.042514 0.040608 0.037876 0.034142 0.029280 0.023264 0.016195 0.008318 0.000000 
50.000000 41.658499 33.682717 26.390323 20.013401 14.678708 10.407879 7.134482 4.731354 3.040599 1.899913 1.161485 0.702503 0.428387 0.270977 0.183998 0.137717 0.113987 0.102252 0.096651 0.094070 0.092920 0.092424 0.092217 0.092134 0.092101 0.092089 0.092084 0.092082 0.092081 0.092079 0.092074 0.092064 0.092043 0.091999 0.091911 0.091741 0.091425 0.090861 0.089894 0.088303 0.085796 0.082016 0.076572 0.069096 0.059324 0.047184 0.032875 0.016893 0.000000 
50.000000 41.673088 33.711252 26.431606 20.065826 14.740449 10.477072 7.209382 4.810439 3.122624 1.983920 1.246774 0.788586 0.514944 0.357806 0.270977 0.224776 0.201086 0.189371 0.183780 0.181203 0.180055 0.179560 0.179354 0.179271 0.179238 0.179225 0.179221 0.179218 0.179216 0.179213 0.179204 0.179186 0.179147 0.179066 0.178903 0.178587 0.177998 0.176943 0.175124 0.172116 0.167352 0.160129 0.149670 0.135231 0.116260 0.092585 0.064574 0.033206 0.000000 
50.000000 41.699483 33.762883 26.506303 20.160686 14.852167 10.602278 7.344918 4.953551 3.271062 2.135946 1.401120 0.944373 0.671591 0.514944 0.428387 0.382331 0.358714 0.347036 0.341463 0.338894 0.337749 0.337256 0.337050 0.336967 0.336934 0.336922 0.336917 0.336914 0.336911 0.336905 0.336890 0.336859 0.336790 0.336647 0.336357 0.335795 0.334743 0.332846 0.329561 0.324099 0.315393 0.302113 0.282762 0.255875 0.220335 0.175736 0.122725 0.063163 0.000000 
50.000000 41.745439 33.852773 26.636356 20.325846 15.046685 10.820286 7.580917 5.202749 3.529538 2.400676 1.669895 1.215658 0.944373 0.788586 0.702503 0.656698 0.633211 0.621596 0.616053 0.613498 0.612360 0.611869 0.611665 0.611582 0.611550 0.611537 0.611532 0.611528 0.611524 0.611513 0.611489 0.611436 0.611320 0.611078 0.610588 0.609631 0.607829 0.604566 0.598879 0.589364 0.574094 0.550634 0.516190 0.467974 0.403768 0.322654 0.225688 0.116281 0.000000 
50.000000 41.822371 34.003257 26.854077 20.602348 15.372342 11.185277 7.976040 5.619979 3.962311 2.843927 2.119922 1.669895 1.401120 1.246774 1.161485 1.116103 1.092832 1.081325 1.075832 1.073301 1.072173 1.071687 1.071484 1.071402 1.071370 1.071357 1.071352 1.071347 1.071340 1.071324 1.071286 1.071200 1.071015 1.070624 1.069831 1.068274 1.065329 1.059961 1.050547 1.034680 1.009018 0.969260 0.910376 0.827200 0.715452 0.573093 0.401687 0.207249 0.000000 
50.000000 41.946118 34.245317 27.204296 21.047126 15.896202 11.772424 8.611673 6.291189 4.658537 3.557020 2.843927 2.400676 2.135946 1.983920 1.899913 1.855211 1.832289 1.820954 1.815544 1.813050 1.811939 1.811460 1.811260 1.811180 1.811148 1.811135 1.811129 1.811124 1.811113 1.811088 1.811030 1.810901 1.810617 1.810019 1.808796 1.806385 1.801797 1.793380 1.778510 1.753245 1.712017 1.647523 1.551010 1.413200 1.226024 0.985076 0.692292 0.357845 0.000000 
50.000000 42.137242 34.619176 27.745212 21.734102 16.705336 12.679329 9.593488 7.327977 5.733985 4.658537 3.962311 3.529538 3.271062 3.122624 3.040599 2.996951 2.974569 2.963500 2.958217 2.955782 2.954697 2.954229 2.954034 2.953955 2.953924 2.953912 2.953905 2.953898 2.953882 2.953847 2.953764 2.953577 2.953166 2.952295 2.950508 2.946963 2.940174 2.927631 2.905293 2.866992 2.803860 2.703988 2.552697 2.333841 2.032565 1.639593 1.156359 0.599214 0.000000 
50.000000 42.420486 35.173233 28.546856 22.752224 17.904525 14.023443 11.048653 8.864645 7.327977 6.291189 5.619979 5.202749 4.953551 4.810439 4.731354 4.689270 4.667690 4.657017 4.651923 4.649575 4.648529 4.648078 4.647890 4.647814 4.647783 4.647771 4.647764 4.647754 4.647734 4.647686 4.647573 4.647318 4.646756 4.645558 4.643087 4.638158 4.628655 4.610961 4.579172 4.524117 4.432323 4.285223 4.059160 3.726954 3.261950 2.645100 1.874534 0.974774 0.000000 
50.000000 42.823010 35.960622 29.686114 24.199149 19.608802 15.933720 13.116792 11.048653 9.593488 8.611673 7.976040 7.580917 7.344918 7.209382 7.134482 7.094625 7.074185 7.064077 7.059252 7.057027 7.056036 7.055609 7.055431 7.055359 7.055330 7.055318 7.055310 7.055298 7.055273 7.055211 7.055068 7.054740 7.054016 7.052467 7.049253 7.042804 7.030283 7.006780 6.964149 6.889499 6.763430 6.558396 6.237928 5.757955 5.071982 4.141936 2.955236 1.544628 0.000000 
50.000000 43.371234 37.033024 31.237763 26.169860 21.930059 18.535592 15.933720 14.023443 12.679329 11.772424 11.185277 10.820286 10.602278 10.477072 10.407879 10.371057 10.352174 10.342835 10.338377 10.336322 10.335406 10.335011 10.334847 10.334780 10.334753 10.334742 10.334733 10.334720 10.334690 10.334617 10.334445 10.334052 10.333181 10.331308 10.327402 10.319516 10.304095 10.274901 10.221414 10.126631 9.964283 9.695792 9.267796 8.611937 7.649874 6.307819 4.544860 2.394199 0.000000 
50.000000 44.086425 38.432045 33.262012 28.740834 24.958391 21.930059 19.608802 17.904525 16.705336 15.896202 15.372342 15.046685 14.852167 14.740449 14.678708 14.645851 14.629001 14.620666 14.616688 14.614854 14.614037 14.613685 14.613538 14.613478 14.613454 14.613443 14.613435 14.613421 14.613387 14.613307 14.613117 14.612681 14.611710 14.609612 14.605218 14.596292 14.578711 14.545142 14.483002 14.371496 14.177570 13.850847 13.318123 12.479195 11.208021 9.367205 6.848802 3.654277 0.000000 
50.000000 44.979685 40.179402 35.790288 31.951998 28.740834 26.169860 24.199149 22.752224 21.734102 21.047126 20.602348 20.325846 20.160686 20.065826 20.013401 19.985500 19.971191 19.964114 19.960736 19.959178 19.958484 19.958185 19.958060 19.958009 19.957989 19.957980 19.957972 19.957957 19.957924 19.957843 19.957651 19.957208 19.956220 19.954077 19.949566 19.940351 19.922078 19.886896 19.821102 19.701537 19.490274 19.127167 18.519986 17.532813 15.975999 13.608205 10.177205 5.552177 0.000000 
50.000000 46.047377 42.267986 38.812305 35.790288 33.262012 31.237763 29.686114 28.546856 27.745212 27.204296 26.854077 26.636356 26.506303 26.431606 26.390323 26.368353 26.357084 26.351511 26.348850 26.347623 26.347077 26.346841 26.346743 26.346703 26.346687 26.346679 26.346672 26.346660 26.346630 26.346557 26.346383 26.345984 26.345088 26.343139 26.339021 26.330567 26.313702 26.280984 26.219220 26.105619 25.901756 25.544177 24.929944 23.894807 22.182083 19.406152 15.040862 8.551658 0.000000 
50.000000 47.268277 44.656274 42.267986 40.179402 38.432045 37.033024 35.960622 35.173233 34.619176 34.245317 34.003257 33.852773 33.762883 33.711252 33.682717 33.667530 33.659741 33.655889 33.654050 33.653202 33.652824 33.652661 33.652593 33.652565 33.652554 33.652549 33.652544 33.652534 33.652511 33.652456 33.652324 33.652019 33.651335 33.649843 33.646679 33.640157 33.627085 33.601571 33.553025 33.462817 33.298699 33.005386 32.488164 31.583242 30.002197 27.227124 22.328137 13.766801 0.000000 
50.000000 48.603539 47.268277 46.047377 44.979685 44.086425 43.371234 42.823010 42.420486 42.137242 41.946118 41.822371 41.745439 41.699483 41.673088 41.658499 41.650735 41.646753 41.644783 41.643843 41.643409 41.643216 41.643133 41.643098 41.643084 41.643078 41.643075 41.643073 41.643068 41.643055 41.643025 41.642954 41.642789 41.642417 41.641606 41.639882 41.636320 41.629158 41.615121 41.588273 41.538028 41.445712 41.278383 40.977034 40.432147 39.427508 37.495719 33.501477 24.301770 0.000000 
50.000000 50.000000 50.000000 50.000000 50.000000 50.000000 50.000000 50.000000 50.000000 50.000000 50.000000 50.000000 50.000000 50.000000 50.000000 50.000000 50.000000 50.000000 50.000000 50.000000 50.000000 50.000000 50.000000 50.000000 50.000000 50.000000 50.000000 50.000000 50.000000 50.000000 50.000000 50.000000 50.000000 50.000000 50.000000 50.000000 50.000000 50.000000 50.000000 50.000000 50.000000 50.000000 50.000000 50.000000 50.000000 50.000000 50.000000 50.000000 50.000000 50.000000 
