50.000000 50.000000 50.000000 50.000000 50.000000 50.000000 50.000000 50.000000 50.000000 50.000000 50.000000 50.000000 50.000000 50.000000 50.000000 50.000000 50.000000 50.000000 50.000000 50.000000 50.000000 50.000000 50.000000 50.000000 50.000000 50.000000 50.000000 50.000000 50.000000 50.000000 50.000000 50.000000 50.000000 50.000000 50.000000 50.000000 50.000000 50.000000 50.000000 50.000000 50.000000 50.000000 50.000000 50.000000 50.000000 50.000000 50.000000 50.000000 50.000000 50.000000 
50.000000 40.762563 34.151166 30.626873 29.163978 28.673043 28.535836 28.503151 28.496392 28.495160 28.494960 28.494931 28.494927 28.494927 28.494927 28.494927 28.494927 28.494927 28.494927 28.494927 28.494927 28.494927 28.494927 28.494927 28.494927 28.494927 28.494927 28.494927 28.494927 28.494927 28.494927 28.494927 28.494927 28.494927 28.494927 28.494927 28.494927 28.494927 28.494927 28.494925 28.494911 28.494813 28.494175 28.490395 28.470174 28.372915 27.952384 26.307577 20.381281 0.000000 
50.000000 34.151166 22.811378 16.769686 14.263479 13.423039 13.188339 13.132476 13.120934 13.118833 13.118492 13.118442 13.118436 13.118435 13.118435 13.118435 13.118435 13.118435 13.118435 13.118435 13.118435 13.118435 13.118435 13.118435 13.118435 13.118435 13.118435 13.118435 13.118435 13.118435 13.118435 13.118435 13.118435 13.118435 13.118435 13.118435 13.118435 13.118435 13.118434 13.118433 13.118418 13.118317 13.117667 13.113895 13.094337 13.004626 12.644984 11.405689 7.843589 0.000000 
50.000000 30.626873 16.769686 9.390525 6.331466 5.306371 5.020327 4.952299 4.938255 4.935701 4.935287 4.935226 4.935218 4.935217 4.935217 4.935217 4.935217 4.935217 4.935217 4.935217 4.935217 4.935217 4.935217 4.935217 4.935217 4.935217 4.935217 4.935217 4.935217 4.935217 4.935217 4.935217 4.935217 4.935217 4.935217 4.935217 4.935217 4.935217 4.935217 4.935216 4.935208 4.935149 4.934779 4.932668 4.921990 4.874754 4.695263 4.124702 2.674489 0.000000 
50.000000 29.163978 14.263479 6.331466 3.044631 1.943739 1.636703 1.563723 1.548665 1.545928 1.545484 1.545419 1.545411 1.545410 1.545410 1.545410 1.545410 1.545410 1.545410 1.545410 1.545410 1.545410 1.545410 1.545410 1.545410 1.545410 1.545410 1.545410 1.545410 1.545410 1.545410 1.545410 1.545410 1.545410 1.545410 1.545410 1.545410 1.545410 1.545410 1.545409 1.545406 1.545382 1.545233 1.544395 1.540236 1.522316 1.456712 1.258853 0.791063 0.000000 
50.000000 28.673043 13.423039 5.306371 1.943739 0.817729 0.503769 0.429162 0.413773 0.410976 0.410523 0.410457 0.410449 0.410447 0.410447 0.410447 0.410447 0.410447 0.410447 0.410447 0.410447 0.410447 0.410447 0.410447 0.410447 0.410447 0.410447 0.410447 0.410447 0.410447 0.410447 0.410447 0.410447 0.410447 0.410447 0.410447 0.410447 0.410447 0.410447 0.410447 0.410446 0.410439 0.410392 0.410133 0.408865 0.403503 0.384381 0.328702 0.202870 0.000000 
50.000000 28.535836 13.188339 5.020327 1.636703 0.503769 0.187908 0.112858 0.097378 0.094566 0.094110 0.094044 0.094035 0.094034 0.094034 0.094034 0.094034 0.094034 0.094034 0.094034 0.094034 0.094034 0.094034 0.094034 0.094034 0.094034 0.094034 0.094034 0.094034 0.094034 0.094034 0.094034 0.094034 0.094034 0.094034 0.094034 0.094034 0.094034 0.094034 0.094034 0.094034 0.094032 0.094020 0.093954 0.093636 0.092308 0.087659 0.074444 0.045442 0.000000 
50.000000 28.503151 13.132476 4.952299 1.563723 0.429162 0.112858 0.037704 0.022204 0.019388 0.018932 0.018865 0.018856 0.018855 0.018855 0.018855 0.018855 0.018855 0.018855 0.018855 0.018855 0.018855 0.018855 0.018855 0.018855 0.018855 0.018855 0.018855 0.018855 0.018855 0.018855 0.018855 0.018855 0.018855 0.018855 0.018855 0.018855 0.018855 0.018855 0.018855 0.018855 0.018855 0.018852 0.018838 0.018770 0.018490 0.017520 0.014809 0.008976 0.000000 
50.000000 28.496392 13.120934 4.938255 1.548665 0.413773 0.097378 0.022204 0.006700 0.003883 0.003427 0.003360 0.003351 0.003350 0.003350 0.003350 0.003350 0.003350 0.003350 0.003350 0.003350 0.003350 0.003350 0.003350 0.003350 0.003350 0.003350 0.003350 0.003350 0.003350 0.003350 0.003350 0.003350 0.003350 0.003350 0.003350 0.003350 0.003350 0.003350 0.003350 0.003350 0.003350 0.003349 0.003347 0.003334 0.003283 0.003106 0.002617 0.001578 0.000000 
50.000000 28.495160 13.118833 4.935701 1.545928 0.410976 0.094566 0.019388 0.003883 0.001066 0.000609 0.000543 0.000534 0.000533 0.000533 0.000533 0.000533 0.000533 0.000533 0.000533 0.000533 0.000533 0.000533 0.000533 0.000533 0.000533 0.000533 0.000533 0.000533 0.000533 0.000533 0.000533 0.000533 0.000533 0.000533 0.000533 0.000533 0.000533 0.000533 0.000533 0.000533 0.000533 0.000533 0.000532 0.000530 0.000522 0.000493 0.000415 0.000249 0.000000 
50.000000 28.494960 13.118492 4.935287 1.545484 0.410523 0.094110 0.018932 0.003427 0.000609 0.000153 0.000087 0.000078 0.000077 0.000077 0.000077 0.000077 0.000077 0.000077 0.000077 0.000077 0.000077 0.000077 0.000077 0.000077 0.000077 0.000077 0.000077 0.000077 0.000077 0.000077 0.000077 0.000077 0.000077 0.000077 0.000077 0.000077 0.000077 0.000077 0.000077 0.000077 0.000077 0.000077 0.000076 0.000076 0.000075 0.000071 0.000059 0.000036 0.000000 
50.000000 28.494931 13.118442 4.935226 1.545419 0.410457 0.094044 0.018865 0.003360 0.000543 0.000087 0.000020 0.000011 0.000010 0.000010 0.000010 0.000010 0.000010 0.000010 0.000010 0.000010 0.000010 0.000010 0.000010 0.000010 0.000010 0.000010 0.000010 0.000010 0.000010 0.000010 0.000010 0.000010 0.000010 0.000010 0.000010 0.000010 0.000010 0.000010 0.000010 0.000010 0.000010 0.000010 0.000010 0.000010 0.000010 0.000009 0.000008 0.000005 0.000000 
50.000000 28.494927 13.118436 4.935218 1.545411 0.410449 0.094035 0.018856 0.003351 0.000534 0.000078 0.000011 0.000002 0.000001 0.000001 0.000001 0.000001 0.000001 0.000001 0.000001 0.000001 0.000001 0.000001 0.000001 0.000001 0.000001 0.000001 0.000001 0.000001 0.000001 0.000001 0.000001 0.000001 0.000001 0.000001 0.000001 0.000001 0.000001 0.000001 0.000001 0.000001 0.000001 0.000001 0.000001 0.000001 0.000001 0.000001 0.000001 0.000001 0.000000 
50.000000 28.494927 13.118435 4.935217 1.545410 0.410447 0.094034 0.018855 0.003350 0.000533 0.000077 0.000010 0.000001 0.000000 0.000000 0.000000 0.000000 0.000000 0.000000 0.000000 0.000000 0.000000 0.000000 0.000000 0.000000 0.000000 0.000000 0.000000 0.000000 0.000000 0.000000 0.000000 0.000000 0.000000 0.000000 0.000000 0.000000 0.000000 0.000000 0.000000 0.000000 0.000000 0.000000 0.000000 0.000000 0.000000 0.000000 0.000000 0.000000 0.000000 
50.000000 28.494927 13.118435 4.935217 1.545410 0.410447 0.094034 0.018855 0.003350 0.000533 0.000077 0.000010 0.000001 0.000000 0.000000 0.000000 0.000000 0.000000 0.000000 0.000000 0.000000 0.000000 0.000000 0.000000 0.000000 0.000000 0.000000 0.000000 0.000000 0.000000 0.000000 0.000000 0.000000 0.000000 0.000000 0.000000 0.000000 0.000000 0.000000 0.000000 0.000000 0.000000 0.000000 0.000000 0.000000 0.000000 0.000000 0.000000 0.000000 0.000000 
50.000000 28.494927 13.118435 4.935217 1.545410 0.410447 0.094034 0.018855 0.003350 0.000533 0.000077 0.000010 0.000001 0.000000 0.000000 0.000000 0.000000 0.000000 0.000000 0.000000 0.000000 0.000000 0.000000 0.000000 0.000000 0.000000 0.000000 0.000000 0.000000 0.000000 0.000000 0.000000 0.000000 0.000000 0.000000 0.000000 0.000000 0.000000 0.000000 0.000000 0.000000 0.000000 0.000000 0.000000 0.000000 0.000000 0.000000 0.000000 0.000000 0.000000 
50.000000 28.494927 13.118435 4.935217 1.545410 0.410447 0.094034 0.018855 0.003350 0.000533 0.000077 0.000010 0.000001 0.000000 0.000000 0.000000 0.000000 0.000000 0.000000 0.000000 0.000000 0.000000 0.000000 0.000000 0.000000 0.000000 0.000000 0.000000 0.000000 0.000000 0.000000 0.000000 0.000000 0.000000 0.000000 0.000000 0.000000 0.000000 0.000000 0.000000 0.000000 0.000000 0.000000 0.000000 0.000000 0.000000 0.000000 0.000000 0.000000 0.000000 
50.000000 28.494927 13.118435 4.935217 1.545410 0.410447 0.094034 0.018855 0.003350 0.000533 0.000077 0.000010 0.000001 0.000000 0.000000 0.000000 0.000000 0.000000 0.000000 0.000000 0.000000 0.000000 0.000000 0.000000 0.000000 0.000000 0.000000 0.000000 0.000000 0.000000 0.000000 0.000000 0.000000 0.000000 0.000000 0.000000 0.000000 0.000000 0.000000 0.000000 0.000000 0.000000 0.000000 0.000000 0.000000 0.000000 0.000000 0.000000 0.000000 0.000000 
50.000000 28.494927 13.118435 4.935217 1.545410 0.410447 0.094034 0.018855 0.003350 0.000533 0.000077 0.000010 0.000001 0.000000 0.000000 0.000000 0.000000 0.000000 0.000000 0.000000 0.000000 0.000000 0.000000 0.000000 0.000000 0.000000 0.000000 0.000000 0.000000 0.000000 0.000000 0.000000 0.000000 0.000000 0.000000 0.000000 0.000000 0.000000 0.000000 0.000000 0.000000 0.000000 0.000000 0.000000 0.000000 0.000000 0.000000 0.000000 0.000000 0.000000 
50.000000 28.494927 13.118435 4.935217 1.545410 0.410447 0.094034 0.018855 0.003350 0.000533 0.000077 0.000010 0.000001 0.000000 0.000000 0.000000 0.000000 0.000000 0.000000 0.000000 0.000000 0.000000 0.000000 0.000000 0.000000 0.000000 0.000000 0.000000 0.000000 0.000000 0.000000 0.000000 0.000000 0.000000 0.000000 0.000000 0.000000 0.000000 0.000000 0.000000 0.000000 0.000000 0.000000 0.000000 0.000000 0.000000 0.000000 0.000000 0.000000 0.000000 
50.000000 28.494927 13.118435 4.935217 1.545410 0.410447 0.094034 0.018855 0.003350 0.000533 0.000077 0.000010 0.000001 0.000000 0.000000 0.000000 0.000000 0.000000 0.000000 0.000000 0.000000 0.000000 0.000000 0.000000 0.000000 0.000000 0.000000 0.000000 0.000000 0.000000 0.000000 0.000000 0.000000 0.000000 0.000000 0.000000 0.000000 0.000000 0.000000 0.000000 0.000000 0.000000 0.000000 0.000000 0.000000 0.000000 0.000000 0.000000 0.000000 0.000000 
50.000000 28.494927 13.118435 4.935217 1.545410 0.410447 0.094034 0.018855 0.003350 0.000533 0.000077 0.000010 0.000001 0.000000 0.000000 0.000000 0.000000 0.000000 0.000000 0.000000 0.000000 0.000000 0.000000 0.000000 0.000000 0.000000 0.000000 0.000000 0.000000 0.000000 0.000000 0.000000 0.000000 0.000000 0.000000 0.000000 0.000000 0.000000 0.000000 0.000000 0.000000 0.000000 0.000000 0.000000 0.000000 0.000000 0.000000 0.000000 0.000000 0.000000 
50.000000 28.494927 13.118435 4.935217 1.545410 0.410447 0.094034 0.018855 0.003350 0.000533 0.000077 0.000010 0.000001 0.000000 0.000000 0.000000 0.000000 0.000000 0.000000 0.000000 0.000000 0.000000 0.000000 0.000000 0.000000 0.000000 0.000000 0.000000 0.000000 0.000000 0.000000 0.000000 0.000000 0.000000 0.000000 0.000000 0.000000 0.000000 0.000000 0.000000 0.000000 0.000000 0.000000 0.000000 0.000000 0.000000 0.000000 0.000000 0.000000 0.000000 
50.000000 28.494927 13.118435 4.935217 1.545410 0.410447 0.094034 0.018855 0.003350 0.000533 0.000077 0.000010 0.000001 0.000000 0.000000 0.000000 0.000000 0.000000 0.000000 0.000000 0.000000 0.000000 0.000000 0.000000 0.000000 0.000000 0.000000 0.000000 0.000000 0.000000 0.000000 0.000000 0.000000 0.000000 0.000000 0.000000 0.000000 0.000000 0.000000 0.000000 0.000000 0.000000 0.000000 0.000000 0.000000 0.000000 0.000000 0.000000 0.000000 0.000000 
50.000000 28.494927 13.118435 4.935217 1.545410 0.410447 0.094034 0.018855 0.003350 0.000533 0.000077 0.000010 0.000001 0.000000 0.000000 0.000000 0.000000 0.000000 0.000000 0.000000 0.000000 0.000000 0.000000 0.000000 0.000000 0.000000 0.000000 0.000000 0.000000 0.000000 0.000000 0.000000 0.000000 0.000000 0.000000 0.000000 0.000000 0.000000 0.000000 0.000000 0.000000 0.000000 0.000000 0.000000 0.000000 0.000000 0.000000 0.000000 0.000000 0.000000 
50.000000 28.494927 13.118435 4.935217 1.545410 0.410447 0.094034 0.018855 0.003350 0.000533 0.000077 0.000010 0.000001 0.000000 0.000000 0.000000 0.000000 0.000000 0.000000 0.000000 0.000000 0.000000 0.000000 0.000000 0.000000 0.000000 0.000000 0.000000 0.000000 0.000000 0.000000 0.000000 0.000000 0.000000 0.000000 0.000000 0.000000 0.000000 0.000000 0.000000 0.000000 0.000000 0.000000 0.000000 0.000000 0.000000 0.000000 0.000000 0.000000 0.000000 
50.000000 28.494927 13.118435 4.935217 1.545410 0.410447 0.094034 0.018855 0.003350 0.000533 0.000077 0.000010 0.000001 0.000000 0.000000 0.000000 0.000000 0.000000 0.000000 0.000000 0.000000 0.000000 0.000000 0.000000 0.000000 0.000000 0.000000 0.000000 0.000000 0.000000 0.000000 0.000000 0.000000 0.000000 0.000000 0.000000 0.000000 0.000000 0.000000 0.000000 0.000000 0.000000 0.000000 0.000000 0.000000 0.000000 0.000000 0.000000 0.000000 0.000000 
50.000000 28.494927 13.118435 4.935217 1.545410 0.410447 0.094034 0.018855 0.003350 0.000533 0.000077 0.000010 0.000001 0.000000 0.000000 0.000000 0.000000 0.000000 0.000000 0.000000 0.000000 0.000000 0.000000 0.000000 0.000000 0.000000 0.000000 0.000000 0.000000 0.000000 0.000000 0.000000 0.000000 0.000000 0.000000 0.000000 0.000000 0.000000 0.000000 0.000000 0.000000 0.000000 0.000000 0.000000 0.000000 0.000000 0.000000 0.000000 0.000000 0.000000 
50.000000 28.494927 13.118435 4.935217 1.545410 0.410447 0.094034 0.018855 0.003350 0.000533 0.000077 0.000010 0.000001 0.000000 0.000000 0.000000 0.000000 0.000000 0.000000 0.000000 0.000000 0.000000 0.000000 0.000000 0.000000 0.000000 0.000000 0.000000 0.000000 0.000000 0.000000 0.000000 0.000000 0.000000 0.000000 0.000000 0.000000 0.000000 0.000000 0.000000 0.000000 0.000000 0.000000 0.000000 0.000000 0.000000 0.000000 0.000000 0.000000 0.000000 
50.000000 28.494927 13.118435 4.935217 1.545410 0.410447 0.094034 0.018855 0.003350 0.000533 0.000077 0.000010 0.000001 0.000000 0.000000 0.000000 0.000000 0.000000 0.000000 0.000000 0.000000 0.000000 0.000000 0.000000 0.000000 0.000000 0.000000 0.000000 0.000000 0.000000 0.000000 0.000000 0.000000 0.000000 0.000000 0.000000 0.000000 0.000000 0.000000 0.000000 0.000000 0.000000 0.000000 0.000000 0.000000 0.000000 0.000000 0.000000 0.000000 0.000000 
50.000000 28.494927 13.118435 4.935217 1.545410 0.410447 0.094034 0.018855 0.003350 0.000533 0.000077 0.000010 0.000001 0.000000 0.000000 0.000000 0.000000 0.000000 0.000000 0.000000 0.000000 0.000000 0.000000 0.000000 0.000000 0.000000 0.000000 0.000000 0.000000 0.000000 0.000000 0.000000 0.000000 0.000000 0.000000 0.000000 0.000000 0.000000 0.000000 0.000000 0.000000 0.000000 0.000000 0.000000 0.000000 0.000000 0.000000 0.000000 0.000000 0.000000 
50.000000 28.494927 13.118435 4.935217 1.545410 0.410447 0.094034 0.018855 0.003350 0.000533 0.000077 0.000010 0.000001 0.000000 0.000000 0.000000 0.000000 0.000000 0.000000 0.000000 0.000000 0.000000 0.000000 0.000000 0.000000 0.000000 0.000000 0.000000 0.000000 0.000000 0.000000 0.000000 0.000000 0.000000 0.000000 0.000000 0.000000 0.000000 0.000000 0.000000 0.000000 0.000000 0.000000 0.000000 0.000000 0.000000 0.000000 0.000000 0.000000 0.000000 
50.000000 28.494927 13.118435 4.935217 1.545410 0.410447 0.094034 0.018855 0.003350 0.000533 0.000077 0.000010 0.000001 0.000000 0.000000 0.000000 0.000000 0.000000 0.000000 0.000000 0.000000 0.000000 0.000000 0.000000 0.000000 0.000000 0.000000 0.000000 0.000000 0.000000 0.000000 0.000000 0.000000 0.000000 0.000000 0.000000 0.000000 0.000000 0.000000 0.000000 0.000000 0.000000 0.000000 0.000000 0.000000 0.000000 0.000000 0.000000 0.000000 0.000000 
50.000000 28.494927 13.118435 4.935217 1.545410 0.410447 0.094034 0.018855 0.003350 0.000533 0.000077 0.000010 0.000001 0.000000 0.000000 0.000000 0.000000 0.000000 0.000000 0.000000 0.000000 0.000000 0.000000 0.000000 0.000000 0.000000 0.000000 0.000000 0.000000 0.000000 0.000000 0.000000 0.000000 0.000000 0.000000 0.000000 0.000000 0.000000 0.000000 0.000000 0.000000 0.000000 0.000000 0.000000 0.000000 0.000000 0.000000 0.000000 0.000000 0.000000 
50.000000 28.494927 13.118435 4.935217 1.545410 0.410447 0.094034 0.018855 0.003350 0.000533 0.000077 0.000010 0.000001 0.000000 0.000000 0.000000 0.000000 0.000000 0.000000 0.000000 0.000000 0.000000 0.000000 0.000000 0.000000 0.000000 0.000000 0.000000 0.000000 0.000000 0.000000 0.000000 0.000000 0.000000 0.000000 0.000000 0.000000 0.000000 0.000000 0.000000 0.000000 0.000000 0.000000 0.000000 0.000000 0.000000 0.000000 0.000000 0.000000 0.000000 
50.000000 28.494927 13.118435 4.935217 1.545410 0.410447 0.094034 0.018855 0.003350 0.000533 0.000077 0.000010 0.000001 0.000000 0.000000 0.000000 0.000000 0.000000 0.000000 0.000000 0.000000 0.000000 0.000000 0.000000 0.000000 0.000000 0.000000 0.000000 0.000000 0.000000 0.000000 0.000000 0.000000 0.000000 0.000000 0.000000 0.000000 0.000000 0.000000 0.000000 0.000000 0.000000 0.000000 0.000000 0.000000 0.000000 0.000000 0.000000 0.000000 0.000000 
50.000000 28.494927 13.118435 4.935217 1.545410 0.410447 0.094034 0.018855 0.003350 0.000533 0.000077 0.000010 0.000001 0.000000 0.000000 0.000000 0.000000 0.000000 0.000000 0.000000 0.000000 0.000000 0.000000 0.000000 0.000000 0.000000 0.000000 0.000000 0.000000 0.000000 0.000000 0.000000 0.000000 0.000000 0.000000 0.000000 0.000000 0.000000 0.000000 0.000000 0.000000 0.000000 0.000000 0.000000 0.000000 0.000000 0.000000 0.000000 0.000000 0.000000 
50.000000 28.494927 13.118436 4.935218 1.545411 0.410449 0.094035 0.018856 0.003351 0.000534 0.000078 0.000011 0.000002 0.000001 0.000001 0.000001 0.000001 0.000001 0.000001 0.000001 0.000001 0.000001 0.000001 0.000001 0.000001 0.000001 0.000001 0.000001 0.000001 0.000001 0.000001 0.000001 0.000001 0.000001 0.000001 0.000001 0.000001 0.000001 0.000001 0.000001 0.000001 0.000001 0.000001 0.000001 0.000001 0.000001 0.000001 0.000001 0.000001 0.000000 
50.000000 28.494931 13.118442 4.935226 1.545419 0.410457 0.094044 0.018865 0.003360 0.000543 0.000087 0.000020 0.000011 0.000010 0.000010 0.000010 0.000010 0.000010 0.000010 0.000010 0.000010 0.000010 0.000010 0.000010 0.000010 0.000010 0.000010 0.000010 0.000010 0.000010 0.000010 0.000010 0.000010 0.000010 0.000010 0.000010 0.000010 0.000010 0.000010 0.000010 0.000010 0.000010 0.000010 0.000010 0.000010 0.000010 0.000009 0.000008 0.000005 0.000000 
50.000000 28.494960 13.118492 4.935287 1.545484 0.410523 0.094110 0.018932 0.003427 0.000609 0.000153 0.000087 0.000078 0.000077 0.000077 0.000077 0.000077 0.000077 0.000077 0.000077 0.000077 0.000077 0.000077 0.000077 0.000077 0.000077 0.000077 0.000077 0.000077 0.000077 0.000077 0.000077 0.000077 0.000077 0.000077 0.000077 0.000077 0.000077 0.000077 0.000077 0.000077 0.000077 0.000077 0.000076 0.000076 0.000075 0.000071 0.000059 0.000036 0.000000 
50.000000 28.495160 13.118833 4.935701 1.545928 0.410976 0.094566 0.019388 0.003883 0.001066 0.000609 0.000543 0.000534 0.000533 0.000533 0.000533 0.000533 0.000533 0.000533 0.000533 0.000533 0.000533 0.000533 0.000533 0.000533 0.000533 0.000533 0.000533 0.000533 0.000533 0.000533 0.000533 0.000533 0.000533 0.000533 0.000533 0.000533 0.000533 0.000533 0.000533 0.000533 0.000533 0.000533 0.000532 0.000530 0.000522 0.000493 0.000415 0.000249 0.000000 
50.000000 28.496392 13.120934 4.938255 1.548665 0.413773 0.097378 0.022204 0.006700 0.003883 0.003427 0.003360 0.003351 0.003350 0.003350 0.003350 0.003350 0.003350 0.003350 0.003350 0.003350 0.003350 0.003350 0.003350 0.003350 0.003350 0.003350 0.003350 0.003350 0.003350 0.003350 0.003350 0.003350 0.003350 0.003350 0.003350 0.003350 0.003350 0.003350 0.003350 0.003350 0.003350 0.003349 0.003347 0.003334 0.003283 0.003106 0.002617 0.001578 0.000000 
50.000000 28.503151 13.132476 4.952299 1.563723 0.429162 0.112858 0.037704 0.022204 0.019388 0.018932 0.018865 0.018856 0.018855 0.018855 0.018855 0.018855 0.018855 0.018855 0.018855 0.018855 0.018855 0.018855 0.018855 0.018855 0.018855 0.018855 0.018855 0.018855 0.018855 0.018855 0.018855 0.018855 0.018855 0.018855 0.018855 0.018855 0.018855 0.018855 0.018855 0.018855 0.018855 0.018852 0.018838 0.018770 0.018490 0.017520 0.014809 0.008976 0.000000 
50.000000 28.535836 13.188339 5.020327 1.636703 0.503769 0.187908 0.112858 0.097378 0.094566 0.094110 0.094044 0.094035 0.094034 0.094034 0.094034 0.094034 0.094034 0.094034 0.094034 0.094034 0.094034 0.094034 0.094034 0.094034 0.094034 0.094034 0.094034 0.094034 0.094034 0.094034 0.094034 0.094034 0.094034 0.094034 0.094034 0.094034 0.094034 0.094034 0.094034 0.094034 0.094032 0.094020 0.093954 0.093636 0.092308 0.087659 0.074444 0.045442 0.000000 
50.000000 28.673043 13.423039 5.306371 1.943739 0.817729 0.503769 0.429162 0.413773 0.410976 0.410523 0.410457 0.410449 0.410447 0.410447 0.410447 0.410447 0.410447 0.410447 0.410447 0.410447 0.410447 0.410447 0.410447 0.410447 0.410447 0.410447 0.410447 0.410447 0.410447 0.410447 0.410447 0.410447 0.410447 0.410447 0.410447 0.410447 0.410447 0.410447 0.410447 0.410446 0.410439 0.410392 0.410133 0.408865 0.403503 0.384381 0.328702 0.202870 0.000000 
50.000000 29.163978 14.263479 6.331466 3.044631 1.943739 1.636703 1.563723 1.548665 1.545928 1.545484 1.545419 1.545411 1.545410 1.545410 1.545410 1.545410 1.545410 1.545410 1.545410 1.545410 1.545410 1.545410 1.545410 1.545410 1.545410 1.545410 1.545410 1.545410 1.545410 1.545410 1.545410 1.545410 1.545410 1.545410 1.545410 1.545410 1.545410 1.545410 1.545409 1.545406 1.545382 1.545233 1.544395 1.540236 1.522316 1.456712 1.258853 0.791063 0.000000 
50.000000 30.626873 16.769686 9.390525 6.331466 5.306371 5.020327 4.952299 4.938255 4.935701 4.935287 4.935226 4.935218 4.935217 4.935217 4.935217 4.935217 4.935217 4.935217 4.935217 4.935217 4.935217 4.935217 4.935217 4.935217 4.935217 4.935217 4.935217 4.935217 4.935217 4.935217 4.935217 4.935217 4.935217 4.935217 4.935217 4.935217 4.935217 4.935217 4.935216 4.935208 4.935149 4.934779 4.932668 4.921990 4.874754 4.695263 4.124702 2.674489 0.000000 
50.000000 34.151166 22.811378 16.769686 14.263479 13.423039 13.188339 13.132476 13.120934 13.118833 13.118492 13.118442 13.118436 13.118435 13.118435 13.118435 13.118435 13.118435 13.118435 13.118435 13.118435 13.118435 13.118435 13.118435 13.118435 13.118435 13.118435 13.118435 13.118435 13.118435 13.118435 13.118435 13.118435 13.118435 13.118435 13.118435 13.118435 13.118435 13.118434 13.118433 13.118418 13.118317 13.117667 13.113895 13.094337 13.004626 12.644984 11.405689 7.843589 0.000000 
50.000000 40.762563 34.151166 30.626873 29.163978 28.673043 28.535836 28.503151 28.496392 28.495160 28.494960 28.494931 28.494927 28.494927 28.494927 28.494927 28.494927 28.494927 28.494927 28.494927 28.494927 28.494927 28.494927 28.494927 28.494927 28.494927 28.494927 28.494927 28.494927 28.494927 28.494927 28.494927 28.494927 28.494927 28.494927 28.494927 28.494927 28.494927 28.494927 28.494925 28.494911 28.494813 28.494175 28.490395 28.470174 28.372915 27.952384 26.307577 20.381281 0.000000 
50.000000 50.000000 50.000000 50.000000 50.000000 50.000000 50.000000 50.000000 50.000000 50.000000 50.000000 50.000000 50.000000 50.000000 50.000000 50.000000 50.000000 50.000000 50.000000 50.000000 50.000000 50.000000 50.000000 50.000000 50.000000 50.000000 50.000000 50.000000 50.000000 50.000000 50.000000 50.000000 50.000000 50.000000 50.000000 50.000000 50.000000 50.000000 50.000000 50.000000 50.000000 50.000000 50.000000 50.000000 50.000000 50.000000 50.000000 50.000000 50.000000 50.000000 
