50.000000 50.000000 50.000000 50.000000 50.000000 50.000000 50.000000 50.000000 50.000000 50.000000 50.000000 50.000000 50.000000 50.000000 50.000000 50.000000 50.000000 50.000000 50.000000 50.000000 50.000000 50.000000 50.000000 50.000000 50.000000 50.000000 50.000000 50.000000 50.000000 50.000000 50.000000 50.000000 50.000000 50.000000 50.000000 50.000000 50.000000 50.000000 50.000000 50.000000 50.000000 50.000000 50.000000 50.000000 50.000000 50.000000 50.000000 50.000000 50.000000 50.000000 
50.000000 48.860463 47.761688 46.740063 45.824021 45.031808 44.370884 43.838848 43.425491 43.115439 42.890836 42.733647 42.627323 42.557787 42.513796 42.486864 42.470900 42.461734 42.456633 42.453881 42.452441 42.451709 42.451348 42.451175 42.451094 42.451055 42.451035 42.451017 42.450989 42.450934 42.450816 42.450570 42.450064 42.449050 42.447064 42.443264 42.436157 42.423143 42.399785 42.358611 42.287138 42.164521 41.955544 41.599109 40.984144 39.893798 37.861275 33.753291 24.430232 0.000000 
50.000000 47.761688 45.603440 43.596738 41.797425 40.241342 38.943144 37.898114 37.086196 36.477193 36.036031 35.727283 35.518446 35.381865 35.295460 35.242562 35.211206 35.193203 35.183185 35.177780 35.174951 35.173514 35.172805 35.172465 35.172305 35.172230 35.172190 35.172156 35.172104 35.172000 35.171779 35.171318 35.170371 35.168477 35.164774 35.157704 35.144512 35.120430 35.077377 35.001878 34.871736 34.650617 34.278963 33.658127 32.621397 30.879154 27.914624 22.801720 14.008397 0.000000 
50.000000 46.740063 43.596738 40.674131 38.053577 35.787275 33.896567 32.374581 31.192108 30.305163 29.662665 29.213015 28.908873 28.709965 28.584131 28.507094 28.461431 28.435213 28.420624 28.412754 28.408634 28.406542 28.405509 28.405014 28.404781 28.404672 28.404614 28.404567 28.404496 28.404356 28.404059 28.403438 28.402169 28.399632 28.394687 28.385274 28.367778 28.335992 28.279510 28.181228 28.013529 27.732454 27.268764 26.514201 25.300561 23.369544 20.337065 15.682114 8.878788 0.000000 
50.000000 45.824021 41.797425 38.053577 34.696668 31.793564 29.371603 27.421980 25.907274 24.771139 23.948135 23.372163 22.982583 22.727800 22.566622 22.467947 22.409459 22.375878 22.357193 22.347112 22.341836 22.339155 22.337833 22.337199 22.336901 22.336762 22.336689 22.336632 22.336550 22.336388 22.336048 22.335337 22.333887 22.330999 22.325386 22.314748 22.295069 22.259533 22.196860 22.088829 21.906702 21.606159 21.120372 20.350966 19.157458 17.348334 14.684033 10.918272 5.930224 0.000000 
50.000000 45.031808 40.241342 35.787275 31.793564 28.339760 25.458387 23.138963 21.336965 19.985353 19.006270 18.321076 17.857624 17.554534 17.362798 17.245418 17.175844 17.135898 17.113672 17.101680 17.095405 17.092217 17.090644 17.089890 17.089537 17.089372 17.089287 17.089224 17.089138 17.088970 17.088618 17.087887 17.086399 17.083446 17.077731 17.066947 17.047114 17.011544 16.949331 16.843193 16.666529 16.379635 15.925182 15.223579 14.169880 12.636106 10.486714 7.619945 4.047663 0.000000 
50.000000 44.370884 38.943144 33.896567 29.371603 25.458387 22.193764 19.565855 17.524209 15.992860 14.883591 14.107299 13.582237 13.238860 13.021641 12.888663 12.809845 12.764592 12.739413 12.725830 12.718721 12.715110 12.713329 12.712474 12.712075 12.711889 12.711796 12.711730 12.711645 12.711484 12.711150 12.710457 12.709051 12.706272 12.700916 12.690864 12.672487 12.639768 12.583039 12.487268 12.329879 12.078221 11.687052 11.096882 10.234808 9.020637 7.382366 5.285017 2.771774 0.000000 
50.000000 43.838848 37.898114 32.374581 27.421980 23.138963 19.565855 16.689650 14.455119 12.779113 11.565073 10.715470 10.140830 9.765036 9.527315 9.381787 9.295532 9.246011 9.218458 9.203593 9.195814 9.191863 9.189914 9.188980 9.188543 9.188340 9.188241 9.188176 9.188097 9.187953 9.187656 9.187042 9.185803 9.183361 9.178678 9.169936 9.154054 9.125984 9.077738 8.997121 8.866244 8.659985 8.344825 7.878803 7.213781 6.301608 5.105817 3.619151 1.883304 0.000000 
50.000000 43.425491 37.086196 31.192108 25.907274 21.336965 17.524209 14.455119 12.070758 10.282389 8.986973 8.080431 7.467290 7.066322 6.812681 6.657409 6.565381 6.512546 6.483149 6.467291 6.458992 6.454777 6.452697 6.451701 6.451235 6.451021 6.450918 6.450854 6.450785 6.450662 6.450413 6.449901 6.448872 6.446852 6.442997 6.435839 6.422917 6.400243 6.361597 6.297652 6.195015 6.035379 5.795134 5.445988 4.957331 4.301115 3.459654 2.435579 1.260970 0.000000 
50.000000 43.115439 36.477193 30.305163 24.771139 19.985353 15.992860 12.779113 10.282389 8.409762 7.053326 6.104094 5.462086 5.042247 4.776671 4.614097 4.517741 4.462423 4.431645 4.415042 4.406354 4.401941 4.399764 4.398721 4.398234 4.398010 4.397905 4.397845 4.397785 4.397686 4.397488 4.397084 4.396274 4.394691 4.391685 4.386132 4.376169 4.358809 4.329457 4.281329 4.204881 4.087374 3.912869 3.662981 3.318824 2.864437 2.291635 1.605456 0.828301 0.000000 
50.000000 42.890836 36.036031 29.662665 23.948135 19.006270 14.883591 11.565073 8.986973 7.053326 5.652703 4.672559 4.009652 3.576150 3.301936 3.134076 3.034589 2.977474 2.945697 2.928555 2.919584 2.915028 2.912781 2.911704 2.911202 2.910972 2.910866 2.910809 2.910759 2.910682 2.910532 2.910228 2.909621 2.908442 2.906210 2.902111 2.894797 2.882139 2.860894 2.826352 2.771997 2.689320 2.567952 2.396323 2.163077 1.859306 1.481438 1.034153 0.532225 0.000000 
50.000000 42.733647 35.727283 29.213015 23.372163 18.321076 14.107299 10.715470 8.080431 6.104094 4.672559 3.670792 2.993266 2.550210 2.269955 2.098398 1.996722 1.938351 1.905875 1.888357 1.879189 1.874533 1.872237 1.871137 1.870624 1.870390 1.870283 1.870229 1.870187 1.870130 1.870021 1.869802 1.869369 1.868529 1.866948 1.864056 1.858927 1.850103 1.835396 1.811665 1.774637 1.718834 1.637732 1.524259 1.371744 1.175303 0.933505 0.649906 0.333861 0.000000 
50.000000 42.627323 35.518446 28.908873 22.982583 17.857624 13.582237 10.140830 7.467290 5.462086 4.009652 2.993266 2.305859 1.856344 1.572006 1.397952 1.294797 1.235577 1.202630 1.184857 1.175557 1.170833 1.168504 1.167387 1.166867 1.166631 1.166524 1.166472 1.166437 1.166395 1.166319 1.166169 1.165872 1.165300 1.164226 1.162273 1.158826 1.152929 1.143163 1.127513 1.103276 1.067047 1.014846 0.942468 0.846080 0.723050 0.572881 0.398016 0.204180 0.000000 
50.000000 42.557787 35.381865 28.709965 22.727800 17.554534 13.238860 9.765036 7.066322 5.042247 3.576150 2.550210 1.856344 1.402610 1.115604 0.939918 0.835796 0.776022 0.742767 0.724828 0.715441 0.710674 0.708323 0.707196 0.706671 0.706433 0.706326 0.706276 0.706247 0.706216 0.706165 0.706066 0.705871 0.705496 0.704797 0.703530 0.701305 0.697519 0.691283 0.681353 0.666078 0.643406 0.610983 0.566373 0.507420 0.432732 0.342187 0.237353 0.121630 0.000000 
50.000000 42.513796 35.295460 28.584131 22.566622 17.362798 13.021641 9.527315 6.812681 4.776671 3.301936 2.269955 1.572006 1.115604 0.826912 0.650195 0.545463 0.485339 0.451889 0.433845 0.424403 0.419608 0.417243 0.416110 0.415583 0.415343 0.415236 0.415188 0.415163 0.415140 0.415107 0.415043 0.414920 0.414685 0.414247 0.413456 0.412074 0.409733 0.405898 0.399825 0.390539 0.376841 0.357379 0.330777 0.295851 0.251874 0.198857 0.137756 0.070532 0.000000 
50.000000 42.486864 35.242562 28.507094 22.467947 17.245418 12.888663 9.381787 6.657409 4.614097 3.134076 2.098398 1.397952 0.939918 0.650195 0.472848 0.367742 0.307404 0.273835 0.255728 0.246252 0.241440 0.239067 0.237930 0.237400 0.237160 0.237054 0.237007 0.236984 0.236967 0.236945 0.236906 0.236831 0.236688 0.236424 0.235949 0.235121 0.233726 0.231451 0.227865 0.222412 0.214412 0.203109 0.187747 0.167688 0.142561 0.112408 0.077788 0.039800 0.000000 
50.000000 42.470900 35.211206 28.461431 22.409459 17.175844 12.809845 9.295532 6.565381 4.517741 3.034589 1.996722 1.294797 0.835796 0.545463 0.367742 0.262416 0.201951 0.168312 0.150166 0.140671 0.135849 0.133471 0.132331 0.131801 0.131560 0.131454 0.131407 0.131386 0.131373 0.131359 0.131336 0.131291 0.131208 0.131054 0.130779 0.130300 0.129497 0.128193 0.126147 0.123050 0.118529 0.112171 0.103573 0.092398 0.078461 0.061799 0.042729 0.021850 0.000000 
50.000000 42.461734 35.193203 28.435213 22.375878 17.135898 12.764592 9.246011 6.512546 4.462423 2.977474 1.938351 1.235577 0.776022 0.485339 0.307404 0.201951 0.141414 0.107734 0.089567 0.080060 0.075232 0.072851 0.071711 0.071180 0.070939 0.070833 0.070787 0.070766 0.070755 0.070746 0.070732 0.070707 0.070660 0.070574 0.070419 0.070152 0.069705 0.068982 0.067853 0.066150 0.063675 0.060209 0.055541 0.049499 0.041991 0.033045 0.022831 0.011670 0.000000 
50.000000 42.456633 35.183185 28.420625 22.357193 17.113672 12.739414 9.218458 6.483150 4.431646 2.945697 1.905876 1.202630 0.742768 0.451890 0.273836 0.168313 0.107735 0.074033 0.055853 0.046341 0.041510 0.039127 0.037986 0.037454 0.037213 0.037107 0.037061 0.037041 0.037032 0.037026 0.037018 0.037004 0.036978 0.036931 0.036847 0.036703 0.036462 0.036074 0.035470 0.034563 0.033249 0.031417 0.028958 0.025785 0.021856 0.017187 0.011868 0.006064 0.000000 
50.000000 42.453882 35.177781 28.412754 22.347113 17.101682 12.725831 9.203595 6.467293 4.415044 2.928557 1.888359 1.184859 0.724830 0.433847 0.255730 0.150168 0.089569 0.055855 0.037669 0.028153 0.023320 0.020936 0.019795 0.019263 0.019022 0.018916 0.018870 0.018851 0.018842 0.018837 0.018832 0.018825 0.018811 0.018786 0.018742 0.018667 0.018541 0.018340 0.018027 0.017558 0.016882 0.015941 0.014683 0.013065 0.011066 0.008696 0.006002 0.003066 0.000000 
50.000000 42.452442 35.174953 28.408636 22.341838 17.095408 12.718725 9.195819 6.458996 4.406358 2.919589 1.879194 1.175561 0.715446 0.424408 0.246257 0.140676 0.080065 0.046345 0.028156 0.018638 0.013804 0.011420 0.010278 0.009746 0.009505 0.009399 0.009354 0.009334 0.009326 0.009322 0.009319 0.009315 0.009308 0.009295 0.009273 0.009235 0.009171 0.009069 0.008912 0.008677 0.008339 0.007870 0.007244 0.006442 0.005453 0.004283 0.002955 0.001509 0.000000 
50.000000 42.451711 35.173518 28.406547 22.339163 17.092226 12.715120 9.191874 6.454788 4.401952 2.915040 1.874546 1.170846 0.710686 0.419621 0.241453 0.135861 0.075245 0.041521 0.023330 0.013812 0.008977 0.006593 0.005451 0.004919 0.004679 0.004572 0.004527 0.004508 0.004500 0.004496 0.004494 0.004492 0.004488 0.004482 0.004471 0.004452 0.004421 0.004371 0.004294 0.004179 0.004015 0.003787 0.003484 0.003096 0.002620 0.002057 0.001418 0.000724 0.000000 
50.000000 42.451353 35.172815 28.405523 22.337851 17.090666 12.713353 9.189941 6.452726 4.399793 2.912811 1.872268 1.168535 0.708354 0.417275 0.239099 0.133502 0.072883 0.039158 0.020966 0.011447 0.006612 0.004228 0.003086 0.002554 0.002313 0.002207 0.002162 0.002143 0.002135 0.002131 0.002130 0.002129 0.002127 0.002124 0.002118 0.002109 0.002094 0.002070 0.002033 0.001978 0.001899 0.001791 0.001647 0.001463 0.001237 0.000971 0.000669 0.000342 0.000000 
50.000000 42.451187 35.172489 28.405049 22.337243 17.089943 12.712534 9.189044 6.451769 4.398792 2.911778 1.871212 1.167463 0.707272 0.416187 0.238007 0.132408 0.071788 0.038062 0.019870 0.010350 0.005516 0.003132 0.001989 0.001457 0.001217 0.001110 0.001065 0.001046 0.001038 0.001035 0.001034 0.001033 0.001032 0.001030 0.001027 0.001023 0.001015 0.001004 0.000985 0.000959 0.000920 0.000867 0.000797 0.000708 0.000598 0.000469 0.000323 0.000165 0.000000 
50.000000 42.451123 35.172362 28.404864 22.337007 17.089662 12.712216 9.188696 6.451398 4.398403 2.911377 1.870802 1.167047 0.706852 0.415765 0.237583 0.131984 0.071362 0.037637 0.019444 0.009925 0.005090 0.002706 0.001564 0.001032 0.000791 0.000685 0.000639 0.000620 0.000612 0.000609 0.000608 0.000607 0.000607 0.000606 0.000604 0.000601 0.000597 0.000590 0.000579 0.000563 0.000540 0.000509 0.000468 0.000415 0.000351 0.000275 0.000189 0.000097 0.000000 
50.000000 42.451123 35.172362 28.404864 22.337007 17.089662 12.712216 9.188696 6.451398 4.398403 2.911377 1.870802 1.167047 0.706852 0.415765 0.237583 0.131984 0.071362 0.037637 0.019444 0.009925 0.005090 0.002706 0.001564 0.001032 0.000791 0.000685 0.000639 0.000620 0.000612 0.000609 0.000608 0.000607 0.000607 0.000606 0.000604 0.000601 0.000597 0.000590 0.000579 0.000563 0.000540 0.000509 0.000468 0.000415 0.000351 0.000275 0.000189 0.000097 0.000000 
50.000000 42.451187 35.172489 28.405049 22.337243 17.089943 12.712534 9.189044 6.451769 4.398792 2.911778 1.871212 1.167463 0.707272 0.416187 0.238007 0.132408 0.071788 0.038062 0.019870 0.010350 0.005516 0.003132 0.001989 0.001457 0.001217 0.001110 0.001065 0.001046 0.001038 0.001035 0.001034 0.001033 0.001032 0.001030 0.001027 0.001023 0.001015 0.001004 0.000985 0.000959 0.000920 0.000867 0.000797 0.000708 0.000598 0.000469 0.000323 0.000165 0.000000 
50.000000 42.451353 35.172815 28.405523 22.337851 17.090666 12.713353 9.189941 6.452726 4.399793 2.912811 1.872268 1.168535 0.708354 0.417275 0.239099 0.133502 0.072883 0.039158 0.020966 0.011447 0.006612 0.004228 0.003086 0.002554 0.002313 0.002207 0.002162 0.002143 0.002135 0.002131 0.002130 0.002129 0.002127 0.002124 0.002118 0.002109 0.002094 0.002070 0.002033 0.001978 0.001899 0.001791 0.001647 0.001463 0.001237 0.000971 0.000669 0.000342 0.000000 
50.000000 42.451711 35.173518 28.406547 22.339163 17.092226 12.715120 9.191874 6.454788 4.401952 2.915040 1.874546 1.170846 0.710686 0.419621 0.241453 0.135861 0.075245 0.041521 0.023330 0.013812 0.008977 0.006593 0.005451 0.004919 0.004679 0.004572 0.004527 0.004508 0.004500 0.004496 0.004494 0.004492 0.004488 0.004482 0.004471 0.004452 0.004421 0.004371 0.004294 0.004179 0.004015 0.003787 0.003484 0.003096 0.002620 0.002057 0.001418 0.000724 0.000000 
50.000000 42.452442 35.174953 28.408636 22.341838 17.095408 12.718725 9.195819 6.458996 4.406358 2.919589 1.879194 1.175561 0.715446 0.424408 0.246257 0.140676 0.080065 0.046345 0.028156 0.018638 0.013804 0.011420 0.010278 0.009746 0.009505 0.009399 0.009354 0.009334 0.009326 0.009322 0.009319 0.009315 0.009308 0.009295 0.009273 0.009235 0.009171 0.009069 0.008912 0.008677 0.008339 0.007870 0.007244 0.006442 0.005453 0.004283 0.002955 0.001509 0.000000 
50.000000 42.453882 35.177781 28.412754 22.347113 17.101682 12.725831 9.203595 6.467293 4.415044 2.928557 1.888359 1.184859 0.724830 0.433847 0.255730 0.150168 0.089569 0.055855 0.037669 0.028153 0.023320 0.020936 0.019795 0.019263 0.019022 0.018916 0.018870 0.018851 0.018842 0.018837 0.018832 0.018825 0.018811 0.018786 0.018742 0.018667 0.018541 0.018340 0.018027 0.017558 0.016882 0.015941 0.014683 0.013065 0.011066 0.008696 0.006002 0.003066 0.000000 
50.000000 42.456633 35.183185 28.420625 22.357193 17.113672 12.739414 9.218458 6.483150 4.431646 2.945697 1.905876 1.202630 0.742768 0.451890 0.273836 0.168313 0.107735 0.074033 0.055853 0.046341 0.041510 0.039127 0.037986 0.037454 0.037213 0.037107 0.037061 0.037041 0.037032 0.037026 0.037018 0.037004 0.036978 0.036931 0.036847 0.036703 0.036462 0.036074 0.035470 0.034563 0.033249 0.031417 0.028958 0.025785 0.021856 0.017187 0.011868 0.006064 0.000000 
50.000000 42.461734 35.193203 28.435213 22.375878 17.135898 12.764592 9.246011 6.512546 4.462423 2.977474 1.938351 1.235577 0.776022 0.485339 0.307404 0.201951 0.141414 0.107734 0.089567 0.080060 0.075232 0.072851 0.071711 0.071180 0.070939 0.070833 0.070787 0.070766 0.070755 0.070746 0.070732 0.070707 0.070660 0.070574 0.070419 0.070152 0.069705 0.068982 0.067853 0.066150 0.063675 0.060209 0.055541 0.049499 0.041991 0.033045 0.022831 0.011670 0.000000 
50.000000 42.470900 35.211206 28.461431 22.409459 17.175844 12.809845 9.295532 6.565381 4.517741 3.034589 1.996722 1.294797 0.835796 0.545463 0.367742 0.262416 0.201951 0.168312 0.150166 0.140671 0.135849 0.133471 0.132331 0.131801 0.131560 0.131454 0.131407 0.131386 0.131373 0.131359 0.131336 0.131291 0.131208 0.131054 0.130779 0.130300 0.129497 0.128193 0.126147 0.123050 0.118529 0.112171 0.103573 0.092398 0.078461 0.061799 0.042729 0.021850 0.000000 
50.000000 42.486864 35.242562 28.507094 22.467947 17.245418 12.888663 9.381787 6.657409 4.614097 3.134076 2.098398 1.397952 0.939918 0.650195 0.472848 0.367742 0.307404 0.273835 0.255728 0.246252 0.241440 0.239067 0.237930 0.237400 0.237160 0.237054 0.237007 0.236984 0.236967 0.236945 0.236906 0.236831 0.236688 0.236424 0.235949 0.235121 0.233726 0.231451 0.227865 0.222412 0.214412 0.203109 0.187747 0.167688 0.142561 0.112408 0.077788 0.039800 0.000000 
50.000000 42.513796 35.295460 28.584131 22.566622 17.362798 13.021641 9.527315 6.812681 4.776671 3.301936 2.269955 1.572006 1.115604 0.826912 0.650195 0.545463 0.485339 0.451889 0.433845 0.424403 0.419608 0.417243 0.416110 0.415583 0.415343 0.415236 0.415188 0.415163 0.415140 0.415107 0.415043 0.414920 0.414685 0.414247 0.413456 0.412074 0.409733 0.405898 0.399825 0.390539 0.376841 0.357379 0.330777 0.295851 0.251874 0.198857 0.137756 0.070532 0.000000 
50.000000 42.557787 35.381865 28.709965 22.727800 17.554534 13.238860 9.765036 7.066322 5.042247 3.576150 2.550210 1.856344 1.402610 1.115604 0.939918 0.835796 0.776022 0.742767 0.724828 0.715441 0.710674 0.708323 0.707196 0.706671 0.706433 0.706326 0.706276 0.706247 0.706216 0.706165 0.706066 0.705871 0.705496 0.704797 0.703530 0.701305 0.697519 0.691283 0.681353 0.666078 0.643406 0.610983 0.566373 0.507420 0.432732 0.342187 0.237353 0.121630 0.000000 
50.000000 42.627323 35.518446 28.908873 22.982583 17.857624 13.582237 10.140830 7.467290 5.462086 4.009652 2.993266 2.305859 1.856344 1.572006 1.397952 1.294797 1.235577 1.202630 1.184857 1.175557 1.170833 1.168504 1.167387 1.166867 1.166631 1.166524 1.166472 1.166437 1.166395 1.166319 1.166169 1.165872 1.165300 1.164226 1.162273 1.158826 1.152929 1.143163 1.127513 1.103276 1.067047 1.014846 0.942468 0.846080 0.723050 0.572881 0.398016 0.204180 0.000000 
50.000000 42.733647 35.727283 29.213015 23.372163 18.321076 14.107299 10.715470 8.080431 6.104094 4.672559 3.670792 2.993266 2.550210 2.269955 2.098398 1.996722 1.938351 1.905875 1.888357 1.879189 1.874533 1.872237 1.871137 1.870624 1.870390 1.870283 1.870229 1.870187 1.870130 1.870021 1.869802 1.869369 1.868529 1.866948 1.864056 1.858927 1.850103 1.835396 1.811665 1.774637 1.718834 1.637732 1.524259 1.371744 1.175303 0.933505 0.649906 0.333861 0.000000 
50.000000 42.890836 36.036031 29.662665 23.948135 19.006270 14.883591 11.565073 8.986973 7.053326 5.652703 4.672559 4.009652 3.576150 3.301936 3.134076 3.034589 2.977474 2.945697 2.928555 2.919584 2.915028 2.912781 2.911704 2.911202 2.910972 2.910866 2.910809 2.910759 2.910682 2.910532 2.910228 2.909621 2.908442 2.906210 2.902111 2.894797 2.882139 2.860894 2.826352 2.771997 2.689320 2.567952 2.396323 2.163077 1.859306 1.481438 1.034153 0.532225 0.000000 
50.000000 43.115439 36.477193 30.305163 24.771139 19.985353 15.992860 12.779113 10.282389 8.409762 7.053326 6.104094 5.462086 5.042247 4.776671 4.614097 4.517741 4.462423 4.431645 4.415042 4.406354 4.401941 4.399764 4.398721 4.398234 4.398010 4.397905 4.397845 4.397785 4.397686 4.397488 4.397084 4.396274 4.394691 4.391685 4.386132 4.376169 4.358809 4.329457 4.281329 4.204881 4.087374 3.912869 3.662981 3.318824 2.864437 2.291635 1.605456 0.828301 0.000000 
50.000000 43.425491 37.086196 31.192108 25.907274 21.336965 17.524209 14.455119 12.070758 10.282389 8.986973 8.080431 7.467290 7.066322 6.812681 6.657409 6.565381 6.512546 6.483149 6.467291 6.458992 6.454777 6.452697 6.451701 6.451235 6.451021 6.450918 6.450854 6.450785 6.450662 6.450413 6.449901 6.448872 6.446852 6.442997 6.435839 6.422917 6.400243 6.361597 6.297652 6.195015 6.035379 5.795134 5.445988 4.957331 4.301115 3.459654 2.435579 1.260970 0.000000 
50.000000 43.838848 37.898114 32.374581 27.421980 23.138963 19.565855 16.689650 14.455119 12.779113 11.565073 10.715470 10.140830 9.765036 9.527315 9.381787 9.295532 9.246011 9.218458 9.203593 9.195814 9.191863 9.189914 9.188980 9.188543 9.188340 9.188241 9.188176 9.188097 9.187953 9.187656 9.187042 9.185803 9.183361 9.178678 9.169936 9.154054 9.125984 9.077738 8.997121 8.866244 8.659985 8.344825 7.878803 7.213781 6.301608 5.105817 3.619151 1.883304 0.000000 
50.000000 44.370884 38.943144 33.896567 29.371603 25.458387 22.193764 19.565855 17.524209 15.992860 14.883591 14.107299 13.582237 13.238860 13.021641 12.888663 12.809845 12.764592 12.739413 12.725830 12.718721 12.715110 12.713329 12.712474 12.712075 12.711889 12.711796 12.711730 12.711645 12.711484 12.711150 12.710457 12.709051 12.706272 12.700916 12.690864 12.672487 12.639768 12.583039 12.487268 12.329879 12.078221 11.687052 11.096882 10.234808 9.020637 7.382366 5.285017 2.771774 0.000000 
50.000000 45.031808 40.241342 35.787275 31.793564 28.339760 25.458387 23.138963 21.336965 19.985353 19.006270 18.321076 17.857624 17.554534 17.362798 17.245418 17.175844 17.135898 17.113672 17.101680 17.095405 17.092217 17.090644 17.089890 17.089537 17.089372 17.089287 17.089224 17.089138 17.088970 17.088618 17.087887 17.086399 17.083446 17.077731 17.066947 17.047114 17.011544 16.949331 16.843193 16.666529 16.379635 15.925182 15.223579 14.169880 12.636106 10.486714 7.619945 4.047663 0.000000 
50.000000 45.824021 41.797425 38.053577 34.696668 31.793564 29.371603 27.421980 25.907274 24.771139 23.948135 23.372163 22.982583 22.727800 22.566622 22.467947 22.409459 22.375878 22.357193 22.347112 22.341836 22.339155 22.337833 22.337199 22.336901 22.336762 22.336689 22.336632 22.336550 22.336388 22.336048 22.335337 22.333887 22.330999 22.325386 22.314748 22.295069 22.259533 22.196860 22.088829 21.906702 21.606159 21.120372 20.350966 19.157458 17.348334 14.684033 10.918272 5.930224 0.000000 
50.000000 46.740063 43.596738 40.674131 38.053577 35.787275 33.896567 32.374581 31.192108 30.305163 29.662665 29.213015 28.908873 28.709965 28.584131 28.507094 28.461431 28.435213 28.420624 28.412754 28.408634 28.406542 28.405509 28.405014 28.404781 28.404672 28.404614 28.404567 28.404496 28.404356 28.404059 28.403438 28.402169 28.399632 28.394687 28.385274 28.367778 28.335992 28.279510 28.181228 28.013529 27.732454 27.268764 26.514201 25.300561 23.369544 20.337065 15.682114 8.878788 0.000000 
50.000000 47.761688 45.603440 43.596738 41.797425 40.241342 38.943144 37.898114 37.086196 36.477193 36.036031 35.727283 35.518446 35.381865 35.295460 35.242562 35.211206 35.193203 35.183185 35.177780 35.174951 35.173514 35.172805 35.172465 35.172305 35.172230 35.172190 35.172156 35.172104 35.172000 35.171779 35.171318 35.170371 35.168477 35.164774 35.157704 35.144512 35.120430 35.077377 35.001878 34.871736 34.650617 34.278963 33.658127 32.621397 30.879154 27.914624 22.801720 14.008397 0.000000 
50.000000 48.860463 47.761688 46.740063 45.824021 45.031808 44.370884 43.838848 43.425491 43.115439 42.890836 42.733647 42.627323 42.557787 42.513796 42.486864 42.470900 42.461734 42.456633 42.453881 42.452441 42.451709 42.451348 42.451175 42.451094 42.451055 42.451035 42.451017 42.450989 42.450934 42.450816 42.450570 42.450064 42.449050 42.447064 42.443264 42.436157 42.423143 42.399785 42.358611 42.287138 42.164521 41.955544 41.599109 40.984144 39.893798 37.861275 33.753291 24.430232 0.000000 
50.000000 50.000000 50.000000 50.000000 50.000000 50.000000 50.000000 50.000000 50.000000 50.000000 50.000000 50.000000 50.000000 50.000000 50.000000 50.000000 50.000000 50.000000 50.000000 50.000000 50.000000 50.000000 50.000000 50.000000 50.000000 50.000000 50.000000 50.000000 50.000000 50.000000 50.000000 50.000000 50.000000 50.000000 50.000000 50.000000 50.000000 50.000000 50.000000 50.000000 50.000000 50.000000 50.000000 50.000000 50.000000 50.000000 50.000000 50.000000 50.000000 50.000000 
