50.000000 50.000000 50.000000 50.000000 50.000000 50.000000 50.000000 50.000000 50.000000 50.000000 50.000000 50.000000 50.000000 50.000000 50.000000 50.000000 50.000000 50.000000 50.000000 50.000000 50.000000 50.000000 50.000000 50.000000 50.000000 50.000000 50.000000 50.000000 50.000000 50.000000 50.000000 50.000000 50.000000 50.000000 50.000000 50.000000 50.000000 50.000000 50.000000 50.000000 50.000000 50.000000 50.000000 50.000000 50.000000 50.000000 50.000000 50.000000 50.000000 50.000000 
50.000000 47.888664 45.917126 44.197467 42.795480 41.726157 40.962249 40.450414 40.128278 39.937525 39.831069 39.774978 39.747026 39.733829 39.727916 39.725397 39.724376 39.723980 39.723834 39.723783 39.723765 39.723759 39.723758 39.723757 39.723757 39.723757 39.723757 39.723757 39.723757 39.723757 39.723756 39.723753 39.723744 39.723717 39.723639 39.723425 39.722855 39.721398 39.717815 39.709338 39.690000 39.647385 39.556300 39.366343 38.976181 38.175551 36.498750 32.806258 23.944332 0.000000 
50.000000 45.917126 42.104602 38.779180 36.068085 34.000305 32.523138 31.533419 30.910530 30.541693 30.335856 30.227405 30.173362 30.147847 30.136415 30.131546 30.129570 30.128806 30.128524 30.128424 30.128390 30.128379 30.128376 30.128375 30.128375 30.128375 30.128375 30.128375 30.128374 30.128374 30.128372 30.128367 30.128351 30.128303 30.128166 30.127788 30.126785 30.124230 30.117975 30.103253 30.069921 29.997212 29.844064 29.531532 28.910820 27.704397 25.397436 21.052301 13.110868 0.000000 
50.000000 44.197467 38.779180 34.053196 30.200330 27.261765 25.162581 23.756140 22.871010 22.346909 22.054434 21.900340 21.823557 21.787308 21.771067 21.764149 21.761343 21.760258 21.759857 21.759715 21.759667 21.759651 21.759647 21.759645 21.759645 21.759645 21.759645 21.759644 21.759644 21.759644 21.759642 21.759635 21.759616 21.759557 21.759389 21.758928 21.757710 21.754623 21.747109 21.729568 21.690264 21.605709 21.430927 21.083454 20.418482 19.193424 17.026598 13.381744 7.698717 0.000000 
50.000000 42.795480 36.068085 30.200330 25.416718 21.768360 19.162204 17.416154 16.317336 15.666732 15.303680 15.112411 15.017109 14.972119 14.951963 14.943378 14.939897 14.938550 14.938053 14.937877 14.937817 14.937798 14.937792 14.937790 14.937790 14.937789 14.937789 14.937789 14.937789 14.937789 14.937787 14.937780 14.937760 14.937701 14.937532 14.937070 14.935856 14.932797 14.925408 14.908315 14.870468 14.790276 14.627773 14.313055 13.731368 12.708359 11.006906 8.363687 4.619929 0.000000 
50.000000 41.726157 34.000305 27.261765 21.768360 17.578764 14.586073 12.581127 11.319432 10.572425 10.155597 9.936009 9.826603 9.774959 9.751822 9.741969 9.737973 9.736427 9.735857 9.735655 9.735587 9.735564 9.735557 9.735555 9.735555 9.735555 9.735555 9.735555 9.735554 9.735554 9.735552 9.735546 9.735529 9.735477 9.735329 9.734927 9.733876 9.731243 9.724936 9.710489 9.678884 9.612927 9.481793 9.233872 8.789382 8.036993 6.843283 5.089485 2.749976 0.000000 
50.000000 40.962249 32.523138 25.162581 19.162204 14.586073 11.317371 9.127588 7.749632 6.933826 6.478631 6.238844 6.119380 6.062991 6.037731 6.026973 6.022611 6.020924 6.020301 6.020081 6.020006 6.019982 6.019975 6.019972 6.019972 6.019972 6.019972 6.019972 6.019971 6.019971 6.019970 6.019965 6.019951 6.019911 6.019795 6.019482 6.018669 6.016647 6.011841 6.000937 5.977361 5.928858 5.834090 5.658685 5.352201 4.849149 4.079127 2.991606 1.595906 0.000000 
50.000000 40.450414 31.533419 23.756140 17.416154 12.581127 9.127588 6.814050 5.358272 4.496425 4.015561 3.762263 3.636075 3.576515 3.549836 3.538475 3.533868 3.532087 3.531429 3.531196 3.531117 3.531092 3.531084 3.531081 3.531081 3.531081 3.531081 3.531080 3.531080 3.531080 3.531079 3.531076 3.531066 3.531037 3.530955 3.530734 3.530164 3.528754 3.525428 3.517952 3.501963 3.469494 3.407025 3.293498 3.099333 2.788381 2.325213 1.689355 0.894114 0.000000 
50.000000 40.128278 30.910530 22.871010 16.317336 11.319432 7.749632 5.358272 3.853566 2.962783 2.465791 2.204008 2.073597 2.012047 1.984477 1.972738 1.967978 1.966137 1.965457 1.965217 1.965136 1.965109 1.965101 1.965099 1.965098 1.965098 1.965098 1.965098 1.965098 1.965097 1.965097 1.965095 1.965088 1.965069 1.965016 1.964873 1.964506 1.963603 1.961490 1.956779 1.946805 1.926783 1.888778 1.820774 1.706505 1.527059 1.265302 0.913318 0.480894 0.000000 
50.000000 39.937525 30.541693 22.346909 15.666732 10.572425 6.933826 4.496425 2.962783 2.054890 1.548366 1.281569 1.148665 1.085940 1.057845 1.045882 1.041032 1.039157 1.038464 1.038219 1.038136 1.038110 1.038101 1.038099 1.038098 1.038098 1.038098 1.038098 1.038098 1.038097 1.038097 1.038096 1.038092 1.038080 1.038048 1.037963 1.037744 1.037209 1.035966 1.033216 1.027445 1.015977 0.994462 0.956465 0.893541 0.796265 0.656644 0.471773 0.247525 0.000000 
50.000000 39.831069 30.335856 22.054434 15.303680 10.155597 6.478631 4.015561 2.465791 1.548366 1.036533 0.766945 0.632653 0.569275 0.540888 0.528801 0.523901 0.522006 0.521306 0.521059 0.520975 0.520948 0.520940 0.520937 0.520936 0.520936 0.520936 0.520936 0.520936 0.520936 0.520936 0.520935 0.520933 0.520927 0.520909 0.520861 0.520740 0.520445 0.519763 0.518266 0.515150 0.509011 0.497609 0.477694 0.445108 0.395364 0.324866 0.232604 0.121732 0.000000 
50.000000 39.774978 30.227405 21.900340 15.112411 9.936009 6.238844 3.762263 2.204008 1.281569 0.766945 0.495891 0.360870 0.297149 0.268609 0.256457 0.251530 0.249625 0.248922 0.248673 0.248589 0.248562 0.248553 0.248551 0.248550 0.248550 0.248550 0.248550 0.248550 0.248550 0.248550 0.248549 0.248548 0.248545 0.248535 0.248510 0.248448 0.248295 0.247946 0.247182 0.245603 0.242518 0.236836 0.227003 0.211073 0.187004 0.153231 0.109430 0.057163 0.000000 
50.000000 39.747026 30.173362 21.823557 15.017109 9.826603 6.119380 3.636075 2.073597 1.148665 0.632653 0.360870 0.225488 0.161596 0.132980 0.120796 0.115856 0.113946 0.113240 0.112991 0.112907 0.112880 0.112871 0.112868 0.112868 0.112868 0.112867 0.112867 0.112867 0.112867 0.112867 0.112867 0.112867 0.112865 0.112860 0.112848 0.112818 0.112744 0.112575 0.112209 0.111455 0.109994 0.107321 0.102732 0.095360 0.084312 0.068934 0.049132 0.025629 0.000000 
50.000000 39.733829 30.147847 21.787308 14.972119 9.774959 6.062991 3.576515 2.012047 1.085940 0.569275 0.297149 0.161596 0.097624 0.068973 0.056773 0.051827 0.049915 0.049209 0.048959 0.048875 0.048847 0.048839 0.048836 0.048835 0.048835 0.048835 0.048835 0.048835 0.048835 0.048835 0.048835 0.048835 0.048834 0.048832 0.048826 0.048812 0.048778 0.048702 0.048536 0.048196 0.047541 0.046351 0.044322 0.041083 0.036263 0.029598 0.021062 0.010975 0.000000 
50.000000 39.727916 30.136415 21.771067 14.951963 9.751822 6.037731 3.549836 1.984477 1.057845 0.540888 0.268609 0.132980 0.068973 0.040305 0.028099 0.023150 0.021237 0.020530 0.020280 0.020196 0.020168 0.020160 0.020157 0.020157 0.020156 0.020156 0.020156 0.020156 0.020156 0.020156 0.020156 0.020156 0.020156 0.020155 0.020152 0.020146 0.020132 0.020099 0.020027 0.019882 0.019604 0.019101 0.018248 0.016895 0.014893 0.012138 0.008627 0.004491 0.000000 
50.000000 39.725397 30.131546 21.764149 14.943378 9.741969 6.026973 3.538475 1.972738 1.045882 0.528801 0.256457 0.120796 0.056773 0.028099 0.015890 0.010940 0.009026 0.008319 0.008069 0.007985 0.007958 0.007949 0.007946 0.007946 0.007946 0.007945 0.007945 0.007945 0.007945 0.007945 0.007945 0.007945 0.007945 0.007945 0.007944 0.007941 0.007935 0.007922 0.007893 0.007834 0.007722 0.007519 0.007178 0.006639 0.005846 0.004759 0.003379 0.001758 0.000000 
50.000000 39.724376 30.129570 21.761343 14.939897 9.737973 6.022611 3.533868 1.967978 1.041032 0.523901 0.251530 0.115856 0.051827 0.023150 0.010940 0.005990 0.004076 0.003369 0.003119 0.003034 0.003007 0.002998 0.002996 0.002995 0.002995 0.002995 0.002995 0.002995 0.002995 0.002995 0.002995 0.002995 0.002995 0.002995 0.002994 0.002993 0.002991 0.002986 0.002974 0.002952 0.002908 0.002831 0.002701 0.002496 0.002196 0.001786 0.001267 0.000659 0.000000 
50.000000 39.723980 30.128806 21.760258 14.938550 9.736427 6.020924 3.532087 1.966137 1.039157 0.522006 0.249625 0.113946 0.049915 0.021237 0.009026 0.004076 0.002161 0.001454 0.001205 0.001120 0.001093 0.001084 0.001082 0.001081 0.001081 0.001081 0.001081 0.001081 0.001081 0.001081 0.001081 0.001081 0.001081 0.001081 0.001080 0.001080 0.001079 0.001077 0.001073 0.001065 0.001049 0.001021 0.000973 0.000899 0.000790 0.000642 0.000455 0.000237 0.000000 
50.000000 39.723834 30.128524 21.759857 14.938053 9.735857 6.020301 3.531429 1.965457 1.038464 0.521306 0.248922 0.113240 0.049209 0.020530 0.008319 0.003369 0.001454 0.000748 0.000498 0.000413 0.000386 0.000377 0.000375 0.000374 0.000374 0.000374 0.000374 0.000374 0.000374 0.000374 0.000374 0.000374 0.000374 0.000374 0.000374 0.000374 0.000373 0.000373 0.000371 0.000368 0.000363 0.000353 0.000336 0.000310 0.000273 0.000221 0.000157 0.000081 0.000000 
50.000000 39.723783 30.128424 21.759715 14.937877 9.735655 6.020081 3.531196 1.965217 1.038219 0.521059 0.248673 0.112991 0.048959 0.020280 0.008069 0.003119 0.001205 0.000498 0.000248 0.000164 0.000136 0.000128 0.000125 0.000124 0.000124 0.000124 0.000124 0.000124 0.000124 0.000124 0.000124 0.000124 0.000124 0.000124 0.000124 0.000124 0.000124 0.000124 0.000123 0.000122 0.000120 0.000117 0.000111 0.000103 0.000090 0.000073 0.000052 0.000027 0.000000 
50.000000 39.723765 30.128390 21.759667 14.937817 9.735587 6.020006 3.531117 1.965136 1.038136 0.520975 0.248589 0.112907 0.048875 0.020196 0.007985 0.003034 0.001120 0.000413 0.000164 0.000079 0.000052 0.000043 0.000041 0.000040 0.000040 0.000040 0.000040 0.000040 0.000040 0.000040 0.000040 0.000040 0.000040 0.000040 0.000040 0.000040 0.000039 0.000039 0.000039 0.000039 0.000038 0.000037 0.000035 0.000033 0.000029 0.000023 0.000016 0.000009 0.000000 
50.000000 39.723759 30.128379 21.759651 14.937798 9.735564 6.019982 3.531092 1.965109 1.038110 0.520948 0.248562 0.112880 0.048847 0.020168 0.007958 0.003007 0.001093 0.000386 0.000136 0.000052 0.000024 0.000016 0.000013 0.000012 0.000012 0.000012 0.000012 0.000012 0.000012 0.000012 0.000012 0.000012 0.000012 0.000012 0.000012 0.000012 0.000012 0.000012 0.000012 0.000012 0.000012 0.000011 0.000011 0.000010 0.000009 0.000007 0.000005 0.000003 0.000000 
50.000000 39.723758 30.128376 21.759647 14.937792 9.735557 6.019975 3.531084 1.965101 1.038101 0.520940 0.248553 0.112871 0.048839 0.020160 0.007949 0.002998 0.001084 0.000377 0.000128 0.000043 0.000016 0.000007 0.000005 0.000004 0.000004 0.000004 0.000004 0.000004 0.000004 0.000004 0.000004 0.000004 0.000004 0.000004 0.000004 0.000004 0.000004 0.000004 0.000004 0.000004 0.000003 0.000003 0.000003 0.000003 0.000003 0.000002 0.000001 0.000001 0.000000 
50.000000 39.723757 30.128375 21.759645 14.937790 9.735555 6.019972 3.531081 1.965099 1.038099 0.520937 0.248551 0.112868 0.048836 0.020157 0.007946 0.002996 0.001082 0.000375 0.000125 0.000041 0.000013 0.000005 0.000002 0.000001 0.000001 0.000001 0.000001 0.000001 0.000001 0.000001 0.000001 0.000001 0.000001 0.000001 0.000001 0.000001 0.000001 0.000001 0.000001 0.000001 0.000001 0.000001 0.000001 0.000001 0.000001 0.000001 0.000000 0.000000 0.000000 
50.000000 39.723757 30.128375 21.759645 14.937790 9.735555 6.019972 3.531081 1.965098 1.038098 0.520937 0.248550 0.112868 0.048836 0.020157 0.007946 0.002995 0.001081 0.000374 0.000124 0.000040 0.000012 0.000004 0.000001 0.000001 0.000000 0.000000 0.000000 0.000000 0.000000 0.000000 0.000000 0.000000 0.000000 0.000000 0.000000 0.000000 0.000000 0.000000 0.000000 0.000000 0.000000 0.000000 0.000000 0.000000 0.000000 0.000000 0.000000 0.000000 0.000000 
50.000000 39.723757 30.128375 21.759645 14.937790 9.735555 6.019972 3.531081 1.965098 1.038098 0.520937 0.248550 0.112868 0.048836 0.020157 0.007946 0.002995 0.001081 0.000374 0.000124 0.000040 0.000012 0.000004 0.000001 0.000001 0.000000 0.000000 0.000000 0.000000 0.000000 0.000000 0.000000 0.000000 0.000000 0.000000 0.000000 0.000000 0.000000 0.000000 0.000000 0.000000 0.000000 0.000000 0.000000 0.000000 0.000000 0.000000 0.000000 0.000000 0.000000 
50.000000 39.723757 30.128375 21.759645 14.937790 9.735555 6.019972 3.531081 1.965099 1.038099 0.520937 0.248551 0.112868 0.048836 0.020157 0.007946 0.002996 0.001082 0.000375 0.000125 0.000041 0.000013 0.000005 0.000002 0.000001 0.000001 0.000001 0.000001 0.000001 0.000001 0.000001 0.000001 0.000001 0.000001 0.000001 0.000001 0.000001 0.000001 0.000001 0.000001 0.000001 0.000001 0.000001 0.000001 0.000001 0.000001 0.000001 0.000000 0.000000 0.000000 
50.000000 39.723758 30.128376 21.759647 14.937792 9.735557 6.019975 3.531084 1.965101 1.038101 0.520940 0.248553 0.112871 0.048839 0.020160 0.007949 0.002998 0.001084 0.000377 0.000128 0.000043 0.000016 0.000007 0.000005 0.000004 0.000004 0.000004 0.000004 0.000004 0.000004 0.000004 0.000004 0.000004 0.000004 0.000004 0.000004 0.000004 0.000004 0.000004 0.000004 0.000004 0.000003 0.000003 0.000003 0.000003 0.000003 0.000002 0.000001 0.000001 0.000000 
50.000000 39.723759 30.128379 21.759651 14.937798 9.735564 6.019982 3.531092 1.965109 1.038110 0.520948 0.248562 0.112880 0.048847 0.020168 0.007958 0.003007 0.001093 0.000386 0.000136 0.000052 0.000024 0.000016 0.000013 0.000012 0.000012 0.000012 0.000012 0.000012 0.000012 0.000012 0.000012 0.000012 0.000012 0.000012 0.000012 0.000012 0.000012 0.000012 0.000012 0.000012 0.000012 0.000011 0.000011 0.000010 0.000009 0.000007 0.000005 0.000003 0.000000 
50.000000 39.723765 30.128390 21.759667 14.937817 9.735587 6.020006 3.531117 1.965136 1.038136 0.520975 0.248589 0.112907 0.048875 0.020196 0.007985 0.003034 0.001120 0.000413 0.000164 0.000079 0.000052 0.000043 0.000041 0.000040 0.000040 0.000040 0.000040 0.000040 0.000040 0.000040 0.000040 0.000040 0.000040 0.000040 0.000040 0.000040 0.000039 0.000039 0.000039 0.000039 0.000038 0.000037 0.000035 0.000033 0.000029 0.000023 0.000016 0.000009 0.000000 
50.000000 39.723783 30.128424 21.759715 14.937877 9.735655 6.020081 3.531196 1.965217 1.038219 0.521059 0.248673 0.112991 0.048959 0.020280 0.008069 0.003119 0.001205 0.000498 0.000248 0.000164 0.000136 0.000128 0.000125 0.000124 0.000124 0.000124 0.000124 0.000124 0.000124 0.000124 0.000124 0.000124 0.000124 0.000124 0.000124 0.000124 0.000124 0.000124 0.000123 0.000122 0.000120 0.000117 0.000111 0.000103 0.000090 0.000073 0.000052 0.000027 0.000000 
50.000000 39.723834 30.128524 21.759857 14.938053 9.735857 6.020301 3.531429 1.965457 1.038464 0.521306 0.248922 0.113240 0.049209 0.020530 0.008319 0.003369 0.001454 0.000748 0.000498 0.000413 0.000386 0.000377 0.000375 0.000374 0.000374 0.000374 0.000374 0.000374 0.000374 0.000374 0.000374 0.000374 0.000374 0.000374 0.000374 0.000374 0.000373 0.000373 0.000371 0.000368 0.000363 0.000353 0.000336 0.000310 0.000273 0.000221 0.000157 0.000081 0.000000 
50.000000 39.723980 30.128806 21.760258 14.938550 9.736427 6.020924 3.532087 1.966137 1.039157 0.522006 0.249625 0.113946 0.049915 0.021237 0.009026 0.004076 0.002161 0.001454 0.001205 0.001120 0.001093 0.001084 0.001082 0.001081 0.001081 0.001081 0.001081 0.001081 0.001081 0.001081 0.001081 0.001081 0.001081 0.001081 0.001080 0.001080 0.001079 0.001077 0.001073 0.001065 0.001049 0.001021 0.000973 0.000899 0.000790 0.000642 0.000455 0.000237 0.000000 
50.000000 39.724376 30.129570 21.761343 14.939897 9.737973 6.022611 3.533868 1.967978 1.041032 0.523901 0.251530 0.115856 0.051827 0.023150 0.010940 0.005990 0.004076 0.003369 0.003119 0.003034 0.003007 0.002998 0.002996 0.002995 0.002995 0.002995 0.002995 0.002995 0.002995 0.002995 0.002995 0.002995 0.002995 0.002995 0.002994 0.002993 0.002991 0.002986 0.002974 0.002952 0.002908 0.002831 0.002701 0.002496 0.002196 0.001786 0.001267 0.000659 0.000000 
50.000000 39.725397 30.131546 21.764149 14.943378 9.741969 6.026973 3.538475 1.972738 1.045882 0.528801 0.256457 0.120796 0.056773 0.028099 0.015890 0.010940 0.009026 0.008319 0.008069 0.007985 0.007958 0.007949 0.007946 0.007946 0.007946 0.007945 0.007945 0.007945 0.007945 0.007945 0.007945 0.007945 0.007945 0.007945 0.007944 0.007941 0.007935 0.007922 0.007893 0.007834 0.007722 0.007519 0.007178 0.006639 0.005846 0.004759 0.003379 0.001758 0.000000 
50.000000 39.727916 30.136415 21.771067 14.951963 9.751822 6.037731 3.549836 1.984477 1.057845 0.540888 0.268609 0.132980 0.068973 0.040305 0.028099 0.023150 0.021237 0.020530 0.020280 0.020196 0.020168 0.020160 0.020157 0.020157 0.020156 0.020156 0.020156 0.020156 0.020156 0.020156 0.020156 0.020156 0.020156 0.020155 0.020152 0.020146 0.020132 0.020099 0.020027 0.019882 0.019604 0.019101 0.018248 0.016895 0.014893 0.012138 0.008627 0.004491 0.000000 
50.000000 39.733829 30.147847 21.787308 14.972119 9.774959 6.062991 3.576515 2.012047 1.085940 0.569275 0.297149 0.161596 0.097624 0.068973 0.056773 0.051827 0.049915 0.049209 0.048959 0.048875 0.048847 0.048839 0.048836 0.048835 0.048835 0.048835 0.048835 0.048835 0.048835 0.048835 0.048835 0.048835 0.048834 0.048832 0.048826 0.048812 0.048778 0.048702 0.048536 0.048196 0.047541 0.046351 0.044322 0.041083 0.036263 0.029598 0.021062 0.010975 0.000000 
50.000000 39.747026 30.173362 21.823557 15.017109 9.826603 6.119380 3.636075 2.073597 1.148665 0.632653 0.360870 0.225488 0.161596 0.132980 0.120796 0.115856 0.113946 0.113240 0.112991 0.112907 0.112880 0.112871 0.112868 0.112868 0.112868 0.112867 0.112867 0.112867 0.112867 0.112867 0.112867 0.112867 0.112865 0.112860 0.112848 0.112818 0.112744 0.112575 0.112209 0.111455 0.109994 0.107321 0.102732 0.095360 0.084312 0.068934 0.049132 0.025629 0.000000 
50.000000 39.774978 30.227405 21.900340 15.112411 9.936009 6.238844 3.762263 2.204008 1.281569 0.766945 0.495891 0.360870 0.297149 0.268609 0.256457 0.251530 0.249625 0.248922 0.248673 0.248589 0.248562 0.248553 0.248551 0.248550 0.248550 0.248550 0.248550 0.248550 0.248550 0.248550 0.248549 0.248548 0.248545 0.248535 0.248510 0.248448 0.248295 0.247946 0.247182 0.245603 0.242518 0.236836 0.227003 0.211073 0.187004 0.153231 0.109430 0.057163 0.000000 
50.000000 39.831069 30.335856 22.054434 15.303680 10.155597 6.478631 4.015561 2.465791 1.548366 1.036533 0.766945 0.632653 0.569275 0.540888 0.528801 0.523901 0.522006 0.521306 0.521059 0.520975 0.520948 0.520940 0.520937 0.520936 0.520936 0.520936 0.520936 0.520936 0.520936 0.520936 0.520935 0.520933 0.520927 0.520909 0.520861 0.520740 0.520445 0.519763 0.518266 0.515150 0.509011 0.497609 0.477694 0.445108 0.395364 0.324866 0.232604 0.121732 0.000000 
50.000000 39.937525 30.541693 22.346909 15.666732 10.572425 6.933826 4.496425 2.962783 2.054890 1.548366 1.281569 1.148665 1.085940 1.057845 1.045882 1.041032 1.039157 1.038464 1.038219 1.038136 1.038110 1.038101 1.038099 1.038098 1.038098 1.038098 1.038098 1.038098 1.038097 1.038097 1.038096 1.038092 1.038080 1.038048 1.037963 1.037744 1.037209 1.035966 1.033216 1.027445 1.015977 0.994462 0.956465 0.893541 0.796265 0.656644 0.471773 0.247525 0.000000 
50.000000 40.128278 30.910530 22.871010 16.317336 11.319432 7.749632 5.358272 3.853566 2.962783 2.465791 2.204008 2.073597 2.012047 1.984477 1.972738 1.967978 1.966137 1.965457 1.965217 1.965136 1.965109 1.965101 1.965099 1.965098 1.965098 1.965098 1.965098 1.965098 1.965097 1.965097 1.965095 1.965088 1.965069 1.965016 1.964873 1.964506 1.963603 1.961490 1.956779 1.946805 1.926783 1.888778 1.820774 1.706505 1.527059 1.265302 0.913318 0.480894 0.000000 
50.000000 40.450414 31.533419 23.756140 17.416154 12.581127 9.127588 6.814050 5.358272 4.496425 4.015561 3.762263 3.636075 3.576515 3.549836 3.538475 3.533868 3.532087 3.531429 3.531196 3.531117 3.531092 3.531084 3.531081 3.531081 3.531081 3.531081 3.531080 3.531080 3.531080 3.531079 3.531076 3.531066 3.531037 3.530955 3.530734 3.530164 3.528754 3.525428 3.517952 3.501963 3.469494 3.407025 3.293498 3.099333 2.788381 2.325213 1.689355 0.894114 0.000000 
50.000000 40.962249 32.523138 25.162581 19.162204 14.586073 11.317371 9.127588 7.749632 6.933826 6.478631 6.238844 6.119380 6.062991 6.037731 6.026973 6.022611 6.020924 6.020301 6.020081 6.020006 6.019982 6.019975 6.019972 6.019972 6.019972 6.019972 6.019972 6.019971 6.019971 6.019970 6.019965 6.019951 6.019911 6.019795 6.019482 6.018669 6.016647 6.011841 6.000937 5.977361 5.928858 5.834090 5.658685 5.352201 4.849149 4.079127 2.991606 1.595906 0.000000 
50.000000 41.726157 34.000305 27.261765 21.768360 17.578764 14.586073 12.581127 11.319432 10.572425 10.155597 9.936009 9.826603 9.774959 9.751822 9.741969 9.737973 9.736427 9.735857 9.735655 9.735587 9.735564 9.735557 9.735555 9.735555 9.735555 9.735555 9.735555 9.735554 9.735554 9.735552 9.735546 9.735529 9.735477 9.735329 9.734927 9.733876 9.731243 9.724936 9.710489 9.678884 9.612927 9.481793 9.233872 8.789382 8.036993 6.843283 5.089485 2.749976 0.000000 
50.000000 42.795480 36.068085 30.200330 25.416718 21.768360 19.162204 17.416154 16.317336 15.666732 15.303680 15.112411 15.017109 14.972119 14.951963 14.943378 14.939897 14.938550 14.938053 14.937877 14.937817 14.937798 14.937792 14.937790 14.937790 14.937789 14.937789 14.937789 14.937789 14.937789 14.937787 14.937780 14.937760 14.937701 14.937532 14.937070 14.935856 14.932797 14.925408 14.908315 14.870468 14.790276 14.627773 14.313055 13.731368 12.708359 11.006906 8.363687 4.619929 0.000000 
50.000000 44.197467 38.779180 34.053196 30.200330 27.261765 25.162581 23.756140 22.871010 22.346909 22.054434 21.900340 21.823557 21.787308 21.771067 21.764149 21.761343 21.760258 21.759857 21.759715 21.759667 21.759651 21.759647 21.759645 21.759645 21.759645 21.759645 21.759644 21.759644 21.759644 21.759642 21.759635 21.759616 21.759557 21.759389 21.758928 21.757710 21.754623 21.747109 21.729568 21.690264 21.605709 21.430927 21.083454 20.418482 19.193424 17.026598 13.381744 7.698717 0.000000 
50.000000 45.917126 42.104602 38.779180 36.068085 34.000305 32.523138 31.533419 30.910530 30.541693 30.335856 30.227405 30.173362 30.147847 30.136415 30.131546 30.129570 30.128806 30.128524 30.128424 30.128390 30.128379 30.128376 30.128375 30.128375 30.128375 30.128375 30.128375 30.128374 30.128374 30.128372 30.128367 30.128351 30.128303 30.128166 30.127788 30.126785 30.124230 30.117975 30.103253 30.069921 29.997212 29.844064 29.531532 28.910820 27.704397 25.397436 21.052301 13.110868 0.000000 
50.000000 47.888664 45.917126 44.197467 42.795480 41.726157 40.962249 40.450414 40.128278 39.937525 39.831069 39.774978 39.747026 39.733829 39.727916 39.725397 39.724376 39.723980 39.723834 39.723783 39.723765 39.723759 39.723758 39.723757 39.723757 39.723757 39.723757 39.723757 39.723757 39.723757 39.723756 39.723753 39.723744 39.723717 39.723639 39.723425 39.722855 39.721398 39.717815 39.709338 39.690000 39.647385 39.556300 39.366343 38.976181 38.175551 36.498750 32.806258 23.944332 0.000000 
50.000000 50.000000 50.000000 50.000000 50.000000 50.000000 50.000000 50.000000 50.000000 50.000000 50.000000 50.000000 50.000000 50.000000 50.000000 50.000000 50.000000 50.000000 50.000000 50.000000 50.000000 50.000000 50.000000 50.000000 50.000000 50.000000 50.000000 50.000000 50.000000 50.000000 50.000000 50.000000 50.000000 50.000000 50.000000 50.000000 50.000000 50.000000 50.000000 50.000000 50.000000 50.000000 50.000000 50.000000 50.000000 50.000000 50.000000 50.000000 50.000000 50.000000 
