50.000000 50.000000 50.000000 50.000000 50.000000 50.000000 50.000000 50.000000 50.000000 50.000000 50.000000 50.000000 50.000000 50.000000 50.000000 50.000000 50.000000 50.000000 50.000000 50.000000 50.000000 50.000000 50.000000 50.000000 50.000000 50.000000 50.000000 50.000000 50.000000 50.000000 50.000000 50.000000 50.000000 50.000000 50.000000 50.000000 50.000000 50.000000 50.000000 50.000000 50.000000 50.000000 50.000000 50.000000 50.000000 50.000000 50.000000 50.000000 50.000000 50.000000 
50.000000 47.669242 45.508807 43.651763 42.170215 41.071819 40.313900 39.826274 39.533184 39.368263 39.281199 39.237986 39.217775 39.208851 39.205122 39.203645 39.203089 39.202890 39.202823 39.202800 39.202794 39.202791 39.202791 39.202791 39.202791 39.202791 39.202791 39.202791 39.202791 39.202791 39.202790 39.202789 39.202785 39.202772 39.202733 39.202616 39.202282 39.201368 39.198973 39.192948 39.178398 39.144589 39.068743 38.903540 38.551055 37.804062 36.198567 32.594472 23.834621 0.000000 
50.000000 45.508807 41.345832 37.767496 34.912737 32.796301 31.335938 30.396401 29.831701 29.513956 29.346220 29.262967 29.224033 29.206841 29.199658 29.196813 29.195743 29.195360 29.195229 29.195187 29.195173 29.195169 29.195168 29.195168 29.195168 29.195168 29.195168 29.195168 29.195168 29.195168 29.195167 29.195165 29.195158 29.195136 29.195067 29.194863 29.194283 29.192701 29.188571 29.178242 29.153484 29.096550 28.970696 28.702502 28.149278 27.038935 24.859703 20.672916 12.914336 0.000000 
50.000000 43.651763 37.767496 32.709666 28.674661 25.683297 23.619289 22.291438 21.493377 21.044345 20.807315 20.689675 20.634663 20.610372 20.600225 20.596205 20.594694 20.594152 20.593968 20.593908 20.593889 20.593883 20.593882 20.593881 20.593881 20.593881 20.593881 20.593881 20.593881 20.593881 20.593880 20.593878 20.593869 20.593843 20.593760 20.593517 20.592826 20.590953 20.586095 20.574039 20.545444 20.480588 20.339897 20.047806 19.467136 18.362097 16.354833 12.907792 7.453196 0.000000 
50.000000 42.170215 34.912737 28.674661 23.698200 20.008998 17.463582 15.826095 14.841985 14.288302 13.996047 13.851009 13.783188 13.753244 13.740735 13.735782 13.733918 13.733251 13.733024 13.732950 13.732927 13.732920 13.732918 13.732917 13.732917 13.732917 13.732917 13.732917 13.732917 13.732917 13.732916 13.732914 13.732905 13.732879 13.732799 13.732561 13.731892 13.730088 13.725440 13.714015 13.687231 13.627395 13.500119 13.242633 12.748067 11.849100 10.312564 7.873802 4.366153 0.000000 
50.000000 41.071819 32.796301 25.683297 20.008998 15.802601 12.900452 11.033562 9.911641 9.280458 8.947317 8.781998 8.704700 8.670574 8.656319 8.650675 8.648552 8.647792 8.647533 8.647448 8.647422 8.647414 8.647412 8.647411 8.647411 8.647411 8.647411 8.647411 8.647411 8.647411 8.647410 8.647408 8.647401 8.647379 8.647311 8.647111 8.646551 8.645051 8.641219 8.631887 8.610269 8.562689 8.463361 8.267117 7.901300 7.260931 6.216161 4.647023 2.520765 0.000000 
50.000000 40.313900 31.335938 23.619289 17.463582 12.900452 9.752297 7.727243 6.510332 5.825746 5.464439 5.285154 5.201332 5.164328 5.148873 5.142753 5.140451 5.139628 5.139347 5.139255 5.139227 5.139218 5.139216 5.139215 5.139215 5.139215 5.139215 5.139215 5.139215 5.139215 5.139214 5.139213 5.139207 5.139191 5.139140 5.138991 5.138575 5.137469 5.134663 5.127897 5.112401 5.078766 5.009734 4.876148 4.633335 4.220949 3.571482 2.633436 1.410359 0.000000 
50.000000 39.826274 30.396401 22.291438 15.826095 11.033562 7.727243 5.600530 4.322581 3.603692 3.224299 3.036051 2.948042 2.909193 2.892968 2.886543 2.884127 2.883263 2.882968 2.882872 2.882842 2.882833 2.882831 2.882830 2.882830 2.882830 2.882830 2.882830 2.882830 2.882830 2.882829 2.882828 2.882825 2.882813 2.882779 2.882678 2.882400 2.881663 2.879809 2.875376 2.865330 2.843798 2.800265 2.717509 2.570201 2.325976 1.951541 1.425706 0.757531 0.000000 
50.000000 39.533184 29.831701 21.493377 14.841985 9.911641 6.510332 4.322581 3.007999 2.268528 1.878289 1.684667 1.594151 1.554196 1.537510 1.530903 1.528419 1.527530 1.527227 1.527128 1.527098 1.527088 1.527086 1.527085 1.527085 1.527085 1.527085 1.527085 1.527085 1.527085 1.527085 1.527084 1.527082 1.527075 1.527053 1.526992 1.526821 1.526373 1.525253 1.522597 1.516635 1.504000 1.478784 1.431566 1.348952 1.214590 1.012788 0.735151 0.388594 0.000000 
50.000000 39.368263 29.513956 21.044345 14.288302 9.280458 5.825746 3.603692 2.268528 1.517499 1.121172 0.924535 0.832612 0.792038 0.775094 0.768385 0.765863 0.764960 0.764652 0.764552 0.764521 0.764512 0.764509 0.764508 0.764508 0.764508 0.764508 0.764508 0.764508 0.764508 0.764508 0.764507 0.764506 0.764502 0.764490 0.764455 0.764359 0.764108 0.763484 0.762017 0.758750 0.751893 0.738362 0.713345 0.670189 0.601071 0.498901 0.360471 0.189865 0.000000 
50.000000 39.281199 29.346220 20.807315 13.996047 8.947317 5.464439 3.224299 1.878289 1.121172 0.721640 0.523416 0.430753 0.389854 0.372774 0.366012 0.363469 0.362560 0.362249 0.362148 0.362117 0.362108 0.362105 0.362104 0.362104 0.362104 0.362104 0.362104 0.362104 0.362104 0.362104 0.362104 0.362103 0.362101 0.362094 0.362076 0.362026 0.361895 0.361573 0.360820 0.359156 0.355693 0.348924 0.336542 0.315430 0.282032 0.233275 0.167978 0.088252 0.000000 
50.000000 39.237986 29.262967 20.689675 13.851009 8.781998 5.285154 3.036051 1.684667 0.924535 0.523416 0.324408 0.231379 0.190319 0.173172 0.166384 0.163831 0.162918 0.162607 0.162505 0.162474 0.162464 0.162461 0.162461 0.162461 0.162461 0.162460 0.162460 0.162460 0.162460 0.162460 0.162460 0.162460 0.162459 0.162456 0.162447 0.162422 0.162359 0.162204 0.161843 0.161051 0.159414 0.156242 0.150491 0.140779 0.125569 0.103581 0.074396 0.039013 0.000000 
50.000000 39.217775 29.224033 20.634663 13.783188 8.704700 5.201332 2.948042 1.594151 0.832612 0.430753 0.231379 0.138181 0.097045 0.079867 0.073067 0.070510 0.069595 0.069283 0.069181 0.069149 0.069140 0.069137 0.069137 0.069136 0.069136 0.069136 0.069136 0.069136 0.069136 0.069136 0.069136 0.069136 0.069136 0.069134 0.069130 0.069119 0.069090 0.069020 0.068858 0.068504 0.067778 0.066379 0.063863 0.059648 0.053101 0.043710 0.031332 0.016407 0.000000 
50.000000 39.208851 29.206841 20.610372 13.753244 8.670574 5.164328 2.909193 1.554196 0.792038 0.389854 0.190319 0.097045 0.055877 0.038685 0.031879 0.029320 0.028405 0.028092 0.027991 0.027959 0.027950 0.027947 0.027946 0.027946 0.027946 0.027946 0.027946 0.027946 0.027946 0.027946 0.027946 0.027946 0.027946 0.027945 0.027943 0.027938 0.027926 0.027896 0.027828 0.027679 0.027375 0.026793 0.025753 0.024023 0.021352 0.017546 0.012558 0.006569 0.000000 
50.000000 39.205122 29.199658 20.600225 13.740735 8.656319 5.148873 2.892968 1.537510 0.775094 0.372774 0.173172 0.079867 0.038685 0.021488 0.014680 0.012120 0.011204 0.010891 0.010790 0.010758 0.010749 0.010746 0.010745 0.010745 0.010745 0.010745 0.010745 0.010745 0.010745 0.010745 0.010745 0.010745 0.010745 0.010745 0.010744 0.010742 0.010737 0.010725 0.010698 0.010639 0.010518 0.010289 0.009882 0.009208 0.008174 0.006708 0.004795 0.002506 0.000000 
50.000000 39.203645 29.196813 20.596205 13.735782 8.650675 5.142753 2.886543 1.530903 0.768385 0.366012 0.166384 0.073067 0.031879 0.014680 0.007871 0.005310 0.004394 0.004082 0.003980 0.003949 0.003939 0.003936 0.003936 0.003936 0.003935 0.003935 0.003935 0.003935 0.003935 0.003935 0.003935 0.003935 0.003935 0.003935 0.003935 0.003934 0.003932 0.003928 0.003918 0.003895 0.003850 0.003765 0.003613 0.003364 0.002983 0.002445 0.001746 0.000912 0.000000 
50.000000 39.203089 29.195743 20.594694 13.733918 8.648552 5.140451 2.884127 1.528419 0.765863 0.363469 0.163831 0.070510 0.029320 0.012120 0.005310 0.002750 0.001834 0.001522 0.001420 0.001388 0.001379 0.001376 0.001375 0.001375 0.001375 0.001375 0.001375 0.001375 0.001375 0.001375 0.001375 0.001375 0.001375 0.001375 0.001375 0.001375 0.001374 0.001372 0.001369 0.001361 0.001345 0.001314 0.001261 0.001173 0.001039 0.000851 0.000607 0.000317 0.000000 
50.000000 39.202890 29.195360 20.594152 13.733251 8.647792 5.139628 2.883263 1.527530 0.764960 0.362560 0.162918 0.069595 0.028405 0.011204 0.004394 0.001834 0.000918 0.000605 0.000504 0.000472 0.000463 0.000460 0.000459 0.000459 0.000459 0.000459 0.000459 0.000459 0.000459 0.000459 0.000459 0.000459 0.000459 0.000459 0.000459 0.000459 0.000459 0.000458 0.000457 0.000454 0.000449 0.000438 0.000420 0.000391 0.000346 0.000283 0.000202 0.000105 0.000000 
50.000000 39.202823 29.195229 20.593968 13.733024 8.647533 5.139347 2.882968 1.527227 0.764652 0.362249 0.162607 0.069283 0.028092 0.010891 0.004082 0.001522 0.000605 0.000293 0.000191 0.000160 0.000150 0.000148 0.000147 0.000147 0.000147 0.000147 0.000147 0.000147 0.000147 0.000147 0.000147 0.000147 0.000147 0.000147 0.000147 0.000146 0.000146 0.000146 0.000146 0.000145 0.000143 0.000140 0.000134 0.000125 0.000110 0.000090 0.000064 0.000034 0.000000 
50.000000 39.202800 29.195187 20.593908 13.732950 8.647448 5.139255 2.882872 1.527128 0.764552 0.362148 0.162505 0.069181 0.027991 0.010790 0.003980 0.001420 0.000504 0.000191 0.000090 0.000058 0.000049 0.000046 0.000045 0.000045 0.000045 0.000045 0.000045 0.000045 0.000045 0.000045 0.000045 0.000045 0.000045 0.000045 0.000045 0.000045 0.000045 0.000045 0.000045 0.000044 0.000044 0.000043 0.000041 0.000038 0.000034 0.000027 0.000020 0.000010 0.000000 
50.000000 39.202794 29.195173 20.593889 13.732927 8.647422 5.139227 2.882842 1.527098 0.764521 0.362117 0.162474 0.069149 0.027959 0.010758 0.003949 0.001388 0.000472 0.000160 0.000058 0.000026 0.000017 0.000014 0.000013 0.000013 0.000013 0.000013 0.000013 0.000013 0.000013 0.000013 0.000013 0.000013 0.000013 0.000013 0.000013 0.000013 0.000013 0.000013 0.000013 0.000013 0.000013 0.000013 0.000012 0.000011 0.000010 0.000008 0.000006 0.000003 0.000000 
50.000000 39.202791 29.195169 20.593883 13.732920 8.647414 5.139218 2.882833 1.527088 0.764512 0.362108 0.162464 0.069140 0.027950 0.010749 0.003939 0.001379 0.000463 0.000150 0.000049 0.000017 0.000007 0.000005 0.000004 0.000004 0.000004 0.000004 0.000004 0.000004 0.000004 0.000004 0.000004 0.000004 0.000004 0.000004 0.000004 0.000004 0.000004 0.000004 0.000004 0.000004 0.000004 0.000004 0.000003 0.000003 0.000003 0.000002 0.000002 0.000001 0.000000 
50.000000 39.202791 29.195168 20.593882 13.732918 8.647412 5.139216 2.882831 1.527086 0.764509 0.362105 0.162461 0.069137 0.027947 0.010746 0.003936 0.001376 0.000460 0.000148 0.000046 0.000014 0.000005 0.000002 0.000001 0.000001 0.000001 0.000001 0.000001 0.000001 0.000001 0.000001 0.000001 0.000001 0.000001 0.000001 0.000001 0.000001 0.000001 0.000001 0.000001 0.000001 0.000001 0.000001 0.000001 0.000001 0.000001 0.000001 0.000000 0.000000 0.000000 
50.000000 39.202791 29.195168 20.593881 13.732917 8.647411 5.139215 2.882830 1.527085 0.764508 0.362104 0.162461 0.069137 0.027946 0.010745 0.003936 0.001375 0.000459 0.000147 0.000045 0.000013 0.000004 0.000001 0.000001 0.000000 0.000000 0.000000 0.000000 0.000000 0.000000 0.000000 0.000000 0.000000 0.000000 0.000000 0.000000 0.000000 0.000000 0.000000 0.000000 0.000000 0.000000 0.000000 0.000000 0.000000 0.000000 0.000000 0.000000 0.000000 0.000000 
50.000000 39.202791 29.195168 20.593881 13.732917 8.647411 5.139215 2.882830 1.527085 0.764508 0.362104 0.162461 0.069136 0.027946 0.010745 0.003936 0.001375 0.000459 0.000147 0.000045 0.000013 0.000004 0.000001 0.000000 0.000000 0.000000 0.000000 0.000000 0.000000 0.000000 0.000000 0.000000 0.000000 0.000000 0.000000 0.000000 0.000000 0.000000 0.000000 0.000000 0.000000 0.000000 0.000000 0.000000 0.000000 0.000000 0.000000 0.000000 0.000000 0.000000 
50.000000 39.202791 29.195168 20.593881 13.732917 8.647411 5.139215 2.882830 1.527085 0.764508 0.362104 0.162461 0.069136 0.027946 0.010745 0.003936 0.001375 0.000459 0.000147 0.000045 0.000013 0.000004 0.000001 0.000000 0.000000 0.000000 0.000000 0.000000 0.000000 0.000000 0.000000 0.000000 0.000000 0.000000 0.000000 0.000000 0.000000 0.000000 0.000000 0.000000 0.000000 0.000000 0.000000 0.000000 0.000000 0.000000 0.000000 0.000000 0.000000 0.000000 
50.000000 39.202791 29.195168 20.593881 13.732917 8.647411 5.139215 2.882830 1.527085 0.764508 0.362104 0.162461 0.069137 0.027946 0.010745 0.003936 0.001375 0.000459 0.000147 0.000045 0.000013 0.000004 0.000001 0.000001 0.000000 0.000000 0.000000 0.000000 0.000000 0.000000 0.000000 0.000000 0.000000 0.000000 0.000000 0.000000 0.000000 0.000000 0.000000 0.000000 0.000000 0.000000 0.000000 0.000000 0.000000 0.000000 0.000000 0.000000 0.000000 0.000000 
50.000000 39.202791 29.195168 20.593882 13.732918 8.647412 5.139216 2.882831 1.527086 0.764509 0.362105 0.162461 0.069137 0.027947 0.010746 0.003936 0.001376 0.000460 0.000148 0.000046 0.000014 0.000005 0.000002 0.000001 0.000001 0.000001 0.000001 0.000001 0.000001 0.000001 0.000001 0.000001 0.000001 0.000001 0.000001 0.000001 0.000001 0.000001 0.000001 0.000001 0.000001 0.000001 0.000001 0.000001 0.000001 0.000001 0.000001 0.000000 0.000000 0.000000 
50.000000 39.202791 29.195169 20.593883 13.732920 8.647414 5.139218 2.882833 1.527088 0.764512 0.362108 0.162464 0.069140 0.027950 0.010749 0.003939 0.001379 0.000463 0.000150 0.000049 0.000017 0.000007 0.000005 0.000004 0.000004 0.000004 0.000004 0.000004 0.000004 0.000004 0.000004 0.000004 0.000004 0.000004 0.000004 0.000004 0.000004 0.000004 0.000004 0.000004 0.000004 0.000004 0.000004 0.000003 0.000003 0.000003 0.000002 0.000002 0.000001 0.000000 
50.000000 39.202794 29.195173 20.593889 13.732927 8.647422 5.139227 2.882842 1.527098 0.764521 0.362117 0.162474 0.069149 0.027959 0.010758 0.003949 0.001388 0.000472 0.000160 0.000058 0.000026 0.000017 0.000014 0.000013 0.000013 0.000013 0.000013 0.000013 0.000013 0.000013 0.000013 0.000013 0.000013 0.000013 0.000013 0.000013 0.000013 0.000013 0.000013 0.000013 0.000013 0.000013 0.000013 0.000012 0.000011 0.000010 0.000008 0.000006 0.000003 0.000000 
50.000000 39.202800 29.195187 20.593908 13.732950 8.647448 5.139255 2.882872 1.527128 0.764552 0.362148 0.162505 0.069181 0.027991 0.010790 0.003980 0.001420 0.000504 0.000191 0.000090 0.000058 0.000049 0.000046 0.000045 0.000045 0.000045 0.000045 0.000045 0.000045 0.000045 0.000045 0.000045 0.000045 0.000045 0.000045 0.000045 0.000045 0.000045 0.000045 0.000045 0.000044 0.000044 0.000043 0.000041 0.000038 0.000034 0.000027 0.000020 0.000010 0.000000 
50.000000 39.202823 29.195229 20.593968 13.733024 8.647533 5.139347 2.882968 1.527227 0.764652 0.362249 0.162607 0.069283 0.028092 0.010891 0.004082 0.001522 0.000605 0.000293 0.000191 0.000160 0.000150 0.000148 0.000147 0.000147 0.000147 0.000147 0.000147 0.000147 0.000147 0.000147 0.000147 0.000147 0.000147 0.000147 0.000147 0.000146 0.000146 0.000146 0.000146 0.000145 0.000143 0.000140 0.000134 0.000125 0.000110 0.000090 0.000064 0.000034 0.000000 
50.000000 39.202890 29.195360 20.594152 13.733251 8.647792 5.139628 2.883263 1.527530 0.764960 0.362560 0.162918 0.069595 0.028405 0.011204 0.004394 0.001834 0.000918 0.000605 0.000504 0.000472 0.000463 0.000460 0.000459 0.000459 0.000459 0.000459 0.000459 0.000459 0.000459 0.000459 0.000459 0.000459 0.000459 0.000459 0.000459 0.000459 0.000459 0.000458 0.000457 0.000454 0.000449 0.000438 0.000420 0.000391 0.000346 0.000283 0.000202 0.000105 0.000000 
50.000000 39.203089 29.195743 20.594694 13.733918 8.648552 5.140451 2.884127 1.528419 0.765863 0.363469 0.163831 0.070510 0.029320 0.012120 0.005310 0.002750 0.001834 0.001522 0.001420 0.001388 0.001379 0.001376 0.001375 0.001375 0.001375 0.001375 0.001375 0.001375 0.001375 0.001375 0.001375 0.001375 0.001375 0.001375 0.001375 0.001375 0.001374 0.001372 0.001369 0.001361 0.001345 0.001314 0.001261 0.001173 0.001039 0.000851 0.000607 0.000317 0.000000 
50.000000 39.203645 29.196813 20.596205 13.735782 8.650675 5.142753 2.886543 1.530903 0.768385 0.366012 0.166384 0.073067 0.031879 0.014680 0.007871 0.005310 0.004394 0.004082 0.003980 0.003949 0.003939 0.003936 0.003936 0.003936 0.003935 0.003935 0.003935 0.003935 0.003935 0.003935 0.003935 0.003935 0.003935 0.003935 0.003935 0.003934 0.003932 0.003928 0.003918 0.003895 0.003850 0.003765 0.003613 0.003364 0.002983 0.002445 0.001746 0.000912 0.000000 
50.000000 39.205122 29.199658 20.600225 13.740735 8.656319 5.148873 2.892968 1.537510 0.775094 0.372774 0.173172 0.079867 0.038685 0.021488 0.014680 0.012120 0.011204 0.010891 0.010790 0.010758 0.010749 0.010746 0.010745 0.010745 0.010745 0.010745 0.010745 0.010745 0.010745 0.010745 0.010745 0.010745 0.010745 0.010745 0.010744 0.010742 0.010737 0.010725 0.010698 0.010639 0.010518 0.010289 0.009882 0.009208 0.008174 0.006708 0.004795 0.002506 0.000000 
50.000000 39.208851 29.206841 20.610372 13.753244 8.670574 5.164328 2.909193 1.554196 0.792038 0.389854 0.190319 0.097045 0.055877 0.038685 0.031879 0.029320 0.028405 0.028092 0.027991 0.027959 0.027950 0.027947 0.027946 0.027946 0.027946 0.027946 0.027946 0.027946 0.027946 0.027946 0.027946 0.027946 0.027946 0.027945 0.027943 0.027938 0.027926 0.027896 0.027828 0.027679 0.027375 0.026793 0.025753 0.024023 0.021352 0.017546 0.012558 0.006569 0.000000 
50.000000 39.217775 29.224033 20.634663 13.783188 8.704700 5.201332 2.948042 1.594151 0.832612 0.430753 0.231379 0.138181 0.097045 0.079867 0.073067 0.070510 0.069595 0.069283 0.069181 0.069149 0.069140 0.069137 0.069137 0.069136 0.069136 0.069136 0.069136 0.069136 0.069136 0.069136 0.069136 0.069136 0.069136 0.069134 0.069130 0.069119 0.069090 0.069020 0.068858 0.068504 0.067778 0.066379 0.063863 0.059648 0.053101 0.043710 0.031332 0.016407 0.000000 
50.000000 39.237986 29.262967 20.689675 13.851009 8.781998 5.285154 3.036051 1.684667 0.924535 0.523416 0.324408 0.231379 0.190319 0.173172 0.166384 0.163831 0.162918 0.162607 0.162505 0.162474 0.162464 0.162461 0.162461 0.162461 0.162461 0.162460 0.162460 0.162460 0.162460 0.162460 0.162460 0.162460 0.162459 0.162456 0.162447 0.162422 0.162359 0.162204 0.161843 0.161051 0.159414 0.156242 0.150491 0.140779 0.125569 0.103581 0.074396 0.039013 0.000000 
50.000000 39.281199 29.346220 20.807315 13.996047 8.947317 5.464439 3.224299 1.878289 1.121172 0.721640 0.523416 0.430753 0.389854 0.372774 0.366012 0.363469 0.362560 0.362249 0.362148 0.362117 0.362108 0.362105 0.362104 0.362104 0.362104 0.362104 0.362104 0.362104 0.362104 0.362104 0.362104 0.362103 0.362101 0.362094 0.362076 0.362026 0.361895 0.361573 0.360820 0.359156 0.355693 0.348924 0.336542 0.315430 0.282032 0.233275 0.167978 0.088252 0.000000 
50.000000 39.368263 29.513956 21.044345 14.288302 9.280458 5.825746 3.603692 2.268528 1.517499 1.121172 0.924535 0.832612 0.792038 0.775094 0.768385 0.765863 0.764960 0.764652 0.764552 0.764521 0.764512 0.764509 0.764508 0.764508 0.764508 0.764508 0.764508 0.764508 0.764508 0.764508 0.764507 0.764506 0.764502 0.764490 0.764455 0.764359 0.764108 0.763484 0.762017 0.758750 0.751893 0.738362 0.713345 0.670189 0.601071 0.498901 0.360471 0.189865 0.000000 
50.000000 39.533184 29.831701 21.493377 14.841985 9.911641 6.510332 4.322581 3.007999 2.268528 1.878289 1.684667 1.594151 1.554196 1.537510 1.530903 1.528419 1.527530 1.527227 1.527128 1.527098 1.527088 1.527086 1.527085 1.527085 1.527085 1.527085 1.527085 1.527085 1.527085 1.527085 1.527084 1.527082 1.527075 1.527053 1.526992 1.526821 1.526373 1.525253 1.522597 1.516635 1.504000 1.478784 1.431566 1.348952 1.214590 1.012788 0.735151 0.388594 0.000000 
50.000000 39.826274 30.396401 22.291438 15.826095 11.033562 7.727243 5.600530 4.322581 3.603692 3.224299 3.036051 2.948042 2.909193 2.892968 2.886543 2.884127 2.883263 2.882968 2.882872 2.882842 2.882833 2.882831 2.882830 2.882830 2.882830 2.882830 2.882830 2.882830 2.882830 2.882829 2.882828 2.882825 2.882813 2.882779 2.882678 2.882400 2.881663 2.879809 2.875376 2.865330 2.843798 2.800265 2.717509 2.570201 2.325976 1.951541 1.425706 0.757531 0.000000 
50.000000 40.313900 31.335938 23.619289 17.463582 12.900452 9.752297 7.727243 6.510332 5.825746 5.464439 5.285154 5.201332 5.164328 5.148873 5.142753 5.140451 5.139628 5.139347 5.139255 5.139227 5.139218 5.139216 5.139215 5.139215 5.139215 5.139215 5.139215 5.139215 5.139215 5.139214 5.139213 5.139207 5.139191 5.139140 5.138991 5.138575 5.137469 5.134663 5.127897 5.112401 5.078766 5.009734 4.876148 4.633335 4.220949 3.571482 2.633436 1.410359 0.000000 
50.000000 41.071819 32.796301 25.683297 20.008998 15.802601 12.900452 11.033562 9.911641 9.280458 8.947317 8.781998 8.704700 8.670574 8.656319 8.650675 8.648552 8.647792 8.647533 8.647448 8.647422 8.647414 8.647412 8.647411 8.647411 8.647411 8.647411 8.647411 8.647411 8.647411 8.647410 8.647408 8.647401 8.647379 8.647311 8.647111 8.646551 8.645051 8.641219 8.631887 8.610269 8.562689 8.463361 8.267117 7.901300 7.260931 6.216161 4.647023 2.520765 0.000000 
50.000000 42.170215 34.912737 28.674661 23.698200 20.008998 17.463582 15.826095 14.841985 14.288302 13.996047 13.851009 13.783188 13.753244 13.740735 13.735782 13.733918 13.733251 13.733024 13.732950 13.732927 13.732920 13.732918 13.732917 13.732917 13.732917 13.732917 13.732917 13.732917 13.732917 13.732916 13.732914 13.732905 13.732879 13.732799 13.732561 13.731892 13.730088 13.725440 13.714015 13.687231 13.627395 13.500119 13.242633 12.748067 11.849100 10.312564 7.873802 4.366153 0.000000 
50.000000 43.651763 37.767496 32.709666 28.674661 25.683297 23.619289 22.291438 21.493377 21.044345 20.807315 20.689675 20.634663 20.610372 20.600225 20.596205 20.594694 20.594152 20.593968 20.593908 20.593889 20.593883 20.593882 20.593881 20.593881 20.593881 20.593881 20.593881 20.593881 20.593881 20.593880 20.593878 20.593869 20.593843 20.593760 20.593517 20.592826 20.590953 20.586095 20.574039 20.545444 20.480588 20.339897 20.047806 19.467136 18.362097 16.354833 12.907792 7.453196 0.000000 
50.000000 45.508807 41.345832 37.767496 34.912737 32.796301 31.335938 30.396401 29.831701 29.513956 29.346220 29.262967 29.224033 29.206841 29.199658 29.196813 29.195743 29.195360 29.195229 29.195187 29.195173 29.195169 29.195168 29.195168 29.195168 29.195168 29.195168 29.195168 29.195168 29.195168 29.195167 29.195165 29.195158 29.195136 29.195067 29.194863 29.194283 29.192701 29.188571 29.178242 29.153484 29.096550 28.970696 28.702502 28.149278 27.038935 24.859703 20.672916 12.914336 0.000000 
50.000000 47.669242 45.508807 43.651763 42.170215 41.071819 40.313900 39.826274 39.533184 39.368263 39.281199 39.237986 39.217775 39.208851 39.205122 39.203645 39.203089 39.202890 39.202823 39.202800 39.202794 39.202791 39.202791 39.202791 39.202791 39.202791 39.202791 39.202791 39.202791 39.202791 39.202790 39.202789 39.202785 39.202772 39.202733 39.202616 39.202282 39.201368 39.198973 39.192948 39.178398 39.144589 39.068743 38.903540 38.551055 37.804062 36.198567 32.594472 23.834621 0.000000 
50.000000 50.000000 50.000000 50.000000 50.000000 50.000000 50.000000 50.000000 50.000000 50.000000 50.000000 50.000000 50.000000 50.000000 50.000000 50.000000 50.000000 50.000000 50.000000 50.000000 50.000000 50.000000 50.000000 50.000000 50.000000 50.000000 50.000000 50.000000 50.000000 50.000000 50.000000 50.000000 50.000000 50.000000 50.000000 50.000000 50.000000 50.000000 50.000000 50.000000 50.000000 50.000000 50.000000 50.000000 50.000000 50.000000 50.000000 50.000000 50.000000 50.000000 
