50.000000 50.000000 50.000000 50.000000 50.000000 50.000000 50.000000 50.000000 50.000000 50.000000 50.000000 50.000000 50.000000 50.000000 50.000000 50.000000 50.000000 50.000000 50.000000 50.000000 50.000000 50.000000 50.000000 50.000000 50.000000 50.000000 50.000000 50.000000 50.000000 50.000000 50.000000 50.000000 50.000000 50.000000 50.000000 50.000000 50.000000 50.000000 50.000000 50.000000 50.000000 50.000000 50.000000 50.000000 50.000000 50.000000 50.000000 50.000000 50.000000 50.000000 
50.000000 45.349651 41.375026 38.459298 36.610005 35.586824 35.088303 34.872431 34.788635 34.759245 34.749866 34.747126 34.746388 34.746204 34.746162 34.746153 34.746151 34.746150 34.746150 34.746150 34.746150 34.746150 34.746150 34.746150 34.746150 34.746150 34.746150 34.746150 34.746150 34.746150 34.746150 34.746150 34.746150 34.746150 34.746150 34.746150 34.746147 34.746135 34.746080 34.745844 34.744900 34.741360 34.728954 34.688278 34.563097 34.198845 33.182729 30.401454 22.674826 0.000000 
50.000000 41.375026 34.003582 28.596375 25.167210 23.270146 22.345978 21.945854 21.790562 21.736107 21.718733 21.713656 21.712290 21.711950 21.711871 21.711854 21.711851 21.711850 21.711850 21.711850 21.711850 21.711850 21.711850 21.711850 21.711850 21.711850 21.711850 21.711850 21.711850 21.711850 21.711850 21.711850 21.711850 21.711850 21.711850 21.711849 21.711845 21.711827 21.711745 21.711397 21.710012 21.704878 21.687171 21.630434 21.461761 20.996754 19.808398 17.001791 10.973572 0.000000 
50.000000 38.459298 28.596375 21.362267 16.775123 14.237869 13.002065 12.467130 12.259564 12.186797 12.163586 12.156806 12.154982 12.154528 12.154423 12.154400 12.154396 12.154395 12.154395 12.154395 12.154395 12.154395 12.154395 12.154395 12.154395 12.154395 12.154395 12.154395 12.154395 12.154395 12.154395 12.154395 12.154395 12.154395 12.154394 12.154394 12.154390 12.154373 12.154297 12.153973 12.152700 12.148045 12.132271 12.082937 11.941161 11.568718 10.681134 8.787977 5.276568 0.000000 
50.000000 36.610005 25.167210 16.775123 11.454422 8.511913 7.079002 6.458881 6.218316 6.134001 6.107113 6.099262 6.097150 6.096625 6.096503 6.096477 6.096471 6.096470 6.096470 6.096470 6.096470 6.096470 6.096470 6.096470 6.096470 6.096470 6.096470 6.096470 6.096470 6.096470 6.096470 6.096470 6.096470 6.096470 6.096470 6.096470 6.096467 6.096455 6.096400 6.096173 6.095285 6.092081 6.081403 6.048734 5.957551 5.727211 5.206404 4.170456 2.411160 0.000000 
50.000000 35.586824 23.270146 14.237869 8.511913 5.345723 3.804130 3.137093 2.878376 2.787719 2.758813 2.750375 2.748106 2.747541 2.747411 2.747382 2.747377 2.747376 2.747375 2.747375 2.747375 2.747375 2.747375 2.747375 2.747375 2.747375 2.747375 2.747375 2.747375 2.747375 2.747375 2.747375 2.747375 2.747375 2.747375 2.747375 2.747374 2.747367 2.747335 2.747204 2.746700 2.744900 2.738988 2.721236 2.672861 2.554362 2.296707 1.808385 1.023727 0.000000 
50.000000 35.088303 22.345978 13.002065 7.079002 3.804130 2.209797 1.520021 1.252521 1.158798 1.128920 1.120198 1.117854 1.117270 1.117135 1.117106 1.117100 1.117099 1.117099 1.117099 1.117099 1.117099 1.117099 1.117099 1.117099 1.117099 1.117099 1.117099 1.117099 1.117099 1.117099 1.117099 1.117099 1.117099 1.117099 1.117099 1.117098 1.117095 1.117079 1.117016 1.116773 1.115915 1.113131 1.104898 1.082894 1.030268 0.919127 0.715544 0.400025 0.000000 
50.000000 34.872431 21.945854 12.467130 6.458881 3.137093 1.520021 0.820458 0.549182 0.454144 0.423849 0.415007 0.412630 0.412039 0.411902 0.411872 0.411866 0.411865 0.411865 0.411865 0.411865 0.411865 0.411865 0.411865 0.411865 0.411865 0.411865 0.411865 0.411865 0.411865 0.411865 0.411865 0.411865 0.411865 0.411865 0.411865 0.411865 0.411863 0.411857 0.411830 0.411728 0.411372 0.410229 0.406891 0.398104 0.377477 0.334860 0.258683 0.143477 0.000000 
50.000000 34.788635 21.790562 12.259564 6.218316 2.878376 1.252521 0.549182 0.276453 0.180909 0.150455 0.141566 0.139177 0.138582 0.138445 0.138415 0.138409 0.138408 0.138408 0.138408 0.138408 0.138408 0.138408 0.138408 0.138408 0.138408 0.138408 0.138408 0.138408 0.138408 0.138408 0.138408 0.138408 0.138408 0.138408 0.138408 0.138408 0.138407 0.138405 0.138395 0.138357 0.138226 0.137810 0.136606 0.133476 0.126234 0.111519 0.085683 0.047275 0.000000 
50.000000 34.759245 21.736107 12.186797 6.134001 2.787719 1.158798 0.454144 0.180909 0.085190 0.054680 0.045776 0.043382 0.042787 0.042649 0.042619 0.042613 0.042612 0.042612 0.042612 0.042612 0.042612 0.042612 0.042612 0.042612 0.042612 0.042612 0.042612 0.042612 0.042612 0.042612 0.042612 0.042612 0.042612 0.042612 0.042612 0.042612 0.042612 0.042611 0.042608 0.042595 0.042552 0.042416 0.042025 0.041018 0.038716 0.034097 0.026095 0.014345 0.000000 
50.000000 34.749866 21.718733 12.163586 6.107113 2.758813 1.128920 0.423849 0.150455 0.054680 0.024153 0.015243 0.012848 0.012253 0.012115 0.012085 0.012079 0.012078 0.012078 0.012078 0.012078 0.012078 0.012078 0.012078 0.012078 0.012078 0.012078 0.012078 0.012078 0.012078 0.012078 0.012078 0.012078 0.012078 0.012078 0.012078 0.012078 0.012078 0.012077 0.012076 0.012073 0.012060 0.012019 0.011904 0.011609 0.010941 0.009613 0.007336 0.004022 0.000000 
50.000000 34.747126 21.713656 12.156806 6.099262 2.750375 1.120198 0.415007 0.141566 0.045776 0.015243 0.006332 0.003937 0.003341 0.003203 0.003173 0.003167 0.003166 0.003166 0.003166 0.003166 0.003166 0.003166 0.003166 0.003166 0.003166 0.003166 0.003166 0.003166 0.003166 0.003166 0.003166 0.003166 0.003166 0.003166 0.003166 0.003166 0.003166 0.003166 0.003166 0.003165 0.003161 0.003150 0.003119 0.003040 0.002861 0.002509 0.001911 0.001046 0.000000 
50.000000 34.746388 21.712290 12.154982 6.097150 2.748106 1.117854 0.412630 0.139177 0.043382 0.012848 0.003937 0.001542 0.000946 0.000808 0.000778 0.000772 0.000771 0.000771 0.000771 0.000771 0.000771 0.000771 0.000771 0.000771 0.000771 0.000771 0.000771 0.000771 0.000771 0.000771 0.000771 0.000771 0.000771 0.000771 0.000771 0.000771 0.000771 0.000771 0.000771 0.000770 0.000770 0.000767 0.000759 0.000739 0.000695 0.000609 0.000463 0.000253 0.000000 
50.000000 34.746204 21.711950 12.154528 6.096625 2.747541 1.117270 0.412039 0.138582 0.042787 0.012253 0.003341 0.000946 0.000350 0.000212 0.000182 0.000176 0.000175 0.000175 0.000175 0.000175 0.000175 0.000175 0.000175 0.000175 0.000175 0.000175 0.000175 0.000175 0.000175 0.000175 0.000175 0.000175 0.000175 0.000175 0.000175 0.000175 0.000175 0.000175 0.000175 0.000175 0.000175 0.000174 0.000172 0.000168 0.000158 0.000138 0.000105 0.000057 0.000000 
50.000000 34.746162 21.711871 12.154423 6.096503 2.747411 1.117135 0.411902 0.138445 0.042649 0.012115 0.003203 0.000808 0.000212 0.000074 0.000045 0.000039 0.000037 0.000037 0.000037 0.000037 0.000037 0.000037 0.000037 0.000037 0.000037 0.000037 0.000037 0.000037 0.000037 0.000037 0.000037 0.000037 0.000037 0.000037 0.000037 0.000037 0.000037 0.000037 0.000037 0.000037 0.000037 0.000037 0.000037 0.000036 0.000033 0.000029 0.000022 0.000012 0.000000 
50.000000 34.746153 21.711854 12.154400 6.096477 2.747382 1.117106 0.411872 0.138415 0.042619 0.012085 0.003173 0.000778 0.000182 0.000045 0.000015 0.000009 0.000008 0.000007 0.000007 0.000007 0.000007 0.000007 0.000007 0.000007 0.000007 0.000007 0.000007 0.000007 0.000007 0.000007 0.000007 0.000007 0.000007 0.000007 0.000007 0.000007 0.000007 0.000007 0.000007 0.000007 0.000007 0.000007 0.000007 0.000007 0.000007 0.000006 0.000004 0.000002 0.000000 
50.000000 34.746151 21.711851 12.154396 6.096471 2.747377 1.117100 0.411866 0.138409 0.042613 0.012079 0.003167 0.000772 0.000176 0.000039 0.000009 0.000003 0.000002 0.000001 0.000001 0.000001 0.000001 0.000001 0.000001 0.000001 0.000001 0.000001 0.000001 0.000001 0.000001 0.000001 0.000001 0.000001 0.000001 0.000001 0.000001 0.000001 0.000001 0.000001 0.000001 0.000001 0.000001 0.000001 0.000001 0.000001 0.000001 0.000001 0.000001 0.000000 0.000000 
50.000000 34.746150 21.711850 12.154395 6.096470 2.747376 1.117099 0.411865 0.138408 0.042612 0.012078 0.003166 0.000771 0.000175 0.000037 0.000008 0.000002 0.000000 0.000000 0.000000 0.000000 0.000000 0.000000 0.000000 0.000000 0.000000 0.000000 0.000000 0.000000 0.000000 0.000000 0.000000 0.000000 0.000000 0.000000 0.000000 0.000000 0.000000 0.000000 0.000000 0.000000 0.000000 0.000000 0.000000 0.000000 0.000000 0.000000 0.000000 0.000000 0.000000 
50.000000 34.746150 21.711850 12.154395 6.096470 2.747375 1.117099 0.411865 0.138408 0.042612 0.012078 0.003166 0.000771 0.000175 0.000037 0.000007 0.000001 0.000000 0.000000 0.000000 0.000000 0.000000 0.000000 0.000000 0.000000 0.000000 0.000000 0.000000 0.000000 0.000000 0.000000 0.000000 0.000000 0.000000 0.000000 0.000000 0.000000 0.000000 0.000000 0.000000 0.000000 0.000000 0.000000 0.000000 0.000000 0.000000 0.000000 0.000000 0.000000 0.000000 
50.000000 34.746150 21.711850 12.154395 6.096470 2.747375 1.117099 0.411865 0.138408 0.042612 0.012078 0.003166 0.000771 0.000175 0.000037 0.000007 0.000001 0.000000 0.000000 0.000000 0.000000 0.000000 0.000000 0.000000 0.000000 0.000000 0.000000 0.000000 0.000000 0.000000 0.000000 0.000000 0.000000 0.000000 0.000000 0.000000 0.000000 0.000000 0.000000 0.000000 0.000000 0.000000 0.000000 0.000000 0.000000 0.000000 0.000000 0.000000 0.000000 0.000000 
50.000000 34.746150 21.711850 12.154395 6.096470 2.747375 1.117099 0.411865 0.138408 0.042612 0.012078 0.003166 0.000771 0.000175 0.000037 0.000007 0.000001 0.000000 0.000000 0.000000 0.000000 0.000000 0.000000 0.000000 0.000000 0.000000 0.000000 0.000000 0.000000 0.000000 0.000000 0.000000 0.000000 0.000000 0.000000 0.000000 0.000000 0.000000 0.000000 0.000000 0.000000 0.000000 0.000000 0.000000 0.000000 0.000000 0.000000 0.000000 0.000000 0.000000 
50.000000 34.746150 21.711850 12.154395 6.096470 2.747375 1.117099 0.411865 0.138408 0.042612 0.012078 0.003166 0.000771 0.000175 0.000037 0.000007 0.000001 0.000000 0.000000 0.000000 0.000000 0.000000 0.000000 0.000000 0.000000 0.000000 0.000000 0.000000 0.000000 0.000000 0.000000 0.000000 0.000000 0.000000 0.000000 0.000000 0.000000 0.000000 0.000000 0.000000 0.000000 0.000000 0.000000 0.000000 0.000000 0.000000 0.000000 0.000000 0.000000 0.000000 
50.000000 34.746150 21.711850 12.154395 6.096470 2.747375 1.117099 0.411865 0.138408 0.042612 0.012078 0.003166 0.000771 0.000175 0.000037 0.000007 0.000001 0.000000 0.000000 0.000000 0.000000 0.000000 0.000000 0.000000 0.000000 0.000000 0.000000 0.000000 0.000000 0.000000 0.000000 0.000000 0.000000 0.000000 0.000000 0.000000 0.000000 0.000000 0.000000 0.000000 0.000000 0.000000 0.000000 0.000000 0.000000 0.000000 0.000000 0.000000 0.000000 0.000000 
50.000000 34.746150 21.711850 12.154395 6.096470 2.747375 1.117099 0.411865 0.138408 0.042612 0.012078 0.003166 0.000771 0.000175 0.000037 0.000007 0.000001 0.000000 0.000000 0.000000 0.000000 0.000000 0.000000 0.000000 0.000000 0.000000 0.000000 0.000000 0.000000 0.000000 0.000000 0.000000 0.000000 0.000000 0.000000 0.000000 0.000000 0.000000 0.000000 0.000000 0.000000 0.000000 0.000000 0.000000 0.000000 0.000000 0.000000 0.000000 0.000000 0.000000 
50.000000 34.746150 21.711850 12.154395 6.096470 2.747375 1.117099 0.411865 0.138408 0.042612 0.012078 0.003166 0.000771 0.000175 0.000037 0.000007 0.000001 0.000000 0.000000 0.000000 0.000000 0.000000 0.000000 0.000000 0.000000 0.000000 0.000000 0.000000 0.000000 0.000000 0.000000 0.000000 0.000000 0.000000 0.000000 0.000000 0.000000 0.000000 0.000000 0.000000 0.000000 0.000000 0.000000 0.000000 0.000000 0.000000 0.000000 0.000000 0.000000 0.000000 
50.000000 34.746150 21.711850 12.154395 6.096470 2.747375 1.117099 0.411865 0.138408 0.042612 0.012078 0.003166 0.000771 0.000175 0.000037 0.000007 0.000001 0.000000 0.000000 0.000000 0.000000 0.000000 0.000000 0.000000 0.000000 0.000000 0.000000 0.000000 0.000000 0.000000 0.000000 0.000000 0.000000 0.000000 0.000000 0.000000 0.000000 0.000000 0.000000 0.000000 0.000000 0.000000 0.000000 0.000000 0.000000 0.000000 0.000000 0.000000 0.000000 0.000000 
50.000000 34.746150 21.711850 12.154395 6.096470 2.747375 1.117099 0.411865 0.138408 0.042612 0.012078 0.003166 0.000771 0.000175 0.000037 0.000007 0.000001 0.000000 0.000000 0.000000 0.000000 0.000000 0.000000 0.000000 0.000000 0.000000 0.000000 0.000000 0.000000 0.000000 0.000000 0.000000 0.000000 0.000000 0.000000 0.000000 0.000000 0.000000 0.000000 0.000000 0.000000 0.000000 0.000000 0.000000 0.000000 0.000000 0.000000 0.000000 0.000000 0.000000 
50.000000 34.746150 21.711850 12.154395 6.096470 2.747375 1.117099 0.411865 0.138408 0.042612 0.012078 0.003166 0.000771 0.000175 0.000037 0.000007 0.000001 0.000000 0.000000 0.000000 0.000000 0.000000 0.000000 0.000000 0.000000 0.000000 0.000000 0.000000 0.000000 0.000000 0.000000 0.000000 0.000000 0.000000 0.000000 0.000000 0.000000 0.000000 0.000000 0.000000 0.000000 0.000000 0.000000 0.000000 0.000000 0.000000 0.000000 0.000000 0.000000 0.000000 
50.000000 34.746150 21.711850 12.154395 6.096470 2.747375 1.117099 0.411865 0.138408 0.042612 0.012078 0.003166 0.000771 0.000175 0.000037 0.000007 0.000001 0.000000 0.000000 0.000000 0.000000 0.000000 0.000000 0.000000 0.000000 0.000000 0.000000 0.000000 0.000000 0.000000 0.000000 0.000000 0.000000 0.000000 0.000000 0.000000 0.000000 0.000000 0.000000 0.000000 0.000000 0.000000 0.000000 0.000000 0.000000 0.000000 0.000000 0.000000 0.000000 0.000000 
50.000000 34.746150 21.711850 12.154395 6.096470 2.747375 1.117099 0.411865 0.138408 0.042612 0.012078 0.003166 0.000771 0.000175 0.000037 0.000007 0.000001 0.000000 0.000000 0.000000 0.000000 0.000000 0.000000 0.000000 0.000000 0.000000 0.000000 0.000000 0.000000 0.000000 0.000000 0.000000 0.000000 0.000000 0.000000 0.000000 0.000000 0.000000 0.000000 0.000000 0.000000 0.000000 0.000000 0.000000 0.000000 0.000000 0.000000 0.000000 0.000000 0.000000 
50.000000 34.746150 21.711850 12.154395 6.096470 2.747375 1.117099 0.411865 0.138408 0.042612 0.012078 0.003166 0.000771 0.000175 0.000037 0.000007 0.000001 0.000000 0.000000 0.000000 0.000000 0.000000 0.000000 0.000000 0.000000 0.000000 0.000000 0.000000 0.000000 0.000000 0.000000 0.000000 0.000000 0.000000 0.000000 0.000000 0.000000 0.000000 0.000000 0.000000 0.000000 0.000000 0.000000 0.000000 0.000000 0.000000 0.000000 0.000000 0.000000 0.000000 
50.000000 34.746150 21.711850 12.154395 6.096470 2.747375 1.117099 0.411865 0.138408 0.042612 0.012078 0.003166 0.000771 0.000175 0.000037 0.000007 0.000001 0.000000 0.000000 0.000000 0.000000 0.000000 0.000000 0.000000 0.000000 0.000000 0.000000 0.000000 0.000000 0.000000 0.000000 0.000000 0.000000 0.000000 0.000000 0.000000 0.000000 0.000000 0.000000 0.000000 0.000000 0.000000 0.000000 0.000000 0.000000 0.000000 0.000000 0.000000 0.000000 0.000000 
50.000000 34.746150 21.711850 12.154395 6.096470 2.747376 1.117099 0.411865 0.138408 0.042612 0.012078 0.003166 0.000771 0.000175 0.000037 0.000008 0.000002 0.000000 0.000000 0.000000 0.000000 0.000000 0.000000 0.000000 0.000000 0.000000 0.000000 0.000000 0.000000 0.000000 0.000000 0.000000 0.000000 0.000000 0.000000 0.000000 0.000000 0.000000 0.000000 0.000000 0.000000 0.000000 0.000000 0.000000 0.000000 0.000000 0.000000 0.000000 0.000000 0.000000 
50.000000 34.746151 21.711851 12.154396 6.096471 2.747377 1.117100 0.411866 0.138409 0.042613 0.012079 0.003167 0.000772 0.000176 0.000039 0.000009 0.000003 0.000002 0.000001 0.000001 0.000001 0.000001 0.000001 0.000001 0.000001 0.000001 0.000001 0.000001 0.000001 0.000001 0.000001 0.000001 0.000001 0.000001 0.000001 0.000001 0.000001 0.000001 0.000001 0.000001 0.000001 0.000001 0.000001 0.000001 0.000001 0.000001 0.000001 0.000001 0.000000 0.000000 
50.000000 34.746153 21.711854 12.154400 6.096477 2.747382 1.117106 0.411872 0.138415 0.042619 0.012085 0.003173 0.000778 0.000182 0.000045 0.000015 0.000009 0.000008 0.000007 0.000007 0.000007 0.000007 0.000007 0.000007 0.000007 0.000007 0.000007 0.000007 0.000007 0.000007 0.000007 0.000007 0.000007 0.000007 0.000007 0.000007 0.000007 0.000007 0.000007 0.000007 0.000007 0.000007 0.000007 0.000007 0.000007 0.000007 0.000006 0.000004 0.000002 0.000000 
50.000000 34.746162 21.711871 12.154423 6.096503 2.747411 1.117135 0.411902 0.138445 0.042649 0.012115 0.003203 0.000808 0.000212 0.000074 0.000045 0.000039 0.000037 0.000037 0.000037 0.000037 0.000037 0.000037 0.000037 0.000037 0.000037 0.000037 0.000037 0.000037 0.000037 0.000037 0.000037 0.000037 0.000037 0.000037 0.000037 0.000037 0.000037 0.000037 0.000037 0.000037 0.000037 0.000037 0.000037 0.000036 0.000033 0.000029 0.000022 0.000012 0.000000 
50.000000 34.746204 21.711950 12.154528 6.096625 2.747541 1.117270 0.412039 0.138582 0.042787 0.012253 0.003341 0.000946 0.000350 0.000212 0.000182 0.000176 0.000175 0.000175 0.000175 0.000175 0.000175 0.000175 0.000175 0.000175 0.000175 0.000175 0.000175 0.000175 0.000175 0.000175 0.000175 0.000175 0.000175 0.000175 0.000175 0.000175 0.000175 0.000175 0.000175 0.000175 0.000175 0.000174 0.000172 0.000168 0.000158 0.000138 0.000105 0.000057 0.000000 
50.000000 34.746388 21.712290 12.154982 6.097150 2.748106 1.117854 0.412630 0.139177 0.043382 0.012848 0.003937 0.001542 0.000946 0.000808 0.000778 0.000772 0.000771 0.000771 0.000771 0.000771 0.000771 0.000771 0.000771 0.000771 0.000771 0.000771 0.000771 0.000771 0.000771 0.000771 0.000771 0.000771 0.000771 0.000771 0.000771 0.000771 0.000771 0.000771 0.000771 0.000770 0.000770 0.000767 0.000759 0.000739 0.000695 0.000609 0.000463 0.000253 0.000000 
50.000000 34.747126 21.713656 12.156806 6.099262 2.750375 1.120198 0.415007 0.141566 0.045776 0.015243 0.006332 0.003937 0.003341 0.003203 0.003173 0.003167 0.003166 0.003166 0.003166 0.003166 0.003166 0.003166 0.003166 0.003166 0.003166 0.003166 0.003166 0.003166 0.003166 0.003166 0.003166 0.003166 0.003166 0.003166 0.003166 0.003166 0.003166 0.003166 0.003166 0.003165 0.003161 0.003150 0.003119 0.003040 0.002861 0.002509 0.001911 0.001046 0.000000 
50.000000 34.749866 21.718733 12.163586 6.107113 2.758813 1.128920 0.423849 0.150455 0.054680 0.024153 0.015243 0.012848 0.012253 0.012115 0.012085 0.012079 0.012078 0.012078 0.012078 0.012078 0.012078 0.012078 0.012078 0.012078 0.012078 0.012078 0.012078 0.012078 0.012078 0.012078 0.012078 0.012078 0.012078 0.012078 0.012078 0.012078 0.012078 0.012077 0.012076 0.012073 0.012060 0.012019 0.011904 0.011609 0.010941 0.009613 0.007336 0.004022 0.000000 
50.000000 34.759245 21.736107 12.186797 6.134001 2.787719 1.158798 0.454144 0.180909 0.085190 0.054680 0.045776 0.043382 0.042787 0.042649 0.042619 0.042613 0.042612 0.042612 0.042612 0.042612 0.042612 0.042612 0.042612 0.042612 0.042612 0.042612 0.042612 0.042612 0.042612 0.042612 0.042612 0.042612 0.042612 0.042612 0.042612 0.042612 0.042612 0.042611 0.042608 0.042595 0.042552 0.042416 0.042025 0.041018 0.038716 0.034097 0.026095 0.014345 0.000000 
50.000000 34.788635 21.790562 12.259564 6.218316 2.878376 1.252521 0.549182 0.276453 0.180909 0.150455 0.141566 0.139177 0.138582 0.138445 0.138415 0.138409 0.138408 0.138408 0.138408 0.138408 0.138408 0.138408 0.138408 0.138408 0.138408 0.138408 0.138408 0.138408 0.138408 0.138408 0.138408 0.138408 0.138408 0.138408 0.138408 0.138408 0.138407 0.138405 0.138395 0.138357 0.138226 0.137810 0.136606 0.133476 0.126234 0.111519 0.085683 0.047275 0.000000 
50.000000 34.872431 21.945854 12.467130 6.458881 3.137093 1.520021 0.820458 0.549182 0.454144 0.423849 0.415007 0.412630 0.412039 0.411902 0.411872 0.411866 0.411865 0.411865 0.411865 0.411865 0.411865 0.411865 0.411865 0.411865 0.411865 0.411865 0.411865 0.411865 0.411865 0.411865 0.411865 0.411865 0.411865 0.411865 0.411865 0.411865 0.411863 0.411857 0.411830 0.411728 0.411372 0.410229 0.406891 0.398104 0.377477 0.334860 0.258683 0.143477 0.000000 
50.000000 35.088303 22.345978 13.002065 7.079002 3.804130 2.209797 1.520021 1.252521 1.158798 1.128920 1.120198 1.117854 1.117270 1.117135 1.117106 1.117100 1.117099 1.117099 1.117099 1.117099 1.117099 1.117099 1.117099 1.117099 1.117099 1.117099 1.117099 1.117099 1.117099 1.117099 1.117099 1.117099 1.117099 1.117099 1.117099 1.117098 1.117095 1.117079 1.117016 1.116773 1.115915 1.113131 1.104898 1.082894 1.030268 0.919127 0.715544 0.400025 0.000000 
50.000000 35.586824 23.270146 14.237869 8.511913 5.345723 3.804130 3.137093 2.878376 2.787719 2.758813 2.750375 2.748106 2.747541 2.747411 2.747382 2.747377 2.747376 2.747375 2.747375 2.747375 2.747375 2.747375 2.747375 2.747375 2.747375 2.747375 2.747375 2.747375 2.747375 2.747375 2.747375 2.747375 2.747375 2.747375 2.747375 2.747374 2.747367 2.747335 2.747204 2.746700 2.744900 2.738988 2.721236 2.672861 2.554362 2.296707 1.808385 1.023727 0.000000 
50.000000 36.610005 25.167210 16.775123 11.454422 8.511913 7.079002 6.458881 6.218316 6.134001 6.107113 6.099262 6.097150 6.096625 6.096503 6.096477 6.096471 6.096470 6.096470 6.096470 6.096470 6.096470 6.096470 6.096470 6.096470 6.096470 6.096470 6.096470 6.096470 6.096470 6.096470 6.096470 6.096470 6.096470 6.096470 6.096470 6.096467 6.096455 6.096400 6.096173 6.095285 6.092081 6.081403 6.048734 5.957551 5.727211 5.206404 4.170456 2.411160 0.000000 
50.000000 38.459298 28.596375 21.362267 16.775123 14.237869 13.002065 12.467130 12.259564 12.186797 12.163586 12.156806 12.154982 12.154528 12.154423 12.154400 12.154396 12.154395 12.154395 12.154395 12.154395 12.154395 12.154395 12.154395 12.154395 12.154395 12.154395 12.154395 12.154395 12.154395 12.154395 12.154395 12.154395 12.154395 12.154394 12.154394 12.154390 12.154373 12.154297 12.153973 12.152700 12.148045 12.132271 12.082937 11.941161 11.568718 10.681134 8.787977 5.276568 0.000000 
50.000000 41.375026 34.003582 28.596375 25.167210 23.270146 22.345978 21.945854 21.790562 21.736107 21.718733 21.713656 21.712290 21.711950 21.711871 21.711854 21.711851 21.711850 21.711850 21.711850 21.711850 21.711850 21.711850 21.711850 21.711850 21.711850 21.711850 21.711850 21.711850 21.711850 21.711850 21.711850 21.711850 21.711850 21.711850 21.711849 21.711845 21.711827 21.711745 21.711397 21.710012 21.704878 21.687171 21.630434 21.461761 20.996754 19.808398 17.001791 10.973572 0.000000 
50.000000 45.349651 41.375026 38.459298 36.610005 35.586824 35.088303 34.872431 34.788635 34.759245 34.749866 34.747126 34.746388 34.746204 34.746162 34.746153 34.746151 34.746150 34.746150 34.746150 34.746150 34.746150 34.746150 34.746150 34.746150 34.746150 34.746150 34.746150 34.746150 34.746150 34.746150 34.746150 34.746150 34.746150 34.746150 34.746150 34.746147 34.746135 34.746080 34.745844 34.744900 34.741360 34.728954 34.688278 34.563097 34.198845 33.182729 30.401454 22.674826 0.000000 
50.000000 50.000000 50.000000 50.000000 50.000000 50.000000 50.000000 50.000000 50.000000 50.000000 50.000000 50.000000 50.000000 50.000000 50.000000 50.000000 50.000000 50.000000 50.000000 50.000000 50.000000 50.000000 50.000000 50.000000 50.000000 50.000000 50.000000 50.000000 50.000000 50.000000 50.000000 50.000000 50.000000 50.000000 50.000000 50.000000 50.000000 50.000000 50.000000 50.000000 50.000000 50.000000 50.000000 50.000000 50.000000 50.000000 50.000000 50.000000 50.000000 50.000000 
