50.000000 50.000000 50.000000 50.000000 50.000000 50.000000 50.000000 50.000000 50.000000 50.000000 50.000000 50.000000 50.000000 50.000000 50.000000 50.000000 50.000000 50.000000 50.000000 50.000000 50.000000 50.000000 50.000000 50.000000 50.000000 50.000000 50.000000 50.000000 50.000000 50.000000 50.000000 50.000000 50.000000 50.000000 50.000000 50.000000 50.000000 50.000000 50.000000 50.000000 50.000000 50.000000 50.000000 50.000000 50.000000 50.000000 50.000000 50.000000 50.000000 50.000000 
50.000000 48.993101 48.018029 47.103597 46.273061 45.542428 44.919799 44.405738 43.994460 43.675538 43.435788 43.261014 43.137432 43.052647 42.996191 42.959693 42.936776 42.922797 42.914509 42.909731 42.907052 42.905591 42.904814 42.904412 42.904207 42.904102 42.904042 42.903992 42.903923 42.903798 42.903555 42.903079 42.902163 42.900439 42.897256 42.891499 42.881286 42.863494 42.833013 42.781548 42.695680 42.553568 42.319040 41.930208 41.275513 40.138054 38.051523 33.883694 24.496550 0.000000 
50.000000 48.018029 46.098709 44.298752 42.663936 41.225769 40.000199 38.988333 38.178784 37.551029 37.079113 36.735096 36.491844 36.324958 36.213834 36.141993 36.096887 36.069371 36.053057 36.043653 36.038380 36.035504 36.033975 36.033183 36.032781 36.032574 36.032456 36.032360 36.032230 36.031994 36.031534 36.030637 36.028913 36.025669 36.019693 36.008905 35.989814 35.956659 35.900077 35.805037 35.647557 35.389416 34.969240 34.286881 33.174702 31.342992 28.275901 23.049354 14.134335 0.000000 
50.000000 47.103597 44.298752 41.668344 39.279272 37.177582 35.386579 33.907879 32.724842 31.807474 31.117843 30.615119 30.259650 30.015777 29.853389 29.748409 29.682495 29.642287 29.618448 29.604706 29.597002 29.592799 29.590566 29.589409 29.588821 29.588520 29.588350 29.588215 29.588035 29.587712 29.587086 29.585865 29.583525 29.579131 29.571057 29.556528 29.530915 29.486642 29.411543 29.286369 29.081051 28.749031 28.218574 27.379354 26.061896 24.007773 20.834172 16.022851 9.052074 0.000000 
50.000000 46.273061 42.663936 39.279272 36.205154 33.500828 31.196283 29.293598 27.771357 26.590965 25.703612 25.056758 24.599379 24.285592 24.076653 23.941580 23.856772 23.805038 23.774367 23.756687 23.746774 23.741366 23.738494 23.737006 23.736250 23.735865 23.735650 23.735484 23.735270 23.734892 23.734161 23.732741 23.730025 23.724942 23.715631 23.698944 23.669670 23.619376 23.534698 23.394883 23.168294 22.807541 22.242844 21.373387 20.057187 18.102577 15.271499 11.320944 6.135008 0.000000 
50.000000 45.542428 41.225769 37.177582 33.500828 30.266370 27.510073 25.234423 23.413802 22.002047 20.940775 20.167145 19.620130 19.244852 18.994971 18.833431 18.732007 18.670138 18.633458 18.612315 18.600461 18.593994 18.590559 18.588780 18.587877 18.587419 18.587168 18.586981 18.586750 18.586349 18.585578 18.584086 18.581243 18.575938 18.566262 18.549001 18.518892 18.467516 18.381739 18.241565 18.017291 17.665925 17.126980 16.318251 15.133185 13.443641 11.115686 8.051067 4.266915 0.000000 
50.000000 44.919799 40.000199 35.386579 31.196283 27.510073 24.368823 21.775363 19.700493 18.091598 16.882138 16.000492 15.377108 14.949440 14.664679 14.480593 14.365014 14.294512 14.252714 14.228621 14.215114 14.207745 14.203831 14.201804 14.200777 14.200259 14.199978 14.199780 14.199546 14.199152 14.198400 14.196950 14.194197 14.189080 14.179787 14.163298 14.134709 14.086283 14.006138 13.876546 13.671850 13.356133 12.881016 12.184412 11.191822 9.822895 8.007225 5.713318 2.989591 0.000000 
50.000000 44.405738 38.988333 33.907879 29.293598 25.234423 21.775363 18.919530 16.634767 14.863130 13.531343 12.560535 11.874113 11.403205 11.089656 10.886962 10.759701 10.682075 10.636054 10.609527 10.594656 10.586543 10.582234 10.580004 10.578874 10.578307 10.578005 10.577802 10.577579 10.577213 10.576524 10.575203 10.572704 10.568079 10.559718 10.544961 10.519539 10.476797 10.406679 10.294473 10.119413 9.853326 9.459765 8.894347 8.107443 7.050754 5.689305 4.019093 2.086698 0.000000 
50.000000 43.994460 38.178784 32.724842 27.771357 23.413802 19.700493 16.634767 14.182098 12.280279 10.850643 9.808517 9.071677 8.566186 8.229614 8.012039 7.875438 7.792114 7.742717 7.714245 7.698282 7.689575 7.684950 7.682557 7.681347 7.680741 7.680425 7.680224 7.680018 7.679696 7.679099 7.677960 7.675815 7.671862 7.664751 7.652270 7.630905 7.595246 7.537246 7.445350 7.303619 7.091049 6.781441 6.344359 5.747877 4.963816 3.975811 2.789368 1.440892 0.000000 
50.000000 43.675538 37.551029 31.807474 26.590965 22.002047 18.091598 14.863130 12.280279 10.277531 8.772036 7.674623 6.898700 6.366401 6.011984 5.782876 5.639036 5.551298 5.499285 5.469305 5.452497 5.443329 5.438461 5.435942 5.434669 5.434034 5.433709 5.433512 5.433329 5.433057 5.432564 5.431630 5.429879 5.426667 5.420916 5.410877 5.393798 5.365496 5.319833 5.248153 5.138766 4.976661 4.743717 4.419747 3.984755 3.422671 2.726423 1.903472 0.979858 0.000000 
50.000000 43.435788 37.079113 31.117843 25.703612 20.940775 16.882138 13.531343 10.850643 8.772036 7.209528 6.070566 5.265272 4.712830 4.345005 4.107232 3.957953 3.866899 3.812921 3.781808 3.764366 3.754852 3.749800 3.747187 3.745867 3.745212 3.744881 3.744692 3.744531 3.744310 3.743920 3.743188 3.741823 3.739330 3.734888 3.727174 3.714128 3.692656 3.658275 3.604764 3.523883 3.405293 3.236870 3.005592 2.699210 2.308729 1.831474 1.274076 0.654239 0.000000 
50.000000 43.261014 36.735096 30.615119 25.056758 20.167145 16.000492 12.560535 9.808517 7.674623 6.070566 4.901325 4.074629 3.507510 3.129916 2.885831 2.732591 2.639121 2.583711 2.551774 2.533870 2.524104 2.518919 2.516237 2.514884 2.514213 2.513880 2.513698 2.513559 2.513384 2.513087 2.512537 2.511517 2.509663 2.506374 2.500692 2.491138 2.475510 2.450663 2.412291 2.354790 2.271271 2.153856 1.994354 1.785406 1.522060 1.203576 0.835018 0.428001 0.000000 
50.000000 43.137432 36.491844 30.259650 24.599379 19.620130 15.377108 11.874113 9.071677 6.898700 5.265272 4.074629 3.232807 2.655315 2.270818 2.022272 1.866233 1.771057 1.714636 1.682117 1.663887 1.653943 1.648663 1.645933 1.644556 1.643876 1.643541 1.643365 1.643245 1.643109 1.642891 1.642494 1.641762 1.640436 1.638097 1.634074 1.627345 1.616404 1.599119 1.572616 1.533204 1.476431 1.397316 1.290825 1.152614 0.980003 0.773008 0.535186 0.273938 0.000000 
50.000000 43.052647 36.324958 30.015777 24.285592 19.244852 14.949440 11.403205 8.566186 6.366401 4.712830 3.507510 2.655315 2.070712 1.681481 1.429877 1.271919 1.175574 1.118460 1.085541 1.067088 1.057022 1.051678 1.048914 1.047521 1.046835 1.046500 1.046330 1.046224 1.046120 1.045964 1.045687 1.045181 1.044269 1.042666 1.039922 1.035356 1.027971 1.016373 0.998702 0.972603 0.935281 0.883666 0.814732 0.725960 0.615921 0.484862 0.335144 0.171361 0.000000 
50.000000 42.996191 36.213834 29.853389 24.076653 18.994971 14.664679 11.089656 8.229614 6.011984 4.345005 3.129916 2.270818 1.681481 1.289101 1.035462 0.876228 0.779105 0.721530 0.688346 0.669744 0.659597 0.654210 0.651425 0.650021 0.649330 0.648995 0.648830 0.648735 0.648655 0.648546 0.648359 0.648021 0.647416 0.646356 0.644551 0.641559 0.636744 0.629224 0.617831 0.601107 0.577343 0.544695 0.501382 0.445970 0.377709 0.296861 0.204928 0.104692 0.000000 
50.000000 42.959693 36.141993 29.748409 23.941580 18.833431 14.480593 10.886962 8.012039 5.782876 4.107232 2.885831 2.022272 1.429877 1.035463 0.780510 0.620452 0.522826 0.464953 0.431598 0.412900 0.402701 0.397286 0.394487 0.393076 0.392383 0.392048 0.391886 0.391800 0.391737 0.391661 0.391539 0.391321 0.390932 0.390255 0.389107 0.387212 0.384176 0.379457 0.372344 0.361960 0.347288 0.327244 0.300806 0.267169 0.225949 0.177352 0.122300 0.062437 0.000000 
50.000000 42.936776 36.096887 29.682496 23.856772 18.732007 14.365014 10.759702 7.875438 5.639037 3.957954 2.732591 1.866233 1.271920 0.876229 0.620452 0.459876 0.361935 0.303876 0.270414 0.251655 0.241424 0.235992 0.233183 0.231769 0.231073 0.230739 0.230579 0.230499 0.230448 0.230395 0.230317 0.230180 0.229939 0.229521 0.228814 0.227652 0.225798 0.222929 0.218624 0.212370 0.203576 0.191624 0.175935 0.156069 0.131830 0.103365 0.071218 0.036338 0.000000 
50.000000 42.922797 36.069371 29.642287 23.805039 18.670139 14.294513 10.682076 7.792116 5.551300 3.866901 2.639123 1.771059 1.175576 0.779107 0.522827 0.361936 0.263804 0.205631 0.172103 0.153308 0.143056 0.137614 0.134800 0.133383 0.132687 0.132352 0.132194 0.132118 0.132074 0.132037 0.131987 0.131904 0.131759 0.131509 0.131087 0.130396 0.129299 0.127607 0.125079 0.121422 0.116302 0.109373 0.100317 0.088897 0.075015 0.058764 0.040459 0.020634 0.000000 
50.000000 42.914509 36.053058 29.618450 23.774369 18.633460 14.252717 10.636057 7.742720 5.499288 3.812924 2.583715 1.714640 1.118464 0.721534 0.464957 0.303880 0.205633 0.147393 0.113826 0.095010 0.084746 0.079297 0.076480 0.075062 0.074365 0.074031 0.073874 0.073800 0.073761 0.073734 0.073703 0.073653 0.073568 0.073423 0.073179 0.072781 0.072150 0.071181 0.069740 0.067662 0.064764 0.060857 0.055770 0.049377 0.041630 0.032587 0.022422 0.011431 0.000000 
50.000000 42.909732 36.043656 29.604711 23.756692 18.612321 14.228628 10.609535 7.714253 5.469314 3.781817 2.551784 1.682126 1.085551 0.688356 0.431608 0.270423 0.172111 0.113832 0.080243 0.061414 0.051144 0.045691 0.042872 0.041453 0.040756 0.040422 0.040266 0.040193 0.040158 0.040136 0.040116 0.040087 0.040038 0.039956 0.039819 0.039596 0.039244 0.038706 0.037906 0.036758 0.035163 0.033019 0.030236 0.026749 0.022536 0.017629 0.012124 0.006179 0.000000 
50.000000 42.907056 36.038387 29.597012 23.746787 18.600476 14.215131 10.594674 7.698302 5.452519 3.764388 2.533893 1.663909 1.067111 0.669767 0.412923 0.251678 0.153329 0.095029 0.061427 0.042591 0.032317 0.026863 0.024043 0.022623 0.021926 0.021592 0.021436 0.021364 0.021331 0.021313 0.021299 0.021282 0.021255 0.021210 0.021135 0.021014 0.020823 0.020531 0.020100 0.019482 0.018627 0.017480 0.015997 0.014142 0.011907 0.009309 0.006400 0.003261 0.000000 
50.000000 42.905599 36.035520 29.592822 23.741396 18.594029 14.207785 10.586587 7.689622 5.443379 3.754904 2.524157 1.653996 1.057076 0.659652 0.402755 0.241478 0.143109 0.084797 0.051189 0.032349 0.022073 0.016617 0.013797 0.012377 0.011680 0.011346 0.011190 0.011119 0.011086 0.011070 0.011060 0.011050 0.011035 0.011011 0.010971 0.010906 0.010805 0.010651 0.010424 0.010100 0.009651 0.009053 0.008279 0.007316 0.006156 0.004810 0.003306 0.001684 0.000000 
50.000000 42.904833 36.034012 29.590619 23.738562 18.590641 14.203924 10.582336 7.685059 5.438575 3.749918 2.519039 1.648785 1.051802 0.654335 0.397411 0.236116 0.137737 0.079419 0.045807 0.026965 0.016688 0.011232 0.008411 0.006991 0.006294 0.005960 0.005804 0.005733 0.005701 0.005686 0.005678 0.005672 0.005663 0.005650 0.005629 0.005596 0.005543 0.005463 0.005344 0.005176 0.004944 0.004635 0.004237 0.003742 0.003147 0.002458 0.001689 0.000860 0.000000 
50.000000 42.904454 36.033266 29.589529 23.737160 18.588963 14.202013 10.580232 7.682801 5.436197 3.747451 2.516507 1.646207 1.049191 0.651703 0.394766 0.233463 0.135079 0.076757 0.043144 0.024301 0.014023 0.008567 0.005746 0.004326 0.003628 0.003295 0.003139 0.003068 0.003036 0.003022 0.003015 0.003010 0.003005 0.002998 0.002987 0.002968 0.002940 0.002897 0.002833 0.002743 0.002619 0.002454 0.002242 0.001979 0.001664 0.001299 0.000892 0.000454 0.000000 
50.000000 42.904299 36.032962 29.589084 23.736588 18.588279 14.201233 10.579373 7.681880 5.435227 3.746444 2.515474 1.645155 1.048127 0.650630 0.393687 0.232381 0.133995 0.075672 0.042058 0.023214 0.012936 0.007480 0.004659 0.003238 0.002541 0.002208 0.002052 0.001981 0.001950 0.001936 0.001929 0.001925 0.001921 0.001917 0.001909 0.001897 0.001879 0.001851 0.001810 0.001752 0.001672 0.001566 0.001430 0.001262 0.001060 0.000828 0.000568 0.000289 0.000000 
50.000000 42.904299 36.032962 29.589084 23.736588 18.588279 14.201233 10.579373 7.681880 5.435227 3.746444 2.515474 1.645155 1.048127 0.650630 0.393687 0.232381 0.133995 0.075672 0.042058 0.023214 0.012936 0.007480 0.004659 0.003238 0.002541 0.002208 0.002052 0.001981 0.001950 0.001936 0.001929 0.001925 0.001921 0.001917 0.001909 0.001897 0.001879 0.001851 0.001810 0.001752 0.001672 0.001566 0.001430 0.001262 0.001060 0.000828 0.000568 0.000289 0.000000 
50.000000 42.904454 36.033266 29.589529 23.737160 18.588963 14.202013 10.580232 7.682801 5.436197 3.747451 2.516507 1.646207 1.049191 0.651703 0.394766 0.233463 0.135079 0.076757 0.043144 0.024301 0.014023 0.008567 0.005746 0.004326 0.003628 0.003295 0.003139 0.003068 0.003036 0.003022 0.003015 0.003010 0.003005 0.002998 0.002987 0.002968 0.002940 0.002897 0.002833 0.002743 0.002619 0.002454 0.002242 0.001979 0.001664 0.001299 0.000892 0.000454 0.000000 
50.000000 42.904833 36.034012 29.590619 23.738562 18.590641 14.203924 10.582336 7.685059 5.438575 3.749918 2.519039 1.648785 1.051802 0.654335 0.397411 0.236116 0.137737 0.079419 0.045807 0.026965 0.016688 0.011232 0.008411 0.006991 0.006294 0.005960 0.005804 0.005733 0.005701 0.005686 0.005678 0.005672 0.005663 0.005650 0.005629 0.005596 0.005543 0.005463 0.005344 0.005176 0.004944 0.004635 0.004237 0.003742 0.003147 0.002458 0.001689 0.000860 0.000000 
50.000000 42.905599 36.035520 29.592822 23.741396 18.594029 14.207785 10.586587 7.689622 5.443379 3.754904 2.524157 1.653996 1.057076 0.659652 0.402755 0.241478 0.143109 0.084797 0.051189 0.032349 0.022073 0.016617 0.013797 0.012377 0.011680 0.011346 0.011190 0.011119 0.011086 0.011070 0.011060 0.011050 0.011035 0.011011 0.010971 0.010906 0.010805 0.010651 0.010424 0.010100 0.009651 0.009053 0.008279 0.007316 0.006156 0.004810 0.003306 0.001684 0.000000 
50.000000 42.907056 36.038387 29.597012 23.746787 18.600476 14.215131 10.594674 7.698302 5.452519 3.764388 2.533893 1.663909 1.067111 0.669767 0.412923 0.251678 0.153329 0.095029 0.061427 0.042591 0.032317 0.026863 0.024043 0.022623 0.021926 0.021592 0.021436 0.021364 0.021331 0.021313 0.021299 0.021282 0.021255 0.021210 0.021135 0.021014 0.020823 0.020531 0.020100 0.019482 0.018627 0.017480 0.015997 0.014142 0.011907 0.009309 0.006400 0.003261 0.000000 
50.000000 42.909732 36.043656 29.604711 23.756692 18.612321 14.228628 10.609535 7.714253 5.469314 3.781817 2.551784 1.682126 1.085551 0.688356 0.431608 0.270423 0.172111 0.113832 0.080243 0.061414 0.051144 0.045691 0.042872 0.041453 0.040756 0.040422 0.040266 0.040193 0.040158 0.040136 0.040116 0.040087 0.040038 0.039956 0.039819 0.039596 0.039244 0.038706 0.037906 0.036758 0.035163 0.033019 0.030236 0.026749 0.022536 0.017629 0.012124 0.006179 0.000000 
50.000000 42.914509 36.053058 29.618450 23.774369 18.633460 14.252717 10.636057 7.742720 5.499288 3.812924 2.583715 1.714640 1.118464 0.721534 0.464957 0.303880 0.205633 0.147393 0.113826 0.095010 0.084746 0.079297 0.076480 0.075062 0.074365 0.074031 0.073874 0.073800 0.073761 0.073734 0.073703 0.073653 0.073568 0.073423 0.073179 0.072781 0.072150 0.071181 0.069740 0.067662 0.064764 0.060857 0.055770 0.049377 0.041630 0.032587 0.022422 0.011431 0.000000 
50.000000 42.922797 36.069371 29.642287 23.805039 18.670139 14.294513 10.682076 7.792116 5.551300 3.866901 2.639123 1.771059 1.175576 0.779107 0.522827 0.361936 0.263804 0.205631 0.172103 0.153308 0.143056 0.137614 0.134800 0.133383 0.132687 0.132352 0.132194 0.132118 0.132074 0.132037 0.131987 0.131904 0.131759 0.131509 0.131087 0.130396 0.129299 0.127607 0.125079 0.121422 0.116302 0.109373 0.100317 0.088897 0.075015 0.058764 0.040459 0.020634 0.000000 
50.000000 42.936776 36.096887 29.682496 23.856772 18.732007 14.365014 10.759702 7.875438 5.639037 3.957954 2.732591 1.866233 1.271920 0.876229 0.620452 0.459876 0.361935 0.303876 0.270414 0.251655 0.241424 0.235992 0.233183 0.231769 0.231073 0.230739 0.230579 0.230499 0.230448 0.230395 0.230317 0.230180 0.229939 0.229521 0.228814 0.227652 0.225798 0.222929 0.218624 0.212370 0.203576 0.191624 0.175935 0.156069 0.131830 0.103365 0.071218 0.036338 0.000000 
50.000000 42.959693 36.141993 29.748409 23.941580 18.833431 14.480593 10.886962 8.012039 5.782876 4.107232 2.885831 2.022272 1.429877 1.035463 0.780510 0.620452 0.522826 0.464953 0.431598 0.412900 0.402701 0.397286 0.394487 0.393076 0.392383 0.392048 0.391886 0.391800 0.391737 0.391661 0.391539 0.391321 0.390932 0.390255 0.389107 0.387212 0.384176 0.379457 0.372344 0.361960 0.347288 0.327244 0.300806 0.267169 0.225949 0.177352 0.122300 0.062437 0.000000 
50.000000 42.996191 36.213834 29.853389 24.076653 18.994971 14.664679 11.089656 8.229614 6.011984 4.345005 3.129916 2.270818 1.681481 1.289101 1.035462 0.876228 0.779105 0.721530 0.688346 0.669744 0.659597 0.654210 0.651425 0.650021 0.649330 0.648995 0.648830 0.648735 0.648655 0.648546 0.648359 0.648021 0.647416 0.646356 0.644551 0.641559 0.636744 0.629224 0.617831 0.601107 0.577343 0.544695 0.501382 0.445970 0.377709 0.296861 0.204928 0.104692 0.000000 
50.000000 43.052647 36.324958 30.015777 24.285592 19.244852 14.949440 11.403205 8.566186 6.366401 4.712830 3.507510 2.655315 2.070712 1.681481 1.429877 1.271919 1.175574 1.118460 1.085541 1.067088 1.057022 1.051678 1.048914 1.047521 1.046835 1.046500 1.046330 1.046224 1.046120 1.045964 1.045687 1.045181 1.044269 1.042666 1.039922 1.035356 1.027971 1.016373 0.998702 0.972603 0.935281 0.883666 0.814732 0.725960 0.615921 0.484862 0.335144 0.171361 0.000000 
50.000000 43.137432 36.491844 30.259650 24.599379 19.620130 15.377108 11.874113 9.071677 6.898700 5.265272 4.074629 3.232807 2.655315 2.270818 2.022272 1.866233 1.771057 1.714636 1.682117 1.663887 1.653943 1.648663 1.645933 1.644556 1.643876 1.643541 1.643365 1.643245 1.643109 1.642891 1.642494 1.641762 1.640436 1.638097 1.634074 1.627345 1.616404 1.599119 1.572616 1.533204 1.476431 1.397316 1.290825 1.152614 0.980003 0.773008 0.535186 0.273938 0.000000 
50.000000 43.261014 36.735096 30.615119 25.056758 20.167145 16.000492 12.560535 9.808517 7.674623 6.070566 4.901325 4.074629 3.507510 3.129916 2.885831 2.732591 2.639121 2.583711 2.551774 2.533870 2.524104 2.518919 2.516237 2.514884 2.514213 2.513880 2.513698 2.513559 2.513384 2.513087 2.512537 2.511517 2.509663 2.506374 2.500692 2.491138 2.475510 2.450663 2.412291 2.354790 2.271271 2.153856 1.994354 1.785406 1.522060 1.203576 0.835018 0.428001 0.000000 
50.000000 43.435788 37.079113 31.117843 25.703612 20.940775 16.882138 13.531343 10.850643 8.772036 7.209528 6.070566 5.265272 4.712830 4.345005 4.107232 3.957953 3.866899 3.812921 3.781808 3.764366 3.754852 3.749800 3.747187 3.745867 3.745212 3.744881 3.744692 3.744531 3.744310 3.743920 3.743188 3.741823 3.739330 3.734888 3.727174 3.714128 3.692656 3.658275 3.604764 3.523883 3.405293 3.236870 3.005592 2.699210 2.308729 1.831474 1.274076 0.654239 0.000000 
50.000000 43.675538 37.551029 31.807474 26.590965 22.002047 18.091598 14.863130 12.280279 10.277531 8.772036 7.674623 6.898700 6.366401 6.011984 5.782876 5.639036 5.551298 5.499285 5.469305 5.452497 5.443329 5.438461 5.435942 5.434669 5.434034 5.433709 5.433512 5.433329 5.433057 5.432564 5.431630 5.429879 5.426667 5.420916 5.410877 5.393798 5.365496 5.319833 5.248153 5.138766 4.976661 4.743717 4.419747 3.984755 3.422671 2.726423 1.903472 0.979858 0.000000 
50.000000 43.994460 38.178784 32.724842 27.771357 23.413802 19.700493 16.634767 14.182098 12.280279 10.850643 9.808517 9.071677 8.566186 8.229614 8.012039 7.875438 7.792114 7.742717 7.714245 7.698282 7.689575 7.684950 7.682557 7.681347 7.680741 7.680425 7.680224 7.680018 7.679696 7.679099 7.677960 7.675815 7.671862 7.664751 7.652270 7.630905 7.595246 7.537246 7.445350 7.303619 7.091049 6.781441 6.344359 5.747877 4.963816 3.975811 2.789368 1.440892 0.000000 
50.000000 44.405738 38.988333 33.907879 29.293598 25.234423 21.775363 18.919530 16.634767 14.863130 13.531343 12.560535 11.874113 11.403205 11.089656 10.886962 10.759701 10.682075 10.636054 10.609527 10.594656 10.586543 10.582234 10.580004 10.578874 10.578307 10.578005 10.577802 10.577579 10.577213 10.576524 10.575203 10.572704 10.568079 10.559718 10.544961 10.519539 10.476797 10.406679 10.294473 10.119413 9.853326 9.459765 8.894347 8.107443 7.050754 5.689305 4.019093 2.086698 0.000000 
50.000000 44.919799 40.000199 35.386579 31.196283 27.510073 24.368823 21.775363 19.700493 18.091598 16.882138 16.000492 15.377108 14.949440 14.664679 14.480593 14.365014 14.294512 14.252714 14.228621 14.215114 14.207745 14.203831 14.201804 14.200777 14.200259 14.199978 14.199780 14.199546 14.199152 14.198400 14.196950 14.194197 14.189080 14.179787 14.163298 14.134709 14.086283 14.006138 13.876546 13.671850 13.356133 12.881016 12.184412 11.191822 9.822895 8.007225 5.713318 2.989591 0.000000 
50.000000 45.542428 41.225769 37.177582 33.500828 30.266370 27.510073 25.234423 23.413802 22.002047 20.940775 20.167145 19.620130 19.244852 18.994971 18.833431 18.732007 18.670138 18.633458 18.612315 18.600461 18.593994 18.590559 18.588780 18.587877 18.587419 18.587168 18.586981 18.586750 18.586349 18.585578 18.584086 18.581243 18.575938 18.566262 18.549001 18.518892 18.467516 18.381739 18.241565 18.017291 17.665925 17.126980 16.318251 15.133185 13.443641 11.115686 8.051067 4.266915 0.000000 
50.000000 46.273061 42.663936 39.279272 36.205154 33.500828 31.196283 29.293598 27.771357 26.590965 25.703612 25.056758 24.599379 24.285592 24.076653 23.941580 23.856772 23.805038 23.774367 23.756687 23.746774 23.741366 23.738494 23.737006 23.736250 23.735865 23.735650 23.735484 23.735270 23.734892 23.734161 23.732741 23.730025 23.724942 23.715631 23.698944 23.669670 23.619376 23.534698 23.394883 23.168294 22.807541 22.242844 21.373387 20.057187 18.102577 15.271499 11.320944 6.135008 0.000000 
50.000000 47.103597 44.298752 41.668344 39.279272 37.177582 35.386579 33.907879 32.724842 31.807474 31.117843 30.615119 30.259650 30.015777 29.853389 29.748409 29.682495 29.642287 29.618448 29.604706 29.597002 29.592799 29.590566 29.589409 29.588821 29.588520 29.588350 29.588215 29.588035 29.587712 29.587086 29.585865 29.583525 29.579131 29.571057 29.556528 29.530915 29.486642 29.411543 29.286369 29.081051 28.749031 28.218574 27.379354 26.061896 24.007773 20.834172 16.022851 9.052074 0.000000 
50.000000 48.018029 46.098709 44.298752 42.663936 41.225769 40.000199 38.988333 38.178784 37.551029 37.079113 36.735096 36.491844 36.324958 36.213834 36.141993 36.096887 36.069371 36.053057 36.043653 36.038380 36.035504 36.033975 36.033183 36.032781 36.032574 36.032456 36.032360 36.032230 36.031994 36.031534 36.030637 36.028913 36.025669 36.019693 36.008905 35.989814 35.956659 35.900077 35.805037 35.647557 35.389416 34.969240 34.286881 33.174702 31.342992 28.275901 23.049354 14.134335 0.000000 
50.000000 48.993101 48.018029 47.103597 46.273061 45.542428 44.919799 44.405738 43.994460 43.675538 43.435788 43.261014 43.137432 43.052647 42.996191 42.959693 42.936776 42.922797 42.914509 42.909731 42.907052 42.905591 42.904814 42.904412 42.904207 42.904102 42.904042 42.903992 42.903923 42.903798 42.903555 42.903079 42.902163 42.900439 42.897256 42.891499 42.881286 42.863494 42.833013 42.781548 42.695680 42.553568 42.319040 41.930208 41.275513 40.138054 38.051523 33.883694 24.496550 0.000000 
50.000000 50.000000 50.000000 50.000000 50.000000 50.000000 50.000000 50.000000 50.000000 50.000000 50.000000 50.000000 50.000000 50.000000 50.000000 50.000000 50.000000 50.000000 50.000000 50.000000 50.000000 50.000000 50.000000 50.000000 50.000000 50.000000 50.000000 50.000000 50.000000 50.000000 50.000000 50.000000 50.000000 50.000000 50.000000 50.000000 50.000000 50.000000 50.000000 50.000000 50.000000 50.000000 50.000000 50.000000 50.000000 50.000000 50.000000 50.000000 50.000000 50.000000 
