50.000000 50.000000 50.000000 50.000000 50.000000 50.000000 50.000000 50.000000 50.000000 50.000000 50.000000 50.000000 50.000000 50.000000 50.000000 50.000000 50.000000 50.000000 50.000000 50.000000 50.000000 50.000000 50.000000 50.000000 50.000000 50.000000 50.000000 50.000000 50.000000 50.000000 50.000000 50.000000 50.000000 50.000000 50.000000 50.000000 50.000000 50.000000 50.000000 50.000000 50.000000 50.000000 50.000000 50.000000 50.000000 50.000000 50.000000 50.000000 50.000000 50.000000 
50.000000 48.528677 47.125287 45.848362 44.739807 43.821288 43.094632 42.545484 42.148833 41.874826 41.693676 41.578978 41.509372 41.468854 41.446211 41.434054 41.427778 41.424660 41.423167 41.422479 41.422172 41.422041 41.421986 41.421964 41.421955 41.421952 41.421950 41.421949 41.421946 41.421938 41.421917 41.421867 41.421747 41.421468 41.420840 41.419465 41.416544 41.410511 41.398390 41.374658 41.329278 41.244245 41.087357 40.800345 40.274290 39.293309 37.389934 33.428298 24.264339 0.000000 
50.000000 47.125287 44.383304 41.888420 39.722505 37.927894 36.508154 35.435237 34.660269 34.124926 33.771006 33.546918 33.410929 33.331769 33.287534 33.263783 33.251522 33.245430 33.242514 33.241169 33.240570 33.240313 33.240206 33.240163 33.240147 33.240140 33.240137 33.240134 33.240128 33.240113 33.240076 33.239983 33.239763 33.239251 33.238101 33.235588 33.230261 33.219295 33.197353 33.154619 33.073484 32.922947 32.649109 32.158623 31.288823 29.751904 27.029823 22.191652 13.696988 0.000000 
50.000000 45.848362 41.888420 38.285346 35.157380 32.565660 30.515333 28.965888 27.846735 27.073641 26.562549 26.238950 26.042576 25.928268 25.864392 25.830097 25.812392 25.803596 25.799386 25.797444 25.796580 25.796208 25.796054 25.795992 25.795968 25.795958 25.795954 25.795950 25.795942 25.795923 25.795874 25.795753 25.795466 25.794801 25.793308 25.790059 25.783200 25.769147 25.741198 25.687193 25.585708 25.399979 25.068404 24.489873 23.501636 21.847836 19.142673 14.858596 8.458428 0.000000 
50.000000 44.739807 39.722505 35.157380 31.194245 27.910563 25.312846 23.349758 21.931855 20.952404 20.304901 19.894941 19.646164 19.501356 19.420438 19.376995 19.354568 19.343425 19.338093 19.335633 19.334539 19.334068 19.333873 19.333794 19.333764 19.333752 19.333747 19.333742 19.333734 19.333712 19.333658 19.333525 19.333210 19.332483 19.330856 19.327330 19.319922 19.304837 19.275058 19.218058 19.112222 18.921512 18.587877 18.021161 17.087148 15.597123 13.309544 9.970601 5.446498 0.000000 
50.000000 43.821288 37.927894 32.565660 27.910563 24.053587 21.002374 18.696612 17.031230 15.880847 15.120358 14.638873 14.346700 14.176635 14.081607 14.030590 14.004254 13.991169 13.984908 13.982020 13.980734 13.980182 13.979953 13.979861 13.979825 13.979811 13.979805 13.979800 13.979791 13.979770 13.979717 13.979588 13.979281 13.978574 13.977001 13.973606 13.966513 13.952167 13.924080 13.870864 13.773291 13.600224 13.303414 12.811761 12.026793 10.823415 9.064025 6.639071 3.546998 0.000000 
50.000000 43.094632 36.508154 30.515333 25.312846 21.002374 17.592447 15.015649 13.154536 11.868976 11.019142 10.481103 10.154619 9.964589 9.858408 9.801405 9.771979 9.757360 9.750365 9.747138 9.745703 9.745086 9.744829 9.744726 9.744686 9.744671 9.744665 9.744660 9.744652 9.744633 9.744586 9.744470 9.744198 9.743573 9.742187 9.739211 9.733031 9.720621 9.696530 9.651351 9.569541 9.426613 9.185975 8.796224 8.190612 7.291685 6.025461 4.349531 2.294287 0.000000 
50.000000 42.545484 35.435237 28.965888 23.349758 18.696612 15.015649 12.234076 10.225095 8.837422 7.920104 7.339354 6.986961 6.781857 6.667255 6.605734 6.573976 6.558200 6.550651 6.547169 6.545619 6.544954 6.544677 6.544566 6.544523 6.544506 6.544500 6.544495 6.544489 6.544473 6.544434 6.544339 6.544115 6.543604 6.542476 6.540067 6.535094 6.525178 6.506090 6.470649 6.407225 6.297964 6.117038 5.829675 5.393199 4.761881 3.897483 2.786129 1.458127 0.000000 
50.000000 42.148833 34.660269 27.846735 21.931855 17.031230 13.154536 10.225095 8.109351 6.647958 5.681925 5.070347 4.699257 4.483275 4.362599 4.297818 4.264379 4.247768 4.239820 4.236154 4.234522 4.233821 4.233530 4.233414 4.233368 4.233351 4.233344 4.233340 4.233335 4.233322 4.233292 4.233219 4.233048 4.232659 4.231802 4.229983 4.226251 4.218859 4.204746 4.178787 4.132837 4.054676 3.927132 3.727924 3.431005 3.010343 2.446756 1.737322 0.904588 0.000000 
50.000000 41.874826 34.124926 27.073641 20.952404 15.880847 11.868976 8.837422 6.647958 5.135666 4.136006 3.503149 3.119156 2.895668 2.770802 2.703773 2.669174 2.651987 2.643764 2.639971 2.638283 2.637558 2.637257 2.637136 2.637089 2.637071 2.637064 2.637061 2.637057 2.637048 2.637026 2.636973 2.636850 2.636572 2.635962 2.634672 2.632041 2.626866 2.617058 2.599175 2.567833 2.515121 2.430197 2.299435 2.107556 1.840182 1.487934 1.051442 0.545548 0.000000 
50.000000 41.693676 33.771006 26.562549 20.304901 15.120358 11.019142 7.920104 5.681925 4.136006 3.114129 2.467219 2.074704 1.846261 1.718628 1.650115 1.614751 1.597185 1.588780 1.584903 1.583178 1.582437 1.582129 1.582006 1.581958 1.581940 1.581933 1.581930 1.581927 1.581920 1.581905 1.581870 1.581786 1.581598 1.581188 1.580325 1.578575 1.575153 1.568714 1.557065 1.536831 1.503138 1.449455 1.367790 1.249494 1.086843 0.875355 0.616387 0.319018 0.000000 
50.000000 41.578978 33.546918 26.238950 19.894941 14.638873 10.481103 7.339354 5.070347 3.503149 2.467219 1.811419 1.413515 1.181938 1.052556 0.983106 0.947259 0.929452 0.920932 0.917003 0.915255 0.914504 0.914192 0.914067 0.914018 0.914000 0.913993 0.913990 0.913988 0.913983 0.913974 0.913951 0.913897 0.913777 0.913516 0.912969 0.911866 0.909720 0.905709 0.898505 0.886091 0.865601 0.833264 0.784573 0.714793 0.619883 0.497752 0.349565 0.180588 0.000000 
50.000000 41.509372 33.410929 26.042576 19.646164 14.346700 10.154619 6.986961 4.699257 3.119156 2.074704 1.413515 1.012344 0.778869 0.648428 0.578410 0.542270 0.524318 0.515729 0.511768 0.510005 0.509248 0.508934 0.508808 0.508759 0.508740 0.508733 0.508730 0.508729 0.508726 0.508720 0.508706 0.508673 0.508600 0.508443 0.508113 0.507452 0.506172 0.503794 0.499551 0.492290 0.480398 0.461784 0.433998 0.394533 0.341327 0.273429 0.191633 0.098861 0.000000 
50.000000 41.468854 33.331769 25.928268 19.501356 14.176635 9.964589 6.781857 4.483275 2.895668 1.846261 1.181938 0.778869 0.544291 0.413234 0.342886 0.306576 0.288540 0.279911 0.275931 0.274160 0.273399 0.273083 0.272957 0.272907 0.272889 0.272882 0.272879 0.272878 0.272876 0.272873 0.272865 0.272846 0.272804 0.272713 0.272524 0.272145 0.271418 0.270073 0.267686 0.263627 0.257024 0.246763 0.231558 0.210122 0.181434 0.145068 0.101508 0.052310 0.000000 
50.000000 41.446211 33.287534 25.864392 19.420438 14.081607 9.858408 6.667255 4.362599 2.770802 1.718628 1.052556 0.648428 0.413234 0.281834 0.211302 0.174897 0.156814 0.148162 0.144172 0.142397 0.141634 0.141318 0.141190 0.141141 0.141122 0.141116 0.141113 0.141112 0.141111 0.141109 0.141104 0.141094 0.141071 0.141021 0.140917 0.140710 0.140315 0.139587 0.138302 0.136130 0.132616 0.127188 0.119197 0.108001 0.093108 0.074332 0.051946 0.026746 0.000000 
50.000000 41.434054 33.263783 25.830097 19.376995 14.030590 9.801405 6.605734 4.297818 2.703773 1.650115 0.983106 0.578410 0.342886 0.211302 0.140671 0.104216 0.086108 0.077444 0.073448 0.071671 0.070907 0.070590 0.070462 0.070413 0.070394 0.070388 0.070385 0.070384 0.070383 0.070382 0.070380 0.070374 0.070362 0.070336 0.070281 0.070173 0.069967 0.069590 0.068927 0.067811 0.066016 0.063258 0.059218 0.053590 0.046139 0.036789 0.025683 0.013215 0.000000 
50.000000 41.427778 33.251522 25.812392 19.354568 14.004254 9.771979 6.573976 4.264379 2.669174 1.614751 0.947259 0.542270 0.306576 0.174897 0.104216 0.067734 0.049613 0.040943 0.036945 0.035166 0.034401 0.034084 0.033957 0.033907 0.033889 0.033882 0.033879 0.033879 0.033878 0.033877 0.033876 0.033873 0.033867 0.033854 0.033827 0.033772 0.033670 0.033482 0.033153 0.032603 0.031721 0.030372 0.028406 0.025679 0.022085 0.017591 0.012270 0.006310 0.000000 
50.000000 41.424660 33.245430 25.803596 19.343425 13.991169 9.757360 6.558200 4.247768 2.651987 1.597185 0.929452 0.524318 0.288540 0.156814 0.086108 0.049613 0.031485 0.022812 0.018813 0.017033 0.016268 0.015951 0.015824 0.015774 0.015755 0.015749 0.015746 0.015745 0.015745 0.015745 0.015744 0.015743 0.015740 0.015733 0.015720 0.015694 0.015645 0.015555 0.015398 0.015137 0.014720 0.014085 0.013163 0.011889 0.010215 0.008130 0.005667 0.002913 0.000000 
50.000000 41.423167 33.242514 25.799386 19.338093 13.984908 9.750365 6.550651 4.239820 2.643764 1.588780 0.920932 0.515729 0.279911 0.148162 0.077444 0.040943 0.022812 0.014138 0.010138 0.008358 0.007593 0.007276 0.007148 0.007099 0.007080 0.007073 0.007071 0.007070 0.007070 0.007069 0.007069 0.007068 0.007067 0.007064 0.007058 0.007046 0.007023 0.006982 0.006910 0.006790 0.006600 0.006312 0.005895 0.005320 0.004568 0.003633 0.002531 0.001300 0.000000 
50.000000 41.422479 33.241169 25.797444 19.335633 13.982020 9.747138 6.547169 4.236154 2.639971 1.584903 0.917003 0.511768 0.275931 0.144172 0.073448 0.036945 0.018813 0.010138 0.006137 0.004357 0.003592 0.003274 0.003147 0.003098 0.003079 0.003072 0.003070 0.003069 0.003069 0.003068 0.003068 0.003068 0.003067 0.003066 0.003063 0.003058 0.003048 0.003029 0.002998 0.002945 0.002861 0.002735 0.002553 0.002302 0.001976 0.001570 0.001093 0.000562 0.000000 
50.000000 41.422172 33.240570 25.796580 19.334539 13.980734 9.745703 6.545619 4.234522 2.638283 1.583178 0.915255 0.510005 0.274160 0.142397 0.071671 0.035166 0.017033 0.008358 0.004357 0.002577 0.001812 0.001494 0.001367 0.001317 0.001299 0.001292 0.001290 0.001289 0.001288 0.001288 0.001288 0.001288 0.001288 0.001287 0.001286 0.001284 0.001279 0.001272 0.001258 0.001236 0.001200 0.001147 0.001070 0.000964 0.000827 0.000657 0.000457 0.000235 0.000000 
50.000000 41.422041 33.240313 25.796208 19.334069 13.980182 9.745086 6.544954 4.233822 2.637558 1.582438 0.914504 0.509248 0.273400 0.141635 0.070907 0.034402 0.016269 0.007593 0.003592 0.001812 0.001047 0.000730 0.000602 0.000553 0.000534 0.000527 0.000525 0.000524 0.000524 0.000524 0.000524 0.000524 0.000524 0.000523 0.000523 0.000522 0.000520 0.000517 0.000511 0.000502 0.000488 0.000466 0.000434 0.000391 0.000335 0.000266 0.000185 0.000095 0.000000 
50.000000 41.421986 33.240207 25.796055 19.333874 13.979954 9.744830 6.544678 4.233532 2.637258 1.582131 0.914193 0.508935 0.273085 0.141319 0.070591 0.034085 0.015952 0.007277 0.003276 0.001495 0.000731 0.000413 0.000286 0.000236 0.000218 0.000211 0.000208 0.000208 0.000207 0.000207 0.000207 0.000207 0.000207 0.000207 0.000207 0.000206 0.000206 0.000204 0.000202 0.000198 0.000193 0.000184 0.000171 0.000154 0.000132 0.000105 0.000073 0.000037 0.000000 
50.000000 41.421965 33.240165 25.795994 19.333797 13.979863 9.744729 6.544569 4.233417 2.637140 1.582010 0.914070 0.508811 0.272960 0.141194 0.070466 0.033960 0.015827 0.007152 0.003151 0.001370 0.000606 0.000288 0.000161 0.000111 0.000093 0.000086 0.000083 0.000083 0.000082 0.000082 0.000082 0.000082 0.000082 0.000082 0.000082 0.000082 0.000082 0.000081 0.000080 0.000079 0.000076 0.000073 0.000068 0.000061 0.000052 0.000042 0.000029 0.000015 0.000000 
50.000000 41.421957 33.240150 25.795973 19.333771 13.979832 9.744695 6.544532 4.233378 2.637099 1.581968 0.914028 0.508769 0.272918 0.141151 0.070423 0.033918 0.015784 0.007109 0.003108 0.001328 0.000563 0.000245 0.000118 0.000069 0.000050 0.000043 0.000041 0.000040 0.000040 0.000040 0.000039 0.000039 0.000039 0.000039 0.000039 0.000039 0.000039 0.000039 0.000038 0.000038 0.000037 0.000035 0.000033 0.000029 0.000025 0.000020 0.000014 0.000007 0.000000 
50.000000 41.421957 33.240150 25.795973 19.333771 13.979832 9.744695 6.544532 4.233378 2.637099 1.581968 0.914028 0.508769 0.272918 0.141151 0.070423 0.033918 0.015784 0.007109 0.003108 0.001328 0.000563 0.000245 0.000118 0.000069 0.000050 0.000043 0.000041 0.000040 0.000040 0.000040 0.000039 0.000039 0.000039 0.000039 0.000039 0.000039 0.000039 0.000039 0.000038 0.000038 0.000037 0.000035 0.000033 0.000029 0.000025 0.000020 0.000014 0.000007 0.000000 
50.000000 41.421965 33.240165 25.795994 19.333797 13.979863 9.744729 6.544569 4.233417 2.637140 1.582010 0.914070 0.508811 0.272960 0.141194 0.070466 0.033960 0.015827 0.007152 0.003151 0.001370 0.000606 0.000288 0.000161 0.000111 0.000093 0.000086 0.000083 0.000083 0.000082 0.000082 0.000082 0.000082 0.000082 0.000082 0.000082 0.000082 0.000082 0.000081 0.000080 0.000079 0.000076 0.000073 0.000068 0.000061 0.000052 0.000042 0.000029 0.000015 0.000000 
50.000000 41.421986 33.240207 25.796055 19.333874 13.979954 9.744830 6.544678 4.233532 2.637258 1.582131 0.914193 0.508935 0.273085 0.141319 0.070591 0.034085 0.015952 0.007277 0.003276 0.001495 0.000731 0.000413 0.000286 0.000236 0.000218 0.000211 0.000208 0.000208 0.000207 0.000207 0.000207 0.000207 0.000207 0.000207 0.000207 0.000206 0.000206 0.000204 0.000202 0.000198 0.000193 0.000184 0.000171 0.000154 0.000132 0.000105 0.000073 0.000037 0.000000 
50.000000 41.422041 33.240313 25.796208 19.334069 13.980182 9.745086 6.544954 4.233822 2.637558 1.582438 0.914504 0.509248 0.273400 0.141635 0.070907 0.034402 0.016269 0.007593 0.003592 0.001812 0.001047 0.000730 0.000602 0.000553 0.000534 0.000527 0.000525 0.000524 0.000524 0.000524 0.000524 0.000524 0.000524 0.000523 0.000523 0.000522 0.000520 0.000517 0.000511 0.000502 0.000488 0.000466 0.000434 0.000391 0.000335 0.000266 0.000185 0.000095 0.000000 
50.000000 41.422172 33.240570 25.796580 19.334539 13.980734 9.745703 6.545619 4.234522 2.638283 1.583178 0.915255 0.510005 0.274160 0.142397 0.071671 0.035166 0.017033 0.008358 0.004357 0.002577 0.001812 0.001494 0.001367 0.001317 0.001299 0.001292 0.001290 0.001289 0.001288 0.001288 0.001288 0.001288 0.001288 0.001287 0.001286 0.001284 0.001279 0.001272 0.001258 0.001236 0.001200 0.001147 0.001070 0.000964 0.000827 0.000657 0.000457 0.000235 0.000000 
50.000000 41.422479 33.241169 25.797444 19.335633 13.982020 9.747138 6.547169 4.236154 2.639971 1.584903 0.917003 0.511768 0.275931 0.144172 0.073448 0.036945 0.018813 0.010138 0.006137 0.004357 0.003592 0.003274 0.003147 0.003098 0.003079 0.003072 0.003070 0.003069 0.003069 0.003068 0.003068 0.003068 0.003067 0.003066 0.003063 0.003058 0.003048 0.003029 0.002998 0.002945 0.002861 0.002735 0.002553 0.002302 0.001976 0.001570 0.001093 0.000562 0.000000 
50.000000 41.423167 33.242514 25.799386 19.338093 13.984908 9.750365 6.550651 4.239820 2.643764 1.588780 0.920932 0.515729 0.279911 0.148162 0.077444 0.040943 0.022812 0.014138 0.010138 0.008358 0.007593 0.007276 0.007148 0.007099 0.007080 0.007073 0.007071 0.007070 0.007070 0.007069 0.007069 0.007068 0.007067 0.007064 0.007058 0.007046 0.007023 0.006982 0.006910 0.006790 0.006600 0.006312 0.005895 0.005320 0.004568 0.003633 0.002531 0.001300 0.000000 
50.000000 41.424660 33.245430 25.803596 19.343425 13.991169 9.757360 6.558200 4.247768 2.651987 1.597185 0.929452 0.524318 0.288540 0.156814 0.086108 0.049613 0.031485 0.022812 0.018813 0.017033 0.016268 0.015951 0.015824 0.015774 0.015755 0.015749 0.015746 0.015745 0.015745 0.015745 0.015744 0.015743 0.015740 0.015733 0.015720 0.015694 0.015645 0.015555 0.015398 0.015137 0.014720 0.014085 0.013163 0.011889 0.010215 0.008130 0.005667 0.002913 0.000000 
50.000000 41.427778 33.251522 25.812392 19.354568 14.004254 9.771979 6.573976 4.264379 2.669174 1.614751 0.947259 0.542270 0.306576 0.174897 0.104216 0.067734 0.049613 0.040943 0.036945 0.035166 0.034401 0.034084 0.033957 0.033907 0.033889 0.033882 0.033879 0.033879 0.033878 0.033877 0.033876 0.033873 0.033867 0.033854 0.033827 0.033772 0.033670 0.033482 0.033153 0.032603 0.031721 0.030372 0.028406 0.025679 0.022085 0.017591 0.012270 0.006310 0.000000 
50.000000 41.434054 33.263783 25.830097 19.376995 14.030590 9.801405 6.605734 4.297818 2.703773 1.650115 0.983106 0.578410 0.342886 0.211302 0.140671 0.104216 0.086108 0.077444 0.073448 0.071671 0.070907 0.070590 0.070462 0.070413 0.070394 0.070388 0.070385 0.070384 0.070383 0.070382 0.070380 0.070374 0.070362 0.070336 0.070281 0.070173 0.069967 0.069590 0.068927 0.067811 0.066016 0.063258 0.059218 0.053590 0.046139 0.036789 0.025683 0.013215 0.000000 
50.000000 41.446211 33.287534 25.864392 19.420438 14.081607 9.858408 6.667255 4.362599 2.770802 1.718628 1.052556 0.648428 0.413234 0.281834 0.211302 0.174897 0.156814 0.148162 0.144172 0.142397 0.141634 0.141318 0.141190 0.141141 0.141122 0.141116 0.141113 0.141112 0.141111 0.141109 0.141104 0.141094 0.141071 0.141021 0.140917 0.140710 0.140315 0.139587 0.138302 0.136130 0.132616 0.127188 0.119197 0.108001 0.093108 0.074332 0.051946 0.026746 0.000000 
50.000000 41.468854 33.331769 25.928268 19.501356 14.176635 9.964589 6.781857 4.483275 2.895668 1.846261 1.181938 0.778869 0.544291 0.413234 0.342886 0.306576 0.288540 0.279911 0.275931 0.274160 0.273399 0.273083 0.272957 0.272907 0.272889 0.272882 0.272879 0.272878 0.272876 0.272873 0.272865 0.272846 0.272804 0.272713 0.272524 0.272145 0.271418 0.270073 0.267686 0.263627 0.257024 0.246763 0.231558 0.210122 0.181434 0.145068 0.101508 0.052310 0.000000 
50.000000 41.509372 33.410929 26.042576 19.646164 14.346700 10.154619 6.986961 4.699257 3.119156 2.074704 1.413515 1.012344 0.778869 0.648428 0.578410 0.542270 0.524318 0.515729 0.511768 0.510005 0.509248 0.508934 0.508808 0.508759 0.508740 0.508733 0.508730 0.508729 0.508726 0.508720 0.508706 0.508673 0.508600 0.508443 0.508113 0.507452 0.506172 0.503794 0.499551 0.492290 0.480398 0.461784 0.433998 0.394533 0.341327 0.273429 0.191633 0.098861 0.000000 
50.000000 41.578978 33.546918 26.238950 19.894941 14.638873 10.481103 7.339354 5.070347 3.503149 2.467219 1.811419 1.413515 1.181938 1.052556 0.983106 0.947259 0.929452 0.920932 0.917003 0.915255 0.914504 0.914192 0.914067 0.914018 0.914000 0.913993 0.913990 0.913988 0.913983 0.913974 0.913951 0.913897 0.913777 0.913516 0.912969 0.911866 0.909720 0.905709 0.898505 0.886091 0.865601 0.833264 0.784573 0.714793 0.619883 0.497752 0.349565 0.180588 0.000000 
50.000000 41.693676 33.771006 26.562549 20.304901 15.120358 11.019142 7.920104 5.681925 4.136006 3.114129 2.467219 2.074704 1.846261 1.718628 1.650115 1.614751 1.597185 1.588780 1.584903 1.583178 1.582437 1.582129 1.582006 1.581958 1.581940 1.581933 1.581930 1.581927 1.581920 1.581905 1.581870 1.581786 1.581598 1.581188 1.580325 1.578575 1.575153 1.568714 1.557065 1.536831 1.503138 1.449455 1.367790 1.249494 1.086843 0.875355 0.616387 0.319018 0.000000 
50.000000 41.874826 34.124926 27.073641 20.952404 15.880847 11.868976 8.837422 6.647958 5.135666 4.136006 3.503149 3.119156 2.895668 2.770802 2.703773 2.669174 2.651987 2.643764 2.639971 2.638283 2.637558 2.637257 2.637136 2.637089 2.637071 2.637064 2.637061 2.637057 2.637048 2.637026 2.636973 2.636850 2.636572 2.635962 2.634672 2.632041 2.626866 2.617058 2.599175 2.567833 2.515121 2.430197 2.299435 2.107556 1.840182 1.487934 1.051442 0.545548 0.000000 
50.000000 42.148833 34.660269 27.846735 21.931855 17.031230 13.154536 10.225095 8.109351 6.647958 5.681925 5.070347 4.699257 4.483275 4.362599 4.297818 4.264379 4.247768 4.239820 4.236154 4.234522 4.233821 4.233530 4.233414 4.233368 4.233351 4.233344 4.233340 4.233335 4.233322 4.233292 4.233219 4.233048 4.232659 4.231802 4.229983 4.226251 4.218859 4.204746 4.178787 4.132837 4.054676 3.927132 3.727924 3.431005 3.010343 2.446756 1.737322 0.904588 0.000000 
50.000000 42.545484 35.435237 28.965888 23.349758 18.696612 15.015649 12.234076 10.225095 8.837422 7.920104 7.339354 6.986961 6.781857 6.667255 6.605734 6.573976 6.558200 6.550651 6.547169 6.545619 6.544954 6.544677 6.544566 6.544523 6.544506 6.544500 6.544495 6.544489 6.544473 6.544434 6.544339 6.544115 6.543604 6.542476 6.540067 6.535094 6.525178 6.506090 6.470649 6.407225 6.297964 6.117038 5.829675 5.393199 4.761881 3.897483 2.786129 1.458127 0.000000 
50.000000 43.094632 36.508154 30.515333 25.312846 21.002374 17.592447 15.015649 13.154536 11.868976 11.019142 10.481103 10.154619 9.964589 9.858408 9.801405 9.771979 9.757360 9.750365 9.747138 9.745703 9.745086 9.744829 9.744726 9.744686 9.744671 9.744665 9.744660 9.744652 9.744633 9.744586 9.744470 9.744198 9.743573 9.742187 9.739211 9.733031 9.720621 9.696530 9.651351 9.569541 9.426613 9.185975 8.796224 8.190612 7.291685 6.025461 4.349531 2.294287 0.000000 
50.000000 43.821288 37.927894 32.565660 27.910563 24.053587 21.002374 18.696612 17.031230 15.880847 15.120358 14.638873 14.346700 14.176635 14.081607 14.030590 14.004254 13.991169 13.984908 13.982020 13.980734 13.980182 13.979953 13.979861 13.979825 13.979811 13.979805 13.979800 13.979791 13.979770 13.979717 13.979588 13.979281 13.978574 13.977001 13.973606 13.966513 13.952167 13.924080 13.870864 13.773291 13.600224 13.303414 12.811761 12.026793 10.823415 9.064025 6.639071 3.546998 0.000000 
50.000000 44.739807 39.722505 35.157380 31.194245 27.910563 25.312846 23.349758 21.931855 20.952404 20.304901 19.894941 19.646164 19.501356 19.420438 19.376995 19.354568 19.343425 19.338093 19.335633 19.334539 19.334068 19.333873 19.333794 19.333764 19.333752 19.333747 19.333742 19.333734 19.333712 19.333658 19.333525 19.333210 19.332483 19.330856 19.327330 19.319922 19.304837 19.275058 19.218058 19.112222 18.921512 18.587877 18.021161 17.087148 15.597123 13.309544 9.970601 5.446498 0.000000 
50.000000 45.848362 41.888420 38.285346 35.157380 32.565660 30.515333 28.965888 27.846735 27.073641 26.562549 26.238950 26.042576 25.928268 25.864392 25.830097 25.812392 25.803596 25.799386 25.797444 25.796580 25.796208 25.796054 25.795992 25.795968 25.795958 25.795954 25.795950 25.795942 25.795923 25.795874 25.795753 25.795466 25.794801 25.793308 25.790059 25.783200 25.769147 25.741198 25.687193 25.585708 25.399979 25.068404 24.489873 23.501636 21.847836 19.142673 14.858596 8.458428 0.000000 
50.000000 47.125287 44.383304 41.888420 39.722505 37.927894 36.508154 35.435237 34.660269 34.124926 33.771006 33.546918 33.410929 33.331769 33.287534 33.263783 33.251522 33.245430 33.242514 33.241169 33.240570 33.240313 33.240206 33.240163 33.240147 33.240140 33.240137 33.240134 33.240128 33.240113 33.240076 33.239983 33.239763 33.239251 33.238101 33.235588 33.230261 33.219295 33.197353 33.154619 33.073484 32.922947 32.649109 32.158623 31.288823 29.751904 27.029823 22.191652 13.696988 0.000000 
50.000000 48.528677 47.125287 45.848362 44.739807 43.821288 43.094632 42.545484 42.148833 41.874826 41.693676 41.578978 41.509372 41.468854 41.446211 41.434054 41.427778 41.424660 41.423167 41.422479 41.422172 41.422041 41.421986 41.421964 41.421955 41.421952 41.421950 41.421949 41.421946 41.421938 41.421917 41.421867 41.421747 41.421468 41.420840 41.419465 41.416544 41.410511 41.398390 41.374658 41.329278 41.244245 41.087357 40.800345 40.274290 39.293309 37.389934 33.428298 24.264339 0.000000 
50.000000 50.000000 50.000000 50.000000 50.000000 50.000000 50.000000 50.000000 50.000000 50.000000 50.000000 50.000000 50.000000 50.000000 50.000000 50.000000 50.000000 50.000000 50.000000 50.000000 50.000000 50.000000 50.000000 50.000000 50.000000 50.000000 50.000000 50.000000 50.000000 50.000000 50.000000 50.000000 50.000000 50.000000 50.000000 50.000000 50.000000 50.000000 50.000000 50.000000 50.000000 50.000000 50.000000 50.000000 50.000000 50.000000 50.000000 50.000000 50.000000 50.000000 
