50.000000 50.000000 50.000000 50.000000 50.000000 50.000000 50.000000 50.000000 50.000000 50.000000 50.000000 50.000000 50.000000 50.000000 50.000000 50.000000 50.000000 50.000000 50.000000 50.000000 50.000000 50.000000 50.000000 50.000000 50.000000 50.000000 50.000000 50.000000 50.000000 50.000000 50.000000 50.000000 50.000000 50.000000 50.000000 50.000000 50.000000 50.000000 50.000000 50.000000 50.000000 50.000000 50.000000 50.000000 50.000000 50.000000 50.000000 50.000000 50.000000 50.000000 
50.000000 49.037546 48.104174 47.226329 46.425588 45.717130 45.109090 44.602794 44.193721 43.872946 43.628775 43.448315 43.318788 43.228474 43.167284 43.126988 43.101186 43.085119 43.075385 43.069645 43.066350 43.064508 43.063504 43.062969 43.062690 43.062542 43.062456 43.062384 43.062290 43.062126 43.061814 43.061218 43.060099 43.058035 43.054302 43.047678 43.036137 43.016367 42.983027 42.927550 42.836217 42.686881 42.443090 42.042739 41.374152 40.220449 38.115508 33.927453 24.518773 0.000000 
50.000000 48.104174 46.265632 44.536468 42.959184 41.563678 40.365976 39.368688 38.562908 37.931056 37.450098 37.094637 36.839501 36.661606 36.541077 36.461705 36.410883 36.379236 36.360061 36.348756 36.342266 36.338637 36.336660 36.335608 36.335058 36.334768 36.334598 36.334461 36.334281 36.333970 36.333379 36.332254 36.330142 36.326251 36.319225 36.306784 36.285158 36.248231 36.186197 36.083504 35.915602 35.643682 35.205840 34.501511 33.362836 31.500145 28.397940 23.132816 14.176721 0.000000 
50.000000 47.226329 44.536468 42.006636 39.699011 37.657338 35.905063 34.446004 33.267131 32.342721 31.639073 31.119033 30.745769 30.485510 30.309180 30.193059 30.118710 30.072410 30.044360 30.027820 30.018326 30.013018 30.010125 30.008586 30.007782 30.007359 30.007114 30.006920 30.006672 30.006244 30.005435 30.003899 30.001021 29.995731 29.986203 29.969381 29.940256 29.890756 29.808100 29.672320 29.452557 29.101442 28.546501 27.676829 26.322648 24.225587 21.003318 16.138529 9.110821 0.000000 
50.000000 46.425588 42.959184 39.699011 36.725200 34.094126 31.836000 29.955745 28.436565 27.245309 26.338547 25.668397 25.187393 24.852015 24.624791 24.475156 24.379349 24.319688 24.283543 24.262231 24.249997 24.243157 24.239430 24.237448 24.236413 24.235870 24.235560 24.235320 24.235024 24.234519 24.233571 24.231774 24.228416 24.222262 24.211216 24.191793 24.158327 24.101792 24.008094 23.855620 23.611787 23.228240 22.634315 21.728508 20.368469 18.362600 15.473424 11.459039 6.205139 0.000000 
50.000000 45.717130 41.563678 37.657338 34.094126 30.941588 28.235926 25.983033 24.162784 22.735455 21.649006 20.846061 20.269748 19.867919 19.595676 19.416397 19.301610 19.230131 19.186826 19.161293 19.146636 19.138442 19.133977 19.131603 19.130365 19.129718 19.129354 19.129083 19.128759 19.128219 19.127213 19.125313 19.121773 19.115308 19.103749 19.083521 19.048866 18.990724 18.895165 18.741262 18.498288 18.122202 17.551558 16.703406 15.470794 13.725657 11.334690 8.200842 4.342978 0.000000 
50.000000 45.109090 40.365976 35.905063 31.836000 28.235926 25.146177 22.573484 20.494861 18.864942 17.624294 16.707396 16.049298 15.590449 15.279578 15.074864 14.943793 14.862174 14.812727 14.783573 14.766838 14.757482 14.752384 14.749675 14.748263 14.747529 14.747122 14.746831 14.746502 14.745965 14.744975 14.743113 14.739656 14.733369 14.722178 14.702694 14.669519 14.614266 14.524251 14.380807 14.157241 13.816580 13.309475 12.573089 11.532520 10.107493 8.228233 5.864465 3.066351 0.000000 
50.000000 44.602794 39.368688 34.446004 29.955745 25.983033 22.573484 19.734523 17.440780 15.642190 14.273165 13.261399 12.535217 12.028901 11.685876 11.459989 11.315365 11.225307 11.170748 11.138580 11.120116 11.109793 11.104169 11.101181 11.099625 11.098820 11.098382 11.098083 11.097763 11.097261 11.096344 11.094631 11.091463 11.085724 11.075558 11.057955 11.028172 10.978938 10.899434 10.774056 10.581050 10.291242 9.867262 9.264009 8.431474 7.321430 5.899503 4.162847 2.159704 0.000000 
50.000000 44.193721 38.562908 33.267131 28.436565 24.162784 20.494861 17.440780 14.973246 13.038394 11.565663 10.477261 9.696083 9.151428 8.782431 8.539445 8.383874 8.287002 8.228315 8.193714 8.173853 8.162750 8.156702 8.153488 8.151817 8.150957 8.150495 8.150196 8.149899 8.149451 8.148646 8.147153 8.144404 8.139446 8.130705 8.115654 8.090350 8.048828 7.982352 7.878558 7.720619 7.486623 7.149539 6.678282 6.040582 5.208325 4.165689 2.919226 1.506840 0.000000 
50.000000 43.872946 37.931056 32.342721 27.245309 22.735455 18.864942 15.642190 13.038394 10.996709 9.442672 8.294192 7.469901 6.895192 6.505838 6.249449 6.085299 5.983086 5.921164 5.884657 5.863701 5.851987 5.845606 5.842217 5.840456 5.839553 5.839077 5.838784 5.838514 5.838131 5.837458 5.836218 5.833946 5.829867 5.822711 5.810456 5.789982 5.756625 5.703655 5.621717 5.498355 5.317776 5.061140 4.707701 4.237167 3.633522 2.890164 2.015455 1.036729 0.000000 
50.000000 43.628775 37.450098 31.639073 26.338547 21.649006 17.624294 14.273165 11.565663 9.442672 7.826759 6.632561 5.775463 5.177886 4.773043 4.506458 4.335781 4.229505 4.165123 4.127165 4.105378 4.093199 4.086565 4.083042 4.081214 4.080280 4.079794 4.079509 4.079270 4.078954 4.078413 4.077428 4.075632 4.072423 4.066820 4.057276 4.041427 4.015780 3.975363 3.913380 3.820955 3.687105 3.499110 3.243487 2.907743 2.482927 1.966753 1.366594 0.701225 0.000000 
50.000000 43.448315 37.094637 31.119033 25.668397 20.846061 16.707396 13.261399 10.477261 8.294192 6.632561 5.404583 4.523247 3.908776 3.492492 3.218375 3.042878 2.933601 2.867402 2.828373 2.805971 2.793449 2.786629 2.783008 2.781130 2.780173 2.779683 2.779407 2.779197 2.778943 2.778525 2.777773 2.776411 2.773989 2.769780 2.762646 2.750867 2.731927 2.702291 2.657198 2.590537 2.494910 2.361965 2.183145 1.950896 1.660303 1.310933 0.908440 0.465288 0.000000 
50.000000 43.318788 36.839501 30.745769 25.187393 20.269748 16.049298 12.535217 9.696083 7.469901 5.775463 4.523247 3.624521 2.997930 2.573437 2.293918 2.114963 2.003534 1.936032 1.896235 1.873393 1.860625 1.853672 1.849980 1.848067 1.847094 1.846602 1.846335 1.846151 1.845950 1.845637 1.845084 1.844091 1.842332 1.839289 1.834158 1.825731 1.812261 1.791320 1.759682 1.713275 1.647255 1.556279 1.435032 1.279025 1.085601 0.855014 0.591270 0.302421 0.000000 
50.000000 43.228474 36.661606 30.485510 24.852015 19.867919 15.590449 12.028902 9.151428 6.895192 5.177886 3.908776 2.997930 2.362892 1.932680 1.649395 1.468032 1.355104 1.286694 1.246362 1.223214 1.210274 1.203227 1.199487 1.197549 1.196567 1.196073 1.195814 1.195651 1.195494 1.195266 1.194873 1.194174 1.192943 1.190822 1.187263 1.181446 1.172199 1.157909 1.136459 1.105210 1.061079 1.000730 0.920930 0.819053 0.693688 0.545255 0.376447 0.192337 0.000000 
50.000000 43.167284 36.541077 30.309180 24.624791 19.595676 15.279578 11.685876 8.782431 6.505838 4.773043 3.492492 2.573437 1.932680 1.498594 1.212761 1.029766 0.915824 0.846799 0.806106 0.782750 0.769694 0.762585 0.758811 0.756857 0.755868 0.755374 0.755122 0.754975 0.754851 0.754688 0.754418 0.753943 0.753110 0.751683 0.749297 0.745417 0.739280 0.729846 0.715767 0.695382 0.666778 0.627921 0.576884 0.512155 0.432998 0.339798 0.234294 0.119606 0.000000 
50.000000 43.126988 36.461705 30.193059 24.475157 19.416397 15.074864 11.459990 8.539446 6.249450 4.506458 3.218375 2.293918 1.649396 1.212761 0.925251 0.741183 0.626573 0.557144 0.516213 0.492720 0.479588 0.472437 0.468642 0.466677 0.465684 0.465190 0.464943 0.464808 0.464709 0.464594 0.464413 0.464100 0.463555 0.462626 0.461079 0.458574 0.454629 0.448596 0.439638 0.426739 0.408741 0.384432 0.352687 0.312649 0.263941 0.206857 0.142479 0.072685 0.000000 
50.000000 43.101186 36.410884 30.118710 24.379350 19.301611 14.943794 11.315366 8.383875 6.085301 4.335782 3.042879 2.114964 1.468033 1.029767 0.741184 0.556430 0.441392 0.371705 0.330622 0.307042 0.293861 0.286684 0.282875 0.280903 0.279907 0.279414 0.279171 0.279044 0.278963 0.278881 0.278762 0.278562 0.278217 0.277630 0.276659 0.275091 0.272633 0.268891 0.263360 0.255434 0.244430 0.229642 0.210426 0.186304 0.157089 0.122980 0.084633 0.043151 0.000000 
50.000000 43.085119 36.379236 30.072411 24.319690 19.230133 14.862176 11.225309 8.287004 5.983089 4.229508 2.933604 2.003537 1.355106 0.915826 0.626575 0.441394 0.326091 0.256243 0.215065 0.191430 0.178220 0.171026 0.167208 0.165233 0.164235 0.163742 0.163501 0.163381 0.163311 0.163252 0.163175 0.163050 0.162837 0.162479 0.161887 0.160935 0.159449 0.157195 0.153878 0.149145 0.142603 0.133849 0.122522 0.108362 0.091276 0.071392 0.049096 0.025020 0.000000 
50.000000 43.075386 36.360064 30.044363 24.283547 19.186831 14.812732 11.170754 8.228321 5.921171 4.165130 2.867409 1.936039 1.286701 0.846806 0.557151 0.371711 0.256247 0.186302 0.145067 0.121400 0.108171 0.100967 0.097144 0.095166 0.094167 0.093675 0.093436 0.093319 0.093257 0.093212 0.093162 0.093086 0.092959 0.092746 0.092396 0.091835 0.090962 0.089643 0.087709 0.084960 0.081174 0.076129 0.069625 0.061523 0.051777 0.040467 0.027812 0.014168 0.000000 
50.000000 43.069647 36.348761 30.027827 24.262240 19.161304 14.783585 11.138594 8.193728 5.884672 4.127181 2.828389 1.896252 1.246379 0.806123 0.516229 0.330638 0.215079 0.145077 0.103807 0.080121 0.066881 0.059672 0.055846 0.053866 0.052867 0.052374 0.052137 0.052022 0.051965 0.051929 0.051896 0.051850 0.051776 0.051653 0.051452 0.051130 0.050632 0.049881 0.048784 0.047229 0.045097 0.042263 0.038623 0.034102 0.028678 0.022399 0.015387 0.007836 0.000000 
50.000000 43.066356 36.342277 30.018343 24.250018 19.146662 14.766867 11.120147 8.173887 5.863737 4.105415 2.806009 1.873432 1.223253 0.782789 0.492759 0.307080 0.191467 0.121432 0.080143 0.056446 0.043200 0.035987 0.032159 0.030179 0.029180 0.028687 0.028450 0.028337 0.028283 0.028253 0.028230 0.028202 0.028160 0.028090 0.027977 0.027798 0.027521 0.027105 0.026498 0.025642 0.024470 0.022919 0.020930 0.018468 0.015521 0.012116 0.008319 0.004235 0.000000 
50.000000 43.064521 36.338663 30.013056 24.243205 19.138500 14.757548 11.109865 8.162827 5.852069 4.093283 2.793536 1.860713 1.210363 0.769784 0.479678 0.293950 0.178307 0.108254 0.066955 0.043251 0.030002 0.022787 0.018958 0.016977 0.015978 0.015486 0.015249 0.015137 0.015084 0.015057 0.015040 0.015023 0.014999 0.014960 0.014899 0.014801 0.014650 0.014425 0.014097 0.013636 0.013006 0.012175 0.011112 0.009799 0.008230 0.006422 0.004408 0.002243 0.000000 
50.000000 43.063533 36.336718 30.010209 24.239538 19.134106 14.752531 11.104331 8.156874 5.845788 4.086753 2.786822 1.853867 1.203425 0.762784 0.472637 0.286883 0.171224 0.101161 0.059856 0.036149 0.022898 0.015682 0.011853 0.009872 0.008872 0.008380 0.008143 0.008032 0.007980 0.007955 0.007941 0.007930 0.007916 0.007895 0.007861 0.007809 0.007728 0.007607 0.007432 0.007185 0.006851 0.006409 0.005847 0.005153 0.004326 0.003374 0.002315 0.001178 0.000000 
50.000000 43.063033 36.335734 30.008770 24.237683 19.131884 14.749994 11.101532 8.153864 5.842611 4.083450 2.783426 1.850405 1.199917 0.759244 0.469076 0.283310 0.167642 0.097574 0.056266 0.032557 0.019305 0.012089 0.008260 0.006278 0.005279 0.004787 0.004550 0.004439 0.004387 0.004363 0.004351 0.004343 0.004334 0.004322 0.004303 0.004274 0.004229 0.004162 0.004064 0.003928 0.003744 0.003501 0.003192 0.002812 0.002359 0.001839 0.001262 0.000642 0.000000 
50.000000 43.062826 36.335326 30.008173 24.236915 19.130963 14.748943 11.100371 8.152616 5.841295 4.082082 2.782019 1.848970 1.198463 0.757777 0.467601 0.281829 0.166158 0.096088 0.054778 0.031069 0.017816 0.010600 0.006770 0.004789 0.003789 0.003297 0.003061 0.002950 0.002898 0.002875 0.002864 0.002857 0.002850 0.002842 0.002829 0.002809 0.002779 0.002735 0.002670 0.002580 0.002458 0.002297 0.002094 0.001844 0.001546 0.001205 0.000826 0.000420 0.000000 
50.000000 43.062826 36.335326 30.008173 24.236915 19.130963 14.748943 11.100371 8.152616 5.841295 4.082082 2.782019 1.848970 1.198463 0.757777 0.467601 0.281829 0.166158 0.096088 0.054778 0.031069 0.017816 0.010600 0.006770 0.004789 0.003789 0.003297 0.003061 0.002950 0.002898 0.002875 0.002864 0.002857 0.002850 0.002842 0.002829 0.002809 0.002779 0.002735 0.002670 0.002580 0.002458 0.002297 0.002094 0.001844 0.001546 0.001205 0.000826 0.000420 0.000000 
50.000000 43.063033 36.335734 30.008770 24.237683 19.131884 14.749994 11.101532 8.153864 5.842611 4.083450 2.783426 1.850405 1.199917 0.759244 0.469076 0.283310 0.167642 0.097574 0.056266 0.032557 0.019305 0.012089 0.008260 0.006278 0.005279 0.004787 0.004550 0.004439 0.004387 0.004363 0.004351 0.004343 0.004334 0.004322 0.004303 0.004274 0.004229 0.004162 0.004064 0.003928 0.003744 0.003501 0.003192 0.002812 0.002359 0.001839 0.001262 0.000642 0.000000 
50.000000 43.063533 36.336718 30.010209 24.239538 19.134106 14.752531 11.104331 8.156874 5.845788 4.086753 2.786822 1.853867 1.203425 0.762784 0.472637 0.286883 0.171224 0.101161 0.059856 0.036149 0.022898 0.015682 0.011853 0.009872 0.008872 0.008380 0.008143 0.008032 0.007980 0.007955 0.007941 0.007930 0.007916 0.007895 0.007861 0.007809 0.007728 0.007607 0.007432 0.007185 0.006851 0.006409 0.005847 0.005153 0.004326 0.003374 0.002315 0.001178 0.000000 
50.000000 43.064521 36.338663 30.013056 24.243205 19.138500 14.757548 11.109865 8.162827 5.852069 4.093283 2.793536 1.860713 1.210363 0.769784 0.479678 0.293950 0.178307 0.108254 0.066955 0.043251 0.030002 0.022787 0.018958 0.016977 0.015978 0.015486 0.015249 0.015137 0.015084 0.015057 0.015040 0.015023 0.014999 0.014960 0.014899 0.014801 0.014650 0.014425 0.014097 0.013636 0.013006 0.012175 0.011112 0.009799 0.008230 0.006422 0.004408 0.002243 0.000000 
50.000000 43.066356 36.342277 30.018343 24.250018 19.146662 14.766867 11.120147 8.173887 5.863737 4.105415 2.806009 1.873432 1.223253 0.782789 0.492759 0.307080 0.191467 0.121432 0.080143 0.056446 0.043200 0.035987 0.032159 0.030179 0.029180 0.028687 0.028450 0.028337 0.028283 0.028253 0.028230 0.028202 0.028160 0.028090 0.027977 0.027798 0.027521 0.027105 0.026498 0.025642 0.024470 0.022919 0.020930 0.018468 0.015521 0.012116 0.008319 0.004235 0.000000 
50.000000 43.069647 36.348761 30.027827 24.262240 19.161304 14.783585 11.138594 8.193728 5.884672 4.127181 2.828389 1.896252 1.246379 0.806123 0.516229 0.330638 0.215079 0.145077 0.103807 0.080121 0.066881 0.059672 0.055846 0.053866 0.052867 0.052374 0.052137 0.052022 0.051965 0.051929 0.051896 0.051850 0.051776 0.051653 0.051452 0.051130 0.050632 0.049881 0.048784 0.047229 0.045097 0.042263 0.038623 0.034102 0.028678 0.022399 0.015387 0.007836 0.000000 
50.000000 43.075386 36.360064 30.044363 24.283547 19.186831 14.812732 11.170754 8.228321 5.921171 4.165130 2.867409 1.936039 1.286701 0.846806 0.557151 0.371711 0.256247 0.186302 0.145067 0.121400 0.108171 0.100967 0.097144 0.095166 0.094167 0.093675 0.093436 0.093319 0.093257 0.093212 0.093162 0.093086 0.092959 0.092746 0.092396 0.091835 0.090962 0.089643 0.087709 0.084960 0.081174 0.076129 0.069625 0.061523 0.051777 0.040467 0.027812 0.014168 0.000000 
50.000000 43.085119 36.379236 30.072411 24.319690 19.230133 14.862176 11.225309 8.287004 5.983089 4.229508 2.933604 2.003537 1.355106 0.915826 0.626575 0.441394 0.326091 0.256243 0.215065 0.191430 0.178220 0.171026 0.167208 0.165233 0.164235 0.163742 0.163501 0.163381 0.163311 0.163252 0.163175 0.163050 0.162837 0.162479 0.161887 0.160935 0.159449 0.157195 0.153878 0.149145 0.142603 0.133849 0.122522 0.108362 0.091276 0.071392 0.049096 0.025020 0.000000 
50.000000 43.101186 36.410884 30.118710 24.379350 19.301611 14.943794 11.315366 8.383875 6.085301 4.335782 3.042879 2.114964 1.468033 1.029767 0.741184 0.556430 0.441392 0.371705 0.330622 0.307042 0.293861 0.286684 0.282875 0.280903 0.279907 0.279414 0.279171 0.279044 0.278963 0.278881 0.278762 0.278562 0.278217 0.277630 0.276659 0.275091 0.272633 0.268891 0.263360 0.255434 0.244430 0.229642 0.210426 0.186304 0.157089 0.122980 0.084633 0.043151 0.000000 
50.000000 43.126988 36.461705 30.193059 24.475157 19.416397 15.074864 11.459990 8.539446 6.249450 4.506458 3.218375 2.293918 1.649396 1.212761 0.925251 0.741183 0.626573 0.557144 0.516213 0.492720 0.479588 0.472437 0.468642 0.466677 0.465684 0.465190 0.464943 0.464808 0.464709 0.464594 0.464413 0.464100 0.463555 0.462626 0.461079 0.458574 0.454629 0.448596 0.439638 0.426739 0.408741 0.384432 0.352687 0.312649 0.263941 0.206857 0.142479 0.072685 0.000000 
50.000000 43.167284 36.541077 30.309180 24.624791 19.595676 15.279578 11.685876 8.782431 6.505838 4.773043 3.492492 2.573437 1.932680 1.498594 1.212761 1.029766 0.915824 0.846799 0.806106 0.782750 0.769694 0.762585 0.758811 0.756857 0.755868 0.755374 0.755122 0.754975 0.754851 0.754688 0.754418 0.753943 0.753110 0.751683 0.749297 0.745417 0.739280 0.729846 0.715767 0.695382 0.666778 0.627921 0.576884 0.512155 0.432998 0.339798 0.234294 0.119606 0.000000 
50.000000 43.228474 36.661606 30.485510 24.852015 19.867919 15.590449 12.028902 9.151428 6.895192 5.177886 3.908776 2.997930 2.362892 1.932680 1.649395 1.468032 1.355104 1.286694 1.246362 1.223214 1.210274 1.203227 1.199487 1.197549 1.196567 1.196073 1.195814 1.195651 1.195494 1.195266 1.194873 1.194174 1.192943 1.190822 1.187263 1.181446 1.172199 1.157909 1.136459 1.105210 1.061079 1.000730 0.920930 0.819053 0.693688 0.545255 0.376447 0.192337 0.000000 
50.000000 43.318788 36.839501 30.745769 25.187393 20.269748 16.049298 12.535217 9.696083 7.469901 5.775463 4.523247 3.624521 2.997930 2.573437 2.293918 2.114963 2.003534 1.936032 1.896235 1.873393 1.860625 1.853672 1.849980 1.848067 1.847094 1.846602 1.846335 1.846151 1.845950 1.845637 1.845084 1.844091 1.842332 1.839289 1.834158 1.825731 1.812261 1.791320 1.759682 1.713275 1.647255 1.556279 1.435032 1.279025 1.085601 0.855014 0.591270 0.302421 0.000000 
50.000000 43.448315 37.094637 31.119033 25.668397 20.846061 16.707396 13.261399 10.477261 8.294192 6.632561 5.404583 4.523247 3.908776 3.492492 3.218375 3.042878 2.933601 2.867402 2.828373 2.805971 2.793449 2.786629 2.783008 2.781130 2.780173 2.779683 2.779407 2.779197 2.778943 2.778525 2.777773 2.776411 2.773989 2.769780 2.762646 2.750867 2.731927 2.702291 2.657198 2.590537 2.494910 2.361965 2.183145 1.950896 1.660303 1.310933 0.908440 0.465288 0.000000 
50.000000 43.628775 37.450098 31.639073 26.338547 21.649006 17.624294 14.273165 11.565663 9.442672 7.826759 6.632561 5.775463 5.177886 4.773043 4.506458 4.335781 4.229505 4.165123 4.127165 4.105378 4.093199 4.086565 4.083042 4.081214 4.080280 4.079794 4.079509 4.079270 4.078954 4.078413 4.077428 4.075632 4.072423 4.066820 4.057276 4.041427 4.015780 3.975363 3.913380 3.820955 3.687105 3.499110 3.243487 2.907743 2.482927 1.966753 1.366594 0.701225 0.000000 
50.000000 43.872946 37.931056 32.342721 27.245309 22.735455 18.864942 15.642190 13.038394 10.996709 9.442672 8.294192 7.469901 6.895192 6.505838 6.249449 6.085299 5.983086 5.921164 5.884657 5.863701 5.851987 5.845606 5.842217 5.840456 5.839553 5.839077 5.838784 5.838514 5.838131 5.837458 5.836218 5.833946 5.829867 5.822711 5.810456 5.789982 5.756625 5.703655 5.621717 5.498355 5.317776 5.061140 4.707701 4.237167 3.633522 2.890164 2.015455 1.036729 0.000000 
50.000000 44.193721 38.562908 33.267131 28.436565 24.162784 20.494861 17.440780 14.973246 13.038394 11.565663 10.477261 9.696083 9.151428 8.782431 8.539445 8.383874 8.287002 8.228315 8.193714 8.173853 8.162750 8.156702 8.153488 8.151817 8.150957 8.150495 8.150196 8.149899 8.149451 8.148646 8.147153 8.144404 8.139446 8.130705 8.115654 8.090350 8.048828 7.982352 7.878558 7.720619 7.486623 7.149539 6.678282 6.040582 5.208325 4.165689 2.919226 1.506840 0.000000 
50.000000 44.602794 39.368688 34.446004 29.955745 25.983033 22.573484 19.734523 17.440780 15.642190 14.273165 13.261399 12.535217 12.028901 11.685876 11.459989 11.315365 11.225307 11.170748 11.138580 11.120116 11.109793 11.104169 11.101181 11.099625 11.098820 11.098382 11.098083 11.097763 11.097261 11.096344 11.094631 11.091463 11.085724 11.075558 11.057955 11.028172 10.978938 10.899434 10.774056 10.581050 10.291242 9.867262 9.264009 8.431474 7.321430 5.899503 4.162847 2.159704 0.000000 
50.000000 45.109090 40.365976 35.905063 31.836000 28.235926 25.146177 22.573484 20.494861 18.864942 17.624294 16.707396 16.049298 15.590449 15.279578 15.074864 14.943793 14.862174 14.812727 14.783573 14.766838 14.757482 14.752384 14.749675 14.748263 14.747529 14.747122 14.746831 14.746502 14.745965 14.744975 14.743113 14.739656 14.733369 14.722178 14.702694 14.669519 14.614266 14.524251 14.380807 14.157241 13.816580 13.309475 12.573089 11.532520 10.107493 8.228233 5.864465 3.066351 0.000000 
50.000000 45.717130 41.563678 37.657338 34.094126 30.941588 28.235926 25.983033 24.162784 22.735455 21.649006 20.846061 20.269748 19.867919 19.595676 19.416397 19.301610 19.230131 19.186826 19.161293 19.146636 19.138442 19.133977 19.131603 19.130365 19.129718 19.129354 19.129083 19.128759 19.128219 19.127213 19.125313 19.121773 19.115308 19.103749 19.083521 19.048866 18.990724 18.895165 18.741262 18.498288 18.122202 17.551558 16.703406 15.470794 13.725657 11.334690 8.200842 4.342978 0.000000 
50.000000 46.425588 42.959184 39.699011 36.725200 34.094126 31.836000 29.955745 28.436565 27.245309 26.338547 25.668397 25.187393 24.852015 24.624791 24.475156 24.379349 24.319688 24.283543 24.262231 24.249997 24.243157 24.239430 24.237448 24.236413 24.235870 24.235560 24.235320 24.235024 24.234519 24.233571 24.231774 24.228416 24.222262 24.211216 24.191793 24.158327 24.101792 24.008094 23.855620 23.611787 23.228240 22.634315 21.728508 20.368469 18.362600 15.473424 11.459039 6.205139 0.000000 
50.000000 47.226329 44.536468 42.006636 39.699011 37.657338 35.905063 34.446004 33.267131 32.342721 31.639073 31.119033 30.745769 30.485510 30.309180 30.193059 30.118710 30.072410 30.044360 30.027820 30.018326 30.013018 30.010125 30.008586 30.007782 30.007359 30.007114 30.006920 30.006672 30.006244 30.005435 30.003899 30.001021 29.995731 29.986203 29.969381 29.940256 29.890756 29.808100 29.672320 29.452557 29.101442 28.546501 27.676829 26.322648 24.225587 21.003318 16.138529 9.110821 0.000000 
50.000000 48.104174 46.265632 44.536468 42.959184 41.563678 40.365976 39.368688 38.562908 37.931056 37.450098 37.094637 36.839501 36.661606 36.541077 36.461705 36.410883 36.379236 36.360061 36.348756 36.342266 36.338637 36.336660 36.335608 36.335058 36.334768 36.334598 36.334461 36.334281 36.333970 36.333379 36.332254 36.330142 36.326251 36.319225 36.306784 36.285158 36.248231 36.186197 36.083504 35.915602 35.643682 35.205840 34.501511 33.362836 31.500145 28.397940 23.132816 14.176721 0.000000 
50.000000 49.037546 48.104174 47.226329 46.425588 45.717130 45.109090 44.602794 44.193721 43.872946 43.628775 43.448315 43.318788 43.228474 43.167284 43.126988 43.101186 43.085119 43.075385 43.069645 43.066350 43.064508 43.063504 43.062969 43.062690 43.062542 43.062456 43.062384 43.062290 43.062126 43.061814 43.061218 43.060099 43.058035 43.054302 43.047678 43.036137 43.016367 42.983027 42.927550 42.836217 42.686881 42.443090 42.042739 41.374152 40.220449 38.115508 33.927453 24.518773 0.000000 
50.000000 50.000000 50.000000 50.000000 50.000000 50.000000 50.000000 50.000000 50.000000 50.000000 50.000000 50.000000 50.000000 50.000000 50.000000 50.000000 50.000000 50.000000 50.000000 50.000000 50.000000 50.000000 50.000000 50.000000 50.000000 50.000000 50.000000 50.000000 50.000000 50.000000 50.000000 50.000000 50.000000 50.000000 50.000000 50.000000 50.000000 50.000000 50.000000 50.000000 50.000000 50.000000 50.000000 50.000000 50.000000 50.000000 50.000000 50.000000 50.000000 50.000000 
