50.000000 50.000000 50.000000 50.000000 50.000000 50.000000 50.000000 50.000000 50.000000 50.000000 50.000000 50.000000 50.000000 50.000000 50.000000 50.000000 50.000000 50.000000 50.000000 50.000000 50.000000 50.000000 50.000000 50.000000 50.000000 50.000000 50.000000 50.000000 50.000000 50.000000 50.000000 50.000000 50.000000 50.000000 50.000000 50.000000 50.000000 50.000000 50.000000 50.000000 50.000000 50.000000 50.000000 50.000000 50.000000 50.000000 50.000000 50.000000 50.000000 50.000000 
50.000000 44.736233 40.337140 37.244991 35.397632 34.448039 34.022881 33.855163 33.796261 33.777674 33.772361 33.770976 33.770644 33.770571 33.770556 33.770553 33.770552 33.770552 33.770552 33.770552 33.770552 33.770552 33.770552 33.770552 33.770552 33.770552 33.770552 33.770552 33.770552 33.770552 33.770552 33.770552 33.770552 33.770552 33.770552 33.770552 33.770551 33.770547 33.770524 33.770413 33.769917 33.767853 33.759862 33.731091 33.634622 33.331703 32.430404 29.835447 22.368117 0.000000 
50.000000 40.337140 32.262024 26.586555 23.196313 21.453938 20.673985 20.366375 20.258368 20.224294 20.214557 20.212018 20.211411 20.211276 20.211249 20.211244 20.211243 20.211242 20.211242 20.211242 20.211242 20.211242 20.211242 20.211242 20.211242 20.211242 20.211242 20.211242 20.211242 20.211242 20.211242 20.211242 20.211242 20.211242 20.211242 20.211242 20.211241 20.211235 20.211201 20.211044 20.210348 20.207480 20.196551 20.158103 20.033556 19.662834 18.651038 16.131012 10.501693 0.000000 
50.000000 37.244991 26.586555 19.096435 14.623034 12.324499 11.295854 10.890274 10.747912 10.703014 10.690188 10.686846 10.686046 10.685869 10.685833 10.685826 10.685825 10.685825 10.685825 10.685825 10.685825 10.685825 10.685825 10.685825 10.685825 10.685825 10.685825 10.685825 10.685825 10.685825 10.685825 10.685825 10.685825 10.685825 10.685825 10.685824 10.685823 10.685818 10.685789 10.685652 10.685050 10.682605 10.673447 10.641978 10.543327 10.263080 9.548217 7.935517 4.814587 0.000000 
50.000000 35.397632 23.196313 14.623034 9.503631 6.873732 5.697083 5.233273 5.070518 5.019205 5.004551 5.000733 4.999820 4.999618 4.999577 4.999569 4.999567 4.999567 4.999567 4.999567 4.999567 4.999567 4.999567 4.999567 4.999567 4.999567 4.999567 4.999567 4.999567 4.999567 4.999567 4.999567 4.999567 4.999567 4.999567 4.999567 4.999566 4.999563 4.999543 4.999454 4.999066 4.997506 4.991754 4.972395 4.913367 4.751815 4.359955 3.533479 2.065930 0.000000 
50.000000 34.448039 21.453938 12.324499 6.873732 4.074069 2.821702 2.328147 2.154993 2.100413 2.084830 2.080771 2.079800 2.079586 2.079542 2.079534 2.079532 2.079532 2.079532 2.079532 2.079532 2.079532 2.079532 2.079532 2.079532 2.079532 2.079532 2.079532 2.079532 2.079532 2.079532 2.079532 2.079532 2.079532 2.079532 2.079532 2.079532 2.079530 2.079520 2.079473 2.079270 2.078467 2.075543 2.065871 2.037034 1.960365 1.781172 1.420382 0.813416 0.000000 
50.000000 34.022881 20.673985 11.295854 5.697083 2.821702 1.535617 1.028840 0.851071 0.795045 0.779052 0.774886 0.773891 0.773671 0.773626 0.773617 0.773616 0.773615 0.773615 0.773615 0.773615 0.773615 0.773615 0.773615 0.773615 0.773615 0.773615 0.773615 0.773615 0.773615 0.773615 0.773615 0.773615 0.773615 0.773615 0.773615 0.773615 0.773614 0.773610 0.773589 0.773501 0.773152 0.771898 0.767809 0.755831 0.724688 0.653876 0.515883 0.291790 0.000000 
50.000000 33.855163 20.366375 10.890274 5.233273 2.328147 1.028840 0.516887 0.337316 0.280727 0.264573 0.260367 0.259361 0.259139 0.259094 0.259085 0.259084 0.259084 0.259084 0.259084 0.259084 0.259084 0.259084 0.259084 0.259084 0.259084 0.259084 0.259084 0.259084 0.259084 0.259084 0.259084 0.259084 0.259083 0.259083 0.259083 0.259083 0.259083 0.259081 0.259074 0.259040 0.258909 0.258444 0.256942 0.252604 0.241519 0.216827 0.169824 0.095302 0.000000 
50.000000 33.796261 20.258368 10.747912 5.070518 2.154993 0.851071 0.337316 0.157119 0.100334 0.084126 0.079905 0.078896 0.078673 0.078628 0.078619 0.078618 0.078617 0.078617 0.078617 0.078617 0.078617 0.078617 0.078617 0.078617 0.078617 0.078617 0.078617 0.078617 0.078617 0.078617 0.078617 0.078617 0.078617 0.078617 0.078617 0.078617 0.078617 0.078617 0.078614 0.078603 0.078560 0.078407 0.077919 0.076526 0.073012 0.065307 0.050888 0.028408 0.000000 
50.000000 33.777674 20.224294 10.703014 5.019205 2.100413 0.795045 0.280727 0.100334 0.043488 0.027262 0.023037 0.022027 0.021805 0.021759 0.021750 0.021749 0.021748 0.021748 0.021748 0.021748 0.021748 0.021748 0.021748 0.021748 0.021748 0.021748 0.021748 0.021748 0.021748 0.021748 0.021748 0.021748 0.021748 0.021748 0.021748 0.021748 0.021748 0.021748 0.021747 0.021744 0.021731 0.021687 0.021545 0.021143 0.020139 0.017964 0.013946 0.007757 0.000000 
50.000000 33.772361 20.214557 10.690188 5.004551 2.084830 0.779052 0.264573 0.084126 0.027262 0.011032 0.006806 0.005795 0.005572 0.005527 0.005518 0.005517 0.005516 0.005516 0.005516 0.005516 0.005516 0.005516 0.005516 0.005516 0.005516 0.005516 0.005516 0.005516 0.005516 0.005516 0.005516 0.005516 0.005516 0.005516 0.005516 0.005516 0.005516 0.005516 0.005516 0.005515 0.005512 0.005500 0.005462 0.005357 0.005096 0.004537 0.003512 0.001949 0.000000 
50.000000 33.770976 20.212018 10.686846 5.000733 2.080771 0.774886 0.260367 0.079905 0.023037 0.006806 0.002579 0.001569 0.001346 0.001300 0.001291 0.001290 0.001290 0.001290 0.001290 0.001290 0.001290 0.001290 0.001290 0.001290 0.001290 0.001290 0.001290 0.001290 0.001290 0.001290 0.001290 0.001290 0.001290 0.001290 0.001290 0.001290 0.001290 0.001290 0.001289 0.001289 0.001288 0.001286 0.001277 0.001251 0.001189 0.001057 0.000817 0.000452 0.000000 
50.000000 33.770644 20.211411 10.686046 4.999820 2.079800 0.773891 0.259361 0.078896 0.022027 0.005795 0.001569 0.000558 0.000335 0.000290 0.000281 0.000279 0.000279 0.000279 0.000279 0.000279 0.000279 0.000279 0.000279 0.000279 0.000279 0.000279 0.000279 0.000279 0.000279 0.000279 0.000279 0.000279 0.000279 0.000279 0.000279 0.000279 0.000279 0.000279 0.000279 0.000279 0.000279 0.000278 0.000276 0.000271 0.000257 0.000228 0.000176 0.000097 0.000000 
50.000000 33.770571 20.211276 10.685869 4.999618 2.079586 0.773671 0.259139 0.078673 0.021805 0.005572 0.001346 0.000335 0.000112 0.000067 0.000058 0.000057 0.000056 0.000056 0.000056 0.000056 0.000056 0.000056 0.000056 0.000056 0.000056 0.000056 0.000056 0.000056 0.000056 0.000056 0.000056 0.000056 0.000056 0.000056 0.000056 0.000056 0.000056 0.000056 0.000056 0.000056 0.000056 0.000056 0.000056 0.000054 0.000052 0.000046 0.000035 0.000020 0.000000 
50.000000 33.770556 20.211249 10.685833 4.999577 2.079542 0.773626 0.259094 0.078628 0.021759 0.005527 0.001300 0.000290 0.000067 0.000021 0.000012 0.000011 0.000011 0.000011 0.000011 0.000011 0.000011 0.000011 0.000011 0.000011 0.000011 0.000011 0.000011 0.000011 0.000011 0.000011 0.000011 0.000011 0.000011 0.000011 0.000011 0.000011 0.000011 0.000011 0.000011 0.000011 0.000011 0.000011 0.000010 0.000010 0.000010 0.000009 0.000007 0.000004 0.000000 
50.000000 33.770553 20.211244 10.685826 4.999569 2.079534 0.773617 0.259085 0.078619 0.021750 0.005518 0.001291 0.000281 0.000058 0.000012 0.000004 0.000002 0.000002 0.000002 0.000002 0.000002 0.000002 0.000002 0.000002 0.000002 0.000002 0.000002 0.000002 0.000002 0.000002 0.000002 0.000002 0.000002 0.000002 0.000002 0.000002 0.000002 0.000002 0.000002 0.000002 0.000002 0.000002 0.000002 0.000002 0.000002 0.000002 0.000002 0.000001 0.000001 0.000000 
50.000000 33.770552 20.211243 10.685825 4.999567 2.079532 0.773616 0.259084 0.078618 0.021749 0.005517 0.001290 0.000279 0.000057 0.000011 0.000002 0.000001 0.000000 0.000000 0.000000 0.000000 0.000000 0.000000 0.000000 0.000000 0.000000 0.000000 0.000000 0.000000 0.000000 0.000000 0.000000 0.000000 0.000000 0.000000 0.000000 0.000000 0.000000 0.000000 0.000000 0.000000 0.000000 0.000000 0.000000 0.000000 0.000000 0.000000 0.000000 0.000000 0.000000 
50.000000 33.770552 20.211242 10.685825 4.999567 2.079532 0.773615 0.259084 0.078617 0.021748 0.005516 0.001290 0.000279 0.000056 0.000011 0.000002 0.000000 0.000000 0.000000 0.000000 0.000000 0.000000 0.000000 0.000000 0.000000 0.000000 0.000000 0.000000 0.000000 0.000000 0.000000 0.000000 0.000000 0.000000 0.000000 0.000000 0.000000 0.000000 0.000000 0.000000 0.000000 0.000000 0.000000 0.000000 0.000000 0.000000 0.000000 0.000000 0.000000 0.000000 
50.000000 33.770552 20.211242 10.685825 4.999567 2.079532 0.773615 0.259084 0.078617 0.021748 0.005516 0.001290 0.000279 0.000056 0.000011 0.000002 0.000000 0.000000 0.000000 0.000000 0.000000 0.000000 0.000000 0.000000 0.000000 0.000000 0.000000 0.000000 0.000000 0.000000 0.000000 0.000000 0.000000 0.000000 0.000000 0.000000 0.000000 0.000000 0.000000 0.000000 0.000000 0.000000 0.000000 0.000000 0.000000 0.000000 0.000000 0.000000 0.000000 0.000000 
50.000000 33.770552 20.211242 10.685825 4.999567 2.079532 0.773615 0.259084 0.078617 0.021748 0.005516 0.001290 0.000279 0.000056 0.000011 0.000002 0.000000 0.000000 0.000000 0.000000 0.000000 0.000000 0.000000 0.000000 0.000000 0.000000 0.000000 0.000000 0.000000 0.000000 0.000000 0.000000 0.000000 0.000000 0.000000 0.000000 0.000000 0.000000 0.000000 0.000000 0.000000 0.000000 0.000000 0.000000 0.000000 0.000000 0.000000 0.000000 0.000000 0.000000 
50.000000 33.770552 20.211242 10.685825 4.999567 2.079532 0.773615 0.259084 0.078617 0.021748 0.005516 0.001290 0.000279 0.000056 0.000011 0.000002 0.000000 0.000000 0.000000 0.000000 0.000000 0.000000 0.000000 0.000000 0.000000 0.000000 0.000000 0.000000 0.000000 0.000000 0.000000 0.000000 0.000000 0.000000 0.000000 0.000000 0.000000 0.000000 0.000000 0.000000 0.000000 0.000000 0.000000 0.000000 0.000000 0.000000 0.000000 0.000000 0.000000 0.000000 
50.000000 33.770552 20.211242 10.685825 4.999567 2.079532 0.773615 0.259084 0.078617 0.021748 0.005516 0.001290 0.000279 0.000056 0.000011 0.000002 0.000000 0.000000 0.000000 0.000000 0.000000 0.000000 0.000000 0.000000 0.000000 0.000000 0.000000 0.000000 0.000000 0.000000 0.000000 0.000000 0.000000 0.000000 0.000000 0.000000 0.000000 0.000000 0.000000 0.000000 0.000000 0.000000 0.000000 0.000000 0.000000 0.000000 0.000000 0.000000 0.000000 0.000000 
50.000000 33.770552 20.211242 10.685825 4.999567 2.079532 0.773615 0.259084 0.078617 0.021748 0.005516 0.001290 0.000279 0.000056 0.000011 0.000002 0.000000 0.000000 0.000000 0.000000 0.000000 0.000000 0.000000 0.000000 0.000000 0.000000 0.000000 0.000000 0.000000 0.000000 0.000000 0.000000 0.000000 0.000000 0.000000 0.000000 0.000000 0.000000 0.000000 0.000000 0.000000 0.000000 0.000000 0.000000 0.000000 0.000000 0.000000 0.000000 0.000000 0.000000 
50.000000 33.770552 20.211242 10.685825 4.999567 2.079532 0.773615 0.259084 0.078617 0.021748 0.005516 0.001290 0.000279 0.000056 0.000011 0.000002 0.000000 0.000000 0.000000 0.000000 0.000000 0.000000 0.000000 0.000000 0.000000 0.000000 0.000000 0.000000 0.000000 0.000000 0.000000 0.000000 0.000000 0.000000 0.000000 0.000000 0.000000 0.000000 0.000000 0.000000 0.000000 0.000000 0.000000 0.000000 0.000000 0.000000 0.000000 0.000000 0.000000 0.000000 
50.000000 33.770552 20.211242 10.685825 4.999567 2.079532 0.773615 0.259084 0.078617 0.021748 0.005516 0.001290 0.000279 0.000056 0.000011 0.000002 0.000000 0.000000 0.000000 0.000000 0.000000 0.000000 0.000000 0.000000 0.000000 0.000000 0.000000 0.000000 0.000000 0.000000 0.000000 0.000000 0.000000 0.000000 0.000000 0.000000 0.000000 0.000000 0.000000 0.000000 0.000000 0.000000 0.000000 0.000000 0.000000 0.000000 0.000000 0.000000 0.000000 0.000000 
50.000000 33.770552 20.211242 10.685825 4.999567 2.079532 0.773615 0.259084 0.078617 0.021748 0.005516 0.001290 0.000279 0.000056 0.000011 0.000002 0.000000 0.000000 0.000000 0.000000 0.000000 0.000000 0.000000 0.000000 0.000000 0.000000 0.000000 0.000000 0.000000 0.000000 0.000000 0.000000 0.000000 0.000000 0.000000 0.000000 0.000000 0.000000 0.000000 0.000000 0.000000 0.000000 0.000000 0.000000 0.000000 0.000000 0.000000 0.000000 0.000000 0.000000 
50.000000 33.770552 20.211242 10.685825 4.999567 2.079532 0.773615 0.259084 0.078617 0.021748 0.005516 0.001290 0.000279 0.000056 0.000011 0.000002 0.000000 0.000000 0.000000 0.000000 0.000000 0.000000 0.000000 0.000000 0.000000 0.000000 0.000000 0.000000 0.000000 0.000000 0.000000 0.000000 0.000000 0.000000 0.000000 0.000000 0.000000 0.000000 0.000000 0.000000 0.000000 0.000000 0.000000 0.000000 0.000000 0.000000 0.000000 0.000000 0.000000 0.000000 
50.000000 33.770552 20.211242 10.685825 4.999567 2.079532 0.773615 0.259084 0.078617 0.021748 0.005516 0.001290 0.000279 0.000056 0.000011 0.000002 0.000000 0.000000 0.000000 0.000000 0.000000 0.000000 0.000000 0.000000 0.000000 0.000000 0.000000 0.000000 0.000000 0.000000 0.000000 0.000000 0.000000 0.000000 0.000000 0.000000 0.000000 0.000000 0.000000 0.000000 0.000000 0.000000 0.000000 0.000000 0.000000 0.000000 0.000000 0.000000 0.000000 0.000000 
50.000000 33.770552 20.211242 10.685825 4.999567 2.079532 0.773615 0.259084 0.078617 0.021748 0.005516 0.001290 0.000279 0.000056 0.000011 0.000002 0.000000 0.000000 0.000000 0.000000 0.000000 0.000000 0.000000 0.000000 0.000000 0.000000 0.000000 0.000000 0.000000 0.000000 0.000000 0.000000 0.000000 0.000000 0.000000 0.000000 0.000000 0.000000 0.000000 0.000000 0.000000 0.000000 0.000000 0.000000 0.000000 0.000000 0.000000 0.000000 0.000000 0.000000 
50.000000 33.770552 20.211242 10.685825 4.999567 2.079532 0.773615 0.259084 0.078617 0.021748 0.005516 0.001290 0.000279 0.000056 0.000011 0.000002 0.000000 0.000000 0.000000 0.000000 0.000000 0.000000 0.000000 0.000000 0.000000 0.000000 0.000000 0.000000 0.000000 0.000000 0.000000 0.000000 0.000000 0.000000 0.000000 0.000000 0.000000 0.000000 0.000000 0.000000 0.000000 0.000000 0.000000 0.000000 0.000000 0.000000 0.000000 0.000000 0.000000 0.000000 
50.000000 33.770552 20.211242 10.685825 4.999567 2.079532 0.773615 0.259084 0.078617 0.021748 0.005516 0.001290 0.000279 0.000056 0.000011 0.000002 0.000000 0.000000 0.000000 0.000000 0.000000 0.000000 0.000000 0.000000 0.000000 0.000000 0.000000 0.000000 0.000000 0.000000 0.000000 0.000000 0.000000 0.000000 0.000000 0.000000 0.000000 0.000000 0.000000 0.000000 0.000000 0.000000 0.000000 0.000000 0.000000 0.000000 0.000000 0.000000 0.000000 0.000000 
50.000000 33.770552 20.211242 10.685825 4.999567 2.079532 0.773615 0.259084 0.078617 0.021748 0.005516 0.001290 0.000279 0.000056 0.000011 0.000002 0.000000 0.000000 0.000000 0.000000 0.000000 0.000000 0.000000 0.000000 0.000000 0.000000 0.000000 0.000000 0.000000 0.000000 0.000000 0.000000 0.000000 0.000000 0.000000 0.000000 0.000000 0.000000 0.000000 0.000000 0.000000 0.000000 0.000000 0.000000 0.000000 0.000000 0.000000 0.000000 0.000000 0.000000 
50.000000 33.770552 20.211242 10.685825 4.999567 2.079532 0.773615 0.259084 0.078617 0.021748 0.005516 0.001290 0.000279 0.000056 0.000011 0.000002 0.000000 0.000000 0.000000 0.000000 0.000000 0.000000 0.000000 0.000000 0.000000 0.000000 0.000000 0.000000 0.000000 0.000000 0.000000 0.000000 0.000000 0.000000 0.000000 0.000000 0.000000 0.000000 0.000000 0.000000 0.000000 0.000000 0.000000 0.000000 0.000000 0.000000 0.000000 0.000000 0.000000 0.000000 
50.000000 33.770552 20.211243 10.685825 4.999567 2.079532 0.773616 0.259084 0.078618 0.021749 0.005517 0.001290 0.000279 0.000057 0.000011 0.000002 0.000001 0.000000 0.000000 0.000000 0.000000 0.000000 0.000000 0.000000 0.000000 0.000000 0.000000 0.000000 0.000000 0.000000 0.000000 0.000000 0.000000 0.000000 0.000000 0.000000 0.000000 0.000000 0.000000 0.000000 0.000000 0.000000 0.000000 0.000000 0.000000 0.000000 0.000000 0.000000 0.000000 0.000000 
50.000000 33.770553 20.211244 10.685826 4.999569 2.079534 0.773617 0.259085 0.078619 0.021750 0.005518 0.001291 0.000281 0.000058 0.000012 0.000004 0.000002 0.000002 0.000002 0.000002 0.000002 0.000002 0.000002 0.000002 0.000002 0.000002 0.000002 0.000002 0.000002 0.000002 0.000002 0.000002 0.000002 0.000002 0.000002 0.000002 0.000002 0.000002 0.000002 0.000002 0.000002 0.000002 0.000002 0.000002 0.000002 0.000002 0.000002 0.000001 0.000001 0.000000 
50.000000 33.770556 20.211249 10.685833 4.999577 2.079542 0.773626 0.259094 0.078628 0.021759 0.005527 0.001300 0.000290 0.000067 0.000021 0.000012 0.000011 0.000011 0.000011 0.000011 0.000011 0.000011 0.000011 0.000011 0.000011 0.000011 0.000011 0.000011 0.000011 0.000011 0.000011 0.000011 0.000011 0.000011 0.000011 0.000011 0.000011 0.000011 0.000011 0.000011 0.000011 0.000011 0.000011 0.000010 0.000010 0.000010 0.000009 0.000007 0.000004 0.000000 
50.000000 33.770571 20.211276 10.685869 4.999618 2.079586 0.773671 0.259139 0.078673 0.021805 0.005572 0.001346 0.000335 0.000112 0.000067 0.000058 0.000057 0.000056 0.000056 0.000056 0.000056 0.000056 0.000056 0.000056 0.000056 0.000056 0.000056 0.000056 0.000056 0.000056 0.000056 0.000056 0.000056 0.000056 0.000056 0.000056 0.000056 0.000056 0.000056 0.000056 0.000056 0.000056 0.000056 0.000056 0.000054 0.000052 0.000046 0.000035 0.000020 0.000000 
50.000000 33.770644 20.211411 10.686046 4.999820 2.079800 0.773891 0.259361 0.078896 0.022027 0.005795 0.001569 0.000558 0.000335 0.000290 0.000281 0.000279 0.000279 0.000279 0.000279 0.000279 0.000279 0.000279 0.000279 0.000279 0.000279 0.000279 0.000279 0.000279 0.000279 0.000279 0.000279 0.000279 0.000279 0.000279 0.000279 0.000279 0.000279 0.000279 0.000279 0.000279 0.000279 0.000278 0.000276 0.000271 0.000257 0.000228 0.000176 0.000097 0.000000 
50.000000 33.770976 20.212018 10.686846 5.000733 2.080771 0.774886 0.260367 0.079905 0.023037 0.006806 0.002579 0.001569 0.001346 0.001300 0.001291 0.001290 0.001290 0.001290 0.001290 0.001290 0.001290 0.001290 0.001290 0.001290 0.001290 0.001290 0.001290 0.001290 0.001290 0.001290 0.001290 0.001290 0.001290 0.001290 0.001290 0.001290 0.001290 0.001290 0.001289 0.001289 0.001288 0.001286 0.001277 0.001251 0.001189 0.001057 0.000817 0.000452 0.000000 
50.000000 33.772361 20.214557 10.690188 5.004551 2.084830 0.779052 0.264573 0.084126 0.027262 0.011032 0.006806 0.005795 0.005572 0.005527 0.005518 0.005517 0.005516 0.005516 0.005516 0.005516 0.005516 0.005516 0.005516 0.005516 0.005516 0.005516 0.005516 0.005516 0.005516 0.005516 0.005516 0.005516 0.005516 0.005516 0.005516 0.005516 0.005516 0.005516 0.005516 0.005515 0.005512 0.005500 0.005462 0.005357 0.005096 0.004537 0.003512 0.001949 0.000000 
50.000000 33.777674 20.224294 10.703014 5.019205 2.100413 0.795045 0.280727 0.100334 0.043488 0.027262 0.023037 0.022027 0.021805 0.021759 0.021750 0.021749 0.021748 0.021748 0.021748 0.021748 0.021748 0.021748 0.021748 0.021748 0.021748 0.021748 0.021748 0.021748 0.021748 0.021748 0.021748 0.021748 0.021748 0.021748 0.021748 0.021748 0.021748 0.021748 0.021747 0.021744 0.021731 0.021687 0.021545 0.021143 0.020139 0.017964 0.013946 0.007757 0.000000 
50.000000 33.796261 20.258368 10.747912 5.070518 2.154993 0.851071 0.337316 0.157119 0.100334 0.084126 0.079905 0.078896 0.078673 0.078628 0.078619 0.078618 0.078617 0.078617 0.078617 0.078617 0.078617 0.078617 0.078617 0.078617 0.078617 0.078617 0.078617 0.078617 0.078617 0.078617 0.078617 0.078617 0.078617 0.078617 0.078617 0.078617 0.078617 0.078617 0.078614 0.078603 0.078560 0.078407 0.077919 0.076526 0.073012 0.065307 0.050888 0.028408 0.000000 
50.000000 33.855163 20.366375 10.890274 5.233273 2.328147 1.028840 0.516887 0.337316 0.280727 0.264573 0.260367 0.259361 0.259139 0.259094 0.259085 0.259084 0.259084 0.259084 0.259084 0.259084 0.259084 0.259084 0.259084 0.259084 0.259084 0.259084 0.259084 0.259084 0.259084 0.259084 0.259084 0.259084 0.259083 0.259083 0.259083 0.259083 0.259083 0.259081 0.259074 0.259040 0.258909 0.258444 0.256942 0.252604 0.241519 0.216827 0.169824 0.095302 0.000000 
50.000000 34.022881 20.673985 11.295854 5.697083 2.821702 1.535617 1.028840 0.851071 0.795045 0.779052 0.774886 0.773891 0.773671 0.773626 0.773617 0.773616 0.773615 0.773615 0.773615 0.773615 0.773615 0.773615 0.773615 0.773615 0.773615 0.773615 0.773615 0.773615 0.773615 0.773615 0.773615 0.773615 0.773615 0.773615 0.773615 0.773615 0.773614 0.773610 0.773589 0.773501 0.773152 0.771898 0.767809 0.755831 0.724688 0.653876 0.515883 0.291790 0.000000 
50.000000 34.448039 21.453938 12.324499 6.873732 4.074069 2.821702 2.328147 2.154993 2.100413 2.084830 2.080771 2.079800 2.079586 2.079542 2.079534 2.079532 2.079532 2.079532 2.079532 2.079532 2.079532 2.079532 2.079532 2.079532 2.079532 2.079532 2.079532 2.079532 2.079532 2.079532 2.079532 2.079532 2.079532 2.079532 2.079532 2.079532 2.079530 2.079520 2.079473 2.079270 2.078467 2.075543 2.065871 2.037034 1.960365 1.781172 1.420382 0.813416 0.000000 
50.000000 35.397632 23.196313 14.623034 9.503631 6.873732 5.697083 5.233273 5.070518 5.019205 5.004551 5.000733 4.999820 4.999618 4.999577 4.999569 4.999567 4.999567 4.999567 4.999567 4.999567 4.999567 4.999567 4.999567 4.999567 4.999567 4.999567 4.999567 4.999567 4.999567 4.999567 4.999567 4.999567 4.999567 4.999567 4.999567 4.999566 4.999563 4.999543 4.999454 4.999066 4.997506 4.991754 4.972395 4.913367 4.751815 4.359955 3.533479 2.065930 0.000000 
50.000000 37.244991 26.586555 19.096435 14.623034 12.324499 11.295854 10.890274 10.747912 10.703014 10.690188 10.686846 10.686046 10.685869 10.685833 10.685826 10.685825 10.685825 10.685825 10.685825 10.685825 10.685825 10.685825 10.685825 10.685825 10.685825 10.685825 10.685825 10.685825 10.685825 10.685825 10.685825 10.685825 10.685825 10.685825 10.685824 10.685823 10.685818 10.685789 10.685652 10.685050 10.682605 10.673447 10.641978 10.543327 10.263080 9.548217 7.935517 4.814587 0.000000 
50.000000 40.337140 32.262024 26.586555 23.196313 21.453938 20.673985 20.366375 20.258368 20.224294 20.214557 20.212018 20.211411 20.211276 20.211249 20.211244 20.211243 20.211242 20.211242 20.211242 20.211242 20.211242 20.211242 20.211242 20.211242 20.211242 20.211242 20.211242 20.211242 20.211242 20.211242 20.211242 20.211242 20.211242 20.211242 20.211242 20.211241 20.211235 20.211201 20.211044 20.210348 20.207480 20.196551 20.158103 20.033556 19.662834 18.651038 16.131012 10.501693 0.000000 
50.000000 44.736233 40.337140 37.244991 35.397632 34.448039 34.022881 33.855163 33.796261 33.777674 33.772361 33.770976 33.770644 33.770571 33.770556 33.770553 33.770552 33.770552 33.770552 33.770552 33.770552 33.770552 33.770552 33.770552 33.770552 33.770552 33.770552 33.770552 33.770552 33.770552 33.770552 33.770552 33.770552 33.770552 33.770552 33.770552 33.770551 33.770547 33.770524 33.770413 33.769917 33.767853 33.759862 33.731091 33.634622 33.331703 32.430404 29.835447 22.368117 0.000000 
50.000000 50.000000 50.000000 50.000000 50.000000 50.000000 50.000000 50.000000 50.000000 50.000000 50.000000 50.000000 50.000000 50.000000 50.000000 50.000000 50.000000 50.000000 50.000000 50.000000 50.000000 50.000000 50.000000 50.000000 50.000000 50.000000 50.000000 50.000000 50.000000 50.000000 50.000000 50.000000 50.000000 50.000000 50.000000 50.000000 50.000000 50.000000 50.000000 50.000000 50.000000 50.000000 50.000000 50.000000 50.000000 50.000000 50.000000 50.000000 50.000000 50.000000 
