50.000000 50.000000 50.000000 50.000000 50.000000 50.000000 50.000000 50.000000 50.000000 50.000000 50.000000 50.000000 50.000000 50.000000 50.000000 50.000000 50.000000 50.000000 50.000000 50.000000 50.000000 50.000000 50.000000 50.000000 50.000000 50.000000 50.000000 50.000000 50.000000 50.000000 50.000000 50.000000 50.000000 50.000000 50.000000 50.000000 50.000000 50.000000 50.000000 50.000000 50.000000 50.000000 50.000000 50.000000 50.000000 50.000000 50.000000 50.000000 50.000000 50.000000 
50.000000 48.698319 47.449817 46.301160 45.287322 44.428675 43.730685 43.185912 42.777513 42.483309 42.279552 42.143810 42.056777 42.003039 41.971067 41.952726 41.942575 41.937151 41.934352 41.932955 41.932280 41.931965 41.931823 41.931760 41.931733 41.931722 41.931716 41.931711 41.931701 41.931680 41.931631 41.931519 41.931270 41.930734 41.929609 41.927307 41.922720 41.913804 41.896884 41.865471 41.808279 41.705805 41.524213 41.203645 40.633915 39.598485 37.630121 33.594251 24.349160 0.000000 
50.000000 47.449817 45.003819 42.753437 40.767189 39.084985 37.717535 36.650261 35.850163 35.273790 34.874612 34.608684 34.438182 34.332906 34.270272 34.234342 34.214456 34.203831 34.198347 34.195610 34.194289 34.193672 34.193393 34.193270 34.193218 34.193195 34.193184 34.193174 34.193157 34.193117 34.193025 34.192817 34.192357 34.191364 34.189283 34.185037 34.176595 34.160240 34.129325 34.072230 33.969010 33.785866 33.465839 32.912619 31.961164 30.322447 27.478867 22.501909 13.855565 0.000000 
50.000000 46.301160 42.753437 39.489447 36.608571 34.168693 32.185349 30.637388 29.476945 28.640995 28.062047 27.676363 27.429080 27.276399 27.185562 27.133454 27.104615 27.089206 27.081253 27.077284 27.075369 27.074474 27.074069 27.073892 27.073816 27.073783 27.073767 27.073753 27.073730 27.073677 27.073556 27.073280 27.072670 27.071360 27.068621 27.063047 27.052010 27.030731 26.990750 26.917489 26.786391 26.556942 26.163437 25.500791 24.403073 22.612788 19.744724 15.274570 8.671038 0.000000 
50.000000 45.287322 40.767189 36.608571 32.938090 29.829497 27.302582 25.330390 23.851935 22.786910 22.049321 21.557962 21.242929 21.048420 20.932699 20.866318 20.829581 20.809952 20.799820 20.794765 20.792326 20.791186 20.790670 20.790444 20.790347 20.790306 20.790286 20.790270 20.790243 20.790184 20.790047 20.789737 20.789055 20.787592 20.784544 20.778367 20.766196 20.742872 20.699377 20.620424 20.480831 20.240282 19.836051 19.173454 18.114645 16.469045 13.995783 10.444742 5.688838 0.000000 
50.000000 44.428675 39.084985 34.168693 29.829497 26.154583 23.167341 20.835901 19.088154 17.829158 16.957247 16.376415 16.004023 15.774104 15.637319 15.558856 15.515433 15.492233 15.480259 15.474284 15.471401 15.470054 15.469444 15.469177 15.469063 15.469014 15.468991 15.468974 15.468947 15.468887 15.468749 15.468438 15.467755 15.466297 15.463269 15.457163 15.445200 15.422428 15.380315 15.304651 15.172560 14.948533 14.579541 13.989854 13.077292 11.714852 9.765620 7.123821 3.794760 0.000000 
50.000000 43.730685 37.717535 32.185349 27.302582 23.167341 19.805943 17.182514 15.215905 13.799271 12.818203 12.164667 11.745669 11.486981 11.333083 11.244806 11.195953 11.169852 11.156381 11.149660 11.146416 11.144901 11.144215 11.143915 11.143786 11.143732 11.143707 11.143690 11.143664 11.143608 11.143481 11.143195 11.142570 11.141238 11.138485 11.132962 11.122205 11.101876 11.064606 10.998333 10.884090 10.693282 10.384826 9.902971 9.177488 8.129128 6.684558 4.804916 2.527040 0.000000 
50.000000 43.185912 36.650261 30.637388 25.330390 20.835901 17.182514 14.331232 12.193843 10.654210 9.587979 8.877723 8.422371 8.141242 7.973997 7.878067 7.824980 7.796618 7.781979 7.774676 7.771152 7.769505 7.768761 7.768434 7.768295 7.768236 7.768210 7.768193 7.768170 7.768122 7.768013 7.767769 7.767236 7.766106 7.763782 7.759144 7.750166 7.733321 7.702703 7.648808 7.557011 7.405865 7.165616 6.797688 6.256360 5.494339 4.473951 3.184421 1.661699 0.000000 
50.000000 42.777513 35.850163 29.476945 23.851935 19.088154 15.215905 12.193843 9.928460 8.296652 7.166603 6.413849 5.931259 5.633319 5.456078 5.354416 5.298157 5.268102 5.252590 5.244851 5.241117 5.239372 5.238583 5.238237 5.238089 5.238028 5.238001 5.237985 5.237965 5.237926 5.237839 5.237643 5.237218 5.236320 5.234482 5.230831 5.223809 5.210728 5.187145 5.146032 5.076783 4.964230 4.787978 4.522623 4.139621 3.611653 2.920003 2.064297 1.071707 0.000000 
50.000000 42.483309 35.273790 28.640995 22.786910 17.829158 13.799271 10.654210 8.296652 6.598467 5.422468 4.639117 4.136918 3.826879 3.642443 3.536656 3.478116 3.446842 3.430702 3.422650 3.418764 3.416949 3.416128 3.415768 3.415615 3.415551 3.415524 3.415509 3.415493 3.415463 3.415397 3.415249 3.414929 3.414256 3.412884 3.410175 3.404994 3.395408 3.378261 3.348632 3.299234 3.219869 3.097200 2.915181 2.656598 2.306079 1.854605 1.304780 0.675031 0.000000 
50.000000 42.279552 34.874612 28.062047 22.049321 16.957247 12.818203 9.587979 7.166603 5.422468 4.214662 3.410134 2.894366 2.575953 2.386539 2.277899 2.217782 2.185665 2.169091 2.160822 2.156832 2.154968 2.154125 2.153756 2.153598 2.153533 2.153506 2.153492 2.153479 2.153457 2.153409 2.153304 2.153076 2.152598 2.151628 2.149722 2.146099 2.139437 2.127606 2.107331 2.073836 2.020571 1.939171 1.819869 1.652596 1.428897 1.144558 0.802382 0.414081 0.000000 
50.000000 42.143810 34.608684 27.676363 21.557962 16.376415 12.164667 8.877723 6.413849 4.639117 3.410134 2.591507 2.066707 1.742723 1.549997 1.439458 1.378291 1.345614 1.328751 1.320338 1.316279 1.314383 1.313525 1.313149 1.312989 1.312923 1.312895 1.312882 1.312873 1.312857 1.312824 1.312752 1.312598 1.312275 1.311623 1.310348 1.307936 1.303529 1.295754 1.282527 1.260856 1.226704 1.175021 1.100061 0.996099 0.858585 0.685613 0.479359 0.246926 0.000000 
50.000000 42.056777 34.438182 27.429080 21.242929 16.004023 11.745669 8.422371 5.931259 4.136918 2.894366 2.066707 1.536122 1.208568 1.013721 0.901967 0.840128 0.807093 0.790044 0.781540 0.777436 0.775519 0.774652 0.774272 0.774110 0.774043 0.774016 0.774004 0.773996 0.773985 0.773964 0.773917 0.773817 0.773609 0.773191 0.772377 0.770845 0.768061 0.763179 0.754929 0.741510 0.720531 0.689049 0.643793 0.581595 0.500057 0.398350 0.277941 0.142973 0.000000 
50.000000 42.003039 34.332906 27.276399 21.048420 15.774104 11.486981 8.141242 5.633319 3.826879 2.575953 1.742723 1.208568 0.878813 0.682658 0.570155 0.507902 0.474646 0.457484 0.448922 0.444791 0.442861 0.441989 0.441606 0.441443 0.441376 0.441349 0.441337 0.441331 0.441324 0.441310 0.441281 0.441219 0.441091 0.440835 0.440338 0.439407 0.437723 0.434787 0.429855 0.421885 0.409510 0.391076 0.364776 0.328904 0.282224 0.224389 0.156311 0.080320 0.000000 
50.000000 41.971067 34.270272 27.185562 20.932699 15.637319 11.333083 7.973997 5.456078 3.642443 2.386539 1.549997 1.013721 0.682658 0.485726 0.372778 0.310278 0.276891 0.259661 0.251066 0.246919 0.244982 0.244106 0.243721 0.243558 0.243491 0.243463 0.243452 0.243447 0.243442 0.243434 0.243416 0.243380 0.243305 0.243154 0.242863 0.242320 0.241343 0.239649 0.236817 0.232268 0.225247 0.214854 0.200121 0.180156 0.154332 0.122515 0.085235 0.043760 0.000000 
50.000000 41.952726 34.234342 27.133454 20.866318 15.558856 11.244806 7.878067 5.354416 3.536656 2.277899 1.439458 0.901967 0.570155 0.372778 0.259575 0.196935 0.163472 0.146204 0.137589 0.133433 0.131491 0.130613 0.130228 0.130064 0.129997 0.129970 0.129959 0.129954 0.129950 0.129946 0.129936 0.129915 0.129872 0.129787 0.129624 0.129320 0.128775 0.127835 0.126271 0.123771 0.119934 0.114285 0.106321 0.095587 0.081775 0.064834 0.045058 0.023117 0.000000 
50.000000 41.942575 34.214456 27.104615 20.829581 15.515433 11.195953 7.824980 5.298157 3.478116 2.217782 1.378291 0.840128 0.507902 0.310279 0.196935 0.134217 0.100713 0.083423 0.074798 0.070636 0.068692 0.067813 0.067428 0.067264 0.067196 0.067169 0.067158 0.067154 0.067151 0.067148 0.067143 0.067132 0.067108 0.067062 0.066974 0.066810 0.066518 0.066016 0.065184 0.063860 0.061837 0.058874 0.054716 0.049137 0.041989 0.033255 0.023092 0.011841 0.000000 
50.000000 41.937151 34.203831 27.089206 20.809952 15.492233 11.169852 7.796618 5.268102 3.446842 2.185665 1.345614 0.807093 0.474646 0.276891 0.163472 0.100713 0.067187 0.049886 0.041255 0.037091 0.035146 0.034266 0.033880 0.033716 0.033648 0.033621 0.033611 0.033606 0.033604 0.033603 0.033600 0.033594 0.033581 0.033557 0.033511 0.033427 0.033276 0.033017 0.032590 0.031913 0.030884 0.029382 0.027283 0.024478 0.020897 0.016536 0.011474 0.005881 0.000000 
50.000000 41.934352 34.198347 27.081253 20.799820 15.480259 11.156381 7.781979 5.252590 3.430702 2.169091 1.328751 0.790044 0.457484 0.259662 0.146204 0.083423 0.049886 0.032579 0.023945 0.019779 0.017834 0.016953 0.016568 0.016404 0.016336 0.016309 0.016298 0.016294 0.016292 0.016291 0.016290 0.016287 0.016280 0.016268 0.016245 0.016203 0.016127 0.015999 0.015787 0.015453 0.014947 0.014211 0.013186 0.011821 0.010083 0.007973 0.005529 0.002833 0.000000 
50.000000 41.932955 34.195610 27.077284 20.794765 15.474284 11.149660 7.774676 5.244851 3.422650 2.160822 1.320338 0.781540 0.448922 0.251067 0.137590 0.074798 0.041255 0.023945 0.015310 0.011144 0.009198 0.008317 0.007931 0.007767 0.007700 0.007673 0.007662 0.007658 0.007656 0.007656 0.007655 0.007653 0.007650 0.007644 0.007633 0.007613 0.007576 0.007515 0.007413 0.007254 0.007013 0.006664 0.006179 0.005536 0.004719 0.003729 0.002585 0.001324 0.000000 
50.000000 41.932280 34.194289 27.075369 20.792326 15.471401 11.146417 7.771152 5.241117 3.418765 2.156833 1.316279 0.777436 0.444792 0.246920 0.133433 0.070637 0.037091 0.019780 0.011144 0.006977 0.005031 0.004151 0.003765 0.003601 0.003533 0.003506 0.003495 0.003491 0.003490 0.003489 0.003489 0.003488 0.003486 0.003484 0.003478 0.003469 0.003452 0.003423 0.003376 0.003303 0.003192 0.003031 0.002809 0.002515 0.002143 0.001692 0.001173 0.000600 0.000000 
50.000000 41.931966 34.193673 27.074475 20.791187 15.470055 11.144903 7.769507 5.239374 3.416951 2.154971 1.314385 0.775521 0.442864 0.244984 0.131493 0.068695 0.035148 0.017836 0.009200 0.005032 0.003086 0.002206 0.001820 0.001656 0.001588 0.001561 0.001551 0.001547 0.001545 0.001544 0.001544 0.001544 0.001543 0.001542 0.001539 0.001535 0.001527 0.001515 0.001493 0.001461 0.001411 0.001339 0.001241 0.001110 0.000945 0.000746 0.000517 0.000265 0.000000 
50.000000 41.931824 34.193395 27.074072 20.790674 15.469449 11.144220 7.768766 5.238589 3.416134 2.154131 1.313531 0.774658 0.441995 0.244112 0.130619 0.067819 0.034272 0.016960 0.008323 0.004156 0.002210 0.001329 0.000944 0.000779 0.000712 0.000685 0.000674 0.000670 0.000669 0.000668 0.000668 0.000668 0.000667 0.000667 0.000666 0.000664 0.000660 0.000655 0.000646 0.000631 0.000610 0.000578 0.000536 0.000479 0.000408 0.000322 0.000223 0.000114 0.000000 
50.000000 41.931763 34.193276 27.073900 20.790454 15.469189 11.143928 7.768448 5.238252 3.415784 2.153772 1.313165 0.774288 0.441623 0.243738 0.130245 0.067445 0.033897 0.016584 0.007948 0.003781 0.001834 0.000954 0.000568 0.000404 0.000336 0.000309 0.000299 0.000295 0.000293 0.000293 0.000292 0.000292 0.000292 0.000292 0.000291 0.000291 0.000289 0.000287 0.000283 0.000276 0.000267 0.000253 0.000234 0.000209 0.000178 0.000140 0.000097 0.000050 0.000000 
50.000000 41.931741 34.193232 27.073837 20.790374 15.469094 11.143821 7.768332 5.238129 3.415656 2.153641 1.313032 0.774153 0.441487 0.243602 0.130108 0.067308 0.033760 0.016447 0.007811 0.003644 0.001697 0.000817 0.000431 0.000267 0.000199 0.000172 0.000162 0.000158 0.000156 0.000156 0.000156 0.000155 0.000155 0.000155 0.000155 0.000155 0.000154 0.000152 0.000150 0.000147 0.000142 0.000134 0.000124 0.000111 0.000094 0.000074 0.000052 0.000026 0.000000 
50.000000 41.931741 34.193232 27.073837 20.790374 15.469094 11.143821 7.768332 5.238129 3.415656 2.153641 1.313032 0.774153 0.441487 0.243602 0.130108 0.067308 0.033760 0.016447 0.007811 0.003644 0.001697 0.000817 0.000431 0.000267 0.000199 0.000172 0.000162 0.000158 0.000156 0.000156 0.000156 0.000155 0.000155 0.000155 0.000155 0.000155 0.000154 0.000152 0.000150 0.000147 0.000142 0.000134 0.000124 0.000111 0.000094 0.000074 0.000052 0.000026 0.000000 
50.000000 41.931763 34.193276 27.073900 20.790454 15.469189 11.143928 7.768448 5.238252 3.415784 2.153772 1.313165 0.774288 0.441623 0.243738 0.130245 0.067445 0.033897 0.016584 0.007948 0.003781 0.001834 0.000954 0.000568 0.000404 0.000336 0.000309 0.000299 0.000295 0.000293 0.000293 0.000292 0.000292 0.000292 0.000292 0.000291 0.000291 0.000289 0.000287 0.000283 0.000276 0.000267 0.000253 0.000234 0.000209 0.000178 0.000140 0.000097 0.000050 0.000000 
50.000000 41.931824 34.193395 27.074072 20.790674 15.469449 11.144220 7.768766 5.238589 3.416134 2.154131 1.313531 0.774658 0.441995 0.244112 0.130619 0.067819 0.034272 0.016960 0.008323 0.004156 0.002210 0.001329 0.000944 0.000779 0.000712 0.000685 0.000674 0.000670 0.000669 0.000668 0.000668 0.000668 0.000667 0.000667 0.000666 0.000664 0.000660 0.000655 0.000646 0.000631 0.000610 0.000578 0.000536 0.000479 0.000408 0.000322 0.000223 0.000114 0.000000 
50.000000 41.931966 34.193673 27.074475 20.791187 15.470055 11.144903 7.769507 5.239374 3.416951 2.154971 1.314385 0.775521 0.442864 0.244984 0.131493 0.068695 0.035148 0.017836 0.009200 0.005032 0.003086 0.002206 0.001820 0.001656 0.001588 0.001561 0.001551 0.001547 0.001545 0.001544 0.001544 0.001544 0.001543 0.001542 0.001539 0.001535 0.001527 0.001515 0.001493 0.001461 0.001411 0.001339 0.001241 0.001110 0.000945 0.000746 0.000517 0.000265 0.000000 
50.000000 41.932280 34.194289 27.075369 20.792326 15.471401 11.146417 7.771152 5.241117 3.418765 2.156833 1.316279 0.777436 0.444792 0.246920 0.133433 0.070637 0.037091 0.019780 0.011144 0.006977 0.005031 0.004151 0.003765 0.003601 0.003533 0.003506 0.003495 0.003491 0.003490 0.003489 0.003489 0.003488 0.003486 0.003484 0.003478 0.003469 0.003452 0.003423 0.003376 0.003303 0.003192 0.003031 0.002809 0.002515 0.002143 0.001692 0.001173 0.000600 0.000000 
50.000000 41.932955 34.195610 27.077284 20.794765 15.474284 11.149660 7.774676 5.244851 3.422650 2.160822 1.320338 0.781540 0.448922 0.251067 0.137590 0.074798 0.041255 0.023945 0.015310 0.011144 0.009198 0.008317 0.007931 0.007767 0.007700 0.007673 0.007662 0.007658 0.007656 0.007656 0.007655 0.007653 0.007650 0.007644 0.007633 0.007613 0.007576 0.007515 0.007413 0.007254 0.007013 0.006664 0.006179 0.005536 0.004719 0.003729 0.002585 0.001324 0.000000 
50.000000 41.934352 34.198347 27.081253 20.799820 15.480259 11.156381 7.781979 5.252590 3.430702 2.169091 1.328751 0.790044 0.457484 0.259662 0.146204 0.083423 0.049886 0.032579 0.023945 0.019779 0.017834 0.016953 0.016568 0.016404 0.016336 0.016309 0.016298 0.016294 0.016292 0.016291 0.016290 0.016287 0.016280 0.016268 0.016245 0.016203 0.016127 0.015999 0.015787 0.015453 0.014947 0.014211 0.013186 0.011821 0.010083 0.007973 0.005529 0.002833 0.000000 
50.000000 41.937151 34.203831 27.089206 20.809952 15.492233 11.169852 7.796618 5.268102 3.446842 2.185665 1.345614 0.807093 0.474646 0.276891 0.163472 0.100713 0.067187 0.049886 0.041255 0.037091 0.035146 0.034266 0.033880 0.033716 0.033648 0.033621 0.033611 0.033606 0.033604 0.033603 0.033600 0.033594 0.033581 0.033557 0.033511 0.033427 0.033276 0.033017 0.032590 0.031913 0.030884 0.029382 0.027283 0.024478 0.020897 0.016536 0.011474 0.005881 0.000000 
50.000000 41.942575 34.214456 27.104615 20.829581 15.515433 11.195953 7.824980 5.298157 3.478116 2.217782 1.378291 0.840128 0.507902 0.310279 0.196935 0.134217 0.100713 0.083423 0.074798 0.070636 0.068692 0.067813 0.067428 0.067264 0.067196 0.067169 0.067158 0.067154 0.067151 0.067148 0.067143 0.067132 0.067108 0.067062 0.066974 0.066810 0.066518 0.066016 0.065184 0.063860 0.061837 0.058874 0.054716 0.049137 0.041989 0.033255 0.023092 0.011841 0.000000 
50.000000 41.952726 34.234342 27.133454 20.866318 15.558856 11.244806 7.878067 5.354416 3.536656 2.277899 1.439458 0.901967 0.570155 0.372778 0.259575 0.196935 0.163472 0.146204 0.137589 0.133433 0.131491 0.130613 0.130228 0.130064 0.129997 0.129970 0.129959 0.129954 0.129950 0.129946 0.129936 0.129915 0.129872 0.129787 0.129624 0.129320 0.128775 0.127835 0.126271 0.123771 0.119934 0.114285 0.106321 0.095587 0.081775 0.064834 0.045058 0.023117 0.000000 
50.000000 41.971067 34.270272 27.185562 20.932699 15.637319 11.333083 7.973997 5.456078 3.642443 2.386539 1.549997 1.013721 0.682658 0.485726 0.372778 0.310278 0.276891 0.259661 0.251066 0.246919 0.244982 0.244106 0.243721 0.243558 0.243491 0.243463 0.243452 0.243447 0.243442 0.243434 0.243416 0.243380 0.243305 0.243154 0.242863 0.242320 0.241343 0.239649 0.236817 0.232268 0.225247 0.214854 0.200121 0.180156 0.154332 0.122515 0.085235 0.043760 0.000000 
50.000000 42.003039 34.332906 27.276399 21.048420 15.774104 11.486981 8.141242 5.633319 3.826879 2.575953 1.742723 1.208568 0.878813 0.682658 0.570155 0.507902 0.474646 0.457484 0.448922 0.444791 0.442861 0.441989 0.441606 0.441443 0.441376 0.441349 0.441337 0.441331 0.441324 0.441310 0.441281 0.441219 0.441091 0.440835 0.440338 0.439407 0.437723 0.434787 0.429855 0.421885 0.409510 0.391076 0.364776 0.328904 0.282224 0.224389 0.156311 0.080320 0.000000 
50.000000 42.056777 34.438182 27.429080 21.242929 16.004023 11.745669 8.422371 5.931259 4.136918 2.894366 2.066707 1.536122 1.208568 1.013721 0.901967 0.840128 0.807093 0.790044 0.781540 0.777436 0.775519 0.774652 0.774272 0.774110 0.774043 0.774016 0.774004 0.773996 0.773985 0.773964 0.773917 0.773817 0.773609 0.773191 0.772377 0.770845 0.768061 0.763179 0.754929 0.741510 0.720531 0.689049 0.643793 0.581595 0.500057 0.398350 0.277941 0.142973 0.000000 
50.000000 42.143810 34.608684 27.676363 21.557962 16.376415 12.164667 8.877723 6.413849 4.639117 3.410134 2.591507 2.066707 1.742723 1.549997 1.439458 1.378291 1.345614 1.328751 1.320338 1.316279 1.314383 1.313525 1.313149 1.312989 1.312923 1.312895 1.312882 1.312873 1.312857 1.312824 1.312752 1.312598 1.312275 1.311623 1.310348 1.307936 1.303529 1.295754 1.282527 1.260856 1.226704 1.175021 1.100061 0.996099 0.858585 0.685613 0.479359 0.246926 0.000000 
50.000000 42.279552 34.874612 28.062047 22.049321 16.957247 12.818203 9.587979 7.166603 5.422468 4.214662 3.410134 2.894366 2.575953 2.386539 2.277899 2.217782 2.185665 2.169091 2.160822 2.156832 2.154968 2.154125 2.153756 2.153598 2.153533 2.153506 2.153492 2.153479 2.153457 2.153409 2.153304 2.153076 2.152598 2.151628 2.149722 2.146099 2.139437 2.127606 2.107331 2.073836 2.020571 1.939171 1.819869 1.652596 1.428897 1.144558 0.802382 0.414081 0.000000 
50.000000 42.483309 35.273790 28.640995 22.786910 17.829158 13.799271 10.654210 8.296652 6.598467 5.422468 4.639117 4.136918 3.826879 3.642443 3.536656 3.478116 3.446842 3.430702 3.422650 3.418764 3.416949 3.416128 3.415768 3.415615 3.415551 3.415524 3.415509 3.415493 3.415463 3.415397 3.415249 3.414929 3.414256 3.412884 3.410175 3.404994 3.395408 3.378261 3.348632 3.299234 3.219869 3.097200 2.915181 2.656598 2.306079 1.854605 1.304780 0.675031 0.000000 
50.000000 42.777513 35.850163 29.476945 23.851935 19.088154 15.215905 12.193843 9.928460 8.296652 7.166603 6.413849 5.931259 5.633319 5.456078 5.354416 5.298157 5.268102 5.252590 5.244851 5.241117 5.239372 5.238583 5.238237 5.238089 5.238028 5.238001 5.237985 5.237965 5.237926 5.237839 5.237643 5.237218 5.236320 5.234482 5.230831 5.223809 5.210728 5.187145 5.146032 5.076783 4.964230 4.787978 4.522623 4.139621 3.611653 2.920003 2.064297 1.071707 0.000000 
50.000000 43.185912 36.650261 30.637388 25.330390 20.835901 17.182514 14.331232 12.193843 10.654210 9.587979 8.877723 8.422371 8.141242 7.973997 7.878067 7.824980 7.796618 7.781979 7.774676 7.771152 7.769505 7.768761 7.768434 7.768295 7.768236 7.768210 7.768193 7.768170 7.768122 7.768013 7.767769 7.767236 7.766106 7.763782 7.759144 7.750166 7.733321 7.702703 7.648808 7.557011 7.405865 7.165616 6.797688 6.256360 5.494339 4.473951 3.184421 1.661699 0.000000 
50.000000 43.730685 37.717535 32.185349 27.302582 23.167341 19.805943 17.182514 15.215905 13.799271 12.818203 12.164667 11.745669 11.486981 11.333083 11.244806 11.195953 11.169852 11.156381 11.149660 11.146416 11.144901 11.144215 11.143915 11.143786 11.143732 11.143707 11.143690 11.143664 11.143608 11.143481 11.143195 11.142570 11.141238 11.138485 11.132962 11.122205 11.101876 11.064606 10.998333 10.884090 10.693282 10.384826 9.902971 9.177488 8.129128 6.684558 4.804916 2.527040 0.000000 
50.000000 44.428675 39.084985 34.168693 29.829497 26.154583 23.167341 20.835901 19.088154 17.829158 16.957247 16.376415 16.004023 15.774104 15.637319 15.558856 15.515433 15.492233 15.480259 15.474284 15.471401 15.470054 15.469444 15.469177 15.469063 15.469014 15.468991 15.468974 15.468947 15.468887 15.468749 15.468438 15.467755 15.466297 15.463269 15.457163 15.445200 15.422428 15.380315 15.304651 15.172560 14.948533 14.579541 13.989854 13.077292 11.714852 9.765620 7.123821 3.794760 0.000000 
50.000000 45.287322 40.767189 36.608571 32.938090 29.829497 27.302582 25.330390 23.851935 22.786910 22.049321 21.557962 21.242929 21.048420 20.932699 20.866318 20.829581 20.809952 20.799820 20.794765 20.792326 20.791186 20.790670 20.790444 20.790347 20.790306 20.790286 20.790270 20.790243 20.790184 20.790047 20.789737 20.789055 20.787592 20.784544 20.778367 20.766196 20.742872 20.699377 20.620424 20.480831 20.240282 19.836051 19.173454 18.114645 16.469045 13.995783 10.444742 5.688838 0.000000 
50.000000 46.301160 42.753437 39.489447 36.608571 34.168693 32.185349 30.637388 29.476945 28.640995 28.062047 27.676363 27.429080 27.276399 27.185562 27.133454 27.104615 27.089206 27.081253 27.077284 27.075369 27.074474 27.074069 27.073892 27.073816 27.073783 27.073767 27.073753 27.073730 27.073677 27.073556 27.073280 27.072670 27.071360 27.068621 27.063047 27.052010 27.030731 26.990750 26.917489 26.786391 26.556942 26.163437 25.500791 24.403073 22.612788 19.744724 15.274570 8.671038 0.000000 
50.000000 47.449817 45.003819 42.753437 40.767189 39.084985 37.717535 36.650261 35.850163 35.273790 34.874612 34.608684 34.438182 34.332906 34.270272 34.234342 34.214456 34.203831 34.198347 34.195610 34.194289 34.193672 34.193393 34.193270 34.193218 34.193195 34.193184 34.193174 34.193157 34.193117 34.193025 34.192817 34.192357 34.191364 34.189283 34.185037 34.176595 34.160240 34.129325 34.072230 33.969010 33.785866 33.465839 32.912619 31.961164 30.322447 27.478867 22.501909 13.855565 0.000000 
50.000000 48.698319 47.449817 46.301160 45.287322 44.428675 43.730685 43.185912 42.777513 42.483309 42.279552 42.143810 42.056777 42.003039 41.971067 41.952726 41.942575 41.937151 41.934352 41.932955 41.932280 41.931965 41.931823 41.931760 41.931733 41.931722 41.931716 41.931711 41.931701 41.931680 41.931631 41.931519 41.931270 41.930734 41.929609 41.927307 41.922720 41.913804 41.896884 41.865471 41.808279 41.705805 41.524213 41.203645 40.633915 39.598485 37.630121 33.594251 24.349160 0.000000 
50.000000 50.000000 50.000000 50.000000 50.000000 50.000000 50.000000 50.000000 50.000000 50.000000 50.000000 50.000000 50.000000 50.000000 50.000000 50.000000 50.000000 50.000000 50.000000 50.000000 50.000000 50.000000 50.000000 50.000000 50.000000 50.000000 50.000000 50.000000 50.000000 50.000000 50.000000 50.000000 50.000000 50.000000 50.000000 50.000000 50.000000 50.000000 50.000000 50.000000 50.000000 50.000000 50.000000 50.000000 50.000000 50.000000 50.000000 50.000000 50.000000 50.000000 
