50.000000 50.000000 50.000000 50.000000 50.000000 50.000000 50.000000 50.000000 50.000000 50.000000 50.000000 50.000000 50.000000 50.000000 50.000000 50.000000 50.000000 50.000000 50.000000 50.000000 50.000000 50.000000 50.000000 50.000000 50.000000 50.000000 50.000000 50.000000 50.000000 50.000000 50.000000 50.000000 50.000000 50.000000 50.000000 50.000000 50.000000 50.000000 50.000000 50.000000 50.000000 50.000000 50.000000 50.000000 50.000000 50.000000 50.000000 50.000000 50.000000 50.000000 
50.000000 48.973622 47.980315 47.049955 46.206544 45.466441 44.837704 44.320528 43.908538 43.590623 43.352930 43.180695 43.059703 42.977280 42.922810 42.887879 42.866133 42.852986 42.845265 42.840857 42.838411 42.837091 42.836397 42.836042 42.835863 42.835772 42.835721 42.835678 42.835618 42.835508 42.835289 42.834857 42.834019 42.832424 42.829455 42.824041 42.814360 42.797370 42.768061 42.718259 42.634679 42.495619 42.265035 41.881145 41.232444 40.102031 38.023519 33.864527 24.486811 0.000000 
50.000000 47.980315 46.025707 44.194966 42.535322 41.078967 39.841759 38.824078 38.013380 37.387801 36.920081 36.581167 36.343087 36.180900 36.073719 36.004985 35.962195 35.936326 35.921132 35.912460 35.907647 35.905049 35.903684 35.902985 35.902633 35.902456 35.902355 35.902273 35.902159 35.901950 35.901538 35.900724 35.899147 35.896151 35.890583 35.880447 35.862369 35.830739 35.776390 35.684517 35.531395 35.279064 34.866400 34.193449 33.092687 31.274394 28.222572 23.012853 14.115789 0.000000 
50.000000 47.049955 44.194966 41.520905 39.096761 36.969553 35.162445 33.675991 32.491865 31.578135 30.894978 30.399958 30.052221 29.815333 29.658787 29.558396 29.495899 29.458116 29.435926 29.423260 29.416231 29.412436 29.410443 29.409422 29.408909 29.408650 29.408505 29.408389 29.408233 29.407948 29.407387 29.406283 29.404145 29.400094 29.392583 29.378956 29.354742 29.312579 29.240565 29.119769 28.920474 28.596486 28.076413 27.250198 25.948521 23.912945 20.760452 15.972393 9.026437 0.000000 
50.000000 46.206544 42.535322 39.096761 35.979573 33.244221 30.920492 29.009092 27.486459 26.311526 25.433085 24.796565 24.349432 24.044835 23.843546 23.714463 23.634105 23.585525 23.556993 23.540708 23.531670 23.526792 23.524229 23.522916 23.522258 23.521926 23.521743 23.521602 23.521416 23.521083 23.520430 23.519148 23.516673 23.511997 23.503356 23.487741 23.460132 23.412346 23.331338 23.196729 22.977303 22.626103 22.073756 21.219768 19.922338 17.989787 15.183816 11.260928 6.104513 0.000000 
50.000000 45.466441 41.078967 36.969553 33.244221 29.975231 27.198178 24.913906 23.094251 21.690132 20.640348 19.879679 19.345340 18.981340 18.740799 18.586545 18.490519 18.432467 18.398373 18.378913 18.368114 18.362285 18.359223 18.357655 18.356869 18.356475 18.356261 18.356102 18.355902 18.355550 18.354864 18.353522 18.350938 18.346073 18.337119 18.321015 18.292703 18.244034 18.162218 18.027663 17.811121 17.470067 16.944452 16.152420 14.987615 13.321884 11.021031 7.986279 4.233996 0.000000 
50.000000 44.837704 39.841759 35.162445 30.920492 27.198178 24.036036 21.435023 19.363065 17.764272 16.568949 15.702833 15.094427 14.679976 14.406098 14.230469 14.121138 14.055043 14.016226 13.994071 13.981776 13.975140 13.971654 13.969870 13.968976 13.968530 13.968292 13.968124 13.967923 13.967577 13.966911 13.965611 13.963118 13.958442 13.949875 13.934545 13.907758 13.862049 13.785877 13.661922 13.464983 13.159612 12.697869 12.018018 11.045757 9.700724 7.912248 5.648310 2.956560 0.000000 
50.000000 44.320528 38.824078 33.675991 29.009092 24.913906 21.435023 18.573492 16.294023 14.535120 13.220106 12.267271 11.597956 11.142019 10.840730 10.647526 10.527255 10.454548 10.411849 10.387478 10.373954 10.366655 10.362820 10.360858 10.359877 10.359389 10.359134 10.358962 10.358771 10.358452 10.357844 10.356664 10.354411 10.350202 10.342526 10.328865 10.305145 10.264968 10.198602 10.091721 9.923987 9.667673 9.286746 8.737154 7.969454 6.935336 5.599578 3.957678 2.055493 0.000000 
50.000000 43.908538 38.013380 32.491865 27.486459 23.094251 19.363065 16.294023 13.849270 11.962843 10.552500 9.530602 8.812782 8.323808 8.000692 7.793494 7.664513 7.586543 7.540752 7.514618 7.500115 7.492288 7.488177 7.486073 7.485022 7.484502 7.484235 7.484065 7.483890 7.483611 7.483086 7.482075 7.480150 7.476570 7.470073 7.458574 7.438733 7.405373 7.350736 7.263611 7.128446 6.924635 6.626350 6.203453 5.624185 4.860356 3.895379 2.734316 1.412919 0.000000 
50.000000 43.590623 37.387801 31.578135 26.311526 21.690132 17.764272 14.535120 11.962843 9.978032 8.494146 7.418970 6.663733 6.149278 5.809327 5.591336 5.455639 5.373609 5.325435 5.297941 5.282684 5.274450 5.270125 5.267913 5.266808 5.266264 5.265990 5.265824 5.265669 5.265435 5.265004 5.264179 5.262617 5.259723 5.254497 5.245296 5.229520 5.203183 5.160394 5.092792 4.989016 4.834398 4.611133 4.299289 3.879012 3.334223 2.657661 1.856407 0.955944 0.000000 
50.000000 43.352930 36.920081 30.894978 25.433085 20.640348 16.568949 13.220106 10.552500 8.494146 6.955290 5.840293 5.057092 4.523593 4.171062 3.945007 3.804291 3.719229 3.669275 3.640765 3.624945 3.616407 3.611923 3.609630 3.608486 3.607924 3.607645 3.607486 3.607351 3.607162 3.606823 3.606181 3.604970 3.602737 3.598724 3.591696 3.579716 3.559850 3.527820 3.477645 3.401354 3.288890 3.128385 2.907027 2.612685 2.236356 1.775209 1.235565 0.634671 0.000000 
50.000000 43.180695 36.581167 30.399958 24.796565 19.879679 15.702833 12.267271 9.530602 7.418970 5.840293 4.696453 3.892998 3.345707 2.984065 2.752170 2.607821 2.520563 2.469321 2.440076 2.423848 2.415090 2.410491 2.408139 2.406966 2.406392 2.406111 2.405958 2.405842 2.405694 2.405438 2.404959 2.404060 2.402410 2.399457 2.394314 2.385595 2.371229 2.348227 2.312474 2.258577 2.179866 2.068669 1.916956 1.717461 1.465227 1.159393 0.804776 0.412634 0.000000 
50.000000 43.059703 36.343087 30.052221 24.349432 19.345340 15.094427 11.597956 8.812782 6.663733 5.057092 3.892998 3.075321 2.518346 2.150309 1.914315 1.767416 1.678617 1.626470 1.596709 1.580195 1.571283 1.566603 1.564210 1.563017 1.562436 1.562153 1.562006 1.561906 1.561793 1.561606 1.561262 1.560621 1.559450 1.557364 1.553748 1.547650 1.537660 1.521769 1.497242 1.460551 1.407408 1.332988 1.232378 1.101306 0.937085 0.739642 0.512348 0.262333 0.000000 
50.000000 42.977280 36.180900 29.815333 24.044835 18.981340 14.679976 11.142019 8.323808 6.149278 4.523593 3.345707 2.518347 1.954780 1.582388 1.343604 1.194969 1.105121 1.052359 1.022247 1.005539 0.996522 0.991786 0.989366 0.988160 0.987573 0.987290 0.987148 0.987061 0.986974 0.986842 0.986604 0.986164 0.985364 0.983946 0.981497 0.977390 0.970697 0.960111 0.943878 0.919757 0.885076 0.836875 0.772218 0.688638 0.584703 0.460591 0.318531 0.162920 0.000000 
50.000000 42.922810 36.073719 29.658787 23.843546 18.740799 14.406098 10.840730 8.000692 5.809327 4.171062 2.984065 2.150309 1.582388 1.207122 0.966495 0.816714 0.726174 0.673006 0.642662 0.625825 0.616739 0.611968 0.609529 0.608314 0.607723 0.607441 0.607303 0.607225 0.607159 0.607067 0.606908 0.606617 0.606090 0.605160 0.603561 0.600891 0.596562 0.589752 0.579367 0.564031 0.542119 0.511865 0.471553 0.419783 0.355805 0.279831 0.193272 0.098769 0.000000 
50.000000 42.887879 36.004985 29.558396 23.714463 18.586545 14.230469 10.647526 7.793494 5.591336 3.945007 2.752170 1.914315 1.343604 0.966495 0.724688 0.574172 0.483189 0.429761 0.399269 0.382350 0.373219 0.368425 0.365974 0.364754 0.364161 0.363878 0.363743 0.363673 0.363621 0.363558 0.363455 0.363268 0.362933 0.362344 0.361336 0.359658 0.356951 0.352713 0.346283 0.336839 0.323421 0.305000 0.280594 0.249426 0.211107 0.165813 0.114402 0.058424 0.000000 
50.000000 42.866133 35.962195 29.495900 23.634105 18.490519 14.121138 10.527255 7.664514 5.455639 3.804292 2.607822 1.767416 1.194969 0.816714 0.574173 0.423201 0.331942 0.278352 0.247768 0.230798 0.221639 0.216831 0.214372 0.213149 0.212555 0.212272 0.212139 0.212073 0.212031 0.211989 0.211923 0.211807 0.211601 0.211240 0.210625 0.209605 0.207967 0.205412 0.201555 0.195916 0.187944 0.177054 0.162696 0.144447 0.122109 0.095806 0.066044 0.033709 0.000000 
50.000000 42.852986 35.936326 29.458117 23.585525 18.432468 14.055044 10.454549 7.586544 5.373610 3.719230 2.520564 1.678618 1.105122 0.726175 0.483190 0.331943 0.240518 0.186830 0.156190 0.139189 0.130014 0.125197 0.122734 0.121508 0.120914 0.120632 0.120500 0.120437 0.120402 0.120371 0.120330 0.120261 0.120138 0.119924 0.119560 0.118960 0.117998 0.116506 0.114261 0.110994 0.106395 0.100139 0.091927 0.081531 0.068853 0.053973 0.037180 0.018968 0.000000 
50.000000 42.845265 35.921133 29.435927 23.556995 18.398375 14.016228 10.411851 7.540755 5.325438 3.669278 2.469324 1.626473 1.052362 0.673009 0.429764 0.278354 0.186831 0.133086 0.102414 0.085395 0.076210 0.071388 0.068923 0.067696 0.067100 0.066819 0.066688 0.066627 0.066596 0.066574 0.066548 0.066507 0.066436 0.066312 0.066104 0.065761 0.065214 0.064368 0.063100 0.061262 0.058683 0.055189 0.050620 0.044855 0.037848 0.029646 0.020410 0.010408 0.000000 
50.000000 42.840858 35.912462 29.423263 23.540712 18.378918 13.994076 10.387484 7.514624 5.297948 3.640772 2.440083 1.596716 1.022254 0.642670 0.399276 0.247775 0.156196 0.102418 0.071727 0.054698 0.045508 0.040682 0.038216 0.036988 0.036393 0.036111 0.035981 0.035921 0.035892 0.035875 0.035859 0.035835 0.035795 0.035726 0.035610 0.035420 0.035118 0.034652 0.033956 0.032950 0.031545 0.029646 0.027171 0.024059 0.020285 0.015879 0.010926 0.005570 0.000000 
50.000000 42.838414 35.907652 29.416239 23.531680 18.368126 13.981790 10.373969 7.500132 5.282701 3.624963 2.423866 1.580213 1.005557 0.625844 0.382368 0.230816 0.139206 0.085410 0.054709 0.037674 0.028481 0.023654 0.021186 0.019958 0.019363 0.019081 0.018951 0.018892 0.018865 0.018851 0.018839 0.018826 0.018804 0.018766 0.018704 0.018601 0.018439 0.018189 0.017818 0.017282 0.016536 0.015532 0.014226 0.012588 0.010607 0.008299 0.005708 0.002909 0.000000 
50.000000 42.837097 35.905062 29.412455 23.526816 18.362314 13.975173 10.366690 7.492326 5.274490 3.616449 2.415132 1.571326 0.996565 0.616783 0.373263 0.221683 0.130057 0.076251 0.045544 0.028507 0.019312 0.014484 0.012016 0.010788 0.010192 0.009911 0.009781 0.009722 0.009696 0.009683 0.009675 0.009667 0.009655 0.009635 0.009602 0.009548 0.009463 0.009333 0.009139 0.008861 0.008475 0.007956 0.007283 0.006440 0.005424 0.004241 0.002916 0.001486 0.000000 
50.000000 42.836412 35.903714 29.410487 23.524285 18.359290 13.971730 10.362904 7.488266 5.270218 3.612019 2.410589 1.566703 0.991887 0.612069 0.368526 0.216932 0.125298 0.071487 0.040777 0.023738 0.014542 0.009713 0.007245 0.006017 0.005422 0.005140 0.005010 0.004952 0.004926 0.004914 0.004907 0.004902 0.004896 0.004885 0.004868 0.004840 0.004796 0.004729 0.004630 0.004487 0.004290 0.004025 0.003683 0.003255 0.002740 0.002142 0.001472 0.000750 0.000000 
50.000000 42.836077 35.903053 29.409522 23.523044 18.357807 13.970042 10.361047 7.486275 5.268124 3.609848 2.408362 1.564436 0.989594 0.609759 0.366205 0.214603 0.122965 0.069151 0.038440 0.021400 0.012204 0.007375 0.004907 0.003679 0.003083 0.002802 0.002672 0.002613 0.002588 0.002576 0.002571 0.002567 0.002563 0.002557 0.002548 0.002533 0.002510 0.002474 0.002421 0.002346 0.002242 0.002103 0.001923 0.001699 0.001429 0.001117 0.000767 0.000391 0.000000 
50.000000 42.835941 35.902786 29.409131 23.522542 18.357207 13.969359 10.360295 7.485469 5.267276 3.608969 2.407460 1.563519 0.988666 0.608823 0.365264 0.213660 0.122020 0.068206 0.037494 0.020453 0.011257 0.006428 0.003960 0.002732 0.002136 0.001855 0.001725 0.001667 0.001641 0.001630 0.001624 0.001621 0.001619 0.001615 0.001609 0.001599 0.001584 0.001561 0.001528 0.001480 0.001414 0.001325 0.001211 0.001070 0.000900 0.000703 0.000483 0.000246 0.000000 
50.000000 42.835941 35.902786 29.409131 23.522542 18.357207 13.969359 10.360295 7.485469 5.267276 3.608969 2.407460 1.563519 0.988666 0.608823 0.365264 0.213660 0.122020 0.068206 0.037494 0.020453 0.011257 0.006428 0.003960 0.002732 0.002136 0.001855 0.001725 0.001667 0.001641 0.001630 0.001624 0.001621 0.001619 0.001615 0.001609 0.001599 0.001584 0.001561 0.001528 0.001480 0.001414 0.001325 0.001211 0.001070 0.000900 0.000703 0.000483 0.000246 0.000000 
50.000000 42.836077 35.903053 29.409522 23.523044 18.357807 13.970042 10.361047 7.486275 5.268124 3.609848 2.408362 1.564436 0.989594 0.609759 0.366205 0.214603 0.122965 0.069151 0.038440 0.021400 0.012204 0.007375 0.004907 0.003679 0.003083 0.002802 0.002672 0.002613 0.002588 0.002576 0.002571 0.002567 0.002563 0.002557 0.002548 0.002533 0.002510 0.002474 0.002421 0.002346 0.002242 0.002103 0.001923 0.001699 0.001429 0.001117 0.000767 0.000391 0.000000 
50.000000 42.836412 35.903714 29.410487 23.524285 18.359290 13.971730 10.362904 7.488266 5.270218 3.612019 2.410589 1.566703 0.991887 0.612069 0.368526 0.216932 0.125298 0.071487 0.040777 0.023738 0.014542 0.009713 0.007245 0.006017 0.005422 0.005140 0.005010 0.004952 0.004926 0.004914 0.004907 0.004902 0.004896 0.004885 0.004868 0.004840 0.004796 0.004729 0.004630 0.004487 0.004290 0.004025 0.003683 0.003255 0.002740 0.002142 0.001472 0.000750 0.000000 
50.000000 42.837097 35.905062 29.412455 23.526816 18.362314 13.975173 10.366690 7.492326 5.274490 3.616449 2.415132 1.571326 0.996565 0.616783 0.373263 0.221683 0.130057 0.076251 0.045544 0.028507 0.019312 0.014484 0.012016 0.010788 0.010192 0.009911 0.009781 0.009722 0.009696 0.009683 0.009675 0.009667 0.009655 0.009635 0.009602 0.009548 0.009463 0.009333 0.009139 0.008861 0.008475 0.007956 0.007283 0.006440 0.005424 0.004241 0.002916 0.001486 0.000000 
50.000000 42.838414 35.907652 29.416239 23.531680 18.368126 13.981790 10.373969 7.500132 5.282701 3.624963 2.423866 1.580213 1.005557 0.625844 0.382368 0.230816 0.139206 0.085410 0.054709 0.037674 0.028481 0.023654 0.021186 0.019958 0.019363 0.019081 0.018951 0.018892 0.018865 0.018851 0.018839 0.018826 0.018804 0.018766 0.018704 0.018601 0.018439 0.018189 0.017818 0.017282 0.016536 0.015532 0.014226 0.012588 0.010607 0.008299 0.005708 0.002909 0.000000 
50.000000 42.840858 35.912462 29.423263 23.540712 18.378918 13.994076 10.387484 7.514624 5.297948 3.640772 2.440083 1.596716 1.022254 0.642670 0.399276 0.247775 0.156196 0.102418 0.071727 0.054698 0.045508 0.040682 0.038216 0.036988 0.036393 0.036111 0.035981 0.035921 0.035892 0.035875 0.035859 0.035835 0.035795 0.035726 0.035610 0.035420 0.035118 0.034652 0.033956 0.032950 0.031545 0.029646 0.027171 0.024059 0.020285 0.015879 0.010926 0.005570 0.000000 
50.000000 42.845265 35.921133 29.435927 23.556995 18.398375 14.016228 10.411851 7.540755 5.325438 3.669278 2.469324 1.626473 1.052362 0.673009 0.429764 0.278354 0.186831 0.133086 0.102414 0.085395 0.076210 0.071388 0.068923 0.067696 0.067100 0.066819 0.066688 0.066627 0.066596 0.066574 0.066548 0.066507 0.066436 0.066312 0.066104 0.065761 0.065214 0.064368 0.063100 0.061262 0.058683 0.055189 0.050620 0.044855 0.037848 0.029646 0.020410 0.010408 0.000000 
50.000000 42.852986 35.936326 29.458117 23.585525 18.432468 14.055044 10.454549 7.586544 5.373610 3.719230 2.520564 1.678618 1.105122 0.726175 0.483190 0.331943 0.240518 0.186830 0.156190 0.139189 0.130014 0.125197 0.122734 0.121508 0.120914 0.120632 0.120500 0.120437 0.120402 0.120371 0.120330 0.120261 0.120138 0.119924 0.119560 0.118960 0.117998 0.116506 0.114261 0.110994 0.106395 0.100139 0.091927 0.081531 0.068853 0.053973 0.037180 0.018968 0.000000 
50.000000 42.866133 35.962195 29.495900 23.634105 18.490519 14.121138 10.527255 7.664514 5.455639 3.804292 2.607822 1.767416 1.194969 0.816714 0.574173 0.423201 0.331942 0.278352 0.247768 0.230798 0.221639 0.216831 0.214372 0.213149 0.212555 0.212272 0.212139 0.212073 0.212031 0.211989 0.211923 0.211807 0.211601 0.211240 0.210625 0.209605 0.207967 0.205412 0.201555 0.195916 0.187944 0.177054 0.162696 0.144447 0.122109 0.095806 0.066044 0.033709 0.000000 
50.000000 42.887879 36.004985 29.558396 23.714463 18.586545 14.230469 10.647526 7.793494 5.591336 3.945007 2.752170 1.914315 1.343604 0.966495 0.724688 0.574172 0.483189 0.429761 0.399269 0.382350 0.373219 0.368425 0.365974 0.364754 0.364161 0.363878 0.363743 0.363673 0.363621 0.363558 0.363455 0.363268 0.362933 0.362344 0.361336 0.359658 0.356951 0.352713 0.346283 0.336839 0.323421 0.305000 0.280594 0.249426 0.211107 0.165813 0.114402 0.058424 0.000000 
50.000000 42.922810 36.073719 29.658787 23.843546 18.740799 14.406098 10.840730 8.000692 5.809327 4.171062 2.984065 2.150309 1.582388 1.207122 0.966495 0.816714 0.726174 0.673006 0.642662 0.625825 0.616739 0.611968 0.609529 0.608314 0.607723 0.607441 0.607303 0.607225 0.607159 0.607067 0.606908 0.606617 0.606090 0.605160 0.603561 0.600891 0.596562 0.589752 0.579367 0.564031 0.542119 0.511865 0.471553 0.419783 0.355805 0.279831 0.193272 0.098769 0.000000 
50.000000 42.977280 36.180900 29.815333 24.044835 18.981340 14.679976 11.142019 8.323808 6.149278 4.523593 3.345707 2.518347 1.954780 1.582388 1.343604 1.194969 1.105121 1.052359 1.022247 1.005539 0.996522 0.991786 0.989366 0.988160 0.987573 0.987290 0.987148 0.987061 0.986974 0.986842 0.986604 0.986164 0.985364 0.983946 0.981497 0.977390 0.970697 0.960111 0.943878 0.919757 0.885076 0.836875 0.772218 0.688638 0.584703 0.460591 0.318531 0.162920 0.000000 
50.000000 43.059703 36.343087 30.052221 24.349432 19.345340 15.094427 11.597956 8.812782 6.663733 5.057092 3.892998 3.075321 2.518346 2.150309 1.914315 1.767416 1.678617 1.626470 1.596709 1.580195 1.571283 1.566603 1.564210 1.563017 1.562436 1.562153 1.562006 1.561906 1.561793 1.561606 1.561262 1.560621 1.559450 1.557364 1.553748 1.547650 1.537660 1.521769 1.497242 1.460551 1.407408 1.332988 1.232378 1.101306 0.937085 0.739642 0.512348 0.262333 0.000000 
50.000000 43.180695 36.581167 30.399958 24.796565 19.879679 15.702833 12.267271 9.530602 7.418970 5.840293 4.696453 3.892998 3.345707 2.984065 2.752170 2.607821 2.520563 2.469321 2.440076 2.423848 2.415090 2.410491 2.408139 2.406966 2.406392 2.406111 2.405958 2.405842 2.405694 2.405438 2.404959 2.404060 2.402410 2.399457 2.394314 2.385595 2.371229 2.348227 2.312474 2.258577 2.179866 2.068669 1.916956 1.717461 1.465227 1.159393 0.804776 0.412634 0.000000 
50.000000 43.352930 36.920081 30.894978 25.433085 20.640348 16.568949 13.220106 10.552500 8.494146 6.955290 5.840293 5.057092 4.523593 4.171062 3.945007 3.804291 3.719229 3.669275 3.640765 3.624945 3.616407 3.611923 3.609630 3.608486 3.607924 3.607645 3.607486 3.607351 3.607162 3.606823 3.606181 3.604970 3.602737 3.598724 3.591696 3.579716 3.559850 3.527820 3.477645 3.401354 3.288890 3.128385 2.907027 2.612685 2.236356 1.775209 1.235565 0.634671 0.000000 
50.000000 43.590623 37.387801 31.578135 26.311526 21.690132 17.764272 14.535120 11.962843 9.978032 8.494146 7.418970 6.663733 6.149278 5.809327 5.591336 5.455639 5.373609 5.325435 5.297941 5.282684 5.274450 5.270125 5.267913 5.266808 5.266264 5.265990 5.265824 5.265669 5.265435 5.265004 5.264179 5.262617 5.259723 5.254497 5.245296 5.229520 5.203183 5.160394 5.092792 4.989016 4.834398 4.611133 4.299289 3.879012 3.334223 2.657661 1.856407 0.955944 0.000000 
50.000000 43.908538 38.013380 32.491865 27.486459 23.094251 19.363065 16.294023 13.849270 11.962843 10.552500 9.530602 8.812782 8.323808 8.000692 7.793494 7.664513 7.586543 7.540752 7.514618 7.500115 7.492288 7.488177 7.486073 7.485022 7.484502 7.484235 7.484065 7.483890 7.483611 7.483086 7.482075 7.480150 7.476570 7.470073 7.458574 7.438733 7.405373 7.350736 7.263611 7.128446 6.924635 6.626350 6.203453 5.624185 4.860356 3.895379 2.734316 1.412919 0.000000 
50.000000 44.320528 38.824078 33.675991 29.009092 24.913906 21.435023 18.573492 16.294023 14.535120 13.220106 12.267271 11.597956 11.142019 10.840730 10.647526 10.527255 10.454548 10.411849 10.387478 10.373954 10.366655 10.362820 10.360858 10.359877 10.359389 10.359134 10.358962 10.358771 10.358452 10.357844 10.356664 10.354411 10.350202 10.342526 10.328865 10.305145 10.264968 10.198602 10.091721 9.923987 9.667673 9.286746 8.737154 7.969454 6.935336 5.599578 3.957678 2.055493 0.000000 
50.000000 44.837704 39.841759 35.162445 30.920492 27.198178 24.036036 21.435023 19.363065 17.764272 16.568949 15.702833 15.094427 14.679976 14.406098 14.230469 14.121138 14.055043 14.016226 13.994071 13.981776 13.975140 13.971654 13.969870 13.968976 13.968530 13.968292 13.968124 13.967923 13.967577 13.966911 13.965611 13.963118 13.958442 13.949875 13.934545 13.907758 13.862049 13.785877 13.661922 13.464983 13.159612 12.697869 12.018018 11.045757 9.700724 7.912248 5.648310 2.956560 0.000000 
50.000000 45.466441 41.078967 36.969553 33.244221 29.975231 27.198178 24.913906 23.094251 21.690132 20.640348 19.879679 19.345340 18.981340 18.740799 18.586545 18.490519 18.432467 18.398373 18.378913 18.368114 18.362285 18.359223 18.357655 18.356869 18.356475 18.356261 18.356102 18.355902 18.355550 18.354864 18.353522 18.350938 18.346073 18.337119 18.321015 18.292703 18.244034 18.162218 18.027663 17.811121 17.470067 16.944452 16.152420 14.987615 13.321884 11.021031 7.986279 4.233996 0.000000 
50.000000 46.206544 42.535322 39.096761 35.979573 33.244221 30.920492 29.009092 27.486459 26.311526 25.433085 24.796565 24.349432 24.044835 23.843546 23.714463 23.634105 23.585525 23.556993 23.540708 23.531670 23.526792 23.524229 23.522916 23.522258 23.521926 23.521743 23.521602 23.521416 23.521083 23.520430 23.519148 23.516673 23.511997 23.503356 23.487741 23.460132 23.412346 23.331338 23.196729 22.977303 22.626103 22.073756 21.219768 19.922338 17.989787 15.183816 11.260928 6.104513 0.000000 
50.000000 47.049955 44.194966 41.520905 39.096761 36.969553 35.162445 33.675991 32.491865 31.578135 30.894978 30.399958 30.052221 29.815333 29.658787 29.558396 29.495899 29.458116 29.435926 29.423260 29.416231 29.412436 29.410443 29.409422 29.408909 29.408650 29.408505 29.408389 29.408233 29.407948 29.407387 29.406283 29.404145 29.400094 29.392583 29.378956 29.354742 29.312579 29.240565 29.119769 28.920474 28.596486 28.076413 27.250198 25.948521 23.912945 20.760452 15.972393 9.026437 0.000000 
50.000000 47.980315 46.025707 44.194966 42.535322 41.078967 39.841759 38.824078 38.013380 37.387801 36.920081 36.581167 36.343087 36.180900 36.073719 36.004985 35.962195 35.936326 35.921132 35.912460 35.907647 35.905049 35.903684 35.902985 35.902633 35.902456 35.902355 35.902273 35.902159 35.901950 35.901538 35.900724 35.899147 35.896151 35.890583 35.880447 35.862369 35.830739 35.776390 35.684517 35.531395 35.279064 34.866400 34.193449 33.092687 31.274394 28.222572 23.012853 14.115789 0.000000 
50.000000 48.973622 47.980315 47.049955 46.206544 45.466441 44.837704 44.320528 43.908538 43.590623 43.352930 43.180695 43.059703 42.977280 42.922810 42.887879 42.866133 42.852986 42.845265 42.840857 42.838411 42.837091 42.836397 42.836042 42.835863 42.835772 42.835721 42.835678 42.835618 42.835508 42.835289 42.834857 42.834019 42.832424 42.829455 42.824041 42.814360 42.797370 42.768061 42.718259 42.634679 42.495619 42.265035 41.881145 41.232444 40.102031 38.023519 33.864527 24.486811 0.000000 
50.000000 50.000000 50.000000 50.000000 50.000000 50.000000 50.000000 50.000000 50.000000 50.000000 50.000000 50.000000 50.000000 50.000000 50.000000 50.000000 50.000000 50.000000 50.000000 50.000000 50.000000 50.000000 50.000000 50.000000 50.000000 50.000000 50.000000 50.000000 50.000000 50.000000 50.000000 50.000000 50.000000 50.000000 50.000000 50.000000 50.000000 50.000000 50.000000 50.000000 50.000000 50.000000 50.000000 50.000000 50.000000 50.000000 50.000000 50.000000 50.000000 50.000000 
