50.000000 50.000000 50.000000 50.000000 50.000000 50.000000 50.000000 50.000000 50.000000 50.000000 50.000000 50.000000 50.000000 50.000000 50.000000 50.000000 50.000000 50.000000 50.000000 50.000000 50.000000 50.000000 50.000000 50.000000 50.000000 50.000000 50.000000 50.000000 50.000000 50.000000 50.000000 50.000000 50.000000 50.000000 50.000000 50.000000 50.000000 50.000000 50.000000 50.000000 50.000000 50.000000 50.000000 50.000000 50.000000 50.000000 50.000000 50.000000 50.000000 50.000000 
50.000000 48.607205 47.275288 46.057154 44.991500 44.099523 43.384941 42.836802 42.434015 42.150331 41.958717 41.834517 41.757211 41.710974 41.684381 41.669662 41.661816 41.657786 41.655789 41.654835 41.654394 41.654197 41.654112 41.654076 41.654062 41.654056 41.654053 41.654050 41.654045 41.654032 41.654002 41.653929 41.653761 41.653385 41.652563 41.650820 41.647223 41.640000 41.625862 41.598851 41.548354 41.455665 41.287806 40.985737 40.439911 39.434098 37.500907 33.505062 24.303602 0.000000 
50.000000 47.275288 44.669674 42.286658 40.201940 38.456990 37.059077 35.986777 35.198829 34.643877 34.269039 34.026078 33.874854 33.784407 33.732386 33.703594 33.688248 33.680365 33.676459 33.674592 33.673729 33.673344 33.673178 33.673108 33.673080 33.673068 33.673063 33.673057 33.673048 33.673024 33.672968 33.672834 33.672524 33.671830 33.670318 33.667118 33.660532 33.647346 33.621642 33.572792 33.482114 33.317299 33.022997 32.504428 31.597750 30.014512 27.236819 22.334837 13.770226 0.000000 
50.000000 46.057154 42.286658 38.838285 35.821579 33.296551 31.273717 29.722071 28.581900 27.778885 27.236501 26.884946 26.666133 26.535263 26.459995 26.418337 26.396133 26.384727 26.379076 26.376374 26.375126 26.374569 26.374329 26.374228 26.374187 26.374170 26.374163 26.374156 26.374143 26.374112 26.374037 26.373861 26.373455 26.372546 26.370572 26.366405 26.357864 26.340847 26.307875 26.245703 26.131472 25.926676 25.567772 24.951734 23.914244 22.198583 19.419142 15.049839 8.556247 0.000000 
50.000000 44.991500 40.201940 35.821579 31.989574 28.782150 26.212662 24.241717 22.793458 21.773472 21.084549 20.638019 20.360098 20.193879 20.098282 20.045373 20.017174 20.002689 19.995512 19.992081 19.990496 19.989789 19.989483 19.989356 19.989304 19.989283 19.989273 19.989265 19.989250 19.989216 19.989133 19.988937 19.988488 19.987484 19.985312 19.980746 19.971432 19.952986 19.917515 19.851257 19.730974 19.518649 19.154033 18.544798 17.554946 15.994787 13.622997 10.187428 5.557402 0.000000 
50.000000 44.099523 38.456990 33.296551 28.782150 25.003586 21.976585 19.654729 17.948642 16.747092 15.935549 15.409553 15.082179 14.886387 14.773785 14.711466 14.678252 14.661191 14.652740 14.648698 14.646832 14.645999 14.645639 14.645489 14.645428 14.645403 14.645392 14.645383 14.645369 14.645334 14.645252 14.645059 14.644615 14.643629 14.641501 14.637051 14.628023 14.610267 14.576403 14.513788 14.401550 14.206540 13.878276 13.343455 12.501793 11.227204 9.382307 6.859240 3.659613 0.000000 
50.000000 43.384941 37.059077 31.273717 26.212662 21.976585 18.583107 15.980179 14.067591 12.720630 11.810891 11.221262 10.854292 10.634824 10.508608 10.438757 10.401530 10.382408 10.372936 10.368407 10.366315 10.365381 10.364978 10.364810 10.364741 10.364714 10.364702 10.364693 10.364680 10.364649 10.364574 10.364399 10.363999 10.363114 10.361212 10.357254 10.349273 10.333687 10.304216 10.250285 10.154816 9.991451 9.721516 9.291553 8.633130 7.667865 6.321983 4.554648 2.399203 0.000000 
50.000000 42.836802 35.986777 29.722071 24.241717 19.654729 15.980179 13.161694 11.090749 9.632287 8.647260 8.008846 7.611522 7.373907 7.237258 7.161635 7.121332 7.100632 7.090377 7.085475 7.083211 7.082200 7.081764 7.081581 7.081507 7.081478 7.081465 7.081457 7.081445 7.081419 7.081356 7.081209 7.080876 7.080139 7.078565 7.075306 7.068774 7.056109 7.032365 6.989347 6.914098 6.787141 6.580847 6.258663 5.776452 5.087685 4.154299 2.963780 1.548995 0.000000 
50.000000 42.434015 35.198829 28.581900 22.793458 17.948642 14.067591 11.090749 8.903477 7.363117 6.322793 5.648554 5.228943 4.978003 4.833696 4.753837 4.711277 4.689418 4.678590 4.673413 4.671023 4.669956 4.669495 4.669302 4.669224 4.669193 4.669180 4.669173 4.669163 4.669142 4.669093 4.668978 4.668718 4.668146 4.666928 4.664419 4.659422 4.649801 4.631910 4.599804 4.544259 4.451739 4.303608 4.076140 3.742102 3.274809 2.655224 1.881531 0.978350 0.000000 
50.000000 42.150331 34.643877 27.778885 21.773472 16.747092 12.720630 9.632287 7.363117 5.765102 4.685857 3.986403 3.551108 3.290794 3.141098 3.058259 3.014113 2.991439 2.980208 2.974838 2.972359 2.971252 2.970774 2.970575 2.970494 2.970462 2.970449 2.970442 2.970434 2.970419 2.970382 2.970298 2.970106 2.969688 2.968802 2.966985 2.963388 2.956508 2.943813 2.921230 2.882551 2.818858 2.718190 2.565814 2.345542 2.042499 1.647414 1.161764 0.601978 0.000000 
50.000000 41.958717 34.269039 27.236501 21.084549 15.935549 11.810891 8.647260 6.322793 4.685857 3.580338 2.863868 2.417988 2.151349 1.998019 1.913170 1.867953 1.844731 1.833228 1.827728 1.825189 1.824055 1.823566 1.823361 1.823279 1.823246 1.823233 1.823227 1.823221 1.823210 1.823184 1.823125 1.822993 1.822704 1.822094 1.820850 1.818401 1.813746 1.805218 1.790169 1.764627 1.722989 1.657913 1.560606 1.421761 1.233292 0.990798 0.696247 0.359866 0.000000 
50.000000 41.834517 34.026078 26.884946 20.638019 15.409553 11.221262 8.008846 5.648554 3.986403 2.863868 2.136376 1.683644 1.412910 1.257227 1.171078 1.125168 1.101590 1.089911 1.084328 1.081750 1.080599 1.080103 1.079895 1.079811 1.079778 1.079765 1.079759 1.079754 1.079747 1.079730 1.079691 1.079604 1.079414 1.079016 1.078208 1.076625 1.073633 1.068188 1.058650 1.042591 1.016644 0.976481 0.917046 0.833150 0.720504 0.577070 0.404436 0.208655 0.000000 
50.000000 41.757211 33.874854 26.666133 20.360098 15.082179 10.854292 7.611522 5.228943 3.551108 2.417988 1.683644 1.226651 0.953371 0.796226 0.709268 0.662929 0.639130 0.627342 0.621707 0.619105 0.617943 0.617442 0.617232 0.617148 0.617114 0.617101 0.617096 0.617092 0.617087 0.617077 0.617052 0.616998 0.616879 0.616632 0.616132 0.615157 0.613325 0.610011 0.604242 0.594600 0.579141 0.555413 0.520605 0.471912 0.407112 0.325287 0.227508 0.117211 0.000000 
50.000000 41.710974 33.784407 26.535263 20.193879 14.886387 10.634824 7.373907 4.978003 3.290794 2.151349 1.412910 0.953371 0.678572 0.520554 0.433113 0.386517 0.362587 0.350734 0.345067 0.342451 0.341283 0.340779 0.340568 0.340483 0.340449 0.340436 0.340431 0.340428 0.340425 0.340419 0.340404 0.340371 0.340301 0.340154 0.339859 0.339286 0.338214 0.336285 0.332948 0.327406 0.318581 0.305132 0.285551 0.258363 0.222447 0.177399 0.123875 0.063751 0.000000 
50.000000 41.684381 33.732386 26.459995 20.098282 14.773785 10.508608 7.237258 4.833696 3.141098 1.998019 1.257227 0.796226 0.520554 0.362034 0.274317 0.227573 0.203567 0.191677 0.185993 0.183368 0.182196 0.181691 0.181479 0.181394 0.181360 0.181347 0.181342 0.181340 0.181338 0.181334 0.181326 0.181307 0.181267 0.181184 0.181017 0.180695 0.180094 0.179019 0.177169 0.174113 0.169277 0.161952 0.151354 0.136734 0.117536 0.093589 0.065268 0.033561 0.000000 
50.000000 41.669662 33.703594 26.418337 20.045373 14.711466 10.438757 7.161635 4.753837 3.058259 1.913170 1.171078 0.709268 0.433113 0.274317 0.186447 0.139622 0.115574 0.103663 0.097969 0.095340 0.094166 0.093660 0.093448 0.093362 0.093329 0.093316 0.093311 0.093309 0.093307 0.093305 0.093301 0.093290 0.093268 0.093223 0.093133 0.092959 0.092637 0.092061 0.091076 0.089458 0.086909 0.083070 0.077545 0.069965 0.060061 0.047765 0.033276 0.017099 0.000000 
50.000000 41.661816 33.688248 26.396133 20.017174 14.678252 10.401530 7.121332 4.711277 3.014113 1.867953 1.125168 0.662929 0.386517 0.227573 0.139622 0.092753 0.068684 0.056762 0.051062 0.048431 0.047256 0.046749 0.046537 0.046451 0.046418 0.046405 0.046400 0.046398 0.046397 0.046396 0.046393 0.046388 0.046377 0.046353 0.046306 0.046216 0.046050 0.045754 0.045250 0.044425 0.043132 0.041193 0.038416 0.034623 0.029689 0.023586 0.016418 0.008431 0.000000 
50.000000 41.657786 33.680365 26.384727 20.002689 14.661191 10.382408 7.100632 4.689418 2.991439 1.844731 1.101590 0.639130 0.362587 0.203567 0.115574 0.068684 0.044602 0.032675 0.026973 0.024340 0.023165 0.022658 0.022446 0.022360 0.022326 0.022313 0.022309 0.022307 0.022306 0.022305 0.022304 0.022301 0.022295 0.022284 0.022260 0.022215 0.022133 0.021986 0.021738 0.021333 0.020700 0.019756 0.018409 0.016576 0.014201 0.011272 0.007841 0.004025 0.000000 
50.000000 41.655789 33.676459 26.379076 19.995512 14.652740 10.372936 7.090377 4.678590 2.980208 1.833228 1.089911 0.627342 0.350734 0.191677 0.103663 0.056762 0.032675 0.020745 0.015041 0.012408 0.011232 0.010725 0.010513 0.010427 0.010393 0.010381 0.010376 0.010374 0.010373 0.010373 0.010372 0.010371 0.010368 0.010363 0.010351 0.010330 0.010290 0.010220 0.010102 0.009910 0.009612 0.009168 0.008537 0.007681 0.006575 0.005215 0.003625 0.001860 0.000000 
50.000000 41.654835 33.674592 26.376374 19.992081 14.648698 10.368407 7.085475 4.673413 2.974839 1.827728 1.084328 0.621707 0.345067 0.185993 0.097969 0.051062 0.026973 0.015041 0.009337 0.006704 0.005528 0.005021 0.004809 0.004723 0.004689 0.004676 0.004672 0.004670 0.004669 0.004669 0.004668 0.004668 0.004667 0.004664 0.004659 0.004649 0.004630 0.004598 0.004544 0.004456 0.004320 0.004119 0.003833 0.003446 0.002948 0.002337 0.001624 0.000833 0.000000 
50.000000 41.654394 33.673729 26.375126 19.990497 14.646832 10.366315 7.083211 4.671023 2.972359 1.825189 1.081750 0.619105 0.342451 0.183368 0.095340 0.048431 0.024340 0.012408 0.006704 0.004070 0.002894 0.002387 0.002175 0.002089 0.002055 0.002042 0.002038 0.002036 0.002035 0.002035 0.002035 0.002035 0.002034 0.002033 0.002031 0.002026 0.002018 0.002004 0.001980 0.001941 0.001881 0.001792 0.001667 0.001498 0.001281 0.001015 0.000705 0.000361 0.000000 
50.000000 41.654197 33.673344 26.374570 19.989789 14.646000 10.365382 7.082201 4.669956 2.971253 1.824056 1.080600 0.617944 0.341284 0.182197 0.094167 0.047257 0.023166 0.011233 0.005529 0.002895 0.001719 0.001212 0.001000 0.000914 0.000880 0.000867 0.000863 0.000861 0.000860 0.000860 0.000860 0.000860 0.000860 0.000859 0.000858 0.000856 0.000853 0.000847 0.000836 0.000820 0.000794 0.000756 0.000703 0.000632 0.000540 0.000427 0.000297 0.000152 0.000000 
50.000000 41.654112 33.673178 26.374330 19.989485 14.645641 10.364980 7.081766 4.669497 2.970777 1.823569 1.080105 0.617445 0.340781 0.181693 0.093662 0.046752 0.022660 0.010728 0.005023 0.002389 0.001214 0.000706 0.000494 0.000408 0.000374 0.000362 0.000357 0.000355 0.000355 0.000354 0.000354 0.000354 0.000354 0.000354 0.000353 0.000353 0.000351 0.000349 0.000344 0.000337 0.000327 0.000311 0.000289 0.000260 0.000222 0.000176 0.000122 0.000062 0.000000 
50.000000 41.654077 33.673110 26.374232 19.989360 14.645494 10.364816 7.081587 4.669309 2.970582 1.823369 1.079902 0.617240 0.340575 0.181487 0.093455 0.046544 0.022453 0.010520 0.004816 0.002182 0.001006 0.000499 0.000287 0.000201 0.000167 0.000154 0.000150 0.000148 0.000147 0.000147 0.000147 0.000147 0.000147 0.000147 0.000147 0.000146 0.000146 0.000145 0.000143 0.000140 0.000135 0.000129 0.000120 0.000107 0.000092 0.000073 0.000050 0.000026 0.000000 
50.000000 41.654065 33.673086 26.374197 19.989316 14.645442 10.364758 7.081525 4.669243 2.970513 1.823298 1.079831 0.617168 0.340503 0.181414 0.093382 0.046471 0.022380 0.010447 0.004743 0.002109 0.000933 0.000426 0.000214 0.000128 0.000094 0.000081 0.000077 0.000075 0.000074 0.000074 0.000074 0.000074 0.000074 0.000074 0.000074 0.000074 0.000073 0.000073 0.000072 0.000070 0.000068 0.000065 0.000060 0.000054 0.000046 0.000036 0.000025 0.000013 0.000000 
50.000000 41.654065 33.673086 26.374197 19.989316 14.645442 10.364758 7.081525 4.669243 2.970513 1.823298 1.079831 0.617168 0.340503 0.181414 0.093382 0.046471 0.022380 0.010447 0.004743 0.002109 0.000933 0.000426 0.000214 0.000128 0.000094 0.000081 0.000077 0.000075 0.000074 0.000074 0.000074 0.000074 0.000074 0.000074 0.000074 0.000074 0.000073 0.000073 0.000072 0.000070 0.000068 0.000065 0.000060 0.000054 0.000046 0.000036 0.000025 0.000013 0.000000 
50.000000 41.654077 33.673110 26.374232 19.989360 14.645494 10.364816 7.081587 4.669309 2.970582 1.823369 1.079902 0.617240 0.340575 0.181487 0.093455 0.046544 0.022453 0.010520 0.004816 0.002182 0.001006 0.000499 0.000287 0.000201 0.000167 0.000154 0.000150 0.000148 0.000147 0.000147 0.000147 0.000147 0.000147 0.000147 0.000147 0.000146 0.000146 0.000145 0.000143 0.000140 0.000135 0.000129 0.000120 0.000107 0.000092 0.000073 0.000050 0.000026 0.000000 
50.000000 41.654112 33.673178 26.374330 19.989485 14.645641 10.364980 7.081766 4.669497 2.970777 1.823569 1.080105 0.617445 0.340781 0.181693 0.093662 0.046752 0.022660 0.010728 0.005023 0.002389 0.001214 0.000706 0.000494 0.000408 0.000374 0.000362 0.000357 0.000355 0.000355 0.000354 0.000354 0.000354 0.000354 0.000354 0.000353 0.000353 0.000351 0.000349 0.000344 0.000337 0.000327 0.000311 0.000289 0.000260 0.000222 0.000176 0.000122 0.000062 0.000000 
50.000000 41.654197 33.673344 26.374570 19.989789 14.646000 10.365382 7.082201 4.669956 2.971253 1.824056 1.080600 0.617944 0.341284 0.182197 0.094167 0.047257 0.023166 0.011233 0.005529 0.002895 0.001719 0.001212 0.001000 0.000914 0.000880 0.000867 0.000863 0.000861 0.000860 0.000860 0.000860 0.000860 0.000860 0.000859 0.000858 0.000856 0.000853 0.000847 0.000836 0.000820 0.000794 0.000756 0.000703 0.000632 0.000540 0.000427 0.000297 0.000152 0.000000 
50.000000 41.654394 33.673729 26.375126 19.990497 14.646832 10.366315 7.083211 4.671023 2.972359 1.825189 1.081750 0.619105 0.342451 0.183368 0.095340 0.048431 0.024340 0.012408 0.006704 0.004070 0.002894 0.002387 0.002175 0.002089 0.002055 0.002042 0.002038 0.002036 0.002035 0.002035 0.002035 0.002035 0.002034 0.002033 0.002031 0.002026 0.002018 0.002004 0.001980 0.001941 0.001881 0.001792 0.001667 0.001498 0.001281 0.001015 0.000705 0.000361 0.000000 
50.000000 41.654835 33.674592 26.376374 19.992081 14.648698 10.368407 7.085475 4.673413 2.974839 1.827728 1.084328 0.621707 0.345067 0.185993 0.097969 0.051062 0.026973 0.015041 0.009337 0.006704 0.005528 0.005021 0.004809 0.004723 0.004689 0.004676 0.004672 0.004670 0.004669 0.004669 0.004668 0.004668 0.004667 0.004664 0.004659 0.004649 0.004630 0.004598 0.004544 0.004456 0.004320 0.004119 0.003833 0.003446 0.002948 0.002337 0.001624 0.000833 0.000000 
50.000000 41.655789 33.676459 26.379076 19.995512 14.652740 10.372936 7.090377 4.678590 2.980208 1.833228 1.089911 0.627342 0.350734 0.191677 0.103663 0.056762 0.032675 0.020745 0.015041 0.012408 0.011232 0.010725 0.010513 0.010427 0.010393 0.010381 0.010376 0.010374 0.010373 0.010373 0.010372 0.010371 0.010368 0.010363 0.010351 0.010330 0.010290 0.010220 0.010102 0.009910 0.009612 0.009168 0.008537 0.007681 0.006575 0.005215 0.003625 0.001860 0.000000 
50.000000 41.657786 33.680365 26.384727 20.002689 14.661191 10.382408 7.100632 4.689418 2.991439 1.844731 1.101590 0.639130 0.362587 0.203567 0.115574 0.068684 0.044602 0.032675 0.026973 0.024340 0.023165 0.022658 0.022446 0.022360 0.022326 0.022313 0.022309 0.022307 0.022306 0.022305 0.022304 0.022301 0.022295 0.022284 0.022260 0.022215 0.022133 0.021986 0.021738 0.021333 0.020700 0.019756 0.018409 0.016576 0.014201 0.011272 0.007841 0.004025 0.000000 
50.000000 41.661816 33.688248 26.396133 20.017174 14.678252 10.401530 7.121332 4.711277 3.014113 1.867953 1.125168 0.662929 0.386517 0.227573 0.139622 0.092753 0.068684 0.056762 0.051062 0.048431 0.047256 0.046749 0.046537 0.046451 0.046418 0.046405 0.046400 0.046398 0.046397 0.046396 0.046393 0.046388 0.046377 0.046353 0.046306 0.046216 0.046050 0.045754 0.045250 0.044425 0.043132 0.041193 0.038416 0.034623 0.029689 0.023586 0.016418 0.008431 0.000000 
50.000000 41.669662 33.703594 26.418337 20.045373 14.711466 10.438757 7.161635 4.753837 3.058259 1.913170 1.171078 0.709268 0.433113 0.274317 0.186447 0.139622 0.115574 0.103663 0.097969 0.095340 0.094166 0.093660 0.093448 0.093362 0.093329 0.093316 0.093311 0.093309 0.093307 0.093305 0.093301 0.093290 0.093268 0.093223 0.093133 0.092959 0.092637 0.092061 0.091076 0.089458 0.086909 0.083070 0.077545 0.069965 0.060061 0.047765 0.033276 0.017099 0.000000 
50.000000 41.684381 33.732386 26.459995 20.098282 14.773785 10.508608 7.237258 4.833696 3.141098 1.998019 1.257227 0.796226 0.520554 0.362034 0.274317 0.227573 0.203567 0.191677 0.185993 0.183368 0.182196 0.181691 0.181479 0.181394 0.181360 0.181347 0.181342 0.181340 0.181338 0.181334 0.181326 0.181307 0.181267 0.181184 0.181017 0.180695 0.180094 0.179019 0.177169 0.174113 0.169277 0.161952 0.151354 0.136734 0.117536 0.093589 0.065268 0.033561 0.000000 
50.000000 41.710974 33.784407 26.535263 20.193879 14.886387 10.634824 7.373907 4.978003 3.290794 2.151349 1.412910 0.953371 0.678572 0.520554 0.433113 0.386517 0.362587 0.350734 0.345067 0.342451 0.341283 0.340779 0.340568 0.340483 0.340449 0.340436 0.340431 0.340428 0.340425 0.340419 0.340404 0.340371 0.340301 0.340154 0.339859 0.339286 0.338214 0.336285 0.332948 0.327406 0.318581 0.305132 0.285551 0.258363 0.222447 0.177399 0.123875 0.063751 0.000000 
50.000000 41.757211 33.874854 26.666133 20.360098 15.082179 10.854292 7.611522 5.228943 3.551108 2.417988 1.683644 1.226651 0.953371 0.796226 0.709268 0.662929 0.639130 0.627342 0.621707 0.619105 0.617943 0.617442 0.617232 0.617148 0.617114 0.617101 0.617096 0.617092 0.617087 0.617077 0.617052 0.616998 0.616879 0.616632 0.616132 0.615157 0.613325 0.610011 0.604242 0.594600 0.579141 0.555413 0.520605 0.471912 0.407112 0.325287 0.227508 0.117211 0.000000 
50.000000 41.834517 34.026078 26.884946 20.638019 15.409553 11.221262 8.008846 5.648554 3.986403 2.863868 2.136376 1.683644 1.412910 1.257227 1.171078 1.125168 1.101590 1.089911 1.084328 1.081750 1.080599 1.080103 1.079895 1.079811 1.079778 1.079765 1.079759 1.079754 1.079747 1.079730 1.079691 1.079604 1.079414 1.079016 1.078208 1.076625 1.073633 1.068188 1.058650 1.042591 1.016644 0.976481 0.917046 0.833150 0.720504 0.577070 0.404436 0.208655 0.000000 
50.000000 41.958717 34.269039 27.236501 21.084549 15.935549 11.810891 8.647260 6.322793 4.685857 3.580338 2.863868 2.417988 2.151349 1.998019 1.913170 1.867953 1.844731 1.833228 1.827728 1.825189 1.824055 1.823566 1.823361 1.823279 1.823246 1.823233 1.823227 1.823221 1.823210 1.823184 1.823125 1.822993 1.822704 1.822094 1.820850 1.818401 1.813746 1.805218 1.790169 1.764627 1.722989 1.657913 1.560606 1.421761 1.233292 0.990798 0.696247 0.359866 0.000000 
50.000000 42.150331 34.643877 27.778885 21.773472 16.747092 12.720630 9.632287 7.363117 5.765102 4.685857 3.986403 3.551108 3.290794 3.141098 3.058259 3.014113 2.991439 2.980208 2.974838 2.972359 2.971252 2.970774 2.970575 2.970494 2.970462 2.970449 2.970442 2.970434 2.970419 2.970382 2.970298 2.970106 2.969688 2.968802 2.966985 2.963388 2.956508 2.943813 2.921230 2.882551 2.818858 2.718190 2.565814 2.345542 2.042499 1.647414 1.161764 0.601978 0.000000 
50.000000 42.434015 35.198829 28.581900 22.793458 17.948642 14.067591 11.090749 8.903477 7.363117 6.322793 5.648554 5.228943 4.978003 4.833696 4.753837 4.711277 4.689418 4.678590 4.673413 4.671023 4.669956 4.669495 4.669302 4.669224 4.669193 4.669180 4.669173 4.669163 4.669142 4.669093 4.668978 4.668718 4.668146 4.666928 4.664419 4.659422 4.649801 4.631910 4.599804 4.544259 4.451739 4.303608 4.076140 3.742102 3.274809 2.655224 1.881531 0.978350 0.000000 
50.000000 42.836802 35.986777 29.722071 24.241717 19.654729 15.980179 13.161694 11.090749 9.632287 8.647260 8.008846 7.611522 7.373907 7.237258 7.161635 7.121332 7.100632 7.090377 7.085475 7.083211 7.082200 7.081764 7.081581 7.081507 7.081478 7.081465 7.081457 7.081445 7.081419 7.081356 7.081209 7.080876 7.080139 7.078565 7.075306 7.068774 7.056109 7.032365 6.989347 6.914098 6.787141 6.580847 6.258663 5.776452 5.087685 4.154299 2.963780 1.548995 0.000000 
50.000000 43.384941 37.059077 31.273717 26.212662 21.976585 18.583107 15.980179 14.067591 12.720630 11.810891 11.221262 10.854292 10.634824 10.508608 10.438757 10.401530 10.382408 10.372936 10.368407 10.366315 10.365381 10.364978 10.364810 10.364741 10.364714 10.364702 10.364693 10.364680 10.364649 10.364574 10.364399 10.363999 10.363114 10.361212 10.357254 10.349273 10.333687 10.304216 10.250285 10.154816 9.991451 9.721516 9.291553 8.633130 7.667865 6.321983 4.554648 2.399203 0.000000 
50.000000 44.099523 38.456990 33.296551 28.782150 25.003586 21.976585 19.654729 17.948642 16.747092 15.935549 15.409553 15.082179 14.886387 14.773785 14.711466 14.678252 14.661191 14.652740 14.648698 14.646832 14.645999 14.645639 14.645489 14.645428 14.645403 14.645392 14.645383 14.645369 14.645334 14.645252 14.645059 14.644615 14.643629 14.641501 14.637051 14.628023 14.610267 14.576403 14.513788 14.401550 14.206540 13.878276 13.343455 12.501793 11.227204 9.382307 6.859240 3.659613 0.000000 
50.000000 44.991500 40.201940 35.821579 31.989574 28.782150 26.212662 24.241717 22.793458 21.773472 21.084549 20.638019 20.360098 20.193879 20.098282 20.045373 20.017174 20.002689 19.995512 19.992081 19.990496 19.989789 19.989483 19.989356 19.989304 19.989283 19.989273 19.989265 19.989250 19.989216 19.989133 19.988937 19.988488 19.987484 19.985312 19.980746 19.971432 19.952986 19.917515 19.851257 19.730974 19.518649 19.154033 18.544798 17.554946 15.994787 13.622997 10.187428 5.557402 0.000000 
50.000000 46.057154 42.286658 38.838285 35.821579 33.296551 31.273717 29.722071 28.581900 27.778885 27.236501 26.884946 26.666133 26.535263 26.459995 26.418337 26.396133 26.384727 26.379076 26.376374 26.375126 26.374569 26.374329 26.374228 26.374187 26.374170 26.374163 26.374156 26.374143 26.374112 26.374037 26.373861 26.373455 26.372546 26.370572 26.366405 26.357864 26.340847 26.307875 26.245703 26.131472 25.926676 25.567772 24.951734 23.914244 22.198583 19.419142 15.049839 8.556247 0.000000 
50.000000 47.275288 44.669674 42.286658 40.201940 38.456990 37.059077 35.986777 35.198829 34.643877 34.269039 34.026078 33.874854 33.784407 33.732386 33.703594 33.688248 33.680365 33.676459 33.674592 33.673729 33.673344 33.673178 33.673108 33.673080 33.673068 33.673063 33.673057 33.673048 33.673024 33.672968 33.672834 33.672524 33.671830 33.670318 33.667118 33.660532 33.647346 33.621642 33.572792 33.482114 33.317299 33.022997 32.504428 31.597750 30.014512 27.236819 22.334837 13.770226 0.000000 
50.000000 48.607205 47.275288 46.057154 44.991500 44.099523 43.384941 42.836802 42.434015 42.150331 41.958717 41.834517 41.757211 41.710974 41.684381 41.669662 41.661816 41.657786 41.655789 41.654835 41.654394 41.654197 41.654112 41.654076 41.654062 41.654056 41.654053 41.654050 41.654045 41.654032 41.654002 41.653929 41.653761 41.653385 41.652563 41.650820 41.647223 41.640000 41.625862 41.598851 41.548354 41.455665 41.287806 40.985737 40.439911 39.434098 37.500907 33.505062 24.303602 0.000000 
50.000000 50.000000 50.000000 50.000000 50.000000 50.000000 50.000000 50.000000 50.000000 50.000000 50.000000 50.000000 50.000000 50.000000 50.000000 50.000000 50.000000 50.000000 50.000000 50.000000 50.000000 50.000000 50.000000 50.000000 50.000000 50.000000 50.000000 50.000000 50.000000 50.000000 50.000000 50.000000 50.000000 50.000000 50.000000 50.000000 50.000000 50.000000 50.000000 50.000000 50.000000 50.000000 50.000000 50.000000 50.000000 50.000000 50.000000 50.000000 50.000000 50.000000 
