50.000000 50.000000 50.000000 50.000000 50.000000 50.000000 50.000000 50.000000 50.000000 50.000000 50.000000 50.000000 50.000000 50.000000 50.000000 50.000000 50.000000 50.000000 50.000000 50.000000 50.000000 50.000000 50.000000 50.000000 50.000000 50.000000 50.000000 50.000000 50.000000 50.000000 50.000000 50.000000 50.000000 50.000000 50.000000 50.000000 50.000000 50.000000 50.000000 50.000000 50.000000 50.000000 50.000000 50.000000 50.000000 50.000000 50.000000 50.000000 50.000000 50.000000 
50.000000 48.151019 46.409280 44.863396 43.570104 42.549617 41.789551 41.254699 40.898728 40.674393 40.540359 40.464339 40.423356 40.402326 40.392041 40.387241 40.385100 40.384187 40.383813 40.383667 40.383612 40.383592 40.383585 40.383582 40.383582 40.383581 40.383581 40.383581 40.383581 40.383580 40.383577 40.383568 40.383542 40.383474 40.383295 40.382843 40.381744 40.379163 40.373305 40.360451 40.333130 40.276715 40.163076 39.938311 39.497495 38.627461 36.861228 33.060470 24.075509 0.000000 
50.000000 46.409280 43.026832 40.024745 37.513206 35.531461 34.055458 33.016820 32.325564 31.889938 31.629667 31.482051 31.402471 31.361637 31.341667 31.332347 31.328191 31.326417 31.325692 31.325408 31.325301 31.325262 31.325249 31.325244 31.325243 31.325242 31.325242 31.325242 31.325241 31.325239 31.325234 31.325217 31.325172 31.325049 31.324727 31.323919 31.321957 31.317362 31.306979 31.284319 31.236503 31.138763 30.944702 30.569028 29.856435 28.524119 26.054935 21.513416 13.348809 0.000000 
50.000000 44.863396 40.024745 35.730237 32.137494 29.302656 27.191302 25.705606 24.716835 24.093731 23.721458 23.510326 23.396507 23.338106 23.309546 23.296218 23.290274 23.287738 23.286701 23.286294 23.286141 23.286086 23.286067 23.286060 23.286058 23.286057 23.286057 23.286057 23.286056 23.286054 23.286047 23.286026 23.285969 23.285814 23.285411 23.284402 23.281960 23.276270 23.263492 23.235826 23.178049 23.061567 22.834605 22.406602 21.624448 20.238832 17.865119 13.969811 8.002168 0.000000 
50.000000 43.570104 37.513206 32.137494 27.640282 24.091832 21.449041 19.589432 18.351844 17.571964 17.106040 16.841804 16.699362 16.626278 16.590539 16.573861 16.566424 16.563250 16.561953 16.561445 16.561253 16.561184 16.561160 16.561152 16.561149 16.561148 16.561148 16.561148 16.561147 16.561144 16.561137 16.561115 16.561055 16.560894 16.560475 16.559430 16.556914 16.551087 16.538097 16.510234 16.452738 16.338590 16.120588 15.720222 15.013906 13.820141 11.898662 8.989087 4.942643 0.000000 
50.000000 42.549617 35.531461 29.302656 24.091832 19.980392 16.918367 14.763818 13.329987 12.426471 11.886703 11.580600 11.415596 11.330939 11.289544 11.270226 11.261613 11.257938 11.256435 11.255847 11.255625 11.255545 11.255517 11.255507 11.255504 11.255503 11.255503 11.255503 11.255502 11.255500 11.255493 11.255473 11.255418 11.255270 11.254888 11.253939 11.251669 11.246444 11.234892 11.210359 11.160353 11.062599 10.879498 10.551379 9.990196 9.077926 7.678207 5.675026 3.052122 0.000000 
50.000000 41.789551 34.055458 27.191302 21.449041 16.918367 13.544190 11.170059 9.590146 8.594610 7.999890 7.662637 7.480849 7.387586 7.341984 7.320705 7.311216 7.307168 7.305514 7.304865 7.304621 7.304533 7.304502 7.304492 7.304489 7.304488 7.304487 7.304487 7.304486 7.304484 7.304479 7.304462 7.304417 7.304295 7.303982 7.303207 7.301363 7.297149 7.287908 7.268479 7.229350 7.153971 7.015280 6.772095 6.366989 5.728819 4.784700 3.486430 1.851240 0.000000 
50.000000 41.254699 33.016820 25.705606 19.589432 14.763818 11.170059 8.641487 6.958844 5.898608 5.265260 4.906113 4.712533 4.613223 4.564666 4.542010 4.531908 4.527598 4.525837 4.525146 4.524887 4.524793 4.524760 4.524749 4.524745 4.524744 4.524744 4.524744 4.524743 4.524742 4.524737 4.524725 4.524690 4.524599 4.524364 4.523785 4.522417 4.519311 4.512553 4.498480 4.470457 4.417193 4.320743 4.154779 3.884320 3.468843 2.871001 2.072118 1.091622 0.000000 
50.000000 40.898728 32.325564 24.716835 18.351844 13.329987 9.590146 6.958844 5.207881 4.104625 3.445597 3.071900 2.870483 2.767157 2.716639 2.693068 2.682558 2.678075 2.676243 2.675525 2.675255 2.675157 2.675123 2.675111 2.675108 2.675107 2.675106 2.675106 2.675106 2.675105 2.675101 2.675093 2.675069 2.675005 2.674842 2.674444 2.673506 2.671391 2.666825 2.657399 2.638824 2.603940 2.541651 2.436175 2.267388 2.013255 1.655268 1.186801 0.622013 0.000000 
50.000000 40.674393 31.889938 24.093731 17.571964 12.426471 8.594610 5.898608 4.104625 2.974287 2.299096 1.916244 1.709898 1.604046 1.552295 1.528149 1.517384 1.512792 1.510915 1.510180 1.509903 1.509803 1.509768 1.509756 1.509752 1.509751 1.509751 1.509751 1.509750 1.509750 1.509748 1.509742 1.509726 1.509685 1.509580 1.509325 1.508727 1.507386 1.504513 1.498630 1.487143 1.465801 1.428151 1.365259 1.266117 1.119226 0.915682 0.653435 0.341264 0.000000 
50.000000 40.540359 31.629667 23.721458 17.106040 11.886703 7.999890 5.265260 3.445597 2.299096 1.614263 1.225950 1.016666 0.909308 0.856822 0.832334 0.821416 0.816759 0.814856 0.814111 0.813830 0.813728 0.813693 0.813681 0.813677 0.813676 0.813676 0.813675 0.813675 0.813675 0.813674 0.813670 0.813661 0.813636 0.813573 0.813419 0.813063 0.812267 0.810574 0.807131 0.800466 0.788198 0.766780 0.731412 0.676345 0.595806 0.485633 0.345348 0.179908 0.000000 
50.000000 40.464339 31.482051 23.510326 16.841804 11.580600 7.662637 4.906113 3.071900 1.916244 1.225950 0.834546 0.623599 0.515390 0.462488 0.437806 0.426803 0.422109 0.420191 0.419439 0.419157 0.419054 0.419019 0.419007 0.419003 0.419001 0.419001 0.419001 0.419001 0.419001 0.419000 0.418998 0.418993 0.418978 0.418943 0.418856 0.418656 0.418213 0.417273 0.415376 0.411731 0.405075 0.393560 0.374729 0.345708 0.303707 0.246834 0.175072 0.091034 0.000000 
50.000000 40.423356 31.402471 23.396507 16.699362 11.415596 7.480849 4.712533 2.870483 1.709898 1.016666 0.623599 0.411756 0.303090 0.249964 0.225179 0.214129 0.209416 0.207490 0.206735 0.206451 0.206348 0.206312 0.206300 0.206296 0.206295 0.206295 0.206295 0.206295 0.206295 0.206294 0.206293 0.206290 0.206283 0.206264 0.206218 0.206112 0.205878 0.205386 0.204398 0.202512 0.199093 0.193222 0.183700 0.169152 0.148276 0.120236 0.085109 0.044193 0.000000 
50.000000 40.402326 31.361637 23.338106 16.626278 11.330939 7.387586 4.613223 2.767157 1.604046 0.909308 0.515390 0.303090 0.194188 0.140949 0.116111 0.105037 0.100314 0.098384 0.097627 0.097343 0.097240 0.097204 0.097192 0.097188 0.097187 0.097186 0.097186 0.097186 0.097186 0.097186 0.097185 0.097184 0.097180 0.097170 0.097147 0.097094 0.096978 0.096733 0.096246 0.095320 0.093651 0.090806 0.086223 0.079270 0.069364 0.056146 0.039680 0.020581 0.000000 
50.000000 40.392041 31.341667 23.309546 16.590539 11.289544 7.341984 4.564666 2.716639 1.552295 0.856822 0.462488 0.249964 0.140949 0.087654 0.062790 0.051705 0.046977 0.045045 0.044287 0.044002 0.043899 0.043863 0.043851 0.043847 0.043846 0.043846 0.043846 0.043846 0.043846 0.043846 0.043845 0.043845 0.043843 0.043838 0.043827 0.043802 0.043747 0.043632 0.043403 0.042970 0.042195 0.040881 0.038777 0.035604 0.031110 0.025145 0.017748 0.009198 0.000000 
50.000000 40.387241 31.332347 23.296218 16.573861 11.270226 7.320705 4.542010 2.693068 1.528149 0.832334 0.437806 0.225179 0.116111 0.062790 0.037913 0.026823 0.022093 0.020160 0.019402 0.019117 0.019014 0.018978 0.018966 0.018962 0.018961 0.018960 0.018960 0.018960 0.018960 0.018960 0.018960 0.018960 0.018959 0.018957 0.018952 0.018940 0.018915 0.018864 0.018761 0.018569 0.018225 0.017646 0.016723 0.015338 0.013386 0.010806 0.007620 0.003946 0.000000 
50.000000 40.385100 31.328191 23.290274 16.566424 11.261613 7.311216 4.531908 2.682558 1.517384 0.821416 0.426803 0.214129 0.105037 0.051705 0.026823 0.015730 0.010999 0.009066 0.008308 0.008023 0.007919 0.007883 0.007871 0.007868 0.007866 0.007866 0.007866 0.007866 0.007866 0.007866 0.007866 0.007866 0.007865 0.007864 0.007862 0.007857 0.007847 0.007824 0.007781 0.007699 0.007553 0.007309 0.006922 0.006343 0.005530 0.004460 0.003142 0.001626 0.000000 
50.000000 40.384187 31.326417 23.287738 16.563250 11.257938 7.307168 4.527598 2.678075 1.512792 0.816759 0.422109 0.209416 0.100314 0.046977 0.022093 0.010999 0.006267 0.004333 0.003576 0.003290 0.003187 0.003151 0.003139 0.003135 0.003134 0.003134 0.003134 0.003134 0.003134 0.003134 0.003134 0.003133 0.003133 0.003133 0.003132 0.003130 0.003126 0.003117 0.003099 0.003065 0.003006 0.002908 0.002752 0.002520 0.002195 0.001769 0.001245 0.000644 0.000000 
50.000000 40.383813 31.325692 23.286701 16.561953 11.256435 7.305514 4.525837 2.676243 1.510915 0.814856 0.420191 0.207490 0.098384 0.045045 0.020160 0.009066 0.004333 0.002400 0.001642 0.001357 0.001254 0.001218 0.001206 0.001202 0.001200 0.001200 0.001200 0.001200 0.001200 0.001200 0.001200 0.001200 0.001200 0.001200 0.001199 0.001198 0.001197 0.001193 0.001186 0.001173 0.001150 0.001112 0.001052 0.000963 0.000838 0.000675 0.000475 0.000246 0.000000 
50.000000 40.383667 31.325408 23.286294 16.561445 11.255847 7.304865 4.525146 2.675525 1.510180 0.814111 0.419439 0.206735 0.097627 0.044287 0.019402 0.008308 0.003576 0.001642 0.000884 0.000599 0.000496 0.000460 0.000448 0.000444 0.000443 0.000442 0.000442 0.000442 0.000442 0.000442 0.000442 0.000442 0.000442 0.000442 0.000442 0.000442 0.000441 0.000440 0.000437 0.000432 0.000423 0.000409 0.000387 0.000354 0.000308 0.000248 0.000174 0.000090 0.000000 
50.000000 40.383612 31.325301 23.286141 16.561253 11.255625 7.304621 4.524887 2.675255 1.509903 0.813830 0.419157 0.206451 0.097343 0.044002 0.019117 0.008023 0.003290 0.001357 0.000599 0.000314 0.000210 0.000174 0.000162 0.000159 0.000157 0.000157 0.000157 0.000157 0.000157 0.000157 0.000157 0.000157 0.000157 0.000157 0.000157 0.000157 0.000156 0.000156 0.000155 0.000153 0.000150 0.000145 0.000137 0.000125 0.000109 0.000088 0.000062 0.000032 0.000000 
50.000000 40.383592 31.325262 23.286086 16.561184 11.255545 7.304533 4.524793 2.675157 1.509803 0.813728 0.419054 0.206348 0.097240 0.043899 0.019014 0.007919 0.003187 0.001254 0.000496 0.000210 0.000107 0.000071 0.000059 0.000055 0.000054 0.000054 0.000054 0.000054 0.000054 0.000054 0.000054 0.000054 0.000054 0.000054 0.000054 0.000054 0.000053 0.000053 0.000053 0.000052 0.000051 0.000050 0.000047 0.000043 0.000037 0.000030 0.000021 0.000011 0.000000 
50.000000 40.383585 31.325249 23.286067 16.561160 11.255517 7.304502 4.524760 2.675123 1.509768 0.813693 0.419019 0.206312 0.097204 0.043863 0.018978 0.007884 0.003151 0.001218 0.000460 0.000175 0.000071 0.000035 0.000023 0.000019 0.000018 0.000018 0.000018 0.000018 0.000018 0.000018 0.000018 0.000018 0.000018 0.000018 0.000018 0.000018 0.000018 0.000018 0.000018 0.000017 0.000017 0.000016 0.000015 0.000014 0.000012 0.000010 0.000007 0.000004 0.000000 
50.000000 40.383582 31.325244 23.286060 16.561152 11.255507 7.304492 4.524749 2.675112 1.509756 0.813681 0.419007 0.206301 0.097192 0.043851 0.018966 0.007872 0.003139 0.001206 0.000448 0.000163 0.000059 0.000023 0.000011 0.000008 0.000006 0.000006 0.000006 0.000006 0.000006 0.000006 0.000006 0.000006 0.000006 0.000006 0.000006 0.000006 0.000006 0.000006 0.000006 0.000006 0.000006 0.000005 0.000005 0.000005 0.000004 0.000003 0.000002 0.000001 0.000000 
50.000000 40.383582 31.325243 23.286058 16.561149 11.255505 7.304489 4.524746 2.675108 1.509753 0.813678 0.419003 0.206297 0.097188 0.043848 0.018962 0.007868 0.003136 0.001202 0.000444 0.000159 0.000056 0.000020 0.000008 0.000004 0.000003 0.000002 0.000002 0.000002 0.000002 0.000002 0.000002 0.000002 0.000002 0.000002 0.000002 0.000002 0.000002 0.000002 0.000002 0.000002 0.000002 0.000002 0.000002 0.000002 0.000002 0.000001 0.000001 0.000000 0.000000 
50.000000 40.383582 31.325243 23.286058 16.561149 11.255505 7.304489 4.524746 2.675108 1.509753 0.813678 0.419003 0.206297 0.097188 0.043848 0.018962 0.007868 0.003136 0.001202 0.000444 0.000159 0.000056 0.000020 0.000008 0.000004 0.000003 0.000002 0.000002 0.000002 0.000002 0.000002 0.000002 0.000002 0.000002 0.000002 0.000002 0.000002 0.000002 0.000002 0.000002 0.000002 0.000002 0.000002 0.000002 0.000002 0.000002 0.000001 0.000001 0.000000 0.000000 
50.000000 40.383582 31.325244 23.286060 16.561152 11.255507 7.304492 4.524749 2.675112 1.509756 0.813681 0.419007 0.206301 0.097192 0.043851 0.018966 0.007872 0.003139 0.001206 0.000448 0.000163 0.000059 0.000023 0.000011 0.000008 0.000006 0.000006 0.000006 0.000006 0.000006 0.000006 0.000006 0.000006 0.000006 0.000006 0.000006 0.000006 0.000006 0.000006 0.000006 0.000006 0.000006 0.000005 0.000005 0.000005 0.000004 0.000003 0.000002 0.000001 0.000000 
50.000000 40.383585 31.325249 23.286067 16.561160 11.255517 7.304502 4.524760 2.675123 1.509768 0.813693 0.419019 0.206312 0.097204 0.043863 0.018978 0.007884 0.003151 0.001218 0.000460 0.000175 0.000071 0.000035 0.000023 0.000019 0.000018 0.000018 0.000018 0.000018 0.000018 0.000018 0.000018 0.000018 0.000018 0.000018 0.000018 0.000018 0.000018 0.000018 0.000018 0.000017 0.000017 0.000016 0.000015 0.000014 0.000012 0.000010 0.000007 0.000004 0.000000 
50.000000 40.383592 31.325262 23.286086 16.561184 11.255545 7.304533 4.524793 2.675157 1.509803 0.813728 0.419054 0.206348 0.097240 0.043899 0.019014 0.007919 0.003187 0.001254 0.000496 0.000210 0.000107 0.000071 0.000059 0.000055 0.000054 0.000054 0.000054 0.000054 0.000054 0.000054 0.000054 0.000054 0.000054 0.000054 0.000054 0.000054 0.000053 0.000053 0.000053 0.000052 0.000051 0.000050 0.000047 0.000043 0.000037 0.000030 0.000021 0.000011 0.000000 
50.000000 40.383612 31.325301 23.286141 16.561253 11.255625 7.304621 4.524887 2.675255 1.509903 0.813830 0.419157 0.206451 0.097343 0.044002 0.019117 0.008023 0.003290 0.001357 0.000599 0.000314 0.000210 0.000174 0.000162 0.000159 0.000157 0.000157 0.000157 0.000157 0.000157 0.000157 0.000157 0.000157 0.000157 0.000157 0.000157 0.000157 0.000156 0.000156 0.000155 0.000153 0.000150 0.000145 0.000137 0.000125 0.000109 0.000088 0.000062 0.000032 0.000000 
50.000000 40.383667 31.325408 23.286294 16.561445 11.255847 7.304865 4.525146 2.675525 1.510180 0.814111 0.419439 0.206735 0.097627 0.044287 0.019402 0.008308 0.003576 0.001642 0.000884 0.000599 0.000496 0.000460 0.000448 0.000444 0.000443 0.000442 0.000442 0.000442 0.000442 0.000442 0.000442 0.000442 0.000442 0.000442 0.000442 0.000442 0.000441 0.000440 0.000437 0.000432 0.000423 0.000409 0.000387 0.000354 0.000308 0.000248 0.000174 0.000090 0.000000 
50.000000 40.383813 31.325692 23.286701 16.561953 11.256435 7.305514 4.525837 2.676243 1.510915 0.814856 0.420191 0.207490 0.098384 0.045045 0.020160 0.009066 0.004333 0.002400 0.001642 0.001357 0.001254 0.001218 0.001206 0.001202 0.001200 0.001200 0.001200 0.001200 0.001200 0.001200 0.001200 0.001200 0.001200 0.001200 0.001199 0.001198 0.001197 0.001193 0.001186 0.001173 0.001150 0.001112 0.001052 0.000963 0.000838 0.000675 0.000475 0.000246 0.000000 
50.000000 40.384187 31.326417 23.287738 16.563250 11.257938 7.307168 4.527598 2.678075 1.512792 0.816759 0.422109 0.209416 0.100314 0.046977 0.022093 0.010999 0.006267 0.004333 0.003576 0.003290 0.003187 0.003151 0.003139 0.003135 0.003134 0.003134 0.003134 0.003134 0.003134 0.003134 0.003134 0.003133 0.003133 0.003133 0.003132 0.003130 0.003126 0.003117 0.003099 0.003065 0.003006 0.002908 0.002752 0.002520 0.002195 0.001769 0.001245 0.000644 0.000000 
50.000000 40.385100 31.328191 23.290274 16.566424 11.261613 7.311216 4.531908 2.682558 1.517384 0.821416 0.426803 0.214129 0.105037 0.051705 0.026823 0.015730 0.010999 0.009066 0.008308 0.008023 0.007919 0.007883 0.007871 0.007868 0.007866 0.007866 0.007866 0.007866 0.007866 0.007866 0.007866 0.007866 0.007865 0.007864 0.007862 0.007857 0.007847 0.007824 0.007781 0.007699 0.007553 0.007309 0.006922 0.006343 0.005530 0.004460 0.003142 0.001626 0.000000 
50.000000 40.387241 31.332347 23.296218 16.573861 11.270226 7.320705 4.542010 2.693068 1.528149 0.832334 0.437806 0.225179 0.116111 0.062790 0.037913 0.026823 0.022093 0.020160 0.019402 0.019117 0.019014 0.018978 0.018966 0.018962 0.018961 0.018960 0.018960 0.018960 0.018960 0.018960 0.018960 0.018960 0.018959 0.018957 0.018952 0.018940 0.018915 0.018864 0.018761 0.018569 0.018225 0.017646 0.016723 0.015338 0.013386 0.010806 0.007620 0.003946 0.000000 
50.000000 40.392041 31.341667 23.309546 16.590539 11.289544 7.341984 4.564666 2.716639 1.552295 0.856822 0.462488 0.249964 0.140949 0.087654 0.062790 0.051705 0.046977 0.045045 0.044287 0.044002 0.043899 0.043863 0.043851 0.043847 0.043846 0.043846 0.043846 0.043846 0.043846 0.043846 0.043845 0.043845 0.043843 0.043838 0.043827 0.043802 0.043747 0.043632 0.043403 0.042970 0.042195 0.040881 0.038777 0.035604 0.031110 0.025145 0.017748 0.009198 0.000000 
50.000000 40.402326 31.361637 23.338106 16.626278 11.330939 7.387586 4.613223 2.767157 1.604046 0.909308 0.515390 0.303090 0.194188 0.140949 0.116111 0.105037 0.100314 0.098384 0.097627 0.097343 0.097240 0.097204 0.097192 0.097188 0.097187 0.097186 0.097186 0.097186 0.097186 0.097186 0.097185 0.097184 0.097180 0.097170 0.097147 0.097094 0.096978 0.096733 0.096246 0.095320 0.093651 0.090806 0.086223 0.079270 0.069364 0.056146 0.039680 0.020581 0.000000 
50.000000 40.423356 31.402471 23.396507 16.699362 11.415596 7.480849 4.712533 2.870483 1.709898 1.016666 0.623599 0.411756 0.303090 0.249964 0.225179 0.214129 0.209416 0.207490 0.206735 0.206451 0.206348 0.206312 0.206300 0.206296 0.206295 0.206295 0.206295 0.206295 0.206295 0.206294 0.206293 0.206290 0.206283 0.206264 0.206218 0.206112 0.205878 0.205386 0.204398 0.202512 0.199093 0.193222 0.183700 0.169152 0.148276 0.120236 0.085109 0.044193 0.000000 
50.000000 40.464339 31.482051 23.510326 16.841804 11.580600 7.662637 4.906113 3.071900 1.916244 1.225950 0.834546 0.623599 0.515390 0.462488 0.437806 0.426803 0.422109 0.420191 0.419439 0.419157 0.419054 0.419019 0.419007 0.419003 0.419001 0.419001 0.419001 0.419001 0.419001 0.419000 0.418998 0.418993 0.418978 0.418943 0.418856 0.418656 0.418213 0.417273 0.415376 0.411731 0.405075 0.393560 0.374729 0.345708 0.303707 0.246834 0.175072 0.091034 0.000000 
50.000000 40.540359 31.629667 23.721458 17.106040 11.886703 7.999890 5.265260 3.445597 2.299096 1.614263 1.225950 1.016666 0.909308 0.856822 0.832334 0.821416 0.816759 0.814856 0.814111 0.813830 0.813728 0.813693 0.813681 0.813677 0.813676 0.813676 0.813675 0.813675 0.813675 0.813674 0.813670 0.813661 0.813636 0.813573 0.813419 0.813063 0.812267 0.810574 0.807131 0.800466 0.788198 0.766780 0.731412 0.676345 0.595806 0.485633 0.345348 0.179908 0.000000 
50.000000 40.674393 31.889938 24.093731 17.571964 12.426471 8.594610 5.898608 4.104625 2.974287 2.299096 1.916244 1.709898 1.604046 1.552295 1.528149 1.517384 1.512792 1.510915 1.510180 1.509903 1.509803 1.509768 1.509756 1.509752 1.509751 1.509751 1.509751 1.509750 1.509750 1.509748 1.509742 1.509726 1.509685 1.509580 1.509325 1.508727 1.507386 1.504513 1.498630 1.487143 1.465801 1.428151 1.365259 1.266117 1.119226 0.915682 0.653435 0.341264 0.000000 
50.000000 40.898728 32.325564 24.716835 18.351844 13.329987 9.590146 6.958844 5.207881 4.104625 3.445597 3.071900 2.870483 2.767157 2.716639 2.693068 2.682558 2.678075 2.676243 2.675525 2.675255 2.675157 2.675123 2.675111 2.675108 2.675107 2.675106 2.675106 2.675106 2.675105 2.675101 2.675093 2.675069 2.675005 2.674842 2.674444 2.673506 2.671391 2.666825 2.657399 2.638824 2.603940 2.541651 2.436175 2.267388 2.013255 1.655268 1.186801 0.622013 0.000000 
50.000000 41.254699 33.016820 25.705606 19.589432 14.763818 11.170059 8.641487 6.958844 5.898608 5.265260 4.906113 4.712533 4.613223 4.564666 4.542010 4.531908 4.527598 4.525837 4.525146 4.524887 4.524793 4.524760 4.524749 4.524745 4.524744 4.524744 4.524744 4.524743 4.524742 4.524737 4.524725 4.524690 4.524599 4.524364 4.523785 4.522417 4.519311 4.512553 4.498480 4.470457 4.417193 4.320743 4.154779 3.884320 3.468843 2.871001 2.072118 1.091622 0.000000 
50.000000 41.789551 34.055458 27.191302 21.449041 16.918367 13.544190 11.170059 9.590146 8.594610 7.999890 7.662637 7.480849 7.387586 7.341984 7.320705 7.311216 7.307168 7.305514 7.304865 7.304621 7.304533 7.304502 7.304492 7.304489 7.304488 7.304487 7.304487 7.304486 7.304484 7.304479 7.304462 7.304417 7.304295 7.303982 7.303207 7.301363 7.297149 7.287908 7.268479 7.229350 7.153971 7.015280 6.772095 6.366989 5.728819 4.784700 3.486430 1.851240 0.000000 
50.000000 42.549617 35.531461 29.302656 24.091832 19.980392 16.918367 14.763818 13.329987 12.426471 11.886703 11.580600 11.415596 11.330939 11.289544 11.270226 11.261613 11.257938 11.256435 11.255847 11.255625 11.255545 11.255517 11.255507 11.255504 11.255503 11.255503 11.255503 11.255502 11.255500 11.255493 11.255473 11.255418 11.255270 11.254888 11.253939 11.251669 11.246444 11.234892 11.210359 11.160353 11.062599 10.879498 10.551379 9.990196 9.077926 7.678207 5.675026 3.052122 0.000000 
50.000000 43.570104 37.513206 32.137494 27.640282 24.091832 21.449041 19.589432 18.351844 17.571964 17.106040 16.841804 16.699362 16.626278 16.590539 16.573861 16.566424 16.563250 16.561953 16.561445 16.561253 16.561184 16.561160 16.561152 16.561149 16.561148 16.561148 16.561148 16.561147 16.561144 16.561137 16.561115 16.561055 16.560894 16.560475 16.559430 16.556914 16.551087 16.538097 16.510234 16.452738 16.338590 16.120588 15.720222 15.013906 13.820141 11.898662 8.989087 4.942643 0.000000 
50.000000 44.863396 40.024745 35.730237 32.137494 29.302656 27.191302 25.705606 24.716835 24.093731 23.721458 23.510326 23.396507 23.338106 23.309546 23.296218 23.290274 23.287738 23.286701 23.286294 23.286141 23.286086 23.286067 23.286060 23.286058 23.286057 23.286057 23.286057 23.286056 23.286054 23.286047 23.286026 23.285969 23.285814 23.285411 23.284402 23.281960 23.276270 23.263492 23.235826 23.178049 23.061567 22.834605 22.406602 21.624448 20.238832 17.865119 13.969811 8.002168 0.000000 
50.000000 46.409280 43.026832 40.024745 37.513206 35.531461 34.055458 33.016820 32.325564 31.889938 31.629667 31.482051 31.402471 31.361637 31.341667 31.332347 31.328191 31.326417 31.325692 31.325408 31.325301 31.325262 31.325249 31.325244 31.325243 31.325242 31.325242 31.325242 31.325241 31.325239 31.325234 31.325217 31.325172 31.325049 31.324727 31.323919 31.321957 31.317362 31.306979 31.284319 31.236503 31.138763 30.944702 30.569028 29.856435 28.524119 26.054935 21.513416 13.348809 0.000000 
50.000000 48.151019 46.409280 44.863396 43.570104 42.549617 41.789551 41.254699 40.898728 40.674393 40.540359 40.464339 40.423356 40.402326 40.392041 40.387241 40.385100 40.384187 40.383813 40.383667 40.383612 40.383592 40.383585 40.383582 40.383582 40.383581 40.383581 40.383581 40.383581 40.383580 40.383577 40.383568 40.383542 40.383474 40.383295 40.382843 40.381744 40.379163 40.373305 40.360451 40.333130 40.276715 40.163076 39.938311 39.497495 38.627461 36.861228 33.060470 24.075509 0.000000 
50.000000 50.000000 50.000000 50.000000 50.000000 50.000000 50.000000 50.000000 50.000000 50.000000 50.000000 50.000000 50.000000 50.000000 50.000000 50.000000 50.000000 50.000000 50.000000 50.000000 50.000000 50.000000 50.000000 50.000000 50.000000 50.000000 50.000000 50.000000 50.000000 50.000000 50.000000 50.000000 50.000000 50.000000 50.000000 50.000000 50.000000 50.000000 50.000000 50.000000 50.000000 50.000000 50.000000 50.000000 50.000000 50.000000 50.000000 50.000000 50.000000 50.000000 
