50.000000 50.000000 50.000000 50.000000 50.000000 50.000000 50.000000 50.000000 50.000000 50.000000 50.000000 50.000000 50.000000 50.000000 50.000000 50.000000 50.000000 50.000000 50.000000 50.000000 50.000000 50.000000 50.000000 50.000000 50.000000 50.000000 50.000000 50.000000 50.000000 50.000000 50.000000 50.000000 50.000000 50.000000 50.000000 50.000000 50.000000 50.000000 50.000000 50.000000 50.000000 50.000000 50.000000 50.000000 50.000000 50.000000 50.000000 50.000000 50.000000 50.000000 
50.000000 48.820786 47.685219 46.632105 45.691458 44.882114 44.211174 43.675148 43.262322 42.955723 42.736059 42.584178 42.482790 42.417415 42.376678 42.352136 42.337834 42.329767 42.325361 42.323029 42.321833 42.321238 42.320951 42.320816 42.320754 42.320726 42.320711 42.320697 42.320676 42.320633 42.320538 42.320335 42.319910 42.319044 42.317317 42.313958 42.307577 42.295719 42.274140 42.235612 42.167943 42.050606 41.848701 41.501409 40.897843 39.821202 37.804567 33.714335 24.410393 0.000000 
50.000000 47.685219 45.456118 43.388873 41.542402 39.953679 38.636644 37.584445 36.774085 36.172245 35.741058 35.442927 35.243910 35.115584 35.035623 34.987450 34.959376 34.943541 34.934893 34.930317 34.927969 34.926801 34.926237 34.925973 34.925851 34.925796 34.925766 34.925741 34.925702 34.925620 34.925442 34.925063 34.924271 34.922655 34.919442 34.913206 34.901385 34.879488 34.839799 34.769304 34.646355 34.435218 34.076937 33.473388 32.458212 30.741884 27.807396 22.728059 13.970884 0.000000 
50.000000 46.632105 43.388873 40.381137 37.694624 35.383128 33.466929 31.936056 30.757049 29.881427 29.254094 28.820347 28.530802 28.344106 28.227775 28.157691 28.116848 28.093812 28.081231 28.074574 28.071159 28.069460 28.068640 28.068255 28.068078 28.067997 28.067955 28.067920 28.067867 28.067756 28.067518 28.067010 28.065951 28.063795 28.059519 28.051245 28.035623 28.006822 27.954934 27.863488 27.705614 27.438177 26.992757 26.261809 25.077615 23.182004 20.190568 15.581477 8.827537 0.000000 
50.000000 45.691458 41.542402 37.694624 34.257795 31.300735 28.849387 26.890989 25.382733 24.262596 23.460089 22.905230 22.534841 22.296021 22.147213 22.057565 22.005321 21.975855 21.959763 21.951247 21.946879 21.944707 21.943657 21.943165 21.942940 21.942837 21.942784 21.942742 21.942680 21.942554 21.942282 21.941703 21.940499 21.938056 21.933226 21.923919 21.906433 21.874388 21.817090 21.717057 21.546425 21.261838 20.797425 20.055650 18.896595 17.128898 14.512620 10.800518 5.870256 0.000000 
50.000000 44.882114 39.953679 35.383128 31.300735 27.788249 24.876480 22.550266 20.758754 19.428265 18.475064 17.816023 17.376094 17.092440 16.915699 16.809224 16.747176 16.712181 16.693069 16.682956 16.677769 16.675188 16.673942 16.673358 16.673091 16.672969 16.672908 16.672862 16.672797 16.672666 16.672388 16.671796 16.670568 16.668085 16.663197 16.653821 16.636304 16.604424 16.547891 16.450205 16.285691 16.015661 15.583802 14.911405 13.894124 12.404140 10.305512 7.495467 3.984271 0.000000 
50.000000 44.211174 38.636644 33.466929 28.849387 24.876480 21.583056 18.951961 16.925666 15.420829 14.342733 13.597350 13.099793 12.778987 12.579099 12.458683 12.388512 12.348936 12.327322 12.315886 12.310021 12.307103 12.305694 12.305033 12.304731 12.304594 12.304527 12.304480 12.304416 12.304293 12.304029 12.303472 12.302321 12.300002 12.295455 12.286779 12.270667 12.241556 12.190381 12.102876 11.957369 11.722204 11.353132 10.791528 9.965075 8.793737 7.205120 5.163256 2.709765 0.000000 
50.000000 43.675148 37.584445 31.936056 26.890989 22.550266 18.951961 16.077321 13.863487 12.219392 11.041543 10.227202 9.683624 9.333150 9.114780 8.983233 8.906577 8.863344 8.839734 8.827242 8.820835 8.817647 8.816109 8.815387 8.815057 8.814909 8.814837 8.814791 8.814733 8.814622 8.814390 8.813902 8.812895 8.810875 8.806933 8.799452 8.785645 8.760882 8.717727 8.644688 8.524703 8.333563 8.038661 7.598829 6.966465 6.093563 4.943299 3.507507 1.826447 0.000000 
50.000000 43.262322 36.774085 30.757049 25.382733 20.758754 16.925666 13.863487 11.505247 9.753928 8.499278 7.631850 7.052843 6.679533 6.446939 6.306825 6.225178 6.179132 6.153985 6.140681 6.133857 6.130463 6.128824 6.128056 6.127705 6.127547 6.127473 6.127428 6.127378 6.127285 6.127093 6.126689 6.125861 6.124207 6.120993 6.114927 6.103801 6.083990 6.049753 5.992370 5.899165 5.752624 5.529924 5.203462 4.743093 4.120895 3.318872 2.338866 1.211717 0.000000 
50.000000 42.955723 36.172245 29.881427 24.262596 19.428265 15.420829 12.219392 9.753928 7.922998 6.611329 5.704492 5.099187 4.708927 4.465776 4.319305 4.233955 4.185821 4.159535 4.145628 4.138495 4.134947 4.133235 4.132432 4.132066 4.131902 4.131826 4.131783 4.131741 4.131667 4.131516 4.131200 4.130556 4.129274 4.126795 4.122139 4.113654 4.098648 4.072921 4.030189 3.961499 3.854762 3.694689 3.463460 3.142574 2.716171 2.175813 1.525890 0.787780 0.000000 
50.000000 42.736059 35.741058 29.254094 23.460089 18.475064 14.342733 11.041543 8.499278 6.611329 5.258826 4.323767 3.699633 3.297237 3.046528 2.895507 2.807507 2.757879 2.730778 2.716440 2.709086 2.705428 2.703662 2.702835 2.702457 2.702289 2.702213 2.702173 2.702137 2.702081 2.701968 2.701734 2.701257 2.700312 2.698494 2.695098 2.688943 2.678129 2.659726 2.629413 2.581140 2.506908 2.396855 2.239858 2.024859 1.743032 1.390606 0.971754 0.500447 0.000000 
50.000000 42.584178 35.442927 28.820347 22.905230 17.816023 13.597350 10.227202 7.631850 5.704492 4.323767 3.369206 2.732060 2.321280 2.065351 1.911186 1.821355 1.770696 1.743032 1.728396 1.720890 1.717156 1.715354 1.714510 1.714125 1.713953 1.713877 1.713839 1.713810 1.713768 1.713687 1.713521 1.713185 1.712521 1.711249 1.708885 1.704623 1.697181 1.684603 1.664042 1.631571 1.582097 1.509475 1.406969 1.268131 1.088140 0.865413 0.603129 0.310039 0.000000 
50.000000 42.482790 35.243910 28.530802 22.534841 17.376094 13.099793 9.683624 7.052843 5.099187 3.699633 2.732060 2.086234 1.669862 1.410451 1.254190 1.163139 1.111792 1.083753 1.068918 1.061311 1.057527 1.055700 1.054844 1.054454 1.054281 1.054205 1.054169 1.054145 1.054115 1.054059 1.053946 1.053719 1.053273 1.052422 1.050847 1.048022 1.043117 1.034879 1.021504 1.000539 0.968853 0.922741 0.858238 0.771671 0.660453 0.523980 0.364422 0.187071 0.000000 
50.000000 42.417415 35.115584 28.344106 22.296021 17.092440 12.778987 9.333150 6.679533 4.708927 3.297237 2.321280 1.669862 1.249887 0.988232 0.830622 0.738785 0.686996 0.658715 0.643753 0.636079 0.632263 0.630421 0.629557 0.629164 0.628990 0.628914 0.628879 0.628859 0.628838 0.628801 0.628727 0.628581 0.628293 0.627747 0.626740 0.624943 0.621840 0.616657 0.608294 0.595273 0.575731 0.547504 0.508320 0.456136 0.389588 0.308483 0.214199 0.109838 0.000000 
50.000000 42.376678 35.035623 28.227775 22.147213 16.915699 12.579099 9.114780 6.446939 4.465776 3.046528 2.065351 1.410451 0.988232 0.725182 0.566731 0.474406 0.422341 0.393910 0.378868 0.371154 0.367317 0.365466 0.364598 0.364203 0.364028 0.363951 0.363918 0.363901 0.363885 0.363861 0.363815 0.363724 0.363546 0.363209 0.362591 0.361492 0.359604 0.356466 0.351431 0.343637 0.332012 0.315329 0.292321 0.261877 0.223293 0.176529 0.122417 0.062720 0.000000 
50.000000 42.352136 34.987450 28.157691 22.057565 16.809224 12.458683 8.983233 6.306825 4.319305 2.895507 1.911186 1.254190 0.830622 0.566731 0.407775 0.315155 0.262925 0.234403 0.219314 0.211576 0.207727 0.205869 0.204999 0.204602 0.204427 0.204351 0.204318 0.204302 0.204291 0.204276 0.204248 0.204194 0.204088 0.203888 0.203522 0.202875 0.201768 0.199937 0.197013 0.192510 0.185831 0.176300 0.163228 0.146027 0.124338 0.098172 0.068007 0.034819 0.000000 
50.000000 42.337834 34.959376 28.116848 22.005321 16.747176 12.388512 8.906577 6.225178 4.233955 2.807507 1.821355 1.163139 0.738785 0.474406 0.315155 0.222364 0.170037 0.141463 0.126346 0.118594 0.114738 0.112877 0.112005 0.111608 0.111432 0.111356 0.111324 0.111309 0.111301 0.111291 0.111275 0.111243 0.111182 0.111068 0.110860 0.110492 0.109866 0.108834 0.107195 0.104681 0.100971 0.095702 0.088510 0.079091 0.067265 0.053053 0.036720 0.018790 0.000000 
50.000000 42.329767 34.943541 28.093812 21.975856 16.712181 12.348936 8.863344 6.179132 4.185821 2.757879 1.770696 1.111792 0.686996 0.422341 0.262925 0.170037 0.117656 0.089053 0.073920 0.066159 0.062300 0.060437 0.059564 0.059166 0.058990 0.058915 0.058882 0.058869 0.058862 0.058855 0.058846 0.058828 0.058795 0.058731 0.058617 0.058415 0.058073 0.057512 0.056623 0.055266 0.053271 0.050450 0.046615 0.041613 0.035357 0.027862 0.019271 0.009856 0.000000 
50.000000 42.325361 34.934893 28.081231 21.959763 16.693069 12.327323 8.839734 6.153986 4.159536 2.730778 1.743033 1.083753 0.658715 0.393910 0.234404 0.141464 0.089053 0.060433 0.045292 0.037527 0.033665 0.031801 0.030928 0.030530 0.030354 0.030278 0.030246 0.030233 0.030227 0.030223 0.030217 0.030208 0.030190 0.030156 0.030095 0.029988 0.029807 0.029512 0.029045 0.028336 0.027297 0.025833 0.023851 0.021274 0.018060 0.014221 0.009830 0.005026 0.000000 
50.000000 42.323029 34.930317 28.074574 21.951248 16.682957 12.315887 8.827243 6.140682 4.145629 2.716441 1.728397 1.068920 0.643754 0.378869 0.219315 0.126347 0.073921 0.045293 0.030147 0.022380 0.018517 0.016652 0.015779 0.015381 0.015205 0.015129 0.015097 0.015084 0.015079 0.015075 0.015072 0.015067 0.015058 0.015040 0.015009 0.014954 0.014862 0.014711 0.014474 0.014115 0.013590 0.012853 0.011859 0.010570 0.008967 0.007056 0.004875 0.002492 0.000000 
50.000000 42.321834 34.927970 28.071160 21.946881 16.677771 12.310023 8.820837 6.133860 4.138498 2.709089 1.720893 1.061314 0.636083 0.371157 0.211579 0.118597 0.066162 0.037530 0.022382 0.014614 0.010750 0.008885 0.008011 0.007613 0.007437 0.007362 0.007330 0.007317 0.007312 0.007309 0.007307 0.007304 0.007300 0.007291 0.007275 0.007248 0.007202 0.007128 0.007011 0.006834 0.006577 0.006217 0.005733 0.005107 0.004330 0.003405 0.002352 0.001202 0.000000 
50.000000 42.321240 34.926804 28.069464 21.944711 16.675194 12.307109 8.817654 6.130470 4.134955 2.705436 1.717164 1.057535 0.632271 0.367326 0.207735 0.114746 0.062308 0.033673 0.018524 0.010755 0.006891 0.005026 0.004152 0.003754 0.003578 0.003503 0.003471 0.003458 0.003453 0.003450 0.003449 0.003448 0.003445 0.003441 0.003433 0.003420 0.003398 0.003362 0.003307 0.003222 0.003100 0.002929 0.002699 0.002403 0.002036 0.001601 0.001105 0.000564 0.000000 
50.000000 42.320954 34.926244 28.068649 21.943670 16.673957 12.305710 8.816127 6.128843 4.133254 2.703683 1.715375 1.055721 0.630442 0.365487 0.205890 0.112898 0.060458 0.031822 0.016672 0.008903 0.005039 0.003174 0.002300 0.001902 0.001726 0.001650 0.001619 0.001606 0.001601 0.001598 0.001597 0.001597 0.001595 0.001593 0.001590 0.001584 0.001573 0.001556 0.001530 0.001491 0.001434 0.001354 0.001247 0.001110 0.000940 0.000739 0.000510 0.000260 0.000000 
50.000000 42.320825 34.925990 28.068279 21.943196 16.673394 12.305074 8.815432 6.128103 4.132481 2.702885 1.714561 1.054896 0.629610 0.364650 0.205051 0.112057 0.059616 0.030980 0.015830 0.008061 0.004197 0.002332 0.001458 0.001060 0.000884 0.000808 0.000776 0.000763 0.000758 0.000756 0.000755 0.000755 0.000754 0.000753 0.000752 0.000749 0.000744 0.000735 0.000723 0.000704 0.000677 0.000639 0.000588 0.000523 0.000443 0.000348 0.000240 0.000123 0.000000 
50.000000 42.320775 34.925892 28.068137 21.943015 16.673179 12.304831 8.815166 6.127820 4.132185 2.702580 1.714250 1.054581 0.629292 0.364331 0.204730 0.111736 0.059294 0.030658 0.015508 0.007739 0.003875 0.002009 0.001136 0.000738 0.000562 0.000486 0.000454 0.000441 0.000436 0.000434 0.000433 0.000433 0.000433 0.000432 0.000431 0.000429 0.000426 0.000422 0.000414 0.000403 0.000388 0.000366 0.000337 0.000299 0.000253 0.000199 0.000137 0.000070 0.000000 
50.000000 42.320775 34.925892 28.068137 21.943015 16.673179 12.304831 8.815166 6.127820 4.132185 2.702580 1.714250 1.054581 0.629292 0.364331 0.204730 0.111736 0.059294 0.030658 0.015508 0.007739 0.003875 0.002009 0.001136 0.000738 0.000562 0.000486 0.000454 0.000441 0.000436 0.000434 0.000433 0.000433 0.000433 0.000432 0.000431 0.000429 0.000426 0.000422 0.000414 0.000403 0.000388 0.000366 0.000337 0.000299 0.000253 0.000199 0.000137 0.000070 0.000000 
50.000000 42.320825 34.925990 28.068279 21.943196 16.673394 12.305074 8.815432 6.128103 4.132481 2.702885 1.714561 1.054896 0.629610 0.364650 0.205051 0.112057 0.059616 0.030980 0.015830 0.008061 0.004197 0.002332 0.001458 0.001060 0.000884 0.000808 0.000776 0.000763 0.000758 0.000756 0.000755 0.000755 0.000754 0.000753 0.000752 0.000749 0.000744 0.000735 0.000723 0.000704 0.000677 0.000639 0.000588 0.000523 0.000443 0.000348 0.000240 0.000123 0.000000 
50.000000 42.320954 34.926244 28.068649 21.943670 16.673957 12.305710 8.816127 6.128843 4.133254 2.703683 1.715375 1.055721 0.630442 0.365487 0.205890 0.112898 0.060458 0.031822 0.016672 0.008903 0.005039 0.003174 0.002300 0.001902 0.001726 0.001650 0.001619 0.001606 0.001601 0.001598 0.001597 0.001597 0.001595 0.001593 0.001590 0.001584 0.001573 0.001556 0.001530 0.001491 0.001434 0.001354 0.001247 0.001110 0.000940 0.000739 0.000510 0.000260 0.000000 
50.000000 42.321240 34.926804 28.069464 21.944711 16.675194 12.307109 8.817654 6.130470 4.134955 2.705436 1.717164 1.057535 0.632271 0.367326 0.207735 0.114746 0.062308 0.033673 0.018524 0.010755 0.006891 0.005026 0.004152 0.003754 0.003578 0.003503 0.003471 0.003458 0.003453 0.003450 0.003449 0.003448 0.003445 0.003441 0.003433 0.003420 0.003398 0.003362 0.003307 0.003222 0.003100 0.002929 0.002699 0.002403 0.002036 0.001601 0.001105 0.000564 0.000000 
50.000000 42.321834 34.927970 28.071160 21.946881 16.677771 12.310023 8.820837 6.133860 4.138498 2.709089 1.720893 1.061314 0.636083 0.371157 0.211579 0.118597 0.066162 0.037530 0.022382 0.014614 0.010750 0.008885 0.008011 0.007613 0.007437 0.007362 0.007330 0.007317 0.007312 0.007309 0.007307 0.007304 0.007300 0.007291 0.007275 0.007248 0.007202 0.007128 0.007011 0.006834 0.006577 0.006217 0.005733 0.005107 0.004330 0.003405 0.002352 0.001202 0.000000 
50.000000 42.323029 34.930317 28.074574 21.951248 16.682957 12.315887 8.827243 6.140682 4.145629 2.716441 1.728397 1.068920 0.643754 0.378869 0.219315 0.126347 0.073921 0.045293 0.030147 0.022380 0.018517 0.016652 0.015779 0.015381 0.015205 0.015129 0.015097 0.015084 0.015079 0.015075 0.015072 0.015067 0.015058 0.015040 0.015009 0.014954 0.014862 0.014711 0.014474 0.014115 0.013590 0.012853 0.011859 0.010570 0.008967 0.007056 0.004875 0.002492 0.000000 
50.000000 42.325361 34.934893 28.081231 21.959763 16.693069 12.327323 8.839734 6.153986 4.159536 2.730778 1.743033 1.083753 0.658715 0.393910 0.234404 0.141464 0.089053 0.060433 0.045292 0.037527 0.033665 0.031801 0.030928 0.030530 0.030354 0.030278 0.030246 0.030233 0.030227 0.030223 0.030217 0.030208 0.030190 0.030156 0.030095 0.029988 0.029807 0.029512 0.029045 0.028336 0.027297 0.025833 0.023851 0.021274 0.018060 0.014221 0.009830 0.005026 0.000000 
50.000000 42.329767 34.943541 28.093812 21.975856 16.712181 12.348936 8.863344 6.179132 4.185821 2.757879 1.770696 1.111792 0.686996 0.422341 0.262925 0.170037 0.117656 0.089053 0.073920 0.066159 0.062300 0.060437 0.059564 0.059166 0.058990 0.058915 0.058882 0.058869 0.058862 0.058855 0.058846 0.058828 0.058795 0.058731 0.058617 0.058415 0.058073 0.057512 0.056623 0.055266 0.053271 0.050450 0.046615 0.041613 0.035357 0.027862 0.019271 0.009856 0.000000 
50.000000 42.337834 34.959376 28.116848 22.005321 16.747176 12.388512 8.906577 6.225178 4.233955 2.807507 1.821355 1.163139 0.738785 0.474406 0.315155 0.222364 0.170037 0.141463 0.126346 0.118594 0.114738 0.112877 0.112005 0.111608 0.111432 0.111356 0.111324 0.111309 0.111301 0.111291 0.111275 0.111243 0.111182 0.111068 0.110860 0.110492 0.109866 0.108834 0.107195 0.104681 0.100971 0.095702 0.088510 0.079091 0.067265 0.053053 0.036720 0.018790 0.000000 
50.000000 42.352136 34.987450 28.157691 22.057565 16.809224 12.458683 8.983233 6.306825 4.319305 2.895507 1.911186 1.254190 0.830622 0.566731 0.407775 0.315155 0.262925 0.234403 0.219314 0.211576 0.207727 0.205869 0.204999 0.204602 0.204427 0.204351 0.204318 0.204302 0.204291 0.204276 0.204248 0.204194 0.204088 0.203888 0.203522 0.202875 0.201768 0.199937 0.197013 0.192510 0.185831 0.176300 0.163228 0.146027 0.124338 0.098172 0.068007 0.034819 0.000000 
50.000000 42.376678 35.035623 28.227775 22.147213 16.915699 12.579099 9.114780 6.446939 4.465776 3.046528 2.065351 1.410451 0.988232 0.725182 0.566731 0.474406 0.422341 0.393910 0.378868 0.371154 0.367317 0.365466 0.364598 0.364203 0.364028 0.363951 0.363918 0.363901 0.363885 0.363861 0.363815 0.363724 0.363546 0.363209 0.362591 0.361492 0.359604 0.356466 0.351431 0.343637 0.332012 0.315329 0.292321 0.261877 0.223293 0.176529 0.122417 0.062720 0.000000 
50.000000 42.417415 35.115584 28.344106 22.296021 17.092440 12.778987 9.333150 6.679533 4.708927 3.297237 2.321280 1.669862 1.249887 0.988232 0.830622 0.738785 0.686996 0.658715 0.643753 0.636079 0.632263 0.630421 0.629557 0.629164 0.628990 0.628914 0.628879 0.628859 0.628838 0.628801 0.628727 0.628581 0.628293 0.627747 0.626740 0.624943 0.621840 0.616657 0.608294 0.595273 0.575731 0.547504 0.508320 0.456136 0.389588 0.308483 0.214199 0.109838 0.000000 
50.000000 42.482790 35.243910 28.530802 22.534841 17.376094 13.099793 9.683624 7.052843 5.099187 3.699633 2.732060 2.086234 1.669862 1.410451 1.254190 1.163139 1.111792 1.083753 1.068918 1.061311 1.057527 1.055700 1.054844 1.054454 1.054281 1.054205 1.054169 1.054145 1.054115 1.054059 1.053946 1.053719 1.053273 1.052422 1.050847 1.048022 1.043117 1.034879 1.021504 1.000539 0.968853 0.922741 0.858238 0.771671 0.660453 0.523980 0.364422 0.187071 0.000000 
50.000000 42.584178 35.442927 28.820347 22.905230 17.816023 13.597350 10.227202 7.631850 5.704492 4.323767 3.369206 2.732060 2.321280 2.065351 1.911186 1.821355 1.770696 1.743032 1.728396 1.720890 1.717156 1.715354 1.714510 1.714125 1.713953 1.713877 1.713839 1.713810 1.713768 1.713687 1.713521 1.713185 1.712521 1.711249 1.708885 1.704623 1.697181 1.684603 1.664042 1.631571 1.582097 1.509475 1.406969 1.268131 1.088140 0.865413 0.603129 0.310039 0.000000 
50.000000 42.736059 35.741058 29.254094 23.460089 18.475064 14.342733 11.041543 8.499278 6.611329 5.258826 4.323767 3.699633 3.297237 3.046528 2.895507 2.807507 2.757879 2.730778 2.716440 2.709086 2.705428 2.703662 2.702835 2.702457 2.702289 2.702213 2.702173 2.702137 2.702081 2.701968 2.701734 2.701257 2.700312 2.698494 2.695098 2.688943 2.678129 2.659726 2.629413 2.581140 2.506908 2.396855 2.239858 2.024859 1.743032 1.390606 0.971754 0.500447 0.000000 
50.000000 42.955723 36.172245 29.881427 24.262596 19.428265 15.420829 12.219392 9.753928 7.922998 6.611329 5.704492 5.099187 4.708927 4.465776 4.319305 4.233955 4.185821 4.159535 4.145628 4.138495 4.134947 4.133235 4.132432 4.132066 4.131902 4.131826 4.131783 4.131741 4.131667 4.131516 4.131200 4.130556 4.129274 4.126795 4.122139 4.113654 4.098648 4.072921 4.030189 3.961499 3.854762 3.694689 3.463460 3.142574 2.716171 2.175813 1.525890 0.787780 0.000000 
50.000000 43.262322 36.774085 30.757049 25.382733 20.758754 16.925666 13.863487 11.505247 9.753928 8.499278 7.631850 7.052843 6.679533 6.446939 6.306825 6.225178 6.179132 6.153985 6.140681 6.133857 6.130463 6.128824 6.128056 6.127705 6.127547 6.127473 6.127428 6.127378 6.127285 6.127093 6.126689 6.125861 6.124207 6.120993 6.114927 6.103801 6.083990 6.049753 5.992370 5.899165 5.752624 5.529924 5.203462 4.743093 4.120895 3.318872 2.338866 1.211717 0.000000 
50.000000 43.675148 37.584445 31.936056 26.890989 22.550266 18.951961 16.077321 13.863487 12.219392 11.041543 10.227202 9.683624 9.333150 9.114780 8.983233 8.906577 8.863344 8.839734 8.827242 8.820835 8.817647 8.816109 8.815387 8.815057 8.814909 8.814837 8.814791 8.814733 8.814622 8.814390 8.813902 8.812895 8.810875 8.806933 8.799452 8.785645 8.760882 8.717727 8.644688 8.524703 8.333563 8.038661 7.598829 6.966465 6.093563 4.943299 3.507507 1.826447 0.000000 
50.000000 44.211174 38.636644 33.466929 28.849387 24.876480 21.583056 18.951961 16.925666 15.420829 14.342733 13.597350 13.099793 12.778987 12.579099 12.458683 12.388512 12.348936 12.327322 12.315886 12.310021 12.307103 12.305694 12.305033 12.304731 12.304594 12.304527 12.304480 12.304416 12.304293 12.304029 12.303472 12.302321 12.300002 12.295455 12.286779 12.270667 12.241556 12.190381 12.102876 11.957369 11.722204 11.353132 10.791528 9.965075 8.793737 7.205120 5.163256 2.709765 0.000000 
50.000000 44.882114 39.953679 35.383128 31.300735 27.788249 24.876480 22.550266 20.758754 19.428265 18.475064 17.816023 17.376094 17.092440 16.915699 16.809224 16.747176 16.712181 16.693069 16.682956 16.677769 16.675188 16.673942 16.673358 16.673091 16.672969 16.672908 16.672862 16.672797 16.672666 16.672388 16.671796 16.670568 16.668085 16.663197 16.653821 16.636304 16.604424 16.547891 16.450205 16.285691 16.015661 15.583802 14.911405 13.894124 12.404140 10.305512 7.495467 3.984271 0.000000 
50.000000 45.691458 41.542402 37.694624 34.257795 31.300735 28.849387 26.890989 25.382733 24.262596 23.460089 22.905230 22.534841 22.296021 22.147213 22.057565 22.005321 21.975855 21.959763 21.951247 21.946879 21.944707 21.943657 21.943165 21.942940 21.942837 21.942784 21.942742 21.942680 21.942554 21.942282 21.941703 21.940499 21.938056 21.933226 21.923919 21.906433 21.874388 21.817090 21.717057 21.546425 21.261838 20.797425 20.055650 18.896595 17.128898 14.512620 10.800518 5.870256 0.000000 
50.000000 46.632105 43.388873 40.381137 37.694624 35.383128 33.466929 31.936056 30.757049 29.881427 29.254094 28.820347 28.530802 28.344106 28.227775 28.157691 28.116848 28.093812 28.081231 28.074574 28.071159 28.069460 28.068640 28.068255 28.068078 28.067997 28.067955 28.067920 28.067867 28.067756 28.067518 28.067010 28.065951 28.063795 28.059519 28.051245 28.035623 28.006822 27.954934 27.863488 27.705614 27.438177 26.992757 26.261809 25.077615 23.182004 20.190568 15.581477 8.827537 0.000000 
50.000000 47.685219 45.456118 43.388873 41.542402 39.953679 38.636644 37.584445 36.774085 36.172245 35.741058 35.442927 35.243910 35.115584 35.035623 34.987450 34.959376 34.943541 34.934893 34.930317 34.927969 34.926801 34.926237 34.925973 34.925851 34.925796 34.925766 34.925741 34.925702 34.925620 34.925442 34.925063 34.924271 34.922655 34.919442 34.913206 34.901385 34.879488 34.839799 34.769304 34.646355 34.435218 34.076937 33.473388 32.458212 30.741884 27.807396 22.728059 13.970884 0.000000 
50.000000 48.820786 47.685219 46.632105 45.691458 44.882114 44.211174 43.675148 43.262322 42.955723 42.736059 42.584178 42.482790 42.417415 42.376678 42.352136 42.337834 42.329767 42.325361 42.323029 42.321833 42.321238 42.320951 42.320816 42.320754 42.320726 42.320711 42.320697 42.320676 42.320633 42.320538 42.320335 42.319910 42.319044 42.317317 42.313958 42.307577 42.295719 42.274140 42.235612 42.167943 42.050606 41.848701 41.501409 40.897843 39.821202 37.804567 33.714335 24.410393 0.000000 
50.000000 50.000000 50.000000 50.000000 50.000000 50.000000 50.000000 50.000000 50.000000 50.000000 50.000000 50.000000 50.000000 50.000000 50.000000 50.000000 50.000000 50.000000 50.000000 50.000000 50.000000 50.000000 50.000000 50.000000 50.000000 50.000000 50.000000 50.000000 50.000000 50.000000 50.000000 50.000000 50.000000 50.000000 50.000000 50.000000 50.000000 50.000000 50.000000 50.000000 50.000000 50.000000 50.000000 50.000000 50.000000 50.000000 50.000000 50.000000 50.000000 50.000000 
