50.000000 50.000000 50.000000 50.000000 50.000000 50.000000 50.000000 50.000000 50.000000 50.000000 50.000000 50.000000 50.000000 50.000000 50.000000 50.000000 50.000000 50.000000 50.000000 50.000000 50.000000 50.000000 50.000000 50.000000 50.000000 50.000000 50.000000 50.000000 50.000000 50.000000 50.000000 50.000000 50.000000 50.000000 50.000000 50.000000 50.000000 50.000000 50.000000 50.000000 50.000000 50.000000 50.000000 50.000000 50.000000 50.000000 50.000000 50.000000 50.000000 50.000000 
50.000000 44.575328 40.068675 36.936313 35.093830 34.164538 33.757366 33.600499 33.546783 33.530277 33.525687 33.524524 33.524253 33.524195 33.524184 33.524182 33.524181 33.524181 33.524181 33.524181 33.524181 33.524181 33.524181 33.524181 33.524181 33.524181 33.524181 33.524181 33.524181 33.524181 33.524181 33.524181 33.524181 33.524181 33.524181 33.524181 33.524180 33.524177 33.524158 33.524067 33.523646 33.521848 33.514709 33.488393 33.398212 33.109474 32.235997 29.687938 22.287664 0.000000 
50.000000 40.068675 31.818519 26.084867 22.712804 21.012361 20.267466 19.980558 19.882335 19.852161 19.843773 19.841647 19.841153 19.841047 19.841026 19.841022 19.841022 19.841022 19.841022 19.841022 19.841022 19.841022 19.841022 19.841022 19.841022 19.841022 19.841022 19.841022 19.841022 19.841022 19.841022 19.841022 19.841022 19.841022 19.841022 19.841021 19.841021 19.841016 19.840989 19.840861 19.840277 19.837806 19.828154 19.793384 19.678268 19.328830 18.358819 15.909259 10.380737 0.000000 
50.000000 36.936313 26.084867 18.544468 14.110706 11.875417 10.896498 10.519564 10.390564 10.350948 10.339939 10.337151 10.336503 10.336364 10.336336 10.336331 10.336330 10.336330 10.336330 10.336330 10.336330 10.336330 10.336330 10.336330 10.336330 10.336330 10.336330 10.336330 10.336330 10.336330 10.336330 10.336330 10.336330 10.336330 10.336330 10.336330 10.336329 10.336325 10.336302 10.336192 10.335696 10.333624 10.325664 10.297653 10.207879 9.947686 9.272234 7.726049 4.700316 0.000000 
50.000000 35.093830 22.712804 14.110706 9.053613 6.504653 5.388654 4.959061 4.812083 4.766961 4.754426 4.751252 4.750514 4.750356 4.750325 4.750319 4.750318 4.750318 4.750318 4.750318 4.750318 4.750318 4.750318 4.750318 4.750318 4.750318 4.750318 4.750318 4.750318 4.750318 4.750318 4.750318 4.750318 4.750318 4.750318 4.750318 4.750317 4.750315 4.750300 4.750230 4.749915 4.748619 4.743716 4.726811 4.674089 4.526806 4.163020 3.383974 1.984356 0.000000 
50.000000 34.164538 21.012361 11.875417 6.504653 3.798056 2.613271 2.157296 2.001328 1.953457 1.940162 1.936796 1.936014 1.935847 1.935814 1.935807 1.935806 1.935806 1.935806 1.935806 1.935806 1.935806 1.935806 1.935806 1.935806 1.935806 1.935806 1.935806 1.935806 1.935806 1.935806 1.935806 1.935806 1.935806 1.935806 1.935806 1.935806 1.935804 1.935797 1.935761 1.935601 1.934948 1.932509 1.924244 1.899028 1.830564 1.667538 1.334093 0.766326 0.000000 
50.000000 33.757366 20.267466 10.896498 5.388654 2.613271 1.398523 0.931077 0.771208 0.722146 0.708522 0.705074 0.704273 0.704102 0.704068 0.704062 0.704060 0.704060 0.704060 0.704060 0.704060 0.704060 0.704060 0.704060 0.704060 0.704060 0.704060 0.704060 0.704060 0.704060 0.704060 0.704060 0.704060 0.704060 0.704060 0.704060 0.704060 0.704060 0.704056 0.704041 0.703972 0.703696 0.702675 0.699261 0.689028 0.661844 0.598844 0.474082 0.268973 0.000000 
50.000000 33.600499 19.980558 10.519564 4.959061 2.157296 0.931077 0.459250 0.297893 0.248379 0.234631 0.231151 0.230343 0.230170 0.230136 0.230129 0.230128 0.230128 0.230128 0.230128 0.230128 0.230128 0.230128 0.230128 0.230128 0.230128 0.230128 0.230128 0.230128 0.230128 0.230128 0.230128 0.230128 0.230128 0.230128 0.230128 0.230128 0.230128 0.230127 0.230121 0.230096 0.229995 0.229625 0.228402 0.224787 0.215345 0.193900 0.152404 0.085790 0.000000 
50.000000 33.546783 19.882335 10.390564 4.812083 2.001328 0.771208 0.297893 0.136033 0.086366 0.072575 0.069085 0.068275 0.068102 0.068067 0.068061 0.068060 0.068059 0.068059 0.068059 0.068059 0.068059 0.068059 0.068059 0.068059 0.068059 0.068059 0.068059 0.068059 0.068059 0.068059 0.068059 0.068059 0.068059 0.068059 0.068059 0.068059 0.068059 0.068059 0.068057 0.068049 0.068016 0.067898 0.067512 0.066380 0.063464 0.056940 0.044529 0.024935 0.000000 
50.000000 33.530277 19.852161 10.350948 4.766961 1.953457 0.722146 0.248379 0.086366 0.036652 0.022849 0.019356 0.018545 0.018371 0.018337 0.018330 0.018329 0.018329 0.018329 0.018329 0.018329 0.018329 0.018329 0.018329 0.018329 0.018329 0.018329 0.018329 0.018329 0.018329 0.018329 0.018329 0.018329 0.018329 0.018329 0.018329 0.018329 0.018329 0.018329 0.018328 0.018326 0.018317 0.018283 0.018174 0.017856 0.017045 0.015252 0.011884 0.006631 0.000000 
50.000000 33.525687 19.843773 10.339939 4.754426 1.940162 0.708522 0.234631 0.072575 0.022849 0.009043 0.005549 0.004738 0.004564 0.004529 0.004523 0.004522 0.004522 0.004522 0.004522 0.004522 0.004522 0.004522 0.004522 0.004522 0.004522 0.004522 0.004522 0.004522 0.004522 0.004522 0.004522 0.004522 0.004522 0.004522 0.004522 0.004522 0.004522 0.004522 0.004521 0.004521 0.004518 0.004510 0.004482 0.004401 0.004196 0.003747 0.002912 0.001620 0.000000 
50.000000 33.524524 19.841647 10.337151 4.751252 1.936796 0.705074 0.231151 0.069085 0.019356 0.005549 0.002054 0.001243 0.001069 0.001035 0.001029 0.001027 0.001027 0.001027 0.001027 0.001027 0.001027 0.001027 0.001027 0.001027 0.001027 0.001027 0.001027 0.001027 0.001027 0.001027 0.001027 0.001027 0.001027 0.001027 0.001027 0.001027 0.001027 0.001027 0.001027 0.001027 0.001026 0.001024 0.001018 0.000999 0.000952 0.000849 0.000658 0.000366 0.000000 
50.000000 33.524253 19.841153 10.336503 4.750514 1.936014 0.704273 0.230343 0.068275 0.018545 0.004738 0.001243 0.000432 0.000258 0.000224 0.000217 0.000216 0.000216 0.000216 0.000216 0.000216 0.000216 0.000216 0.000216 0.000216 0.000216 0.000216 0.000216 0.000216 0.000216 0.000216 0.000216 0.000216 0.000216 0.000216 0.000216 0.000216 0.000216 0.000216 0.000216 0.000216 0.000216 0.000215 0.000214 0.000210 0.000200 0.000178 0.000138 0.000076 0.000000 
50.000000 33.524195 19.841047 10.336364 4.750356 1.935847 0.704102 0.230170 0.068102 0.018371 0.004564 0.001069 0.000258 0.000084 0.000050 0.000044 0.000042 0.000042 0.000042 0.000042 0.000042 0.000042 0.000042 0.000042 0.000042 0.000042 0.000042 0.000042 0.000042 0.000042 0.000042 0.000042 0.000042 0.000042 0.000042 0.000042 0.000042 0.000042 0.000042 0.000042 0.000042 0.000042 0.000042 0.000042 0.000041 0.000039 0.000035 0.000027 0.000015 0.000000 
50.000000 33.524184 19.841026 10.336336 4.750325 1.935814 0.704068 0.230136 0.068067 0.018337 0.004529 0.001035 0.000224 0.000050 0.000015 0.000009 0.000008 0.000008 0.000008 0.000008 0.000008 0.000008 0.000008 0.000008 0.000008 0.000008 0.000008 0.000008 0.000008 0.000008 0.000008 0.000008 0.000008 0.000008 0.000008 0.000008 0.000008 0.000008 0.000008 0.000008 0.000008 0.000008 0.000008 0.000008 0.000007 0.000007 0.000006 0.000005 0.000003 0.000000 
50.000000 33.524182 19.841022 10.336331 4.750319 1.935807 0.704062 0.230129 0.068061 0.018330 0.004523 0.001029 0.000217 0.000044 0.000009 0.000003 0.000002 0.000001 0.000001 0.000001 0.000001 0.000001 0.000001 0.000001 0.000001 0.000001 0.000001 0.000001 0.000001 0.000001 0.000001 0.000001 0.000001 0.000001 0.000001 0.000001 0.000001 0.000001 0.000001 0.000001 0.000001 0.000001 0.000001 0.000001 0.000001 0.000001 0.000001 0.000001 0.000000 0.000000 
50.000000 33.524181 19.841022 10.336330 4.750318 1.935806 0.704060 0.230128 0.068060 0.018329 0.004522 0.001027 0.000216 0.000042 0.000008 0.000002 0.000000 0.000000 0.000000 0.000000 0.000000 0.000000 0.000000 0.000000 0.000000 0.000000 0.000000 0.000000 0.000000 0.000000 0.000000 0.000000 0.000000 0.000000 0.000000 0.000000 0.000000 0.000000 0.000000 0.000000 0.000000 0.000000 0.000000 0.000000 0.000000 0.000000 0.000000 0.000000 0.000000 0.000000 
50.000000 33.524181 19.841022 10.336330 4.750318 1.935806 0.704060 0.230128 0.068059 0.018329 0.004522 0.001027 0.000216 0.000042 0.000008 0.000001 0.000000 0.000000 0.000000 0.000000 0.000000 0.000000 0.000000 0.000000 0.000000 0.000000 0.000000 0.000000 0.000000 0.000000 0.000000 0.000000 0.000000 0.000000 0.000000 0.000000 0.000000 0.000000 0.000000 0.000000 0.000000 0.000000 0.000000 0.000000 0.000000 0.000000 0.000000 0.000000 0.000000 0.000000 
50.000000 33.524181 19.841022 10.336330 4.750318 1.935806 0.704060 0.230128 0.068059 0.018329 0.004522 0.001027 0.000216 0.000042 0.000008 0.000001 0.000000 0.000000 0.000000 0.000000 0.000000 0.000000 0.000000 0.000000 0.000000 0.000000 0.000000 0.000000 0.000000 0.000000 0.000000 0.000000 0.000000 0.000000 0.000000 0.000000 0.000000 0.000000 0.000000 0.000000 0.000000 0.000000 0.000000 0.000000 0.000000 0.000000 0.000000 0.000000 0.000000 0.000000 
50.000000 33.524181 19.841022 10.336330 4.750318 1.935806 0.704060 0.230128 0.068059 0.018329 0.004522 0.001027 0.000216 0.000042 0.000008 0.000001 0.000000 0.000000 0.000000 0.000000 0.000000 0.000000 0.000000 0.000000 0.000000 0.000000 0.000000 0.000000 0.000000 0.000000 0.000000 0.000000 0.000000 0.000000 0.000000 0.000000 0.000000 0.000000 0.000000 0.000000 0.000000 0.000000 0.000000 0.000000 0.000000 0.000000 0.000000 0.000000 0.000000 0.000000 
50.000000 33.524181 19.841022 10.336330 4.750318 1.935806 0.704060 0.230128 0.068059 0.018329 0.004522 0.001027 0.000216 0.000042 0.000008 0.000001 0.000000 0.000000 0.000000 0.000000 0.000000 0.000000 0.000000 0.000000 0.000000 0.000000 0.000000 0.000000 0.000000 0.000000 0.000000 0.000000 0.000000 0.000000 0.000000 0.000000 0.000000 0.000000 0.000000 0.000000 0.000000 0.000000 0.000000 0.000000 0.000000 0.000000 0.000000 0.000000 0.000000 0.000000 
50.000000 33.524181 19.841022 10.336330 4.750318 1.935806 0.704060 0.230128 0.068059 0.018329 0.004522 0.001027 0.000216 0.000042 0.000008 0.000001 0.000000 0.000000 0.000000 0.000000 0.000000 0.000000 0.000000 0.000000 0.000000 0.000000 0.000000 0.000000 0.000000 0.000000 0.000000 0.000000 0.000000 0.000000 0.000000 0.000000 0.000000 0.000000 0.000000 0.000000 0.000000 0.000000 0.000000 0.000000 0.000000 0.000000 0.000000 0.000000 0.000000 0.000000 
50.000000 33.524181 19.841022 10.336330 4.750318 1.935806 0.704060 0.230128 0.068059 0.018329 0.004522 0.001027 0.000216 0.000042 0.000008 0.000001 0.000000 0.000000 0.000000 0.000000 0.000000 0.000000 0.000000 0.000000 0.000000 0.000000 0.000000 0.000000 0.000000 0.000000 0.000000 0.000000 0.000000 0.000000 0.000000 0.000000 0.000000 0.000000 0.000000 0.000000 0.000000 0.000000 0.000000 0.000000 0.000000 0.000000 0.000000 0.000000 0.000000 0.000000 
50.000000 33.524181 19.841022 10.336330 4.750318 1.935806 0.704060 0.230128 0.068059 0.018329 0.004522 0.001027 0.000216 0.000042 0.000008 0.000001 0.000000 0.000000 0.000000 0.000000 0.000000 0.000000 0.000000 0.000000 0.000000 0.000000 0.000000 0.000000 0.000000 0.000000 0.000000 0.000000 0.000000 0.000000 0.000000 0.000000 0.000000 0.000000 0.000000 0.000000 0.000000 0.000000 0.000000 0.000000 0.000000 0.000000 0.000000 0.000000 0.000000 0.000000 
50.000000 33.524181 19.841022 10.336330 4.750318 1.935806 0.704060 0.230128 0.068059 0.018329 0.004522 0.001027 0.000216 0.000042 0.000008 0.000001 0.000000 0.000000 0.000000 0.000000 0.000000 0.000000 0.000000 0.000000 0.000000 0.000000 0.000000 0.000000 0.000000 0.000000 0.000000 0.000000 0.000000 0.000000 0.000000 0.000000 0.000000 0.000000 0.000000 0.000000 0.000000 0.000000 0.000000 0.000000 0.000000 0.000000 0.000000 0.000000 0.000000 0.000000 
50.000000 33.524181 19.841022 10.336330 4.750318 1.935806 0.704060 0.230128 0.068059 0.018329 0.004522 0.001027 0.000216 0.000042 0.000008 0.000001 0.000000 0.000000 0.000000 0.000000 0.000000 0.000000 0.000000 0.000000 0.000000 0.000000 0.000000 0.000000 0.000000 0.000000 0.000000 0.000000 0.000000 0.000000 0.000000 0.000000 0.000000 0.000000 0.000000 0.000000 0.000000 0.000000 0.000000 0.000000 0.000000 0.000000 0.000000 0.000000 0.000000 0.000000 
50.000000 33.524181 19.841022 10.336330 4.750318 1.935806 0.704060 0.230128 0.068059 0.018329 0.004522 0.001027 0.000216 0.000042 0.000008 0.000001 0.000000 0.000000 0.000000 0.000000 0.000000 0.000000 0.000000 0.000000 0.000000 0.000000 0.000000 0.000000 0.000000 0.000000 0.000000 0.000000 0.000000 0.000000 0.000000 0.000000 0.000000 0.000000 0.000000 0.000000 0.000000 0.000000 0.000000 0.000000 0.000000 0.000000 0.000000 0.000000 0.000000 0.000000 
50.000000 33.524181 19.841022 10.336330 4.750318 1.935806 0.704060 0.230128 0.068059 0.018329 0.004522 0.001027 0.000216 0.000042 0.000008 0.000001 0.000000 0.000000 0.000000 0.000000 0.000000 0.000000 0.000000 0.000000 0.000000 0.000000 0.000000 0.000000 0.000000 0.000000 0.000000 0.000000 0.000000 0.000000 0.000000 0.000000 0.000000 0.000000 0.000000 0.000000 0.000000 0.000000 0.000000 0.000000 0.000000 0.000000 0.000000 0.000000 0.000000 0.000000 
50.000000 33.524181 19.841022 10.336330 4.750318 1.935806 0.704060 0.230128 0.068059 0.018329 0.004522 0.001027 0.000216 0.000042 0.000008 0.000001 0.000000 0.000000 0.000000 0.000000 0.000000 0.000000 0.000000 0.000000 0.000000 0.000000 0.000000 0.000000 0.000000 0.000000 0.000000 0.000000 0.000000 0.000000 0.000000 0.000000 0.000000 0.000000 0.000000 0.000000 0.000000 0.000000 0.000000 0.000000 0.000000 0.000000 0.000000 0.000000 0.000000 0.000000 
50.000000 33.524181 19.841022 10.336330 4.750318 1.935806 0.704060 0.230128 0.068059 0.018329 0.004522 0.001027 0.000216 0.000042 0.000008 0.000001 0.000000 0.000000 0.000000 0.000000 0.000000 0.000000 0.000000 0.000000 0.000000 0.000000 0.000000 0.000000 0.000000 0.000000 0.000000 0.000000 0.000000 0.000000 0.000000 0.000000 0.000000 0.000000 0.000000 0.000000 0.000000 0.000000 0.000000 0.000000 0.000000 0.000000 0.000000 0.000000 0.000000 0.000000 
50.000000 33.524181 19.841022 10.336330 4.750318 1.935806 0.704060 0.230128 0.068059 0.018329 0.004522 0.001027 0.000216 0.000042 0.000008 0.000001 0.000000 0.000000 0.000000 0.000000 0.000000 0.000000 0.000000 0.000000 0.000000 0.000000 0.000000 0.000000 0.000000 0.000000 0.000000 0.000000 0.000000 0.000000 0.000000 0.000000 0.000000 0.000000 0.000000 0.000000 0.000000 0.000000 0.000000 0.000000 0.000000 0.000000 0.000000 0.000000 0.000000 0.000000 
50.000000 33.524181 19.841022 10.336330 4.750318 1.935806 0.704060 0.230128 0.068059 0.018329 0.004522 0.001027 0.000216 0.000042 0.000008 0.000001 0.000000 0.000000 0.000000 0.000000 0.000000 0.000000 0.000000 0.000000 0.000000 0.000000 0.000000 0.000000 0.000000 0.000000 0.000000 0.000000 0.000000 0.000000 0.000000 0.000000 0.000000 0.000000 0.000000 0.000000 0.000000 0.000000 0.000000 0.000000 0.000000 0.000000 0.000000 0.000000 0.000000 0.000000 
50.000000 33.524181 19.841022 10.336330 4.750318 1.935806 0.704060 0.230128 0.068059 0.018329 0.004522 0.001027 0.000216 0.000042 0.000008 0.000001 0.000000 0.000000 0.000000 0.000000 0.000000 0.000000 0.000000 0.000000 0.000000 0.000000 0.000000 0.000000 0.000000 0.000000 0.000000 0.000000 0.000000 0.000000 0.000000 0.000000 0.000000 0.000000 0.000000 0.000000 0.000000 0.000000 0.000000 0.000000 0.000000 0.000000 0.000000 0.000000 0.000000 0.000000 
50.000000 33.524181 19.841022 10.336330 4.750318 1.935806 0.704060 0.230128 0.068060 0.018329 0.004522 0.001027 0.000216 0.000042 0.000008 0.000002 0.000000 0.000000 0.000000 0.000000 0.000000 0.000000 0.000000 0.000000 0.000000 0.000000 0.000000 0.000000 0.000000 0.000000 0.000000 0.000000 0.000000 0.000000 0.000000 0.000000 0.000000 0.000000 0.000000 0.000000 0.000000 0.000000 0.000000 0.000000 0.000000 0.000000 0.000000 0.000000 0.000000 0.000000 
50.000000 33.524182 19.841022 10.336331 4.750319 1.935807 0.704062 0.230129 0.068061 0.018330 0.004523 0.001029 0.000217 0.000044 0.000009 0.000003 0.000002 0.000001 0.000001 0.000001 0.000001 0.000001 0.000001 0.000001 0.000001 0.000001 0.000001 0.000001 0.000001 0.000001 0.000001 0.000001 0.000001 0.000001 0.000001 0.000001 0.000001 0.000001 0.000001 0.000001 0.000001 0.000001 0.000001 0.000001 0.000001 0.000001 0.000001 0.000001 0.000000 0.000000 
50.000000 33.524184 19.841026 10.336336 4.750325 1.935814 0.704068 0.230136 0.068067 0.018337 0.004529 0.001035 0.000224 0.000050 0.000015 0.000009 0.000008 0.000008 0.000008 0.000008 0.000008 0.000008 0.000008 0.000008 0.000008 0.000008 0.000008 0.000008 0.000008 0.000008 0.000008 0.000008 0.000008 0.000008 0.000008 0.000008 0.000008 0.000008 0.000008 0.000008 0.000008 0.000008 0.000008 0.000008 0.000007 0.000007 0.000006 0.000005 0.000003 0.000000 
50.000000 33.524195 19.841047 10.336364 4.750356 1.935847 0.704102 0.230170 0.068102 0.018371 0.004564 0.001069 0.000258 0.000084 0.000050 0.000044 0.000042 0.000042 0.000042 0.000042 0.000042 0.000042 0.000042 0.000042 0.000042 0.000042 0.000042 0.000042 0.000042 0.000042 0.000042 0.000042 0.000042 0.000042 0.000042 0.000042 0.000042 0.000042 0.000042 0.000042 0.000042 0.000042 0.000042 0.000042 0.000041 0.000039 0.000035 0.000027 0.000015 0.000000 
50.000000 33.524253 19.841153 10.336503 4.750514 1.936014 0.704273 0.230343 0.068275 0.018545 0.004738 0.001243 0.000432 0.000258 0.000224 0.000217 0.000216 0.000216 0.000216 0.000216 0.000216 0.000216 0.000216 0.000216 0.000216 0.000216 0.000216 0.000216 0.000216 0.000216 0.000216 0.000216 0.000216 0.000216 0.000216 0.000216 0.000216 0.000216 0.000216 0.000216 0.000216 0.000216 0.000215 0.000214 0.000210 0.000200 0.000178 0.000138 0.000076 0.000000 
50.000000 33.524524 19.841647 10.337151 4.751252 1.936796 0.705074 0.231151 0.069085 0.019356 0.005549 0.002054 0.001243 0.001069 0.001035 0.001029 0.001027 0.001027 0.001027 0.001027 0.001027 0.001027 0.001027 0.001027 0.001027 0.001027 0.001027 0.001027 0.001027 0.001027 0.001027 0.001027 0.001027 0.001027 0.001027 0.001027 0.001027 0.001027 0.001027 0.001027 0.001027 0.001026 0.001024 0.001018 0.000999 0.000952 0.000849 0.000658 0.000366 0.000000 
50.000000 33.525687 19.843773 10.339939 4.754426 1.940162 0.708522 0.234631 0.072575 0.022849 0.009043 0.005549 0.004738 0.004564 0.004529 0.004523 0.004522 0.004522 0.004522 0.004522 0.004522 0.004522 0.004522 0.004522 0.004522 0.004522 0.004522 0.004522 0.004522 0.004522 0.004522 0.004522 0.004522 0.004522 0.004522 0.004522 0.004522 0.004522 0.004522 0.004521 0.004521 0.004518 0.004510 0.004482 0.004401 0.004196 0.003747 0.002912 0.001620 0.000000 
50.000000 33.530277 19.852161 10.350948 4.766961 1.953457 0.722146 0.248379 0.086366 0.036652 0.022849 0.019356 0.018545 0.018371 0.018337 0.018330 0.018329 0.018329 0.018329 0.018329 0.018329 0.018329 0.018329 0.018329 0.018329 0.018329 0.018329 0.018329 0.018329 0.018329 0.018329 0.018329 0.018329 0.018329 0.018329 0.018329 0.018329 0.018329 0.018329 0.018328 0.018326 0.018317 0.018283 0.018174 0.017856 0.017045 0.015252 0.011884 0.006631 0.000000 
50.000000 33.546783 19.882335 10.390564 4.812083 2.001328 0.771208 0.297893 0.136033 0.086366 0.072575 0.069085 0.068275 0.068102 0.068067 0.068061 0.068060 0.068059 0.068059 0.068059 0.068059 0.068059 0.068059 0.068059 0.068059 0.068059 0.068059 0.068059 0.068059 0.068059 0.068059 0.068059 0.068059 0.068059 0.068059 0.068059 0.068059 0.068059 0.068059 0.068057 0.068049 0.068016 0.067898 0.067512 0.066380 0.063464 0.056940 0.044529 0.024935 0.000000 
50.000000 33.600499 19.980558 10.519564 4.959061 2.157296 0.931077 0.459250 0.297893 0.248379 0.234631 0.231151 0.230343 0.230170 0.230136 0.230129 0.230128 0.230128 0.230128 0.230128 0.230128 0.230128 0.230128 0.230128 0.230128 0.230128 0.230128 0.230128 0.230128 0.230128 0.230128 0.230128 0.230128 0.230128 0.230128 0.230128 0.230128 0.230128 0.230127 0.230121 0.230096 0.229995 0.229625 0.228402 0.224787 0.215345 0.193900 0.152404 0.085790 0.000000 
50.000000 33.757366 20.267466 10.896498 5.388654 2.613271 1.398523 0.931077 0.771208 0.722146 0.708522 0.705074 0.704273 0.704102 0.704068 0.704062 0.704060 0.704060 0.704060 0.704060 0.704060 0.704060 0.704060 0.704060 0.704060 0.704060 0.704060 0.704060 0.704060 0.704060 0.704060 0.704060 0.704060 0.704060 0.704060 0.704060 0.704060 0.704060 0.704056 0.704041 0.703972 0.703696 0.702675 0.699261 0.689028 0.661844 0.598844 0.474082 0.268973 0.000000 
50.000000 34.164538 21.012361 11.875417 6.504653 3.798056 2.613271 2.157296 2.001328 1.953457 1.940162 1.936796 1.936014 1.935847 1.935814 1.935807 1.935806 1.935806 1.935806 1.935806 1.935806 1.935806 1.935806 1.935806 1.935806 1.935806 1.935806 1.935806 1.935806 1.935806 1.935806 1.935806 1.935806 1.935806 1.935806 1.935806 1.935806 1.935804 1.935797 1.935761 1.935601 1.934948 1.932509 1.924244 1.899028 1.830564 1.667538 1.334093 0.766326 0.000000 
50.000000 35.093830 22.712804 14.110706 9.053613 6.504653 5.388654 4.959061 4.812083 4.766961 4.754426 4.751252 4.750514 4.750356 4.750325 4.750319 4.750318 4.750318 4.750318 4.750318 4.750318 4.750318 4.750318 4.750318 4.750318 4.750318 4.750318 4.750318 4.750318 4.750318 4.750318 4.750318 4.750318 4.750318 4.750318 4.750318 4.750317 4.750315 4.750300 4.750230 4.749915 4.748619 4.743716 4.726811 4.674089 4.526806 4.163020 3.383974 1.984356 0.000000 
50.000000 36.936313 26.084867 18.544468 14.110706 11.875417 10.896498 10.519564 10.390564 10.350948 10.339939 10.337151 10.336503 10.336364 10.336336 10.336331 10.336330 10.336330 10.336330 10.336330 10.336330 10.336330 10.336330 10.336330 10.336330 10.336330 10.336330 10.336330 10.336330 10.336330 10.336330 10.336330 10.336330 10.336330 10.336330 10.336330 10.336329 10.336325 10.336302 10.336192 10.335696 10.333624 10.325664 10.297653 10.207879 9.947686 9.272234 7.726049 4.700316 0.000000 
50.000000 40.068675 31.818519 26.084867 22.712804 21.012361 20.267466 19.980558 19.882335 19.852161 19.843773 19.841647 19.841153 19.841047 19.841026 19.841022 19.841022 19.841022 19.841022 19.841022 19.841022 19.841022 19.841022 19.841022 19.841022 19.841022 19.841022 19.841022 19.841022 19.841022 19.841022 19.841022 19.841022 19.841022 19.841022 19.841021 19.841021 19.841016 19.840989 19.840861 19.840277 19.837806 19.828154 19.793384 19.678268 19.328830 18.358819 15.909259 10.380737 0.000000 
50.000000 44.575328 40.068675 36.936313 35.093830 34.164538 33.757366 33.600499 33.546783 33.530277 33.525687 33.524524 33.524253 33.524195 33.524184 33.524182 33.524181 33.524181 33.524181 33.524181 33.524181 33.524181 33.524181 33.524181 33.524181 33.524181 33.524181 33.524181 33.524181 33.524181 33.524181 33.524181 33.524181 33.524181 33.524181 33.524181 33.524180 33.524177 33.524158 33.524067 33.523646 33.521848 33.514709 33.488393 33.398212 33.109474 32.235997 29.687938 22.287664 0.000000 
50.000000 50.000000 50.000000 50.000000 50.000000 50.000000 50.000000 50.000000 50.000000 50.000000 50.000000 50.000000 50.000000 50.000000 50.000000 50.000000 50.000000 50.000000 50.000000 50.000000 50.000000 50.000000 50.000000 50.000000 50.000000 50.000000 50.000000 50.000000 50.000000 50.000000 50.000000 50.000000 50.000000 50.000000 50.000000 50.000000 50.000000 50.000000 50.000000 50.000000 50.000000 50.000000 50.000000 50.000000 50.000000 50.000000 50.000000 50.000000 50.000000 50.000000 
