50.000000 50.000000 50.000000 50.000000 50.000000 50.000000 50.000000 50.000000 50.000000 50.000000 50.000000 50.000000 50.000000 50.000000 50.000000 50.000000 50.000000 50.000000 50.000000 50.000000 50.000000 50.000000 50.000000 50.000000 50.000000 50.000000 50.000000 50.000000 50.000000 50.000000 50.000000 50.000000 50.000000 50.000000 50.000000 50.000000 50.000000 50.000000 50.000000 50.000000 50.000000 50.000000 50.000000 50.000000 50.000000 50.000000 50.000000 50.000000 50.000000 50.000000 
50.000000 46.628193 43.612373 41.196213 39.457575 38.329707 37.667273 37.313380 37.140600 37.063150 37.031133 37.018875 37.014511 37.013061 37.012610 37.012479 37.012442 37.012433 37.012431 37.012430 37.012430 37.012430 37.012430 37.012430 37.012430 37.012430 37.012430 37.012430 37.012430 37.012430 37.012430 37.012430 37.012430 37.012429 37.012427 37.012419 37.012387 37.012272 37.011876 37.010580 37.006570 36.994815 36.962129 36.875603 36.656168 36.117030 34.810303 31.599885 23.314097 0.000000 
50.000000 43.612373 37.899211 33.322165 30.028705 27.892318 26.637620 25.967365 25.640153 25.493490 25.432866 25.409657 25.401396 25.398652 25.397799 25.397549 25.397481 25.397463 25.397458 25.397457 25.397457 25.397457 25.397457 25.397457 25.397457 25.397457 25.397457 25.397457 25.397457 25.397457 25.397457 25.397457 25.397457 25.397456 25.397453 25.397439 25.397388 25.397201 25.396559 25.394474 25.388074 25.369517 25.318702 25.187191 24.864941 24.115204 22.454034 18.949606 12.012488 0.000000 
50.000000 41.196213 33.322165 27.014183 22.475463 19.531514 17.802681 16.879234 16.428464 16.226443 16.142946 16.110985 16.099611 16.095833 16.094658 16.094315 16.094220 16.094196 16.094190 16.094188 16.094188 16.094188 16.094188 16.094188 16.094188 16.094188 16.094188 16.094188 16.094188 16.094188 16.094188 16.094188 16.094188 16.094187 16.094183 16.094169 16.094113 16.093913 16.093230 16.091030 16.084347 16.065233 16.013854 15.884232 15.577786 14.900440 13.507092 10.868130 6.385910 0.000000 
50.000000 39.457575 30.028705 22.475463 17.041089 13.516472 11.446839 10.341474 9.801968 9.560210 9.460302 9.422066 9.408460 9.403942 9.402537 9.402126 9.402014 9.401984 9.401977 9.401975 9.401975 9.401975 9.401975 9.401975 9.401975 9.401975 9.401975 9.401975 9.401975 9.401975 9.401975 9.401975 9.401975 9.401974 9.401971 9.401958 9.401911 9.401743 9.401171 9.399347 9.393865 9.378408 9.337622 9.237193 9.007296 8.520544 7.575023 5.913501 3.340545 0.000000 
50.000000 38.329707 27.892318 19.531514 13.516472 9.615541 7.325144 6.101997 5.505072 5.237616 5.127103 5.084814 5.069768 5.064772 5.063219 5.062766 5.062641 5.062608 5.062600 5.062599 5.062598 5.062598 5.062598 5.062598 5.062598 5.062598 5.062598 5.062598 5.062598 5.062598 5.062598 5.062598 5.062598 5.062597 5.062595 5.062586 5.062553 5.062434 5.062033 5.060766 5.056997 5.046513 5.019314 4.953768 4.807771 4.509176 3.953727 3.027377 1.673540 0.000000 
50.000000 37.667273 26.637620 17.802681 11.446839 7.325144 4.905305 3.613142 2.982593 2.700101 2.583388 2.538731 2.522844 2.517570 2.515930 2.515451 2.515320 2.515285 2.515277 2.515275 2.515275 2.515275 2.515274 2.515274 2.515274 2.515274 2.515274 2.515274 2.515274 2.515274 2.515274 2.515274 2.515274 2.515274 2.515273 2.515267 2.515247 2.515174 2.514931 2.514168 2.511922 2.505750 2.489975 2.452653 2.371375 2.209646 1.918449 1.450429 0.791670 0.000000 
50.000000 37.313380 25.967365 16.879234 10.341474 6.101997 3.613142 2.284205 1.635755 1.345264 1.225255 1.179341 1.163008 1.157586 1.155901 1.155409 1.155274 1.155239 1.155230 1.155228 1.155227 1.155227 1.155227 1.155227 1.155227 1.155227 1.155227 1.155227 1.155227 1.155227 1.155227 1.155227 1.155227 1.155227 1.155226 1.155223 1.155212 1.155173 1.155043 1.154637 1.153452 1.150231 1.142103 1.123167 1.082683 1.003853 0.865380 0.648663 0.351251 0.000000 
50.000000 37.140600 25.640153 16.428464 9.801968 5.505072 2.982593 1.635755 0.978598 0.684220 0.562611 0.516087 0.499538 0.494045 0.492338 0.491840 0.491702 0.491667 0.491658 0.491656 0.491656 0.491655 0.491655 0.491655 0.491655 0.491655 0.491655 0.491655 0.491655 0.491655 0.491655 0.491655 0.491655 0.491655 0.491655 0.491653 0.491648 0.491629 0.491567 0.491373 0.490811 0.489299 0.485524 0.476843 0.458559 0.423560 0.363231 0.270636 0.145784 0.000000 
50.000000 37.063150 25.493490 16.226443 9.560210 5.237616 2.700101 1.345264 0.684220 0.388108 0.265786 0.218991 0.202347 0.196822 0.195105 0.194603 0.194465 0.194430 0.194421 0.194419 0.194418 0.194418 0.194418 0.194418 0.194418 0.194418 0.194418 0.194418 0.194418 0.194418 0.194418 0.194418 0.194418 0.194418 0.194418 0.194417 0.194415 0.194407 0.194379 0.194295 0.194054 0.193408 0.191812 0.188178 0.180619 0.166345 0.142096 0.105417 0.056580 0.000000 
50.000000 37.031133 25.432866 16.142946 9.460302 5.127103 2.583388 1.225255 0.562611 0.265786 0.143173 0.096266 0.079582 0.074044 0.072323 0.071821 0.071682 0.071646 0.071638 0.071636 0.071635 0.071635 0.071635 0.071635 0.071635 0.071635 0.071635 0.071635 0.071635 0.071635 0.071635 0.071635 0.071635 0.071635 0.071635 0.071635 0.071634 0.071630 0.071620 0.071586 0.071491 0.071238 0.070618 0.069220 0.066338 0.060955 0.051915 0.038392 0.020553 0.000000 
50.000000 37.018875 25.409657 16.110985 9.422066 5.084814 2.538731 1.179341 0.516087 0.218991 0.096266 0.049317 0.032618 0.027076 0.025353 0.024850 0.024712 0.024676 0.024667 0.024665 0.024664 0.024664 0.024664 0.024664 0.024664 0.024664 0.024664 0.024664 0.024664 0.024664 0.024664 0.024664 0.024664 0.024664 0.024664 0.024664 0.024664 0.024663 0.024659 0.024646 0.024612 0.024521 0.024298 0.023799 0.022781 0.020895 0.017755 0.013098 0.006999 0.000000 
50.000000 37.014511 25.401396 16.099611 9.408460 5.069768 2.522844 1.163008 0.499538 0.202347 0.079582 0.032618 0.015914 0.010370 0.008647 0.008143 0.008005 0.007969 0.007960 0.007958 0.007958 0.007958 0.007958 0.007958 0.007958 0.007958 0.007958 0.007958 0.007958 0.007958 0.007958 0.007958 0.007958 0.007958 0.007958 0.007958 0.007957 0.007957 0.007956 0.007952 0.007940 0.007909 0.007835 0.007670 0.007334 0.006717 0.005698 0.004196 0.002239 0.000000 
50.000000 37.013061 25.398652 16.095833 9.403942 5.064772 2.517570 1.157586 0.494045 0.196822 0.074044 0.027076 0.010370 0.004825 0.003101 0.002598 0.002460 0.002424 0.002415 0.002413 0.002413 0.002412 0.002412 0.002412 0.002412 0.002412 0.002412 0.002412 0.002412 0.002412 0.002412 0.002412 0.002412 0.002412 0.002412 0.002412 0.002412 0.002412 0.002412 0.002411 0.002407 0.002397 0.002374 0.002323 0.002220 0.002030 0.001720 0.001265 0.000674 0.000000 
50.000000 37.012610 25.397799 16.094658 9.402537 5.063219 2.515930 1.155901 0.492338 0.195105 0.072323 0.025353 0.008647 0.003101 0.001378 0.000875 0.000736 0.000700 0.000692 0.000690 0.000689 0.000689 0.000689 0.000689 0.000689 0.000689 0.000689 0.000689 0.000689 0.000689 0.000689 0.000689 0.000689 0.000689 0.000689 0.000689 0.000689 0.000689 0.000689 0.000688 0.000687 0.000685 0.000678 0.000663 0.000633 0.000579 0.000489 0.000359 0.000191 0.000000 
50.000000 37.012479 25.397549 16.094315 9.402126 5.062766 2.515451 1.155409 0.491840 0.194603 0.071821 0.024850 0.008143 0.002598 0.000875 0.000372 0.000233 0.000197 0.000188 0.000186 0.000186 0.000186 0.000186 0.000186 0.000186 0.000186 0.000186 0.000186 0.000186 0.000186 0.000186 0.000186 0.000186 0.000186 0.000186 0.000186 0.000186 0.000186 0.000186 0.000186 0.000185 0.000185 0.000183 0.000179 0.000171 0.000156 0.000132 0.000097 0.000051 0.000000 
50.000000 37.012442 25.397481 16.094220 9.402014 5.062641 2.515320 1.155274 0.491702 0.194465 0.071682 0.024712 0.008005 0.002460 0.000736 0.000233 0.000095 0.000059 0.000050 0.000048 0.000048 0.000047 0.000047 0.000047 0.000047 0.000047 0.000047 0.000047 0.000047 0.000047 0.000047 0.000047 0.000047 0.000047 0.000047 0.000047 0.000047 0.000047 0.000047 0.000047 0.000047 0.000047 0.000047 0.000046 0.000043 0.000040 0.000034 0.000025 0.000013 0.000000 
50.000000 37.012433 25.397463 16.094196 9.401984 5.062608 2.515285 1.155239 0.491667 0.194430 0.071646 0.024676 0.007969 0.002424 0.000700 0.000197 0.000059 0.000023 0.000014 0.000012 0.000012 0.000012 0.000011 0.000011 0.000011 0.000011 0.000011 0.000011 0.000011 0.000011 0.000011 0.000011 0.000011 0.000011 0.000011 0.000011 0.000011 0.000011 0.000011 0.000011 0.000011 0.000011 0.000011 0.000011 0.000011 0.000010 0.000008 0.000006 0.000003 0.000000 
50.000000 37.012431 25.397458 16.094190 9.401977 5.062600 2.515277 1.155230 0.491658 0.194421 0.071638 0.024667 0.007960 0.002415 0.000692 0.000188 0.000050 0.000014 0.000005 0.000003 0.000003 0.000003 0.000003 0.000003 0.000003 0.000003 0.000003 0.000003 0.000003 0.000003 0.000003 0.000003 0.000003 0.000003 0.000003 0.000003 0.000003 0.000003 0.000003 0.000003 0.000003 0.000003 0.000003 0.000003 0.000002 0.000002 0.000002 0.000001 0.000001 0.000000 
50.000000 37.012430 25.397457 16.094188 9.401975 5.062599 2.515275 1.155228 0.491656 0.194419 0.071636 0.024665 0.007958 0.002413 0.000690 0.000186 0.000048 0.000012 0.000003 0.000001 0.000001 0.000001 0.000001 0.000001 0.000001 0.000001 0.000001 0.000001 0.000001 0.000001 0.000001 0.000001 0.000001 0.000001 0.000001 0.000001 0.000001 0.000001 0.000001 0.000001 0.000001 0.000001 0.000001 0.000001 0.000001 0.000000 0.000000 0.000000 0.000000 0.000000 
50.000000 37.012430 25.397457 16.094188 9.401975 5.062598 2.515275 1.155227 0.491656 0.194418 0.071635 0.024664 0.007958 0.002413 0.000689 0.000186 0.000048 0.000012 0.000003 0.000001 0.000000 0.000000 0.000000 0.000000 0.000000 0.000000 0.000000 0.000000 0.000000 0.000000 0.000000 0.000000 0.000000 0.000000 0.000000 0.000000 0.000000 0.000000 0.000000 0.000000 0.000000 0.000000 0.000000 0.000000 0.000000 0.000000 0.000000 0.000000 0.000000 0.000000 
50.000000 37.012430 25.397457 16.094188 9.401975 5.062598 2.515275 1.155227 0.491655 0.194418 0.071635 0.024664 0.007958 0.002412 0.000689 0.000186 0.000047 0.000012 0.000003 0.000001 0.000000 0.000000 0.000000 0.000000 0.000000 0.000000 0.000000 0.000000 0.000000 0.000000 0.000000 0.000000 0.000000 0.000000 0.000000 0.000000 0.000000 0.000000 0.000000 0.000000 0.000000 0.000000 0.000000 0.000000 0.000000 0.000000 0.000000 0.000000 0.000000 0.000000 
50.000000 37.012430 25.397457 16.094188 9.401975 5.062598 2.515274 1.155227 0.491655 0.194418 0.071635 0.024664 0.007958 0.002412 0.000689 0.000186 0.000047 0.000011 0.000003 0.000001 0.000000 0.000000 0.000000 0.000000 0.000000 0.000000 0.000000 0.000000 0.000000 0.000000 0.000000 0.000000 0.000000 0.000000 0.000000 0.000000 0.000000 0.000000 0.000000 0.000000 0.000000 0.000000 0.000000 0.000000 0.000000 0.000000 0.000000 0.000000 0.000000 0.000000 
50.000000 37.012430 25.397457 16.094188 9.401975 5.062598 2.515274 1.155227 0.491655 0.194418 0.071635 0.024664 0.007958 0.002412 0.000689 0.000186 0.000047 0.000011 0.000003 0.000001 0.000000 0.000000 0.000000 0.000000 0.000000 0.000000 0.000000 0.000000 0.000000 0.000000 0.000000 0.000000 0.000000 0.000000 0.000000 0.000000 0.000000 0.000000 0.000000 0.000000 0.000000 0.000000 0.000000 0.000000 0.000000 0.000000 0.000000 0.000000 0.000000 0.000000 
50.000000 37.012430 25.397457 16.094188 9.401975 5.062598 2.515274 1.155227 0.491655 0.194418 0.071635 0.024664 0.007958 0.002412 0.000689 0.000186 0.000047 0.000011 0.000003 0.000001 0.000000 0.000000 0.000000 0.000000 0.000000 0.000000 0.000000 0.000000 0.000000 0.000000 0.000000 0.000000 0.000000 0.000000 0.000000 0.000000 0.000000 0.000000 0.000000 0.000000 0.000000 0.000000 0.000000 0.000000 0.000000 0.000000 0.000000 0.000000 0.000000 0.000000 
50.000000 37.012430 25.397457 16.094188 9.401975 5.062598 2.515274 1.155227 0.491655 0.194418 0.071635 0.024664 0.007958 0.002412 0.000689 0.000186 0.000047 0.000011 0.000003 0.000001 0.000000 0.000000 0.000000 0.000000 0.000000 0.000000 0.000000 0.000000 0.000000 0.000000 0.000000 0.000000 0.000000 0.000000 0.000000 0.000000 0.000000 0.000000 0.000000 0.000000 0.000000 0.000000 0.000000 0.000000 0.000000 0.000000 0.000000 0.000000 0.000000 0.000000 
50.000000 37.012430 25.397457 16.094188 9.401975 5.062598 2.515274 1.155227 0.491655 0.194418 0.071635 0.024664 0.007958 0.002412 0.000689 0.000186 0.000047 0.000011 0.000003 0.000001 0.000000 0.000000 0.000000 0.000000 0.000000 0.000000 0.000000 0.000000 0.000000 0.000000 0.000000 0.000000 0.000000 0.000000 0.000000 0.000000 0.000000 0.000000 0.000000 0.000000 0.000000 0.000000 0.000000 0.000000 0.000000 0.000000 0.000000 0.000000 0.000000 0.000000 
50.000000 37.012430 25.397457 16.094188 9.401975 5.062598 2.515274 1.155227 0.491655 0.194418 0.071635 0.024664 0.007958 0.002412 0.000689 0.000186 0.000047 0.000011 0.000003 0.000001 0.000000 0.000000 0.000000 0.000000 0.000000 0.000000 0.000000 0.000000 0.000000 0.000000 0.000000 0.000000 0.000000 0.000000 0.000000 0.000000 0.000000 0.000000 0.000000 0.000000 0.000000 0.000000 0.000000 0.000000 0.000000 0.000000 0.000000 0.000000 0.000000 0.000000 
50.000000 37.012430 25.397457 16.094188 9.401975 5.062598 2.515275 1.155227 0.491655 0.194418 0.071635 0.024664 0.007958 0.002412 0.000689 0.000186 0.000047 0.000012 0.000003 0.000001 0.000000 0.000000 0.000000 0.000000 0.000000 0.000000 0.000000 0.000000 0.000000 0.000000 0.000000 0.000000 0.000000 0.000000 0.000000 0.000000 0.000000 0.000000 0.000000 0.000000 0.000000 0.000000 0.000000 0.000000 0.000000 0.000000 0.000000 0.000000 0.000000 0.000000 
50.000000 37.012430 25.397457 16.094188 9.401975 5.062598 2.515275 1.155227 0.491656 0.194418 0.071635 0.024664 0.007958 0.002413 0.000689 0.000186 0.000048 0.000012 0.000003 0.000001 0.000000 0.000000 0.000000 0.000000 0.000000 0.000000 0.000000 0.000000 0.000000 0.000000 0.000000 0.000000 0.000000 0.000000 0.000000 0.000000 0.000000 0.000000 0.000000 0.000000 0.000000 0.000000 0.000000 0.000000 0.000000 0.000000 0.000000 0.000000 0.000000 0.000000 
50.000000 37.012430 25.397457 16.094188 9.401975 5.062599 2.515275 1.155228 0.491656 0.194419 0.071636 0.024665 0.007958 0.002413 0.000690 0.000186 0.000048 0.000012 0.000003 0.000001 0.000001 0.000001 0.000001 0.000001 0.000001 0.000001 0.000001 0.000001 0.000001 0.000001 0.000001 0.000001 0.000001 0.000001 0.000001 0.000001 0.000001 0.000001 0.000001 0.000001 0.000001 0.000001 0.000001 0.000001 0.000001 0.000000 0.000000 0.000000 0.000000 0.000000 
50.000000 37.012431 25.397458 16.094190 9.401977 5.062600 2.515277 1.155230 0.491658 0.194421 0.071638 0.024667 0.007960 0.002415 0.000692 0.000188 0.000050 0.000014 0.000005 0.000003 0.000003 0.000003 0.000003 0.000003 0.000003 0.000003 0.000003 0.000003 0.000003 0.000003 0.000003 0.000003 0.000003 0.000003 0.000003 0.000003 0.000003 0.000003 0.000003 0.000003 0.000003 0.000003 0.000003 0.000003 0.000002 0.000002 0.000002 0.000001 0.000001 0.000000 
50.000000 37.012433 25.397463 16.094196 9.401984 5.062608 2.515285 1.155239 0.491667 0.194430 0.071646 0.024676 0.007969 0.002424 0.000700 0.000197 0.000059 0.000023 0.000014 0.000012 0.000012 0.000012 0.000011 0.000011 0.000011 0.000011 0.000011 0.000011 0.000011 0.000011 0.000011 0.000011 0.000011 0.000011 0.000011 0.000011 0.000011 0.000011 0.000011 0.000011 0.000011 0.000011 0.000011 0.000011 0.000011 0.000010 0.000008 0.000006 0.000003 0.000000 
50.000000 37.012442 25.397481 16.094220 9.402014 5.062641 2.515320 1.155274 0.491702 0.194465 0.071682 0.024712 0.008005 0.002460 0.000736 0.000233 0.000095 0.000059 0.000050 0.000048 0.000048 0.000047 0.000047 0.000047 0.000047 0.000047 0.000047 0.000047 0.000047 0.000047 0.000047 0.000047 0.000047 0.000047 0.000047 0.000047 0.000047 0.000047 0.000047 0.000047 0.000047 0.000047 0.000047 0.000046 0.000043 0.000040 0.000034 0.000025 0.000013 0.000000 
50.000000 37.012479 25.397549 16.094315 9.402126 5.062766 2.515451 1.155409 0.491840 0.194603 0.071821 0.024850 0.008143 0.002598 0.000875 0.000372 0.000233 0.000197 0.000188 0.000186 0.000186 0.000186 0.000186 0.000186 0.000186 0.000186 0.000186 0.000186 0.000186 0.000186 0.000186 0.000186 0.000186 0.000186 0.000186 0.000186 0.000186 0.000186 0.000186 0.000186 0.000185 0.000185 0.000183 0.000179 0.000171 0.000156 0.000132 0.000097 0.000051 0.000000 
50.000000 37.012610 25.397799 16.094658 9.402537 5.063219 2.515930 1.155901 0.492338 0.195105 0.072323 0.025353 0.008647 0.003101 0.001378 0.000875 0.000736 0.000700 0.000692 0.000690 0.000689 0.000689 0.000689 0.000689 0.000689 0.000689 0.000689 0.000689 0.000689 0.000689 0.000689 0.000689 0.000689 0.000689 0.000689 0.000689 0.000689 0.000689 0.000689 0.000688 0.000687 0.000685 0.000678 0.000663 0.000633 0.000579 0.000489 0.000359 0.000191 0.000000 
50.000000 37.013061 25.398652 16.095833 9.403942 5.064772 2.517570 1.157586 0.494045 0.196822 0.074044 0.027076 0.010370 0.004825 0.003101 0.002598 0.002460 0.002424 0.002415 0.002413 0.002413 0.002412 0.002412 0.002412 0.002412 0.002412 0.002412 0.002412 0.002412 0.002412 0.002412 0.002412 0.002412 0.002412 0.002412 0.002412 0.002412 0.002412 0.002412 0.002411 0.002407 0.002397 0.002374 0.002323 0.002220 0.002030 0.001720 0.001265 0.000674 0.000000 
50.000000 37.014511 25.401396 16.099611 9.408460 5.069768 2.522844 1.163008 0.499538 0.202347 0.079582 0.032618 0.015914 0.010370 0.008647 0.008143 0.008005 0.007969 0.007960 0.007958 0.007958 0.007958 0.007958 0.007958 0.007958 0.007958 0.007958 0.007958 0.007958 0.007958 0.007958 0.007958 0.007958 0.007958 0.007958 0.007958 0.007957 0.007957 0.007956 0.007952 0.007940 0.007909 0.007835 0.007670 0.007334 0.006717 0.005698 0.004196 0.002239 0.000000 
50.000000 37.018875 25.409657 16.110985 9.422066 5.084814 2.538731 1.179341 0.516087 0.218991 0.096266 0.049317 0.032618 0.027076 0.025353 0.024850 0.024712 0.024676 0.024667 0.024665 0.024664 0.024664 0.024664 0.024664 0.024664 0.024664 0.024664 0.024664 0.024664 0.024664 0.024664 0.024664 0.024664 0.024664 0.024664 0.024664 0.024664 0.024663 0.024659 0.024646 0.024612 0.024521 0.024298 0.023799 0.022781 0.020895 0.017755 0.013098 0.006999 0.000000 
50.000000 37.031133 25.432866 16.142946 9.460302 5.127103 2.583388 1.225255 0.562611 0.265786 0.143173 0.096266 0.079582 0.074044 0.072323 0.071821 0.071682 0.071646 0.071638 0.071636 0.071635 0.071635 0.071635 0.071635 0.071635 0.071635 0.071635 0.071635 0.071635 0.071635 0.071635 0.071635 0.071635 0.071635 0.071635 0.071635 0.071634 0.071630 0.071620 0.071586 0.071491 0.071238 0.070618 0.069220 0.066338 0.060955 0.051915 0.038392 0.020553 0.000000 
50.000000 37.063150 25.493490 16.226443 9.560210 5.237616 2.700101 1.345264 0.684220 0.388108 0.265786 0.218991 0.202347 0.196822 0.195105 0.194603 0.194465 0.194430 0.194421 0.194419 0.194418 0.194418 0.194418 0.194418 0.194418 0.194418 0.194418 0.194418 0.194418 0.194418 0.194418 0.194418 0.194418 0.194418 0.194418 0.194417 0.194415 0.194407 0.194379 0.194295 0.194054 0.193408 0.191812 0.188178 0.180619 0.166345 0.142096 0.105417 0.056580 0.000000 
50.000000 37.140600 25.640153 16.428464 9.801968 5.505072 2.982593 1.635755 0.978598 0.684220 0.562611 0.516087 0.499538 0.494045 0.492338 0.491840 0.491702 0.491667 0.491658 0.491656 0.491656 0.491655 0.491655 0.491655 0.491655 0.491655 0.491655 0.491655 0.491655 0.491655 0.491655 0.491655 0.491655 0.491655 0.491655 0.491653 0.491648 0.491629 0.491567 0.491373 0.490811 0.489299 0.485524 0.476843 0.458559 0.423560 0.363231 0.270636 0.145784 0.000000 
50.000000 37.313380 25.967365 16.879234 10.341474 6.101997 3.613142 2.284205 1.635755 1.345264 1.225255 1.179341 1.163008 1.157586 1.155901 1.155409 1.155274 1.155239 1.155230 1.155228 1.155227 1.155227 1.155227 1.155227 1.155227 1.155227 1.155227 1.155227 1.155227 1.155227 1.155227 1.155227 1.155227 1.155227 1.155226 1.155223 1.155212 1.155173 1.155043 1.154637 1.153452 1.150231 1.142103 1.123167 1.082683 1.003853 0.865380 0.648663 0.351251 0.000000 
50.000000 37.667273 26.637620 17.802681 11.446839 7.325144 4.905305 3.613142 2.982593 2.700101 2.583388 2.538731 2.522844 2.517570 2.515930 2.515451 2.515320 2.515285 2.515277 2.515275 2.515275 2.515275 2.515274 2.515274 2.515274 2.515274 2.515274 2.515274 2.515274 2.515274 2.515274 2.515274 2.515274 2.515274 2.515273 2.515267 2.515247 2.515174 2.514931 2.514168 2.511922 2.505750 2.489975 2.452653 2.371375 2.209646 1.918449 1.450429 0.791670 0.000000 
50.000000 38.329707 27.892318 19.531514 13.516472 9.615541 7.325144 6.101997 5.505072 5.237616 5.127103 5.084814 5.069768 5.064772 5.063219 5.062766 5.062641 5.062608 5.062600 5.062599 5.062598 5.062598 5.062598 5.062598 5.062598 5.062598 5.062598 5.062598 5.062598 5.062598 5.062598 5.062598 5.062598 5.062597 5.062595 5.062586 5.062553 5.062434 5.062033 5.060766 5.056997 5.046513 5.019314 4.953768 4.807771 4.509176 3.953727 3.027377 1.673540 0.000000 
50.000000 39.457575 30.028705 22.475463 17.041089 13.516472 11.446839 10.341474 9.801968 9.560210 9.460302 9.422066 9.408460 9.403942 9.402537 9.402126 9.402014 9.401984 9.401977 9.401975 9.401975 9.401975 9.401975 9.401975 9.401975 9.401975 9.401975 9.401975 9.401975 9.401975 9.401975 9.401975 9.401975 9.401974 9.401971 9.401958 9.401911 9.401743 9.401171 9.399347 9.393865 9.378408 9.337622 9.237193 9.007296 8.520544 7.575023 5.913501 3.340545 0.000000 
50.000000 41.196213 33.322165 27.014183 22.475463 19.531514 17.802681 16.879234 16.428464 16.226443 16.142946 16.110985 16.099611 16.095833 16.094658 16.094315 16.094220 16.094196 16.094190 16.094188 16.094188 16.094188 16.094188 16.094188 16.094188 16.094188 16.094188 16.094188 16.094188 16.094188 16.094188 16.094188 16.094188 16.094187 16.094183 16.094169 16.094113 16.093913 16.093230 16.091030 16.084347 16.065233 16.013854 15.884232 15.577786 14.900440 13.507092 10.868130 6.385910 0.000000 
50.000000 43.612373 37.899211 33.322165 30.028705 27.892318 26.637620 25.967365 25.640153 25.493490 25.432866 25.409657 25.401396 25.398652 25.397799 25.397549 25.397481 25.397463 25.397458 25.397457 25.397457 25.397457 25.397457 25.397457 25.397457 25.397457 25.397457 25.397457 25.397457 25.397457 25.397457 25.397457 25.397457 25.397456 25.397453 25.397439 25.397388 25.397201 25.396559 25.394474 25.388074 25.369517 25.318702 25.187191 24.864941 24.115204 22.454034 18.949606 12.012488 0.000000 
50.000000 46.628193 43.612373 41.196213 39.457575 38.329707 37.667273 37.313380 37.140600 37.063150 37.031133 37.018875 37.014511 37.013061 37.012610 37.012479 37.012442 37.012433 37.012431 37.012430 37.012430 37.012430 37.012430 37.012430 37.012430 37.012430 37.012430 37.012430 37.012430 37.012430 37.012430 37.012430 37.012430 37.012429 37.012427 37.012419 37.012387 37.012272 37.011876 37.010580 37.006570 36.994815 36.962129 36.875603 36.656168 36.117030 34.810303 31.599885 23.314097 0.000000 
50.000000 50.000000 50.000000 50.000000 50.000000 50.000000 50.000000 50.000000 50.000000 50.000000 50.000000 50.000000 50.000000 50.000000 50.000000 50.000000 50.000000 50.000000 50.000000 50.000000 50.000000 50.000000 50.000000 50.000000 50.000000 50.000000 50.000000 50.000000 50.000000 50.000000 50.000000 50.000000 50.000000 50.000000 50.000000 50.000000 50.000000 50.000000 50.000000 50.000000 50.000000 50.000000 50.000000 50.000000 50.000000 50.000000 50.000000 50.000000 50.000000 50.000000 
