50.000000 50.000000 50.000000 50.000000 50.000000 50.000000 50.000000 50.000000 50.000000 50.000000 50.000000 50.000000 50.000000 50.000000 50.000000 50.000000 50.000000 50.000000 50.000000 50.000000 50.000000 50.000000 50.000000 50.000000 50.000000 50.000000 50.000000 50.000000 50.000000 50.000000 50.000000 50.000000 50.000000 50.000000 50.000000 50.000000 50.000000 50.000000 50.000000 50.000000 50.000000 50.000000 50.000000 50.000000 50.000000 50.000000 50.000000 50.000000 50.000000 50.000000 
50.000000 48.942950 47.920975 46.965663 46.102201 45.347487 44.709479 44.187740 43.774926 43.458818 43.224496 43.056301 42.939357 42.860570 42.809119 42.776539 42.756526 42.744596 42.737692 42.733812 42.731692 42.730567 42.729986 42.729694 42.729550 42.729478 42.729438 42.729404 42.729356 42.729264 42.729080 42.728709 42.727978 42.726568 42.723907 42.718990 42.710090 42.694288 42.666731 42.619437 42.539334 42.404943 42.180434 41.804194 41.164820 40.045412 37.979466 33.834355 24.471475 0.000000 
50.000000 47.920975 45.910939 44.032017 42.333749 40.849370 39.594531 38.568374 37.756453 37.134735 36.673875 36.343072 36.113069 35.958115 35.856924 35.792847 35.753487 35.730024 35.716446 35.708814 35.704646 35.702433 35.701291 35.700716 35.700432 35.700291 35.700213 35.700148 35.700057 35.699884 35.699537 35.698840 35.697467 35.694823 35.689840 35.680650 35.664056 35.634685 35.583670 35.496566 35.350056 35.106606 34.705494 34.047094 32.964071 31.166709 28.138787 22.955469 14.086620 0.000000 
50.000000 46.965663 44.032017 41.289737 38.811123 36.644685 34.813264 33.315607 32.130628 31.223251 30.550643 30.067852 29.732177 29.506031 29.358351 29.264836 29.207394 29.173153 29.153337 29.142199 29.136117 29.132888 29.131220 29.130381 29.129968 29.129763 29.129650 29.129560 29.129434 29.129199 29.128728 29.127784 29.125929 29.122363 29.115659 29.103337 29.081170 29.042123 28.974708 28.860490 28.670316 28.358580 27.854442 27.048298 25.771093 23.764392 20.644868 15.893231 8.986197 0.000000 
50.000000 46.102201 42.333749 38.811123 35.627202 32.844296 30.491748 28.567945 27.045798 25.880247 25.016270 24.396121 23.964947 23.674466 23.484775 23.364658 23.290877 23.246896 23.221445 23.207140 23.199327 23.195180 23.193039 23.191961 23.191431 23.191169 23.191027 23.190916 23.190768 23.190495 23.189948 23.188856 23.186717 23.182615 23.174932 23.160864 23.135682 23.091591 23.016036 22.889228 22.680619 22.343948 21.810500 20.980315 19.711907 17.813601 15.046732 11.167040 6.056789 0.000000 
50.000000 45.347487 40.849370 36.644685 32.844296 29.522580 26.714557 24.418302 22.601476 21.210291 20.179070 19.438882 18.924253 18.577552 18.351151 18.207791 18.119733 18.067243 18.036867 18.019795 18.010472 18.005522 18.002967 18.001681 18.001049 18.000738 18.000572 18.000449 18.000290 18.000002 17.999431 17.998293 17.996070 17.991823 17.983898 17.969458 17.943755 17.899060 17.823108 17.696942 17.492032 17.166603 16.661314 15.894882 14.761290 13.132390 10.873592 7.885299 4.182667 0.000000 
50.000000 44.709479 39.594531 34.813264 30.491748 26.714557 23.521515 20.910427 18.844516 17.262615 16.090035 15.248390 14.663229 14.269015 14.011591 13.848589 13.748467 13.688787 13.654251 13.634841 13.624241 13.618614 13.615709 13.614248 13.613530 13.613179 13.612995 13.612864 13.612706 13.612425 13.611873 13.610778 13.608645 13.604587 13.597047 13.583378 13.559198 13.517456 13.447140 13.331565 13.146244 12.856479 12.415037 11.760757 10.819675 9.511432 7.764966 5.547437 2.905285 0.000000 
50.000000 44.187740 38.568374 33.315607 28.567945 24.418302 20.910427 18.041905 15.772328 14.034491 12.746336 11.821745 11.178921 10.745867 10.463083 10.284026 10.174044 10.108488 10.070552 10.049231 10.037588 10.031408 10.028217 10.026613 10.025825 10.025442 10.025245 10.025113 10.024963 10.024706 10.024206 10.023219 10.021304 10.017674 10.010963 9.998863 9.977591 9.941142 9.880278 9.781270 9.624453 9.382802 9.020952 8.495389 7.756988 6.757445 5.461165 3.862880 2.007305 0.000000 
50.000000 43.774926 37.756453 32.130628 27.045798 22.601476 18.844516 15.772328 13.341628 11.480434 10.100854 9.110652 8.422220 7.958446 7.655606 7.463852 7.346073 7.275871 7.235247 7.212416 7.199949 7.193331 7.189914 7.188197 7.187354 7.186946 7.186740 7.186610 7.186474 7.186251 7.185823 7.184983 7.183360 7.180296 7.174658 7.164549 7.146889 7.116850 7.067113 6.987001 6.861561 6.670814 6.389526 5.988038 5.434873 4.701850 3.772049 2.649847 1.369982 0.000000 
50.000000 43.458818 37.134735 31.223251 25.880247 21.210291 17.262615 14.034491 11.480434 9.524799 8.075230 7.034804 6.311461 5.824174 5.505985 5.304514 5.180769 5.107011 5.064331 5.040344 5.027246 5.020293 5.016704 5.014901 5.014017 5.013590 5.013378 5.013253 5.013133 5.012948 5.012600 5.011920 5.010614 5.008158 5.003661 4.995640 4.981716 4.958196 4.919567 4.857919 4.762399 4.618872 4.410038 4.116371 3.718259 3.199628 2.552935 1.784679 0.919484 0.000000 
50.000000 43.224496 36.673875 30.550643 25.016270 20.179070 16.090035 12.746336 10.100854 8.075230 6.573797 5.496153 4.746942 4.242235 3.912674 3.704006 3.575841 3.499450 3.455247 3.430405 3.416840 3.409639 3.405923 3.404055 3.403141 3.402700 3.402486 3.402365 3.402263 3.402115 3.401844 3.401320 3.400316 3.398439 3.395018 3.388947 3.378470 3.360892 3.332239 3.286898 3.217311 3.113853 2.965066 2.758470 2.482128 2.127042 1.690154 1.177309 0.605059 0.000000 
50.000000 43.056301 36.343072 30.067852 24.396121 19.438882 15.248390 11.821745 9.110652 7.034804 5.496153 4.391805 3.624036 3.106832 2.769113 2.555282 2.423948 2.345669 2.300373 2.274917 2.261018 2.253640 2.249831 2.247918 2.246982 2.246533 2.246316 2.246201 2.246114 2.245999 2.245797 2.245410 2.244673 2.243299 2.240808 2.236409 2.228861 2.216275 2.195903 2.163914 2.115236 2.043539 1.941467 1.801250 1.615774 1.380085 1.093145 0.759402 0.389570 0.000000 
50.000000 42.939357 36.113069 29.732177 23.964947 18.924253 14.663229 11.178921 8.422220 6.311461 4.746942 3.624036 2.843370 2.317481 1.974095 1.756677 1.623141 1.543550 1.497496 1.471615 1.457482 1.449981 1.446109 1.444165 1.443213 1.442758 1.442541 1.442431 1.442356 1.442269 1.442123 1.441848 1.441329 1.440365 1.438624 1.435564 1.430342 1.421685 1.407761 1.386050 1.353265 1.305370 1.237779 1.145773 1.025193 0.873356 0.690054 0.478384 0.245069 0.000000 
50.000000 42.860570 35.958115 29.506031 23.674466 18.577552 14.269015 10.745867 7.958446 5.824174 4.242235 3.106832 2.317481 1.785746 1.438544 1.218712 1.083694 1.003220 0.956656 0.930488 0.916199 0.908615 0.904701 0.902735 0.901773 0.901314 0.901097 0.900990 0.900925 0.900860 0.900758 0.900571 0.900218 0.899568 0.898397 0.896350 0.892873 0.887139 0.877971 0.863765 0.842459 0.811557 0.768276 0.709817 0.633797 0.538784 0.424861 0.294059 0.150480 0.000000 
50.000000 42.809119 35.856924 29.358351 23.484775 18.351151 14.011591 10.463083 7.655606 5.505985 3.912674 2.769113 1.974095 1.438544 1.088852 0.867445 0.731460 0.650411 0.603514 0.577159 0.562768 0.555130 0.551188 0.549208 0.548240 0.547778 0.547561 0.547458 0.547400 0.547351 0.547282 0.547158 0.546927 0.546504 0.545746 0.544426 0.542193 0.538530 0.532704 0.523727 0.510344 0.491058 0.464221 0.428213 0.381693 0.323911 0.255014 0.176274 0.090129 0.000000 
50.000000 42.776539 35.792847 29.264836 23.364659 18.207791 13.848589 10.284026 7.463852 5.304514 3.704006 2.555282 1.756677 1.218712 0.867445 0.645041 0.508445 0.427032 0.379924 0.353451 0.338996 0.331323 0.327364 0.325375 0.324403 0.323940 0.323723 0.323622 0.323570 0.323532 0.323485 0.323405 0.323260 0.322994 0.322521 0.321699 0.320314 0.318053 0.314474 0.308988 0.300853 0.289194 0.273063 0.251542 0.223892 0.189727 0.149177 0.103008 0.052632 0.000000 
50.000000 42.756526 35.753487 29.207394 23.290877 18.119733 13.748467 10.174044 7.346074 5.180769 3.575842 2.423948 1.623141 1.083694 0.731461 0.508445 0.371474 0.289837 0.242601 0.216055 0.201560 0.193867 0.189896 0.187903 0.186928 0.186464 0.186248 0.186148 0.186099 0.186069 0.186037 0.185987 0.185899 0.185737 0.185451 0.184956 0.184127 0.182777 0.180649 0.177402 0.172611 0.165778 0.156370 0.143881 0.127910 0.108262 0.085032 0.058664 0.029958 0.000000 
50.000000 42.744596 35.730024 29.173153 23.246897 18.067243 13.688788 10.108488 7.275872 5.107012 3.499451 2.345669 1.543551 1.003221 0.650412 0.427032 0.289838 0.208068 0.160755 0.134166 0.119648 0.111942 0.107965 0.105968 0.104992 0.104527 0.104311 0.104212 0.104166 0.104140 0.104119 0.104088 0.104035 0.103941 0.103773 0.103485 0.103004 0.102223 0.100998 0.099135 0.096399 0.092512 0.087185 0.080143 0.071174 0.060180 0.047225 0.032557 0.016618 0.000000 
50.000000 42.737692 35.716446 29.153338 23.221446 18.036869 13.654253 10.070554 7.235249 5.064333 3.455249 2.300375 1.497498 0.956658 0.603516 0.379926 0.242602 0.160756 0.113398 0.086784 0.072252 0.064540 0.060559 0.058560 0.057583 0.057118 0.056902 0.056804 0.056759 0.056737 0.056721 0.056702 0.056671 0.056617 0.056523 0.056360 0.056089 0.055652 0.054967 0.053931 0.052414 0.050268 0.047337 0.043476 0.038577 0.032590 0.025555 0.017607 0.008984 0.000000 
50.000000 42.733812 35.708815 29.142202 23.207142 18.019798 13.634845 10.049235 7.212420 5.040349 3.430410 2.274922 1.471620 0.930493 0.577164 0.353456 0.216060 0.134170 0.086787 0.060160 0.045620 0.037903 0.033921 0.031921 0.030943 0.030478 0.030262 0.030164 0.030120 0.030100 0.030088 0.030076 0.030058 0.030029 0.029976 0.029887 0.029740 0.029502 0.029131 0.028571 0.027754 0.026602 0.025034 0.022976 0.020371 0.017197 0.013476 0.009280 0.004734 0.000000 
50.000000 42.731694 35.704650 29.136123 23.199335 18.010480 13.624251 10.037599 7.199960 5.027258 3.416852 2.261030 1.457495 0.916212 0.562781 0.339008 0.201573 0.119660 0.072263 0.045628 0.031085 0.023366 0.019382 0.017381 0.016403 0.015938 0.015722 0.015625 0.015581 0.015562 0.015552 0.015544 0.015534 0.015518 0.015490 0.015443 0.015364 0.015239 0.015043 0.014749 0.014321 0.013720 0.012904 0.011835 0.010486 0.008847 0.006929 0.004770 0.002432 0.000000 
50.000000 42.730572 35.702443 29.132902 23.195198 18.005543 13.618638 10.031434 7.193358 5.020322 3.409669 2.253670 1.450012 0.908646 0.555161 0.331355 0.193898 0.111973 0.064569 0.037930 0.023384 0.015664 0.011679 0.009679 0.008701 0.008235 0.008020 0.007922 0.007879 0.007860 0.007851 0.007845 0.007840 0.007831 0.007816 0.007792 0.007751 0.007687 0.007586 0.007436 0.007217 0.006911 0.006497 0.005955 0.005274 0.004447 0.003481 0.002395 0.001221 0.000000 
50.000000 42.729997 35.701313 29.131253 23.193080 18.003016 13.615765 10.028278 7.189979 5.016772 3.405993 2.249903 1.446182 0.904774 0.551261 0.327437 0.189970 0.108038 0.060631 0.033990 0.019443 0.011722 0.007737 0.005736 0.004759 0.004293 0.004077 0.003980 0.003937 0.003918 0.003910 0.003905 0.003902 0.003897 0.003890 0.003877 0.003857 0.003824 0.003773 0.003697 0.003587 0.003434 0.003226 0.002956 0.002616 0.002205 0.001725 0.001187 0.000605 0.000000 
50.000000 42.729720 35.700767 29.130456 23.192057 18.001795 13.614377 10.026754 7.188347 5.015058 3.404217 2.248084 1.444332 0.902904 0.549378 0.325546 0.188074 0.106139 0.058729 0.032087 0.017540 0.009819 0.005834 0.003833 0.002855 0.002390 0.002174 0.002076 0.002033 0.002015 0.002007 0.002003 0.002001 0.001998 0.001994 0.001987 0.001976 0.001959 0.001933 0.001894 0.001837 0.001757 0.001650 0.001511 0.001337 0.001126 0.000881 0.000606 0.000309 0.000000 
50.000000 42.729609 35.700549 29.130138 23.191648 18.001307 13.613822 10.026144 7.187694 5.014371 3.403506 2.247355 1.443592 0.902155 0.548624 0.324788 0.187314 0.105378 0.057968 0.031325 0.016778 0.009057 0.005072 0.003071 0.002093 0.001627 0.001412 0.001314 0.001271 0.001253 0.001245 0.001241 0.001239 0.001237 0.001235 0.001231 0.001224 0.001213 0.001196 0.001172 0.001136 0.001087 0.001020 0.000934 0.000826 0.000696 0.000544 0.000374 0.000190 0.000000 
50.000000 42.729609 35.700549 29.130138 23.191648 18.001307 13.613822 10.026144 7.187694 5.014371 3.403506 2.247355 1.443592 0.902155 0.548624 0.324788 0.187314 0.105378 0.057968 0.031325 0.016778 0.009057 0.005072 0.003071 0.002093 0.001627 0.001412 0.001314 0.001271 0.001253 0.001245 0.001241 0.001239 0.001237 0.001235 0.001231 0.001224 0.001213 0.001196 0.001172 0.001136 0.001087 0.001020 0.000934 0.000826 0.000696 0.000544 0.000374 0.000190 0.000000 
50.000000 42.729720 35.700767 29.130456 23.192057 18.001795 13.614377 10.026754 7.188347 5.015058 3.404217 2.248084 1.444332 0.902904 0.549378 0.325546 0.188074 0.106139 0.058729 0.032087 0.017540 0.009819 0.005834 0.003833 0.002855 0.002390 0.002174 0.002076 0.002033 0.002015 0.002007 0.002003 0.002001 0.001998 0.001994 0.001987 0.001976 0.001959 0.001933 0.001894 0.001837 0.001757 0.001650 0.001511 0.001337 0.001126 0.000881 0.000606 0.000309 0.000000 
50.000000 42.729997 35.701313 29.131253 23.193080 18.003016 13.615765 10.028278 7.189979 5.016772 3.405993 2.249903 1.446182 0.904774 0.551261 0.327437 0.189970 0.108038 0.060631 0.033990 0.019443 0.011722 0.007737 0.005736 0.004759 0.004293 0.004077 0.003980 0.003937 0.003918 0.003910 0.003905 0.003902 0.003897 0.003890 0.003877 0.003857 0.003824 0.003773 0.003697 0.003587 0.003434 0.003226 0.002956 0.002616 0.002205 0.001725 0.001187 0.000605 0.000000 
50.000000 42.730572 35.702443 29.132902 23.195198 18.005543 13.618638 10.031434 7.193358 5.020322 3.409669 2.253670 1.450012 0.908646 0.555161 0.331355 0.193898 0.111973 0.064569 0.037930 0.023384 0.015664 0.011679 0.009679 0.008701 0.008235 0.008020 0.007922 0.007879 0.007860 0.007851 0.007845 0.007840 0.007831 0.007816 0.007792 0.007751 0.007687 0.007586 0.007436 0.007217 0.006911 0.006497 0.005955 0.005274 0.004447 0.003481 0.002395 0.001221 0.000000 
50.000000 42.731694 35.704650 29.136123 23.199335 18.010480 13.624251 10.037599 7.199960 5.027258 3.416852 2.261030 1.457495 0.916212 0.562781 0.339008 0.201573 0.119660 0.072263 0.045628 0.031085 0.023366 0.019382 0.017381 0.016403 0.015938 0.015722 0.015625 0.015581 0.015562 0.015552 0.015544 0.015534 0.015518 0.015490 0.015443 0.015364 0.015239 0.015043 0.014749 0.014321 0.013720 0.012904 0.011835 0.010486 0.008847 0.006929 0.004770 0.002432 0.000000 
50.000000 42.733812 35.708815 29.142202 23.207142 18.019798 13.634845 10.049235 7.212420 5.040349 3.430410 2.274922 1.471620 0.930493 0.577164 0.353456 0.216060 0.134170 0.086787 0.060160 0.045620 0.037903 0.033921 0.031921 0.030943 0.030478 0.030262 0.030164 0.030120 0.030100 0.030088 0.030076 0.030058 0.030029 0.029976 0.029887 0.029740 0.029502 0.029131 0.028571 0.027754 0.026602 0.025034 0.022976 0.020371 0.017197 0.013476 0.009280 0.004734 0.000000 
50.000000 42.737692 35.716446 29.153338 23.221446 18.036869 13.654253 10.070554 7.235249 5.064333 3.455249 2.300375 1.497498 0.956658 0.603516 0.379926 0.242602 0.160756 0.113398 0.086784 0.072252 0.064540 0.060559 0.058560 0.057583 0.057118 0.056902 0.056804 0.056759 0.056737 0.056721 0.056702 0.056671 0.056617 0.056523 0.056360 0.056089 0.055652 0.054967 0.053931 0.052414 0.050268 0.047337 0.043476 0.038577 0.032590 0.025555 0.017607 0.008984 0.000000 
50.000000 42.744596 35.730024 29.173153 23.246897 18.067243 13.688788 10.108488 7.275872 5.107012 3.499451 2.345669 1.543551 1.003221 0.650412 0.427032 0.289838 0.208068 0.160755 0.134166 0.119648 0.111942 0.107965 0.105968 0.104992 0.104527 0.104311 0.104212 0.104166 0.104140 0.104119 0.104088 0.104035 0.103941 0.103773 0.103485 0.103004 0.102223 0.100998 0.099135 0.096399 0.092512 0.087185 0.080143 0.071174 0.060180 0.047225 0.032557 0.016618 0.000000 
50.000000 42.756526 35.753487 29.207394 23.290877 18.119733 13.748467 10.174044 7.346074 5.180769 3.575842 2.423948 1.623141 1.083694 0.731461 0.508445 0.371474 0.289837 0.242601 0.216055 0.201560 0.193867 0.189896 0.187903 0.186928 0.186464 0.186248 0.186148 0.186099 0.186069 0.186037 0.185987 0.185899 0.185737 0.185451 0.184956 0.184127 0.182777 0.180649 0.177402 0.172611 0.165778 0.156370 0.143881 0.127910 0.108262 0.085032 0.058664 0.029958 0.000000 
50.000000 42.776539 35.792847 29.264836 23.364659 18.207791 13.848589 10.284026 7.463852 5.304514 3.704006 2.555282 1.756677 1.218712 0.867445 0.645041 0.508445 0.427032 0.379924 0.353451 0.338996 0.331323 0.327364 0.325375 0.324403 0.323940 0.323723 0.323622 0.323570 0.323532 0.323485 0.323405 0.323260 0.322994 0.322521 0.321699 0.320314 0.318053 0.314474 0.308988 0.300853 0.289194 0.273063 0.251542 0.223892 0.189727 0.149177 0.103008 0.052632 0.000000 
50.000000 42.809119 35.856924 29.358351 23.484775 18.351151 14.011591 10.463083 7.655606 5.505985 3.912674 2.769113 1.974095 1.438544 1.088852 0.867445 0.731460 0.650411 0.603514 0.577159 0.562768 0.555130 0.551188 0.549208 0.548240 0.547778 0.547561 0.547458 0.547400 0.547351 0.547282 0.547158 0.546927 0.546504 0.545746 0.544426 0.542193 0.538530 0.532704 0.523727 0.510344 0.491058 0.464221 0.428213 0.381693 0.323911 0.255014 0.176274 0.090129 0.000000 
50.000000 42.860570 35.958115 29.506031 23.674466 18.577552 14.269015 10.745867 7.958446 5.824174 4.242235 3.106832 2.317481 1.785746 1.438544 1.218712 1.083694 1.003220 0.956656 0.930488 0.916199 0.908615 0.904701 0.902735 0.901773 0.901314 0.901097 0.900990 0.900925 0.900860 0.900758 0.900571 0.900218 0.899568 0.898397 0.896350 0.892873 0.887139 0.877971 0.863765 0.842459 0.811557 0.768276 0.709817 0.633797 0.538784 0.424861 0.294059 0.150480 0.000000 
50.000000 42.939357 36.113069 29.732177 23.964947 18.924253 14.663229 11.178921 8.422220 6.311461 4.746942 3.624036 2.843370 2.317481 1.974095 1.756677 1.623141 1.543550 1.497496 1.471615 1.457482 1.449981 1.446109 1.444165 1.443213 1.442758 1.442541 1.442431 1.442356 1.442269 1.442123 1.441848 1.441329 1.440365 1.438624 1.435564 1.430342 1.421685 1.407761 1.386050 1.353265 1.305370 1.237779 1.145773 1.025193 0.873356 0.690054 0.478384 0.245069 0.000000 
50.000000 43.056301 36.343072 30.067852 24.396121 19.438882 15.248390 11.821745 9.110652 7.034804 5.496153 4.391805 3.624036 3.106832 2.769113 2.555282 2.423948 2.345669 2.300373 2.274917 2.261018 2.253640 2.249831 2.247918 2.246982 2.246533 2.246316 2.246201 2.246114 2.245999 2.245797 2.245410 2.244673 2.243299 2.240808 2.236409 2.228861 2.216275 2.195903 2.163914 2.115236 2.043539 1.941467 1.801250 1.615774 1.380085 1.093145 0.759402 0.389570 0.000000 
50.000000 43.224496 36.673875 30.550643 25.016270 20.179070 16.090035 12.746336 10.100854 8.075230 6.573797 5.496153 4.746942 4.242235 3.912674 3.704006 3.575841 3.499450 3.455247 3.430405 3.416840 3.409639 3.405923 3.404055 3.403141 3.402700 3.402486 3.402365 3.402263 3.402115 3.401844 3.401320 3.400316 3.398439 3.395018 3.388947 3.378470 3.360892 3.332239 3.286898 3.217311 3.113853 2.965066 2.758470 2.482128 2.127042 1.690154 1.177309 0.605059 0.000000 
50.000000 43.458818 37.134735 31.223251 25.880247 21.210291 17.262615 14.034491 11.480434 9.524799 8.075230 7.034804 6.311461 5.824174 5.505985 5.304514 5.180769 5.107011 5.064331 5.040344 5.027246 5.020293 5.016704 5.014901 5.014017 5.013590 5.013378 5.013253 5.013133 5.012948 5.012600 5.011920 5.010614 5.008158 5.003661 4.995640 4.981716 4.958196 4.919567 4.857919 4.762399 4.618872 4.410038 4.116371 3.718259 3.199628 2.552935 1.784679 0.919484 0.000000 
50.000000 43.774926 37.756453 32.130628 27.045798 22.601476 18.844516 15.772328 13.341628 11.480434 10.100854 9.110652 8.422220 7.958446 7.655606 7.463852 7.346073 7.275871 7.235247 7.212416 7.199949 7.193331 7.189914 7.188197 7.187354 7.186946 7.186740 7.186610 7.186474 7.186251 7.185823 7.184983 7.183360 7.180296 7.174658 7.164549 7.146889 7.116850 7.067113 6.987001 6.861561 6.670814 6.389526 5.988038 5.434873 4.701850 3.772049 2.649847 1.369982 0.000000 
50.000000 44.187740 38.568374 33.315607 28.567945 24.418302 20.910427 18.041905 15.772328 14.034491 12.746336 11.821745 11.178921 10.745867 10.463083 10.284026 10.174044 10.108488 10.070552 10.049231 10.037588 10.031408 10.028217 10.026613 10.025825 10.025442 10.025245 10.025113 10.024963 10.024706 10.024206 10.023219 10.021304 10.017674 10.010963 9.998863 9.977591 9.941142 9.880278 9.781270 9.624453 9.382802 9.020952 8.495389 7.756988 6.757445 5.461165 3.862880 2.007305 0.000000 
50.000000 44.709479 39.594531 34.813264 30.491748 26.714557 23.521515 20.910427 18.844516 17.262615 16.090035 15.248390 14.663229 14.269015 14.011591 13.848589 13.748467 13.688787 13.654251 13.634841 13.624241 13.618614 13.615709 13.614248 13.613530 13.613179 13.612995 13.612864 13.612706 13.612425 13.611873 13.610778 13.608645 13.604587 13.597047 13.583378 13.559198 13.517456 13.447140 13.331565 13.146244 12.856479 12.415037 11.760757 10.819675 9.511432 7.764966 5.547437 2.905285 0.000000 
50.000000 45.347487 40.849370 36.644685 32.844296 29.522580 26.714557 24.418302 22.601476 21.210291 20.179070 19.438882 18.924253 18.577552 18.351151 18.207791 18.119733 18.067243 18.036867 18.019795 18.010472 18.005522 18.002967 18.001681 18.001049 18.000738 18.000572 18.000449 18.000290 18.000002 17.999431 17.998293 17.996070 17.991823 17.983898 17.969458 17.943755 17.899060 17.823108 17.696942 17.492032 17.166603 16.661314 15.894882 14.761290 13.132390 10.873592 7.885299 4.182667 0.000000 
50.000000 46.102201 42.333749 38.811123 35.627202 32.844296 30.491748 28.567945 27.045798 25.880247 25.016270 24.396121 23.964947 23.674466 23.484775 23.364658 23.290877 23.246896 23.221445 23.207140 23.199327 23.195180 23.193039 23.191961 23.191431 23.191169 23.191027 23.190916 23.190768 23.190495 23.189948 23.188856 23.186717 23.182615 23.174932 23.160864 23.135682 23.091591 23.016036 22.889228 22.680619 22.343948 21.810500 20.980315 19.711907 17.813601 15.046732 11.167040 6.056789 0.000000 
50.000000 46.965663 44.032017 41.289737 38.811123 36.644685 34.813264 33.315607 32.130628 31.223251 30.550643 30.067852 29.732177 29.506031 29.358351 29.264836 29.207394 29.173153 29.153337 29.142199 29.136117 29.132888 29.131220 29.130381 29.129968 29.129763 29.129650 29.129560 29.129434 29.129199 29.128728 29.127784 29.125929 29.122363 29.115659 29.103337 29.081170 29.042123 28.974708 28.860490 28.670316 28.358580 27.854442 27.048298 25.771093 23.764392 20.644868 15.893231 8.986197 0.000000 
50.000000 47.920975 45.910939 44.032017 42.333749 40.849370 39.594531 38.568374 37.756453 37.134735 36.673875 36.343072 36.113069 35.958115 35.856924 35.792847 35.753487 35.730024 35.716446 35.708814 35.704646 35.702433 35.701291 35.700716 35.700432 35.700291 35.700213 35.700148 35.700057 35.699884 35.699537 35.698840 35.697467 35.694823 35.689840 35.680650 35.664056 35.634685 35.583670 35.496566 35.350056 35.106606 34.705494 34.047094 32.964071 31.166709 28.138787 22.955469 14.086620 0.000000 
50.000000 48.942950 47.920975 46.965663 46.102201 45.347487 44.709479 44.187740 43.774926 43.458818 43.224496 43.056301 42.939357 42.860570 42.809119 42.776539 42.756526 42.744596 42.737692 42.733812 42.731692 42.730567 42.729986 42.729694 42.729550 42.729478 42.729438 42.729404 42.729356 42.729264 42.729080 42.728709 42.727978 42.726568 42.723907 42.718990 42.710090 42.694288 42.666731 42.619437 42.539334 42.404943 42.180434 41.804194 41.164820 40.045412 37.979466 33.834355 24.471475 0.000000 
50.000000 50.000000 50.000000 50.000000 50.000000 50.000000 50.000000 50.000000 50.000000 50.000000 50.000000 50.000000 50.000000 50.000000 50.000000 50.000000 50.000000 50.000000 50.000000 50.000000 50.000000 50.000000 50.000000 50.000000 50.000000 50.000000 50.000000 50.000000 50.000000 50.000000 50.000000 50.000000 50.000000 50.000000 50.000000 50.000000 50.000000 50.000000 50.000000 50.000000 50.000000 50.000000 50.000000 50.000000 50.000000 50.000000 50.000000 50.000000 50.000000 50.000000 
