50.000000 50.000000 50.000000 50.000000 50.000000 50.000000 50.000000 50.000000 50.000000 50.000000 50.000000 50.000000 50.000000 50.000000 50.000000 50.000000 50.000000 50.000000 50.000000 50.000000 50.000000 50.000000 50.000000 50.000000 50.000000 50.000000 50.000000 50.000000 50.000000 50.000000 50.000000 50.000000 50.000000 50.000000 50.000000 50.000000 50.000000 50.000000 50.000000 50.000000 50.000000 50.000000 50.000000 50.000000 50.000000 50.000000 50.000000 50.000000 50.000000 50.000000 
50.000000 48.911133 47.859484 46.878458 45.994484 45.224999 44.577808 44.051766 43.638464 43.324497 43.093822 42.929856 42.817060 42.741935 42.693475 42.663186 42.644836 42.634056 42.627911 42.624512 42.622685 42.621732 42.621249 42.621010 42.620895 42.620838 42.620807 42.620781 42.620742 42.620667 42.620512 42.620195 42.619561 42.618320 42.615944 42.611493 42.603334 42.588674 42.562822 42.517993 42.441339 42.311622 42.093240 41.724770 41.094926 39.986820 37.933829 33.803074 24.455566 0.000000 
50.000000 47.859484 45.792133 43.863616 42.125887 40.613225 39.340972 38.306876 37.494409 36.877216 36.423760 36.101439 35.879708 35.732031 35.636770 35.577231 35.541160 35.519968 35.507889 35.501207 35.497617 35.495744 35.494794 35.494324 35.494097 35.493987 35.493926 35.493876 35.493802 35.493660 35.493369 35.492775 35.491586 35.489262 35.484819 35.476516 35.461329 35.434128 35.386349 35.303924 35.163965 34.929390 34.539913 33.896268 32.831343 31.055442 28.052123 22.896066 14.056410 0.000000 
50.000000 46.878458 43.863616 41.051240 38.517098 36.311178 34.455855 32.947840 31.763031 30.862991 30.201729 29.731702 29.408362 29.193013 29.054101 28.967280 28.914681 28.883780 28.866167 28.856423 28.851189 28.848458 28.847072 28.846387 28.846057 28.845896 28.845809 28.845738 28.845638 28.845445 28.845051 28.844249 28.842647 28.839521 28.833561 28.822458 28.802227 28.766164 28.703202 28.595423 28.414261 28.114736 27.626607 26.840766 25.588462 23.611290 20.525620 15.811493 8.944629 0.000000 
50.000000 45.994484 42.125887 38.517098 35.265344 32.434765 30.054073 28.119046 26.598754 25.443872 24.595384 23.992280 23.577398 23.301084 23.122848 23.011451 22.943963 22.904315 22.881717 22.869216 22.862501 22.858996 22.857219 22.856341 22.855917 22.855711 22.855602 22.855516 22.855398 22.855175 22.854720 22.853796 22.851955 22.848374 22.841569 22.828941 22.806047 22.765481 22.695188 22.575988 22.378028 22.055786 21.541255 20.735063 19.496081 17.632672 14.905808 11.070445 6.007665 0.000000 
50.000000 45.224999 40.613225 36.311178 32.434765 29.060449 26.222455 23.915747 22.103449 20.726758 19.715316 18.996392 18.501842 18.172471 17.960014 17.827231 17.746788 17.699529 17.672594 17.657694 17.649690 17.645513 17.643394 17.642348 17.641843 17.641600 17.641472 17.641377 17.641252 17.641018 17.640545 17.639586 17.637683 17.633992 17.627008 17.614109 17.590856 17.549934 17.479613 17.361591 17.168081 16.858098 16.373060 15.632313 14.530224 12.938684 10.722717 7.781882 4.130073 0.000000 
50.000000 44.577808 39.340972 34.455855 30.054073 26.222455 22.999862 20.380571 18.322705 16.759484 15.611011 14.794696 14.233157 13.859177 13.617948 13.467184 13.375850 13.322193 13.291613 13.274696 13.265609 13.260867 13.258462 13.257275 13.256702 13.256428 13.256286 13.256187 13.256062 13.255836 13.255381 13.254464 13.252649 13.249143 13.242537 13.230398 13.208650 13.170655 13.105933 12.998446 12.824447 12.550024 12.128698 11.499931 10.590141 9.319010 7.615089 5.444704 2.853039 0.000000 
50.000000 44.051766 38.306876 32.947840 28.119046 23.915747 20.380571 17.507237 15.249797 13.534990 12.275161 11.379708 10.763736 10.353510 10.088905 9.923534 9.823353 9.764500 9.730957 9.712403 9.702437 9.697236 9.694599 9.693297 9.692669 9.692370 9.692219 9.692119 9.692002 9.691796 9.691387 9.690566 9.688948 9.685834 9.679994 9.669322 9.650320 9.617369 9.561726 9.470267 9.324018 9.096690 8.753618 8.251873 7.542687 6.577791 5.321233 3.766963 1.958526 0.000000 
50.000000 43.638464 37.494409 31.763031 26.598754 22.103449 18.322705 15.249797 12.835582 11.001700 9.654404 8.696791 8.038069 7.599378 7.316416 7.139575 7.032447 6.969514 6.933647 6.913807 6.903151 6.897590 6.894770 6.893378 6.892708 6.892390 6.892233 6.892134 6.892029 6.891853 6.891505 6.890812 6.889451 6.886843 6.881975 6.873128 6.857475 6.830527 6.785407 6.711969 6.595874 6.417791 6.153107 5.772681 5.245352 4.542968 3.648296 2.565020 1.326842 0.000000 
50.000000 43.324497 36.877216 30.862991 25.443872 20.726758 16.759484 13.534990 11.001700 9.077383 7.663662 6.658846 5.967662 5.507357 5.210458 5.024910 4.912508 4.846479 4.808847 4.788032 4.776852 4.771018 4.768059 4.766599 4.765897 4.765565 4.765404 4.765309 4.765218 4.765073 4.764793 4.764237 4.763151 4.761079 4.757230 4.750271 4.738035 4.717118 4.682374 4.626345 4.538692 4.405826 4.210971 3.935036 3.558677 3.065844 2.448730 1.713252 0.883158 0.000000 
50.000000 43.093822 36.423760 30.201729 24.595384 19.715316 15.611011 12.275161 9.654404 7.663662 6.201151 5.161669 4.446645 3.970470 3.663338 3.471397 3.355124 3.286821 3.247895 3.226364 3.214799 3.208765 3.205704 3.204195 3.203469 3.203127 3.202964 3.202873 3.202796 3.202681 3.202465 3.202041 3.201215 3.199646 3.196746 3.191529 3.182411 3.166925 3.141397 3.100576 3.037317 2.942435 2.804895 2.612565 2.353724 2.019396 1.606306 1.119835 0.575830 0.000000 
50.000000 42.929856 36.101439 29.731702 23.992280 18.996392 14.794696 11.379708 8.696791 6.658846 5.161669 4.097555 3.365595 2.878145 2.563744 2.367263 2.248241 2.178324 2.138478 2.116439 2.104601 2.098425 2.095292 2.093748 2.093005 2.092656 2.092492 2.092406 2.092340 2.092253 2.092093 2.091783 2.091183 2.090047 2.087957 2.084217 2.077715 2.066742 2.048777 2.020271 1.976471 1.911385 1.817982 1.688763 1.516779 1.297092 1.028500 0.715090 0.367034 0.000000 
50.000000 42.817060 35.879708 29.408362 23.577398 18.501842 14.233157 10.763736 8.038069 5.967662 4.446645 3.365595 2.621990 2.126790 1.807393 1.607790 1.486879 1.415852 1.375375 1.352986 1.340962 1.334687 1.331506 1.329937 1.329183 1.328830 1.328665 1.328583 1.328527 1.328462 1.328348 1.328131 1.327712 1.326924 1.325480 1.322908 1.318459 1.310995 1.298853 1.279720 1.250544 1.207542 1.146367 1.062501 0.951908 0.811917 0.642198 0.445580 0.228386 0.000000 
50.000000 42.741935 35.732031 29.193013 23.301084 18.172471 13.859177 10.353510 7.599378 5.507357 3.970470 2.878145 2.126790 1.626431 1.303708 1.102029 0.979861 0.908097 0.867199 0.844578 0.832429 0.826090 0.822875 0.821290 0.820529 0.820173 0.820008 0.819929 0.819881 0.819832 0.819754 0.819608 0.819327 0.818802 0.817843 0.816142 0.813215 0.808331 0.800430 0.788059 0.769322 0.741903 0.703190 0.650526 0.581616 0.495037 0.390786 0.270701 0.138601 0.000000 
50.000000 42.693475 35.636770 29.054101 23.122848 17.960014 13.617948 10.088905 7.316416 5.210458 3.663338 2.563744 1.807393 1.303708 0.978843 0.775825 0.652847 0.580608 0.539440 0.516669 0.504439 0.498059 0.494823 0.493227 0.492462 0.492104 0.491939 0.491862 0.491820 0.491784 0.491731 0.491636 0.491455 0.491118 0.490504 0.489421 0.487566 0.484485 0.479528 0.471809 0.460187 0.443288 0.419583 0.387549 0.345905 0.293907 0.231644 0.160254 0.081981 0.000000 
50.000000 42.663186 35.577231 28.967280 23.011451 17.827231 13.467184 9.923534 7.139575 5.024910 3.471397 2.367263 1.607790 1.102029 0.775825 0.571973 0.448489 0.375953 0.334616 0.311752 0.299472 0.293065 0.289816 0.288214 0.287446 0.287086 0.286922 0.286847 0.286809 0.286781 0.286746 0.286686 0.286573 0.286365 0.285986 0.285321 0.284186 0.282310 0.279306 0.274651 0.267680 0.257600 0.243540 0.224647 0.200222 0.169882 0.133719 0.092411 0.047243 0.000000 
50.000000 42.644837 35.541160 28.914682 22.943963 17.746788 13.375850 9.823353 7.032447 4.912508 3.355124 2.248241 1.486879 0.979861 0.652847 0.448489 0.324699 0.251983 0.210544 0.187624 0.175314 0.168891 0.165634 0.164029 0.163258 0.162898 0.162734 0.162660 0.162624 0.162603 0.162579 0.162542 0.162475 0.162350 0.162125 0.161730 0.161059 0.159955 0.158194 0.155478 0.151430 0.145604 0.137519 0.126707 0.112796 0.095590 0.075161 0.051898 0.026516 0.000000 
50.000000 42.634056 35.519968 28.883780 22.904315 17.699529 13.322194 9.764500 6.969515 4.846479 3.286822 2.178324 1.415853 0.908097 0.580608 0.375953 0.251984 0.179163 0.137664 0.114710 0.102383 0.095951 0.092689 0.091081 0.090310 0.089949 0.089785 0.089712 0.089678 0.089660 0.089644 0.089622 0.089582 0.089510 0.089380 0.089154 0.088770 0.088141 0.087142 0.085607 0.083329 0.080064 0.075553 0.069545 0.061847 0.052360 0.041133 0.028382 0.014495 0.000000 
50.000000 42.627911 35.507889 28.866167 22.881718 17.672595 13.291614 9.730959 6.933649 4.808849 3.247896 2.138480 1.375377 0.867201 0.539441 0.334617 0.210546 0.137665 0.096132 0.073159 0.060822 0.054384 0.051120 0.049511 0.048739 0.048378 0.048214 0.048141 0.048109 0.048093 0.048081 0.048068 0.048045 0.048005 0.047933 0.047807 0.047594 0.047247 0.046698 0.045857 0.044613 0.042838 0.040393 0.037151 0.033010 0.027923 0.021919 0.015115 0.007716 0.000000 
50.000000 42.624512 35.501208 28.856425 22.869218 17.657696 13.274699 9.712406 6.913811 4.788035 3.226367 2.116442 1.352990 0.844582 0.516673 0.311755 0.187627 0.114713 0.073162 0.050179 0.037835 0.031395 0.028130 0.026520 0.025747 0.025387 0.025223 0.025150 0.025118 0.025103 0.025095 0.025086 0.025074 0.025052 0.025013 0.024945 0.024831 0.024645 0.024352 0.023905 0.023246 0.022308 0.021022 0.019320 0.017154 0.014500 0.011375 0.007840 0.004001 0.000000 
50.000000 42.622687 35.497620 28.851193 22.862506 17.649696 13.265616 9.702444 6.903159 4.776860 3.214807 2.104610 1.340970 0.832438 0.504448 0.299481 0.175323 0.102391 0.060829 0.037841 0.025494 0.019053 0.015786 0.014176 0.013403 0.013043 0.012879 0.012806 0.012775 0.012761 0.012753 0.012748 0.012741 0.012729 0.012709 0.012673 0.012614 0.012517 0.012366 0.012135 0.011795 0.011314 0.010655 0.009787 0.008684 0.007336 0.005751 0.003962 0.002022 0.000000 
50.000000 42.621736 35.495751 28.848467 22.859009 17.645528 13.260884 9.697255 6.897610 4.771038 3.208786 2.098446 1.334709 0.826111 0.498080 0.293087 0.168913 0.095972 0.054405 0.031414 0.019066 0.012623 0.009357 0.007746 0.006973 0.006613 0.006449 0.006376 0.006345 0.006331 0.006325 0.006321 0.006317 0.006311 0.006300 0.006282 0.006252 0.006204 0.006127 0.006011 0.005841 0.005600 0.005271 0.004839 0.004291 0.003623 0.002839 0.001955 0.000997 0.000000 
50.000000 42.621257 35.494810 28.847095 22.857249 17.643430 13.258503 9.694643 6.894817 4.768108 3.205755 2.095344 1.331558 0.822928 0.494876 0.289869 0.165687 0.092742 0.051172 0.028179 0.015831 0.009388 0.006121 0.004510 0.003738 0.003377 0.003213 0.003140 0.003109 0.003096 0.003090 0.003087 0.003084 0.003081 0.003076 0.003067 0.003052 0.003028 0.002990 0.002932 0.002848 0.002730 0.002568 0.002356 0.002089 0.001762 0.001381 0.000950 0.000485 0.000000 
50.000000 42.621030 35.494363 28.846443 22.856412 17.642433 13.257370 9.693401 6.893489 4.766715 3.204314 2.093869 1.330060 0.821414 0.493352 0.288340 0.164154 0.091206 0.049635 0.026642 0.014293 0.007850 0.004583 0.002972 0.002199 0.001839 0.001675 0.001602 0.001571 0.001558 0.001552 0.001549 0.001548 0.001546 0.001543 0.001538 0.001531 0.001518 0.001499 0.001470 0.001427 0.001367 0.001286 0.001179 0.001045 0.000881 0.000690 0.000475 0.000242 0.000000 
50.000000 42.620940 35.494185 28.846185 22.856081 17.642038 13.256922 9.692909 6.892964 4.766164 3.203744 2.093286 1.329467 0.820815 0.492750 0.287734 0.163547 0.090599 0.049027 0.026034 0.013684 0.007241 0.003974 0.002363 0.001590 0.001230 0.001066 0.000993 0.000962 0.000949 0.000943 0.000941 0.000940 0.000938 0.000937 0.000934 0.000929 0.000921 0.000909 0.000892 0.000865 0.000829 0.000779 0.000714 0.000633 0.000533 0.000418 0.000287 0.000146 0.000000 
50.000000 42.620940 35.494185 28.846185 22.856081 17.642038 13.256922 9.692909 6.892964 4.766164 3.203744 2.093286 1.329467 0.820815 0.492750 0.287734 0.163547 0.090599 0.049027 0.026034 0.013684 0.007241 0.003974 0.002363 0.001590 0.001230 0.001066 0.000993 0.000962 0.000949 0.000943 0.000941 0.000940 0.000938 0.000937 0.000934 0.000929 0.000921 0.000909 0.000892 0.000865 0.000829 0.000779 0.000714 0.000633 0.000533 0.000418 0.000287 0.000146 0.000000 
50.000000 42.621030 35.494363 28.846443 22.856412 17.642433 13.257370 9.693401 6.893489 4.766715 3.204314 2.093869 1.330060 0.821414 0.493352 0.288340 0.164154 0.091206 0.049635 0.026642 0.014293 0.007850 0.004583 0.002972 0.002199 0.001839 0.001675 0.001602 0.001571 0.001558 0.001552 0.001549 0.001548 0.001546 0.001543 0.001538 0.001531 0.001518 0.001499 0.001470 0.001427 0.001367 0.001286 0.001179 0.001045 0.000881 0.000690 0.000475 0.000242 0.000000 
50.000000 42.621257 35.494810 28.847095 22.857249 17.643430 13.258503 9.694643 6.894817 4.768108 3.205755 2.095344 1.331558 0.822928 0.494876 0.289869 0.165687 0.092742 0.051172 0.028179 0.015831 0.009388 0.006121 0.004510 0.003738 0.003377 0.003213 0.003140 0.003109 0.003096 0.003090 0.003087 0.003084 0.003081 0.003076 0.003067 0.003052 0.003028 0.002990 0.002932 0.002848 0.002730 0.002568 0.002356 0.002089 0.001762 0.001381 0.000950 0.000485 0.000000 
50.000000 42.621736 35.495751 28.848467 22.859009 17.645528 13.260884 9.697255 6.897610 4.771038 3.208786 2.098446 1.334709 0.826111 0.498080 0.293087 0.168913 0.095972 0.054405 0.031414 0.019066 0.012623 0.009357 0.007746 0.006973 0.006613 0.006449 0.006376 0.006345 0.006331 0.006325 0.006321 0.006317 0.006311 0.006300 0.006282 0.006252 0.006204 0.006127 0.006011 0.005841 0.005600 0.005271 0.004839 0.004291 0.003623 0.002839 0.001955 0.000997 0.000000 
50.000000 42.622687 35.497620 28.851193 22.862506 17.649696 13.265616 9.702444 6.903159 4.776860 3.214807 2.104610 1.340970 0.832438 0.504448 0.299481 0.175323 0.102391 0.060829 0.037841 0.025494 0.019053 0.015786 0.014176 0.013403 0.013043 0.012879 0.012806 0.012775 0.012761 0.012753 0.012748 0.012741 0.012729 0.012709 0.012673 0.012614 0.012517 0.012366 0.012135 0.011795 0.011314 0.010655 0.009787 0.008684 0.007336 0.005751 0.003962 0.002022 0.000000 
50.000000 42.624512 35.501208 28.856425 22.869218 17.657696 13.274699 9.712406 6.913811 4.788035 3.226367 2.116442 1.352990 0.844582 0.516673 0.311755 0.187627 0.114713 0.073162 0.050179 0.037835 0.031395 0.028130 0.026520 0.025747 0.025387 0.025223 0.025150 0.025118 0.025103 0.025095 0.025086 0.025074 0.025052 0.025013 0.024945 0.024831 0.024645 0.024352 0.023905 0.023246 0.022308 0.021022 0.019320 0.017154 0.014500 0.011375 0.007840 0.004001 0.000000 
50.000000 42.627911 35.507889 28.866167 22.881718 17.672595 13.291614 9.730959 6.933649 4.808849 3.247896 2.138480 1.375377 0.867201 0.539441 0.334617 0.210546 0.137665 0.096132 0.073159 0.060822 0.054384 0.051120 0.049511 0.048739 0.048378 0.048214 0.048141 0.048109 0.048093 0.048081 0.048068 0.048045 0.048005 0.047933 0.047807 0.047594 0.047247 0.046698 0.045857 0.044613 0.042838 0.040393 0.037151 0.033010 0.027923 0.021919 0.015115 0.007716 0.000000 
50.000000 42.634056 35.519968 28.883780 22.904315 17.699529 13.322194 9.764500 6.969515 4.846479 3.286822 2.178324 1.415853 0.908097 0.580608 0.375953 0.251984 0.179163 0.137664 0.114710 0.102383 0.095951 0.092689 0.091081 0.090310 0.089949 0.089785 0.089712 0.089678 0.089660 0.089644 0.089622 0.089582 0.089510 0.089380 0.089154 0.088770 0.088141 0.087142 0.085607 0.083329 0.080064 0.075553 0.069545 0.061847 0.052360 0.041133 0.028382 0.014495 0.000000 
50.000000 42.644837 35.541160 28.914682 22.943963 17.746788 13.375850 9.823353 7.032447 4.912508 3.355124 2.248241 1.486879 0.979861 0.652847 0.448489 0.324699 0.251983 0.210544 0.187624 0.175314 0.168891 0.165634 0.164029 0.163258 0.162898 0.162734 0.162660 0.162624 0.162603 0.162579 0.162542 0.162475 0.162350 0.162125 0.161730 0.161059 0.159955 0.158194 0.155478 0.151430 0.145604 0.137519 0.126707 0.112796 0.095590 0.075161 0.051898 0.026516 0.000000 
50.000000 42.663186 35.577231 28.967280 23.011451 17.827231 13.467184 9.923534 7.139575 5.024910 3.471397 2.367263 1.607790 1.102029 0.775825 0.571973 0.448489 0.375953 0.334616 0.311752 0.299472 0.293065 0.289816 0.288214 0.287446 0.287086 0.286922 0.286847 0.286809 0.286781 0.286746 0.286686 0.286573 0.286365 0.285986 0.285321 0.284186 0.282310 0.279306 0.274651 0.267680 0.257600 0.243540 0.224647 0.200222 0.169882 0.133719 0.092411 0.047243 0.000000 
50.000000 42.693475 35.636770 29.054101 23.122848 17.960014 13.617948 10.088905 7.316416 5.210458 3.663338 2.563744 1.807393 1.303708 0.978843 0.775825 0.652847 0.580608 0.539440 0.516669 0.504439 0.498059 0.494823 0.493227 0.492462 0.492104 0.491939 0.491862 0.491820 0.491784 0.491731 0.491636 0.491455 0.491118 0.490504 0.489421 0.487566 0.484485 0.479528 0.471809 0.460187 0.443288 0.419583 0.387549 0.345905 0.293907 0.231644 0.160254 0.081981 0.000000 
50.000000 42.741935 35.732031 29.193013 23.301084 18.172471 13.859177 10.353510 7.599378 5.507357 3.970470 2.878145 2.126790 1.626431 1.303708 1.102029 0.979861 0.908097 0.867199 0.844578 0.832429 0.826090 0.822875 0.821290 0.820529 0.820173 0.820008 0.819929 0.819881 0.819832 0.819754 0.819608 0.819327 0.818802 0.817843 0.816142 0.813215 0.808331 0.800430 0.788059 0.769322 0.741903 0.703190 0.650526 0.581616 0.495037 0.390786 0.270701 0.138601 0.000000 
50.000000 42.817060 35.879708 29.408362 23.577398 18.501842 14.233157 10.763736 8.038069 5.967662 4.446645 3.365595 2.621990 2.126790 1.807393 1.607790 1.486879 1.415852 1.375375 1.352986 1.340962 1.334687 1.331506 1.329937 1.329183 1.328830 1.328665 1.328583 1.328527 1.328462 1.328348 1.328131 1.327712 1.326924 1.325480 1.322908 1.318459 1.310995 1.298853 1.279720 1.250544 1.207542 1.146367 1.062501 0.951908 0.811917 0.642198 0.445580 0.228386 0.000000 
50.000000 42.929856 36.101439 29.731702 23.992280 18.996392 14.794696 11.379708 8.696791 6.658846 5.161669 4.097555 3.365595 2.878145 2.563744 2.367263 2.248241 2.178324 2.138478 2.116439 2.104601 2.098425 2.095292 2.093748 2.093005 2.092656 2.092492 2.092406 2.092340 2.092253 2.092093 2.091783 2.091183 2.090047 2.087957 2.084217 2.077715 2.066742 2.048777 2.020271 1.976471 1.911385 1.817982 1.688763 1.516779 1.297092 1.028500 0.715090 0.367034 0.000000 
50.000000 43.093822 36.423760 30.201729 24.595384 19.715316 15.611011 12.275161 9.654404 7.663662 6.201151 5.161669 4.446645 3.970470 3.663338 3.471397 3.355124 3.286821 3.247895 3.226364 3.214799 3.208765 3.205704 3.204195 3.203469 3.203127 3.202964 3.202873 3.202796 3.202681 3.202465 3.202041 3.201215 3.199646 3.196746 3.191529 3.182411 3.166925 3.141397 3.100576 3.037317 2.942435 2.804895 2.612565 2.353724 2.019396 1.606306 1.119835 0.575830 0.000000 
50.000000 43.324497 36.877216 30.862991 25.443872 20.726758 16.759484 13.534990 11.001700 9.077383 7.663662 6.658846 5.967662 5.507357 5.210458 5.024910 4.912508 4.846479 4.808847 4.788032 4.776852 4.771018 4.768059 4.766599 4.765897 4.765565 4.765404 4.765309 4.765218 4.765073 4.764793 4.764237 4.763151 4.761079 4.757230 4.750271 4.738035 4.717118 4.682374 4.626345 4.538692 4.405826 4.210971 3.935036 3.558677 3.065844 2.448730 1.713252 0.883158 0.000000 
50.000000 43.638464 37.494409 31.763031 26.598754 22.103449 18.322705 15.249797 12.835582 11.001700 9.654404 8.696791 8.038069 7.599378 7.316416 7.139575 7.032447 6.969514 6.933647 6.913807 6.903151 6.897590 6.894770 6.893378 6.892708 6.892390 6.892233 6.892134 6.892029 6.891853 6.891505 6.890812 6.889451 6.886843 6.881975 6.873128 6.857475 6.830527 6.785407 6.711969 6.595874 6.417791 6.153107 5.772681 5.245352 4.542968 3.648296 2.565020 1.326842 0.000000 
50.000000 44.051766 38.306876 32.947840 28.119046 23.915747 20.380571 17.507237 15.249797 13.534990 12.275161 11.379708 10.763736 10.353510 10.088905 9.923534 9.823353 9.764500 9.730957 9.712403 9.702437 9.697236 9.694599 9.693297 9.692669 9.692370 9.692219 9.692119 9.692002 9.691796 9.691387 9.690566 9.688948 9.685834 9.679994 9.669322 9.650320 9.617369 9.561726 9.470267 9.324018 9.096690 8.753618 8.251873 7.542687 6.577791 5.321233 3.766963 1.958526 0.000000 
50.000000 44.577808 39.340972 34.455855 30.054073 26.222455 22.999862 20.380571 18.322705 16.759484 15.611011 14.794696 14.233157 13.859177 13.617948 13.467184 13.375850 13.322193 13.291613 13.274696 13.265609 13.260867 13.258462 13.257275 13.256702 13.256428 13.256286 13.256187 13.256062 13.255836 13.255381 13.254464 13.252649 13.249143 13.242537 13.230398 13.208650 13.170655 13.105933 12.998446 12.824447 12.550024 12.128698 11.499931 10.590141 9.319010 7.615089 5.444704 2.853039 0.000000 
50.000000 45.224999 40.613225 36.311178 32.434765 29.060449 26.222455 23.915747 22.103449 20.726758 19.715316 18.996392 18.501842 18.172471 17.960014 17.827231 17.746788 17.699529 17.672594 17.657694 17.649690 17.645513 17.643394 17.642348 17.641843 17.641600 17.641472 17.641377 17.641252 17.641018 17.640545 17.639586 17.637683 17.633992 17.627008 17.614109 17.590856 17.549934 17.479613 17.361591 17.168081 16.858098 16.373060 15.632313 14.530224 12.938684 10.722717 7.781882 4.130073 0.000000 
50.000000 45.994484 42.125887 38.517098 35.265344 32.434765 30.054073 28.119046 26.598754 25.443872 24.595384 23.992280 23.577398 23.301084 23.122848 23.011451 22.943963 22.904315 22.881717 22.869216 22.862501 22.858996 22.857219 22.856341 22.855917 22.855711 22.855602 22.855516 22.855398 22.855175 22.854720 22.853796 22.851955 22.848374 22.841569 22.828941 22.806047 22.765481 22.695188 22.575988 22.378028 22.055786 21.541255 20.735063 19.496081 17.632672 14.905808 11.070445 6.007665 0.000000 
50.000000 46.878458 43.863616 41.051240 38.517098 36.311178 34.455855 32.947840 31.763031 30.862991 30.201729 29.731702 29.408362 29.193013 29.054101 28.967280 28.914681 28.883780 28.866167 28.856423 28.851189 28.848458 28.847072 28.846387 28.846057 28.845896 28.845809 28.845738 28.845638 28.845445 28.845051 28.844249 28.842647 28.839521 28.833561 28.822458 28.802227 28.766164 28.703202 28.595423 28.414261 28.114736 27.626607 26.840766 25.588462 23.611290 20.525620 15.811493 8.944629 0.000000 
50.000000 47.859484 45.792133 43.863616 42.125887 40.613225 39.340972 38.306876 37.494409 36.877216 36.423760 36.101439 35.879708 35.732031 35.636770 35.577231 35.541160 35.519968 35.507889 35.501207 35.497617 35.495744 35.494794 35.494324 35.494097 35.493987 35.493926 35.493876 35.493802 35.493660 35.493369 35.492775 35.491586 35.489262 35.484819 35.476516 35.461329 35.434128 35.386349 35.303924 35.163965 34.929390 34.539913 33.896268 32.831343 31.055442 28.052123 22.896066 14.056410 0.000000 
50.000000 48.911133 47.859484 46.878458 45.994484 45.224999 44.577808 44.051766 43.638464 43.324497 43.093822 42.929856 42.817060 42.741935 42.693475 42.663186 42.644836 42.634056 42.627911 42.624512 42.622685 42.621732 42.621249 42.621010 42.620895 42.620838 42.620807 42.620781 42.620742 42.620667 42.620512 42.620195 42.619561 42.618320 42.615944 42.611493 42.603334 42.588674 42.562822 42.517993 42.441339 42.311622 42.093240 41.724770 41.094926 39.986820 37.933829 33.803074 24.455566 0.000000 
50.000000 50.000000 50.000000 50.000000 50.000000 50.000000 50.000000 50.000000 50.000000 50.000000 50.000000 50.000000 50.000000 50.000000 50.000000 50.000000 50.000000 50.000000 50.000000 50.000000 50.000000 50.000000 50.000000 50.000000 50.000000 50.000000 50.000000 50.000000 50.000000 50.000000 50.000000 50.000000 50.000000 50.000000 50.000000 50.000000 50.000000 50.000000 50.000000 50.000000 50.000000 50.000000 50.000000 50.000000 50.000000 50.000000 50.000000 50.000000 50.000000 50.000000 
