50.000000 50.000000 50.000000 50.000000 50.000000 50.000000 50.000000 50.000000 50.000000 50.000000 50.000000 50.000000 50.000000 50.000000 50.000000 50.000000 50.000000 50.000000 50.000000 50.000000 50.000000 50.000000 50.000000 50.000000 50.000000 50.000000 50.000000 50.000000 50.000000 50.000000 50.000000 50.000000 50.000000 50.000000 50.000000 50.000000 50.000000 50.000000 50.000000 50.000000 50.000000 50.000000 50.000000 50.000000 50.000000 50.000000 50.000000 50.000000 50.000000 50.000000 
50.000000 48.866953 47.774203 46.757755 45.845779 45.056422 44.397197 43.865871 43.452474 43.141889 42.916492 42.758434 42.651292 42.581057 42.536513 42.509171 42.492918 42.483559 42.478335 42.475508 42.474023 42.473266 42.472891 42.472711 42.472626 42.472585 42.472564 42.472545 42.472516 42.472459 42.472337 42.472082 42.471562 42.470521 42.468489 42.464612 42.457378 42.444165 42.420502 42.378877 42.306761 42.183258 41.973099 41.615147 40.998296 39.905691 37.870559 33.759664 24.433476 0.000000 
50.000000 47.774203 45.627571 43.630827 41.839316 40.288685 38.993689 37.949946 37.137865 36.527750 36.084983 35.774496 35.564028 35.426061 35.338562 35.284852 35.252926 35.234542 35.224281 35.218727 35.215810 35.214324 35.213588 35.213233 35.213066 35.212987 35.212944 35.212909 35.212855 35.212746 35.212518 35.212041 35.211067 35.209122 35.205332 35.198116 35.184683 35.160223 35.116593 35.040242 34.908883 34.686086 34.312196 33.688486 32.648187 30.901669 27.932198 22.813785 14.014539 0.000000 
50.000000 46.757755 43.630827 40.722242 38.112618 35.853880 33.967524 32.447160 31.264253 30.375542 29.730599 29.278341 28.971774 28.770813 28.643364 28.565132 28.518631 28.491854 28.476908 28.468819 28.464571 28.462406 28.461334 28.460818 28.460574 28.460460 28.460399 28.460349 28.460275 28.460129 28.459821 28.459180 28.457872 28.455267 28.450202 28.440589 28.422764 28.390461 28.333189 28.233740 28.064375 27.781003 27.314254 26.555756 25.337231 23.400363 20.361121 15.698629 8.887196 0.000000 
50.000000 45.845779 41.839316 38.112618 34.768981 31.874936 29.458023 27.510052 25.994460 24.855812 24.029497 23.450058 23.057285 22.799816 22.636533 22.536306 22.476732 22.442427 22.423280 22.412917 22.407475 22.404702 22.403328 22.402667 22.402356 22.402210 22.402133 22.402073 22.401987 22.401818 22.401465 22.400730 22.399235 22.396266 22.390514 22.379639 22.359576 22.323434 22.259833 22.150434 21.966353 21.663116 21.173740 20.399718 19.200480 17.384491 14.712255 10.937648 5.940088 0.000000 
50.000000 45.056422 40.288685 35.853880 31.874936 28.431025 25.554916 23.236862 21.433345 20.078395 19.095119 18.405621 17.938251 17.631887 17.437597 17.318339 17.247454 17.206637 17.183856 17.171526 17.165052 17.161752 17.160118 17.159331 17.158962 17.158788 17.158699 17.158633 17.158542 17.158367 17.158002 17.157245 17.155710 17.152671 17.146807 17.135774 17.115533 17.079319 17.016124 16.908534 16.729798 16.440047 15.981788 15.275289 14.215512 12.674456 10.516649 7.640497 4.058126 0.000000 
50.000000 44.397197 38.993689 33.967524 29.458023 25.554916 22.295341 19.668244 17.624301 16.088737 14.974404 14.193016 13.663365 13.316180 13.096006 12.960862 12.880536 12.834283 12.808469 12.794497 12.787162 12.783422 12.781571 12.780680 12.780262 12.780066 12.779968 12.779899 12.779810 12.779642 12.779294 12.778576 12.777124 12.774260 12.768759 12.758462 12.739685 12.706334 12.648640 12.551443 12.392020 12.137556 11.742649 11.147671 10.279627 9.058305 7.411768 5.305203 2.782050 0.000000 
50.000000 43.865871 37.949946 32.447160 27.510052 23.236862 19.668244 16.792092 14.554398 12.873292 11.653355 10.797926 10.218095 9.838023 9.596997 9.449056 9.361126 9.310495 9.282238 9.266945 9.258915 9.254823 9.252797 9.251822 9.251364 9.251151 9.251047 9.250978 9.250895 9.250744 9.250434 9.249798 9.248515 9.245996 9.241179 9.232211 9.215960 9.187309 9.138174 9.056245 8.923494 8.714650 8.396046 7.925595 7.255074 6.336313 5.132906 3.637749 1.892772 0.000000 
50.000000 43.452474 37.137865 31.264253 25.994460 21.433345 17.624301 14.554398 12.165984 10.371665 9.069585 8.156569 7.537713 7.132065 6.874824 6.716933 6.623091 6.569057 6.538901 6.522580 6.514011 6.509644 6.507482 6.506442 6.505954 6.505728 6.505620 6.505553 6.505479 6.505351 6.505091 6.504559 6.503492 6.501406 6.497434 6.490079 6.476836 6.453655 6.414236 6.349148 6.244879 6.082992 5.839748 5.486745 4.993298 4.331344 3.483250 2.451779 1.269217 0.000000 
50.000000 43.141889 36.527750 30.375542 24.855812 20.078395 16.088737 12.873292 10.371665 8.492310 7.128537 6.172273 5.524110 5.099258 4.829843 4.664482 4.566201 4.509612 4.478031 4.460940 4.451966 4.447392 4.445129 4.444039 4.443529 4.443294 4.443183 4.443119 4.443056 4.442952 4.442745 4.442324 4.441483 4.439845 4.436742 4.431027 4.420798 4.403020 4.373027 4.323954 4.246155 4.126786 3.949798 3.696718 3.348596 2.889459 2.311167 1.618867 0.835127 0.000000 
50.000000 42.916492 36.084983 29.730599 24.029497 19.095119 14.974404 11.653355 9.069585 7.128537 5.720009 4.732372 4.062952 3.624172 3.345928 3.175150 3.073651 3.015211 2.982596 2.964946 2.955679 2.950956 2.948619 2.947494 2.946968 2.946726 2.946614 2.946553 2.946500 2.946419 2.946262 2.945945 2.945314 2.944091 2.941783 2.937555 2.930033 2.917043 2.895293 2.860005 2.804584 2.720437 2.597110 2.422961 2.186585 1.879063 1.496860 1.044741 0.537616 0.000000 
50.000000 42.758434 35.774496 29.278341 23.450058 18.405621 14.193016 10.797926 8.156569 6.172273 4.732372 3.722746 3.038428 2.589888 2.305457 2.130884 2.027131 1.967393 1.934055 1.916014 1.906541 1.901714 1.899325 1.898176 1.897638 1.897392 1.897279 1.897221 1.897177 1.897116 1.897002 1.896774 1.896322 1.895449 1.893810 1.890822 1.885535 1.876462 1.861373 1.837079 1.799246 1.742333 1.659751 1.544376 1.389497 1.190224 0.945152 0.657903 0.337932 0.000000 
50.000000 42.651292 35.564028 28.971774 23.057285 17.938251 13.663365 10.218095 7.537713 5.524110 4.062952 3.038428 2.344018 1.888866 1.600245 1.423102 1.317823 1.257206 1.223379 1.205073 1.195461 1.190563 1.188139 1.186973 1.186428 1.186179 1.186066 1.186011 1.185974 1.185929 1.185849 1.185692 1.185382 1.184785 1.183671 1.181647 1.178086 1.172009 1.161966 1.145909 1.121090 1.084057 1.030786 0.957031 0.858932 0.733851 0.581313 0.403805 0.207127 0.000000 
50.000000 42.581057 35.426061 28.770813 22.799816 17.631887 13.316180 9.838023 7.132065 5.099258 3.624172 2.589888 1.888866 1.429384 1.138019 0.959193 0.852914 0.791722 0.757574 0.739095 0.729393 0.724448 0.722001 0.720824 0.720274 0.720023 0.719910 0.719857 0.719826 0.719794 0.719740 0.719635 0.719431 0.719040 0.718312 0.716996 0.714692 0.710780 0.704353 0.694140 0.678460 0.655230 0.622063 0.576495 0.516354 0.440241 0.348048 0.241378 0.123679 0.000000 
50.000000 42.536513 35.338562 28.643364 22.636533 17.437597 13.096006 9.596997 6.874824 4.829843 3.345928 2.305457 1.600245 1.138019 0.844915 0.665023 0.558111 0.496555 0.462204 0.443615 0.433855 0.428882 0.426420 0.425236 0.424683 0.424431 0.424318 0.424267 0.424240 0.424216 0.424180 0.424114 0.423984 0.423738 0.423280 0.422457 0.421022 0.418598 0.414635 0.408373 0.398816 0.384745 0.364786 0.337544 0.301823 0.256894 0.202776 0.140446 0.071902 0.000000 
50.000000 42.509171 35.284852 28.565132 22.536306 17.318339 12.960862 9.449056 6.716933 4.664482 3.175150 2.130884 1.423102 0.959193 0.665023 0.484477 0.377177 0.315398 0.280923 0.262266 0.252471 0.247480 0.245010 0.243822 0.243266 0.243013 0.242901 0.242851 0.242826 0.242808 0.242785 0.242744 0.242665 0.242515 0.242239 0.241742 0.240881 0.239432 0.237074 0.233367 0.227739 0.219500 0.207877 0.192103 0.171532 0.145792 0.114930 0.079519 0.040682 0.000000 
50.000000 42.492918 35.252926 28.518631 22.476732 17.247454 12.880536 9.361126 6.623091 4.566201 3.073652 2.027131 1.317823 0.852914 0.558111 0.377177 0.269647 0.207736 0.173186 0.154490 0.144674 0.139672 0.137196 0.136006 0.135449 0.135196 0.135084 0.135034 0.135012 0.134998 0.134983 0.134958 0.134911 0.134824 0.134662 0.134373 0.133874 0.133037 0.131682 0.129561 0.126356 0.121686 0.115130 0.106276 0.094783 0.080466 0.063365 0.043804 0.022398 0.000000 
50.000000 42.483559 35.234542 28.491854 22.442427 17.206637 12.834283 9.310495 6.569057 4.509612 3.015211 1.967393 1.257207 0.791723 0.496556 0.315399 0.207736 0.145749 0.111157 0.092438 0.082610 0.077601 0.075123 0.073931 0.073374 0.073120 0.073008 0.072959 0.072937 0.072926 0.072916 0.072901 0.072875 0.072825 0.072734 0.072572 0.072292 0.071825 0.071072 0.069897 0.068130 0.065565 0.061981 0.057160 0.050928 0.043192 0.033982 0.023475 0.011998 0.000000 
50.000000 42.478335 35.224281 28.476908 22.423280 17.183856 12.808469 9.282239 6.538901 4.478031 2.982597 1.934056 1.223379 0.757575 0.462205 0.280924 0.173187 0.111157 0.076542 0.057810 0.047975 0.042964 0.040483 0.039291 0.038733 0.038480 0.038367 0.038319 0.038298 0.038288 0.038281 0.038272 0.038257 0.038230 0.038180 0.038092 0.037940 0.037688 0.037283 0.036653 0.035708 0.034343 0.032442 0.029894 0.026612 0.022551 0.017729 0.012240 0.006253 0.000000 
50.000000 42.475508 35.218727 28.468820 22.412918 17.171527 12.794499 9.266947 6.522582 4.460941 2.964948 1.916016 1.205075 0.739097 0.443617 0.262268 0.154492 0.092439 0.057811 0.039072 0.029234 0.024221 0.021739 0.020546 0.019989 0.019735 0.019623 0.019574 0.019554 0.019544 0.019539 0.019534 0.019526 0.019511 0.019485 0.019439 0.019359 0.019227 0.019016 0.018688 0.018198 0.017493 0.016514 0.015207 0.013527 0.011455 0.009000 0.006210 0.003172 0.000000 
50.000000 42.474024 35.215812 28.464574 22.407478 17.165055 12.787166 9.258920 6.514016 4.451971 2.955684 1.906547 1.195467 0.729398 0.433861 0.252477 0.144679 0.082615 0.047980 0.029237 0.019397 0.014383 0.011901 0.010708 0.010150 0.009897 0.009784 0.009736 0.009715 0.009707 0.009702 0.009699 0.009695 0.009687 0.009674 0.009650 0.009610 0.009543 0.009435 0.009270 0.009024 0.008670 0.008180 0.007528 0.006692 0.005663 0.004447 0.003067 0.001566 0.000000 
50.000000 42.473268 35.214328 28.462412 22.404709 17.161761 12.783433 9.254834 6.509656 4.447405 2.950969 1.901727 1.190577 0.724462 0.428895 0.247493 0.139685 0.077615 0.042976 0.024232 0.014391 0.009376 0.006894 0.005701 0.005143 0.004889 0.004777 0.004729 0.004708 0.004700 0.004696 0.004694 0.004691 0.004688 0.004681 0.004669 0.004649 0.004616 0.004563 0.004482 0.004362 0.004189 0.003950 0.003633 0.003228 0.002730 0.002143 0.001478 0.000754 0.000000 
50.000000 42.472897 35.213598 28.461349 22.403348 17.160141 12.781597 9.252825 6.507512 4.445160 2.948651 1.899358 1.188172 0.722035 0.426454 0.245043 0.137230 0.075156 0.040516 0.021771 0.011930 0.006914 0.004432 0.003239 0.002681 0.002427 0.002315 0.002267 0.002247 0.002238 0.002235 0.002233 0.002232 0.002230 0.002226 0.002221 0.002211 0.002195 0.002169 0.002130 0.002072 0.001989 0.001875 0.001724 0.001531 0.001294 0.001015 0.000700 0.000357 0.000000 
50.000000 42.472724 35.213259 28.460855 22.402714 17.159387 12.780743 9.251890 6.506515 4.444115 2.947573 1.898255 1.187054 0.720906 0.425318 0.243903 0.136088 0.074013 0.039372 0.020626 0.010785 0.005769 0.003287 0.002094 0.001536 0.001282 0.001170 0.001122 0.001102 0.001093 0.001090 0.001088 0.001087 0.001086 0.001085 0.001082 0.001077 0.001069 0.001056 0.001037 0.001008 0.000968 0.000912 0.000838 0.000744 0.000628 0.000493 0.000340 0.000173 0.000000 
50.000000 42.472657 35.213126 28.460662 22.402468 17.159094 12.780411 9.251526 6.506126 4.443709 2.947153 1.897826 1.186618 0.720466 0.424876 0.243460 0.135643 0.073568 0.038927 0.020181 0.010339 0.005324 0.002842 0.001648 0.001090 0.000837 0.000724 0.000676 0.000656 0.000648 0.000644 0.000643 0.000642 0.000641 0.000640 0.000638 0.000636 0.000631 0.000623 0.000612 0.000595 0.000571 0.000537 0.000494 0.000438 0.000370 0.000290 0.000200 0.000102 0.000000 
50.000000 42.472657 35.213126 28.460662 22.402468 17.159094 12.780411 9.251526 6.506126 4.443709 2.947153 1.897826 1.186618 0.720466 0.424876 0.243460 0.135643 0.073568 0.038927 0.020181 0.010339 0.005324 0.002842 0.001648 0.001090 0.000837 0.000724 0.000676 0.000656 0.000648 0.000644 0.000643 0.000642 0.000641 0.000640 0.000638 0.000636 0.000631 0.000623 0.000612 0.000595 0.000571 0.000537 0.000494 0.000438 0.000370 0.000290 0.000200 0.000102 0.000000 
50.000000 42.472724 35.213259 28.460855 22.402714 17.159387 12.780743 9.251890 6.506515 4.444115 2.947573 1.898255 1.187054 0.720906 0.425318 0.243903 0.136088 0.074013 0.039372 0.020626 0.010785 0.005769 0.003287 0.002094 0.001536 0.001282 0.001170 0.001122 0.001102 0.001093 0.001090 0.001088 0.001087 0.001086 0.001085 0.001082 0.001077 0.001069 0.001056 0.001037 0.001008 0.000968 0.000912 0.000838 0.000744 0.000628 0.000493 0.000340 0.000173 0.000000 
50.000000 42.472897 35.213598 28.461349 22.403348 17.160141 12.781597 9.252825 6.507512 4.445160 2.948651 1.899358 1.188172 0.722035 0.426454 0.245043 0.137230 0.075156 0.040516 0.021771 0.011930 0.006914 0.004432 0.003239 0.002681 0.002427 0.002315 0.002267 0.002247 0.002238 0.002235 0.002233 0.002232 0.002230 0.002226 0.002221 0.002211 0.002195 0.002169 0.002130 0.002072 0.001989 0.001875 0.001724 0.001531 0.001294 0.001015 0.000700 0.000357 0.000000 
50.000000 42.473268 35.214328 28.462412 22.404709 17.161761 12.783433 9.254834 6.509656 4.447405 2.950969 1.901727 1.190577 0.724462 0.428895 0.247493 0.139685 0.077615 0.042976 0.024232 0.014391 0.009376 0.006894 0.005701 0.005143 0.004889 0.004777 0.004729 0.004708 0.004700 0.004696 0.004694 0.004691 0.004688 0.004681 0.004669 0.004649 0.004616 0.004563 0.004482 0.004362 0.004189 0.003950 0.003633 0.003228 0.002730 0.002143 0.001478 0.000754 0.000000 
50.000000 42.474024 35.215812 28.464574 22.407478 17.165055 12.787166 9.258920 6.514016 4.451971 2.955684 1.906547 1.195467 0.729398 0.433861 0.252477 0.144679 0.082615 0.047980 0.029237 0.019397 0.014383 0.011901 0.010708 0.010150 0.009897 0.009784 0.009736 0.009715 0.009707 0.009702 0.009699 0.009695 0.009687 0.009674 0.009650 0.009610 0.009543 0.009435 0.009270 0.009024 0.008670 0.008180 0.007528 0.006692 0.005663 0.004447 0.003067 0.001566 0.000000 
50.000000 42.475508 35.218727 28.468820 22.412918 17.171527 12.794499 9.266947 6.522582 4.460941 2.964948 1.916016 1.205075 0.739097 0.443617 0.262268 0.154492 0.092439 0.057811 0.039072 0.029234 0.024221 0.021739 0.020546 0.019989 0.019735 0.019623 0.019574 0.019554 0.019544 0.019539 0.019534 0.019526 0.019511 0.019485 0.019439 0.019359 0.019227 0.019016 0.018688 0.018198 0.017493 0.016514 0.015207 0.013527 0.011455 0.009000 0.006210 0.003172 0.000000 
50.000000 42.478335 35.224281 28.476908 22.423280 17.183856 12.808469 9.282239 6.538901 4.478031 2.982597 1.934056 1.223379 0.757575 0.462205 0.280924 0.173187 0.111157 0.076542 0.057810 0.047975 0.042964 0.040483 0.039291 0.038733 0.038480 0.038367 0.038319 0.038298 0.038288 0.038281 0.038272 0.038257 0.038230 0.038180 0.038092 0.037940 0.037688 0.037283 0.036653 0.035708 0.034343 0.032442 0.029894 0.026612 0.022551 0.017729 0.012240 0.006253 0.000000 
50.000000 42.483559 35.234542 28.491854 22.442427 17.206637 12.834283 9.310495 6.569057 4.509612 3.015211 1.967393 1.257207 0.791723 0.496556 0.315399 0.207736 0.145749 0.111157 0.092438 0.082610 0.077601 0.075123 0.073931 0.073374 0.073120 0.073008 0.072959 0.072937 0.072926 0.072916 0.072901 0.072875 0.072825 0.072734 0.072572 0.072292 0.071825 0.071072 0.069897 0.068130 0.065565 0.061981 0.057160 0.050928 0.043192 0.033982 0.023475 0.011998 0.000000 
50.000000 42.492918 35.252926 28.518631 22.476732 17.247454 12.880536 9.361126 6.623091 4.566201 3.073652 2.027131 1.317823 0.852914 0.558111 0.377177 0.269647 0.207736 0.173186 0.154490 0.144674 0.139672 0.137196 0.136006 0.135449 0.135196 0.135084 0.135034 0.135012 0.134998 0.134983 0.134958 0.134911 0.134824 0.134662 0.134373 0.133874 0.133037 0.131682 0.129561 0.126356 0.121686 0.115130 0.106276 0.094783 0.080466 0.063365 0.043804 0.022398 0.000000 
50.000000 42.509171 35.284852 28.565132 22.536306 17.318339 12.960862 9.449056 6.716933 4.664482 3.175150 2.130884 1.423102 0.959193 0.665023 0.484477 0.377177 0.315398 0.280923 0.262266 0.252471 0.247480 0.245010 0.243822 0.243266 0.243013 0.242901 0.242851 0.242826 0.242808 0.242785 0.242744 0.242665 0.242515 0.242239 0.241742 0.240881 0.239432 0.237074 0.233367 0.227739 0.219500 0.207877 0.192103 0.171532 0.145792 0.114930 0.079519 0.040682 0.000000 
50.000000 42.536513 35.338562 28.643364 22.636533 17.437597 13.096006 9.596997 6.874824 4.829843 3.345928 2.305457 1.600245 1.138019 0.844915 0.665023 0.558111 0.496555 0.462204 0.443615 0.433855 0.428882 0.426420 0.425236 0.424683 0.424431 0.424318 0.424267 0.424240 0.424216 0.424180 0.424114 0.423984 0.423738 0.423280 0.422457 0.421022 0.418598 0.414635 0.408373 0.398816 0.384745 0.364786 0.337544 0.301823 0.256894 0.202776 0.140446 0.071902 0.000000 
50.000000 42.581057 35.426061 28.770813 22.799816 17.631887 13.316180 9.838023 7.132065 5.099258 3.624172 2.589888 1.888866 1.429384 1.138019 0.959193 0.852914 0.791722 0.757574 0.739095 0.729393 0.724448 0.722001 0.720824 0.720274 0.720023 0.719910 0.719857 0.719826 0.719794 0.719740 0.719635 0.719431 0.719040 0.718312 0.716996 0.714692 0.710780 0.704353 0.694140 0.678460 0.655230 0.622063 0.576495 0.516354 0.440241 0.348048 0.241378 0.123679 0.000000 
50.000000 42.651292 35.564028 28.971774 23.057285 17.938251 13.663365 10.218095 7.537713 5.524110 4.062952 3.038428 2.344018 1.888866 1.600245 1.423102 1.317823 1.257206 1.223379 1.205073 1.195461 1.190563 1.188139 1.186973 1.186428 1.186179 1.186066 1.186011 1.185974 1.185929 1.185849 1.185692 1.185382 1.184785 1.183671 1.181647 1.178086 1.172009 1.161966 1.145909 1.121090 1.084057 1.030786 0.957031 0.858932 0.733851 0.581313 0.403805 0.207127 0.000000 
50.000000 42.758434 35.774496 29.278341 23.450058 18.405621 14.193016 10.797926 8.156569 6.172273 4.732372 3.722746 3.038428 2.589888 2.305457 2.130884 2.027131 1.967393 1.934055 1.916014 1.906541 1.901714 1.899325 1.898176 1.897638 1.897392 1.897279 1.897221 1.897177 1.897116 1.897002 1.896774 1.896322 1.895449 1.893810 1.890822 1.885535 1.876462 1.861373 1.837079 1.799246 1.742333 1.659751 1.544376 1.389497 1.190224 0.945152 0.657903 0.337932 0.000000 
50.000000 42.916492 36.084983 29.730599 24.029497 19.095119 14.974404 11.653355 9.069585 7.128537 5.720009 4.732372 4.062952 3.624172 3.345928 3.175150 3.073651 3.015211 2.982596 2.964946 2.955679 2.950956 2.948619 2.947494 2.946968 2.946726 2.946614 2.946553 2.946500 2.946419 2.946262 2.945945 2.945314 2.944091 2.941783 2.937555 2.930033 2.917043 2.895293 2.860005 2.804584 2.720437 2.597110 2.422961 2.186585 1.879063 1.496860 1.044741 0.537616 0.000000 
50.000000 43.141889 36.527750 30.375542 24.855812 20.078395 16.088737 12.873292 10.371665 8.492310 7.128537 6.172273 5.524110 5.099258 4.829843 4.664482 4.566201 4.509612 4.478031 4.460940 4.451966 4.447392 4.445129 4.444039 4.443529 4.443294 4.443183 4.443119 4.443056 4.442952 4.442745 4.442324 4.441483 4.439845 4.436742 4.431027 4.420798 4.403020 4.373027 4.323954 4.246155 4.126786 3.949798 3.696718 3.348596 2.889459 2.311167 1.618867 0.835127 0.000000 
50.000000 43.452474 37.137865 31.264253 25.994460 21.433345 17.624301 14.554398 12.165984 10.371665 9.069585 8.156569 7.537713 7.132065 6.874824 6.716933 6.623091 6.569057 6.538901 6.522580 6.514011 6.509644 6.507482 6.506442 6.505954 6.505728 6.505620 6.505553 6.505479 6.505351 6.505091 6.504559 6.503492 6.501406 6.497434 6.490079 6.476836 6.453655 6.414236 6.349148 6.244879 6.082992 5.839748 5.486745 4.993298 4.331344 3.483250 2.451779 1.269217 0.000000 
50.000000 43.865871 37.949946 32.447160 27.510052 23.236862 19.668244 16.792092 14.554398 12.873292 11.653355 10.797926 10.218095 9.838023 9.596997 9.449056 9.361126 9.310495 9.282238 9.266945 9.258915 9.254823 9.252797 9.251822 9.251364 9.251151 9.251047 9.250978 9.250895 9.250744 9.250434 9.249798 9.248515 9.245996 9.241179 9.232211 9.215960 9.187309 9.138174 9.056245 8.923494 8.714650 8.396046 7.925595 7.255074 6.336313 5.132906 3.637749 1.892772 0.000000 
50.000000 44.397197 38.993689 33.967524 29.458023 25.554916 22.295341 19.668244 17.624301 16.088737 14.974404 14.193016 13.663365 13.316180 13.096006 12.960862 12.880536 12.834283 12.808469 12.794497 12.787162 12.783422 12.781571 12.780680 12.780262 12.780066 12.779968 12.779899 12.779810 12.779642 12.779294 12.778576 12.777124 12.774260 12.768759 12.758462 12.739685 12.706334 12.648640 12.551443 12.392020 12.137556 11.742649 11.147671 10.279627 9.058305 7.411768 5.305203 2.782050 0.000000 
50.000000 45.056422 40.288685 35.853880 31.874936 28.431025 25.554916 23.236862 21.433345 20.078395 19.095119 18.405621 17.938251 17.631887 17.437597 17.318339 17.247454 17.206637 17.183856 17.171526 17.165052 17.161752 17.160118 17.159331 17.158962 17.158788 17.158699 17.158633 17.158542 17.158367 17.158002 17.157245 17.155710 17.152671 17.146807 17.135774 17.115533 17.079319 17.016124 16.908534 16.729798 16.440047 15.981788 15.275289 14.215512 12.674456 10.516649 7.640497 4.058126 0.000000 
50.000000 45.845779 41.839316 38.112618 34.768981 31.874936 29.458023 27.510052 25.994460 24.855812 24.029497 23.450058 23.057285 22.799816 22.636533 22.536306 22.476732 22.442427 22.423280 22.412917 22.407475 22.404702 22.403328 22.402667 22.402356 22.402210 22.402133 22.402073 22.401987 22.401818 22.401465 22.400730 22.399235 22.396266 22.390514 22.379639 22.359576 22.323434 22.259833 22.150434 21.966353 21.663116 21.173740 20.399718 19.200480 17.384491 14.712255 10.937648 5.940088 0.000000 
50.000000 46.757755 43.630827 40.722242 38.112618 35.853880 33.967524 32.447160 31.264253 30.375542 29.730599 29.278341 28.971774 28.770813 28.643364 28.565132 28.518631 28.491854 28.476908 28.468819 28.464571 28.462406 28.461334 28.460818 28.460574 28.460460 28.460399 28.460349 28.460275 28.460129 28.459821 28.459180 28.457872 28.455267 28.450202 28.440589 28.422764 28.390461 28.333189 28.233740 28.064375 27.781003 27.314254 26.555756 25.337231 23.400363 20.361121 15.698629 8.887196 0.000000 
50.000000 47.774203 45.627571 43.630827 41.839316 40.288685 38.993689 37.949946 37.137865 36.527750 36.084983 35.774496 35.564028 35.426061 35.338562 35.284852 35.252926 35.234542 35.224281 35.218727 35.215810 35.214324 35.213588 35.213233 35.213066 35.212987 35.212944 35.212909 35.212855 35.212746 35.212518 35.212041 35.211067 35.209122 35.205332 35.198116 35.184683 35.160223 35.116593 35.040242 34.908883 34.686086 34.312196 33.688486 32.648187 30.901669 27.932198 22.813785 14.014539 0.000000 
50.000000 48.866953 47.774203 46.757755 45.845779 45.056422 44.397197 43.865871 43.452474 43.141889 42.916492 42.758434 42.651292 42.581057 42.536513 42.509171 42.492918 42.483559 42.478335 42.475508 42.474023 42.473266 42.472891 42.472711 42.472626 42.472585 42.472564 42.472545 42.472516 42.472459 42.472337 42.472082 42.471562 42.470521 42.468489 42.464612 42.457378 42.444165 42.420502 42.378877 42.306761 42.183258 41.973099 41.615147 40.998296 39.905691 37.870559 33.759664 24.433476 0.000000 
50.000000 50.000000 50.000000 50.000000 50.000000 50.000000 50.000000 50.000000 50.000000 50.000000 50.000000 50.000000 50.000000 50.000000 50.000000 50.000000 50.000000 50.000000 50.000000 50.000000 50.000000 50.000000 50.000000 50.000000 50.000000 50.000000 50.000000 50.000000 50.000000 50.000000 50.000000 50.000000 50.000000 50.000000 50.000000 50.000000 50.000000 50.000000 50.000000 50.000000 50.000000 50.000000 50.000000 50.000000 50.000000 50.000000 50.000000 50.000000 50.000000 50.000000 
