50.000000 50.000000 50.000000 50.000000 50.000000 50.000000 50.000000 50.000000 50.000000 50.000000 50.000000 50.000000 50.000000 50.000000 50.000000 50.000000 50.000000 50.000000 50.000000 50.000000 50.000000 50.000000 50.000000 50.000000 50.000000 50.000000 50.000000 50.000000 50.000000 50.000000 50.000000 50.000000 50.000000 50.000000 50.000000 50.000000 50.000000 50.000000 50.000000 50.000000 50.000000 50.000000 50.000000 50.000000 50.000000 50.000000 50.000000 50.000000 50.000000 50.000000 
50.000000 49.038709 48.106429 47.229546 46.429592 45.721724 45.114078 44.607998 44.198994 43.878179 43.633898 43.453292 43.323609 43.233148 43.171830 43.131430 43.105549 43.089424 43.079648 43.073881 43.070568 43.068715 43.067704 43.067166 43.066884 43.066735 43.066648 43.066576 43.066481 43.066315 43.066001 43.065402 43.064277 43.062204 43.058455 43.051806 43.040228 43.020404 42.986985 42.931399 42.839918 42.690388 42.446351 42.045694 41.376739 40.222608 38.117183 33.928598 24.519354 0.000000 
50.000000 48.106429 46.270004 44.542703 42.966940 41.572572 40.375623 39.378742 38.573083 37.941141 37.459957 37.104202 36.848753 36.670565 36.549783 36.470205 36.419226 36.387463 36.368208 36.356848 36.350323 36.346672 36.344681 36.343621 36.343066 36.342774 36.342603 36.342464 36.342283 36.341969 36.341375 36.340243 36.338119 36.334210 36.327155 36.314666 36.292970 36.255938 36.193755 36.090854 35.922669 35.650380 35.212066 34.507152 33.367776 31.504268 28.401139 23.135002 14.177830 0.000000 
50.000000 47.229546 44.542703 42.015519 39.710051 37.669982 35.918757 34.460250 33.281518 32.356949 31.652950 31.132463 30.758732 30.498036 30.321330 30.204905 30.130323 30.083853 30.055683 30.039064 30.029517 30.024177 30.021264 30.019714 30.018903 30.018477 30.018229 30.018033 30.017783 30.017351 30.016538 30.014992 30.012098 30.006782 29.997213 29.980327 29.951103 29.901458 29.818594 29.682526 29.462371 29.110742 28.555145 27.684662 26.329507 24.231311 21.007759 16.141564 9.112362 0.000000 
50.000000 46.429592 42.966940 39.710051 36.738903 34.109791 31.852930 29.973310 28.454252 27.262744 26.355493 25.684740 25.203115 24.867161 24.639443 24.489411 24.393300 24.333417 24.297117 24.275700 24.263399 24.256517 24.252765 24.250767 24.249724 24.249176 24.248863 24.248621 24.248322 24.247813 24.246859 24.245051 24.241674 24.235489 24.224393 24.204893 24.171309 24.114602 24.020655 23.867834 23.623533 23.239371 22.644661 21.737883 20.376678 18.369451 15.478740 11.462672 6.206983 0.000000 
50.000000 45.721724 41.572572 37.669982 34.109791 30.959455 28.255179 26.002941 24.182752 22.755053 21.667967 20.864262 20.287177 19.884639 19.611791 19.432027 19.316871 19.245122 19.201629 19.175970 19.161232 19.152987 19.148491 19.146099 19.144851 19.144198 19.143830 19.143556 19.143230 19.142686 19.141673 19.139760 19.136200 19.129701 19.118089 19.097777 19.062994 19.004662 18.908833 18.754554 18.511069 18.134314 17.562817 16.713608 15.479727 13.733112 11.340475 8.204796 4.344986 0.000000 
50.000000 45.114078 40.375623 35.918757 31.852930 28.255179 25.166851 22.594770 20.516105 18.885677 17.644235 16.726420 16.067406 15.607723 15.296145 15.090866 14.959366 14.877436 14.827771 14.798472 14.781643 14.772228 14.767096 14.764365 14.762941 14.762201 14.761790 14.761496 14.761164 14.760623 14.759625 14.757751 14.754274 14.747952 14.736706 14.717138 14.683833 14.628388 14.538100 14.394274 14.170191 13.828852 13.320883 12.583426 11.541572 10.115047 8.234095 5.868471 3.068385 0.000000 
50.000000 44.607998 39.378742 34.460250 29.973310 26.002941 22.594770 19.756325 17.462408 15.663156 14.293179 13.280344 12.553110 12.045846 11.702021 11.475499 11.330392 11.239985 11.185184 11.152854 11.134285 11.123897 11.118234 11.115222 11.113654 11.112841 11.112398 11.112096 11.111774 11.111267 11.110344 11.108618 11.105431 11.099660 11.089441 11.071757 11.041850 10.992434 10.912668 10.786925 10.593426 10.302969 9.878162 9.273887 8.440124 7.328649 5.905105 4.166676 2.161648 0.000000 
50.000000 44.198994 38.573083 33.281518 28.454252 24.182752 20.516105 17.462408 14.994549 13.058875 11.585037 10.495425 9.713071 9.167365 8.797487 8.553803 8.397705 8.300452 8.241501 8.206723 8.186748 8.175575 8.169484 8.166245 8.164560 8.163692 8.163226 8.162924 8.162623 8.162171 8.161361 8.159857 8.157090 8.152102 8.143314 8.128188 8.102772 8.061085 7.994371 7.890246 7.731859 7.497274 7.159439 6.687254 6.048438 5.214881 4.170777 2.922704 1.508606 0.000000 
50.000000 43.878179 37.941141 32.356949 27.262744 22.755053 18.885677 15.663156 13.058875 11.016213 9.460923 8.311104 7.485527 6.909677 6.519373 6.262234 6.097519 5.994898 5.932694 5.895998 5.874922 5.863133 5.856707 5.853291 5.851515 5.850604 5.850123 5.849826 5.849554 5.849167 5.848489 5.847239 5.844952 5.840847 5.833650 5.821331 5.800760 5.767259 5.714083 5.631858 5.508106 5.327017 5.069730 4.715485 4.243984 3.639211 2.894578 2.018472 1.038261 0.000000 
50.000000 43.633898 37.459957 31.652950 26.355493 21.667967 17.644235 14.293179 11.585037 9.460923 7.843627 6.647976 5.789498 5.190705 4.784854 4.517475 4.346202 4.239497 4.174818 4.136663 4.114749 4.102491 4.095810 4.092259 4.090415 4.089472 4.088982 4.088694 4.088452 4.088133 4.087587 4.086594 4.084786 4.081556 4.075918 4.066321 4.050391 4.024624 3.984036 3.921814 3.829065 3.694791 3.506254 3.249962 2.913413 2.487659 1.970424 1.369103 0.702499 0.000000 
50.000000 43.453292 37.104202 31.132463 25.684740 20.864262 16.726420 13.280344 10.495425 8.311104 6.647976 5.418449 4.535656 3.919907 3.502567 3.227621 3.051503 2.941781 2.875273 2.836040 2.813507 2.800903 2.794034 2.790384 2.788490 2.787524 2.787029 2.786750 2.786538 2.786281 2.785859 2.785101 2.783729 2.781290 2.777053 2.769877 2.758033 2.738998 2.709225 2.663940 2.597021 2.501054 2.367676 2.188321 1.955429 1.664086 1.313869 0.910447 0.466307 0.000000 
50.000000 43.323609 36.848753 30.758732 25.203115 20.287177 16.067406 12.553110 9.713071 7.485527 5.789498 4.535656 3.635408 3.007490 2.581905 2.301530 2.121935 2.010047 1.942228 1.902221 1.879244 1.866392 1.859388 1.855667 1.853738 1.852756 1.852258 1.851989 1.851803 1.851599 1.851284 1.850726 1.849725 1.847953 1.844889 1.839725 1.831248 1.817704 1.796658 1.764874 1.718268 1.651986 1.560676 1.439018 1.282515 1.088514 0.857274 0.592815 0.303205 0.000000 
50.000000 43.233148 36.670565 30.498036 24.867161 19.884639 15.607723 12.045846 9.167365 6.909678 5.190705 3.919907 3.007490 2.371088 1.939754 1.655594 1.473576 1.360179 1.291446 1.250900 1.227614 1.214589 1.207491 1.203721 1.201766 1.200774 1.200275 1.200014 1.199849 1.199690 1.199460 1.199064 1.198359 1.197118 1.194981 1.191398 1.185544 1.176243 1.161874 1.140314 1.108918 1.064593 1.003996 0.923890 0.821645 0.695851 0.546934 0.377595 0.192920 0.000000 
50.000000 43.171830 36.549783 30.321330 24.639443 19.611791 15.296146 11.702021 8.797487 6.519373 4.784854 3.502567 2.581905 1.939754 1.504527 1.217802 1.034143 0.919725 0.850373 0.809462 0.785966 0.772824 0.765663 0.761859 0.759888 0.758889 0.758390 0.758136 0.757987 0.757862 0.757697 0.757424 0.756945 0.756105 0.754667 0.752264 0.748357 0.742180 0.732690 0.718533 0.698042 0.669299 0.630265 0.579008 0.514015 0.434550 0.341003 0.235117 0.120024 0.000000 
50.000000 43.131430 36.470205 30.204905 24.489411 19.432027 15.090866 11.475499 8.553804 6.262235 4.517475 3.227622 2.301530 1.655594 1.217803 0.929391 0.744651 0.629559 0.559800 0.518649 0.495016 0.481797 0.474594 0.470768 0.468786 0.467783 0.467284 0.467035 0.466898 0.466798 0.466682 0.466499 0.466183 0.465633 0.464696 0.463137 0.460613 0.456642 0.450569 0.441557 0.428585 0.410490 0.386058 0.354160 0.313939 0.265018 0.207693 0.143051 0.072975 0.000000 
50.000000 43.105550 36.419226 30.130323 24.393301 19.316871 14.959367 11.330393 8.397706 6.097520 4.346204 3.051505 2.121936 1.473577 1.034144 0.744652 0.559220 0.443699 0.373679 0.332374 0.308652 0.295384 0.288154 0.284315 0.282326 0.281320 0.280822 0.280576 0.280448 0.280366 0.280283 0.280163 0.279960 0.279612 0.279021 0.278041 0.276461 0.273985 0.270216 0.264649 0.256674 0.245605 0.230734 0.211415 0.187171 0.157812 0.123541 0.085017 0.043346 0.000000 
50.000000 43.089424 36.387464 30.083854 24.333419 19.245124 14.877438 11.239988 8.300454 5.994901 4.239500 2.941783 2.010050 1.360182 0.919727 0.629562 0.443700 0.327911 0.257728 0.216328 0.192551 0.179253 0.172006 0.168158 0.166165 0.165158 0.164660 0.164417 0.164295 0.164224 0.164164 0.164086 0.163960 0.163745 0.163383 0.162786 0.161826 0.160328 0.158058 0.154717 0.149952 0.143367 0.134559 0.123166 0.108926 0.091746 0.071757 0.049345 0.025147 0.000000 
50.000000 43.079650 36.368210 30.055686 24.297121 19.201634 14.827777 11.185190 8.241507 5.932701 4.174825 2.875280 1.942236 1.291453 0.850380 0.559807 0.373685 0.257733 0.187452 0.145994 0.122184 0.108867 0.101611 0.097757 0.095761 0.094753 0.094256 0.094014 0.093896 0.093833 0.093788 0.093737 0.093660 0.093532 0.093316 0.092963 0.092397 0.091517 0.090187 0.088238 0.085469 0.081657 0.076577 0.070031 0.061878 0.052074 0.040697 0.027969 0.014248 0.000000 
50.000000 43.073884 36.356853 30.039071 24.275710 19.175981 14.798484 11.152868 8.206738 5.896014 4.136679 2.836056 1.902238 1.250917 0.809479 0.518666 0.332390 0.216342 0.146004 0.104512 0.080682 0.067355 0.060092 0.056235 0.054238 0.053230 0.052732 0.052492 0.052376 0.052318 0.052282 0.052248 0.052202 0.052127 0.052002 0.051799 0.051474 0.050971 0.050214 0.049108 0.047541 0.045392 0.042538 0.038872 0.034320 0.028860 0.022540 0.015483 0.007885 0.000000 
50.000000 43.070574 36.350334 30.029534 24.263421 19.161258 14.781672 11.134317 8.186783 5.874958 4.114786 2.813545 1.879283 1.227653 0.786006 0.495055 0.308691 0.192589 0.122217 0.080705 0.056865 0.043531 0.036265 0.032406 0.030409 0.029400 0.028902 0.028663 0.028548 0.028493 0.028463 0.028439 0.028411 0.028368 0.028298 0.028184 0.028003 0.027723 0.027303 0.026691 0.025827 0.024646 0.023082 0.021079 0.018598 0.015629 0.012200 0.008376 0.004265 0.000000 
50.000000 43.068728 36.346698 30.024215 24.256566 19.153046 14.772295 11.123970 8.175653 5.863215 4.102576 2.800990 1.866481 1.214679 0.772915 0.481888 0.295474 0.179342 0.108952 0.067429 0.043582 0.030245 0.022977 0.019117 0.017119 0.016110 0.015613 0.015373 0.015260 0.015206 0.015179 0.015162 0.015145 0.015120 0.015081 0.015019 0.014920 0.014768 0.014540 0.014209 0.013744 0.013108 0.012270 0.011198 0.009874 0.008293 0.006471 0.004441 0.002260 0.000000 
50.000000 43.067734 36.344740 30.021350 24.252874 19.148622 14.767244 11.118397 8.169659 5.856890 4.096000 2.794228 1.859586 1.207691 0.765864 0.474796 0.288356 0.172207 0.101807 0.060278 0.036429 0.023089 0.015820 0.011960 0.009962 0.008953 0.008455 0.008216 0.008103 0.008051 0.008025 0.008011 0.008000 0.007986 0.007965 0.007931 0.007877 0.007795 0.007673 0.007496 0.007248 0.006909 0.006464 0.005896 0.005196 0.004362 0.003402 0.002334 0.001188 0.000000 
50.000000 43.067231 36.343748 30.019900 24.251006 19.146384 14.764688 11.115577 8.166625 5.853690 4.092672 2.790807 1.856097 1.204155 0.762297 0.471207 0.284755 0.168597 0.098192 0.056661 0.032809 0.019468 0.012199 0.008339 0.006340 0.005331 0.004834 0.004595 0.004482 0.004430 0.004406 0.004393 0.004385 0.004376 0.004364 0.004345 0.004315 0.004269 0.004201 0.004103 0.003966 0.003779 0.003534 0.003222 0.002838 0.002381 0.001856 0.001273 0.000648 0.000000 
50.000000 43.067022 36.343337 30.019299 24.250231 19.145456 14.763628 11.114408 8.165367 5.852363 4.091292 2.789388 1.854651 1.202689 0.760818 0.469720 0.283261 0.167100 0.096693 0.055160 0.031308 0.017967 0.010698 0.006837 0.004839 0.003829 0.003332 0.003093 0.002981 0.002929 0.002905 0.002893 0.002886 0.002880 0.002871 0.002859 0.002839 0.002808 0.002763 0.002697 0.002606 0.002483 0.002321 0.002115 0.001862 0.001562 0.001217 0.000835 0.000425 0.000000 
50.000000 43.067022 36.343337 30.019299 24.250231 19.145456 14.763628 11.114408 8.165367 5.852363 4.091292 2.789388 1.854651 1.202689 0.760818 0.469720 0.283261 0.167100 0.096693 0.055160 0.031308 0.017967 0.010698 0.006837 0.004839 0.003829 0.003332 0.003093 0.002981 0.002929 0.002905 0.002893 0.002886 0.002880 0.002871 0.002859 0.002839 0.002808 0.002763 0.002697 0.002606 0.002483 0.002321 0.002115 0.001862 0.001562 0.001217 0.000835 0.000425 0.000000 
50.000000 43.067231 36.343748 30.019900 24.251006 19.146384 14.764688 11.115577 8.166625 5.853690 4.092672 2.790807 1.856097 1.204155 0.762297 0.471207 0.284755 0.168597 0.098192 0.056661 0.032809 0.019468 0.012199 0.008339 0.006340 0.005331 0.004834 0.004595 0.004482 0.004430 0.004406 0.004393 0.004385 0.004376 0.004364 0.004345 0.004315 0.004269 0.004201 0.004103 0.003966 0.003779 0.003534 0.003222 0.002838 0.002381 0.001856 0.001273 0.000648 0.000000 
50.000000 43.067734 36.344740 30.021350 24.252874 19.148622 14.767244 11.118397 8.169659 5.856890 4.096000 2.794228 1.859586 1.207691 0.765864 0.474796 0.288356 0.172207 0.101807 0.060278 0.036429 0.023089 0.015820 0.011960 0.009962 0.008953 0.008455 0.008216 0.008103 0.008051 0.008025 0.008011 0.008000 0.007986 0.007965 0.007931 0.007877 0.007795 0.007673 0.007496 0.007248 0.006909 0.006464 0.005896 0.005196 0.004362 0.003402 0.002334 0.001188 0.000000 
50.000000 43.068728 36.346698 30.024215 24.256566 19.153046 14.772295 11.123970 8.175653 5.863215 4.102576 2.800990 1.866481 1.214679 0.772915 0.481888 0.295474 0.179342 0.108952 0.067429 0.043582 0.030245 0.022977 0.019117 0.017119 0.016110 0.015613 0.015373 0.015260 0.015206 0.015179 0.015162 0.015145 0.015120 0.015081 0.015019 0.014920 0.014768 0.014540 0.014209 0.013744 0.013108 0.012270 0.011198 0.009874 0.008293 0.006471 0.004441 0.002260 0.000000 
50.000000 43.070574 36.350334 30.029534 24.263421 19.161258 14.781672 11.134317 8.186783 5.874958 4.114786 2.813545 1.879283 1.227653 0.786006 0.495055 0.308691 0.192589 0.122217 0.080705 0.056865 0.043531 0.036265 0.032406 0.030409 0.029400 0.028902 0.028663 0.028548 0.028493 0.028463 0.028439 0.028411 0.028368 0.028298 0.028184 0.028003 0.027723 0.027303 0.026691 0.025827 0.024646 0.023082 0.021079 0.018598 0.015629 0.012200 0.008376 0.004265 0.000000 
50.000000 43.073884 36.356853 30.039071 24.275710 19.175981 14.798484 11.152868 8.206738 5.896014 4.136679 2.836056 1.902238 1.250917 0.809479 0.518666 0.332390 0.216342 0.146004 0.104512 0.080682 0.067355 0.060092 0.056235 0.054238 0.053230 0.052732 0.052492 0.052376 0.052318 0.052282 0.052248 0.052202 0.052127 0.052002 0.051799 0.051474 0.050971 0.050214 0.049108 0.047541 0.045392 0.042538 0.038872 0.034320 0.028860 0.022540 0.015483 0.007885 0.000000 
50.000000 43.079650 36.368210 30.055686 24.297121 19.201634 14.827777 11.185190 8.241507 5.932701 4.174825 2.875280 1.942236 1.291453 0.850380 0.559807 0.373685 0.257733 0.187452 0.145994 0.122184 0.108867 0.101611 0.097757 0.095761 0.094753 0.094256 0.094014 0.093896 0.093833 0.093788 0.093737 0.093660 0.093532 0.093316 0.092963 0.092397 0.091517 0.090187 0.088238 0.085469 0.081657 0.076577 0.070031 0.061878 0.052074 0.040697 0.027969 0.014248 0.000000 
50.000000 43.089424 36.387464 30.083854 24.333419 19.245124 14.877438 11.239988 8.300454 5.994901 4.239500 2.941783 2.010050 1.360182 0.919727 0.629562 0.443700 0.327911 0.257728 0.216328 0.192551 0.179253 0.172006 0.168158 0.166165 0.165158 0.164660 0.164417 0.164295 0.164224 0.164164 0.164086 0.163960 0.163745 0.163383 0.162786 0.161826 0.160328 0.158058 0.154717 0.149952 0.143367 0.134559 0.123166 0.108926 0.091746 0.071757 0.049345 0.025147 0.000000 
50.000000 43.105550 36.419226 30.130323 24.393301 19.316871 14.959367 11.330393 8.397706 6.097520 4.346204 3.051505 2.121936 1.473577 1.034144 0.744652 0.559220 0.443699 0.373679 0.332374 0.308652 0.295384 0.288154 0.284315 0.282326 0.281320 0.280822 0.280576 0.280448 0.280366 0.280283 0.280163 0.279960 0.279612 0.279021 0.278041 0.276461 0.273985 0.270216 0.264649 0.256674 0.245605 0.230734 0.211415 0.187171 0.157812 0.123541 0.085017 0.043346 0.000000 
50.000000 43.131430 36.470205 30.204905 24.489411 19.432027 15.090866 11.475499 8.553804 6.262235 4.517475 3.227622 2.301530 1.655594 1.217803 0.929391 0.744651 0.629559 0.559800 0.518649 0.495016 0.481797 0.474594 0.470768 0.468786 0.467783 0.467284 0.467035 0.466898 0.466798 0.466682 0.466499 0.466183 0.465633 0.464696 0.463137 0.460613 0.456642 0.450569 0.441557 0.428585 0.410490 0.386058 0.354160 0.313939 0.265018 0.207693 0.143051 0.072975 0.000000 
50.000000 43.171830 36.549783 30.321330 24.639443 19.611791 15.296146 11.702021 8.797487 6.519373 4.784854 3.502567 2.581905 1.939754 1.504527 1.217802 1.034143 0.919725 0.850373 0.809462 0.785966 0.772824 0.765663 0.761859 0.759888 0.758889 0.758390 0.758136 0.757987 0.757862 0.757697 0.757424 0.756945 0.756105 0.754667 0.752264 0.748357 0.742180 0.732690 0.718533 0.698042 0.669299 0.630265 0.579008 0.514015 0.434550 0.341003 0.235117 0.120024 0.000000 
50.000000 43.233148 36.670565 30.498036 24.867161 19.884639 15.607723 12.045846 9.167365 6.909678 5.190705 3.919907 3.007490 2.371088 1.939754 1.655594 1.473576 1.360179 1.291446 1.250900 1.227614 1.214589 1.207491 1.203721 1.201766 1.200774 1.200275 1.200014 1.199849 1.199690 1.199460 1.199064 1.198359 1.197118 1.194981 1.191398 1.185544 1.176243 1.161874 1.140314 1.108918 1.064593 1.003996 0.923890 0.821645 0.695851 0.546934 0.377595 0.192920 0.000000 
50.000000 43.323609 36.848753 30.758732 25.203115 20.287177 16.067406 12.553110 9.713071 7.485527 5.789498 4.535656 3.635408 3.007490 2.581905 2.301530 2.121935 2.010047 1.942228 1.902221 1.879244 1.866392 1.859388 1.855667 1.853738 1.852756 1.852258 1.851989 1.851803 1.851599 1.851284 1.850726 1.849725 1.847953 1.844889 1.839725 1.831248 1.817704 1.796658 1.764874 1.718268 1.651986 1.560676 1.439018 1.282515 1.088514 0.857274 0.592815 0.303205 0.000000 
50.000000 43.453292 37.104202 31.132463 25.684740 20.864262 16.726420 13.280344 10.495425 8.311104 6.647976 5.418449 4.535656 3.919907 3.502567 3.227621 3.051503 2.941781 2.875273 2.836040 2.813507 2.800903 2.794034 2.790384 2.788490 2.787524 2.787029 2.786750 2.786538 2.786281 2.785859 2.785101 2.783729 2.781290 2.777053 2.769877 2.758033 2.738998 2.709225 2.663940 2.597021 2.501054 2.367676 2.188321 1.955429 1.664086 1.313869 0.910447 0.466307 0.000000 
50.000000 43.633898 37.459957 31.652950 26.355493 21.667967 17.644235 14.293179 11.585037 9.460923 7.843627 6.647976 5.789498 5.190705 4.784854 4.517475 4.346202 4.239497 4.174818 4.136663 4.114749 4.102491 4.095810 4.092259 4.090415 4.089472 4.088982 4.088694 4.088452 4.088133 4.087587 4.086594 4.084786 4.081556 4.075918 4.066321 4.050391 4.024624 3.984036 3.921814 3.829065 3.694791 3.506254 3.249962 2.913413 2.487659 1.970424 1.369103 0.702499 0.000000 
50.000000 43.878179 37.941141 32.356949 27.262744 22.755053 18.885677 15.663156 13.058875 11.016213 9.460923 8.311104 7.485527 6.909677 6.519373 6.262234 6.097519 5.994898 5.932694 5.895998 5.874922 5.863133 5.856707 5.853291 5.851515 5.850604 5.850123 5.849826 5.849554 5.849167 5.848489 5.847239 5.844952 5.840847 5.833650 5.821331 5.800760 5.767259 5.714083 5.631858 5.508106 5.327017 5.069730 4.715485 4.243984 3.639211 2.894578 2.018472 1.038261 0.000000 
50.000000 44.198994 38.573083 33.281518 28.454252 24.182752 20.516105 17.462408 14.994549 13.058875 11.585037 10.495425 9.713071 9.167365 8.797487 8.553803 8.397705 8.300452 8.241501 8.206723 8.186748 8.175575 8.169484 8.166245 8.164560 8.163692 8.163226 8.162924 8.162623 8.162171 8.161361 8.159857 8.157090 8.152102 8.143314 8.128188 8.102772 8.061085 7.994371 7.890246 7.731859 7.497274 7.159439 6.687254 6.048438 5.214881 4.170777 2.922704 1.508606 0.000000 
50.000000 44.607998 39.378742 34.460250 29.973310 26.002941 22.594770 19.756325 17.462408 15.663156 14.293179 13.280344 12.553110 12.045846 11.702021 11.475499 11.330392 11.239985 11.185184 11.152854 11.134285 11.123897 11.118234 11.115222 11.113654 11.112841 11.112398 11.112096 11.111774 11.111267 11.110344 11.108618 11.105431 11.099660 11.089441 11.071757 11.041850 10.992434 10.912668 10.786925 10.593426 10.302969 9.878162 9.273887 8.440124 7.328649 5.905105 4.166676 2.161648 0.000000 
50.000000 45.114078 40.375623 35.918757 31.852930 28.255179 25.166851 22.594770 20.516105 18.885677 17.644235 16.726420 16.067406 15.607723 15.296145 15.090866 14.959366 14.877436 14.827771 14.798472 14.781643 14.772228 14.767096 14.764365 14.762941 14.762201 14.761790 14.761496 14.761164 14.760623 14.759625 14.757751 14.754274 14.747952 14.736706 14.717138 14.683833 14.628388 14.538100 14.394274 14.170191 13.828852 13.320883 12.583426 11.541572 10.115047 8.234095 5.868471 3.068385 0.000000 
50.000000 45.721724 41.572572 37.669982 34.109791 30.959455 28.255179 26.002941 24.182752 22.755053 21.667967 20.864262 20.287177 19.884639 19.611791 19.432027 19.316871 19.245122 19.201629 19.175970 19.161232 19.152987 19.148491 19.146099 19.144851 19.144198 19.143830 19.143556 19.143230 19.142686 19.141673 19.139760 19.136200 19.129701 19.118089 19.097777 19.062994 19.004662 18.908833 18.754554 18.511069 18.134314 17.562817 16.713608 15.479727 13.733112 11.340475 8.204796 4.344986 0.000000 
50.000000 46.429592 42.966940 39.710051 36.738903 34.109791 31.852930 29.973310 28.454252 27.262744 26.355493 25.684740 25.203115 24.867161 24.639443 24.489411 24.393300 24.333417 24.297117 24.275700 24.263399 24.256517 24.252765 24.250767 24.249724 24.249176 24.248863 24.248621 24.248322 24.247813 24.246859 24.245051 24.241674 24.235489 24.224393 24.204893 24.171309 24.114602 24.020655 23.867834 23.623533 23.239371 22.644661 21.737883 20.376678 18.369451 15.478740 11.462672 6.206983 0.000000 
50.000000 47.229546 44.542703 42.015519 39.710051 37.669982 35.918757 34.460250 33.281518 32.356949 31.652950 31.132463 30.758732 30.498036 30.321330 30.204905 30.130323 30.083853 30.055683 30.039064 30.029517 30.024177 30.021264 30.019714 30.018903 30.018477 30.018229 30.018033 30.017783 30.017351 30.016538 30.014992 30.012098 30.006782 29.997213 29.980327 29.951103 29.901458 29.818594 29.682526 29.462371 29.110742 28.555145 27.684662 26.329507 24.231311 21.007759 16.141564 9.112362 0.000000 
50.000000 48.106429 46.270004 44.542703 42.966940 41.572572 40.375623 39.378742 38.573083 37.941141 37.459957 37.104202 36.848753 36.670565 36.549783 36.470205 36.419226 36.387463 36.368208 36.356848 36.350323 36.346672 36.344681 36.343621 36.343066 36.342774 36.342603 36.342464 36.342283 36.341969 36.341375 36.340243 36.338119 36.334210 36.327155 36.314666 36.292970 36.255938 36.193755 36.090854 35.922669 35.650380 35.212066 34.507152 33.367776 31.504268 28.401139 23.135002 14.177830 0.000000 
50.000000 49.038709 48.106429 47.229546 46.429592 45.721724 45.114078 44.607998 44.198994 43.878179 43.633898 43.453292 43.323609 43.233148 43.171830 43.131430 43.105549 43.089424 43.079648 43.073881 43.070568 43.068715 43.067704 43.067166 43.066884 43.066735 43.066648 43.066576 43.066481 43.066315 43.066001 43.065402 43.064277 43.062204 43.058455 43.051806 43.040228 43.020404 42.986985 42.931399 42.839918 42.690388 42.446351 42.045694 41.376739 40.222608 38.117183 33.928598 24.519354 0.000000 
50.000000 50.000000 50.000000 50.000000 50.000000 50.000000 50.000000 50.000000 50.000000 50.000000 50.000000 50.000000 50.000000 50.000000 50.000000 50.000000 50.000000 50.000000 50.000000 50.000000 50.000000 50.000000 50.000000 50.000000 50.000000 50.000000 50.000000 50.000000 50.000000 50.000000 50.000000 50.000000 50.000000 50.000000 50.000000 50.000000 50.000000 50.000000 50.000000 50.000000 50.000000 50.000000 50.000000 50.000000 50.000000 50.000000 50.000000 50.000000 50.000000 50.000000 
