50.000000 50.000000 50.000000 50.000000 50.000000 50.000000 50.000000 50.000000 50.000000 50.000000 50.000000 50.000000 50.000000 50.000000 50.000000 50.000000 50.000000 50.000000 50.000000 50.000000 50.000000 50.000000 50.000000 50.000000 50.000000 50.000000 50.000000 50.000000 50.000000 50.000000 50.000000 50.000000 50.000000 50.000000 50.000000 50.000000 50.000000 50.000000 50.000000 50.000000 50.000000 50.000000 50.000000 50.000000 50.000000 50.000000 50.000000 50.000000 50.000000 50.000000 
50.000000 38.784160 31.393886 27.949021 26.736049 26.397182 26.319316 26.304200 26.301669 26.301297 26.301249 26.301243 26.301243 26.301243 26.301243 26.301243 26.301243 26.301243 26.301243 26.301243 26.301243 26.301243 26.301243 26.301243 26.301243 26.301243 26.301243 26.301243 26.301243 26.301243 26.301243 26.301243 26.301243 26.301243 26.301243 26.301243 26.301243 26.301243 26.301243 26.301242 26.301239 26.301213 26.301003 26.299477 26.289589 26.232654 25.942791 24.638071 19.392080 0.000000 
50.000000 31.393886 19.140716 13.433980 11.426661 10.866518 10.737965 10.713039 10.708872 10.708261 10.708182 10.708172 10.708171 10.708171 10.708171 10.708171 10.708171 10.708171 10.708171 10.708171 10.708171 10.708171 10.708171 10.708171 10.708171 10.708171 10.708171 10.708171 10.708171 10.708171 10.708171 10.708171 10.708171 10.708171 10.708171 10.708171 10.708171 10.708171 10.708171 10.708171 10.708168 10.708145 10.707961 10.706649 10.698380 10.652799 10.436377 9.570358 6.755814 0.000000 
50.000000 27.949021 13.433980 6.678758 4.304729 3.642898 3.491163 3.461774 3.456865 3.456147 3.456054 3.456043 3.456042 3.456041 3.456041 3.456041 3.456041 3.456041 3.456041 3.456041 3.456041 3.456041 3.456041 3.456041 3.456041 3.456041 3.456041 3.456041 3.456041 3.456041 3.456041 3.456041 3.456041 3.456041 3.456041 3.456041 3.456041 3.456041 3.456041 3.456041 3.456040 3.456029 3.455941 3.455326 3.451528 3.431242 3.339379 2.997603 2.006230 0.000000 
50.000000 26.736049 11.426661 4.304729 1.803076 1.106047 0.946333 0.915418 0.910257 0.909503 0.909405 0.909393 0.909392 0.909392 0.909392 0.909392 0.909392 0.909392 0.909392 0.909392 0.909392 0.909392 0.909392 0.909392 0.909392 0.909392 0.909392 0.909392 0.909392 0.909392 0.909392 0.909392 0.909392 0.909392 0.909392 0.909392 0.909392 0.909392 0.909392 0.909392 0.909391 0.909388 0.909359 0.909157 0.907933 0.901538 0.873488 0.773862 0.503395 0.000000 
50.000000 26.397182 10.866518 3.642898 1.106047 0.399368 0.237482 0.206153 0.200925 0.200161 0.200061 0.200050 0.200049 0.200049 0.200049 0.200049 0.200049 0.200049 0.200049 0.200049 0.200049 0.200049 0.200049 0.200049 0.200049 0.200049 0.200049 0.200049 0.200049 0.200049 0.200049 0.200049 0.200049 0.200049 0.200049 0.200049 0.200049 0.200049 0.200049 0.200049 0.200048 0.200047 0.200040 0.199989 0.199684 0.198113 0.191370 0.168138 0.107593 0.000000 
50.000000 26.319316 10.737965 3.491163 0.946333 0.237482 0.075110 0.043689 0.038446 0.037679 0.037580 0.037568 0.037567 0.037567 0.037567 0.037567 0.037567 0.037567 0.037567 0.037567 0.037567 0.037567 0.037567 0.037567 0.037567 0.037567 0.037567 0.037567 0.037567 0.037567 0.037567 0.037567 0.037567 0.037567 0.037567 0.037567 0.037567 0.037567 0.037567 0.037567 0.037567 0.037567 0.037565 0.037555 0.037493 0.037176 0.035837 0.031316 0.019839 0.000000 
50.000000 26.304200 10.713039 3.461774 0.915418 0.206153 0.043689 0.012251 0.007006 0.006239 0.006139 0.006127 0.006126 0.006126 0.006126 0.006126 0.006126 0.006126 0.006126 0.006126 0.006126 0.006126 0.006126 0.006126 0.006126 0.006126 0.006126 0.006126 0.006126 0.006126 0.006126 0.006126 0.006126 0.006126 0.006126 0.006126 0.006126 0.006126 0.006126 0.006126 0.006126 0.006126 0.006126 0.006124 0.006113 0.006059 0.005833 0.005079 0.003197 0.000000 
50.000000 26.301669 10.708872 3.456865 0.910257 0.200925 0.038446 0.007006 0.001759 0.000992 0.000893 0.000881 0.000880 0.000880 0.000880 0.000880 0.000880 0.000880 0.000880 0.000880 0.000880 0.000880 0.000880 0.000880 0.000880 0.000880 0.000880 0.000880 0.000880 0.000880 0.000880 0.000880 0.000880 0.000880 0.000880 0.000880 0.000880 0.000880 0.000880 0.000880 0.000880 0.000880 0.000880 0.000879 0.000878 0.000870 0.000837 0.000727 0.000455 0.000000 
50.000000 26.301297 10.708261 3.456147 0.909503 0.200161 0.037679 0.006239 0.000992 0.000225 0.000125 0.000114 0.000113 0.000113 0.000113 0.000113 0.000113 0.000113 0.000113 0.000113 0.000113 0.000113 0.000113 0.000113 0.000113 0.000113 0.000113 0.000113 0.000113 0.000113 0.000113 0.000113 0.000113 0.000113 0.000113 0.000113 0.000113 0.000113 0.000113 0.000113 0.000113 0.000113 0.000113 0.000112 0.000112 0.000111 0.000107 0.000093 0.000058 0.000000 
50.000000 26.301249 10.708182 3.456054 0.909405 0.200061 0.037580 0.006139 0.000893 0.000125 0.000026 0.000014 0.000013 0.000013 0.000013 0.000013 0.000013 0.000013 0.000013 0.000013 0.000013 0.000013 0.000013 0.000013 0.000013 0.000013 0.000013 0.000013 0.000013 0.000013 0.000013 0.000013 0.000013 0.000013 0.000013 0.000013 0.000013 0.000013 0.000013 0.000013 0.000013 0.000013 0.000013 0.000013 0.000013 0.000013 0.000012 0.000011 0.000007 0.000000 
50.000000 26.301243 10.708172 3.456043 0.909393 0.200050 0.037568 0.006127 0.000881 0.000114 0.000014 0.000003 0.000001 0.000001 0.000001 0.000001 0.000001 0.000001 0.000001 0.000001 0.000001 0.000001 0.000001 0.000001 0.000001 0.000001 0.000001 0.000001 0.000001 0.000001 0.000001 0.000001 0.000001 0.000001 0.000001 0.000001 0.000001 0.000001 0.000001 0.000001 0.000001 0.000001 0.000001 0.000001 0.000001 0.000001 0.000001 0.000001 0.000001 0.000000 
50.000000 26.301243 10.708171 3.456042 0.909392 0.200049 0.037567 0.006126 0.000880 0.000113 0.000013 0.000001 0.000000 0.000000 0.000000 0.000000 0.000000 0.000000 0.000000 0.000000 0.000000 0.000000 0.000000 0.000000 0.000000 0.000000 0.000000 0.000000 0.000000 0.000000 0.000000 0.000000 0.000000 0.000000 0.000000 0.000000 0.000000 0.000000 0.000000 0.000000 0.000000 0.000000 0.000000 0.000000 0.000000 0.000000 0.000000 0.000000 0.000000 0.000000 
50.000000 26.301243 10.708171 3.456041 0.909392 0.200049 0.037567 0.006126 0.000880 0.000113 0.000013 0.000001 0.000000 0.000000 0.000000 0.000000 0.000000 0.000000 0.000000 0.000000 0.000000 0.000000 0.000000 0.000000 0.000000 0.000000 0.000000 0.000000 0.000000 0.000000 0.000000 0.000000 0.000000 0.000000 0.000000 0.000000 0.000000 0.000000 0.000000 0.000000 0.000000 0.000000 0.000000 0.000000 0.000000 0.000000 0.000000 0.000000 0.000000 0.000000 
50.000000 26.301243 10.708171 3.456041 0.909392 0.200049 0.037567 0.006126 0.000880 0.000113 0.000013 0.000001 0.000000 0.000000 0.000000 0.000000 0.000000 0.000000 0.000000 0.000000 0.000000 0.000000 0.000000 0.000000 0.000000 0.000000 0.000000 0.000000 0.000000 0.000000 0.000000 0.000000 0.000000 0.000000 0.000000 0.000000 0.000000 0.000000 0.000000 0.000000 0.000000 0.000000 0.000000 0.000000 0.000000 0.000000 0.000000 0.000000 0.000000 0.000000 
50.000000 26.301243 10.708171 3.456041 0.909392 0.200049 0.037567 0.006126 0.000880 0.000113 0.000013 0.000001 0.000000 0.000000 0.000000 0.000000 0.000000 0.000000 0.000000 0.000000 0.000000 0.000000 0.000000 0.000000 0.000000 0.000000 0.000000 0.000000 0.000000 0.000000 0.000000 0.000000 0.000000 0.000000 0.000000 0.000000 0.000000 0.000000 0.000000 0.000000 0.000000 0.000000 0.000000 0.000000 0.000000 0.000000 0.000000 0.000000 0.000000 0.000000 
50.000000 26.301243 10.708171 3.456041 0.909392 0.200049 0.037567 0.006126 0.000880 0.000113 0.000013 0.000001 0.000000 0.000000 0.000000 0.000000 0.000000 0.000000 0.000000 0.000000 0.000000 0.000000 0.000000 0.000000 0.000000 0.000000 0.000000 0.000000 0.000000 0.000000 0.000000 0.000000 0.000000 0.000000 0.000000 0.000000 0.000000 0.000000 0.000000 0.000000 0.000000 0.000000 0.000000 0.000000 0.000000 0.000000 0.000000 0.000000 0.000000 0.000000 
50.000000 26.301243 10.708171 3.456041 0.909392 0.200049 0.037567 0.006126 0.000880 0.000113 0.000013 0.000001 0.000000 0.000000 0.000000 0.000000 0.000000 0.000000 0.000000 0.000000 0.000000 0.000000 0.000000 0.000000 0.000000 0.000000 0.000000 0.000000 0.000000 0.000000 0.000000 0.000000 0.000000 0.000000 0.000000 0.000000 0.000000 0.000000 0.000000 0.000000 0.000000 0.000000 0.000000 0.000000 0.000000 0.000000 0.000000 0.000000 0.000000 0.000000 
50.000000 26.301243 10.708171 3.456041 0.909392 0.200049 0.037567 0.006126 0.000880 0.000113 0.000013 0.000001 0.000000 0.000000 0.000000 0.000000 0.000000 0.000000 0.000000 0.000000 0.000000 0.000000 0.000000 0.000000 0.000000 0.000000 0.000000 0.000000 0.000000 0.000000 0.000000 0.000000 0.000000 0.000000 0.000000 0.000000 0.000000 0.000000 0.000000 0.000000 0.000000 0.000000 0.000000 0.000000 0.000000 0.000000 0.000000 0.000000 0.000000 0.000000 
50.000000 26.301243 10.708171 3.456041 0.909392 0.200049 0.037567 0.006126 0.000880 0.000113 0.000013 0.000001 0.000000 0.000000 0.000000 0.000000 0.000000 0.000000 0.000000 0.000000 0.000000 0.000000 0.000000 0.000000 0.000000 0.000000 0.000000 0.000000 0.000000 0.000000 0.000000 0.000000 0.000000 0.000000 0.000000 0.000000 0.000000 0.000000 0.000000 0.000000 0.000000 0.000000 0.000000 0.000000 0.000000 0.000000 0.000000 0.000000 0.000000 0.000000 
50.000000 26.301243 10.708171 3.456041 0.909392 0.200049 0.037567 0.006126 0.000880 0.000113 0.000013 0.000001 0.000000 0.000000 0.000000 0.000000 0.000000 0.000000 0.000000 0.000000 0.000000 0.000000 0.000000 0.000000 0.000000 0.000000 0.000000 0.000000 0.000000 0.000000 0.000000 0.000000 0.000000 0.000000 0.000000 0.000000 0.000000 0.000000 0.000000 0.000000 0.000000 0.000000 0.000000 0.000000 0.000000 0.000000 0.000000 0.000000 0.000000 0.000000 
50.000000 26.301243 10.708171 3.456041 0.909392 0.200049 0.037567 0.006126 0.000880 0.000113 0.000013 0.000001 0.000000 0.000000 0.000000 0.000000 0.000000 0.000000 0.000000 0.000000 0.000000 0.000000 0.000000 0.000000 0.000000 0.000000 0.000000 0.000000 0.000000 0.000000 0.000000 0.000000 0.000000 0.000000 0.000000 0.000000 0.000000 0.000000 0.000000 0.000000 0.000000 0.000000 0.000000 0.000000 0.000000 0.000000 0.000000 0.000000 0.000000 0.000000 
50.000000 26.301243 10.708171 3.456041 0.909392 0.200049 0.037567 0.006126 0.000880 0.000113 0.000013 0.000001 0.000000 0.000000 0.000000 0.000000 0.000000 0.000000 0.000000 0.000000 0.000000 0.000000 0.000000 0.000000 0.000000 0.000000 0.000000 0.000000 0.000000 0.000000 0.000000 0.000000 0.000000 0.000000 0.000000 0.000000 0.000000 0.000000 0.000000 0.000000 0.000000 0.000000 0.000000 0.000000 0.000000 0.000000 0.000000 0.000000 0.000000 0.000000 
50.000000 26.301243 10.708171 3.456041 0.909392 0.200049 0.037567 0.006126 0.000880 0.000113 0.000013 0.000001 0.000000 0.000000 0.000000 0.000000 0.000000 0.000000 0.000000 0.000000 0.000000 0.000000 0.000000 0.000000 0.000000 0.000000 0.000000 0.000000 0.000000 0.000000 0.000000 0.000000 0.000000 0.000000 0.000000 0.000000 0.000000 0.000000 0.000000 0.000000 0.000000 0.000000 0.000000 0.000000 0.000000 0.000000 0.000000 0.000000 0.000000 0.000000 
50.000000 26.301243 10.708171 3.456041 0.909392 0.200049 0.037567 0.006126 0.000880 0.000113 0.000013 0.000001 0.000000 0.000000 0.000000 0.000000 0.000000 0.000000 0.000000 0.000000 0.000000 0.000000 0.000000 0.000000 0.000000 0.000000 0.000000 0.000000 0.000000 0.000000 0.000000 0.000000 0.000000 0.000000 0.000000 0.000000 0.000000 0.000000 0.000000 0.000000 0.000000 0.000000 0.000000 0.000000 0.000000 0.000000 0.000000 0.000000 0.000000 0.000000 
50.000000 26.301243 10.708171 3.456041 0.909392 0.200049 0.037567 0.006126 0.000880 0.000113 0.000013 0.000001 0.000000 0.000000 0.000000 0.000000 0.000000 0.000000 0.000000 0.000000 0.000000 0.000000 0.000000 0.000000 0.000000 0.000000 0.000000 0.000000 0.000000 0.000000 0.000000 0.000000 0.000000 0.000000 0.000000 0.000000 0.000000 0.000000 0.000000 0.000000 0.000000 0.000000 0.000000 0.000000 0.000000 0.000000 0.000000 0.000000 0.000000 0.000000 
50.000000 26.301243 10.708171 3.456041 0.909392 0.200049 0.037567 0.006126 0.000880 0.000113 0.000013 0.000001 0.000000 0.000000 0.000000 0.000000 0.000000 0.000000 0.000000 0.000000 0.000000 0.000000 0.000000 0.000000 0.000000 0.000000 0.000000 0.000000 0.000000 0.000000 0.000000 0.000000 0.000000 0.000000 0.000000 0.000000 0.000000 0.000000 0.000000 0.000000 0.000000 0.000000 0.000000 0.000000 0.000000 0.000000 0.000000 0.000000 0.000000 0.000000 
50.000000 26.301243 10.708171 3.456041 0.909392 0.200049 0.037567 0.006126 0.000880 0.000113 0.000013 0.000001 0.000000 0.000000 0.000000 0.000000 0.000000 0.000000 0.000000 0.000000 0.000000 0.000000 0.000000 0.000000 0.000000 0.000000 0.000000 0.000000 0.000000 0.000000 0.000000 0.000000 0.000000 0.000000 0.000000 0.000000 0.000000 0.000000 0.000000 0.000000 0.000000 0.000000 0.000000 0.000000 0.000000 0.000000 0.000000 0.000000 0.000000 0.000000 
50.000000 26.301243 10.708171 3.456041 0.909392 0.200049 0.037567 0.006126 0.000880 0.000113 0.000013 0.000001 0.000000 0.000000 0.000000 0.000000 0.000000 0.000000 0.000000 0.000000 0.000000 0.000000 0.000000 0.000000 0.000000 0.000000 0.000000 0.000000 0.000000 0.000000 0.000000 0.000000 0.000000 0.000000 0.000000 0.000000 0.000000 0.000000 0.000000 0.000000 0.000000 0.000000 0.000000 0.000000 0.000000 0.000000 0.000000 0.000000 0.000000 0.000000 
50.000000 26.301243 10.708171 3.456041 0.909392 0.200049 0.037567 0.006126 0.000880 0.000113 0.000013 0.000001 0.000000 0.000000 0.000000 0.000000 0.000000 0.000000 0.000000 0.000000 0.000000 0.000000 0.000000 0.000000 0.000000 0.000000 0.000000 0.000000 0.000000 0.000000 0.000000 0.000000 0.000000 0.000000 0.000000 0.000000 0.000000 0.000000 0.000000 0.000000 0.000000 0.000000 0.000000 0.000000 0.000000 0.000000 0.000000 0.000000 0.000000 0.000000 
50.000000 26.301243 10.708171 3.456041 0.909392 0.200049 0.037567 0.006126 0.000880 0.000113 0.000013 0.000001 0.000000 0.000000 0.000000 0.000000 0.000000 0.000000 0.000000 0.000000 0.000000 0.000000 0.000000 0.000000 0.000000 0.000000 0.000000 0.000000 0.000000 0.000000 0.000000 0.000000 0.000000 0.000000 0.000000 0.000000 0.000000 0.000000 0.000000 0.000000 0.000000 0.000000 0.000000 0.000000 0.000000 0.000000 0.000000 0.000000 0.000000 0.000000 
50.000000 26.301243 10.708171 3.456041 0.909392 0.200049 0.037567 0.006126 0.000880 0.000113 0.000013 0.000001 0.000000 0.000000 0.000000 0.000000 0.000000 0.000000 0.000000 0.000000 0.000000 0.000000 0.000000 0.000000 0.000000 0.000000 0.000000 0.000000 0.000000 0.000000 0.000000 0.000000 0.000000 0.000000 0.000000 0.000000 0.000000 0.000000 0.000000 0.000000 0.000000 0.000000 0.000000 0.000000 0.000000 0.000000 0.000000 0.000000 0.000000 0.000000 
50.000000 26.301243 10.708171 3.456041 0.909392 0.200049 0.037567 0.006126 0.000880 0.000113 0.000013 0.000001 0.000000 0.000000 0.000000 0.000000 0.000000 0.000000 0.000000 0.000000 0.000000 0.000000 0.000000 0.000000 0.000000 0.000000 0.000000 0.000000 0.000000 0.000000 0.000000 0.000000 0.000000 0.000000 0.000000 0.000000 0.000000 0.000000 0.000000 0.000000 0.000000 0.000000 0.000000 0.000000 0.000000 0.000000 0.000000 0.000000 0.000000 0.000000 
50.000000 26.301243 10.708171 3.456041 0.909392 0.200049 0.037567 0.006126 0.000880 0.000113 0.000013 0.000001 0.000000 0.000000 0.000000 0.000000 0.000000 0.000000 0.000000 0.000000 0.000000 0.000000 0.000000 0.000000 0.000000 0.000000 0.000000 0.000000 0.000000 0.000000 0.000000 0.000000 0.000000 0.000000 0.000000 0.000000 0.000000 0.000000 0.000000 0.000000 0.000000 0.000000 0.000000 0.000000 0.000000 0.000000 0.000000 0.000000 0.000000 0.000000 
50.000000 26.301243 10.708171 3.456041 0.909392 0.200049 0.037567 0.006126 0.000880 0.000113 0.000013 0.000001 0.000000 0.000000 0.000000 0.000000 0.000000 0.000000 0.000000 0.000000 0.000000 0.000000 0.000000 0.000000 0.000000 0.000000 0.000000 0.000000 0.000000 0.000000 0.000000 0.000000 0.000000 0.000000 0.000000 0.000000 0.000000 0.000000 0.000000 0.000000 0.000000 0.000000 0.000000 0.000000 0.000000 0.000000 0.000000 0.000000 0.000000 0.000000 
50.000000 26.301243 10.708171 3.456041 0.909392 0.200049 0.037567 0.006126 0.000880 0.000113 0.000013 0.000001 0.000000 0.000000 0.000000 0.000000 0.000000 0.000000 0.000000 0.000000 0.000000 0.000000 0.000000 0.000000 0.000000 0.000000 0.000000 0.000000 0.000000 0.000000 0.000000 0.000000 0.000000 0.000000 0.000000 0.000000 0.000000 0.000000 0.000000 0.000000 0.000000 0.000000 0.000000 0.000000 0.000000 0.000000 0.000000 0.000000 0.000000 0.000000 
50.000000 26.301243 10.708171 3.456041 0.909392 0.200049 0.037567 0.006126 0.000880 0.000113 0.000013 0.000001 0.000000 0.000000 0.000000 0.000000 0.000000 0.000000 0.000000 0.000000 0.000000 0.000000 0.000000 0.000000 0.000000 0.000000 0.000000 0.000000 0.000000 0.000000 0.000000 0.000000 0.000000 0.000000 0.000000 0.000000 0.000000 0.000000 0.000000 0.000000 0.000000 0.000000 0.000000 0.000000 0.000000 0.000000 0.000000 0.000000 0.000000 0.000000 
50.000000 26.301243 10.708171 3.456042 0.909392 0.200049 0.037567 0.006126 0.000880 0.000113 0.000013 0.000001 0.000000 0.000000 0.000000 0.000000 0.000000 0.000000 0.000000 0.000000 0.000000 0.000000 0.000000 0.000000 0.000000 0.000000 0.000000 0.000000 0.000000 0.000000 0.000000 0.000000 0.000000 0.000000 0.000000 0.000000 0.000000 0.000000 0.000000 0.000000 0.000000 0.000000 0.000000 0.000000 0.000000 0.000000 0.000000 0.000000 0.000000 0.000000 
50.000000 26.301243 10.708172 3.456043 0.909393 0.200050 0.037568 0.006127 0.000881 0.000114 0.000014 0.000003 0.000001 0.000001 0.000001 0.000001 0.000001 0.000001 0.000001 0.000001 0.000001 0.000001 0.000001 0.000001 0.000001 0.000001 0.000001 0.000001 0.000001 0.000001 0.000001 0.000001 0.000001 0.000001 0.000001 0.000001 0.000001 0.000001 0.000001 0.000001 0.000001 0.000001 0.000001 0.000001 0.000001 0.000001 0.000001 0.000001 0.000001 0.000000 
50.000000 26.301249 10.708182 3.456054 0.909405 0.200061 0.037580 0.006139 0.000893 0.000125 0.000026 0.000014 0.000013 0.000013 0.000013 0.000013 0.000013 0.000013 0.000013 0.000013 0.000013 0.000013 0.000013 0.000013 0.000013 0.000013 0.000013 0.000013 0.000013 0.000013 0.000013 0.000013 0.000013 0.000013 0.000013 0.000013 0.000013 0.000013 0.000013 0.000013 0.000013 0.000013 0.000013 0.000013 0.000013 0.000013 0.000012 0.000011 0.000007 0.000000 
50.000000 26.301297 10.708261 3.456147 0.909503 0.200161 0.037679 0.006239 0.000992 0.000225 0.000125 0.000114 0.000113 0.000113 0.000113 0.000113 0.000113 0.000113 0.000113 0.000113 0.000113 0.000113 0.000113 0.000113 0.000113 0.000113 0.000113 0.000113 0.000113 0.000113 0.000113 0.000113 0.000113 0.000113 0.000113 0.000113 0.000113 0.000113 0.000113 0.000113 0.000113 0.000113 0.000113 0.000112 0.000112 0.000111 0.000107 0.000093 0.000058 0.000000 
50.000000 26.301669 10.708872 3.456865 0.910257 0.200925 0.038446 0.007006 0.001759 0.000992 0.000893 0.000881 0.000880 0.000880 0.000880 0.000880 0.000880 0.000880 0.000880 0.000880 0.000880 0.000880 0.000880 0.000880 0.000880 0.000880 0.000880 0.000880 0.000880 0.000880 0.000880 0.000880 0.000880 0.000880 0.000880 0.000880 0.000880 0.000880 0.000880 0.000880 0.000880 0.000880 0.000880 0.000879 0.000878 0.000870 0.000837 0.000727 0.000455 0.000000 
50.000000 26.304200 10.713039 3.461774 0.915418 0.206153 0.043689 0.012251 0.007006 0.006239 0.006139 0.006127 0.006126 0.006126 0.006126 0.006126 0.006126 0.006126 0.006126 0.006126 0.006126 0.006126 0.006126 0.006126 0.006126 0.006126 0.006126 0.006126 0.006126 0.006126 0.006126 0.006126 0.006126 0.006126 0.006126 0.006126 0.006126 0.006126 0.006126 0.006126 0.006126 0.006126 0.006126 0.006124 0.006113 0.006059 0.005833 0.005079 0.003197 0.000000 
50.000000 26.319316 10.737965 3.491163 0.946333 0.237482 0.075110 0.043689 0.038446 0.037679 0.037580 0.037568 0.037567 0.037567 0.037567 0.037567 0.037567 0.037567 0.037567 0.037567 0.037567 0.037567 0.037567 0.037567 0.037567 0.037567 0.037567 0.037567 0.037567 0.037567 0.037567 0.037567 0.037567 0.037567 0.037567 0.037567 0.037567 0.037567 0.037567 0.037567 0.037567 0.037567 0.037565 0.037555 0.037493 0.037176 0.035837 0.031316 0.019839 0.000000 
50.000000 26.397182 10.866518 3.642898 1.106047 0.399368 0.237482 0.206153 0.200925 0.200161 0.200061 0.200050 0.200049 0.200049 0.200049 0.200049 0.200049 0.200049 0.200049 0.200049 0.200049 0.200049 0.200049 0.200049 0.200049 0.200049 0.200049 0.200049 0.200049 0.200049 0.200049 0.200049 0.200049 0.200049 0.200049 0.200049 0.200049 0.200049 0.200049 0.200049 0.200048 0.200047 0.200040 0.199989 0.199684 0.198113 0.191370 0.168138 0.107593 0.000000 
50.000000 26.736049 11.426661 4.304729 1.803076 1.106047 0.946333 0.915418 0.910257 0.909503 0.909405 0.909393 0.909392 0.909392 0.909392 0.909392 0.909392 0.909392 0.909392 0.909392 0.909392 0.909392 0.909392 0.909392 0.909392 0.909392 0.909392 0.909392 0.909392 0.909392 0.909392 0.909392 0.909392 0.909392 0.909392 0.909392 0.909392 0.909392 0.909392 0.909392 0.909391 0.909388 0.909359 0.909157 0.907933 0.901538 0.873488 0.773862 0.503395 0.000000 
50.000000 27.949021 13.433980 6.678758 4.304729 3.642898 3.491163 3.461774 3.456865 3.456147 3.456054 3.456043 3.456042 3.456041 3.456041 3.456041 3.456041 3.456041 3.456041 3.456041 3.456041 3.456041 3.456041 3.456041 3.456041 3.456041 3.456041 3.456041 3.456041 3.456041 3.456041 3.456041 3.456041 3.456041 3.456041 3.456041 3.456041 3.456041 3.456041 3.456041 3.456040 3.456029 3.455941 3.455326 3.451528 3.431242 3.339379 2.997603 2.006230 0.000000 
50.000000 31.393886 19.140716 13.433980 11.426661 10.866518 10.737965 10.713039 10.708872 10.708261 10.708182 10.708172 10.708171 10.708171 10.708171 10.708171 10.708171 10.708171 10.708171 10.708171 10.708171 10.708171 10.708171 10.708171 10.708171 10.708171 10.708171 10.708171 10.708171 10.708171 10.708171 10.708171 10.708171 10.708171 10.708171 10.708171 10.708171 10.708171 10.708171 10.708171 10.708168 10.708145 10.707961 10.706649 10.698380 10.652799 10.436377 9.570358 6.755814 0.000000 
50.000000 38.784160 31.393886 27.949021 26.736049 26.397182 26.319316 26.304200 26.301669 26.301297 26.301249 26.301243 26.301243 26.301243 26.301243 26.301243 26.301243 26.301243 26.301243 26.301243 26.301243 26.301243 26.301243 26.301243 26.301243 26.301243 26.301243 26.301243 26.301243 26.301243 26.301243 26.301243 26.301243 26.301243 26.301243 26.301243 26.301243 26.301243 26.301243 26.301242 26.301239 26.301213 26.301003 26.299477 26.289589 26.232654 25.942791 24.638071 19.392080 0.000000 
50.000000 50.000000 50.000000 50.000000 50.000000 50.000000 50.000000 50.000000 50.000000 50.000000 50.000000 50.000000 50.000000 50.000000 50.000000 50.000000 50.000000 50.000000 50.000000 50.000000 50.000000 50.000000 50.000000 50.000000 50.000000 50.000000 50.000000 50.000000 50.000000 50.000000 50.000000 50.000000 50.000000 50.000000 50.000000 50.000000 50.000000 50.000000 50.000000 50.000000 50.000000 50.000000 50.000000 50.000000 50.000000 50.000000 50.000000 50.000000 50.000000 50.000000 
