50.000000 50.000000 50.000000 50.000000 50.000000 50.000000 50.000000 50.000000 50.000000 50.000000 50.000000 50.000000 50.000000 50.000000 50.000000 50.000000 50.000000 50.000000 50.000000 50.000000 50.000000 50.000000 50.000000 50.000000 50.000000 50.000000 50.000000 50.000000 50.000000 50.000000 50.000000 50.000000 50.000000 50.000000 50.000000 50.000000 50.000000 50.000000 50.000000 50.000000 50.000000 50.000000 50.000000 50.000000 50.000000 50.000000 50.000000 50.000000 50.000000 50.000000 
50.000000 48.466306 47.006421 45.683512 44.542016 43.603799 42.868928 42.320104 41.929046 41.663009 41.490083 41.382598 41.318657 41.282222 41.262316 41.251881 41.246626 41.244082 41.242897 41.242366 41.242136 41.242040 41.242002 41.241986 41.241981 41.241979 41.241978 41.241977 41.241974 41.241969 41.241954 41.241916 41.241824 41.241604 41.241096 41.239956 41.237476 41.232243 41.221510 41.200087 41.158386 41.078963 40.930258 40.654649 40.143770 39.182066 37.302048 33.367397 24.233153 0.000000 
50.000000 47.006421 44.156912 41.574770 39.346727 37.515467 36.081117 35.009907 34.246633 33.727384 33.389872 33.180086 33.055292 32.984181 32.945332 32.924965 32.914710 32.909745 32.907433 32.906396 32.905947 32.905760 32.905685 32.905655 32.905644 32.905640 32.905638 32.905636 32.905632 32.905622 32.905594 32.905526 32.905357 32.904954 32.904026 32.901949 32.897444 32.887964 32.868601 32.830158 32.755860 32.615750 32.357119 31.887827 31.046234 29.545142 26.866473 22.078456 13.639024 0.000000 
50.000000 45.683512 41.574770 37.851559 34.638946 31.998472 29.930318 28.385783 27.285263 26.536598 26.049972 25.747509 25.567586 25.465064 25.409056 25.379694 25.364909 25.357753 25.354419 25.352924 25.352277 25.352007 25.351899 25.351857 25.351841 25.351835 25.351832 25.351829 25.351824 25.351810 25.351775 25.351686 25.351467 25.350947 25.349749 25.347079 25.341310 25.329230 25.304704 25.256395 25.163986 24.992100 24.680714 24.130320 23.179533 21.573303 18.925780 14.708296 8.381465 0.000000 
50.000000 44.542016 39.346727 34.638946 30.576814 27.238145 24.623159 22.670267 21.278804 20.332233 19.716981 19.334579 19.107109 18.977497 18.906691 18.869573 18.850883 18.841837 18.837623 18.835733 18.834916 18.834575 18.834437 18.834384 18.834364 18.834356 18.834353 18.834350 18.834344 18.834329 18.834291 18.834193 18.833955 18.833391 18.832096 18.829220 18.823037 18.810169 18.784238 18.733641 18.638009 18.462861 18.151925 17.616847 16.724942 15.288407 13.065643 9.801585 5.359950 0.000000 
50.000000 43.603799 37.515467 31.998472 27.238145 23.325671 20.261296 17.972834 16.342302 15.233121 14.512193 14.064120 13.797593 13.645731 13.562772 13.519285 13.497389 13.486790 13.481854 13.479640 13.478683 13.478283 13.478123 13.478060 13.478036 13.478028 13.478024 13.478021 13.478015 13.478001 13.477963 13.477869 13.477639 13.477096 13.475856 13.473114 13.467251 13.455131 13.430909 13.384124 13.296801 13.139368 12.865362 12.405495 11.662835 10.513203 8.818939 6.469233 3.460029 0.000000 
50.000000 42.868928 36.081117 29.930318 24.623159 20.261296 16.844994 14.293756 12.476029 11.239535 10.435876 9.936396 9.639299 9.470024 9.377557 9.329086 9.304682 9.292870 9.287368 9.284901 9.283834 9.283389 9.283210 9.283140 9.283114 9.283104 9.283100 9.283097 9.283092 9.283079 9.283046 9.282963 9.282761 9.282287 9.281207 9.278831 9.273782 9.263418 9.242881 9.203614 9.131229 9.002678 8.783013 8.422497 7.855801 7.006312 5.799997 4.193289 2.214280 0.000000 
50.000000 42.320104 35.009907 28.385783 22.670267 17.972834 14.293756 11.546324 9.588848 8.257318 7.391910 6.854067 6.534159 6.351892 6.252331 6.200143 6.173869 6.161152 6.155229 6.152573 6.151424 6.150945 6.150752 6.150677 6.150649 6.150639 6.150635 6.150632 6.150628 6.150617 6.150590 6.150523 6.150359 6.149976 6.149109 6.147212 6.143203 6.135032 6.118974 6.088575 6.033191 5.936195 5.773162 5.510742 5.107472 4.518342 3.705069 2.652788 1.389846 0.000000 
50.000000 41.929046 34.246633 27.285263 21.278804 16.342302 12.476029 9.588848 7.531838 6.132629 5.223253 4.658097 4.321951 4.130438 4.025829 3.970997 3.943392 3.930032 3.923810 3.921019 3.919813 3.919310 3.919107 3.919028 3.918998 3.918987 3.918983 3.918981 3.918977 3.918969 3.918949 3.918898 3.918775 3.918487 3.917839 3.916428 3.913464 3.907464 3.895768 3.873831 3.834295 3.765919 3.652653 3.473351 3.202933 2.815943 2.293163 1.630883 0.850083 0.000000 
50.000000 41.663009 33.727384 26.536598 20.332233 15.233121 11.239535 8.257318 6.132629 4.687406 3.748142 3.164422 2.817242 2.619447 2.511409 2.454781 2.426273 2.412476 2.406050 2.403169 2.401923 2.401404 2.401194 2.401113 2.401082 2.401071 2.401067 2.401065 2.401062 2.401056 2.401042 2.401006 2.400919 2.400716 2.400262 2.399278 2.397224 2.393092 2.385098 2.370232 2.343703 2.298334 2.224126 2.108306 1.936320 1.694224 1.372612 0.971524 0.504623 0.000000 
50.000000 41.490083 33.389872 26.049972 19.716981 14.512193 10.435876 7.391910 5.223253 3.748142 2.789467 2.193693 1.839350 1.637478 1.527214 1.469421 1.440327 1.426246 1.419689 1.416749 1.415478 1.414947 1.414734 1.414651 1.414620 1.414608 1.414604 1.414602 1.414600 1.414596 1.414586 1.414562 1.414504 1.414370 1.414071 1.413424 1.412082 1.409399 1.404244 1.394734 1.377910 1.349422 1.303335 1.232262 1.128070 0.983341 0.793577 0.559714 0.289996 0.000000 
50.000000 41.382598 33.180086 25.747509 19.334579 14.064120 9.936396 6.854067 4.658097 3.164422 2.193693 1.590435 1.231645 1.027242 0.915599 0.857083 0.827625 0.813369 0.806730 0.803753 0.802466 0.801929 0.801713 0.801629 0.801597 0.801586 0.801582 0.801580 0.801578 0.801576 0.801570 0.801554 0.801518 0.801434 0.801247 0.800845 0.800016 0.798366 0.795217 0.789449 0.779324 0.762329 0.735093 0.693516 0.633210 0.550341 0.442805 0.311486 0.161088 0.000000 
50.000000 41.318657 33.055292 25.567586 19.107109 13.797593 9.639299 6.534159 4.321951 2.817242 1.839350 1.231645 0.870214 0.664309 0.551845 0.492901 0.463227 0.448867 0.442180 0.439181 0.437884 0.437344 0.437126 0.437041 0.437010 0.436998 0.436994 0.436992 0.436991 0.436990 0.436986 0.436977 0.436955 0.436905 0.436794 0.436557 0.436070 0.435107 0.433279 0.429951 0.424150 0.414487 0.399127 0.375881 0.342461 0.296940 0.238356 0.167327 0.086414 0.000000 
50.000000 41.282222 32.984181 25.465064 18.977497 13.645731 9.470024 6.351892 4.130438 2.619447 1.637478 1.027242 0.664309 0.457548 0.344619 0.285430 0.255634 0.241215 0.234500 0.231489 0.230187 0.229644 0.229426 0.229341 0.229309 0.229297 0.229293 0.229291 0.229291 0.229290 0.229287 0.229282 0.229270 0.229242 0.229179 0.229046 0.228774 0.228238 0.227227 0.225395 0.222223 0.216974 0.208689 0.196242 0.178479 0.154460 0.123754 0.086737 0.044745 0.000000 
50.000000 41.262316 32.945332 25.409056 18.906691 13.562772 9.377557 6.252331 4.025829 2.511409 1.527214 0.915599 0.551845 0.344619 0.231435 0.172114 0.142251 0.127799 0.121070 0.118052 0.116747 0.116203 0.115984 0.115899 0.115867 0.115855 0.115851 0.115849 0.115849 0.115848 0.115847 0.115844 0.115838 0.115822 0.115789 0.115718 0.115572 0.115288 0.114753 0.113790 0.112131 0.109401 0.105119 0.098726 0.089659 0.077471 0.061977 0.043383 0.022361 0.000000 
50.000000 41.251881 32.924965 25.379694 18.869573 13.519285 9.329086 6.200143 3.970997 2.454781 1.469421 0.857083 0.492901 0.285430 0.172114 0.112723 0.082825 0.068357 0.061619 0.058598 0.057292 0.056747 0.056528 0.056442 0.056410 0.056399 0.056394 0.056393 0.056392 0.056392 0.056391 0.056390 0.056386 0.056379 0.056361 0.056325 0.056251 0.056106 0.055836 0.055351 0.054519 0.053158 0.051034 0.047879 0.043429 0.037477 0.029945 0.020939 0.010785 0.000000 
50.000000 41.246626 32.914710 25.364909 18.850883 13.497389 9.304682 6.173869 3.943392 2.426273 1.440327 0.827625 0.463227 0.255634 0.142251 0.082825 0.052910 0.038433 0.031692 0.028669 0.027362 0.026817 0.026597 0.026512 0.026480 0.026468 0.026464 0.026463 0.026462 0.026462 0.026461 0.026461 0.026459 0.026455 0.026447 0.026429 0.026393 0.026322 0.026191 0.025957 0.025557 0.024905 0.023892 0.022395 0.020293 0.017493 0.013963 0.009755 0.005022 0.000000 
50.000000 41.244082 32.909745 25.357753 18.841837 13.486790 9.292870 6.161152 3.930032 2.412476 1.426246 0.813369 0.448867 0.241215 0.127799 0.068357 0.038433 0.023952 0.017209 0.014185 0.012877 0.012332 0.012113 0.012027 0.011995 0.011984 0.011979 0.011978 0.011978 0.011977 0.011977 0.011977 0.011976 0.011974 0.011970 0.011962 0.011945 0.011912 0.011851 0.011742 0.011557 0.011257 0.010792 0.010108 0.009152 0.007882 0.006286 0.004389 0.002258 0.000000 
50.000000 41.242897 32.907433 25.354419 18.837623 13.481854 9.287368 6.155229 3.923810 2.406051 1.419689 0.806730 0.442180 0.234500 0.121070 0.061619 0.031692 0.017209 0.010465 0.007440 0.006133 0.005588 0.005368 0.005283 0.005250 0.005239 0.005235 0.005233 0.005233 0.005233 0.005232 0.005232 0.005232 0.005231 0.005229 0.005226 0.005218 0.005203 0.005176 0.005127 0.005045 0.004912 0.004707 0.004405 0.003985 0.003430 0.002733 0.001907 0.000981 0.000000 
50.000000 41.242366 32.906396 25.352924 18.835733 13.479640 9.284901 6.152573 3.921019 2.403169 1.416749 0.803753 0.439181 0.231489 0.118052 0.058598 0.028669 0.014185 0.007440 0.004416 0.003108 0.002563 0.002343 0.002258 0.002226 0.002214 0.002210 0.002209 0.002208 0.002208 0.002208 0.002208 0.002208 0.002207 0.002206 0.002205 0.002201 0.002195 0.002183 0.002162 0.002127 0.002070 0.001983 0.001855 0.001677 0.001442 0.001149 0.000801 0.000412 0.000000 
50.000000 41.242136 32.905947 25.352277 18.834916 13.478683 9.283834 6.151424 3.919813 2.401923 1.415478 0.802466 0.437885 0.230187 0.116747 0.057292 0.027362 0.012878 0.006133 0.003108 0.001801 0.001255 0.001036 0.000950 0.000918 0.000907 0.000902 0.000901 0.000901 0.000900 0.000900 0.000900 0.000900 0.000900 0.000900 0.000899 0.000898 0.000895 0.000890 0.000882 0.000867 0.000843 0.000808 0.000755 0.000682 0.000586 0.000467 0.000325 0.000167 0.000000 
50.000000 41.242040 32.905760 25.352008 18.834575 13.478284 9.283389 6.150946 3.919310 2.401404 1.414948 0.801929 0.437344 0.229644 0.116203 0.056747 0.026817 0.012333 0.005588 0.002563 0.001256 0.000710 0.000491 0.000405 0.000373 0.000362 0.000357 0.000356 0.000355 0.000355 0.000355 0.000355 0.000355 0.000355 0.000355 0.000355 0.000354 0.000353 0.000351 0.000348 0.000342 0.000333 0.000318 0.000297 0.000269 0.000231 0.000184 0.000128 0.000066 0.000000 
50.000000 41.242002 32.905685 25.351899 18.834438 13.478123 9.283210 6.150753 3.919108 2.401195 1.414735 0.801714 0.437127 0.229426 0.115985 0.056528 0.026598 0.012114 0.005369 0.002344 0.001037 0.000491 0.000272 0.000186 0.000154 0.000142 0.000138 0.000137 0.000136 0.000136 0.000136 0.000136 0.000136 0.000136 0.000136 0.000136 0.000136 0.000135 0.000135 0.000133 0.000131 0.000127 0.000122 0.000114 0.000103 0.000088 0.000070 0.000049 0.000025 0.000000 
50.000000 41.241987 32.905656 25.351858 18.834385 13.478062 9.283142 6.150679 3.919030 2.401115 1.414653 0.801631 0.437044 0.229343 0.115901 0.056444 0.026514 0.012030 0.005285 0.002260 0.000952 0.000407 0.000188 0.000102 0.000070 0.000058 0.000054 0.000053 0.000052 0.000052 0.000052 0.000052 0.000052 0.000052 0.000052 0.000052 0.000052 0.000052 0.000052 0.000051 0.000050 0.000049 0.000047 0.000044 0.000039 0.000034 0.000027 0.000019 0.000010 0.000000 
50.000000 41.241982 32.905646 25.351844 18.834368 13.478041 9.283119 6.150655 3.919004 2.401088 1.414626 0.801603 0.437016 0.229315 0.115873 0.056416 0.026486 0.012002 0.005257 0.002232 0.000924 0.000379 0.000160 0.000074 0.000042 0.000030 0.000026 0.000025 0.000024 0.000024 0.000024 0.000024 0.000024 0.000024 0.000024 0.000024 0.000024 0.000024 0.000024 0.000024 0.000023 0.000023 0.000022 0.000020 0.000018 0.000016 0.000012 0.000009 0.000004 0.000000 
50.000000 41.241982 32.905646 25.351844 18.834368 13.478041 9.283119 6.150655 3.919004 2.401088 1.414626 0.801603 0.437016 0.229315 0.115873 0.056416 0.026486 0.012002 0.005257 0.002232 0.000924 0.000379 0.000160 0.000074 0.000042 0.000030 0.000026 0.000025 0.000024 0.000024 0.000024 0.000024 0.000024 0.000024 0.000024 0.000024 0.000024 0.000024 0.000024 0.000024 0.000023 0.000023 0.000022 0.000020 0.000018 0.000016 0.000012 0.000009 0.000004 0.000000 
50.000000 41.241987 32.905656 25.351858 18.834385 13.478062 9.283142 6.150679 3.919030 2.401115 1.414653 0.801631 0.437044 0.229343 0.115901 0.056444 0.026514 0.012030 0.005285 0.002260 0.000952 0.000407 0.000188 0.000102 0.000070 0.000058 0.000054 0.000053 0.000052 0.000052 0.000052 0.000052 0.000052 0.000052 0.000052 0.000052 0.000052 0.000052 0.000052 0.000051 0.000050 0.000049 0.000047 0.000044 0.000039 0.000034 0.000027 0.000019 0.000010 0.000000 
50.000000 41.242002 32.905685 25.351899 18.834438 13.478123 9.283210 6.150753 3.919108 2.401195 1.414735 0.801714 0.437127 0.229426 0.115985 0.056528 0.026598 0.012114 0.005369 0.002344 0.001037 0.000491 0.000272 0.000186 0.000154 0.000142 0.000138 0.000137 0.000136 0.000136 0.000136 0.000136 0.000136 0.000136 0.000136 0.000136 0.000136 0.000135 0.000135 0.000133 0.000131 0.000127 0.000122 0.000114 0.000103 0.000088 0.000070 0.000049 0.000025 0.000000 
50.000000 41.242040 32.905760 25.352008 18.834575 13.478284 9.283389 6.150946 3.919310 2.401404 1.414948 0.801929 0.437344 0.229644 0.116203 0.056747 0.026817 0.012333 0.005588 0.002563 0.001256 0.000710 0.000491 0.000405 0.000373 0.000362 0.000357 0.000356 0.000355 0.000355 0.000355 0.000355 0.000355 0.000355 0.000355 0.000355 0.000354 0.000353 0.000351 0.000348 0.000342 0.000333 0.000318 0.000297 0.000269 0.000231 0.000184 0.000128 0.000066 0.000000 
50.000000 41.242136 32.905947 25.352277 18.834916 13.478683 9.283834 6.151424 3.919813 2.401923 1.415478 0.802466 0.437885 0.230187 0.116747 0.057292 0.027362 0.012878 0.006133 0.003108 0.001801 0.001255 0.001036 0.000950 0.000918 0.000907 0.000902 0.000901 0.000901 0.000900 0.000900 0.000900 0.000900 0.000900 0.000900 0.000899 0.000898 0.000895 0.000890 0.000882 0.000867 0.000843 0.000808 0.000755 0.000682 0.000586 0.000467 0.000325 0.000167 0.000000 
50.000000 41.242366 32.906396 25.352924 18.835733 13.479640 9.284901 6.152573 3.921019 2.403169 1.416749 0.803753 0.439181 0.231489 0.118052 0.058598 0.028669 0.014185 0.007440 0.004416 0.003108 0.002563 0.002343 0.002258 0.002226 0.002214 0.002210 0.002209 0.002208 0.002208 0.002208 0.002208 0.002208 0.002207 0.002206 0.002205 0.002201 0.002195 0.002183 0.002162 0.002127 0.002070 0.001983 0.001855 0.001677 0.001442 0.001149 0.000801 0.000412 0.000000 
50.000000 41.242897 32.907433 25.354419 18.837623 13.481854 9.287368 6.155229 3.923810 2.406051 1.419689 0.806730 0.442180 0.234500 0.121070 0.061619 0.031692 0.017209 0.010465 0.007440 0.006133 0.005588 0.005368 0.005283 0.005250 0.005239 0.005235 0.005233 0.005233 0.005233 0.005232 0.005232 0.005232 0.005231 0.005229 0.005226 0.005218 0.005203 0.005176 0.005127 0.005045 0.004912 0.004707 0.004405 0.003985 0.003430 0.002733 0.001907 0.000981 0.000000 
50.000000 41.244082 32.909745 25.357753 18.841837 13.486790 9.292870 6.161152 3.930032 2.412476 1.426246 0.813369 0.448867 0.241215 0.127799 0.068357 0.038433 0.023952 0.017209 0.014185 0.012877 0.012332 0.012113 0.012027 0.011995 0.011984 0.011979 0.011978 0.011978 0.011977 0.011977 0.011977 0.011976 0.011974 0.011970 0.011962 0.011945 0.011912 0.011851 0.011742 0.011557 0.011257 0.010792 0.010108 0.009152 0.007882 0.006286 0.004389 0.002258 0.000000 
50.000000 41.246626 32.914710 25.364909 18.850883 13.497389 9.304682 6.173869 3.943392 2.426273 1.440327 0.827625 0.463227 0.255634 0.142251 0.082825 0.052910 0.038433 0.031692 0.028669 0.027362 0.026817 0.026597 0.026512 0.026480 0.026468 0.026464 0.026463 0.026462 0.026462 0.026461 0.026461 0.026459 0.026455 0.026447 0.026429 0.026393 0.026322 0.026191 0.025957 0.025557 0.024905 0.023892 0.022395 0.020293 0.017493 0.013963 0.009755 0.005022 0.000000 
50.000000 41.251881 32.924965 25.379694 18.869573 13.519285 9.329086 6.200143 3.970997 2.454781 1.469421 0.857083 0.492901 0.285430 0.172114 0.112723 0.082825 0.068357 0.061619 0.058598 0.057292 0.056747 0.056528 0.056442 0.056410 0.056399 0.056394 0.056393 0.056392 0.056392 0.056391 0.056390 0.056386 0.056379 0.056361 0.056325 0.056251 0.056106 0.055836 0.055351 0.054519 0.053158 0.051034 0.047879 0.043429 0.037477 0.029945 0.020939 0.010785 0.000000 
50.000000 41.262316 32.945332 25.409056 18.906691 13.562772 9.377557 6.252331 4.025829 2.511409 1.527214 0.915599 0.551845 0.344619 0.231435 0.172114 0.142251 0.127799 0.121070 0.118052 0.116747 0.116203 0.115984 0.115899 0.115867 0.115855 0.115851 0.115849 0.115849 0.115848 0.115847 0.115844 0.115838 0.115822 0.115789 0.115718 0.115572 0.115288 0.114753 0.113790 0.112131 0.109401 0.105119 0.098726 0.089659 0.077471 0.061977 0.043383 0.022361 0.000000 
50.000000 41.282222 32.984181 25.465064 18.977497 13.645731 9.470024 6.351892 4.130438 2.619447 1.637478 1.027242 0.664309 0.457548 0.344619 0.285430 0.255634 0.241215 0.234500 0.231489 0.230187 0.229644 0.229426 0.229341 0.229309 0.229297 0.229293 0.229291 0.229291 0.229290 0.229287 0.229282 0.229270 0.229242 0.229179 0.229046 0.228774 0.228238 0.227227 0.225395 0.222223 0.216974 0.208689 0.196242 0.178479 0.154460 0.123754 0.086737 0.044745 0.000000 
50.000000 41.318657 33.055292 25.567586 19.107109 13.797593 9.639299 6.534159 4.321951 2.817242 1.839350 1.231645 0.870214 0.664309 0.551845 0.492901 0.463227 0.448867 0.442180 0.439181 0.437884 0.437344 0.437126 0.437041 0.437010 0.436998 0.436994 0.436992 0.436991 0.436990 0.436986 0.436977 0.436955 0.436905 0.436794 0.436557 0.436070 0.435107 0.433279 0.429951 0.424150 0.414487 0.399127 0.375881 0.342461 0.296940 0.238356 0.167327 0.086414 0.000000 
50.000000 41.382598 33.180086 25.747509 19.334579 14.064120 9.936396 6.854067 4.658097 3.164422 2.193693 1.590435 1.231645 1.027242 0.915599 0.857083 0.827625 0.813369 0.806730 0.803753 0.802466 0.801929 0.801713 0.801629 0.801597 0.801586 0.801582 0.801580 0.801578 0.801576 0.801570 0.801554 0.801518 0.801434 0.801247 0.800845 0.800016 0.798366 0.795217 0.789449 0.779324 0.762329 0.735093 0.693516 0.633210 0.550341 0.442805 0.311486 0.161088 0.000000 
50.000000 41.490083 33.389872 26.049972 19.716981 14.512193 10.435876 7.391910 5.223253 3.748142 2.789467 2.193693 1.839350 1.637478 1.527214 1.469421 1.440327 1.426246 1.419689 1.416749 1.415478 1.414947 1.414734 1.414651 1.414620 1.414608 1.414604 1.414602 1.414600 1.414596 1.414586 1.414562 1.414504 1.414370 1.414071 1.413424 1.412082 1.409399 1.404244 1.394734 1.377910 1.349422 1.303335 1.232262 1.128070 0.983341 0.793577 0.559714 0.289996 0.000000 
50.000000 41.663009 33.727384 26.536598 20.332233 15.233121 11.239535 8.257318 6.132629 4.687406 3.748142 3.164422 2.817242 2.619447 2.511409 2.454781 2.426273 2.412476 2.406050 2.403169 2.401923 2.401404 2.401194 2.401113 2.401082 2.401071 2.401067 2.401065 2.401062 2.401056 2.401042 2.401006 2.400919 2.400716 2.400262 2.399278 2.397224 2.393092 2.385098 2.370232 2.343703 2.298334 2.224126 2.108306 1.936320 1.694224 1.372612 0.971524 0.504623 0.000000 
50.000000 41.929046 34.246633 27.285263 21.278804 16.342302 12.476029 9.588848 7.531838 6.132629 5.223253 4.658097 4.321951 4.130438 4.025829 3.970997 3.943392 3.930032 3.923810 3.921019 3.919813 3.919310 3.919107 3.919028 3.918998 3.918987 3.918983 3.918981 3.918977 3.918969 3.918949 3.918898 3.918775 3.918487 3.917839 3.916428 3.913464 3.907464 3.895768 3.873831 3.834295 3.765919 3.652653 3.473351 3.202933 2.815943 2.293163 1.630883 0.850083 0.000000 
50.000000 42.320104 35.009907 28.385783 22.670267 17.972834 14.293756 11.546324 9.588848 8.257318 7.391910 6.854067 6.534159 6.351892 6.252331 6.200143 6.173869 6.161152 6.155229 6.152573 6.151424 6.150945 6.150752 6.150677 6.150649 6.150639 6.150635 6.150632 6.150628 6.150617 6.150590 6.150523 6.150359 6.149976 6.149109 6.147212 6.143203 6.135032 6.118974 6.088575 6.033191 5.936195 5.773162 5.510742 5.107472 4.518342 3.705069 2.652788 1.389846 0.000000 
50.000000 42.868928 36.081117 29.930318 24.623159 20.261296 16.844994 14.293756 12.476029 11.239535 10.435876 9.936396 9.639299 9.470024 9.377557 9.329086 9.304682 9.292870 9.287368 9.284901 9.283834 9.283389 9.283210 9.283140 9.283114 9.283104 9.283100 9.283097 9.283092 9.283079 9.283046 9.282963 9.282761 9.282287 9.281207 9.278831 9.273782 9.263418 9.242881 9.203614 9.131229 9.002678 8.783013 8.422497 7.855801 7.006312 5.799997 4.193289 2.214280 0.000000 
50.000000 43.603799 37.515467 31.998472 27.238145 23.325671 20.261296 17.972834 16.342302 15.233121 14.512193 14.064120 13.797593 13.645731 13.562772 13.519285 13.497389 13.486790 13.481854 13.479640 13.478683 13.478283 13.478123 13.478060 13.478036 13.478028 13.478024 13.478021 13.478015 13.478001 13.477963 13.477869 13.477639 13.477096 13.475856 13.473114 13.467251 13.455131 13.430909 13.384124 13.296801 13.139368 12.865362 12.405495 11.662835 10.513203 8.818939 6.469233 3.460029 0.000000 
50.000000 44.542016 39.346727 34.638946 30.576814 27.238145 24.623159 22.670267 21.278804 20.332233 19.716981 19.334579 19.107109 18.977497 18.906691 18.869573 18.850883 18.841837 18.837623 18.835733 18.834916 18.834575 18.834437 18.834384 18.834364 18.834356 18.834353 18.834350 18.834344 18.834329 18.834291 18.834193 18.833955 18.833391 18.832096 18.829220 18.823037 18.810169 18.784238 18.733641 18.638009 18.462861 18.151925 17.616847 16.724942 15.288407 13.065643 9.801585 5.359950 0.000000 
50.000000 45.683512 41.574770 37.851559 34.638946 31.998472 29.930318 28.385783 27.285263 26.536598 26.049972 25.747509 25.567586 25.465064 25.409056 25.379694 25.364909 25.357753 25.354419 25.352924 25.352277 25.352007 25.351899 25.351857 25.351841 25.351835 25.351832 25.351829 25.351824 25.351810 25.351775 25.351686 25.351467 25.350947 25.349749 25.347079 25.341310 25.329230 25.304704 25.256395 25.163986 24.992100 24.680714 24.130320 23.179533 21.573303 18.925780 14.708296 8.381465 0.000000 
50.000000 47.006421 44.156912 41.574770 39.346727 37.515467 36.081117 35.009907 34.246633 33.727384 33.389872 33.180086 33.055292 32.984181 32.945332 32.924965 32.914710 32.909745 32.907433 32.906396 32.905947 32.905760 32.905685 32.905655 32.905644 32.905640 32.905638 32.905636 32.905632 32.905622 32.905594 32.905526 32.905357 32.904954 32.904026 32.901949 32.897444 32.887964 32.868601 32.830158 32.755860 32.615750 32.357119 31.887827 31.046234 29.545142 26.866473 22.078456 13.639024 0.000000 
50.000000 48.466306 47.006421 45.683512 44.542016 43.603799 42.868928 42.320104 41.929046 41.663009 41.490083 41.382598 41.318657 41.282222 41.262316 41.251881 41.246626 41.244082 41.242897 41.242366 41.242136 41.242040 41.242002 41.241986 41.241981 41.241979 41.241978 41.241977 41.241974 41.241969 41.241954 41.241916 41.241824 41.241604 41.241096 41.239956 41.237476 41.232243 41.221510 41.200087 41.158386 41.078963 40.930258 40.654649 40.143770 39.182066 37.302048 33.367397 24.233153 0.000000 
50.000000 50.000000 50.000000 50.000000 50.000000 50.000000 50.000000 50.000000 50.000000 50.000000 50.000000 50.000000 50.000000 50.000000 50.000000 50.000000 50.000000 50.000000 50.000000 50.000000 50.000000 50.000000 50.000000 50.000000 50.000000 50.000000 50.000000 50.000000 50.000000 50.000000 50.000000 50.000000 50.000000 50.000000 50.000000 50.000000 50.000000 50.000000 50.000000 50.000000 50.000000 50.000000 50.000000 50.000000 50.000000 50.000000 50.000000 50.000000 50.000000 50.000000 
