50.000000 50.000000 50.000000 50.000000 50.000000 50.000000 50.000000 50.000000 50.000000 50.000000 50.000000 50.000000 50.000000 50.000000 50.000000 50.000000 50.000000 50.000000 50.000000 50.000000 50.000000 50.000000 50.000000 50.000000 50.000000 50.000000 50.000000 50.000000 50.000000 50.000000 50.000000 50.000000 50.000000 50.000000 50.000000 50.000000 50.000000 50.000000 50.000000 50.000000 50.000000 50.000000 50.000000 50.000000 50.000000 50.000000 50.000000 50.000000 50.000000 50.000000 
50.000000 49.017344 48.065002 47.170486 46.356129 45.637493 45.022708 44.512768 44.102590 43.782578 43.540365 43.362469 43.235649 43.147872 43.088868 43.050337 43.025885 43.010800 43.001750 42.996469 42.993470 42.991811 42.990918 42.990449 42.990206 42.990080 42.990006 42.989945 42.989864 42.989719 42.989440 42.988902 42.987881 42.985979 42.982507 42.976293 42.965376 42.946532 42.914524 42.860909 42.772103 42.626096 42.386562 41.991490 41.329253 40.182963 38.086410 33.907559 24.508672 0.000000 
50.000000 48.065002 46.189698 44.428262 42.824675 41.409576 40.198978 39.194834 38.387138 37.756993 37.280047 36.929749 36.680026 36.507182 36.390998 36.315126 36.266978 36.237275 36.219456 36.209057 36.203151 36.199886 36.198127 36.197203 36.196725 36.196477 36.196333 36.196216 36.196062 36.195787 36.195260 36.194245 36.192319 36.188738 36.182211 36.170551 36.150118 36.114956 36.055465 35.956325 35.793245 35.527679 35.097959 34.403704 33.277150 31.428605 28.342407 23.094849 14.157443 0.000000 
50.000000 47.170486 44.428262 41.852546 39.507655 37.438390 35.668165 34.199838 33.018774 32.097340 31.399925 30.887703 30.522549 30.269812 30.099924 29.988985 29.918582 29.875151 29.849096 29.833891 29.825256 29.820482 29.817910 29.816559 29.815861 29.815499 29.815292 29.815127 29.814912 29.814536 29.813817 29.812433 29.809813 29.804952 29.796115 29.780379 29.752907 29.705857 29.626728 29.495878 29.282805 28.940504 28.396830 27.541135 26.203770 24.126334 20.926273 16.085855 9.084076 0.000000 
50.000000 46.356129 42.824675 39.507655 36.487897 33.823100 31.543413 29.652515 28.131559 26.944956 26.046845 25.387225 24.916996 24.591536 24.372766 24.229906 24.139248 24.083322 24.049771 24.030192 24.019073 24.012926 24.009615 24.007875 24.006978 24.006513 24.006251 24.006048 24.005793 24.005350 24.004508 24.002894 23.999845 23.994204 23.983984 23.965857 23.934368 23.880762 23.791279 23.644698 23.408862 23.035851 22.455395 21.566295 20.226358 18.243949 15.381321 11.396070 6.173166 0.000000 
50.000000 45.637493 41.409576 37.438390 33.823100 30.632782 27.903531 25.639751 23.818875 22.398292 21.323095 20.533419 19.970481 19.580856 19.318959 19.147938 19.039411 18.972461 18.932298 18.908861 18.895551 18.888192 18.884229 18.882147 18.881074 18.880522 18.880214 18.879985 18.879707 18.879236 18.878345 18.876643 18.873439 18.867531 18.856870 18.838050 18.805542 18.750581 18.659602 18.512100 18.277814 17.913174 17.357164 16.527162 15.316391 13.596742 11.234620 8.132426 4.308240 0.000000 
50.000000 45.022708 40.198978 35.668165 31.543413 27.903531 24.789702 22.206946 20.129514 18.508785 17.282112 16.381194 15.738959 15.294456 14.995674 14.800569 14.676759 14.600383 14.554566 14.527829 14.512646 14.504252 14.499731 14.497357 14.496135 14.495508 14.495165 14.494921 14.494639 14.494172 14.493299 14.491637 14.488521 14.482796 14.472513 14.454453 14.423448 14.371412 14.286027 14.149056 13.934275 13.605188 13.112882 12.394851 11.376369 9.977118 8.127031 5.795274 3.031219 0.000000 
50.000000 44.512768 39.194834 34.199838 29.652515 25.639751 22.206946 19.359632 17.069417 15.282696 13.930402 12.937230 12.229237 11.739226 11.409859 11.194785 11.058304 10.974113 10.923609 10.894137 10.877401 10.868148 10.863166 10.860550 10.859205 10.858518 10.858149 10.857898 10.857626 10.857192 10.856387 10.854865 10.852021 10.846819 10.837517 10.821271 10.793558 10.747390 10.672300 10.553092 10.368462 10.089688 9.679816 9.094064 8.282588 7.197120 5.803008 4.096875 2.126206 0.000000 
50.000000 44.102590 38.387138 33.018774 28.131559 23.818875 20.129514 17.069417 14.608067 12.687849 11.234527 10.167166 9.406294 8.879691 8.525732 8.294601 8.147934 8.057460 8.003187 7.971517 7.953533 7.943591 7.938237 7.935427 7.933984 7.933250 7.932862 7.932612 7.932361 7.931975 7.931273 7.929953 7.927498 7.923025 7.915068 7.901245 7.877815 7.839071 7.776592 7.678387 7.528034 7.304034 6.979729 6.524325 5.905702 5.095708 4.078270 2.859459 1.476493 0.000000 
50.000000 43.782578 37.756993 32.097340 26.944956 22.398292 18.508785 15.282696 12.687849 10.663496 9.131372 8.006145 7.204031 6.648890 6.275752 6.032101 5.877491 5.782118 5.724908 5.691524 5.672566 5.662087 5.656444 5.653483 5.651963 5.651194 5.650794 5.650550 5.650324 5.649996 5.649412 5.648322 5.646304 5.642645 5.636166 5.624974 5.606121 5.575165 5.525653 5.448549 5.331748 5.159815 4.914234 4.574509 4.120478 3.536094 2.814535 1.963748 1.010474 0.000000 
50.000000 43.540365 37.280047 31.399925 26.046845 21.323095 17.282112 13.930402 11.234527 9.131372 7.539617 6.370606 5.537287 4.960554 4.572907 4.319784 4.159166 4.060088 4.000655 3.965975 3.946282 3.935396 3.929535 3.926460 3.924884 3.924088 3.923681 3.923444 3.923245 3.922976 3.922510 3.921650 3.920065 3.917204 3.912162 3.903499 3.888993 3.865336 3.827785 3.769808 3.682823 3.556140 3.377309 3.133057 2.810995 2.402147 1.904046 1.323722 0.679456 0.000000 
50.000000 43.362469 36.929749 30.887703 25.387225 20.533419 16.381194 12.937230 10.167166 8.006145 6.370606 5.169447 4.313218 3.720634 3.322336 3.062261 2.897232 2.795435 2.734372 2.698741 2.678509 2.667324 2.661303 2.658144 2.656526 2.655713 2.655301 2.655073 2.654899 2.654684 2.654327 2.653675 2.652481 2.650336 2.646573 2.640141 2.629432 2.612077 2.584723 2.542821 2.480493 2.390574 2.264929 2.095167 1.873818 1.595946 1.260975 0.874284 0.447945 0.000000 
50.000000 43.235649 36.680026 30.522549 24.916996 19.970481 15.738959 12.229237 9.406294 7.204031 5.537287 4.313218 3.440663 2.836784 2.430898 2.165870 1.997700 1.893966 1.831742 1.795433 1.774816 1.763420 1.757285 1.754066 1.752419 1.751593 1.751179 1.750959 1.750807 1.750639 1.750374 1.749898 1.749034 1.747487 1.744787 1.740194 1.732586 1.720331 1.701141 1.671951 1.628866 1.567224 1.481847 1.367547 1.219900 1.036234 0.816691 0.565069 0.289117 0.000000 
50.000000 43.147872 36.507182 30.269812 24.591536 19.580856 15.294456 11.739227 8.879691 6.648890 4.960554 3.720634 2.836784 2.225092 1.813957 1.545503 1.375160 1.270087 1.207060 1.170283 1.149401 1.137857 1.131643 1.128384 1.126716 1.125882 1.125468 1.125254 1.125120 1.124990 1.124798 1.124463 1.123860 1.122786 1.120919 1.117757 1.112546 1.104198 1.091202 1.071561 1.042770 1.001876 0.945669 0.871008 0.775314 0.657168 0.516905 0.357064 0.182496 0.000000 
50.000000 43.088868 36.390998 30.099924 24.372766 19.318959 14.995674 11.409859 8.525732 6.275752 4.572907 3.322336 2.430898 1.813957 1.399295 1.128540 0.956738 0.850765 0.787199 0.750108 0.729047 0.717405 0.711138 0.707852 0.706171 0.705331 0.704917 0.704709 0.704589 0.704487 0.704352 0.704123 0.703716 0.702996 0.701749 0.699648 0.696200 0.690704 0.682195 0.669408 0.650778 0.624487 0.588588 0.541221 0.480909 0.406909 0.319546 0.220447 0.112575 0.000000 
50.000000 43.050337 36.315127 29.988985 24.229906 19.147939 14.800569 11.194785 8.294601 6.032101 4.319785 3.062261 2.165870 1.545503 1.128540 0.856284 0.683530 0.576970 0.513053 0.475757 0.454579 0.442873 0.436572 0.433267 0.431578 0.430734 0.430321 0.430117 0.430007 0.429926 0.429831 0.429680 0.429414 0.428947 0.428143 0.426792 0.424585 0.421084 0.415688 0.407623 0.395935 0.379534 0.357268 0.328057 0.291069 0.245923 0.192869 0.132916 0.067829 0.000000 
50.000000 43.025885 36.266979 29.918583 24.139249 19.039411 14.676760 11.058305 8.147935 5.877491 4.159166 2.897233 1.997701 1.375161 0.956739 0.683531 0.510173 0.403241 0.339101 0.301675 0.280424 0.268677 0.262354 0.259038 0.257343 0.256497 0.256084 0.255883 0.255780 0.255714 0.255648 0.255549 0.255381 0.255088 0.254585 0.253744 0.252376 0.250214 0.246898 0.241963 0.234847 0.224910 0.211487 0.193964 0.171881 0.145046 0.113631 0.078241 0.039906 0.000000 
50.000000 43.010800 36.237276 29.875152 24.083323 18.972462 14.600384 10.974115 8.057462 5.782120 4.060090 2.795437 1.893968 1.270089 0.850767 0.576972 0.403243 0.296082 0.231804 0.194298 0.173001 0.161230 0.154893 0.151570 0.149872 0.149025 0.148612 0.148413 0.148315 0.148259 0.148211 0.148148 0.148044 0.147866 0.147561 0.147054 0.146231 0.144937 0.142958 0.140027 0.135818 0.129966 0.122096 0.111865 0.099025 0.083479 0.065340 0.044957 0.022919 0.000000 
50.000000 43.001751 36.219458 29.849098 24.049774 18.932302 14.554570 10.923613 8.003192 5.724913 4.000661 2.734378 1.831747 1.207065 0.787204 0.513058 0.339105 0.231807 0.167447 0.129893 0.108569 0.096783 0.090438 0.087111 0.085411 0.084563 0.084150 0.083953 0.083858 0.083808 0.083772 0.083732 0.083669 0.083563 0.083384 0.083087 0.082607 0.081854 0.080708 0.079016 0.076596 0.073244 0.068753 0.062937 0.055662 0.046883 0.036668 0.025215 0.012849 0.000000 
50.000000 42.996471 36.209061 29.833897 24.030199 18.908869 14.527839 10.894148 7.971529 5.691535 3.965988 2.698754 1.795446 1.170296 0.750121 0.475770 0.301687 0.194309 0.129901 0.092319 0.070979 0.059184 0.052835 0.049505 0.047804 0.046956 0.046543 0.046347 0.046254 0.046207 0.046179 0.046153 0.046115 0.046054 0.045952 0.045783 0.045511 0.045085 0.044440 0.043490 0.042136 0.040267 0.037771 0.034550 0.030533 0.025698 0.020086 0.013805 0.007033 0.000000 
50.000000 42.993474 36.203160 29.825269 24.019090 18.895571 14.512669 10.877426 7.953560 5.672595 3.946312 2.678538 1.774847 1.149431 0.729078 0.454610 0.280454 0.173030 0.108595 0.070997 0.049649 0.037848 0.031497 0.028166 0.026464 0.025615 0.025203 0.025007 0.024915 0.024871 0.024848 0.024829 0.024807 0.024773 0.024716 0.024622 0.024472 0.024238 0.023884 0.023365 0.022627 0.021611 0.020259 0.018519 0.016355 0.013757 0.010746 0.007382 0.003760 0.000000 
50.000000 42.991822 36.199907 29.820512 24.012965 18.888239 14.504304 10.868206 7.943653 5.662152 3.935464 2.667393 1.763490 1.137928 0.717477 0.442945 0.268748 0.161299 0.096849 0.059243 0.037889 0.026086 0.019733 0.016401 0.014699 0.013850 0.013438 0.013242 0.013151 0.013109 0.013088 0.013074 0.013061 0.013041 0.013010 0.012960 0.012879 0.012753 0.012563 0.012286 0.011893 0.011354 0.010638 0.009718 0.008578 0.007211 0.005630 0.003866 0.001969 0.000000 
50.000000 42.990942 36.198174 29.817979 24.009703 18.884334 14.499850 10.863297 7.938377 5.656591 3.929687 2.661459 1.757443 1.131803 0.711299 0.436733 0.262515 0.155053 0.090595 0.052984 0.031628 0.019823 0.013469 0.010137 0.008434 0.007586 0.007174 0.006978 0.006887 0.006846 0.006826 0.006815 0.006806 0.006795 0.006779 0.006751 0.006708 0.006642 0.006541 0.006395 0.006188 0.005905 0.005530 0.005049 0.004454 0.003742 0.002921 0.002005 0.001021 0.000000 
50.000000 42.990501 36.197307 29.816710 24.008069 18.882378 14.497620 10.860838 7.935735 5.653806 3.926794 2.658487 1.754414 1.128736 0.708206 0.433623 0.259394 0.151925 0.087463 0.049850 0.028492 0.016687 0.010333 0.007000 0.005298 0.004449 0.004037 0.003841 0.003751 0.003710 0.003691 0.003681 0.003675 0.003668 0.003658 0.003643 0.003620 0.003583 0.003528 0.003448 0.003335 0.003181 0.002978 0.002717 0.002396 0.002012 0.001570 0.001077 0.000548 0.000000 
50.000000 42.990320 36.196950 29.816188 24.007397 18.881574 14.496702 10.859826 7.934648 5.652660 3.925604 2.657264 1.753168 1.127474 0.706933 0.432343 0.258110 0.150638 0.086174 0.048560 0.027202 0.015397 0.009042 0.005710 0.004007 0.003158 0.002746 0.002551 0.002460 0.002419 0.002400 0.002392 0.002386 0.002381 0.002375 0.002365 0.002349 0.002325 0.002289 0.002236 0.002163 0.002062 0.001929 0.001760 0.001551 0.001302 0.001016 0.000697 0.000355 0.000000 
50.000000 42.990320 36.196950 29.816188 24.007397 18.881574 14.496702 10.859826 7.934648 5.652660 3.925604 2.657264 1.753168 1.127474 0.706933 0.432343 0.258110 0.150638 0.086174 0.048560 0.027202 0.015397 0.009042 0.005710 0.004007 0.003158 0.002746 0.002551 0.002460 0.002419 0.002400 0.002392 0.002386 0.002381 0.002375 0.002365 0.002349 0.002325 0.002289 0.002236 0.002163 0.002062 0.001929 0.001760 0.001551 0.001302 0.001016 0.000697 0.000355 0.000000 
50.000000 42.990501 36.197307 29.816710 24.008069 18.882378 14.497620 10.860838 7.935735 5.653806 3.926794 2.658487 1.754414 1.128736 0.708206 0.433623 0.259394 0.151925 0.087463 0.049850 0.028492 0.016687 0.010333 0.007000 0.005298 0.004449 0.004037 0.003841 0.003751 0.003710 0.003691 0.003681 0.003675 0.003668 0.003658 0.003643 0.003620 0.003583 0.003528 0.003448 0.003335 0.003181 0.002978 0.002717 0.002396 0.002012 0.001570 0.001077 0.000548 0.000000 
50.000000 42.990942 36.198174 29.817979 24.009703 18.884334 14.499850 10.863297 7.938377 5.656591 3.929687 2.661459 1.757443 1.131803 0.711299 0.436733 0.262515 0.155053 0.090595 0.052984 0.031628 0.019823 0.013469 0.010137 0.008434 0.007586 0.007174 0.006978 0.006887 0.006846 0.006826 0.006815 0.006806 0.006795 0.006779 0.006751 0.006708 0.006642 0.006541 0.006395 0.006188 0.005905 0.005530 0.005049 0.004454 0.003742 0.002921 0.002005 0.001021 0.000000 
50.000000 42.991822 36.199907 29.820512 24.012965 18.888239 14.504304 10.868206 7.943653 5.662152 3.935464 2.667393 1.763490 1.137928 0.717477 0.442945 0.268748 0.161299 0.096849 0.059243 0.037889 0.026086 0.019733 0.016401 0.014699 0.013850 0.013438 0.013242 0.013151 0.013109 0.013088 0.013074 0.013061 0.013041 0.013010 0.012960 0.012879 0.012753 0.012563 0.012286 0.011893 0.011354 0.010638 0.009718 0.008578 0.007211 0.005630 0.003866 0.001969 0.000000 
50.000000 42.993474 36.203160 29.825269 24.019090 18.895571 14.512669 10.877426 7.953560 5.672595 3.946312 2.678538 1.774847 1.149431 0.729078 0.454610 0.280454 0.173030 0.108595 0.070997 0.049649 0.037848 0.031497 0.028166 0.026464 0.025615 0.025203 0.025007 0.024915 0.024871 0.024848 0.024829 0.024807 0.024773 0.024716 0.024622 0.024472 0.024238 0.023884 0.023365 0.022627 0.021611 0.020259 0.018519 0.016355 0.013757 0.010746 0.007382 0.003760 0.000000 
50.000000 42.996471 36.209061 29.833897 24.030199 18.908869 14.527839 10.894148 7.971529 5.691535 3.965988 2.698754 1.795446 1.170296 0.750121 0.475770 0.301687 0.194309 0.129901 0.092319 0.070979 0.059184 0.052835 0.049505 0.047804 0.046956 0.046543 0.046347 0.046254 0.046207 0.046179 0.046153 0.046115 0.046054 0.045952 0.045783 0.045511 0.045085 0.044440 0.043490 0.042136 0.040267 0.037771 0.034550 0.030533 0.025698 0.020086 0.013805 0.007033 0.000000 
50.000000 43.001751 36.219458 29.849098 24.049774 18.932302 14.554570 10.923613 8.003192 5.724913 4.000661 2.734378 1.831747 1.207065 0.787204 0.513058 0.339105 0.231807 0.167447 0.129893 0.108569 0.096783 0.090438 0.087111 0.085411 0.084563 0.084150 0.083953 0.083858 0.083808 0.083772 0.083732 0.083669 0.083563 0.083384 0.083087 0.082607 0.081854 0.080708 0.079016 0.076596 0.073244 0.068753 0.062937 0.055662 0.046883 0.036668 0.025215 0.012849 0.000000 
50.000000 43.010800 36.237276 29.875152 24.083323 18.972462 14.600384 10.974115 8.057462 5.782120 4.060090 2.795437 1.893968 1.270089 0.850767 0.576972 0.403243 0.296082 0.231804 0.194298 0.173001 0.161230 0.154893 0.151570 0.149872 0.149025 0.148612 0.148413 0.148315 0.148259 0.148211 0.148148 0.148044 0.147866 0.147561 0.147054 0.146231 0.144937 0.142958 0.140027 0.135818 0.129966 0.122096 0.111865 0.099025 0.083479 0.065340 0.044957 0.022919 0.000000 
50.000000 43.025885 36.266979 29.918583 24.139249 19.039411 14.676760 11.058305 8.147935 5.877491 4.159166 2.897233 1.997701 1.375161 0.956739 0.683531 0.510173 0.403241 0.339101 0.301675 0.280424 0.268677 0.262354 0.259038 0.257343 0.256497 0.256084 0.255883 0.255780 0.255714 0.255648 0.255549 0.255381 0.255088 0.254585 0.253744 0.252376 0.250214 0.246898 0.241963 0.234847 0.224910 0.211487 0.193964 0.171881 0.145046 0.113631 0.078241 0.039906 0.000000 
50.000000 43.050337 36.315127 29.988985 24.229906 19.147939 14.800569 11.194785 8.294601 6.032101 4.319785 3.062261 2.165870 1.545503 1.128540 0.856284 0.683530 0.576970 0.513053 0.475757 0.454579 0.442873 0.436572 0.433267 0.431578 0.430734 0.430321 0.430117 0.430007 0.429926 0.429831 0.429680 0.429414 0.428947 0.428143 0.426792 0.424585 0.421084 0.415688 0.407623 0.395935 0.379534 0.357268 0.328057 0.291069 0.245923 0.192869 0.132916 0.067829 0.000000 
50.000000 43.088868 36.390998 30.099924 24.372766 19.318959 14.995674 11.409859 8.525732 6.275752 4.572907 3.322336 2.430898 1.813957 1.399295 1.128540 0.956738 0.850765 0.787199 0.750108 0.729047 0.717405 0.711138 0.707852 0.706171 0.705331 0.704917 0.704709 0.704589 0.704487 0.704352 0.704123 0.703716 0.702996 0.701749 0.699648 0.696200 0.690704 0.682195 0.669408 0.650778 0.624487 0.588588 0.541221 0.480909 0.406909 0.319546 0.220447 0.112575 0.000000 
50.000000 43.147872 36.507182 30.269812 24.591536 19.580856 15.294456 11.739227 8.879691 6.648890 4.960554 3.720634 2.836784 2.225092 1.813957 1.545503 1.375160 1.270087 1.207060 1.170283 1.149401 1.137857 1.131643 1.128384 1.126716 1.125882 1.125468 1.125254 1.125120 1.124990 1.124798 1.124463 1.123860 1.122786 1.120919 1.117757 1.112546 1.104198 1.091202 1.071561 1.042770 1.001876 0.945669 0.871008 0.775314 0.657168 0.516905 0.357064 0.182496 0.000000 
50.000000 43.235649 36.680026 30.522549 24.916996 19.970481 15.738959 12.229237 9.406294 7.204031 5.537287 4.313218 3.440663 2.836784 2.430898 2.165870 1.997700 1.893966 1.831742 1.795433 1.774816 1.763420 1.757285 1.754066 1.752419 1.751593 1.751179 1.750959 1.750807 1.750639 1.750374 1.749898 1.749034 1.747487 1.744787 1.740194 1.732586 1.720331 1.701141 1.671951 1.628866 1.567224 1.481847 1.367547 1.219900 1.036234 0.816691 0.565069 0.289117 0.000000 
50.000000 43.362469 36.929749 30.887703 25.387225 20.533419 16.381194 12.937230 10.167166 8.006145 6.370606 5.169447 4.313218 3.720634 3.322336 3.062261 2.897232 2.795435 2.734372 2.698741 2.678509 2.667324 2.661303 2.658144 2.656526 2.655713 2.655301 2.655073 2.654899 2.654684 2.654327 2.653675 2.652481 2.650336 2.646573 2.640141 2.629432 2.612077 2.584723 2.542821 2.480493 2.390574 2.264929 2.095167 1.873818 1.595946 1.260975 0.874284 0.447945 0.000000 
50.000000 43.540365 37.280047 31.399925 26.046845 21.323095 17.282112 13.930402 11.234527 9.131372 7.539617 6.370606 5.537287 4.960554 4.572907 4.319784 4.159166 4.060088 4.000655 3.965975 3.946282 3.935396 3.929535 3.926460 3.924884 3.924088 3.923681 3.923444 3.923245 3.922976 3.922510 3.921650 3.920065 3.917204 3.912162 3.903499 3.888993 3.865336 3.827785 3.769808 3.682823 3.556140 3.377309 3.133057 2.810995 2.402147 1.904046 1.323722 0.679456 0.000000 
50.000000 43.782578 37.756993 32.097340 26.944956 22.398292 18.508785 15.282696 12.687849 10.663496 9.131372 8.006145 7.204031 6.648890 6.275752 6.032101 5.877491 5.782118 5.724908 5.691524 5.672566 5.662087 5.656444 5.653483 5.651963 5.651194 5.650794 5.650550 5.650324 5.649996 5.649412 5.648322 5.646304 5.642645 5.636166 5.624974 5.606121 5.575165 5.525653 5.448549 5.331748 5.159815 4.914234 4.574509 4.120478 3.536094 2.814535 1.963748 1.010474 0.000000 
50.000000 44.102590 38.387138 33.018774 28.131559 23.818875 20.129514 17.069417 14.608067 12.687849 11.234527 10.167166 9.406294 8.879691 8.525732 8.294601 8.147934 8.057460 8.003187 7.971517 7.953533 7.943591 7.938237 7.935427 7.933984 7.933250 7.932862 7.932612 7.932361 7.931975 7.931273 7.929953 7.927498 7.923025 7.915068 7.901245 7.877815 7.839071 7.776592 7.678387 7.528034 7.304034 6.979729 6.524325 5.905702 5.095708 4.078270 2.859459 1.476493 0.000000 
50.000000 44.512768 39.194834 34.199838 29.652515 25.639751 22.206946 19.359632 17.069417 15.282696 13.930402 12.937230 12.229237 11.739226 11.409859 11.194785 11.058304 10.974113 10.923609 10.894137 10.877401 10.868148 10.863166 10.860550 10.859205 10.858518 10.858149 10.857898 10.857626 10.857192 10.856387 10.854865 10.852021 10.846819 10.837517 10.821271 10.793558 10.747390 10.672300 10.553092 10.368462 10.089688 9.679816 9.094064 8.282588 7.197120 5.803008 4.096875 2.126206 0.000000 
50.000000 45.022708 40.198978 35.668165 31.543413 27.903531 24.789702 22.206946 20.129514 18.508785 17.282112 16.381194 15.738959 15.294456 14.995674 14.800569 14.676759 14.600383 14.554566 14.527829 14.512646 14.504252 14.499731 14.497357 14.496135 14.495508 14.495165 14.494921 14.494639 14.494172 14.493299 14.491637 14.488521 14.482796 14.472513 14.454453 14.423448 14.371412 14.286027 14.149056 13.934275 13.605188 13.112882 12.394851 11.376369 9.977118 8.127031 5.795274 3.031219 0.000000 
50.000000 45.637493 41.409576 37.438390 33.823100 30.632782 27.903531 25.639751 23.818875 22.398292 21.323095 20.533419 19.970481 19.580856 19.318959 19.147938 19.039411 18.972461 18.932298 18.908861 18.895551 18.888192 18.884229 18.882147 18.881074 18.880522 18.880214 18.879985 18.879707 18.879236 18.878345 18.876643 18.873439 18.867531 18.856870 18.838050 18.805542 18.750581 18.659602 18.512100 18.277814 17.913174 17.357164 16.527162 15.316391 13.596742 11.234620 8.132426 4.308240 0.000000 
50.000000 46.356129 42.824675 39.507655 36.487897 33.823100 31.543413 29.652515 28.131559 26.944956 26.046845 25.387225 24.916996 24.591536 24.372766 24.229906 24.139248 24.083322 24.049771 24.030192 24.019073 24.012926 24.009615 24.007875 24.006978 24.006513 24.006251 24.006048 24.005793 24.005350 24.004508 24.002894 23.999845 23.994204 23.983984 23.965857 23.934368 23.880762 23.791279 23.644698 23.408862 23.035851 22.455395 21.566295 20.226358 18.243949 15.381321 11.396070 6.173166 0.000000 
50.000000 47.170486 44.428262 41.852546 39.507655 37.438390 35.668165 34.199838 33.018774 32.097340 31.399925 30.887703 30.522549 30.269812 30.099924 29.988985 29.918582 29.875151 29.849096 29.833891 29.825256 29.820482 29.817910 29.816559 29.815861 29.815499 29.815292 29.815127 29.814912 29.814536 29.813817 29.812433 29.809813 29.804952 29.796115 29.780379 29.752907 29.705857 29.626728 29.495878 29.282805 28.940504 28.396830 27.541135 26.203770 24.126334 20.926273 16.085855 9.084076 0.000000 
50.000000 48.065002 46.189698 44.428262 42.824675 41.409576 40.198978 39.194834 38.387138 37.756993 37.280047 36.929749 36.680026 36.507182 36.390998 36.315126 36.266978 36.237275 36.219456 36.209057 36.203151 36.199886 36.198127 36.197203 36.196725 36.196477 36.196333 36.196216 36.196062 36.195787 36.195260 36.194245 36.192319 36.188738 36.182211 36.170551 36.150118 36.114956 36.055465 35.956325 35.793245 35.527679 35.097959 34.403704 33.277150 31.428605 28.342407 23.094849 14.157443 0.000000 
50.000000 49.017344 48.065002 47.170486 46.356129 45.637493 45.022708 44.512768 44.102590 43.782578 43.540365 43.362469 43.235649 43.147872 43.088868 43.050337 43.025885 43.010800 43.001750 42.996469 42.993470 42.991811 42.990918 42.990449 42.990206 42.990080 42.990006 42.989945 42.989864 42.989719 42.989440 42.988902 42.987881 42.985979 42.982507 42.976293 42.965376 42.946532 42.914524 42.860909 42.772103 42.626096 42.386562 41.991490 41.329253 40.182963 38.086410 33.907559 24.508672 0.000000 
50.000000 50.000000 50.000000 50.000000 50.000000 50.000000 50.000000 50.000000 50.000000 50.000000 50.000000 50.000000 50.000000 50.000000 50.000000 50.000000 50.000000 50.000000 50.000000 50.000000 50.000000 50.000000 50.000000 50.000000 50.000000 50.000000 50.000000 50.000000 50.000000 50.000000 50.000000 50.000000 50.000000 50.000000 50.000000 50.000000 50.000000 50.000000 50.000000 50.000000 50.000000 50.000000 50.000000 50.000000 50.000000 50.000000 50.000000 50.000000 50.000000 50.000000 
