50.000000 50.000000 50.000000 50.000000 50.000000 50.000000 50.000000 50.000000 50.000000 50.000000 50.000000 50.000000 50.000000 50.000000 50.000000 50.000000 50.000000 50.000000 50.000000 50.000000 50.000000 50.000000 50.000000 50.000000 50.000000 50.000000 50.000000 50.000000 50.000000 50.000000 50.000000 50.000000 50.000000 50.000000 50.000000 50.000000 50.000000 50.000000 50.000000 50.000000 50.000000 50.000000 50.000000 50.000000 50.000000 50.000000 50.000000 50.000000 50.000000 50.000000 
50.000000 48.853899 47.749030 46.722178 45.802035 45.006948 44.344322 43.811585 43.398282 43.088779 42.864984 42.708673 42.603175 42.534340 42.490902 42.464380 42.448702 42.439727 42.434749 42.432071 42.430675 42.429968 42.429620 42.429454 42.429376 42.429340 42.429320 42.429303 42.429277 42.429223 42.429110 42.428871 42.428380 42.427391 42.425451 42.421729 42.414747 42.401932 42.378879 42.338155 42.267326 42.145599 41.937809 41.582904 40.969840 39.881773 37.851887 33.746844 24.426950 0.000000 
50.000000 47.749030 45.579042 43.562282 41.755104 40.193540 38.892137 37.845838 37.034112 36.426251 35.986720 35.679731 35.472536 35.337348 35.252038 35.199950 35.169161 35.151535 35.141758 35.136499 35.133757 35.132368 35.131685 35.131359 35.131206 35.131135 35.131096 35.131064 35.131015 35.130915 35.130702 35.130255 35.129336 35.127491 35.123875 35.116950 35.103995 35.080290 35.037813 34.963166 34.834244 34.614809 34.245402 33.627460 32.594327 30.856398 27.896858 22.789521 14.002186 0.000000 
50.000000 46.722178 43.562282 40.625520 37.993952 35.720047 33.824990 32.301413 31.119418 30.234285 29.594271 29.147257 28.845558 28.648711 28.524493 28.448648 28.403818 28.378154 28.363918 28.356262 28.352268 28.350247 28.349253 28.348778 28.348556 28.348452 28.348397 28.348352 28.348285 28.348150 28.347863 28.347263 28.346031 28.343562 28.338734 28.329521 28.312349 28.281079 28.225384 28.128268 27.962237 27.683466 27.222850 26.472246 25.263527 23.338412 20.312760 15.665424 8.870291 0.000000 
50.000000 45.802035 41.755104 37.993952 34.623676 31.711476 29.284479 27.333247 25.819488 24.685924 23.866282 23.293815 22.907449 22.655362 22.496289 22.399162 22.341754 22.308890 22.290660 22.280857 22.275743 22.273154 22.271882 22.271273 22.270989 22.270857 22.270788 22.270734 22.270655 22.270500 22.270172 22.269485 22.268079 22.265270 22.259795 22.249390 22.230092 22.195160 22.133410 22.026746 21.846573 21.548732 21.066548 20.301783 19.114044 17.311838 14.655540 10.898706 5.920262 0.000000 
50.000000 45.006948 40.193540 35.720047 31.711476 28.247751 25.361137 23.040403 21.240000 19.891798 18.916969 18.236121 17.776613 17.476808 17.287626 17.172118 17.103846 17.064763 17.043084 17.031426 17.025345 17.022267 17.020754 17.020031 17.019693 17.019537 17.019457 17.019397 17.019314 17.019153 17.018815 17.018109 17.016668 17.013798 17.008229 16.997693 16.978263 16.943332 16.882098 16.777407 16.602814 16.318782 15.868147 15.171462 14.123876 12.597432 10.456520 7.599212 4.037108 0.000000 
50.000000 44.344322 38.892137 33.824990 29.284479 25.361137 22.091506 19.462861 17.423601 15.896551 14.792417 14.021268 13.500822 13.161263 12.946999 12.816179 12.738858 12.694596 12.670045 12.656843 12.649956 12.646470 12.644757 12.643938 12.643557 12.643380 12.643292 12.643230 12.643149 12.642995 12.642673 12.642005 12.640645 12.637948 12.632736 12.622925 12.604945 12.572853 12.517083 12.422732 12.267374 12.018523 11.631099 11.045753 10.189675 8.982696 7.352744 5.264677 2.761418 0.000000 
50.000000 43.811585 37.845838 32.301413 27.333247 23.040403 19.462861 16.586691 14.355426 12.684614 11.476548 10.632821 10.063401 9.691895 9.457476 9.314352 9.229761 9.181338 9.154479 9.140036 9.132503 9.128690 9.126816 9.125920 9.125503 9.125311 9.125217 9.125155 9.125081 9.124942 9.124657 9.124066 9.122869 9.120503 9.115952 9.107432 9.091914 9.064421 9.017057 8.937747 8.808738 8.605061 8.293345 7.831762 7.172256 6.266700 5.078562 3.600436 1.873776 0.000000 
50.000000 43.398282 37.034112 31.119418 25.819488 21.240000 17.423601 14.355426 11.975229 10.192913 8.904238 8.004225 7.396827 7.000548 6.750501 6.597839 6.507611 6.455963 6.427316 6.411911 6.403877 6.399810 6.397811 6.396856 6.396412 6.396208 6.396111 6.396051 6.395985 6.395868 6.395629 6.395137 6.394144 6.392191 6.388450 6.381485 6.368879 6.346706 6.308828 6.246019 6.145006 5.987614 5.750365 5.405078 4.921218 4.270756 3.435952 2.419304 1.252683 0.000000 
50.000000 43.088779 36.426251 30.234285 24.685924 19.891798 15.896551 12.684614 10.192913 8.327118 6.978101 6.035955 5.400129 4.985310 4.723568 4.563768 4.469323 4.415262 4.385277 4.369153 4.360744 4.356487 4.354395 4.353396 4.352932 4.352719 4.352620 4.352563 4.352506 4.352412 4.352223 4.351835 4.351055 4.349527 4.346615 4.341222 4.331520 4.314574 4.285855 4.238666 4.163559 4.047907 3.875876 3.629177 3.288983 2.839351 2.272049 1.592007 0.821453 0.000000 
50.000000 42.864984 35.986720 29.594271 23.866282 18.916969 14.792417 11.476548 8.904238 6.978101 5.585466 4.612868 3.956499 3.528282 3.258090 3.093133 2.995641 2.939838 2.908886 2.892243 2.883563 2.879170 2.877011 2.875980 2.875500 2.875282 2.875182 2.875128 2.875080 2.875007 2.874864 2.874573 2.873990 2.872853 2.870697 2.866723 2.859615 2.847282 2.826537 2.792733 2.739435 2.658220 2.538801 2.369685 2.139562 1.839537 1.466003 1.023554 0.526829 0.000000 
50.000000 42.708673 35.679731 29.147257 23.293815 18.236121 14.021268 10.632821 8.004225 6.035955 4.612868 3.619012 2.948302 2.510734 2.234645 2.066089 1.966472 1.909452 1.877827 1.860822 1.851953 1.847464 1.845258 1.844205 1.843716 1.843493 1.843392 1.843341 1.843302 1.843248 1.843144 1.842935 1.842520 1.841712 1.840187 1.837390 1.832416 1.823837 1.809506 1.786332 1.750100 1.695397 1.615764 1.504185 1.354023 1.160405 0.921873 0.641918 0.329795 0.000000 
50.000000 42.603175 35.472536 28.845558 22.907449 17.776613 13.500822 10.063401 7.396827 5.400129 3.956499 2.948302 2.267920 1.824045 1.543979 1.372997 1.271948 1.214108 1.182028 1.164779 1.155783 1.151230 1.148993 1.147924 1.147428 1.147204 1.147103 1.147054 1.147021 1.146981 1.146909 1.146766 1.146482 1.145933 1.144900 1.143015 1.139680 1.133960 1.124465 1.109217 1.085555 1.050120 0.998980 0.927969 0.833281 0.712289 0.564480 0.392247 0.201243 0.000000 
50.000000 42.534340 35.337348 28.648711 22.655362 17.476808 13.161263 9.691895 7.000548 4.985310 3.528282 2.510734 1.824045 1.376059 1.093401 0.920837 0.818854 0.760480 0.728104 0.710696 0.701617 0.697022 0.694764 0.693686 0.693186 0.692960 0.692859 0.692812 0.692784 0.692755 0.692707 0.692613 0.692427 0.692068 0.691397 0.690177 0.688029 0.684366 0.678318 0.668667 0.653790 0.631669 0.599981 0.556319 0.498545 0.425270 0.336361 0.233352 0.119593 0.000000 
50.000000 42.490902 35.252039 28.524493 22.496289 17.287626 12.946999 9.457476 6.750501 4.723568 3.258090 2.234645 1.543979 1.093401 0.809108 0.635548 0.532976 0.474266 0.441704 0.424195 0.415064 0.410443 0.408172 0.407088 0.406585 0.406357 0.406257 0.406211 0.406187 0.406166 0.406135 0.406074 0.405957 0.405732 0.405313 0.404554 0.403223 0.400964 0.397255 0.391367 0.382346 0.369016 0.350044 0.324074 0.289933 0.246899 0.194973 0.135088 0.069174 0.000000 
50.000000 42.464380 35.199950 28.448648 22.399162 17.172118 12.816179 9.314352 6.597839 4.563768 3.093133 2.066089 1.372997 0.920837 0.635548 0.461380 0.358449 0.299534 0.266858 0.249289 0.240126 0.235488 0.233209 0.232122 0.231617 0.231389 0.231288 0.231244 0.231222 0.231207 0.231186 0.231149 0.231078 0.230942 0.230690 0.230235 0.229440 0.228097 0.225903 0.222436 0.217153 0.209389 0.198401 0.183444 0.163889 0.139367 0.109914 0.076075 0.038928 0.000000 
50.000000 42.448702 35.169161 28.403818 22.341754 17.103846 12.738858 9.229761 6.507611 4.469323 2.995642 1.966472 1.271948 0.818854 0.532976 0.358449 0.255306 0.196270 0.163527 0.145922 0.136740 0.132093 0.129810 0.128720 0.128214 0.127986 0.127885 0.127841 0.127821 0.127809 0.127796 0.127774 0.127732 0.127653 0.127507 0.127243 0.126786 0.126015 0.124760 0.122788 0.119796 0.115421 0.109258 0.100910 0.090047 0.076484 0.060256 0.041669 0.021311 0.000000 
50.000000 42.439727 35.151535 28.378154 22.308890 17.064763 12.694597 9.181338 6.455963 4.415262 2.939838 1.909452 1.214108 0.760480 0.474266 0.299534 0.196270 0.137164 0.104383 0.086758 0.077565 0.072913 0.070627 0.069536 0.069029 0.068801 0.068700 0.068657 0.068638 0.068628 0.068619 0.068606 0.068583 0.068538 0.068456 0.068309 0.068054 0.067626 0.066933 0.065848 0.064208 0.061819 0.058470 0.053952 0.048096 0.040811 0.032123 0.022199 0.011348 0.000000 
50.000000 42.434749 35.141758 28.363918 22.290660 17.043085 12.670046 9.154480 6.427316 4.385277 2.908887 1.877827 1.182029 0.728105 0.441704 0.266858 0.163528 0.104384 0.071581 0.053944 0.044746 0.040091 0.037803 0.036711 0.036205 0.035976 0.035876 0.035833 0.035814 0.035805 0.035799 0.035792 0.035779 0.035754 0.035710 0.035630 0.035493 0.035264 0.034893 0.034314 0.033443 0.032180 0.030414 0.028041 0.024976 0.021176 0.016655 0.011503 0.005878 0.000000 
50.000000 42.432072 35.136500 28.356263 22.280858 17.031427 12.656844 9.140038 6.411913 4.369155 2.892245 1.860823 1.164781 0.710698 0.424197 0.249290 0.145923 0.086759 0.053945 0.036302 0.027101 0.022444 0.020155 0.019063 0.018556 0.018328 0.018227 0.018184 0.018166 0.018158 0.018154 0.018149 0.018142 0.018129 0.018106 0.018064 0.017993 0.017873 0.017681 0.017382 0.016934 0.016285 0.015382 0.014172 0.012614 0.010687 0.008400 0.005798 0.002962 0.000000 
50.000000 42.430675 35.133758 28.352271 22.275745 17.025348 12.649960 9.132507 6.403881 4.360748 2.883567 1.851957 1.155788 0.701622 0.415069 0.240130 0.136745 0.077570 0.044750 0.027103 0.017900 0.013243 0.010954 0.009861 0.009355 0.009126 0.009026 0.008983 0.008965 0.008957 0.008953 0.008951 0.008947 0.008940 0.008928 0.008907 0.008871 0.008811 0.008714 0.008564 0.008340 0.008017 0.007568 0.006969 0.006198 0.005248 0.004123 0.002845 0.001453 0.000000 
50.000000 42.429970 35.132372 28.350252 22.273161 17.022275 12.646480 9.128700 6.399820 4.356498 2.879181 1.847475 1.151242 0.697034 0.410455 0.235500 0.132105 0.072924 0.040102 0.022454 0.013250 0.008592 0.006303 0.005210 0.004703 0.004475 0.004374 0.004332 0.004314 0.004306 0.004303 0.004301 0.004299 0.004295 0.004290 0.004279 0.004261 0.004232 0.004185 0.004112 0.004003 0.003846 0.003629 0.003340 0.002969 0.002512 0.001973 0.001361 0.000695 0.000000 
50.000000 42.429625 35.131695 28.349266 22.271899 17.020774 12.644780 9.126840 6.397837 4.354423 2.877039 1.845287 1.149022 0.694794 0.408201 0.233239 0.129839 0.070656 0.037832 0.020183 0.010979 0.006321 0.004032 0.002939 0.002432 0.002203 0.002103 0.002060 0.002042 0.002035 0.002032 0.002031 0.002029 0.002028 0.002025 0.002020 0.002011 0.001997 0.001974 0.001939 0.001887 0.001813 0.001710 0.001573 0.001397 0.001182 0.000928 0.000640 0.000327 0.000000 
50.000000 42.429465 35.131382 28.348811 22.271315 17.020080 12.643994 9.125981 6.396921 4.353463 2.876049 1.844275 1.147996 0.693758 0.407160 0.232194 0.128792 0.069608 0.036783 0.019134 0.009929 0.005271 0.002982 0.001889 0.001382 0.001154 0.001053 0.001010 0.000993 0.000985 0.000982 0.000981 0.000980 0.000979 0.000978 0.000975 0.000971 0.000964 0.000953 0.000936 0.000911 0.000874 0.000824 0.000758 0.000673 0.000569 0.000447 0.000308 0.000157 0.000000 
50.000000 42.429404 35.131260 28.348634 22.271089 17.019812 12.643690 9.125648 6.396566 4.353092 2.875665 1.843883 1.147598 0.693357 0.406757 0.231789 0.128387 0.069202 0.036377 0.018727 0.009523 0.004864 0.002575 0.001483 0.000976 0.000747 0.000647 0.000604 0.000586 0.000579 0.000576 0.000575 0.000574 0.000573 0.000573 0.000571 0.000569 0.000564 0.000558 0.000548 0.000533 0.000511 0.000482 0.000443 0.000393 0.000332 0.000261 0.000180 0.000092 0.000000 
50.000000 42.429404 35.131260 28.348634 22.271089 17.019812 12.643690 9.125648 6.396566 4.353092 2.875665 1.843883 1.147598 0.693357 0.406757 0.231789 0.128387 0.069202 0.036377 0.018727 0.009523 0.004864 0.002575 0.001483 0.000976 0.000747 0.000647 0.000604 0.000586 0.000579 0.000576 0.000575 0.000574 0.000573 0.000573 0.000571 0.000569 0.000564 0.000558 0.000548 0.000533 0.000511 0.000482 0.000443 0.000393 0.000332 0.000261 0.000180 0.000092 0.000000 
50.000000 42.429465 35.131382 28.348811 22.271315 17.020080 12.643994 9.125981 6.396921 4.353463 2.876049 1.844275 1.147996 0.693758 0.407160 0.232194 0.128792 0.069608 0.036783 0.019134 0.009929 0.005271 0.002982 0.001889 0.001382 0.001154 0.001053 0.001010 0.000993 0.000985 0.000982 0.000981 0.000980 0.000979 0.000978 0.000975 0.000971 0.000964 0.000953 0.000936 0.000911 0.000874 0.000824 0.000758 0.000673 0.000569 0.000447 0.000308 0.000157 0.000000 
50.000000 42.429625 35.131695 28.349266 22.271899 17.020774 12.644780 9.126840 6.397837 4.354423 2.877039 1.845287 1.149022 0.694794 0.408201 0.233239 0.129839 0.070656 0.037832 0.020183 0.010979 0.006321 0.004032 0.002939 0.002432 0.002203 0.002103 0.002060 0.002042 0.002035 0.002032 0.002031 0.002029 0.002028 0.002025 0.002020 0.002011 0.001997 0.001974 0.001939 0.001887 0.001813 0.001710 0.001573 0.001397 0.001182 0.000928 0.000640 0.000327 0.000000 
50.000000 42.429970 35.132372 28.350252 22.273161 17.022275 12.646480 9.128700 6.399820 4.356498 2.879181 1.847475 1.151242 0.697034 0.410455 0.235500 0.132105 0.072924 0.040102 0.022454 0.013250 0.008592 0.006303 0.005210 0.004703 0.004475 0.004374 0.004332 0.004314 0.004306 0.004303 0.004301 0.004299 0.004295 0.004290 0.004279 0.004261 0.004232 0.004185 0.004112 0.004003 0.003846 0.003629 0.003340 0.002969 0.002512 0.001973 0.001361 0.000695 0.000000 
50.000000 42.430675 35.133758 28.352271 22.275745 17.025348 12.649960 9.132507 6.403881 4.360748 2.883567 1.851957 1.155788 0.701622 0.415069 0.240130 0.136745 0.077570 0.044750 0.027103 0.017900 0.013243 0.010954 0.009861 0.009355 0.009126 0.009026 0.008983 0.008965 0.008957 0.008953 0.008951 0.008947 0.008940 0.008928 0.008907 0.008871 0.008811 0.008714 0.008564 0.008340 0.008017 0.007568 0.006969 0.006198 0.005248 0.004123 0.002845 0.001453 0.000000 
50.000000 42.432072 35.136500 28.356263 22.280858 17.031427 12.656844 9.140038 6.411913 4.369155 2.892245 1.860823 1.164781 0.710698 0.424197 0.249290 0.145923 0.086759 0.053945 0.036302 0.027101 0.022444 0.020155 0.019063 0.018556 0.018328 0.018227 0.018184 0.018166 0.018158 0.018154 0.018149 0.018142 0.018129 0.018106 0.018064 0.017993 0.017873 0.017681 0.017382 0.016934 0.016285 0.015382 0.014172 0.012614 0.010687 0.008400 0.005798 0.002962 0.000000 
50.000000 42.434749 35.141758 28.363918 22.290660 17.043085 12.670046 9.154480 6.427316 4.385277 2.908887 1.877827 1.182029 0.728105 0.441704 0.266858 0.163528 0.104384 0.071581 0.053944 0.044746 0.040091 0.037803 0.036711 0.036205 0.035976 0.035876 0.035833 0.035814 0.035805 0.035799 0.035792 0.035779 0.035754 0.035710 0.035630 0.035493 0.035264 0.034893 0.034314 0.033443 0.032180 0.030414 0.028041 0.024976 0.021176 0.016655 0.011503 0.005878 0.000000 
50.000000 42.439727 35.151535 28.378154 22.308890 17.064763 12.694597 9.181338 6.455963 4.415262 2.939838 1.909452 1.214108 0.760480 0.474266 0.299534 0.196270 0.137164 0.104383 0.086758 0.077565 0.072913 0.070627 0.069536 0.069029 0.068801 0.068700 0.068657 0.068638 0.068628 0.068619 0.068606 0.068583 0.068538 0.068456 0.068309 0.068054 0.067626 0.066933 0.065848 0.064208 0.061819 0.058470 0.053952 0.048096 0.040811 0.032123 0.022199 0.011348 0.000000 
50.000000 42.448702 35.169161 28.403818 22.341754 17.103846 12.738858 9.229761 6.507611 4.469323 2.995642 1.966472 1.271948 0.818854 0.532976 0.358449 0.255306 0.196270 0.163527 0.145922 0.136740 0.132093 0.129810 0.128720 0.128214 0.127986 0.127885 0.127841 0.127821 0.127809 0.127796 0.127774 0.127732 0.127653 0.127507 0.127243 0.126786 0.126015 0.124760 0.122788 0.119796 0.115421 0.109258 0.100910 0.090047 0.076484 0.060256 0.041669 0.021311 0.000000 
50.000000 42.464380 35.199950 28.448648 22.399162 17.172118 12.816179 9.314352 6.597839 4.563768 3.093133 2.066089 1.372997 0.920837 0.635548 0.461380 0.358449 0.299534 0.266858 0.249289 0.240126 0.235488 0.233209 0.232122 0.231617 0.231389 0.231288 0.231244 0.231222 0.231207 0.231186 0.231149 0.231078 0.230942 0.230690 0.230235 0.229440 0.228097 0.225903 0.222436 0.217153 0.209389 0.198401 0.183444 0.163889 0.139367 0.109914 0.076075 0.038928 0.000000 
50.000000 42.490902 35.252039 28.524493 22.496289 17.287626 12.946999 9.457476 6.750501 4.723568 3.258090 2.234645 1.543979 1.093401 0.809108 0.635548 0.532976 0.474266 0.441704 0.424195 0.415064 0.410443 0.408172 0.407088 0.406585 0.406357 0.406257 0.406211 0.406187 0.406166 0.406135 0.406074 0.405957 0.405732 0.405313 0.404554 0.403223 0.400964 0.397255 0.391367 0.382346 0.369016 0.350044 0.324074 0.289933 0.246899 0.194973 0.135088 0.069174 0.000000 
50.000000 42.534340 35.337348 28.648711 22.655362 17.476808 13.161263 9.691895 7.000548 4.985310 3.528282 2.510734 1.824045 1.376059 1.093401 0.920837 0.818854 0.760480 0.728104 0.710696 0.701617 0.697022 0.694764 0.693686 0.693186 0.692960 0.692859 0.692812 0.692784 0.692755 0.692707 0.692613 0.692427 0.692068 0.691397 0.690177 0.688029 0.684366 0.678318 0.668667 0.653790 0.631669 0.599981 0.556319 0.498545 0.425270 0.336361 0.233352 0.119593 0.000000 
50.000000 42.603175 35.472536 28.845558 22.907449 17.776613 13.500822 10.063401 7.396827 5.400129 3.956499 2.948302 2.267920 1.824045 1.543979 1.372997 1.271948 1.214108 1.182028 1.164779 1.155783 1.151230 1.148993 1.147924 1.147428 1.147204 1.147103 1.147054 1.147021 1.146981 1.146909 1.146766 1.146482 1.145933 1.144900 1.143015 1.139680 1.133960 1.124465 1.109217 1.085555 1.050120 0.998980 0.927969 0.833281 0.712289 0.564480 0.392247 0.201243 0.000000 
50.000000 42.708673 35.679731 29.147257 23.293815 18.236121 14.021268 10.632821 8.004225 6.035955 4.612868 3.619012 2.948302 2.510734 2.234645 2.066089 1.966472 1.909452 1.877827 1.860822 1.851953 1.847464 1.845258 1.844205 1.843716 1.843493 1.843392 1.843341 1.843302 1.843248 1.843144 1.842935 1.842520 1.841712 1.840187 1.837390 1.832416 1.823837 1.809506 1.786332 1.750100 1.695397 1.615764 1.504185 1.354023 1.160405 0.921873 0.641918 0.329795 0.000000 
50.000000 42.864984 35.986720 29.594271 23.866282 18.916969 14.792417 11.476548 8.904238 6.978101 5.585466 4.612868 3.956499 3.528282 3.258090 3.093133 2.995641 2.939838 2.908886 2.892243 2.883563 2.879170 2.877011 2.875980 2.875500 2.875282 2.875182 2.875128 2.875080 2.875007 2.874864 2.874573 2.873990 2.872853 2.870697 2.866723 2.859615 2.847282 2.826537 2.792733 2.739435 2.658220 2.538801 2.369685 2.139562 1.839537 1.466003 1.023554 0.526829 0.000000 
50.000000 43.088779 36.426251 30.234285 24.685924 19.891798 15.896551 12.684614 10.192913 8.327118 6.978101 6.035955 5.400129 4.985310 4.723568 4.563768 4.469323 4.415262 4.385277 4.369153 4.360744 4.356487 4.354395 4.353396 4.352932 4.352719 4.352620 4.352563 4.352506 4.352412 4.352223 4.351835 4.351055 4.349527 4.346615 4.341222 4.331520 4.314574 4.285855 4.238666 4.163559 4.047907 3.875876 3.629177 3.288983 2.839351 2.272049 1.592007 0.821453 0.000000 
50.000000 43.398282 37.034112 31.119418 25.819488 21.240000 17.423601 14.355426 11.975229 10.192913 8.904238 8.004225 7.396827 7.000548 6.750501 6.597839 6.507611 6.455963 6.427316 6.411911 6.403877 6.399810 6.397811 6.396856 6.396412 6.396208 6.396111 6.396051 6.395985 6.395868 6.395629 6.395137 6.394144 6.392191 6.388450 6.381485 6.368879 6.346706 6.308828 6.246019 6.145006 5.987614 5.750365 5.405078 4.921218 4.270756 3.435952 2.419304 1.252683 0.000000 
50.000000 43.811585 37.845838 32.301413 27.333247 23.040403 19.462861 16.586691 14.355426 12.684614 11.476548 10.632821 10.063401 9.691895 9.457476 9.314352 9.229761 9.181338 9.154479 9.140036 9.132503 9.128690 9.126816 9.125920 9.125503 9.125311 9.125217 9.125155 9.125081 9.124942 9.124657 9.124066 9.122869 9.120503 9.115952 9.107432 9.091914 9.064421 9.017057 8.937747 8.808738 8.605061 8.293345 7.831762 7.172256 6.266700 5.078562 3.600436 1.873776 0.000000 
50.000000 44.344322 38.892137 33.824990 29.284479 25.361137 22.091506 19.462861 17.423601 15.896551 14.792417 14.021268 13.500822 13.161263 12.946999 12.816179 12.738858 12.694596 12.670045 12.656843 12.649956 12.646470 12.644757 12.643938 12.643557 12.643380 12.643292 12.643230 12.643149 12.642995 12.642673 12.642005 12.640645 12.637948 12.632736 12.622925 12.604945 12.572853 12.517083 12.422732 12.267374 12.018523 11.631099 11.045753 10.189675 8.982696 7.352744 5.264677 2.761418 0.000000 
50.000000 45.006948 40.193540 35.720047 31.711476 28.247751 25.361137 23.040403 21.240000 19.891798 18.916969 18.236121 17.776613 17.476808 17.287626 17.172118 17.103846 17.064763 17.043084 17.031426 17.025345 17.022267 17.020754 17.020031 17.019693 17.019537 17.019457 17.019397 17.019314 17.019153 17.018815 17.018109 17.016668 17.013798 17.008229 16.997693 16.978263 16.943332 16.882098 16.777407 16.602814 16.318782 15.868147 15.171462 14.123876 12.597432 10.456520 7.599212 4.037108 0.000000 
50.000000 45.802035 41.755104 37.993952 34.623676 31.711476 29.284479 27.333247 25.819488 24.685924 23.866282 23.293815 22.907449 22.655362 22.496289 22.399162 22.341754 22.308890 22.290660 22.280857 22.275743 22.273154 22.271882 22.271273 22.270989 22.270857 22.270788 22.270734 22.270655 22.270500 22.270172 22.269485 22.268079 22.265270 22.259795 22.249390 22.230092 22.195160 22.133410 22.026746 21.846573 21.548732 21.066548 20.301783 19.114044 17.311838 14.655540 10.898706 5.920262 0.000000 
50.000000 46.722178 43.562282 40.625520 37.993952 35.720047 33.824990 32.301413 31.119418 30.234285 29.594271 29.147257 28.845558 28.648711 28.524493 28.448648 28.403818 28.378154 28.363918 28.356262 28.352268 28.350247 28.349253 28.348778 28.348556 28.348452 28.348397 28.348352 28.348285 28.348150 28.347863 28.347263 28.346031 28.343562 28.338734 28.329521 28.312349 28.281079 28.225384 28.128268 27.962237 27.683466 27.222850 26.472246 25.263527 23.338412 20.312760 15.665424 8.870291 0.000000 
50.000000 47.749030 45.579042 43.562282 41.755104 40.193540 38.892137 37.845838 37.034112 36.426251 35.986720 35.679731 35.472536 35.337348 35.252038 35.199950 35.169161 35.151535 35.141758 35.136499 35.133757 35.132368 35.131685 35.131359 35.131206 35.131135 35.131096 35.131064 35.131015 35.130915 35.130702 35.130255 35.129336 35.127491 35.123875 35.116950 35.103995 35.080290 35.037813 34.963166 34.834244 34.614809 34.245402 33.627460 32.594327 30.856398 27.896858 22.789521 14.002186 0.000000 
50.000000 48.853899 47.749030 46.722178 45.802035 45.006948 44.344322 43.811585 43.398282 43.088779 42.864984 42.708673 42.603175 42.534340 42.490902 42.464380 42.448702 42.439727 42.434749 42.432071 42.430675 42.429968 42.429620 42.429454 42.429376 42.429340 42.429320 42.429303 42.429277 42.429223 42.429110 42.428871 42.428380 42.427391 42.425451 42.421729 42.414747 42.401932 42.378879 42.338155 42.267326 42.145599 41.937809 41.582904 40.969840 39.881773 37.851887 33.746844 24.426950 0.000000 
50.000000 50.000000 50.000000 50.000000 50.000000 50.000000 50.000000 50.000000 50.000000 50.000000 50.000000 50.000000 50.000000 50.000000 50.000000 50.000000 50.000000 50.000000 50.000000 50.000000 50.000000 50.000000 50.000000 50.000000 50.000000 50.000000 50.000000 50.000000 50.000000 50.000000 50.000000 50.000000 50.000000 50.000000 50.000000 50.000000 50.000000 50.000000 50.000000 50.000000 50.000000 50.000000 50.000000 50.000000 50.000000 50.000000 50.000000 50.000000 50.000000 50.000000 
