50.000000 50.000000 50.000000 50.000000 50.000000 50.000000 50.000000 50.000000 50.000000 50.000000 50.000000 50.000000 50.000000 50.000000 50.000000 50.000000 50.000000 50.000000 50.000000 50.000000 50.000000 50.000000 50.000000 50.000000 50.000000 50.000000 50.000000 50.000000 50.000000 50.000000 50.000000 50.000000 50.000000 50.000000 50.000000 50.000000 50.000000 50.000000 50.000000 50.000000 50.000000 50.000000 50.000000 50.000000 50.000000 50.000000 50.000000 50.000000 50.000000 50.000000 
50.000000 48.692975 47.439566 46.286797 45.269858 44.409179 43.710135 43.165095 42.756975 42.463363 42.260314 42.125262 42.038823 41.985552 41.953920 41.935813 41.925814 41.920484 41.917739 41.916373 41.915715 41.915409 41.915271 41.915210 41.915184 41.915173 41.915168 41.915163 41.915154 41.915133 41.915085 41.914976 41.914733 41.914208 41.913103 41.910838 41.906316 41.897511 41.880769 41.849633 41.792858 41.690987 41.510231 41.190780 40.622481 39.588812 37.622529 33.589016 24.346488 0.000000 
50.000000 47.439566 44.984165 42.725920 40.733768 39.047726 37.678330 36.610623 35.811141 35.235976 34.838219 34.573667 34.404342 34.299990 34.238028 34.202560 34.182973 34.172532 34.167156 34.164480 34.163192 34.162591 34.162321 34.162202 34.162151 34.162130 34.162119 34.162110 34.162093 34.162054 34.161965 34.161762 34.161312 34.160341 34.158299 34.154122 34.145803 34.129654 34.099073 34.042499 33.940062 33.758049 33.439592 32.888468 31.939700 30.304290 27.464615 22.492083 13.850549 0.000000 
50.000000 46.286797 42.725920 39.450969 36.561922 34.116812 32.130915 30.582537 29.423145 28.589060 28.012253 27.628616 27.383075 27.231753 27.141905 27.090473 27.062071 27.046932 27.039136 27.035256 27.033388 27.032518 27.032125 27.031954 27.031880 27.031849 27.031834 27.031821 27.031798 27.031747 27.031629 27.031360 27.030765 27.029483 27.026796 27.021317 27.010445 26.989444 26.949914 26.877356 26.747314 26.519392 26.128007 25.468190 24.374099 22.588277 19.725484 15.261305 8.664267 0.000000 
50.000000 45.269858 40.733768 36.561922 32.881683 29.766975 27.237255 25.264883 23.788028 22.725567 21.990837 21.502172 21.189413 20.996670 20.882229 20.816721 20.780548 20.761265 20.751336 20.746395 20.744016 20.742908 20.742408 20.742189 20.742096 20.742056 20.742037 20.742022 20.741996 20.741939 20.741806 20.741504 20.740838 20.739408 20.736420 20.730352 20.718371 20.695366 20.652390 20.574246 20.435868 20.197075 19.795284 19.135942 18.081306 16.440841 13.973645 10.429478 5.681046 0.000000 
50.000000 44.409179 39.047726 34.116812 29.766975 26.085590 23.095648 20.764475 19.018980 17.763274 16.894921 16.317393 15.947766 15.719982 15.584738 15.507323 15.464576 15.441789 15.430057 15.424218 15.421407 15.420098 15.419507 15.419249 15.419138 15.419092 15.419070 15.419054 15.419027 15.418969 15.418835 15.418533 15.417868 15.416442 15.413477 15.407484 15.395717 15.373275 15.331699 15.256871 15.126038 14.903828 14.537358 13.951040 13.042795 11.685669 9.742713 7.108026 3.786698 0.000000 
50.000000 43.710135 37.678330 32.130915 27.237255 23.095648 19.731955 17.109407 15.145767 13.733147 12.756300 12.106625 11.690832 11.434602 11.282472 11.195394 11.147311 11.121682 11.108486 11.101918 11.098757 11.097285 11.096620 11.096330 11.096206 11.096154 11.096130 11.096113 11.096088 11.096034 11.095911 11.095634 11.095024 11.093724 11.091031 11.085615 11.075045 11.055031 11.018272 10.952797 10.839751 10.650674 10.344623 9.865978 9.144609 8.101313 6.662725 4.789862 2.519355 0.000000 
50.000000 43.165095 36.610623 30.582537 25.264883 20.764475 17.109407 14.259716 12.126029 10.591101 9.529694 8.823792 8.372021 8.093627 7.928341 7.833734 7.781496 7.753652 7.739316 7.732182 7.728748 7.727148 7.726427 7.726111 7.725977 7.725921 7.725896 7.725879 7.725857 7.725811 7.725705 7.725468 7.724950 7.723849 7.721577 7.717034 7.708222 7.691658 7.661493 7.608307 7.517575 7.367968 7.129858 6.764784 6.227116 5.469599 4.454531 3.171031 1.654863 0.000000 
50.000000 42.756975 35.811141 29.423145 23.788028 19.018980 15.145767 12.126029 9.865047 8.238569 7.113871 6.365890 5.887197 5.592218 5.417089 5.316851 5.261504 5.232004 5.216816 5.209258 5.205620 5.203925 5.203161 5.202826 5.202684 5.202625 5.202599 5.202584 5.202565 5.202528 5.202443 5.202253 5.201840 5.200966 5.199172 5.195601 5.188718 5.175871 5.152668 5.112147 5.043789 4.932524 4.758060 4.495093 4.115152 3.590952 2.903754 2.053093 1.065988 0.000000 
50.000000 42.463363 35.235976 28.589060 22.725567 17.763274 13.733147 10.591101 8.238569 6.546253 5.376045 4.597808 4.099760 3.792860 3.610656 3.506371 3.448791 3.418101 3.402301 3.394438 3.390654 3.388891 3.388096 3.387748 3.387600 3.387539 3.387513 3.387499 3.387483 3.387455 3.387390 3.387247 3.386937 3.386283 3.384946 3.382299 3.377228 3.367828 3.350980 3.321821 3.273127 3.194780 3.073526 2.893396 2.637236 2.289698 1.841746 1.295914 0.670505 0.000000 
50.000000 42.260314 34.838219 28.012253 21.990837 16.894921 12.756300 9.529694 7.113871 5.376045 4.174380 3.375234 2.863812 2.548675 2.361584 2.254503 2.195380 2.163869 2.147646 2.139573 2.135688 2.133878 2.133061 2.132704 2.132553 2.132490 2.132464 2.132451 2.132439 2.132418 2.132371 2.132269 2.132048 2.131585 2.130641 2.128782 2.125241 2.118718 2.107113 2.087190 2.054224 2.001724 1.921386 1.803504 1.638050 1.416591 1.134897 0.795720 0.410680 0.000000 
50.000000 42.125262 34.573667 27.628616 21.502172 16.317393 12.106625 8.823792 6.365890 4.597808 3.375234 2.562190 2.041880 1.721270 1.530933 1.421995 1.361848 1.329791 1.313288 1.305075 1.301123 1.299282 1.298451 1.298088 1.297934 1.297871 1.297844 1.297832 1.297823 1.297808 1.297776 1.297707 1.297557 1.297245 1.296611 1.295370 1.293017 1.288709 1.281095 1.268120 1.246827 1.213222 1.162299 1.088354 0.985694 0.849782 0.678702 0.474594 0.244494 0.000000 
50.000000 42.038823 34.404342 27.383075 21.189413 15.947766 11.690832 8.372021 5.887197 4.099760 2.863812 2.041880 1.515887 1.191778 0.999365 0.889241 0.828439 0.796034 0.779351 0.771050 0.767054 0.765193 0.764354 0.763987 0.763831 0.763767 0.763741 0.763729 0.763722 0.763712 0.763691 0.763646 0.763550 0.763349 0.762943 0.762152 0.760660 0.757944 0.753171 0.745093 0.731933 0.711326 0.680363 0.635800 0.574491 0.494046 0.393631 0.274688 0.141312 0.000000 
50.000000 41.985552 34.299990 27.231753 20.996670 15.719982 11.434602 8.093627 5.592218 3.792860 2.548675 1.721270 1.191778 0.865515 0.671825 0.560970 0.499766 0.467146 0.450353 0.441997 0.437975 0.436102 0.435257 0.434888 0.434731 0.434666 0.434640 0.434629 0.434623 0.434616 0.434603 0.434576 0.434516 0.434393 0.434145 0.433663 0.432758 0.431118 0.428253 0.423433 0.415632 0.403500 0.385405 0.359557 0.324265 0.278299 0.221308 0.154186 0.079235 0.000000 
50.000000 41.953920 34.238028 27.141905 20.882229 15.584738 11.282472 7.928341 5.417089 3.610656 2.361584 1.530933 0.999365 0.671825 0.477377 0.366090 0.304646 0.271900 0.255041 0.246653 0.242616 0.240735 0.239887 0.239516 0.239359 0.239294 0.239268 0.239258 0.239252 0.239248 0.239240 0.239223 0.239188 0.239116 0.238970 0.238689 0.238162 0.237213 0.235563 0.232801 0.228357 0.221488 0.211307 0.196857 0.177254 0.151878 0.120588 0.083906 0.043082 0.000000 
50.000000 41.935813 34.202560 27.090473 20.816721 15.507323 11.195394 7.833734 5.316851 3.506371 2.254503 1.421995 0.889241 0.560970 0.366090 0.254555 0.192975 0.160156 0.143260 0.134853 0.130807 0.128923 0.128073 0.127701 0.127543 0.127478 0.127452 0.127442 0.127438 0.127434 0.127430 0.127420 0.127400 0.127359 0.127277 0.127119 0.126825 0.126297 0.125384 0.123862 0.121425 0.117679 0.112157 0.104363 0.093846 0.080302 0.063677 0.044261 0.022710 0.000000 
50.000000 41.925814 34.182973 27.062071 20.780548 15.464576 11.147311 7.781496 5.261504 3.448791 2.195380 1.361848 0.828439 0.499766 0.304646 0.192975 0.131320 0.098461 0.081545 0.073128 0.069077 0.067190 0.066339 0.065967 0.065809 0.065744 0.065718 0.065708 0.065704 0.065701 0.065699 0.065693 0.065683 0.065660 0.065616 0.065531 0.065373 0.065090 0.064603 0.063796 0.062508 0.060538 0.057647 0.053587 0.048133 0.041140 0.032589 0.022632 0.011606 0.000000 
50.000000 41.920484 34.172532 27.046932 20.761265 15.441789 11.121682 7.753652 5.232004 3.418101 2.163869 1.329791 0.796034 0.467146 0.271900 0.160156 0.098461 0.065581 0.048654 0.040231 0.036178 0.034290 0.033438 0.033066 0.032908 0.032843 0.032817 0.032807 0.032803 0.032801 0.032799 0.032796 0.032790 0.032779 0.032756 0.032712 0.032630 0.032484 0.032234 0.031820 0.031164 0.030164 0.028702 0.026657 0.023922 0.020427 0.016167 0.011220 0.005751 0.000000 
50.000000 41.917739 34.167156 27.039136 20.751336 15.430057 11.108486 7.739316 5.216816 3.402301 2.147646 1.313288 0.779351 0.450353 0.255042 0.143261 0.081545 0.048654 0.031721 0.023296 0.019241 0.017352 0.016500 0.016128 0.015970 0.015905 0.015879 0.015869 0.015865 0.015864 0.015862 0.015861 0.015858 0.015852 0.015841 0.015818 0.015778 0.015705 0.015581 0.015377 0.015053 0.014563 0.013848 0.012852 0.011524 0.009832 0.007776 0.005393 0.002763 0.000000 
50.000000 41.916373 34.164480 27.035256 20.746395 15.424218 11.101919 7.732182 5.209258 3.394438 2.139573 1.305076 0.771050 0.441997 0.246653 0.134854 0.073128 0.040231 0.023296 0.014869 0.010814 0.008925 0.008073 0.007700 0.007542 0.007477 0.007451 0.007441 0.007437 0.007436 0.007435 0.007434 0.007433 0.007430 0.007424 0.007414 0.007394 0.007359 0.007300 0.007202 0.007048 0.006815 0.006477 0.006007 0.005383 0.004590 0.003627 0.002515 0.001288 0.000000 
50.000000 41.915715 34.163192 27.033389 20.744017 15.421408 11.098758 7.728749 5.205621 3.390654 2.135688 1.301124 0.767055 0.437976 0.242616 0.130808 0.069078 0.036178 0.019242 0.010814 0.006758 0.004869 0.004017 0.003644 0.003487 0.003422 0.003396 0.003386 0.003382 0.003380 0.003380 0.003379 0.003378 0.003377 0.003374 0.003369 0.003360 0.003344 0.003317 0.003272 0.003201 0.003094 0.002939 0.002724 0.002439 0.002079 0.001642 0.001138 0.000583 0.000000 
50.000000 41.915409 34.162592 27.032519 20.742909 15.420099 11.097286 7.727150 5.203927 3.388893 2.133880 1.299284 0.765195 0.436104 0.240737 0.128925 0.067192 0.034292 0.017354 0.008927 0.004871 0.002981 0.002129 0.001756 0.001599 0.001534 0.001508 0.001498 0.001494 0.001492 0.001492 0.001492 0.001491 0.001491 0.001489 0.001487 0.001483 0.001476 0.001463 0.001443 0.001411 0.001364 0.001295 0.001200 0.001074 0.000915 0.000722 0.000500 0.000256 0.000000 
50.000000 41.915272 34.162322 27.032128 20.742412 15.419511 11.096625 7.726432 5.203166 3.388101 2.133067 1.298457 0.764360 0.435263 0.239893 0.128078 0.066345 0.033444 0.016506 0.008078 0.004022 0.002133 0.001281 0.000908 0.000750 0.000685 0.000659 0.000649 0.000645 0.000644 0.000643 0.000643 0.000643 0.000643 0.000642 0.000641 0.000639 0.000636 0.000631 0.000622 0.000608 0.000587 0.000558 0.000516 0.000462 0.000393 0.000310 0.000215 0.000110 0.000000 
50.000000 41.915213 34.162207 27.031961 20.742199 15.419260 11.096342 7.726125 5.202841 3.387763 2.132720 1.298104 0.764002 0.434904 0.239532 0.127717 0.065983 0.033081 0.016144 0.007716 0.003660 0.001770 0.000918 0.000546 0.000388 0.000323 0.000297 0.000287 0.000283 0.000282 0.000281 0.000281 0.000281 0.000281 0.000280 0.000280 0.000279 0.000278 0.000275 0.000271 0.000265 0.000256 0.000243 0.000225 0.000201 0.000171 0.000135 0.000094 0.000048 0.000000 
50.000000 41.915191 34.162165 27.031900 20.742121 15.419168 11.096239 7.726013 5.202722 3.387640 2.132593 1.297975 0.763872 0.434773 0.239401 0.127585 0.065851 0.032950 0.016012 0.007584 0.003528 0.001638 0.000786 0.000414 0.000256 0.000191 0.000165 0.000155 0.000151 0.000150 0.000149 0.000149 0.000149 0.000149 0.000149 0.000148 0.000148 0.000147 0.000146 0.000144 0.000140 0.000136 0.000129 0.000119 0.000106 0.000091 0.000071 0.000049 0.000025 0.000000 
50.000000 41.915191 34.162165 27.031900 20.742121 15.419168 11.096239 7.726013 5.202722 3.387640 2.132593 1.297975 0.763872 0.434773 0.239401 0.127585 0.065851 0.032950 0.016012 0.007584 0.003528 0.001638 0.000786 0.000414 0.000256 0.000191 0.000165 0.000155 0.000151 0.000150 0.000149 0.000149 0.000149 0.000149 0.000149 0.000148 0.000148 0.000147 0.000146 0.000144 0.000140 0.000136 0.000129 0.000119 0.000106 0.000091 0.000071 0.000049 0.000025 0.000000 
50.000000 41.915213 34.162207 27.031961 20.742199 15.419260 11.096342 7.726125 5.202841 3.387763 2.132720 1.298104 0.764002 0.434904 0.239532 0.127717 0.065983 0.033081 0.016144 0.007716 0.003660 0.001770 0.000918 0.000546 0.000388 0.000323 0.000297 0.000287 0.000283 0.000282 0.000281 0.000281 0.000281 0.000281 0.000280 0.000280 0.000279 0.000278 0.000275 0.000271 0.000265 0.000256 0.000243 0.000225 0.000201 0.000171 0.000135 0.000094 0.000048 0.000000 
50.000000 41.915272 34.162322 27.032128 20.742412 15.419511 11.096625 7.726432 5.203166 3.388101 2.133067 1.298457 0.764360 0.435263 0.239893 0.128078 0.066345 0.033444 0.016506 0.008078 0.004022 0.002133 0.001281 0.000908 0.000750 0.000685 0.000659 0.000649 0.000645 0.000644 0.000643 0.000643 0.000643 0.000643 0.000642 0.000641 0.000639 0.000636 0.000631 0.000622 0.000608 0.000587 0.000558 0.000516 0.000462 0.000393 0.000310 0.000215 0.000110 0.000000 
50.000000 41.915409 34.162592 27.032519 20.742909 15.420099 11.097286 7.727150 5.203927 3.388893 2.133880 1.299284 0.765195 0.436104 0.240737 0.128925 0.067192 0.034292 0.017354 0.008927 0.004871 0.002981 0.002129 0.001756 0.001599 0.001534 0.001508 0.001498 0.001494 0.001492 0.001492 0.001492 0.001491 0.001491 0.001489 0.001487 0.001483 0.001476 0.001463 0.001443 0.001411 0.001364 0.001295 0.001200 0.001074 0.000915 0.000722 0.000500 0.000256 0.000000 
50.000000 41.915715 34.163192 27.033389 20.744017 15.421408 11.098758 7.728749 5.205621 3.390654 2.135688 1.301124 0.767055 0.437976 0.242616 0.130808 0.069078 0.036178 0.019242 0.010814 0.006758 0.004869 0.004017 0.003644 0.003487 0.003422 0.003396 0.003386 0.003382 0.003380 0.003380 0.003379 0.003378 0.003377 0.003374 0.003369 0.003360 0.003344 0.003317 0.003272 0.003201 0.003094 0.002939 0.002724 0.002439 0.002079 0.001642 0.001138 0.000583 0.000000 
50.000000 41.916373 34.164480 27.035256 20.746395 15.424218 11.101919 7.732182 5.209258 3.394438 2.139573 1.305076 0.771050 0.441997 0.246653 0.134854 0.073128 0.040231 0.023296 0.014869 0.010814 0.008925 0.008073 0.007700 0.007542 0.007477 0.007451 0.007441 0.007437 0.007436 0.007435 0.007434 0.007433 0.007430 0.007424 0.007414 0.007394 0.007359 0.007300 0.007202 0.007048 0.006815 0.006477 0.006007 0.005383 0.004590 0.003627 0.002515 0.001288 0.000000 
50.000000 41.917739 34.167156 27.039136 20.751336 15.430057 11.108486 7.739316 5.216816 3.402301 2.147646 1.313288 0.779351 0.450353 0.255042 0.143261 0.081545 0.048654 0.031721 0.023296 0.019241 0.017352 0.016500 0.016128 0.015970 0.015905 0.015879 0.015869 0.015865 0.015864 0.015862 0.015861 0.015858 0.015852 0.015841 0.015818 0.015778 0.015705 0.015581 0.015377 0.015053 0.014563 0.013848 0.012852 0.011524 0.009832 0.007776 0.005393 0.002763 0.000000 
50.000000 41.920484 34.172532 27.046932 20.761265 15.441789 11.121682 7.753652 5.232004 3.418101 2.163869 1.329791 0.796034 0.467146 0.271900 0.160156 0.098461 0.065581 0.048654 0.040231 0.036178 0.034290 0.033438 0.033066 0.032908 0.032843 0.032817 0.032807 0.032803 0.032801 0.032799 0.032796 0.032790 0.032779 0.032756 0.032712 0.032630 0.032484 0.032234 0.031820 0.031164 0.030164 0.028702 0.026657 0.023922 0.020427 0.016167 0.011220 0.005751 0.000000 
50.000000 41.925814 34.182973 27.062071 20.780548 15.464576 11.147311 7.781496 5.261504 3.448791 2.195380 1.361848 0.828439 0.499766 0.304646 0.192975 0.131320 0.098461 0.081545 0.073128 0.069077 0.067190 0.066339 0.065967 0.065809 0.065744 0.065718 0.065708 0.065704 0.065701 0.065699 0.065693 0.065683 0.065660 0.065616 0.065531 0.065373 0.065090 0.064603 0.063796 0.062508 0.060538 0.057647 0.053587 0.048133 0.041140 0.032589 0.022632 0.011606 0.000000 
50.000000 41.935813 34.202560 27.090473 20.816721 15.507323 11.195394 7.833734 5.316851 3.506371 2.254503 1.421995 0.889241 0.560970 0.366090 0.254555 0.192975 0.160156 0.143260 0.134853 0.130807 0.128923 0.128073 0.127701 0.127543 0.127478 0.127452 0.127442 0.127438 0.127434 0.127430 0.127420 0.127400 0.127359 0.127277 0.127119 0.126825 0.126297 0.125384 0.123862 0.121425 0.117679 0.112157 0.104363 0.093846 0.080302 0.063677 0.044261 0.022710 0.000000 
50.000000 41.953920 34.238028 27.141905 20.882229 15.584738 11.282472 7.928341 5.417089 3.610656 2.361584 1.530933 0.999365 0.671825 0.477377 0.366090 0.304646 0.271900 0.255041 0.246653 0.242616 0.240735 0.239887 0.239516 0.239359 0.239294 0.239268 0.239258 0.239252 0.239248 0.239240 0.239223 0.239188 0.239116 0.238970 0.238689 0.238162 0.237213 0.235563 0.232801 0.228357 0.221488 0.211307 0.196857 0.177254 0.151878 0.120588 0.083906 0.043082 0.000000 
50.000000 41.985552 34.299990 27.231753 20.996670 15.719982 11.434602 8.093627 5.592218 3.792860 2.548675 1.721270 1.191778 0.865515 0.671825 0.560970 0.499766 0.467146 0.450353 0.441997 0.437975 0.436102 0.435257 0.434888 0.434731 0.434666 0.434640 0.434629 0.434623 0.434616 0.434603 0.434576 0.434516 0.434393 0.434145 0.433663 0.432758 0.431118 0.428253 0.423433 0.415632 0.403500 0.385405 0.359557 0.324265 0.278299 0.221308 0.154186 0.079235 0.000000 
50.000000 42.038823 34.404342 27.383075 21.189413 15.947766 11.690832 8.372021 5.887197 4.099760 2.863812 2.041880 1.515887 1.191778 0.999365 0.889241 0.828439 0.796034 0.779351 0.771050 0.767054 0.765193 0.764354 0.763987 0.763831 0.763767 0.763741 0.763729 0.763722 0.763712 0.763691 0.763646 0.763550 0.763349 0.762943 0.762152 0.760660 0.757944 0.753171 0.745093 0.731933 0.711326 0.680363 0.635800 0.574491 0.494046 0.393631 0.274688 0.141312 0.000000 
50.000000 42.125262 34.573667 27.628616 21.502172 16.317393 12.106625 8.823792 6.365890 4.597808 3.375234 2.562190 2.041880 1.721270 1.530933 1.421995 1.361848 1.329791 1.313288 1.305075 1.301123 1.299282 1.298451 1.298088 1.297934 1.297871 1.297844 1.297832 1.297823 1.297808 1.297776 1.297707 1.297557 1.297245 1.296611 1.295370 1.293017 1.288709 1.281095 1.268120 1.246827 1.213222 1.162299 1.088354 0.985694 0.849782 0.678702 0.474594 0.244494 0.000000 
50.000000 42.260314 34.838219 28.012253 21.990837 16.894921 12.756300 9.529694 7.113871 5.376045 4.174380 3.375234 2.863812 2.548675 2.361584 2.254503 2.195380 2.163869 2.147646 2.139573 2.135688 2.133878 2.133061 2.132704 2.132553 2.132490 2.132464 2.132451 2.132439 2.132418 2.132371 2.132269 2.132048 2.131585 2.130641 2.128782 2.125241 2.118718 2.107113 2.087190 2.054224 2.001724 1.921386 1.803504 1.638050 1.416591 1.134897 0.795720 0.410680 0.000000 
50.000000 42.463363 35.235976 28.589060 22.725567 17.763274 13.733147 10.591101 8.238569 6.546253 5.376045 4.597808 4.099760 3.792860 3.610656 3.506371 3.448791 3.418101 3.402301 3.394438 3.390654 3.388891 3.388096 3.387748 3.387600 3.387539 3.387513 3.387499 3.387483 3.387455 3.387390 3.387247 3.386937 3.386283 3.384946 3.382299 3.377228 3.367828 3.350980 3.321821 3.273127 3.194780 3.073526 2.893396 2.637236 2.289698 1.841746 1.295914 0.670505 0.000000 
50.000000 42.756975 35.811141 29.423145 23.788028 19.018980 15.145767 12.126029 9.865047 8.238569 7.113871 6.365890 5.887197 5.592218 5.417089 5.316851 5.261504 5.232004 5.216816 5.209258 5.205620 5.203925 5.203161 5.202826 5.202684 5.202625 5.202599 5.202584 5.202565 5.202528 5.202443 5.202253 5.201840 5.200966 5.199172 5.195601 5.188718 5.175871 5.152668 5.112147 5.043789 4.932524 4.758060 4.495093 4.115152 3.590952 2.903754 2.053093 1.065988 0.000000 
50.000000 43.165095 36.610623 30.582537 25.264883 20.764475 17.109407 14.259716 12.126029 10.591101 9.529694 8.823792 8.372021 8.093627 7.928341 7.833734 7.781496 7.753652 7.739316 7.732182 7.728748 7.727148 7.726427 7.726111 7.725977 7.725921 7.725896 7.725879 7.725857 7.725811 7.725705 7.725468 7.724950 7.723849 7.721577 7.717034 7.708222 7.691658 7.661493 7.608307 7.517575 7.367968 7.129858 6.764784 6.227116 5.469599 4.454531 3.171031 1.654863 0.000000 
50.000000 43.710135 37.678330 32.130915 27.237255 23.095648 19.731955 17.109407 15.145767 13.733147 12.756300 12.106625 11.690832 11.434602 11.282472 11.195394 11.147311 11.121682 11.108486 11.101918 11.098757 11.097285 11.096620 11.096330 11.096206 11.096154 11.096130 11.096113 11.096088 11.096034 11.095911 11.095634 11.095024 11.093724 11.091031 11.085615 11.075045 11.055031 11.018272 10.952797 10.839751 10.650674 10.344623 9.865978 9.144609 8.101313 6.662725 4.789862 2.519355 0.000000 
50.000000 44.409179 39.047726 34.116812 29.766975 26.085590 23.095648 20.764475 19.018980 17.763274 16.894921 16.317393 15.947766 15.719982 15.584738 15.507323 15.464576 15.441789 15.430057 15.424218 15.421407 15.420098 15.419507 15.419249 15.419138 15.419092 15.419070 15.419054 15.419027 15.418969 15.418835 15.418533 15.417868 15.416442 15.413477 15.407484 15.395717 15.373275 15.331699 15.256871 15.126038 14.903828 14.537358 13.951040 13.042795 11.685669 9.742713 7.108026 3.786698 0.000000 
50.000000 45.269858 40.733768 36.561922 32.881683 29.766975 27.237255 25.264883 23.788028 22.725567 21.990837 21.502172 21.189413 20.996670 20.882229 20.816721 20.780548 20.761265 20.751336 20.746395 20.744016 20.742908 20.742408 20.742189 20.742096 20.742056 20.742037 20.742022 20.741996 20.741939 20.741806 20.741504 20.740838 20.739408 20.736420 20.730352 20.718371 20.695366 20.652390 20.574246 20.435868 20.197075 19.795284 19.135942 18.081306 16.440841 13.973645 10.429478 5.681046 0.000000 
50.000000 46.286797 42.725920 39.450969 36.561922 34.116812 32.130915 30.582537 29.423145 28.589060 28.012253 27.628616 27.383075 27.231753 27.141905 27.090473 27.062071 27.046932 27.039136 27.035256 27.033388 27.032518 27.032125 27.031954 27.031880 27.031849 27.031834 27.031821 27.031798 27.031747 27.031629 27.031360 27.030765 27.029483 27.026796 27.021317 27.010445 26.989444 26.949914 26.877356 26.747314 26.519392 26.128007 25.468190 24.374099 22.588277 19.725484 15.261305 8.664267 0.000000 
50.000000 47.439566 44.984165 42.725920 40.733768 39.047726 37.678330 36.610623 35.811141 35.235976 34.838219 34.573667 34.404342 34.299990 34.238028 34.202560 34.182973 34.172532 34.167156 34.164480 34.163192 34.162591 34.162321 34.162202 34.162151 34.162130 34.162119 34.162110 34.162093 34.162054 34.161965 34.161762 34.161312 34.160341 34.158299 34.154122 34.145803 34.129654 34.099073 34.042499 33.940062 33.758049 33.439592 32.888468 31.939700 30.304290 27.464615 22.492083 13.850549 0.000000 
50.000000 48.692975 47.439566 46.286797 45.269858 44.409179 43.710135 43.165095 42.756975 42.463363 42.260314 42.125262 42.038823 41.985552 41.953920 41.935813 41.925814 41.920484 41.917739 41.916373 41.915715 41.915409 41.915271 41.915210 41.915184 41.915173 41.915168 41.915163 41.915154 41.915133 41.915085 41.914976 41.914733 41.914208 41.913103 41.910838 41.906316 41.897511 41.880769 41.849633 41.792858 41.690987 41.510231 41.190780 40.622481 39.588812 37.622529 33.589016 24.346488 0.000000 
50.000000 50.000000 50.000000 50.000000 50.000000 50.000000 50.000000 50.000000 50.000000 50.000000 50.000000 50.000000 50.000000 50.000000 50.000000 50.000000 50.000000 50.000000 50.000000 50.000000 50.000000 50.000000 50.000000 50.000000 50.000000 50.000000 50.000000 50.000000 50.000000 50.000000 50.000000 50.000000 50.000000 50.000000 50.000000 50.000000 50.000000 50.000000 50.000000 50.000000 50.000000 50.000000 50.000000 50.000000 50.000000 50.000000 50.000000 50.000000 50.000000 50.000000 
