50.000000 50.000000 50.000000 50.000000 50.000000 50.000000 50.000000 50.000000 50.000000 50.000000 50.000000 50.000000 50.000000 50.000000 50.000000 50.000000 50.000000 50.000000 50.000000 50.000000 50.000000 50.000000 50.000000 50.000000 50.000000 50.000000 50.000000 50.000000 50.000000 50.000000 50.000000 50.000000 50.000000 50.000000 50.000000 50.000000 50.000000 50.000000 50.000000 50.000000 50.000000 50.000000 50.000000 50.000000 50.000000 50.000000 50.000000 50.000000 50.000000 50.000000 
50.000000 45.092221 40.936673 37.942314 36.090367 35.097117 34.630244 34.435946 34.363681 34.339457 34.332083 34.330031 34.329505 34.329381 34.329354 34.329348 34.329347 34.329347 34.329347 34.329347 34.329347 34.329347 34.329347 34.329347 34.329347 34.329347 34.329347 34.329347 34.329347 34.329347 34.329347 34.329347 34.329347 34.329347 34.329347 34.329347 34.329345 34.329337 34.329299 34.329128 34.328410 34.325595 34.315300 34.280169 34.168031 33.831005 32.864821 30.163214 22.546111 0.000000 
50.000000 40.936673 33.262842 27.733775 24.314562 22.481008 21.619294 21.260742 21.127412 21.082727 21.069128 21.065344 21.064376 21.064147 21.064097 21.064087 21.064085 21.064084 21.064084 21.064084 21.064084 21.064084 21.064084 21.064084 21.064084 21.064084 21.064084 21.064084 21.064084 21.064084 21.064084 21.064084 21.064084 21.064084 21.064084 21.064084 21.064081 21.064070 21.064014 21.063766 21.062731 21.058721 21.044286 20.996151 20.847724 20.424995 19.314214 16.631421 10.773459 0.000000 
50.000000 37.942314 27.733775 20.379234 15.831835 13.393753 12.248180 11.771632 11.594470 11.535112 11.517052 11.512029 11.510744 11.510440 11.510373 11.510360 11.510357 11.510357 11.510357 11.510357 11.510357 11.510357 11.510357 11.510357 11.510357 11.510357 11.510357 11.510357 11.510357 11.510357 11.510357 11.510357 11.510357 11.510357 11.510356 11.510356 11.510354 11.510343 11.510293 11.510068 11.509142 11.505598 11.493065 11.452260 11.330574 11.000116 10.189617 8.419561 5.077492 0.000000 
50.000000 36.090367 24.314562 15.831835 10.587661 7.776531 6.455960 5.906745 5.702621 5.634247 5.613450 5.607668 5.606189 5.605839 5.605763 5.605747 5.605744 5.605743 5.605743 5.605743 5.605743 5.605743 5.605743 5.605743 5.605743 5.605743 5.605743 5.605743 5.605743 5.605743 5.605743 5.605743 5.605743 5.605743 5.605743 5.605743 5.605741 5.605734 5.605699 5.605546 5.604921 5.602559 5.594338 5.568144 5.492229 5.293830 4.831719 3.889566 2.259362 0.000000 
50.000000 35.097117 22.481008 13.393753 7.776531 4.765879 3.351823 2.763840 2.545352 2.472182 2.449931 2.443746 2.442164 2.441790 2.441708 2.441692 2.441688 2.441688 2.441688 2.441688 2.441688 2.441688 2.441688 2.441688 2.441688 2.441688 2.441688 2.441688 2.441688 2.441688 2.441688 2.441688 2.441688 2.441688 2.441688 2.441688 2.441687 2.441683 2.441663 2.441579 2.441236 2.439957 2.435567 2.421831 2.382940 2.284301 2.063179 1.633283 0.929086 0.000000 
50.000000 34.630244 21.619294 12.248180 6.455960 3.351823 1.894025 1.287929 1.062740 0.987337 0.964411 0.958038 0.956410 0.956025 0.955940 0.955923 0.955920 0.955919 0.955919 0.955919 0.955919 0.955919 0.955919 0.955919 0.955919 0.955919 0.955919 0.955919 0.955919 0.955919 0.955919 0.955919 0.955919 0.955919 0.955919 0.955919 0.955918 0.955916 0.955907 0.955868 0.955710 0.955124 0.953137 0.947012 0.929992 0.887816 0.795920 0.623143 0.350075 0.000000 
50.000000 34.435946 21.260742 11.771632 5.906745 2.763840 1.287929 0.674346 0.446392 0.370070 0.346865 0.340416 0.338768 0.338378 0.338293 0.338276 0.338272 0.338272 0.338271 0.338271 0.338271 0.338271 0.338271 0.338271 0.338271 0.338271 0.338271 0.338271 0.338271 0.338271 0.338271 0.338271 0.338271 0.338271 0.338271 0.338271 0.338271 0.338270 0.338267 0.338251 0.338188 0.337955 0.337173 0.334792 0.328273 0.312407 0.278568 0.216457 0.120646 0.000000 
50.000000 34.363681 21.127412 11.594470 5.702621 2.545352 1.062740 0.446392 0.217420 0.140759 0.117452 0.110975 0.109320 0.108929 0.108843 0.108825 0.108822 0.108821 0.108821 0.108821 0.108821 0.108821 0.108821 0.108821 0.108821 0.108821 0.108821 0.108821 0.108821 0.108821 0.108821 0.108821 0.108821 0.108821 0.108821 0.108821 0.108821 0.108821 0.108820 0.108814 0.108791 0.108710 0.108438 0.107616 0.105395 0.100062 0.088872 0.068691 0.038086 0.000000 
50.000000 34.339457 21.082727 11.535112 5.634247 2.472182 0.987337 0.370070 0.140759 0.063986 0.040646 0.034159 0.032502 0.032110 0.032024 0.032006 0.032003 0.032002 0.032002 0.032002 0.032002 0.032002 0.032002 0.032002 0.032002 0.032002 0.032002 0.032002 0.032002 0.032002 0.032002 0.032002 0.032002 0.032002 0.032002 0.032002 0.032002 0.032002 0.032002 0.032000 0.031993 0.031967 0.031882 0.031628 0.030946 0.029326 0.025970 0.019996 0.011047 0.000000 
50.000000 34.332083 21.069128 11.517052 5.613450 2.449931 0.964411 0.346865 0.117452 0.040646 0.017296 0.010806 0.009148 0.008756 0.008670 0.008653 0.008649 0.008649 0.008649 0.008649 0.008649 0.008648 0.008648 0.008648 0.008648 0.008648 0.008648 0.008648 0.008648 0.008648 0.008648 0.008648 0.008648 0.008648 0.008648 0.008648 0.008648 0.008648 0.008648 0.008648 0.008646 0.008639 0.008614 0.008543 0.008352 0.007904 0.006984 0.005362 0.002955 0.000000 
50.000000 34.330031 21.065344 11.512029 5.607668 2.443746 0.958038 0.340416 0.110975 0.034159 0.010806 0.004316 0.002658 0.002266 0.002180 0.002162 0.002159 0.002158 0.002158 0.002158 0.002158 0.002158 0.002158 0.002158 0.002158 0.002158 0.002158 0.002158 0.002158 0.002158 0.002158 0.002158 0.002158 0.002158 0.002158 0.002158 0.002158 0.002158 0.002158 0.002158 0.002158 0.002156 0.002149 0.002131 0.002082 0.001968 0.001736 0.001330 0.000732 0.000000 
50.000000 34.329505 21.064376 11.510744 5.606189 2.442164 0.956410 0.338768 0.109320 0.032502 0.009148 0.002658 0.000999 0.000607 0.000521 0.000504 0.000500 0.000500 0.000500 0.000500 0.000500 0.000500 0.000500 0.000500 0.000500 0.000500 0.000500 0.000500 0.000500 0.000500 0.000500 0.000500 0.000500 0.000500 0.000500 0.000500 0.000500 0.000500 0.000500 0.000500 0.000499 0.000499 0.000497 0.000493 0.000482 0.000455 0.000401 0.000307 0.000168 0.000000 
50.000000 34.329381 21.064147 11.510440 5.605839 2.441790 0.956025 0.338378 0.108929 0.032110 0.008756 0.002266 0.000607 0.000215 0.000129 0.000112 0.000108 0.000108 0.000108 0.000108 0.000108 0.000108 0.000108 0.000108 0.000108 0.000108 0.000108 0.000108 0.000108 0.000108 0.000108 0.000108 0.000108 0.000108 0.000108 0.000108 0.000108 0.000108 0.000108 0.000108 0.000108 0.000108 0.000107 0.000106 0.000104 0.000098 0.000086 0.000066 0.000036 0.000000 
50.000000 34.329354 21.064097 11.510373 5.605763 2.441708 0.955940 0.338293 0.108843 0.032024 0.008670 0.002180 0.000521 0.000129 0.000043 0.000026 0.000022 0.000022 0.000022 0.000022 0.000022 0.000022 0.000022 0.000022 0.000022 0.000022 0.000022 0.000022 0.000022 0.000022 0.000022 0.000022 0.000022 0.000022 0.000022 0.000022 0.000022 0.000022 0.000022 0.000022 0.000022 0.000022 0.000022 0.000021 0.000021 0.000020 0.000017 0.000013 0.000007 0.000000 
50.000000 34.329348 21.064087 11.510360 5.605747 2.441692 0.955923 0.338276 0.108825 0.032006 0.008653 0.002162 0.000504 0.000112 0.000026 0.000008 0.000005 0.000004 0.000004 0.000004 0.000004 0.000004 0.000004 0.000004 0.000004 0.000004 0.000004 0.000004 0.000004 0.000004 0.000004 0.000004 0.000004 0.000004 0.000004 0.000004 0.000004 0.000004 0.000004 0.000004 0.000004 0.000004 0.000004 0.000004 0.000004 0.000004 0.000003 0.000002 0.000001 0.000000 
50.000000 34.329347 21.064085 11.510357 5.605744 2.441688 0.955920 0.338272 0.108822 0.032003 0.008649 0.002159 0.000500 0.000108 0.000022 0.000005 0.000001 0.000001 0.000001 0.000001 0.000001 0.000001 0.000001 0.000001 0.000001 0.000001 0.000001 0.000001 0.000001 0.000001 0.000001 0.000001 0.000001 0.000001 0.000001 0.000001 0.000001 0.000001 0.000001 0.000001 0.000001 0.000001 0.000001 0.000001 0.000001 0.000001 0.000001 0.000000 0.000000 0.000000 
50.000000 34.329347 21.064084 11.510357 5.605743 2.441688 0.955919 0.338272 0.108821 0.032002 0.008649 0.002158 0.000500 0.000108 0.000022 0.000004 0.000001 0.000000 0.000000 0.000000 0.000000 0.000000 0.000000 0.000000 0.000000 0.000000 0.000000 0.000000 0.000000 0.000000 0.000000 0.000000 0.000000 0.000000 0.000000 0.000000 0.000000 0.000000 0.000000 0.000000 0.000000 0.000000 0.000000 0.000000 0.000000 0.000000 0.000000 0.000000 0.000000 0.000000 
50.000000 34.329347 21.064084 11.510357 5.605743 2.441688 0.955919 0.338271 0.108821 0.032002 0.008649 0.002158 0.000500 0.000108 0.000022 0.000004 0.000001 0.000000 0.000000 0.000000 0.000000 0.000000 0.000000 0.000000 0.000000 0.000000 0.000000 0.000000 0.000000 0.000000 0.000000 0.000000 0.000000 0.000000 0.000000 0.000000 0.000000 0.000000 0.000000 0.000000 0.000000 0.000000 0.000000 0.000000 0.000000 0.000000 0.000000 0.000000 0.000000 0.000000 
50.000000 34.329347 21.064084 11.510357 5.605743 2.441688 0.955919 0.338271 0.108821 0.032002 0.008649 0.002158 0.000500 0.000108 0.000022 0.000004 0.000001 0.000000 0.000000 0.000000 0.000000 0.000000 0.000000 0.000000 0.000000 0.000000 0.000000 0.000000 0.000000 0.000000 0.000000 0.000000 0.000000 0.000000 0.000000 0.000000 0.000000 0.000000 0.000000 0.000000 0.000000 0.000000 0.000000 0.000000 0.000000 0.000000 0.000000 0.000000 0.000000 0.000000 
50.000000 34.329347 21.064084 11.510357 5.605743 2.441688 0.955919 0.338271 0.108821 0.032002 0.008649 0.002158 0.000500 0.000108 0.000022 0.000004 0.000001 0.000000 0.000000 0.000000 0.000000 0.000000 0.000000 0.000000 0.000000 0.000000 0.000000 0.000000 0.000000 0.000000 0.000000 0.000000 0.000000 0.000000 0.000000 0.000000 0.000000 0.000000 0.000000 0.000000 0.000000 0.000000 0.000000 0.000000 0.000000 0.000000 0.000000 0.000000 0.000000 0.000000 
50.000000 34.329347 21.064084 11.510357 5.605743 2.441688 0.955919 0.338271 0.108821 0.032002 0.008648 0.002158 0.000500 0.000108 0.000022 0.000004 0.000001 0.000000 0.000000 0.000000 0.000000 0.000000 0.000000 0.000000 0.000000 0.000000 0.000000 0.000000 0.000000 0.000000 0.000000 0.000000 0.000000 0.000000 0.000000 0.000000 0.000000 0.000000 0.000000 0.000000 0.000000 0.000000 0.000000 0.000000 0.000000 0.000000 0.000000 0.000000 0.000000 0.000000 
50.000000 34.329347 21.064084 11.510357 5.605743 2.441688 0.955919 0.338271 0.108821 0.032002 0.008648 0.002158 0.000500 0.000108 0.000022 0.000004 0.000001 0.000000 0.000000 0.000000 0.000000 0.000000 0.000000 0.000000 0.000000 0.000000 0.000000 0.000000 0.000000 0.000000 0.000000 0.000000 0.000000 0.000000 0.000000 0.000000 0.000000 0.000000 0.000000 0.000000 0.000000 0.000000 0.000000 0.000000 0.000000 0.000000 0.000000 0.000000 0.000000 0.000000 
50.000000 34.329347 21.064084 11.510357 5.605743 2.441688 0.955919 0.338271 0.108821 0.032002 0.008648 0.002158 0.000500 0.000108 0.000022 0.000004 0.000001 0.000000 0.000000 0.000000 0.000000 0.000000 0.000000 0.000000 0.000000 0.000000 0.000000 0.000000 0.000000 0.000000 0.000000 0.000000 0.000000 0.000000 0.000000 0.000000 0.000000 0.000000 0.000000 0.000000 0.000000 0.000000 0.000000 0.000000 0.000000 0.000000 0.000000 0.000000 0.000000 0.000000 
50.000000 34.329347 21.064084 11.510357 5.605743 2.441688 0.955919 0.338271 0.108821 0.032002 0.008648 0.002158 0.000500 0.000108 0.000022 0.000004 0.000001 0.000000 0.000000 0.000000 0.000000 0.000000 0.000000 0.000000 0.000000 0.000000 0.000000 0.000000 0.000000 0.000000 0.000000 0.000000 0.000000 0.000000 0.000000 0.000000 0.000000 0.000000 0.000000 0.000000 0.000000 0.000000 0.000000 0.000000 0.000000 0.000000 0.000000 0.000000 0.000000 0.000000 
50.000000 34.329347 21.064084 11.510357 5.605743 2.441688 0.955919 0.338271 0.108821 0.032002 0.008648 0.002158 0.000500 0.000108 0.000022 0.000004 0.000001 0.000000 0.000000 0.000000 0.000000 0.000000 0.000000 0.000000 0.000000 0.000000 0.000000 0.000000 0.000000 0.000000 0.000000 0.000000 0.000000 0.000000 0.000000 0.000000 0.000000 0.000000 0.000000 0.000000 0.000000 0.000000 0.000000 0.000000 0.000000 0.000000 0.000000 0.000000 0.000000 0.000000 
50.000000 34.329347 21.064084 11.510357 5.605743 2.441688 0.955919 0.338271 0.108821 0.032002 0.008648 0.002158 0.000500 0.000108 0.000022 0.000004 0.000001 0.000000 0.000000 0.000000 0.000000 0.000000 0.000000 0.000000 0.000000 0.000000 0.000000 0.000000 0.000000 0.000000 0.000000 0.000000 0.000000 0.000000 0.000000 0.000000 0.000000 0.000000 0.000000 0.000000 0.000000 0.000000 0.000000 0.000000 0.000000 0.000000 0.000000 0.000000 0.000000 0.000000 
50.000000 34.329347 21.064084 11.510357 5.605743 2.441688 0.955919 0.338271 0.108821 0.032002 0.008648 0.002158 0.000500 0.000108 0.000022 0.000004 0.000001 0.000000 0.000000 0.000000 0.000000 0.000000 0.000000 0.000000 0.000000 0.000000 0.000000 0.000000 0.000000 0.000000 0.000000 0.000000 0.000000 0.000000 0.000000 0.000000 0.000000 0.000000 0.000000 0.000000 0.000000 0.000000 0.000000 0.000000 0.000000 0.000000 0.000000 0.000000 0.000000 0.000000 
50.000000 34.329347 21.064084 11.510357 5.605743 2.441688 0.955919 0.338271 0.108821 0.032002 0.008648 0.002158 0.000500 0.000108 0.000022 0.000004 0.000001 0.000000 0.000000 0.000000 0.000000 0.000000 0.000000 0.000000 0.000000 0.000000 0.000000 0.000000 0.000000 0.000000 0.000000 0.000000 0.000000 0.000000 0.000000 0.000000 0.000000 0.000000 0.000000 0.000000 0.000000 0.000000 0.000000 0.000000 0.000000 0.000000 0.000000 0.000000 0.000000 0.000000 
50.000000 34.329347 21.064084 11.510357 5.605743 2.441688 0.955919 0.338271 0.108821 0.032002 0.008649 0.002158 0.000500 0.000108 0.000022 0.000004 0.000001 0.000000 0.000000 0.000000 0.000000 0.000000 0.000000 0.000000 0.000000 0.000000 0.000000 0.000000 0.000000 0.000000 0.000000 0.000000 0.000000 0.000000 0.000000 0.000000 0.000000 0.000000 0.000000 0.000000 0.000000 0.000000 0.000000 0.000000 0.000000 0.000000 0.000000 0.000000 0.000000 0.000000 
50.000000 34.329347 21.064084 11.510357 5.605743 2.441688 0.955919 0.338271 0.108821 0.032002 0.008649 0.002158 0.000500 0.000108 0.000022 0.000004 0.000001 0.000000 0.000000 0.000000 0.000000 0.000000 0.000000 0.000000 0.000000 0.000000 0.000000 0.000000 0.000000 0.000000 0.000000 0.000000 0.000000 0.000000 0.000000 0.000000 0.000000 0.000000 0.000000 0.000000 0.000000 0.000000 0.000000 0.000000 0.000000 0.000000 0.000000 0.000000 0.000000 0.000000 
50.000000 34.329347 21.064084 11.510357 5.605743 2.441688 0.955919 0.338271 0.108821 0.032002 0.008649 0.002158 0.000500 0.000108 0.000022 0.000004 0.000001 0.000000 0.000000 0.000000 0.000000 0.000000 0.000000 0.000000 0.000000 0.000000 0.000000 0.000000 0.000000 0.000000 0.000000 0.000000 0.000000 0.000000 0.000000 0.000000 0.000000 0.000000 0.000000 0.000000 0.000000 0.000000 0.000000 0.000000 0.000000 0.000000 0.000000 0.000000 0.000000 0.000000 
50.000000 34.329347 21.064084 11.510357 5.605743 2.441688 0.955919 0.338272 0.108821 0.032002 0.008649 0.002158 0.000500 0.000108 0.000022 0.000004 0.000001 0.000000 0.000000 0.000000 0.000000 0.000000 0.000000 0.000000 0.000000 0.000000 0.000000 0.000000 0.000000 0.000000 0.000000 0.000000 0.000000 0.000000 0.000000 0.000000 0.000000 0.000000 0.000000 0.000000 0.000000 0.000000 0.000000 0.000000 0.000000 0.000000 0.000000 0.000000 0.000000 0.000000 
50.000000 34.329347 21.064085 11.510357 5.605744 2.441688 0.955920 0.338272 0.108822 0.032003 0.008649 0.002159 0.000500 0.000108 0.000022 0.000005 0.000001 0.000001 0.000001 0.000001 0.000001 0.000001 0.000001 0.000001 0.000001 0.000001 0.000001 0.000001 0.000001 0.000001 0.000001 0.000001 0.000001 0.000001 0.000001 0.000001 0.000001 0.000001 0.000001 0.000001 0.000001 0.000001 0.000001 0.000001 0.000001 0.000001 0.000001 0.000000 0.000000 0.000000 
50.000000 34.329348 21.064087 11.510360 5.605747 2.441692 0.955923 0.338276 0.108825 0.032006 0.008653 0.002162 0.000504 0.000112 0.000026 0.000008 0.000005 0.000004 0.000004 0.000004 0.000004 0.000004 0.000004 0.000004 0.000004 0.000004 0.000004 0.000004 0.000004 0.000004 0.000004 0.000004 0.000004 0.000004 0.000004 0.000004 0.000004 0.000004 0.000004 0.000004 0.000004 0.000004 0.000004 0.000004 0.000004 0.000004 0.000003 0.000002 0.000001 0.000000 
50.000000 34.329354 21.064097 11.510373 5.605763 2.441708 0.955940 0.338293 0.108843 0.032024 0.008670 0.002180 0.000521 0.000129 0.000043 0.000026 0.000022 0.000022 0.000022 0.000022 0.000022 0.000022 0.000022 0.000022 0.000022 0.000022 0.000022 0.000022 0.000022 0.000022 0.000022 0.000022 0.000022 0.000022 0.000022 0.000022 0.000022 0.000022 0.000022 0.000022 0.000022 0.000022 0.000022 0.000021 0.000021 0.000020 0.000017 0.000013 0.000007 0.000000 
50.000000 34.329381 21.064147 11.510440 5.605839 2.441790 0.956025 0.338378 0.108929 0.032110 0.008756 0.002266 0.000607 0.000215 0.000129 0.000112 0.000108 0.000108 0.000108 0.000108 0.000108 0.000108 0.000108 0.000108 0.000108 0.000108 0.000108 0.000108 0.000108 0.000108 0.000108 0.000108 0.000108 0.000108 0.000108 0.000108 0.000108 0.000108 0.000108 0.000108 0.000108 0.000108 0.000107 0.000106 0.000104 0.000098 0.000086 0.000066 0.000036 0.000000 
50.000000 34.329505 21.064376 11.510744 5.606189 2.442164 0.956410 0.338768 0.109320 0.032502 0.009148 0.002658 0.000999 0.000607 0.000521 0.000504 0.000500 0.000500 0.000500 0.000500 0.000500 0.000500 0.000500 0.000500 0.000500 0.000500 0.000500 0.000500 0.000500 0.000500 0.000500 0.000500 0.000500 0.000500 0.000500 0.000500 0.000500 0.000500 0.000500 0.000500 0.000499 0.000499 0.000497 0.000493 0.000482 0.000455 0.000401 0.000307 0.000168 0.000000 
50.000000 34.330031 21.065344 11.512029 5.607668 2.443746 0.958038 0.340416 0.110975 0.034159 0.010806 0.004316 0.002658 0.002266 0.002180 0.002162 0.002159 0.002158 0.002158 0.002158 0.002158 0.002158 0.002158 0.002158 0.002158 0.002158 0.002158 0.002158 0.002158 0.002158 0.002158 0.002158 0.002158 0.002158 0.002158 0.002158 0.002158 0.002158 0.002158 0.002158 0.002158 0.002156 0.002149 0.002131 0.002082 0.001968 0.001736 0.001330 0.000732 0.000000 
50.000000 34.332083 21.069128 11.517052 5.613450 2.449931 0.964411 0.346865 0.117452 0.040646 0.017296 0.010806 0.009148 0.008756 0.008670 0.008653 0.008649 0.008649 0.008649 0.008649 0.008649 0.008648 0.008648 0.008648 0.008648 0.008648 0.008648 0.008648 0.008648 0.008648 0.008648 0.008648 0.008648 0.008648 0.008648 0.008648 0.008648 0.008648 0.008648 0.008648 0.008646 0.008639 0.008614 0.008543 0.008352 0.007904 0.006984 0.005362 0.002955 0.000000 
50.000000 34.339457 21.082727 11.535112 5.634247 2.472182 0.987337 0.370070 0.140759 0.063986 0.040646 0.034159 0.032502 0.032110 0.032024 0.032006 0.032003 0.032002 0.032002 0.032002 0.032002 0.032002 0.032002 0.032002 0.032002 0.032002 0.032002 0.032002 0.032002 0.032002 0.032002 0.032002 0.032002 0.032002 0.032002 0.032002 0.032002 0.032002 0.032002 0.032000 0.031993 0.031967 0.031882 0.031628 0.030946 0.029326 0.025970 0.019996 0.011047 0.000000 
50.000000 34.363681 21.127412 11.594470 5.702621 2.545352 1.062740 0.446392 0.217420 0.140759 0.117452 0.110975 0.109320 0.108929 0.108843 0.108825 0.108822 0.108821 0.108821 0.108821 0.108821 0.108821 0.108821 0.108821 0.108821 0.108821 0.108821 0.108821 0.108821 0.108821 0.108821 0.108821 0.108821 0.108821 0.108821 0.108821 0.108821 0.108821 0.108820 0.108814 0.108791 0.108710 0.108438 0.107616 0.105395 0.100062 0.088872 0.068691 0.038086 0.000000 
50.000000 34.435946 21.260742 11.771632 5.906745 2.763840 1.287929 0.674346 0.446392 0.370070 0.346865 0.340416 0.338768 0.338378 0.338293 0.338276 0.338272 0.338272 0.338271 0.338271 0.338271 0.338271 0.338271 0.338271 0.338271 0.338271 0.338271 0.338271 0.338271 0.338271 0.338271 0.338271 0.338271 0.338271 0.338271 0.338271 0.338271 0.338270 0.338267 0.338251 0.338188 0.337955 0.337173 0.334792 0.328273 0.312407 0.278568 0.216457 0.120646 0.000000 
50.000000 34.630244 21.619294 12.248180 6.455960 3.351823 1.894025 1.287929 1.062740 0.987337 0.964411 0.958038 0.956410 0.956025 0.955940 0.955923 0.955920 0.955919 0.955919 0.955919 0.955919 0.955919 0.955919 0.955919 0.955919 0.955919 0.955919 0.955919 0.955919 0.955919 0.955919 0.955919 0.955919 0.955919 0.955919 0.955919 0.955918 0.955916 0.955907 0.955868 0.955710 0.955124 0.953137 0.947012 0.929992 0.887816 0.795920 0.623143 0.350075 0.000000 
50.000000 35.097117 22.481008 13.393753 7.776531 4.765879 3.351823 2.763840 2.545352 2.472182 2.449931 2.443746 2.442164 2.441790 2.441708 2.441692 2.441688 2.441688 2.441688 2.441688 2.441688 2.441688 2.441688 2.441688 2.441688 2.441688 2.441688 2.441688 2.441688 2.441688 2.441688 2.441688 2.441688 2.441688 2.441688 2.441688 2.441687 2.441683 2.441663 2.441579 2.441236 2.439957 2.435567 2.421831 2.382940 2.284301 2.063179 1.633283 0.929086 0.000000 
50.000000 36.090367 24.314562 15.831835 10.587661 7.776531 6.455960 5.906745 5.702621 5.634247 5.613450 5.607668 5.606189 5.605839 5.605763 5.605747 5.605744 5.605743 5.605743 5.605743 5.605743 5.605743 5.605743 5.605743 5.605743 5.605743 5.605743 5.605743 5.605743 5.605743 5.605743 5.605743 5.605743 5.605743 5.605743 5.605743 5.605741 5.605734 5.605699 5.605546 5.604921 5.602559 5.594338 5.568144 5.492229 5.293830 4.831719 3.889566 2.259362 0.000000 
50.000000 37.942314 27.733775 20.379234 15.831835 13.393753 12.248180 11.771632 11.594470 11.535112 11.517052 11.512029 11.510744 11.510440 11.510373 11.510360 11.510357 11.510357 11.510357 11.510357 11.510357 11.510357 11.510357 11.510357 11.510357 11.510357 11.510357 11.510357 11.510357 11.510357 11.510357 11.510357 11.510357 11.510357 11.510356 11.510356 11.510354 11.510343 11.510293 11.510068 11.509142 11.505598 11.493065 11.452260 11.330574 11.000116 10.189617 8.419561 5.077492 0.000000 
50.000000 40.936673 33.262842 27.733775 24.314562 22.481008 21.619294 21.260742 21.127412 21.082727 21.069128 21.065344 21.064376 21.064147 21.064097 21.064087 21.064085 21.064084 21.064084 21.064084 21.064084 21.064084 21.064084 21.064084 21.064084 21.064084 21.064084 21.064084 21.064084 21.064084 21.064084 21.064084 21.064084 21.064084 21.064084 21.064084 21.064081 21.064070 21.064014 21.063766 21.062731 21.058721 21.044286 20.996151 20.847724 20.424995 19.314214 16.631421 10.773459 0.000000 
50.000000 45.092221 40.936673 37.942314 36.090367 35.097117 34.630244 34.435946 34.363681 34.339457 34.332083 34.330031 34.329505 34.329381 34.329354 34.329348 34.329347 34.329347 34.329347 34.329347 34.329347 34.329347 34.329347 34.329347 34.329347 34.329347 34.329347 34.329347 34.329347 34.329347 34.329347 34.329347 34.329347 34.329347 34.329347 34.329347 34.329345 34.329337 34.329299 34.329128 34.328410 34.325595 34.315300 34.280169 34.168031 33.831005 32.864821 30.163214 22.546111 0.000000 
50.000000 50.000000 50.000000 50.000000 50.000000 50.000000 50.000000 50.000000 50.000000 50.000000 50.000000 50.000000 50.000000 50.000000 50.000000 50.000000 50.000000 50.000000 50.000000 50.000000 50.000000 50.000000 50.000000 50.000000 50.000000 50.000000 50.000000 50.000000 50.000000 50.000000 50.000000 50.000000 50.000000 50.000000 50.000000 50.000000 50.000000 50.000000 50.000000 50.000000 50.000000 50.000000 50.000000 50.000000 50.000000 50.000000 50.000000 50.000000 50.000000 50.000000 
