50.000000 50.000000 50.000000 50.000000 50.000000 50.000000 50.000000 50.000000 50.000000 50.000000 50.000000 50.000000 50.000000 50.000000 50.000000 50.000000 50.000000 50.000000 50.000000 50.000000 50.000000 50.000000 50.000000 50.000000 50.000000 50.000000 50.000000 50.000000 50.000000 50.000000 50.000000 50.000000 50.000000 50.000000 50.000000 50.000000 50.000000 50.000000 50.000000 50.000000 50.000000 50.000000 50.000000 50.000000 50.000000 50.000000 50.000000 50.000000 50.000000 50.000000 
50.000000 42.118462 36.160408 32.672438 31.041402 30.414362 30.211299 30.154788 30.141052 30.138097 30.137528 30.137429 30.137413 30.137411 30.137411 30.137411 30.137411 30.137411 30.137411 30.137411 30.137411 30.137411 30.137411 30.137411 30.137411 30.137411 30.137411 30.137411 30.137411 30.137411 30.137411 30.137411 30.137411 30.137411 30.137411 30.137411 30.137411 30.137411 30.137410 30.137403 30.137361 30.137104 30.135671 30.128385 30.094669 29.952853 29.408857 27.484682 21.059231 0.000000 
50.000000 36.160408 25.700353 19.578864 16.717591 15.618148 15.262295 15.163323 15.139281 15.134111 15.133116 15.132943 15.132916 15.132912 15.132912 15.132912 15.132912 15.132912 15.132912 15.132912 15.132912 15.132912 15.132912 15.132912 15.132912 15.132912 15.132912 15.132912 15.132912 15.132912 15.132912 15.132912 15.132912 15.132912 15.132912 15.132912 15.132912 15.132911 15.132910 15.132903 15.132854 15.132559 15.130942 15.122896 15.086862 14.942673 14.431879 12.850176 8.675726 0.000000 
50.000000 32.672438 19.578864 11.918956 8.340286 6.965930 6.521362 6.397793 6.367795 6.361350 6.360110 6.359895 6.359861 6.359856 6.359855 6.359855 6.359855 6.359855 6.359855 6.359855 6.359855 6.359855 6.359855 6.359855 6.359855 6.359855 6.359855 6.359855 6.359855 6.359855 6.359855 6.359855 6.359855 6.359855 6.359855 6.359855 6.359855 6.359855 6.359854 6.359849 6.359817 6.359623 6.358576 6.353466 6.331207 6.245604 5.959478 5.146984 3.263581 0.000000 
50.000000 31.041402 16.717591 8.340286 4.427843 2.925920 2.440304 2.305389 2.272654 2.265624 2.264272 2.264038 2.264001 2.263995 2.263994 2.263994 2.263994 2.263994 2.263994 2.263994 2.263994 2.263994 2.263994 2.263994 2.263994 2.263994 2.263994 2.263994 2.263994 2.263994 2.263994 2.263994 2.263994 2.263994 2.263994 2.263994 2.263994 2.263994 2.263994 2.263992 2.263976 2.263885 2.263399 2.261062 2.251101 2.213922 2.094682 1.774918 1.088549 0.000000 
50.000000 30.414362 15.618148 6.965930 2.925920 1.375390 0.874185 0.734977 0.701209 0.693959 0.692566 0.692324 0.692286 0.692281 0.692280 0.692280 0.692280 0.692280 0.692280 0.692280 0.692280 0.692280 0.692280 0.692280 0.692280 0.692280 0.692280 0.692280 0.692280 0.692280 0.692280 0.692280 0.692280 0.692280 0.692280 0.692280 0.692280 0.692280 0.692280 0.692279 0.692273 0.692240 0.692062 0.691221 0.687695 0.674819 0.634724 0.531286 0.319693 0.000000 
50.000000 30.211299 15.262295 6.521362 2.440304 0.874185 0.367999 0.227424 0.193329 0.186010 0.184604 0.184360 0.184321 0.184316 0.184315 0.184315 0.184315 0.184315 0.184315 0.184315 0.184315 0.184315 0.184315 0.184315 0.184315 0.184315 0.184315 0.184315 0.184315 0.184315 0.184315 0.184315 0.184315 0.184315 0.184315 0.184315 0.184315 0.184315 0.184315 0.184314 0.184313 0.184303 0.184249 0.183999 0.182963 0.179241 0.167895 0.139399 0.082914 0.000000 
50.000000 30.154788 15.163323 6.397793 2.305389 0.734977 0.227424 0.086477 0.052293 0.044955 0.043545 0.043300 0.043261 0.043256 0.043255 0.043255 0.043255 0.043255 0.043255 0.043255 0.043255 0.043255 0.043255 0.043255 0.043255 0.043255 0.043255 0.043255 0.043255 0.043255 0.043255 0.043255 0.043255 0.043255 0.043255 0.043255 0.043255 0.043255 0.043255 0.043255 0.043255 0.043252 0.043238 0.043175 0.042915 0.041991 0.039217 0.032381 0.019117 0.000000 
50.000000 30.141052 15.139281 6.367795 2.272654 0.701209 0.193329 0.052293 0.018088 0.010745 0.009334 0.009090 0.009051 0.009045 0.009045 0.009045 0.009045 0.009045 0.009045 0.009045 0.009045 0.009045 0.009045 0.009045 0.009045 0.009045 0.009045 0.009045 0.009045 0.009045 0.009045 0.009045 0.009045 0.009045 0.009045 0.009045 0.009045 0.009045 0.009044 0.009044 0.009044 0.009044 0.009041 0.009027 0.008970 0.008769 0.008172 0.006722 0.003949 0.000000 
50.000000 30.138097 15.134111 6.361350 2.265624 0.693959 0.186010 0.044955 0.010745 0.003402 0.001991 0.001746 0.001707 0.001702 0.001701 0.001701 0.001701 0.001701 0.001701 0.001701 0.001701 0.001701 0.001701 0.001701 0.001701 0.001701 0.001701 0.001701 0.001701 0.001701 0.001701 0.001701 0.001701 0.001701 0.001701 0.001701 0.001701 0.001701 0.001701 0.001701 0.001701 0.001701 0.001700 0.001697 0.001686 0.001647 0.001533 0.001257 0.000736 0.000000 
50.000000 30.137528 15.133116 6.360110 2.264272 0.692566 0.184604 0.043545 0.009334 0.001991 0.000580 0.000335 0.000296 0.000291 0.000290 0.000290 0.000290 0.000290 0.000290 0.000290 0.000290 0.000290 0.000290 0.000290 0.000290 0.000290 0.000290 0.000290 0.000290 0.000290 0.000290 0.000290 0.000290 0.000290 0.000290 0.000290 0.000290 0.000290 0.000290 0.000290 0.000290 0.000290 0.000290 0.000289 0.000287 0.000281 0.000261 0.000214 0.000125 0.000000 
50.000000 30.137429 15.132943 6.359895 2.264038 0.692324 0.184360 0.043300 0.009090 0.001746 0.000335 0.000090 0.000052 0.000046 0.000045 0.000045 0.000045 0.000045 0.000045 0.000045 0.000045 0.000045 0.000045 0.000045 0.000045 0.000045 0.000045 0.000045 0.000045 0.000045 0.000045 0.000045 0.000045 0.000045 0.000045 0.000045 0.000045 0.000045 0.000045 0.000045 0.000045 0.000045 0.000045 0.000045 0.000045 0.000044 0.000041 0.000033 0.000019 0.000000 
50.000000 30.137413 15.132916 6.359861 2.264001 0.692286 0.184321 0.043261 0.009051 0.001707 0.000296 0.000052 0.000013 0.000007 0.000007 0.000006 0.000006 0.000006 0.000006 0.000006 0.000006 0.000006 0.000006 0.000006 0.000006 0.000006 0.000006 0.000006 0.000006 0.000006 0.000006 0.000006 0.000006 0.000006 0.000006 0.000006 0.000006 0.000006 0.000006 0.000006 0.000006 0.000006 0.000006 0.000006 0.000006 0.000006 0.000006 0.000005 0.000003 0.000000 
50.000000 30.137411 15.132912 6.359856 2.263995 0.692281 0.184316 0.043256 0.009045 0.001702 0.000291 0.000046 0.000007 0.000002 0.000001 0.000001 0.000001 0.000001 0.000001 0.000001 0.000001 0.000001 0.000001 0.000001 0.000001 0.000001 0.000001 0.000001 0.000001 0.000001 0.000001 0.000001 0.000001 0.000001 0.000001 0.000001 0.000001 0.000001 0.000001 0.000001 0.000001 0.000001 0.000001 0.000001 0.000001 0.000001 0.000001 0.000001 0.000000 0.000000 
50.000000 30.137411 15.132912 6.359855 2.263994 0.692280 0.184315 0.043255 0.009045 0.001701 0.000290 0.000045 0.000007 0.000001 0.000000 0.000000 0.000000 0.000000 0.000000 0.000000 0.000000 0.000000 0.000000 0.000000 0.000000 0.000000 0.000000 0.000000 0.000000 0.000000 0.000000 0.000000 0.000000 0.000000 0.000000 0.000000 0.000000 0.000000 0.000000 0.000000 0.000000 0.000000 0.000000 0.000000 0.000000 0.000000 0.000000 0.000000 0.000000 0.000000 
50.000000 30.137411 15.132912 6.359855 2.263994 0.692280 0.184315 0.043255 0.009045 0.001701 0.000290 0.000045 0.000006 0.000001 0.000000 0.000000 0.000000 0.000000 0.000000 0.000000 0.000000 0.000000 0.000000 0.000000 0.000000 0.000000 0.000000 0.000000 0.000000 0.000000 0.000000 0.000000 0.000000 0.000000 0.000000 0.000000 0.000000 0.000000 0.000000 0.000000 0.000000 0.000000 0.000000 0.000000 0.000000 0.000000 0.000000 0.000000 0.000000 0.000000 
50.000000 30.137411 15.132912 6.359855 2.263994 0.692280 0.184315 0.043255 0.009045 0.001701 0.000290 0.000045 0.000006 0.000001 0.000000 0.000000 0.000000 0.000000 0.000000 0.000000 0.000000 0.000000 0.000000 0.000000 0.000000 0.000000 0.000000 0.000000 0.000000 0.000000 0.000000 0.000000 0.000000 0.000000 0.000000 0.000000 0.000000 0.000000 0.000000 0.000000 0.000000 0.000000 0.000000 0.000000 0.000000 0.000000 0.000000 0.000000 0.000000 0.000000 
50.000000 30.137411 15.132912 6.359855 2.263994 0.692280 0.184315 0.043255 0.009045 0.001701 0.000290 0.000045 0.000006 0.000001 0.000000 0.000000 0.000000 0.000000 0.000000 0.000000 0.000000 0.000000 0.000000 0.000000 0.000000 0.000000 0.000000 0.000000 0.000000 0.000000 0.000000 0.000000 0.000000 0.000000 0.000000 0.000000 0.000000 0.000000 0.000000 0.000000 0.000000 0.000000 0.000000 0.000000 0.000000 0.000000 0.000000 0.000000 0.000000 0.000000 
50.000000 30.137411 15.132912 6.359855 2.263994 0.692280 0.184315 0.043255 0.009045 0.001701 0.000290 0.000045 0.000006 0.000001 0.000000 0.000000 0.000000 0.000000 0.000000 0.000000 0.000000 0.000000 0.000000 0.000000 0.000000 0.000000 0.000000 0.000000 0.000000 0.000000 0.000000 0.000000 0.000000 0.000000 0.000000 0.000000 0.000000 0.000000 0.000000 0.000000 0.000000 0.000000 0.000000 0.000000 0.000000 0.000000 0.000000 0.000000 0.000000 0.000000 
50.000000 30.137411 15.132912 6.359855 2.263994 0.692280 0.184315 0.043255 0.009045 0.001701 0.000290 0.000045 0.000006 0.000001 0.000000 0.000000 0.000000 0.000000 0.000000 0.000000 0.000000 0.000000 0.000000 0.000000 0.000000 0.000000 0.000000 0.000000 0.000000 0.000000 0.000000 0.000000 0.000000 0.000000 0.000000 0.000000 0.000000 0.000000 0.000000 0.000000 0.000000 0.000000 0.000000 0.000000 0.000000 0.000000 0.000000 0.000000 0.000000 0.000000 
50.000000 30.137411 15.132912 6.359855 2.263994 0.692280 0.184315 0.043255 0.009045 0.001701 0.000290 0.000045 0.000006 0.000001 0.000000 0.000000 0.000000 0.000000 0.000000 0.000000 0.000000 0.000000 0.000000 0.000000 0.000000 0.000000 0.000000 0.000000 0.000000 0.000000 0.000000 0.000000 0.000000 0.000000 0.000000 0.000000 0.000000 0.000000 0.000000 0.000000 0.000000 0.000000 0.000000 0.000000 0.000000 0.000000 0.000000 0.000000 0.000000 0.000000 
50.000000 30.137411 15.132912 6.359855 2.263994 0.692280 0.184315 0.043255 0.009045 0.001701 0.000290 0.000045 0.000006 0.000001 0.000000 0.000000 0.000000 0.000000 0.000000 0.000000 0.000000 0.000000 0.000000 0.000000 0.000000 0.000000 0.000000 0.000000 0.000000 0.000000 0.000000 0.000000 0.000000 0.000000 0.000000 0.000000 0.000000 0.000000 0.000000 0.000000 0.000000 0.000000 0.000000 0.000000 0.000000 0.000000 0.000000 0.000000 0.000000 0.000000 
50.000000 30.137411 15.132912 6.359855 2.263994 0.692280 0.184315 0.043255 0.009045 0.001701 0.000290 0.000045 0.000006 0.000001 0.000000 0.000000 0.000000 0.000000 0.000000 0.000000 0.000000 0.000000 0.000000 0.000000 0.000000 0.000000 0.000000 0.000000 0.000000 0.000000 0.000000 0.000000 0.000000 0.000000 0.000000 0.000000 0.000000 0.000000 0.000000 0.000000 0.000000 0.000000 0.000000 0.000000 0.000000 0.000000 0.000000 0.000000 0.000000 0.000000 
50.000000 30.137411 15.132912 6.359855 2.263994 0.692280 0.184315 0.043255 0.009045 0.001701 0.000290 0.000045 0.000006 0.000001 0.000000 0.000000 0.000000 0.000000 0.000000 0.000000 0.000000 0.000000 0.000000 0.000000 0.000000 0.000000 0.000000 0.000000 0.000000 0.000000 0.000000 0.000000 0.000000 0.000000 0.000000 0.000000 0.000000 0.000000 0.000000 0.000000 0.000000 0.000000 0.000000 0.000000 0.000000 0.000000 0.000000 0.000000 0.000000 0.000000 
50.000000 30.137411 15.132912 6.359855 2.263994 0.692280 0.184315 0.043255 0.009045 0.001701 0.000290 0.000045 0.000006 0.000001 0.000000 0.000000 0.000000 0.000000 0.000000 0.000000 0.000000 0.000000 0.000000 0.000000 0.000000 0.000000 0.000000 0.000000 0.000000 0.000000 0.000000 0.000000 0.000000 0.000000 0.000000 0.000000 0.000000 0.000000 0.000000 0.000000 0.000000 0.000000 0.000000 0.000000 0.000000 0.000000 0.000000 0.000000 0.000000 0.000000 
50.000000 30.137411 15.132912 6.359855 2.263994 0.692280 0.184315 0.043255 0.009045 0.001701 0.000290 0.000045 0.000006 0.000001 0.000000 0.000000 0.000000 0.000000 0.000000 0.000000 0.000000 0.000000 0.000000 0.000000 0.000000 0.000000 0.000000 0.000000 0.000000 0.000000 0.000000 0.000000 0.000000 0.000000 0.000000 0.000000 0.000000 0.000000 0.000000 0.000000 0.000000 0.000000 0.000000 0.000000 0.000000 0.000000 0.000000 0.000000 0.000000 0.000000 
50.000000 30.137411 15.132912 6.359855 2.263994 0.692280 0.184315 0.043255 0.009045 0.001701 0.000290 0.000045 0.000006 0.000001 0.000000 0.000000 0.000000 0.000000 0.000000 0.000000 0.000000 0.000000 0.000000 0.000000 0.000000 0.000000 0.000000 0.000000 0.000000 0.000000 0.000000 0.000000 0.000000 0.000000 0.000000 0.000000 0.000000 0.000000 0.000000 0.000000 0.000000 0.000000 0.000000 0.000000 0.000000 0.000000 0.000000 0.000000 0.000000 0.000000 
50.000000 30.137411 15.132912 6.359855 2.263994 0.692280 0.184315 0.043255 0.009045 0.001701 0.000290 0.000045 0.000006 0.000001 0.000000 0.000000 0.000000 0.000000 0.000000 0.000000 0.000000 0.000000 0.000000 0.000000 0.000000 0.000000 0.000000 0.000000 0.000000 0.000000 0.000000 0.000000 0.000000 0.000000 0.000000 0.000000 0.000000 0.000000 0.000000 0.000000 0.000000 0.000000 0.000000 0.000000 0.000000 0.000000 0.000000 0.000000 0.000000 0.000000 
50.000000 30.137411 15.132912 6.359855 2.263994 0.692280 0.184315 0.043255 0.009045 0.001701 0.000290 0.000045 0.000006 0.000001 0.000000 0.000000 0.000000 0.000000 0.000000 0.000000 0.000000 0.000000 0.000000 0.000000 0.000000 0.000000 0.000000 0.000000 0.000000 0.000000 0.000000 0.000000 0.000000 0.000000 0.000000 0.000000 0.000000 0.000000 0.000000 0.000000 0.000000 0.000000 0.000000 0.000000 0.000000 0.000000 0.000000 0.000000 0.000000 0.000000 
50.000000 30.137411 15.132912 6.359855 2.263994 0.692280 0.184315 0.043255 0.009045 0.001701 0.000290 0.000045 0.000006 0.000001 0.000000 0.000000 0.000000 0.000000 0.000000 0.000000 0.000000 0.000000 0.000000 0.000000 0.000000 0.000000 0.000000 0.000000 0.000000 0.000000 0.000000 0.000000 0.000000 0.000000 0.000000 0.000000 0.000000 0.000000 0.000000 0.000000 0.000000 0.000000 0.000000 0.000000 0.000000 0.000000 0.000000 0.000000 0.000000 0.000000 
50.000000 30.137411 15.132912 6.359855 2.263994 0.692280 0.184315 0.043255 0.009045 0.001701 0.000290 0.000045 0.000006 0.000001 0.000000 0.000000 0.000000 0.000000 0.000000 0.000000 0.000000 0.000000 0.000000 0.000000 0.000000 0.000000 0.000000 0.000000 0.000000 0.000000 0.000000 0.000000 0.000000 0.000000 0.000000 0.000000 0.000000 0.000000 0.000000 0.000000 0.000000 0.000000 0.000000 0.000000 0.000000 0.000000 0.000000 0.000000 0.000000 0.000000 
50.000000 30.137411 15.132912 6.359855 2.263994 0.692280 0.184315 0.043255 0.009045 0.001701 0.000290 0.000045 0.000006 0.000001 0.000000 0.000000 0.000000 0.000000 0.000000 0.000000 0.000000 0.000000 0.000000 0.000000 0.000000 0.000000 0.000000 0.000000 0.000000 0.000000 0.000000 0.000000 0.000000 0.000000 0.000000 0.000000 0.000000 0.000000 0.000000 0.000000 0.000000 0.000000 0.000000 0.000000 0.000000 0.000000 0.000000 0.000000 0.000000 0.000000 
50.000000 30.137411 15.132912 6.359855 2.263994 0.692280 0.184315 0.043255 0.009045 0.001701 0.000290 0.000045 0.000006 0.000001 0.000000 0.000000 0.000000 0.000000 0.000000 0.000000 0.000000 0.000000 0.000000 0.000000 0.000000 0.000000 0.000000 0.000000 0.000000 0.000000 0.000000 0.000000 0.000000 0.000000 0.000000 0.000000 0.000000 0.000000 0.000000 0.000000 0.000000 0.000000 0.000000 0.000000 0.000000 0.000000 0.000000 0.000000 0.000000 0.000000 
50.000000 30.137411 15.132912 6.359855 2.263994 0.692280 0.184315 0.043255 0.009045 0.001701 0.000290 0.000045 0.000006 0.000001 0.000000 0.000000 0.000000 0.000000 0.000000 0.000000 0.000000 0.000000 0.000000 0.000000 0.000000 0.000000 0.000000 0.000000 0.000000 0.000000 0.000000 0.000000 0.000000 0.000000 0.000000 0.000000 0.000000 0.000000 0.000000 0.000000 0.000000 0.000000 0.000000 0.000000 0.000000 0.000000 0.000000 0.000000 0.000000 0.000000 
50.000000 30.137411 15.132912 6.359855 2.263994 0.692280 0.184315 0.043255 0.009045 0.001701 0.000290 0.000045 0.000006 0.000001 0.000000 0.000000 0.000000 0.000000 0.000000 0.000000 0.000000 0.000000 0.000000 0.000000 0.000000 0.000000 0.000000 0.000000 0.000000 0.000000 0.000000 0.000000 0.000000 0.000000 0.000000 0.000000 0.000000 0.000000 0.000000 0.000000 0.000000 0.000000 0.000000 0.000000 0.000000 0.000000 0.000000 0.000000 0.000000 0.000000 
50.000000 30.137411 15.132912 6.359855 2.263994 0.692280 0.184315 0.043255 0.009045 0.001701 0.000290 0.000045 0.000007 0.000001 0.000000 0.000000 0.000000 0.000000 0.000000 0.000000 0.000000 0.000000 0.000000 0.000000 0.000000 0.000000 0.000000 0.000000 0.000000 0.000000 0.000000 0.000000 0.000000 0.000000 0.000000 0.000000 0.000000 0.000000 0.000000 0.000000 0.000000 0.000000 0.000000 0.000000 0.000000 0.000000 0.000000 0.000000 0.000000 0.000000 
50.000000 30.137411 15.132912 6.359856 2.263995 0.692281 0.184316 0.043256 0.009045 0.001702 0.000291 0.000046 0.000007 0.000002 0.000001 0.000001 0.000001 0.000001 0.000001 0.000001 0.000001 0.000001 0.000001 0.000001 0.000001 0.000001 0.000001 0.000001 0.000001 0.000001 0.000001 0.000001 0.000001 0.000001 0.000001 0.000001 0.000001 0.000001 0.000001 0.000001 0.000001 0.000001 0.000001 0.000001 0.000001 0.000001 0.000001 0.000001 0.000000 0.000000 
50.000000 30.137413 15.132916 6.359861 2.264001 0.692286 0.184321 0.043261 0.009051 0.001707 0.000296 0.000052 0.000013 0.000007 0.000007 0.000006 0.000006 0.000006 0.000006 0.000006 0.000006 0.000006 0.000006 0.000006 0.000006 0.000006 0.000006 0.000006 0.000006 0.000006 0.000006 0.000006 0.000006 0.000006 0.000006 0.000006 0.000006 0.000006 0.000006 0.000006 0.000006 0.000006 0.000006 0.000006 0.000006 0.000006 0.000006 0.000005 0.000003 0.000000 
50.000000 30.137429 15.132943 6.359895 2.264038 0.692324 0.184360 0.043300 0.009090 0.001746 0.000335 0.000090 0.000052 0.000046 0.000045 0.000045 0.000045 0.000045 0.000045 0.000045 0.000045 0.000045 0.000045 0.000045 0.000045 0.000045 0.000045 0.000045 0.000045 0.000045 0.000045 0.000045 0.000045 0.000045 0.000045 0.000045 0.000045 0.000045 0.000045 0.000045 0.000045 0.000045 0.000045 0.000045 0.000045 0.000044 0.000041 0.000033 0.000019 0.000000 
50.000000 30.137528 15.133116 6.360110 2.264272 0.692566 0.184604 0.043545 0.009334 0.001991 0.000580 0.000335 0.000296 0.000291 0.000290 0.000290 0.000290 0.000290 0.000290 0.000290 0.000290 0.000290 0.000290 0.000290 0.000290 0.000290 0.000290 0.000290 0.000290 0.000290 0.000290 0.000290 0.000290 0.000290 0.000290 0.000290 0.000290 0.000290 0.000290 0.000290 0.000290 0.000290 0.000290 0.000289 0.000287 0.000281 0.000261 0.000214 0.000125 0.000000 
50.000000 30.138097 15.134111 6.361350 2.265624 0.693959 0.186010 0.044955 0.010745 0.003402 0.001991 0.001746 0.001707 0.001702 0.001701 0.001701 0.001701 0.001701 0.001701 0.001701 0.001701 0.001701 0.001701 0.001701 0.001701 0.001701 0.001701 0.001701 0.001701 0.001701 0.001701 0.001701 0.001701 0.001701 0.001701 0.001701 0.001701 0.001701 0.001701 0.001701 0.001701 0.001701 0.001700 0.001697 0.001686 0.001647 0.001533 0.001257 0.000736 0.000000 
50.000000 30.141052 15.139281 6.367795 2.272654 0.701209 0.193329 0.052293 0.018088 0.010745 0.009334 0.009090 0.009051 0.009045 0.009045 0.009045 0.009045 0.009045 0.009045 0.009045 0.009045 0.009045 0.009045 0.009045 0.009045 0.009045 0.009045 0.009045 0.009045 0.009045 0.009045 0.009045 0.009045 0.009045 0.009045 0.009045 0.009045 0.009045 0.009044 0.009044 0.009044 0.009044 0.009041 0.009027 0.008970 0.008769 0.008172 0.006722 0.003949 0.000000 
50.000000 30.154788 15.163323 6.397793 2.305389 0.734977 0.227424 0.086477 0.052293 0.044955 0.043545 0.043300 0.043261 0.043256 0.043255 0.043255 0.043255 0.043255 0.043255 0.043255 0.043255 0.043255 0.043255 0.043255 0.043255 0.043255 0.043255 0.043255 0.043255 0.043255 0.043255 0.043255 0.043255 0.043255 0.043255 0.043255 0.043255 0.043255 0.043255 0.043255 0.043255 0.043252 0.043238 0.043175 0.042915 0.041991 0.039217 0.032381 0.019117 0.000000 
50.000000 30.211299 15.262295 6.521362 2.440304 0.874185 0.367999 0.227424 0.193329 0.186010 0.184604 0.184360 0.184321 0.184316 0.184315 0.184315 0.184315 0.184315 0.184315 0.184315 0.184315 0.184315 0.184315 0.184315 0.184315 0.184315 0.184315 0.184315 0.184315 0.184315 0.184315 0.184315 0.184315 0.184315 0.184315 0.184315 0.184315 0.184315 0.184315 0.184314 0.184313 0.184303 0.184249 0.183999 0.182963 0.179241 0.167895 0.139399 0.082914 0.000000 
50.000000 30.414362 15.618148 6.965930 2.925920 1.375390 0.874185 0.734977 0.701209 0.693959 0.692566 0.692324 0.692286 0.692281 0.692280 0.692280 0.692280 0.692280 0.692280 0.692280 0.692280 0.692280 0.692280 0.692280 0.692280 0.692280 0.692280 0.692280 0.692280 0.692280 0.692280 0.692280 0.692280 0.692280 0.692280 0.692280 0.692280 0.692280 0.692280 0.692279 0.692273 0.692240 0.692062 0.691221 0.687695 0.674819 0.634724 0.531286 0.319693 0.000000 
50.000000 31.041402 16.717591 8.340286 4.427843 2.925920 2.440304 2.305389 2.272654 2.265624 2.264272 2.264038 2.264001 2.263995 2.263994 2.263994 2.263994 2.263994 2.263994 2.263994 2.263994 2.263994 2.263994 2.263994 2.263994 2.263994 2.263994 2.263994 2.263994 2.263994 2.263994 2.263994 2.263994 2.263994 2.263994 2.263994 2.263994 2.263994 2.263994 2.263992 2.263976 2.263885 2.263399 2.261062 2.251101 2.213922 2.094682 1.774918 1.088549 0.000000 
50.000000 32.672438 19.578864 11.918956 8.340286 6.965930 6.521362 6.397793 6.367795 6.361350 6.360110 6.359895 6.359861 6.359856 6.359855 6.359855 6.359855 6.359855 6.359855 6.359855 6.359855 6.359855 6.359855 6.359855 6.359855 6.359855 6.359855 6.359855 6.359855 6.359855 6.359855 6.359855 6.359855 6.359855 6.359855 6.359855 6.359855 6.359855 6.359854 6.359849 6.359817 6.359623 6.358576 6.353466 6.331207 6.245604 5.959478 5.146984 3.263581 0.000000 
50.000000 36.160408 25.700353 19.578864 16.717591 15.618148 15.262295 15.163323 15.139281 15.134111 15.133116 15.132943 15.132916 15.132912 15.132912 15.132912 15.132912 15.132912 15.132912 15.132912 15.132912 15.132912 15.132912 15.132912 15.132912 15.132912 15.132912 15.132912 15.132912 15.132912 15.132912 15.132912 15.132912 15.132912 15.132912 15.132912 15.132912 15.132911 15.132910 15.132903 15.132854 15.132559 15.130942 15.122896 15.086862 14.942673 14.431879 12.850176 8.675726 0.000000 
50.000000 42.118462 36.160408 32.672438 31.041402 30.414362 30.211299 30.154788 30.141052 30.138097 30.137528 30.137429 30.137413 30.137411 30.137411 30.137411 30.137411 30.137411 30.137411 30.137411 30.137411 30.137411 30.137411 30.137411 30.137411 30.137411 30.137411 30.137411 30.137411 30.137411 30.137411 30.137411 30.137411 30.137411 30.137411 30.137411 30.137411 30.137411 30.137410 30.137403 30.137361 30.137104 30.135671 30.128385 30.094669 29.952853 29.408857 27.484682 21.059231 0.000000 
50.000000 50.000000 50.000000 50.000000 50.000000 50.000000 50.000000 50.000000 50.000000 50.000000 50.000000 50.000000 50.000000 50.000000 50.000000 50.000000 50.000000 50.000000 50.000000 50.000000 50.000000 50.000000 50.000000 50.000000 50.000000 50.000000 50.000000 50.000000 50.000000 50.000000 50.000000 50.000000 50.000000 50.000000 50.000000 50.000000 50.000000 50.000000 50.000000 50.000000 50.000000 50.000000 50.000000 50.000000 50.000000 50.000000 50.000000 50.000000 50.000000 50.000000 
