50.000000 50.000000 50.000000 50.000000 50.000000 50.000000 50.000000 50.000000 50.000000 50.000000 50.000000 50.000000 50.000000 50.000000 50.000000 50.000000 50.000000 50.000000 50.000000 50.000000 50.000000 50.000000 50.000000 50.000000 50.000000 50.000000 50.000000 50.000000 50.000000 50.000000 50.000000 50.000000 50.000000 50.000000 50.000000 50.000000 50.000000 50.000000 50.000000 50.000000 50.000000 50.000000 50.000000 50.000000 50.000000 50.000000 50.000000 50.000000 50.000000 50.000000 
50.000000 48.291869 46.675278 45.227068 43.998620 43.011465 42.259520 41.716166 41.343394 41.100356 40.949620 40.860592 40.810463 40.783525 40.769693 40.762899 40.759703 40.758262 40.757638 40.757379 40.757275 40.757235 40.757221 40.757215 40.757213 40.757213 40.757213 40.757212 40.757211 40.757209 40.757203 40.757186 40.757141 40.757027 40.756743 40.756063 40.754487 40.750957 40.743294 40.727167 40.694197 40.628510 40.500414 40.254264 39.783470 38.873646 37.057452 33.197394 24.145935 0.000000 
50.000000 46.675278 43.528732 40.709936 38.318896 36.397519 34.933961 33.876408 33.150873 32.677846 32.384473 32.211202 32.113641 32.061214 32.034295 32.021073 32.014854 32.012050 32.010836 32.010332 32.010130 32.010052 32.010023 32.010013 32.010009 32.010008 32.010008 32.010007 32.010006 32.010002 32.009990 32.009960 32.009878 32.009671 32.009157 32.007930 32.005095 31.998761 31.985070 31.956413 31.898245 31.783513 31.562958 31.148093 30.380558 28.975317 26.414568 21.764366 13.477884 0.000000 
50.000000 45.227068 40.709936 36.663338 33.230841 30.472606 28.371618 26.853486 25.811989 25.132978 24.711860 24.463148 24.323112 24.247862 24.209225 24.190249 24.181323 24.177299 24.175557 24.174833 24.174543 24.174432 24.174390 24.174375 24.174370 24.174369 24.174368 24.174367 24.174365 24.174360 24.174346 24.174306 24.174203 24.173938 24.173287 24.171734 24.168160 24.160215 24.143147 24.107703 24.036499 23.897977 23.636648 23.157808 22.304384 20.824167 18.331669 14.295369 8.169616 0.000000 
50.000000 43.998620 38.318896 33.230841 28.914980 25.446946 22.805337 20.896598 19.587157 18.733479 18.204048 17.891374 17.715332 17.620736 17.572167 17.548314 17.537095 17.532036 17.529847 17.528937 17.528573 17.528433 17.528381 17.528362 17.528356 17.528354 17.528353 17.528352 17.528350 17.528345 17.528329 17.528287 17.528177 17.527896 17.527207 17.525570 17.521822 17.513540 17.495881 17.459553 17.387441 17.249298 16.993884 16.538169 15.754256 14.457490 12.406675 9.343579 5.124974 0.000000 
50.000000 43.011465 36.397519 30.472606 25.446946 21.408608 18.332651 16.110114 14.585436 13.591462 12.975042 12.611005 12.406051 12.295923 12.239383 12.211615 12.198556 12.192668 12.190120 12.189061 12.188637 12.188474 12.188413 12.188392 12.188384 12.188382 12.188381 12.188380 12.188378 12.188373 12.188358 12.188319 12.188215 12.187953 12.187310 12.185791 12.182333 12.174742 12.158688 12.125992 12.061895 11.941003 11.721822 11.340326 10.704304 9.692690 8.168222 6.016962 3.227996 0.000000 
50.000000 42.259520 34.933961 28.371618 22.805337 18.332651 14.925918 12.464431 10.775872 9.675091 8.992454 8.589325 8.362370 8.240425 8.177820 8.147076 8.132617 8.126098 8.123277 8.122105 8.121636 8.121455 8.121388 8.121364 8.121356 8.121353 8.121352 8.121351 8.121350 8.121345 8.121333 8.121299 8.121211 8.120989 8.120447 8.119174 8.116291 8.110006 8.096826 8.070253 8.018789 7.923155 7.752878 7.462959 6.992325 6.267167 5.213810 3.785868 2.005256 0.000000 
50.000000 41.716166 33.876408 26.853486 20.896598 16.110114 12.464431 9.830346 8.023430 6.845521 6.115075 5.683727 5.440892 5.310420 5.243439 5.210547 5.195080 5.188106 5.185089 5.183834 5.183333 5.183139 5.183068 5.183042 5.183033 5.183030 5.183029 5.183029 5.183027 5.183024 5.183014 5.182988 5.182919 5.182747 5.182328 5.181348 5.179143 5.174369 5.164440 5.144612 5.106653 5.037072 4.915173 4.711553 4.388292 3.902715 3.216838 2.313450 1.215752 0.000000 
50.000000 41.343394 33.150873 25.811989 19.587157 14.585436 10.775872 8.023430 6.135362 4.904579 4.141364 3.690677 3.436963 3.300649 3.230672 3.196310 3.180152 3.172867 3.169715 3.168405 3.167881 3.167679 3.167604 3.167577 3.167568 3.167565 3.167564 3.167563 3.167562 3.167560 3.167553 3.167534 3.167484 3.167360 3.167060 3.166361 3.164798 3.161437 3.154499 3.140772 3.114766 3.067681 2.986358 2.852717 2.644433 2.337859 1.914012 1.367360 0.714884 0.000000 
50.000000 41.100356 32.677846 25.132978 18.733479 13.591462 9.675091 6.845521 4.904579 3.639353 2.854796 2.391516 2.130720 1.990605 1.918678 1.883360 1.866752 1.859265 1.856025 1.854679 1.854140 1.853933 1.853856 1.853829 1.853819 1.853816 1.853815 1.853814 1.853814 1.853812 1.853807 1.853794 1.853761 1.853678 1.853477 1.853012 1.851978 1.849768 1.845239 1.836352 1.819677 1.789813 1.738869 1.656303 1.529568 1.346038 1.096479 0.779601 0.406159 0.000000 
50.000000 40.949620 32.384473 24.711860 18.204048 12.975042 8.992454 6.115075 4.141364 2.854796 2.057017 1.585939 1.320757 1.178288 1.105155 1.069245 1.052359 1.044747 1.041454 1.040085 1.039538 1.039327 1.039249 1.039221 1.039211 1.039208 1.039207 1.039206 1.039206 1.039205 1.039202 1.039194 1.039172 1.039120 1.038994 1.038704 1.038061 1.036697 1.033919 1.028509 1.018445 1.000592 0.970463 0.922201 0.849049 0.744496 0.604158 0.428060 0.222452 0.000000 
50.000000 40.860592 32.211202 24.463148 17.891374 12.611005 8.589325 5.683727 3.690677 2.391516 1.585939 1.110260 0.842493 0.698638 0.624794 0.588535 0.571486 0.563800 0.560475 0.559093 0.558540 0.558327 0.558249 0.558220 0.558211 0.558207 0.558206 0.558206 0.558205 0.558205 0.558203 0.558198 0.558186 0.558154 0.558080 0.557909 0.557533 0.556738 0.555130 0.552020 0.546278 0.536177 0.519287 0.492499 0.452317 0.395494 0.320001 0.226132 0.117298 0.000000 
50.000000 40.810463 32.113641 24.323112 17.715332 12.406051 8.362370 5.440892 3.436963 2.130720 1.320757 0.842493 0.573273 0.428638 0.354395 0.317941 0.300800 0.293073 0.289730 0.288340 0.287785 0.287571 0.287492 0.287463 0.287453 0.287450 0.287449 0.287449 0.287448 0.287448 0.287447 0.287444 0.287437 0.287420 0.287378 0.287283 0.287075 0.286637 0.285755 0.284060 0.280952 0.275526 0.266523 0.252364 0.231309 0.201792 0.162898 0.114881 0.059506 0.000000 
50.000000 40.783525 32.061214 24.247862 17.620736 12.295923 8.240425 5.310420 3.300649 1.990605 1.178288 0.698638 0.428638 0.283586 0.209129 0.172570 0.155379 0.147630 0.144278 0.142884 0.142327 0.142113 0.142033 0.142005 0.141995 0.141991 0.141990 0.141990 0.141990 0.141990 0.141989 0.141988 0.141984 0.141975 0.141953 0.141902 0.141793 0.141564 0.141105 0.140227 0.138627 0.135851 0.131277 0.124134 0.113590 0.098913 0.079702 0.056119 0.029037 0.000000 
50.000000 40.769693 32.034295 24.209225 17.572167 12.239383 8.177820 5.243439 3.230672 1.918678 1.105155 0.624794 0.354395 0.209129 0.134562 0.097950 0.080734 0.072974 0.069616 0.068221 0.067663 0.067448 0.067368 0.067340 0.067330 0.067327 0.067326 0.067325 0.067325 0.067325 0.067325 0.067324 0.067322 0.067317 0.067306 0.067281 0.067226 0.067112 0.066885 0.066452 0.065666 0.064311 0.062091 0.058646 0.053592 0.046597 0.037491 0.026365 0.013630 0.000000 
50.000000 40.762899 32.021073 24.190249 17.548314 12.211615 8.147076 5.210547 3.196310 1.883360 1.069245 0.588535 0.317941 0.172570 0.097950 0.061311 0.044083 0.036317 0.032957 0.031560 0.031002 0.030787 0.030708 0.030679 0.030669 0.030666 0.030665 0.030665 0.030664 0.030664 0.030664 0.030664 0.030663 0.030661 0.030655 0.030643 0.030617 0.030563 0.030455 0.030251 0.029883 0.029251 0.028220 0.026629 0.024306 0.021107 0.016962 0.011916 0.006156 0.000000 
50.000000 40.759703 32.014854 24.181323 17.537095 12.198556 8.132617 5.195080 3.180152 1.866752 1.052359 0.571486 0.300800 0.155379 0.080734 0.044083 0.026849 0.019081 0.015720 0.014323 0.013764 0.013549 0.013470 0.013441 0.013431 0.013428 0.013427 0.013427 0.013426 0.013426 0.013426 0.013426 0.013426 0.013425 0.013422 0.013417 0.013405 0.013380 0.013332 0.013240 0.013074 0.012792 0.012333 0.011628 0.010604 0.009199 0.007385 0.005184 0.002676 0.000000 
50.000000 40.758262 32.012050 24.177299 17.532036 12.192668 8.126098 5.188106 3.172867 1.859265 1.044747 0.563800 0.293073 0.147630 0.072974 0.036317 0.019081 0.011311 0.007950 0.006552 0.005994 0.005779 0.005699 0.005671 0.005661 0.005657 0.005656 0.005656 0.005656 0.005656 0.005656 0.005656 0.005656 0.005655 0.005654 0.005652 0.005646 0.005636 0.005615 0.005575 0.005504 0.005383 0.005187 0.004887 0.004453 0.003859 0.003096 0.002172 0.001121 0.000000 
50.000000 40.757638 32.010836 24.175557 17.529847 12.190120 8.123277 5.185089 3.169715 1.856025 1.041454 0.560475 0.289730 0.144278 0.069616 0.032957 0.015720 0.007950 0.004588 0.003191 0.002632 0.002417 0.002337 0.002309 0.002299 0.002296 0.002294 0.002294 0.002294 0.002294 0.002294 0.002294 0.002294 0.002294 0.002293 0.002292 0.002290 0.002286 0.002277 0.002260 0.002231 0.002181 0.002101 0.001978 0.001801 0.001560 0.001251 0.000877 0.000452 0.000000 
50.000000 40.757379 32.010332 24.174833 17.528937 12.189061 8.122105 5.183834 3.168405 1.854679 1.040085 0.559093 0.288340 0.142884 0.068221 0.031560 0.014323 0.006552 0.003191 0.001793 0.001235 0.001020 0.000940 0.000911 0.000901 0.000898 0.000897 0.000897 0.000897 0.000897 0.000897 0.000897 0.000897 0.000896 0.000896 0.000896 0.000895 0.000893 0.000890 0.000883 0.000872 0.000852 0.000820 0.000772 0.000702 0.000608 0.000487 0.000341 0.000176 0.000000 
50.000000 40.757275 32.010130 24.174543 17.528573 12.188637 8.121636 5.183333 3.167881 1.854140 1.039538 0.558540 0.287785 0.142327 0.067663 0.031002 0.013764 0.005994 0.002632 0.001235 0.000676 0.000461 0.000381 0.000353 0.000343 0.000340 0.000338 0.000338 0.000338 0.000338 0.000338 0.000338 0.000338 0.000338 0.000338 0.000338 0.000337 0.000337 0.000335 0.000333 0.000328 0.000321 0.000309 0.000290 0.000264 0.000229 0.000183 0.000128 0.000066 0.000000 
50.000000 40.757235 32.010052 24.174432 17.528433 12.188474 8.121455 5.183139 3.167679 1.853933 1.039327 0.558327 0.287571 0.142113 0.067448 0.030787 0.013549 0.005779 0.002417 0.001020 0.000461 0.000246 0.000166 0.000138 0.000128 0.000125 0.000123 0.000123 0.000123 0.000123 0.000123 0.000123 0.000123 0.000123 0.000123 0.000123 0.000123 0.000123 0.000122 0.000121 0.000119 0.000117 0.000112 0.000106 0.000096 0.000083 0.000066 0.000047 0.000024 0.000000 
50.000000 40.757221 32.010023 24.174390 17.528381 12.188414 8.121388 5.183068 3.167604 1.853856 1.039249 0.558249 0.287492 0.142033 0.067368 0.030708 0.013470 0.005699 0.002337 0.000940 0.000381 0.000166 0.000087 0.000058 0.000048 0.000045 0.000044 0.000043 0.000043 0.000043 0.000043 0.000043 0.000043 0.000043 0.000043 0.000043 0.000043 0.000043 0.000043 0.000043 0.000042 0.000041 0.000040 0.000037 0.000034 0.000029 0.000023 0.000016 0.000008 0.000000 
50.000000 40.757215 32.010013 24.174376 17.528363 12.188392 8.121365 5.183043 3.167578 1.853829 1.039221 0.558221 0.287464 0.142005 0.067340 0.030680 0.013442 0.005671 0.002309 0.000912 0.000353 0.000138 0.000058 0.000030 0.000020 0.000017 0.000016 0.000015 0.000015 0.000015 0.000015 0.000015 0.000015 0.000015 0.000015 0.000015 0.000015 0.000015 0.000015 0.000015 0.000015 0.000014 0.000014 0.000013 0.000012 0.000010 0.000008 0.000006 0.000003 0.000000 
50.000000 40.757214 32.010010 24.174371 17.528357 12.188386 8.121357 5.183035 3.167570 1.853821 1.039213 0.558212 0.287455 0.141996 0.067332 0.030671 0.013433 0.005662 0.002300 0.000903 0.000344 0.000129 0.000050 0.000021 0.000011 0.000008 0.000007 0.000007 0.000006 0.000006 0.000006 0.000006 0.000006 0.000006 0.000006 0.000006 0.000006 0.000006 0.000006 0.000006 0.000006 0.000006 0.000006 0.000005 0.000005 0.000004 0.000003 0.000002 0.000001 0.000000 
50.000000 40.757214 32.010010 24.174371 17.528357 12.188386 8.121357 5.183035 3.167570 1.853821 1.039213 0.558212 0.287455 0.141996 0.067332 0.030671 0.013433 0.005662 0.002300 0.000903 0.000344 0.000129 0.000050 0.000021 0.000011 0.000008 0.000007 0.000007 0.000006 0.000006 0.000006 0.000006 0.000006 0.000006 0.000006 0.000006 0.000006 0.000006 0.000006 0.000006 0.000006 0.000006 0.000006 0.000005 0.000005 0.000004 0.000003 0.000002 0.000001 0.000000 
50.000000 40.757215 32.010013 24.174376 17.528363 12.188392 8.121365 5.183043 3.167578 1.853829 1.039221 0.558221 0.287464 0.142005 0.067340 0.030680 0.013442 0.005671 0.002309 0.000912 0.000353 0.000138 0.000058 0.000030 0.000020 0.000017 0.000016 0.000015 0.000015 0.000015 0.000015 0.000015 0.000015 0.000015 0.000015 0.000015 0.000015 0.000015 0.000015 0.000015 0.000015 0.000014 0.000014 0.000013 0.000012 0.000010 0.000008 0.000006 0.000003 0.000000 
50.000000 40.757221 32.010023 24.174390 17.528381 12.188414 8.121388 5.183068 3.167604 1.853856 1.039249 0.558249 0.287492 0.142033 0.067368 0.030708 0.013470 0.005699 0.002337 0.000940 0.000381 0.000166 0.000087 0.000058 0.000048 0.000045 0.000044 0.000043 0.000043 0.000043 0.000043 0.000043 0.000043 0.000043 0.000043 0.000043 0.000043 0.000043 0.000043 0.000043 0.000042 0.000041 0.000040 0.000037 0.000034 0.000029 0.000023 0.000016 0.000008 0.000000 
50.000000 40.757235 32.010052 24.174432 17.528433 12.188474 8.121455 5.183139 3.167679 1.853933 1.039327 0.558327 0.287571 0.142113 0.067448 0.030787 0.013549 0.005779 0.002417 0.001020 0.000461 0.000246 0.000166 0.000138 0.000128 0.000125 0.000123 0.000123 0.000123 0.000123 0.000123 0.000123 0.000123 0.000123 0.000123 0.000123 0.000123 0.000123 0.000122 0.000121 0.000119 0.000117 0.000112 0.000106 0.000096 0.000083 0.000066 0.000047 0.000024 0.000000 
50.000000 40.757275 32.010130 24.174543 17.528573 12.188637 8.121636 5.183333 3.167881 1.854140 1.039538 0.558540 0.287785 0.142327 0.067663 0.031002 0.013764 0.005994 0.002632 0.001235 0.000676 0.000461 0.000381 0.000353 0.000343 0.000340 0.000338 0.000338 0.000338 0.000338 0.000338 0.000338 0.000338 0.000338 0.000338 0.000338 0.000337 0.000337 0.000335 0.000333 0.000328 0.000321 0.000309 0.000290 0.000264 0.000229 0.000183 0.000128 0.000066 0.000000 
50.000000 40.757379 32.010332 24.174833 17.528937 12.189061 8.122105 5.183834 3.168405 1.854679 1.040085 0.559093 0.288340 0.142884 0.068221 0.031560 0.014323 0.006552 0.003191 0.001793 0.001235 0.001020 0.000940 0.000911 0.000901 0.000898 0.000897 0.000897 0.000897 0.000897 0.000897 0.000897 0.000897 0.000896 0.000896 0.000896 0.000895 0.000893 0.000890 0.000883 0.000872 0.000852 0.000820 0.000772 0.000702 0.000608 0.000487 0.000341 0.000176 0.000000 
50.000000 40.757638 32.010836 24.175557 17.529847 12.190120 8.123277 5.185089 3.169715 1.856025 1.041454 0.560475 0.289730 0.144278 0.069616 0.032957 0.015720 0.007950 0.004588 0.003191 0.002632 0.002417 0.002337 0.002309 0.002299 0.002296 0.002294 0.002294 0.002294 0.002294 0.002294 0.002294 0.002294 0.002294 0.002293 0.002292 0.002290 0.002286 0.002277 0.002260 0.002231 0.002181 0.002101 0.001978 0.001801 0.001560 0.001251 0.000877 0.000452 0.000000 
50.000000 40.758262 32.012050 24.177299 17.532036 12.192668 8.126098 5.188106 3.172867 1.859265 1.044747 0.563800 0.293073 0.147630 0.072974 0.036317 0.019081 0.011311 0.007950 0.006552 0.005994 0.005779 0.005699 0.005671 0.005661 0.005657 0.005656 0.005656 0.005656 0.005656 0.005656 0.005656 0.005656 0.005655 0.005654 0.005652 0.005646 0.005636 0.005615 0.005575 0.005504 0.005383 0.005187 0.004887 0.004453 0.003859 0.003096 0.002172 0.001121 0.000000 
50.000000 40.759703 32.014854 24.181323 17.537095 12.198556 8.132617 5.195080 3.180152 1.866752 1.052359 0.571486 0.300800 0.155379 0.080734 0.044083 0.026849 0.019081 0.015720 0.014323 0.013764 0.013549 0.013470 0.013441 0.013431 0.013428 0.013427 0.013427 0.013426 0.013426 0.013426 0.013426 0.013426 0.013425 0.013422 0.013417 0.013405 0.013380 0.013332 0.013240 0.013074 0.012792 0.012333 0.011628 0.010604 0.009199 0.007385 0.005184 0.002676 0.000000 
50.000000 40.762899 32.021073 24.190249 17.548314 12.211615 8.147076 5.210547 3.196310 1.883360 1.069245 0.588535 0.317941 0.172570 0.097950 0.061311 0.044083 0.036317 0.032957 0.031560 0.031002 0.030787 0.030708 0.030679 0.030669 0.030666 0.030665 0.030665 0.030664 0.030664 0.030664 0.030664 0.030663 0.030661 0.030655 0.030643 0.030617 0.030563 0.030455 0.030251 0.029883 0.029251 0.028220 0.026629 0.024306 0.021107 0.016962 0.011916 0.006156 0.000000 
50.000000 40.769693 32.034295 24.209225 17.572167 12.239383 8.177820 5.243439 3.230672 1.918678 1.105155 0.624794 0.354395 0.209129 0.134562 0.097950 0.080734 0.072974 0.069616 0.068221 0.067663 0.067448 0.067368 0.067340 0.067330 0.067327 0.067326 0.067325 0.067325 0.067325 0.067325 0.067324 0.067322 0.067317 0.067306 0.067281 0.067226 0.067112 0.066885 0.066452 0.065666 0.064311 0.062091 0.058646 0.053592 0.046597 0.037491 0.026365 0.013630 0.000000 
50.000000 40.783525 32.061214 24.247862 17.620736 12.295923 8.240425 5.310420 3.300649 1.990605 1.178288 0.698638 0.428638 0.283586 0.209129 0.172570 0.155379 0.147630 0.144278 0.142884 0.142327 0.142113 0.142033 0.142005 0.141995 0.141991 0.141990 0.141990 0.141990 0.141990 0.141989 0.141988 0.141984 0.141975 0.141953 0.141902 0.141793 0.141564 0.141105 0.140227 0.138627 0.135851 0.131277 0.124134 0.113590 0.098913 0.079702 0.056119 0.029037 0.000000 
50.000000 40.810463 32.113641 24.323112 17.715332 12.406051 8.362370 5.440892 3.436963 2.130720 1.320757 0.842493 0.573273 0.428638 0.354395 0.317941 0.300800 0.293073 0.289730 0.288340 0.287785 0.287571 0.287492 0.287463 0.287453 0.287450 0.287449 0.287449 0.287448 0.287448 0.287447 0.287444 0.287437 0.287420 0.287378 0.287283 0.287075 0.286637 0.285755 0.284060 0.280952 0.275526 0.266523 0.252364 0.231309 0.201792 0.162898 0.114881 0.059506 0.000000 
50.000000 40.860592 32.211202 24.463148 17.891374 12.611005 8.589325 5.683727 3.690677 2.391516 1.585939 1.110260 0.842493 0.698638 0.624794 0.588535 0.571486 0.563800 0.560475 0.559093 0.558540 0.558327 0.558249 0.558220 0.558211 0.558207 0.558206 0.558206 0.558205 0.558205 0.558203 0.558198 0.558186 0.558154 0.558080 0.557909 0.557533 0.556738 0.555130 0.552020 0.546278 0.536177 0.519287 0.492499 0.452317 0.395494 0.320001 0.226132 0.117298 0.000000 
50.000000 40.949620 32.384473 24.711860 18.204048 12.975042 8.992454 6.115075 4.141364 2.854796 2.057017 1.585939 1.320757 1.178288 1.105155 1.069245 1.052359 1.044747 1.041454 1.040085 1.039538 1.039327 1.039249 1.039221 1.039211 1.039208 1.039207 1.039206 1.039206 1.039205 1.039202 1.039194 1.039172 1.039120 1.038994 1.038704 1.038061 1.036697 1.033919 1.028509 1.018445 1.000592 0.970463 0.922201 0.849049 0.744496 0.604158 0.428060 0.222452 0.000000 
50.000000 41.100356 32.677846 25.132978 18.733479 13.591462 9.675091 6.845521 4.904579 3.639353 2.854796 2.391516 2.130720 1.990605 1.918678 1.883360 1.866752 1.859265 1.856025 1.854679 1.854140 1.853933 1.853856 1.853829 1.853819 1.853816 1.853815 1.853814 1.853814 1.853812 1.853807 1.853794 1.853761 1.853678 1.853477 1.853012 1.851978 1.849768 1.845239 1.836352 1.819677 1.789813 1.738869 1.656303 1.529568 1.346038 1.096479 0.779601 0.406159 0.000000 
50.000000 41.343394 33.150873 25.811989 19.587157 14.585436 10.775872 8.023430 6.135362 4.904579 4.141364 3.690677 3.436963 3.300649 3.230672 3.196310 3.180152 3.172867 3.169715 3.168405 3.167881 3.167679 3.167604 3.167577 3.167568 3.167565 3.167564 3.167563 3.167562 3.167560 3.167553 3.167534 3.167484 3.167360 3.167060 3.166361 3.164798 3.161437 3.154499 3.140772 3.114766 3.067681 2.986358 2.852717 2.644433 2.337859 1.914012 1.367360 0.714884 0.000000 
50.000000 41.716166 33.876408 26.853486 20.896598 16.110114 12.464431 9.830346 8.023430 6.845521 6.115075 5.683727 5.440892 5.310420 5.243439 5.210547 5.195080 5.188106 5.185089 5.183834 5.183333 5.183139 5.183068 5.183042 5.183033 5.183030 5.183029 5.183029 5.183027 5.183024 5.183014 5.182988 5.182919 5.182747 5.182328 5.181348 5.179143 5.174369 5.164440 5.144612 5.106653 5.037072 4.915173 4.711553 4.388292 3.902715 3.216838 2.313450 1.215752 0.000000 
50.000000 42.259520 34.933961 28.371618 22.805337 18.332651 14.925918 12.464431 10.775872 9.675091 8.992454 8.589325 8.362370 8.240425 8.177820 8.147076 8.132617 8.126098 8.123277 8.122105 8.121636 8.121455 8.121388 8.121364 8.121356 8.121353 8.121352 8.121351 8.121350 8.121345 8.121333 8.121299 8.121211 8.120989 8.120447 8.119174 8.116291 8.110006 8.096826 8.070253 8.018789 7.923155 7.752878 7.462959 6.992325 6.267167 5.213810 3.785868 2.005256 0.000000 
50.000000 43.011465 36.397519 30.472606 25.446946 21.408608 18.332651 16.110114 14.585436 13.591462 12.975042 12.611005 12.406051 12.295923 12.239383 12.211615 12.198556 12.192668 12.190120 12.189061 12.188637 12.188474 12.188413 12.188392 12.188384 12.188382 12.188381 12.188380 12.188378 12.188373 12.188358 12.188319 12.188215 12.187953 12.187310 12.185791 12.182333 12.174742 12.158688 12.125992 12.061895 11.941003 11.721822 11.340326 10.704304 9.692690 8.168222 6.016962 3.227996 0.000000 
50.000000 43.998620 38.318896 33.230841 28.914980 25.446946 22.805337 20.896598 19.587157 18.733479 18.204048 17.891374 17.715332 17.620736 17.572167 17.548314 17.537095 17.532036 17.529847 17.528937 17.528573 17.528433 17.528381 17.528362 17.528356 17.528354 17.528353 17.528352 17.528350 17.528345 17.528329 17.528287 17.528177 17.527896 17.527207 17.525570 17.521822 17.513540 17.495881 17.459553 17.387441 17.249298 16.993884 16.538169 15.754256 14.457490 12.406675 9.343579 5.124974 0.000000 
50.000000 45.227068 40.709936 36.663338 33.230841 30.472606 28.371618 26.853486 25.811989 25.132978 24.711860 24.463148 24.323112 24.247862 24.209225 24.190249 24.181323 24.177299 24.175557 24.174833 24.174543 24.174432 24.174390 24.174375 24.174370 24.174369 24.174368 24.174367 24.174365 24.174360 24.174346 24.174306 24.174203 24.173938 24.173287 24.171734 24.168160 24.160215 24.143147 24.107703 24.036499 23.897977 23.636648 23.157808 22.304384 20.824167 18.331669 14.295369 8.169616 0.000000 
50.000000 46.675278 43.528732 40.709936 38.318896 36.397519 34.933961 33.876408 33.150873 32.677846 32.384473 32.211202 32.113641 32.061214 32.034295 32.021073 32.014854 32.012050 32.010836 32.010332 32.010130 32.010052 32.010023 32.010013 32.010009 32.010008 32.010008 32.010007 32.010006 32.010002 32.009990 32.009960 32.009878 32.009671 32.009157 32.007930 32.005095 31.998761 31.985070 31.956413 31.898245 31.783513 31.562958 31.148093 30.380558 28.975317 26.414568 21.764366 13.477884 0.000000 
50.000000 48.291869 46.675278 45.227068 43.998620 43.011465 42.259520 41.716166 41.343394 41.100356 40.949620 40.860592 40.810463 40.783525 40.769693 40.762899 40.759703 40.758262 40.757638 40.757379 40.757275 40.757235 40.757221 40.757215 40.757213 40.757213 40.757213 40.757212 40.757211 40.757209 40.757203 40.757186 40.757141 40.757027 40.756743 40.756063 40.754487 40.750957 40.743294 40.727167 40.694197 40.628510 40.500414 40.254264 39.783470 38.873646 37.057452 33.197394 24.145935 0.000000 
50.000000 50.000000 50.000000 50.000000 50.000000 50.000000 50.000000 50.000000 50.000000 50.000000 50.000000 50.000000 50.000000 50.000000 50.000000 50.000000 50.000000 50.000000 50.000000 50.000000 50.000000 50.000000 50.000000 50.000000 50.000000 50.000000 50.000000 50.000000 50.000000 50.000000 50.000000 50.000000 50.000000 50.000000 50.000000 50.000000 50.000000 50.000000 50.000000 50.000000 50.000000 50.000000 50.000000 50.000000 50.000000 50.000000 50.000000 50.000000 50.000000 50.000000 
