50.000000 50.000000 50.000000 50.000000 50.000000 50.000000 50.000000 50.000000 50.000000 50.000000 50.000000 50.000000 50.000000 50.000000 50.000000 50.000000 50.000000 50.000000 50.000000 50.000000 50.000000 50.000000 50.000000 50.000000 50.000000 50.000000 50.000000 50.000000 50.000000 50.000000 50.000000 50.000000 50.000000 50.000000 50.000000 50.000000 50.000000 50.000000 50.000000 50.000000 50.000000 50.000000 50.000000 50.000000 50.000000 50.000000 50.000000 50.000000 50.000000 50.000000 
50.000000 47.929841 45.994085 44.301007 42.915076 41.852353 41.088185 40.572238 40.244673 40.048817 39.938350 39.879478 39.849782 39.835581 39.829131 39.826345 39.825199 39.824748 39.824579 39.824519 39.824498 39.824491 39.824489 39.824488 39.824488 39.824488 39.824488 39.824488 39.824488 39.824487 39.824486 39.824483 39.824472 39.824441 39.824353 39.824112 39.823481 39.821889 39.818022 39.808977 39.788569 39.744048 39.649760 39.454738 39.057047 38.245914 36.555383 32.846085 23.964920 0.000000 
50.000000 45.994085 42.248262 38.972058 36.290223 34.233832 32.755174 31.756836 31.123023 30.744065 30.530329 30.416425 30.358971 30.331496 30.319018 30.313628 30.311410 30.310539 30.310212 30.310095 30.310054 30.310041 30.310037 30.310035 30.310035 30.310035 30.310035 30.310035 30.310035 30.310034 30.310032 30.310026 30.310007 30.309952 30.309795 30.309370 30.308257 30.305458 30.298690 30.282945 30.247684 30.171539 30.012615 29.690950 29.056661 27.831298 25.499574 21.124131 13.147999 0.000000 
50.000000 44.301007 38.972058 34.311249 30.496055 27.570673 25.467208 24.047059 23.145477 22.606437 22.302424 22.140415 22.058700 22.019625 22.001880 21.994215 21.991061 21.989822 21.989358 21.989191 21.989133 21.989115 21.989109 21.989107 21.989106 21.989106 21.989106 21.989106 21.989106 21.989105 21.989102 21.989095 21.989072 21.989004 21.988812 21.988291 21.986934 21.983539 21.975378 21.956546 21.914807 21.825911 21.643837 21.284829 20.602711 19.353729 17.155624 13.472484 7.745625 0.000000 
50.000000 42.915076 36.290223 30.496055 25.753208 22.116607 19.501818 17.736504 16.615836 15.945833 15.567976 15.366625 15.265072 15.216512 15.194462 15.184937 15.181018 15.179479 15.178902 15.178695 15.178623 15.178600 15.178592 15.178590 15.178589 15.178589 15.178589 15.178589 15.178589 15.178588 15.178586 15.178578 15.178554 15.178485 15.178291 15.177767 15.176407 15.173025 15.164957 15.146512 15.106111 15.021367 14.851215 14.524396 13.924716 12.876604 11.142326 8.458925 4.669162 0.000000 
50.000000 41.852353 34.233832 27.570673 22.116607 17.934774 14.928040 12.898183 11.609626 10.839283 10.404858 10.173374 10.056630 10.000810 9.975464 9.964517 9.960012 9.958244 9.957580 9.957342 9.957260 9.957233 9.957225 9.957222 9.957221 9.957221 9.957221 9.957221 9.957221 9.957220 9.957218 9.957211 9.957190 9.957129 9.956958 9.956499 9.955314 9.952385 9.945454 9.929762 9.895809 9.825665 9.687493 9.428436 8.967387 8.191891 6.967962 5.177171 2.795306 0.000000 
50.000000 41.088185 32.755174 25.467208 19.501818 14.928040 11.639592 9.419623 8.010435 7.168010 6.692958 6.439839 6.312190 6.251159 6.223449 6.211481 6.206558 6.204625 6.203899 6.203639 6.203549 6.203520 6.203511 6.203508 6.203507 6.203507 6.203507 6.203506 6.203506 6.203506 6.203504 6.203499 6.203482 6.203434 6.203299 6.202939 6.202015 6.199748 6.194426 6.182493 6.156976 6.105009 6.004417 5.819796 5.499605 4.977422 4.182379 3.064225 1.633447 0.000000 
50.000000 40.572238 31.756836 24.047059 17.736504 12.898183 9.419623 7.071382 5.580821 4.689785 4.187341 3.919638 3.784641 3.720101 3.690799 3.678144 3.672938 3.670894 3.670128 3.669852 3.669758 3.669726 3.669717 3.669714 3.669713 3.669712 3.669712 3.669712 3.669712 3.669712 3.669711 3.669707 3.669695 3.669660 3.669564 3.669307 3.668653 3.667059 3.663344 3.655092 3.637638 3.602555 3.535691 3.415205 3.210690 2.885289 2.403222 1.744221 0.922478 0.000000 
50.000000 40.244673 31.123023 23.145477 16.615836 11.609626 8.010435 5.580821 4.038652 3.116793 2.596986 2.320043 2.180392 2.113628 2.083318 2.070230 2.064845 2.062731 2.061938 2.061654 2.061556 2.061523 2.061513 2.061510 2.061509 2.061509 2.061509 2.061509 2.061509 2.061508 2.061508 2.061505 2.061497 2.061474 2.061411 2.061243 2.060818 2.059787 2.057404 2.052155 2.041164 2.019326 1.978266 1.905426 1.783961 1.594468 1.319566 0.951485 0.500625 0.000000 
50.000000 40.048817 30.744065 22.606437 15.945833 10.839283 7.168010 4.689785 3.116793 2.176532 1.646362 1.363905 1.221478 1.153390 1.122479 1.109132 1.103641 1.101485 1.100677 1.100386 1.100287 1.100254 1.100243 1.100240 1.100239 1.100239 1.100239 1.100239 1.100239 1.100239 1.100238 1.100236 1.100232 1.100218 1.100179 1.100078 1.099822 1.099205 1.097788 1.094692 1.088266 1.075629 1.052147 1.011035 0.943474 0.839723 0.691630 0.496381 0.260247 0.000000 
50.000000 39.938350 30.530329 22.302424 15.567976 10.404858 6.692958 4.187341 2.596986 1.646362 1.110359 0.824800 0.680811 0.611978 0.580730 0.567237 0.561686 0.559507 0.558690 0.558397 0.558296 0.558263 0.558252 0.558249 0.558248 0.558248 0.558248 0.558248 0.558248 0.558248 0.558247 0.558246 0.558244 0.558236 0.558214 0.558157 0.558013 0.557669 0.556884 0.555179 0.551670 0.544831 0.532249 0.510465 0.475096 0.421465 0.345878 0.247384 0.129373 0.000000 
50.000000 39.879478 30.416425 22.140415 15.366625 10.173374 6.439839 3.919638 2.320043 1.363905 0.824800 0.537592 0.392773 0.323545 0.292118 0.278547 0.272965 0.270774 0.269952 0.269657 0.269555 0.269522 0.269511 0.269508 0.269507 0.269507 0.269507 0.269507 0.269507 0.269507 0.269507 0.269506 0.269505 0.269500 0.269489 0.269459 0.269383 0.269204 0.268796 0.267916 0.266117 0.262639 0.256294 0.245413 0.227920 0.201667 0.165037 0.117735 0.061456 0.000000 
50.000000 39.849782 30.358971 22.058700 15.265072 10.056630 6.312190 3.784641 2.180392 1.221478 0.680811 0.392773 0.247538 0.178110 0.146593 0.132984 0.127386 0.125189 0.124364 0.124069 0.123967 0.123933 0.123923 0.123920 0.123919 0.123918 0.123918 0.123918 0.123918 0.123918 0.123918 0.123918 0.123917 0.123915 0.123909 0.123894 0.123857 0.123769 0.123570 0.123142 0.122273 0.120604 0.117583 0.112441 0.104245 0.092046 0.075162 0.053512 0.027894 0.000000 
50.000000 39.835581 30.331496 22.019625 15.216512 10.000810 6.251159 3.720101 2.113628 1.153390 0.611978 0.323545 0.178110 0.108588 0.077028 0.063401 0.057795 0.055595 0.054769 0.054473 0.054371 0.054338 0.054327 0.054324 0.054323 0.054323 0.054323 0.054323 0.054323 0.054323 0.054323 0.054322 0.054322 0.054321 0.054318 0.054311 0.054294 0.054253 0.054161 0.053965 0.053568 0.052810 0.051447 0.049144 0.045496 0.040105 0.032691 0.023238 0.012100 0.000000 
50.000000 39.829131 30.319018 22.001880 15.194462 9.975464 6.223449 3.690799 2.083318 1.122479 0.580730 0.292118 0.146593 0.077028 0.045449 0.031813 0.026204 0.024002 0.023177 0.022880 0.022778 0.022745 0.022734 0.022731 0.022730 0.022730 0.022729 0.022729 0.022729 0.022729 0.022729 0.022729 0.022729 0.022729 0.022728 0.022725 0.022717 0.022699 0.022659 0.022573 0.022402 0.022075 0.021491 0.020510 0.018965 0.016695 0.013590 0.009648 0.005019 0.000000 
50.000000 39.826345 30.313628 21.994215 15.184937 9.964517 6.211481 3.678144 2.070230 1.109132 0.567237 0.278547 0.132984 0.063401 0.031813 0.018174 0.012563 0.010361 0.009535 0.009239 0.009137 0.009103 0.009092 0.009089 0.009088 0.009088 0.009088 0.009088 0.009088 0.009088 0.009088 0.009088 0.009088 0.009087 0.009087 0.009086 0.009083 0.009075 0.009058 0.009023 0.008952 0.008819 0.008581 0.008182 0.007559 0.006646 0.005404 0.003833 0.001993 0.000000 
50.000000 39.825199 30.311410 21.991061 15.181018 9.960012 6.206558 3.672938 2.064845 1.103641 0.561686 0.272965 0.127386 0.057795 0.026204 0.012563 0.006952 0.004749 0.003923 0.003627 0.003525 0.003491 0.003481 0.003477 0.003476 0.003476 0.003476 0.003476 0.003476 0.003476 0.003476 0.003476 0.003476 0.003476 0.003476 0.003475 0.003474 0.003471 0.003464 0.003451 0.003423 0.003371 0.003278 0.003124 0.002883 0.002533 0.002058 0.001458 0.000758 0.000000 
50.000000 39.824748 30.310539 21.989822 15.179479 9.958244 6.204625 3.670894 2.062731 1.101485 0.559507 0.270774 0.125189 0.055595 0.024002 0.010361 0.004749 0.002547 0.001721 0.001424 0.001322 0.001289 0.001278 0.001275 0.001274 0.001274 0.001273 0.001273 0.001273 0.001273 0.001273 0.001273 0.001273 0.001273 0.001273 0.001273 0.001273 0.001272 0.001269 0.001264 0.001254 0.001234 0.001200 0.001143 0.001054 0.000925 0.000751 0.000532 0.000276 0.000000 
50.000000 39.824579 30.310212 21.989358 15.178902 9.957580 6.203899 3.670128 2.061938 1.100677 0.558690 0.269952 0.124364 0.054769 0.023177 0.009535 0.003923 0.001721 0.000895 0.000598 0.000496 0.000463 0.000452 0.000449 0.000448 0.000447 0.000447 0.000447 0.000447 0.000447 0.000447 0.000447 0.000447 0.000447 0.000447 0.000447 0.000447 0.000447 0.000446 0.000444 0.000440 0.000433 0.000421 0.000401 0.000369 0.000324 0.000263 0.000186 0.000097 0.000000 
50.000000 39.824519 30.310095 21.989191 15.178695 9.957342 6.203639 3.669852 2.061654 1.100386 0.558397 0.269657 0.124069 0.054473 0.022880 0.009239 0.003627 0.001424 0.000598 0.000302 0.000200 0.000166 0.000155 0.000152 0.000151 0.000151 0.000151 0.000151 0.000151 0.000151 0.000151 0.000151 0.000151 0.000151 0.000151 0.000151 0.000151 0.000151 0.000150 0.000150 0.000148 0.000146 0.000142 0.000135 0.000124 0.000109 0.000088 0.000063 0.000032 0.000000 
50.000000 39.824498 30.310054 21.989133 15.178623 9.957260 6.203549 3.669758 2.061556 1.100287 0.558296 0.269555 0.123967 0.054371 0.022778 0.009137 0.003525 0.001322 0.000496 0.000200 0.000098 0.000064 0.000053 0.000050 0.000049 0.000049 0.000049 0.000049 0.000049 0.000049 0.000049 0.000049 0.000049 0.000049 0.000049 0.000049 0.000049 0.000049 0.000049 0.000048 0.000048 0.000047 0.000046 0.000044 0.000040 0.000035 0.000029 0.000020 0.000010 0.000000 
50.000000 39.824491 30.310041 21.989115 15.178600 9.957233 6.203520 3.669726 2.061523 1.100254 0.558263 0.269522 0.123933 0.054338 0.022745 0.009103 0.003491 0.001289 0.000463 0.000166 0.000064 0.000030 0.000020 0.000017 0.000016 0.000015 0.000015 0.000015 0.000015 0.000015 0.000015 0.000015 0.000015 0.000015 0.000015 0.000015 0.000015 0.000015 0.000015 0.000015 0.000015 0.000015 0.000014 0.000014 0.000013 0.000011 0.000009 0.000006 0.000003 0.000000 
50.000000 39.824489 30.310037 21.989109 15.178592 9.957225 6.203511 3.669717 2.061513 1.100243 0.558252 0.269511 0.123923 0.054327 0.022734 0.009092 0.003481 0.001278 0.000452 0.000155 0.000053 0.000020 0.000009 0.000006 0.000005 0.000005 0.000005 0.000005 0.000005 0.000005 0.000005 0.000005 0.000005 0.000005 0.000005 0.000005 0.000005 0.000005 0.000005 0.000005 0.000005 0.000004 0.000004 0.000004 0.000004 0.000003 0.000003 0.000002 0.000001 0.000000 
50.000000 39.824488 30.310035 21.989107 15.178590 9.957222 6.203508 3.669714 2.061510 1.100240 0.558249 0.269508 0.123920 0.054324 0.022731 0.009089 0.003477 0.001275 0.000449 0.000152 0.000050 0.000017 0.000006 0.000003 0.000002 0.000001 0.000001 0.000001 0.000001 0.000001 0.000001 0.000001 0.000001 0.000001 0.000001 0.000001 0.000001 0.000001 0.000001 0.000001 0.000001 0.000001 0.000001 0.000001 0.000001 0.000001 0.000001 0.000001 0.000000 0.000000 
50.000000 39.824488 30.310035 21.989106 15.178590 9.957221 6.203507 3.669713 2.061509 1.100239 0.558248 0.269507 0.123919 0.054323 0.022730 0.009088 0.003477 0.001274 0.000448 0.000151 0.000049 0.000016 0.000005 0.000002 0.000001 0.000001 0.000000 0.000000 0.000000 0.000000 0.000000 0.000000 0.000000 0.000000 0.000000 0.000000 0.000000 0.000000 0.000000 0.000000 0.000000 0.000000 0.000000 0.000000 0.000000 0.000000 0.000000 0.000000 0.000000 0.000000 
50.000000 39.824488 30.310035 21.989106 15.178590 9.957221 6.203507 3.669713 2.061509 1.100239 0.558248 0.269507 0.123919 0.054323 0.022730 0.009088 0.003477 0.001274 0.000448 0.000151 0.000049 0.000016 0.000005 0.000002 0.000001 0.000001 0.000000 0.000000 0.000000 0.000000 0.000000 0.000000 0.000000 0.000000 0.000000 0.000000 0.000000 0.000000 0.000000 0.000000 0.000000 0.000000 0.000000 0.000000 0.000000 0.000000 0.000000 0.000000 0.000000 0.000000 
50.000000 39.824488 30.310035 21.989107 15.178590 9.957222 6.203508 3.669714 2.061510 1.100240 0.558249 0.269508 0.123920 0.054324 0.022731 0.009089 0.003477 0.001275 0.000449 0.000152 0.000050 0.000017 0.000006 0.000003 0.000002 0.000001 0.000001 0.000001 0.000001 0.000001 0.000001 0.000001 0.000001 0.000001 0.000001 0.000001 0.000001 0.000001 0.000001 0.000001 0.000001 0.000001 0.000001 0.000001 0.000001 0.000001 0.000001 0.000001 0.000000 0.000000 
50.000000 39.824489 30.310037 21.989109 15.178592 9.957225 6.203511 3.669717 2.061513 1.100243 0.558252 0.269511 0.123923 0.054327 0.022734 0.009092 0.003481 0.001278 0.000452 0.000155 0.000053 0.000020 0.000009 0.000006 0.000005 0.000005 0.000005 0.000005 0.000005 0.000005 0.000005 0.000005 0.000005 0.000005 0.000005 0.000005 0.000005 0.000005 0.000005 0.000005 0.000005 0.000004 0.000004 0.000004 0.000004 0.000003 0.000003 0.000002 0.000001 0.000000 
50.000000 39.824491 30.310041 21.989115 15.178600 9.957233 6.203520 3.669726 2.061523 1.100254 0.558263 0.269522 0.123933 0.054338 0.022745 0.009103 0.003491 0.001289 0.000463 0.000166 0.000064 0.000030 0.000020 0.000017 0.000016 0.000015 0.000015 0.000015 0.000015 0.000015 0.000015 0.000015 0.000015 0.000015 0.000015 0.000015 0.000015 0.000015 0.000015 0.000015 0.000015 0.000015 0.000014 0.000014 0.000013 0.000011 0.000009 0.000006 0.000003 0.000000 
50.000000 39.824498 30.310054 21.989133 15.178623 9.957260 6.203549 3.669758 2.061556 1.100287 0.558296 0.269555 0.123967 0.054371 0.022778 0.009137 0.003525 0.001322 0.000496 0.000200 0.000098 0.000064 0.000053 0.000050 0.000049 0.000049 0.000049 0.000049 0.000049 0.000049 0.000049 0.000049 0.000049 0.000049 0.000049 0.000049 0.000049 0.000049 0.000049 0.000048 0.000048 0.000047 0.000046 0.000044 0.000040 0.000035 0.000029 0.000020 0.000010 0.000000 
50.000000 39.824519 30.310095 21.989191 15.178695 9.957342 6.203639 3.669852 2.061654 1.100386 0.558397 0.269657 0.124069 0.054473 0.022880 0.009239 0.003627 0.001424 0.000598 0.000302 0.000200 0.000166 0.000155 0.000152 0.000151 0.000151 0.000151 0.000151 0.000151 0.000151 0.000151 0.000151 0.000151 0.000151 0.000151 0.000151 0.000151 0.000151 0.000150 0.000150 0.000148 0.000146 0.000142 0.000135 0.000124 0.000109 0.000088 0.000063 0.000032 0.000000 
50.000000 39.824579 30.310212 21.989358 15.178902 9.957580 6.203899 3.670128 2.061938 1.100677 0.558690 0.269952 0.124364 0.054769 0.023177 0.009535 0.003923 0.001721 0.000895 0.000598 0.000496 0.000463 0.000452 0.000449 0.000448 0.000447 0.000447 0.000447 0.000447 0.000447 0.000447 0.000447 0.000447 0.000447 0.000447 0.000447 0.000447 0.000447 0.000446 0.000444 0.000440 0.000433 0.000421 0.000401 0.000369 0.000324 0.000263 0.000186 0.000097 0.000000 
50.000000 39.824748 30.310539 21.989822 15.179479 9.958244 6.204625 3.670894 2.062731 1.101485 0.559507 0.270774 0.125189 0.055595 0.024002 0.010361 0.004749 0.002547 0.001721 0.001424 0.001322 0.001289 0.001278 0.001275 0.001274 0.001274 0.001273 0.001273 0.001273 0.001273 0.001273 0.001273 0.001273 0.001273 0.001273 0.001273 0.001273 0.001272 0.001269 0.001264 0.001254 0.001234 0.001200 0.001143 0.001054 0.000925 0.000751 0.000532 0.000276 0.000000 
50.000000 39.825199 30.311410 21.991061 15.181018 9.960012 6.206558 3.672938 2.064845 1.103641 0.561686 0.272965 0.127386 0.057795 0.026204 0.012563 0.006952 0.004749 0.003923 0.003627 0.003525 0.003491 0.003481 0.003477 0.003476 0.003476 0.003476 0.003476 0.003476 0.003476 0.003476 0.003476 0.003476 0.003476 0.003476 0.003475 0.003474 0.003471 0.003464 0.003451 0.003423 0.003371 0.003278 0.003124 0.002883 0.002533 0.002058 0.001458 0.000758 0.000000 
50.000000 39.826345 30.313628 21.994215 15.184937 9.964517 6.211481 3.678144 2.070230 1.109132 0.567237 0.278547 0.132984 0.063401 0.031813 0.018174 0.012563 0.010361 0.009535 0.009239 0.009137 0.009103 0.009092 0.009089 0.009088 0.009088 0.009088 0.009088 0.009088 0.009088 0.009088 0.009088 0.009088 0.009087 0.009087 0.009086 0.009083 0.009075 0.009058 0.009023 0.008952 0.008819 0.008581 0.008182 0.007559 0.006646 0.005404 0.003833 0.001993 0.000000 
50.000000 39.829131 30.319018 22.001880 15.194462 9.975464 6.223449 3.690799 2.083318 1.122479 0.580730 0.292118 0.146593 0.077028 0.045449 0.031813 0.026204 0.024002 0.023177 0.022880 0.022778 0.022745 0.022734 0.022731 0.022730 0.022730 0.022729 0.022729 0.022729 0.022729 0.022729 0.022729 0.022729 0.022729 0.022728 0.022725 0.022717 0.022699 0.022659 0.022573 0.022402 0.022075 0.021491 0.020510 0.018965 0.016695 0.013590 0.009648 0.005019 0.000000 
50.000000 39.835581 30.331496 22.019625 15.216512 10.000810 6.251159 3.720101 2.113628 1.153390 0.611978 0.323545 0.178110 0.108588 0.077028 0.063401 0.057795 0.055595 0.054769 0.054473 0.054371 0.054338 0.054327 0.054324 0.054323 0.054323 0.054323 0.054323 0.054323 0.054323 0.054323 0.054322 0.054322 0.054321 0.054318 0.054311 0.054294 0.054253 0.054161 0.053965 0.053568 0.052810 0.051447 0.049144 0.045496 0.040105 0.032691 0.023238 0.012100 0.000000 
50.000000 39.849782 30.358971 22.058700 15.265072 10.056630 6.312190 3.784641 2.180392 1.221478 0.680811 0.392773 0.247538 0.178110 0.146593 0.132984 0.127386 0.125189 0.124364 0.124069 0.123967 0.123933 0.123923 0.123920 0.123919 0.123918 0.123918 0.123918 0.123918 0.123918 0.123918 0.123918 0.123917 0.123915 0.123909 0.123894 0.123857 0.123769 0.123570 0.123142 0.122273 0.120604 0.117583 0.112441 0.104245 0.092046 0.075162 0.053512 0.027894 0.000000 
50.000000 39.879478 30.416425 22.140415 15.366625 10.173374 6.439839 3.919638 2.320043 1.363905 0.824800 0.537592 0.392773 0.323545 0.292118 0.278547 0.272965 0.270774 0.269952 0.269657 0.269555 0.269522 0.269511 0.269508 0.269507 0.269507 0.269507 0.269507 0.269507 0.269507 0.269507 0.269506 0.269505 0.269500 0.269489 0.269459 0.269383 0.269204 0.268796 0.267916 0.266117 0.262639 0.256294 0.245413 0.227920 0.201667 0.165037 0.117735 0.061456 0.000000 
50.000000 39.938350 30.530329 22.302424 15.567976 10.404858 6.692958 4.187341 2.596986 1.646362 1.110359 0.824800 0.680811 0.611978 0.580730 0.567237 0.561686 0.559507 0.558690 0.558397 0.558296 0.558263 0.558252 0.558249 0.558248 0.558248 0.558248 0.558248 0.558248 0.558248 0.558247 0.558246 0.558244 0.558236 0.558214 0.558157 0.558013 0.557669 0.556884 0.555179 0.551670 0.544831 0.532249 0.510465 0.475096 0.421465 0.345878 0.247384 0.129373 0.000000 
50.000000 40.048817 30.744065 22.606437 15.945833 10.839283 7.168010 4.689785 3.116793 2.176532 1.646362 1.363905 1.221478 1.153390 1.122479 1.109132 1.103641 1.101485 1.100677 1.100386 1.100287 1.100254 1.100243 1.100240 1.100239 1.100239 1.100239 1.100239 1.100239 1.100239 1.100238 1.100236 1.100232 1.100218 1.100179 1.100078 1.099822 1.099205 1.097788 1.094692 1.088266 1.075629 1.052147 1.011035 0.943474 0.839723 0.691630 0.496381 0.260247 0.000000 
50.000000 40.244673 31.123023 23.145477 16.615836 11.609626 8.010435 5.580821 4.038652 3.116793 2.596986 2.320043 2.180392 2.113628 2.083318 2.070230 2.064845 2.062731 2.061938 2.061654 2.061556 2.061523 2.061513 2.061510 2.061509 2.061509 2.061509 2.061509 2.061509 2.061508 2.061508 2.061505 2.061497 2.061474 2.061411 2.061243 2.060818 2.059787 2.057404 2.052155 2.041164 2.019326 1.978266 1.905426 1.783961 1.594468 1.319566 0.951485 0.500625 0.000000 
50.000000 40.572238 31.756836 24.047059 17.736504 12.898183 9.419623 7.071382 5.580821 4.689785 4.187341 3.919638 3.784641 3.720101 3.690799 3.678144 3.672938 3.670894 3.670128 3.669852 3.669758 3.669726 3.669717 3.669714 3.669713 3.669712 3.669712 3.669712 3.669712 3.669712 3.669711 3.669707 3.669695 3.669660 3.669564 3.669307 3.668653 3.667059 3.663344 3.655092 3.637638 3.602555 3.535691 3.415205 3.210690 2.885289 2.403222 1.744221 0.922478 0.000000 
50.000000 41.088185 32.755174 25.467208 19.501818 14.928040 11.639592 9.419623 8.010435 7.168010 6.692958 6.439839 6.312190 6.251159 6.223449 6.211481 6.206558 6.204625 6.203899 6.203639 6.203549 6.203520 6.203511 6.203508 6.203507 6.203507 6.203507 6.203506 6.203506 6.203506 6.203504 6.203499 6.203482 6.203434 6.203299 6.202939 6.202015 6.199748 6.194426 6.182493 6.156976 6.105009 6.004417 5.819796 5.499605 4.977422 4.182379 3.064225 1.633447 0.000000 
50.000000 41.852353 34.233832 27.570673 22.116607 17.934774 14.928040 12.898183 11.609626 10.839283 10.404858 10.173374 10.056630 10.000810 9.975464 9.964517 9.960012 9.958244 9.957580 9.957342 9.957260 9.957233 9.957225 9.957222 9.957221 9.957221 9.957221 9.957221 9.957221 9.957220 9.957218 9.957211 9.957190 9.957129 9.956958 9.956499 9.955314 9.952385 9.945454 9.929762 9.895809 9.825665 9.687493 9.428436 8.967387 8.191891 6.967962 5.177171 2.795306 0.000000 
50.000000 42.915076 36.290223 30.496055 25.753208 22.116607 19.501818 17.736504 16.615836 15.945833 15.567976 15.366625 15.265072 15.216512 15.194462 15.184937 15.181018 15.179479 15.178902 15.178695 15.178623 15.178600 15.178592 15.178590 15.178589 15.178589 15.178589 15.178589 15.178589 15.178588 15.178586 15.178578 15.178554 15.178485 15.178291 15.177767 15.176407 15.173025 15.164957 15.146512 15.106111 15.021367 14.851215 14.524396 13.924716 12.876604 11.142326 8.458925 4.669162 0.000000 
50.000000 44.301007 38.972058 34.311249 30.496055 27.570673 25.467208 24.047059 23.145477 22.606437 22.302424 22.140415 22.058700 22.019625 22.001880 21.994215 21.991061 21.989822 21.989358 21.989191 21.989133 21.989115 21.989109 21.989107 21.989106 21.989106 21.989106 21.989106 21.989106 21.989105 21.989102 21.989095 21.989072 21.989004 21.988812 21.988291 21.986934 21.983539 21.975378 21.956546 21.914807 21.825911 21.643837 21.284829 20.602711 19.353729 17.155624 13.472484 7.745625 0.000000 
50.000000 45.994085 42.248262 38.972058 36.290223 34.233832 32.755174 31.756836 31.123023 30.744065 30.530329 30.416425 30.358971 30.331496 30.319018 30.313628 30.311410 30.310539 30.310212 30.310095 30.310054 30.310041 30.310037 30.310035 30.310035 30.310035 30.310035 30.310035 30.310035 30.310034 30.310032 30.310026 30.310007 30.309952 30.309795 30.309370 30.308257 30.305458 30.298690 30.282945 30.247684 30.171539 30.012615 29.690950 29.056661 27.831298 25.499574 21.124131 13.147999 0.000000 
50.000000 47.929841 45.994085 44.301007 42.915076 41.852353 41.088185 40.572238 40.244673 40.048817 39.938350 39.879478 39.849782 39.835581 39.829131 39.826345 39.825199 39.824748 39.824579 39.824519 39.824498 39.824491 39.824489 39.824488 39.824488 39.824488 39.824488 39.824488 39.824488 39.824487 39.824486 39.824483 39.824472 39.824441 39.824353 39.824112 39.823481 39.821889 39.818022 39.808977 39.788569 39.744048 39.649760 39.454738 39.057047 38.245914 36.555383 32.846085 23.964920 0.000000 
50.000000 50.000000 50.000000 50.000000 50.000000 50.000000 50.000000 50.000000 50.000000 50.000000 50.000000 50.000000 50.000000 50.000000 50.000000 50.000000 50.000000 50.000000 50.000000 50.000000 50.000000 50.000000 50.000000 50.000000 50.000000 50.000000 50.000000 50.000000 50.000000 50.000000 50.000000 50.000000 50.000000 50.000000 50.000000 50.000000 50.000000 50.000000 50.000000 50.000000 50.000000 50.000000 50.000000 50.000000 50.000000 50.000000 50.000000 50.000000 50.000000 50.000000 
