50.000000 50.000000 50.000000 50.000000 50.000000 50.000000 50.000000 50.000000 50.000000 50.000000 50.000000 50.000000 50.000000 50.000000 50.000000 50.000000 50.000000 50.000000 50.000000 50.000000 50.000000 50.000000 50.000000 50.000000 50.000000 50.000000 50.000000 50.000000 50.000000 50.000000 50.000000 50.000000 50.000000 50.000000 50.000000 50.000000 50.000000 50.000000 50.000000 50.000000 50.000000 50.000000 50.000000 50.000000 50.000000 50.000000 50.000000 50.000000 50.000000 50.000000 
50.000000 48.808427 47.661421 46.598552 45.650332 44.835770 44.161840 43.624692 43.212128 42.906667 42.688568 42.538337 42.438459 42.374341 42.334575 42.310737 42.296918 42.289166 42.284957 42.282743 42.281614 42.281056 42.280789 42.280664 42.280607 42.280581 42.280567 42.280555 42.280536 42.280495 42.280407 42.280216 42.279814 42.278988 42.277335 42.274103 42.267931 42.256411 42.235357 42.197617 42.131090 42.015349 41.815596 41.471102 40.871042 39.798634 37.786923 33.702206 24.404214 0.000000 
50.000000 47.661421 45.410310 43.324328 41.463358 39.864709 38.542065 37.487871 36.678186 36.078700 35.650670 35.355835 35.159822 35.033989 34.955948 34.909167 34.882046 34.866834 34.858573 34.854228 34.852014 34.850919 34.850394 34.850149 34.850037 34.849986 34.849960 34.849937 34.849901 34.849824 34.849659 34.849302 34.848552 34.847015 34.843940 34.837942 34.826518 34.805259 34.766561 34.697554 34.576761 34.368638 34.014422 33.416156 32.407600 30.699266 27.774076 22.705155 13.959215 0.000000 
50.000000 46.598552 43.324328 40.290289 37.583534 35.258329 33.334577 31.801287 30.623633 29.751711 29.129168 28.700353 28.415269 28.232257 28.118756 28.050718 28.011276 27.989152 27.977138 27.970820 27.967599 27.966006 27.965243 27.964887 27.964725 27.964651 27.964613 27.964581 27.964532 27.964430 27.964207 27.963730 27.962728 27.960679 27.956592 27.948643 27.933561 27.905629 27.855093 27.765675 27.610741 27.347411 26.907532 26.183787 25.008618 23.123905 20.145145 15.550252 8.811629 0.000000 
50.000000 45.650332 41.463358 37.583534 34.122241 31.148873 28.688879 26.728201 25.222301 24.107358 23.311309 22.762986 22.398455 22.164446 22.019318 21.932323 21.881892 21.853605 21.838245 21.830166 21.826047 21.824012 21.823036 21.822581 21.822374 21.822280 21.822232 21.822194 21.822137 21.822020 21.821767 21.821224 21.820087 21.817768 21.813159 21.804231 21.787374 21.756344 21.700622 21.602954 21.435750 21.155955 20.698005 19.964632 18.816106 17.061121 14.459629 10.764092 5.851697 0.000000 
50.000000 44.835770 39.864709 35.258329 31.148873 27.618731 24.698112 22.370323 20.582479 19.258803 18.313734 17.662773 17.230014 16.952209 16.779923 16.676650 16.616784 16.583205 16.564972 16.555382 16.550494 16.548077 16.546919 16.546379 16.546133 16.546022 16.545967 16.545926 16.545866 16.545746 16.545486 16.544932 16.543775 16.541423 16.536767 16.527789 16.510936 16.480123 16.425250 16.330054 16.169149 15.904165 15.479110 14.815560 13.809365 12.332768 10.249711 7.457108 3.964728 0.000000 
50.000000 44.161840 38.542065 33.334577 28.688879 24.698112 21.396426 18.764941 16.743865 15.247527 14.179195 13.443341 12.954152 12.640127 12.445383 12.328650 12.260982 12.223028 12.202420 12.191581 12.186056 12.183325 12.182015 12.181405 12.181128 12.181004 12.180943 12.180900 12.180843 12.180728 12.180484 12.179964 12.178881 12.176689 12.172368 12.164079 12.148614 12.120541 12.070982 11.985900 11.843906 11.613653 11.251205 10.698213 9.882553 8.724248 7.150790 5.125909 2.690738 0.000000 
50.000000 43.624692 37.487871 31.801287 26.728201 22.370323 18.764941 15.891431 13.684494 12.050570 10.884020 10.080527 9.546380 9.203501 8.990867 8.863412 8.789530 8.748092 8.725592 8.713759 8.707727 8.704746 8.703317 8.702651 8.702349 8.702213 8.702149 8.702107 8.702054 8.701953 8.701738 8.701283 8.700339 8.698435 8.694698 8.687570 8.674353 8.650537 8.608853 8.538023 8.421241 8.234579 7.945716 7.513736 6.891214 6.030196 4.893756 3.473450 1.809096 0.000000 
50.000000 43.212128 36.678186 30.623633 25.222301 20.582479 16.743865 13.684494 11.334833 9.595262 8.353300 7.497876 6.929215 6.564187 6.337821 6.202137 6.123487 6.079375 6.055424 6.042828 6.036407 6.033234 6.031713 6.031004 6.030683 6.030539 6.030473 6.030432 6.030386 6.030302 6.030124 6.029749 6.028975 6.027420 6.024383 6.018621 6.008002 5.989006 5.956035 5.900553 5.810104 5.667417 5.449915 5.130212 4.678314 4.066345 3.276222 2.309548 1.196779 0.000000 
50.000000 42.906667 36.078700 29.751711 24.107358 19.258803 15.247527 12.050570 9.595262 7.777492 6.479717 5.585861 4.991660 4.610243 4.373717 4.231946 4.149768 4.103679 4.078655 4.065494 4.058787 4.055472 4.053882 4.053142 4.052806 4.052657 4.052590 4.052551 4.052512 4.052445 4.052306 4.052014 4.051414 4.050213 4.047878 4.043471 4.035399 4.021058 3.996365 3.955186 3.888746 3.785157 3.629329 3.403621 3.089654 2.671608 2.140970 1.501938 0.775577 0.000000 
50.000000 42.688568 35.650670 29.129168 23.311309 18.313734 14.179195 10.884020 8.353300 6.479717 5.142107 4.220825 3.608399 3.215288 2.971514 2.825401 2.740708 2.693208 2.667419 2.653856 2.646944 2.643527 2.641889 2.641127 2.640781 2.640628 2.640560 2.640524 2.640492 2.640441 2.640337 2.640121 2.639678 2.638797 2.637091 2.633888 2.628054 2.617757 2.600158 2.571053 2.524531 2.452747 2.345997 2.193295 1.983679 1.708355 1.363493 0.953116 0.490951 0.000000 
50.000000 42.538337 35.355835 28.700353 22.762986 17.662773 13.443341 10.080527 7.497876 5.585861 4.220825 3.280661 2.655690 2.254531 2.005769 1.856667 1.770244 1.721774 1.695458 1.681619 1.674565 1.671080 1.669408 1.668630 1.668278 1.668123 1.668054 1.668020 1.667994 1.667956 1.667882 1.667730 1.667419 1.666802 1.665613 1.663392 1.659369 1.652312 1.640331 1.620666 1.589496 1.541841 1.471674 1.372359 1.237523 1.062364 0.845260 0.589274 0.302980 0.000000 
50.000000 42.438459 35.159822 28.415269 22.398455 17.230014 12.954152 9.546380 6.929215 4.991660 3.608399 2.655690 2.022384 1.615879 1.363803 1.212718 1.125145 1.076031 1.049366 1.035343 1.028196 1.024664 1.022971 1.022183 1.021826 1.021669 1.021600 1.021568 1.021546 1.021519 1.021469 1.021366 1.021157 1.020744 1.019952 1.018479 1.015824 1.011192 1.003378 0.990641 0.970602 0.940210 0.895844 0.833611 0.749891 0.642111 0.509639 0.354563 0.182048 0.000000 
50.000000 42.374341 35.033989 28.232257 22.164446 16.952209 12.640127 9.203501 6.564187 4.610243 3.215288 2.254531 1.615879 1.205944 0.951744 0.799386 0.711077 0.661550 0.634661 0.620521 0.613314 0.609752 0.608045 0.607250 0.606890 0.606732 0.606664 0.606633 0.606615 0.606596 0.606562 0.606496 0.606361 0.606096 0.605590 0.604653 0.602972 0.600055 0.595162 0.587234 0.574844 0.556185 0.529149 0.491514 0.441272 0.377071 0.298696 0.207471 0.106410 0.000000 
50.000000 42.334575 34.955948 28.118756 22.019318 16.779923 12.445383 8.990867 6.337821 4.373717 2.971514 2.005769 1.363803 0.951744 0.696228 0.543082 0.454316 0.404534 0.377507 0.363293 0.356049 0.352470 0.350753 0.349954 0.349593 0.349434 0.349366 0.349336 0.349320 0.349307 0.349285 0.349244 0.349161 0.348997 0.348687 0.348114 0.347091 0.345325 0.342376 0.337626 0.330246 0.319199 0.303297 0.281304 0.252134 0.215088 0.170113 0.118006 0.060473 0.000000 
50.000000 42.310737 34.909167 28.050718 21.932323 16.676650 12.328650 8.863412 6.202137 4.231946 2.825401 1.856667 1.212718 0.799386 0.543082 0.389465 0.300425 0.250491 0.223380 0.209123 0.201857 0.198266 0.196545 0.195743 0.195381 0.195222 0.195153 0.195124 0.195110 0.195100 0.195087 0.195062 0.195012 0.194916 0.194732 0.194395 0.193796 0.192766 0.191054 0.188310 0.184068 0.177753 0.168714 0.156282 0.139884 0.119164 0.094126 0.065226 0.033403 0.000000 
50.000000 42.296918 34.882046 28.011276 21.881892 16.616784 12.260982 8.789530 6.123487 4.149768 2.740708 1.770244 1.125145 0.711077 0.454316 0.300425 0.211228 0.161205 0.134046 0.119764 0.112485 0.108888 0.107164 0.106361 0.105998 0.105839 0.105770 0.105741 0.105729 0.105721 0.105712 0.105698 0.105669 0.105614 0.105510 0.105319 0.104980 0.104401 0.103442 0.101911 0.099556 0.096067 0.091096 0.084293 0.075361 0.064124 0.050597 0.035032 0.017930 0.000000 
50.000000 42.289166 34.866834 27.989152 21.853605 16.583205 12.223028 8.748092 6.079375 4.103679 2.693209 1.721774 1.076032 0.661550 0.404535 0.250491 0.161205 0.111132 0.083947 0.069650 0.062364 0.058764 0.057037 0.056234 0.055871 0.055711 0.055643 0.055614 0.055602 0.055596 0.055590 0.055582 0.055566 0.055536 0.055479 0.055374 0.055190 0.054875 0.054356 0.053530 0.052266 0.050400 0.047754 0.044147 0.039430 0.033518 0.026424 0.018282 0.009353 0.000000 
50.000000 42.284957 34.858573 27.977139 21.838245 16.564972 12.202420 8.725593 6.055424 4.078655 2.667419 1.695459 1.049367 0.634662 0.377507 0.223380 0.134047 0.083947 0.056747 0.042443 0.035153 0.031551 0.029823 0.029019 0.028656 0.028496 0.028428 0.028400 0.028388 0.028382 0.028379 0.028374 0.028365 0.028349 0.028319 0.028264 0.028166 0.028001 0.027729 0.027299 0.026642 0.025676 0.024311 0.022457 0.020040 0.017022 0.013409 0.009272 0.004741 0.000000 
50.000000 42.282743 34.854229 27.970820 21.830166 16.555382 12.191581 8.713760 6.042829 4.065495 2.653857 1.681620 1.035344 0.620522 0.363294 0.209124 0.119765 0.069651 0.042444 0.028136 0.020844 0.017240 0.015513 0.014709 0.014345 0.014185 0.014117 0.014089 0.014077 0.014072 0.014069 0.014067 0.014062 0.014054 0.014038 0.014010 0.013960 0.013876 0.013739 0.013521 0.013190 0.012706 0.012023 0.011098 0.009897 0.008400 0.006613 0.004570 0.002336 0.000000 
50.000000 42.281615 34.852014 27.967600 21.826049 16.550495 12.186058 8.707730 6.036410 4.058789 2.646946 1.674568 1.028199 0.613317 0.356052 0.201860 0.112488 0.062367 0.035155 0.020846 0.013553 0.009949 0.008221 0.007416 0.007053 0.006893 0.006825 0.006797 0.006785 0.006780 0.006778 0.006776 0.006774 0.006770 0.006762 0.006748 0.006724 0.006682 0.006615 0.006508 0.006347 0.006111 0.005779 0.005332 0.004752 0.004030 0.003171 0.002191 0.001120 0.000000 
50.000000 42.281057 34.850921 27.966010 21.824016 16.548082 12.183331 8.704752 6.033241 4.055478 2.643534 1.671087 1.024671 0.609759 0.352477 0.198273 0.108895 0.058771 0.031557 0.017246 0.009953 0.006349 0.004621 0.003816 0.003453 0.003293 0.003225 0.003197 0.003185 0.003181 0.003179 0.003177 0.003176 0.003174 0.003170 0.003164 0.003152 0.003132 0.003100 0.003049 0.002973 0.002861 0.002704 0.002494 0.002221 0.001883 0.001481 0.001023 0.000523 0.000000 
50.000000 42.280792 34.850399 27.965251 21.823047 16.546931 12.182030 8.703332 6.031729 4.053899 2.641907 1.669426 1.022989 0.608063 0.350772 0.196563 0.107182 0.057056 0.029842 0.015530 0.008237 0.004632 0.002904 0.002100 0.001736 0.001577 0.001508 0.001480 0.001469 0.001464 0.001462 0.001461 0.001461 0.001460 0.001458 0.001455 0.001449 0.001440 0.001425 0.001401 0.001366 0.001314 0.001241 0.001144 0.001019 0.000863 0.000679 0.000468 0.000239 0.000000 
50.000000 42.280672 34.850164 27.964908 21.822608 16.546411 12.181442 8.702691 6.031046 4.053186 2.641172 1.668676 1.022229 0.607296 0.350001 0.195790 0.106408 0.056281 0.029066 0.014754 0.007461 0.003856 0.002128 0.001324 0.000960 0.000801 0.000732 0.000704 0.000693 0.000688 0.000686 0.000686 0.000685 0.000685 0.000684 0.000682 0.000680 0.000675 0.000668 0.000657 0.000640 0.000615 0.000581 0.000535 0.000477 0.000404 0.000317 0.000219 0.000112 0.000000 
50.000000 42.280626 34.850074 27.964778 21.822441 16.546213 12.181218 8.702446 6.030786 4.052914 2.640892 1.668390 1.021939 0.607005 0.349708 0.195496 0.106113 0.055986 0.028771 0.014459 0.007165 0.003561 0.001833 0.001028 0.000665 0.000505 0.000437 0.000409 0.000397 0.000393 0.000391 0.000390 0.000390 0.000390 0.000389 0.000388 0.000387 0.000384 0.000380 0.000374 0.000364 0.000350 0.000330 0.000304 0.000271 0.000229 0.000180 0.000124 0.000063 0.000000 
50.000000 42.280626 34.850074 27.964778 21.822441 16.546213 12.181218 8.702446 6.030786 4.052914 2.640892 1.668390 1.021939 0.607005 0.349708 0.195496 0.106113 0.055986 0.028771 0.014459 0.007165 0.003561 0.001833 0.001028 0.000665 0.000505 0.000437 0.000409 0.000397 0.000393 0.000391 0.000390 0.000390 0.000390 0.000389 0.000388 0.000387 0.000384 0.000380 0.000374 0.000364 0.000350 0.000330 0.000304 0.000271 0.000229 0.000180 0.000124 0.000063 0.000000 
50.000000 42.280672 34.850164 27.964908 21.822608 16.546411 12.181442 8.702691 6.031046 4.053186 2.641172 1.668676 1.022229 0.607296 0.350001 0.195790 0.106408 0.056281 0.029066 0.014754 0.007461 0.003856 0.002128 0.001324 0.000960 0.000801 0.000732 0.000704 0.000693 0.000688 0.000686 0.000686 0.000685 0.000685 0.000684 0.000682 0.000680 0.000675 0.000668 0.000657 0.000640 0.000615 0.000581 0.000535 0.000477 0.000404 0.000317 0.000219 0.000112 0.000000 
50.000000 42.280792 34.850399 27.965251 21.823047 16.546931 12.182030 8.703332 6.031729 4.053899 2.641907 1.669426 1.022989 0.608063 0.350772 0.196563 0.107182 0.057056 0.029842 0.015530 0.008237 0.004632 0.002904 0.002100 0.001736 0.001577 0.001508 0.001480 0.001469 0.001464 0.001462 0.001461 0.001461 0.001460 0.001458 0.001455 0.001449 0.001440 0.001425 0.001401 0.001366 0.001314 0.001241 0.001144 0.001019 0.000863 0.000679 0.000468 0.000239 0.000000 
50.000000 42.281057 34.850921 27.966010 21.824016 16.548082 12.183331 8.704752 6.033241 4.055478 2.643534 1.671087 1.024671 0.609759 0.352477 0.198273 0.108895 0.058771 0.031557 0.017246 0.009953 0.006349 0.004621 0.003816 0.003453 0.003293 0.003225 0.003197 0.003185 0.003181 0.003179 0.003177 0.003176 0.003174 0.003170 0.003164 0.003152 0.003132 0.003100 0.003049 0.002973 0.002861 0.002704 0.002494 0.002221 0.001883 0.001481 0.001023 0.000523 0.000000 
50.000000 42.281615 34.852014 27.967600 21.826049 16.550495 12.186058 8.707730 6.036410 4.058789 2.646946 1.674568 1.028199 0.613317 0.356052 0.201860 0.112488 0.062367 0.035155 0.020846 0.013553 0.009949 0.008221 0.007416 0.007053 0.006893 0.006825 0.006797 0.006785 0.006780 0.006778 0.006776 0.006774 0.006770 0.006762 0.006748 0.006724 0.006682 0.006615 0.006508 0.006347 0.006111 0.005779 0.005332 0.004752 0.004030 0.003171 0.002191 0.001120 0.000000 
50.000000 42.282743 34.854229 27.970820 21.830166 16.555382 12.191581 8.713760 6.042829 4.065495 2.653857 1.681620 1.035344 0.620522 0.363294 0.209124 0.119765 0.069651 0.042444 0.028136 0.020844 0.017240 0.015513 0.014709 0.014345 0.014185 0.014117 0.014089 0.014077 0.014072 0.014069 0.014067 0.014062 0.014054 0.014038 0.014010 0.013960 0.013876 0.013739 0.013521 0.013190 0.012706 0.012023 0.011098 0.009897 0.008400 0.006613 0.004570 0.002336 0.000000 
50.000000 42.284957 34.858573 27.977139 21.838245 16.564972 12.202420 8.725593 6.055424 4.078655 2.667419 1.695459 1.049367 0.634662 0.377507 0.223380 0.134047 0.083947 0.056747 0.042443 0.035153 0.031551 0.029823 0.029019 0.028656 0.028496 0.028428 0.028400 0.028388 0.028382 0.028379 0.028374 0.028365 0.028349 0.028319 0.028264 0.028166 0.028001 0.027729 0.027299 0.026642 0.025676 0.024311 0.022457 0.020040 0.017022 0.013409 0.009272 0.004741 0.000000 
50.000000 42.289166 34.866834 27.989152 21.853605 16.583205 12.223028 8.748092 6.079375 4.103679 2.693209 1.721774 1.076032 0.661550 0.404535 0.250491 0.161205 0.111132 0.083947 0.069650 0.062364 0.058764 0.057037 0.056234 0.055871 0.055711 0.055643 0.055614 0.055602 0.055596 0.055590 0.055582 0.055566 0.055536 0.055479 0.055374 0.055190 0.054875 0.054356 0.053530 0.052266 0.050400 0.047754 0.044147 0.039430 0.033518 0.026424 0.018282 0.009353 0.000000 
50.000000 42.296918 34.882046 28.011276 21.881892 16.616784 12.260982 8.789530 6.123487 4.149768 2.740708 1.770244 1.125145 0.711077 0.454316 0.300425 0.211228 0.161205 0.134046 0.119764 0.112485 0.108888 0.107164 0.106361 0.105998 0.105839 0.105770 0.105741 0.105729 0.105721 0.105712 0.105698 0.105669 0.105614 0.105510 0.105319 0.104980 0.104401 0.103442 0.101911 0.099556 0.096067 0.091096 0.084293 0.075361 0.064124 0.050597 0.035032 0.017930 0.000000 
50.000000 42.310737 34.909167 28.050718 21.932323 16.676650 12.328650 8.863412 6.202137 4.231946 2.825401 1.856667 1.212718 0.799386 0.543082 0.389465 0.300425 0.250491 0.223380 0.209123 0.201857 0.198266 0.196545 0.195743 0.195381 0.195222 0.195153 0.195124 0.195110 0.195100 0.195087 0.195062 0.195012 0.194916 0.194732 0.194395 0.193796 0.192766 0.191054 0.188310 0.184068 0.177753 0.168714 0.156282 0.139884 0.119164 0.094126 0.065226 0.033403 0.000000 
50.000000 42.334575 34.955948 28.118756 22.019318 16.779923 12.445383 8.990867 6.337821 4.373717 2.971514 2.005769 1.363803 0.951744 0.696228 0.543082 0.454316 0.404534 0.377507 0.363293 0.356049 0.352470 0.350753 0.349954 0.349593 0.349434 0.349366 0.349336 0.349320 0.349307 0.349285 0.349244 0.349161 0.348997 0.348687 0.348114 0.347091 0.345325 0.342376 0.337626 0.330246 0.319199 0.303297 0.281304 0.252134 0.215088 0.170113 0.118006 0.060473 0.000000 
50.000000 42.374341 35.033989 28.232257 22.164446 16.952209 12.640127 9.203501 6.564187 4.610243 3.215288 2.254531 1.615879 1.205944 0.951744 0.799386 0.711077 0.661550 0.634661 0.620521 0.613314 0.609752 0.608045 0.607250 0.606890 0.606732 0.606664 0.606633 0.606615 0.606596 0.606562 0.606496 0.606361 0.606096 0.605590 0.604653 0.602972 0.600055 0.595162 0.587234 0.574844 0.556185 0.529149 0.491514 0.441272 0.377071 0.298696 0.207471 0.106410 0.000000 
50.000000 42.438459 35.159822 28.415269 22.398455 17.230014 12.954152 9.546380 6.929215 4.991660 3.608399 2.655690 2.022384 1.615879 1.363803 1.212718 1.125145 1.076031 1.049366 1.035343 1.028196 1.024664 1.022971 1.022183 1.021826 1.021669 1.021600 1.021568 1.021546 1.021519 1.021469 1.021366 1.021157 1.020744 1.019952 1.018479 1.015824 1.011192 1.003378 0.990641 0.970602 0.940210 0.895844 0.833611 0.749891 0.642111 0.509639 0.354563 0.182048 0.000000 
50.000000 42.538337 35.355835 28.700353 22.762986 17.662773 13.443341 10.080527 7.497876 5.585861 4.220825 3.280661 2.655690 2.254531 2.005769 1.856667 1.770244 1.721774 1.695458 1.681619 1.674565 1.671080 1.669408 1.668630 1.668278 1.668123 1.668054 1.668020 1.667994 1.667956 1.667882 1.667730 1.667419 1.666802 1.665613 1.663392 1.659369 1.652312 1.640331 1.620666 1.589496 1.541841 1.471674 1.372359 1.237523 1.062364 0.845260 0.589274 0.302980 0.000000 
50.000000 42.688568 35.650670 29.129168 23.311309 18.313734 14.179195 10.884020 8.353300 6.479717 5.142107 4.220825 3.608399 3.215288 2.971514 2.825401 2.740708 2.693208 2.667419 2.653856 2.646944 2.643527 2.641889 2.641127 2.640781 2.640628 2.640560 2.640524 2.640492 2.640441 2.640337 2.640121 2.639678 2.638797 2.637091 2.633888 2.628054 2.617757 2.600158 2.571053 2.524531 2.452747 2.345997 2.193295 1.983679 1.708355 1.363493 0.953116 0.490951 0.000000 
50.000000 42.906667 36.078700 29.751711 24.107358 19.258803 15.247527 12.050570 9.595262 7.777492 6.479717 5.585861 4.991660 4.610243 4.373717 4.231946 4.149768 4.103679 4.078655 4.065494 4.058787 4.055472 4.053882 4.053142 4.052806 4.052657 4.052590 4.052551 4.052512 4.052445 4.052306 4.052014 4.051414 4.050213 4.047878 4.043471 4.035399 4.021058 3.996365 3.955186 3.888746 3.785157 3.629329 3.403621 3.089654 2.671608 2.140970 1.501938 0.775577 0.000000 
50.000000 43.212128 36.678186 30.623633 25.222301 20.582479 16.743865 13.684494 11.334833 9.595262 8.353300 7.497876 6.929215 6.564187 6.337821 6.202137 6.123487 6.079375 6.055424 6.042828 6.036407 6.033234 6.031713 6.031004 6.030683 6.030539 6.030473 6.030432 6.030386 6.030302 6.030124 6.029749 6.028975 6.027420 6.024383 6.018621 6.008002 5.989006 5.956035 5.900553 5.810104 5.667417 5.449915 5.130212 4.678314 4.066345 3.276222 2.309548 1.196779 0.000000 
50.000000 43.624692 37.487871 31.801287 26.728201 22.370323 18.764941 15.891431 13.684494 12.050570 10.884020 10.080527 9.546380 9.203501 8.990867 8.863412 8.789530 8.748092 8.725592 8.713759 8.707727 8.704746 8.703317 8.702651 8.702349 8.702213 8.702149 8.702107 8.702054 8.701953 8.701738 8.701283 8.700339 8.698435 8.694698 8.687570 8.674353 8.650537 8.608853 8.538023 8.421241 8.234579 7.945716 7.513736 6.891214 6.030196 4.893756 3.473450 1.809096 0.000000 
50.000000 44.161840 38.542065 33.334577 28.688879 24.698112 21.396426 18.764941 16.743865 15.247527 14.179195 13.443341 12.954152 12.640127 12.445383 12.328650 12.260982 12.223028 12.202420 12.191581 12.186056 12.183325 12.182015 12.181405 12.181128 12.181004 12.180943 12.180900 12.180843 12.180728 12.180484 12.179964 12.178881 12.176689 12.172368 12.164079 12.148614 12.120541 12.070982 11.985900 11.843906 11.613653 11.251205 10.698213 9.882553 8.724248 7.150790 5.125909 2.690738 0.000000 
50.000000 44.835770 39.864709 35.258329 31.148873 27.618731 24.698112 22.370323 20.582479 19.258803 18.313734 17.662773 17.230014 16.952209 16.779923 16.676650 16.616784 16.583205 16.564972 16.555382 16.550494 16.548077 16.546919 16.546379 16.546133 16.546022 16.545967 16.545926 16.545866 16.545746 16.545486 16.544932 16.543775 16.541423 16.536767 16.527789 16.510936 16.480123 16.425250 16.330054 16.169149 15.904165 15.479110 14.815560 13.809365 12.332768 10.249711 7.457108 3.964728 0.000000 
50.000000 45.650332 41.463358 37.583534 34.122241 31.148873 28.688879 26.728201 25.222301 24.107358 23.311309 22.762986 22.398455 22.164446 22.019318 21.932323 21.881892 21.853605 21.838245 21.830166 21.826047 21.824012 21.823036 21.822581 21.822374 21.822280 21.822232 21.822194 21.822137 21.822020 21.821767 21.821224 21.820087 21.817768 21.813159 21.804231 21.787374 21.756344 21.700622 21.602954 21.435750 21.155955 20.698005 19.964632 18.816106 17.061121 14.459629 10.764092 5.851697 0.000000 
50.000000 46.598552 43.324328 40.290289 37.583534 35.258329 33.334577 31.801287 30.623633 29.751711 29.129168 28.700353 28.415269 28.232257 28.118756 28.050718 28.011276 27.989152 27.977138 27.970820 27.967599 27.966006 27.965243 27.964887 27.964725 27.964651 27.964613 27.964581 27.964532 27.964430 27.964207 27.963730 27.962728 27.960679 27.956592 27.948643 27.933561 27.905629 27.855093 27.765675 27.610741 27.347411 26.907532 26.183787 25.008618 23.123905 20.145145 15.550252 8.811629 0.000000 
50.000000 47.661421 45.410310 43.324328 41.463358 39.864709 38.542065 37.487871 36.678186 36.078700 35.650670 35.355835 35.159822 35.033989 34.955948 34.909167 34.882046 34.866834 34.858573 34.854228 34.852014 34.850919 34.850394 34.850149 34.850037 34.849986 34.849960 34.849937 34.849901 34.849824 34.849659 34.849302 34.848552 34.847015 34.843940 34.837942 34.826518 34.805259 34.766561 34.697554 34.576761 34.368638 34.014422 33.416156 32.407600 30.699266 27.774076 22.705155 13.959215 0.000000 
50.000000 48.808427 47.661421 46.598552 45.650332 44.835770 44.161840 43.624692 43.212128 42.906667 42.688568 42.538337 42.438459 42.374341 42.334575 42.310737 42.296918 42.289166 42.284957 42.282743 42.281614 42.281056 42.280789 42.280664 42.280607 42.280581 42.280567 42.280555 42.280536 42.280495 42.280407 42.280216 42.279814 42.278988 42.277335 42.274103 42.267931 42.256411 42.235357 42.197617 42.131090 42.015349 41.815596 41.471102 40.871042 39.798634 37.786923 33.702206 24.404214 0.000000 
50.000000 50.000000 50.000000 50.000000 50.000000 50.000000 50.000000 50.000000 50.000000 50.000000 50.000000 50.000000 50.000000 50.000000 50.000000 50.000000 50.000000 50.000000 50.000000 50.000000 50.000000 50.000000 50.000000 50.000000 50.000000 50.000000 50.000000 50.000000 50.000000 50.000000 50.000000 50.000000 50.000000 50.000000 50.000000 50.000000 50.000000 50.000000 50.000000 50.000000 50.000000 50.000000 50.000000 50.000000 50.000000 50.000000 50.000000 50.000000 50.000000 50.000000 
