50.000000 50.000000 50.000000 50.000000 50.000000 50.000000 50.000000 50.000000 50.000000 50.000000 50.000000 50.000000 50.000000 50.000000 50.000000 50.000000 50.000000 50.000000 50.000000 50.000000 50.000000 50.000000 50.000000 50.000000 50.000000 50.000000 50.000000 50.000000 50.000000 50.000000 50.000000 50.000000 50.000000 50.000000 50.000000 50.000000 50.000000 50.000000 50.000000 50.000000 50.000000 50.000000 50.000000 50.000000 50.000000 50.000000 50.000000 50.000000 50.000000 50.000000 
50.000000 48.844749 47.731391 46.697264 45.771424 44.972357 44.307390 43.773702 43.360498 43.051775 42.829111 42.674026 42.569672 42.501807 42.459130 42.433169 42.417883 42.409169 42.404355 42.401778 42.400440 42.399766 42.399436 42.399279 42.399206 42.399172 42.399154 42.399138 42.399113 42.399063 42.398955 42.398727 42.398255 42.397302 42.395423 42.391805 42.384995 42.372452 42.349816 42.309711 42.239771 42.119273 41.913127 41.560343 40.949918 39.865021 37.838805 33.737860 24.422375 0.000000 
50.000000 47.731391 45.545049 43.514297 41.696197 40.127046 38.821235 37.773223 36.961809 36.355569 35.918326 35.613787 35.408870 35.275604 35.191803 35.140824 35.110809 35.093697 35.084245 35.079185 35.076557 35.075234 35.074586 35.074278 35.074135 35.074068 35.074032 35.074002 35.073956 35.073861 35.073659 35.073232 35.072350 35.070572 35.067071 35.060345 35.047714 35.024523 34.982836 34.909361 34.782118 34.565009 34.198711 33.584781 32.556642 30.824708 27.872111 22.772524 13.993532 0.000000 
50.000000 46.697264 43.514297 40.557851 37.910997 35.626580 33.725548 32.199833 31.018568 30.136003 29.499468 29.056127 28.757815 28.563813 28.441819 28.367608 28.323914 28.299004 28.285246 28.277880 28.274055 28.272129 28.271186 28.270738 28.270530 28.270432 28.270381 28.270340 28.270276 28.270149 28.269877 28.269304 28.268122 28.265744 28.261075 28.252132 28.235404 28.204836 28.150222 28.054707 27.890972 27.615381 27.159016 26.413896 25.212004 23.295086 20.278926 15.642187 8.858459 0.000000 
50.000000 45.771424 41.696197 37.910997 34.522185 31.597418 29.163518 27.210149 25.697790 24.567861 23.752927 23.185338 22.803427 22.555061 22.398883 22.303878 22.247943 22.216054 22.198441 22.189012 22.184116 22.181650 22.180443 22.179870 22.179603 22.179480 22.179416 22.179365 22.179292 22.179145 22.178834 22.178179 22.176831 22.174129 22.168841 22.158751 22.139973 22.105864 22.045378 21.940590 21.763107 21.468989 20.991783 20.233441 19.053698 17.261092 14.615911 10.871489 5.906404 0.000000 
50.000000 44.972357 40.127046 35.626580 31.597418 28.120006 25.226228 22.903794 21.105707 19.762316 18.793437 18.118635 17.664591 17.369319 17.183648 17.070704 17.004208 16.966299 16.945362 16.934153 16.928333 16.925401 16.923967 16.923286 16.922969 16.922823 16.922749 16.922693 16.922616 16.922464 16.922143 16.921471 16.920092 16.917336 16.911964 16.901762 16.882881 16.848822 16.788925 16.686220 16.514473 16.234381 15.789014 15.099127 14.060003 12.543720 10.414575 7.570404 4.022439 0.000000 
50.000000 44.307390 38.821235 33.725548 29.163518 25.226228 21.949778 19.320247 17.284417 15.763419 14.666459 13.902461 13.388407 13.054115 12.843911 12.716046 12.640767 12.597851 12.574149 12.561460 12.554872 12.551554 12.549930 12.549159 12.548801 12.548636 12.548555 12.548497 12.548422 12.548276 12.547972 12.547337 12.546038 12.543451 12.538432 12.528950 12.511506 12.480268 12.425808 12.333401 12.180831 11.935840 11.553576 10.974889 10.127101 8.930077 7.311652 5.236454 2.747047 0.000000 
50.000000 43.773702 37.773223 32.199833 27.210149 22.903794 19.320247 16.444277 14.217671 12.554158 11.354429 10.518867 9.956670 9.591075 9.361192 9.221358 9.139034 9.092104 9.066184 9.052309 9.045105 9.041476 9.039702 9.038858 9.038467 9.038288 9.038201 9.038144 9.038074 9.037945 9.037675 9.037115 9.035973 9.033709 9.029335 9.021116 9.006091 8.979382 8.933221 8.855696 8.729247 8.529114 8.222139 7.766671 7.114779 6.218366 5.040817 3.574512 1.860575 0.000000 
50.000000 43.360498 36.961809 31.018568 25.697790 21.105707 17.284417 14.217671 11.843385 10.069559 8.790286 7.899336 7.299880 6.910062 6.664951 6.515857 6.428083 6.378046 6.350412 6.335619 6.327939 6.324070 6.322178 6.321279 6.320863 6.320673 6.320583 6.320528 6.320466 6.320357 6.320132 6.319666 6.318722 6.316856 6.313269 6.306565 6.294387 6.272894 6.236060 6.174799 6.076008 5.921693 5.688557 5.348578 4.871326 4.228801 3.403187 2.396800 1.241224 0.000000 
50.000000 43.051775 36.355569 30.136003 24.567861 19.762316 15.763419 12.554158 10.069559 8.213335 6.874652 5.942336 5.315056 4.907150 4.650670 4.494663 4.402820 4.350465 4.321551 4.306073 4.298037 4.293990 4.292011 4.291070 4.290635 4.290437 4.290345 4.290293 4.290240 4.290152 4.289974 4.289608 4.288868 4.287412 4.284627 4.279449 4.270100 4.253714 4.225855 4.179943 4.106667 3.993551 3.824912 3.582588 3.247844 2.804755 2.245031 1.573451 0.812004 0.000000 
50.000000 42.829111 35.918326 29.499468 23.752927 18.793437 14.666459 11.354429 8.790286 6.874652 5.493136 4.531000 3.883663 3.462720 3.198045 3.037056 2.942282 2.888257 2.858420 2.842449 2.834158 2.829981 2.827939 2.826969 2.826521 2.826317 2.826224 2.826175 2.826131 2.826063 2.825929 2.825655 2.825103 2.824023 2.821966 2.818161 2.811331 2.799438 2.779368 2.746568 2.694709 2.615487 2.498734 2.333057 2.107218 1.812337 1.444761 1.008965 0.519400 0.000000 
50.000000 42.674026 35.613787 29.056127 23.185338 18.118635 13.902461 10.518867 7.899336 5.942336 4.531000 3.548104 2.886807 2.456789 2.186412 2.021956 1.925143 1.869956 1.839478 1.823163 1.814694 1.810428 1.808342 1.807352 1.806894 1.806687 1.806594 1.806546 1.806510 1.806460 1.806363 1.806167 1.805775 1.805010 1.803559 1.800890 1.796124 1.787876 1.774052 1.751632 1.716481 1.663277 1.585647 1.476652 1.329710 1.139959 0.905905 0.630951 0.324210 0.000000 
50.000000 42.569672 35.408870 28.757815 22.803427 17.664591 13.388407 9.956670 7.299880 5.315056 3.883663 2.886807 2.216121 1.780003 1.505792 1.339006 1.240822 1.184853 1.153945 1.137400 1.128811 1.124485 1.122370 1.121365 1.120901 1.120692 1.120598 1.120554 1.120524 1.120487 1.120420 1.120286 1.120019 1.119500 1.118521 1.116728 1.113542 1.108060 1.098931 1.084225 1.061342 1.026986 0.977288 0.908139 0.815769 0.697562 0.552978 0.384347 0.197220 0.000000 
50.000000 42.501807 35.275604 28.563813 22.555061 17.369319 13.054115 9.591075 6.910062 4.907150 3.462720 2.456789 1.780003 1.339920 1.063219 0.894919 0.795844 0.739369 0.708180 0.691486 0.682819 0.678454 0.676320 0.675306 0.674838 0.674628 0.674534 0.674491 0.674466 0.674439 0.674394 0.674306 0.674132 0.673795 0.673161 0.672004 0.669960 0.666461 0.660666 0.651389 0.637050 0.615675 0.584984 0.542608 0.486438 0.415088 0.328409 0.227891 0.116812 0.000000 
50.000000 42.459130 35.191803 28.441819 22.398883 17.183648 12.843911 9.361192 6.664951 4.650670 3.198045 2.186412 1.505792 1.063219 0.784953 0.615702 0.516068 0.459274 0.427910 0.411122 0.402407 0.398017 0.395871 0.394852 0.394381 0.394170 0.394076 0.394035 0.394013 0.393994 0.393964 0.393908 0.393799 0.393588 0.393194 0.392476 0.391214 0.389065 0.385523 0.379884 0.371221 0.358386 0.340076 0.314961 0.281886 0.240131 0.189687 0.131458 0.067325 0.000000 
50.000000 42.433169 35.140824 28.367608 22.303878 17.070704 12.716046 9.221358 6.515857 4.494663 3.037056 2.021956 1.339006 0.894919 0.615702 0.445873 0.345900 0.288913 0.257442 0.240597 0.231852 0.227448 0.225294 0.224271 0.223799 0.223587 0.223494 0.223453 0.223434 0.223419 0.223401 0.223366 0.223300 0.223173 0.222937 0.222508 0.221758 0.220485 0.218397 0.215090 0.210035 0.202588 0.192023 0.177613 0.158740 0.135037 0.106532 0.073752 0.037746 0.000000 
50.000000 42.417883 35.110809 28.323915 22.247943 17.004208 12.640767 9.139034 6.428083 4.402820 2.942282 1.925143 1.240822 0.795844 0.516068 0.345900 0.245727 0.188626 0.157093 0.140214 0.131452 0.127039 0.124881 0.123856 0.123383 0.123171 0.123078 0.123038 0.123019 0.123008 0.122996 0.122976 0.122937 0.122863 0.122727 0.122480 0.122049 0.121321 0.120133 0.118259 0.115408 0.111227 0.105326 0.097315 0.086873 0.073814 0.058171 0.040237 0.020581 0.000000 
50.000000 42.409169 35.093697 28.299005 22.216054 16.966299 12.597851 9.092104 6.378047 4.350465 2.888257 1.869956 1.184854 0.739369 0.459275 0.288913 0.188626 0.131461 0.099892 0.082994 0.074222 0.069804 0.067643 0.066618 0.066144 0.065932 0.065839 0.065799 0.065781 0.065772 0.065764 0.065752 0.065731 0.065689 0.065613 0.065476 0.065237 0.064835 0.064181 0.063154 0.061597 0.059325 0.056131 0.051813 0.046207 0.039223 0.030883 0.021347 0.010914 0.000000 
50.000000 42.404355 35.084245 28.285246 22.198442 16.945362 12.574149 9.066185 6.350413 4.321551 2.858421 1.839479 1.153946 0.708181 0.427911 0.257443 0.157093 0.099892 0.068303 0.051395 0.042618 0.038197 0.036035 0.035009 0.034535 0.034322 0.034230 0.034190 0.034173 0.034165 0.034159 0.034153 0.034141 0.034118 0.034077 0.034003 0.033875 0.033660 0.033312 0.032767 0.031944 0.030747 0.029071 0.026813 0.023891 0.020263 0.015943 0.011013 0.005629 0.000000 
50.000000 42.401778 35.079185 28.277880 22.189013 16.934154 12.561461 9.052310 6.335620 4.306074 2.842451 1.823165 1.137402 0.691487 0.411124 0.240598 0.140215 0.082995 0.051396 0.034482 0.025702 0.021279 0.019117 0.018090 0.017616 0.017404 0.017311 0.017271 0.017255 0.017247 0.017243 0.017239 0.017233 0.017221 0.017199 0.017161 0.017094 0.016983 0.016804 0.016523 0.016101 0.015490 0.014636 0.013490 0.012011 0.010180 0.008004 0.005527 0.002824 0.000000 
50.000000 42.400441 35.076559 28.274057 22.184119 16.928336 12.554875 9.045108 6.327942 4.298041 2.834162 1.814698 1.128815 0.682824 0.402411 0.231856 0.131456 0.074226 0.042621 0.025704 0.016922 0.012499 0.010337 0.009310 0.008836 0.008623 0.008530 0.008491 0.008474 0.008467 0.008464 0.008461 0.008458 0.008452 0.008441 0.008422 0.008388 0.008332 0.008243 0.008103 0.007893 0.007590 0.007167 0.006602 0.005875 0.004976 0.003910 0.002699 0.001378 0.000000 
50.000000 42.399768 35.075237 28.272133 22.181656 16.925409 12.551562 9.041485 6.324080 4.294000 2.829992 1.810439 1.124496 0.678465 0.398028 0.227458 0.127049 0.069814 0.038207 0.021288 0.012506 0.008083 0.005920 0.004893 0.004419 0.004206 0.004113 0.004074 0.004057 0.004051 0.004048 0.004046 0.004044 0.004041 0.004036 0.004026 0.004010 0.003982 0.003939 0.003871 0.003769 0.003623 0.003420 0.003148 0.002800 0.002370 0.001862 0.001285 0.000656 0.000000 
50.000000 42.399440 35.074595 28.271198 22.180459 16.923986 12.549951 9.039724 6.322202 4.292036 2.827965 1.808369 1.122396 0.676347 0.395898 0.225321 0.124908 0.067670 0.036062 0.019142 0.010360 0.005936 0.003773 0.002746 0.002272 0.002059 0.001966 0.001927 0.001911 0.001904 0.001901 0.001900 0.001899 0.001897 0.001895 0.001890 0.001882 0.001869 0.001848 0.001816 0.001768 0.001699 0.001603 0.001475 0.001311 0.001109 0.000871 0.000601 0.000307 0.000000 
50.000000 42.399290 35.074299 28.270768 22.179908 16.923331 12.549210 9.038914 6.321338 4.291132 2.827032 1.807416 1.121430 0.675372 0.394918 0.224338 0.123922 0.066684 0.035075 0.018155 0.009372 0.004948 0.002785 0.001758 0.001284 0.001072 0.000979 0.000939 0.000923 0.000916 0.000914 0.000913 0.000912 0.000911 0.000910 0.000907 0.000904 0.000897 0.000887 0.000871 0.000848 0.000814 0.000768 0.000707 0.000628 0.000531 0.000417 0.000287 0.000147 0.000000 
50.000000 42.399232 35.074185 28.270602 22.179696 16.923078 12.548924 9.038601 6.321005 4.290783 2.826672 1.807048 1.121058 0.674996 0.394540 0.223958 0.123542 0.066303 0.034694 0.017774 0.008991 0.004567 0.002404 0.001377 0.000903 0.000690 0.000598 0.000558 0.000542 0.000535 0.000533 0.000531 0.000531 0.000530 0.000530 0.000528 0.000526 0.000522 0.000516 0.000507 0.000493 0.000474 0.000447 0.000411 0.000365 0.000308 0.000242 0.000167 0.000085 0.000000 
50.000000 42.399232 35.074185 28.270602 22.179696 16.923078 12.548924 9.038601 6.321005 4.290783 2.826672 1.807048 1.121058 0.674996 0.394540 0.223958 0.123542 0.066303 0.034694 0.017774 0.008991 0.004567 0.002404 0.001377 0.000903 0.000690 0.000598 0.000558 0.000542 0.000535 0.000533 0.000531 0.000531 0.000530 0.000530 0.000528 0.000526 0.000522 0.000516 0.000507 0.000493 0.000474 0.000447 0.000411 0.000365 0.000308 0.000242 0.000167 0.000085 0.000000 
50.000000 42.399290 35.074299 28.270768 22.179908 16.923331 12.549210 9.038914 6.321338 4.291132 2.827032 1.807416 1.121430 0.675372 0.394918 0.224338 0.123922 0.066684 0.035075 0.018155 0.009372 0.004948 0.002785 0.001758 0.001284 0.001072 0.000979 0.000939 0.000923 0.000916 0.000914 0.000913 0.000912 0.000911 0.000910 0.000907 0.000904 0.000897 0.000887 0.000871 0.000848 0.000814 0.000768 0.000707 0.000628 0.000531 0.000417 0.000287 0.000147 0.000000 
50.000000 42.399440 35.074595 28.271198 22.180459 16.923986 12.549951 9.039724 6.322202 4.292036 2.827965 1.808369 1.122396 0.676347 0.395898 0.225321 0.124908 0.067670 0.036062 0.019142 0.010360 0.005936 0.003773 0.002746 0.002272 0.002059 0.001966 0.001927 0.001911 0.001904 0.001901 0.001900 0.001899 0.001897 0.001895 0.001890 0.001882 0.001869 0.001848 0.001816 0.001768 0.001699 0.001603 0.001475 0.001311 0.001109 0.000871 0.000601 0.000307 0.000000 
50.000000 42.399768 35.075237 28.272133 22.181656 16.925409 12.551562 9.041485 6.324080 4.294000 2.829992 1.810439 1.124496 0.678465 0.398028 0.227458 0.127049 0.069814 0.038207 0.021288 0.012506 0.008083 0.005920 0.004893 0.004419 0.004206 0.004113 0.004074 0.004057 0.004051 0.004048 0.004046 0.004044 0.004041 0.004036 0.004026 0.004010 0.003982 0.003939 0.003871 0.003769 0.003623 0.003420 0.003148 0.002800 0.002370 0.001862 0.001285 0.000656 0.000000 
50.000000 42.400441 35.076559 28.274057 22.184119 16.928336 12.554875 9.045108 6.327942 4.298041 2.834162 1.814698 1.128815 0.682824 0.402411 0.231856 0.131456 0.074226 0.042621 0.025704 0.016922 0.012499 0.010337 0.009310 0.008836 0.008623 0.008530 0.008491 0.008474 0.008467 0.008464 0.008461 0.008458 0.008452 0.008441 0.008422 0.008388 0.008332 0.008243 0.008103 0.007893 0.007590 0.007167 0.006602 0.005875 0.004976 0.003910 0.002699 0.001378 0.000000 
50.000000 42.401778 35.079185 28.277880 22.189013 16.934154 12.561461 9.052310 6.335620 4.306074 2.842451 1.823165 1.137402 0.691487 0.411124 0.240598 0.140215 0.082995 0.051396 0.034482 0.025702 0.021279 0.019117 0.018090 0.017616 0.017404 0.017311 0.017271 0.017255 0.017247 0.017243 0.017239 0.017233 0.017221 0.017199 0.017161 0.017094 0.016983 0.016804 0.016523 0.016101 0.015490 0.014636 0.013490 0.012011 0.010180 0.008004 0.005527 0.002824 0.000000 
50.000000 42.404355 35.084245 28.285246 22.198442 16.945362 12.574149 9.066185 6.350413 4.321551 2.858421 1.839479 1.153946 0.708181 0.427911 0.257443 0.157093 0.099892 0.068303 0.051395 0.042618 0.038197 0.036035 0.035009 0.034535 0.034322 0.034230 0.034190 0.034173 0.034165 0.034159 0.034153 0.034141 0.034118 0.034077 0.034003 0.033875 0.033660 0.033312 0.032767 0.031944 0.030747 0.029071 0.026813 0.023891 0.020263 0.015943 0.011013 0.005629 0.000000 
50.000000 42.409169 35.093697 28.299005 22.216054 16.966299 12.597851 9.092104 6.378047 4.350465 2.888257 1.869956 1.184854 0.739369 0.459275 0.288913 0.188626 0.131461 0.099892 0.082994 0.074222 0.069804 0.067643 0.066618 0.066144 0.065932 0.065839 0.065799 0.065781 0.065772 0.065764 0.065752 0.065731 0.065689 0.065613 0.065476 0.065237 0.064835 0.064181 0.063154 0.061597 0.059325 0.056131 0.051813 0.046207 0.039223 0.030883 0.021347 0.010914 0.000000 
50.000000 42.417883 35.110809 28.323915 22.247943 17.004208 12.640767 9.139034 6.428083 4.402820 2.942282 1.925143 1.240822 0.795844 0.516068 0.345900 0.245727 0.188626 0.157093 0.140214 0.131452 0.127039 0.124881 0.123856 0.123383 0.123171 0.123078 0.123038 0.123019 0.123008 0.122996 0.122976 0.122937 0.122863 0.122727 0.122480 0.122049 0.121321 0.120133 0.118259 0.115408 0.111227 0.105326 0.097315 0.086873 0.073814 0.058171 0.040237 0.020581 0.000000 
50.000000 42.433169 35.140824 28.367608 22.303878 17.070704 12.716046 9.221358 6.515857 4.494663 3.037056 2.021956 1.339006 0.894919 0.615702 0.445873 0.345900 0.288913 0.257442 0.240597 0.231852 0.227448 0.225294 0.224271 0.223799 0.223587 0.223494 0.223453 0.223434 0.223419 0.223401 0.223366 0.223300 0.223173 0.222937 0.222508 0.221758 0.220485 0.218397 0.215090 0.210035 0.202588 0.192023 0.177613 0.158740 0.135037 0.106532 0.073752 0.037746 0.000000 
50.000000 42.459130 35.191803 28.441819 22.398883 17.183648 12.843911 9.361192 6.664951 4.650670 3.198045 2.186412 1.505792 1.063219 0.784953 0.615702 0.516068 0.459274 0.427910 0.411122 0.402407 0.398017 0.395871 0.394852 0.394381 0.394170 0.394076 0.394035 0.394013 0.393994 0.393964 0.393908 0.393799 0.393588 0.393194 0.392476 0.391214 0.389065 0.385523 0.379884 0.371221 0.358386 0.340076 0.314961 0.281886 0.240131 0.189687 0.131458 0.067325 0.000000 
50.000000 42.501807 35.275604 28.563813 22.555061 17.369319 13.054115 9.591075 6.910062 4.907150 3.462720 2.456789 1.780003 1.339920 1.063219 0.894919 0.795844 0.739369 0.708180 0.691486 0.682819 0.678454 0.676320 0.675306 0.674838 0.674628 0.674534 0.674491 0.674466 0.674439 0.674394 0.674306 0.674132 0.673795 0.673161 0.672004 0.669960 0.666461 0.660666 0.651389 0.637050 0.615675 0.584984 0.542608 0.486438 0.415088 0.328409 0.227891 0.116812 0.000000 
50.000000 42.569672 35.408870 28.757815 22.803427 17.664591 13.388407 9.956670 7.299880 5.315056 3.883663 2.886807 2.216121 1.780003 1.505792 1.339006 1.240822 1.184853 1.153945 1.137400 1.128811 1.124485 1.122370 1.121365 1.120901 1.120692 1.120598 1.120554 1.120524 1.120487 1.120420 1.120286 1.120019 1.119500 1.118521 1.116728 1.113542 1.108060 1.098931 1.084225 1.061342 1.026986 0.977288 0.908139 0.815769 0.697562 0.552978 0.384347 0.197220 0.000000 
50.000000 42.674026 35.613787 29.056127 23.185338 18.118635 13.902461 10.518867 7.899336 5.942336 4.531000 3.548104 2.886807 2.456789 2.186412 2.021956 1.925143 1.869956 1.839478 1.823163 1.814694 1.810428 1.808342 1.807352 1.806894 1.806687 1.806594 1.806546 1.806510 1.806460 1.806363 1.806167 1.805775 1.805010 1.803559 1.800890 1.796124 1.787876 1.774052 1.751632 1.716481 1.663277 1.585647 1.476652 1.329710 1.139959 0.905905 0.630951 0.324210 0.000000 
50.000000 42.829111 35.918326 29.499468 23.752927 18.793437 14.666459 11.354429 8.790286 6.874652 5.493136 4.531000 3.883663 3.462720 3.198045 3.037056 2.942282 2.888257 2.858420 2.842449 2.834158 2.829981 2.827939 2.826969 2.826521 2.826317 2.826224 2.826175 2.826131 2.826063 2.825929 2.825655 2.825103 2.824023 2.821966 2.818161 2.811331 2.799438 2.779368 2.746568 2.694709 2.615487 2.498734 2.333057 2.107218 1.812337 1.444761 1.008965 0.519400 0.000000 
50.000000 43.051775 36.355569 30.136003 24.567861 19.762316 15.763419 12.554158 10.069559 8.213335 6.874652 5.942336 5.315056 4.907150 4.650670 4.494663 4.402820 4.350465 4.321551 4.306073 4.298037 4.293990 4.292011 4.291070 4.290635 4.290437 4.290345 4.290293 4.290240 4.290152 4.289974 4.289608 4.288868 4.287412 4.284627 4.279449 4.270100 4.253714 4.225855 4.179943 4.106667 3.993551 3.824912 3.582588 3.247844 2.804755 2.245031 1.573451 0.812004 0.000000 
50.000000 43.360498 36.961809 31.018568 25.697790 21.105707 17.284417 14.217671 11.843385 10.069559 8.790286 7.899336 7.299880 6.910062 6.664951 6.515857 6.428083 6.378046 6.350412 6.335619 6.327939 6.324070 6.322178 6.321279 6.320863 6.320673 6.320583 6.320528 6.320466 6.320357 6.320132 6.319666 6.318722 6.316856 6.313269 6.306565 6.294387 6.272894 6.236060 6.174799 6.076008 5.921693 5.688557 5.348578 4.871326 4.228801 3.403187 2.396800 1.241224 0.000000 
50.000000 43.773702 37.773223 32.199833 27.210149 22.903794 19.320247 16.444277 14.217671 12.554158 11.354429 10.518867 9.956670 9.591075 9.361192 9.221358 9.139034 9.092104 9.066184 9.052309 9.045105 9.041476 9.039702 9.038858 9.038467 9.038288 9.038201 9.038144 9.038074 9.037945 9.037675 9.037115 9.035973 9.033709 9.029335 9.021116 9.006091 8.979382 8.933221 8.855696 8.729247 8.529114 8.222139 7.766671 7.114779 6.218366 5.040817 3.574512 1.860575 0.000000 
50.000000 44.307390 38.821235 33.725548 29.163518 25.226228 21.949778 19.320247 17.284417 15.763419 14.666459 13.902461 13.388407 13.054115 12.843911 12.716046 12.640767 12.597851 12.574149 12.561460 12.554872 12.551554 12.549930 12.549159 12.548801 12.548636 12.548555 12.548497 12.548422 12.548276 12.547972 12.547337 12.546038 12.543451 12.538432 12.528950 12.511506 12.480268 12.425808 12.333401 12.180831 11.935840 11.553576 10.974889 10.127101 8.930077 7.311652 5.236454 2.747047 0.000000 
50.000000 44.972357 40.127046 35.626580 31.597418 28.120006 25.226228 22.903794 21.105707 19.762316 18.793437 18.118635 17.664591 17.369319 17.183648 17.070704 17.004208 16.966299 16.945362 16.934153 16.928333 16.925401 16.923967 16.923286 16.922969 16.922823 16.922749 16.922693 16.922616 16.922464 16.922143 16.921471 16.920092 16.917336 16.911964 16.901762 16.882881 16.848822 16.788925 16.686220 16.514473 16.234381 15.789014 15.099127 14.060003 12.543720 10.414575 7.570404 4.022439 0.000000 
50.000000 45.771424 41.696197 37.910997 34.522185 31.597418 29.163518 27.210149 25.697790 24.567861 23.752927 23.185338 22.803427 22.555061 22.398883 22.303878 22.247943 22.216054 22.198441 22.189012 22.184116 22.181650 22.180443 22.179870 22.179603 22.179480 22.179416 22.179365 22.179292 22.179145 22.178834 22.178179 22.176831 22.174129 22.168841 22.158751 22.139973 22.105864 22.045378 21.940590 21.763107 21.468989 20.991783 20.233441 19.053698 17.261092 14.615911 10.871489 5.906404 0.000000 
50.000000 46.697264 43.514297 40.557851 37.910997 35.626580 33.725548 32.199833 31.018568 30.136003 29.499468 29.056127 28.757815 28.563813 28.441819 28.367608 28.323914 28.299004 28.285246 28.277880 28.274055 28.272129 28.271186 28.270738 28.270530 28.270432 28.270381 28.270340 28.270276 28.270149 28.269877 28.269304 28.268122 28.265744 28.261075 28.252132 28.235404 28.204836 28.150222 28.054707 27.890972 27.615381 27.159016 26.413896 25.212004 23.295086 20.278926 15.642187 8.858459 0.000000 
50.000000 47.731391 45.545049 43.514297 41.696197 40.127046 38.821235 37.773223 36.961809 36.355569 35.918326 35.613787 35.408870 35.275604 35.191803 35.140824 35.110809 35.093697 35.084245 35.079185 35.076557 35.075234 35.074586 35.074278 35.074135 35.074068 35.074032 35.074002 35.073956 35.073861 35.073659 35.073232 35.072350 35.070572 35.067071 35.060345 35.047714 35.024523 34.982836 34.909361 34.782118 34.565009 34.198711 33.584781 32.556642 30.824708 27.872111 22.772524 13.993532 0.000000 
50.000000 48.844749 47.731391 46.697264 45.771424 44.972357 44.307390 43.773702 43.360498 43.051775 42.829111 42.674026 42.569672 42.501807 42.459130 42.433169 42.417883 42.409169 42.404355 42.401778 42.400440 42.399766 42.399436 42.399279 42.399206 42.399172 42.399154 42.399138 42.399113 42.399063 42.398955 42.398727 42.398255 42.397302 42.395423 42.391805 42.384995 42.372452 42.349816 42.309711 42.239771 42.119273 41.913127 41.560343 40.949918 39.865021 37.838805 33.737860 24.422375 0.000000 
50.000000 50.000000 50.000000 50.000000 50.000000 50.000000 50.000000 50.000000 50.000000 50.000000 50.000000 50.000000 50.000000 50.000000 50.000000 50.000000 50.000000 50.000000 50.000000 50.000000 50.000000 50.000000 50.000000 50.000000 50.000000 50.000000 50.000000 50.000000 50.000000 50.000000 50.000000 50.000000 50.000000 50.000000 50.000000 50.000000 50.000000 50.000000 50.000000 50.000000 50.000000 50.000000 50.000000 50.000000 50.000000 50.000000 50.000000 50.000000 50.000000 50.000000 
