50.000000 50.000000 50.000000 50.000000 50.000000 50.000000 50.000000 50.000000 50.000000 50.000000 50.000000 50.000000 50.000000 50.000000 50.000000 50.000000 50.000000 50.000000 50.000000 50.000000 50.000000 50.000000 50.000000 50.000000 50.000000 50.000000 50.000000 50.000000 50.000000 50.000000 50.000000 50.000000 50.000000 50.000000 50.000000 50.000000 50.000000 50.000000 50.000000 50.000000 50.000000 50.000000 50.000000 50.000000 50.000000 50.000000 50.000000 50.000000 50.000000 50.000000 
50.000000 40.655738 33.997119 30.473562 29.024307 28.542947 28.409902 28.378576 28.372176 28.371024 28.370839 28.370813 28.370809 28.370809 28.370809 28.370809 28.370809 28.370809 28.370809 28.370809 28.370809 28.370809 28.370809 28.370809 28.370809 28.370809 28.370809 28.370809 28.370809 28.370809 28.370809 28.370809 28.370809 28.370809 28.370809 28.370809 28.370809 28.370809 28.370809 28.370807 28.370794 28.370704 28.370104 28.366509 28.347071 28.252623 27.840494 26.215990 20.327869 0.000000 
50.000000 33.997119 22.597282 16.568030 14.089833 13.267340 13.040195 12.986759 12.975850 12.973889 12.973575 12.973530 12.973524 12.973523 12.973523 12.973523 12.973523 12.973523 12.973523 12.973523 12.973523 12.973523 12.973523 12.973523 12.973523 12.973523 12.973523 12.973523 12.973523 12.973523 12.973523 12.973523 12.973523 12.973523 12.973523 12.973523 12.973523 12.973523 12.973523 12.973521 12.973508 12.973415 12.972809 12.969251 12.950597 12.864145 12.514272 11.298641 7.781129 0.000000 
50.000000 30.473562 16.568030 9.217384 6.198025 5.196663 4.920339 4.855387 4.842139 4.839760 4.839379 4.839324 4.839317 4.839316 4.839316 4.839316 4.839316 4.839316 4.839316 4.839316 4.839316 4.839316 4.839316 4.839316 4.839316 4.839316 4.839316 4.839316 4.839316 4.839316 4.839316 4.839316 4.839316 4.839316 4.839316 4.839316 4.839316 4.839316 4.839316 4.839315 4.839307 4.839254 4.838912 4.836940 4.826853 4.781754 4.608692 4.053758 2.633067 0.000000 
50.000000 29.024307 14.089833 6.198025 2.957786 1.883692 1.587452 1.517858 1.503671 1.501124 1.500717 1.500658 1.500650 1.500650 1.500649 1.500649 1.500649 1.500649 1.500649 1.500649 1.500649 1.500649 1.500649 1.500649 1.500649 1.500649 1.500649 1.500649 1.500649 1.500649 1.500649 1.500649 1.500649 1.500649 1.500649 1.500649 1.500649 1.500649 1.500649 1.500649 1.500646 1.500625 1.500489 1.499714 1.495826 1.478893 1.416272 1.225688 0.771684 0.000000 
50.000000 28.542947 13.267340 5.196663 1.883692 0.785753 0.483013 0.411910 0.397420 0.394820 0.394404 0.394344 0.394336 0.394335 0.394335 0.394335 0.394335 0.394335 0.394335 0.394335 0.394335 0.394335 0.394335 0.394335 0.394335 0.394335 0.394335 0.394335 0.394335 0.394335 0.394335 0.394335 0.394335 0.394335 0.394335 0.394335 0.394335 0.394335 0.394335 0.394335 0.394334 0.394327 0.394285 0.394049 0.392876 0.387866 0.369810 0.316743 0.195876 0.000000 
50.000000 28.409902 13.040195 4.920339 1.587452 0.483013 0.178511 0.107001 0.092429 0.089814 0.089396 0.089336 0.089328 0.089327 0.089327 0.089327 0.089327 0.089327 0.089327 0.089327 0.089327 0.089327 0.089327 0.089327 0.089327 0.089327 0.089327 0.089327 0.089327 0.089327 0.089327 0.089327 0.089327 0.089327 0.089327 0.089327 0.089327 0.089327 0.089327 0.089327 0.089327 0.089325 0.089315 0.089255 0.088964 0.087738 0.083398 0.070944 0.043393 0.000000 
50.000000 28.378576 12.986759 4.855387 1.517858 0.411910 0.107001 0.035398 0.020807 0.018189 0.017771 0.017710 0.017702 0.017702 0.017701 0.017701 0.017701 0.017701 0.017701 0.017701 0.017701 0.017701 0.017701 0.017701 0.017701 0.017701 0.017701 0.017701 0.017701 0.017701 0.017701 0.017701 0.017701 0.017701 0.017701 0.017701 0.017701 0.017701 0.017701 0.017701 0.017701 0.017701 0.017699 0.017686 0.017625 0.017369 0.016474 0.013949 0.008472 0.000000 
50.000000 28.372176 12.975850 4.842139 1.503671 0.397420 0.092429 0.020807 0.006214 0.003595 0.003176 0.003116 0.003108 0.003107 0.003107 0.003107 0.003107 0.003107 0.003107 0.003107 0.003107 0.003107 0.003107 0.003107 0.003107 0.003107 0.003107 0.003107 0.003107 0.003107 0.003107 0.003107 0.003107 0.003107 0.003107 0.003107 0.003107 0.003107 0.003107 0.003107 0.003107 0.003107 0.003106 0.003104 0.003093 0.003046 0.002885 0.002435 0.001472 0.000000 
50.000000 28.371024 12.973889 4.839760 1.501124 0.394820 0.089814 0.018189 0.003595 0.000976 0.000557 0.000497 0.000489 0.000488 0.000488 0.000488 0.000488 0.000488 0.000488 0.000488 0.000488 0.000488 0.000488 0.000488 0.000488 0.000488 0.000488 0.000488 0.000488 0.000488 0.000488 0.000488 0.000488 0.000488 0.000488 0.000488 0.000488 0.000488 0.000488 0.000488 0.000488 0.000488 0.000488 0.000488 0.000486 0.000478 0.000453 0.000381 0.000230 0.000000 
50.000000 28.370839 12.973575 4.839379 1.500717 0.394404 0.089396 0.017771 0.003176 0.000557 0.000138 0.000078 0.000070 0.000069 0.000069 0.000069 0.000069 0.000069 0.000069 0.000069 0.000069 0.000069 0.000069 0.000069 0.000069 0.000069 0.000069 0.000069 0.000069 0.000069 0.000069 0.000069 0.000069 0.000069 0.000069 0.000069 0.000069 0.000069 0.000069 0.000069 0.000069 0.000069 0.000069 0.000069 0.000069 0.000068 0.000064 0.000054 0.000032 0.000000 
50.000000 28.370813 12.973530 4.839324 1.500658 0.394344 0.089336 0.017710 0.003116 0.000497 0.000078 0.000018 0.000010 0.000009 0.000009 0.000009 0.000009 0.000009 0.000009 0.000009 0.000009 0.000009 0.000009 0.000009 0.000009 0.000009 0.000009 0.000009 0.000009 0.000009 0.000009 0.000009 0.000009 0.000009 0.000009 0.000009 0.000009 0.000009 0.000009 0.000009 0.000009 0.000009 0.000009 0.000009 0.000009 0.000009 0.000008 0.000007 0.000004 0.000000 
50.000000 28.370809 12.973524 4.839317 1.500650 0.394336 0.089328 0.017702 0.003108 0.000489 0.000070 0.000010 0.000002 0.000001 0.000001 0.000001 0.000001 0.000001 0.000001 0.000001 0.000001 0.000001 0.000001 0.000001 0.000001 0.000001 0.000001 0.000001 0.000001 0.000001 0.000001 0.000001 0.000001 0.000001 0.000001 0.000001 0.000001 0.000001 0.000001 0.000001 0.000001 0.000001 0.000001 0.000001 0.000001 0.000001 0.000001 0.000001 0.000000 0.000000 
50.000000 28.370809 12.973523 4.839316 1.500650 0.394335 0.089327 0.017702 0.003107 0.000488 0.000069 0.000009 0.000001 0.000000 0.000000 0.000000 0.000000 0.000000 0.000000 0.000000 0.000000 0.000000 0.000000 0.000000 0.000000 0.000000 0.000000 0.000000 0.000000 0.000000 0.000000 0.000000 0.000000 0.000000 0.000000 0.000000 0.000000 0.000000 0.000000 0.000000 0.000000 0.000000 0.000000 0.000000 0.000000 0.000000 0.000000 0.000000 0.000000 0.000000 
50.000000 28.370809 12.973523 4.839316 1.500649 0.394335 0.089327 0.017701 0.003107 0.000488 0.000069 0.000009 0.000001 0.000000 0.000000 0.000000 0.000000 0.000000 0.000000 0.000000 0.000000 0.000000 0.000000 0.000000 0.000000 0.000000 0.000000 0.000000 0.000000 0.000000 0.000000 0.000000 0.000000 0.000000 0.000000 0.000000 0.000000 0.000000 0.000000 0.000000 0.000000 0.000000 0.000000 0.000000 0.000000 0.000000 0.000000 0.000000 0.000000 0.000000 
50.000000 28.370809 12.973523 4.839316 1.500649 0.394335 0.089327 0.017701 0.003107 0.000488 0.000069 0.000009 0.000001 0.000000 0.000000 0.000000 0.000000 0.000000 0.000000 0.000000 0.000000 0.000000 0.000000 0.000000 0.000000 0.000000 0.000000 0.000000 0.000000 0.000000 0.000000 0.000000 0.000000 0.000000 0.000000 0.000000 0.000000 0.000000 0.000000 0.000000 0.000000 0.000000 0.000000 0.000000 0.000000 0.000000 0.000000 0.000000 0.000000 0.000000 
50.000000 28.370809 12.973523 4.839316 1.500649 0.394335 0.089327 0.017701 0.003107 0.000488 0.000069 0.000009 0.000001 0.000000 0.000000 0.000000 0.000000 0.000000 0.000000 0.000000 0.000000 0.000000 0.000000 0.000000 0.000000 0.000000 0.000000 0.000000 0.000000 0.000000 0.000000 0.000000 0.000000 0.000000 0.000000 0.000000 0.000000 0.000000 0.000000 0.000000 0.000000 0.000000 0.000000 0.000000 0.000000 0.000000 0.000000 0.000000 0.000000 0.000000 
50.000000 28.370809 12.973523 4.839316 1.500649 0.394335 0.089327 0.017701 0.003107 0.000488 0.000069 0.000009 0.000001 0.000000 0.000000 0.000000 0.000000 0.000000 0.000000 0.000000 0.000000 0.000000 0.000000 0.000000 0.000000 0.000000 0.000000 0.000000 0.000000 0.000000 0.000000 0.000000 0.000000 0.000000 0.000000 0.000000 0.000000 0.000000 0.000000 0.000000 0.000000 0.000000 0.000000 0.000000 0.000000 0.000000 0.000000 0.000000 0.000000 0.000000 
50.000000 28.370809 12.973523 4.839316 1.500649 0.394335 0.089327 0.017701 0.003107 0.000488 0.000069 0.000009 0.000001 0.000000 0.000000 0.000000 0.000000 0.000000 0.000000 0.000000 0.000000 0.000000 0.000000 0.000000 0.000000 0.000000 0.000000 0.000000 0.000000 0.000000 0.000000 0.000000 0.000000 0.000000 0.000000 0.000000 0.000000 0.000000 0.000000 0.000000 0.000000 0.000000 0.000000 0.000000 0.000000 0.000000 0.000000 0.000000 0.000000 0.000000 
50.000000 28.370809 12.973523 4.839316 1.500649 0.394335 0.089327 0.017701 0.003107 0.000488 0.000069 0.000009 0.000001 0.000000 0.000000 0.000000 0.000000 0.000000 0.000000 0.000000 0.000000 0.000000 0.000000 0.000000 0.000000 0.000000 0.000000 0.000000 0.000000 0.000000 0.000000 0.000000 0.000000 0.000000 0.000000 0.000000 0.000000 0.000000 0.000000 0.000000 0.000000 0.000000 0.000000 0.000000 0.000000 0.000000 0.000000 0.000000 0.000000 0.000000 
50.000000 28.370809 12.973523 4.839316 1.500649 0.394335 0.089327 0.017701 0.003107 0.000488 0.000069 0.000009 0.000001 0.000000 0.000000 0.000000 0.000000 0.000000 0.000000 0.000000 0.000000 0.000000 0.000000 0.000000 0.000000 0.000000 0.000000 0.000000 0.000000 0.000000 0.000000 0.000000 0.000000 0.000000 0.000000 0.000000 0.000000 0.000000 0.000000 0.000000 0.000000 0.000000 0.000000 0.000000 0.000000 0.000000 0.000000 0.000000 0.000000 0.000000 
50.000000 28.370809 12.973523 4.839316 1.500649 0.394335 0.089327 0.017701 0.003107 0.000488 0.000069 0.000009 0.000001 0.000000 0.000000 0.000000 0.000000 0.000000 0.000000 0.000000 0.000000 0.000000 0.000000 0.000000 0.000000 0.000000 0.000000 0.000000 0.000000 0.000000 0.000000 0.000000 0.000000 0.000000 0.000000 0.000000 0.000000 0.000000 0.000000 0.000000 0.000000 0.000000 0.000000 0.000000 0.000000 0.000000 0.000000 0.000000 0.000000 0.000000 
50.000000 28.370809 12.973523 4.839316 1.500649 0.394335 0.089327 0.017701 0.003107 0.000488 0.000069 0.000009 0.000001 0.000000 0.000000 0.000000 0.000000 0.000000 0.000000 0.000000 0.000000 0.000000 0.000000 0.000000 0.000000 0.000000 0.000000 0.000000 0.000000 0.000000 0.000000 0.000000 0.000000 0.000000 0.000000 0.000000 0.000000 0.000000 0.000000 0.000000 0.000000 0.000000 0.000000 0.000000 0.000000 0.000000 0.000000 0.000000 0.000000 0.000000 
50.000000 28.370809 12.973523 4.839316 1.500649 0.394335 0.089327 0.017701 0.003107 0.000488 0.000069 0.000009 0.000001 0.000000 0.000000 0.000000 0.000000 0.000000 0.000000 0.000000 0.000000 0.000000 0.000000 0.000000 0.000000 0.000000 0.000000 0.000000 0.000000 0.000000 0.000000 0.000000 0.000000 0.000000 0.000000 0.000000 0.000000 0.000000 0.000000 0.000000 0.000000 0.000000 0.000000 0.000000 0.000000 0.000000 0.000000 0.000000 0.000000 0.000000 
50.000000 28.370809 12.973523 4.839316 1.500649 0.394335 0.089327 0.017701 0.003107 0.000488 0.000069 0.000009 0.000001 0.000000 0.000000 0.000000 0.000000 0.000000 0.000000 0.000000 0.000000 0.000000 0.000000 0.000000 0.000000 0.000000 0.000000 0.000000 0.000000 0.000000 0.000000 0.000000 0.000000 0.000000 0.000000 0.000000 0.000000 0.000000 0.000000 0.000000 0.000000 0.000000 0.000000 0.000000 0.000000 0.000000 0.000000 0.000000 0.000000 0.000000 
50.000000 28.370809 12.973523 4.839316 1.500649 0.394335 0.089327 0.017701 0.003107 0.000488 0.000069 0.000009 0.000001 0.000000 0.000000 0.000000 0.000000 0.000000 0.000000 0.000000 0.000000 0.000000 0.000000 0.000000 0.000000 0.000000 0.000000 0.000000 0.000000 0.000000 0.000000 0.000000 0.000000 0.000000 0.000000 0.000000 0.000000 0.000000 0.000000 0.000000 0.000000 0.000000 0.000000 0.000000 0.000000 0.000000 0.000000 0.000000 0.000000 0.000000 
50.000000 28.370809 12.973523 4.839316 1.500649 0.394335 0.089327 0.017701 0.003107 0.000488 0.000069 0.000009 0.000001 0.000000 0.000000 0.000000 0.000000 0.000000 0.000000 0.000000 0.000000 0.000000 0.000000 0.000000 0.000000 0.000000 0.000000 0.000000 0.000000 0.000000 0.000000 0.000000 0.000000 0.000000 0.000000 0.000000 0.000000 0.000000 0.000000 0.000000 0.000000 0.000000 0.000000 0.000000 0.000000 0.000000 0.000000 0.000000 0.000000 0.000000 
50.000000 28.370809 12.973523 4.839316 1.500649 0.394335 0.089327 0.017701 0.003107 0.000488 0.000069 0.000009 0.000001 0.000000 0.000000 0.000000 0.000000 0.000000 0.000000 0.000000 0.000000 0.000000 0.000000 0.000000 0.000000 0.000000 0.000000 0.000000 0.000000 0.000000 0.000000 0.000000 0.000000 0.000000 0.000000 0.000000 0.000000 0.000000 0.000000 0.000000 0.000000 0.000000 0.000000 0.000000 0.000000 0.000000 0.000000 0.000000 0.000000 0.000000 
50.000000 28.370809 12.973523 4.839316 1.500649 0.394335 0.089327 0.017701 0.003107 0.000488 0.000069 0.000009 0.000001 0.000000 0.000000 0.000000 0.000000 0.000000 0.000000 0.000000 0.000000 0.000000 0.000000 0.000000 0.000000 0.000000 0.000000 0.000000 0.000000 0.000000 0.000000 0.000000 0.000000 0.000000 0.000000 0.000000 0.000000 0.000000 0.000000 0.000000 0.000000 0.000000 0.000000 0.000000 0.000000 0.000000 0.000000 0.000000 0.000000 0.000000 
50.000000 28.370809 12.973523 4.839316 1.500649 0.394335 0.089327 0.017701 0.003107 0.000488 0.000069 0.000009 0.000001 0.000000 0.000000 0.000000 0.000000 0.000000 0.000000 0.000000 0.000000 0.000000 0.000000 0.000000 0.000000 0.000000 0.000000 0.000000 0.000000 0.000000 0.000000 0.000000 0.000000 0.000000 0.000000 0.000000 0.000000 0.000000 0.000000 0.000000 0.000000 0.000000 0.000000 0.000000 0.000000 0.000000 0.000000 0.000000 0.000000 0.000000 
50.000000 28.370809 12.973523 4.839316 1.500649 0.394335 0.089327 0.017701 0.003107 0.000488 0.000069 0.000009 0.000001 0.000000 0.000000 0.000000 0.000000 0.000000 0.000000 0.000000 0.000000 0.000000 0.000000 0.000000 0.000000 0.000000 0.000000 0.000000 0.000000 0.000000 0.000000 0.000000 0.000000 0.000000 0.000000 0.000000 0.000000 0.000000 0.000000 0.000000 0.000000 0.000000 0.000000 0.000000 0.000000 0.000000 0.000000 0.000000 0.000000 0.000000 
50.000000 28.370809 12.973523 4.839316 1.500649 0.394335 0.089327 0.017701 0.003107 0.000488 0.000069 0.000009 0.000001 0.000000 0.000000 0.000000 0.000000 0.000000 0.000000 0.000000 0.000000 0.000000 0.000000 0.000000 0.000000 0.000000 0.000000 0.000000 0.000000 0.000000 0.000000 0.000000 0.000000 0.000000 0.000000 0.000000 0.000000 0.000000 0.000000 0.000000 0.000000 0.000000 0.000000 0.000000 0.000000 0.000000 0.000000 0.000000 0.000000 0.000000 
50.000000 28.370809 12.973523 4.839316 1.500649 0.394335 0.089327 0.017701 0.003107 0.000488 0.000069 0.000009 0.000001 0.000000 0.000000 0.000000 0.000000 0.000000 0.000000 0.000000 0.000000 0.000000 0.000000 0.000000 0.000000 0.000000 0.000000 0.000000 0.000000 0.000000 0.000000 0.000000 0.000000 0.000000 0.000000 0.000000 0.000000 0.000000 0.000000 0.000000 0.000000 0.000000 0.000000 0.000000 0.000000 0.000000 0.000000 0.000000 0.000000 0.000000 
50.000000 28.370809 12.973523 4.839316 1.500649 0.394335 0.089327 0.017701 0.003107 0.000488 0.000069 0.000009 0.000001 0.000000 0.000000 0.000000 0.000000 0.000000 0.000000 0.000000 0.000000 0.000000 0.000000 0.000000 0.000000 0.000000 0.000000 0.000000 0.000000 0.000000 0.000000 0.000000 0.000000 0.000000 0.000000 0.000000 0.000000 0.000000 0.000000 0.000000 0.000000 0.000000 0.000000 0.000000 0.000000 0.000000 0.000000 0.000000 0.000000 0.000000 
50.000000 28.370809 12.973523 4.839316 1.500649 0.394335 0.089327 0.017701 0.003107 0.000488 0.000069 0.000009 0.000001 0.000000 0.000000 0.000000 0.000000 0.000000 0.000000 0.000000 0.000000 0.000000 0.000000 0.000000 0.000000 0.000000 0.000000 0.000000 0.000000 0.000000 0.000000 0.000000 0.000000 0.000000 0.000000 0.000000 0.000000 0.000000 0.000000 0.000000 0.000000 0.000000 0.000000 0.000000 0.000000 0.000000 0.000000 0.000000 0.000000 0.000000 
50.000000 28.370809 12.973523 4.839316 1.500649 0.394335 0.089327 0.017701 0.003107 0.000488 0.000069 0.000009 0.000001 0.000000 0.000000 0.000000 0.000000 0.000000 0.000000 0.000000 0.000000 0.000000 0.000000 0.000000 0.000000 0.000000 0.000000 0.000000 0.000000 0.000000 0.000000 0.000000 0.000000 0.000000 0.000000 0.000000 0.000000 0.000000 0.000000 0.000000 0.000000 0.000000 0.000000 0.000000 0.000000 0.000000 0.000000 0.000000 0.000000 0.000000 
50.000000 28.370809 12.973523 4.839316 1.500650 0.394335 0.089327 0.017702 0.003107 0.000488 0.000069 0.000009 0.000001 0.000000 0.000000 0.000000 0.000000 0.000000 0.000000 0.000000 0.000000 0.000000 0.000000 0.000000 0.000000 0.000000 0.000000 0.000000 0.000000 0.000000 0.000000 0.000000 0.000000 0.000000 0.000000 0.000000 0.000000 0.000000 0.000000 0.000000 0.000000 0.000000 0.000000 0.000000 0.000000 0.000000 0.000000 0.000000 0.000000 0.000000 
50.000000 28.370809 12.973524 4.839317 1.500650 0.394336 0.089328 0.017702 0.003108 0.000489 0.000070 0.000010 0.000002 0.000001 0.000001 0.000001 0.000001 0.000001 0.000001 0.000001 0.000001 0.000001 0.000001 0.000001 0.000001 0.000001 0.000001 0.000001 0.000001 0.000001 0.000001 0.000001 0.000001 0.000001 0.000001 0.000001 0.000001 0.000001 0.000001 0.000001 0.000001 0.000001 0.000001 0.000001 0.000001 0.000001 0.000001 0.000001 0.000000 0.000000 
50.000000 28.370813 12.973530 4.839324 1.500658 0.394344 0.089336 0.017710 0.003116 0.000497 0.000078 0.000018 0.000010 0.000009 0.000009 0.000009 0.000009 0.000009 0.000009 0.000009 0.000009 0.000009 0.000009 0.000009 0.000009 0.000009 0.000009 0.000009 0.000009 0.000009 0.000009 0.000009 0.000009 0.000009 0.000009 0.000009 0.000009 0.000009 0.000009 0.000009 0.000009 0.000009 0.000009 0.000009 0.000009 0.000009 0.000008 0.000007 0.000004 0.000000 
50.000000 28.370839 12.973575 4.839379 1.500717 0.394404 0.089396 0.017771 0.003176 0.000557 0.000138 0.000078 0.000070 0.000069 0.000069 0.000069 0.000069 0.000069 0.000069 0.000069 0.000069 0.000069 0.000069 0.000069 0.000069 0.000069 0.000069 0.000069 0.000069 0.000069 0.000069 0.000069 0.000069 0.000069 0.000069 0.000069 0.000069 0.000069 0.000069 0.000069 0.000069 0.000069 0.000069 0.000069 0.000069 0.000068 0.000064 0.000054 0.000032 0.000000 
50.000000 28.371024 12.973889 4.839760 1.501124 0.394820 0.089814 0.018189 0.003595 0.000976 0.000557 0.000497 0.000489 0.000488 0.000488 0.000488 0.000488 0.000488 0.000488 0.000488 0.000488 0.000488 0.000488 0.000488 0.000488 0.000488 0.000488 0.000488 0.000488 0.000488 0.000488 0.000488 0.000488 0.000488 0.000488 0.000488 0.000488 0.000488 0.000488 0.000488 0.000488 0.000488 0.000488 0.000488 0.000486 0.000478 0.000453 0.000381 0.000230 0.000000 
50.000000 28.372176 12.975850 4.842139 1.503671 0.397420 0.092429 0.020807 0.006214 0.003595 0.003176 0.003116 0.003108 0.003107 0.003107 0.003107 0.003107 0.003107 0.003107 0.003107 0.003107 0.003107 0.003107 0.003107 0.003107 0.003107 0.003107 0.003107 0.003107 0.003107 0.003107 0.003107 0.003107 0.003107 0.003107 0.003107 0.003107 0.003107 0.003107 0.003107 0.003107 0.003107 0.003106 0.003104 0.003093 0.003046 0.002885 0.002435 0.001472 0.000000 
50.000000 28.378576 12.986759 4.855387 1.517858 0.411910 0.107001 0.035398 0.020807 0.018189 0.017771 0.017710 0.017702 0.017702 0.017701 0.017701 0.017701 0.017701 0.017701 0.017701 0.017701 0.017701 0.017701 0.017701 0.017701 0.017701 0.017701 0.017701 0.017701 0.017701 0.017701 0.017701 0.017701 0.017701 0.017701 0.017701 0.017701 0.017701 0.017701 0.017701 0.017701 0.017701 0.017699 0.017686 0.017625 0.017369 0.016474 0.013949 0.008472 0.000000 
50.000000 28.409902 13.040195 4.920339 1.587452 0.483013 0.178511 0.107001 0.092429 0.089814 0.089396 0.089336 0.089328 0.089327 0.089327 0.089327 0.089327 0.089327 0.089327 0.089327 0.089327 0.089327 0.089327 0.089327 0.089327 0.089327 0.089327 0.089327 0.089327 0.089327 0.089327 0.089327 0.089327 0.089327 0.089327 0.089327 0.089327 0.089327 0.089327 0.089327 0.089327 0.089325 0.089315 0.089255 0.088964 0.087738 0.083398 0.070944 0.043393 0.000000 
50.000000 28.542947 13.267340 5.196663 1.883692 0.785753 0.483013 0.411910 0.397420 0.394820 0.394404 0.394344 0.394336 0.394335 0.394335 0.394335 0.394335 0.394335 0.394335 0.394335 0.394335 0.394335 0.394335 0.394335 0.394335 0.394335 0.394335 0.394335 0.394335 0.394335 0.394335 0.394335 0.394335 0.394335 0.394335 0.394335 0.394335 0.394335 0.394335 0.394335 0.394334 0.394327 0.394285 0.394049 0.392876 0.387866 0.369810 0.316743 0.195876 0.000000 
50.000000 29.024307 14.089833 6.198025 2.957786 1.883692 1.587452 1.517858 1.503671 1.501124 1.500717 1.500658 1.500650 1.500650 1.500649 1.500649 1.500649 1.500649 1.500649 1.500649 1.500649 1.500649 1.500649 1.500649 1.500649 1.500649 1.500649 1.500649 1.500649 1.500649 1.500649 1.500649 1.500649 1.500649 1.500649 1.500649 1.500649 1.500649 1.500649 1.500649 1.500646 1.500625 1.500489 1.499714 1.495826 1.478893 1.416272 1.225688 0.771684 0.000000 
50.000000 30.473562 16.568030 9.217384 6.198025 5.196663 4.920339 4.855387 4.842139 4.839760 4.839379 4.839324 4.839317 4.839316 4.839316 4.839316 4.839316 4.839316 4.839316 4.839316 4.839316 4.839316 4.839316 4.839316 4.839316 4.839316 4.839316 4.839316 4.839316 4.839316 4.839316 4.839316 4.839316 4.839316 4.839316 4.839316 4.839316 4.839316 4.839316 4.839315 4.839307 4.839254 4.838912 4.836940 4.826853 4.781754 4.608692 4.053758 2.633067 0.000000 
50.000000 33.997119 22.597282 16.568030 14.089833 13.267340 13.040195 12.986759 12.975850 12.973889 12.973575 12.973530 12.973524 12.973523 12.973523 12.973523 12.973523 12.973523 12.973523 12.973523 12.973523 12.973523 12.973523 12.973523 12.973523 12.973523 12.973523 12.973523 12.973523 12.973523 12.973523 12.973523 12.973523 12.973523 12.973523 12.973523 12.973523 12.973523 12.973523 12.973521 12.973508 12.973415 12.972809 12.969251 12.950597 12.864145 12.514272 11.298641 7.781129 0.000000 
50.000000 40.655738 33.997119 30.473562 29.024307 28.542947 28.409902 28.378576 28.372176 28.371024 28.370839 28.370813 28.370809 28.370809 28.370809 28.370809 28.370809 28.370809 28.370809 28.370809 28.370809 28.370809 28.370809 28.370809 28.370809 28.370809 28.370809 28.370809 28.370809 28.370809 28.370809 28.370809 28.370809 28.370809 28.370809 28.370809 28.370809 28.370809 28.370809 28.370807 28.370794 28.370704 28.370104 28.366509 28.347071 28.252623 27.840494 26.215990 20.327869 0.000000 
50.000000 50.000000 50.000000 50.000000 50.000000 50.000000 50.000000 50.000000 50.000000 50.000000 50.000000 50.000000 50.000000 50.000000 50.000000 50.000000 50.000000 50.000000 50.000000 50.000000 50.000000 50.000000 50.000000 50.000000 50.000000 50.000000 50.000000 50.000000 50.000000 50.000000 50.000000 50.000000 50.000000 50.000000 50.000000 50.000000 50.000000 50.000000 50.000000 50.000000 50.000000 50.000000 50.000000 50.000000 50.000000 50.000000 50.000000 50.000000 50.000000 50.000000 
