50.000000 50.000000 50.000000 50.000000 50.000000 50.000000 50.000000 50.000000 50.000000 50.000000 50.000000 50.000000 50.000000 50.000000 50.000000 50.000000 50.000000 50.000000 50.000000 50.000000 50.000000 50.000000 50.000000 50.000000 50.000000 50.000000 50.000000 50.000000 50.000000 50.000000 50.000000 50.000000 50.000000 50.000000 50.000000 50.000000 50.000000 50.000000 50.000000 50.000000 50.000000 50.000000 50.000000 50.000000 50.000000 50.000000 50.000000 50.000000 50.000000 50.000000 
50.000000 48.928721 47.893468 46.926636 46.053965 45.292597 44.650428 44.126711 43.713634 43.398452 43.165743 42.999435 42.884353 42.807218 42.757123 42.725585 42.706333 42.694930 42.688376 42.684719 42.682736 42.681691 42.681156 42.680889 42.680759 42.680694 42.680658 42.680628 42.680584 42.680501 42.680330 42.679984 42.679299 42.677967 42.675438 42.670735 42.662174 42.646894 42.620114 42.573939 42.495398 42.363118 42.141370 41.768625 41.133532 40.019192 37.959050 33.820364 24.464361 0.000000 
50.000000 47.893468 45.857778 43.956629 42.240638 40.743512 39.480777 38.450964 37.638711 37.018953 36.561370 36.234354 36.008066 35.856394 35.757891 35.695880 35.658023 35.635603 35.622717 35.615525 35.611626 35.609572 35.608520 35.607995 35.607738 35.607612 35.607542 35.607484 35.607401 35.607243 35.606922 35.606273 35.604986 35.602490 35.597757 35.588975 35.573026 35.544647 35.495106 35.410127 35.266584 35.027145 34.631280 33.979520 32.904628 31.116895 28.099999 22.928889 14.073104 0.000000 
50.000000 46.926636 43.956629 41.182917 38.679350 36.495104 34.652830 33.150385 31.965353 31.061167 30.393586 29.916496 29.586361 29.365088 29.221383 29.130916 29.075688 29.042981 29.024182 29.013690 29.008003 29.005007 29.003472 29.002706 29.002331 29.002148 29.002047 29.001966 29.001853 29.001638 29.001203 29.000325 28.998588 28.995226 28.988866 28.977105 28.955827 28.918144 28.852759 28.741468 28.555379 28.249165 27.752251 26.955251 25.689242 23.695799 20.591459 15.856630 8.967586 0.000000 
50.000000 46.053965 42.240638 38.679350 35.464920 32.660488 30.295136 28.366111 26.844629 25.683736 24.826630 24.214099 23.790247 23.506162 23.321666 23.205520 23.134618 23.092628 23.068493 23.055024 23.047723 23.043877 23.041907 23.040924 23.040444 23.040209 23.040082 23.039984 23.039850 23.039600 23.039097 23.038084 23.036083 23.032223 23.024946 23.011542 22.987411 22.944934 22.871779 22.748433 22.544656 22.214517 21.689614 20.870246 19.615081 17.732460 14.983551 11.123743 6.034773 0.000000 
50.000000 45.292597 40.743512 36.495104 32.660488 29.314988 26.493295 24.192122 22.377127 20.992295 19.969859 19.239182 18.733581 18.394709 18.174634 18.036093 17.951520 17.901434 17.872647 17.856582 17.847874 17.843286 17.840936 17.839764 17.839192 17.838914 17.838766 17.838656 17.838513 17.838251 17.837726 17.836672 17.834598 17.830610 17.823121 17.809392 17.784816 17.741850 17.668471 17.546015 17.346285 17.027856 16.531726 15.776889 14.657494 13.045406 10.805862 7.838884 4.159065 0.000000 
50.000000 44.650428 39.480777 34.652830 30.295136 26.493295 23.286728 20.671696 18.609167 17.035482 15.873624 15.043320 14.468786 14.083718 13.833645 13.676221 13.580123 13.523212 13.490503 13.472250 13.462356 13.457143 13.454474 13.453142 13.452493 13.452179 13.452015 13.451899 13.451757 13.451503 13.450996 13.449985 13.448000 13.444199 13.437092 13.424131 13.401071 13.361049 13.293293 13.181408 13.001240 12.718439 12.286109 11.643364 10.716406 9.424890 7.697578 5.501257 2.881803 0.000000 
50.000000 44.126711 38.450964 33.150385 28.366111 24.192122 20.671696 17.800723 15.536347 13.808669 12.533131 11.621596 10.990862 10.568132 10.293604 10.120789 10.015296 9.952823 9.916918 9.896881 9.886020 9.880299 9.877368 9.875907 9.875196 9.874853 9.874678 9.874561 9.874427 9.874195 9.873737 9.872828 9.871052 9.867664 9.861357 9.849918 9.829694 9.794853 9.736383 9.640825 9.488826 9.253690 8.900361 8.385586 7.660395 6.676497 5.398134 3.819684 1.985341 0.000000 
50.000000 43.713634 37.638711 31.965353 26.844629 22.377127 18.609167 15.536347 13.112789 11.263674 9.898493 8.922908 8.247862 7.795439 7.501632 7.316683 7.203785 7.136928 7.098503 7.077061 7.065439 7.059316 7.056181 7.054618 7.053857 7.053492 7.053309 7.053195 7.053074 7.052873 7.052483 7.051712 7.050212 7.047361 7.042082 7.032558 7.015826 6.987211 6.939595 6.862541 6.741370 6.556394 6.282657 5.890728 5.349271 4.630112 3.716188 2.611566 1.350517 0.000000 
50.000000 43.398452 37.018953 31.061167 25.683736 20.992295 17.035482 13.808669 11.263674 9.321923 7.888362 6.863921 6.155078 5.680009 5.371500 5.177298 5.058754 4.988555 4.948210 4.925696 4.913493 4.907066 4.903773 4.902133 4.901335 4.900954 4.900766 4.900656 4.900550 4.900384 4.900068 4.899447 4.898244 4.895968 4.891774 4.884247 4.871105 4.848787 4.811947 4.752879 4.660961 4.522304 4.319842 4.034242 3.646010 3.139080 2.505788 1.752369 0.903054 0.000000 
50.000000 43.165743 36.561370 30.393586 24.826630 19.969859 15.873624 12.533131 9.898493 7.888362 6.404330 5.343831 4.610046 4.118266 3.798908 3.597880 3.475170 3.402505 3.360743 3.337440 3.324809 3.318156 3.314748 3.313051 3.312226 3.311833 3.311643 3.311537 3.311446 3.311314 3.311070 3.310593 3.309673 3.307941 3.304763 3.299091 3.289245 3.272636 3.245426 3.202165 3.135483 3.035952 2.892305 2.692216 2.423844 2.078197 1.652119 1.151244 0.591805 0.000000 
50.000000 42.999435 36.234354 29.916496 24.214099 19.239182 15.043320 11.621596 8.922908 6.863921 5.343831 4.257573 3.505971 3.002255 2.675149 2.469246 2.343562 2.269137 2.226364 2.202496 2.189560 2.182746 2.179256 2.177518 2.176674 2.176273 2.176082 2.175981 2.175904 2.175802 2.175620 2.175270 2.174597 2.173336 2.171033 2.166942 2.159881 2.148044 2.128786 2.098405 2.051973 1.983312 1.885213 1.750027 1.570712 1.342320 1.063737 0.739249 0.379322 0.000000 
50.000000 42.884353 36.008066 29.586361 23.790247 18.733581 14.468786 10.990862 8.247862 6.155078 4.610046 3.505971 2.742048 2.230077 1.897613 1.688340 1.560600 1.484957 1.441485 1.417228 1.404081 1.397156 1.393609 1.391843 1.390986 1.390579 1.390387 1.390291 1.390225 1.390149 1.390018 1.389771 1.389299 1.388418 1.386817 1.383986 1.379125 1.371024 1.357927 1.337410 1.306291 1.260651 1.196009 1.107737 0.991732 0.845313 0.668217 0.463419 0.237459 0.000000 
50.000000 42.807218 35.856394 29.365088 23.506162 18.394709 14.083718 10.568132 7.795439 5.680009 4.118266 3.002255 2.230077 1.712577 1.376526 1.164995 1.035878 0.959421 0.915481 0.890963 0.877674 0.870675 0.867091 0.865305 0.864439 0.864029 0.863838 0.863744 0.863688 0.863631 0.863540 0.863372 0.863054 0.862463 0.861392 0.859508 0.856289 0.850952 0.842374 0.829021 0.808904 0.779613 0.738438 0.682647 0.609894 0.518751 0.409262 0.283368 0.145044 0.000000 
50.000000 42.757123 35.757891 29.221383 23.321666 18.174634 13.833645 10.293604 7.501632 5.371500 3.798908 2.675149 1.897614 1.376526 1.038146 0.825151 0.695140 0.618154 0.573911 0.549224 0.535844 0.528796 0.525187 0.523390 0.522518 0.522106 0.521915 0.521824 0.521774 0.521731 0.521670 0.521560 0.521353 0.520971 0.520281 0.519073 0.517018 0.513628 0.508207 0.499817 0.487253 0.469073 0.443686 0.409513 0.365242 0.310124 0.244278 0.168916 0.086387 0.000000 
50.000000 42.725585 35.695880 29.130916 23.205520 18.036093 13.676221 10.120789 7.316683 5.177298 3.597880 2.469246 1.688340 1.164995 0.825151 0.611235 0.480662 0.403344 0.358911 0.334117 0.320679 0.313601 0.309977 0.308172 0.307297 0.306883 0.306692 0.306603 0.306558 0.306525 0.306484 0.306414 0.306284 0.306046 0.305617 0.304870 0.303603 0.301523 0.298214 0.293117 0.285525 0.274601 0.259431 0.239129 0.212972 0.180574 0.142050 0.098123 0.050148 0.000000 
50.000000 42.706333 35.658023 29.075689 23.134618 17.951520 13.580123 10.015296 7.203785 5.058754 3.475170 2.343562 1.560600 1.035878 0.695140 0.480663 0.349748 0.272227 0.227677 0.202819 0.189346 0.182250 0.178616 0.176806 0.175929 0.175515 0.175324 0.175236 0.175194 0.175168 0.175140 0.175097 0.175018 0.174874 0.174617 0.174170 0.173416 0.172182 0.170227 0.167229 0.162786 0.156424 0.147632 0.135924 0.120910 0.102395 0.080463 0.055533 0.028365 0.000000 
50.000000 42.694930 35.635603 29.042981 23.092628 17.901434 13.523213 9.952824 7.136928 4.988555 3.402505 2.269137 1.484958 0.959421 0.618155 0.403345 0.272228 0.194587 0.149969 0.125072 0.111578 0.104471 0.100832 0.099019 0.098141 0.097726 0.097535 0.097449 0.097408 0.097386 0.097368 0.097341 0.097295 0.097211 0.097062 0.096803 0.096368 0.095659 0.094541 0.092833 0.090312 0.086717 0.081772 0.075213 0.066837 0.056545 0.044394 0.030617 0.015632 0.000000 
50.000000 42.688377 35.622717 29.024182 23.068494 17.872648 13.490505 9.916919 7.098505 4.948211 3.360745 2.226365 1.441487 0.915483 0.573913 0.358912 0.227679 0.149970 0.105311 0.080393 0.066887 0.059774 0.056131 0.054317 0.053438 0.053023 0.052832 0.052746 0.052707 0.052688 0.052674 0.052658 0.052632 0.052584 0.052500 0.052355 0.052112 0.051718 0.051097 0.050154 0.048766 0.046794 0.044092 0.040521 0.035977 0.030411 0.023858 0.016444 0.008392 0.000000 
50.000000 42.684720 35.615526 29.013692 23.055027 17.856585 13.472253 9.896885 7.077065 4.925700 3.337444 2.202501 1.417232 0.890967 0.549229 0.334121 0.202823 0.125076 0.080395 0.055465 0.041952 0.034835 0.031191 0.029376 0.028497 0.028082 0.027891 0.027805 0.027767 0.027749 0.027739 0.027729 0.027714 0.027688 0.027642 0.027563 0.027432 0.027219 0.026885 0.026378 0.025636 0.024586 0.023151 0.021260 0.018862 0.015933 0.012491 0.008605 0.004390 0.000000 
50.000000 42.682738 35.611629 29.008008 23.047729 17.847881 13.462364 9.886029 7.065448 4.913503 3.324819 2.189570 1.404091 0.877685 0.535855 0.320690 0.189357 0.111588 0.066896 0.041959 0.028443 0.021324 0.017679 0.015864 0.014984 0.014569 0.014378 0.014293 0.014255 0.014238 0.014229 0.014223 0.014214 0.014200 0.014176 0.014134 0.014065 0.013953 0.013779 0.013515 0.013129 0.012585 0.011843 0.010870 0.009637 0.008135 0.006375 0.004390 0.002239 0.000000 
50.000000 42.681696 35.609580 29.005018 23.043892 17.843304 13.457164 9.880321 7.059340 4.907090 3.318181 2.182772 1.397182 0.870701 0.528823 0.313628 0.182276 0.104497 0.059799 0.034858 0.021340 0.014220 0.010575 0.008759 0.007879 0.007464 0.007273 0.007188 0.007150 0.007134 0.007126 0.007122 0.007117 0.007109 0.007097 0.007075 0.007040 0.006983 0.006894 0.006760 0.006565 0.006290 0.005916 0.005426 0.004808 0.004057 0.003177 0.002187 0.001115 0.000000 
50.000000 42.681166 35.608539 29.003500 23.041942 17.840979 13.454522 9.877421 7.056237 4.903832 3.314809 2.179318 1.393672 0.867154 0.525251 0.310041 0.178680 0.100895 0.056194 0.031251 0.017732 0.010612 0.006966 0.005150 0.004270 0.003855 0.003664 0.003579 0.003542 0.003526 0.003518 0.003515 0.003512 0.003508 0.003501 0.003491 0.003473 0.003444 0.003399 0.003332 0.003235 0.003098 0.002913 0.002670 0.002365 0.001994 0.001561 0.001074 0.000548 0.000000 
50.000000 42.680912 35.608040 29.002771 23.041007 17.839864 13.453255 9.876030 7.054749 4.902270 3.313192 2.177662 1.391989 0.865453 0.523538 0.308321 0.176955 0.099168 0.054465 0.029521 0.016002 0.008882 0.005236 0.003420 0.002540 0.002125 0.001934 0.001849 0.001811 0.001795 0.001788 0.001785 0.001783 0.001781 0.001777 0.001772 0.001763 0.001748 0.001725 0.001690 0.001640 0.001570 0.001476 0.001352 0.001197 0.001009 0.000790 0.000543 0.000277 0.000000 
50.000000 42.680811 35.607841 29.002481 23.040635 17.839419 13.452750 9.875477 7.054156 4.901648 3.312548 2.177003 1.391319 0.864775 0.522856 0.307635 0.176268 0.098480 0.053776 0.028832 0.015313 0.008192 0.004546 0.002731 0.001851 0.001435 0.001245 0.001159 0.001122 0.001106 0.001099 0.001096 0.001095 0.001093 0.001091 0.001087 0.001082 0.001072 0.001058 0.001037 0.001006 0.000963 0.000904 0.000828 0.000733 0.000618 0.000483 0.000332 0.000169 0.000000 
50.000000 42.680811 35.607841 29.002481 23.040635 17.839419 13.452750 9.875477 7.054156 4.901648 3.312548 2.177003 1.391319 0.864775 0.522856 0.307635 0.176268 0.098480 0.053776 0.028832 0.015313 0.008192 0.004546 0.002731 0.001851 0.001435 0.001245 0.001159 0.001122 0.001106 0.001099 0.001096 0.001095 0.001093 0.001091 0.001087 0.001082 0.001072 0.001058 0.001037 0.001006 0.000963 0.000904 0.000828 0.000733 0.000618 0.000483 0.000332 0.000169 0.000000 
50.000000 42.680912 35.608040 29.002771 23.041007 17.839864 13.453255 9.876030 7.054749 4.902270 3.313192 2.177662 1.391989 0.865453 0.523538 0.308321 0.176955 0.099168 0.054465 0.029521 0.016002 0.008882 0.005236 0.003420 0.002540 0.002125 0.001934 0.001849 0.001811 0.001795 0.001788 0.001785 0.001783 0.001781 0.001777 0.001772 0.001763 0.001748 0.001725 0.001690 0.001640 0.001570 0.001476 0.001352 0.001197 0.001009 0.000790 0.000543 0.000277 0.000000 
50.000000 42.681166 35.608539 29.003500 23.041942 17.840979 13.454522 9.877421 7.056237 4.903832 3.314809 2.179318 1.393672 0.867154 0.525251 0.310041 0.178680 0.100895 0.056194 0.031251 0.017732 0.010612 0.006966 0.005150 0.004270 0.003855 0.003664 0.003579 0.003542 0.003526 0.003518 0.003515 0.003512 0.003508 0.003501 0.003491 0.003473 0.003444 0.003399 0.003332 0.003235 0.003098 0.002913 0.002670 0.002365 0.001994 0.001561 0.001074 0.000548 0.000000 
50.000000 42.681696 35.609580 29.005018 23.043892 17.843304 13.457164 9.880321 7.059340 4.907090 3.318181 2.182772 1.397182 0.870701 0.528823 0.313628 0.182276 0.104497 0.059799 0.034858 0.021340 0.014220 0.010575 0.008759 0.007879 0.007464 0.007273 0.007188 0.007150 0.007134 0.007126 0.007122 0.007117 0.007109 0.007097 0.007075 0.007040 0.006983 0.006894 0.006760 0.006565 0.006290 0.005916 0.005426 0.004808 0.004057 0.003177 0.002187 0.001115 0.000000 
50.000000 42.682738 35.611629 29.008008 23.047729 17.847881 13.462364 9.886029 7.065448 4.913503 3.324819 2.189570 1.404091 0.877685 0.535855 0.320690 0.189357 0.111588 0.066896 0.041959 0.028443 0.021324 0.017679 0.015864 0.014984 0.014569 0.014378 0.014293 0.014255 0.014238 0.014229 0.014223 0.014214 0.014200 0.014176 0.014134 0.014065 0.013953 0.013779 0.013515 0.013129 0.012585 0.011843 0.010870 0.009637 0.008135 0.006375 0.004390 0.002239 0.000000 
50.000000 42.684720 35.615526 29.013692 23.055027 17.856585 13.472253 9.896885 7.077065 4.925700 3.337444 2.202501 1.417232 0.890967 0.549229 0.334121 0.202823 0.125076 0.080395 0.055465 0.041952 0.034835 0.031191 0.029376 0.028497 0.028082 0.027891 0.027805 0.027767 0.027749 0.027739 0.027729 0.027714 0.027688 0.027642 0.027563 0.027432 0.027219 0.026885 0.026378 0.025636 0.024586 0.023151 0.021260 0.018862 0.015933 0.012491 0.008605 0.004390 0.000000 
50.000000 42.688377 35.622717 29.024182 23.068494 17.872648 13.490505 9.916919 7.098505 4.948211 3.360745 2.226365 1.441487 0.915483 0.573913 0.358912 0.227679 0.149970 0.105311 0.080393 0.066887 0.059774 0.056131 0.054317 0.053438 0.053023 0.052832 0.052746 0.052707 0.052688 0.052674 0.052658 0.052632 0.052584 0.052500 0.052355 0.052112 0.051718 0.051097 0.050154 0.048766 0.046794 0.044092 0.040521 0.035977 0.030411 0.023858 0.016444 0.008392 0.000000 
50.000000 42.694930 35.635603 29.042981 23.092628 17.901434 13.523213 9.952824 7.136928 4.988555 3.402505 2.269137 1.484958 0.959421 0.618155 0.403345 0.272228 0.194587 0.149969 0.125072 0.111578 0.104471 0.100832 0.099019 0.098141 0.097726 0.097535 0.097449 0.097408 0.097386 0.097368 0.097341 0.097295 0.097211 0.097062 0.096803 0.096368 0.095659 0.094541 0.092833 0.090312 0.086717 0.081772 0.075213 0.066837 0.056545 0.044394 0.030617 0.015632 0.000000 
50.000000 42.706333 35.658023 29.075689 23.134618 17.951520 13.580123 10.015296 7.203785 5.058754 3.475170 2.343562 1.560600 1.035878 0.695140 0.480663 0.349748 0.272227 0.227677 0.202819 0.189346 0.182250 0.178616 0.176806 0.175929 0.175515 0.175324 0.175236 0.175194 0.175168 0.175140 0.175097 0.175018 0.174874 0.174617 0.174170 0.173416 0.172182 0.170227 0.167229 0.162786 0.156424 0.147632 0.135924 0.120910 0.102395 0.080463 0.055533 0.028365 0.000000 
50.000000 42.725585 35.695880 29.130916 23.205520 18.036093 13.676221 10.120789 7.316683 5.177298 3.597880 2.469246 1.688340 1.164995 0.825151 0.611235 0.480662 0.403344 0.358911 0.334117 0.320679 0.313601 0.309977 0.308172 0.307297 0.306883 0.306692 0.306603 0.306558 0.306525 0.306484 0.306414 0.306284 0.306046 0.305617 0.304870 0.303603 0.301523 0.298214 0.293117 0.285525 0.274601 0.259431 0.239129 0.212972 0.180574 0.142050 0.098123 0.050148 0.000000 
50.000000 42.757123 35.757891 29.221383 23.321666 18.174634 13.833645 10.293604 7.501632 5.371500 3.798908 2.675149 1.897614 1.376526 1.038146 0.825151 0.695140 0.618154 0.573911 0.549224 0.535844 0.528796 0.525187 0.523390 0.522518 0.522106 0.521915 0.521824 0.521774 0.521731 0.521670 0.521560 0.521353 0.520971 0.520281 0.519073 0.517018 0.513628 0.508207 0.499817 0.487253 0.469073 0.443686 0.409513 0.365242 0.310124 0.244278 0.168916 0.086387 0.000000 
50.000000 42.807218 35.856394 29.365088 23.506162 18.394709 14.083718 10.568132 7.795439 5.680009 4.118266 3.002255 2.230077 1.712577 1.376526 1.164995 1.035878 0.959421 0.915481 0.890963 0.877674 0.870675 0.867091 0.865305 0.864439 0.864029 0.863838 0.863744 0.863688 0.863631 0.863540 0.863372 0.863054 0.862463 0.861392 0.859508 0.856289 0.850952 0.842374 0.829021 0.808904 0.779613 0.738438 0.682647 0.609894 0.518751 0.409262 0.283368 0.145044 0.000000 
50.000000 42.884353 36.008066 29.586361 23.790247 18.733581 14.468786 10.990862 8.247862 6.155078 4.610046 3.505971 2.742048 2.230077 1.897613 1.688340 1.560600 1.484957 1.441485 1.417228 1.404081 1.397156 1.393609 1.391843 1.390986 1.390579 1.390387 1.390291 1.390225 1.390149 1.390018 1.389771 1.389299 1.388418 1.386817 1.383986 1.379125 1.371024 1.357927 1.337410 1.306291 1.260651 1.196009 1.107737 0.991732 0.845313 0.668217 0.463419 0.237459 0.000000 
50.000000 42.999435 36.234354 29.916496 24.214099 19.239182 15.043320 11.621596 8.922908 6.863921 5.343831 4.257573 3.505971 3.002255 2.675149 2.469246 2.343562 2.269137 2.226364 2.202496 2.189560 2.182746 2.179256 2.177518 2.176674 2.176273 2.176082 2.175981 2.175904 2.175802 2.175620 2.175270 2.174597 2.173336 2.171033 2.166942 2.159881 2.148044 2.128786 2.098405 2.051973 1.983312 1.885213 1.750027 1.570712 1.342320 1.063737 0.739249 0.379322 0.000000 
50.000000 43.165743 36.561370 30.393586 24.826630 19.969859 15.873624 12.533131 9.898493 7.888362 6.404330 5.343831 4.610046 4.118266 3.798908 3.597880 3.475170 3.402505 3.360743 3.337440 3.324809 3.318156 3.314748 3.313051 3.312226 3.311833 3.311643 3.311537 3.311446 3.311314 3.311070 3.310593 3.309673 3.307941 3.304763 3.299091 3.289245 3.272636 3.245426 3.202165 3.135483 3.035952 2.892305 2.692216 2.423844 2.078197 1.652119 1.151244 0.591805 0.000000 
50.000000 43.398452 37.018953 31.061167 25.683736 20.992295 17.035482 13.808669 11.263674 9.321923 7.888362 6.863921 6.155078 5.680009 5.371500 5.177298 5.058754 4.988555 4.948210 4.925696 4.913493 4.907066 4.903773 4.902133 4.901335 4.900954 4.900766 4.900656 4.900550 4.900384 4.900068 4.899447 4.898244 4.895968 4.891774 4.884247 4.871105 4.848787 4.811947 4.752879 4.660961 4.522304 4.319842 4.034242 3.646010 3.139080 2.505788 1.752369 0.903054 0.000000 
50.000000 43.713634 37.638711 31.965353 26.844629 22.377127 18.609167 15.536347 13.112789 11.263674 9.898493 8.922908 8.247862 7.795439 7.501632 7.316683 7.203785 7.136928 7.098503 7.077061 7.065439 7.059316 7.056181 7.054618 7.053857 7.053492 7.053309 7.053195 7.053074 7.052873 7.052483 7.051712 7.050212 7.047361 7.042082 7.032558 7.015826 6.987211 6.939595 6.862541 6.741370 6.556394 6.282657 5.890728 5.349271 4.630112 3.716188 2.611566 1.350517 0.000000 
50.000000 44.126711 38.450964 33.150385 28.366111 24.192122 20.671696 17.800723 15.536347 13.808669 12.533131 11.621596 10.990862 10.568132 10.293604 10.120789 10.015296 9.952823 9.916918 9.896881 9.886020 9.880299 9.877368 9.875907 9.875196 9.874853 9.874678 9.874561 9.874427 9.874195 9.873737 9.872828 9.871052 9.867664 9.861357 9.849918 9.829694 9.794853 9.736383 9.640825 9.488826 9.253690 8.900361 8.385586 7.660395 6.676497 5.398134 3.819684 1.985341 0.000000 
50.000000 44.650428 39.480777 34.652830 30.295136 26.493295 23.286728 20.671696 18.609167 17.035482 15.873624 15.043320 14.468786 14.083718 13.833645 13.676221 13.580123 13.523212 13.490503 13.472250 13.462356 13.457143 13.454474 13.453142 13.452493 13.452179 13.452015 13.451899 13.451757 13.451503 13.450996 13.449985 13.448000 13.444199 13.437092 13.424131 13.401071 13.361049 13.293293 13.181408 13.001240 12.718439 12.286109 11.643364 10.716406 9.424890 7.697578 5.501257 2.881803 0.000000 
50.000000 45.292597 40.743512 36.495104 32.660488 29.314988 26.493295 24.192122 22.377127 20.992295 19.969859 19.239182 18.733581 18.394709 18.174634 18.036093 17.951520 17.901434 17.872647 17.856582 17.847874 17.843286 17.840936 17.839764 17.839192 17.838914 17.838766 17.838656 17.838513 17.838251 17.837726 17.836672 17.834598 17.830610 17.823121 17.809392 17.784816 17.741850 17.668471 17.546015 17.346285 17.027856 16.531726 15.776889 14.657494 13.045406 10.805862 7.838884 4.159065 0.000000 
50.000000 46.053965 42.240638 38.679350 35.464920 32.660488 30.295136 28.366111 26.844629 25.683736 24.826630 24.214099 23.790247 23.506162 23.321666 23.205520 23.134618 23.092628 23.068493 23.055024 23.047723 23.043877 23.041907 23.040924 23.040444 23.040209 23.040082 23.039984 23.039850 23.039600 23.039097 23.038084 23.036083 23.032223 23.024946 23.011542 22.987411 22.944934 22.871779 22.748433 22.544656 22.214517 21.689614 20.870246 19.615081 17.732460 14.983551 11.123743 6.034773 0.000000 
50.000000 46.926636 43.956629 41.182917 38.679350 36.495104 34.652830 33.150385 31.965353 31.061167 30.393586 29.916496 29.586361 29.365088 29.221383 29.130916 29.075688 29.042981 29.024182 29.013690 29.008003 29.005007 29.003472 29.002706 29.002331 29.002148 29.002047 29.001966 29.001853 29.001638 29.001203 29.000325 28.998588 28.995226 28.988866 28.977105 28.955827 28.918144 28.852759 28.741468 28.555379 28.249165 27.752251 26.955251 25.689242 23.695799 20.591459 15.856630 8.967586 0.000000 
50.000000 47.893468 45.857778 43.956629 42.240638 40.743512 39.480777 38.450964 37.638711 37.018953 36.561370 36.234354 36.008066 35.856394 35.757891 35.695880 35.658023 35.635603 35.622717 35.615525 35.611626 35.609572 35.608520 35.607995 35.607738 35.607612 35.607542 35.607484 35.607401 35.607243 35.606922 35.606273 35.604986 35.602490 35.597757 35.588975 35.573026 35.544647 35.495106 35.410127 35.266584 35.027145 34.631280 33.979520 32.904628 31.116895 28.099999 22.928889 14.073104 0.000000 
50.000000 48.928721 47.893468 46.926636 46.053965 45.292597 44.650428 44.126711 43.713634 43.398452 43.165743 42.999435 42.884353 42.807218 42.757123 42.725585 42.706333 42.694930 42.688376 42.684719 42.682736 42.681691 42.681156 42.680889 42.680759 42.680694 42.680658 42.680628 42.680584 42.680501 42.680330 42.679984 42.679299 42.677967 42.675438 42.670735 42.662174 42.646894 42.620114 42.573939 42.495398 42.363118 42.141370 41.768625 41.133532 40.019192 37.959050 33.820364 24.464361 0.000000 
50.000000 50.000000 50.000000 50.000000 50.000000 50.000000 50.000000 50.000000 50.000000 50.000000 50.000000 50.000000 50.000000 50.000000 50.000000 50.000000 50.000000 50.000000 50.000000 50.000000 50.000000 50.000000 50.000000 50.000000 50.000000 50.000000 50.000000 50.000000 50.000000 50.000000 50.000000 50.000000 50.000000 50.000000 50.000000 50.000000 50.000000 50.000000 50.000000 50.000000 50.000000 50.000000 50.000000 50.000000 50.000000 50.000000 50.000000 50.000000 50.000000 50.000000 
