50.000000 50.000000 50.000000 50.000000 50.000000 50.000000 50.000000 50.000000 50.000000 50.000000 50.000000 50.000000 50.000000 50.000000 50.000000 50.000000 50.000000 50.000000 50.000000 50.000000 50.000000 50.000000 50.000000 50.000000 50.000000 50.000000 50.000000 50.000000 50.000000 50.000000 50.000000 50.000000 50.000000 50.000000 50.000000 50.000000 50.000000 50.000000 50.000000 50.000000 50.000000 50.000000 50.000000 50.000000 50.000000 50.000000 50.000000 50.000000 50.000000 50.000000 
50.000000 49.081426 48.189343 47.347951 46.577200 45.891421 45.298700 44.801006 44.394953 44.073009 43.824906 43.639030 43.503620 43.407677 43.341545 43.297187 43.268228 43.249820 43.238425 43.231552 43.227513 43.225199 43.223906 43.223199 43.222819 43.222612 43.222488 43.222386 43.222258 43.222041 43.221641 43.220898 43.219532 43.217065 43.212693 43.205081 43.192053 43.170109 43.133675 43.073922 42.976842 42.820005 42.566701 42.154635 41.472037 40.302068 38.178795 33.970686 24.540713 0.000000 
50.000000 48.189343 46.430905 44.772387 43.253114 41.901336 40.732992 39.751962 38.951571 38.316974 37.827929 37.461541 37.194630 37.005515 36.875161 36.787728 36.730646 36.694362 36.671901 36.658355 36.650394 36.645833 36.643283 36.641890 36.641141 36.640734 36.640491 36.640295 36.640049 36.639637 36.638879 36.637471 36.634886 36.630227 36.621979 36.607649 36.583182 36.542098 36.474153 36.363285 36.184399 35.898141 35.442116 34.715393 33.549938 31.656156 28.518909 23.215452 14.218658 0.000000 
50.000000 47.347951 44.772387 42.343178 40.117921 38.137995 36.426745 34.989852 33.817542 32.888068 32.171782 31.635150 31.244218 30.967232 30.776311 30.648253 30.564650 30.511508 30.478611 30.458772 30.447112 30.440432 30.436698 30.434658 30.433562 30.432969 30.432617 30.432339 30.431996 30.431428 30.430387 30.428457 30.424922 30.418562 30.407334 30.387886 30.354808 30.299527 30.208648 30.061499 29.826457 29.455398 28.875163 27.974342 26.582911 24.442601 21.171589 16.253478 9.169157 0.000000 
50.000000 46.577200 43.253114 40.117921 37.245960 34.690631 32.482067 30.627598 29.114608 27.915028 26.990593 26.298022 25.793494 25.436023 25.189626 25.024361 24.916467 24.847886 24.805432 24.779829 24.764782 24.756161 24.751343 24.748712 24.747299 24.746537 24.746090 24.745745 24.745333 24.744659 24.743431 24.741161 24.737016 24.729578 24.716493 24.693918 24.655712 24.592242 24.488678 24.322562 24.060399 23.652923 23.028652 22.085472 20.680739 18.622980 15.675320 11.596958 6.275132 0.000000 
50.000000 45.891421 41.901336 38.137995 34.690631 31.623346 28.972308 26.746314 24.930219 23.490329 22.380709 21.549406 20.943817 20.514746 20.218999 20.020634 19.891133 19.808818 19.757862 19.727133 19.709074 19.698727 19.692944 19.689787 19.688094 19.687184 19.686658 19.686265 19.685812 19.685086 19.683773 19.681357 19.676957 19.669091 19.655307 19.631640 19.591810 19.526097 19.419770 19.250978 18.987995 18.585789 17.982021 17.093072 15.811673 14.009892 11.555084 8.351398 4.419384 0.000000 
50.000000 45.298700 40.732992 36.426745 32.482067 28.972308 25.938852 23.391765 21.313714 19.666142 18.396483 17.445290 16.752369 16.261424 15.923033 15.696068 15.547896 15.453715 15.395414 15.360256 15.339594 15.327757 15.321142 15.317531 15.315596 15.314561 15.313972 15.313549 15.313082 15.312354 15.311051 15.308664 15.304333 15.296621 15.283167 15.260185 15.221747 15.158796 15.057829 14.899242 14.655328 14.288100 13.747306 12.969426 11.879236 10.396595 8.452403 6.017600 3.144066 0.000000 
50.000000 44.801006 39.751962 34.989852 30.627598 26.746314 23.391765 20.575080 18.277089 16.455148 15.051127 13.999281 13.233042 12.690156 12.315967 12.064994 11.901150 11.797010 11.732544 11.693668 11.670822 11.657734 11.650421 11.646430 11.644294 11.643157 11.642519 11.642081 11.641624 11.640934 11.639716 11.637498 11.633490 11.626384 11.614047 11.593086 11.558253 11.501630 11.411616 11.271703 11.059166 10.743859 10.287540 9.644459 8.764293 7.598946 6.114689 4.309846 2.234304 0.000000 
50.000000 44.394953 38.951571 33.817542 29.114608 24.930219 21.313714 18.277089 15.799672 13.835488 12.321861 11.187910 10.361868 9.776616 9.373228 9.102675 8.926050 8.813787 8.744295 8.702388 8.677761 8.663653 8.655770 8.651470 8.649171 8.647953 8.647281 8.646839 8.646408 8.645785 8.644704 8.642749 8.639233 8.633027 8.622304 8.604189 8.574275 8.526009 8.449938 8.332877 8.157109 7.899836 7.533230 7.025614 6.344430 5.461685 4.362145 3.053430 1.574948 0.000000 
50.000000 44.073009 38.316974 32.888068 27.915028 23.490329 19.666142 16.455148 13.835488 11.758540 10.158026 8.958992 8.085545 7.466712 7.040183 6.754111 6.567358 6.448658 6.375182 6.330874 6.304836 6.289920 6.281587 6.277042 6.274615 6.273333 6.272638 6.272201 6.271806 6.271265 6.270348 6.268704 6.265764 6.260596 6.251711 6.236782 6.212287 6.173045 6.111704 6.018190 5.879270 5.678378 5.395982 5.010814 4.502333 3.854629 3.061611 2.132575 1.096167 0.000000 
50.000000 43.824906 37.827929 32.171782 26.990593 22.380709 18.396483 15.051127 12.321861 10.158026 8.490568 7.241389 6.331421 5.686718 5.242362 4.944336 4.749781 4.626124 4.549580 4.503422 4.476298 4.460760 4.452080 4.447347 4.444822 4.443494 4.442784 4.442357 4.442001 4.441547 4.440800 4.439476 4.437120 4.432999 4.425949 4.414168 4.394953 4.364381 4.316957 4.245284 4.139837 3.988984 3.779425 3.497241 3.129731 2.668031 2.110283 1.464643 0.750984 0.000000 
50.000000 43.639030 37.461541 31.635150 26.298022 21.549406 17.445290 13.999281 11.187910 8.958992 7.241389 5.954652 5.017332 4.353254 3.895548 3.588571 3.388174 3.260805 3.181964 3.134422 3.106484 3.090481 3.081541 3.076668 3.074070 3.072708 3.071989 3.071574 3.071258 3.070887 3.070299 3.069273 3.067460 3.064304 3.058929 3.049995 3.035507 3.012603 2.977326 2.924432 2.847288 2.737972 2.587665 2.387461 2.129635 1.809344 1.426502 0.987389 0.505354 0.000000 
50.000000 43.503620 37.194630 31.244218 25.793494 20.943817 16.752369 13.233042 10.361868 8.085545 6.331421 5.017332 4.060091 3.381905 2.914478 2.600983 2.396333 2.266262 2.185749 2.137199 2.108670 2.092328 2.083199 2.078224 2.075574 2.074188 2.073464 2.073062 2.072781 2.072482 2.072034 2.071267 2.069923 2.067594 2.063648 2.057120 2.046591 2.030046 2.004729 1.967040 1.912500 1.835859 1.731412 1.593573 1.417720 1.201252 0.944691 0.652532 0.333511 0.000000 
50.000000 43.407677 37.005515 30.967232 25.436023 20.514746 16.261424 12.690157 9.776616 7.466712 5.686718 4.353254 3.381905 2.693728 2.219416 1.901306 1.693645 1.561660 1.479964 1.430700 1.401752 1.385170 1.375908 1.370861 1.368174 1.366772 1.366046 1.365655 1.365403 1.365165 1.364832 1.364277 1.363315 1.361657 1.358860 1.354254 1.346864 1.335314 1.317748 1.291765 1.254426 1.202341 1.131904 1.039677 0.922936 0.780312 0.612424 0.422333 0.215624 0.000000 
50.000000 43.341545 36.875161 30.776311 25.189627 20.218999 15.923033 12.315967 9.373228 7.040183 5.242362 3.895548 2.914478 2.219416 1.740362 1.419073 1.209337 1.076035 0.993523 0.943768 0.914532 0.897785 0.888431 0.883334 0.880622 0.879210 0.878483 0.878101 0.877873 0.877682 0.877439 0.877050 0.876383 0.875241 0.873324 0.870181 0.865162 0.857358 0.845554 0.828194 0.803401 0.769040 0.722881 0.662848 0.587359 0.495708 0.388425 0.267513 0.136464 0.000000 
50.000000 43.297187 36.787728 30.648253 25.024362 20.020635 15.696068 12.064994 9.102675 6.754112 4.944337 3.588572 2.600984 1.901307 1.419073 1.095654 0.884527 0.750342 0.667284 0.617200 0.587771 0.570913 0.561498 0.556368 0.553639 0.552220 0.551493 0.551119 0.550908 0.550753 0.550577 0.550310 0.549862 0.549101 0.547828 0.545751 0.542449 0.537337 0.529643 0.518389 0.502402 0.480372 0.450949 0.412902 0.365328 0.307869 0.240920 0.165749 0.084495 0.000000 
50.000000 43.268228 36.730647 30.564651 24.916468 19.891134 15.547898 11.901152 8.926052 6.567360 4.749783 3.388176 2.396336 1.693647 1.209339 0.884529 0.672496 0.537734 0.454320 0.404022 0.374466 0.357537 0.348081 0.342930 0.340190 0.338766 0.338040 0.337671 0.337474 0.337344 0.337216 0.337037 0.336744 0.336251 0.335432 0.334101 0.331993 0.328744 0.323875 0.316786 0.306766 0.293027 0.274769 0.251278 0.222044 0.186891 0.146090 0.100421 0.051163 0.000000 
50.000000 43.249821 36.694364 30.511511 24.847889 19.808822 15.453719 11.797014 8.813792 6.448663 4.626129 3.260810 2.266267 1.561665 1.076040 0.750347 0.537738 0.402611 0.318970 0.268535 0.238900 0.221925 0.212444 0.207278 0.204532 0.203106 0.202380 0.202015 0.201826 0.201714 0.201620 0.201500 0.201314 0.201004 0.200492 0.199663 0.198356 0.196350 0.193356 0.189014 0.182904 0.174563 0.163528 0.149390 0.131868 0.110877 0.086591 0.059479 0.030290 0.000000 
50.000000 43.238427 36.671905 30.478617 24.805439 19.757871 15.395424 11.732554 8.744306 6.375194 4.549592 3.181976 2.185762 1.479976 0.993536 0.667296 0.454331 0.318978 0.235198 0.184679 0.154993 0.137990 0.128493 0.123320 0.120569 0.119141 0.118416 0.118054 0.117871 0.117770 0.117698 0.117618 0.117502 0.117312 0.117001 0.116500 0.115712 0.114507 0.112716 0.110128 0.106501 0.101568 0.095067 0.086770 0.076522 0.064284 0.050165 0.034438 0.017531 0.000000 
50.000000 43.231557 36.658363 30.458784 24.779845 19.727152 15.360278 11.693692 8.702413 6.330901 4.503450 3.134450 2.137228 1.430730 0.943798 0.617229 0.404049 0.268560 0.184696 0.134126 0.104411 0.087390 0.077884 0.072706 0.069953 0.068524 0.067799 0.067438 0.067259 0.067167 0.067108 0.067054 0.066981 0.066868 0.066684 0.066389 0.065927 0.065223 0.064180 0.062678 0.060579 0.057735 0.054000 0.049248 0.043397 0.036430 0.028410 0.019493 0.009920 0.000000 
50.000000 43.227523 36.650413 30.447140 24.764818 19.709116 15.339643 11.670876 8.677819 6.304896 4.476361 3.106549 2.108735 1.401818 0.914598 0.587837 0.374531 0.238962 0.155048 0.104448 0.074716 0.057686 0.048174 0.042992 0.040238 0.038809 0.038084 0.037725 0.037548 0.037460 0.037410 0.037371 0.037326 0.037260 0.037153 0.036984 0.036720 0.036319 0.035726 0.034876 0.033691 0.032091 0.029996 0.027337 0.024073 0.020195 0.015740 0.010795 0.005492 0.000000 
50.000000 43.225221 36.645874 30.440493 24.756240 19.698821 15.327864 11.657852 8.663780 6.290053 4.460898 3.090623 2.092472 1.385317 0.897932 0.571061 0.357683 0.222068 0.138126 0.087510 0.057767 0.040731 0.031217 0.026033 0.023278 0.021849 0.021124 0.020765 0.020590 0.020505 0.020460 0.020431 0.020402 0.020363 0.020303 0.020208 0.020060 0.019836 0.019507 0.019035 0.018381 0.017499 0.016346 0.014889 0.013103 0.010986 0.008558 0.005867 0.002984 0.000000 
50.000000 43.223952 36.643373 30.436830 24.751513 19.693148 15.321373 11.650676 8.656044 6.281874 4.452378 3.081848 2.083511 1.376224 0.888749 0.561817 0.348400 0.212760 0.128802 0.078177 0.048429 0.031390 0.021873 0.016689 0.013933 0.012504 0.011779 0.011421 0.011246 0.011163 0.011121 0.011097 0.011078 0.011055 0.011020 0.010967 0.010885 0.010762 0.010580 0.010321 0.009961 0.009479 0.008850 0.008056 0.007086 0.005938 0.004624 0.003169 0.001611 0.000000 
50.000000 43.223296 36.642081 30.434938 24.749071 19.690217 15.318020 11.646968 8.652048 6.277650 4.447977 3.077315 2.078883 1.371527 0.884006 0.557042 0.343605 0.207952 0.123987 0.073356 0.043605 0.026565 0.017047 0.011862 0.009106 0.007677 0.006953 0.006594 0.006420 0.006337 0.006297 0.006276 0.006262 0.006247 0.006227 0.006196 0.006148 0.006077 0.005973 0.005825 0.005620 0.005345 0.004988 0.004538 0.003990 0.003342 0.002601 0.001782 0.000906 0.000000 
50.000000 43.223020 36.641538 30.434142 24.748044 19.688984 15.316609 11.645408 8.650366 6.275871 4.446125 3.075407 2.076934 1.369550 0.882009 0.555033 0.341587 0.205928 0.121959 0.071327 0.041575 0.024533 0.015016 0.009831 0.007075 0.005645 0.004921 0.004562 0.004389 0.004306 0.004267 0.004247 0.004235 0.004223 0.004209 0.004188 0.004155 0.004106 0.004035 0.003934 0.003794 0.003607 0.003365 0.003060 0.002689 0.002252 0.001752 0.001200 0.000610 0.000000 
50.000000 43.223020 36.641538 30.434142 24.748044 19.688984 15.316609 11.645408 8.650366 6.275871 4.446125 3.075407 2.076934 1.369550 0.882009 0.555033 0.341587 0.205928 0.121959 0.071327 0.041575 0.024533 0.015016 0.009831 0.007075 0.005645 0.004921 0.004562 0.004389 0.004306 0.004267 0.004247 0.004235 0.004223 0.004209 0.004188 0.004155 0.004106 0.004035 0.003934 0.003794 0.003607 0.003365 0.003060 0.002689 0.002252 0.001752 0.001200 0.000610 0.000000 
50.000000 43.223296 36.642081 30.434938 24.749071 19.690217 15.318020 11.646968 8.652048 6.277650 4.447977 3.077315 2.078883 1.371527 0.884006 0.557042 0.343605 0.207952 0.123987 0.073356 0.043605 0.026565 0.017047 0.011862 0.009106 0.007677 0.006953 0.006594 0.006420 0.006337 0.006297 0.006276 0.006262 0.006247 0.006227 0.006196 0.006148 0.006077 0.005973 0.005825 0.005620 0.005345 0.004988 0.004538 0.003990 0.003342 0.002601 0.001782 0.000906 0.000000 
50.000000 43.223952 36.643373 30.436830 24.751513 19.693148 15.321373 11.650676 8.656044 6.281874 4.452378 3.081848 2.083511 1.376224 0.888749 0.561817 0.348400 0.212760 0.128802 0.078177 0.048429 0.031390 0.021873 0.016689 0.013933 0.012504 0.011779 0.011421 0.011246 0.011163 0.011121 0.011097 0.011078 0.011055 0.011020 0.010967 0.010885 0.010762 0.010580 0.010321 0.009961 0.009479 0.008850 0.008056 0.007086 0.005938 0.004624 0.003169 0.001611 0.000000 
50.000000 43.225221 36.645874 30.440493 24.756240 19.698821 15.327864 11.657852 8.663780 6.290053 4.460898 3.090623 2.092472 1.385317 0.897932 0.571061 0.357683 0.222068 0.138126 0.087510 0.057767 0.040731 0.031217 0.026033 0.023278 0.021849 0.021124 0.020765 0.020590 0.020505 0.020460 0.020431 0.020402 0.020363 0.020303 0.020208 0.020060 0.019836 0.019507 0.019035 0.018381 0.017499 0.016346 0.014889 0.013103 0.010986 0.008558 0.005867 0.002984 0.000000 
50.000000 43.227523 36.650413 30.447140 24.764818 19.709116 15.339643 11.670876 8.677819 6.304896 4.476361 3.106549 2.108735 1.401818 0.914598 0.587837 0.374531 0.238962 0.155048 0.104448 0.074716 0.057686 0.048174 0.042992 0.040238 0.038809 0.038084 0.037725 0.037548 0.037460 0.037410 0.037371 0.037326 0.037260 0.037153 0.036984 0.036720 0.036319 0.035726 0.034876 0.033691 0.032091 0.029996 0.027337 0.024073 0.020195 0.015740 0.010795 0.005492 0.000000 
50.000000 43.231557 36.658363 30.458784 24.779845 19.727152 15.360278 11.693692 8.702413 6.330901 4.503450 3.134450 2.137228 1.430730 0.943798 0.617229 0.404049 0.268560 0.184696 0.134126 0.104411 0.087390 0.077884 0.072706 0.069953 0.068524 0.067799 0.067438 0.067259 0.067167 0.067108 0.067054 0.066981 0.066868 0.066684 0.066389 0.065927 0.065223 0.064180 0.062678 0.060579 0.057735 0.054000 0.049248 0.043397 0.036430 0.028410 0.019493 0.009920 0.000000 
50.000000 43.238427 36.671905 30.478617 24.805439 19.757871 15.395424 11.732554 8.744306 6.375194 4.549592 3.181976 2.185762 1.479976 0.993536 0.667296 0.454331 0.318978 0.235198 0.184679 0.154993 0.137990 0.128493 0.123320 0.120569 0.119141 0.118416 0.118054 0.117871 0.117770 0.117698 0.117618 0.117502 0.117312 0.117001 0.116500 0.115712 0.114507 0.112716 0.110128 0.106501 0.101568 0.095067 0.086770 0.076522 0.064284 0.050165 0.034438 0.017531 0.000000 
50.000000 43.249821 36.694364 30.511511 24.847889 19.808822 15.453719 11.797014 8.813792 6.448663 4.626129 3.260810 2.266267 1.561665 1.076040 0.750347 0.537738 0.402611 0.318970 0.268535 0.238900 0.221925 0.212444 0.207278 0.204532 0.203106 0.202380 0.202015 0.201826 0.201714 0.201620 0.201500 0.201314 0.201004 0.200492 0.199663 0.198356 0.196350 0.193356 0.189014 0.182904 0.174563 0.163528 0.149390 0.131868 0.110877 0.086591 0.059479 0.030290 0.000000 
50.000000 43.268228 36.730647 30.564651 24.916468 19.891134 15.547898 11.901152 8.926052 6.567360 4.749783 3.388176 2.396336 1.693647 1.209339 0.884529 0.672496 0.537734 0.454320 0.404022 0.374466 0.357537 0.348081 0.342930 0.340190 0.338766 0.338040 0.337671 0.337474 0.337344 0.337216 0.337037 0.336744 0.336251 0.335432 0.334101 0.331993 0.328744 0.323875 0.316786 0.306766 0.293027 0.274769 0.251278 0.222044 0.186891 0.146090 0.100421 0.051163 0.000000 
50.000000 43.297187 36.787728 30.648253 25.024362 20.020635 15.696068 12.064994 9.102675 6.754112 4.944337 3.588572 2.600984 1.901307 1.419073 1.095654 0.884527 0.750342 0.667284 0.617200 0.587771 0.570913 0.561498 0.556368 0.553639 0.552220 0.551493 0.551119 0.550908 0.550753 0.550577 0.550310 0.549862 0.549101 0.547828 0.545751 0.542449 0.537337 0.529643 0.518389 0.502402 0.480372 0.450949 0.412902 0.365328 0.307869 0.240920 0.165749 0.084495 0.000000 
50.000000 43.341545 36.875161 30.776311 25.189627 20.218999 15.923033 12.315967 9.373228 7.040183 5.242362 3.895548 2.914478 2.219416 1.740362 1.419073 1.209337 1.076035 0.993523 0.943768 0.914532 0.897785 0.888431 0.883334 0.880622 0.879210 0.878483 0.878101 0.877873 0.877682 0.877439 0.877050 0.876383 0.875241 0.873324 0.870181 0.865162 0.857358 0.845554 0.828194 0.803401 0.769040 0.722881 0.662848 0.587359 0.495708 0.388425 0.267513 0.136464 0.000000 
50.000000 43.407677 37.005515 30.967232 25.436023 20.514746 16.261424 12.690157 9.776616 7.466712 5.686718 4.353254 3.381905 2.693728 2.219416 1.901306 1.693645 1.561660 1.479964 1.430700 1.401752 1.385170 1.375908 1.370861 1.368174 1.366772 1.366046 1.365655 1.365403 1.365165 1.364832 1.364277 1.363315 1.361657 1.358860 1.354254 1.346864 1.335314 1.317748 1.291765 1.254426 1.202341 1.131904 1.039677 0.922936 0.780312 0.612424 0.422333 0.215624 0.000000 
50.000000 43.503620 37.194630 31.244218 25.793494 20.943817 16.752369 13.233042 10.361868 8.085545 6.331421 5.017332 4.060091 3.381905 2.914478 2.600983 2.396333 2.266262 2.185749 2.137199 2.108670 2.092328 2.083199 2.078224 2.075574 2.074188 2.073464 2.073062 2.072781 2.072482 2.072034 2.071267 2.069923 2.067594 2.063648 2.057120 2.046591 2.030046 2.004729 1.967040 1.912500 1.835859 1.731412 1.593573 1.417720 1.201252 0.944691 0.652532 0.333511 0.000000 
50.000000 43.639030 37.461541 31.635150 26.298022 21.549406 17.445290 13.999281 11.187910 8.958992 7.241389 5.954652 5.017332 4.353254 3.895548 3.588571 3.388174 3.260805 3.181964 3.134422 3.106484 3.090481 3.081541 3.076668 3.074070 3.072708 3.071989 3.071574 3.071258 3.070887 3.070299 3.069273 3.067460 3.064304 3.058929 3.049995 3.035507 3.012603 2.977326 2.924432 2.847288 2.737972 2.587665 2.387461 2.129635 1.809344 1.426502 0.987389 0.505354 0.000000 
50.000000 43.824906 37.827929 32.171782 26.990593 22.380709 18.396483 15.051127 12.321861 10.158026 8.490568 7.241389 6.331421 5.686718 5.242362 4.944336 4.749781 4.626124 4.549580 4.503422 4.476298 4.460760 4.452080 4.447347 4.444822 4.443494 4.442784 4.442357 4.442001 4.441547 4.440800 4.439476 4.437120 4.432999 4.425949 4.414168 4.394953 4.364381 4.316957 4.245284 4.139837 3.988984 3.779425 3.497241 3.129731 2.668031 2.110283 1.464643 0.750984 0.000000 
50.000000 44.073009 38.316974 32.888068 27.915028 23.490329 19.666142 16.455148 13.835488 11.758540 10.158026 8.958992 8.085545 7.466712 7.040183 6.754111 6.567358 6.448658 6.375182 6.330874 6.304836 6.289920 6.281587 6.277042 6.274615 6.273333 6.272638 6.272201 6.271806 6.271265 6.270348 6.268704 6.265764 6.260596 6.251711 6.236782 6.212287 6.173045 6.111704 6.018190 5.879270 5.678378 5.395982 5.010814 4.502333 3.854629 3.061611 2.132575 1.096167 0.000000 
50.000000 44.394953 38.951571 33.817542 29.114608 24.930219 21.313714 18.277089 15.799672 13.835488 12.321861 11.187910 10.361868 9.776616 9.373228 9.102675 8.926050 8.813787 8.744295 8.702388 8.677761 8.663653 8.655770 8.651470 8.649171 8.647953 8.647281 8.646839 8.646408 8.645785 8.644704 8.642749 8.639233 8.633027 8.622304 8.604189 8.574275 8.526009 8.449938 8.332877 8.157109 7.899836 7.533230 7.025614 6.344430 5.461685 4.362145 3.053430 1.574948 0.000000 
50.000000 44.801006 39.751962 34.989852 30.627598 26.746314 23.391765 20.575080 18.277089 16.455148 15.051127 13.999281 13.233042 12.690156 12.315967 12.064994 11.901150 11.797010 11.732544 11.693668 11.670822 11.657734 11.650421 11.646430 11.644294 11.643157 11.642519 11.642081 11.641624 11.640934 11.639716 11.637498 11.633490 11.626384 11.614047 11.593086 11.558253 11.501630 11.411616 11.271703 11.059166 10.743859 10.287540 9.644459 8.764293 7.598946 6.114689 4.309846 2.234304 0.000000 
50.000000 45.298700 40.732992 36.426745 32.482067 28.972308 25.938852 23.391765 21.313714 19.666142 18.396483 17.445290 16.752369 16.261424 15.923033 15.696068 15.547896 15.453715 15.395414 15.360256 15.339594 15.327757 15.321142 15.317531 15.315596 15.314561 15.313972 15.313549 15.313082 15.312354 15.311051 15.308664 15.304333 15.296621 15.283167 15.260185 15.221747 15.158796 15.057829 14.899242 14.655328 14.288100 13.747306 12.969426 11.879236 10.396595 8.452403 6.017600 3.144066 0.000000 
50.000000 45.891421 41.901336 38.137995 34.690631 31.623346 28.972308 26.746314 24.930219 23.490329 22.380709 21.549406 20.943817 20.514746 20.218999 20.020634 19.891133 19.808818 19.757862 19.727133 19.709074 19.698727 19.692944 19.689787 19.688094 19.687184 19.686658 19.686265 19.685812 19.685086 19.683773 19.681357 19.676957 19.669091 19.655307 19.631640 19.591810 19.526097 19.419770 19.250978 18.987995 18.585789 17.982021 17.093072 15.811673 14.009892 11.555084 8.351398 4.419384 0.000000 
50.000000 46.577200 43.253114 40.117921 37.245960 34.690631 32.482067 30.627598 29.114608 27.915028 26.990593 26.298022 25.793494 25.436023 25.189626 25.024361 24.916467 24.847886 24.805432 24.779829 24.764782 24.756161 24.751343 24.748712 24.747299 24.746537 24.746090 24.745745 24.745333 24.744659 24.743431 24.741161 24.737016 24.729578 24.716493 24.693918 24.655712 24.592242 24.488678 24.322562 24.060399 23.652923 23.028652 22.085472 20.680739 18.622980 15.675320 11.596958 6.275132 0.000000 
50.000000 47.347951 44.772387 42.343178 40.117921 38.137995 36.426745 34.989852 33.817542 32.888068 32.171782 31.635150 31.244218 30.967232 30.776311 30.648253 30.564650 30.511508 30.478611 30.458772 30.447112 30.440432 30.436698 30.434658 30.433562 30.432969 30.432617 30.432339 30.431996 30.431428 30.430387 30.428457 30.424922 30.418562 30.407334 30.387886 30.354808 30.299527 30.208648 30.061499 29.826457 29.455398 28.875163 27.974342 26.582911 24.442601 21.171589 16.253478 9.169157 0.000000 
50.000000 48.189343 46.430905 44.772387 43.253114 41.901336 40.732992 39.751962 38.951571 38.316974 37.827929 37.461541 37.194630 37.005515 36.875161 36.787728 36.730646 36.694362 36.671901 36.658355 36.650394 36.645833 36.643283 36.641890 36.641141 36.640734 36.640491 36.640295 36.640049 36.639637 36.638879 36.637471 36.634886 36.630227 36.621979 36.607649 36.583182 36.542098 36.474153 36.363285 36.184399 35.898141 35.442116 34.715393 33.549938 31.656156 28.518909 23.215452 14.218658 0.000000 
50.000000 49.081426 48.189343 47.347951 46.577200 45.891421 45.298700 44.801006 44.394953 44.073009 43.824906 43.639030 43.503620 43.407677 43.341545 43.297187 43.268228 43.249820 43.238425 43.231552 43.227513 43.225199 43.223906 43.223199 43.222819 43.222612 43.222488 43.222386 43.222258 43.222041 43.221641 43.220898 43.219532 43.217065 43.212693 43.205081 43.192053 43.170109 43.133675 43.073922 42.976842 42.820005 42.566701 42.154635 41.472037 40.302068 38.178795 33.970686 24.540713 0.000000 
50.000000 50.000000 50.000000 50.000000 50.000000 50.000000 50.000000 50.000000 50.000000 50.000000 50.000000 50.000000 50.000000 50.000000 50.000000 50.000000 50.000000 50.000000 50.000000 50.000000 50.000000 50.000000 50.000000 50.000000 50.000000 50.000000 50.000000 50.000000 50.000000 50.000000 50.000000 50.000000 50.000000 50.000000 50.000000 50.000000 50.000000 50.000000 50.000000 50.000000 50.000000 50.000000 50.000000 50.000000 50.000000 50.000000 50.000000 50.000000 50.000000 50.000000 
