50.000000 50.000000 50.000000 50.000000 50.000000 50.000000 50.000000 50.000000 50.000000 50.000000 50.000000 50.000000 50.000000 50.000000 50.000000 50.000000 50.000000 50.000000 50.000000 50.000000 50.000000 50.000000 50.000000 50.000000 50.000000 50.000000 50.000000 50.000000 50.000000 50.000000 50.000000 50.000000 50.000000 50.000000 50.000000 50.000000 50.000000 50.000000 50.000000 50.000000 50.000000 50.000000 50.000000 50.000000 50.000000 50.000000 50.000000 50.000000 50.000000 50.000000 
50.000000 48.818159 47.680160 46.624971 45.682711 44.872253 44.200673 43.664404 43.251629 42.945270 42.725937 42.574408 42.473341 42.408235 42.367706 42.343316 42.329117 42.321118 42.316755 42.314449 42.313267 42.312680 42.312397 42.312265 42.312204 42.312176 42.312161 42.312148 42.312128 42.312085 42.311991 42.311791 42.311371 42.310513 42.308802 42.305471 42.299135 42.287349 42.265883 42.227524 42.160100 42.043103 41.841658 41.494963 40.892143 39.816404 37.800816 33.711757 24.409080 0.000000 
50.000000 47.680160 45.446379 43.375147 41.525587 39.934745 38.616508 37.563875 36.753651 36.152307 35.721789 35.424359 35.225983 35.098190 35.018640 34.970766 34.942897 34.927197 34.918633 34.914107 34.911788 34.910636 34.910081 34.909820 34.909701 34.909646 34.909618 34.909593 34.909554 34.909473 34.909299 34.908924 34.908141 34.906543 34.903360 34.897175 34.885440 34.863680 34.824203 34.754028 34.631540 34.421048 34.063634 33.461212 32.447446 30.732821 27.800311 22.723190 13.968404 0.000000 
50.000000 46.624971 43.375147 40.361812 37.670985 35.356561 33.438742 31.907341 30.728611 29.853769 29.227452 28.794754 28.506160 28.320252 28.204527 28.134883 28.094342 28.071503 28.059045 28.052461 28.049088 28.047412 28.046604 28.046226 28.046053 28.045973 28.045932 28.045898 28.045845 28.045737 28.045502 28.045001 28.043954 28.041821 28.037586 28.029382 28.013877 27.985262 27.933665 27.842654 27.685410 27.418851 26.974614 26.245204 25.062933 23.169643 20.180906 15.574836 8.824154 0.000000 
50.000000 45.682711 41.525587 37.670985 34.228940 31.268395 28.815189 26.856288 25.348519 24.229478 23.428341 22.874873 22.505735 22.267943 22.119924 22.030846 21.978993 21.949782 21.933847 21.925427 21.921113 21.918970 21.917937 21.917453 21.917231 21.917130 21.917079 21.917038 21.916977 21.916852 21.916585 21.916014 21.914824 21.912408 21.907626 21.898401 21.881051 21.849225 21.792265 21.692739 21.522842 21.239280 20.776249 20.036267 18.879458 17.114470 14.501342 10.792766 5.866307 0.000000 
50.000000 44.872253 39.934745 35.356561 31.268395 27.752131 24.838457 22.511887 20.721140 19.392090 18.440614 17.783293 17.344895 17.062492 16.886706 16.780920 16.719342 16.684652 16.665730 16.655731 16.650609 16.648064 16.646837 16.646263 16.646000 16.645881 16.645821 16.645776 16.645712 16.645584 16.645309 16.644726 16.643513 16.641059 16.636221 16.626931 16.609558 16.577907 16.521732 16.424580 16.260840 15.991890 15.561486 14.890980 13.876065 12.388936 10.293627 7.487298 3.980109 0.000000 
50.000000 44.200673 38.616508 33.438742 28.815189 24.838457 21.543249 18.912048 16.886846 15.383806 14.307783 13.564430 13.068659 12.749304 12.550520 12.430895 12.361263 12.322038 12.300642 12.289335 12.283544 12.280667 12.279280 12.278630 12.278334 12.278199 12.278134 12.278087 12.278025 12.277903 12.277644 12.277095 12.275959 12.273667 12.269169 12.260577 12.244605 12.215718 12.164891 12.077906 11.933153 11.699041 11.331387 10.771625 9.947477 8.778921 7.193538 5.155296 2.705710 0.000000 
50.000000 43.664404 37.563875 31.907341 26.856288 22.511887 18.912048 16.037624 13.825238 12.183296 11.007848 10.195819 9.654254 9.305406 9.088267 8.957600 8.881541 8.838696 8.815327 8.802977 8.796652 8.793510 8.791995 8.791286 8.790962 8.790816 8.790746 8.790701 8.790644 8.790536 8.790307 8.789826 8.788833 8.786838 8.782941 8.775536 8.761857 8.737298 8.694461 8.621896 8.502599 8.312420 8.018812 7.580661 6.950401 6.080039 4.932727 3.500241 1.822745 0.000000 
50.000000 43.251629 36.753651 30.728611 25.348519 20.721140 16.886846 13.825238 11.468805 9.719974 8.468022 7.603153 7.026356 6.654819 6.423562 6.284401 6.203400 6.157772 6.132884 6.119733 6.112997 6.109651 6.108038 6.107283 6.106939 6.106784 6.106712 6.106668 6.106618 6.106528 6.106338 6.105941 6.105125 6.103492 6.100317 6.094317 6.083301 6.063666 6.029702 5.972728 5.880116 5.734402 5.512818 5.187805 4.729249 4.109239 3.309760 2.332604 1.208526 0.000000 
50.000000 42.945270 36.152307 29.853769 24.229478 19.392090 15.383806 12.183296 9.719974 7.891835 6.583122 5.679053 5.076121 4.687755 4.446026 4.300566 4.215900 4.168208 4.142196 4.128451 4.121411 4.117914 4.116228 4.115439 4.115079 4.114918 4.114845 4.114803 4.114761 4.114689 4.114540 4.114230 4.113595 4.112331 4.109883 4.105282 4.096886 4.082024 4.056520 4.014123 3.945918 3.839858 3.680696 3.450652 3.131249 2.706637 2.168360 1.520767 0.785170 0.000000 
50.000000 42.725937 35.721789 29.227452 23.428341 18.440614 14.307783 11.007848 8.468022 6.583122 5.233789 4.301669 3.680037 3.279631 3.030411 2.880446 2.793159 2.743991 2.717174 2.703004 2.695747 2.692142 2.690404 2.689591 2.689220 2.689055 2.688981 2.688942 2.688907 2.688852 2.688741 2.688510 2.688041 2.687110 2.685317 2.681962 2.675877 2.665175 2.646946 2.616894 2.568999 2.495294 2.385952 2.229877 2.016034 1.735602 1.384798 0.967762 0.498413 0.000000 
50.000000 42.574408 35.424359 28.794754 22.874873 17.783293 13.564430 10.195819 7.603153 5.679053 4.301669 3.350180 2.715637 2.306919 2.052529 1.899454 1.810358 1.760173 1.732801 1.718338 1.710930 1.707251 1.705477 1.704647 1.704269 1.704102 1.704027 1.703990 1.703961 1.703921 1.703841 1.703678 1.703347 1.702694 1.701440 1.699107 1.694897 1.687539 1.675090 1.654723 1.622533 1.573451 1.501358 1.399539 1.261562 1.082608 0.861089 0.600156 0.308525 0.000000 
50.000000 42.473341 35.225983 28.506160 22.505735 17.344895 13.068659 9.654254 7.026356 5.076121 3.680037 2.715637 2.072490 1.658232 1.400397 1.245250 1.154949 1.104086 1.076344 1.061686 1.054179 1.050450 1.048652 1.047811 1.047428 1.047259 1.047184 1.047149 1.047126 1.047096 1.047042 1.046931 1.046708 1.046269 1.045431 1.043878 1.041090 1.036245 1.028099 1.014862 0.994097 0.962691 0.916956 0.852942 0.766988 0.656510 0.520898 0.362303 0.185992 0.000000 
50.000000 42.408235 35.098190 28.320252 22.267943 17.062492 12.749304 9.305406 6.654819 4.687755 3.279631 2.306919 1.658232 1.240410 0.980357 0.823877 0.732801 0.681501 0.653522 0.638739 0.631167 0.627406 0.625593 0.624745 0.624359 0.624189 0.624114 0.624080 0.624061 0.624040 0.624004 0.623932 0.623788 0.623505 0.622968 0.621976 0.620205 0.617142 0.612022 0.603754 0.590869 0.571519 0.543549 0.504699 0.452935 0.386893 0.306376 0.212750 0.109100 0.000000 
50.000000 42.367706 35.018640 28.204527 22.119924 16.886706 12.550520 9.088267 6.423562 4.446026 3.030411 2.052529 1.400397 0.980357 0.718925 0.561617 0.470059 0.418488 0.390361 0.375500 0.367888 0.364108 0.362285 0.361433 0.361045 0.360874 0.360799 0.360766 0.360749 0.360734 0.360711 0.360666 0.360577 0.360402 0.360071 0.359463 0.358381 0.356519 0.353422 0.348449 0.340744 0.329245 0.312731 0.289943 0.259775 0.221523 0.175145 0.121465 0.062235 0.000000 
50.000000 42.343316 34.970766 28.134883 22.030846 16.780920 12.430895 8.957600 6.284401 4.300566 2.880446 1.899454 1.245250 0.823877 0.561617 0.403810 0.311963 0.260229 0.232013 0.217105 0.209470 0.205677 0.203849 0.202994 0.202605 0.202433 0.202359 0.202327 0.202312 0.202301 0.202286 0.202259 0.202205 0.202101 0.201905 0.201546 0.200909 0.199819 0.198014 0.195129 0.190683 0.184084 0.174659 0.161726 0.144699 0.123220 0.097297 0.067406 0.034513 0.000000 
50.000000 42.329117 34.942897 28.094342 21.978993 16.719342 12.361264 8.881541 6.203400 4.215900 2.793159 1.810358 1.154949 0.732801 0.470059 0.311963 0.219948 0.168119 0.139852 0.124916 0.117267 0.113468 0.111637 0.110780 0.110390 0.110218 0.110144 0.110112 0.110098 0.110090 0.110080 0.110064 0.110034 0.109974 0.109862 0.109657 0.109296 0.108680 0.107664 0.106048 0.103570 0.099908 0.094703 0.087596 0.078282 0.066585 0.052521 0.036355 0.018604 0.000000 
50.000000 42.321118 34.927197 28.071503 21.949782 16.684652 12.322038 8.838696 6.157772 4.168209 2.743991 1.760173 1.104086 0.681501 0.418488 0.260229 0.168119 0.116237 0.087941 0.072990 0.065333 0.061530 0.059697 0.058839 0.058449 0.058277 0.058203 0.058172 0.058158 0.058151 0.058145 0.058136 0.058119 0.058086 0.058024 0.057912 0.057714 0.057378 0.056825 0.055950 0.054614 0.052647 0.049864 0.046079 0.041139 0.034958 0.027550 0.019056 0.009747 0.000000 
50.000000 42.316755 34.918633 28.059045 21.933847 16.665730 12.300642 8.815327 6.132885 4.142196 2.717175 1.732801 1.076344 0.653523 0.390362 0.232014 0.139852 0.087941 0.059630 0.044670 0.037009 0.033204 0.031370 0.030511 0.030121 0.029949 0.029875 0.029844 0.029831 0.029825 0.029821 0.029815 0.029806 0.029788 0.029755 0.029696 0.029591 0.029414 0.029123 0.028665 0.027967 0.026944 0.025502 0.023547 0.021005 0.017834 0.014044 0.009709 0.004964 0.000000 
50.000000 42.314449 34.914107 28.052461 21.925427 16.655732 12.289336 8.802978 6.119734 4.128452 2.703005 1.718339 1.061687 0.638740 0.375501 0.217106 0.124917 0.072991 0.044671 0.029708 0.022044 0.018238 0.016403 0.015545 0.015154 0.014982 0.014908 0.014877 0.014864 0.014859 0.014856 0.014852 0.014847 0.014838 0.014821 0.014791 0.014737 0.014646 0.014499 0.014266 0.013913 0.013397 0.012672 0.011693 0.010423 0.008843 0.006960 0.004809 0.002458 0.000000 
50.000000 42.313268 34.911789 28.049089 21.921115 16.650611 12.283546 8.796654 6.113000 4.121414 2.695750 1.710933 1.054182 0.631170 0.367891 0.209473 0.117270 0.065336 0.037012 0.022046 0.014381 0.010574 0.008739 0.007881 0.007491 0.007318 0.007244 0.007213 0.007200 0.007195 0.007193 0.007191 0.007188 0.007184 0.007175 0.007160 0.007133 0.007088 0.007015 0.006901 0.006728 0.006475 0.006122 0.005645 0.005029 0.004264 0.003354 0.002316 0.001184 0.000000 
50.000000 42.312682 34.910639 28.047416 21.918975 16.648070 12.280673 8.793516 6.109658 4.117921 2.692149 1.707258 1.050457 0.627414 0.364116 0.205685 0.113476 0.061538 0.033211 0.018244 0.010579 0.006772 0.004937 0.004078 0.003688 0.003516 0.003442 0.003411 0.003398 0.003393 0.003391 0.003389 0.003388 0.003386 0.003382 0.003374 0.003361 0.003340 0.003305 0.003250 0.003167 0.003047 0.002880 0.002654 0.002363 0.002003 0.001574 0.001087 0.000555 0.000000 
50.000000 42.312401 34.910087 28.046614 21.917949 16.646852 12.279296 8.792012 6.108057 4.116247 2.690424 1.705497 1.048673 0.625614 0.362306 0.203870 0.111657 0.059717 0.031390 0.016422 0.008757 0.004949 0.003114 0.002256 0.001866 0.001693 0.001619 0.001588 0.001576 0.001570 0.001568 0.001567 0.001567 0.001565 0.001564 0.001560 0.001554 0.001544 0.001527 0.001502 0.001463 0.001407 0.001329 0.001224 0.001090 0.000923 0.000725 0.000501 0.000256 0.000000 
50.000000 42.312273 34.909837 28.046249 21.917483 16.646298 12.278670 8.791329 6.107329 4.115487 2.689640 1.704697 1.047862 0.624796 0.361484 0.203045 0.110831 0.058891 0.030563 0.015595 0.007929 0.004122 0.002287 0.001428 0.001038 0.000865 0.000791 0.000760 0.000748 0.000743 0.000741 0.000740 0.000739 0.000739 0.000738 0.000736 0.000733 0.000728 0.000721 0.000708 0.000690 0.000663 0.000626 0.000577 0.000513 0.000434 0.000341 0.000235 0.000120 0.000000 
50.000000 42.312224 34.909741 28.046110 21.917305 16.646087 12.278431 8.791068 6.107051 4.115196 2.689341 1.704392 1.047552 0.624484 0.361170 0.202730 0.110516 0.058575 0.030247 0.015279 0.007613 0.003806 0.001970 0.001112 0.000722 0.000549 0.000475 0.000444 0.000432 0.000427 0.000425 0.000424 0.000423 0.000423 0.000422 0.000421 0.000420 0.000417 0.000412 0.000405 0.000395 0.000379 0.000358 0.000330 0.000293 0.000248 0.000195 0.000134 0.000069 0.000000 
50.000000 42.312224 34.909741 28.046110 21.917305 16.646087 12.278431 8.791068 6.107051 4.115196 2.689341 1.704392 1.047552 0.624484 0.361170 0.202730 0.110516 0.058575 0.030247 0.015279 0.007613 0.003806 0.001970 0.001112 0.000722 0.000549 0.000475 0.000444 0.000432 0.000427 0.000425 0.000424 0.000423 0.000423 0.000422 0.000421 0.000420 0.000417 0.000412 0.000405 0.000395 0.000379 0.000358 0.000330 0.000293 0.000248 0.000195 0.000134 0.000069 0.000000 
50.000000 42.312273 34.909837 28.046249 21.917483 16.646298 12.278670 8.791329 6.107329 4.115487 2.689640 1.704697 1.047862 0.624796 0.361484 0.203045 0.110831 0.058891 0.030563 0.015595 0.007929 0.004122 0.002287 0.001428 0.001038 0.000865 0.000791 0.000760 0.000748 0.000743 0.000741 0.000740 0.000739 0.000739 0.000738 0.000736 0.000733 0.000728 0.000721 0.000708 0.000690 0.000663 0.000626 0.000577 0.000513 0.000434 0.000341 0.000235 0.000120 0.000000 
50.000000 42.312401 34.910087 28.046614 21.917949 16.646852 12.279296 8.792012 6.108057 4.116247 2.690424 1.705497 1.048673 0.625614 0.362306 0.203870 0.111657 0.059717 0.031390 0.016422 0.008757 0.004949 0.003114 0.002256 0.001866 0.001693 0.001619 0.001588 0.001576 0.001570 0.001568 0.001567 0.001567 0.001565 0.001564 0.001560 0.001554 0.001544 0.001527 0.001502 0.001463 0.001407 0.001329 0.001224 0.001090 0.000923 0.000725 0.000501 0.000256 0.000000 
50.000000 42.312682 34.910639 28.047416 21.918975 16.648070 12.280673 8.793516 6.109658 4.117921 2.692149 1.707258 1.050457 0.627414 0.364116 0.205685 0.113476 0.061538 0.033211 0.018244 0.010579 0.006772 0.004937 0.004078 0.003688 0.003516 0.003442 0.003411 0.003398 0.003393 0.003391 0.003389 0.003388 0.003386 0.003382 0.003374 0.003361 0.003340 0.003305 0.003250 0.003167 0.003047 0.002880 0.002654 0.002363 0.002003 0.001574 0.001087 0.000555 0.000000 
50.000000 42.313268 34.911789 28.049089 21.921115 16.650611 12.283546 8.796654 6.113000 4.121414 2.695750 1.710933 1.054182 0.631170 0.367891 0.209473 0.117270 0.065336 0.037012 0.022046 0.014381 0.010574 0.008739 0.007881 0.007491 0.007318 0.007244 0.007213 0.007200 0.007195 0.007193 0.007191 0.007188 0.007184 0.007175 0.007160 0.007133 0.007088 0.007015 0.006901 0.006728 0.006475 0.006122 0.005645 0.005029 0.004264 0.003354 0.002316 0.001184 0.000000 
50.000000 42.314449 34.914107 28.052461 21.925427 16.655732 12.289336 8.802978 6.119734 4.128452 2.703005 1.718339 1.061687 0.638740 0.375501 0.217106 0.124917 0.072991 0.044671 0.029708 0.022044 0.018238 0.016403 0.015545 0.015154 0.014982 0.014908 0.014877 0.014864 0.014859 0.014856 0.014852 0.014847 0.014838 0.014821 0.014791 0.014737 0.014646 0.014499 0.014266 0.013913 0.013397 0.012672 0.011693 0.010423 0.008843 0.006960 0.004809 0.002458 0.000000 
50.000000 42.316755 34.918633 28.059045 21.933847 16.665730 12.300642 8.815327 6.132885 4.142196 2.717175 1.732801 1.076344 0.653523 0.390362 0.232014 0.139852 0.087941 0.059630 0.044670 0.037009 0.033204 0.031370 0.030511 0.030121 0.029949 0.029875 0.029844 0.029831 0.029825 0.029821 0.029815 0.029806 0.029788 0.029755 0.029696 0.029591 0.029414 0.029123 0.028665 0.027967 0.026944 0.025502 0.023547 0.021005 0.017834 0.014044 0.009709 0.004964 0.000000 
50.000000 42.321118 34.927197 28.071503 21.949782 16.684652 12.322038 8.838696 6.157772 4.168209 2.743991 1.760173 1.104086 0.681501 0.418488 0.260229 0.168119 0.116237 0.087941 0.072990 0.065333 0.061530 0.059697 0.058839 0.058449 0.058277 0.058203 0.058172 0.058158 0.058151 0.058145 0.058136 0.058119 0.058086 0.058024 0.057912 0.057714 0.057378 0.056825 0.055950 0.054614 0.052647 0.049864 0.046079 0.041139 0.034958 0.027550 0.019056 0.009747 0.000000 
50.000000 42.329117 34.942897 28.094342 21.978993 16.719342 12.361264 8.881541 6.203400 4.215900 2.793159 1.810358 1.154949 0.732801 0.470059 0.311963 0.219948 0.168119 0.139852 0.124916 0.117267 0.113468 0.111637 0.110780 0.110390 0.110218 0.110144 0.110112 0.110098 0.110090 0.110080 0.110064 0.110034 0.109974 0.109862 0.109657 0.109296 0.108680 0.107664 0.106048 0.103570 0.099908 0.094703 0.087596 0.078282 0.066585 0.052521 0.036355 0.018604 0.000000 
50.000000 42.343316 34.970766 28.134883 22.030846 16.780920 12.430895 8.957600 6.284401 4.300566 2.880446 1.899454 1.245250 0.823877 0.561617 0.403810 0.311963 0.260229 0.232013 0.217105 0.209470 0.205677 0.203849 0.202994 0.202605 0.202433 0.202359 0.202327 0.202312 0.202301 0.202286 0.202259 0.202205 0.202101 0.201905 0.201546 0.200909 0.199819 0.198014 0.195129 0.190683 0.184084 0.174659 0.161726 0.144699 0.123220 0.097297 0.067406 0.034513 0.000000 
50.000000 42.367706 35.018640 28.204527 22.119924 16.886706 12.550520 9.088267 6.423562 4.446026 3.030411 2.052529 1.400397 0.980357 0.718925 0.561617 0.470059 0.418488 0.390361 0.375500 0.367888 0.364108 0.362285 0.361433 0.361045 0.360874 0.360799 0.360766 0.360749 0.360734 0.360711 0.360666 0.360577 0.360402 0.360071 0.359463 0.358381 0.356519 0.353422 0.348449 0.340744 0.329245 0.312731 0.289943 0.259775 0.221523 0.175145 0.121465 0.062235 0.000000 
50.000000 42.408235 35.098190 28.320252 22.267943 17.062492 12.749304 9.305406 6.654819 4.687755 3.279631 2.306919 1.658232 1.240410 0.980357 0.823877 0.732801 0.681501 0.653522 0.638739 0.631167 0.627406 0.625593 0.624745 0.624359 0.624189 0.624114 0.624080 0.624061 0.624040 0.624004 0.623932 0.623788 0.623505 0.622968 0.621976 0.620205 0.617142 0.612022 0.603754 0.590869 0.571519 0.543549 0.504699 0.452935 0.386893 0.306376 0.212750 0.109100 0.000000 
50.000000 42.473341 35.225983 28.506160 22.505735 17.344895 13.068659 9.654254 7.026356 5.076121 3.680037 2.715637 2.072490 1.658232 1.400397 1.245250 1.154949 1.104086 1.076344 1.061686 1.054179 1.050450 1.048652 1.047811 1.047428 1.047259 1.047184 1.047149 1.047126 1.047096 1.047042 1.046931 1.046708 1.046269 1.045431 1.043878 1.041090 1.036245 1.028099 1.014862 0.994097 0.962691 0.916956 0.852942 0.766988 0.656510 0.520898 0.362303 0.185992 0.000000 
50.000000 42.574408 35.424359 28.794754 22.874873 17.783293 13.564430 10.195819 7.603153 5.679053 4.301669 3.350180 2.715637 2.306919 2.052529 1.899454 1.810358 1.760173 1.732801 1.718338 1.710930 1.707251 1.705477 1.704647 1.704269 1.704102 1.704027 1.703990 1.703961 1.703921 1.703841 1.703678 1.703347 1.702694 1.701440 1.699107 1.694897 1.687539 1.675090 1.654723 1.622533 1.573451 1.501358 1.399539 1.261562 1.082608 0.861089 0.600156 0.308525 0.000000 
50.000000 42.725937 35.721789 29.227452 23.428341 18.440614 14.307783 11.007848 8.468022 6.583122 5.233789 4.301669 3.680037 3.279631 3.030411 2.880446 2.793159 2.743991 2.717174 2.703004 2.695747 2.692142 2.690404 2.689591 2.689220 2.689055 2.688981 2.688942 2.688907 2.688852 2.688741 2.688510 2.688041 2.687110 2.685317 2.681962 2.675877 2.665175 2.646946 2.616894 2.568999 2.495294 2.385952 2.229877 2.016034 1.735602 1.384798 0.967762 0.498413 0.000000 
50.000000 42.945270 36.152307 29.853769 24.229478 19.392090 15.383806 12.183296 9.719974 7.891835 6.583122 5.679053 5.076121 4.687755 4.446026 4.300566 4.215900 4.168208 4.142196 4.128451 4.121411 4.117914 4.116228 4.115439 4.115079 4.114918 4.114845 4.114803 4.114761 4.114689 4.114540 4.114230 4.113595 4.112331 4.109883 4.105282 4.096886 4.082024 4.056520 4.014123 3.945918 3.839858 3.680696 3.450652 3.131249 2.706637 2.168360 1.520767 0.785170 0.000000 
50.000000 43.251629 36.753651 30.728611 25.348519 20.721140 16.886846 13.825238 11.468805 9.719974 8.468022 7.603153 7.026356 6.654819 6.423562 6.284401 6.203400 6.157772 6.132884 6.119733 6.112997 6.109651 6.108038 6.107283 6.106939 6.106784 6.106712 6.106668 6.106618 6.106528 6.106338 6.105941 6.105125 6.103492 6.100317 6.094317 6.083301 6.063666 6.029702 5.972728 5.880116 5.734402 5.512818 5.187805 4.729249 4.109239 3.309760 2.332604 1.208526 0.000000 
50.000000 43.664404 37.563875 31.907341 26.856288 22.511887 18.912048 16.037624 13.825238 12.183296 11.007848 10.195819 9.654254 9.305406 9.088267 8.957600 8.881541 8.838696 8.815327 8.802977 8.796652 8.793510 8.791995 8.791286 8.790962 8.790816 8.790746 8.790701 8.790644 8.790536 8.790307 8.789826 8.788833 8.786838 8.782941 8.775536 8.761857 8.737298 8.694461 8.621896 8.502599 8.312420 8.018812 7.580661 6.950401 6.080039 4.932727 3.500241 1.822745 0.000000 
50.000000 44.200673 38.616508 33.438742 28.815189 24.838457 21.543249 18.912048 16.886846 15.383806 14.307783 13.564430 13.068659 12.749304 12.550520 12.430895 12.361263 12.322038 12.300642 12.289335 12.283544 12.280667 12.279280 12.278630 12.278334 12.278199 12.278134 12.278087 12.278025 12.277903 12.277644 12.277095 12.275959 12.273667 12.269169 12.260577 12.244605 12.215718 12.164891 12.077906 11.933153 11.699041 11.331387 10.771625 9.947477 8.778921 7.193538 5.155296 2.705710 0.000000 
50.000000 44.872253 39.934745 35.356561 31.268395 27.752131 24.838457 22.511887 20.721140 19.392090 18.440614 17.783293 17.344895 17.062492 16.886706 16.780920 16.719342 16.684652 16.665730 16.655731 16.650609 16.648064 16.646837 16.646263 16.646000 16.645881 16.645821 16.645776 16.645712 16.645584 16.645309 16.644726 16.643513 16.641059 16.636221 16.626931 16.609558 16.577907 16.521732 16.424580 16.260840 15.991890 15.561486 14.890980 13.876065 12.388936 10.293627 7.487298 3.980109 0.000000 
50.000000 45.682711 41.525587 37.670985 34.228940 31.268395 28.815189 26.856288 25.348519 24.229478 23.428341 22.874873 22.505735 22.267943 22.119924 22.030846 21.978993 21.949782 21.933847 21.925427 21.921113 21.918970 21.917937 21.917453 21.917231 21.917130 21.917079 21.917038 21.916977 21.916852 21.916585 21.916014 21.914824 21.912408 21.907626 21.898401 21.881051 21.849225 21.792265 21.692739 21.522842 21.239280 20.776249 20.036267 18.879458 17.114470 14.501342 10.792766 5.866307 0.000000 
50.000000 46.624971 43.375147 40.361812 37.670985 35.356561 33.438742 31.907341 30.728611 29.853769 29.227452 28.794754 28.506160 28.320252 28.204527 28.134883 28.094342 28.071503 28.059045 28.052461 28.049088 28.047412 28.046604 28.046226 28.046053 28.045973 28.045932 28.045898 28.045845 28.045737 28.045502 28.045001 28.043954 28.041821 28.037586 28.029382 28.013877 27.985262 27.933665 27.842654 27.685410 27.418851 26.974614 26.245204 25.062933 23.169643 20.180906 15.574836 8.824154 0.000000 
50.000000 47.680160 45.446379 43.375147 41.525587 39.934745 38.616508 37.563875 36.753651 36.152307 35.721789 35.424359 35.225983 35.098190 35.018640 34.970766 34.942897 34.927197 34.918633 34.914107 34.911788 34.910636 34.910081 34.909820 34.909701 34.909646 34.909618 34.909593 34.909554 34.909473 34.909299 34.908924 34.908141 34.906543 34.903360 34.897175 34.885440 34.863680 34.824203 34.754028 34.631540 34.421048 34.063634 33.461212 32.447446 30.732821 27.800311 22.723190 13.968404 0.000000 
50.000000 48.818159 47.680160 46.624971 45.682711 44.872253 44.200673 43.664404 43.251629 42.945270 42.725937 42.574408 42.473341 42.408235 42.367706 42.343316 42.329117 42.321118 42.316755 42.314449 42.313267 42.312680 42.312397 42.312265 42.312204 42.312176 42.312161 42.312148 42.312128 42.312085 42.311991 42.311791 42.311371 42.310513 42.308802 42.305471 42.299135 42.287349 42.265883 42.227524 42.160100 42.043103 41.841658 41.494963 40.892143 39.816404 37.800816 33.711757 24.409080 0.000000 
50.000000 50.000000 50.000000 50.000000 50.000000 50.000000 50.000000 50.000000 50.000000 50.000000 50.000000 50.000000 50.000000 50.000000 50.000000 50.000000 50.000000 50.000000 50.000000 50.000000 50.000000 50.000000 50.000000 50.000000 50.000000 50.000000 50.000000 50.000000 50.000000 50.000000 50.000000 50.000000 50.000000 50.000000 50.000000 50.000000 50.000000 50.000000 50.000000 50.000000 50.000000 50.000000 50.000000 50.000000 50.000000 50.000000 50.000000 50.000000 50.000000 50.000000 
