50.000000 50.000000 50.000000 50.000000 50.000000 50.000000 50.000000 50.000000 50.000000 50.000000 50.000000 50.000000 50.000000 50.000000 50.000000 50.000000 50.000000 50.000000 50.000000 50.000000 50.000000 50.000000 50.000000 50.000000 50.000000 50.000000 50.000000 50.000000 50.000000 50.000000 50.000000 50.000000 50.000000 50.000000 50.000000 50.000000 50.000000 50.000000 50.000000 50.000000 50.000000 50.000000 50.000000 50.000000 50.000000 50.000000 50.000000 50.000000 50.000000 50.000000 
50.000000 46.873034 44.052336 41.754494 40.060341 38.926530 38.235312 37.849966 37.652732 37.559674 37.519044 37.502566 37.496337 37.494134 37.493403 37.493175 37.493108 37.493089 37.493084 37.493083 37.493083 37.493083 37.493083 37.493083 37.493083 37.493083 37.493083 37.493083 37.493083 37.493083 37.493083 37.493083 37.493082 37.493081 37.493077 37.493062 37.493009 37.492825 37.492230 37.490393 37.485012 37.470039 37.430363 37.329873 37.084873 36.503046 35.131565 31.832280 23.436517 0.000000 
50.000000 44.052336 38.687268 34.316780 31.094606 28.938252 27.623711 26.890910 26.515857 26.338914 26.261664 26.230337 26.218495 26.214308 26.212919 26.212485 26.212358 26.212322 26.212313 26.212311 26.212310 26.212310 26.212310 26.212310 26.212310 26.212310 26.212310 26.212310 26.212310 26.212310 26.212310 26.212310 26.212309 26.212308 26.212301 26.212276 26.212187 26.211885 26.210906 26.207905 26.199184 26.175174 26.112517 25.957342 25.591766 24.769669 22.998726 19.343634 12.220056 0.000000 
50.000000 41.754494 34.316780 28.258060 23.791424 20.802419 18.980408 17.964794 17.445041 17.199855 17.092822 17.049422 17.033018 17.027219 17.025295 17.024695 17.024518 17.024469 17.024456 17.024453 17.024452 17.024452 17.024452 17.024452 17.024452 17.024452 17.024452 17.024452 17.024452 17.024452 17.024452 17.024452 17.024451 17.024449 17.024442 17.024414 17.024317 17.023985 17.022918 17.019674 17.010346 16.985014 16.920129 16.763510 16.407625 15.647690 14.129030 11.318054 6.622929 0.000000 
50.000000 40.060341 31.094606 23.791424 18.407616 14.805089 12.609266 11.385395 10.759127 10.463726 10.334788 10.282512 10.262755 10.255772 10.253456 10.252733 10.252521 10.252461 10.252446 10.252442 10.252441 10.252441 10.252440 10.252440 10.252440 10.252440 10.252440 10.252440 10.252440 10.252440 10.252440 10.252440 10.252440 10.252438 10.252432 10.252408 10.252322 10.252033 10.251112 10.248336 10.240441 10.219310 10.166192 10.041106 9.766039 9.203808 8.143735 6.324938 3.557295 0.000000 
50.000000 38.926530 28.938252 20.802419 14.805089 10.792286 8.346579 6.983551 6.286143 5.957222 5.813669 5.755474 5.733484 5.725712 5.723135 5.722331 5.722094 5.722028 5.722011 5.722006 5.722005 5.722005 5.722005 5.722005 5.722005 5.722005 5.722005 5.722005 5.722005 5.722005 5.722005 5.722005 5.722004 5.722003 5.721998 5.721981 5.721917 5.721706 5.721035 5.719031 5.713397 5.698522 5.661778 5.577137 5.396143 5.039050 4.394794 3.346486 1.841657 0.000000 
50.000000 38.235312 27.623711 18.980408 12.609266 8.346579 5.748743 4.301040 3.560367 3.211074 3.058643 2.996857 2.973511 2.965261 2.962526 2.961673 2.961422 2.961352 2.961333 2.961329 2.961328 2.961327 2.961327 2.961327 2.961327 2.961327 2.961327 2.961327 2.961327 2.961327 2.961327 2.961327 2.961327 2.961326 2.961323 2.961312 2.961271 2.961136 2.960711 2.959452 2.955948 2.946813 2.924594 2.874371 2.769442 2.568161 2.216898 1.666369 0.905439 0.000000 
50.000000 37.849966 26.890910 17.964794 11.385395 6.983551 4.301040 2.806233 2.041510 1.680898 1.523540 1.459761 1.435665 1.427150 1.424327 1.423447 1.423188 1.423115 1.423096 1.423092 1.423091 1.423090 1.423090 1.423090 1.423090 1.423090 1.423090 1.423090 1.423090 1.423090 1.423090 1.423090 1.423090 1.423090 1.423088 1.423081 1.423058 1.422982 1.422743 1.422040 1.420102 1.415107 1.403117 1.376446 1.321773 1.219204 1.044665 0.778393 0.419604 0.000000 
50.000000 37.652732 26.515857 17.445041 10.759127 6.286143 3.560367 2.041510 1.264514 0.898132 0.738264 0.673471 0.648993 0.640344 0.637476 0.636582 0.636319 0.636246 0.636226 0.636222 0.636220 0.636220 0.636220 0.636220 0.636220 0.636220 0.636220 0.636220 0.636220 0.636220 0.636220 0.636220 0.636220 0.636220 0.636219 0.636215 0.636204 0.636165 0.636044 0.635690 0.634724 0.632257 0.626403 0.613554 0.587621 0.539817 0.460027 0.340683 0.182693 0.000000 
50.000000 37.559674 26.338914 17.199855 10.463726 5.957222 3.211074 1.680898 0.898132 0.529039 0.367993 0.302724 0.278067 0.269355 0.266467 0.265566 0.265301 0.265228 0.265208 0.265203 0.265202 0.265202 0.265202 0.265202 0.265202 0.265202 0.265202 0.265202 0.265202 0.265202 0.265202 0.265202 0.265202 0.265202 0.265201 0.265200 0.265194 0.265176 0.265120 0.264959 0.264520 0.263408 0.260796 0.255126 0.243825 0.223285 0.189509 0.139730 0.074662 0.000000 
50.000000 37.519044 26.261664 17.092822 10.334788 5.813669 3.058643 1.523540 0.738264 0.367993 0.206435 0.140960 0.116225 0.107486 0.104589 0.103686 0.103420 0.103346 0.103326 0.103321 0.103320 0.103320 0.103320 0.103320 0.103320 0.103320 0.103320 0.103320 0.103320 0.103320 0.103320 0.103320 0.103320 0.103320 0.103319 0.103319 0.103316 0.103309 0.103285 0.103217 0.103034 0.102574 0.101500 0.099191 0.094637 0.086452 0.073148 0.053760 0.028651 0.000000 
50.000000 37.502566 26.230337 17.049422 10.282512 5.755474 2.996857 1.459761 0.673471 0.302724 0.140960 0.075402 0.050636 0.041886 0.038985 0.038080 0.037814 0.037740 0.037721 0.037716 0.037715 0.037714 0.037714 0.037714 0.037714 0.037714 0.037714 0.037714 0.037714 0.037714 0.037714 0.037714 0.037714 0.037714 0.037714 0.037714 0.037713 0.037710 0.037701 0.037674 0.037604 0.037427 0.037018 0.036146 0.034439 0.031399 0.026504 0.019431 0.010336 0.000000 
50.000000 37.496337 26.218495 17.033018 10.262755 5.733484 2.973511 1.435665 0.648993 0.278067 0.116225 0.050636 0.025858 0.017104 0.014202 0.013297 0.013031 0.012957 0.012937 0.012932 0.012931 0.012931 0.012931 0.012931 0.012931 0.012931 0.012931 0.012931 0.012931 0.012931 0.012931 0.012931 0.012931 0.012931 0.012931 0.012930 0.012930 0.012929 0.012926 0.012916 0.012891 0.012828 0.012683 0.012375 0.011778 0.010722 0.009033 0.006610 0.003511 0.000000 
50.000000 37.494134 26.214308 17.027219 10.255772 5.725712 2.965261 1.427150 0.640344 0.269355 0.107486 0.041886 0.017104 0.008348 0.005446 0.004541 0.004274 0.004200 0.004181 0.004176 0.004175 0.004174 0.004174 0.004174 0.004174 0.004174 0.004174 0.004174 0.004174 0.004174 0.004174 0.004174 0.004174 0.004174 0.004174 0.004174 0.004174 0.004174 0.004173 0.004169 0.004161 0.004140 0.004092 0.003990 0.003794 0.003450 0.002902 0.002121 0.001125 0.000000 
50.000000 37.493403 26.212919 17.025295 10.253456 5.723135 2.962526 1.424327 0.637476 0.266467 0.104589 0.038985 0.014202 0.005446 0.002544 0.001638 0.001372 0.001298 0.001278 0.001273 0.001272 0.001272 0.001272 0.001272 0.001272 0.001272 0.001272 0.001272 0.001272 0.001272 0.001272 0.001272 0.001272 0.001272 0.001272 0.001272 0.001272 0.001272 0.001271 0.001270 0.001268 0.001261 0.001246 0.001215 0.001154 0.001048 0.000881 0.000643 0.000341 0.000000 
50.000000 37.493175 26.212485 17.024695 10.252733 5.722331 2.961673 1.423447 0.636582 0.265566 0.103686 0.038080 0.013297 0.004541 0.001638 0.000733 0.000467 0.000392 0.000373 0.000368 0.000367 0.000367 0.000367 0.000367 0.000367 0.000367 0.000367 0.000367 0.000367 0.000367 0.000367 0.000367 0.000367 0.000367 0.000367 0.000367 0.000366 0.000366 0.000366 0.000366 0.000365 0.000363 0.000359 0.000350 0.000332 0.000301 0.000253 0.000184 0.000098 0.000000 
50.000000 37.493108 26.212358 17.024518 10.252521 5.722094 2.961422 1.423188 0.636319 0.265301 0.103420 0.037814 0.013031 0.004274 0.001372 0.000467 0.000200 0.000126 0.000107 0.000102 0.000100 0.000100 0.000100 0.000100 0.000100 0.000100 0.000100 0.000100 0.000100 0.000100 0.000100 0.000100 0.000100 0.000100 0.000100 0.000100 0.000100 0.000100 0.000100 0.000100 0.000100 0.000099 0.000098 0.000095 0.000091 0.000082 0.000069 0.000050 0.000027 0.000000 
50.000000 37.493089 26.212322 17.024469 10.252461 5.722028 2.961352 1.423115 0.636246 0.265228 0.103346 0.037740 0.012957 0.004200 0.001298 0.000392 0.000126 0.000052 0.000032 0.000027 0.000026 0.000026 0.000026 0.000026 0.000026 0.000026 0.000026 0.000026 0.000026 0.000026 0.000026 0.000026 0.000026 0.000026 0.000026 0.000026 0.000026 0.000026 0.000026 0.000026 0.000026 0.000026 0.000025 0.000025 0.000023 0.000021 0.000018 0.000013 0.000007 0.000000 
50.000000 37.493084 26.212313 17.024456 10.252446 5.722011 2.961333 1.423096 0.636226 0.265208 0.103326 0.037721 0.012937 0.004181 0.001278 0.000373 0.000107 0.000032 0.000013 0.000008 0.000007 0.000006 0.000006 0.000006 0.000006 0.000006 0.000006 0.000006 0.000006 0.000006 0.000006 0.000006 0.000006 0.000006 0.000006 0.000006 0.000006 0.000006 0.000006 0.000006 0.000006 0.000006 0.000006 0.000006 0.000006 0.000005 0.000004 0.000003 0.000002 0.000000 
50.000000 37.493083 26.212311 17.024453 10.252442 5.722006 2.961329 1.423092 0.636222 0.265203 0.103321 0.037716 0.012932 0.004176 0.001273 0.000368 0.000102 0.000027 0.000008 0.000003 0.000002 0.000002 0.000002 0.000002 0.000002 0.000002 0.000002 0.000002 0.000002 0.000002 0.000002 0.000002 0.000002 0.000002 0.000002 0.000002 0.000002 0.000002 0.000002 0.000002 0.000002 0.000001 0.000001 0.000001 0.000001 0.000001 0.000001 0.000001 0.000000 0.000000 
50.000000 37.493083 26.212310 17.024452 10.252441 5.722005 2.961328 1.423091 0.636220 0.265202 0.103320 0.037715 0.012931 0.004175 0.001272 0.000367 0.000100 0.000026 0.000007 0.000002 0.000001 0.000000 0.000000 0.000000 0.000000 0.000000 0.000000 0.000000 0.000000 0.000000 0.000000 0.000000 0.000000 0.000000 0.000000 0.000000 0.000000 0.000000 0.000000 0.000000 0.000000 0.000000 0.000000 0.000000 0.000000 0.000000 0.000000 0.000000 0.000000 0.000000 
50.000000 37.493083 26.212310 17.024452 10.252441 5.722005 2.961327 1.423090 0.636220 0.265202 0.103320 0.037714 0.012931 0.004174 0.001272 0.000367 0.000100 0.000026 0.000006 0.000002 0.000000 0.000000 0.000000 0.000000 0.000000 0.000000 0.000000 0.000000 0.000000 0.000000 0.000000 0.000000 0.000000 0.000000 0.000000 0.000000 0.000000 0.000000 0.000000 0.000000 0.000000 0.000000 0.000000 0.000000 0.000000 0.000000 0.000000 0.000000 0.000000 0.000000 
50.000000 37.493083 26.212310 17.024452 10.252440 5.722005 2.961327 1.423090 0.636220 0.265202 0.103320 0.037714 0.012931 0.004174 0.001272 0.000367 0.000100 0.000026 0.000006 0.000002 0.000000 0.000000 0.000000 0.000000 0.000000 0.000000 0.000000 0.000000 0.000000 0.000000 0.000000 0.000000 0.000000 0.000000 0.000000 0.000000 0.000000 0.000000 0.000000 0.000000 0.000000 0.000000 0.000000 0.000000 0.000000 0.000000 0.000000 0.000000 0.000000 0.000000 
50.000000 37.493083 26.212310 17.024452 10.252440 5.722005 2.961327 1.423090 0.636220 0.265202 0.103320 0.037714 0.012931 0.004174 0.001272 0.000367 0.000100 0.000026 0.000006 0.000002 0.000000 0.000000 0.000000 0.000000 0.000000 0.000000 0.000000 0.000000 0.000000 0.000000 0.000000 0.000000 0.000000 0.000000 0.000000 0.000000 0.000000 0.000000 0.000000 0.000000 0.000000 0.000000 0.000000 0.000000 0.000000 0.000000 0.000000 0.000000 0.000000 0.000000 
50.000000 37.493083 26.212310 17.024452 10.252440 5.722005 2.961327 1.423090 0.636220 0.265202 0.103320 0.037714 0.012931 0.004174 0.001272 0.000367 0.000100 0.000026 0.000006 0.000002 0.000000 0.000000 0.000000 0.000000 0.000000 0.000000 0.000000 0.000000 0.000000 0.000000 0.000000 0.000000 0.000000 0.000000 0.000000 0.000000 0.000000 0.000000 0.000000 0.000000 0.000000 0.000000 0.000000 0.000000 0.000000 0.000000 0.000000 0.000000 0.000000 0.000000 
50.000000 37.493083 26.212310 17.024452 10.252440 5.722005 2.961327 1.423090 0.636220 0.265202 0.103320 0.037714 0.012931 0.004174 0.001272 0.000367 0.000100 0.000026 0.000006 0.000002 0.000000 0.000000 0.000000 0.000000 0.000000 0.000000 0.000000 0.000000 0.000000 0.000000 0.000000 0.000000 0.000000 0.000000 0.000000 0.000000 0.000000 0.000000 0.000000 0.000000 0.000000 0.000000 0.000000 0.000000 0.000000 0.000000 0.000000 0.000000 0.000000 0.000000 
50.000000 37.493083 26.212310 17.024452 10.252440 5.722005 2.961327 1.423090 0.636220 0.265202 0.103320 0.037714 0.012931 0.004174 0.001272 0.000367 0.000100 0.000026 0.000006 0.000002 0.000000 0.000000 0.000000 0.000000 0.000000 0.000000 0.000000 0.000000 0.000000 0.000000 0.000000 0.000000 0.000000 0.000000 0.000000 0.000000 0.000000 0.000000 0.000000 0.000000 0.000000 0.000000 0.000000 0.000000 0.000000 0.000000 0.000000 0.000000 0.000000 0.000000 
50.000000 37.493083 26.212310 17.024452 10.252440 5.722005 2.961327 1.423090 0.636220 0.265202 0.103320 0.037714 0.012931 0.004174 0.001272 0.000367 0.000100 0.000026 0.000006 0.000002 0.000000 0.000000 0.000000 0.000000 0.000000 0.000000 0.000000 0.000000 0.000000 0.000000 0.000000 0.000000 0.000000 0.000000 0.000000 0.000000 0.000000 0.000000 0.000000 0.000000 0.000000 0.000000 0.000000 0.000000 0.000000 0.000000 0.000000 0.000000 0.000000 0.000000 
50.000000 37.493083 26.212310 17.024452 10.252441 5.722005 2.961327 1.423090 0.636220 0.265202 0.103320 0.037714 0.012931 0.004174 0.001272 0.000367 0.000100 0.000026 0.000006 0.000002 0.000000 0.000000 0.000000 0.000000 0.000000 0.000000 0.000000 0.000000 0.000000 0.000000 0.000000 0.000000 0.000000 0.000000 0.000000 0.000000 0.000000 0.000000 0.000000 0.000000 0.000000 0.000000 0.000000 0.000000 0.000000 0.000000 0.000000 0.000000 0.000000 0.000000 
50.000000 37.493083 26.212310 17.024452 10.252441 5.722005 2.961328 1.423091 0.636220 0.265202 0.103320 0.037715 0.012931 0.004175 0.001272 0.000367 0.000100 0.000026 0.000007 0.000002 0.000001 0.000000 0.000000 0.000000 0.000000 0.000000 0.000000 0.000000 0.000000 0.000000 0.000000 0.000000 0.000000 0.000000 0.000000 0.000000 0.000000 0.000000 0.000000 0.000000 0.000000 0.000000 0.000000 0.000000 0.000000 0.000000 0.000000 0.000000 0.000000 0.000000 
50.000000 37.493083 26.212311 17.024453 10.252442 5.722006 2.961329 1.423092 0.636222 0.265203 0.103321 0.037716 0.012932 0.004176 0.001273 0.000368 0.000102 0.000027 0.000008 0.000003 0.000002 0.000002 0.000002 0.000002 0.000002 0.000002 0.000002 0.000002 0.000002 0.000002 0.000002 0.000002 0.000002 0.000002 0.000002 0.000002 0.000002 0.000002 0.000002 0.000002 0.000002 0.000001 0.000001 0.000001 0.000001 0.000001 0.000001 0.000001 0.000000 0.000000 
50.000000 37.493084 26.212313 17.024456 10.252446 5.722011 2.961333 1.423096 0.636226 0.265208 0.103326 0.037721 0.012937 0.004181 0.001278 0.000373 0.000107 0.000032 0.000013 0.000008 0.000007 0.000006 0.000006 0.000006 0.000006 0.000006 0.000006 0.000006 0.000006 0.000006 0.000006 0.000006 0.000006 0.000006 0.000006 0.000006 0.000006 0.000006 0.000006 0.000006 0.000006 0.000006 0.000006 0.000006 0.000006 0.000005 0.000004 0.000003 0.000002 0.000000 
50.000000 37.493089 26.212322 17.024469 10.252461 5.722028 2.961352 1.423115 0.636246 0.265228 0.103346 0.037740 0.012957 0.004200 0.001298 0.000392 0.000126 0.000052 0.000032 0.000027 0.000026 0.000026 0.000026 0.000026 0.000026 0.000026 0.000026 0.000026 0.000026 0.000026 0.000026 0.000026 0.000026 0.000026 0.000026 0.000026 0.000026 0.000026 0.000026 0.000026 0.000026 0.000026 0.000025 0.000025 0.000023 0.000021 0.000018 0.000013 0.000007 0.000000 
50.000000 37.493108 26.212358 17.024518 10.252521 5.722094 2.961422 1.423188 0.636319 0.265301 0.103420 0.037814 0.013031 0.004274 0.001372 0.000467 0.000200 0.000126 0.000107 0.000102 0.000100 0.000100 0.000100 0.000100 0.000100 0.000100 0.000100 0.000100 0.000100 0.000100 0.000100 0.000100 0.000100 0.000100 0.000100 0.000100 0.000100 0.000100 0.000100 0.000100 0.000100 0.000099 0.000098 0.000095 0.000091 0.000082 0.000069 0.000050 0.000027 0.000000 
50.000000 37.493175 26.212485 17.024695 10.252733 5.722331 2.961673 1.423447 0.636582 0.265566 0.103686 0.038080 0.013297 0.004541 0.001638 0.000733 0.000467 0.000392 0.000373 0.000368 0.000367 0.000367 0.000367 0.000367 0.000367 0.000367 0.000367 0.000367 0.000367 0.000367 0.000367 0.000367 0.000367 0.000367 0.000367 0.000367 0.000366 0.000366 0.000366 0.000366 0.000365 0.000363 0.000359 0.000350 0.000332 0.000301 0.000253 0.000184 0.000098 0.000000 
50.000000 37.493403 26.212919 17.025295 10.253456 5.723135 2.962526 1.424327 0.637476 0.266467 0.104589 0.038985 0.014202 0.005446 0.002544 0.001638 0.001372 0.001298 0.001278 0.001273 0.001272 0.001272 0.001272 0.001272 0.001272 0.001272 0.001272 0.001272 0.001272 0.001272 0.001272 0.001272 0.001272 0.001272 0.001272 0.001272 0.001272 0.001272 0.001271 0.001270 0.001268 0.001261 0.001246 0.001215 0.001154 0.001048 0.000881 0.000643 0.000341 0.000000 
50.000000 37.494134 26.214308 17.027219 10.255772 5.725712 2.965261 1.427150 0.640344 0.269355 0.107486 0.041886 0.017104 0.008348 0.005446 0.004541 0.004274 0.004200 0.004181 0.004176 0.004175 0.004174 0.004174 0.004174 0.004174 0.004174 0.004174 0.004174 0.004174 0.004174 0.004174 0.004174 0.004174 0.004174 0.004174 0.004174 0.004174 0.004174 0.004173 0.004169 0.004161 0.004140 0.004092 0.003990 0.003794 0.003450 0.002902 0.002121 0.001125 0.000000 
50.000000 37.496337 26.218495 17.033018 10.262755 5.733484 2.973511 1.435665 0.648993 0.278067 0.116225 0.050636 0.025858 0.017104 0.014202 0.013297 0.013031 0.012957 0.012937 0.012932 0.012931 0.012931 0.012931 0.012931 0.012931 0.012931 0.012931 0.012931 0.012931 0.012931 0.012931 0.012931 0.012931 0.012931 0.012931 0.012930 0.012930 0.012929 0.012926 0.012916 0.012891 0.012828 0.012683 0.012375 0.011778 0.010722 0.009033 0.006610 0.003511 0.000000 
50.000000 37.502566 26.230337 17.049422 10.282512 5.755474 2.996857 1.459761 0.673471 0.302724 0.140960 0.075402 0.050636 0.041886 0.038985 0.038080 0.037814 0.037740 0.037721 0.037716 0.037715 0.037714 0.037714 0.037714 0.037714 0.037714 0.037714 0.037714 0.037714 0.037714 0.037714 0.037714 0.037714 0.037714 0.037714 0.037714 0.037713 0.037710 0.037701 0.037674 0.037604 0.037427 0.037018 0.036146 0.034439 0.031399 0.026504 0.019431 0.010336 0.000000 
50.000000 37.519044 26.261664 17.092822 10.334788 5.813669 3.058643 1.523540 0.738264 0.367993 0.206435 0.140960 0.116225 0.107486 0.104589 0.103686 0.103420 0.103346 0.103326 0.103321 0.103320 0.103320 0.103320 0.103320 0.103320 0.103320 0.103320 0.103320 0.103320 0.103320 0.103320 0.103320 0.103320 0.103320 0.103319 0.103319 0.103316 0.103309 0.103285 0.103217 0.103034 0.102574 0.101500 0.099191 0.094637 0.086452 0.073148 0.053760 0.028651 0.000000 
50.000000 37.559674 26.338914 17.199855 10.463726 5.957222 3.211074 1.680898 0.898132 0.529039 0.367993 0.302724 0.278067 0.269355 0.266467 0.265566 0.265301 0.265228 0.265208 0.265203 0.265202 0.265202 0.265202 0.265202 0.265202 0.265202 0.265202 0.265202 0.265202 0.265202 0.265202 0.265202 0.265202 0.265202 0.265201 0.265200 0.265194 0.265176 0.265120 0.264959 0.264520 0.263408 0.260796 0.255126 0.243825 0.223285 0.189509 0.139730 0.074662 0.000000 
50.000000 37.652732 26.515857 17.445041 10.759127 6.286143 3.560367 2.041510 1.264514 0.898132 0.738264 0.673471 0.648993 0.640344 0.637476 0.636582 0.636319 0.636246 0.636226 0.636222 0.636220 0.636220 0.636220 0.636220 0.636220 0.636220 0.636220 0.636220 0.636220 0.636220 0.636220 0.636220 0.636220 0.636220 0.636219 0.636215 0.636204 0.636165 0.636044 0.635690 0.634724 0.632257 0.626403 0.613554 0.587621 0.539817 0.460027 0.340683 0.182693 0.000000 
50.000000 37.849966 26.890910 17.964794 11.385395 6.983551 4.301040 2.806233 2.041510 1.680898 1.523540 1.459761 1.435665 1.427150 1.424327 1.423447 1.423188 1.423115 1.423096 1.423092 1.423091 1.423090 1.423090 1.423090 1.423090 1.423090 1.423090 1.423090 1.423090 1.423090 1.423090 1.423090 1.423090 1.423090 1.423088 1.423081 1.423058 1.422982 1.422743 1.422040 1.420102 1.415107 1.403117 1.376446 1.321773 1.219204 1.044665 0.778393 0.419604 0.000000 
50.000000 38.235312 27.623711 18.980408 12.609266 8.346579 5.748743 4.301040 3.560367 3.211074 3.058643 2.996857 2.973511 2.965261 2.962526 2.961673 2.961422 2.961352 2.961333 2.961329 2.961328 2.961327 2.961327 2.961327 2.961327 2.961327 2.961327 2.961327 2.961327 2.961327 2.961327 2.961327 2.961327 2.961326 2.961323 2.961312 2.961271 2.961136 2.960711 2.959452 2.955948 2.946813 2.924594 2.874371 2.769442 2.568161 2.216898 1.666369 0.905439 0.000000 
50.000000 38.926530 28.938252 20.802419 14.805089 10.792286 8.346579 6.983551 6.286143 5.957222 5.813669 5.755474 5.733484 5.725712 5.723135 5.722331 5.722094 5.722028 5.722011 5.722006 5.722005 5.722005 5.722005 5.722005 5.722005 5.722005 5.722005 5.722005 5.722005 5.722005 5.722005 5.722005 5.722004 5.722003 5.721998 5.721981 5.721917 5.721706 5.721035 5.719031 5.713397 5.698522 5.661778 5.577137 5.396143 5.039050 4.394794 3.346486 1.841657 0.000000 
50.000000 40.060341 31.094606 23.791424 18.407616 14.805089 12.609266 11.385395 10.759127 10.463726 10.334788 10.282512 10.262755 10.255772 10.253456 10.252733 10.252521 10.252461 10.252446 10.252442 10.252441 10.252441 10.252440 10.252440 10.252440 10.252440 10.252440 10.252440 10.252440 10.252440 10.252440 10.252440 10.252440 10.252438 10.252432 10.252408 10.252322 10.252033 10.251112 10.248336 10.240441 10.219310 10.166192 10.041106 9.766039 9.203808 8.143735 6.324938 3.557295 0.000000 
50.000000 41.754494 34.316780 28.258060 23.791424 20.802419 18.980408 17.964794 17.445041 17.199855 17.092822 17.049422 17.033018 17.027219 17.025295 17.024695 17.024518 17.024469 17.024456 17.024453 17.024452 17.024452 17.024452 17.024452 17.024452 17.024452 17.024452 17.024452 17.024452 17.024452 17.024452 17.024452 17.024451 17.024449 17.024442 17.024414 17.024317 17.023985 17.022918 17.019674 17.010346 16.985014 16.920129 16.763510 16.407625 15.647690 14.129030 11.318054 6.622929 0.000000 
50.000000 44.052336 38.687268 34.316780 31.094606 28.938252 27.623711 26.890910 26.515857 26.338914 26.261664 26.230337 26.218495 26.214308 26.212919 26.212485 26.212358 26.212322 26.212313 26.212311 26.212310 26.212310 26.212310 26.212310 26.212310 26.212310 26.212310 26.212310 26.212310 26.212310 26.212310 26.212310 26.212309 26.212308 26.212301 26.212276 26.212187 26.211885 26.210906 26.207905 26.199184 26.175174 26.112517 25.957342 25.591766 24.769669 22.998726 19.343634 12.220056 0.000000 
50.000000 46.873034 44.052336 41.754494 40.060341 38.926530 38.235312 37.849966 37.652732 37.559674 37.519044 37.502566 37.496337 37.494134 37.493403 37.493175 37.493108 37.493089 37.493084 37.493083 37.493083 37.493083 37.493083 37.493083 37.493083 37.493083 37.493083 37.493083 37.493083 37.493083 37.493083 37.493083 37.493082 37.493081 37.493077 37.493062 37.493009 37.492825 37.492230 37.490393 37.485012 37.470039 37.430363 37.329873 37.084873 36.503046 35.131565 31.832280 23.436517 0.000000 
50.000000 50.000000 50.000000 50.000000 50.000000 50.000000 50.000000 50.000000 50.000000 50.000000 50.000000 50.000000 50.000000 50.000000 50.000000 50.000000 50.000000 50.000000 50.000000 50.000000 50.000000 50.000000 50.000000 50.000000 50.000000 50.000000 50.000000 50.000000 50.000000 50.000000 50.000000 50.000000 50.000000 50.000000 50.000000 50.000000 50.000000 50.000000 50.000000 50.000000 50.000000 50.000000 50.000000 50.000000 50.000000 50.000000 50.000000 50.000000 50.000000 50.000000 
