50.000000 50.000000 50.000000 50.000000 50.000000 50.000000 50.000000 50.000000 50.000000 50.000000 50.000000 50.000000 50.000000 50.000000 50.000000 50.000000 50.000000 50.000000 50.000000 50.000000 50.000000 50.000000 50.000000 50.000000 50.000000 50.000000 50.000000 50.000000 50.000000 50.000000 50.000000 50.000000 50.000000 50.000000 50.000000 50.000000 50.000000 50.000000 50.000000 50.000000 50.000000 50.000000 50.000000 50.000000 50.000000 50.000000 50.000000 50.000000 50.000000 50.000000 
50.000000 48.968968 47.971308 47.037152 46.190681 45.448337 44.818167 44.300272 43.888133 43.570476 43.333284 43.161659 43.041284 42.959419 42.905416 42.870851 42.849376 42.836421 42.828829 42.824506 42.822113 42.820824 42.820149 42.819804 42.819631 42.819543 42.819494 42.819452 42.819394 42.819287 42.819074 42.818652 42.817831 42.816266 42.813346 42.808010 42.798452 42.781648 42.752612 42.703199 42.620157 42.481816 42.252165 41.869445 41.222168 40.093432 38.016831 33.859948 24.484484 0.000000 
50.000000 47.971308 46.008279 44.170204 42.504663 41.044007 39.804070 38.785050 37.974120 37.349094 36.882396 36.544707 36.307858 36.146782 36.040527 35.972518 35.930265 35.904776 35.889839 35.881333 35.876624 35.874088 35.872760 35.872081 35.871741 35.871569 35.871472 35.871393 35.871283 35.871080 35.870678 35.869884 35.868339 35.865400 35.859924 35.849939 35.832094 35.800819 35.746989 35.655856 35.503757 35.252794 34.841905 34.171183 33.073131 31.258028 28.209845 23.004139 14.111360 0.000000 
50.000000 47.037152 44.170204 41.485751 39.053283 36.920048 35.109170 33.620937 32.436615 31.523801 30.842218 30.349047 30.003149 29.767911 29.612737 29.513417 29.451712 29.414488 29.392675 29.380253 29.373376 29.369674 29.367734 29.366743 29.366246 29.365997 29.365857 29.365745 29.365594 29.365317 29.364771 29.363693 29.361600 29.357627 29.350245 29.336825 29.312933 29.271259 29.199963 29.080189 28.882306 28.560209 28.042585 27.219448 25.921514 23.890345 20.742876 15.960359 9.020321 0.000000 
50.000000 46.190681 42.504663 39.053283 35.925885 33.183216 30.855005 28.941621 27.418976 26.245406 25.369127 24.735085 24.290387 23.987960 23.788466 23.660780 23.581454 23.533599 23.505557 23.489589 23.480749 23.475989 23.473495 23.472221 23.471584 23.471264 23.471088 23.470952 23.470773 23.470449 23.469814 23.468563 23.466142 23.461558 23.453070 23.437700 23.410474 23.363269 23.283113 23.149718 22.931969 22.583014 22.033577 21.183244 19.890259 17.962942 15.162938 11.246634 6.097249 0.000000 
50.000000 45.448337 41.044007 36.920048 33.183216 29.906096 27.124210 24.837996 23.018670 21.616444 20.569440 19.811875 19.280547 18.919208 18.680856 18.528301 18.433525 18.376352 18.342849 18.323771 18.313210 18.307524 18.304545 18.303023 18.302263 18.301883 18.301677 18.301524 18.301331 18.300990 18.300322 18.299013 18.296488 18.291722 18.282933 18.267094 18.239194 18.191151 18.110253 17.977006 17.762271 17.423635 16.901156 16.113063 14.953048 13.292957 10.998534 7.970876 4.226168 0.000000 
50.000000 44.818167 39.804070 35.109170 30.855005 27.124210 23.957224 21.354541 19.283388 17.687082 16.495175 15.632771 15.027920 14.616585 14.345258 14.171598 14.063713 13.998632 13.960496 13.938781 13.926759 13.920287 13.916896 13.915165 13.914301 13.913871 13.913642 13.913480 13.913286 13.912952 13.912304 13.911037 13.908603 13.904027 13.895624 13.880559 13.854185 13.809101 13.733849 13.611204 13.416074 13.113124 12.654520 11.978612 11.011147 9.671761 7.889722 5.632887 2.948722 0.000000 
50.000000 44.300272 38.785050 33.620937 28.941621 24.837996 21.354541 18.491796 16.213708 14.457924 13.146952 12.198408 11.533149 11.080739 10.782321 10.591325 10.472670 10.401095 10.359154 10.335272 10.322051 10.314934 10.311205 10.309302 10.308353 10.307883 10.307637 10.307472 10.307288 10.306980 10.306389 10.305241 10.303043 10.298928 10.291406 10.277995 10.254664 10.215077 10.149577 10.043930 9.877900 9.623867 9.245898 8.700021 7.936840 6.908044 5.578352 3.943145 2.048107 0.000000 
50.000000 43.888133 37.974120 32.436615 27.418976 23.018670 19.283388 16.213708 13.770964 11.888291 10.482588 9.465513 8.752196 8.267111 7.947143 7.742357 7.615138 7.538397 7.493429 7.467825 7.453651 7.446021 7.442023 7.439984 7.438967 7.438466 7.438209 7.438046 7.437878 7.437608 7.437099 7.436116 7.434240 7.430744 7.424386 7.413109 7.393616 7.360783 7.306919 7.220897 7.087255 6.885482 6.589841 6.170265 5.595035 4.835962 3.876407 2.721326 1.406318 0.000000 
50.000000 43.570476 37.349094 31.523801 26.245406 21.616444 17.687082 14.457924 11.888291 9.907836 8.429136 7.359256 6.608913 6.098652 5.762083 5.546675 5.412858 5.332139 5.284841 5.257910 5.243002 5.234976 5.230772 5.228628 5.227560 5.227036 5.226771 5.226613 5.226464 5.226238 5.225821 5.225020 5.223499 5.220677 5.215568 5.206558 5.191078 5.165189 5.123059 5.056396 4.953918 4.801036 4.580024 4.271008 3.854173 3.313437 2.641495 1.845338 0.950319 0.000000 
50.000000 43.333284 36.882396 30.842218 25.369127 20.569440 16.495175 13.146952 10.482588 8.429136 6.895946 5.786650 5.008669 4.479621 4.130662 3.907327 3.768588 3.684900 3.635863 3.607943 3.592487 3.584167 3.579809 3.577586 3.576480 3.575939 3.575671 3.575518 3.575389 3.575207 3.574880 3.574257 3.573080 3.570905 3.566988 3.560114 3.548376 3.528876 3.497382 3.447973 3.372740 3.261691 3.103022 2.883971 2.592434 2.219409 1.762029 1.226540 0.630085 0.000000 
50.000000 43.161659 36.544707 30.349047 24.735085 19.811875 15.632771 12.198408 9.465513 7.359256 5.786650 4.648843 3.850874 3.308238 2.950319 2.721253 2.578955 2.493120 2.442827 2.414191 2.398340 2.389807 2.385338 2.383059 2.381925 2.381373 2.381102 2.380956 2.380845 2.380702 2.380455 2.379991 2.379119 2.377514 2.374637 2.369614 2.361085 2.347004 2.324421 2.289267 2.236197 2.158594 2.048832 1.898923 1.701622 1.451972 1.149084 0.797717 0.409047 0.000000 
50.000000 43.041284 36.307858 30.003149 24.290387 19.280547 15.027920 11.533149 8.752196 6.608913 5.008669 3.850874 3.038893 2.486731 2.122533 1.889449 1.744657 1.657319 1.606145 1.577008 1.560880 1.552198 1.547651 1.545332 1.544180 1.543619 1.543348 1.543207 1.543111 1.543002 1.542823 1.542490 1.541869 1.540732 1.538703 1.535177 1.529221 1.519446 1.503871 1.479794 1.443724 1.391414 1.318073 1.218819 1.089396 0.927118 0.731890 0.507040 0.259636 0.000000 
50.000000 42.959419 36.146782 29.767911 23.987960 18.919208 14.616585 11.080739 8.267111 6.098652 4.479621 3.308238 2.486731 1.928095 1.559629 1.323816 1.177329 1.088969 1.037198 1.007720 0.991404 0.982620 0.978020 0.975675 0.974510 0.973944 0.973672 0.973536 0.973453 0.973370 0.973243 0.973013 0.972588 0.971813 0.970435 0.968053 0.964048 0.957510 0.947153 0.931245 0.907575 0.873495 0.826076 0.762400 0.680015 0.577486 0.454978 0.314688 0.160967 0.000000 
50.000000 42.905416 36.040527 29.612737 23.788467 18.680856 14.345258 10.782321 7.947143 5.762083 4.130662 2.950319 2.122533 1.559629 1.188350 0.950738 0.803134 0.714101 0.661935 0.632233 0.615793 0.606943 0.602308 0.599945 0.598772 0.598203 0.597931 0.597799 0.597725 0.597661 0.597574 0.597420 0.597139 0.596630 0.595728 0.594175 0.591577 0.587356 0.580705 0.570548 0.555525 0.534034 0.504326 0.464699 0.413763 0.350766 0.275913 0.190589 0.097406 0.000000 
50.000000 42.870851 35.972518 29.513417 23.660781 18.528301 14.171598 10.591325 7.742357 5.546675 3.907327 2.721253 1.889449 1.323816 0.950738 0.711975 0.563657 0.474194 0.421776 0.391931 0.375411 0.366519 0.361861 0.359487 0.358308 0.357737 0.357466 0.357337 0.357269 0.357220 0.357160 0.357060 0.356881 0.356558 0.355988 0.355010 0.353381 0.350747 0.346616 0.340339 0.331107 0.317972 0.299919 0.275975 0.245368 0.207711 0.163172 0.112593 0.057505 0.000000 
50.000000 42.849376 35.930265 29.451712 23.581454 18.433525 14.063713 10.472671 7.615138 5.412859 3.768588 2.578955 1.744657 1.177329 0.803134 0.563657 0.414896 0.325166 0.272591 0.242657 0.226089 0.217170 0.212499 0.210118 0.208935 0.208363 0.208092 0.207965 0.207902 0.207862 0.207821 0.207758 0.207647 0.207448 0.207100 0.206505 0.205517 0.203925 0.201441 0.197683 0.192182 0.184394 0.173744 0.159687 0.141803 0.119896 0.094085 0.064866 0.033110 0.000000 
50.000000 42.836421 35.904776 29.414488 23.533600 18.376352 13.998633 10.401096 7.538398 5.332140 3.684901 2.493122 1.657320 1.088971 0.714102 0.474195 0.325166 0.235275 0.182607 0.152620 0.136021 0.127086 0.122407 0.120022 0.118838 0.118265 0.117994 0.117868 0.117808 0.117774 0.117746 0.117706 0.117639 0.117521 0.117315 0.116964 0.116384 0.115452 0.114004 0.111822 0.108641 0.104158 0.098053 0.090031 0.079865 0.067459 0.052889 0.036437 0.018591 0.000000 
50.000000 42.828830 35.889840 29.392676 23.505559 18.342851 13.960498 10.359156 7.493432 5.284844 3.635866 2.442830 1.606148 1.037200 0.661938 0.421778 0.272594 0.182609 0.129885 0.099867 0.083251 0.074307 0.069623 0.067235 0.066050 0.065476 0.065206 0.065081 0.065022 0.064993 0.064972 0.064947 0.064908 0.064840 0.064721 0.064521 0.064190 0.063661 0.062842 0.061612 0.059826 0.057319 0.053917 0.049463 0.043839 0.036998 0.028985 0.019957 0.010178 0.000000 
50.000000 42.824507 35.881335 29.380256 23.489593 18.323776 13.938786 10.335277 7.467831 5.257916 3.607949 2.414198 1.577015 1.007727 0.632240 0.391938 0.242664 0.152626 0.099871 0.069834 0.053209 0.044259 0.039572 0.037183 0.035997 0.035424 0.035153 0.035029 0.034972 0.034944 0.034928 0.034912 0.034890 0.034851 0.034785 0.034674 0.034491 0.034200 0.033750 0.033076 0.032102 0.030738 0.028894 0.026488 0.023458 0.019783 0.015488 0.010659 0.005434 0.000000 
50.000000 42.822115 35.876629 29.373384 23.480758 18.313222 13.926772 10.322066 7.453666 5.243018 3.592504 2.398357 1.560897 0.991421 0.615810 0.375428 0.226106 0.136038 0.083266 0.053219 0.036588 0.027636 0.022948 0.020558 0.019371 0.018798 0.018527 0.018403 0.018346 0.018321 0.018307 0.018296 0.018283 0.018262 0.018226 0.018166 0.018068 0.017912 0.017672 0.017313 0.016796 0.016074 0.015100 0.013834 0.012243 0.010319 0.008074 0.005554 0.002831 0.000000 
50.000000 42.820830 35.874101 29.369692 23.476012 18.307551 13.920318 10.314968 7.446057 5.235015 3.584207 2.389848 1.552239 0.982662 0.606985 0.366560 0.217211 0.127127 0.074346 0.044294 0.027660 0.018706 0.014017 0.011627 0.010440 0.009867 0.009596 0.009472 0.009416 0.009391 0.009379 0.009371 0.009363 0.009352 0.009333 0.009301 0.009250 0.009168 0.009043 0.008857 0.008589 0.008216 0.007714 0.007063 0.006248 0.005262 0.004116 0.002830 0.001442 0.000000 
50.000000 42.820163 35.872788 29.367776 23.473549 18.304609 13.916969 10.311285 7.442108 5.230861 3.579901 2.385432 1.547746 0.978116 0.602405 0.361958 0.212596 0.122503 0.069717 0.039663 0.023027 0.014073 0.009383 0.006992 0.005806 0.005232 0.004962 0.004838 0.004782 0.004757 0.004746 0.004740 0.004735 0.004729 0.004719 0.004702 0.004676 0.004634 0.004569 0.004474 0.004337 0.004147 0.003892 0.003561 0.003149 0.002651 0.002072 0.001424 0.000726 0.000000 
50.000000 42.819837 35.872147 29.366838 23.472344 18.303169 13.915331 10.309483 7.440177 5.228830 3.577795 2.383272 1.545548 0.975893 0.600165 0.359707 0.210338 0.120242 0.067453 0.037398 0.020762 0.011807 0.007117 0.004726 0.003539 0.002966 0.002695 0.002571 0.002515 0.002491 0.002480 0.002475 0.002471 0.002468 0.002462 0.002453 0.002439 0.002417 0.002383 0.002333 0.002260 0.002160 0.002027 0.001854 0.001638 0.001378 0.001077 0.000740 0.000377 0.000000 
50.000000 42.819705 35.871887 29.366459 23.471857 18.302587 13.914668 10.308754 7.439396 5.228008 3.576943 2.382399 1.544660 0.974994 0.599259 0.358798 0.209426 0.119328 0.066538 0.036482 0.019846 0.010890 0.006200 0.003810 0.002623 0.002049 0.001779 0.001655 0.001599 0.001575 0.001564 0.001559 0.001556 0.001554 0.001550 0.001544 0.001535 0.001521 0.001499 0.001467 0.001422 0.001358 0.001274 0.001164 0.001029 0.000865 0.000676 0.000464 0.000236 0.000000 
50.000000 42.819705 35.871887 29.366459 23.471857 18.302587 13.914668 10.308754 7.439396 5.228008 3.576943 2.382399 1.544660 0.974994 0.599259 0.358798 0.209426 0.119328 0.066538 0.036482 0.019846 0.010890 0.006200 0.003810 0.002623 0.002049 0.001779 0.001655 0.001599 0.001575 0.001564 0.001559 0.001556 0.001554 0.001550 0.001544 0.001535 0.001521 0.001499 0.001467 0.001422 0.001358 0.001274 0.001164 0.001029 0.000865 0.000676 0.000464 0.000236 0.000000 
50.000000 42.819837 35.872147 29.366838 23.472344 18.303169 13.915331 10.309483 7.440177 5.228830 3.577795 2.383272 1.545548 0.975893 0.600165 0.359707 0.210338 0.120242 0.067453 0.037398 0.020762 0.011807 0.007117 0.004726 0.003539 0.002966 0.002695 0.002571 0.002515 0.002491 0.002480 0.002475 0.002471 0.002468 0.002462 0.002453 0.002439 0.002417 0.002383 0.002333 0.002260 0.002160 0.002027 0.001854 0.001638 0.001378 0.001077 0.000740 0.000377 0.000000 
50.000000 42.820163 35.872788 29.367776 23.473549 18.304609 13.916969 10.311285 7.442108 5.230861 3.579901 2.385432 1.547746 0.978116 0.602405 0.361958 0.212596 0.122503 0.069717 0.039663 0.023027 0.014073 0.009383 0.006992 0.005806 0.005232 0.004962 0.004838 0.004782 0.004757 0.004746 0.004740 0.004735 0.004729 0.004719 0.004702 0.004676 0.004634 0.004569 0.004474 0.004337 0.004147 0.003892 0.003561 0.003149 0.002651 0.002072 0.001424 0.000726 0.000000 
50.000000 42.820830 35.874101 29.369692 23.476012 18.307551 13.920318 10.314968 7.446057 5.235015 3.584207 2.389848 1.552239 0.982662 0.606985 0.366560 0.217211 0.127127 0.074346 0.044294 0.027660 0.018706 0.014017 0.011627 0.010440 0.009867 0.009596 0.009472 0.009416 0.009391 0.009379 0.009371 0.009363 0.009352 0.009333 0.009301 0.009250 0.009168 0.009043 0.008857 0.008589 0.008216 0.007714 0.007063 0.006248 0.005262 0.004116 0.002830 0.001442 0.000000 
50.000000 42.822115 35.876629 29.373384 23.480758 18.313222 13.926772 10.322066 7.453666 5.243018 3.592504 2.398357 1.560897 0.991421 0.615810 0.375428 0.226106 0.136038 0.083266 0.053219 0.036588 0.027636 0.022948 0.020558 0.019371 0.018798 0.018527 0.018403 0.018346 0.018321 0.018307 0.018296 0.018283 0.018262 0.018226 0.018166 0.018068 0.017912 0.017672 0.017313 0.016796 0.016074 0.015100 0.013834 0.012243 0.010319 0.008074 0.005554 0.002831 0.000000 
50.000000 42.824507 35.881335 29.380256 23.489593 18.323776 13.938786 10.335277 7.467831 5.257916 3.607949 2.414198 1.577015 1.007727 0.632240 0.391938 0.242664 0.152626 0.099871 0.069834 0.053209 0.044259 0.039572 0.037183 0.035997 0.035424 0.035153 0.035029 0.034972 0.034944 0.034928 0.034912 0.034890 0.034851 0.034785 0.034674 0.034491 0.034200 0.033750 0.033076 0.032102 0.030738 0.028894 0.026488 0.023458 0.019783 0.015488 0.010659 0.005434 0.000000 
50.000000 42.828830 35.889840 29.392676 23.505559 18.342851 13.960498 10.359156 7.493432 5.284844 3.635866 2.442830 1.606148 1.037200 0.661938 0.421778 0.272594 0.182609 0.129885 0.099867 0.083251 0.074307 0.069623 0.067235 0.066050 0.065476 0.065206 0.065081 0.065022 0.064993 0.064972 0.064947 0.064908 0.064840 0.064721 0.064521 0.064190 0.063661 0.062842 0.061612 0.059826 0.057319 0.053917 0.049463 0.043839 0.036998 0.028985 0.019957 0.010178 0.000000 
50.000000 42.836421 35.904776 29.414488 23.533600 18.376352 13.998633 10.401096 7.538398 5.332140 3.684901 2.493122 1.657320 1.088971 0.714102 0.474195 0.325166 0.235275 0.182607 0.152620 0.136021 0.127086 0.122407 0.120022 0.118838 0.118265 0.117994 0.117868 0.117808 0.117774 0.117746 0.117706 0.117639 0.117521 0.117315 0.116964 0.116384 0.115452 0.114004 0.111822 0.108641 0.104158 0.098053 0.090031 0.079865 0.067459 0.052889 0.036437 0.018591 0.000000 
50.000000 42.849376 35.930265 29.451712 23.581454 18.433525 14.063713 10.472671 7.615138 5.412859 3.768588 2.578955 1.744657 1.177329 0.803134 0.563657 0.414896 0.325166 0.272591 0.242657 0.226089 0.217170 0.212499 0.210118 0.208935 0.208363 0.208092 0.207965 0.207902 0.207862 0.207821 0.207758 0.207647 0.207448 0.207100 0.206505 0.205517 0.203925 0.201441 0.197683 0.192182 0.184394 0.173744 0.159687 0.141803 0.119896 0.094085 0.064866 0.033110 0.000000 
50.000000 42.870851 35.972518 29.513417 23.660781 18.528301 14.171598 10.591325 7.742357 5.546675 3.907327 2.721253 1.889449 1.323816 0.950738 0.711975 0.563657 0.474194 0.421776 0.391931 0.375411 0.366519 0.361861 0.359487 0.358308 0.357737 0.357466 0.357337 0.357269 0.357220 0.357160 0.357060 0.356881 0.356558 0.355988 0.355010 0.353381 0.350747 0.346616 0.340339 0.331107 0.317972 0.299919 0.275975 0.245368 0.207711 0.163172 0.112593 0.057505 0.000000 
50.000000 42.905416 36.040527 29.612737 23.788467 18.680856 14.345258 10.782321 7.947143 5.762083 4.130662 2.950319 2.122533 1.559629 1.188350 0.950738 0.803134 0.714101 0.661935 0.632233 0.615793 0.606943 0.602308 0.599945 0.598772 0.598203 0.597931 0.597799 0.597725 0.597661 0.597574 0.597420 0.597139 0.596630 0.595728 0.594175 0.591577 0.587356 0.580705 0.570548 0.555525 0.534034 0.504326 0.464699 0.413763 0.350766 0.275913 0.190589 0.097406 0.000000 
50.000000 42.959419 36.146782 29.767911 23.987960 18.919208 14.616585 11.080739 8.267111 6.098652 4.479621 3.308238 2.486731 1.928095 1.559629 1.323816 1.177329 1.088969 1.037198 1.007720 0.991404 0.982620 0.978020 0.975675 0.974510 0.973944 0.973672 0.973536 0.973453 0.973370 0.973243 0.973013 0.972588 0.971813 0.970435 0.968053 0.964048 0.957510 0.947153 0.931245 0.907575 0.873495 0.826076 0.762400 0.680015 0.577486 0.454978 0.314688 0.160967 0.000000 
50.000000 43.041284 36.307858 30.003149 24.290387 19.280547 15.027920 11.533149 8.752196 6.608913 5.008669 3.850874 3.038893 2.486731 2.122533 1.889449 1.744657 1.657319 1.606145 1.577008 1.560880 1.552198 1.547651 1.545332 1.544180 1.543619 1.543348 1.543207 1.543111 1.543002 1.542823 1.542490 1.541869 1.540732 1.538703 1.535177 1.529221 1.519446 1.503871 1.479794 1.443724 1.391414 1.318073 1.218819 1.089396 0.927118 0.731890 0.507040 0.259636 0.000000 
50.000000 43.161659 36.544707 30.349047 24.735085 19.811875 15.632771 12.198408 9.465513 7.359256 5.786650 4.648843 3.850874 3.308238 2.950319 2.721253 2.578955 2.493120 2.442827 2.414191 2.398340 2.389807 2.385338 2.383059 2.381925 2.381373 2.381102 2.380956 2.380845 2.380702 2.380455 2.379991 2.379119 2.377514 2.374637 2.369614 2.361085 2.347004 2.324421 2.289267 2.236197 2.158594 2.048832 1.898923 1.701622 1.451972 1.149084 0.797717 0.409047 0.000000 
50.000000 43.333284 36.882396 30.842218 25.369127 20.569440 16.495175 13.146952 10.482588 8.429136 6.895946 5.786650 5.008669 4.479621 4.130662 3.907327 3.768588 3.684900 3.635863 3.607943 3.592487 3.584167 3.579809 3.577586 3.576480 3.575939 3.575671 3.575518 3.575389 3.575207 3.574880 3.574257 3.573080 3.570905 3.566988 3.560114 3.548376 3.528876 3.497382 3.447973 3.372740 3.261691 3.103022 2.883971 2.592434 2.219409 1.762029 1.226540 0.630085 0.000000 
50.000000 43.570476 37.349094 31.523801 26.245406 21.616444 17.687082 14.457924 11.888291 9.907836 8.429136 7.359256 6.608913 6.098652 5.762083 5.546675 5.412858 5.332139 5.284841 5.257910 5.243002 5.234976 5.230772 5.228628 5.227560 5.227036 5.226771 5.226613 5.226464 5.226238 5.225821 5.225020 5.223499 5.220677 5.215568 5.206558 5.191078 5.165189 5.123059 5.056396 4.953918 4.801036 4.580024 4.271008 3.854173 3.313437 2.641495 1.845338 0.950319 0.000000 
50.000000 43.888133 37.974120 32.436615 27.418976 23.018670 19.283388 16.213708 13.770964 11.888291 10.482588 9.465513 8.752196 8.267111 7.947143 7.742357 7.615138 7.538397 7.493429 7.467825 7.453651 7.446021 7.442023 7.439984 7.438967 7.438466 7.438209 7.438046 7.437878 7.437608 7.437099 7.436116 7.434240 7.430744 7.424386 7.413109 7.393616 7.360783 7.306919 7.220897 7.087255 6.885482 6.589841 6.170265 5.595035 4.835962 3.876407 2.721326 1.406318 0.000000 
50.000000 44.300272 38.785050 33.620937 28.941621 24.837996 21.354541 18.491796 16.213708 14.457924 13.146952 12.198408 11.533149 11.080739 10.782321 10.591325 10.472670 10.401095 10.359154 10.335272 10.322051 10.314934 10.311205 10.309302 10.308353 10.307883 10.307637 10.307472 10.307288 10.306980 10.306389 10.305241 10.303043 10.298928 10.291406 10.277995 10.254664 10.215077 10.149577 10.043930 9.877900 9.623867 9.245898 8.700021 7.936840 6.908044 5.578352 3.943145 2.048107 0.000000 
50.000000 44.818167 39.804070 35.109170 30.855005 27.124210 23.957224 21.354541 19.283388 17.687082 16.495175 15.632771 15.027920 14.616585 14.345258 14.171598 14.063713 13.998632 13.960496 13.938781 13.926759 13.920287 13.916896 13.915165 13.914301 13.913871 13.913642 13.913480 13.913286 13.912952 13.912304 13.911037 13.908603 13.904027 13.895624 13.880559 13.854185 13.809101 13.733849 13.611204 13.416074 13.113124 12.654520 11.978612 11.011147 9.671761 7.889722 5.632887 2.948722 0.000000 
50.000000 45.448337 41.044007 36.920048 33.183216 29.906096 27.124210 24.837996 23.018670 21.616444 20.569440 19.811875 19.280547 18.919208 18.680856 18.528301 18.433525 18.376352 18.342849 18.323771 18.313210 18.307524 18.304545 18.303023 18.302263 18.301883 18.301677 18.301524 18.301331 18.300990 18.300322 18.299013 18.296488 18.291722 18.282933 18.267094 18.239194 18.191151 18.110253 17.977006 17.762271 17.423635 16.901156 16.113063 14.953048 13.292957 10.998534 7.970876 4.226168 0.000000 
50.000000 46.190681 42.504663 39.053283 35.925885 33.183216 30.855005 28.941621 27.418976 26.245406 25.369127 24.735085 24.290387 23.987960 23.788466 23.660780 23.581454 23.533599 23.505557 23.489589 23.480749 23.475989 23.473495 23.472221 23.471584 23.471264 23.471088 23.470952 23.470773 23.470449 23.469814 23.468563 23.466142 23.461558 23.453070 23.437700 23.410474 23.363269 23.283113 23.149718 22.931969 22.583014 22.033577 21.183244 19.890259 17.962942 15.162938 11.246634 6.097249 0.000000 
50.000000 47.037152 44.170204 41.485751 39.053283 36.920048 35.109170 33.620937 32.436615 31.523801 30.842218 30.349047 30.003149 29.767911 29.612737 29.513417 29.451712 29.414488 29.392675 29.380253 29.373376 29.369674 29.367734 29.366743 29.366246 29.365997 29.365857 29.365745 29.365594 29.365317 29.364771 29.363693 29.361600 29.357627 29.350245 29.336825 29.312933 29.271259 29.199963 29.080189 28.882306 28.560209 28.042585 27.219448 25.921514 23.890345 20.742876 15.960359 9.020321 0.000000 
50.000000 47.971308 46.008279 44.170204 42.504663 41.044007 39.804070 38.785050 37.974120 37.349094 36.882396 36.544707 36.307858 36.146782 36.040527 35.972518 35.930265 35.904776 35.889839 35.881333 35.876624 35.874088 35.872760 35.872081 35.871741 35.871569 35.871472 35.871393 35.871283 35.871080 35.870678 35.869884 35.868339 35.865400 35.859924 35.849939 35.832094 35.800819 35.746989 35.655856 35.503757 35.252794 34.841905 34.171183 33.073131 31.258028 28.209845 23.004139 14.111360 0.000000 
50.000000 48.968968 47.971308 47.037152 46.190681 45.448337 44.818167 44.300272 43.888133 43.570476 43.333284 43.161659 43.041284 42.959419 42.905416 42.870851 42.849376 42.836421 42.828829 42.824506 42.822113 42.820824 42.820149 42.819804 42.819631 42.819543 42.819494 42.819452 42.819394 42.819287 42.819074 42.818652 42.817831 42.816266 42.813346 42.808010 42.798452 42.781648 42.752612 42.703199 42.620157 42.481816 42.252165 41.869445 41.222168 40.093432 38.016831 33.859948 24.484484 0.000000 
50.000000 50.000000 50.000000 50.000000 50.000000 50.000000 50.000000 50.000000 50.000000 50.000000 50.000000 50.000000 50.000000 50.000000 50.000000 50.000000 50.000000 50.000000 50.000000 50.000000 50.000000 50.000000 50.000000 50.000000 50.000000 50.000000 50.000000 50.000000 50.000000 50.000000 50.000000 50.000000 50.000000 50.000000 50.000000 50.000000 50.000000 50.000000 50.000000 50.000000 50.000000 50.000000 50.000000 50.000000 50.000000 50.000000 50.000000 50.000000 50.000000 50.000000 
