50.000000 50.000000 50.000000 50.000000 50.000000 50.000000 50.000000 50.000000 50.000000 50.000000 50.000000 50.000000 50.000000 50.000000 50.000000 50.000000 50.000000 50.000000 50.000000 50.000000 50.000000 50.000000 50.000000 50.000000 50.000000 50.000000 50.000000 50.000000 50.000000 50.000000 50.000000 50.000000 50.000000 50.000000 50.000000 50.000000 50.000000 50.000000 50.000000 50.000000 50.000000 50.000000 50.000000 50.000000 50.000000 50.000000 50.000000 50.000000 50.000000 50.000000 
50.000000 47.241276 44.721046 42.616126 41.006485 39.877181 39.148452 38.714727 38.475917 38.353900 38.295871 38.270106 38.259394 38.255212 38.253676 38.253143 38.252968 38.252913 38.252897 38.252893 38.252892 38.252891 38.252891 38.252891 38.252891 38.252891 38.252891 38.252891 38.252891 38.252891 38.252891 38.252891 38.252890 38.252887 38.252876 38.252838 38.252716 38.252337 38.251218 38.248068 38.239607 38.217896 38.164533 38.038313 37.748711 37.095844 35.620762 32.183561 23.620638 0.000000 
50.000000 44.721046 39.898496 35.870715 32.790718 30.629888 29.235571 28.405735 27.948842 27.715411 27.604400 27.555114 27.534624 27.526626 27.523687 27.522668 27.522333 27.522229 27.522199 27.522190 27.522188 27.522187 27.522187 27.522187 27.522187 27.522187 27.522187 27.522187 27.522187 27.522187 27.522187 27.522186 27.522185 27.522180 27.522161 27.522097 27.521889 27.521250 27.519369 27.514106 27.500076 27.464452 27.378203 27.178676 26.736213 25.791651 23.842106 19.949248 12.537485 0.000000 
50.000000 42.616126 35.870715 30.237085 25.929247 22.907124 20.957138 19.796655 19.157756 18.831358 18.676149 18.607243 18.578601 18.567421 18.563313 18.561889 18.561421 18.561276 18.561233 18.561221 18.561218 18.561217 18.561217 18.561217 18.561217 18.561217 18.561217 18.561217 18.561217 18.561217 18.561216 18.561216 18.561214 18.561208 18.561186 18.561113 18.560876 18.560149 18.558026 18.552129 18.536574 18.497622 18.405066 18.196422 17.750342 16.846739 15.118543 12.028610 6.995364 0.000000 
50.000000 41.006485 32.790718 25.929247 20.682714 17.002234 14.627587 13.214474 12.436547 12.039156 11.850204 11.766327 11.731464 11.717858 11.712860 11.711126 11.710558 11.710381 11.710328 11.710314 11.710310 11.710309 11.710309 11.710309 11.710309 11.710308 11.710308 11.710308 11.710308 11.710308 11.710308 11.710308 11.710306 11.710301 11.710281 11.710213 11.709996 11.709332 11.707410 11.702118 11.688319 11.654273 11.574914 11.400486 11.039868 10.341357 9.082508 6.999066 3.910641 0.000000 
50.000000 39.877181 30.629888 22.907124 17.002234 12.860112 10.187768 8.597607 7.722281 7.275172 7.062599 6.968245 6.929032 6.913730 6.908108 6.906159 6.905520 6.905321 6.905262 6.905246 6.905241 6.905240 6.905240 6.905240 6.905240 6.905240 6.905240 6.905240 6.905240 6.905240 6.905240 6.905239 6.905238 6.905234 6.905218 6.905164 6.904995 6.904479 6.902996 6.898953 6.888530 6.863180 6.805147 6.680471 6.430056 5.962366 5.156783 3.893675 2.128470 0.000000 
50.000000 39.148452 29.235571 20.957138 14.627587 10.187768 7.323510 5.619254 4.681187 4.202065 3.974290 3.873197 3.831187 3.814795 3.808773 3.806686 3.806001 3.805788 3.805726 3.805708 3.805703 3.805702 3.805702 3.805701 3.805701 3.805701 3.805701 3.805701 3.805701 3.805701 3.805701 3.805701 3.805700 3.805697 3.805686 3.805649 3.805533 3.805182 3.804178 3.801465 3.794546 3.777941 3.740536 3.661755 3.507297 3.227101 2.760716 2.056895 1.110139 0.000000 
50.000000 38.714727 28.405735 19.796655 13.214474 8.597607 5.619254 3.847197 2.871862 2.373735 2.136940 2.031851 1.988183 1.971145 1.964887 1.962718 1.962006 1.961785 1.961720 1.961701 1.961697 1.961695 1.961695 1.961695 1.961695 1.961695 1.961695 1.961695 1.961695 1.961695 1.961695 1.961695 1.961694 1.961692 1.961685 1.961663 1.961591 1.961377 1.960769 1.959140 1.955027 1.945269 1.923598 1.878718 1.792460 1.639560 1.391589 1.027531 0.550194 0.000000 
50.000000 38.475917 27.948842 19.157756 12.436547 7.722281 4.681187 2.871862 1.876053 1.367491 1.125748 1.018467 0.973890 0.956499 0.950112 0.947898 0.947172 0.946946 0.946879 0.946861 0.946856 0.946854 0.946854 0.946854 0.946854 0.946854 0.946854 0.946854 0.946854 0.946854 0.946854 0.946854 0.946853 0.946852 0.946849 0.946836 0.946796 0.946678 0.946345 0.945458 0.943238 0.938027 0.926593 0.903246 0.859101 0.782274 0.660134 0.484390 0.258021 0.000000 
50.000000 38.353900 27.715411 18.831358 12.039156 7.275172 4.202065 2.373735 1.367491 0.853615 0.609352 0.500956 0.455918 0.438348 0.431895 0.429658 0.428924 0.428696 0.428629 0.428610 0.428605 0.428604 0.428603 0.428603 0.428603 0.428603 0.428603 0.428603 0.428603 0.428603 0.428603 0.428603 0.428603 0.428602 0.428600 0.428594 0.428574 0.428514 0.428347 0.427905 0.426807 0.424253 0.418708 0.407519 0.386641 0.350837 0.294784 0.215335 0.114293 0.000000 
50.000000 38.295871 27.604400 18.676149 11.850204 7.062599 3.974290 2.136940 1.125748 0.609352 0.363895 0.254973 0.209716 0.192061 0.185577 0.183329 0.182592 0.182363 0.182295 0.182276 0.182271 0.182270 0.182269 0.182269 0.182269 0.182269 0.182269 0.182269 0.182269 0.182269 0.182269 0.182269 0.182269 0.182269 0.182268 0.182265 0.182256 0.182228 0.182151 0.181948 0.181447 0.180290 0.177800 0.172826 0.163646 0.148086 0.124020 0.090295 0.047803 0.000000 
50.000000 38.270106 27.555114 18.607243 11.766327 6.968245 3.873197 2.031851 1.018467 0.500956 0.254973 0.145817 0.100464 0.082771 0.076273 0.074021 0.073283 0.073053 0.072985 0.072966 0.072961 0.072960 0.072959 0.072959 0.072959 0.072959 0.072959 0.072959 0.072959 0.072959 0.072959 0.072959 0.072959 0.072959 0.072959 0.072958 0.072953 0.072942 0.072908 0.072822 0.072609 0.072122 0.071082 0.069020 0.065249 0.058918 0.049218 0.035744 0.018888 0.000000 
50.000000 38.259394 27.534624 18.578601 11.731464 6.929032 3.831187 1.988183 0.973890 0.455918 0.209716 0.100464 0.055071 0.037363 0.030860 0.028606 0.027866 0.027637 0.027569 0.027550 0.027545 0.027543 0.027543 0.027543 0.027543 0.027543 0.027543 0.027543 0.027543 0.027543 0.027543 0.027543 0.027543 0.027543 0.027543 0.027542 0.027540 0.027536 0.027522 0.027488 0.027404 0.027212 0.026806 0.026005 0.024552 0.022132 0.018451 0.013375 0.007057 0.000000 
50.000000 38.255212 27.526626 18.567421 11.717858 6.913730 3.814795 1.971145 0.956499 0.438348 0.192061 0.082771 0.037363 0.019649 0.013143 0.010889 0.010149 0.009919 0.009851 0.009832 0.009827 0.009826 0.009826 0.009825 0.009825 0.009825 0.009825 0.009825 0.009825 0.009825 0.009825 0.009825 0.009825 0.009825 0.009825 0.009825 0.009825 0.009823 0.009818 0.009805 0.009774 0.009703 0.009554 0.009262 0.008735 0.007863 0.006545 0.004737 0.002497 0.000000 
50.000000 38.253676 27.523687 18.563313 11.712860 6.908108 3.808773 1.964887 0.950112 0.431895 0.185577 0.076273 0.030860 0.013143 0.006637 0.004382 0.003642 0.003412 0.003345 0.003325 0.003320 0.003319 0.003319 0.003319 0.003319 0.003319 0.003319 0.003319 0.003319 0.003319 0.003319 0.003319 0.003319 0.003319 0.003319 0.003319 0.003318 0.003318 0.003316 0.003311 0.003301 0.003276 0.003224 0.003124 0.002944 0.002647 0.002200 0.001591 0.000838 0.000000 
50.000000 38.253143 27.522668 18.561889 11.711126 6.906159 3.806686 1.962718 0.947898 0.429658 0.183329 0.074021 0.028606 0.010889 0.004382 0.002127 0.001387 0.001157 0.001089 0.001070 0.001065 0.001064 0.001063 0.001063 0.001063 0.001063 0.001063 0.001063 0.001063 0.001063 0.001063 0.001063 0.001063 0.001063 0.001063 0.001063 0.001063 0.001063 0.001062 0.001061 0.001057 0.001049 0.001032 0.001000 0.000941 0.000846 0.000702 0.000507 0.000267 0.000000 
50.000000 38.252968 27.522333 18.561421 11.710558 6.905520 3.806001 1.962006 0.947172 0.428924 0.182592 0.073283 0.027866 0.010149 0.003642 0.001387 0.000648 0.000418 0.000350 0.000331 0.000325 0.000324 0.000324 0.000324 0.000324 0.000324 0.000324 0.000324 0.000324 0.000324 0.000324 0.000324 0.000324 0.000324 0.000324 0.000324 0.000324 0.000324 0.000323 0.000323 0.000322 0.000319 0.000314 0.000304 0.000286 0.000257 0.000213 0.000154 0.000081 0.000000 
50.000000 38.252913 27.522229 18.561276 11.710381 6.905321 3.805788 1.961785 0.946946 0.428696 0.182363 0.073053 0.027637 0.009919 0.003412 0.001157 0.000418 0.000188 0.000120 0.000101 0.000096 0.000094 0.000094 0.000094 0.000094 0.000094 0.000094 0.000094 0.000094 0.000094 0.000094 0.000094 0.000094 0.000094 0.000094 0.000094 0.000094 0.000094 0.000094 0.000094 0.000093 0.000093 0.000091 0.000088 0.000083 0.000074 0.000062 0.000044 0.000023 0.000000 
50.000000 38.252897 27.522199 18.561233 11.710328 6.905262 3.805726 1.961720 0.946879 0.428629 0.182295 0.072985 0.027569 0.009851 0.003345 0.001089 0.000350 0.000120 0.000052 0.000033 0.000028 0.000026 0.000026 0.000026 0.000026 0.000026 0.000026 0.000026 0.000026 0.000026 0.000026 0.000026 0.000026 0.000026 0.000026 0.000026 0.000026 0.000026 0.000026 0.000026 0.000026 0.000026 0.000025 0.000024 0.000023 0.000021 0.000017 0.000012 0.000006 0.000000 
50.000000 38.252893 27.522190 18.561221 11.710314 6.905246 3.805708 1.961701 0.946861 0.428610 0.182276 0.072966 0.027550 0.009832 0.003325 0.001070 0.000331 0.000101 0.000033 0.000014 0.000009 0.000007 0.000007 0.000007 0.000007 0.000007 0.000007 0.000007 0.000007 0.000007 0.000007 0.000007 0.000007 0.000007 0.000007 0.000007 0.000007 0.000007 0.000007 0.000007 0.000007 0.000007 0.000007 0.000006 0.000006 0.000005 0.000004 0.000003 0.000002 0.000000 
50.000000 38.252892 27.522188 18.561218 11.710310 6.905241 3.805703 1.961697 0.946856 0.428605 0.182271 0.072961 0.027545 0.009827 0.003320 0.001065 0.000325 0.000096 0.000028 0.000009 0.000003 0.000002 0.000002 0.000002 0.000002 0.000002 0.000002 0.000002 0.000002 0.000002 0.000002 0.000002 0.000002 0.000002 0.000002 0.000002 0.000002 0.000002 0.000002 0.000002 0.000002 0.000002 0.000002 0.000002 0.000002 0.000001 0.000001 0.000001 0.000000 0.000000 
50.000000 38.252891 27.522187 18.561217 11.710309 6.905240 3.805702 1.961695 0.946854 0.428604 0.182270 0.072960 0.027543 0.009826 0.003319 0.001064 0.000324 0.000094 0.000026 0.000007 0.000002 0.000001 0.000001 0.000000 0.000000 0.000000 0.000000 0.000000 0.000000 0.000000 0.000000 0.000000 0.000000 0.000000 0.000000 0.000000 0.000000 0.000000 0.000000 0.000000 0.000000 0.000000 0.000000 0.000000 0.000000 0.000000 0.000000 0.000000 0.000000 0.000000 
50.000000 38.252891 27.522187 18.561217 11.710309 6.905240 3.805702 1.961695 0.946854 0.428603 0.182269 0.072959 0.027543 0.009826 0.003319 0.001063 0.000324 0.000094 0.000026 0.000007 0.000002 0.000001 0.000000 0.000000 0.000000 0.000000 0.000000 0.000000 0.000000 0.000000 0.000000 0.000000 0.000000 0.000000 0.000000 0.000000 0.000000 0.000000 0.000000 0.000000 0.000000 0.000000 0.000000 0.000000 0.000000 0.000000 0.000000 0.000000 0.000000 0.000000 
50.000000 38.252891 27.522187 18.561217 11.710309 6.905240 3.805701 1.961695 0.946854 0.428603 0.182269 0.072959 0.027543 0.009825 0.003319 0.001063 0.000324 0.000094 0.000026 0.000007 0.000002 0.000000 0.000000 0.000000 0.000000 0.000000 0.000000 0.000000 0.000000 0.000000 0.000000 0.000000 0.000000 0.000000 0.000000 0.000000 0.000000 0.000000 0.000000 0.000000 0.000000 0.000000 0.000000 0.000000 0.000000 0.000000 0.000000 0.000000 0.000000 0.000000 
50.000000 38.252891 27.522187 18.561217 11.710309 6.905240 3.805701 1.961695 0.946854 0.428603 0.182269 0.072959 0.027543 0.009825 0.003319 0.001063 0.000324 0.000094 0.000026 0.000007 0.000002 0.000000 0.000000 0.000000 0.000000 0.000000 0.000000 0.000000 0.000000 0.000000 0.000000 0.000000 0.000000 0.000000 0.000000 0.000000 0.000000 0.000000 0.000000 0.000000 0.000000 0.000000 0.000000 0.000000 0.000000 0.000000 0.000000 0.000000 0.000000 0.000000 
50.000000 38.252891 27.522187 18.561217 11.710309 6.905240 3.805701 1.961695 0.946854 0.428603 0.182269 0.072959 0.027543 0.009825 0.003319 0.001063 0.000324 0.000094 0.000026 0.000007 0.000002 0.000000 0.000000 0.000000 0.000000 0.000000 0.000000 0.000000 0.000000 0.000000 0.000000 0.000000 0.000000 0.000000 0.000000 0.000000 0.000000 0.000000 0.000000 0.000000 0.000000 0.000000 0.000000 0.000000 0.000000 0.000000 0.000000 0.000000 0.000000 0.000000 
50.000000 38.252891 27.522187 18.561217 11.710309 6.905240 3.805701 1.961695 0.946854 0.428603 0.182269 0.072959 0.027543 0.009825 0.003319 0.001063 0.000324 0.000094 0.000026 0.000007 0.000002 0.000000 0.000000 0.000000 0.000000 0.000000 0.000000 0.000000 0.000000 0.000000 0.000000 0.000000 0.000000 0.000000 0.000000 0.000000 0.000000 0.000000 0.000000 0.000000 0.000000 0.000000 0.000000 0.000000 0.000000 0.000000 0.000000 0.000000 0.000000 0.000000 
50.000000 38.252891 27.522187 18.561217 11.710309 6.905240 3.805702 1.961695 0.946854 0.428603 0.182269 0.072959 0.027543 0.009826 0.003319 0.001063 0.000324 0.000094 0.000026 0.000007 0.000002 0.000001 0.000000 0.000000 0.000000 0.000000 0.000000 0.000000 0.000000 0.000000 0.000000 0.000000 0.000000 0.000000 0.000000 0.000000 0.000000 0.000000 0.000000 0.000000 0.000000 0.000000 0.000000 0.000000 0.000000 0.000000 0.000000 0.000000 0.000000 0.000000 
50.000000 38.252891 27.522187 18.561217 11.710309 6.905240 3.805702 1.961695 0.946854 0.428604 0.182270 0.072960 0.027543 0.009826 0.003319 0.001064 0.000324 0.000094 0.000026 0.000007 0.000002 0.000001 0.000001 0.000000 0.000000 0.000000 0.000000 0.000000 0.000000 0.000000 0.000000 0.000000 0.000000 0.000000 0.000000 0.000000 0.000000 0.000000 0.000000 0.000000 0.000000 0.000000 0.000000 0.000000 0.000000 0.000000 0.000000 0.000000 0.000000 0.000000 
50.000000 38.252892 27.522188 18.561218 11.710310 6.905241 3.805703 1.961697 0.946856 0.428605 0.182271 0.072961 0.027545 0.009827 0.003320 0.001065 0.000325 0.000096 0.000028 0.000009 0.000003 0.000002 0.000002 0.000002 0.000002 0.000002 0.000002 0.000002 0.000002 0.000002 0.000002 0.000002 0.000002 0.000002 0.000002 0.000002 0.000002 0.000002 0.000002 0.000002 0.000002 0.000002 0.000002 0.000002 0.000002 0.000001 0.000001 0.000001 0.000000 0.000000 
50.000000 38.252893 27.522190 18.561221 11.710314 6.905246 3.805708 1.961701 0.946861 0.428610 0.182276 0.072966 0.027550 0.009832 0.003325 0.001070 0.000331 0.000101 0.000033 0.000014 0.000009 0.000007 0.000007 0.000007 0.000007 0.000007 0.000007 0.000007 0.000007 0.000007 0.000007 0.000007 0.000007 0.000007 0.000007 0.000007 0.000007 0.000007 0.000007 0.000007 0.000007 0.000007 0.000007 0.000006 0.000006 0.000005 0.000004 0.000003 0.000002 0.000000 
50.000000 38.252897 27.522199 18.561233 11.710328 6.905262 3.805726 1.961720 0.946879 0.428629 0.182295 0.072985 0.027569 0.009851 0.003345 0.001089 0.000350 0.000120 0.000052 0.000033 0.000028 0.000026 0.000026 0.000026 0.000026 0.000026 0.000026 0.000026 0.000026 0.000026 0.000026 0.000026 0.000026 0.000026 0.000026 0.000026 0.000026 0.000026 0.000026 0.000026 0.000026 0.000026 0.000025 0.000024 0.000023 0.000021 0.000017 0.000012 0.000006 0.000000 
50.000000 38.252913 27.522229 18.561276 11.710381 6.905321 3.805788 1.961785 0.946946 0.428696 0.182363 0.073053 0.027637 0.009919 0.003412 0.001157 0.000418 0.000188 0.000120 0.000101 0.000096 0.000094 0.000094 0.000094 0.000094 0.000094 0.000094 0.000094 0.000094 0.000094 0.000094 0.000094 0.000094 0.000094 0.000094 0.000094 0.000094 0.000094 0.000094 0.000094 0.000093 0.000093 0.000091 0.000088 0.000083 0.000074 0.000062 0.000044 0.000023 0.000000 
50.000000 38.252968 27.522333 18.561421 11.710558 6.905520 3.806001 1.962006 0.947172 0.428924 0.182592 0.073283 0.027866 0.010149 0.003642 0.001387 0.000648 0.000418 0.000350 0.000331 0.000325 0.000324 0.000324 0.000324 0.000324 0.000324 0.000324 0.000324 0.000324 0.000324 0.000324 0.000324 0.000324 0.000324 0.000324 0.000324 0.000324 0.000324 0.000323 0.000323 0.000322 0.000319 0.000314 0.000304 0.000286 0.000257 0.000213 0.000154 0.000081 0.000000 
50.000000 38.253143 27.522668 18.561889 11.711126 6.906159 3.806686 1.962718 0.947898 0.429658 0.183329 0.074021 0.028606 0.010889 0.004382 0.002127 0.001387 0.001157 0.001089 0.001070 0.001065 0.001064 0.001063 0.001063 0.001063 0.001063 0.001063 0.001063 0.001063 0.001063 0.001063 0.001063 0.001063 0.001063 0.001063 0.001063 0.001063 0.001063 0.001062 0.001061 0.001057 0.001049 0.001032 0.001000 0.000941 0.000846 0.000702 0.000507 0.000267 0.000000 
50.000000 38.253676 27.523687 18.563313 11.712860 6.908108 3.808773 1.964887 0.950112 0.431895 0.185577 0.076273 0.030860 0.013143 0.006637 0.004382 0.003642 0.003412 0.003345 0.003325 0.003320 0.003319 0.003319 0.003319 0.003319 0.003319 0.003319 0.003319 0.003319 0.003319 0.003319 0.003319 0.003319 0.003319 0.003319 0.003319 0.003318 0.003318 0.003316 0.003311 0.003301 0.003276 0.003224 0.003124 0.002944 0.002647 0.002200 0.001591 0.000838 0.000000 
50.000000 38.255212 27.526626 18.567421 11.717858 6.913730 3.814795 1.971145 0.956499 0.438348 0.192061 0.082771 0.037363 0.019649 0.013143 0.010889 0.010149 0.009919 0.009851 0.009832 0.009827 0.009826 0.009826 0.009825 0.009825 0.009825 0.009825 0.009825 0.009825 0.009825 0.009825 0.009825 0.009825 0.009825 0.009825 0.009825 0.009825 0.009823 0.009818 0.009805 0.009774 0.009703 0.009554 0.009262 0.008735 0.007863 0.006545 0.004737 0.002497 0.000000 
50.000000 38.259394 27.534624 18.578601 11.731464 6.929032 3.831187 1.988183 0.973890 0.455918 0.209716 0.100464 0.055071 0.037363 0.030860 0.028606 0.027866 0.027637 0.027569 0.027550 0.027545 0.027543 0.027543 0.027543 0.027543 0.027543 0.027543 0.027543 0.027543 0.027543 0.027543 0.027543 0.027543 0.027543 0.027543 0.027542 0.027540 0.027536 0.027522 0.027488 0.027404 0.027212 0.026806 0.026005 0.024552 0.022132 0.018451 0.013375 0.007057 0.000000 
50.000000 38.270106 27.555114 18.607243 11.766327 6.968245 3.873197 2.031851 1.018467 0.500956 0.254973 0.145817 0.100464 0.082771 0.076273 0.074021 0.073283 0.073053 0.072985 0.072966 0.072961 0.072960 0.072959 0.072959 0.072959 0.072959 0.072959 0.072959 0.072959 0.072959 0.072959 0.072959 0.072959 0.072959 0.072959 0.072958 0.072953 0.072942 0.072908 0.072822 0.072609 0.072122 0.071082 0.069020 0.065249 0.058918 0.049218 0.035744 0.018888 0.000000 
50.000000 38.295871 27.604400 18.676149 11.850204 7.062599 3.974290 2.136940 1.125748 0.609352 0.363895 0.254973 0.209716 0.192061 0.185577 0.183329 0.182592 0.182363 0.182295 0.182276 0.182271 0.182270 0.182269 0.182269 0.182269 0.182269 0.182269 0.182269 0.182269 0.182269 0.182269 0.182269 0.182269 0.182269 0.182268 0.182265 0.182256 0.182228 0.182151 0.181948 0.181447 0.180290 0.177800 0.172826 0.163646 0.148086 0.124020 0.090295 0.047803 0.000000 
50.000000 38.353900 27.715411 18.831358 12.039156 7.275172 4.202065 2.373735 1.367491 0.853615 0.609352 0.500956 0.455918 0.438348 0.431895 0.429658 0.428924 0.428696 0.428629 0.428610 0.428605 0.428604 0.428603 0.428603 0.428603 0.428603 0.428603 0.428603 0.428603 0.428603 0.428603 0.428603 0.428603 0.428602 0.428600 0.428594 0.428574 0.428514 0.428347 0.427905 0.426807 0.424253 0.418708 0.407519 0.386641 0.350837 0.294784 0.215335 0.114293 0.000000 
50.000000 38.475917 27.948842 19.157756 12.436547 7.722281 4.681187 2.871862 1.876053 1.367491 1.125748 1.018467 0.973890 0.956499 0.950112 0.947898 0.947172 0.946946 0.946879 0.946861 0.946856 0.946854 0.946854 0.946854 0.946854 0.946854 0.946854 0.946854 0.946854 0.946854 0.946854 0.946854 0.946853 0.946852 0.946849 0.946836 0.946796 0.946678 0.946345 0.945458 0.943238 0.938027 0.926593 0.903246 0.859101 0.782274 0.660134 0.484390 0.258021 0.000000 
50.000000 38.714727 28.405735 19.796655 13.214474 8.597607 5.619254 3.847197 2.871862 2.373735 2.136940 2.031851 1.988183 1.971145 1.964887 1.962718 1.962006 1.961785 1.961720 1.961701 1.961697 1.961695 1.961695 1.961695 1.961695 1.961695 1.961695 1.961695 1.961695 1.961695 1.961695 1.961695 1.961694 1.961692 1.961685 1.961663 1.961591 1.961377 1.960769 1.959140 1.955027 1.945269 1.923598 1.878718 1.792460 1.639560 1.391589 1.027531 0.550194 0.000000 
50.000000 39.148452 29.235571 20.957138 14.627587 10.187768 7.323510 5.619254 4.681187 4.202065 3.974290 3.873197 3.831187 3.814795 3.808773 3.806686 3.806001 3.805788 3.805726 3.805708 3.805703 3.805702 3.805702 3.805701 3.805701 3.805701 3.805701 3.805701 3.805701 3.805701 3.805701 3.805701 3.805700 3.805697 3.805686 3.805649 3.805533 3.805182 3.804178 3.801465 3.794546 3.777941 3.740536 3.661755 3.507297 3.227101 2.760716 2.056895 1.110139 0.000000 
50.000000 39.877181 30.629888 22.907124 17.002234 12.860112 10.187768 8.597607 7.722281 7.275172 7.062599 6.968245 6.929032 6.913730 6.908108 6.906159 6.905520 6.905321 6.905262 6.905246 6.905241 6.905240 6.905240 6.905240 6.905240 6.905240 6.905240 6.905240 6.905240 6.905240 6.905240 6.905239 6.905238 6.905234 6.905218 6.905164 6.904995 6.904479 6.902996 6.898953 6.888530 6.863180 6.805147 6.680471 6.430056 5.962366 5.156783 3.893675 2.128470 0.000000 
50.000000 41.006485 32.790718 25.929247 20.682714 17.002234 14.627587 13.214474 12.436547 12.039156 11.850204 11.766327 11.731464 11.717858 11.712860 11.711126 11.710558 11.710381 11.710328 11.710314 11.710310 11.710309 11.710309 11.710309 11.710309 11.710308 11.710308 11.710308 11.710308 11.710308 11.710308 11.710308 11.710306 11.710301 11.710281 11.710213 11.709996 11.709332 11.707410 11.702118 11.688319 11.654273 11.574914 11.400486 11.039868 10.341357 9.082508 6.999066 3.910641 0.000000 
50.000000 42.616126 35.870715 30.237085 25.929247 22.907124 20.957138 19.796655 19.157756 18.831358 18.676149 18.607243 18.578601 18.567421 18.563313 18.561889 18.561421 18.561276 18.561233 18.561221 18.561218 18.561217 18.561217 18.561217 18.561217 18.561217 18.561217 18.561217 18.561217 18.561217 18.561216 18.561216 18.561214 18.561208 18.561186 18.561113 18.560876 18.560149 18.558026 18.552129 18.536574 18.497622 18.405066 18.196422 17.750342 16.846739 15.118543 12.028610 6.995364 0.000000 
50.000000 44.721046 39.898496 35.870715 32.790718 30.629888 29.235571 28.405735 27.948842 27.715411 27.604400 27.555114 27.534624 27.526626 27.523687 27.522668 27.522333 27.522229 27.522199 27.522190 27.522188 27.522187 27.522187 27.522187 27.522187 27.522187 27.522187 27.522187 27.522187 27.522187 27.522187 27.522186 27.522185 27.522180 27.522161 27.522097 27.521889 27.521250 27.519369 27.514106 27.500076 27.464452 27.378203 27.178676 26.736213 25.791651 23.842106 19.949248 12.537485 0.000000 
50.000000 47.241276 44.721046 42.616126 41.006485 39.877181 39.148452 38.714727 38.475917 38.353900 38.295871 38.270106 38.259394 38.255212 38.253676 38.253143 38.252968 38.252913 38.252897 38.252893 38.252892 38.252891 38.252891 38.252891 38.252891 38.252891 38.252891 38.252891 38.252891 38.252891 38.252891 38.252891 38.252890 38.252887 38.252876 38.252838 38.252716 38.252337 38.251218 38.248068 38.239607 38.217896 38.164533 38.038313 37.748711 37.095844 35.620762 32.183561 23.620638 0.000000 
50.000000 50.000000 50.000000 50.000000 50.000000 50.000000 50.000000 50.000000 50.000000 50.000000 50.000000 50.000000 50.000000 50.000000 50.000000 50.000000 50.000000 50.000000 50.000000 50.000000 50.000000 50.000000 50.000000 50.000000 50.000000 50.000000 50.000000 50.000000 50.000000 50.000000 50.000000 50.000000 50.000000 50.000000 50.000000 50.000000 50.000000 50.000000 50.000000 50.000000 50.000000 50.000000 50.000000 50.000000 50.000000 50.000000 50.000000 50.000000 50.000000 50.000000 
