50.000000 50.000000 50.000000 50.000000 50.000000 50.000000 50.000000 50.000000 50.000000 50.000000 50.000000 50.000000 50.000000 50.000000 50.000000 50.000000 50.000000 50.000000 50.000000 50.000000 50.000000 50.000000 50.000000 50.000000 50.000000 50.000000 50.000000 50.000000 50.000000 50.000000 50.000000 50.000000 50.000000 50.000000 50.000000 50.000000 50.000000 50.000000 50.000000 50.000000 50.000000 50.000000 50.000000 50.000000 50.000000 50.000000 50.000000 50.000000 50.000000 50.000000 
50.000000 47.807253 45.765279 43.993813 42.561142 41.479863 40.717311 40.214044 39.902690 39.721801 39.622925 39.571980 39.547190 39.535776 39.530794 39.528730 39.527915 39.527610 39.527500 39.527462 39.527450 39.527446 39.527445 39.527445 39.527445 39.527444 39.527444 39.527444 39.527444 39.527444 39.527444 39.527442 39.527435 39.527415 39.527354 39.527183 39.526717 39.525493 39.522410 39.514947 39.497555 39.458460 39.373376 39.193031 38.817318 38.037041 36.387060 32.727592 23.903626 0.000000 
50.000000 45.765279 41.821750 38.400660 35.633886 33.545750 32.073154 31.101293 30.500051 30.150750 29.959825 29.861455 29.813589 29.791552 29.781933 29.777947 29.776375 29.775785 29.775573 29.775500 29.775477 29.775469 29.775467 29.775466 29.775466 29.775466 29.775466 29.775466 29.775466 29.775466 29.775464 29.775461 29.775449 29.775413 29.775307 29.775007 29.774190 29.772054 29.766696 29.753797 29.723961 29.657581 29.515216 29.219961 28.625224 27.455388 25.196640 20.910875 13.037687 0.000000 
50.000000 43.993813 38.400660 33.548540 29.624497 26.663009 24.574563 23.196303 22.343670 21.848339 21.577607 21.438124 21.370256 21.339011 21.325375 21.319723 21.317495 21.316658 21.316358 21.316255 21.316222 21.316211 21.316208 21.316207 21.316207 21.316206 21.316206 21.316206 21.316206 21.316206 21.316205 21.316200 21.316186 21.316142 21.316014 21.315650 21.314665 21.312103 21.305718 21.290465 21.255552 21.178944 21.017708 20.691940 20.059602 18.880513 16.774270 13.204020 7.606753 0.000000 
50.000000 42.561142 35.633886 29.624497 24.764634 21.096973 18.510613 16.803821 15.747991 15.134644 14.799424 14.626726 14.542702 14.504020 14.487140 14.480145 14.477387 14.476351 14.475980 14.475852 14.475811 14.475798 14.475794 14.475792 14.475792 14.475792 14.475792 14.475792 14.475792 14.475791 14.475790 14.475786 14.475771 14.475728 14.475600 14.475240 14.474268 14.471755 14.465539 14.450829 14.417553 14.345637 14.197241 13.905129 13.357435 12.382317 10.743985 8.178499 4.524101 0.000000 
50.000000 41.479863 33.545750 26.663009 21.096973 16.896490 13.934494 11.979889 10.770815 10.068480 9.684646 9.486914 9.390716 9.346433 9.327110 9.319103 9.315946 9.314761 9.314336 9.314190 9.314142 9.314127 9.314123 9.314122 9.314121 9.314121 9.314121 9.314121 9.314121 9.314121 9.314119 9.314115 9.314103 9.314065 9.313955 9.313645 9.312814 9.310680 9.305442 9.293165 9.265726 9.207312 9.089040 8.861732 8.448245 7.739538 6.603407 4.920526 2.662545 0.000000 
50.000000 40.717311 32.073154 24.574563 18.510613 13.934494 10.707721 8.578471 7.261423 6.496404 6.078334 5.862977 5.758211 5.709987 5.688945 5.680226 5.676790 5.675499 5.675036 5.674878 5.674826 5.674809 5.674804 5.674803 5.674803 5.674803 5.674802 5.674802 5.674802 5.674802 5.674801 5.674798 5.674789 5.674759 5.674674 5.674437 5.673804 5.672189 5.668257 5.659128 5.638961 5.596630 5.512390 5.353861 5.072762 4.605484 3.882623 2.853193 1.524280 0.000000 
50.000000 40.214044 31.101293 23.196303 16.803821 11.979889 8.578471 6.334052 4.945820 4.139486 3.698858 3.471893 3.361485 3.310666 3.288494 3.279307 3.275687 3.274327 3.273839 3.273672 3.273618 3.273600 3.273595 3.273594 3.273593 3.273593 3.273593 3.273593 3.273593 3.273593 3.273592 3.273590 3.273583 3.273563 3.273504 3.273339 3.272903 3.271796 3.269120 3.262966 3.249517 3.221647 3.167026 3.066081 2.890848 2.606579 2.178595 1.586077 0.840668 0.000000 
50.000000 39.902690 30.500051 22.343670 15.747991 10.770815 7.261423 4.945820 3.513600 2.681746 2.227188 1.993058 1.879168 1.826750 1.803881 1.794406 1.790672 1.789269 1.788767 1.788594 1.788538 1.788520 1.788515 1.788513 1.788513 1.788513 1.788513 1.788513 1.788513 1.788512 1.788512 1.788511 1.788506 1.788493 1.788455 1.788351 1.788075 1.787380 1.785712 1.781907 1.773671 1.756800 1.724172 1.664793 1.563503 1.402354 1.164726 0.842470 0.444230 0.000000 
50.000000 39.721801 30.150750 21.848339 15.134644 10.068480 6.496404 4.139486 2.681746 1.835089 1.372456 1.134172 1.018266 0.964922 0.941649 0.932008 0.928208 0.926781 0.926269 0.926094 0.926037 0.926019 0.926013 0.926012 0.926011 0.926011 0.926011 0.926011 0.926011 0.926011 0.926011 0.926010 0.926007 0.926000 0.925977 0.925916 0.925755 0.925352 0.924390 0.922214 0.917545 0.908074 0.889969 0.857443 0.802754 0.717091 0.592787 0.426789 0.224246 0.000000 
50.000000 39.622925 29.959825 21.577607 14.799424 9.684646 6.078334 3.698858 2.227188 1.372456 0.905418 0.664871 0.547867 0.494018 0.470525 0.460793 0.456957 0.455517 0.455001 0.454824 0.454766 0.454748 0.454742 0.454741 0.454740 0.454740 0.454740 0.454740 0.454740 0.454740 0.454740 0.454739 0.454738 0.454734 0.454722 0.454688 0.454601 0.454384 0.453868 0.452709 0.450242 0.445282 0.435891 0.419206 0.391481 0.348595 0.287142 0.206028 0.107978 0.000000 
50.000000 39.571980 29.861455 21.438124 14.626726 9.486914 5.862977 3.471893 1.993058 1.134172 0.664871 0.423161 0.305592 0.251484 0.227880 0.218101 0.214247 0.212800 0.212281 0.212103 0.212045 0.212027 0.212021 0.212020 0.212019 0.212019 0.212019 0.212019 0.212019 0.212019 0.212019 0.212019 0.212018 0.212016 0.212010 0.211993 0.211948 0.211839 0.211580 0.211003 0.209782 0.207346 0.202773 0.194721 0.181473 0.161187 0.132406 0.094759 0.049570 0.000000 
50.000000 39.547190 29.813589 21.370256 14.542702 9.390716 5.758211 3.361485 1.879168 1.018266 0.547867 0.305592 0.187750 0.133517 0.109857 0.100056 0.096193 0.094743 0.094223 0.094045 0.093987 0.093968 0.093963 0.093961 0.093961 0.093960 0.093960 0.093960 0.093960 0.093960 0.093960 0.093960 0.093960 0.093959 0.093956 0.093948 0.093927 0.093875 0.093753 0.093483 0.092915 0.091788 0.089689 0.086021 0.080036 0.070946 0.058153 0.041536 0.021697 0.000000 
50.000000 39.535776 29.791552 21.339011 14.504020 9.346433 5.709987 3.310666 1.826750 0.964922 0.494018 0.251484 0.133517 0.079226 0.055542 0.045730 0.041863 0.040411 0.039891 0.039713 0.039654 0.039636 0.039630 0.039629 0.039628 0.039628 0.039628 0.039628 0.039628 0.039628 0.039628 0.039628 0.039628 0.039627 0.039626 0.039622 0.039613 0.039590 0.039536 0.039417 0.039167 0.038675 0.037764 0.036182 0.033619 0.029752 0.024345 0.017362 0.009059 0.000000 
50.000000 39.530794 29.781933 21.325375 14.487140 9.327110 5.688945 3.288494 1.803881 0.941649 0.470525 0.227880 0.109857 0.055542 0.031846 0.022030 0.018162 0.016709 0.016189 0.016010 0.015952 0.015933 0.015928 0.015926 0.015926 0.015926 0.015926 0.015926 0.015926 0.015926 0.015926 0.015926 0.015926 0.015925 0.015925 0.015923 0.015919 0.015910 0.015887 0.015837 0.015733 0.015530 0.015155 0.014508 0.013465 0.011900 0.009724 0.006926 0.003611 0.000000 
50.000000 39.528730 29.777947 21.319723 14.480145 9.319103 5.680226 3.279307 1.794406 0.932008 0.460793 0.218101 0.100056 0.045730 0.022030 0.012212 0.008343 0.006890 0.006369 0.006191 0.006133 0.006114 0.006109 0.006107 0.006107 0.006106 0.006106 0.006106 0.006106 0.006106 0.006106 0.006106 0.006106 0.006106 0.006106 0.006105 0.006104 0.006100 0.006091 0.006071 0.006030 0.005950 0.005804 0.005552 0.005148 0.004545 0.003710 0.002640 0.001375 0.000000 
50.000000 39.527915 29.776375 21.317495 14.477387 9.315946 5.676790 3.275687 1.790672 0.928208 0.456957 0.214247 0.096193 0.041863 0.018162 0.008343 0.004474 0.003021 0.002500 0.002321 0.002263 0.002245 0.002239 0.002237 0.002237 0.002237 0.002237 0.002237 0.002237 0.002237 0.002237 0.002237 0.002237 0.002237 0.002237 0.002236 0.002236 0.002234 0.002231 0.002224 0.002208 0.002178 0.002124 0.002030 0.001881 0.001659 0.001353 0.000962 0.000501 0.000000 
50.000000 39.527610 29.775785 21.316658 14.476351 9.314761 5.675499 3.274327 1.789269 0.926781 0.455517 0.212800 0.094743 0.040411 0.016709 0.006890 0.003021 0.001567 0.001047 0.000868 0.000810 0.000792 0.000786 0.000784 0.000784 0.000784 0.000784 0.000784 0.000784 0.000784 0.000784 0.000784 0.000784 0.000784 0.000784 0.000784 0.000783 0.000783 0.000782 0.000779 0.000773 0.000763 0.000743 0.000710 0.000658 0.000580 0.000472 0.000336 0.000175 0.000000 
50.000000 39.527500 29.775573 21.316358 14.475980 9.314336 5.675036 3.273839 1.788767 0.926269 0.455001 0.212281 0.094223 0.039891 0.016189 0.006369 0.002500 0.001047 0.000526 0.000348 0.000289 0.000271 0.000265 0.000264 0.000263 0.000263 0.000263 0.000263 0.000263 0.000263 0.000263 0.000263 0.000263 0.000263 0.000263 0.000263 0.000263 0.000263 0.000262 0.000261 0.000260 0.000256 0.000249 0.000238 0.000220 0.000194 0.000158 0.000112 0.000058 0.000000 
50.000000 39.527462 29.775500 21.316255 14.475852 9.314190 5.674878 3.273672 1.788594 0.926094 0.454824 0.212103 0.094045 0.039713 0.016010 0.006191 0.002321 0.000868 0.000348 0.000169 0.000111 0.000092 0.000087 0.000085 0.000085 0.000085 0.000085 0.000085 0.000085 0.000085 0.000085 0.000085 0.000085 0.000085 0.000085 0.000085 0.000085 0.000085 0.000084 0.000084 0.000083 0.000082 0.000080 0.000077 0.000071 0.000062 0.000051 0.000036 0.000019 0.000000 
50.000000 39.527450 29.775477 21.316222 14.475811 9.314142 5.674826 3.273618 1.788538 0.926037 0.454766 0.212045 0.093987 0.039654 0.015952 0.006133 0.002263 0.000810 0.000289 0.000111 0.000052 0.000034 0.000028 0.000027 0.000026 0.000026 0.000026 0.000026 0.000026 0.000026 0.000026 0.000026 0.000026 0.000026 0.000026 0.000026 0.000026 0.000026 0.000026 0.000026 0.000026 0.000025 0.000025 0.000024 0.000022 0.000019 0.000016 0.000011 0.000006 0.000000 
50.000000 39.527446 29.775469 21.316211 14.475798 9.314127 5.674809 3.273600 1.788520 0.926019 0.454748 0.212027 0.093968 0.039636 0.015933 0.006114 0.002245 0.000792 0.000271 0.000092 0.000034 0.000016 0.000010 0.000008 0.000008 0.000008 0.000008 0.000008 0.000008 0.000008 0.000008 0.000008 0.000008 0.000008 0.000008 0.000008 0.000008 0.000008 0.000008 0.000008 0.000008 0.000008 0.000007 0.000007 0.000006 0.000006 0.000005 0.000003 0.000002 0.000000 
50.000000 39.527445 29.775467 21.316208 14.475794 9.314123 5.674804 3.273595 1.788515 0.926013 0.454742 0.212021 0.093963 0.039630 0.015928 0.006109 0.002239 0.000786 0.000265 0.000087 0.000028 0.000010 0.000004 0.000003 0.000002 0.000002 0.000002 0.000002 0.000002 0.000002 0.000002 0.000002 0.000002 0.000002 0.000002 0.000002 0.000002 0.000002 0.000002 0.000002 0.000002 0.000002 0.000002 0.000002 0.000002 0.000002 0.000001 0.000001 0.000000 0.000000 
50.000000 39.527445 29.775466 21.316207 14.475792 9.314122 5.674803 3.273594 1.788513 0.926012 0.454741 0.212020 0.093961 0.039629 0.015926 0.006107 0.002237 0.000784 0.000264 0.000085 0.000027 0.000008 0.000003 0.000001 0.000001 0.000001 0.000001 0.000001 0.000001 0.000001 0.000001 0.000001 0.000001 0.000001 0.000001 0.000001 0.000001 0.000001 0.000001 0.000001 0.000001 0.000001 0.000001 0.000001 0.000001 0.000000 0.000000 0.000000 0.000000 0.000000 
50.000000 39.527445 29.775466 21.316207 14.475792 9.314121 5.674803 3.273593 1.788513 0.926011 0.454740 0.212019 0.093961 0.039628 0.015926 0.006107 0.002237 0.000784 0.000263 0.000085 0.000026 0.000008 0.000002 0.000001 0.000000 0.000000 0.000000 0.000000 0.000000 0.000000 0.000000 0.000000 0.000000 0.000000 0.000000 0.000000 0.000000 0.000000 0.000000 0.000000 0.000000 0.000000 0.000000 0.000000 0.000000 0.000000 0.000000 0.000000 0.000000 0.000000 
50.000000 39.527445 29.775466 21.316207 14.475792 9.314121 5.674803 3.273593 1.788513 0.926011 0.454740 0.212019 0.093961 0.039628 0.015926 0.006107 0.002237 0.000784 0.000263 0.000085 0.000026 0.000008 0.000002 0.000001 0.000000 0.000000 0.000000 0.000000 0.000000 0.000000 0.000000 0.000000 0.000000 0.000000 0.000000 0.000000 0.000000 0.000000 0.000000 0.000000 0.000000 0.000000 0.000000 0.000000 0.000000 0.000000 0.000000 0.000000 0.000000 0.000000 
50.000000 39.527445 29.775466 21.316207 14.475792 9.314122 5.674803 3.273594 1.788513 0.926012 0.454741 0.212020 0.093961 0.039629 0.015926 0.006107 0.002237 0.000784 0.000264 0.000085 0.000027 0.000008 0.000003 0.000001 0.000001 0.000001 0.000001 0.000001 0.000001 0.000001 0.000001 0.000001 0.000001 0.000001 0.000001 0.000001 0.000001 0.000001 0.000001 0.000001 0.000001 0.000001 0.000001 0.000001 0.000001 0.000000 0.000000 0.000000 0.000000 0.000000 
50.000000 39.527445 29.775467 21.316208 14.475794 9.314123 5.674804 3.273595 1.788515 0.926013 0.454742 0.212021 0.093963 0.039630 0.015928 0.006109 0.002239 0.000786 0.000265 0.000087 0.000028 0.000010 0.000004 0.000003 0.000002 0.000002 0.000002 0.000002 0.000002 0.000002 0.000002 0.000002 0.000002 0.000002 0.000002 0.000002 0.000002 0.000002 0.000002 0.000002 0.000002 0.000002 0.000002 0.000002 0.000002 0.000002 0.000001 0.000001 0.000000 0.000000 
50.000000 39.527446 29.775469 21.316211 14.475798 9.314127 5.674809 3.273600 1.788520 0.926019 0.454748 0.212027 0.093968 0.039636 0.015933 0.006114 0.002245 0.000792 0.000271 0.000092 0.000034 0.000016 0.000010 0.000008 0.000008 0.000008 0.000008 0.000008 0.000008 0.000008 0.000008 0.000008 0.000008 0.000008 0.000008 0.000008 0.000008 0.000008 0.000008 0.000008 0.000008 0.000008 0.000007 0.000007 0.000006 0.000006 0.000005 0.000003 0.000002 0.000000 
50.000000 39.527450 29.775477 21.316222 14.475811 9.314142 5.674826 3.273618 1.788538 0.926037 0.454766 0.212045 0.093987 0.039654 0.015952 0.006133 0.002263 0.000810 0.000289 0.000111 0.000052 0.000034 0.000028 0.000027 0.000026 0.000026 0.000026 0.000026 0.000026 0.000026 0.000026 0.000026 0.000026 0.000026 0.000026 0.000026 0.000026 0.000026 0.000026 0.000026 0.000026 0.000025 0.000025 0.000024 0.000022 0.000019 0.000016 0.000011 0.000006 0.000000 
50.000000 39.527462 29.775500 21.316255 14.475852 9.314190 5.674878 3.273672 1.788594 0.926094 0.454824 0.212103 0.094045 0.039713 0.016010 0.006191 0.002321 0.000868 0.000348 0.000169 0.000111 0.000092 0.000087 0.000085 0.000085 0.000085 0.000085 0.000085 0.000085 0.000085 0.000085 0.000085 0.000085 0.000085 0.000085 0.000085 0.000085 0.000085 0.000084 0.000084 0.000083 0.000082 0.000080 0.000077 0.000071 0.000062 0.000051 0.000036 0.000019 0.000000 
50.000000 39.527500 29.775573 21.316358 14.475980 9.314336 5.675036 3.273839 1.788767 0.926269 0.455001 0.212281 0.094223 0.039891 0.016189 0.006369 0.002500 0.001047 0.000526 0.000348 0.000289 0.000271 0.000265 0.000264 0.000263 0.000263 0.000263 0.000263 0.000263 0.000263 0.000263 0.000263 0.000263 0.000263 0.000263 0.000263 0.000263 0.000263 0.000262 0.000261 0.000260 0.000256 0.000249 0.000238 0.000220 0.000194 0.000158 0.000112 0.000058 0.000000 
50.000000 39.527610 29.775785 21.316658 14.476351 9.314761 5.675499 3.274327 1.789269 0.926781 0.455517 0.212800 0.094743 0.040411 0.016709 0.006890 0.003021 0.001567 0.001047 0.000868 0.000810 0.000792 0.000786 0.000784 0.000784 0.000784 0.000784 0.000784 0.000784 0.000784 0.000784 0.000784 0.000784 0.000784 0.000784 0.000784 0.000783 0.000783 0.000782 0.000779 0.000773 0.000763 0.000743 0.000710 0.000658 0.000580 0.000472 0.000336 0.000175 0.000000 
50.000000 39.527915 29.776375 21.317495 14.477387 9.315946 5.676790 3.275687 1.790672 0.928208 0.456957 0.214247 0.096193 0.041863 0.018162 0.008343 0.004474 0.003021 0.002500 0.002321 0.002263 0.002245 0.002239 0.002237 0.002237 0.002237 0.002237 0.002237 0.002237 0.002237 0.002237 0.002237 0.002237 0.002237 0.002237 0.002236 0.002236 0.002234 0.002231 0.002224 0.002208 0.002178 0.002124 0.002030 0.001881 0.001659 0.001353 0.000962 0.000501 0.000000 
50.000000 39.528730 29.777947 21.319723 14.480145 9.319103 5.680226 3.279307 1.794406 0.932008 0.460793 0.218101 0.100056 0.045730 0.022030 0.012212 0.008343 0.006890 0.006369 0.006191 0.006133 0.006114 0.006109 0.006107 0.006107 0.006106 0.006106 0.006106 0.006106 0.006106 0.006106 0.006106 0.006106 0.006106 0.006106 0.006105 0.006104 0.006100 0.006091 0.006071 0.006030 0.005950 0.005804 0.005552 0.005148 0.004545 0.003710 0.002640 0.001375 0.000000 
50.000000 39.530794 29.781933 21.325375 14.487140 9.327110 5.688945 3.288494 1.803881 0.941649 0.470525 0.227880 0.109857 0.055542 0.031846 0.022030 0.018162 0.016709 0.016189 0.016010 0.015952 0.015933 0.015928 0.015926 0.015926 0.015926 0.015926 0.015926 0.015926 0.015926 0.015926 0.015926 0.015926 0.015925 0.015925 0.015923 0.015919 0.015910 0.015887 0.015837 0.015733 0.015530 0.015155 0.014508 0.013465 0.011900 0.009724 0.006926 0.003611 0.000000 
50.000000 39.535776 29.791552 21.339011 14.504020 9.346433 5.709987 3.310666 1.826750 0.964922 0.494018 0.251484 0.133517 0.079226 0.055542 0.045730 0.041863 0.040411 0.039891 0.039713 0.039654 0.039636 0.039630 0.039629 0.039628 0.039628 0.039628 0.039628 0.039628 0.039628 0.039628 0.039628 0.039628 0.039627 0.039626 0.039622 0.039613 0.039590 0.039536 0.039417 0.039167 0.038675 0.037764 0.036182 0.033619 0.029752 0.024345 0.017362 0.009059 0.000000 
50.000000 39.547190 29.813589 21.370256 14.542702 9.390716 5.758211 3.361485 1.879168 1.018266 0.547867 0.305592 0.187750 0.133517 0.109857 0.100056 0.096193 0.094743 0.094223 0.094045 0.093987 0.093968 0.093963 0.093961 0.093961 0.093960 0.093960 0.093960 0.093960 0.093960 0.093960 0.093960 0.093960 0.093959 0.093956 0.093948 0.093927 0.093875 0.093753 0.093483 0.092915 0.091788 0.089689 0.086021 0.080036 0.070946 0.058153 0.041536 0.021697 0.000000 
50.000000 39.571980 29.861455 21.438124 14.626726 9.486914 5.862977 3.471893 1.993058 1.134172 0.664871 0.423161 0.305592 0.251484 0.227880 0.218101 0.214247 0.212800 0.212281 0.212103 0.212045 0.212027 0.212021 0.212020 0.212019 0.212019 0.212019 0.212019 0.212019 0.212019 0.212019 0.212019 0.212018 0.212016 0.212010 0.211993 0.211948 0.211839 0.211580 0.211003 0.209782 0.207346 0.202773 0.194721 0.181473 0.161187 0.132406 0.094759 0.049570 0.000000 
50.000000 39.622925 29.959825 21.577607 14.799424 9.684646 6.078334 3.698858 2.227188 1.372456 0.905418 0.664871 0.547867 0.494018 0.470525 0.460793 0.456957 0.455517 0.455001 0.454824 0.454766 0.454748 0.454742 0.454741 0.454740 0.454740 0.454740 0.454740 0.454740 0.454740 0.454740 0.454739 0.454738 0.454734 0.454722 0.454688 0.454601 0.454384 0.453868 0.452709 0.450242 0.445282 0.435891 0.419206 0.391481 0.348595 0.287142 0.206028 0.107978 0.000000 
50.000000 39.721801 30.150750 21.848339 15.134644 10.068480 6.496404 4.139486 2.681746 1.835089 1.372456 1.134172 1.018266 0.964922 0.941649 0.932008 0.928208 0.926781 0.926269 0.926094 0.926037 0.926019 0.926013 0.926012 0.926011 0.926011 0.926011 0.926011 0.926011 0.926011 0.926011 0.926010 0.926007 0.926000 0.925977 0.925916 0.925755 0.925352 0.924390 0.922214 0.917545 0.908074 0.889969 0.857443 0.802754 0.717091 0.592787 0.426789 0.224246 0.000000 
50.000000 39.902690 30.500051 22.343670 15.747991 10.770815 7.261423 4.945820 3.513600 2.681746 2.227188 1.993058 1.879168 1.826750 1.803881 1.794406 1.790672 1.789269 1.788767 1.788594 1.788538 1.788520 1.788515 1.788513 1.788513 1.788513 1.788513 1.788513 1.788513 1.788512 1.788512 1.788511 1.788506 1.788493 1.788455 1.788351 1.788075 1.787380 1.785712 1.781907 1.773671 1.756800 1.724172 1.664793 1.563503 1.402354 1.164726 0.842470 0.444230 0.000000 
50.000000 40.214044 31.101293 23.196303 16.803821 11.979889 8.578471 6.334052 4.945820 4.139486 3.698858 3.471893 3.361485 3.310666 3.288494 3.279307 3.275687 3.274327 3.273839 3.273672 3.273618 3.273600 3.273595 3.273594 3.273593 3.273593 3.273593 3.273593 3.273593 3.273593 3.273592 3.273590 3.273583 3.273563 3.273504 3.273339 3.272903 3.271796 3.269120 3.262966 3.249517 3.221647 3.167026 3.066081 2.890848 2.606579 2.178595 1.586077 0.840668 0.000000 
50.000000 40.717311 32.073154 24.574563 18.510613 13.934494 10.707721 8.578471 7.261423 6.496404 6.078334 5.862977 5.758211 5.709987 5.688945 5.680226 5.676790 5.675499 5.675036 5.674878 5.674826 5.674809 5.674804 5.674803 5.674803 5.674803 5.674802 5.674802 5.674802 5.674802 5.674801 5.674798 5.674789 5.674759 5.674674 5.674437 5.673804 5.672189 5.668257 5.659128 5.638961 5.596630 5.512390 5.353861 5.072762 4.605484 3.882623 2.853193 1.524280 0.000000 
50.000000 41.479863 33.545750 26.663009 21.096973 16.896490 13.934494 11.979889 10.770815 10.068480 9.684646 9.486914 9.390716 9.346433 9.327110 9.319103 9.315946 9.314761 9.314336 9.314190 9.314142 9.314127 9.314123 9.314122 9.314121 9.314121 9.314121 9.314121 9.314121 9.314121 9.314119 9.314115 9.314103 9.314065 9.313955 9.313645 9.312814 9.310680 9.305442 9.293165 9.265726 9.207312 9.089040 8.861732 8.448245 7.739538 6.603407 4.920526 2.662545 0.000000 
50.000000 42.561142 35.633886 29.624497 24.764634 21.096973 18.510613 16.803821 15.747991 15.134644 14.799424 14.626726 14.542702 14.504020 14.487140 14.480145 14.477387 14.476351 14.475980 14.475852 14.475811 14.475798 14.475794 14.475792 14.475792 14.475792 14.475792 14.475792 14.475792 14.475791 14.475790 14.475786 14.475771 14.475728 14.475600 14.475240 14.474268 14.471755 14.465539 14.450829 14.417553 14.345637 14.197241 13.905129 13.357435 12.382317 10.743985 8.178499 4.524101 0.000000 
50.000000 43.993813 38.400660 33.548540 29.624497 26.663009 24.574563 23.196303 22.343670 21.848339 21.577607 21.438124 21.370256 21.339011 21.325375 21.319723 21.317495 21.316658 21.316358 21.316255 21.316222 21.316211 21.316208 21.316207 21.316207 21.316206 21.316206 21.316206 21.316206 21.316206 21.316205 21.316200 21.316186 21.316142 21.316014 21.315650 21.314665 21.312103 21.305718 21.290465 21.255552 21.178944 21.017708 20.691940 20.059602 18.880513 16.774270 13.204020 7.606753 0.000000 
50.000000 45.765279 41.821750 38.400660 35.633886 33.545750 32.073154 31.101293 30.500051 30.150750 29.959825 29.861455 29.813589 29.791552 29.781933 29.777947 29.776375 29.775785 29.775573 29.775500 29.775477 29.775469 29.775467 29.775466 29.775466 29.775466 29.775466 29.775466 29.775466 29.775466 29.775464 29.775461 29.775449 29.775413 29.775307 29.775007 29.774190 29.772054 29.766696 29.753797 29.723961 29.657581 29.515216 29.219961 28.625224 27.455388 25.196640 20.910875 13.037687 0.000000 
50.000000 47.807253 45.765279 43.993813 42.561142 41.479863 40.717311 40.214044 39.902690 39.721801 39.622925 39.571980 39.547190 39.535776 39.530794 39.528730 39.527915 39.527610 39.527500 39.527462 39.527450 39.527446 39.527445 39.527445 39.527445 39.527444 39.527444 39.527444 39.527444 39.527444 39.527444 39.527442 39.527435 39.527415 39.527354 39.527183 39.526717 39.525493 39.522410 39.514947 39.497555 39.458460 39.373376 39.193031 38.817318 38.037041 36.387060 32.727592 23.903626 0.000000 
50.000000 50.000000 50.000000 50.000000 50.000000 50.000000 50.000000 50.000000 50.000000 50.000000 50.000000 50.000000 50.000000 50.000000 50.000000 50.000000 50.000000 50.000000 50.000000 50.000000 50.000000 50.000000 50.000000 50.000000 50.000000 50.000000 50.000000 50.000000 50.000000 50.000000 50.000000 50.000000 50.000000 50.000000 50.000000 50.000000 50.000000 50.000000 50.000000 50.000000 50.000000 50.000000 50.000000 50.000000 50.000000 50.000000 50.000000 50.000000 50.000000 50.000000 
