50.000000 50.000000 50.000000 50.000000 50.000000 50.000000 50.000000 50.000000 50.000000 50.000000 50.000000 50.000000 50.000000 50.000000 50.000000 50.000000 50.000000 50.000000 50.000000 50.000000 50.000000 50.000000 50.000000 50.000000 50.000000 50.000000 50.000000 50.000000 50.000000 50.000000 50.000000 50.000000 50.000000 50.000000 50.000000 50.000000 50.000000 50.000000 50.000000 50.000000 50.000000 50.000000 50.000000 50.000000 50.000000 50.000000 50.000000 50.000000 50.000000 50.000000 
50.000000 48.505190 47.080497 45.786183 44.665106 43.739028 43.009140 42.460003 42.065388 41.794358 41.616317 41.504372 41.436946 41.398011 41.376439 41.364960 41.359090 41.356202 41.354833 41.354209 41.353934 41.353817 41.353769 41.353750 41.353743 41.353740 41.353739 41.353737 41.353735 41.353727 41.353709 41.353664 41.353556 41.353301 41.352721 41.351440 41.348694 41.342976 41.331398 41.308565 41.264608 41.181734 41.027982 40.745320 40.225034 39.251358 37.356812 33.405357 24.252595 0.000000 
50.000000 47.080497 44.297941 41.770033 39.580480 37.771783 36.346267 35.273775 34.503078 33.973752 33.626038 33.407410 33.275730 33.199693 33.157564 33.135148 33.123684 33.118044 33.115372 33.114152 33.113616 33.113387 33.113294 33.113257 33.113242 33.113237 33.113234 33.113232 33.113227 33.113214 33.113180 33.113098 33.112898 33.112431 33.111370 33.109031 33.104031 33.093651 33.072719 33.031657 32.953170 32.806650 32.538644 32.056252 31.197184 29.673855 26.968201 22.148971 13.675139 0.000000 
50.000000 45.786183 41.770033 38.121437 34.961213 32.350705 30.293262 28.745353 27.633033 26.869084 26.367254 26.051729 25.861691 25.751958 25.691160 25.658812 25.642268 25.634129 25.630274 25.628514 25.627739 25.627410 25.627275 25.627221 25.627201 25.627193 25.627189 25.627186 25.627179 25.627162 25.627119 25.627011 25.626752 25.626145 25.624772 25.621755 25.615329 25.602056 25.575450 25.523667 25.425703 25.245316 24.921496 24.353727 23.379763 21.744037 19.060719 14.801832 8.429370 0.000000 
50.000000 44.665106 39.580480 34.961213 30.960271 27.655316 25.050579 23.090942 21.682776 20.715654 20.080375 19.680951 19.440386 19.301481 19.224523 19.183577 19.162637 19.152335 19.147456 19.145228 19.144248 19.143831 19.143660 19.143592 19.143566 19.143556 19.143552 19.143548 19.143540 19.143522 19.143474 19.143356 19.143073 19.142412 19.140919 19.137654 19.130734 19.116527 19.088261 19.033765 18.931896 18.747205 18.422308 17.867721 16.949792 15.480136 13.217176 9.906624 5.413747 0.000000 
50.000000 43.739028 37.771783 32.350705 27.655316 23.776755 20.719979 18.420291 16.767797 15.632894 14.887418 14.418721 14.136441 13.973453 13.883155 13.835112 13.810544 13.798458 13.792733 13.790120 13.788970 13.788482 13.788281 13.788201 13.788171 13.788159 13.788154 13.788150 13.788143 13.788124 13.788078 13.787963 13.787688 13.787048 13.785610 13.782477 13.775876 13.762414 13.735852 13.685157 13.591581 13.424578 13.136571 12.657139 11.888377 10.705524 8.970942 6.574599 3.513994 0.000000 
50.000000 43.009140 36.346267 30.293262 25.050579 20.719979 17.306988 14.739348 12.894344 11.627254 10.794967 10.271703 9.956567 9.774614 9.673812 9.620182 9.592757 9.579267 9.572877 9.569960 9.568677 9.568131 9.567908 9.567819 9.567784 9.567772 9.567766 9.567762 9.567756 9.567739 9.567698 9.567596 9.567353 9.566789 9.565528 9.562795 9.557068 9.545473 9.522788 9.479935 9.401812 9.264480 9.031967 8.653494 8.062841 7.182858 5.939534 4.290015 2.263820 0.000000 
50.000000 42.460003 35.273775 28.745353 23.090942 18.420291 14.739348 11.970167 9.980378 8.613880 7.716317 7.152027 6.812191 6.615983 6.507286 6.449457 6.419887 6.405341 6.398452 6.395308 6.393924 6.393336 6.393094 6.392998 6.392962 6.392948 6.392942 6.392939 6.392933 6.392919 6.392885 6.392802 6.392603 6.392145 6.391124 6.388922 6.384337 6.375118 6.357235 6.323785 6.263519 6.159050 5.985084 5.707382 5.283721 4.668634 3.823857 2.735132 1.432021 0.000000 
50.000000 42.065388 34.503078 27.633033 21.682776 16.767797 12.894344 9.980378 7.886587 6.448690 5.504250 4.910500 4.552932 4.346490 4.232127 4.171286 4.140176 4.124873 4.117625 4.114318 4.112862 4.112243 4.111989 4.111889 4.111850 4.111835 4.111830 4.111826 4.111822 4.111812 4.111785 4.111722 4.111571 4.111223 4.110452 4.108799 4.105378 4.098545 4.085397 4.061033 4.017614 3.943293 3.821328 3.629864 3.343220 2.935571 2.387716 1.696428 0.883653 0.000000 
50.000000 41.794358 33.973752 26.869084 20.715654 15.632894 11.627254 8.613880 6.448690 4.961785 3.985171 3.371205 3.001470 2.788009 2.669759 2.606852 2.574687 2.558865 2.551372 2.547952 2.546447 2.545808 2.545546 2.545441 2.545401 2.545386 2.545381 2.545378 2.545374 2.545367 2.545348 2.545302 2.545194 2.544947 2.544402 2.543237 2.540841 2.536086 2.527006 2.510326 2.480893 2.431077 2.350361 2.225442 2.041313 1.783758 1.443381 1.020582 0.529750 0.000000 
50.000000 41.616317 33.626038 26.367254 20.080375 14.887418 10.794967 7.716317 5.504250 3.985171 2.987438 2.360206 1.982488 1.764421 1.643622 1.579361 1.546503 1.530341 1.522687 1.519195 1.517657 1.517004 1.516736 1.516630 1.516589 1.516574 1.516568 1.516565 1.516563 1.516558 1.516545 1.516514 1.516441 1.516276 1.515912 1.515138 1.513554 1.510432 1.504511 1.493719 1.474844 1.443216 1.392532 1.315032 1.202261 1.046610 0.843587 0.594382 0.307752 0.000000 
50.000000 41.504372 33.407410 26.051729 19.680951 14.418721 10.271703 7.152027 4.910500 3.371205 2.360206 1.724641 1.341909 1.120951 0.998553 0.933441 0.900149 0.883774 0.876019 0.872480 0.870923 0.870261 0.869990 0.869882 0.869841 0.869825 0.869819 0.869817 0.869815 0.869812 0.869803 0.869784 0.869738 0.869633 0.869402 0.868916 0.867924 0.865982 0.862320 0.855695 0.844199 0.825103 0.794792 0.748915 0.682869 0.592690 0.476279 0.334691 0.172973 0.000000 
50.000000 41.436946 33.275730 25.861691 19.440386 14.136441 9.956567 6.812191 4.552932 3.001470 1.982488 1.341909 0.956162 0.733465 0.610105 0.544482 0.510930 0.494426 0.486611 0.483044 0.481475 0.480808 0.480534 0.480426 0.480384 0.480369 0.480363 0.480361 0.480359 0.480357 0.480352 0.480340 0.480312 0.480249 0.480111 0.479820 0.479231 0.478081 0.475928 0.472055 0.465384 0.454387 0.437073 0.411094 0.374027 0.323860 0.259635 0.182079 0.093969 0.000000 
50.000000 41.398011 33.199693 25.751958 19.301481 13.973453 9.774614 6.615983 4.346490 2.788009 1.764421 1.120951 0.733465 0.509766 0.385851 0.319934 0.286231 0.269654 0.261804 0.258221 0.256645 0.255975 0.255700 0.255591 0.255549 0.255534 0.255528 0.255526 0.255525 0.255524 0.255521 0.255514 0.255498 0.255461 0.255382 0.255217 0.254883 0.254235 0.253026 0.250866 0.247168 0.241112 0.231646 0.217546 0.197577 0.170747 0.136629 0.095662 0.049317 0.000000 
50.000000 41.376439 33.157564 25.691160 19.224523 13.883155 9.673812 6.507286 4.232127 2.669759 1.643622 0.998553 0.610105 0.385851 0.261630 0.195550 0.161764 0.145146 0.137277 0.133686 0.132105 0.131434 0.131159 0.131049 0.131007 0.130992 0.130986 0.130984 0.130983 0.130982 0.130981 0.130977 0.130968 0.130948 0.130905 0.130815 0.130634 0.130285 0.129637 0.128484 0.126522 0.123327 0.118364 0.111017 0.100678 0.086869 0.069405 0.048533 0.024999 0.000000 
50.000000 41.364960 33.135148 25.658812 19.183577 13.835112 9.620182 6.449457 4.171286 2.606852 1.579361 0.933441 0.544482 0.319934 0.195550 0.129384 0.095554 0.078914 0.071035 0.067439 0.065856 0.065184 0.064908 0.064799 0.064757 0.064741 0.064736 0.064734 0.064733 0.064732 0.064731 0.064729 0.064725 0.064714 0.064692 0.064645 0.064552 0.064371 0.064039 0.063449 0.062451 0.060833 0.058334 0.054654 0.049503 0.042657 0.034040 0.023778 0.012240 0.000000 
50.000000 41.359090 33.123684 25.642268 19.162637 13.810544 9.592757 6.419887 4.140176 2.574687 1.546503 0.900149 0.510930 0.286231 0.161764 0.095554 0.061701 0.045051 0.037166 0.033568 0.031984 0.031312 0.031036 0.030926 0.030884 0.030868 0.030863 0.030861 0.030860 0.030860 0.030859 0.030858 0.030856 0.030851 0.030839 0.030816 0.030770 0.030681 0.030516 0.030227 0.029739 0.028952 0.027742 0.025968 0.023496 0.020225 0.016123 0.011253 0.005789 0.000000 
50.000000 41.356202 33.118044 25.634129 19.152335 13.798458 9.579267 6.405341 4.124873 2.558865 1.530341 0.883774 0.494426 0.269654 0.145146 0.078914 0.045051 0.028395 0.020508 0.016908 0.015324 0.014651 0.014375 0.014266 0.014224 0.014208 0.014202 0.014200 0.014200 0.014199 0.014199 0.014199 0.014198 0.014195 0.014190 0.014179 0.014156 0.014114 0.014036 0.013900 0.013671 0.013302 0.012738 0.011914 0.010770 0.009263 0.007377 0.005145 0.002646 0.000000 
50.000000 41.354833 33.115372 25.630274 19.147456 13.792733 9.572877 6.398452 4.117625 2.551372 1.522687 0.876019 0.486611 0.261804 0.137277 0.071035 0.037166 0.020508 0.012619 0.009019 0.007435 0.006762 0.006486 0.006376 0.006334 0.006318 0.006313 0.006311 0.006310 0.006310 0.006310 0.006309 0.006309 0.006308 0.006305 0.006300 0.006290 0.006271 0.006235 0.006173 0.006070 0.005903 0.005650 0.005281 0.004770 0.004099 0.003263 0.002274 0.001169 0.000000 
50.000000 41.354209 33.114152 25.628514 19.145228 13.790120 9.569960 6.395308 4.114318 2.547952 1.519195 0.872480 0.483044 0.258221 0.133686 0.067439 0.033568 0.016908 0.009019 0.005419 0.003835 0.003162 0.002885 0.002776 0.002734 0.002718 0.002713 0.002711 0.002710 0.002710 0.002710 0.002709 0.002709 0.002709 0.002708 0.002705 0.002701 0.002692 0.002677 0.002650 0.002604 0.002532 0.002422 0.002263 0.002043 0.001754 0.001395 0.000972 0.000500 0.000000 
50.000000 41.353934 33.113616 25.627739 19.144248 13.788970 9.568677 6.393924 4.112862 2.546447 1.517657 0.870923 0.481475 0.256645 0.132105 0.065857 0.031984 0.015324 0.007435 0.003835 0.002250 0.001577 0.001301 0.001191 0.001149 0.001134 0.001128 0.001126 0.001125 0.001125 0.001125 0.001125 0.001125 0.001125 0.001124 0.001123 0.001121 0.001118 0.001111 0.001100 0.001081 0.001050 0.001004 0.000938 0.000846 0.000726 0.000577 0.000402 0.000207 0.000000 
50.000000 41.353817 33.113388 25.627410 19.143831 13.788482 9.568132 6.393336 4.112244 2.545808 1.517004 0.870261 0.480808 0.255975 0.131434 0.065185 0.031312 0.014652 0.006762 0.003162 0.001577 0.000904 0.000628 0.000519 0.000477 0.000461 0.000455 0.000453 0.000453 0.000452 0.000452 0.000452 0.000452 0.000452 0.000452 0.000452 0.000451 0.000449 0.000447 0.000442 0.000434 0.000422 0.000403 0.000376 0.000339 0.000291 0.000231 0.000161 0.000083 0.000000 
50.000000 41.353769 33.113294 25.627275 19.143661 13.788282 9.567908 6.393095 4.111990 2.545546 1.516737 0.869991 0.480535 0.255701 0.131159 0.064909 0.031037 0.014376 0.006487 0.002886 0.001302 0.000629 0.000353 0.000243 0.000201 0.000185 0.000180 0.000178 0.000177 0.000177 0.000177 0.000177 0.000177 0.000177 0.000177 0.000177 0.000176 0.000176 0.000175 0.000173 0.000170 0.000165 0.000157 0.000147 0.000132 0.000114 0.000090 0.000063 0.000032 0.000000 
50.000000 41.353751 33.113258 25.627223 19.143594 13.788204 9.567821 6.393001 4.111891 2.545444 1.516633 0.869885 0.480429 0.255594 0.131052 0.064802 0.030929 0.014269 0.006379 0.002779 0.001194 0.000521 0.000245 0.000135 0.000093 0.000078 0.000072 0.000070 0.000070 0.000069 0.000069 0.000069 0.000069 0.000069 0.000069 0.000069 0.000069 0.000069 0.000068 0.000068 0.000066 0.000064 0.000062 0.000057 0.000052 0.000044 0.000035 0.000024 0.000013 0.000000 
50.000000 41.353744 33.113245 25.627205 19.143572 13.788177 9.567792 6.392969 4.111858 2.545410 1.516597 0.869849 0.480393 0.255558 0.131016 0.064766 0.030893 0.014232 0.006343 0.002742 0.001158 0.000485 0.000209 0.000099 0.000057 0.000041 0.000036 0.000034 0.000033 0.000033 0.000033 0.000033 0.000033 0.000033 0.000033 0.000033 0.000033 0.000033 0.000032 0.000032 0.000031 0.000031 0.000029 0.000027 0.000024 0.000021 0.000017 0.000012 0.000006 0.000000 
50.000000 41.353744 33.113245 25.627205 19.143572 13.788177 9.567792 6.392969 4.111858 2.545410 1.516597 0.869849 0.480393 0.255558 0.131016 0.064766 0.030893 0.014232 0.006343 0.002742 0.001158 0.000485 0.000209 0.000099 0.000057 0.000041 0.000036 0.000034 0.000033 0.000033 0.000033 0.000033 0.000033 0.000033 0.000033 0.000033 0.000033 0.000033 0.000032 0.000032 0.000031 0.000031 0.000029 0.000027 0.000024 0.000021 0.000017 0.000012 0.000006 0.000000 
50.000000 41.353751 33.113258 25.627223 19.143594 13.788204 9.567821 6.393001 4.111891 2.545444 1.516633 0.869885 0.480429 0.255594 0.131052 0.064802 0.030929 0.014269 0.006379 0.002779 0.001194 0.000521 0.000245 0.000135 0.000093 0.000078 0.000072 0.000070 0.000070 0.000069 0.000069 0.000069 0.000069 0.000069 0.000069 0.000069 0.000069 0.000069 0.000068 0.000068 0.000066 0.000064 0.000062 0.000057 0.000052 0.000044 0.000035 0.000024 0.000013 0.000000 
50.000000 41.353769 33.113294 25.627275 19.143661 13.788282 9.567908 6.393095 4.111990 2.545546 1.516737 0.869991 0.480535 0.255701 0.131159 0.064909 0.031037 0.014376 0.006487 0.002886 0.001302 0.000629 0.000353 0.000243 0.000201 0.000185 0.000180 0.000178 0.000177 0.000177 0.000177 0.000177 0.000177 0.000177 0.000177 0.000177 0.000176 0.000176 0.000175 0.000173 0.000170 0.000165 0.000157 0.000147 0.000132 0.000114 0.000090 0.000063 0.000032 0.000000 
50.000000 41.353817 33.113388 25.627410 19.143831 13.788482 9.568132 6.393336 4.112244 2.545808 1.517004 0.870261 0.480808 0.255975 0.131434 0.065185 0.031312 0.014652 0.006762 0.003162 0.001577 0.000904 0.000628 0.000519 0.000477 0.000461 0.000455 0.000453 0.000453 0.000452 0.000452 0.000452 0.000452 0.000452 0.000452 0.000452 0.000451 0.000449 0.000447 0.000442 0.000434 0.000422 0.000403 0.000376 0.000339 0.000291 0.000231 0.000161 0.000083 0.000000 
50.000000 41.353934 33.113616 25.627739 19.144248 13.788970 9.568677 6.393924 4.112862 2.546447 1.517657 0.870923 0.481475 0.256645 0.132105 0.065857 0.031984 0.015324 0.007435 0.003835 0.002250 0.001577 0.001301 0.001191 0.001149 0.001134 0.001128 0.001126 0.001125 0.001125 0.001125 0.001125 0.001125 0.001125 0.001124 0.001123 0.001121 0.001118 0.001111 0.001100 0.001081 0.001050 0.001004 0.000938 0.000846 0.000726 0.000577 0.000402 0.000207 0.000000 
50.000000 41.354209 33.114152 25.628514 19.145228 13.790120 9.569960 6.395308 4.114318 2.547952 1.519195 0.872480 0.483044 0.258221 0.133686 0.067439 0.033568 0.016908 0.009019 0.005419 0.003835 0.003162 0.002885 0.002776 0.002734 0.002718 0.002713 0.002711 0.002710 0.002710 0.002710 0.002709 0.002709 0.002709 0.002708 0.002705 0.002701 0.002692 0.002677 0.002650 0.002604 0.002532 0.002422 0.002263 0.002043 0.001754 0.001395 0.000972 0.000500 0.000000 
50.000000 41.354833 33.115372 25.630274 19.147456 13.792733 9.572877 6.398452 4.117625 2.551372 1.522687 0.876019 0.486611 0.261804 0.137277 0.071035 0.037166 0.020508 0.012619 0.009019 0.007435 0.006762 0.006486 0.006376 0.006334 0.006318 0.006313 0.006311 0.006310 0.006310 0.006310 0.006309 0.006309 0.006308 0.006305 0.006300 0.006290 0.006271 0.006235 0.006173 0.006070 0.005903 0.005650 0.005281 0.004770 0.004099 0.003263 0.002274 0.001169 0.000000 
50.000000 41.356202 33.118044 25.634129 19.152335 13.798458 9.579267 6.405341 4.124873 2.558865 1.530341 0.883774 0.494426 0.269654 0.145146 0.078914 0.045051 0.028395 0.020508 0.016908 0.015324 0.014651 0.014375 0.014266 0.014224 0.014208 0.014202 0.014200 0.014200 0.014199 0.014199 0.014199 0.014198 0.014195 0.014190 0.014179 0.014156 0.014114 0.014036 0.013900 0.013671 0.013302 0.012738 0.011914 0.010770 0.009263 0.007377 0.005145 0.002646 0.000000 
50.000000 41.359090 33.123684 25.642268 19.162637 13.810544 9.592757 6.419887 4.140176 2.574687 1.546503 0.900149 0.510930 0.286231 0.161764 0.095554 0.061701 0.045051 0.037166 0.033568 0.031984 0.031312 0.031036 0.030926 0.030884 0.030868 0.030863 0.030861 0.030860 0.030860 0.030859 0.030858 0.030856 0.030851 0.030839 0.030816 0.030770 0.030681 0.030516 0.030227 0.029739 0.028952 0.027742 0.025968 0.023496 0.020225 0.016123 0.011253 0.005789 0.000000 
50.000000 41.364960 33.135148 25.658812 19.183577 13.835112 9.620182 6.449457 4.171286 2.606852 1.579361 0.933441 0.544482 0.319934 0.195550 0.129384 0.095554 0.078914 0.071035 0.067439 0.065856 0.065184 0.064908 0.064799 0.064757 0.064741 0.064736 0.064734 0.064733 0.064732 0.064731 0.064729 0.064725 0.064714 0.064692 0.064645 0.064552 0.064371 0.064039 0.063449 0.062451 0.060833 0.058334 0.054654 0.049503 0.042657 0.034040 0.023778 0.012240 0.000000 
50.000000 41.376439 33.157564 25.691160 19.224523 13.883155 9.673812 6.507286 4.232127 2.669759 1.643622 0.998553 0.610105 0.385851 0.261630 0.195550 0.161764 0.145146 0.137277 0.133686 0.132105 0.131434 0.131159 0.131049 0.131007 0.130992 0.130986 0.130984 0.130983 0.130982 0.130981 0.130977 0.130968 0.130948 0.130905 0.130815 0.130634 0.130285 0.129637 0.128484 0.126522 0.123327 0.118364 0.111017 0.100678 0.086869 0.069405 0.048533 0.024999 0.000000 
50.000000 41.398011 33.199693 25.751958 19.301481 13.973453 9.774614 6.615983 4.346490 2.788009 1.764421 1.120951 0.733465 0.509766 0.385851 0.319934 0.286231 0.269654 0.261804 0.258221 0.256645 0.255975 0.255700 0.255591 0.255549 0.255534 0.255528 0.255526 0.255525 0.255524 0.255521 0.255514 0.255498 0.255461 0.255382 0.255217 0.254883 0.254235 0.253026 0.250866 0.247168 0.241112 0.231646 0.217546 0.197577 0.170747 0.136629 0.095662 0.049317 0.000000 
50.000000 41.436946 33.275730 25.861691 19.440386 14.136441 9.956567 6.812191 4.552932 3.001470 1.982488 1.341909 0.956162 0.733465 0.610105 0.544482 0.510930 0.494426 0.486611 0.483044 0.481475 0.480808 0.480534 0.480426 0.480384 0.480369 0.480363 0.480361 0.480359 0.480357 0.480352 0.480340 0.480312 0.480249 0.480111 0.479820 0.479231 0.478081 0.475928 0.472055 0.465384 0.454387 0.437073 0.411094 0.374027 0.323860 0.259635 0.182079 0.093969 0.000000 
50.000000 41.504372 33.407410 26.051729 19.680951 14.418721 10.271703 7.152027 4.910500 3.371205 2.360206 1.724641 1.341909 1.120951 0.998553 0.933441 0.900149 0.883774 0.876019 0.872480 0.870923 0.870261 0.869990 0.869882 0.869841 0.869825 0.869819 0.869817 0.869815 0.869812 0.869803 0.869784 0.869738 0.869633 0.869402 0.868916 0.867924 0.865982 0.862320 0.855695 0.844199 0.825103 0.794792 0.748915 0.682869 0.592690 0.476279 0.334691 0.172973 0.000000 
50.000000 41.616317 33.626038 26.367254 20.080375 14.887418 10.794967 7.716317 5.504250 3.985171 2.987438 2.360206 1.982488 1.764421 1.643622 1.579361 1.546503 1.530341 1.522687 1.519195 1.517657 1.517004 1.516736 1.516630 1.516589 1.516574 1.516568 1.516565 1.516563 1.516558 1.516545 1.516514 1.516441 1.516276 1.515912 1.515138 1.513554 1.510432 1.504511 1.493719 1.474844 1.443216 1.392532 1.315032 1.202261 1.046610 0.843587 0.594382 0.307752 0.000000 
50.000000 41.794358 33.973752 26.869084 20.715654 15.632894 11.627254 8.613880 6.448690 4.961785 3.985171 3.371205 3.001470 2.788009 2.669759 2.606852 2.574687 2.558865 2.551372 2.547952 2.546447 2.545808 2.545546 2.545441 2.545401 2.545386 2.545381 2.545378 2.545374 2.545367 2.545348 2.545302 2.545194 2.544947 2.544402 2.543237 2.540841 2.536086 2.527006 2.510326 2.480893 2.431077 2.350361 2.225442 2.041313 1.783758 1.443381 1.020582 0.529750 0.000000 
50.000000 42.065388 34.503078 27.633033 21.682776 16.767797 12.894344 9.980378 7.886587 6.448690 5.504250 4.910500 4.552932 4.346490 4.232127 4.171286 4.140176 4.124873 4.117625 4.114318 4.112862 4.112243 4.111989 4.111889 4.111850 4.111835 4.111830 4.111826 4.111822 4.111812 4.111785 4.111722 4.111571 4.111223 4.110452 4.108799 4.105378 4.098545 4.085397 4.061033 4.017614 3.943293 3.821328 3.629864 3.343220 2.935571 2.387716 1.696428 0.883653 0.000000 
50.000000 42.460003 35.273775 28.745353 23.090942 18.420291 14.739348 11.970167 9.980378 8.613880 7.716317 7.152027 6.812191 6.615983 6.507286 6.449457 6.419887 6.405341 6.398452 6.395308 6.393924 6.393336 6.393094 6.392998 6.392962 6.392948 6.392942 6.392939 6.392933 6.392919 6.392885 6.392802 6.392603 6.392145 6.391124 6.388922 6.384337 6.375118 6.357235 6.323785 6.263519 6.159050 5.985084 5.707382 5.283721 4.668634 3.823857 2.735132 1.432021 0.000000 
50.000000 43.009140 36.346267 30.293262 25.050579 20.719979 17.306988 14.739348 12.894344 11.627254 10.794967 10.271703 9.956567 9.774614 9.673812 9.620182 9.592757 9.579267 9.572877 9.569960 9.568677 9.568131 9.567908 9.567819 9.567784 9.567772 9.567766 9.567762 9.567756 9.567739 9.567698 9.567596 9.567353 9.566789 9.565528 9.562795 9.557068 9.545473 9.522788 9.479935 9.401812 9.264480 9.031967 8.653494 8.062841 7.182858 5.939534 4.290015 2.263820 0.000000 
50.000000 43.739028 37.771783 32.350705 27.655316 23.776755 20.719979 18.420291 16.767797 15.632894 14.887418 14.418721 14.136441 13.973453 13.883155 13.835112 13.810544 13.798458 13.792733 13.790120 13.788970 13.788482 13.788281 13.788201 13.788171 13.788159 13.788154 13.788150 13.788143 13.788124 13.788078 13.787963 13.787688 13.787048 13.785610 13.782477 13.775876 13.762414 13.735852 13.685157 13.591581 13.424578 13.136571 12.657139 11.888377 10.705524 8.970942 6.574599 3.513994 0.000000 
50.000000 44.665106 39.580480 34.961213 30.960271 27.655316 25.050579 23.090942 21.682776 20.715654 20.080375 19.680951 19.440386 19.301481 19.224523 19.183577 19.162637 19.152335 19.147456 19.145228 19.144248 19.143831 19.143660 19.143592 19.143566 19.143556 19.143552 19.143548 19.143540 19.143522 19.143474 19.143356 19.143073 19.142412 19.140919 19.137654 19.130734 19.116527 19.088261 19.033765 18.931896 18.747205 18.422308 17.867721 16.949792 15.480136 13.217176 9.906624 5.413747 0.000000 
50.000000 45.786183 41.770033 38.121437 34.961213 32.350705 30.293262 28.745353 27.633033 26.869084 26.367254 26.051729 25.861691 25.751958 25.691160 25.658812 25.642268 25.634129 25.630274 25.628514 25.627739 25.627410 25.627275 25.627221 25.627201 25.627193 25.627189 25.627186 25.627179 25.627162 25.627119 25.627011 25.626752 25.626145 25.624772 25.621755 25.615329 25.602056 25.575450 25.523667 25.425703 25.245316 24.921496 24.353727 23.379763 21.744037 19.060719 14.801832 8.429370 0.000000 
50.000000 47.080497 44.297941 41.770033 39.580480 37.771783 36.346267 35.273775 34.503078 33.973752 33.626038 33.407410 33.275730 33.199693 33.157564 33.135148 33.123684 33.118044 33.115372 33.114152 33.113616 33.113387 33.113294 33.113257 33.113242 33.113237 33.113234 33.113232 33.113227 33.113214 33.113180 33.113098 33.112898 33.112431 33.111370 33.109031 33.104031 33.093651 33.072719 33.031657 32.953170 32.806650 32.538644 32.056252 31.197184 29.673855 26.968201 22.148971 13.675139 0.000000 
50.000000 48.505190 47.080497 45.786183 44.665106 43.739028 43.009140 42.460003 42.065388 41.794358 41.616317 41.504372 41.436946 41.398011 41.376439 41.364960 41.359090 41.356202 41.354833 41.354209 41.353934 41.353817 41.353769 41.353750 41.353743 41.353740 41.353739 41.353737 41.353735 41.353727 41.353709 41.353664 41.353556 41.353301 41.352721 41.351440 41.348694 41.342976 41.331398 41.308565 41.264608 41.181734 41.027982 40.745320 40.225034 39.251358 37.356812 33.405357 24.252595 0.000000 
50.000000 50.000000 50.000000 50.000000 50.000000 50.000000 50.000000 50.000000 50.000000 50.000000 50.000000 50.000000 50.000000 50.000000 50.000000 50.000000 50.000000 50.000000 50.000000 50.000000 50.000000 50.000000 50.000000 50.000000 50.000000 50.000000 50.000000 50.000000 50.000000 50.000000 50.000000 50.000000 50.000000 50.000000 50.000000 50.000000 50.000000 50.000000 50.000000 50.000000 50.000000 50.000000 50.000000 50.000000 50.000000 50.000000 50.000000 50.000000 50.000000 50.000000 
