50.000000 50.000000 50.000000 50.000000 50.000000 50.000000 50.000000 50.000000 50.000000 50.000000 50.000000 50.000000 50.000000 50.000000 50.000000 50.000000 50.000000 50.000000 50.000000 50.000000 50.000000 50.000000 50.000000 50.000000 50.000000 50.000000 50.000000 50.000000 50.000000 50.000000 50.000000 50.000000 50.000000 50.000000 50.000000 50.000000 50.000000 50.000000 50.000000 50.000000 50.000000 50.000000 50.000000 50.000000 50.000000 50.000000 50.000000 50.000000 50.000000 50.000000 
50.000000 48.395184 46.871177 45.496596 44.318738 43.359500 42.616660 42.069305 41.685283 41.428539 41.264830 41.165181 41.107225 41.074986 41.057816 41.049053 41.044763 41.042746 41.041835 41.041438 41.041272 41.041205 41.041179 41.041170 41.041166 41.041165 41.041164 41.041164 41.041162 41.041158 41.041148 41.041121 41.041052 41.040884 41.040484 41.039561 41.037503 41.033049 41.023698 41.004625 40.966744 40.893251 40.753338 40.490159 39.996035 39.055840 37.202108 33.298025 24.197592 0.000000 
50.000000 46.871177 43.899906 41.219969 38.923583 37.053432 35.605185 34.538067 33.789387 33.288851 32.969693 32.775428 32.662443 32.599594 32.566123 32.549041 32.540677 32.536746 32.534969 32.534197 32.533873 32.533743 32.533692 32.533673 32.533666 32.533663 32.533662 32.533661 32.533659 32.533652 32.533633 32.533583 32.533458 32.533151 32.532423 32.530750 32.527023 32.518987 32.502184 32.468094 32.400871 32.271745 32.029397 31.583131 30.772571 29.311322 26.681346 21.949953 13.573152 0.000000 
50.000000 45.496596 41.219969 37.362685 34.057472 31.365767 29.281329 27.745463 26.667930 25.947546 25.488215 25.208634 25.046033 24.955586 24.907419 24.882837 24.870802 24.865145 24.862588 24.861477 24.861012 24.860824 24.860751 24.860723 24.860713 24.860710 24.860708 24.860706 24.860703 24.860694 24.860670 24.860606 24.860445 24.860051 24.859118 24.856980 24.852238 24.842062 24.820917 24.778354 24.695283 24.537898 24.248010 23.728015 22.818201 21.264575 18.681343 14.538624 8.294488 0.000000 
50.000000 44.318738 38.923583 34.057472 29.887854 26.492230 23.862716 21.925254 20.565995 19.657281 19.077881 18.725225 18.520130 18.406049 18.345298 18.314294 18.299116 18.291981 18.288757 18.287356 18.286769 18.286532 18.286440 18.286405 18.286393 18.286388 18.286386 18.286384 18.286381 18.286371 18.286344 18.286275 18.286102 18.285678 18.284678 18.282395 18.277359 18.266614 18.244454 18.200265 18.115050 17.956079 17.669124 17.167960 16.321770 14.943927 12.792897 9.612261 5.262899 0.000000 
50.000000 43.359500 37.053432 31.365767 26.492230 22.523401 19.450054 17.185609 15.596981 14.534951 13.857812 13.445678 13.206000 13.072686 13.001696 12.965468 12.947733 12.939396 12.935629 12.933992 12.933307 12.933030 12.932922 12.932882 12.932867 12.932862 12.932860 12.932858 12.932854 12.932845 12.932819 12.932753 12.932588 12.932185 12.931237 12.929085 12.924362 12.914353 12.893881 12.853469 12.776506 12.635163 12.385012 11.958883 11.261701 10.170460 8.547566 6.280861 3.363465 0.000000 
50.000000 42.616660 35.605185 29.281329 23.862716 19.450054 16.033067 13.515474 11.749287 10.568583 9.815799 9.357637 9.091199 8.943006 8.864095 8.823827 8.804114 8.794849 8.790662 8.788842 8.788081 8.787773 8.787654 8.787609 8.787592 8.787586 8.787584 8.787582 8.787579 8.787571 8.787549 8.787492 8.787348 8.787000 8.786186 8.784346 8.780332 8.771886 8.754755 8.721278 8.658306 8.544375 8.346388 8.016533 7.491171 6.694756 5.553314 4.022054 2.126500 0.000000 
50.000000 42.069305 34.538067 27.745463 21.925254 17.185609 13.515474 10.811414 8.914450 7.646350 6.837866 6.345817 6.059680 5.900537 5.815797 5.772556 5.751389 5.741440 5.736945 5.734991 5.734173 5.733843 5.733715 5.733667 5.733649 5.733643 5.733640 5.733639 5.733636 5.733630 5.733612 5.733566 5.733452 5.733175 5.732532 5.731084 5.727945 5.721387 5.708193 5.682665 5.635198 5.550501 5.405707 5.169086 4.800597 4.256130 3.497453 2.508669 1.315967 0.000000 
50.000000 41.685283 33.789387 26.667930 20.565995 15.596981 11.749287 8.914450 6.925780 5.596403 4.748870 4.233068 3.933127 3.766310 3.677487 3.632164 3.609979 3.599551 3.594840 3.592793 3.591936 3.591590 3.591455 3.591405 3.591386 3.591380 3.591377 3.591376 3.591374 3.591369 3.591356 3.591322 3.591237 3.591033 3.590560 3.589502 3.587221 3.582487 3.573039 3.554926 3.521607 3.462890 3.363949 3.204912 2.961818 2.609916 2.130031 1.517643 0.792032 0.000000 
50.000000 41.428539 33.288851 25.947546 19.657281 14.534951 10.568583 7.646350 5.596403 4.226087 3.352470 2.820805 2.511646 2.339707 2.248159 2.201446 2.178582 2.167835 2.162980 2.160870 2.159987 2.159631 2.159492 2.159440 2.159421 2.159414 2.159412 2.159410 2.159409 2.159405 2.159396 2.159373 2.159314 2.159173 2.158848 2.158124 2.156573 2.153374 2.147037 2.134989 2.113043 2.074796 2.011152 1.910277 1.758444 1.542231 1.252263 0.887980 0.461795 0.000000 
50.000000 41.264830 32.969693 25.488215 19.077881 13.857812 9.815799 6.837866 4.748870 3.352470 2.462237 1.920469 1.605441 1.430241 1.336958 1.289362 1.266065 1.255115 1.250169 1.248019 1.247119 1.246756 1.246615 1.246562 1.246543 1.246536 1.246533 1.246532 1.246531 1.246529 1.246523 1.246507 1.246469 1.246378 1.246168 1.245702 1.244709 1.242674 1.238671 1.231119 1.217481 1.193944 1.155201 1.094520 1.004343 0.877616 0.709861 0.501599 0.260204 0.000000 
50.000000 41.165181 32.775428 25.208634 18.725225 13.445678 9.357637 6.345817 4.233068 2.820805 1.920469 1.372560 1.053965 0.876783 0.782447 0.734313 0.710754 0.699681 0.694679 0.692505 0.691596 0.691228 0.691086 0.691032 0.691012 0.691006 0.691003 0.691002 0.691001 0.691000 0.690996 0.690987 0.690963 0.690907 0.690779 0.690496 0.689896 0.688672 0.686280 0.681799 0.673769 0.660029 0.637624 0.602883 0.551797 0.480771 0.387717 0.273244 0.141483 0.000000 
50.000000 41.107225 32.662443 25.046033 18.520130 13.206000 9.091199 6.059680 3.933127 2.511646 1.605441 1.053965 0.733298 0.554966 0.460018 0.411573 0.387862 0.376718 0.371684 0.369496 0.368580 0.368211 0.368067 0.368013 0.367993 0.367986 0.367984 0.367983 0.367983 0.367982 0.367980 0.367974 0.367960 0.367928 0.367854 0.367691 0.367347 0.366649 0.365292 0.362767 0.358273 0.350640 0.338294 0.319313 0.291646 0.253516 0.203971 0.143456 0.074176 0.000000 
50.000000 41.074986 32.599594 24.955586 18.406049 13.072686 8.943006 5.900537 3.766310 2.339707 1.430241 0.876783 0.554966 0.375995 0.280708 0.232091 0.208295 0.197111 0.192059 0.189864 0.188945 0.188574 0.188430 0.188376 0.188356 0.188349 0.188347 0.188346 0.188345 0.188345 0.188344 0.188340 0.188333 0.188315 0.188274 0.188185 0.187998 0.187619 0.186887 0.185531 0.183134 0.179089 0.172591 0.162674 0.148325 0.128690 0.103348 0.072570 0.037483 0.000000 
50.000000 41.057816 32.566123 24.907419 18.345298 13.001696 8.864095 5.815797 3.677487 2.248159 1.336958 0.782447 0.460018 0.280708 0.185241 0.136532 0.112691 0.101487 0.096425 0.094226 0.093305 0.092934 0.092789 0.092735 0.092715 0.092708 0.092706 0.092705 0.092705 0.092704 0.092704 0.092702 0.092698 0.092689 0.092667 0.092621 0.092523 0.092328 0.091951 0.091256 0.090035 0.087985 0.084713 0.079749 0.072611 0.062902 0.050440 0.035373 0.018255 0.000000 
50.000000 41.049053 32.549041 24.882837 18.314294 12.965468 8.823827 5.772556 3.632164 2.201446 1.289362 0.734313 0.411573 0.232091 0.136532 0.087776 0.063912 0.052697 0.047631 0.045429 0.044508 0.044136 0.043991 0.043937 0.043917 0.043910 0.043908 0.043907 0.043907 0.043906 0.043906 0.043905 0.043903 0.043899 0.043888 0.043865 0.043816 0.043720 0.043534 0.043194 0.042598 0.041604 0.040024 0.037640 0.034231 0.029616 0.023719 0.016617 0.008570 0.000000 
50.000000 41.044763 32.540677 24.870802 18.299116 12.947733 8.804114 5.751389 3.609979 2.178582 1.266065 0.710754 0.387862 0.208295 0.112691 0.063912 0.040038 0.028817 0.023749 0.021546 0.020624 0.020252 0.020107 0.020053 0.020033 0.020026 0.020024 0.020023 0.020023 0.020023 0.020022 0.020022 0.020021 0.020019 0.020014 0.020003 0.019980 0.019934 0.019847 0.019687 0.019408 0.018946 0.018214 0.017114 0.015548 0.013438 0.010752 0.007526 0.003879 0.000000 
50.000000 41.042746 32.536746 24.865145 18.291981 12.939396 8.794849 5.741440 3.599551 2.167835 1.255115 0.699681 0.376718 0.197111 0.101487 0.052697 0.028817 0.017594 0.012525 0.010321 0.009399 0.009027 0.008883 0.008828 0.008808 0.008801 0.008799 0.008798 0.008798 0.008798 0.008798 0.008798 0.008797 0.008796 0.008794 0.008789 0.008778 0.008758 0.008718 0.008646 0.008521 0.008314 0.007988 0.007500 0.006808 0.005879 0.004700 0.003288 0.001694 0.000000 
50.000000 41.041835 32.534969 24.862588 18.288757 12.935629 8.790662 5.736945 3.594840 2.162980 1.250169 0.694679 0.371684 0.192059 0.096425 0.047631 0.023749 0.012525 0.007455 0.005251 0.004329 0.003957 0.003812 0.003758 0.003738 0.003731 0.003729 0.003728 0.003727 0.003727 0.003727 0.003727 0.003727 0.003727 0.003726 0.003723 0.003719 0.003710 0.003693 0.003661 0.003608 0.003519 0.003379 0.003171 0.002876 0.002482 0.001982 0.001386 0.000714 0.000000 
50.000000 41.041438 32.534197 24.861477 18.287356 12.933992 8.788842 5.734991 3.592793 2.160870 1.248019 0.692505 0.369496 0.189864 0.094226 0.045429 0.021546 0.010321 0.005251 0.003047 0.002125 0.001753 0.001608 0.001554 0.001534 0.001527 0.001525 0.001524 0.001524 0.001524 0.001524 0.001524 0.001524 0.001523 0.001523 0.001522 0.001520 0.001516 0.001509 0.001496 0.001474 0.001437 0.001379 0.001294 0.001173 0.001011 0.000807 0.000564 0.000290 0.000000 
50.000000 41.041272 32.533873 24.861012 18.286769 12.933307 8.788081 5.734173 3.591936 2.159987 1.247119 0.691596 0.368580 0.188945 0.093305 0.044508 0.020624 0.009399 0.004329 0.002125 0.001203 0.000831 0.000686 0.000632 0.000612 0.000605 0.000603 0.000602 0.000602 0.000602 0.000601 0.000601 0.000601 0.000601 0.000601 0.000601 0.000600 0.000599 0.000596 0.000590 0.000581 0.000567 0.000544 0.000510 0.000462 0.000398 0.000318 0.000222 0.000114 0.000000 
50.000000 41.041206 32.533743 24.860824 18.286532 12.933030 8.787773 5.733843 3.591590 2.159631 1.246756 0.691229 0.368211 0.188574 0.092934 0.044136 0.020252 0.009027 0.003957 0.001753 0.000831 0.000459 0.000314 0.000260 0.000240 0.000233 0.000231 0.000230 0.000230 0.000230 0.000230 0.000230 0.000229 0.000229 0.000229 0.000229 0.000229 0.000228 0.000227 0.000225 0.000222 0.000216 0.000207 0.000194 0.000176 0.000152 0.000121 0.000084 0.000043 0.000000 
50.000000 41.041179 32.533692 24.860751 18.286440 12.932923 8.787654 5.733715 3.591456 2.159492 1.246615 0.691086 0.368067 0.188430 0.092789 0.043991 0.020108 0.008883 0.003812 0.001609 0.000686 0.000314 0.000170 0.000115 0.000095 0.000088 0.000086 0.000085 0.000085 0.000085 0.000085 0.000085 0.000085 0.000085 0.000085 0.000085 0.000085 0.000085 0.000084 0.000083 0.000082 0.000080 0.000077 0.000072 0.000065 0.000056 0.000045 0.000031 0.000016 0.000000 
50.000000 41.041170 32.533673 24.860724 18.286406 12.932883 8.787610 5.733668 3.591406 2.159441 1.246563 0.691033 0.368014 0.188377 0.092736 0.043938 0.020054 0.008829 0.003759 0.001555 0.000633 0.000261 0.000116 0.000062 0.000042 0.000035 0.000032 0.000032 0.000031 0.000031 0.000031 0.000031 0.000031 0.000031 0.000031 0.000031 0.000031 0.000031 0.000031 0.000031 0.000030 0.000029 0.000028 0.000026 0.000024 0.000021 0.000016 0.000011 0.000006 0.000000 
50.000000 41.041167 32.533667 24.860715 18.286395 12.932870 8.787595 5.733652 3.591390 2.159424 1.246546 0.691016 0.367997 0.188359 0.092718 0.043920 0.020037 0.008812 0.003741 0.001538 0.000615 0.000243 0.000099 0.000044 0.000024 0.000017 0.000015 0.000014 0.000014 0.000014 0.000014 0.000014 0.000014 0.000014 0.000014 0.000014 0.000014 0.000014 0.000014 0.000014 0.000013 0.000013 0.000013 0.000012 0.000011 0.000009 0.000007 0.000005 0.000003 0.000000 
50.000000 41.041167 32.533667 24.860715 18.286395 12.932870 8.787595 5.733652 3.591390 2.159424 1.246546 0.691016 0.367997 0.188359 0.092718 0.043920 0.020037 0.008812 0.003741 0.001538 0.000615 0.000243 0.000099 0.000044 0.000024 0.000017 0.000015 0.000014 0.000014 0.000014 0.000014 0.000014 0.000014 0.000014 0.000014 0.000014 0.000014 0.000014 0.000014 0.000014 0.000013 0.000013 0.000013 0.000012 0.000011 0.000009 0.000007 0.000005 0.000003 0.000000 
50.000000 41.041170 32.533673 24.860724 18.286406 12.932883 8.787610 5.733668 3.591406 2.159441 1.246563 0.691033 0.368014 0.188377 0.092736 0.043938 0.020054 0.008829 0.003759 0.001555 0.000633 0.000261 0.000116 0.000062 0.000042 0.000035 0.000032 0.000032 0.000031 0.000031 0.000031 0.000031 0.000031 0.000031 0.000031 0.000031 0.000031 0.000031 0.000031 0.000031 0.000030 0.000029 0.000028 0.000026 0.000024 0.000021 0.000016 0.000011 0.000006 0.000000 
50.000000 41.041179 32.533692 24.860751 18.286440 12.932923 8.787654 5.733715 3.591456 2.159492 1.246615 0.691086 0.368067 0.188430 0.092789 0.043991 0.020108 0.008883 0.003812 0.001609 0.000686 0.000314 0.000170 0.000115 0.000095 0.000088 0.000086 0.000085 0.000085 0.000085 0.000085 0.000085 0.000085 0.000085 0.000085 0.000085 0.000085 0.000085 0.000084 0.000083 0.000082 0.000080 0.000077 0.000072 0.000065 0.000056 0.000045 0.000031 0.000016 0.000000 
50.000000 41.041206 32.533743 24.860824 18.286532 12.933030 8.787773 5.733843 3.591590 2.159631 1.246756 0.691229 0.368211 0.188574 0.092934 0.044136 0.020252 0.009027 0.003957 0.001753 0.000831 0.000459 0.000314 0.000260 0.000240 0.000233 0.000231 0.000230 0.000230 0.000230 0.000230 0.000230 0.000229 0.000229 0.000229 0.000229 0.000229 0.000228 0.000227 0.000225 0.000222 0.000216 0.000207 0.000194 0.000176 0.000152 0.000121 0.000084 0.000043 0.000000 
50.000000 41.041272 32.533873 24.861012 18.286769 12.933307 8.788081 5.734173 3.591936 2.159987 1.247119 0.691596 0.368580 0.188945 0.093305 0.044508 0.020624 0.009399 0.004329 0.002125 0.001203 0.000831 0.000686 0.000632 0.000612 0.000605 0.000603 0.000602 0.000602 0.000602 0.000601 0.000601 0.000601 0.000601 0.000601 0.000601 0.000600 0.000599 0.000596 0.000590 0.000581 0.000567 0.000544 0.000510 0.000462 0.000398 0.000318 0.000222 0.000114 0.000000 
50.000000 41.041438 32.534197 24.861477 18.287356 12.933992 8.788842 5.734991 3.592793 2.160870 1.248019 0.692505 0.369496 0.189864 0.094226 0.045429 0.021546 0.010321 0.005251 0.003047 0.002125 0.001753 0.001608 0.001554 0.001534 0.001527 0.001525 0.001524 0.001524 0.001524 0.001524 0.001524 0.001524 0.001523 0.001523 0.001522 0.001520 0.001516 0.001509 0.001496 0.001474 0.001437 0.001379 0.001294 0.001173 0.001011 0.000807 0.000564 0.000290 0.000000 
50.000000 41.041835 32.534969 24.862588 18.288757 12.935629 8.790662 5.736945 3.594840 2.162980 1.250169 0.694679 0.371684 0.192059 0.096425 0.047631 0.023749 0.012525 0.007455 0.005251 0.004329 0.003957 0.003812 0.003758 0.003738 0.003731 0.003729 0.003728 0.003727 0.003727 0.003727 0.003727 0.003727 0.003727 0.003726 0.003723 0.003719 0.003710 0.003693 0.003661 0.003608 0.003519 0.003379 0.003171 0.002876 0.002482 0.001982 0.001386 0.000714 0.000000 
50.000000 41.042746 32.536746 24.865145 18.291981 12.939396 8.794849 5.741440 3.599551 2.167835 1.255115 0.699681 0.376718 0.197111 0.101487 0.052697 0.028817 0.017594 0.012525 0.010321 0.009399 0.009027 0.008883 0.008828 0.008808 0.008801 0.008799 0.008798 0.008798 0.008798 0.008798 0.008798 0.008797 0.008796 0.008794 0.008789 0.008778 0.008758 0.008718 0.008646 0.008521 0.008314 0.007988 0.007500 0.006808 0.005879 0.004700 0.003288 0.001694 0.000000 
50.000000 41.044763 32.540677 24.870802 18.299116 12.947733 8.804114 5.751389 3.609979 2.178582 1.266065 0.710754 0.387862 0.208295 0.112691 0.063912 0.040038 0.028817 0.023749 0.021546 0.020624 0.020252 0.020107 0.020053 0.020033 0.020026 0.020024 0.020023 0.020023 0.020023 0.020022 0.020022 0.020021 0.020019 0.020014 0.020003 0.019980 0.019934 0.019847 0.019687 0.019408 0.018946 0.018214 0.017114 0.015548 0.013438 0.010752 0.007526 0.003879 0.000000 
50.000000 41.049053 32.549041 24.882837 18.314294 12.965468 8.823827 5.772556 3.632164 2.201446 1.289362 0.734313 0.411573 0.232091 0.136532 0.087776 0.063912 0.052697 0.047631 0.045429 0.044508 0.044136 0.043991 0.043937 0.043917 0.043910 0.043908 0.043907 0.043907 0.043906 0.043906 0.043905 0.043903 0.043899 0.043888 0.043865 0.043816 0.043720 0.043534 0.043194 0.042598 0.041604 0.040024 0.037640 0.034231 0.029616 0.023719 0.016617 0.008570 0.000000 
50.000000 41.057816 32.566123 24.907419 18.345298 13.001696 8.864095 5.815797 3.677487 2.248159 1.336958 0.782447 0.460018 0.280708 0.185241 0.136532 0.112691 0.101487 0.096425 0.094226 0.093305 0.092934 0.092789 0.092735 0.092715 0.092708 0.092706 0.092705 0.092705 0.092704 0.092704 0.092702 0.092698 0.092689 0.092667 0.092621 0.092523 0.092328 0.091951 0.091256 0.090035 0.087985 0.084713 0.079749 0.072611 0.062902 0.050440 0.035373 0.018255 0.000000 
50.000000 41.074986 32.599594 24.955586 18.406049 13.072686 8.943006 5.900537 3.766310 2.339707 1.430241 0.876783 0.554966 0.375995 0.280708 0.232091 0.208295 0.197111 0.192059 0.189864 0.188945 0.188574 0.188430 0.188376 0.188356 0.188349 0.188347 0.188346 0.188345 0.188345 0.188344 0.188340 0.188333 0.188315 0.188274 0.188185 0.187998 0.187619 0.186887 0.185531 0.183134 0.179089 0.172591 0.162674 0.148325 0.128690 0.103348 0.072570 0.037483 0.000000 
50.000000 41.107225 32.662443 25.046033 18.520130 13.206000 9.091199 6.059680 3.933127 2.511646 1.605441 1.053965 0.733298 0.554966 0.460018 0.411573 0.387862 0.376718 0.371684 0.369496 0.368580 0.368211 0.368067 0.368013 0.367993 0.367986 0.367984 0.367983 0.367983 0.367982 0.367980 0.367974 0.367960 0.367928 0.367854 0.367691 0.367347 0.366649 0.365292 0.362767 0.358273 0.350640 0.338294 0.319313 0.291646 0.253516 0.203971 0.143456 0.074176 0.000000 
50.000000 41.165181 32.775428 25.208634 18.725225 13.445678 9.357637 6.345817 4.233068 2.820805 1.920469 1.372560 1.053965 0.876783 0.782447 0.734313 0.710754 0.699681 0.694679 0.692505 0.691596 0.691228 0.691086 0.691032 0.691012 0.691006 0.691003 0.691002 0.691001 0.691000 0.690996 0.690987 0.690963 0.690907 0.690779 0.690496 0.689896 0.688672 0.686280 0.681799 0.673769 0.660029 0.637624 0.602883 0.551797 0.480771 0.387717 0.273244 0.141483 0.000000 
50.000000 41.264830 32.969693 25.488215 19.077881 13.857812 9.815799 6.837866 4.748870 3.352470 2.462237 1.920469 1.605441 1.430241 1.336958 1.289362 1.266065 1.255115 1.250169 1.248019 1.247119 1.246756 1.246615 1.246562 1.246543 1.246536 1.246533 1.246532 1.246531 1.246529 1.246523 1.246507 1.246469 1.246378 1.246168 1.245702 1.244709 1.242674 1.238671 1.231119 1.217481 1.193944 1.155201 1.094520 1.004343 0.877616 0.709861 0.501599 0.260204 0.000000 
50.000000 41.428539 33.288851 25.947546 19.657281 14.534951 10.568583 7.646350 5.596403 4.226087 3.352470 2.820805 2.511646 2.339707 2.248159 2.201446 2.178582 2.167835 2.162980 2.160870 2.159987 2.159631 2.159492 2.159440 2.159421 2.159414 2.159412 2.159410 2.159409 2.159405 2.159396 2.159373 2.159314 2.159173 2.158848 2.158124 2.156573 2.153374 2.147037 2.134989 2.113043 2.074796 2.011152 1.910277 1.758444 1.542231 1.252263 0.887980 0.461795 0.000000 
50.000000 41.685283 33.789387 26.667930 20.565995 15.596981 11.749287 8.914450 6.925780 5.596403 4.748870 4.233068 3.933127 3.766310 3.677487 3.632164 3.609979 3.599551 3.594840 3.592793 3.591936 3.591590 3.591455 3.591405 3.591386 3.591380 3.591377 3.591376 3.591374 3.591369 3.591356 3.591322 3.591237 3.591033 3.590560 3.589502 3.587221 3.582487 3.573039 3.554926 3.521607 3.462890 3.363949 3.204912 2.961818 2.609916 2.130031 1.517643 0.792032 0.000000 
50.000000 42.069305 34.538067 27.745463 21.925254 17.185609 13.515474 10.811414 8.914450 7.646350 6.837866 6.345817 6.059680 5.900537 5.815797 5.772556 5.751389 5.741440 5.736945 5.734991 5.734173 5.733843 5.733715 5.733667 5.733649 5.733643 5.733640 5.733639 5.733636 5.733630 5.733612 5.733566 5.733452 5.733175 5.732532 5.731084 5.727945 5.721387 5.708193 5.682665 5.635198 5.550501 5.405707 5.169086 4.800597 4.256130 3.497453 2.508669 1.315967 0.000000 
50.000000 42.616660 35.605185 29.281329 23.862716 19.450054 16.033067 13.515474 11.749287 10.568583 9.815799 9.357637 9.091199 8.943006 8.864095 8.823827 8.804114 8.794849 8.790662 8.788842 8.788081 8.787773 8.787654 8.787609 8.787592 8.787586 8.787584 8.787582 8.787579 8.787571 8.787549 8.787492 8.787348 8.787000 8.786186 8.784346 8.780332 8.771886 8.754755 8.721278 8.658306 8.544375 8.346388 8.016533 7.491171 6.694756 5.553314 4.022054 2.126500 0.000000 
50.000000 43.359500 37.053432 31.365767 26.492230 22.523401 19.450054 17.185609 15.596981 14.534951 13.857812 13.445678 13.206000 13.072686 13.001696 12.965468 12.947733 12.939396 12.935629 12.933992 12.933307 12.933030 12.932922 12.932882 12.932867 12.932862 12.932860 12.932858 12.932854 12.932845 12.932819 12.932753 12.932588 12.932185 12.931237 12.929085 12.924362 12.914353 12.893881 12.853469 12.776506 12.635163 12.385012 11.958883 11.261701 10.170460 8.547566 6.280861 3.363465 0.000000 
50.000000 44.318738 38.923583 34.057472 29.887854 26.492230 23.862716 21.925254 20.565995 19.657281 19.077881 18.725225 18.520130 18.406049 18.345298 18.314294 18.299116 18.291981 18.288757 18.287356 18.286769 18.286532 18.286440 18.286405 18.286393 18.286388 18.286386 18.286384 18.286381 18.286371 18.286344 18.286275 18.286102 18.285678 18.284678 18.282395 18.277359 18.266614 18.244454 18.200265 18.115050 17.956079 17.669124 17.167960 16.321770 14.943927 12.792897 9.612261 5.262899 0.000000 
50.000000 45.496596 41.219969 37.362685 34.057472 31.365767 29.281329 27.745463 26.667930 25.947546 25.488215 25.208634 25.046033 24.955586 24.907419 24.882837 24.870802 24.865145 24.862588 24.861477 24.861012 24.860824 24.860751 24.860723 24.860713 24.860710 24.860708 24.860706 24.860703 24.860694 24.860670 24.860606 24.860445 24.860051 24.859118 24.856980 24.852238 24.842062 24.820917 24.778354 24.695283 24.537898 24.248010 23.728015 22.818201 21.264575 18.681343 14.538624 8.294488 0.000000 
50.000000 46.871177 43.899906 41.219969 38.923583 37.053432 35.605185 34.538067 33.789387 33.288851 32.969693 32.775428 32.662443 32.599594 32.566123 32.549041 32.540677 32.536746 32.534969 32.534197 32.533873 32.533743 32.533692 32.533673 32.533666 32.533663 32.533662 32.533661 32.533659 32.533652 32.533633 32.533583 32.533458 32.533151 32.532423 32.530750 32.527023 32.518987 32.502184 32.468094 32.400871 32.271745 32.029397 31.583131 30.772571 29.311322 26.681346 21.949953 13.573152 0.000000 
50.000000 48.395184 46.871177 45.496596 44.318738 43.359500 42.616660 42.069305 41.685283 41.428539 41.264830 41.165181 41.107225 41.074986 41.057816 41.049053 41.044763 41.042746 41.041835 41.041438 41.041272 41.041205 41.041179 41.041170 41.041166 41.041165 41.041164 41.041164 41.041162 41.041158 41.041148 41.041121 41.041052 41.040884 41.040484 41.039561 41.037503 41.033049 41.023698 41.004625 40.966744 40.893251 40.753338 40.490159 39.996035 39.055840 37.202108 33.298025 24.197592 0.000000 
50.000000 50.000000 50.000000 50.000000 50.000000 50.000000 50.000000 50.000000 50.000000 50.000000 50.000000 50.000000 50.000000 50.000000 50.000000 50.000000 50.000000 50.000000 50.000000 50.000000 50.000000 50.000000 50.000000 50.000000 50.000000 50.000000 50.000000 50.000000 50.000000 50.000000 50.000000 50.000000 50.000000 50.000000 50.000000 50.000000 50.000000 50.000000 50.000000 50.000000 50.000000 50.000000 50.000000 50.000000 50.000000 50.000000 50.000000 50.000000 50.000000 50.000000 
