50.000000 50.000000 50.000000 50.000000 50.000000 50.000000 50.000000 50.000000 50.000000 50.000000 50.000000 50.000000 50.000000 50.000000 50.000000 50.000000 50.000000 50.000000 50.000000 50.000000 50.000000 50.000000 50.000000 50.000000 50.000000 50.000000 50.000000 50.000000 50.000000 50.000000 50.000000 50.000000 50.000000 50.000000 50.000000 50.000000 50.000000 50.000000 50.000000 50.000000 50.000000 50.000000 50.000000 50.000000 50.000000 50.000000 50.000000 50.000000 50.000000 50.000000 
50.000000 48.199123 46.499986 44.987112 43.715441 42.705746 41.947930 41.409818 41.047955 40.817256 40.677657 40.597383 40.553464 40.530571 40.519189 40.513785 40.511331 40.510264 40.509819 40.509641 40.509573 40.509548 40.509539 40.509536 40.509535 40.509534 40.509534 40.509534 40.509533 40.509532 40.509528 40.509517 40.509486 40.509405 40.509195 40.508676 40.507434 40.504563 40.498145 40.484259 40.455132 40.395715 40.277341 40.045499 39.594674 38.711256 36.928116 33.107198 24.099561 0.000000 
50.000000 46.499986 43.197710 40.257449 37.785978 35.823668 34.350889 33.305106 32.601860 32.153525 31.882236 31.726239 31.640891 31.596406 31.574289 31.563786 31.559018 31.556944 31.556080 31.555735 31.555602 31.555553 31.555536 31.555530 31.555528 31.555527 31.555527 31.555526 31.555526 31.555523 31.555516 31.555496 31.555440 31.555293 31.554917 31.553985 31.551762 31.546637 31.535229 31.510683 31.459566 31.356338 31.153620 30.765009 30.034117 28.677330 26.177234 21.598855 13.392787 0.000000 
50.000000 44.987112 40.257449 36.046304 32.506608 29.696177 27.586886 26.089158 25.082017 24.439955 24.051451 23.828059 23.705842 23.642141 23.610472 23.595434 23.588606 23.585638 23.584401 23.583906 23.583716 23.583646 23.583621 23.583612 23.583609 23.583608 23.583608 23.583608 23.583607 23.583604 23.583595 23.583569 23.583499 23.583313 23.582839 23.581670 23.578891 23.572517 23.558416 23.528314 23.466273 23.342701 23.104556 22.659839 21.854043 20.436808 18.023152 14.080215 8.058996 0.000000 
50.000000 43.715441 37.785978 32.506608 28.069062 24.545811 21.901581 20.024053 18.761549 17.956713 17.469732 17.189723 17.036536 16.956697 16.917006 16.898160 16.889603 16.885884 16.884334 16.883714 16.883476 16.883388 16.883356 16.883346 16.883342 16.883341 16.883340 16.883340 16.883339 16.883336 16.883326 16.883299 16.883225 16.883031 16.882535 16.881317 16.878436 16.871868 16.857447 16.826949 16.764837 16.643015 16.412907 15.994446 15.262532 14.034531 12.069800 9.108647 5.004185 0.000000 
50.000000 42.705746 35.823668 29.696177 24.545811 20.456675 17.387806 15.208816 13.743640 12.809631 12.244510 11.919585 11.741831 11.649192 11.603140 11.581274 11.571347 11.567032 11.565234 11.564515 11.564239 11.564137 11.564100 11.564088 11.564084 11.564082 11.564082 11.564082 11.564080 11.564077 11.564069 11.564044 11.563975 11.563796 11.563340 11.562227 11.559607 11.553674 11.540751 11.513696 11.459273 11.354172 11.159480 10.814034 10.228338 9.283279 7.842134 5.789550 3.111072 0.000000 
50.000000 41.947930 34.350889 27.586886 21.901581 17.387806 14.000317 11.595156 9.977945 8.947050 8.323329 7.964724 7.768554 7.666321 7.615501 7.591374 7.580420 7.575659 7.573675 7.572882 7.572577 7.572465 7.572424 7.572411 7.572406 7.572405 7.572404 7.572404 7.572403 7.572400 7.572393 7.572372 7.572315 7.572166 7.571788 7.570871 7.568724 7.563896 7.553467 7.531849 7.488888 7.407134 7.258383 7.000158 6.573772 5.907136 4.927047 3.585880 1.902431 0.000000 
50.000000 41.409818 33.305106 26.089158 20.024053 15.208816 11.595156 9.029469 7.304366 6.204726 5.539435 5.156942 4.947711 4.838677 4.784479 4.758748 4.747067 4.741990 4.739875 4.739029 4.738704 4.738584 4.738541 4.738527 4.738522 4.738520 4.738520 4.738519 4.738519 4.738517 4.738511 4.738495 4.738451 4.738338 4.738052 4.737360 4.735750 4.732155 4.724451 4.708633 4.677555 4.619208 4.514734 4.336773 4.049336 3.611146 2.984602 2.151486 1.132477 0.000000 
50.000000 41.047955 32.601860 25.082017 18.761549 13.743640 9.977945 7.304366 5.506760 4.360932 3.667716 3.269181 3.051182 2.937582 2.881116 2.854310 2.842141 2.836852 2.834649 2.833768 2.833429 2.833304 2.833260 2.833245 2.833240 2.833238 2.833237 2.833237 2.833237 2.833235 2.833231 2.833220 2.833189 2.833109 2.832909 2.832426 2.831310 2.828834 2.823569 2.812854 2.792021 2.753380 2.685158 2.570811 2.389468 2.118535 1.739316 1.245523 0.652240 0.000000 
50.000000 40.817256 32.153525 24.439955 17.956713 12.809631 8.947050 6.204726 4.360932 3.185688 2.474691 2.065942 1.842363 1.725858 1.667950 1.640460 1.627981 1.622558 1.620298 1.619395 1.619048 1.618920 1.618874 1.618859 1.618853 1.618852 1.618851 1.618851 1.618851 1.618850 1.618847 1.618839 1.618819 1.618767 1.618636 1.618323 1.617602 1.616013 1.612658 1.605887 1.592844 1.568911 1.527171 1.458161 1.350358 1.191876 0.973682 0.693959 0.362124 0.000000 
50.000000 40.677657 31.882236 24.051451 17.469732 12.244510 8.323329 5.539435 3.667716 2.474691 1.752948 1.338030 1.111080 0.992821 0.934043 0.906140 0.893474 0.887970 0.885677 0.884760 0.884408 0.884278 0.884231 0.884216 0.884210 0.884209 0.884208 0.884208 0.884208 0.884207 0.884205 0.884201 0.884188 0.884156 0.884076 0.883886 0.883450 0.882494 0.880490 0.876474 0.868804 0.854862 0.830801 0.791480 0.730815 0.642783 0.523138 0.371553 0.193398 0.000000 
50.000000 40.597383 31.726239 23.828059 17.189723 11.919585 7.964724 5.156942 3.269181 2.065942 1.338030 0.919570 0.690686 0.571421 0.512143 0.484004 0.471232 0.465681 0.463368 0.462443 0.462088 0.461957 0.461911 0.461895 0.461889 0.461888 0.461887 0.461887 0.461887 0.461886 0.461885 0.461883 0.461876 0.461857 0.461811 0.461702 0.461454 0.460913 0.459785 0.457540 0.453284 0.445612 0.432491 0.411257 0.378833 0.332277 0.269644 0.191010 0.099239 0.000000 
50.000000 40.553464 31.640891 23.705842 17.036536 11.741831 7.768554 4.947711 3.051182 1.842363 1.111080 0.690686 0.460746 0.340932 0.281382 0.253114 0.240283 0.234707 0.232383 0.231455 0.231098 0.230966 0.230919 0.230903 0.230898 0.230896 0.230896 0.230896 0.230896 0.230895 0.230895 0.230893 0.230889 0.230879 0.230855 0.230796 0.230662 0.230373 0.229773 0.228586 0.226350 0.222348 0.215557 0.204658 0.188157 0.164668 0.133325 0.094254 0.048901 0.000000 
50.000000 40.530571 31.596406 23.642141 16.956697 11.649192 7.666321 4.838677 2.937582 1.725858 0.992821 0.571421 0.340932 0.220833 0.161141 0.132807 0.119945 0.114355 0.112027 0.111096 0.110738 0.110606 0.110559 0.110543 0.110538 0.110536 0.110536 0.110536 0.110536 0.110535 0.110535 0.110534 0.110532 0.110527 0.110514 0.110484 0.110417 0.110270 0.109967 0.109371 0.108256 0.106272 0.102927 0.097597 0.089586 0.078261 0.063250 0.044644 0.023137 0.000000 
50.000000 40.519189 31.574289 23.610472 16.917006 11.603140 7.615501 4.784479 2.881116 1.667950 0.934043 0.512143 0.281382 0.161141 0.101379 0.073011 0.060135 0.054539 0.052208 0.051276 0.050918 0.050786 0.050738 0.050722 0.050717 0.050715 0.050715 0.050715 0.050715 0.050715 0.050714 0.050714 0.050713 0.050710 0.050704 0.050690 0.050657 0.050586 0.050441 0.050157 0.049627 0.048690 0.047119 0.044631 0.040913 0.035689 0.028801 0.020303 0.010513 0.000000 
50.000000 40.513785 31.563786 23.595434 16.898160 11.581274 7.591374 4.758748 2.854310 1.640460 0.906140 0.484004 0.253114 0.132807 0.073011 0.044628 0.031744 0.026145 0.023813 0.022880 0.022522 0.022390 0.022343 0.022326 0.022321 0.022319 0.022319 0.022319 0.022319 0.022319 0.022319 0.022318 0.022318 0.022317 0.022314 0.022307 0.022292 0.022260 0.022193 0.022064 0.021824 0.021401 0.020696 0.019586 0.017934 0.015625 0.012595 0.008870 0.004590 0.000000 
50.000000 40.511331 31.559018 23.588606 16.889603 11.571347 7.580420 4.747067 2.842141 1.627981 0.893474 0.471232 0.240283 0.119945 0.060135 0.031744 0.018857 0.013257 0.010924 0.009991 0.009633 0.009500 0.009453 0.009437 0.009432 0.009430 0.009430 0.009430 0.009429 0.009429 0.009429 0.009429 0.009429 0.009429 0.009427 0.009424 0.009418 0.009404 0.009375 0.009318 0.009214 0.009032 0.008729 0.008255 0.007552 0.006573 0.005293 0.003724 0.001926 0.000000 
50.000000 40.510264 31.556944 23.585638 16.885884 11.567032 7.575659 4.741990 2.836852 1.622558 0.887970 0.465681 0.234707 0.114355 0.054539 0.026145 0.013257 0.007656 0.005322 0.004390 0.004031 0.003899 0.003852 0.003836 0.003830 0.003829 0.003828 0.003828 0.003828 0.003828 0.003828 0.003828 0.003828 0.003828 0.003827 0.003826 0.003823 0.003817 0.003805 0.003782 0.003738 0.003663 0.003539 0.003344 0.003057 0.002658 0.002139 0.001504 0.000777 0.000000 
50.000000 40.509819 31.556080 23.584401 16.884334 11.565234 7.573675 4.739875 2.834649 1.620298 0.885677 0.463368 0.232383 0.112027 0.052208 0.023813 0.010924 0.005322 0.002989 0.002056 0.001698 0.001566 0.001518 0.001502 0.001497 0.001495 0.001495 0.001495 0.001495 0.001495 0.001495 0.001495 0.001494 0.001494 0.001494 0.001494 0.001493 0.001490 0.001485 0.001476 0.001459 0.001429 0.001380 0.001303 0.001190 0.001035 0.000832 0.000585 0.000302 0.000000 
50.000000 40.509641 31.555735 23.583906 16.883714 11.564515 7.572882 4.739029 2.833768 1.619395 0.884760 0.462443 0.231455 0.111096 0.051276 0.022880 0.009991 0.004390 0.002056 0.001123 0.000765 0.000633 0.000586 0.000569 0.000564 0.000562 0.000562 0.000562 0.000562 0.000562 0.000562 0.000562 0.000562 0.000562 0.000562 0.000561 0.000561 0.000560 0.000558 0.000555 0.000548 0.000537 0.000518 0.000489 0.000446 0.000388 0.000312 0.000219 0.000113 0.000000 
50.000000 40.509573 31.555602 23.583716 16.883476 11.564239 7.572577 4.738704 2.833429 1.619048 0.884408 0.462088 0.231098 0.110738 0.050918 0.022522 0.009633 0.004031 0.001698 0.000765 0.000407 0.000274 0.000227 0.000211 0.000206 0.000204 0.000204 0.000203 0.000203 0.000203 0.000203 0.000203 0.000203 0.000203 0.000203 0.000203 0.000203 0.000203 0.000202 0.000201 0.000198 0.000194 0.000187 0.000177 0.000161 0.000140 0.000112 0.000079 0.000041 0.000000 
50.000000 40.509548 31.555553 23.583646 16.883388 11.564137 7.572465 4.738584 2.833304 1.618920 0.884278 0.461957 0.230966 0.110606 0.050786 0.022390 0.009500 0.003899 0.001566 0.000633 0.000274 0.000142 0.000095 0.000079 0.000073 0.000072 0.000071 0.000071 0.000071 0.000071 0.000071 0.000071 0.000071 0.000071 0.000071 0.000071 0.000071 0.000071 0.000071 0.000070 0.000069 0.000068 0.000065 0.000062 0.000056 0.000049 0.000039 0.000028 0.000014 0.000000 
50.000000 40.509539 31.555536 23.583621 16.883356 11.564100 7.572425 4.738541 2.833260 1.618874 0.884231 0.461911 0.230919 0.110559 0.050739 0.022343 0.009453 0.003852 0.001519 0.000586 0.000227 0.000095 0.000048 0.000032 0.000026 0.000025 0.000024 0.000024 0.000024 0.000024 0.000024 0.000024 0.000024 0.000024 0.000024 0.000024 0.000024 0.000024 0.000024 0.000024 0.000023 0.000023 0.000022 0.000021 0.000019 0.000016 0.000013 0.000009 0.000005 0.000000 
50.000000 40.509536 31.555530 23.583612 16.883346 11.564088 7.572411 4.738527 2.833245 1.618859 0.884216 0.461895 0.230904 0.110544 0.050723 0.022327 0.009437 0.003836 0.001503 0.000570 0.000211 0.000079 0.000032 0.000016 0.000010 0.000009 0.000008 0.000008 0.000008 0.000008 0.000008 0.000008 0.000008 0.000008 0.000008 0.000008 0.000008 0.000008 0.000008 0.000008 0.000008 0.000008 0.000007 0.000007 0.000006 0.000005 0.000004 0.000003 0.000002 0.000000 
50.000000 40.509535 31.555528 23.583610 16.883343 11.564084 7.572407 4.738523 2.833240 1.618854 0.884211 0.461890 0.230899 0.110539 0.050718 0.022322 0.009433 0.003831 0.001498 0.000565 0.000207 0.000074 0.000027 0.000011 0.000006 0.000004 0.000003 0.000003 0.000003 0.000003 0.000003 0.000003 0.000003 0.000003 0.000003 0.000003 0.000003 0.000003 0.000003 0.000003 0.000003 0.000003 0.000003 0.000003 0.000003 0.000002 0.000002 0.000001 0.000001 0.000000 
50.000000 40.509535 31.555528 23.583610 16.883343 11.564084 7.572407 4.738523 2.833240 1.618854 0.884211 0.461890 0.230899 0.110539 0.050718 0.022322 0.009433 0.003831 0.001498 0.000565 0.000207 0.000074 0.000027 0.000011 0.000006 0.000004 0.000003 0.000003 0.000003 0.000003 0.000003 0.000003 0.000003 0.000003 0.000003 0.000003 0.000003 0.000003 0.000003 0.000003 0.000003 0.000003 0.000003 0.000003 0.000003 0.000002 0.000002 0.000001 0.000001 0.000000 
50.000000 40.509536 31.555530 23.583612 16.883346 11.564088 7.572411 4.738527 2.833245 1.618859 0.884216 0.461895 0.230904 0.110544 0.050723 0.022327 0.009437 0.003836 0.001503 0.000570 0.000211 0.000079 0.000032 0.000016 0.000010 0.000009 0.000008 0.000008 0.000008 0.000008 0.000008 0.000008 0.000008 0.000008 0.000008 0.000008 0.000008 0.000008 0.000008 0.000008 0.000008 0.000008 0.000007 0.000007 0.000006 0.000005 0.000004 0.000003 0.000002 0.000000 
50.000000 40.509539 31.555536 23.583621 16.883356 11.564100 7.572425 4.738541 2.833260 1.618874 0.884231 0.461911 0.230919 0.110559 0.050739 0.022343 0.009453 0.003852 0.001519 0.000586 0.000227 0.000095 0.000048 0.000032 0.000026 0.000025 0.000024 0.000024 0.000024 0.000024 0.000024 0.000024 0.000024 0.000024 0.000024 0.000024 0.000024 0.000024 0.000024 0.000024 0.000023 0.000023 0.000022 0.000021 0.000019 0.000016 0.000013 0.000009 0.000005 0.000000 
50.000000 40.509548 31.555553 23.583646 16.883388 11.564137 7.572465 4.738584 2.833304 1.618920 0.884278 0.461957 0.230966 0.110606 0.050786 0.022390 0.009500 0.003899 0.001566 0.000633 0.000274 0.000142 0.000095 0.000079 0.000073 0.000072 0.000071 0.000071 0.000071 0.000071 0.000071 0.000071 0.000071 0.000071 0.000071 0.000071 0.000071 0.000071 0.000071 0.000070 0.000069 0.000068 0.000065 0.000062 0.000056 0.000049 0.000039 0.000028 0.000014 0.000000 
50.000000 40.509573 31.555602 23.583716 16.883476 11.564239 7.572577 4.738704 2.833429 1.619048 0.884408 0.462088 0.231098 0.110738 0.050918 0.022522 0.009633 0.004031 0.001698 0.000765 0.000407 0.000274 0.000227 0.000211 0.000206 0.000204 0.000204 0.000203 0.000203 0.000203 0.000203 0.000203 0.000203 0.000203 0.000203 0.000203 0.000203 0.000203 0.000202 0.000201 0.000198 0.000194 0.000187 0.000177 0.000161 0.000140 0.000112 0.000079 0.000041 0.000000 
50.000000 40.509641 31.555735 23.583906 16.883714 11.564515 7.572882 4.739029 2.833768 1.619395 0.884760 0.462443 0.231455 0.111096 0.051276 0.022880 0.009991 0.004390 0.002056 0.001123 0.000765 0.000633 0.000586 0.000569 0.000564 0.000562 0.000562 0.000562 0.000562 0.000562 0.000562 0.000562 0.000562 0.000562 0.000562 0.000561 0.000561 0.000560 0.000558 0.000555 0.000548 0.000537 0.000518 0.000489 0.000446 0.000388 0.000312 0.000219 0.000113 0.000000 
50.000000 40.509819 31.556080 23.584401 16.884334 11.565234 7.573675 4.739875 2.834649 1.620298 0.885677 0.463368 0.232383 0.112027 0.052208 0.023813 0.010924 0.005322 0.002989 0.002056 0.001698 0.001566 0.001518 0.001502 0.001497 0.001495 0.001495 0.001495 0.001495 0.001495 0.001495 0.001495 0.001494 0.001494 0.001494 0.001494 0.001493 0.001490 0.001485 0.001476 0.001459 0.001429 0.001380 0.001303 0.001190 0.001035 0.000832 0.000585 0.000302 0.000000 
50.000000 40.510264 31.556944 23.585638 16.885884 11.567032 7.575659 4.741990 2.836852 1.622558 0.887970 0.465681 0.234707 0.114355 0.054539 0.026145 0.013257 0.007656 0.005322 0.004390 0.004031 0.003899 0.003852 0.003836 0.003830 0.003829 0.003828 0.003828 0.003828 0.003828 0.003828 0.003828 0.003828 0.003828 0.003827 0.003826 0.003823 0.003817 0.003805 0.003782 0.003738 0.003663 0.003539 0.003344 0.003057 0.002658 0.002139 0.001504 0.000777 0.000000 
50.000000 40.511331 31.559018 23.588606 16.889603 11.571347 7.580420 4.747067 2.842141 1.627981 0.893474 0.471232 0.240283 0.119945 0.060135 0.031744 0.018857 0.013257 0.010924 0.009991 0.009633 0.009500 0.009453 0.009437 0.009432 0.009430 0.009430 0.009430 0.009429 0.009429 0.009429 0.009429 0.009429 0.009429 0.009427 0.009424 0.009418 0.009404 0.009375 0.009318 0.009214 0.009032 0.008729 0.008255 0.007552 0.006573 0.005293 0.003724 0.001926 0.000000 
50.000000 40.513785 31.563786 23.595434 16.898160 11.581274 7.591374 4.758748 2.854310 1.640460 0.906140 0.484004 0.253114 0.132807 0.073011 0.044628 0.031744 0.026145 0.023813 0.022880 0.022522 0.022390 0.022343 0.022326 0.022321 0.022319 0.022319 0.022319 0.022319 0.022319 0.022319 0.022318 0.022318 0.022317 0.022314 0.022307 0.022292 0.022260 0.022193 0.022064 0.021824 0.021401 0.020696 0.019586 0.017934 0.015625 0.012595 0.008870 0.004590 0.000000 
50.000000 40.519189 31.574289 23.610472 16.917006 11.603140 7.615501 4.784479 2.881116 1.667950 0.934043 0.512143 0.281382 0.161141 0.101379 0.073011 0.060135 0.054539 0.052208 0.051276 0.050918 0.050786 0.050738 0.050722 0.050717 0.050715 0.050715 0.050715 0.050715 0.050715 0.050714 0.050714 0.050713 0.050710 0.050704 0.050690 0.050657 0.050586 0.050441 0.050157 0.049627 0.048690 0.047119 0.044631 0.040913 0.035689 0.028801 0.020303 0.010513 0.000000 
50.000000 40.530571 31.596406 23.642141 16.956697 11.649192 7.666321 4.838677 2.937582 1.725858 0.992821 0.571421 0.340932 0.220833 0.161141 0.132807 0.119945 0.114355 0.112027 0.111096 0.110738 0.110606 0.110559 0.110543 0.110538 0.110536 0.110536 0.110536 0.110536 0.110535 0.110535 0.110534 0.110532 0.110527 0.110514 0.110484 0.110417 0.110270 0.109967 0.109371 0.108256 0.106272 0.102927 0.097597 0.089586 0.078261 0.063250 0.044644 0.023137 0.000000 
50.000000 40.553464 31.640891 23.705842 17.036536 11.741831 7.768554 4.947711 3.051182 1.842363 1.111080 0.690686 0.460746 0.340932 0.281382 0.253114 0.240283 0.234707 0.232383 0.231455 0.231098 0.230966 0.230919 0.230903 0.230898 0.230896 0.230896 0.230896 0.230896 0.230895 0.230895 0.230893 0.230889 0.230879 0.230855 0.230796 0.230662 0.230373 0.229773 0.228586 0.226350 0.222348 0.215557 0.204658 0.188157 0.164668 0.133325 0.094254 0.048901 0.000000 
50.000000 40.597383 31.726239 23.828059 17.189723 11.919585 7.964724 5.156942 3.269181 2.065942 1.338030 0.919570 0.690686 0.571421 0.512143 0.484004 0.471232 0.465681 0.463368 0.462443 0.462088 0.461957 0.461911 0.461895 0.461889 0.461888 0.461887 0.461887 0.461887 0.461886 0.461885 0.461883 0.461876 0.461857 0.461811 0.461702 0.461454 0.460913 0.459785 0.457540 0.453284 0.445612 0.432491 0.411257 0.378833 0.332277 0.269644 0.191010 0.099239 0.000000 
50.000000 40.677657 31.882236 24.051451 17.469732 12.244510 8.323329 5.539435 3.667716 2.474691 1.752948 1.338030 1.111080 0.992821 0.934043 0.906140 0.893474 0.887970 0.885677 0.884760 0.884408 0.884278 0.884231 0.884216 0.884210 0.884209 0.884208 0.884208 0.884208 0.884207 0.884205 0.884201 0.884188 0.884156 0.884076 0.883886 0.883450 0.882494 0.880490 0.876474 0.868804 0.854862 0.830801 0.791480 0.730815 0.642783 0.523138 0.371553 0.193398 0.000000 
50.000000 40.817256 32.153525 24.439955 17.956713 12.809631 8.947050 6.204726 4.360932 3.185688 2.474691 2.065942 1.842363 1.725858 1.667950 1.640460 1.627981 1.622558 1.620298 1.619395 1.619048 1.618920 1.618874 1.618859 1.618853 1.618852 1.618851 1.618851 1.618851 1.618850 1.618847 1.618839 1.618819 1.618767 1.618636 1.618323 1.617602 1.616013 1.612658 1.605887 1.592844 1.568911 1.527171 1.458161 1.350358 1.191876 0.973682 0.693959 0.362124 0.000000 
50.000000 41.047955 32.601860 25.082017 18.761549 13.743640 9.977945 7.304366 5.506760 4.360932 3.667716 3.269181 3.051182 2.937582 2.881116 2.854310 2.842141 2.836852 2.834649 2.833768 2.833429 2.833304 2.833260 2.833245 2.833240 2.833238 2.833237 2.833237 2.833237 2.833235 2.833231 2.833220 2.833189 2.833109 2.832909 2.832426 2.831310 2.828834 2.823569 2.812854 2.792021 2.753380 2.685158 2.570811 2.389468 2.118535 1.739316 1.245523 0.652240 0.000000 
50.000000 41.409818 33.305106 26.089158 20.024053 15.208816 11.595156 9.029469 7.304366 6.204726 5.539435 5.156942 4.947711 4.838677 4.784479 4.758748 4.747067 4.741990 4.739875 4.739029 4.738704 4.738584 4.738541 4.738527 4.738522 4.738520 4.738520 4.738519 4.738519 4.738517 4.738511 4.738495 4.738451 4.738338 4.738052 4.737360 4.735750 4.732155 4.724451 4.708633 4.677555 4.619208 4.514734 4.336773 4.049336 3.611146 2.984602 2.151486 1.132477 0.000000 
50.000000 41.947930 34.350889 27.586886 21.901581 17.387806 14.000317 11.595156 9.977945 8.947050 8.323329 7.964724 7.768554 7.666321 7.615501 7.591374 7.580420 7.575659 7.573675 7.572882 7.572577 7.572465 7.572424 7.572411 7.572406 7.572405 7.572404 7.572404 7.572403 7.572400 7.572393 7.572372 7.572315 7.572166 7.571788 7.570871 7.568724 7.563896 7.553467 7.531849 7.488888 7.407134 7.258383 7.000158 6.573772 5.907136 4.927047 3.585880 1.902431 0.000000 
50.000000 42.705746 35.823668 29.696177 24.545811 20.456675 17.387806 15.208816 13.743640 12.809631 12.244510 11.919585 11.741831 11.649192 11.603140 11.581274 11.571347 11.567032 11.565234 11.564515 11.564239 11.564137 11.564100 11.564088 11.564084 11.564082 11.564082 11.564082 11.564080 11.564077 11.564069 11.564044 11.563975 11.563796 11.563340 11.562227 11.559607 11.553674 11.540751 11.513696 11.459273 11.354172 11.159480 10.814034 10.228338 9.283279 7.842134 5.789550 3.111072 0.000000 
50.000000 43.715441 37.785978 32.506608 28.069062 24.545811 21.901581 20.024053 18.761549 17.956713 17.469732 17.189723 17.036536 16.956697 16.917006 16.898160 16.889603 16.885884 16.884334 16.883714 16.883476 16.883388 16.883356 16.883346 16.883342 16.883341 16.883340 16.883340 16.883339 16.883336 16.883326 16.883299 16.883225 16.883031 16.882535 16.881317 16.878436 16.871868 16.857447 16.826949 16.764837 16.643015 16.412907 15.994446 15.262532 14.034531 12.069800 9.108647 5.004185 0.000000 
50.000000 44.987112 40.257449 36.046304 32.506608 29.696177 27.586886 26.089158 25.082017 24.439955 24.051451 23.828059 23.705842 23.642141 23.610472 23.595434 23.588606 23.585638 23.584401 23.583906 23.583716 23.583646 23.583621 23.583612 23.583609 23.583608 23.583608 23.583608 23.583607 23.583604 23.583595 23.583569 23.583499 23.583313 23.582839 23.581670 23.578891 23.572517 23.558416 23.528314 23.466273 23.342701 23.104556 22.659839 21.854043 20.436808 18.023152 14.080215 8.058996 0.000000 
50.000000 46.499986 43.197710 40.257449 37.785978 35.823668 34.350889 33.305106 32.601860 32.153525 31.882236 31.726239 31.640891 31.596406 31.574289 31.563786 31.559018 31.556944 31.556080 31.555735 31.555602 31.555553 31.555536 31.555530 31.555528 31.555527 31.555527 31.555526 31.555526 31.555523 31.555516 31.555496 31.555440 31.555293 31.554917 31.553985 31.551762 31.546637 31.535229 31.510683 31.459566 31.356338 31.153620 30.765009 30.034117 28.677330 26.177234 21.598855 13.392787 0.000000 
50.000000 48.199123 46.499986 44.987112 43.715441 42.705746 41.947930 41.409818 41.047955 40.817256 40.677657 40.597383 40.553464 40.530571 40.519189 40.513785 40.511331 40.510264 40.509819 40.509641 40.509573 40.509548 40.509539 40.509536 40.509535 40.509534 40.509534 40.509534 40.509533 40.509532 40.509528 40.509517 40.509486 40.509405 40.509195 40.508676 40.507434 40.504563 40.498145 40.484259 40.455132 40.395715 40.277341 40.045499 39.594674 38.711256 36.928116 33.107198 24.099561 0.000000 
50.000000 50.000000 50.000000 50.000000 50.000000 50.000000 50.000000 50.000000 50.000000 50.000000 50.000000 50.000000 50.000000 50.000000 50.000000 50.000000 50.000000 50.000000 50.000000 50.000000 50.000000 50.000000 50.000000 50.000000 50.000000 50.000000 50.000000 50.000000 50.000000 50.000000 50.000000 50.000000 50.000000 50.000000 50.000000 50.000000 50.000000 50.000000 50.000000 50.000000 50.000000 50.000000 50.000000 50.000000 50.000000 50.000000 50.000000 50.000000 50.000000 50.000000 
