50.000000 50.000000 50.000000 50.000000 50.000000 50.000000 50.000000 50.000000 50.000000 50.000000 50.000000 50.000000 50.000000 50.000000 50.000000 50.000000 50.000000 50.000000 50.000000 50.000000 50.000000 50.000000 50.000000 50.000000 50.000000 50.000000 50.000000 50.000000 50.000000 50.000000 50.000000 50.000000 50.000000 50.000000 50.000000 50.000000 50.000000 50.000000 50.000000 50.000000 50.000000 50.000000 50.000000 50.000000 50.000000 50.000000 50.000000 50.000000 50.000000 50.000000 
50.000000 48.887542 47.813931 46.813949 45.914954 45.134766 44.481047 43.952085 43.538651 43.226434 42.998549 42.837735 42.727974 42.655489 42.609154 42.580472 42.563272 42.553274 42.547639 42.544558 42.542923 42.542080 42.541659 42.541453 42.541355 42.541308 42.541282 42.541260 42.541227 42.541162 42.541025 42.540744 42.540173 42.539043 42.536858 42.532724 42.525073 42.511205 42.486546 42.443458 42.369264 42.242903 42.028953 41.666138 41.043267 39.943465 37.900030 33.779890 24.443771 0.000000 
50.000000 47.813931 45.704201 43.739160 41.972567 40.439443 39.154842 38.115400 37.302979 36.689456 36.241654 35.925649 35.709967 35.567532 35.476484 35.420124 35.386325 35.366680 35.355608 35.349554 35.346341 35.344685 35.343856 35.343452 35.343259 35.343167 35.343117 35.343075 35.343012 35.342890 35.342634 35.342106 35.341037 35.338924 35.334843 35.327139 35.312917 35.287217 35.241701 35.162579 35.027282 34.799073 34.418000 33.785079 32.733376 30.973225 27.988025 22.852101 14.034040 0.000000 
50.000000 46.813949 43.739160 40.875248 38.300568 36.066157 34.193956 32.679059 31.495034 30.600887 29.948266 29.487726 29.173398 28.965820 28.833132 28.750997 28.701741 28.673112 28.656976 28.648154 28.643472 28.641059 28.639851 28.639262 28.638982 28.638848 28.638776 28.638717 28.638632 28.638466 28.638121 28.637409 28.635971 28.633135 28.627672 28.617392 28.598485 28.564482 28.504627 28.401381 28.226620 27.935833 27.459241 26.688122 25.453969 23.498419 20.437624 15.751134 8.913919 0.000000 
50.000000 45.914954 41.972567 38.300568 34.999418 32.134559 29.734120 27.791809 26.273731 25.127324 24.290590 23.700131 23.297134 23.031004 22.860889 22.755588 22.692441 22.655738 22.635052 22.623742 22.617740 22.614647 22.613098 22.612344 22.611984 22.611813 22.611722 22.611652 22.611552 22.611360 22.610962 22.610145 22.608498 22.605258 22.599038 22.587379 22.566045 22.527906 22.461271 22.347411 22.156989 21.845041 21.344100 20.555249 19.337649 17.499709 14.802148 10.999342 5.971488 0.000000 
50.000000 45.134766 40.439443 36.066157 32.134559 28.722590 25.863746 23.550534 21.742579 20.377278 19.380787 18.677601 18.197670 17.880739 17.678154 17.552755 17.477557 17.433851 17.409218 17.395751 17.388604 17.384921 17.383077 17.382178 17.381751 17.381548 17.381443 17.381364 17.381259 17.381058 17.380646 17.379802 17.378105 17.374779 17.368417 17.356552 17.334960 17.296625 17.230205 17.117875 16.932402 16.633393 16.162844 15.440586 14.361295 12.796911 10.612188 7.706067 4.091499 0.000000 
50.000000 44.481047 39.154842 34.193956 29.734120 25.863746 22.620833 19.996871 17.946058 16.397374 15.267049 14.469431 13.925057 13.565573 13.335792 13.193561 13.108271 13.058699 13.030762 13.015487 13.007382 13.003205 13.001114 13.000095 12.999611 12.999382 12.999266 12.999184 12.999080 12.998887 12.998493 12.997688 12.996077 12.992931 12.986940 12.975823 12.955716 12.920278 12.859410 12.757548 12.591492 12.327915 11.920909 11.310416 10.423160 9.178871 7.505834 5.369763 2.814909 0.000000 
50.000000 43.952085 38.115400 32.679059 27.791809 23.550534 19.996871 17.121491 14.874197 13.177155 11.938563 11.064556 10.468054 10.074153 9.822375 9.666532 9.573080 9.518766 9.488157 9.471421 9.462541 9.457965 9.455674 9.454559 9.454029 9.453779 9.453655 9.453573 9.453476 9.453302 9.452949 9.452232 9.450803 9.448023 9.442754 9.433029 9.415551 9.384971 9.332905 9.246666 9.107789 8.890527 8.560746 8.075961 7.387690 6.447709 5.219818 3.697399 1.923132 0.000000 
50.000000 43.538651 37.302979 31.495034 26.273731 21.742579 17.946058 14.874197 12.473360 10.660387 9.337197 8.403504 7.766275 7.345486 7.076526 6.910050 6.810223 6.752205 6.719509 6.701633 6.692148 6.687260 6.684813 6.683622 6.683056 6.682792 6.682663 6.682582 6.682496 6.682347 6.682049 6.681448 6.680253 6.677938 6.673572 6.665556 6.651240 6.626375 6.584396 6.515543 6.405922 6.236680 5.983670 5.618143 5.109186 4.428690 3.559201 2.503906 1.295748 0.000000 
50.000000 43.226434 36.689456 30.600887 25.127324 20.377278 16.397374 13.177155 10.660387 8.759888 7.372830 6.394080 5.726109 5.285025 5.003096 4.828596 4.723959 4.663147 4.628876 4.610140 4.600198 4.595075 4.592511 4.591263 4.590671 4.590394 4.590262 4.590185 4.590111 4.589989 4.589751 4.589272 4.588325 4.586497 4.583067 4.576803 4.565684 4.546507 4.514387 4.462188 4.379944 4.254465 4.069366 3.805882 3.444876 2.970335 2.374267 1.662175 0.857170 0.000000 
50.000000 42.998549 36.241654 29.948266 24.290590 19.380787 15.267049 11.938563 9.337197 7.372830 5.939171 4.927549 4.237150 3.781262 3.489874 3.309521 3.201377 3.138527 3.103108 3.083744 3.073470 3.068176 3.065526 3.064236 3.063625 3.063341 3.063207 3.063134 3.063071 3.062976 3.062794 3.062430 3.061715 3.060342 3.057775 3.053112 3.044884 3.030787 3.007352 2.969586 2.910642 2.821654 2.691897 2.509501 2.262912 1.943179 1.546885 1.079075 0.555091 0.000000 
50.000000 42.837735 35.925649 29.487726 23.700131 18.677601 14.469431 11.064556 8.403504 6.394080 4.927549 3.892739 3.186523 2.720193 2.422135 2.237656 2.127039 2.062752 2.026524 2.006719 1.996210 1.990795 1.988085 1.986766 1.986141 1.985852 1.985717 1.985648 1.985595 1.985523 1.985389 1.985126 1.984610 1.983624 1.981788 1.978471 1.972649 1.962736 1.946370 1.920197 1.879693 1.819108 1.731650 1.610020 1.447395 1.238860 0.983099 0.683948 0.351189 0.000000 
50.000000 42.727974 35.709967 29.173398 23.297134 18.197670 13.925057 10.468054 7.766275 5.726109 4.237150 3.186523 2.469516 1.996066 1.693459 1.506165 1.393862 1.328596 1.291817 1.271710 1.261041 1.255545 1.252793 1.251454 1.250821 1.250527 1.250393 1.250326 1.250282 1.250229 1.250135 1.249952 1.249595 1.248916 1.247658 1.245396 1.241446 1.234758 1.223787 1.206363 1.179603 1.139900 1.083083 1.004779 0.901046 0.769229 0.608916 0.422750 0.216770 0.000000 
50.000000 42.655489 35.567532 28.965820 23.031004 17.880739 13.565573 10.074153 7.345486 5.285025 3.781262 2.720193 1.996066 1.517916 1.212308 1.023158 0.909743 0.843831 0.806688 0.786382 0.775608 0.770057 0.767279 0.765927 0.765287 0.764992 0.764857 0.764794 0.764755 0.764716 0.764652 0.764530 0.764293 0.763844 0.763017 0.761534 0.758958 0.754620 0.747545 0.736378 0.719341 0.694246 0.658602 0.609857 0.545780 0.464960 0.367335 0.254615 0.130416 0.000000 
50.000000 42.609154 35.476484 28.833132 22.860889 17.678154 13.335792 9.822375 7.076526 5.003096 3.489874 2.422135 1.693459 1.212308 0.904782 0.714447 0.600322 0.533997 0.496622 0.476190 0.465349 0.459764 0.456968 0.455608 0.454964 0.454667 0.454533 0.454471 0.454437 0.454409 0.454366 0.454287 0.454136 0.453851 0.453326 0.452391 0.450774 0.448063 0.443665 0.436762 0.426293 0.410970 0.389346 0.359969 0.321602 0.273509 0.215740 0.149345 0.076431 0.000000 
50.000000 42.580472 35.420124 28.750997 22.755588 17.552755 13.193561 9.666532 6.910050 4.828596 3.309521 2.237656 1.506166 1.023158 0.714448 0.523380 0.408815 0.342236 0.304717 0.284207 0.273324 0.267717 0.264911 0.263546 0.262900 0.262602 0.262468 0.262407 0.262377 0.262355 0.262327 0.262278 0.262185 0.262010 0.261690 0.261121 0.260142 0.258507 0.255868 0.251746 0.245529 0.236478 0.223778 0.206621 0.184338 0.156550 0.123324 0.085281 0.043615 0.000000 
50.000000 42.563272 35.386325 28.701741 22.692441 17.477558 13.108271 9.573081 6.810223 4.723959 3.201377 2.127039 1.393862 0.909743 0.600322 0.408815 0.293987 0.227255 0.189651 0.169094 0.158186 0.152566 0.149754 0.148385 0.147738 0.147440 0.147306 0.147246 0.147218 0.147201 0.147183 0.147153 0.147097 0.146994 0.146805 0.146471 0.145898 0.144946 0.143415 0.141035 0.137462 0.132286 0.125057 0.115340 0.102779 0.087183 0.068606 0.047401 0.024229 0.000000 
50.000000 42.553274 35.366680 28.673112 22.655738 17.433851 13.058700 9.518767 6.752206 4.663147 3.138527 2.062752 1.328596 0.843831 0.533998 0.342236 0.227256 0.160435 0.122781 0.102197 0.091275 0.085648 0.082831 0.081461 0.080813 0.080514 0.080380 0.080321 0.080295 0.080280 0.080268 0.080250 0.080218 0.080159 0.080052 0.079862 0.079538 0.079002 0.078142 0.076812 0.074823 0.071953 0.067964 0.062623 0.055747 0.047240 0.037141 0.025643 0.013101 0.000000 
50.000000 42.547639 35.355608 28.656977 22.635053 17.409219 13.030763 9.488157 6.719510 4.628877 3.103109 2.026525 1.291818 0.806689 0.496623 0.304718 0.189652 0.122782 0.085099 0.064500 0.053570 0.047938 0.045120 0.043749 0.043100 0.042802 0.042668 0.042609 0.042583 0.042571 0.042562 0.042551 0.042533 0.042500 0.042441 0.042337 0.042160 0.041867 0.041400 0.040679 0.039606 0.038063 0.035926 0.033075 0.029418 0.024908 0.019569 0.013503 0.006896 0.000000 
50.000000 42.544559 35.349555 28.648155 22.623743 17.395752 13.015489 9.471424 6.701635 4.610142 3.083747 2.006721 1.271713 0.786385 0.476193 0.284209 0.169096 0.102199 0.064501 0.043893 0.032959 0.027325 0.024505 0.023134 0.022485 0.022186 0.022052 0.021994 0.021968 0.021957 0.021950 0.021944 0.021934 0.021916 0.021885 0.021829 0.021735 0.021581 0.021334 0.020956 0.020394 0.019588 0.018477 0.016999 0.015108 0.012783 0.010036 0.006921 0.003534 0.000000 
50.000000 42.542924 35.346343 28.643475 22.617744 17.388608 13.007387 9.462547 6.692153 4.600204 3.073476 1.996216 1.261048 0.775615 0.465356 0.273331 0.158193 0.091281 0.053575 0.032963 0.022026 0.016391 0.013571 0.012199 0.011550 0.011251 0.011118 0.011059 0.011034 0.011023 0.011018 0.011014 0.011008 0.010999 0.010983 0.010954 0.010906 0.010826 0.010700 0.010507 0.010221 0.009813 0.009251 0.008505 0.007554 0.006388 0.005012 0.003455 0.001764 0.000000 
50.000000 42.542083 35.344690 28.641067 22.614657 17.384932 13.003218 9.457979 6.687275 4.595091 3.068192 1.990812 1.255561 0.770074 0.459780 0.267734 0.152583 0.085664 0.047954 0.027340 0.016402 0.010766 0.007946 0.006574 0.005925 0.005626 0.005492 0.005434 0.005409 0.005398 0.005393 0.005390 0.005387 0.005383 0.005374 0.005360 0.005336 0.005296 0.005233 0.005138 0.004996 0.004794 0.004517 0.004151 0.003685 0.003114 0.002443 0.001683 0.000859 0.000000 
50.000000 42.541665 35.343869 28.639870 22.613122 17.383105 13.001146 9.455709 6.684850 4.592549 3.065566 1.988125 1.252834 0.767320 0.457009 0.264952 0.149795 0.082873 0.045161 0.024545 0.013606 0.007971 0.005150 0.003778 0.003129 0.002830 0.002696 0.002638 0.002613 0.002602 0.002598 0.002596 0.002594 0.002591 0.002587 0.002580 0.002568 0.002549 0.002518 0.002471 0.002402 0.002305 0.002170 0.001994 0.001769 0.001494 0.001171 0.000807 0.000412 0.000000 
50.000000 42.541469 35.343483 28.639307 22.612401 17.382246 13.000172 9.454642 6.683710 4.591355 3.064331 1.986863 1.251553 0.766026 0.455707 0.263645 0.148485 0.081561 0.043848 0.023231 0.012293 0.006657 0.003836 0.002464 0.001815 0.001516 0.001382 0.001324 0.001299 0.001289 0.001284 0.001282 0.001281 0.001280 0.001278 0.001274 0.001268 0.001258 0.001243 0.001220 0.001185 0.001136 0.001070 0.000982 0.000871 0.000735 0.000576 0.000397 0.000202 0.000000 
50.000000 42.541391 35.343331 28.639086 22.612118 17.381909 12.999790 9.454223 6.683263 4.590887 3.063847 1.986368 1.251050 0.765519 0.455196 0.263133 0.147971 0.081046 0.043333 0.022716 0.011777 0.006142 0.003321 0.001948 0.001299 0.001001 0.000867 0.000808 0.000784 0.000773 0.000769 0.000767 0.000766 0.000765 0.000764 0.000762 0.000758 0.000752 0.000743 0.000729 0.000708 0.000679 0.000639 0.000586 0.000520 0.000439 0.000344 0.000237 0.000121 0.000000 
50.000000 42.541391 35.343331 28.639086 22.612118 17.381909 12.999790 9.454223 6.683263 4.590887 3.063847 1.986368 1.251050 0.765519 0.455196 0.263133 0.147971 0.081046 0.043333 0.022716 0.011777 0.006142 0.003321 0.001948 0.001299 0.001001 0.000867 0.000808 0.000784 0.000773 0.000769 0.000767 0.000766 0.000765 0.000764 0.000762 0.000758 0.000752 0.000743 0.000729 0.000708 0.000679 0.000639 0.000586 0.000520 0.000439 0.000344 0.000237 0.000121 0.000000 
50.000000 42.541469 35.343483 28.639307 22.612401 17.382246 13.000172 9.454642 6.683710 4.591355 3.064331 1.986863 1.251553 0.766026 0.455707 0.263645 0.148485 0.081561 0.043848 0.023231 0.012293 0.006657 0.003836 0.002464 0.001815 0.001516 0.001382 0.001324 0.001299 0.001289 0.001284 0.001282 0.001281 0.001280 0.001278 0.001274 0.001268 0.001258 0.001243 0.001220 0.001185 0.001136 0.001070 0.000982 0.000871 0.000735 0.000576 0.000397 0.000202 0.000000 
50.000000 42.541665 35.343869 28.639870 22.613122 17.383105 13.001146 9.455709 6.684850 4.592549 3.065566 1.988125 1.252834 0.767320 0.457009 0.264952 0.149795 0.082873 0.045161 0.024545 0.013606 0.007971 0.005150 0.003778 0.003129 0.002830 0.002696 0.002638 0.002613 0.002602 0.002598 0.002596 0.002594 0.002591 0.002587 0.002580 0.002568 0.002549 0.002518 0.002471 0.002402 0.002305 0.002170 0.001994 0.001769 0.001494 0.001171 0.000807 0.000412 0.000000 
50.000000 42.542083 35.344690 28.641067 22.614657 17.384932 13.003218 9.457979 6.687275 4.595091 3.068192 1.990812 1.255561 0.770074 0.459780 0.267734 0.152583 0.085664 0.047954 0.027340 0.016402 0.010766 0.007946 0.006574 0.005925 0.005626 0.005492 0.005434 0.005409 0.005398 0.005393 0.005390 0.005387 0.005383 0.005374 0.005360 0.005336 0.005296 0.005233 0.005138 0.004996 0.004794 0.004517 0.004151 0.003685 0.003114 0.002443 0.001683 0.000859 0.000000 
50.000000 42.542924 35.346343 28.643475 22.617744 17.388608 13.007387 9.462547 6.692153 4.600204 3.073476 1.996216 1.261048 0.775615 0.465356 0.273331 0.158193 0.091281 0.053575 0.032963 0.022026 0.016391 0.013571 0.012199 0.011550 0.011251 0.011118 0.011059 0.011034 0.011023 0.011018 0.011014 0.011008 0.010999 0.010983 0.010954 0.010906 0.010826 0.010700 0.010507 0.010221 0.009813 0.009251 0.008505 0.007554 0.006388 0.005012 0.003455 0.001764 0.000000 
50.000000 42.544559 35.349555 28.648155 22.623743 17.395752 13.015489 9.471424 6.701635 4.610142 3.083747 2.006721 1.271713 0.786385 0.476193 0.284209 0.169096 0.102199 0.064501 0.043893 0.032959 0.027325 0.024505 0.023134 0.022485 0.022186 0.022052 0.021994 0.021968 0.021957 0.021950 0.021944 0.021934 0.021916 0.021885 0.021829 0.021735 0.021581 0.021334 0.020956 0.020394 0.019588 0.018477 0.016999 0.015108 0.012783 0.010036 0.006921 0.003534 0.000000 
50.000000 42.547639 35.355608 28.656977 22.635053 17.409219 13.030763 9.488157 6.719510 4.628877 3.103109 2.026525 1.291818 0.806689 0.496623 0.304718 0.189652 0.122782 0.085099 0.064500 0.053570 0.047938 0.045120 0.043749 0.043100 0.042802 0.042668 0.042609 0.042583 0.042571 0.042562 0.042551 0.042533 0.042500 0.042441 0.042337 0.042160 0.041867 0.041400 0.040679 0.039606 0.038063 0.035926 0.033075 0.029418 0.024908 0.019569 0.013503 0.006896 0.000000 
50.000000 42.553274 35.366680 28.673112 22.655738 17.433851 13.058700 9.518767 6.752206 4.663147 3.138527 2.062752 1.328596 0.843831 0.533998 0.342236 0.227256 0.160435 0.122781 0.102197 0.091275 0.085648 0.082831 0.081461 0.080813 0.080514 0.080380 0.080321 0.080295 0.080280 0.080268 0.080250 0.080218 0.080159 0.080052 0.079862 0.079538 0.079002 0.078142 0.076812 0.074823 0.071953 0.067964 0.062623 0.055747 0.047240 0.037141 0.025643 0.013101 0.000000 
50.000000 42.563272 35.386325 28.701741 22.692441 17.477558 13.108271 9.573081 6.810223 4.723959 3.201377 2.127039 1.393862 0.909743 0.600322 0.408815 0.293987 0.227255 0.189651 0.169094 0.158186 0.152566 0.149754 0.148385 0.147738 0.147440 0.147306 0.147246 0.147218 0.147201 0.147183 0.147153 0.147097 0.146994 0.146805 0.146471 0.145898 0.144946 0.143415 0.141035 0.137462 0.132286 0.125057 0.115340 0.102779 0.087183 0.068606 0.047401 0.024229 0.000000 
50.000000 42.580472 35.420124 28.750997 22.755588 17.552755 13.193561 9.666532 6.910050 4.828596 3.309521 2.237656 1.506166 1.023158 0.714448 0.523380 0.408815 0.342236 0.304717 0.284207 0.273324 0.267717 0.264911 0.263546 0.262900 0.262602 0.262468 0.262407 0.262377 0.262355 0.262327 0.262278 0.262185 0.262010 0.261690 0.261121 0.260142 0.258507 0.255868 0.251746 0.245529 0.236478 0.223778 0.206621 0.184338 0.156550 0.123324 0.085281 0.043615 0.000000 
50.000000 42.609154 35.476484 28.833132 22.860889 17.678154 13.335792 9.822375 7.076526 5.003096 3.489874 2.422135 1.693459 1.212308 0.904782 0.714447 0.600322 0.533997 0.496622 0.476190 0.465349 0.459764 0.456968 0.455608 0.454964 0.454667 0.454533 0.454471 0.454437 0.454409 0.454366 0.454287 0.454136 0.453851 0.453326 0.452391 0.450774 0.448063 0.443665 0.436762 0.426293 0.410970 0.389346 0.359969 0.321602 0.273509 0.215740 0.149345 0.076431 0.000000 
50.000000 42.655489 35.567532 28.965820 23.031004 17.880739 13.565573 10.074153 7.345486 5.285025 3.781262 2.720193 1.996066 1.517916 1.212308 1.023158 0.909743 0.843831 0.806688 0.786382 0.775608 0.770057 0.767279 0.765927 0.765287 0.764992 0.764857 0.764794 0.764755 0.764716 0.764652 0.764530 0.764293 0.763844 0.763017 0.761534 0.758958 0.754620 0.747545 0.736378 0.719341 0.694246 0.658602 0.609857 0.545780 0.464960 0.367335 0.254615 0.130416 0.000000 
50.000000 42.727974 35.709967 29.173398 23.297134 18.197670 13.925057 10.468054 7.766275 5.726109 4.237150 3.186523 2.469516 1.996066 1.693459 1.506165 1.393862 1.328596 1.291817 1.271710 1.261041 1.255545 1.252793 1.251454 1.250821 1.250527 1.250393 1.250326 1.250282 1.250229 1.250135 1.249952 1.249595 1.248916 1.247658 1.245396 1.241446 1.234758 1.223787 1.206363 1.179603 1.139900 1.083083 1.004779 0.901046 0.769229 0.608916 0.422750 0.216770 0.000000 
50.000000 42.837735 35.925649 29.487726 23.700131 18.677601 14.469431 11.064556 8.403504 6.394080 4.927549 3.892739 3.186523 2.720193 2.422135 2.237656 2.127039 2.062752 2.026524 2.006719 1.996210 1.990795 1.988085 1.986766 1.986141 1.985852 1.985717 1.985648 1.985595 1.985523 1.985389 1.985126 1.984610 1.983624 1.981788 1.978471 1.972649 1.962736 1.946370 1.920197 1.879693 1.819108 1.731650 1.610020 1.447395 1.238860 0.983099 0.683948 0.351189 0.000000 
50.000000 42.998549 36.241654 29.948266 24.290590 19.380787 15.267049 11.938563 9.337197 7.372830 5.939171 4.927549 4.237150 3.781262 3.489874 3.309521 3.201377 3.138527 3.103108 3.083744 3.073470 3.068176 3.065526 3.064236 3.063625 3.063341 3.063207 3.063134 3.063071 3.062976 3.062794 3.062430 3.061715 3.060342 3.057775 3.053112 3.044884 3.030787 3.007352 2.969586 2.910642 2.821654 2.691897 2.509501 2.262912 1.943179 1.546885 1.079075 0.555091 0.000000 
50.000000 43.226434 36.689456 30.600887 25.127324 20.377278 16.397374 13.177155 10.660387 8.759888 7.372830 6.394080 5.726109 5.285025 5.003096 4.828596 4.723959 4.663147 4.628876 4.610140 4.600198 4.595075 4.592511 4.591263 4.590671 4.590394 4.590262 4.590185 4.590111 4.589989 4.589751 4.589272 4.588325 4.586497 4.583067 4.576803 4.565684 4.546507 4.514387 4.462188 4.379944 4.254465 4.069366 3.805882 3.444876 2.970335 2.374267 1.662175 0.857170 0.000000 
50.000000 43.538651 37.302979 31.495034 26.273731 21.742579 17.946058 14.874197 12.473360 10.660387 9.337197 8.403504 7.766275 7.345486 7.076526 6.910050 6.810223 6.752205 6.719509 6.701633 6.692148 6.687260 6.684813 6.683622 6.683056 6.682792 6.682663 6.682582 6.682496 6.682347 6.682049 6.681448 6.680253 6.677938 6.673572 6.665556 6.651240 6.626375 6.584396 6.515543 6.405922 6.236680 5.983670 5.618143 5.109186 4.428690 3.559201 2.503906 1.295748 0.000000 
50.000000 43.952085 38.115400 32.679059 27.791809 23.550534 19.996871 17.121491 14.874197 13.177155 11.938563 11.064556 10.468054 10.074153 9.822375 9.666532 9.573080 9.518766 9.488157 9.471421 9.462541 9.457965 9.455674 9.454559 9.454029 9.453779 9.453655 9.453573 9.453476 9.453302 9.452949 9.452232 9.450803 9.448023 9.442754 9.433029 9.415551 9.384971 9.332905 9.246666 9.107789 8.890527 8.560746 8.075961 7.387690 6.447709 5.219818 3.697399 1.923132 0.000000 
50.000000 44.481047 39.154842 34.193956 29.734120 25.863746 22.620833 19.996871 17.946058 16.397374 15.267049 14.469431 13.925057 13.565573 13.335792 13.193561 13.108271 13.058699 13.030762 13.015487 13.007382 13.003205 13.001114 13.000095 12.999611 12.999382 12.999266 12.999184 12.999080 12.998887 12.998493 12.997688 12.996077 12.992931 12.986940 12.975823 12.955716 12.920278 12.859410 12.757548 12.591492 12.327915 11.920909 11.310416 10.423160 9.178871 7.505834 5.369763 2.814909 0.000000 
50.000000 45.134766 40.439443 36.066157 32.134559 28.722590 25.863746 23.550534 21.742579 20.377278 19.380787 18.677601 18.197670 17.880739 17.678154 17.552755 17.477557 17.433851 17.409218 17.395751 17.388604 17.384921 17.383077 17.382178 17.381751 17.381548 17.381443 17.381364 17.381259 17.381058 17.380646 17.379802 17.378105 17.374779 17.368417 17.356552 17.334960 17.296625 17.230205 17.117875 16.932402 16.633393 16.162844 15.440586 14.361295 12.796911 10.612188 7.706067 4.091499 0.000000 
50.000000 45.914954 41.972567 38.300568 34.999418 32.134559 29.734120 27.791809 26.273731 25.127324 24.290590 23.700131 23.297134 23.031004 22.860889 22.755588 22.692441 22.655738 22.635052 22.623742 22.617740 22.614647 22.613098 22.612344 22.611984 22.611813 22.611722 22.611652 22.611552 22.611360 22.610962 22.610145 22.608498 22.605258 22.599038 22.587379 22.566045 22.527906 22.461271 22.347411 22.156989 21.845041 21.344100 20.555249 19.337649 17.499709 14.802148 10.999342 5.971488 0.000000 
50.000000 46.813949 43.739160 40.875248 38.300568 36.066157 34.193956 32.679059 31.495034 30.600887 29.948266 29.487726 29.173398 28.965820 28.833132 28.750997 28.701741 28.673112 28.656976 28.648154 28.643472 28.641059 28.639851 28.639262 28.638982 28.638848 28.638776 28.638717 28.638632 28.638466 28.638121 28.637409 28.635971 28.633135 28.627672 28.617392 28.598485 28.564482 28.504627 28.401381 28.226620 27.935833 27.459241 26.688122 25.453969 23.498419 20.437624 15.751134 8.913919 0.000000 
50.000000 47.813931 45.704201 43.739160 41.972567 40.439443 39.154842 38.115400 37.302979 36.689456 36.241654 35.925649 35.709967 35.567532 35.476484 35.420124 35.386325 35.366680 35.355608 35.349554 35.346341 35.344685 35.343856 35.343452 35.343259 35.343167 35.343117 35.343075 35.343012 35.342890 35.342634 35.342106 35.341037 35.338924 35.334843 35.327139 35.312917 35.287217 35.241701 35.162579 35.027282 34.799073 34.418000 33.785079 32.733376 30.973225 27.988025 22.852101 14.034040 0.000000 
50.000000 48.887542 47.813931 46.813949 45.914954 45.134766 44.481047 43.952085 43.538651 43.226434 42.998549 42.837735 42.727974 42.655489 42.609154 42.580472 42.563272 42.553274 42.547639 42.544558 42.542923 42.542080 42.541659 42.541453 42.541355 42.541308 42.541282 42.541260 42.541227 42.541162 42.541025 42.540744 42.540173 42.539043 42.536858 42.532724 42.525073 42.511205 42.486546 42.443458 42.369264 42.242903 42.028953 41.666138 41.043267 39.943465 37.900030 33.779890 24.443771 0.000000 
50.000000 50.000000 50.000000 50.000000 50.000000 50.000000 50.000000 50.000000 50.000000 50.000000 50.000000 50.000000 50.000000 50.000000 50.000000 50.000000 50.000000 50.000000 50.000000 50.000000 50.000000 50.000000 50.000000 50.000000 50.000000 50.000000 50.000000 50.000000 50.000000 50.000000 50.000000 50.000000 50.000000 50.000000 50.000000 50.000000 50.000000 50.000000 50.000000 50.000000 50.000000 50.000000 50.000000 50.000000 50.000000 50.000000 50.000000 50.000000 50.000000 50.000000 
