50.000000 50.000000 50.000000 50.000000 50.000000 50.000000 50.000000 50.000000 50.000000 50.000000 50.000000 50.000000 50.000000 50.000000 50.000000 50.000000 50.000000 50.000000 50.000000 50.000000 50.000000 50.000000 50.000000 50.000000 50.000000 50.000000 50.000000 50.000000 50.000000 50.000000 50.000000 50.000000 50.000000 50.000000 50.000000 50.000000 50.000000 50.000000 50.000000 50.000000 50.000000 50.000000 50.000000 50.000000 50.000000 50.000000 50.000000 50.000000 50.000000 50.000000 
50.000000 40.490894 33.760593 30.239079 28.810901 28.343993 28.217120 28.187775 28.181889 28.180850 28.180687 28.180664 28.180661 28.180660 28.180660 28.180660 28.180660 28.180660 28.180660 28.180660 28.180660 28.180660 28.180660 28.180660 28.180660 28.180660 28.180660 28.180660 28.180660 28.180660 28.180660 28.180660 28.180660 28.180660 28.180660 28.180660 28.180660 28.180660 28.180660 28.180659 28.180648 28.180567 28.180021 28.176694 28.158401 28.068122 27.668622 26.074985 20.245447 0.000000 
50.000000 33.760593 22.270625 16.262067 13.826951 13.031479 12.815508 12.765602 12.755601 12.753837 12.753559 12.753520 12.753515 12.753515 12.753515 12.753515 12.753515 12.753515 12.753515 12.753515 12.753515 12.753515 12.753515 12.753515 12.753515 12.753515 12.753515 12.753515 12.753515 12.753515 12.753515 12.753515 12.753515 12.753515 12.753515 12.753515 12.753515 12.753515 12.753514 12.753513 12.753502 12.753420 12.752876 12.749623 12.732280 12.650616 12.315291 11.135313 7.685607 0.000000 
50.000000 30.239079 16.262067 8.956887 5.998276 5.032525 4.770538 4.710049 4.697938 4.695804 4.695469 4.695422 4.695416 4.695415 4.695415 4.695415 4.695415 4.695415 4.695415 4.695415 4.695415 4.695415 4.695415 4.695415 4.695415 4.695415 4.695415 4.695415 4.695415 4.695415 4.695415 4.695415 4.695415 4.695415 4.695415 4.695415 4.695415 4.695415 4.695415 4.695414 4.695407 4.695361 4.695059 4.693283 4.684041 4.642044 4.478443 3.946776 2.570457 0.000000 
50.000000 28.810901 13.826951 5.998276 2.829047 1.795058 1.514707 1.450014 1.437069 1.434789 1.434431 1.434380 1.434374 1.434373 1.434373 1.434373 1.434373 1.434373 1.434373 1.434373 1.434373 1.434373 1.434373 1.434373 1.434373 1.434373 1.434373 1.434373 1.434373 1.434373 1.434373 1.434373 1.434373 1.434373 1.434373 1.434373 1.434373 1.434373 1.434373 1.434373 1.434370 1.434352 1.434234 1.433548 1.430043 1.414523 1.356231 1.176335 0.742778 0.000000 
50.000000 28.343993 13.031479 5.032525 1.795058 0.739058 0.452812 0.386776 0.373565 0.371239 0.370874 0.370823 0.370816 0.370816 0.370815 0.370815 0.370815 0.370815 0.370815 0.370815 0.370815 0.370815 0.370815 0.370815 0.370815 0.370815 0.370815 0.370815 0.370815 0.370815 0.370815 0.370815 0.370815 0.370815 0.370815 0.370815 0.370815 0.370815 0.370815 0.370815 0.370815 0.370809 0.370773 0.370567 0.369529 0.365014 0.348484 0.299199 0.185592 0.000000 
50.000000 28.217120 12.815508 4.770538 1.514707 0.452812 0.164995 0.098603 0.085323 0.082984 0.082618 0.082566 0.082559 0.082558 0.082558 0.082558 0.082558 0.082558 0.082558 0.082558 0.082558 0.082558 0.082558 0.082558 0.082558 0.082558 0.082558 0.082558 0.082558 0.082558 0.082558 0.082558 0.082558 0.082558 0.082558 0.082558 0.082558 0.082558 0.082558 0.082558 0.082558 0.082557 0.082548 0.082497 0.082244 0.081159 0.077255 0.065886 0.040426 0.000000 
50.000000 28.187775 12.765602 4.710049 1.450014 0.386776 0.098603 0.032131 0.018835 0.016494 0.016127 0.016075 0.016068 0.016068 0.016068 0.016068 0.016068 0.016068 0.016068 0.016068 0.016068 0.016068 0.016068 0.016068 0.016068 0.016068 0.016068 0.016068 0.016068 0.016068 0.016068 0.016068 0.016068 0.016068 0.016068 0.016068 0.016068 0.016068 0.016068 0.016068 0.016068 0.016067 0.016065 0.016055 0.016003 0.015780 0.014990 0.012726 0.007754 0.000000 
50.000000 28.181889 12.755601 4.697938 1.437069 0.373565 0.085323 0.018835 0.005536 0.003195 0.002827 0.002776 0.002769 0.002768 0.002768 0.002768 0.002768 0.002768 0.002768 0.002768 0.002768 0.002768 0.002768 0.002768 0.002768 0.002768 0.002768 0.002768 0.002768 0.002768 0.002768 0.002768 0.002768 0.002768 0.002768 0.002768 0.002768 0.002768 0.002768 0.002768 0.002768 0.002768 0.002768 0.002766 0.002756 0.002717 0.002577 0.002181 0.001323 0.000000 
50.000000 28.180850 12.753837 4.695804 1.434789 0.371239 0.082984 0.016494 0.003195 0.000853 0.000486 0.000434 0.000428 0.000427 0.000427 0.000427 0.000427 0.000427 0.000427 0.000427 0.000427 0.000427 0.000427 0.000427 0.000427 0.000427 0.000427 0.000427 0.000427 0.000427 0.000427 0.000427 0.000427 0.000427 0.000427 0.000427 0.000427 0.000427 0.000427 0.000427 0.000427 0.000427 0.000427 0.000426 0.000425 0.000419 0.000397 0.000335 0.000202 0.000000 
50.000000 28.180687 12.753559 4.695469 1.434431 0.370874 0.082618 0.016127 0.002827 0.000486 0.000119 0.000067 0.000060 0.000059 0.000059 0.000059 0.000059 0.000059 0.000059 0.000059 0.000059 0.000059 0.000059 0.000059 0.000059 0.000059 0.000059 0.000059 0.000059 0.000059 0.000059 0.000059 0.000059 0.000059 0.000059 0.000059 0.000059 0.000059 0.000059 0.000059 0.000059 0.000059 0.000059 0.000059 0.000059 0.000058 0.000055 0.000046 0.000028 0.000000 
50.000000 28.180664 12.753520 4.695422 1.434380 0.370823 0.082566 0.016075 0.002776 0.000434 0.000067 0.000015 0.000008 0.000008 0.000008 0.000008 0.000008 0.000008 0.000008 0.000008 0.000008 0.000008 0.000008 0.000008 0.000008 0.000008 0.000008 0.000008 0.000008 0.000008 0.000008 0.000008 0.000008 0.000008 0.000008 0.000008 0.000008 0.000008 0.000008 0.000008 0.000008 0.000008 0.000008 0.000008 0.000007 0.000007 0.000007 0.000006 0.000004 0.000000 
50.000000 28.180661 12.753515 4.695416 1.434374 0.370816 0.082559 0.016068 0.002769 0.000428 0.000060 0.000008 0.000002 0.000001 0.000001 0.000001 0.000001 0.000001 0.000001 0.000001 0.000001 0.000001 0.000001 0.000001 0.000001 0.000001 0.000001 0.000001 0.000001 0.000001 0.000001 0.000001 0.000001 0.000001 0.000001 0.000001 0.000001 0.000001 0.000001 0.000001 0.000001 0.000001 0.000001 0.000001 0.000001 0.000001 0.000001 0.000001 0.000000 0.000000 
50.000000 28.180660 12.753515 4.695415 1.434373 0.370816 0.082558 0.016068 0.002768 0.000427 0.000059 0.000008 0.000001 0.000000 0.000000 0.000000 0.000000 0.000000 0.000000 0.000000 0.000000 0.000000 0.000000 0.000000 0.000000 0.000000 0.000000 0.000000 0.000000 0.000000 0.000000 0.000000 0.000000 0.000000 0.000000 0.000000 0.000000 0.000000 0.000000 0.000000 0.000000 0.000000 0.000000 0.000000 0.000000 0.000000 0.000000 0.000000 0.000000 0.000000 
50.000000 28.180660 12.753515 4.695415 1.434373 0.370815 0.082558 0.016068 0.002768 0.000427 0.000059 0.000008 0.000001 0.000000 0.000000 0.000000 0.000000 0.000000 0.000000 0.000000 0.000000 0.000000 0.000000 0.000000 0.000000 0.000000 0.000000 0.000000 0.000000 0.000000 0.000000 0.000000 0.000000 0.000000 0.000000 0.000000 0.000000 0.000000 0.000000 0.000000 0.000000 0.000000 0.000000 0.000000 0.000000 0.000000 0.000000 0.000000 0.000000 0.000000 
50.000000 28.180660 12.753515 4.695415 1.434373 0.370815 0.082558 0.016068 0.002768 0.000427 0.000059 0.000008 0.000001 0.000000 0.000000 0.000000 0.000000 0.000000 0.000000 0.000000 0.000000 0.000000 0.000000 0.000000 0.000000 0.000000 0.000000 0.000000 0.000000 0.000000 0.000000 0.000000 0.000000 0.000000 0.000000 0.000000 0.000000 0.000000 0.000000 0.000000 0.000000 0.000000 0.000000 0.000000 0.000000 0.000000 0.000000 0.000000 0.000000 0.000000 
50.000000 28.180660 12.753515 4.695415 1.434373 0.370815 0.082558 0.016068 0.002768 0.000427 0.000059 0.000008 0.000001 0.000000 0.000000 0.000000 0.000000 0.000000 0.000000 0.000000 0.000000 0.000000 0.000000 0.000000 0.000000 0.000000 0.000000 0.000000 0.000000 0.000000 0.000000 0.000000 0.000000 0.000000 0.000000 0.000000 0.000000 0.000000 0.000000 0.000000 0.000000 0.000000 0.000000 0.000000 0.000000 0.000000 0.000000 0.000000 0.000000 0.000000 
50.000000 28.180660 12.753515 4.695415 1.434373 0.370815 0.082558 0.016068 0.002768 0.000427 0.000059 0.000008 0.000001 0.000000 0.000000 0.000000 0.000000 0.000000 0.000000 0.000000 0.000000 0.000000 0.000000 0.000000 0.000000 0.000000 0.000000 0.000000 0.000000 0.000000 0.000000 0.000000 0.000000 0.000000 0.000000 0.000000 0.000000 0.000000 0.000000 0.000000 0.000000 0.000000 0.000000 0.000000 0.000000 0.000000 0.000000 0.000000 0.000000 0.000000 
50.000000 28.180660 12.753515 4.695415 1.434373 0.370815 0.082558 0.016068 0.002768 0.000427 0.000059 0.000008 0.000001 0.000000 0.000000 0.000000 0.000000 0.000000 0.000000 0.000000 0.000000 0.000000 0.000000 0.000000 0.000000 0.000000 0.000000 0.000000 0.000000 0.000000 0.000000 0.000000 0.000000 0.000000 0.000000 0.000000 0.000000 0.000000 0.000000 0.000000 0.000000 0.000000 0.000000 0.000000 0.000000 0.000000 0.000000 0.000000 0.000000 0.000000 
50.000000 28.180660 12.753515 4.695415 1.434373 0.370815 0.082558 0.016068 0.002768 0.000427 0.000059 0.000008 0.000001 0.000000 0.000000 0.000000 0.000000 0.000000 0.000000 0.000000 0.000000 0.000000 0.000000 0.000000 0.000000 0.000000 0.000000 0.000000 0.000000 0.000000 0.000000 0.000000 0.000000 0.000000 0.000000 0.000000 0.000000 0.000000 0.000000 0.000000 0.000000 0.000000 0.000000 0.000000 0.000000 0.000000 0.000000 0.000000 0.000000 0.000000 
50.000000 28.180660 12.753515 4.695415 1.434373 0.370815 0.082558 0.016068 0.002768 0.000427 0.000059 0.000008 0.000001 0.000000 0.000000 0.000000 0.000000 0.000000 0.000000 0.000000 0.000000 0.000000 0.000000 0.000000 0.000000 0.000000 0.000000 0.000000 0.000000 0.000000 0.000000 0.000000 0.000000 0.000000 0.000000 0.000000 0.000000 0.000000 0.000000 0.000000 0.000000 0.000000 0.000000 0.000000 0.000000 0.000000 0.000000 0.000000 0.000000 0.000000 
50.000000 28.180660 12.753515 4.695415 1.434373 0.370815 0.082558 0.016068 0.002768 0.000427 0.000059 0.000008 0.000001 0.000000 0.000000 0.000000 0.000000 0.000000 0.000000 0.000000 0.000000 0.000000 0.000000 0.000000 0.000000 0.000000 0.000000 0.000000 0.000000 0.000000 0.000000 0.000000 0.000000 0.000000 0.000000 0.000000 0.000000 0.000000 0.000000 0.000000 0.000000 0.000000 0.000000 0.000000 0.000000 0.000000 0.000000 0.000000 0.000000 0.000000 
50.000000 28.180660 12.753515 4.695415 1.434373 0.370815 0.082558 0.016068 0.002768 0.000427 0.000059 0.000008 0.000001 0.000000 0.000000 0.000000 0.000000 0.000000 0.000000 0.000000 0.000000 0.000000 0.000000 0.000000 0.000000 0.000000 0.000000 0.000000 0.000000 0.000000 0.000000 0.000000 0.000000 0.000000 0.000000 0.000000 0.000000 0.000000 0.000000 0.000000 0.000000 0.000000 0.000000 0.000000 0.000000 0.000000 0.000000 0.000000 0.000000 0.000000 
50.000000 28.180660 12.753515 4.695415 1.434373 0.370815 0.082558 0.016068 0.002768 0.000427 0.000059 0.000008 0.000001 0.000000 0.000000 0.000000 0.000000 0.000000 0.000000 0.000000 0.000000 0.000000 0.000000 0.000000 0.000000 0.000000 0.000000 0.000000 0.000000 0.000000 0.000000 0.000000 0.000000 0.000000 0.000000 0.000000 0.000000 0.000000 0.000000 0.000000 0.000000 0.000000 0.000000 0.000000 0.000000 0.000000 0.000000 0.000000 0.000000 0.000000 
50.000000 28.180660 12.753515 4.695415 1.434373 0.370815 0.082558 0.016068 0.002768 0.000427 0.000059 0.000008 0.000001 0.000000 0.000000 0.000000 0.000000 0.000000 0.000000 0.000000 0.000000 0.000000 0.000000 0.000000 0.000000 0.000000 0.000000 0.000000 0.000000 0.000000 0.000000 0.000000 0.000000 0.000000 0.000000 0.000000 0.000000 0.000000 0.000000 0.000000 0.000000 0.000000 0.000000 0.000000 0.000000 0.000000 0.000000 0.000000 0.000000 0.000000 
50.000000 28.180660 12.753515 4.695415 1.434373 0.370815 0.082558 0.016068 0.002768 0.000427 0.000059 0.000008 0.000001 0.000000 0.000000 0.000000 0.000000 0.000000 0.000000 0.000000 0.000000 0.000000 0.000000 0.000000 0.000000 0.000000 0.000000 0.000000 0.000000 0.000000 0.000000 0.000000 0.000000 0.000000 0.000000 0.000000 0.000000 0.000000 0.000000 0.000000 0.000000 0.000000 0.000000 0.000000 0.000000 0.000000 0.000000 0.000000 0.000000 0.000000 
50.000000 28.180660 12.753515 4.695415 1.434373 0.370815 0.082558 0.016068 0.002768 0.000427 0.000059 0.000008 0.000001 0.000000 0.000000 0.000000 0.000000 0.000000 0.000000 0.000000 0.000000 0.000000 0.000000 0.000000 0.000000 0.000000 0.000000 0.000000 0.000000 0.000000 0.000000 0.000000 0.000000 0.000000 0.000000 0.000000 0.000000 0.000000 0.000000 0.000000 0.000000 0.000000 0.000000 0.000000 0.000000 0.000000 0.000000 0.000000 0.000000 0.000000 
50.000000 28.180660 12.753515 4.695415 1.434373 0.370815 0.082558 0.016068 0.002768 0.000427 0.000059 0.000008 0.000001 0.000000 0.000000 0.000000 0.000000 0.000000 0.000000 0.000000 0.000000 0.000000 0.000000 0.000000 0.000000 0.000000 0.000000 0.000000 0.000000 0.000000 0.000000 0.000000 0.000000 0.000000 0.000000 0.000000 0.000000 0.000000 0.000000 0.000000 0.000000 0.000000 0.000000 0.000000 0.000000 0.000000 0.000000 0.000000 0.000000 0.000000 
50.000000 28.180660 12.753515 4.695415 1.434373 0.370815 0.082558 0.016068 0.002768 0.000427 0.000059 0.000008 0.000001 0.000000 0.000000 0.000000 0.000000 0.000000 0.000000 0.000000 0.000000 0.000000 0.000000 0.000000 0.000000 0.000000 0.000000 0.000000 0.000000 0.000000 0.000000 0.000000 0.000000 0.000000 0.000000 0.000000 0.000000 0.000000 0.000000 0.000000 0.000000 0.000000 0.000000 0.000000 0.000000 0.000000 0.000000 0.000000 0.000000 0.000000 
50.000000 28.180660 12.753515 4.695415 1.434373 0.370815 0.082558 0.016068 0.002768 0.000427 0.000059 0.000008 0.000001 0.000000 0.000000 0.000000 0.000000 0.000000 0.000000 0.000000 0.000000 0.000000 0.000000 0.000000 0.000000 0.000000 0.000000 0.000000 0.000000 0.000000 0.000000 0.000000 0.000000 0.000000 0.000000 0.000000 0.000000 0.000000 0.000000 0.000000 0.000000 0.000000 0.000000 0.000000 0.000000 0.000000 0.000000 0.000000 0.000000 0.000000 
50.000000 28.180660 12.753515 4.695415 1.434373 0.370815 0.082558 0.016068 0.002768 0.000427 0.000059 0.000008 0.000001 0.000000 0.000000 0.000000 0.000000 0.000000 0.000000 0.000000 0.000000 0.000000 0.000000 0.000000 0.000000 0.000000 0.000000 0.000000 0.000000 0.000000 0.000000 0.000000 0.000000 0.000000 0.000000 0.000000 0.000000 0.000000 0.000000 0.000000 0.000000 0.000000 0.000000 0.000000 0.000000 0.000000 0.000000 0.000000 0.000000 0.000000 
50.000000 28.180660 12.753515 4.695415 1.434373 0.370815 0.082558 0.016068 0.002768 0.000427 0.000059 0.000008 0.000001 0.000000 0.000000 0.000000 0.000000 0.000000 0.000000 0.000000 0.000000 0.000000 0.000000 0.000000 0.000000 0.000000 0.000000 0.000000 0.000000 0.000000 0.000000 0.000000 0.000000 0.000000 0.000000 0.000000 0.000000 0.000000 0.000000 0.000000 0.000000 0.000000 0.000000 0.000000 0.000000 0.000000 0.000000 0.000000 0.000000 0.000000 
50.000000 28.180660 12.753515 4.695415 1.434373 0.370815 0.082558 0.016068 0.002768 0.000427 0.000059 0.000008 0.000001 0.000000 0.000000 0.000000 0.000000 0.000000 0.000000 0.000000 0.000000 0.000000 0.000000 0.000000 0.000000 0.000000 0.000000 0.000000 0.000000 0.000000 0.000000 0.000000 0.000000 0.000000 0.000000 0.000000 0.000000 0.000000 0.000000 0.000000 0.000000 0.000000 0.000000 0.000000 0.000000 0.000000 0.000000 0.000000 0.000000 0.000000 
50.000000 28.180660 12.753515 4.695415 1.434373 0.370815 0.082558 0.016068 0.002768 0.000427 0.000059 0.000008 0.000001 0.000000 0.000000 0.000000 0.000000 0.000000 0.000000 0.000000 0.000000 0.000000 0.000000 0.000000 0.000000 0.000000 0.000000 0.000000 0.000000 0.000000 0.000000 0.000000 0.000000 0.000000 0.000000 0.000000 0.000000 0.000000 0.000000 0.000000 0.000000 0.000000 0.000000 0.000000 0.000000 0.000000 0.000000 0.000000 0.000000 0.000000 
50.000000 28.180660 12.753515 4.695415 1.434373 0.370815 0.082558 0.016068 0.002768 0.000427 0.000059 0.000008 0.000001 0.000000 0.000000 0.000000 0.000000 0.000000 0.000000 0.000000 0.000000 0.000000 0.000000 0.000000 0.000000 0.000000 0.000000 0.000000 0.000000 0.000000 0.000000 0.000000 0.000000 0.000000 0.000000 0.000000 0.000000 0.000000 0.000000 0.000000 0.000000 0.000000 0.000000 0.000000 0.000000 0.000000 0.000000 0.000000 0.000000 0.000000 
50.000000 28.180660 12.753515 4.695415 1.434373 0.370815 0.082558 0.016068 0.002768 0.000427 0.000059 0.000008 0.000001 0.000000 0.000000 0.000000 0.000000 0.000000 0.000000 0.000000 0.000000 0.000000 0.000000 0.000000 0.000000 0.000000 0.000000 0.000000 0.000000 0.000000 0.000000 0.000000 0.000000 0.000000 0.000000 0.000000 0.000000 0.000000 0.000000 0.000000 0.000000 0.000000 0.000000 0.000000 0.000000 0.000000 0.000000 0.000000 0.000000 0.000000 
50.000000 28.180660 12.753515 4.695415 1.434373 0.370816 0.082558 0.016068 0.002768 0.000427 0.000059 0.000008 0.000001 0.000000 0.000000 0.000000 0.000000 0.000000 0.000000 0.000000 0.000000 0.000000 0.000000 0.000000 0.000000 0.000000 0.000000 0.000000 0.000000 0.000000 0.000000 0.000000 0.000000 0.000000 0.000000 0.000000 0.000000 0.000000 0.000000 0.000000 0.000000 0.000000 0.000000 0.000000 0.000000 0.000000 0.000000 0.000000 0.000000 0.000000 
50.000000 28.180661 12.753515 4.695416 1.434374 0.370816 0.082559 0.016068 0.002769 0.000428 0.000060 0.000008 0.000002 0.000001 0.000001 0.000001 0.000001 0.000001 0.000001 0.000001 0.000001 0.000001 0.000001 0.000001 0.000001 0.000001 0.000001 0.000001 0.000001 0.000001 0.000001 0.000001 0.000001 0.000001 0.000001 0.000001 0.000001 0.000001 0.000001 0.000001 0.000001 0.000001 0.000001 0.000001 0.000001 0.000001 0.000001 0.000001 0.000000 0.000000 
50.000000 28.180664 12.753520 4.695422 1.434380 0.370823 0.082566 0.016075 0.002776 0.000434 0.000067 0.000015 0.000008 0.000008 0.000008 0.000008 0.000008 0.000008 0.000008 0.000008 0.000008 0.000008 0.000008 0.000008 0.000008 0.000008 0.000008 0.000008 0.000008 0.000008 0.000008 0.000008 0.000008 0.000008 0.000008 0.000008 0.000008 0.000008 0.000008 0.000008 0.000008 0.000008 0.000008 0.000008 0.000007 0.000007 0.000007 0.000006 0.000004 0.000000 
50.000000 28.180687 12.753559 4.695469 1.434431 0.370874 0.082618 0.016127 0.002827 0.000486 0.000119 0.000067 0.000060 0.000059 0.000059 0.000059 0.000059 0.000059 0.000059 0.000059 0.000059 0.000059 0.000059 0.000059 0.000059 0.000059 0.000059 0.000059 0.000059 0.000059 0.000059 0.000059 0.000059 0.000059 0.000059 0.000059 0.000059 0.000059 0.000059 0.000059 0.000059 0.000059 0.000059 0.000059 0.000059 0.000058 0.000055 0.000046 0.000028 0.000000 
50.000000 28.180850 12.753837 4.695804 1.434789 0.371239 0.082984 0.016494 0.003195 0.000853 0.000486 0.000434 0.000428 0.000427 0.000427 0.000427 0.000427 0.000427 0.000427 0.000427 0.000427 0.000427 0.000427 0.000427 0.000427 0.000427 0.000427 0.000427 0.000427 0.000427 0.000427 0.000427 0.000427 0.000427 0.000427 0.000427 0.000427 0.000427 0.000427 0.000427 0.000427 0.000427 0.000427 0.000426 0.000425 0.000419 0.000397 0.000335 0.000202 0.000000 
50.000000 28.181889 12.755601 4.697938 1.437069 0.373565 0.085323 0.018835 0.005536 0.003195 0.002827 0.002776 0.002769 0.002768 0.002768 0.002768 0.002768 0.002768 0.002768 0.002768 0.002768 0.002768 0.002768 0.002768 0.002768 0.002768 0.002768 0.002768 0.002768 0.002768 0.002768 0.002768 0.002768 0.002768 0.002768 0.002768 0.002768 0.002768 0.002768 0.002768 0.002768 0.002768 0.002768 0.002766 0.002756 0.002717 0.002577 0.002181 0.001323 0.000000 
50.000000 28.187775 12.765602 4.710049 1.450014 0.386776 0.098603 0.032131 0.018835 0.016494 0.016127 0.016075 0.016068 0.016068 0.016068 0.016068 0.016068 0.016068 0.016068 0.016068 0.016068 0.016068 0.016068 0.016068 0.016068 0.016068 0.016068 0.016068 0.016068 0.016068 0.016068 0.016068 0.016068 0.016068 0.016068 0.016068 0.016068 0.016068 0.016068 0.016068 0.016068 0.016067 0.016065 0.016055 0.016003 0.015780 0.014990 0.012726 0.007754 0.000000 
50.000000 28.217120 12.815508 4.770538 1.514707 0.452812 0.164995 0.098603 0.085323 0.082984 0.082618 0.082566 0.082559 0.082558 0.082558 0.082558 0.082558 0.082558 0.082558 0.082558 0.082558 0.082558 0.082558 0.082558 0.082558 0.082558 0.082558 0.082558 0.082558 0.082558 0.082558 0.082558 0.082558 0.082558 0.082558 0.082558 0.082558 0.082558 0.082558 0.082558 0.082558 0.082557 0.082548 0.082497 0.082244 0.081159 0.077255 0.065886 0.040426 0.000000 
50.000000 28.343993 13.031479 5.032525 1.795058 0.739058 0.452812 0.386776 0.373565 0.371239 0.370874 0.370823 0.370816 0.370816 0.370815 0.370815 0.370815 0.370815 0.370815 0.370815 0.370815 0.370815 0.370815 0.370815 0.370815 0.370815 0.370815 0.370815 0.370815 0.370815 0.370815 0.370815 0.370815 0.370815 0.370815 0.370815 0.370815 0.370815 0.370815 0.370815 0.370815 0.370809 0.370773 0.370567 0.369529 0.365014 0.348484 0.299199 0.185592 0.000000 
50.000000 28.810901 13.826951 5.998276 2.829047 1.795058 1.514707 1.450014 1.437069 1.434789 1.434431 1.434380 1.434374 1.434373 1.434373 1.434373 1.434373 1.434373 1.434373 1.434373 1.434373 1.434373 1.434373 1.434373 1.434373 1.434373 1.434373 1.434373 1.434373 1.434373 1.434373 1.434373 1.434373 1.434373 1.434373 1.434373 1.434373 1.434373 1.434373 1.434373 1.434370 1.434352 1.434234 1.433548 1.430043 1.414523 1.356231 1.176335 0.742778 0.000000 
50.000000 30.239079 16.262067 8.956887 5.998276 5.032525 4.770538 4.710049 4.697938 4.695804 4.695469 4.695422 4.695416 4.695415 4.695415 4.695415 4.695415 4.695415 4.695415 4.695415 4.695415 4.695415 4.695415 4.695415 4.695415 4.695415 4.695415 4.695415 4.695415 4.695415 4.695415 4.695415 4.695415 4.695415 4.695415 4.695415 4.695415 4.695415 4.695415 4.695414 4.695407 4.695361 4.695059 4.693283 4.684041 4.642044 4.478443 3.946776 2.570457 0.000000 
50.000000 33.760593 22.270625 16.262067 13.826951 13.031479 12.815508 12.765602 12.755601 12.753837 12.753559 12.753520 12.753515 12.753515 12.753515 12.753515 12.753515 12.753515 12.753515 12.753515 12.753515 12.753515 12.753515 12.753515 12.753515 12.753515 12.753515 12.753515 12.753515 12.753515 12.753515 12.753515 12.753515 12.753515 12.753515 12.753515 12.753515 12.753515 12.753514 12.753513 12.753502 12.753420 12.752876 12.749623 12.732280 12.650616 12.315291 11.135313 7.685607 0.000000 
50.000000 40.490894 33.760593 30.239079 28.810901 28.343993 28.217120 28.187775 28.181889 28.180850 28.180687 28.180664 28.180661 28.180660 28.180660 28.180660 28.180660 28.180660 28.180660 28.180660 28.180660 28.180660 28.180660 28.180660 28.180660 28.180660 28.180660 28.180660 28.180660 28.180660 28.180660 28.180660 28.180660 28.180660 28.180660 28.180660 28.180660 28.180660 28.180660 28.180659 28.180648 28.180567 28.180021 28.176694 28.158401 28.068122 27.668622 26.074985 20.245447 0.000000 
50.000000 50.000000 50.000000 50.000000 50.000000 50.000000 50.000000 50.000000 50.000000 50.000000 50.000000 50.000000 50.000000 50.000000 50.000000 50.000000 50.000000 50.000000 50.000000 50.000000 50.000000 50.000000 50.000000 50.000000 50.000000 50.000000 50.000000 50.000000 50.000000 50.000000 50.000000 50.000000 50.000000 50.000000 50.000000 50.000000 50.000000 50.000000 50.000000 50.000000 50.000000 50.000000 50.000000 50.000000 50.000000 50.000000 50.000000 50.000000 50.000000 50.000000 
