50.000000 50.000000 50.000000 50.000000 50.000000 50.000000 50.000000 50.000000 50.000000 50.000000 50.000000 50.000000 50.000000 50.000000 50.000000 50.000000 50.000000 50.000000 50.000000 50.000000 50.000000 50.000000 50.000000 50.000000 50.000000 50.000000 50.000000 50.000000 50.000000 50.000000 50.000000 50.000000 50.000000 50.000000 50.000000 50.000000 50.000000 50.000000 50.000000 50.000000 50.000000 50.000000 50.000000 50.000000 50.000000 50.000000 50.000000 50.000000 50.000000 50.000000 
50.000000 48.970302 47.973890 47.040821 46.195227 45.453524 44.823764 44.306074 43.893977 43.576245 43.338910 43.167109 43.046558 42.964533 42.910396 42.875727 42.854174 42.841165 42.833536 42.829189 42.826780 42.825483 42.824802 42.824454 42.824280 42.824191 42.824141 42.824099 42.824041 42.823933 42.823718 42.823293 42.822467 42.820894 42.817960 42.812602 42.803009 42.786152 42.757037 42.707514 42.624318 42.485770 42.255853 41.872798 41.225113 40.095896 38.018748 33.861260 24.485151 0.000000 
50.000000 47.973890 46.013274 44.177300 42.513448 41.054023 39.814867 38.796228 37.985363 37.360178 36.893186 36.555145 36.317944 36.156550 36.050030 35.981814 35.939408 35.913810 35.898800 35.890246 35.885508 35.882955 35.881616 35.880931 35.880588 35.880414 35.880317 35.880236 35.880125 35.879921 35.879516 35.878716 35.877162 35.874207 35.868705 35.858676 35.840765 35.809389 35.755411 35.664066 35.511674 35.260320 34.848923 34.177563 33.078735 31.262718 28.213492 23.006637 14.112629 0.000000 
50.000000 47.040821 44.177300 41.495825 39.065740 36.934230 35.124430 33.636704 32.452436 31.539357 30.857322 30.363621 30.017196 29.781486 29.625920 29.526293 29.464362 29.426979 29.405058 29.392567 29.385647 29.381918 29.379963 29.378963 29.378463 29.378210 29.378069 29.377956 29.377804 29.377524 29.376974 29.375888 29.373783 29.369787 29.362369 29.348889 29.324906 29.283092 29.211592 29.091525 28.893239 28.570601 28.052276 27.228258 25.929252 23.896821 20.747912 15.963808 9.022073 0.000000 
50.000000 46.195227 42.513448 39.065740 35.941266 33.200690 30.873760 28.960941 27.438296 26.264333 25.387433 24.752681 24.307285 24.004237 23.804230 23.676145 23.596524 23.548463 23.520281 23.504222 23.495326 23.490533 23.488019 23.486735 23.486091 23.485768 23.485590 23.485452 23.485271 23.484945 23.484305 23.483045 23.480609 23.475998 23.467467 23.452028 23.424692 23.377321 23.296922 23.163180 22.944952 22.595355 22.045085 21.193706 19.899448 17.970633 15.168920 11.250730 6.099330 0.000000 
50.000000 45.453524 41.054023 36.934230 33.200690 29.925896 27.145391 24.859729 23.040304 21.637533 20.589731 19.831276 19.299085 18.936985 18.698008 18.544967 18.449834 18.392410 18.358739 18.339553 18.328924 18.323197 18.320194 18.318660 18.317892 18.317508 18.317300 18.317145 18.316951 18.316606 18.315934 18.314615 18.312073 18.307279 18.298443 18.282528 18.254511 18.206289 18.125129 17.991509 17.776257 17.436930 16.913554 16.124334 14.962948 13.301242 11.004978 7.975288 4.228411 0.000000 
50.000000 44.823764 39.814867 35.124430 30.873760 27.145391 23.979787 21.377577 19.306190 17.709168 16.516280 15.652813 15.046943 14.634717 14.362660 14.188438 14.080140 14.014770 13.976440 13.954600 13.942501 13.935982 13.932564 13.930818 13.929945 13.929511 13.929280 13.929115 13.928920 13.928582 13.927929 13.926653 13.924202 13.919597 13.911148 13.896007 13.869516 13.824253 13.748738 13.625720 13.430073 13.126431 12.666929 11.989894 11.021057 9.680054 7.896172 5.637304 2.950966 0.000000 
50.000000 44.306074 38.796228 33.636704 28.960941 24.859729 21.377577 18.515175 16.236686 14.480006 13.167873 12.218100 11.551680 11.098261 10.799022 10.607395 10.488280 10.416381 10.374224 10.350203 10.336896 10.329727 10.325969 10.324049 10.323090 10.322615 10.322367 10.322200 10.322014 10.321703 10.321107 10.319950 10.317736 10.313594 10.306029 10.292546 10.269104 10.229349 10.163602 10.057603 9.891087 9.636402 9.257587 8.710648 7.946174 6.915856 5.584428 3.947306 2.050221 0.000000 
50.000000 43.893977 37.985363 32.452436 27.438296 23.040304 19.306190 16.236686 13.793362 11.909610 10.502576 9.484119 8.769513 8.283315 7.962448 7.756973 7.629251 7.552160 7.506958 7.481202 7.466935 7.459249 7.455219 7.453162 7.452135 7.451629 7.451369 7.451204 7.451034 7.450761 7.450248 7.449257 7.447367 7.443847 7.437449 7.426109 7.406517 7.373534 7.319450 7.233113 7.099036 6.896681 6.600285 6.179759 5.603374 4.842941 3.881835 2.725043 1.408207 0.000000 
50.000000 43.576245 37.360178 31.539357 26.264333 21.637533 17.709168 14.480006 11.909610 9.927904 8.447717 7.376319 6.624575 6.113115 5.775579 5.559434 5.425081 5.343987 5.296440 5.269349 5.254342 5.246257 5.242019 5.239855 5.238777 5.238247 5.237980 5.237819 5.237668 5.237441 5.237019 5.236212 5.234679 5.231837 5.226694 5.217630 5.202066 5.176049 5.133731 5.066801 4.963952 4.810574 4.588919 4.279095 3.861276 3.319381 2.646118 1.848504 0.951928 0.000000 
50.000000 43.338910 36.893186 30.857322 25.387433 20.589731 16.516280 13.167873 10.502576 8.447717 6.912902 5.801973 5.022498 4.492177 4.142197 3.918086 3.778783 3.694703 3.645405 3.617317 3.601758 3.593376 3.588982 3.586739 3.585622 3.585076 3.584804 3.584650 3.584519 3.584335 3.584005 3.583376 3.582190 3.579999 3.576054 3.569136 3.557329 3.537725 3.506078 3.456451 3.380916 3.269463 3.110270 2.890561 2.598222 2.224253 1.765797 1.229120 0.631396 0.000000 
50.000000 43.167109 36.555145 30.363621 24.752681 19.831276 15.652813 12.218100 9.484119 7.376319 5.801973 4.662438 3.862899 3.318932 2.959950 2.730076 2.587192 2.500953 2.450389 2.421580 2.405622 2.397025 2.392518 2.390219 2.389074 2.388516 2.388242 2.388094 2.387981 2.387837 2.387588 2.387119 2.386240 2.384622 2.381724 2.376666 2.368083 2.353921 2.331219 2.295894 2.242588 2.164669 2.054498 1.904074 1.706147 1.455759 1.152029 0.799734 0.410072 0.000000 
50.000000 43.046558 36.317944 30.017196 24.307285 19.299085 15.046943 11.551680 8.769513 6.624575 5.022498 3.862899 3.049288 2.495750 2.130456 1.896541 1.751148 1.663394 1.611943 1.582628 1.566390 1.557643 1.553058 1.550718 1.549554 1.548988 1.548713 1.548571 1.548474 1.548364 1.548182 1.547846 1.547220 1.546073 1.544028 1.540476 1.534480 1.524644 1.508979 1.484774 1.448527 1.395979 1.322330 1.222690 1.092796 0.929964 0.734103 0.508555 0.260406 0.000000 
50.000000 42.964533 36.156550 29.781486 24.004237 18.936985 14.634717 11.098261 8.283315 6.113115 4.492177 3.318932 2.495750 1.935705 1.566118 1.329456 1.182356 1.093573 1.041519 1.011861 0.995433 0.986584 0.981945 0.979578 0.978402 0.977830 0.977555 0.977418 0.977333 0.977249 0.977121 0.976889 0.976459 0.975677 0.974288 0.971887 0.967853 0.961271 0.950849 0.934848 0.911050 0.876798 0.829156 0.765201 0.682475 0.579545 0.456580 0.315785 0.161524 0.000000 
50.000000 42.910396 36.050030 29.625920 23.804230 18.698008 14.362660 10.799022 7.962448 5.775579 4.142197 2.959950 2.130456 1.566118 1.193700 0.955227 0.807002 0.717540 0.665088 0.635204 0.618651 0.609734 0.605060 0.602676 0.601491 0.600915 0.600641 0.600507 0.600432 0.600368 0.600279 0.600124 0.599840 0.599326 0.598416 0.596850 0.594231 0.589980 0.583283 0.573061 0.557950 0.536339 0.506475 0.466653 0.415479 0.352203 0.277030 0.191354 0.097795 0.000000 
50.000000 42.875727 35.981814 29.526293 23.676145 18.544967 14.188438 10.607395 7.756973 5.559434 3.918086 2.730076 1.896541 1.329456 0.955227 0.715595 0.566650 0.476754 0.424048 0.394019 0.377386 0.368426 0.363730 0.361334 0.360143 0.359566 0.359292 0.359161 0.359092 0.359042 0.358982 0.358881 0.358700 0.358373 0.357798 0.356811 0.355169 0.352514 0.348352 0.342032 0.332740 0.319524 0.301366 0.277291 0.246524 0.208678 0.163924 0.113109 0.057767 0.000000 
50.000000 42.854174 35.939408 29.464363 23.596524 18.449835 14.080140 10.488280 7.629252 5.425081 3.778783 2.587193 1.751148 1.182357 0.807002 0.566650 0.417259 0.327093 0.274230 0.244111 0.227428 0.218441 0.213731 0.211328 0.210134 0.209556 0.209282 0.209153 0.209089 0.209048 0.209007 0.208943 0.208831 0.208630 0.208278 0.207677 0.206680 0.205075 0.202571 0.198785 0.193245 0.185405 0.174686 0.160543 0.142556 0.120526 0.094575 0.065201 0.033281 0.000000 
50.000000 42.841165 35.913810 29.426979 23.548463 18.392411 14.014771 10.416382 7.552161 5.343988 3.694704 2.500954 1.663395 1.093574 0.717541 0.476755 0.327094 0.236766 0.183807 0.153634 0.136921 0.127919 0.123200 0.120793 0.119597 0.119018 0.118744 0.118616 0.118555 0.118521 0.118492 0.118452 0.118385 0.118265 0.118057 0.117702 0.117116 0.116176 0.114715 0.112516 0.109310 0.104794 0.098647 0.090570 0.080339 0.067855 0.053197 0.036648 0.018698 0.000000 
50.000000 42.833536 35.898801 29.405059 23.520283 18.358741 13.976443 10.374227 7.506960 5.296443 3.645408 2.450392 1.611946 1.041522 0.665091 0.424051 0.274232 0.183809 0.130795 0.100590 0.083860 0.074847 0.070124 0.067714 0.066517 0.065938 0.065664 0.065537 0.065478 0.065448 0.065427 0.065402 0.065362 0.065293 0.065173 0.064970 0.064636 0.064102 0.063275 0.062035 0.060234 0.057706 0.054279 0.049792 0.044128 0.037239 0.029173 0.020085 0.010244 0.000000 
50.000000 42.829190 35.890249 29.392570 23.504226 18.339557 13.954605 10.350209 7.481209 5.269355 3.617324 2.421587 1.582635 1.011868 0.635211 0.394026 0.244118 0.153640 0.100594 0.070371 0.053631 0.044614 0.039887 0.037476 0.036279 0.035699 0.035425 0.035299 0.035241 0.035213 0.035197 0.035181 0.035158 0.035119 0.035052 0.034940 0.034755 0.034460 0.034006 0.033326 0.032343 0.030967 0.029108 0.026682 0.023629 0.019925 0.015599 0.010735 0.005473 0.000000 
50.000000 42.826783 35.885513 29.385655 23.495336 18.328936 13.942514 10.336911 7.466951 5.254358 3.601775 2.405639 1.566408 0.995451 0.618669 0.377404 0.227445 0.136938 0.083875 0.053642 0.036896 0.027876 0.023148 0.020736 0.019538 0.018958 0.018684 0.018558 0.018501 0.018475 0.018461 0.018450 0.018437 0.018416 0.018380 0.018319 0.018219 0.018062 0.017818 0.017456 0.016934 0.016205 0.015223 0.013945 0.012341 0.010401 0.008138 0.005598 0.002853 0.000000 
50.000000 42.825489 35.882967 29.381937 23.490556 18.323225 13.936014 10.329762 7.459286 5.246296 3.593416 2.397066 1.557684 0.986626 0.609776 0.368468 0.218483 0.127960 0.074887 0.044649 0.027900 0.018878 0.014149 0.011737 0.010539 0.009959 0.009685 0.009560 0.009503 0.009477 0.009465 0.009457 0.009449 0.009438 0.009419 0.009387 0.009334 0.009252 0.009125 0.008937 0.008666 0.008289 0.007783 0.007125 0.006302 0.005308 0.004151 0.002854 0.001455 0.000000 
50.000000 42.824817 35.881645 29.380006 23.488074 18.320259 13.932638 10.326049 7.455305 5.242109 3.589075 2.392614 1.553154 0.982043 0.605158 0.363828 0.213829 0.123298 0.070220 0.039979 0.023229 0.014206 0.009477 0.007064 0.005866 0.005286 0.005012 0.004887 0.004830 0.004805 0.004793 0.004787 0.004782 0.004776 0.004766 0.004749 0.004722 0.004680 0.004615 0.004518 0.004380 0.004187 0.003930 0.003596 0.003179 0.002676 0.002092 0.001438 0.000733 0.000000 
50.000000 42.824488 35.880998 29.379060 23.486859 18.318808 13.930985 10.324232 7.453357 5.240060 3.586951 2.390435 1.550937 0.979800 0.602898 0.361557 0.211552 0.121016 0.067936 0.037693 0.020943 0.011919 0.007190 0.004777 0.003579 0.002999 0.002725 0.002600 0.002543 0.002518 0.002507 0.002502 0.002498 0.002495 0.002489 0.002480 0.002466 0.002443 0.002409 0.002358 0.002285 0.002183 0.002048 0.001873 0.001655 0.001393 0.001088 0.000748 0.000381 0.000000 
50.000000 42.824355 35.880736 29.378678 23.486367 18.318220 13.930317 10.323497 7.452569 5.239231 3.586091 2.389553 1.550041 0.978893 0.601984 0.360639 0.210630 0.120093 0.067012 0.036769 0.020018 0.010994 0.006265 0.003852 0.002654 0.002074 0.001800 0.001675 0.001618 0.001593 0.001583 0.001578 0.001575 0.001572 0.001568 0.001563 0.001553 0.001539 0.001517 0.001484 0.001438 0.001374 0.001288 0.001178 0.001040 0.000875 0.000683 0.000470 0.000239 0.000000 
50.000000 42.824355 35.880736 29.378678 23.486367 18.318220 13.930317 10.323497 7.452569 5.239231 3.586091 2.389553 1.550041 0.978893 0.601984 0.360639 0.210630 0.120093 0.067012 0.036769 0.020018 0.010994 0.006265 0.003852 0.002654 0.002074 0.001800 0.001675 0.001618 0.001593 0.001583 0.001578 0.001575 0.001572 0.001568 0.001563 0.001553 0.001539 0.001517 0.001484 0.001438 0.001374 0.001288 0.001178 0.001040 0.000875 0.000683 0.000470 0.000239 0.000000 
50.000000 42.824488 35.880998 29.379060 23.486859 18.318808 13.930985 10.324232 7.453357 5.240060 3.586951 2.390435 1.550937 0.979800 0.602898 0.361557 0.211552 0.121016 0.067936 0.037693 0.020943 0.011919 0.007190 0.004777 0.003579 0.002999 0.002725 0.002600 0.002543 0.002518 0.002507 0.002502 0.002498 0.002495 0.002489 0.002480 0.002466 0.002443 0.002409 0.002358 0.002285 0.002183 0.002048 0.001873 0.001655 0.001393 0.001088 0.000748 0.000381 0.000000 
50.000000 42.824817 35.881645 29.380006 23.488074 18.320259 13.932638 10.326049 7.455305 5.242109 3.589075 2.392614 1.553154 0.982043 0.605158 0.363828 0.213829 0.123298 0.070220 0.039979 0.023229 0.014206 0.009477 0.007064 0.005866 0.005286 0.005012 0.004887 0.004830 0.004805 0.004793 0.004787 0.004782 0.004776 0.004766 0.004749 0.004722 0.004680 0.004615 0.004518 0.004380 0.004187 0.003930 0.003596 0.003179 0.002676 0.002092 0.001438 0.000733 0.000000 
50.000000 42.825489 35.882967 29.381937 23.490556 18.323225 13.936014 10.329762 7.459286 5.246296 3.593416 2.397066 1.557684 0.986626 0.609776 0.368468 0.218483 0.127960 0.074887 0.044649 0.027900 0.018878 0.014149 0.011737 0.010539 0.009959 0.009685 0.009560 0.009503 0.009477 0.009465 0.009457 0.009449 0.009438 0.009419 0.009387 0.009334 0.009252 0.009125 0.008937 0.008666 0.008289 0.007783 0.007125 0.006302 0.005308 0.004151 0.002854 0.001455 0.000000 
50.000000 42.826783 35.885513 29.385655 23.495336 18.328936 13.942514 10.336911 7.466951 5.254358 3.601775 2.405639 1.566408 0.995451 0.618669 0.377404 0.227445 0.136938 0.083875 0.053642 0.036896 0.027876 0.023148 0.020736 0.019538 0.018958 0.018684 0.018558 0.018501 0.018475 0.018461 0.018450 0.018437 0.018416 0.018380 0.018319 0.018219 0.018062 0.017818 0.017456 0.016934 0.016205 0.015223 0.013945 0.012341 0.010401 0.008138 0.005598 0.002853 0.000000 
50.000000 42.829190 35.890249 29.392570 23.504226 18.339557 13.954605 10.350209 7.481209 5.269355 3.617324 2.421587 1.582635 1.011868 0.635211 0.394026 0.244118 0.153640 0.100594 0.070371 0.053631 0.044614 0.039887 0.037476 0.036279 0.035699 0.035425 0.035299 0.035241 0.035213 0.035197 0.035181 0.035158 0.035119 0.035052 0.034940 0.034755 0.034460 0.034006 0.033326 0.032343 0.030967 0.029108 0.026682 0.023629 0.019925 0.015599 0.010735 0.005473 0.000000 
50.000000 42.833536 35.898801 29.405059 23.520283 18.358741 13.976443 10.374227 7.506960 5.296443 3.645408 2.450392 1.611946 1.041522 0.665091 0.424051 0.274232 0.183809 0.130795 0.100590 0.083860 0.074847 0.070124 0.067714 0.066517 0.065938 0.065664 0.065537 0.065478 0.065448 0.065427 0.065402 0.065362 0.065293 0.065173 0.064970 0.064636 0.064102 0.063275 0.062035 0.060234 0.057706 0.054279 0.049792 0.044128 0.037239 0.029173 0.020085 0.010244 0.000000 
50.000000 42.841165 35.913810 29.426979 23.548463 18.392411 14.014771 10.416382 7.552161 5.343988 3.694704 2.500954 1.663395 1.093574 0.717541 0.476755 0.327094 0.236766 0.183807 0.153634 0.136921 0.127919 0.123200 0.120793 0.119597 0.119018 0.118744 0.118616 0.118555 0.118521 0.118492 0.118452 0.118385 0.118265 0.118057 0.117702 0.117116 0.116176 0.114715 0.112516 0.109310 0.104794 0.098647 0.090570 0.080339 0.067855 0.053197 0.036648 0.018698 0.000000 
50.000000 42.854174 35.939408 29.464363 23.596524 18.449835 14.080140 10.488280 7.629252 5.425081 3.778783 2.587193 1.751148 1.182357 0.807002 0.566650 0.417259 0.327093 0.274230 0.244111 0.227428 0.218441 0.213731 0.211328 0.210134 0.209556 0.209282 0.209153 0.209089 0.209048 0.209007 0.208943 0.208831 0.208630 0.208278 0.207677 0.206680 0.205075 0.202571 0.198785 0.193245 0.185405 0.174686 0.160543 0.142556 0.120526 0.094575 0.065201 0.033281 0.000000 
50.000000 42.875727 35.981814 29.526293 23.676145 18.544967 14.188438 10.607395 7.756973 5.559434 3.918086 2.730076 1.896541 1.329456 0.955227 0.715595 0.566650 0.476754 0.424048 0.394019 0.377386 0.368426 0.363730 0.361334 0.360143 0.359566 0.359292 0.359161 0.359092 0.359042 0.358982 0.358881 0.358700 0.358373 0.357798 0.356811 0.355169 0.352514 0.348352 0.342032 0.332740 0.319524 0.301366 0.277291 0.246524 0.208678 0.163924 0.113109 0.057767 0.000000 
50.000000 42.910396 36.050030 29.625920 23.804230 18.698008 14.362660 10.799022 7.962448 5.775579 4.142197 2.959950 2.130456 1.566118 1.193700 0.955227 0.807002 0.717540 0.665088 0.635204 0.618651 0.609734 0.605060 0.602676 0.601491 0.600915 0.600641 0.600507 0.600432 0.600368 0.600279 0.600124 0.599840 0.599326 0.598416 0.596850 0.594231 0.589980 0.583283 0.573061 0.557950 0.536339 0.506475 0.466653 0.415479 0.352203 0.277030 0.191354 0.097795 0.000000 
50.000000 42.964533 36.156550 29.781486 24.004237 18.936985 14.634717 11.098261 8.283315 6.113115 4.492177 3.318932 2.495750 1.935705 1.566118 1.329456 1.182356 1.093573 1.041519 1.011861 0.995433 0.986584 0.981945 0.979578 0.978402 0.977830 0.977555 0.977418 0.977333 0.977249 0.977121 0.976889 0.976459 0.975677 0.974288 0.971887 0.967853 0.961271 0.950849 0.934848 0.911050 0.876798 0.829156 0.765201 0.682475 0.579545 0.456580 0.315785 0.161524 0.000000 
50.000000 43.046558 36.317944 30.017196 24.307285 19.299085 15.046943 11.551680 8.769513 6.624575 5.022498 3.862899 3.049288 2.495750 2.130456 1.896541 1.751148 1.663394 1.611943 1.582628 1.566390 1.557643 1.553058 1.550718 1.549554 1.548988 1.548713 1.548571 1.548474 1.548364 1.548182 1.547846 1.547220 1.546073 1.544028 1.540476 1.534480 1.524644 1.508979 1.484774 1.448527 1.395979 1.322330 1.222690 1.092796 0.929964 0.734103 0.508555 0.260406 0.000000 
50.000000 43.167109 36.555145 30.363621 24.752681 19.831276 15.652813 12.218100 9.484119 7.376319 5.801973 4.662438 3.862899 3.318932 2.959950 2.730076 2.587192 2.500953 2.450389 2.421580 2.405622 2.397025 2.392518 2.390219 2.389074 2.388516 2.388242 2.388094 2.387981 2.387837 2.387588 2.387119 2.386240 2.384622 2.381724 2.376666 2.368083 2.353921 2.331219 2.295894 2.242588 2.164669 2.054498 1.904074 1.706147 1.455759 1.152029 0.799734 0.410072 0.000000 
50.000000 43.338910 36.893186 30.857322 25.387433 20.589731 16.516280 13.167873 10.502576 8.447717 6.912902 5.801973 5.022498 4.492177 4.142197 3.918086 3.778783 3.694703 3.645405 3.617317 3.601758 3.593376 3.588982 3.586739 3.585622 3.585076 3.584804 3.584650 3.584519 3.584335 3.584005 3.583376 3.582190 3.579999 3.576054 3.569136 3.557329 3.537725 3.506078 3.456451 3.380916 3.269463 3.110270 2.890561 2.598222 2.224253 1.765797 1.229120 0.631396 0.000000 
50.000000 43.576245 37.360178 31.539357 26.264333 21.637533 17.709168 14.480006 11.909610 9.927904 8.447717 7.376319 6.624575 6.113115 5.775579 5.559434 5.425081 5.343987 5.296440 5.269349 5.254342 5.246257 5.242019 5.239855 5.238777 5.238247 5.237980 5.237819 5.237668 5.237441 5.237019 5.236212 5.234679 5.231837 5.226694 5.217630 5.202066 5.176049 5.133731 5.066801 4.963952 4.810574 4.588919 4.279095 3.861276 3.319381 2.646118 1.848504 0.951928 0.000000 
50.000000 43.893977 37.985363 32.452436 27.438296 23.040304 19.306190 16.236686 13.793362 11.909610 10.502576 9.484119 8.769513 8.283315 7.962448 7.756973 7.629251 7.552160 7.506958 7.481202 7.466935 7.459249 7.455219 7.453162 7.452135 7.451629 7.451369 7.451204 7.451034 7.450761 7.450248 7.449257 7.447367 7.443847 7.437449 7.426109 7.406517 7.373534 7.319450 7.233113 7.099036 6.896681 6.600285 6.179759 5.603374 4.842941 3.881835 2.725043 1.408207 0.000000 
50.000000 44.306074 38.796228 33.636704 28.960941 24.859729 21.377577 18.515175 16.236686 14.480006 13.167873 12.218100 11.551680 11.098261 10.799022 10.607395 10.488280 10.416381 10.374224 10.350203 10.336896 10.329727 10.325969 10.324049 10.323090 10.322615 10.322367 10.322200 10.322014 10.321703 10.321107 10.319950 10.317736 10.313594 10.306029 10.292546 10.269104 10.229349 10.163602 10.057603 9.891087 9.636402 9.257587 8.710648 7.946174 6.915856 5.584428 3.947306 2.050221 0.000000 
50.000000 44.823764 39.814867 35.124430 30.873760 27.145391 23.979787 21.377577 19.306190 17.709168 16.516280 15.652813 15.046943 14.634717 14.362660 14.188438 14.080140 14.014770 13.976440 13.954600 13.942501 13.935982 13.932564 13.930818 13.929945 13.929511 13.929280 13.929115 13.928920 13.928582 13.927929 13.926653 13.924202 13.919597 13.911148 13.896007 13.869516 13.824253 13.748738 13.625720 13.430073 13.126431 12.666929 11.989894 11.021057 9.680054 7.896172 5.637304 2.950966 0.000000 
50.000000 45.453524 41.054023 36.934230 33.200690 29.925896 27.145391 24.859729 23.040304 21.637533 20.589731 19.831276 19.299085 18.936985 18.698008 18.544967 18.449834 18.392410 18.358739 18.339553 18.328924 18.323197 18.320194 18.318660 18.317892 18.317508 18.317300 18.317145 18.316951 18.316606 18.315934 18.314615 18.312073 18.307279 18.298443 18.282528 18.254511 18.206289 18.125129 17.991509 17.776257 17.436930 16.913554 16.124334 14.962948 13.301242 11.004978 7.975288 4.228411 0.000000 
50.000000 46.195227 42.513448 39.065740 35.941266 33.200690 30.873760 28.960941 27.438296 26.264333 25.387433 24.752681 24.307285 24.004237 23.804230 23.676145 23.596524 23.548463 23.520281 23.504222 23.495326 23.490533 23.488019 23.486735 23.486091 23.485768 23.485590 23.485452 23.485271 23.484945 23.484305 23.483045 23.480609 23.475998 23.467467 23.452028 23.424692 23.377321 23.296922 23.163180 22.944952 22.595355 22.045085 21.193706 19.899448 17.970633 15.168920 11.250730 6.099330 0.000000 
50.000000 47.040821 44.177300 41.495825 39.065740 36.934230 35.124430 33.636704 32.452436 31.539357 30.857322 30.363621 30.017196 29.781486 29.625920 29.526293 29.464362 29.426979 29.405058 29.392567 29.385647 29.381918 29.379963 29.378963 29.378463 29.378210 29.378069 29.377956 29.377804 29.377524 29.376974 29.375888 29.373783 29.369787 29.362369 29.348889 29.324906 29.283092 29.211592 29.091525 28.893239 28.570601 28.052276 27.228258 25.929252 23.896821 20.747912 15.963808 9.022073 0.000000 
50.000000 47.973890 46.013274 44.177300 42.513448 41.054023 39.814867 38.796228 37.985363 37.360178 36.893186 36.555145 36.317944 36.156550 36.050030 35.981814 35.939408 35.913810 35.898800 35.890246 35.885508 35.882955 35.881616 35.880931 35.880588 35.880414 35.880317 35.880236 35.880125 35.879921 35.879516 35.878716 35.877162 35.874207 35.868705 35.858676 35.840765 35.809389 35.755411 35.664066 35.511674 35.260320 34.848923 34.177563 33.078735 31.262718 28.213492 23.006637 14.112629 0.000000 
50.000000 48.970302 47.973890 47.040821 46.195227 45.453524 44.823764 44.306074 43.893977 43.576245 43.338910 43.167109 43.046558 42.964533 42.910396 42.875727 42.854174 42.841165 42.833536 42.829189 42.826780 42.825483 42.824802 42.824454 42.824280 42.824191 42.824141 42.824099 42.824041 42.823933 42.823718 42.823293 42.822467 42.820894 42.817960 42.812602 42.803009 42.786152 42.757037 42.707514 42.624318 42.485770 42.255853 41.872798 41.225113 40.095896 38.018748 33.861260 24.485151 0.000000 
50.000000 50.000000 50.000000 50.000000 50.000000 50.000000 50.000000 50.000000 50.000000 50.000000 50.000000 50.000000 50.000000 50.000000 50.000000 50.000000 50.000000 50.000000 50.000000 50.000000 50.000000 50.000000 50.000000 50.000000 50.000000 50.000000 50.000000 50.000000 50.000000 50.000000 50.000000 50.000000 50.000000 50.000000 50.000000 50.000000 50.000000 50.000000 50.000000 50.000000 50.000000 50.000000 50.000000 50.000000 50.000000 50.000000 50.000000 50.000000 50.000000 50.000000 
