50.000000 50.000000 50.000000 50.000000 50.000000 50.000000 50.000000 50.000000 50.000000 50.000000 50.000000 50.000000 50.000000 50.000000 50.000000 50.000000 50.000000 50.000000 50.000000 50.000000 50.000000 50.000000 50.000000 50.000000 50.000000 50.000000 50.000000 50.000000 50.000000 50.000000 50.000000 50.000000 50.000000 50.000000 50.000000 50.000000 50.000000 50.000000 50.000000 50.000000 50.000000 50.000000 50.000000 50.000000 50.000000 50.000000 50.000000 50.000000 50.000000 50.000000 
50.000000 46.307923 43.042470 40.483044 38.698866 37.587377 36.965211 36.650494 36.505813 36.445033 36.421580 36.413227 36.410469 36.409622 36.409378 36.409313 36.409296 36.409292 36.409291 36.409291 36.409291 36.409291 36.409291 36.409291 36.409291 36.409291 36.409291 36.409291 36.409291 36.409291 36.409291 36.409291 36.409291 36.409291 36.409290 36.409286 36.409270 36.409206 36.408970 36.408139 36.405386 36.396770 36.371301 36.299982 36.109761 35.621523 34.394806 31.297302 23.153962 0.000000 
50.000000 43.042470 36.889001 32.066147 28.704298 26.610103 25.437946 24.845072 24.572543 24.458066 24.413898 24.398169 24.392976 24.391381 24.390923 24.390799 24.390768 24.390761 24.390759 24.390759 24.390758 24.390758 24.390758 24.390758 24.390758 24.390758 24.390758 24.390758 24.390758 24.390758 24.390758 24.390758 24.390758 24.390758 24.390757 24.390750 24.390724 24.390623 24.390248 24.388939 24.384635 24.371312 24.332534 24.226392 23.952887 23.288091 21.760458 18.444501 11.745168 0.000000 
50.000000 40.483044 32.066147 25.469629 20.871747 18.007849 16.405048 15.594454 15.221893 15.065422 15.005059 14.983567 14.976473 14.974293 14.973668 14.973499 14.973457 14.973446 14.973444 14.973444 14.973444 14.973444 14.973444 14.973444 14.973444 14.973444 14.973444 14.973444 14.973444 14.973444 14.973444 14.973443 14.973443 14.973443 14.973442 14.973435 14.973408 14.973303 14.972917 14.971579 14.967224 14.953928 14.915935 14.814532 14.562324 13.979512 12.734814 10.305689 6.088238 0.000000 
50.000000 38.698866 28.704298 20.871747 15.412755 12.012831 10.110263 9.148194 8.706078 8.520423 8.448814 8.423322 8.414910 8.412325 8.411583 8.411384 8.411333 8.411321 8.411318 8.411318 8.411318 8.411318 8.411318 8.411318 8.411318 8.411318 8.411318 8.411318 8.411318 8.411318 8.411318 8.411318 8.411318 8.411317 8.411316 8.411311 8.411289 8.411204 8.410894 8.409829 8.406400 8.396077 8.367104 8.291592 8.109601 7.706377 6.892235 5.416207 3.077343 0.000000 
50.000000 37.587377 26.610103 18.007849 12.012831 8.279404 6.190434 5.134235 4.648928 4.445164 4.366583 4.338614 4.329385 4.326550 4.325737 4.325518 4.325462 4.325449 4.325446 4.325446 4.325446 4.325445 4.325445 4.325445 4.325445 4.325445 4.325445 4.325445 4.325445 4.325445 4.325445 4.325445 4.325445 4.325445 4.325444 4.325441 4.325426 4.325369 4.325162 4.324458 4.322212 4.315538 4.297114 4.250084 4.139702 3.903230 3.445525 2.657216 1.477616 0.000000 
50.000000 36.965211 25.437946 16.405048 10.110263 6.190434 3.997351 2.888619 2.379226 2.165374 2.082912 2.053565 2.043882 2.040909 2.040056 2.039826 2.039768 2.039754 2.039751 2.039751 2.039750 2.039750 2.039750 2.039750 2.039750 2.039750 2.039750 2.039750 2.039750 2.039750 2.039750 2.039750 2.039750 2.039750 2.039750 2.039748 2.039739 2.039706 2.039587 2.039186 2.037920 2.034199 2.024073 1.998676 1.940349 1.818671 1.590515 1.211554 0.665228 0.000000 
50.000000 36.650494 24.845072 15.594454 9.148194 5.134235 2.888619 1.753401 1.231877 1.012949 0.928537 0.898498 0.888589 0.885546 0.884673 0.884438 0.884378 0.884364 0.884361 0.884360 0.884360 0.884360 0.884360 0.884360 0.884360 0.884360 0.884360 0.884360 0.884360 0.884360 0.884360 0.884360 0.884360 0.884360 0.884360 0.884359 0.884354 0.884338 0.884278 0.884077 0.883448 0.881619 0.876701 0.864546 0.837121 0.781090 0.678519 0.512538 0.279193 0.000000 
50.000000 36.505813 24.572543 15.221893 8.706078 4.648928 2.379226 1.231877 0.704803 0.483555 0.398252 0.367898 0.357885 0.354811 0.353929 0.353691 0.353631 0.353617 0.353614 0.353613 0.353613 0.353613 0.353613 0.353613 0.353613 0.353613 0.353613 0.353613 0.353613 0.353613 0.353613 0.353613 0.353613 0.353613 0.353613 0.353612 0.353610 0.353603 0.353576 0.353486 0.353207 0.352402 0.350259 0.345027 0.333389 0.310002 0.267965 0.201231 0.109042 0.000000 
50.000000 36.445033 24.458066 15.065422 8.520423 4.445164 2.165374 1.012949 0.483555 0.261339 0.175665 0.145179 0.135123 0.132036 0.131150 0.130912 0.130851 0.130837 0.130834 0.130833 0.130833 0.130833 0.130833 0.130833 0.130833 0.130833 0.130833 0.130833 0.130833 0.130833 0.130833 0.130833 0.130833 0.130833 0.130833 0.130833 0.130832 0.130829 0.130818 0.130781 0.130669 0.130348 0.129501 0.127454 0.122952 0.114022 0.098197 0.073431 0.039647 0.000000 
50.000000 36.421580 24.413898 15.005059 8.448814 4.366583 2.082912 0.928537 0.398252 0.175665 0.089849 0.059313 0.049241 0.046148 0.045261 0.045022 0.044962 0.044947 0.044944 0.044943 0.044943 0.044943 0.044943 0.044943 0.044943 0.044943 0.044943 0.044943 0.044943 0.044943 0.044943 0.044943 0.044943 0.044943 0.044943 0.044943 0.044943 0.044942 0.044938 0.044924 0.044883 0.044766 0.044460 0.043725 0.042126 0.038985 0.033480 0.024958 0.013441 0.000000 
50.000000 36.413227 24.398169 14.983567 8.423322 4.338614 2.053565 0.898498 0.367898 0.145179 0.059313 0.028760 0.018682 0.015587 0.014700 0.014461 0.014400 0.014386 0.014383 0.014382 0.014382 0.014382 0.014382 0.014382 0.014382 0.014382 0.014382 0.014382 0.014382 0.014382 0.014382 0.014382 0.014382 0.014382 0.014382 0.014382 0.014382 0.014381 0.014380 0.014376 0.014362 0.014322 0.014220 0.013977 0.013452 0.012428 0.010650 0.007921 0.004257 0.000000 
50.000000 36.410469 24.392976 14.976473 8.414910 4.329385 2.043882 0.888589 0.357885 0.135123 0.049241 0.018682 0.008602 0.005507 0.004619 0.004380 0.004320 0.004305 0.004302 0.004301 0.004301 0.004301 0.004301 0.004301 0.004301 0.004301 0.004301 0.004301 0.004301 0.004301 0.004301 0.004301 0.004301 0.004301 0.004301 0.004301 0.004301 0.004301 0.004300 0.004299 0.004295 0.004283 0.004251 0.004176 0.004016 0.003705 0.003170 0.002353 0.001263 0.000000 
50.000000 36.409622 24.391381 14.974293 8.412325 4.326550 2.040909 0.885546 0.354811 0.132036 0.046148 0.015587 0.005507 0.002411 0.001524 0.001285 0.001224 0.001210 0.001207 0.001206 0.001206 0.001206 0.001206 0.001206 0.001206 0.001206 0.001206 0.001206 0.001206 0.001206 0.001206 0.001206 0.001206 0.001206 0.001206 0.001206 0.001206 0.001206 0.001206 0.001205 0.001204 0.001200 0.001191 0.001170 0.001124 0.001036 0.000885 0.000656 0.000352 0.000000 
50.000000 36.409378 24.390923 14.973668 8.411583 4.325737 2.040056 0.884673 0.353929 0.131150 0.045261 0.014700 0.004619 0.001524 0.000636 0.000397 0.000336 0.000322 0.000319 0.000318 0.000318 0.000318 0.000318 0.000318 0.000318 0.000318 0.000318 0.000318 0.000318 0.000318 0.000318 0.000318 0.000318 0.000318 0.000318 0.000318 0.000318 0.000318 0.000318 0.000318 0.000317 0.000316 0.000314 0.000308 0.000296 0.000273 0.000233 0.000172 0.000092 0.000000 
50.000000 36.409313 24.390799 14.973499 8.411384 4.325518 2.039826 0.884438 0.353691 0.130912 0.045022 0.014461 0.004380 0.001285 0.000397 0.000158 0.000097 0.000083 0.000080 0.000079 0.000079 0.000079 0.000079 0.000079 0.000079 0.000079 0.000079 0.000079 0.000079 0.000079 0.000079 0.000079 0.000079 0.000079 0.000079 0.000079 0.000079 0.000079 0.000079 0.000079 0.000079 0.000079 0.000078 0.000077 0.000073 0.000068 0.000058 0.000043 0.000023 0.000000 
50.000000 36.409296 24.390768 14.973457 8.411333 4.325462 2.039768 0.884378 0.353631 0.130851 0.044962 0.014400 0.004320 0.001224 0.000336 0.000097 0.000037 0.000023 0.000019 0.000019 0.000019 0.000019 0.000019 0.000019 0.000019 0.000019 0.000019 0.000019 0.000019 0.000019 0.000019 0.000019 0.000019 0.000019 0.000019 0.000019 0.000019 0.000019 0.000019 0.000019 0.000019 0.000018 0.000018 0.000018 0.000017 0.000016 0.000014 0.000010 0.000005 0.000000 
50.000000 36.409292 24.390761 14.973446 8.411321 4.325449 2.039754 0.884364 0.353617 0.130837 0.044947 0.014386 0.004305 0.001210 0.000322 0.000083 0.000023 0.000008 0.000005 0.000004 0.000004 0.000004 0.000004 0.000004 0.000004 0.000004 0.000004 0.000004 0.000004 0.000004 0.000004 0.000004 0.000004 0.000004 0.000004 0.000004 0.000004 0.000004 0.000004 0.000004 0.000004 0.000004 0.000004 0.000004 0.000004 0.000004 0.000003 0.000002 0.000001 0.000000 
50.000000 36.409291 24.390759 14.973444 8.411318 4.325446 2.039751 0.884361 0.353614 0.130834 0.044944 0.014383 0.004302 0.001207 0.000319 0.000080 0.000019 0.000005 0.000002 0.000001 0.000001 0.000001 0.000001 0.000001 0.000001 0.000001 0.000001 0.000001 0.000001 0.000001 0.000001 0.000001 0.000001 0.000001 0.000001 0.000001 0.000001 0.000001 0.000001 0.000001 0.000001 0.000001 0.000001 0.000001 0.000001 0.000001 0.000001 0.000000 0.000000 0.000000 
50.000000 36.409291 24.390759 14.973444 8.411318 4.325446 2.039751 0.884360 0.353613 0.130833 0.044943 0.014382 0.004301 0.001206 0.000318 0.000079 0.000019 0.000004 0.000001 0.000000 0.000000 0.000000 0.000000 0.000000 0.000000 0.000000 0.000000 0.000000 0.000000 0.000000 0.000000 0.000000 0.000000 0.000000 0.000000 0.000000 0.000000 0.000000 0.000000 0.000000 0.000000 0.000000 0.000000 0.000000 0.000000 0.000000 0.000000 0.000000 0.000000 0.000000 
50.000000 36.409291 24.390758 14.973444 8.411318 4.325446 2.039750 0.884360 0.353613 0.130833 0.044943 0.014382 0.004301 0.001206 0.000318 0.000079 0.000019 0.000004 0.000001 0.000000 0.000000 0.000000 0.000000 0.000000 0.000000 0.000000 0.000000 0.000000 0.000000 0.000000 0.000000 0.000000 0.000000 0.000000 0.000000 0.000000 0.000000 0.000000 0.000000 0.000000 0.000000 0.000000 0.000000 0.000000 0.000000 0.000000 0.000000 0.000000 0.000000 0.000000 
50.000000 36.409291 24.390758 14.973444 8.411318 4.325445 2.039750 0.884360 0.353613 0.130833 0.044943 0.014382 0.004301 0.001206 0.000318 0.000079 0.000019 0.000004 0.000001 0.000000 0.000000 0.000000 0.000000 0.000000 0.000000 0.000000 0.000000 0.000000 0.000000 0.000000 0.000000 0.000000 0.000000 0.000000 0.000000 0.000000 0.000000 0.000000 0.000000 0.000000 0.000000 0.000000 0.000000 0.000000 0.000000 0.000000 0.000000 0.000000 0.000000 0.000000 
50.000000 36.409291 24.390758 14.973444 8.411318 4.325445 2.039750 0.884360 0.353613 0.130833 0.044943 0.014382 0.004301 0.001206 0.000318 0.000079 0.000019 0.000004 0.000001 0.000000 0.000000 0.000000 0.000000 0.000000 0.000000 0.000000 0.000000 0.000000 0.000000 0.000000 0.000000 0.000000 0.000000 0.000000 0.000000 0.000000 0.000000 0.000000 0.000000 0.000000 0.000000 0.000000 0.000000 0.000000 0.000000 0.000000 0.000000 0.000000 0.000000 0.000000 
50.000000 36.409291 24.390758 14.973444 8.411318 4.325445 2.039750 0.884360 0.353613 0.130833 0.044943 0.014382 0.004301 0.001206 0.000318 0.000079 0.000019 0.000004 0.000001 0.000000 0.000000 0.000000 0.000000 0.000000 0.000000 0.000000 0.000000 0.000000 0.000000 0.000000 0.000000 0.000000 0.000000 0.000000 0.000000 0.000000 0.000000 0.000000 0.000000 0.000000 0.000000 0.000000 0.000000 0.000000 0.000000 0.000000 0.000000 0.000000 0.000000 0.000000 
50.000000 36.409291 24.390758 14.973444 8.411318 4.325445 2.039750 0.884360 0.353613 0.130833 0.044943 0.014382 0.004301 0.001206 0.000318 0.000079 0.000019 0.000004 0.000001 0.000000 0.000000 0.000000 0.000000 0.000000 0.000000 0.000000 0.000000 0.000000 0.000000 0.000000 0.000000 0.000000 0.000000 0.000000 0.000000 0.000000 0.000000 0.000000 0.000000 0.000000 0.000000 0.000000 0.000000 0.000000 0.000000 0.000000 0.000000 0.000000 0.000000 0.000000 
50.000000 36.409291 24.390758 14.973444 8.411318 4.325445 2.039750 0.884360 0.353613 0.130833 0.044943 0.014382 0.004301 0.001206 0.000318 0.000079 0.000019 0.000004 0.000001 0.000000 0.000000 0.000000 0.000000 0.000000 0.000000 0.000000 0.000000 0.000000 0.000000 0.000000 0.000000 0.000000 0.000000 0.000000 0.000000 0.000000 0.000000 0.000000 0.000000 0.000000 0.000000 0.000000 0.000000 0.000000 0.000000 0.000000 0.000000 0.000000 0.000000 0.000000 
50.000000 36.409291 24.390758 14.973444 8.411318 4.325445 2.039750 0.884360 0.353613 0.130833 0.044943 0.014382 0.004301 0.001206 0.000318 0.000079 0.000019 0.000004 0.000001 0.000000 0.000000 0.000000 0.000000 0.000000 0.000000 0.000000 0.000000 0.000000 0.000000 0.000000 0.000000 0.000000 0.000000 0.000000 0.000000 0.000000 0.000000 0.000000 0.000000 0.000000 0.000000 0.000000 0.000000 0.000000 0.000000 0.000000 0.000000 0.000000 0.000000 0.000000 
50.000000 36.409291 24.390758 14.973444 8.411318 4.325445 2.039750 0.884360 0.353613 0.130833 0.044943 0.014382 0.004301 0.001206 0.000318 0.000079 0.000019 0.000004 0.000001 0.000000 0.000000 0.000000 0.000000 0.000000 0.000000 0.000000 0.000000 0.000000 0.000000 0.000000 0.000000 0.000000 0.000000 0.000000 0.000000 0.000000 0.000000 0.000000 0.000000 0.000000 0.000000 0.000000 0.000000 0.000000 0.000000 0.000000 0.000000 0.000000 0.000000 0.000000 
50.000000 36.409291 24.390758 14.973444 8.411318 4.325445 2.039750 0.884360 0.353613 0.130833 0.044943 0.014382 0.004301 0.001206 0.000318 0.000079 0.000019 0.000004 0.000001 0.000000 0.000000 0.000000 0.000000 0.000000 0.000000 0.000000 0.000000 0.000000 0.000000 0.000000 0.000000 0.000000 0.000000 0.000000 0.000000 0.000000 0.000000 0.000000 0.000000 0.000000 0.000000 0.000000 0.000000 0.000000 0.000000 0.000000 0.000000 0.000000 0.000000 0.000000 
50.000000 36.409291 24.390758 14.973444 8.411318 4.325446 2.039750 0.884360 0.353613 0.130833 0.044943 0.014382 0.004301 0.001206 0.000318 0.000079 0.000019 0.000004 0.000001 0.000000 0.000000 0.000000 0.000000 0.000000 0.000000 0.000000 0.000000 0.000000 0.000000 0.000000 0.000000 0.000000 0.000000 0.000000 0.000000 0.000000 0.000000 0.000000 0.000000 0.000000 0.000000 0.000000 0.000000 0.000000 0.000000 0.000000 0.000000 0.000000 0.000000 0.000000 
50.000000 36.409291 24.390759 14.973444 8.411318 4.325446 2.039751 0.884360 0.353613 0.130833 0.044943 0.014382 0.004301 0.001206 0.000318 0.000079 0.000019 0.000004 0.000001 0.000000 0.000000 0.000000 0.000000 0.000000 0.000000 0.000000 0.000000 0.000000 0.000000 0.000000 0.000000 0.000000 0.000000 0.000000 0.000000 0.000000 0.000000 0.000000 0.000000 0.000000 0.000000 0.000000 0.000000 0.000000 0.000000 0.000000 0.000000 0.000000 0.000000 0.000000 
50.000000 36.409291 24.390759 14.973444 8.411318 4.325446 2.039751 0.884361 0.353614 0.130834 0.044944 0.014383 0.004302 0.001207 0.000319 0.000080 0.000019 0.000005 0.000002 0.000001 0.000001 0.000001 0.000001 0.000001 0.000001 0.000001 0.000001 0.000001 0.000001 0.000001 0.000001 0.000001 0.000001 0.000001 0.000001 0.000001 0.000001 0.000001 0.000001 0.000001 0.000001 0.000001 0.000001 0.000001 0.000001 0.000001 0.000001 0.000000 0.000000 0.000000 
50.000000 36.409292 24.390761 14.973446 8.411321 4.325449 2.039754 0.884364 0.353617 0.130837 0.044947 0.014386 0.004305 0.001210 0.000322 0.000083 0.000023 0.000008 0.000005 0.000004 0.000004 0.000004 0.000004 0.000004 0.000004 0.000004 0.000004 0.000004 0.000004 0.000004 0.000004 0.000004 0.000004 0.000004 0.000004 0.000004 0.000004 0.000004 0.000004 0.000004 0.000004 0.000004 0.000004 0.000004 0.000004 0.000004 0.000003 0.000002 0.000001 0.000000 
50.000000 36.409296 24.390768 14.973457 8.411333 4.325462 2.039768 0.884378 0.353631 0.130851 0.044962 0.014400 0.004320 0.001224 0.000336 0.000097 0.000037 0.000023 0.000019 0.000019 0.000019 0.000019 0.000019 0.000019 0.000019 0.000019 0.000019 0.000019 0.000019 0.000019 0.000019 0.000019 0.000019 0.000019 0.000019 0.000019 0.000019 0.000019 0.000019 0.000019 0.000019 0.000018 0.000018 0.000018 0.000017 0.000016 0.000014 0.000010 0.000005 0.000000 
50.000000 36.409313 24.390799 14.973499 8.411384 4.325518 2.039826 0.884438 0.353691 0.130912 0.045022 0.014461 0.004380 0.001285 0.000397 0.000158 0.000097 0.000083 0.000080 0.000079 0.000079 0.000079 0.000079 0.000079 0.000079 0.000079 0.000079 0.000079 0.000079 0.000079 0.000079 0.000079 0.000079 0.000079 0.000079 0.000079 0.000079 0.000079 0.000079 0.000079 0.000079 0.000079 0.000078 0.000077 0.000073 0.000068 0.000058 0.000043 0.000023 0.000000 
50.000000 36.409378 24.390923 14.973668 8.411583 4.325737 2.040056 0.884673 0.353929 0.131150 0.045261 0.014700 0.004619 0.001524 0.000636 0.000397 0.000336 0.000322 0.000319 0.000318 0.000318 0.000318 0.000318 0.000318 0.000318 0.000318 0.000318 0.000318 0.000318 0.000318 0.000318 0.000318 0.000318 0.000318 0.000318 0.000318 0.000318 0.000318 0.000318 0.000318 0.000317 0.000316 0.000314 0.000308 0.000296 0.000273 0.000233 0.000172 0.000092 0.000000 
50.000000 36.409622 24.391381 14.974293 8.412325 4.326550 2.040909 0.885546 0.354811 0.132036 0.046148 0.015587 0.005507 0.002411 0.001524 0.001285 0.001224 0.001210 0.001207 0.001206 0.001206 0.001206 0.001206 0.001206 0.001206 0.001206 0.001206 0.001206 0.001206 0.001206 0.001206 0.001206 0.001206 0.001206 0.001206 0.001206 0.001206 0.001206 0.001206 0.001205 0.001204 0.001200 0.001191 0.001170 0.001124 0.001036 0.000885 0.000656 0.000352 0.000000 
50.000000 36.410469 24.392976 14.976473 8.414910 4.329385 2.043882 0.888589 0.357885 0.135123 0.049241 0.018682 0.008602 0.005507 0.004619 0.004380 0.004320 0.004305 0.004302 0.004301 0.004301 0.004301 0.004301 0.004301 0.004301 0.004301 0.004301 0.004301 0.004301 0.004301 0.004301 0.004301 0.004301 0.004301 0.004301 0.004301 0.004301 0.004301 0.004300 0.004299 0.004295 0.004283 0.004251 0.004176 0.004016 0.003705 0.003170 0.002353 0.001263 0.000000 
50.000000 36.413227 24.398169 14.983567 8.423322 4.338614 2.053565 0.898498 0.367898 0.145179 0.059313 0.028760 0.018682 0.015587 0.014700 0.014461 0.014400 0.014386 0.014383 0.014382 0.014382 0.014382 0.014382 0.014382 0.014382 0.014382 0.014382 0.014382 0.014382 0.014382 0.014382 0.014382 0.014382 0.014382 0.014382 0.014382 0.014382 0.014381 0.014380 0.014376 0.014362 0.014322 0.014220 0.013977 0.013452 0.012428 0.010650 0.007921 0.004257 0.000000 
50.000000 36.421580 24.413898 15.005059 8.448814 4.366583 2.082912 0.928537 0.398252 0.175665 0.089849 0.059313 0.049241 0.046148 0.045261 0.045022 0.044962 0.044947 0.044944 0.044943 0.044943 0.044943 0.044943 0.044943 0.044943 0.044943 0.044943 0.044943 0.044943 0.044943 0.044943 0.044943 0.044943 0.044943 0.044943 0.044943 0.044943 0.044942 0.044938 0.044924 0.044883 0.044766 0.044460 0.043725 0.042126 0.038985 0.033480 0.024958 0.013441 0.000000 
50.000000 36.445033 24.458066 15.065422 8.520423 4.445164 2.165374 1.012949 0.483555 0.261339 0.175665 0.145179 0.135123 0.132036 0.131150 0.130912 0.130851 0.130837 0.130834 0.130833 0.130833 0.130833 0.130833 0.130833 0.130833 0.130833 0.130833 0.130833 0.130833 0.130833 0.130833 0.130833 0.130833 0.130833 0.130833 0.130833 0.130832 0.130829 0.130818 0.130781 0.130669 0.130348 0.129501 0.127454 0.122952 0.114022 0.098197 0.073431 0.039647 0.000000 
50.000000 36.505813 24.572543 15.221893 8.706078 4.648928 2.379226 1.231877 0.704803 0.483555 0.398252 0.367898 0.357885 0.354811 0.353929 0.353691 0.353631 0.353617 0.353614 0.353613 0.353613 0.353613 0.353613 0.353613 0.353613 0.353613 0.353613 0.353613 0.353613 0.353613 0.353613 0.353613 0.353613 0.353613 0.353613 0.353612 0.353610 0.353603 0.353576 0.353486 0.353207 0.352402 0.350259 0.345027 0.333389 0.310002 0.267965 0.201231 0.109042 0.000000 
50.000000 36.650494 24.845072 15.594454 9.148194 5.134235 2.888619 1.753401 1.231877 1.012949 0.928537 0.898498 0.888589 0.885546 0.884673 0.884438 0.884378 0.884364 0.884361 0.884360 0.884360 0.884360 0.884360 0.884360 0.884360 0.884360 0.884360 0.884360 0.884360 0.884360 0.884360 0.884360 0.884360 0.884360 0.884360 0.884359 0.884354 0.884338 0.884278 0.884077 0.883448 0.881619 0.876701 0.864546 0.837121 0.781090 0.678519 0.512538 0.279193 0.000000 
50.000000 36.965211 25.437946 16.405048 10.110263 6.190434 3.997351 2.888619 2.379226 2.165374 2.082912 2.053565 2.043882 2.040909 2.040056 2.039826 2.039768 2.039754 2.039751 2.039751 2.039750 2.039750 2.039750 2.039750 2.039750 2.039750 2.039750 2.039750 2.039750 2.039750 2.039750 2.039750 2.039750 2.039750 2.039750 2.039748 2.039739 2.039706 2.039587 2.039186 2.037920 2.034199 2.024073 1.998676 1.940349 1.818671 1.590515 1.211554 0.665228 0.000000 
50.000000 37.587377 26.610103 18.007849 12.012831 8.279404 6.190434 5.134235 4.648928 4.445164 4.366583 4.338614 4.329385 4.326550 4.325737 4.325518 4.325462 4.325449 4.325446 4.325446 4.325446 4.325445 4.325445 4.325445 4.325445 4.325445 4.325445 4.325445 4.325445 4.325445 4.325445 4.325445 4.325445 4.325445 4.325444 4.325441 4.325426 4.325369 4.325162 4.324458 4.322212 4.315538 4.297114 4.250084 4.139702 3.903230 3.445525 2.657216 1.477616 0.000000 
50.000000 38.698866 28.704298 20.871747 15.412755 12.012831 10.110263 9.148194 8.706078 8.520423 8.448814 8.423322 8.414910 8.412325 8.411583 8.411384 8.411333 8.411321 8.411318 8.411318 8.411318 8.411318 8.411318 8.411318 8.411318 8.411318 8.411318 8.411318 8.411318 8.411318 8.411318 8.411318 8.411318 8.411317 8.411316 8.411311 8.411289 8.411204 8.410894 8.409829 8.406400 8.396077 8.367104 8.291592 8.109601 7.706377 6.892235 5.416207 3.077343 0.000000 
50.000000 40.483044 32.066147 25.469629 20.871747 18.007849 16.405048 15.594454 15.221893 15.065422 15.005059 14.983567 14.976473 14.974293 14.973668 14.973499 14.973457 14.973446 14.973444 14.973444 14.973444 14.973444 14.973444 14.973444 14.973444 14.973444 14.973444 14.973444 14.973444 14.973444 14.973444 14.973443 14.973443 14.973443 14.973442 14.973435 14.973408 14.973303 14.972917 14.971579 14.967224 14.953928 14.915935 14.814532 14.562324 13.979512 12.734814 10.305689 6.088238 0.000000 
50.000000 43.042470 36.889001 32.066147 28.704298 26.610103 25.437946 24.845072 24.572543 24.458066 24.413898 24.398169 24.392976 24.391381 24.390923 24.390799 24.390768 24.390761 24.390759 24.390759 24.390758 24.390758 24.390758 24.390758 24.390758 24.390758 24.390758 24.390758 24.390758 24.390758 24.390758 24.390758 24.390758 24.390758 24.390757 24.390750 24.390724 24.390623 24.390248 24.388939 24.384635 24.371312 24.332534 24.226392 23.952887 23.288091 21.760458 18.444501 11.745168 0.000000 
50.000000 46.307923 43.042470 40.483044 38.698866 37.587377 36.965211 36.650494 36.505813 36.445033 36.421580 36.413227 36.410469 36.409622 36.409378 36.409313 36.409296 36.409292 36.409291 36.409291 36.409291 36.409291 36.409291 36.409291 36.409291 36.409291 36.409291 36.409291 36.409291 36.409291 36.409291 36.409291 36.409291 36.409291 36.409290 36.409286 36.409270 36.409206 36.408970 36.408139 36.405386 36.396770 36.371301 36.299982 36.109761 35.621523 34.394806 31.297302 23.153962 0.000000 
50.000000 50.000000 50.000000 50.000000 50.000000 50.000000 50.000000 50.000000 50.000000 50.000000 50.000000 50.000000 50.000000 50.000000 50.000000 50.000000 50.000000 50.000000 50.000000 50.000000 50.000000 50.000000 50.000000 50.000000 50.000000 50.000000 50.000000 50.000000 50.000000 50.000000 50.000000 50.000000 50.000000 50.000000 50.000000 50.000000 50.000000 50.000000 50.000000 50.000000 50.000000 50.000000 50.000000 50.000000 50.000000 50.000000 50.000000 50.000000 50.000000 50.000000 
