50.000000 50.000000 50.000000 50.000000 50.000000 50.000000 50.000000 50.000000 50.000000 50.000000 50.000000 50.000000 50.000000 50.000000 50.000000 50.000000 50.000000 50.000000 50.000000 50.000000 50.000000 50.000000 50.000000 50.000000 50.000000 50.000000 50.000000 50.000000 50.000000 50.000000 50.000000 50.000000 50.000000 50.000000 50.000000 50.000000 50.000000 50.000000 50.000000 50.000000 50.000000 50.000000 50.000000 50.000000 50.000000 50.000000 50.000000 50.000000 50.000000 50.000000 
50.000000 40.262059 33.434625 29.917703 28.518796 28.071310 27.952522 27.925712 27.920469 27.919567 27.919429 27.919409 27.919407 27.919407 27.919407 27.919407 27.919407 27.919407 27.919407 27.919407 27.919407 27.919407 27.919407 27.919407 27.919407 27.919407 27.919407 27.919407 27.919407 27.919407 27.919407 27.919407 27.919407 27.919407 27.919407 27.919407 27.919407 27.919407 27.919407 27.919406 27.919396 27.919327 27.918849 27.915858 27.899037 27.814226 27.431599 25.879901 20.131030 0.000000 
50.000000 33.434625 21.824556 15.847589 13.471925 12.712625 12.511245 12.465838 12.456966 12.455441 12.455208 12.455176 12.455172 12.455172 12.455171 12.455171 12.455171 12.455171 12.455171 12.455171 12.455171 12.455171 12.455171 12.455171 12.455171 12.455171 12.455171 12.455171 12.455171 12.455171 12.455171 12.455171 12.455171 12.455171 12.455171 12.455171 12.455171 12.455171 12.455171 12.455170 12.455161 12.455092 12.454623 12.451749 12.436068 12.360600 12.044454 10.912278 7.554725 0.000000 
50.000000 29.917703 15.847589 8.608271 5.732879 4.814581 4.571237 4.516416 4.505715 4.503878 4.503597 4.503558 4.503553 4.503553 4.503553 4.503553 4.503553 4.503553 4.503553 4.503553 4.503553 4.503553 4.503553 4.503553 4.503553 4.503553 4.503553 4.503553 4.503553 4.503553 4.503553 4.503553 4.503553 4.503553 4.503553 4.503553 4.503553 4.503553 4.503553 4.503552 4.503547 4.503509 4.503254 4.501717 4.493529 4.455476 4.304136 3.803135 2.486104 0.000000 
50.000000 28.518796 13.471925 5.732879 2.660386 1.679635 1.419881 1.361395 1.349986 1.348028 1.347729 1.347687 1.347682 1.347682 1.347682 1.347682 1.347682 1.347682 1.347682 1.347682 1.347682 1.347682 1.347682 1.347682 1.347682 1.347682 1.347682 1.347682 1.347682 1.347682 1.347682 1.347682 1.347682 1.347682 1.347682 1.347682 1.347682 1.347682 1.347682 1.347681 1.347679 1.347665 1.347567 1.346987 1.343951 1.330193 1.277403 1.111325 0.704570 0.000000 
50.000000 28.071310 12.712625 4.814581 1.679635 0.679186 0.414282 0.354652 0.343023 0.341028 0.340723 0.340681 0.340676 0.340675 0.340675 0.340675 0.340675 0.340675 0.340675 0.340675 0.340675 0.340675 0.340675 0.340675 0.340675 0.340675 0.340675 0.340675 0.340675 0.340675 0.340675 0.340675 0.340675 0.340675 0.340675 0.340675 0.340675 0.340675 0.340675 0.340675 0.340675 0.340670 0.340641 0.340471 0.339593 0.335684 0.321052 0.276557 0.172273 0.000000 
50.000000 27.952522 12.511245 4.571237 1.419881 0.414282 0.148038 0.088113 0.076427 0.074422 0.074116 0.074074 0.074069 0.074068 0.074068 0.074068 0.074068 0.074068 0.074068 0.074068 0.074068 0.074068 0.074068 0.074068 0.074068 0.074068 0.074068 0.074068 0.074068 0.074068 0.074068 0.074068 0.074068 0.074068 0.074068 0.074068 0.074068 0.074068 0.074068 0.074068 0.074068 0.074067 0.074060 0.074019 0.073810 0.072893 0.069520 0.059496 0.036663 0.000000 
50.000000 27.925712 12.465838 4.516416 1.361395 0.354652 0.088113 0.028123 0.016424 0.014418 0.014111 0.014069 0.014064 0.014063 0.014063 0.014063 0.014063 0.014063 0.014063 0.014063 0.014063 0.014063 0.014063 0.014063 0.014063 0.014063 0.014063 0.014063 0.014063 0.014063 0.014063 0.014063 0.014063 0.014063 0.014063 0.014063 0.014063 0.014063 0.014063 0.014063 0.014063 0.014063 0.014061 0.014053 0.014011 0.013828 0.013162 0.011215 0.006863 0.000000 
50.000000 27.920469 12.456966 4.505715 1.349986 0.343023 0.076427 0.016424 0.004723 0.002716 0.002410 0.002368 0.002362 0.002362 0.002362 0.002362 0.002362 0.002362 0.002362 0.002362 0.002362 0.002362 0.002362 0.002362 0.002362 0.002362 0.002362 0.002362 0.002362 0.002362 0.002362 0.002362 0.002362 0.002362 0.002362 0.002362 0.002362 0.002362 0.002362 0.002362 0.002362 0.002362 0.002361 0.002360 0.002353 0.002321 0.002206 0.001874 0.001142 0.000000 
50.000000 27.919567 12.455441 4.503878 1.348028 0.341028 0.074422 0.014418 0.002716 0.000709 0.000403 0.000361 0.000355 0.000355 0.000355 0.000355 0.000355 0.000355 0.000355 0.000355 0.000355 0.000355 0.000355 0.000355 0.000355 0.000355 0.000355 0.000355 0.000355 0.000355 0.000355 0.000355 0.000355 0.000355 0.000355 0.000355 0.000355 0.000355 0.000355 0.000355 0.000355 0.000355 0.000355 0.000354 0.000353 0.000348 0.000331 0.000280 0.000170 0.000000 
50.000000 27.919429 12.455208 4.503597 1.347729 0.340723 0.074116 0.014111 0.002410 0.000403 0.000096 0.000054 0.000049 0.000048 0.000048 0.000048 0.000048 0.000048 0.000048 0.000048 0.000048 0.000048 0.000048 0.000048 0.000048 0.000048 0.000048 0.000048 0.000048 0.000048 0.000048 0.000048 0.000048 0.000048 0.000048 0.000048 0.000048 0.000048 0.000048 0.000048 0.000048 0.000048 0.000048 0.000048 0.000048 0.000047 0.000045 0.000038 0.000023 0.000000 
50.000000 27.919409 12.455176 4.503558 1.347687 0.340681 0.074074 0.014069 0.002368 0.000361 0.000054 0.000012 0.000007 0.000006 0.000006 0.000006 0.000006 0.000006 0.000006 0.000006 0.000006 0.000006 0.000006 0.000006 0.000006 0.000006 0.000006 0.000006 0.000006 0.000006 0.000006 0.000006 0.000006 0.000006 0.000006 0.000006 0.000006 0.000006 0.000006 0.000006 0.000006 0.000006 0.000006 0.000006 0.000006 0.000006 0.000006 0.000005 0.000003 0.000000 
50.000000 27.919407 12.455172 4.503553 1.347682 0.340676 0.074069 0.014064 0.002362 0.000355 0.000049 0.000007 0.000001 0.000001 0.000001 0.000001 0.000001 0.000001 0.000001 0.000001 0.000001 0.000001 0.000001 0.000001 0.000001 0.000001 0.000001 0.000001 0.000001 0.000001 0.000001 0.000001 0.000001 0.000001 0.000001 0.000001 0.000001 0.000001 0.000001 0.000001 0.000001 0.000001 0.000001 0.000001 0.000001 0.000001 0.000001 0.000001 0.000000 0.000000 
50.000000 27.919407 12.455172 4.503553 1.347682 0.340675 0.074068 0.014063 0.002362 0.000355 0.000048 0.000006 0.000001 0.000000 0.000000 0.000000 0.000000 0.000000 0.000000 0.000000 0.000000 0.000000 0.000000 0.000000 0.000000 0.000000 0.000000 0.000000 0.000000 0.000000 0.000000 0.000000 0.000000 0.000000 0.000000 0.000000 0.000000 0.000000 0.000000 0.000000 0.000000 0.000000 0.000000 0.000000 0.000000 0.000000 0.000000 0.000000 0.000000 0.000000 
50.000000 27.919407 12.455171 4.503553 1.347682 0.340675 0.074068 0.014063 0.002362 0.000355 0.000048 0.000006 0.000001 0.000000 0.000000 0.000000 0.000000 0.000000 0.000000 0.000000 0.000000 0.000000 0.000000 0.000000 0.000000 0.000000 0.000000 0.000000 0.000000 0.000000 0.000000 0.000000 0.000000 0.000000 0.000000 0.000000 0.000000 0.000000 0.000000 0.000000 0.000000 0.000000 0.000000 0.000000 0.000000 0.000000 0.000000 0.000000 0.000000 0.000000 
50.000000 27.919407 12.455171 4.503553 1.347682 0.340675 0.074068 0.014063 0.002362 0.000355 0.000048 0.000006 0.000001 0.000000 0.000000 0.000000 0.000000 0.000000 0.000000 0.000000 0.000000 0.000000 0.000000 0.000000 0.000000 0.000000 0.000000 0.000000 0.000000 0.000000 0.000000 0.000000 0.000000 0.000000 0.000000 0.000000 0.000000 0.000000 0.000000 0.000000 0.000000 0.000000 0.000000 0.000000 0.000000 0.000000 0.000000 0.000000 0.000000 0.000000 
50.000000 27.919407 12.455171 4.503553 1.347682 0.340675 0.074068 0.014063 0.002362 0.000355 0.000048 0.000006 0.000001 0.000000 0.000000 0.000000 0.000000 0.000000 0.000000 0.000000 0.000000 0.000000 0.000000 0.000000 0.000000 0.000000 0.000000 0.000000 0.000000 0.000000 0.000000 0.000000 0.000000 0.000000 0.000000 0.000000 0.000000 0.000000 0.000000 0.000000 0.000000 0.000000 0.000000 0.000000 0.000000 0.000000 0.000000 0.000000 0.000000 0.000000 
50.000000 27.919407 12.455171 4.503553 1.347682 0.340675 0.074068 0.014063 0.002362 0.000355 0.000048 0.000006 0.000001 0.000000 0.000000 0.000000 0.000000 0.000000 0.000000 0.000000 0.000000 0.000000 0.000000 0.000000 0.000000 0.000000 0.000000 0.000000 0.000000 0.000000 0.000000 0.000000 0.000000 0.000000 0.000000 0.000000 0.000000 0.000000 0.000000 0.000000 0.000000 0.000000 0.000000 0.000000 0.000000 0.000000 0.000000 0.000000 0.000000 0.000000 
50.000000 27.919407 12.455171 4.503553 1.347682 0.340675 0.074068 0.014063 0.002362 0.000355 0.000048 0.000006 0.000001 0.000000 0.000000 0.000000 0.000000 0.000000 0.000000 0.000000 0.000000 0.000000 0.000000 0.000000 0.000000 0.000000 0.000000 0.000000 0.000000 0.000000 0.000000 0.000000 0.000000 0.000000 0.000000 0.000000 0.000000 0.000000 0.000000 0.000000 0.000000 0.000000 0.000000 0.000000 0.000000 0.000000 0.000000 0.000000 0.000000 0.000000 
50.000000 27.919407 12.455171 4.503553 1.347682 0.340675 0.074068 0.014063 0.002362 0.000355 0.000048 0.000006 0.000001 0.000000 0.000000 0.000000 0.000000 0.000000 0.000000 0.000000 0.000000 0.000000 0.000000 0.000000 0.000000 0.000000 0.000000 0.000000 0.000000 0.000000 0.000000 0.000000 0.000000 0.000000 0.000000 0.000000 0.000000 0.000000 0.000000 0.000000 0.000000 0.000000 0.000000 0.000000 0.000000 0.000000 0.000000 0.000000 0.000000 0.000000 
50.000000 27.919407 12.455171 4.503553 1.347682 0.340675 0.074068 0.014063 0.002362 0.000355 0.000048 0.000006 0.000001 0.000000 0.000000 0.000000 0.000000 0.000000 0.000000 0.000000 0.000000 0.000000 0.000000 0.000000 0.000000 0.000000 0.000000 0.000000 0.000000 0.000000 0.000000 0.000000 0.000000 0.000000 0.000000 0.000000 0.000000 0.000000 0.000000 0.000000 0.000000 0.000000 0.000000 0.000000 0.000000 0.000000 0.000000 0.000000 0.000000 0.000000 
50.000000 27.919407 12.455171 4.503553 1.347682 0.340675 0.074068 0.014063 0.002362 0.000355 0.000048 0.000006 0.000001 0.000000 0.000000 0.000000 0.000000 0.000000 0.000000 0.000000 0.000000 0.000000 0.000000 0.000000 0.000000 0.000000 0.000000 0.000000 0.000000 0.000000 0.000000 0.000000 0.000000 0.000000 0.000000 0.000000 0.000000 0.000000 0.000000 0.000000 0.000000 0.000000 0.000000 0.000000 0.000000 0.000000 0.000000 0.000000 0.000000 0.000000 
50.000000 27.919407 12.455171 4.503553 1.347682 0.340675 0.074068 0.014063 0.002362 0.000355 0.000048 0.000006 0.000001 0.000000 0.000000 0.000000 0.000000 0.000000 0.000000 0.000000 0.000000 0.000000 0.000000 0.000000 0.000000 0.000000 0.000000 0.000000 0.000000 0.000000 0.000000 0.000000 0.000000 0.000000 0.000000 0.000000 0.000000 0.000000 0.000000 0.000000 0.000000 0.000000 0.000000 0.000000 0.000000 0.000000 0.000000 0.000000 0.000000 0.000000 
50.000000 27.919407 12.455171 4.503553 1.347682 0.340675 0.074068 0.014063 0.002362 0.000355 0.000048 0.000006 0.000001 0.000000 0.000000 0.000000 0.000000 0.000000 0.000000 0.000000 0.000000 0.000000 0.000000 0.000000 0.000000 0.000000 0.000000 0.000000 0.000000 0.000000 0.000000 0.000000 0.000000 0.000000 0.000000 0.000000 0.000000 0.000000 0.000000 0.000000 0.000000 0.000000 0.000000 0.000000 0.000000 0.000000 0.000000 0.000000 0.000000 0.000000 
50.000000 27.919407 12.455171 4.503553 1.347682 0.340675 0.074068 0.014063 0.002362 0.000355 0.000048 0.000006 0.000001 0.000000 0.000000 0.000000 0.000000 0.000000 0.000000 0.000000 0.000000 0.000000 0.000000 0.000000 0.000000 0.000000 0.000000 0.000000 0.000000 0.000000 0.000000 0.000000 0.000000 0.000000 0.000000 0.000000 0.000000 0.000000 0.000000 0.000000 0.000000 0.000000 0.000000 0.000000 0.000000 0.000000 0.000000 0.000000 0.000000 0.000000 
50.000000 27.919407 12.455171 4.503553 1.347682 0.340675 0.074068 0.014063 0.002362 0.000355 0.000048 0.000006 0.000001 0.000000 0.000000 0.000000 0.000000 0.000000 0.000000 0.000000 0.000000 0.000000 0.000000 0.000000 0.000000 0.000000 0.000000 0.000000 0.000000 0.000000 0.000000 0.000000 0.000000 0.000000 0.000000 0.000000 0.000000 0.000000 0.000000 0.000000 0.000000 0.000000 0.000000 0.000000 0.000000 0.000000 0.000000 0.000000 0.000000 0.000000 
50.000000 27.919407 12.455171 4.503553 1.347682 0.340675 0.074068 0.014063 0.002362 0.000355 0.000048 0.000006 0.000001 0.000000 0.000000 0.000000 0.000000 0.000000 0.000000 0.000000 0.000000 0.000000 0.000000 0.000000 0.000000 0.000000 0.000000 0.000000 0.000000 0.000000 0.000000 0.000000 0.000000 0.000000 0.000000 0.000000 0.000000 0.000000 0.000000 0.000000 0.000000 0.000000 0.000000 0.000000 0.000000 0.000000 0.000000 0.000000 0.000000 0.000000 
50.000000 27.919407 12.455171 4.503553 1.347682 0.340675 0.074068 0.014063 0.002362 0.000355 0.000048 0.000006 0.000001 0.000000 0.000000 0.000000 0.000000 0.000000 0.000000 0.000000 0.000000 0.000000 0.000000 0.000000 0.000000 0.000000 0.000000 0.000000 0.000000 0.000000 0.000000 0.000000 0.000000 0.000000 0.000000 0.000000 0.000000 0.000000 0.000000 0.000000 0.000000 0.000000 0.000000 0.000000 0.000000 0.000000 0.000000 0.000000 0.000000 0.000000 
50.000000 27.919407 12.455171 4.503553 1.347682 0.340675 0.074068 0.014063 0.002362 0.000355 0.000048 0.000006 0.000001 0.000000 0.000000 0.000000 0.000000 0.000000 0.000000 0.000000 0.000000 0.000000 0.000000 0.000000 0.000000 0.000000 0.000000 0.000000 0.000000 0.000000 0.000000 0.000000 0.000000 0.000000 0.000000 0.000000 0.000000 0.000000 0.000000 0.000000 0.000000 0.000000 0.000000 0.000000 0.000000 0.000000 0.000000 0.000000 0.000000 0.000000 
50.000000 27.919407 12.455171 4.503553 1.347682 0.340675 0.074068 0.014063 0.002362 0.000355 0.000048 0.000006 0.000001 0.000000 0.000000 0.000000 0.000000 0.000000 0.000000 0.000000 0.000000 0.000000 0.000000 0.000000 0.000000 0.000000 0.000000 0.000000 0.000000 0.000000 0.000000 0.000000 0.000000 0.000000 0.000000 0.000000 0.000000 0.000000 0.000000 0.000000 0.000000 0.000000 0.000000 0.000000 0.000000 0.000000 0.000000 0.000000 0.000000 0.000000 
50.000000 27.919407 12.455171 4.503553 1.347682 0.340675 0.074068 0.014063 0.002362 0.000355 0.000048 0.000006 0.000001 0.000000 0.000000 0.000000 0.000000 0.000000 0.000000 0.000000 0.000000 0.000000 0.000000 0.000000 0.000000 0.000000 0.000000 0.000000 0.000000 0.000000 0.000000 0.000000 0.000000 0.000000 0.000000 0.000000 0.000000 0.000000 0.000000 0.000000 0.000000 0.000000 0.000000 0.000000 0.000000 0.000000 0.000000 0.000000 0.000000 0.000000 
50.000000 27.919407 12.455171 4.503553 1.347682 0.340675 0.074068 0.014063 0.002362 0.000355 0.000048 0.000006 0.000001 0.000000 0.000000 0.000000 0.000000 0.000000 0.000000 0.000000 0.000000 0.000000 0.000000 0.000000 0.000000 0.000000 0.000000 0.000000 0.000000 0.000000 0.000000 0.000000 0.000000 0.000000 0.000000 0.000000 0.000000 0.000000 0.000000 0.000000 0.000000 0.000000 0.000000 0.000000 0.000000 0.000000 0.000000 0.000000 0.000000 0.000000 
50.000000 27.919407 12.455171 4.503553 1.347682 0.340675 0.074068 0.014063 0.002362 0.000355 0.000048 0.000006 0.000001 0.000000 0.000000 0.000000 0.000000 0.000000 0.000000 0.000000 0.000000 0.000000 0.000000 0.000000 0.000000 0.000000 0.000000 0.000000 0.000000 0.000000 0.000000 0.000000 0.000000 0.000000 0.000000 0.000000 0.000000 0.000000 0.000000 0.000000 0.000000 0.000000 0.000000 0.000000 0.000000 0.000000 0.000000 0.000000 0.000000 0.000000 
50.000000 27.919407 12.455171 4.503553 1.347682 0.340675 0.074068 0.014063 0.002362 0.000355 0.000048 0.000006 0.000001 0.000000 0.000000 0.000000 0.000000 0.000000 0.000000 0.000000 0.000000 0.000000 0.000000 0.000000 0.000000 0.000000 0.000000 0.000000 0.000000 0.000000 0.000000 0.000000 0.000000 0.000000 0.000000 0.000000 0.000000 0.000000 0.000000 0.000000 0.000000 0.000000 0.000000 0.000000 0.000000 0.000000 0.000000 0.000000 0.000000 0.000000 
50.000000 27.919407 12.455171 4.503553 1.347682 0.340675 0.074068 0.014063 0.002362 0.000355 0.000048 0.000006 0.000001 0.000000 0.000000 0.000000 0.000000 0.000000 0.000000 0.000000 0.000000 0.000000 0.000000 0.000000 0.000000 0.000000 0.000000 0.000000 0.000000 0.000000 0.000000 0.000000 0.000000 0.000000 0.000000 0.000000 0.000000 0.000000 0.000000 0.000000 0.000000 0.000000 0.000000 0.000000 0.000000 0.000000 0.000000 0.000000 0.000000 0.000000 
50.000000 27.919407 12.455171 4.503553 1.347682 0.340675 0.074068 0.014063 0.002362 0.000355 0.000048 0.000006 0.000001 0.000000 0.000000 0.000000 0.000000 0.000000 0.000000 0.000000 0.000000 0.000000 0.000000 0.000000 0.000000 0.000000 0.000000 0.000000 0.000000 0.000000 0.000000 0.000000 0.000000 0.000000 0.000000 0.000000 0.000000 0.000000 0.000000 0.000000 0.000000 0.000000 0.000000 0.000000 0.000000 0.000000 0.000000 0.000000 0.000000 0.000000 
50.000000 27.919407 12.455172 4.503553 1.347682 0.340675 0.074068 0.014063 0.002362 0.000355 0.000048 0.000006 0.000001 0.000000 0.000000 0.000000 0.000000 0.000000 0.000000 0.000000 0.000000 0.000000 0.000000 0.000000 0.000000 0.000000 0.000000 0.000000 0.000000 0.000000 0.000000 0.000000 0.000000 0.000000 0.000000 0.000000 0.000000 0.000000 0.000000 0.000000 0.000000 0.000000 0.000000 0.000000 0.000000 0.000000 0.000000 0.000000 0.000000 0.000000 
50.000000 27.919407 12.455172 4.503553 1.347682 0.340676 0.074069 0.014064 0.002362 0.000355 0.000049 0.000007 0.000001 0.000001 0.000001 0.000001 0.000001 0.000001 0.000001 0.000001 0.000001 0.000001 0.000001 0.000001 0.000001 0.000001 0.000001 0.000001 0.000001 0.000001 0.000001 0.000001 0.000001 0.000001 0.000001 0.000001 0.000001 0.000001 0.000001 0.000001 0.000001 0.000001 0.000001 0.000001 0.000001 0.000001 0.000001 0.000001 0.000000 0.000000 
50.000000 27.919409 12.455176 4.503558 1.347687 0.340681 0.074074 0.014069 0.002368 0.000361 0.000054 0.000012 0.000007 0.000006 0.000006 0.000006 0.000006 0.000006 0.000006 0.000006 0.000006 0.000006 0.000006 0.000006 0.000006 0.000006 0.000006 0.000006 0.000006 0.000006 0.000006 0.000006 0.000006 0.000006 0.000006 0.000006 0.000006 0.000006 0.000006 0.000006 0.000006 0.000006 0.000006 0.000006 0.000006 0.000006 0.000006 0.000005 0.000003 0.000000 
50.000000 27.919429 12.455208 4.503597 1.347729 0.340723 0.074116 0.014111 0.002410 0.000403 0.000096 0.000054 0.000049 0.000048 0.000048 0.000048 0.000048 0.000048 0.000048 0.000048 0.000048 0.000048 0.000048 0.000048 0.000048 0.000048 0.000048 0.000048 0.000048 0.000048 0.000048 0.000048 0.000048 0.000048 0.000048 0.000048 0.000048 0.000048 0.000048 0.000048 0.000048 0.000048 0.000048 0.000048 0.000048 0.000047 0.000045 0.000038 0.000023 0.000000 
50.000000 27.919567 12.455441 4.503878 1.348028 0.341028 0.074422 0.014418 0.002716 0.000709 0.000403 0.000361 0.000355 0.000355 0.000355 0.000355 0.000355 0.000355 0.000355 0.000355 0.000355 0.000355 0.000355 0.000355 0.000355 0.000355 0.000355 0.000355 0.000355 0.000355 0.000355 0.000355 0.000355 0.000355 0.000355 0.000355 0.000355 0.000355 0.000355 0.000355 0.000355 0.000355 0.000355 0.000354 0.000353 0.000348 0.000331 0.000280 0.000170 0.000000 
50.000000 27.920469 12.456966 4.505715 1.349986 0.343023 0.076427 0.016424 0.004723 0.002716 0.002410 0.002368 0.002362 0.002362 0.002362 0.002362 0.002362 0.002362 0.002362 0.002362 0.002362 0.002362 0.002362 0.002362 0.002362 0.002362 0.002362 0.002362 0.002362 0.002362 0.002362 0.002362 0.002362 0.002362 0.002362 0.002362 0.002362 0.002362 0.002362 0.002362 0.002362 0.002362 0.002361 0.002360 0.002353 0.002321 0.002206 0.001874 0.001142 0.000000 
50.000000 27.925712 12.465838 4.516416 1.361395 0.354652 0.088113 0.028123 0.016424 0.014418 0.014111 0.014069 0.014064 0.014063 0.014063 0.014063 0.014063 0.014063 0.014063 0.014063 0.014063 0.014063 0.014063 0.014063 0.014063 0.014063 0.014063 0.014063 0.014063 0.014063 0.014063 0.014063 0.014063 0.014063 0.014063 0.014063 0.014063 0.014063 0.014063 0.014063 0.014063 0.014063 0.014061 0.014053 0.014011 0.013828 0.013162 0.011215 0.006863 0.000000 
50.000000 27.952522 12.511245 4.571237 1.419881 0.414282 0.148038 0.088113 0.076427 0.074422 0.074116 0.074074 0.074069 0.074068 0.074068 0.074068 0.074068 0.074068 0.074068 0.074068 0.074068 0.074068 0.074068 0.074068 0.074068 0.074068 0.074068 0.074068 0.074068 0.074068 0.074068 0.074068 0.074068 0.074068 0.074068 0.074068 0.074068 0.074068 0.074068 0.074068 0.074068 0.074067 0.074060 0.074019 0.073810 0.072893 0.069520 0.059496 0.036663 0.000000 
50.000000 28.071310 12.712625 4.814581 1.679635 0.679186 0.414282 0.354652 0.343023 0.341028 0.340723 0.340681 0.340676 0.340675 0.340675 0.340675 0.340675 0.340675 0.340675 0.340675 0.340675 0.340675 0.340675 0.340675 0.340675 0.340675 0.340675 0.340675 0.340675 0.340675 0.340675 0.340675 0.340675 0.340675 0.340675 0.340675 0.340675 0.340675 0.340675 0.340675 0.340675 0.340670 0.340641 0.340471 0.339593 0.335684 0.321052 0.276557 0.172273 0.000000 
50.000000 28.518796 13.471925 5.732879 2.660386 1.679635 1.419881 1.361395 1.349986 1.348028 1.347729 1.347687 1.347682 1.347682 1.347682 1.347682 1.347682 1.347682 1.347682 1.347682 1.347682 1.347682 1.347682 1.347682 1.347682 1.347682 1.347682 1.347682 1.347682 1.347682 1.347682 1.347682 1.347682 1.347682 1.347682 1.347682 1.347682 1.347682 1.347682 1.347681 1.347679 1.347665 1.347567 1.346987 1.343951 1.330193 1.277403 1.111325 0.704570 0.000000 
50.000000 29.917703 15.847589 8.608271 5.732879 4.814581 4.571237 4.516416 4.505715 4.503878 4.503597 4.503558 4.503553 4.503553 4.503553 4.503553 4.503553 4.503553 4.503553 4.503553 4.503553 4.503553 4.503553 4.503553 4.503553 4.503553 4.503553 4.503553 4.503553 4.503553 4.503553 4.503553 4.503553 4.503553 4.503553 4.503553 4.503553 4.503553 4.503553 4.503552 4.503547 4.503509 4.503254 4.501717 4.493529 4.455476 4.304136 3.803135 2.486104 0.000000 
50.000000 33.434625 21.824556 15.847589 13.471925 12.712625 12.511245 12.465838 12.456966 12.455441 12.455208 12.455176 12.455172 12.455172 12.455171 12.455171 12.455171 12.455171 12.455171 12.455171 12.455171 12.455171 12.455171 12.455171 12.455171 12.455171 12.455171 12.455171 12.455171 12.455171 12.455171 12.455171 12.455171 12.455171 12.455171 12.455171 12.455171 12.455171 12.455171 12.455170 12.455161 12.455092 12.454623 12.451749 12.436068 12.360600 12.044454 10.912278 7.554725 0.000000 
50.000000 40.262059 33.434625 29.917703 28.518796 28.071310 27.952522 27.925712 27.920469 27.919567 27.919429 27.919409 27.919407 27.919407 27.919407 27.919407 27.919407 27.919407 27.919407 27.919407 27.919407 27.919407 27.919407 27.919407 27.919407 27.919407 27.919407 27.919407 27.919407 27.919407 27.919407 27.919407 27.919407 27.919407 27.919407 27.919407 27.919407 27.919407 27.919407 27.919406 27.919396 27.919327 27.918849 27.915858 27.899037 27.814226 27.431599 25.879901 20.131030 0.000000 
50.000000 50.000000 50.000000 50.000000 50.000000 50.000000 50.000000 50.000000 50.000000 50.000000 50.000000 50.000000 50.000000 50.000000 50.000000 50.000000 50.000000 50.000000 50.000000 50.000000 50.000000 50.000000 50.000000 50.000000 50.000000 50.000000 50.000000 50.000000 50.000000 50.000000 50.000000 50.000000 50.000000 50.000000 50.000000 50.000000 50.000000 50.000000 50.000000 50.000000 50.000000 50.000000 50.000000 50.000000 50.000000 50.000000 50.000000 50.000000 50.000000 50.000000 
