50.000000 50.000000 50.000000 50.000000 50.000000 50.000000 50.000000 50.000000 50.000000 50.000000 50.000000 50.000000 50.000000 50.000000 50.000000 50.000000 50.000000 50.000000 50.000000 50.000000 50.000000 50.000000 50.000000 50.000000 50.000000 50.000000 50.000000 50.000000 50.000000 50.000000 50.000000 50.000000 50.000000 50.000000 50.000000 50.000000 50.000000 50.000000 50.000000 50.000000 50.000000 50.000000 50.000000 50.000000 50.000000 50.000000 50.000000 50.000000 50.000000 50.000000 
50.000000 46.383324 43.176071 40.649227 38.874554 37.758436 37.126611 36.802911 36.652002 36.587644 36.562411 36.553273 36.550202 36.549242 36.548961 36.548884 36.548864 36.548859 36.548858 36.548858 36.548857 36.548857 36.548857 36.548857 36.548857 36.548857 36.548857 36.548857 36.548857 36.548857 36.548857 36.548857 36.548857 36.548857 36.548856 36.548851 36.548832 36.548759 36.548493 36.547572 36.544566 36.535302 36.508303 36.433683 36.236981 35.737237 34.492147 31.368395 23.191662 0.000000 
50.000000 43.176071 37.124741 32.357337 29.009214 26.903656 25.711803 25.101236 24.816615 24.695244 24.647662 24.630432 24.624644 24.622833 24.622303 24.622158 24.622121 24.622112 24.622109 24.622109 24.622109 24.622109 24.622109 24.622109 24.622109 24.622109 24.622109 24.622109 24.622109 24.622109 24.622109 24.622109 24.622109 24.622108 24.622107 24.622099 24.622069 24.621952 24.621527 24.620068 24.615346 24.600950 24.559640 24.448030 24.163788 23.479925 21.921839 18.562370 11.807676 0.000000 
50.000000 40.649227 32.357337 25.825064 21.237789 18.353205 16.720548 15.884261 15.494468 15.328272 15.263126 15.239539 15.231617 15.229139 15.228414 15.228216 15.228164 15.228152 15.228149 15.228148 15.228148 15.228148 15.228148 15.228148 15.228148 15.228148 15.228148 15.228148 15.228148 15.228148 15.228148 15.228148 15.228148 15.228148 15.228146 15.228138 15.228106 15.227984 15.227543 15.226041 15.221228 15.206754 15.165977 15.058562 14.794543 14.190750 12.912532 10.435498 6.157080 0.000000 
50.000000 38.874554 29.009214 21.237789 15.780728 12.349525 10.407703 9.413180 8.949698 8.752113 8.674675 8.646643 8.637229 8.634285 8.633424 8.633188 8.633127 8.633113 8.633109 8.633108 8.633108 8.633108 8.633108 8.633108 8.633108 8.633108 8.633108 8.633108 8.633108 8.633108 8.633108 8.633108 8.633108 8.633108 8.633106 8.633100 8.633074 8.632974 8.632617 8.631409 8.627583 8.616236 8.584846 8.504108 8.311845 7.890364 7.047039 5.529289 3.137317 0.000000 
50.000000 37.758436 26.903656 18.353205 12.349525 8.574957 6.439034 5.345228 4.835544 4.618292 4.533159 4.502346 4.492000 4.488765 4.487819 4.487560 4.487493 4.487476 4.487473 4.487472 4.487472 4.487472 4.487472 4.487472 4.487472 4.487472 4.487472 4.487472 4.487472 4.487472 4.487472 4.487472 4.487472 4.487471 4.487470 4.487466 4.487448 4.487380 4.487139 4.486331 4.483796 4.476379 4.456193 4.405354 4.287478 4.037679 3.558661 2.739869 1.521455 0.000000 
50.000000 37.126611 25.711803 16.720548 10.407703 6.439034 4.193460 3.043608 2.507863 2.279528 2.190062 2.157684 2.146814 2.143416 2.142423 2.142150 2.142080 2.142063 2.142059 2.142058 2.142058 2.142058 2.142058 2.142058 2.142058 2.142058 2.142058 2.142058 2.142058 2.142058 2.142058 2.142058 2.142058 2.142058 2.142057 2.142054 2.142044 2.142004 2.141864 2.141398 2.139950 2.135761 2.124527 2.096730 2.033681 1.903595 1.661986 1.263773 0.692928 0.000000 
50.000000 36.802911 25.101236 15.884261 9.413180 5.345228 3.043608 1.865134 1.316091 1.082106 0.990434 0.957261 0.946125 0.942644 0.941626 0.941347 0.941275 0.941258 0.941254 0.941253 0.941253 0.941253 0.941253 0.941253 0.941253 0.941253 0.941253 0.941253 0.941253 0.941253 0.941253 0.941253 0.941253 0.941253 0.941252 0.941251 0.941245 0.941225 0.941153 0.940917 0.940187 0.938099 0.932567 0.919082 0.889035 0.828333 0.718284 0.541596 0.294608 0.000000 
50.000000 36.652002 24.816615 15.494468 8.949698 4.835544 2.507863 1.316091 0.760876 0.524273 0.431579 0.398038 0.386779 0.383259 0.382231 0.381949 0.381876 0.381858 0.381854 0.381853 0.381853 0.381853 0.381853 0.381853 0.381853 0.381853 0.381853 0.381853 0.381853 0.381853 0.381853 0.381853 0.381853 0.381853 0.381853 0.381852 0.381850 0.381840 0.381808 0.381700 0.381371 0.380438 0.377992 0.372102 0.359165 0.333462 0.287715 0.215665 0.116700 0.000000 
50.000000 36.587644 24.695244 15.328272 8.752113 4.618292 2.279528 1.082106 0.524273 0.286559 0.193432 0.159735 0.148425 0.144889 0.143856 0.143572 0.143499 0.143482 0.143477 0.143477 0.143476 0.143476 0.143476 0.143476 0.143476 0.143476 0.143476 0.143476 0.143476 0.143476 0.143476 0.143476 0.143476 0.143476 0.143476 0.143476 0.143475 0.143471 0.143458 0.143413 0.143279 0.142901 0.141919 0.139578 0.134496 0.124530 0.107045 0.079898 0.043078 0.000000 
50.000000 36.562411 24.647662 15.263126 8.674675 4.533159 2.190062 0.990434 0.431579 0.193432 0.100138 0.066380 0.055050 0.051507 0.050472 0.050189 0.050115 0.050098 0.050094 0.050093 0.050092 0.050092 0.050092 0.050092 0.050092 0.050092 0.050092 0.050092 0.050092 0.050092 0.050092 0.050092 0.050092 0.050092 0.050092 0.050092 0.050092 0.050090 0.050085 0.050069 0.050019 0.049879 0.049518 0.048664 0.046828 0.043266 0.037086 0.027594 0.014839 0.000000 
50.000000 36.553273 24.630432 15.239539 8.646643 4.502346 2.157684 0.957261 0.398038 0.159735 0.066380 0.032601 0.021263 0.017719 0.016683 0.016399 0.016326 0.016308 0.016304 0.016303 0.016303 0.016303 0.016303 0.016303 0.016303 0.016303 0.016303 0.016303 0.016303 0.016303 0.016303 0.016303 0.016303 0.016303 0.016303 0.016303 0.016303 0.016302 0.016301 0.016295 0.016278 0.016230 0.016108 0.015820 0.015207 0.014026 0.011996 0.008905 0.004780 0.000000 
50.000000 36.550202 24.624644 15.231617 8.637229 4.492000 2.146814 0.946125 0.386779 0.148425 0.055050 0.021263 0.009923 0.006378 0.005342 0.005058 0.004985 0.004967 0.004963 0.004962 0.004962 0.004962 0.004962 0.004962 0.004962 0.004962 0.004962 0.004962 0.004962 0.004962 0.004962 0.004962 0.004962 0.004962 0.004962 0.004962 0.004962 0.004961 0.004961 0.004959 0.004954 0.004939 0.004900 0.004810 0.004620 0.004255 0.003633 0.002692 0.001443 0.000000 
50.000000 36.549242 24.622833 15.229139 8.634285 4.488765 2.143416 0.942644 0.383259 0.144889 0.051507 0.017719 0.006378 0.002833 0.001796 0.001513 0.001439 0.001422 0.001417 0.001417 0.001416 0.001416 0.001416 0.001416 0.001416 0.001416 0.001416 0.001416 0.001416 0.001416 0.001416 0.001416 0.001416 0.001416 0.001416 0.001416 0.001416 0.001416 0.001416 0.001416 0.001414 0.001409 0.001398 0.001372 0.001317 0.001212 0.001033 0.000764 0.000409 0.000000 
50.000000 36.548961 24.622303 15.228414 8.633424 4.487819 2.142423 0.941626 0.382231 0.143856 0.050472 0.016683 0.005342 0.001796 0.000760 0.000476 0.000403 0.000385 0.000381 0.000380 0.000380 0.000380 0.000380 0.000380 0.000380 0.000380 0.000380 0.000380 0.000380 0.000380 0.000380 0.000380 0.000380 0.000380 0.000380 0.000380 0.000380 0.000380 0.000380 0.000380 0.000380 0.000378 0.000375 0.000368 0.000353 0.000325 0.000276 0.000204 0.000109 0.000000 
50.000000 36.548884 24.622158 15.228216 8.633188 4.487560 2.142150 0.941347 0.381949 0.143572 0.050189 0.016399 0.005058 0.001513 0.000476 0.000193 0.000119 0.000101 0.000097 0.000096 0.000096 0.000096 0.000096 0.000096 0.000096 0.000096 0.000096 0.000096 0.000096 0.000096 0.000096 0.000096 0.000096 0.000096 0.000096 0.000096 0.000096 0.000096 0.000096 0.000096 0.000096 0.000096 0.000095 0.000093 0.000089 0.000082 0.000070 0.000052 0.000028 0.000000 
50.000000 36.548864 24.622121 15.228164 8.633127 4.487493 2.142080 0.941275 0.381876 0.143499 0.050115 0.016326 0.004985 0.001439 0.000403 0.000119 0.000046 0.000028 0.000024 0.000023 0.000023 0.000023 0.000023 0.000023 0.000023 0.000023 0.000023 0.000023 0.000023 0.000023 0.000023 0.000023 0.000023 0.000023 0.000023 0.000023 0.000023 0.000023 0.000023 0.000023 0.000023 0.000023 0.000023 0.000022 0.000021 0.000020 0.000017 0.000012 0.000007 0.000000 
50.000000 36.548859 24.622112 15.228152 8.633113 4.487476 2.142063 0.941258 0.381858 0.143482 0.050098 0.016308 0.004967 0.001422 0.000385 0.000101 0.000028 0.000010 0.000006 0.000005 0.000005 0.000005 0.000005 0.000005 0.000005 0.000005 0.000005 0.000005 0.000005 0.000005 0.000005 0.000005 0.000005 0.000005 0.000005 0.000005 0.000005 0.000005 0.000005 0.000005 0.000005 0.000005 0.000005 0.000005 0.000005 0.000004 0.000004 0.000003 0.000001 0.000000 
50.000000 36.548858 24.622109 15.228149 8.633109 4.487473 2.142059 0.941254 0.381854 0.143477 0.050094 0.016304 0.004963 0.001417 0.000381 0.000097 0.000024 0.000006 0.000002 0.000001 0.000001 0.000001 0.000001 0.000001 0.000001 0.000001 0.000001 0.000001 0.000001 0.000001 0.000001 0.000001 0.000001 0.000001 0.000001 0.000001 0.000001 0.000001 0.000001 0.000001 0.000001 0.000001 0.000001 0.000001 0.000001 0.000001 0.000001 0.000001 0.000000 0.000000 
50.000000 36.548858 24.622109 15.228148 8.633108 4.487472 2.142058 0.941253 0.381853 0.143477 0.050093 0.016303 0.004962 0.001417 0.000380 0.000096 0.000023 0.000005 0.000001 0.000000 0.000000 0.000000 0.000000 0.000000 0.000000 0.000000 0.000000 0.000000 0.000000 0.000000 0.000000 0.000000 0.000000 0.000000 0.000000 0.000000 0.000000 0.000000 0.000000 0.000000 0.000000 0.000000 0.000000 0.000000 0.000000 0.000000 0.000000 0.000000 0.000000 0.000000 
50.000000 36.548857 24.622109 15.228148 8.633108 4.487472 2.142058 0.941253 0.381853 0.143476 0.050092 0.016303 0.004962 0.001416 0.000380 0.000096 0.000023 0.000005 0.000001 0.000000 0.000000 0.000000 0.000000 0.000000 0.000000 0.000000 0.000000 0.000000 0.000000 0.000000 0.000000 0.000000 0.000000 0.000000 0.000000 0.000000 0.000000 0.000000 0.000000 0.000000 0.000000 0.000000 0.000000 0.000000 0.000000 0.000000 0.000000 0.000000 0.000000 0.000000 
50.000000 36.548857 24.622109 15.228148 8.633108 4.487472 2.142058 0.941253 0.381853 0.143476 0.050092 0.016303 0.004962 0.001416 0.000380 0.000096 0.000023 0.000005 0.000001 0.000000 0.000000 0.000000 0.000000 0.000000 0.000000 0.000000 0.000000 0.000000 0.000000 0.000000 0.000000 0.000000 0.000000 0.000000 0.000000 0.000000 0.000000 0.000000 0.000000 0.000000 0.000000 0.000000 0.000000 0.000000 0.000000 0.000000 0.000000 0.000000 0.000000 0.000000 
50.000000 36.548857 24.622109 15.228148 8.633108 4.487472 2.142058 0.941253 0.381853 0.143476 0.050092 0.016303 0.004962 0.001416 0.000380 0.000096 0.000023 0.000005 0.000001 0.000000 0.000000 0.000000 0.000000 0.000000 0.000000 0.000000 0.000000 0.000000 0.000000 0.000000 0.000000 0.000000 0.000000 0.000000 0.000000 0.000000 0.000000 0.000000 0.000000 0.000000 0.000000 0.000000 0.000000 0.000000 0.000000 0.000000 0.000000 0.000000 0.000000 0.000000 
50.000000 36.548857 24.622109 15.228148 8.633108 4.487472 2.142058 0.941253 0.381853 0.143476 0.050092 0.016303 0.004962 0.001416 0.000380 0.000096 0.000023 0.000005 0.000001 0.000000 0.000000 0.000000 0.000000 0.000000 0.000000 0.000000 0.000000 0.000000 0.000000 0.000000 0.000000 0.000000 0.000000 0.000000 0.000000 0.000000 0.000000 0.000000 0.000000 0.000000 0.000000 0.000000 0.000000 0.000000 0.000000 0.000000 0.000000 0.000000 0.000000 0.000000 
50.000000 36.548857 24.622109 15.228148 8.633108 4.487472 2.142058 0.941253 0.381853 0.143476 0.050092 0.016303 0.004962 0.001416 0.000380 0.000096 0.000023 0.000005 0.000001 0.000000 0.000000 0.000000 0.000000 0.000000 0.000000 0.000000 0.000000 0.000000 0.000000 0.000000 0.000000 0.000000 0.000000 0.000000 0.000000 0.000000 0.000000 0.000000 0.000000 0.000000 0.000000 0.000000 0.000000 0.000000 0.000000 0.000000 0.000000 0.000000 0.000000 0.000000 
50.000000 36.548857 24.622109 15.228148 8.633108 4.487472 2.142058 0.941253 0.381853 0.143476 0.050092 0.016303 0.004962 0.001416 0.000380 0.000096 0.000023 0.000005 0.000001 0.000000 0.000000 0.000000 0.000000 0.000000 0.000000 0.000000 0.000000 0.000000 0.000000 0.000000 0.000000 0.000000 0.000000 0.000000 0.000000 0.000000 0.000000 0.000000 0.000000 0.000000 0.000000 0.000000 0.000000 0.000000 0.000000 0.000000 0.000000 0.000000 0.000000 0.000000 
50.000000 36.548857 24.622109 15.228148 8.633108 4.487472 2.142058 0.941253 0.381853 0.143476 0.050092 0.016303 0.004962 0.001416 0.000380 0.000096 0.000023 0.000005 0.000001 0.000000 0.000000 0.000000 0.000000 0.000000 0.000000 0.000000 0.000000 0.000000 0.000000 0.000000 0.000000 0.000000 0.000000 0.000000 0.000000 0.000000 0.000000 0.000000 0.000000 0.000000 0.000000 0.000000 0.000000 0.000000 0.000000 0.000000 0.000000 0.000000 0.000000 0.000000 
50.000000 36.548857 24.622109 15.228148 8.633108 4.487472 2.142058 0.941253 0.381853 0.143476 0.050092 0.016303 0.004962 0.001416 0.000380 0.000096 0.000023 0.000005 0.000001 0.000000 0.000000 0.000000 0.000000 0.000000 0.000000 0.000000 0.000000 0.000000 0.000000 0.000000 0.000000 0.000000 0.000000 0.000000 0.000000 0.000000 0.000000 0.000000 0.000000 0.000000 0.000000 0.000000 0.000000 0.000000 0.000000 0.000000 0.000000 0.000000 0.000000 0.000000 
50.000000 36.548857 24.622109 15.228148 8.633108 4.487472 2.142058 0.941253 0.381853 0.143476 0.050092 0.016303 0.004962 0.001416 0.000380 0.000096 0.000023 0.000005 0.000001 0.000000 0.000000 0.000000 0.000000 0.000000 0.000000 0.000000 0.000000 0.000000 0.000000 0.000000 0.000000 0.000000 0.000000 0.000000 0.000000 0.000000 0.000000 0.000000 0.000000 0.000000 0.000000 0.000000 0.000000 0.000000 0.000000 0.000000 0.000000 0.000000 0.000000 0.000000 
50.000000 36.548857 24.622109 15.228148 8.633108 4.487472 2.142058 0.941253 0.381853 0.143476 0.050092 0.016303 0.004962 0.001416 0.000380 0.000096 0.000023 0.000005 0.000001 0.000000 0.000000 0.000000 0.000000 0.000000 0.000000 0.000000 0.000000 0.000000 0.000000 0.000000 0.000000 0.000000 0.000000 0.000000 0.000000 0.000000 0.000000 0.000000 0.000000 0.000000 0.000000 0.000000 0.000000 0.000000 0.000000 0.000000 0.000000 0.000000 0.000000 0.000000 
50.000000 36.548858 24.622109 15.228148 8.633108 4.487472 2.142058 0.941253 0.381853 0.143477 0.050093 0.016303 0.004962 0.001417 0.000380 0.000096 0.000023 0.000005 0.000001 0.000000 0.000000 0.000000 0.000000 0.000000 0.000000 0.000000 0.000000 0.000000 0.000000 0.000000 0.000000 0.000000 0.000000 0.000000 0.000000 0.000000 0.000000 0.000000 0.000000 0.000000 0.000000 0.000000 0.000000 0.000000 0.000000 0.000000 0.000000 0.000000 0.000000 0.000000 
50.000000 36.548858 24.622109 15.228149 8.633109 4.487473 2.142059 0.941254 0.381854 0.143477 0.050094 0.016304 0.004963 0.001417 0.000381 0.000097 0.000024 0.000006 0.000002 0.000001 0.000001 0.000001 0.000001 0.000001 0.000001 0.000001 0.000001 0.000001 0.000001 0.000001 0.000001 0.000001 0.000001 0.000001 0.000001 0.000001 0.000001 0.000001 0.000001 0.000001 0.000001 0.000001 0.000001 0.000001 0.000001 0.000001 0.000001 0.000001 0.000000 0.000000 
50.000000 36.548859 24.622112 15.228152 8.633113 4.487476 2.142063 0.941258 0.381858 0.143482 0.050098 0.016308 0.004967 0.001422 0.000385 0.000101 0.000028 0.000010 0.000006 0.000005 0.000005 0.000005 0.000005 0.000005 0.000005 0.000005 0.000005 0.000005 0.000005 0.000005 0.000005 0.000005 0.000005 0.000005 0.000005 0.000005 0.000005 0.000005 0.000005 0.000005 0.000005 0.000005 0.000005 0.000005 0.000005 0.000004 0.000004 0.000003 0.000001 0.000000 
50.000000 36.548864 24.622121 15.228164 8.633127 4.487493 2.142080 0.941275 0.381876 0.143499 0.050115 0.016326 0.004985 0.001439 0.000403 0.000119 0.000046 0.000028 0.000024 0.000023 0.000023 0.000023 0.000023 0.000023 0.000023 0.000023 0.000023 0.000023 0.000023 0.000023 0.000023 0.000023 0.000023 0.000023 0.000023 0.000023 0.000023 0.000023 0.000023 0.000023 0.000023 0.000023 0.000023 0.000022 0.000021 0.000020 0.000017 0.000012 0.000007 0.000000 
50.000000 36.548884 24.622158 15.228216 8.633188 4.487560 2.142150 0.941347 0.381949 0.143572 0.050189 0.016399 0.005058 0.001513 0.000476 0.000193 0.000119 0.000101 0.000097 0.000096 0.000096 0.000096 0.000096 0.000096 0.000096 0.000096 0.000096 0.000096 0.000096 0.000096 0.000096 0.000096 0.000096 0.000096 0.000096 0.000096 0.000096 0.000096 0.000096 0.000096 0.000096 0.000096 0.000095 0.000093 0.000089 0.000082 0.000070 0.000052 0.000028 0.000000 
50.000000 36.548961 24.622303 15.228414 8.633424 4.487819 2.142423 0.941626 0.382231 0.143856 0.050472 0.016683 0.005342 0.001796 0.000760 0.000476 0.000403 0.000385 0.000381 0.000380 0.000380 0.000380 0.000380 0.000380 0.000380 0.000380 0.000380 0.000380 0.000380 0.000380 0.000380 0.000380 0.000380 0.000380 0.000380 0.000380 0.000380 0.000380 0.000380 0.000380 0.000380 0.000378 0.000375 0.000368 0.000353 0.000325 0.000276 0.000204 0.000109 0.000000 
50.000000 36.549242 24.622833 15.229139 8.634285 4.488765 2.143416 0.942644 0.383259 0.144889 0.051507 0.017719 0.006378 0.002833 0.001796 0.001513 0.001439 0.001422 0.001417 0.001417 0.001416 0.001416 0.001416 0.001416 0.001416 0.001416 0.001416 0.001416 0.001416 0.001416 0.001416 0.001416 0.001416 0.001416 0.001416 0.001416 0.001416 0.001416 0.001416 0.001416 0.001414 0.001409 0.001398 0.001372 0.001317 0.001212 0.001033 0.000764 0.000409 0.000000 
50.000000 36.550202 24.624644 15.231617 8.637229 4.492000 2.146814 0.946125 0.386779 0.148425 0.055050 0.021263 0.009923 0.006378 0.005342 0.005058 0.004985 0.004967 0.004963 0.004962 0.004962 0.004962 0.004962 0.004962 0.004962 0.004962 0.004962 0.004962 0.004962 0.004962 0.004962 0.004962 0.004962 0.004962 0.004962 0.004962 0.004962 0.004961 0.004961 0.004959 0.004954 0.004939 0.004900 0.004810 0.004620 0.004255 0.003633 0.002692 0.001443 0.000000 
50.000000 36.553273 24.630432 15.239539 8.646643 4.502346 2.157684 0.957261 0.398038 0.159735 0.066380 0.032601 0.021263 0.017719 0.016683 0.016399 0.016326 0.016308 0.016304 0.016303 0.016303 0.016303 0.016303 0.016303 0.016303 0.016303 0.016303 0.016303 0.016303 0.016303 0.016303 0.016303 0.016303 0.016303 0.016303 0.016303 0.016303 0.016302 0.016301 0.016295 0.016278 0.016230 0.016108 0.015820 0.015207 0.014026 0.011996 0.008905 0.004780 0.000000 
50.000000 36.562411 24.647662 15.263126 8.674675 4.533159 2.190062 0.990434 0.431579 0.193432 0.100138 0.066380 0.055050 0.051507 0.050472 0.050189 0.050115 0.050098 0.050094 0.050093 0.050092 0.050092 0.050092 0.050092 0.050092 0.050092 0.050092 0.050092 0.050092 0.050092 0.050092 0.050092 0.050092 0.050092 0.050092 0.050092 0.050092 0.050090 0.050085 0.050069 0.050019 0.049879 0.049518 0.048664 0.046828 0.043266 0.037086 0.027594 0.014839 0.000000 
50.000000 36.587644 24.695244 15.328272 8.752113 4.618292 2.279528 1.082106 0.524273 0.286559 0.193432 0.159735 0.148425 0.144889 0.143856 0.143572 0.143499 0.143482 0.143477 0.143477 0.143476 0.143476 0.143476 0.143476 0.143476 0.143476 0.143476 0.143476 0.143476 0.143476 0.143476 0.143476 0.143476 0.143476 0.143476 0.143476 0.143475 0.143471 0.143458 0.143413 0.143279 0.142901 0.141919 0.139578 0.134496 0.124530 0.107045 0.079898 0.043078 0.000000 
50.000000 36.652002 24.816615 15.494468 8.949698 4.835544 2.507863 1.316091 0.760876 0.524273 0.431579 0.398038 0.386779 0.383259 0.382231 0.381949 0.381876 0.381858 0.381854 0.381853 0.381853 0.381853 0.381853 0.381853 0.381853 0.381853 0.381853 0.381853 0.381853 0.381853 0.381853 0.381853 0.381853 0.381853 0.381853 0.381852 0.381850 0.381840 0.381808 0.381700 0.381371 0.380438 0.377992 0.372102 0.359165 0.333462 0.287715 0.215665 0.116700 0.000000 
50.000000 36.802911 25.101236 15.884261 9.413180 5.345228 3.043608 1.865134 1.316091 1.082106 0.990434 0.957261 0.946125 0.942644 0.941626 0.941347 0.941275 0.941258 0.941254 0.941253 0.941253 0.941253 0.941253 0.941253 0.941253 0.941253 0.941253 0.941253 0.941253 0.941253 0.941253 0.941253 0.941253 0.941253 0.941252 0.941251 0.941245 0.941225 0.941153 0.940917 0.940187 0.938099 0.932567 0.919082 0.889035 0.828333 0.718284 0.541596 0.294608 0.000000 
50.000000 37.126611 25.711803 16.720548 10.407703 6.439034 4.193460 3.043608 2.507863 2.279528 2.190062 2.157684 2.146814 2.143416 2.142423 2.142150 2.142080 2.142063 2.142059 2.142058 2.142058 2.142058 2.142058 2.142058 2.142058 2.142058 2.142058 2.142058 2.142058 2.142058 2.142058 2.142058 2.142058 2.142058 2.142057 2.142054 2.142044 2.142004 2.141864 2.141398 2.139950 2.135761 2.124527 2.096730 2.033681 1.903595 1.661986 1.263773 0.692928 0.000000 
50.000000 37.758436 26.903656 18.353205 12.349525 8.574957 6.439034 5.345228 4.835544 4.618292 4.533159 4.502346 4.492000 4.488765 4.487819 4.487560 4.487493 4.487476 4.487473 4.487472 4.487472 4.487472 4.487472 4.487472 4.487472 4.487472 4.487472 4.487472 4.487472 4.487472 4.487472 4.487472 4.487472 4.487471 4.487470 4.487466 4.487448 4.487380 4.487139 4.486331 4.483796 4.476379 4.456193 4.405354 4.287478 4.037679 3.558661 2.739869 1.521455 0.000000 
50.000000 38.874554 29.009214 21.237789 15.780728 12.349525 10.407703 9.413180 8.949698 8.752113 8.674675 8.646643 8.637229 8.634285 8.633424 8.633188 8.633127 8.633113 8.633109 8.633108 8.633108 8.633108 8.633108 8.633108 8.633108 8.633108 8.633108 8.633108 8.633108 8.633108 8.633108 8.633108 8.633108 8.633108 8.633106 8.633100 8.633074 8.632974 8.632617 8.631409 8.627583 8.616236 8.584846 8.504108 8.311845 7.890364 7.047039 5.529289 3.137317 0.000000 
50.000000 40.649227 32.357337 25.825064 21.237789 18.353205 16.720548 15.884261 15.494468 15.328272 15.263126 15.239539 15.231617 15.229139 15.228414 15.228216 15.228164 15.228152 15.228149 15.228148 15.228148 15.228148 15.228148 15.228148 15.228148 15.228148 15.228148 15.228148 15.228148 15.228148 15.228148 15.228148 15.228148 15.228148 15.228146 15.228138 15.228106 15.227984 15.227543 15.226041 15.221228 15.206754 15.165977 15.058562 14.794543 14.190750 12.912532 10.435498 6.157080 0.000000 
50.000000 43.176071 37.124741 32.357337 29.009214 26.903656 25.711803 25.101236 24.816615 24.695244 24.647662 24.630432 24.624644 24.622833 24.622303 24.622158 24.622121 24.622112 24.622109 24.622109 24.622109 24.622109 24.622109 24.622109 24.622109 24.622109 24.622109 24.622109 24.622109 24.622109 24.622109 24.622109 24.622109 24.622108 24.622107 24.622099 24.622069 24.621952 24.621527 24.620068 24.615346 24.600950 24.559640 24.448030 24.163788 23.479925 21.921839 18.562370 11.807676 0.000000 
50.000000 46.383324 43.176071 40.649227 38.874554 37.758436 37.126611 36.802911 36.652002 36.587644 36.562411 36.553273 36.550202 36.549242 36.548961 36.548884 36.548864 36.548859 36.548858 36.548858 36.548857 36.548857 36.548857 36.548857 36.548857 36.548857 36.548857 36.548857 36.548857 36.548857 36.548857 36.548857 36.548857 36.548857 36.548856 36.548851 36.548832 36.548759 36.548493 36.547572 36.544566 36.535302 36.508303 36.433683 36.236981 35.737237 34.492147 31.368395 23.191662 0.000000 
50.000000 50.000000 50.000000 50.000000 50.000000 50.000000 50.000000 50.000000 50.000000 50.000000 50.000000 50.000000 50.000000 50.000000 50.000000 50.000000 50.000000 50.000000 50.000000 50.000000 50.000000 50.000000 50.000000 50.000000 50.000000 50.000000 50.000000 50.000000 50.000000 50.000000 50.000000 50.000000 50.000000 50.000000 50.000000 50.000000 50.000000 50.000000 50.000000 50.000000 50.000000 50.000000 50.000000 50.000000 50.000000 50.000000 50.000000 50.000000 50.000000 50.000000 
