50.000000 50.000000 50.000000 50.000000 50.000000 50.000000 50.000000 50.000000 50.000000 50.000000 50.000000 50.000000 50.000000 50.000000 50.000000 50.000000 50.000000 50.000000 50.000000 50.000000 50.000000 50.000000 50.000000 50.000000 50.000000 50.000000 50.000000 50.000000 50.000000 50.000000 50.000000 50.000000 50.000000 50.000000 50.000000 50.000000 50.000000 50.000000 50.000000 50.000000 50.000000 50.000000 50.000000 50.000000 50.000000 50.000000 50.000000 50.000000 50.000000 50.000000 
50.000000 41.166955 34.739870 31.217206 29.702946 29.174257 29.020054 28.981634 28.973310 28.971719 28.971448 28.971406 28.971400 28.971400 28.971400 28.971400 28.971400 28.971400 28.971400 28.971400 28.971400 28.971400 28.971400 28.971400 28.971400 28.971400 28.971400 28.971400 28.971400 28.971400 28.971400 28.971400 28.971400 28.971400 28.971400 28.971400 28.971400 28.971399 28.971399 28.971397 28.971378 28.971248 28.970440 28.965857 28.942353 28.833622 28.379647 26.655801 20.583477 0.000000 
50.000000 34.739870 23.639319 17.557935 14.945300 14.033729 13.768043 13.701896 13.687577 13.684842 13.684376 13.684305 13.684295 13.684293 13.684293 13.684293 13.684293 13.684293 13.684293 13.684293 13.684293 13.684293 13.684293 13.684293 13.684293 13.684293 13.684293 13.684293 13.684293 13.684293 13.684293 13.684293 13.684293 13.684293 13.684293 13.684293 13.684293 13.684293 13.684293 13.684290 13.684270 13.684132 13.683283 13.678570 13.655148 13.551899 13.152686 11.819659 8.084069 0.000000 
50.000000 31.217206 17.557935 10.078251 6.866781 5.747021 5.420891 5.339758 5.322208 5.318860 5.318289 5.318202 5.318190 5.318188 5.318188 5.318188 5.318188 5.318188 5.318188 5.318188 5.318188 5.318188 5.318188 5.318188 5.318188 5.318188 5.318188 5.318188 5.318188 5.318188 5.318188 5.318188 5.318188 5.318188 5.318188 5.318188 5.318188 5.318188 5.318188 5.318186 5.318174 5.318091 5.317589 5.314850 5.301589 5.245267 5.039126 4.405249 2.837559 0.000000 
50.000000 29.702946 14.945300 6.866781 3.399614 2.191259 1.839501 1.752039 1.733130 1.729524 1.728910 1.728816 1.728803 1.728801 1.728801 1.728801 1.728801 1.728801 1.728801 1.728801 1.728801 1.728801 1.728801 1.728801 1.728801 1.728801 1.728801 1.728801 1.728801 1.728801 1.728801 1.728801 1.728801 1.728801 1.728801 1.728801 1.728801 1.728801 1.728801 1.728800 1.728795 1.728760 1.728549 1.727416 1.722037 1.699807 1.621514 1.393401 0.869323 0.000000 
50.000000 29.174257 14.033729 5.747021 2.191259 0.952324 0.591757 0.502129 0.482757 0.479064 0.478435 0.478339 0.478325 0.478324 0.478324 0.478323 0.478323 0.478323 0.478323 0.478323 0.478323 0.478323 0.478323 0.478323 0.478323 0.478323 0.478323 0.478323 0.478323 0.478323 0.478323 0.478323 0.478323 0.478323 0.478323 0.478323 0.478323 0.478323 0.478323 0.478323 0.478321 0.478310 0.478241 0.477875 0.476162 0.469222 0.445432 0.378582 0.231904 0.000000 
50.000000 29.020054 13.768043 5.420891 1.839501 0.591757 0.228665 0.138418 0.118914 0.115197 0.114564 0.114467 0.114454 0.114452 0.114452 0.114452 0.114452 0.114452 0.114452 0.114452 0.114452 0.114452 0.114452 0.114452 0.114452 0.114452 0.114452 0.114452 0.114452 0.114452 0.114452 0.114452 0.114452 0.114452 0.114452 0.114452 0.114452 0.114452 0.114452 0.114452 0.114451 0.114448 0.114430 0.114333 0.113882 0.112085 0.106041 0.089473 0.054197 0.000000 
50.000000 28.981634 13.701896 5.339758 1.752039 0.502129 0.138418 0.048020 0.028485 0.024761 0.024128 0.024030 0.024017 0.024015 0.024015 0.024015 0.024015 0.024015 0.024015 0.024015 0.024015 0.024015 0.024015 0.024015 0.024015 0.024015 0.024015 0.024015 0.024015 0.024015 0.024015 0.024015 0.024015 0.024015 0.024015 0.024015 0.024015 0.024015 0.024015 0.024015 0.024015 0.024014 0.024010 0.023988 0.023887 0.023489 0.022170 0.018614 0.011194 0.000000 
50.000000 28.973310 13.687577 5.322208 1.733130 0.482757 0.118914 0.028485 0.008943 0.005218 0.004584 0.004487 0.004474 0.004472 0.004472 0.004472 0.004472 0.004472 0.004472 0.004472 0.004472 0.004472 0.004472 0.004472 0.004472 0.004472 0.004472 0.004472 0.004472 0.004472 0.004472 0.004472 0.004472 0.004472 0.004472 0.004472 0.004472 0.004472 0.004472 0.004472 0.004472 0.004471 0.004471 0.004466 0.004447 0.004370 0.004117 0.003445 0.002062 0.000000 
50.000000 28.971719 13.684842 5.318860 1.729524 0.479064 0.115197 0.024761 0.005218 0.001493 0.000859 0.000762 0.000748 0.000747 0.000746 0.000746 0.000746 0.000746 0.000746 0.000746 0.000746 0.000746 0.000746 0.000746 0.000746 0.000746 0.000746 0.000746 0.000746 0.000746 0.000746 0.000746 0.000746 0.000746 0.000746 0.000746 0.000746 0.000746 0.000746 0.000746 0.000746 0.000746 0.000746 0.000745 0.000742 0.000729 0.000686 0.000573 0.000342 0.000000 
50.000000 28.971448 13.684376 5.318289 1.728910 0.478435 0.114564 0.024128 0.004584 0.000859 0.000225 0.000128 0.000115 0.000113 0.000113 0.000113 0.000113 0.000113 0.000113 0.000113 0.000113 0.000113 0.000113 0.000113 0.000113 0.000113 0.000113 0.000113 0.000113 0.000113 0.000113 0.000113 0.000113 0.000113 0.000113 0.000113 0.000113 0.000113 0.000113 0.000113 0.000113 0.000113 0.000113 0.000113 0.000112 0.000110 0.000103 0.000086 0.000051 0.000000 
50.000000 28.971406 13.684305 5.318202 1.728816 0.478339 0.114467 0.024030 0.004487 0.000762 0.000128 0.000031 0.000017 0.000016 0.000016 0.000015 0.000015 0.000015 0.000015 0.000015 0.000015 0.000015 0.000015 0.000015 0.000015 0.000015 0.000015 0.000015 0.000015 0.000015 0.000015 0.000015 0.000015 0.000015 0.000015 0.000015 0.000015 0.000015 0.000015 0.000015 0.000015 0.000015 0.000015 0.000015 0.000015 0.000015 0.000014 0.000012 0.000007 0.000000 
50.000000 28.971400 13.684295 5.318190 1.728803 0.478325 0.114454 0.024017 0.004474 0.000748 0.000115 0.000017 0.000004 0.000002 0.000002 0.000002 0.000002 0.000002 0.000002 0.000002 0.000002 0.000002 0.000002 0.000002 0.000002 0.000002 0.000002 0.000002 0.000002 0.000002 0.000002 0.000002 0.000002 0.000002 0.000002 0.000002 0.000002 0.000002 0.000002 0.000002 0.000002 0.000002 0.000002 0.000002 0.000002 0.000002 0.000002 0.000001 0.000001 0.000000 
50.000000 28.971400 13.684293 5.318188 1.728801 0.478324 0.114452 0.024015 0.004472 0.000747 0.000113 0.000016 0.000002 0.000000 0.000000 0.000000 0.000000 0.000000 0.000000 0.000000 0.000000 0.000000 0.000000 0.000000 0.000000 0.000000 0.000000 0.000000 0.000000 0.000000 0.000000 0.000000 0.000000 0.000000 0.000000 0.000000 0.000000 0.000000 0.000000 0.000000 0.000000 0.000000 0.000000 0.000000 0.000000 0.000000 0.000000 0.000000 0.000000 0.000000 
50.000000 28.971400 13.684293 5.318188 1.728801 0.478324 0.114452 0.024015 0.004472 0.000746 0.000113 0.000016 0.000002 0.000000 0.000000 0.000000 0.000000 0.000000 0.000000 0.000000 0.000000 0.000000 0.000000 0.000000 0.000000 0.000000 0.000000 0.000000 0.000000 0.000000 0.000000 0.000000 0.000000 0.000000 0.000000 0.000000 0.000000 0.000000 0.000000 0.000000 0.000000 0.000000 0.000000 0.000000 0.000000 0.000000 0.000000 0.000000 0.000000 0.000000 
50.000000 28.971400 13.684293 5.318188 1.728801 0.478323 0.114452 0.024015 0.004472 0.000746 0.000113 0.000015 0.000002 0.000000 0.000000 0.000000 0.000000 0.000000 0.000000 0.000000 0.000000 0.000000 0.000000 0.000000 0.000000 0.000000 0.000000 0.000000 0.000000 0.000000 0.000000 0.000000 0.000000 0.000000 0.000000 0.000000 0.000000 0.000000 0.000000 0.000000 0.000000 0.000000 0.000000 0.000000 0.000000 0.000000 0.000000 0.000000 0.000000 0.000000 
50.000000 28.971400 13.684293 5.318188 1.728801 0.478323 0.114452 0.024015 0.004472 0.000746 0.000113 0.000015 0.000002 0.000000 0.000000 0.000000 0.000000 0.000000 0.000000 0.000000 0.000000 0.000000 0.000000 0.000000 0.000000 0.000000 0.000000 0.000000 0.000000 0.000000 0.000000 0.000000 0.000000 0.000000 0.000000 0.000000 0.000000 0.000000 0.000000 0.000000 0.000000 0.000000 0.000000 0.000000 0.000000 0.000000 0.000000 0.000000 0.000000 0.000000 
50.000000 28.971400 13.684293 5.318188 1.728801 0.478323 0.114452 0.024015 0.004472 0.000746 0.000113 0.000015 0.000002 0.000000 0.000000 0.000000 0.000000 0.000000 0.000000 0.000000 0.000000 0.000000 0.000000 0.000000 0.000000 0.000000 0.000000 0.000000 0.000000 0.000000 0.000000 0.000000 0.000000 0.000000 0.000000 0.000000 0.000000 0.000000 0.000000 0.000000 0.000000 0.000000 0.000000 0.000000 0.000000 0.000000 0.000000 0.000000 0.000000 0.000000 
50.000000 28.971400 13.684293 5.318188 1.728801 0.478323 0.114452 0.024015 0.004472 0.000746 0.000113 0.000015 0.000002 0.000000 0.000000 0.000000 0.000000 0.000000 0.000000 0.000000 0.000000 0.000000 0.000000 0.000000 0.000000 0.000000 0.000000 0.000000 0.000000 0.000000 0.000000 0.000000 0.000000 0.000000 0.000000 0.000000 0.000000 0.000000 0.000000 0.000000 0.000000 0.000000 0.000000 0.000000 0.000000 0.000000 0.000000 0.000000 0.000000 0.000000 
50.000000 28.971400 13.684293 5.318188 1.728801 0.478323 0.114452 0.024015 0.004472 0.000746 0.000113 0.000015 0.000002 0.000000 0.000000 0.000000 0.000000 0.000000 0.000000 0.000000 0.000000 0.000000 0.000000 0.000000 0.000000 0.000000 0.000000 0.000000 0.000000 0.000000 0.000000 0.000000 0.000000 0.000000 0.000000 0.000000 0.000000 0.000000 0.000000 0.000000 0.000000 0.000000 0.000000 0.000000 0.000000 0.000000 0.000000 0.000000 0.000000 0.000000 
50.000000 28.971400 13.684293 5.318188 1.728801 0.478323 0.114452 0.024015 0.004472 0.000746 0.000113 0.000015 0.000002 0.000000 0.000000 0.000000 0.000000 0.000000 0.000000 0.000000 0.000000 0.000000 0.000000 0.000000 0.000000 0.000000 0.000000 0.000000 0.000000 0.000000 0.000000 0.000000 0.000000 0.000000 0.000000 0.000000 0.000000 0.000000 0.000000 0.000000 0.000000 0.000000 0.000000 0.000000 0.000000 0.000000 0.000000 0.000000 0.000000 0.000000 
50.000000 28.971400 13.684293 5.318188 1.728801 0.478323 0.114452 0.024015 0.004472 0.000746 0.000113 0.000015 0.000002 0.000000 0.000000 0.000000 0.000000 0.000000 0.000000 0.000000 0.000000 0.000000 0.000000 0.000000 0.000000 0.000000 0.000000 0.000000 0.000000 0.000000 0.000000 0.000000 0.000000 0.000000 0.000000 0.000000 0.000000 0.000000 0.000000 0.000000 0.000000 0.000000 0.000000 0.000000 0.000000 0.000000 0.000000 0.000000 0.000000 0.000000 
50.000000 28.971400 13.684293 5.318188 1.728801 0.478323 0.114452 0.024015 0.004472 0.000746 0.000113 0.000015 0.000002 0.000000 0.000000 0.000000 0.000000 0.000000 0.000000 0.000000 0.000000 0.000000 0.000000 0.000000 0.000000 0.000000 0.000000 0.000000 0.000000 0.000000 0.000000 0.000000 0.000000 0.000000 0.000000 0.000000 0.000000 0.000000 0.000000 0.000000 0.000000 0.000000 0.000000 0.000000 0.000000 0.000000 0.000000 0.000000 0.000000 0.000000 
50.000000 28.971400 13.684293 5.318188 1.728801 0.478323 0.114452 0.024015 0.004472 0.000746 0.000113 0.000015 0.000002 0.000000 0.000000 0.000000 0.000000 0.000000 0.000000 0.000000 0.000000 0.000000 0.000000 0.000000 0.000000 0.000000 0.000000 0.000000 0.000000 0.000000 0.000000 0.000000 0.000000 0.000000 0.000000 0.000000 0.000000 0.000000 0.000000 0.000000 0.000000 0.000000 0.000000 0.000000 0.000000 0.000000 0.000000 0.000000 0.000000 0.000000 
50.000000 28.971400 13.684293 5.318188 1.728801 0.478323 0.114452 0.024015 0.004472 0.000746 0.000113 0.000015 0.000002 0.000000 0.000000 0.000000 0.000000 0.000000 0.000000 0.000000 0.000000 0.000000 0.000000 0.000000 0.000000 0.000000 0.000000 0.000000 0.000000 0.000000 0.000000 0.000000 0.000000 0.000000 0.000000 0.000000 0.000000 0.000000 0.000000 0.000000 0.000000 0.000000 0.000000 0.000000 0.000000 0.000000 0.000000 0.000000 0.000000 0.000000 
50.000000 28.971400 13.684293 5.318188 1.728801 0.478323 0.114452 0.024015 0.004472 0.000746 0.000113 0.000015 0.000002 0.000000 0.000000 0.000000 0.000000 0.000000 0.000000 0.000000 0.000000 0.000000 0.000000 0.000000 0.000000 0.000000 0.000000 0.000000 0.000000 0.000000 0.000000 0.000000 0.000000 0.000000 0.000000 0.000000 0.000000 0.000000 0.000000 0.000000 0.000000 0.000000 0.000000 0.000000 0.000000 0.000000 0.000000 0.000000 0.000000 0.000000 
50.000000 28.971400 13.684293 5.318188 1.728801 0.478323 0.114452 0.024015 0.004472 0.000746 0.000113 0.000015 0.000002 0.000000 0.000000 0.000000 0.000000 0.000000 0.000000 0.000000 0.000000 0.000000 0.000000 0.000000 0.000000 0.000000 0.000000 0.000000 0.000000 0.000000 0.000000 0.000000 0.000000 0.000000 0.000000 0.000000 0.000000 0.000000 0.000000 0.000000 0.000000 0.000000 0.000000 0.000000 0.000000 0.000000 0.000000 0.000000 0.000000 0.000000 
50.000000 28.971400 13.684293 5.318188 1.728801 0.478323 0.114452 0.024015 0.004472 0.000746 0.000113 0.000015 0.000002 0.000000 0.000000 0.000000 0.000000 0.000000 0.000000 0.000000 0.000000 0.000000 0.000000 0.000000 0.000000 0.000000 0.000000 0.000000 0.000000 0.000000 0.000000 0.000000 0.000000 0.000000 0.000000 0.000000 0.000000 0.000000 0.000000 0.000000 0.000000 0.000000 0.000000 0.000000 0.000000 0.000000 0.000000 0.000000 0.000000 0.000000 
50.000000 28.971400 13.684293 5.318188 1.728801 0.478323 0.114452 0.024015 0.004472 0.000746 0.000113 0.000015 0.000002 0.000000 0.000000 0.000000 0.000000 0.000000 0.000000 0.000000 0.000000 0.000000 0.000000 0.000000 0.000000 0.000000 0.000000 0.000000 0.000000 0.000000 0.000000 0.000000 0.000000 0.000000 0.000000 0.000000 0.000000 0.000000 0.000000 0.000000 0.000000 0.000000 0.000000 0.000000 0.000000 0.000000 0.000000 0.000000 0.000000 0.000000 
50.000000 28.971400 13.684293 5.318188 1.728801 0.478323 0.114452 0.024015 0.004472 0.000746 0.000113 0.000015 0.000002 0.000000 0.000000 0.000000 0.000000 0.000000 0.000000 0.000000 0.000000 0.000000 0.000000 0.000000 0.000000 0.000000 0.000000 0.000000 0.000000 0.000000 0.000000 0.000000 0.000000 0.000000 0.000000 0.000000 0.000000 0.000000 0.000000 0.000000 0.000000 0.000000 0.000000 0.000000 0.000000 0.000000 0.000000 0.000000 0.000000 0.000000 
50.000000 28.971400 13.684293 5.318188 1.728801 0.478323 0.114452 0.024015 0.004472 0.000746 0.000113 0.000015 0.000002 0.000000 0.000000 0.000000 0.000000 0.000000 0.000000 0.000000 0.000000 0.000000 0.000000 0.000000 0.000000 0.000000 0.000000 0.000000 0.000000 0.000000 0.000000 0.000000 0.000000 0.000000 0.000000 0.000000 0.000000 0.000000 0.000000 0.000000 0.000000 0.000000 0.000000 0.000000 0.000000 0.000000 0.000000 0.000000 0.000000 0.000000 
50.000000 28.971400 13.684293 5.318188 1.728801 0.478323 0.114452 0.024015 0.004472 0.000746 0.000113 0.000015 0.000002 0.000000 0.000000 0.000000 0.000000 0.000000 0.000000 0.000000 0.000000 0.000000 0.000000 0.000000 0.000000 0.000000 0.000000 0.000000 0.000000 0.000000 0.000000 0.000000 0.000000 0.000000 0.000000 0.000000 0.000000 0.000000 0.000000 0.000000 0.000000 0.000000 0.000000 0.000000 0.000000 0.000000 0.000000 0.000000 0.000000 0.000000 
50.000000 28.971400 13.684293 5.318188 1.728801 0.478323 0.114452 0.024015 0.004472 0.000746 0.000113 0.000015 0.000002 0.000000 0.000000 0.000000 0.000000 0.000000 0.000000 0.000000 0.000000 0.000000 0.000000 0.000000 0.000000 0.000000 0.000000 0.000000 0.000000 0.000000 0.000000 0.000000 0.000000 0.000000 0.000000 0.000000 0.000000 0.000000 0.000000 0.000000 0.000000 0.000000 0.000000 0.000000 0.000000 0.000000 0.000000 0.000000 0.000000 0.000000 
50.000000 28.971400 13.684293 5.318188 1.728801 0.478323 0.114452 0.024015 0.004472 0.000746 0.000113 0.000015 0.000002 0.000000 0.000000 0.000000 0.000000 0.000000 0.000000 0.000000 0.000000 0.000000 0.000000 0.000000 0.000000 0.000000 0.000000 0.000000 0.000000 0.000000 0.000000 0.000000 0.000000 0.000000 0.000000 0.000000 0.000000 0.000000 0.000000 0.000000 0.000000 0.000000 0.000000 0.000000 0.000000 0.000000 0.000000 0.000000 0.000000 0.000000 
50.000000 28.971400 13.684293 5.318188 1.728801 0.478323 0.114452 0.024015 0.004472 0.000746 0.000113 0.000015 0.000002 0.000000 0.000000 0.000000 0.000000 0.000000 0.000000 0.000000 0.000000 0.000000 0.000000 0.000000 0.000000 0.000000 0.000000 0.000000 0.000000 0.000000 0.000000 0.000000 0.000000 0.000000 0.000000 0.000000 0.000000 0.000000 0.000000 0.000000 0.000000 0.000000 0.000000 0.000000 0.000000 0.000000 0.000000 0.000000 0.000000 0.000000 
50.000000 28.971400 13.684293 5.318188 1.728801 0.478324 0.114452 0.024015 0.004472 0.000746 0.000113 0.000016 0.000002 0.000000 0.000000 0.000000 0.000000 0.000000 0.000000 0.000000 0.000000 0.000000 0.000000 0.000000 0.000000 0.000000 0.000000 0.000000 0.000000 0.000000 0.000000 0.000000 0.000000 0.000000 0.000000 0.000000 0.000000 0.000000 0.000000 0.000000 0.000000 0.000000 0.000000 0.000000 0.000000 0.000000 0.000000 0.000000 0.000000 0.000000 
50.000000 28.971400 13.684293 5.318188 1.728801 0.478324 0.114452 0.024015 0.004472 0.000747 0.000113 0.000016 0.000002 0.000000 0.000000 0.000000 0.000000 0.000000 0.000000 0.000000 0.000000 0.000000 0.000000 0.000000 0.000000 0.000000 0.000000 0.000000 0.000000 0.000000 0.000000 0.000000 0.000000 0.000000 0.000000 0.000000 0.000000 0.000000 0.000000 0.000000 0.000000 0.000000 0.000000 0.000000 0.000000 0.000000 0.000000 0.000000 0.000000 0.000000 
50.000000 28.971400 13.684295 5.318190 1.728803 0.478325 0.114454 0.024017 0.004474 0.000748 0.000115 0.000017 0.000004 0.000002 0.000002 0.000002 0.000002 0.000002 0.000002 0.000002 0.000002 0.000002 0.000002 0.000002 0.000002 0.000002 0.000002 0.000002 0.000002 0.000002 0.000002 0.000002 0.000002 0.000002 0.000002 0.000002 0.000002 0.000002 0.000002 0.000002 0.000002 0.000002 0.000002 0.000002 0.000002 0.000002 0.000002 0.000001 0.000001 0.000000 
50.000000 28.971406 13.684305 5.318202 1.728816 0.478339 0.114467 0.024030 0.004487 0.000762 0.000128 0.000031 0.000017 0.000016 0.000016 0.000015 0.000015 0.000015 0.000015 0.000015 0.000015 0.000015 0.000015 0.000015 0.000015 0.000015 0.000015 0.000015 0.000015 0.000015 0.000015 0.000015 0.000015 0.000015 0.000015 0.000015 0.000015 0.000015 0.000015 0.000015 0.000015 0.000015 0.000015 0.000015 0.000015 0.000015 0.000014 0.000012 0.000007 0.000000 
50.000000 28.971448 13.684376 5.318289 1.728910 0.478435 0.114564 0.024128 0.004584 0.000859 0.000225 0.000128 0.000115 0.000113 0.000113 0.000113 0.000113 0.000113 0.000113 0.000113 0.000113 0.000113 0.000113 0.000113 0.000113 0.000113 0.000113 0.000113 0.000113 0.000113 0.000113 0.000113 0.000113 0.000113 0.000113 0.000113 0.000113 0.000113 0.000113 0.000113 0.000113 0.000113 0.000113 0.000113 0.000112 0.000110 0.000103 0.000086 0.000051 0.000000 
50.000000 28.971719 13.684842 5.318860 1.729524 0.479064 0.115197 0.024761 0.005218 0.001493 0.000859 0.000762 0.000748 0.000747 0.000746 0.000746 0.000746 0.000746 0.000746 0.000746 0.000746 0.000746 0.000746 0.000746 0.000746 0.000746 0.000746 0.000746 0.000746 0.000746 0.000746 0.000746 0.000746 0.000746 0.000746 0.000746 0.000746 0.000746 0.000746 0.000746 0.000746 0.000746 0.000746 0.000745 0.000742 0.000729 0.000686 0.000573 0.000342 0.000000 
50.000000 28.973310 13.687577 5.322208 1.733130 0.482757 0.118914 0.028485 0.008943 0.005218 0.004584 0.004487 0.004474 0.004472 0.004472 0.004472 0.004472 0.004472 0.004472 0.004472 0.004472 0.004472 0.004472 0.004472 0.004472 0.004472 0.004472 0.004472 0.004472 0.004472 0.004472 0.004472 0.004472 0.004472 0.004472 0.004472 0.004472 0.004472 0.004472 0.004472 0.004472 0.004471 0.004471 0.004466 0.004447 0.004370 0.004117 0.003445 0.002062 0.000000 
50.000000 28.981634 13.701896 5.339758 1.752039 0.502129 0.138418 0.048020 0.028485 0.024761 0.024128 0.024030 0.024017 0.024015 0.024015 0.024015 0.024015 0.024015 0.024015 0.024015 0.024015 0.024015 0.024015 0.024015 0.024015 0.024015 0.024015 0.024015 0.024015 0.024015 0.024015 0.024015 0.024015 0.024015 0.024015 0.024015 0.024015 0.024015 0.024015 0.024015 0.024015 0.024014 0.024010 0.023988 0.023887 0.023489 0.022170 0.018614 0.011194 0.000000 
50.000000 29.020054 13.768043 5.420891 1.839501 0.591757 0.228665 0.138418 0.118914 0.115197 0.114564 0.114467 0.114454 0.114452 0.114452 0.114452 0.114452 0.114452 0.114452 0.114452 0.114452 0.114452 0.114452 0.114452 0.114452 0.114452 0.114452 0.114452 0.114452 0.114452 0.114452 0.114452 0.114452 0.114452 0.114452 0.114452 0.114452 0.114452 0.114452 0.114452 0.114451 0.114448 0.114430 0.114333 0.113882 0.112085 0.106041 0.089473 0.054197 0.000000 
50.000000 29.174257 14.033729 5.747021 2.191259 0.952324 0.591757 0.502129 0.482757 0.479064 0.478435 0.478339 0.478325 0.478324 0.478324 0.478323 0.478323 0.478323 0.478323 0.478323 0.478323 0.478323 0.478323 0.478323 0.478323 0.478323 0.478323 0.478323 0.478323 0.478323 0.478323 0.478323 0.478323 0.478323 0.478323 0.478323 0.478323 0.478323 0.478323 0.478323 0.478321 0.478310 0.478241 0.477875 0.476162 0.469222 0.445432 0.378582 0.231904 0.000000 
50.000000 29.702946 14.945300 6.866781 3.399614 2.191259 1.839501 1.752039 1.733130 1.729524 1.728910 1.728816 1.728803 1.728801 1.728801 1.728801 1.728801 1.728801 1.728801 1.728801 1.728801 1.728801 1.728801 1.728801 1.728801 1.728801 1.728801 1.728801 1.728801 1.728801 1.728801 1.728801 1.728801 1.728801 1.728801 1.728801 1.728801 1.728801 1.728801 1.728800 1.728795 1.728760 1.728549 1.727416 1.722037 1.699807 1.621514 1.393401 0.869323 0.000000 
50.000000 31.217206 17.557935 10.078251 6.866781 5.747021 5.420891 5.339758 5.322208 5.318860 5.318289 5.318202 5.318190 5.318188 5.318188 5.318188 5.318188 5.318188 5.318188 5.318188 5.318188 5.318188 5.318188 5.318188 5.318188 5.318188 5.318188 5.318188 5.318188 5.318188 5.318188 5.318188 5.318188 5.318188 5.318188 5.318188 5.318188 5.318188 5.318188 5.318186 5.318174 5.318091 5.317589 5.314850 5.301589 5.245267 5.039126 4.405249 2.837559 0.000000 
50.000000 34.739870 23.639319 17.557935 14.945300 14.033729 13.768043 13.701896 13.687577 13.684842 13.684376 13.684305 13.684295 13.684293 13.684293 13.684293 13.684293 13.684293 13.684293 13.684293 13.684293 13.684293 13.684293 13.684293 13.684293 13.684293 13.684293 13.684293 13.684293 13.684293 13.684293 13.684293 13.684293 13.684293 13.684293 13.684293 13.684293 13.684293 13.684293 13.684290 13.684270 13.684132 13.683283 13.678570 13.655148 13.551899 13.152686 11.819659 8.084069 0.000000 
50.000000 41.166955 34.739870 31.217206 29.702946 29.174257 29.020054 28.981634 28.973310 28.971719 28.971448 28.971406 28.971400 28.971400 28.971400 28.971400 28.971400 28.971400 28.971400 28.971400 28.971400 28.971400 28.971400 28.971400 28.971400 28.971400 28.971400 28.971400 28.971400 28.971400 28.971400 28.971400 28.971400 28.971400 28.971400 28.971400 28.971400 28.971399 28.971399 28.971397 28.971378 28.971248 28.970440 28.965857 28.942353 28.833622 28.379647 26.655801 20.583477 0.000000 
50.000000 50.000000 50.000000 50.000000 50.000000 50.000000 50.000000 50.000000 50.000000 50.000000 50.000000 50.000000 50.000000 50.000000 50.000000 50.000000 50.000000 50.000000 50.000000 50.000000 50.000000 50.000000 50.000000 50.000000 50.000000 50.000000 50.000000 50.000000 50.000000 50.000000 50.000000 50.000000 50.000000 50.000000 50.000000 50.000000 50.000000 50.000000 50.000000 50.000000 50.000000 50.000000 50.000000 50.000000 50.000000 50.000000 50.000000 50.000000 50.000000 50.000000 
