50.000000 50.000000 50.000000 50.000000 50.000000 50.000000 50.000000 50.000000 50.000000 50.000000 50.000000 50.000000 50.000000 50.000000 50.000000 50.000000 50.000000 50.000000 50.000000 50.000000 50.000000 50.000000 50.000000 50.000000 50.000000 50.000000 50.000000 50.000000 50.000000 50.000000 50.000000 50.000000 50.000000 50.000000 50.000000 50.000000 50.000000 50.000000 50.000000 50.000000 50.000000 50.000000 50.000000 50.000000 50.000000 50.000000 50.000000 50.000000 50.000000 50.000000 
50.000000 48.409614 46.898590 45.534427 44.363844 43.408749 42.667410 42.119667 41.734166 41.475524 41.309961 41.208757 41.149627 41.116574 41.098880 41.089801 41.085330 41.083216 41.082255 41.081835 41.081657 41.081585 41.081557 41.081546 41.081542 41.081541 41.081540 41.081540 41.081538 41.081534 41.081523 41.081494 41.081421 41.081243 41.080823 41.079860 41.077723 41.073121 41.063506 41.043979 41.005353 40.930696 40.789044 40.523391 40.025914 39.081395 37.222361 33.312093 24.204807 0.000000 
50.000000 46.898590 43.951949 41.291707 39.008974 37.146469 35.700812 34.632689 33.880951 33.376596 33.053750 32.856406 32.741105 32.676655 32.642155 32.624451 32.615735 32.611613 32.609738 32.608919 32.608573 32.608433 32.608378 32.608357 32.608349 32.608346 32.608345 32.608344 32.608341 32.608333 32.608313 32.608260 32.608127 32.607803 32.607039 32.605290 32.601418 32.593108 32.575816 32.540886 32.472286 32.341006 32.095443 31.644600 30.827840 29.358593 26.718807 21.975975 13.586497 0.000000 
50.000000 45.534427 41.291707 37.461375 34.174616 31.492938 29.411469 27.873595 26.791264 26.065119 25.600310 25.316193 25.150199 25.057414 25.007747 24.982261 24.969714 24.963780 24.961082 24.959902 24.959405 24.959203 24.959123 24.959093 24.959082 24.959078 24.959077 24.959075 24.959071 24.959061 24.959035 24.958967 24.958795 24.958379 24.957397 24.955161 24.950227 24.939692 24.917902 24.874233 24.789350 24.629128 24.335004 23.808982 22.891001 21.326841 18.730688 14.572900 8.312066 0.000000 
50.000000 44.363844 39.008974 34.174616 30.026348 26.641797 24.014805 22.073906 20.707956 19.791547 19.204962 18.846417 18.636944 18.519859 18.457186 18.425028 18.409195 18.401708 18.398305 18.396816 18.396188 18.395934 18.395834 18.395796 18.395782 18.395777 18.395775 18.395773 18.395769 18.395758 18.395729 18.395656 18.395470 18.395021 18.393968 18.391576 18.386326 18.375181 18.352305 18.306887 18.219656 18.057531 17.765868 17.258003 16.402731 15.013174 12.847774 9.650381 5.282449 0.000000 
50.000000 43.408749 37.146469 31.492938 26.641797 22.683823 19.611801 17.342140 15.744849 14.673256 13.987358 13.568120 13.323194 13.186298 13.113023 13.075426 13.056916 13.048164 13.044185 13.042444 13.041711 13.041413 13.041296 13.041252 13.041236 13.041230 13.041228 13.041226 13.041222 13.041211 13.041184 13.041113 13.040936 13.040508 13.039507 13.037247 13.032312 13.021908 13.000727 12.959097 12.880139 12.735672 12.480857 12.048090 11.341912 10.239067 8.601937 6.318629 3.382835 0.000000 
50.000000 42.667410 35.700812 29.411469 24.014805 19.611801 16.194415 13.669639 11.892846 10.700857 9.937914 9.471598 9.199178 9.046918 8.965423 8.923609 8.903024 8.893291 8.888866 8.886931 8.886115 8.885784 8.885654 8.885605 8.885587 8.885581 8.885578 8.885576 8.885573 8.885564 8.885540 8.885478 8.885324 8.884954 8.884092 8.882154 8.877949 8.869146 8.851373 8.816797 8.752021 8.635267 8.433064 8.097207 7.563710 6.756802 5.602487 4.056212 2.144018 0.000000 
50.000000 42.119667 34.632689 27.873595 22.073906 17.342140 13.669639 10.956432 9.047068 7.766170 6.946342 6.445270 6.152554 5.988956 5.901394 5.856470 5.834355 5.823898 5.819145 5.817066 5.816190 5.815834 5.815694 5.815642 5.815622 5.815615 5.815613 5.815611 5.815608 5.815601 5.815581 5.815532 5.815409 5.815114 5.814430 5.812901 5.809603 5.802746 5.789017 5.762569 5.713594 5.626536 5.478216 5.236576 4.861283 4.308038 3.538591 2.537247 1.330623 0.000000 
50.000000 41.734166 33.880951 26.791264 20.707956 15.744849 11.892846 9.047068 7.044446 5.701014 4.841180 4.315670 4.008685 3.837117 3.745292 3.698183 3.674992 3.664027 3.659043 3.656863 3.655945 3.655572 3.655425 3.655370 3.655350 3.655343 3.655340 3.655338 3.655336 3.655331 3.655316 3.655279 3.655188 3.654969 3.654465 3.653344 3.650938 3.645972 3.636106 3.617276 3.582781 3.522223 3.420532 3.257579 3.009176 2.650425 2.162136 1.539945 0.803470 0.000000 
50.000000 41.475524 33.376596 26.065119 19.791547 14.673256 10.700857 7.766170 5.701014 4.315655 3.429003 2.887113 2.570567 2.393659 2.298980 2.250406 2.226495 2.215191 2.210052 2.207805 2.206858 2.206473 2.206323 2.206266 2.206245 2.206237 2.206235 2.206233 2.206232 2.206228 2.206218 2.206192 2.206128 2.205977 2.205629 2.204859 2.203217 2.199848 2.193205 2.180633 2.157827 2.118233 2.052576 1.948836 1.793117 1.571890 1.275769 0.904310 0.470170 0.000000 
50.000000 41.309961 33.053750 25.600310 19.204962 13.987358 9.937914 6.946342 4.841180 3.429003 2.525200 1.972838 1.650179 1.469859 1.373355 1.323847 1.299476 1.287954 1.282718 1.280427 1.279462 1.279070 1.278917 1.278859 1.278837 1.278830 1.278827 1.278826 1.278825 1.278822 1.278815 1.278798 1.278757 1.278658 1.278432 1.277935 1.276879 1.274727 1.270513 1.262600 1.248369 1.223904 1.183774 1.121117 1.028260 0.898075 0.726077 0.512864 0.265982 0.000000 
50.000000 41.208757 32.856406 25.316193 18.846417 13.568120 9.471598 6.445270 4.315670 2.887113 1.972838 1.414081 1.087692 0.905290 0.807673 0.757594 0.732944 0.721289 0.715992 0.713676 0.712700 0.712303 0.712148 0.712089 0.712068 0.712060 0.712057 0.712056 0.712056 0.712054 0.712050 0.712039 0.712014 0.711953 0.711814 0.711511 0.710870 0.709570 0.707041 0.702324 0.693908 0.679563 0.656254 0.620225 0.567393 0.494112 0.398291 0.280590 0.145251 0.000000 
50.000000 41.149627 32.741105 25.150199 18.636944 13.323194 9.199178 6.152554 4.008685 2.570567 1.650179 1.087692 0.759127 0.575511 0.477244 0.426834 0.402020 0.390288 0.384956 0.382624 0.381642 0.381243 0.381087 0.381028 0.381006 0.380998 0.380996 0.380995 0.380994 0.380993 0.380990 0.380984 0.380969 0.380934 0.380853 0.380678 0.380309 0.379564 0.378122 0.375452 0.370719 0.362713 0.349808 0.330032 0.301286 0.261762 0.210507 0.147997 0.076505 0.000000 
50.000000 41.116574 32.676655 25.057414 18.519859 13.186298 9.046918 5.988956 3.837117 2.393659 1.469859 0.905290 0.575511 0.391217 0.292589 0.241992 0.217087 0.205313 0.199962 0.197621 0.196635 0.196235 0.196078 0.196019 0.195997 0.195989 0.195987 0.195986 0.195985 0.195984 0.195983 0.195980 0.195971 0.195952 0.195907 0.195811 0.195608 0.195202 0.194421 0.192980 0.190443 0.186179 0.179353 0.168969 0.153986 0.133533 0.107186 0.075237 0.038851 0.000000 
50.000000 41.098880 32.642155 25.007747 18.457186 13.113023 8.965423 5.901394 3.745292 2.298980 1.373355 0.807673 0.477244 0.292589 0.193767 0.143072 0.118118 0.106321 0.100959 0.098614 0.097627 0.097225 0.097068 0.097009 0.096987 0.096979 0.096977 0.096976 0.096975 0.096975 0.096974 0.096972 0.096968 0.096958 0.096934 0.096884 0.096778 0.096567 0.096162 0.095420 0.094121 0.091949 0.088493 0.083268 0.075776 0.065610 0.052586 0.036865 0.019020 0.000000 
50.000000 41.089801 32.624451 24.982261 18.425028 13.075426 8.923609 5.856470 3.698183 2.250406 1.323847 0.757594 0.426834 0.241992 0.143072 0.092326 0.067348 0.055539 0.050172 0.047825 0.046836 0.046434 0.046277 0.046217 0.046195 0.046188 0.046185 0.046184 0.046184 0.046184 0.046183 0.046182 0.046180 0.046175 0.046163 0.046138 0.046085 0.045980 0.045780 0.045414 0.044777 0.043717 0.042040 0.039517 0.035919 0.031061 0.024864 0.017413 0.008978 0.000000 
50.000000 41.085330 32.615735 24.969714 18.409195 13.056916 8.903024 5.834355 3.674992 2.226495 1.299476 0.732944 0.402020 0.217087 0.118118 0.067348 0.042357 0.030543 0.025173 0.022824 0.021835 0.021433 0.021276 0.021216 0.021195 0.021187 0.021184 0.021183 0.021183 0.021183 0.021183 0.021182 0.021181 0.021179 0.021173 0.021161 0.021136 0.021086 0.020991 0.020818 0.020518 0.020022 0.019241 0.018070 0.016408 0.014174 0.011335 0.007931 0.004087 0.000000 
50.000000 41.083216 32.611613 24.963780 18.401708 13.048164 8.893291 5.823898 3.664027 2.215191 1.287954 0.721289 0.390288 0.205313 0.106321 0.055539 0.030543 0.018725 0.013354 0.011005 0.010016 0.009614 0.009456 0.009397 0.009375 0.009367 0.009365 0.009364 0.009364 0.009363 0.009363 0.009363 0.009363 0.009361 0.009359 0.009353 0.009342 0.009319 0.009276 0.009198 0.009062 0.008839 0.008489 0.007967 0.007228 0.006238 0.004984 0.003485 0.001795 0.000000 
50.000000 41.082255 32.609738 24.961082 18.398305 13.044185 8.888866 5.819145 3.659043 2.210052 1.282718 0.715992 0.384956 0.199962 0.100959 0.050172 0.025173 0.013354 0.007983 0.005634 0.004644 0.004242 0.004085 0.004025 0.004003 0.003996 0.003993 0.003992 0.003992 0.003992 0.003992 0.003991 0.003991 0.003991 0.003990 0.003987 0.003982 0.003972 0.003953 0.003919 0.003860 0.003764 0.003613 0.003388 0.003072 0.002649 0.002115 0.001478 0.000761 0.000000 
50.000000 41.081835 32.608919 24.959902 18.396816 13.042444 8.886931 5.817066 3.656863 2.207805 1.280427 0.713676 0.382624 0.197621 0.098614 0.047825 0.022824 0.011005 0.005634 0.003284 0.002295 0.001893 0.001735 0.001676 0.001654 0.001646 0.001643 0.001643 0.001642 0.001642 0.001642 0.001642 0.001642 0.001642 0.001641 0.001640 0.001638 0.001634 0.001626 0.001612 0.001587 0.001547 0.001484 0.001391 0.001261 0.001086 0.000867 0.000606 0.000312 0.000000 
50.000000 41.081657 32.608573 24.959405 18.396188 13.041711 8.886116 5.816190 3.655945 2.206858 1.279462 0.712700 0.381642 0.196635 0.097627 0.046836 0.021835 0.010016 0.004644 0.002295 0.001305 0.000903 0.000746 0.000686 0.000664 0.000656 0.000654 0.000653 0.000653 0.000653 0.000652 0.000652 0.000652 0.000652 0.000652 0.000652 0.000651 0.000649 0.000646 0.000640 0.000630 0.000614 0.000589 0.000552 0.000500 0.000430 0.000343 0.000240 0.000123 0.000000 
50.000000 41.081585 32.608433 24.959203 18.395934 13.041413 8.885784 5.815834 3.655572 2.206474 1.279070 0.712304 0.381243 0.196235 0.097226 0.046434 0.021433 0.009614 0.004242 0.001893 0.000903 0.000501 0.000344 0.000284 0.000262 0.000255 0.000252 0.000251 0.000251 0.000251 0.000251 0.000251 0.000251 0.000251 0.000251 0.000250 0.000250 0.000249 0.000248 0.000246 0.000242 0.000236 0.000226 0.000212 0.000192 0.000165 0.000132 0.000092 0.000047 0.000000 
50.000000 41.081557 32.608378 24.959124 18.395834 13.041297 8.885655 5.815695 3.655426 2.206323 1.278917 0.712148 0.381087 0.196078 0.097069 0.046277 0.021276 0.009457 0.004085 0.001736 0.000746 0.000344 0.000186 0.000127 0.000105 0.000097 0.000095 0.000094 0.000094 0.000093 0.000093 0.000093 0.000093 0.000093 0.000093 0.000093 0.000093 0.000093 0.000092 0.000092 0.000090 0.000088 0.000084 0.000079 0.000071 0.000061 0.000049 0.000034 0.000018 0.000000 
50.000000 41.081547 32.608357 24.959094 18.395797 13.041253 8.885606 5.815643 3.655371 2.206267 1.278860 0.712091 0.381029 0.196020 0.097010 0.046218 0.021218 0.009398 0.004026 0.001677 0.000687 0.000285 0.000128 0.000068 0.000046 0.000039 0.000036 0.000035 0.000035 0.000035 0.000035 0.000035 0.000035 0.000035 0.000035 0.000035 0.000035 0.000035 0.000034 0.000034 0.000033 0.000033 0.000031 0.000029 0.000026 0.000023 0.000018 0.000013 0.000007 0.000000 
50.000000 41.081543 32.608351 24.959084 18.395784 13.041239 8.885591 5.815626 3.655354 2.206249 1.278841 0.712072 0.381010 0.196001 0.096991 0.046199 0.021198 0.009379 0.004007 0.001658 0.000668 0.000266 0.000109 0.000049 0.000027 0.000019 0.000017 0.000016 0.000016 0.000016 0.000016 0.000016 0.000016 0.000016 0.000016 0.000016 0.000016 0.000015 0.000015 0.000015 0.000015 0.000015 0.000014 0.000013 0.000012 0.000010 0.000008 0.000006 0.000003 0.000000 
50.000000 41.081543 32.608351 24.959084 18.395784 13.041239 8.885591 5.815626 3.655354 2.206249 1.278841 0.712072 0.381010 0.196001 0.096991 0.046199 0.021198 0.009379 0.004007 0.001658 0.000668 0.000266 0.000109 0.000049 0.000027 0.000019 0.000017 0.000016 0.000016 0.000016 0.000016 0.000016 0.000016 0.000016 0.000016 0.000016 0.000016 0.000015 0.000015 0.000015 0.000015 0.000015 0.000014 0.000013 0.000012 0.000010 0.000008 0.000006 0.000003 0.000000 
50.000000 41.081547 32.608357 24.959094 18.395797 13.041253 8.885606 5.815643 3.655371 2.206267 1.278860 0.712091 0.381029 0.196020 0.097010 0.046218 0.021218 0.009398 0.004026 0.001677 0.000687 0.000285 0.000128 0.000068 0.000046 0.000039 0.000036 0.000035 0.000035 0.000035 0.000035 0.000035 0.000035 0.000035 0.000035 0.000035 0.000035 0.000035 0.000034 0.000034 0.000033 0.000033 0.000031 0.000029 0.000026 0.000023 0.000018 0.000013 0.000007 0.000000 
50.000000 41.081557 32.608378 24.959124 18.395834 13.041297 8.885655 5.815695 3.655426 2.206323 1.278917 0.712148 0.381087 0.196078 0.097069 0.046277 0.021276 0.009457 0.004085 0.001736 0.000746 0.000344 0.000186 0.000127 0.000105 0.000097 0.000095 0.000094 0.000094 0.000093 0.000093 0.000093 0.000093 0.000093 0.000093 0.000093 0.000093 0.000093 0.000092 0.000092 0.000090 0.000088 0.000084 0.000079 0.000071 0.000061 0.000049 0.000034 0.000018 0.000000 
50.000000 41.081585 32.608433 24.959203 18.395934 13.041413 8.885784 5.815834 3.655572 2.206474 1.279070 0.712304 0.381243 0.196235 0.097226 0.046434 0.021433 0.009614 0.004242 0.001893 0.000903 0.000501 0.000344 0.000284 0.000262 0.000255 0.000252 0.000251 0.000251 0.000251 0.000251 0.000251 0.000251 0.000251 0.000251 0.000250 0.000250 0.000249 0.000248 0.000246 0.000242 0.000236 0.000226 0.000212 0.000192 0.000165 0.000132 0.000092 0.000047 0.000000 
50.000000 41.081657 32.608573 24.959405 18.396188 13.041711 8.886116 5.816190 3.655945 2.206858 1.279462 0.712700 0.381642 0.196635 0.097627 0.046836 0.021835 0.010016 0.004644 0.002295 0.001305 0.000903 0.000746 0.000686 0.000664 0.000656 0.000654 0.000653 0.000653 0.000653 0.000652 0.000652 0.000652 0.000652 0.000652 0.000652 0.000651 0.000649 0.000646 0.000640 0.000630 0.000614 0.000589 0.000552 0.000500 0.000430 0.000343 0.000240 0.000123 0.000000 
50.000000 41.081835 32.608919 24.959902 18.396816 13.042444 8.886931 5.817066 3.656863 2.207805 1.280427 0.713676 0.382624 0.197621 0.098614 0.047825 0.022824 0.011005 0.005634 0.003284 0.002295 0.001893 0.001735 0.001676 0.001654 0.001646 0.001643 0.001643 0.001642 0.001642 0.001642 0.001642 0.001642 0.001642 0.001641 0.001640 0.001638 0.001634 0.001626 0.001612 0.001587 0.001547 0.001484 0.001391 0.001261 0.001086 0.000867 0.000606 0.000312 0.000000 
50.000000 41.082255 32.609738 24.961082 18.398305 13.044185 8.888866 5.819145 3.659043 2.210052 1.282718 0.715992 0.384956 0.199962 0.100959 0.050172 0.025173 0.013354 0.007983 0.005634 0.004644 0.004242 0.004085 0.004025 0.004003 0.003996 0.003993 0.003992 0.003992 0.003992 0.003992 0.003991 0.003991 0.003991 0.003990 0.003987 0.003982 0.003972 0.003953 0.003919 0.003860 0.003764 0.003613 0.003388 0.003072 0.002649 0.002115 0.001478 0.000761 0.000000 
50.000000 41.083216 32.611613 24.963780 18.401708 13.048164 8.893291 5.823898 3.664027 2.215191 1.287954 0.721289 0.390288 0.205313 0.106321 0.055539 0.030543 0.018725 0.013354 0.011005 0.010016 0.009614 0.009456 0.009397 0.009375 0.009367 0.009365 0.009364 0.009364 0.009363 0.009363 0.009363 0.009363 0.009361 0.009359 0.009353 0.009342 0.009319 0.009276 0.009198 0.009062 0.008839 0.008489 0.007967 0.007228 0.006238 0.004984 0.003485 0.001795 0.000000 
50.000000 41.085330 32.615735 24.969714 18.409195 13.056916 8.903024 5.834355 3.674992 2.226495 1.299476 0.732944 0.402020 0.217087 0.118118 0.067348 0.042357 0.030543 0.025173 0.022824 0.021835 0.021433 0.021276 0.021216 0.021195 0.021187 0.021184 0.021183 0.021183 0.021183 0.021183 0.021182 0.021181 0.021179 0.021173 0.021161 0.021136 0.021086 0.020991 0.020818 0.020518 0.020022 0.019241 0.018070 0.016408 0.014174 0.011335 0.007931 0.004087 0.000000 
50.000000 41.089801 32.624451 24.982261 18.425028 13.075426 8.923609 5.856470 3.698183 2.250406 1.323847 0.757594 0.426834 0.241992 0.143072 0.092326 0.067348 0.055539 0.050172 0.047825 0.046836 0.046434 0.046277 0.046217 0.046195 0.046188 0.046185 0.046184 0.046184 0.046184 0.046183 0.046182 0.046180 0.046175 0.046163 0.046138 0.046085 0.045980 0.045780 0.045414 0.044777 0.043717 0.042040 0.039517 0.035919 0.031061 0.024864 0.017413 0.008978 0.000000 
50.000000 41.098880 32.642155 25.007747 18.457186 13.113023 8.965423 5.901394 3.745292 2.298980 1.373355 0.807673 0.477244 0.292589 0.193767 0.143072 0.118118 0.106321 0.100959 0.098614 0.097627 0.097225 0.097068 0.097009 0.096987 0.096979 0.096977 0.096976 0.096975 0.096975 0.096974 0.096972 0.096968 0.096958 0.096934 0.096884 0.096778 0.096567 0.096162 0.095420 0.094121 0.091949 0.088493 0.083268 0.075776 0.065610 0.052586 0.036865 0.019020 0.000000 
50.000000 41.116574 32.676655 25.057414 18.519859 13.186298 9.046918 5.988956 3.837117 2.393659 1.469859 0.905290 0.575511 0.391217 0.292589 0.241992 0.217087 0.205313 0.199962 0.197621 0.196635 0.196235 0.196078 0.196019 0.195997 0.195989 0.195987 0.195986 0.195985 0.195984 0.195983 0.195980 0.195971 0.195952 0.195907 0.195811 0.195608 0.195202 0.194421 0.192980 0.190443 0.186179 0.179353 0.168969 0.153986 0.133533 0.107186 0.075237 0.038851 0.000000 
50.000000 41.149627 32.741105 25.150199 18.636944 13.323194 9.199178 6.152554 4.008685 2.570567 1.650179 1.087692 0.759127 0.575511 0.477244 0.426834 0.402020 0.390288 0.384956 0.382624 0.381642 0.381243 0.381087 0.381028 0.381006 0.380998 0.380996 0.380995 0.380994 0.380993 0.380990 0.380984 0.380969 0.380934 0.380853 0.380678 0.380309 0.379564 0.378122 0.375452 0.370719 0.362713 0.349808 0.330032 0.301286 0.261762 0.210507 0.147997 0.076505 0.000000 
50.000000 41.208757 32.856406 25.316193 18.846417 13.568120 9.471598 6.445270 4.315670 2.887113 1.972838 1.414081 1.087692 0.905290 0.807673 0.757594 0.732944 0.721289 0.715992 0.713676 0.712700 0.712303 0.712148 0.712089 0.712068 0.712060 0.712057 0.712056 0.712056 0.712054 0.712050 0.712039 0.712014 0.711953 0.711814 0.711511 0.710870 0.709570 0.707041 0.702324 0.693908 0.679563 0.656254 0.620225 0.567393 0.494112 0.398291 0.280590 0.145251 0.000000 
50.000000 41.309961 33.053750 25.600310 19.204962 13.987358 9.937914 6.946342 4.841180 3.429003 2.525200 1.972838 1.650179 1.469859 1.373355 1.323847 1.299476 1.287954 1.282718 1.280427 1.279462 1.279070 1.278917 1.278859 1.278837 1.278830 1.278827 1.278826 1.278825 1.278822 1.278815 1.278798 1.278757 1.278658 1.278432 1.277935 1.276879 1.274727 1.270513 1.262600 1.248369 1.223904 1.183774 1.121117 1.028260 0.898075 0.726077 0.512864 0.265982 0.000000 
50.000000 41.475524 33.376596 26.065119 19.791547 14.673256 10.700857 7.766170 5.701014 4.315655 3.429003 2.887113 2.570567 2.393659 2.298980 2.250406 2.226495 2.215191 2.210052 2.207805 2.206858 2.206473 2.206323 2.206266 2.206245 2.206237 2.206235 2.206233 2.206232 2.206228 2.206218 2.206192 2.206128 2.205977 2.205629 2.204859 2.203217 2.199848 2.193205 2.180633 2.157827 2.118233 2.052576 1.948836 1.793117 1.571890 1.275769 0.904310 0.470170 0.000000 
50.000000 41.734166 33.880951 26.791264 20.707956 15.744849 11.892846 9.047068 7.044446 5.701014 4.841180 4.315670 4.008685 3.837117 3.745292 3.698183 3.674992 3.664027 3.659043 3.656863 3.655945 3.655572 3.655425 3.655370 3.655350 3.655343 3.655340 3.655338 3.655336 3.655331 3.655316 3.655279 3.655188 3.654969 3.654465 3.653344 3.650938 3.645972 3.636106 3.617276 3.582781 3.522223 3.420532 3.257579 3.009176 2.650425 2.162136 1.539945 0.803470 0.000000 
50.000000 42.119667 34.632689 27.873595 22.073906 17.342140 13.669639 10.956432 9.047068 7.766170 6.946342 6.445270 6.152554 5.988956 5.901394 5.856470 5.834355 5.823898 5.819145 5.817066 5.816190 5.815834 5.815694 5.815642 5.815622 5.815615 5.815613 5.815611 5.815608 5.815601 5.815581 5.815532 5.815409 5.815114 5.814430 5.812901 5.809603 5.802746 5.789017 5.762569 5.713594 5.626536 5.478216 5.236576 4.861283 4.308038 3.538591 2.537247 1.330623 0.000000 
50.000000 42.667410 35.700812 29.411469 24.014805 19.611801 16.194415 13.669639 11.892846 10.700857 9.937914 9.471598 9.199178 9.046918 8.965423 8.923609 8.903024 8.893291 8.888866 8.886931 8.886115 8.885784 8.885654 8.885605 8.885587 8.885581 8.885578 8.885576 8.885573 8.885564 8.885540 8.885478 8.885324 8.884954 8.884092 8.882154 8.877949 8.869146 8.851373 8.816797 8.752021 8.635267 8.433064 8.097207 7.563710 6.756802 5.602487 4.056212 2.144018 0.000000 
50.000000 43.408749 37.146469 31.492938 26.641797 22.683823 19.611801 17.342140 15.744849 14.673256 13.987358 13.568120 13.323194 13.186298 13.113023 13.075426 13.056916 13.048164 13.044185 13.042444 13.041711 13.041413 13.041296 13.041252 13.041236 13.041230 13.041228 13.041226 13.041222 13.041211 13.041184 13.041113 13.040936 13.040508 13.039507 13.037247 13.032312 13.021908 13.000727 12.959097 12.880139 12.735672 12.480857 12.048090 11.341912 10.239067 8.601937 6.318629 3.382835 0.000000 
50.000000 44.363844 39.008974 34.174616 30.026348 26.641797 24.014805 22.073906 20.707956 19.791547 19.204962 18.846417 18.636944 18.519859 18.457186 18.425028 18.409195 18.401708 18.398305 18.396816 18.396188 18.395934 18.395834 18.395796 18.395782 18.395777 18.395775 18.395773 18.395769 18.395758 18.395729 18.395656 18.395470 18.395021 18.393968 18.391576 18.386326 18.375181 18.352305 18.306887 18.219656 18.057531 17.765868 17.258003 16.402731 15.013174 12.847774 9.650381 5.282449 0.000000 
50.000000 45.534427 41.291707 37.461375 34.174616 31.492938 29.411469 27.873595 26.791264 26.065119 25.600310 25.316193 25.150199 25.057414 25.007747 24.982261 24.969714 24.963780 24.961082 24.959902 24.959405 24.959203 24.959123 24.959093 24.959082 24.959078 24.959077 24.959075 24.959071 24.959061 24.959035 24.958967 24.958795 24.958379 24.957397 24.955161 24.950227 24.939692 24.917902 24.874233 24.789350 24.629128 24.335004 23.808982 22.891001 21.326841 18.730688 14.572900 8.312066 0.000000 
50.000000 46.898590 43.951949 41.291707 39.008974 37.146469 35.700812 34.632689 33.880951 33.376596 33.053750 32.856406 32.741105 32.676655 32.642155 32.624451 32.615735 32.611613 32.609738 32.608919 32.608573 32.608433 32.608378 32.608357 32.608349 32.608346 32.608345 32.608344 32.608341 32.608333 32.608313 32.608260 32.608127 32.607803 32.607039 32.605290 32.601418 32.593108 32.575816 32.540886 32.472286 32.341006 32.095443 31.644600 30.827840 29.358593 26.718807 21.975975 13.586497 0.000000 
50.000000 48.409614 46.898590 45.534427 44.363844 43.408749 42.667410 42.119667 41.734166 41.475524 41.309961 41.208757 41.149627 41.116574 41.098880 41.089801 41.085330 41.083216 41.082255 41.081835 41.081657 41.081585 41.081557 41.081546 41.081542 41.081541 41.081540 41.081540 41.081538 41.081534 41.081523 41.081494 41.081421 41.081243 41.080823 41.079860 41.077723 41.073121 41.063506 41.043979 41.005353 40.930696 40.789044 40.523391 40.025914 39.081395 37.222361 33.312093 24.204807 0.000000 
50.000000 50.000000 50.000000 50.000000 50.000000 50.000000 50.000000 50.000000 50.000000 50.000000 50.000000 50.000000 50.000000 50.000000 50.000000 50.000000 50.000000 50.000000 50.000000 50.000000 50.000000 50.000000 50.000000 50.000000 50.000000 50.000000 50.000000 50.000000 50.000000 50.000000 50.000000 50.000000 50.000000 50.000000 50.000000 50.000000 50.000000 50.000000 50.000000 50.000000 50.000000 50.000000 50.000000 50.000000 50.000000 50.000000 50.000000 50.000000 50.000000 50.000000 
