50.000000 50.000000 50.000000 50.000000 50.000000 50.000000 50.000000 50.000000 50.000000 50.000000 50.000000 50.000000 50.000000 50.000000 50.000000 50.000000 50.000000 50.000000 50.000000 50.000000 50.000000 50.000000 50.000000 50.000000 50.000000 50.000000 50.000000 50.000000 50.000000 50.000000 50.000000 50.000000 50.000000 50.000000 50.000000 50.000000 50.000000 50.000000 50.000000 50.000000 50.000000 50.000000 50.000000 50.000000 50.000000 50.000000 50.000000 50.000000 50.000000 50.000000 
50.000000 48.994373 48.020494 47.107104 46.277413 45.547404 44.925180 44.411328 44.000102 43.681118 43.441236 43.266297 43.142546 43.057605 43.001017 42.964415 42.941420 42.927384 42.919058 42.914255 42.911560 42.910089 42.909306 42.908901 42.908694 42.908588 42.908527 42.908477 42.908407 42.908282 42.908037 42.907557 42.906637 42.904903 42.901706 42.895926 42.885677 42.867832 42.837272 42.785697 42.699677 42.557363 42.322575 41.933419 41.278329 40.140409 38.053353 33.884947 24.497187 0.000000 
50.000000 48.020494 46.103480 44.305539 42.672353 41.235385 40.010587 38.999113 38.189649 37.561760 37.089574 36.745226 36.501636 36.334440 36.223054 36.151007 36.105745 36.078118 36.061728 36.052274 36.046970 36.044074 36.042535 36.041736 36.041330 36.041122 36.041003 36.040905 36.040774 36.040536 36.040073 36.039170 36.037436 36.034175 36.028171 36.017340 35.998181 35.964923 35.908192 35.812941 35.655173 35.396646 34.975975 34.292997 33.180069 31.347479 28.279388 23.051740 14.135547 0.000000 
50.000000 47.107104 44.305539 41.677992 39.291224 37.191218 35.401284 33.923109 32.740158 31.822563 31.132516 30.629292 30.273315 30.028981 29.866207 29.760921 29.694778 29.654406 29.630456 29.616641 29.608890 29.604658 29.602409 29.601242 29.600649 29.600346 29.600174 29.600037 29.599855 29.599530 29.598899 29.597670 29.595316 29.590899 29.582787 29.568197 29.542489 29.498076 29.422770 29.297304 29.091587 28.759035 28.227893 27.387815 26.069320 24.013980 20.838996 16.026152 9.053751 0.000000 
50.000000 46.277413 42.672353 39.291224 36.219938 33.517661 31.214393 29.312301 27.790105 26.609371 25.721443 25.073916 24.615865 24.301472 24.092026 23.956553 23.871447 23.819501 23.788685 23.770910 23.760937 23.755493 23.752599 23.751098 23.750336 23.749947 23.749730 23.749562 23.749346 23.748965 23.748229 23.746799 23.744067 23.738955 23.729599 23.712840 23.683454 23.632991 23.548067 23.407905 23.180840 22.819454 22.253941 21.383464 20.066029 18.109969 15.277244 11.324875 6.137005 0.000000 
50.000000 45.547404 41.235385 37.191218 33.517661 30.285487 27.530576 25.255518 23.434857 22.022619 20.960605 20.186131 19.638284 19.262261 19.011760 18.849734 18.747948 18.685822 18.648967 18.627709 18.615783 18.609272 18.605811 18.604017 18.603106 18.602644 18.602390 18.602200 18.601967 18.601563 18.600786 18.599284 18.596423 18.591089 18.581363 18.564023 18.533793 18.482235 18.396193 18.255643 18.030855 17.678805 17.138977 16.329145 15.142744 13.451633 11.121897 8.055316 4.269074 0.000000 
50.000000 44.925180 40.010587 35.401284 31.214393 27.530576 24.390726 21.797791 19.722757 18.113220 16.902845 16.020187 15.395818 14.967278 14.681794 14.497143 14.381145 14.310345 14.268346 14.244121 14.230530 14.223110 14.219167 14.217123 14.216087 14.215563 14.215280 14.215079 14.214843 14.214445 14.213687 14.212227 14.209456 14.204309 14.194967 14.178398 14.149688 14.101079 14.020667 13.890698 13.685485 13.369080 12.893076 12.195363 11.201431 9.830929 8.013469 5.717590 2.991761 0.000000 
50.000000 44.411328 38.999113 33.923109 29.312301 25.255518 21.797791 18.942366 16.657284 14.884834 13.551960 12.579978 11.892432 11.420534 11.106170 10.902842 10.775112 10.697154 10.650907 10.624234 10.609269 10.601100 10.596759 10.594509 10.593370 10.592796 10.592492 10.592287 10.592061 10.591692 10.590997 10.589666 10.587150 10.582496 10.574088 10.559257 10.533720 10.490805 10.420434 10.307871 10.132321 9.865583 9.471183 8.904716 8.116540 7.058360 5.695216 4.023138 2.088753 0.000000 
50.000000 44.000102 38.189649 32.740158 27.790105 23.434857 19.722757 16.657284 14.204127 12.301321 10.870432 9.826984 9.088892 8.582308 8.244841 8.026572 7.889459 7.805774 7.756132 7.727500 7.711437 7.702669 7.698009 7.695596 7.694374 7.693762 7.693443 7.693239 7.693031 7.692706 7.692104 7.690956 7.688796 7.684818 7.677665 7.665116 7.643647 7.607833 7.549606 7.457389 7.315218 7.102064 6.791701 6.353676 5.756052 4.970651 3.981122 2.793003 1.442739 0.000000 
50.000000 43.681118 37.561760 31.822563 26.609371 22.022619 18.113220 14.884834 12.301321 10.297419 8.790518 7.691649 6.914363 6.380883 6.025503 5.795652 5.651265 5.563141 5.510867 5.480717 5.463803 5.454570 5.449664 5.447123 5.445838 5.445197 5.444869 5.444670 5.444484 5.444210 5.443712 5.442771 5.441007 5.437773 5.431986 5.421889 5.404722 5.376286 5.330429 5.258474 5.148709 4.986103 4.752513 4.427734 3.991764 3.428531 2.730976 1.906588 0.981441 0.000000 
50.000000 43.441236 37.089574 31.132516 25.721443 20.960605 16.902845 13.551960 10.870432 8.790518 7.226470 6.085936 5.279186 4.725489 4.356645 4.118088 3.968233 3.876774 3.822522 3.791232 3.773678 3.764097 3.759005 3.756369 3.755037 3.754375 3.754041 3.753849 3.753687 3.753464 3.753070 3.752332 3.750956 3.748445 3.743973 3.736212 3.723094 3.701512 3.666971 3.613235 3.532044 3.413043 3.244089 3.012148 2.704962 2.313538 1.835212 1.276634 0.655539 0.000000 
50.000000 43.266297 36.745226 30.629292 25.073916 20.186131 16.020187 12.579978 9.826984 7.691649 6.085936 4.915028 4.086799 3.518365 3.139708 2.894806 2.740968 2.647078 2.591385 2.559264 2.541245 2.531409 2.526183 2.523477 2.522111 2.521434 2.521097 2.520913 2.520772 2.520596 2.520296 2.519741 2.518713 2.516844 2.513532 2.507813 2.498201 2.482487 2.457514 2.418965 2.361220 2.277377 2.159544 1.999520 1.789938 1.525849 1.206521 0.837034 0.429025 0.000000 
50.000000 43.142546 36.501636 30.273315 24.615865 19.638284 15.395818 11.892432 9.088892 6.914363 5.279186 4.086799 3.243383 2.664530 2.278935 2.029548 1.872893 1.777286 1.720574 1.687866 1.669518 1.659502 1.654181 1.651427 1.650037 1.649350 1.649011 1.648834 1.648711 1.648575 1.648354 1.647953 1.647215 1.645879 1.643521 1.639470 1.632698 1.621691 1.604312 1.577674 1.538077 1.481059 1.401627 1.294740 1.156049 0.982875 0.775240 0.536713 0.274714 0.000000 
50.000000 43.057605 36.334440 30.028981 24.301472 19.262261 14.967278 11.420534 8.582308 6.380883 4.725489 3.518365 2.664530 2.078529 1.688175 1.435712 1.277126 1.180341 1.122931 1.089820 1.071246 1.061108 1.055721 1.052934 1.051528 1.050834 1.050495 1.050323 1.050216 1.050111 1.049954 1.049674 1.049163 1.048243 1.046627 1.043863 1.039265 1.031832 1.020164 1.002395 0.976162 0.938660 0.886814 0.817590 0.728468 0.618019 0.486492 0.336259 0.171928 0.000000 
50.000000 43.001017 36.223054 29.866207 24.092026 19.011760 14.681794 11.106170 8.244841 6.025504 4.356645 3.139708 2.278935 1.688175 1.294653 1.040142 0.880271 0.782702 0.724827 0.691449 0.672725 0.662505 0.657075 0.654265 0.652848 0.652150 0.651811 0.651644 0.651548 0.651467 0.651357 0.651168 0.650827 0.650216 0.649147 0.647327 0.644313 0.639465 0.631895 0.620433 0.603614 0.579724 0.546913 0.503396 0.447737 0.379187 0.298010 0.205714 0.105091 0.000000 
50.000000 42.964415 36.151007 29.760921 23.956553 18.849735 14.497143 10.902842 8.026572 5.795652 4.118088 2.894807 2.029548 1.435712 1.040142 0.784308 0.623606 0.525531 0.467355 0.433804 0.414983 0.404710 0.399252 0.396428 0.395005 0.394304 0.393965 0.393801 0.393714 0.393650 0.393574 0.393450 0.393230 0.392837 0.392154 0.390996 0.389086 0.386027 0.381275 0.374115 0.363667 0.348908 0.328754 0.302176 0.268372 0.226955 0.178134 0.122835 0.062709 0.000000 
50.000000 42.941420 36.105745 29.694778 23.871447 18.747949 14.381146 10.775113 7.889460 5.651265 3.968234 2.740968 1.872894 1.277127 0.880272 0.623607 0.462384 0.363990 0.305626 0.271967 0.253085 0.242779 0.237303 0.234470 0.233042 0.232340 0.232002 0.231840 0.231759 0.231707 0.231654 0.231574 0.231436 0.231193 0.230770 0.230057 0.228885 0.227016 0.224125 0.219790 0.213493 0.204643 0.192617 0.176837 0.156861 0.132492 0.103879 0.071570 0.036517 0.000000 
50.000000 42.927384 36.078118 29.654407 23.819502 18.685823 14.310347 10.697155 7.805776 5.563143 3.876776 2.647080 1.777287 1.180343 0.782703 0.525532 0.363991 0.265404 0.206925 0.173199 0.154281 0.143954 0.138468 0.135630 0.134199 0.133496 0.133158 0.132998 0.132920 0.132876 0.132839 0.132788 0.132704 0.132558 0.132304 0.131879 0.131182 0.130075 0.128369 0.125821 0.122137 0.116981 0.110006 0.100892 0.089401 0.075436 0.059091 0.040683 0.020748 0.000000 
50.000000 42.919058 36.061729 29.630457 23.788687 18.648969 14.268349 10.650911 7.756136 5.510870 3.822526 2.591389 1.720578 1.122935 0.724831 0.467359 0.305630 0.206928 0.148381 0.114616 0.095675 0.085337 0.079845 0.077003 0.075571 0.074867 0.074530 0.074371 0.074295 0.074256 0.074229 0.074197 0.074147 0.074061 0.073914 0.073667 0.073265 0.072629 0.071652 0.070198 0.068103 0.065183 0.061248 0.056124 0.049688 0.041890 0.032789 0.022561 0.011501 0.000000 
50.000000 42.914256 36.052277 29.616645 23.770915 18.627715 14.244128 10.624242 7.727509 5.480726 3.791241 2.559273 1.687875 1.089830 0.691458 0.433814 0.271976 0.173208 0.114622 0.080834 0.061881 0.051536 0.046040 0.043196 0.041763 0.041059 0.040722 0.040563 0.040490 0.040454 0.040432 0.040411 0.040382 0.040333 0.040250 0.040111 0.039886 0.039531 0.038987 0.038180 0.037022 0.035413 0.033252 0.030448 0.026935 0.022692 0.017750 0.012207 0.006221 0.000000 
50.000000 42.911563 36.046977 29.608900 23.760950 18.615798 14.230547 10.609288 7.711458 5.463824 3.773700 2.541267 1.669541 1.071270 0.672748 0.415007 0.253108 0.154303 0.095695 0.061895 0.042935 0.032586 0.027088 0.024243 0.022809 0.022105 0.021768 0.021610 0.021537 0.021503 0.021485 0.021471 0.021453 0.021426 0.021380 0.021305 0.021182 0.020989 0.020694 0.020259 0.019636 0.018772 0.017616 0.016120 0.014251 0.011998 0.009380 0.006448 0.003285 0.000000 
50.000000 42.910097 36.044091 29.604682 23.755523 18.609308 14.223151 10.601145 7.702717 5.454620 3.764149 2.531462 1.659557 1.061163 0.662560 0.404765 0.242834 0.144008 0.085389 0.051582 0.032618 0.022267 0.016767 0.013922 0.012488 0.011784 0.011447 0.011289 0.011217 0.011184 0.011168 0.011157 0.011147 0.011132 0.011107 0.011067 0.011002 0.010899 0.010744 0.010514 0.010187 0.009734 0.009129 0.008349 0.007377 0.006207 0.004850 0.003333 0.001698 0.000000 
50.000000 42.909325 36.042572 29.602463 23.752668 18.605894 14.219261 10.596862 7.698119 5.449779 3.759124 2.526305 1.654305 1.055847 0.657201 0.399379 0.237430 0.138594 0.079968 0.046157 0.027191 0.016839 0.011339 0.008494 0.007060 0.006356 0.006018 0.005861 0.005789 0.005756 0.005741 0.005733 0.005726 0.005718 0.005705 0.005683 0.005649 0.005596 0.005514 0.005395 0.005225 0.004990 0.004678 0.004276 0.003776 0.003176 0.002481 0.001704 0.000868 0.000000 
50.000000 42.908943 36.041820 29.601364 23.751254 18.604203 14.217334 10.594740 7.695842 5.447382 3.756636 2.523751 1.651704 1.053214 0.654547 0.396711 0.234754 0.135912 0.077284 0.043471 0.024504 0.014151 0.008651 0.005806 0.004372 0.003667 0.003330 0.003173 0.003101 0.003068 0.003054 0.003047 0.003042 0.003037 0.003030 0.003018 0.002999 0.002970 0.002927 0.002862 0.002771 0.002646 0.002479 0.002265 0.001999 0.001680 0.001312 0.000901 0.000459 0.000000 
50.000000 42.908787 36.041513 29.600916 23.750677 18.603513 14.216548 10.593875 7.694913 5.446403 3.755621 2.522709 1.650643 1.052140 0.653464 0.395623 0.233662 0.134818 0.076188 0.042375 0.023408 0.013055 0.007554 0.004709 0.003275 0.002570 0.002233 0.002076 0.002004 0.001972 0.001957 0.001951 0.001947 0.001943 0.001938 0.001931 0.001919 0.001900 0.001871 0.001830 0.001771 0.001690 0.001583 0.001446 0.001276 0.001072 0.000837 0.000574 0.000292 0.000000 
50.000000 42.908787 36.041513 29.600916 23.750677 18.603513 14.216548 10.593875 7.694913 5.446403 3.755621 2.522709 1.650643 1.052140 0.653464 0.395623 0.233662 0.134818 0.076188 0.042375 0.023408 0.013055 0.007554 0.004709 0.003275 0.002570 0.002233 0.002076 0.002004 0.001972 0.001957 0.001951 0.001947 0.001943 0.001938 0.001931 0.001919 0.001900 0.001871 0.001830 0.001771 0.001690 0.001583 0.001446 0.001276 0.001072 0.000837 0.000574 0.000292 0.000000 
50.000000 42.908943 36.041820 29.601364 23.751254 18.604203 14.217334 10.594740 7.695842 5.447382 3.756636 2.523751 1.651704 1.053214 0.654547 0.396711 0.234754 0.135912 0.077284 0.043471 0.024504 0.014151 0.008651 0.005806 0.004372 0.003667 0.003330 0.003173 0.003101 0.003068 0.003054 0.003047 0.003042 0.003037 0.003030 0.003018 0.002999 0.002970 0.002927 0.002862 0.002771 0.002646 0.002479 0.002265 0.001999 0.001680 0.001312 0.000901 0.000459 0.000000 
50.000000 42.909325 36.042572 29.602463 23.752668 18.605894 14.219261 10.596862 7.698119 5.449779 3.759124 2.526305 1.654305 1.055847 0.657201 0.399379 0.237430 0.138594 0.079968 0.046157 0.027191 0.016839 0.011339 0.008494 0.007060 0.006356 0.006018 0.005861 0.005789 0.005756 0.005741 0.005733 0.005726 0.005718 0.005705 0.005683 0.005649 0.005596 0.005514 0.005395 0.005225 0.004990 0.004678 0.004276 0.003776 0.003176 0.002481 0.001704 0.000868 0.000000 
50.000000 42.910097 36.044091 29.604682 23.755523 18.609308 14.223151 10.601145 7.702717 5.454620 3.764149 2.531462 1.659557 1.061163 0.662560 0.404765 0.242834 0.144008 0.085389 0.051582 0.032618 0.022267 0.016767 0.013922 0.012488 0.011784 0.011447 0.011289 0.011217 0.011184 0.011168 0.011157 0.011147 0.011132 0.011107 0.011067 0.011002 0.010899 0.010744 0.010514 0.010187 0.009734 0.009129 0.008349 0.007377 0.006207 0.004850 0.003333 0.001698 0.000000 
50.000000 42.911563 36.046977 29.608900 23.760950 18.615798 14.230547 10.609288 7.711458 5.463824 3.773700 2.541267 1.669541 1.071270 0.672748 0.415007 0.253108 0.154303 0.095695 0.061895 0.042935 0.032586 0.027088 0.024243 0.022809 0.022105 0.021768 0.021610 0.021537 0.021503 0.021485 0.021471 0.021453 0.021426 0.021380 0.021305 0.021182 0.020989 0.020694 0.020259 0.019636 0.018772 0.017616 0.016120 0.014251 0.011998 0.009380 0.006448 0.003285 0.000000 
50.000000 42.914256 36.052277 29.616645 23.770915 18.627715 14.244128 10.624242 7.727509 5.480726 3.791241 2.559273 1.687875 1.089830 0.691458 0.433814 0.271976 0.173208 0.114622 0.080834 0.061881 0.051536 0.046040 0.043196 0.041763 0.041059 0.040722 0.040563 0.040490 0.040454 0.040432 0.040411 0.040382 0.040333 0.040250 0.040111 0.039886 0.039531 0.038987 0.038180 0.037022 0.035413 0.033252 0.030448 0.026935 0.022692 0.017750 0.012207 0.006221 0.000000 
50.000000 42.919058 36.061729 29.630457 23.788687 18.648969 14.268349 10.650911 7.756136 5.510870 3.822526 2.591389 1.720578 1.122935 0.724831 0.467359 0.305630 0.206928 0.148381 0.114616 0.095675 0.085337 0.079845 0.077003 0.075571 0.074867 0.074530 0.074371 0.074295 0.074256 0.074229 0.074197 0.074147 0.074061 0.073914 0.073667 0.073265 0.072629 0.071652 0.070198 0.068103 0.065183 0.061248 0.056124 0.049688 0.041890 0.032789 0.022561 0.011501 0.000000 
50.000000 42.927384 36.078118 29.654407 23.819502 18.685823 14.310347 10.697155 7.805776 5.563143 3.876776 2.647080 1.777287 1.180343 0.782703 0.525532 0.363991 0.265404 0.206925 0.173199 0.154281 0.143954 0.138468 0.135630 0.134199 0.133496 0.133158 0.132998 0.132920 0.132876 0.132839 0.132788 0.132704 0.132558 0.132304 0.131879 0.131182 0.130075 0.128369 0.125821 0.122137 0.116981 0.110006 0.100892 0.089401 0.075436 0.059091 0.040683 0.020748 0.000000 
50.000000 42.941420 36.105745 29.694778 23.871447 18.747949 14.381146 10.775113 7.889460 5.651265 3.968234 2.740968 1.872894 1.277127 0.880272 0.623607 0.462384 0.363990 0.305626 0.271967 0.253085 0.242779 0.237303 0.234470 0.233042 0.232340 0.232002 0.231840 0.231759 0.231707 0.231654 0.231574 0.231436 0.231193 0.230770 0.230057 0.228885 0.227016 0.224125 0.219790 0.213493 0.204643 0.192617 0.176837 0.156861 0.132492 0.103879 0.071570 0.036517 0.000000 
50.000000 42.964415 36.151007 29.760921 23.956553 18.849735 14.497143 10.902842 8.026572 5.795652 4.118088 2.894807 2.029548 1.435712 1.040142 0.784308 0.623606 0.525531 0.467355 0.433804 0.414983 0.404710 0.399252 0.396428 0.395005 0.394304 0.393965 0.393801 0.393714 0.393650 0.393574 0.393450 0.393230 0.392837 0.392154 0.390996 0.389086 0.386027 0.381275 0.374115 0.363667 0.348908 0.328754 0.302176 0.268372 0.226955 0.178134 0.122835 0.062709 0.000000 
50.000000 43.001017 36.223054 29.866207 24.092026 19.011760 14.681794 11.106170 8.244841 6.025504 4.356645 3.139708 2.278935 1.688175 1.294653 1.040142 0.880271 0.782702 0.724827 0.691449 0.672725 0.662505 0.657075 0.654265 0.652848 0.652150 0.651811 0.651644 0.651548 0.651467 0.651357 0.651168 0.650827 0.650216 0.649147 0.647327 0.644313 0.639465 0.631895 0.620433 0.603614 0.579724 0.546913 0.503396 0.447737 0.379187 0.298010 0.205714 0.105091 0.000000 
50.000000 43.057605 36.334440 30.028981 24.301472 19.262261 14.967278 11.420534 8.582308 6.380883 4.725489 3.518365 2.664530 2.078529 1.688175 1.435712 1.277126 1.180341 1.122931 1.089820 1.071246 1.061108 1.055721 1.052934 1.051528 1.050834 1.050495 1.050323 1.050216 1.050111 1.049954 1.049674 1.049163 1.048243 1.046627 1.043863 1.039265 1.031832 1.020164 1.002395 0.976162 0.938660 0.886814 0.817590 0.728468 0.618019 0.486492 0.336259 0.171928 0.000000 
50.000000 43.142546 36.501636 30.273315 24.615865 19.638284 15.395818 11.892432 9.088892 6.914363 5.279186 4.086799 3.243383 2.664530 2.278935 2.029548 1.872893 1.777286 1.720574 1.687866 1.669518 1.659502 1.654181 1.651427 1.650037 1.649350 1.649011 1.648834 1.648711 1.648575 1.648354 1.647953 1.647215 1.645879 1.643521 1.639470 1.632698 1.621691 1.604312 1.577674 1.538077 1.481059 1.401627 1.294740 1.156049 0.982875 0.775240 0.536713 0.274714 0.000000 
50.000000 43.266297 36.745226 30.629292 25.073916 20.186131 16.020187 12.579978 9.826984 7.691649 6.085936 4.915028 4.086799 3.518365 3.139708 2.894806 2.740968 2.647078 2.591385 2.559264 2.541245 2.531409 2.526183 2.523477 2.522111 2.521434 2.521097 2.520913 2.520772 2.520596 2.520296 2.519741 2.518713 2.516844 2.513532 2.507813 2.498201 2.482487 2.457514 2.418965 2.361220 2.277377 2.159544 1.999520 1.789938 1.525849 1.206521 0.837034 0.429025 0.000000 
50.000000 43.441236 37.089574 31.132516 25.721443 20.960605 16.902845 13.551960 10.870432 8.790518 7.226470 6.085936 5.279186 4.725489 4.356645 4.118088 3.968233 3.876774 3.822522 3.791232 3.773678 3.764097 3.759005 3.756369 3.755037 3.754375 3.754041 3.753849 3.753687 3.753464 3.753070 3.752332 3.750956 3.748445 3.743973 3.736212 3.723094 3.701512 3.666971 3.613235 3.532044 3.413043 3.244089 3.012148 2.704962 2.313538 1.835212 1.276634 0.655539 0.000000 
50.000000 43.681118 37.561760 31.822563 26.609371 22.022619 18.113220 14.884834 12.301321 10.297419 8.790518 7.691649 6.914363 6.380883 6.025503 5.795652 5.651265 5.563141 5.510867 5.480717 5.463803 5.454570 5.449664 5.447123 5.445838 5.445197 5.444869 5.444670 5.444484 5.444210 5.443712 5.442771 5.441007 5.437773 5.431986 5.421889 5.404722 5.376286 5.330429 5.258474 5.148709 4.986103 4.752513 4.427734 3.991764 3.428531 2.730976 1.906588 0.981441 0.000000 
50.000000 44.000102 38.189649 32.740158 27.790105 23.434857 19.722757 16.657284 14.204127 12.301321 10.870432 9.826984 9.088892 8.582308 8.244841 8.026572 7.889459 7.805774 7.756132 7.727500 7.711437 7.702669 7.698009 7.695596 7.694374 7.693762 7.693443 7.693239 7.693031 7.692706 7.692104 7.690956 7.688796 7.684818 7.677665 7.665116 7.643647 7.607833 7.549606 7.457389 7.315218 7.102064 6.791701 6.353676 5.756052 4.970651 3.981122 2.793003 1.442739 0.000000 
50.000000 44.411328 38.999113 33.923109 29.312301 25.255518 21.797791 18.942366 16.657284 14.884834 13.551960 12.579978 11.892432 11.420534 11.106170 10.902842 10.775112 10.697154 10.650907 10.624234 10.609269 10.601100 10.596759 10.594509 10.593370 10.592796 10.592492 10.592287 10.592061 10.591692 10.590997 10.589666 10.587150 10.582496 10.574088 10.559257 10.533720 10.490805 10.420434 10.307871 10.132321 9.865583 9.471183 8.904716 8.116540 7.058360 5.695216 4.023138 2.088753 0.000000 
50.000000 44.925180 40.010587 35.401284 31.214393 27.530576 24.390726 21.797791 19.722757 18.113220 16.902845 16.020187 15.395818 14.967278 14.681794 14.497143 14.381145 14.310345 14.268346 14.244121 14.230530 14.223110 14.219167 14.217123 14.216087 14.215563 14.215280 14.215079 14.214843 14.214445 14.213687 14.212227 14.209456 14.204309 14.194967 14.178398 14.149688 14.101079 14.020667 13.890698 13.685485 13.369080 12.893076 12.195363 11.201431 9.830929 8.013469 5.717590 2.991761 0.000000 
50.000000 45.547404 41.235385 37.191218 33.517661 30.285487 27.530576 25.255518 23.434857 22.022619 20.960605 20.186131 19.638284 19.262261 19.011760 18.849734 18.747948 18.685822 18.648967 18.627709 18.615783 18.609272 18.605811 18.604017 18.603106 18.602644 18.602390 18.602200 18.601967 18.601563 18.600786 18.599284 18.596423 18.591089 18.581363 18.564023 18.533793 18.482235 18.396193 18.255643 18.030855 17.678805 17.138977 16.329145 15.142744 13.451633 11.121897 8.055316 4.269074 0.000000 
50.000000 46.277413 42.672353 39.291224 36.219938 33.517661 31.214393 29.312301 27.790105 26.609371 25.721443 25.073916 24.615865 24.301472 24.092026 23.956553 23.871447 23.819501 23.788685 23.770910 23.760937 23.755493 23.752599 23.751098 23.750336 23.749947 23.749730 23.749562 23.749346 23.748965 23.748229 23.746799 23.744067 23.738955 23.729599 23.712840 23.683454 23.632991 23.548067 23.407905 23.180840 22.819454 22.253941 21.383464 20.066029 18.109969 15.277244 11.324875 6.137005 0.000000 
50.000000 47.107104 44.305539 41.677992 39.291224 37.191218 35.401284 33.923109 32.740158 31.822563 31.132516 30.629292 30.273315 30.028981 29.866207 29.760921 29.694778 29.654406 29.630456 29.616641 29.608890 29.604658 29.602409 29.601242 29.600649 29.600346 29.600174 29.600037 29.599855 29.599530 29.598899 29.597670 29.595316 29.590899 29.582787 29.568197 29.542489 29.498076 29.422770 29.297304 29.091587 28.759035 28.227893 27.387815 26.069320 24.013980 20.838996 16.026152 9.053751 0.000000 
50.000000 48.020494 46.103480 44.305539 42.672353 41.235385 40.010587 38.999113 38.189649 37.561760 37.089574 36.745226 36.501636 36.334440 36.223054 36.151007 36.105745 36.078118 36.061728 36.052274 36.046970 36.044074 36.042535 36.041736 36.041330 36.041122 36.041003 36.040905 36.040774 36.040536 36.040073 36.039170 36.037436 36.034175 36.028171 36.017340 35.998181 35.964923 35.908192 35.812941 35.655173 35.396646 34.975975 34.292997 33.180069 31.347479 28.279388 23.051740 14.135547 0.000000 
50.000000 48.994373 48.020494 47.107104 46.277413 45.547404 44.925180 44.411328 44.000102 43.681118 43.441236 43.266297 43.142546 43.057605 43.001017 42.964415 42.941420 42.927384 42.919058 42.914255 42.911560 42.910089 42.909306 42.908901 42.908694 42.908588 42.908527 42.908477 42.908407 42.908282 42.908037 42.907557 42.906637 42.904903 42.901706 42.895926 42.885677 42.867832 42.837272 42.785697 42.699677 42.557363 42.322575 41.933419 41.278329 40.140409 38.053353 33.884947 24.497187 0.000000 
50.000000 50.000000 50.000000 50.000000 50.000000 50.000000 50.000000 50.000000 50.000000 50.000000 50.000000 50.000000 50.000000 50.000000 50.000000 50.000000 50.000000 50.000000 50.000000 50.000000 50.000000 50.000000 50.000000 50.000000 50.000000 50.000000 50.000000 50.000000 50.000000 50.000000 50.000000 50.000000 50.000000 50.000000 50.000000 50.000000 50.000000 50.000000 50.000000 50.000000 50.000000 50.000000 50.000000 50.000000 50.000000 50.000000 50.000000 50.000000 50.000000 50.000000 
