50.000000 50.000000 50.000000 50.000000 50.000000 50.000000 50.000000 50.000000 50.000000 50.000000 50.000000 50.000000 50.000000 50.000000 50.000000 50.000000 50.000000 50.000000 50.000000 50.000000 50.000000 50.000000 50.000000 50.000000 50.000000 50.000000 50.000000 50.000000 50.000000 50.000000 50.000000 50.000000 50.000000 50.000000 50.000000 50.000000 50.000000 50.000000 50.000000 50.000000 50.000000 50.000000 50.000000 50.000000 50.000000 50.000000 50.000000 50.000000 50.000000 50.000000 
50.000000 48.252495 46.600794 45.124967 43.877920 42.880912 42.126219 41.584914 41.216693 40.978898 40.832953 40.747732 40.700330 40.675186 40.662452 40.656287 40.653430 40.652162 40.651622 40.651401 40.651314 40.651281 40.651269 40.651265 40.651264 40.651263 40.651263 40.651263 40.651262 40.651260 40.651255 40.651241 40.651203 40.651104 40.650854 40.650248 40.648825 40.645591 40.638485 40.623353 40.592075 40.529130 40.405260 40.165293 39.703087 38.804571 37.002483 33.159086 24.126248 0.000000 
50.000000 46.600794 43.387949 40.517220 38.091517 36.152195 34.684223 33.631326 32.915104 32.452579 32.168712 32.002956 31.910761 31.861858 31.837091 31.825100 31.819545 31.817078 31.816028 31.815599 31.815430 31.815366 31.815343 31.815334 31.815332 31.815331 31.815330 31.815330 31.815329 31.815326 31.815316 31.815291 31.815222 31.815042 31.814592 31.813501 31.810945 31.805156 31.792488 31.765657 31.710599 31.600905 31.388113 30.984610 30.232854 28.848392 26.313562 21.693974 13.441708 0.000000 
50.000000 45.124967 40.517220 36.400147 32.921339 30.140099 28.034866 26.524919 25.497813 24.834536 24.427471 24.189782 24.057581 23.987460 23.951948 23.934756 23.926790 23.923254 23.921748 23.921133 23.920891 23.920799 23.920766 23.920754 23.920750 23.920749 23.920748 23.920747 23.920746 23.920742 23.920730 23.920697 23.920610 23.920382 23.919813 23.918437 23.915226 23.907992 23.892255 23.859190 23.792035 23.660076 23.408859 22.944820 22.111951 20.658803 18.200074 14.203658 8.122484 0.000000 
50.000000 43.877920 38.091517 32.921339 28.552731 25.060163 22.416539 20.520478 19.230756 18.397910 17.886792 17.588354 17.422371 17.334333 17.289750 17.268167 17.258168 17.253729 17.251839 17.251066 17.250762 17.250647 17.250605 17.250590 17.250585 17.250584 17.250583 17.250582 17.250581 17.250576 17.250564 17.250529 17.250436 17.250196 17.249597 17.248154 17.244803 17.237299 17.221097 17.187372 17.119694 16.988737 16.744395 16.304888 15.543486 14.276366 12.262536 9.243126 5.073349 0.000000 
50.000000 42.880912 36.152195 30.140099 25.060163 20.998970 17.924996 15.720328 14.220726 13.252376 12.658118 12.311147 12.118177 12.015831 11.964003 11.938914 11.927291 11.922132 11.919935 11.919037 11.918684 11.918550 11.918501 11.918484 11.918478 11.918476 11.918476 11.918475 11.918474 11.918469 11.918458 11.918425 11.918338 11.918115 11.917560 11.916229 11.913156 11.906321 11.891682 11.861515 11.801723 11.687810 11.479385 11.113634 10.499485 9.516676 8.028148 5.919340 3.177825 0.000000 
50.000000 42.126219 34.684223 28.034866 22.416539 17.924996 14.525349 12.087162 10.428764 9.357905 8.700759 8.317084 8.103709 7.990544 7.933240 7.905502 7.892652 7.886948 7.884520 7.883527 7.883136 7.882989 7.882935 7.882916 7.882910 7.882908 7.882907 7.882906 7.882905 7.882901 7.882891 7.882864 7.882791 7.882603 7.882139 7.881031 7.878488 7.872870 7.860939 7.836597 7.788935 7.699464 7.538686 7.262675 6.811362 6.111651 5.090046 3.699612 1.960926 0.000000 
50.000000 41.584914 33.631326 26.524919 20.520478 15.720328 12.087162 9.481553 7.709321 6.564989 5.862777 5.452802 5.224810 5.103897 5.042672 5.013037 4.999309 4.993216 4.990621 4.989561 4.989144 4.988986 4.988929 4.988909 4.988902 4.988899 4.988899 4.988898 4.988897 4.988894 4.988887 4.988865 4.988809 4.988664 4.988308 4.987463 4.985534 4.981303 4.972389 4.954377 4.919510 4.854944 4.740776 4.548476 4.240943 3.776084 3.116060 2.243213 1.179654 0.000000 
50.000000 41.216693 32.915104 25.497813 19.230756 14.220726 10.428764 7.709321 5.859704 4.665433 3.932595 3.504752 3.266830 3.140655 3.076768 3.045845 3.031522 3.025164 3.022457 3.021351 3.020916 3.020751 3.020691 3.020670 3.020663 3.020661 3.020660 3.020660 3.020659 3.020657 3.020651 3.020636 3.020596 3.020493 3.020240 3.019643 3.018289 3.015337 3.009167 2.996812 2.973145 2.929852 2.854377 2.729300 2.532916 2.242019 1.837737 1.314199 0.687562 0.000000 
50.000000 40.978898 32.452579 24.834536 18.397910 13.252376 9.357905 6.564989 4.665433 3.438940 2.686346 2.246980 2.002655 1.873089 1.807486 1.775734 1.761027 1.754499 1.751720 1.750584 1.750138 1.749969 1.749907 1.749885 1.749878 1.749876 1.749875 1.749875 1.749874 1.749873 1.749869 1.749859 1.749832 1.749763 1.749596 1.749203 1.748316 1.746395 1.742409 1.734492 1.719470 1.692288 1.645479 1.568970 1.450654 1.278216 1.042501 0.741980 0.386823 0.000000 
50.000000 40.832953 32.168712 24.427471 17.886792 12.658118 8.700759 5.862777 3.932595 2.686346 1.921642 1.475214 1.226967 1.095323 1.028670 0.996411 0.981468 0.974837 0.972013 0.970859 0.970406 0.970234 0.970172 0.970150 0.970142 0.970140 0.970139 0.970139 0.970138 0.970137 0.970135 0.970129 0.970112 0.970069 0.969965 0.969723 0.969178 0.968005 0.965587 0.960821 0.951854 0.935783 0.908400 0.864162 0.796603 0.699419 0.568282 0.403055 0.209600 0.000000 
50.000000 40.747732 32.002956 24.189782 17.588354 12.311147 8.317084 5.452802 3.504752 2.246980 1.475214 1.024668 0.774136 0.641282 0.574017 0.541462 0.526382 0.519690 0.516841 0.515677 0.515219 0.515046 0.514983 0.514961 0.514953 0.514951 0.514950 0.514950 0.514949 0.514949 0.514947 0.514944 0.514934 0.514909 0.514848 0.514707 0.514392 0.513717 0.512334 0.509627 0.504571 0.495585 0.480414 0.456145 0.419465 0.367257 0.297527 0.210468 0.109247 0.000000 
50.000000 40.700330 31.910761 24.057581 17.422371 12.118177 8.103709 5.224810 3.266830 2.002655 1.226967 0.774136 0.522334 0.388808 0.321204 0.288485 0.273330 0.266605 0.263741 0.262571 0.262111 0.261937 0.261874 0.261851 0.261844 0.261841 0.261840 0.261840 0.261840 0.261840 0.261839 0.261837 0.261831 0.261818 0.261784 0.261707 0.261534 0.261167 0.260419 0.258962 0.256260 0.251493 0.243507 0.230838 0.211857 0.185072 0.149589 0.105604 0.054739 0.000000 
50.000000 40.675186 31.861858 23.987460 17.334333 12.015831 7.990544 5.103897 3.140655 1.873089 1.095323 0.641282 0.388808 0.254927 0.187143 0.154338 0.139143 0.132399 0.129529 0.128355 0.127894 0.127720 0.127656 0.127634 0.127626 0.127624 0.127623 0.127623 0.127623 0.127622 0.127622 0.127621 0.127618 0.127611 0.127593 0.127553 0.127464 0.127274 0.126889 0.126145 0.124773 0.122366 0.118362 0.112056 0.102675 0.089531 0.072234 0.050913 0.026362 0.000000 
50.000000 40.662452 31.837091 23.951948 17.289750 11.964003 7.933240 5.042672 3.076768 1.807486 1.028670 0.574017 0.321204 0.187143 0.119269 0.086420 0.071205 0.064452 0.061578 0.060403 0.059941 0.059766 0.059703 0.059680 0.059673 0.059670 0.059669 0.059669 0.059669 0.059669 0.059669 0.059668 0.059667 0.059663 0.059655 0.059635 0.059591 0.059497 0.059309 0.058947 0.058283 0.057125 0.055209 0.052209 0.047774 0.041596 0.033510 0.023590 0.012204 0.000000 
50.000000 40.656287 31.825100 23.934756 17.268167 11.938914 7.905502 5.013037 3.045845 1.775734 0.996411 0.541462 0.288485 0.154338 0.086420 0.053549 0.038324 0.031568 0.028691 0.027516 0.027054 0.026879 0.026815 0.026793 0.026785 0.026783 0.026782 0.026782 0.026782 0.026782 0.026781 0.026781 0.026780 0.026779 0.026775 0.026765 0.026745 0.026701 0.026613 0.026445 0.026138 0.025606 0.024729 0.023363 0.021354 0.018570 0.014943 0.010508 0.005432 0.000000 
50.000000 40.653430 31.819545 23.926790 17.258168 11.927291 7.892652 4.999309 3.031522 1.761027 0.981468 0.526382 0.273330 0.139143 0.071205 0.038324 0.023095 0.016336 0.013459 0.012283 0.011821 0.011646 0.011582 0.011560 0.011552 0.011550 0.011549 0.011549 0.011549 0.011549 0.011549 0.011549 0.011548 0.011548 0.011546 0.011541 0.011532 0.011513 0.011474 0.011399 0.011263 0.011029 0.010645 0.010049 0.009176 0.007972 0.006408 0.004503 0.002326 0.000000 
50.000000 40.652162 31.817078 23.923254 17.253729 11.922132 7.886948 4.993216 3.025164 1.754499 0.974837 0.519690 0.266605 0.132399 0.064452 0.031568 0.016336 0.009577 0.006699 0.005523 0.005061 0.004886 0.004822 0.004800 0.004792 0.004790 0.004789 0.004789 0.004789 0.004789 0.004789 0.004789 0.004788 0.004788 0.004787 0.004785 0.004781 0.004773 0.004757 0.004725 0.004667 0.004568 0.004407 0.004157 0.003793 0.003293 0.002645 0.001857 0.000959 0.000000 
50.000000 40.651622 31.816028 23.921748 17.251839 11.919935 7.884520 4.990621 3.022457 1.751720 0.972013 0.516841 0.263741 0.129529 0.061578 0.028691 0.013459 0.006699 0.003822 0.002645 0.002183 0.002008 0.001944 0.001922 0.001914 0.001912 0.001911 0.001911 0.001911 0.001911 0.001911 0.001911 0.001911 0.001911 0.001910 0.001910 0.001908 0.001905 0.001898 0.001885 0.001861 0.001821 0.001756 0.001656 0.001510 0.001310 0.001051 0.000738 0.000381 0.000000 
50.000000 40.651401 31.815599 23.921133 17.251066 11.919037 7.883527 4.989561 3.021351 1.750584 0.970859 0.515677 0.262571 0.128355 0.060403 0.027516 0.012283 0.005523 0.002645 0.001469 0.001007 0.000832 0.000768 0.000746 0.000738 0.000736 0.000735 0.000735 0.000734 0.000734 0.000734 0.000734 0.000734 0.000734 0.000734 0.000734 0.000733 0.000732 0.000729 0.000724 0.000715 0.000699 0.000674 0.000635 0.000579 0.000502 0.000403 0.000282 0.000146 0.000000 
50.000000 40.651314 31.815430 23.920891 17.250762 11.918684 7.883136 4.989144 3.020916 1.750138 0.970406 0.515219 0.262111 0.127894 0.059941 0.027054 0.011821 0.005061 0.002183 0.001007 0.000544 0.000369 0.000306 0.000283 0.000276 0.000273 0.000272 0.000272 0.000272 0.000272 0.000272 0.000272 0.000272 0.000272 0.000272 0.000272 0.000272 0.000271 0.000270 0.000268 0.000265 0.000259 0.000250 0.000235 0.000214 0.000185 0.000149 0.000104 0.000054 0.000000 
50.000000 40.651281 31.815366 23.920799 17.250647 11.918550 7.882989 4.988986 3.020751 1.749969 0.970234 0.515046 0.261937 0.127720 0.059766 0.026879 0.011646 0.004886 0.002008 0.000832 0.000369 0.000195 0.000131 0.000108 0.000101 0.000098 0.000098 0.000097 0.000097 0.000097 0.000097 0.000097 0.000097 0.000097 0.000097 0.000097 0.000097 0.000097 0.000097 0.000096 0.000095 0.000093 0.000089 0.000084 0.000076 0.000066 0.000053 0.000037 0.000019 0.000000 
50.000000 40.651269 31.815343 23.920766 17.250605 11.918501 7.882935 4.988929 3.020692 1.749907 0.970172 0.514983 0.261874 0.127656 0.059703 0.026815 0.011582 0.004822 0.001945 0.000768 0.000306 0.000131 0.000067 0.000045 0.000037 0.000035 0.000034 0.000034 0.000034 0.000034 0.000034 0.000034 0.000034 0.000034 0.000034 0.000034 0.000034 0.000034 0.000033 0.000033 0.000033 0.000032 0.000031 0.000029 0.000026 0.000023 0.000018 0.000013 0.000007 0.000000 
50.000000 40.651265 31.815335 23.920754 17.250591 11.918484 7.882916 4.988909 3.020671 1.749886 0.970150 0.514961 0.261852 0.127634 0.059681 0.026793 0.011560 0.004800 0.001922 0.000746 0.000284 0.000109 0.000045 0.000023 0.000015 0.000013 0.000012 0.000012 0.000012 0.000012 0.000012 0.000012 0.000012 0.000012 0.000012 0.000012 0.000012 0.000011 0.000011 0.000011 0.000011 0.000011 0.000011 0.000010 0.000009 0.000008 0.000006 0.000004 0.000002 0.000000 
50.000000 40.651264 31.815332 23.920750 17.250586 11.918479 7.882911 4.988903 3.020664 1.749879 0.970143 0.514954 0.261845 0.127627 0.059674 0.026786 0.011554 0.004793 0.001916 0.000739 0.000277 0.000102 0.000038 0.000016 0.000008 0.000006 0.000005 0.000005 0.000005 0.000005 0.000005 0.000005 0.000005 0.000005 0.000005 0.000005 0.000005 0.000005 0.000005 0.000005 0.000005 0.000005 0.000004 0.000004 0.000004 0.000003 0.000003 0.000002 0.000001 0.000000 
50.000000 40.651264 31.815332 23.920750 17.250586 11.918479 7.882911 4.988903 3.020664 1.749879 0.970143 0.514954 0.261845 0.127627 0.059674 0.026786 0.011554 0.004793 0.001916 0.000739 0.000277 0.000102 0.000038 0.000016 0.000008 0.000006 0.000005 0.000005 0.000005 0.000005 0.000005 0.000005 0.000005 0.000005 0.000005 0.000005 0.000005 0.000005 0.000005 0.000005 0.000005 0.000005 0.000004 0.000004 0.000004 0.000003 0.000003 0.000002 0.000001 0.000000 
50.000000 40.651265 31.815335 23.920754 17.250591 11.918484 7.882916 4.988909 3.020671 1.749886 0.970150 0.514961 0.261852 0.127634 0.059681 0.026793 0.011560 0.004800 0.001922 0.000746 0.000284 0.000109 0.000045 0.000023 0.000015 0.000013 0.000012 0.000012 0.000012 0.000012 0.000012 0.000012 0.000012 0.000012 0.000012 0.000012 0.000012 0.000011 0.000011 0.000011 0.000011 0.000011 0.000011 0.000010 0.000009 0.000008 0.000006 0.000004 0.000002 0.000000 
50.000000 40.651269 31.815343 23.920766 17.250605 11.918501 7.882935 4.988929 3.020692 1.749907 0.970172 0.514983 0.261874 0.127656 0.059703 0.026815 0.011582 0.004822 0.001945 0.000768 0.000306 0.000131 0.000067 0.000045 0.000037 0.000035 0.000034 0.000034 0.000034 0.000034 0.000034 0.000034 0.000034 0.000034 0.000034 0.000034 0.000034 0.000034 0.000033 0.000033 0.000033 0.000032 0.000031 0.000029 0.000026 0.000023 0.000018 0.000013 0.000007 0.000000 
50.000000 40.651281 31.815366 23.920799 17.250647 11.918550 7.882989 4.988986 3.020751 1.749969 0.970234 0.515046 0.261937 0.127720 0.059766 0.026879 0.011646 0.004886 0.002008 0.000832 0.000369 0.000195 0.000131 0.000108 0.000101 0.000098 0.000098 0.000097 0.000097 0.000097 0.000097 0.000097 0.000097 0.000097 0.000097 0.000097 0.000097 0.000097 0.000097 0.000096 0.000095 0.000093 0.000089 0.000084 0.000076 0.000066 0.000053 0.000037 0.000019 0.000000 
50.000000 40.651314 31.815430 23.920891 17.250762 11.918684 7.883136 4.989144 3.020916 1.750138 0.970406 0.515219 0.262111 0.127894 0.059941 0.027054 0.011821 0.005061 0.002183 0.001007 0.000544 0.000369 0.000306 0.000283 0.000276 0.000273 0.000272 0.000272 0.000272 0.000272 0.000272 0.000272 0.000272 0.000272 0.000272 0.000272 0.000272 0.000271 0.000270 0.000268 0.000265 0.000259 0.000250 0.000235 0.000214 0.000185 0.000149 0.000104 0.000054 0.000000 
50.000000 40.651401 31.815599 23.921133 17.251066 11.919037 7.883527 4.989561 3.021351 1.750584 0.970859 0.515677 0.262571 0.128355 0.060403 0.027516 0.012283 0.005523 0.002645 0.001469 0.001007 0.000832 0.000768 0.000746 0.000738 0.000736 0.000735 0.000735 0.000734 0.000734 0.000734 0.000734 0.000734 0.000734 0.000734 0.000734 0.000733 0.000732 0.000729 0.000724 0.000715 0.000699 0.000674 0.000635 0.000579 0.000502 0.000403 0.000282 0.000146 0.000000 
50.000000 40.651622 31.816028 23.921748 17.251839 11.919935 7.884520 4.990621 3.022457 1.751720 0.972013 0.516841 0.263741 0.129529 0.061578 0.028691 0.013459 0.006699 0.003822 0.002645 0.002183 0.002008 0.001944 0.001922 0.001914 0.001912 0.001911 0.001911 0.001911 0.001911 0.001911 0.001911 0.001911 0.001911 0.001910 0.001910 0.001908 0.001905 0.001898 0.001885 0.001861 0.001821 0.001756 0.001656 0.001510 0.001310 0.001051 0.000738 0.000381 0.000000 
50.000000 40.652162 31.817078 23.923254 17.253729 11.922132 7.886948 4.993216 3.025164 1.754499 0.974837 0.519690 0.266605 0.132399 0.064452 0.031568 0.016336 0.009577 0.006699 0.005523 0.005061 0.004886 0.004822 0.004800 0.004792 0.004790 0.004789 0.004789 0.004789 0.004789 0.004789 0.004789 0.004788 0.004788 0.004787 0.004785 0.004781 0.004773 0.004757 0.004725 0.004667 0.004568 0.004407 0.004157 0.003793 0.003293 0.002645 0.001857 0.000959 0.000000 
50.000000 40.653430 31.819545 23.926790 17.258168 11.927291 7.892652 4.999309 3.031522 1.761027 0.981468 0.526382 0.273330 0.139143 0.071205 0.038324 0.023095 0.016336 0.013459 0.012283 0.011821 0.011646 0.011582 0.011560 0.011552 0.011550 0.011549 0.011549 0.011549 0.011549 0.011549 0.011549 0.011548 0.011548 0.011546 0.011541 0.011532 0.011513 0.011474 0.011399 0.011263 0.011029 0.010645 0.010049 0.009176 0.007972 0.006408 0.004503 0.002326 0.000000 
50.000000 40.656287 31.825100 23.934756 17.268167 11.938914 7.905502 5.013037 3.045845 1.775734 0.996411 0.541462 0.288485 0.154338 0.086420 0.053549 0.038324 0.031568 0.028691 0.027516 0.027054 0.026879 0.026815 0.026793 0.026785 0.026783 0.026782 0.026782 0.026782 0.026782 0.026781 0.026781 0.026780 0.026779 0.026775 0.026765 0.026745 0.026701 0.026613 0.026445 0.026138 0.025606 0.024729 0.023363 0.021354 0.018570 0.014943 0.010508 0.005432 0.000000 
50.000000 40.662452 31.837091 23.951948 17.289750 11.964003 7.933240 5.042672 3.076768 1.807486 1.028670 0.574017 0.321204 0.187143 0.119269 0.086420 0.071205 0.064452 0.061578 0.060403 0.059941 0.059766 0.059703 0.059680 0.059673 0.059670 0.059669 0.059669 0.059669 0.059669 0.059669 0.059668 0.059667 0.059663 0.059655 0.059635 0.059591 0.059497 0.059309 0.058947 0.058283 0.057125 0.055209 0.052209 0.047774 0.041596 0.033510 0.023590 0.012204 0.000000 
50.000000 40.675186 31.861858 23.987460 17.334333 12.015831 7.990544 5.103897 3.140655 1.873089 1.095323 0.641282 0.388808 0.254927 0.187143 0.154338 0.139143 0.132399 0.129529 0.128355 0.127894 0.127720 0.127656 0.127634 0.127626 0.127624 0.127623 0.127623 0.127623 0.127622 0.127622 0.127621 0.127618 0.127611 0.127593 0.127553 0.127464 0.127274 0.126889 0.126145 0.124773 0.122366 0.118362 0.112056 0.102675 0.089531 0.072234 0.050913 0.026362 0.000000 
50.000000 40.700330 31.910761 24.057581 17.422371 12.118177 8.103709 5.224810 3.266830 2.002655 1.226967 0.774136 0.522334 0.388808 0.321204 0.288485 0.273330 0.266605 0.263741 0.262571 0.262111 0.261937 0.261874 0.261851 0.261844 0.261841 0.261840 0.261840 0.261840 0.261840 0.261839 0.261837 0.261831 0.261818 0.261784 0.261707 0.261534 0.261167 0.260419 0.258962 0.256260 0.251493 0.243507 0.230838 0.211857 0.185072 0.149589 0.105604 0.054739 0.000000 
50.000000 40.747732 32.002956 24.189782 17.588354 12.311147 8.317084 5.452802 3.504752 2.246980 1.475214 1.024668 0.774136 0.641282 0.574017 0.541462 0.526382 0.519690 0.516841 0.515677 0.515219 0.515046 0.514983 0.514961 0.514953 0.514951 0.514950 0.514950 0.514949 0.514949 0.514947 0.514944 0.514934 0.514909 0.514848 0.514707 0.514392 0.513717 0.512334 0.509627 0.504571 0.495585 0.480414 0.456145 0.419465 0.367257 0.297527 0.210468 0.109247 0.000000 
50.000000 40.832953 32.168712 24.427471 17.886792 12.658118 8.700759 5.862777 3.932595 2.686346 1.921642 1.475214 1.226967 1.095323 1.028670 0.996411 0.981468 0.974837 0.972013 0.970859 0.970406 0.970234 0.970172 0.970150 0.970142 0.970140 0.970139 0.970139 0.970138 0.970137 0.970135 0.970129 0.970112 0.970069 0.969965 0.969723 0.969178 0.968005 0.965587 0.960821 0.951854 0.935783 0.908400 0.864162 0.796603 0.699419 0.568282 0.403055 0.209600 0.000000 
50.000000 40.978898 32.452579 24.834536 18.397910 13.252376 9.357905 6.564989 4.665433 3.438940 2.686346 2.246980 2.002655 1.873089 1.807486 1.775734 1.761027 1.754499 1.751720 1.750584 1.750138 1.749969 1.749907 1.749885 1.749878 1.749876 1.749875 1.749875 1.749874 1.749873 1.749869 1.749859 1.749832 1.749763 1.749596 1.749203 1.748316 1.746395 1.742409 1.734492 1.719470 1.692288 1.645479 1.568970 1.450654 1.278216 1.042501 0.741980 0.386823 0.000000 
50.000000 41.216693 32.915104 25.497813 19.230756 14.220726 10.428764 7.709321 5.859704 4.665433 3.932595 3.504752 3.266830 3.140655 3.076768 3.045845 3.031522 3.025164 3.022457 3.021351 3.020916 3.020751 3.020691 3.020670 3.020663 3.020661 3.020660 3.020660 3.020659 3.020657 3.020651 3.020636 3.020596 3.020493 3.020240 3.019643 3.018289 3.015337 3.009167 2.996812 2.973145 2.929852 2.854377 2.729300 2.532916 2.242019 1.837737 1.314199 0.687562 0.000000 
50.000000 41.584914 33.631326 26.524919 20.520478 15.720328 12.087162 9.481553 7.709321 6.564989 5.862777 5.452802 5.224810 5.103897 5.042672 5.013037 4.999309 4.993216 4.990621 4.989561 4.989144 4.988986 4.988929 4.988909 4.988902 4.988899 4.988899 4.988898 4.988897 4.988894 4.988887 4.988865 4.988809 4.988664 4.988308 4.987463 4.985534 4.981303 4.972389 4.954377 4.919510 4.854944 4.740776 4.548476 4.240943 3.776084 3.116060 2.243213 1.179654 0.000000 
50.000000 42.126219 34.684223 28.034866 22.416539 17.924996 14.525349 12.087162 10.428764 9.357905 8.700759 8.317084 8.103709 7.990544 7.933240 7.905502 7.892652 7.886948 7.884520 7.883527 7.883136 7.882989 7.882935 7.882916 7.882910 7.882908 7.882907 7.882906 7.882905 7.882901 7.882891 7.882864 7.882791 7.882603 7.882139 7.881031 7.878488 7.872870 7.860939 7.836597 7.788935 7.699464 7.538686 7.262675 6.811362 6.111651 5.090046 3.699612 1.960926 0.000000 
50.000000 42.880912 36.152195 30.140099 25.060163 20.998970 17.924996 15.720328 14.220726 13.252376 12.658118 12.311147 12.118177 12.015831 11.964003 11.938914 11.927291 11.922132 11.919935 11.919037 11.918684 11.918550 11.918501 11.918484 11.918478 11.918476 11.918476 11.918475 11.918474 11.918469 11.918458 11.918425 11.918338 11.918115 11.917560 11.916229 11.913156 11.906321 11.891682 11.861515 11.801723 11.687810 11.479385 11.113634 10.499485 9.516676 8.028148 5.919340 3.177825 0.000000 
50.000000 43.877920 38.091517 32.921339 28.552731 25.060163 22.416539 20.520478 19.230756 18.397910 17.886792 17.588354 17.422371 17.334333 17.289750 17.268167 17.258168 17.253729 17.251839 17.251066 17.250762 17.250647 17.250605 17.250590 17.250585 17.250584 17.250583 17.250582 17.250581 17.250576 17.250564 17.250529 17.250436 17.250196 17.249597 17.248154 17.244803 17.237299 17.221097 17.187372 17.119694 16.988737 16.744395 16.304888 15.543486 14.276366 12.262536 9.243126 5.073349 0.000000 
50.000000 45.124967 40.517220 36.400147 32.921339 30.140099 28.034866 26.524919 25.497813 24.834536 24.427471 24.189782 24.057581 23.987460 23.951948 23.934756 23.926790 23.923254 23.921748 23.921133 23.920891 23.920799 23.920766 23.920754 23.920750 23.920749 23.920748 23.920747 23.920746 23.920742 23.920730 23.920697 23.920610 23.920382 23.919813 23.918437 23.915226 23.907992 23.892255 23.859190 23.792035 23.660076 23.408859 22.944820 22.111951 20.658803 18.200074 14.203658 8.122484 0.000000 
50.000000 46.600794 43.387949 40.517220 38.091517 36.152195 34.684223 33.631326 32.915104 32.452579 32.168712 32.002956 31.910761 31.861858 31.837091 31.825100 31.819545 31.817078 31.816028 31.815599 31.815430 31.815366 31.815343 31.815334 31.815332 31.815331 31.815330 31.815330 31.815329 31.815326 31.815316 31.815291 31.815222 31.815042 31.814592 31.813501 31.810945 31.805156 31.792488 31.765657 31.710599 31.600905 31.388113 30.984610 30.232854 28.848392 26.313562 21.693974 13.441708 0.000000 
50.000000 48.252495 46.600794 45.124967 43.877920 42.880912 42.126219 41.584914 41.216693 40.978898 40.832953 40.747732 40.700330 40.675186 40.662452 40.656287 40.653430 40.652162 40.651622 40.651401 40.651314 40.651281 40.651269 40.651265 40.651264 40.651263 40.651263 40.651263 40.651262 40.651260 40.651255 40.651241 40.651203 40.651104 40.650854 40.650248 40.648825 40.645591 40.638485 40.623353 40.592075 40.529130 40.405260 40.165293 39.703087 38.804571 37.002483 33.159086 24.126248 0.000000 
50.000000 50.000000 50.000000 50.000000 50.000000 50.000000 50.000000 50.000000 50.000000 50.000000 50.000000 50.000000 50.000000 50.000000 50.000000 50.000000 50.000000 50.000000 50.000000 50.000000 50.000000 50.000000 50.000000 50.000000 50.000000 50.000000 50.000000 50.000000 50.000000 50.000000 50.000000 50.000000 50.000000 50.000000 50.000000 50.000000 50.000000 50.000000 50.000000 50.000000 50.000000 50.000000 50.000000 50.000000 50.000000 50.000000 50.000000 50.000000 50.000000 50.000000 
