50.000000 50.000000 50.000000 50.000000 50.000000 50.000000 50.000000 50.000000 50.000000 50.000000 50.000000 50.000000 50.000000 50.000000 50.000000 50.000000 50.000000 50.000000 50.000000 50.000000 50.000000 50.000000 50.000000 50.000000 50.000000 50.000000 50.000000 50.000000 50.000000 50.000000 50.000000 50.000000 50.000000 50.000000 50.000000 50.000000 50.000000 50.000000 50.000000 50.000000 50.000000 50.000000 50.000000 50.000000 50.000000 50.000000 50.000000 50.000000 50.000000 50.000000 
50.000000 39.834677 32.833127 29.329897 27.985508 27.572350 27.467276 27.444602 27.440368 27.439673 27.439572 27.439559 27.439557 27.439557 27.439557 27.439557 27.439557 27.439557 27.439557 27.439557 27.439557 27.439557 27.439557 27.439557 27.439557 27.439557 27.439557 27.439557 27.439557 27.439557 27.439557 27.439557 27.439557 27.439557 27.439557 27.439557 27.439557 27.439557 27.439557 27.439556 27.439550 27.439498 27.439122 27.436667 27.422267 27.346751 26.993707 25.517578 19.917339 0.000000 
50.000000 32.833127 21.013977 15.104204 12.838152 12.142390 11.965619 11.927512 11.920404 11.919239 11.919070 11.919047 11.919045 11.919044 11.919044 11.919044 11.919044 11.919044 11.919044 11.919044 11.919044 11.919044 11.919044 11.919044 11.919044 11.919044 11.919044 11.919044 11.919044 11.919044 11.919044 11.919044 11.919044 11.919044 11.919044 11.919044 11.919044 11.919044 11.919044 11.919044 11.919037 11.918987 11.918630 11.916346 11.903339 11.838169 11.554907 10.506988 7.315549 0.000000 
50.000000 29.329897 15.104204 7.995493 5.271772 4.436192 4.224089 4.178407 4.169895 4.168502 4.168299 4.168272 4.168269 4.168269 4.168269 4.168269 4.168269 4.168269 4.168269 4.168269 4.168269 4.168269 4.168269 4.168269 4.168269 4.168269 4.168269 4.168269 4.168269 4.168269 4.168269 4.168269 4.168269 4.168269 4.168269 4.168269 4.168269 4.168269 4.168269 4.168268 4.168265 4.168238 4.168052 4.166876 4.160335 4.128654 3.997746 3.549297 2.336191 0.000000 
50.000000 27.985508 12.838152 5.271772 2.374050 1.485551 1.260139 1.211619 1.202584 1.201105 1.200890 1.200862 1.200859 1.200858 1.200858 1.200858 1.200858 1.200858 1.200858 1.200858 1.200858 1.200858 1.200858 1.200858 1.200858 1.200858 1.200858 1.200858 1.200858 1.200858 1.200858 1.200858 1.200858 1.200858 1.200858 1.200858 1.200858 1.200858 1.200858 1.200858 1.200857 1.200847 1.200779 1.200353 1.198026 1.187025 1.143118 0.999983 0.638756 0.000000 
50.000000 27.572350 12.142390 4.436192 1.485551 0.581039 0.351621 0.302251 0.293060 0.291557 0.291338 0.291309 0.291306 0.291306 0.291305 0.291305 0.291305 0.291305 0.291305 0.291305 0.291305 0.291305 0.291305 0.291305 0.291305 0.291305 0.291305 0.291305 0.291305 0.291305 0.291305 0.291305 0.291305 0.291305 0.291305 0.291305 0.291305 0.291305 0.291305 0.291305 0.291305 0.291302 0.291283 0.291164 0.290519 0.287525 0.275858 0.239051 0.150083 0.000000 
50.000000 27.467276 11.965619 4.224089 1.260139 0.351621 0.121207 0.071627 0.062398 0.060888 0.060668 0.060640 0.060636 0.060636 0.060636 0.060636 0.060636 0.060636 0.060636 0.060636 0.060636 0.060636 0.060636 0.060636 0.060636 0.060636 0.060636 0.060636 0.060636 0.060636 0.060636 0.060636 0.060636 0.060636 0.060636 0.060636 0.060636 0.060636 0.060636 0.060636 0.060636 0.060635 0.060631 0.060603 0.060457 0.059786 0.057212 0.049273 0.030609 0.000000 
50.000000 27.444602 11.927512 4.178407 1.211619 0.302251 0.071627 0.022004 0.012766 0.011255 0.011035 0.011007 0.011003 0.011003 0.011003 0.011003 0.011003 0.011003 0.011003 0.011003 0.011003 0.011003 0.011003 0.011003 0.011003 0.011003 0.011003 0.011003 0.011003 0.011003 0.011003 0.011003 0.011003 0.011003 0.011003 0.011003 0.011003 0.011003 0.011003 0.011003 0.011003 0.011003 0.011002 0.010997 0.010968 0.010840 0.010355 0.008881 0.005480 0.000000 
50.000000 27.440368 11.920404 4.169895 1.202584 0.293060 0.062398 0.012766 0.003527 0.002016 0.001796 0.001767 0.001764 0.001764 0.001764 0.001764 0.001764 0.001764 0.001764 0.001764 0.001764 0.001764 0.001764 0.001764 0.001764 0.001764 0.001764 0.001764 0.001764 0.001764 0.001764 0.001764 0.001764 0.001764 0.001764 0.001764 0.001764 0.001764 0.001764 0.001764 0.001764 0.001764 0.001763 0.001762 0.001758 0.001737 0.001657 0.001417 0.000870 0.000000 
50.000000 27.439673 11.919239 4.168502 1.201105 0.291557 0.060888 0.011255 0.002016 0.000505 0.000285 0.000256 0.000253 0.000252 0.000252 0.000252 0.000252 0.000252 0.000252 0.000252 0.000252 0.000252 0.000252 0.000252 0.000252 0.000252 0.000252 0.000252 0.000252 0.000252 0.000252 0.000252 0.000252 0.000252 0.000252 0.000252 0.000252 0.000252 0.000252 0.000252 0.000252 0.000252 0.000252 0.000252 0.000252 0.000248 0.000237 0.000202 0.000124 0.000000 
50.000000 27.439572 11.919070 4.168299 1.200890 0.291338 0.060668 0.011035 0.001796 0.000285 0.000065 0.000036 0.000033 0.000033 0.000033 0.000033 0.000033 0.000033 0.000033 0.000033 0.000033 0.000033 0.000033 0.000033 0.000033 0.000033 0.000033 0.000033 0.000033 0.000033 0.000033 0.000033 0.000033 0.000033 0.000033 0.000033 0.000033 0.000033 0.000033 0.000033 0.000033 0.000033 0.000033 0.000033 0.000032 0.000032 0.000031 0.000026 0.000016 0.000000 
50.000000 27.439559 11.919047 4.168272 1.200862 0.291309 0.060640 0.011007 0.001767 0.000256 0.000036 0.000008 0.000004 0.000004 0.000004 0.000004 0.000004 0.000004 0.000004 0.000004 0.000004 0.000004 0.000004 0.000004 0.000004 0.000004 0.000004 0.000004 0.000004 0.000004 0.000004 0.000004 0.000004 0.000004 0.000004 0.000004 0.000004 0.000004 0.000004 0.000004 0.000004 0.000004 0.000004 0.000004 0.000004 0.000004 0.000004 0.000003 0.000002 0.000000 
50.000000 27.439557 11.919045 4.168269 1.200859 0.291306 0.060636 0.011003 0.001764 0.000253 0.000033 0.000004 0.000001 0.000000 0.000000 0.000000 0.000000 0.000000 0.000000 0.000000 0.000000 0.000000 0.000000 0.000000 0.000000 0.000000 0.000000 0.000000 0.000000 0.000000 0.000000 0.000000 0.000000 0.000000 0.000000 0.000000 0.000000 0.000000 0.000000 0.000000 0.000000 0.000000 0.000000 0.000000 0.000000 0.000000 0.000000 0.000000 0.000000 0.000000 
50.000000 27.439557 11.919044 4.168269 1.200858 0.291306 0.060636 0.011003 0.001764 0.000252 0.000033 0.000004 0.000000 0.000000 0.000000 0.000000 0.000000 0.000000 0.000000 0.000000 0.000000 0.000000 0.000000 0.000000 0.000000 0.000000 0.000000 0.000000 0.000000 0.000000 0.000000 0.000000 0.000000 0.000000 0.000000 0.000000 0.000000 0.000000 0.000000 0.000000 0.000000 0.000000 0.000000 0.000000 0.000000 0.000000 0.000000 0.000000 0.000000 0.000000 
50.000000 27.439557 11.919044 4.168269 1.200858 0.291305 0.060636 0.011003 0.001764 0.000252 0.000033 0.000004 0.000000 0.000000 0.000000 0.000000 0.000000 0.000000 0.000000 0.000000 0.000000 0.000000 0.000000 0.000000 0.000000 0.000000 0.000000 0.000000 0.000000 0.000000 0.000000 0.000000 0.000000 0.000000 0.000000 0.000000 0.000000 0.000000 0.000000 0.000000 0.000000 0.000000 0.000000 0.000000 0.000000 0.000000 0.000000 0.000000 0.000000 0.000000 
50.000000 27.439557 11.919044 4.168269 1.200858 0.291305 0.060636 0.011003 0.001764 0.000252 0.000033 0.000004 0.000000 0.000000 0.000000 0.000000 0.000000 0.000000 0.000000 0.000000 0.000000 0.000000 0.000000 0.000000 0.000000 0.000000 0.000000 0.000000 0.000000 0.000000 0.000000 0.000000 0.000000 0.000000 0.000000 0.000000 0.000000 0.000000 0.000000 0.000000 0.000000 0.000000 0.000000 0.000000 0.000000 0.000000 0.000000 0.000000 0.000000 0.000000 
50.000000 27.439557 11.919044 4.168269 1.200858 0.291305 0.060636 0.011003 0.001764 0.000252 0.000033 0.000004 0.000000 0.000000 0.000000 0.000000 0.000000 0.000000 0.000000 0.000000 0.000000 0.000000 0.000000 0.000000 0.000000 0.000000 0.000000 0.000000 0.000000 0.000000 0.000000 0.000000 0.000000 0.000000 0.000000 0.000000 0.000000 0.000000 0.000000 0.000000 0.000000 0.000000 0.000000 0.000000 0.000000 0.000000 0.000000 0.000000 0.000000 0.000000 
50.000000 27.439557 11.919044 4.168269 1.200858 0.291305 0.060636 0.011003 0.001764 0.000252 0.000033 0.000004 0.000000 0.000000 0.000000 0.000000 0.000000 0.000000 0.000000 0.000000 0.000000 0.000000 0.000000 0.000000 0.000000 0.000000 0.000000 0.000000 0.000000 0.000000 0.000000 0.000000 0.000000 0.000000 0.000000 0.000000 0.000000 0.000000 0.000000 0.000000 0.000000 0.000000 0.000000 0.000000 0.000000 0.000000 0.000000 0.000000 0.000000 0.000000 
50.000000 27.439557 11.919044 4.168269 1.200858 0.291305 0.060636 0.011003 0.001764 0.000252 0.000033 0.000004 0.000000 0.000000 0.000000 0.000000 0.000000 0.000000 0.000000 0.000000 0.000000 0.000000 0.000000 0.000000 0.000000 0.000000 0.000000 0.000000 0.000000 0.000000 0.000000 0.000000 0.000000 0.000000 0.000000 0.000000 0.000000 0.000000 0.000000 0.000000 0.000000 0.000000 0.000000 0.000000 0.000000 0.000000 0.000000 0.000000 0.000000 0.000000 
50.000000 27.439557 11.919044 4.168269 1.200858 0.291305 0.060636 0.011003 0.001764 0.000252 0.000033 0.000004 0.000000 0.000000 0.000000 0.000000 0.000000 0.000000 0.000000 0.000000 0.000000 0.000000 0.000000 0.000000 0.000000 0.000000 0.000000 0.000000 0.000000 0.000000 0.000000 0.000000 0.000000 0.000000 0.000000 0.000000 0.000000 0.000000 0.000000 0.000000 0.000000 0.000000 0.000000 0.000000 0.000000 0.000000 0.000000 0.000000 0.000000 0.000000 
50.000000 27.439557 11.919044 4.168269 1.200858 0.291305 0.060636 0.011003 0.001764 0.000252 0.000033 0.000004 0.000000 0.000000 0.000000 0.000000 0.000000 0.000000 0.000000 0.000000 0.000000 0.000000 0.000000 0.000000 0.000000 0.000000 0.000000 0.000000 0.000000 0.000000 0.000000 0.000000 0.000000 0.000000 0.000000 0.000000 0.000000 0.000000 0.000000 0.000000 0.000000 0.000000 0.000000 0.000000 0.000000 0.000000 0.000000 0.000000 0.000000 0.000000 
50.000000 27.439557 11.919044 4.168269 1.200858 0.291305 0.060636 0.011003 0.001764 0.000252 0.000033 0.000004 0.000000 0.000000 0.000000 0.000000 0.000000 0.000000 0.000000 0.000000 0.000000 0.000000 0.000000 0.000000 0.000000 0.000000 0.000000 0.000000 0.000000 0.000000 0.000000 0.000000 0.000000 0.000000 0.000000 0.000000 0.000000 0.000000 0.000000 0.000000 0.000000 0.000000 0.000000 0.000000 0.000000 0.000000 0.000000 0.000000 0.000000 0.000000 
50.000000 27.439557 11.919044 4.168269 1.200858 0.291305 0.060636 0.011003 0.001764 0.000252 0.000033 0.000004 0.000000 0.000000 0.000000 0.000000 0.000000 0.000000 0.000000 0.000000 0.000000 0.000000 0.000000 0.000000 0.000000 0.000000 0.000000 0.000000 0.000000 0.000000 0.000000 0.000000 0.000000 0.000000 0.000000 0.000000 0.000000 0.000000 0.000000 0.000000 0.000000 0.000000 0.000000 0.000000 0.000000 0.000000 0.000000 0.000000 0.000000 0.000000 
50.000000 27.439557 11.919044 4.168269 1.200858 0.291305 0.060636 0.011003 0.001764 0.000252 0.000033 0.000004 0.000000 0.000000 0.000000 0.000000 0.000000 0.000000 0.000000 0.000000 0.000000 0.000000 0.000000 0.000000 0.000000 0.000000 0.000000 0.000000 0.000000 0.000000 0.000000 0.000000 0.000000 0.000000 0.000000 0.000000 0.000000 0.000000 0.000000 0.000000 0.000000 0.000000 0.000000 0.000000 0.000000 0.000000 0.000000 0.000000 0.000000 0.000000 
50.000000 27.439557 11.919044 4.168269 1.200858 0.291305 0.060636 0.011003 0.001764 0.000252 0.000033 0.000004 0.000000 0.000000 0.000000 0.000000 0.000000 0.000000 0.000000 0.000000 0.000000 0.000000 0.000000 0.000000 0.000000 0.000000 0.000000 0.000000 0.000000 0.000000 0.000000 0.000000 0.000000 0.000000 0.000000 0.000000 0.000000 0.000000 0.000000 0.000000 0.000000 0.000000 0.000000 0.000000 0.000000 0.000000 0.000000 0.000000 0.000000 0.000000 
50.000000 27.439557 11.919044 4.168269 1.200858 0.291305 0.060636 0.011003 0.001764 0.000252 0.000033 0.000004 0.000000 0.000000 0.000000 0.000000 0.000000 0.000000 0.000000 0.000000 0.000000 0.000000 0.000000 0.000000 0.000000 0.000000 0.000000 0.000000 0.000000 0.000000 0.000000 0.000000 0.000000 0.000000 0.000000 0.000000 0.000000 0.000000 0.000000 0.000000 0.000000 0.000000 0.000000 0.000000 0.000000 0.000000 0.000000 0.000000 0.000000 0.000000 
50.000000 27.439557 11.919044 4.168269 1.200858 0.291305 0.060636 0.011003 0.001764 0.000252 0.000033 0.000004 0.000000 0.000000 0.000000 0.000000 0.000000 0.000000 0.000000 0.000000 0.000000 0.000000 0.000000 0.000000 0.000000 0.000000 0.000000 0.000000 0.000000 0.000000 0.000000 0.000000 0.000000 0.000000 0.000000 0.000000 0.000000 0.000000 0.000000 0.000000 0.000000 0.000000 0.000000 0.000000 0.000000 0.000000 0.000000 0.000000 0.000000 0.000000 
50.000000 27.439557 11.919044 4.168269 1.200858 0.291305 0.060636 0.011003 0.001764 0.000252 0.000033 0.000004 0.000000 0.000000 0.000000 0.000000 0.000000 0.000000 0.000000 0.000000 0.000000 0.000000 0.000000 0.000000 0.000000 0.000000 0.000000 0.000000 0.000000 0.000000 0.000000 0.000000 0.000000 0.000000 0.000000 0.000000 0.000000 0.000000 0.000000 0.000000 0.000000 0.000000 0.000000 0.000000 0.000000 0.000000 0.000000 0.000000 0.000000 0.000000 
50.000000 27.439557 11.919044 4.168269 1.200858 0.291305 0.060636 0.011003 0.001764 0.000252 0.000033 0.000004 0.000000 0.000000 0.000000 0.000000 0.000000 0.000000 0.000000 0.000000 0.000000 0.000000 0.000000 0.000000 0.000000 0.000000 0.000000 0.000000 0.000000 0.000000 0.000000 0.000000 0.000000 0.000000 0.000000 0.000000 0.000000 0.000000 0.000000 0.000000 0.000000 0.000000 0.000000 0.000000 0.000000 0.000000 0.000000 0.000000 0.000000 0.000000 
50.000000 27.439557 11.919044 4.168269 1.200858 0.291305 0.060636 0.011003 0.001764 0.000252 0.000033 0.000004 0.000000 0.000000 0.000000 0.000000 0.000000 0.000000 0.000000 0.000000 0.000000 0.000000 0.000000 0.000000 0.000000 0.000000 0.000000 0.000000 0.000000 0.000000 0.000000 0.000000 0.000000 0.000000 0.000000 0.000000 0.000000 0.000000 0.000000 0.000000 0.000000 0.000000 0.000000 0.000000 0.000000 0.000000 0.000000 0.000000 0.000000 0.000000 
50.000000 27.439557 11.919044 4.168269 1.200858 0.291305 0.060636 0.011003 0.001764 0.000252 0.000033 0.000004 0.000000 0.000000 0.000000 0.000000 0.000000 0.000000 0.000000 0.000000 0.000000 0.000000 0.000000 0.000000 0.000000 0.000000 0.000000 0.000000 0.000000 0.000000 0.000000 0.000000 0.000000 0.000000 0.000000 0.000000 0.000000 0.000000 0.000000 0.000000 0.000000 0.000000 0.000000 0.000000 0.000000 0.000000 0.000000 0.000000 0.000000 0.000000 
50.000000 27.439557 11.919044 4.168269 1.200858 0.291305 0.060636 0.011003 0.001764 0.000252 0.000033 0.000004 0.000000 0.000000 0.000000 0.000000 0.000000 0.000000 0.000000 0.000000 0.000000 0.000000 0.000000 0.000000 0.000000 0.000000 0.000000 0.000000 0.000000 0.000000 0.000000 0.000000 0.000000 0.000000 0.000000 0.000000 0.000000 0.000000 0.000000 0.000000 0.000000 0.000000 0.000000 0.000000 0.000000 0.000000 0.000000 0.000000 0.000000 0.000000 
50.000000 27.439557 11.919044 4.168269 1.200858 0.291305 0.060636 0.011003 0.001764 0.000252 0.000033 0.000004 0.000000 0.000000 0.000000 0.000000 0.000000 0.000000 0.000000 0.000000 0.000000 0.000000 0.000000 0.000000 0.000000 0.000000 0.000000 0.000000 0.000000 0.000000 0.000000 0.000000 0.000000 0.000000 0.000000 0.000000 0.000000 0.000000 0.000000 0.000000 0.000000 0.000000 0.000000 0.000000 0.000000 0.000000 0.000000 0.000000 0.000000 0.000000 
50.000000 27.439557 11.919044 4.168269 1.200858 0.291305 0.060636 0.011003 0.001764 0.000252 0.000033 0.000004 0.000000 0.000000 0.000000 0.000000 0.000000 0.000000 0.000000 0.000000 0.000000 0.000000 0.000000 0.000000 0.000000 0.000000 0.000000 0.000000 0.000000 0.000000 0.000000 0.000000 0.000000 0.000000 0.000000 0.000000 0.000000 0.000000 0.000000 0.000000 0.000000 0.000000 0.000000 0.000000 0.000000 0.000000 0.000000 0.000000 0.000000 0.000000 
50.000000 27.439557 11.919044 4.168269 1.200858 0.291305 0.060636 0.011003 0.001764 0.000252 0.000033 0.000004 0.000000 0.000000 0.000000 0.000000 0.000000 0.000000 0.000000 0.000000 0.000000 0.000000 0.000000 0.000000 0.000000 0.000000 0.000000 0.000000 0.000000 0.000000 0.000000 0.000000 0.000000 0.000000 0.000000 0.000000 0.000000 0.000000 0.000000 0.000000 0.000000 0.000000 0.000000 0.000000 0.000000 0.000000 0.000000 0.000000 0.000000 0.000000 
50.000000 27.439557 11.919044 4.168269 1.200858 0.291305 0.060636 0.011003 0.001764 0.000252 0.000033 0.000004 0.000000 0.000000 0.000000 0.000000 0.000000 0.000000 0.000000 0.000000 0.000000 0.000000 0.000000 0.000000 0.000000 0.000000 0.000000 0.000000 0.000000 0.000000 0.000000 0.000000 0.000000 0.000000 0.000000 0.000000 0.000000 0.000000 0.000000 0.000000 0.000000 0.000000 0.000000 0.000000 0.000000 0.000000 0.000000 0.000000 0.000000 0.000000 
50.000000 27.439557 11.919044 4.168269 1.200858 0.291306 0.060636 0.011003 0.001764 0.000252 0.000033 0.000004 0.000000 0.000000 0.000000 0.000000 0.000000 0.000000 0.000000 0.000000 0.000000 0.000000 0.000000 0.000000 0.000000 0.000000 0.000000 0.000000 0.000000 0.000000 0.000000 0.000000 0.000000 0.000000 0.000000 0.000000 0.000000 0.000000 0.000000 0.000000 0.000000 0.000000 0.000000 0.000000 0.000000 0.000000 0.000000 0.000000 0.000000 0.000000 
50.000000 27.439557 11.919045 4.168269 1.200859 0.291306 0.060636 0.011003 0.001764 0.000253 0.000033 0.000004 0.000001 0.000000 0.000000 0.000000 0.000000 0.000000 0.000000 0.000000 0.000000 0.000000 0.000000 0.000000 0.000000 0.000000 0.000000 0.000000 0.000000 0.000000 0.000000 0.000000 0.000000 0.000000 0.000000 0.000000 0.000000 0.000000 0.000000 0.000000 0.000000 0.000000 0.000000 0.000000 0.000000 0.000000 0.000000 0.000000 0.000000 0.000000 
50.000000 27.439559 11.919047 4.168272 1.200862 0.291309 0.060640 0.011007 0.001767 0.000256 0.000036 0.000008 0.000004 0.000004 0.000004 0.000004 0.000004 0.000004 0.000004 0.000004 0.000004 0.000004 0.000004 0.000004 0.000004 0.000004 0.000004 0.000004 0.000004 0.000004 0.000004 0.000004 0.000004 0.000004 0.000004 0.000004 0.000004 0.000004 0.000004 0.000004 0.000004 0.000004 0.000004 0.000004 0.000004 0.000004 0.000004 0.000003 0.000002 0.000000 
50.000000 27.439572 11.919070 4.168299 1.200890 0.291338 0.060668 0.011035 0.001796 0.000285 0.000065 0.000036 0.000033 0.000033 0.000033 0.000033 0.000033 0.000033 0.000033 0.000033 0.000033 0.000033 0.000033 0.000033 0.000033 0.000033 0.000033 0.000033 0.000033 0.000033 0.000033 0.000033 0.000033 0.000033 0.000033 0.000033 0.000033 0.000033 0.000033 0.000033 0.000033 0.000033 0.000033 0.000033 0.000032 0.000032 0.000031 0.000026 0.000016 0.000000 
50.000000 27.439673 11.919239 4.168502 1.201105 0.291557 0.060888 0.011255 0.002016 0.000505 0.000285 0.000256 0.000253 0.000252 0.000252 0.000252 0.000252 0.000252 0.000252 0.000252 0.000252 0.000252 0.000252 0.000252 0.000252 0.000252 0.000252 0.000252 0.000252 0.000252 0.000252 0.000252 0.000252 0.000252 0.000252 0.000252 0.000252 0.000252 0.000252 0.000252 0.000252 0.000252 0.000252 0.000252 0.000252 0.000248 0.000237 0.000202 0.000124 0.000000 
50.000000 27.440368 11.920404 4.169895 1.202584 0.293060 0.062398 0.012766 0.003527 0.002016 0.001796 0.001767 0.001764 0.001764 0.001764 0.001764 0.001764 0.001764 0.001764 0.001764 0.001764 0.001764 0.001764 0.001764 0.001764 0.001764 0.001764 0.001764 0.001764 0.001764 0.001764 0.001764 0.001764 0.001764 0.001764 0.001764 0.001764 0.001764 0.001764 0.001764 0.001764 0.001764 0.001763 0.001762 0.001758 0.001737 0.001657 0.001417 0.000870 0.000000 
50.000000 27.444602 11.927512 4.178407 1.211619 0.302251 0.071627 0.022004 0.012766 0.011255 0.011035 0.011007 0.011003 0.011003 0.011003 0.011003 0.011003 0.011003 0.011003 0.011003 0.011003 0.011003 0.011003 0.011003 0.011003 0.011003 0.011003 0.011003 0.011003 0.011003 0.011003 0.011003 0.011003 0.011003 0.011003 0.011003 0.011003 0.011003 0.011003 0.011003 0.011003 0.011003 0.011002 0.010997 0.010968 0.010840 0.010355 0.008881 0.005480 0.000000 
50.000000 27.467276 11.965619 4.224089 1.260139 0.351621 0.121207 0.071627 0.062398 0.060888 0.060668 0.060640 0.060636 0.060636 0.060636 0.060636 0.060636 0.060636 0.060636 0.060636 0.060636 0.060636 0.060636 0.060636 0.060636 0.060636 0.060636 0.060636 0.060636 0.060636 0.060636 0.060636 0.060636 0.060636 0.060636 0.060636 0.060636 0.060636 0.060636 0.060636 0.060636 0.060635 0.060631 0.060603 0.060457 0.059786 0.057212 0.049273 0.030609 0.000000 
50.000000 27.572350 12.142390 4.436192 1.485551 0.581039 0.351621 0.302251 0.293060 0.291557 0.291338 0.291309 0.291306 0.291306 0.291305 0.291305 0.291305 0.291305 0.291305 0.291305 0.291305 0.291305 0.291305 0.291305 0.291305 0.291305 0.291305 0.291305 0.291305 0.291305 0.291305 0.291305 0.291305 0.291305 0.291305 0.291305 0.291305 0.291305 0.291305 0.291305 0.291305 0.291302 0.291283 0.291164 0.290519 0.287525 0.275858 0.239051 0.150083 0.000000 
50.000000 27.985508 12.838152 5.271772 2.374050 1.485551 1.260139 1.211619 1.202584 1.201105 1.200890 1.200862 1.200859 1.200858 1.200858 1.200858 1.200858 1.200858 1.200858 1.200858 1.200858 1.200858 1.200858 1.200858 1.200858 1.200858 1.200858 1.200858 1.200858 1.200858 1.200858 1.200858 1.200858 1.200858 1.200858 1.200858 1.200858 1.200858 1.200858 1.200858 1.200857 1.200847 1.200779 1.200353 1.198026 1.187025 1.143118 0.999983 0.638756 0.000000 
50.000000 29.329897 15.104204 7.995493 5.271772 4.436192 4.224089 4.178407 4.169895 4.168502 4.168299 4.168272 4.168269 4.168269 4.168269 4.168269 4.168269 4.168269 4.168269 4.168269 4.168269 4.168269 4.168269 4.168269 4.168269 4.168269 4.168269 4.168269 4.168269 4.168269 4.168269 4.168269 4.168269 4.168269 4.168269 4.168269 4.168269 4.168269 4.168269 4.168268 4.168265 4.168238 4.168052 4.166876 4.160335 4.128654 3.997746 3.549297 2.336191 0.000000 
50.000000 32.833127 21.013977 15.104204 12.838152 12.142390 11.965619 11.927512 11.920404 11.919239 11.919070 11.919047 11.919045 11.919044 11.919044 11.919044 11.919044 11.919044 11.919044 11.919044 11.919044 11.919044 11.919044 11.919044 11.919044 11.919044 11.919044 11.919044 11.919044 11.919044 11.919044 11.919044 11.919044 11.919044 11.919044 11.919044 11.919044 11.919044 11.919044 11.919044 11.919037 11.918987 11.918630 11.916346 11.903339 11.838169 11.554907 10.506988 7.315549 0.000000 
50.000000 39.834677 32.833127 29.329897 27.985508 27.572350 27.467276 27.444602 27.440368 27.439673 27.439572 27.439559 27.439557 27.439557 27.439557 27.439557 27.439557 27.439557 27.439557 27.439557 27.439557 27.439557 27.439557 27.439557 27.439557 27.439557 27.439557 27.439557 27.439557 27.439557 27.439557 27.439557 27.439557 27.439557 27.439557 27.439557 27.439557 27.439557 27.439557 27.439556 27.439550 27.439498 27.439122 27.436667 27.422267 27.346751 26.993707 25.517578 19.917339 0.000000 
50.000000 50.000000 50.000000 50.000000 50.000000 50.000000 50.000000 50.000000 50.000000 50.000000 50.000000 50.000000 50.000000 50.000000 50.000000 50.000000 50.000000 50.000000 50.000000 50.000000 50.000000 50.000000 50.000000 50.000000 50.000000 50.000000 50.000000 50.000000 50.000000 50.000000 50.000000 50.000000 50.000000 50.000000 50.000000 50.000000 50.000000 50.000000 50.000000 50.000000 50.000000 50.000000 50.000000 50.000000 50.000000 50.000000 50.000000 50.000000 50.000000 50.000000 
