50.000000 50.000000 50.000000 50.000000 50.000000 50.000000 50.000000 50.000000 50.000000 50.000000 50.000000 50.000000 50.000000 50.000000 50.000000 50.000000 50.000000 50.000000 50.000000 50.000000 50.000000 50.000000 50.000000 50.000000 50.000000 50.000000 50.000000 50.000000 50.000000 50.000000 50.000000 50.000000 50.000000 50.000000 50.000000 50.000000 50.000000 50.000000 50.000000 50.000000 50.000000 50.000000 50.000000 50.000000 50.000000 50.000000 50.000000 50.000000 50.000000 50.000000 
50.000000 48.065654 46.248671 44.645089 43.314743 42.276552 41.513740 40.985479 40.640264 40.427103 40.302565 40.233622 40.197405 40.179324 40.170735 40.166845 40.165164 40.164470 40.164195 40.164091 40.164054 40.164040 40.164036 40.164034 40.164034 40.164034 40.164034 40.164034 40.164034 40.164033 40.164031 40.164025 40.164007 40.163956 40.163820 40.163467 40.162581 40.160442 40.155456 40.144241 40.119841 40.068369 39.962652 39.749893 39.326273 38.479479 36.742856 32.977637 24.032827 0.000000 
50.000000 46.248671 42.724956 39.615111 37.035171 35.021828 33.542537 32.518117 31.848675 31.435320 31.193825 31.060138 30.989911 30.954853 30.938198 30.930656 30.927397 30.926051 30.925519 30.925318 30.925244 30.925219 30.925210 30.925207 30.925206 30.925206 30.925206 30.925206 30.925206 30.925204 30.925201 30.925190 30.925157 30.925067 30.924824 30.924195 30.922621 30.918831 30.910036 30.890360 30.847867 30.759133 30.579504 30.225706 29.544443 28.254471 25.839241 21.362478 13.271034 0.000000 
50.000000 44.645089 39.615111 35.175948 31.493243 28.619361 26.507832 25.045613 24.090100 23.500122 23.155448 22.964649 22.864425 22.814394 22.790626 22.779864 22.775214 22.773293 22.772534 22.772246 22.772142 22.772105 22.772093 22.772089 22.772088 22.772087 22.772087 22.772087 22.772087 22.772085 22.772080 22.772066 22.772026 22.771914 22.771612 22.770831 22.768888 22.764232 22.753494 22.729660 22.678720 22.573805 22.365381 21.965482 21.223579 19.892366 17.587974 13.775870 7.902233 0.000000 
50.000000 43.314743 37.035171 31.493243 26.895753 23.308062 20.672135 18.846821 17.654074 16.917641 16.487422 16.249277 16.124188 16.061748 16.032086 16.018656 16.012853 16.010456 16.009509 16.009150 16.009020 16.008974 16.008959 16.008954 16.008952 16.008952 16.008952 16.008952 16.008951 16.008950 16.008945 16.008930 16.008889 16.008773 16.008462 16.007663 16.005682 16.000964 15.990164 15.966417 15.916262 15.814537 15.616448 15.246269 14.583193 13.447876 11.600877 8.780700 4.835264 0.000000 
50.000000 42.276552 35.021828 28.619361 23.308062 19.163427 16.118380 14.009821 12.632033 11.781382 11.284458 11.009401 10.864930 10.792819 10.758564 10.743056 10.736355 10.733587 10.732494 10.732080 10.731929 10.731877 10.731859 10.731853 10.731851 10.731851 10.731851 10.731850 10.731850 10.731849 10.731844 10.731831 10.731793 10.731689 10.731409 10.730693 10.728929 10.724756 10.715279 10.694645 10.651598 10.565619 10.401393 10.101896 9.581713 8.724868 7.395782 5.477385 2.950279 0.000000 
50.000000 41.513740 33.542537 26.507832 20.672135 16.118380 12.772836 10.456262 8.942601 8.008096 7.462208 7.160062 7.001370 6.922165 6.884542 6.867510 6.860151 6.857112 6.855911 6.855456 6.855291 6.855233 6.855214 6.855208 6.855206 6.855205 6.855205 6.855205 6.855204 6.855203 6.855200 6.855189 6.855158 6.855073 6.854848 6.854272 6.852862 6.849549 6.842087 6.826000 6.792837 6.727555 6.605053 6.386418 6.016485 5.425866 4.542350 3.316831 1.763846 0.000000 
50.000000 40.985479 32.518117 25.045613 18.846821 14.009821 10.456262 7.995716 6.388030 5.395510 4.815753 4.494874 4.326350 4.242241 4.202291 4.184206 4.176393 4.173166 4.171891 4.171409 4.171233 4.171172 4.171151 4.171145 4.171143 4.171142 4.171142 4.171142 4.171142 4.171141 4.171138 4.171130 4.171107 4.171044 4.170878 4.170456 4.169429 4.167030 4.161672 4.150226 4.126895 4.081573 3.997858 3.851209 3.608428 3.230374 2.680231 1.938613 1.022827 0.000000 
50.000000 40.640264 31.848675 24.090100 17.654074 12.632033 8.942601 6.388030 4.718952 3.688560 3.086700 2.753598 2.578661 2.491355 2.449888 2.431117 2.423007 2.419659 2.418336 2.417835 2.417653 2.417589 2.417568 2.417561 2.417559 2.417558 2.417558 2.417558 2.417558 2.417557 2.417555 2.417550 2.417534 2.417491 2.417379 2.417094 2.416404 2.414803 2.411254 2.403741 2.388579 2.359476 2.306457 2.215046 2.066414 1.839536 1.516294 1.089542 0.571894 0.000000 
50.000000 40.427103 31.435320 23.500122 16.917641 11.781382 8.008096 5.395510 3.688560 2.634811 2.019323 1.678688 1.499799 1.410523 1.368122 1.348929 1.340637 1.337214 1.335861 1.335349 1.335163 1.335098 1.335076 1.335069 1.335067 1.335066 1.335066 1.335066 1.335066 1.335065 1.335064 1.335061 1.335051 1.335024 1.334953 1.334774 1.334344 1.333352 1.331167 1.326579 1.317406 1.299981 1.268615 1.215259 1.129785 1.001379 0.821403 0.587453 0.307262 0.000000 
50.000000 40.302565 31.193825 23.155448 16.487422 11.284458 7.462208 4.815753 3.086700 2.019323 1.395886 1.050858 0.869666 0.779243 0.736297 0.716858 0.708461 0.704993 0.703624 0.703105 0.702916 0.702851 0.702829 0.702821 0.702819 0.702819 0.702818 0.702818 0.702818 0.702818 0.702817 0.702815 0.702809 0.702793 0.702752 0.702647 0.702397 0.701822 0.700565 0.697943 0.692744 0.682959 0.665527 0.636208 0.589813 0.521004 0.425788 0.303465 0.158324 0.000000 
50.000000 40.233622 31.060138 22.964649 16.249277 11.009401 7.160062 4.494874 2.753598 1.678688 1.050858 0.703402 0.520939 0.429882 0.386637 0.367062 0.358606 0.355115 0.353735 0.353213 0.353023 0.352957 0.352935 0.352928 0.352926 0.352925 0.352925 0.352925 0.352925 0.352924 0.352924 0.352923 0.352920 0.352911 0.352888 0.352830 0.352693 0.352381 0.351701 0.350293 0.347520 0.342344 0.333202 0.317975 0.294122 0.259112 0.211155 0.150101 0.078166 0.000000 
50.000000 40.197405 30.989911 22.864425 16.124188 10.864930 7.001370 4.326350 2.578661 1.499799 0.869666 0.520939 0.337809 0.246420 0.203018 0.183372 0.174886 0.171382 0.169998 0.169473 0.169283 0.169217 0.169194 0.169187 0.169185 0.169184 0.169184 0.169184 0.169184 0.169184 0.169184 0.169183 0.169181 0.169177 0.169165 0.169135 0.169065 0.168904 0.168558 0.167844 0.166447 0.163858 0.159320 0.151821 0.140174 0.123224 0.100193 0.071080 0.036963 0.000000 
50.000000 40.179324 30.954853 22.814394 16.061748 10.792819 6.922165 4.242241 2.491355 1.410523 0.779243 0.429882 0.246420 0.154867 0.111386 0.091706 0.083204 0.079694 0.078307 0.077782 0.077591 0.077524 0.077502 0.077495 0.077493 0.077492 0.077492 0.077492 0.077492 0.077492 0.077492 0.077491 0.077490 0.077488 0.077482 0.077468 0.077433 0.077356 0.077189 0.076846 0.076179 0.074951 0.072812 0.069302 0.063889 0.056066 0.045506 0.032233 0.016743 0.000000 
50.000000 40.170735 30.938198 22.790626 16.032086 10.758564 6.884542 4.202291 2.449888 1.368122 0.736297 0.386637 0.203018 0.111386 0.067868 0.048171 0.039662 0.036149 0.034761 0.034235 0.034045 0.033978 0.033956 0.033948 0.033946 0.033946 0.033945 0.033945 0.033945 0.033945 0.033945 0.033945 0.033945 0.033944 0.033941 0.033934 0.033918 0.033883 0.033806 0.033650 0.033348 0.032794 0.031835 0.030270 0.027871 0.024423 0.019795 0.014003 0.007268 0.000000 
50.000000 40.166845 30.930656 22.779864 16.018656 10.743056 6.867510 4.184206 2.431117 1.348929 0.716858 0.367062 0.183372 0.091706 0.048171 0.028466 0.019954 0.016440 0.015051 0.014525 0.014334 0.014268 0.014245 0.014238 0.014236 0.014235 0.014235 0.014235 0.014235 0.014235 0.014235 0.014235 0.014235 0.014234 0.014233 0.014230 0.014223 0.014208 0.014174 0.014107 0.013976 0.013738 0.013328 0.012662 0.011646 0.010194 0.008252 0.005832 0.003025 0.000000 
50.000000 40.165164 30.927397 22.775214 16.012853 10.736355 6.860151 4.176393 2.423007 1.340637 0.708461 0.358606 0.174886 0.083204 0.039662 0.019954 0.011440 0.007925 0.006537 0.006011 0.005820 0.005753 0.005731 0.005724 0.005721 0.005721 0.005721 0.005721 0.005721 0.005720 0.005720 0.005720 0.005720 0.005720 0.005720 0.005718 0.005716 0.005709 0.005695 0.005667 0.005614 0.005516 0.005348 0.005078 0.004666 0.004080 0.003300 0.002330 0.001208 0.000000 
50.000000 40.164470 30.926051 22.773293 16.010456 10.733587 6.857112 4.173166 2.419659 1.337214 0.704993 0.355115 0.171382 0.079694 0.036149 0.016440 0.007925 0.004410 0.003021 0.002496 0.002305 0.002238 0.002216 0.002208 0.002206 0.002205 0.002205 0.002205 0.002205 0.002205 0.002205 0.002205 0.002205 0.002205 0.002205 0.002204 0.002203 0.002201 0.002195 0.002184 0.002163 0.002125 0.002059 0.001954 0.001794 0.001568 0.001267 0.000894 0.000463 0.000000 
50.000000 40.164195 30.925519 22.772534 16.009509 10.732494 6.855911 4.171891 2.418336 1.335861 0.703624 0.353735 0.169998 0.078307 0.034761 0.015051 0.006537 0.003021 0.001633 0.001107 0.000916 0.000849 0.000827 0.000819 0.000817 0.000817 0.000816 0.000816 0.000816 0.000816 0.000816 0.000816 0.000816 0.000816 0.000816 0.000816 0.000816 0.000815 0.000812 0.000808 0.000800 0.000786 0.000761 0.000722 0.000663 0.000579 0.000467 0.000330 0.000171 0.000000 
50.000000 40.164091 30.925318 22.772246 16.009150 10.732080 6.855456 4.171409 2.417835 1.335349 0.703105 0.353213 0.169473 0.077782 0.034235 0.014525 0.006011 0.002496 0.001107 0.000581 0.000390 0.000323 0.000301 0.000294 0.000291 0.000291 0.000291 0.000290 0.000290 0.000290 0.000290 0.000290 0.000290 0.000290 0.000290 0.000290 0.000290 0.000290 0.000289 0.000288 0.000285 0.000279 0.000271 0.000257 0.000235 0.000205 0.000166 0.000117 0.000060 0.000000 
50.000000 40.164054 30.925244 22.772142 16.009020 10.731929 6.855291 4.171233 2.417653 1.335163 0.702916 0.353023 0.169283 0.077591 0.034045 0.014334 0.005820 0.002305 0.000916 0.000390 0.000199 0.000132 0.000110 0.000103 0.000100 0.000100 0.000100 0.000099 0.000099 0.000099 0.000099 0.000099 0.000099 0.000099 0.000099 0.000099 0.000099 0.000099 0.000099 0.000098 0.000097 0.000096 0.000093 0.000088 0.000080 0.000070 0.000057 0.000040 0.000021 0.000000 
50.000000 40.164040 30.925219 22.772105 16.008974 10.731877 6.855233 4.171172 2.417589 1.335098 0.702851 0.352957 0.169217 0.077524 0.033978 0.014268 0.005753 0.002238 0.000849 0.000323 0.000132 0.000066 0.000043 0.000036 0.000034 0.000033 0.000033 0.000033 0.000033 0.000033 0.000033 0.000033 0.000033 0.000033 0.000033 0.000033 0.000033 0.000033 0.000033 0.000032 0.000032 0.000032 0.000031 0.000029 0.000026 0.000023 0.000019 0.000013 0.000007 0.000000 
50.000000 40.164036 30.925210 22.772093 16.008959 10.731859 6.855214 4.171151 2.417568 1.335076 0.702829 0.352935 0.169194 0.077502 0.033956 0.014245 0.005731 0.002216 0.000827 0.000301 0.000110 0.000043 0.000021 0.000014 0.000011 0.000011 0.000011 0.000010 0.000010 0.000010 0.000010 0.000010 0.000010 0.000010 0.000010 0.000010 0.000010 0.000010 0.000010 0.000010 0.000010 0.000010 0.000010 0.000009 0.000008 0.000007 0.000006 0.000004 0.000002 0.000000 
50.000000 40.164034 30.925207 22.772089 16.008954 10.731853 6.855208 4.171145 2.417561 1.335069 0.702822 0.352928 0.169187 0.077495 0.033949 0.014238 0.005724 0.002208 0.000820 0.000294 0.000103 0.000036 0.000014 0.000006 0.000004 0.000004 0.000003 0.000003 0.000003 0.000003 0.000003 0.000003 0.000003 0.000003 0.000003 0.000003 0.000003 0.000003 0.000003 0.000003 0.000003 0.000003 0.000003 0.000003 0.000003 0.000002 0.000002 0.000001 0.000001 0.000000 
50.000000 40.164034 30.925207 22.772088 16.008953 10.731852 6.855206 4.171143 2.417559 1.335067 0.702820 0.352926 0.169185 0.077493 0.033946 0.014236 0.005722 0.002206 0.000817 0.000292 0.000101 0.000034 0.000012 0.000004 0.000002 0.000001 0.000001 0.000001 0.000001 0.000001 0.000001 0.000001 0.000001 0.000001 0.000001 0.000001 0.000001 0.000001 0.000001 0.000001 0.000001 0.000001 0.000001 0.000001 0.000001 0.000001 0.000001 0.000000 0.000000 0.000000 
50.000000 40.164034 30.925207 22.772088 16.008953 10.731852 6.855206 4.171143 2.417559 1.335067 0.702820 0.352926 0.169185 0.077493 0.033946 0.014236 0.005722 0.002206 0.000817 0.000292 0.000101 0.000034 0.000012 0.000004 0.000002 0.000001 0.000001 0.000001 0.000001 0.000001 0.000001 0.000001 0.000001 0.000001 0.000001 0.000001 0.000001 0.000001 0.000001 0.000001 0.000001 0.000001 0.000001 0.000001 0.000001 0.000001 0.000001 0.000000 0.000000 0.000000 
50.000000 40.164034 30.925207 22.772089 16.008954 10.731853 6.855208 4.171145 2.417561 1.335069 0.702822 0.352928 0.169187 0.077495 0.033949 0.014238 0.005724 0.002208 0.000820 0.000294 0.000103 0.000036 0.000014 0.000006 0.000004 0.000004 0.000003 0.000003 0.000003 0.000003 0.000003 0.000003 0.000003 0.000003 0.000003 0.000003 0.000003 0.000003 0.000003 0.000003 0.000003 0.000003 0.000003 0.000003 0.000003 0.000002 0.000002 0.000001 0.000001 0.000000 
50.000000 40.164036 30.925210 22.772093 16.008959 10.731859 6.855214 4.171151 2.417568 1.335076 0.702829 0.352935 0.169194 0.077502 0.033956 0.014245 0.005731 0.002216 0.000827 0.000301 0.000110 0.000043 0.000021 0.000014 0.000011 0.000011 0.000011 0.000010 0.000010 0.000010 0.000010 0.000010 0.000010 0.000010 0.000010 0.000010 0.000010 0.000010 0.000010 0.000010 0.000010 0.000010 0.000010 0.000009 0.000008 0.000007 0.000006 0.000004 0.000002 0.000000 
50.000000 40.164040 30.925219 22.772105 16.008974 10.731877 6.855233 4.171172 2.417589 1.335098 0.702851 0.352957 0.169217 0.077524 0.033978 0.014268 0.005753 0.002238 0.000849 0.000323 0.000132 0.000066 0.000043 0.000036 0.000034 0.000033 0.000033 0.000033 0.000033 0.000033 0.000033 0.000033 0.000033 0.000033 0.000033 0.000033 0.000033 0.000033 0.000033 0.000032 0.000032 0.000032 0.000031 0.000029 0.000026 0.000023 0.000019 0.000013 0.000007 0.000000 
50.000000 40.164054 30.925244 22.772142 16.009020 10.731929 6.855291 4.171233 2.417653 1.335163 0.702916 0.353023 0.169283 0.077591 0.034045 0.014334 0.005820 0.002305 0.000916 0.000390 0.000199 0.000132 0.000110 0.000103 0.000100 0.000100 0.000100 0.000099 0.000099 0.000099 0.000099 0.000099 0.000099 0.000099 0.000099 0.000099 0.000099 0.000099 0.000099 0.000098 0.000097 0.000096 0.000093 0.000088 0.000080 0.000070 0.000057 0.000040 0.000021 0.000000 
50.000000 40.164091 30.925318 22.772246 16.009150 10.732080 6.855456 4.171409 2.417835 1.335349 0.703105 0.353213 0.169473 0.077782 0.034235 0.014525 0.006011 0.002496 0.001107 0.000581 0.000390 0.000323 0.000301 0.000294 0.000291 0.000291 0.000291 0.000290 0.000290 0.000290 0.000290 0.000290 0.000290 0.000290 0.000290 0.000290 0.000290 0.000290 0.000289 0.000288 0.000285 0.000279 0.000271 0.000257 0.000235 0.000205 0.000166 0.000117 0.000060 0.000000 
50.000000 40.164195 30.925519 22.772534 16.009509 10.732494 6.855911 4.171891 2.418336 1.335861 0.703624 0.353735 0.169998 0.078307 0.034761 0.015051 0.006537 0.003021 0.001633 0.001107 0.000916 0.000849 0.000827 0.000819 0.000817 0.000817 0.000816 0.000816 0.000816 0.000816 0.000816 0.000816 0.000816 0.000816 0.000816 0.000816 0.000816 0.000815 0.000812 0.000808 0.000800 0.000786 0.000761 0.000722 0.000663 0.000579 0.000467 0.000330 0.000171 0.000000 
50.000000 40.164470 30.926051 22.773293 16.010456 10.733587 6.857112 4.173166 2.419659 1.337214 0.704993 0.355115 0.171382 0.079694 0.036149 0.016440 0.007925 0.004410 0.003021 0.002496 0.002305 0.002238 0.002216 0.002208 0.002206 0.002205 0.002205 0.002205 0.002205 0.002205 0.002205 0.002205 0.002205 0.002205 0.002205 0.002204 0.002203 0.002201 0.002195 0.002184 0.002163 0.002125 0.002059 0.001954 0.001794 0.001568 0.001267 0.000894 0.000463 0.000000 
50.000000 40.165164 30.927397 22.775214 16.012853 10.736355 6.860151 4.176393 2.423007 1.340637 0.708461 0.358606 0.174886 0.083204 0.039662 0.019954 0.011440 0.007925 0.006537 0.006011 0.005820 0.005753 0.005731 0.005724 0.005721 0.005721 0.005721 0.005721 0.005721 0.005720 0.005720 0.005720 0.005720 0.005720 0.005720 0.005718 0.005716 0.005709 0.005695 0.005667 0.005614 0.005516 0.005348 0.005078 0.004666 0.004080 0.003300 0.002330 0.001208 0.000000 
50.000000 40.166845 30.930656 22.779864 16.018656 10.743056 6.867510 4.184206 2.431117 1.348929 0.716858 0.367062 0.183372 0.091706 0.048171 0.028466 0.019954 0.016440 0.015051 0.014525 0.014334 0.014268 0.014245 0.014238 0.014236 0.014235 0.014235 0.014235 0.014235 0.014235 0.014235 0.014235 0.014235 0.014234 0.014233 0.014230 0.014223 0.014208 0.014174 0.014107 0.013976 0.013738 0.013328 0.012662 0.011646 0.010194 0.008252 0.005832 0.003025 0.000000 
50.000000 40.170735 30.938198 22.790626 16.032086 10.758564 6.884542 4.202291 2.449888 1.368122 0.736297 0.386637 0.203018 0.111386 0.067868 0.048171 0.039662 0.036149 0.034761 0.034235 0.034045 0.033978 0.033956 0.033948 0.033946 0.033946 0.033945 0.033945 0.033945 0.033945 0.033945 0.033945 0.033945 0.033944 0.033941 0.033934 0.033918 0.033883 0.033806 0.033650 0.033348 0.032794 0.031835 0.030270 0.027871 0.024423 0.019795 0.014003 0.007268 0.000000 
50.000000 40.179324 30.954853 22.814394 16.061748 10.792819 6.922165 4.242241 2.491355 1.410523 0.779243 0.429882 0.246420 0.154867 0.111386 0.091706 0.083204 0.079694 0.078307 0.077782 0.077591 0.077524 0.077502 0.077495 0.077493 0.077492 0.077492 0.077492 0.077492 0.077492 0.077492 0.077491 0.077490 0.077488 0.077482 0.077468 0.077433 0.077356 0.077189 0.076846 0.076179 0.074951 0.072812 0.069302 0.063889 0.056066 0.045506 0.032233 0.016743 0.000000 
50.000000 40.197405 30.989911 22.864425 16.124188 10.864930 7.001370 4.326350 2.578661 1.499799 0.869666 0.520939 0.337809 0.246420 0.203018 0.183372 0.174886 0.171382 0.169998 0.169473 0.169283 0.169217 0.169194 0.169187 0.169185 0.169184 0.169184 0.169184 0.169184 0.169184 0.169184 0.169183 0.169181 0.169177 0.169165 0.169135 0.169065 0.168904 0.168558 0.167844 0.166447 0.163858 0.159320 0.151821 0.140174 0.123224 0.100193 0.071080 0.036963 0.000000 
50.000000 40.233622 31.060138 22.964649 16.249277 11.009401 7.160062 4.494874 2.753598 1.678688 1.050858 0.703402 0.520939 0.429882 0.386637 0.367062 0.358606 0.355115 0.353735 0.353213 0.353023 0.352957 0.352935 0.352928 0.352926 0.352925 0.352925 0.352925 0.352925 0.352924 0.352924 0.352923 0.352920 0.352911 0.352888 0.352830 0.352693 0.352381 0.351701 0.350293 0.347520 0.342344 0.333202 0.317975 0.294122 0.259112 0.211155 0.150101 0.078166 0.000000 
50.000000 40.302565 31.193825 23.155448 16.487422 11.284458 7.462208 4.815753 3.086700 2.019323 1.395886 1.050858 0.869666 0.779243 0.736297 0.716858 0.708461 0.704993 0.703624 0.703105 0.702916 0.702851 0.702829 0.702821 0.702819 0.702819 0.702818 0.702818 0.702818 0.702818 0.702817 0.702815 0.702809 0.702793 0.702752 0.702647 0.702397 0.701822 0.700565 0.697943 0.692744 0.682959 0.665527 0.636208 0.589813 0.521004 0.425788 0.303465 0.158324 0.000000 
50.000000 40.427103 31.435320 23.500122 16.917641 11.781382 8.008096 5.395510 3.688560 2.634811 2.019323 1.678688 1.499799 1.410523 1.368122 1.348929 1.340637 1.337214 1.335861 1.335349 1.335163 1.335098 1.335076 1.335069 1.335067 1.335066 1.335066 1.335066 1.335066 1.335065 1.335064 1.335061 1.335051 1.335024 1.334953 1.334774 1.334344 1.333352 1.331167 1.326579 1.317406 1.299981 1.268615 1.215259 1.129785 1.001379 0.821403 0.587453 0.307262 0.000000 
50.000000 40.640264 31.848675 24.090100 17.654074 12.632033 8.942601 6.388030 4.718952 3.688560 3.086700 2.753598 2.578661 2.491355 2.449888 2.431117 2.423007 2.419659 2.418336 2.417835 2.417653 2.417589 2.417568 2.417561 2.417559 2.417558 2.417558 2.417558 2.417558 2.417557 2.417555 2.417550 2.417534 2.417491 2.417379 2.417094 2.416404 2.414803 2.411254 2.403741 2.388579 2.359476 2.306457 2.215046 2.066414 1.839536 1.516294 1.089542 0.571894 0.000000 
50.000000 40.985479 32.518117 25.045613 18.846821 14.009821 10.456262 7.995716 6.388030 5.395510 4.815753 4.494874 4.326350 4.242241 4.202291 4.184206 4.176393 4.173166 4.171891 4.171409 4.171233 4.171172 4.171151 4.171145 4.171143 4.171142 4.171142 4.171142 4.171142 4.171141 4.171138 4.171130 4.171107 4.171044 4.170878 4.170456 4.169429 4.167030 4.161672 4.150226 4.126895 4.081573 3.997858 3.851209 3.608428 3.230374 2.680231 1.938613 1.022827 0.000000 
50.000000 41.513740 33.542537 26.507832 20.672135 16.118380 12.772836 10.456262 8.942601 8.008096 7.462208 7.160062 7.001370 6.922165 6.884542 6.867510 6.860151 6.857112 6.855911 6.855456 6.855291 6.855233 6.855214 6.855208 6.855206 6.855205 6.855205 6.855205 6.855204 6.855203 6.855200 6.855189 6.855158 6.855073 6.854848 6.854272 6.852862 6.849549 6.842087 6.826000 6.792837 6.727555 6.605053 6.386418 6.016485 5.425866 4.542350 3.316831 1.763846 0.000000 
50.000000 42.276552 35.021828 28.619361 23.308062 19.163427 16.118380 14.009821 12.632033 11.781382 11.284458 11.009401 10.864930 10.792819 10.758564 10.743056 10.736355 10.733587 10.732494 10.732080 10.731929 10.731877 10.731859 10.731853 10.731851 10.731851 10.731851 10.731850 10.731850 10.731849 10.731844 10.731831 10.731793 10.731689 10.731409 10.730693 10.728929 10.724756 10.715279 10.694645 10.651598 10.565619 10.401393 10.101896 9.581713 8.724868 7.395782 5.477385 2.950279 0.000000 
50.000000 43.314743 37.035171 31.493243 26.895753 23.308062 20.672135 18.846821 17.654074 16.917641 16.487422 16.249277 16.124188 16.061748 16.032086 16.018656 16.012853 16.010456 16.009509 16.009150 16.009020 16.008974 16.008959 16.008954 16.008952 16.008952 16.008952 16.008952 16.008951 16.008950 16.008945 16.008930 16.008889 16.008773 16.008462 16.007663 16.005682 16.000964 15.990164 15.966417 15.916262 15.814537 15.616448 15.246269 14.583193 13.447876 11.600877 8.780700 4.835264 0.000000 
50.000000 44.645089 39.615111 35.175948 31.493243 28.619361 26.507832 25.045613 24.090100 23.500122 23.155448 22.964649 22.864425 22.814394 22.790626 22.779864 22.775214 22.773293 22.772534 22.772246 22.772142 22.772105 22.772093 22.772089 22.772088 22.772087 22.772087 22.772087 22.772087 22.772085 22.772080 22.772066 22.772026 22.771914 22.771612 22.770831 22.768888 22.764232 22.753494 22.729660 22.678720 22.573805 22.365381 21.965482 21.223579 19.892366 17.587974 13.775870 7.902233 0.000000 
50.000000 46.248671 42.724956 39.615111 37.035171 35.021828 33.542537 32.518117 31.848675 31.435320 31.193825 31.060138 30.989911 30.954853 30.938198 30.930656 30.927397 30.926051 30.925519 30.925318 30.925244 30.925219 30.925210 30.925207 30.925206 30.925206 30.925206 30.925206 30.925206 30.925204 30.925201 30.925190 30.925157 30.925067 30.924824 30.924195 30.922621 30.918831 30.910036 30.890360 30.847867 30.759133 30.579504 30.225706 29.544443 28.254471 25.839241 21.362478 13.271034 0.000000 
50.000000 48.065654 46.248671 44.645089 43.314743 42.276552 41.513740 40.985479 40.640264 40.427103 40.302565 40.233622 40.197405 40.179324 40.170735 40.166845 40.165164 40.164470 40.164195 40.164091 40.164054 40.164040 40.164036 40.164034 40.164034 40.164034 40.164034 40.164034 40.164034 40.164033 40.164031 40.164025 40.164007 40.163956 40.163820 40.163467 40.162581 40.160442 40.155456 40.144241 40.119841 40.068369 39.962652 39.749893 39.326273 38.479479 36.742856 32.977637 24.032827 0.000000 
50.000000 50.000000 50.000000 50.000000 50.000000 50.000000 50.000000 50.000000 50.000000 50.000000 50.000000 50.000000 50.000000 50.000000 50.000000 50.000000 50.000000 50.000000 50.000000 50.000000 50.000000 50.000000 50.000000 50.000000 50.000000 50.000000 50.000000 50.000000 50.000000 50.000000 50.000000 50.000000 50.000000 50.000000 50.000000 50.000000 50.000000 50.000000 50.000000 50.000000 50.000000 50.000000 50.000000 50.000000 50.000000 50.000000 50.000000 50.000000 50.000000 50.000000 
