50.000000 50.000000 50.000000 50.000000 50.000000 50.000000 50.000000 50.000000 50.000000 50.000000 50.000000 50.000000 50.000000 50.000000 50.000000 50.000000 50.000000 50.000000 50.000000 50.000000 50.000000 50.000000 50.000000 50.000000 50.000000 50.000000 50.000000 50.000000 50.000000 50.000000 50.000000 50.000000 50.000000 50.000000 50.000000 50.000000 50.000000 50.000000 50.000000 50.000000 50.000000 50.000000 50.000000 50.000000 50.000000 50.000000 50.000000 50.000000 50.000000 50.000000 
50.000000 48.974944 47.982874 47.053593 46.211052 45.471587 44.843260 44.326290 43.914343 43.596356 43.358521 43.186113 43.064946 42.982364 42.927761 42.892725 42.870901 42.857699 42.849941 42.845509 42.843048 42.841718 42.841019 42.840661 42.840481 42.840389 42.840337 42.840294 42.840233 42.840122 42.839902 42.839467 42.838623 42.837020 42.834038 42.828601 42.818884 42.801841 42.772454 42.722541 42.638808 42.499543 42.268694 41.884470 41.235364 40.104474 38.025419 33.865827 24.487472 0.000000 
50.000000 47.982874 46.030659 44.202002 42.544036 41.088905 39.852477 38.835179 38.024550 37.398817 36.930808 36.591545 36.353116 36.190612 36.083167 36.014226 35.971282 35.945304 35.930037 35.921317 35.916474 35.913858 35.912483 35.911778 35.911423 35.911243 35.911142 35.911058 35.910944 35.910733 35.910318 35.909499 35.907912 35.904900 35.899305 35.889126 35.870981 35.839250 35.784753 35.692667 35.539253 35.286533 34.873363 34.199778 33.098245 31.279044 28.226189 23.015329 14.117047 0.000000 
50.000000 47.053593 44.202002 41.530895 39.109120 36.983629 35.177598 33.691654 32.507588 31.593601 30.909999 30.414455 30.066194 29.828836 29.671899 29.571202 29.508479 29.470536 29.448237 29.435500 29.428427 29.424606 29.422598 29.421568 29.421050 29.420789 29.420642 29.420525 29.420367 29.420080 29.419515 29.418403 29.416252 29.412178 29.404631 29.390944 29.366638 29.324335 29.252116 29.131027 28.931329 28.606803 28.086031 27.258940 25.956199 23.919369 20.765448 15.975813 9.028175 0.000000 
50.000000 46.211052 42.544036 39.109120 35.994838 33.261572 30.939122 29.028293 27.505669 26.330353 25.451300 24.814077 24.366251 24.061036 23.859235 23.729753 23.649099 23.600311 23.571639 23.555262 23.546168 23.541255 23.538672 23.537348 23.536684 23.536349 23.536164 23.536021 23.535834 23.535498 23.534840 23.533549 23.531058 23.526355 23.517671 23.501985 23.474266 23.426314 23.345062 23.210106 22.990201 22.638361 22.085185 21.230155 19.931460 17.997419 15.189751 11.264992 6.106578 0.000000 
50.000000 45.471587 41.088905 36.983629 33.261572 29.994899 27.219228 24.935515 23.115774 21.711123 20.660551 19.899001 19.363805 18.999047 18.757880 18.603142 18.506758 18.448454 18.414190 18.394620 18.383752 18.377882 18.374796 18.373215 18.372421 18.372023 18.371807 18.371646 18.371445 18.371089 18.370398 18.369046 18.366445 18.361551 18.352551 18.336371 18.307939 18.259092 18.177013 18.042084 17.825025 17.483281 16.956773 16.163619 14.997449 13.330112 11.027430 7.990660 4.236222 0.000000 
50.000000 44.843260 39.852477 35.177598 30.939122 27.219228 24.058472 21.457942 19.385764 17.786269 16.589979 15.722808 15.113390 14.698052 14.423446 14.247254 14.137508 14.071123 14.032111 14.009829 13.997455 13.990772 13.987258 13.985458 13.984556 13.984106 13.983865 13.983695 13.983492 13.983143 13.982471 13.981162 13.978652 13.973948 13.965333 13.949927 13.923022 13.877133 13.800697 13.676368 13.478912 13.172850 12.710211 12.029236 11.055609 9.708967 7.918658 5.652698 2.958790 0.000000 
50.000000 44.326290 38.835179 33.691654 29.028293 24.935515 21.457942 18.596767 16.316914 14.557130 13.240970 12.286916 11.616447 11.159505 10.857396 10.663560 10.542827 10.469796 10.426878 10.402366 10.388755 10.381403 10.377538 10.375559 10.374568 10.374076 10.373817 10.373644 10.373450 10.373129 10.372515 10.371327 10.369058 10.364822 10.357101 10.343368 10.319536 10.279190 10.212576 10.105342 9.937121 9.680155 9.298383 8.747731 7.978743 6.943109 5.605622 3.961816 2.057596 0.000000 
50.000000 43.914343 38.024550 32.507588 27.505669 23.115774 19.385764 16.316914 13.871598 11.984111 10.572452 9.549183 8.830080 8.339998 8.015983 7.808095 7.678610 7.600286 7.554260 7.527972 7.513375 7.505491 7.501347 7.499225 7.498164 7.497639 7.497368 7.497196 7.497019 7.496738 7.496208 7.495188 7.493250 7.489646 7.483109 7.471545 7.451604 7.418094 7.363234 7.275793 7.140193 6.935799 6.636759 6.212914 5.632493 4.867308 3.900785 2.738017 1.414800 0.000000 
50.000000 43.596356 37.398817 31.593601 26.330353 21.711123 17.786269 14.557130 11.984111 9.998067 8.512709 7.436028 6.679397 6.163745 5.822828 5.604098 5.467863 5.385457 5.337032 5.309375 5.294018 5.285724 5.281364 5.279132 5.278017 5.277467 5.277189 5.277022 5.276865 5.276629 5.276194 5.275362 5.273787 5.270873 5.265613 5.256358 5.240496 5.214030 5.171052 5.103181 4.999033 4.843918 4.620010 4.307357 3.886097 3.340152 2.662272 1.859563 0.957548 0.000000 
50.000000 43.358521 36.930808 30.909999 25.451300 20.660551 16.589979 13.240970 10.572452 8.512709 6.972244 5.855627 5.070938 4.536170 4.182619 3.955785 3.814503 3.729046 3.678829 3.650149 3.634224 3.625623 3.621103 3.618789 3.617634 3.617066 3.616784 3.616623 3.616486 3.616296 3.615954 3.615305 3.614085 3.611835 3.607794 3.600721 3.588672 3.568701 3.536516 3.486122 3.409528 3.296658 3.135628 2.913611 2.618467 2.241194 1.778972 1.238140 0.635980 0.000000 
50.000000 43.186113 36.591545 30.414455 24.814077 19.899001 15.722808 12.286916 9.549183 7.436028 5.855627 4.710070 3.905051 3.356433 2.993727 2.761023 2.616086 2.528420 2.476904 2.447484 2.431148 2.422325 2.417688 2.415315 2.414131 2.413551 2.413266 2.413112 2.412994 2.412844 2.412586 2.412102 2.411195 2.409532 2.406558 2.401380 2.392607 2.378158 2.355035 2.319110 2.264976 2.185948 2.074340 1.922111 1.721988 1.469015 1.162339 0.806793 0.413659 0.000000 
50.000000 43.064946 36.353116 30.066194 24.366251 19.363805 15.113390 11.616447 8.830080 6.679397 5.070938 3.905051 3.085751 2.527404 2.158270 1.921442 1.773939 1.684721 1.632295 1.602354 1.585729 1.576750 1.572032 1.569617 1.568413 1.567825 1.567539 1.567391 1.567289 1.567174 1.566986 1.566638 1.565991 1.564811 1.562708 1.559066 1.552927 1.542876 1.526893 1.502237 1.465367 1.411986 1.337256 1.236258 1.104713 0.939936 0.741859 0.513866 0.263105 0.000000 
50.000000 42.982364 36.190612 29.828836 24.061036 18.999047 14.698052 11.159505 8.339998 6.163745 4.536170 3.356433 2.527404 1.962429 1.588916 1.349282 1.200031 1.109756 1.056709 1.026414 1.009593 1.000508 0.995734 0.993292 0.992074 0.991480 0.991194 0.991051 0.990962 0.990875 0.990741 0.990501 0.990057 0.989250 0.987819 0.985352 0.981215 0.974477 0.963826 0.947498 0.923249 0.888394 0.839969 0.775030 0.691108 0.586769 0.462198 0.319631 0.163479 0.000000 
50.000000 42.927761 36.083167 29.671899 23.859235 18.757880 14.423446 10.857396 8.015983 5.822828 4.182619 2.993727 2.158270 1.588916 1.212510 0.971021 0.820615 0.729643 0.676186 0.645658 0.628707 0.619552 0.614742 0.612280 0.611054 0.610457 0.610171 0.610031 0.609952 0.609885 0.609793 0.609632 0.609338 0.608806 0.607867 0.606255 0.603565 0.599204 0.592348 0.581898 0.566471 0.544438 0.514028 0.473519 0.421510 0.357249 0.280955 0.194041 0.099160 0.000000 
50.000000 42.892725 36.014226 29.571202 23.729753 18.603142 14.247254 10.663560 7.808095 5.604099 3.955785 2.761023 1.921443 1.349282 0.971021 0.728342 0.577197 0.485777 0.432058 0.401380 0.384346 0.375146 0.370312 0.367839 0.366607 0.366007 0.365722 0.365585 0.365513 0.365461 0.365397 0.365293 0.365104 0.364766 0.364171 0.363154 0.361463 0.358734 0.354465 0.347991 0.338486 0.324986 0.306460 0.281921 0.250591 0.212082 0.166571 0.114921 0.058688 0.000000 
50.000000 42.870901 35.971282 29.508479 23.649100 18.506758 14.137509 10.542827 7.678610 5.467863 3.814504 2.616087 1.773940 1.200031 0.820616 0.577197 0.425591 0.333894 0.280011 0.249240 0.232154 0.222927 0.218078 0.215597 0.214362 0.213761 0.213476 0.213341 0.213274 0.213232 0.213188 0.213122 0.213005 0.212796 0.212432 0.211811 0.210782 0.209129 0.206555 0.202669 0.196990 0.188965 0.178006 0.163561 0.145207 0.122745 0.096301 0.066383 0.033881 0.000000 
50.000000 42.857700 35.945305 29.470536 23.600312 18.448455 14.071124 10.469797 7.600288 5.385458 3.729048 2.528421 1.684722 1.109757 0.729644 0.485778 0.333894 0.242029 0.188047 0.157220 0.140103 0.130859 0.126001 0.123516 0.122278 0.121677 0.121392 0.121259 0.121195 0.121159 0.121128 0.121087 0.121016 0.120892 0.120675 0.120308 0.119702 0.118732 0.117227 0.114964 0.111672 0.107039 0.100740 0.092473 0.082010 0.069254 0.054285 0.037393 0.019076 0.000000 
50.000000 42.849941 35.930038 29.448238 23.571640 18.414192 14.032113 10.426881 7.554262 5.337035 3.678832 2.476907 1.632298 1.056712 0.676189 0.432061 0.280014 0.188049 0.134010 0.103149 0.086014 0.076760 0.071898 0.069410 0.068171 0.067569 0.067284 0.067152 0.067090 0.067058 0.067036 0.067010 0.066968 0.066896 0.066772 0.066561 0.066215 0.065663 0.064809 0.063530 0.061676 0.059077 0.055556 0.050954 0.045148 0.038093 0.029837 0.020540 0.010475 0.000000 
50.000000 42.845510 35.921319 29.435504 23.555266 18.394625 14.009834 10.402373 7.527979 5.309382 3.650157 2.447491 1.602361 1.026422 0.645666 0.401387 0.249247 0.157226 0.103154 0.072274 0.055129 0.045869 0.041004 0.038515 0.037275 0.036673 0.036388 0.036256 0.036196 0.036166 0.036149 0.036132 0.036108 0.036067 0.035998 0.035881 0.035689 0.035383 0.034913 0.034210 0.033195 0.031778 0.029864 0.027369 0.024232 0.020431 0.015992 0.011004 0.005610 0.000000 
50.000000 42.843051 35.916480 29.428435 23.546178 18.383765 13.997469 10.388770 7.513392 5.294035 3.634242 2.431166 1.585747 1.009612 0.628726 0.384364 0.232172 0.140120 0.086030 0.055140 0.037989 0.028726 0.023858 0.021369 0.020129 0.019527 0.019242 0.019110 0.019050 0.019023 0.019008 0.018997 0.018983 0.018960 0.018923 0.018859 0.018756 0.018591 0.018339 0.017964 0.017423 0.016670 0.015657 0.014340 0.012688 0.010691 0.008363 0.005752 0.002932 0.000000 
50.000000 42.841725 35.913871 29.424626 23.541280 18.377911 13.990805 10.381439 7.505530 5.285764 3.625665 2.422368 1.576794 1.000553 0.619597 0.375191 0.222971 0.130902 0.076802 0.045906 0.028752 0.019487 0.014619 0.012129 0.010889 0.010287 0.010002 0.009870 0.009811 0.009784 0.009771 0.009763 0.009755 0.009742 0.009722 0.009689 0.009634 0.009548 0.009417 0.009221 0.008940 0.008550 0.008026 0.007346 0.006496 0.005471 0.004278 0.002941 0.001498 0.000000 
50.000000 42.841035 35.912513 29.422642 23.538729 18.374864 13.987335 10.377623 7.501437 5.281458 3.621200 2.417787 1.572133 0.995837 0.614844 0.370415 0.218181 0.126103 0.071998 0.041100 0.023943 0.014678 0.009809 0.007319 0.006079 0.005477 0.005192 0.005060 0.005001 0.004975 0.004963 0.004956 0.004951 0.004944 0.004934 0.004916 0.004888 0.004844 0.004776 0.004675 0.004531 0.004331 0.004064 0.003718 0.003286 0.002766 0.002162 0.001486 0.000757 0.000000 
50.000000 42.840696 35.911847 29.421669 23.537478 18.373369 13.985633 10.375751 7.499429 5.279346 3.619010 2.415541 1.569847 0.993523 0.612513 0.368073 0.215831 0.123750 0.069642 0.038742 0.021585 0.012319 0.007450 0.004960 0.003719 0.003117 0.002832 0.002701 0.002642 0.002616 0.002604 0.002599 0.002595 0.002591 0.002585 0.002576 0.002561 0.002537 0.002501 0.002447 0.002371 0.002266 0.002125 0.001943 0.001716 0.001444 0.001128 0.000775 0.000395 0.000000 
50.000000 42.840559 35.911577 29.421275 23.536971 18.372763 13.984944 10.374992 7.498616 5.278490 3.618123 2.414630 1.568920 0.992586 0.611569 0.367124 0.214879 0.122796 0.068687 0.037787 0.020629 0.011364 0.006495 0.004004 0.002763 0.002161 0.001877 0.001745 0.001686 0.001660 0.001649 0.001643 0.001640 0.001637 0.001634 0.001628 0.001618 0.001603 0.001579 0.001545 0.001497 0.001430 0.001340 0.001225 0.001082 0.000910 0.000711 0.000488 0.000249 0.000000 
50.000000 42.840559 35.911577 29.421275 23.536971 18.372763 13.984944 10.374992 7.498616 5.278490 3.618123 2.414630 1.568920 0.992586 0.611569 0.367124 0.214879 0.122796 0.068687 0.037787 0.020629 0.011364 0.006495 0.004004 0.002763 0.002161 0.001877 0.001745 0.001686 0.001660 0.001649 0.001643 0.001640 0.001637 0.001634 0.001628 0.001618 0.001603 0.001579 0.001545 0.001497 0.001430 0.001340 0.001225 0.001082 0.000910 0.000711 0.000488 0.000249 0.000000 
50.000000 42.840696 35.911847 29.421669 23.537478 18.373369 13.985633 10.375751 7.499429 5.279346 3.619010 2.415541 1.569847 0.993523 0.612513 0.368073 0.215831 0.123750 0.069642 0.038742 0.021585 0.012319 0.007450 0.004960 0.003719 0.003117 0.002832 0.002701 0.002642 0.002616 0.002604 0.002599 0.002595 0.002591 0.002585 0.002576 0.002561 0.002537 0.002501 0.002447 0.002371 0.002266 0.002125 0.001943 0.001716 0.001444 0.001128 0.000775 0.000395 0.000000 
50.000000 42.841035 35.912513 29.422642 23.538729 18.374864 13.987335 10.377623 7.501437 5.281458 3.621200 2.417787 1.572133 0.995837 0.614844 0.370415 0.218181 0.126103 0.071998 0.041100 0.023943 0.014678 0.009809 0.007319 0.006079 0.005477 0.005192 0.005060 0.005001 0.004975 0.004963 0.004956 0.004951 0.004944 0.004934 0.004916 0.004888 0.004844 0.004776 0.004675 0.004531 0.004331 0.004064 0.003718 0.003286 0.002766 0.002162 0.001486 0.000757 0.000000 
50.000000 42.841725 35.913871 29.424626 23.541280 18.377911 13.990805 10.381439 7.505530 5.285764 3.625665 2.422368 1.576794 1.000553 0.619597 0.375191 0.222971 0.130902 0.076802 0.045906 0.028752 0.019487 0.014619 0.012129 0.010889 0.010287 0.010002 0.009870 0.009811 0.009784 0.009771 0.009763 0.009755 0.009742 0.009722 0.009689 0.009634 0.009548 0.009417 0.009221 0.008940 0.008550 0.008026 0.007346 0.006496 0.005471 0.004278 0.002941 0.001498 0.000000 
50.000000 42.843051 35.916480 29.428435 23.546178 18.383765 13.997469 10.388770 7.513392 5.294035 3.634242 2.431166 1.585747 1.009612 0.628726 0.384364 0.232172 0.140120 0.086030 0.055140 0.037989 0.028726 0.023858 0.021369 0.020129 0.019527 0.019242 0.019110 0.019050 0.019023 0.019008 0.018997 0.018983 0.018960 0.018923 0.018859 0.018756 0.018591 0.018339 0.017964 0.017423 0.016670 0.015657 0.014340 0.012688 0.010691 0.008363 0.005752 0.002932 0.000000 
50.000000 42.845510 35.921319 29.435504 23.555266 18.394625 14.009834 10.402373 7.527979 5.309382 3.650157 2.447491 1.602361 1.026422 0.645666 0.401387 0.249247 0.157226 0.103154 0.072274 0.055129 0.045869 0.041004 0.038515 0.037275 0.036673 0.036388 0.036256 0.036196 0.036166 0.036149 0.036132 0.036108 0.036067 0.035998 0.035881 0.035689 0.035383 0.034913 0.034210 0.033195 0.031778 0.029864 0.027369 0.024232 0.020431 0.015992 0.011004 0.005610 0.000000 
50.000000 42.849941 35.930038 29.448238 23.571640 18.414192 14.032113 10.426881 7.554262 5.337035 3.678832 2.476907 1.632298 1.056712 0.676189 0.432061 0.280014 0.188049 0.134010 0.103149 0.086014 0.076760 0.071898 0.069410 0.068171 0.067569 0.067284 0.067152 0.067090 0.067058 0.067036 0.067010 0.066968 0.066896 0.066772 0.066561 0.066215 0.065663 0.064809 0.063530 0.061676 0.059077 0.055556 0.050954 0.045148 0.038093 0.029837 0.020540 0.010475 0.000000 
50.000000 42.857700 35.945305 29.470536 23.600312 18.448455 14.071124 10.469797 7.600288 5.385458 3.729048 2.528421 1.684722 1.109757 0.729644 0.485778 0.333894 0.242029 0.188047 0.157220 0.140103 0.130859 0.126001 0.123516 0.122278 0.121677 0.121392 0.121259 0.121195 0.121159 0.121128 0.121087 0.121016 0.120892 0.120675 0.120308 0.119702 0.118732 0.117227 0.114964 0.111672 0.107039 0.100740 0.092473 0.082010 0.069254 0.054285 0.037393 0.019076 0.000000 
50.000000 42.870901 35.971282 29.508479 23.649100 18.506758 14.137509 10.542827 7.678610 5.467863 3.814504 2.616087 1.773940 1.200031 0.820616 0.577197 0.425591 0.333894 0.280011 0.249240 0.232154 0.222927 0.218078 0.215597 0.214362 0.213761 0.213476 0.213341 0.213274 0.213232 0.213188 0.213122 0.213005 0.212796 0.212432 0.211811 0.210782 0.209129 0.206555 0.202669 0.196990 0.188965 0.178006 0.163561 0.145207 0.122745 0.096301 0.066383 0.033881 0.000000 
50.000000 42.892725 36.014226 29.571202 23.729753 18.603142 14.247254 10.663560 7.808095 5.604099 3.955785 2.761023 1.921443 1.349282 0.971021 0.728342 0.577197 0.485777 0.432058 0.401380 0.384346 0.375146 0.370312 0.367839 0.366607 0.366007 0.365722 0.365585 0.365513 0.365461 0.365397 0.365293 0.365104 0.364766 0.364171 0.363154 0.361463 0.358734 0.354465 0.347991 0.338486 0.324986 0.306460 0.281921 0.250591 0.212082 0.166571 0.114921 0.058688 0.000000 
50.000000 42.927761 36.083167 29.671899 23.859235 18.757880 14.423446 10.857396 8.015983 5.822828 4.182619 2.993727 2.158270 1.588916 1.212510 0.971021 0.820615 0.729643 0.676186 0.645658 0.628707 0.619552 0.614742 0.612280 0.611054 0.610457 0.610171 0.610031 0.609952 0.609885 0.609793 0.609632 0.609338 0.608806 0.607867 0.606255 0.603565 0.599204 0.592348 0.581898 0.566471 0.544438 0.514028 0.473519 0.421510 0.357249 0.280955 0.194041 0.099160 0.000000 
50.000000 42.982364 36.190612 29.828836 24.061036 18.999047 14.698052 11.159505 8.339998 6.163745 4.536170 3.356433 2.527404 1.962429 1.588916 1.349282 1.200031 1.109756 1.056709 1.026414 1.009593 1.000508 0.995734 0.993292 0.992074 0.991480 0.991194 0.991051 0.990962 0.990875 0.990741 0.990501 0.990057 0.989250 0.987819 0.985352 0.981215 0.974477 0.963826 0.947498 0.923249 0.888394 0.839969 0.775030 0.691108 0.586769 0.462198 0.319631 0.163479 0.000000 
50.000000 43.064946 36.353116 30.066194 24.366251 19.363805 15.113390 11.616447 8.830080 6.679397 5.070938 3.905051 3.085751 2.527404 2.158270 1.921442 1.773939 1.684721 1.632295 1.602354 1.585729 1.576750 1.572032 1.569617 1.568413 1.567825 1.567539 1.567391 1.567289 1.567174 1.566986 1.566638 1.565991 1.564811 1.562708 1.559066 1.552927 1.542876 1.526893 1.502237 1.465367 1.411986 1.337256 1.236258 1.104713 0.939936 0.741859 0.513866 0.263105 0.000000 
50.000000 43.186113 36.591545 30.414455 24.814077 19.899001 15.722808 12.286916 9.549183 7.436028 5.855627 4.710070 3.905051 3.356433 2.993727 2.761023 2.616086 2.528420 2.476904 2.447484 2.431148 2.422325 2.417688 2.415315 2.414131 2.413551 2.413266 2.413112 2.412994 2.412844 2.412586 2.412102 2.411195 2.409532 2.406558 2.401380 2.392607 2.378158 2.355035 2.319110 2.264976 2.185948 2.074340 1.922111 1.721988 1.469015 1.162339 0.806793 0.413659 0.000000 
50.000000 43.358521 36.930808 30.909999 25.451300 20.660551 16.589979 13.240970 10.572452 8.512709 6.972244 5.855627 5.070938 4.536170 4.182619 3.955785 3.814503 3.729046 3.678829 3.650149 3.634224 3.625623 3.621103 3.618789 3.617634 3.617066 3.616784 3.616623 3.616486 3.616296 3.615954 3.615305 3.614085 3.611835 3.607794 3.600721 3.588672 3.568701 3.536516 3.486122 3.409528 3.296658 3.135628 2.913611 2.618467 2.241194 1.778972 1.238140 0.635980 0.000000 
50.000000 43.596356 37.398817 31.593601 26.330353 21.711123 17.786269 14.557130 11.984111 9.998067 8.512709 7.436028 6.679397 6.163745 5.822828 5.604098 5.467863 5.385457 5.337032 5.309375 5.294018 5.285724 5.281364 5.279132 5.278017 5.277467 5.277189 5.277022 5.276865 5.276629 5.276194 5.275362 5.273787 5.270873 5.265613 5.256358 5.240496 5.214030 5.171052 5.103181 4.999033 4.843918 4.620010 4.307357 3.886097 3.340152 2.662272 1.859563 0.957548 0.000000 
50.000000 43.914343 38.024550 32.507588 27.505669 23.115774 19.385764 16.316914 13.871598 11.984111 10.572452 9.549183 8.830080 8.339998 8.015983 7.808095 7.678610 7.600286 7.554260 7.527972 7.513375 7.505491 7.501347 7.499225 7.498164 7.497639 7.497368 7.497196 7.497019 7.496738 7.496208 7.495188 7.493250 7.489646 7.483109 7.471545 7.451604 7.418094 7.363234 7.275793 7.140193 6.935799 6.636759 6.212914 5.632493 4.867308 3.900785 2.738017 1.414800 0.000000 
50.000000 44.326290 38.835179 33.691654 29.028293 24.935515 21.457942 18.596767 16.316914 14.557130 13.240970 12.286916 11.616447 11.159505 10.857396 10.663560 10.542827 10.469796 10.426878 10.402366 10.388755 10.381403 10.377538 10.375559 10.374568 10.374076 10.373817 10.373644 10.373450 10.373129 10.372515 10.371327 10.369058 10.364822 10.357101 10.343368 10.319536 10.279190 10.212576 10.105342 9.937121 9.680155 9.298383 8.747731 7.978743 6.943109 5.605622 3.961816 2.057596 0.000000 
50.000000 44.843260 39.852477 35.177598 30.939122 27.219228 24.058472 21.457942 19.385764 17.786269 16.589979 15.722808 15.113390 14.698052 14.423446 14.247254 14.137508 14.071123 14.032111 14.009829 13.997455 13.990772 13.987258 13.985458 13.984556 13.984106 13.983865 13.983695 13.983492 13.983143 13.982471 13.981162 13.978652 13.973948 13.965333 13.949927 13.923022 13.877133 13.800697 13.676368 13.478912 13.172850 12.710211 12.029236 11.055609 9.708967 7.918658 5.652698 2.958790 0.000000 
50.000000 45.471587 41.088905 36.983629 33.261572 29.994899 27.219228 24.935515 23.115774 21.711123 20.660551 19.899001 19.363805 18.999047 18.757880 18.603142 18.506758 18.448454 18.414190 18.394620 18.383752 18.377882 18.374796 18.373215 18.372421 18.372023 18.371807 18.371646 18.371445 18.371089 18.370398 18.369046 18.366445 18.361551 18.352551 18.336371 18.307939 18.259092 18.177013 18.042084 17.825025 17.483281 16.956773 16.163619 14.997449 13.330112 11.027430 7.990660 4.236222 0.000000 
50.000000 46.211052 42.544036 39.109120 35.994838 33.261572 30.939122 29.028293 27.505669 26.330353 25.451300 24.814077 24.366251 24.061036 23.859235 23.729753 23.649099 23.600311 23.571639 23.555262 23.546168 23.541255 23.538672 23.537348 23.536684 23.536349 23.536164 23.536021 23.535834 23.535498 23.534840 23.533549 23.531058 23.526355 23.517671 23.501985 23.474266 23.426314 23.345062 23.210106 22.990201 22.638361 22.085185 21.230155 19.931460 17.997419 15.189751 11.264992 6.106578 0.000000 
50.000000 47.053593 44.202002 41.530895 39.109120 36.983629 35.177598 33.691654 32.507588 31.593601 30.909999 30.414455 30.066194 29.828836 29.671899 29.571202 29.508479 29.470536 29.448237 29.435500 29.428427 29.424606 29.422598 29.421568 29.421050 29.420789 29.420642 29.420525 29.420367 29.420080 29.419515 29.418403 29.416252 29.412178 29.404631 29.390944 29.366638 29.324335 29.252116 29.131027 28.931329 28.606803 28.086031 27.258940 25.956199 23.919369 20.765448 15.975813 9.028175 0.000000 
50.000000 47.982874 46.030659 44.202002 42.544036 41.088905 39.852477 38.835179 38.024550 37.398817 36.930808 36.591545 36.353116 36.190612 36.083167 36.014226 35.971282 35.945304 35.930037 35.921317 35.916474 35.913858 35.912483 35.911778 35.911423 35.911243 35.911142 35.911058 35.910944 35.910733 35.910318 35.909499 35.907912 35.904900 35.899305 35.889126 35.870981 35.839250 35.784753 35.692667 35.539253 35.286533 34.873363 34.199778 33.098245 31.279044 28.226189 23.015329 14.117047 0.000000 
50.000000 48.974944 47.982874 47.053593 46.211052 45.471587 44.843260 44.326290 43.914343 43.596356 43.358521 43.186113 43.064946 42.982364 42.927761 42.892725 42.870901 42.857699 42.849941 42.845509 42.843048 42.841718 42.841019 42.840661 42.840481 42.840389 42.840337 42.840294 42.840233 42.840122 42.839902 42.839467 42.838623 42.837020 42.834038 42.828601 42.818884 42.801841 42.772454 42.722541 42.638808 42.499543 42.268694 41.884470 41.235364 40.104474 38.025419 33.865827 24.487472 0.000000 
50.000000 50.000000 50.000000 50.000000 50.000000 50.000000 50.000000 50.000000 50.000000 50.000000 50.000000 50.000000 50.000000 50.000000 50.000000 50.000000 50.000000 50.000000 50.000000 50.000000 50.000000 50.000000 50.000000 50.000000 50.000000 50.000000 50.000000 50.000000 50.000000 50.000000 50.000000 50.000000 50.000000 50.000000 50.000000 50.000000 50.000000 50.000000 50.000000 50.000000 50.000000 50.000000 50.000000 50.000000 50.000000 50.000000 50.000000 50.000000 50.000000 50.000000 
