50.000000 50.000000 50.000000 50.000000 50.000000 50.000000 50.000000 50.000000 50.000000 50.000000 50.000000 50.000000 50.000000 50.000000 50.000000 50.000000 50.000000 50.000000 50.000000 50.000000 50.000000 50.000000 50.000000 50.000000 50.000000 50.000000 50.000000 50.000000 50.000000 50.000000 50.000000 50.000000 50.000000 50.000000 50.000000 50.000000 50.000000 50.000000 50.000000 50.000000 50.000000 50.000000 50.000000 50.000000 50.000000 50.000000 50.000000 50.000000 50.000000 50.000000 
50.000000 48.560607 47.186231 45.933090 44.841785 43.933820 43.211834 42.662898 42.263621 41.985624 41.800228 41.681721 41.609061 41.566298 41.542120 41.528978 41.522105 41.518644 41.516964 41.516178 41.515823 41.515668 41.515602 41.515575 41.515565 41.515561 41.515559 41.515557 41.515553 41.515543 41.515519 41.515461 41.515323 41.515008 41.514308 41.512794 41.509616 41.503125 41.490223 41.465211 41.417818 41.329754 41.168499 40.875460 40.341457 39.350455 37.435013 33.459499 24.280303 0.000000 
50.000000 47.186231 44.499563 42.049894 39.916589 38.141690 36.730350 35.657295 34.876797 34.333378 33.970978 33.739327 33.597298 33.513709 33.466450 33.440762 33.427328 33.420562 33.417279 33.415742 33.415048 33.414745 33.414617 33.414565 33.414544 33.414536 33.414532 33.414528 33.414521 33.414503 33.414459 33.414352 33.414099 33.413520 33.412234 33.409462 33.403657 33.391839 33.368441 33.323322 33.238438 33.082256 32.800280 32.298568 31.413960 29.858372 27.113809 22.249782 13.726732 0.000000 
50.000000 45.933090 42.049894 38.509255 35.425891 32.860561 30.820713 29.269811 28.141758 27.356364 26.832599 26.497808 26.292545 26.171742 26.103444 26.066321 26.046907 26.037131 26.032386 26.030165 26.029162 26.028724 26.028539 26.028464 26.028434 26.028422 26.028417 26.028412 26.028402 26.028379 26.028320 26.028180 26.027849 26.027094 26.025422 26.021829 26.014331 25.999143 25.969254 25.912070 25.805589 25.612336 25.269915 24.676420 23.668445 21.989760 19.254628 14.936085 8.498078 0.000000 
50.000000 44.841785 39.916589 35.425891 31.515189 28.261548 25.674408 23.707421 22.276746 21.280670 20.616416 20.191832 19.931521 19.778324 19.691713 19.644638 19.620020 19.607623 19.601607 19.598791 19.597519 19.596964 19.596729 19.596634 19.596596 19.596581 19.596574 19.596568 19.596558 19.596532 19.596467 19.596312 19.595948 19.595119 19.593290 19.589375 19.581245 19.564876 19.532905 19.472312 19.360829 19.161614 18.815716 18.232084 17.275755 15.757594 13.436130 10.058217 5.491329 0.000000 
50.000000 43.933820 38.141690 32.860561 28.261548 24.435278 21.392844 19.079731 17.397329 16.226014 15.444912 14.945652 14.639563 14.459429 14.357593 14.302244 14.273299 14.258724 14.251651 14.248340 14.246845 14.246192 14.245917 14.245805 14.245760 14.245743 14.245735 14.245729 14.245718 14.245693 14.245629 14.245477 14.245120 14.244312 14.242533 14.238744 14.230922 14.215278 14.184975 14.128124 14.024839 13.843169 13.533953 13.025186 12.217639 10.985793 9.192116 6.727730 3.592364 0.000000 
50.000000 43.211834 36.730350 30.820713 25.674408 21.392844 17.988427 15.400140 13.517625 12.207012 11.333036 10.774425 10.431957 10.230419 10.116486 10.054564 10.022182 10.005877 9.997965 9.994262 9.992589 9.991859 9.991551 9.991425 9.991376 9.991356 9.991348 9.991342 9.991332 9.991309 9.991252 9.991115 9.990797 9.990077 9.988501 9.985161 9.978305 9.964691 9.938545 9.889996 9.802889 9.651982 9.399839 8.994213 8.367659 7.442324 6.144293 4.431782 2.336374 0.000000 
50.000000 42.662898 35.657295 29.269811 23.707421 19.079731 15.400140 12.602684 10.568069 9.151588 8.207033 7.603324 7.233216 7.015419 6.892297 6.825382 6.790392 6.772773 6.764223 6.760222 6.758415 6.757626 6.757294 6.757158 6.757104 6.757083 6.757075 6.757069 6.757060 6.757041 6.756994 6.756881 6.756617 6.756025 6.754734 6.752010 6.746455 6.735503 6.714645 6.676301 6.608315 6.492180 6.301342 6.000301 5.545779 4.891705 3.999897 2.857015 1.494399 0.000000 
50.000000 42.263621 34.876797 28.141758 22.276746 17.397329 13.517625 10.568069 8.422861 6.929411 5.933550 5.297061 4.906866 4.677253 4.547455 4.476913 4.440027 4.421455 4.412443 4.408225 4.406320 4.405489 4.405138 4.404995 4.404939 4.404917 4.404908 4.404903 4.404896 4.404881 4.404844 4.404756 4.404553 4.404098 4.403110 4.401038 4.396836 4.388609 4.373069 4.344768 4.295137 4.211431 4.075889 3.865643 3.554161 3.115133 2.529422 1.794541 0.933867 0.000000 
50.000000 41.985624 34.333378 27.356364 21.280670 16.226014 12.207012 9.151588 6.929411 5.382400 4.350839 3.691544 3.287377 3.049546 2.915105 2.842043 2.803839 2.784603 2.775270 2.770902 2.768929 2.768068 2.767705 2.767557 2.767499 2.767476 2.767467 2.767463 2.767457 2.767446 2.767419 2.767355 2.767208 2.766880 2.766170 2.764688 2.761700 2.755891 2.745000 2.725338 2.691200 2.634274 2.543273 2.404123 2.201175 1.919841 1.550776 1.094940 0.567806 0.000000 
50.000000 41.800228 33.970978 26.832599 20.616416 15.444912 11.333036 8.207033 5.933550 4.350839 3.295488 2.620997 2.207521 1.964217 1.826684 1.751943 1.712862 1.693185 1.683638 1.679170 1.677152 1.676271 1.675900 1.675749 1.675689 1.675666 1.675657 1.675653 1.675648 1.675641 1.675622 1.675578 1.675478 1.675254 1.674772 1.673771 1.671765 1.667888 1.660670 1.647744 1.625501 1.588782 1.530732 1.443040 1.316789 1.144104 0.920529 0.647656 0.335018 0.000000 
50.000000 41.681721 33.739327 26.497808 20.191832 14.945652 10.774425 7.603324 5.297061 3.691544 2.620997 1.936803 1.517383 1.270584 1.131079 1.055266 1.015625 0.995667 0.985984 0.981452 0.979405 0.978512 0.978136 0.977982 0.977921 0.977898 0.977889 0.977885 0.977882 0.977877 0.977865 0.977836 0.977771 0.977626 0.977317 0.976676 0.975398 0.972943 0.968402 0.960327 0.946545 0.923992 0.888679 0.835879 0.760677 0.658927 0.528554 0.370887 0.191498 0.000000 
50.000000 41.609061 33.597298 26.292545 19.931521 14.639563 10.431957 7.233216 4.906866 3.287377 2.207521 1.517383 1.094323 0.845385 0.704671 0.628203 0.588220 0.568090 0.558323 0.553752 0.551688 0.550787 0.550407 0.550252 0.550191 0.550168 0.550159 0.550155 0.550153 0.550150 0.550142 0.550124 0.550084 0.549995 0.549806 0.549416 0.548641 0.547161 0.544440 0.539633 0.531486 0.518257 0.497714 0.467265 0.424285 0.366644 0.293402 0.205459 0.105936 0.000000 
50.000000 41.566298 33.513709 26.171742 19.778324 14.459429 10.230419 7.015419 4.677253 3.049546 1.964217 1.270584 0.845385 0.595190 0.453767 0.376913 0.336729 0.316498 0.306682 0.302089 0.300014 0.299109 0.298727 0.298571 0.298510 0.298486 0.298478 0.298474 0.298472 0.298470 0.298466 0.298455 0.298432 0.298380 0.298269 0.298043 0.297595 0.296744 0.295186 0.292452 0.287846 0.280417 0.268965 0.252115 0.228507 0.197079 0.157411 0.110052 0.056682 0.000000 
50.000000 41.542120 33.466450 26.103444 19.691713 14.357593 10.116486 6.892297 4.547455 2.915105 1.826684 1.131079 0.704671 0.453767 0.311943 0.234872 0.194575 0.174287 0.164443 0.159837 0.157756 0.156849 0.156466 0.156310 0.156248 0.156224 0.156215 0.156212 0.156211 0.156209 0.156207 0.156201 0.156188 0.156159 0.156097 0.155971 0.155724 0.155255 0.154403 0.152913 0.150418 0.146417 0.140287 0.131326 0.118849 0.102339 0.081615 0.056988 0.029326 0.000000 
50.000000 41.528978 33.440762 26.066321 19.644638 14.302244 10.054564 6.825382 4.476913 2.842043 1.751943 1.055266 0.628203 0.376913 0.234872 0.157683 0.117325 0.097006 0.087147 0.082534 0.080450 0.079541 0.079158 0.079001 0.078940 0.078916 0.078907 0.078904 0.078903 0.078902 0.078900 0.078897 0.078890 0.078875 0.078842 0.078775 0.078644 0.078397 0.077949 0.077171 0.075873 0.073803 0.070649 0.066062 0.059711 0.051348 0.040899 0.028528 0.014671 0.000000 
50.000000 41.522105 33.427328 26.046907 19.620020 14.273299 10.022182 6.790392 4.440027 2.803839 1.712862 1.015625 0.588220 0.336729 0.194575 0.117325 0.076934 0.056599 0.046733 0.042116 0.040031 0.039121 0.038737 0.038581 0.038519 0.038495 0.038486 0.038483 0.038482 0.038481 0.038480 0.038479 0.038475 0.038467 0.038450 0.038416 0.038350 0.038225 0.037999 0.037608 0.036959 0.035929 0.034367 0.032105 0.028988 0.024901 0.019813 0.013808 0.007097 0.000000 
50.000000 41.518644 33.420562 26.037131 19.607623 14.258724 10.005877 6.772773 4.421455 2.784603 1.693185 0.995667 0.568090 0.316498 0.174287 0.097006 0.056599 0.036256 0.026385 0.021767 0.019681 0.018770 0.018387 0.018230 0.018168 0.018145 0.018136 0.018133 0.018131 0.018131 0.018130 0.018130 0.018128 0.018124 0.018116 0.018099 0.018066 0.018006 0.017896 0.017707 0.017395 0.016901 0.016155 0.015080 0.013604 0.011675 0.009281 0.006464 0.003321 0.000000 
50.000000 41.516964 33.417279 26.032386 19.601607 14.251651 9.997965 6.764223 4.412443 2.775270 1.683638 0.985984 0.558323 0.306682 0.164443 0.087147 0.046733 0.026385 0.016513 0.011893 0.009807 0.008897 0.008513 0.008356 0.008294 0.008271 0.008262 0.008259 0.008258 0.008257 0.008257 0.008257 0.008256 0.008254 0.008250 0.008242 0.008227 0.008198 0.008147 0.008059 0.007915 0.007686 0.007343 0.006849 0.006174 0.005294 0.004206 0.002928 0.001503 0.000000 
50.000000 41.516178 33.415742 26.030165 19.598791 14.248340 9.994262 6.760222 4.408225 2.770902 1.679170 0.981452 0.553752 0.302089 0.159837 0.082534 0.042116 0.021767 0.011894 0.007274 0.005187 0.004277 0.003893 0.003736 0.003674 0.003651 0.003642 0.003639 0.003637 0.003637 0.003637 0.003637 0.003636 0.003635 0.003634 0.003630 0.003623 0.003610 0.003587 0.003548 0.003483 0.003381 0.003229 0.003010 0.002711 0.002323 0.001845 0.001283 0.000659 0.000000 
50.000000 41.515823 33.415048 26.029162 19.597519 14.246845 9.992589 6.758415 4.406320 2.768929 1.677152 0.979405 0.551688 0.300014 0.157756 0.080450 0.040031 0.019681 0.009807 0.005187 0.003100 0.002190 0.001806 0.001649 0.001588 0.001564 0.001555 0.001552 0.001551 0.001550 0.001550 0.001550 0.001550 0.001550 0.001549 0.001547 0.001544 0.001539 0.001529 0.001512 0.001484 0.001440 0.001374 0.001280 0.001153 0.000987 0.000783 0.000545 0.000280 0.000000 
50.000000 41.515668 33.414745 26.028724 19.596964 14.246193 9.991859 6.757627 4.405489 2.768069 1.676272 0.978513 0.550788 0.299109 0.156849 0.079542 0.039121 0.018771 0.008897 0.004277 0.002190 0.001280 0.000896 0.000739 0.000678 0.000654 0.000645 0.000642 0.000641 0.000640 0.000640 0.000640 0.000640 0.000640 0.000640 0.000639 0.000638 0.000635 0.000631 0.000624 0.000612 0.000594 0.000567 0.000528 0.000475 0.000407 0.000322 0.000224 0.000115 0.000000 
50.000000 41.515602 33.414618 26.028540 19.596730 14.245918 9.991552 6.757295 4.405140 2.767707 1.675902 0.978137 0.550409 0.298729 0.156467 0.079160 0.038739 0.018388 0.008515 0.003894 0.001808 0.000897 0.000513 0.000357 0.000295 0.000271 0.000262 0.000259 0.000258 0.000258 0.000257 0.000257 0.000257 0.000257 0.000257 0.000257 0.000256 0.000255 0.000254 0.000251 0.000246 0.000239 0.000228 0.000212 0.000191 0.000163 0.000129 0.000090 0.000046 0.000000 
50.000000 41.515576 33.414567 26.028466 19.596637 14.245808 9.991429 6.757162 4.405000 2.767562 1.675753 0.977987 0.550257 0.298576 0.156314 0.079006 0.038585 0.018235 0.008361 0.003741 0.001654 0.000744 0.000360 0.000203 0.000141 0.000118 0.000109 0.000106 0.000105 0.000104 0.000104 0.000104 0.000104 0.000104 0.000104 0.000104 0.000104 0.000103 0.000102 0.000101 0.000099 0.000096 0.000092 0.000085 0.000077 0.000066 0.000052 0.000036 0.000019 0.000000 
50.000000 41.515567 33.414549 26.028441 19.596604 14.245770 9.991387 6.757116 4.404951 2.767512 1.675702 0.977935 0.550205 0.298523 0.156262 0.078953 0.038532 0.018182 0.008308 0.003688 0.001601 0.000691 0.000307 0.000150 0.000088 0.000064 0.000056 0.000053 0.000051 0.000051 0.000051 0.000051 0.000051 0.000051 0.000051 0.000051 0.000051 0.000050 0.000050 0.000050 0.000049 0.000047 0.000045 0.000042 0.000038 0.000032 0.000025 0.000018 0.000009 0.000000 
50.000000 41.515567 33.414549 26.028441 19.596604 14.245770 9.991387 6.757116 4.404951 2.767512 1.675702 0.977935 0.550205 0.298523 0.156262 0.078953 0.038532 0.018182 0.008308 0.003688 0.001601 0.000691 0.000307 0.000150 0.000088 0.000064 0.000056 0.000053 0.000051 0.000051 0.000051 0.000051 0.000051 0.000051 0.000051 0.000051 0.000051 0.000050 0.000050 0.000050 0.000049 0.000047 0.000045 0.000042 0.000038 0.000032 0.000025 0.000018 0.000009 0.000000 
50.000000 41.515576 33.414567 26.028466 19.596637 14.245808 9.991429 6.757162 4.405000 2.767562 1.675753 0.977987 0.550257 0.298576 0.156314 0.079006 0.038585 0.018235 0.008361 0.003741 0.001654 0.000744 0.000360 0.000203 0.000141 0.000118 0.000109 0.000106 0.000105 0.000104 0.000104 0.000104 0.000104 0.000104 0.000104 0.000104 0.000104 0.000103 0.000102 0.000101 0.000099 0.000096 0.000092 0.000085 0.000077 0.000066 0.000052 0.000036 0.000019 0.000000 
50.000000 41.515602 33.414618 26.028540 19.596730 14.245918 9.991552 6.757295 4.405140 2.767707 1.675902 0.978137 0.550409 0.298729 0.156467 0.079160 0.038739 0.018388 0.008515 0.003894 0.001808 0.000897 0.000513 0.000357 0.000295 0.000271 0.000262 0.000259 0.000258 0.000258 0.000257 0.000257 0.000257 0.000257 0.000257 0.000257 0.000256 0.000255 0.000254 0.000251 0.000246 0.000239 0.000228 0.000212 0.000191 0.000163 0.000129 0.000090 0.000046 0.000000 
50.000000 41.515668 33.414745 26.028724 19.596964 14.246193 9.991859 6.757627 4.405489 2.768069 1.676272 0.978513 0.550788 0.299109 0.156849 0.079542 0.039121 0.018771 0.008897 0.004277 0.002190 0.001280 0.000896 0.000739 0.000678 0.000654 0.000645 0.000642 0.000641 0.000640 0.000640 0.000640 0.000640 0.000640 0.000640 0.000639 0.000638 0.000635 0.000631 0.000624 0.000612 0.000594 0.000567 0.000528 0.000475 0.000407 0.000322 0.000224 0.000115 0.000000 
50.000000 41.515823 33.415048 26.029162 19.597519 14.246845 9.992589 6.758415 4.406320 2.768929 1.677152 0.979405 0.551688 0.300014 0.157756 0.080450 0.040031 0.019681 0.009807 0.005187 0.003100 0.002190 0.001806 0.001649 0.001588 0.001564 0.001555 0.001552 0.001551 0.001550 0.001550 0.001550 0.001550 0.001550 0.001549 0.001547 0.001544 0.001539 0.001529 0.001512 0.001484 0.001440 0.001374 0.001280 0.001153 0.000987 0.000783 0.000545 0.000280 0.000000 
50.000000 41.516178 33.415742 26.030165 19.598791 14.248340 9.994262 6.760222 4.408225 2.770902 1.679170 0.981452 0.553752 0.302089 0.159837 0.082534 0.042116 0.021767 0.011894 0.007274 0.005187 0.004277 0.003893 0.003736 0.003674 0.003651 0.003642 0.003639 0.003637 0.003637 0.003637 0.003637 0.003636 0.003635 0.003634 0.003630 0.003623 0.003610 0.003587 0.003548 0.003483 0.003381 0.003229 0.003010 0.002711 0.002323 0.001845 0.001283 0.000659 0.000000 
50.000000 41.516964 33.417279 26.032386 19.601607 14.251651 9.997965 6.764223 4.412443 2.775270 1.683638 0.985984 0.558323 0.306682 0.164443 0.087147 0.046733 0.026385 0.016513 0.011893 0.009807 0.008897 0.008513 0.008356 0.008294 0.008271 0.008262 0.008259 0.008258 0.008257 0.008257 0.008257 0.008256 0.008254 0.008250 0.008242 0.008227 0.008198 0.008147 0.008059 0.007915 0.007686 0.007343 0.006849 0.006174 0.005294 0.004206 0.002928 0.001503 0.000000 
50.000000 41.518644 33.420562 26.037131 19.607623 14.258724 10.005877 6.772773 4.421455 2.784603 1.693185 0.995667 0.568090 0.316498 0.174287 0.097006 0.056599 0.036256 0.026385 0.021767 0.019681 0.018770 0.018387 0.018230 0.018168 0.018145 0.018136 0.018133 0.018131 0.018131 0.018130 0.018130 0.018128 0.018124 0.018116 0.018099 0.018066 0.018006 0.017896 0.017707 0.017395 0.016901 0.016155 0.015080 0.013604 0.011675 0.009281 0.006464 0.003321 0.000000 
50.000000 41.522105 33.427328 26.046907 19.620020 14.273299 10.022182 6.790392 4.440027 2.803839 1.712862 1.015625 0.588220 0.336729 0.194575 0.117325 0.076934 0.056599 0.046733 0.042116 0.040031 0.039121 0.038737 0.038581 0.038519 0.038495 0.038486 0.038483 0.038482 0.038481 0.038480 0.038479 0.038475 0.038467 0.038450 0.038416 0.038350 0.038225 0.037999 0.037608 0.036959 0.035929 0.034367 0.032105 0.028988 0.024901 0.019813 0.013808 0.007097 0.000000 
50.000000 41.528978 33.440762 26.066321 19.644638 14.302244 10.054564 6.825382 4.476913 2.842043 1.751943 1.055266 0.628203 0.376913 0.234872 0.157683 0.117325 0.097006 0.087147 0.082534 0.080450 0.079541 0.079158 0.079001 0.078940 0.078916 0.078907 0.078904 0.078903 0.078902 0.078900 0.078897 0.078890 0.078875 0.078842 0.078775 0.078644 0.078397 0.077949 0.077171 0.075873 0.073803 0.070649 0.066062 0.059711 0.051348 0.040899 0.028528 0.014671 0.000000 
50.000000 41.542120 33.466450 26.103444 19.691713 14.357593 10.116486 6.892297 4.547455 2.915105 1.826684 1.131079 0.704671 0.453767 0.311943 0.234872 0.194575 0.174287 0.164443 0.159837 0.157756 0.156849 0.156466 0.156310 0.156248 0.156224 0.156215 0.156212 0.156211 0.156209 0.156207 0.156201 0.156188 0.156159 0.156097 0.155971 0.155724 0.155255 0.154403 0.152913 0.150418 0.146417 0.140287 0.131326 0.118849 0.102339 0.081615 0.056988 0.029326 0.000000 
50.000000 41.566298 33.513709 26.171742 19.778324 14.459429 10.230419 7.015419 4.677253 3.049546 1.964217 1.270584 0.845385 0.595190 0.453767 0.376913 0.336729 0.316498 0.306682 0.302089 0.300014 0.299109 0.298727 0.298571 0.298510 0.298486 0.298478 0.298474 0.298472 0.298470 0.298466 0.298455 0.298432 0.298380 0.298269 0.298043 0.297595 0.296744 0.295186 0.292452 0.287846 0.280417 0.268965 0.252115 0.228507 0.197079 0.157411 0.110052 0.056682 0.000000 
50.000000 41.609061 33.597298 26.292545 19.931521 14.639563 10.431957 7.233216 4.906866 3.287377 2.207521 1.517383 1.094323 0.845385 0.704671 0.628203 0.588220 0.568090 0.558323 0.553752 0.551688 0.550787 0.550407 0.550252 0.550191 0.550168 0.550159 0.550155 0.550153 0.550150 0.550142 0.550124 0.550084 0.549995 0.549806 0.549416 0.548641 0.547161 0.544440 0.539633 0.531486 0.518257 0.497714 0.467265 0.424285 0.366644 0.293402 0.205459 0.105936 0.000000 
50.000000 41.681721 33.739327 26.497808 20.191832 14.945652 10.774425 7.603324 5.297061 3.691544 2.620997 1.936803 1.517383 1.270584 1.131079 1.055266 1.015625 0.995667 0.985984 0.981452 0.979405 0.978512 0.978136 0.977982 0.977921 0.977898 0.977889 0.977885 0.977882 0.977877 0.977865 0.977836 0.977771 0.977626 0.977317 0.976676 0.975398 0.972943 0.968402 0.960327 0.946545 0.923992 0.888679 0.835879 0.760677 0.658927 0.528554 0.370887 0.191498 0.000000 
50.000000 41.800228 33.970978 26.832599 20.616416 15.444912 11.333036 8.207033 5.933550 4.350839 3.295488 2.620997 2.207521 1.964217 1.826684 1.751943 1.712862 1.693185 1.683638 1.679170 1.677152 1.676271 1.675900 1.675749 1.675689 1.675666 1.675657 1.675653 1.675648 1.675641 1.675622 1.675578 1.675478 1.675254 1.674772 1.673771 1.671765 1.667888 1.660670 1.647744 1.625501 1.588782 1.530732 1.443040 1.316789 1.144104 0.920529 0.647656 0.335018 0.000000 
50.000000 41.985624 34.333378 27.356364 21.280670 16.226014 12.207012 9.151588 6.929411 5.382400 4.350839 3.691544 3.287377 3.049546 2.915105 2.842043 2.803839 2.784603 2.775270 2.770902 2.768929 2.768068 2.767705 2.767557 2.767499 2.767476 2.767467 2.767463 2.767457 2.767446 2.767419 2.767355 2.767208 2.766880 2.766170 2.764688 2.761700 2.755891 2.745000 2.725338 2.691200 2.634274 2.543273 2.404123 2.201175 1.919841 1.550776 1.094940 0.567806 0.000000 
50.000000 42.263621 34.876797 28.141758 22.276746 17.397329 13.517625 10.568069 8.422861 6.929411 5.933550 5.297061 4.906866 4.677253 4.547455 4.476913 4.440027 4.421455 4.412443 4.408225 4.406320 4.405489 4.405138 4.404995 4.404939 4.404917 4.404908 4.404903 4.404896 4.404881 4.404844 4.404756 4.404553 4.404098 4.403110 4.401038 4.396836 4.388609 4.373069 4.344768 4.295137 4.211431 4.075889 3.865643 3.554161 3.115133 2.529422 1.794541 0.933867 0.000000 
50.000000 42.662898 35.657295 29.269811 23.707421 19.079731 15.400140 12.602684 10.568069 9.151588 8.207033 7.603324 7.233216 7.015419 6.892297 6.825382 6.790392 6.772773 6.764223 6.760222 6.758415 6.757626 6.757294 6.757158 6.757104 6.757083 6.757075 6.757069 6.757060 6.757041 6.756994 6.756881 6.756617 6.756025 6.754734 6.752010 6.746455 6.735503 6.714645 6.676301 6.608315 6.492180 6.301342 6.000301 5.545779 4.891705 3.999897 2.857015 1.494399 0.000000 
50.000000 43.211834 36.730350 30.820713 25.674408 21.392844 17.988427 15.400140 13.517625 12.207012 11.333036 10.774425 10.431957 10.230419 10.116486 10.054564 10.022182 10.005877 9.997965 9.994262 9.992589 9.991859 9.991551 9.991425 9.991376 9.991356 9.991348 9.991342 9.991332 9.991309 9.991252 9.991115 9.990797 9.990077 9.988501 9.985161 9.978305 9.964691 9.938545 9.889996 9.802889 9.651982 9.399839 8.994213 8.367659 7.442324 6.144293 4.431782 2.336374 0.000000 
50.000000 43.933820 38.141690 32.860561 28.261548 24.435278 21.392844 19.079731 17.397329 16.226014 15.444912 14.945652 14.639563 14.459429 14.357593 14.302244 14.273299 14.258724 14.251651 14.248340 14.246845 14.246192 14.245917 14.245805 14.245760 14.245743 14.245735 14.245729 14.245718 14.245693 14.245629 14.245477 14.245120 14.244312 14.242533 14.238744 14.230922 14.215278 14.184975 14.128124 14.024839 13.843169 13.533953 13.025186 12.217639 10.985793 9.192116 6.727730 3.592364 0.000000 
50.000000 44.841785 39.916589 35.425891 31.515189 28.261548 25.674408 23.707421 22.276746 21.280670 20.616416 20.191832 19.931521 19.778324 19.691713 19.644638 19.620020 19.607623 19.601607 19.598791 19.597519 19.596964 19.596729 19.596634 19.596596 19.596581 19.596574 19.596568 19.596558 19.596532 19.596467 19.596312 19.595948 19.595119 19.593290 19.589375 19.581245 19.564876 19.532905 19.472312 19.360829 19.161614 18.815716 18.232084 17.275755 15.757594 13.436130 10.058217 5.491329 0.000000 
50.000000 45.933090 42.049894 38.509255 35.425891 32.860561 30.820713 29.269811 28.141758 27.356364 26.832599 26.497808 26.292545 26.171742 26.103444 26.066321 26.046907 26.037131 26.032386 26.030165 26.029162 26.028724 26.028539 26.028464 26.028434 26.028422 26.028417 26.028412 26.028402 26.028379 26.028320 26.028180 26.027849 26.027094 26.025422 26.021829 26.014331 25.999143 25.969254 25.912070 25.805589 25.612336 25.269915 24.676420 23.668445 21.989760 19.254628 14.936085 8.498078 0.000000 
50.000000 47.186231 44.499563 42.049894 39.916589 38.141690 36.730350 35.657295 34.876797 34.333378 33.970978 33.739327 33.597298 33.513709 33.466450 33.440762 33.427328 33.420562 33.417279 33.415742 33.415048 33.414745 33.414617 33.414565 33.414544 33.414536 33.414532 33.414528 33.414521 33.414503 33.414459 33.414352 33.414099 33.413520 33.412234 33.409462 33.403657 33.391839 33.368441 33.323322 33.238438 33.082256 32.800280 32.298568 31.413960 29.858372 27.113809 22.249782 13.726732 0.000000 
50.000000 48.560607 47.186231 45.933090 44.841785 43.933820 43.211834 42.662898 42.263621 41.985624 41.800228 41.681721 41.609061 41.566298 41.542120 41.528978 41.522105 41.518644 41.516964 41.516178 41.515823 41.515668 41.515602 41.515575 41.515565 41.515561 41.515559 41.515557 41.515553 41.515543 41.515519 41.515461 41.515323 41.515008 41.514308 41.512794 41.509616 41.503125 41.490223 41.465211 41.417818 41.329754 41.168499 40.875460 40.341457 39.350455 37.435013 33.459499 24.280303 0.000000 
50.000000 50.000000 50.000000 50.000000 50.000000 50.000000 50.000000 50.000000 50.000000 50.000000 50.000000 50.000000 50.000000 50.000000 50.000000 50.000000 50.000000 50.000000 50.000000 50.000000 50.000000 50.000000 50.000000 50.000000 50.000000 50.000000 50.000000 50.000000 50.000000 50.000000 50.000000 50.000000 50.000000 50.000000 50.000000 50.000000 50.000000 50.000000 50.000000 50.000000 50.000000 50.000000 50.000000 50.000000 50.000000 50.000000 50.000000 50.000000 50.000000 50.000000 
