50.000000 50.000000 50.000000 50.000000 50.000000 50.000000 50.000000 50.000000 50.000000 50.000000 50.000000 50.000000 50.000000 50.000000 50.000000 50.000000 50.000000 50.000000 50.000000 50.000000 50.000000 50.000000 50.000000 50.000000 50.000000 50.000000 50.000000 50.000000 50.000000 50.000000 50.000000 50.000000 50.000000 50.000000 50.000000 50.000000 50.000000 50.000000 50.000000 50.000000 50.000000 50.000000 50.000000 50.000000 50.000000 50.000000 50.000000 50.000000 50.000000 50.000000 
50.000000 45.920563 42.361646 39.645589 37.823393 36.741901 36.170096 35.898861 35.782636 35.737355 35.721219 35.715931 35.714329 35.713879 35.713760 35.713731 35.713725 35.713723 35.713723 35.713723 35.713723 35.713723 35.713723 35.713723 35.713723 35.713723 35.713723 35.713723 35.713723 35.713723 35.713723 35.713723 35.713723 35.713723 35.713723 35.713721 35.713714 35.713682 35.713552 35.713060 35.711290 35.705319 35.686368 35.629705 35.469350 35.035941 33.899314 30.933462 22.960282 0.000000 
50.000000 42.361646 35.698076 30.612883 27.201469 25.176931 24.106628 23.598988 23.381489 23.296763 23.266575 23.256683 23.253687 23.252844 23.252623 23.252569 23.252557 23.252554 23.252553 23.252553 23.252553 23.252553 23.252553 23.252553 23.252553 23.252553 23.252553 23.252553 23.252553 23.252553 23.252553 23.252553 23.252553 23.252553 23.252553 23.252550 23.252538 23.252489 23.252289 23.251532 23.248835 23.239835 23.211715 23.129538 22.904883 22.329785 20.949556 17.849038 11.428183 0.000000 
50.000000 39.645589 30.612883 23.720175 19.096618 16.353046 14.902816 14.215085 13.920477 13.805733 13.764858 13.751466 13.747411 13.746271 13.745972 13.745899 13.745882 13.745879 13.745878 13.745878 13.745878 13.745878 13.745878 13.745878 13.745878 13.745878 13.745878 13.745878 13.745878 13.745878 13.745878 13.745878 13.745878 13.745878 13.745877 13.745874 13.745863 13.745813 13.745616 13.744871 13.742246 13.733604 13.707089 13.631505 13.431944 12.945832 11.860087 9.663326 5.746275 0.000000 
50.000000 37.823393 27.201469 19.096618 13.660509 10.435182 8.730549 7.922310 7.576140 7.441340 7.393330 7.377604 7.372843 7.371505 7.371154 7.371068 7.371049 7.371044 7.371043 7.371043 7.371043 7.371043 7.371043 7.371043 7.371043 7.371043 7.371043 7.371043 7.371043 7.371043 7.371043 7.371043 7.371043 7.371043 7.371043 7.371041 7.371032 7.370994 7.370843 7.370279 7.368312 7.361922 7.342658 7.288994 7.151577 6.830255 6.150786 4.871684 2.787451 0.000000 
50.000000 36.741901 25.176931 16.353046 10.435182 6.924407 5.069150 4.189620 3.812975 3.666334 3.614114 3.597013 3.591837 3.590383 3.590002 3.589908 3.589887 3.589882 3.589881 3.589881 3.589881 3.589881 3.589881 3.589881 3.589881 3.589881 3.589881 3.589881 3.589881 3.589881 3.589881 3.589881 3.589881 3.589881 3.589881 3.589879 3.589874 3.589850 3.589754 3.589403 3.588187 3.584287 3.572712 3.541105 3.462203 3.283605 2.921102 2.272048 1.272551 0.000000 
50.000000 36.170096 24.106628 14.902816 8.730549 5.069150 3.134482 2.217403 1.824725 1.671860 1.617432 1.599610 1.594216 1.592701 1.592304 1.592207 1.592184 1.592179 1.592178 1.592178 1.592178 1.592178 1.592178 1.592178 1.592178 1.592178 1.592178 1.592178 1.592178 1.592178 1.592178 1.592178 1.592178 1.592178 1.592178 1.592177 1.592174 1.592161 1.592110 1.591923 1.591280 1.589241 1.583272 1.567241 1.528045 1.441555 1.271311 0.977090 0.540391 0.000000 
50.000000 35.898861 23.598988 14.215085 7.922310 4.189620 2.217403 1.282590 0.882348 0.726551 0.671084 0.652923 0.647427 0.645883 0.645479 0.645380 0.645357 0.645352 0.645351 0.645351 0.645351 0.645351 0.645351 0.645351 0.645351 0.645351 0.645351 0.645351 0.645351 0.645351 0.645351 0.645351 0.645351 0.645351 0.645351 0.645350 0.645349 0.645343 0.645319 0.645231 0.644934 0.644000 0.641295 0.634132 0.616908 0.579652 0.507997 0.387273 0.212493 0.000000 
50.000000 35.782636 23.381489 13.920477 7.576140 3.812975 1.824725 0.882348 0.478885 0.321841 0.265932 0.247627 0.242088 0.240532 0.240125 0.240025 0.240002 0.239997 0.239996 0.239996 0.239996 0.239996 0.239996 0.239996 0.239996 0.239996 0.239996 0.239996 0.239996 0.239996 0.239996 0.239996 0.239996 0.239996 0.239996 0.239996 0.239995 0.239992 0.239982 0.239946 0.239824 0.239442 0.238348 0.235484 0.228688 0.214218 0.186873 0.141655 0.077317 0.000000 
50.000000 35.737355 23.296763 13.805733 7.441340 3.666334 1.671860 0.726551 0.321841 0.164314 0.108235 0.089875 0.084320 0.082759 0.082350 0.082250 0.082227 0.082222 0.082221 0.082221 0.082221 0.082221 0.082221 0.082221 0.082221 0.082221 0.082221 0.082221 0.082221 0.082221 0.082221 0.082221 0.082221 0.082221 0.082221 0.082221 0.082221 0.082220 0.082216 0.082202 0.082157 0.082017 0.081617 0.080580 0.078146 0.073028 0.063487 0.047928 0.026065 0.000000 
50.000000 35.721219 23.266575 13.764858 7.393330 3.614114 1.617432 0.671084 0.265932 0.108235 0.052096 0.033717 0.028155 0.026593 0.026184 0.026084 0.026060 0.026055 0.026054 0.026054 0.026054 0.026054 0.026054 0.026054 0.026054 0.026054 0.026054 0.026054 0.026054 0.026054 0.026054 0.026054 0.026054 0.026054 0.026054 0.026054 0.026054 0.026054 0.026052 0.026048 0.026033 0.025986 0.025852 0.025509 0.024712 0.023051 0.019987 0.015043 0.008160 0.000000 
50.000000 35.715931 23.256683 13.751466 7.377604 3.597013 1.599610 0.652923 0.247627 0.089875 0.033717 0.015331 0.009768 0.008205 0.007796 0.007695 0.007672 0.007667 0.007666 0.007666 0.007666 0.007666 0.007666 0.007666 0.007666 0.007666 0.007666 0.007666 0.007666 0.007666 0.007666 0.007666 0.007666 0.007666 0.007666 0.007666 0.007666 0.007666 0.007665 0.007664 0.007659 0.007645 0.007604 0.007500 0.007259 0.006761 0.005851 0.004393 0.002379 0.000000 
50.000000 35.714329 23.253687 13.747411 7.372843 3.591837 1.594216 0.647427 0.242088 0.084320 0.028155 0.009768 0.004204 0.002641 0.002232 0.002131 0.002108 0.002103 0.002102 0.002102 0.002102 0.002102 0.002102 0.002102 0.002102 0.002102 0.002102 0.002102 0.002102 0.002102 0.002102 0.002102 0.002102 0.002102 0.002102 0.002102 0.002102 0.002102 0.002102 0.002101 0.002100 0.002096 0.002084 0.002055 0.001988 0.001849 0.001598 0.001198 0.000647 0.000000 
50.000000 35.713879 23.252844 13.746271 7.371505 3.590383 1.592701 0.645883 0.240532 0.082759 0.026593 0.008205 0.002641 0.001078 0.000669 0.000568 0.000545 0.000540 0.000539 0.000539 0.000539 0.000539 0.000539 0.000539 0.000539 0.000539 0.000539 0.000539 0.000539 0.000539 0.000539 0.000539 0.000539 0.000539 0.000539 0.000539 0.000539 0.000539 0.000539 0.000539 0.000538 0.000537 0.000534 0.000527 0.000509 0.000473 0.000408 0.000306 0.000165 0.000000 
50.000000 35.713760 23.252623 13.745972 7.371154 3.590002 1.592304 0.645479 0.240125 0.082350 0.026184 0.007796 0.002232 0.000669 0.000259 0.000159 0.000136 0.000131 0.000130 0.000130 0.000130 0.000130 0.000130 0.000130 0.000130 0.000130 0.000130 0.000130 0.000130 0.000130 0.000130 0.000130 0.000130 0.000130 0.000130 0.000130 0.000130 0.000130 0.000130 0.000130 0.000130 0.000129 0.000129 0.000127 0.000122 0.000114 0.000098 0.000073 0.000040 0.000000 
50.000000 35.713731 23.252569 13.745899 7.371068 3.589908 1.592207 0.645380 0.240025 0.082250 0.026084 0.007695 0.002131 0.000568 0.000159 0.000059 0.000036 0.000031 0.000030 0.000029 0.000029 0.000029 0.000029 0.000029 0.000029 0.000029 0.000029 0.000029 0.000029 0.000029 0.000029 0.000029 0.000029 0.000029 0.000029 0.000029 0.000029 0.000029 0.000029 0.000029 0.000029 0.000029 0.000029 0.000029 0.000028 0.000026 0.000022 0.000017 0.000009 0.000000 
50.000000 35.713725 23.252557 13.745882 7.371049 3.589887 1.592184 0.645357 0.240002 0.082227 0.026060 0.007672 0.002108 0.000545 0.000136 0.000036 0.000013 0.000008 0.000007 0.000006 0.000006 0.000006 0.000006 0.000006 0.000006 0.000006 0.000006 0.000006 0.000006 0.000006 0.000006 0.000006 0.000006 0.000006 0.000006 0.000006 0.000006 0.000006 0.000006 0.000006 0.000006 0.000006 0.000006 0.000006 0.000006 0.000005 0.000005 0.000004 0.000002 0.000000 
50.000000 35.713723 23.252554 13.745879 7.371044 3.589882 1.592179 0.645352 0.239997 0.082222 0.026055 0.007667 0.002103 0.000540 0.000131 0.000031 0.000008 0.000003 0.000002 0.000001 0.000001 0.000001 0.000001 0.000001 0.000001 0.000001 0.000001 0.000001 0.000001 0.000001 0.000001 0.000001 0.000001 0.000001 0.000001 0.000001 0.000001 0.000001 0.000001 0.000001 0.000001 0.000001 0.000001 0.000001 0.000001 0.000001 0.000001 0.000001 0.000000 0.000000 
50.000000 35.713723 23.252553 13.745878 7.371043 3.589881 1.592178 0.645351 0.239996 0.082221 0.026054 0.007666 0.002102 0.000539 0.000130 0.000030 0.000007 0.000002 0.000000 0.000000 0.000000 0.000000 0.000000 0.000000 0.000000 0.000000 0.000000 0.000000 0.000000 0.000000 0.000000 0.000000 0.000000 0.000000 0.000000 0.000000 0.000000 0.000000 0.000000 0.000000 0.000000 0.000000 0.000000 0.000000 0.000000 0.000000 0.000000 0.000000 0.000000 0.000000 
50.000000 35.713723 23.252553 13.745878 7.371043 3.589881 1.592178 0.645351 0.239996 0.082221 0.026054 0.007666 0.002102 0.000539 0.000130 0.000029 0.000006 0.000001 0.000000 0.000000 0.000000 0.000000 0.000000 0.000000 0.000000 0.000000 0.000000 0.000000 0.000000 0.000000 0.000000 0.000000 0.000000 0.000000 0.000000 0.000000 0.000000 0.000000 0.000000 0.000000 0.000000 0.000000 0.000000 0.000000 0.000000 0.000000 0.000000 0.000000 0.000000 0.000000 
50.000000 35.713723 23.252553 13.745878 7.371043 3.589881 1.592178 0.645351 0.239996 0.082221 0.026054 0.007666 0.002102 0.000539 0.000130 0.000029 0.000006 0.000001 0.000000 0.000000 0.000000 0.000000 0.000000 0.000000 0.000000 0.000000 0.000000 0.000000 0.000000 0.000000 0.000000 0.000000 0.000000 0.000000 0.000000 0.000000 0.000000 0.000000 0.000000 0.000000 0.000000 0.000000 0.000000 0.000000 0.000000 0.000000 0.000000 0.000000 0.000000 0.000000 
50.000000 35.713723 23.252553 13.745878 7.371043 3.589881 1.592178 0.645351 0.239996 0.082221 0.026054 0.007666 0.002102 0.000539 0.000130 0.000029 0.000006 0.000001 0.000000 0.000000 0.000000 0.000000 0.000000 0.000000 0.000000 0.000000 0.000000 0.000000 0.000000 0.000000 0.000000 0.000000 0.000000 0.000000 0.000000 0.000000 0.000000 0.000000 0.000000 0.000000 0.000000 0.000000 0.000000 0.000000 0.000000 0.000000 0.000000 0.000000 0.000000 0.000000 
50.000000 35.713723 23.252553 13.745878 7.371043 3.589881 1.592178 0.645351 0.239996 0.082221 0.026054 0.007666 0.002102 0.000539 0.000130 0.000029 0.000006 0.000001 0.000000 0.000000 0.000000 0.000000 0.000000 0.000000 0.000000 0.000000 0.000000 0.000000 0.000000 0.000000 0.000000 0.000000 0.000000 0.000000 0.000000 0.000000 0.000000 0.000000 0.000000 0.000000 0.000000 0.000000 0.000000 0.000000 0.000000 0.000000 0.000000 0.000000 0.000000 0.000000 
50.000000 35.713723 23.252553 13.745878 7.371043 3.589881 1.592178 0.645351 0.239996 0.082221 0.026054 0.007666 0.002102 0.000539 0.000130 0.000029 0.000006 0.000001 0.000000 0.000000 0.000000 0.000000 0.000000 0.000000 0.000000 0.000000 0.000000 0.000000 0.000000 0.000000 0.000000 0.000000 0.000000 0.000000 0.000000 0.000000 0.000000 0.000000 0.000000 0.000000 0.000000 0.000000 0.000000 0.000000 0.000000 0.000000 0.000000 0.000000 0.000000 0.000000 
50.000000 35.713723 23.252553 13.745878 7.371043 3.589881 1.592178 0.645351 0.239996 0.082221 0.026054 0.007666 0.002102 0.000539 0.000130 0.000029 0.000006 0.000001 0.000000 0.000000 0.000000 0.000000 0.000000 0.000000 0.000000 0.000000 0.000000 0.000000 0.000000 0.000000 0.000000 0.000000 0.000000 0.000000 0.000000 0.000000 0.000000 0.000000 0.000000 0.000000 0.000000 0.000000 0.000000 0.000000 0.000000 0.000000 0.000000 0.000000 0.000000 0.000000 
50.000000 35.713723 23.252553 13.745878 7.371043 3.589881 1.592178 0.645351 0.239996 0.082221 0.026054 0.007666 0.002102 0.000539 0.000130 0.000029 0.000006 0.000001 0.000000 0.000000 0.000000 0.000000 0.000000 0.000000 0.000000 0.000000 0.000000 0.000000 0.000000 0.000000 0.000000 0.000000 0.000000 0.000000 0.000000 0.000000 0.000000 0.000000 0.000000 0.000000 0.000000 0.000000 0.000000 0.000000 0.000000 0.000000 0.000000 0.000000 0.000000 0.000000 
50.000000 35.713723 23.252553 13.745878 7.371043 3.589881 1.592178 0.645351 0.239996 0.082221 0.026054 0.007666 0.002102 0.000539 0.000130 0.000029 0.000006 0.000001 0.000000 0.000000 0.000000 0.000000 0.000000 0.000000 0.000000 0.000000 0.000000 0.000000 0.000000 0.000000 0.000000 0.000000 0.000000 0.000000 0.000000 0.000000 0.000000 0.000000 0.000000 0.000000 0.000000 0.000000 0.000000 0.000000 0.000000 0.000000 0.000000 0.000000 0.000000 0.000000 
50.000000 35.713723 23.252553 13.745878 7.371043 3.589881 1.592178 0.645351 0.239996 0.082221 0.026054 0.007666 0.002102 0.000539 0.000130 0.000029 0.000006 0.000001 0.000000 0.000000 0.000000 0.000000 0.000000 0.000000 0.000000 0.000000 0.000000 0.000000 0.000000 0.000000 0.000000 0.000000 0.000000 0.000000 0.000000 0.000000 0.000000 0.000000 0.000000 0.000000 0.000000 0.000000 0.000000 0.000000 0.000000 0.000000 0.000000 0.000000 0.000000 0.000000 
50.000000 35.713723 23.252553 13.745878 7.371043 3.589881 1.592178 0.645351 0.239996 0.082221 0.026054 0.007666 0.002102 0.000539 0.000130 0.000029 0.000006 0.000001 0.000000 0.000000 0.000000 0.000000 0.000000 0.000000 0.000000 0.000000 0.000000 0.000000 0.000000 0.000000 0.000000 0.000000 0.000000 0.000000 0.000000 0.000000 0.000000 0.000000 0.000000 0.000000 0.000000 0.000000 0.000000 0.000000 0.000000 0.000000 0.000000 0.000000 0.000000 0.000000 
50.000000 35.713723 23.252553 13.745878 7.371043 3.589881 1.592178 0.645351 0.239996 0.082221 0.026054 0.007666 0.002102 0.000539 0.000130 0.000029 0.000006 0.000001 0.000000 0.000000 0.000000 0.000000 0.000000 0.000000 0.000000 0.000000 0.000000 0.000000 0.000000 0.000000 0.000000 0.000000 0.000000 0.000000 0.000000 0.000000 0.000000 0.000000 0.000000 0.000000 0.000000 0.000000 0.000000 0.000000 0.000000 0.000000 0.000000 0.000000 0.000000 0.000000 
50.000000 35.713723 23.252553 13.745878 7.371043 3.589881 1.592178 0.645351 0.239996 0.082221 0.026054 0.007666 0.002102 0.000539 0.000130 0.000029 0.000006 0.000001 0.000000 0.000000 0.000000 0.000000 0.000000 0.000000 0.000000 0.000000 0.000000 0.000000 0.000000 0.000000 0.000000 0.000000 0.000000 0.000000 0.000000 0.000000 0.000000 0.000000 0.000000 0.000000 0.000000 0.000000 0.000000 0.000000 0.000000 0.000000 0.000000 0.000000 0.000000 0.000000 
50.000000 35.713723 23.252553 13.745878 7.371043 3.589881 1.592178 0.645351 0.239996 0.082221 0.026054 0.007666 0.002102 0.000539 0.000130 0.000030 0.000007 0.000002 0.000000 0.000000 0.000000 0.000000 0.000000 0.000000 0.000000 0.000000 0.000000 0.000000 0.000000 0.000000 0.000000 0.000000 0.000000 0.000000 0.000000 0.000000 0.000000 0.000000 0.000000 0.000000 0.000000 0.000000 0.000000 0.000000 0.000000 0.000000 0.000000 0.000000 0.000000 0.000000 
50.000000 35.713723 23.252554 13.745879 7.371044 3.589882 1.592179 0.645352 0.239997 0.082222 0.026055 0.007667 0.002103 0.000540 0.000131 0.000031 0.000008 0.000003 0.000002 0.000001 0.000001 0.000001 0.000001 0.000001 0.000001 0.000001 0.000001 0.000001 0.000001 0.000001 0.000001 0.000001 0.000001 0.000001 0.000001 0.000001 0.000001 0.000001 0.000001 0.000001 0.000001 0.000001 0.000001 0.000001 0.000001 0.000001 0.000001 0.000001 0.000000 0.000000 
50.000000 35.713725 23.252557 13.745882 7.371049 3.589887 1.592184 0.645357 0.240002 0.082227 0.026060 0.007672 0.002108 0.000545 0.000136 0.000036 0.000013 0.000008 0.000007 0.000006 0.000006 0.000006 0.000006 0.000006 0.000006 0.000006 0.000006 0.000006 0.000006 0.000006 0.000006 0.000006 0.000006 0.000006 0.000006 0.000006 0.000006 0.000006 0.000006 0.000006 0.000006 0.000006 0.000006 0.000006 0.000006 0.000005 0.000005 0.000004 0.000002 0.000000 
50.000000 35.713731 23.252569 13.745899 7.371068 3.589908 1.592207 0.645380 0.240025 0.082250 0.026084 0.007695 0.002131 0.000568 0.000159 0.000059 0.000036 0.000031 0.000030 0.000029 0.000029 0.000029 0.000029 0.000029 0.000029 0.000029 0.000029 0.000029 0.000029 0.000029 0.000029 0.000029 0.000029 0.000029 0.000029 0.000029 0.000029 0.000029 0.000029 0.000029 0.000029 0.000029 0.000029 0.000029 0.000028 0.000026 0.000022 0.000017 0.000009 0.000000 
50.000000 35.713760 23.252623 13.745972 7.371154 3.590002 1.592304 0.645479 0.240125 0.082350 0.026184 0.007796 0.002232 0.000669 0.000259 0.000159 0.000136 0.000131 0.000130 0.000130 0.000130 0.000130 0.000130 0.000130 0.000130 0.000130 0.000130 0.000130 0.000130 0.000130 0.000130 0.000130 0.000130 0.000130 0.000130 0.000130 0.000130 0.000130 0.000130 0.000130 0.000130 0.000129 0.000129 0.000127 0.000122 0.000114 0.000098 0.000073 0.000040 0.000000 
50.000000 35.713879 23.252844 13.746271 7.371505 3.590383 1.592701 0.645883 0.240532 0.082759 0.026593 0.008205 0.002641 0.001078 0.000669 0.000568 0.000545 0.000540 0.000539 0.000539 0.000539 0.000539 0.000539 0.000539 0.000539 0.000539 0.000539 0.000539 0.000539 0.000539 0.000539 0.000539 0.000539 0.000539 0.000539 0.000539 0.000539 0.000539 0.000539 0.000539 0.000538 0.000537 0.000534 0.000527 0.000509 0.000473 0.000408 0.000306 0.000165 0.000000 
50.000000 35.714329 23.253687 13.747411 7.372843 3.591837 1.594216 0.647427 0.242088 0.084320 0.028155 0.009768 0.004204 0.002641 0.002232 0.002131 0.002108 0.002103 0.002102 0.002102 0.002102 0.002102 0.002102 0.002102 0.002102 0.002102 0.002102 0.002102 0.002102 0.002102 0.002102 0.002102 0.002102 0.002102 0.002102 0.002102 0.002102 0.002102 0.002102 0.002101 0.002100 0.002096 0.002084 0.002055 0.001988 0.001849 0.001598 0.001198 0.000647 0.000000 
50.000000 35.715931 23.256683 13.751466 7.377604 3.597013 1.599610 0.652923 0.247627 0.089875 0.033717 0.015331 0.009768 0.008205 0.007796 0.007695 0.007672 0.007667 0.007666 0.007666 0.007666 0.007666 0.007666 0.007666 0.007666 0.007666 0.007666 0.007666 0.007666 0.007666 0.007666 0.007666 0.007666 0.007666 0.007666 0.007666 0.007666 0.007666 0.007665 0.007664 0.007659 0.007645 0.007604 0.007500 0.007259 0.006761 0.005851 0.004393 0.002379 0.000000 
50.000000 35.721219 23.266575 13.764858 7.393330 3.614114 1.617432 0.671084 0.265932 0.108235 0.052096 0.033717 0.028155 0.026593 0.026184 0.026084 0.026060 0.026055 0.026054 0.026054 0.026054 0.026054 0.026054 0.026054 0.026054 0.026054 0.026054 0.026054 0.026054 0.026054 0.026054 0.026054 0.026054 0.026054 0.026054 0.026054 0.026054 0.026054 0.026052 0.026048 0.026033 0.025986 0.025852 0.025509 0.024712 0.023051 0.019987 0.015043 0.008160 0.000000 
50.000000 35.737355 23.296763 13.805733 7.441340 3.666334 1.671860 0.726551 0.321841 0.164314 0.108235 0.089875 0.084320 0.082759 0.082350 0.082250 0.082227 0.082222 0.082221 0.082221 0.082221 0.082221 0.082221 0.082221 0.082221 0.082221 0.082221 0.082221 0.082221 0.082221 0.082221 0.082221 0.082221 0.082221 0.082221 0.082221 0.082221 0.082220 0.082216 0.082202 0.082157 0.082017 0.081617 0.080580 0.078146 0.073028 0.063487 0.047928 0.026065 0.000000 
50.000000 35.782636 23.381489 13.920477 7.576140 3.812975 1.824725 0.882348 0.478885 0.321841 0.265932 0.247627 0.242088 0.240532 0.240125 0.240025 0.240002 0.239997 0.239996 0.239996 0.239996 0.239996 0.239996 0.239996 0.239996 0.239996 0.239996 0.239996 0.239996 0.239996 0.239996 0.239996 0.239996 0.239996 0.239996 0.239996 0.239995 0.239992 0.239982 0.239946 0.239824 0.239442 0.238348 0.235484 0.228688 0.214218 0.186873 0.141655 0.077317 0.000000 
50.000000 35.898861 23.598988 14.215085 7.922310 4.189620 2.217403 1.282590 0.882348 0.726551 0.671084 0.652923 0.647427 0.645883 0.645479 0.645380 0.645357 0.645352 0.645351 0.645351 0.645351 0.645351 0.645351 0.645351 0.645351 0.645351 0.645351 0.645351 0.645351 0.645351 0.645351 0.645351 0.645351 0.645351 0.645351 0.645350 0.645349 0.645343 0.645319 0.645231 0.644934 0.644000 0.641295 0.634132 0.616908 0.579652 0.507997 0.387273 0.212493 0.000000 
50.000000 36.170096 24.106628 14.902816 8.730549 5.069150 3.134482 2.217403 1.824725 1.671860 1.617432 1.599610 1.594216 1.592701 1.592304 1.592207 1.592184 1.592179 1.592178 1.592178 1.592178 1.592178 1.592178 1.592178 1.592178 1.592178 1.592178 1.592178 1.592178 1.592178 1.592178 1.592178 1.592178 1.592178 1.592178 1.592177 1.592174 1.592161 1.592110 1.591923 1.591280 1.589241 1.583272 1.567241 1.528045 1.441555 1.271311 0.977090 0.540391 0.000000 
50.000000 36.741901 25.176931 16.353046 10.435182 6.924407 5.069150 4.189620 3.812975 3.666334 3.614114 3.597013 3.591837 3.590383 3.590002 3.589908 3.589887 3.589882 3.589881 3.589881 3.589881 3.589881 3.589881 3.589881 3.589881 3.589881 3.589881 3.589881 3.589881 3.589881 3.589881 3.589881 3.589881 3.589881 3.589881 3.589879 3.589874 3.589850 3.589754 3.589403 3.588187 3.584287 3.572712 3.541105 3.462203 3.283605 2.921102 2.272048 1.272551 0.000000 
50.000000 37.823393 27.201469 19.096618 13.660509 10.435182 8.730549 7.922310 7.576140 7.441340 7.393330 7.377604 7.372843 7.371505 7.371154 7.371068 7.371049 7.371044 7.371043 7.371043 7.371043 7.371043 7.371043 7.371043 7.371043 7.371043 7.371043 7.371043 7.371043 7.371043 7.371043 7.371043 7.371043 7.371043 7.371043 7.371041 7.371032 7.370994 7.370843 7.370279 7.368312 7.361922 7.342658 7.288994 7.151577 6.830255 6.150786 4.871684 2.787451 0.000000 
50.000000 39.645589 30.612883 23.720175 19.096618 16.353046 14.902816 14.215085 13.920477 13.805733 13.764858 13.751466 13.747411 13.746271 13.745972 13.745899 13.745882 13.745879 13.745878 13.745878 13.745878 13.745878 13.745878 13.745878 13.745878 13.745878 13.745878 13.745878 13.745878 13.745878 13.745878 13.745878 13.745878 13.745878 13.745877 13.745874 13.745863 13.745813 13.745616 13.744871 13.742246 13.733604 13.707089 13.631505 13.431944 12.945832 11.860087 9.663326 5.746275 0.000000 
50.000000 42.361646 35.698076 30.612883 27.201469 25.176931 24.106628 23.598988 23.381489 23.296763 23.266575 23.256683 23.253687 23.252844 23.252623 23.252569 23.252557 23.252554 23.252553 23.252553 23.252553 23.252553 23.252553 23.252553 23.252553 23.252553 23.252553 23.252553 23.252553 23.252553 23.252553 23.252553 23.252553 23.252553 23.252553 23.252550 23.252538 23.252489 23.252289 23.251532 23.248835 23.239835 23.211715 23.129538 22.904883 22.329785 20.949556 17.849038 11.428183 0.000000 
50.000000 45.920563 42.361646 39.645589 37.823393 36.741901 36.170096 35.898861 35.782636 35.737355 35.721219 35.715931 35.714329 35.713879 35.713760 35.713731 35.713725 35.713723 35.713723 35.713723 35.713723 35.713723 35.713723 35.713723 35.713723 35.713723 35.713723 35.713723 35.713723 35.713723 35.713723 35.713723 35.713723 35.713723 35.713723 35.713721 35.713714 35.713682 35.713552 35.713060 35.711290 35.705319 35.686368 35.629705 35.469350 35.035941 33.899314 30.933462 22.960282 0.000000 
50.000000 50.000000 50.000000 50.000000 50.000000 50.000000 50.000000 50.000000 50.000000 50.000000 50.000000 50.000000 50.000000 50.000000 50.000000 50.000000 50.000000 50.000000 50.000000 50.000000 50.000000 50.000000 50.000000 50.000000 50.000000 50.000000 50.000000 50.000000 50.000000 50.000000 50.000000 50.000000 50.000000 50.000000 50.000000 50.000000 50.000000 50.000000 50.000000 50.000000 50.000000 50.000000 50.000000 50.000000 50.000000 50.000000 50.000000 50.000000 50.000000 50.000000 
