50.000000 50.000000 50.000000 50.000000 50.000000 50.000000 50.000000 50.000000 50.000000 50.000000 50.000000 50.000000 50.000000 50.000000 50.000000 50.000000 50.000000 50.000000 50.000000 50.000000 50.000000 50.000000 50.000000 50.000000 50.000000 50.000000 50.000000 50.000000 50.000000 50.000000 50.000000 50.000000 50.000000 50.000000 50.000000 50.000000 50.000000 50.000000 50.000000 50.000000 50.000000 50.000000 50.000000 50.000000 50.000000 50.000000 50.000000 50.000000 50.000000 50.000000 
50.000000 47.131996 44.521721 42.357630 40.720573 39.588043 38.869519 38.450158 38.224259 38.111574 38.059347 38.036784 38.027670 38.024218 38.022988 38.022574 38.022443 38.022404 38.022393 38.022390 38.022389 38.022389 38.022389 38.022388 38.022388 38.022388 38.022388 38.022388 38.022388 38.022388 38.022388 38.022388 38.022388 38.022386 38.022377 38.022349 38.022253 38.021949 38.021023 38.018344 38.010956 37.991530 37.942689 37.824768 37.549240 36.918360 35.474826 32.079094 23.565998 0.000000 
50.000000 44.521721 39.535777 35.402166 32.275312 30.112194 28.739871 27.938959 27.507551 27.292361 27.192632 27.149550 27.132148 27.125557 27.123209 27.122420 27.122170 27.122094 27.122073 27.122067 27.122065 27.122065 27.122065 27.122065 27.122065 27.122065 27.122065 27.122065 27.122065 27.122065 27.122065 27.122065 27.122064 27.122060 27.122046 27.121998 27.121837 27.121326 27.119781 27.115334 27.103165 27.071506 26.993104 26.807978 26.389940 25.483540 23.588757 19.767888 12.442626 0.000000 
50.000000 42.357630 35.402166 29.635857 25.274106 22.256838 20.342729 19.225693 18.624046 18.323963 18.184902 18.124835 18.100574 18.091386 18.088113 18.087014 18.086665 18.086560 18.086530 18.086522 18.086520 18.086519 18.086519 18.086519 18.086519 18.086519 18.086519 18.086519 18.086519 18.086519 18.086519 18.086519 18.086518 18.086513 18.086498 18.086443 18.086262 18.085687 18.083960 18.079030 18.065681 18.031427 17.948173 17.756605 17.339493 16.481157 14.817929 11.813409 6.882804 0.000000 
50.000000 40.720573 32.275312 25.274106 19.978470 16.315373 13.991708 12.635762 11.905496 11.541295 11.372537 11.299649 11.270214 11.259067 11.255097 11.253764 11.253341 11.253213 11.253177 11.253167 11.253165 11.253164 11.253164 11.253164 11.253164 11.253164 11.253164 11.253164 11.253164 11.253164 11.253164 11.253163 11.253162 11.253158 11.253144 11.253094 11.252930 11.252414 11.250872 11.246509 11.234831 11.205303 11.134893 10.976897 10.644163 9.989235 8.792950 6.791773 3.802213 0.000000 
50.000000 39.588043 30.112194 22.256838 16.315373 12.205759 9.599015 8.077993 7.258890 6.850420 6.661167 6.579436 6.546434 6.533937 6.529487 6.527992 6.527518 6.527376 6.527335 6.527324 6.527321 6.527320 6.527320 6.527320 6.527320 6.527320 6.527320 6.527320 6.527320 6.527320 6.527320 6.527320 6.527319 6.527316 6.527305 6.527267 6.527140 6.526746 6.525577 6.522300 6.513626 6.492004 6.441360 6.330256 6.102880 5.671209 4.917344 3.722255 2.038803 0.000000 
50.000000 38.869519 28.739871 20.342729 13.991708 9.599015 6.812868 5.187270 4.311914 3.875426 3.673210 3.585888 3.550631 3.537282 3.532529 3.530933 3.530427 3.530274 3.530231 3.530219 3.530216 3.530215 3.530215 3.530215 3.530215 3.530215 3.530215 3.530215 3.530215 3.530215 3.530215 3.530215 3.530214 3.530212 3.530205 3.530179 3.530094 3.529830 3.529054 3.526898 3.521252 3.507358 3.475332 3.406434 3.268759 3.014810 2.586124 1.931893 1.044750 0.000000 
50.000000 38.450158 27.938959 19.225693 12.635762 8.077993 5.187270 3.500742 2.592628 2.139834 1.930077 1.839505 1.802939 1.789095 1.784166 1.782511 1.781986 1.781828 1.781783 1.781771 1.781768 1.781767 1.781767 1.781767 1.781767 1.781767 1.781767 1.781767 1.781767 1.781767 1.781767 1.781767 1.781766 1.781765 1.781761 1.781745 1.781694 1.781537 1.781077 1.779810 1.776526 1.768535 1.750371 1.711938 1.636633 1.500869 1.277519 0.945856 0.507468 0.000000 
50.000000 38.224259 27.507551 18.624046 11.905496 7.258890 4.311914 2.592628 1.666912 1.205361 0.991557 0.899243 0.861975 0.847866 0.842843 0.841157 0.840622 0.840462 0.840416 0.840403 0.840400 0.840399 0.840399 0.840399 0.840399 0.840399 0.840399 0.840399 0.840399 0.840399 0.840399 0.840399 0.840399 0.840398 0.840395 0.840387 0.840359 0.840275 0.840029 0.839355 0.837624 0.833456 0.824093 0.804556 0.766885 0.700193 0.592619 0.436045 0.232729 0.000000 
50.000000 38.111574 27.292361 18.323963 11.541295 6.850420 3.875426 2.139834 1.205361 0.739457 0.523644 0.430464 0.392848 0.378608 0.373539 0.371837 0.371297 0.371135 0.371089 0.371076 0.371073 0.371072 0.371072 0.371072 0.371072 0.371072 0.371072 0.371072 0.371072 0.371072 0.371072 0.371072 0.371072 0.371071 0.371070 0.371066 0.371052 0.371010 0.370890 0.370563 0.369729 0.367737 0.363308 0.354175 0.336793 0.306463 0.258282 0.189196 0.100617 0.000000 
50.000000 38.059347 27.192632 18.184902 11.372537 6.661167 3.673210 1.930077 0.991557 0.523644 0.306902 0.213324 0.175548 0.161247 0.156157 0.154448 0.153906 0.153743 0.153696 0.153684 0.153680 0.153679 0.153679 0.153679 0.153679 0.153679 0.153679 0.153679 0.153679 0.153679 0.153679 0.153679 0.153679 0.153679 0.153678 0.153676 0.153670 0.153651 0.153597 0.153451 0.153080 0.152202 0.150266 0.146312 0.138868 0.126027 0.105872 0.077298 0.041003 0.000000 
50.000000 38.036784 27.149550 18.124835 11.299649 6.579436 3.585888 1.839505 0.899243 0.430464 0.213324 0.119574 0.081730 0.067403 0.062303 0.060591 0.060048 0.059885 0.059838 0.059826 0.059822 0.059822 0.059821 0.059821 0.059821 0.059821 0.059821 0.059821 0.059821 0.059821 0.059821 0.059821 0.059821 0.059821 0.059821 0.059820 0.059818 0.059810 0.059787 0.059727 0.059574 0.059214 0.058428 0.056834 0.053859 0.048777 0.040874 0.029769 0.015761 0.000000 
50.000000 38.027670 27.132148 18.100574 11.270214 6.546434 3.550631 1.802939 0.861975 0.392848 0.175548 0.081730 0.043857 0.029520 0.024417 0.022704 0.022160 0.021997 0.021950 0.021937 0.021934 0.021933 0.021933 0.021933 0.021933 0.021933 0.021933 0.021933 0.021933 0.021933 0.021933 0.021933 0.021933 0.021933 0.021933 0.021933 0.021932 0.021929 0.021920 0.021896 0.021838 0.021700 0.021402 0.020801 0.019688 0.017800 0.014887 0.010822 0.005721 0.000000 
50.000000 38.024218 27.125557 18.091386 11.259067 6.533937 3.537282 1.789095 0.847866 0.378608 0.161247 0.067403 0.029520 0.015180 0.010075 0.008361 0.007817 0.007654 0.007607 0.007595 0.007591 0.007591 0.007590 0.007590 0.007590 0.007590 0.007590 0.007590 0.007590 0.007590 0.007590 0.007590 0.007590 0.007590 0.007590 0.007590 0.007590 0.007589 0.007586 0.007577 0.007556 0.007507 0.007401 0.007188 0.006796 0.006137 0.005124 0.003719 0.001964 0.000000 
50.000000 38.022988 27.123209 18.088113 11.255097 6.529487 3.532529 1.784166 0.842843 0.373539 0.156157 0.062303 0.024417 0.010075 0.004969 0.003255 0.002712 0.002548 0.002502 0.002489 0.002486 0.002485 0.002485 0.002485 0.002485 0.002485 0.002485 0.002485 0.002485 0.002485 0.002485 0.002485 0.002485 0.002485 0.002485 0.002484 0.002484 0.002484 0.002483 0.002480 0.002473 0.002456 0.002421 0.002350 0.002220 0.002002 0.001670 0.001211 0.000639 0.000000 
50.000000 38.022574 27.122420 18.087014 11.253764 6.527992 3.530933 1.782511 0.841157 0.371837 0.154448 0.060591 0.022704 0.008361 0.003255 0.001542 0.000998 0.000834 0.000788 0.000775 0.000772 0.000771 0.000771 0.000771 0.000771 0.000771 0.000771 0.000771 0.000771 0.000771 0.000771 0.000771 0.000771 0.000771 0.000771 0.000771 0.000771 0.000771 0.000770 0.000769 0.000767 0.000762 0.000751 0.000728 0.000688 0.000620 0.000516 0.000374 0.000197 0.000000 
50.000000 38.022443 27.122170 18.086665 11.253341 6.527518 3.530427 1.781986 0.840622 0.371297 0.153906 0.060048 0.022160 0.007817 0.002712 0.000998 0.000454 0.000291 0.000244 0.000231 0.000228 0.000227 0.000227 0.000227 0.000227 0.000227 0.000227 0.000227 0.000227 0.000227 0.000227 0.000227 0.000227 0.000227 0.000227 0.000227 0.000227 0.000227 0.000227 0.000227 0.000226 0.000224 0.000221 0.000214 0.000202 0.000182 0.000152 0.000110 0.000058 0.000000 
50.000000 38.022404 27.122094 18.086560 11.253213 6.527376 3.530274 1.781828 0.840462 0.371135 0.153743 0.059885 0.021997 0.007654 0.002548 0.000834 0.000291 0.000127 0.000081 0.000068 0.000065 0.000064 0.000064 0.000064 0.000064 0.000064 0.000064 0.000064 0.000064 0.000064 0.000064 0.000064 0.000064 0.000064 0.000064 0.000064 0.000064 0.000064 0.000064 0.000064 0.000063 0.000063 0.000062 0.000060 0.000057 0.000051 0.000042 0.000031 0.000016 0.000000 
50.000000 38.022393 27.122073 18.086530 11.253177 6.527335 3.530231 1.781783 0.840416 0.371089 0.153696 0.059838 0.021950 0.007607 0.002502 0.000788 0.000244 0.000081 0.000034 0.000021 0.000018 0.000017 0.000017 0.000017 0.000017 0.000017 0.000017 0.000017 0.000017 0.000017 0.000017 0.000017 0.000017 0.000017 0.000017 0.000017 0.000017 0.000017 0.000017 0.000017 0.000017 0.000017 0.000017 0.000016 0.000015 0.000014 0.000011 0.000008 0.000004 0.000000 
50.000000 38.022390 27.122067 18.086522 11.253167 6.527324 3.530219 1.781771 0.840403 0.371076 0.153684 0.059826 0.021937 0.007595 0.002489 0.000775 0.000231 0.000068 0.000021 0.000009 0.000005 0.000005 0.000004 0.000004 0.000004 0.000004 0.000004 0.000004 0.000004 0.000004 0.000004 0.000004 0.000004 0.000004 0.000004 0.000004 0.000004 0.000004 0.000004 0.000004 0.000004 0.000004 0.000004 0.000004 0.000004 0.000003 0.000003 0.000002 0.000001 0.000000 
50.000000 38.022389 27.122065 18.086520 11.253165 6.527321 3.530216 1.781768 0.840400 0.371073 0.153680 0.059822 0.021934 0.007591 0.002486 0.000772 0.000228 0.000065 0.000018 0.000005 0.000002 0.000001 0.000001 0.000001 0.000001 0.000001 0.000001 0.000001 0.000001 0.000001 0.000001 0.000001 0.000001 0.000001 0.000001 0.000001 0.000001 0.000001 0.000001 0.000001 0.000001 0.000001 0.000001 0.000001 0.000001 0.000001 0.000001 0.000001 0.000000 0.000000 
50.000000 38.022389 27.122065 18.086519 11.253164 6.527320 3.530215 1.781767 0.840399 0.371072 0.153679 0.059822 0.021933 0.007591 0.002485 0.000771 0.000227 0.000064 0.000017 0.000005 0.000001 0.000000 0.000000 0.000000 0.000000 0.000000 0.000000 0.000000 0.000000 0.000000 0.000000 0.000000 0.000000 0.000000 0.000000 0.000000 0.000000 0.000000 0.000000 0.000000 0.000000 0.000000 0.000000 0.000000 0.000000 0.000000 0.000000 0.000000 0.000000 0.000000 
50.000000 38.022389 27.122065 18.086519 11.253164 6.527320 3.530215 1.781767 0.840399 0.371072 0.153679 0.059821 0.021933 0.007590 0.002485 0.000771 0.000227 0.000064 0.000017 0.000004 0.000001 0.000000 0.000000 0.000000 0.000000 0.000000 0.000000 0.000000 0.000000 0.000000 0.000000 0.000000 0.000000 0.000000 0.000000 0.000000 0.000000 0.000000 0.000000 0.000000 0.000000 0.000000 0.000000 0.000000 0.000000 0.000000 0.000000 0.000000 0.000000 0.000000 
50.000000 38.022388 27.122065 18.086519 11.253164 6.527320 3.530215 1.781767 0.840399 0.371072 0.153679 0.059821 0.021933 0.007590 0.002485 0.000771 0.000227 0.000064 0.000017 0.000004 0.000001 0.000000 0.000000 0.000000 0.000000 0.000000 0.000000 0.000000 0.000000 0.000000 0.000000 0.000000 0.000000 0.000000 0.000000 0.000000 0.000000 0.000000 0.000000 0.000000 0.000000 0.000000 0.000000 0.000000 0.000000 0.000000 0.000000 0.000000 0.000000 0.000000 
50.000000 38.022388 27.122065 18.086519 11.253164 6.527320 3.530215 1.781767 0.840399 0.371072 0.153679 0.059821 0.021933 0.007590 0.002485 0.000771 0.000227 0.000064 0.000017 0.000004 0.000001 0.000000 0.000000 0.000000 0.000000 0.000000 0.000000 0.000000 0.000000 0.000000 0.000000 0.000000 0.000000 0.000000 0.000000 0.000000 0.000000 0.000000 0.000000 0.000000 0.000000 0.000000 0.000000 0.000000 0.000000 0.000000 0.000000 0.000000 0.000000 0.000000 
50.000000 38.022388 27.122065 18.086519 11.253164 6.527320 3.530215 1.781767 0.840399 0.371072 0.153679 0.059821 0.021933 0.007590 0.002485 0.000771 0.000227 0.000064 0.000017 0.000004 0.000001 0.000000 0.000000 0.000000 0.000000 0.000000 0.000000 0.000000 0.000000 0.000000 0.000000 0.000000 0.000000 0.000000 0.000000 0.000000 0.000000 0.000000 0.000000 0.000000 0.000000 0.000000 0.000000 0.000000 0.000000 0.000000 0.000000 0.000000 0.000000 0.000000 
50.000000 38.022388 27.122065 18.086519 11.253164 6.527320 3.530215 1.781767 0.840399 0.371072 0.153679 0.059821 0.021933 0.007590 0.002485 0.000771 0.000227 0.000064 0.000017 0.000004 0.000001 0.000000 0.000000 0.000000 0.000000 0.000000 0.000000 0.000000 0.000000 0.000000 0.000000 0.000000 0.000000 0.000000 0.000000 0.000000 0.000000 0.000000 0.000000 0.000000 0.000000 0.000000 0.000000 0.000000 0.000000 0.000000 0.000000 0.000000 0.000000 0.000000 
50.000000 38.022389 27.122065 18.086519 11.253164 6.527320 3.530215 1.781767 0.840399 0.371072 0.153679 0.059821 0.021933 0.007590 0.002485 0.000771 0.000227 0.000064 0.000017 0.000004 0.000001 0.000000 0.000000 0.000000 0.000000 0.000000 0.000000 0.000000 0.000000 0.000000 0.000000 0.000000 0.000000 0.000000 0.000000 0.000000 0.000000 0.000000 0.000000 0.000000 0.000000 0.000000 0.000000 0.000000 0.000000 0.000000 0.000000 0.000000 0.000000 0.000000 
50.000000 38.022389 27.122065 18.086519 11.253164 6.527320 3.530215 1.781767 0.840399 0.371072 0.153679 0.059822 0.021933 0.007591 0.002485 0.000771 0.000227 0.000064 0.000017 0.000005 0.000001 0.000000 0.000000 0.000000 0.000000 0.000000 0.000000 0.000000 0.000000 0.000000 0.000000 0.000000 0.000000 0.000000 0.000000 0.000000 0.000000 0.000000 0.000000 0.000000 0.000000 0.000000 0.000000 0.000000 0.000000 0.000000 0.000000 0.000000 0.000000 0.000000 
50.000000 38.022389 27.122065 18.086520 11.253165 6.527321 3.530216 1.781768 0.840400 0.371073 0.153680 0.059822 0.021934 0.007591 0.002486 0.000772 0.000228 0.000065 0.000018 0.000005 0.000002 0.000001 0.000001 0.000001 0.000001 0.000001 0.000001 0.000001 0.000001 0.000001 0.000001 0.000001 0.000001 0.000001 0.000001 0.000001 0.000001 0.000001 0.000001 0.000001 0.000001 0.000001 0.000001 0.000001 0.000001 0.000001 0.000001 0.000001 0.000000 0.000000 
50.000000 38.022390 27.122067 18.086522 11.253167 6.527324 3.530219 1.781771 0.840403 0.371076 0.153684 0.059826 0.021937 0.007595 0.002489 0.000775 0.000231 0.000068 0.000021 0.000009 0.000005 0.000005 0.000004 0.000004 0.000004 0.000004 0.000004 0.000004 0.000004 0.000004 0.000004 0.000004 0.000004 0.000004 0.000004 0.000004 0.000004 0.000004 0.000004 0.000004 0.000004 0.000004 0.000004 0.000004 0.000004 0.000003 0.000003 0.000002 0.000001 0.000000 
50.000000 38.022393 27.122073 18.086530 11.253177 6.527335 3.530231 1.781783 0.840416 0.371089 0.153696 0.059838 0.021950 0.007607 0.002502 0.000788 0.000244 0.000081 0.000034 0.000021 0.000018 0.000017 0.000017 0.000017 0.000017 0.000017 0.000017 0.000017 0.000017 0.000017 0.000017 0.000017 0.000017 0.000017 0.000017 0.000017 0.000017 0.000017 0.000017 0.000017 0.000017 0.000017 0.000017 0.000016 0.000015 0.000014 0.000011 0.000008 0.000004 0.000000 
50.000000 38.022404 27.122094 18.086560 11.253213 6.527376 3.530274 1.781828 0.840462 0.371135 0.153743 0.059885 0.021997 0.007654 0.002548 0.000834 0.000291 0.000127 0.000081 0.000068 0.000065 0.000064 0.000064 0.000064 0.000064 0.000064 0.000064 0.000064 0.000064 0.000064 0.000064 0.000064 0.000064 0.000064 0.000064 0.000064 0.000064 0.000064 0.000064 0.000064 0.000063 0.000063 0.000062 0.000060 0.000057 0.000051 0.000042 0.000031 0.000016 0.000000 
50.000000 38.022443 27.122170 18.086665 11.253341 6.527518 3.530427 1.781986 0.840622 0.371297 0.153906 0.060048 0.022160 0.007817 0.002712 0.000998 0.000454 0.000291 0.000244 0.000231 0.000228 0.000227 0.000227 0.000227 0.000227 0.000227 0.000227 0.000227 0.000227 0.000227 0.000227 0.000227 0.000227 0.000227 0.000227 0.000227 0.000227 0.000227 0.000227 0.000227 0.000226 0.000224 0.000221 0.000214 0.000202 0.000182 0.000152 0.000110 0.000058 0.000000 
50.000000 38.022574 27.122420 18.087014 11.253764 6.527992 3.530933 1.782511 0.841157 0.371837 0.154448 0.060591 0.022704 0.008361 0.003255 0.001542 0.000998 0.000834 0.000788 0.000775 0.000772 0.000771 0.000771 0.000771 0.000771 0.000771 0.000771 0.000771 0.000771 0.000771 0.000771 0.000771 0.000771 0.000771 0.000771 0.000771 0.000771 0.000771 0.000770 0.000769 0.000767 0.000762 0.000751 0.000728 0.000688 0.000620 0.000516 0.000374 0.000197 0.000000 
50.000000 38.022988 27.123209 18.088113 11.255097 6.529487 3.532529 1.784166 0.842843 0.373539 0.156157 0.062303 0.024417 0.010075 0.004969 0.003255 0.002712 0.002548 0.002502 0.002489 0.002486 0.002485 0.002485 0.002485 0.002485 0.002485 0.002485 0.002485 0.002485 0.002485 0.002485 0.002485 0.002485 0.002485 0.002485 0.002484 0.002484 0.002484 0.002483 0.002480 0.002473 0.002456 0.002421 0.002350 0.002220 0.002002 0.001670 0.001211 0.000639 0.000000 
50.000000 38.024218 27.125557 18.091386 11.259067 6.533937 3.537282 1.789095 0.847866 0.378608 0.161247 0.067403 0.029520 0.015180 0.010075 0.008361 0.007817 0.007654 0.007607 0.007595 0.007591 0.007591 0.007590 0.007590 0.007590 0.007590 0.007590 0.007590 0.007590 0.007590 0.007590 0.007590 0.007590 0.007590 0.007590 0.007590 0.007590 0.007589 0.007586 0.007577 0.007556 0.007507 0.007401 0.007188 0.006796 0.006137 0.005124 0.003719 0.001964 0.000000 
50.000000 38.027670 27.132148 18.100574 11.270214 6.546434 3.550631 1.802939 0.861975 0.392848 0.175548 0.081730 0.043857 0.029520 0.024417 0.022704 0.022160 0.021997 0.021950 0.021937 0.021934 0.021933 0.021933 0.021933 0.021933 0.021933 0.021933 0.021933 0.021933 0.021933 0.021933 0.021933 0.021933 0.021933 0.021933 0.021933 0.021932 0.021929 0.021920 0.021896 0.021838 0.021700 0.021402 0.020801 0.019688 0.017800 0.014887 0.010822 0.005721 0.000000 
50.000000 38.036784 27.149550 18.124835 11.299649 6.579436 3.585888 1.839505 0.899243 0.430464 0.213324 0.119574 0.081730 0.067403 0.062303 0.060591 0.060048 0.059885 0.059838 0.059826 0.059822 0.059822 0.059821 0.059821 0.059821 0.059821 0.059821 0.059821 0.059821 0.059821 0.059821 0.059821 0.059821 0.059821 0.059821 0.059820 0.059818 0.059810 0.059787 0.059727 0.059574 0.059214 0.058428 0.056834 0.053859 0.048777 0.040874 0.029769 0.015761 0.000000 
50.000000 38.059347 27.192632 18.184902 11.372537 6.661167 3.673210 1.930077 0.991557 0.523644 0.306902 0.213324 0.175548 0.161247 0.156157 0.154448 0.153906 0.153743 0.153696 0.153684 0.153680 0.153679 0.153679 0.153679 0.153679 0.153679 0.153679 0.153679 0.153679 0.153679 0.153679 0.153679 0.153679 0.153679 0.153678 0.153676 0.153670 0.153651 0.153597 0.153451 0.153080 0.152202 0.150266 0.146312 0.138868 0.126027 0.105872 0.077298 0.041003 0.000000 
50.000000 38.111574 27.292361 18.323963 11.541295 6.850420 3.875426 2.139834 1.205361 0.739457 0.523644 0.430464 0.392848 0.378608 0.373539 0.371837 0.371297 0.371135 0.371089 0.371076 0.371073 0.371072 0.371072 0.371072 0.371072 0.371072 0.371072 0.371072 0.371072 0.371072 0.371072 0.371072 0.371072 0.371071 0.371070 0.371066 0.371052 0.371010 0.370890 0.370563 0.369729 0.367737 0.363308 0.354175 0.336793 0.306463 0.258282 0.189196 0.100617 0.000000 
50.000000 38.224259 27.507551 18.624046 11.905496 7.258890 4.311914 2.592628 1.666912 1.205361 0.991557 0.899243 0.861975 0.847866 0.842843 0.841157 0.840622 0.840462 0.840416 0.840403 0.840400 0.840399 0.840399 0.840399 0.840399 0.840399 0.840399 0.840399 0.840399 0.840399 0.840399 0.840399 0.840399 0.840398 0.840395 0.840387 0.840359 0.840275 0.840029 0.839355 0.837624 0.833456 0.824093 0.804556 0.766885 0.700193 0.592619 0.436045 0.232729 0.000000 
50.000000 38.450158 27.938959 19.225693 12.635762 8.077993 5.187270 3.500742 2.592628 2.139834 1.930077 1.839505 1.802939 1.789095 1.784166 1.782511 1.781986 1.781828 1.781783 1.781771 1.781768 1.781767 1.781767 1.781767 1.781767 1.781767 1.781767 1.781767 1.781767 1.781767 1.781767 1.781767 1.781766 1.781765 1.781761 1.781745 1.781694 1.781537 1.781077 1.779810 1.776526 1.768535 1.750371 1.711938 1.636633 1.500869 1.277519 0.945856 0.507468 0.000000 
50.000000 38.869519 28.739871 20.342729 13.991708 9.599015 6.812868 5.187270 4.311914 3.875426 3.673210 3.585888 3.550631 3.537282 3.532529 3.530933 3.530427 3.530274 3.530231 3.530219 3.530216 3.530215 3.530215 3.530215 3.530215 3.530215 3.530215 3.530215 3.530215 3.530215 3.530215 3.530215 3.530214 3.530212 3.530205 3.530179 3.530094 3.529830 3.529054 3.526898 3.521252 3.507358 3.475332 3.406434 3.268759 3.014810 2.586124 1.931893 1.044750 0.000000 
50.000000 39.588043 30.112194 22.256838 16.315373 12.205759 9.599015 8.077993 7.258890 6.850420 6.661167 6.579436 6.546434 6.533937 6.529487 6.527992 6.527518 6.527376 6.527335 6.527324 6.527321 6.527320 6.527320 6.527320 6.527320 6.527320 6.527320 6.527320 6.527320 6.527320 6.527320 6.527320 6.527319 6.527316 6.527305 6.527267 6.527140 6.526746 6.525577 6.522300 6.513626 6.492004 6.441360 6.330256 6.102880 5.671209 4.917344 3.722255 2.038803 0.000000 
50.000000 40.720573 32.275312 25.274106 19.978470 16.315373 13.991708 12.635762 11.905496 11.541295 11.372537 11.299649 11.270214 11.259067 11.255097 11.253764 11.253341 11.253213 11.253177 11.253167 11.253165 11.253164 11.253164 11.253164 11.253164 11.253164 11.253164 11.253164 11.253164 11.253164 11.253164 11.253163 11.253162 11.253158 11.253144 11.253094 11.252930 11.252414 11.250872 11.246509 11.234831 11.205303 11.134893 10.976897 10.644163 9.989235 8.792950 6.791773 3.802213 0.000000 
50.000000 42.357630 35.402166 29.635857 25.274106 22.256838 20.342729 19.225693 18.624046 18.323963 18.184902 18.124835 18.100574 18.091386 18.088113 18.087014 18.086665 18.086560 18.086530 18.086522 18.086520 18.086519 18.086519 18.086519 18.086519 18.086519 18.086519 18.086519 18.086519 18.086519 18.086519 18.086519 18.086518 18.086513 18.086498 18.086443 18.086262 18.085687 18.083960 18.079030 18.065681 18.031427 17.948173 17.756605 17.339493 16.481157 14.817929 11.813409 6.882804 0.000000 
50.000000 44.521721 39.535777 35.402166 32.275312 30.112194 28.739871 27.938959 27.507551 27.292361 27.192632 27.149550 27.132148 27.125557 27.123209 27.122420 27.122170 27.122094 27.122073 27.122067 27.122065 27.122065 27.122065 27.122065 27.122065 27.122065 27.122065 27.122065 27.122065 27.122065 27.122065 27.122065 27.122064 27.122060 27.122046 27.121998 27.121837 27.121326 27.119781 27.115334 27.103165 27.071506 26.993104 26.807978 26.389940 25.483540 23.588757 19.767888 12.442626 0.000000 
50.000000 47.131996 44.521721 42.357630 40.720573 39.588043 38.869519 38.450158 38.224259 38.111574 38.059347 38.036784 38.027670 38.024218 38.022988 38.022574 38.022443 38.022404 38.022393 38.022390 38.022389 38.022389 38.022389 38.022388 38.022388 38.022388 38.022388 38.022388 38.022388 38.022388 38.022388 38.022388 38.022388 38.022386 38.022377 38.022349 38.022253 38.021949 38.021023 38.018344 38.010956 37.991530 37.942689 37.824768 37.549240 36.918360 35.474826 32.079094 23.565998 0.000000 
50.000000 50.000000 50.000000 50.000000 50.000000 50.000000 50.000000 50.000000 50.000000 50.000000 50.000000 50.000000 50.000000 50.000000 50.000000 50.000000 50.000000 50.000000 50.000000 50.000000 50.000000 50.000000 50.000000 50.000000 50.000000 50.000000 50.000000 50.000000 50.000000 50.000000 50.000000 50.000000 50.000000 50.000000 50.000000 50.000000 50.000000 50.000000 50.000000 50.000000 50.000000 50.000000 50.000000 50.000000 50.000000 50.000000 50.000000 50.000000 50.000000 50.000000 
