50.000000 50.000000 50.000000 50.000000 50.000000 50.000000 50.000000 50.000000 50.000000 50.000000 50.000000 50.000000 50.000000 50.000000 50.000000 50.000000 50.000000 50.000000 50.000000 50.000000 50.000000 50.000000 50.000000 50.000000 50.000000 50.000000 50.000000 50.000000 50.000000 50.000000 50.000000 50.000000 50.000000 50.000000 50.000000 50.000000 50.000000 50.000000 50.000000 50.000000 50.000000 50.000000 50.000000 50.000000 50.000000 50.000000 50.000000 50.000000 50.000000 50.000000 
50.000000 48.343415 46.772932 45.361246 44.157713 43.184106 42.436351 41.890741 41.512220 41.262326 41.105185 41.010973 40.957064 40.927592 40.912182 40.904468 40.900767 40.899063 40.898309 40.897989 40.897858 40.897806 40.897787 40.897779 40.897777 40.897776 40.897776 40.897775 40.897774 40.897771 40.897763 40.897742 40.897687 40.897548 40.897211 40.896419 40.894620 40.890656 40.882195 40.864663 40.829331 40.759864 40.626008 40.371511 39.889222 38.964374 37.129547 33.247580 24.171708 0.000000 
50.000000 46.772932 43.713598 40.963610 38.619118 36.722537 35.265923 34.203094 33.465756 32.978981 32.672887 32.489373 32.384366 32.326960 32.296946 32.281920 32.274711 32.271392 32.269925 32.269301 32.269046 32.268945 32.268907 32.268893 32.268888 32.268886 32.268885 32.268885 32.268883 32.268877 32.268863 32.268824 32.268723 32.268471 32.267860 32.266428 32.263180 32.256049 32.240888 32.209643 32.147127 32.025434 31.794271 31.364033 30.575330 29.142418 26.547352 21.856799 13.525352 0.000000 
50.000000 45.361246 40.963610 37.010664 33.640617 30.914436 28.820696 27.293004 26.233184 25.533524 25.093573 24.829811 24.678891 24.596387 24.553250 24.531656 24.521296 24.516527 24.514418 24.513522 24.513155 24.513011 24.512956 24.512936 24.512928 24.512926 24.512925 24.512924 24.512921 24.512914 24.512896 24.512846 24.512717 24.512394 24.511615 24.509795 24.505681 24.496694 24.477705 24.438877 24.361988 24.214364 23.939164 23.440222 22.559115 21.042710 18.505332 14.416259 8.231699 0.000000 
50.000000 44.157713 38.619118 33.640617 29.396280 25.962888 23.326039 21.402101 20.067416 19.186318 18.632291 18.300148 18.110105 18.006217 17.951902 17.924713 17.911669 17.905664 17.903009 17.901881 17.901419 17.901237 17.901168 17.901143 17.901134 17.901131 17.901130 17.901128 17.901126 17.901118 17.901098 17.901045 17.900906 17.900562 17.899732 17.897801 17.893459 17.884030 17.864257 17.824204 17.745835 17.597674 17.326989 16.849143 16.034752 14.698140 12.597907 9.476700 5.193339 0.000000 
50.000000 43.184106 36.722537 30.914436 25.962888 21.957460 18.881337 16.636934 15.079967 14.052154 13.405892 13.018464 12.796797 12.675625 12.612276 12.580566 12.565353 12.558351 12.555255 12.553939 12.553401 12.553189 12.553108 12.553079 12.553068 12.553065 12.553063 12.553062 12.553059 12.553052 12.553033 12.552982 12.552851 12.552526 12.551747 12.549940 12.545901 12.537190 12.519069 12.482732 12.412515 12.281826 12.047710 11.644565 10.978730 9.928136 8.355321 6.147207 3.294884 0.000000 
50.000000 42.436351 35.265923 28.820696 23.326039 18.881337 15.467914 12.977459 11.249843 10.109407 9.392351 8.962496 8.716561 8.582130 8.511850 8.476673 8.459797 8.452030 8.448596 8.447136 8.446539 8.446304 8.446215 8.446182 8.446171 8.446166 8.446165 8.446164 8.446161 8.446155 8.446139 8.446095 8.445983 8.445705 8.445042 8.443512 8.440113 8.432831 8.417812 8.387997 8.331086 8.226729 8.043153 7.733957 7.236772 6.476896 5.380475 3.901890 2.064840 0.000000 
50.000000 41.890741 34.203094 27.293004 21.402101 16.636934 12.977459 10.307534 8.455460 7.232897 6.464223 6.003439 5.739816 5.595721 5.520393 5.482689 5.464603 5.456278 5.452598 5.451034 5.450394 5.450142 5.450047 5.450011 5.449999 5.449995 5.449993 5.449992 5.449990 5.449985 5.449972 5.449938 5.449849 5.449631 5.449112 5.447923 5.445294 5.439702 5.428261 5.405772 5.363339 5.286592 5.153767 4.934306 4.589224 4.075112 3.353840 2.408824 1.264733 0.000000 
50.000000 41.512220 33.465756 26.233184 20.067416 15.079967 11.249843 8.455460 6.517090 5.237590 4.433138 3.950918 3.675039 3.524250 3.445424 3.405972 3.387046 3.378336 3.374486 3.372850 3.372180 3.371917 3.371816 3.371780 3.371767 3.371762 3.371761 3.371760 3.371758 3.371755 3.371745 3.371720 3.371655 3.371496 3.371120 3.370261 3.368374 3.364387 3.356296 3.340534 3.311109 3.258545 3.168868 3.023114 2.798141 2.469742 2.018820 1.440323 0.752356 0.000000 
50.000000 41.262326 32.978981 25.533524 19.186318 14.052154 10.109407 7.232897 5.237590 3.920531 3.092480 2.596125 2.312167 2.156965 2.075835 2.035230 2.015753 2.006789 2.002826 2.001142 2.000454 2.000182 2.000079 2.000041 2.000028 2.000023 2.000022 2.000021 2.000020 2.000017 2.000011 1.999993 1.999949 1.999841 1.999586 1.999006 1.997741 1.995083 1.989729 1.979387 1.960266 1.926481 1.869558 1.778321 1.639639 1.440483 1.171536 0.831854 0.432994 0.000000 
50.000000 41.105185 32.672887 25.093573 18.632291 13.405892 9.392351 6.464223 4.433138 3.092480 2.249606 1.744374 1.455343 1.297371 1.214794 1.173466 1.153643 1.144520 1.140487 1.138773 1.138072 1.137796 1.137691 1.137653 1.137639 1.137635 1.137633 1.137632 1.137631 1.137630 1.137626 1.137614 1.137586 1.137517 1.137354 1.136987 1.136189 1.134524 1.131191 1.124803 1.113093 1.092604 1.058451 1.004354 0.923160 0.808087 0.654696 0.463244 0.240522 0.000000 
50.000000 41.010973 32.489373 24.829811 18.300148 13.018464 8.962496 6.003439 3.950918 2.596125 1.744374 1.233827 0.941759 0.782130 0.698688 0.656928 0.636898 0.627679 0.623605 0.621873 0.621165 0.620886 0.620780 0.620741 0.620727 0.620723 0.620721 0.620721 0.620720 0.620719 0.620716 0.620710 0.620692 0.620651 0.620553 0.620334 0.619859 0.618874 0.616914 0.613183 0.606396 0.594622 0.575177 0.544684 0.499395 0.435891 0.352107 0.248485 0.128778 0.000000 
50.000000 40.957064 32.384366 24.678891 18.110105 12.796797 8.716561 5.739816 3.675039 2.312167 1.455343 0.941759 0.647957 0.487381 0.403446 0.361439 0.341290 0.332018 0.327919 0.326177 0.325465 0.325184 0.325078 0.325039 0.325025 0.325020 0.325019 0.325018 0.325018 0.325017 0.325016 0.325012 0.325002 0.324978 0.324923 0.324798 0.324531 0.323978 0.322886 0.320819 0.317084 0.310652 0.300115 0.283730 0.259607 0.226074 0.182197 0.128317 0.066407 0.000000 
50.000000 40.927592 32.326960 24.596387 18.006217 12.675625 8.582130 5.595721 3.524250 2.156965 1.297371 0.782130 0.487381 0.326289 0.242084 0.199943 0.179730 0.170428 0.166316 0.164569 0.163854 0.163573 0.163466 0.163427 0.163413 0.163408 0.163407 0.163406 0.163406 0.163406 0.163405 0.163403 0.163397 0.163384 0.163354 0.163288 0.163145 0.162850 0.162271 0.161181 0.159224 0.155876 0.150428 0.142017 0.129724 0.112758 0.090706 0.063780 0.032972 0.000000 
50.000000 40.912182 32.296946 24.553250 17.951902 12.612276 8.511850 5.520393 3.445424 2.075835 1.214794 0.698688 0.403446 0.242084 0.157739 0.115528 0.095281 0.085963 0.081845 0.080095 0.079379 0.079097 0.078990 0.078951 0.078937 0.078932 0.078931 0.078930 0.078930 0.078930 0.078929 0.078928 0.078926 0.078919 0.078904 0.078869 0.078796 0.078647 0.078355 0.077807 0.076828 0.075163 0.072470 0.068338 0.062336 0.054101 0.043456 0.030517 0.015763 0.000000 
50.000000 40.904468 32.281920 24.531656 17.924713 12.580566 8.476673 5.482689 3.405972 2.035230 1.173466 0.656928 0.361439 0.199943 0.115528 0.073282 0.053018 0.043693 0.039571 0.037820 0.037104 0.036821 0.036714 0.036675 0.036661 0.036656 0.036655 0.036654 0.036654 0.036654 0.036654 0.036653 0.036652 0.036648 0.036641 0.036624 0.036589 0.036516 0.036375 0.036112 0.035644 0.034852 0.033577 0.031631 0.028820 0.024981 0.020041 0.014060 0.007257 0.000000 
50.000000 40.900767 32.274711 24.521296 17.911669 12.565353 8.459797 5.464603 3.387046 2.015753 1.153643 0.636898 0.341290 0.179730 0.095281 0.053018 0.032747 0.023418 0.019295 0.017542 0.016826 0.016544 0.016436 0.016397 0.016383 0.016378 0.016377 0.016376 0.016376 0.016376 0.016376 0.016376 0.016375 0.016373 0.016370 0.016362 0.016346 0.016312 0.016247 0.016126 0.015912 0.015550 0.014972 0.014092 0.012827 0.011107 0.008902 0.006240 0.003219 0.000000 
50.000000 40.899063 32.271392 24.516527 17.905664 12.558351 8.452030 5.456278 3.378336 2.006789 1.144520 0.627679 0.332018 0.170428 0.085963 0.043693 0.023418 0.014087 0.009963 0.008211 0.007494 0.007212 0.007104 0.007065 0.007051 0.007046 0.007045 0.007044 0.007044 0.007044 0.007044 0.007044 0.007044 0.007043 0.007041 0.007038 0.007031 0.007016 0.006987 0.006934 0.006839 0.006681 0.006429 0.006047 0.005499 0.004758 0.003810 0.002669 0.001376 0.000000 
50.000000 40.898309 32.269925 24.514418 17.903009 12.555255 8.448596 5.452598 3.374486 2.002826 1.140487 0.623605 0.327919 0.166316 0.081845 0.039571 0.019295 0.009963 0.005839 0.004086 0.003369 0.003087 0.002980 0.002940 0.002927 0.002922 0.002920 0.002920 0.002920 0.002919 0.002919 0.002919 0.002919 0.002919 0.002918 0.002917 0.002914 0.002907 0.002895 0.002872 0.002833 0.002766 0.002660 0.002501 0.002273 0.001965 0.001572 0.001101 0.000567 0.000000 
50.000000 40.897989 32.269301 24.513522 17.901881 12.553939 8.447136 5.451034 3.372850 2.001142 1.138773 0.621873 0.326177 0.164569 0.080095 0.037820 0.017542 0.008211 0.004086 0.002333 0.001617 0.001334 0.001227 0.001188 0.001174 0.001169 0.001167 0.001167 0.001167 0.001167 0.001167 0.001167 0.001167 0.001167 0.001166 0.001166 0.001164 0.001162 0.001157 0.001148 0.001131 0.001105 0.001062 0.000998 0.000906 0.000783 0.000626 0.000438 0.000226 0.000000 
50.000000 40.897858 32.269046 24.513155 17.901419 12.553401 8.446539 5.450394 3.372180 2.000454 1.138072 0.621165 0.325465 0.163855 0.079379 0.037104 0.016826 0.007494 0.003369 0.001617 0.000900 0.000618 0.000510 0.000471 0.000457 0.000452 0.000451 0.000450 0.000450 0.000450 0.000450 0.000450 0.000450 0.000450 0.000450 0.000450 0.000449 0.000448 0.000446 0.000442 0.000436 0.000426 0.000409 0.000384 0.000349 0.000301 0.000241 0.000168 0.000087 0.000000 
50.000000 40.897806 32.268945 24.513011 17.901238 12.553189 8.446304 5.450142 3.371917 2.000182 1.137796 0.620886 0.325185 0.163573 0.079097 0.036821 0.016544 0.007212 0.003087 0.001334 0.000618 0.000335 0.000228 0.000189 0.000175 0.000170 0.000168 0.000168 0.000168 0.000168 0.000168 0.000168 0.000168 0.000168 0.000168 0.000167 0.000167 0.000167 0.000166 0.000165 0.000162 0.000158 0.000152 0.000143 0.000130 0.000112 0.000089 0.000063 0.000032 0.000000 
50.000000 40.897787 32.268907 24.512956 17.901169 12.553108 8.446215 5.450047 3.371817 2.000079 1.137691 0.620780 0.325078 0.163466 0.078991 0.036714 0.016437 0.007105 0.002980 0.001227 0.000510 0.000228 0.000121 0.000082 0.000068 0.000063 0.000061 0.000061 0.000061 0.000061 0.000061 0.000061 0.000061 0.000061 0.000061 0.000060 0.000060 0.000060 0.000060 0.000059 0.000059 0.000057 0.000055 0.000052 0.000047 0.000040 0.000032 0.000023 0.000012 0.000000 
50.000000 40.897780 32.268893 24.512936 17.901144 12.553079 8.446183 5.450012 3.371780 2.000042 1.137654 0.620742 0.325040 0.163428 0.078952 0.036676 0.016398 0.007066 0.002941 0.001188 0.000472 0.000189 0.000082 0.000043 0.000029 0.000024 0.000022 0.000022 0.000022 0.000022 0.000022 0.000022 0.000022 0.000022 0.000022 0.000022 0.000022 0.000022 0.000022 0.000021 0.000021 0.000021 0.000020 0.000018 0.000017 0.000014 0.000012 0.000008 0.000004 0.000000 
50.000000 40.897777 32.268889 24.512930 17.901136 12.553070 8.446172 5.450001 3.371769 2.000030 1.137641 0.620730 0.325027 0.163415 0.078939 0.036663 0.016385 0.007054 0.002929 0.001176 0.000459 0.000177 0.000070 0.000030 0.000016 0.000012 0.000010 0.000010 0.000009 0.000009 0.000009 0.000009 0.000009 0.000009 0.000009 0.000009 0.000009 0.000009 0.000009 0.000009 0.000009 0.000009 0.000008 0.000008 0.000007 0.000006 0.000005 0.000003 0.000002 0.000000 
50.000000 40.897777 32.268889 24.512930 17.901136 12.553070 8.446172 5.450001 3.371769 2.000030 1.137641 0.620730 0.325027 0.163415 0.078939 0.036663 0.016385 0.007054 0.002929 0.001176 0.000459 0.000177 0.000070 0.000030 0.000016 0.000012 0.000010 0.000010 0.000009 0.000009 0.000009 0.000009 0.000009 0.000009 0.000009 0.000009 0.000009 0.000009 0.000009 0.000009 0.000009 0.000009 0.000008 0.000008 0.000007 0.000006 0.000005 0.000003 0.000002 0.000000 
50.000000 40.897780 32.268893 24.512936 17.901144 12.553079 8.446183 5.450012 3.371780 2.000042 1.137654 0.620742 0.325040 0.163428 0.078952 0.036676 0.016398 0.007066 0.002941 0.001188 0.000472 0.000189 0.000082 0.000043 0.000029 0.000024 0.000022 0.000022 0.000022 0.000022 0.000022 0.000022 0.000022 0.000022 0.000022 0.000022 0.000022 0.000022 0.000022 0.000021 0.000021 0.000021 0.000020 0.000018 0.000017 0.000014 0.000012 0.000008 0.000004 0.000000 
50.000000 40.897787 32.268907 24.512956 17.901169 12.553108 8.446215 5.450047 3.371817 2.000079 1.137691 0.620780 0.325078 0.163466 0.078991 0.036714 0.016437 0.007105 0.002980 0.001227 0.000510 0.000228 0.000121 0.000082 0.000068 0.000063 0.000061 0.000061 0.000061 0.000061 0.000061 0.000061 0.000061 0.000061 0.000061 0.000060 0.000060 0.000060 0.000060 0.000059 0.000059 0.000057 0.000055 0.000052 0.000047 0.000040 0.000032 0.000023 0.000012 0.000000 
50.000000 40.897806 32.268945 24.513011 17.901238 12.553189 8.446304 5.450142 3.371917 2.000182 1.137796 0.620886 0.325185 0.163573 0.079097 0.036821 0.016544 0.007212 0.003087 0.001334 0.000618 0.000335 0.000228 0.000189 0.000175 0.000170 0.000168 0.000168 0.000168 0.000168 0.000168 0.000168 0.000168 0.000168 0.000168 0.000167 0.000167 0.000167 0.000166 0.000165 0.000162 0.000158 0.000152 0.000143 0.000130 0.000112 0.000089 0.000063 0.000032 0.000000 
50.000000 40.897858 32.269046 24.513155 17.901419 12.553401 8.446539 5.450394 3.372180 2.000454 1.138072 0.621165 0.325465 0.163855 0.079379 0.037104 0.016826 0.007494 0.003369 0.001617 0.000900 0.000618 0.000510 0.000471 0.000457 0.000452 0.000451 0.000450 0.000450 0.000450 0.000450 0.000450 0.000450 0.000450 0.000450 0.000450 0.000449 0.000448 0.000446 0.000442 0.000436 0.000426 0.000409 0.000384 0.000349 0.000301 0.000241 0.000168 0.000087 0.000000 
50.000000 40.897989 32.269301 24.513522 17.901881 12.553939 8.447136 5.451034 3.372850 2.001142 1.138773 0.621873 0.326177 0.164569 0.080095 0.037820 0.017542 0.008211 0.004086 0.002333 0.001617 0.001334 0.001227 0.001188 0.001174 0.001169 0.001167 0.001167 0.001167 0.001167 0.001167 0.001167 0.001167 0.001167 0.001166 0.001166 0.001164 0.001162 0.001157 0.001148 0.001131 0.001105 0.001062 0.000998 0.000906 0.000783 0.000626 0.000438 0.000226 0.000000 
50.000000 40.898309 32.269925 24.514418 17.903009 12.555255 8.448596 5.452598 3.374486 2.002826 1.140487 0.623605 0.327919 0.166316 0.081845 0.039571 0.019295 0.009963 0.005839 0.004086 0.003369 0.003087 0.002980 0.002940 0.002927 0.002922 0.002920 0.002920 0.002920 0.002919 0.002919 0.002919 0.002919 0.002919 0.002918 0.002917 0.002914 0.002907 0.002895 0.002872 0.002833 0.002766 0.002660 0.002501 0.002273 0.001965 0.001572 0.001101 0.000567 0.000000 
50.000000 40.899063 32.271392 24.516527 17.905664 12.558351 8.452030 5.456278 3.378336 2.006789 1.144520 0.627679 0.332018 0.170428 0.085963 0.043693 0.023418 0.014087 0.009963 0.008211 0.007494 0.007212 0.007104 0.007065 0.007051 0.007046 0.007045 0.007044 0.007044 0.007044 0.007044 0.007044 0.007044 0.007043 0.007041 0.007038 0.007031 0.007016 0.006987 0.006934 0.006839 0.006681 0.006429 0.006047 0.005499 0.004758 0.003810 0.002669 0.001376 0.000000 
50.000000 40.900767 32.274711 24.521296 17.911669 12.565353 8.459797 5.464603 3.387046 2.015753 1.153643 0.636898 0.341290 0.179730 0.095281 0.053018 0.032747 0.023418 0.019295 0.017542 0.016826 0.016544 0.016436 0.016397 0.016383 0.016378 0.016377 0.016376 0.016376 0.016376 0.016376 0.016376 0.016375 0.016373 0.016370 0.016362 0.016346 0.016312 0.016247 0.016126 0.015912 0.015550 0.014972 0.014092 0.012827 0.011107 0.008902 0.006240 0.003219 0.000000 
50.000000 40.904468 32.281920 24.531656 17.924713 12.580566 8.476673 5.482689 3.405972 2.035230 1.173466 0.656928 0.361439 0.199943 0.115528 0.073282 0.053018 0.043693 0.039571 0.037820 0.037104 0.036821 0.036714 0.036675 0.036661 0.036656 0.036655 0.036654 0.036654 0.036654 0.036654 0.036653 0.036652 0.036648 0.036641 0.036624 0.036589 0.036516 0.036375 0.036112 0.035644 0.034852 0.033577 0.031631 0.028820 0.024981 0.020041 0.014060 0.007257 0.000000 
50.000000 40.912182 32.296946 24.553250 17.951902 12.612276 8.511850 5.520393 3.445424 2.075835 1.214794 0.698688 0.403446 0.242084 0.157739 0.115528 0.095281 0.085963 0.081845 0.080095 0.079379 0.079097 0.078990 0.078951 0.078937 0.078932 0.078931 0.078930 0.078930 0.078930 0.078929 0.078928 0.078926 0.078919 0.078904 0.078869 0.078796 0.078647 0.078355 0.077807 0.076828 0.075163 0.072470 0.068338 0.062336 0.054101 0.043456 0.030517 0.015763 0.000000 
50.000000 40.927592 32.326960 24.596387 18.006217 12.675625 8.582130 5.595721 3.524250 2.156965 1.297371 0.782130 0.487381 0.326289 0.242084 0.199943 0.179730 0.170428 0.166316 0.164569 0.163854 0.163573 0.163466 0.163427 0.163413 0.163408 0.163407 0.163406 0.163406 0.163406 0.163405 0.163403 0.163397 0.163384 0.163354 0.163288 0.163145 0.162850 0.162271 0.161181 0.159224 0.155876 0.150428 0.142017 0.129724 0.112758 0.090706 0.063780 0.032972 0.000000 
50.000000 40.957064 32.384366 24.678891 18.110105 12.796797 8.716561 5.739816 3.675039 2.312167 1.455343 0.941759 0.647957 0.487381 0.403446 0.361439 0.341290 0.332018 0.327919 0.326177 0.325465 0.325184 0.325078 0.325039 0.325025 0.325020 0.325019 0.325018 0.325018 0.325017 0.325016 0.325012 0.325002 0.324978 0.324923 0.324798 0.324531 0.323978 0.322886 0.320819 0.317084 0.310652 0.300115 0.283730 0.259607 0.226074 0.182197 0.128317 0.066407 0.000000 
50.000000 41.010973 32.489373 24.829811 18.300148 13.018464 8.962496 6.003439 3.950918 2.596125 1.744374 1.233827 0.941759 0.782130 0.698688 0.656928 0.636898 0.627679 0.623605 0.621873 0.621165 0.620886 0.620780 0.620741 0.620727 0.620723 0.620721 0.620721 0.620720 0.620719 0.620716 0.620710 0.620692 0.620651 0.620553 0.620334 0.619859 0.618874 0.616914 0.613183 0.606396 0.594622 0.575177 0.544684 0.499395 0.435891 0.352107 0.248485 0.128778 0.000000 
50.000000 41.105185 32.672887 25.093573 18.632291 13.405892 9.392351 6.464223 4.433138 3.092480 2.249606 1.744374 1.455343 1.297371 1.214794 1.173466 1.153643 1.144520 1.140487 1.138773 1.138072 1.137796 1.137691 1.137653 1.137639 1.137635 1.137633 1.137632 1.137631 1.137630 1.137626 1.137614 1.137586 1.137517 1.137354 1.136987 1.136189 1.134524 1.131191 1.124803 1.113093 1.092604 1.058451 1.004354 0.923160 0.808087 0.654696 0.463244 0.240522 0.000000 
50.000000 41.262326 32.978981 25.533524 19.186318 14.052154 10.109407 7.232897 5.237590 3.920531 3.092480 2.596125 2.312167 2.156965 2.075835 2.035230 2.015753 2.006789 2.002826 2.001142 2.000454 2.000182 2.000079 2.000041 2.000028 2.000023 2.000022 2.000021 2.000020 2.000017 2.000011 1.999993 1.999949 1.999841 1.999586 1.999006 1.997741 1.995083 1.989729 1.979387 1.960266 1.926481 1.869558 1.778321 1.639639 1.440483 1.171536 0.831854 0.432994 0.000000 
50.000000 41.512220 33.465756 26.233184 20.067416 15.079967 11.249843 8.455460 6.517090 5.237590 4.433138 3.950918 3.675039 3.524250 3.445424 3.405972 3.387046 3.378336 3.374486 3.372850 3.372180 3.371917 3.371816 3.371780 3.371767 3.371762 3.371761 3.371760 3.371758 3.371755 3.371745 3.371720 3.371655 3.371496 3.371120 3.370261 3.368374 3.364387 3.356296 3.340534 3.311109 3.258545 3.168868 3.023114 2.798141 2.469742 2.018820 1.440323 0.752356 0.000000 
50.000000 41.890741 34.203094 27.293004 21.402101 16.636934 12.977459 10.307534 8.455460 7.232897 6.464223 6.003439 5.739816 5.595721 5.520393 5.482689 5.464603 5.456278 5.452598 5.451034 5.450394 5.450142 5.450047 5.450011 5.449999 5.449995 5.449993 5.449992 5.449990 5.449985 5.449972 5.449938 5.449849 5.449631 5.449112 5.447923 5.445294 5.439702 5.428261 5.405772 5.363339 5.286592 5.153767 4.934306 4.589224 4.075112 3.353840 2.408824 1.264733 0.000000 
50.000000 42.436351 35.265923 28.820696 23.326039 18.881337 15.467914 12.977459 11.249843 10.109407 9.392351 8.962496 8.716561 8.582130 8.511850 8.476673 8.459797 8.452030 8.448596 8.447136 8.446539 8.446304 8.446215 8.446182 8.446171 8.446166 8.446165 8.446164 8.446161 8.446155 8.446139 8.446095 8.445983 8.445705 8.445042 8.443512 8.440113 8.432831 8.417812 8.387997 8.331086 8.226729 8.043153 7.733957 7.236772 6.476896 5.380475 3.901890 2.064840 0.000000 
50.000000 43.184106 36.722537 30.914436 25.962888 21.957460 18.881337 16.636934 15.079967 14.052154 13.405892 13.018464 12.796797 12.675625 12.612276 12.580566 12.565353 12.558351 12.555255 12.553939 12.553401 12.553189 12.553108 12.553079 12.553068 12.553065 12.553063 12.553062 12.553059 12.553052 12.553033 12.552982 12.552851 12.552526 12.551747 12.549940 12.545901 12.537190 12.519069 12.482732 12.412515 12.281826 12.047710 11.644565 10.978730 9.928136 8.355321 6.147207 3.294884 0.000000 
50.000000 44.157713 38.619118 33.640617 29.396280 25.962888 23.326039 21.402101 20.067416 19.186318 18.632291 18.300148 18.110105 18.006217 17.951902 17.924713 17.911669 17.905664 17.903009 17.901881 17.901419 17.901237 17.901168 17.901143 17.901134 17.901131 17.901130 17.901128 17.901126 17.901118 17.901098 17.901045 17.900906 17.900562 17.899732 17.897801 17.893459 17.884030 17.864257 17.824204 17.745835 17.597674 17.326989 16.849143 16.034752 14.698140 12.597907 9.476700 5.193339 0.000000 
50.000000 45.361246 40.963610 37.010664 33.640617 30.914436 28.820696 27.293004 26.233184 25.533524 25.093573 24.829811 24.678891 24.596387 24.553250 24.531656 24.521296 24.516527 24.514418 24.513522 24.513155 24.513011 24.512956 24.512936 24.512928 24.512926 24.512925 24.512924 24.512921 24.512914 24.512896 24.512846 24.512717 24.512394 24.511615 24.509795 24.505681 24.496694 24.477705 24.438877 24.361988 24.214364 23.939164 23.440222 22.559115 21.042710 18.505332 14.416259 8.231699 0.000000 
50.000000 46.772932 43.713598 40.963610 38.619118 36.722537 35.265923 34.203094 33.465756 32.978981 32.672887 32.489373 32.384366 32.326960 32.296946 32.281920 32.274711 32.271392 32.269925 32.269301 32.269046 32.268945 32.268907 32.268893 32.268888 32.268886 32.268885 32.268885 32.268883 32.268877 32.268863 32.268824 32.268723 32.268471 32.267860 32.266428 32.263180 32.256049 32.240888 32.209643 32.147127 32.025434 31.794271 31.364033 30.575330 29.142418 26.547352 21.856799 13.525352 0.000000 
50.000000 48.343415 46.772932 45.361246 44.157713 43.184106 42.436351 41.890741 41.512220 41.262326 41.105185 41.010973 40.957064 40.927592 40.912182 40.904468 40.900767 40.899063 40.898309 40.897989 40.897858 40.897806 40.897787 40.897779 40.897777 40.897776 40.897776 40.897775 40.897774 40.897771 40.897763 40.897742 40.897687 40.897548 40.897211 40.896419 40.894620 40.890656 40.882195 40.864663 40.829331 40.759864 40.626008 40.371511 39.889222 38.964374 37.129547 33.247580 24.171708 0.000000 
50.000000 50.000000 50.000000 50.000000 50.000000 50.000000 50.000000 50.000000 50.000000 50.000000 50.000000 50.000000 50.000000 50.000000 50.000000 50.000000 50.000000 50.000000 50.000000 50.000000 50.000000 50.000000 50.000000 50.000000 50.000000 50.000000 50.000000 50.000000 50.000000 50.000000 50.000000 50.000000 50.000000 50.000000 50.000000 50.000000 50.000000 50.000000 50.000000 50.000000 50.000000 50.000000 50.000000 50.000000 50.000000 50.000000 50.000000 50.000000 50.000000 50.000000 
