50.000000 50.000000 50.000000 50.000000 50.000000 50.000000 50.000000 50.000000 50.000000 50.000000 50.000000 50.000000 50.000000 50.000000 50.000000 50.000000 50.000000 50.000000 50.000000 50.000000 50.000000 50.000000 50.000000 50.000000 50.000000 50.000000 50.000000 50.000000 50.000000 50.000000 50.000000 50.000000 50.000000 50.000000 50.000000 50.000000 50.000000 50.000000 50.000000 50.000000 50.000000 50.000000 50.000000 50.000000 50.000000 50.000000 50.000000 50.000000 50.000000 50.000000 
50.000000 47.977181 46.082696 44.420496 43.053478 41.998816 41.234724 40.714255 40.380483 40.178673 40.063448 40.001226 39.969395 39.953945 39.946818 39.943689 39.942379 39.941856 39.941656 39.941583 39.941557 39.941548 39.941546 39.941545 39.941544 39.941544 39.941544 39.941544 39.941544 39.941544 39.941542 39.941538 39.941525 39.941489 39.941386 39.941111 39.940401 39.938637 39.934414 39.924667 39.902952 39.856127 39.758010 39.556989 39.150453 38.327069 36.620612 32.891908 23.988591 0.000000 
50.000000 46.082696 42.413926 39.195007 36.547743 34.505384 33.025736 32.017874 31.371554 30.980772 30.757658 30.637177 30.575546 30.545631 30.531833 30.525774 30.523239 30.522225 30.521838 30.521697 30.521647 30.521630 30.521625 30.521623 30.521623 30.521623 30.521623 30.521622 30.521622 30.521622 30.521619 30.521611 30.521589 30.521523 30.521341 30.520854 30.519599 30.516489 30.509077 30.492064 30.454440 30.374133 30.208289 29.875780 29.225505 27.977998 25.617487 21.206963 13.190788 0.000000 
50.000000 44.420496 39.195007 34.610287 30.839825 27.930969 25.823604 24.388206 23.467742 22.911223 22.593493 22.421926 22.334164 22.291569 22.271922 22.263296 22.259686 22.258243 22.257692 22.257491 22.257420 22.257396 22.257389 22.257386 22.257385 22.257385 22.257385 22.257385 22.257385 22.257384 22.257381 22.257371 22.257343 22.257262 22.257038 22.256438 22.254902 22.251113 22.242136 22.221697 22.176964 22.082793 21.891946 21.519193 20.816807 19.539749 17.305144 13.577520 7.799884 0.000000 
50.000000 43.053478 36.547743 30.839825 26.145720 22.524362 19.900880 18.113990 16.968166 16.275420 15.879929 15.666383 15.557154 15.504142 15.479691 15.468956 15.464464 15.462669 15.461984 15.461733 15.461645 15.461615 15.461606 15.461603 15.461602 15.461602 15.461602 15.461602 15.461601 15.461600 15.461597 15.461588 15.461559 15.461476 15.461248 15.460641 15.459091 15.455295 15.446367 15.426228 15.382670 15.292365 15.112962 14.771645 14.150589 13.072860 11.300076 8.569745 4.726409 0.000000 
50.000000 41.998816 34.505384 27.930969 22.524362 18.353425 15.331883 13.273936 11.954348 11.156579 10.701152 10.455254 10.329484 10.268447 10.240296 10.227938 10.222767 10.220701 10.219912 10.219623 10.219522 10.219488 10.219477 10.219474 10.219473 10.219472 10.219472 10.219472 10.219472 10.219471 10.219468 10.219459 10.219434 10.219360 10.219157 10.218622 10.217261 10.213949 10.206221 10.188962 10.152086 10.076792 9.930053 9.657566 9.176712 8.373774 7.114163 5.279879 2.848363 0.000000 
50.000000 41.234724 33.025736 25.823604 19.900880 15.331883 12.022065 9.767848 8.322460 7.448673 6.949870 6.680566 6.542831 6.475991 6.445166 6.431635 6.425973 6.423711 6.422847 6.422531 6.422420 6.422383 6.422371 6.422367 6.422366 6.422366 6.422366 6.422365 6.422365 6.422364 6.422362 6.422355 6.422335 6.422276 6.422115 6.421691 6.420622 6.418035 6.412050 6.398810 6.370856 6.314594 6.206857 6.011033 5.674317 5.129234 4.304411 3.149956 1.677735 0.000000 
50.000000 40.714255 32.017874 24.388206 18.113990 13.273936 9.767848 7.380024 5.849019 4.923507 4.395198 4.109976 3.964106 3.893322 3.860679 3.846351 3.840356 3.837961 3.837046 3.836712 3.836595 3.836555 3.836542 3.836538 3.836537 3.836537 3.836537 3.836537 3.836537 3.836536 3.836534 3.836529 3.836514 3.836472 3.836355 3.836051 3.835286 3.833448 3.829229 3.819982 3.800674 3.762319 3.690012 3.560991 3.343883 3.001028 2.496260 1.809585 0.956245 0.000000 
50.000000 40.380483 31.371554 23.467742 16.968166 11.954348 8.322460 5.849019 4.263162 3.304519 2.757317 2.461905 2.310829 2.237522 2.203717 2.188880 2.182671 2.180192 2.179245 2.178898 2.178777 2.178736 2.178723 2.178719 2.178718 2.178717 2.178717 2.178717 2.178717 2.178717 2.178716 2.178712 2.178702 2.178674 2.178596 2.178395 2.177892 2.176691 2.173954 2.168008 2.155714 2.131581 2.086700 2.007866 1.877556 1.675801 1.384949 0.997421 0.524356 0.000000 
50.000000 40.178673 30.980772 22.911223 16.275420 11.156579 7.448673 4.923507 3.304519 2.325873 1.767265 1.465705 1.311489 1.236660 1.202155 1.187011 1.180674 1.178143 1.177177 1.176823 1.176700 1.176658 1.176645 1.176640 1.176639 1.176639 1.176639 1.176639 1.176638 1.176638 1.176638 1.176635 1.176629 1.176612 1.176564 1.176441 1.176134 1.175407 1.173760 1.170210 1.162936 1.148805 1.122834 1.077817 1.004493 0.892750 0.734260 0.526332 0.275721 0.000000 
50.000000 40.063448 30.757658 22.593493 15.879929 10.701152 6.949870 4.395198 2.757317 1.767265 1.202159 0.897095 0.741091 0.665396 0.630493 0.615174 0.608764 0.606204 0.605227 0.604869 0.604744 0.604702 0.604688 0.604684 0.604683 0.604683 0.604682 0.604682 0.604682 0.604682 0.604682 0.604681 0.604677 0.604667 0.604640 0.604569 0.604395 0.603984 0.603059 0.601079 0.597056 0.589309 0.575216 0.551060 0.512189 0.453702 0.371795 0.265594 0.138781 0.000000 
50.000000 40.001226 30.637177 22.421926 15.666383 10.455254 6.680566 4.109976 2.461905 1.465705 0.897095 0.590144 0.433177 0.357017 0.321899 0.306486 0.300037 0.297462 0.296478 0.296119 0.295993 0.295950 0.295937 0.295932 0.295931 0.295931 0.295930 0.295930 0.295930 0.295930 0.295930 0.295929 0.295928 0.295922 0.295907 0.295870 0.295777 0.295559 0.295072 0.294036 0.291945 0.287951 0.280747 0.268517 0.249033 0.220017 0.179790 0.128101 0.066812 0.000000 
50.000000 39.969395 30.575546 22.334164 15.557154 10.329484 6.542831 3.964106 2.310829 1.311489 0.741091 0.433177 0.275719 0.199321 0.164094 0.148633 0.142165 0.139581 0.138595 0.138234 0.138108 0.138065 0.138051 0.138047 0.138046 0.138045 0.138045 0.138045 0.138045 0.138045 0.138045 0.138045 0.138044 0.138041 0.138034 0.138015 0.137968 0.137860 0.137618 0.137107 0.136082 0.134138 0.130658 0.124796 0.115535 0.101859 0.083052 0.059056 0.030758 0.000000 
50.000000 39.953945 30.545631 22.291569 15.504142 10.268447 6.475991 3.893322 2.237522 1.236660 0.665396 0.357017 0.199321 0.122808 0.087528 0.072044 0.065566 0.062978 0.061990 0.061629 0.061503 0.061460 0.061446 0.061442 0.061441 0.061440 0.061440 0.061440 0.061440 0.061440 0.061440 0.061440 0.061440 0.061438 0.061435 0.061426 0.061404 0.061353 0.061240 0.061001 0.060526 0.059630 0.058036 0.055369 0.051186 0.045050 0.036668 0.026033 0.013544 0.000000 
50.000000 39.946818 30.531833 22.271922 15.479691 10.240296 6.445166 3.860679 2.203717 1.202155 0.630493 0.321899 0.164094 0.087528 0.052223 0.036729 0.030246 0.027657 0.026669 0.026307 0.026181 0.026138 0.026124 0.026120 0.026119 0.026118 0.026118 0.026118 0.026118 0.026118 0.026118 0.026118 0.026118 0.026117 0.026116 0.026112 0.026102 0.026079 0.026029 0.025923 0.025714 0.025322 0.024628 0.023474 0.021675 0.019050 0.015483 0.010979 0.005707 0.000000 
50.000000 39.943689 30.525774 22.263296 15.468956 10.227938 6.431635 3.846351 2.188880 1.187011 0.615174 0.306486 0.148633 0.072044 0.036729 0.021230 0.014746 0.012156 0.011167 0.010805 0.010678 0.010636 0.010622 0.010618 0.010616 0.010616 0.010616 0.010616 0.010616 0.010616 0.010616 0.010616 0.010616 0.010616 0.010615 0.010613 0.010609 0.010599 0.010578 0.010534 0.010447 0.010283 0.009996 0.009520 0.008781 0.007709 0.006258 0.004433 0.002303 0.000000 
50.000000 39.942379 30.523239 22.259686 15.464464 10.222767 6.425973 3.840356 2.182671 1.180674 0.608764 0.300037 0.142165 0.065566 0.030246 0.014746 0.008260 0.005670 0.004681 0.004320 0.004193 0.004150 0.004136 0.004132 0.004131 0.004131 0.004130 0.004130 0.004130 0.004130 0.004130 0.004130 0.004130 0.004130 0.004130 0.004129 0.004128 0.004124 0.004115 0.004097 0.004063 0.003998 0.003884 0.003697 0.003407 0.002988 0.002423 0.001715 0.000890 0.000000 
50.000000 39.941856 30.522225 22.258243 15.462669 10.220701 6.423711 3.837961 2.180192 1.178143 0.606204 0.297462 0.139581 0.062978 0.027657 0.012156 0.005670 0.003080 0.002091 0.001729 0.001602 0.001560 0.001546 0.001542 0.001540 0.001540 0.001540 0.001540 0.001540 0.001540 0.001540 0.001540 0.001540 0.001540 0.001540 0.001540 0.001539 0.001537 0.001534 0.001527 0.001514 0.001489 0.001447 0.001376 0.001267 0.001111 0.000900 0.000637 0.000330 0.000000 
50.000000 39.941656 30.521838 22.257692 15.461984 10.219912 6.422847 3.837046 2.179245 1.177177 0.605227 0.296478 0.138595 0.061990 0.026669 0.011167 0.004681 0.002091 0.001102 0.000740 0.000613 0.000571 0.000557 0.000553 0.000551 0.000551 0.000551 0.000551 0.000551 0.000551 0.000551 0.000551 0.000551 0.000551 0.000551 0.000551 0.000550 0.000550 0.000549 0.000546 0.000541 0.000532 0.000517 0.000491 0.000452 0.000396 0.000321 0.000227 0.000118 0.000000 
50.000000 39.941583 30.521697 22.257491 15.461733 10.219623 6.422531 3.836712 2.178898 1.176823 0.604869 0.296119 0.138234 0.061629 0.026307 0.010805 0.004320 0.001729 0.000740 0.000378 0.000252 0.000209 0.000195 0.000191 0.000190 0.000189 0.000189 0.000189 0.000189 0.000189 0.000189 0.000189 0.000189 0.000189 0.000189 0.000189 0.000189 0.000189 0.000188 0.000188 0.000186 0.000183 0.000177 0.000169 0.000155 0.000136 0.000110 0.000078 0.000040 0.000000 
50.000000 39.941557 30.521647 22.257420 15.461645 10.219522 6.422420 3.836595 2.178777 1.176700 0.604744 0.295993 0.138108 0.061503 0.026181 0.010678 0.004193 0.001602 0.000613 0.000252 0.000125 0.000082 0.000069 0.000064 0.000063 0.000063 0.000063 0.000062 0.000062 0.000062 0.000062 0.000062 0.000062 0.000062 0.000062 0.000062 0.000062 0.000062 0.000062 0.000062 0.000061 0.000060 0.000059 0.000056 0.000051 0.000045 0.000036 0.000026 0.000013 0.000000 
50.000000 39.941548 30.521630 22.257396 15.461615 10.219488 6.422383 3.836555 2.178736 1.176658 0.604702 0.295950 0.138065 0.061460 0.026138 0.010636 0.004150 0.001560 0.000571 0.000209 0.000082 0.000040 0.000026 0.000022 0.000020 0.000020 0.000020 0.000020 0.000020 0.000020 0.000020 0.000020 0.000020 0.000020 0.000020 0.000020 0.000020 0.000020 0.000020 0.000020 0.000020 0.000019 0.000019 0.000018 0.000016 0.000014 0.000011 0.000008 0.000004 0.000000 
50.000000 39.941546 30.521625 22.257389 15.461606 10.219477 6.422371 3.836542 2.178723 1.176645 0.604688 0.295937 0.138051 0.061446 0.026124 0.010622 0.004136 0.001546 0.000557 0.000195 0.000069 0.000026 0.000012 0.000008 0.000007 0.000006 0.000006 0.000006 0.000006 0.000006 0.000006 0.000006 0.000006 0.000006 0.000006 0.000006 0.000006 0.000006 0.000006 0.000006 0.000006 0.000006 0.000006 0.000005 0.000005 0.000004 0.000004 0.000002 0.000001 0.000000 
50.000000 39.941545 30.521623 22.257386 15.461603 10.219474 6.422367 3.836539 2.178719 1.176640 0.604684 0.295932 0.138047 0.061442 0.026120 0.010618 0.004132 0.001542 0.000553 0.000191 0.000064 0.000022 0.000008 0.000004 0.000002 0.000002 0.000002 0.000002 0.000002 0.000002 0.000002 0.000002 0.000002 0.000002 0.000002 0.000002 0.000002 0.000002 0.000002 0.000002 0.000002 0.000002 0.000002 0.000002 0.000001 0.000001 0.000001 0.000001 0.000000 0.000000 
50.000000 39.941545 30.521623 22.257386 15.461602 10.219473 6.422366 3.836537 2.178718 1.176639 0.604683 0.295931 0.138046 0.061441 0.026119 0.010617 0.004131 0.001541 0.000551 0.000190 0.000063 0.000021 0.000007 0.000002 0.000001 0.000001 0.000001 0.000001 0.000001 0.000001 0.000001 0.000001 0.000001 0.000001 0.000001 0.000001 0.000001 0.000001 0.000001 0.000001 0.000001 0.000001 0.000001 0.000001 0.000001 0.000000 0.000000 0.000000 0.000000 0.000000 
50.000000 39.941545 30.521623 22.257386 15.461602 10.219473 6.422366 3.836537 2.178718 1.176639 0.604683 0.295931 0.138046 0.061441 0.026119 0.010617 0.004131 0.001541 0.000551 0.000190 0.000063 0.000021 0.000007 0.000002 0.000001 0.000001 0.000001 0.000001 0.000001 0.000001 0.000001 0.000001 0.000001 0.000001 0.000001 0.000001 0.000001 0.000001 0.000001 0.000001 0.000001 0.000001 0.000001 0.000001 0.000001 0.000000 0.000000 0.000000 0.000000 0.000000 
50.000000 39.941545 30.521623 22.257386 15.461603 10.219474 6.422367 3.836539 2.178719 1.176640 0.604684 0.295932 0.138047 0.061442 0.026120 0.010618 0.004132 0.001542 0.000553 0.000191 0.000064 0.000022 0.000008 0.000004 0.000002 0.000002 0.000002 0.000002 0.000002 0.000002 0.000002 0.000002 0.000002 0.000002 0.000002 0.000002 0.000002 0.000002 0.000002 0.000002 0.000002 0.000002 0.000002 0.000002 0.000001 0.000001 0.000001 0.000001 0.000000 0.000000 
50.000000 39.941546 30.521625 22.257389 15.461606 10.219477 6.422371 3.836542 2.178723 1.176645 0.604688 0.295937 0.138051 0.061446 0.026124 0.010622 0.004136 0.001546 0.000557 0.000195 0.000069 0.000026 0.000012 0.000008 0.000007 0.000006 0.000006 0.000006 0.000006 0.000006 0.000006 0.000006 0.000006 0.000006 0.000006 0.000006 0.000006 0.000006 0.000006 0.000006 0.000006 0.000006 0.000006 0.000005 0.000005 0.000004 0.000004 0.000002 0.000001 0.000000 
50.000000 39.941548 30.521630 22.257396 15.461615 10.219488 6.422383 3.836555 2.178736 1.176658 0.604702 0.295950 0.138065 0.061460 0.026138 0.010636 0.004150 0.001560 0.000571 0.000209 0.000082 0.000040 0.000026 0.000022 0.000020 0.000020 0.000020 0.000020 0.000020 0.000020 0.000020 0.000020 0.000020 0.000020 0.000020 0.000020 0.000020 0.000020 0.000020 0.000020 0.000020 0.000019 0.000019 0.000018 0.000016 0.000014 0.000011 0.000008 0.000004 0.000000 
50.000000 39.941557 30.521647 22.257420 15.461645 10.219522 6.422420 3.836595 2.178777 1.176700 0.604744 0.295993 0.138108 0.061503 0.026181 0.010678 0.004193 0.001602 0.000613 0.000252 0.000125 0.000082 0.000069 0.000064 0.000063 0.000063 0.000063 0.000062 0.000062 0.000062 0.000062 0.000062 0.000062 0.000062 0.000062 0.000062 0.000062 0.000062 0.000062 0.000062 0.000061 0.000060 0.000059 0.000056 0.000051 0.000045 0.000036 0.000026 0.000013 0.000000 
50.000000 39.941583 30.521697 22.257491 15.461733 10.219623 6.422531 3.836712 2.178898 1.176823 0.604869 0.296119 0.138234 0.061629 0.026307 0.010805 0.004320 0.001729 0.000740 0.000378 0.000252 0.000209 0.000195 0.000191 0.000190 0.000189 0.000189 0.000189 0.000189 0.000189 0.000189 0.000189 0.000189 0.000189 0.000189 0.000189 0.000189 0.000189 0.000188 0.000188 0.000186 0.000183 0.000177 0.000169 0.000155 0.000136 0.000110 0.000078 0.000040 0.000000 
50.000000 39.941656 30.521838 22.257692 15.461984 10.219912 6.422847 3.837046 2.179245 1.177177 0.605227 0.296478 0.138595 0.061990 0.026669 0.011167 0.004681 0.002091 0.001102 0.000740 0.000613 0.000571 0.000557 0.000553 0.000551 0.000551 0.000551 0.000551 0.000551 0.000551 0.000551 0.000551 0.000551 0.000551 0.000551 0.000551 0.000550 0.000550 0.000549 0.000546 0.000541 0.000532 0.000517 0.000491 0.000452 0.000396 0.000321 0.000227 0.000118 0.000000 
50.000000 39.941856 30.522225 22.258243 15.462669 10.220701 6.423711 3.837961 2.180192 1.178143 0.606204 0.297462 0.139581 0.062978 0.027657 0.012156 0.005670 0.003080 0.002091 0.001729 0.001602 0.001560 0.001546 0.001542 0.001540 0.001540 0.001540 0.001540 0.001540 0.001540 0.001540 0.001540 0.001540 0.001540 0.001540 0.001540 0.001539 0.001537 0.001534 0.001527 0.001514 0.001489 0.001447 0.001376 0.001267 0.001111 0.000900 0.000637 0.000330 0.000000 
50.000000 39.942379 30.523239 22.259686 15.464464 10.222767 6.425973 3.840356 2.182671 1.180674 0.608764 0.300037 0.142165 0.065566 0.030246 0.014746 0.008260 0.005670 0.004681 0.004320 0.004193 0.004150 0.004136 0.004132 0.004131 0.004131 0.004130 0.004130 0.004130 0.004130 0.004130 0.004130 0.004130 0.004130 0.004130 0.004129 0.004128 0.004124 0.004115 0.004097 0.004063 0.003998 0.003884 0.003697 0.003407 0.002988 0.002423 0.001715 0.000890 0.000000 
50.000000 39.943689 30.525774 22.263296 15.468956 10.227938 6.431635 3.846351 2.188880 1.187011 0.615174 0.306486 0.148633 0.072044 0.036729 0.021230 0.014746 0.012156 0.011167 0.010805 0.010678 0.010636 0.010622 0.010618 0.010616 0.010616 0.010616 0.010616 0.010616 0.010616 0.010616 0.010616 0.010616 0.010616 0.010615 0.010613 0.010609 0.010599 0.010578 0.010534 0.010447 0.010283 0.009996 0.009520 0.008781 0.007709 0.006258 0.004433 0.002303 0.000000 
50.000000 39.946818 30.531833 22.271922 15.479691 10.240296 6.445166 3.860679 2.203717 1.202155 0.630493 0.321899 0.164094 0.087528 0.052223 0.036729 0.030246 0.027657 0.026669 0.026307 0.026181 0.026138 0.026124 0.026120 0.026119 0.026118 0.026118 0.026118 0.026118 0.026118 0.026118 0.026118 0.026118 0.026117 0.026116 0.026112 0.026102 0.026079 0.026029 0.025923 0.025714 0.025322 0.024628 0.023474 0.021675 0.019050 0.015483 0.010979 0.005707 0.000000 
50.000000 39.953945 30.545631 22.291569 15.504142 10.268447 6.475991 3.893322 2.237522 1.236660 0.665396 0.357017 0.199321 0.122808 0.087528 0.072044 0.065566 0.062978 0.061990 0.061629 0.061503 0.061460 0.061446 0.061442 0.061441 0.061440 0.061440 0.061440 0.061440 0.061440 0.061440 0.061440 0.061440 0.061438 0.061435 0.061426 0.061404 0.061353 0.061240 0.061001 0.060526 0.059630 0.058036 0.055369 0.051186 0.045050 0.036668 0.026033 0.013544 0.000000 
50.000000 39.969395 30.575546 22.334164 15.557154 10.329484 6.542831 3.964106 2.310829 1.311489 0.741091 0.433177 0.275719 0.199321 0.164094 0.148633 0.142165 0.139581 0.138595 0.138234 0.138108 0.138065 0.138051 0.138047 0.138046 0.138045 0.138045 0.138045 0.138045 0.138045 0.138045 0.138045 0.138044 0.138041 0.138034 0.138015 0.137968 0.137860 0.137618 0.137107 0.136082 0.134138 0.130658 0.124796 0.115535 0.101859 0.083052 0.059056 0.030758 0.000000 
50.000000 40.001226 30.637177 22.421926 15.666383 10.455254 6.680566 4.109976 2.461905 1.465705 0.897095 0.590144 0.433177 0.357017 0.321899 0.306486 0.300037 0.297462 0.296478 0.296119 0.295993 0.295950 0.295937 0.295932 0.295931 0.295931 0.295930 0.295930 0.295930 0.295930 0.295930 0.295929 0.295928 0.295922 0.295907 0.295870 0.295777 0.295559 0.295072 0.294036 0.291945 0.287951 0.280747 0.268517 0.249033 0.220017 0.179790 0.128101 0.066812 0.000000 
50.000000 40.063448 30.757658 22.593493 15.879929 10.701152 6.949870 4.395198 2.757317 1.767265 1.202159 0.897095 0.741091 0.665396 0.630493 0.615174 0.608764 0.606204 0.605227 0.604869 0.604744 0.604702 0.604688 0.604684 0.604683 0.604683 0.604682 0.604682 0.604682 0.604682 0.604682 0.604681 0.604677 0.604667 0.604640 0.604569 0.604395 0.603984 0.603059 0.601079 0.597056 0.589309 0.575216 0.551060 0.512189 0.453702 0.371795 0.265594 0.138781 0.000000 
50.000000 40.178673 30.980772 22.911223 16.275420 11.156579 7.448673 4.923507 3.304519 2.325873 1.767265 1.465705 1.311489 1.236660 1.202155 1.187011 1.180674 1.178143 1.177177 1.176823 1.176700 1.176658 1.176645 1.176640 1.176639 1.176639 1.176639 1.176639 1.176638 1.176638 1.176638 1.176635 1.176629 1.176612 1.176564 1.176441 1.176134 1.175407 1.173760 1.170210 1.162936 1.148805 1.122834 1.077817 1.004493 0.892750 0.734260 0.526332 0.275721 0.000000 
50.000000 40.380483 31.371554 23.467742 16.968166 11.954348 8.322460 5.849019 4.263162 3.304519 2.757317 2.461905 2.310829 2.237522 2.203717 2.188880 2.182671 2.180192 2.179245 2.178898 2.178777 2.178736 2.178723 2.178719 2.178718 2.178717 2.178717 2.178717 2.178717 2.178717 2.178716 2.178712 2.178702 2.178674 2.178596 2.178395 2.177892 2.176691 2.173954 2.168008 2.155714 2.131581 2.086700 2.007866 1.877556 1.675801 1.384949 0.997421 0.524356 0.000000 
50.000000 40.714255 32.017874 24.388206 18.113990 13.273936 9.767848 7.380024 5.849019 4.923507 4.395198 4.109976 3.964106 3.893322 3.860679 3.846351 3.840356 3.837961 3.837046 3.836712 3.836595 3.836555 3.836542 3.836538 3.836537 3.836537 3.836537 3.836537 3.836537 3.836536 3.836534 3.836529 3.836514 3.836472 3.836355 3.836051 3.835286 3.833448 3.829229 3.819982 3.800674 3.762319 3.690012 3.560991 3.343883 3.001028 2.496260 1.809585 0.956245 0.000000 
50.000000 41.234724 33.025736 25.823604 19.900880 15.331883 12.022065 9.767848 8.322460 7.448673 6.949870 6.680566 6.542831 6.475991 6.445166 6.431635 6.425973 6.423711 6.422847 6.422531 6.422420 6.422383 6.422371 6.422367 6.422366 6.422366 6.422366 6.422365 6.422365 6.422364 6.422362 6.422355 6.422335 6.422276 6.422115 6.421691 6.420622 6.418035 6.412050 6.398810 6.370856 6.314594 6.206857 6.011033 5.674317 5.129234 4.304411 3.149956 1.677735 0.000000 
50.000000 41.998816 34.505384 27.930969 22.524362 18.353425 15.331883 13.273936 11.954348 11.156579 10.701152 10.455254 10.329484 10.268447 10.240296 10.227938 10.222767 10.220701 10.219912 10.219623 10.219522 10.219488 10.219477 10.219474 10.219473 10.219472 10.219472 10.219472 10.219472 10.219471 10.219468 10.219459 10.219434 10.219360 10.219157 10.218622 10.217261 10.213949 10.206221 10.188962 10.152086 10.076792 9.930053 9.657566 9.176712 8.373774 7.114163 5.279879 2.848363 0.000000 
50.000000 43.053478 36.547743 30.839825 26.145720 22.524362 19.900880 18.113990 16.968166 16.275420 15.879929 15.666383 15.557154 15.504142 15.479691 15.468956 15.464464 15.462669 15.461984 15.461733 15.461645 15.461615 15.461606 15.461603 15.461602 15.461602 15.461602 15.461602 15.461601 15.461600 15.461597 15.461588 15.461559 15.461476 15.461248 15.460641 15.459091 15.455295 15.446367 15.426228 15.382670 15.292365 15.112962 14.771645 14.150589 13.072860 11.300076 8.569745 4.726409 0.000000 
50.000000 44.420496 39.195007 34.610287 30.839825 27.930969 25.823604 24.388206 23.467742 22.911223 22.593493 22.421926 22.334164 22.291569 22.271922 22.263296 22.259686 22.258243 22.257692 22.257491 22.257420 22.257396 22.257389 22.257386 22.257385 22.257385 22.257385 22.257385 22.257385 22.257384 22.257381 22.257371 22.257343 22.257262 22.257038 22.256438 22.254902 22.251113 22.242136 22.221697 22.176964 22.082793 21.891946 21.519193 20.816807 19.539749 17.305144 13.577520 7.799884 0.000000 
50.000000 46.082696 42.413926 39.195007 36.547743 34.505384 33.025736 32.017874 31.371554 30.980772 30.757658 30.637177 30.575546 30.545631 30.531833 30.525774 30.523239 30.522225 30.521838 30.521697 30.521647 30.521630 30.521625 30.521623 30.521623 30.521623 30.521623 30.521622 30.521622 30.521622 30.521619 30.521611 30.521589 30.521523 30.521341 30.520854 30.519599 30.516489 30.509077 30.492064 30.454440 30.374133 30.208289 29.875780 29.225505 27.977998 25.617487 21.206963 13.190788 0.000000 
50.000000 47.977181 46.082696 44.420496 43.053478 41.998816 41.234724 40.714255 40.380483 40.178673 40.063448 40.001226 39.969395 39.953945 39.946818 39.943689 39.942379 39.941856 39.941656 39.941583 39.941557 39.941548 39.941546 39.941545 39.941544 39.941544 39.941544 39.941544 39.941544 39.941544 39.941542 39.941538 39.941525 39.941489 39.941386 39.941111 39.940401 39.938637 39.934414 39.924667 39.902952 39.856127 39.758010 39.556989 39.150453 38.327069 36.620612 32.891908 23.988591 0.000000 
50.000000 50.000000 50.000000 50.000000 50.000000 50.000000 50.000000 50.000000 50.000000 50.000000 50.000000 50.000000 50.000000 50.000000 50.000000 50.000000 50.000000 50.000000 50.000000 50.000000 50.000000 50.000000 50.000000 50.000000 50.000000 50.000000 50.000000 50.000000 50.000000 50.000000 50.000000 50.000000 50.000000 50.000000 50.000000 50.000000 50.000000 50.000000 50.000000 50.000000 50.000000 50.000000 50.000000 50.000000 50.000000 50.000000 50.000000 50.000000 50.000000 50.000000 
