50.000000 50.000000 50.000000 50.000000 50.000000 50.000000 50.000000 50.000000 50.000000 50.000000 50.000000 50.000000 50.000000 50.000000 50.000000 50.000000 50.000000 50.000000 50.000000 50.000000 50.000000 50.000000 50.000000 50.000000 50.000000 50.000000 50.000000 50.000000 50.000000 50.000000 50.000000 50.000000 50.000000 50.000000 50.000000 50.000000 50.000000 50.000000 50.000000 50.000000 50.000000 50.000000 50.000000 50.000000 50.000000 50.000000 50.000000 50.000000 50.000000 50.000000 
50.000000 47.346966 44.914531 42.868413 41.287263 40.162760 39.425084 38.977588 38.725871 38.594209 38.529990 38.500698 38.488171 38.483134 38.481225 38.480541 38.480309 38.480235 38.480212 38.480205 38.480204 38.480203 38.480203 38.480203 38.480203 38.480203 38.480203 38.480203 38.480203 38.480203 38.480203 38.480203 38.480201 38.480197 38.480182 38.480132 38.479976 38.479507 38.478161 38.474472 38.464814 38.440620 38.382457 38.247617 37.943677 37.268781 35.762522 32.284773 23.673483 0.000000 
50.000000 44.914531 40.251945 36.329918 33.299203 31.143832 29.729947 28.872271 28.389845 28.137519 28.014452 27.958321 27.934316 27.924665 27.921007 27.919698 27.919254 27.919111 27.919068 27.919055 27.919051 27.919050 27.919050 27.919050 27.919050 27.919050 27.919050 27.919050 27.919050 27.919050 27.919050 27.919049 27.919047 27.919040 27.919014 27.918929 27.918663 27.917866 27.915589 27.909385 27.893267 27.853310 27.758685 27.544113 27.076621 26.093602 24.089625 20.125973 12.629757 0.000000 
50.000000 42.868413 36.329918 30.830034 26.580163 23.557866 21.575379 20.372845 19.696482 19.342743 19.170224 19.091545 19.057899 19.044372 19.039247 19.037412 19.036790 19.036590 19.036529 19.036511 19.036506 19.036505 19.036505 19.036504 19.036504 19.036504 19.036504 19.036504 19.036504 19.036504 19.036504 19.036504 19.036501 19.036492 19.036462 19.036364 19.036057 19.035142 19.032544 19.025523 19.007470 18.963334 18.860752 18.634099 18.158053 17.208399 15.415017 12.240292 7.105891 0.000000 
50.000000 41.287263 33.299203 26.580163 21.388396 17.696428 15.274793 13.805970 12.979889 12.547879 12.337205 12.241133 12.200053 12.183539 12.177282 12.175042 12.174283 12.174039 12.173965 12.173943 12.173937 12.173935 12.173935 12.173935 12.173935 12.173935 12.173935 12.173935 12.173935 12.173935 12.173934 12.173934 12.173931 12.173923 12.173895 12.173803 12.173518 12.172672 12.170287 12.163900 12.147669 12.108572 12.019442 11.827458 11.437621 10.694198 9.371764 7.205602 4.018482 0.000000 
50.000000 40.162760 31.143832 23.557866 17.696428 13.528426 10.794696 9.136678 8.204254 7.716670 7.478912 7.370500 7.324147 7.305515 7.298457 7.295931 7.295075 7.294799 7.294715 7.294691 7.294684 7.294682 7.294682 7.294682 7.294682 7.294682 7.294682 7.294682 7.294681 7.294681 7.294681 7.294681 7.294679 7.294672 7.294650 7.294576 7.294349 7.293681 7.291811 7.286850 7.274388 7.244801 7.178570 7.039159 6.764213 6.258806 5.399813 4.067212 2.219084 0.000000 
50.000000 39.425084 29.729947 21.575379 15.274793 10.794696 7.856410 6.074427 5.072353 4.548381 4.292901 4.176415 4.126616 4.106600 4.099018 4.096305 4.095385 4.095090 4.094999 4.094973 4.094966 4.094964 4.094963 4.094963 4.094963 4.094963 4.094963 4.094963 4.094963 4.094963 4.094963 4.094963 4.094961 4.094957 4.094941 4.094889 4.094730 4.094265 4.092975 4.089583 4.081153 4.061406 4.017921 3.928205 3.755537 3.447335 2.941280 2.185834 1.177467 0.000000 
50.000000 38.977588 28.872271 20.372845 13.805970 9.136678 6.074427 4.217347 3.173096 2.627103 2.360900 2.239534 2.187651 2.166800 2.158902 2.156075 2.155118 2.154810 2.154716 2.154688 2.154681 2.154679 2.154678 2.154678 2.154678 2.154678 2.154678 2.154678 2.154678 2.154678 2.154678 2.154678 2.154677 2.154674 2.154664 2.154631 2.154532 2.154242 2.153444 2.151363 2.146244 2.134395 2.108674 2.056506 1.958107 1.786528 1.512093 1.113586 0.595131 0.000000 
50.000000 38.725871 28.389845 19.696482 12.979889 8.204254 5.072353 3.173096 2.105170 1.546820 1.274605 1.150504 1.097454 1.076135 1.068060 1.065171 1.064192 1.063877 1.063781 1.063753 1.063745 1.063743 1.063743 1.063742 1.063742 1.063742 1.063742 1.063742 1.063742 1.063742 1.063742 1.063742 1.063742 1.063740 1.063734 1.063716 1.063659 1.063495 1.063047 1.061888 1.059060 1.052585 1.038702 1.010947 0.959454 0.871317 0.733148 0.536534 0.285251 0.000000 
50.000000 38.594209 28.137519 19.342743 12.547879 7.716670 4.548381 2.627103 1.546820 0.982025 0.706676 0.581150 0.527493 0.505930 0.497764 0.494842 0.493852 0.493533 0.493436 0.493408 0.493400 0.493398 0.493397 0.493397 0.493397 0.493397 0.493397 0.493397 0.493397 0.493397 0.493397 0.493397 0.493397 0.493396 0.493393 0.493383 0.493354 0.493269 0.493038 0.492446 0.491012 0.487760 0.480859 0.467229 0.442282 0.400210 0.335273 0.244253 0.129395 0.000000 
50.000000 38.529990 28.014452 19.170224 12.337205 7.478912 4.292901 2.360900 1.274605 0.706676 0.429804 0.303586 0.249634 0.227954 0.219743 0.216805 0.215809 0.215489 0.215392 0.215363 0.215355 0.215353 0.215353 0.215352 0.215352 0.215352 0.215352 0.215352 0.215352 0.215352 0.215352 0.215352 0.215352 0.215352 0.215350 0.215346 0.215332 0.215291 0.215182 0.214902 0.214230 0.212717 0.209537 0.203318 0.192062 0.173304 0.144701 0.105067 0.055518 0.000000 
50.000000 38.500698 27.958321 19.091545 12.241133 7.370500 4.176415 2.239534 1.150504 0.581150 0.303586 0.177054 0.122969 0.101235 0.093003 0.090058 0.089060 0.088740 0.088642 0.088613 0.088605 0.088603 0.088603 0.088602 0.088602 0.088602 0.088602 0.088602 0.088602 0.088602 0.088602 0.088602 0.088602 0.088602 0.088601 0.088599 0.088593 0.088575 0.088527 0.088404 0.088111 0.087456 0.086090 0.083440 0.078689 0.070846 0.059001 0.042733 0.022538 0.000000 
50.000000 38.488171 27.934316 19.057899 12.200053 7.324147 4.126616 2.187651 1.097454 0.527493 0.249634 0.122969 0.068827 0.047070 0.038830 0.035882 0.034883 0.034562 0.034464 0.034435 0.034427 0.034425 0.034425 0.034425 0.034425 0.034425 0.034425 0.034425 0.034425 0.034425 0.034425 0.034425 0.034424 0.034424 0.034424 0.034423 0.034421 0.034413 0.034393 0.034343 0.034224 0.033959 0.033409 0.032350 0.030466 0.027381 0.022757 0.016451 0.008664 0.000000 
50.000000 38.483134 27.924665 19.044372 12.183539 7.305515 4.106600 2.166800 1.076135 0.505930 0.227954 0.101235 0.047070 0.025304 0.017061 0.014112 0.013112 0.012791 0.012693 0.012664 0.012656 0.012654 0.012654 0.012654 0.012654 0.012654 0.012654 0.012654 0.012654 0.012654 0.012654 0.012654 0.012654 0.012654 0.012653 0.012653 0.012652 0.012649 0.012642 0.012622 0.012577 0.012476 0.012268 0.011870 0.011166 0.010021 0.008315 0.006002 0.003157 0.000000 
50.000000 38.481225 27.921007 19.039247 12.177282 7.298457 4.099018 2.158902 1.068060 0.497764 0.219743 0.093003 0.038830 0.017061 0.008816 0.005866 0.004867 0.004546 0.004448 0.004419 0.004411 0.004409 0.004409 0.004408 0.004408 0.004408 0.004408 0.004408 0.004408 0.004408 0.004408 0.004408 0.004408 0.004408 0.004408 0.004408 0.004408 0.004407 0.004404 0.004397 0.004381 0.004344 0.004270 0.004129 0.003881 0.003479 0.002883 0.002078 0.001092 0.000000 
50.000000 38.480541 27.919698 19.037412 12.175042 7.295931 4.096305 2.156075 1.065171 0.494842 0.216805 0.090058 0.035882 0.014112 0.005866 0.002916 0.001917 0.001596 0.001498 0.001469 0.001461 0.001459 0.001458 0.001458 0.001458 0.001458 0.001458 0.001458 0.001458 0.001458 0.001458 0.001458 0.001458 0.001458 0.001458 0.001458 0.001458 0.001458 0.001457 0.001454 0.001449 0.001437 0.001412 0.001364 0.001281 0.001147 0.000950 0.000684 0.000359 0.000000 
50.000000 38.480309 27.919254 19.036790 12.174283 7.295075 4.095385 2.155118 1.064192 0.493852 0.215809 0.089060 0.034883 0.013112 0.004867 0.001917 0.000918 0.000596 0.000498 0.000470 0.000462 0.000460 0.000459 0.000459 0.000459 0.000459 0.000459 0.000459 0.000459 0.000459 0.000459 0.000459 0.000459 0.000459 0.000459 0.000459 0.000459 0.000459 0.000458 0.000458 0.000456 0.000452 0.000444 0.000429 0.000402 0.000360 0.000298 0.000214 0.000113 0.000000 
50.000000 38.480235 27.919111 19.036590 12.174039 7.294799 4.095090 2.154810 1.063877 0.493533 0.215489 0.088740 0.034562 0.012791 0.004546 0.001596 0.000596 0.000275 0.000177 0.000148 0.000140 0.000138 0.000138 0.000138 0.000138 0.000138 0.000138 0.000138 0.000138 0.000138 0.000138 0.000138 0.000138 0.000138 0.000138 0.000138 0.000138 0.000137 0.000137 0.000137 0.000137 0.000135 0.000133 0.000128 0.000120 0.000108 0.000089 0.000064 0.000034 0.000000 
50.000000 38.480212 27.919068 19.036529 12.173965 7.294715 4.094999 2.154716 1.063781 0.493436 0.215392 0.088642 0.034464 0.012693 0.004448 0.001498 0.000498 0.000177 0.000079 0.000050 0.000042 0.000040 0.000040 0.000039 0.000039 0.000039 0.000039 0.000039 0.000039 0.000039 0.000039 0.000039 0.000039 0.000039 0.000039 0.000039 0.000039 0.000039 0.000039 0.000039 0.000039 0.000039 0.000038 0.000037 0.000034 0.000031 0.000025 0.000018 0.000010 0.000000 
50.000000 38.480205 27.919055 19.036511 12.173943 7.294691 4.094973 2.154688 1.063753 0.493408 0.215363 0.088613 0.034435 0.012664 0.004419 0.001469 0.000470 0.000148 0.000050 0.000022 0.000014 0.000011 0.000011 0.000011 0.000011 0.000011 0.000011 0.000011 0.000011 0.000011 0.000011 0.000011 0.000011 0.000011 0.000011 0.000011 0.000011 0.000011 0.000011 0.000011 0.000011 0.000011 0.000010 0.000010 0.000009 0.000008 0.000007 0.000005 0.000003 0.000000 
50.000000 38.480204 27.919051 19.036506 12.173937 7.294684 4.094966 2.154681 1.063745 0.493400 0.215355 0.088605 0.034427 0.012656 0.004411 0.001461 0.000462 0.000140 0.000042 0.000014 0.000006 0.000004 0.000003 0.000003 0.000003 0.000003 0.000003 0.000003 0.000003 0.000003 0.000003 0.000003 0.000003 0.000003 0.000003 0.000003 0.000003 0.000003 0.000003 0.000003 0.000003 0.000003 0.000003 0.000003 0.000002 0.000002 0.000002 0.000001 0.000001 0.000000 
50.000000 38.480203 27.919050 19.036505 12.173935 7.294682 4.094964 2.154679 1.063743 0.493398 0.215353 0.088603 0.034425 0.012654 0.004409 0.001459 0.000460 0.000138 0.000040 0.000011 0.000004 0.000001 0.000001 0.000001 0.000001 0.000001 0.000001 0.000001 0.000001 0.000001 0.000001 0.000001 0.000001 0.000001 0.000001 0.000001 0.000001 0.000001 0.000001 0.000001 0.000001 0.000001 0.000001 0.000001 0.000001 0.000001 0.000000 0.000000 0.000000 0.000000 
50.000000 38.480203 27.919050 19.036505 12.173935 7.294682 4.094963 2.154678 1.063743 0.493397 0.215353 0.088603 0.034425 0.012654 0.004409 0.001458 0.000459 0.000138 0.000040 0.000011 0.000003 0.000001 0.000000 0.000000 0.000000 0.000000 0.000000 0.000000 0.000000 0.000000 0.000000 0.000000 0.000000 0.000000 0.000000 0.000000 0.000000 0.000000 0.000000 0.000000 0.000000 0.000000 0.000000 0.000000 0.000000 0.000000 0.000000 0.000000 0.000000 0.000000 
50.000000 38.480203 27.919050 19.036504 12.173935 7.294682 4.094963 2.154678 1.063742 0.493397 0.215352 0.088602 0.034425 0.012654 0.004408 0.001458 0.000459 0.000138 0.000039 0.000011 0.000003 0.000001 0.000000 0.000000 0.000000 0.000000 0.000000 0.000000 0.000000 0.000000 0.000000 0.000000 0.000000 0.000000 0.000000 0.000000 0.000000 0.000000 0.000000 0.000000 0.000000 0.000000 0.000000 0.000000 0.000000 0.000000 0.000000 0.000000 0.000000 0.000000 
50.000000 38.480203 27.919050 19.036504 12.173935 7.294682 4.094963 2.154678 1.063742 0.493397 0.215352 0.088602 0.034425 0.012654 0.004408 0.001458 0.000459 0.000138 0.000039 0.000011 0.000003 0.000001 0.000000 0.000000 0.000000 0.000000 0.000000 0.000000 0.000000 0.000000 0.000000 0.000000 0.000000 0.000000 0.000000 0.000000 0.000000 0.000000 0.000000 0.000000 0.000000 0.000000 0.000000 0.000000 0.000000 0.000000 0.000000 0.000000 0.000000 0.000000 
50.000000 38.480203 27.919050 19.036504 12.173935 7.294682 4.094963 2.154678 1.063742 0.493397 0.215352 0.088602 0.034425 0.012654 0.004408 0.001458 0.000459 0.000138 0.000039 0.000011 0.000003 0.000001 0.000000 0.000000 0.000000 0.000000 0.000000 0.000000 0.000000 0.000000 0.000000 0.000000 0.000000 0.000000 0.000000 0.000000 0.000000 0.000000 0.000000 0.000000 0.000000 0.000000 0.000000 0.000000 0.000000 0.000000 0.000000 0.000000 0.000000 0.000000 
50.000000 38.480203 27.919050 19.036504 12.173935 7.294682 4.094963 2.154678 1.063742 0.493397 0.215352 0.088602 0.034425 0.012654 0.004408 0.001458 0.000459 0.000138 0.000039 0.000011 0.000003 0.000001 0.000000 0.000000 0.000000 0.000000 0.000000 0.000000 0.000000 0.000000 0.000000 0.000000 0.000000 0.000000 0.000000 0.000000 0.000000 0.000000 0.000000 0.000000 0.000000 0.000000 0.000000 0.000000 0.000000 0.000000 0.000000 0.000000 0.000000 0.000000 
50.000000 38.480203 27.919050 19.036505 12.173935 7.294682 4.094963 2.154678 1.063743 0.493397 0.215353 0.088603 0.034425 0.012654 0.004409 0.001458 0.000459 0.000138 0.000040 0.000011 0.000003 0.000001 0.000000 0.000000 0.000000 0.000000 0.000000 0.000000 0.000000 0.000000 0.000000 0.000000 0.000000 0.000000 0.000000 0.000000 0.000000 0.000000 0.000000 0.000000 0.000000 0.000000 0.000000 0.000000 0.000000 0.000000 0.000000 0.000000 0.000000 0.000000 
50.000000 38.480203 27.919050 19.036505 12.173935 7.294682 4.094964 2.154679 1.063743 0.493398 0.215353 0.088603 0.034425 0.012654 0.004409 0.001459 0.000460 0.000138 0.000040 0.000011 0.000004 0.000001 0.000001 0.000001 0.000001 0.000001 0.000001 0.000001 0.000001 0.000001 0.000001 0.000001 0.000001 0.000001 0.000001 0.000001 0.000001 0.000001 0.000001 0.000001 0.000001 0.000001 0.000001 0.000001 0.000001 0.000001 0.000000 0.000000 0.000000 0.000000 
50.000000 38.480204 27.919051 19.036506 12.173937 7.294684 4.094966 2.154681 1.063745 0.493400 0.215355 0.088605 0.034427 0.012656 0.004411 0.001461 0.000462 0.000140 0.000042 0.000014 0.000006 0.000004 0.000003 0.000003 0.000003 0.000003 0.000003 0.000003 0.000003 0.000003 0.000003 0.000003 0.000003 0.000003 0.000003 0.000003 0.000003 0.000003 0.000003 0.000003 0.000003 0.000003 0.000003 0.000003 0.000002 0.000002 0.000002 0.000001 0.000001 0.000000 
50.000000 38.480205 27.919055 19.036511 12.173943 7.294691 4.094973 2.154688 1.063753 0.493408 0.215363 0.088613 0.034435 0.012664 0.004419 0.001469 0.000470 0.000148 0.000050 0.000022 0.000014 0.000011 0.000011 0.000011 0.000011 0.000011 0.000011 0.000011 0.000011 0.000011 0.000011 0.000011 0.000011 0.000011 0.000011 0.000011 0.000011 0.000011 0.000011 0.000011 0.000011 0.000011 0.000010 0.000010 0.000009 0.000008 0.000007 0.000005 0.000003 0.000000 
50.000000 38.480212 27.919068 19.036529 12.173965 7.294715 4.094999 2.154716 1.063781 0.493436 0.215392 0.088642 0.034464 0.012693 0.004448 0.001498 0.000498 0.000177 0.000079 0.000050 0.000042 0.000040 0.000040 0.000039 0.000039 0.000039 0.000039 0.000039 0.000039 0.000039 0.000039 0.000039 0.000039 0.000039 0.000039 0.000039 0.000039 0.000039 0.000039 0.000039 0.000039 0.000039 0.000038 0.000037 0.000034 0.000031 0.000025 0.000018 0.000010 0.000000 
50.000000 38.480235 27.919111 19.036590 12.174039 7.294799 4.095090 2.154810 1.063877 0.493533 0.215489 0.088740 0.034562 0.012791 0.004546 0.001596 0.000596 0.000275 0.000177 0.000148 0.000140 0.000138 0.000138 0.000138 0.000138 0.000138 0.000138 0.000138 0.000138 0.000138 0.000138 0.000138 0.000138 0.000138 0.000138 0.000138 0.000138 0.000137 0.000137 0.000137 0.000137 0.000135 0.000133 0.000128 0.000120 0.000108 0.000089 0.000064 0.000034 0.000000 
50.000000 38.480309 27.919254 19.036790 12.174283 7.295075 4.095385 2.155118 1.064192 0.493852 0.215809 0.089060 0.034883 0.013112 0.004867 0.001917 0.000918 0.000596 0.000498 0.000470 0.000462 0.000460 0.000459 0.000459 0.000459 0.000459 0.000459 0.000459 0.000459 0.000459 0.000459 0.000459 0.000459 0.000459 0.000459 0.000459 0.000459 0.000459 0.000458 0.000458 0.000456 0.000452 0.000444 0.000429 0.000402 0.000360 0.000298 0.000214 0.000113 0.000000 
50.000000 38.480541 27.919698 19.037412 12.175042 7.295931 4.096305 2.156075 1.065171 0.494842 0.216805 0.090058 0.035882 0.014112 0.005866 0.002916 0.001917 0.001596 0.001498 0.001469 0.001461 0.001459 0.001458 0.001458 0.001458 0.001458 0.001458 0.001458 0.001458 0.001458 0.001458 0.001458 0.001458 0.001458 0.001458 0.001458 0.001458 0.001458 0.001457 0.001454 0.001449 0.001437 0.001412 0.001364 0.001281 0.001147 0.000950 0.000684 0.000359 0.000000 
50.000000 38.481225 27.921007 19.039247 12.177282 7.298457 4.099018 2.158902 1.068060 0.497764 0.219743 0.093003 0.038830 0.017061 0.008816 0.005866 0.004867 0.004546 0.004448 0.004419 0.004411 0.004409 0.004409 0.004408 0.004408 0.004408 0.004408 0.004408 0.004408 0.004408 0.004408 0.004408 0.004408 0.004408 0.004408 0.004408 0.004408 0.004407 0.004404 0.004397 0.004381 0.004344 0.004270 0.004129 0.003881 0.003479 0.002883 0.002078 0.001092 0.000000 
50.000000 38.483134 27.924665 19.044372 12.183539 7.305515 4.106600 2.166800 1.076135 0.505930 0.227954 0.101235 0.047070 0.025304 0.017061 0.014112 0.013112 0.012791 0.012693 0.012664 0.012656 0.012654 0.012654 0.012654 0.012654 0.012654 0.012654 0.012654 0.012654 0.012654 0.012654 0.012654 0.012654 0.012654 0.012653 0.012653 0.012652 0.012649 0.012642 0.012622 0.012577 0.012476 0.012268 0.011870 0.011166 0.010021 0.008315 0.006002 0.003157 0.000000 
50.000000 38.488171 27.934316 19.057899 12.200053 7.324147 4.126616 2.187651 1.097454 0.527493 0.249634 0.122969 0.068827 0.047070 0.038830 0.035882 0.034883 0.034562 0.034464 0.034435 0.034427 0.034425 0.034425 0.034425 0.034425 0.034425 0.034425 0.034425 0.034425 0.034425 0.034425 0.034425 0.034424 0.034424 0.034424 0.034423 0.034421 0.034413 0.034393 0.034343 0.034224 0.033959 0.033409 0.032350 0.030466 0.027381 0.022757 0.016451 0.008664 0.000000 
50.000000 38.500698 27.958321 19.091545 12.241133 7.370500 4.176415 2.239534 1.150504 0.581150 0.303586 0.177054 0.122969 0.101235 0.093003 0.090058 0.089060 0.088740 0.088642 0.088613 0.088605 0.088603 0.088603 0.088602 0.088602 0.088602 0.088602 0.088602 0.088602 0.088602 0.088602 0.088602 0.088602 0.088602 0.088601 0.088599 0.088593 0.088575 0.088527 0.088404 0.088111 0.087456 0.086090 0.083440 0.078689 0.070846 0.059001 0.042733 0.022538 0.000000 
50.000000 38.529990 28.014452 19.170224 12.337205 7.478912 4.292901 2.360900 1.274605 0.706676 0.429804 0.303586 0.249634 0.227954 0.219743 0.216805 0.215809 0.215489 0.215392 0.215363 0.215355 0.215353 0.215353 0.215352 0.215352 0.215352 0.215352 0.215352 0.215352 0.215352 0.215352 0.215352 0.215352 0.215352 0.215350 0.215346 0.215332 0.215291 0.215182 0.214902 0.214230 0.212717 0.209537 0.203318 0.192062 0.173304 0.144701 0.105067 0.055518 0.000000 
50.000000 38.594209 28.137519 19.342743 12.547879 7.716670 4.548381 2.627103 1.546820 0.982025 0.706676 0.581150 0.527493 0.505930 0.497764 0.494842 0.493852 0.493533 0.493436 0.493408 0.493400 0.493398 0.493397 0.493397 0.493397 0.493397 0.493397 0.493397 0.493397 0.493397 0.493397 0.493397 0.493397 0.493396 0.493393 0.493383 0.493354 0.493269 0.493038 0.492446 0.491012 0.487760 0.480859 0.467229 0.442282 0.400210 0.335273 0.244253 0.129395 0.000000 
50.000000 38.725871 28.389845 19.696482 12.979889 8.204254 5.072353 3.173096 2.105170 1.546820 1.274605 1.150504 1.097454 1.076135 1.068060 1.065171 1.064192 1.063877 1.063781 1.063753 1.063745 1.063743 1.063743 1.063742 1.063742 1.063742 1.063742 1.063742 1.063742 1.063742 1.063742 1.063742 1.063742 1.063740 1.063734 1.063716 1.063659 1.063495 1.063047 1.061888 1.059060 1.052585 1.038702 1.010947 0.959454 0.871317 0.733148 0.536534 0.285251 0.000000 
50.000000 38.977588 28.872271 20.372845 13.805970 9.136678 6.074427 4.217347 3.173096 2.627103 2.360900 2.239534 2.187651 2.166800 2.158902 2.156075 2.155118 2.154810 2.154716 2.154688 2.154681 2.154679 2.154678 2.154678 2.154678 2.154678 2.154678 2.154678 2.154678 2.154678 2.154678 2.154678 2.154677 2.154674 2.154664 2.154631 2.154532 2.154242 2.153444 2.151363 2.146244 2.134395 2.108674 2.056506 1.958107 1.786528 1.512093 1.113586 0.595131 0.000000 
50.000000 39.425084 29.729947 21.575379 15.274793 10.794696 7.856410 6.074427 5.072353 4.548381 4.292901 4.176415 4.126616 4.106600 4.099018 4.096305 4.095385 4.095090 4.094999 4.094973 4.094966 4.094964 4.094963 4.094963 4.094963 4.094963 4.094963 4.094963 4.094963 4.094963 4.094963 4.094963 4.094961 4.094957 4.094941 4.094889 4.094730 4.094265 4.092975 4.089583 4.081153 4.061406 4.017921 3.928205 3.755537 3.447335 2.941280 2.185834 1.177467 0.000000 
50.000000 40.162760 31.143832 23.557866 17.696428 13.528426 10.794696 9.136678 8.204254 7.716670 7.478912 7.370500 7.324147 7.305515 7.298457 7.295931 7.295075 7.294799 7.294715 7.294691 7.294684 7.294682 7.294682 7.294682 7.294682 7.294682 7.294682 7.294682 7.294681 7.294681 7.294681 7.294681 7.294679 7.294672 7.294650 7.294576 7.294349 7.293681 7.291811 7.286850 7.274388 7.244801 7.178570 7.039159 6.764213 6.258806 5.399813 4.067212 2.219084 0.000000 
50.000000 41.287263 33.299203 26.580163 21.388396 17.696428 15.274793 13.805970 12.979889 12.547879 12.337205 12.241133 12.200053 12.183539 12.177282 12.175042 12.174283 12.174039 12.173965 12.173943 12.173937 12.173935 12.173935 12.173935 12.173935 12.173935 12.173935 12.173935 12.173935 12.173935 12.173934 12.173934 12.173931 12.173923 12.173895 12.173803 12.173518 12.172672 12.170287 12.163900 12.147669 12.108572 12.019442 11.827458 11.437621 10.694198 9.371764 7.205602 4.018482 0.000000 
50.000000 42.868413 36.329918 30.830034 26.580163 23.557866 21.575379 20.372845 19.696482 19.342743 19.170224 19.091545 19.057899 19.044372 19.039247 19.037412 19.036790 19.036590 19.036529 19.036511 19.036506 19.036505 19.036505 19.036504 19.036504 19.036504 19.036504 19.036504 19.036504 19.036504 19.036504 19.036504 19.036501 19.036492 19.036462 19.036364 19.036057 19.035142 19.032544 19.025523 19.007470 18.963334 18.860752 18.634099 18.158053 17.208399 15.415017 12.240292 7.105891 0.000000 
50.000000 44.914531 40.251945 36.329918 33.299203 31.143832 29.729947 28.872271 28.389845 28.137519 28.014452 27.958321 27.934316 27.924665 27.921007 27.919698 27.919254 27.919111 27.919068 27.919055 27.919051 27.919050 27.919050 27.919050 27.919050 27.919050 27.919050 27.919050 27.919050 27.919050 27.919050 27.919049 27.919047 27.919040 27.919014 27.918929 27.918663 27.917866 27.915589 27.909385 27.893267 27.853310 27.758685 27.544113 27.076621 26.093602 24.089625 20.125973 12.629757 0.000000 
50.000000 47.346966 44.914531 42.868413 41.287263 40.162760 39.425084 38.977588 38.725871 38.594209 38.529990 38.500698 38.488171 38.483134 38.481225 38.480541 38.480309 38.480235 38.480212 38.480205 38.480204 38.480203 38.480203 38.480203 38.480203 38.480203 38.480203 38.480203 38.480203 38.480203 38.480203 38.480203 38.480201 38.480197 38.480182 38.480132 38.479976 38.479507 38.478161 38.474472 38.464814 38.440620 38.382457 38.247617 37.943677 37.268781 35.762522 32.284773 23.673483 0.000000 
50.000000 50.000000 50.000000 50.000000 50.000000 50.000000 50.000000 50.000000 50.000000 50.000000 50.000000 50.000000 50.000000 50.000000 50.000000 50.000000 50.000000 50.000000 50.000000 50.000000 50.000000 50.000000 50.000000 50.000000 50.000000 50.000000 50.000000 50.000000 50.000000 50.000000 50.000000 50.000000 50.000000 50.000000 50.000000 50.000000 50.000000 50.000000 50.000000 50.000000 50.000000 50.000000 50.000000 50.000000 50.000000 50.000000 50.000000 50.000000 50.000000 50.000000 
