50.000000 50.000000 50.000000 50.000000 50.000000 50.000000 50.000000 50.000000 50.000000 50.000000 50.000000 50.000000 50.000000 50.000000 50.000000 50.000000 50.000000 50.000000 50.000000 50.000000 50.000000 50.000000 50.000000 50.000000 50.000000 50.000000 50.000000 50.000000 50.000000 50.000000 50.000000 50.000000 50.000000 50.000000 50.000000 50.000000 50.000000 50.000000 50.000000 50.000000 50.000000 50.000000 50.000000 50.000000 50.000000 50.000000 50.000000 50.000000 50.000000 50.000000 
50.000000 46.670466 43.688069 41.291783 39.560201 38.430863 37.763303 37.404057 37.227241 37.147286 37.113924 37.101025 37.096386 37.094829 37.094339 37.094194 37.094154 37.094143 37.094141 37.094140 37.094140 37.094140 37.094140 37.094140 37.094140 37.094140 37.094140 37.094140 37.094140 37.094140 37.094140 37.094140 37.094140 37.094139 37.094137 37.094128 37.094093 37.093969 37.093543 37.092168 37.087951 37.075698 37.041906 36.953126 36.729489 36.183224 34.865544 31.639942 23.335233 0.000000 
50.000000 43.688069 38.034292 33.491731 30.209347 28.068677 26.803383 26.122510 25.787418 25.635904 25.572688 25.548249 25.539460 25.536510 25.535582 25.535308 25.535232 25.535212 25.535207 25.535206 25.535205 25.535205 25.535205 25.535205 25.535205 25.535205 25.535205 25.535205 25.535205 25.535205 25.535205 25.535205 25.535205 25.535204 25.535200 25.535185 25.535129 25.534926 25.534236 25.532017 25.525268 25.505872 25.453195 25.317887 24.988557 24.226807 22.547174 19.017146 12.048127 0.000000 
50.000000 41.291783 33.491731 27.224962 22.696932 19.744093 17.998887 17.059856 16.597758 16.388841 16.301685 16.267995 16.255882 16.251816 16.250538 16.250160 16.250055 16.250027 16.250020 16.250019 16.250018 16.250018 16.250018 16.250018 16.250018 16.250018 16.250018 16.250018 16.250018 16.250018 16.250018 16.250018 16.250018 16.250017 16.250013 16.249997 16.249936 16.249717 16.248981 16.246629 16.239553 16.219491 16.166008 16.032094 15.717645 15.026713 13.612481 10.944557 6.426240 0.000000 
50.000000 39.560201 30.209347 22.696932 17.269193 13.729902 11.638282 10.512975 9.959275 9.708976 9.604570 9.564218 9.549712 9.544843 9.543313 9.542861 9.542735 9.542702 9.542694 9.542692 9.542691 9.542691 9.542691 9.542691 9.542691 9.542691 9.542691 9.542691 9.542691 9.542691 9.542691 9.542691 9.542691 9.542690 9.542687 9.542673 9.542621 9.542436 9.541816 9.539855 9.534019 9.517709 9.475026 9.370727 9.133609 8.634596 7.670219 5.982540 3.376977 0.000000 
50.000000 38.430863 28.068677 19.744093 13.729902 9.808490 7.491249 6.244681 5.631384 5.354176 5.238562 5.193884 5.177824 5.172435 5.170741 5.170241 5.170102 5.170065 5.170056 5.170054 5.170053 5.170053 5.170053 5.170053 5.170053 5.170053 5.170053 5.170053 5.170053 5.170053 5.170053 5.170053 5.170053 5.170052 5.170050 5.170040 5.170003 5.169871 5.169434 5.168063 5.164024 5.152891 5.124247 5.055751 4.904245 4.596294 4.026448 3.080121 1.701374 0.000000 
50.000000 37.763303 26.803383 17.998887 11.638282 7.491249 5.040862 3.722776 3.074352 2.781296 2.659085 2.611863 2.594891 2.589196 2.587407 2.586878 2.586731 2.586692 2.586683 2.586680 2.586680 2.586680 2.586680 2.586680 2.586680 2.586680 2.586680 2.586680 2.586680 2.586680 2.586680 2.586680 2.586680 2.586679 2.586678 2.586672 2.586648 2.586568 2.586300 2.585469 2.583045 2.576442 2.559710 2.520431 2.435498 2.267555 1.966793 1.485496 0.810177 0.000000 
50.000000 37.404057 26.122510 17.059856 10.512975 6.244681 3.722776 2.366302 1.699037 1.397488 1.271744 1.223161 1.205701 1.199844 1.198003 1.197459 1.197308 1.197268 1.197258 1.197256 1.197256 1.197255 1.197255 1.197255 1.197255 1.197255 1.197255 1.197255 1.197255 1.197255 1.197255 1.197255 1.197255 1.197255 1.197254 1.197251 1.197238 1.197194 1.197050 1.196604 1.195315 1.191841 1.183151 1.163066 1.120434 1.037949 0.893848 0.669315 0.362151 0.000000 
50.000000 37.227241 25.787418 16.597758 9.959275 5.631384 3.074352 1.699037 1.022533 0.716822 0.589349 0.540101 0.522403 0.516466 0.514600 0.514049 0.513896 0.513855 0.513845 0.513843 0.513843 0.513842 0.513842 0.513842 0.513842 0.513842 0.513842 0.513842 0.513842 0.513842 0.513842 0.513842 0.513842 0.513842 0.513842 0.513840 0.513834 0.513813 0.513743 0.513528 0.512911 0.511267 0.507196 0.497910 0.478493 0.441566 0.378267 0.281545 0.151543 0.000000 
50.000000 37.147286 25.635904 16.388841 9.708976 5.354176 2.781296 1.397488 0.716822 0.409240 0.280989 0.231442 0.213637 0.207664 0.205787 0.205233 0.205079 0.205038 0.205028 0.205026 0.205025 0.205025 0.205025 0.205025 0.205025 0.205025 0.205025 0.205025 0.205025 0.205025 0.205025 0.205025 0.205025 0.205025 0.205025 0.205024 0.205022 0.205012 0.204981 0.204887 0.204620 0.203911 0.202174 0.198252 0.190152 0.174957 0.149288 0.110635 0.059335 0.000000 
50.000000 37.113924 25.572688 16.301685 9.604570 5.238562 2.659085 1.271744 0.589349 0.280989 0.152417 0.102745 0.084896 0.078909 0.077027 0.076472 0.076317 0.076277 0.076267 0.076264 0.076264 0.076264 0.076264 0.076264 0.076264 0.076264 0.076264 0.076264 0.076264 0.076264 0.076264 0.076264 0.076264 0.076264 0.076264 0.076263 0.076262 0.076258 0.076246 0.076208 0.076102 0.075822 0.075140 0.073616 0.070499 0.064715 0.055056 0.040671 0.021756 0.000000 
50.000000 37.101025 25.548249 16.267995 9.564218 5.193884 2.611863 1.223161 0.540101 0.231442 0.102745 0.053027 0.035161 0.029168 0.027284 0.026729 0.026574 0.026533 0.026523 0.026521 0.026520 0.026520 0.026520 0.026520 0.026520 0.026520 0.026520 0.026520 0.026520 0.026520 0.026520 0.026520 0.026520 0.026520 0.026520 0.026520 0.026519 0.026518 0.026513 0.026500 0.026460 0.026358 0.026111 0.025562 0.024450 0.022403 0.019015 0.014013 0.007482 0.000000 
50.000000 37.096386 25.539460 16.255882 9.549712 5.177824 2.594891 1.205701 0.522403 0.213637 0.084896 0.035161 0.017289 0.011294 0.009410 0.008854 0.008699 0.008658 0.008648 0.008646 0.008645 0.008645 0.008645 0.008645 0.008645 0.008645 0.008645 0.008645 0.008645 0.008645 0.008645 0.008645 0.008645 0.008645 0.008645 0.008645 0.008645 0.008644 0.008643 0.008638 0.008625 0.008590 0.008507 0.008323 0.007953 0.007276 0.006165 0.004535 0.002418 0.000000 
50.000000 37.094829 25.536510 16.251816 9.544843 5.172435 2.589196 1.199844 0.516466 0.207664 0.078909 0.029168 0.011294 0.005298 0.003414 0.002858 0.002703 0.002662 0.002652 0.002650 0.002649 0.002649 0.002649 0.002649 0.002649 0.002649 0.002649 0.002649 0.002649 0.002649 0.002649 0.002649 0.002649 0.002649 0.002649 0.002649 0.002649 0.002649 0.002648 0.002647 0.002642 0.002631 0.002605 0.002548 0.002432 0.002223 0.001881 0.001381 0.000736 0.000000 
50.000000 37.094339 25.535582 16.250538 9.543313 5.170741 2.587407 1.198003 0.514600 0.205787 0.077027 0.027284 0.009410 0.003414 0.001530 0.000973 0.000819 0.000778 0.000768 0.000766 0.000765 0.000765 0.000765 0.000765 0.000765 0.000765 0.000765 0.000765 0.000765 0.000765 0.000765 0.000765 0.000765 0.000765 0.000765 0.000765 0.000765 0.000765 0.000765 0.000764 0.000763 0.000760 0.000752 0.000735 0.000701 0.000640 0.000541 0.000397 0.000211 0.000000 
50.000000 37.094194 25.535308 16.250160 9.542861 5.170241 2.586878 1.197459 0.514049 0.205233 0.076472 0.026729 0.008854 0.002858 0.000973 0.000417 0.000262 0.000222 0.000212 0.000209 0.000209 0.000209 0.000209 0.000209 0.000209 0.000209 0.000209 0.000209 0.000209 0.000209 0.000209 0.000209 0.000209 0.000209 0.000209 0.000209 0.000209 0.000209 0.000209 0.000208 0.000208 0.000207 0.000205 0.000200 0.000191 0.000174 0.000147 0.000108 0.000057 0.000000 
50.000000 37.094154 25.535232 16.250055 9.542735 5.170102 2.586731 1.197308 0.513896 0.205079 0.076317 0.026574 0.008699 0.002703 0.000819 0.000262 0.000108 0.000067 0.000057 0.000055 0.000054 0.000054 0.000054 0.000054 0.000054 0.000054 0.000054 0.000054 0.000054 0.000054 0.000054 0.000054 0.000054 0.000054 0.000054 0.000054 0.000054 0.000054 0.000054 0.000054 0.000054 0.000053 0.000053 0.000052 0.000049 0.000045 0.000038 0.000028 0.000015 0.000000 
50.000000 37.094143 25.535212 16.250027 9.542702 5.170065 2.586692 1.197268 0.513855 0.205038 0.076277 0.026533 0.008658 0.002662 0.000778 0.000222 0.000067 0.000026 0.000016 0.000014 0.000013 0.000013 0.000013 0.000013 0.000013 0.000013 0.000013 0.000013 0.000013 0.000013 0.000013 0.000013 0.000013 0.000013 0.000013 0.000013 0.000013 0.000013 0.000013 0.000013 0.000013 0.000013 0.000013 0.000013 0.000012 0.000011 0.000009 0.000007 0.000004 0.000000 
50.000000 37.094141 25.535207 16.250020 9.542694 5.170056 2.586683 1.197258 0.513845 0.205028 0.076267 0.026523 0.008648 0.002652 0.000768 0.000212 0.000057 0.000016 0.000006 0.000004 0.000003 0.000003 0.000003 0.000003 0.000003 0.000003 0.000003 0.000003 0.000003 0.000003 0.000003 0.000003 0.000003 0.000003 0.000003 0.000003 0.000003 0.000003 0.000003 0.000003 0.000003 0.000003 0.000003 0.000003 0.000003 0.000003 0.000002 0.000002 0.000001 0.000000 
50.000000 37.094140 25.535206 16.250019 9.542692 5.170054 2.586680 1.197256 0.513843 0.205026 0.076264 0.026521 0.008646 0.002650 0.000766 0.000209 0.000055 0.000014 0.000004 0.000001 0.000001 0.000001 0.000001 0.000001 0.000001 0.000001 0.000001 0.000001 0.000001 0.000001 0.000001 0.000001 0.000001 0.000001 0.000001 0.000001 0.000001 0.000001 0.000001 0.000001 0.000001 0.000001 0.000001 0.000001 0.000001 0.000001 0.000000 0.000000 0.000000 0.000000 
50.000000 37.094140 25.535205 16.250018 9.542691 5.170053 2.586680 1.197256 0.513843 0.205025 0.076264 0.026520 0.008645 0.002649 0.000765 0.000209 0.000054 0.000013 0.000003 0.000001 0.000000 0.000000 0.000000 0.000000 0.000000 0.000000 0.000000 0.000000 0.000000 0.000000 0.000000 0.000000 0.000000 0.000000 0.000000 0.000000 0.000000 0.000000 0.000000 0.000000 0.000000 0.000000 0.000000 0.000000 0.000000 0.000000 0.000000 0.000000 0.000000 0.000000 
50.000000 37.094140 25.535205 16.250018 9.542691 5.170053 2.586680 1.197255 0.513842 0.205025 0.076264 0.026520 0.008645 0.002649 0.000765 0.000209 0.000054 0.000013 0.000003 0.000001 0.000000 0.000000 0.000000 0.000000 0.000000 0.000000 0.000000 0.000000 0.000000 0.000000 0.000000 0.000000 0.000000 0.000000 0.000000 0.000000 0.000000 0.000000 0.000000 0.000000 0.000000 0.000000 0.000000 0.000000 0.000000 0.000000 0.000000 0.000000 0.000000 0.000000 
50.000000 37.094140 25.535205 16.250018 9.542691 5.170053 2.586680 1.197255 0.513842 0.205025 0.076264 0.026520 0.008645 0.002649 0.000765 0.000209 0.000054 0.000013 0.000003 0.000001 0.000000 0.000000 0.000000 0.000000 0.000000 0.000000 0.000000 0.000000 0.000000 0.000000 0.000000 0.000000 0.000000 0.000000 0.000000 0.000000 0.000000 0.000000 0.000000 0.000000 0.000000 0.000000 0.000000 0.000000 0.000000 0.000000 0.000000 0.000000 0.000000 0.000000 
50.000000 37.094140 25.535205 16.250018 9.542691 5.170053 2.586680 1.197255 0.513842 0.205025 0.076264 0.026520 0.008645 0.002649 0.000765 0.000209 0.000054 0.000013 0.000003 0.000001 0.000000 0.000000 0.000000 0.000000 0.000000 0.000000 0.000000 0.000000 0.000000 0.000000 0.000000 0.000000 0.000000 0.000000 0.000000 0.000000 0.000000 0.000000 0.000000 0.000000 0.000000 0.000000 0.000000 0.000000 0.000000 0.000000 0.000000 0.000000 0.000000 0.000000 
50.000000 37.094140 25.535205 16.250018 9.542691 5.170053 2.586680 1.197255 0.513842 0.205025 0.076264 0.026520 0.008645 0.002649 0.000765 0.000209 0.000054 0.000013 0.000003 0.000001 0.000000 0.000000 0.000000 0.000000 0.000000 0.000000 0.000000 0.000000 0.000000 0.000000 0.000000 0.000000 0.000000 0.000000 0.000000 0.000000 0.000000 0.000000 0.000000 0.000000 0.000000 0.000000 0.000000 0.000000 0.000000 0.000000 0.000000 0.000000 0.000000 0.000000 
50.000000 37.094140 25.535205 16.250018 9.542691 5.170053 2.586680 1.197255 0.513842 0.205025 0.076264 0.026520 0.008645 0.002649 0.000765 0.000209 0.000054 0.000013 0.000003 0.000001 0.000000 0.000000 0.000000 0.000000 0.000000 0.000000 0.000000 0.000000 0.000000 0.000000 0.000000 0.000000 0.000000 0.000000 0.000000 0.000000 0.000000 0.000000 0.000000 0.000000 0.000000 0.000000 0.000000 0.000000 0.000000 0.000000 0.000000 0.000000 0.000000 0.000000 
50.000000 37.094140 25.535205 16.250018 9.542691 5.170053 2.586680 1.197255 0.513842 0.205025 0.076264 0.026520 0.008645 0.002649 0.000765 0.000209 0.000054 0.000013 0.000003 0.000001 0.000000 0.000000 0.000000 0.000000 0.000000 0.000000 0.000000 0.000000 0.000000 0.000000 0.000000 0.000000 0.000000 0.000000 0.000000 0.000000 0.000000 0.000000 0.000000 0.000000 0.000000 0.000000 0.000000 0.000000 0.000000 0.000000 0.000000 0.000000 0.000000 0.000000 
50.000000 37.094140 25.535205 16.250018 9.542691 5.170053 2.586680 1.197255 0.513842 0.205025 0.076264 0.026520 0.008645 0.002649 0.000765 0.000209 0.000054 0.000013 0.000003 0.000001 0.000000 0.000000 0.000000 0.000000 0.000000 0.000000 0.000000 0.000000 0.000000 0.000000 0.000000 0.000000 0.000000 0.000000 0.000000 0.000000 0.000000 0.000000 0.000000 0.000000 0.000000 0.000000 0.000000 0.000000 0.000000 0.000000 0.000000 0.000000 0.000000 0.000000 
50.000000 37.094140 25.535205 16.250018 9.542691 5.170053 2.586680 1.197255 0.513842 0.205025 0.076264 0.026520 0.008645 0.002649 0.000765 0.000209 0.000054 0.000013 0.000003 0.000001 0.000000 0.000000 0.000000 0.000000 0.000000 0.000000 0.000000 0.000000 0.000000 0.000000 0.000000 0.000000 0.000000 0.000000 0.000000 0.000000 0.000000 0.000000 0.000000 0.000000 0.000000 0.000000 0.000000 0.000000 0.000000 0.000000 0.000000 0.000000 0.000000 0.000000 
50.000000 37.094140 25.535205 16.250018 9.542691 5.170053 2.586680 1.197256 0.513843 0.205025 0.076264 0.026520 0.008645 0.002649 0.000765 0.000209 0.000054 0.000013 0.000003 0.000001 0.000000 0.000000 0.000000 0.000000 0.000000 0.000000 0.000000 0.000000 0.000000 0.000000 0.000000 0.000000 0.000000 0.000000 0.000000 0.000000 0.000000 0.000000 0.000000 0.000000 0.000000 0.000000 0.000000 0.000000 0.000000 0.000000 0.000000 0.000000 0.000000 0.000000 
50.000000 37.094140 25.535206 16.250019 9.542692 5.170054 2.586680 1.197256 0.513843 0.205026 0.076264 0.026521 0.008646 0.002650 0.000766 0.000209 0.000055 0.000014 0.000004 0.000001 0.000001 0.000001 0.000001 0.000001 0.000001 0.000001 0.000001 0.000001 0.000001 0.000001 0.000001 0.000001 0.000001 0.000001 0.000001 0.000001 0.000001 0.000001 0.000001 0.000001 0.000001 0.000001 0.000001 0.000001 0.000001 0.000001 0.000000 0.000000 0.000000 0.000000 
50.000000 37.094141 25.535207 16.250020 9.542694 5.170056 2.586683 1.197258 0.513845 0.205028 0.076267 0.026523 0.008648 0.002652 0.000768 0.000212 0.000057 0.000016 0.000006 0.000004 0.000003 0.000003 0.000003 0.000003 0.000003 0.000003 0.000003 0.000003 0.000003 0.000003 0.000003 0.000003 0.000003 0.000003 0.000003 0.000003 0.000003 0.000003 0.000003 0.000003 0.000003 0.000003 0.000003 0.000003 0.000003 0.000003 0.000002 0.000002 0.000001 0.000000 
50.000000 37.094143 25.535212 16.250027 9.542702 5.170065 2.586692 1.197268 0.513855 0.205038 0.076277 0.026533 0.008658 0.002662 0.000778 0.000222 0.000067 0.000026 0.000016 0.000014 0.000013 0.000013 0.000013 0.000013 0.000013 0.000013 0.000013 0.000013 0.000013 0.000013 0.000013 0.000013 0.000013 0.000013 0.000013 0.000013 0.000013 0.000013 0.000013 0.000013 0.000013 0.000013 0.000013 0.000013 0.000012 0.000011 0.000009 0.000007 0.000004 0.000000 
50.000000 37.094154 25.535232 16.250055 9.542735 5.170102 2.586731 1.197308 0.513896 0.205079 0.076317 0.026574 0.008699 0.002703 0.000819 0.000262 0.000108 0.000067 0.000057 0.000055 0.000054 0.000054 0.000054 0.000054 0.000054 0.000054 0.000054 0.000054 0.000054 0.000054 0.000054 0.000054 0.000054 0.000054 0.000054 0.000054 0.000054 0.000054 0.000054 0.000054 0.000054 0.000053 0.000053 0.000052 0.000049 0.000045 0.000038 0.000028 0.000015 0.000000 
50.000000 37.094194 25.535308 16.250160 9.542861 5.170241 2.586878 1.197459 0.514049 0.205233 0.076472 0.026729 0.008854 0.002858 0.000973 0.000417 0.000262 0.000222 0.000212 0.000209 0.000209 0.000209 0.000209 0.000209 0.000209 0.000209 0.000209 0.000209 0.000209 0.000209 0.000209 0.000209 0.000209 0.000209 0.000209 0.000209 0.000209 0.000209 0.000209 0.000208 0.000208 0.000207 0.000205 0.000200 0.000191 0.000174 0.000147 0.000108 0.000057 0.000000 
50.000000 37.094339 25.535582 16.250538 9.543313 5.170741 2.587407 1.198003 0.514600 0.205787 0.077027 0.027284 0.009410 0.003414 0.001530 0.000973 0.000819 0.000778 0.000768 0.000766 0.000765 0.000765 0.000765 0.000765 0.000765 0.000765 0.000765 0.000765 0.000765 0.000765 0.000765 0.000765 0.000765 0.000765 0.000765 0.000765 0.000765 0.000765 0.000765 0.000764 0.000763 0.000760 0.000752 0.000735 0.000701 0.000640 0.000541 0.000397 0.000211 0.000000 
50.000000 37.094829 25.536510 16.251816 9.544843 5.172435 2.589196 1.199844 0.516466 0.207664 0.078909 0.029168 0.011294 0.005298 0.003414 0.002858 0.002703 0.002662 0.002652 0.002650 0.002649 0.002649 0.002649 0.002649 0.002649 0.002649 0.002649 0.002649 0.002649 0.002649 0.002649 0.002649 0.002649 0.002649 0.002649 0.002649 0.002649 0.002649 0.002648 0.002647 0.002642 0.002631 0.002605 0.002548 0.002432 0.002223 0.001881 0.001381 0.000736 0.000000 
50.000000 37.096386 25.539460 16.255882 9.549712 5.177824 2.594891 1.205701 0.522403 0.213637 0.084896 0.035161 0.017289 0.011294 0.009410 0.008854 0.008699 0.008658 0.008648 0.008646 0.008645 0.008645 0.008645 0.008645 0.008645 0.008645 0.008645 0.008645 0.008645 0.008645 0.008645 0.008645 0.008645 0.008645 0.008645 0.008645 0.008645 0.008644 0.008643 0.008638 0.008625 0.008590 0.008507 0.008323 0.007953 0.007276 0.006165 0.004535 0.002418 0.000000 
50.000000 37.101025 25.548249 16.267995 9.564218 5.193884 2.611863 1.223161 0.540101 0.231442 0.102745 0.053027 0.035161 0.029168 0.027284 0.026729 0.026574 0.026533 0.026523 0.026521 0.026520 0.026520 0.026520 0.026520 0.026520 0.026520 0.026520 0.026520 0.026520 0.026520 0.026520 0.026520 0.026520 0.026520 0.026520 0.026520 0.026519 0.026518 0.026513 0.026500 0.026460 0.026358 0.026111 0.025562 0.024450 0.022403 0.019015 0.014013 0.007482 0.000000 
50.000000 37.113924 25.572688 16.301685 9.604570 5.238562 2.659085 1.271744 0.589349 0.280989 0.152417 0.102745 0.084896 0.078909 0.077027 0.076472 0.076317 0.076277 0.076267 0.076264 0.076264 0.076264 0.076264 0.076264 0.076264 0.076264 0.076264 0.076264 0.076264 0.076264 0.076264 0.076264 0.076264 0.076264 0.076264 0.076263 0.076262 0.076258 0.076246 0.076208 0.076102 0.075822 0.075140 0.073616 0.070499 0.064715 0.055056 0.040671 0.021756 0.000000 
50.000000 37.147286 25.635904 16.388841 9.708976 5.354176 2.781296 1.397488 0.716822 0.409240 0.280989 0.231442 0.213637 0.207664 0.205787 0.205233 0.205079 0.205038 0.205028 0.205026 0.205025 0.205025 0.205025 0.205025 0.205025 0.205025 0.205025 0.205025 0.205025 0.205025 0.205025 0.205025 0.205025 0.205025 0.205025 0.205024 0.205022 0.205012 0.204981 0.204887 0.204620 0.203911 0.202174 0.198252 0.190152 0.174957 0.149288 0.110635 0.059335 0.000000 
50.000000 37.227241 25.787418 16.597758 9.959275 5.631384 3.074352 1.699037 1.022533 0.716822 0.589349 0.540101 0.522403 0.516466 0.514600 0.514049 0.513896 0.513855 0.513845 0.513843 0.513843 0.513842 0.513842 0.513842 0.513842 0.513842 0.513842 0.513842 0.513842 0.513842 0.513842 0.513842 0.513842 0.513842 0.513842 0.513840 0.513834 0.513813 0.513743 0.513528 0.512911 0.511267 0.507196 0.497910 0.478493 0.441566 0.378267 0.281545 0.151543 0.000000 
50.000000 37.404057 26.122510 17.059856 10.512975 6.244681 3.722776 2.366302 1.699037 1.397488 1.271744 1.223161 1.205701 1.199844 1.198003 1.197459 1.197308 1.197268 1.197258 1.197256 1.197256 1.197255 1.197255 1.197255 1.197255 1.197255 1.197255 1.197255 1.197255 1.197255 1.197255 1.197255 1.197255 1.197255 1.197254 1.197251 1.197238 1.197194 1.197050 1.196604 1.195315 1.191841 1.183151 1.163066 1.120434 1.037949 0.893848 0.669315 0.362151 0.000000 
50.000000 37.763303 26.803383 17.998887 11.638282 7.491249 5.040862 3.722776 3.074352 2.781296 2.659085 2.611863 2.594891 2.589196 2.587407 2.586878 2.586731 2.586692 2.586683 2.586680 2.586680 2.586680 2.586680 2.586680 2.586680 2.586680 2.586680 2.586680 2.586680 2.586680 2.586680 2.586680 2.586680 2.586679 2.586678 2.586672 2.586648 2.586568 2.586300 2.585469 2.583045 2.576442 2.559710 2.520431 2.435498 2.267555 1.966793 1.485496 0.810177 0.000000 
50.000000 38.430863 28.068677 19.744093 13.729902 9.808490 7.491249 6.244681 5.631384 5.354176 5.238562 5.193884 5.177824 5.172435 5.170741 5.170241 5.170102 5.170065 5.170056 5.170054 5.170053 5.170053 5.170053 5.170053 5.170053 5.170053 5.170053 5.170053 5.170053 5.170053 5.170053 5.170053 5.170053 5.170052 5.170050 5.170040 5.170003 5.169871 5.169434 5.168063 5.164024 5.152891 5.124247 5.055751 4.904245 4.596294 4.026448 3.080121 1.701374 0.000000 
50.000000 39.560201 30.209347 22.696932 17.269193 13.729902 11.638282 10.512975 9.959275 9.708976 9.604570 9.564218 9.549712 9.544843 9.543313 9.542861 9.542735 9.542702 9.542694 9.542692 9.542691 9.542691 9.542691 9.542691 9.542691 9.542691 9.542691 9.542691 9.542691 9.542691 9.542691 9.542691 9.542691 9.542690 9.542687 9.542673 9.542621 9.542436 9.541816 9.539855 9.534019 9.517709 9.475026 9.370727 9.133609 8.634596 7.670219 5.982540 3.376977 0.000000 
50.000000 41.291783 33.491731 27.224962 22.696932 19.744093 17.998887 17.059856 16.597758 16.388841 16.301685 16.267995 16.255882 16.251816 16.250538 16.250160 16.250055 16.250027 16.250020 16.250019 16.250018 16.250018 16.250018 16.250018 16.250018 16.250018 16.250018 16.250018 16.250018 16.250018 16.250018 16.250018 16.250018 16.250017 16.250013 16.249997 16.249936 16.249717 16.248981 16.246629 16.239553 16.219491 16.166008 16.032094 15.717645 15.026713 13.612481 10.944557 6.426240 0.000000 
50.000000 43.688069 38.034292 33.491731 30.209347 28.068677 26.803383 26.122510 25.787418 25.635904 25.572688 25.548249 25.539460 25.536510 25.535582 25.535308 25.535232 25.535212 25.535207 25.535206 25.535205 25.535205 25.535205 25.535205 25.535205 25.535205 25.535205 25.535205 25.535205 25.535205 25.535205 25.535205 25.535205 25.535204 25.535200 25.535185 25.535129 25.534926 25.534236 25.532017 25.525268 25.505872 25.453195 25.317887 24.988557 24.226807 22.547174 19.017146 12.048127 0.000000 
50.000000 46.670466 43.688069 41.291783 39.560201 38.430863 37.763303 37.404057 37.227241 37.147286 37.113924 37.101025 37.096386 37.094829 37.094339 37.094194 37.094154 37.094143 37.094141 37.094140 37.094140 37.094140 37.094140 37.094140 37.094140 37.094140 37.094140 37.094140 37.094140 37.094140 37.094140 37.094140 37.094140 37.094139 37.094137 37.094128 37.094093 37.093969 37.093543 37.092168 37.087951 37.075698 37.041906 36.953126 36.729489 36.183224 34.865544 31.639942 23.335233 0.000000 
50.000000 50.000000 50.000000 50.000000 50.000000 50.000000 50.000000 50.000000 50.000000 50.000000 50.000000 50.000000 50.000000 50.000000 50.000000 50.000000 50.000000 50.000000 50.000000 50.000000 50.000000 50.000000 50.000000 50.000000 50.000000 50.000000 50.000000 50.000000 50.000000 50.000000 50.000000 50.000000 50.000000 50.000000 50.000000 50.000000 50.000000 50.000000 50.000000 50.000000 50.000000 50.000000 50.000000 50.000000 50.000000 50.000000 50.000000 50.000000 50.000000 50.000000 
