50.000000 50.000000 50.000000 50.000000 50.000000 50.000000 50.000000 50.000000 50.000000 50.000000 50.000000 50.000000 50.000000 50.000000 50.000000 50.000000 50.000000 50.000000 50.000000 50.000000 50.000000 50.000000 50.000000 50.000000 50.000000 50.000000 50.000000 50.000000 50.000000 50.000000 50.000000 50.000000 50.000000 50.000000 50.000000 50.000000 50.000000 50.000000 50.000000 50.000000 50.000000 50.000000 50.000000 50.000000 50.000000 50.000000 50.000000 50.000000 50.000000 50.000000 
50.000000 48.265820 46.625989 45.159482 43.918687 42.924966 42.171160 41.629132 41.259356 41.019787 40.872231 40.785736 40.737427 40.711689 40.698593 40.692222 40.689255 40.687930 40.687363 40.687130 40.687038 40.687003 40.686990 40.686985 40.686984 40.686983 40.686983 40.686983 40.686982 40.686980 40.686975 40.686960 40.686919 40.686815 40.686555 40.685925 40.684451 40.681121 40.673831 40.658370 40.626529 40.562670 40.437386 40.195345 39.730251 38.827925 37.021076 33.172047 24.132910 0.000000 
50.000000 46.625989 43.435550 40.582336 38.168278 36.234933 34.768370 33.713839 32.994439 32.528362 32.241299 32.073030 31.979050 31.928980 31.903504 31.891111 31.885339 31.882763 31.881660 31.881207 31.881027 31.880959 31.880934 31.880925 31.880922 31.880921 31.880921 31.880920 31.880919 31.880915 31.880906 31.880878 31.880805 31.880617 31.880146 31.879011 31.876364 31.870396 31.857391 31.829956 31.773865 31.662493 31.447106 31.039794 30.282736 28.891276 26.347703 21.717775 13.453942 0.000000 
50.000000 45.159482 40.582336 36.489010 33.025741 30.252145 28.148226 26.635428 25.603417 24.934821 24.523034 24.281660 24.146853 24.075034 24.038494 24.020717 24.012439 24.008745 24.007163 24.006513 24.006256 24.006158 24.006122 24.006109 24.006105 24.006103 24.006103 24.006102 24.006101 24.006096 24.006084 24.006049 24.005956 24.005717 24.005121 24.003687 24.000358 23.992891 23.976716 23.942865 23.874367 23.740223 23.485631 23.016635 22.176866 20.714612 18.244505 14.234633 8.138406 0.000000 
50.000000 43.918687 38.168278 33.025741 28.674802 25.190353 22.547258 20.646809 19.350375 18.510493 17.993225 17.690031 17.520703 17.430497 17.384602 17.362276 17.351880 17.347240 17.345254 17.344437 17.344114 17.343991 17.343946 17.343930 17.343925 17.343923 17.343922 17.343921 17.343920 17.343915 17.343902 17.343865 17.343766 17.343513 17.342884 17.341379 17.337899 17.330140 17.313459 17.278876 17.209729 17.076384 16.828351 16.383425 15.614479 14.337401 12.311128 9.277002 5.090762 0.000000 
50.000000 42.924966 36.234933 30.252145 25.190353 21.136678 18.061859 15.851036 14.342913 13.365917 12.764221 12.411552 12.214601 12.109682 12.056304 12.030339 12.018249 12.012854 12.010544 12.009594 12.009219 12.009076 12.009023 12.009005 12.008998 12.008996 12.008995 12.008995 12.008993 12.008989 12.008976 12.008941 12.008849 12.008613 12.008030 12.006639 12.003440 11.996358 11.981255 11.950256 11.889041 11.772813 11.560810 11.189805 10.568339 9.575874 8.075278 5.952197 3.194715 0.000000 
50.000000 42.171160 34.768370 28.148226 22.547258 18.061859 14.659629 12.213450 10.544819 9.463873 8.798180 8.408013 8.190129 8.074063 8.015017 7.986296 7.972922 7.966955 7.964401 7.963350 7.962935 7.962777 7.962719 7.962698 7.962691 7.962689 7.962688 7.962688 7.962686 7.962682 7.962672 7.962642 7.962564 7.962366 7.961876 7.960715 7.958062 7.952227 7.939888 7.914813 7.865897 7.774387 7.610455 7.329814 6.872054 6.163833 5.131591 3.728576 1.975815 0.000000 
50.000000 41.629132 33.713839 26.635428 20.646809 15.851036 12.213450 9.598105 7.814123 6.658484 5.946811 5.529709 5.296791 5.172722 5.109606 5.078907 5.064613 5.058236 5.055506 5.054383 5.053939 5.053770 5.053708 5.053687 5.053679 5.053677 5.053676 5.053675 5.053674 5.053671 5.053663 5.053640 5.053579 5.053426 5.053050 5.052162 5.050143 5.045736 5.036491 5.017884 4.982001 4.915780 4.799053 4.602994 4.290227 3.818458 3.149797 2.266734 1.191745 0.000000 
50.000000 41.259356 32.994439 25.603417 19.350375 14.342913 10.544819 7.814123 5.951497 4.744941 4.001932 3.566476 3.323317 3.193796 3.127910 3.095864 3.080944 3.074287 3.071437 3.070265 3.069802 3.069626 3.069561 3.069539 3.069531 3.069528 3.069527 3.069527 3.069526 3.069524 3.069518 3.069501 3.069458 3.069348 3.069080 3.068451 3.067029 3.063945 3.057526 3.044722 3.020289 2.975748 2.898344 2.770432 2.570100 2.273991 1.863193 1.331947 0.696686 0.000000 
50.000000 41.019787 32.528362 24.934821 18.510493 13.365917 9.463873 6.658484 4.744941 3.505426 2.742137 2.294807 2.045022 1.911976 1.844298 1.811382 1.796057 1.789220 1.786293 1.785090 1.784614 1.784433 1.784367 1.784343 1.784335 1.784333 1.784332 1.784331 1.784331 1.784329 1.784325 1.784314 1.784285 1.784212 1.784034 1.783618 1.782684 1.780670 1.776507 1.768275 1.752713 1.724652 1.676483 1.597977 1.476877 1.300764 1.060454 0.754497 0.393258 0.000000 
50.000000 40.872231 32.241299 24.523034 17.993225 12.764221 8.798180 5.946811 4.001932 2.742137 1.966373 1.511738 1.257881 1.122668 1.053889 1.020438 1.004864 0.997916 0.994942 0.993719 0.993236 0.993052 0.992985 0.992961 0.992953 0.992950 0.992949 0.992949 0.992949 0.992948 0.992945 0.992938 0.992920 0.992874 0.992764 0.992506 0.991930 0.990695 0.988161 0.983186 0.973862 0.957209 0.928927 0.883367 0.813966 0.714349 0.580169 0.411343 0.213861 0.000000 
50.000000 40.785736 32.073030 24.281660 17.690031 12.411552 8.408013 5.529709 3.566476 2.294807 1.511738 1.052830 0.796589 0.660108 0.590686 0.556922 0.541204 0.534191 0.531189 0.529955 0.529467 0.529282 0.529214 0.529190 0.529181 0.529179 0.529178 0.529177 0.529177 0.529177 0.529175 0.529171 0.529160 0.529133 0.529068 0.528918 0.528583 0.527870 0.526415 0.523577 0.518299 0.508951 0.493218 0.468125 0.430297 0.376572 0.304944 0.215639 0.111905 0.000000 
50.000000 40.737427 31.979050 24.146853 17.520703 12.214601 8.190129 5.296791 3.323317 2.045022 1.257881 0.796589 0.539019 0.401833 0.332051 0.298114 0.282315 0.275266 0.272249 0.271008 0.270518 0.270331 0.270263 0.270239 0.270231 0.270228 0.270227 0.270227 0.270227 0.270226 0.270225 0.270223 0.270217 0.270202 0.270166 0.270083 0.269900 0.269510 0.268719 0.267185 0.264353 0.259372 0.251056 0.237901 0.218243 0.190563 0.153962 0.108653 0.056306 0.000000 
50.000000 40.711689 31.928980 24.075034 17.430497 12.109682 8.074063 5.172722 3.193796 1.911976 1.122668 0.660108 0.401833 0.264270 0.194299 0.160269 0.144427 0.137359 0.134333 0.133090 0.132598 0.132411 0.132343 0.132318 0.132310 0.132307 0.132307 0.132306 0.132306 0.132306 0.132305 0.132304 0.132301 0.132293 0.132274 0.132231 0.132135 0.131933 0.131525 0.130738 0.129292 0.126767 0.122579 0.116001 0.106242 0.092598 0.074676 0.052617 0.027237 0.000000 
50.000000 40.698593 31.903504 24.038494 17.384602 12.056304 8.015017 5.109606 3.127910 1.844298 1.053889 0.590686 0.332051 0.194299 0.124231 0.090154 0.074290 0.067212 0.064183 0.062937 0.062445 0.062258 0.062189 0.062165 0.062157 0.062154 0.062153 0.062153 0.062153 0.062153 0.062152 0.062152 0.062150 0.062146 0.062137 0.062115 0.062068 0.061968 0.061768 0.061383 0.060680 0.059458 0.057445 0.054301 0.049666 0.043223 0.034806 0.024493 0.012668 0.000000 
50.000000 40.692222 31.891111 24.020717 17.362276 12.030339 7.986296 5.078907 3.095864 1.811382 1.020438 0.556922 0.298114 0.160269 0.090154 0.056054 0.040180 0.033098 0.030066 0.028820 0.028327 0.028140 0.028071 0.028047 0.028039 0.028036 0.028035 0.028035 0.028035 0.028035 0.028035 0.028034 0.028034 0.028032 0.028027 0.028017 0.027995 0.027948 0.027854 0.027674 0.027348 0.026783 0.025857 0.024419 0.022309 0.019392 0.015597 0.010964 0.005667 0.000000 
50.000000 40.689255 31.885339 24.012439 17.351880 12.018249 7.972922 5.064613 3.080944 1.796057 1.004864 0.541204 0.282315 0.144427 0.074290 0.040180 0.024300 0.017216 0.014184 0.012937 0.012444 0.012257 0.012188 0.012164 0.012156 0.012153 0.012152 0.012152 0.012152 0.012152 0.012151 0.012151 0.012151 0.012150 0.012148 0.012144 0.012133 0.012112 0.012070 0.011990 0.011845 0.011595 0.011187 0.010557 0.009635 0.008367 0.006723 0.004722 0.002439 0.000000 
50.000000 40.687930 31.882763 24.008745 17.347240 12.012854 7.966955 5.058236 3.074287 1.789220 0.997916 0.534191 0.275266 0.137359 0.067212 0.033098 0.017216 0.010131 0.007098 0.005851 0.005358 0.005171 0.005102 0.005078 0.005069 0.005067 0.005066 0.005066 0.005066 0.005065 0.005065 0.005065 0.005065 0.005065 0.005064 0.005062 0.005058 0.005049 0.005031 0.004996 0.004935 0.004829 0.004656 0.004391 0.004004 0.003474 0.002789 0.001958 0.001011 0.000000 
50.000000 40.687363 31.881660 24.007163 17.345254 12.010544 7.964401 5.055506 3.071437 1.786293 0.994942 0.531189 0.272249 0.134333 0.064183 0.030066 0.014184 0.007098 0.004065 0.002818 0.002325 0.002138 0.002069 0.002045 0.002036 0.002034 0.002033 0.002033 0.002033 0.002032 0.002032 0.002032 0.002032 0.002032 0.002032 0.002031 0.002029 0.002025 0.002018 0.002004 0.001979 0.001936 0.001866 0.001758 0.001602 0.001389 0.001115 0.000782 0.000404 0.000000 
50.000000 40.687130 31.881207 24.006513 17.344437 12.009594 7.963350 5.054383 3.070265 1.785090 0.993719 0.529955 0.271008 0.133090 0.062937 0.028820 0.012937 0.005851 0.002818 0.001571 0.001078 0.000891 0.000822 0.000798 0.000790 0.000787 0.000786 0.000786 0.000786 0.000786 0.000786 0.000786 0.000786 0.000786 0.000785 0.000785 0.000784 0.000783 0.000780 0.000774 0.000764 0.000748 0.000720 0.000678 0.000618 0.000535 0.000429 0.000301 0.000155 0.000000 
50.000000 40.687038 31.881027 24.006256 17.344114 12.009219 7.962935 5.053939 3.069802 1.784614 0.993236 0.529467 0.270518 0.132598 0.062445 0.028327 0.012444 0.005358 0.002325 0.001078 0.000586 0.000398 0.000329 0.000305 0.000297 0.000294 0.000293 0.000293 0.000293 0.000293 0.000293 0.000293 0.000293 0.000293 0.000293 0.000293 0.000292 0.000292 0.000291 0.000289 0.000285 0.000278 0.000268 0.000252 0.000230 0.000199 0.000160 0.000112 0.000058 0.000000 
50.000000 40.687003 31.880959 24.006158 17.343991 12.009076 7.962777 5.053770 3.069626 1.784433 0.993052 0.529282 0.270332 0.132411 0.062258 0.028140 0.012257 0.005171 0.002138 0.000891 0.000398 0.000211 0.000142 0.000118 0.000109 0.000107 0.000106 0.000105 0.000105 0.000105 0.000105 0.000105 0.000105 0.000105 0.000105 0.000105 0.000105 0.000105 0.000105 0.000104 0.000102 0.000100 0.000096 0.000091 0.000083 0.000071 0.000057 0.000040 0.000021 0.000000 
50.000000 40.686990 31.880934 24.006122 17.343946 12.009023 7.962719 5.053709 3.069562 1.784367 0.992985 0.529214 0.270263 0.132343 0.062189 0.028071 0.012188 0.005102 0.002069 0.000822 0.000329 0.000142 0.000073 0.000049 0.000041 0.000038 0.000037 0.000037 0.000037 0.000037 0.000037 0.000037 0.000037 0.000037 0.000037 0.000037 0.000037 0.000037 0.000036 0.000036 0.000036 0.000035 0.000034 0.000032 0.000029 0.000025 0.000020 0.000014 0.000007 0.000000 
50.000000 40.686985 31.880925 24.006109 17.343930 12.009005 7.962699 5.053687 3.069539 1.784344 0.992961 0.529190 0.270239 0.132319 0.062165 0.028047 0.012164 0.005078 0.002045 0.000798 0.000305 0.000118 0.000049 0.000025 0.000017 0.000014 0.000013 0.000013 0.000013 0.000013 0.000013 0.000013 0.000013 0.000013 0.000013 0.000013 0.000013 0.000013 0.000013 0.000012 0.000012 0.000012 0.000012 0.000011 0.000010 0.000009 0.000007 0.000005 0.000002 0.000000 
50.000000 40.686984 31.880923 24.006105 17.343926 12.008999 7.962692 5.053680 3.069532 1.784336 0.992954 0.529183 0.270232 0.132311 0.062158 0.028040 0.012157 0.005071 0.002038 0.000791 0.000298 0.000111 0.000042 0.000018 0.000009 0.000006 0.000006 0.000005 0.000005 0.000005 0.000005 0.000005 0.000005 0.000005 0.000005 0.000005 0.000005 0.000005 0.000005 0.000005 0.000005 0.000005 0.000005 0.000004 0.000004 0.000004 0.000003 0.000002 0.000001 0.000000 
50.000000 40.686984 31.880923 24.006105 17.343926 12.008999 7.962692 5.053680 3.069532 1.784336 0.992954 0.529183 0.270232 0.132311 0.062158 0.028040 0.012157 0.005071 0.002038 0.000791 0.000298 0.000111 0.000042 0.000018 0.000009 0.000006 0.000006 0.000005 0.000005 0.000005 0.000005 0.000005 0.000005 0.000005 0.000005 0.000005 0.000005 0.000005 0.000005 0.000005 0.000005 0.000005 0.000005 0.000004 0.000004 0.000004 0.000003 0.000002 0.000001 0.000000 
50.000000 40.686985 31.880925 24.006109 17.343930 12.009005 7.962699 5.053687 3.069539 1.784344 0.992961 0.529190 0.270239 0.132319 0.062165 0.028047 0.012164 0.005078 0.002045 0.000798 0.000305 0.000118 0.000049 0.000025 0.000017 0.000014 0.000013 0.000013 0.000013 0.000013 0.000013 0.000013 0.000013 0.000013 0.000013 0.000013 0.000013 0.000013 0.000013 0.000012 0.000012 0.000012 0.000012 0.000011 0.000010 0.000009 0.000007 0.000005 0.000002 0.000000 
50.000000 40.686990 31.880934 24.006122 17.343946 12.009023 7.962719 5.053709 3.069562 1.784367 0.992985 0.529214 0.270263 0.132343 0.062189 0.028071 0.012188 0.005102 0.002069 0.000822 0.000329 0.000142 0.000073 0.000049 0.000041 0.000038 0.000037 0.000037 0.000037 0.000037 0.000037 0.000037 0.000037 0.000037 0.000037 0.000037 0.000037 0.000037 0.000036 0.000036 0.000036 0.000035 0.000034 0.000032 0.000029 0.000025 0.000020 0.000014 0.000007 0.000000 
50.000000 40.687003 31.880959 24.006158 17.343991 12.009076 7.962777 5.053770 3.069626 1.784433 0.993052 0.529282 0.270332 0.132411 0.062258 0.028140 0.012257 0.005171 0.002138 0.000891 0.000398 0.000211 0.000142 0.000118 0.000109 0.000107 0.000106 0.000105 0.000105 0.000105 0.000105 0.000105 0.000105 0.000105 0.000105 0.000105 0.000105 0.000105 0.000105 0.000104 0.000102 0.000100 0.000096 0.000091 0.000083 0.000071 0.000057 0.000040 0.000021 0.000000 
50.000000 40.687038 31.881027 24.006256 17.344114 12.009219 7.962935 5.053939 3.069802 1.784614 0.993236 0.529467 0.270518 0.132598 0.062445 0.028327 0.012444 0.005358 0.002325 0.001078 0.000586 0.000398 0.000329 0.000305 0.000297 0.000294 0.000293 0.000293 0.000293 0.000293 0.000293 0.000293 0.000293 0.000293 0.000293 0.000293 0.000292 0.000292 0.000291 0.000289 0.000285 0.000278 0.000268 0.000252 0.000230 0.000199 0.000160 0.000112 0.000058 0.000000 
50.000000 40.687130 31.881207 24.006513 17.344437 12.009594 7.963350 5.054383 3.070265 1.785090 0.993719 0.529955 0.271008 0.133090 0.062937 0.028820 0.012937 0.005851 0.002818 0.001571 0.001078 0.000891 0.000822 0.000798 0.000790 0.000787 0.000786 0.000786 0.000786 0.000786 0.000786 0.000786 0.000786 0.000786 0.000785 0.000785 0.000784 0.000783 0.000780 0.000774 0.000764 0.000748 0.000720 0.000678 0.000618 0.000535 0.000429 0.000301 0.000155 0.000000 
50.000000 40.687363 31.881660 24.007163 17.345254 12.010544 7.964401 5.055506 3.071437 1.786293 0.994942 0.531189 0.272249 0.134333 0.064183 0.030066 0.014184 0.007098 0.004065 0.002818 0.002325 0.002138 0.002069 0.002045 0.002036 0.002034 0.002033 0.002033 0.002033 0.002032 0.002032 0.002032 0.002032 0.002032 0.002032 0.002031 0.002029 0.002025 0.002018 0.002004 0.001979 0.001936 0.001866 0.001758 0.001602 0.001389 0.001115 0.000782 0.000404 0.000000 
50.000000 40.687930 31.882763 24.008745 17.347240 12.012854 7.966955 5.058236 3.074287 1.789220 0.997916 0.534191 0.275266 0.137359 0.067212 0.033098 0.017216 0.010131 0.007098 0.005851 0.005358 0.005171 0.005102 0.005078 0.005069 0.005067 0.005066 0.005066 0.005066 0.005065 0.005065 0.005065 0.005065 0.005065 0.005064 0.005062 0.005058 0.005049 0.005031 0.004996 0.004935 0.004829 0.004656 0.004391 0.004004 0.003474 0.002789 0.001958 0.001011 0.000000 
50.000000 40.689255 31.885339 24.012439 17.351880 12.018249 7.972922 5.064613 3.080944 1.796057 1.004864 0.541204 0.282315 0.144427 0.074290 0.040180 0.024300 0.017216 0.014184 0.012937 0.012444 0.012257 0.012188 0.012164 0.012156 0.012153 0.012152 0.012152 0.012152 0.012152 0.012151 0.012151 0.012151 0.012150 0.012148 0.012144 0.012133 0.012112 0.012070 0.011990 0.011845 0.011595 0.011187 0.010557 0.009635 0.008367 0.006723 0.004722 0.002439 0.000000 
50.000000 40.692222 31.891111 24.020717 17.362276 12.030339 7.986296 5.078907 3.095864 1.811382 1.020438 0.556922 0.298114 0.160269 0.090154 0.056054 0.040180 0.033098 0.030066 0.028820 0.028327 0.028140 0.028071 0.028047 0.028039 0.028036 0.028035 0.028035 0.028035 0.028035 0.028035 0.028034 0.028034 0.028032 0.028027 0.028017 0.027995 0.027948 0.027854 0.027674 0.027348 0.026783 0.025857 0.024419 0.022309 0.019392 0.015597 0.010964 0.005667 0.000000 
50.000000 40.698593 31.903504 24.038494 17.384602 12.056304 8.015017 5.109606 3.127910 1.844298 1.053889 0.590686 0.332051 0.194299 0.124231 0.090154 0.074290 0.067212 0.064183 0.062937 0.062445 0.062258 0.062189 0.062165 0.062157 0.062154 0.062153 0.062153 0.062153 0.062153 0.062152 0.062152 0.062150 0.062146 0.062137 0.062115 0.062068 0.061968 0.061768 0.061383 0.060680 0.059458 0.057445 0.054301 0.049666 0.043223 0.034806 0.024493 0.012668 0.000000 
50.000000 40.711689 31.928980 24.075034 17.430497 12.109682 8.074063 5.172722 3.193796 1.911976 1.122668 0.660108 0.401833 0.264270 0.194299 0.160269 0.144427 0.137359 0.134333 0.133090 0.132598 0.132411 0.132343 0.132318 0.132310 0.132307 0.132307 0.132306 0.132306 0.132306 0.132305 0.132304 0.132301 0.132293 0.132274 0.132231 0.132135 0.131933 0.131525 0.130738 0.129292 0.126767 0.122579 0.116001 0.106242 0.092598 0.074676 0.052617 0.027237 0.000000 
50.000000 40.737427 31.979050 24.146853 17.520703 12.214601 8.190129 5.296791 3.323317 2.045022 1.257881 0.796589 0.539019 0.401833 0.332051 0.298114 0.282315 0.275266 0.272249 0.271008 0.270518 0.270331 0.270263 0.270239 0.270231 0.270228 0.270227 0.270227 0.270227 0.270226 0.270225 0.270223 0.270217 0.270202 0.270166 0.270083 0.269900 0.269510 0.268719 0.267185 0.264353 0.259372 0.251056 0.237901 0.218243 0.190563 0.153962 0.108653 0.056306 0.000000 
50.000000 40.785736 32.073030 24.281660 17.690031 12.411552 8.408013 5.529709 3.566476 2.294807 1.511738 1.052830 0.796589 0.660108 0.590686 0.556922 0.541204 0.534191 0.531189 0.529955 0.529467 0.529282 0.529214 0.529190 0.529181 0.529179 0.529178 0.529177 0.529177 0.529177 0.529175 0.529171 0.529160 0.529133 0.529068 0.528918 0.528583 0.527870 0.526415 0.523577 0.518299 0.508951 0.493218 0.468125 0.430297 0.376572 0.304944 0.215639 0.111905 0.000000 
50.000000 40.872231 32.241299 24.523034 17.993225 12.764221 8.798180 5.946811 4.001932 2.742137 1.966373 1.511738 1.257881 1.122668 1.053889 1.020438 1.004864 0.997916 0.994942 0.993719 0.993236 0.993052 0.992985 0.992961 0.992953 0.992950 0.992949 0.992949 0.992949 0.992948 0.992945 0.992938 0.992920 0.992874 0.992764 0.992506 0.991930 0.990695 0.988161 0.983186 0.973862 0.957209 0.928927 0.883367 0.813966 0.714349 0.580169 0.411343 0.213861 0.000000 
50.000000 41.019787 32.528362 24.934821 18.510493 13.365917 9.463873 6.658484 4.744941 3.505426 2.742137 2.294807 2.045022 1.911976 1.844298 1.811382 1.796057 1.789220 1.786293 1.785090 1.784614 1.784433 1.784367 1.784343 1.784335 1.784333 1.784332 1.784331 1.784331 1.784329 1.784325 1.784314 1.784285 1.784212 1.784034 1.783618 1.782684 1.780670 1.776507 1.768275 1.752713 1.724652 1.676483 1.597977 1.476877 1.300764 1.060454 0.754497 0.393258 0.000000 
50.000000 41.259356 32.994439 25.603417 19.350375 14.342913 10.544819 7.814123 5.951497 4.744941 4.001932 3.566476 3.323317 3.193796 3.127910 3.095864 3.080944 3.074287 3.071437 3.070265 3.069802 3.069626 3.069561 3.069539 3.069531 3.069528 3.069527 3.069527 3.069526 3.069524 3.069518 3.069501 3.069458 3.069348 3.069080 3.068451 3.067029 3.063945 3.057526 3.044722 3.020289 2.975748 2.898344 2.770432 2.570100 2.273991 1.863193 1.331947 0.696686 0.000000 
50.000000 41.629132 33.713839 26.635428 20.646809 15.851036 12.213450 9.598105 7.814123 6.658484 5.946811 5.529709 5.296791 5.172722 5.109606 5.078907 5.064613 5.058236 5.055506 5.054383 5.053939 5.053770 5.053708 5.053687 5.053679 5.053677 5.053676 5.053675 5.053674 5.053671 5.053663 5.053640 5.053579 5.053426 5.053050 5.052162 5.050143 5.045736 5.036491 5.017884 4.982001 4.915780 4.799053 4.602994 4.290227 3.818458 3.149797 2.266734 1.191745 0.000000 
50.000000 42.171160 34.768370 28.148226 22.547258 18.061859 14.659629 12.213450 10.544819 9.463873 8.798180 8.408013 8.190129 8.074063 8.015017 7.986296 7.972922 7.966955 7.964401 7.963350 7.962935 7.962777 7.962719 7.962698 7.962691 7.962689 7.962688 7.962688 7.962686 7.962682 7.962672 7.962642 7.962564 7.962366 7.961876 7.960715 7.958062 7.952227 7.939888 7.914813 7.865897 7.774387 7.610455 7.329814 6.872054 6.163833 5.131591 3.728576 1.975815 0.000000 
50.000000 42.924966 36.234933 30.252145 25.190353 21.136678 18.061859 15.851036 14.342913 13.365917 12.764221 12.411552 12.214601 12.109682 12.056304 12.030339 12.018249 12.012854 12.010544 12.009594 12.009219 12.009076 12.009023 12.009005 12.008998 12.008996 12.008995 12.008995 12.008993 12.008989 12.008976 12.008941 12.008849 12.008613 12.008030 12.006639 12.003440 11.996358 11.981255 11.950256 11.889041 11.772813 11.560810 11.189805 10.568339 9.575874 8.075278 5.952197 3.194715 0.000000 
50.000000 43.918687 38.168278 33.025741 28.674802 25.190353 22.547258 20.646809 19.350375 18.510493 17.993225 17.690031 17.520703 17.430497 17.384602 17.362276 17.351880 17.347240 17.345254 17.344437 17.344114 17.343991 17.343946 17.343930 17.343925 17.343923 17.343922 17.343921 17.343920 17.343915 17.343902 17.343865 17.343766 17.343513 17.342884 17.341379 17.337899 17.330140 17.313459 17.278876 17.209729 17.076384 16.828351 16.383425 15.614479 14.337401 12.311128 9.277002 5.090762 0.000000 
50.000000 45.159482 40.582336 36.489010 33.025741 30.252145 28.148226 26.635428 25.603417 24.934821 24.523034 24.281660 24.146853 24.075034 24.038494 24.020717 24.012439 24.008745 24.007163 24.006513 24.006256 24.006158 24.006122 24.006109 24.006105 24.006103 24.006103 24.006102 24.006101 24.006096 24.006084 24.006049 24.005956 24.005717 24.005121 24.003687 24.000358 23.992891 23.976716 23.942865 23.874367 23.740223 23.485631 23.016635 22.176866 20.714612 18.244505 14.234633 8.138406 0.000000 
50.000000 46.625989 43.435550 40.582336 38.168278 36.234933 34.768370 33.713839 32.994439 32.528362 32.241299 32.073030 31.979050 31.928980 31.903504 31.891111 31.885339 31.882763 31.881660 31.881207 31.881027 31.880959 31.880934 31.880925 31.880922 31.880921 31.880921 31.880920 31.880919 31.880915 31.880906 31.880878 31.880805 31.880617 31.880146 31.879011 31.876364 31.870396 31.857391 31.829956 31.773865 31.662493 31.447106 31.039794 30.282736 28.891276 26.347703 21.717775 13.453942 0.000000 
50.000000 48.265820 46.625989 45.159482 43.918687 42.924966 42.171160 41.629132 41.259356 41.019787 40.872231 40.785736 40.737427 40.711689 40.698593 40.692222 40.689255 40.687930 40.687363 40.687130 40.687038 40.687003 40.686990 40.686985 40.686984 40.686983 40.686983 40.686983 40.686982 40.686980 40.686975 40.686960 40.686919 40.686815 40.686555 40.685925 40.684451 40.681121 40.673831 40.658370 40.626529 40.562670 40.437386 40.195345 39.730251 38.827925 37.021076 33.172047 24.132910 0.000000 
50.000000 50.000000 50.000000 50.000000 50.000000 50.000000 50.000000 50.000000 50.000000 50.000000 50.000000 50.000000 50.000000 50.000000 50.000000 50.000000 50.000000 50.000000 50.000000 50.000000 50.000000 50.000000 50.000000 50.000000 50.000000 50.000000 50.000000 50.000000 50.000000 50.000000 50.000000 50.000000 50.000000 50.000000 50.000000 50.000000 50.000000 50.000000 50.000000 50.000000 50.000000 50.000000 50.000000 50.000000 50.000000 50.000000 50.000000 50.000000 50.000000 50.000000 
