50.000000 50.000000 50.000000 50.000000 50.000000 50.000000 50.000000 50.000000 50.000000 50.000000 50.000000 50.000000 50.000000 50.000000 50.000000 50.000000 50.000000 50.000000 50.000000 50.000000 50.000000 50.000000 50.000000 50.000000 50.000000 50.000000 50.000000 50.000000 50.000000 50.000000 50.000000 50.000000 50.000000 50.000000 50.000000 50.000000 50.000000 50.000000 50.000000 50.000000 50.000000 50.000000 50.000000 50.000000 50.000000 50.000000 50.000000 50.000000 50.000000 50.000000 
50.000000 48.925829 47.887879 46.918710 46.044174 45.281464 44.638460 44.114352 43.701230 43.386242 43.153865 42.987942 42.873236 42.796435 42.746611 42.715282 42.696180 42.684882 42.678398 42.674784 42.672828 42.671799 42.671272 42.671010 42.670882 42.670819 42.670784 42.670755 42.670712 42.670629 42.670461 42.670121 42.669444 42.668128 42.665624 42.660964 42.652471 42.637294 42.610669 42.564718 42.486490 42.354635 42.133445 41.761406 41.127179 40.013867 37.954902 33.817521 24.462915 0.000000 
50.000000 47.887879 45.846979 43.941323 42.221745 40.722048 39.457729 38.427195 37.614891 36.995545 36.538635 36.212390 35.986853 35.835843 35.737879 35.676280 35.638723 35.616509 35.603759 35.596654 35.592808 35.590785 35.589750 35.589234 35.588983 35.588859 35.588791 35.588734 35.588653 35.588498 35.588182 35.587542 35.586272 35.583805 35.579121 35.570420 35.554599 35.526416 35.477170 35.392616 35.249669 35.011037 34.616229 33.965811 32.892564 31.106782 28.092122 22.923490 14.070358 0.000000 
50.000000 46.918710 43.941323 41.161240 38.652625 36.464789 34.620342 33.116955 31.931938 31.028419 30.361869 29.885939 29.556926 29.336635 29.193727 29.103868 29.049081 29.016677 28.998078 28.987713 28.982103 28.979152 28.977643 28.976891 28.976524 28.976345 28.976246 28.976167 28.976056 28.975845 28.975417 28.974552 28.972838 28.969516 28.963224 28.951573 28.930471 28.893060 28.828079 28.717373 28.532105 28.227000 27.731542 26.936388 25.672642 23.681883 20.580620 15.849200 8.963808 0.000000 
50.000000 46.044174 42.221745 38.652625 35.432028 32.623262 30.255352 28.325306 26.803992 25.644069 24.788370 24.177389 23.755017 23.472221 23.288766 23.173413 23.103083 23.061487 23.037612 23.024307 23.017106 23.013318 23.011380 23.010415 23.009945 23.009715 23.009592 23.009496 23.009365 23.009119 23.008624 23.007626 23.005653 23.001840 22.994643 22.981370 22.957447 22.915290 22.842614 22.719960 22.517151 22.188324 21.665140 20.847953 19.595464 17.716014 14.970741 11.114963 6.030308 0.000000 
50.000000 45.281464 40.722048 36.464789 32.623262 29.272981 26.448563 24.146438 22.331854 20.948339 19.927701 19.198957 18.695182 18.357885 18.139078 18.001498 17.917618 17.868008 17.839533 17.823666 17.815077 17.810560 17.808250 17.807099 17.806539 17.806267 17.806123 17.806015 17.805876 17.805618 17.805102 17.804065 17.802020 17.798082 17.790679 17.777090 17.752736 17.710113 17.637246 17.515531 17.316837 16.999813 16.505524 15.753022 14.636490 13.027799 10.792148 7.829484 4.154285 0.000000 
50.000000 44.638460 39.457729 34.620342 30.255352 26.448563 23.239308 20.623529 18.561732 16.989743 15.830077 15.002075 14.429689 14.046460 13.797860 13.641549 13.546249 13.489887 13.457537 13.439511 13.429754 13.424622 13.421998 13.420691 13.420056 13.419748 13.419588 13.419475 13.419336 13.419087 13.418589 13.417594 13.415638 13.411887 13.404865 13.392043 13.369204 13.329523 13.262275 13.151126 12.971987 12.690581 12.260080 11.619654 10.695541 9.407399 7.683954 5.491918 2.877053 0.000000 
50.000000 44.114352 38.427195 33.116955 28.325306 24.146438 20.623529 17.752118 15.488844 13.763259 12.490296 11.581410 10.953117 10.532463 10.259588 10.088017 9.983415 9.921552 9.886046 9.866261 9.855552 9.849920 9.847040 9.845606 9.844909 9.844574 9.844403 9.844289 9.844158 9.843930 9.843482 9.842588 9.840838 9.837496 9.831270 9.819960 9.799942 9.765420 9.707424 9.612553 9.461515 9.227680 8.876059 8.363449 7.640914 6.660166 5.385413 3.810965 1.980907 0.000000 
50.000000 43.701230 37.614891 31.931938 26.803992 22.331854 18.561732 15.488844 13.066784 11.220152 9.857906 8.885282 8.212938 7.762795 7.470795 7.287202 7.175272 7.109077 7.071084 7.049914 7.038457 7.032430 7.029349 7.027816 7.027071 7.026714 7.026535 7.026424 7.026305 7.026109 7.025726 7.024969 7.023492 7.020683 7.015474 7.006065 6.989515 6.961182 6.913985 6.837538 6.717216 6.533392 6.261164 5.871150 5.332042 4.615668 3.704938 2.603854 1.346595 0.000000 
50.000000 43.386242 36.995545 31.028419 25.644069 20.948339 16.989743 13.763259 11.220152 9.281247 7.850944 6.829740 6.123822 5.651206 5.344632 5.151879 5.034366 4.964869 4.924983 4.902758 4.890729 4.884403 4.881168 4.879559 4.878778 4.878405 4.878222 4.878114 4.878011 4.877849 4.877539 4.876929 4.875747 4.873506 4.869370 4.861940 4.848951 4.826870 4.790383 4.731826 4.640623 4.502935 4.301744 4.017757 3.631502 3.126918 2.496314 1.745876 0.899752 0.000000 
50.000000 43.153865 36.538635 30.361869 24.788370 19.927701 15.830077 12.490296 9.857906 7.850944 6.370450 5.313421 4.582744 4.093558 3.776239 3.576732 3.455103 3.383174 3.341892 3.318889 3.306440 3.299893 3.296546 3.294880 3.294073 3.293689 3.293503 3.293400 3.293312 3.293183 3.292943 3.292475 3.291572 3.289868 3.286737 3.281142 3.271420 3.255001 3.228075 3.185225 3.119119 3.020368 2.877743 2.678951 2.412170 2.068410 1.644496 1.146018 0.589147 0.000000 
50.000000 42.987942 36.212390 29.885939 24.177389 19.198957 15.002075 11.581410 8.885282 6.829740 5.313421 4.230820 3.482475 2.981464 2.656478 2.452152 2.327588 2.253922 2.211645 2.188088 2.175339 2.168634 2.165206 2.163501 2.162675 2.162283 2.162096 2.161998 2.161923 2.161824 2.161646 2.161302 2.160642 2.159403 2.157136 2.153105 2.146139 2.134449 2.115410 2.085345 2.039357 1.971297 1.873986 1.739800 1.561711 1.334775 1.057860 0.735220 0.377273 0.000000 
50.000000 42.873236 35.986853 29.556926 23.755017 18.695182 14.429689 10.953117 8.212938 6.123822 4.582744 3.482475 2.721920 2.212740 1.882457 1.674804 1.548211 1.473347 1.430383 1.406443 1.393487 1.386674 1.383190 1.381458 1.380618 1.380221 1.380034 1.379940 1.379876 1.379802 1.379674 1.379432 1.378970 1.378105 1.376530 1.373744 1.368953 1.360960 1.348026 1.327743 1.296952 1.251756 1.187698 1.100167 0.985069 0.839727 0.663866 0.460437 0.235943 0.000000 
50.000000 42.796435 35.835843 29.336635 23.472221 18.357885 14.046460 10.532463 7.762795 5.651206 4.093558 2.981464 2.212740 1.698093 1.364267 1.154387 1.026438 0.950773 0.907348 0.883153 0.870058 0.863172 0.859651 0.857901 0.857053 0.856652 0.856465 0.856375 0.856320 0.856264 0.856176 0.856011 0.855700 0.855120 0.854068 0.852216 0.849047 0.843787 0.835324 0.822138 0.802255 0.773280 0.732520 0.677256 0.605149 0.514774 0.406164 0.281245 0.143964 0.000000 
50.000000 42.746611 35.737879 29.193727 23.288766 18.139078 13.797860 10.259588 7.470795 5.344632 3.776239 2.656478 1.882457 1.364267 1.028144 0.816821 0.687993 0.611808 0.568086 0.543725 0.530541 0.523608 0.520063 0.518301 0.517447 0.517045 0.516858 0.516770 0.516721 0.516679 0.516620 0.516512 0.516310 0.515935 0.515259 0.514072 0.512051 0.508714 0.503373 0.495097 0.482693 0.464730 0.439628 0.405816 0.361988 0.307396 0.242154 0.167460 0.085647 0.000000 
50.000000 42.715282 35.676281 29.103868 23.173413 18.001499 13.641549 10.088017 7.287202 5.151879 3.576732 2.452152 1.674804 1.154387 0.816821 0.604592 0.475212 0.398701 0.354792 0.330326 0.317086 0.310123 0.306564 0.304794 0.303937 0.303533 0.303346 0.303260 0.303216 0.303184 0.303144 0.303076 0.302949 0.302716 0.302296 0.301563 0.300319 0.298274 0.295016 0.289995 0.282509 0.271728 0.256747 0.236684 0.210820 0.178770 0.140644 0.097160 0.049658 0.000000 
50.000000 42.696180 35.638723 29.049081 23.103083 17.917618 13.546250 9.983415 7.175273 5.034366 3.455104 2.327588 1.548211 1.026438 0.687993 0.475212 0.345496 0.268786 0.224763 0.200235 0.186960 0.179979 0.176410 0.174636 0.173777 0.173373 0.173186 0.173101 0.173060 0.173035 0.173008 0.172965 0.172889 0.172748 0.172497 0.172059 0.171319 0.170107 0.168185 0.165236 0.160860 0.154590 0.145919 0.134363 0.119536 0.101243 0.079565 0.054918 0.028053 0.000000 
50.000000 42.684883 35.616510 29.016678 23.061487 17.868008 13.489887 9.921552 7.109077 4.964869 3.383174 2.253923 1.473348 0.950773 0.611809 0.398701 0.268787 0.191960 0.147870 0.123304 0.110009 0.103017 0.099443 0.097666 0.096806 0.096401 0.096215 0.096131 0.096092 0.096070 0.096052 0.096026 0.095981 0.095899 0.095753 0.095500 0.095074 0.094379 0.093281 0.091603 0.089124 0.085585 0.080714 0.074250 0.065989 0.055834 0.043840 0.030238 0.015439 0.000000 
50.000000 42.678398 35.603760 28.998079 23.037613 17.839534 13.457539 9.886047 7.071086 4.924984 3.341893 2.211647 1.430384 0.907350 0.568088 0.354793 0.224765 0.147871 0.103742 0.079154 0.065848 0.058851 0.055273 0.053495 0.052634 0.052229 0.052043 0.051959 0.051921 0.051902 0.051889 0.051873 0.051847 0.051801 0.051719 0.051578 0.051340 0.050954 0.050346 0.049420 0.048056 0.046119 0.043461 0.039946 0.035471 0.029987 0.023528 0.016218 0.008277 0.000000 
50.000000 42.674784 35.596655 28.987715 23.024309 17.823669 13.439514 9.866264 7.049918 4.902762 3.318893 2.188092 1.406447 0.883157 0.543729 0.330330 0.200238 0.123307 0.079157 0.054558 0.041245 0.034244 0.030665 0.028886 0.028025 0.027619 0.027433 0.027350 0.027312 0.027295 0.027285 0.027275 0.027261 0.027235 0.027191 0.027114 0.026985 0.026777 0.026450 0.025954 0.025227 0.024196 0.022786 0.020928 0.018570 0.015687 0.012300 0.008474 0.004324 0.000000 
50.000000 42.672829 35.592811 28.982108 23.017111 17.815085 13.429762 9.855561 7.038466 4.890739 3.306450 2.175349 1.393497 0.870069 0.530551 0.317097 0.186970 0.110019 0.065857 0.041251 0.027935 0.020932 0.017352 0.015572 0.014711 0.014306 0.014120 0.014036 0.014000 0.013983 0.013975 0.013969 0.013960 0.013947 0.013923 0.013883 0.013815 0.013706 0.013536 0.013277 0.012900 0.012366 0.011639 0.010683 0.009473 0.007998 0.006268 0.004316 0.002202 0.000000 
50.000000 42.671803 35.590793 28.979164 23.013332 17.810577 13.424642 9.849941 7.032453 4.884427 3.299918 2.168659 1.386699 0.863198 0.523633 0.310149 0.180005 0.103043 0.058875 0.034266 0.020948 0.013944 0.010364 0.008583 0.007722 0.007317 0.007131 0.007047 0.007011 0.006995 0.006988 0.006983 0.006978 0.006971 0.006959 0.006938 0.006904 0.006848 0.006761 0.006631 0.006440 0.006170 0.005805 0.005325 0.004719 0.003982 0.003119 0.002147 0.001095 0.000000 
50.000000 42.671282 35.589769 28.977670 23.011415 17.808291 13.422045 9.847091 7.029403 4.881225 3.296604 2.165266 1.383251 0.859713 0.520125 0.306625 0.176472 0.099505 0.055334 0.030723 0.017404 0.010400 0.006819 0.005039 0.004178 0.003772 0.003586 0.003503 0.003466 0.003451 0.003444 0.003440 0.003437 0.003434 0.003427 0.003417 0.003400 0.003372 0.003328 0.003263 0.003168 0.003034 0.002853 0.002616 0.002317 0.001954 0.001530 0.001053 0.000537 0.000000 
50.000000 42.671033 35.589278 28.976955 23.010497 17.807196 13.420801 9.845726 7.027943 4.879692 3.295018 2.163642 1.381600 0.858044 0.518445 0.304938 0.174781 0.097811 0.053638 0.029027 0.015707 0.008703 0.005122 0.003342 0.002480 0.002075 0.001889 0.001806 0.001769 0.001754 0.001747 0.001744 0.001742 0.001740 0.001737 0.001731 0.001722 0.001708 0.001685 0.001652 0.001603 0.001535 0.001443 0.001322 0.001171 0.000987 0.000772 0.000531 0.000271 0.000000 
50.000000 42.670933 35.589083 28.976670 23.010132 17.806761 13.420306 9.845183 7.027362 4.879082 3.294386 2.162995 1.380943 0.857380 0.517776 0.304267 0.174108 0.097136 0.052964 0.028352 0.015032 0.008028 0.004447 0.002666 0.001805 0.001399 0.001213 0.001130 0.001094 0.001079 0.001072 0.001069 0.001067 0.001066 0.001064 0.001060 0.001055 0.001046 0.001032 0.001011 0.000981 0.000939 0.000882 0.000808 0.000715 0.000603 0.000472 0.000324 0.000165 0.000000 
50.000000 42.670933 35.589083 28.976670 23.010132 17.806761 13.420306 9.845183 7.027362 4.879082 3.294386 2.162995 1.380943 0.857380 0.517776 0.304267 0.174108 0.097136 0.052964 0.028352 0.015032 0.008028 0.004447 0.002666 0.001805 0.001399 0.001213 0.001130 0.001094 0.001079 0.001072 0.001069 0.001067 0.001066 0.001064 0.001060 0.001055 0.001046 0.001032 0.001011 0.000981 0.000939 0.000882 0.000808 0.000715 0.000603 0.000472 0.000324 0.000165 0.000000 
50.000000 42.671033 35.589278 28.976955 23.010497 17.807196 13.420801 9.845726 7.027943 4.879692 3.295018 2.163642 1.381600 0.858044 0.518445 0.304938 0.174781 0.097811 0.053638 0.029027 0.015707 0.008703 0.005122 0.003342 0.002480 0.002075 0.001889 0.001806 0.001769 0.001754 0.001747 0.001744 0.001742 0.001740 0.001737 0.001731 0.001722 0.001708 0.001685 0.001652 0.001603 0.001535 0.001443 0.001322 0.001171 0.000987 0.000772 0.000531 0.000271 0.000000 
50.000000 42.671282 35.589769 28.977670 23.011415 17.808291 13.422045 9.847091 7.029403 4.881225 3.296604 2.165266 1.383251 0.859713 0.520125 0.306625 0.176472 0.099505 0.055334 0.030723 0.017404 0.010400 0.006819 0.005039 0.004178 0.003772 0.003586 0.003503 0.003466 0.003451 0.003444 0.003440 0.003437 0.003434 0.003427 0.003417 0.003400 0.003372 0.003328 0.003263 0.003168 0.003034 0.002853 0.002616 0.002317 0.001954 0.001530 0.001053 0.000537 0.000000 
50.000000 42.671803 35.590793 28.979164 23.013332 17.810577 13.424642 9.849941 7.032453 4.884427 3.299918 2.168659 1.386699 0.863198 0.523633 0.310149 0.180005 0.103043 0.058875 0.034266 0.020948 0.013944 0.010364 0.008583 0.007722 0.007317 0.007131 0.007047 0.007011 0.006995 0.006988 0.006983 0.006978 0.006971 0.006959 0.006938 0.006904 0.006848 0.006761 0.006631 0.006440 0.006170 0.005805 0.005325 0.004719 0.003982 0.003119 0.002147 0.001095 0.000000 
50.000000 42.672829 35.592811 28.982108 23.017111 17.815085 13.429762 9.855561 7.038466 4.890739 3.306450 2.175349 1.393497 0.870069 0.530551 0.317097 0.186970 0.110019 0.065857 0.041251 0.027935 0.020932 0.017352 0.015572 0.014711 0.014306 0.014120 0.014036 0.014000 0.013983 0.013975 0.013969 0.013960 0.013947 0.013923 0.013883 0.013815 0.013706 0.013536 0.013277 0.012900 0.012366 0.011639 0.010683 0.009473 0.007998 0.006268 0.004316 0.002202 0.000000 
50.000000 42.674784 35.596655 28.987715 23.024309 17.823669 13.439514 9.866264 7.049918 4.902762 3.318893 2.188092 1.406447 0.883157 0.543729 0.330330 0.200238 0.123307 0.079157 0.054558 0.041245 0.034244 0.030665 0.028886 0.028025 0.027619 0.027433 0.027350 0.027312 0.027295 0.027285 0.027275 0.027261 0.027235 0.027191 0.027114 0.026985 0.026777 0.026450 0.025954 0.025227 0.024196 0.022786 0.020928 0.018570 0.015687 0.012300 0.008474 0.004324 0.000000 
50.000000 42.678398 35.603760 28.998079 23.037613 17.839534 13.457539 9.886047 7.071086 4.924984 3.341893 2.211647 1.430384 0.907350 0.568088 0.354793 0.224765 0.147871 0.103742 0.079154 0.065848 0.058851 0.055273 0.053495 0.052634 0.052229 0.052043 0.051959 0.051921 0.051902 0.051889 0.051873 0.051847 0.051801 0.051719 0.051578 0.051340 0.050954 0.050346 0.049420 0.048056 0.046119 0.043461 0.039946 0.035471 0.029987 0.023528 0.016218 0.008277 0.000000 
50.000000 42.684883 35.616510 29.016678 23.061487 17.868008 13.489887 9.921552 7.109077 4.964869 3.383174 2.253923 1.473348 0.950773 0.611809 0.398701 0.268787 0.191960 0.147870 0.123304 0.110009 0.103017 0.099443 0.097666 0.096806 0.096401 0.096215 0.096131 0.096092 0.096070 0.096052 0.096026 0.095981 0.095899 0.095753 0.095500 0.095074 0.094379 0.093281 0.091603 0.089124 0.085585 0.080714 0.074250 0.065989 0.055834 0.043840 0.030238 0.015439 0.000000 
50.000000 42.696180 35.638723 29.049081 23.103083 17.917618 13.546250 9.983415 7.175273 5.034366 3.455104 2.327588 1.548211 1.026438 0.687993 0.475212 0.345496 0.268786 0.224763 0.200235 0.186960 0.179979 0.176410 0.174636 0.173777 0.173373 0.173186 0.173101 0.173060 0.173035 0.173008 0.172965 0.172889 0.172748 0.172497 0.172059 0.171319 0.170107 0.168185 0.165236 0.160860 0.154590 0.145919 0.134363 0.119536 0.101243 0.079565 0.054918 0.028053 0.000000 
50.000000 42.715282 35.676281 29.103868 23.173413 18.001499 13.641549 10.088017 7.287202 5.151879 3.576732 2.452152 1.674804 1.154387 0.816821 0.604592 0.475212 0.398701 0.354792 0.330326 0.317086 0.310123 0.306564 0.304794 0.303937 0.303533 0.303346 0.303260 0.303216 0.303184 0.303144 0.303076 0.302949 0.302716 0.302296 0.301563 0.300319 0.298274 0.295016 0.289995 0.282509 0.271728 0.256747 0.236684 0.210820 0.178770 0.140644 0.097160 0.049658 0.000000 
50.000000 42.746611 35.737879 29.193727 23.288766 18.139078 13.797860 10.259588 7.470795 5.344632 3.776239 2.656478 1.882457 1.364267 1.028144 0.816821 0.687993 0.611808 0.568086 0.543725 0.530541 0.523608 0.520063 0.518301 0.517447 0.517045 0.516858 0.516770 0.516721 0.516679 0.516620 0.516512 0.516310 0.515935 0.515259 0.514072 0.512051 0.508714 0.503373 0.495097 0.482693 0.464730 0.439628 0.405816 0.361988 0.307396 0.242154 0.167460 0.085647 0.000000 
50.000000 42.796435 35.835843 29.336635 23.472221 18.357885 14.046460 10.532463 7.762795 5.651206 4.093558 2.981464 2.212740 1.698093 1.364267 1.154387 1.026438 0.950773 0.907348 0.883153 0.870058 0.863172 0.859651 0.857901 0.857053 0.856652 0.856465 0.856375 0.856320 0.856264 0.856176 0.856011 0.855700 0.855120 0.854068 0.852216 0.849047 0.843787 0.835324 0.822138 0.802255 0.773280 0.732520 0.677256 0.605149 0.514774 0.406164 0.281245 0.143964 0.000000 
50.000000 42.873236 35.986853 29.556926 23.755017 18.695182 14.429689 10.953117 8.212938 6.123822 4.582744 3.482475 2.721920 2.212740 1.882457 1.674804 1.548211 1.473347 1.430383 1.406443 1.393487 1.386674 1.383190 1.381458 1.380618 1.380221 1.380034 1.379940 1.379876 1.379802 1.379674 1.379432 1.378970 1.378105 1.376530 1.373744 1.368953 1.360960 1.348026 1.327743 1.296952 1.251756 1.187698 1.100167 0.985069 0.839727 0.663866 0.460437 0.235943 0.000000 
50.000000 42.987942 36.212390 29.885939 24.177389 19.198957 15.002075 11.581410 8.885282 6.829740 5.313421 4.230820 3.482475 2.981464 2.656478 2.452152 2.327588 2.253922 2.211645 2.188088 2.175339 2.168634 2.165206 2.163501 2.162675 2.162283 2.162096 2.161998 2.161923 2.161824 2.161646 2.161302 2.160642 2.159403 2.157136 2.153105 2.146139 2.134449 2.115410 2.085345 2.039357 1.971297 1.873986 1.739800 1.561711 1.334775 1.057860 0.735220 0.377273 0.000000 
50.000000 43.153865 36.538635 30.361869 24.788370 19.927701 15.830077 12.490296 9.857906 7.850944 6.370450 5.313421 4.582744 4.093558 3.776239 3.576732 3.455103 3.383174 3.341892 3.318889 3.306440 3.299893 3.296546 3.294880 3.294073 3.293689 3.293503 3.293400 3.293312 3.293183 3.292943 3.292475 3.291572 3.289868 3.286737 3.281142 3.271420 3.255001 3.228075 3.185225 3.119119 3.020368 2.877743 2.678951 2.412170 2.068410 1.644496 1.146018 0.589147 0.000000 
50.000000 43.386242 36.995545 31.028419 25.644069 20.948339 16.989743 13.763259 11.220152 9.281247 7.850944 6.829740 6.123822 5.651206 5.344632 5.151879 5.034366 4.964869 4.924983 4.902758 4.890729 4.884403 4.881168 4.879559 4.878778 4.878405 4.878222 4.878114 4.878011 4.877849 4.877539 4.876929 4.875747 4.873506 4.869370 4.861940 4.848951 4.826870 4.790383 4.731826 4.640623 4.502935 4.301744 4.017757 3.631502 3.126918 2.496314 1.745876 0.899752 0.000000 
50.000000 43.701230 37.614891 31.931938 26.803992 22.331854 18.561732 15.488844 13.066784 11.220152 9.857906 8.885282 8.212938 7.762795 7.470795 7.287202 7.175272 7.109077 7.071084 7.049914 7.038457 7.032430 7.029349 7.027816 7.027071 7.026714 7.026535 7.026424 7.026305 7.026109 7.025726 7.024969 7.023492 7.020683 7.015474 7.006065 6.989515 6.961182 6.913985 6.837538 6.717216 6.533392 6.261164 5.871150 5.332042 4.615668 3.704938 2.603854 1.346595 0.000000 
50.000000 44.114352 38.427195 33.116955 28.325306 24.146438 20.623529 17.752118 15.488844 13.763259 12.490296 11.581410 10.953117 10.532463 10.259588 10.088017 9.983415 9.921552 9.886046 9.866261 9.855552 9.849920 9.847040 9.845606 9.844909 9.844574 9.844403 9.844289 9.844158 9.843930 9.843482 9.842588 9.840838 9.837496 9.831270 9.819960 9.799942 9.765420 9.707424 9.612553 9.461515 9.227680 8.876059 8.363449 7.640914 6.660166 5.385413 3.810965 1.980907 0.000000 
50.000000 44.638460 39.457729 34.620342 30.255352 26.448563 23.239308 20.623529 18.561732 16.989743 15.830077 15.002075 14.429689 14.046460 13.797860 13.641549 13.546249 13.489887 13.457537 13.439511 13.429754 13.424622 13.421998 13.420691 13.420056 13.419748 13.419588 13.419475 13.419336 13.419087 13.418589 13.417594 13.415638 13.411887 13.404865 13.392043 13.369204 13.329523 13.262275 13.151126 12.971987 12.690581 12.260080 11.619654 10.695541 9.407399 7.683954 5.491918 2.877053 0.000000 
50.000000 45.281464 40.722048 36.464789 32.623262 29.272981 26.448563 24.146438 22.331854 20.948339 19.927701 19.198957 18.695182 18.357885 18.139078 18.001498 17.917618 17.868008 17.839533 17.823666 17.815077 17.810560 17.808250 17.807099 17.806539 17.806267 17.806123 17.806015 17.805876 17.805618 17.805102 17.804065 17.802020 17.798082 17.790679 17.777090 17.752736 17.710113 17.637246 17.515531 17.316837 16.999813 16.505524 15.753022 14.636490 13.027799 10.792148 7.829484 4.154285 0.000000 
50.000000 46.044174 42.221745 38.652625 35.432028 32.623262 30.255352 28.325306 26.803992 25.644069 24.788370 24.177389 23.755017 23.472221 23.288766 23.173413 23.103083 23.061487 23.037612 23.024307 23.017106 23.013318 23.011380 23.010415 23.009945 23.009715 23.009592 23.009496 23.009365 23.009119 23.008624 23.007626 23.005653 23.001840 22.994643 22.981370 22.957447 22.915290 22.842614 22.719960 22.517151 22.188324 21.665140 20.847953 19.595464 17.716014 14.970741 11.114963 6.030308 0.000000 
50.000000 46.918710 43.941323 41.161240 38.652625 36.464789 34.620342 33.116955 31.931938 31.028419 30.361869 29.885939 29.556926 29.336635 29.193727 29.103868 29.049081 29.016677 28.998078 28.987713 28.982103 28.979152 28.977643 28.976891 28.976524 28.976345 28.976246 28.976167 28.976056 28.975845 28.975417 28.974552 28.972838 28.969516 28.963224 28.951573 28.930471 28.893060 28.828079 28.717373 28.532105 28.227000 27.731542 26.936388 25.672642 23.681883 20.580620 15.849200 8.963808 0.000000 
50.000000 47.887879 45.846979 43.941323 42.221745 40.722048 39.457729 38.427195 37.614891 36.995545 36.538635 36.212390 35.986853 35.835843 35.737879 35.676280 35.638723 35.616509 35.603759 35.596654 35.592808 35.590785 35.589750 35.589234 35.588983 35.588859 35.588791 35.588734 35.588653 35.588498 35.588182 35.587542 35.586272 35.583805 35.579121 35.570420 35.554599 35.526416 35.477170 35.392616 35.249669 35.011037 34.616229 33.965811 32.892564 31.106782 28.092122 22.923490 14.070358 0.000000 
50.000000 48.925829 47.887879 46.918710 46.044174 45.281464 44.638460 44.114352 43.701230 43.386242 43.153865 42.987942 42.873236 42.796435 42.746611 42.715282 42.696180 42.684882 42.678398 42.674784 42.672828 42.671799 42.671272 42.671010 42.670882 42.670819 42.670784 42.670755 42.670712 42.670629 42.670461 42.670121 42.669444 42.668128 42.665624 42.660964 42.652471 42.637294 42.610669 42.564718 42.486490 42.354635 42.133445 41.761406 41.127179 40.013867 37.954902 33.817521 24.462915 0.000000 
50.000000 50.000000 50.000000 50.000000 50.000000 50.000000 50.000000 50.000000 50.000000 50.000000 50.000000 50.000000 50.000000 50.000000 50.000000 50.000000 50.000000 50.000000 50.000000 50.000000 50.000000 50.000000 50.000000 50.000000 50.000000 50.000000 50.000000 50.000000 50.000000 50.000000 50.000000 50.000000 50.000000 50.000000 50.000000 50.000000 50.000000 50.000000 50.000000 50.000000 50.000000 50.000000 50.000000 50.000000 50.000000 50.000000 50.000000 50.000000 50.000000 50.000000 
