50.000000 50.000000 50.000000 50.000000 50.000000 50.000000 50.000000 50.000000 50.000000 50.000000 50.000000 50.000000 50.000000 50.000000 50.000000 50.000000 50.000000 50.000000 50.000000 50.000000 50.000000 50.000000 50.000000 50.000000 50.000000 50.000000 50.000000 50.000000 50.000000 50.000000 50.000000 50.000000 50.000000 50.000000 50.000000 50.000000 50.000000 50.000000 50.000000 50.000000 50.000000 50.000000 50.000000 50.000000 50.000000 50.000000 50.000000 50.000000 50.000000 50.000000 
50.000000 48.168039 46.441357 44.907113 43.621409 42.604672 41.845342 41.309297 40.951226 40.724644 40.588658 40.511155 40.469154 40.447482 40.436822 40.431816 40.429569 40.428604 40.428207 40.428050 40.427991 40.427969 40.427961 40.427959 40.427958 40.427958 40.427958 40.427957 40.427957 40.427956 40.427953 40.427943 40.427916 40.427843 40.427654 40.427179 40.426032 40.423352 40.417302 40.404092 40.376145 40.318687 40.203396 39.976153 39.531822 38.657077 36.884880 33.077000 24.084020 0.000000 
50.000000 46.441357 43.087230 40.106928 37.609439 35.634433 34.159455 33.118213 32.422686 31.982573 31.718439 31.567903 31.486324 31.444232 31.423528 31.413806 31.409442 31.407568 31.406797 31.406492 31.406376 31.406334 31.406320 31.406315 31.406313 31.406312 31.406312 31.406312 31.406311 31.406309 31.406303 31.406286 31.406237 31.406106 31.405766 31.404916 31.402865 31.398090 31.387355 31.364046 31.315088 31.215442 31.018362 30.638163 29.919149 28.578225 26.098145 21.543615 13.364358 0.000000 
50.000000 44.907113 40.106928 35.841762 32.267593 29.441188 27.330396 25.840337 24.845031 24.215240 23.837279 23.621876 23.505148 23.444923 23.415299 23.401390 23.395147 23.392466 23.391362 23.390926 23.390761 23.390701 23.390680 23.390673 23.390670 23.390670 23.390669 23.390669 23.390668 23.390666 23.390658 23.390636 23.390574 23.390409 23.389982 23.388919 23.386363 23.380441 23.367210 23.338706 23.279455 23.160515 22.929658 22.495816 21.705378 20.308654 17.920881 14.008782 8.022233 0.000000 
50.000000 43.621409 37.609439 32.267593 27.791227 24.251433 21.607925 19.741851 18.495412 17.706736 17.233439 16.963711 16.817550 16.742142 16.705051 16.687636 16.679821 16.676464 16.675083 16.674538 16.674331 16.674255 16.674229 16.674220 16.674217 16.674216 16.674216 16.674215 16.674215 16.674212 16.674204 16.674180 16.674116 16.673943 16.673499 16.672395 16.669756 16.663677 16.650198 16.621431 16.562344 16.445538 16.223329 15.816653 15.101383 13.895614 11.958938 9.031214 4.964333 0.000000 
50.000000 42.604672 35.634433 29.441188 24.251433 20.147580 17.082899 14.919570 13.474621 12.560370 12.011731 11.699079 11.529665 11.442264 11.399276 11.379094 11.370037 11.366147 11.364546 11.363914 11.363675 11.363587 11.363557 11.363546 11.363543 11.363542 11.363541 11.363541 11.363540 11.363538 11.363530 11.363509 11.363449 11.363291 11.362885 11.361881 11.359492 11.354027 11.342008 11.316611 11.265087 11.164794 10.977674 10.643527 10.073790 9.150050 7.735810 5.715285 3.072850 0.000000 
50.000000 41.845342 34.159455 27.330396 21.607925 17.082899 13.703767 11.318529 9.725408 8.717436 8.112578 7.767902 7.581143 7.484798 7.437413 7.415167 7.405185 7.400898 7.399134 7.398437 7.398173 7.398077 7.398043 7.398032 7.398028 7.398027 7.398027 7.398026 7.398026 7.398023 7.398017 7.397999 7.397950 7.397819 7.397485 7.396662 7.394716 7.390295 7.380651 7.360474 7.320031 7.242455 7.100286 6.851883 6.439372 5.791273 4.834580 3.521292 1.869190 0.000000 
50.000000 41.309297 33.118213 25.840337 19.741851 14.919570 11.318529 8.776713 7.079056 6.004977 5.360471 4.993215 4.794229 4.691579 4.641097 4.617397 4.606763 4.602196 4.600317 4.599576 4.599295 4.599192 4.599156 4.599144 4.599140 4.599139 4.599138 4.599138 4.599137 4.599136 4.599131 4.599117 4.599080 4.598981 4.598729 4.598113 4.596663 4.593393 4.586315 4.571648 4.542581 4.487572 4.388357 4.218243 3.941896 3.518522 2.910679 2.099850 1.105901 0.000000 
50.000000 40.951226 32.422686 24.845031 18.495412 13.474621 9.725408 7.079056 5.311623 4.193425 3.522465 3.140146 2.933005 2.826153 2.773606 2.748938 2.737869 2.733117 2.731161 2.730389 2.730097 2.729990 2.729953 2.729940 2.729936 2.729934 2.729934 2.729934 2.729933 2.729932 2.729929 2.729919 2.729893 2.729824 2.729649 2.729222 2.728225 2.725989 2.721187 2.711324 2.691980 2.655811 2.591485 2.482953 2.309827 2.049874 1.684517 1.207244 0.632539 0.000000 
50.000000 40.724644 31.982573 24.215240 17.706736 12.560370 8.717436 6.004977 4.193425 3.047340 2.359661 1.967825 1.755534 1.646028 1.592177 1.566898 1.555556 1.550685 1.548682 1.547891 1.547591 1.547482 1.547443 1.547430 1.547426 1.547425 1.547424 1.547424 1.547424 1.547423 1.547421 1.547415 1.547398 1.547353 1.547239 1.546965 1.546326 1.544902 1.541867 1.535684 1.523670 1.501445 1.462397 1.397406 1.295283 1.144392 0.935784 0.667486 0.348498 0.000000 
50.000000 40.588658 31.718439 23.837279 17.233439 12.011731 8.112578 5.360471 3.522465 2.359661 1.661962 1.264424 1.049048 0.937953 0.883322 0.857677 0.846171 0.841231 0.839198 0.838396 0.838092 0.837981 0.837942 0.837929 0.837925 0.837923 0.837923 0.837923 0.837922 0.837922 0.837921 0.837917 0.837906 0.837879 0.837811 0.837645 0.837262 0.836414 0.834616 0.830981 0.823976 0.811140 0.788823 0.752104 0.695120 0.612007 0.498574 0.354394 0.184566 0.000000 
50.000000 40.511155 31.567903 23.621876 16.963711 11.699079 7.767902 4.993215 3.140146 1.967825 1.264424 0.863643 0.646513 0.534514 0.479440 0.453587 0.441988 0.437008 0.434959 0.434150 0.433844 0.433732 0.433693 0.433680 0.433675 0.433674 0.433673 0.433673 0.433673 0.433673 0.433672 0.433670 0.433664 0.433648 0.433609 0.433516 0.433300 0.432824 0.431822 0.429808 0.425958 0.418959 0.406900 0.387252 0.357071 0.313513 0.254667 0.180548 0.093853 0.000000 
50.000000 40.469154 31.486324 23.505148 16.817550 11.529665 7.581143 4.794229 2.933005 1.755534 1.049048 0.646513 0.428434 0.315947 0.260633 0.234668 0.223019 0.218017 0.215959 0.215147 0.214839 0.214727 0.214688 0.214674 0.214670 0.214669 0.214668 0.214668 0.214668 0.214668 0.214667 0.214666 0.214663 0.214655 0.214634 0.214584 0.214469 0.214217 0.213689 0.212635 0.210632 0.207017 0.200836 0.190849 0.175638 0.153873 0.124708 0.088234 0.045802 0.000000 
50.000000 40.447482 31.444232 23.444923 16.742142 11.442264 7.484798 4.691579 2.826153 1.646028 0.937953 0.534514 0.315947 0.203209 0.147772 0.121749 0.110074 0.105062 0.102999 0.102185 0.101877 0.101764 0.101725 0.101711 0.101707 0.101706 0.101705 0.101705 0.101705 0.101705 0.101705 0.101704 0.101703 0.101698 0.101688 0.101662 0.101604 0.101478 0.101215 0.100691 0.099702 0.097928 0.094916 0.090081 0.082772 0.072386 0.058560 0.041367 0.021450 0.000000 
50.000000 40.436822 31.423528 23.415299 16.705051 11.399276 7.437413 4.641097 2.773606 1.592177 0.883322 0.479440 0.260633 0.147772 0.092274 0.066224 0.054536 0.049518 0.047453 0.046638 0.046329 0.046217 0.046177 0.046164 0.046160 0.046158 0.046158 0.046158 0.046158 0.046158 0.046157 0.046157 0.046156 0.046154 0.046149 0.046137 0.046109 0.046049 0.045924 0.045677 0.045212 0.044383 0.042984 0.040751 0.037396 0.032656 0.026380 0.018612 0.009642 0.000000 
50.000000 40.431816 31.413806 23.401390 16.687636 11.379094 7.415167 4.617397 2.748938 1.566898 0.857677 0.453587 0.234668 0.121749 0.066224 0.040160 0.028466 0.023445 0.021380 0.020565 0.020256 0.020143 0.020103 0.020090 0.020086 0.020084 0.020084 0.020084 0.020084 0.020084 0.020084 0.020084 0.020083 0.020082 0.020080 0.020074 0.020062 0.020034 0.019978 0.019867 0.019659 0.019289 0.018668 0.017683 0.016209 0.014138 0.011407 0.008040 0.004162 0.000000 
50.000000 40.429569 31.409442 23.395147 16.679821 11.370037 7.405185 4.606763 2.737869 1.555556 0.846171 0.441988 0.223019 0.110074 0.054536 0.028466 0.016770 0.011748 0.009682 0.008867 0.008558 0.008445 0.008405 0.008392 0.008388 0.008386 0.008386 0.008386 0.008386 0.008386 0.008386 0.008386 0.008385 0.008385 0.008384 0.008382 0.008376 0.008364 0.008340 0.008292 0.008203 0.008046 0.007782 0.007366 0.006746 0.005878 0.004738 0.003336 0.001726 0.000000 
50.000000 40.428604 31.407568 23.392466 16.676464 11.366147 7.400898 4.602196 2.733117 1.550685 0.841231 0.437008 0.218017 0.105062 0.049518 0.023445 0.011748 0.006726 0.004659 0.003844 0.003535 0.003422 0.003383 0.003369 0.003365 0.003364 0.003363 0.003363 0.003363 0.003363 0.003363 0.003363 0.003363 0.003363 0.003362 0.003361 0.003359 0.003354 0.003344 0.003324 0.003288 0.003224 0.003117 0.002948 0.002698 0.002349 0.001892 0.001331 0.000688 0.000000 
50.000000 40.428207 31.406797 23.391362 16.675083 11.364546 7.399134 4.600317 2.731161 1.548682 0.839198 0.434959 0.215959 0.102999 0.047453 0.021380 0.009682 0.004659 0.002593 0.001778 0.001468 0.001356 0.001316 0.001303 0.001299 0.001297 0.001297 0.001297 0.001297 0.001297 0.001297 0.001297 0.001297 0.001296 0.001296 0.001296 0.001295 0.001293 0.001289 0.001281 0.001267 0.001242 0.001200 0.001135 0.001038 0.000903 0.000727 0.000511 0.000264 0.000000 
50.000000 40.428050 31.406492 23.390926 16.674538 11.363914 7.398437 4.599576 2.730389 1.547891 0.838396 0.434150 0.215147 0.102185 0.046638 0.020565 0.008867 0.003844 0.001778 0.000962 0.000653 0.000540 0.000501 0.000487 0.000483 0.000482 0.000481 0.000481 0.000481 0.000481 0.000481 0.000481 0.000481 0.000481 0.000481 0.000481 0.000480 0.000480 0.000478 0.000475 0.000470 0.000460 0.000445 0.000420 0.000384 0.000334 0.000269 0.000189 0.000098 0.000000 
50.000000 40.427991 31.406376 23.390761 16.674331 11.363675 7.398173 4.599295 2.730097 1.547591 0.838092 0.433844 0.214839 0.101877 0.046329 0.020256 0.008558 0.003535 0.001468 0.000653 0.000344 0.000231 0.000192 0.000178 0.000174 0.000172 0.000172 0.000172 0.000172 0.000172 0.000172 0.000172 0.000172 0.000172 0.000172 0.000172 0.000172 0.000171 0.000171 0.000170 0.000168 0.000164 0.000159 0.000150 0.000137 0.000119 0.000096 0.000067 0.000035 0.000000 
50.000000 40.427969 31.406334 23.390701 16.674255 11.363587 7.398077 4.599192 2.729990 1.547482 0.837981 0.433732 0.214727 0.101764 0.046217 0.020143 0.008445 0.003422 0.001356 0.000540 0.000231 0.000118 0.000079 0.000066 0.000061 0.000060 0.000059 0.000059 0.000059 0.000059 0.000059 0.000059 0.000059 0.000059 0.000059 0.000059 0.000059 0.000059 0.000059 0.000058 0.000058 0.000057 0.000055 0.000052 0.000047 0.000041 0.000033 0.000023 0.000012 0.000000 
50.000000 40.427961 31.406320 23.390680 16.674229 11.363557 7.398043 4.599156 2.729953 1.547443 0.837942 0.433693 0.214688 0.101725 0.046177 0.020103 0.008405 0.003383 0.001316 0.000501 0.000192 0.000079 0.000039 0.000026 0.000022 0.000020 0.000020 0.000020 0.000020 0.000020 0.000020 0.000020 0.000020 0.000020 0.000020 0.000020 0.000020 0.000020 0.000020 0.000019 0.000019 0.000019 0.000018 0.000017 0.000016 0.000014 0.000011 0.000008 0.000004 0.000000 
50.000000 40.427959 31.406315 23.390673 16.674220 11.363546 7.398032 4.599144 2.729940 1.547431 0.837929 0.433680 0.214675 0.101712 0.046164 0.020090 0.008392 0.003369 0.001303 0.000487 0.000178 0.000066 0.000026 0.000013 0.000008 0.000007 0.000007 0.000007 0.000006 0.000006 0.000006 0.000006 0.000006 0.000006 0.000006 0.000006 0.000006 0.000006 0.000006 0.000006 0.000006 0.000006 0.000006 0.000006 0.000005 0.000004 0.000004 0.000003 0.000001 0.000000 
50.000000 40.427958 31.406313 23.390671 16.674217 11.363543 7.398029 4.599140 2.729936 1.547427 0.837925 0.433676 0.214671 0.101708 0.046160 0.020086 0.008388 0.003365 0.001299 0.000484 0.000174 0.000062 0.000022 0.000009 0.000005 0.000003 0.000003 0.000003 0.000003 0.000003 0.000003 0.000003 0.000003 0.000003 0.000003 0.000003 0.000003 0.000003 0.000003 0.000003 0.000002 0.000002 0.000002 0.000002 0.000002 0.000002 0.000001 0.000001 0.000001 0.000000 
50.000000 40.427958 31.406313 23.390671 16.674217 11.363543 7.398029 4.599140 2.729936 1.547427 0.837925 0.433676 0.214671 0.101708 0.046160 0.020086 0.008388 0.003365 0.001299 0.000484 0.000174 0.000062 0.000022 0.000009 0.000005 0.000003 0.000003 0.000003 0.000003 0.000003 0.000003 0.000003 0.000003 0.000003 0.000003 0.000003 0.000003 0.000003 0.000003 0.000003 0.000002 0.000002 0.000002 0.000002 0.000002 0.000002 0.000001 0.000001 0.000001 0.000000 
50.000000 40.427959 31.406315 23.390673 16.674220 11.363546 7.398032 4.599144 2.729940 1.547431 0.837929 0.433680 0.214675 0.101712 0.046164 0.020090 0.008392 0.003369 0.001303 0.000487 0.000178 0.000066 0.000026 0.000013 0.000008 0.000007 0.000007 0.000007 0.000006 0.000006 0.000006 0.000006 0.000006 0.000006 0.000006 0.000006 0.000006 0.000006 0.000006 0.000006 0.000006 0.000006 0.000006 0.000006 0.000005 0.000004 0.000004 0.000003 0.000001 0.000000 
50.000000 40.427961 31.406320 23.390680 16.674229 11.363557 7.398043 4.599156 2.729953 1.547443 0.837942 0.433693 0.214688 0.101725 0.046177 0.020103 0.008405 0.003383 0.001316 0.000501 0.000192 0.000079 0.000039 0.000026 0.000022 0.000020 0.000020 0.000020 0.000020 0.000020 0.000020 0.000020 0.000020 0.000020 0.000020 0.000020 0.000020 0.000020 0.000020 0.000019 0.000019 0.000019 0.000018 0.000017 0.000016 0.000014 0.000011 0.000008 0.000004 0.000000 
50.000000 40.427969 31.406334 23.390701 16.674255 11.363587 7.398077 4.599192 2.729990 1.547482 0.837981 0.433732 0.214727 0.101764 0.046217 0.020143 0.008445 0.003422 0.001356 0.000540 0.000231 0.000118 0.000079 0.000066 0.000061 0.000060 0.000059 0.000059 0.000059 0.000059 0.000059 0.000059 0.000059 0.000059 0.000059 0.000059 0.000059 0.000059 0.000059 0.000058 0.000058 0.000057 0.000055 0.000052 0.000047 0.000041 0.000033 0.000023 0.000012 0.000000 
50.000000 40.427991 31.406376 23.390761 16.674331 11.363675 7.398173 4.599295 2.730097 1.547591 0.838092 0.433844 0.214839 0.101877 0.046329 0.020256 0.008558 0.003535 0.001468 0.000653 0.000344 0.000231 0.000192 0.000178 0.000174 0.000172 0.000172 0.000172 0.000172 0.000172 0.000172 0.000172 0.000172 0.000172 0.000172 0.000172 0.000172 0.000171 0.000171 0.000170 0.000168 0.000164 0.000159 0.000150 0.000137 0.000119 0.000096 0.000067 0.000035 0.000000 
50.000000 40.428050 31.406492 23.390926 16.674538 11.363914 7.398437 4.599576 2.730389 1.547891 0.838396 0.434150 0.215147 0.102185 0.046638 0.020565 0.008867 0.003844 0.001778 0.000962 0.000653 0.000540 0.000501 0.000487 0.000483 0.000482 0.000481 0.000481 0.000481 0.000481 0.000481 0.000481 0.000481 0.000481 0.000481 0.000481 0.000480 0.000480 0.000478 0.000475 0.000470 0.000460 0.000445 0.000420 0.000384 0.000334 0.000269 0.000189 0.000098 0.000000 
50.000000 40.428207 31.406797 23.391362 16.675083 11.364546 7.399134 4.600317 2.731161 1.548682 0.839198 0.434959 0.215959 0.102999 0.047453 0.021380 0.009682 0.004659 0.002593 0.001778 0.001468 0.001356 0.001316 0.001303 0.001299 0.001297 0.001297 0.001297 0.001297 0.001297 0.001297 0.001297 0.001297 0.001296 0.001296 0.001296 0.001295 0.001293 0.001289 0.001281 0.001267 0.001242 0.001200 0.001135 0.001038 0.000903 0.000727 0.000511 0.000264 0.000000 
50.000000 40.428604 31.407568 23.392466 16.676464 11.366147 7.400898 4.602196 2.733117 1.550685 0.841231 0.437008 0.218017 0.105062 0.049518 0.023445 0.011748 0.006726 0.004659 0.003844 0.003535 0.003422 0.003383 0.003369 0.003365 0.003364 0.003363 0.003363 0.003363 0.003363 0.003363 0.003363 0.003363 0.003363 0.003362 0.003361 0.003359 0.003354 0.003344 0.003324 0.003288 0.003224 0.003117 0.002948 0.002698 0.002349 0.001892 0.001331 0.000688 0.000000 
50.000000 40.429569 31.409442 23.395147 16.679821 11.370037 7.405185 4.606763 2.737869 1.555556 0.846171 0.441988 0.223019 0.110074 0.054536 0.028466 0.016770 0.011748 0.009682 0.008867 0.008558 0.008445 0.008405 0.008392 0.008388 0.008386 0.008386 0.008386 0.008386 0.008386 0.008386 0.008386 0.008385 0.008385 0.008384 0.008382 0.008376 0.008364 0.008340 0.008292 0.008203 0.008046 0.007782 0.007366 0.006746 0.005878 0.004738 0.003336 0.001726 0.000000 
50.000000 40.431816 31.413806 23.401390 16.687636 11.379094 7.415167 4.617397 2.748938 1.566898 0.857677 0.453587 0.234668 0.121749 0.066224 0.040160 0.028466 0.023445 0.021380 0.020565 0.020256 0.020143 0.020103 0.020090 0.020086 0.020084 0.020084 0.020084 0.020084 0.020084 0.020084 0.020084 0.020083 0.020082 0.020080 0.020074 0.020062 0.020034 0.019978 0.019867 0.019659 0.019289 0.018668 0.017683 0.016209 0.014138 0.011407 0.008040 0.004162 0.000000 
50.000000 40.436822 31.423528 23.415299 16.705051 11.399276 7.437413 4.641097 2.773606 1.592177 0.883322 0.479440 0.260633 0.147772 0.092274 0.066224 0.054536 0.049518 0.047453 0.046638 0.046329 0.046217 0.046177 0.046164 0.046160 0.046158 0.046158 0.046158 0.046158 0.046158 0.046157 0.046157 0.046156 0.046154 0.046149 0.046137 0.046109 0.046049 0.045924 0.045677 0.045212 0.044383 0.042984 0.040751 0.037396 0.032656 0.026380 0.018612 0.009642 0.000000 
50.000000 40.447482 31.444232 23.444923 16.742142 11.442264 7.484798 4.691579 2.826153 1.646028 0.937953 0.534514 0.315947 0.203209 0.147772 0.121749 0.110074 0.105062 0.102999 0.102185 0.101877 0.101764 0.101725 0.101711 0.101707 0.101706 0.101705 0.101705 0.101705 0.101705 0.101705 0.101704 0.101703 0.101698 0.101688 0.101662 0.101604 0.101478 0.101215 0.100691 0.099702 0.097928 0.094916 0.090081 0.082772 0.072386 0.058560 0.041367 0.021450 0.000000 
50.000000 40.469154 31.486324 23.505148 16.817550 11.529665 7.581143 4.794229 2.933005 1.755534 1.049048 0.646513 0.428434 0.315947 0.260633 0.234668 0.223019 0.218017 0.215959 0.215147 0.214839 0.214727 0.214688 0.214674 0.214670 0.214669 0.214668 0.214668 0.214668 0.214668 0.214667 0.214666 0.214663 0.214655 0.214634 0.214584 0.214469 0.214217 0.213689 0.212635 0.210632 0.207017 0.200836 0.190849 0.175638 0.153873 0.124708 0.088234 0.045802 0.000000 
50.000000 40.511155 31.567903 23.621876 16.963711 11.699079 7.767902 4.993215 3.140146 1.967825 1.264424 0.863643 0.646513 0.534514 0.479440 0.453587 0.441988 0.437008 0.434959 0.434150 0.433844 0.433732 0.433693 0.433680 0.433675 0.433674 0.433673 0.433673 0.433673 0.433673 0.433672 0.433670 0.433664 0.433648 0.433609 0.433516 0.433300 0.432824 0.431822 0.429808 0.425958 0.418959 0.406900 0.387252 0.357071 0.313513 0.254667 0.180548 0.093853 0.000000 
50.000000 40.588658 31.718439 23.837279 17.233439 12.011731 8.112578 5.360471 3.522465 2.359661 1.661962 1.264424 1.049048 0.937953 0.883322 0.857677 0.846171 0.841231 0.839198 0.838396 0.838092 0.837981 0.837942 0.837929 0.837925 0.837923 0.837923 0.837923 0.837922 0.837922 0.837921 0.837917 0.837906 0.837879 0.837811 0.837645 0.837262 0.836414 0.834616 0.830981 0.823976 0.811140 0.788823 0.752104 0.695120 0.612007 0.498574 0.354394 0.184566 0.000000 
50.000000 40.724644 31.982573 24.215240 17.706736 12.560370 8.717436 6.004977 4.193425 3.047340 2.359661 1.967825 1.755534 1.646028 1.592177 1.566898 1.555556 1.550685 1.548682 1.547891 1.547591 1.547482 1.547443 1.547430 1.547426 1.547425 1.547424 1.547424 1.547424 1.547423 1.547421 1.547415 1.547398 1.547353 1.547239 1.546965 1.546326 1.544902 1.541867 1.535684 1.523670 1.501445 1.462397 1.397406 1.295283 1.144392 0.935784 0.667486 0.348498 0.000000 
50.000000 40.951226 32.422686 24.845031 18.495412 13.474621 9.725408 7.079056 5.311623 4.193425 3.522465 3.140146 2.933005 2.826153 2.773606 2.748938 2.737869 2.733117 2.731161 2.730389 2.730097 2.729990 2.729953 2.729940 2.729936 2.729934 2.729934 2.729934 2.729933 2.729932 2.729929 2.729919 2.729893 2.729824 2.729649 2.729222 2.728225 2.725989 2.721187 2.711324 2.691980 2.655811 2.591485 2.482953 2.309827 2.049874 1.684517 1.207244 0.632539 0.000000 
50.000000 41.309297 33.118213 25.840337 19.741851 14.919570 11.318529 8.776713 7.079056 6.004977 5.360471 4.993215 4.794229 4.691579 4.641097 4.617397 4.606763 4.602196 4.600317 4.599576 4.599295 4.599192 4.599156 4.599144 4.599140 4.599139 4.599138 4.599138 4.599137 4.599136 4.599131 4.599117 4.599080 4.598981 4.598729 4.598113 4.596663 4.593393 4.586315 4.571648 4.542581 4.487572 4.388357 4.218243 3.941896 3.518522 2.910679 2.099850 1.105901 0.000000 
50.000000 41.845342 34.159455 27.330396 21.607925 17.082899 13.703767 11.318529 9.725408 8.717436 8.112578 7.767902 7.581143 7.484798 7.437413 7.415167 7.405185 7.400898 7.399134 7.398437 7.398173 7.398077 7.398043 7.398032 7.398028 7.398027 7.398027 7.398026 7.398026 7.398023 7.398017 7.397999 7.397950 7.397819 7.397485 7.396662 7.394716 7.390295 7.380651 7.360474 7.320031 7.242455 7.100286 6.851883 6.439372 5.791273 4.834580 3.521292 1.869190 0.000000 
50.000000 42.604672 35.634433 29.441188 24.251433 20.147580 17.082899 14.919570 13.474621 12.560370 12.011731 11.699079 11.529665 11.442264 11.399276 11.379094 11.370037 11.366147 11.364546 11.363914 11.363675 11.363587 11.363557 11.363546 11.363543 11.363542 11.363541 11.363541 11.363540 11.363538 11.363530 11.363509 11.363449 11.363291 11.362885 11.361881 11.359492 11.354027 11.342008 11.316611 11.265087 11.164794 10.977674 10.643527 10.073790 9.150050 7.735810 5.715285 3.072850 0.000000 
50.000000 43.621409 37.609439 32.267593 27.791227 24.251433 21.607925 19.741851 18.495412 17.706736 17.233439 16.963711 16.817550 16.742142 16.705051 16.687636 16.679821 16.676464 16.675083 16.674538 16.674331 16.674255 16.674229 16.674220 16.674217 16.674216 16.674216 16.674215 16.674215 16.674212 16.674204 16.674180 16.674116 16.673943 16.673499 16.672395 16.669756 16.663677 16.650198 16.621431 16.562344 16.445538 16.223329 15.816653 15.101383 13.895614 11.958938 9.031214 4.964333 0.000000 
50.000000 44.907113 40.106928 35.841762 32.267593 29.441188 27.330396 25.840337 24.845031 24.215240 23.837279 23.621876 23.505148 23.444923 23.415299 23.401390 23.395147 23.392466 23.391362 23.390926 23.390761 23.390701 23.390680 23.390673 23.390670 23.390670 23.390669 23.390669 23.390668 23.390666 23.390658 23.390636 23.390574 23.390409 23.389982 23.388919 23.386363 23.380441 23.367210 23.338706 23.279455 23.160515 22.929658 22.495816 21.705378 20.308654 17.920881 14.008782 8.022233 0.000000 
50.000000 46.441357 43.087230 40.106928 37.609439 35.634433 34.159455 33.118213 32.422686 31.982573 31.718439 31.567903 31.486324 31.444232 31.423528 31.413806 31.409442 31.407568 31.406797 31.406492 31.406376 31.406334 31.406320 31.406315 31.406313 31.406312 31.406312 31.406312 31.406311 31.406309 31.406303 31.406286 31.406237 31.406106 31.405766 31.404916 31.402865 31.398090 31.387355 31.364046 31.315088 31.215442 31.018362 30.638163 29.919149 28.578225 26.098145 21.543615 13.364358 0.000000 
50.000000 48.168039 46.441357 44.907113 43.621409 42.604672 41.845342 41.309297 40.951226 40.724644 40.588658 40.511155 40.469154 40.447482 40.436822 40.431816 40.429569 40.428604 40.428207 40.428050 40.427991 40.427969 40.427961 40.427959 40.427958 40.427958 40.427958 40.427957 40.427957 40.427956 40.427953 40.427943 40.427916 40.427843 40.427654 40.427179 40.426032 40.423352 40.417302 40.404092 40.376145 40.318687 40.203396 39.976153 39.531822 38.657077 36.884880 33.077000 24.084020 0.000000 
50.000000 50.000000 50.000000 50.000000 50.000000 50.000000 50.000000 50.000000 50.000000 50.000000 50.000000 50.000000 50.000000 50.000000 50.000000 50.000000 50.000000 50.000000 50.000000 50.000000 50.000000 50.000000 50.000000 50.000000 50.000000 50.000000 50.000000 50.000000 50.000000 50.000000 50.000000 50.000000 50.000000 50.000000 50.000000 50.000000 50.000000 50.000000 50.000000 50.000000 50.000000 50.000000 50.000000 50.000000 50.000000 50.000000 50.000000 50.000000 50.000000 50.000000 
