50.000000 50.000000 50.000000 50.000000 50.000000 50.000000 50.000000 50.000000 50.000000 50.000000 50.000000 50.000000 50.000000 50.000000 50.000000 50.000000 50.000000 50.000000 50.000000 50.000000 50.000000 50.000000 50.000000 50.000000 50.000000 50.000000 50.000000 50.000000 50.000000 50.000000 50.000000 50.000000 50.000000 50.000000 50.000000 50.000000 50.000000 50.000000 50.000000 50.000000 50.000000 50.000000 50.000000 50.000000 50.000000 50.000000 50.000000 50.000000 50.000000 50.000000 
50.000000 45.238641 41.185501 38.235028 36.383930 35.373446 34.888710 34.682392 34.603778 34.576743 34.568291 34.565873 34.565237 34.565081 34.565046 34.565039 34.565037 34.565037 34.565037 34.565037 34.565037 34.565037 34.565037 34.565037 34.565037 34.565037 34.565037 34.565037 34.565037 34.565037 34.565037 34.565037 34.565037 34.565037 34.565037 34.565037 34.565035 34.565025 34.564978 34.564773 34.563934 34.560729 34.549286 34.511109 34.391743 34.039511 33.045248 30.298593 22.619320 0.000000 
50.000000 41.185501 33.682393 28.220936 24.794835 22.924830 22.027911 21.646222 21.500811 21.450815 21.435188 21.430718 21.429541 21.429255 21.429190 21.429176 21.429174 21.429173 21.429173 21.429173 21.429173 21.429173 21.429173 21.429173 21.429173 21.429173 21.429173 21.429173 21.429173 21.429173 21.429173 21.429173 21.429173 21.429173 21.429173 21.429172 21.429169 21.429154 21.429085 21.428784 21.427563 21.422951 21.406742 21.353899 21.194292 20.748029 19.593769 16.841197 10.886908 0.000000 
50.000000 38.235028 28.220936 20.932487 16.360921 13.866146 12.669810 12.160816 11.966954 11.900316 11.879493 11.873538 11.871971 11.871590 11.871504 11.871486 11.871482 11.871481 11.871481 11.871481 11.871481 11.871481 11.871481 11.871481 11.871481 11.871481 11.871481 11.871481 11.871481 11.871481 11.871481 11.871481 11.871481 11.871481 11.871481 11.871480 11.871478 11.871464 11.871400 11.871123 11.870015 11.865878 11.851597 11.806150 11.673429 11.319723 10.466244 8.627167 5.189780 0.000000 
50.000000 36.383930 24.794835 16.360921 11.071632 8.185692 6.802059 6.213510 5.989401 5.912387 5.888327 5.881449 5.879640 5.879199 5.879100 5.879079 5.879075 5.879074 5.879074 5.879074 5.879074 5.879074 5.879074 5.879074 5.879074 5.879074 5.879074 5.879074 5.879074 5.879074 5.879074 5.879074 5.879074 5.879074 5.879074 5.879073 5.879071 5.879061 5.879017 5.878825 5.878062 5.875254 5.865719 5.836024 5.751781 5.535816 5.041198 4.046807 2.344419 0.000000 
50.000000 35.373446 22.924830 13.866146 8.185692 5.086767 3.601265 2.969499 2.728982 2.646346 2.620535 2.613159 2.611219 2.610747 2.610640 2.610617 2.610613 2.610612 2.610612 2.610612 2.610612 2.610612 2.610612 2.610612 2.610612 2.610612 2.610612 2.610612 2.610612 2.610612 2.610612 2.610612 2.610612 2.610612 2.610612 2.610612 2.610611 2.610605 2.610579 2.610471 2.610045 2.608492 2.603295 2.587406 2.543383 2.433911 2.192717 1.730538 0.981702 0.000000 
50.000000 34.888710 22.027911 12.669810 6.802059 3.601265 2.067102 1.414722 1.166390 1.081080 1.054438 1.046825 1.044823 1.044336 1.044226 1.044203 1.044198 1.044198 1.044197 1.044197 1.044197 1.044197 1.044197 1.044197 1.044197 1.044197 1.044197 1.044197 1.044197 1.044197 1.044197 1.044197 1.044197 1.044197 1.044197 1.044197 1.044197 1.044194 1.044182 1.044130 1.043928 1.043201 1.040795 1.033551 1.013859 0.966034 0.863660 0.674012 0.377601 0.000000 
50.000000 34.682392 21.646222 12.160816 6.213510 2.969499 1.414722 0.753622 0.501990 0.415553 0.388562 0.380850 0.378822 0.378329 0.378217 0.378194 0.378189 0.378188 0.378188 0.378188 0.378188 0.378188 0.378188 0.378188 0.378188 0.378188 0.378188 0.378188 0.378188 0.378188 0.378188 0.378188 0.378188 0.378188 0.378188 0.378188 0.378188 0.378187 0.378181 0.378160 0.378077 0.377781 0.376811 0.373927 0.366205 0.347791 0.309219 0.239480 0.133107 0.000000 
50.000000 34.603778 21.500811 11.966954 5.989401 2.728982 1.166390 0.501990 0.249110 0.162249 0.135126 0.127377 0.125339 0.124843 0.124731 0.124708 0.124703 0.124702 0.124702 0.124702 0.124702 0.124702 0.124702 0.124702 0.124702 0.124702 0.124702 0.124702 0.124702 0.124702 0.124702 0.124702 0.124702 0.124702 0.124702 0.124702 0.124702 0.124702 0.124700 0.124692 0.124662 0.124555 0.124209 0.123189 0.120490 0.114147 0.101076 0.077860 0.043049 0.000000 
50.000000 34.576743 21.450815 11.900316 5.912387 2.646346 1.081080 0.415553 0.162249 0.075243 0.048075 0.040314 0.038273 0.037776 0.037664 0.037640 0.037636 0.037635 0.037635 0.037635 0.037635 0.037635 0.037635 0.037635 0.037635 0.037635 0.037635 0.037635 0.037635 0.037635 0.037635 0.037635 0.037635 0.037635 0.037635 0.037635 0.037635 0.037634 0.037634 0.037631 0.037621 0.037587 0.037476 0.037151 0.036301 0.034324 0.030302 0.023252 0.012809 0.000000 
50.000000 34.568291 21.435188 11.879493 5.888327 2.620535 1.054438 0.388562 0.135126 0.048075 0.020894 0.013128 0.011086 0.010590 0.010477 0.010454 0.010449 0.010448 0.010448 0.010448 0.010448 0.010448 0.010448 0.010448 0.010448 0.010448 0.010448 0.010448 0.010448 0.010448 0.010448 0.010448 0.010448 0.010448 0.010448 0.010448 0.010448 0.010448 0.010448 0.010447 0.010444 0.010434 0.010402 0.010308 0.010064 0.009502 0.008369 0.006404 0.003519 0.000000 
50.000000 34.565873 21.430718 11.873538 5.881449 2.613159 1.046825 0.380850 0.127377 0.040314 0.013128 0.005361 0.003319 0.002822 0.002710 0.002686 0.002682 0.002681 0.002681 0.002681 0.002681 0.002681 0.002681 0.002681 0.002681 0.002681 0.002681 0.002681 0.002681 0.002681 0.002681 0.002681 0.002681 0.002681 0.002681 0.002681 0.002681 0.002681 0.002681 0.002680 0.002680 0.002677 0.002668 0.002644 0.002579 0.002433 0.002139 0.001633 0.000896 0.000000 
50.000000 34.565237 21.429541 11.871971 5.879640 2.611219 1.044823 0.378822 0.125339 0.038273 0.011086 0.003319 0.001277 0.000780 0.000668 0.000644 0.000640 0.000639 0.000638 0.000638 0.000638 0.000638 0.000638 0.000638 0.000638 0.000638 0.000638 0.000638 0.000638 0.000638 0.000638 0.000638 0.000638 0.000638 0.000638 0.000638 0.000638 0.000638 0.000638 0.000638 0.000638 0.000638 0.000635 0.000629 0.000614 0.000578 0.000508 0.000387 0.000212 0.000000 
50.000000 34.565081 21.429255 11.871590 5.879199 2.610747 1.044336 0.378329 0.124843 0.037776 0.010590 0.002822 0.000780 0.000283 0.000171 0.000147 0.000143 0.000142 0.000142 0.000142 0.000142 0.000142 0.000142 0.000142 0.000142 0.000142 0.000142 0.000142 0.000142 0.000142 0.000142 0.000142 0.000142 0.000142 0.000142 0.000142 0.000142 0.000142 0.000142 0.000142 0.000142 0.000141 0.000141 0.000140 0.000136 0.000128 0.000112 0.000086 0.000047 0.000000 
50.000000 34.565046 21.429190 11.871504 5.879100 2.610640 1.044226 0.378217 0.124731 0.037664 0.010477 0.002710 0.000668 0.000171 0.000059 0.000035 0.000030 0.000030 0.000029 0.000029 0.000029 0.000029 0.000029 0.000029 0.000029 0.000029 0.000029 0.000029 0.000029 0.000029 0.000029 0.000029 0.000029 0.000029 0.000029 0.000029 0.000029 0.000029 0.000029 0.000029 0.000029 0.000029 0.000029 0.000029 0.000028 0.000027 0.000023 0.000018 0.000010 0.000000 
50.000000 34.565039 21.429176 11.871486 5.879079 2.610617 1.044203 0.378194 0.124708 0.037640 0.010454 0.002686 0.000644 0.000147 0.000035 0.000011 0.000007 0.000006 0.000006 0.000006 0.000006 0.000006 0.000006 0.000006 0.000006 0.000006 0.000006 0.000006 0.000006 0.000006 0.000006 0.000006 0.000006 0.000006 0.000006 0.000006 0.000006 0.000006 0.000006 0.000006 0.000006 0.000006 0.000006 0.000006 0.000006 0.000005 0.000005 0.000003 0.000002 0.000000 
50.000000 34.565037 21.429174 11.871482 5.879075 2.610613 1.044198 0.378189 0.124703 0.037636 0.010449 0.002682 0.000640 0.000143 0.000030 0.000007 0.000002 0.000001 0.000001 0.000001 0.000001 0.000001 0.000001 0.000001 0.000001 0.000001 0.000001 0.000001 0.000001 0.000001 0.000001 0.000001 0.000001 0.000001 0.000001 0.000001 0.000001 0.000001 0.000001 0.000001 0.000001 0.000001 0.000001 0.000001 0.000001 0.000001 0.000001 0.000001 0.000000 0.000000 
50.000000 34.565037 21.429173 11.871481 5.879074 2.610612 1.044198 0.378188 0.124702 0.037635 0.010448 0.002681 0.000639 0.000142 0.000030 0.000006 0.000001 0.000000 0.000000 0.000000 0.000000 0.000000 0.000000 0.000000 0.000000 0.000000 0.000000 0.000000 0.000000 0.000000 0.000000 0.000000 0.000000 0.000000 0.000000 0.000000 0.000000 0.000000 0.000000 0.000000 0.000000 0.000000 0.000000 0.000000 0.000000 0.000000 0.000000 0.000000 0.000000 0.000000 
50.000000 34.565037 21.429173 11.871481 5.879074 2.610612 1.044197 0.378188 0.124702 0.037635 0.010448 0.002681 0.000638 0.000142 0.000029 0.000006 0.000001 0.000000 0.000000 0.000000 0.000000 0.000000 0.000000 0.000000 0.000000 0.000000 0.000000 0.000000 0.000000 0.000000 0.000000 0.000000 0.000000 0.000000 0.000000 0.000000 0.000000 0.000000 0.000000 0.000000 0.000000 0.000000 0.000000 0.000000 0.000000 0.000000 0.000000 0.000000 0.000000 0.000000 
50.000000 34.565037 21.429173 11.871481 5.879074 2.610612 1.044197 0.378188 0.124702 0.037635 0.010448 0.002681 0.000638 0.000142 0.000029 0.000006 0.000001 0.000000 0.000000 0.000000 0.000000 0.000000 0.000000 0.000000 0.000000 0.000000 0.000000 0.000000 0.000000 0.000000 0.000000 0.000000 0.000000 0.000000 0.000000 0.000000 0.000000 0.000000 0.000000 0.000000 0.000000 0.000000 0.000000 0.000000 0.000000 0.000000 0.000000 0.000000 0.000000 0.000000 
50.000000 34.565037 21.429173 11.871481 5.879074 2.610612 1.044197 0.378188 0.124702 0.037635 0.010448 0.002681 0.000638 0.000142 0.000029 0.000006 0.000001 0.000000 0.000000 0.000000 0.000000 0.000000 0.000000 0.000000 0.000000 0.000000 0.000000 0.000000 0.000000 0.000000 0.000000 0.000000 0.000000 0.000000 0.000000 0.000000 0.000000 0.000000 0.000000 0.000000 0.000000 0.000000 0.000000 0.000000 0.000000 0.000000 0.000000 0.000000 0.000000 0.000000 
50.000000 34.565037 21.429173 11.871481 5.879074 2.610612 1.044197 0.378188 0.124702 0.037635 0.010448 0.002681 0.000638 0.000142 0.000029 0.000006 0.000001 0.000000 0.000000 0.000000 0.000000 0.000000 0.000000 0.000000 0.000000 0.000000 0.000000 0.000000 0.000000 0.000000 0.000000 0.000000 0.000000 0.000000 0.000000 0.000000 0.000000 0.000000 0.000000 0.000000 0.000000 0.000000 0.000000 0.000000 0.000000 0.000000 0.000000 0.000000 0.000000 0.000000 
50.000000 34.565037 21.429173 11.871481 5.879074 2.610612 1.044197 0.378188 0.124702 0.037635 0.010448 0.002681 0.000638 0.000142 0.000029 0.000006 0.000001 0.000000 0.000000 0.000000 0.000000 0.000000 0.000000 0.000000 0.000000 0.000000 0.000000 0.000000 0.000000 0.000000 0.000000 0.000000 0.000000 0.000000 0.000000 0.000000 0.000000 0.000000 0.000000 0.000000 0.000000 0.000000 0.000000 0.000000 0.000000 0.000000 0.000000 0.000000 0.000000 0.000000 
50.000000 34.565037 21.429173 11.871481 5.879074 2.610612 1.044197 0.378188 0.124702 0.037635 0.010448 0.002681 0.000638 0.000142 0.000029 0.000006 0.000001 0.000000 0.000000 0.000000 0.000000 0.000000 0.000000 0.000000 0.000000 0.000000 0.000000 0.000000 0.000000 0.000000 0.000000 0.000000 0.000000 0.000000 0.000000 0.000000 0.000000 0.000000 0.000000 0.000000 0.000000 0.000000 0.000000 0.000000 0.000000 0.000000 0.000000 0.000000 0.000000 0.000000 
50.000000 34.565037 21.429173 11.871481 5.879074 2.610612 1.044197 0.378188 0.124702 0.037635 0.010448 0.002681 0.000638 0.000142 0.000029 0.000006 0.000001 0.000000 0.000000 0.000000 0.000000 0.000000 0.000000 0.000000 0.000000 0.000000 0.000000 0.000000 0.000000 0.000000 0.000000 0.000000 0.000000 0.000000 0.000000 0.000000 0.000000 0.000000 0.000000 0.000000 0.000000 0.000000 0.000000 0.000000 0.000000 0.000000 0.000000 0.000000 0.000000 0.000000 
50.000000 34.565037 21.429173 11.871481 5.879074 2.610612 1.044197 0.378188 0.124702 0.037635 0.010448 0.002681 0.000638 0.000142 0.000029 0.000006 0.000001 0.000000 0.000000 0.000000 0.000000 0.000000 0.000000 0.000000 0.000000 0.000000 0.000000 0.000000 0.000000 0.000000 0.000000 0.000000 0.000000 0.000000 0.000000 0.000000 0.000000 0.000000 0.000000 0.000000 0.000000 0.000000 0.000000 0.000000 0.000000 0.000000 0.000000 0.000000 0.000000 0.000000 
50.000000 34.565037 21.429173 11.871481 5.879074 2.610612 1.044197 0.378188 0.124702 0.037635 0.010448 0.002681 0.000638 0.000142 0.000029 0.000006 0.000001 0.000000 0.000000 0.000000 0.000000 0.000000 0.000000 0.000000 0.000000 0.000000 0.000000 0.000000 0.000000 0.000000 0.000000 0.000000 0.000000 0.000000 0.000000 0.000000 0.000000 0.000000 0.000000 0.000000 0.000000 0.000000 0.000000 0.000000 0.000000 0.000000 0.000000 0.000000 0.000000 0.000000 
50.000000 34.565037 21.429173 11.871481 5.879074 2.610612 1.044197 0.378188 0.124702 0.037635 0.010448 0.002681 0.000638 0.000142 0.000029 0.000006 0.000001 0.000000 0.000000 0.000000 0.000000 0.000000 0.000000 0.000000 0.000000 0.000000 0.000000 0.000000 0.000000 0.000000 0.000000 0.000000 0.000000 0.000000 0.000000 0.000000 0.000000 0.000000 0.000000 0.000000 0.000000 0.000000 0.000000 0.000000 0.000000 0.000000 0.000000 0.000000 0.000000 0.000000 
50.000000 34.565037 21.429173 11.871481 5.879074 2.610612 1.044197 0.378188 0.124702 0.037635 0.010448 0.002681 0.000638 0.000142 0.000029 0.000006 0.000001 0.000000 0.000000 0.000000 0.000000 0.000000 0.000000 0.000000 0.000000 0.000000 0.000000 0.000000 0.000000 0.000000 0.000000 0.000000 0.000000 0.000000 0.000000 0.000000 0.000000 0.000000 0.000000 0.000000 0.000000 0.000000 0.000000 0.000000 0.000000 0.000000 0.000000 0.000000 0.000000 0.000000 
50.000000 34.565037 21.429173 11.871481 5.879074 2.610612 1.044197 0.378188 0.124702 0.037635 0.010448 0.002681 0.000638 0.000142 0.000029 0.000006 0.000001 0.000000 0.000000 0.000000 0.000000 0.000000 0.000000 0.000000 0.000000 0.000000 0.000000 0.000000 0.000000 0.000000 0.000000 0.000000 0.000000 0.000000 0.000000 0.000000 0.000000 0.000000 0.000000 0.000000 0.000000 0.000000 0.000000 0.000000 0.000000 0.000000 0.000000 0.000000 0.000000 0.000000 
50.000000 34.565037 21.429173 11.871481 5.879074 2.610612 1.044197 0.378188 0.124702 0.037635 0.010448 0.002681 0.000638 0.000142 0.000029 0.000006 0.000001 0.000000 0.000000 0.000000 0.000000 0.000000 0.000000 0.000000 0.000000 0.000000 0.000000 0.000000 0.000000 0.000000 0.000000 0.000000 0.000000 0.000000 0.000000 0.000000 0.000000 0.000000 0.000000 0.000000 0.000000 0.000000 0.000000 0.000000 0.000000 0.000000 0.000000 0.000000 0.000000 0.000000 
50.000000 34.565037 21.429173 11.871481 5.879074 2.610612 1.044197 0.378188 0.124702 0.037635 0.010448 0.002681 0.000638 0.000142 0.000029 0.000006 0.000001 0.000000 0.000000 0.000000 0.000000 0.000000 0.000000 0.000000 0.000000 0.000000 0.000000 0.000000 0.000000 0.000000 0.000000 0.000000 0.000000 0.000000 0.000000 0.000000 0.000000 0.000000 0.000000 0.000000 0.000000 0.000000 0.000000 0.000000 0.000000 0.000000 0.000000 0.000000 0.000000 0.000000 
50.000000 34.565037 21.429173 11.871481 5.879074 2.610612 1.044198 0.378188 0.124702 0.037635 0.010448 0.002681 0.000639 0.000142 0.000030 0.000006 0.000001 0.000000 0.000000 0.000000 0.000000 0.000000 0.000000 0.000000 0.000000 0.000000 0.000000 0.000000 0.000000 0.000000 0.000000 0.000000 0.000000 0.000000 0.000000 0.000000 0.000000 0.000000 0.000000 0.000000 0.000000 0.000000 0.000000 0.000000 0.000000 0.000000 0.000000 0.000000 0.000000 0.000000 
50.000000 34.565037 21.429174 11.871482 5.879075 2.610613 1.044198 0.378189 0.124703 0.037636 0.010449 0.002682 0.000640 0.000143 0.000030 0.000007 0.000002 0.000001 0.000001 0.000001 0.000001 0.000001 0.000001 0.000001 0.000001 0.000001 0.000001 0.000001 0.000001 0.000001 0.000001 0.000001 0.000001 0.000001 0.000001 0.000001 0.000001 0.000001 0.000001 0.000001 0.000001 0.000001 0.000001 0.000001 0.000001 0.000001 0.000001 0.000001 0.000000 0.000000 
50.000000 34.565039 21.429176 11.871486 5.879079 2.610617 1.044203 0.378194 0.124708 0.037640 0.010454 0.002686 0.000644 0.000147 0.000035 0.000011 0.000007 0.000006 0.000006 0.000006 0.000006 0.000006 0.000006 0.000006 0.000006 0.000006 0.000006 0.000006 0.000006 0.000006 0.000006 0.000006 0.000006 0.000006 0.000006 0.000006 0.000006 0.000006 0.000006 0.000006 0.000006 0.000006 0.000006 0.000006 0.000006 0.000005 0.000005 0.000003 0.000002 0.000000 
50.000000 34.565046 21.429190 11.871504 5.879100 2.610640 1.044226 0.378217 0.124731 0.037664 0.010477 0.002710 0.000668 0.000171 0.000059 0.000035 0.000030 0.000030 0.000029 0.000029 0.000029 0.000029 0.000029 0.000029 0.000029 0.000029 0.000029 0.000029 0.000029 0.000029 0.000029 0.000029 0.000029 0.000029 0.000029 0.000029 0.000029 0.000029 0.000029 0.000029 0.000029 0.000029 0.000029 0.000029 0.000028 0.000027 0.000023 0.000018 0.000010 0.000000 
50.000000 34.565081 21.429255 11.871590 5.879199 2.610747 1.044336 0.378329 0.124843 0.037776 0.010590 0.002822 0.000780 0.000283 0.000171 0.000147 0.000143 0.000142 0.000142 0.000142 0.000142 0.000142 0.000142 0.000142 0.000142 0.000142 0.000142 0.000142 0.000142 0.000142 0.000142 0.000142 0.000142 0.000142 0.000142 0.000142 0.000142 0.000142 0.000142 0.000142 0.000142 0.000141 0.000141 0.000140 0.000136 0.000128 0.000112 0.000086 0.000047 0.000000 
50.000000 34.565237 21.429541 11.871971 5.879640 2.611219 1.044823 0.378822 0.125339 0.038273 0.011086 0.003319 0.001277 0.000780 0.000668 0.000644 0.000640 0.000639 0.000638 0.000638 0.000638 0.000638 0.000638 0.000638 0.000638 0.000638 0.000638 0.000638 0.000638 0.000638 0.000638 0.000638 0.000638 0.000638 0.000638 0.000638 0.000638 0.000638 0.000638 0.000638 0.000638 0.000638 0.000635 0.000629 0.000614 0.000578 0.000508 0.000387 0.000212 0.000000 
50.000000 34.565873 21.430718 11.873538 5.881449 2.613159 1.046825 0.380850 0.127377 0.040314 0.013128 0.005361 0.003319 0.002822 0.002710 0.002686 0.002682 0.002681 0.002681 0.002681 0.002681 0.002681 0.002681 0.002681 0.002681 0.002681 0.002681 0.002681 0.002681 0.002681 0.002681 0.002681 0.002681 0.002681 0.002681 0.002681 0.002681 0.002681 0.002681 0.002680 0.002680 0.002677 0.002668 0.002644 0.002579 0.002433 0.002139 0.001633 0.000896 0.000000 
50.000000 34.568291 21.435188 11.879493 5.888327 2.620535 1.054438 0.388562 0.135126 0.048075 0.020894 0.013128 0.011086 0.010590 0.010477 0.010454 0.010449 0.010448 0.010448 0.010448 0.010448 0.010448 0.010448 0.010448 0.010448 0.010448 0.010448 0.010448 0.010448 0.010448 0.010448 0.010448 0.010448 0.010448 0.010448 0.010448 0.010448 0.010448 0.010448 0.010447 0.010444 0.010434 0.010402 0.010308 0.010064 0.009502 0.008369 0.006404 0.003519 0.000000 
50.000000 34.576743 21.450815 11.900316 5.912387 2.646346 1.081080 0.415553 0.162249 0.075243 0.048075 0.040314 0.038273 0.037776 0.037664 0.037640 0.037636 0.037635 0.037635 0.037635 0.037635 0.037635 0.037635 0.037635 0.037635 0.037635 0.037635 0.037635 0.037635 0.037635 0.037635 0.037635 0.037635 0.037635 0.037635 0.037635 0.037635 0.037634 0.037634 0.037631 0.037621 0.037587 0.037476 0.037151 0.036301 0.034324 0.030302 0.023252 0.012809 0.000000 
50.000000 34.603778 21.500811 11.966954 5.989401 2.728982 1.166390 0.501990 0.249110 0.162249 0.135126 0.127377 0.125339 0.124843 0.124731 0.124708 0.124703 0.124702 0.124702 0.124702 0.124702 0.124702 0.124702 0.124702 0.124702 0.124702 0.124702 0.124702 0.124702 0.124702 0.124702 0.124702 0.124702 0.124702 0.124702 0.124702 0.124702 0.124702 0.124700 0.124692 0.124662 0.124555 0.124209 0.123189 0.120490 0.114147 0.101076 0.077860 0.043049 0.000000 
50.000000 34.682392 21.646222 12.160816 6.213510 2.969499 1.414722 0.753622 0.501990 0.415553 0.388562 0.380850 0.378822 0.378329 0.378217 0.378194 0.378189 0.378188 0.378188 0.378188 0.378188 0.378188 0.378188 0.378188 0.378188 0.378188 0.378188 0.378188 0.378188 0.378188 0.378188 0.378188 0.378188 0.378188 0.378188 0.378188 0.378188 0.378187 0.378181 0.378160 0.378077 0.377781 0.376811 0.373927 0.366205 0.347791 0.309219 0.239480 0.133107 0.000000 
50.000000 34.888710 22.027911 12.669810 6.802059 3.601265 2.067102 1.414722 1.166390 1.081080 1.054438 1.046825 1.044823 1.044336 1.044226 1.044203 1.044198 1.044198 1.044197 1.044197 1.044197 1.044197 1.044197 1.044197 1.044197 1.044197 1.044197 1.044197 1.044197 1.044197 1.044197 1.044197 1.044197 1.044197 1.044197 1.044197 1.044197 1.044194 1.044182 1.044130 1.043928 1.043201 1.040795 1.033551 1.013859 0.966034 0.863660 0.674012 0.377601 0.000000 
50.000000 35.373446 22.924830 13.866146 8.185692 5.086767 3.601265 2.969499 2.728982 2.646346 2.620535 2.613159 2.611219 2.610747 2.610640 2.610617 2.610613 2.610612 2.610612 2.610612 2.610612 2.610612 2.610612 2.610612 2.610612 2.610612 2.610612 2.610612 2.610612 2.610612 2.610612 2.610612 2.610612 2.610612 2.610612 2.610612 2.610611 2.610605 2.610579 2.610471 2.610045 2.608492 2.603295 2.587406 2.543383 2.433911 2.192717 1.730538 0.981702 0.000000 
50.000000 36.383930 24.794835 16.360921 11.071632 8.185692 6.802059 6.213510 5.989401 5.912387 5.888327 5.881449 5.879640 5.879199 5.879100 5.879079 5.879075 5.879074 5.879074 5.879074 5.879074 5.879074 5.879074 5.879074 5.879074 5.879074 5.879074 5.879074 5.879074 5.879074 5.879074 5.879074 5.879074 5.879074 5.879074 5.879073 5.879071 5.879061 5.879017 5.878825 5.878062 5.875254 5.865719 5.836024 5.751781 5.535816 5.041198 4.046807 2.344419 0.000000 
50.000000 38.235028 28.220936 20.932487 16.360921 13.866146 12.669810 12.160816 11.966954 11.900316 11.879493 11.873538 11.871971 11.871590 11.871504 11.871486 11.871482 11.871481 11.871481 11.871481 11.871481 11.871481 11.871481 11.871481 11.871481 11.871481 11.871481 11.871481 11.871481 11.871481 11.871481 11.871481 11.871481 11.871481 11.871481 11.871480 11.871478 11.871464 11.871400 11.871123 11.870015 11.865878 11.851597 11.806150 11.673429 11.319723 10.466244 8.627167 5.189780 0.000000 
50.000000 41.185501 33.682393 28.220936 24.794835 22.924830 22.027911 21.646222 21.500811 21.450815 21.435188 21.430718 21.429541 21.429255 21.429190 21.429176 21.429174 21.429173 21.429173 21.429173 21.429173 21.429173 21.429173 21.429173 21.429173 21.429173 21.429173 21.429173 21.429173 21.429173 21.429173 21.429173 21.429173 21.429173 21.429173 21.429172 21.429169 21.429154 21.429085 21.428784 21.427563 21.422951 21.406742 21.353899 21.194292 20.748029 19.593769 16.841197 10.886908 0.000000 
50.000000 45.238641 41.185501 38.235028 36.383930 35.373446 34.888710 34.682392 34.603778 34.576743 34.568291 34.565873 34.565237 34.565081 34.565046 34.565039 34.565037 34.565037 34.565037 34.565037 34.565037 34.565037 34.565037 34.565037 34.565037 34.565037 34.565037 34.565037 34.565037 34.565037 34.565037 34.565037 34.565037 34.565037 34.565037 34.565037 34.565035 34.565025 34.564978 34.564773 34.563934 34.560729 34.549286 34.511109 34.391743 34.039511 33.045248 30.298593 22.619320 0.000000 
50.000000 50.000000 50.000000 50.000000 50.000000 50.000000 50.000000 50.000000 50.000000 50.000000 50.000000 50.000000 50.000000 50.000000 50.000000 50.000000 50.000000 50.000000 50.000000 50.000000 50.000000 50.000000 50.000000 50.000000 50.000000 50.000000 50.000000 50.000000 50.000000 50.000000 50.000000 50.000000 50.000000 50.000000 50.000000 50.000000 50.000000 50.000000 50.000000 50.000000 50.000000 50.000000 50.000000 50.000000 50.000000 50.000000 50.000000 50.000000 50.000000 50.000000 
