50.000000 50.000000 50.000000 50.000000 50.000000 50.000000 50.000000 50.000000 50.000000 50.000000 50.000000 50.000000 50.000000 50.000000 50.000000 50.000000 50.000000 50.000000 50.000000 50.000000 50.000000 50.000000 50.000000 50.000000 50.000000 50.000000 50.000000 50.000000 50.000000 50.000000 50.000000 50.000000 50.000000 50.000000 50.000000 50.000000 50.000000 50.000000 50.000000 50.000000 50.000000 50.000000 50.000000 50.000000 50.000000 50.000000 50.000000 50.000000 50.000000 50.000000 
50.000000 45.951636 42.415918 39.711776 37.891997 36.807759 36.231901 35.957351 35.839051 35.792688 35.776063 35.770579 35.768907 35.768433 35.768308 35.768277 35.768270 35.768268 35.768268 35.768268 35.768268 35.768268 35.768268 35.768268 35.768268 35.768268 35.768268 35.768268 35.768268 35.768268 35.768268 35.768268 35.768268 35.768268 35.768267 35.768266 35.768258 35.768224 35.768089 35.767575 35.765743 35.759596 35.740195 35.682485 35.519931 35.082376 33.938780 30.962562 22.975818 0.000000 
50.000000 42.415918 35.792370 30.726865 27.318209 25.287475 24.209020 23.694905 23.473408 23.386611 23.355491 23.345227 23.342098 23.341212 23.340978 23.340920 23.340907 23.340904 23.340903 23.340903 23.340903 23.340903 23.340903 23.340903 23.340903 23.340903 23.340903 23.340903 23.340903 23.340903 23.340903 23.340903 23.340903 23.340903 23.340902 23.340899 23.340887 23.340835 23.340625 23.339834 23.337036 23.327750 23.298903 23.215033 22.986819 22.405008 21.013495 17.896185 11.453356 0.000000 
50.000000 39.711776 30.726865 23.855896 19.232741 16.478778 15.016438 14.319428 14.019182 13.901548 13.859381 13.845476 13.841237 13.840037 13.839720 13.839642 13.839623 13.839620 13.839619 13.839619 13.839619 13.839619 13.839619 13.839619 13.839619 13.839619 13.839619 13.839619 13.839619 13.839619 13.839619 13.839619 13.839618 13.839618 13.839618 13.839615 13.839603 13.839550 13.839342 13.838562 13.835830 13.826886 13.799601 13.722224 13.518892 13.025663 11.927948 9.713370 5.772996 0.000000 
50.000000 37.891997 27.318209 19.232741 13.792936 10.552903 8.832712 8.012932 7.659865 7.521562 7.471995 7.455653 7.450672 7.449263 7.448891 7.448799 7.448778 7.448773 7.448772 7.448772 7.448772 7.448772 7.448772 7.448772 7.448772 7.448772 7.448772 7.448772 7.448772 7.448772 7.448772 7.448772 7.448772 7.448772 7.448771 7.448769 7.448759 7.448719 7.448559 7.447966 7.445910 7.439272 7.419371 7.364225 7.223686 6.896468 6.207077 4.913200 2.809621 0.000000 
50.000000 36.807759 25.287475 16.478778 10.552903 7.023742 5.150285 4.257591 3.873182 3.722626 3.668677 3.650894 3.645475 3.643942 3.643537 3.643437 3.643414 3.643409 3.643408 3.643408 3.643408 3.643408 3.643408 3.643408 3.643408 3.643408 3.643408 3.643408 3.643408 3.643408 3.643408 3.643408 3.643408 3.643408 3.643407 3.643406 3.643400 3.643374 3.643273 3.642901 3.641625 3.637555 3.625543 3.592918 3.511871 3.329218 2.959885 2.300656 1.287828 0.000000 
50.000000 36.231901 24.209020 15.016438 8.832712 5.150285 3.195653 2.264379 1.863402 1.706377 1.650118 1.631576 1.625926 1.624328 1.623906 1.623802 1.623778 1.623773 1.623772 1.623771 1.623771 1.623771 1.623771 1.623771 1.623771 1.623771 1.623771 1.623771 1.623771 1.623771 1.623771 1.623771 1.623771 1.623771 1.623771 1.623770 1.623767 1.623753 1.623698 1.623499 1.622821 1.620683 1.614456 1.597827 1.557368 1.468487 1.294214 0.993987 0.549415 0.000000 
50.000000 35.957351 23.694905 14.319428 8.012932 4.257591 2.264379 1.314788 0.905955 0.745867 0.688515 0.669614 0.663856 0.662227 0.661797 0.661691 0.661666 0.661661 0.661660 0.661659 0.661659 0.661659 0.661659 0.661659 0.661659 0.661659 0.661659 0.661659 0.661659 0.661659 0.661659 0.661659 0.661659 0.661659 0.661659 0.661659 0.661657 0.661651 0.661625 0.661532 0.661216 0.660231 0.657394 0.649923 0.632048 0.593560 0.519827 0.396002 0.217156 0.000000 
50.000000 35.839051 23.473408 14.019182 7.659865 3.873182 1.863402 0.905955 0.493758 0.332359 0.274539 0.255486 0.249681 0.248039 0.247606 0.247499 0.247474 0.247469 0.247468 0.247468 0.247468 0.247468 0.247468 0.247468 0.247468 0.247468 0.247468 0.247468 0.247468 0.247468 0.247468 0.247468 0.247468 0.247468 0.247468 0.247467 0.247467 0.247464 0.247453 0.247414 0.247284 0.246879 0.245725 0.242720 0.235627 0.220593 0.192296 0.145657 0.079455 0.000000 
50.000000 35.792688 23.386611 13.901548 7.521562 3.722626 1.706377 0.745867 0.332359 0.170450 0.112450 0.093337 0.087514 0.085867 0.085433 0.085325 0.085301 0.085295 0.085294 0.085294 0.085294 0.085294 0.085294 0.085294 0.085294 0.085294 0.085294 0.085294 0.085294 0.085294 0.085294 0.085294 0.085294 0.085294 0.085294 0.085294 0.085293 0.085292 0.085288 0.085274 0.085225 0.085075 0.084651 0.083556 0.081001 0.075651 0.065719 0.049575 0.026945 0.000000 
50.000000 35.776063 23.355491 13.859381 7.471995 3.668677 1.650118 0.688515 0.274539 0.112450 0.054385 0.035251 0.029422 0.027773 0.027338 0.027231 0.027206 0.027201 0.027199 0.027199 0.027199 0.027199 0.027199 0.027199 0.027199 0.027199 0.027199 0.027199 0.027199 0.027199 0.027199 0.027199 0.027199 0.027199 0.027199 0.027199 0.027199 0.027199 0.027197 0.027192 0.027176 0.027125 0.026983 0.026619 0.025776 0.024029 0.020819 0.015657 0.008488 0.000000 
50.000000 35.770579 23.345227 13.845476 7.455653 3.650894 1.631576 0.669614 0.255486 0.093337 0.035251 0.016110 0.010279 0.008630 0.008195 0.008087 0.008062 0.008057 0.008056 0.008056 0.008056 0.008056 0.008056 0.008056 0.008056 0.008056 0.008056 0.008056 0.008056 0.008056 0.008056 0.008056 0.008056 0.008056 0.008056 0.008056 0.008056 0.008055 0.008055 0.008053 0.008048 0.008033 0.007989 0.007877 0.007621 0.007094 0.006134 0.004603 0.002490 0.000000 
50.000000 35.768907 23.342098 13.841237 7.450672 3.645475 1.625926 0.663856 0.249681 0.087514 0.029422 0.010279 0.004448 0.002798 0.002363 0.002256 0.002231 0.002225 0.002224 0.002224 0.002224 0.002224 0.002224 0.002224 0.002224 0.002224 0.002224 0.002224 0.002224 0.002224 0.002224 0.002224 0.002224 0.002224 0.002224 0.002224 0.002224 0.002224 0.002224 0.002223 0.002222 0.002217 0.002205 0.002173 0.002101 0.001953 0.001686 0.001263 0.000683 0.000000 
50.000000 35.768433 23.341212 13.840037 7.449263 3.643942 1.624328 0.662227 0.248039 0.085867 0.027773 0.008630 0.002798 0.001148 0.000713 0.000606 0.000581 0.000576 0.000574 0.000574 0.000574 0.000574 0.000574 0.000574 0.000574 0.000574 0.000574 0.000574 0.000574 0.000574 0.000574 0.000574 0.000574 0.000574 0.000574 0.000574 0.000574 0.000574 0.000574 0.000574 0.000574 0.000572 0.000569 0.000561 0.000542 0.000503 0.000434 0.000325 0.000175 0.000000 
50.000000 35.768308 23.340978 13.839720 7.448891 3.643537 1.623906 0.661797 0.247606 0.085433 0.027338 0.008195 0.002363 0.000713 0.000278 0.000171 0.000146 0.000141 0.000139 0.000139 0.000139 0.000139 0.000139 0.000139 0.000139 0.000139 0.000139 0.000139 0.000139 0.000139 0.000139 0.000139 0.000139 0.000139 0.000139 0.000139 0.000139 0.000139 0.000139 0.000139 0.000139 0.000139 0.000138 0.000136 0.000131 0.000122 0.000105 0.000078 0.000042 0.000000 
50.000000 35.768277 23.340920 13.839642 7.448799 3.643437 1.623802 0.661691 0.247499 0.085325 0.027231 0.008087 0.002256 0.000606 0.000171 0.000063 0.000039 0.000033 0.000032 0.000032 0.000032 0.000032 0.000032 0.000032 0.000032 0.000032 0.000032 0.000032 0.000032 0.000032 0.000032 0.000032 0.000032 0.000032 0.000032 0.000032 0.000032 0.000032 0.000032 0.000032 0.000032 0.000032 0.000031 0.000031 0.000030 0.000028 0.000024 0.000018 0.000010 0.000000 
50.000000 35.768270 23.340907 13.839623 7.448778 3.643414 1.623778 0.661666 0.247474 0.085301 0.027206 0.008062 0.002231 0.000581 0.000146 0.000039 0.000014 0.000008 0.000007 0.000007 0.000007 0.000007 0.000007 0.000007 0.000007 0.000007 0.000007 0.000007 0.000007 0.000007 0.000007 0.000007 0.000007 0.000007 0.000007 0.000007 0.000007 0.000007 0.000007 0.000007 0.000007 0.000007 0.000007 0.000007 0.000006 0.000006 0.000005 0.000004 0.000002 0.000000 
50.000000 35.768268 23.340904 13.839620 7.448773 3.643409 1.623773 0.661661 0.247469 0.085295 0.027201 0.008057 0.002225 0.000576 0.000141 0.000033 0.000008 0.000003 0.000002 0.000001 0.000001 0.000001 0.000001 0.000001 0.000001 0.000001 0.000001 0.000001 0.000001 0.000001 0.000001 0.000001 0.000001 0.000001 0.000001 0.000001 0.000001 0.000001 0.000001 0.000001 0.000001 0.000001 0.000001 0.000001 0.000001 0.000001 0.000001 0.000001 0.000000 0.000000 
50.000000 35.768268 23.340903 13.839619 7.448772 3.643408 1.623772 0.661660 0.247468 0.085294 0.027199 0.008056 0.002224 0.000574 0.000139 0.000032 0.000007 0.000002 0.000001 0.000000 0.000000 0.000000 0.000000 0.000000 0.000000 0.000000 0.000000 0.000000 0.000000 0.000000 0.000000 0.000000 0.000000 0.000000 0.000000 0.000000 0.000000 0.000000 0.000000 0.000000 0.000000 0.000000 0.000000 0.000000 0.000000 0.000000 0.000000 0.000000 0.000000 0.000000 
50.000000 35.768268 23.340903 13.839619 7.448772 3.643408 1.623771 0.661659 0.247468 0.085294 0.027199 0.008056 0.002224 0.000574 0.000139 0.000032 0.000007 0.000001 0.000000 0.000000 0.000000 0.000000 0.000000 0.000000 0.000000 0.000000 0.000000 0.000000 0.000000 0.000000 0.000000 0.000000 0.000000 0.000000 0.000000 0.000000 0.000000 0.000000 0.000000 0.000000 0.000000 0.000000 0.000000 0.000000 0.000000 0.000000 0.000000 0.000000 0.000000 0.000000 
50.000000 35.768268 23.340903 13.839619 7.448772 3.643408 1.623771 0.661659 0.247468 0.085294 0.027199 0.008056 0.002224 0.000574 0.000139 0.000032 0.000007 0.000001 0.000000 0.000000 0.000000 0.000000 0.000000 0.000000 0.000000 0.000000 0.000000 0.000000 0.000000 0.000000 0.000000 0.000000 0.000000 0.000000 0.000000 0.000000 0.000000 0.000000 0.000000 0.000000 0.000000 0.000000 0.000000 0.000000 0.000000 0.000000 0.000000 0.000000 0.000000 0.000000 
50.000000 35.768268 23.340903 13.839619 7.448772 3.643408 1.623771 0.661659 0.247468 0.085294 0.027199 0.008056 0.002224 0.000574 0.000139 0.000032 0.000007 0.000001 0.000000 0.000000 0.000000 0.000000 0.000000 0.000000 0.000000 0.000000 0.000000 0.000000 0.000000 0.000000 0.000000 0.000000 0.000000 0.000000 0.000000 0.000000 0.000000 0.000000 0.000000 0.000000 0.000000 0.000000 0.000000 0.000000 0.000000 0.000000 0.000000 0.000000 0.000000 0.000000 
50.000000 35.768268 23.340903 13.839619 7.448772 3.643408 1.623771 0.661659 0.247468 0.085294 0.027199 0.008056 0.002224 0.000574 0.000139 0.000032 0.000007 0.000001 0.000000 0.000000 0.000000 0.000000 0.000000 0.000000 0.000000 0.000000 0.000000 0.000000 0.000000 0.000000 0.000000 0.000000 0.000000 0.000000 0.000000 0.000000 0.000000 0.000000 0.000000 0.000000 0.000000 0.000000 0.000000 0.000000 0.000000 0.000000 0.000000 0.000000 0.000000 0.000000 
50.000000 35.768268 23.340903 13.839619 7.448772 3.643408 1.623771 0.661659 0.247468 0.085294 0.027199 0.008056 0.002224 0.000574 0.000139 0.000032 0.000007 0.000001 0.000000 0.000000 0.000000 0.000000 0.000000 0.000000 0.000000 0.000000 0.000000 0.000000 0.000000 0.000000 0.000000 0.000000 0.000000 0.000000 0.000000 0.000000 0.000000 0.000000 0.000000 0.000000 0.000000 0.000000 0.000000 0.000000 0.000000 0.000000 0.000000 0.000000 0.000000 0.000000 
50.000000 35.768268 23.340903 13.839619 7.448772 3.643408 1.623771 0.661659 0.247468 0.085294 0.027199 0.008056 0.002224 0.000574 0.000139 0.000032 0.000007 0.000001 0.000000 0.000000 0.000000 0.000000 0.000000 0.000000 0.000000 0.000000 0.000000 0.000000 0.000000 0.000000 0.000000 0.000000 0.000000 0.000000 0.000000 0.000000 0.000000 0.000000 0.000000 0.000000 0.000000 0.000000 0.000000 0.000000 0.000000 0.000000 0.000000 0.000000 0.000000 0.000000 
50.000000 35.768268 23.340903 13.839619 7.448772 3.643408 1.623771 0.661659 0.247468 0.085294 0.027199 0.008056 0.002224 0.000574 0.000139 0.000032 0.000007 0.000001 0.000000 0.000000 0.000000 0.000000 0.000000 0.000000 0.000000 0.000000 0.000000 0.000000 0.000000 0.000000 0.000000 0.000000 0.000000 0.000000 0.000000 0.000000 0.000000 0.000000 0.000000 0.000000 0.000000 0.000000 0.000000 0.000000 0.000000 0.000000 0.000000 0.000000 0.000000 0.000000 
50.000000 35.768268 23.340903 13.839619 7.448772 3.643408 1.623771 0.661659 0.247468 0.085294 0.027199 0.008056 0.002224 0.000574 0.000139 0.000032 0.000007 0.000001 0.000000 0.000000 0.000000 0.000000 0.000000 0.000000 0.000000 0.000000 0.000000 0.000000 0.000000 0.000000 0.000000 0.000000 0.000000 0.000000 0.000000 0.000000 0.000000 0.000000 0.000000 0.000000 0.000000 0.000000 0.000000 0.000000 0.000000 0.000000 0.000000 0.000000 0.000000 0.000000 
50.000000 35.768268 23.340903 13.839619 7.448772 3.643408 1.623771 0.661659 0.247468 0.085294 0.027199 0.008056 0.002224 0.000574 0.000139 0.000032 0.000007 0.000001 0.000000 0.000000 0.000000 0.000000 0.000000 0.000000 0.000000 0.000000 0.000000 0.000000 0.000000 0.000000 0.000000 0.000000 0.000000 0.000000 0.000000 0.000000 0.000000 0.000000 0.000000 0.000000 0.000000 0.000000 0.000000 0.000000 0.000000 0.000000 0.000000 0.000000 0.000000 0.000000 
50.000000 35.768268 23.340903 13.839619 7.448772 3.643408 1.623771 0.661659 0.247468 0.085294 0.027199 0.008056 0.002224 0.000574 0.000139 0.000032 0.000007 0.000001 0.000000 0.000000 0.000000 0.000000 0.000000 0.000000 0.000000 0.000000 0.000000 0.000000 0.000000 0.000000 0.000000 0.000000 0.000000 0.000000 0.000000 0.000000 0.000000 0.000000 0.000000 0.000000 0.000000 0.000000 0.000000 0.000000 0.000000 0.000000 0.000000 0.000000 0.000000 0.000000 
50.000000 35.768268 23.340903 13.839619 7.448772 3.643408 1.623771 0.661659 0.247468 0.085294 0.027199 0.008056 0.002224 0.000574 0.000139 0.000032 0.000007 0.000001 0.000000 0.000000 0.000000 0.000000 0.000000 0.000000 0.000000 0.000000 0.000000 0.000000 0.000000 0.000000 0.000000 0.000000 0.000000 0.000000 0.000000 0.000000 0.000000 0.000000 0.000000 0.000000 0.000000 0.000000 0.000000 0.000000 0.000000 0.000000 0.000000 0.000000 0.000000 0.000000 
50.000000 35.768268 23.340903 13.839619 7.448772 3.643408 1.623771 0.661659 0.247468 0.085294 0.027199 0.008056 0.002224 0.000574 0.000139 0.000032 0.000007 0.000001 0.000000 0.000000 0.000000 0.000000 0.000000 0.000000 0.000000 0.000000 0.000000 0.000000 0.000000 0.000000 0.000000 0.000000 0.000000 0.000000 0.000000 0.000000 0.000000 0.000000 0.000000 0.000000 0.000000 0.000000 0.000000 0.000000 0.000000 0.000000 0.000000 0.000000 0.000000 0.000000 
50.000000 35.768268 23.340903 13.839619 7.448772 3.643408 1.623772 0.661660 0.247468 0.085294 0.027199 0.008056 0.002224 0.000574 0.000139 0.000032 0.000007 0.000002 0.000001 0.000000 0.000000 0.000000 0.000000 0.000000 0.000000 0.000000 0.000000 0.000000 0.000000 0.000000 0.000000 0.000000 0.000000 0.000000 0.000000 0.000000 0.000000 0.000000 0.000000 0.000000 0.000000 0.000000 0.000000 0.000000 0.000000 0.000000 0.000000 0.000000 0.000000 0.000000 
50.000000 35.768268 23.340904 13.839620 7.448773 3.643409 1.623773 0.661661 0.247469 0.085295 0.027201 0.008057 0.002225 0.000576 0.000141 0.000033 0.000008 0.000003 0.000002 0.000001 0.000001 0.000001 0.000001 0.000001 0.000001 0.000001 0.000001 0.000001 0.000001 0.000001 0.000001 0.000001 0.000001 0.000001 0.000001 0.000001 0.000001 0.000001 0.000001 0.000001 0.000001 0.000001 0.000001 0.000001 0.000001 0.000001 0.000001 0.000001 0.000000 0.000000 
50.000000 35.768270 23.340907 13.839623 7.448778 3.643414 1.623778 0.661666 0.247474 0.085301 0.027206 0.008062 0.002231 0.000581 0.000146 0.000039 0.000014 0.000008 0.000007 0.000007 0.000007 0.000007 0.000007 0.000007 0.000007 0.000007 0.000007 0.000007 0.000007 0.000007 0.000007 0.000007 0.000007 0.000007 0.000007 0.000007 0.000007 0.000007 0.000007 0.000007 0.000007 0.000007 0.000007 0.000007 0.000006 0.000006 0.000005 0.000004 0.000002 0.000000 
50.000000 35.768277 23.340920 13.839642 7.448799 3.643437 1.623802 0.661691 0.247499 0.085325 0.027231 0.008087 0.002256 0.000606 0.000171 0.000063 0.000039 0.000033 0.000032 0.000032 0.000032 0.000032 0.000032 0.000032 0.000032 0.000032 0.000032 0.000032 0.000032 0.000032 0.000032 0.000032 0.000032 0.000032 0.000032 0.000032 0.000032 0.000032 0.000032 0.000032 0.000032 0.000032 0.000031 0.000031 0.000030 0.000028 0.000024 0.000018 0.000010 0.000000 
50.000000 35.768308 23.340978 13.839720 7.448891 3.643537 1.623906 0.661797 0.247606 0.085433 0.027338 0.008195 0.002363 0.000713 0.000278 0.000171 0.000146 0.000141 0.000139 0.000139 0.000139 0.000139 0.000139 0.000139 0.000139 0.000139 0.000139 0.000139 0.000139 0.000139 0.000139 0.000139 0.000139 0.000139 0.000139 0.000139 0.000139 0.000139 0.000139 0.000139 0.000139 0.000139 0.000138 0.000136 0.000131 0.000122 0.000105 0.000078 0.000042 0.000000 
50.000000 35.768433 23.341212 13.840037 7.449263 3.643942 1.624328 0.662227 0.248039 0.085867 0.027773 0.008630 0.002798 0.001148 0.000713 0.000606 0.000581 0.000576 0.000574 0.000574 0.000574 0.000574 0.000574 0.000574 0.000574 0.000574 0.000574 0.000574 0.000574 0.000574 0.000574 0.000574 0.000574 0.000574 0.000574 0.000574 0.000574 0.000574 0.000574 0.000574 0.000574 0.000572 0.000569 0.000561 0.000542 0.000503 0.000434 0.000325 0.000175 0.000000 
50.000000 35.768907 23.342098 13.841237 7.450672 3.645475 1.625926 0.663856 0.249681 0.087514 0.029422 0.010279 0.004448 0.002798 0.002363 0.002256 0.002231 0.002225 0.002224 0.002224 0.002224 0.002224 0.002224 0.002224 0.002224 0.002224 0.002224 0.002224 0.002224 0.002224 0.002224 0.002224 0.002224 0.002224 0.002224 0.002224 0.002224 0.002224 0.002224 0.002223 0.002222 0.002217 0.002205 0.002173 0.002101 0.001953 0.001686 0.001263 0.000683 0.000000 
50.000000 35.770579 23.345227 13.845476 7.455653 3.650894 1.631576 0.669614 0.255486 0.093337 0.035251 0.016110 0.010279 0.008630 0.008195 0.008087 0.008062 0.008057 0.008056 0.008056 0.008056 0.008056 0.008056 0.008056 0.008056 0.008056 0.008056 0.008056 0.008056 0.008056 0.008056 0.008056 0.008056 0.008056 0.008056 0.008056 0.008056 0.008055 0.008055 0.008053 0.008048 0.008033 0.007989 0.007877 0.007621 0.007094 0.006134 0.004603 0.002490 0.000000 
50.000000 35.776063 23.355491 13.859381 7.471995 3.668677 1.650118 0.688515 0.274539 0.112450 0.054385 0.035251 0.029422 0.027773 0.027338 0.027231 0.027206 0.027201 0.027199 0.027199 0.027199 0.027199 0.027199 0.027199 0.027199 0.027199 0.027199 0.027199 0.027199 0.027199 0.027199 0.027199 0.027199 0.027199 0.027199 0.027199 0.027199 0.027199 0.027197 0.027192 0.027176 0.027125 0.026983 0.026619 0.025776 0.024029 0.020819 0.015657 0.008488 0.000000 
50.000000 35.792688 23.386611 13.901548 7.521562 3.722626 1.706377 0.745867 0.332359 0.170450 0.112450 0.093337 0.087514 0.085867 0.085433 0.085325 0.085301 0.085295 0.085294 0.085294 0.085294 0.085294 0.085294 0.085294 0.085294 0.085294 0.085294 0.085294 0.085294 0.085294 0.085294 0.085294 0.085294 0.085294 0.085294 0.085294 0.085293 0.085292 0.085288 0.085274 0.085225 0.085075 0.084651 0.083556 0.081001 0.075651 0.065719 0.049575 0.026945 0.000000 
50.000000 35.839051 23.473408 14.019182 7.659865 3.873182 1.863402 0.905955 0.493758 0.332359 0.274539 0.255486 0.249681 0.248039 0.247606 0.247499 0.247474 0.247469 0.247468 0.247468 0.247468 0.247468 0.247468 0.247468 0.247468 0.247468 0.247468 0.247468 0.247468 0.247468 0.247468 0.247468 0.247468 0.247468 0.247468 0.247467 0.247467 0.247464 0.247453 0.247414 0.247284 0.246879 0.245725 0.242720 0.235627 0.220593 0.192296 0.145657 0.079455 0.000000 
50.000000 35.957351 23.694905 14.319428 8.012932 4.257591 2.264379 1.314788 0.905955 0.745867 0.688515 0.669614 0.663856 0.662227 0.661797 0.661691 0.661666 0.661661 0.661660 0.661659 0.661659 0.661659 0.661659 0.661659 0.661659 0.661659 0.661659 0.661659 0.661659 0.661659 0.661659 0.661659 0.661659 0.661659 0.661659 0.661659 0.661657 0.661651 0.661625 0.661532 0.661216 0.660231 0.657394 0.649923 0.632048 0.593560 0.519827 0.396002 0.217156 0.000000 
50.000000 36.231901 24.209020 15.016438 8.832712 5.150285 3.195653 2.264379 1.863402 1.706377 1.650118 1.631576 1.625926 1.624328 1.623906 1.623802 1.623778 1.623773 1.623772 1.623771 1.623771 1.623771 1.623771 1.623771 1.623771 1.623771 1.623771 1.623771 1.623771 1.623771 1.623771 1.623771 1.623771 1.623771 1.623771 1.623770 1.623767 1.623753 1.623698 1.623499 1.622821 1.620683 1.614456 1.597827 1.557368 1.468487 1.294214 0.993987 0.549415 0.000000 
50.000000 36.807759 25.287475 16.478778 10.552903 7.023742 5.150285 4.257591 3.873182 3.722626 3.668677 3.650894 3.645475 3.643942 3.643537 3.643437 3.643414 3.643409 3.643408 3.643408 3.643408 3.643408 3.643408 3.643408 3.643408 3.643408 3.643408 3.643408 3.643408 3.643408 3.643408 3.643408 3.643408 3.643408 3.643407 3.643406 3.643400 3.643374 3.643273 3.642901 3.641625 3.637555 3.625543 3.592918 3.511871 3.329218 2.959885 2.300656 1.287828 0.000000 
50.000000 37.891997 27.318209 19.232741 13.792936 10.552903 8.832712 8.012932 7.659865 7.521562 7.471995 7.455653 7.450672 7.449263 7.448891 7.448799 7.448778 7.448773 7.448772 7.448772 7.448772 7.448772 7.448772 7.448772 7.448772 7.448772 7.448772 7.448772 7.448772 7.448772 7.448772 7.448772 7.448772 7.448772 7.448771 7.448769 7.448759 7.448719 7.448559 7.447966 7.445910 7.439272 7.419371 7.364225 7.223686 6.896468 6.207077 4.913200 2.809621 0.000000 
50.000000 39.711776 30.726865 23.855896 19.232741 16.478778 15.016438 14.319428 14.019182 13.901548 13.859381 13.845476 13.841237 13.840037 13.839720 13.839642 13.839623 13.839620 13.839619 13.839619 13.839619 13.839619 13.839619 13.839619 13.839619 13.839619 13.839619 13.839619 13.839619 13.839619 13.839619 13.839619 13.839618 13.839618 13.839618 13.839615 13.839603 13.839550 13.839342 13.838562 13.835830 13.826886 13.799601 13.722224 13.518892 13.025663 11.927948 9.713370 5.772996 0.000000 
50.000000 42.415918 35.792370 30.726865 27.318209 25.287475 24.209020 23.694905 23.473408 23.386611 23.355491 23.345227 23.342098 23.341212 23.340978 23.340920 23.340907 23.340904 23.340903 23.340903 23.340903 23.340903 23.340903 23.340903 23.340903 23.340903 23.340903 23.340903 23.340903 23.340903 23.340903 23.340903 23.340903 23.340903 23.340902 23.340899 23.340887 23.340835 23.340625 23.339834 23.337036 23.327750 23.298903 23.215033 22.986819 22.405008 21.013495 17.896185 11.453356 0.000000 
50.000000 45.951636 42.415918 39.711776 37.891997 36.807759 36.231901 35.957351 35.839051 35.792688 35.776063 35.770579 35.768907 35.768433 35.768308 35.768277 35.768270 35.768268 35.768268 35.768268 35.768268 35.768268 35.768268 35.768268 35.768268 35.768268 35.768268 35.768268 35.768268 35.768268 35.768268 35.768268 35.768268 35.768268 35.768267 35.768266 35.768258 35.768224 35.768089 35.767575 35.765743 35.759596 35.740195 35.682485 35.519931 35.082376 33.938780 30.962562 22.975818 0.000000 
50.000000 50.000000 50.000000 50.000000 50.000000 50.000000 50.000000 50.000000 50.000000 50.000000 50.000000 50.000000 50.000000 50.000000 50.000000 50.000000 50.000000 50.000000 50.000000 50.000000 50.000000 50.000000 50.000000 50.000000 50.000000 50.000000 50.000000 50.000000 50.000000 50.000000 50.000000 50.000000 50.000000 50.000000 50.000000 50.000000 50.000000 50.000000 50.000000 50.000000 50.000000 50.000000 50.000000 50.000000 50.000000 50.000000 50.000000 50.000000 50.000000 50.000000 
