50.000000 50.000000 50.000000 50.000000 50.000000 50.000000 50.000000 50.000000 50.000000 50.000000 50.000000 50.000000 50.000000 50.000000 50.000000 50.000000 50.000000 50.000000 50.000000 50.000000 50.000000 50.000000 50.000000 50.000000 50.000000 50.000000 50.000000 50.000000 50.000000 50.000000 50.000000 50.000000 50.000000 50.000000 50.000000 50.000000 50.000000 50.000000 50.000000 50.000000 50.000000 50.000000 50.000000 50.000000 50.000000 50.000000 50.000000 50.000000 50.000000 50.000000 
50.000000 46.656493 43.663036 41.260156 39.526213 38.397342 37.731470 37.373997 37.198524 37.119405 37.086494 37.073811 37.069265 37.067744 37.067267 37.067127 37.067088 37.067078 37.067075 37.067075 37.067075 37.067075 37.067075 37.067075 37.067075 37.067075 37.067075 37.067075 37.067075 37.067075 37.067075 37.067075 37.067074 37.067074 37.067072 37.067063 37.067029 37.066908 37.066492 37.065144 37.060996 37.048911 37.015488 36.927461 36.705222 36.161323 34.847274 31.626699 23.328247 0.000000 
50.000000 43.663036 37.989597 33.435584 30.149484 28.010193 26.748391 26.071037 25.738567 25.588673 25.526326 25.502301 25.493690 25.490810 25.489907 25.489642 25.489568 25.489549 25.489544 25.489543 25.489543 25.489543 25.489543 25.489543 25.489543 25.489543 25.489543 25.489543 25.489543 25.489543 25.489542 25.489542 25.489542 25.489541 25.489538 25.489523 25.489468 25.489271 25.488597 25.486423 25.479792 25.460678 25.408624 25.274584 24.947612 24.189854 22.516346 18.994799 12.036338 0.000000 
50.000000 41.260156 33.435584 27.155109 22.623468 19.673519 17.933715 16.999851 16.541524 16.334911 16.248982 16.215874 16.204010 16.200042 16.198799 16.198433 16.198332 16.198305 16.198298 16.198297 16.198296 16.198296 16.198296 16.198296 16.198296 16.198296 16.198296 16.198296 16.198296 16.198296 16.198296 16.198296 16.198296 16.198295 16.198291 16.198275 16.198216 16.198004 16.197286 16.194986 16.188042 16.168299 16.115521 15.983042 15.671261 14.984850 13.577555 10.919238 6.412882 0.000000 
50.000000 39.526213 30.149484 22.623468 17.193442 13.658950 11.574591 10.455901 9.906929 9.659484 9.556587 9.516948 9.502745 9.497996 9.496508 9.496070 9.495949 9.495917 9.495909 9.495907 9.495907 9.495907 9.495907 9.495907 9.495907 9.495907 9.495907 9.495907 9.495907 9.495907 9.495907 9.495907 9.495906 9.495906 9.495902 9.495889 9.495839 9.495659 9.495056 9.493141 9.487425 9.471402 9.429356 9.326353 9.091647 8.596721 7.638618 5.959629 3.364890 0.000000 
50.000000 38.397342 28.010193 19.673519 13.658950 9.744258 7.435892 6.197101 5.589259 5.315313 5.201410 5.157537 5.141820 5.136564 5.134918 5.134434 5.134300 5.134265 5.134256 5.134254 5.134253 5.134253 5.134253 5.134253 5.134253 5.134253 5.134253 5.134253 5.134253 5.134253 5.134253 5.134253 5.134253 5.134253 5.134250 5.134241 5.134205 5.134078 5.133653 5.132316 5.128369 5.117455 5.089298 5.021792 4.872129 4.567303 4.002258 3.062582 1.692120 0.000000 
50.000000 37.731470 26.748391 17.933715 11.574591 7.435892 4.995614 3.686141 3.043676 2.754155 2.633789 2.587431 2.570826 2.565274 2.563536 2.563024 2.562883 2.562845 2.562836 2.562834 2.562834 2.562834 2.562833 2.562833 2.562833 2.562833 2.562833 2.562833 2.562833 2.562833 2.562833 2.562833 2.562833 2.562833 2.562831 2.562826 2.562803 2.562725 2.562466 2.561658 2.559294 2.552838 2.536428 2.497807 2.414101 2.248238 1.950673 1.473807 0.804009 0.000000 
50.000000 37.373997 26.071037 16.999851 10.455901 6.197101 3.686141 2.338820 1.677831 1.379982 1.256164 1.208481 1.191402 1.185692 1.183905 1.183379 1.183233 1.183195 1.183185 1.183183 1.183183 1.183182 1.183182 1.183182 1.183182 1.183182 1.183182 1.183182 1.183182 1.183182 1.183182 1.183182 1.183182 1.183182 1.183181 1.183178 1.183166 1.183124 1.182984 1.182552 1.181298 1.177910 1.169410 1.149713 1.107803 1.026545 0.884330 0.662413 0.358509 0.000000 
50.000000 37.198524 25.738567 16.541524 9.906929 5.589259 3.043676 1.677831 1.007781 0.705864 0.580361 0.532031 0.514722 0.508935 0.507123 0.506591 0.506443 0.506404 0.506395 0.506392 0.506392 0.506392 0.506392 0.506392 0.506392 0.506392 0.506392 0.506392 0.506392 0.506392 0.506392 0.506392 0.506392 0.506392 0.506391 0.506390 0.506384 0.506363 0.506296 0.506088 0.505490 0.503891 0.499921 0.490839 0.471804 0.435527 0.373225 0.277889 0.149613 0.000000 
50.000000 37.119405 25.588673 16.334911 9.659484 5.315313 2.754155 1.379982 0.705864 0.402122 0.275863 0.227244 0.209831 0.204011 0.202188 0.201652 0.201504 0.201465 0.201455 0.201453 0.201452 0.201452 0.201452 0.201452 0.201452 0.201452 0.201452 0.201452 0.201452 0.201452 0.201452 0.201452 0.201452 0.201452 0.201452 0.201451 0.201449 0.201440 0.201410 0.201319 0.201061 0.200374 0.198684 0.194860 0.186943 0.172059 0.146869 0.108881 0.058409 0.000000 
50.000000 37.086494 25.526326 16.248982 9.556587 5.201410 2.633789 1.256164 0.580361 0.275863 0.149293 0.100554 0.083099 0.077264 0.075437 0.074900 0.074751 0.074712 0.074702 0.074700 0.074700 0.074699 0.074699 0.074699 0.074699 0.074699 0.074699 0.074699 0.074699 0.074699 0.074699 0.074699 0.074699 0.074699 0.074699 0.074699 0.074698 0.074694 0.074682 0.074646 0.074544 0.074273 0.073613 0.072131 0.069094 0.063446 0.053996 0.039902 0.021350 0.000000 
50.000000 37.073811 25.502301 16.215874 9.516948 5.157537 2.587431 1.208481 0.532031 0.227244 0.100554 0.051769 0.034298 0.028458 0.026629 0.026091 0.025942 0.025903 0.025894 0.025891 0.025891 0.025891 0.025891 0.025891 0.025891 0.025891 0.025891 0.025891 0.025891 0.025891 0.025891 0.025891 0.025891 0.025891 0.025891 0.025891 0.025890 0.025889 0.025884 0.025871 0.025834 0.025735 0.025496 0.024965 0.023884 0.021892 0.018588 0.013703 0.007318 0.000000 
50.000000 37.069265 25.493690 16.204010 9.502745 5.141820 2.570826 1.191402 0.514722 0.209831 0.083099 0.034298 0.016821 0.010979 0.009150 0.008612 0.008463 0.008424 0.008414 0.008412 0.008411 0.008411 0.008411 0.008411 0.008411 0.008411 0.008411 0.008411 0.008411 0.008411 0.008411 0.008411 0.008411 0.008411 0.008411 0.008411 0.008411 0.008411 0.008409 0.008405 0.008392 0.008359 0.008278 0.008101 0.007742 0.007086 0.006006 0.004420 0.002357 0.000000 
50.000000 37.067744 25.490810 16.200042 9.497996 5.136564 2.565274 1.185692 0.508935 0.204011 0.077264 0.028458 0.010979 0.005136 0.003307 0.002769 0.002620 0.002581 0.002571 0.002569 0.002568 0.002568 0.002568 0.002568 0.002568 0.002568 0.002568 0.002568 0.002568 0.002568 0.002568 0.002568 0.002568 0.002568 0.002568 0.002568 0.002568 0.002568 0.002567 0.002566 0.002562 0.002552 0.002526 0.002471 0.002360 0.002157 0.001826 0.001342 0.000715 0.000000 
50.000000 37.067267 25.489907 16.198799 9.496508 5.134918 2.563536 1.183905 0.507123 0.202188 0.075437 0.026629 0.009150 0.003307 0.001478 0.000940 0.000790 0.000751 0.000742 0.000739 0.000739 0.000739 0.000739 0.000739 0.000739 0.000739 0.000739 0.000739 0.000739 0.000739 0.000739 0.000739 0.000739 0.000739 0.000739 0.000739 0.000739 0.000739 0.000739 0.000738 0.000737 0.000734 0.000727 0.000710 0.000678 0.000619 0.000523 0.000384 0.000204 0.000000 
50.000000 37.067127 25.489642 16.198433 9.496070 5.134434 2.563024 1.183379 0.506591 0.201652 0.074900 0.026091 0.008612 0.002769 0.000940 0.000402 0.000252 0.000213 0.000204 0.000201 0.000201 0.000201 0.000201 0.000201 0.000201 0.000201 0.000201 0.000201 0.000201 0.000201 0.000201 0.000201 0.000201 0.000201 0.000201 0.000201 0.000201 0.000201 0.000201 0.000201 0.000200 0.000199 0.000197 0.000193 0.000184 0.000168 0.000142 0.000104 0.000055 0.000000 
50.000000 37.067088 25.489568 16.198332 9.495949 5.134300 2.562883 1.183233 0.506443 0.201504 0.074751 0.025942 0.008463 0.002620 0.000790 0.000252 0.000103 0.000064 0.000055 0.000052 0.000052 0.000052 0.000052 0.000052 0.000052 0.000052 0.000052 0.000052 0.000052 0.000052 0.000052 0.000052 0.000052 0.000052 0.000052 0.000052 0.000052 0.000052 0.000052 0.000052 0.000052 0.000051 0.000051 0.000050 0.000047 0.000043 0.000036 0.000027 0.000014 0.000000 
50.000000 37.067078 25.489549 16.198305 9.495917 5.134265 2.562845 1.183195 0.506404 0.201465 0.074712 0.025903 0.008424 0.002581 0.000751 0.000213 0.000064 0.000025 0.000016 0.000013 0.000013 0.000013 0.000013 0.000013 0.000013 0.000013 0.000013 0.000013 0.000013 0.000013 0.000013 0.000013 0.000013 0.000013 0.000013 0.000013 0.000013 0.000013 0.000013 0.000013 0.000013 0.000013 0.000012 0.000012 0.000012 0.000011 0.000009 0.000006 0.000003 0.000000 
50.000000 37.067075 25.489544 16.198298 9.495909 5.134256 2.562836 1.183185 0.506395 0.201455 0.074702 0.025894 0.008414 0.002571 0.000742 0.000204 0.000055 0.000016 0.000006 0.000004 0.000003 0.000003 0.000003 0.000003 0.000003 0.000003 0.000003 0.000003 0.000003 0.000003 0.000003 0.000003 0.000003 0.000003 0.000003 0.000003 0.000003 0.000003 0.000003 0.000003 0.000003 0.000003 0.000003 0.000003 0.000003 0.000002 0.000002 0.000002 0.000001 0.000000 
50.000000 37.067075 25.489543 16.198297 9.495907 5.134254 2.562834 1.183183 0.506392 0.201453 0.074700 0.025891 0.008412 0.002569 0.000739 0.000201 0.000052 0.000013 0.000004 0.000001 0.000001 0.000001 0.000001 0.000001 0.000001 0.000001 0.000001 0.000001 0.000001 0.000001 0.000001 0.000001 0.000001 0.000001 0.000001 0.000001 0.000001 0.000001 0.000001 0.000001 0.000001 0.000001 0.000001 0.000001 0.000001 0.000001 0.000000 0.000000 0.000000 0.000000 
50.000000 37.067075 25.489543 16.198296 9.495907 5.134253 2.562834 1.183183 0.506392 0.201452 0.074700 0.025891 0.008411 0.002568 0.000739 0.000201 0.000052 0.000013 0.000003 0.000001 0.000000 0.000000 0.000000 0.000000 0.000000 0.000000 0.000000 0.000000 0.000000 0.000000 0.000000 0.000000 0.000000 0.000000 0.000000 0.000000 0.000000 0.000000 0.000000 0.000000 0.000000 0.000000 0.000000 0.000000 0.000000 0.000000 0.000000 0.000000 0.000000 0.000000 
50.000000 37.067075 25.489543 16.198296 9.495907 5.134253 2.562834 1.183182 0.506392 0.201452 0.074699 0.025891 0.008411 0.002568 0.000739 0.000201 0.000052 0.000013 0.000003 0.000001 0.000000 0.000000 0.000000 0.000000 0.000000 0.000000 0.000000 0.000000 0.000000 0.000000 0.000000 0.000000 0.000000 0.000000 0.000000 0.000000 0.000000 0.000000 0.000000 0.000000 0.000000 0.000000 0.000000 0.000000 0.000000 0.000000 0.000000 0.000000 0.000000 0.000000 
50.000000 37.067075 25.489543 16.198296 9.495907 5.134253 2.562833 1.183182 0.506392 0.201452 0.074699 0.025891 0.008411 0.002568 0.000739 0.000201 0.000052 0.000013 0.000003 0.000001 0.000000 0.000000 0.000000 0.000000 0.000000 0.000000 0.000000 0.000000 0.000000 0.000000 0.000000 0.000000 0.000000 0.000000 0.000000 0.000000 0.000000 0.000000 0.000000 0.000000 0.000000 0.000000 0.000000 0.000000 0.000000 0.000000 0.000000 0.000000 0.000000 0.000000 
50.000000 37.067075 25.489543 16.198296 9.495907 5.134253 2.562833 1.183182 0.506392 0.201452 0.074699 0.025891 0.008411 0.002568 0.000739 0.000201 0.000052 0.000013 0.000003 0.000001 0.000000 0.000000 0.000000 0.000000 0.000000 0.000000 0.000000 0.000000 0.000000 0.000000 0.000000 0.000000 0.000000 0.000000 0.000000 0.000000 0.000000 0.000000 0.000000 0.000000 0.000000 0.000000 0.000000 0.000000 0.000000 0.000000 0.000000 0.000000 0.000000 0.000000 
50.000000 37.067075 25.489543 16.198296 9.495907 5.134253 2.562833 1.183182 0.506392 0.201452 0.074699 0.025891 0.008411 0.002568 0.000739 0.000201 0.000052 0.000013 0.000003 0.000001 0.000000 0.000000 0.000000 0.000000 0.000000 0.000000 0.000000 0.000000 0.000000 0.000000 0.000000 0.000000 0.000000 0.000000 0.000000 0.000000 0.000000 0.000000 0.000000 0.000000 0.000000 0.000000 0.000000 0.000000 0.000000 0.000000 0.000000 0.000000 0.000000 0.000000 
50.000000 37.067075 25.489543 16.198296 9.495907 5.134253 2.562833 1.183182 0.506392 0.201452 0.074699 0.025891 0.008411 0.002568 0.000739 0.000201 0.000052 0.000013 0.000003 0.000001 0.000000 0.000000 0.000000 0.000000 0.000000 0.000000 0.000000 0.000000 0.000000 0.000000 0.000000 0.000000 0.000000 0.000000 0.000000 0.000000 0.000000 0.000000 0.000000 0.000000 0.000000 0.000000 0.000000 0.000000 0.000000 0.000000 0.000000 0.000000 0.000000 0.000000 
50.000000 37.067075 25.489543 16.198296 9.495907 5.134253 2.562833 1.183182 0.506392 0.201452 0.074699 0.025891 0.008411 0.002568 0.000739 0.000201 0.000052 0.000013 0.000003 0.000001 0.000000 0.000000 0.000000 0.000000 0.000000 0.000000 0.000000 0.000000 0.000000 0.000000 0.000000 0.000000 0.000000 0.000000 0.000000 0.000000 0.000000 0.000000 0.000000 0.000000 0.000000 0.000000 0.000000 0.000000 0.000000 0.000000 0.000000 0.000000 0.000000 0.000000 
50.000000 37.067075 25.489543 16.198296 9.495907 5.134253 2.562833 1.183182 0.506392 0.201452 0.074699 0.025891 0.008411 0.002568 0.000739 0.000201 0.000052 0.000013 0.000003 0.000001 0.000000 0.000000 0.000000 0.000000 0.000000 0.000000 0.000000 0.000000 0.000000 0.000000 0.000000 0.000000 0.000000 0.000000 0.000000 0.000000 0.000000 0.000000 0.000000 0.000000 0.000000 0.000000 0.000000 0.000000 0.000000 0.000000 0.000000 0.000000 0.000000 0.000000 
50.000000 37.067075 25.489543 16.198296 9.495907 5.134253 2.562834 1.183182 0.506392 0.201452 0.074699 0.025891 0.008411 0.002568 0.000739 0.000201 0.000052 0.000013 0.000003 0.000001 0.000000 0.000000 0.000000 0.000000 0.000000 0.000000 0.000000 0.000000 0.000000 0.000000 0.000000 0.000000 0.000000 0.000000 0.000000 0.000000 0.000000 0.000000 0.000000 0.000000 0.000000 0.000000 0.000000 0.000000 0.000000 0.000000 0.000000 0.000000 0.000000 0.000000 
50.000000 37.067075 25.489543 16.198296 9.495907 5.134253 2.562834 1.183183 0.506392 0.201452 0.074700 0.025891 0.008411 0.002568 0.000739 0.000201 0.000052 0.000013 0.000003 0.000001 0.000000 0.000000 0.000000 0.000000 0.000000 0.000000 0.000000 0.000000 0.000000 0.000000 0.000000 0.000000 0.000000 0.000000 0.000000 0.000000 0.000000 0.000000 0.000000 0.000000 0.000000 0.000000 0.000000 0.000000 0.000000 0.000000 0.000000 0.000000 0.000000 0.000000 
50.000000 37.067075 25.489543 16.198297 9.495907 5.134254 2.562834 1.183183 0.506392 0.201453 0.074700 0.025891 0.008412 0.002569 0.000739 0.000201 0.000052 0.000013 0.000004 0.000001 0.000001 0.000001 0.000001 0.000001 0.000001 0.000001 0.000001 0.000001 0.000001 0.000001 0.000001 0.000001 0.000001 0.000001 0.000001 0.000001 0.000001 0.000001 0.000001 0.000001 0.000001 0.000001 0.000001 0.000001 0.000001 0.000001 0.000000 0.000000 0.000000 0.000000 
50.000000 37.067075 25.489544 16.198298 9.495909 5.134256 2.562836 1.183185 0.506395 0.201455 0.074702 0.025894 0.008414 0.002571 0.000742 0.000204 0.000055 0.000016 0.000006 0.000004 0.000003 0.000003 0.000003 0.000003 0.000003 0.000003 0.000003 0.000003 0.000003 0.000003 0.000003 0.000003 0.000003 0.000003 0.000003 0.000003 0.000003 0.000003 0.000003 0.000003 0.000003 0.000003 0.000003 0.000003 0.000003 0.000002 0.000002 0.000002 0.000001 0.000000 
50.000000 37.067078 25.489549 16.198305 9.495917 5.134265 2.562845 1.183195 0.506404 0.201465 0.074712 0.025903 0.008424 0.002581 0.000751 0.000213 0.000064 0.000025 0.000016 0.000013 0.000013 0.000013 0.000013 0.000013 0.000013 0.000013 0.000013 0.000013 0.000013 0.000013 0.000013 0.000013 0.000013 0.000013 0.000013 0.000013 0.000013 0.000013 0.000013 0.000013 0.000013 0.000013 0.000012 0.000012 0.000012 0.000011 0.000009 0.000006 0.000003 0.000000 
50.000000 37.067088 25.489568 16.198332 9.495949 5.134300 2.562883 1.183233 0.506443 0.201504 0.074751 0.025942 0.008463 0.002620 0.000790 0.000252 0.000103 0.000064 0.000055 0.000052 0.000052 0.000052 0.000052 0.000052 0.000052 0.000052 0.000052 0.000052 0.000052 0.000052 0.000052 0.000052 0.000052 0.000052 0.000052 0.000052 0.000052 0.000052 0.000052 0.000052 0.000052 0.000051 0.000051 0.000050 0.000047 0.000043 0.000036 0.000027 0.000014 0.000000 
50.000000 37.067127 25.489642 16.198433 9.496070 5.134434 2.563024 1.183379 0.506591 0.201652 0.074900 0.026091 0.008612 0.002769 0.000940 0.000402 0.000252 0.000213 0.000204 0.000201 0.000201 0.000201 0.000201 0.000201 0.000201 0.000201 0.000201 0.000201 0.000201 0.000201 0.000201 0.000201 0.000201 0.000201 0.000201 0.000201 0.000201 0.000201 0.000201 0.000201 0.000200 0.000199 0.000197 0.000193 0.000184 0.000168 0.000142 0.000104 0.000055 0.000000 
50.000000 37.067267 25.489907 16.198799 9.496508 5.134918 2.563536 1.183905 0.507123 0.202188 0.075437 0.026629 0.009150 0.003307 0.001478 0.000940 0.000790 0.000751 0.000742 0.000739 0.000739 0.000739 0.000739 0.000739 0.000739 0.000739 0.000739 0.000739 0.000739 0.000739 0.000739 0.000739 0.000739 0.000739 0.000739 0.000739 0.000739 0.000739 0.000739 0.000738 0.000737 0.000734 0.000727 0.000710 0.000678 0.000619 0.000523 0.000384 0.000204 0.000000 
50.000000 37.067744 25.490810 16.200042 9.497996 5.136564 2.565274 1.185692 0.508935 0.204011 0.077264 0.028458 0.010979 0.005136 0.003307 0.002769 0.002620 0.002581 0.002571 0.002569 0.002568 0.002568 0.002568 0.002568 0.002568 0.002568 0.002568 0.002568 0.002568 0.002568 0.002568 0.002568 0.002568 0.002568 0.002568 0.002568 0.002568 0.002568 0.002567 0.002566 0.002562 0.002552 0.002526 0.002471 0.002360 0.002157 0.001826 0.001342 0.000715 0.000000 
50.000000 37.069265 25.493690 16.204010 9.502745 5.141820 2.570826 1.191402 0.514722 0.209831 0.083099 0.034298 0.016821 0.010979 0.009150 0.008612 0.008463 0.008424 0.008414 0.008412 0.008411 0.008411 0.008411 0.008411 0.008411 0.008411 0.008411 0.008411 0.008411 0.008411 0.008411 0.008411 0.008411 0.008411 0.008411 0.008411 0.008411 0.008411 0.008409 0.008405 0.008392 0.008359 0.008278 0.008101 0.007742 0.007086 0.006006 0.004420 0.002357 0.000000 
50.000000 37.073811 25.502301 16.215874 9.516948 5.157537 2.587431 1.208481 0.532031 0.227244 0.100554 0.051769 0.034298 0.028458 0.026629 0.026091 0.025942 0.025903 0.025894 0.025891 0.025891 0.025891 0.025891 0.025891 0.025891 0.025891 0.025891 0.025891 0.025891 0.025891 0.025891 0.025891 0.025891 0.025891 0.025891 0.025891 0.025890 0.025889 0.025884 0.025871 0.025834 0.025735 0.025496 0.024965 0.023884 0.021892 0.018588 0.013703 0.007318 0.000000 
50.000000 37.086494 25.526326 16.248982 9.556587 5.201410 2.633789 1.256164 0.580361 0.275863 0.149293 0.100554 0.083099 0.077264 0.075437 0.074900 0.074751 0.074712 0.074702 0.074700 0.074700 0.074699 0.074699 0.074699 0.074699 0.074699 0.074699 0.074699 0.074699 0.074699 0.074699 0.074699 0.074699 0.074699 0.074699 0.074699 0.074698 0.074694 0.074682 0.074646 0.074544 0.074273 0.073613 0.072131 0.069094 0.063446 0.053996 0.039902 0.021350 0.000000 
50.000000 37.119405 25.588673 16.334911 9.659484 5.315313 2.754155 1.379982 0.705864 0.402122 0.275863 0.227244 0.209831 0.204011 0.202188 0.201652 0.201504 0.201465 0.201455 0.201453 0.201452 0.201452 0.201452 0.201452 0.201452 0.201452 0.201452 0.201452 0.201452 0.201452 0.201452 0.201452 0.201452 0.201452 0.201452 0.201451 0.201449 0.201440 0.201410 0.201319 0.201061 0.200374 0.198684 0.194860 0.186943 0.172059 0.146869 0.108881 0.058409 0.000000 
50.000000 37.198524 25.738567 16.541524 9.906929 5.589259 3.043676 1.677831 1.007781 0.705864 0.580361 0.532031 0.514722 0.508935 0.507123 0.506591 0.506443 0.506404 0.506395 0.506392 0.506392 0.506392 0.506392 0.506392 0.506392 0.506392 0.506392 0.506392 0.506392 0.506392 0.506392 0.506392 0.506392 0.506392 0.506391 0.506390 0.506384 0.506363 0.506296 0.506088 0.505490 0.503891 0.499921 0.490839 0.471804 0.435527 0.373225 0.277889 0.149613 0.000000 
50.000000 37.373997 26.071037 16.999851 10.455901 6.197101 3.686141 2.338820 1.677831 1.379982 1.256164 1.208481 1.191402 1.185692 1.183905 1.183379 1.183233 1.183195 1.183185 1.183183 1.183183 1.183182 1.183182 1.183182 1.183182 1.183182 1.183182 1.183182 1.183182 1.183182 1.183182 1.183182 1.183182 1.183182 1.183181 1.183178 1.183166 1.183124 1.182984 1.182552 1.181298 1.177910 1.169410 1.149713 1.107803 1.026545 0.884330 0.662413 0.358509 0.000000 
50.000000 37.731470 26.748391 17.933715 11.574591 7.435892 4.995614 3.686141 3.043676 2.754155 2.633789 2.587431 2.570826 2.565274 2.563536 2.563024 2.562883 2.562845 2.562836 2.562834 2.562834 2.562834 2.562833 2.562833 2.562833 2.562833 2.562833 2.562833 2.562833 2.562833 2.562833 2.562833 2.562833 2.562833 2.562831 2.562826 2.562803 2.562725 2.562466 2.561658 2.559294 2.552838 2.536428 2.497807 2.414101 2.248238 1.950673 1.473807 0.804009 0.000000 
50.000000 38.397342 28.010193 19.673519 13.658950 9.744258 7.435892 6.197101 5.589259 5.315313 5.201410 5.157537 5.141820 5.136564 5.134918 5.134434 5.134300 5.134265 5.134256 5.134254 5.134253 5.134253 5.134253 5.134253 5.134253 5.134253 5.134253 5.134253 5.134253 5.134253 5.134253 5.134253 5.134253 5.134253 5.134250 5.134241 5.134205 5.134078 5.133653 5.132316 5.128369 5.117455 5.089298 5.021792 4.872129 4.567303 4.002258 3.062582 1.692120 0.000000 
50.000000 39.526213 30.149484 22.623468 17.193442 13.658950 11.574591 10.455901 9.906929 9.659484 9.556587 9.516948 9.502745 9.497996 9.496508 9.496070 9.495949 9.495917 9.495909 9.495907 9.495907 9.495907 9.495907 9.495907 9.495907 9.495907 9.495907 9.495907 9.495907 9.495907 9.495907 9.495907 9.495906 9.495906 9.495902 9.495889 9.495839 9.495659 9.495056 9.493141 9.487425 9.471402 9.429356 9.326353 9.091647 8.596721 7.638618 5.959629 3.364890 0.000000 
50.000000 41.260156 33.435584 27.155109 22.623468 19.673519 17.933715 16.999851 16.541524 16.334911 16.248982 16.215874 16.204010 16.200042 16.198799 16.198433 16.198332 16.198305 16.198298 16.198297 16.198296 16.198296 16.198296 16.198296 16.198296 16.198296 16.198296 16.198296 16.198296 16.198296 16.198296 16.198296 16.198296 16.198295 16.198291 16.198275 16.198216 16.198004 16.197286 16.194986 16.188042 16.168299 16.115521 15.983042 15.671261 14.984850 13.577555 10.919238 6.412882 0.000000 
50.000000 43.663036 37.989597 33.435584 30.149484 28.010193 26.748391 26.071037 25.738567 25.588673 25.526326 25.502301 25.493690 25.490810 25.489907 25.489642 25.489568 25.489549 25.489544 25.489543 25.489543 25.489543 25.489543 25.489543 25.489543 25.489543 25.489543 25.489543 25.489543 25.489543 25.489542 25.489542 25.489542 25.489541 25.489538 25.489523 25.489468 25.489271 25.488597 25.486423 25.479792 25.460678 25.408624 25.274584 24.947612 24.189854 22.516346 18.994799 12.036338 0.000000 
50.000000 46.656493 43.663036 41.260156 39.526213 38.397342 37.731470 37.373997 37.198524 37.119405 37.086494 37.073811 37.069265 37.067744 37.067267 37.067127 37.067088 37.067078 37.067075 37.067075 37.067075 37.067075 37.067075 37.067075 37.067075 37.067075 37.067075 37.067075 37.067075 37.067075 37.067075 37.067075 37.067074 37.067074 37.067072 37.067063 37.067029 37.066908 37.066492 37.065144 37.060996 37.048911 37.015488 36.927461 36.705222 36.161323 34.847274 31.626699 23.328247 0.000000 
50.000000 50.000000 50.000000 50.000000 50.000000 50.000000 50.000000 50.000000 50.000000 50.000000 50.000000 50.000000 50.000000 50.000000 50.000000 50.000000 50.000000 50.000000 50.000000 50.000000 50.000000 50.000000 50.000000 50.000000 50.000000 50.000000 50.000000 50.000000 50.000000 50.000000 50.000000 50.000000 50.000000 50.000000 50.000000 50.000000 50.000000 50.000000 50.000000 50.000000 50.000000 50.000000 50.000000 50.000000 50.000000 50.000000 50.000000 50.000000 50.000000 50.000000 
