50.000000 50.000000 50.000000 50.000000 50.000000 50.000000 50.000000 50.000000 50.000000 50.000000 50.000000 50.000000 50.000000 50.000000 50.000000 50.000000 50.000000 50.000000 50.000000 50.000000 50.000000 50.000000 50.000000 50.000000 50.000000 50.000000 50.000000 50.000000 50.000000 50.000000 50.000000 50.000000 50.000000 50.000000 50.000000 50.000000 50.000000 50.000000 50.000000 50.000000 50.000000 50.000000 50.000000 50.000000 50.000000 50.000000 50.000000 50.000000 50.000000 50.000000 
50.000000 43.386127 38.132679 34.772741 33.007774 32.230522 31.938161 31.842697 31.815262 31.808242 31.806626 31.806289 31.806225 31.806214 31.806212 31.806211 31.806211 31.806211 31.806211 31.806211 31.806211 31.806211 31.806211 31.806211 31.806211 31.806211 31.806211 31.806211 31.806211 31.806211 31.806211 31.806211 31.806211 31.806211 31.806211 31.806211 31.806211 31.806211 31.806207 31.806183 31.806051 31.805373 31.802175 31.788283 31.732839 31.529158 30.835454 28.610041 21.693063 0.000000 
50.000000 38.132679 28.707424 22.680544 19.515497 18.122129 17.598205 17.427195 17.378070 17.365504 17.362614 17.362011 17.361896 17.361876 17.361872 17.361872 17.361872 17.361872 17.361872 17.361872 17.361872 17.361872 17.361872 17.361872 17.361872 17.361872 17.361872 17.361872 17.361872 17.361872 17.361872 17.361872 17.361872 17.361872 17.361872 17.361872 17.361872 17.361871 17.361866 17.361835 17.361666 17.360813 17.356845 17.339999 17.274999 17.048287 16.337679 14.353712 9.522638 0.000000 
50.000000 34.772741 22.680544 14.950170 10.891825 9.105873 8.434617 8.215618 8.152737 8.136661 8.132965 8.132194 8.132047 8.132022 8.132017 8.132017 8.132017 8.132017 8.132017 8.132017 8.132017 8.132017 8.132017 8.132017 8.132017 8.132017 8.132017 8.132017 8.132017 8.132017 8.132017 8.132017 8.132017 8.132017 8.132017 8.132017 8.132017 8.132016 8.132012 8.131989 8.131862 8.131227 8.128319 8.116238 8.071011 7.919916 7.475085 6.342865 3.937287 0.000000 
50.000000 33.007774 19.515497 10.891825 6.365742 4.374593 3.626481 3.382500 3.312475 3.294580 3.290468 3.289611 3.289448 3.289419 3.289414 3.289414 3.289414 3.289414 3.289414 3.289414 3.289414 3.289414 3.289414 3.289414 3.289414 3.289414 3.289414 3.289414 3.289414 3.289414 3.289414 3.289414 3.289414 3.289414 3.289414 3.289414 3.289414 3.289413 3.289411 3.289398 3.289329 3.288984 3.287427 3.281073 3.257865 3.182871 2.971909 2.467210 1.478616 0.000000 
50.000000 32.230522 18.122129 9.105873 4.374593 2.293613 1.511933 1.257069 1.183940 1.165256 1.160964 1.160070 1.159900 1.159870 1.159865 1.159864 1.159864 1.159864 1.159864 1.159864 1.159864 1.159864 1.159864 1.159864 1.159864 1.159864 1.159864 1.159864 1.159864 1.159864 1.159864 1.159864 1.159864 1.159864 1.159864 1.159864 1.159864 1.159864 1.159863 1.159857 1.159827 1.159679 1.159016 1.156353 1.146806 1.116728 1.034862 0.847129 0.497683 0.000000 
50.000000 31.938161 17.598205 8.434617 3.626481 1.511933 0.717742 0.458833 0.384553 0.365579 0.361220 0.360312 0.360139 0.360109 0.360104 0.360104 0.360103 0.360103 0.360103 0.360103 0.360103 0.360103 0.360103 0.360103 0.360103 0.360103 0.360103 0.360103 0.360103 0.360103 0.360103 0.360103 0.360103 0.360103 0.360103 0.360103 0.360103 0.360103 0.360103 0.360101 0.360090 0.360037 0.359803 0.358871 0.355580 0.345407 0.318379 0.258206 0.149878 0.000000 
50.000000 31.842697 17.427195 8.215618 3.382500 1.257069 0.458833 0.198621 0.123971 0.104903 0.100524 0.099611 0.099438 0.099407 0.099402 0.099402 0.099402 0.099402 0.099402 0.099402 0.099402 0.099402 0.099402 0.099402 0.099402 0.099402 0.099402 0.099402 0.099402 0.099402 0.099402 0.099402 0.099402 0.099402 0.099402 0.099402 0.099402 0.099402 0.099401 0.099401 0.099398 0.099381 0.099310 0.099030 0.098053 0.095074 0.087298 0.070349 0.040522 0.000000 
50.000000 31.815262 17.378070 8.152737 3.312475 1.183940 0.384553 0.123971 0.049217 0.030123 0.025737 0.024824 0.024650 0.024620 0.024615 0.024614 0.024614 0.024614 0.024614 0.024614 0.024614 0.024614 0.024614 0.024614 0.024614 0.024614 0.024614 0.024614 0.024614 0.024614 0.024614 0.024614 0.024614 0.024614 0.024614 0.024614 0.024614 0.024614 0.024614 0.024614 0.024613 0.024609 0.024590 0.024516 0.024261 0.023491 0.021510 0.017257 0.009889 0.000000 
50.000000 31.808242 17.365504 8.136661 3.294580 1.165256 0.365579 0.104903 0.030123 0.011022 0.006635 0.005722 0.005548 0.005517 0.005512 0.005512 0.005512 0.005511 0.005511 0.005511 0.005511 0.005511 0.005511 0.005511 0.005511 0.005511 0.005511 0.005511 0.005511 0.005511 0.005511 0.005511 0.005511 0.005511 0.005511 0.005511 0.005511 0.005511 0.005511 0.005511 0.005511 0.005510 0.005506 0.005489 0.005429 0.005252 0.004799 0.003837 0.002191 0.000000 
50.000000 31.806626 17.362614 8.132965 3.290468 1.160964 0.361220 0.100524 0.025737 0.006635 0.002248 0.001334 0.001160 0.001130 0.001125 0.001124 0.001124 0.001124 0.001124 0.001124 0.001124 0.001124 0.001124 0.001124 0.001124 0.001124 0.001124 0.001124 0.001124 0.001124 0.001124 0.001124 0.001124 0.001124 0.001124 0.001124 0.001124 0.001124 0.001124 0.001124 0.001124 0.001124 0.001123 0.001119 0.001107 0.001070 0.000976 0.000779 0.000443 0.000000 
50.000000 31.806289 17.362011 8.132194 3.289611 1.160070 0.360312 0.099611 0.024824 0.005722 0.001334 0.000420 0.000246 0.000216 0.000211 0.000210 0.000210 0.000210 0.000210 0.000210 0.000210 0.000210 0.000210 0.000210 0.000210 0.000210 0.000210 0.000210 0.000210 0.000210 0.000210 0.000210 0.000210 0.000210 0.000210 0.000210 0.000210 0.000210 0.000210 0.000210 0.000210 0.000210 0.000210 0.000209 0.000207 0.000200 0.000182 0.000145 0.000082 0.000000 
50.000000 31.806225 17.361896 8.132047 3.289448 1.159900 0.360139 0.099438 0.024650 0.005548 0.001160 0.000246 0.000072 0.000042 0.000037 0.000036 0.000036 0.000036 0.000036 0.000036 0.000036 0.000036 0.000036 0.000036 0.000036 0.000036 0.000036 0.000036 0.000036 0.000036 0.000036 0.000036 0.000036 0.000036 0.000036 0.000036 0.000036 0.000036 0.000036 0.000036 0.000036 0.000036 0.000036 0.000036 0.000036 0.000034 0.000031 0.000025 0.000014 0.000000 
50.000000 31.806214 17.361876 8.132022 3.289419 1.159870 0.360109 0.099407 0.024620 0.005517 0.001130 0.000216 0.000042 0.000012 0.000007 0.000006 0.000006 0.000006 0.000006 0.000006 0.000006 0.000006 0.000006 0.000006 0.000006 0.000006 0.000006 0.000006 0.000006 0.000006 0.000006 0.000006 0.000006 0.000006 0.000006 0.000006 0.000006 0.000006 0.000006 0.000006 0.000006 0.000006 0.000006 0.000006 0.000006 0.000005 0.000005 0.000004 0.000002 0.000000 
50.000000 31.806212 17.361872 8.132017 3.289414 1.159865 0.360104 0.099402 0.024615 0.005512 0.001125 0.000211 0.000037 0.000007 0.000002 0.000001 0.000001 0.000001 0.000001 0.000001 0.000001 0.000001 0.000001 0.000001 0.000001 0.000001 0.000001 0.000001 0.000001 0.000001 0.000001 0.000001 0.000001 0.000001 0.000001 0.000001 0.000001 0.000001 0.000001 0.000001 0.000001 0.000001 0.000001 0.000001 0.000001 0.000001 0.000001 0.000001 0.000000 0.000000 
50.000000 31.806211 17.361872 8.132017 3.289414 1.159864 0.360104 0.099402 0.024614 0.005512 0.001124 0.000210 0.000036 0.000006 0.000001 0.000000 0.000000 0.000000 0.000000 0.000000 0.000000 0.000000 0.000000 0.000000 0.000000 0.000000 0.000000 0.000000 0.000000 0.000000 0.000000 0.000000 0.000000 0.000000 0.000000 0.000000 0.000000 0.000000 0.000000 0.000000 0.000000 0.000000 0.000000 0.000000 0.000000 0.000000 0.000000 0.000000 0.000000 0.000000 
50.000000 31.806211 17.361872 8.132017 3.289414 1.159864 0.360103 0.099402 0.024614 0.005512 0.001124 0.000210 0.000036 0.000006 0.000001 0.000000 0.000000 0.000000 0.000000 0.000000 0.000000 0.000000 0.000000 0.000000 0.000000 0.000000 0.000000 0.000000 0.000000 0.000000 0.000000 0.000000 0.000000 0.000000 0.000000 0.000000 0.000000 0.000000 0.000000 0.000000 0.000000 0.000000 0.000000 0.000000 0.000000 0.000000 0.000000 0.000000 0.000000 0.000000 
50.000000 31.806211 17.361872 8.132017 3.289414 1.159864 0.360103 0.099402 0.024614 0.005511 0.001124 0.000210 0.000036 0.000006 0.000001 0.000000 0.000000 0.000000 0.000000 0.000000 0.000000 0.000000 0.000000 0.000000 0.000000 0.000000 0.000000 0.000000 0.000000 0.000000 0.000000 0.000000 0.000000 0.000000 0.000000 0.000000 0.000000 0.000000 0.000000 0.000000 0.000000 0.000000 0.000000 0.000000 0.000000 0.000000 0.000000 0.000000 0.000000 0.000000 
50.000000 31.806211 17.361872 8.132017 3.289414 1.159864 0.360103 0.099402 0.024614 0.005511 0.001124 0.000210 0.000036 0.000006 0.000001 0.000000 0.000000 0.000000 0.000000 0.000000 0.000000 0.000000 0.000000 0.000000 0.000000 0.000000 0.000000 0.000000 0.000000 0.000000 0.000000 0.000000 0.000000 0.000000 0.000000 0.000000 0.000000 0.000000 0.000000 0.000000 0.000000 0.000000 0.000000 0.000000 0.000000 0.000000 0.000000 0.000000 0.000000 0.000000 
50.000000 31.806211 17.361872 8.132017 3.289414 1.159864 0.360103 0.099402 0.024614 0.005511 0.001124 0.000210 0.000036 0.000006 0.000001 0.000000 0.000000 0.000000 0.000000 0.000000 0.000000 0.000000 0.000000 0.000000 0.000000 0.000000 0.000000 0.000000 0.000000 0.000000 0.000000 0.000000 0.000000 0.000000 0.000000 0.000000 0.000000 0.000000 0.000000 0.000000 0.000000 0.000000 0.000000 0.000000 0.000000 0.000000 0.000000 0.000000 0.000000 0.000000 
50.000000 31.806211 17.361872 8.132017 3.289414 1.159864 0.360103 0.099402 0.024614 0.005511 0.001124 0.000210 0.000036 0.000006 0.000001 0.000000 0.000000 0.000000 0.000000 0.000000 0.000000 0.000000 0.000000 0.000000 0.000000 0.000000 0.000000 0.000000 0.000000 0.000000 0.000000 0.000000 0.000000 0.000000 0.000000 0.000000 0.000000 0.000000 0.000000 0.000000 0.000000 0.000000 0.000000 0.000000 0.000000 0.000000 0.000000 0.000000 0.000000 0.000000 
50.000000 31.806211 17.361872 8.132017 3.289414 1.159864 0.360103 0.099402 0.024614 0.005511 0.001124 0.000210 0.000036 0.000006 0.000001 0.000000 0.000000 0.000000 0.000000 0.000000 0.000000 0.000000 0.000000 0.000000 0.000000 0.000000 0.000000 0.000000 0.000000 0.000000 0.000000 0.000000 0.000000 0.000000 0.000000 0.000000 0.000000 0.000000 0.000000 0.000000 0.000000 0.000000 0.000000 0.000000 0.000000 0.000000 0.000000 0.000000 0.000000 0.000000 
50.000000 31.806211 17.361872 8.132017 3.289414 1.159864 0.360103 0.099402 0.024614 0.005511 0.001124 0.000210 0.000036 0.000006 0.000001 0.000000 0.000000 0.000000 0.000000 0.000000 0.000000 0.000000 0.000000 0.000000 0.000000 0.000000 0.000000 0.000000 0.000000 0.000000 0.000000 0.000000 0.000000 0.000000 0.000000 0.000000 0.000000 0.000000 0.000000 0.000000 0.000000 0.000000 0.000000 0.000000 0.000000 0.000000 0.000000 0.000000 0.000000 0.000000 
50.000000 31.806211 17.361872 8.132017 3.289414 1.159864 0.360103 0.099402 0.024614 0.005511 0.001124 0.000210 0.000036 0.000006 0.000001 0.000000 0.000000 0.000000 0.000000 0.000000 0.000000 0.000000 0.000000 0.000000 0.000000 0.000000 0.000000 0.000000 0.000000 0.000000 0.000000 0.000000 0.000000 0.000000 0.000000 0.000000 0.000000 0.000000 0.000000 0.000000 0.000000 0.000000 0.000000 0.000000 0.000000 0.000000 0.000000 0.000000 0.000000 0.000000 
50.000000 31.806211 17.361872 8.132017 3.289414 1.159864 0.360103 0.099402 0.024614 0.005511 0.001124 0.000210 0.000036 0.000006 0.000001 0.000000 0.000000 0.000000 0.000000 0.000000 0.000000 0.000000 0.000000 0.000000 0.000000 0.000000 0.000000 0.000000 0.000000 0.000000 0.000000 0.000000 0.000000 0.000000 0.000000 0.000000 0.000000 0.000000 0.000000 0.000000 0.000000 0.000000 0.000000 0.000000 0.000000 0.000000 0.000000 0.000000 0.000000 0.000000 
50.000000 31.806211 17.361872 8.132017 3.289414 1.159864 0.360103 0.099402 0.024614 0.005511 0.001124 0.000210 0.000036 0.000006 0.000001 0.000000 0.000000 0.000000 0.000000 0.000000 0.000000 0.000000 0.000000 0.000000 0.000000 0.000000 0.000000 0.000000 0.000000 0.000000 0.000000 0.000000 0.000000 0.000000 0.000000 0.000000 0.000000 0.000000 0.000000 0.000000 0.000000 0.000000 0.000000 0.000000 0.000000 0.000000 0.000000 0.000000 0.000000 0.000000 
50.000000 31.806211 17.361872 8.132017 3.289414 1.159864 0.360103 0.099402 0.024614 0.005511 0.001124 0.000210 0.000036 0.000006 0.000001 0.000000 0.000000 0.000000 0.000000 0.000000 0.000000 0.000000 0.000000 0.000000 0.000000 0.000000 0.000000 0.000000 0.000000 0.000000 0.000000 0.000000 0.000000 0.000000 0.000000 0.000000 0.000000 0.000000 0.000000 0.000000 0.000000 0.000000 0.000000 0.000000 0.000000 0.000000 0.000000 0.000000 0.000000 0.000000 
50.000000 31.806211 17.361872 8.132017 3.289414 1.159864 0.360103 0.099402 0.024614 0.005511 0.001124 0.000210 0.000036 0.000006 0.000001 0.000000 0.000000 0.000000 0.000000 0.000000 0.000000 0.000000 0.000000 0.000000 0.000000 0.000000 0.000000 0.000000 0.000000 0.000000 0.000000 0.000000 0.000000 0.000000 0.000000 0.000000 0.000000 0.000000 0.000000 0.000000 0.000000 0.000000 0.000000 0.000000 0.000000 0.000000 0.000000 0.000000 0.000000 0.000000 
50.000000 31.806211 17.361872 8.132017 3.289414 1.159864 0.360103 0.099402 0.024614 0.005511 0.001124 0.000210 0.000036 0.000006 0.000001 0.000000 0.000000 0.000000 0.000000 0.000000 0.000000 0.000000 0.000000 0.000000 0.000000 0.000000 0.000000 0.000000 0.000000 0.000000 0.000000 0.000000 0.000000 0.000000 0.000000 0.000000 0.000000 0.000000 0.000000 0.000000 0.000000 0.000000 0.000000 0.000000 0.000000 0.000000 0.000000 0.000000 0.000000 0.000000 
50.000000 31.806211 17.361872 8.132017 3.289414 1.159864 0.360103 0.099402 0.024614 0.005511 0.001124 0.000210 0.000036 0.000006 0.000001 0.000000 0.000000 0.000000 0.000000 0.000000 0.000000 0.000000 0.000000 0.000000 0.000000 0.000000 0.000000 0.000000 0.000000 0.000000 0.000000 0.000000 0.000000 0.000000 0.000000 0.000000 0.000000 0.000000 0.000000 0.000000 0.000000 0.000000 0.000000 0.000000 0.000000 0.000000 0.000000 0.000000 0.000000 0.000000 
50.000000 31.806211 17.361872 8.132017 3.289414 1.159864 0.360103 0.099402 0.024614 0.005511 0.001124 0.000210 0.000036 0.000006 0.000001 0.000000 0.000000 0.000000 0.000000 0.000000 0.000000 0.000000 0.000000 0.000000 0.000000 0.000000 0.000000 0.000000 0.000000 0.000000 0.000000 0.000000 0.000000 0.000000 0.000000 0.000000 0.000000 0.000000 0.000000 0.000000 0.000000 0.000000 0.000000 0.000000 0.000000 0.000000 0.000000 0.000000 0.000000 0.000000 
50.000000 31.806211 17.361872 8.132017 3.289414 1.159864 0.360103 0.099402 0.024614 0.005511 0.001124 0.000210 0.000036 0.000006 0.000001 0.000000 0.000000 0.000000 0.000000 0.000000 0.000000 0.000000 0.000000 0.000000 0.000000 0.000000 0.000000 0.000000 0.000000 0.000000 0.000000 0.000000 0.000000 0.000000 0.000000 0.000000 0.000000 0.000000 0.000000 0.000000 0.000000 0.000000 0.000000 0.000000 0.000000 0.000000 0.000000 0.000000 0.000000 0.000000 
50.000000 31.806211 17.361872 8.132017 3.289414 1.159864 0.360103 0.099402 0.024614 0.005511 0.001124 0.000210 0.000036 0.000006 0.000001 0.000000 0.000000 0.000000 0.000000 0.000000 0.000000 0.000000 0.000000 0.000000 0.000000 0.000000 0.000000 0.000000 0.000000 0.000000 0.000000 0.000000 0.000000 0.000000 0.000000 0.000000 0.000000 0.000000 0.000000 0.000000 0.000000 0.000000 0.000000 0.000000 0.000000 0.000000 0.000000 0.000000 0.000000 0.000000 
50.000000 31.806211 17.361872 8.132017 3.289414 1.159864 0.360103 0.099402 0.024614 0.005512 0.001124 0.000210 0.000036 0.000006 0.000001 0.000000 0.000000 0.000000 0.000000 0.000000 0.000000 0.000000 0.000000 0.000000 0.000000 0.000000 0.000000 0.000000 0.000000 0.000000 0.000000 0.000000 0.000000 0.000000 0.000000 0.000000 0.000000 0.000000 0.000000 0.000000 0.000000 0.000000 0.000000 0.000000 0.000000 0.000000 0.000000 0.000000 0.000000 0.000000 
50.000000 31.806211 17.361872 8.132017 3.289414 1.159864 0.360104 0.099402 0.024614 0.005512 0.001124 0.000210 0.000036 0.000006 0.000001 0.000000 0.000000 0.000000 0.000000 0.000000 0.000000 0.000000 0.000000 0.000000 0.000000 0.000000 0.000000 0.000000 0.000000 0.000000 0.000000 0.000000 0.000000 0.000000 0.000000 0.000000 0.000000 0.000000 0.000000 0.000000 0.000000 0.000000 0.000000 0.000000 0.000000 0.000000 0.000000 0.000000 0.000000 0.000000 
50.000000 31.806212 17.361872 8.132017 3.289414 1.159865 0.360104 0.099402 0.024615 0.005512 0.001125 0.000211 0.000037 0.000007 0.000002 0.000001 0.000001 0.000001 0.000001 0.000001 0.000001 0.000001 0.000001 0.000001 0.000001 0.000001 0.000001 0.000001 0.000001 0.000001 0.000001 0.000001 0.000001 0.000001 0.000001 0.000001 0.000001 0.000001 0.000001 0.000001 0.000001 0.000001 0.000001 0.000001 0.000001 0.000001 0.000001 0.000001 0.000000 0.000000 
50.000000 31.806214 17.361876 8.132022 3.289419 1.159870 0.360109 0.099407 0.024620 0.005517 0.001130 0.000216 0.000042 0.000012 0.000007 0.000006 0.000006 0.000006 0.000006 0.000006 0.000006 0.000006 0.000006 0.000006 0.000006 0.000006 0.000006 0.000006 0.000006 0.000006 0.000006 0.000006 0.000006 0.000006 0.000006 0.000006 0.000006 0.000006 0.000006 0.000006 0.000006 0.000006 0.000006 0.000006 0.000006 0.000005 0.000005 0.000004 0.000002 0.000000 
50.000000 31.806225 17.361896 8.132047 3.289448 1.159900 0.360139 0.099438 0.024650 0.005548 0.001160 0.000246 0.000072 0.000042 0.000037 0.000036 0.000036 0.000036 0.000036 0.000036 0.000036 0.000036 0.000036 0.000036 0.000036 0.000036 0.000036 0.000036 0.000036 0.000036 0.000036 0.000036 0.000036 0.000036 0.000036 0.000036 0.000036 0.000036 0.000036 0.000036 0.000036 0.000036 0.000036 0.000036 0.000036 0.000034 0.000031 0.000025 0.000014 0.000000 
50.000000 31.806289 17.362011 8.132194 3.289611 1.160070 0.360312 0.099611 0.024824 0.005722 0.001334 0.000420 0.000246 0.000216 0.000211 0.000210 0.000210 0.000210 0.000210 0.000210 0.000210 0.000210 0.000210 0.000210 0.000210 0.000210 0.000210 0.000210 0.000210 0.000210 0.000210 0.000210 0.000210 0.000210 0.000210 0.000210 0.000210 0.000210 0.000210 0.000210 0.000210 0.000210 0.000210 0.000209 0.000207 0.000200 0.000182 0.000145 0.000082 0.000000 
50.000000 31.806626 17.362614 8.132965 3.290468 1.160964 0.361220 0.100524 0.025737 0.006635 0.002248 0.001334 0.001160 0.001130 0.001125 0.001124 0.001124 0.001124 0.001124 0.001124 0.001124 0.001124 0.001124 0.001124 0.001124 0.001124 0.001124 0.001124 0.001124 0.001124 0.001124 0.001124 0.001124 0.001124 0.001124 0.001124 0.001124 0.001124 0.001124 0.001124 0.001124 0.001124 0.001123 0.001119 0.001107 0.001070 0.000976 0.000779 0.000443 0.000000 
50.000000 31.808242 17.365504 8.136661 3.294580 1.165256 0.365579 0.104903 0.030123 0.011022 0.006635 0.005722 0.005548 0.005517 0.005512 0.005512 0.005512 0.005511 0.005511 0.005511 0.005511 0.005511 0.005511 0.005511 0.005511 0.005511 0.005511 0.005511 0.005511 0.005511 0.005511 0.005511 0.005511 0.005511 0.005511 0.005511 0.005511 0.005511 0.005511 0.005511 0.005511 0.005510 0.005506 0.005489 0.005429 0.005252 0.004799 0.003837 0.002191 0.000000 
50.000000 31.815262 17.378070 8.152737 3.312475 1.183940 0.384553 0.123971 0.049217 0.030123 0.025737 0.024824 0.024650 0.024620 0.024615 0.024614 0.024614 0.024614 0.024614 0.024614 0.024614 0.024614 0.024614 0.024614 0.024614 0.024614 0.024614 0.024614 0.024614 0.024614 0.024614 0.024614 0.024614 0.024614 0.024614 0.024614 0.024614 0.024614 0.024614 0.024614 0.024613 0.024609 0.024590 0.024516 0.024261 0.023491 0.021510 0.017257 0.009889 0.000000 
50.000000 31.842697 17.427195 8.215618 3.382500 1.257069 0.458833 0.198621 0.123971 0.104903 0.100524 0.099611 0.099438 0.099407 0.099402 0.099402 0.099402 0.099402 0.099402 0.099402 0.099402 0.099402 0.099402 0.099402 0.099402 0.099402 0.099402 0.099402 0.099402 0.099402 0.099402 0.099402 0.099402 0.099402 0.099402 0.099402 0.099402 0.099402 0.099401 0.099401 0.099398 0.099381 0.099310 0.099030 0.098053 0.095074 0.087298 0.070349 0.040522 0.000000 
50.000000 31.938161 17.598205 8.434617 3.626481 1.511933 0.717742 0.458833 0.384553 0.365579 0.361220 0.360312 0.360139 0.360109 0.360104 0.360104 0.360103 0.360103 0.360103 0.360103 0.360103 0.360103 0.360103 0.360103 0.360103 0.360103 0.360103 0.360103 0.360103 0.360103 0.360103 0.360103 0.360103 0.360103 0.360103 0.360103 0.360103 0.360103 0.360103 0.360101 0.360090 0.360037 0.359803 0.358871 0.355580 0.345407 0.318379 0.258206 0.149878 0.000000 
50.000000 32.230522 18.122129 9.105873 4.374593 2.293613 1.511933 1.257069 1.183940 1.165256 1.160964 1.160070 1.159900 1.159870 1.159865 1.159864 1.159864 1.159864 1.159864 1.159864 1.159864 1.159864 1.159864 1.159864 1.159864 1.159864 1.159864 1.159864 1.159864 1.159864 1.159864 1.159864 1.159864 1.159864 1.159864 1.159864 1.159864 1.159864 1.159863 1.159857 1.159827 1.159679 1.159016 1.156353 1.146806 1.116728 1.034862 0.847129 0.497683 0.000000 
50.000000 33.007774 19.515497 10.891825 6.365742 4.374593 3.626481 3.382500 3.312475 3.294580 3.290468 3.289611 3.289448 3.289419 3.289414 3.289414 3.289414 3.289414 3.289414 3.289414 3.289414 3.289414 3.289414 3.289414 3.289414 3.289414 3.289414 3.289414 3.289414 3.289414 3.289414 3.289414 3.289414 3.289414 3.289414 3.289414 3.289414 3.289413 3.289411 3.289398 3.289329 3.288984 3.287427 3.281073 3.257865 3.182871 2.971909 2.467210 1.478616 0.000000 
50.000000 34.772741 22.680544 14.950170 10.891825 9.105873 8.434617 8.215618 8.152737 8.136661 8.132965 8.132194 8.132047 8.132022 8.132017 8.132017 8.132017 8.132017 8.132017 8.132017 8.132017 8.132017 8.132017 8.132017 8.132017 8.132017 8.132017 8.132017 8.132017 8.132017 8.132017 8.132017 8.132017 8.132017 8.132017 8.132017 8.132017 8.132016 8.132012 8.131989 8.131862 8.131227 8.128319 8.116238 8.071011 7.919916 7.475085 6.342865 3.937287 0.000000 
50.000000 38.132679 28.707424 22.680544 19.515497 18.122129 17.598205 17.427195 17.378070 17.365504 17.362614 17.362011 17.361896 17.361876 17.361872 17.361872 17.361872 17.361872 17.361872 17.361872 17.361872 17.361872 17.361872 17.361872 17.361872 17.361872 17.361872 17.361872 17.361872 17.361872 17.361872 17.361872 17.361872 17.361872 17.361872 17.361872 17.361872 17.361871 17.361866 17.361835 17.361666 17.360813 17.356845 17.339999 17.274999 17.048287 16.337679 14.353712 9.522638 0.000000 
50.000000 43.386127 38.132679 34.772741 33.007774 32.230522 31.938161 31.842697 31.815262 31.808242 31.806626 31.806289 31.806225 31.806214 31.806212 31.806211 31.806211 31.806211 31.806211 31.806211 31.806211 31.806211 31.806211 31.806211 31.806211 31.806211 31.806211 31.806211 31.806211 31.806211 31.806211 31.806211 31.806211 31.806211 31.806211 31.806211 31.806211 31.806211 31.806207 31.806183 31.806051 31.805373 31.802175 31.788283 31.732839 31.529158 30.835454 28.610041 21.693063 0.000000 
50.000000 50.000000 50.000000 50.000000 50.000000 50.000000 50.000000 50.000000 50.000000 50.000000 50.000000 50.000000 50.000000 50.000000 50.000000 50.000000 50.000000 50.000000 50.000000 50.000000 50.000000 50.000000 50.000000 50.000000 50.000000 50.000000 50.000000 50.000000 50.000000 50.000000 50.000000 50.000000 50.000000 50.000000 50.000000 50.000000 50.000000 50.000000 50.000000 50.000000 50.000000 50.000000 50.000000 50.000000 50.000000 50.000000 50.000000 50.000000 50.000000 50.000000 
