50.000000 50.000000 50.000000 50.000000 50.000000 50.000000 50.000000 50.000000 50.000000 50.000000 50.000000 50.000000 50.000000 50.000000 50.000000 50.000000 50.000000 50.000000 50.000000 50.000000 50.000000 50.000000 50.000000 50.000000 50.000000 50.000000 50.000000 50.000000 50.000000 50.000000 50.000000 50.000000 50.000000 50.000000 50.000000 50.000000 50.000000 50.000000 50.000000 50.000000 50.000000 50.000000 50.000000 50.000000 50.000000 50.000000 50.000000 50.000000 50.000000 50.000000 
50.000000 44.630041 40.159785 37.040825 35.196502 34.260279 33.847054 33.686576 33.631151 33.613966 33.609143 33.607908 33.607618 33.607556 33.607543 33.607541 33.607540 33.607540 33.607540 33.607540 33.607540 33.607540 33.607540 33.607540 33.607540 33.607540 33.607540 33.607540 33.607540 33.607540 33.607540 33.607540 33.607540 33.607540 33.607540 33.607540 33.607539 33.607535 33.607515 33.607418 33.606973 33.605089 33.597672 33.570547 33.478280 33.184801 32.301966 29.738051 22.315020 0.000000 
50.000000 40.159785 31.968708 26.254300 22.875729 21.160997 20.404318 20.110525 20.009082 19.977637 19.968813 19.966556 19.966026 19.965911 19.965888 19.965884 19.965883 19.965883 19.965883 19.965883 19.965883 19.965883 19.965883 19.965883 19.965883 19.965883 19.965883 19.965883 19.965883 19.965883 19.965883 19.965883 19.965883 19.965883 19.965883 19.965883 19.965882 19.965876 19.965848 19.965711 19.965090 19.962492 19.952424 19.916448 19.798212 19.441683 18.457662 15.984354 10.421734 0.000000 
50.000000 37.040825 26.254300 18.730260 14.282629 12.025849 11.030243 10.643796 10.510403 10.469068 10.457473 10.454508 10.453812 10.453662 10.453631 10.453626 10.453625 10.453625 10.453625 10.453625 10.453625 10.453625 10.453625 10.453625 10.453625 10.453625 10.453625 10.453625 10.453625 10.453625 10.453625 10.453625 10.453625 10.453625 10.453625 10.453624 10.453623 10.453619 10.453594 10.453476 10.452946 10.450754 10.442407 10.413267 10.320572 10.053730 9.365130 7.796638 4.738859 0.000000 
50.000000 35.196502 22.875729 14.282629 9.203985 6.627600 5.491285 5.050345 4.898187 4.851052 4.837836 4.834457 4.833664 4.833492 4.833458 4.833451 4.833450 4.833450 4.833450 4.833450 4.833450 4.833450 4.833450 4.833450 4.833450 4.833450 4.833450 4.833450 4.833450 4.833450 4.833450 4.833450 4.833450 4.833450 4.833450 4.833450 4.833449 4.833446 4.833430 4.833354 4.833016 4.831636 4.826460 4.808759 4.753975 4.601992 4.228898 3.434046 2.011701 0.000000 
50.000000 34.260279 21.160997 12.025849 6.627600 3.889543 2.682156 2.213736 2.052132 2.002082 1.988052 1.984466 1.983625 1.983443 1.983406 1.983399 1.983398 1.983398 1.983398 1.983398 1.983398 1.983398 1.983398 1.983398 1.983398 1.983398 1.983398 1.983398 1.983398 1.983398 1.983398 1.983398 1.983398 1.983398 1.983398 1.983398 1.983397 1.983396 1.983388 1.983348 1.983175 1.982474 1.979881 1.971163 1.944772 1.873624 1.705278 1.362785 0.781998 0.000000 
50.000000 33.847054 20.404318 11.030243 5.491285 2.682156 1.443578 0.963119 0.797385 0.746064 0.731679 0.728003 0.727141 0.726954 0.726917 0.726910 0.726908 0.726908 0.726908 0.726908 0.726908 0.726908 0.726908 0.726908 0.726908 0.726908 0.726908 0.726908 0.726908 0.726908 0.726908 0.726908 0.726908 0.726908 0.726908 0.726908 0.726908 0.726907 0.726904 0.726887 0.726812 0.726513 0.725418 0.721789 0.710994 0.682526 0.616976 0.487871 0.276507 0.000000 
50.000000 33.686576 20.110525 10.643796 5.050345 2.213736 0.963119 0.478024 0.310702 0.258893 0.244373 0.240662 0.239792 0.239604 0.239566 0.239559 0.239558 0.239558 0.239558 0.239558 0.239558 0.239558 0.239558 0.239558 0.239558 0.239558 0.239558 0.239558 0.239558 0.239558 0.239558 0.239558 0.239558 0.239558 0.239558 0.239558 0.239558 0.239558 0.239556 0.239550 0.239522 0.239412 0.239012 0.237701 0.233856 0.223885 0.201389 0.158101 0.088904 0.000000 
50.000000 33.631151 20.009082 10.510403 4.898187 2.052132 0.797385 0.310702 0.142838 0.090863 0.076297 0.072575 0.071702 0.071513 0.071475 0.071468 0.071467 0.071467 0.071467 0.071467 0.071467 0.071467 0.071467 0.071467 0.071467 0.071467 0.071467 0.071467 0.071467 0.071467 0.071467 0.071467 0.071467 0.071467 0.071467 0.071467 0.071466 0.071466 0.071466 0.071464 0.071455 0.071419 0.071290 0.070872 0.069658 0.066551 0.059649 0.046590 0.026062 0.000000 
50.000000 33.613966 19.977637 10.469068 4.851052 2.002082 0.746064 0.258893 0.090863 0.038837 0.024257 0.020531 0.019658 0.019469 0.019431 0.019424 0.019422 0.019422 0.019422 0.019422 0.019422 0.019422 0.019422 0.019422 0.019422 0.019422 0.019422 0.019422 0.019422 0.019422 0.019422 0.019422 0.019422 0.019422 0.019422 0.019422 0.019422 0.019422 0.019422 0.019421 0.019419 0.019408 0.019371 0.019252 0.018908 0.018036 0.016122 0.012546 0.006993 0.000000 
50.000000 33.609143 19.968813 10.457473 4.837836 1.988052 0.731679 0.244373 0.076297 0.024257 0.009672 0.005946 0.005072 0.004883 0.004845 0.004838 0.004837 0.004836 0.004836 0.004836 0.004836 0.004836 0.004836 0.004836 0.004836 0.004836 0.004836 0.004836 0.004836 0.004836 0.004836 0.004836 0.004836 0.004836 0.004836 0.004836 0.004836 0.004836 0.004836 0.004836 0.004836 0.004833 0.004823 0.004792 0.004704 0.004482 0.003998 0.003103 0.001725 0.000000 
50.000000 33.607908 19.966556 10.454508 4.834457 1.984466 0.728003 0.240662 0.072575 0.020531 0.005946 0.002219 0.001345 0.001156 0.001118 0.001111 0.001110 0.001109 0.001109 0.001109 0.001109 0.001109 0.001109 0.001109 0.001109 0.001109 0.001109 0.001109 0.001109 0.001109 0.001109 0.001109 0.001109 0.001109 0.001109 0.001109 0.001109 0.001109 0.001109 0.001109 0.001109 0.001109 0.001106 0.001099 0.001078 0.001026 0.000914 0.000708 0.000393 0.000000 
50.000000 33.607618 19.966026 10.453812 4.833664 1.983625 0.727141 0.239792 0.071702 0.019658 0.005072 0.001345 0.000471 0.000282 0.000244 0.000237 0.000236 0.000236 0.000236 0.000236 0.000236 0.000236 0.000236 0.000236 0.000236 0.000236 0.000236 0.000236 0.000236 0.000236 0.000236 0.000236 0.000236 0.000236 0.000236 0.000236 0.000236 0.000236 0.000236 0.000236 0.000236 0.000235 0.000235 0.000233 0.000229 0.000218 0.000194 0.000150 0.000083 0.000000 
50.000000 33.607556 19.965911 10.453662 4.833492 1.983443 0.726954 0.239604 0.071513 0.019469 0.004883 0.001156 0.000282 0.000093 0.000055 0.000048 0.000047 0.000047 0.000047 0.000046 0.000046 0.000046 0.000046 0.000046 0.000046 0.000046 0.000046 0.000046 0.000046 0.000046 0.000046 0.000046 0.000046 0.000046 0.000046 0.000046 0.000046 0.000046 0.000046 0.000046 0.000046 0.000046 0.000046 0.000046 0.000045 0.000043 0.000038 0.000029 0.000016 0.000000 
50.000000 33.607543 19.965888 10.453631 4.833458 1.983406 0.726917 0.239566 0.071475 0.019431 0.004845 0.001118 0.000244 0.000055 0.000017 0.000010 0.000009 0.000009 0.000009 0.000009 0.000009 0.000009 0.000009 0.000009 0.000009 0.000009 0.000009 0.000009 0.000009 0.000009 0.000009 0.000009 0.000009 0.000009 0.000009 0.000009 0.000009 0.000009 0.000009 0.000009 0.000009 0.000009 0.000009 0.000008 0.000008 0.000008 0.000007 0.000005 0.000003 0.000000 
50.000000 33.607541 19.965884 10.453626 4.833451 1.983399 0.726910 0.239559 0.071468 0.019424 0.004838 0.001111 0.000237 0.000048 0.000010 0.000003 0.000002 0.000002 0.000001 0.000001 0.000001 0.000001 0.000001 0.000001 0.000001 0.000001 0.000001 0.000001 0.000001 0.000001 0.000001 0.000001 0.000001 0.000001 0.000001 0.000001 0.000001 0.000001 0.000001 0.000001 0.000001 0.000001 0.000001 0.000001 0.000001 0.000001 0.000001 0.000001 0.000001 0.000000 
50.000000 33.607540 19.965883 10.453625 4.833450 1.983398 0.726908 0.239558 0.071467 0.019422 0.004837 0.001110 0.000236 0.000047 0.000009 0.000002 0.000000 0.000000 0.000000 0.000000 0.000000 0.000000 0.000000 0.000000 0.000000 0.000000 0.000000 0.000000 0.000000 0.000000 0.000000 0.000000 0.000000 0.000000 0.000000 0.000000 0.000000 0.000000 0.000000 0.000000 0.000000 0.000000 0.000000 0.000000 0.000000 0.000000 0.000000 0.000000 0.000000 0.000000 
50.000000 33.607540 19.965883 10.453625 4.833450 1.983398 0.726908 0.239558 0.071467 0.019422 0.004836 0.001109 0.000236 0.000047 0.000009 0.000002 0.000000 0.000000 0.000000 0.000000 0.000000 0.000000 0.000000 0.000000 0.000000 0.000000 0.000000 0.000000 0.000000 0.000000 0.000000 0.000000 0.000000 0.000000 0.000000 0.000000 0.000000 0.000000 0.000000 0.000000 0.000000 0.000000 0.000000 0.000000 0.000000 0.000000 0.000000 0.000000 0.000000 0.000000 
50.000000 33.607540 19.965883 10.453625 4.833450 1.983398 0.726908 0.239558 0.071467 0.019422 0.004836 0.001109 0.000236 0.000047 0.000009 0.000001 0.000000 0.000000 0.000000 0.000000 0.000000 0.000000 0.000000 0.000000 0.000000 0.000000 0.000000 0.000000 0.000000 0.000000 0.000000 0.000000 0.000000 0.000000 0.000000 0.000000 0.000000 0.000000 0.000000 0.000000 0.000000 0.000000 0.000000 0.000000 0.000000 0.000000 0.000000 0.000000 0.000000 0.000000 
50.000000 33.607540 19.965883 10.453625 4.833450 1.983398 0.726908 0.239558 0.071467 0.019422 0.004836 0.001109 0.000236 0.000046 0.000009 0.000001 0.000000 0.000000 0.000000 0.000000 0.000000 0.000000 0.000000 0.000000 0.000000 0.000000 0.000000 0.000000 0.000000 0.000000 0.000000 0.000000 0.000000 0.000000 0.000000 0.000000 0.000000 0.000000 0.000000 0.000000 0.000000 0.000000 0.000000 0.000000 0.000000 0.000000 0.000000 0.000000 0.000000 0.000000 
50.000000 33.607540 19.965883 10.453625 4.833450 1.983398 0.726908 0.239558 0.071467 0.019422 0.004836 0.001109 0.000236 0.000046 0.000009 0.000001 0.000000 0.000000 0.000000 0.000000 0.000000 0.000000 0.000000 0.000000 0.000000 0.000000 0.000000 0.000000 0.000000 0.000000 0.000000 0.000000 0.000000 0.000000 0.000000 0.000000 0.000000 0.000000 0.000000 0.000000 0.000000 0.000000 0.000000 0.000000 0.000000 0.000000 0.000000 0.000000 0.000000 0.000000 
50.000000 33.607540 19.965883 10.453625 4.833450 1.983398 0.726908 0.239558 0.071467 0.019422 0.004836 0.001109 0.000236 0.000046 0.000009 0.000001 0.000000 0.000000 0.000000 0.000000 0.000000 0.000000 0.000000 0.000000 0.000000 0.000000 0.000000 0.000000 0.000000 0.000000 0.000000 0.000000 0.000000 0.000000 0.000000 0.000000 0.000000 0.000000 0.000000 0.000000 0.000000 0.000000 0.000000 0.000000 0.000000 0.000000 0.000000 0.000000 0.000000 0.000000 
50.000000 33.607540 19.965883 10.453625 4.833450 1.983398 0.726908 0.239558 0.071467 0.019422 0.004836 0.001109 0.000236 0.000046 0.000009 0.000001 0.000000 0.000000 0.000000 0.000000 0.000000 0.000000 0.000000 0.000000 0.000000 0.000000 0.000000 0.000000 0.000000 0.000000 0.000000 0.000000 0.000000 0.000000 0.000000 0.000000 0.000000 0.000000 0.000000 0.000000 0.000000 0.000000 0.000000 0.000000 0.000000 0.000000 0.000000 0.000000 0.000000 0.000000 
50.000000 33.607540 19.965883 10.453625 4.833450 1.983398 0.726908 0.239558 0.071467 0.019422 0.004836 0.001109 0.000236 0.000046 0.000009 0.000001 0.000000 0.000000 0.000000 0.000000 0.000000 0.000000 0.000000 0.000000 0.000000 0.000000 0.000000 0.000000 0.000000 0.000000 0.000000 0.000000 0.000000 0.000000 0.000000 0.000000 0.000000 0.000000 0.000000 0.000000 0.000000 0.000000 0.000000 0.000000 0.000000 0.000000 0.000000 0.000000 0.000000 0.000000 
50.000000 33.607540 19.965883 10.453625 4.833450 1.983398 0.726908 0.239558 0.071467 0.019422 0.004836 0.001109 0.000236 0.000046 0.000009 0.000001 0.000000 0.000000 0.000000 0.000000 0.000000 0.000000 0.000000 0.000000 0.000000 0.000000 0.000000 0.000000 0.000000 0.000000 0.000000 0.000000 0.000000 0.000000 0.000000 0.000000 0.000000 0.000000 0.000000 0.000000 0.000000 0.000000 0.000000 0.000000 0.000000 0.000000 0.000000 0.000000 0.000000 0.000000 
50.000000 33.607540 19.965883 10.453625 4.833450 1.983398 0.726908 0.239558 0.071467 0.019422 0.004836 0.001109 0.000236 0.000046 0.000009 0.000001 0.000000 0.000000 0.000000 0.000000 0.000000 0.000000 0.000000 0.000000 0.000000 0.000000 0.000000 0.000000 0.000000 0.000000 0.000000 0.000000 0.000000 0.000000 0.000000 0.000000 0.000000 0.000000 0.000000 0.000000 0.000000 0.000000 0.000000 0.000000 0.000000 0.000000 0.000000 0.000000 0.000000 0.000000 
50.000000 33.607540 19.965883 10.453625 4.833450 1.983398 0.726908 0.239558 0.071467 0.019422 0.004836 0.001109 0.000236 0.000046 0.000009 0.000001 0.000000 0.000000 0.000000 0.000000 0.000000 0.000000 0.000000 0.000000 0.000000 0.000000 0.000000 0.000000 0.000000 0.000000 0.000000 0.000000 0.000000 0.000000 0.000000 0.000000 0.000000 0.000000 0.000000 0.000000 0.000000 0.000000 0.000000 0.000000 0.000000 0.000000 0.000000 0.000000 0.000000 0.000000 
50.000000 33.607540 19.965883 10.453625 4.833450 1.983398 0.726908 0.239558 0.071467 0.019422 0.004836 0.001109 0.000236 0.000046 0.000009 0.000001 0.000000 0.000000 0.000000 0.000000 0.000000 0.000000 0.000000 0.000000 0.000000 0.000000 0.000000 0.000000 0.000000 0.000000 0.000000 0.000000 0.000000 0.000000 0.000000 0.000000 0.000000 0.000000 0.000000 0.000000 0.000000 0.000000 0.000000 0.000000 0.000000 0.000000 0.000000 0.000000 0.000000 0.000000 
50.000000 33.607540 19.965883 10.453625 4.833450 1.983398 0.726908 0.239558 0.071467 0.019422 0.004836 0.001109 0.000236 0.000046 0.000009 0.000001 0.000000 0.000000 0.000000 0.000000 0.000000 0.000000 0.000000 0.000000 0.000000 0.000000 0.000000 0.000000 0.000000 0.000000 0.000000 0.000000 0.000000 0.000000 0.000000 0.000000 0.000000 0.000000 0.000000 0.000000 0.000000 0.000000 0.000000 0.000000 0.000000 0.000000 0.000000 0.000000 0.000000 0.000000 
50.000000 33.607540 19.965883 10.453625 4.833450 1.983398 0.726908 0.239558 0.071467 0.019422 0.004836 0.001109 0.000236 0.000046 0.000009 0.000001 0.000000 0.000000 0.000000 0.000000 0.000000 0.000000 0.000000 0.000000 0.000000 0.000000 0.000000 0.000000 0.000000 0.000000 0.000000 0.000000 0.000000 0.000000 0.000000 0.000000 0.000000 0.000000 0.000000 0.000000 0.000000 0.000000 0.000000 0.000000 0.000000 0.000000 0.000000 0.000000 0.000000 0.000000 
50.000000 33.607540 19.965883 10.453625 4.833450 1.983398 0.726908 0.239558 0.071467 0.019422 0.004836 0.001109 0.000236 0.000046 0.000009 0.000001 0.000000 0.000000 0.000000 0.000000 0.000000 0.000000 0.000000 0.000000 0.000000 0.000000 0.000000 0.000000 0.000000 0.000000 0.000000 0.000000 0.000000 0.000000 0.000000 0.000000 0.000000 0.000000 0.000000 0.000000 0.000000 0.000000 0.000000 0.000000 0.000000 0.000000 0.000000 0.000000 0.000000 0.000000 
50.000000 33.607540 19.965883 10.453625 4.833450 1.983398 0.726908 0.239558 0.071467 0.019422 0.004836 0.001109 0.000236 0.000047 0.000009 0.000001 0.000000 0.000000 0.000000 0.000000 0.000000 0.000000 0.000000 0.000000 0.000000 0.000000 0.000000 0.000000 0.000000 0.000000 0.000000 0.000000 0.000000 0.000000 0.000000 0.000000 0.000000 0.000000 0.000000 0.000000 0.000000 0.000000 0.000000 0.000000 0.000000 0.000000 0.000000 0.000000 0.000000 0.000000 
50.000000 33.607540 19.965883 10.453625 4.833450 1.983398 0.726908 0.239558 0.071467 0.019422 0.004836 0.001109 0.000236 0.000047 0.000009 0.000002 0.000000 0.000000 0.000000 0.000000 0.000000 0.000000 0.000000 0.000000 0.000000 0.000000 0.000000 0.000000 0.000000 0.000000 0.000000 0.000000 0.000000 0.000000 0.000000 0.000000 0.000000 0.000000 0.000000 0.000000 0.000000 0.000000 0.000000 0.000000 0.000000 0.000000 0.000000 0.000000 0.000000 0.000000 
50.000000 33.607540 19.965883 10.453625 4.833450 1.983398 0.726908 0.239558 0.071467 0.019422 0.004837 0.001110 0.000236 0.000047 0.000009 0.000002 0.000000 0.000000 0.000000 0.000000 0.000000 0.000000 0.000000 0.000000 0.000000 0.000000 0.000000 0.000000 0.000000 0.000000 0.000000 0.000000 0.000000 0.000000 0.000000 0.000000 0.000000 0.000000 0.000000 0.000000 0.000000 0.000000 0.000000 0.000000 0.000000 0.000000 0.000000 0.000000 0.000000 0.000000 
50.000000 33.607541 19.965884 10.453626 4.833451 1.983399 0.726910 0.239559 0.071468 0.019424 0.004838 0.001111 0.000237 0.000048 0.000010 0.000003 0.000002 0.000002 0.000001 0.000001 0.000001 0.000001 0.000001 0.000001 0.000001 0.000001 0.000001 0.000001 0.000001 0.000001 0.000001 0.000001 0.000001 0.000001 0.000001 0.000001 0.000001 0.000001 0.000001 0.000001 0.000001 0.000001 0.000001 0.000001 0.000001 0.000001 0.000001 0.000001 0.000001 0.000000 
50.000000 33.607543 19.965888 10.453631 4.833458 1.983406 0.726917 0.239566 0.071475 0.019431 0.004845 0.001118 0.000244 0.000055 0.000017 0.000010 0.000009 0.000009 0.000009 0.000009 0.000009 0.000009 0.000009 0.000009 0.000009 0.000009 0.000009 0.000009 0.000009 0.000009 0.000009 0.000009 0.000009 0.000009 0.000009 0.000009 0.000009 0.000009 0.000009 0.000009 0.000009 0.000009 0.000009 0.000008 0.000008 0.000008 0.000007 0.000005 0.000003 0.000000 
50.000000 33.607556 19.965911 10.453662 4.833492 1.983443 0.726954 0.239604 0.071513 0.019469 0.004883 0.001156 0.000282 0.000093 0.000055 0.000048 0.000047 0.000047 0.000047 0.000046 0.000046 0.000046 0.000046 0.000046 0.000046 0.000046 0.000046 0.000046 0.000046 0.000046 0.000046 0.000046 0.000046 0.000046 0.000046 0.000046 0.000046 0.000046 0.000046 0.000046 0.000046 0.000046 0.000046 0.000046 0.000045 0.000043 0.000038 0.000029 0.000016 0.000000 
50.000000 33.607618 19.966026 10.453812 4.833664 1.983625 0.727141 0.239792 0.071702 0.019658 0.005072 0.001345 0.000471 0.000282 0.000244 0.000237 0.000236 0.000236 0.000236 0.000236 0.000236 0.000236 0.000236 0.000236 0.000236 0.000236 0.000236 0.000236 0.000236 0.000236 0.000236 0.000236 0.000236 0.000236 0.000236 0.000236 0.000236 0.000236 0.000236 0.000236 0.000236 0.000235 0.000235 0.000233 0.000229 0.000218 0.000194 0.000150 0.000083 0.000000 
50.000000 33.607908 19.966556 10.454508 4.834457 1.984466 0.728003 0.240662 0.072575 0.020531 0.005946 0.002219 0.001345 0.001156 0.001118 0.001111 0.001110 0.001109 0.001109 0.001109 0.001109 0.001109 0.001109 0.001109 0.001109 0.001109 0.001109 0.001109 0.001109 0.001109 0.001109 0.001109 0.001109 0.001109 0.001109 0.001109 0.001109 0.001109 0.001109 0.001109 0.001109 0.001109 0.001106 0.001099 0.001078 0.001026 0.000914 0.000708 0.000393 0.000000 
50.000000 33.609143 19.968813 10.457473 4.837836 1.988052 0.731679 0.244373 0.076297 0.024257 0.009672 0.005946 0.005072 0.004883 0.004845 0.004838 0.004837 0.004836 0.004836 0.004836 0.004836 0.004836 0.004836 0.004836 0.004836 0.004836 0.004836 0.004836 0.004836 0.004836 0.004836 0.004836 0.004836 0.004836 0.004836 0.004836 0.004836 0.004836 0.004836 0.004836 0.004836 0.004833 0.004823 0.004792 0.004704 0.004482 0.003998 0.003103 0.001725 0.000000 
50.000000 33.613966 19.977637 10.469068 4.851052 2.002082 0.746064 0.258893 0.090863 0.038837 0.024257 0.020531 0.019658 0.019469 0.019431 0.019424 0.019422 0.019422 0.019422 0.019422 0.019422 0.019422 0.019422 0.019422 0.019422 0.019422 0.019422 0.019422 0.019422 0.019422 0.019422 0.019422 0.019422 0.019422 0.019422 0.019422 0.019422 0.019422 0.019422 0.019421 0.019419 0.019408 0.019371 0.019252 0.018908 0.018036 0.016122 0.012546 0.006993 0.000000 
50.000000 33.631151 20.009082 10.510403 4.898187 2.052132 0.797385 0.310702 0.142838 0.090863 0.076297 0.072575 0.071702 0.071513 0.071475 0.071468 0.071467 0.071467 0.071467 0.071467 0.071467 0.071467 0.071467 0.071467 0.071467 0.071467 0.071467 0.071467 0.071467 0.071467 0.071467 0.071467 0.071467 0.071467 0.071467 0.071467 0.071466 0.071466 0.071466 0.071464 0.071455 0.071419 0.071290 0.070872 0.069658 0.066551 0.059649 0.046590 0.026062 0.000000 
50.000000 33.686576 20.110525 10.643796 5.050345 2.213736 0.963119 0.478024 0.310702 0.258893 0.244373 0.240662 0.239792 0.239604 0.239566 0.239559 0.239558 0.239558 0.239558 0.239558 0.239558 0.239558 0.239558 0.239558 0.239558 0.239558 0.239558 0.239558 0.239558 0.239558 0.239558 0.239558 0.239558 0.239558 0.239558 0.239558 0.239558 0.239558 0.239556 0.239550 0.239522 0.239412 0.239012 0.237701 0.233856 0.223885 0.201389 0.158101 0.088904 0.000000 
50.000000 33.847054 20.404318 11.030243 5.491285 2.682156 1.443578 0.963119 0.797385 0.746064 0.731679 0.728003 0.727141 0.726954 0.726917 0.726910 0.726908 0.726908 0.726908 0.726908 0.726908 0.726908 0.726908 0.726908 0.726908 0.726908 0.726908 0.726908 0.726908 0.726908 0.726908 0.726908 0.726908 0.726908 0.726908 0.726908 0.726908 0.726907 0.726904 0.726887 0.726812 0.726513 0.725418 0.721789 0.710994 0.682526 0.616976 0.487871 0.276507 0.000000 
50.000000 34.260279 21.160997 12.025849 6.627600 3.889543 2.682156 2.213736 2.052132 2.002082 1.988052 1.984466 1.983625 1.983443 1.983406 1.983399 1.983398 1.983398 1.983398 1.983398 1.983398 1.983398 1.983398 1.983398 1.983398 1.983398 1.983398 1.983398 1.983398 1.983398 1.983398 1.983398 1.983398 1.983398 1.983398 1.983398 1.983397 1.983396 1.983388 1.983348 1.983175 1.982474 1.979881 1.971163 1.944772 1.873624 1.705278 1.362785 0.781998 0.000000 
50.000000 35.196502 22.875729 14.282629 9.203985 6.627600 5.491285 5.050345 4.898187 4.851052 4.837836 4.834457 4.833664 4.833492 4.833458 4.833451 4.833450 4.833450 4.833450 4.833450 4.833450 4.833450 4.833450 4.833450 4.833450 4.833450 4.833450 4.833450 4.833450 4.833450 4.833450 4.833450 4.833450 4.833450 4.833450 4.833450 4.833449 4.833446 4.833430 4.833354 4.833016 4.831636 4.826460 4.808759 4.753975 4.601992 4.228898 3.434046 2.011701 0.000000 
50.000000 37.040825 26.254300 18.730260 14.282629 12.025849 11.030243 10.643796 10.510403 10.469068 10.457473 10.454508 10.453812 10.453662 10.453631 10.453626 10.453625 10.453625 10.453625 10.453625 10.453625 10.453625 10.453625 10.453625 10.453625 10.453625 10.453625 10.453625 10.453625 10.453625 10.453625 10.453625 10.453625 10.453625 10.453625 10.453624 10.453623 10.453619 10.453594 10.453476 10.452946 10.450754 10.442407 10.413267 10.320572 10.053730 9.365130 7.796638 4.738859 0.000000 
50.000000 40.159785 31.968708 26.254300 22.875729 21.160997 20.404318 20.110525 20.009082 19.977637 19.968813 19.966556 19.966026 19.965911 19.965888 19.965884 19.965883 19.965883 19.965883 19.965883 19.965883 19.965883 19.965883 19.965883 19.965883 19.965883 19.965883 19.965883 19.965883 19.965883 19.965883 19.965883 19.965883 19.965883 19.965883 19.965883 19.965882 19.965876 19.965848 19.965711 19.965090 19.962492 19.952424 19.916448 19.798212 19.441683 18.457662 15.984354 10.421734 0.000000 
50.000000 44.630041 40.159785 37.040825 35.196502 34.260279 33.847054 33.686576 33.631151 33.613966 33.609143 33.607908 33.607618 33.607556 33.607543 33.607541 33.607540 33.607540 33.607540 33.607540 33.607540 33.607540 33.607540 33.607540 33.607540 33.607540 33.607540 33.607540 33.607540 33.607540 33.607540 33.607540 33.607540 33.607540 33.607540 33.607540 33.607539 33.607535 33.607515 33.607418 33.606973 33.605089 33.597672 33.570547 33.478280 33.184801 32.301966 29.738051 22.315020 0.000000 
50.000000 50.000000 50.000000 50.000000 50.000000 50.000000 50.000000 50.000000 50.000000 50.000000 50.000000 50.000000 50.000000 50.000000 50.000000 50.000000 50.000000 50.000000 50.000000 50.000000 50.000000 50.000000 50.000000 50.000000 50.000000 50.000000 50.000000 50.000000 50.000000 50.000000 50.000000 50.000000 50.000000 50.000000 50.000000 50.000000 50.000000 50.000000 50.000000 50.000000 50.000000 50.000000 50.000000 50.000000 50.000000 50.000000 50.000000 50.000000 50.000000 50.000000 
