50.000000 50.000000 50.000000 50.000000 50.000000 50.000000 50.000000 50.000000 50.000000 50.000000 50.000000 50.000000 50.000000 50.000000 50.000000 50.000000 50.000000 50.000000 50.000000 50.000000 50.000000 50.000000 50.000000 50.000000 50.000000 50.000000 50.000000 50.000000 50.000000 50.000000 50.000000 50.000000 50.000000 50.000000 50.000000 50.000000 50.000000 50.000000 50.000000 50.000000 50.000000 50.000000 50.000000 50.000000 50.000000 50.000000 50.000000 50.000000 50.000000 50.000000 
50.000000 48.832034 47.706888 46.662674 45.728957 44.924411 44.256246 43.721291 43.308265 43.000655 42.779577 42.626193 42.523419 42.456883 42.415245 42.390046 42.375290 42.366925 42.362332 42.359888 42.358628 42.357997 42.357690 42.357546 42.357479 42.357448 42.357431 42.357417 42.357394 42.357347 42.357247 42.357032 42.356586 42.355680 42.353883 42.350406 42.343827 42.331652 42.309583 42.270323 42.201598 42.082788 41.878904 41.529045 40.922269 39.841761 37.820634 33.725376 24.416017 0.000000 
50.000000 47.706888 45.497844 43.447702 41.614506 40.034917 38.723093 37.672805 36.861908 36.257976 35.823935 35.522798 35.321024 35.190397 35.108652 35.059180 35.030210 35.013788 35.004771 34.999974 34.997499 34.996260 34.995659 34.995374 34.995243 34.995182 34.995150 34.995123 34.995080 34.994993 34.994804 34.994403 34.993570 34.991880 34.988535 34.982074 34.969880 34.947384 34.906770 34.834892 34.709947 34.496028 34.134006 33.525607 32.504366 30.780730 27.837755 22.748922 13.981511 0.000000 
50.000000 46.662674 43.447702 40.463994 37.796029 35.497162 33.587997 32.059466 30.879338 30.000419 29.368751 28.930505 28.636864 28.446765 28.327805 28.255810 28.213652 28.189754 28.176633 28.169652 28.166051 28.164248 28.163373 28.162959 28.162769 28.162680 28.162634 28.162597 28.162539 28.162420 28.162167 28.161629 28.160514 28.158257 28.153801 28.145220 28.129088 28.099471 28.046321 27.952988 27.792390 27.521157 27.070633 26.333067 25.140598 23.235014 20.231997 15.609947 8.842039 0.000000 
50.000000 45.728957 41.614506 37.796029 34.381644 31.439632 28.996360 27.040221 25.529962 24.405182 23.596824 23.035998 22.660228 22.416963 22.264733 22.172606 22.118660 22.088080 22.071290 22.062358 22.057749 22.055444 22.054323 22.053794 22.053551 22.053438 22.053381 22.053335 22.053268 22.053132 22.052842 22.052229 22.050960 22.048398 22.043359 22.033693 22.015611 21.982614 21.923842 21.821605 21.647791 21.358770 20.888396 20.138889 18.970169 17.190822 14.561015 10.833776 5.887197 0.000000 
50.000000 44.924411 40.034917 35.497162 31.439632 27.943470 25.040008 22.715448 20.920760 19.584163 18.623586 17.957161 17.510642 17.221580 17.040695 16.931227 16.867128 16.830793 16.810844 16.800231 16.794756 16.792016 16.790685 16.790057 16.789768 16.789635 16.789568 16.789518 16.789447 16.789307 16.789010 16.788381 16.787085 16.784477 16.779368 16.769613 16.751469 16.718584 16.660497 16.560487 16.392617 16.117910 15.679763 14.999211 13.971735 12.469463 10.356564 7.530551 4.002142 0.000000 
50.000000 44.256246 38.723093 33.587997 28.996360 25.040008 21.754394 19.123898 17.093030 15.580553 14.493589 13.739490 13.234234 12.907153 12.702479 12.578618 12.506092 12.464981 12.442411 12.430403 12.424209 12.421109 12.419604 12.418893 12.418566 12.418416 12.418343 12.418291 12.418222 12.418089 12.417807 12.417215 12.415996 12.413555 12.408793 12.399747 12.383024 12.352933 12.300242 12.210469 12.061689 11.821962 11.446756 10.877197 10.040797 8.857470 7.254930 5.197486 2.727201 0.000000 
50.000000 43.721291 37.672805 32.059466 27.040221 22.715448 19.123898 16.248491 14.028561 12.375299 11.187173 10.362901 9.810637 9.453130 9.229422 9.094043 9.014775 8.969843 8.945175 8.932052 8.925282 8.921895 8.920250 8.919473 8.919116 8.918954 8.918876 8.918824 8.918761 8.918642 8.918393 8.917872 8.916804 8.914673 8.910534 8.902715 8.888350 8.862692 8.818152 8.743040 8.620064 8.424754 8.124245 7.677142 7.035686 6.151826 4.988833 3.538799 1.842387 0.000000 
50.000000 43.308265 36.861908 30.879338 25.529962 20.920760 17.093030 14.028561 11.662690 9.900758 8.634552 7.756123 7.167581 6.786596 6.548200 6.403935 6.319466 6.271587 6.245301 6.231317 6.224104 6.220495 6.218742 6.217915 6.217535 6.217363 6.217282 6.217232 6.217177 6.217077 6.216870 6.216438 6.215557 6.213807 6.210424 6.204066 6.192458 6.171875 6.136443 6.077271 5.981485 5.831345 5.603806 5.271068 4.802850 4.171192 3.358181 2.365881 1.225477 0.000000 
50.000000 43.000655 36.257976 30.000419 24.405182 19.584163 15.580553 12.375299 9.900758 8.057916 6.733578 5.814831 5.199284 4.800823 4.551496 4.400619 4.312279 4.262207 4.234718 4.220095 4.212552 4.208777 4.206945 4.206080 4.205683 4.205504 4.205421 4.205374 4.205327 4.205246 4.205083 4.204745 4.204057 4.202697 4.200078 4.195185 4.186304 4.170666 4.143959 4.099764 4.028958 3.919273 3.755235 3.518864 3.191546 2.757391 2.208028 1.548029 0.799057 0.000000 
50.000000 42.779577 35.823935 29.368751 23.596824 18.623586 14.493589 11.187173 8.634552 6.733578 5.367477 4.419767 3.784824 3.373812 3.116634 2.961009 2.869890 2.818244 2.789891 2.774808 2.767029 2.763136 2.761246 2.760354 2.759945 2.759761 2.759677 2.759633 2.759594 2.759532 2.759410 2.759157 2.758647 2.757641 2.755714 2.752132 2.745669 2.734362 2.715194 2.683739 2.633814 2.557281 2.444133 2.283120 2.063100 1.775220 1.415763 0.989043 0.509254 0.000000 
50.000000 42.626193 35.522798 28.930505 23.035998 17.957161 13.739490 10.362901 7.756123 5.814831 4.419767 3.451974 2.803581 2.383867 2.121248 1.962331 1.869287 1.816550 1.787599 1.772197 1.764254 1.760279 1.758349 1.757439 1.757021 1.756834 1.756750 1.756708 1.756676 1.756630 1.756542 1.756363 1.756002 1.755292 1.753939 1.751436 1.746945 1.739135 1.725987 1.704573 1.670871 1.619680 1.544749 1.439248 1.296664 1.112156 0.884184 0.616029 0.316610 0.000000 
50.000000 42.523419 35.321024 28.636864 22.660228 17.510642 13.234234 9.810637 7.167581 5.199284 3.784824 2.803581 2.146182 1.720643 1.454380 1.293261 1.198927 1.145460 1.116109 1.100495 1.092442 1.088412 1.086456 1.085533 1.085110 1.084920 1.084837 1.084797 1.084770 1.084737 1.084676 1.084554 1.084309 1.083830 1.082921 1.081247 1.078258 1.073091 1.064446 1.050462 1.028618 0.995706 0.947945 0.881301 0.792058 0.677613 0.537393 0.373639 0.191767 0.000000 
50.000000 42.456883 35.190397 28.446765 22.416963 17.221580 12.907153 9.453130 6.786596 4.800823 3.373812 2.383867 1.720643 1.291335 1.022717 0.860173 0.765006 0.711067 0.681457 0.665705 0.657581 0.653516 0.651542 0.650611 0.650185 0.649994 0.649910 0.649872 0.649850 0.649826 0.649786 0.649706 0.649547 0.649237 0.648651 0.647576 0.645668 0.642384 0.636923 0.628143 0.614519 0.594137 0.564780 0.524129 0.470111 0.401352 0.317677 0.220517 0.113056 0.000000 
50.000000 42.415245 35.108652 28.327805 22.264733 17.040695 12.702479 9.229422 6.548200 4.551496 3.116634 2.121248 1.454380 1.022717 0.752625 0.589191 0.493503 0.439269 0.409498 0.393660 0.385492 0.381405 0.379420 0.378484 0.378056 0.377864 0.377781 0.377743 0.377724 0.377707 0.377681 0.377630 0.377531 0.377338 0.376975 0.376313 0.375140 0.373133 0.369812 0.364502 0.356311 0.344134 0.326706 0.302733 0.271081 0.231041 0.182585 0.126578 0.064840 0.000000 
50.000000 42.390046 35.059180 28.255810 22.172606 16.931227 12.578618 9.094043 6.403935 4.400619 2.961009 1.962331 1.293261 0.860173 0.589191 0.425219 0.329216 0.274804 0.244935 0.229045 0.220850 0.216750 0.214759 0.213820 0.213390 0.213198 0.213115 0.213078 0.213061 0.213048 0.213031 0.213001 0.212941 0.212826 0.212609 0.212216 0.211522 0.210340 0.208392 0.205294 0.200541 0.193512 0.183509 0.169825 0.151859 0.129247 0.102009 0.070644 0.036163 0.000000 
50.000000 42.375290 35.030210 28.213652 22.118660 16.867128 12.506092 9.014775 6.319466 4.312279 2.869890 1.869287 1.198927 0.765006 0.493503 0.329216 0.233030 0.178514 0.148587 0.132667 0.124457 0.120349 0.118354 0.117413 0.116982 0.116790 0.116707 0.116671 0.116655 0.116645 0.116634 0.116616 0.116581 0.116515 0.116390 0.116165 0.115769 0.115097 0.113995 0.112249 0.109583 0.105659 0.100102 0.092537 0.082650 0.070262 0.055395 0.038330 0.019610 0.000000 
50.000000 42.366925 35.013788 28.189754 22.088080 16.830793 12.464981 8.969843 6.271587 4.262207 2.818244 1.816550 1.145461 0.711067 0.439270 0.274804 0.178514 0.123939 0.093980 0.078043 0.069823 0.065711 0.063714 0.062772 0.062341 0.062149 0.062065 0.062030 0.062015 0.062007 0.062000 0.061989 0.061970 0.061933 0.061864 0.061739 0.061521 0.061151 0.060548 0.059597 0.058150 0.056029 0.053039 0.048985 0.043708 0.037120 0.029240 0.020218 0.010339 0.000000 
50.000000 42.362332 35.004771 28.176633 22.071291 16.810845 12.442411 8.945176 6.245302 4.234719 2.789892 1.787599 1.116110 0.681457 0.409498 0.244935 0.148587 0.093980 0.064004 0.048057 0.039833 0.035718 0.033720 0.032778 0.032346 0.032154 0.032071 0.032035 0.032020 0.032013 0.032009 0.032003 0.031992 0.031972 0.031935 0.031868 0.031752 0.031556 0.031237 0.030735 0.029974 0.028864 0.027304 0.025197 0.022464 0.019062 0.015004 0.010368 0.005300 0.000000 
50.000000 42.359889 34.999974 28.169653 22.062358 16.800232 12.430404 8.932053 6.231319 4.220096 2.774809 1.772199 1.100496 0.665706 0.393661 0.229047 0.132669 0.078044 0.048058 0.032107 0.023880 0.019764 0.017765 0.016823 0.016391 0.016199 0.016115 0.016080 0.016066 0.016059 0.016056 0.016052 0.016046 0.016036 0.016017 0.015982 0.015922 0.015821 0.015658 0.015401 0.015014 0.014450 0.013661 0.012598 0.011223 0.009517 0.007486 0.005171 0.002642 0.000000 
50.000000 42.358628 34.997500 28.166052 22.057752 16.794758 12.424211 8.925285 6.224108 4.212555 2.767032 1.764257 1.092445 0.657584 0.385495 0.220854 0.124460 0.069827 0.039836 0.023882 0.015654 0.011537 0.009538 0.008596 0.008164 0.007971 0.007888 0.007853 0.007838 0.007832 0.007829 0.007827 0.007824 0.007819 0.007809 0.007792 0.007762 0.007712 0.007630 0.007503 0.007312 0.007034 0.006646 0.006125 0.005453 0.004622 0.003633 0.002508 0.001282 0.000000 
50.000000 42.357998 34.996263 28.164253 22.055449 16.792023 12.421116 8.921903 6.220504 4.208786 2.763145 1.760288 1.088422 0.653525 0.381414 0.216759 0.120358 0.065720 0.035727 0.019772 0.011543 0.007426 0.005427 0.004484 0.004052 0.003860 0.003777 0.003741 0.003727 0.003721 0.003718 0.003717 0.003715 0.003713 0.003708 0.003700 0.003685 0.003661 0.003621 0.003560 0.003468 0.003335 0.003150 0.002901 0.002582 0.002187 0.001718 0.001186 0.000606 0.000000 
50.000000 42.357694 34.995666 28.163384 22.054337 16.790702 12.419622 8.920270 6.218763 4.206967 2.761268 1.758372 1.086479 0.651566 0.379444 0.214783 0.118377 0.063738 0.033743 0.017788 0.009558 0.005441 0.003442 0.002499 0.002067 0.001875 0.001792 0.001757 0.001742 0.001736 0.001734 0.001733 0.001732 0.001730 0.001728 0.001724 0.001717 0.001706 0.001687 0.001658 0.001615 0.001552 0.001465 0.001349 0.001200 0.001016 0.000798 0.000550 0.000281 0.000000 
50.000000 42.357555 34.995393 28.162986 22.053829 16.790098 12.418938 8.919523 6.217968 4.206134 2.760410 1.757496 1.085591 0.650670 0.378543 0.213879 0.117472 0.062831 0.032836 0.016880 0.008651 0.004534 0.002534 0.001592 0.001160 0.000967 0.000884 0.000849 0.000834 0.000829 0.000826 0.000825 0.000825 0.000824 0.000823 0.000821 0.000818 0.000812 0.000803 0.000789 0.000768 0.000738 0.000697 0.000641 0.000570 0.000482 0.000379 0.000261 0.000133 0.000000 
50.000000 42.357502 34.995288 28.162834 22.053633 16.789866 12.418676 8.919236 6.217662 4.205815 2.760080 1.757159 1.085250 0.650326 0.378197 0.213532 0.117124 0.062483 0.032488 0.016532 0.008302 0.004185 0.002186 0.001243 0.000811 0.000619 0.000535 0.000500 0.000486 0.000480 0.000478 0.000477 0.000476 0.000476 0.000475 0.000474 0.000472 0.000469 0.000464 0.000455 0.000443 0.000426 0.000402 0.000370 0.000328 0.000278 0.000218 0.000150 0.000077 0.000000 
50.000000 42.357502 34.995288 28.162834 22.053633 16.789866 12.418676 8.919236 6.217662 4.205815 2.760080 1.757159 1.085250 0.650326 0.378197 0.213532 0.117124 0.062483 0.032488 0.016532 0.008302 0.004185 0.002186 0.001243 0.000811 0.000619 0.000535 0.000500 0.000486 0.000480 0.000478 0.000477 0.000476 0.000476 0.000475 0.000474 0.000472 0.000469 0.000464 0.000455 0.000443 0.000426 0.000402 0.000370 0.000328 0.000278 0.000218 0.000150 0.000077 0.000000 
50.000000 42.357555 34.995393 28.162986 22.053829 16.790098 12.418938 8.919523 6.217968 4.206134 2.760410 1.757496 1.085591 0.650670 0.378543 0.213879 0.117472 0.062831 0.032836 0.016880 0.008651 0.004534 0.002534 0.001592 0.001160 0.000967 0.000884 0.000849 0.000834 0.000829 0.000826 0.000825 0.000825 0.000824 0.000823 0.000821 0.000818 0.000812 0.000803 0.000789 0.000768 0.000738 0.000697 0.000641 0.000570 0.000482 0.000379 0.000261 0.000133 0.000000 
50.000000 42.357694 34.995666 28.163384 22.054337 16.790702 12.419622 8.920270 6.218763 4.206967 2.761268 1.758372 1.086479 0.651566 0.379444 0.214783 0.118377 0.063738 0.033743 0.017788 0.009558 0.005441 0.003442 0.002499 0.002067 0.001875 0.001792 0.001757 0.001742 0.001736 0.001734 0.001733 0.001732 0.001730 0.001728 0.001724 0.001717 0.001706 0.001687 0.001658 0.001615 0.001552 0.001465 0.001349 0.001200 0.001016 0.000798 0.000550 0.000281 0.000000 
50.000000 42.357998 34.996263 28.164253 22.055449 16.792023 12.421116 8.921903 6.220504 4.208786 2.763145 1.760288 1.088422 0.653525 0.381414 0.216759 0.120358 0.065720 0.035727 0.019772 0.011543 0.007426 0.005427 0.004484 0.004052 0.003860 0.003777 0.003741 0.003727 0.003721 0.003718 0.003717 0.003715 0.003713 0.003708 0.003700 0.003685 0.003661 0.003621 0.003560 0.003468 0.003335 0.003150 0.002901 0.002582 0.002187 0.001718 0.001186 0.000606 0.000000 
50.000000 42.358628 34.997500 28.166052 22.057752 16.794758 12.424211 8.925285 6.224108 4.212555 2.767032 1.764257 1.092445 0.657584 0.385495 0.220854 0.124460 0.069827 0.039836 0.023882 0.015654 0.011537 0.009538 0.008596 0.008164 0.007971 0.007888 0.007853 0.007838 0.007832 0.007829 0.007827 0.007824 0.007819 0.007809 0.007792 0.007762 0.007712 0.007630 0.007503 0.007312 0.007034 0.006646 0.006125 0.005453 0.004622 0.003633 0.002508 0.001282 0.000000 
50.000000 42.359889 34.999974 28.169653 22.062358 16.800232 12.430404 8.932053 6.231319 4.220096 2.774809 1.772199 1.100496 0.665706 0.393661 0.229047 0.132669 0.078044 0.048058 0.032107 0.023880 0.019764 0.017765 0.016823 0.016391 0.016199 0.016115 0.016080 0.016066 0.016059 0.016056 0.016052 0.016046 0.016036 0.016017 0.015982 0.015922 0.015821 0.015658 0.015401 0.015014 0.014450 0.013661 0.012598 0.011223 0.009517 0.007486 0.005171 0.002642 0.000000 
50.000000 42.362332 35.004771 28.176633 22.071291 16.810845 12.442411 8.945176 6.245302 4.234719 2.789892 1.787599 1.116110 0.681457 0.409498 0.244935 0.148587 0.093980 0.064004 0.048057 0.039833 0.035718 0.033720 0.032778 0.032346 0.032154 0.032071 0.032035 0.032020 0.032013 0.032009 0.032003 0.031992 0.031972 0.031935 0.031868 0.031752 0.031556 0.031237 0.030735 0.029974 0.028864 0.027304 0.025197 0.022464 0.019062 0.015004 0.010368 0.005300 0.000000 
50.000000 42.366925 35.013788 28.189754 22.088080 16.830793 12.464981 8.969843 6.271587 4.262207 2.818244 1.816550 1.145461 0.711067 0.439270 0.274804 0.178514 0.123939 0.093980 0.078043 0.069823 0.065711 0.063714 0.062772 0.062341 0.062149 0.062065 0.062030 0.062015 0.062007 0.062000 0.061989 0.061970 0.061933 0.061864 0.061739 0.061521 0.061151 0.060548 0.059597 0.058150 0.056029 0.053039 0.048985 0.043708 0.037120 0.029240 0.020218 0.010339 0.000000 
50.000000 42.375290 35.030210 28.213652 22.118660 16.867128 12.506092 9.014775 6.319466 4.312279 2.869890 1.869287 1.198927 0.765006 0.493503 0.329216 0.233030 0.178514 0.148587 0.132667 0.124457 0.120349 0.118354 0.117413 0.116982 0.116790 0.116707 0.116671 0.116655 0.116645 0.116634 0.116616 0.116581 0.116515 0.116390 0.116165 0.115769 0.115097 0.113995 0.112249 0.109583 0.105659 0.100102 0.092537 0.082650 0.070262 0.055395 0.038330 0.019610 0.000000 
50.000000 42.390046 35.059180 28.255810 22.172606 16.931227 12.578618 9.094043 6.403935 4.400619 2.961009 1.962331 1.293261 0.860173 0.589191 0.425219 0.329216 0.274804 0.244935 0.229045 0.220850 0.216750 0.214759 0.213820 0.213390 0.213198 0.213115 0.213078 0.213061 0.213048 0.213031 0.213001 0.212941 0.212826 0.212609 0.212216 0.211522 0.210340 0.208392 0.205294 0.200541 0.193512 0.183509 0.169825 0.151859 0.129247 0.102009 0.070644 0.036163 0.000000 
50.000000 42.415245 35.108652 28.327805 22.264733 17.040695 12.702479 9.229422 6.548200 4.551496 3.116634 2.121248 1.454380 1.022717 0.752625 0.589191 0.493503 0.439269 0.409498 0.393660 0.385492 0.381405 0.379420 0.378484 0.378056 0.377864 0.377781 0.377743 0.377724 0.377707 0.377681 0.377630 0.377531 0.377338 0.376975 0.376313 0.375140 0.373133 0.369812 0.364502 0.356311 0.344134 0.326706 0.302733 0.271081 0.231041 0.182585 0.126578 0.064840 0.000000 
50.000000 42.456883 35.190397 28.446765 22.416963 17.221580 12.907153 9.453130 6.786596 4.800823 3.373812 2.383867 1.720643 1.291335 1.022717 0.860173 0.765006 0.711067 0.681457 0.665705 0.657581 0.653516 0.651542 0.650611 0.650185 0.649994 0.649910 0.649872 0.649850 0.649826 0.649786 0.649706 0.649547 0.649237 0.648651 0.647576 0.645668 0.642384 0.636923 0.628143 0.614519 0.594137 0.564780 0.524129 0.470111 0.401352 0.317677 0.220517 0.113056 0.000000 
50.000000 42.523419 35.321024 28.636864 22.660228 17.510642 13.234234 9.810637 7.167581 5.199284 3.784824 2.803581 2.146182 1.720643 1.454380 1.293261 1.198927 1.145460 1.116109 1.100495 1.092442 1.088412 1.086456 1.085533 1.085110 1.084920 1.084837 1.084797 1.084770 1.084737 1.084676 1.084554 1.084309 1.083830 1.082921 1.081247 1.078258 1.073091 1.064446 1.050462 1.028618 0.995706 0.947945 0.881301 0.792058 0.677613 0.537393 0.373639 0.191767 0.000000 
50.000000 42.626193 35.522798 28.930505 23.035998 17.957161 13.739490 10.362901 7.756123 5.814831 4.419767 3.451974 2.803581 2.383867 2.121248 1.962331 1.869287 1.816550 1.787599 1.772197 1.764254 1.760279 1.758349 1.757439 1.757021 1.756834 1.756750 1.756708 1.756676 1.756630 1.756542 1.756363 1.756002 1.755292 1.753939 1.751436 1.746945 1.739135 1.725987 1.704573 1.670871 1.619680 1.544749 1.439248 1.296664 1.112156 0.884184 0.616029 0.316610 0.000000 
50.000000 42.779577 35.823935 29.368751 23.596824 18.623586 14.493589 11.187173 8.634552 6.733578 5.367477 4.419767 3.784824 3.373812 3.116634 2.961009 2.869890 2.818244 2.789891 2.774808 2.767029 2.763136 2.761246 2.760354 2.759945 2.759761 2.759677 2.759633 2.759594 2.759532 2.759410 2.759157 2.758647 2.757641 2.755714 2.752132 2.745669 2.734362 2.715194 2.683739 2.633814 2.557281 2.444133 2.283120 2.063100 1.775220 1.415763 0.989043 0.509254 0.000000 
50.000000 43.000655 36.257976 30.000419 24.405182 19.584163 15.580553 12.375299 9.900758 8.057916 6.733578 5.814831 5.199284 4.800823 4.551496 4.400619 4.312279 4.262207 4.234718 4.220095 4.212552 4.208777 4.206945 4.206080 4.205683 4.205504 4.205421 4.205374 4.205327 4.205246 4.205083 4.204745 4.204057 4.202697 4.200078 4.195185 4.186304 4.170666 4.143959 4.099764 4.028958 3.919273 3.755235 3.518864 3.191546 2.757391 2.208028 1.548029 0.799057 0.000000 
50.000000 43.308265 36.861908 30.879338 25.529962 20.920760 17.093030 14.028561 11.662690 9.900758 8.634552 7.756123 7.167581 6.786596 6.548200 6.403935 6.319466 6.271587 6.245301 6.231317 6.224104 6.220495 6.218742 6.217915 6.217535 6.217363 6.217282 6.217232 6.217177 6.217077 6.216870 6.216438 6.215557 6.213807 6.210424 6.204066 6.192458 6.171875 6.136443 6.077271 5.981485 5.831345 5.603806 5.271068 4.802850 4.171192 3.358181 2.365881 1.225477 0.000000 
50.000000 43.721291 37.672805 32.059466 27.040221 22.715448 19.123898 16.248491 14.028561 12.375299 11.187173 10.362901 9.810637 9.453130 9.229422 9.094043 9.014775 8.969843 8.945175 8.932052 8.925282 8.921895 8.920250 8.919473 8.919116 8.918954 8.918876 8.918824 8.918761 8.918642 8.918393 8.917872 8.916804 8.914673 8.910534 8.902715 8.888350 8.862692 8.818152 8.743040 8.620064 8.424754 8.124245 7.677142 7.035686 6.151826 4.988833 3.538799 1.842387 0.000000 
50.000000 44.256246 38.723093 33.587997 28.996360 25.040008 21.754394 19.123898 17.093030 15.580553 14.493589 13.739490 13.234234 12.907153 12.702479 12.578618 12.506092 12.464981 12.442411 12.430403 12.424209 12.421109 12.419604 12.418893 12.418566 12.418416 12.418343 12.418291 12.418222 12.418089 12.417807 12.417215 12.415996 12.413555 12.408793 12.399747 12.383024 12.352933 12.300242 12.210469 12.061689 11.821962 11.446756 10.877197 10.040797 8.857470 7.254930 5.197486 2.727201 0.000000 
50.000000 44.924411 40.034917 35.497162 31.439632 27.943470 25.040008 22.715448 20.920760 19.584163 18.623586 17.957161 17.510642 17.221580 17.040695 16.931227 16.867128 16.830793 16.810844 16.800231 16.794756 16.792016 16.790685 16.790057 16.789768 16.789635 16.789568 16.789518 16.789447 16.789307 16.789010 16.788381 16.787085 16.784477 16.779368 16.769613 16.751469 16.718584 16.660497 16.560487 16.392617 16.117910 15.679763 14.999211 13.971735 12.469463 10.356564 7.530551 4.002142 0.000000 
50.000000 45.728957 41.614506 37.796029 34.381644 31.439632 28.996360 27.040221 25.529962 24.405182 23.596824 23.035998 22.660228 22.416963 22.264733 22.172606 22.118660 22.088080 22.071290 22.062358 22.057749 22.055444 22.054323 22.053794 22.053551 22.053438 22.053381 22.053335 22.053268 22.053132 22.052842 22.052229 22.050960 22.048398 22.043359 22.033693 22.015611 21.982614 21.923842 21.821605 21.647791 21.358770 20.888396 20.138889 18.970169 17.190822 14.561015 10.833776 5.887197 0.000000 
50.000000 46.662674 43.447702 40.463994 37.796029 35.497162 33.587997 32.059466 30.879338 30.000419 29.368751 28.930505 28.636864 28.446765 28.327805 28.255810 28.213652 28.189754 28.176633 28.169652 28.166051 28.164248 28.163373 28.162959 28.162769 28.162680 28.162634 28.162597 28.162539 28.162420 28.162167 28.161629 28.160514 28.158257 28.153801 28.145220 28.129088 28.099471 28.046321 27.952988 27.792390 27.521157 27.070633 26.333067 25.140598 23.235014 20.231997 15.609947 8.842039 0.000000 
50.000000 47.706888 45.497844 43.447702 41.614506 40.034917 38.723093 37.672805 36.861908 36.257976 35.823935 35.522798 35.321024 35.190397 35.108652 35.059180 35.030210 35.013788 35.004771 34.999974 34.997499 34.996260 34.995659 34.995374 34.995243 34.995182 34.995150 34.995123 34.995080 34.994993 34.994804 34.994403 34.993570 34.991880 34.988535 34.982074 34.969880 34.947384 34.906770 34.834892 34.709947 34.496028 34.134006 33.525607 32.504366 30.780730 27.837755 22.748922 13.981511 0.000000 
50.000000 48.832034 47.706888 46.662674 45.728957 44.924411 44.256246 43.721291 43.308265 43.000655 42.779577 42.626193 42.523419 42.456883 42.415245 42.390046 42.375290 42.366925 42.362332 42.359888 42.358628 42.357997 42.357690 42.357546 42.357479 42.357448 42.357431 42.357417 42.357394 42.357347 42.357247 42.357032 42.356586 42.355680 42.353883 42.350406 42.343827 42.331652 42.309583 42.270323 42.201598 42.082788 41.878904 41.529045 40.922269 39.841761 37.820634 33.725376 24.416017 0.000000 
50.000000 50.000000 50.000000 50.000000 50.000000 50.000000 50.000000 50.000000 50.000000 50.000000 50.000000 50.000000 50.000000 50.000000 50.000000 50.000000 50.000000 50.000000 50.000000 50.000000 50.000000 50.000000 50.000000 50.000000 50.000000 50.000000 50.000000 50.000000 50.000000 50.000000 50.000000 50.000000 50.000000 50.000000 50.000000 50.000000 50.000000 50.000000 50.000000 50.000000 50.000000 50.000000 50.000000 50.000000 50.000000 50.000000 50.000000 50.000000 50.000000 50.000000 
