50.000000 50.000000 50.000000 50.000000 50.000000 50.000000 50.000000 50.000000 50.000000 50.000000 50.000000 50.000000 50.000000 50.000000 50.000000 50.000000 50.000000 50.000000 50.000000 50.000000 50.000000 50.000000 50.000000 50.000000 50.000000 50.000000 50.000000 50.000000 50.000000 50.000000 50.000000 50.000000 50.000000 50.000000 50.000000 50.000000 50.000000 50.000000 50.000000 50.000000 50.000000 50.000000 50.000000 50.000000 50.000000 50.000000 50.000000 50.000000 50.000000 50.000000 
50.000000 43.820298 38.829733 35.539455 33.738956 32.906568 32.576004 32.461561 32.426577 32.417030 32.414683 32.414159 32.414051 32.414031 32.414028 32.414027 32.414027 32.414027 32.414027 32.414027 32.414027 32.414027 32.414027 32.414027 32.414027 32.414027 32.414027 32.414027 32.414027 32.414027 32.414027 32.414027 32.414027 32.414027 32.414027 32.414027 32.414027 32.414026 32.414019 32.413980 32.413781 32.412822 32.408560 32.391088 32.325024 32.093918 31.339531 29.001071 21.910149 0.000000 
50.000000 38.829733 29.809724 23.863816 20.610839 19.107360 18.510467 18.303887 18.240760 18.223540 18.219307 18.218362 18.218169 18.218133 18.218126 18.218125 18.218125 18.218125 18.218125 18.218125 18.218125 18.218125 18.218125 18.218125 18.218125 18.218125 18.218125 18.218125 18.218125 18.218125 18.218125 18.218125 18.218125 18.218125 18.218125 18.218125 18.218125 18.218123 18.218114 18.218063 18.217801 18.216552 18.211095 18.189228 18.109314 17.844046 17.048042 14.904862 9.828662 0.000000 
50.000000 35.539455 23.863816 16.168895 11.960193 10.015629 9.243904 8.976923 8.895373 8.873137 8.867674 8.866455 8.866206 8.866159 8.866151 8.866150 8.866150 8.866150 8.866150 8.866150 8.866150 8.866150 8.866150 8.866150 8.866150 8.866150 8.866150 8.866150 8.866150 8.866150 8.866150 8.866150 8.866150 8.866150 8.866150 8.866150 8.866149 8.866148 8.866141 8.866100 8.865894 8.864923 8.860748 8.844390 8.786433 8.602381 8.084448 6.815774 4.199923 0.000000 
50.000000 33.738956 20.610839 11.960193 7.229903 5.044977 4.178142 3.878362 3.786827 3.761878 3.755751 3.754384 3.754105 3.754053 3.754044 3.754042 3.754042 3.754042 3.754042 3.754042 3.754042 3.754042 3.754042 3.754042 3.754042 3.754042 3.754042 3.754042 3.754042 3.754042 3.754042 3.754042 3.754042 3.754042 3.754042 3.754042 3.754042 3.754041 3.754037 3.754013 3.753894 3.753340 3.750988 3.741949 3.710729 3.614951 3.357812 2.766793 1.645037 0.000000 
50.000000 32.906568 19.107360 10.015629 5.044977 2.749484 1.838987 1.524182 1.428084 1.401899 1.395470 1.394036 1.393743 1.393688 1.393679 1.393677 1.393677 1.393677 1.393677 1.393677 1.393677 1.393677 1.393677 1.393677 1.393677 1.393677 1.393677 1.393677 1.393677 1.393677 1.393677 1.393677 1.393677 1.393677 1.393677 1.393677 1.393677 1.393677 1.393675 1.393664 1.393609 1.393357 1.392299 1.388295 1.374742 1.334248 1.229195 0.998046 0.581544 0.000000 
50.000000 32.576004 18.510467 9.243904 4.178142 1.838987 0.911286 0.590576 0.492689 0.466020 0.459473 0.458013 0.457716 0.457660 0.457650 0.457648 0.457648 0.457648 0.457648 0.457648 0.457648 0.457648 0.457648 0.457648 0.457648 0.457648 0.457648 0.457648 0.457648 0.457648 0.457648 0.457648 0.457648 0.457648 0.457648 0.457648 0.457648 0.457648 0.457647 0.457643 0.457622 0.457526 0.457129 0.455643 0.450692 0.436193 0.399515 0.321239 0.184916 0.000000 
50.000000 32.461561 18.303887 8.976923 3.878362 1.524182 0.590576 0.267845 0.169347 0.142513 0.135926 0.134458 0.134158 0.134102 0.134092 0.134091 0.134090 0.134090 0.134090 0.134090 0.134090 0.134090 0.134090 0.134090 0.134090 0.134090 0.134090 0.134090 0.134090 0.134090 0.134090 0.134090 0.134090 0.134090 0.134090 0.134090 0.134090 0.134090 0.134090 0.134089 0.134082 0.134051 0.133922 0.133447 0.131884 0.127373 0.116175 0.092792 0.053001 0.000000 
50.000000 32.426577 18.240760 8.895373 3.786827 1.428084 0.492689 0.169347 0.070665 0.043782 0.037183 0.035712 0.035412 0.035356 0.035346 0.035344 0.035344 0.035344 0.035344 0.035344 0.035344 0.035344 0.035344 0.035344 0.035344 0.035344 0.035344 0.035344 0.035344 0.035344 0.035344 0.035344 0.035344 0.035344 0.035344 0.035344 0.035344 0.035344 0.035344 0.035344 0.035342 0.035333 0.035296 0.035163 0.034728 0.033487 0.030450 0.024207 0.013755 0.000000 
50.000000 32.417030 18.223540 8.873137 3.761878 1.401899 0.466020 0.142513 0.043782 0.016886 0.010284 0.008812 0.008512 0.008455 0.008446 0.008444 0.008444 0.008444 0.008444 0.008444 0.008444 0.008444 0.008444 0.008444 0.008444 0.008444 0.008444 0.008444 0.008444 0.008444 0.008444 0.008444 0.008444 0.008444 0.008444 0.008444 0.008444 0.008444 0.008444 0.008444 0.008443 0.008441 0.008432 0.008398 0.008290 0.007984 0.007244 0.005739 0.003249 0.000000 
50.000000 32.414683 18.219307 8.867674 3.755751 1.395470 0.459473 0.135926 0.037183 0.010284 0.003681 0.002209 0.001909 0.001852 0.001842 0.001841 0.001841 0.001841 0.001841 0.001841 0.001841 0.001841 0.001841 0.001841 0.001841 0.001841 0.001841 0.001841 0.001841 0.001841 0.001841 0.001841 0.001841 0.001841 0.001841 0.001841 0.001841 0.001841 0.001841 0.001841 0.001840 0.001840 0.001838 0.001830 0.001806 0.001738 0.001574 0.001244 0.000703 0.000000 
50.000000 32.414159 18.218362 8.866455 3.754384 1.394036 0.458013 0.134458 0.035712 0.008812 0.002209 0.000737 0.000436 0.000380 0.000370 0.000369 0.000368 0.000368 0.000368 0.000368 0.000368 0.000368 0.000368 0.000368 0.000368 0.000368 0.000368 0.000368 0.000368 0.000368 0.000368 0.000368 0.000368 0.000368 0.000368 0.000368 0.000368 0.000368 0.000368 0.000368 0.000368 0.000368 0.000368 0.000366 0.000361 0.000347 0.000314 0.000248 0.000140 0.000000 
50.000000 32.414051 18.218169 8.866206 3.754105 1.393743 0.457716 0.134158 0.035412 0.008512 0.001909 0.000436 0.000136 0.000080 0.000070 0.000068 0.000068 0.000068 0.000068 0.000068 0.000068 0.000068 0.000068 0.000068 0.000068 0.000068 0.000068 0.000068 0.000068 0.000068 0.000068 0.000068 0.000068 0.000068 0.000068 0.000068 0.000068 0.000068 0.000068 0.000068 0.000068 0.000068 0.000068 0.000068 0.000067 0.000064 0.000058 0.000046 0.000026 0.000000 
50.000000 32.414031 18.218133 8.866159 3.754053 1.393688 0.457660 0.134102 0.035356 0.008455 0.001852 0.000380 0.000080 0.000023 0.000014 0.000012 0.000012 0.000012 0.000012 0.000012 0.000012 0.000012 0.000012 0.000012 0.000012 0.000012 0.000012 0.000012 0.000012 0.000012 0.000012 0.000012 0.000012 0.000012 0.000012 0.000012 0.000012 0.000012 0.000012 0.000012 0.000012 0.000012 0.000012 0.000012 0.000011 0.000011 0.000010 0.000008 0.000004 0.000000 
50.000000 32.414028 18.218126 8.866151 3.754044 1.393679 0.457650 0.134092 0.035346 0.008446 0.001842 0.000370 0.000070 0.000014 0.000004 0.000002 0.000002 0.000002 0.000002 0.000002 0.000002 0.000002 0.000002 0.000002 0.000002 0.000002 0.000002 0.000002 0.000002 0.000002 0.000002 0.000002 0.000002 0.000002 0.000002 0.000002 0.000002 0.000002 0.000002 0.000002 0.000002 0.000002 0.000002 0.000002 0.000002 0.000002 0.000002 0.000001 0.000001 0.000000 
50.000000 32.414027 18.218125 8.866150 3.754042 1.393677 0.457648 0.134091 0.035344 0.008444 0.001841 0.000369 0.000068 0.000012 0.000002 0.000001 0.000000 0.000000 0.000000 0.000000 0.000000 0.000000 0.000000 0.000000 0.000000 0.000000 0.000000 0.000000 0.000000 0.000000 0.000000 0.000000 0.000000 0.000000 0.000000 0.000000 0.000000 0.000000 0.000000 0.000000 0.000000 0.000000 0.000000 0.000000 0.000000 0.000000 0.000000 0.000000 0.000000 0.000000 
50.000000 32.414027 18.218125 8.866150 3.754042 1.393677 0.457648 0.134090 0.035344 0.008444 0.001841 0.000368 0.000068 0.000012 0.000002 0.000000 0.000000 0.000000 0.000000 0.000000 0.000000 0.000000 0.000000 0.000000 0.000000 0.000000 0.000000 0.000000 0.000000 0.000000 0.000000 0.000000 0.000000 0.000000 0.000000 0.000000 0.000000 0.000000 0.000000 0.000000 0.000000 0.000000 0.000000 0.000000 0.000000 0.000000 0.000000 0.000000 0.000000 0.000000 
50.000000 32.414027 18.218125 8.866150 3.754042 1.393677 0.457648 0.134090 0.035344 0.008444 0.001841 0.000368 0.000068 0.000012 0.000002 0.000000 0.000000 0.000000 0.000000 0.000000 0.000000 0.000000 0.000000 0.000000 0.000000 0.000000 0.000000 0.000000 0.000000 0.000000 0.000000 0.000000 0.000000 0.000000 0.000000 0.000000 0.000000 0.000000 0.000000 0.000000 0.000000 0.000000 0.000000 0.000000 0.000000 0.000000 0.000000 0.000000 0.000000 0.000000 
50.000000 32.414027 18.218125 8.866150 3.754042 1.393677 0.457648 0.134090 0.035344 0.008444 0.001841 0.000368 0.000068 0.000012 0.000002 0.000000 0.000000 0.000000 0.000000 0.000000 0.000000 0.000000 0.000000 0.000000 0.000000 0.000000 0.000000 0.000000 0.000000 0.000000 0.000000 0.000000 0.000000 0.000000 0.000000 0.000000 0.000000 0.000000 0.000000 0.000000 0.000000 0.000000 0.000000 0.000000 0.000000 0.000000 0.000000 0.000000 0.000000 0.000000 
50.000000 32.414027 18.218125 8.866150 3.754042 1.393677 0.457648 0.134090 0.035344 0.008444 0.001841 0.000368 0.000068 0.000012 0.000002 0.000000 0.000000 0.000000 0.000000 0.000000 0.000000 0.000000 0.000000 0.000000 0.000000 0.000000 0.000000 0.000000 0.000000 0.000000 0.000000 0.000000 0.000000 0.000000 0.000000 0.000000 0.000000 0.000000 0.000000 0.000000 0.000000 0.000000 0.000000 0.000000 0.000000 0.000000 0.000000 0.000000 0.000000 0.000000 
50.000000 32.414027 18.218125 8.866150 3.754042 1.393677 0.457648 0.134090 0.035344 0.008444 0.001841 0.000368 0.000068 0.000012 0.000002 0.000000 0.000000 0.000000 0.000000 0.000000 0.000000 0.000000 0.000000 0.000000 0.000000 0.000000 0.000000 0.000000 0.000000 0.000000 0.000000 0.000000 0.000000 0.000000 0.000000 0.000000 0.000000 0.000000 0.000000 0.000000 0.000000 0.000000 0.000000 0.000000 0.000000 0.000000 0.000000 0.000000 0.000000 0.000000 
50.000000 32.414027 18.218125 8.866150 3.754042 1.393677 0.457648 0.134090 0.035344 0.008444 0.001841 0.000368 0.000068 0.000012 0.000002 0.000000 0.000000 0.000000 0.000000 0.000000 0.000000 0.000000 0.000000 0.000000 0.000000 0.000000 0.000000 0.000000 0.000000 0.000000 0.000000 0.000000 0.000000 0.000000 0.000000 0.000000 0.000000 0.000000 0.000000 0.000000 0.000000 0.000000 0.000000 0.000000 0.000000 0.000000 0.000000 0.000000 0.000000 0.000000 
50.000000 32.414027 18.218125 8.866150 3.754042 1.393677 0.457648 0.134090 0.035344 0.008444 0.001841 0.000368 0.000068 0.000012 0.000002 0.000000 0.000000 0.000000 0.000000 0.000000 0.000000 0.000000 0.000000 0.000000 0.000000 0.000000 0.000000 0.000000 0.000000 0.000000 0.000000 0.000000 0.000000 0.000000 0.000000 0.000000 0.000000 0.000000 0.000000 0.000000 0.000000 0.000000 0.000000 0.000000 0.000000 0.000000 0.000000 0.000000 0.000000 0.000000 
50.000000 32.414027 18.218125 8.866150 3.754042 1.393677 0.457648 0.134090 0.035344 0.008444 0.001841 0.000368 0.000068 0.000012 0.000002 0.000000 0.000000 0.000000 0.000000 0.000000 0.000000 0.000000 0.000000 0.000000 0.000000 0.000000 0.000000 0.000000 0.000000 0.000000 0.000000 0.000000 0.000000 0.000000 0.000000 0.000000 0.000000 0.000000 0.000000 0.000000 0.000000 0.000000 0.000000 0.000000 0.000000 0.000000 0.000000 0.000000 0.000000 0.000000 
50.000000 32.414027 18.218125 8.866150 3.754042 1.393677 0.457648 0.134090 0.035344 0.008444 0.001841 0.000368 0.000068 0.000012 0.000002 0.000000 0.000000 0.000000 0.000000 0.000000 0.000000 0.000000 0.000000 0.000000 0.000000 0.000000 0.000000 0.000000 0.000000 0.000000 0.000000 0.000000 0.000000 0.000000 0.000000 0.000000 0.000000 0.000000 0.000000 0.000000 0.000000 0.000000 0.000000 0.000000 0.000000 0.000000 0.000000 0.000000 0.000000 0.000000 
50.000000 32.414027 18.218125 8.866150 3.754042 1.393677 0.457648 0.134090 0.035344 0.008444 0.001841 0.000368 0.000068 0.000012 0.000002 0.000000 0.000000 0.000000 0.000000 0.000000 0.000000 0.000000 0.000000 0.000000 0.000000 0.000000 0.000000 0.000000 0.000000 0.000000 0.000000 0.000000 0.000000 0.000000 0.000000 0.000000 0.000000 0.000000 0.000000 0.000000 0.000000 0.000000 0.000000 0.000000 0.000000 0.000000 0.000000 0.000000 0.000000 0.000000 
50.000000 32.414027 18.218125 8.866150 3.754042 1.393677 0.457648 0.134090 0.035344 0.008444 0.001841 0.000368 0.000068 0.000012 0.000002 0.000000 0.000000 0.000000 0.000000 0.000000 0.000000 0.000000 0.000000 0.000000 0.000000 0.000000 0.000000 0.000000 0.000000 0.000000 0.000000 0.000000 0.000000 0.000000 0.000000 0.000000 0.000000 0.000000 0.000000 0.000000 0.000000 0.000000 0.000000 0.000000 0.000000 0.000000 0.000000 0.000000 0.000000 0.000000 
50.000000 32.414027 18.218125 8.866150 3.754042 1.393677 0.457648 0.134090 0.035344 0.008444 0.001841 0.000368 0.000068 0.000012 0.000002 0.000000 0.000000 0.000000 0.000000 0.000000 0.000000 0.000000 0.000000 0.000000 0.000000 0.000000 0.000000 0.000000 0.000000 0.000000 0.000000 0.000000 0.000000 0.000000 0.000000 0.000000 0.000000 0.000000 0.000000 0.000000 0.000000 0.000000 0.000000 0.000000 0.000000 0.000000 0.000000 0.000000 0.000000 0.000000 
50.000000 32.414027 18.218125 8.866150 3.754042 1.393677 0.457648 0.134090 0.035344 0.008444 0.001841 0.000368 0.000068 0.000012 0.000002 0.000000 0.000000 0.000000 0.000000 0.000000 0.000000 0.000000 0.000000 0.000000 0.000000 0.000000 0.000000 0.000000 0.000000 0.000000 0.000000 0.000000 0.000000 0.000000 0.000000 0.000000 0.000000 0.000000 0.000000 0.000000 0.000000 0.000000 0.000000 0.000000 0.000000 0.000000 0.000000 0.000000 0.000000 0.000000 
50.000000 32.414027 18.218125 8.866150 3.754042 1.393677 0.457648 0.134090 0.035344 0.008444 0.001841 0.000368 0.000068 0.000012 0.000002 0.000000 0.000000 0.000000 0.000000 0.000000 0.000000 0.000000 0.000000 0.000000 0.000000 0.000000 0.000000 0.000000 0.000000 0.000000 0.000000 0.000000 0.000000 0.000000 0.000000 0.000000 0.000000 0.000000 0.000000 0.000000 0.000000 0.000000 0.000000 0.000000 0.000000 0.000000 0.000000 0.000000 0.000000 0.000000 
50.000000 32.414027 18.218125 8.866150 3.754042 1.393677 0.457648 0.134090 0.035344 0.008444 0.001841 0.000368 0.000068 0.000012 0.000002 0.000000 0.000000 0.000000 0.000000 0.000000 0.000000 0.000000 0.000000 0.000000 0.000000 0.000000 0.000000 0.000000 0.000000 0.000000 0.000000 0.000000 0.000000 0.000000 0.000000 0.000000 0.000000 0.000000 0.000000 0.000000 0.000000 0.000000 0.000000 0.000000 0.000000 0.000000 0.000000 0.000000 0.000000 0.000000 
50.000000 32.414027 18.218125 8.866150 3.754042 1.393677 0.457648 0.134090 0.035344 0.008444 0.001841 0.000368 0.000068 0.000012 0.000002 0.000000 0.000000 0.000000 0.000000 0.000000 0.000000 0.000000 0.000000 0.000000 0.000000 0.000000 0.000000 0.000000 0.000000 0.000000 0.000000 0.000000 0.000000 0.000000 0.000000 0.000000 0.000000 0.000000 0.000000 0.000000 0.000000 0.000000 0.000000 0.000000 0.000000 0.000000 0.000000 0.000000 0.000000 0.000000 
50.000000 32.414027 18.218125 8.866150 3.754042 1.393677 0.457648 0.134090 0.035344 0.008444 0.001841 0.000368 0.000068 0.000012 0.000002 0.000000 0.000000 0.000000 0.000000 0.000000 0.000000 0.000000 0.000000 0.000000 0.000000 0.000000 0.000000 0.000000 0.000000 0.000000 0.000000 0.000000 0.000000 0.000000 0.000000 0.000000 0.000000 0.000000 0.000000 0.000000 0.000000 0.000000 0.000000 0.000000 0.000000 0.000000 0.000000 0.000000 0.000000 0.000000 
50.000000 32.414027 18.218125 8.866150 3.754042 1.393677 0.457648 0.134090 0.035344 0.008444 0.001841 0.000368 0.000068 0.000012 0.000002 0.000000 0.000000 0.000000 0.000000 0.000000 0.000000 0.000000 0.000000 0.000000 0.000000 0.000000 0.000000 0.000000 0.000000 0.000000 0.000000 0.000000 0.000000 0.000000 0.000000 0.000000 0.000000 0.000000 0.000000 0.000000 0.000000 0.000000 0.000000 0.000000 0.000000 0.000000 0.000000 0.000000 0.000000 0.000000 
50.000000 32.414027 18.218125 8.866150 3.754042 1.393677 0.457648 0.134091 0.035344 0.008444 0.001841 0.000369 0.000068 0.000012 0.000002 0.000001 0.000000 0.000000 0.000000 0.000000 0.000000 0.000000 0.000000 0.000000 0.000000 0.000000 0.000000 0.000000 0.000000 0.000000 0.000000 0.000000 0.000000 0.000000 0.000000 0.000000 0.000000 0.000000 0.000000 0.000000 0.000000 0.000000 0.000000 0.000000 0.000000 0.000000 0.000000 0.000000 0.000000 0.000000 
50.000000 32.414028 18.218126 8.866151 3.754044 1.393679 0.457650 0.134092 0.035346 0.008446 0.001842 0.000370 0.000070 0.000014 0.000004 0.000002 0.000002 0.000002 0.000002 0.000002 0.000002 0.000002 0.000002 0.000002 0.000002 0.000002 0.000002 0.000002 0.000002 0.000002 0.000002 0.000002 0.000002 0.000002 0.000002 0.000002 0.000002 0.000002 0.000002 0.000002 0.000002 0.000002 0.000002 0.000002 0.000002 0.000002 0.000002 0.000001 0.000001 0.000000 
50.000000 32.414031 18.218133 8.866159 3.754053 1.393688 0.457660 0.134102 0.035356 0.008455 0.001852 0.000380 0.000080 0.000023 0.000014 0.000012 0.000012 0.000012 0.000012 0.000012 0.000012 0.000012 0.000012 0.000012 0.000012 0.000012 0.000012 0.000012 0.000012 0.000012 0.000012 0.000012 0.000012 0.000012 0.000012 0.000012 0.000012 0.000012 0.000012 0.000012 0.000012 0.000012 0.000012 0.000012 0.000011 0.000011 0.000010 0.000008 0.000004 0.000000 
50.000000 32.414051 18.218169 8.866206 3.754105 1.393743 0.457716 0.134158 0.035412 0.008512 0.001909 0.000436 0.000136 0.000080 0.000070 0.000068 0.000068 0.000068 0.000068 0.000068 0.000068 0.000068 0.000068 0.000068 0.000068 0.000068 0.000068 0.000068 0.000068 0.000068 0.000068 0.000068 0.000068 0.000068 0.000068 0.000068 0.000068 0.000068 0.000068 0.000068 0.000068 0.000068 0.000068 0.000068 0.000067 0.000064 0.000058 0.000046 0.000026 0.000000 
50.000000 32.414159 18.218362 8.866455 3.754384 1.394036 0.458013 0.134458 0.035712 0.008812 0.002209 0.000737 0.000436 0.000380 0.000370 0.000369 0.000368 0.000368 0.000368 0.000368 0.000368 0.000368 0.000368 0.000368 0.000368 0.000368 0.000368 0.000368 0.000368 0.000368 0.000368 0.000368 0.000368 0.000368 0.000368 0.000368 0.000368 0.000368 0.000368 0.000368 0.000368 0.000368 0.000368 0.000366 0.000361 0.000347 0.000314 0.000248 0.000140 0.000000 
50.000000 32.414683 18.219307 8.867674 3.755751 1.395470 0.459473 0.135926 0.037183 0.010284 0.003681 0.002209 0.001909 0.001852 0.001842 0.001841 0.001841 0.001841 0.001841 0.001841 0.001841 0.001841 0.001841 0.001841 0.001841 0.001841 0.001841 0.001841 0.001841 0.001841 0.001841 0.001841 0.001841 0.001841 0.001841 0.001841 0.001841 0.001841 0.001841 0.001841 0.001840 0.001840 0.001838 0.001830 0.001806 0.001738 0.001574 0.001244 0.000703 0.000000 
50.000000 32.417030 18.223540 8.873137 3.761878 1.401899 0.466020 0.142513 0.043782 0.016886 0.010284 0.008812 0.008512 0.008455 0.008446 0.008444 0.008444 0.008444 0.008444 0.008444 0.008444 0.008444 0.008444 0.008444 0.008444 0.008444 0.008444 0.008444 0.008444 0.008444 0.008444 0.008444 0.008444 0.008444 0.008444 0.008444 0.008444 0.008444 0.008444 0.008444 0.008443 0.008441 0.008432 0.008398 0.008290 0.007984 0.007244 0.005739 0.003249 0.000000 
50.000000 32.426577 18.240760 8.895373 3.786827 1.428084 0.492689 0.169347 0.070665 0.043782 0.037183 0.035712 0.035412 0.035356 0.035346 0.035344 0.035344 0.035344 0.035344 0.035344 0.035344 0.035344 0.035344 0.035344 0.035344 0.035344 0.035344 0.035344 0.035344 0.035344 0.035344 0.035344 0.035344 0.035344 0.035344 0.035344 0.035344 0.035344 0.035344 0.035344 0.035342 0.035333 0.035296 0.035163 0.034728 0.033487 0.030450 0.024207 0.013755 0.000000 
50.000000 32.461561 18.303887 8.976923 3.878362 1.524182 0.590576 0.267845 0.169347 0.142513 0.135926 0.134458 0.134158 0.134102 0.134092 0.134091 0.134090 0.134090 0.134090 0.134090 0.134090 0.134090 0.134090 0.134090 0.134090 0.134090 0.134090 0.134090 0.134090 0.134090 0.134090 0.134090 0.134090 0.134090 0.134090 0.134090 0.134090 0.134090 0.134090 0.134089 0.134082 0.134051 0.133922 0.133447 0.131884 0.127373 0.116175 0.092792 0.053001 0.000000 
50.000000 32.576004 18.510467 9.243904 4.178142 1.838987 0.911286 0.590576 0.492689 0.466020 0.459473 0.458013 0.457716 0.457660 0.457650 0.457648 0.457648 0.457648 0.457648 0.457648 0.457648 0.457648 0.457648 0.457648 0.457648 0.457648 0.457648 0.457648 0.457648 0.457648 0.457648 0.457648 0.457648 0.457648 0.457648 0.457648 0.457648 0.457648 0.457647 0.457643 0.457622 0.457526 0.457129 0.455643 0.450692 0.436193 0.399515 0.321239 0.184916 0.000000 
50.000000 32.906568 19.107360 10.015629 5.044977 2.749484 1.838987 1.524182 1.428084 1.401899 1.395470 1.394036 1.393743 1.393688 1.393679 1.393677 1.393677 1.393677 1.393677 1.393677 1.393677 1.393677 1.393677 1.393677 1.393677 1.393677 1.393677 1.393677 1.393677 1.393677 1.393677 1.393677 1.393677 1.393677 1.393677 1.393677 1.393677 1.393677 1.393675 1.393664 1.393609 1.393357 1.392299 1.388295 1.374742 1.334248 1.229195 0.998046 0.581544 0.000000 
50.000000 33.738956 20.610839 11.960193 7.229903 5.044977 4.178142 3.878362 3.786827 3.761878 3.755751 3.754384 3.754105 3.754053 3.754044 3.754042 3.754042 3.754042 3.754042 3.754042 3.754042 3.754042 3.754042 3.754042 3.754042 3.754042 3.754042 3.754042 3.754042 3.754042 3.754042 3.754042 3.754042 3.754042 3.754042 3.754042 3.754042 3.754041 3.754037 3.754013 3.753894 3.753340 3.750988 3.741949 3.710729 3.614951 3.357812 2.766793 1.645037 0.000000 
50.000000 35.539455 23.863816 16.168895 11.960193 10.015629 9.243904 8.976923 8.895373 8.873137 8.867674 8.866455 8.866206 8.866159 8.866151 8.866150 8.866150 8.866150 8.866150 8.866150 8.866150 8.866150 8.866150 8.866150 8.866150 8.866150 8.866150 8.866150 8.866150 8.866150 8.866150 8.866150 8.866150 8.866150 8.866150 8.866150 8.866149 8.866148 8.866141 8.866100 8.865894 8.864923 8.860748 8.844390 8.786433 8.602381 8.084448 6.815774 4.199923 0.000000 
50.000000 38.829733 29.809724 23.863816 20.610839 19.107360 18.510467 18.303887 18.240760 18.223540 18.219307 18.218362 18.218169 18.218133 18.218126 18.218125 18.218125 18.218125 18.218125 18.218125 18.218125 18.218125 18.218125 18.218125 18.218125 18.218125 18.218125 18.218125 18.218125 18.218125 18.218125 18.218125 18.218125 18.218125 18.218125 18.218125 18.218125 18.218123 18.218114 18.218063 18.217801 18.216552 18.211095 18.189228 18.109314 17.844046 17.048042 14.904862 9.828662 0.000000 
50.000000 43.820298 38.829733 35.539455 33.738956 32.906568 32.576004 32.461561 32.426577 32.417030 32.414683 32.414159 32.414051 32.414031 32.414028 32.414027 32.414027 32.414027 32.414027 32.414027 32.414027 32.414027 32.414027 32.414027 32.414027 32.414027 32.414027 32.414027 32.414027 32.414027 32.414027 32.414027 32.414027 32.414027 32.414027 32.414027 32.414027 32.414026 32.414019 32.413980 32.413781 32.412822 32.408560 32.391088 32.325024 32.093918 31.339531 29.001071 21.910149 0.000000 
50.000000 50.000000 50.000000 50.000000 50.000000 50.000000 50.000000 50.000000 50.000000 50.000000 50.000000 50.000000 50.000000 50.000000 50.000000 50.000000 50.000000 50.000000 50.000000 50.000000 50.000000 50.000000 50.000000 50.000000 50.000000 50.000000 50.000000 50.000000 50.000000 50.000000 50.000000 50.000000 50.000000 50.000000 50.000000 50.000000 50.000000 50.000000 50.000000 50.000000 50.000000 50.000000 50.000000 50.000000 50.000000 50.000000 50.000000 50.000000 50.000000 50.000000 
