50.000000 50.000000 50.000000 50.000000 50.000000 50.000000 50.000000 50.000000 50.000000 50.000000 50.000000 50.000000 50.000000 50.000000 50.000000 50.000000 50.000000 50.000000 50.000000 50.000000 50.000000 50.000000 50.000000 50.000000 50.000000 50.000000 50.000000 50.000000 50.000000 50.000000 50.000000 50.000000 50.000000 50.000000 50.000000 50.000000 50.000000 50.000000 50.000000 50.000000 50.000000 50.000000 50.000000 50.000000 50.000000 50.000000 50.000000 50.000000 50.000000 50.000000 
50.000000 46.471406 43.332586 40.844692 39.082053 37.961106 37.318117 36.983728 36.825245 36.756446 36.728957 36.718804 36.715322 36.714209 36.713876 36.713783 36.713758 36.713752 36.713750 36.713750 36.713750 36.713750 36.713750 36.713750 36.713750 36.713750 36.713750 36.713750 36.713750 36.713750 36.713750 36.713750 36.713750 36.713749 36.713748 36.713742 36.713720 36.713634 36.713327 36.712286 36.708954 36.698866 36.669954 36.591268 36.386693 35.873142 34.606231 31.451557 23.235703 0.000000 
50.000000 43.332586 37.401757 32.701001 29.370725 27.252959 26.038264 25.406604 25.107256 24.977317 24.925406 24.906232 24.899658 24.897557 24.896928 24.896752 24.896706 24.896694 24.896691 24.896691 24.896691 24.896691 24.896691 24.896691 24.896691 24.896691 24.896691 24.896691 24.896691 24.896691 24.896691 24.896691 24.896690 24.896690 24.896688 24.896679 24.896642 24.896504 24.896011 24.894354 24.889089 24.873324 24.828831 24.710455 24.413110 23.706262 22.111843 18.700879 11.881029 0.000000 
50.000000 40.844692 32.701001 26.246616 21.674259 18.766871 17.099427 16.232426 15.821596 15.643289 15.572064 15.545761 15.536743 15.533862 15.533001 15.532759 15.532695 15.532679 15.532676 15.532675 15.532675 15.532675 15.532675 15.532675 15.532675 15.532675 15.532675 15.532675 15.532675 15.532675 15.532675 15.532675 15.532674 15.532674 15.532672 15.532662 15.532623 15.532477 15.531962 15.530240 15.524827 15.508837 15.464537 15.349627 15.071089 14.441816 13.123308 10.589157 6.238461 0.000000 
50.000000 39.082053 29.370725 21.674259 16.222379 12.756042 10.768242 9.734791 9.245154 9.032674 8.947812 8.916478 8.905736 8.902305 8.901279 8.900992 8.900916 8.900897 8.900892 8.900891 8.900891 8.900891 8.900891 8.900891 8.900891 8.900891 8.900891 8.900891 8.900891 8.900891 8.900891 8.900891 8.900891 8.900890 8.900889 8.900880 8.900848 8.900728 8.900305 8.898906 8.894554 8.881878 8.847397 8.760079 8.555063 8.111189 7.232443 5.664463 3.208911 0.000000 
50.000000 37.961106 27.252959 18.766871 12.756042 8.934640 6.743439 5.604369 5.064757 4.830621 4.737123 4.702605 4.690775 4.686995 4.685866 4.685550 4.685466 4.685445 4.685440 4.685439 4.685439 4.685439 4.685439 4.685439 4.685439 4.685439 4.685439 4.685439 4.685439 4.685439 4.685439 4.685439 4.685439 4.685439 4.685437 4.685432 4.685409 4.685326 4.685037 4.684088 4.681166 4.672769 4.650305 4.594611 4.467320 4.200980 3.695782 2.839849 1.574412 0.000000 
50.000000 37.318117 26.038264 17.099427 10.768242 6.743439 4.435791 3.236295 2.668113 2.421607 2.323181 2.286848 2.274396 2.270420 2.269232 2.268898 2.268811 2.268789 2.268784 2.268782 2.268782 2.268782 2.268782 2.268782 2.268782 2.268782 2.268782 2.268782 2.268782 2.268782 2.268782 2.268782 2.268782 2.268782 2.268781 2.268778 2.268764 2.268715 2.268544 2.267988 2.266294 2.261481 2.248792 2.217895 2.148828 2.008163 1.749800 1.327809 0.726849 0.000000 
50.000000 36.983728 25.406604 16.232426 9.734791 5.604369 3.236295 2.005467 1.422485 1.169576 1.068601 1.031331 1.018559 1.014481 1.013262 1.012921 1.012831 1.012808 1.012803 1.012802 1.012801 1.012801 1.012801 1.012801 1.012801 1.012801 1.012801 1.012801 1.012801 1.012801 1.012801 1.012801 1.012801 1.012801 1.012801 1.012799 1.012792 1.012766 1.012677 1.012390 1.011523 1.009084 1.002733 0.987502 0.954063 0.887394 0.767889 0.577773 0.313773 0.000000 
50.000000 36.825245 25.107256 15.821596 9.245154 5.064757 2.668113 1.422485 0.832518 0.576591 0.474416 0.436704 0.423782 0.419656 0.418423 0.418078 0.417986 0.417964 0.417958 0.417957 0.417957 0.417957 0.417957 0.417957 0.417957 0.417957 0.417957 0.417957 0.417957 0.417957 0.417957 0.417957 0.417957 0.417957 0.417957 0.417956 0.417952 0.417940 0.417899 0.417766 0.417368 0.416259 0.413401 0.406632 0.391988 0.363276 0.312759 0.233932 0.126378 0.000000 
50.000000 36.756446 24.977317 15.643289 9.032674 4.830621 2.421607 1.169576 0.576591 0.319361 0.216668 0.178767 0.165780 0.161633 0.160394 0.160047 0.159956 0.159933 0.159927 0.159926 0.159926 0.159926 0.159926 0.159926 0.159926 0.159926 0.159926 0.159926 0.159926 0.159926 0.159926 0.159926 0.159926 0.159926 0.159926 0.159925 0.159924 0.159919 0.159901 0.159846 0.159680 0.159223 0.158054 0.155313 0.149454 0.138120 0.118462 0.088227 0.047491 0.000000 
50.000000 36.728957 24.925406 15.572064 8.947812 4.737123 2.323181 1.068601 0.474416 0.216668 0.113771 0.075794 0.062782 0.058626 0.057385 0.057037 0.056946 0.056923 0.056917 0.056916 0.056916 0.056916 0.056916 0.056916 0.056916 0.056916 0.056916 0.056916 0.056916 0.056916 0.056916 0.056916 0.056916 0.056916 0.056916 0.056916 0.056915 0.056913 0.056907 0.056885 0.056822 0.056649 0.056211 0.055192 0.053035 0.048906 0.041824 0.031052 0.016671 0.000000 
50.000000 36.718804 24.906232 15.545761 8.916478 4.702605 2.286848 1.031331 0.436704 0.178767 0.075794 0.037790 0.024768 0.020610 0.019368 0.019020 0.018928 0.018905 0.018900 0.018899 0.018898 0.018898 0.018898 0.018898 0.018898 0.018898 0.018898 0.018898 0.018898 0.018898 0.018898 0.018898 0.018898 0.018898 0.018898 0.018898 0.018898 0.018897 0.018895 0.018887 0.018865 0.018805 0.018653 0.018303 0.017568 0.016172 0.013800 0.010221 0.005477 0.000000 
50.000000 36.715322 24.899658 15.536743 8.905736 4.690775 2.274396 1.018559 0.423782 0.165780 0.062782 0.024768 0.011743 0.007584 0.006342 0.005994 0.005902 0.005879 0.005874 0.005872 0.005872 0.005872 0.005872 0.005872 0.005872 0.005872 0.005872 0.005872 0.005872 0.005872 0.005872 0.005872 0.005872 0.005872 0.005872 0.005872 0.005872 0.005872 0.005871 0.005868 0.005861 0.005842 0.005793 0.005681 0.005448 0.005008 0.004266 0.003154 0.001688 0.000000 
50.000000 36.714209 24.897557 15.533862 8.902305 4.686995 2.270420 1.014481 0.419656 0.161633 0.058626 0.020610 0.007584 0.003425 0.002182 0.001834 0.001742 0.001719 0.001714 0.001713 0.001712 0.001712 0.001712 0.001712 0.001712 0.001712 0.001712 0.001712 0.001712 0.001712 0.001712 0.001712 0.001712 0.001712 0.001712 0.001712 0.001712 0.001712 0.001712 0.001711 0.001709 0.001703 0.001689 0.001655 0.001586 0.001457 0.001239 0.000915 0.000489 0.000000 
50.000000 36.713876 24.896928 15.533001 8.901279 4.685866 2.269232 1.013262 0.418423 0.160394 0.057385 0.019368 0.006342 0.002182 0.000940 0.000592 0.000500 0.000477 0.000471 0.000470 0.000470 0.000470 0.000470 0.000470 0.000470 0.000470 0.000470 0.000470 0.000470 0.000470 0.000470 0.000470 0.000470 0.000470 0.000470 0.000470 0.000470 0.000470 0.000470 0.000470 0.000469 0.000467 0.000463 0.000454 0.000435 0.000399 0.000339 0.000250 0.000133 0.000000 
50.000000 36.713783 24.896752 15.532759 8.900992 4.685550 2.268898 1.012921 0.418078 0.160047 0.057037 0.019020 0.005994 0.001834 0.000592 0.000243 0.000151 0.000129 0.000123 0.000122 0.000122 0.000122 0.000122 0.000122 0.000122 0.000122 0.000122 0.000122 0.000122 0.000122 0.000122 0.000122 0.000122 0.000122 0.000122 0.000122 0.000122 0.000122 0.000122 0.000122 0.000121 0.000121 0.000120 0.000117 0.000112 0.000103 0.000088 0.000064 0.000034 0.000000 
50.000000 36.713758 24.896706 15.532695 8.900916 4.685466 2.268811 1.012831 0.417986 0.159956 0.056946 0.018928 0.005902 0.001742 0.000500 0.000151 0.000060 0.000037 0.000031 0.000030 0.000030 0.000030 0.000030 0.000030 0.000030 0.000030 0.000030 0.000030 0.000030 0.000030 0.000030 0.000030 0.000030 0.000030 0.000030 0.000030 0.000030 0.000030 0.000030 0.000030 0.000030 0.000030 0.000029 0.000029 0.000028 0.000025 0.000021 0.000016 0.000008 0.000000 
50.000000 36.713752 24.896694 15.532679 8.900897 4.685445 2.268789 1.012808 0.417964 0.159933 0.056923 0.018905 0.005879 0.001719 0.000477 0.000129 0.000037 0.000014 0.000008 0.000007 0.000007 0.000007 0.000007 0.000007 0.000007 0.000007 0.000007 0.000007 0.000007 0.000007 0.000007 0.000007 0.000007 0.000007 0.000007 0.000007 0.000007 0.000007 0.000007 0.000007 0.000007 0.000007 0.000007 0.000007 0.000006 0.000006 0.000005 0.000004 0.000002 0.000000 
50.000000 36.713750 24.896691 15.532676 8.900892 4.685440 2.268784 1.012803 0.417958 0.159927 0.056917 0.018900 0.005874 0.001714 0.000471 0.000123 0.000031 0.000008 0.000003 0.000002 0.000002 0.000002 0.000002 0.000002 0.000002 0.000002 0.000002 0.000002 0.000002 0.000002 0.000002 0.000002 0.000002 0.000002 0.000002 0.000002 0.000002 0.000002 0.000002 0.000002 0.000002 0.000002 0.000002 0.000001 0.000001 0.000001 0.000001 0.000001 0.000000 0.000000 
50.000000 36.713750 24.896691 15.532675 8.900891 4.685439 2.268782 1.012802 0.417957 0.159926 0.056916 0.018899 0.005872 0.001713 0.000470 0.000122 0.000030 0.000007 0.000002 0.000001 0.000000 0.000000 0.000000 0.000000 0.000000 0.000000 0.000000 0.000000 0.000000 0.000000 0.000000 0.000000 0.000000 0.000000 0.000000 0.000000 0.000000 0.000000 0.000000 0.000000 0.000000 0.000000 0.000000 0.000000 0.000000 0.000000 0.000000 0.000000 0.000000 0.000000 
50.000000 36.713750 24.896691 15.532675 8.900891 4.685439 2.268782 1.012801 0.417957 0.159926 0.056916 0.018898 0.005872 0.001712 0.000470 0.000122 0.000030 0.000007 0.000002 0.000000 0.000000 0.000000 0.000000 0.000000 0.000000 0.000000 0.000000 0.000000 0.000000 0.000000 0.000000 0.000000 0.000000 0.000000 0.000000 0.000000 0.000000 0.000000 0.000000 0.000000 0.000000 0.000000 0.000000 0.000000 0.000000 0.000000 0.000000 0.000000 0.000000 0.000000 
50.000000 36.713750 24.896691 15.532675 8.900891 4.685439 2.268782 1.012801 0.417957 0.159926 0.056916 0.018898 0.005872 0.001712 0.000470 0.000122 0.000030 0.000007 0.000002 0.000000 0.000000 0.000000 0.000000 0.000000 0.000000 0.000000 0.000000 0.000000 0.000000 0.000000 0.000000 0.000000 0.000000 0.000000 0.000000 0.000000 0.000000 0.000000 0.000000 0.000000 0.000000 0.000000 0.000000 0.000000 0.000000 0.000000 0.000000 0.000000 0.000000 0.000000 
50.000000 36.713750 24.896691 15.532675 8.900891 4.685439 2.268782 1.012801 0.417957 0.159926 0.056916 0.018898 0.005872 0.001712 0.000470 0.000122 0.000030 0.000007 0.000002 0.000000 0.000000 0.000000 0.000000 0.000000 0.000000 0.000000 0.000000 0.000000 0.000000 0.000000 0.000000 0.000000 0.000000 0.000000 0.000000 0.000000 0.000000 0.000000 0.000000 0.000000 0.000000 0.000000 0.000000 0.000000 0.000000 0.000000 0.000000 0.000000 0.000000 0.000000 
50.000000 36.713750 24.896691 15.532675 8.900891 4.685439 2.268782 1.012801 0.417957 0.159926 0.056916 0.018898 0.005872 0.001712 0.000470 0.000122 0.000030 0.000007 0.000002 0.000000 0.000000 0.000000 0.000000 0.000000 0.000000 0.000000 0.000000 0.000000 0.000000 0.000000 0.000000 0.000000 0.000000 0.000000 0.000000 0.000000 0.000000 0.000000 0.000000 0.000000 0.000000 0.000000 0.000000 0.000000 0.000000 0.000000 0.000000 0.000000 0.000000 0.000000 
50.000000 36.713750 24.896691 15.532675 8.900891 4.685439 2.268782 1.012801 0.417957 0.159926 0.056916 0.018898 0.005872 0.001712 0.000470 0.000122 0.000030 0.000007 0.000002 0.000000 0.000000 0.000000 0.000000 0.000000 0.000000 0.000000 0.000000 0.000000 0.000000 0.000000 0.000000 0.000000 0.000000 0.000000 0.000000 0.000000 0.000000 0.000000 0.000000 0.000000 0.000000 0.000000 0.000000 0.000000 0.000000 0.000000 0.000000 0.000000 0.000000 0.000000 
50.000000 36.713750 24.896691 15.532675 8.900891 4.685439 2.268782 1.012801 0.417957 0.159926 0.056916 0.018898 0.005872 0.001712 0.000470 0.000122 0.000030 0.000007 0.000002 0.000000 0.000000 0.000000 0.000000 0.000000 0.000000 0.000000 0.000000 0.000000 0.000000 0.000000 0.000000 0.000000 0.000000 0.000000 0.000000 0.000000 0.000000 0.000000 0.000000 0.000000 0.000000 0.000000 0.000000 0.000000 0.000000 0.000000 0.000000 0.000000 0.000000 0.000000 
50.000000 36.713750 24.896691 15.532675 8.900891 4.685439 2.268782 1.012801 0.417957 0.159926 0.056916 0.018898 0.005872 0.001712 0.000470 0.000122 0.000030 0.000007 0.000002 0.000000 0.000000 0.000000 0.000000 0.000000 0.000000 0.000000 0.000000 0.000000 0.000000 0.000000 0.000000 0.000000 0.000000 0.000000 0.000000 0.000000 0.000000 0.000000 0.000000 0.000000 0.000000 0.000000 0.000000 0.000000 0.000000 0.000000 0.000000 0.000000 0.000000 0.000000 
50.000000 36.713750 24.896691 15.532675 8.900891 4.685439 2.268782 1.012801 0.417957 0.159926 0.056916 0.018898 0.005872 0.001712 0.000470 0.000122 0.000030 0.000007 0.000002 0.000000 0.000000 0.000000 0.000000 0.000000 0.000000 0.000000 0.000000 0.000000 0.000000 0.000000 0.000000 0.000000 0.000000 0.000000 0.000000 0.000000 0.000000 0.000000 0.000000 0.000000 0.000000 0.000000 0.000000 0.000000 0.000000 0.000000 0.000000 0.000000 0.000000 0.000000 
50.000000 36.713750 24.896691 15.532675 8.900891 4.685439 2.268782 1.012801 0.417957 0.159926 0.056916 0.018898 0.005872 0.001712 0.000470 0.000122 0.000030 0.000007 0.000002 0.000000 0.000000 0.000000 0.000000 0.000000 0.000000 0.000000 0.000000 0.000000 0.000000 0.000000 0.000000 0.000000 0.000000 0.000000 0.000000 0.000000 0.000000 0.000000 0.000000 0.000000 0.000000 0.000000 0.000000 0.000000 0.000000 0.000000 0.000000 0.000000 0.000000 0.000000 
50.000000 36.713750 24.896691 15.532675 8.900891 4.685439 2.268782 1.012801 0.417957 0.159926 0.056916 0.018898 0.005872 0.001712 0.000470 0.000122 0.000030 0.000007 0.000002 0.000000 0.000000 0.000000 0.000000 0.000000 0.000000 0.000000 0.000000 0.000000 0.000000 0.000000 0.000000 0.000000 0.000000 0.000000 0.000000 0.000000 0.000000 0.000000 0.000000 0.000000 0.000000 0.000000 0.000000 0.000000 0.000000 0.000000 0.000000 0.000000 0.000000 0.000000 
50.000000 36.713750 24.896691 15.532675 8.900891 4.685439 2.268782 1.012802 0.417957 0.159926 0.056916 0.018899 0.005872 0.001713 0.000470 0.000122 0.000030 0.000007 0.000002 0.000001 0.000000 0.000000 0.000000 0.000000 0.000000 0.000000 0.000000 0.000000 0.000000 0.000000 0.000000 0.000000 0.000000 0.000000 0.000000 0.000000 0.000000 0.000000 0.000000 0.000000 0.000000 0.000000 0.000000 0.000000 0.000000 0.000000 0.000000 0.000000 0.000000 0.000000 
50.000000 36.713750 24.896691 15.532676 8.900892 4.685440 2.268784 1.012803 0.417958 0.159927 0.056917 0.018900 0.005874 0.001714 0.000471 0.000123 0.000031 0.000008 0.000003 0.000002 0.000002 0.000002 0.000002 0.000002 0.000002 0.000002 0.000002 0.000002 0.000002 0.000002 0.000002 0.000002 0.000002 0.000002 0.000002 0.000002 0.000002 0.000002 0.000002 0.000002 0.000002 0.000002 0.000002 0.000001 0.000001 0.000001 0.000001 0.000001 0.000000 0.000000 
50.000000 36.713752 24.896694 15.532679 8.900897 4.685445 2.268789 1.012808 0.417964 0.159933 0.056923 0.018905 0.005879 0.001719 0.000477 0.000129 0.000037 0.000014 0.000008 0.000007 0.000007 0.000007 0.000007 0.000007 0.000007 0.000007 0.000007 0.000007 0.000007 0.000007 0.000007 0.000007 0.000007 0.000007 0.000007 0.000007 0.000007 0.000007 0.000007 0.000007 0.000007 0.000007 0.000007 0.000007 0.000006 0.000006 0.000005 0.000004 0.000002 0.000000 
50.000000 36.713758 24.896706 15.532695 8.900916 4.685466 2.268811 1.012831 0.417986 0.159956 0.056946 0.018928 0.005902 0.001742 0.000500 0.000151 0.000060 0.000037 0.000031 0.000030 0.000030 0.000030 0.000030 0.000030 0.000030 0.000030 0.000030 0.000030 0.000030 0.000030 0.000030 0.000030 0.000030 0.000030 0.000030 0.000030 0.000030 0.000030 0.000030 0.000030 0.000030 0.000030 0.000029 0.000029 0.000028 0.000025 0.000021 0.000016 0.000008 0.000000 
50.000000 36.713783 24.896752 15.532759 8.900992 4.685550 2.268898 1.012921 0.418078 0.160047 0.057037 0.019020 0.005994 0.001834 0.000592 0.000243 0.000151 0.000129 0.000123 0.000122 0.000122 0.000122 0.000122 0.000122 0.000122 0.000122 0.000122 0.000122 0.000122 0.000122 0.000122 0.000122 0.000122 0.000122 0.000122 0.000122 0.000122 0.000122 0.000122 0.000122 0.000121 0.000121 0.000120 0.000117 0.000112 0.000103 0.000088 0.000064 0.000034 0.000000 
50.000000 36.713876 24.896928 15.533001 8.901279 4.685866 2.269232 1.013262 0.418423 0.160394 0.057385 0.019368 0.006342 0.002182 0.000940 0.000592 0.000500 0.000477 0.000471 0.000470 0.000470 0.000470 0.000470 0.000470 0.000470 0.000470 0.000470 0.000470 0.000470 0.000470 0.000470 0.000470 0.000470 0.000470 0.000470 0.000470 0.000470 0.000470 0.000470 0.000470 0.000469 0.000467 0.000463 0.000454 0.000435 0.000399 0.000339 0.000250 0.000133 0.000000 
50.000000 36.714209 24.897557 15.533862 8.902305 4.686995 2.270420 1.014481 0.419656 0.161633 0.058626 0.020610 0.007584 0.003425 0.002182 0.001834 0.001742 0.001719 0.001714 0.001713 0.001712 0.001712 0.001712 0.001712 0.001712 0.001712 0.001712 0.001712 0.001712 0.001712 0.001712 0.001712 0.001712 0.001712 0.001712 0.001712 0.001712 0.001712 0.001712 0.001711 0.001709 0.001703 0.001689 0.001655 0.001586 0.001457 0.001239 0.000915 0.000489 0.000000 
50.000000 36.715322 24.899658 15.536743 8.905736 4.690775 2.274396 1.018559 0.423782 0.165780 0.062782 0.024768 0.011743 0.007584 0.006342 0.005994 0.005902 0.005879 0.005874 0.005872 0.005872 0.005872 0.005872 0.005872 0.005872 0.005872 0.005872 0.005872 0.005872 0.005872 0.005872 0.005872 0.005872 0.005872 0.005872 0.005872 0.005872 0.005872 0.005871 0.005868 0.005861 0.005842 0.005793 0.005681 0.005448 0.005008 0.004266 0.003154 0.001688 0.000000 
50.000000 36.718804 24.906232 15.545761 8.916478 4.702605 2.286848 1.031331 0.436704 0.178767 0.075794 0.037790 0.024768 0.020610 0.019368 0.019020 0.018928 0.018905 0.018900 0.018899 0.018898 0.018898 0.018898 0.018898 0.018898 0.018898 0.018898 0.018898 0.018898 0.018898 0.018898 0.018898 0.018898 0.018898 0.018898 0.018898 0.018898 0.018897 0.018895 0.018887 0.018865 0.018805 0.018653 0.018303 0.017568 0.016172 0.013800 0.010221 0.005477 0.000000 
50.000000 36.728957 24.925406 15.572064 8.947812 4.737123 2.323181 1.068601 0.474416 0.216668 0.113771 0.075794 0.062782 0.058626 0.057385 0.057037 0.056946 0.056923 0.056917 0.056916 0.056916 0.056916 0.056916 0.056916 0.056916 0.056916 0.056916 0.056916 0.056916 0.056916 0.056916 0.056916 0.056916 0.056916 0.056916 0.056916 0.056915 0.056913 0.056907 0.056885 0.056822 0.056649 0.056211 0.055192 0.053035 0.048906 0.041824 0.031052 0.016671 0.000000 
50.000000 36.756446 24.977317 15.643289 9.032674 4.830621 2.421607 1.169576 0.576591 0.319361 0.216668 0.178767 0.165780 0.161633 0.160394 0.160047 0.159956 0.159933 0.159927 0.159926 0.159926 0.159926 0.159926 0.159926 0.159926 0.159926 0.159926 0.159926 0.159926 0.159926 0.159926 0.159926 0.159926 0.159926 0.159926 0.159925 0.159924 0.159919 0.159901 0.159846 0.159680 0.159223 0.158054 0.155313 0.149454 0.138120 0.118462 0.088227 0.047491 0.000000 
50.000000 36.825245 25.107256 15.821596 9.245154 5.064757 2.668113 1.422485 0.832518 0.576591 0.474416 0.436704 0.423782 0.419656 0.418423 0.418078 0.417986 0.417964 0.417958 0.417957 0.417957 0.417957 0.417957 0.417957 0.417957 0.417957 0.417957 0.417957 0.417957 0.417957 0.417957 0.417957 0.417957 0.417957 0.417957 0.417956 0.417952 0.417940 0.417899 0.417766 0.417368 0.416259 0.413401 0.406632 0.391988 0.363276 0.312759 0.233932 0.126378 0.000000 
50.000000 36.983728 25.406604 16.232426 9.734791 5.604369 3.236295 2.005467 1.422485 1.169576 1.068601 1.031331 1.018559 1.014481 1.013262 1.012921 1.012831 1.012808 1.012803 1.012802 1.012801 1.012801 1.012801 1.012801 1.012801 1.012801 1.012801 1.012801 1.012801 1.012801 1.012801 1.012801 1.012801 1.012801 1.012801 1.012799 1.012792 1.012766 1.012677 1.012390 1.011523 1.009084 1.002733 0.987502 0.954063 0.887394 0.767889 0.577773 0.313773 0.000000 
50.000000 37.318117 26.038264 17.099427 10.768242 6.743439 4.435791 3.236295 2.668113 2.421607 2.323181 2.286848 2.274396 2.270420 2.269232 2.268898 2.268811 2.268789 2.268784 2.268782 2.268782 2.268782 2.268782 2.268782 2.268782 2.268782 2.268782 2.268782 2.268782 2.268782 2.268782 2.268782 2.268782 2.268782 2.268781 2.268778 2.268764 2.268715 2.268544 2.267988 2.266294 2.261481 2.248792 2.217895 2.148828 2.008163 1.749800 1.327809 0.726849 0.000000 
50.000000 37.961106 27.252959 18.766871 12.756042 8.934640 6.743439 5.604369 5.064757 4.830621 4.737123 4.702605 4.690775 4.686995 4.685866 4.685550 4.685466 4.685445 4.685440 4.685439 4.685439 4.685439 4.685439 4.685439 4.685439 4.685439 4.685439 4.685439 4.685439 4.685439 4.685439 4.685439 4.685439 4.685439 4.685437 4.685432 4.685409 4.685326 4.685037 4.684088 4.681166 4.672769 4.650305 4.594611 4.467320 4.200980 3.695782 2.839849 1.574412 0.000000 
50.000000 39.082053 29.370725 21.674259 16.222379 12.756042 10.768242 9.734791 9.245154 9.032674 8.947812 8.916478 8.905736 8.902305 8.901279 8.900992 8.900916 8.900897 8.900892 8.900891 8.900891 8.900891 8.900891 8.900891 8.900891 8.900891 8.900891 8.900891 8.900891 8.900891 8.900891 8.900891 8.900891 8.900890 8.900889 8.900880 8.900848 8.900728 8.900305 8.898906 8.894554 8.881878 8.847397 8.760079 8.555063 8.111189 7.232443 5.664463 3.208911 0.000000 
50.000000 40.844692 32.701001 26.246616 21.674259 18.766871 17.099427 16.232426 15.821596 15.643289 15.572064 15.545761 15.536743 15.533862 15.533001 15.532759 15.532695 15.532679 15.532676 15.532675 15.532675 15.532675 15.532675 15.532675 15.532675 15.532675 15.532675 15.532675 15.532675 15.532675 15.532675 15.532675 15.532674 15.532674 15.532672 15.532662 15.532623 15.532477 15.531962 15.530240 15.524827 15.508837 15.464537 15.349627 15.071089 14.441816 13.123308 10.589157 6.238461 0.000000 
50.000000 43.332586 37.401757 32.701001 29.370725 27.252959 26.038264 25.406604 25.107256 24.977317 24.925406 24.906232 24.899658 24.897557 24.896928 24.896752 24.896706 24.896694 24.896691 24.896691 24.896691 24.896691 24.896691 24.896691 24.896691 24.896691 24.896691 24.896691 24.896691 24.896691 24.896691 24.896691 24.896690 24.896690 24.896688 24.896679 24.896642 24.896504 24.896011 24.894354 24.889089 24.873324 24.828831 24.710455 24.413110 23.706262 22.111843 18.700879 11.881029 0.000000 
50.000000 46.471406 43.332586 40.844692 39.082053 37.961106 37.318117 36.983728 36.825245 36.756446 36.728957 36.718804 36.715322 36.714209 36.713876 36.713783 36.713758 36.713752 36.713750 36.713750 36.713750 36.713750 36.713750 36.713750 36.713750 36.713750 36.713750 36.713750 36.713750 36.713750 36.713750 36.713750 36.713750 36.713749 36.713748 36.713742 36.713720 36.713634 36.713327 36.712286 36.708954 36.698866 36.669954 36.591268 36.386693 35.873142 34.606231 31.451557 23.235703 0.000000 
50.000000 50.000000 50.000000 50.000000 50.000000 50.000000 50.000000 50.000000 50.000000 50.000000 50.000000 50.000000 50.000000 50.000000 50.000000 50.000000 50.000000 50.000000 50.000000 50.000000 50.000000 50.000000 50.000000 50.000000 50.000000 50.000000 50.000000 50.000000 50.000000 50.000000 50.000000 50.000000 50.000000 50.000000 50.000000 50.000000 50.000000 50.000000 50.000000 50.000000 50.000000 50.000000 50.000000 50.000000 50.000000 50.000000 50.000000 50.000000 50.000000 50.000000 
