50.000000 50.000000 50.000000 50.000000 50.000000 50.000000 50.000000 50.000000 50.000000 50.000000 50.000000 50.000000 50.000000 50.000000 50.000000 50.000000 50.000000 50.000000 50.000000 50.000000 50.000000 50.000000 50.000000 50.000000 50.000000 50.000000 50.000000 50.000000 50.000000 50.000000 50.000000 50.000000 50.000000 50.000000 50.000000 50.000000 50.000000 50.000000 50.000000 50.000000 50.000000 50.000000 50.000000 50.000000 50.000000 50.000000 50.000000 50.000000 50.000000 50.000000 
50.000000 47.877406 45.896103 44.169221 42.762906 41.691844 40.928059 40.417374 40.096727 39.907357 39.801976 39.746624 39.719132 39.706197 39.700423 39.697972 39.696982 39.696601 39.696460 39.696411 39.696394 39.696389 39.696387 39.696387 39.696387 39.696387 39.696387 39.696387 39.696386 39.696386 39.696385 39.696383 39.696374 39.696348 39.696273 39.696065 39.695511 39.694089 39.690580 39.682251 39.663196 39.621086 39.530857 39.342261 38.954131 38.156348 36.483282 32.795373 23.938703 0.000000 
50.000000 45.896103 42.065394 38.726611 36.007645 33.936882 32.460221 31.472909 30.853011 30.486915 30.283196 30.176193 30.123048 30.098045 30.086883 30.082146 30.080233 30.079495 30.079224 30.079129 30.079097 30.079086 30.079083 30.079082 30.079082 30.079082 30.079082 30.079082 30.079081 30.079081 30.079079 30.079074 30.079059 30.079013 30.078881 30.078515 30.077540 30.075048 30.068925 30.054471 30.021646 29.949849 29.798242 29.488160 28.871108 27.669813 25.369577 21.032697 13.100729 0.000000 
50.000000 44.169221 38.726611 33.982969 30.120001 27.178020 25.080144 23.677519 22.796888 22.276827 21.987443 21.835451 21.759965 21.724453 21.708600 21.701873 21.699155 21.698108 21.697723 21.697588 21.697542 21.697527 21.697523 21.697521 21.697521 21.697521 21.697521 21.697521 21.697521 21.697520 21.697518 21.697512 21.697493 21.697437 21.697275 21.696829 21.695647 21.692638 21.685292 21.668088 21.629424 21.546016 21.373175 21.028790 20.368431 19.149833 16.991485 13.357034 7.685938 0.000000 
50.000000 42.762906 36.007645 30.120001 25.325502 21.674168 19.070538 17.329829 16.236975 15.591612 15.232521 15.043927 14.950268 14.906209 14.886541 14.878197 14.874826 14.873527 14.873049 14.872881 14.872825 14.872806 14.872801 14.872799 14.872798 14.872798 14.872798 14.872798 14.872798 14.872797 14.872795 14.872789 14.872770 14.872714 14.872551 14.872105 14.870928 14.867951 14.860737 14.843996 14.806817 14.727826 14.567353 14.255864 13.679001 12.662751 10.970167 8.337833 4.606558 0.000000 
50.000000 41.691844 33.936882 27.178020 21.674168 17.482719 14.494046 12.495980 11.241605 10.500892 10.088768 9.872333 9.764853 9.714295 9.691729 9.682154 9.678287 9.676797 9.676249 9.676057 9.675992 9.675971 9.675964 9.675962 9.675962 9.675961 9.675961 9.675961 9.675961 9.675961 9.675959 9.675954 9.675937 9.675887 9.675746 9.675358 9.674340 9.671783 9.665636 9.651511 9.620519 9.555662 9.426388 9.181426 8.741359 7.995167 6.809589 5.065773 2.737713 0.000000 
50.000000 40.928059 32.460221 25.080144 19.070538 14.494046 11.230920 9.049447 7.679984 6.871348 6.421454 6.185195 6.067878 6.012696 5.988067 5.977618 5.973398 5.971773 5.971175 5.970964 5.970893 5.970871 5.970863 5.970861 5.970861 5.970861 5.970860 5.970860 5.970860 5.970860 5.970859 5.970854 5.970841 5.970802 5.970692 5.970391 5.969606 5.967645 5.962971 5.952332 5.929261 5.881663 5.788427 5.615460 5.312620 4.814674 4.051354 2.972061 1.585798 0.000000 
50.000000 40.417374 31.472909 23.677519 17.329829 12.495980 9.049447 6.745434 5.299096 4.445100 3.969990 3.720501 3.596621 3.538355 3.512350 3.501319 3.496863 3.495147 3.494516 3.494294 3.494219 3.494195 3.494188 3.494185 3.494185 3.494185 3.494185 3.494185 3.494184 3.494184 3.494183 3.494180 3.494171 3.494143 3.494065 3.493853 3.493303 3.491940 3.488713 3.481435 3.465825 3.434035 3.372717 3.261020 3.069592 2.762476 2.304344 1.674667 0.886517 0.000000 
50.000000 40.096727 30.853011 22.796888 16.236975 11.241605 7.679984 5.299096 3.804543 2.922106 2.431192 2.173413 2.045421 1.985224 1.958359 1.946963 1.942361 1.940588 1.939936 1.939707 1.939630 1.939605 1.939597 1.939595 1.939594 1.939594 1.939594 1.939594 1.939594 1.939593 1.939593 1.939591 1.939585 1.939567 1.939516 1.939379 1.939026 1.938155 1.936110 1.931537 1.921824 1.902271 1.865060 1.798321 1.685943 1.509149 1.250872 0.903162 0.475641 0.000000 
50.000000 39.907357 30.486915 22.276827 15.591612 10.500892 6.871348 4.445100 2.922106 2.022900 1.522669 1.260005 1.129592 1.068258 1.040887 1.029276 1.024587 1.022782 1.022117 1.021884 1.021805 1.021780 1.021772 1.021769 1.021769 1.021769 1.021768 1.021768 1.021768 1.021768 1.021768 1.021767 1.021763 1.021752 1.021722 1.021640 1.021430 1.020916 1.019716 1.017054 1.011450 1.000282 0.979275 0.942087 0.880373 0.784794 0.647403 0.465268 0.244161 0.000000 
50.000000 39.801976 30.283196 21.987443 15.232521 10.088768 6.421454 3.969990 2.431192 1.522669 1.017264 0.751889 0.620132 0.558168 0.530516 0.518786 0.514050 0.512226 0.511555 0.511319 0.511239 0.511214 0.511206 0.511203 0.511203 0.511202 0.511202 0.511202 0.511202 0.511202 0.511202 0.511201 0.511199 0.511193 0.511176 0.511131 0.511015 0.510732 0.510077 0.508632 0.505614 0.499655 0.488555 0.469122 0.437257 0.388525 0.319355 0.228725 0.119726 0.000000 
50.000000 39.746624 30.176193 21.835451 15.043927 9.872333 6.185195 3.720501 2.173413 1.260005 0.751889 0.485093 0.352634 0.290339 0.262540 0.250749 0.245987 0.244153 0.243479 0.243242 0.243162 0.243136 0.243128 0.243125 0.243125 0.243125 0.243125 0.243125 0.243125 0.243125 0.243124 0.243124 0.243123 0.243120 0.243111 0.243087 0.243027 0.242882 0.242547 0.241812 0.240289 0.237303 0.231789 0.222225 0.206697 0.183191 0.150158 0.107267 0.056044 0.000000 
50.000000 39.719132 30.123048 21.759965 14.950268 9.764853 6.067878 3.596621 2.045421 1.129592 0.620132 0.352634 0.219825 0.157368 0.129496 0.117674 0.112900 0.111061 0.110385 0.110148 0.110067 0.110042 0.110034 0.110031 0.110030 0.110030 0.110030 0.110030 0.110030 0.110030 0.110030 0.110030 0.110029 0.110028 0.110024 0.110012 0.109983 0.109913 0.109751 0.109400 0.108676 0.107266 0.104681 0.100233 0.093070 0.082317 0.067327 0.048000 0.025043 0.000000 
50.000000 39.706197 30.098045 21.724453 14.906209 9.714295 6.012696 3.538355 1.985224 1.068258 0.558168 0.290339 0.157368 0.094833 0.066928 0.055091 0.050312 0.048471 0.047794 0.047556 0.047476 0.047450 0.047442 0.047439 0.047439 0.047438 0.047438 0.047438 0.047438 0.047438 0.047438 0.047438 0.047438 0.047437 0.047435 0.047430 0.047417 0.047385 0.047312 0.047153 0.046828 0.046198 0.045051 0.043091 0.039955 0.035281 0.028806 0.020505 0.010686 0.000000 
50.000000 39.700423 30.086883 21.708600 14.886541 9.691729 5.988067 3.512350 1.958359 1.040887 0.530516 0.262540 0.129496 0.066928 0.039007 0.027164 0.022382 0.020540 0.019863 0.019625 0.019544 0.019519 0.019510 0.019508 0.019507 0.019507 0.019507 0.019507 0.019507 0.019507 0.019507 0.019507 0.019507 0.019507 0.019506 0.019504 0.019498 0.019484 0.019453 0.019385 0.019246 0.018980 0.018497 0.017676 0.016371 0.014436 0.011770 0.008368 0.004357 0.000000 
50.000000 39.697972 30.082146 21.701873 14.878197 9.682154 5.977618 3.501319 1.946963 1.029276 0.518786 0.250749 0.117674 0.055091 0.027164 0.015319 0.010535 0.008693 0.008016 0.007778 0.007697 0.007671 0.007663 0.007661 0.007660 0.007660 0.007660 0.007660 0.007660 0.007660 0.007660 0.007660 0.007660 0.007660 0.007659 0.007658 0.007656 0.007650 0.007638 0.007610 0.007554 0.007447 0.007254 0.006927 0.006409 0.005645 0.004598 0.003265 0.001699 0.000000 
50.000000 39.696982 30.080233 21.699155 14.874826 9.678287 5.973398 3.496863 1.942361 1.024587 0.514050 0.245987 0.112900 0.050312 0.022382 0.010535 0.005751 0.003909 0.003232 0.002993 0.002913 0.002887 0.002879 0.002877 0.002876 0.002876 0.002876 0.002876 0.002876 0.002876 0.002876 0.002876 0.002876 0.002876 0.002876 0.002875 0.002874 0.002872 0.002867 0.002857 0.002835 0.002794 0.002720 0.002596 0.002400 0.002112 0.001718 0.001219 0.000634 0.000000 
50.000000 39.696601 30.079495 21.698108 14.873527 9.676797 5.971773 3.495147 1.940588 1.022782 0.512226 0.244153 0.111061 0.048471 0.020540 0.008693 0.003909 0.002067 0.001389 0.001151 0.001071 0.001045 0.001037 0.001034 0.001034 0.001034 0.001034 0.001033 0.001033 0.001033 0.001033 0.001033 0.001033 0.001033 0.001033 0.001033 0.001033 0.001032 0.001030 0.001026 0.001018 0.001003 0.000977 0.000931 0.000861 0.000757 0.000615 0.000436 0.000227 0.000000 
50.000000 39.696460 30.079224 21.697723 14.873049 9.676249 5.971175 3.494516 1.939936 1.022117 0.511555 0.243479 0.110385 0.047794 0.019863 0.008016 0.003232 0.001389 0.000712 0.000474 0.000393 0.000367 0.000359 0.000357 0.000356 0.000356 0.000356 0.000356 0.000356 0.000356 0.000356 0.000356 0.000356 0.000356 0.000356 0.000356 0.000356 0.000355 0.000355 0.000353 0.000351 0.000345 0.000336 0.000320 0.000296 0.000260 0.000211 0.000150 0.000078 0.000000 
50.000000 39.696411 30.079129 21.697588 14.872881 9.676057 5.970964 3.494294 1.939707 1.021884 0.511319 0.243242 0.110148 0.047556 0.019625 0.007778 0.002993 0.001151 0.000474 0.000235 0.000155 0.000129 0.000121 0.000119 0.000118 0.000118 0.000118 0.000118 0.000118 0.000118 0.000118 0.000118 0.000118 0.000118 0.000118 0.000118 0.000118 0.000117 0.000117 0.000117 0.000116 0.000114 0.000111 0.000106 0.000098 0.000086 0.000070 0.000049 0.000026 0.000000 
50.000000 39.696394 30.079097 21.697542 14.872825 9.675992 5.970893 3.494219 1.939630 1.021805 0.511239 0.243162 0.110067 0.047476 0.019544 0.007697 0.002913 0.001071 0.000393 0.000155 0.000075 0.000049 0.000041 0.000038 0.000038 0.000037 0.000037 0.000037 0.000037 0.000037 0.000037 0.000037 0.000037 0.000037 0.000037 0.000037 0.000037 0.000037 0.000037 0.000037 0.000037 0.000036 0.000035 0.000034 0.000031 0.000027 0.000022 0.000016 0.000008 0.000000 
50.000000 39.696389 30.079086 21.697527 14.872806 9.675971 5.970871 3.494195 1.939605 1.021780 0.511214 0.243136 0.110042 0.047450 0.019519 0.007671 0.002887 0.001045 0.000367 0.000129 0.000049 0.000023 0.000015 0.000012 0.000012 0.000011 0.000011 0.000011 0.000011 0.000011 0.000011 0.000011 0.000011 0.000011 0.000011 0.000011 0.000011 0.000011 0.000011 0.000011 0.000011 0.000011 0.000011 0.000010 0.000009 0.000008 0.000007 0.000005 0.000002 0.000000 
50.000000 39.696387 30.079083 21.697523 14.872801 9.675964 5.970863 3.494188 1.939597 1.021772 0.511206 0.243128 0.110034 0.047442 0.019510 0.007663 0.002879 0.001037 0.000359 0.000121 0.000041 0.000015 0.000007 0.000004 0.000004 0.000003 0.000003 0.000003 0.000003 0.000003 0.000003 0.000003 0.000003 0.000003 0.000003 0.000003 0.000003 0.000003 0.000003 0.000003 0.000003 0.000003 0.000003 0.000003 0.000003 0.000002 0.000002 0.000001 0.000001 0.000000 
50.000000 39.696387 30.079082 21.697521 14.872799 9.675962 5.970861 3.494186 1.939595 1.021769 0.511203 0.243126 0.110031 0.047439 0.019508 0.007661 0.002877 0.001034 0.000357 0.000119 0.000038 0.000012 0.000004 0.000002 0.000001 0.000001 0.000001 0.000001 0.000001 0.000001 0.000001 0.000001 0.000001 0.000001 0.000001 0.000001 0.000001 0.000001 0.000001 0.000001 0.000001 0.000001 0.000001 0.000001 0.000001 0.000001 0.000001 0.000000 0.000000 0.000000 
50.000000 39.696387 30.079082 21.697521 14.872798 9.675962 5.970861 3.494185 1.939594 1.021769 0.511203 0.243125 0.110030 0.047439 0.019507 0.007660 0.002876 0.001034 0.000356 0.000118 0.000038 0.000012 0.000004 0.000001 0.000001 0.000000 0.000000 0.000000 0.000000 0.000000 0.000000 0.000000 0.000000 0.000000 0.000000 0.000000 0.000000 0.000000 0.000000 0.000000 0.000000 0.000000 0.000000 0.000000 0.000000 0.000000 0.000000 0.000000 0.000000 0.000000 
50.000000 39.696387 30.079082 21.697521 14.872798 9.675962 5.970861 3.494185 1.939594 1.021769 0.511203 0.243125 0.110030 0.047439 0.019507 0.007660 0.002876 0.001034 0.000356 0.000118 0.000038 0.000012 0.000004 0.000001 0.000001 0.000000 0.000000 0.000000 0.000000 0.000000 0.000000 0.000000 0.000000 0.000000 0.000000 0.000000 0.000000 0.000000 0.000000 0.000000 0.000000 0.000000 0.000000 0.000000 0.000000 0.000000 0.000000 0.000000 0.000000 0.000000 
50.000000 39.696387 30.079082 21.697521 14.872799 9.675962 5.970861 3.494186 1.939595 1.021769 0.511203 0.243126 0.110031 0.047439 0.019508 0.007661 0.002877 0.001034 0.000357 0.000119 0.000038 0.000012 0.000004 0.000002 0.000001 0.000001 0.000001 0.000001 0.000001 0.000001 0.000001 0.000001 0.000001 0.000001 0.000001 0.000001 0.000001 0.000001 0.000001 0.000001 0.000001 0.000001 0.000001 0.000001 0.000001 0.000001 0.000001 0.000000 0.000000 0.000000 
50.000000 39.696387 30.079083 21.697523 14.872801 9.675964 5.970863 3.494188 1.939597 1.021772 0.511206 0.243128 0.110034 0.047442 0.019510 0.007663 0.002879 0.001037 0.000359 0.000121 0.000041 0.000015 0.000007 0.000004 0.000004 0.000003 0.000003 0.000003 0.000003 0.000003 0.000003 0.000003 0.000003 0.000003 0.000003 0.000003 0.000003 0.000003 0.000003 0.000003 0.000003 0.000003 0.000003 0.000003 0.000003 0.000002 0.000002 0.000001 0.000001 0.000000 
50.000000 39.696389 30.079086 21.697527 14.872806 9.675971 5.970871 3.494195 1.939605 1.021780 0.511214 0.243136 0.110042 0.047450 0.019519 0.007671 0.002887 0.001045 0.000367 0.000129 0.000049 0.000023 0.000015 0.000012 0.000012 0.000011 0.000011 0.000011 0.000011 0.000011 0.000011 0.000011 0.000011 0.000011 0.000011 0.000011 0.000011 0.000011 0.000011 0.000011 0.000011 0.000011 0.000011 0.000010 0.000009 0.000008 0.000007 0.000005 0.000002 0.000000 
50.000000 39.696394 30.079097 21.697542 14.872825 9.675992 5.970893 3.494219 1.939630 1.021805 0.511239 0.243162 0.110067 0.047476 0.019544 0.007697 0.002913 0.001071 0.000393 0.000155 0.000075 0.000049 0.000041 0.000038 0.000038 0.000037 0.000037 0.000037 0.000037 0.000037 0.000037 0.000037 0.000037 0.000037 0.000037 0.000037 0.000037 0.000037 0.000037 0.000037 0.000037 0.000036 0.000035 0.000034 0.000031 0.000027 0.000022 0.000016 0.000008 0.000000 
50.000000 39.696411 30.079129 21.697588 14.872881 9.676057 5.970964 3.494294 1.939707 1.021884 0.511319 0.243242 0.110148 0.047556 0.019625 0.007778 0.002993 0.001151 0.000474 0.000235 0.000155 0.000129 0.000121 0.000119 0.000118 0.000118 0.000118 0.000118 0.000118 0.000118 0.000118 0.000118 0.000118 0.000118 0.000118 0.000118 0.000118 0.000117 0.000117 0.000117 0.000116 0.000114 0.000111 0.000106 0.000098 0.000086 0.000070 0.000049 0.000026 0.000000 
50.000000 39.696460 30.079224 21.697723 14.873049 9.676249 5.971175 3.494516 1.939936 1.022117 0.511555 0.243479 0.110385 0.047794 0.019863 0.008016 0.003232 0.001389 0.000712 0.000474 0.000393 0.000367 0.000359 0.000357 0.000356 0.000356 0.000356 0.000356 0.000356 0.000356 0.000356 0.000356 0.000356 0.000356 0.000356 0.000356 0.000356 0.000355 0.000355 0.000353 0.000351 0.000345 0.000336 0.000320 0.000296 0.000260 0.000211 0.000150 0.000078 0.000000 
50.000000 39.696601 30.079495 21.698108 14.873527 9.676797 5.971773 3.495147 1.940588 1.022782 0.512226 0.244153 0.111061 0.048471 0.020540 0.008693 0.003909 0.002067 0.001389 0.001151 0.001071 0.001045 0.001037 0.001034 0.001034 0.001034 0.001034 0.001033 0.001033 0.001033 0.001033 0.001033 0.001033 0.001033 0.001033 0.001033 0.001033 0.001032 0.001030 0.001026 0.001018 0.001003 0.000977 0.000931 0.000861 0.000757 0.000615 0.000436 0.000227 0.000000 
50.000000 39.696982 30.080233 21.699155 14.874826 9.678287 5.973398 3.496863 1.942361 1.024587 0.514050 0.245987 0.112900 0.050312 0.022382 0.010535 0.005751 0.003909 0.003232 0.002993 0.002913 0.002887 0.002879 0.002877 0.002876 0.002876 0.002876 0.002876 0.002876 0.002876 0.002876 0.002876 0.002876 0.002876 0.002876 0.002875 0.002874 0.002872 0.002867 0.002857 0.002835 0.002794 0.002720 0.002596 0.002400 0.002112 0.001718 0.001219 0.000634 0.000000 
50.000000 39.697972 30.082146 21.701873 14.878197 9.682154 5.977618 3.501319 1.946963 1.029276 0.518786 0.250749 0.117674 0.055091 0.027164 0.015319 0.010535 0.008693 0.008016 0.007778 0.007697 0.007671 0.007663 0.007661 0.007660 0.007660 0.007660 0.007660 0.007660 0.007660 0.007660 0.007660 0.007660 0.007660 0.007659 0.007658 0.007656 0.007650 0.007638 0.007610 0.007554 0.007447 0.007254 0.006927 0.006409 0.005645 0.004598 0.003265 0.001699 0.000000 
50.000000 39.700423 30.086883 21.708600 14.886541 9.691729 5.988067 3.512350 1.958359 1.040887 0.530516 0.262540 0.129496 0.066928 0.039007 0.027164 0.022382 0.020540 0.019863 0.019625 0.019544 0.019519 0.019510 0.019508 0.019507 0.019507 0.019507 0.019507 0.019507 0.019507 0.019507 0.019507 0.019507 0.019507 0.019506 0.019504 0.019498 0.019484 0.019453 0.019385 0.019246 0.018980 0.018497 0.017676 0.016371 0.014436 0.011770 0.008368 0.004357 0.000000 
50.000000 39.706197 30.098045 21.724453 14.906209 9.714295 6.012696 3.538355 1.985224 1.068258 0.558168 0.290339 0.157368 0.094833 0.066928 0.055091 0.050312 0.048471 0.047794 0.047556 0.047476 0.047450 0.047442 0.047439 0.047439 0.047438 0.047438 0.047438 0.047438 0.047438 0.047438 0.047438 0.047438 0.047437 0.047435 0.047430 0.047417 0.047385 0.047312 0.047153 0.046828 0.046198 0.045051 0.043091 0.039955 0.035281 0.028806 0.020505 0.010686 0.000000 
50.000000 39.719132 30.123048 21.759965 14.950268 9.764853 6.067878 3.596621 2.045421 1.129592 0.620132 0.352634 0.219825 0.157368 0.129496 0.117674 0.112900 0.111061 0.110385 0.110148 0.110067 0.110042 0.110034 0.110031 0.110030 0.110030 0.110030 0.110030 0.110030 0.110030 0.110030 0.110030 0.110029 0.110028 0.110024 0.110012 0.109983 0.109913 0.109751 0.109400 0.108676 0.107266 0.104681 0.100233 0.093070 0.082317 0.067327 0.048000 0.025043 0.000000 
50.000000 39.746624 30.176193 21.835451 15.043927 9.872333 6.185195 3.720501 2.173413 1.260005 0.751889 0.485093 0.352634 0.290339 0.262540 0.250749 0.245987 0.244153 0.243479 0.243242 0.243162 0.243136 0.243128 0.243125 0.243125 0.243125 0.243125 0.243125 0.243125 0.243125 0.243124 0.243124 0.243123 0.243120 0.243111 0.243087 0.243027 0.242882 0.242547 0.241812 0.240289 0.237303 0.231789 0.222225 0.206697 0.183191 0.150158 0.107267 0.056044 0.000000 
50.000000 39.801976 30.283196 21.987443 15.232521 10.088768 6.421454 3.969990 2.431192 1.522669 1.017264 0.751889 0.620132 0.558168 0.530516 0.518786 0.514050 0.512226 0.511555 0.511319 0.511239 0.511214 0.511206 0.511203 0.511203 0.511202 0.511202 0.511202 0.511202 0.511202 0.511202 0.511201 0.511199 0.511193 0.511176 0.511131 0.511015 0.510732 0.510077 0.508632 0.505614 0.499655 0.488555 0.469122 0.437257 0.388525 0.319355 0.228725 0.119726 0.000000 
50.000000 39.907357 30.486915 22.276827 15.591612 10.500892 6.871348 4.445100 2.922106 2.022900 1.522669 1.260005 1.129592 1.068258 1.040887 1.029276 1.024587 1.022782 1.022117 1.021884 1.021805 1.021780 1.021772 1.021769 1.021769 1.021769 1.021768 1.021768 1.021768 1.021768 1.021768 1.021767 1.021763 1.021752 1.021722 1.021640 1.021430 1.020916 1.019716 1.017054 1.011450 1.000282 0.979275 0.942087 0.880373 0.784794 0.647403 0.465268 0.244161 0.000000 
50.000000 40.096727 30.853011 22.796888 16.236975 11.241605 7.679984 5.299096 3.804543 2.922106 2.431192 2.173413 2.045421 1.985224 1.958359 1.946963 1.942361 1.940588 1.939936 1.939707 1.939630 1.939605 1.939597 1.939595 1.939594 1.939594 1.939594 1.939594 1.939594 1.939593 1.939593 1.939591 1.939585 1.939567 1.939516 1.939379 1.939026 1.938155 1.936110 1.931537 1.921824 1.902271 1.865060 1.798321 1.685943 1.509149 1.250872 0.903162 0.475641 0.000000 
50.000000 40.417374 31.472909 23.677519 17.329829 12.495980 9.049447 6.745434 5.299096 4.445100 3.969990 3.720501 3.596621 3.538355 3.512350 3.501319 3.496863 3.495147 3.494516 3.494294 3.494219 3.494195 3.494188 3.494185 3.494185 3.494185 3.494185 3.494185 3.494184 3.494184 3.494183 3.494180 3.494171 3.494143 3.494065 3.493853 3.493303 3.491940 3.488713 3.481435 3.465825 3.434035 3.372717 3.261020 3.069592 2.762476 2.304344 1.674667 0.886517 0.000000 
50.000000 40.928059 32.460221 25.080144 19.070538 14.494046 11.230920 9.049447 7.679984 6.871348 6.421454 6.185195 6.067878 6.012696 5.988067 5.977618 5.973398 5.971773 5.971175 5.970964 5.970893 5.970871 5.970863 5.970861 5.970861 5.970861 5.970860 5.970860 5.970860 5.970860 5.970859 5.970854 5.970841 5.970802 5.970692 5.970391 5.969606 5.967645 5.962971 5.952332 5.929261 5.881663 5.788427 5.615460 5.312620 4.814674 4.051354 2.972061 1.585798 0.000000 
50.000000 41.691844 33.936882 27.178020 21.674168 17.482719 14.494046 12.495980 11.241605 10.500892 10.088768 9.872333 9.764853 9.714295 9.691729 9.682154 9.678287 9.676797 9.676249 9.676057 9.675992 9.675971 9.675964 9.675962 9.675962 9.675961 9.675961 9.675961 9.675961 9.675961 9.675959 9.675954 9.675937 9.675887 9.675746 9.675358 9.674340 9.671783 9.665636 9.651511 9.620519 9.555662 9.426388 9.181426 8.741359 7.995167 6.809589 5.065773 2.737713 0.000000 
50.000000 42.762906 36.007645 30.120001 25.325502 21.674168 19.070538 17.329829 16.236975 15.591612 15.232521 15.043927 14.950268 14.906209 14.886541 14.878197 14.874826 14.873527 14.873049 14.872881 14.872825 14.872806 14.872801 14.872799 14.872798 14.872798 14.872798 14.872798 14.872798 14.872797 14.872795 14.872789 14.872770 14.872714 14.872551 14.872105 14.870928 14.867951 14.860737 14.843996 14.806817 14.727826 14.567353 14.255864 13.679001 12.662751 10.970167 8.337833 4.606558 0.000000 
50.000000 44.169221 38.726611 33.982969 30.120001 27.178020 25.080144 23.677519 22.796888 22.276827 21.987443 21.835451 21.759965 21.724453 21.708600 21.701873 21.699155 21.698108 21.697723 21.697588 21.697542 21.697527 21.697523 21.697521 21.697521 21.697521 21.697521 21.697521 21.697521 21.697520 21.697518 21.697512 21.697493 21.697437 21.697275 21.696829 21.695647 21.692638 21.685292 21.668088 21.629424 21.546016 21.373175 21.028790 20.368431 19.149833 16.991485 13.357034 7.685938 0.000000 
50.000000 45.896103 42.065394 38.726611 36.007645 33.936882 32.460221 31.472909 30.853011 30.486915 30.283196 30.176193 30.123048 30.098045 30.086883 30.082146 30.080233 30.079495 30.079224 30.079129 30.079097 30.079086 30.079083 30.079082 30.079082 30.079082 30.079082 30.079082 30.079081 30.079081 30.079079 30.079074 30.079059 30.079013 30.078881 30.078515 30.077540 30.075048 30.068925 30.054471 30.021646 29.949849 29.798242 29.488160 28.871108 27.669813 25.369577 21.032697 13.100729 0.000000 
50.000000 47.877406 45.896103 44.169221 42.762906 41.691844 40.928059 40.417374 40.096727 39.907357 39.801976 39.746624 39.719132 39.706197 39.700423 39.697972 39.696982 39.696601 39.696460 39.696411 39.696394 39.696389 39.696387 39.696387 39.696387 39.696387 39.696387 39.696387 39.696386 39.696386 39.696385 39.696383 39.696374 39.696348 39.696273 39.696065 39.695511 39.694089 39.690580 39.682251 39.663196 39.621086 39.530857 39.342261 38.954131 38.156348 36.483282 32.795373 23.938703 0.000000 
50.000000 50.000000 50.000000 50.000000 50.000000 50.000000 50.000000 50.000000 50.000000 50.000000 50.000000 50.000000 50.000000 50.000000 50.000000 50.000000 50.000000 50.000000 50.000000 50.000000 50.000000 50.000000 50.000000 50.000000 50.000000 50.000000 50.000000 50.000000 50.000000 50.000000 50.000000 50.000000 50.000000 50.000000 50.000000 50.000000 50.000000 50.000000 50.000000 50.000000 50.000000 50.000000 50.000000 50.000000 50.000000 50.000000 50.000000 50.000000 50.000000 50.000000 
