50.000000 50.000000 50.000000 50.000000 50.000000 50.000000 50.000000 50.000000 50.000000 50.000000 50.000000 50.000000 50.000000 50.000000 50.000000 50.000000 50.000000 50.000000 50.000000 50.000000 50.000000 50.000000 50.000000 50.000000 50.000000 50.000000 50.000000 50.000000 50.000000 50.000000 50.000000 50.000000 50.000000 50.000000 50.000000 50.000000 50.000000 50.000000 50.000000 50.000000 50.000000 50.000000 50.000000 50.000000 50.000000 50.000000 50.000000 50.000000 50.000000 50.000000 
50.000000 48.830318 47.703580 46.658007 45.723231 44.917949 44.249358 43.714236 43.301238 42.993781 42.772918 42.619763 42.517201 42.450844 42.409345 42.384247 42.369561 42.361242 42.356678 42.354252 42.353001 42.352376 42.352072 42.351929 42.351863 42.351832 42.351816 42.351802 42.351780 42.351733 42.351633 42.351421 42.350978 42.350078 42.348292 42.344833 42.338285 42.326159 42.304165 42.265018 42.196455 42.077871 41.874290 41.524824 40.918540 39.838622 37.818182 33.723691 24.415159 0.000000 
50.000000 47.703580 45.491475 43.438719 41.603493 40.022504 38.709878 37.659293 36.848473 36.244857 35.811250 35.510572 35.309220 35.178946 35.097476 35.048204 35.019372 35.003041 34.994082 34.989319 34.986864 34.985636 34.985040 34.984759 34.984630 34.984570 34.984538 34.984511 34.984469 34.984382 34.984195 34.983798 34.982971 34.981293 34.977968 34.971542 34.959405 34.937002 34.896530 34.824866 34.700227 34.486735 34.125287 33.517630 32.497317 30.774799 27.833120 22.745737 13.979889 0.000000 
50.000000 46.658007 43.438719 40.451339 37.780536 35.479733 33.569484 32.040587 30.860623 29.982203 29.351195 28.913636 28.620622 28.431046 28.312490 28.240790 28.198835 28.175071 28.162033 28.155103 28.151530 28.149744 28.148878 28.148469 28.148280 28.148193 28.148148 28.148110 28.148053 28.147936 28.147685 28.147152 28.146046 28.143804 28.139376 28.130843 28.114790 28.085299 28.032343 27.939301 27.779122 27.508471 27.058730 26.322178 25.130975 23.226916 20.225670 15.605599 8.839825 0.000000 
50.000000 45.723231 41.603493 37.780536 34.362715 31.418394 28.973877 27.017382 25.507419 24.383342 23.575876 23.015962 22.641015 22.398433 22.246730 22.154985 22.101302 22.070895 22.054213 22.045346 22.040775 22.038490 22.037381 22.036858 22.036617 22.036506 22.036449 22.036404 22.036337 22.036203 22.035916 22.035308 22.034049 22.031506 22.026500 22.016889 21.998900 21.966050 21.907505 21.805607 21.632283 21.343943 20.874484 20.126162 18.958922 17.181358 14.553620 10.828694 5.884608 0.000000 
50.000000 44.917949 40.022504 35.479733 31.418394 27.919725 25.014980 22.690154 20.895941 19.560269 18.600817 17.935520 17.490011 17.201779 17.021532 16.912526 16.848744 16.812616 16.792798 16.782262 16.776832 16.774117 16.772800 16.772179 16.771893 16.771762 16.771696 16.771646 16.771577 16.771438 16.771143 16.770521 16.769235 16.766647 16.761572 16.751876 16.733829 16.701099 16.643252 16.543600 16.376247 16.102259 15.665077 14.985777 13.959863 12.459472 10.348757 7.525186 3.999410 0.000000 
50.000000 44.249358 38.709878 33.569484 28.973877 25.014980 21.728156 19.097554 17.067373 15.556055 14.470443 13.717677 13.213600 12.887483 12.683547 12.560217 12.488055 12.447182 12.424760 12.412842 12.406699 12.403628 12.402137 12.401434 12.401111 12.400964 12.400891 12.400840 12.400772 12.400640 12.400362 12.399775 12.398567 12.396145 12.391416 12.382427 12.365799 12.335860 12.283403 12.193980 12.045704 11.806679 11.432416 10.864078 10.029203 8.847714 7.247306 5.192248 2.724533 0.000000 
50.000000 43.714236 37.659293 32.040587 27.017382 22.690154 19.097554 16.222247 14.003236 12.351367 11.164809 10.342056 9.791123 9.434697 9.211811 9.077024 8.998159 8.953491 8.928988 8.915963 8.909250 8.905894 8.904265 8.903498 8.903145 8.902985 8.902908 8.902857 8.902794 8.902677 8.902431 8.901915 8.900856 8.898743 8.894634 8.886868 8.872590 8.847070 8.802744 8.727952 8.605437 8.410770 8.111124 7.665138 7.025077 6.142898 4.981857 3.534006 1.839945 0.000000 
50.000000 43.301238 36.848473 30.860623 25.507419 20.895941 17.067373 14.003236 11.638518 9.878201 8.613759 7.737013 7.149933 6.770128 6.532625 6.389002 6.304969 6.257374 6.231266 6.217388 6.210236 6.206660 6.204925 6.204107 6.203732 6.203562 6.203482 6.203433 6.203378 6.203280 6.203075 6.202648 6.201775 6.200040 6.196683 6.190371 6.178838 6.158374 6.123127 6.064232 5.968844 5.819259 5.592466 5.260693 4.793682 4.163477 3.352152 2.361738 1.223367 0.000000 
50.000000 42.993781 36.244857 29.982203 24.383342 19.560269 15.556055 12.351367 9.878201 8.037172 6.714769 5.797845 5.183870 4.786670 4.538294 4.388097 4.300220 4.250449 4.223147 4.208635 4.201156 4.197417 4.195603 4.194748 4.194356 4.194180 4.194098 4.194052 4.194005 4.193926 4.193765 4.193430 4.192749 4.191401 4.188804 4.183948 4.175129 4.159589 4.133034 4.089065 4.018586 3.909357 3.745930 3.510350 3.184022 2.751059 2.203081 1.544630 0.797326 0.000000 
50.000000 42.772918 35.811250 29.351195 23.575876 18.600817 14.470443 11.164809 8.613759 6.714769 5.350746 4.404973 3.771688 3.362002 3.105821 2.950907 2.860271 2.808938 2.780780 2.765813 2.758100 2.754244 2.752373 2.751492 2.751087 2.750906 2.750824 2.750780 2.750741 2.750681 2.750559 2.750310 2.749805 2.748809 2.746899 2.743346 2.736931 2.725700 2.706651 2.675373 2.625704 2.549527 2.436856 2.276463 2.057216 1.770269 1.411894 0.986384 0.507900 0.000000 
50.000000 42.619763 35.510572 28.913636 23.015962 17.935520 13.717677 10.342056 7.737013 5.797845 4.404973 3.439207 2.792540 2.374201 2.112613 1.954431 1.861883 1.809469 1.780718 1.765436 1.757561 1.753624 1.751714 1.750814 1.750402 1.750217 1.750134 1.750093 1.750061 1.750016 1.749930 1.749752 1.749395 1.748692 1.747352 1.744871 1.740415 1.732663 1.719603 1.698322 1.664811 1.613886 1.539312 1.434273 1.292268 1.108457 0.881293 0.614042 0.315598 0.000000 
50.000000 42.517201 35.309220 28.620622 22.641015 17.490011 13.213600 9.791123 7.149933 5.183870 3.771688 2.792540 2.136919 1.712790 1.447584 1.287215 1.193390 1.140252 1.111105 1.095612 1.087629 1.083638 1.081701 1.080789 1.080371 1.080185 1.080102 1.080063 1.080036 1.080004 1.079944 1.079823 1.079581 1.079108 1.078208 1.076549 1.073586 1.068459 1.059878 1.045988 1.024281 0.991559 0.944053 0.877741 0.788911 0.674965 0.535323 0.372217 0.191042 0.000000 
50.000000 42.450844 35.178946 28.431046 22.398433 17.201779 12.887483 9.434697 6.770128 4.786670 3.362002 2.374201 1.712790 1.284918 1.017374 0.855592 0.760941 0.707336 0.677933 0.662304 0.654250 0.650225 0.648271 0.647351 0.646930 0.646742 0.646659 0.646622 0.646600 0.646576 0.646536 0.646457 0.646300 0.645994 0.645414 0.644351 0.642459 0.639204 0.633786 0.625071 0.611541 0.591290 0.562108 0.521684 0.467950 0.399533 0.316256 0.219541 0.112559 0.000000 
50.000000 42.409345 35.097476 28.312490 22.246730 17.021532 12.683547 9.211811 6.532625 4.538294 3.105821 2.112613 1.447584 1.017374 0.748368 0.585704 0.490537 0.436640 0.407077 0.391364 0.383266 0.379219 0.377255 0.376330 0.375906 0.375718 0.375635 0.375599 0.375579 0.375563 0.375537 0.375487 0.375389 0.375199 0.374840 0.374184 0.373023 0.371035 0.367742 0.362475 0.354346 0.342255 0.324943 0.301119 0.269656 0.229841 0.181647 0.125934 0.064512 0.000000 
50.000000 42.384247 35.048204 28.240790 22.154985 16.912526 12.560217 9.077024 6.389002 4.388097 2.950907 1.954431 1.287215 0.855592 0.585704 0.422507 0.327029 0.272956 0.243296 0.227531 0.219408 0.215347 0.213377 0.212449 0.212024 0.211835 0.211752 0.211716 0.211699 0.211687 0.211670 0.211640 0.211581 0.211467 0.211254 0.210864 0.210178 0.209008 0.207078 0.204008 0.199293 0.192319 0.182389 0.168801 0.150954 0.128485 0.101413 0.070235 0.035954 0.000000 
50.000000 42.369561 35.019372 28.198835 22.101302 16.848744 12.488055 8.998159 6.304969 4.300220 2.860271 1.861884 1.193390 0.760941 0.490537 0.327029 0.231368 0.177192 0.147476 0.131682 0.123543 0.119474 0.117500 0.116571 0.116145 0.115955 0.115873 0.115838 0.115822 0.115812 0.115802 0.115784 0.115750 0.115684 0.115561 0.115339 0.114947 0.114282 0.113191 0.111462 0.108820 0.104929 0.099417 0.091910 0.082097 0.069796 0.055031 0.038080 0.019483 0.000000 
50.000000 42.361242 35.003041 28.175071 22.070895 16.812617 12.447182 8.953491 6.257374 4.250449 2.808938 1.809469 1.140252 0.707336 0.436640 0.272956 0.177192 0.122958 0.093210 0.077399 0.069251 0.065178 0.063202 0.062271 0.061845 0.061656 0.061574 0.061539 0.061523 0.061516 0.061509 0.061498 0.061479 0.061443 0.061375 0.061251 0.061036 0.060671 0.060074 0.059133 0.057700 0.055599 0.052635 0.048616 0.043382 0.036846 0.029025 0.020070 0.010264 0.000000 
50.000000 42.356678 34.994082 28.162034 22.054214 16.792798 12.424761 8.928988 6.231266 4.223148 2.780780 1.780719 1.111105 0.677933 0.407078 0.243296 0.147477 0.093210 0.063445 0.047624 0.039472 0.035397 0.033420 0.032488 0.032062 0.031872 0.031790 0.031755 0.031741 0.031734 0.031729 0.031723 0.031713 0.031693 0.031657 0.031591 0.031476 0.031282 0.030967 0.030471 0.029718 0.028619 0.027074 0.024987 0.022278 0.018905 0.014882 0.010284 0.005257 0.000000 
50.000000 42.354252 34.989319 28.155103 22.045346 16.782263 12.412843 8.915964 6.217389 4.208636 2.765814 1.765437 1.095614 0.662305 0.391365 0.227533 0.131683 0.077400 0.047625 0.031800 0.023645 0.019568 0.017591 0.016659 0.016233 0.016043 0.015961 0.015926 0.015912 0.015905 0.015902 0.015898 0.015893 0.015882 0.015864 0.015830 0.015770 0.015671 0.015509 0.015256 0.014873 0.014315 0.013534 0.012482 0.011121 0.009431 0.007419 0.005124 0.002619 0.000000 
50.000000 42.353002 34.986865 28.151532 22.040777 16.776835 12.406701 8.909253 6.210239 4.201159 2.758103 1.757564 1.087632 0.654254 0.383270 0.219411 0.123546 0.069254 0.039475 0.023647 0.015490 0.011413 0.009435 0.008504 0.008077 0.007887 0.007805 0.007771 0.007756 0.007750 0.007748 0.007745 0.007742 0.007737 0.007728 0.007711 0.007681 0.007632 0.007551 0.007426 0.007237 0.006962 0.006579 0.006064 0.005399 0.004576 0.003598 0.002484 0.001269 0.000000 
50.000000 42.352377 34.985639 28.149749 22.038495 16.774124 12.403635 8.905902 6.206668 4.197426 2.754253 1.753633 1.083647 0.650234 0.379228 0.215356 0.119483 0.065187 0.035405 0.019576 0.011419 0.007342 0.005364 0.004432 0.004005 0.003815 0.003733 0.003699 0.003685 0.003679 0.003676 0.003675 0.003673 0.003671 0.003666 0.003658 0.003643 0.003619 0.003581 0.003520 0.003429 0.003298 0.003115 0.002869 0.002553 0.002163 0.001700 0.001173 0.000599 0.000000 
50.000000 42.352076 34.985048 28.148888 22.037394 16.772816 12.402155 8.904285 6.204946 4.195625 2.752395 1.751737 1.081724 0.648295 0.377278 0.213400 0.117524 0.063225 0.033442 0.017613 0.009455 0.005378 0.003400 0.002468 0.002041 0.001851 0.001769 0.001735 0.001721 0.001715 0.001712 0.001711 0.001710 0.001709 0.001707 0.001703 0.001696 0.001685 0.001666 0.001638 0.001595 0.001533 0.001448 0.001333 0.001186 0.001004 0.000789 0.000544 0.000278 0.000000 
50.000000 42.351938 34.984778 28.148495 22.036891 16.772218 12.401479 8.903546 6.204159 4.194802 2.751547 1.750870 1.080846 0.647409 0.376388 0.212506 0.116628 0.062329 0.032546 0.016715 0.008558 0.004480 0.002502 0.001570 0.001144 0.000954 0.000872 0.000837 0.000823 0.000818 0.000815 0.000814 0.000814 0.000813 0.000812 0.000810 0.000807 0.000801 0.000792 0.000779 0.000758 0.000728 0.000687 0.000633 0.000562 0.000476 0.000374 0.000258 0.000132 0.000000 
50.000000 42.351886 34.984674 28.148344 22.036698 16.771989 12.401220 8.903263 6.203857 4.194486 2.751221 1.750538 1.080509 0.647069 0.376046 0.212163 0.116285 0.061985 0.032201 0.016371 0.008214 0.004136 0.002158 0.001226 0.000799 0.000610 0.000528 0.000493 0.000479 0.000473 0.000471 0.000470 0.000469 0.000469 0.000468 0.000467 0.000465 0.000462 0.000457 0.000449 0.000437 0.000420 0.000396 0.000364 0.000324 0.000274 0.000215 0.000148 0.000076 0.000000 
50.000000 42.351886 34.984674 28.148344 22.036698 16.771989 12.401220 8.903263 6.203857 4.194486 2.751221 1.750538 1.080509 0.647069 0.376046 0.212163 0.116285 0.061985 0.032201 0.016371 0.008214 0.004136 0.002158 0.001226 0.000799 0.000610 0.000528 0.000493 0.000479 0.000473 0.000471 0.000470 0.000469 0.000469 0.000468 0.000467 0.000465 0.000462 0.000457 0.000449 0.000437 0.000420 0.000396 0.000364 0.000324 0.000274 0.000215 0.000148 0.000076 0.000000 
50.000000 42.351938 34.984778 28.148495 22.036891 16.772218 12.401479 8.903546 6.204159 4.194802 2.751547 1.750870 1.080846 0.647409 0.376388 0.212506 0.116628 0.062329 0.032546 0.016715 0.008558 0.004480 0.002502 0.001570 0.001144 0.000954 0.000872 0.000837 0.000823 0.000818 0.000815 0.000814 0.000814 0.000813 0.000812 0.000810 0.000807 0.000801 0.000792 0.000779 0.000758 0.000728 0.000687 0.000633 0.000562 0.000476 0.000374 0.000258 0.000132 0.000000 
50.000000 42.352076 34.985048 28.148888 22.037394 16.772816 12.402155 8.904285 6.204946 4.195625 2.752395 1.751737 1.081724 0.648295 0.377278 0.213400 0.117524 0.063225 0.033442 0.017613 0.009455 0.005378 0.003400 0.002468 0.002041 0.001851 0.001769 0.001735 0.001721 0.001715 0.001712 0.001711 0.001710 0.001709 0.001707 0.001703 0.001696 0.001685 0.001666 0.001638 0.001595 0.001533 0.001448 0.001333 0.001186 0.001004 0.000789 0.000544 0.000278 0.000000 
50.000000 42.352377 34.985639 28.149749 22.038495 16.774124 12.403635 8.905902 6.206668 4.197426 2.754253 1.753633 1.083647 0.650234 0.379228 0.215356 0.119483 0.065187 0.035405 0.019576 0.011419 0.007342 0.005364 0.004432 0.004005 0.003815 0.003733 0.003699 0.003685 0.003679 0.003676 0.003675 0.003673 0.003671 0.003666 0.003658 0.003643 0.003619 0.003581 0.003520 0.003429 0.003298 0.003115 0.002869 0.002553 0.002163 0.001700 0.001173 0.000599 0.000000 
50.000000 42.353002 34.986865 28.151532 22.040777 16.776835 12.406701 8.909253 6.210239 4.201159 2.758103 1.757564 1.087632 0.654254 0.383270 0.219411 0.123546 0.069254 0.039475 0.023647 0.015490 0.011413 0.009435 0.008504 0.008077 0.007887 0.007805 0.007771 0.007756 0.007750 0.007748 0.007745 0.007742 0.007737 0.007728 0.007711 0.007681 0.007632 0.007551 0.007426 0.007237 0.006962 0.006579 0.006064 0.005399 0.004576 0.003598 0.002484 0.001269 0.000000 
50.000000 42.354252 34.989319 28.155103 22.045346 16.782263 12.412843 8.915964 6.217389 4.208636 2.765814 1.765437 1.095614 0.662305 0.391365 0.227533 0.131683 0.077400 0.047625 0.031800 0.023645 0.019568 0.017591 0.016659 0.016233 0.016043 0.015961 0.015926 0.015912 0.015905 0.015902 0.015898 0.015893 0.015882 0.015864 0.015830 0.015770 0.015671 0.015509 0.015256 0.014873 0.014315 0.013534 0.012482 0.011121 0.009431 0.007419 0.005124 0.002619 0.000000 
50.000000 42.356678 34.994082 28.162034 22.054214 16.792798 12.424761 8.928988 6.231266 4.223148 2.780780 1.780719 1.111105 0.677933 0.407078 0.243296 0.147477 0.093210 0.063445 0.047624 0.039472 0.035397 0.033420 0.032488 0.032062 0.031872 0.031790 0.031755 0.031741 0.031734 0.031729 0.031723 0.031713 0.031693 0.031657 0.031591 0.031476 0.031282 0.030967 0.030471 0.029718 0.028619 0.027074 0.024987 0.022278 0.018905 0.014882 0.010284 0.005257 0.000000 
50.000000 42.361242 35.003041 28.175071 22.070895 16.812617 12.447182 8.953491 6.257374 4.250449 2.808938 1.809469 1.140252 0.707336 0.436640 0.272956 0.177192 0.122958 0.093210 0.077399 0.069251 0.065178 0.063202 0.062271 0.061845 0.061656 0.061574 0.061539 0.061523 0.061516 0.061509 0.061498 0.061479 0.061443 0.061375 0.061251 0.061036 0.060671 0.060074 0.059133 0.057700 0.055599 0.052635 0.048616 0.043382 0.036846 0.029025 0.020070 0.010264 0.000000 
50.000000 42.369561 35.019372 28.198835 22.101302 16.848744 12.488055 8.998159 6.304969 4.300220 2.860271 1.861884 1.193390 0.760941 0.490537 0.327029 0.231368 0.177192 0.147476 0.131682 0.123543 0.119474 0.117500 0.116571 0.116145 0.115955 0.115873 0.115838 0.115822 0.115812 0.115802 0.115784 0.115750 0.115684 0.115561 0.115339 0.114947 0.114282 0.113191 0.111462 0.108820 0.104929 0.099417 0.091910 0.082097 0.069796 0.055031 0.038080 0.019483 0.000000 
50.000000 42.384247 35.048204 28.240790 22.154985 16.912526 12.560217 9.077024 6.389002 4.388097 2.950907 1.954431 1.287215 0.855592 0.585704 0.422507 0.327029 0.272956 0.243296 0.227531 0.219408 0.215347 0.213377 0.212449 0.212024 0.211835 0.211752 0.211716 0.211699 0.211687 0.211670 0.211640 0.211581 0.211467 0.211254 0.210864 0.210178 0.209008 0.207078 0.204008 0.199293 0.192319 0.182389 0.168801 0.150954 0.128485 0.101413 0.070235 0.035954 0.000000 
50.000000 42.409345 35.097476 28.312490 22.246730 17.021532 12.683547 9.211811 6.532625 4.538294 3.105821 2.112613 1.447584 1.017374 0.748368 0.585704 0.490537 0.436640 0.407077 0.391364 0.383266 0.379219 0.377255 0.376330 0.375906 0.375718 0.375635 0.375599 0.375579 0.375563 0.375537 0.375487 0.375389 0.375199 0.374840 0.374184 0.373023 0.371035 0.367742 0.362475 0.354346 0.342255 0.324943 0.301119 0.269656 0.229841 0.181647 0.125934 0.064512 0.000000 
50.000000 42.450844 35.178946 28.431046 22.398433 17.201779 12.887483 9.434697 6.770128 4.786670 3.362002 2.374201 1.712790 1.284918 1.017374 0.855592 0.760941 0.707336 0.677933 0.662304 0.654250 0.650225 0.648271 0.647351 0.646930 0.646742 0.646659 0.646622 0.646600 0.646576 0.646536 0.646457 0.646300 0.645994 0.645414 0.644351 0.642459 0.639204 0.633786 0.625071 0.611541 0.591290 0.562108 0.521684 0.467950 0.399533 0.316256 0.219541 0.112559 0.000000 
50.000000 42.517201 35.309220 28.620622 22.641015 17.490011 13.213600 9.791123 7.149933 5.183870 3.771688 2.792540 2.136919 1.712790 1.447584 1.287215 1.193390 1.140252 1.111105 1.095612 1.087629 1.083638 1.081701 1.080789 1.080371 1.080185 1.080102 1.080063 1.080036 1.080004 1.079944 1.079823 1.079581 1.079108 1.078208 1.076549 1.073586 1.068459 1.059878 1.045988 1.024281 0.991559 0.944053 0.877741 0.788911 0.674965 0.535323 0.372217 0.191042 0.000000 
50.000000 42.619763 35.510572 28.913636 23.015962 17.935520 13.717677 10.342056 7.737013 5.797845 4.404973 3.439207 2.792540 2.374201 2.112613 1.954431 1.861883 1.809469 1.780718 1.765436 1.757561 1.753624 1.751714 1.750814 1.750402 1.750217 1.750134 1.750093 1.750061 1.750016 1.749930 1.749752 1.749395 1.748692 1.747352 1.744871 1.740415 1.732663 1.719603 1.698322 1.664811 1.613886 1.539312 1.434273 1.292268 1.108457 0.881293 0.614042 0.315598 0.000000 
50.000000 42.772918 35.811250 29.351195 23.575876 18.600817 14.470443 11.164809 8.613759 6.714769 5.350746 4.404973 3.771688 3.362002 3.105821 2.950907 2.860271 2.808938 2.780780 2.765813 2.758100 2.754244 2.752373 2.751492 2.751087 2.750906 2.750824 2.750780 2.750741 2.750681 2.750559 2.750310 2.749805 2.748809 2.746899 2.743346 2.736931 2.725700 2.706651 2.675373 2.625704 2.549527 2.436856 2.276463 2.057216 1.770269 1.411894 0.986384 0.507900 0.000000 
50.000000 42.993781 36.244857 29.982203 24.383342 19.560269 15.556055 12.351367 9.878201 8.037172 6.714769 5.797845 5.183870 4.786670 4.538294 4.388097 4.300220 4.250449 4.223147 4.208635 4.201156 4.197417 4.195603 4.194748 4.194356 4.194180 4.194098 4.194052 4.194005 4.193926 4.193765 4.193430 4.192749 4.191401 4.188804 4.183948 4.175129 4.159589 4.133034 4.089065 4.018586 3.909357 3.745930 3.510350 3.184022 2.751059 2.203081 1.544630 0.797326 0.000000 
50.000000 43.301238 36.848473 30.860623 25.507419 20.895941 17.067373 14.003236 11.638518 9.878201 8.613759 7.737013 7.149933 6.770128 6.532625 6.389002 6.304969 6.257374 6.231266 6.217388 6.210236 6.206660 6.204925 6.204107 6.203732 6.203562 6.203482 6.203433 6.203378 6.203280 6.203075 6.202648 6.201775 6.200040 6.196683 6.190371 6.178838 6.158374 6.123127 6.064232 5.968844 5.819259 5.592466 5.260693 4.793682 4.163477 3.352152 2.361738 1.223367 0.000000 
50.000000 43.714236 37.659293 32.040587 27.017382 22.690154 19.097554 16.222247 14.003236 12.351367 11.164809 10.342056 9.791123 9.434697 9.211811 9.077024 8.998159 8.953491 8.928988 8.915963 8.909250 8.905894 8.904265 8.903498 8.903145 8.902985 8.902908 8.902857 8.902794 8.902677 8.902431 8.901915 8.900856 8.898743 8.894634 8.886868 8.872590 8.847070 8.802744 8.727952 8.605437 8.410770 8.111124 7.665138 7.025077 6.142898 4.981857 3.534006 1.839945 0.000000 
50.000000 44.249358 38.709878 33.569484 28.973877 25.014980 21.728156 19.097554 17.067373 15.556055 14.470443 13.717677 13.213600 12.887483 12.683547 12.560217 12.488055 12.447182 12.424760 12.412842 12.406699 12.403628 12.402137 12.401434 12.401111 12.400964 12.400891 12.400840 12.400772 12.400640 12.400362 12.399775 12.398567 12.396145 12.391416 12.382427 12.365799 12.335860 12.283403 12.193980 12.045704 11.806679 11.432416 10.864078 10.029203 8.847714 7.247306 5.192248 2.724533 0.000000 
50.000000 44.917949 40.022504 35.479733 31.418394 27.919725 25.014980 22.690154 20.895941 19.560269 18.600817 17.935520 17.490011 17.201779 17.021532 16.912526 16.848744 16.812616 16.792798 16.782262 16.776832 16.774117 16.772800 16.772179 16.771893 16.771762 16.771696 16.771646 16.771577 16.771438 16.771143 16.770521 16.769235 16.766647 16.761572 16.751876 16.733829 16.701099 16.643252 16.543600 16.376247 16.102259 15.665077 14.985777 13.959863 12.459472 10.348757 7.525186 3.999410 0.000000 
50.000000 45.723231 41.603493 37.780536 34.362715 31.418394 28.973877 27.017382 25.507419 24.383342 23.575876 23.015962 22.641015 22.398433 22.246730 22.154985 22.101302 22.070895 22.054213 22.045346 22.040775 22.038490 22.037381 22.036858 22.036617 22.036506 22.036449 22.036404 22.036337 22.036203 22.035916 22.035308 22.034049 22.031506 22.026500 22.016889 21.998900 21.966050 21.907505 21.805607 21.632283 21.343943 20.874484 20.126162 18.958922 17.181358 14.553620 10.828694 5.884608 0.000000 
50.000000 46.658007 43.438719 40.451339 37.780536 35.479733 33.569484 32.040587 30.860623 29.982203 29.351195 28.913636 28.620622 28.431046 28.312490 28.240790 28.198835 28.175071 28.162033 28.155103 28.151530 28.149744 28.148878 28.148469 28.148280 28.148193 28.148148 28.148110 28.148053 28.147936 28.147685 28.147152 28.146046 28.143804 28.139376 28.130843 28.114790 28.085299 28.032343 27.939301 27.779122 27.508471 27.058730 26.322178 25.130975 23.226916 20.225670 15.605599 8.839825 0.000000 
50.000000 47.703580 45.491475 43.438719 41.603493 40.022504 38.709878 37.659293 36.848473 36.244857 35.811250 35.510572 35.309220 35.178946 35.097476 35.048204 35.019372 35.003041 34.994082 34.989319 34.986864 34.985636 34.985040 34.984759 34.984630 34.984570 34.984538 34.984511 34.984469 34.984382 34.984195 34.983798 34.982971 34.981293 34.977968 34.971542 34.959405 34.937002 34.896530 34.824866 34.700227 34.486735 34.125287 33.517630 32.497317 30.774799 27.833120 22.745737 13.979889 0.000000 
50.000000 48.830318 47.703580 46.658007 45.723231 44.917949 44.249358 43.714236 43.301238 42.993781 42.772918 42.619763 42.517201 42.450844 42.409345 42.384247 42.369561 42.361242 42.356678 42.354252 42.353001 42.352376 42.352072 42.351929 42.351863 42.351832 42.351816 42.351802 42.351780 42.351733 42.351633 42.351421 42.350978 42.350078 42.348292 42.344833 42.338285 42.326159 42.304165 42.265018 42.196455 42.077871 41.874290 41.524824 40.918540 39.838622 37.818182 33.723691 24.415159 0.000000 
50.000000 50.000000 50.000000 50.000000 50.000000 50.000000 50.000000 50.000000 50.000000 50.000000 50.000000 50.000000 50.000000 50.000000 50.000000 50.000000 50.000000 50.000000 50.000000 50.000000 50.000000 50.000000 50.000000 50.000000 50.000000 50.000000 50.000000 50.000000 50.000000 50.000000 50.000000 50.000000 50.000000 50.000000 50.000000 50.000000 50.000000 50.000000 50.000000 50.000000 50.000000 50.000000 50.000000 50.000000 50.000000 50.000000 50.000000 50.000000 50.000000 50.000000 
