50.000000 50.000000 50.000000 50.000000 50.000000 50.000000 50.000000 50.000000 50.000000 50.000000 50.000000 50.000000 50.000000 50.000000 50.000000 50.000000 50.000000 50.000000 50.000000 50.000000 50.000000 50.000000 50.000000 50.000000 50.000000 50.000000 50.000000 50.000000 50.000000 50.000000 50.000000 50.000000 50.000000 50.000000 50.000000 50.000000 50.000000 50.000000 50.000000 50.000000 50.000000 50.000000 50.000000 50.000000 50.000000 50.000000 50.000000 50.000000 50.000000 50.000000 
50.000000 47.984862 46.097085 44.439927 43.076024 42.022718 41.258677 40.737497 40.402723 40.199938 40.083926 40.021144 39.988954 39.973291 39.966048 39.962859 39.961521 39.960985 39.960779 39.960704 39.960677 39.960668 39.960665 39.960664 39.960664 39.960664 39.960664 39.960664 39.960664 39.960663 39.960662 39.960658 39.960644 39.960607 39.960502 39.960221 39.959497 39.957703 39.953419 39.943553 39.921618 39.874407 39.775654 39.573641 39.165651 38.340262 36.631207 32.899345 23.992431 0.000000 
50.000000 46.097085 42.440853 39.231299 36.589738 34.549753 33.070019 32.060653 31.412311 31.019594 30.794928 30.673349 30.611013 30.580683 30.566657 30.560482 30.557891 30.556852 30.556455 30.556309 30.556257 30.556240 30.556234 30.556233 30.556232 30.556232 30.556232 30.556232 30.556232 30.556231 30.556228 30.556220 30.556197 30.556130 30.555943 30.555445 30.554165 30.551002 30.543479 30.526251 30.488228 30.407223 30.240227 29.905924 29.253017 28.001880 25.636666 21.220427 13.197740 0.000000 
50.000000 44.439927 39.231299 34.659041 30.895981 27.989948 25.882056 24.444240 23.520718 22.961335 22.641333 22.468168 22.379386 22.336191 22.316216 22.307423 22.303733 22.302254 22.301688 22.301480 22.301407 22.301382 22.301374 22.301372 22.301371 22.301371 22.301371 22.301370 22.301370 22.301369 22.301366 22.301356 22.301327 22.301244 22.301014 22.300400 22.298832 22.294975 22.285858 22.265146 22.219906 22.124849 21.932539 21.557505 20.851774 19.570103 17.329521 13.594633 7.808720 0.000000 
50.000000 43.076024 36.589738 30.895981 26.209975 22.591270 19.966506 18.176178 17.026273 16.329794 15.931380 15.715793 15.605267 15.551496 15.526631 15.515686 15.511093 15.509253 15.508548 15.508289 15.508198 15.508168 15.508158 15.508154 15.508154 15.508153 15.508153 15.508153 15.508153 15.508152 15.508149 15.508139 15.508109 15.508024 15.507789 15.507167 15.505585 15.501716 15.492640 15.472211 15.428118 15.336876 15.155924 14.812195 14.187599 13.104988 11.325878 8.587858 4.735762 0.000000 
50.000000 42.022718 34.549753 27.989948 22.591270 18.422304 15.398501 13.336058 12.011424 11.209147 10.750234 10.501922 10.374624 10.312697 10.284063 10.271459 10.266170 10.264051 10.263240 10.262942 10.262837 10.262802 10.262790 10.262787 10.262786 10.262785 10.262785 10.262785 10.262785 10.262784 10.262781 10.262772 10.262746 10.262670 10.262461 10.261912 10.260520 10.257141 10.249276 10.231748 10.194374 10.118208 9.970029 9.695298 9.211152 8.403671 7.138174 5.296736 2.857067 0.000000 
50.000000 41.258677 33.070019 25.882056 19.966506 15.398501 12.085358 9.825636 8.374350 7.495399 6.992649 6.720631 6.581187 6.513354 6.481992 6.468188 6.462396 6.460075 6.459186 6.458860 6.458746 6.458707 6.458695 6.458691 6.458689 6.458689 6.458689 6.458689 6.458689 6.458688 6.458686 6.458678 6.458657 6.458596 6.458431 6.457996 6.456900 6.454257 6.448157 6.434692 6.406321 6.349329 6.240384 6.042679 5.703202 5.154311 4.324551 3.164096 1.685036 0.000000 
50.000000 40.737497 32.060653 24.444240 18.176178 13.336058 9.825636 7.431429 5.893820 4.962623 4.430010 4.141846 3.994132 3.922280 3.889060 3.874440 3.868306 3.865848 3.864907 3.864562 3.864440 3.864400 3.864386 3.864382 3.864381 3.864380 3.864380 3.864380 3.864380 3.864380 3.864378 3.864373 3.864357 3.864313 3.864193 3.863880 3.863095 3.861214 3.856907 3.847488 3.827860 3.788946 3.715715 3.585252 3.366029 3.020254 2.511702 1.820426 0.961843 0.000000 
50.000000 40.402723 31.412311 23.520718 17.026273 12.011424 8.374350 5.893820 4.300816 3.336100 2.784333 2.485816 2.332802 2.258374 2.223965 2.208822 2.202469 2.199924 2.198949 2.198591 2.198466 2.198423 2.198409 2.198405 2.198404 2.198404 2.198403 2.198403 2.198403 2.198403 2.198402 2.198398 2.198388 2.198358 2.198278 2.198071 2.197554 2.196323 2.193523 2.187455 2.174937 2.150408 2.104874 2.025021 1.893216 1.689397 1.395869 1.005088 0.528316 0.000000 
50.000000 40.199938 31.019594 22.961335 16.329794 11.209147 7.495399 4.962623 3.336100 2.351107 1.787757 1.482982 1.326765 1.250781 1.215654 1.200195 1.193709 1.191112 1.190117 1.189752 1.189623 1.189580 1.189566 1.189562 1.189560 1.189560 1.189560 1.189560 1.189560 1.189560 1.189559 1.189557 1.189550 1.189532 1.189483 1.189355 1.189040 1.188292 1.186604 1.182975 1.175554 1.161163 1.134764 1.089079 1.014773 0.901676 0.741429 0.531366 0.278320 0.000000 
50.000000 40.083926 30.794928 22.641333 15.931380 10.750234 6.992649 4.430010 2.784333 1.787757 1.217793 0.909445 0.751400 0.674528 0.638992 0.623353 0.616793 0.614165 0.613158 0.612789 0.612659 0.612615 0.612601 0.612597 0.612595 0.612595 0.612595 0.612595 0.612595 0.612595 0.612594 0.612593 0.612589 0.612579 0.612551 0.612478 0.612298 0.611875 0.610925 0.608896 0.604783 0.596878 0.582522 0.557957 0.518486 0.459169 0.376187 0.268677 0.140373 0.000000 
50.000000 40.021144 30.673349 22.468168 15.715793 10.501922 6.720631 4.141846 2.485816 1.482982 0.909445 0.599169 0.440137 0.362787 0.327029 0.311294 0.304693 0.302049 0.301036 0.300664 0.300534 0.300490 0.300476 0.300471 0.300470 0.300469 0.300469 0.300469 0.300469 0.300469 0.300469 0.300468 0.300466 0.300461 0.300445 0.300406 0.300310 0.300086 0.299584 0.298520 0.296378 0.292293 0.284939 0.272474 0.252645 0.223154 0.182310 0.129870 0.067726 0.000000 
50.000000 39.988954 30.611013 22.379386 15.605267 10.374624 6.581187 3.994132 2.332802 1.326765 0.751400 0.440137 0.280601 0.203006 0.167136 0.151351 0.144729 0.142077 0.141061 0.140688 0.140557 0.140513 0.140499 0.140494 0.140493 0.140493 0.140493 0.140493 0.140492 0.140492 0.140492 0.140492 0.140491 0.140488 0.140480 0.140461 0.140413 0.140300 0.140051 0.139525 0.138472 0.136479 0.132918 0.126930 0.117483 0.103551 0.084411 0.060011 0.031251 0.000000 
50.000000 39.973291 30.580683 22.336191 15.551496 10.312697 6.513354 3.922280 2.258374 1.250781 0.674528 0.362787 0.203006 0.125293 0.089368 0.073559 0.066927 0.064271 0.063253 0.062880 0.062749 0.062705 0.062691 0.062686 0.062685 0.062684 0.062684 0.062684 0.062684 0.062684 0.062684 0.062684 0.062684 0.062682 0.062679 0.062669 0.062646 0.062593 0.062476 0.062230 0.061741 0.060820 0.059185 0.056454 0.052176 0.045911 0.037359 0.026518 0.013794 0.000000 
50.000000 39.966048 30.566657 22.316216 15.526631 10.284063 6.481992 3.889060 2.223965 1.215654 0.638992 0.327029 0.167136 0.089368 0.053418 0.037599 0.030962 0.028304 0.027285 0.026912 0.026781 0.026737 0.026722 0.026718 0.026716 0.026716 0.026716 0.026716 0.026716 0.026716 0.026716 0.026716 0.026716 0.026715 0.026713 0.026709 0.026699 0.026675 0.026623 0.026514 0.026298 0.025894 0.025181 0.023996 0.022151 0.019464 0.015816 0.011212 0.005827 0.000000 
50.000000 39.962859 30.560482 22.307423 15.515686 10.271459 6.468188 3.874440 2.208822 1.200195 0.623353 0.311294 0.151351 0.073559 0.037599 0.021774 0.015135 0.012476 0.011458 0.011084 0.010953 0.010909 0.010895 0.010890 0.010889 0.010888 0.010888 0.010888 0.010888 0.010888 0.010888 0.010888 0.010888 0.010888 0.010887 0.010885 0.010881 0.010871 0.010849 0.010803 0.010712 0.010544 0.010247 0.009757 0.008998 0.007897 0.006410 0.004539 0.002358 0.000000 
50.000000 39.961521 30.557891 22.303733 15.511093 10.266170 6.462396 3.868306 2.202469 1.193709 0.616793 0.304693 0.144729 0.066927 0.030962 0.015135 0.008496 0.005836 0.004818 0.004444 0.004313 0.004269 0.004254 0.004250 0.004249 0.004248 0.004248 0.004248 0.004248 0.004248 0.004248 0.004248 0.004248 0.004248 0.004248 0.004247 0.004245 0.004241 0.004232 0.004214 0.004178 0.004110 0.003993 0.003799 0.003501 0.003070 0.002489 0.001761 0.000914 0.000000 
50.000000 39.960985 30.556852 22.302254 15.509253 10.264051 6.460075 3.865848 2.199924 1.191112 0.614165 0.302049 0.142077 0.064271 0.028304 0.012476 0.005836 0.003177 0.002158 0.001785 0.001653 0.001609 0.001595 0.001590 0.001589 0.001589 0.001588 0.001588 0.001588 0.001588 0.001588 0.001588 0.001588 0.001588 0.001588 0.001588 0.001587 0.001586 0.001582 0.001575 0.001561 0.001536 0.001491 0.001418 0.001306 0.001144 0.000927 0.000655 0.000340 0.000000 
50.000000 39.960779 30.556455 22.301688 15.508548 10.263240 6.459186 3.864907 2.198949 1.190117 0.613158 0.301036 0.141061 0.063253 0.027285 0.011458 0.004818 0.002158 0.001140 0.000766 0.000635 0.000591 0.000576 0.000572 0.000570 0.000570 0.000570 0.000570 0.000570 0.000570 0.000570 0.000570 0.000570 0.000570 0.000570 0.000570 0.000569 0.000569 0.000568 0.000565 0.000560 0.000551 0.000534 0.000508 0.000467 0.000409 0.000331 0.000234 0.000121 0.000000 
50.000000 39.960704 30.556309 22.301480 15.508289 10.262942 6.458860 3.864562 2.198591 1.189752 0.612789 0.300664 0.140688 0.062880 0.026912 0.011084 0.004444 0.001785 0.000766 0.000393 0.000261 0.000217 0.000203 0.000198 0.000197 0.000196 0.000196 0.000196 0.000196 0.000196 0.000196 0.000196 0.000196 0.000196 0.000196 0.000196 0.000196 0.000196 0.000196 0.000195 0.000193 0.000190 0.000184 0.000175 0.000161 0.000141 0.000114 0.000080 0.000042 0.000000 
50.000000 39.960677 30.556257 22.301407 15.508198 10.262837 6.458746 3.864440 2.198466 1.189623 0.612659 0.300534 0.140557 0.062749 0.026781 0.010953 0.004313 0.001653 0.000635 0.000261 0.000130 0.000086 0.000071 0.000067 0.000066 0.000065 0.000065 0.000065 0.000065 0.000065 0.000065 0.000065 0.000065 0.000065 0.000065 0.000065 0.000065 0.000065 0.000065 0.000064 0.000064 0.000063 0.000061 0.000058 0.000053 0.000047 0.000038 0.000027 0.000014 0.000000 
50.000000 39.960668 30.556240 22.301382 15.508168 10.262802 6.458707 3.864400 2.198423 1.189580 0.612615 0.300490 0.140513 0.062705 0.026737 0.010909 0.004269 0.001609 0.000591 0.000217 0.000086 0.000041 0.000027 0.000023 0.000021 0.000021 0.000021 0.000021 0.000021 0.000021 0.000021 0.000021 0.000021 0.000021 0.000021 0.000021 0.000021 0.000021 0.000021 0.000021 0.000020 0.000020 0.000019 0.000018 0.000017 0.000015 0.000012 0.000008 0.000004 0.000000 
50.000000 39.960665 30.556234 22.301374 15.508158 10.262790 6.458695 3.864386 2.198409 1.189566 0.612601 0.300476 0.140499 0.062691 0.026722 0.010895 0.004254 0.001595 0.000576 0.000203 0.000071 0.000027 0.000013 0.000008 0.000007 0.000007 0.000006 0.000006 0.000006 0.000006 0.000006 0.000006 0.000006 0.000006 0.000006 0.000006 0.000006 0.000006 0.000006 0.000006 0.000006 0.000006 0.000006 0.000006 0.000005 0.000005 0.000004 0.000003 0.000001 0.000000 
50.000000 39.960664 30.556233 22.301372 15.508155 10.262787 6.458691 3.864382 2.198405 1.189562 0.612597 0.300471 0.140494 0.062686 0.026718 0.010890 0.004250 0.001590 0.000572 0.000198 0.000067 0.000023 0.000008 0.000004 0.000002 0.000002 0.000002 0.000002 0.000002 0.000002 0.000002 0.000002 0.000002 0.000002 0.000002 0.000002 0.000002 0.000002 0.000002 0.000002 0.000002 0.000002 0.000002 0.000002 0.000002 0.000001 0.000001 0.000001 0.000000 0.000000 
50.000000 39.960664 30.556232 22.301371 15.508154 10.262786 6.458690 3.864381 2.198404 1.189561 0.612596 0.300470 0.140493 0.062685 0.026717 0.010889 0.004249 0.001589 0.000570 0.000197 0.000066 0.000021 0.000007 0.000003 0.000001 0.000001 0.000001 0.000001 0.000001 0.000001 0.000001 0.000001 0.000001 0.000001 0.000001 0.000001 0.000001 0.000001 0.000001 0.000001 0.000001 0.000001 0.000001 0.000001 0.000001 0.000000 0.000000 0.000000 0.000000 0.000000 
50.000000 39.960664 30.556232 22.301371 15.508154 10.262786 6.458690 3.864381 2.198404 1.189561 0.612596 0.300470 0.140493 0.062685 0.026717 0.010889 0.004249 0.001589 0.000570 0.000197 0.000066 0.000021 0.000007 0.000003 0.000001 0.000001 0.000001 0.000001 0.000001 0.000001 0.000001 0.000001 0.000001 0.000001 0.000001 0.000001 0.000001 0.000001 0.000001 0.000001 0.000001 0.000001 0.000001 0.000001 0.000001 0.000000 0.000000 0.000000 0.000000 0.000000 
50.000000 39.960664 30.556233 22.301372 15.508155 10.262787 6.458691 3.864382 2.198405 1.189562 0.612597 0.300471 0.140494 0.062686 0.026718 0.010890 0.004250 0.001590 0.000572 0.000198 0.000067 0.000023 0.000008 0.000004 0.000002 0.000002 0.000002 0.000002 0.000002 0.000002 0.000002 0.000002 0.000002 0.000002 0.000002 0.000002 0.000002 0.000002 0.000002 0.000002 0.000002 0.000002 0.000002 0.000002 0.000002 0.000001 0.000001 0.000001 0.000000 0.000000 
50.000000 39.960665 30.556234 22.301374 15.508158 10.262790 6.458695 3.864386 2.198409 1.189566 0.612601 0.300476 0.140499 0.062691 0.026722 0.010895 0.004254 0.001595 0.000576 0.000203 0.000071 0.000027 0.000013 0.000008 0.000007 0.000007 0.000006 0.000006 0.000006 0.000006 0.000006 0.000006 0.000006 0.000006 0.000006 0.000006 0.000006 0.000006 0.000006 0.000006 0.000006 0.000006 0.000006 0.000006 0.000005 0.000005 0.000004 0.000003 0.000001 0.000000 
50.000000 39.960668 30.556240 22.301382 15.508168 10.262802 6.458707 3.864400 2.198423 1.189580 0.612615 0.300490 0.140513 0.062705 0.026737 0.010909 0.004269 0.001609 0.000591 0.000217 0.000086 0.000041 0.000027 0.000023 0.000021 0.000021 0.000021 0.000021 0.000021 0.000021 0.000021 0.000021 0.000021 0.000021 0.000021 0.000021 0.000021 0.000021 0.000021 0.000021 0.000020 0.000020 0.000019 0.000018 0.000017 0.000015 0.000012 0.000008 0.000004 0.000000 
50.000000 39.960677 30.556257 22.301407 15.508198 10.262837 6.458746 3.864440 2.198466 1.189623 0.612659 0.300534 0.140557 0.062749 0.026781 0.010953 0.004313 0.001653 0.000635 0.000261 0.000130 0.000086 0.000071 0.000067 0.000066 0.000065 0.000065 0.000065 0.000065 0.000065 0.000065 0.000065 0.000065 0.000065 0.000065 0.000065 0.000065 0.000065 0.000065 0.000064 0.000064 0.000063 0.000061 0.000058 0.000053 0.000047 0.000038 0.000027 0.000014 0.000000 
50.000000 39.960704 30.556309 22.301480 15.508289 10.262942 6.458860 3.864562 2.198591 1.189752 0.612789 0.300664 0.140688 0.062880 0.026912 0.011084 0.004444 0.001785 0.000766 0.000393 0.000261 0.000217 0.000203 0.000198 0.000197 0.000196 0.000196 0.000196 0.000196 0.000196 0.000196 0.000196 0.000196 0.000196 0.000196 0.000196 0.000196 0.000196 0.000196 0.000195 0.000193 0.000190 0.000184 0.000175 0.000161 0.000141 0.000114 0.000080 0.000042 0.000000 
50.000000 39.960779 30.556455 22.301688 15.508548 10.263240 6.459186 3.864907 2.198949 1.190117 0.613158 0.301036 0.141061 0.063253 0.027285 0.011458 0.004818 0.002158 0.001140 0.000766 0.000635 0.000591 0.000576 0.000572 0.000570 0.000570 0.000570 0.000570 0.000570 0.000570 0.000570 0.000570 0.000570 0.000570 0.000570 0.000570 0.000569 0.000569 0.000568 0.000565 0.000560 0.000551 0.000534 0.000508 0.000467 0.000409 0.000331 0.000234 0.000121 0.000000 
50.000000 39.960985 30.556852 22.302254 15.509253 10.264051 6.460075 3.865848 2.199924 1.191112 0.614165 0.302049 0.142077 0.064271 0.028304 0.012476 0.005836 0.003177 0.002158 0.001785 0.001653 0.001609 0.001595 0.001590 0.001589 0.001589 0.001588 0.001588 0.001588 0.001588 0.001588 0.001588 0.001588 0.001588 0.001588 0.001588 0.001587 0.001586 0.001582 0.001575 0.001561 0.001536 0.001491 0.001418 0.001306 0.001144 0.000927 0.000655 0.000340 0.000000 
50.000000 39.961521 30.557891 22.303733 15.511093 10.266170 6.462396 3.868306 2.202469 1.193709 0.616793 0.304693 0.144729 0.066927 0.030962 0.015135 0.008496 0.005836 0.004818 0.004444 0.004313 0.004269 0.004254 0.004250 0.004249 0.004248 0.004248 0.004248 0.004248 0.004248 0.004248 0.004248 0.004248 0.004248 0.004248 0.004247 0.004245 0.004241 0.004232 0.004214 0.004178 0.004110 0.003993 0.003799 0.003501 0.003070 0.002489 0.001761 0.000914 0.000000 
50.000000 39.962859 30.560482 22.307423 15.515686 10.271459 6.468188 3.874440 2.208822 1.200195 0.623353 0.311294 0.151351 0.073559 0.037599 0.021774 0.015135 0.012476 0.011458 0.011084 0.010953 0.010909 0.010895 0.010890 0.010889 0.010888 0.010888 0.010888 0.010888 0.010888 0.010888 0.010888 0.010888 0.010888 0.010887 0.010885 0.010881 0.010871 0.010849 0.010803 0.010712 0.010544 0.010247 0.009757 0.008998 0.007897 0.006410 0.004539 0.002358 0.000000 
50.000000 39.966048 30.566657 22.316216 15.526631 10.284063 6.481992 3.889060 2.223965 1.215654 0.638992 0.327029 0.167136 0.089368 0.053418 0.037599 0.030962 0.028304 0.027285 0.026912 0.026781 0.026737 0.026722 0.026718 0.026716 0.026716 0.026716 0.026716 0.026716 0.026716 0.026716 0.026716 0.026716 0.026715 0.026713 0.026709 0.026699 0.026675 0.026623 0.026514 0.026298 0.025894 0.025181 0.023996 0.022151 0.019464 0.015816 0.011212 0.005827 0.000000 
50.000000 39.973291 30.580683 22.336191 15.551496 10.312697 6.513354 3.922280 2.258374 1.250781 0.674528 0.362787 0.203006 0.125293 0.089368 0.073559 0.066927 0.064271 0.063253 0.062880 0.062749 0.062705 0.062691 0.062686 0.062685 0.062684 0.062684 0.062684 0.062684 0.062684 0.062684 0.062684 0.062684 0.062682 0.062679 0.062669 0.062646 0.062593 0.062476 0.062230 0.061741 0.060820 0.059185 0.056454 0.052176 0.045911 0.037359 0.026518 0.013794 0.000000 
50.000000 39.988954 30.611013 22.379386 15.605267 10.374624 6.581187 3.994132 2.332802 1.326765 0.751400 0.440137 0.280601 0.203006 0.167136 0.151351 0.144729 0.142077 0.141061 0.140688 0.140557 0.140513 0.140499 0.140494 0.140493 0.140493 0.140493 0.140493 0.140492 0.140492 0.140492 0.140492 0.140491 0.140488 0.140480 0.140461 0.140413 0.140300 0.140051 0.139525 0.138472 0.136479 0.132918 0.126930 0.117483 0.103551 0.084411 0.060011 0.031251 0.000000 
50.000000 40.021144 30.673349 22.468168 15.715793 10.501922 6.720631 4.141846 2.485816 1.482982 0.909445 0.599169 0.440137 0.362787 0.327029 0.311294 0.304693 0.302049 0.301036 0.300664 0.300534 0.300490 0.300476 0.300471 0.300470 0.300469 0.300469 0.300469 0.300469 0.300469 0.300469 0.300468 0.300466 0.300461 0.300445 0.300406 0.300310 0.300086 0.299584 0.298520 0.296378 0.292293 0.284939 0.272474 0.252645 0.223154 0.182310 0.129870 0.067726 0.000000 
50.000000 40.083926 30.794928 22.641333 15.931380 10.750234 6.992649 4.430010 2.784333 1.787757 1.217793 0.909445 0.751400 0.674528 0.638992 0.623353 0.616793 0.614165 0.613158 0.612789 0.612659 0.612615 0.612601 0.612597 0.612595 0.612595 0.612595 0.612595 0.612595 0.612595 0.612594 0.612593 0.612589 0.612579 0.612551 0.612478 0.612298 0.611875 0.610925 0.608896 0.604783 0.596878 0.582522 0.557957 0.518486 0.459169 0.376187 0.268677 0.140373 0.000000 
50.000000 40.199938 31.019594 22.961335 16.329794 11.209147 7.495399 4.962623 3.336100 2.351107 1.787757 1.482982 1.326765 1.250781 1.215654 1.200195 1.193709 1.191112 1.190117 1.189752 1.189623 1.189580 1.189566 1.189562 1.189560 1.189560 1.189560 1.189560 1.189560 1.189560 1.189559 1.189557 1.189550 1.189532 1.189483 1.189355 1.189040 1.188292 1.186604 1.182975 1.175554 1.161163 1.134764 1.089079 1.014773 0.901676 0.741429 0.531366 0.278320 0.000000 
50.000000 40.402723 31.412311 23.520718 17.026273 12.011424 8.374350 5.893820 4.300816 3.336100 2.784333 2.485816 2.332802 2.258374 2.223965 2.208822 2.202469 2.199924 2.198949 2.198591 2.198466 2.198423 2.198409 2.198405 2.198404 2.198404 2.198403 2.198403 2.198403 2.198403 2.198402 2.198398 2.198388 2.198358 2.198278 2.198071 2.197554 2.196323 2.193523 2.187455 2.174937 2.150408 2.104874 2.025021 1.893216 1.689397 1.395869 1.005088 0.528316 0.000000 
50.000000 40.737497 32.060653 24.444240 18.176178 13.336058 9.825636 7.431429 5.893820 4.962623 4.430010 4.141846 3.994132 3.922280 3.889060 3.874440 3.868306 3.865848 3.864907 3.864562 3.864440 3.864400 3.864386 3.864382 3.864381 3.864380 3.864380 3.864380 3.864380 3.864380 3.864378 3.864373 3.864357 3.864313 3.864193 3.863880 3.863095 3.861214 3.856907 3.847488 3.827860 3.788946 3.715715 3.585252 3.366029 3.020254 2.511702 1.820426 0.961843 0.000000 
50.000000 41.258677 33.070019 25.882056 19.966506 15.398501 12.085358 9.825636 8.374350 7.495399 6.992649 6.720631 6.581187 6.513354 6.481992 6.468188 6.462396 6.460075 6.459186 6.458860 6.458746 6.458707 6.458695 6.458691 6.458689 6.458689 6.458689 6.458689 6.458689 6.458688 6.458686 6.458678 6.458657 6.458596 6.458431 6.457996 6.456900 6.454257 6.448157 6.434692 6.406321 6.349329 6.240384 6.042679 5.703202 5.154311 4.324551 3.164096 1.685036 0.000000 
50.000000 42.022718 34.549753 27.989948 22.591270 18.422304 15.398501 13.336058 12.011424 11.209147 10.750234 10.501922 10.374624 10.312697 10.284063 10.271459 10.266170 10.264051 10.263240 10.262942 10.262837 10.262802 10.262790 10.262787 10.262786 10.262785 10.262785 10.262785 10.262785 10.262784 10.262781 10.262772 10.262746 10.262670 10.262461 10.261912 10.260520 10.257141 10.249276 10.231748 10.194374 10.118208 9.970029 9.695298 9.211152 8.403671 7.138174 5.296736 2.857067 0.000000 
50.000000 43.076024 36.589738 30.895981 26.209975 22.591270 19.966506 18.176178 17.026273 16.329794 15.931380 15.715793 15.605267 15.551496 15.526631 15.515686 15.511093 15.509253 15.508548 15.508289 15.508198 15.508168 15.508158 15.508154 15.508154 15.508153 15.508153 15.508153 15.508153 15.508152 15.508149 15.508139 15.508109 15.508024 15.507789 15.507167 15.505585 15.501716 15.492640 15.472211 15.428118 15.336876 15.155924 14.812195 14.187599 13.104988 11.325878 8.587858 4.735762 0.000000 
50.000000 44.439927 39.231299 34.659041 30.895981 27.989948 25.882056 24.444240 23.520718 22.961335 22.641333 22.468168 22.379386 22.336191 22.316216 22.307423 22.303733 22.302254 22.301688 22.301480 22.301407 22.301382 22.301374 22.301372 22.301371 22.301371 22.301371 22.301370 22.301370 22.301369 22.301366 22.301356 22.301327 22.301244 22.301014 22.300400 22.298832 22.294975 22.285858 22.265146 22.219906 22.124849 21.932539 21.557505 20.851774 19.570103 17.329521 13.594633 7.808720 0.000000 
50.000000 46.097085 42.440853 39.231299 36.589738 34.549753 33.070019 32.060653 31.412311 31.019594 30.794928 30.673349 30.611013 30.580683 30.566657 30.560482 30.557891 30.556852 30.556455 30.556309 30.556257 30.556240 30.556234 30.556233 30.556232 30.556232 30.556232 30.556232 30.556232 30.556231 30.556228 30.556220 30.556197 30.556130 30.555943 30.555445 30.554165 30.551002 30.543479 30.526251 30.488228 30.407223 30.240227 29.905924 29.253017 28.001880 25.636666 21.220427 13.197740 0.000000 
50.000000 47.984862 46.097085 44.439927 43.076024 42.022718 41.258677 40.737497 40.402723 40.199938 40.083926 40.021144 39.988954 39.973291 39.966048 39.962859 39.961521 39.960985 39.960779 39.960704 39.960677 39.960668 39.960665 39.960664 39.960664 39.960664 39.960664 39.960664 39.960664 39.960663 39.960662 39.960658 39.960644 39.960607 39.960502 39.960221 39.959497 39.957703 39.953419 39.943553 39.921618 39.874407 39.775654 39.573641 39.165651 38.340262 36.631207 32.899345 23.992431 0.000000 
50.000000 50.000000 50.000000 50.000000 50.000000 50.000000 50.000000 50.000000 50.000000 50.000000 50.000000 50.000000 50.000000 50.000000 50.000000 50.000000 50.000000 50.000000 50.000000 50.000000 50.000000 50.000000 50.000000 50.000000 50.000000 50.000000 50.000000 50.000000 50.000000 50.000000 50.000000 50.000000 50.000000 50.000000 50.000000 50.000000 50.000000 50.000000 50.000000 50.000000 50.000000 50.000000 50.000000 50.000000 50.000000 50.000000 50.000000 50.000000 50.000000 50.000000 
