50.000000 50.000000 50.000000 50.000000 50.000000 50.000000 50.000000 50.000000 50.000000 50.000000 50.000000 50.000000 50.000000 50.000000 50.000000 50.000000 50.000000 50.000000 50.000000 50.000000 50.000000 50.000000 50.000000 50.000000 50.000000 50.000000 50.000000 50.000000 50.000000 50.000000 50.000000 50.000000 50.000000 50.000000 50.000000 50.000000 50.000000 50.000000 50.000000 50.000000 50.000000 50.000000 50.000000 50.000000 50.000000 50.000000 50.000000 50.000000 50.000000 50.000000 
50.000000 48.888319 47.815430 46.816071 45.917568 45.137730 44.484222 43.955353 43.541920 43.229643 43.001666 42.840747 42.730887 42.658316 42.611913 42.583179 42.565942 42.555919 42.550268 42.547177 42.545536 42.544690 42.544266 42.544059 42.543961 42.543913 42.543887 42.543865 42.543832 42.543767 42.543630 42.543347 42.542774 42.541641 42.539450 42.535306 42.527639 42.513745 42.489048 42.445904 42.371629 42.245160 42.031065 41.668065 41.044966 39.944892 37.901142 33.780654 24.444159 0.000000 
50.000000 47.815430 45.707095 43.743253 41.977606 40.445149 39.160947 38.121673 37.309246 36.695598 36.247607 35.931394 35.715514 35.572909 35.481724 35.425262 35.391390 35.371696 35.360592 35.354518 35.351294 35.349631 35.348798 35.348392 35.348198 35.348105 35.348055 35.348013 35.347950 35.347827 35.347570 35.347040 35.345967 35.343848 35.339755 35.332033 35.317780 35.292031 35.246443 35.167214 35.031766 34.803350 34.422004 33.788733 32.736596 30.975929 27.990134 22.853547 14.034777 0.000000 
50.000000 46.816071 43.743253 40.881033 38.307679 36.074196 34.202539 32.687859 31.503799 30.609452 29.956543 29.495692 29.181068 28.973238 28.840348 28.758063 28.708700 28.679999 28.663817 28.654965 28.650266 28.647844 28.646630 28.646038 28.645756 28.645621 28.645549 28.645490 28.645404 28.645237 28.644890 28.644176 28.642733 28.639888 28.634410 28.624103 28.605154 28.571085 28.511130 28.407738 28.232770 27.941699 27.464732 26.693132 25.458386 23.502128 20.440517 15.753119 8.914929 0.000000 
50.000000 45.917568 41.977606 38.307679 35.008144 32.144400 29.744596 27.802511 26.284349 25.137656 24.300531 23.709657 23.306271 23.039810 22.869432 22.763935 22.700649 22.663853 22.643107 22.631759 22.625735 22.622629 22.621074 22.620315 22.619954 22.619781 22.619690 22.619619 22.619519 22.619326 22.618927 22.618106 22.616453 22.613202 22.606963 22.595274 22.573890 22.535674 22.468922 22.354890 22.164224 21.851943 21.350560 20.561143 19.342845 17.504072 14.805551 11.001677 5.972676 0.000000 
50.000000 45.137730 40.445149 36.074196 32.144400 28.733652 25.875477 23.562463 21.754352 20.388668 19.391681 18.687977 18.207569 17.890234 17.687329 17.561694 17.486328 17.442509 17.417804 17.404291 17.397117 17.393419 17.391567 17.390664 17.390234 17.390030 17.389924 17.389845 17.389739 17.389538 17.389124 17.388275 17.386572 17.383235 17.376854 17.364955 17.343311 17.304893 17.238349 17.125836 16.940103 16.640739 16.169720 15.446861 14.366826 12.801555 10.615810 7.708552 4.092764 0.000000 
50.000000 44.484222 39.160947 34.202539 29.744596 25.875477 22.633212 20.009385 17.958326 16.409154 15.278229 14.479996 13.935062 13.575108 13.344957 13.202452 13.116969 13.067268 13.039247 13.023921 13.015785 13.011591 13.009490 13.008466 13.007979 13.007749 13.007632 13.007549 13.007445 13.007251 13.006855 13.006046 13.004429 13.001272 12.995262 12.984112 12.963954 12.928434 12.867443 12.765401 12.599089 12.335162 11.927692 11.316606 10.428617 9.183453 7.509407 5.372214 2.816157 0.000000 
50.000000 43.955353 38.121673 32.687859 27.802511 23.562463 20.009385 17.134053 14.886410 13.188774 11.949480 11.074769 10.477632 10.083202 9.831010 9.674862 9.581195 9.526737 9.496035 9.479243 9.470328 9.465733 9.463432 9.462310 9.461777 9.461527 9.461402 9.461319 9.461221 9.461046 9.460692 9.459972 9.458537 9.455747 9.450460 9.440705 9.423178 9.392524 9.340343 9.253938 9.114824 8.897237 8.567027 8.081693 7.392743 6.451952 5.223127 3.699669 1.924287 0.000000 
50.000000 43.541920 37.309246 31.503799 26.284349 21.754352 17.958326 14.886410 12.485117 10.671448 9.347462 8.412985 7.775056 7.353687 7.084275 6.917466 6.817407 6.759234 6.726437 6.708500 6.698978 6.694070 6.691611 6.690414 6.689845 6.689579 6.689449 6.689368 6.689281 6.689131 6.688832 6.688228 6.687028 6.684704 6.680322 6.672280 6.657922 6.632992 6.590912 6.521913 6.412085 6.242559 5.989173 5.623164 5.113613 4.432407 3.562100 2.505895 1.296760 0.000000 
50.000000 43.229643 36.695598 30.609452 25.137656 20.388668 16.409154 13.188774 10.671448 8.770157 7.382220 6.402617 5.733890 5.292184 5.009773 4.834918 4.730034 4.669057 4.634680 4.615879 4.605898 4.600754 4.598177 4.596922 4.596327 4.596049 4.595916 4.595839 4.595764 4.595641 4.595402 4.594921 4.593969 4.592134 4.588691 4.582405 4.571251 4.552019 4.519816 4.467495 4.385078 4.259363 4.073951 3.810065 3.448564 2.973432 2.376683 1.663832 0.858013 0.000000 
50.000000 43.001666 36.247607 29.956543 24.300531 19.391681 15.278229 11.949480 9.347462 7.382220 5.947612 4.935078 4.243879 3.787334 3.495439 3.314715 3.206312 3.143289 3.107760 3.088329 3.078014 3.072698 3.070035 3.068739 3.068124 3.067838 3.067703 3.067630 3.067566 3.067470 3.067287 3.066922 3.066204 3.064824 3.062247 3.057567 3.049311 3.035170 3.011669 2.973806 2.914725 2.825549 2.695542 2.512828 2.265845 1.945642 1.548805 1.080393 0.555762 0.000000 
50.000000 42.840747 35.931394 29.495692 23.709657 18.687977 14.479996 11.074769 8.412985 6.402617 4.935078 3.899311 3.192258 2.725246 2.426662 2.241798 2.130914 2.066449 2.030107 2.010232 1.999682 1.994244 1.991520 1.990195 1.989566 1.989275 1.989139 1.989070 1.989016 1.988944 1.988810 1.988545 1.988026 1.987035 1.985192 1.981861 1.976018 1.966072 1.949656 1.923409 1.882800 1.822073 1.734426 1.612553 1.449628 1.240735 0.984561 0.684951 0.351699 0.000000 
50.000000 42.730887 35.715514 29.181068 23.306271 18.207569 13.935062 10.477632 7.775056 5.733890 4.243879 3.192258 2.474387 2.000234 1.697087 1.509400 1.396823 1.331375 1.294479 1.274301 1.263590 1.258070 1.255305 1.253959 1.253322 1.253027 1.252891 1.252825 1.252780 1.252726 1.252631 1.252447 1.252089 1.251407 1.250143 1.247871 1.243905 1.237193 1.226186 1.208709 1.181871 1.142064 1.085109 1.006628 0.902676 0.770597 0.609983 0.423483 0.217143 0.000000 
50.000000 42.658316 35.572909 28.973238 23.039810 17.890234 13.575108 10.083202 7.353687 5.292184 3.787334 2.725246 2.000234 1.521367 1.215209 1.025659 0.911965 0.845868 0.808607 0.788229 0.777412 0.771837 0.769045 0.767686 0.767043 0.766746 0.766610 0.766546 0.766507 0.766468 0.766404 0.766281 0.766043 0.765591 0.764760 0.763270 0.760684 0.756329 0.749227 0.738023 0.720933 0.695764 0.660023 0.611154 0.546923 0.465920 0.368084 0.255129 0.130678 0.000000 
50.000000 42.611913 35.481724 28.840348 22.869432 17.687329 13.344957 9.831010 7.084275 5.009773 3.495439 2.426662 1.697087 1.215209 0.907126 0.716386 0.601979 0.535468 0.497973 0.477468 0.466584 0.460974 0.458165 0.456797 0.456150 0.455851 0.455716 0.455654 0.455620 0.455591 0.455548 0.455469 0.455317 0.455030 0.454503 0.453563 0.451938 0.449216 0.444800 0.437872 0.427368 0.411995 0.390305 0.360844 0.322374 0.274158 0.216246 0.149691 0.076607 0.000000 
50.000000 42.583179 35.425262 28.758063 22.763935 17.561694 13.202452 9.674862 6.917466 4.834918 3.314715 2.241798 1.509400 1.025659 0.716386 0.524910 0.410061 0.343294 0.305656 0.285072 0.274146 0.268514 0.265694 0.264322 0.263672 0.263372 0.263237 0.263176 0.263146 0.263124 0.263096 0.263046 0.262953 0.262777 0.262455 0.261883 0.260899 0.259257 0.256606 0.252468 0.246228 0.237145 0.224402 0.207191 0.184840 0.156972 0.123653 0.085506 0.043729 0.000000 
50.000000 42.565942 35.391391 28.708700 22.700649 17.486328 13.116969 9.581195 6.817407 4.730034 3.206312 2.130914 1.396823 0.911965 0.601979 0.410062 0.294949 0.228028 0.190303 0.169672 0.158721 0.153077 0.150251 0.148875 0.148224 0.147924 0.147789 0.147729 0.147701 0.147683 0.147665 0.147635 0.147579 0.147475 0.147285 0.146949 0.146373 0.145417 0.143879 0.141488 0.137900 0.132704 0.125449 0.115698 0.103094 0.087447 0.068812 0.047543 0.024301 0.000000 
50.000000 42.555919 35.371696 28.679999 22.663853 17.442509 13.067268 9.526737 6.759234 4.669057 3.143290 2.066449 1.331375 0.845868 0.535468 0.343294 0.228028 0.161019 0.123244 0.102585 0.091620 0.085968 0.083138 0.081760 0.081108 0.080808 0.080673 0.080614 0.080587 0.080573 0.080560 0.080542 0.080510 0.080450 0.080342 0.080152 0.079826 0.079287 0.078423 0.077086 0.075088 0.072207 0.068201 0.062839 0.055937 0.047400 0.037266 0.025729 0.013145 0.000000 
50.000000 42.550268 35.360592 28.663817 22.643107 17.417805 13.039248 9.496036 6.726438 4.634681 3.107761 2.030108 1.294480 0.808608 0.497974 0.305657 0.190304 0.123244 0.085441 0.064767 0.053794 0.048138 0.045305 0.043927 0.043275 0.042974 0.042839 0.042780 0.042754 0.042742 0.042733 0.042722 0.042704 0.042671 0.042611 0.042507 0.042328 0.042034 0.041564 0.040840 0.039761 0.038211 0.036065 0.033202 0.029530 0.025002 0.019642 0.013553 0.006921 0.000000 
50.000000 42.547177 35.354519 28.654966 22.631761 17.404293 13.023923 9.479245 6.708502 4.615881 3.088331 2.010234 1.274304 0.788232 0.477471 0.285074 0.169675 0.102587 0.064769 0.044087 0.033108 0.027450 0.024617 0.023238 0.022585 0.022285 0.022150 0.022091 0.022065 0.022054 0.022047 0.022041 0.022031 0.022013 0.021981 0.021925 0.021831 0.021675 0.021427 0.021047 0.020482 0.019672 0.018555 0.017070 0.015171 0.012836 0.010077 0.006950 0.003548 0.000000 
50.000000 42.545537 35.351296 28.650269 22.625739 17.397122 13.015790 9.470334 6.698984 4.605904 3.078021 1.999688 1.263597 0.777419 0.466591 0.274152 0.158728 0.091626 0.053799 0.033113 0.022132 0.016473 0.013639 0.012259 0.011607 0.011306 0.011171 0.011113 0.011087 0.011076 0.011071 0.011067 0.011061 0.011052 0.011035 0.011007 0.010958 0.010878 0.010751 0.010557 0.010269 0.009859 0.009294 0.008545 0.007589 0.006417 0.005035 0.003471 0.001772 0.000000 
50.000000 42.544693 35.349636 28.647851 22.622639 17.393431 13.011604 9.465747 6.694085 4.600769 3.072714 1.994260 1.258087 0.771854 0.460991 0.268531 0.153094 0.085985 0.048154 0.027465 0.016483 0.010823 0.007989 0.006609 0.005956 0.005656 0.005521 0.005462 0.005437 0.005426 0.005422 0.005419 0.005416 0.005411 0.005402 0.005388 0.005364 0.005324 0.005261 0.005164 0.005022 0.004819 0.004540 0.004172 0.003703 0.003130 0.002455 0.001691 0.000863 0.000000 
50.000000 42.544273 35.348811 28.646649 22.621097 17.391595 13.009522 9.463467 6.691648 4.598216 3.070075 1.991561 1.255346 0.769087 0.458207 0.265736 0.150292 0.083180 0.045346 0.024656 0.013674 0.008014 0.005179 0.003800 0.003147 0.002846 0.002712 0.002653 0.002628 0.002617 0.002613 0.002610 0.002609 0.002606 0.002602 0.002595 0.002583 0.002563 0.002532 0.002485 0.002416 0.002317 0.002183 0.002005 0.001778 0.001502 0.001178 0.000811 0.000414 0.000000 
50.000000 42.544075 35.348423 28.646083 22.620373 17.390732 13.008543 9.462394 6.690503 4.597016 3.068834 1.990292 1.254058 0.767786 0.456898 0.264422 0.148976 0.081861 0.044027 0.023336 0.012354 0.006693 0.003858 0.002479 0.001826 0.001526 0.001391 0.001332 0.001307 0.001297 0.001292 0.001290 0.001289 0.001288 0.001286 0.001282 0.001276 0.001266 0.001251 0.001227 0.001192 0.001143 0.001076 0.000988 0.000876 0.000740 0.000580 0.000399 0.000204 0.000000 
50.000000 42.543998 35.348271 28.645861 22.620088 17.390394 13.008159 9.461974 6.690054 4.596545 3.068348 1.989795 1.253553 0.767276 0.456384 0.263907 0.148459 0.081344 0.043509 0.022818 0.011836 0.006175 0.003340 0.001961 0.001308 0.001007 0.000873 0.000814 0.000789 0.000779 0.000774 0.000772 0.000771 0.000770 0.000769 0.000767 0.000763 0.000757 0.000748 0.000734 0.000713 0.000683 0.000643 0.000590 0.000523 0.000441 0.000346 0.000238 0.000121 0.000000 
50.000000 42.543998 35.348271 28.645861 22.620088 17.390394 13.008159 9.461974 6.690054 4.596545 3.068348 1.989795 1.253553 0.767276 0.456384 0.263907 0.148459 0.081344 0.043509 0.022818 0.011836 0.006175 0.003340 0.001961 0.001308 0.001007 0.000873 0.000814 0.000789 0.000779 0.000774 0.000772 0.000771 0.000770 0.000769 0.000767 0.000763 0.000757 0.000748 0.000734 0.000713 0.000683 0.000643 0.000590 0.000523 0.000441 0.000346 0.000238 0.000121 0.000000 
50.000000 42.544075 35.348423 28.646083 22.620373 17.390732 13.008543 9.462394 6.690503 4.597016 3.068834 1.990292 1.254058 0.767786 0.456898 0.264422 0.148976 0.081861 0.044027 0.023336 0.012354 0.006693 0.003858 0.002479 0.001826 0.001526 0.001391 0.001332 0.001307 0.001297 0.001292 0.001290 0.001289 0.001288 0.001286 0.001282 0.001276 0.001266 0.001251 0.001227 0.001192 0.001143 0.001076 0.000988 0.000876 0.000740 0.000580 0.000399 0.000204 0.000000 
50.000000 42.544273 35.348811 28.646649 22.621097 17.391595 13.009522 9.463467 6.691648 4.598216 3.070075 1.991561 1.255346 0.769087 0.458207 0.265736 0.150292 0.083180 0.045346 0.024656 0.013674 0.008014 0.005179 0.003800 0.003147 0.002846 0.002712 0.002653 0.002628 0.002617 0.002613 0.002610 0.002609 0.002606 0.002602 0.002595 0.002583 0.002563 0.002532 0.002485 0.002416 0.002317 0.002183 0.002005 0.001778 0.001502 0.001178 0.000811 0.000414 0.000000 
50.000000 42.544693 35.349636 28.647851 22.622639 17.393431 13.011604 9.465747 6.694085 4.600769 3.072714 1.994260 1.258087 0.771854 0.460991 0.268531 0.153094 0.085985 0.048154 0.027465 0.016483 0.010823 0.007989 0.006609 0.005956 0.005656 0.005521 0.005462 0.005437 0.005426 0.005422 0.005419 0.005416 0.005411 0.005402 0.005388 0.005364 0.005324 0.005261 0.005164 0.005022 0.004819 0.004540 0.004172 0.003703 0.003130 0.002455 0.001691 0.000863 0.000000 
50.000000 42.545537 35.351296 28.650269 22.625739 17.397122 13.015790 9.470334 6.698984 4.605904 3.078021 1.999688 1.263597 0.777419 0.466591 0.274152 0.158728 0.091626 0.053799 0.033113 0.022132 0.016473 0.013639 0.012259 0.011607 0.011306 0.011171 0.011113 0.011087 0.011076 0.011071 0.011067 0.011061 0.011052 0.011035 0.011007 0.010958 0.010878 0.010751 0.010557 0.010269 0.009859 0.009294 0.008545 0.007589 0.006417 0.005035 0.003471 0.001772 0.000000 
50.000000 42.547177 35.354519 28.654966 22.631761 17.404293 13.023923 9.479245 6.708502 4.615881 3.088331 2.010234 1.274304 0.788232 0.477471 0.285074 0.169675 0.102587 0.064769 0.044087 0.033108 0.027450 0.024617 0.023238 0.022585 0.022285 0.022150 0.022091 0.022065 0.022054 0.022047 0.022041 0.022031 0.022013 0.021981 0.021925 0.021831 0.021675 0.021427 0.021047 0.020482 0.019672 0.018555 0.017070 0.015171 0.012836 0.010077 0.006950 0.003548 0.000000 
50.000000 42.550268 35.360592 28.663817 22.643107 17.417805 13.039248 9.496036 6.726438 4.634681 3.107761 2.030108 1.294480 0.808608 0.497974 0.305657 0.190304 0.123244 0.085441 0.064767 0.053794 0.048138 0.045305 0.043927 0.043275 0.042974 0.042839 0.042780 0.042754 0.042742 0.042733 0.042722 0.042704 0.042671 0.042611 0.042507 0.042328 0.042034 0.041564 0.040840 0.039761 0.038211 0.036065 0.033202 0.029530 0.025002 0.019642 0.013553 0.006921 0.000000 
50.000000 42.555919 35.371696 28.679999 22.663853 17.442509 13.067268 9.526737 6.759234 4.669057 3.143290 2.066449 1.331375 0.845868 0.535468 0.343294 0.228028 0.161019 0.123244 0.102585 0.091620 0.085968 0.083138 0.081760 0.081108 0.080808 0.080673 0.080614 0.080587 0.080573 0.080560 0.080542 0.080510 0.080450 0.080342 0.080152 0.079826 0.079287 0.078423 0.077086 0.075088 0.072207 0.068201 0.062839 0.055937 0.047400 0.037266 0.025729 0.013145 0.000000 
50.000000 42.565942 35.391391 28.708700 22.700649 17.486328 13.116969 9.581195 6.817407 4.730034 3.206312 2.130914 1.396823 0.911965 0.601979 0.410062 0.294949 0.228028 0.190303 0.169672 0.158721 0.153077 0.150251 0.148875 0.148224 0.147924 0.147789 0.147729 0.147701 0.147683 0.147665 0.147635 0.147579 0.147475 0.147285 0.146949 0.146373 0.145417 0.143879 0.141488 0.137900 0.132704 0.125449 0.115698 0.103094 0.087447 0.068812 0.047543 0.024301 0.000000 
50.000000 42.583179 35.425262 28.758063 22.763935 17.561694 13.202452 9.674862 6.917466 4.834918 3.314715 2.241798 1.509400 1.025659 0.716386 0.524910 0.410061 0.343294 0.305656 0.285072 0.274146 0.268514 0.265694 0.264322 0.263672 0.263372 0.263237 0.263176 0.263146 0.263124 0.263096 0.263046 0.262953 0.262777 0.262455 0.261883 0.260899 0.259257 0.256606 0.252468 0.246228 0.237145 0.224402 0.207191 0.184840 0.156972 0.123653 0.085506 0.043729 0.000000 
50.000000 42.611913 35.481724 28.840348 22.869432 17.687329 13.344957 9.831010 7.084275 5.009773 3.495439 2.426662 1.697087 1.215209 0.907126 0.716386 0.601979 0.535468 0.497973 0.477468 0.466584 0.460974 0.458165 0.456797 0.456150 0.455851 0.455716 0.455654 0.455620 0.455591 0.455548 0.455469 0.455317 0.455030 0.454503 0.453563 0.451938 0.449216 0.444800 0.437872 0.427368 0.411995 0.390305 0.360844 0.322374 0.274158 0.216246 0.149691 0.076607 0.000000 
50.000000 42.658316 35.572909 28.973238 23.039810 17.890234 13.575108 10.083202 7.353687 5.292184 3.787334 2.725246 2.000234 1.521367 1.215209 1.025659 0.911965 0.845868 0.808607 0.788229 0.777412 0.771837 0.769045 0.767686 0.767043 0.766746 0.766610 0.766546 0.766507 0.766468 0.766404 0.766281 0.766043 0.765591 0.764760 0.763270 0.760684 0.756329 0.749227 0.738023 0.720933 0.695764 0.660023 0.611154 0.546923 0.465920 0.368084 0.255129 0.130678 0.000000 
50.000000 42.730887 35.715514 29.181068 23.306271 18.207569 13.935062 10.477632 7.775056 5.733890 4.243879 3.192258 2.474387 2.000234 1.697087 1.509400 1.396823 1.331375 1.294479 1.274301 1.263590 1.258070 1.255305 1.253959 1.253322 1.253027 1.252891 1.252825 1.252780 1.252726 1.252631 1.252447 1.252089 1.251407 1.250143 1.247871 1.243905 1.237193 1.226186 1.208709 1.181871 1.142064 1.085109 1.006628 0.902676 0.770597 0.609983 0.423483 0.217143 0.000000 
50.000000 42.840747 35.931394 29.495692 23.709657 18.687977 14.479996 11.074769 8.412985 6.402617 4.935078 3.899311 3.192258 2.725246 2.426662 2.241798 2.130914 2.066449 2.030107 2.010232 1.999682 1.994244 1.991520 1.990195 1.989566 1.989275 1.989139 1.989070 1.989016 1.988944 1.988810 1.988545 1.988026 1.987035 1.985192 1.981861 1.976018 1.966072 1.949656 1.923409 1.882800 1.822073 1.734426 1.612553 1.449628 1.240735 0.984561 0.684951 0.351699 0.000000 
50.000000 43.001666 36.247607 29.956543 24.300531 19.391681 15.278229 11.949480 9.347462 7.382220 5.947612 4.935078 4.243879 3.787334 3.495439 3.314715 3.206312 3.143289 3.107760 3.088329 3.078014 3.072698 3.070035 3.068739 3.068124 3.067838 3.067703 3.067630 3.067566 3.067470 3.067287 3.066922 3.066204 3.064824 3.062247 3.057567 3.049311 3.035170 3.011669 2.973806 2.914725 2.825549 2.695542 2.512828 2.265845 1.945642 1.548805 1.080393 0.555762 0.000000 
50.000000 43.229643 36.695598 30.609452 25.137656 20.388668 16.409154 13.188774 10.671448 8.770157 7.382220 6.402617 5.733890 5.292184 5.009773 4.834918 4.730034 4.669057 4.634680 4.615879 4.605898 4.600754 4.598177 4.596922 4.596327 4.596049 4.595916 4.595839 4.595764 4.595641 4.595402 4.594921 4.593969 4.592134 4.588691 4.582405 4.571251 4.552019 4.519816 4.467495 4.385078 4.259363 4.073951 3.810065 3.448564 2.973432 2.376683 1.663832 0.858013 0.000000 
50.000000 43.541920 37.309246 31.503799 26.284349 21.754352 17.958326 14.886410 12.485117 10.671448 9.347462 8.412985 7.775056 7.353687 7.084275 6.917466 6.817407 6.759234 6.726437 6.708500 6.698978 6.694070 6.691611 6.690414 6.689845 6.689579 6.689449 6.689368 6.689281 6.689131 6.688832 6.688228 6.687028 6.684704 6.680322 6.672280 6.657922 6.632992 6.590912 6.521913 6.412085 6.242559 5.989173 5.623164 5.113613 4.432407 3.562100 2.505895 1.296760 0.000000 
50.000000 43.955353 38.121673 32.687859 27.802511 23.562463 20.009385 17.134053 14.886410 13.188774 11.949480 11.074769 10.477632 10.083202 9.831010 9.674862 9.581195 9.526737 9.496035 9.479243 9.470328 9.465733 9.463432 9.462310 9.461777 9.461527 9.461402 9.461319 9.461221 9.461046 9.460692 9.459972 9.458537 9.455747 9.450460 9.440705 9.423178 9.392524 9.340343 9.253938 9.114824 8.897237 8.567027 8.081693 7.392743 6.451952 5.223127 3.699669 1.924287 0.000000 
50.000000 44.484222 39.160947 34.202539 29.744596 25.875477 22.633212 20.009385 17.958326 16.409154 15.278229 14.479996 13.935062 13.575108 13.344957 13.202452 13.116969 13.067268 13.039247 13.023921 13.015785 13.011591 13.009490 13.008466 13.007979 13.007749 13.007632 13.007549 13.007445 13.007251 13.006855 13.006046 13.004429 13.001272 12.995262 12.984112 12.963954 12.928434 12.867443 12.765401 12.599089 12.335162 11.927692 11.316606 10.428617 9.183453 7.509407 5.372214 2.816157 0.000000 
50.000000 45.137730 40.445149 36.074196 32.144400 28.733652 25.875477 23.562463 21.754352 20.388668 19.391681 18.687977 18.207569 17.890234 17.687329 17.561694 17.486328 17.442509 17.417804 17.404291 17.397117 17.393419 17.391567 17.390664 17.390234 17.390030 17.389924 17.389845 17.389739 17.389538 17.389124 17.388275 17.386572 17.383235 17.376854 17.364955 17.343311 17.304893 17.238349 17.125836 16.940103 16.640739 16.169720 15.446861 14.366826 12.801555 10.615810 7.708552 4.092764 0.000000 
50.000000 45.917568 41.977606 38.307679 35.008144 32.144400 29.744596 27.802511 26.284349 25.137656 24.300531 23.709657 23.306271 23.039810 22.869432 22.763935 22.700649 22.663853 22.643107 22.631759 22.625735 22.622629 22.621074 22.620315 22.619954 22.619781 22.619690 22.619619 22.619519 22.619326 22.618927 22.618106 22.616453 22.613202 22.606963 22.595274 22.573890 22.535674 22.468922 22.354890 22.164224 21.851943 21.350560 20.561143 19.342845 17.504072 14.805551 11.001677 5.972676 0.000000 
50.000000 46.816071 43.743253 40.881033 38.307679 36.074196 34.202539 32.687859 31.503799 30.609452 29.956543 29.495692 29.181068 28.973238 28.840348 28.758063 28.708700 28.679999 28.663817 28.654965 28.650266 28.647844 28.646630 28.646038 28.645756 28.645621 28.645549 28.645490 28.645404 28.645237 28.644890 28.644176 28.642733 28.639888 28.634410 28.624103 28.605154 28.571085 28.511130 28.407738 28.232770 27.941699 27.464732 26.693132 25.458386 23.502128 20.440517 15.753119 8.914929 0.000000 
50.000000 47.815430 45.707095 43.743253 41.977606 40.445149 39.160947 38.121673 37.309246 36.695598 36.247607 35.931394 35.715514 35.572909 35.481724 35.425262 35.391390 35.371696 35.360592 35.354518 35.351294 35.349631 35.348798 35.348392 35.348198 35.348105 35.348055 35.348013 35.347950 35.347827 35.347570 35.347040 35.345967 35.343848 35.339755 35.332033 35.317780 35.292031 35.246443 35.167214 35.031766 34.803350 34.422004 33.788733 32.736596 30.975929 27.990134 22.853547 14.034777 0.000000 
50.000000 48.888319 47.815430 46.816071 45.917568 45.137730 44.484222 43.955353 43.541920 43.229643 43.001666 42.840747 42.730887 42.658316 42.611913 42.583179 42.565942 42.555919 42.550268 42.547177 42.545536 42.544690 42.544266 42.544059 42.543961 42.543913 42.543887 42.543865 42.543832 42.543767 42.543630 42.543347 42.542774 42.541641 42.539450 42.535306 42.527639 42.513745 42.489048 42.445904 42.371629 42.245160 42.031065 41.668065 41.044966 39.944892 37.901142 33.780654 24.444159 0.000000 
50.000000 50.000000 50.000000 50.000000 50.000000 50.000000 50.000000 50.000000 50.000000 50.000000 50.000000 50.000000 50.000000 50.000000 50.000000 50.000000 50.000000 50.000000 50.000000 50.000000 50.000000 50.000000 50.000000 50.000000 50.000000 50.000000 50.000000 50.000000 50.000000 50.000000 50.000000 50.000000 50.000000 50.000000 50.000000 50.000000 50.000000 50.000000 50.000000 50.000000 50.000000 50.000000 50.000000 50.000000 50.000000 50.000000 50.000000 50.000000 50.000000 50.000000 
