50.000000 50.000000 50.000000 50.000000 50.000000 50.000000 50.000000 50.000000 50.000000 50.000000 50.000000 50.000000 50.000000 50.000000 50.000000 50.000000 50.000000 50.000000 50.000000 50.000000 50.000000 50.000000 50.000000 50.000000 50.000000 50.000000 50.000000 50.000000 50.000000 50.000000 50.000000 50.000000 50.000000 50.000000 50.000000 50.000000 50.000000 50.000000 50.000000 50.000000 50.000000 50.000000 50.000000 50.000000 50.000000 50.000000 50.000000 50.000000 50.000000 50.000000 
50.000000 48.221256 46.541768 45.044203 43.782662 42.778136 42.021533 41.482040 41.117516 40.883878 40.741669 40.659373 40.614038 40.590237 40.578312 40.572604 40.569991 40.568845 40.568363 40.568168 40.568093 40.568064 40.568054 40.568051 40.568050 40.568049 40.568049 40.568049 40.568048 40.568047 40.568043 40.568030 40.567997 40.567908 40.567683 40.567130 40.565816 40.562799 40.556105 40.541716 40.511716 40.450862 40.330240 40.095064 39.639556 38.749909 36.958935 33.128710 24.110628 0.000000 
50.000000 46.541768 43.276517 40.364970 37.912310 35.959348 34.488402 33.439561 32.730889 32.276678 32.000218 31.840233 31.752104 31.705835 31.682655 31.671559 31.666479 31.664251 31.663314 31.662936 31.662789 31.662735 31.662715 31.662708 31.662706 31.662705 31.662705 31.662704 31.662704 31.662701 31.662693 31.662671 31.662610 31.662450 31.662045 31.661050 31.658694 31.653305 31.641391 31.615923 31.563208 31.457348 31.250514 30.855798 30.116326 28.748130 26.233686 21.638258 13.413058 0.000000 
50.000000 45.044203 40.364970 36.192633 32.677925 29.879326 27.771486 26.268540 25.253062 24.602222 24.206090 23.976859 23.850588 23.784297 23.751086 23.735190 23.727912 23.724720 23.723378 23.722837 23.722626 23.722548 23.722520 23.722510 23.722507 23.722506 23.722505 23.722505 23.722504 23.722500 23.722490 23.722462 23.722385 23.722183 23.721672 23.720421 23.717471 23.710754 23.695997 23.664701 23.600590 23.473608 23.230129 22.777501 21.960587 20.528567 18.096317 14.131284 8.085268 0.000000 
50.000000 43.782662 37.912310 32.677925 28.268613 24.757733 22.113465 20.228072 18.954220 18.137805 17.640912 17.353381 17.195002 17.111856 17.070204 17.050268 17.041140 17.037138 17.035455 17.034776 17.034513 17.034414 17.034379 17.034367 17.034363 17.034361 17.034361 17.034360 17.034359 17.034355 17.034345 17.034315 17.034234 17.034021 17.033485 17.032179 17.029111 17.022171 17.007037 16.975241 16.910881 16.785352 16.549447 16.122384 15.378383 14.134307 12.149358 9.164180 5.032753 0.000000 
50.000000 42.778136 35.959348 29.879326 24.757733 20.679768 17.608455 15.418623 13.939119 12.990929 12.413853 12.079935 11.896012 11.799461 11.751094 11.727946 11.717348 11.712702 11.710748 11.709960 11.709654 11.709540 11.709499 11.709485 11.709480 11.709478 11.709478 11.709477 11.709476 11.709472 11.709462 11.709435 11.709359 11.709163 11.708668 11.707469 11.704671 11.698379 11.684771 11.656467 11.599881 11.491213 11.290941 10.937216 10.339884 9.379349 7.918739 5.843022 3.138580 0.000000 
50.000000 42.021533 34.488402 27.771486 22.113465 17.608455 14.215579 11.796533 10.162209 9.114830 8.477407 8.108584 7.905443 7.798807 7.745392 7.719828 7.708125 7.702994 7.700836 7.699966 7.699628 7.699502 7.699457 7.699441 7.699436 7.699434 7.699434 7.699433 7.699432 7.699429 7.699421 7.699398 7.699334 7.699170 7.698759 7.697767 7.695464 7.690323 7.679297 7.656589 7.611739 7.526870 7.373246 7.107790 6.671239 5.991081 4.993985 3.632604 1.926469 0.000000 
50.000000 41.482040 33.439561 26.268540 20.228072 15.418623 11.796533 9.214118 7.469465 6.351412 5.670999 5.277315 5.060488 4.946672 4.889663 4.862380 4.849891 4.844415 4.842113 4.841184 4.840824 4.840690 4.840641 4.840625 4.840619 4.840617 4.840617 4.840616 4.840615 4.840613 4.840607 4.840589 4.840540 4.840415 4.840101 4.839350 4.837615 4.833768 4.825584 4.808892 4.776296 4.715447 4.607059 4.423287 4.127682 3.678625 3.038411 2.189047 1.151800 0.000000 
50.000000 41.117516 32.730889 25.253062 18.954220 13.939119 10.162209 7.469465 5.650316 4.484550 3.775120 3.364658 3.138598 3.019940 2.960507 2.932066 2.919046 2.913338 2.910939 2.909971 2.909595 2.909455 2.909405 2.909388 2.909382 2.909380 2.909379 2.909379 2.909378 2.909377 2.909372 2.909359 2.909325 2.909236 2.909015 2.908488 2.907279 2.904616 2.898993 2.887627 2.865663 2.825158 2.754018 2.635339 2.447906 2.168868 1.779453 1.273541 0.666654 0.000000 
50.000000 40.883878 32.276678 24.602222 18.137805 12.990929 9.114830 6.351412 4.484550 3.288232 2.560226 2.139026 1.907058 1.785302 1.724319 1.695137 1.681779 1.675923 1.673461 1.672468 1.672083 1.671939 1.671888 1.671870 1.671864 1.671862 1.671861 1.671861 1.671860 1.671859 1.671856 1.671848 1.671825 1.671766 1.671622 1.671278 1.670492 1.668773 1.665170 1.657945 1.644116 1.618887 1.575115 1.503091 1.391048 1.226924 1.001632 0.713470 0.372162 0.000000 
50.000000 40.741669 32.000218 24.206090 17.640912 12.413853 8.477407 5.670999 3.775120 2.560226 1.820927 1.393202 1.157644 1.034007 0.972083 0.942451 0.928887 0.922941 0.920442 0.919434 0.919043 0.918897 0.918844 0.918826 0.918820 0.918818 0.918817 0.918817 0.918817 0.918816 0.918814 0.918809 0.918795 0.918759 0.918670 0.918459 0.917981 0.916941 0.914774 0.910463 0.902280 0.887492 0.862107 0.820818 0.757385 0.665670 0.541390 0.384295 0.199953 0.000000 
50.000000 40.659373 31.840233 23.976859 17.353381 12.079935 8.108584 5.277315 3.364658 2.139026 1.393202 0.961707 0.724076 0.599353 0.536885 0.506994 0.493312 0.487314 0.484793 0.483776 0.483381 0.483234 0.483181 0.483163 0.483157 0.483155 0.483154 0.483154 0.483154 0.483154 0.483152 0.483149 0.483141 0.483120 0.483069 0.482948 0.482674 0.482081 0.480853 0.478427 0.473857 0.465665 0.451730 0.429287 0.395164 0.346344 0.280863 0.198842 0.103268 0.000000 
50.000000 40.614038 31.752104 23.850588 17.195002 11.896012 7.905443 5.060488 3.138598 1.907058 1.157644 0.724076 0.485306 0.359986 0.297220 0.267187 0.253439 0.247413 0.244880 0.243858 0.243462 0.243314 0.243261 0.243242 0.243236 0.243234 0.243234 0.243233 0.243233 0.243233 0.243232 0.243231 0.243226 0.243215 0.243187 0.243121 0.242973 0.242653 0.241995 0.240703 0.238285 0.233982 0.226719 0.215119 0.197633 0.172831 0.139835 0.098799 0.051239 0.000000 
50.000000 40.590237 31.705835 23.784297 17.111856 11.799461 7.798807 4.946672 3.019940 1.785302 1.034007 0.599353 0.359986 0.234353 0.171431 0.141323 0.127542 0.121500 0.118961 0.117937 0.117539 0.117391 0.117338 0.117320 0.117313 0.117311 0.117311 0.117311 0.117310 0.117310 0.117310 0.117309 0.117307 0.117301 0.117286 0.117252 0.117176 0.117013 0.116679 0.116026 0.114810 0.112661 0.109058 0.103343 0.094790 0.082745 0.066826 0.047141 0.024421 0.000000 
50.000000 40.578312 31.682655 23.751086 17.070204 11.751094 7.745392 4.889663 2.960507 1.724319 0.972083 0.536885 0.297220 0.171431 0.108432 0.078286 0.064488 0.058439 0.055897 0.054871 0.054473 0.054325 0.054272 0.054253 0.054247 0.054245 0.054245 0.054244 0.054244 0.054244 0.054244 0.054244 0.054242 0.054240 0.054232 0.054216 0.054179 0.054100 0.053938 0.053624 0.053042 0.052019 0.050313 0.047624 0.043625 0.038025 0.030665 0.021604 0.011183 0.000000 
50.000000 40.572604 31.671559 23.735190 17.050268 11.727946 7.719828 4.862380 2.932066 1.695137 0.942451 0.506994 0.267187 0.141323 0.078286 0.048123 0.034317 0.028265 0.025721 0.024694 0.024296 0.024148 0.024095 0.024076 0.024070 0.024068 0.024067 0.024067 0.024067 0.024067 0.024067 0.024067 0.024066 0.024065 0.024062 0.024054 0.024037 0.024000 0.023926 0.023781 0.023515 0.023050 0.022279 0.021069 0.019278 0.016783 0.013518 0.009514 0.004921 0.000000 
50.000000 40.569991 31.666479 23.727912 17.041140 11.717348 7.708125 4.849891 2.919046 1.681779 0.928887 0.493312 0.253439 0.127542 0.064488 0.034317 0.020507 0.014453 0.011909 0.010882 0.010484 0.010335 0.010282 0.010263 0.010257 0.010255 0.010255 0.010255 0.010254 0.010254 0.010254 0.010254 0.010254 0.010253 0.010252 0.010249 0.010241 0.010225 0.010192 0.010129 0.010013 0.009810 0.009476 0.008955 0.008186 0.007119 0.005729 0.004029 0.002083 0.000000 
50.000000 40.568845 31.664251 23.724720 17.037138 11.712702 7.702994 4.844415 2.913338 1.675923 0.922941 0.487314 0.247413 0.121500 0.058439 0.028265 0.014453 0.008399 0.005854 0.004827 0.004429 0.004280 0.004227 0.004208 0.004202 0.004200 0.004200 0.004200 0.004199 0.004199 0.004199 0.004199 0.004199 0.004199 0.004198 0.004197 0.004194 0.004187 0.004173 0.004147 0.004098 0.004014 0.003875 0.003659 0.003342 0.002904 0.002335 0.001641 0.000848 0.000000 
50.000000 40.568363 31.663314 23.723378 17.035455 11.710748 7.700836 4.842113 2.910939 1.673461 0.920442 0.484793 0.244880 0.118961 0.055897 0.025721 0.011909 0.005854 0.003309 0.002282 0.001884 0.001735 0.001682 0.001663 0.001657 0.001655 0.001655 0.001654 0.001654 0.001654 0.001654 0.001654 0.001654 0.001654 0.001654 0.001653 0.001652 0.001649 0.001644 0.001633 0.001614 0.001580 0.001525 0.001439 0.001313 0.001141 0.000916 0.000644 0.000332 0.000000 
50.000000 40.568168 31.662936 23.722837 17.034776 11.709960 7.699966 4.841184 2.909971 1.672468 0.919434 0.483776 0.243858 0.117937 0.054871 0.024694 0.010882 0.004827 0.002282 0.001255 0.000857 0.000708 0.000655 0.000637 0.000630 0.000628 0.000628 0.000628 0.000628 0.000628 0.000628 0.000628 0.000628 0.000627 0.000627 0.000627 0.000627 0.000626 0.000623 0.000619 0.000612 0.000599 0.000578 0.000545 0.000497 0.000431 0.000346 0.000243 0.000126 0.000000 
50.000000 40.568093 31.662789 23.722626 17.034513 11.709654 7.699628 4.840824 2.909595 1.672083 0.919043 0.483381 0.243462 0.117539 0.054473 0.024296 0.010484 0.004429 0.001884 0.000857 0.000459 0.000310 0.000257 0.000238 0.000232 0.000230 0.000230 0.000229 0.000229 0.000229 0.000229 0.000229 0.000229 0.000229 0.000229 0.000229 0.000229 0.000229 0.000228 0.000226 0.000224 0.000219 0.000211 0.000199 0.000181 0.000157 0.000126 0.000089 0.000046 0.000000 
50.000000 40.568064 31.662735 23.722548 17.034414 11.709540 7.699502 4.840690 2.909455 1.671939 0.918897 0.483234 0.243314 0.117391 0.054325 0.024148 0.010335 0.004280 0.001735 0.000708 0.000310 0.000162 0.000108 0.000090 0.000084 0.000082 0.000081 0.000081 0.000081 0.000081 0.000081 0.000081 0.000081 0.000081 0.000081 0.000081 0.000081 0.000081 0.000080 0.000080 0.000079 0.000077 0.000074 0.000070 0.000064 0.000055 0.000044 0.000031 0.000016 0.000000 
50.000000 40.568054 31.662715 23.722520 17.034379 11.709499 7.699457 4.840641 2.909405 1.671888 0.918844 0.483181 0.243261 0.117338 0.054272 0.024095 0.010282 0.004227 0.001682 0.000655 0.000257 0.000108 0.000055 0.000037 0.000030 0.000028 0.000028 0.000028 0.000028 0.000028 0.000028 0.000028 0.000028 0.000028 0.000028 0.000028 0.000028 0.000028 0.000027 0.000027 0.000027 0.000026 0.000025 0.000024 0.000022 0.000019 0.000015 0.000011 0.000005 0.000000 
50.000000 40.568051 31.662708 23.722510 17.034367 11.709485 7.699442 4.840625 2.909388 1.671870 0.918826 0.483163 0.243243 0.117320 0.054254 0.024076 0.010264 0.004209 0.001664 0.000637 0.000239 0.000090 0.000037 0.000018 0.000012 0.000010 0.000010 0.000009 0.000009 0.000009 0.000009 0.000009 0.000009 0.000009 0.000009 0.000009 0.000009 0.000009 0.000009 0.000009 0.000009 0.000009 0.000009 0.000008 0.000007 0.000006 0.000005 0.000004 0.000002 0.000000 
50.000000 40.568050 31.662706 23.722507 17.034363 11.709480 7.699437 4.840620 2.909383 1.671865 0.918821 0.483158 0.243237 0.117314 0.054248 0.024071 0.010258 0.004203 0.001658 0.000631 0.000233 0.000085 0.000031 0.000013 0.000007 0.000005 0.000004 0.000004 0.000004 0.000004 0.000004 0.000004 0.000004 0.000004 0.000004 0.000004 0.000004 0.000004 0.000004 0.000004 0.000004 0.000004 0.000003 0.000003 0.000003 0.000003 0.000002 0.000001 0.000001 0.000000 
50.000000 40.568050 31.662706 23.722507 17.034363 11.709480 7.699437 4.840620 2.909383 1.671865 0.918821 0.483158 0.243237 0.117314 0.054248 0.024071 0.010258 0.004203 0.001658 0.000631 0.000233 0.000085 0.000031 0.000013 0.000007 0.000005 0.000004 0.000004 0.000004 0.000004 0.000004 0.000004 0.000004 0.000004 0.000004 0.000004 0.000004 0.000004 0.000004 0.000004 0.000004 0.000004 0.000003 0.000003 0.000003 0.000003 0.000002 0.000001 0.000001 0.000000 
50.000000 40.568051 31.662708 23.722510 17.034367 11.709485 7.699442 4.840625 2.909388 1.671870 0.918826 0.483163 0.243243 0.117320 0.054254 0.024076 0.010264 0.004209 0.001664 0.000637 0.000239 0.000090 0.000037 0.000018 0.000012 0.000010 0.000010 0.000009 0.000009 0.000009 0.000009 0.000009 0.000009 0.000009 0.000009 0.000009 0.000009 0.000009 0.000009 0.000009 0.000009 0.000009 0.000009 0.000008 0.000007 0.000006 0.000005 0.000004 0.000002 0.000000 
50.000000 40.568054 31.662715 23.722520 17.034379 11.709499 7.699457 4.840641 2.909405 1.671888 0.918844 0.483181 0.243261 0.117338 0.054272 0.024095 0.010282 0.004227 0.001682 0.000655 0.000257 0.000108 0.000055 0.000037 0.000030 0.000028 0.000028 0.000028 0.000028 0.000028 0.000028 0.000028 0.000028 0.000028 0.000028 0.000028 0.000028 0.000028 0.000027 0.000027 0.000027 0.000026 0.000025 0.000024 0.000022 0.000019 0.000015 0.000011 0.000005 0.000000 
50.000000 40.568064 31.662735 23.722548 17.034414 11.709540 7.699502 4.840690 2.909455 1.671939 0.918897 0.483234 0.243314 0.117391 0.054325 0.024148 0.010335 0.004280 0.001735 0.000708 0.000310 0.000162 0.000108 0.000090 0.000084 0.000082 0.000081 0.000081 0.000081 0.000081 0.000081 0.000081 0.000081 0.000081 0.000081 0.000081 0.000081 0.000081 0.000080 0.000080 0.000079 0.000077 0.000074 0.000070 0.000064 0.000055 0.000044 0.000031 0.000016 0.000000 
50.000000 40.568093 31.662789 23.722626 17.034513 11.709654 7.699628 4.840824 2.909595 1.672083 0.919043 0.483381 0.243462 0.117539 0.054473 0.024296 0.010484 0.004429 0.001884 0.000857 0.000459 0.000310 0.000257 0.000238 0.000232 0.000230 0.000230 0.000229 0.000229 0.000229 0.000229 0.000229 0.000229 0.000229 0.000229 0.000229 0.000229 0.000229 0.000228 0.000226 0.000224 0.000219 0.000211 0.000199 0.000181 0.000157 0.000126 0.000089 0.000046 0.000000 
50.000000 40.568168 31.662936 23.722837 17.034776 11.709960 7.699966 4.841184 2.909971 1.672468 0.919434 0.483776 0.243858 0.117937 0.054871 0.024694 0.010882 0.004827 0.002282 0.001255 0.000857 0.000708 0.000655 0.000637 0.000630 0.000628 0.000628 0.000628 0.000628 0.000628 0.000628 0.000628 0.000628 0.000627 0.000627 0.000627 0.000627 0.000626 0.000623 0.000619 0.000612 0.000599 0.000578 0.000545 0.000497 0.000431 0.000346 0.000243 0.000126 0.000000 
50.000000 40.568363 31.663314 23.723378 17.035455 11.710748 7.700836 4.842113 2.910939 1.673461 0.920442 0.484793 0.244880 0.118961 0.055897 0.025721 0.011909 0.005854 0.003309 0.002282 0.001884 0.001735 0.001682 0.001663 0.001657 0.001655 0.001655 0.001654 0.001654 0.001654 0.001654 0.001654 0.001654 0.001654 0.001654 0.001653 0.001652 0.001649 0.001644 0.001633 0.001614 0.001580 0.001525 0.001439 0.001313 0.001141 0.000916 0.000644 0.000332 0.000000 
50.000000 40.568845 31.664251 23.724720 17.037138 11.712702 7.702994 4.844415 2.913338 1.675923 0.922941 0.487314 0.247413 0.121500 0.058439 0.028265 0.014453 0.008399 0.005854 0.004827 0.004429 0.004280 0.004227 0.004208 0.004202 0.004200 0.004200 0.004200 0.004199 0.004199 0.004199 0.004199 0.004199 0.004199 0.004198 0.004197 0.004194 0.004187 0.004173 0.004147 0.004098 0.004014 0.003875 0.003659 0.003342 0.002904 0.002335 0.001641 0.000848 0.000000 
50.000000 40.569991 31.666479 23.727912 17.041140 11.717348 7.708125 4.849891 2.919046 1.681779 0.928887 0.493312 0.253439 0.127542 0.064488 0.034317 0.020507 0.014453 0.011909 0.010882 0.010484 0.010335 0.010282 0.010263 0.010257 0.010255 0.010255 0.010255 0.010254 0.010254 0.010254 0.010254 0.010254 0.010253 0.010252 0.010249 0.010241 0.010225 0.010192 0.010129 0.010013 0.009810 0.009476 0.008955 0.008186 0.007119 0.005729 0.004029 0.002083 0.000000 
50.000000 40.572604 31.671559 23.735190 17.050268 11.727946 7.719828 4.862380 2.932066 1.695137 0.942451 0.506994 0.267187 0.141323 0.078286 0.048123 0.034317 0.028265 0.025721 0.024694 0.024296 0.024148 0.024095 0.024076 0.024070 0.024068 0.024067 0.024067 0.024067 0.024067 0.024067 0.024067 0.024066 0.024065 0.024062 0.024054 0.024037 0.024000 0.023926 0.023781 0.023515 0.023050 0.022279 0.021069 0.019278 0.016783 0.013518 0.009514 0.004921 0.000000 
50.000000 40.578312 31.682655 23.751086 17.070204 11.751094 7.745392 4.889663 2.960507 1.724319 0.972083 0.536885 0.297220 0.171431 0.108432 0.078286 0.064488 0.058439 0.055897 0.054871 0.054473 0.054325 0.054272 0.054253 0.054247 0.054245 0.054245 0.054244 0.054244 0.054244 0.054244 0.054244 0.054242 0.054240 0.054232 0.054216 0.054179 0.054100 0.053938 0.053624 0.053042 0.052019 0.050313 0.047624 0.043625 0.038025 0.030665 0.021604 0.011183 0.000000 
50.000000 40.590237 31.705835 23.784297 17.111856 11.799461 7.798807 4.946672 3.019940 1.785302 1.034007 0.599353 0.359986 0.234353 0.171431 0.141323 0.127542 0.121500 0.118961 0.117937 0.117539 0.117391 0.117338 0.117320 0.117313 0.117311 0.117311 0.117311 0.117310 0.117310 0.117310 0.117309 0.117307 0.117301 0.117286 0.117252 0.117176 0.117013 0.116679 0.116026 0.114810 0.112661 0.109058 0.103343 0.094790 0.082745 0.066826 0.047141 0.024421 0.000000 
50.000000 40.614038 31.752104 23.850588 17.195002 11.896012 7.905443 5.060488 3.138598 1.907058 1.157644 0.724076 0.485306 0.359986 0.297220 0.267187 0.253439 0.247413 0.244880 0.243858 0.243462 0.243314 0.243261 0.243242 0.243236 0.243234 0.243234 0.243233 0.243233 0.243233 0.243232 0.243231 0.243226 0.243215 0.243187 0.243121 0.242973 0.242653 0.241995 0.240703 0.238285 0.233982 0.226719 0.215119 0.197633 0.172831 0.139835 0.098799 0.051239 0.000000 
50.000000 40.659373 31.840233 23.976859 17.353381 12.079935 8.108584 5.277315 3.364658 2.139026 1.393202 0.961707 0.724076 0.599353 0.536885 0.506994 0.493312 0.487314 0.484793 0.483776 0.483381 0.483234 0.483181 0.483163 0.483157 0.483155 0.483154 0.483154 0.483154 0.483154 0.483152 0.483149 0.483141 0.483120 0.483069 0.482948 0.482674 0.482081 0.480853 0.478427 0.473857 0.465665 0.451730 0.429287 0.395164 0.346344 0.280863 0.198842 0.103268 0.000000 
50.000000 40.741669 32.000218 24.206090 17.640912 12.413853 8.477407 5.670999 3.775120 2.560226 1.820927 1.393202 1.157644 1.034007 0.972083 0.942451 0.928887 0.922941 0.920442 0.919434 0.919043 0.918897 0.918844 0.918826 0.918820 0.918818 0.918817 0.918817 0.918817 0.918816 0.918814 0.918809 0.918795 0.918759 0.918670 0.918459 0.917981 0.916941 0.914774 0.910463 0.902280 0.887492 0.862107 0.820818 0.757385 0.665670 0.541390 0.384295 0.199953 0.000000 
50.000000 40.883878 32.276678 24.602222 18.137805 12.990929 9.114830 6.351412 4.484550 3.288232 2.560226 2.139026 1.907058 1.785302 1.724319 1.695137 1.681779 1.675923 1.673461 1.672468 1.672083 1.671939 1.671888 1.671870 1.671864 1.671862 1.671861 1.671861 1.671860 1.671859 1.671856 1.671848 1.671825 1.671766 1.671622 1.671278 1.670492 1.668773 1.665170 1.657945 1.644116 1.618887 1.575115 1.503091 1.391048 1.226924 1.001632 0.713470 0.372162 0.000000 
50.000000 41.117516 32.730889 25.253062 18.954220 13.939119 10.162209 7.469465 5.650316 4.484550 3.775120 3.364658 3.138598 3.019940 2.960507 2.932066 2.919046 2.913338 2.910939 2.909971 2.909595 2.909455 2.909405 2.909388 2.909382 2.909380 2.909379 2.909379 2.909378 2.909377 2.909372 2.909359 2.909325 2.909236 2.909015 2.908488 2.907279 2.904616 2.898993 2.887627 2.865663 2.825158 2.754018 2.635339 2.447906 2.168868 1.779453 1.273541 0.666654 0.000000 
50.000000 41.482040 33.439561 26.268540 20.228072 15.418623 11.796533 9.214118 7.469465 6.351412 5.670999 5.277315 5.060488 4.946672 4.889663 4.862380 4.849891 4.844415 4.842113 4.841184 4.840824 4.840690 4.840641 4.840625 4.840619 4.840617 4.840617 4.840616 4.840615 4.840613 4.840607 4.840589 4.840540 4.840415 4.840101 4.839350 4.837615 4.833768 4.825584 4.808892 4.776296 4.715447 4.607059 4.423287 4.127682 3.678625 3.038411 2.189047 1.151800 0.000000 
50.000000 42.021533 34.488402 27.771486 22.113465 17.608455 14.215579 11.796533 10.162209 9.114830 8.477407 8.108584 7.905443 7.798807 7.745392 7.719828 7.708125 7.702994 7.700836 7.699966 7.699628 7.699502 7.699457 7.699441 7.699436 7.699434 7.699434 7.699433 7.699432 7.699429 7.699421 7.699398 7.699334 7.699170 7.698759 7.697767 7.695464 7.690323 7.679297 7.656589 7.611739 7.526870 7.373246 7.107790 6.671239 5.991081 4.993985 3.632604 1.926469 0.000000 
50.000000 42.778136 35.959348 29.879326 24.757733 20.679768 17.608455 15.418623 13.939119 12.990929 12.413853 12.079935 11.896012 11.799461 11.751094 11.727946 11.717348 11.712702 11.710748 11.709960 11.709654 11.709540 11.709499 11.709485 11.709480 11.709478 11.709478 11.709477 11.709476 11.709472 11.709462 11.709435 11.709359 11.709163 11.708668 11.707469 11.704671 11.698379 11.684771 11.656467 11.599881 11.491213 11.290941 10.937216 10.339884 9.379349 7.918739 5.843022 3.138580 0.000000 
50.000000 43.782662 37.912310 32.677925 28.268613 24.757733 22.113465 20.228072 18.954220 18.137805 17.640912 17.353381 17.195002 17.111856 17.070204 17.050268 17.041140 17.037138 17.035455 17.034776 17.034513 17.034414 17.034379 17.034367 17.034363 17.034361 17.034361 17.034360 17.034359 17.034355 17.034345 17.034315 17.034234 17.034021 17.033485 17.032179 17.029111 17.022171 17.007037 16.975241 16.910881 16.785352 16.549447 16.122384 15.378383 14.134307 12.149358 9.164180 5.032753 0.000000 
50.000000 45.044203 40.364970 36.192633 32.677925 29.879326 27.771486 26.268540 25.253062 24.602222 24.206090 23.976859 23.850588 23.784297 23.751086 23.735190 23.727912 23.724720 23.723378 23.722837 23.722626 23.722548 23.722520 23.722510 23.722507 23.722506 23.722505 23.722505 23.722504 23.722500 23.722490 23.722462 23.722385 23.722183 23.721672 23.720421 23.717471 23.710754 23.695997 23.664701 23.600590 23.473608 23.230129 22.777501 21.960587 20.528567 18.096317 14.131284 8.085268 0.000000 
50.000000 46.541768 43.276517 40.364970 37.912310 35.959348 34.488402 33.439561 32.730889 32.276678 32.000218 31.840233 31.752104 31.705835 31.682655 31.671559 31.666479 31.664251 31.663314 31.662936 31.662789 31.662735 31.662715 31.662708 31.662706 31.662705 31.662705 31.662704 31.662704 31.662701 31.662693 31.662671 31.662610 31.662450 31.662045 31.661050 31.658694 31.653305 31.641391 31.615923 31.563208 31.457348 31.250514 30.855798 30.116326 28.748130 26.233686 21.638258 13.413058 0.000000 
50.000000 48.221256 46.541768 45.044203 43.782662 42.778136 42.021533 41.482040 41.117516 40.883878 40.741669 40.659373 40.614038 40.590237 40.578312 40.572604 40.569991 40.568845 40.568363 40.568168 40.568093 40.568064 40.568054 40.568051 40.568050 40.568049 40.568049 40.568049 40.568048 40.568047 40.568043 40.568030 40.567997 40.567908 40.567683 40.567130 40.565816 40.562799 40.556105 40.541716 40.511716 40.450862 40.330240 40.095064 39.639556 38.749909 36.958935 33.128710 24.110628 0.000000 
50.000000 50.000000 50.000000 50.000000 50.000000 50.000000 50.000000 50.000000 50.000000 50.000000 50.000000 50.000000 50.000000 50.000000 50.000000 50.000000 50.000000 50.000000 50.000000 50.000000 50.000000 50.000000 50.000000 50.000000 50.000000 50.000000 50.000000 50.000000 50.000000 50.000000 50.000000 50.000000 50.000000 50.000000 50.000000 50.000000 50.000000 50.000000 50.000000 50.000000 50.000000 50.000000 50.000000 50.000000 50.000000 50.000000 50.000000 50.000000 50.000000 50.000000 
