50.000000 50.000000 50.000000 50.000000 50.000000 50.000000 50.000000 50.000000 50.000000 50.000000 50.000000 50.000000 50.000000 50.000000 50.000000 50.000000 50.000000 50.000000 50.000000 50.000000 50.000000 50.000000 50.000000 50.000000 50.000000 50.000000 50.000000 50.000000 50.000000 50.000000 50.000000 50.000000 50.000000 50.000000 50.000000 50.000000 50.000000 50.000000 50.000000 50.000000 50.000000 50.000000 50.000000 50.000000 50.000000 50.000000 50.000000 50.000000 50.000000 50.000000 
50.000000 47.655516 45.483364 43.617962 42.131763 41.031872 40.274561 39.788556 39.497272 39.333885 39.247926 39.205418 39.185615 39.176906 39.173283 39.171854 39.171319 39.171128 39.171063 39.171042 39.171036 39.171034 39.171033 39.171033 39.171033 39.171033 39.171033 39.171033 39.171033 39.171033 39.171033 39.171032 39.171028 39.171016 39.170978 39.170865 39.170542 39.169654 39.167318 39.161419 39.147124 39.113798 39.038811 38.875039 38.524779 37.781015 36.179878 32.581248 23.827758 0.000000 
50.000000 45.483364 41.298745 37.705104 34.842024 32.723180 31.264316 30.328111 29.767018 29.452298 29.286729 29.204853 29.166712 29.149939 29.142961 29.140210 29.139180 29.138812 29.138688 29.138647 29.138635 29.138631 29.138630 29.138630 29.138630 29.138630 29.138630 29.138630 29.138630 29.138629 29.138629 29.138627 29.138620 29.138599 29.138533 29.138337 29.137776 29.136240 29.132215 29.122111 29.097806 29.041731 28.917406 28.651759 28.102498 26.997902 24.826429 20.649373 12.902116 0.000000 
50.000000 43.617962 37.705104 32.627365 28.581970 25.588221 23.527033 22.204342 21.411650 20.967045 20.733157 20.617503 20.563630 20.539940 20.530085 20.526199 20.524744 20.524226 20.524050 20.523993 20.523975 20.523970 20.523968 20.523968 20.523968 20.523968 20.523968 20.523968 20.523968 20.523967 20.523967 20.523964 20.523957 20.523931 20.523852 20.523618 20.522951 20.521136 20.516406 20.504628 20.476592 20.412799 20.273998 19.985055 19.409284 18.311352 16.313682 12.878675 7.438084 0.000000 
50.000000 42.131763 34.842024 28.581970 23.594753 19.904132 17.363244 15.732795 14.755712 14.207716 13.919455 13.776924 13.710535 13.681343 13.669201 13.664413 13.662621 13.661982 13.661766 13.661695 13.661674 13.661667 13.661665 13.661665 13.661665 13.661665 13.661665 13.661665 13.661665 13.661664 13.661664 13.661661 13.661654 13.661629 13.661552 13.661324 13.660679 13.658932 13.654417 13.643274 13.617060 13.558305 13.432954 13.178675 12.689101 11.797377 10.270618 7.844122 4.350748 0.000000 
50.000000 41.031872 32.723180 25.588221 19.904132 15.697951 12.802229 10.944175 9.830751 9.206326 8.877881 8.715492 8.639859 8.606605 8.592774 8.587322 8.585280 8.584553 8.584306 8.584226 8.584201 8.584194 8.584192 8.584191 8.584191 8.584191 8.584191 8.584191 8.584191 8.584191 8.584190 8.584188 8.584182 8.584161 8.584096 8.583905 8.583366 8.581918 8.578202 8.569120 8.548007 8.501385 8.403764 8.210364 7.848975 7.215031 6.178937 4.620682 2.507093 0.000000 
50.000000 40.274561 31.264316 23.527033 17.363244 12.802229 9.662341 7.647704 6.440510 5.763534 5.407468 5.231434 5.149452 5.113409 5.098419 5.092510 5.090297 5.089510 5.089242 5.089155 5.089129 5.089121 5.089118 5.089118 5.089117 5.089117 5.089117 5.089117 5.089117 5.089117 5.089117 5.089115 5.089110 5.089095 5.089046 5.088904 5.088505 5.087439 5.084726 5.078158 5.063061 5.030184 4.962503 4.831170 4.591864 4.184568 3.541977 2.612557 1.399522 0.000000 
50.000000 39.788556 30.328111 22.204342 15.732795 10.944175 7.647704 5.532680 4.265385 3.554738 3.180983 2.996213 2.910167 2.872340 2.856609 2.850408 2.848087 2.847260 2.846979 2.846888 2.846860 2.846852 2.846849 2.846849 2.846849 2.846849 2.846849 2.846849 2.846849 2.846849 2.846848 2.846847 2.846844 2.846833 2.846800 2.846705 2.846438 2.845731 2.843942 2.839651 2.829891 2.808904 2.766340 2.685201 2.540410 2.299841 1.930344 1.410705 0.749745 0.000000 
50.000000 39.497272 29.767018 21.411650 14.755712 9.830751 6.440510 4.265385 2.962122 2.231332 1.846998 1.657006 1.568533 1.529640 1.513467 1.507092 1.504706 1.503856 1.503568 1.503474 1.503445 1.503437 1.503434 1.503433 1.503433 1.503433 1.503433 1.503433 1.503433 1.503433 1.503433 1.503432 1.503430 1.503424 1.503403 1.503345 1.503182 1.502753 1.501676 1.499113 1.493340 1.481061 1.456481 1.410326 1.329366 1.197406 0.998851 0.725287 0.383474 0.000000 
50.000000 39.333885 29.452298 20.967045 14.207716 9.206326 5.763534 3.554738 2.231332 1.489267 1.099014 0.906102 0.816272 0.776784 0.760363 0.753891 0.751469 0.750606 0.750313 0.750219 0.750189 0.750180 0.750178 0.750177 0.750177 0.750177 0.750177 0.750177 0.750177 0.750177 0.750177 0.750177 0.750175 0.750172 0.750160 0.750127 0.750036 0.749796 0.749199 0.747787 0.744634 0.737993 0.724847 0.700473 0.658319 0.590656 0.490453 0.354492 0.186761 0.000000 
50.000000 39.247926 29.286729 20.733157 13.919455 8.877881 5.407468 3.180983 1.846998 1.099014 0.705655 0.511211 0.420670 0.380870 0.364321 0.357798 0.355356 0.354487 0.354192 0.354096 0.354067 0.354058 0.354055 0.354055 0.354055 0.354054 0.354054 0.354054 0.354054 0.354054 0.354054 0.354054 0.354054 0.354052 0.354046 0.354028 0.353981 0.353857 0.353549 0.352827 0.351227 0.347885 0.341332 0.329311 0.308761 0.276181 0.228529 0.164618 0.086508 0.000000 
50.000000 39.205418 29.204853 20.617503 13.776924 8.715492 5.231434 2.996213 1.657006 0.906102 0.511211 0.316013 0.225122 0.185168 0.168555 0.162008 0.159557 0.158684 0.158388 0.158292 0.158262 0.158253 0.158251 0.158250 0.158250 0.158250 0.158250 0.158250 0.158250 0.158250 0.158250 0.158250 0.158249 0.158249 0.158246 0.158237 0.158214 0.158154 0.158007 0.157662 0.156903 0.155330 0.152270 0.146708 0.137290 0.122507 0.101097 0.072638 0.038100 0.000000 
50.000000 39.185615 29.166712 20.563630 13.710535 8.639859 5.149452 2.910167 1.568533 0.816272 0.420670 0.225122 0.134067 0.094043 0.077400 0.070841 0.068386 0.067512 0.067215 0.067119 0.067089 0.067080 0.067078 0.067077 0.067077 0.067077 0.067077 0.067077 0.067077 0.067077 0.067077 0.067077 0.067077 0.067076 0.067075 0.067071 0.067061 0.067034 0.066967 0.066813 0.066475 0.065780 0.064436 0.062013 0.057941 0.051602 0.042494 0.030472 0.015961 0.000000 
50.000000 39.176906 29.149939 20.539940 13.681343 8.606605 5.113409 2.872340 1.529640 0.776784 0.380870 0.185168 0.094043 0.053988 0.037332 0.030768 0.028311 0.027436 0.027139 0.027043 0.027013 0.027004 0.027002 0.027001 0.027001 0.027001 0.027001 0.027001 0.027001 0.027001 0.027001 0.027001 0.027001 0.027000 0.027000 0.026998 0.026994 0.026982 0.026954 0.026889 0.026748 0.026458 0.025901 0.024904 0.023239 0.020664 0.016988 0.012163 0.006364 0.000000 
50.000000 39.173283 29.142961 20.530085 13.669201 8.592774 5.098419 2.856609 1.513467 0.760363 0.364321 0.168555 0.077400 0.037332 0.020671 0.014105 0.011647 0.010772 0.010475 0.010379 0.010349 0.010340 0.010338 0.010337 0.010337 0.010337 0.010337 0.010337 0.010337 0.010337 0.010337 0.010337 0.010337 0.010337 0.010336 0.010336 0.010334 0.010329 0.010318 0.010292 0.010236 0.010122 0.009904 0.009515 0.008870 0.007877 0.006467 0.004625 0.002417 0.000000 
50.000000 39.171854 29.140210 20.526199 13.664413 8.587322 5.092510 2.850408 1.507092 0.753891 0.357798 0.162008 0.070841 0.030768 0.014105 0.007538 0.005080 0.004204 0.003907 0.003811 0.003781 0.003772 0.003770 0.003769 0.003769 0.003769 0.003769 0.003769 0.003769 0.003769 0.003769 0.003769 0.003769 0.003769 0.003769 0.003769 0.003768 0.003766 0.003762 0.003752 0.003731 0.003689 0.003608 0.003464 0.003226 0.002862 0.002347 0.001677 0.000876 0.000000 
50.000000 39.171319 29.139180 20.524744 13.662621 8.585280 5.090297 2.848087 1.504706 0.751469 0.355356 0.159557 0.068386 0.028311 0.011647 0.005080 0.002622 0.001746 0.001449 0.001353 0.001323 0.001314 0.001312 0.001311 0.001311 0.001311 0.001311 0.001311 0.001311 0.001311 0.001311 0.001311 0.001311 0.001311 0.001311 0.001311 0.001310 0.001310 0.001308 0.001305 0.001297 0.001282 0.001254 0.001203 0.001119 0.000992 0.000813 0.000580 0.000303 0.000000 
50.000000 39.171128 29.138812 20.524226 13.661982 8.584553 5.089510 2.847260 1.503856 0.750606 0.354487 0.158684 0.067512 0.027436 0.010772 0.004204 0.001746 0.000871 0.000574 0.000478 0.000448 0.000439 0.000436 0.000436 0.000435 0.000435 0.000435 0.000435 0.000435 0.000435 0.000435 0.000435 0.000435 0.000435 0.000435 0.000435 0.000435 0.000435 0.000435 0.000433 0.000431 0.000426 0.000416 0.000399 0.000371 0.000329 0.000269 0.000192 0.000100 0.000000 
50.000000 39.171063 29.138688 20.524050 13.661766 8.584306 5.089242 2.846979 1.503568 0.750313 0.354192 0.158388 0.067215 0.027139 0.010475 0.003907 0.001449 0.000574 0.000277 0.000180 0.000151 0.000142 0.000139 0.000139 0.000138 0.000138 0.000138 0.000138 0.000138 0.000138 0.000138 0.000138 0.000138 0.000138 0.000138 0.000138 0.000138 0.000138 0.000138 0.000138 0.000137 0.000135 0.000132 0.000127 0.000118 0.000104 0.000085 0.000061 0.000032 0.000000 
50.000000 39.171042 29.138647 20.523993 13.661695 8.584226 5.089155 2.846888 1.503474 0.750219 0.354096 0.158292 0.067119 0.027043 0.010379 0.003811 0.001353 0.000478 0.000180 0.000084 0.000054 0.000046 0.000043 0.000042 0.000042 0.000042 0.000042 0.000042 0.000042 0.000042 0.000042 0.000042 0.000042 0.000042 0.000042 0.000042 0.000042 0.000042 0.000042 0.000042 0.000042 0.000041 0.000040 0.000039 0.000036 0.000032 0.000026 0.000018 0.000010 0.000000 
50.000000 39.171036 29.138635 20.523975 13.661674 8.584201 5.089129 2.846860 1.503445 0.750189 0.354067 0.158262 0.067089 0.027013 0.010349 0.003781 0.001323 0.000448 0.000151 0.000054 0.000025 0.000016 0.000013 0.000013 0.000012 0.000012 0.000012 0.000012 0.000012 0.000012 0.000012 0.000012 0.000012 0.000012 0.000012 0.000012 0.000012 0.000012 0.000012 0.000012 0.000012 0.000012 0.000012 0.000011 0.000010 0.000009 0.000008 0.000005 0.000003 0.000000 
50.000000 39.171034 29.138631 20.523970 13.661667 8.584194 5.089121 2.846852 1.503437 0.750180 0.354058 0.158253 0.067080 0.027004 0.010340 0.003772 0.001314 0.000439 0.000142 0.000046 0.000016 0.000007 0.000004 0.000004 0.000004 0.000003 0.000003 0.000003 0.000003 0.000003 0.000003 0.000003 0.000003 0.000003 0.000003 0.000003 0.000003 0.000003 0.000003 0.000003 0.000003 0.000003 0.000003 0.000003 0.000003 0.000003 0.000002 0.000002 0.000001 0.000000 
50.000000 39.171033 29.138630 20.523968 13.661665 8.584192 5.089118 2.846849 1.503434 0.750178 0.354055 0.158251 0.067078 0.027002 0.010338 0.003770 0.001312 0.000436 0.000139 0.000043 0.000013 0.000004 0.000002 0.000001 0.000001 0.000001 0.000001 0.000001 0.000001 0.000001 0.000001 0.000001 0.000001 0.000001 0.000001 0.000001 0.000001 0.000001 0.000001 0.000001 0.000001 0.000001 0.000001 0.000001 0.000001 0.000001 0.000001 0.000000 0.000000 0.000000 
50.000000 39.171033 29.138630 20.523968 13.661665 8.584191 5.089118 2.846849 1.503433 0.750177 0.354055 0.158250 0.067077 0.027001 0.010337 0.003769 0.001311 0.000436 0.000139 0.000042 0.000013 0.000004 0.000001 0.000000 0.000000 0.000000 0.000000 0.000000 0.000000 0.000000 0.000000 0.000000 0.000000 0.000000 0.000000 0.000000 0.000000 0.000000 0.000000 0.000000 0.000000 0.000000 0.000000 0.000000 0.000000 0.000000 0.000000 0.000000 0.000000 0.000000 
50.000000 39.171033 29.138630 20.523968 13.661665 8.584191 5.089118 2.846849 1.503433 0.750177 0.354055 0.158250 0.067077 0.027001 0.010337 0.003769 0.001311 0.000436 0.000138 0.000042 0.000012 0.000004 0.000001 0.000000 0.000000 0.000000 0.000000 0.000000 0.000000 0.000000 0.000000 0.000000 0.000000 0.000000 0.000000 0.000000 0.000000 0.000000 0.000000 0.000000 0.000000 0.000000 0.000000 0.000000 0.000000 0.000000 0.000000 0.000000 0.000000 0.000000 
50.000000 39.171033 29.138630 20.523968 13.661665 8.584191 5.089118 2.846849 1.503433 0.750177 0.354055 0.158250 0.067077 0.027001 0.010337 0.003769 0.001311 0.000436 0.000138 0.000042 0.000012 0.000004 0.000001 0.000000 0.000000 0.000000 0.000000 0.000000 0.000000 0.000000 0.000000 0.000000 0.000000 0.000000 0.000000 0.000000 0.000000 0.000000 0.000000 0.000000 0.000000 0.000000 0.000000 0.000000 0.000000 0.000000 0.000000 0.000000 0.000000 0.000000 
50.000000 39.171033 29.138630 20.523968 13.661665 8.584191 5.089118 2.846849 1.503433 0.750177 0.354055 0.158250 0.067077 0.027001 0.010337 0.003769 0.001311 0.000436 0.000139 0.000042 0.000013 0.000004 0.000001 0.000000 0.000000 0.000000 0.000000 0.000000 0.000000 0.000000 0.000000 0.000000 0.000000 0.000000 0.000000 0.000000 0.000000 0.000000 0.000000 0.000000 0.000000 0.000000 0.000000 0.000000 0.000000 0.000000 0.000000 0.000000 0.000000 0.000000 
50.000000 39.171033 29.138630 20.523968 13.661665 8.584192 5.089118 2.846849 1.503434 0.750178 0.354055 0.158251 0.067078 0.027002 0.010338 0.003770 0.001312 0.000436 0.000139 0.000043 0.000013 0.000004 0.000002 0.000001 0.000001 0.000001 0.000001 0.000001 0.000001 0.000001 0.000001 0.000001 0.000001 0.000001 0.000001 0.000001 0.000001 0.000001 0.000001 0.000001 0.000001 0.000001 0.000001 0.000001 0.000001 0.000001 0.000001 0.000000 0.000000 0.000000 
50.000000 39.171034 29.138631 20.523970 13.661667 8.584194 5.089121 2.846852 1.503437 0.750180 0.354058 0.158253 0.067080 0.027004 0.010340 0.003772 0.001314 0.000439 0.000142 0.000046 0.000016 0.000007 0.000004 0.000004 0.000004 0.000003 0.000003 0.000003 0.000003 0.000003 0.000003 0.000003 0.000003 0.000003 0.000003 0.000003 0.000003 0.000003 0.000003 0.000003 0.000003 0.000003 0.000003 0.000003 0.000003 0.000003 0.000002 0.000002 0.000001 0.000000 
50.000000 39.171036 29.138635 20.523975 13.661674 8.584201 5.089129 2.846860 1.503445 0.750189 0.354067 0.158262 0.067089 0.027013 0.010349 0.003781 0.001323 0.000448 0.000151 0.000054 0.000025 0.000016 0.000013 0.000013 0.000012 0.000012 0.000012 0.000012 0.000012 0.000012 0.000012 0.000012 0.000012 0.000012 0.000012 0.000012 0.000012 0.000012 0.000012 0.000012 0.000012 0.000012 0.000012 0.000011 0.000010 0.000009 0.000008 0.000005 0.000003 0.000000 
50.000000 39.171042 29.138647 20.523993 13.661695 8.584226 5.089155 2.846888 1.503474 0.750219 0.354096 0.158292 0.067119 0.027043 0.010379 0.003811 0.001353 0.000478 0.000180 0.000084 0.000054 0.000046 0.000043 0.000042 0.000042 0.000042 0.000042 0.000042 0.000042 0.000042 0.000042 0.000042 0.000042 0.000042 0.000042 0.000042 0.000042 0.000042 0.000042 0.000042 0.000042 0.000041 0.000040 0.000039 0.000036 0.000032 0.000026 0.000018 0.000010 0.000000 
50.000000 39.171063 29.138688 20.524050 13.661766 8.584306 5.089242 2.846979 1.503568 0.750313 0.354192 0.158388 0.067215 0.027139 0.010475 0.003907 0.001449 0.000574 0.000277 0.000180 0.000151 0.000142 0.000139 0.000139 0.000138 0.000138 0.000138 0.000138 0.000138 0.000138 0.000138 0.000138 0.000138 0.000138 0.000138 0.000138 0.000138 0.000138 0.000138 0.000138 0.000137 0.000135 0.000132 0.000127 0.000118 0.000104 0.000085 0.000061 0.000032 0.000000 
50.000000 39.171128 29.138812 20.524226 13.661982 8.584553 5.089510 2.847260 1.503856 0.750606 0.354487 0.158684 0.067512 0.027436 0.010772 0.004204 0.001746 0.000871 0.000574 0.000478 0.000448 0.000439 0.000436 0.000436 0.000435 0.000435 0.000435 0.000435 0.000435 0.000435 0.000435 0.000435 0.000435 0.000435 0.000435 0.000435 0.000435 0.000435 0.000435 0.000433 0.000431 0.000426 0.000416 0.000399 0.000371 0.000329 0.000269 0.000192 0.000100 0.000000 
50.000000 39.171319 29.139180 20.524744 13.662621 8.585280 5.090297 2.848087 1.504706 0.751469 0.355356 0.159557 0.068386 0.028311 0.011647 0.005080 0.002622 0.001746 0.001449 0.001353 0.001323 0.001314 0.001312 0.001311 0.001311 0.001311 0.001311 0.001311 0.001311 0.001311 0.001311 0.001311 0.001311 0.001311 0.001311 0.001311 0.001310 0.001310 0.001308 0.001305 0.001297 0.001282 0.001254 0.001203 0.001119 0.000992 0.000813 0.000580 0.000303 0.000000 
50.000000 39.171854 29.140210 20.526199 13.664413 8.587322 5.092510 2.850408 1.507092 0.753891 0.357798 0.162008 0.070841 0.030768 0.014105 0.007538 0.005080 0.004204 0.003907 0.003811 0.003781 0.003772 0.003770 0.003769 0.003769 0.003769 0.003769 0.003769 0.003769 0.003769 0.003769 0.003769 0.003769 0.003769 0.003769 0.003769 0.003768 0.003766 0.003762 0.003752 0.003731 0.003689 0.003608 0.003464 0.003226 0.002862 0.002347 0.001677 0.000876 0.000000 
50.000000 39.173283 29.142961 20.530085 13.669201 8.592774 5.098419 2.856609 1.513467 0.760363 0.364321 0.168555 0.077400 0.037332 0.020671 0.014105 0.011647 0.010772 0.010475 0.010379 0.010349 0.010340 0.010338 0.010337 0.010337 0.010337 0.010337 0.010337 0.010337 0.010337 0.010337 0.010337 0.010337 0.010337 0.010336 0.010336 0.010334 0.010329 0.010318 0.010292 0.010236 0.010122 0.009904 0.009515 0.008870 0.007877 0.006467 0.004625 0.002417 0.000000 
50.000000 39.176906 29.149939 20.539940 13.681343 8.606605 5.113409 2.872340 1.529640 0.776784 0.380870 0.185168 0.094043 0.053988 0.037332 0.030768 0.028311 0.027436 0.027139 0.027043 0.027013 0.027004 0.027002 0.027001 0.027001 0.027001 0.027001 0.027001 0.027001 0.027001 0.027001 0.027001 0.027001 0.027000 0.027000 0.026998 0.026994 0.026982 0.026954 0.026889 0.026748 0.026458 0.025901 0.024904 0.023239 0.020664 0.016988 0.012163 0.006364 0.000000 
50.000000 39.185615 29.166712 20.563630 13.710535 8.639859 5.149452 2.910167 1.568533 0.816272 0.420670 0.225122 0.134067 0.094043 0.077400 0.070841 0.068386 0.067512 0.067215 0.067119 0.067089 0.067080 0.067078 0.067077 0.067077 0.067077 0.067077 0.067077 0.067077 0.067077 0.067077 0.067077 0.067077 0.067076 0.067075 0.067071 0.067061 0.067034 0.066967 0.066813 0.066475 0.065780 0.064436 0.062013 0.057941 0.051602 0.042494 0.030472 0.015961 0.000000 
50.000000 39.205418 29.204853 20.617503 13.776924 8.715492 5.231434 2.996213 1.657006 0.906102 0.511211 0.316013 0.225122 0.185168 0.168555 0.162008 0.159557 0.158684 0.158388 0.158292 0.158262 0.158253 0.158251 0.158250 0.158250 0.158250 0.158250 0.158250 0.158250 0.158250 0.158250 0.158250 0.158249 0.158249 0.158246 0.158237 0.158214 0.158154 0.158007 0.157662 0.156903 0.155330 0.152270 0.146708 0.137290 0.122507 0.101097 0.072638 0.038100 0.000000 
50.000000 39.247926 29.286729 20.733157 13.919455 8.877881 5.407468 3.180983 1.846998 1.099014 0.705655 0.511211 0.420670 0.380870 0.364321 0.357798 0.355356 0.354487 0.354192 0.354096 0.354067 0.354058 0.354055 0.354055 0.354055 0.354054 0.354054 0.354054 0.354054 0.354054 0.354054 0.354054 0.354054 0.354052 0.354046 0.354028 0.353981 0.353857 0.353549 0.352827 0.351227 0.347885 0.341332 0.329311 0.308761 0.276181 0.228529 0.164618 0.086508 0.000000 
50.000000 39.333885 29.452298 20.967045 14.207716 9.206326 5.763534 3.554738 2.231332 1.489267 1.099014 0.906102 0.816272 0.776784 0.760363 0.753891 0.751469 0.750606 0.750313 0.750219 0.750189 0.750180 0.750178 0.750177 0.750177 0.750177 0.750177 0.750177 0.750177 0.750177 0.750177 0.750177 0.750175 0.750172 0.750160 0.750127 0.750036 0.749796 0.749199 0.747787 0.744634 0.737993 0.724847 0.700473 0.658319 0.590656 0.490453 0.354492 0.186761 0.000000 
50.000000 39.497272 29.767018 21.411650 14.755712 9.830751 6.440510 4.265385 2.962122 2.231332 1.846998 1.657006 1.568533 1.529640 1.513467 1.507092 1.504706 1.503856 1.503568 1.503474 1.503445 1.503437 1.503434 1.503433 1.503433 1.503433 1.503433 1.503433 1.503433 1.503433 1.503433 1.503432 1.503430 1.503424 1.503403 1.503345 1.503182 1.502753 1.501676 1.499113 1.493340 1.481061 1.456481 1.410326 1.329366 1.197406 0.998851 0.725287 0.383474 0.000000 
50.000000 39.788556 30.328111 22.204342 15.732795 10.944175 7.647704 5.532680 4.265385 3.554738 3.180983 2.996213 2.910167 2.872340 2.856609 2.850408 2.848087 2.847260 2.846979 2.846888 2.846860 2.846852 2.846849 2.846849 2.846849 2.846849 2.846849 2.846849 2.846849 2.846849 2.846848 2.846847 2.846844 2.846833 2.846800 2.846705 2.846438 2.845731 2.843942 2.839651 2.829891 2.808904 2.766340 2.685201 2.540410 2.299841 1.930344 1.410705 0.749745 0.000000 
50.000000 40.274561 31.264316 23.527033 17.363244 12.802229 9.662341 7.647704 6.440510 5.763534 5.407468 5.231434 5.149452 5.113409 5.098419 5.092510 5.090297 5.089510 5.089242 5.089155 5.089129 5.089121 5.089118 5.089118 5.089117 5.089117 5.089117 5.089117 5.089117 5.089117 5.089117 5.089115 5.089110 5.089095 5.089046 5.088904 5.088505 5.087439 5.084726 5.078158 5.063061 5.030184 4.962503 4.831170 4.591864 4.184568 3.541977 2.612557 1.399522 0.000000 
50.000000 41.031872 32.723180 25.588221 19.904132 15.697951 12.802229 10.944175 9.830751 9.206326 8.877881 8.715492 8.639859 8.606605 8.592774 8.587322 8.585280 8.584553 8.584306 8.584226 8.584201 8.584194 8.584192 8.584191 8.584191 8.584191 8.584191 8.584191 8.584191 8.584191 8.584190 8.584188 8.584182 8.584161 8.584096 8.583905 8.583366 8.581918 8.578202 8.569120 8.548007 8.501385 8.403764 8.210364 7.848975 7.215031 6.178937 4.620682 2.507093 0.000000 
50.000000 42.131763 34.842024 28.581970 23.594753 19.904132 17.363244 15.732795 14.755712 14.207716 13.919455 13.776924 13.710535 13.681343 13.669201 13.664413 13.662621 13.661982 13.661766 13.661695 13.661674 13.661667 13.661665 13.661665 13.661665 13.661665 13.661665 13.661665 13.661665 13.661664 13.661664 13.661661 13.661654 13.661629 13.661552 13.661324 13.660679 13.658932 13.654417 13.643274 13.617060 13.558305 13.432954 13.178675 12.689101 11.797377 10.270618 7.844122 4.350748 0.000000 
50.000000 43.617962 37.705104 32.627365 28.581970 25.588221 23.527033 22.204342 21.411650 20.967045 20.733157 20.617503 20.563630 20.539940 20.530085 20.526199 20.524744 20.524226 20.524050 20.523993 20.523975 20.523970 20.523968 20.523968 20.523968 20.523968 20.523968 20.523968 20.523968 20.523967 20.523967 20.523964 20.523957 20.523931 20.523852 20.523618 20.522951 20.521136 20.516406 20.504628 20.476592 20.412799 20.273998 19.985055 19.409284 18.311352 16.313682 12.878675 7.438084 0.000000 
50.000000 45.483364 41.298745 37.705104 34.842024 32.723180 31.264316 30.328111 29.767018 29.452298 29.286729 29.204853 29.166712 29.149939 29.142961 29.140210 29.139180 29.138812 29.138688 29.138647 29.138635 29.138631 29.138630 29.138630 29.138630 29.138630 29.138630 29.138630 29.138630 29.138629 29.138629 29.138627 29.138620 29.138599 29.138533 29.138337 29.137776 29.136240 29.132215 29.122111 29.097806 29.041731 28.917406 28.651759 28.102498 26.997902 24.826429 20.649373 12.902116 0.000000 
50.000000 47.655516 45.483364 43.617962 42.131763 41.031872 40.274561 39.788556 39.497272 39.333885 39.247926 39.205418 39.185615 39.176906 39.173283 39.171854 39.171319 39.171128 39.171063 39.171042 39.171036 39.171034 39.171033 39.171033 39.171033 39.171033 39.171033 39.171033 39.171033 39.171033 39.171033 39.171032 39.171028 39.171016 39.170978 39.170865 39.170542 39.169654 39.167318 39.161419 39.147124 39.113798 39.038811 38.875039 38.524779 37.781015 36.179878 32.581248 23.827758 0.000000 
50.000000 50.000000 50.000000 50.000000 50.000000 50.000000 50.000000 50.000000 50.000000 50.000000 50.000000 50.000000 50.000000 50.000000 50.000000 50.000000 50.000000 50.000000 50.000000 50.000000 50.000000 50.000000 50.000000 50.000000 50.000000 50.000000 50.000000 50.000000 50.000000 50.000000 50.000000 50.000000 50.000000 50.000000 50.000000 50.000000 50.000000 50.000000 50.000000 50.000000 50.000000 50.000000 50.000000 50.000000 50.000000 50.000000 50.000000 50.000000 50.000000 50.000000 
