50.000000 50.000000 50.000000 50.000000 50.000000 50.000000 50.000000 50.000000 50.000000 50.000000 50.000000 50.000000 50.000000 50.000000 50.000000 50.000000 50.000000 50.000000 50.000000 50.000000 50.000000 50.000000 50.000000 50.000000 50.000000 50.000000 50.000000 50.000000 50.000000 50.000000 50.000000 50.000000 50.000000 50.000000 50.000000 50.000000 50.000000 50.000000 50.000000 50.000000 50.000000 50.000000 50.000000 50.000000 50.000000 50.000000 50.000000 50.000000 50.000000 50.000000 
50.000000 47.121632 44.502853 42.333235 40.693684 39.560935 38.843424 38.425428 38.200731 38.088897 38.037190 38.014910 38.005934 38.002544 38.001339 38.000936 38.000808 38.000770 38.000759 38.000756 38.000756 38.000755 38.000755 38.000755 38.000755 38.000755 38.000755 38.000755 38.000755 38.000755 38.000755 38.000755 38.000755 38.000752 38.000744 38.000717 38.000623 38.000325 37.999416 37.996777 37.989484 37.970260 37.921827 37.804662 37.530431 36.901595 35.461018 32.069196 23.560816 0.000000 
50.000000 44.502853 39.501517 35.358053 32.226965 30.063798 28.693644 27.895477 27.466434 27.252908 27.154189 27.111654 27.094519 27.088047 27.085748 27.084979 27.084735 27.084662 27.084641 27.084636 27.084634 27.084634 27.084634 27.084634 27.084634 27.084634 27.084634 27.084634 27.084634 27.084634 27.084634 27.084633 27.084632 27.084629 27.084615 27.084568 27.084412 27.083912 27.082394 27.078017 27.066011 27.034703 26.957005 26.773187 26.357392 25.454530 23.564863 19.750759 12.433658 0.000000 
50.000000 42.333235 35.358053 29.579451 25.212894 22.196318 20.285719 19.172792 18.574597 18.276910 18.139294 18.080003 18.056122 18.047102 18.043898 18.042826 18.042487 18.042385 18.042356 18.042348 18.042346 18.042345 18.042345 18.042345 18.042345 18.042345 18.042345 18.042345 18.042345 18.042345 18.042345 18.042345 18.042344 18.042340 18.042324 18.042271 18.042094 18.041532 18.039839 18.034991 18.021834 17.987994 17.905570 17.715545 17.301080 16.446917 14.789725 11.793190 6.872217 0.000000 
50.000000 40.693684 32.226965 25.212894 19.912983 16.251805 13.933085 12.582527 11.856667 11.495480 11.328525 11.256602 11.227635 11.216696 11.212811 11.211511 11.211099 11.210976 11.210941 11.210931 11.210929 11.210928 11.210928 11.210928 11.210928 11.210928 11.210928 11.210928 11.210928 11.210928 11.210928 11.210928 11.210927 11.210923 11.210909 11.210861 11.210701 11.210196 11.208686 11.204402 11.192908 11.163774 11.094157 10.937636 10.607430 9.956491 8.765978 6.772435 3.792088 0.000000 
50.000000 39.560935 30.063798 22.196318 16.251805 12.145556 9.545126 8.030595 7.216675 6.811707 6.624532 6.543906 6.511438 6.499178 6.494825 6.493368 6.492907 6.492769 6.492729 6.492719 6.492716 6.492715 6.492715 6.492715 6.492715 6.492715 6.492715 6.492715 6.492715 6.492715 6.492715 6.492715 6.492714 6.492711 6.492700 6.492663 6.492541 6.492156 6.491013 6.487800 6.479276 6.457977 6.407981 6.298084 6.072778 5.644375 4.895239 3.706406 2.030505 0.000000 
50.000000 38.843424 28.693644 20.285719 13.933085 9.545126 6.766449 5.148211 4.278620 3.845987 3.646042 3.559924 3.525247 3.512155 3.507507 3.505951 3.505459 3.505311 3.505269 3.505258 3.505255 3.505254 3.505254 3.505254 3.505254 3.505254 3.505254 3.505254 3.505254 3.505254 3.505254 3.505254 3.505253 3.505251 3.505244 3.505219 3.505136 3.504880 3.504122 3.502012 3.496474 3.482813 3.451254 3.383225 3.247041 2.995449 2.570173 1.920456 1.038762 0.000000 
50.000000 38.425428 27.895477 19.172792 12.582527 8.030595 5.148211 3.469660 2.567711 2.119007 1.911649 1.822344 1.786387 1.772812 1.767993 1.766380 1.765870 1.765717 1.765673 1.765661 1.765658 1.765658 1.765657 1.765657 1.765657 1.765657 1.765657 1.765657 1.765657 1.765657 1.765657 1.765657 1.765657 1.765656 1.765651 1.765636 1.765587 1.765434 1.764987 1.763750 1.760534 1.752693 1.734830 1.696957 1.622614 1.488370 1.267221 0.938471 0.503601 0.000000 
50.000000 38.200731 27.466434 18.574597 11.856667 7.216675 4.278620 2.567711 1.648411 1.191095 0.979767 0.888757 0.852115 0.838282 0.833372 0.831729 0.831209 0.831053 0.831009 0.830997 0.830994 0.830993 0.830993 0.830993 0.830993 0.830993 0.830993 0.830993 0.830993 0.830993 0.830993 0.830993 0.830992 0.830992 0.830989 0.830981 0.830955 0.830872 0.830633 0.829977 0.828286 0.824205 0.815017 0.795807 0.758698 0.692892 0.586603 0.431731 0.230470 0.000000 
50.000000 38.088897 27.252908 18.276910 11.495480 6.811707 3.845987 2.119007 1.191095 0.729508 0.516213 0.424358 0.387377 0.373417 0.368461 0.366803 0.366279 0.366121 0.366077 0.366065 0.366062 0.366061 0.366061 0.366061 0.366061 0.366061 0.366061 0.366061 0.366061 0.366061 0.366061 0.366060 0.366060 0.366060 0.366059 0.366055 0.366042 0.366001 0.365885 0.365567 0.364754 0.362808 0.358473 0.349513 0.332430 0.302573 0.255076 0.186896 0.099413 0.000000 
50.000000 38.037190 27.154189 18.139294 11.328525 6.624532 3.646042 1.911649 0.979767 0.516213 0.302012 0.209769 0.172632 0.158614 0.153638 0.151972 0.151446 0.151288 0.151243 0.151231 0.151228 0.151227 0.151227 0.151227 0.151227 0.151227 0.151227 0.151227 0.151227 0.151227 0.151227 0.151227 0.151227 0.151227 0.151226 0.151224 0.151218 0.151200 0.151148 0.151006 0.150646 0.149790 0.147899 0.144030 0.136732 0.124123 0.104302 0.076172 0.040413 0.000000 
50.000000 38.014910 27.111654 18.080003 11.256602 6.543906 3.559924 1.822344 0.888757 0.424358 0.209769 0.117359 0.080156 0.066112 0.061128 0.059459 0.058932 0.058774 0.058729 0.058717 0.058713 0.058713 0.058712 0.058712 0.058712 0.058712 0.058712 0.058712 0.058712 0.058712 0.058712 0.058712 0.058712 0.058712 0.058712 0.058711 0.058709 0.058701 0.058680 0.058621 0.058473 0.058124 0.057357 0.055802 0.052893 0.047916 0.040164 0.029259 0.015494 0.000000 
50.000000 38.005934 27.094519 18.056122 11.227635 6.511438 3.525247 1.786387 0.852115 0.387377 0.172632 0.080156 0.042926 0.028873 0.023884 0.022215 0.021687 0.021529 0.021484 0.021472 0.021469 0.021468 0.021468 0.021468 0.021468 0.021468 0.021468 0.021468 0.021468 0.021468 0.021468 0.021468 0.021468 0.021468 0.021467 0.021467 0.021466 0.021463 0.021455 0.021432 0.021376 0.021243 0.020953 0.020368 0.019282 0.017438 0.014589 0.010608 0.005609 0.000000 
50.000000 38.002544 27.088047 18.047102 11.216696 6.499178 3.512155 1.772812 0.838282 0.373417 0.158614 0.066112 0.028873 0.014815 0.009826 0.008156 0.007628 0.007469 0.007424 0.007412 0.007409 0.007408 0.007408 0.007408 0.007408 0.007408 0.007408 0.007408 0.007408 0.007408 0.007408 0.007408 0.007408 0.007408 0.007408 0.007408 0.007408 0.007407 0.007404 0.007395 0.007375 0.007328 0.007225 0.007018 0.006638 0.005995 0.005008 0.003636 0.001920 0.000000 
50.000000 38.001339 27.085748 18.043898 11.212811 6.494825 3.507507 1.767993 0.833372 0.368461 0.153638 0.061128 0.023884 0.009826 0.004835 0.003166 0.002637 0.002479 0.002434 0.002422 0.002419 0.002418 0.002418 0.002418 0.002418 0.002418 0.002418 0.002418 0.002418 0.002418 0.002418 0.002418 0.002418 0.002418 0.002418 0.002418 0.002418 0.002417 0.002416 0.002413 0.002407 0.002391 0.002356 0.002288 0.002162 0.001950 0.001627 0.001180 0.000623 0.000000 
50.000000 38.000936 27.084979 18.042826 11.211511 6.493368 3.505951 1.766380 0.831729 0.366803 0.151972 0.059459 0.022215 0.008156 0.003166 0.001496 0.000967 0.000809 0.000764 0.000752 0.000749 0.000748 0.000748 0.000748 0.000748 0.000748 0.000748 0.000748 0.000748 0.000748 0.000748 0.000748 0.000748 0.000748 0.000748 0.000748 0.000748 0.000748 0.000747 0.000746 0.000744 0.000739 0.000728 0.000707 0.000667 0.000602 0.000501 0.000363 0.000192 0.000000 
50.000000 38.000808 27.084735 18.042487 11.211099 6.492907 3.505459 1.765870 0.831209 0.366279 0.151446 0.058932 0.021687 0.007628 0.002637 0.000967 0.000439 0.000281 0.000236 0.000224 0.000221 0.000220 0.000220 0.000220 0.000220 0.000220 0.000220 0.000220 0.000220 0.000220 0.000220 0.000220 0.000220 0.000220 0.000220 0.000220 0.000220 0.000220 0.000219 0.000219 0.000219 0.000217 0.000214 0.000207 0.000196 0.000176 0.000147 0.000106 0.000056 0.000000 
50.000000 38.000770 27.084662 18.042385 11.210976 6.492769 3.505311 1.765717 0.831053 0.366121 0.151288 0.058774 0.021529 0.007469 0.002479 0.000809 0.000281 0.000123 0.000078 0.000065 0.000062 0.000062 0.000061 0.000061 0.000061 0.000061 0.000061 0.000061 0.000061 0.000061 0.000061 0.000061 0.000061 0.000061 0.000061 0.000061 0.000061 0.000061 0.000061 0.000061 0.000061 0.000061 0.000060 0.000058 0.000055 0.000049 0.000041 0.000030 0.000016 0.000000 
50.000000 38.000759 27.084641 18.042356 11.210941 6.492729 3.505269 1.765673 0.831009 0.366077 0.151243 0.058729 0.021484 0.007424 0.002434 0.000764 0.000236 0.000078 0.000033 0.000020 0.000017 0.000017 0.000016 0.000016 0.000016 0.000016 0.000016 0.000016 0.000016 0.000016 0.000016 0.000016 0.000016 0.000016 0.000016 0.000016 0.000016 0.000016 0.000016 0.000016 0.000016 0.000016 0.000016 0.000015 0.000015 0.000013 0.000011 0.000008 0.000004 0.000000 
50.000000 38.000756 27.084636 18.042348 11.210931 6.492719 3.505258 1.765661 0.830997 0.366065 0.151231 0.058717 0.021472 0.007412 0.002422 0.000752 0.000224 0.000065 0.000020 0.000008 0.000005 0.000004 0.000004 0.000004 0.000004 0.000004 0.000004 0.000004 0.000004 0.000004 0.000004 0.000004 0.000004 0.000004 0.000004 0.000004 0.000004 0.000004 0.000004 0.000004 0.000004 0.000004 0.000004 0.000004 0.000004 0.000003 0.000003 0.000002 0.000001 0.000000 
50.000000 38.000756 27.084634 18.042346 11.210929 6.492716 3.505255 1.765658 0.830994 0.366062 0.151228 0.058713 0.021469 0.007409 0.002419 0.000749 0.000221 0.000062 0.000017 0.000005 0.000002 0.000001 0.000001 0.000001 0.000001 0.000001 0.000001 0.000001 0.000001 0.000001 0.000001 0.000001 0.000001 0.000001 0.000001 0.000001 0.000001 0.000001 0.000001 0.000001 0.000001 0.000001 0.000001 0.000001 0.000001 0.000001 0.000001 0.000000 0.000000 0.000000 
50.000000 38.000755 27.084634 18.042345 11.210928 6.492715 3.505254 1.765658 0.830993 0.366061 0.151227 0.058713 0.021468 0.007408 0.002418 0.000748 0.000220 0.000062 0.000017 0.000004 0.000001 0.000000 0.000000 0.000000 0.000000 0.000000 0.000000 0.000000 0.000000 0.000000 0.000000 0.000000 0.000000 0.000000 0.000000 0.000000 0.000000 0.000000 0.000000 0.000000 0.000000 0.000000 0.000000 0.000000 0.000000 0.000000 0.000000 0.000000 0.000000 0.000000 
50.000000 38.000755 27.084634 18.042345 11.210928 6.492715 3.505254 1.765657 0.830993 0.366061 0.151227 0.058712 0.021468 0.007408 0.002418 0.000748 0.000220 0.000061 0.000016 0.000004 0.000001 0.000000 0.000000 0.000000 0.000000 0.000000 0.000000 0.000000 0.000000 0.000000 0.000000 0.000000 0.000000 0.000000 0.000000 0.000000 0.000000 0.000000 0.000000 0.000000 0.000000 0.000000 0.000000 0.000000 0.000000 0.000000 0.000000 0.000000 0.000000 0.000000 
50.000000 38.000755 27.084634 18.042345 11.210928 6.492715 3.505254 1.765657 0.830993 0.366061 0.151227 0.058712 0.021468 0.007408 0.002418 0.000748 0.000220 0.000061 0.000016 0.000004 0.000001 0.000000 0.000000 0.000000 0.000000 0.000000 0.000000 0.000000 0.000000 0.000000 0.000000 0.000000 0.000000 0.000000 0.000000 0.000000 0.000000 0.000000 0.000000 0.000000 0.000000 0.000000 0.000000 0.000000 0.000000 0.000000 0.000000 0.000000 0.000000 0.000000 
50.000000 38.000755 27.084634 18.042345 11.210928 6.492715 3.505254 1.765657 0.830993 0.366061 0.151227 0.058712 0.021468 0.007408 0.002418 0.000748 0.000220 0.000061 0.000016 0.000004 0.000001 0.000000 0.000000 0.000000 0.000000 0.000000 0.000000 0.000000 0.000000 0.000000 0.000000 0.000000 0.000000 0.000000 0.000000 0.000000 0.000000 0.000000 0.000000 0.000000 0.000000 0.000000 0.000000 0.000000 0.000000 0.000000 0.000000 0.000000 0.000000 0.000000 
50.000000 38.000755 27.084634 18.042345 11.210928 6.492715 3.505254 1.765657 0.830993 0.366061 0.151227 0.058712 0.021468 0.007408 0.002418 0.000748 0.000220 0.000061 0.000016 0.000004 0.000001 0.000000 0.000000 0.000000 0.000000 0.000000 0.000000 0.000000 0.000000 0.000000 0.000000 0.000000 0.000000 0.000000 0.000000 0.000000 0.000000 0.000000 0.000000 0.000000 0.000000 0.000000 0.000000 0.000000 0.000000 0.000000 0.000000 0.000000 0.000000 0.000000 
50.000000 38.000755 27.084634 18.042345 11.210928 6.492715 3.505254 1.765657 0.830993 0.366061 0.151227 0.058712 0.021468 0.007408 0.002418 0.000748 0.000220 0.000061 0.000016 0.000004 0.000001 0.000000 0.000000 0.000000 0.000000 0.000000 0.000000 0.000000 0.000000 0.000000 0.000000 0.000000 0.000000 0.000000 0.000000 0.000000 0.000000 0.000000 0.000000 0.000000 0.000000 0.000000 0.000000 0.000000 0.000000 0.000000 0.000000 0.000000 0.000000 0.000000 
50.000000 38.000755 27.084634 18.042345 11.210928 6.492715 3.505254 1.765657 0.830993 0.366061 0.151227 0.058712 0.021468 0.007408 0.002418 0.000748 0.000220 0.000061 0.000016 0.000004 0.000001 0.000000 0.000000 0.000000 0.000000 0.000000 0.000000 0.000000 0.000000 0.000000 0.000000 0.000000 0.000000 0.000000 0.000000 0.000000 0.000000 0.000000 0.000000 0.000000 0.000000 0.000000 0.000000 0.000000 0.000000 0.000000 0.000000 0.000000 0.000000 0.000000 
50.000000 38.000755 27.084634 18.042345 11.210928 6.492715 3.505254 1.765658 0.830993 0.366061 0.151227 0.058713 0.021468 0.007408 0.002418 0.000748 0.000220 0.000062 0.000017 0.000004 0.000001 0.000000 0.000000 0.000000 0.000000 0.000000 0.000000 0.000000 0.000000 0.000000 0.000000 0.000000 0.000000 0.000000 0.000000 0.000000 0.000000 0.000000 0.000000 0.000000 0.000000 0.000000 0.000000 0.000000 0.000000 0.000000 0.000000 0.000000 0.000000 0.000000 
50.000000 38.000756 27.084634 18.042346 11.210929 6.492716 3.505255 1.765658 0.830994 0.366062 0.151228 0.058713 0.021469 0.007409 0.002419 0.000749 0.000221 0.000062 0.000017 0.000005 0.000002 0.000001 0.000001 0.000001 0.000001 0.000001 0.000001 0.000001 0.000001 0.000001 0.000001 0.000001 0.000001 0.000001 0.000001 0.000001 0.000001 0.000001 0.000001 0.000001 0.000001 0.000001 0.000001 0.000001 0.000001 0.000001 0.000001 0.000000 0.000000 0.000000 
50.000000 38.000756 27.084636 18.042348 11.210931 6.492719 3.505258 1.765661 0.830997 0.366065 0.151231 0.058717 0.021472 0.007412 0.002422 0.000752 0.000224 0.000065 0.000020 0.000008 0.000005 0.000004 0.000004 0.000004 0.000004 0.000004 0.000004 0.000004 0.000004 0.000004 0.000004 0.000004 0.000004 0.000004 0.000004 0.000004 0.000004 0.000004 0.000004 0.000004 0.000004 0.000004 0.000004 0.000004 0.000004 0.000003 0.000003 0.000002 0.000001 0.000000 
50.000000 38.000759 27.084641 18.042356 11.210941 6.492729 3.505269 1.765673 0.831009 0.366077 0.151243 0.058729 0.021484 0.007424 0.002434 0.000764 0.000236 0.000078 0.000033 0.000020 0.000017 0.000017 0.000016 0.000016 0.000016 0.000016 0.000016 0.000016 0.000016 0.000016 0.000016 0.000016 0.000016 0.000016 0.000016 0.000016 0.000016 0.000016 0.000016 0.000016 0.000016 0.000016 0.000016 0.000015 0.000015 0.000013 0.000011 0.000008 0.000004 0.000000 
50.000000 38.000770 27.084662 18.042385 11.210976 6.492769 3.505311 1.765717 0.831053 0.366121 0.151288 0.058774 0.021529 0.007469 0.002479 0.000809 0.000281 0.000123 0.000078 0.000065 0.000062 0.000062 0.000061 0.000061 0.000061 0.000061 0.000061 0.000061 0.000061 0.000061 0.000061 0.000061 0.000061 0.000061 0.000061 0.000061 0.000061 0.000061 0.000061 0.000061 0.000061 0.000061 0.000060 0.000058 0.000055 0.000049 0.000041 0.000030 0.000016 0.000000 
50.000000 38.000808 27.084735 18.042487 11.211099 6.492907 3.505459 1.765870 0.831209 0.366279 0.151446 0.058932 0.021687 0.007628 0.002637 0.000967 0.000439 0.000281 0.000236 0.000224 0.000221 0.000220 0.000220 0.000220 0.000220 0.000220 0.000220 0.000220 0.000220 0.000220 0.000220 0.000220 0.000220 0.000220 0.000220 0.000220 0.000220 0.000220 0.000219 0.000219 0.000219 0.000217 0.000214 0.000207 0.000196 0.000176 0.000147 0.000106 0.000056 0.000000 
50.000000 38.000936 27.084979 18.042826 11.211511 6.493368 3.505951 1.766380 0.831729 0.366803 0.151972 0.059459 0.022215 0.008156 0.003166 0.001496 0.000967 0.000809 0.000764 0.000752 0.000749 0.000748 0.000748 0.000748 0.000748 0.000748 0.000748 0.000748 0.000748 0.000748 0.000748 0.000748 0.000748 0.000748 0.000748 0.000748 0.000748 0.000748 0.000747 0.000746 0.000744 0.000739 0.000728 0.000707 0.000667 0.000602 0.000501 0.000363 0.000192 0.000000 
50.000000 38.001339 27.085748 18.043898 11.212811 6.494825 3.507507 1.767993 0.833372 0.368461 0.153638 0.061128 0.023884 0.009826 0.004835 0.003166 0.002637 0.002479 0.002434 0.002422 0.002419 0.002418 0.002418 0.002418 0.002418 0.002418 0.002418 0.002418 0.002418 0.002418 0.002418 0.002418 0.002418 0.002418 0.002418 0.002418 0.002418 0.002417 0.002416 0.002413 0.002407 0.002391 0.002356 0.002288 0.002162 0.001950 0.001627 0.001180 0.000623 0.000000 
50.000000 38.002544 27.088047 18.047102 11.216696 6.499178 3.512155 1.772812 0.838282 0.373417 0.158614 0.066112 0.028873 0.014815 0.009826 0.008156 0.007628 0.007469 0.007424 0.007412 0.007409 0.007408 0.007408 0.007408 0.007408 0.007408 0.007408 0.007408 0.007408 0.007408 0.007408 0.007408 0.007408 0.007408 0.007408 0.007408 0.007408 0.007407 0.007404 0.007395 0.007375 0.007328 0.007225 0.007018 0.006638 0.005995 0.005008 0.003636 0.001920 0.000000 
50.000000 38.005934 27.094519 18.056122 11.227635 6.511438 3.525247 1.786387 0.852115 0.387377 0.172632 0.080156 0.042926 0.028873 0.023884 0.022215 0.021687 0.021529 0.021484 0.021472 0.021469 0.021468 0.021468 0.021468 0.021468 0.021468 0.021468 0.021468 0.021468 0.021468 0.021468 0.021468 0.021468 0.021468 0.021467 0.021467 0.021466 0.021463 0.021455 0.021432 0.021376 0.021243 0.020953 0.020368 0.019282 0.017438 0.014589 0.010608 0.005609 0.000000 
50.000000 38.014910 27.111654 18.080003 11.256602 6.543906 3.559924 1.822344 0.888757 0.424358 0.209769 0.117359 0.080156 0.066112 0.061128 0.059459 0.058932 0.058774 0.058729 0.058717 0.058713 0.058713 0.058712 0.058712 0.058712 0.058712 0.058712 0.058712 0.058712 0.058712 0.058712 0.058712 0.058712 0.058712 0.058712 0.058711 0.058709 0.058701 0.058680 0.058621 0.058473 0.058124 0.057357 0.055802 0.052893 0.047916 0.040164 0.029259 0.015494 0.000000 
50.000000 38.037190 27.154189 18.139294 11.328525 6.624532 3.646042 1.911649 0.979767 0.516213 0.302012 0.209769 0.172632 0.158614 0.153638 0.151972 0.151446 0.151288 0.151243 0.151231 0.151228 0.151227 0.151227 0.151227 0.151227 0.151227 0.151227 0.151227 0.151227 0.151227 0.151227 0.151227 0.151227 0.151227 0.151226 0.151224 0.151218 0.151200 0.151148 0.151006 0.150646 0.149790 0.147899 0.144030 0.136732 0.124123 0.104302 0.076172 0.040413 0.000000 
50.000000 38.088897 27.252908 18.276910 11.495480 6.811707 3.845987 2.119007 1.191095 0.729508 0.516213 0.424358 0.387377 0.373417 0.368461 0.366803 0.366279 0.366121 0.366077 0.366065 0.366062 0.366061 0.366061 0.366061 0.366061 0.366061 0.366061 0.366061 0.366061 0.366061 0.366061 0.366060 0.366060 0.366060 0.366059 0.366055 0.366042 0.366001 0.365885 0.365567 0.364754 0.362808 0.358473 0.349513 0.332430 0.302573 0.255076 0.186896 0.099413 0.000000 
50.000000 38.200731 27.466434 18.574597 11.856667 7.216675 4.278620 2.567711 1.648411 1.191095 0.979767 0.888757 0.852115 0.838282 0.833372 0.831729 0.831209 0.831053 0.831009 0.830997 0.830994 0.830993 0.830993 0.830993 0.830993 0.830993 0.830993 0.830993 0.830993 0.830993 0.830993 0.830993 0.830992 0.830992 0.830989 0.830981 0.830955 0.830872 0.830633 0.829977 0.828286 0.824205 0.815017 0.795807 0.758698 0.692892 0.586603 0.431731 0.230470 0.000000 
50.000000 38.425428 27.895477 19.172792 12.582527 8.030595 5.148211 3.469660 2.567711 2.119007 1.911649 1.822344 1.786387 1.772812 1.767993 1.766380 1.765870 1.765717 1.765673 1.765661 1.765658 1.765658 1.765657 1.765657 1.765657 1.765657 1.765657 1.765657 1.765657 1.765657 1.765657 1.765657 1.765657 1.765656 1.765651 1.765636 1.765587 1.765434 1.764987 1.763750 1.760534 1.752693 1.734830 1.696957 1.622614 1.488370 1.267221 0.938471 0.503601 0.000000 
50.000000 38.843424 28.693644 20.285719 13.933085 9.545126 6.766449 5.148211 4.278620 3.845987 3.646042 3.559924 3.525247 3.512155 3.507507 3.505951 3.505459 3.505311 3.505269 3.505258 3.505255 3.505254 3.505254 3.505254 3.505254 3.505254 3.505254 3.505254 3.505254 3.505254 3.505254 3.505254 3.505253 3.505251 3.505244 3.505219 3.505136 3.504880 3.504122 3.502012 3.496474 3.482813 3.451254 3.383225 3.247041 2.995449 2.570173 1.920456 1.038762 0.000000 
50.000000 39.560935 30.063798 22.196318 16.251805 12.145556 9.545126 8.030595 7.216675 6.811707 6.624532 6.543906 6.511438 6.499178 6.494825 6.493368 6.492907 6.492769 6.492729 6.492719 6.492716 6.492715 6.492715 6.492715 6.492715 6.492715 6.492715 6.492715 6.492715 6.492715 6.492715 6.492715 6.492714 6.492711 6.492700 6.492663 6.492541 6.492156 6.491013 6.487800 6.479276 6.457977 6.407981 6.298084 6.072778 5.644375 4.895239 3.706406 2.030505 0.000000 
50.000000 40.693684 32.226965 25.212894 19.912983 16.251805 13.933085 12.582527 11.856667 11.495480 11.328525 11.256602 11.227635 11.216696 11.212811 11.211511 11.211099 11.210976 11.210941 11.210931 11.210929 11.210928 11.210928 11.210928 11.210928 11.210928 11.210928 11.210928 11.210928 11.210928 11.210928 11.210928 11.210927 11.210923 11.210909 11.210861 11.210701 11.210196 11.208686 11.204402 11.192908 11.163774 11.094157 10.937636 10.607430 9.956491 8.765978 6.772435 3.792088 0.000000 
50.000000 42.333235 35.358053 29.579451 25.212894 22.196318 20.285719 19.172792 18.574597 18.276910 18.139294 18.080003 18.056122 18.047102 18.043898 18.042826 18.042487 18.042385 18.042356 18.042348 18.042346 18.042345 18.042345 18.042345 18.042345 18.042345 18.042345 18.042345 18.042345 18.042345 18.042345 18.042345 18.042344 18.042340 18.042324 18.042271 18.042094 18.041532 18.039839 18.034991 18.021834 17.987994 17.905570 17.715545 17.301080 16.446917 14.789725 11.793190 6.872217 0.000000 
50.000000 44.502853 39.501517 35.358053 32.226965 30.063798 28.693644 27.895477 27.466434 27.252908 27.154189 27.111654 27.094519 27.088047 27.085748 27.084979 27.084735 27.084662 27.084641 27.084636 27.084634 27.084634 27.084634 27.084634 27.084634 27.084634 27.084634 27.084634 27.084634 27.084634 27.084634 27.084633 27.084632 27.084629 27.084615 27.084568 27.084412 27.083912 27.082394 27.078017 27.066011 27.034703 26.957005 26.773187 26.357392 25.454530 23.564863 19.750759 12.433658 0.000000 
50.000000 47.121632 44.502853 42.333235 40.693684 39.560935 38.843424 38.425428 38.200731 38.088897 38.037190 38.014910 38.005934 38.002544 38.001339 38.000936 38.000808 38.000770 38.000759 38.000756 38.000756 38.000755 38.000755 38.000755 38.000755 38.000755 38.000755 38.000755 38.000755 38.000755 38.000755 38.000755 38.000755 38.000752 38.000744 38.000717 38.000623 38.000325 37.999416 37.996777 37.989484 37.970260 37.921827 37.804662 37.530431 36.901595 35.461018 32.069196 23.560816 0.000000 
50.000000 50.000000 50.000000 50.000000 50.000000 50.000000 50.000000 50.000000 50.000000 50.000000 50.000000 50.000000 50.000000 50.000000 50.000000 50.000000 50.000000 50.000000 50.000000 50.000000 50.000000 50.000000 50.000000 50.000000 50.000000 50.000000 50.000000 50.000000 50.000000 50.000000 50.000000 50.000000 50.000000 50.000000 50.000000 50.000000 50.000000 50.000000 50.000000 50.000000 50.000000 50.000000 50.000000 50.000000 50.000000 50.000000 50.000000 50.000000 50.000000 50.000000 
