50.000000 50.000000 50.000000 50.000000 50.000000 50.000000 50.000000 50.000000 50.000000 50.000000 50.000000 50.000000 50.000000 50.000000 50.000000 50.000000 50.000000 50.000000 50.000000 50.000000 50.000000 50.000000 50.000000 50.000000 50.000000 50.000000 50.000000 50.000000 50.000000 50.000000 50.000000 50.000000 50.000000 50.000000 50.000000 50.000000 50.000000 50.000000 50.000000 50.000000 50.000000 50.000000 50.000000 50.000000 50.000000 50.000000 50.000000 50.000000 50.000000 50.000000 
50.000000 46.927313 44.150375 41.879823 40.196753 39.062521 38.365268 37.972830 37.769822 37.672928 37.630098 37.612499 37.605755 37.603336 37.602521 37.602263 37.602186 37.602164 37.602158 37.602157 37.602157 37.602156 37.602156 37.602156 37.602156 37.602156 37.602156 37.602156 37.602156 37.602156 37.602156 37.602156 37.602156 37.602155 37.602150 37.602133 37.602073 37.601869 37.601216 37.599229 37.593482 37.577675 37.536242 37.432341 37.181255 36.589489 35.203215 31.883926 23.463656 0.000000 
50.000000 44.150375 38.863834 34.541402 31.337447 29.178360 27.851152 27.104192 26.717812 26.533408 26.451900 26.418412 26.405579 26.400977 26.399428 26.398937 26.398790 26.398748 26.398737 26.398734 26.398734 26.398734 26.398734 26.398734 26.398734 26.398734 26.398734 26.398734 26.398734 26.398734 26.398734 26.398733 26.398733 26.398731 26.398723 26.398695 26.398594 26.398257 26.397181 26.393924 26.384577 26.359143 26.293486 26.132484 25.756508 24.917427 23.121202 19.431917 12.266449 0.000000 
50.000000 41.879823 34.541402 28.541467 24.094269 21.097547 19.255559 18.218956 17.682797 17.426934 17.313851 17.267395 17.249594 17.243211 17.241063 17.240383 17.240179 17.240121 17.240106 17.240102 17.240101 17.240101 17.240101 17.240101 17.240101 17.240101 17.240101 17.240101 17.240101 17.240101 17.240101 17.240101 17.240100 17.240098 17.240089 17.240058 17.239946 17.239574 17.238396 17.234857 17.224805 17.197829 17.129477 16.966123 16.598213 15.818637 14.270733 11.420201 6.676608 0.000000 
50.000000 40.196753 31.337447 24.094269 18.725831 15.108564 12.885315 11.634261 10.987244 10.678510 10.542076 10.486034 10.464562 10.456864 10.454273 10.453453 10.453207 10.453138 10.453119 10.453115 10.453113 10.453113 10.453113 10.453113 10.453113 10.453113 10.453113 10.453113 10.453113 10.453113 10.453113 10.453113 10.453112 10.453110 10.453103 10.453075 10.452977 10.452651 10.451626 10.448575 10.440009 10.417350 10.361012 10.229664 9.943416 9.362915 8.275631 6.420020 3.607264 0.000000 
50.000000 39.062521 29.178360 21.097547 15.108564 11.073421 8.593519 7.198161 6.476582 6.132306 5.980181 5.917701 5.893766 5.885185 5.882298 5.881384 5.881111 5.881033 5.881012 5.881007 5.881006 5.881006 5.881006 5.881005 5.881005 5.881005 5.881005 5.881005 5.881005 5.881005 5.881005 5.881005 5.881005 5.881004 5.880998 5.880977 5.880904 5.880663 5.879910 5.877690 5.871526 5.855443 5.816152 5.726556 5.536711 5.165148 4.499334 3.421852 1.881266 0.000000 
50.000000 38.365268 27.851152 19.255559 12.885315 8.593519 5.956052 4.472145 3.704837 3.338775 3.177038 3.110617 3.085175 3.076056 3.072987 3.072016 3.071725 3.071643 3.071621 3.071616 3.071614 3.071614 3.071614 3.071614 3.071614 3.071614 3.071614 3.071614 3.071614 3.071614 3.071614 3.071614 3.071613 3.071612 3.071609 3.071595 3.071548 3.071393 3.070911 3.069503 3.065632 3.055662 3.031679 2.978026 2.866963 2.655650 2.289437 1.718668 0.932927 0.000000 
50.000000 37.972830 27.104192 18.218956 11.634261 7.198161 4.472145 2.938503 2.145526 1.767243 1.600119 1.531491 1.505205 1.495784 1.492615 1.491611 1.491311 1.491226 1.491203 1.491198 1.491196 1.491196 1.491196 1.491196 1.491196 1.491196 1.491196 1.491196 1.491196 1.491196 1.491196 1.491196 1.491196 1.491195 1.491193 1.491185 1.491158 1.491069 1.490795 1.490001 1.487837 1.482328 1.469251 1.440466 1.382009 1.273249 1.089479 0.810706 0.436587 0.000000 
50.000000 37.769822 26.717812 17.682797 10.987244 6.476582 3.704837 2.145526 1.339310 0.954729 0.784831 0.715066 0.688347 0.678771 0.675550 0.674530 0.674225 0.674139 0.674116 0.674110 0.674108 0.674108 0.674108 0.674108 0.674108 0.674108 0.674108 0.674108 0.674108 0.674108 0.674108 0.674108 0.674108 0.674108 0.674106 0.674102 0.674088 0.674043 0.673902 0.673498 0.672407 0.669655 0.663198 0.649175 0.621139 0.569894 0.484969 0.358669 0.192147 0.000000 
50.000000 37.672928 26.533408 17.426934 10.678510 6.132306 3.338775 1.767243 0.954729 0.567153 0.395938 0.325635 0.298710 0.289060 0.285815 0.284787 0.284480 0.284393 0.284369 0.284364 0.284362 0.284362 0.284362 0.284362 0.284362 0.284362 0.284362 0.284362 0.284362 0.284362 0.284362 0.284362 0.284362 0.284361 0.284361 0.284359 0.284352 0.284331 0.284266 0.284078 0.283577 0.282321 0.279405 0.273142 0.260780 0.238501 0.202129 0.148831 0.079446 0.000000 
50.000000 37.630098 26.451900 17.313851 10.542076 5.980181 3.177038 1.600119 0.784831 0.395938 0.224143 0.153603 0.126588 0.116906 0.113650 0.112619 0.112310 0.112223 0.112200 0.112194 0.112193 0.112192 0.112192 0.112192 0.112192 0.112192 0.112192 0.112192 0.112192 0.112192 0.112192 0.112192 0.112192 0.112192 0.112192 0.112191 0.112188 0.112179 0.112151 0.112071 0.111859 0.111332 0.110118 0.107536 0.102491 0.093501 0.078995 0.057976 0.030868 0.000000 
50.000000 37.612499 26.418412 17.267395 10.486034 5.917701 3.110617 1.531491 0.715066 0.325635 0.153603 0.082966 0.055915 0.046220 0.042959 0.041927 0.041618 0.041531 0.041507 0.041501 0.041500 0.041500 0.041499 0.041499 0.041499 0.041499 0.041499 0.041499 0.041499 0.041499 0.041499 0.041499 0.041499 0.041499 0.041499 0.041499 0.041498 0.041494 0.041483 0.041452 0.041369 0.041164 0.040696 0.039706 0.037791 0.034408 0.029000 0.021232 0.011283 0.000000 
50.000000 37.605755 26.405579 17.249594 10.464562 5.893766 3.085175 1.505205 0.688347 0.298710 0.126588 0.055915 0.028849 0.019149 0.015887 0.014854 0.014545 0.014458 0.014434 0.014428 0.014427 0.014426 0.014426 0.014426 0.014426 0.014426 0.014426 0.014426 0.014426 0.014426 0.014426 0.014426 0.014426 0.014426 0.014426 0.014426 0.014426 0.014424 0.014420 0.014409 0.014379 0.014305 0.014136 0.013783 0.013103 0.011911 0.010020 0.007322 0.003886 0.000000 
50.000000 37.603336 26.400977 17.243211 10.456864 5.885185 3.076056 1.495784 0.678771 0.289060 0.116906 0.046220 0.019149 0.009448 0.006185 0.005152 0.004843 0.004755 0.004732 0.004726 0.004725 0.004724 0.004724 0.004724 0.004724 0.004724 0.004724 0.004724 0.004724 0.004724 0.004724 0.004724 0.004724 0.004724 0.004724 0.004724 0.004724 0.004724 0.004722 0.004718 0.004708 0.004683 0.004626 0.004508 0.004281 0.003887 0.003265 0.002382 0.001263 0.000000 
50.000000 37.602521 26.399428 17.241063 10.454273 5.882298 3.072987 1.492615 0.675550 0.285815 0.113650 0.042959 0.015887 0.006185 0.002921 0.001888 0.001579 0.001492 0.001469 0.001463 0.001461 0.001461 0.001461 0.001461 0.001461 0.001461 0.001461 0.001461 0.001461 0.001461 0.001461 0.001461 0.001461 0.001461 0.001461 0.001461 0.001461 0.001460 0.001460 0.001459 0.001456 0.001448 0.001430 0.001392 0.001321 0.001199 0.001006 0.000733 0.000388 0.000000 
50.000000 37.602263 26.398937 17.240383 10.453453 5.881384 3.072016 1.491611 0.674530 0.284787 0.112619 0.041927 0.014854 0.005152 0.001888 0.000855 0.000546 0.000459 0.000435 0.000429 0.000428 0.000427 0.000427 0.000427 0.000427 0.000427 0.000427 0.000427 0.000427 0.000427 0.000427 0.000427 0.000427 0.000427 0.000427 0.000427 0.000427 0.000427 0.000427 0.000427 0.000426 0.000423 0.000418 0.000407 0.000386 0.000350 0.000293 0.000214 0.000113 0.000000 
50.000000 37.602186 26.398790 17.240179 10.453207 5.881111 3.071725 1.491311 0.674225 0.284480 0.112310 0.041618 0.014545 0.004843 0.001579 0.000546 0.000237 0.000150 0.000126 0.000120 0.000119 0.000119 0.000119 0.000119 0.000119 0.000119 0.000119 0.000119 0.000119 0.000119 0.000119 0.000119 0.000119 0.000119 0.000119 0.000119 0.000119 0.000119 0.000119 0.000118 0.000118 0.000117 0.000116 0.000113 0.000107 0.000097 0.000081 0.000059 0.000031 0.000000 
50.000000 37.602164 26.398748 17.240121 10.453138 5.881033 3.071643 1.491226 0.674139 0.284393 0.112223 0.041531 0.014458 0.004755 0.001492 0.000459 0.000150 0.000063 0.000039 0.000033 0.000032 0.000031 0.000031 0.000031 0.000031 0.000031 0.000031 0.000031 0.000031 0.000031 0.000031 0.000031 0.000031 0.000031 0.000031 0.000031 0.000031 0.000031 0.000031 0.000031 0.000031 0.000031 0.000031 0.000030 0.000028 0.000025 0.000021 0.000016 0.000008 0.000000 
50.000000 37.602158 26.398737 17.240106 10.453119 5.881012 3.071621 1.491203 0.674116 0.284369 0.112200 0.041507 0.014434 0.004732 0.001469 0.000435 0.000126 0.000039 0.000016 0.000010 0.000008 0.000008 0.000008 0.000008 0.000008 0.000008 0.000008 0.000008 0.000008 0.000008 0.000008 0.000008 0.000008 0.000008 0.000008 0.000008 0.000008 0.000008 0.000008 0.000008 0.000008 0.000008 0.000008 0.000007 0.000007 0.000006 0.000005 0.000004 0.000002 0.000000 
50.000000 37.602157 26.398734 17.240102 10.453115 5.881007 3.071616 1.491198 0.674110 0.284364 0.112194 0.041501 0.014428 0.004726 0.001463 0.000429 0.000120 0.000033 0.000010 0.000004 0.000002 0.000002 0.000002 0.000002 0.000002 0.000002 0.000002 0.000002 0.000002 0.000002 0.000002 0.000002 0.000002 0.000002 0.000002 0.000002 0.000002 0.000002 0.000002 0.000002 0.000002 0.000002 0.000002 0.000002 0.000002 0.000002 0.000001 0.000001 0.000000 0.000000 
50.000000 37.602157 26.398734 17.240101 10.453113 5.881006 3.071614 1.491196 0.674108 0.284362 0.112193 0.041500 0.014427 0.004725 0.001461 0.000428 0.000119 0.000032 0.000008 0.000002 0.000001 0.000001 0.000000 0.000000 0.000000 0.000000 0.000000 0.000000 0.000000 0.000000 0.000000 0.000000 0.000000 0.000000 0.000000 0.000000 0.000000 0.000000 0.000000 0.000000 0.000000 0.000000 0.000000 0.000000 0.000000 0.000000 0.000000 0.000000 0.000000 0.000000 
50.000000 37.602156 26.398734 17.240101 10.453113 5.881006 3.071614 1.491196 0.674108 0.284362 0.112192 0.041500 0.014426 0.004724 0.001461 0.000427 0.000119 0.000031 0.000008 0.000002 0.000001 0.000000 0.000000 0.000000 0.000000 0.000000 0.000000 0.000000 0.000000 0.000000 0.000000 0.000000 0.000000 0.000000 0.000000 0.000000 0.000000 0.000000 0.000000 0.000000 0.000000 0.000000 0.000000 0.000000 0.000000 0.000000 0.000000 0.000000 0.000000 0.000000 
50.000000 37.602156 26.398734 17.240101 10.453113 5.881006 3.071614 1.491196 0.674108 0.284362 0.112192 0.041499 0.014426 0.004724 0.001461 0.000427 0.000119 0.000031 0.000008 0.000002 0.000000 0.000000 0.000000 0.000000 0.000000 0.000000 0.000000 0.000000 0.000000 0.000000 0.000000 0.000000 0.000000 0.000000 0.000000 0.000000 0.000000 0.000000 0.000000 0.000000 0.000000 0.000000 0.000000 0.000000 0.000000 0.000000 0.000000 0.000000 0.000000 0.000000 
50.000000 37.602156 26.398734 17.240101 10.453113 5.881005 3.071614 1.491196 0.674108 0.284362 0.112192 0.041499 0.014426 0.004724 0.001461 0.000427 0.000119 0.000031 0.000008 0.000002 0.000000 0.000000 0.000000 0.000000 0.000000 0.000000 0.000000 0.000000 0.000000 0.000000 0.000000 0.000000 0.000000 0.000000 0.000000 0.000000 0.000000 0.000000 0.000000 0.000000 0.000000 0.000000 0.000000 0.000000 0.000000 0.000000 0.000000 0.000000 0.000000 0.000000 
50.000000 37.602156 26.398734 17.240101 10.453113 5.881005 3.071614 1.491196 0.674108 0.284362 0.112192 0.041499 0.014426 0.004724 0.001461 0.000427 0.000119 0.000031 0.000008 0.000002 0.000000 0.000000 0.000000 0.000000 0.000000 0.000000 0.000000 0.000000 0.000000 0.000000 0.000000 0.000000 0.000000 0.000000 0.000000 0.000000 0.000000 0.000000 0.000000 0.000000 0.000000 0.000000 0.000000 0.000000 0.000000 0.000000 0.000000 0.000000 0.000000 0.000000 
50.000000 37.602156 26.398734 17.240101 10.453113 5.881005 3.071614 1.491196 0.674108 0.284362 0.112192 0.041499 0.014426 0.004724 0.001461 0.000427 0.000119 0.000031 0.000008 0.000002 0.000000 0.000000 0.000000 0.000000 0.000000 0.000000 0.000000 0.000000 0.000000 0.000000 0.000000 0.000000 0.000000 0.000000 0.000000 0.000000 0.000000 0.000000 0.000000 0.000000 0.000000 0.000000 0.000000 0.000000 0.000000 0.000000 0.000000 0.000000 0.000000 0.000000 
50.000000 37.602156 26.398734 17.240101 10.453113 5.881005 3.071614 1.491196 0.674108 0.284362 0.112192 0.041499 0.014426 0.004724 0.001461 0.000427 0.000119 0.000031 0.000008 0.000002 0.000000 0.000000 0.000000 0.000000 0.000000 0.000000 0.000000 0.000000 0.000000 0.000000 0.000000 0.000000 0.000000 0.000000 0.000000 0.000000 0.000000 0.000000 0.000000 0.000000 0.000000 0.000000 0.000000 0.000000 0.000000 0.000000 0.000000 0.000000 0.000000 0.000000 
50.000000 37.602156 26.398734 17.240101 10.453113 5.881006 3.071614 1.491196 0.674108 0.284362 0.112192 0.041499 0.014426 0.004724 0.001461 0.000427 0.000119 0.000031 0.000008 0.000002 0.000000 0.000000 0.000000 0.000000 0.000000 0.000000 0.000000 0.000000 0.000000 0.000000 0.000000 0.000000 0.000000 0.000000 0.000000 0.000000 0.000000 0.000000 0.000000 0.000000 0.000000 0.000000 0.000000 0.000000 0.000000 0.000000 0.000000 0.000000 0.000000 0.000000 
50.000000 37.602156 26.398734 17.240101 10.453113 5.881006 3.071614 1.491196 0.674108 0.284362 0.112192 0.041500 0.014426 0.004724 0.001461 0.000427 0.000119 0.000031 0.000008 0.000002 0.000001 0.000000 0.000000 0.000000 0.000000 0.000000 0.000000 0.000000 0.000000 0.000000 0.000000 0.000000 0.000000 0.000000 0.000000 0.000000 0.000000 0.000000 0.000000 0.000000 0.000000 0.000000 0.000000 0.000000 0.000000 0.000000 0.000000 0.000000 0.000000 0.000000 
50.000000 37.602157 26.398734 17.240101 10.453113 5.881006 3.071614 1.491196 0.674108 0.284362 0.112193 0.041500 0.014427 0.004725 0.001461 0.000428 0.000119 0.000032 0.000008 0.000002 0.000001 0.000001 0.000000 0.000000 0.000000 0.000000 0.000000 0.000000 0.000000 0.000000 0.000000 0.000000 0.000000 0.000000 0.000000 0.000000 0.000000 0.000000 0.000000 0.000000 0.000000 0.000000 0.000000 0.000000 0.000000 0.000000 0.000000 0.000000 0.000000 0.000000 
50.000000 37.602157 26.398734 17.240102 10.453115 5.881007 3.071616 1.491198 0.674110 0.284364 0.112194 0.041501 0.014428 0.004726 0.001463 0.000429 0.000120 0.000033 0.000010 0.000004 0.000002 0.000002 0.000002 0.000002 0.000002 0.000002 0.000002 0.000002 0.000002 0.000002 0.000002 0.000002 0.000002 0.000002 0.000002 0.000002 0.000002 0.000002 0.000002 0.000002 0.000002 0.000002 0.000002 0.000002 0.000002 0.000002 0.000001 0.000001 0.000000 0.000000 
50.000000 37.602158 26.398737 17.240106 10.453119 5.881012 3.071621 1.491203 0.674116 0.284369 0.112200 0.041507 0.014434 0.004732 0.001469 0.000435 0.000126 0.000039 0.000016 0.000010 0.000008 0.000008 0.000008 0.000008 0.000008 0.000008 0.000008 0.000008 0.000008 0.000008 0.000008 0.000008 0.000008 0.000008 0.000008 0.000008 0.000008 0.000008 0.000008 0.000008 0.000008 0.000008 0.000008 0.000007 0.000007 0.000006 0.000005 0.000004 0.000002 0.000000 
50.000000 37.602164 26.398748 17.240121 10.453138 5.881033 3.071643 1.491226 0.674139 0.284393 0.112223 0.041531 0.014458 0.004755 0.001492 0.000459 0.000150 0.000063 0.000039 0.000033 0.000032 0.000031 0.000031 0.000031 0.000031 0.000031 0.000031 0.000031 0.000031 0.000031 0.000031 0.000031 0.000031 0.000031 0.000031 0.000031 0.000031 0.000031 0.000031 0.000031 0.000031 0.000031 0.000031 0.000030 0.000028 0.000025 0.000021 0.000016 0.000008 0.000000 
50.000000 37.602186 26.398790 17.240179 10.453207 5.881111 3.071725 1.491311 0.674225 0.284480 0.112310 0.041618 0.014545 0.004843 0.001579 0.000546 0.000237 0.000150 0.000126 0.000120 0.000119 0.000119 0.000119 0.000119 0.000119 0.000119 0.000119 0.000119 0.000119 0.000119 0.000119 0.000119 0.000119 0.000119 0.000119 0.000119 0.000119 0.000119 0.000119 0.000118 0.000118 0.000117 0.000116 0.000113 0.000107 0.000097 0.000081 0.000059 0.000031 0.000000 
50.000000 37.602263 26.398937 17.240383 10.453453 5.881384 3.072016 1.491611 0.674530 0.284787 0.112619 0.041927 0.014854 0.005152 0.001888 0.000855 0.000546 0.000459 0.000435 0.000429 0.000428 0.000427 0.000427 0.000427 0.000427 0.000427 0.000427 0.000427 0.000427 0.000427 0.000427 0.000427 0.000427 0.000427 0.000427 0.000427 0.000427 0.000427 0.000427 0.000427 0.000426 0.000423 0.000418 0.000407 0.000386 0.000350 0.000293 0.000214 0.000113 0.000000 
50.000000 37.602521 26.399428 17.241063 10.454273 5.882298 3.072987 1.492615 0.675550 0.285815 0.113650 0.042959 0.015887 0.006185 0.002921 0.001888 0.001579 0.001492 0.001469 0.001463 0.001461 0.001461 0.001461 0.001461 0.001461 0.001461 0.001461 0.001461 0.001461 0.001461 0.001461 0.001461 0.001461 0.001461 0.001461 0.001461 0.001461 0.001460 0.001460 0.001459 0.001456 0.001448 0.001430 0.001392 0.001321 0.001199 0.001006 0.000733 0.000388 0.000000 
50.000000 37.603336 26.400977 17.243211 10.456864 5.885185 3.076056 1.495784 0.678771 0.289060 0.116906 0.046220 0.019149 0.009448 0.006185 0.005152 0.004843 0.004755 0.004732 0.004726 0.004725 0.004724 0.004724 0.004724 0.004724 0.004724 0.004724 0.004724 0.004724 0.004724 0.004724 0.004724 0.004724 0.004724 0.004724 0.004724 0.004724 0.004724 0.004722 0.004718 0.004708 0.004683 0.004626 0.004508 0.004281 0.003887 0.003265 0.002382 0.001263 0.000000 
50.000000 37.605755 26.405579 17.249594 10.464562 5.893766 3.085175 1.505205 0.688347 0.298710 0.126588 0.055915 0.028849 0.019149 0.015887 0.014854 0.014545 0.014458 0.014434 0.014428 0.014427 0.014426 0.014426 0.014426 0.014426 0.014426 0.014426 0.014426 0.014426 0.014426 0.014426 0.014426 0.014426 0.014426 0.014426 0.014426 0.014426 0.014424 0.014420 0.014409 0.014379 0.014305 0.014136 0.013783 0.013103 0.011911 0.010020 0.007322 0.003886 0.000000 
50.000000 37.612499 26.418412 17.267395 10.486034 5.917701 3.110617 1.531491 0.715066 0.325635 0.153603 0.082966 0.055915 0.046220 0.042959 0.041927 0.041618 0.041531 0.041507 0.041501 0.041500 0.041500 0.041499 0.041499 0.041499 0.041499 0.041499 0.041499 0.041499 0.041499 0.041499 0.041499 0.041499 0.041499 0.041499 0.041499 0.041498 0.041494 0.041483 0.041452 0.041369 0.041164 0.040696 0.039706 0.037791 0.034408 0.029000 0.021232 0.011283 0.000000 
50.000000 37.630098 26.451900 17.313851 10.542076 5.980181 3.177038 1.600119 0.784831 0.395938 0.224143 0.153603 0.126588 0.116906 0.113650 0.112619 0.112310 0.112223 0.112200 0.112194 0.112193 0.112192 0.112192 0.112192 0.112192 0.112192 0.112192 0.112192 0.112192 0.112192 0.112192 0.112192 0.112192 0.112192 0.112192 0.112191 0.112188 0.112179 0.112151 0.112071 0.111859 0.111332 0.110118 0.107536 0.102491 0.093501 0.078995 0.057976 0.030868 0.000000 
50.000000 37.672928 26.533408 17.426934 10.678510 6.132306 3.338775 1.767243 0.954729 0.567153 0.395938 0.325635 0.298710 0.289060 0.285815 0.284787 0.284480 0.284393 0.284369 0.284364 0.284362 0.284362 0.284362 0.284362 0.284362 0.284362 0.284362 0.284362 0.284362 0.284362 0.284362 0.284362 0.284362 0.284361 0.284361 0.284359 0.284352 0.284331 0.284266 0.284078 0.283577 0.282321 0.279405 0.273142 0.260780 0.238501 0.202129 0.148831 0.079446 0.000000 
50.000000 37.769822 26.717812 17.682797 10.987244 6.476582 3.704837 2.145526 1.339310 0.954729 0.784831 0.715066 0.688347 0.678771 0.675550 0.674530 0.674225 0.674139 0.674116 0.674110 0.674108 0.674108 0.674108 0.674108 0.674108 0.674108 0.674108 0.674108 0.674108 0.674108 0.674108 0.674108 0.674108 0.674108 0.674106 0.674102 0.674088 0.674043 0.673902 0.673498 0.672407 0.669655 0.663198 0.649175 0.621139 0.569894 0.484969 0.358669 0.192147 0.000000 
50.000000 37.972830 27.104192 18.218956 11.634261 7.198161 4.472145 2.938503 2.145526 1.767243 1.600119 1.531491 1.505205 1.495784 1.492615 1.491611 1.491311 1.491226 1.491203 1.491198 1.491196 1.491196 1.491196 1.491196 1.491196 1.491196 1.491196 1.491196 1.491196 1.491196 1.491196 1.491196 1.491196 1.491195 1.491193 1.491185 1.491158 1.491069 1.490795 1.490001 1.487837 1.482328 1.469251 1.440466 1.382009 1.273249 1.089479 0.810706 0.436587 0.000000 
50.000000 38.365268 27.851152 19.255559 12.885315 8.593519 5.956052 4.472145 3.704837 3.338775 3.177038 3.110617 3.085175 3.076056 3.072987 3.072016 3.071725 3.071643 3.071621 3.071616 3.071614 3.071614 3.071614 3.071614 3.071614 3.071614 3.071614 3.071614 3.071614 3.071614 3.071614 3.071614 3.071613 3.071612 3.071609 3.071595 3.071548 3.071393 3.070911 3.069503 3.065632 3.055662 3.031679 2.978026 2.866963 2.655650 2.289437 1.718668 0.932927 0.000000 
50.000000 39.062521 29.178360 21.097547 15.108564 11.073421 8.593519 7.198161 6.476582 6.132306 5.980181 5.917701 5.893766 5.885185 5.882298 5.881384 5.881111 5.881033 5.881012 5.881007 5.881006 5.881006 5.881006 5.881005 5.881005 5.881005 5.881005 5.881005 5.881005 5.881005 5.881005 5.881005 5.881005 5.881004 5.880998 5.880977 5.880904 5.880663 5.879910 5.877690 5.871526 5.855443 5.816152 5.726556 5.536711 5.165148 4.499334 3.421852 1.881266 0.000000 
50.000000 40.196753 31.337447 24.094269 18.725831 15.108564 12.885315 11.634261 10.987244 10.678510 10.542076 10.486034 10.464562 10.456864 10.454273 10.453453 10.453207 10.453138 10.453119 10.453115 10.453113 10.453113 10.453113 10.453113 10.453113 10.453113 10.453113 10.453113 10.453113 10.453113 10.453113 10.453113 10.453112 10.453110 10.453103 10.453075 10.452977 10.452651 10.451626 10.448575 10.440009 10.417350 10.361012 10.229664 9.943416 9.362915 8.275631 6.420020 3.607264 0.000000 
50.000000 41.879823 34.541402 28.541467 24.094269 21.097547 19.255559 18.218956 17.682797 17.426934 17.313851 17.267395 17.249594 17.243211 17.241063 17.240383 17.240179 17.240121 17.240106 17.240102 17.240101 17.240101 17.240101 17.240101 17.240101 17.240101 17.240101 17.240101 17.240101 17.240101 17.240101 17.240101 17.240100 17.240098 17.240089 17.240058 17.239946 17.239574 17.238396 17.234857 17.224805 17.197829 17.129477 16.966123 16.598213 15.818637 14.270733 11.420201 6.676608 0.000000 
50.000000 44.150375 38.863834 34.541402 31.337447 29.178360 27.851152 27.104192 26.717812 26.533408 26.451900 26.418412 26.405579 26.400977 26.399428 26.398937 26.398790 26.398748 26.398737 26.398734 26.398734 26.398734 26.398734 26.398734 26.398734 26.398734 26.398734 26.398734 26.398734 26.398734 26.398734 26.398733 26.398733 26.398731 26.398723 26.398695 26.398594 26.398257 26.397181 26.393924 26.384577 26.359143 26.293486 26.132484 25.756508 24.917427 23.121202 19.431917 12.266449 0.000000 
50.000000 46.927313 44.150375 41.879823 40.196753 39.062521 38.365268 37.972830 37.769822 37.672928 37.630098 37.612499 37.605755 37.603336 37.602521 37.602263 37.602186 37.602164 37.602158 37.602157 37.602157 37.602156 37.602156 37.602156 37.602156 37.602156 37.602156 37.602156 37.602156 37.602156 37.602156 37.602156 37.602156 37.602155 37.602150 37.602133 37.602073 37.601869 37.601216 37.599229 37.593482 37.577675 37.536242 37.432341 37.181255 36.589489 35.203215 31.883926 23.463656 0.000000 
50.000000 50.000000 50.000000 50.000000 50.000000 50.000000 50.000000 50.000000 50.000000 50.000000 50.000000 50.000000 50.000000 50.000000 50.000000 50.000000 50.000000 50.000000 50.000000 50.000000 50.000000 50.000000 50.000000 50.000000 50.000000 50.000000 50.000000 50.000000 50.000000 50.000000 50.000000 50.000000 50.000000 50.000000 50.000000 50.000000 50.000000 50.000000 50.000000 50.000000 50.000000 50.000000 50.000000 50.000000 50.000000 50.000000 50.000000 50.000000 50.000000 50.000000 
