50.000000 50.000000 50.000000 50.000000 50.000000 50.000000 50.000000 50.000000 50.000000 50.000000 50.000000 50.000000 50.000000 50.000000 50.000000 50.000000 50.000000 50.000000 50.000000 50.000000 50.000000 50.000000 50.000000 50.000000 50.000000 50.000000 50.000000 50.000000 50.000000 50.000000 50.000000 50.000000 50.000000 50.000000 50.000000 50.000000 50.000000 50.000000 50.000000 50.000000 50.000000 50.000000 50.000000 50.000000 50.000000 50.000000 50.000000 50.000000 50.000000 50.000000 
50.000000 48.914845 47.866654 46.888619 46.007023 45.239241 44.593099 44.067536 43.654273 43.340043 43.108936 42.944475 42.831198 42.755652 42.706850 42.676302 42.657764 42.646855 42.640626 42.637174 42.635316 42.634344 42.633850 42.633606 42.633487 42.633429 42.633397 42.633370 42.633330 42.633253 42.633095 42.632773 42.632128 42.630868 42.628461 42.623958 42.615716 42.600927 42.574882 42.529772 42.452724 42.322470 42.103382 41.734014 41.103067 39.993648 37.939150 33.806723 24.457422 0.000000 
50.000000 47.866654 45.805980 43.883228 42.150072 40.640668 39.370402 38.337188 37.524748 36.907001 36.452667 36.129355 35.906665 35.758151 35.662213 35.602160 35.565718 35.544273 35.532028 35.525241 35.521588 35.519678 35.518707 35.518227 35.517994 35.517880 35.517817 35.517766 35.517690 35.517545 35.517248 35.516642 35.515434 35.513074 35.508572 35.500170 35.484826 35.457379 35.409234 35.326277 35.185569 34.949976 34.559160 33.913812 32.846790 31.068399 28.062220 22.902990 14.059931 0.000000 
50.000000 46.888619 43.883228 41.078994 38.551280 36.349903 34.497300 32.990429 31.805547 30.904614 30.242009 29.770490 29.445722 29.229132 29.089220 29.001640 28.948496 28.917222 28.899365 28.889468 28.884141 28.881356 28.879940 28.879239 28.878899 28.878734 28.878644 28.878572 28.878469 28.878272 28.877869 28.877052 28.875422 28.872248 28.866206 28.854966 28.834520 28.798121 28.734655 28.626144 28.443954 28.143029 27.653060 26.864877 25.609693 23.629099 20.539497 15.821008 8.949469 0.000000 
50.000000 46.007023 42.150072 38.551280 35.307366 32.482263 30.104764 28.170963 26.650387 25.494214 24.643896 24.038802 23.622035 23.344093 23.164551 23.052166 22.983971 22.943839 22.920925 22.908226 22.901391 22.897817 22.896000 22.895101 22.894666 22.894455 22.894342 22.894254 22.894133 22.893904 22.893439 22.892497 22.890623 22.886985 22.880083 22.867295 22.844146 22.803184 22.732297 22.612234 22.413061 22.089168 21.572466 20.763510 19.521131 17.653683 14.922181 11.081672 6.013376 0.000000 
50.000000 45.239241 40.640668 36.349903 32.482263 29.113975 26.279367 23.973778 22.160872 20.782437 19.768663 19.047260 18.550388 18.219028 18.004982 17.871001 17.789703 17.741861 17.714545 17.699406 17.691258 17.686998 17.684832 17.683761 17.683243 17.682992 17.682861 17.682763 17.682634 17.682394 17.681910 17.680932 17.678994 17.675243 17.668155 17.655085 17.631559 17.590214 17.519259 17.400315 17.205509 16.893763 16.406405 15.662706 14.556988 12.961133 10.740210 7.793877 4.136174 0.000000 
50.000000 44.593099 39.370402 34.497300 30.104764 26.279367 23.060093 20.441645 18.382751 16.817294 15.665986 14.846722 14.282454 13.906154 13.663081 13.510933 13.418612 13.364284 13.333266 13.316076 13.306824 13.301987 13.299528 13.298312 13.297724 13.297441 13.297295 13.297192 13.297064 13.296832 13.296367 13.295431 13.293581 13.290015 13.283306 13.270999 13.248980 13.210567 13.145216 13.036815 12.861533 12.585362 12.161738 11.530046 10.616660 9.341254 7.632423 5.456590 2.859085 0.000000 
50.000000 44.067536 38.337188 32.990429 28.170963 23.973778 20.441645 17.568748 15.309799 13.592248 12.329095 11.430253 10.811184 10.398343 10.131670 9.964752 9.863471 9.803871 9.769844 9.750986 9.740837 9.735531 9.732834 9.731500 9.730856 9.730548 9.730392 9.730288 9.730168 9.729957 9.729538 9.728699 9.727049 9.723879 9.717944 9.707114 9.687861 9.654519 9.598292 9.505983 9.358539 9.129585 8.784374 8.279907 7.567373 6.598497 5.337369 3.778028 1.964154 0.000000 
50.000000 43.654273 37.524748 31.805547 26.650387 22.160872 18.382751 15.309799 12.893566 11.056443 9.705366 8.743970 8.081824 7.640262 7.355041 7.176517 7.068194 7.004452 6.968060 6.947892 6.937039 6.931364 6.928480 6.927054 6.926366 6.926038 6.925876 6.925774 6.925666 6.925484 6.925129 6.924419 6.923030 6.920373 6.915421 6.906435 6.890560 6.863269 6.817633 6.743447 6.626299 6.446783 6.180214 5.797389 5.267109 4.561218 3.662518 2.574772 1.331803 0.000000 
50.000000 43.340043 36.907001 30.904614 25.494214 20.782437 16.817294 13.592248 11.056443 9.128423 7.710511 6.701567 6.006681 5.543292 5.243975 5.056631 4.942959 4.876069 4.837881 4.816718 4.805329 4.799375 4.796349 4.794853 4.794131 4.793789 4.793623 4.793525 4.793431 4.793282 4.792994 4.792425 4.791316 4.789202 4.785283 4.778208 4.765786 4.744581 4.709405 4.652748 4.564212 4.430144 4.233708 3.955762 3.576928 3.081153 2.460660 1.721432 0.887319 0.000000 
50.000000 43.108936 36.452667 30.242009 24.643896 19.768663 15.665986 12.329095 9.705366 7.710511 6.243459 5.199558 4.480604 4.001170 3.691493 3.497666 3.380063 3.310861 3.271353 3.249459 3.237677 3.231517 3.228387 3.226839 3.226094 3.225742 3.225573 3.225479 3.225399 3.225281 3.225060 3.224625 3.223780 3.222178 3.219221 3.213912 3.204644 3.188928 3.163054 3.121730 3.057763 2.961919 2.823112 2.629171 2.368347 2.031662 1.615865 1.126390 0.579164 0.000000 
50.000000 42.944475 36.129355 29.770490 24.038802 19.047260 14.846722 11.430253 8.743970 6.701567 5.199558 4.130792 3.394719 2.903873 2.586829 2.388393 2.267994 2.197149 2.156702 2.134289 2.122228 2.115922 2.112717 2.111134 2.110371 2.110012 2.109842 2.109753 2.109685 2.109595 2.109431 2.109113 2.108498 2.107337 2.105203 2.101392 2.094775 2.083626 2.065396 2.036504 1.992161 1.926337 1.831962 1.701506 1.528000 1.306506 1.035836 0.720120 0.369593 0.000000 
50.000000 42.831198 35.906665 29.445722 23.622035 18.550388 14.282454 10.811184 8.081824 6.006681 4.480604 3.394719 2.646861 2.148161 1.826046 1.624438 1.502116 1.430139 1.389048 1.366277 1.354023 1.347617 1.344362 1.342753 1.341979 1.341615 1.341445 1.341359 1.341302 1.341234 1.341117 1.340894 1.340465 1.339658 1.338182 1.335557 1.331025 1.323431 1.311093 1.291676 1.262100 1.218555 1.156664 1.071887 0.960174 0.818850 0.647601 0.449285 0.230271 0.000000 
50.000000 42.755652 35.758151 29.229132 23.344093 18.219028 13.906154 10.398343 7.640262 5.543292 4.001170 2.903873 2.148161 1.644226 1.318732 1.115011 0.991407 0.918677 0.877156 0.854147 0.841765 0.835292 0.832003 0.830378 0.829596 0.829229 0.829059 0.828977 0.828927 0.828877 0.828796 0.828645 0.828358 0.827819 0.826837 0.825099 0.822113 0.817136 0.809098 0.796526 0.777506 0.749702 0.710482 0.657173 0.587470 0.499947 0.394612 0.273325 0.139936 0.000000 
50.000000 42.706850 35.662213 29.089220 23.164551 18.004982 13.663081 10.131670 7.355041 5.243975 3.691493 2.586829 1.826046 1.318732 0.991057 0.785972 0.661541 0.588325 0.546526 0.523364 0.510900 0.504384 0.501073 0.499437 0.498650 0.498281 0.498111 0.498032 0.497988 0.497951 0.497896 0.497798 0.497612 0.497265 0.496637 0.495529 0.493633 0.490489 0.485437 0.477581 0.465767 0.448606 0.424556 0.392082 0.349897 0.297256 0.234253 0.162043 0.082892 0.000000 
50.000000 42.676302 35.602160 29.001640 23.052166 17.871002 13.510933 9.964752 7.176517 5.056631 3.497667 2.388393 1.624438 1.115011 0.785972 0.580034 0.455087 0.381566 0.339594 0.316336 0.303821 0.297278 0.293953 0.292310 0.291520 0.291150 0.290981 0.290903 0.290863 0.290834 0.290798 0.290736 0.290620 0.290405 0.290017 0.289336 0.288174 0.286257 0.283190 0.278445 0.271348 0.261095 0.246808 0.227627 0.202846 0.172083 0.135434 0.093588 0.047841 0.000000 
50.000000 42.657764 35.565718 28.948497 22.983971 17.789703 13.418612 9.863471 7.068195 4.942959 3.380063 2.267995 1.502116 0.991407 0.661542 0.455087 0.329826 0.256121 0.214044 0.190728 0.178181 0.171622 0.168289 0.166642 0.165851 0.165480 0.165310 0.165233 0.165197 0.165174 0.165150 0.165112 0.165042 0.164913 0.164682 0.164276 0.163589 0.162458 0.160658 0.157885 0.153757 0.147822 0.139592 0.128598 0.114460 0.096986 0.076249 0.052644 0.026896 0.000000 
50.000000 42.646855 35.544273 28.917222 22.943839 17.741861 13.364285 9.803872 7.004453 4.876070 3.310862 2.197149 1.430140 0.918678 0.588326 0.381567 0.256122 0.182309 0.140170 0.116820 0.104255 0.097686 0.094348 0.092699 0.091906 0.091535 0.091366 0.091290 0.091255 0.091236 0.091220 0.091196 0.091155 0.091081 0.090947 0.090714 0.090321 0.089675 0.088652 0.087082 0.084755 0.081423 0.076823 0.070704 0.062867 0.053216 0.041800 0.028839 0.014727 0.000000 
50.000000 42.640627 35.532028 28.899365 22.920926 17.714546 13.333267 9.769845 6.968061 4.837882 3.271354 2.156704 1.389049 0.877157 0.546528 0.339596 0.214046 0.140171 0.097998 0.074628 0.062052 0.055478 0.052137 0.050487 0.049693 0.049322 0.049153 0.049077 0.049043 0.049027 0.049015 0.049001 0.048978 0.048936 0.048861 0.048731 0.048513 0.048156 0.047593 0.046731 0.045458 0.043643 0.041147 0.037837 0.033614 0.028430 0.022314 0.015386 0.007854 0.000000 
50.000000 42.637175 35.525242 28.889469 22.908228 17.699408 13.316078 9.750989 6.947895 4.816721 3.249462 2.134293 1.366280 0.854150 0.523368 0.316340 0.190732 0.116823 0.074630 0.051249 0.038668 0.032091 0.028749 0.027097 0.026304 0.025932 0.025763 0.025688 0.025654 0.025639 0.025630 0.025621 0.025608 0.025586 0.025545 0.025475 0.025358 0.025167 0.024865 0.024406 0.023730 0.022770 0.021454 0.019714 0.017500 0.014791 0.011602 0.007995 0.004080 0.000000 
50.000000 42.635317 35.521591 28.884145 22.901396 17.691264 13.306831 9.740845 6.937047 4.805338 3.237686 2.122237 1.354032 0.841775 0.510909 0.303830 0.178190 0.104264 0.062060 0.038674 0.026089 0.019510 0.016167 0.014516 0.013722 0.013350 0.013181 0.013106 0.013073 0.013059 0.013051 0.013046 0.013038 0.013026 0.013005 0.012968 0.012907 0.012807 0.012651 0.012413 0.012065 0.011571 0.010895 0.010006 0.008876 0.007497 0.005878 0.004049 0.002066 0.000000 
50.000000 42.634348 35.519685 28.881366 22.897830 17.687013 13.302004 9.735550 6.931384 4.799396 3.231539 2.115944 1.347640 0.835315 0.504407 0.297301 0.171645 0.097709 0.055499 0.032110 0.019524 0.012944 0.009601 0.007949 0.007155 0.006784 0.006614 0.006539 0.006507 0.006492 0.006486 0.006482 0.006478 0.006471 0.006460 0.006442 0.006411 0.006360 0.006281 0.006161 0.005986 0.005739 0.005401 0.004957 0.004395 0.003710 0.002907 0.002002 0.001021 0.000000 
50.000000 42.633859 35.518724 28.879964 22.896031 17.684870 13.299570 9.732879 6.928529 4.796400 3.228439 2.112771 1.344416 0.832058 0.501128 0.294008 0.168344 0.094403 0.052191 0.028800 0.016214 0.009633 0.006290 0.004638 0.003844 0.003472 0.003303 0.003228 0.003196 0.003182 0.003176 0.003172 0.003170 0.003167 0.003161 0.003152 0.003136 0.003111 0.003072 0.003012 0.002926 0.002803 0.002637 0.002419 0.002144 0.001809 0.001417 0.000975 0.000497 0.000000 
50.000000 42.633626 35.518266 28.879297 22.895175 17.683848 13.298410 9.731608 6.927169 4.794973 3.226963 2.111260 1.342881 0.830507 0.499567 0.292440 0.166772 0.092829 0.050616 0.027224 0.014637 0.008057 0.004713 0.003061 0.002267 0.001895 0.001726 0.001651 0.001619 0.001605 0.001599 0.001596 0.001595 0.001593 0.001590 0.001585 0.001577 0.001564 0.001544 0.001514 0.001470 0.001408 0.001324 0.001214 0.001075 0.000907 0.000710 0.000489 0.000249 0.000000 
50.000000 42.633534 35.518085 28.879032 22.894835 17.683444 13.297951 9.731104 6.926630 4.794407 3.226378 2.110661 1.342272 0.829892 0.498948 0.291819 0.166149 0.092205 0.049992 0.026600 0.014012 0.007432 0.004088 0.002436 0.001642 0.001271 0.001101 0.001026 0.000994 0.000980 0.000974 0.000972 0.000970 0.000969 0.000967 0.000964 0.000959 0.000951 0.000939 0.000920 0.000893 0.000855 0.000804 0.000737 0.000653 0.000550 0.000431 0.000296 0.000151 0.000000 
50.000000 42.633534 35.518085 28.879032 22.894835 17.683444 13.297951 9.731104 6.926630 4.794407 3.226378 2.110661 1.342272 0.829892 0.498948 0.291819 0.166149 0.092205 0.049992 0.026600 0.014012 0.007432 0.004088 0.002436 0.001642 0.001271 0.001101 0.001026 0.000994 0.000980 0.000974 0.000972 0.000970 0.000969 0.000967 0.000964 0.000959 0.000951 0.000939 0.000920 0.000893 0.000855 0.000804 0.000737 0.000653 0.000550 0.000431 0.000296 0.000151 0.000000 
50.000000 42.633626 35.518266 28.879297 22.895175 17.683848 13.298410 9.731608 6.927169 4.794973 3.226963 2.111260 1.342881 0.830507 0.499567 0.292440 0.166772 0.092829 0.050616 0.027224 0.014637 0.008057 0.004713 0.003061 0.002267 0.001895 0.001726 0.001651 0.001619 0.001605 0.001599 0.001596 0.001595 0.001593 0.001590 0.001585 0.001577 0.001564 0.001544 0.001514 0.001470 0.001408 0.001324 0.001214 0.001075 0.000907 0.000710 0.000489 0.000249 0.000000 
50.000000 42.633859 35.518724 28.879964 22.896031 17.684870 13.299570 9.732879 6.928529 4.796400 3.228439 2.112771 1.344416 0.832058 0.501128 0.294008 0.168344 0.094403 0.052191 0.028800 0.016214 0.009633 0.006290 0.004638 0.003844 0.003472 0.003303 0.003228 0.003196 0.003182 0.003176 0.003172 0.003170 0.003167 0.003161 0.003152 0.003136 0.003111 0.003072 0.003012 0.002926 0.002803 0.002637 0.002419 0.002144 0.001809 0.001417 0.000975 0.000497 0.000000 
50.000000 42.634348 35.519685 28.881366 22.897830 17.687013 13.302004 9.735550 6.931384 4.799396 3.231539 2.115944 1.347640 0.835315 0.504407 0.297301 0.171645 0.097709 0.055499 0.032110 0.019524 0.012944 0.009601 0.007949 0.007155 0.006784 0.006614 0.006539 0.006507 0.006492 0.006486 0.006482 0.006478 0.006471 0.006460 0.006442 0.006411 0.006360 0.006281 0.006161 0.005986 0.005739 0.005401 0.004957 0.004395 0.003710 0.002907 0.002002 0.001021 0.000000 
50.000000 42.635317 35.521591 28.884145 22.901396 17.691264 13.306831 9.740845 6.937047 4.805338 3.237686 2.122237 1.354032 0.841775 0.510909 0.303830 0.178190 0.104264 0.062060 0.038674 0.026089 0.019510 0.016167 0.014516 0.013722 0.013350 0.013181 0.013106 0.013073 0.013059 0.013051 0.013046 0.013038 0.013026 0.013005 0.012968 0.012907 0.012807 0.012651 0.012413 0.012065 0.011571 0.010895 0.010006 0.008876 0.007497 0.005878 0.004049 0.002066 0.000000 
50.000000 42.637175 35.525242 28.889469 22.908228 17.699408 13.316078 9.750989 6.947895 4.816721 3.249462 2.134293 1.366280 0.854150 0.523368 0.316340 0.190732 0.116823 0.074630 0.051249 0.038668 0.032091 0.028749 0.027097 0.026304 0.025932 0.025763 0.025688 0.025654 0.025639 0.025630 0.025621 0.025608 0.025586 0.025545 0.025475 0.025358 0.025167 0.024865 0.024406 0.023730 0.022770 0.021454 0.019714 0.017500 0.014791 0.011602 0.007995 0.004080 0.000000 
50.000000 42.640627 35.532028 28.899365 22.920926 17.714546 13.333267 9.769845 6.968061 4.837882 3.271354 2.156704 1.389049 0.877157 0.546528 0.339596 0.214046 0.140171 0.097998 0.074628 0.062052 0.055478 0.052137 0.050487 0.049693 0.049322 0.049153 0.049077 0.049043 0.049027 0.049015 0.049001 0.048978 0.048936 0.048861 0.048731 0.048513 0.048156 0.047593 0.046731 0.045458 0.043643 0.041147 0.037837 0.033614 0.028430 0.022314 0.015386 0.007854 0.000000 
50.000000 42.646855 35.544273 28.917222 22.943839 17.741861 13.364285 9.803872 7.004453 4.876070 3.310862 2.197149 1.430140 0.918678 0.588326 0.381567 0.256122 0.182309 0.140170 0.116820 0.104255 0.097686 0.094348 0.092699 0.091906 0.091535 0.091366 0.091290 0.091255 0.091236 0.091220 0.091196 0.091155 0.091081 0.090947 0.090714 0.090321 0.089675 0.088652 0.087082 0.084755 0.081423 0.076823 0.070704 0.062867 0.053216 0.041800 0.028839 0.014727 0.000000 
50.000000 42.657764 35.565718 28.948497 22.983971 17.789703 13.418612 9.863471 7.068195 4.942959 3.380063 2.267995 1.502116 0.991407 0.661542 0.455087 0.329826 0.256121 0.214044 0.190728 0.178181 0.171622 0.168289 0.166642 0.165851 0.165480 0.165310 0.165233 0.165197 0.165174 0.165150 0.165112 0.165042 0.164913 0.164682 0.164276 0.163589 0.162458 0.160658 0.157885 0.153757 0.147822 0.139592 0.128598 0.114460 0.096986 0.076249 0.052644 0.026896 0.000000 
50.000000 42.676302 35.602160 29.001640 23.052166 17.871002 13.510933 9.964752 7.176517 5.056631 3.497667 2.388393 1.624438 1.115011 0.785972 0.580034 0.455087 0.381566 0.339594 0.316336 0.303821 0.297278 0.293953 0.292310 0.291520 0.291150 0.290981 0.290903 0.290863 0.290834 0.290798 0.290736 0.290620 0.290405 0.290017 0.289336 0.288174 0.286257 0.283190 0.278445 0.271348 0.261095 0.246808 0.227627 0.202846 0.172083 0.135434 0.093588 0.047841 0.000000 
50.000000 42.706850 35.662213 29.089220 23.164551 18.004982 13.663081 10.131670 7.355041 5.243975 3.691493 2.586829 1.826046 1.318732 0.991057 0.785972 0.661541 0.588325 0.546526 0.523364 0.510900 0.504384 0.501073 0.499437 0.498650 0.498281 0.498111 0.498032 0.497988 0.497951 0.497896 0.497798 0.497612 0.497265 0.496637 0.495529 0.493633 0.490489 0.485437 0.477581 0.465767 0.448606 0.424556 0.392082 0.349897 0.297256 0.234253 0.162043 0.082892 0.000000 
50.000000 42.755652 35.758151 29.229132 23.344093 18.219028 13.906154 10.398343 7.640262 5.543292 4.001170 2.903873 2.148161 1.644226 1.318732 1.115011 0.991407 0.918677 0.877156 0.854147 0.841765 0.835292 0.832003 0.830378 0.829596 0.829229 0.829059 0.828977 0.828927 0.828877 0.828796 0.828645 0.828358 0.827819 0.826837 0.825099 0.822113 0.817136 0.809098 0.796526 0.777506 0.749702 0.710482 0.657173 0.587470 0.499947 0.394612 0.273325 0.139936 0.000000 
50.000000 42.831198 35.906665 29.445722 23.622035 18.550388 14.282454 10.811184 8.081824 6.006681 4.480604 3.394719 2.646861 2.148161 1.826046 1.624438 1.502116 1.430139 1.389048 1.366277 1.354023 1.347617 1.344362 1.342753 1.341979 1.341615 1.341445 1.341359 1.341302 1.341234 1.341117 1.340894 1.340465 1.339658 1.338182 1.335557 1.331025 1.323431 1.311093 1.291676 1.262100 1.218555 1.156664 1.071887 0.960174 0.818850 0.647601 0.449285 0.230271 0.000000 
50.000000 42.944475 36.129355 29.770490 24.038802 19.047260 14.846722 11.430253 8.743970 6.701567 5.199558 4.130792 3.394719 2.903873 2.586829 2.388393 2.267994 2.197149 2.156702 2.134289 2.122228 2.115922 2.112717 2.111134 2.110371 2.110012 2.109842 2.109753 2.109685 2.109595 2.109431 2.109113 2.108498 2.107337 2.105203 2.101392 2.094775 2.083626 2.065396 2.036504 1.992161 1.926337 1.831962 1.701506 1.528000 1.306506 1.035836 0.720120 0.369593 0.000000 
50.000000 43.108936 36.452667 30.242009 24.643896 19.768663 15.665986 12.329095 9.705366 7.710511 6.243459 5.199558 4.480604 4.001170 3.691493 3.497666 3.380063 3.310861 3.271353 3.249459 3.237677 3.231517 3.228387 3.226839 3.226094 3.225742 3.225573 3.225479 3.225399 3.225281 3.225060 3.224625 3.223780 3.222178 3.219221 3.213912 3.204644 3.188928 3.163054 3.121730 3.057763 2.961919 2.823112 2.629171 2.368347 2.031662 1.615865 1.126390 0.579164 0.000000 
50.000000 43.340043 36.907001 30.904614 25.494214 20.782437 16.817294 13.592248 11.056443 9.128423 7.710511 6.701567 6.006681 5.543292 5.243975 5.056631 4.942959 4.876069 4.837881 4.816718 4.805329 4.799375 4.796349 4.794853 4.794131 4.793789 4.793623 4.793525 4.793431 4.793282 4.792994 4.792425 4.791316 4.789202 4.785283 4.778208 4.765786 4.744581 4.709405 4.652748 4.564212 4.430144 4.233708 3.955762 3.576928 3.081153 2.460660 1.721432 0.887319 0.000000 
50.000000 43.654273 37.524748 31.805547 26.650387 22.160872 18.382751 15.309799 12.893566 11.056443 9.705366 8.743970 8.081824 7.640262 7.355041 7.176517 7.068194 7.004452 6.968060 6.947892 6.937039 6.931364 6.928480 6.927054 6.926366 6.926038 6.925876 6.925774 6.925666 6.925484 6.925129 6.924419 6.923030 6.920373 6.915421 6.906435 6.890560 6.863269 6.817633 6.743447 6.626299 6.446783 6.180214 5.797389 5.267109 4.561218 3.662518 2.574772 1.331803 0.000000 
50.000000 44.067536 38.337188 32.990429 28.170963 23.973778 20.441645 17.568748 15.309799 13.592248 12.329095 11.430253 10.811184 10.398343 10.131670 9.964752 9.863471 9.803871 9.769844 9.750986 9.740837 9.735531 9.732834 9.731500 9.730856 9.730548 9.730392 9.730288 9.730168 9.729957 9.729538 9.728699 9.727049 9.723879 9.717944 9.707114 9.687861 9.654519 9.598292 9.505983 9.358539 9.129585 8.784374 8.279907 7.567373 6.598497 5.337369 3.778028 1.964154 0.000000 
50.000000 44.593099 39.370402 34.497300 30.104764 26.279367 23.060093 20.441645 18.382751 16.817294 15.665986 14.846722 14.282454 13.906154 13.663081 13.510933 13.418612 13.364284 13.333266 13.316076 13.306824 13.301987 13.299528 13.298312 13.297724 13.297441 13.297295 13.297192 13.297064 13.296832 13.296367 13.295431 13.293581 13.290015 13.283306 13.270999 13.248980 13.210567 13.145216 13.036815 12.861533 12.585362 12.161738 11.530046 10.616660 9.341254 7.632423 5.456590 2.859085 0.000000 
50.000000 45.239241 40.640668 36.349903 32.482263 29.113975 26.279367 23.973778 22.160872 20.782437 19.768663 19.047260 18.550388 18.219028 18.004982 17.871001 17.789703 17.741861 17.714545 17.699406 17.691258 17.686998 17.684832 17.683761 17.683243 17.682992 17.682861 17.682763 17.682634 17.682394 17.681910 17.680932 17.678994 17.675243 17.668155 17.655085 17.631559 17.590214 17.519259 17.400315 17.205509 16.893763 16.406405 15.662706 14.556988 12.961133 10.740210 7.793877 4.136174 0.000000 
50.000000 46.007023 42.150072 38.551280 35.307366 32.482263 30.104764 28.170963 26.650387 25.494214 24.643896 24.038802 23.622035 23.344093 23.164551 23.052166 22.983971 22.943839 22.920925 22.908226 22.901391 22.897817 22.896000 22.895101 22.894666 22.894455 22.894342 22.894254 22.894133 22.893904 22.893439 22.892497 22.890623 22.886985 22.880083 22.867295 22.844146 22.803184 22.732297 22.612234 22.413061 22.089168 21.572466 20.763510 19.521131 17.653683 14.922181 11.081672 6.013376 0.000000 
50.000000 46.888619 43.883228 41.078994 38.551280 36.349903 34.497300 32.990429 31.805547 30.904614 30.242009 29.770490 29.445722 29.229132 29.089220 29.001640 28.948496 28.917222 28.899365 28.889468 28.884141 28.881356 28.879940 28.879239 28.878899 28.878734 28.878644 28.878572 28.878469 28.878272 28.877869 28.877052 28.875422 28.872248 28.866206 28.854966 28.834520 28.798121 28.734655 28.626144 28.443954 28.143029 27.653060 26.864877 25.609693 23.629099 20.539497 15.821008 8.949469 0.000000 
50.000000 47.866654 45.805980 43.883228 42.150072 40.640668 39.370402 38.337188 37.524748 36.907001 36.452667 36.129355 35.906665 35.758151 35.662213 35.602160 35.565718 35.544273 35.532028 35.525241 35.521588 35.519678 35.518707 35.518227 35.517994 35.517880 35.517817 35.517766 35.517690 35.517545 35.517248 35.516642 35.515434 35.513074 35.508572 35.500170 35.484826 35.457379 35.409234 35.326277 35.185569 34.949976 34.559160 33.913812 32.846790 31.068399 28.062220 22.902990 14.059931 0.000000 
50.000000 48.914845 47.866654 46.888619 46.007023 45.239241 44.593099 44.067536 43.654273 43.340043 43.108936 42.944475 42.831198 42.755652 42.706850 42.676302 42.657764 42.646855 42.640626 42.637174 42.635316 42.634344 42.633850 42.633606 42.633487 42.633429 42.633397 42.633370 42.633330 42.633253 42.633095 42.632773 42.632128 42.630868 42.628461 42.623958 42.615716 42.600927 42.574882 42.529772 42.452724 42.322470 42.103382 41.734014 41.103067 39.993648 37.939150 33.806723 24.457422 0.000000 
50.000000 50.000000 50.000000 50.000000 50.000000 50.000000 50.000000 50.000000 50.000000 50.000000 50.000000 50.000000 50.000000 50.000000 50.000000 50.000000 50.000000 50.000000 50.000000 50.000000 50.000000 50.000000 50.000000 50.000000 50.000000 50.000000 50.000000 50.000000 50.000000 50.000000 50.000000 50.000000 50.000000 50.000000 50.000000 50.000000 50.000000 50.000000 50.000000 50.000000 50.000000 50.000000 50.000000 50.000000 50.000000 50.000000 50.000000 50.000000 50.000000 50.000000 
