50.000000 50.000000 50.000000 50.000000 50.000000 50.000000 50.000000 50.000000 50.000000 50.000000 50.000000 50.000000 50.000000 50.000000 50.000000 50.000000 50.000000 50.000000 50.000000 50.000000 50.000000 50.000000 50.000000 50.000000 50.000000 50.000000 50.000000 50.000000 50.000000 50.000000 50.000000 50.000000 50.000000 50.000000 50.000000 50.000000 50.000000 50.000000 50.000000 50.000000 50.000000 50.000000 50.000000 50.000000 50.000000 50.000000 50.000000 50.000000 50.000000 50.000000 
50.000000 47.543398 45.275982 43.343333 41.820537 40.709760 39.958327 39.485907 39.209266 39.058020 38.980632 38.943485 38.926717 38.919583 38.916716 38.915625 38.915232 38.915097 38.915052 38.915039 38.915035 38.915033 38.915033 38.915033 38.915033 38.915033 38.915033 38.915033 38.915033 38.915033 38.915033 38.915032 38.915030 38.915021 38.914994 38.914911 38.914663 38.913961 38.912052 38.907086 38.894701 38.865057 38.796713 38.644149 38.311528 37.593600 36.027616 32.473346 23.771699 0.000000 
50.000000 45.275982 40.915787 37.199380 34.271147 32.135238 30.690345 29.781978 29.250068 28.959272 28.810486 28.739070 28.706834 28.693120 28.687609 28.685512 28.684755 28.684496 28.684411 28.684384 28.684377 28.684374 28.684374 28.684374 28.684374 28.684374 28.684374 28.684374 28.684374 28.684373 28.684373 28.684372 28.684368 28.684353 28.684306 28.684162 28.683736 28.682528 28.679262 28.670810 28.649895 28.600350 28.487810 28.242048 27.724081 26.665327 24.556232 20.457893 12.802635 0.000000 
50.000000 43.343333 37.199380 31.962669 27.836647 24.827137 22.791344 21.511545 20.762172 20.352509 20.142918 20.042321 19.996917 19.977602 19.969840 19.966887 19.965821 19.965456 19.965336 19.965299 19.965288 19.965285 19.965284 19.965284 19.965284 19.965284 19.965284 19.965284 19.965284 19.965284 19.965283 19.965282 19.965277 19.965260 19.965204 19.965034 19.964532 19.963120 19.959323 19.949576 19.925706 19.869939 19.745626 19.481132 18.943843 17.902285 15.981334 12.643148 7.315717 0.000000 
50.000000 41.820537 34.271147 27.836647 22.767020 19.069375 16.568198 14.995913 14.075329 13.572101 13.314657 13.191101 13.135339 13.111619 13.102088 13.098462 13.097154 13.096705 13.096559 13.096513 13.096499 13.096496 13.096495 13.096494 13.096494 13.096494 13.096494 13.096494 13.096494 13.096494 13.096494 13.096492 13.096487 13.096471 13.096417 13.096254 13.095776 13.094437 13.090862 13.081772 13.059768 13.009126 12.898423 12.668867 12.218211 11.383510 9.934362 7.605820 4.226937 0.000000 
50.000000 40.709760 32.135238 24.827137 19.069375 14.869976 12.029527 10.244061 9.198720 8.627331 8.335037 8.194766 8.131465 8.104541 8.093723 8.089608 8.088124 8.087615 8.087449 8.087397 8.087381 8.087377 8.087376 8.087375 8.087375 8.087375 8.087375 8.087375 8.087375 8.087375 8.087375 8.087374 8.087370 8.087356 8.087312 8.087177 8.086785 8.085694 8.082804 8.075523 8.058106 8.018609 7.933855 7.762176 7.434988 6.851164 5.883294 4.411157 2.398232 0.000000 
50.000000 39.958327 30.690345 22.791344 16.568198 12.029527 8.959723 7.030180 5.900548 5.283121 4.967297 4.815745 4.747358 4.718273 4.706587 4.702143 4.700540 4.699990 4.699811 4.699755 4.699738 4.699733 4.699732 4.699732 4.699732 4.699732 4.699732 4.699732 4.699732 4.699732 4.699731 4.699730 4.699727 4.699717 4.699685 4.699587 4.699302 4.698516 4.696449 4.691289 4.679085 4.651786 4.594180 4.479861 4.267351 3.899331 3.310212 2.448297 1.314177 0.000000 
50.000000 39.485907 29.781978 21.511545 14.995913 10.244061 7.030180 5.010160 3.827611 3.181295 2.850711 2.692085 2.620511 2.590072 2.577844 2.573193 2.571516 2.570940 2.570753 2.570694 2.570677 2.570672 2.570670 2.570670 2.570670 2.570670 2.570670 2.570670 2.570670 2.570670 2.570670 2.570669 2.570667 2.570660 2.570639 2.570575 2.570389 2.569879 2.568547 2.565253 2.557542 2.540505 2.505080 2.436000 2.310207 2.097490 1.765919 1.294167 0.689194 0.000000 
50.000000 39.209266 29.250068 20.762172 14.075329 9.198720 5.900548 3.827611 2.614127 1.950928 1.611724 1.448968 1.375534 1.344306 1.331761 1.326990 1.325269 1.324680 1.324487 1.324427 1.324409 1.324404 1.324403 1.324402 1.324402 1.324402 1.324402 1.324402 1.324402 1.324402 1.324402 1.324402 1.324400 1.324396 1.324384 1.324345 1.324235 1.323933 1.323152 1.321234 1.316785 1.307064 1.287107 1.248762 1.180111 1.066203 0.892233 0.649718 0.344209 0.000000 
50.000000 39.058020 28.959272 20.352509 13.572101 8.627331 5.283121 3.181295 1.950928 1.278521 0.934616 0.769611 0.695164 0.663506 0.650789 0.645953 0.644209 0.643611 0.643415 0.643355 0.643337 0.643331 0.643330 0.643330 0.643330 0.643329 0.643329 0.643329 0.643329 0.643329 0.643329 0.643329 0.643329 0.643326 0.643319 0.643298 0.643238 0.643074 0.642652 0.641625 0.639260 0.634143 0.623753 0.604036 0.569225 0.512333 0.426803 0.309376 0.163318 0.000000 
50.000000 38.980632 28.810486 20.142918 13.314657 8.335037 4.967297 2.850711 1.611724 0.934616 0.588314 0.422161 0.347198 0.315321 0.302517 0.297648 0.295892 0.295290 0.295093 0.295032 0.295014 0.295009 0.295007 0.295007 0.295007 0.295007 0.295007 0.295007 0.295007 0.295007 0.295007 0.295007 0.295006 0.295005 0.295001 0.294991 0.294960 0.294878 0.294667 0.294157 0.292992 0.290490 0.285458 0.276008 0.259515 0.232885 0.193342 0.139676 0.073547 0.000000 
50.000000 38.943485 28.739070 20.042321 13.191101 8.194766 4.815745 2.692085 1.448968 0.769611 0.422161 0.255460 0.180250 0.148269 0.135423 0.130538 0.128776 0.128172 0.127975 0.127914 0.127895 0.127890 0.127889 0.127888 0.127888 0.127888 0.127888 0.127888 0.127888 0.127888 0.127888 0.127888 0.127888 0.127887 0.127886 0.127881 0.127866 0.127828 0.127730 0.127494 0.126958 0.125816 0.123538 0.119296 0.111962 0.100238 0.082998 0.059808 0.031433 0.000000 
50.000000 38.926717 28.706834 19.996917 13.135339 8.131465 4.747358 2.620511 1.375534 0.695164 0.347198 0.180250 0.104930 0.072902 0.060037 0.055145 0.053381 0.052776 0.052578 0.052517 0.052499 0.052493 0.052492 0.052492 0.052492 0.052492 0.052492 0.052492 0.052492 0.052492 0.052492 0.052491 0.052491 0.052491 0.052490 0.052488 0.052482 0.052465 0.052422 0.052320 0.052089 0.051601 0.050632 0.048842 0.045771 0.040902 0.033796 0.024306 0.012756 0.000000 
50.000000 38.919583 28.693120 19.977602 13.111619 8.104541 4.718273 2.590072 1.344306 0.663506 0.315321 0.148269 0.072902 0.040854 0.027981 0.023086 0.021321 0.020716 0.020518 0.020456 0.020438 0.020433 0.020432 0.020431 0.020431 0.020431 0.020431 0.020431 0.020431 0.020431 0.020431 0.020431 0.020431 0.020431 0.020431 0.020430 0.020427 0.020420 0.020403 0.020361 0.020268 0.020071 0.019683 0.018970 0.017756 0.015843 0.013069 0.009385 0.004920 0.000000 
50.000000 38.916716 28.687609 19.969840 13.102088 8.093723 4.706587 2.577844 1.331761 0.650789 0.302517 0.135423 0.060037 0.027981 0.015105 0.010209 0.008443 0.007838 0.007640 0.007579 0.007560 0.007555 0.007554 0.007553 0.007553 0.007553 0.007553 0.007553 0.007553 0.007553 0.007553 0.007553 0.007553 0.007553 0.007553 0.007553 0.007552 0.007549 0.007542 0.007526 0.007491 0.007416 0.007269 0.007001 0.006546 0.005833 0.004806 0.003447 0.001805 0.000000 
50.000000 38.915625 28.685512 19.966887 13.098462 8.089608 4.702143 2.573193 1.326990 0.645953 0.297648 0.130538 0.055145 0.023086 0.010209 0.005313 0.003546 0.002941 0.002743 0.002682 0.002663 0.002658 0.002657 0.002656 0.002656 0.002656 0.002656 0.002656 0.002656 0.002656 0.002656 0.002656 0.002656 0.002656 0.002656 0.002656 0.002656 0.002655 0.002652 0.002647 0.002634 0.002607 0.002554 0.002458 0.002297 0.002045 0.001683 0.001206 0.000631 0.000000 
50.000000 38.915232 28.684755 19.965821 13.097154 8.088124 4.700540 2.571516 1.325269 0.644209 0.295892 0.128776 0.053381 0.021321 0.008443 0.003546 0.001780 0.001175 0.000977 0.000916 0.000897 0.000892 0.000891 0.000890 0.000890 0.000890 0.000890 0.000890 0.000890 0.000890 0.000890 0.000890 0.000890 0.000890 0.000890 0.000890 0.000890 0.000890 0.000889 0.000887 0.000882 0.000873 0.000855 0.000823 0.000768 0.000683 0.000562 0.000402 0.000210 0.000000 
50.000000 38.915097 28.684496 19.965456 13.096705 8.087615 4.699990 2.570940 1.324680 0.643611 0.295290 0.128172 0.052776 0.020716 0.007838 0.002941 0.001175 0.000569 0.000372 0.000310 0.000292 0.000287 0.000285 0.000285 0.000285 0.000285 0.000285 0.000285 0.000285 0.000285 0.000285 0.000285 0.000285 0.000285 0.000285 0.000285 0.000285 0.000284 0.000284 0.000284 0.000282 0.000279 0.000273 0.000263 0.000245 0.000218 0.000179 0.000128 0.000067 0.000000 
50.000000 38.915052 28.684411 19.965336 13.096559 8.087449 4.699811 2.570753 1.324487 0.643415 0.295093 0.127975 0.052578 0.020518 0.007640 0.002743 0.000977 0.000372 0.000174 0.000112 0.000094 0.000089 0.000087 0.000087 0.000087 0.000087 0.000087 0.000087 0.000087 0.000087 0.000087 0.000087 0.000087 0.000087 0.000087 0.000087 0.000087 0.000087 0.000087 0.000087 0.000086 0.000085 0.000083 0.000080 0.000075 0.000066 0.000055 0.000039 0.000020 0.000000 
50.000000 38.915039 28.684384 19.965299 13.096513 8.087397 4.699755 2.570694 1.324427 0.643355 0.295032 0.127914 0.052517 0.020456 0.007579 0.002682 0.000916 0.000310 0.000112 0.000051 0.000033 0.000027 0.000026 0.000026 0.000025 0.000025 0.000025 0.000025 0.000025 0.000025 0.000025 0.000025 0.000025 0.000025 0.000025 0.000025 0.000025 0.000025 0.000025 0.000025 0.000025 0.000025 0.000024 0.000023 0.000022 0.000019 0.000016 0.000011 0.000006 0.000000 
50.000000 38.915035 28.684377 19.965288 13.096499 8.087381 4.699738 2.570677 1.324409 0.643337 0.295014 0.127895 0.052499 0.020438 0.007560 0.002663 0.000897 0.000292 0.000094 0.000033 0.000014 0.000009 0.000008 0.000007 0.000007 0.000007 0.000007 0.000007 0.000007 0.000007 0.000007 0.000007 0.000007 0.000007 0.000007 0.000007 0.000007 0.000007 0.000007 0.000007 0.000007 0.000007 0.000007 0.000007 0.000006 0.000005 0.000004 0.000003 0.000002 0.000000 
50.000000 38.915033 28.684374 19.965285 13.096496 8.087377 4.699733 2.570672 1.324404 0.643331 0.295009 0.127890 0.052493 0.020433 0.007555 0.002658 0.000892 0.000287 0.000089 0.000027 0.000009 0.000004 0.000002 0.000002 0.000002 0.000002 0.000002 0.000002 0.000002 0.000002 0.000002 0.000002 0.000002 0.000002 0.000002 0.000002 0.000002 0.000002 0.000002 0.000002 0.000002 0.000002 0.000002 0.000002 0.000002 0.000001 0.000001 0.000001 0.000000 0.000000 
50.000000 38.915033 28.684374 19.965284 13.096495 8.087376 4.699732 2.570670 1.324403 0.643330 0.295007 0.127889 0.052492 0.020432 0.007554 0.002657 0.000891 0.000285 0.000087 0.000026 0.000008 0.000002 0.000001 0.000001 0.000001 0.000001 0.000000 0.000000 0.000000 0.000000 0.000000 0.000000 0.000000 0.000000 0.000000 0.000000 0.000000 0.000000 0.000000 0.000000 0.000000 0.000000 0.000000 0.000000 0.000000 0.000000 0.000000 0.000000 0.000000 0.000000 
50.000000 38.915033 28.684374 19.965284 13.096494 8.087375 4.699732 2.570670 1.324402 0.643330 0.295007 0.127888 0.052492 0.020431 0.007553 0.002656 0.000890 0.000285 0.000087 0.000026 0.000007 0.000002 0.000001 0.000000 0.000000 0.000000 0.000000 0.000000 0.000000 0.000000 0.000000 0.000000 0.000000 0.000000 0.000000 0.000000 0.000000 0.000000 0.000000 0.000000 0.000000 0.000000 0.000000 0.000000 0.000000 0.000000 0.000000 0.000000 0.000000 0.000000 
50.000000 38.915033 28.684374 19.965284 13.096494 8.087375 4.699732 2.570670 1.324402 0.643330 0.295007 0.127888 0.052492 0.020431 0.007553 0.002656 0.000890 0.000285 0.000087 0.000025 0.000007 0.000002 0.000001 0.000000 0.000000 0.000000 0.000000 0.000000 0.000000 0.000000 0.000000 0.000000 0.000000 0.000000 0.000000 0.000000 0.000000 0.000000 0.000000 0.000000 0.000000 0.000000 0.000000 0.000000 0.000000 0.000000 0.000000 0.000000 0.000000 0.000000 
50.000000 38.915033 28.684374 19.965284 13.096494 8.087375 4.699732 2.570670 1.324402 0.643330 0.295007 0.127888 0.052492 0.020431 0.007553 0.002656 0.000890 0.000285 0.000087 0.000025 0.000007 0.000002 0.000001 0.000000 0.000000 0.000000 0.000000 0.000000 0.000000 0.000000 0.000000 0.000000 0.000000 0.000000 0.000000 0.000000 0.000000 0.000000 0.000000 0.000000 0.000000 0.000000 0.000000 0.000000 0.000000 0.000000 0.000000 0.000000 0.000000 0.000000 
50.000000 38.915033 28.684374 19.965284 13.096494 8.087375 4.699732 2.570670 1.324402 0.643330 0.295007 0.127888 0.052492 0.020431 0.007553 0.002656 0.000890 0.000285 0.000087 0.000026 0.000007 0.000002 0.000001 0.000000 0.000000 0.000000 0.000000 0.000000 0.000000 0.000000 0.000000 0.000000 0.000000 0.000000 0.000000 0.000000 0.000000 0.000000 0.000000 0.000000 0.000000 0.000000 0.000000 0.000000 0.000000 0.000000 0.000000 0.000000 0.000000 0.000000 
50.000000 38.915033 28.684374 19.965284 13.096495 8.087376 4.699732 2.570670 1.324403 0.643330 0.295007 0.127889 0.052492 0.020432 0.007554 0.002657 0.000891 0.000285 0.000087 0.000026 0.000008 0.000002 0.000001 0.000001 0.000001 0.000001 0.000000 0.000000 0.000000 0.000000 0.000000 0.000000 0.000000 0.000000 0.000000 0.000000 0.000000 0.000000 0.000000 0.000000 0.000000 0.000000 0.000000 0.000000 0.000000 0.000000 0.000000 0.000000 0.000000 0.000000 
50.000000 38.915033 28.684374 19.965285 13.096496 8.087377 4.699733 2.570672 1.324404 0.643331 0.295009 0.127890 0.052493 0.020433 0.007555 0.002658 0.000892 0.000287 0.000089 0.000027 0.000009 0.000004 0.000002 0.000002 0.000002 0.000002 0.000002 0.000002 0.000002 0.000002 0.000002 0.000002 0.000002 0.000002 0.000002 0.000002 0.000002 0.000002 0.000002 0.000002 0.000002 0.000002 0.000002 0.000002 0.000002 0.000001 0.000001 0.000001 0.000000 0.000000 
50.000000 38.915035 28.684377 19.965288 13.096499 8.087381 4.699738 2.570677 1.324409 0.643337 0.295014 0.127895 0.052499 0.020438 0.007560 0.002663 0.000897 0.000292 0.000094 0.000033 0.000014 0.000009 0.000008 0.000007 0.000007 0.000007 0.000007 0.000007 0.000007 0.000007 0.000007 0.000007 0.000007 0.000007 0.000007 0.000007 0.000007 0.000007 0.000007 0.000007 0.000007 0.000007 0.000007 0.000007 0.000006 0.000005 0.000004 0.000003 0.000002 0.000000 
50.000000 38.915039 28.684384 19.965299 13.096513 8.087397 4.699755 2.570694 1.324427 0.643355 0.295032 0.127914 0.052517 0.020456 0.007579 0.002682 0.000916 0.000310 0.000112 0.000051 0.000033 0.000027 0.000026 0.000026 0.000025 0.000025 0.000025 0.000025 0.000025 0.000025 0.000025 0.000025 0.000025 0.000025 0.000025 0.000025 0.000025 0.000025 0.000025 0.000025 0.000025 0.000025 0.000024 0.000023 0.000022 0.000019 0.000016 0.000011 0.000006 0.000000 
50.000000 38.915052 28.684411 19.965336 13.096559 8.087449 4.699811 2.570753 1.324487 0.643415 0.295093 0.127975 0.052578 0.020518 0.007640 0.002743 0.000977 0.000372 0.000174 0.000112 0.000094 0.000089 0.000087 0.000087 0.000087 0.000087 0.000087 0.000087 0.000087 0.000087 0.000087 0.000087 0.000087 0.000087 0.000087 0.000087 0.000087 0.000087 0.000087 0.000087 0.000086 0.000085 0.000083 0.000080 0.000075 0.000066 0.000055 0.000039 0.000020 0.000000 
50.000000 38.915097 28.684496 19.965456 13.096705 8.087615 4.699990 2.570940 1.324680 0.643611 0.295290 0.128172 0.052776 0.020716 0.007838 0.002941 0.001175 0.000569 0.000372 0.000310 0.000292 0.000287 0.000285 0.000285 0.000285 0.000285 0.000285 0.000285 0.000285 0.000285 0.000285 0.000285 0.000285 0.000285 0.000285 0.000285 0.000285 0.000284 0.000284 0.000284 0.000282 0.000279 0.000273 0.000263 0.000245 0.000218 0.000179 0.000128 0.000067 0.000000 
50.000000 38.915232 28.684755 19.965821 13.097154 8.088124 4.700540 2.571516 1.325269 0.644209 0.295892 0.128776 0.053381 0.021321 0.008443 0.003546 0.001780 0.001175 0.000977 0.000916 0.000897 0.000892 0.000891 0.000890 0.000890 0.000890 0.000890 0.000890 0.000890 0.000890 0.000890 0.000890 0.000890 0.000890 0.000890 0.000890 0.000890 0.000890 0.000889 0.000887 0.000882 0.000873 0.000855 0.000823 0.000768 0.000683 0.000562 0.000402 0.000210 0.000000 
50.000000 38.915625 28.685512 19.966887 13.098462 8.089608 4.702143 2.573193 1.326990 0.645953 0.297648 0.130538 0.055145 0.023086 0.010209 0.005313 0.003546 0.002941 0.002743 0.002682 0.002663 0.002658 0.002657 0.002656 0.002656 0.002656 0.002656 0.002656 0.002656 0.002656 0.002656 0.002656 0.002656 0.002656 0.002656 0.002656 0.002656 0.002655 0.002652 0.002647 0.002634 0.002607 0.002554 0.002458 0.002297 0.002045 0.001683 0.001206 0.000631 0.000000 
50.000000 38.916716 28.687609 19.969840 13.102088 8.093723 4.706587 2.577844 1.331761 0.650789 0.302517 0.135423 0.060037 0.027981 0.015105 0.010209 0.008443 0.007838 0.007640 0.007579 0.007560 0.007555 0.007554 0.007553 0.007553 0.007553 0.007553 0.007553 0.007553 0.007553 0.007553 0.007553 0.007553 0.007553 0.007553 0.007553 0.007552 0.007549 0.007542 0.007526 0.007491 0.007416 0.007269 0.007001 0.006546 0.005833 0.004806 0.003447 0.001805 0.000000 
50.000000 38.919583 28.693120 19.977602 13.111619 8.104541 4.718273 2.590072 1.344306 0.663506 0.315321 0.148269 0.072902 0.040854 0.027981 0.023086 0.021321 0.020716 0.020518 0.020456 0.020438 0.020433 0.020432 0.020431 0.020431 0.020431 0.020431 0.020431 0.020431 0.020431 0.020431 0.020431 0.020431 0.020431 0.020431 0.020430 0.020427 0.020420 0.020403 0.020361 0.020268 0.020071 0.019683 0.018970 0.017756 0.015843 0.013069 0.009385 0.004920 0.000000 
50.000000 38.926717 28.706834 19.996917 13.135339 8.131465 4.747358 2.620511 1.375534 0.695164 0.347198 0.180250 0.104930 0.072902 0.060037 0.055145 0.053381 0.052776 0.052578 0.052517 0.052499 0.052493 0.052492 0.052492 0.052492 0.052492 0.052492 0.052492 0.052492 0.052492 0.052492 0.052491 0.052491 0.052491 0.052490 0.052488 0.052482 0.052465 0.052422 0.052320 0.052089 0.051601 0.050632 0.048842 0.045771 0.040902 0.033796 0.024306 0.012756 0.000000 
50.000000 38.943485 28.739070 20.042321 13.191101 8.194766 4.815745 2.692085 1.448968 0.769611 0.422161 0.255460 0.180250 0.148269 0.135423 0.130538 0.128776 0.128172 0.127975 0.127914 0.127895 0.127890 0.127889 0.127888 0.127888 0.127888 0.127888 0.127888 0.127888 0.127888 0.127888 0.127888 0.127888 0.127887 0.127886 0.127881 0.127866 0.127828 0.127730 0.127494 0.126958 0.125816 0.123538 0.119296 0.111962 0.100238 0.082998 0.059808 0.031433 0.000000 
50.000000 38.980632 28.810486 20.142918 13.314657 8.335037 4.967297 2.850711 1.611724 0.934616 0.588314 0.422161 0.347198 0.315321 0.302517 0.297648 0.295892 0.295290 0.295093 0.295032 0.295014 0.295009 0.295007 0.295007 0.295007 0.295007 0.295007 0.295007 0.295007 0.295007 0.295007 0.295007 0.295006 0.295005 0.295001 0.294991 0.294960 0.294878 0.294667 0.294157 0.292992 0.290490 0.285458 0.276008 0.259515 0.232885 0.193342 0.139676 0.073547 0.000000 
50.000000 39.058020 28.959272 20.352509 13.572101 8.627331 5.283121 3.181295 1.950928 1.278521 0.934616 0.769611 0.695164 0.663506 0.650789 0.645953 0.644209 0.643611 0.643415 0.643355 0.643337 0.643331 0.643330 0.643330 0.643330 0.643329 0.643329 0.643329 0.643329 0.643329 0.643329 0.643329 0.643329 0.643326 0.643319 0.643298 0.643238 0.643074 0.642652 0.641625 0.639260 0.634143 0.623753 0.604036 0.569225 0.512333 0.426803 0.309376 0.163318 0.000000 
50.000000 39.209266 29.250068 20.762172 14.075329 9.198720 5.900548 3.827611 2.614127 1.950928 1.611724 1.448968 1.375534 1.344306 1.331761 1.326990 1.325269 1.324680 1.324487 1.324427 1.324409 1.324404 1.324403 1.324402 1.324402 1.324402 1.324402 1.324402 1.324402 1.324402 1.324402 1.324402 1.324400 1.324396 1.324384 1.324345 1.324235 1.323933 1.323152 1.321234 1.316785 1.307064 1.287107 1.248762 1.180111 1.066203 0.892233 0.649718 0.344209 0.000000 
50.000000 39.485907 29.781978 21.511545 14.995913 10.244061 7.030180 5.010160 3.827611 3.181295 2.850711 2.692085 2.620511 2.590072 2.577844 2.573193 2.571516 2.570940 2.570753 2.570694 2.570677 2.570672 2.570670 2.570670 2.570670 2.570670 2.570670 2.570670 2.570670 2.570670 2.570670 2.570669 2.570667 2.570660 2.570639 2.570575 2.570389 2.569879 2.568547 2.565253 2.557542 2.540505 2.505080 2.436000 2.310207 2.097490 1.765919 1.294167 0.689194 0.000000 
50.000000 39.958327 30.690345 22.791344 16.568198 12.029527 8.959723 7.030180 5.900548 5.283121 4.967297 4.815745 4.747358 4.718273 4.706587 4.702143 4.700540 4.699990 4.699811 4.699755 4.699738 4.699733 4.699732 4.699732 4.699732 4.699732 4.699732 4.699732 4.699732 4.699732 4.699731 4.699730 4.699727 4.699717 4.699685 4.699587 4.699302 4.698516 4.696449 4.691289 4.679085 4.651786 4.594180 4.479861 4.267351 3.899331 3.310212 2.448297 1.314177 0.000000 
50.000000 40.709760 32.135238 24.827137 19.069375 14.869976 12.029527 10.244061 9.198720 8.627331 8.335037 8.194766 8.131465 8.104541 8.093723 8.089608 8.088124 8.087615 8.087449 8.087397 8.087381 8.087377 8.087376 8.087375 8.087375 8.087375 8.087375 8.087375 8.087375 8.087375 8.087375 8.087374 8.087370 8.087356 8.087312 8.087177 8.086785 8.085694 8.082804 8.075523 8.058106 8.018609 7.933855 7.762176 7.434988 6.851164 5.883294 4.411157 2.398232 0.000000 
50.000000 41.820537 34.271147 27.836647 22.767020 19.069375 16.568198 14.995913 14.075329 13.572101 13.314657 13.191101 13.135339 13.111619 13.102088 13.098462 13.097154 13.096705 13.096559 13.096513 13.096499 13.096496 13.096495 13.096494 13.096494 13.096494 13.096494 13.096494 13.096494 13.096494 13.096494 13.096492 13.096487 13.096471 13.096417 13.096254 13.095776 13.094437 13.090862 13.081772 13.059768 13.009126 12.898423 12.668867 12.218211 11.383510 9.934362 7.605820 4.226937 0.000000 
50.000000 43.343333 37.199380 31.962669 27.836647 24.827137 22.791344 21.511545 20.762172 20.352509 20.142918 20.042321 19.996917 19.977602 19.969840 19.966887 19.965821 19.965456 19.965336 19.965299 19.965288 19.965285 19.965284 19.965284 19.965284 19.965284 19.965284 19.965284 19.965284 19.965284 19.965283 19.965282 19.965277 19.965260 19.965204 19.965034 19.964532 19.963120 19.959323 19.949576 19.925706 19.869939 19.745626 19.481132 18.943843 17.902285 15.981334 12.643148 7.315717 0.000000 
50.000000 45.275982 40.915787 37.199380 34.271147 32.135238 30.690345 29.781978 29.250068 28.959272 28.810486 28.739070 28.706834 28.693120 28.687609 28.685512 28.684755 28.684496 28.684411 28.684384 28.684377 28.684374 28.684374 28.684374 28.684374 28.684374 28.684374 28.684374 28.684374 28.684373 28.684373 28.684372 28.684368 28.684353 28.684306 28.684162 28.683736 28.682528 28.679262 28.670810 28.649895 28.600350 28.487810 28.242048 27.724081 26.665327 24.556232 20.457893 12.802635 0.000000 
50.000000 47.543398 45.275982 43.343333 41.820537 40.709760 39.958327 39.485907 39.209266 39.058020 38.980632 38.943485 38.926717 38.919583 38.916716 38.915625 38.915232 38.915097 38.915052 38.915039 38.915035 38.915033 38.915033 38.915033 38.915033 38.915033 38.915033 38.915033 38.915033 38.915033 38.915033 38.915032 38.915030 38.915021 38.914994 38.914911 38.914663 38.913961 38.912052 38.907086 38.894701 38.865057 38.796713 38.644149 38.311528 37.593600 36.027616 32.473346 23.771699 0.000000 
50.000000 50.000000 50.000000 50.000000 50.000000 50.000000 50.000000 50.000000 50.000000 50.000000 50.000000 50.000000 50.000000 50.000000 50.000000 50.000000 50.000000 50.000000 50.000000 50.000000 50.000000 50.000000 50.000000 50.000000 50.000000 50.000000 50.000000 50.000000 50.000000 50.000000 50.000000 50.000000 50.000000 50.000000 50.000000 50.000000 50.000000 50.000000 50.000000 50.000000 50.000000 50.000000 50.000000 50.000000 50.000000 50.000000 50.000000 50.000000 50.000000 50.000000 
