50.000000 50.000000 50.000000 50.000000 50.000000 50.000000 50.000000 50.000000 50.000000 50.000000 50.000000 50.000000 50.000000 50.000000 50.000000 50.000000 50.000000 50.000000 50.000000 50.000000 50.000000 50.000000 50.000000 50.000000 50.000000 50.000000 50.000000 50.000000 50.000000 50.000000 50.000000 50.000000 50.000000 50.000000 50.000000 50.000000 50.000000 50.000000 50.000000 50.000000 50.000000 50.000000 50.000000 50.000000 50.000000 50.000000 50.000000 50.000000 50.000000 50.000000 
50.000000 47.477242 45.153981 43.182504 41.639251 40.523118 39.775861 39.311704 39.043576 38.899168 38.826469 38.792173 38.776974 38.770630 38.768132 38.767200 38.766871 38.766761 38.766726 38.766715 38.766712 38.766711 38.766711 38.766711 38.766711 38.766711 38.766711 38.766711 38.766711 38.766711 38.766710 38.766710 38.766708 38.766701 38.766679 38.766609 38.766398 38.765785 38.764089 38.759598 38.748214 38.720537 38.655819 38.509485 38.186830 37.483705 35.938099 32.409770 23.738621 0.000000 
50.000000 45.153981 40.691204 36.904213 33.939840 31.795951 30.360641 29.469128 28.954148 28.676799 28.537181 28.471318 28.442130 28.429950 28.425151 28.423363 28.422732 28.422520 28.422452 28.422432 28.422426 28.422424 28.422423 28.422423 28.422423 28.422423 28.422423 28.422423 28.422423 28.422423 28.422423 28.422422 28.422419 28.422407 28.422369 28.422248 28.421885 28.420836 28.417946 28.410334 28.391183 28.345112 28.238972 28.004211 27.503843 26.471232 24.398125 20.345602 12.744211 0.000000 
50.000000 43.182504 36.904213 31.576714 27.406564 24.390730 22.371738 21.117740 20.393406 20.003329 19.806975 19.714354 19.673311 19.656184 19.649437 19.646924 19.646036 19.645738 19.645643 19.645614 19.645605 19.645603 19.645602 19.645602 19.645602 19.645602 19.645602 19.645602 19.645602 19.645602 19.645602 19.645601 19.645597 19.645583 19.645538 19.645397 19.644972 19.643753 19.640414 19.631691 19.609972 19.558442 19.441935 19.190861 18.675044 17.665389 15.788357 12.506089 7.244405 0.000000 
50.000000 41.639251 33.939840 27.406564 22.292730 18.594565 16.118889 14.581326 13.693253 13.215029 12.974321 12.860787 12.810480 12.789489 12.781222 12.778142 12.777054 12.776689 12.776572 12.776537 12.776526 12.776524 12.776523 12.776523 12.776523 12.776523 12.776523 12.776523 12.776523 12.776522 12.776522 12.776521 12.776517 12.776504 12.776461 12.776327 12.775925 12.774779 12.771662 12.763595 12.743741 12.697336 12.594441 12.378310 11.949139 11.146365 9.741175 7.468609 4.155545 0.000000 
50.000000 40.523118 31.795951 24.390730 18.594565 14.403122 11.597363 9.854891 8.848528 8.306642 8.033911 7.905282 7.848292 7.824514 7.815151 7.811662 7.810430 7.810017 7.809885 7.809845 7.809833 7.809830 7.809829 7.809829 7.809829 7.809829 7.809829 7.809829 7.809829 7.809829 7.809828 7.809827 7.809824 7.809813 7.809778 7.809669 7.809343 7.808419 7.805924 7.799529 7.783975 7.748148 7.670160 7.510120 7.201561 6.645425 5.715686 4.292109 2.336289 0.000000 
50.000000 39.775861 30.360641 22.371738 16.118889 11.597363 8.570777 6.691259 5.605808 5.021372 4.727246 4.588537 4.527085 4.501448 4.491353 4.487592 4.486264 4.485819 4.485677 4.485633 4.485621 4.485617 4.485616 4.485616 4.485616 4.485616 4.485616 4.485616 4.485616 4.485616 4.485616 4.485615 4.485613 4.485605 4.485580 4.485501 4.485267 4.484609 4.482847 4.478369 4.467599 4.443127 4.390736 4.285388 4.087243 3.740579 3.180876 2.356429 1.266376 0.000000 
50.000000 39.311704 29.469128 21.117740 14.581326 9.854891 6.691259 4.726719 3.592219 2.981406 2.674023 2.529071 2.464857 2.438070 2.427522 2.423593 2.422206 2.421741 2.421592 2.421547 2.421534 2.421530 2.421529 2.421529 2.421529 2.421529 2.421529 2.421529 2.421529 2.421529 2.421529 2.421528 2.421527 2.421522 2.421505 2.421454 2.421304 2.420883 2.419763 2.416942 2.410228 2.395157 2.363359 2.300523 2.184731 1.986885 1.675804 1.230156 0.655885 0.000000 
50.000000 39.043576 28.954148 20.393406 13.693253 8.848528 5.605808 3.592219 2.429436 1.803420 1.488400 1.339852 1.274050 1.246600 1.235793 1.231767 1.230346 1.229869 1.229717 1.229671 1.229657 1.229654 1.229653 1.229652 1.229652 1.229652 1.229652 1.229652 1.229652 1.229652 1.229652 1.229652 1.229651 1.229648 1.229638 1.229608 1.229520 1.229275 1.228628 1.227009 1.223193 1.214718 1.197062 1.162681 1.100380 0.995917 0.834965 0.609036 0.323039 0.000000 
50.000000 38.899168 28.676799 20.003329 13.215029 8.306642 5.021372 2.981406 1.803420 1.169237 0.850115 0.699639 0.632984 0.605180 0.594233 0.590156 0.588716 0.588233 0.588079 0.588032 0.588019 0.588015 0.588014 0.588014 0.588014 0.588014 0.588014 0.588014 0.588014 0.588014 0.588014 0.588014 0.588013 0.588011 0.588006 0.587990 0.587943 0.587812 0.587468 0.586615 0.584618 0.580227 0.571179 0.553773 0.522667 0.471288 0.393357 0.285616 0.150954 0.000000 
50.000000 38.826469 28.537181 19.806975 12.974321 8.033911 4.727246 2.674023 1.488400 0.850115 0.528936 0.377492 0.310410 0.282428 0.271412 0.267309 0.265860 0.265374 0.265219 0.265172 0.265158 0.265155 0.265154 0.265153 0.265153 0.265153 0.265153 0.265153 0.265153 0.265153 0.265153 0.265153 0.265153 0.265152 0.265149 0.265141 0.265118 0.265053 0.264884 0.264468 0.263501 0.261390 0.257081 0.248877 0.234381 0.210726 0.175285 0.126847 0.066871 0.000000 
50.000000 38.792173 28.471318 19.714354 12.860787 7.905282 4.588537 2.529071 1.339852 0.699639 0.377492 0.225594 0.158311 0.130246 0.119197 0.115082 0.113629 0.113142 0.112986 0.112939 0.112925 0.112921 0.112920 0.112920 0.112920 0.112920 0.112920 0.112920 0.112920 0.112920 0.112920 0.112920 0.112920 0.112920 0.112918 0.112915 0.112904 0.112874 0.112797 0.112608 0.112171 0.111225 0.109308 0.105691 0.099358 0.089124 0.073940 0.053373 0.028084 0.000000 
50.000000 38.776974 28.442130 19.673311 12.810480 7.848292 4.527085 2.464857 1.274050 0.632984 0.310410 0.158311 0.090940 0.062838 0.051775 0.047654 0.046199 0.045712 0.045556 0.045509 0.045495 0.045491 0.045490 0.045490 0.045490 0.045490 0.045490 0.045490 0.045490 0.045490 0.045490 0.045490 0.045490 0.045489 0.045489 0.045487 0.045483 0.045470 0.045437 0.045357 0.045172 0.044774 0.043975 0.042476 0.039874 0.035701 0.029558 0.021294 0.011189 0.000000 
50.000000 38.770630 28.429950 19.656184 12.789489 7.824514 4.501448 2.438070 1.246600 0.605180 0.282428 0.130246 0.062838 0.034722 0.023652 0.019529 0.018074 0.017586 0.017430 0.017383 0.017369 0.017365 0.017364 0.017364 0.017364 0.017364 0.017364 0.017364 0.017364 0.017364 0.017364 0.017364 0.017364 0.017364 0.017363 0.017363 0.017361 0.017356 0.017342 0.017310 0.017237 0.017080 0.016766 0.016181 0.015172 0.013564 0.011211 0.008065 0.004233 0.000000 
50.000000 38.768132 28.425151 19.649437 12.781222 7.815151 4.491353 2.427522 1.235793 0.594233 0.271412 0.119197 0.051775 0.023652 0.012580 0.008457 0.007001 0.006513 0.006357 0.006309 0.006296 0.006292 0.006291 0.006291 0.006290 0.006290 0.006290 0.006290 0.006290 0.006290 0.006290 0.006290 0.006290 0.006290 0.006290 0.006290 0.006289 0.006287 0.006282 0.006270 0.006243 0.006184 0.006068 0.005852 0.005482 0.004895 0.004041 0.002903 0.001522 0.000000 
50.000000 38.767200 28.423363 19.646924 12.778142 7.811662 4.487592 2.423593 1.231767 0.590156 0.267309 0.115082 0.047654 0.019529 0.008457 0.004333 0.002877 0.002389 0.002233 0.002185 0.002172 0.002168 0.002167 0.002167 0.002167 0.002166 0.002166 0.002166 0.002166 0.002166 0.002166 0.002166 0.002166 0.002166 0.002166 0.002166 0.002166 0.002165 0.002164 0.002159 0.002150 0.002129 0.002088 0.002013 0.001884 0.001680 0.001386 0.000995 0.000521 0.000000 
50.000000 38.766871 28.422732 19.646036 12.777054 7.810430 4.486264 2.422206 1.230346 0.588716 0.265860 0.113629 0.046199 0.018074 0.007001 0.002877 0.001421 0.000933 0.000777 0.000729 0.000716 0.000712 0.000711 0.000711 0.000711 0.000711 0.000711 0.000711 0.000711 0.000711 0.000711 0.000711 0.000711 0.000710 0.000710 0.000710 0.000710 0.000710 0.000710 0.000708 0.000705 0.000698 0.000684 0.000659 0.000617 0.000550 0.000453 0.000325 0.000170 0.000000 
50.000000 38.766761 28.422520 19.645738 12.776689 7.810017 4.485819 2.421741 1.229869 0.588233 0.265374 0.113142 0.045712 0.017586 0.006513 0.002389 0.000933 0.000444 0.000289 0.000241 0.000227 0.000224 0.000223 0.000222 0.000222 0.000222 0.000222 0.000222 0.000222 0.000222 0.000222 0.000222 0.000222 0.000222 0.000222 0.000222 0.000222 0.000222 0.000222 0.000221 0.000220 0.000218 0.000214 0.000206 0.000193 0.000172 0.000141 0.000101 0.000053 0.000000 
50.000000 38.766726 28.422452 19.645643 12.776572 7.809885 4.485677 2.421592 1.229717 0.588079 0.265219 0.112986 0.045556 0.017430 0.006357 0.002233 0.000777 0.000289 0.000133 0.000085 0.000072 0.000068 0.000067 0.000066 0.000066 0.000066 0.000066 0.000066 0.000066 0.000066 0.000066 0.000066 0.000066 0.000066 0.000066 0.000066 0.000066 0.000066 0.000066 0.000066 0.000066 0.000065 0.000064 0.000061 0.000057 0.000051 0.000042 0.000030 0.000016 0.000000 
50.000000 38.766715 28.422432 19.645614 12.776537 7.809845 4.485633 2.421547 1.229671 0.588032 0.265172 0.112939 0.045509 0.017383 0.006309 0.002185 0.000729 0.000241 0.000085 0.000038 0.000024 0.000020 0.000019 0.000019 0.000019 0.000019 0.000019 0.000019 0.000019 0.000019 0.000019 0.000019 0.000019 0.000019 0.000019 0.000019 0.000019 0.000019 0.000019 0.000019 0.000019 0.000019 0.000018 0.000018 0.000016 0.000015 0.000012 0.000009 0.000004 0.000000 
50.000000 38.766712 28.422426 19.645605 12.776526 7.809833 4.485621 2.421534 1.229657 0.588019 0.265158 0.112925 0.045495 0.017369 0.006296 0.002172 0.000716 0.000227 0.000072 0.000024 0.000010 0.000007 0.000006 0.000005 0.000005 0.000005 0.000005 0.000005 0.000005 0.000005 0.000005 0.000005 0.000005 0.000005 0.000005 0.000005 0.000005 0.000005 0.000005 0.000005 0.000005 0.000005 0.000005 0.000005 0.000004 0.000004 0.000003 0.000002 0.000001 0.000000 
50.000000 38.766711 28.422424 19.645603 12.776524 7.809830 4.485617 2.421530 1.229654 0.588015 0.265155 0.112921 0.045491 0.017365 0.006292 0.002168 0.000712 0.000224 0.000068 0.000020 0.000007 0.000003 0.000002 0.000001 0.000001 0.000001 0.000001 0.000001 0.000001 0.000001 0.000001 0.000001 0.000001 0.000001 0.000001 0.000001 0.000001 0.000001 0.000001 0.000001 0.000001 0.000001 0.000001 0.000001 0.000001 0.000001 0.000001 0.000001 0.000000 0.000000 
50.000000 38.766711 28.422423 19.645602 12.776523 7.809829 4.485616 2.421529 1.229653 0.588014 0.265154 0.112920 0.045490 0.017364 0.006291 0.002167 0.000711 0.000223 0.000067 0.000019 0.000006 0.000002 0.000001 0.000000 0.000000 0.000000 0.000000 0.000000 0.000000 0.000000 0.000000 0.000000 0.000000 0.000000 0.000000 0.000000 0.000000 0.000000 0.000000 0.000000 0.000000 0.000000 0.000000 0.000000 0.000000 0.000000 0.000000 0.000000 0.000000 0.000000 
50.000000 38.766711 28.422423 19.645602 12.776523 7.809829 4.485616 2.421529 1.229652 0.588014 0.265153 0.112920 0.045490 0.017364 0.006291 0.002167 0.000711 0.000222 0.000066 0.000019 0.000005 0.000001 0.000000 0.000000 0.000000 0.000000 0.000000 0.000000 0.000000 0.000000 0.000000 0.000000 0.000000 0.000000 0.000000 0.000000 0.000000 0.000000 0.000000 0.000000 0.000000 0.000000 0.000000 0.000000 0.000000 0.000000 0.000000 0.000000 0.000000 0.000000 
50.000000 38.766711 28.422423 19.645602 12.776523 7.809829 4.485616 2.421529 1.229652 0.588014 0.265153 0.112920 0.045490 0.017364 0.006290 0.002167 0.000711 0.000222 0.000066 0.000019 0.000005 0.000001 0.000000 0.000000 0.000000 0.000000 0.000000 0.000000 0.000000 0.000000 0.000000 0.000000 0.000000 0.000000 0.000000 0.000000 0.000000 0.000000 0.000000 0.000000 0.000000 0.000000 0.000000 0.000000 0.000000 0.000000 0.000000 0.000000 0.000000 0.000000 
50.000000 38.766711 28.422423 19.645602 12.776523 7.809829 4.485616 2.421529 1.229652 0.588014 0.265153 0.112920 0.045490 0.017364 0.006290 0.002167 0.000711 0.000222 0.000066 0.000019 0.000005 0.000001 0.000000 0.000000 0.000000 0.000000 0.000000 0.000000 0.000000 0.000000 0.000000 0.000000 0.000000 0.000000 0.000000 0.000000 0.000000 0.000000 0.000000 0.000000 0.000000 0.000000 0.000000 0.000000 0.000000 0.000000 0.000000 0.000000 0.000000 0.000000 
50.000000 38.766711 28.422423 19.645602 12.776523 7.809829 4.485616 2.421529 1.229652 0.588014 0.265153 0.112920 0.045490 0.017364 0.006291 0.002167 0.000711 0.000222 0.000066 0.000019 0.000005 0.000001 0.000000 0.000000 0.000000 0.000000 0.000000 0.000000 0.000000 0.000000 0.000000 0.000000 0.000000 0.000000 0.000000 0.000000 0.000000 0.000000 0.000000 0.000000 0.000000 0.000000 0.000000 0.000000 0.000000 0.000000 0.000000 0.000000 0.000000 0.000000 
50.000000 38.766711 28.422423 19.645602 12.776523 7.809829 4.485616 2.421529 1.229653 0.588014 0.265154 0.112920 0.045490 0.017364 0.006291 0.002167 0.000711 0.000223 0.000067 0.000019 0.000006 0.000002 0.000001 0.000000 0.000000 0.000000 0.000000 0.000000 0.000000 0.000000 0.000000 0.000000 0.000000 0.000000 0.000000 0.000000 0.000000 0.000000 0.000000 0.000000 0.000000 0.000000 0.000000 0.000000 0.000000 0.000000 0.000000 0.000000 0.000000 0.000000 
50.000000 38.766711 28.422424 19.645603 12.776524 7.809830 4.485617 2.421530 1.229654 0.588015 0.265155 0.112921 0.045491 0.017365 0.006292 0.002168 0.000712 0.000224 0.000068 0.000020 0.000007 0.000003 0.000002 0.000001 0.000001 0.000001 0.000001 0.000001 0.000001 0.000001 0.000001 0.000001 0.000001 0.000001 0.000001 0.000001 0.000001 0.000001 0.000001 0.000001 0.000001 0.000001 0.000001 0.000001 0.000001 0.000001 0.000001 0.000001 0.000000 0.000000 
50.000000 38.766712 28.422426 19.645605 12.776526 7.809833 4.485621 2.421534 1.229657 0.588019 0.265158 0.112925 0.045495 0.017369 0.006296 0.002172 0.000716 0.000227 0.000072 0.000024 0.000010 0.000007 0.000006 0.000005 0.000005 0.000005 0.000005 0.000005 0.000005 0.000005 0.000005 0.000005 0.000005 0.000005 0.000005 0.000005 0.000005 0.000005 0.000005 0.000005 0.000005 0.000005 0.000005 0.000005 0.000004 0.000004 0.000003 0.000002 0.000001 0.000000 
50.000000 38.766715 28.422432 19.645614 12.776537 7.809845 4.485633 2.421547 1.229671 0.588032 0.265172 0.112939 0.045509 0.017383 0.006309 0.002185 0.000729 0.000241 0.000085 0.000038 0.000024 0.000020 0.000019 0.000019 0.000019 0.000019 0.000019 0.000019 0.000019 0.000019 0.000019 0.000019 0.000019 0.000019 0.000019 0.000019 0.000019 0.000019 0.000019 0.000019 0.000019 0.000019 0.000018 0.000018 0.000016 0.000015 0.000012 0.000009 0.000004 0.000000 
50.000000 38.766726 28.422452 19.645643 12.776572 7.809885 4.485677 2.421592 1.229717 0.588079 0.265219 0.112986 0.045556 0.017430 0.006357 0.002233 0.000777 0.000289 0.000133 0.000085 0.000072 0.000068 0.000067 0.000066 0.000066 0.000066 0.000066 0.000066 0.000066 0.000066 0.000066 0.000066 0.000066 0.000066 0.000066 0.000066 0.000066 0.000066 0.000066 0.000066 0.000066 0.000065 0.000064 0.000061 0.000057 0.000051 0.000042 0.000030 0.000016 0.000000 
50.000000 38.766761 28.422520 19.645738 12.776689 7.810017 4.485819 2.421741 1.229869 0.588233 0.265374 0.113142 0.045712 0.017586 0.006513 0.002389 0.000933 0.000444 0.000289 0.000241 0.000227 0.000224 0.000223 0.000222 0.000222 0.000222 0.000222 0.000222 0.000222 0.000222 0.000222 0.000222 0.000222 0.000222 0.000222 0.000222 0.000222 0.000222 0.000222 0.000221 0.000220 0.000218 0.000214 0.000206 0.000193 0.000172 0.000141 0.000101 0.000053 0.000000 
50.000000 38.766871 28.422732 19.646036 12.777054 7.810430 4.486264 2.422206 1.230346 0.588716 0.265860 0.113629 0.046199 0.018074 0.007001 0.002877 0.001421 0.000933 0.000777 0.000729 0.000716 0.000712 0.000711 0.000711 0.000711 0.000711 0.000711 0.000711 0.000711 0.000711 0.000711 0.000711 0.000711 0.000710 0.000710 0.000710 0.000710 0.000710 0.000710 0.000708 0.000705 0.000698 0.000684 0.000659 0.000617 0.000550 0.000453 0.000325 0.000170 0.000000 
50.000000 38.767200 28.423363 19.646924 12.778142 7.811662 4.487592 2.423593 1.231767 0.590156 0.267309 0.115082 0.047654 0.019529 0.008457 0.004333 0.002877 0.002389 0.002233 0.002185 0.002172 0.002168 0.002167 0.002167 0.002167 0.002166 0.002166 0.002166 0.002166 0.002166 0.002166 0.002166 0.002166 0.002166 0.002166 0.002166 0.002166 0.002165 0.002164 0.002159 0.002150 0.002129 0.002088 0.002013 0.001884 0.001680 0.001386 0.000995 0.000521 0.000000 
50.000000 38.768132 28.425151 19.649437 12.781222 7.815151 4.491353 2.427522 1.235793 0.594233 0.271412 0.119197 0.051775 0.023652 0.012580 0.008457 0.007001 0.006513 0.006357 0.006309 0.006296 0.006292 0.006291 0.006291 0.006290 0.006290 0.006290 0.006290 0.006290 0.006290 0.006290 0.006290 0.006290 0.006290 0.006290 0.006290 0.006289 0.006287 0.006282 0.006270 0.006243 0.006184 0.006068 0.005852 0.005482 0.004895 0.004041 0.002903 0.001522 0.000000 
50.000000 38.770630 28.429950 19.656184 12.789489 7.824514 4.501448 2.438070 1.246600 0.605180 0.282428 0.130246 0.062838 0.034722 0.023652 0.019529 0.018074 0.017586 0.017430 0.017383 0.017369 0.017365 0.017364 0.017364 0.017364 0.017364 0.017364 0.017364 0.017364 0.017364 0.017364 0.017364 0.017364 0.017364 0.017363 0.017363 0.017361 0.017356 0.017342 0.017310 0.017237 0.017080 0.016766 0.016181 0.015172 0.013564 0.011211 0.008065 0.004233 0.000000 
50.000000 38.776974 28.442130 19.673311 12.810480 7.848292 4.527085 2.464857 1.274050 0.632984 0.310410 0.158311 0.090940 0.062838 0.051775 0.047654 0.046199 0.045712 0.045556 0.045509 0.045495 0.045491 0.045490 0.045490 0.045490 0.045490 0.045490 0.045490 0.045490 0.045490 0.045490 0.045490 0.045490 0.045489 0.045489 0.045487 0.045483 0.045470 0.045437 0.045357 0.045172 0.044774 0.043975 0.042476 0.039874 0.035701 0.029558 0.021294 0.011189 0.000000 
50.000000 38.792173 28.471318 19.714354 12.860787 7.905282 4.588537 2.529071 1.339852 0.699639 0.377492 0.225594 0.158311 0.130246 0.119197 0.115082 0.113629 0.113142 0.112986 0.112939 0.112925 0.112921 0.112920 0.112920 0.112920 0.112920 0.112920 0.112920 0.112920 0.112920 0.112920 0.112920 0.112920 0.112920 0.112918 0.112915 0.112904 0.112874 0.112797 0.112608 0.112171 0.111225 0.109308 0.105691 0.099358 0.089124 0.073940 0.053373 0.028084 0.000000 
50.000000 38.826469 28.537181 19.806975 12.974321 8.033911 4.727246 2.674023 1.488400 0.850115 0.528936 0.377492 0.310410 0.282428 0.271412 0.267309 0.265860 0.265374 0.265219 0.265172 0.265158 0.265155 0.265154 0.265153 0.265153 0.265153 0.265153 0.265153 0.265153 0.265153 0.265153 0.265153 0.265153 0.265152 0.265149 0.265141 0.265118 0.265053 0.264884 0.264468 0.263501 0.261390 0.257081 0.248877 0.234381 0.210726 0.175285 0.126847 0.066871 0.000000 
50.000000 38.899168 28.676799 20.003329 13.215029 8.306642 5.021372 2.981406 1.803420 1.169237 0.850115 0.699639 0.632984 0.605180 0.594233 0.590156 0.588716 0.588233 0.588079 0.588032 0.588019 0.588015 0.588014 0.588014 0.588014 0.588014 0.588014 0.588014 0.588014 0.588014 0.588014 0.588014 0.588013 0.588011 0.588006 0.587990 0.587943 0.587812 0.587468 0.586615 0.584618 0.580227 0.571179 0.553773 0.522667 0.471288 0.393357 0.285616 0.150954 0.000000 
50.000000 39.043576 28.954148 20.393406 13.693253 8.848528 5.605808 3.592219 2.429436 1.803420 1.488400 1.339852 1.274050 1.246600 1.235793 1.231767 1.230346 1.229869 1.229717 1.229671 1.229657 1.229654 1.229653 1.229652 1.229652 1.229652 1.229652 1.229652 1.229652 1.229652 1.229652 1.229652 1.229651 1.229648 1.229638 1.229608 1.229520 1.229275 1.228628 1.227009 1.223193 1.214718 1.197062 1.162681 1.100380 0.995917 0.834965 0.609036 0.323039 0.000000 
50.000000 39.311704 29.469128 21.117740 14.581326 9.854891 6.691259 4.726719 3.592219 2.981406 2.674023 2.529071 2.464857 2.438070 2.427522 2.423593 2.422206 2.421741 2.421592 2.421547 2.421534 2.421530 2.421529 2.421529 2.421529 2.421529 2.421529 2.421529 2.421529 2.421529 2.421529 2.421528 2.421527 2.421522 2.421505 2.421454 2.421304 2.420883 2.419763 2.416942 2.410228 2.395157 2.363359 2.300523 2.184731 1.986885 1.675804 1.230156 0.655885 0.000000 
50.000000 39.775861 30.360641 22.371738 16.118889 11.597363 8.570777 6.691259 5.605808 5.021372 4.727246 4.588537 4.527085 4.501448 4.491353 4.487592 4.486264 4.485819 4.485677 4.485633 4.485621 4.485617 4.485616 4.485616 4.485616 4.485616 4.485616 4.485616 4.485616 4.485616 4.485616 4.485615 4.485613 4.485605 4.485580 4.485501 4.485267 4.484609 4.482847 4.478369 4.467599 4.443127 4.390736 4.285388 4.087243 3.740579 3.180876 2.356429 1.266376 0.000000 
50.000000 40.523118 31.795951 24.390730 18.594565 14.403122 11.597363 9.854891 8.848528 8.306642 8.033911 7.905282 7.848292 7.824514 7.815151 7.811662 7.810430 7.810017 7.809885 7.809845 7.809833 7.809830 7.809829 7.809829 7.809829 7.809829 7.809829 7.809829 7.809829 7.809829 7.809828 7.809827 7.809824 7.809813 7.809778 7.809669 7.809343 7.808419 7.805924 7.799529 7.783975 7.748148 7.670160 7.510120 7.201561 6.645425 5.715686 4.292109 2.336289 0.000000 
50.000000 41.639251 33.939840 27.406564 22.292730 18.594565 16.118889 14.581326 13.693253 13.215029 12.974321 12.860787 12.810480 12.789489 12.781222 12.778142 12.777054 12.776689 12.776572 12.776537 12.776526 12.776524 12.776523 12.776523 12.776523 12.776523 12.776523 12.776523 12.776523 12.776522 12.776522 12.776521 12.776517 12.776504 12.776461 12.776327 12.775925 12.774779 12.771662 12.763595 12.743741 12.697336 12.594441 12.378310 11.949139 11.146365 9.741175 7.468609 4.155545 0.000000 
50.000000 43.182504 36.904213 31.576714 27.406564 24.390730 22.371738 21.117740 20.393406 20.003329 19.806975 19.714354 19.673311 19.656184 19.649437 19.646924 19.646036 19.645738 19.645643 19.645614 19.645605 19.645603 19.645602 19.645602 19.645602 19.645602 19.645602 19.645602 19.645602 19.645602 19.645602 19.645601 19.645597 19.645583 19.645538 19.645397 19.644972 19.643753 19.640414 19.631691 19.609972 19.558442 19.441935 19.190861 18.675044 17.665389 15.788357 12.506089 7.244405 0.000000 
50.000000 45.153981 40.691204 36.904213 33.939840 31.795951 30.360641 29.469128 28.954148 28.676799 28.537181 28.471318 28.442130 28.429950 28.425151 28.423363 28.422732 28.422520 28.422452 28.422432 28.422426 28.422424 28.422423 28.422423 28.422423 28.422423 28.422423 28.422423 28.422423 28.422423 28.422423 28.422422 28.422419 28.422407 28.422369 28.422248 28.421885 28.420836 28.417946 28.410334 28.391183 28.345112 28.238972 28.004211 27.503843 26.471232 24.398125 20.345602 12.744211 0.000000 
50.000000 47.477242 45.153981 43.182504 41.639251 40.523118 39.775861 39.311704 39.043576 38.899168 38.826469 38.792173 38.776974 38.770630 38.768132 38.767200 38.766871 38.766761 38.766726 38.766715 38.766712 38.766711 38.766711 38.766711 38.766711 38.766711 38.766711 38.766711 38.766711 38.766711 38.766710 38.766710 38.766708 38.766701 38.766679 38.766609 38.766398 38.765785 38.764089 38.759598 38.748214 38.720537 38.655819 38.509485 38.186830 37.483705 35.938099 32.409770 23.738621 0.000000 
50.000000 50.000000 50.000000 50.000000 50.000000 50.000000 50.000000 50.000000 50.000000 50.000000 50.000000 50.000000 50.000000 50.000000 50.000000 50.000000 50.000000 50.000000 50.000000 50.000000 50.000000 50.000000 50.000000 50.000000 50.000000 50.000000 50.000000 50.000000 50.000000 50.000000 50.000000 50.000000 50.000000 50.000000 50.000000 50.000000 50.000000 50.000000 50.000000 50.000000 50.000000 50.000000 50.000000 50.000000 50.000000 50.000000 50.000000 50.000000 50.000000 50.000000 
