50.000000 50.000000 50.000000 50.000000 50.000000 50.000000 50.000000 50.000000 50.000000 50.000000 50.000000 50.000000 50.000000 50.000000 50.000000 50.000000 50.000000 50.000000 50.000000 50.000000 50.000000 50.000000 50.000000 50.000000 50.000000 50.000000 50.000000 50.000000 50.000000 50.000000 50.000000 50.000000 50.000000 50.000000 50.000000 50.000000 50.000000 50.000000 50.000000 50.000000 50.000000 50.000000 50.000000 50.000000 50.000000 50.000000 50.000000 50.000000 50.000000 50.000000 
50.000000 42.790993 37.195195 33.762127 32.055575 31.351260 31.104703 31.030160 31.010401 31.005752 31.004770 31.004583 31.004550 31.004545 31.004544 31.004544 31.004544 31.004544 31.004544 31.004544 31.004544 31.004544 31.004544 31.004544 31.004544 31.004544 31.004544 31.004544 31.004544 31.004544 31.004544 31.004544 31.004544 31.004544 31.004544 31.004544 31.004544 31.004544 31.004542 31.004529 31.004453 31.004026 31.001846 30.991628 30.947843 30.776208 30.157522 28.078696 21.395497 0.000000 
50.000000 37.195195 27.257244 21.161812 18.132856 16.883270 16.446024 16.313892 16.278887 16.270654 16.268917 16.268585 16.268528 16.268518 16.268517 16.268517 16.268517 16.268517 16.268517 16.268517 16.268517 16.268517 16.268517 16.268517 16.268517 16.268517 16.268517 16.268517 16.268517 16.268517 16.268517 16.268517 16.268517 16.268517 16.268517 16.268517 16.268517 16.268516 16.268514 16.268498 16.268405 16.267891 16.265303 16.253443 16.204285 16.021171 15.412740 13.628622 9.116498 0.000000 
50.000000 33.762127 21.161812 13.435704 9.597921 8.015377 7.461903 7.294738 7.250477 7.240073 7.237879 7.237461 7.237388 7.237376 7.237374 7.237374 7.237374 7.237374 7.237374 7.237374 7.237374 7.237374 7.237374 7.237374 7.237374 7.237374 7.237374 7.237374 7.237374 7.237374 7.237374 7.237374 7.237374 7.237374 7.237374 7.237374 7.237374 7.237374 7.237372 7.237361 7.237295 7.236934 7.235145 7.227115 7.194781 7.079236 6.717852 5.749072 3.604606 0.000000 
50.000000 32.055575 18.132856 9.597921 5.359695 3.612663 3.001907 2.817520 2.768720 2.757255 2.754839 2.754378 2.754298 2.754285 2.754283 2.754283 2.754283 2.754283 2.754283 2.754283 2.754283 2.754283 2.754283 2.754283 2.754283 2.754283 2.754283 2.754283 2.754283 2.754283 2.754283 2.754283 2.754283 2.754283 2.754283 2.754283 2.754283 2.754283 2.754282 2.754276 2.754242 2.754060 2.753164 2.749213 2.733668 2.679848 2.518685 2.111685 1.279368 0.000000 
50.000000 31.351260 16.883270 8.015377 3.612663 1.798234 1.164074 0.972671 0.922029 0.910134 0.907628 0.907150 0.907067 0.907054 0.907052 0.907051 0.907051 0.907051 0.907051 0.907051 0.907051 0.907051 0.907051 0.907051 0.907051 0.907051 0.907051 0.907051 0.907051 0.907051 0.907051 0.907051 0.907051 0.907051 0.907051 0.907051 0.907051 0.907051 0.907051 0.907049 0.907035 0.906962 0.906608 0.905068 0.899117 0.878994 0.820595 0.678984 0.403417 0.000000 
50.000000 31.104703 16.446024 7.461903 3.001907 1.164074 0.521810 0.327987 0.276711 0.264669 0.262132 0.261648 0.261564 0.261551 0.261549 0.261549 0.261549 0.261549 0.261549 0.261549 0.261549 0.261549 0.261549 0.261549 0.261549 0.261549 0.261549 0.261549 0.261549 0.261549 0.261549 0.261549 0.261549 0.261549 0.261549 0.261549 0.261549 0.261549 0.261548 0.261548 0.261543 0.261519 0.261403 0.260905 0.259005 0.252694 0.234789 0.192581 0.113074 0.000000 
50.000000 31.030160 16.313892 7.294738 2.817520 0.972671 0.327987 0.133443 0.081979 0.069894 0.067348 0.066862 0.066778 0.066764 0.066763 0.066762 0.066762 0.066762 0.066762 0.066762 0.066762 0.066762 0.066762 0.066762 0.066762 0.066762 0.066762 0.066762 0.066762 0.066762 0.066762 0.066762 0.066762 0.066762 0.066762 0.066762 0.066762 0.066762 0.066762 0.066762 0.066761 0.066754 0.066722 0.066584 0.066063 0.064356 0.059593 0.048589 0.028313 0.000000 
50.000000 31.010401 16.278887 7.250477 2.768720 0.922029 0.276711 0.081979 0.030466 0.018369 0.015821 0.015335 0.015251 0.015237 0.015235 0.015235 0.015235 0.015235 0.015235 0.015235 0.015235 0.015235 0.015235 0.015235 0.015235 0.015235 0.015235 0.015235 0.015235 0.015235 0.015235 0.015235 0.015235 0.015235 0.015235 0.015235 0.015235 0.015235 0.015235 0.015235 0.015235 0.015233 0.015225 0.015192 0.015067 0.014661 0.013543 0.010996 0.006375 0.000000 
50.000000 31.005752 16.270654 7.240073 2.757255 0.910134 0.264669 0.069894 0.018369 0.006270 0.003721 0.003235 0.003151 0.003137 0.003135 0.003135 0.003135 0.003135 0.003135 0.003135 0.003135 0.003135 0.003135 0.003135 0.003135 0.003135 0.003135 0.003135 0.003135 0.003135 0.003135 0.003135 0.003135 0.003135 0.003135 0.003135 0.003135 0.003135 0.003135 0.003135 0.003135 0.003135 0.003133 0.003126 0.003099 0.003013 0.002778 0.002249 0.001299 0.000000 
50.000000 31.004770 16.268917 7.237879 2.754839 0.907628 0.262132 0.067348 0.015821 0.003721 0.001172 0.000687 0.000602 0.000589 0.000587 0.000586 0.000586 0.000586 0.000586 0.000586 0.000586 0.000586 0.000586 0.000586 0.000586 0.000586 0.000586 0.000586 0.000586 0.000586 0.000586 0.000586 0.000586 0.000586 0.000586 0.000586 0.000586 0.000586 0.000586 0.000586 0.000586 0.000586 0.000586 0.000584 0.000579 0.000563 0.000518 0.000419 0.000241 0.000000 
50.000000 31.004583 16.268585 7.237461 2.754378 0.907150 0.261648 0.066862 0.015335 0.003235 0.000687 0.000201 0.000116 0.000103 0.000101 0.000100 0.000100 0.000100 0.000100 0.000100 0.000100 0.000100 0.000100 0.000100 0.000100 0.000100 0.000100 0.000100 0.000100 0.000100 0.000100 0.000100 0.000100 0.000100 0.000100 0.000100 0.000100 0.000100 0.000100 0.000100 0.000100 0.000100 0.000100 0.000100 0.000099 0.000096 0.000089 0.000071 0.000041 0.000000 
50.000000 31.004550 16.268528 7.237388 2.754298 0.907067 0.261564 0.066778 0.015251 0.003151 0.000602 0.000116 0.000032 0.000018 0.000016 0.000016 0.000016 0.000016 0.000016 0.000016 0.000016 0.000016 0.000016 0.000016 0.000016 0.000016 0.000016 0.000016 0.000016 0.000016 0.000016 0.000016 0.000016 0.000016 0.000016 0.000016 0.000016 0.000016 0.000016 0.000016 0.000016 0.000016 0.000016 0.000016 0.000016 0.000015 0.000014 0.000011 0.000006 0.000000 
50.000000 31.004545 16.268518 7.237376 2.754285 0.907054 0.261551 0.066764 0.015237 0.003137 0.000589 0.000103 0.000018 0.000005 0.000003 0.000002 0.000002 0.000002 0.000002 0.000002 0.000002 0.000002 0.000002 0.000002 0.000002 0.000002 0.000002 0.000002 0.000002 0.000002 0.000002 0.000002 0.000002 0.000002 0.000002 0.000002 0.000002 0.000002 0.000002 0.000002 0.000002 0.000002 0.000002 0.000002 0.000002 0.000002 0.000002 0.000002 0.000001 0.000000 
50.000000 31.004544 16.268517 7.237374 2.754283 0.907052 0.261549 0.066763 0.015235 0.003135 0.000587 0.000101 0.000016 0.000003 0.000001 0.000000 0.000000 0.000000 0.000000 0.000000 0.000000 0.000000 0.000000 0.000000 0.000000 0.000000 0.000000 0.000000 0.000000 0.000000 0.000000 0.000000 0.000000 0.000000 0.000000 0.000000 0.000000 0.000000 0.000000 0.000000 0.000000 0.000000 0.000000 0.000000 0.000000 0.000000 0.000000 0.000000 0.000000 0.000000 
50.000000 31.004544 16.268517 7.237374 2.754283 0.907051 0.261549 0.066762 0.015235 0.003135 0.000586 0.000100 0.000016 0.000002 0.000000 0.000000 0.000000 0.000000 0.000000 0.000000 0.000000 0.000000 0.000000 0.000000 0.000000 0.000000 0.000000 0.000000 0.000000 0.000000 0.000000 0.000000 0.000000 0.000000 0.000000 0.000000 0.000000 0.000000 0.000000 0.000000 0.000000 0.000000 0.000000 0.000000 0.000000 0.000000 0.000000 0.000000 0.000000 0.000000 
50.000000 31.004544 16.268517 7.237374 2.754283 0.907051 0.261549 0.066762 0.015235 0.003135 0.000586 0.000100 0.000016 0.000002 0.000000 0.000000 0.000000 0.000000 0.000000 0.000000 0.000000 0.000000 0.000000 0.000000 0.000000 0.000000 0.000000 0.000000 0.000000 0.000000 0.000000 0.000000 0.000000 0.000000 0.000000 0.000000 0.000000 0.000000 0.000000 0.000000 0.000000 0.000000 0.000000 0.000000 0.000000 0.000000 0.000000 0.000000 0.000000 0.000000 
50.000000 31.004544 16.268517 7.237374 2.754283 0.907051 0.261549 0.066762 0.015235 0.003135 0.000586 0.000100 0.000016 0.000002 0.000000 0.000000 0.000000 0.000000 0.000000 0.000000 0.000000 0.000000 0.000000 0.000000 0.000000 0.000000 0.000000 0.000000 0.000000 0.000000 0.000000 0.000000 0.000000 0.000000 0.000000 0.000000 0.000000 0.000000 0.000000 0.000000 0.000000 0.000000 0.000000 0.000000 0.000000 0.000000 0.000000 0.000000 0.000000 0.000000 
50.000000 31.004544 16.268517 7.237374 2.754283 0.907051 0.261549 0.066762 0.015235 0.003135 0.000586 0.000100 0.000016 0.000002 0.000000 0.000000 0.000000 0.000000 0.000000 0.000000 0.000000 0.000000 0.000000 0.000000 0.000000 0.000000 0.000000 0.000000 0.000000 0.000000 0.000000 0.000000 0.000000 0.000000 0.000000 0.000000 0.000000 0.000000 0.000000 0.000000 0.000000 0.000000 0.000000 0.000000 0.000000 0.000000 0.000000 0.000000 0.000000 0.000000 
50.000000 31.004544 16.268517 7.237374 2.754283 0.907051 0.261549 0.066762 0.015235 0.003135 0.000586 0.000100 0.000016 0.000002 0.000000 0.000000 0.000000 0.000000 0.000000 0.000000 0.000000 0.000000 0.000000 0.000000 0.000000 0.000000 0.000000 0.000000 0.000000 0.000000 0.000000 0.000000 0.000000 0.000000 0.000000 0.000000 0.000000 0.000000 0.000000 0.000000 0.000000 0.000000 0.000000 0.000000 0.000000 0.000000 0.000000 0.000000 0.000000 0.000000 
50.000000 31.004544 16.268517 7.237374 2.754283 0.907051 0.261549 0.066762 0.015235 0.003135 0.000586 0.000100 0.000016 0.000002 0.000000 0.000000 0.000000 0.000000 0.000000 0.000000 0.000000 0.000000 0.000000 0.000000 0.000000 0.000000 0.000000 0.000000 0.000000 0.000000 0.000000 0.000000 0.000000 0.000000 0.000000 0.000000 0.000000 0.000000 0.000000 0.000000 0.000000 0.000000 0.000000 0.000000 0.000000 0.000000 0.000000 0.000000 0.000000 0.000000 
50.000000 31.004544 16.268517 7.237374 2.754283 0.907051 0.261549 0.066762 0.015235 0.003135 0.000586 0.000100 0.000016 0.000002 0.000000 0.000000 0.000000 0.000000 0.000000 0.000000 0.000000 0.000000 0.000000 0.000000 0.000000 0.000000 0.000000 0.000000 0.000000 0.000000 0.000000 0.000000 0.000000 0.000000 0.000000 0.000000 0.000000 0.000000 0.000000 0.000000 0.000000 0.000000 0.000000 0.000000 0.000000 0.000000 0.000000 0.000000 0.000000 0.000000 
50.000000 31.004544 16.268517 7.237374 2.754283 0.907051 0.261549 0.066762 0.015235 0.003135 0.000586 0.000100 0.000016 0.000002 0.000000 0.000000 0.000000 0.000000 0.000000 0.000000 0.000000 0.000000 0.000000 0.000000 0.000000 0.000000 0.000000 0.000000 0.000000 0.000000 0.000000 0.000000 0.000000 0.000000 0.000000 0.000000 0.000000 0.000000 0.000000 0.000000 0.000000 0.000000 0.000000 0.000000 0.000000 0.000000 0.000000 0.000000 0.000000 0.000000 
50.000000 31.004544 16.268517 7.237374 2.754283 0.907051 0.261549 0.066762 0.015235 0.003135 0.000586 0.000100 0.000016 0.000002 0.000000 0.000000 0.000000 0.000000 0.000000 0.000000 0.000000 0.000000 0.000000 0.000000 0.000000 0.000000 0.000000 0.000000 0.000000 0.000000 0.000000 0.000000 0.000000 0.000000 0.000000 0.000000 0.000000 0.000000 0.000000 0.000000 0.000000 0.000000 0.000000 0.000000 0.000000 0.000000 0.000000 0.000000 0.000000 0.000000 
50.000000 31.004544 16.268517 7.237374 2.754283 0.907051 0.261549 0.066762 0.015235 0.003135 0.000586 0.000100 0.000016 0.000002 0.000000 0.000000 0.000000 0.000000 0.000000 0.000000 0.000000 0.000000 0.000000 0.000000 0.000000 0.000000 0.000000 0.000000 0.000000 0.000000 0.000000 0.000000 0.000000 0.000000 0.000000 0.000000 0.000000 0.000000 0.000000 0.000000 0.000000 0.000000 0.000000 0.000000 0.000000 0.000000 0.000000 0.000000 0.000000 0.000000 
50.000000 31.004544 16.268517 7.237374 2.754283 0.907051 0.261549 0.066762 0.015235 0.003135 0.000586 0.000100 0.000016 0.000002 0.000000 0.000000 0.000000 0.000000 0.000000 0.000000 0.000000 0.000000 0.000000 0.000000 0.000000 0.000000 0.000000 0.000000 0.000000 0.000000 0.000000 0.000000 0.000000 0.000000 0.000000 0.000000 0.000000 0.000000 0.000000 0.000000 0.000000 0.000000 0.000000 0.000000 0.000000 0.000000 0.000000 0.000000 0.000000 0.000000 
50.000000 31.004544 16.268517 7.237374 2.754283 0.907051 0.261549 0.066762 0.015235 0.003135 0.000586 0.000100 0.000016 0.000002 0.000000 0.000000 0.000000 0.000000 0.000000 0.000000 0.000000 0.000000 0.000000 0.000000 0.000000 0.000000 0.000000 0.000000 0.000000 0.000000 0.000000 0.000000 0.000000 0.000000 0.000000 0.000000 0.000000 0.000000 0.000000 0.000000 0.000000 0.000000 0.000000 0.000000 0.000000 0.000000 0.000000 0.000000 0.000000 0.000000 
50.000000 31.004544 16.268517 7.237374 2.754283 0.907051 0.261549 0.066762 0.015235 0.003135 0.000586 0.000100 0.000016 0.000002 0.000000 0.000000 0.000000 0.000000 0.000000 0.000000 0.000000 0.000000 0.000000 0.000000 0.000000 0.000000 0.000000 0.000000 0.000000 0.000000 0.000000 0.000000 0.000000 0.000000 0.000000 0.000000 0.000000 0.000000 0.000000 0.000000 0.000000 0.000000 0.000000 0.000000 0.000000 0.000000 0.000000 0.000000 0.000000 0.000000 
50.000000 31.004544 16.268517 7.237374 2.754283 0.907051 0.261549 0.066762 0.015235 0.003135 0.000586 0.000100 0.000016 0.000002 0.000000 0.000000 0.000000 0.000000 0.000000 0.000000 0.000000 0.000000 0.000000 0.000000 0.000000 0.000000 0.000000 0.000000 0.000000 0.000000 0.000000 0.000000 0.000000 0.000000 0.000000 0.000000 0.000000 0.000000 0.000000 0.000000 0.000000 0.000000 0.000000 0.000000 0.000000 0.000000 0.000000 0.000000 0.000000 0.000000 
50.000000 31.004544 16.268517 7.237374 2.754283 0.907051 0.261549 0.066762 0.015235 0.003135 0.000586 0.000100 0.000016 0.000002 0.000000 0.000000 0.000000 0.000000 0.000000 0.000000 0.000000 0.000000 0.000000 0.000000 0.000000 0.000000 0.000000 0.000000 0.000000 0.000000 0.000000 0.000000 0.000000 0.000000 0.000000 0.000000 0.000000 0.000000 0.000000 0.000000 0.000000 0.000000 0.000000 0.000000 0.000000 0.000000 0.000000 0.000000 0.000000 0.000000 
50.000000 31.004544 16.268517 7.237374 2.754283 0.907051 0.261549 0.066762 0.015235 0.003135 0.000586 0.000100 0.000016 0.000002 0.000000 0.000000 0.000000 0.000000 0.000000 0.000000 0.000000 0.000000 0.000000 0.000000 0.000000 0.000000 0.000000 0.000000 0.000000 0.000000 0.000000 0.000000 0.000000 0.000000 0.000000 0.000000 0.000000 0.000000 0.000000 0.000000 0.000000 0.000000 0.000000 0.000000 0.000000 0.000000 0.000000 0.000000 0.000000 0.000000 
50.000000 31.004544 16.268517 7.237374 2.754283 0.907051 0.261549 0.066762 0.015235 0.003135 0.000586 0.000100 0.000016 0.000002 0.000000 0.000000 0.000000 0.000000 0.000000 0.000000 0.000000 0.000000 0.000000 0.000000 0.000000 0.000000 0.000000 0.000000 0.000000 0.000000 0.000000 0.000000 0.000000 0.000000 0.000000 0.000000 0.000000 0.000000 0.000000 0.000000 0.000000 0.000000 0.000000 0.000000 0.000000 0.000000 0.000000 0.000000 0.000000 0.000000 
50.000000 31.004544 16.268517 7.237374 2.754283 0.907051 0.261549 0.066762 0.015235 0.003135 0.000586 0.000100 0.000016 0.000002 0.000000 0.000000 0.000000 0.000000 0.000000 0.000000 0.000000 0.000000 0.000000 0.000000 0.000000 0.000000 0.000000 0.000000 0.000000 0.000000 0.000000 0.000000 0.000000 0.000000 0.000000 0.000000 0.000000 0.000000 0.000000 0.000000 0.000000 0.000000 0.000000 0.000000 0.000000 0.000000 0.000000 0.000000 0.000000 0.000000 
50.000000 31.004544 16.268517 7.237374 2.754283 0.907051 0.261549 0.066762 0.015235 0.003135 0.000586 0.000100 0.000016 0.000002 0.000000 0.000000 0.000000 0.000000 0.000000 0.000000 0.000000 0.000000 0.000000 0.000000 0.000000 0.000000 0.000000 0.000000 0.000000 0.000000 0.000000 0.000000 0.000000 0.000000 0.000000 0.000000 0.000000 0.000000 0.000000 0.000000 0.000000 0.000000 0.000000 0.000000 0.000000 0.000000 0.000000 0.000000 0.000000 0.000000 
50.000000 31.004544 16.268517 7.237374 2.754283 0.907051 0.261549 0.066762 0.015235 0.003135 0.000586 0.000100 0.000016 0.000002 0.000000 0.000000 0.000000 0.000000 0.000000 0.000000 0.000000 0.000000 0.000000 0.000000 0.000000 0.000000 0.000000 0.000000 0.000000 0.000000 0.000000 0.000000 0.000000 0.000000 0.000000 0.000000 0.000000 0.000000 0.000000 0.000000 0.000000 0.000000 0.000000 0.000000 0.000000 0.000000 0.000000 0.000000 0.000000 0.000000 
50.000000 31.004544 16.268517 7.237374 2.754283 0.907052 0.261549 0.066763 0.015235 0.003135 0.000587 0.000101 0.000016 0.000003 0.000001 0.000000 0.000000 0.000000 0.000000 0.000000 0.000000 0.000000 0.000000 0.000000 0.000000 0.000000 0.000000 0.000000 0.000000 0.000000 0.000000 0.000000 0.000000 0.000000 0.000000 0.000000 0.000000 0.000000 0.000000 0.000000 0.000000 0.000000 0.000000 0.000000 0.000000 0.000000 0.000000 0.000000 0.000000 0.000000 
50.000000 31.004545 16.268518 7.237376 2.754285 0.907054 0.261551 0.066764 0.015237 0.003137 0.000589 0.000103 0.000018 0.000005 0.000003 0.000002 0.000002 0.000002 0.000002 0.000002 0.000002 0.000002 0.000002 0.000002 0.000002 0.000002 0.000002 0.000002 0.000002 0.000002 0.000002 0.000002 0.000002 0.000002 0.000002 0.000002 0.000002 0.000002 0.000002 0.000002 0.000002 0.000002 0.000002 0.000002 0.000002 0.000002 0.000002 0.000002 0.000001 0.000000 
50.000000 31.004550 16.268528 7.237388 2.754298 0.907067 0.261564 0.066778 0.015251 0.003151 0.000602 0.000116 0.000032 0.000018 0.000016 0.000016 0.000016 0.000016 0.000016 0.000016 0.000016 0.000016 0.000016 0.000016 0.000016 0.000016 0.000016 0.000016 0.000016 0.000016 0.000016 0.000016 0.000016 0.000016 0.000016 0.000016 0.000016 0.000016 0.000016 0.000016 0.000016 0.000016 0.000016 0.000016 0.000016 0.000015 0.000014 0.000011 0.000006 0.000000 
50.000000 31.004583 16.268585 7.237461 2.754378 0.907150 0.261648 0.066862 0.015335 0.003235 0.000687 0.000201 0.000116 0.000103 0.000101 0.000100 0.000100 0.000100 0.000100 0.000100 0.000100 0.000100 0.000100 0.000100 0.000100 0.000100 0.000100 0.000100 0.000100 0.000100 0.000100 0.000100 0.000100 0.000100 0.000100 0.000100 0.000100 0.000100 0.000100 0.000100 0.000100 0.000100 0.000100 0.000100 0.000099 0.000096 0.000089 0.000071 0.000041 0.000000 
50.000000 31.004770 16.268917 7.237879 2.754839 0.907628 0.262132 0.067348 0.015821 0.003721 0.001172 0.000687 0.000602 0.000589 0.000587 0.000586 0.000586 0.000586 0.000586 0.000586 0.000586 0.000586 0.000586 0.000586 0.000586 0.000586 0.000586 0.000586 0.000586 0.000586 0.000586 0.000586 0.000586 0.000586 0.000586 0.000586 0.000586 0.000586 0.000586 0.000586 0.000586 0.000586 0.000586 0.000584 0.000579 0.000563 0.000518 0.000419 0.000241 0.000000 
50.000000 31.005752 16.270654 7.240073 2.757255 0.910134 0.264669 0.069894 0.018369 0.006270 0.003721 0.003235 0.003151 0.003137 0.003135 0.003135 0.003135 0.003135 0.003135 0.003135 0.003135 0.003135 0.003135 0.003135 0.003135 0.003135 0.003135 0.003135 0.003135 0.003135 0.003135 0.003135 0.003135 0.003135 0.003135 0.003135 0.003135 0.003135 0.003135 0.003135 0.003135 0.003135 0.003133 0.003126 0.003099 0.003013 0.002778 0.002249 0.001299 0.000000 
50.000000 31.010401 16.278887 7.250477 2.768720 0.922029 0.276711 0.081979 0.030466 0.018369 0.015821 0.015335 0.015251 0.015237 0.015235 0.015235 0.015235 0.015235 0.015235 0.015235 0.015235 0.015235 0.015235 0.015235 0.015235 0.015235 0.015235 0.015235 0.015235 0.015235 0.015235 0.015235 0.015235 0.015235 0.015235 0.015235 0.015235 0.015235 0.015235 0.015235 0.015235 0.015233 0.015225 0.015192 0.015067 0.014661 0.013543 0.010996 0.006375 0.000000 
50.000000 31.030160 16.313892 7.294738 2.817520 0.972671 0.327987 0.133443 0.081979 0.069894 0.067348 0.066862 0.066778 0.066764 0.066763 0.066762 0.066762 0.066762 0.066762 0.066762 0.066762 0.066762 0.066762 0.066762 0.066762 0.066762 0.066762 0.066762 0.066762 0.066762 0.066762 0.066762 0.066762 0.066762 0.066762 0.066762 0.066762 0.066762 0.066762 0.066762 0.066761 0.066754 0.066722 0.066584 0.066063 0.064356 0.059593 0.048589 0.028313 0.000000 
50.000000 31.104703 16.446024 7.461903 3.001907 1.164074 0.521810 0.327987 0.276711 0.264669 0.262132 0.261648 0.261564 0.261551 0.261549 0.261549 0.261549 0.261549 0.261549 0.261549 0.261549 0.261549 0.261549 0.261549 0.261549 0.261549 0.261549 0.261549 0.261549 0.261549 0.261549 0.261549 0.261549 0.261549 0.261549 0.261549 0.261549 0.261549 0.261548 0.261548 0.261543 0.261519 0.261403 0.260905 0.259005 0.252694 0.234789 0.192581 0.113074 0.000000 
50.000000 31.351260 16.883270 8.015377 3.612663 1.798234 1.164074 0.972671 0.922029 0.910134 0.907628 0.907150 0.907067 0.907054 0.907052 0.907051 0.907051 0.907051 0.907051 0.907051 0.907051 0.907051 0.907051 0.907051 0.907051 0.907051 0.907051 0.907051 0.907051 0.907051 0.907051 0.907051 0.907051 0.907051 0.907051 0.907051 0.907051 0.907051 0.907051 0.907049 0.907035 0.906962 0.906608 0.905068 0.899117 0.878994 0.820595 0.678984 0.403417 0.000000 
50.000000 32.055575 18.132856 9.597921 5.359695 3.612663 3.001907 2.817520 2.768720 2.757255 2.754839 2.754378 2.754298 2.754285 2.754283 2.754283 2.754283 2.754283 2.754283 2.754283 2.754283 2.754283 2.754283 2.754283 2.754283 2.754283 2.754283 2.754283 2.754283 2.754283 2.754283 2.754283 2.754283 2.754283 2.754283 2.754283 2.754283 2.754283 2.754282 2.754276 2.754242 2.754060 2.753164 2.749213 2.733668 2.679848 2.518685 2.111685 1.279368 0.000000 
50.000000 33.762127 21.161812 13.435704 9.597921 8.015377 7.461903 7.294738 7.250477 7.240073 7.237879 7.237461 7.237388 7.237376 7.237374 7.237374 7.237374 7.237374 7.237374 7.237374 7.237374 7.237374 7.237374 7.237374 7.237374 7.237374 7.237374 7.237374 7.237374 7.237374 7.237374 7.237374 7.237374 7.237374 7.237374 7.237374 7.237374 7.237374 7.237372 7.237361 7.237295 7.236934 7.235145 7.227115 7.194781 7.079236 6.717852 5.749072 3.604606 0.000000 
50.000000 37.195195 27.257244 21.161812 18.132856 16.883270 16.446024 16.313892 16.278887 16.270654 16.268917 16.268585 16.268528 16.268518 16.268517 16.268517 16.268517 16.268517 16.268517 16.268517 16.268517 16.268517 16.268517 16.268517 16.268517 16.268517 16.268517 16.268517 16.268517 16.268517 16.268517 16.268517 16.268517 16.268517 16.268517 16.268517 16.268517 16.268516 16.268514 16.268498 16.268405 16.267891 16.265303 16.253443 16.204285 16.021171 15.412740 13.628622 9.116498 0.000000 
50.000000 42.790993 37.195195 33.762127 32.055575 31.351260 31.104703 31.030160 31.010401 31.005752 31.004770 31.004583 31.004550 31.004545 31.004544 31.004544 31.004544 31.004544 31.004544 31.004544 31.004544 31.004544 31.004544 31.004544 31.004544 31.004544 31.004544 31.004544 31.004544 31.004544 31.004544 31.004544 31.004544 31.004544 31.004544 31.004544 31.004544 31.004544 31.004542 31.004529 31.004453 31.004026 31.001846 30.991628 30.947843 30.776208 30.157522 28.078696 21.395497 0.000000 
50.000000 50.000000 50.000000 50.000000 50.000000 50.000000 50.000000 50.000000 50.000000 50.000000 50.000000 50.000000 50.000000 50.000000 50.000000 50.000000 50.000000 50.000000 50.000000 50.000000 50.000000 50.000000 50.000000 50.000000 50.000000 50.000000 50.000000 50.000000 50.000000 50.000000 50.000000 50.000000 50.000000 50.000000 50.000000 50.000000 50.000000 50.000000 50.000000 50.000000 50.000000 50.000000 50.000000 50.000000 50.000000 50.000000 50.000000 50.000000 50.000000 50.000000 
