50.000000 50.000000 50.000000 50.000000 50.000000 50.000000 50.000000 50.000000 50.000000 50.000000 50.000000 50.000000 50.000000 50.000000 50.000000 50.000000 50.000000 50.000000 50.000000 50.000000 50.000000 50.000000 50.000000 50.000000 50.000000 50.000000 50.000000 50.000000 50.000000 50.000000 50.000000 50.000000 50.000000 50.000000 50.000000 50.000000 50.000000 50.000000 50.000000 50.000000 50.000000 50.000000 50.000000 50.000000 50.000000 50.000000 50.000000 50.000000 50.000000 50.000000 
50.000000 48.393565 46.868101 45.492353 44.313682 43.353983 42.610977 42.063669 41.679815 41.423284 41.259782 41.160307 41.102481 41.070332 41.053220 41.044492 41.040222 41.038216 41.037310 41.036916 41.036751 41.036685 41.036659 41.036649 41.036646 41.036645 41.036644 41.036643 41.036642 41.036638 41.036628 41.036601 41.036533 41.036366 41.035967 41.035049 41.032999 41.028562 41.019241 41.000218 40.962419 40.889056 40.749336 40.486434 39.992684 39.052973 37.199836 33.296447 24.196782 0.000000 
50.000000 46.868101 43.894068 41.211926 38.914013 37.043012 35.594482 34.527481 33.779149 33.279041 32.960296 32.766374 32.653647 32.590975 32.557618 32.540604 32.532279 32.528368 32.526602 32.525835 32.525514 32.525385 32.525334 32.525315 32.525309 32.525306 32.525305 32.525304 32.525301 32.525294 32.525275 32.525226 32.525102 32.524797 32.524073 32.522408 32.518697 32.510691 32.493942 32.459945 32.392874 32.263988 32.021999 31.576243 30.766376 29.306021 26.677145 21.947034 13.571654 0.000000 
50.000000 45.492353 41.211926 37.351624 34.044351 31.351532 29.266772 27.731138 26.654147 25.934411 25.475693 25.196617 25.034393 24.944205 24.896204 24.871721 24.859743 24.854115 24.851574 24.850470 24.850008 24.849822 24.849750 24.849723 24.849713 24.849709 24.849707 24.849706 24.849703 24.849694 24.849669 24.849606 24.849446 24.849055 24.848127 24.846000 24.841279 24.831143 24.810069 24.767628 24.684758 24.527688 24.238271 23.718948 22.810046 21.257598 18.675812 14.534781 8.292517 0.000000 
50.000000 44.313682 38.914013 34.044351 29.872351 26.475499 23.845716 21.908649 20.550145 19.642295 19.063698 18.711699 18.507090 18.393341 18.332802 18.301926 18.286819 18.279723 18.276518 18.275126 18.274544 18.274309 18.274218 18.274184 18.274171 18.274167 18.274165 18.274163 18.274159 18.274149 18.274123 18.274055 18.273882 18.273461 18.272467 18.270197 18.265183 18.254482 18.232401 18.188348 18.103356 17.944735 17.658305 17.157887 16.312710 14.936175 12.786752 9.607992 5.260709 0.000000 
50.000000 43.353983 37.043012 31.351532 26.475499 22.505470 19.431989 17.168140 15.580489 14.519532 13.843372 13.432030 13.192934 13.060017 12.989279 12.953201 12.935551 12.927260 12.923516 12.921890 12.921210 12.920935 12.920829 12.920789 12.920774 12.920769 12.920767 12.920765 12.920761 12.920752 12.920727 12.920661 12.920497 12.920097 12.919155 12.917014 12.912314 12.902349 12.881955 12.841677 12.764935 12.623938 12.374305 11.948915 11.252735 10.162789 8.541486 6.276636 3.361298 0.000000 
50.000000 42.610977 35.594482 29.266772 23.845716 19.431989 16.015064 13.498288 11.733295 10.553856 9.802207 9.344953 9.079179 8.931437 8.852810 8.812712 8.793095 8.783880 8.779720 8.777913 8.777157 8.776852 8.776733 8.776689 8.776673 8.776667 8.776665 8.776663 8.776660 8.776652 8.776630 8.776573 8.776430 8.776085 8.775276 8.773447 8.769454 8.761047 8.743986 8.710631 8.647857 8.534239 8.336720 8.007532 7.483075 6.687829 5.547823 4.018239 2.124543 0.000000 
50.000000 42.063669 34.527481 27.731138 21.908649 17.168140 13.498288 10.795264 8.899696 7.633030 6.825812 6.334767 6.049361 5.890710 5.806281 5.763225 5.742162 5.732268 5.727801 5.725861 5.725050 5.724722 5.724595 5.724547 5.724530 5.724524 5.724521 5.724520 5.724517 5.724511 5.724493 5.724448 5.724334 5.724060 5.723421 5.721982 5.718861 5.712335 5.699200 5.673773 5.626472 5.542036 5.397632 5.161568 4.793835 4.250344 3.492866 2.505483 1.314333 0.000000 
50.000000 41.679815 33.779149 26.654147 20.550145 15.580489 11.733295 8.899696 6.912594 5.584791 4.738630 4.223909 3.924749 3.758457 3.669965 3.624838 3.602763 3.592394 3.587712 3.585679 3.584829 3.584486 3.584353 3.584303 3.584284 3.584278 3.584276 3.584274 3.584272 3.584267 3.584254 3.584220 3.584136 3.583934 3.583465 3.582413 3.580146 3.575437 3.566035 3.548001 3.514811 3.456297 3.357660 3.199056 2.956551 2.605409 2.126459 1.515160 0.790759 0.000000 
50.000000 41.423284 33.279041 25.934411 19.642295 14.519532 10.553856 7.633030 5.584791 4.216157 3.343994 2.813467 2.505127 2.333737 2.242534 2.196025 2.173275 2.162589 2.157765 2.155670 2.154794 2.154440 2.154303 2.154251 2.154233 2.154226 2.154224 2.154223 2.154221 2.154218 2.154208 2.154185 2.154127 2.153987 2.153665 2.152946 2.151404 2.148224 2.141920 2.129930 2.108079 2.069980 2.006558 1.905999 1.754596 1.538939 1.249652 0.886167 0.460865 0.000000 
50.000000 41.259782 32.960296 25.475693 19.063698 13.843372 9.802207 6.825812 4.738630 3.343994 2.455275 1.914685 1.600502 1.425867 1.332940 1.285553 1.262373 1.251486 1.246572 1.244437 1.243544 1.243184 1.243044 1.242992 1.242973 1.242966 1.242964 1.242963 1.242962 1.242959 1.242953 1.242938 1.242900 1.242809 1.242601 1.242139 1.241153 1.239131 1.235150 1.227637 1.214064 1.190629 1.152039 1.091576 1.001695 0.875350 0.708065 0.500351 0.259564 0.000000 
50.000000 41.160307 32.766374 25.196617 18.711699 13.432030 9.344953 6.334767 4.223909 2.813467 1.914685 1.367980 1.050249 0.873643 0.779669 0.731749 0.708309 0.697300 0.692330 0.690171 0.689269 0.688905 0.688763 0.688710 0.688691 0.688684 0.688682 0.688681 0.688680 0.688678 0.688675 0.688665 0.688642 0.688587 0.688459 0.688179 0.687583 0.686368 0.683990 0.679535 0.671547 0.657873 0.635567 0.600968 0.550075 0.479297 0.386548 0.272432 0.141067 0.000000 
50.000000 41.102481 32.653647 25.034393 18.507090 13.192934 9.079179 6.049361 3.924749 2.505127 1.600502 1.050249 0.730457 0.552709 0.458127 0.409897 0.386307 0.375227 0.370225 0.368052 0.367144 0.366778 0.366635 0.366582 0.366562 0.366556 0.366553 0.366552 0.366552 0.366551 0.366549 0.366543 0.366530 0.366498 0.366424 0.366263 0.365921 0.365228 0.363881 0.361371 0.356903 0.349311 0.337026 0.318132 0.290585 0.252607 0.203250 0.142956 0.073920 0.000000 
50.000000 41.070332 32.590975 24.944205 18.393341 13.060017 8.931437 5.890710 3.758457 2.333737 1.425867 0.873643 0.552709 0.374326 0.279407 0.231006 0.207332 0.196213 0.191193 0.189013 0.188102 0.187734 0.187591 0.187538 0.187518 0.187511 0.187509 0.187508 0.187508 0.187507 0.187506 0.187503 0.187495 0.187478 0.187437 0.187349 0.187163 0.186787 0.186061 0.184714 0.182332 0.178311 0.171849 0.161983 0.147703 0.128158 0.102926 0.072277 0.037333 0.000000 
50.000000 41.053220 32.557618 24.896204 18.332802 12.989279 8.852810 5.806281 3.669965 2.242534 1.332940 0.779669 0.458127 0.279407 0.184309 0.135818 0.112099 0.100959 0.095930 0.093746 0.092833 0.092464 0.092321 0.092267 0.092248 0.092241 0.092239 0.092238 0.092238 0.092237 0.092237 0.092235 0.092231 0.092222 0.092201 0.092155 0.092058 0.091864 0.091490 0.090801 0.089588 0.087552 0.084299 0.079364 0.072264 0.062606 0.050204 0.035210 0.018171 0.000000 
50.000000 41.044492 32.540604 24.871721 18.301926 12.953201 8.812712 5.763225 3.624838 2.196025 1.285553 0.731749 0.409897 0.231006 0.135818 0.087280 0.063538 0.052388 0.047354 0.045168 0.044254 0.043885 0.043742 0.043688 0.043669 0.043662 0.043659 0.043659 0.043658 0.043658 0.043658 0.043657 0.043655 0.043650 0.043640 0.043617 0.043569 0.043473 0.043289 0.042952 0.042361 0.041373 0.039804 0.037436 0.034047 0.029459 0.023594 0.016531 0.008525 0.000000 
50.000000 41.040222 32.532279 24.859743 18.286819 12.935551 8.793095 5.742162 3.602763 2.173275 1.262373 0.708309 0.386307 0.207332 0.112099 0.063538 0.039786 0.028630 0.023594 0.021407 0.020492 0.020124 0.019980 0.019927 0.019907 0.019900 0.019898 0.019897 0.019897 0.019897 0.019896 0.019896 0.019895 0.019893 0.019888 0.019877 0.019854 0.019809 0.019722 0.019564 0.019288 0.018828 0.018102 0.017010 0.015455 0.013358 0.010688 0.007482 0.003856 0.000000 
50.000000 41.038216 32.528368 24.854115 18.279723 12.927260 8.783880 5.732268 3.592394 2.162589 1.251486 0.697300 0.375227 0.196213 0.100959 0.052388 0.028630 0.017472 0.012435 0.010247 0.009333 0.008964 0.008820 0.008767 0.008747 0.008740 0.008738 0.008737 0.008737 0.008737 0.008737 0.008736 0.008736 0.008735 0.008733 0.008728 0.008717 0.008697 0.008658 0.008586 0.008463 0.008257 0.007934 0.007450 0.006763 0.005840 0.004669 0.003266 0.001683 0.000000 
50.000000 41.037310 32.526602 24.851574 18.276518 12.923516 8.779720 5.727801 3.587712 2.157765 1.246572 0.692330 0.370225 0.191193 0.095930 0.047354 0.023594 0.012435 0.007398 0.005210 0.004295 0.003926 0.003783 0.003729 0.003709 0.003702 0.003700 0.003699 0.003699 0.003699 0.003699 0.003699 0.003699 0.003698 0.003697 0.003695 0.003690 0.003681 0.003665 0.003634 0.003580 0.003492 0.003354 0.003147 0.002855 0.002463 0.001968 0.001376 0.000709 0.000000 
50.000000 41.036916 32.525835 24.850470 18.275126 12.921890 8.777913 5.725861 3.585679 2.155670 1.244437 0.690171 0.368052 0.189013 0.093746 0.045168 0.021407 0.010247 0.005210 0.003022 0.002107 0.001738 0.001595 0.001541 0.001521 0.001514 0.001512 0.001511 0.001511 0.001511 0.001511 0.001511 0.001511 0.001511 0.001510 0.001509 0.001507 0.001504 0.001497 0.001484 0.001462 0.001425 0.001368 0.001283 0.001163 0.001003 0.000801 0.000560 0.000288 0.000000 
50.000000 41.036751 32.525514 24.850008 18.274544 12.921210 8.777157 5.725050 3.584829 2.154794 1.243544 0.689269 0.367144 0.188102 0.092833 0.044254 0.020493 0.009333 0.004295 0.002107 0.001192 0.000823 0.000680 0.000626 0.000606 0.000599 0.000597 0.000596 0.000596 0.000596 0.000596 0.000596 0.000596 0.000596 0.000596 0.000595 0.000595 0.000593 0.000590 0.000585 0.000576 0.000562 0.000539 0.000505 0.000458 0.000395 0.000315 0.000220 0.000113 0.000000 
50.000000 41.036685 32.525385 24.849822 18.274309 12.920936 8.776852 5.724722 3.584486 2.154441 1.243184 0.688905 0.366778 0.187734 0.092464 0.043885 0.020124 0.008964 0.003926 0.001738 0.000823 0.000454 0.000311 0.000257 0.000238 0.000231 0.000228 0.000228 0.000227 0.000227 0.000227 0.000227 0.000227 0.000227 0.000227 0.000227 0.000227 0.000226 0.000225 0.000223 0.000220 0.000214 0.000205 0.000192 0.000174 0.000150 0.000120 0.000084 0.000043 0.000000 
50.000000 41.036659 32.525334 24.849750 18.274218 12.920829 8.776734 5.724595 3.584353 2.154303 1.243045 0.688764 0.366636 0.187592 0.092322 0.043742 0.019981 0.008821 0.003783 0.001595 0.000680 0.000311 0.000168 0.000114 0.000094 0.000088 0.000085 0.000084 0.000084 0.000084 0.000084 0.000084 0.000084 0.000084 0.000084 0.000084 0.000084 0.000084 0.000083 0.000082 0.000081 0.000079 0.000076 0.000071 0.000064 0.000055 0.000044 0.000031 0.000016 0.000000 
50.000000 41.036650 32.525316 24.849723 18.274184 12.920790 8.776690 5.724548 3.584304 2.154253 1.242993 0.688711 0.366583 0.187539 0.092269 0.043689 0.019928 0.008768 0.003730 0.001542 0.000627 0.000258 0.000115 0.000061 0.000041 0.000034 0.000032 0.000031 0.000031 0.000031 0.000031 0.000031 0.000031 0.000031 0.000031 0.000031 0.000031 0.000031 0.000031 0.000030 0.000030 0.000029 0.000028 0.000026 0.000024 0.000020 0.000016 0.000011 0.000006 0.000000 
50.000000 41.036646 32.525310 24.849714 18.274173 12.920777 8.776676 5.724533 3.584288 2.154236 1.242976 0.688694 0.366566 0.187521 0.092251 0.043672 0.019910 0.008750 0.003713 0.001525 0.000610 0.000241 0.000097 0.000044 0.000024 0.000017 0.000015 0.000014 0.000014 0.000014 0.000014 0.000014 0.000014 0.000014 0.000014 0.000014 0.000014 0.000014 0.000014 0.000013 0.000013 0.000013 0.000012 0.000012 0.000010 0.000009 0.000007 0.000005 0.000003 0.000000 
50.000000 41.036646 32.525310 24.849714 18.274173 12.920777 8.776676 5.724533 3.584288 2.154236 1.242976 0.688694 0.366566 0.187521 0.092251 0.043672 0.019910 0.008750 0.003713 0.001525 0.000610 0.000241 0.000097 0.000044 0.000024 0.000017 0.000015 0.000014 0.000014 0.000014 0.000014 0.000014 0.000014 0.000014 0.000014 0.000014 0.000014 0.000014 0.000014 0.000013 0.000013 0.000013 0.000012 0.000012 0.000010 0.000009 0.000007 0.000005 0.000003 0.000000 
50.000000 41.036650 32.525316 24.849723 18.274184 12.920790 8.776690 5.724548 3.584304 2.154253 1.242993 0.688711 0.366583 0.187539 0.092269 0.043689 0.019928 0.008768 0.003730 0.001542 0.000627 0.000258 0.000115 0.000061 0.000041 0.000034 0.000032 0.000031 0.000031 0.000031 0.000031 0.000031 0.000031 0.000031 0.000031 0.000031 0.000031 0.000031 0.000031 0.000030 0.000030 0.000029 0.000028 0.000026 0.000024 0.000020 0.000016 0.000011 0.000006 0.000000 
50.000000 41.036659 32.525334 24.849750 18.274218 12.920829 8.776734 5.724595 3.584353 2.154303 1.243045 0.688764 0.366636 0.187592 0.092322 0.043742 0.019981 0.008821 0.003783 0.001595 0.000680 0.000311 0.000168 0.000114 0.000094 0.000088 0.000085 0.000084 0.000084 0.000084 0.000084 0.000084 0.000084 0.000084 0.000084 0.000084 0.000084 0.000084 0.000083 0.000082 0.000081 0.000079 0.000076 0.000071 0.000064 0.000055 0.000044 0.000031 0.000016 0.000000 
50.000000 41.036685 32.525385 24.849822 18.274309 12.920936 8.776852 5.724722 3.584486 2.154441 1.243184 0.688905 0.366778 0.187734 0.092464 0.043885 0.020124 0.008964 0.003926 0.001738 0.000823 0.000454 0.000311 0.000257 0.000238 0.000231 0.000228 0.000228 0.000227 0.000227 0.000227 0.000227 0.000227 0.000227 0.000227 0.000227 0.000227 0.000226 0.000225 0.000223 0.000220 0.000214 0.000205 0.000192 0.000174 0.000150 0.000120 0.000084 0.000043 0.000000 
50.000000 41.036751 32.525514 24.850008 18.274544 12.921210 8.777157 5.725050 3.584829 2.154794 1.243544 0.689269 0.367144 0.188102 0.092833 0.044254 0.020493 0.009333 0.004295 0.002107 0.001192 0.000823 0.000680 0.000626 0.000606 0.000599 0.000597 0.000596 0.000596 0.000596 0.000596 0.000596 0.000596 0.000596 0.000596 0.000595 0.000595 0.000593 0.000590 0.000585 0.000576 0.000562 0.000539 0.000505 0.000458 0.000395 0.000315 0.000220 0.000113 0.000000 
50.000000 41.036916 32.525835 24.850470 18.275126 12.921890 8.777913 5.725861 3.585679 2.155670 1.244437 0.690171 0.368052 0.189013 0.093746 0.045168 0.021407 0.010247 0.005210 0.003022 0.002107 0.001738 0.001595 0.001541 0.001521 0.001514 0.001512 0.001511 0.001511 0.001511 0.001511 0.001511 0.001511 0.001511 0.001510 0.001509 0.001507 0.001504 0.001497 0.001484 0.001462 0.001425 0.001368 0.001283 0.001163 0.001003 0.000801 0.000560 0.000288 0.000000 
50.000000 41.037310 32.526602 24.851574 18.276518 12.923516 8.779720 5.727801 3.587712 2.157765 1.246572 0.692330 0.370225 0.191193 0.095930 0.047354 0.023594 0.012435 0.007398 0.005210 0.004295 0.003926 0.003783 0.003729 0.003709 0.003702 0.003700 0.003699 0.003699 0.003699 0.003699 0.003699 0.003699 0.003698 0.003697 0.003695 0.003690 0.003681 0.003665 0.003634 0.003580 0.003492 0.003354 0.003147 0.002855 0.002463 0.001968 0.001376 0.000709 0.000000 
50.000000 41.038216 32.528368 24.854115 18.279723 12.927260 8.783880 5.732268 3.592394 2.162589 1.251486 0.697300 0.375227 0.196213 0.100959 0.052388 0.028630 0.017472 0.012435 0.010247 0.009333 0.008964 0.008820 0.008767 0.008747 0.008740 0.008738 0.008737 0.008737 0.008737 0.008737 0.008736 0.008736 0.008735 0.008733 0.008728 0.008717 0.008697 0.008658 0.008586 0.008463 0.008257 0.007934 0.007450 0.006763 0.005840 0.004669 0.003266 0.001683 0.000000 
50.000000 41.040222 32.532279 24.859743 18.286819 12.935551 8.793095 5.742162 3.602763 2.173275 1.262373 0.708309 0.386307 0.207332 0.112099 0.063538 0.039786 0.028630 0.023594 0.021407 0.020492 0.020124 0.019980 0.019927 0.019907 0.019900 0.019898 0.019897 0.019897 0.019897 0.019896 0.019896 0.019895 0.019893 0.019888 0.019877 0.019854 0.019809 0.019722 0.019564 0.019288 0.018828 0.018102 0.017010 0.015455 0.013358 0.010688 0.007482 0.003856 0.000000 
50.000000 41.044492 32.540604 24.871721 18.301926 12.953201 8.812712 5.763225 3.624838 2.196025 1.285553 0.731749 0.409897 0.231006 0.135818 0.087280 0.063538 0.052388 0.047354 0.045168 0.044254 0.043885 0.043742 0.043688 0.043669 0.043662 0.043659 0.043659 0.043658 0.043658 0.043658 0.043657 0.043655 0.043650 0.043640 0.043617 0.043569 0.043473 0.043289 0.042952 0.042361 0.041373 0.039804 0.037436 0.034047 0.029459 0.023594 0.016531 0.008525 0.000000 
50.000000 41.053220 32.557618 24.896204 18.332802 12.989279 8.852810 5.806281 3.669965 2.242534 1.332940 0.779669 0.458127 0.279407 0.184309 0.135818 0.112099 0.100959 0.095930 0.093746 0.092833 0.092464 0.092321 0.092267 0.092248 0.092241 0.092239 0.092238 0.092238 0.092237 0.092237 0.092235 0.092231 0.092222 0.092201 0.092155 0.092058 0.091864 0.091490 0.090801 0.089588 0.087552 0.084299 0.079364 0.072264 0.062606 0.050204 0.035210 0.018171 0.000000 
50.000000 41.070332 32.590975 24.944205 18.393341 13.060017 8.931437 5.890710 3.758457 2.333737 1.425867 0.873643 0.552709 0.374326 0.279407 0.231006 0.207332 0.196213 0.191193 0.189013 0.188102 0.187734 0.187591 0.187538 0.187518 0.187511 0.187509 0.187508 0.187508 0.187507 0.187506 0.187503 0.187495 0.187478 0.187437 0.187349 0.187163 0.186787 0.186061 0.184714 0.182332 0.178311 0.171849 0.161983 0.147703 0.128158 0.102926 0.072277 0.037333 0.000000 
50.000000 41.102481 32.653647 25.034393 18.507090 13.192934 9.079179 6.049361 3.924749 2.505127 1.600502 1.050249 0.730457 0.552709 0.458127 0.409897 0.386307 0.375227 0.370225 0.368052 0.367144 0.366778 0.366635 0.366582 0.366562 0.366556 0.366553 0.366552 0.366552 0.366551 0.366549 0.366543 0.366530 0.366498 0.366424 0.366263 0.365921 0.365228 0.363881 0.361371 0.356903 0.349311 0.337026 0.318132 0.290585 0.252607 0.203250 0.142956 0.073920 0.000000 
50.000000 41.160307 32.766374 25.196617 18.711699 13.432030 9.344953 6.334767 4.223909 2.813467 1.914685 1.367980 1.050249 0.873643 0.779669 0.731749 0.708309 0.697300 0.692330 0.690171 0.689269 0.688905 0.688763 0.688710 0.688691 0.688684 0.688682 0.688681 0.688680 0.688678 0.688675 0.688665 0.688642 0.688587 0.688459 0.688179 0.687583 0.686368 0.683990 0.679535 0.671547 0.657873 0.635567 0.600968 0.550075 0.479297 0.386548 0.272432 0.141067 0.000000 
50.000000 41.259782 32.960296 25.475693 19.063698 13.843372 9.802207 6.825812 4.738630 3.343994 2.455275 1.914685 1.600502 1.425867 1.332940 1.285553 1.262373 1.251486 1.246572 1.244437 1.243544 1.243184 1.243044 1.242992 1.242973 1.242966 1.242964 1.242963 1.242962 1.242959 1.242953 1.242938 1.242900 1.242809 1.242601 1.242139 1.241153 1.239131 1.235150 1.227637 1.214064 1.190629 1.152039 1.091576 1.001695 0.875350 0.708065 0.500351 0.259564 0.000000 
50.000000 41.423284 33.279041 25.934411 19.642295 14.519532 10.553856 7.633030 5.584791 4.216157 3.343994 2.813467 2.505127 2.333737 2.242534 2.196025 2.173275 2.162589 2.157765 2.155670 2.154794 2.154440 2.154303 2.154251 2.154233 2.154226 2.154224 2.154223 2.154221 2.154218 2.154208 2.154185 2.154127 2.153987 2.153665 2.152946 2.151404 2.148224 2.141920 2.129930 2.108079 2.069980 2.006558 1.905999 1.754596 1.538939 1.249652 0.886167 0.460865 0.000000 
50.000000 41.679815 33.779149 26.654147 20.550145 15.580489 11.733295 8.899696 6.912594 5.584791 4.738630 4.223909 3.924749 3.758457 3.669965 3.624838 3.602763 3.592394 3.587712 3.585679 3.584829 3.584486 3.584353 3.584303 3.584284 3.584278 3.584276 3.584274 3.584272 3.584267 3.584254 3.584220 3.584136 3.583934 3.583465 3.582413 3.580146 3.575437 3.566035 3.548001 3.514811 3.456297 3.357660 3.199056 2.956551 2.605409 2.126459 1.515160 0.790759 0.000000 
50.000000 42.063669 34.527481 27.731138 21.908649 17.168140 13.498288 10.795264 8.899696 7.633030 6.825812 6.334767 6.049361 5.890710 5.806281 5.763225 5.742162 5.732268 5.727801 5.725861 5.725050 5.724722 5.724595 5.724547 5.724530 5.724524 5.724521 5.724520 5.724517 5.724511 5.724493 5.724448 5.724334 5.724060 5.723421 5.721982 5.718861 5.712335 5.699200 5.673773 5.626472 5.542036 5.397632 5.161568 4.793835 4.250344 3.492866 2.505483 1.314333 0.000000 
50.000000 42.610977 35.594482 29.266772 23.845716 19.431989 16.015064 13.498288 11.733295 10.553856 9.802207 9.344953 9.079179 8.931437 8.852810 8.812712 8.793095 8.783880 8.779720 8.777913 8.777157 8.776852 8.776733 8.776689 8.776673 8.776667 8.776665 8.776663 8.776660 8.776652 8.776630 8.776573 8.776430 8.776085 8.775276 8.773447 8.769454 8.761047 8.743986 8.710631 8.647857 8.534239 8.336720 8.007532 7.483075 6.687829 5.547823 4.018239 2.124543 0.000000 
50.000000 43.353983 37.043012 31.351532 26.475499 22.505470 19.431989 17.168140 15.580489 14.519532 13.843372 13.432030 13.192934 13.060017 12.989279 12.953201 12.935551 12.927260 12.923516 12.921890 12.921210 12.920935 12.920829 12.920789 12.920774 12.920769 12.920767 12.920765 12.920761 12.920752 12.920727 12.920661 12.920497 12.920097 12.919155 12.917014 12.912314 12.902349 12.881955 12.841677 12.764935 12.623938 12.374305 11.948915 11.252735 10.162789 8.541486 6.276636 3.361298 0.000000 
50.000000 44.313682 38.914013 34.044351 29.872351 26.475499 23.845716 21.908649 20.550145 19.642295 19.063698 18.711699 18.507090 18.393341 18.332802 18.301926 18.286819 18.279723 18.276518 18.275126 18.274544 18.274309 18.274218 18.274184 18.274171 18.274167 18.274165 18.274163 18.274159 18.274149 18.274123 18.274055 18.273882 18.273461 18.272467 18.270197 18.265183 18.254482 18.232401 18.188348 18.103356 17.944735 17.658305 17.157887 16.312710 14.936175 12.786752 9.607992 5.260709 0.000000 
50.000000 45.492353 41.211926 37.351624 34.044351 31.351532 29.266772 27.731138 26.654147 25.934411 25.475693 25.196617 25.034393 24.944205 24.896204 24.871721 24.859743 24.854115 24.851574 24.850470 24.850008 24.849822 24.849750 24.849723 24.849713 24.849709 24.849707 24.849706 24.849703 24.849694 24.849669 24.849606 24.849446 24.849055 24.848127 24.846000 24.841279 24.831143 24.810069 24.767628 24.684758 24.527688 24.238271 23.718948 22.810046 21.257598 18.675812 14.534781 8.292517 0.000000 
50.000000 46.868101 43.894068 41.211926 38.914013 37.043012 35.594482 34.527481 33.779149 33.279041 32.960296 32.766374 32.653647 32.590975 32.557618 32.540604 32.532279 32.528368 32.526602 32.525835 32.525514 32.525385 32.525334 32.525315 32.525309 32.525306 32.525305 32.525304 32.525301 32.525294 32.525275 32.525226 32.525102 32.524797 32.524073 32.522408 32.518697 32.510691 32.493942 32.459945 32.392874 32.263988 32.021999 31.576243 30.766376 29.306021 26.677145 21.947034 13.571654 0.000000 
50.000000 48.393565 46.868101 45.492353 44.313682 43.353983 42.610977 42.063669 41.679815 41.423284 41.259782 41.160307 41.102481 41.070332 41.053220 41.044492 41.040222 41.038216 41.037310 41.036916 41.036751 41.036685 41.036659 41.036649 41.036646 41.036645 41.036644 41.036643 41.036642 41.036638 41.036628 41.036601 41.036533 41.036366 41.035967 41.035049 41.032999 41.028562 41.019241 41.000218 40.962419 40.889056 40.749336 40.486434 39.992684 39.052973 37.199836 33.296447 24.196782 0.000000 
50.000000 50.000000 50.000000 50.000000 50.000000 50.000000 50.000000 50.000000 50.000000 50.000000 50.000000 50.000000 50.000000 50.000000 50.000000 50.000000 50.000000 50.000000 50.000000 50.000000 50.000000 50.000000 50.000000 50.000000 50.000000 50.000000 50.000000 50.000000 50.000000 50.000000 50.000000 50.000000 50.000000 50.000000 50.000000 50.000000 50.000000 50.000000 50.000000 50.000000 50.000000 50.000000 50.000000 50.000000 50.000000 50.000000 50.000000 50.000000 50.000000 50.000000 
