50.000000 50.000000 50.000000 50.000000 50.000000 50.000000 50.000000 50.000000 50.000000 50.000000 50.000000 50.000000 50.000000 50.000000 50.000000 50.000000 50.000000 50.000000 50.000000 50.000000 50.000000 50.000000 50.000000 50.000000 50.000000 50.000000 50.000000 50.000000 50.000000 50.000000 50.000000 50.000000 50.000000 50.000000 50.000000 50.000000 50.000000 50.000000 50.000000 50.000000 50.000000 50.000000 50.000000 50.000000 50.000000 50.000000 50.000000 50.000000 50.000000 50.000000 
50.000000 48.133679 46.376619 44.818924 43.517971 42.493740 41.732989 41.199396 40.845581 40.623530 40.491465 40.416931 40.376960 40.356565 40.346649 40.342050 40.340012 40.339148 40.338798 40.338661 40.338610 40.338592 40.338585 40.338583 40.338583 40.338582 40.338582 40.338582 40.338582 40.338581 40.338578 40.338570 40.338546 40.338482 40.338312 40.337883 40.336831 40.334347 40.328678 40.316177 40.289477 40.234105 40.122124 39.899854 39.462589 38.597328 36.837150 33.043635 24.066839 0.000000 
50.000000 46.376619 42.965372 39.941196 37.415484 35.427026 33.950109 32.914205 32.227330 31.796260 31.539884 31.395194 31.317603 31.278013 31.258766 31.249838 31.245882 31.244206 31.243525 31.243260 31.243161 31.243125 31.243113 31.243109 31.243107 31.243107 31.243107 31.243107 31.243106 31.243104 31.243099 31.243084 31.243042 31.242926 31.242623 31.241855 31.239979 31.235561 31.225523 31.203505 31.156824 31.060987 30.869952 30.498832 29.792720 28.469116 26.010984 21.482686 13.332984 0.000000 
50.000000 44.818924 39.941196 35.616966 32.005521 29.162316 27.050575 25.569436 24.587360 23.971043 23.604502 23.397645 23.286720 23.230123 23.202608 23.189847 23.184192 23.181796 23.180823 23.180444 23.180302 23.180251 23.180234 23.180228 23.180226 23.180225 23.180225 23.180225 23.180224 23.180222 23.180216 23.180197 23.180143 23.179998 23.179619 23.178660 23.176330 23.170868 23.158534 23.131695 23.075380 22.961350 22.738286 22.316150 21.542346 20.167955 17.808483 13.930212 7.981774 0.000000 
50.000000 43.517971 37.415484 32.005521 27.487365 23.930387 21.288556 19.435665 18.207131 17.436168 16.977670 16.718927 16.580184 16.509396 16.474984 16.459024 16.451953 16.448956 16.447739 16.447266 16.447089 16.447025 16.447003 16.446996 16.446993 16.446993 16.446992 16.446992 16.446991 16.446989 16.446982 16.446962 16.446907 16.446756 16.446362 16.445372 16.442976 16.437394 16.424883 16.397913 16.341992 16.230487 16.016689 15.622650 14.925340 13.743683 11.837566 8.946369 4.920643 0.000000 
50.000000 42.493740 35.427026 29.162316 23.930387 19.811555 16.752493 14.607028 13.184549 12.291906 11.761064 11.461507 11.300885 11.218938 11.179104 11.160630 11.152445 11.148976 11.147568 11.147020 11.146815 11.146742 11.146716 11.146708 11.146705 11.146704 11.146704 11.146704 11.146703 11.146701 11.146695 11.146676 11.146625 11.146488 11.146130 11.145234 11.143077 11.138086 11.126990 11.103306 11.054801 10.959565 10.780468 10.458378 9.905777 9.005047 7.619970 5.634306 3.031151 0.000000 
50.000000 41.732989 33.950109 27.050575 21.288556 16.752493 13.383630 11.020948 9.454497 8.471542 7.887014 7.557175 7.380323 7.290100 7.246245 7.225908 7.216898 7.213079 7.211529 7.210926 7.210701 7.210620 7.210592 7.210582 7.210579 7.210579 7.210578 7.210578 7.210577 7.210576 7.210570 7.210555 7.210513 7.210400 7.210107 7.209378 7.207632 7.203620 7.194773 7.176075 7.138241 7.065033 6.929798 6.691815 6.294115 5.665906 4.734425 3.451277 1.833136 0.000000 
50.000000 41.199396 32.914205 25.569436 19.435665 14.607028 11.020948 8.505987 6.838622 5.792375 5.170231 4.819179 4.630961 4.534943 4.488274 4.466632 4.457045 4.452982 4.451333 4.450691 4.450451 4.450365 4.450335 4.450325 4.450322 4.450321 4.450321 4.450320 4.450320 4.450319 4.450315 4.450303 4.450272 4.450187 4.449968 4.449425 4.448135 4.445188 4.438742 4.425248 4.398251 4.346707 4.252993 4.091150 3.826560 3.418976 2.831150 2.044253 1.077271 0.000000 
50.000000 40.845581 32.227330 24.587360 18.207131 13.184549 9.454497 6.838622 5.104395 4.016221 3.369165 3.004068 2.808326 2.708473 2.659941 2.637437 2.627468 2.623243 2.621529 2.620862 2.620612 2.620523 2.620492 2.620482 2.620478 2.620477 2.620477 2.620477 2.620476 2.620475 2.620473 2.620465 2.620443 2.620384 2.620233 2.619861 2.618980 2.616981 2.612644 2.603643 2.585819 2.552197 2.491915 2.389464 2.224984 1.976644 1.626010 1.166343 0.611476 0.000000 
50.000000 40.623530 31.796260 23.971043 17.436168 12.291906 8.471542 5.792375 4.016221 2.901764 2.239094 1.865196 1.664741 1.562487 1.512790 1.489746 1.479538 1.475212 1.473457 1.472774 1.472519 1.472427 1.472395 1.472385 1.472381 1.472380 1.472380 1.472380 1.472379 1.472379 1.472377 1.472372 1.472358 1.472320 1.472223 1.471985 1.471426 1.470166 1.467448 1.461855 1.450882 1.430402 1.394125 1.333301 1.237104 1.094176 0.895663 0.639436 0.334054 0.000000 
50.000000 40.491465 31.539884 23.604502 16.977670 11.761064 7.887014 5.170231 3.369165 2.239094 1.567152 1.188029 0.984777 0.881098 0.830710 0.807346 0.796996 0.792611 0.790831 0.790138 0.789880 0.789787 0.789755 0.789744 0.789740 0.789739 0.789739 0.789739 0.789739 0.789738 0.789737 0.789734 0.789726 0.789703 0.789645 0.789503 0.789171 0.788427 0.786833 0.783576 0.777239 0.765523 0.744983 0.710939 0.657758 0.579758 0.472807 0.336379 0.175289 0.000000 
50.000000 40.416931 31.395194 23.397645 16.718927 11.461507 7.557175 4.819179 3.004068 1.865196 1.188029 0.805963 0.601136 0.496655 0.445878 0.422334 0.411904 0.407485 0.405692 0.404994 0.404733 0.404640 0.404607 0.404597 0.404593 0.404592 0.404592 0.404592 0.404592 0.404591 0.404591 0.404589 0.404584 0.404571 0.404539 0.404459 0.404274 0.403861 0.402981 0.401196 0.397748 0.391424 0.380437 0.362403 0.334517 0.294044 0.239111 0.169672 0.088252 0.000000 
50.000000 40.376960 31.317603 23.286720 16.580184 11.300885 7.380323 4.630961 2.808326 1.664741 0.984777 0.601136 0.395466 0.290556 0.239571 0.215931 0.205459 0.201022 0.199222 0.198521 0.198259 0.198165 0.198133 0.198122 0.198118 0.198117 0.198117 0.198117 0.198117 0.198117 0.198116 0.198115 0.198113 0.198106 0.198089 0.198047 0.197949 0.197733 0.197275 0.196350 0.194576 0.191344 0.185774 0.176704 0.162799 0.142790 0.115852 0.082043 0.042613 0.000000 
50.000000 40.356565 31.278013 23.230123 16.509396 11.218938 7.290100 4.534943 2.708473 1.562487 0.881098 0.496655 0.290556 0.185429 0.134338 0.110649 0.100156 0.095710 0.093905 0.093203 0.092941 0.092847 0.092814 0.092803 0.092800 0.092799 0.092798 0.092798 0.092798 0.092798 0.092798 0.092797 0.092796 0.092793 0.092784 0.092763 0.092715 0.092607 0.092381 0.091927 0.091061 0.089494 0.086809 0.082468 0.075861 0.066420 0.053793 0.038034 0.019734 0.000000 
50.000000 40.346649 31.258766 23.202608 16.474984 11.179104 7.246245 4.488274 2.659941 1.512790 0.830710 0.445878 0.239571 0.134338 0.083196 0.059483 0.048979 0.044529 0.042723 0.042020 0.041757 0.041663 0.041630 0.041620 0.041616 0.041615 0.041615 0.041615 0.041614 0.041614 0.041614 0.041614 0.041614 0.041612 0.041608 0.041598 0.041575 0.041524 0.041418 0.041207 0.040805 0.040081 0.038848 0.036868 0.033870 0.029612 0.023948 0.016911 0.008767 0.000000 
50.000000 40.342050 31.249838 23.189847 16.459024 11.160630 7.225908 4.466632 2.637437 1.489746 0.807346 0.422334 0.215931 0.110649 0.059483 0.035759 0.025251 0.020798 0.018991 0.018288 0.018025 0.017931 0.017898 0.017888 0.017884 0.017883 0.017883 0.017883 0.017883 0.017883 0.017883 0.017882 0.017882 0.017881 0.017880 0.017875 0.017865 0.017842 0.017795 0.017701 0.017523 0.017204 0.016664 0.015801 0.014500 0.012662 0.010228 0.007215 0.003738 0.000000 
50.000000 40.340012 31.245882 23.184192 16.451953 11.152445 7.216898 4.457045 2.627468 1.479538 0.796996 0.411904 0.205459 0.100156 0.048979 0.025251 0.014740 0.010287 0.008480 0.007776 0.007513 0.007419 0.007386 0.007376 0.007372 0.007371 0.007371 0.007371 0.007371 0.007371 0.007371 0.007371 0.007370 0.007370 0.007369 0.007367 0.007363 0.007353 0.007333 0.007293 0.007218 0.007084 0.006858 0.006498 0.005958 0.005197 0.004194 0.002956 0.001531 0.000000 
50.000000 40.339148 31.244206 23.181796 16.448956 11.148976 7.213079 4.452982 2.623243 1.475212 0.792611 0.407485 0.201022 0.095710 0.044529 0.020798 0.010287 0.005833 0.004026 0.003322 0.003059 0.002965 0.002932 0.002922 0.002918 0.002917 0.002917 0.002917 0.002917 0.002917 0.002917 0.002917 0.002917 0.002916 0.002916 0.002915 0.002913 0.002910 0.002901 0.002885 0.002855 0.002801 0.002710 0.002566 0.002351 0.002049 0.001652 0.001164 0.000602 0.000000 
50.000000 40.338798 31.243525 23.180823 16.447739 11.147568 7.211529 4.451333 2.621529 1.473457 0.790831 0.405692 0.199222 0.093905 0.042723 0.018991 0.008480 0.004026 0.002218 0.001515 0.001252 0.001158 0.001125 0.001114 0.001111 0.001110 0.001109 0.001109 0.001109 0.001109 0.001109 0.001109 0.001109 0.001109 0.001109 0.001109 0.001108 0.001106 0.001103 0.001097 0.001085 0.001064 0.001029 0.000974 0.000892 0.000777 0.000626 0.000441 0.000228 0.000000 
50.000000 40.338661 31.243260 23.180444 16.447266 11.147020 7.210926 4.450691 2.620862 1.472774 0.790138 0.404994 0.198521 0.093203 0.042020 0.018288 0.007776 0.003322 0.001515 0.000811 0.000549 0.000454 0.000422 0.000411 0.000407 0.000406 0.000406 0.000406 0.000406 0.000406 0.000406 0.000406 0.000406 0.000406 0.000406 0.000405 0.000405 0.000405 0.000403 0.000401 0.000397 0.000389 0.000376 0.000356 0.000326 0.000283 0.000228 0.000161 0.000083 0.000000 
50.000000 40.338610 31.243161 23.180302 16.447089 11.146815 7.210701 4.450451 2.620612 1.472519 0.789880 0.404733 0.198259 0.092941 0.041757 0.018025 0.007513 0.003059 0.001252 0.000549 0.000286 0.000191 0.000159 0.000148 0.000144 0.000143 0.000143 0.000143 0.000143 0.000143 0.000143 0.000143 0.000143 0.000143 0.000143 0.000143 0.000143 0.000142 0.000142 0.000141 0.000140 0.000137 0.000132 0.000125 0.000114 0.000100 0.000080 0.000056 0.000029 0.000000 
50.000000 40.338592 31.243125 23.180251 16.447025 11.146742 7.210620 4.450365 2.620523 1.472427 0.789787 0.404640 0.198165 0.092847 0.041663 0.017931 0.007419 0.002965 0.001158 0.000454 0.000191 0.000097 0.000064 0.000054 0.000050 0.000049 0.000049 0.000049 0.000049 0.000048 0.000048 0.000048 0.000048 0.000048 0.000048 0.000048 0.000048 0.000048 0.000048 0.000048 0.000047 0.000046 0.000045 0.000042 0.000039 0.000034 0.000027 0.000019 0.000010 0.000000 
50.000000 40.338585 31.243113 23.180234 16.447003 11.146716 7.210592 4.450335 2.620492 1.472395 0.789755 0.404608 0.198133 0.092814 0.041630 0.017898 0.007386 0.002932 0.001125 0.000422 0.000159 0.000064 0.000032 0.000021 0.000017 0.000016 0.000016 0.000016 0.000016 0.000016 0.000016 0.000016 0.000016 0.000016 0.000016 0.000016 0.000016 0.000016 0.000016 0.000016 0.000016 0.000015 0.000015 0.000014 0.000013 0.000011 0.000009 0.000006 0.000003 0.000000 
50.000000 40.338583 31.243109 23.180228 16.446996 11.146708 7.210583 4.450325 2.620482 1.472385 0.789744 0.404597 0.198122 0.092803 0.041620 0.017888 0.007376 0.002922 0.001114 0.000411 0.000148 0.000054 0.000021 0.000010 0.000007 0.000006 0.000005 0.000005 0.000005 0.000005 0.000005 0.000005 0.000005 0.000005 0.000005 0.000005 0.000005 0.000005 0.000005 0.000005 0.000005 0.000005 0.000005 0.000004 0.000004 0.000004 0.000003 0.000002 0.000001 0.000000 
50.000000 40.338583 31.243108 23.180226 16.446994 11.146706 7.210580 4.450322 2.620479 1.472382 0.789741 0.404594 0.198119 0.092800 0.041616 0.017885 0.007373 0.002919 0.001111 0.000408 0.000145 0.000050 0.000018 0.000007 0.000004 0.000002 0.000002 0.000002 0.000002 0.000002 0.000002 0.000002 0.000002 0.000002 0.000002 0.000002 0.000002 0.000002 0.000002 0.000002 0.000002 0.000002 0.000002 0.000002 0.000002 0.000001 0.000001 0.000001 0.000000 0.000000 
50.000000 40.338583 31.243108 23.180226 16.446994 11.146706 7.210580 4.450322 2.620479 1.472382 0.789741 0.404594 0.198119 0.092800 0.041616 0.017885 0.007373 0.002919 0.001111 0.000408 0.000145 0.000050 0.000018 0.000007 0.000004 0.000002 0.000002 0.000002 0.000002 0.000002 0.000002 0.000002 0.000002 0.000002 0.000002 0.000002 0.000002 0.000002 0.000002 0.000002 0.000002 0.000002 0.000002 0.000002 0.000002 0.000001 0.000001 0.000001 0.000000 0.000000 
50.000000 40.338583 31.243109 23.180228 16.446996 11.146708 7.210583 4.450325 2.620482 1.472385 0.789744 0.404597 0.198122 0.092803 0.041620 0.017888 0.007376 0.002922 0.001114 0.000411 0.000148 0.000054 0.000021 0.000010 0.000007 0.000006 0.000005 0.000005 0.000005 0.000005 0.000005 0.000005 0.000005 0.000005 0.000005 0.000005 0.000005 0.000005 0.000005 0.000005 0.000005 0.000005 0.000005 0.000004 0.000004 0.000004 0.000003 0.000002 0.000001 0.000000 
50.000000 40.338585 31.243113 23.180234 16.447003 11.146716 7.210592 4.450335 2.620492 1.472395 0.789755 0.404608 0.198133 0.092814 0.041630 0.017898 0.007386 0.002932 0.001125 0.000422 0.000159 0.000064 0.000032 0.000021 0.000017 0.000016 0.000016 0.000016 0.000016 0.000016 0.000016 0.000016 0.000016 0.000016 0.000016 0.000016 0.000016 0.000016 0.000016 0.000016 0.000016 0.000015 0.000015 0.000014 0.000013 0.000011 0.000009 0.000006 0.000003 0.000000 
50.000000 40.338592 31.243125 23.180251 16.447025 11.146742 7.210620 4.450365 2.620523 1.472427 0.789787 0.404640 0.198165 0.092847 0.041663 0.017931 0.007419 0.002965 0.001158 0.000454 0.000191 0.000097 0.000064 0.000054 0.000050 0.000049 0.000049 0.000049 0.000049 0.000048 0.000048 0.000048 0.000048 0.000048 0.000048 0.000048 0.000048 0.000048 0.000048 0.000048 0.000047 0.000046 0.000045 0.000042 0.000039 0.000034 0.000027 0.000019 0.000010 0.000000 
50.000000 40.338610 31.243161 23.180302 16.447089 11.146815 7.210701 4.450451 2.620612 1.472519 0.789880 0.404733 0.198259 0.092941 0.041757 0.018025 0.007513 0.003059 0.001252 0.000549 0.000286 0.000191 0.000159 0.000148 0.000144 0.000143 0.000143 0.000143 0.000143 0.000143 0.000143 0.000143 0.000143 0.000143 0.000143 0.000143 0.000143 0.000142 0.000142 0.000141 0.000140 0.000137 0.000132 0.000125 0.000114 0.000100 0.000080 0.000056 0.000029 0.000000 
50.000000 40.338661 31.243260 23.180444 16.447266 11.147020 7.210926 4.450691 2.620862 1.472774 0.790138 0.404994 0.198521 0.093203 0.042020 0.018288 0.007776 0.003322 0.001515 0.000811 0.000549 0.000454 0.000422 0.000411 0.000407 0.000406 0.000406 0.000406 0.000406 0.000406 0.000406 0.000406 0.000406 0.000406 0.000406 0.000405 0.000405 0.000405 0.000403 0.000401 0.000397 0.000389 0.000376 0.000356 0.000326 0.000283 0.000228 0.000161 0.000083 0.000000 
50.000000 40.338798 31.243525 23.180823 16.447739 11.147568 7.211529 4.451333 2.621529 1.473457 0.790831 0.405692 0.199222 0.093905 0.042723 0.018991 0.008480 0.004026 0.002218 0.001515 0.001252 0.001158 0.001125 0.001114 0.001111 0.001110 0.001109 0.001109 0.001109 0.001109 0.001109 0.001109 0.001109 0.001109 0.001109 0.001109 0.001108 0.001106 0.001103 0.001097 0.001085 0.001064 0.001029 0.000974 0.000892 0.000777 0.000626 0.000441 0.000228 0.000000 
50.000000 40.339148 31.244206 23.181796 16.448956 11.148976 7.213079 4.452982 2.623243 1.475212 0.792611 0.407485 0.201022 0.095710 0.044529 0.020798 0.010287 0.005833 0.004026 0.003322 0.003059 0.002965 0.002932 0.002922 0.002918 0.002917 0.002917 0.002917 0.002917 0.002917 0.002917 0.002917 0.002917 0.002916 0.002916 0.002915 0.002913 0.002910 0.002901 0.002885 0.002855 0.002801 0.002710 0.002566 0.002351 0.002049 0.001652 0.001164 0.000602 0.000000 
50.000000 40.340012 31.245882 23.184192 16.451953 11.152445 7.216898 4.457045 2.627468 1.479538 0.796996 0.411904 0.205459 0.100156 0.048979 0.025251 0.014740 0.010287 0.008480 0.007776 0.007513 0.007419 0.007386 0.007376 0.007372 0.007371 0.007371 0.007371 0.007371 0.007371 0.007371 0.007371 0.007370 0.007370 0.007369 0.007367 0.007363 0.007353 0.007333 0.007293 0.007218 0.007084 0.006858 0.006498 0.005958 0.005197 0.004194 0.002956 0.001531 0.000000 
50.000000 40.342050 31.249838 23.189847 16.459024 11.160630 7.225908 4.466632 2.637437 1.489746 0.807346 0.422334 0.215931 0.110649 0.059483 0.035759 0.025251 0.020798 0.018991 0.018288 0.018025 0.017931 0.017898 0.017888 0.017884 0.017883 0.017883 0.017883 0.017883 0.017883 0.017883 0.017882 0.017882 0.017881 0.017880 0.017875 0.017865 0.017842 0.017795 0.017701 0.017523 0.017204 0.016664 0.015801 0.014500 0.012662 0.010228 0.007215 0.003738 0.000000 
50.000000 40.346649 31.258766 23.202608 16.474984 11.179104 7.246245 4.488274 2.659941 1.512790 0.830710 0.445878 0.239571 0.134338 0.083196 0.059483 0.048979 0.044529 0.042723 0.042020 0.041757 0.041663 0.041630 0.041620 0.041616 0.041615 0.041615 0.041615 0.041614 0.041614 0.041614 0.041614 0.041614 0.041612 0.041608 0.041598 0.041575 0.041524 0.041418 0.041207 0.040805 0.040081 0.038848 0.036868 0.033870 0.029612 0.023948 0.016911 0.008767 0.000000 
50.000000 40.356565 31.278013 23.230123 16.509396 11.218938 7.290100 4.534943 2.708473 1.562487 0.881098 0.496655 0.290556 0.185429 0.134338 0.110649 0.100156 0.095710 0.093905 0.093203 0.092941 0.092847 0.092814 0.092803 0.092800 0.092799 0.092798 0.092798 0.092798 0.092798 0.092798 0.092797 0.092796 0.092793 0.092784 0.092763 0.092715 0.092607 0.092381 0.091927 0.091061 0.089494 0.086809 0.082468 0.075861 0.066420 0.053793 0.038034 0.019734 0.000000 
50.000000 40.376960 31.317603 23.286720 16.580184 11.300885 7.380323 4.630961 2.808326 1.664741 0.984777 0.601136 0.395466 0.290556 0.239571 0.215931 0.205459 0.201022 0.199222 0.198521 0.198259 0.198165 0.198133 0.198122 0.198118 0.198117 0.198117 0.198117 0.198117 0.198117 0.198116 0.198115 0.198113 0.198106 0.198089 0.198047 0.197949 0.197733 0.197275 0.196350 0.194576 0.191344 0.185774 0.176704 0.162799 0.142790 0.115852 0.082043 0.042613 0.000000 
50.000000 40.416931 31.395194 23.397645 16.718927 11.461507 7.557175 4.819179 3.004068 1.865196 1.188029 0.805963 0.601136 0.496655 0.445878 0.422334 0.411904 0.407485 0.405692 0.404994 0.404733 0.404640 0.404607 0.404597 0.404593 0.404592 0.404592 0.404592 0.404592 0.404591 0.404591 0.404589 0.404584 0.404571 0.404539 0.404459 0.404274 0.403861 0.402981 0.401196 0.397748 0.391424 0.380437 0.362403 0.334517 0.294044 0.239111 0.169672 0.088252 0.000000 
50.000000 40.491465 31.539884 23.604502 16.977670 11.761064 7.887014 5.170231 3.369165 2.239094 1.567152 1.188029 0.984777 0.881098 0.830710 0.807346 0.796996 0.792611 0.790831 0.790138 0.789880 0.789787 0.789755 0.789744 0.789740 0.789739 0.789739 0.789739 0.789739 0.789738 0.789737 0.789734 0.789726 0.789703 0.789645 0.789503 0.789171 0.788427 0.786833 0.783576 0.777239 0.765523 0.744983 0.710939 0.657758 0.579758 0.472807 0.336379 0.175289 0.000000 
50.000000 40.623530 31.796260 23.971043 17.436168 12.291906 8.471542 5.792375 4.016221 2.901764 2.239094 1.865196 1.664741 1.562487 1.512790 1.489746 1.479538 1.475212 1.473457 1.472774 1.472519 1.472427 1.472395 1.472385 1.472381 1.472380 1.472380 1.472380 1.472379 1.472379 1.472377 1.472372 1.472358 1.472320 1.472223 1.471985 1.471426 1.470166 1.467448 1.461855 1.450882 1.430402 1.394125 1.333301 1.237104 1.094176 0.895663 0.639436 0.334054 0.000000 
50.000000 40.845581 32.227330 24.587360 18.207131 13.184549 9.454497 6.838622 5.104395 4.016221 3.369165 3.004068 2.808326 2.708473 2.659941 2.637437 2.627468 2.623243 2.621529 2.620862 2.620612 2.620523 2.620492 2.620482 2.620478 2.620477 2.620477 2.620477 2.620476 2.620475 2.620473 2.620465 2.620443 2.620384 2.620233 2.619861 2.618980 2.616981 2.612644 2.603643 2.585819 2.552197 2.491915 2.389464 2.224984 1.976644 1.626010 1.166343 0.611476 0.000000 
50.000000 41.199396 32.914205 25.569436 19.435665 14.607028 11.020948 8.505987 6.838622 5.792375 5.170231 4.819179 4.630961 4.534943 4.488274 4.466632 4.457045 4.452982 4.451333 4.450691 4.450451 4.450365 4.450335 4.450325 4.450322 4.450321 4.450321 4.450320 4.450320 4.450319 4.450315 4.450303 4.450272 4.450187 4.449968 4.449425 4.448135 4.445188 4.438742 4.425248 4.398251 4.346707 4.252993 4.091150 3.826560 3.418976 2.831150 2.044253 1.077271 0.000000 
50.000000 41.732989 33.950109 27.050575 21.288556 16.752493 13.383630 11.020948 9.454497 8.471542 7.887014 7.557175 7.380323 7.290100 7.246245 7.225908 7.216898 7.213079 7.211529 7.210926 7.210701 7.210620 7.210592 7.210582 7.210579 7.210579 7.210578 7.210578 7.210577 7.210576 7.210570 7.210555 7.210513 7.210400 7.210107 7.209378 7.207632 7.203620 7.194773 7.176075 7.138241 7.065033 6.929798 6.691815 6.294115 5.665906 4.734425 3.451277 1.833136 0.000000 
50.000000 42.493740 35.427026 29.162316 23.930387 19.811555 16.752493 14.607028 13.184549 12.291906 11.761064 11.461507 11.300885 11.218938 11.179104 11.160630 11.152445 11.148976 11.147568 11.147020 11.146815 11.146742 11.146716 11.146708 11.146705 11.146704 11.146704 11.146704 11.146703 11.146701 11.146695 11.146676 11.146625 11.146488 11.146130 11.145234 11.143077 11.138086 11.126990 11.103306 11.054801 10.959565 10.780468 10.458378 9.905777 9.005047 7.619970 5.634306 3.031151 0.000000 
50.000000 43.517971 37.415484 32.005521 27.487365 23.930387 21.288556 19.435665 18.207131 17.436168 16.977670 16.718927 16.580184 16.509396 16.474984 16.459024 16.451953 16.448956 16.447739 16.447266 16.447089 16.447025 16.447003 16.446996 16.446993 16.446993 16.446992 16.446992 16.446991 16.446989 16.446982 16.446962 16.446907 16.446756 16.446362 16.445372 16.442976 16.437394 16.424883 16.397913 16.341992 16.230487 16.016689 15.622650 14.925340 13.743683 11.837566 8.946369 4.920643 0.000000 
50.000000 44.818924 39.941196 35.616966 32.005521 29.162316 27.050575 25.569436 24.587360 23.971043 23.604502 23.397645 23.286720 23.230123 23.202608 23.189847 23.184192 23.181796 23.180823 23.180444 23.180302 23.180251 23.180234 23.180228 23.180226 23.180225 23.180225 23.180225 23.180224 23.180222 23.180216 23.180197 23.180143 23.179998 23.179619 23.178660 23.176330 23.170868 23.158534 23.131695 23.075380 22.961350 22.738286 22.316150 21.542346 20.167955 17.808483 13.930212 7.981774 0.000000 
50.000000 46.376619 42.965372 39.941196 37.415484 35.427026 33.950109 32.914205 32.227330 31.796260 31.539884 31.395194 31.317603 31.278013 31.258766 31.249838 31.245882 31.244206 31.243525 31.243260 31.243161 31.243125 31.243113 31.243109 31.243107 31.243107 31.243107 31.243107 31.243106 31.243104 31.243099 31.243084 31.243042 31.242926 31.242623 31.241855 31.239979 31.235561 31.225523 31.203505 31.156824 31.060987 30.869952 30.498832 29.792720 28.469116 26.010984 21.482686 13.332984 0.000000 
50.000000 48.133679 46.376619 44.818924 43.517971 42.493740 41.732989 41.199396 40.845581 40.623530 40.491465 40.416931 40.376960 40.356565 40.346649 40.342050 40.340012 40.339148 40.338798 40.338661 40.338610 40.338592 40.338585 40.338583 40.338583 40.338582 40.338582 40.338582 40.338582 40.338581 40.338578 40.338570 40.338546 40.338482 40.338312 40.337883 40.336831 40.334347 40.328678 40.316177 40.289477 40.234105 40.122124 39.899854 39.462589 38.597328 36.837150 33.043635 24.066839 0.000000 
50.000000 50.000000 50.000000 50.000000 50.000000 50.000000 50.000000 50.000000 50.000000 50.000000 50.000000 50.000000 50.000000 50.000000 50.000000 50.000000 50.000000 50.000000 50.000000 50.000000 50.000000 50.000000 50.000000 50.000000 50.000000 50.000000 50.000000 50.000000 50.000000 50.000000 50.000000 50.000000 50.000000 50.000000 50.000000 50.000000 50.000000 50.000000 50.000000 50.000000 50.000000 50.000000 50.000000 50.000000 50.000000 50.000000 50.000000 50.000000 50.000000 50.000000 
