50.000000 50.000000 50.000000 50.000000 50.000000 50.000000 50.000000 50.000000 50.000000 50.000000 50.000000 50.000000 50.000000 50.000000 50.000000 50.000000 50.000000 50.000000 50.000000 50.000000 50.000000 50.000000 50.000000 50.000000 50.000000 50.000000 50.000000 50.000000 50.000000 50.000000 50.000000 50.000000 50.000000 50.000000 50.000000 50.000000 50.000000 50.000000 50.000000 50.000000 50.000000 50.000000 50.000000 50.000000 50.000000 50.000000 50.000000 50.000000 50.000000 50.000000 
50.000000 46.273395 42.981408 40.407293 38.619001 37.509777 36.892059 36.581402 36.439495 36.380288 36.357607 36.349590 36.346964 36.346163 36.345935 36.345874 36.345859 36.345856 36.345855 36.345855 36.345855 36.345855 36.345855 36.345855 36.345855 36.345855 36.345855 36.345855 36.345855 36.345855 36.345855 36.345855 36.345854 36.345854 36.345853 36.345850 36.345835 36.345775 36.345551 36.344759 36.342114 36.333778 36.308978 36.239119 36.051788 35.568725 34.350329 31.264776 23.136697 0.000000 
50.000000 42.981408 36.781478 31.933717 28.566049 26.477322 25.314216 24.729329 24.462181 24.350732 24.308042 24.292956 24.288014 24.286508 24.286079 24.285965 24.285936 24.285929 24.285927 24.285927 24.285927 24.285927 24.285927 24.285927 24.285927 24.285927 24.285927 24.285927 24.285927 24.285927 24.285927 24.285927 24.285927 24.285927 24.285925 24.285920 24.285896 24.285801 24.285447 24.284201 24.280074 24.267214 24.229540 24.125808 23.857077 23.200830 21.686945 18.390739 11.716632 0.000000 
50.000000 40.407293 31.933717 25.308517 20.706423 17.852333 16.263211 15.464194 15.099291 14.947083 14.888791 14.868193 14.861447 14.859392 14.858806 14.858650 14.858611 14.858602 14.858600 14.858599 14.858599 14.858599 14.858599 14.858599 14.858599 14.858599 14.858599 14.858599 14.858599 14.858599 14.858599 14.858599 14.858599 14.858599 14.858597 14.858591 14.858566 14.858468 14.858105 14.856836 14.852675 14.839885 14.803099 14.704332 14.457349 13.883897 12.654258 10.246772 6.056965 0.000000 
50.000000 38.619001 28.566049 20.706423 15.247289 11.862031 9.977387 9.029909 8.597270 8.416836 8.347746 8.323337 8.315345 8.312910 8.312217 8.312032 8.311985 8.311974 8.311972 8.311971 8.311971 8.311971 8.311971 8.311971 8.311971 8.311971 8.311971 8.311971 8.311971 8.311971 8.311971 8.311971 8.311971 8.311971 8.311970 8.311965 8.311945 8.311866 8.311575 8.310570 8.307308 8.297420 8.269490 8.196253 8.018777 7.623645 6.822525 5.365219 3.050276 0.000000 
50.000000 37.509777 26.477322 17.852333 11.862031 8.147734 6.080133 5.040804 4.566289 4.368419 4.292664 4.265905 4.257145 4.254476 4.253716 4.253514 4.253463 4.253451 4.253448 4.253448 4.253448 4.253448 4.253448 4.253448 4.253448 4.253448 4.253448 4.253448 4.253448 4.253448 4.253448 4.253448 4.253448 4.253447 4.253447 4.253443 4.253430 4.253377 4.253184 4.252522 4.250398 4.244039 4.226367 4.180982 4.073867 3.843254 3.394984 2.620245 1.457989 0.000000 
50.000000 36.892059 25.314216 16.263211 9.977387 6.080133 3.910872 2.820548 2.322802 2.115269 2.035824 2.007765 1.998581 1.995783 1.994987 1.994774 1.994721 1.994709 1.994706 1.994705 1.994705 1.994705 1.994705 1.994705 1.994705 1.994705 1.994705 1.994705 1.994705 1.994705 1.994705 1.994705 1.994705 1.994705 1.994705 1.994703 1.994695 1.994665 1.994555 1.994180 1.992989 1.989464 1.979807 1.955436 1.899150 1.781134 1.558879 1.188408 0.652940 0.000000 
50.000000 36.581402 24.729329 15.464194 9.029909 5.040804 2.820548 1.704664 1.195287 0.982922 0.901633 0.872925 0.863529 0.860667 0.859853 0.859636 0.859581 0.859568 0.859566 0.859565 0.859565 0.859565 0.859565 0.859565 0.859565 0.859565 0.859565 0.859565 0.859565 0.859565 0.859565 0.859565 0.859565 0.859565 0.859564 0.859564 0.859560 0.859544 0.859489 0.859303 0.858715 0.856993 0.852332 0.840741 0.814437 0.760419 0.661095 0.499789 0.272424 0.000000 
50.000000 36.439495 24.462181 15.099291 8.597270 4.566289 2.322802 1.195287 0.680623 0.466063 0.383938 0.354936 0.345444 0.342554 0.341731 0.341512 0.341457 0.341444 0.341441 0.341440 0.341440 0.341440 0.341440 0.341440 0.341440 0.341440 0.341440 0.341440 0.341440 0.341440 0.341440 0.341440 0.341440 0.341440 0.341440 0.341440 0.341438 0.341431 0.341406 0.341324 0.341064 0.340311 0.338294 0.333338 0.322250 0.299849 0.259406 0.194968 0.105716 0.000000 
50.000000 36.380288 24.350732 14.947083 8.416836 4.368419 2.115269 0.982922 0.466063 0.250593 0.168121 0.138998 0.129467 0.126565 0.125739 0.125518 0.125463 0.125450 0.125447 0.125447 0.125447 0.125447 0.125447 0.125447 0.125447 0.125447 0.125447 0.125447 0.125447 0.125447 0.125447 0.125447 0.125447 0.125446 0.125446 0.125446 0.125446 0.125443 0.125433 0.125400 0.125296 0.124998 0.124207 0.122281 0.118022 0.109528 0.094408 0.070658 0.038174 0.000000 
50.000000 36.357607 24.308042 14.888791 8.347746 4.292664 2.035824 0.901633 0.383938 0.168121 0.085519 0.056350 0.046803 0.043896 0.043069 0.042849 0.042793 0.042780 0.042777 0.042777 0.042777 0.042776 0.042776 0.042776 0.042776 0.042776 0.042776 0.042776 0.042776 0.042776 0.042776 0.042776 0.042776 0.042776 0.042776 0.042776 0.042776 0.042775 0.042771 0.042759 0.042722 0.042614 0.042330 0.041644 0.040142 0.037176 0.031955 0.023842 0.012847 0.000000 
50.000000 36.349590 24.292956 14.868193 8.323337 4.265905 2.007765 0.872925 0.354936 0.138998 0.056350 0.027164 0.017613 0.014704 0.013877 0.013656 0.013601 0.013588 0.013585 0.013584 0.013584 0.013584 0.013584 0.013584 0.013584 0.013584 0.013584 0.013584 0.013584 0.013584 0.013584 0.013584 0.013584 0.013584 0.013584 0.013584 0.013584 0.013583 0.013582 0.013578 0.013566 0.013530 0.013436 0.013210 0.012721 0.011762 0.010088 0.007509 0.004039 0.000000 
50.000000 36.346964 24.288014 14.861447 8.315345 4.257145 1.998581 0.863529 0.345444 0.129467 0.046803 0.017613 0.008060 0.005151 0.004323 0.004102 0.004047 0.004034 0.004031 0.004030 0.004030 0.004030 0.004030 0.004030 0.004030 0.004030 0.004030 0.004030 0.004030 0.004030 0.004030 0.004030 0.004030 0.004030 0.004030 0.004030 0.004030 0.004030 0.004030 0.004028 0.004024 0.004013 0.003985 0.003916 0.003768 0.003479 0.002979 0.002214 0.001189 0.000000 
50.000000 36.346163 24.286508 14.859392 8.312910 4.254476 1.995783 0.860667 0.342554 0.126565 0.043896 0.014704 0.005151 0.002241 0.001413 0.001193 0.001137 0.001124 0.001121 0.001121 0.001121 0.001121 0.001121 0.001121 0.001121 0.001121 0.001121 0.001121 0.001121 0.001121 0.001121 0.001121 0.001121 0.001121 0.001121 0.001121 0.001121 0.001121 0.001120 0.001120 0.001119 0.001116 0.001108 0.001088 0.001046 0.000965 0.000825 0.000612 0.000328 0.000000 
50.000000 36.345935 24.286079 14.858806 8.312217 4.253716 1.994987 0.859853 0.341731 0.125739 0.043069 0.013877 0.004323 0.001413 0.000586 0.000365 0.000310 0.000297 0.000294 0.000293 0.000293 0.000293 0.000293 0.000293 0.000293 0.000293 0.000293 0.000293 0.000293 0.000293 0.000293 0.000293 0.000293 0.000293 0.000293 0.000293 0.000293 0.000293 0.000293 0.000293 0.000292 0.000292 0.000289 0.000284 0.000273 0.000252 0.000215 0.000159 0.000085 0.000000 
50.000000 36.345874 24.285965 14.858650 8.312032 4.253514 1.994774 0.859636 0.341512 0.125518 0.042849 0.013656 0.004102 0.001193 0.000365 0.000144 0.000089 0.000076 0.000073 0.000072 0.000072 0.000072 0.000072 0.000072 0.000072 0.000072 0.000072 0.000072 0.000072 0.000072 0.000072 0.000072 0.000072 0.000072 0.000072 0.000072 0.000072 0.000072 0.000072 0.000072 0.000072 0.000072 0.000071 0.000070 0.000067 0.000062 0.000053 0.000039 0.000021 0.000000 
50.000000 36.345859 24.285936 14.858611 8.311985 4.253463 1.994721 0.859581 0.341457 0.125463 0.042793 0.013601 0.004047 0.001137 0.000310 0.000089 0.000034 0.000020 0.000018 0.000017 0.000017 0.000017 0.000017 0.000017 0.000017 0.000017 0.000017 0.000017 0.000017 0.000017 0.000017 0.000017 0.000017 0.000017 0.000017 0.000017 0.000017 0.000017 0.000017 0.000017 0.000017 0.000017 0.000017 0.000016 0.000016 0.000014 0.000012 0.000009 0.000005 0.000000 
50.000000 36.345856 24.285929 14.858602 8.311974 4.253451 1.994709 0.859568 0.341444 0.125450 0.042780 0.013588 0.004034 0.001124 0.000297 0.000076 0.000020 0.000007 0.000004 0.000004 0.000004 0.000004 0.000004 0.000004 0.000004 0.000004 0.000004 0.000004 0.000004 0.000004 0.000004 0.000004 0.000004 0.000004 0.000004 0.000004 0.000004 0.000004 0.000004 0.000004 0.000004 0.000004 0.000004 0.000004 0.000003 0.000003 0.000003 0.000002 0.000001 0.000000 
50.000000 36.345855 24.285927 14.858600 8.311972 4.253448 1.994706 0.859566 0.341441 0.125447 0.042777 0.013585 0.004031 0.001121 0.000294 0.000073 0.000018 0.000004 0.000002 0.000001 0.000001 0.000001 0.000001 0.000001 0.000001 0.000001 0.000001 0.000001 0.000001 0.000001 0.000001 0.000001 0.000001 0.000001 0.000001 0.000001 0.000001 0.000001 0.000001 0.000001 0.000001 0.000001 0.000001 0.000001 0.000001 0.000001 0.000001 0.000000 0.000000 0.000000 
50.000000 36.345855 24.285927 14.858599 8.311971 4.253448 1.994705 0.859565 0.341440 0.125447 0.042777 0.013584 0.004030 0.001121 0.000293 0.000072 0.000017 0.000004 0.000001 0.000000 0.000000 0.000000 0.000000 0.000000 0.000000 0.000000 0.000000 0.000000 0.000000 0.000000 0.000000 0.000000 0.000000 0.000000 0.000000 0.000000 0.000000 0.000000 0.000000 0.000000 0.000000 0.000000 0.000000 0.000000 0.000000 0.000000 0.000000 0.000000 0.000000 0.000000 
50.000000 36.345855 24.285927 14.858599 8.311971 4.253448 1.994705 0.859565 0.341440 0.125447 0.042777 0.013584 0.004030 0.001121 0.000293 0.000072 0.000017 0.000004 0.000001 0.000000 0.000000 0.000000 0.000000 0.000000 0.000000 0.000000 0.000000 0.000000 0.000000 0.000000 0.000000 0.000000 0.000000 0.000000 0.000000 0.000000 0.000000 0.000000 0.000000 0.000000 0.000000 0.000000 0.000000 0.000000 0.000000 0.000000 0.000000 0.000000 0.000000 0.000000 
50.000000 36.345855 24.285927 14.858599 8.311971 4.253448 1.994705 0.859565 0.341440 0.125447 0.042776 0.013584 0.004030 0.001121 0.000293 0.000072 0.000017 0.000004 0.000001 0.000000 0.000000 0.000000 0.000000 0.000000 0.000000 0.000000 0.000000 0.000000 0.000000 0.000000 0.000000 0.000000 0.000000 0.000000 0.000000 0.000000 0.000000 0.000000 0.000000 0.000000 0.000000 0.000000 0.000000 0.000000 0.000000 0.000000 0.000000 0.000000 0.000000 0.000000 
50.000000 36.345855 24.285927 14.858599 8.311971 4.253448 1.994705 0.859565 0.341440 0.125447 0.042776 0.013584 0.004030 0.001121 0.000293 0.000072 0.000017 0.000004 0.000001 0.000000 0.000000 0.000000 0.000000 0.000000 0.000000 0.000000 0.000000 0.000000 0.000000 0.000000 0.000000 0.000000 0.000000 0.000000 0.000000 0.000000 0.000000 0.000000 0.000000 0.000000 0.000000 0.000000 0.000000 0.000000 0.000000 0.000000 0.000000 0.000000 0.000000 0.000000 
50.000000 36.345855 24.285927 14.858599 8.311971 4.253448 1.994705 0.859565 0.341440 0.125447 0.042776 0.013584 0.004030 0.001121 0.000293 0.000072 0.000017 0.000004 0.000001 0.000000 0.000000 0.000000 0.000000 0.000000 0.000000 0.000000 0.000000 0.000000 0.000000 0.000000 0.000000 0.000000 0.000000 0.000000 0.000000 0.000000 0.000000 0.000000 0.000000 0.000000 0.000000 0.000000 0.000000 0.000000 0.000000 0.000000 0.000000 0.000000 0.000000 0.000000 
50.000000 36.345855 24.285927 14.858599 8.311971 4.253448 1.994705 0.859565 0.341440 0.125447 0.042776 0.013584 0.004030 0.001121 0.000293 0.000072 0.000017 0.000004 0.000001 0.000000 0.000000 0.000000 0.000000 0.000000 0.000000 0.000000 0.000000 0.000000 0.000000 0.000000 0.000000 0.000000 0.000000 0.000000 0.000000 0.000000 0.000000 0.000000 0.000000 0.000000 0.000000 0.000000 0.000000 0.000000 0.000000 0.000000 0.000000 0.000000 0.000000 0.000000 
50.000000 36.345855 24.285927 14.858599 8.311971 4.253448 1.994705 0.859565 0.341440 0.125447 0.042776 0.013584 0.004030 0.001121 0.000293 0.000072 0.000017 0.000004 0.000001 0.000000 0.000000 0.000000 0.000000 0.000000 0.000000 0.000000 0.000000 0.000000 0.000000 0.000000 0.000000 0.000000 0.000000 0.000000 0.000000 0.000000 0.000000 0.000000 0.000000 0.000000 0.000000 0.000000 0.000000 0.000000 0.000000 0.000000 0.000000 0.000000 0.000000 0.000000 
50.000000 36.345855 24.285927 14.858599 8.311971 4.253448 1.994705 0.859565 0.341440 0.125447 0.042776 0.013584 0.004030 0.001121 0.000293 0.000072 0.000017 0.000004 0.000001 0.000000 0.000000 0.000000 0.000000 0.000000 0.000000 0.000000 0.000000 0.000000 0.000000 0.000000 0.000000 0.000000 0.000000 0.000000 0.000000 0.000000 0.000000 0.000000 0.000000 0.000000 0.000000 0.000000 0.000000 0.000000 0.000000 0.000000 0.000000 0.000000 0.000000 0.000000 
50.000000 36.345855 24.285927 14.858599 8.311971 4.253448 1.994705 0.859565 0.341440 0.125447 0.042776 0.013584 0.004030 0.001121 0.000293 0.000072 0.000017 0.000004 0.000001 0.000000 0.000000 0.000000 0.000000 0.000000 0.000000 0.000000 0.000000 0.000000 0.000000 0.000000 0.000000 0.000000 0.000000 0.000000 0.000000 0.000000 0.000000 0.000000 0.000000 0.000000 0.000000 0.000000 0.000000 0.000000 0.000000 0.000000 0.000000 0.000000 0.000000 0.000000 
50.000000 36.345855 24.285927 14.858599 8.311971 4.253448 1.994705 0.859565 0.341440 0.125447 0.042776 0.013584 0.004030 0.001121 0.000293 0.000072 0.000017 0.000004 0.000001 0.000000 0.000000 0.000000 0.000000 0.000000 0.000000 0.000000 0.000000 0.000000 0.000000 0.000000 0.000000 0.000000 0.000000 0.000000 0.000000 0.000000 0.000000 0.000000 0.000000 0.000000 0.000000 0.000000 0.000000 0.000000 0.000000 0.000000 0.000000 0.000000 0.000000 0.000000 
50.000000 36.345855 24.285927 14.858599 8.311971 4.253448 1.994705 0.859565 0.341440 0.125447 0.042777 0.013584 0.004030 0.001121 0.000293 0.000072 0.000017 0.000004 0.000001 0.000000 0.000000 0.000000 0.000000 0.000000 0.000000 0.000000 0.000000 0.000000 0.000000 0.000000 0.000000 0.000000 0.000000 0.000000 0.000000 0.000000 0.000000 0.000000 0.000000 0.000000 0.000000 0.000000 0.000000 0.000000 0.000000 0.000000 0.000000 0.000000 0.000000 0.000000 
50.000000 36.345855 24.285927 14.858599 8.311971 4.253448 1.994705 0.859565 0.341440 0.125447 0.042777 0.013584 0.004030 0.001121 0.000293 0.000072 0.000017 0.000004 0.000001 0.000000 0.000000 0.000000 0.000000 0.000000 0.000000 0.000000 0.000000 0.000000 0.000000 0.000000 0.000000 0.000000 0.000000 0.000000 0.000000 0.000000 0.000000 0.000000 0.000000 0.000000 0.000000 0.000000 0.000000 0.000000 0.000000 0.000000 0.000000 0.000000 0.000000 0.000000 
50.000000 36.345855 24.285927 14.858600 8.311972 4.253448 1.994706 0.859566 0.341441 0.125447 0.042777 0.013585 0.004031 0.001121 0.000294 0.000073 0.000018 0.000004 0.000002 0.000001 0.000001 0.000001 0.000001 0.000001 0.000001 0.000001 0.000001 0.000001 0.000001 0.000001 0.000001 0.000001 0.000001 0.000001 0.000001 0.000001 0.000001 0.000001 0.000001 0.000001 0.000001 0.000001 0.000001 0.000001 0.000001 0.000001 0.000001 0.000000 0.000000 0.000000 
50.000000 36.345856 24.285929 14.858602 8.311974 4.253451 1.994709 0.859568 0.341444 0.125450 0.042780 0.013588 0.004034 0.001124 0.000297 0.000076 0.000020 0.000007 0.000004 0.000004 0.000004 0.000004 0.000004 0.000004 0.000004 0.000004 0.000004 0.000004 0.000004 0.000004 0.000004 0.000004 0.000004 0.000004 0.000004 0.000004 0.000004 0.000004 0.000004 0.000004 0.000004 0.000004 0.000004 0.000004 0.000003 0.000003 0.000003 0.000002 0.000001 0.000000 
50.000000 36.345859 24.285936 14.858611 8.311985 4.253463 1.994721 0.859581 0.341457 0.125463 0.042793 0.013601 0.004047 0.001137 0.000310 0.000089 0.000034 0.000020 0.000018 0.000017 0.000017 0.000017 0.000017 0.000017 0.000017 0.000017 0.000017 0.000017 0.000017 0.000017 0.000017 0.000017 0.000017 0.000017 0.000017 0.000017 0.000017 0.000017 0.000017 0.000017 0.000017 0.000017 0.000017 0.000016 0.000016 0.000014 0.000012 0.000009 0.000005 0.000000 
50.000000 36.345874 24.285965 14.858650 8.312032 4.253514 1.994774 0.859636 0.341512 0.125518 0.042849 0.013656 0.004102 0.001193 0.000365 0.000144 0.000089 0.000076 0.000073 0.000072 0.000072 0.000072 0.000072 0.000072 0.000072 0.000072 0.000072 0.000072 0.000072 0.000072 0.000072 0.000072 0.000072 0.000072 0.000072 0.000072 0.000072 0.000072 0.000072 0.000072 0.000072 0.000072 0.000071 0.000070 0.000067 0.000062 0.000053 0.000039 0.000021 0.000000 
50.000000 36.345935 24.286079 14.858806 8.312217 4.253716 1.994987 0.859853 0.341731 0.125739 0.043069 0.013877 0.004323 0.001413 0.000586 0.000365 0.000310 0.000297 0.000294 0.000293 0.000293 0.000293 0.000293 0.000293 0.000293 0.000293 0.000293 0.000293 0.000293 0.000293 0.000293 0.000293 0.000293 0.000293 0.000293 0.000293 0.000293 0.000293 0.000293 0.000293 0.000292 0.000292 0.000289 0.000284 0.000273 0.000252 0.000215 0.000159 0.000085 0.000000 
50.000000 36.346163 24.286508 14.859392 8.312910 4.254476 1.995783 0.860667 0.342554 0.126565 0.043896 0.014704 0.005151 0.002241 0.001413 0.001193 0.001137 0.001124 0.001121 0.001121 0.001121 0.001121 0.001121 0.001121 0.001121 0.001121 0.001121 0.001121 0.001121 0.001121 0.001121 0.001121 0.001121 0.001121 0.001121 0.001121 0.001121 0.001121 0.001120 0.001120 0.001119 0.001116 0.001108 0.001088 0.001046 0.000965 0.000825 0.000612 0.000328 0.000000 
50.000000 36.346964 24.288014 14.861447 8.315345 4.257145 1.998581 0.863529 0.345444 0.129467 0.046803 0.017613 0.008060 0.005151 0.004323 0.004102 0.004047 0.004034 0.004031 0.004030 0.004030 0.004030 0.004030 0.004030 0.004030 0.004030 0.004030 0.004030 0.004030 0.004030 0.004030 0.004030 0.004030 0.004030 0.004030 0.004030 0.004030 0.004030 0.004030 0.004028 0.004024 0.004013 0.003985 0.003916 0.003768 0.003479 0.002979 0.002214 0.001189 0.000000 
50.000000 36.349590 24.292956 14.868193 8.323337 4.265905 2.007765 0.872925 0.354936 0.138998 0.056350 0.027164 0.017613 0.014704 0.013877 0.013656 0.013601 0.013588 0.013585 0.013584 0.013584 0.013584 0.013584 0.013584 0.013584 0.013584 0.013584 0.013584 0.013584 0.013584 0.013584 0.013584 0.013584 0.013584 0.013584 0.013584 0.013584 0.013583 0.013582 0.013578 0.013566 0.013530 0.013436 0.013210 0.012721 0.011762 0.010088 0.007509 0.004039 0.000000 
50.000000 36.357607 24.308042 14.888791 8.347746 4.292664 2.035824 0.901633 0.383938 0.168121 0.085519 0.056350 0.046803 0.043896 0.043069 0.042849 0.042793 0.042780 0.042777 0.042777 0.042777 0.042776 0.042776 0.042776 0.042776 0.042776 0.042776 0.042776 0.042776 0.042776 0.042776 0.042776 0.042776 0.042776 0.042776 0.042776 0.042776 0.042775 0.042771 0.042759 0.042722 0.042614 0.042330 0.041644 0.040142 0.037176 0.031955 0.023842 0.012847 0.000000 
50.000000 36.380288 24.350732 14.947083 8.416836 4.368419 2.115269 0.982922 0.466063 0.250593 0.168121 0.138998 0.129467 0.126565 0.125739 0.125518 0.125463 0.125450 0.125447 0.125447 0.125447 0.125447 0.125447 0.125447 0.125447 0.125447 0.125447 0.125447 0.125447 0.125447 0.125447 0.125447 0.125447 0.125446 0.125446 0.125446 0.125446 0.125443 0.125433 0.125400 0.125296 0.124998 0.124207 0.122281 0.118022 0.109528 0.094408 0.070658 0.038174 0.000000 
50.000000 36.439495 24.462181 15.099291 8.597270 4.566289 2.322802 1.195287 0.680623 0.466063 0.383938 0.354936 0.345444 0.342554 0.341731 0.341512 0.341457 0.341444 0.341441 0.341440 0.341440 0.341440 0.341440 0.341440 0.341440 0.341440 0.341440 0.341440 0.341440 0.341440 0.341440 0.341440 0.341440 0.341440 0.341440 0.341440 0.341438 0.341431 0.341406 0.341324 0.341064 0.340311 0.338294 0.333338 0.322250 0.299849 0.259406 0.194968 0.105716 0.000000 
50.000000 36.581402 24.729329 15.464194 9.029909 5.040804 2.820548 1.704664 1.195287 0.982922 0.901633 0.872925 0.863529 0.860667 0.859853 0.859636 0.859581 0.859568 0.859566 0.859565 0.859565 0.859565 0.859565 0.859565 0.859565 0.859565 0.859565 0.859565 0.859565 0.859565 0.859565 0.859565 0.859565 0.859565 0.859564 0.859564 0.859560 0.859544 0.859489 0.859303 0.858715 0.856993 0.852332 0.840741 0.814437 0.760419 0.661095 0.499789 0.272424 0.000000 
50.000000 36.892059 25.314216 16.263211 9.977387 6.080133 3.910872 2.820548 2.322802 2.115269 2.035824 2.007765 1.998581 1.995783 1.994987 1.994774 1.994721 1.994709 1.994706 1.994705 1.994705 1.994705 1.994705 1.994705 1.994705 1.994705 1.994705 1.994705 1.994705 1.994705 1.994705 1.994705 1.994705 1.994705 1.994705 1.994703 1.994695 1.994665 1.994555 1.994180 1.992989 1.989464 1.979807 1.955436 1.899150 1.781134 1.558879 1.188408 0.652940 0.000000 
50.000000 37.509777 26.477322 17.852333 11.862031 8.147734 6.080133 5.040804 4.566289 4.368419 4.292664 4.265905 4.257145 4.254476 4.253716 4.253514 4.253463 4.253451 4.253448 4.253448 4.253448 4.253448 4.253448 4.253448 4.253448 4.253448 4.253448 4.253448 4.253448 4.253448 4.253448 4.253448 4.253448 4.253447 4.253447 4.253443 4.253430 4.253377 4.253184 4.252522 4.250398 4.244039 4.226367 4.180982 4.073867 3.843254 3.394984 2.620245 1.457989 0.000000 
50.000000 38.619001 28.566049 20.706423 15.247289 11.862031 9.977387 9.029909 8.597270 8.416836 8.347746 8.323337 8.315345 8.312910 8.312217 8.312032 8.311985 8.311974 8.311972 8.311971 8.311971 8.311971 8.311971 8.311971 8.311971 8.311971 8.311971 8.311971 8.311971 8.311971 8.311971 8.311971 8.311971 8.311971 8.311970 8.311965 8.311945 8.311866 8.311575 8.310570 8.307308 8.297420 8.269490 8.196253 8.018777 7.623645 6.822525 5.365219 3.050276 0.000000 
50.000000 40.407293 31.933717 25.308517 20.706423 17.852333 16.263211 15.464194 15.099291 14.947083 14.888791 14.868193 14.861447 14.859392 14.858806 14.858650 14.858611 14.858602 14.858600 14.858599 14.858599 14.858599 14.858599 14.858599 14.858599 14.858599 14.858599 14.858599 14.858599 14.858599 14.858599 14.858599 14.858599 14.858599 14.858597 14.858591 14.858566 14.858468 14.858105 14.856836 14.852675 14.839885 14.803099 14.704332 14.457349 13.883897 12.654258 10.246772 6.056965 0.000000 
50.000000 42.981408 36.781478 31.933717 28.566049 26.477322 25.314216 24.729329 24.462181 24.350732 24.308042 24.292956 24.288014 24.286508 24.286079 24.285965 24.285936 24.285929 24.285927 24.285927 24.285927 24.285927 24.285927 24.285927 24.285927 24.285927 24.285927 24.285927 24.285927 24.285927 24.285927 24.285927 24.285927 24.285927 24.285925 24.285920 24.285896 24.285801 24.285447 24.284201 24.280074 24.267214 24.229540 24.125808 23.857077 23.200830 21.686945 18.390739 11.716632 0.000000 
50.000000 46.273395 42.981408 40.407293 38.619001 37.509777 36.892059 36.581402 36.439495 36.380288 36.357607 36.349590 36.346964 36.346163 36.345935 36.345874 36.345859 36.345856 36.345855 36.345855 36.345855 36.345855 36.345855 36.345855 36.345855 36.345855 36.345855 36.345855 36.345855 36.345855 36.345855 36.345855 36.345854 36.345854 36.345853 36.345850 36.345835 36.345775 36.345551 36.344759 36.342114 36.333778 36.308978 36.239119 36.051788 35.568725 34.350329 31.264776 23.136697 0.000000 
50.000000 50.000000 50.000000 50.000000 50.000000 50.000000 50.000000 50.000000 50.000000 50.000000 50.000000 50.000000 50.000000 50.000000 50.000000 50.000000 50.000000 50.000000 50.000000 50.000000 50.000000 50.000000 50.000000 50.000000 50.000000 50.000000 50.000000 50.000000 50.000000 50.000000 50.000000 50.000000 50.000000 50.000000 50.000000 50.000000 50.000000 50.000000 50.000000 50.000000 50.000000 50.000000 50.000000 50.000000 50.000000 50.000000 50.000000 50.000000 50.000000 50.000000 
