50.000000 50.000000 50.000000 50.000000 50.000000 50.000000 50.000000 50.000000 50.000000 50.000000 50.000000 50.000000 50.000000 50.000000 50.000000 50.000000 50.000000 50.000000 50.000000 50.000000 50.000000 50.000000 50.000000 50.000000 50.000000 50.000000 50.000000 50.000000 50.000000 50.000000 50.000000 50.000000 50.000000 50.000000 50.000000 50.000000 50.000000 50.000000 50.000000 50.000000 50.000000 50.000000 50.000000 50.000000 50.000000 50.000000 50.000000 50.000000 50.000000 50.000000 
50.000000 48.969636 47.972600 47.038988 46.192955 45.450932 44.820967 44.303174 43.891057 43.573362 43.336098 43.164385 43.043922 42.961977 42.907907 42.873290 42.851776 42.838794 42.831184 42.826848 42.824448 42.823154 42.822477 42.822130 42.821956 42.821868 42.821818 42.821777 42.821719 42.821611 42.821397 42.820974 42.820150 42.818581 42.815654 42.810307 42.800731 42.783901 42.754826 42.705358 42.622238 42.483794 42.254010 41.871122 41.223642 40.094665 38.017790 33.860605 24.484818 0.000000 
50.000000 47.972600 46.010778 44.173754 42.509058 41.049018 39.809471 38.790642 37.979744 37.354639 36.887793 36.549928 36.312903 36.151668 36.045281 35.977168 35.934838 35.909295 35.894321 35.885792 35.881068 35.878524 35.877190 35.876508 35.876166 35.875994 35.875896 35.875817 35.875706 35.875503 35.875099 35.874302 35.872753 35.869805 35.864317 35.854310 35.836432 35.805106 35.751202 35.659963 35.507717 35.256559 34.845416 34.174375 33.075934 31.260375 28.211670 23.005389 14.111995 0.000000 
50.000000 47.038988 44.173754 41.490791 39.059515 36.927143 35.116804 33.628824 32.444529 31.531582 30.849773 30.356337 30.010175 29.774701 29.619331 29.519858 29.458040 29.420736 29.398869 29.386413 29.379514 29.375799 29.373851 29.372856 29.372357 29.372106 29.371966 29.371853 29.371702 29.371424 29.370875 29.369793 29.367694 29.363710 29.356310 29.342860 29.318922 29.277179 29.205780 29.085860 28.887775 28.565407 28.047433 27.223855 25.925385 23.893585 20.745395 15.962084 9.021198 0.000000 
50.000000 46.192955 42.509058 39.059515 35.933579 33.191957 30.864387 28.951285 27.428640 26.254873 25.378283 24.743886 24.298839 23.996102 23.796351 23.668466 23.588992 23.541034 23.512922 23.496908 23.488040 23.483264 23.480760 23.479481 23.478840 23.478519 23.478342 23.478205 23.478025 23.477700 23.477062 23.475807 23.473378 23.468781 23.460271 23.444867 23.417586 23.370298 23.290020 23.156452 22.938464 22.589188 22.039334 21.188478 19.894856 17.966790 15.165931 11.248683 6.098290 0.000000 
50.000000 45.450932 41.049018 36.927143 33.191957 29.916001 27.134805 24.848867 23.029491 21.626992 20.579589 19.821578 19.289819 18.928099 18.689435 18.536637 18.441682 18.384384 18.350797 18.331665 18.321070 18.315363 18.312372 18.310844 18.310080 18.309698 18.309491 18.309337 18.309144 18.308801 18.308131 18.306817 18.304283 18.299503 18.290691 18.274814 18.246855 18.198723 18.117694 17.984260 17.769267 17.430285 16.907358 16.118701 14.958000 13.297101 11.001758 7.973084 4.227290 0.000000 
50.000000 44.820967 39.809471 35.116804 30.864387 27.134805 23.968510 21.366063 19.294793 17.698128 16.505730 15.642794 15.037434 14.625653 14.353961 14.180020 14.071928 14.006703 13.968470 13.946692 13.934632 13.928137 13.924733 13.922994 13.922125 13.921693 13.921463 13.921300 13.921105 13.920769 13.920119 13.918847 13.916405 13.911814 13.903388 13.888286 13.861853 13.816680 13.741296 13.618464 13.423076 13.119780 12.660727 11.984255 11.016104 9.675909 7.892949 5.635097 2.949845 0.000000 
50.000000 44.303174 38.790642 33.628824 28.951285 24.848867 21.366063 18.503489 16.225200 14.468967 13.157415 12.208256 11.542416 11.089501 10.790672 10.599361 10.480476 10.408739 10.366690 10.342739 10.329475 10.322332 10.318588 10.316677 10.315723 10.315251 10.315004 10.314838 10.314652 10.314343 10.313750 10.312597 10.310391 10.306263 10.298719 10.285272 10.261886 10.222215 10.156591 10.050768 9.884495 9.630136 9.251744 8.705336 7.941509 6.911951 5.581391 3.945226 2.049165 0.000000 
50.000000 43.891057 37.979744 32.444529 27.428640 23.029491 19.294793 16.225200 13.782166 11.898952 10.492583 9.474817 8.760855 8.275214 7.954796 7.749666 7.622195 7.545279 7.500194 7.474514 7.460294 7.452636 7.448622 7.446574 7.445552 7.445048 7.444790 7.444626 7.444457 7.444186 7.443675 7.442687 7.440805 7.437297 7.430918 7.419610 7.400067 7.367159 7.313185 7.227006 7.093146 6.891083 6.595064 6.175013 5.599206 4.839452 3.879122 2.723185 1.407262 0.000000 
50.000000 43.573362 37.354639 31.531582 26.254873 21.626992 17.698128 14.468967 11.898952 9.917871 8.438427 7.367788 6.616744 6.105884 5.768831 5.553054 5.418969 5.338063 5.290641 5.263629 5.248672 5.240617 5.236396 5.234242 5.233169 5.232642 5.232376 5.232216 5.232066 5.231840 5.231421 5.230616 5.229089 5.226257 5.221132 5.212094 5.196572 5.170619 5.128395 5.061599 4.958935 4.805806 4.584472 4.275052 3.857725 3.316410 2.643807 1.846921 0.951123 0.000000 
50.000000 43.336098 36.887793 30.849773 25.378283 20.579589 16.505730 13.157415 10.492583 8.438427 6.904424 5.794311 5.015583 4.485898 4.136429 3.912706 3.773685 3.689801 3.640634 3.612629 3.597122 3.588771 3.584395 3.582163 3.581051 3.580507 3.580237 3.580084 3.579954 3.579771 3.579442 3.578816 3.577635 3.575452 3.571521 3.564625 3.552852 3.533300 3.501730 3.452212 3.376828 3.265577 3.106647 2.887266 2.595328 2.221831 1.763913 1.227830 0.630741 0.000000 
50.000000 43.164385 36.549928 30.356337 24.743886 19.821578 15.642794 12.208256 9.474817 7.367788 5.794311 4.655640 3.856886 3.313583 2.955133 2.725663 2.583073 2.497036 2.446607 2.417885 2.401980 2.393415 2.388928 2.386638 2.385499 2.384944 2.384671 2.384524 2.384412 2.384269 2.384021 2.383555 2.382679 2.381068 2.378180 2.373140 2.364583 2.350462 2.327820 2.292580 2.239392 2.161631 2.051665 1.901498 1.703884 1.453866 1.150556 0.798726 0.409559 0.000000 
50.000000 43.043922 36.312903 30.010175 24.298839 19.289819 15.037434 11.542416 8.760855 6.616744 5.015583 3.856886 3.044089 2.491239 2.126493 1.892994 1.747901 1.660355 1.609043 1.579817 1.563634 1.554920 1.550354 1.548024 1.546866 1.546303 1.546030 1.545888 1.545792 1.545682 1.545502 1.545167 1.544544 1.543402 1.541365 1.537826 1.531850 1.522045 1.506424 1.482283 1.446125 1.393696 1.320201 1.220754 1.091096 0.928541 0.732997 0.507798 0.260021 0.000000 
50.000000 42.961977 36.151668 29.774701 23.996102 18.928099 14.625653 11.089501 8.275214 6.105884 4.485898 3.313583 2.491239 1.931899 1.562872 1.326635 1.179841 1.091270 1.039357 1.009790 0.993418 0.984601 0.979982 0.977626 0.976455 0.975886 0.975613 0.975476 0.975392 0.975309 0.975181 0.974950 0.974523 0.973745 0.972361 0.969969 0.965949 0.959389 0.949000 0.933046 0.909312 0.875146 0.827616 0.763800 0.681244 0.578515 0.455779 0.315236 0.161245 0.000000 
50.000000 42.907907 36.045281 29.619331 23.796351 18.689435 14.353961 10.790672 7.954796 5.768831 4.136429 2.955133 2.126493 1.562872 1.191024 0.952981 0.805067 0.715819 0.663511 0.633718 0.617221 0.608338 0.603683 0.601310 0.600130 0.599558 0.599285 0.599152 0.599078 0.599014 0.598926 0.598771 0.598489 0.597977 0.597071 0.595512 0.592903 0.588667 0.581994 0.571804 0.556737 0.535186 0.505400 0.465675 0.414621 0.351484 0.276471 0.190971 0.097600 0.000000 
50.000000 42.873290 35.977168 29.519858 23.668466 18.536637 14.180020 10.599361 7.749666 5.553054 3.912706 2.725663 1.892994 1.326635 0.952981 0.713784 0.565152 0.475473 0.422911 0.392974 0.376398 0.367472 0.362795 0.360410 0.359225 0.358651 0.358378 0.358248 0.358180 0.358130 0.358070 0.357970 0.357790 0.357465 0.356892 0.355910 0.354274 0.351630 0.347484 0.341185 0.331923 0.318747 0.300642 0.276632 0.245946 0.208194 0.163548 0.112851 0.057636 0.000000 
50.000000 42.851776 35.934839 29.458040 23.588992 18.441682 14.071929 10.480477 7.622196 5.418970 3.773685 2.583073 1.747902 1.179842 0.805067 0.565153 0.416076 0.326129 0.273410 0.243383 0.226758 0.217805 0.213114 0.210722 0.209534 0.208959 0.208686 0.208558 0.208495 0.208455 0.208413 0.208350 0.208238 0.208039 0.207689 0.207090 0.206098 0.204500 0.202006 0.198234 0.192713 0.184899 0.174214 0.160115 0.142179 0.120211 0.094330 0.065033 0.033196 0.000000 
50.000000 42.838794 35.909295 29.420737 23.541035 18.384384 14.006704 10.408740 7.545280 5.338064 3.689802 2.497037 1.660356 1.091271 0.715821 0.475474 0.326129 0.236020 0.183207 0.153126 0.136471 0.127502 0.122803 0.120407 0.119217 0.118641 0.118369 0.118242 0.118181 0.118147 0.118118 0.118079 0.118012 0.117893 0.117686 0.117333 0.116749 0.115814 0.114359 0.112168 0.108976 0.104476 0.098350 0.090300 0.080102 0.067657 0.053043 0.036543 0.018644 0.000000 
50.000000 42.831184 35.894322 29.398870 23.512924 18.350799 13.968473 10.366693 7.500197 5.290643 3.640637 2.446610 1.609046 1.039360 0.663514 0.422914 0.273412 0.183208 0.130340 0.100228 0.083555 0.074577 0.069873 0.067474 0.066283 0.065707 0.065435 0.065309 0.065250 0.065220 0.065199 0.065174 0.065135 0.065066 0.064947 0.064745 0.064413 0.063882 0.063058 0.061823 0.060030 0.057512 0.054098 0.049627 0.043984 0.037118 0.029078 0.020021 0.010211 0.000000 
50.000000 42.826850 35.885794 29.386416 23.496912 18.331669 13.946698 10.342745 7.474521 5.263636 3.612636 2.417892 1.579824 1.009797 0.633725 0.392981 0.243390 0.153132 0.100232 0.070102 0.053420 0.044436 0.039730 0.037330 0.036138 0.035561 0.035289 0.035164 0.035106 0.035079 0.035062 0.035046 0.035023 0.034985 0.034919 0.034807 0.034623 0.034330 0.033877 0.033201 0.032222 0.030852 0.029001 0.026585 0.023543 0.019854 0.015544 0.010697 0.005454 0.000000 
50.000000 42.824450 35.881073 29.379522 23.488050 18.321081 13.934645 10.329490 7.460310 5.248688 3.597139 2.401997 1.563652 0.993435 0.617239 0.376415 0.226775 0.136487 0.083570 0.053430 0.036742 0.027756 0.023047 0.020647 0.019454 0.018878 0.018606 0.018481 0.018424 0.018398 0.018384 0.018373 0.018360 0.018339 0.018303 0.018243 0.018144 0.017987 0.017745 0.017385 0.016865 0.016139 0.015162 0.013889 0.012292 0.010360 0.008106 0.005576 0.002842 0.000000 
50.000000 42.823161 35.878536 29.375817 23.483287 18.315391 13.928168 10.322367 7.452672 5.240655 3.588811 2.393456 1.554961 0.984643 0.608380 0.367514 0.217847 0.127543 0.074616 0.044471 0.027780 0.018792 0.014083 0.011682 0.010489 0.009913 0.009641 0.009516 0.009459 0.009434 0.009422 0.009414 0.009406 0.009395 0.009376 0.009344 0.009292 0.009210 0.009084 0.008897 0.008627 0.008252 0.007748 0.007094 0.006275 0.005285 0.004134 0.002842 0.001448 0.000000 
50.000000 42.822491 35.877219 29.373893 23.480814 18.312437 13.924806 10.318668 7.448708 5.236485 3.584488 2.389022 1.550449 0.980079 0.603781 0.362892 0.213212 0.122900 0.069968 0.039820 0.023128 0.014139 0.009430 0.007028 0.005836 0.005259 0.004987 0.004862 0.004806 0.004781 0.004770 0.004764 0.004759 0.004752 0.004742 0.004726 0.004699 0.004657 0.004592 0.004496 0.004358 0.004167 0.003911 0.003579 0.003164 0.002663 0.002082 0.001431 0.000729 0.000000 
50.000000 42.822164 35.876574 29.372952 23.479604 18.310991 13.923160 10.316859 7.446768 5.234445 3.582373 2.386853 1.548242 0.977846 0.601531 0.360632 0.210944 0.120628 0.067694 0.037545 0.020852 0.011863 0.007153 0.004752 0.003559 0.002982 0.002710 0.002585 0.002529 0.002505 0.002494 0.002488 0.002485 0.002481 0.002476 0.002467 0.002453 0.002430 0.002396 0.002345 0.002272 0.002172 0.002037 0.001863 0.001646 0.001385 0.001083 0.000744 0.000379 0.000000 
50.000000 42.822031 35.876314 29.372571 23.479115 18.310407 13.922495 10.316127 7.445983 5.233620 3.581517 2.385975 1.547350 0.976943 0.600621 0.359718 0.210027 0.119710 0.066775 0.036625 0.019932 0.010942 0.006233 0.003831 0.002638 0.002062 0.001790 0.001665 0.001609 0.001584 0.001573 0.001568 0.001566 0.001563 0.001559 0.001554 0.001544 0.001530 0.001508 0.001476 0.001430 0.001366 0.001281 0.001171 0.001034 0.000870 0.000680 0.000467 0.000238 0.000000 
50.000000 42.822031 35.876314 29.372571 23.479115 18.310407 13.922495 10.316127 7.445983 5.233620 3.581517 2.385975 1.547350 0.976943 0.600621 0.359718 0.210027 0.119710 0.066775 0.036625 0.019932 0.010942 0.006233 0.003831 0.002638 0.002062 0.001790 0.001665 0.001609 0.001584 0.001573 0.001568 0.001566 0.001563 0.001559 0.001554 0.001544 0.001530 0.001508 0.001476 0.001430 0.001366 0.001281 0.001171 0.001034 0.000870 0.000680 0.000467 0.000238 0.000000 
50.000000 42.822164 35.876574 29.372952 23.479604 18.310991 13.923160 10.316859 7.446768 5.234445 3.582373 2.386853 1.548242 0.977846 0.601531 0.360632 0.210944 0.120628 0.067694 0.037545 0.020852 0.011863 0.007153 0.004752 0.003559 0.002982 0.002710 0.002585 0.002529 0.002505 0.002494 0.002488 0.002485 0.002481 0.002476 0.002467 0.002453 0.002430 0.002396 0.002345 0.002272 0.002172 0.002037 0.001863 0.001646 0.001385 0.001083 0.000744 0.000379 0.000000 
50.000000 42.822491 35.877219 29.373893 23.480814 18.312437 13.924806 10.318668 7.448708 5.236485 3.584488 2.389022 1.550449 0.980079 0.603781 0.362892 0.213212 0.122900 0.069968 0.039820 0.023128 0.014139 0.009430 0.007028 0.005836 0.005259 0.004987 0.004862 0.004806 0.004781 0.004770 0.004764 0.004759 0.004752 0.004742 0.004726 0.004699 0.004657 0.004592 0.004496 0.004358 0.004167 0.003911 0.003579 0.003164 0.002663 0.002082 0.001431 0.000729 0.000000 
50.000000 42.823161 35.878536 29.375817 23.483287 18.315391 13.928168 10.322367 7.452672 5.240655 3.588811 2.393456 1.554961 0.984643 0.608380 0.367514 0.217847 0.127543 0.074616 0.044471 0.027780 0.018792 0.014083 0.011682 0.010489 0.009913 0.009641 0.009516 0.009459 0.009434 0.009422 0.009414 0.009406 0.009395 0.009376 0.009344 0.009292 0.009210 0.009084 0.008897 0.008627 0.008252 0.007748 0.007094 0.006275 0.005285 0.004134 0.002842 0.001448 0.000000 
50.000000 42.824450 35.881073 29.379522 23.488050 18.321081 13.934645 10.329490 7.460310 5.248688 3.597139 2.401997 1.563652 0.993435 0.617239 0.376415 0.226775 0.136487 0.083570 0.053430 0.036742 0.027756 0.023047 0.020647 0.019454 0.018878 0.018606 0.018481 0.018424 0.018398 0.018384 0.018373 0.018360 0.018339 0.018303 0.018243 0.018144 0.017987 0.017745 0.017385 0.016865 0.016139 0.015162 0.013889 0.012292 0.010360 0.008106 0.005576 0.002842 0.000000 
50.000000 42.826850 35.885794 29.386416 23.496912 18.331669 13.946698 10.342745 7.474521 5.263636 3.612636 2.417892 1.579824 1.009797 0.633725 0.392981 0.243390 0.153132 0.100232 0.070102 0.053420 0.044436 0.039730 0.037330 0.036138 0.035561 0.035289 0.035164 0.035106 0.035079 0.035062 0.035046 0.035023 0.034985 0.034919 0.034807 0.034623 0.034330 0.033877 0.033201 0.032222 0.030852 0.029001 0.026585 0.023543 0.019854 0.015544 0.010697 0.005454 0.000000 
50.000000 42.831184 35.894322 29.398870 23.512924 18.350799 13.968473 10.366693 7.500197 5.290643 3.640637 2.446610 1.609046 1.039360 0.663514 0.422914 0.273412 0.183208 0.130340 0.100228 0.083555 0.074577 0.069873 0.067474 0.066283 0.065707 0.065435 0.065309 0.065250 0.065220 0.065199 0.065174 0.065135 0.065066 0.064947 0.064745 0.064413 0.063882 0.063058 0.061823 0.060030 0.057512 0.054098 0.049627 0.043984 0.037118 0.029078 0.020021 0.010211 0.000000 
50.000000 42.838794 35.909295 29.420737 23.541035 18.384384 14.006704 10.408740 7.545280 5.338064 3.689802 2.497037 1.660356 1.091271 0.715821 0.475474 0.326129 0.236020 0.183207 0.153126 0.136471 0.127502 0.122803 0.120407 0.119217 0.118641 0.118369 0.118242 0.118181 0.118147 0.118118 0.118079 0.118012 0.117893 0.117686 0.117333 0.116749 0.115814 0.114359 0.112168 0.108976 0.104476 0.098350 0.090300 0.080102 0.067657 0.053043 0.036543 0.018644 0.000000 
50.000000 42.851776 35.934839 29.458040 23.588992 18.441682 14.071929 10.480477 7.622196 5.418970 3.773685 2.583073 1.747902 1.179842 0.805067 0.565153 0.416076 0.326129 0.273410 0.243383 0.226758 0.217805 0.213114 0.210722 0.209534 0.208959 0.208686 0.208558 0.208495 0.208455 0.208413 0.208350 0.208238 0.208039 0.207689 0.207090 0.206098 0.204500 0.202006 0.198234 0.192713 0.184899 0.174214 0.160115 0.142179 0.120211 0.094330 0.065033 0.033196 0.000000 
50.000000 42.873290 35.977168 29.519858 23.668466 18.536637 14.180020 10.599361 7.749666 5.553054 3.912706 2.725663 1.892994 1.326635 0.952981 0.713784 0.565152 0.475473 0.422911 0.392974 0.376398 0.367472 0.362795 0.360410 0.359225 0.358651 0.358378 0.358248 0.358180 0.358130 0.358070 0.357970 0.357790 0.357465 0.356892 0.355910 0.354274 0.351630 0.347484 0.341185 0.331923 0.318747 0.300642 0.276632 0.245946 0.208194 0.163548 0.112851 0.057636 0.000000 
50.000000 42.907907 36.045281 29.619331 23.796351 18.689435 14.353961 10.790672 7.954796 5.768831 4.136429 2.955133 2.126493 1.562872 1.191024 0.952981 0.805067 0.715819 0.663511 0.633718 0.617221 0.608338 0.603683 0.601310 0.600130 0.599558 0.599285 0.599152 0.599078 0.599014 0.598926 0.598771 0.598489 0.597977 0.597071 0.595512 0.592903 0.588667 0.581994 0.571804 0.556737 0.535186 0.505400 0.465675 0.414621 0.351484 0.276471 0.190971 0.097600 0.000000 
50.000000 42.961977 36.151668 29.774701 23.996102 18.928099 14.625653 11.089501 8.275214 6.105884 4.485898 3.313583 2.491239 1.931899 1.562872 1.326635 1.179841 1.091270 1.039357 1.009790 0.993418 0.984601 0.979982 0.977626 0.976455 0.975886 0.975613 0.975476 0.975392 0.975309 0.975181 0.974950 0.974523 0.973745 0.972361 0.969969 0.965949 0.959389 0.949000 0.933046 0.909312 0.875146 0.827616 0.763800 0.681244 0.578515 0.455779 0.315236 0.161245 0.000000 
50.000000 43.043922 36.312903 30.010175 24.298839 19.289819 15.037434 11.542416 8.760855 6.616744 5.015583 3.856886 3.044089 2.491239 2.126493 1.892994 1.747901 1.660355 1.609043 1.579817 1.563634 1.554920 1.550354 1.548024 1.546866 1.546303 1.546030 1.545888 1.545792 1.545682 1.545502 1.545167 1.544544 1.543402 1.541365 1.537826 1.531850 1.522045 1.506424 1.482283 1.446125 1.393696 1.320201 1.220754 1.091096 0.928541 0.732997 0.507798 0.260021 0.000000 
50.000000 43.164385 36.549928 30.356337 24.743886 19.821578 15.642794 12.208256 9.474817 7.367788 5.794311 4.655640 3.856886 3.313583 2.955133 2.725663 2.583073 2.497036 2.446607 2.417885 2.401980 2.393415 2.388928 2.386638 2.385499 2.384944 2.384671 2.384524 2.384412 2.384269 2.384021 2.383555 2.382679 2.381068 2.378180 2.373140 2.364583 2.350462 2.327820 2.292580 2.239392 2.161631 2.051665 1.901498 1.703884 1.453866 1.150556 0.798726 0.409559 0.000000 
50.000000 43.336098 36.887793 30.849773 25.378283 20.579589 16.505730 13.157415 10.492583 8.438427 6.904424 5.794311 5.015583 4.485898 4.136429 3.912706 3.773685 3.689801 3.640634 3.612629 3.597122 3.588771 3.584395 3.582163 3.581051 3.580507 3.580237 3.580084 3.579954 3.579771 3.579442 3.578816 3.577635 3.575452 3.571521 3.564625 3.552852 3.533300 3.501730 3.452212 3.376828 3.265577 3.106647 2.887266 2.595328 2.221831 1.763913 1.227830 0.630741 0.000000 
50.000000 43.573362 37.354639 31.531582 26.254873 21.626992 17.698128 14.468967 11.898952 9.917871 8.438427 7.367788 6.616744 6.105884 5.768831 5.553054 5.418969 5.338063 5.290641 5.263629 5.248672 5.240617 5.236396 5.234242 5.233169 5.232642 5.232376 5.232216 5.232066 5.231840 5.231421 5.230616 5.229089 5.226257 5.221132 5.212094 5.196572 5.170619 5.128395 5.061599 4.958935 4.805806 4.584472 4.275052 3.857725 3.316410 2.643807 1.846921 0.951123 0.000000 
50.000000 43.891057 37.979744 32.444529 27.428640 23.029491 19.294793 16.225200 13.782166 11.898952 10.492583 9.474817 8.760855 8.275214 7.954796 7.749666 7.622195 7.545279 7.500194 7.474514 7.460294 7.452636 7.448622 7.446574 7.445552 7.445048 7.444790 7.444626 7.444457 7.444186 7.443675 7.442687 7.440805 7.437297 7.430918 7.419610 7.400067 7.367159 7.313185 7.227006 7.093146 6.891083 6.595064 6.175013 5.599206 4.839452 3.879122 2.723185 1.407262 0.000000 
50.000000 44.303174 38.790642 33.628824 28.951285 24.848867 21.366063 18.503489 16.225200 14.468967 13.157415 12.208256 11.542416 11.089501 10.790672 10.599361 10.480476 10.408739 10.366690 10.342739 10.329475 10.322332 10.318588 10.316677 10.315723 10.315251 10.315004 10.314838 10.314652 10.314343 10.313750 10.312597 10.310391 10.306263 10.298719 10.285272 10.261886 10.222215 10.156591 10.050768 9.884495 9.630136 9.251744 8.705336 7.941509 6.911951 5.581391 3.945226 2.049165 0.000000 
50.000000 44.820967 39.809471 35.116804 30.864387 27.134805 23.968510 21.366063 19.294793 17.698128 16.505730 15.642794 15.037434 14.625653 14.353961 14.180020 14.071928 14.006703 13.968470 13.946692 13.934632 13.928137 13.924733 13.922994 13.922125 13.921693 13.921463 13.921300 13.921105 13.920769 13.920119 13.918847 13.916405 13.911814 13.903388 13.888286 13.861853 13.816680 13.741296 13.618464 13.423076 13.119780 12.660727 11.984255 11.016104 9.675909 7.892949 5.635097 2.949845 0.000000 
50.000000 45.450932 41.049018 36.927143 33.191957 29.916001 27.134805 24.848867 23.029491 21.626992 20.579589 19.821578 19.289819 18.928099 18.689435 18.536637 18.441682 18.384384 18.350797 18.331665 18.321070 18.315363 18.312372 18.310844 18.310080 18.309698 18.309491 18.309337 18.309144 18.308801 18.308131 18.306817 18.304283 18.299503 18.290691 18.274814 18.246855 18.198723 18.117694 17.984260 17.769267 17.430285 16.907358 16.118701 14.958000 13.297101 11.001758 7.973084 4.227290 0.000000 
50.000000 46.192955 42.509058 39.059515 35.933579 33.191957 30.864387 28.951285 27.428640 26.254873 25.378283 24.743886 24.298839 23.996102 23.796351 23.668466 23.588992 23.541034 23.512922 23.496908 23.488040 23.483264 23.480760 23.479481 23.478840 23.478519 23.478342 23.478205 23.478025 23.477700 23.477062 23.475807 23.473378 23.468781 23.460271 23.444867 23.417586 23.370298 23.290020 23.156452 22.938464 22.589188 22.039334 21.188478 19.894856 17.966790 15.165931 11.248683 6.098290 0.000000 
50.000000 47.038988 44.173754 41.490791 39.059515 36.927143 35.116804 33.628824 32.444529 31.531582 30.849773 30.356337 30.010175 29.774701 29.619331 29.519858 29.458040 29.420736 29.398869 29.386413 29.379514 29.375799 29.373851 29.372856 29.372357 29.372106 29.371966 29.371853 29.371702 29.371424 29.370875 29.369793 29.367694 29.363710 29.356310 29.342860 29.318922 29.277179 29.205780 29.085860 28.887775 28.565407 28.047433 27.223855 25.925385 23.893585 20.745395 15.962084 9.021198 0.000000 
50.000000 47.972600 46.010778 44.173754 42.509058 41.049018 39.809471 38.790642 37.979744 37.354639 36.887793 36.549928 36.312903 36.151668 36.045281 35.977168 35.934838 35.909295 35.894321 35.885792 35.881068 35.878524 35.877190 35.876508 35.876166 35.875994 35.875896 35.875817 35.875706 35.875503 35.875099 35.874302 35.872753 35.869805 35.864317 35.854310 35.836432 35.805106 35.751202 35.659963 35.507717 35.256559 34.845416 34.174375 33.075934 31.260375 28.211670 23.005389 14.111995 0.000000 
50.000000 48.969636 47.972600 47.038988 46.192955 45.450932 44.820967 44.303174 43.891057 43.573362 43.336098 43.164385 43.043922 42.961977 42.907907 42.873290 42.851776 42.838794 42.831184 42.826848 42.824448 42.823154 42.822477 42.822130 42.821956 42.821868 42.821818 42.821777 42.821719 42.821611 42.821397 42.820974 42.820150 42.818581 42.815654 42.810307 42.800731 42.783901 42.754826 42.705358 42.622238 42.483794 42.254010 41.871122 41.223642 40.094665 38.017790 33.860605 24.484818 0.000000 
50.000000 50.000000 50.000000 50.000000 50.000000 50.000000 50.000000 50.000000 50.000000 50.000000 50.000000 50.000000 50.000000 50.000000 50.000000 50.000000 50.000000 50.000000 50.000000 50.000000 50.000000 50.000000 50.000000 50.000000 50.000000 50.000000 50.000000 50.000000 50.000000 50.000000 50.000000 50.000000 50.000000 50.000000 50.000000 50.000000 50.000000 50.000000 50.000000 50.000000 50.000000 50.000000 50.000000 50.000000 50.000000 50.000000 50.000000 50.000000 50.000000 50.000000 
