50.000000 50.000000 50.000000 50.000000 50.000000 50.000000 50.000000 50.000000 50.000000 50.000000 50.000000 50.000000 50.000000 50.000000 50.000000 50.000000 50.000000 50.000000 50.000000 50.000000 50.000000 50.000000 50.000000 50.000000 50.000000 50.000000 50.000000 50.000000 50.000000 50.000000 50.000000 50.000000 50.000000 50.000000 50.000000 50.000000 50.000000 50.000000 50.000000 50.000000 50.000000 50.000000 50.000000 50.000000 50.000000 50.000000 50.000000 50.000000 50.000000 50.000000 
50.000000 48.304603 46.699386 45.260160 44.037807 43.053930 42.302956 41.758999 41.384784 41.140050 40.987745 40.897457 40.846418 40.818873 40.804667 40.797656 40.794342 40.792841 40.792187 40.791914 40.791804 40.791761 40.791746 40.791740 40.791738 40.791737 40.791737 40.791737 40.791736 40.791733 40.791727 40.791709 40.791662 40.791541 40.791245 40.790539 40.788912 40.785279 40.777426 40.760964 40.727426 40.660825 40.531331 40.283146 39.809539 38.896027 37.075247 33.209788 24.152301 0.000000 
50.000000 46.699386 43.574341 40.772456 38.392791 36.477400 35.015433 33.956487 33.227993 32.751569 32.455081 32.279323 32.179968 32.126350 32.098696 32.085050 32.078600 32.075677 32.074405 32.073873 32.073659 32.073577 32.073546 32.073535 32.073531 32.073529 32.073529 32.073528 32.073527 32.073522 32.073510 32.073478 32.073392 32.073174 32.072638 32.071364 32.068432 32.061910 32.047870 32.018595 31.959383 31.842971 31.619843 31.201234 30.428524 29.016497 26.447311 21.787170 13.489598 0.000000 
50.000000 45.260160 40.772456 36.748845 33.331583 30.581058 28.481680 26.961061 25.914980 25.230871 24.805146 24.552781 24.410124 24.333140 24.293436 24.273844 24.264584 24.260387 24.258561 24.257798 24.257491 24.257372 24.257328 24.257312 24.257306 24.257304 24.257303 24.257303 24.257301 24.257295 24.257280 24.257238 24.257129 24.256851 24.256170 24.254555 24.250855 24.242665 24.225141 24.188891 24.116324 23.975609 23.710922 23.227193 22.367013 20.877936 18.374423 14.325145 8.184913 0.000000 
50.000000 44.037807 38.392791 33.331583 29.033127 25.573381 22.932720 21.020075 19.704333 18.843894 18.308452 17.991056 17.811645 17.714829 17.664899 17.640262 17.628617 17.623340 17.621044 17.620084 17.619698 17.619549 17.619493 17.619473 17.619466 17.619464 17.619463 17.619462 17.619460 17.619454 17.619437 17.619393 17.619276 17.618981 17.618259 17.616554 17.612668 17.604117 17.585958 17.548744 17.475136 17.334585 17.075481 16.614398 15.823063 14.516563 12.453647 9.376293 5.141780 0.000000 
50.000000 43.053930 36.477400 30.581058 25.573381 21.542854 18.466594 16.238488 14.705772 13.703467 13.079761 12.710057 12.501084 12.388321 12.330168 12.301475 12.287914 12.281769 12.279095 12.277978 12.277528 12.277354 12.277289 12.277266 12.277258 12.277255 12.277254 12.277253 12.277251 12.277245 12.277230 12.277188 12.277078 12.276801 12.276127 12.274542 12.270949 12.263096 12.246555 12.212996 12.147439 12.024199 11.801420 11.414687 10.771427 9.750319 8.214046 6.048877 3.244391 0.000000 
50.000000 42.302956 35.015433 28.481680 22.932720 18.466594 15.057929 12.589117 10.890860 9.780330 9.089300 8.679702 8.448188 8.323266 8.258845 8.227060 8.212039 8.205232 8.202271 8.201033 8.200536 8.200343 8.200271 8.200245 8.200236 8.200233 8.200232 8.200231 8.200229 8.200225 8.200211 8.200175 8.200082 8.199847 8.199278 8.197945 8.194943 8.188426 8.174814 8.147475 8.094716 7.996999 7.823530 7.528964 7.051907 6.318322 5.254487 3.814199 2.019810 0.000000 
50.000000 41.758999 33.956487 26.961061 21.020075 16.238488 12.589117 9.946020 8.127916 6.939047 6.199290 5.760825 5.513001 5.379284 5.310330 5.276310 5.260233 5.252948 5.249779 5.248454 5.247922 5.247715 5.247639 5.247611 5.247601 5.247598 5.247597 5.247596 5.247595 5.247591 5.247580 5.247552 5.247479 5.247296 5.246855 5.245827 5.243524 5.238560 5.228278 5.207824 5.168806 5.097520 4.973010 4.765587 4.437068 3.944594 3.250140 2.336644 1.227668 0.000000 
50.000000 41.384784 33.227993 25.914980 19.704333 14.705772 10.890860 8.127916 6.227412 4.984689 4.211442 3.753138 3.494110 3.354351 3.282284 3.246729 3.229927 3.222314 3.219003 3.217619 3.217062 3.216847 3.216766 3.216737 3.216727 3.216724 3.216723 3.216722 3.216721 3.216718 3.216710 3.216690 3.216637 3.216505 3.216188 3.215453 3.213815 3.210310 3.203103 3.188899 3.162089 3.113706 3.030396 2.893861 2.681574 2.369749 1.939371 1.385022 0.723958 0.000000 
50.000000 41.140050 32.751569 25.230871 18.843894 13.703467 9.780330 6.939047 4.984689 3.706775 2.911647 2.440386 2.174040 2.030337 1.956238 1.919682 1.902408 1.894580 1.891176 1.889753 1.889181 1.888960 1.888877 1.888847 1.888837 1.888833 1.888832 1.888832 1.888831 1.888829 1.888824 1.888810 1.888774 1.888685 1.888472 1.887982 1.886894 1.884581 1.879861 1.870635 1.853387 1.822600 1.770241 1.685614 1.556028 1.368758 1.114547 0.792186 0.412624 0.000000 
50.000000 40.987745 32.455081 24.805146 18.308452 13.079761 9.089300 6.199290 4.211442 2.911647 2.102919 1.623605 1.352713 1.206559 1.131199 1.094021 1.076453 1.068493 1.065031 1.063584 1.063002 1.062777 1.062693 1.062663 1.062652 1.062649 1.062648 1.062647 1.062647 1.062645 1.062642 1.062633 1.062611 1.062554 1.062420 1.062113 1.061435 1.060002 1.057096 1.051459 1.041012 1.022542 0.991466 0.941825 0.866765 0.759707 0.616255 0.436486 0.226781 0.000000 
50.000000 40.897457 32.279323 24.552781 17.991056 12.710057 8.679702 5.760825 3.753138 2.440386 1.623605 1.139523 0.865941 0.718338 0.642232 0.604686 0.586945 0.578907 0.575411 0.573949 0.573362 0.573135 0.573050 0.573019 0.573009 0.573005 0.573004 0.573003 0.573003 0.573002 0.573000 0.572995 0.572981 0.572948 0.572868 0.572687 0.572288 0.571450 0.569762 0.566509 0.560525 0.550035 0.532547 0.504888 0.463502 0.405098 0.327639 0.231453 0.120031 0.000000 
50.000000 40.846418 32.179968 24.410124 17.811645 12.501084 8.448188 5.513001 3.494110 2.174040 1.352713 0.865941 0.590841 0.442420 0.365893 0.328140 0.310302 0.302219 0.298704 0.297235 0.296644 0.296415 0.296330 0.296299 0.296289 0.296285 0.296284 0.296283 0.296283 0.296283 0.296282 0.296279 0.296271 0.296252 0.296208 0.296106 0.295884 0.295420 0.294491 0.292711 0.289459 0.283800 0.274441 0.259762 0.237989 0.207528 0.167459 0.118058 0.061139 0.000000 
50.000000 40.818873 32.126350 24.333140 17.714829 12.388321 8.323266 5.379284 3.354351 2.030337 1.206559 0.718338 0.442420 0.293560 0.216806 0.178942 0.161050 0.152944 0.149419 0.147945 0.147353 0.147124 0.147038 0.147007 0.146996 0.146993 0.146992 0.146991 0.146991 0.146991 0.146990 0.146989 0.146985 0.146974 0.146951 0.146897 0.146780 0.146536 0.146050 0.145124 0.143443 0.140535 0.135760 0.128323 0.117372 0.102161 0.082285 0.057918 0.029962 0.000000 
50.000000 40.804667 32.098696 24.293436 17.664899 12.330168 8.258845 5.310330 3.282284 1.956238 1.131199 0.642232 0.365893 0.216806 0.139935 0.102014 0.084096 0.075977 0.072446 0.070971 0.070378 0.070148 0.070062 0.070031 0.070021 0.070017 0.070016 0.070016 0.070015 0.070015 0.070015 0.070014 0.070012 0.070007 0.069995 0.069968 0.069909 0.069787 0.069545 0.069086 0.068257 0.066831 0.064503 0.060900 0.055626 0.048344 0.038881 0.027333 0.014127 0.000000 
50.000000 40.797656 32.085050 24.273844 17.640262 12.301475 8.227060 5.276310 3.246729 1.919682 1.094021 0.604686 0.328140 0.178942 0.102014 0.064065 0.046133 0.038008 0.034475 0.032998 0.032405 0.032175 0.032089 0.032058 0.032047 0.032044 0.032043 0.032042 0.032042 0.032042 0.032042 0.032042 0.032041 0.032038 0.032032 0.032019 0.031991 0.031933 0.031818 0.031600 0.031210 0.030541 0.029455 0.027783 0.025348 0.022002 0.017674 0.012412 0.006411 0.000000 
50.000000 40.794342 32.078600 24.264584 17.628617 12.287914 8.212039 5.260233 3.229927 1.902408 1.076453 0.586945 0.310302 0.161050 0.084096 0.046133 0.028195 0.020068 0.016533 0.015056 0.014462 0.014232 0.014146 0.014115 0.014105 0.014101 0.014100 0.014100 0.014099 0.014099 0.014099 0.014099 0.014099 0.014098 0.014095 0.014089 0.014076 0.014049 0.013997 0.013899 0.013722 0.013422 0.012936 0.012192 0.011113 0.009636 0.007733 0.005426 0.002801 0.000000 
50.000000 40.792841 32.075677 24.260387 17.623340 12.281769 8.205232 5.252948 3.222314 1.894580 1.068493 0.578907 0.302219 0.152944 0.075977 0.038008 0.020068 0.011939 0.008404 0.006927 0.006333 0.006103 0.006017 0.005986 0.005975 0.005972 0.005970 0.005970 0.005970 0.005970 0.005970 0.005970 0.005970 0.005969 0.005968 0.005965 0.005960 0.005948 0.005925 0.005883 0.005806 0.005677 0.005469 0.005150 0.004690 0.004064 0.003258 0.002285 0.001179 0.000000 
50.000000 40.792187 32.074405 24.258561 17.621044 12.279095 8.202271 5.249779 3.219003 1.891176 1.065031 0.575411 0.298704 0.149419 0.072446 0.034475 0.016533 0.008404 0.004868 0.003391 0.002797 0.002567 0.002481 0.002450 0.002440 0.002436 0.002435 0.002434 0.002434 0.002434 0.002434 0.002434 0.002434 0.002434 0.002433 0.002432 0.002430 0.002425 0.002416 0.002398 0.002366 0.002313 0.002227 0.002096 0.001907 0.001651 0.001323 0.000927 0.000478 0.000000 
50.000000 40.791914 32.073873 24.257798 17.620084 12.277978 8.201033 5.248454 3.217619 1.889753 1.063584 0.573949 0.297235 0.147945 0.070971 0.032998 0.015056 0.006927 0.003391 0.001913 0.001319 0.001089 0.001004 0.000973 0.000962 0.000958 0.000957 0.000957 0.000957 0.000957 0.000957 0.000957 0.000957 0.000957 0.000956 0.000956 0.000955 0.000953 0.000949 0.000942 0.000929 0.000908 0.000874 0.000822 0.000748 0.000647 0.000518 0.000363 0.000187 0.000000 
50.000000 40.791804 32.073659 24.257491 17.619699 12.277528 8.200536 5.247922 3.217062 1.889181 1.063002 0.573362 0.296644 0.147353 0.070378 0.032405 0.014462 0.006333 0.002797 0.001319 0.000725 0.000495 0.000410 0.000379 0.000368 0.000364 0.000363 0.000363 0.000363 0.000363 0.000363 0.000363 0.000363 0.000363 0.000363 0.000362 0.000362 0.000361 0.000360 0.000357 0.000352 0.000344 0.000331 0.000311 0.000283 0.000245 0.000196 0.000137 0.000071 0.000000 
50.000000 40.791761 32.073577 24.257372 17.619549 12.277354 8.200343 5.247716 3.216847 1.888960 1.062777 0.573135 0.296415 0.147124 0.070148 0.032175 0.014232 0.006103 0.002567 0.001089 0.000495 0.000265 0.000180 0.000149 0.000138 0.000134 0.000133 0.000133 0.000133 0.000133 0.000133 0.000133 0.000133 0.000133 0.000133 0.000133 0.000132 0.000132 0.000132 0.000131 0.000129 0.000126 0.000121 0.000114 0.000103 0.000089 0.000071 0.000050 0.000026 0.000000 
50.000000 40.791746 32.073546 24.257328 17.619493 12.277289 8.200271 5.247639 3.216766 1.888877 1.062693 0.573050 0.296330 0.147038 0.070062 0.032089 0.014147 0.006017 0.002481 0.001004 0.000410 0.000180 0.000094 0.000063 0.000052 0.000049 0.000048 0.000047 0.000047 0.000047 0.000047 0.000047 0.000047 0.000047 0.000047 0.000047 0.000047 0.000047 0.000047 0.000046 0.000046 0.000045 0.000043 0.000040 0.000037 0.000032 0.000025 0.000018 0.000009 0.000000 
50.000000 40.791740 32.073535 24.257312 17.619474 12.277266 8.200246 5.247611 3.216738 1.888848 1.062663 0.573020 0.296300 0.147008 0.070032 0.032059 0.014116 0.005987 0.002451 0.000973 0.000379 0.000149 0.000063 0.000033 0.000022 0.000018 0.000017 0.000017 0.000017 0.000017 0.000017 0.000017 0.000017 0.000017 0.000017 0.000017 0.000017 0.000016 0.000016 0.000016 0.000016 0.000016 0.000015 0.000014 0.000013 0.000011 0.000009 0.000006 0.000003 0.000000 
50.000000 40.791738 32.073531 24.257307 17.619467 12.277259 8.200238 5.247603 3.216729 1.888839 1.062654 0.573010 0.296290 0.146998 0.070022 0.032049 0.014106 0.005977 0.002441 0.000964 0.000370 0.000140 0.000054 0.000023 0.000012 0.000009 0.000008 0.000007 0.000007 0.000007 0.000007 0.000007 0.000007 0.000007 0.000007 0.000007 0.000007 0.000007 0.000007 0.000007 0.000007 0.000007 0.000006 0.000006 0.000005 0.000005 0.000004 0.000003 0.000001 0.000000 
50.000000 40.791738 32.073531 24.257307 17.619467 12.277259 8.200238 5.247603 3.216729 1.888839 1.062654 0.573010 0.296290 0.146998 0.070022 0.032049 0.014106 0.005977 0.002441 0.000964 0.000370 0.000140 0.000054 0.000023 0.000012 0.000009 0.000008 0.000007 0.000007 0.000007 0.000007 0.000007 0.000007 0.000007 0.000007 0.000007 0.000007 0.000007 0.000007 0.000007 0.000007 0.000007 0.000006 0.000006 0.000005 0.000005 0.000004 0.000003 0.000001 0.000000 
50.000000 40.791740 32.073535 24.257312 17.619474 12.277266 8.200246 5.247611 3.216738 1.888848 1.062663 0.573020 0.296300 0.147008 0.070032 0.032059 0.014116 0.005987 0.002451 0.000973 0.000379 0.000149 0.000063 0.000033 0.000022 0.000018 0.000017 0.000017 0.000017 0.000017 0.000017 0.000017 0.000017 0.000017 0.000017 0.000017 0.000017 0.000016 0.000016 0.000016 0.000016 0.000016 0.000015 0.000014 0.000013 0.000011 0.000009 0.000006 0.000003 0.000000 
50.000000 40.791746 32.073546 24.257328 17.619493 12.277289 8.200271 5.247639 3.216766 1.888877 1.062693 0.573050 0.296330 0.147038 0.070062 0.032089 0.014147 0.006017 0.002481 0.001004 0.000410 0.000180 0.000094 0.000063 0.000052 0.000049 0.000048 0.000047 0.000047 0.000047 0.000047 0.000047 0.000047 0.000047 0.000047 0.000047 0.000047 0.000047 0.000047 0.000046 0.000046 0.000045 0.000043 0.000040 0.000037 0.000032 0.000025 0.000018 0.000009 0.000000 
50.000000 40.791761 32.073577 24.257372 17.619549 12.277354 8.200343 5.247716 3.216847 1.888960 1.062777 0.573135 0.296415 0.147124 0.070148 0.032175 0.014232 0.006103 0.002567 0.001089 0.000495 0.000265 0.000180 0.000149 0.000138 0.000134 0.000133 0.000133 0.000133 0.000133 0.000133 0.000133 0.000133 0.000133 0.000133 0.000133 0.000132 0.000132 0.000132 0.000131 0.000129 0.000126 0.000121 0.000114 0.000103 0.000089 0.000071 0.000050 0.000026 0.000000 
50.000000 40.791804 32.073659 24.257491 17.619699 12.277528 8.200536 5.247922 3.217062 1.889181 1.063002 0.573362 0.296644 0.147353 0.070378 0.032405 0.014462 0.006333 0.002797 0.001319 0.000725 0.000495 0.000410 0.000379 0.000368 0.000364 0.000363 0.000363 0.000363 0.000363 0.000363 0.000363 0.000363 0.000363 0.000363 0.000362 0.000362 0.000361 0.000360 0.000357 0.000352 0.000344 0.000331 0.000311 0.000283 0.000245 0.000196 0.000137 0.000071 0.000000 
50.000000 40.791914 32.073873 24.257798 17.620084 12.277978 8.201033 5.248454 3.217619 1.889753 1.063584 0.573949 0.297235 0.147945 0.070971 0.032998 0.015056 0.006927 0.003391 0.001913 0.001319 0.001089 0.001004 0.000973 0.000962 0.000958 0.000957 0.000957 0.000957 0.000957 0.000957 0.000957 0.000957 0.000957 0.000956 0.000956 0.000955 0.000953 0.000949 0.000942 0.000929 0.000908 0.000874 0.000822 0.000748 0.000647 0.000518 0.000363 0.000187 0.000000 
50.000000 40.792187 32.074405 24.258561 17.621044 12.279095 8.202271 5.249779 3.219003 1.891176 1.065031 0.575411 0.298704 0.149419 0.072446 0.034475 0.016533 0.008404 0.004868 0.003391 0.002797 0.002567 0.002481 0.002450 0.002440 0.002436 0.002435 0.002434 0.002434 0.002434 0.002434 0.002434 0.002434 0.002434 0.002433 0.002432 0.002430 0.002425 0.002416 0.002398 0.002366 0.002313 0.002227 0.002096 0.001907 0.001651 0.001323 0.000927 0.000478 0.000000 
50.000000 40.792841 32.075677 24.260387 17.623340 12.281769 8.205232 5.252948 3.222314 1.894580 1.068493 0.578907 0.302219 0.152944 0.075977 0.038008 0.020068 0.011939 0.008404 0.006927 0.006333 0.006103 0.006017 0.005986 0.005975 0.005972 0.005970 0.005970 0.005970 0.005970 0.005970 0.005970 0.005970 0.005969 0.005968 0.005965 0.005960 0.005948 0.005925 0.005883 0.005806 0.005677 0.005469 0.005150 0.004690 0.004064 0.003258 0.002285 0.001179 0.000000 
50.000000 40.794342 32.078600 24.264584 17.628617 12.287914 8.212039 5.260233 3.229927 1.902408 1.076453 0.586945 0.310302 0.161050 0.084096 0.046133 0.028195 0.020068 0.016533 0.015056 0.014462 0.014232 0.014146 0.014115 0.014105 0.014101 0.014100 0.014100 0.014099 0.014099 0.014099 0.014099 0.014099 0.014098 0.014095 0.014089 0.014076 0.014049 0.013997 0.013899 0.013722 0.013422 0.012936 0.012192 0.011113 0.009636 0.007733 0.005426 0.002801 0.000000 
50.000000 40.797656 32.085050 24.273844 17.640262 12.301475 8.227060 5.276310 3.246729 1.919682 1.094021 0.604686 0.328140 0.178942 0.102014 0.064065 0.046133 0.038008 0.034475 0.032998 0.032405 0.032175 0.032089 0.032058 0.032047 0.032044 0.032043 0.032042 0.032042 0.032042 0.032042 0.032042 0.032041 0.032038 0.032032 0.032019 0.031991 0.031933 0.031818 0.031600 0.031210 0.030541 0.029455 0.027783 0.025348 0.022002 0.017674 0.012412 0.006411 0.000000 
50.000000 40.804667 32.098696 24.293436 17.664899 12.330168 8.258845 5.310330 3.282284 1.956238 1.131199 0.642232 0.365893 0.216806 0.139935 0.102014 0.084096 0.075977 0.072446 0.070971 0.070378 0.070148 0.070062 0.070031 0.070021 0.070017 0.070016 0.070016 0.070015 0.070015 0.070015 0.070014 0.070012 0.070007 0.069995 0.069968 0.069909 0.069787 0.069545 0.069086 0.068257 0.066831 0.064503 0.060900 0.055626 0.048344 0.038881 0.027333 0.014127 0.000000 
50.000000 40.818873 32.126350 24.333140 17.714829 12.388321 8.323266 5.379284 3.354351 2.030337 1.206559 0.718338 0.442420 0.293560 0.216806 0.178942 0.161050 0.152944 0.149419 0.147945 0.147353 0.147124 0.147038 0.147007 0.146996 0.146993 0.146992 0.146991 0.146991 0.146991 0.146990 0.146989 0.146985 0.146974 0.146951 0.146897 0.146780 0.146536 0.146050 0.145124 0.143443 0.140535 0.135760 0.128323 0.117372 0.102161 0.082285 0.057918 0.029962 0.000000 
50.000000 40.846418 32.179968 24.410124 17.811645 12.501084 8.448188 5.513001 3.494110 2.174040 1.352713 0.865941 0.590841 0.442420 0.365893 0.328140 0.310302 0.302219 0.298704 0.297235 0.296644 0.296415 0.296330 0.296299 0.296289 0.296285 0.296284 0.296283 0.296283 0.296283 0.296282 0.296279 0.296271 0.296252 0.296208 0.296106 0.295884 0.295420 0.294491 0.292711 0.289459 0.283800 0.274441 0.259762 0.237989 0.207528 0.167459 0.118058 0.061139 0.000000 
50.000000 40.897457 32.279323 24.552781 17.991056 12.710057 8.679702 5.760825 3.753138 2.440386 1.623605 1.139523 0.865941 0.718338 0.642232 0.604686 0.586945 0.578907 0.575411 0.573949 0.573362 0.573135 0.573050 0.573019 0.573009 0.573005 0.573004 0.573003 0.573003 0.573002 0.573000 0.572995 0.572981 0.572948 0.572868 0.572687 0.572288 0.571450 0.569762 0.566509 0.560525 0.550035 0.532547 0.504888 0.463502 0.405098 0.327639 0.231453 0.120031 0.000000 
50.000000 40.987745 32.455081 24.805146 18.308452 13.079761 9.089300 6.199290 4.211442 2.911647 2.102919 1.623605 1.352713 1.206559 1.131199 1.094021 1.076453 1.068493 1.065031 1.063584 1.063002 1.062777 1.062693 1.062663 1.062652 1.062649 1.062648 1.062647 1.062647 1.062645 1.062642 1.062633 1.062611 1.062554 1.062420 1.062113 1.061435 1.060002 1.057096 1.051459 1.041012 1.022542 0.991466 0.941825 0.866765 0.759707 0.616255 0.436486 0.226781 0.000000 
50.000000 41.140050 32.751569 25.230871 18.843894 13.703467 9.780330 6.939047 4.984689 3.706775 2.911647 2.440386 2.174040 2.030337 1.956238 1.919682 1.902408 1.894580 1.891176 1.889753 1.889181 1.888960 1.888877 1.888847 1.888837 1.888833 1.888832 1.888832 1.888831 1.888829 1.888824 1.888810 1.888774 1.888685 1.888472 1.887982 1.886894 1.884581 1.879861 1.870635 1.853387 1.822600 1.770241 1.685614 1.556028 1.368758 1.114547 0.792186 0.412624 0.000000 
50.000000 41.384784 33.227993 25.914980 19.704333 14.705772 10.890860 8.127916 6.227412 4.984689 4.211442 3.753138 3.494110 3.354351 3.282284 3.246729 3.229927 3.222314 3.219003 3.217619 3.217062 3.216847 3.216766 3.216737 3.216727 3.216724 3.216723 3.216722 3.216721 3.216718 3.216710 3.216690 3.216637 3.216505 3.216188 3.215453 3.213815 3.210310 3.203103 3.188899 3.162089 3.113706 3.030396 2.893861 2.681574 2.369749 1.939371 1.385022 0.723958 0.000000 
50.000000 41.758999 33.956487 26.961061 21.020075 16.238488 12.589117 9.946020 8.127916 6.939047 6.199290 5.760825 5.513001 5.379284 5.310330 5.276310 5.260233 5.252948 5.249779 5.248454 5.247922 5.247715 5.247639 5.247611 5.247601 5.247598 5.247597 5.247596 5.247595 5.247591 5.247580 5.247552 5.247479 5.247296 5.246855 5.245827 5.243524 5.238560 5.228278 5.207824 5.168806 5.097520 4.973010 4.765587 4.437068 3.944594 3.250140 2.336644 1.227668 0.000000 
50.000000 42.302956 35.015433 28.481680 22.932720 18.466594 15.057929 12.589117 10.890860 9.780330 9.089300 8.679702 8.448188 8.323266 8.258845 8.227060 8.212039 8.205232 8.202271 8.201033 8.200536 8.200343 8.200271 8.200245 8.200236 8.200233 8.200232 8.200231 8.200229 8.200225 8.200211 8.200175 8.200082 8.199847 8.199278 8.197945 8.194943 8.188426 8.174814 8.147475 8.094716 7.996999 7.823530 7.528964 7.051907 6.318322 5.254487 3.814199 2.019810 0.000000 
50.000000 43.053930 36.477400 30.581058 25.573381 21.542854 18.466594 16.238488 14.705772 13.703467 13.079761 12.710057 12.501084 12.388321 12.330168 12.301475 12.287914 12.281769 12.279095 12.277978 12.277528 12.277354 12.277289 12.277266 12.277258 12.277255 12.277254 12.277253 12.277251 12.277245 12.277230 12.277188 12.277078 12.276801 12.276127 12.274542 12.270949 12.263096 12.246555 12.212996 12.147439 12.024199 11.801420 11.414687 10.771427 9.750319 8.214046 6.048877 3.244391 0.000000 
50.000000 44.037807 38.392791 33.331583 29.033127 25.573381 22.932720 21.020075 19.704333 18.843894 18.308452 17.991056 17.811645 17.714829 17.664899 17.640262 17.628617 17.623340 17.621044 17.620084 17.619698 17.619549 17.619493 17.619473 17.619466 17.619464 17.619463 17.619462 17.619460 17.619454 17.619437 17.619393 17.619276 17.618981 17.618259 17.616554 17.612668 17.604117 17.585958 17.548744 17.475136 17.334585 17.075481 16.614398 15.823063 14.516563 12.453647 9.376293 5.141780 0.000000 
50.000000 45.260160 40.772456 36.748845 33.331583 30.581058 28.481680 26.961061 25.914980 25.230871 24.805146 24.552781 24.410124 24.333140 24.293436 24.273844 24.264584 24.260387 24.258561 24.257798 24.257491 24.257372 24.257328 24.257312 24.257306 24.257304 24.257303 24.257303 24.257301 24.257295 24.257280 24.257238 24.257129 24.256851 24.256170 24.254555 24.250855 24.242665 24.225141 24.188891 24.116324 23.975609 23.710922 23.227193 22.367013 20.877936 18.374423 14.325145 8.184913 0.000000 
50.000000 46.699386 43.574341 40.772456 38.392791 36.477400 35.015433 33.956487 33.227993 32.751569 32.455081 32.279323 32.179968 32.126350 32.098696 32.085050 32.078600 32.075677 32.074405 32.073873 32.073659 32.073577 32.073546 32.073535 32.073531 32.073529 32.073529 32.073528 32.073527 32.073522 32.073510 32.073478 32.073392 32.073174 32.072638 32.071364 32.068432 32.061910 32.047870 32.018595 31.959383 31.842971 31.619843 31.201234 30.428524 29.016497 26.447311 21.787170 13.489598 0.000000 
50.000000 48.304603 46.699386 45.260160 44.037807 43.053930 42.302956 41.758999 41.384784 41.140050 40.987745 40.897457 40.846418 40.818873 40.804667 40.797656 40.794342 40.792841 40.792187 40.791914 40.791804 40.791761 40.791746 40.791740 40.791738 40.791737 40.791737 40.791737 40.791736 40.791733 40.791727 40.791709 40.791662 40.791541 40.791245 40.790539 40.788912 40.785279 40.777426 40.760964 40.727426 40.660825 40.531331 40.283146 39.809539 38.896027 37.075247 33.209788 24.152301 0.000000 
50.000000 50.000000 50.000000 50.000000 50.000000 50.000000 50.000000 50.000000 50.000000 50.000000 50.000000 50.000000 50.000000 50.000000 50.000000 50.000000 50.000000 50.000000 50.000000 50.000000 50.000000 50.000000 50.000000 50.000000 50.000000 50.000000 50.000000 50.000000 50.000000 50.000000 50.000000 50.000000 50.000000 50.000000 50.000000 50.000000 50.000000 50.000000 50.000000 50.000000 50.000000 50.000000 50.000000 50.000000 50.000000 50.000000 50.000000 50.000000 50.000000 50.000000 
