50.000000 50.000000 50.000000 50.000000 50.000000 50.000000 50.000000 50.000000 50.000000 50.000000 50.000000 50.000000 50.000000 50.000000 50.000000 50.000000 50.000000 50.000000 50.000000 50.000000 50.000000 50.000000 50.000000 50.000000 50.000000 50.000000 50.000000 50.000000 50.000000 50.000000 50.000000 50.000000 50.000000 50.000000 50.000000 50.000000 50.000000 50.000000 50.000000 50.000000 50.000000 50.000000 50.000000 50.000000 50.000000 50.000000 50.000000 50.000000 50.000000 50.000000 
50.000000 46.677409 43.700511 41.307512 39.577113 38.447551 37.779154 37.419025 37.241539 37.161165 37.127577 37.114570 37.109884 37.108308 37.107812 37.107665 37.107624 37.107613 37.107610 37.107609 37.107609 37.107609 37.107609 37.107609 37.107609 37.107609 37.107609 37.107609 37.107609 37.107609 37.107609 37.107609 37.107609 37.107609 37.107606 37.107597 37.107562 37.107436 37.107005 37.105616 37.101364 37.089027 37.055050 36.965894 36.741558 36.194113 34.874625 31.646524 23.338704 0.000000 
50.000000 43.700511 38.056516 33.519666 30.239149 28.097807 26.830781 26.148157 25.811755 25.659430 25.595778 25.571130 25.562252 25.559267 25.558326 25.558048 25.557970 25.557950 25.557944 25.557943 25.557943 25.557943 25.557943 25.557943 25.557943 25.557943 25.557943 25.557943 25.557943 25.557943 25.557943 25.557943 25.557943 25.557942 25.557938 25.557923 25.557865 25.557659 25.556961 25.554719 25.547911 25.528374 25.475384 25.339441 25.008933 24.245191 22.562507 19.028258 12.053988 0.000000 
50.000000 41.307512 33.519666 27.259736 22.733531 19.779273 18.031388 17.089783 16.625802 16.415731 16.327959 16.293976 16.281737 16.277621 16.276325 16.275941 16.275834 16.275806 16.275799 16.275797 16.275797 16.275797 16.275797 16.275797 16.275797 16.275797 16.275797 16.275797 16.275797 16.275797 16.275797 16.275797 16.275797 16.275796 16.275792 16.275775 16.275713 16.275491 16.274745 16.272368 16.265224 16.245003 16.191166 16.056533 15.740748 15.047560 13.629868 10.957159 6.432887 0.000000 
50.000000 39.577113 30.239149 22.733531 17.306962 13.765307 11.670081 10.541477 9.985415 9.733685 9.628522 9.587811 9.573151 9.568222 9.566670 9.566211 9.566083 9.566049 9.566041 9.566039 9.566038 9.566038 9.566038 9.566038 9.566038 9.566038 9.566038 9.566038 9.566038 9.566038 9.566038 9.566038 9.566038 9.566037 9.566033 9.566019 9.565966 9.565779 9.565150 9.563166 9.557269 9.540815 9.497812 9.392863 9.154537 8.653481 7.685971 5.993957 3.383000 0.000000 
50.000000 38.447551 28.097807 19.779273 13.765307 9.840573 7.518922 6.268478 5.652453 5.373611 5.257136 5.212053 5.195820 5.190364 5.188645 5.188137 5.187995 5.187958 5.187949 5.187946 5.187946 5.187946 5.187946 5.187946 5.187946 5.187946 5.187946 5.187946 5.187946 5.187946 5.187946 5.187946 5.187946 5.187945 5.187942 5.187932 5.187894 5.187761 5.187317 5.185928 5.181843 5.170599 5.141711 5.072718 4.920287 4.610770 4.038524 3.088875 1.705992 0.000000 
50.000000 37.779154 26.830781 18.031388 11.670081 7.518922 5.063508 3.741127 3.089723 2.794896 2.671756 2.624098 2.606941 2.601174 2.599358 2.598821 2.598672 2.598632 2.598622 2.598620 2.598619 2.598619 2.598619 2.598619 2.598619 2.598619 2.598619 2.598619 2.598619 2.598619 2.598619 2.598619 2.598619 2.598619 2.598617 2.598611 2.598587 2.598505 2.598233 2.597390 2.594935 2.588260 2.571364 2.531754 2.446205 2.277218 1.974855 1.491340 0.813260 0.000000 
50.000000 37.419025 26.148157 17.089783 10.541477 6.268478 3.741127 2.380087 1.709683 1.406278 1.279565 1.230529 1.212876 1.206943 1.205076 1.204523 1.204369 1.204329 1.204319 1.204316 1.204316 1.204316 1.204316 1.204316 1.204316 1.204316 1.204316 1.204316 1.204316 1.204316 1.204316 1.204316 1.204315 1.204315 1.204314 1.204311 1.204298 1.204253 1.204106 1.203653 1.202346 1.198829 1.190043 1.169763 1.126767 1.043665 0.898617 0.672773 0.363975 0.000000 
50.000000 37.241539 25.811755 16.625802 9.985415 5.652453 3.089723 1.709683 1.029949 0.722336 0.593872 0.544160 0.526266 0.520252 0.518359 0.517799 0.517643 0.517602 0.517592 0.517589 0.517589 0.517588 0.517588 0.517588 0.517588 0.517588 0.517588 0.517588 0.517588 0.517588 0.517588 0.517588 0.517588 0.517588 0.517588 0.517586 0.517580 0.517558 0.517487 0.517268 0.516642 0.514974 0.510853 0.501463 0.481854 0.444600 0.380799 0.283381 0.152511 0.000000 
50.000000 37.161165 25.659430 16.415731 9.733685 5.373611 2.794896 1.406278 0.722336 0.412826 0.283574 0.233559 0.215555 0.209505 0.207601 0.207038 0.206881 0.206839 0.206829 0.206827 0.206826 0.206826 0.206826 0.206826 0.206826 0.206826 0.206826 0.206826 0.206826 0.206826 0.206826 0.206826 0.206826 0.206826 0.206826 0.206825 0.206822 0.206812 0.206781 0.206685 0.206413 0.205693 0.203932 0.199960 0.191768 0.176416 0.150506 0.111518 0.059801 0.000000 
50.000000 37.127577 25.595778 16.327959 9.628522 5.257136 2.671756 1.279565 0.593872 0.283574 0.153995 0.103853 0.085805 0.079740 0.077831 0.077266 0.077109 0.077067 0.077057 0.077055 0.077054 0.077054 0.077054 0.077054 0.077054 0.077054 0.077054 0.077054 0.077054 0.077054 0.077054 0.077054 0.077054 0.077054 0.077054 0.077053 0.077052 0.077048 0.077036 0.076997 0.076889 0.076604 0.075912 0.074366 0.071208 0.065356 0.055590 0.041059 0.021961 0.000000 
50.000000 37.114570 25.571130 16.293976 9.587811 5.212053 2.624098 1.230529 0.544160 0.233559 0.103853 0.053664 0.035598 0.029527 0.027616 0.027051 0.026894 0.026852 0.026842 0.026839 0.026839 0.026839 0.026839 0.026839 0.026839 0.026839 0.026839 0.026839 0.026839 0.026839 0.026839 0.026839 0.026839 0.026839 0.026839 0.026839 0.026838 0.026837 0.026832 0.026818 0.026778 0.026674 0.026422 0.025865 0.024736 0.022661 0.019231 0.014169 0.007564 0.000000 
50.000000 37.109884 25.562252 16.281737 9.573151 5.195820 2.606941 1.212876 0.526266 0.215555 0.085805 0.035598 0.017526 0.011454 0.009542 0.008976 0.008819 0.008777 0.008767 0.008765 0.008764 0.008764 0.008764 0.008764 0.008764 0.008764 0.008764 0.008764 0.008764 0.008764 0.008764 0.008764 0.008764 0.008764 0.008764 0.008764 0.008764 0.008763 0.008762 0.008757 0.008743 0.008708 0.008623 0.008436 0.008059 0.007373 0.006245 0.004593 0.002448 0.000000 
50.000000 37.108308 25.559267 16.277621 9.568222 5.190364 2.601174 1.206943 0.520252 0.209505 0.079740 0.029527 0.011454 0.005380 0.003468 0.002903 0.002745 0.002704 0.002693 0.002691 0.002690 0.002690 0.002690 0.002690 0.002690 0.002690 0.002690 0.002690 0.002690 0.002690 0.002690 0.002690 0.002690 0.002690 0.002690 0.002690 0.002690 0.002690 0.002689 0.002688 0.002683 0.002672 0.002645 0.002587 0.002469 0.002256 0.001908 0.001402 0.000746 0.000000 
50.000000 37.107812 25.558326 16.276325 9.566670 5.188645 2.599358 1.205076 0.518359 0.207601 0.077831 0.027616 0.009542 0.003468 0.001556 0.000991 0.000833 0.000792 0.000781 0.000779 0.000778 0.000778 0.000778 0.000778 0.000778 0.000778 0.000778 0.000778 0.000778 0.000778 0.000778 0.000778 0.000778 0.000778 0.000778 0.000778 0.000778 0.000778 0.000778 0.000777 0.000776 0.000773 0.000765 0.000748 0.000713 0.000651 0.000550 0.000403 0.000215 0.000000 
50.000000 37.107665 25.558048 16.275941 9.566211 5.188137 2.598821 1.204523 0.517799 0.207038 0.077266 0.027051 0.008976 0.002903 0.000991 0.000425 0.000268 0.000226 0.000216 0.000213 0.000213 0.000213 0.000213 0.000213 0.000213 0.000213 0.000213 0.000213 0.000213 0.000213 0.000213 0.000213 0.000213 0.000213 0.000213 0.000213 0.000213 0.000213 0.000213 0.000212 0.000212 0.000211 0.000209 0.000204 0.000195 0.000178 0.000150 0.000110 0.000058 0.000000 
50.000000 37.107624 25.557970 16.275834 9.566083 5.187995 2.598672 1.204369 0.517643 0.206881 0.077109 0.026894 0.008819 0.002745 0.000833 0.000268 0.000110 0.000069 0.000058 0.000056 0.000055 0.000055 0.000055 0.000055 0.000055 0.000055 0.000055 0.000055 0.000055 0.000055 0.000055 0.000055 0.000055 0.000055 0.000055 0.000055 0.000055 0.000055 0.000055 0.000055 0.000055 0.000055 0.000054 0.000053 0.000050 0.000046 0.000039 0.000028 0.000015 0.000000 
50.000000 37.107613 25.557950 16.275806 9.566049 5.187958 2.598632 1.204329 0.517602 0.206839 0.077067 0.026852 0.008777 0.002704 0.000792 0.000226 0.000069 0.000027 0.000017 0.000014 0.000014 0.000014 0.000014 0.000014 0.000014 0.000014 0.000014 0.000014 0.000014 0.000014 0.000014 0.000014 0.000014 0.000014 0.000014 0.000014 0.000014 0.000014 0.000014 0.000013 0.000013 0.000013 0.000013 0.000013 0.000012 0.000011 0.000009 0.000007 0.000004 0.000000 
50.000000 37.107610 25.557944 16.275799 9.566041 5.187949 2.598622 1.204319 0.517592 0.206829 0.077057 0.026842 0.008767 0.002693 0.000781 0.000216 0.000058 0.000017 0.000006 0.000004 0.000003 0.000003 0.000003 0.000003 0.000003 0.000003 0.000003 0.000003 0.000003 0.000003 0.000003 0.000003 0.000003 0.000003 0.000003 0.000003 0.000003 0.000003 0.000003 0.000003 0.000003 0.000003 0.000003 0.000003 0.000003 0.000003 0.000002 0.000002 0.000001 0.000000 
50.000000 37.107609 25.557943 16.275797 9.566039 5.187946 2.598620 1.204316 0.517589 0.206827 0.077055 0.026839 0.008765 0.002691 0.000779 0.000213 0.000056 0.000014 0.000004 0.000001 0.000001 0.000001 0.000001 0.000001 0.000001 0.000001 0.000001 0.000001 0.000001 0.000001 0.000001 0.000001 0.000001 0.000001 0.000001 0.000001 0.000001 0.000001 0.000001 0.000001 0.000001 0.000001 0.000001 0.000001 0.000001 0.000001 0.000000 0.000000 0.000000 0.000000 
50.000000 37.107609 25.557943 16.275797 9.566038 5.187946 2.598619 1.204316 0.517589 0.206826 0.077054 0.026839 0.008764 0.002690 0.000778 0.000213 0.000055 0.000014 0.000003 0.000001 0.000000 0.000000 0.000000 0.000000 0.000000 0.000000 0.000000 0.000000 0.000000 0.000000 0.000000 0.000000 0.000000 0.000000 0.000000 0.000000 0.000000 0.000000 0.000000 0.000000 0.000000 0.000000 0.000000 0.000000 0.000000 0.000000 0.000000 0.000000 0.000000 0.000000 
50.000000 37.107609 25.557943 16.275797 9.566038 5.187946 2.598619 1.204316 0.517588 0.206826 0.077054 0.026839 0.008764 0.002690 0.000778 0.000213 0.000055 0.000014 0.000003 0.000001 0.000000 0.000000 0.000000 0.000000 0.000000 0.000000 0.000000 0.000000 0.000000 0.000000 0.000000 0.000000 0.000000 0.000000 0.000000 0.000000 0.000000 0.000000 0.000000 0.000000 0.000000 0.000000 0.000000 0.000000 0.000000 0.000000 0.000000 0.000000 0.000000 0.000000 
50.000000 37.107609 25.557943 16.275797 9.566038 5.187946 2.598619 1.204316 0.517588 0.206826 0.077054 0.026839 0.008764 0.002690 0.000778 0.000213 0.000055 0.000014 0.000003 0.000001 0.000000 0.000000 0.000000 0.000000 0.000000 0.000000 0.000000 0.000000 0.000000 0.000000 0.000000 0.000000 0.000000 0.000000 0.000000 0.000000 0.000000 0.000000 0.000000 0.000000 0.000000 0.000000 0.000000 0.000000 0.000000 0.000000 0.000000 0.000000 0.000000 0.000000 
50.000000 37.107609 25.557943 16.275797 9.566038 5.187946 2.598619 1.204316 0.517588 0.206826 0.077054 0.026839 0.008764 0.002690 0.000778 0.000213 0.000055 0.000014 0.000003 0.000001 0.000000 0.000000 0.000000 0.000000 0.000000 0.000000 0.000000 0.000000 0.000000 0.000000 0.000000 0.000000 0.000000 0.000000 0.000000 0.000000 0.000000 0.000000 0.000000 0.000000 0.000000 0.000000 0.000000 0.000000 0.000000 0.000000 0.000000 0.000000 0.000000 0.000000 
50.000000 37.107609 25.557943 16.275797 9.566038 5.187946 2.598619 1.204316 0.517588 0.206826 0.077054 0.026839 0.008764 0.002690 0.000778 0.000213 0.000055 0.000014 0.000003 0.000001 0.000000 0.000000 0.000000 0.000000 0.000000 0.000000 0.000000 0.000000 0.000000 0.000000 0.000000 0.000000 0.000000 0.000000 0.000000 0.000000 0.000000 0.000000 0.000000 0.000000 0.000000 0.000000 0.000000 0.000000 0.000000 0.000000 0.000000 0.000000 0.000000 0.000000 
50.000000 37.107609 25.557943 16.275797 9.566038 5.187946 2.598619 1.204316 0.517588 0.206826 0.077054 0.026839 0.008764 0.002690 0.000778 0.000213 0.000055 0.000014 0.000003 0.000001 0.000000 0.000000 0.000000 0.000000 0.000000 0.000000 0.000000 0.000000 0.000000 0.000000 0.000000 0.000000 0.000000 0.000000 0.000000 0.000000 0.000000 0.000000 0.000000 0.000000 0.000000 0.000000 0.000000 0.000000 0.000000 0.000000 0.000000 0.000000 0.000000 0.000000 
50.000000 37.107609 25.557943 16.275797 9.566038 5.187946 2.598619 1.204316 0.517588 0.206826 0.077054 0.026839 0.008764 0.002690 0.000778 0.000213 0.000055 0.000014 0.000003 0.000001 0.000000 0.000000 0.000000 0.000000 0.000000 0.000000 0.000000 0.000000 0.000000 0.000000 0.000000 0.000000 0.000000 0.000000 0.000000 0.000000 0.000000 0.000000 0.000000 0.000000 0.000000 0.000000 0.000000 0.000000 0.000000 0.000000 0.000000 0.000000 0.000000 0.000000 
50.000000 37.107609 25.557943 16.275797 9.566038 5.187946 2.598619 1.204316 0.517588 0.206826 0.077054 0.026839 0.008764 0.002690 0.000778 0.000213 0.000055 0.000014 0.000003 0.000001 0.000000 0.000000 0.000000 0.000000 0.000000 0.000000 0.000000 0.000000 0.000000 0.000000 0.000000 0.000000 0.000000 0.000000 0.000000 0.000000 0.000000 0.000000 0.000000 0.000000 0.000000 0.000000 0.000000 0.000000 0.000000 0.000000 0.000000 0.000000 0.000000 0.000000 
50.000000 37.107609 25.557943 16.275797 9.566038 5.187946 2.598619 1.204316 0.517588 0.206826 0.077054 0.026839 0.008764 0.002690 0.000778 0.000213 0.000055 0.000014 0.000003 0.000001 0.000000 0.000000 0.000000 0.000000 0.000000 0.000000 0.000000 0.000000 0.000000 0.000000 0.000000 0.000000 0.000000 0.000000 0.000000 0.000000 0.000000 0.000000 0.000000 0.000000 0.000000 0.000000 0.000000 0.000000 0.000000 0.000000 0.000000 0.000000 0.000000 0.000000 
50.000000 37.107609 25.557943 16.275797 9.566038 5.187946 2.598619 1.204316 0.517589 0.206826 0.077054 0.026839 0.008764 0.002690 0.000778 0.000213 0.000055 0.000014 0.000003 0.000001 0.000000 0.000000 0.000000 0.000000 0.000000 0.000000 0.000000 0.000000 0.000000 0.000000 0.000000 0.000000 0.000000 0.000000 0.000000 0.000000 0.000000 0.000000 0.000000 0.000000 0.000000 0.000000 0.000000 0.000000 0.000000 0.000000 0.000000 0.000000 0.000000 0.000000 
50.000000 37.107609 25.557943 16.275797 9.566039 5.187946 2.598620 1.204316 0.517589 0.206827 0.077055 0.026839 0.008765 0.002691 0.000779 0.000213 0.000056 0.000014 0.000004 0.000001 0.000001 0.000001 0.000001 0.000001 0.000001 0.000001 0.000001 0.000001 0.000001 0.000001 0.000001 0.000001 0.000001 0.000001 0.000001 0.000001 0.000001 0.000001 0.000001 0.000001 0.000001 0.000001 0.000001 0.000001 0.000001 0.000001 0.000000 0.000000 0.000000 0.000000 
50.000000 37.107610 25.557944 16.275799 9.566041 5.187949 2.598622 1.204319 0.517592 0.206829 0.077057 0.026842 0.008767 0.002693 0.000781 0.000216 0.000058 0.000017 0.000006 0.000004 0.000003 0.000003 0.000003 0.000003 0.000003 0.000003 0.000003 0.000003 0.000003 0.000003 0.000003 0.000003 0.000003 0.000003 0.000003 0.000003 0.000003 0.000003 0.000003 0.000003 0.000003 0.000003 0.000003 0.000003 0.000003 0.000003 0.000002 0.000002 0.000001 0.000000 
50.000000 37.107613 25.557950 16.275806 9.566049 5.187958 2.598632 1.204329 0.517602 0.206839 0.077067 0.026852 0.008777 0.002704 0.000792 0.000226 0.000069 0.000027 0.000017 0.000014 0.000014 0.000014 0.000014 0.000014 0.000014 0.000014 0.000014 0.000014 0.000014 0.000014 0.000014 0.000014 0.000014 0.000014 0.000014 0.000014 0.000014 0.000014 0.000014 0.000013 0.000013 0.000013 0.000013 0.000013 0.000012 0.000011 0.000009 0.000007 0.000004 0.000000 
50.000000 37.107624 25.557970 16.275834 9.566083 5.187995 2.598672 1.204369 0.517643 0.206881 0.077109 0.026894 0.008819 0.002745 0.000833 0.000268 0.000110 0.000069 0.000058 0.000056 0.000055 0.000055 0.000055 0.000055 0.000055 0.000055 0.000055 0.000055 0.000055 0.000055 0.000055 0.000055 0.000055 0.000055 0.000055 0.000055 0.000055 0.000055 0.000055 0.000055 0.000055 0.000055 0.000054 0.000053 0.000050 0.000046 0.000039 0.000028 0.000015 0.000000 
50.000000 37.107665 25.558048 16.275941 9.566211 5.188137 2.598821 1.204523 0.517799 0.207038 0.077266 0.027051 0.008976 0.002903 0.000991 0.000425 0.000268 0.000226 0.000216 0.000213 0.000213 0.000213 0.000213 0.000213 0.000213 0.000213 0.000213 0.000213 0.000213 0.000213 0.000213 0.000213 0.000213 0.000213 0.000213 0.000213 0.000213 0.000213 0.000213 0.000212 0.000212 0.000211 0.000209 0.000204 0.000195 0.000178 0.000150 0.000110 0.000058 0.000000 
50.000000 37.107812 25.558326 16.276325 9.566670 5.188645 2.599358 1.205076 0.518359 0.207601 0.077831 0.027616 0.009542 0.003468 0.001556 0.000991 0.000833 0.000792 0.000781 0.000779 0.000778 0.000778 0.000778 0.000778 0.000778 0.000778 0.000778 0.000778 0.000778 0.000778 0.000778 0.000778 0.000778 0.000778 0.000778 0.000778 0.000778 0.000778 0.000778 0.000777 0.000776 0.000773 0.000765 0.000748 0.000713 0.000651 0.000550 0.000403 0.000215 0.000000 
50.000000 37.108308 25.559267 16.277621 9.568222 5.190364 2.601174 1.206943 0.520252 0.209505 0.079740 0.029527 0.011454 0.005380 0.003468 0.002903 0.002745 0.002704 0.002693 0.002691 0.002690 0.002690 0.002690 0.002690 0.002690 0.002690 0.002690 0.002690 0.002690 0.002690 0.002690 0.002690 0.002690 0.002690 0.002690 0.002690 0.002690 0.002690 0.002689 0.002688 0.002683 0.002672 0.002645 0.002587 0.002469 0.002256 0.001908 0.001402 0.000746 0.000000 
50.000000 37.109884 25.562252 16.281737 9.573151 5.195820 2.606941 1.212876 0.526266 0.215555 0.085805 0.035598 0.017526 0.011454 0.009542 0.008976 0.008819 0.008777 0.008767 0.008765 0.008764 0.008764 0.008764 0.008764 0.008764 0.008764 0.008764 0.008764 0.008764 0.008764 0.008764 0.008764 0.008764 0.008764 0.008764 0.008764 0.008764 0.008763 0.008762 0.008757 0.008743 0.008708 0.008623 0.008436 0.008059 0.007373 0.006245 0.004593 0.002448 0.000000 
50.000000 37.114570 25.571130 16.293976 9.587811 5.212053 2.624098 1.230529 0.544160 0.233559 0.103853 0.053664 0.035598 0.029527 0.027616 0.027051 0.026894 0.026852 0.026842 0.026839 0.026839 0.026839 0.026839 0.026839 0.026839 0.026839 0.026839 0.026839 0.026839 0.026839 0.026839 0.026839 0.026839 0.026839 0.026839 0.026839 0.026838 0.026837 0.026832 0.026818 0.026778 0.026674 0.026422 0.025865 0.024736 0.022661 0.019231 0.014169 0.007564 0.000000 
50.000000 37.127577 25.595778 16.327959 9.628522 5.257136 2.671756 1.279565 0.593872 0.283574 0.153995 0.103853 0.085805 0.079740 0.077831 0.077266 0.077109 0.077067 0.077057 0.077055 0.077054 0.077054 0.077054 0.077054 0.077054 0.077054 0.077054 0.077054 0.077054 0.077054 0.077054 0.077054 0.077054 0.077054 0.077054 0.077053 0.077052 0.077048 0.077036 0.076997 0.076889 0.076604 0.075912 0.074366 0.071208 0.065356 0.055590 0.041059 0.021961 0.000000 
50.000000 37.161165 25.659430 16.415731 9.733685 5.373611 2.794896 1.406278 0.722336 0.412826 0.283574 0.233559 0.215555 0.209505 0.207601 0.207038 0.206881 0.206839 0.206829 0.206827 0.206826 0.206826 0.206826 0.206826 0.206826 0.206826 0.206826 0.206826 0.206826 0.206826 0.206826 0.206826 0.206826 0.206826 0.206826 0.206825 0.206822 0.206812 0.206781 0.206685 0.206413 0.205693 0.203932 0.199960 0.191768 0.176416 0.150506 0.111518 0.059801 0.000000 
50.000000 37.241539 25.811755 16.625802 9.985415 5.652453 3.089723 1.709683 1.029949 0.722336 0.593872 0.544160 0.526266 0.520252 0.518359 0.517799 0.517643 0.517602 0.517592 0.517589 0.517589 0.517588 0.517588 0.517588 0.517588 0.517588 0.517588 0.517588 0.517588 0.517588 0.517588 0.517588 0.517588 0.517588 0.517588 0.517586 0.517580 0.517558 0.517487 0.517268 0.516642 0.514974 0.510853 0.501463 0.481854 0.444600 0.380799 0.283381 0.152511 0.000000 
50.000000 37.419025 26.148157 17.089783 10.541477 6.268478 3.741127 2.380087 1.709683 1.406278 1.279565 1.230529 1.212876 1.206943 1.205076 1.204523 1.204369 1.204329 1.204319 1.204316 1.204316 1.204316 1.204316 1.204316 1.204316 1.204316 1.204316 1.204316 1.204316 1.204316 1.204316 1.204316 1.204315 1.204315 1.204314 1.204311 1.204298 1.204253 1.204106 1.203653 1.202346 1.198829 1.190043 1.169763 1.126767 1.043665 0.898617 0.672773 0.363975 0.000000 
50.000000 37.779154 26.830781 18.031388 11.670081 7.518922 5.063508 3.741127 3.089723 2.794896 2.671756 2.624098 2.606941 2.601174 2.599358 2.598821 2.598672 2.598632 2.598622 2.598620 2.598619 2.598619 2.598619 2.598619 2.598619 2.598619 2.598619 2.598619 2.598619 2.598619 2.598619 2.598619 2.598619 2.598619 2.598617 2.598611 2.598587 2.598505 2.598233 2.597390 2.594935 2.588260 2.571364 2.531754 2.446205 2.277218 1.974855 1.491340 0.813260 0.000000 
50.000000 38.447551 28.097807 19.779273 13.765307 9.840573 7.518922 6.268478 5.652453 5.373611 5.257136 5.212053 5.195820 5.190364 5.188645 5.188137 5.187995 5.187958 5.187949 5.187946 5.187946 5.187946 5.187946 5.187946 5.187946 5.187946 5.187946 5.187946 5.187946 5.187946 5.187946 5.187946 5.187946 5.187945 5.187942 5.187932 5.187894 5.187761 5.187317 5.185928 5.181843 5.170599 5.141711 5.072718 4.920287 4.610770 4.038524 3.088875 1.705992 0.000000 
50.000000 39.577113 30.239149 22.733531 17.306962 13.765307 11.670081 10.541477 9.985415 9.733685 9.628522 9.587811 9.573151 9.568222 9.566670 9.566211 9.566083 9.566049 9.566041 9.566039 9.566038 9.566038 9.566038 9.566038 9.566038 9.566038 9.566038 9.566038 9.566038 9.566038 9.566038 9.566038 9.566038 9.566037 9.566033 9.566019 9.565966 9.565779 9.565150 9.563166 9.557269 9.540815 9.497812 9.392863 9.154537 8.653481 7.685971 5.993957 3.383000 0.000000 
50.000000 41.307512 33.519666 27.259736 22.733531 19.779273 18.031388 17.089783 16.625802 16.415731 16.327959 16.293976 16.281737 16.277621 16.276325 16.275941 16.275834 16.275806 16.275799 16.275797 16.275797 16.275797 16.275797 16.275797 16.275797 16.275797 16.275797 16.275797 16.275797 16.275797 16.275797 16.275797 16.275797 16.275796 16.275792 16.275775 16.275713 16.275491 16.274745 16.272368 16.265224 16.245003 16.191166 16.056533 15.740748 15.047560 13.629868 10.957159 6.432887 0.000000 
50.000000 43.700511 38.056516 33.519666 30.239149 28.097807 26.830781 26.148157 25.811755 25.659430 25.595778 25.571130 25.562252 25.559267 25.558326 25.558048 25.557970 25.557950 25.557944 25.557943 25.557943 25.557943 25.557943 25.557943 25.557943 25.557943 25.557943 25.557943 25.557943 25.557943 25.557943 25.557943 25.557943 25.557942 25.557938 25.557923 25.557865 25.557659 25.556961 25.554719 25.547911 25.528374 25.475384 25.339441 25.008933 24.245191 22.562507 19.028258 12.053988 0.000000 
50.000000 46.677409 43.700511 41.307512 39.577113 38.447551 37.779154 37.419025 37.241539 37.161165 37.127577 37.114570 37.109884 37.108308 37.107812 37.107665 37.107624 37.107613 37.107610 37.107609 37.107609 37.107609 37.107609 37.107609 37.107609 37.107609 37.107609 37.107609 37.107609 37.107609 37.107609 37.107609 37.107609 37.107609 37.107606 37.107597 37.107562 37.107436 37.107005 37.105616 37.101364 37.089027 37.055050 36.965894 36.741558 36.194113 34.874625 31.646524 23.338704 0.000000 
50.000000 50.000000 50.000000 50.000000 50.000000 50.000000 50.000000 50.000000 50.000000 50.000000 50.000000 50.000000 50.000000 50.000000 50.000000 50.000000 50.000000 50.000000 50.000000 50.000000 50.000000 50.000000 50.000000 50.000000 50.000000 50.000000 50.000000 50.000000 50.000000 50.000000 50.000000 50.000000 50.000000 50.000000 50.000000 50.000000 50.000000 50.000000 50.000000 50.000000 50.000000 50.000000 50.000000 50.000000 50.000000 50.000000 50.000000 50.000000 50.000000 50.000000 
