50.000000 50.000000 50.000000 50.000000 50.000000 50.000000 50.000000 50.000000 50.000000 50.000000 50.000000 50.000000 50.000000 50.000000 50.000000 50.000000 50.000000 50.000000 50.000000 50.000000 50.000000 50.000000 50.000000 50.000000 50.000000 50.000000 50.000000 50.000000 50.000000 50.000000 50.000000 50.000000 50.000000 50.000000 50.000000 50.000000 50.000000 50.000000 50.000000 50.000000 50.000000 50.000000 50.000000 50.000000 50.000000 50.000000 50.000000 50.000000 50.000000 50.000000 
50.000000 45.889010 42.306596 39.578555 37.754011 36.675360 36.107670 35.839770 35.725616 35.681408 35.665753 35.660656 35.659123 35.658694 35.658583 35.658556 35.658550 35.658548 35.658548 35.658548 35.658548 35.658548 35.658548 35.658548 35.658548 35.658548 35.658548 35.658548 35.658548 35.658548 35.658548 35.658548 35.658548 35.658548 35.658548 35.658546 35.658539 35.658509 35.658386 35.657913 35.656205 35.650407 35.631902 35.576280 35.418125 34.988884 33.859288 30.903928 22.944505 0.000000 
50.000000 42.306596 35.602546 30.497598 27.083587 25.065435 24.003398 23.502267 23.288759 23.206084 23.176812 23.167283 23.164416 23.163616 23.163408 23.163357 23.163345 23.163343 23.163342 23.163342 23.163342 23.163342 23.163342 23.163342 23.163342 23.163342 23.163342 23.163342 23.163342 23.163342 23.163342 23.163342 23.163342 23.163342 23.163342 23.163339 23.163328 23.163282 23.163092 23.162367 23.159769 23.151048 23.123647 23.043153 22.822052 22.253689 20.884827 17.801273 11.402668 0.000000 
50.000000 39.578555 30.497598 23.583163 18.959474 16.226565 14.788596 14.110186 13.821197 13.709316 13.669710 13.656820 13.652943 13.651861 13.651580 13.651511 13.651495 13.651492 13.651491 13.651491 13.651491 13.651491 13.651491 13.651491 13.651491 13.651491 13.651491 13.651491 13.651491 13.651491 13.651491 13.651491 13.651491 13.651491 13.651490 13.651488 13.651477 13.651431 13.651243 13.650533 13.648013 13.639665 13.613909 13.540101 13.344296 12.865304 11.791582 9.612770 5.719267 0.000000 
50.000000 37.754011 27.083587 18.959474 13.527423 10.317128 8.628225 7.831562 7.492262 7.360929 7.314447 7.299322 7.294774 7.293505 7.293175 7.293094 7.293076 7.293072 7.293071 7.293071 7.293071 7.293071 7.293071 7.293071 7.293071 7.293071 7.293071 7.293071 7.293071 7.293071 7.293071 7.293071 7.293071 7.293071 7.293070 7.293069 7.293060 7.293025 7.292882 7.292346 7.290465 7.284318 7.265678 7.213478 7.079158 6.763712 6.094170 4.829898 2.765127 0.000000 
50.000000 36.675360 25.065435 16.226565 10.317128 6.825089 4.988204 4.121864 3.752948 3.610175 3.559653 3.543217 3.538276 3.536897 3.536538 3.536451 3.536431 3.536427 3.536426 3.536426 3.536426 3.536426 3.536426 3.536426 3.536426 3.536426 3.536426 3.536426 3.536426 3.536426 3.536426 3.536426 3.536426 3.536426 3.536425 3.536424 3.536419 3.536397 3.536307 3.535974 3.534818 3.531083 3.519934 3.489327 3.412545 3.237970 2.882270 2.243383 1.257234 0.000000 
50.000000 36.107670 24.003398 14.788596 8.628225 4.988204 3.073663 2.170795 1.786369 1.637612 1.584981 1.567860 1.562714 1.561278 1.560905 1.560814 1.560793 1.560789 1.560788 1.560787 1.560787 1.560787 1.560787 1.560787 1.560787 1.560787 1.560787 1.560787 1.560787 1.560787 1.560787 1.560787 1.560787 1.560787 1.560787 1.560787 1.560784 1.560772 1.560724 1.560547 1.559939 1.557997 1.552276 1.536831 1.498877 1.414746 1.248495 0.960245 0.531389 0.000000 
50.000000 35.839770 23.502267 14.110186 7.831562 4.121864 2.170795 1.250765 0.859061 0.707500 0.653881 0.636440 0.631198 0.629736 0.629356 0.629263 0.629242 0.629238 0.629237 0.629236 0.629236 0.629236 0.629236 0.629236 0.629236 0.629236 0.629236 0.629236 0.629236 0.629236 0.629236 0.629236 0.629236 0.629236 0.629236 0.629236 0.629235 0.629229 0.629207 0.629125 0.628845 0.627960 0.625383 0.618519 0.601930 0.565884 0.496277 0.378619 0.207868 0.000000 
50.000000 35.725616 23.288759 13.821197 7.492262 3.752948 1.786369 0.859061 0.464275 0.311528 0.257491 0.239916 0.234634 0.233161 0.232777 0.232684 0.232663 0.232658 0.232657 0.232657 0.232657 0.232657 0.232657 0.232657 0.232657 0.232657 0.232657 0.232657 0.232657 0.232657 0.232657 0.232657 0.232657 0.232657 0.232657 0.232657 0.232656 0.232654 0.232645 0.232611 0.232497 0.232137 0.231101 0.228372 0.221865 0.207945 0.181532 0.137710 0.075209 0.000000 
50.000000 35.681408 23.206084 13.709316 7.360929 3.610175 1.637612 0.707500 0.311528 0.158325 0.104129 0.086502 0.081204 0.079727 0.079342 0.079249 0.079227 0.079223 0.079222 0.079222 0.079222 0.079222 0.079222 0.079222 0.079222 0.079222 0.079222 0.079222 0.079222 0.079222 0.079222 0.079222 0.079222 0.079222 0.079222 0.079222 0.079221 0.079221 0.079217 0.079205 0.079163 0.079031 0.078655 0.077673 0.075357 0.070463 0.061303 0.046314 0.025202 0.000000 
50.000000 35.665753 23.176812 13.669710 7.314447 3.559653 1.584981 0.653881 0.257491 0.104129 0.049876 0.032231 0.026929 0.025449 0.025065 0.024971 0.024950 0.024945 0.024944 0.024944 0.024944 0.024944 0.024944 0.024944 0.024944 0.024944 0.024944 0.024944 0.024944 0.024944 0.024944 0.024944 0.024944 0.024944 0.024944 0.024944 0.024944 0.024944 0.024942 0.024938 0.024924 0.024880 0.024756 0.024433 0.023679 0.022101 0.019178 0.014445 0.007840 0.000000 
50.000000 35.660656 23.167283 13.656820 7.299322 3.543217 1.567860 0.636440 0.239916 0.086502 0.032231 0.014581 0.009276 0.007796 0.007412 0.007318 0.007297 0.007292 0.007291 0.007291 0.007291 0.007291 0.007291 0.007291 0.007291 0.007291 0.007291 0.007291 0.007291 0.007291 0.007291 0.007291 0.007291 0.007291 0.007291 0.007291 0.007291 0.007291 0.007290 0.007289 0.007285 0.007271 0.007233 0.007136 0.006910 0.006440 0.005577 0.004191 0.002270 0.000000 
50.000000 35.659123 23.164416 13.652943 7.294774 3.538276 1.562714 0.631198 0.234634 0.081204 0.026929 0.009276 0.003971 0.002491 0.002106 0.002013 0.001991 0.001987 0.001986 0.001986 0.001986 0.001986 0.001986 0.001986 0.001986 0.001986 0.001986 0.001986 0.001986 0.001986 0.001986 0.001986 0.001986 0.001986 0.001986 0.001986 0.001986 0.001986 0.001985 0.001985 0.001984 0.001980 0.001969 0.001942 0.001879 0.001750 0.001513 0.001135 0.000614 0.000000 
50.000000 35.658694 23.163616 13.651861 7.293505 3.536897 1.561278 0.629736 0.233161 0.079727 0.025449 0.007796 0.002491 0.001011 0.000626 0.000533 0.000511 0.000507 0.000506 0.000506 0.000506 0.000506 0.000506 0.000506 0.000506 0.000506 0.000506 0.000506 0.000506 0.000506 0.000506 0.000506 0.000506 0.000506 0.000506 0.000506 0.000506 0.000506 0.000506 0.000505 0.000505 0.000504 0.000501 0.000494 0.000478 0.000445 0.000384 0.000288 0.000155 0.000000 
50.000000 35.658583 23.163408 13.651580 7.293175 3.536538 1.560905 0.629356 0.232777 0.079342 0.025065 0.007412 0.002106 0.000626 0.000241 0.000148 0.000126 0.000122 0.000121 0.000121 0.000121 0.000121 0.000121 0.000121 0.000121 0.000121 0.000121 0.000121 0.000121 0.000121 0.000121 0.000121 0.000121 0.000121 0.000121 0.000121 0.000121 0.000121 0.000121 0.000121 0.000121 0.000120 0.000120 0.000118 0.000114 0.000106 0.000091 0.000068 0.000037 0.000000 
50.000000 35.658556 23.163357 13.651511 7.293094 3.536451 1.560814 0.629263 0.232684 0.079249 0.024971 0.007318 0.002013 0.000533 0.000148 0.000054 0.000033 0.000028 0.000027 0.000027 0.000027 0.000027 0.000027 0.000027 0.000027 0.000027 0.000027 0.000027 0.000027 0.000027 0.000027 0.000027 0.000027 0.000027 0.000027 0.000027 0.000027 0.000027 0.000027 0.000027 0.000027 0.000027 0.000027 0.000027 0.000026 0.000024 0.000021 0.000015 0.000008 0.000000 
50.000000 35.658550 23.163345 13.651495 7.293076 3.536431 1.560793 0.629242 0.232663 0.079227 0.024950 0.007297 0.001991 0.000511 0.000126 0.000033 0.000012 0.000007 0.000006 0.000006 0.000006 0.000006 0.000006 0.000006 0.000006 0.000006 0.000006 0.000006 0.000006 0.000006 0.000006 0.000006 0.000006 0.000006 0.000006 0.000006 0.000006 0.000006 0.000006 0.000006 0.000006 0.000006 0.000006 0.000006 0.000005 0.000005 0.000004 0.000003 0.000002 0.000000 
50.000000 35.658548 23.163343 13.651492 7.293072 3.536427 1.560789 0.629238 0.232658 0.079223 0.024945 0.007292 0.001987 0.000507 0.000122 0.000028 0.000007 0.000002 0.000001 0.000001 0.000001 0.000001 0.000001 0.000001 0.000001 0.000001 0.000001 0.000001 0.000001 0.000001 0.000001 0.000001 0.000001 0.000001 0.000001 0.000001 0.000001 0.000001 0.000001 0.000001 0.000001 0.000001 0.000001 0.000001 0.000001 0.000001 0.000001 0.000001 0.000000 0.000000 
50.000000 35.658548 23.163342 13.651491 7.293071 3.536426 1.560788 0.629237 0.232657 0.079222 0.024944 0.007291 0.001986 0.000506 0.000121 0.000027 0.000006 0.000001 0.000000 0.000000 0.000000 0.000000 0.000000 0.000000 0.000000 0.000000 0.000000 0.000000 0.000000 0.000000 0.000000 0.000000 0.000000 0.000000 0.000000 0.000000 0.000000 0.000000 0.000000 0.000000 0.000000 0.000000 0.000000 0.000000 0.000000 0.000000 0.000000 0.000000 0.000000 0.000000 
50.000000 35.658548 23.163342 13.651491 7.293071 3.536426 1.560787 0.629236 0.232657 0.079222 0.024944 0.007291 0.001986 0.000506 0.000121 0.000027 0.000006 0.000001 0.000000 0.000000 0.000000 0.000000 0.000000 0.000000 0.000000 0.000000 0.000000 0.000000 0.000000 0.000000 0.000000 0.000000 0.000000 0.000000 0.000000 0.000000 0.000000 0.000000 0.000000 0.000000 0.000000 0.000000 0.000000 0.000000 0.000000 0.000000 0.000000 0.000000 0.000000 0.000000 
50.000000 35.658548 23.163342 13.651491 7.293071 3.536426 1.560787 0.629236 0.232657 0.079222 0.024944 0.007291 0.001986 0.000506 0.000121 0.000027 0.000006 0.000001 0.000000 0.000000 0.000000 0.000000 0.000000 0.000000 0.000000 0.000000 0.000000 0.000000 0.000000 0.000000 0.000000 0.000000 0.000000 0.000000 0.000000 0.000000 0.000000 0.000000 0.000000 0.000000 0.000000 0.000000 0.000000 0.000000 0.000000 0.000000 0.000000 0.000000 0.000000 0.000000 
50.000000 35.658548 23.163342 13.651491 7.293071 3.536426 1.560787 0.629236 0.232657 0.079222 0.024944 0.007291 0.001986 0.000506 0.000121 0.000027 0.000006 0.000001 0.000000 0.000000 0.000000 0.000000 0.000000 0.000000 0.000000 0.000000 0.000000 0.000000 0.000000 0.000000 0.000000 0.000000 0.000000 0.000000 0.000000 0.000000 0.000000 0.000000 0.000000 0.000000 0.000000 0.000000 0.000000 0.000000 0.000000 0.000000 0.000000 0.000000 0.000000 0.000000 
50.000000 35.658548 23.163342 13.651491 7.293071 3.536426 1.560787 0.629236 0.232657 0.079222 0.024944 0.007291 0.001986 0.000506 0.000121 0.000027 0.000006 0.000001 0.000000 0.000000 0.000000 0.000000 0.000000 0.000000 0.000000 0.000000 0.000000 0.000000 0.000000 0.000000 0.000000 0.000000 0.000000 0.000000 0.000000 0.000000 0.000000 0.000000 0.000000 0.000000 0.000000 0.000000 0.000000 0.000000 0.000000 0.000000 0.000000 0.000000 0.000000 0.000000 
50.000000 35.658548 23.163342 13.651491 7.293071 3.536426 1.560787 0.629236 0.232657 0.079222 0.024944 0.007291 0.001986 0.000506 0.000121 0.000027 0.000006 0.000001 0.000000 0.000000 0.000000 0.000000 0.000000 0.000000 0.000000 0.000000 0.000000 0.000000 0.000000 0.000000 0.000000 0.000000 0.000000 0.000000 0.000000 0.000000 0.000000 0.000000 0.000000 0.000000 0.000000 0.000000 0.000000 0.000000 0.000000 0.000000 0.000000 0.000000 0.000000 0.000000 
50.000000 35.658548 23.163342 13.651491 7.293071 3.536426 1.560787 0.629236 0.232657 0.079222 0.024944 0.007291 0.001986 0.000506 0.000121 0.000027 0.000006 0.000001 0.000000 0.000000 0.000000 0.000000 0.000000 0.000000 0.000000 0.000000 0.000000 0.000000 0.000000 0.000000 0.000000 0.000000 0.000000 0.000000 0.000000 0.000000 0.000000 0.000000 0.000000 0.000000 0.000000 0.000000 0.000000 0.000000 0.000000 0.000000 0.000000 0.000000 0.000000 0.000000 
50.000000 35.658548 23.163342 13.651491 7.293071 3.536426 1.560787 0.629236 0.232657 0.079222 0.024944 0.007291 0.001986 0.000506 0.000121 0.000027 0.000006 0.000001 0.000000 0.000000 0.000000 0.000000 0.000000 0.000000 0.000000 0.000000 0.000000 0.000000 0.000000 0.000000 0.000000 0.000000 0.000000 0.000000 0.000000 0.000000 0.000000 0.000000 0.000000 0.000000 0.000000 0.000000 0.000000 0.000000 0.000000 0.000000 0.000000 0.000000 0.000000 0.000000 
50.000000 35.658548 23.163342 13.651491 7.293071 3.536426 1.560787 0.629236 0.232657 0.079222 0.024944 0.007291 0.001986 0.000506 0.000121 0.000027 0.000006 0.000001 0.000000 0.000000 0.000000 0.000000 0.000000 0.000000 0.000000 0.000000 0.000000 0.000000 0.000000 0.000000 0.000000 0.000000 0.000000 0.000000 0.000000 0.000000 0.000000 0.000000 0.000000 0.000000 0.000000 0.000000 0.000000 0.000000 0.000000 0.000000 0.000000 0.000000 0.000000 0.000000 
50.000000 35.658548 23.163342 13.651491 7.293071 3.536426 1.560787 0.629236 0.232657 0.079222 0.024944 0.007291 0.001986 0.000506 0.000121 0.000027 0.000006 0.000001 0.000000 0.000000 0.000000 0.000000 0.000000 0.000000 0.000000 0.000000 0.000000 0.000000 0.000000 0.000000 0.000000 0.000000 0.000000 0.000000 0.000000 0.000000 0.000000 0.000000 0.000000 0.000000 0.000000 0.000000 0.000000 0.000000 0.000000 0.000000 0.000000 0.000000 0.000000 0.000000 
50.000000 35.658548 23.163342 13.651491 7.293071 3.536426 1.560787 0.629236 0.232657 0.079222 0.024944 0.007291 0.001986 0.000506 0.000121 0.000027 0.000006 0.000001 0.000000 0.000000 0.000000 0.000000 0.000000 0.000000 0.000000 0.000000 0.000000 0.000000 0.000000 0.000000 0.000000 0.000000 0.000000 0.000000 0.000000 0.000000 0.000000 0.000000 0.000000 0.000000 0.000000 0.000000 0.000000 0.000000 0.000000 0.000000 0.000000 0.000000 0.000000 0.000000 
50.000000 35.658548 23.163342 13.651491 7.293071 3.536426 1.560787 0.629236 0.232657 0.079222 0.024944 0.007291 0.001986 0.000506 0.000121 0.000027 0.000006 0.000001 0.000000 0.000000 0.000000 0.000000 0.000000 0.000000 0.000000 0.000000 0.000000 0.000000 0.000000 0.000000 0.000000 0.000000 0.000000 0.000000 0.000000 0.000000 0.000000 0.000000 0.000000 0.000000 0.000000 0.000000 0.000000 0.000000 0.000000 0.000000 0.000000 0.000000 0.000000 0.000000 
50.000000 35.658548 23.163342 13.651491 7.293071 3.536426 1.560787 0.629236 0.232657 0.079222 0.024944 0.007291 0.001986 0.000506 0.000121 0.000027 0.000006 0.000001 0.000000 0.000000 0.000000 0.000000 0.000000 0.000000 0.000000 0.000000 0.000000 0.000000 0.000000 0.000000 0.000000 0.000000 0.000000 0.000000 0.000000 0.000000 0.000000 0.000000 0.000000 0.000000 0.000000 0.000000 0.000000 0.000000 0.000000 0.000000 0.000000 0.000000 0.000000 0.000000 
50.000000 35.658548 23.163342 13.651491 7.293071 3.536426 1.560788 0.629237 0.232657 0.079222 0.024944 0.007291 0.001986 0.000506 0.000121 0.000027 0.000006 0.000001 0.000000 0.000000 0.000000 0.000000 0.000000 0.000000 0.000000 0.000000 0.000000 0.000000 0.000000 0.000000 0.000000 0.000000 0.000000 0.000000 0.000000 0.000000 0.000000 0.000000 0.000000 0.000000 0.000000 0.000000 0.000000 0.000000 0.000000 0.000000 0.000000 0.000000 0.000000 0.000000 
50.000000 35.658548 23.163343 13.651492 7.293072 3.536427 1.560789 0.629238 0.232658 0.079223 0.024945 0.007292 0.001987 0.000507 0.000122 0.000028 0.000007 0.000002 0.000001 0.000001 0.000001 0.000001 0.000001 0.000001 0.000001 0.000001 0.000001 0.000001 0.000001 0.000001 0.000001 0.000001 0.000001 0.000001 0.000001 0.000001 0.000001 0.000001 0.000001 0.000001 0.000001 0.000001 0.000001 0.000001 0.000001 0.000001 0.000001 0.000001 0.000000 0.000000 
50.000000 35.658550 23.163345 13.651495 7.293076 3.536431 1.560793 0.629242 0.232663 0.079227 0.024950 0.007297 0.001991 0.000511 0.000126 0.000033 0.000012 0.000007 0.000006 0.000006 0.000006 0.000006 0.000006 0.000006 0.000006 0.000006 0.000006 0.000006 0.000006 0.000006 0.000006 0.000006 0.000006 0.000006 0.000006 0.000006 0.000006 0.000006 0.000006 0.000006 0.000006 0.000006 0.000006 0.000006 0.000005 0.000005 0.000004 0.000003 0.000002 0.000000 
50.000000 35.658556 23.163357 13.651511 7.293094 3.536451 1.560814 0.629263 0.232684 0.079249 0.024971 0.007318 0.002013 0.000533 0.000148 0.000054 0.000033 0.000028 0.000027 0.000027 0.000027 0.000027 0.000027 0.000027 0.000027 0.000027 0.000027 0.000027 0.000027 0.000027 0.000027 0.000027 0.000027 0.000027 0.000027 0.000027 0.000027 0.000027 0.000027 0.000027 0.000027 0.000027 0.000027 0.000027 0.000026 0.000024 0.000021 0.000015 0.000008 0.000000 
50.000000 35.658583 23.163408 13.651580 7.293175 3.536538 1.560905 0.629356 0.232777 0.079342 0.025065 0.007412 0.002106 0.000626 0.000241 0.000148 0.000126 0.000122 0.000121 0.000121 0.000121 0.000121 0.000121 0.000121 0.000121 0.000121 0.000121 0.000121 0.000121 0.000121 0.000121 0.000121 0.000121 0.000121 0.000121 0.000121 0.000121 0.000121 0.000121 0.000121 0.000121 0.000120 0.000120 0.000118 0.000114 0.000106 0.000091 0.000068 0.000037 0.000000 
50.000000 35.658694 23.163616 13.651861 7.293505 3.536897 1.561278 0.629736 0.233161 0.079727 0.025449 0.007796 0.002491 0.001011 0.000626 0.000533 0.000511 0.000507 0.000506 0.000506 0.000506 0.000506 0.000506 0.000506 0.000506 0.000506 0.000506 0.000506 0.000506 0.000506 0.000506 0.000506 0.000506 0.000506 0.000506 0.000506 0.000506 0.000506 0.000506 0.000505 0.000505 0.000504 0.000501 0.000494 0.000478 0.000445 0.000384 0.000288 0.000155 0.000000 
50.000000 35.659123 23.164416 13.652943 7.294774 3.538276 1.562714 0.631198 0.234634 0.081204 0.026929 0.009276 0.003971 0.002491 0.002106 0.002013 0.001991 0.001987 0.001986 0.001986 0.001986 0.001986 0.001986 0.001986 0.001986 0.001986 0.001986 0.001986 0.001986 0.001986 0.001986 0.001986 0.001986 0.001986 0.001986 0.001986 0.001986 0.001986 0.001985 0.001985 0.001984 0.001980 0.001969 0.001942 0.001879 0.001750 0.001513 0.001135 0.000614 0.000000 
50.000000 35.660656 23.167283 13.656820 7.299322 3.543217 1.567860 0.636440 0.239916 0.086502 0.032231 0.014581 0.009276 0.007796 0.007412 0.007318 0.007297 0.007292 0.007291 0.007291 0.007291 0.007291 0.007291 0.007291 0.007291 0.007291 0.007291 0.007291 0.007291 0.007291 0.007291 0.007291 0.007291 0.007291 0.007291 0.007291 0.007291 0.007291 0.007290 0.007289 0.007285 0.007271 0.007233 0.007136 0.006910 0.006440 0.005577 0.004191 0.002270 0.000000 
50.000000 35.665753 23.176812 13.669710 7.314447 3.559653 1.584981 0.653881 0.257491 0.104129 0.049876 0.032231 0.026929 0.025449 0.025065 0.024971 0.024950 0.024945 0.024944 0.024944 0.024944 0.024944 0.024944 0.024944 0.024944 0.024944 0.024944 0.024944 0.024944 0.024944 0.024944 0.024944 0.024944 0.024944 0.024944 0.024944 0.024944 0.024944 0.024942 0.024938 0.024924 0.024880 0.024756 0.024433 0.023679 0.022101 0.019178 0.014445 0.007840 0.000000 
50.000000 35.681408 23.206084 13.709316 7.360929 3.610175 1.637612 0.707500 0.311528 0.158325 0.104129 0.086502 0.081204 0.079727 0.079342 0.079249 0.079227 0.079223 0.079222 0.079222 0.079222 0.079222 0.079222 0.079222 0.079222 0.079222 0.079222 0.079222 0.079222 0.079222 0.079222 0.079222 0.079222 0.079222 0.079222 0.079222 0.079221 0.079221 0.079217 0.079205 0.079163 0.079031 0.078655 0.077673 0.075357 0.070463 0.061303 0.046314 0.025202 0.000000 
50.000000 35.725616 23.288759 13.821197 7.492262 3.752948 1.786369 0.859061 0.464275 0.311528 0.257491 0.239916 0.234634 0.233161 0.232777 0.232684 0.232663 0.232658 0.232657 0.232657 0.232657 0.232657 0.232657 0.232657 0.232657 0.232657 0.232657 0.232657 0.232657 0.232657 0.232657 0.232657 0.232657 0.232657 0.232657 0.232657 0.232656 0.232654 0.232645 0.232611 0.232497 0.232137 0.231101 0.228372 0.221865 0.207945 0.181532 0.137710 0.075209 0.000000 
50.000000 35.839770 23.502267 14.110186 7.831562 4.121864 2.170795 1.250765 0.859061 0.707500 0.653881 0.636440 0.631198 0.629736 0.629356 0.629263 0.629242 0.629238 0.629237 0.629236 0.629236 0.629236 0.629236 0.629236 0.629236 0.629236 0.629236 0.629236 0.629236 0.629236 0.629236 0.629236 0.629236 0.629236 0.629236 0.629236 0.629235 0.629229 0.629207 0.629125 0.628845 0.627960 0.625383 0.618519 0.601930 0.565884 0.496277 0.378619 0.207868 0.000000 
50.000000 36.107670 24.003398 14.788596 8.628225 4.988204 3.073663 2.170795 1.786369 1.637612 1.584981 1.567860 1.562714 1.561278 1.560905 1.560814 1.560793 1.560789 1.560788 1.560787 1.560787 1.560787 1.560787 1.560787 1.560787 1.560787 1.560787 1.560787 1.560787 1.560787 1.560787 1.560787 1.560787 1.560787 1.560787 1.560787 1.560784 1.560772 1.560724 1.560547 1.559939 1.557997 1.552276 1.536831 1.498877 1.414746 1.248495 0.960245 0.531389 0.000000 
50.000000 36.675360 25.065435 16.226565 10.317128 6.825089 4.988204 4.121864 3.752948 3.610175 3.559653 3.543217 3.538276 3.536897 3.536538 3.536451 3.536431 3.536427 3.536426 3.536426 3.536426 3.536426 3.536426 3.536426 3.536426 3.536426 3.536426 3.536426 3.536426 3.536426 3.536426 3.536426 3.536426 3.536426 3.536425 3.536424 3.536419 3.536397 3.536307 3.535974 3.534818 3.531083 3.519934 3.489327 3.412545 3.237970 2.882270 2.243383 1.257234 0.000000 
50.000000 37.754011 27.083587 18.959474 13.527423 10.317128 8.628225 7.831562 7.492262 7.360929 7.314447 7.299322 7.294774 7.293505 7.293175 7.293094 7.293076 7.293072 7.293071 7.293071 7.293071 7.293071 7.293071 7.293071 7.293071 7.293071 7.293071 7.293071 7.293071 7.293071 7.293071 7.293071 7.293071 7.293071 7.293070 7.293069 7.293060 7.293025 7.292882 7.292346 7.290465 7.284318 7.265678 7.213478 7.079158 6.763712 6.094170 4.829898 2.765127 0.000000 
50.000000 39.578555 30.497598 23.583163 18.959474 16.226565 14.788596 14.110186 13.821197 13.709316 13.669710 13.656820 13.652943 13.651861 13.651580 13.651511 13.651495 13.651492 13.651491 13.651491 13.651491 13.651491 13.651491 13.651491 13.651491 13.651491 13.651491 13.651491 13.651491 13.651491 13.651491 13.651491 13.651491 13.651491 13.651490 13.651488 13.651477 13.651431 13.651243 13.650533 13.648013 13.639665 13.613909 13.540101 13.344296 12.865304 11.791582 9.612770 5.719267 0.000000 
50.000000 42.306596 35.602546 30.497598 27.083587 25.065435 24.003398 23.502267 23.288759 23.206084 23.176812 23.167283 23.164416 23.163616 23.163408 23.163357 23.163345 23.163343 23.163342 23.163342 23.163342 23.163342 23.163342 23.163342 23.163342 23.163342 23.163342 23.163342 23.163342 23.163342 23.163342 23.163342 23.163342 23.163342 23.163342 23.163339 23.163328 23.163282 23.163092 23.162367 23.159769 23.151048 23.123647 23.043153 22.822052 22.253689 20.884827 17.801273 11.402668 0.000000 
50.000000 45.889010 42.306596 39.578555 37.754011 36.675360 36.107670 35.839770 35.725616 35.681408 35.665753 35.660656 35.659123 35.658694 35.658583 35.658556 35.658550 35.658548 35.658548 35.658548 35.658548 35.658548 35.658548 35.658548 35.658548 35.658548 35.658548 35.658548 35.658548 35.658548 35.658548 35.658548 35.658548 35.658548 35.658548 35.658546 35.658539 35.658509 35.658386 35.657913 35.656205 35.650407 35.631902 35.576280 35.418125 34.988884 33.859288 30.903928 22.944505 0.000000 
50.000000 50.000000 50.000000 50.000000 50.000000 50.000000 50.000000 50.000000 50.000000 50.000000 50.000000 50.000000 50.000000 50.000000 50.000000 50.000000 50.000000 50.000000 50.000000 50.000000 50.000000 50.000000 50.000000 50.000000 50.000000 50.000000 50.000000 50.000000 50.000000 50.000000 50.000000 50.000000 50.000000 50.000000 50.000000 50.000000 50.000000 50.000000 50.000000 50.000000 50.000000 50.000000 50.000000 50.000000 50.000000 50.000000 50.000000 50.000000 50.000000 50.000000 
