50.000000 50.000000 50.000000 50.000000 50.000000 50.000000 50.000000 50.000000 50.000000 50.000000 50.000000 50.000000 50.000000 50.000000 50.000000 50.000000 50.000000 50.000000 50.000000 50.000000 50.000000 50.000000 50.000000 50.000000 50.000000 50.000000 50.000000 50.000000 50.000000 50.000000 50.000000 50.000000 50.000000 50.000000 50.000000 50.000000 50.000000 50.000000 50.000000 50.000000 50.000000 50.000000 50.000000 50.000000 50.000000 50.000000 50.000000 50.000000 50.000000 50.000000 
50.000000 42.823258 37.245491 33.815768 32.105815 31.397645 31.148789 31.073243 31.053133 31.048380 31.047372 31.047179 31.047145 31.047139 31.047139 31.047138 31.047138 31.047138 31.047138 31.047138 31.047138 31.047138 31.047138 31.047138 31.047138 31.047138 31.047138 31.047138 31.047138 31.047138 31.047138 31.047138 31.047138 31.047138 31.047138 31.047138 31.047138 31.047138 31.047136 31.047123 31.047044 31.046607 31.044382 31.033995 30.989651 30.816425 30.193897 28.107365 21.411629 0.000000 
50.000000 37.245491 27.334094 21.241219 18.204527 16.947394 16.505821 16.371835 16.336186 16.327764 16.325979 16.325637 16.325577 16.325567 16.325566 16.325566 16.325566 16.325566 16.325566 16.325566 16.325566 16.325566 16.325566 16.325566 16.325566 16.325566 16.325566 16.325566 16.325566 16.325566 16.325566 16.325566 16.325566 16.325566 16.325566 16.325566 16.325566 16.325565 16.325563 16.325547 16.325450 16.324922 16.322274 16.310189 16.260286 16.075049 15.461482 13.667047 9.138126 0.000000 
50.000000 33.815768 21.241219 13.513471 9.663441 8.070319 7.511007 7.341387 7.296282 7.285633 7.283377 7.282944 7.282869 7.282857 7.282855 7.282855 7.282855 7.282855 7.282855 7.282855 7.282855 7.282855 7.282855 7.282855 7.282855 7.282855 7.282855 7.282855 7.282855 7.282855 7.282855 7.282855 7.282855 7.282855 7.282855 7.282855 7.282855 7.282854 7.282852 7.282841 7.282772 7.282401 7.280564 7.272356 7.239433 7.122203 6.756735 5.779737 3.621871 0.000000 
50.000000 32.105815 18.204527 9.663441 5.409519 3.649908 3.032392 2.845200 2.795444 2.783703 2.781217 2.780741 2.780657 2.780644 2.780642 2.780642 2.780642 2.780642 2.780642 2.780642 2.780642 2.780642 2.780642 2.780642 2.780642 2.780642 2.780642 2.780642 2.780642 2.780642 2.780642 2.780642 2.780642 2.780642 2.780642 2.780642 2.780642 2.780641 2.780641 2.780635 2.780599 2.780410 2.779488 2.775435 2.759551 2.704760 2.541238 2.129479 1.289390 0.000000 
50.000000 31.397645 16.947394 8.070319 3.649908 1.821839 1.180457 0.986081 0.934430 0.922245 0.919665 0.919171 0.919085 0.919071 0.919069 0.919069 0.919069 0.919069 0.919069 0.919069 0.919069 0.919069 0.919069 0.919069 0.919069 0.919069 0.919069 0.919069 0.919069 0.919069 0.919069 0.919069 0.919069 0.919069 0.919069 0.919069 0.919069 0.919069 0.919068 0.919066 0.919052 0.918976 0.918610 0.917024 0.910920 0.890357 0.830886 0.687108 0.407995 0.000000 
50.000000 31.148789 16.505821 7.511007 3.032392 1.180457 0.530779 0.333914 0.281609 0.269271 0.266660 0.266160 0.266072 0.266058 0.266056 0.266056 0.266056 0.266056 0.266056 0.266056 0.266056 0.266056 0.266056 0.266056 0.266056 0.266056 0.266056 0.266056 0.266056 0.266056 0.266056 0.266056 0.266056 0.266056 0.266056 0.266056 0.266056 0.266056 0.266056 0.266055 0.266050 0.266025 0.265905 0.265389 0.263433 0.256957 0.238652 0.195632 0.114794 0.000000 
50.000000 31.073243 16.371835 7.341387 2.845200 0.986081 0.333914 0.136305 0.083805 0.071422 0.068801 0.068299 0.068211 0.068197 0.068195 0.068195 0.068195 0.068195 0.068195 0.068195 0.068195 0.068195 0.068195 0.068195 0.068195 0.068195 0.068195 0.068195 0.068195 0.068195 0.068195 0.068195 0.068195 0.068195 0.068195 0.068195 0.068195 0.068195 0.068195 0.068195 0.068193 0.068186 0.068152 0.068009 0.067471 0.065712 0.060822 0.049560 0.028861 0.000000 
50.000000 31.053133 16.336186 7.296282 2.795444 0.934430 0.281609 0.083805 0.031254 0.018859 0.016236 0.015733 0.015646 0.015632 0.015630 0.015629 0.015629 0.015629 0.015629 0.015629 0.015629 0.015629 0.015629 0.015629 0.015629 0.015629 0.015629 0.015629 0.015629 0.015629 0.015629 0.015629 0.015629 0.015629 0.015629 0.015629 0.015629 0.015629 0.015629 0.015629 0.015629 0.015627 0.015619 0.015584 0.015454 0.015034 0.013881 0.011264 0.006526 0.000000 
50.000000 31.048380 16.327764 7.285633 2.783703 0.922245 0.269271 0.071422 0.018859 0.006461 0.003837 0.003335 0.003247 0.003233 0.003231 0.003231 0.003231 0.003231 0.003231 0.003231 0.003231 0.003231 0.003231 0.003231 0.003231 0.003231 0.003231 0.003231 0.003231 0.003231 0.003231 0.003231 0.003231 0.003231 0.003231 0.003231 0.003231 0.003231 0.003231 0.003231 0.003231 0.003230 0.003228 0.003221 0.003193 0.003104 0.002860 0.002314 0.001336 0.000000 
50.000000 31.047372 16.325979 7.283377 2.781217 0.919665 0.266660 0.068801 0.016236 0.003837 0.001214 0.000711 0.000623 0.000609 0.000607 0.000607 0.000607 0.000607 0.000607 0.000607 0.000607 0.000607 0.000607 0.000607 0.000607 0.000607 0.000607 0.000607 0.000607 0.000607 0.000607 0.000607 0.000607 0.000607 0.000607 0.000607 0.000607 0.000607 0.000607 0.000607 0.000607 0.000607 0.000606 0.000605 0.000600 0.000582 0.000536 0.000433 0.000249 0.000000 
50.000000 31.047179 16.325637 7.282944 2.780741 0.919171 0.266160 0.068299 0.015733 0.003335 0.000711 0.000209 0.000121 0.000107 0.000105 0.000104 0.000104 0.000104 0.000104 0.000104 0.000104 0.000104 0.000104 0.000104 0.000104 0.000104 0.000104 0.000104 0.000104 0.000104 0.000104 0.000104 0.000104 0.000104 0.000104 0.000104 0.000104 0.000104 0.000104 0.000104 0.000104 0.000104 0.000104 0.000104 0.000103 0.000100 0.000092 0.000074 0.000043 0.000000 
50.000000 31.047145 16.325577 7.282869 2.780657 0.919085 0.266072 0.068211 0.015646 0.003247 0.000623 0.000121 0.000033 0.000019 0.000017 0.000017 0.000016 0.000016 0.000016 0.000016 0.000016 0.000016 0.000016 0.000016 0.000016 0.000016 0.000016 0.000016 0.000016 0.000016 0.000016 0.000016 0.000016 0.000016 0.000016 0.000016 0.000016 0.000016 0.000016 0.000016 0.000016 0.000016 0.000016 0.000016 0.000016 0.000016 0.000015 0.000012 0.000007 0.000000 
50.000000 31.047139 16.325567 7.282857 2.780644 0.919071 0.266058 0.068197 0.015632 0.003233 0.000609 0.000107 0.000019 0.000005 0.000003 0.000002 0.000002 0.000002 0.000002 0.000002 0.000002 0.000002 0.000002 0.000002 0.000002 0.000002 0.000002 0.000002 0.000002 0.000002 0.000002 0.000002 0.000002 0.000002 0.000002 0.000002 0.000002 0.000002 0.000002 0.000002 0.000002 0.000002 0.000002 0.000002 0.000002 0.000002 0.000002 0.000002 0.000001 0.000000 
50.000000 31.047139 16.325566 7.282855 2.780642 0.919069 0.266056 0.068195 0.015630 0.003231 0.000607 0.000105 0.000017 0.000003 0.000001 0.000000 0.000000 0.000000 0.000000 0.000000 0.000000 0.000000 0.000000 0.000000 0.000000 0.000000 0.000000 0.000000 0.000000 0.000000 0.000000 0.000000 0.000000 0.000000 0.000000 0.000000 0.000000 0.000000 0.000000 0.000000 0.000000 0.000000 0.000000 0.000000 0.000000 0.000000 0.000000 0.000000 0.000000 0.000000 
50.000000 31.047138 16.325566 7.282855 2.780642 0.919069 0.266056 0.068195 0.015629 0.003231 0.000607 0.000104 0.000017 0.000002 0.000000 0.000000 0.000000 0.000000 0.000000 0.000000 0.000000 0.000000 0.000000 0.000000 0.000000 0.000000 0.000000 0.000000 0.000000 0.000000 0.000000 0.000000 0.000000 0.000000 0.000000 0.000000 0.000000 0.000000 0.000000 0.000000 0.000000 0.000000 0.000000 0.000000 0.000000 0.000000 0.000000 0.000000 0.000000 0.000000 
50.000000 31.047138 16.325566 7.282855 2.780642 0.919069 0.266056 0.068195 0.015629 0.003231 0.000607 0.000104 0.000016 0.000002 0.000000 0.000000 0.000000 0.000000 0.000000 0.000000 0.000000 0.000000 0.000000 0.000000 0.000000 0.000000 0.000000 0.000000 0.000000 0.000000 0.000000 0.000000 0.000000 0.000000 0.000000 0.000000 0.000000 0.000000 0.000000 0.000000 0.000000 0.000000 0.000000 0.000000 0.000000 0.000000 0.000000 0.000000 0.000000 0.000000 
50.000000 31.047138 16.325566 7.282855 2.780642 0.919069 0.266056 0.068195 0.015629 0.003231 0.000607 0.000104 0.000016 0.000002 0.000000 0.000000 0.000000 0.000000 0.000000 0.000000 0.000000 0.000000 0.000000 0.000000 0.000000 0.000000 0.000000 0.000000 0.000000 0.000000 0.000000 0.000000 0.000000 0.000000 0.000000 0.000000 0.000000 0.000000 0.000000 0.000000 0.000000 0.000000 0.000000 0.000000 0.000000 0.000000 0.000000 0.000000 0.000000 0.000000 
50.000000 31.047138 16.325566 7.282855 2.780642 0.919069 0.266056 0.068195 0.015629 0.003231 0.000607 0.000104 0.000016 0.000002 0.000000 0.000000 0.000000 0.000000 0.000000 0.000000 0.000000 0.000000 0.000000 0.000000 0.000000 0.000000 0.000000 0.000000 0.000000 0.000000 0.000000 0.000000 0.000000 0.000000 0.000000 0.000000 0.000000 0.000000 0.000000 0.000000 0.000000 0.000000 0.000000 0.000000 0.000000 0.000000 0.000000 0.000000 0.000000 0.000000 
50.000000 31.047138 16.325566 7.282855 2.780642 0.919069 0.266056 0.068195 0.015629 0.003231 0.000607 0.000104 0.000016 0.000002 0.000000 0.000000 0.000000 0.000000 0.000000 0.000000 0.000000 0.000000 0.000000 0.000000 0.000000 0.000000 0.000000 0.000000 0.000000 0.000000 0.000000 0.000000 0.000000 0.000000 0.000000 0.000000 0.000000 0.000000 0.000000 0.000000 0.000000 0.000000 0.000000 0.000000 0.000000 0.000000 0.000000 0.000000 0.000000 0.000000 
50.000000 31.047138 16.325566 7.282855 2.780642 0.919069 0.266056 0.068195 0.015629 0.003231 0.000607 0.000104 0.000016 0.000002 0.000000 0.000000 0.000000 0.000000 0.000000 0.000000 0.000000 0.000000 0.000000 0.000000 0.000000 0.000000 0.000000 0.000000 0.000000 0.000000 0.000000 0.000000 0.000000 0.000000 0.000000 0.000000 0.000000 0.000000 0.000000 0.000000 0.000000 0.000000 0.000000 0.000000 0.000000 0.000000 0.000000 0.000000 0.000000 0.000000 
50.000000 31.047138 16.325566 7.282855 2.780642 0.919069 0.266056 0.068195 0.015629 0.003231 0.000607 0.000104 0.000016 0.000002 0.000000 0.000000 0.000000 0.000000 0.000000 0.000000 0.000000 0.000000 0.000000 0.000000 0.000000 0.000000 0.000000 0.000000 0.000000 0.000000 0.000000 0.000000 0.000000 0.000000 0.000000 0.000000 0.000000 0.000000 0.000000 0.000000 0.000000 0.000000 0.000000 0.000000 0.000000 0.000000 0.000000 0.000000 0.000000 0.000000 
50.000000 31.047138 16.325566 7.282855 2.780642 0.919069 0.266056 0.068195 0.015629 0.003231 0.000607 0.000104 0.000016 0.000002 0.000000 0.000000 0.000000 0.000000 0.000000 0.000000 0.000000 0.000000 0.000000 0.000000 0.000000 0.000000 0.000000 0.000000 0.000000 0.000000 0.000000 0.000000 0.000000 0.000000 0.000000 0.000000 0.000000 0.000000 0.000000 0.000000 0.000000 0.000000 0.000000 0.000000 0.000000 0.000000 0.000000 0.000000 0.000000 0.000000 
50.000000 31.047138 16.325566 7.282855 2.780642 0.919069 0.266056 0.068195 0.015629 0.003231 0.000607 0.000104 0.000016 0.000002 0.000000 0.000000 0.000000 0.000000 0.000000 0.000000 0.000000 0.000000 0.000000 0.000000 0.000000 0.000000 0.000000 0.000000 0.000000 0.000000 0.000000 0.000000 0.000000 0.000000 0.000000 0.000000 0.000000 0.000000 0.000000 0.000000 0.000000 0.000000 0.000000 0.000000 0.000000 0.000000 0.000000 0.000000 0.000000 0.000000 
50.000000 31.047138 16.325566 7.282855 2.780642 0.919069 0.266056 0.068195 0.015629 0.003231 0.000607 0.000104 0.000016 0.000002 0.000000 0.000000 0.000000 0.000000 0.000000 0.000000 0.000000 0.000000 0.000000 0.000000 0.000000 0.000000 0.000000 0.000000 0.000000 0.000000 0.000000 0.000000 0.000000 0.000000 0.000000 0.000000 0.000000 0.000000 0.000000 0.000000 0.000000 0.000000 0.000000 0.000000 0.000000 0.000000 0.000000 0.000000 0.000000 0.000000 
50.000000 31.047138 16.325566 7.282855 2.780642 0.919069 0.266056 0.068195 0.015629 0.003231 0.000607 0.000104 0.000016 0.000002 0.000000 0.000000 0.000000 0.000000 0.000000 0.000000 0.000000 0.000000 0.000000 0.000000 0.000000 0.000000 0.000000 0.000000 0.000000 0.000000 0.000000 0.000000 0.000000 0.000000 0.000000 0.000000 0.000000 0.000000 0.000000 0.000000 0.000000 0.000000 0.000000 0.000000 0.000000 0.000000 0.000000 0.000000 0.000000 0.000000 
50.000000 31.047138 16.325566 7.282855 2.780642 0.919069 0.266056 0.068195 0.015629 0.003231 0.000607 0.000104 0.000016 0.000002 0.000000 0.000000 0.000000 0.000000 0.000000 0.000000 0.000000 0.000000 0.000000 0.000000 0.000000 0.000000 0.000000 0.000000 0.000000 0.000000 0.000000 0.000000 0.000000 0.000000 0.000000 0.000000 0.000000 0.000000 0.000000 0.000000 0.000000 0.000000 0.000000 0.000000 0.000000 0.000000 0.000000 0.000000 0.000000 0.000000 
50.000000 31.047138 16.325566 7.282855 2.780642 0.919069 0.266056 0.068195 0.015629 0.003231 0.000607 0.000104 0.000016 0.000002 0.000000 0.000000 0.000000 0.000000 0.000000 0.000000 0.000000 0.000000 0.000000 0.000000 0.000000 0.000000 0.000000 0.000000 0.000000 0.000000 0.000000 0.000000 0.000000 0.000000 0.000000 0.000000 0.000000 0.000000 0.000000 0.000000 0.000000 0.000000 0.000000 0.000000 0.000000 0.000000 0.000000 0.000000 0.000000 0.000000 
50.000000 31.047138 16.325566 7.282855 2.780642 0.919069 0.266056 0.068195 0.015629 0.003231 0.000607 0.000104 0.000016 0.000002 0.000000 0.000000 0.000000 0.000000 0.000000 0.000000 0.000000 0.000000 0.000000 0.000000 0.000000 0.000000 0.000000 0.000000 0.000000 0.000000 0.000000 0.000000 0.000000 0.000000 0.000000 0.000000 0.000000 0.000000 0.000000 0.000000 0.000000 0.000000 0.000000 0.000000 0.000000 0.000000 0.000000 0.000000 0.000000 0.000000 
50.000000 31.047138 16.325566 7.282855 2.780642 0.919069 0.266056 0.068195 0.015629 0.003231 0.000607 0.000104 0.000016 0.000002 0.000000 0.000000 0.000000 0.000000 0.000000 0.000000 0.000000 0.000000 0.000000 0.000000 0.000000 0.000000 0.000000 0.000000 0.000000 0.000000 0.000000 0.000000 0.000000 0.000000 0.000000 0.000000 0.000000 0.000000 0.000000 0.000000 0.000000 0.000000 0.000000 0.000000 0.000000 0.000000 0.000000 0.000000 0.000000 0.000000 
50.000000 31.047138 16.325566 7.282855 2.780642 0.919069 0.266056 0.068195 0.015629 0.003231 0.000607 0.000104 0.000016 0.000002 0.000000 0.000000 0.000000 0.000000 0.000000 0.000000 0.000000 0.000000 0.000000 0.000000 0.000000 0.000000 0.000000 0.000000 0.000000 0.000000 0.000000 0.000000 0.000000 0.000000 0.000000 0.000000 0.000000 0.000000 0.000000 0.000000 0.000000 0.000000 0.000000 0.000000 0.000000 0.000000 0.000000 0.000000 0.000000 0.000000 
50.000000 31.047138 16.325566 7.282855 2.780642 0.919069 0.266056 0.068195 0.015629 0.003231 0.000607 0.000104 0.000016 0.000002 0.000000 0.000000 0.000000 0.000000 0.000000 0.000000 0.000000 0.000000 0.000000 0.000000 0.000000 0.000000 0.000000 0.000000 0.000000 0.000000 0.000000 0.000000 0.000000 0.000000 0.000000 0.000000 0.000000 0.000000 0.000000 0.000000 0.000000 0.000000 0.000000 0.000000 0.000000 0.000000 0.000000 0.000000 0.000000 0.000000 
50.000000 31.047138 16.325566 7.282855 2.780642 0.919069 0.266056 0.068195 0.015629 0.003231 0.000607 0.000104 0.000016 0.000002 0.000000 0.000000 0.000000 0.000000 0.000000 0.000000 0.000000 0.000000 0.000000 0.000000 0.000000 0.000000 0.000000 0.000000 0.000000 0.000000 0.000000 0.000000 0.000000 0.000000 0.000000 0.000000 0.000000 0.000000 0.000000 0.000000 0.000000 0.000000 0.000000 0.000000 0.000000 0.000000 0.000000 0.000000 0.000000 0.000000 
50.000000 31.047138 16.325566 7.282855 2.780642 0.919069 0.266056 0.068195 0.015629 0.003231 0.000607 0.000104 0.000016 0.000002 0.000000 0.000000 0.000000 0.000000 0.000000 0.000000 0.000000 0.000000 0.000000 0.000000 0.000000 0.000000 0.000000 0.000000 0.000000 0.000000 0.000000 0.000000 0.000000 0.000000 0.000000 0.000000 0.000000 0.000000 0.000000 0.000000 0.000000 0.000000 0.000000 0.000000 0.000000 0.000000 0.000000 0.000000 0.000000 0.000000 
50.000000 31.047138 16.325566 7.282855 2.780642 0.919069 0.266056 0.068195 0.015629 0.003231 0.000607 0.000104 0.000017 0.000002 0.000000 0.000000 0.000000 0.000000 0.000000 0.000000 0.000000 0.000000 0.000000 0.000000 0.000000 0.000000 0.000000 0.000000 0.000000 0.000000 0.000000 0.000000 0.000000 0.000000 0.000000 0.000000 0.000000 0.000000 0.000000 0.000000 0.000000 0.000000 0.000000 0.000000 0.000000 0.000000 0.000000 0.000000 0.000000 0.000000 
50.000000 31.047139 16.325566 7.282855 2.780642 0.919069 0.266056 0.068195 0.015630 0.003231 0.000607 0.000105 0.000017 0.000003 0.000001 0.000000 0.000000 0.000000 0.000000 0.000000 0.000000 0.000000 0.000000 0.000000 0.000000 0.000000 0.000000 0.000000 0.000000 0.000000 0.000000 0.000000 0.000000 0.000000 0.000000 0.000000 0.000000 0.000000 0.000000 0.000000 0.000000 0.000000 0.000000 0.000000 0.000000 0.000000 0.000000 0.000000 0.000000 0.000000 
50.000000 31.047139 16.325567 7.282857 2.780644 0.919071 0.266058 0.068197 0.015632 0.003233 0.000609 0.000107 0.000019 0.000005 0.000003 0.000002 0.000002 0.000002 0.000002 0.000002 0.000002 0.000002 0.000002 0.000002 0.000002 0.000002 0.000002 0.000002 0.000002 0.000002 0.000002 0.000002 0.000002 0.000002 0.000002 0.000002 0.000002 0.000002 0.000002 0.000002 0.000002 0.000002 0.000002 0.000002 0.000002 0.000002 0.000002 0.000002 0.000001 0.000000 
50.000000 31.047145 16.325577 7.282869 2.780657 0.919085 0.266072 0.068211 0.015646 0.003247 0.000623 0.000121 0.000033 0.000019 0.000017 0.000017 0.000016 0.000016 0.000016 0.000016 0.000016 0.000016 0.000016 0.000016 0.000016 0.000016 0.000016 0.000016 0.000016 0.000016 0.000016 0.000016 0.000016 0.000016 0.000016 0.000016 0.000016 0.000016 0.000016 0.000016 0.000016 0.000016 0.000016 0.000016 0.000016 0.000016 0.000015 0.000012 0.000007 0.000000 
50.000000 31.047179 16.325637 7.282944 2.780741 0.919171 0.266160 0.068299 0.015733 0.003335 0.000711 0.000209 0.000121 0.000107 0.000105 0.000104 0.000104 0.000104 0.000104 0.000104 0.000104 0.000104 0.000104 0.000104 0.000104 0.000104 0.000104 0.000104 0.000104 0.000104 0.000104 0.000104 0.000104 0.000104 0.000104 0.000104 0.000104 0.000104 0.000104 0.000104 0.000104 0.000104 0.000104 0.000104 0.000103 0.000100 0.000092 0.000074 0.000043 0.000000 
50.000000 31.047372 16.325979 7.283377 2.781217 0.919665 0.266660 0.068801 0.016236 0.003837 0.001214 0.000711 0.000623 0.000609 0.000607 0.000607 0.000607 0.000607 0.000607 0.000607 0.000607 0.000607 0.000607 0.000607 0.000607 0.000607 0.000607 0.000607 0.000607 0.000607 0.000607 0.000607 0.000607 0.000607 0.000607 0.000607 0.000607 0.000607 0.000607 0.000607 0.000607 0.000607 0.000606 0.000605 0.000600 0.000582 0.000536 0.000433 0.000249 0.000000 
50.000000 31.048380 16.327764 7.285633 2.783703 0.922245 0.269271 0.071422 0.018859 0.006461 0.003837 0.003335 0.003247 0.003233 0.003231 0.003231 0.003231 0.003231 0.003231 0.003231 0.003231 0.003231 0.003231 0.003231 0.003231 0.003231 0.003231 0.003231 0.003231 0.003231 0.003231 0.003231 0.003231 0.003231 0.003231 0.003231 0.003231 0.003231 0.003231 0.003231 0.003231 0.003230 0.003228 0.003221 0.003193 0.003104 0.002860 0.002314 0.001336 0.000000 
50.000000 31.053133 16.336186 7.296282 2.795444 0.934430 0.281609 0.083805 0.031254 0.018859 0.016236 0.015733 0.015646 0.015632 0.015630 0.015629 0.015629 0.015629 0.015629 0.015629 0.015629 0.015629 0.015629 0.015629 0.015629 0.015629 0.015629 0.015629 0.015629 0.015629 0.015629 0.015629 0.015629 0.015629 0.015629 0.015629 0.015629 0.015629 0.015629 0.015629 0.015629 0.015627 0.015619 0.015584 0.015454 0.015034 0.013881 0.011264 0.006526 0.000000 
50.000000 31.073243 16.371835 7.341387 2.845200 0.986081 0.333914 0.136305 0.083805 0.071422 0.068801 0.068299 0.068211 0.068197 0.068195 0.068195 0.068195 0.068195 0.068195 0.068195 0.068195 0.068195 0.068195 0.068195 0.068195 0.068195 0.068195 0.068195 0.068195 0.068195 0.068195 0.068195 0.068195 0.068195 0.068195 0.068195 0.068195 0.068195 0.068195 0.068195 0.068193 0.068186 0.068152 0.068009 0.067471 0.065712 0.060822 0.049560 0.028861 0.000000 
50.000000 31.148789 16.505821 7.511007 3.032392 1.180457 0.530779 0.333914 0.281609 0.269271 0.266660 0.266160 0.266072 0.266058 0.266056 0.266056 0.266056 0.266056 0.266056 0.266056 0.266056 0.266056 0.266056 0.266056 0.266056 0.266056 0.266056 0.266056 0.266056 0.266056 0.266056 0.266056 0.266056 0.266056 0.266056 0.266056 0.266056 0.266056 0.266056 0.266055 0.266050 0.266025 0.265905 0.265389 0.263433 0.256957 0.238652 0.195632 0.114794 0.000000 
50.000000 31.397645 16.947394 8.070319 3.649908 1.821839 1.180457 0.986081 0.934430 0.922245 0.919665 0.919171 0.919085 0.919071 0.919069 0.919069 0.919069 0.919069 0.919069 0.919069 0.919069 0.919069 0.919069 0.919069 0.919069 0.919069 0.919069 0.919069 0.919069 0.919069 0.919069 0.919069 0.919069 0.919069 0.919069 0.919069 0.919069 0.919069 0.919068 0.919066 0.919052 0.918976 0.918610 0.917024 0.910920 0.890357 0.830886 0.687108 0.407995 0.000000 
50.000000 32.105815 18.204527 9.663441 5.409519 3.649908 3.032392 2.845200 2.795444 2.783703 2.781217 2.780741 2.780657 2.780644 2.780642 2.780642 2.780642 2.780642 2.780642 2.780642 2.780642 2.780642 2.780642 2.780642 2.780642 2.780642 2.780642 2.780642 2.780642 2.780642 2.780642 2.780642 2.780642 2.780642 2.780642 2.780642 2.780642 2.780641 2.780641 2.780635 2.780599 2.780410 2.779488 2.775435 2.759551 2.704760 2.541238 2.129479 1.289390 0.000000 
50.000000 33.815768 21.241219 13.513471 9.663441 8.070319 7.511007 7.341387 7.296282 7.285633 7.283377 7.282944 7.282869 7.282857 7.282855 7.282855 7.282855 7.282855 7.282855 7.282855 7.282855 7.282855 7.282855 7.282855 7.282855 7.282855 7.282855 7.282855 7.282855 7.282855 7.282855 7.282855 7.282855 7.282855 7.282855 7.282855 7.282855 7.282854 7.282852 7.282841 7.282772 7.282401 7.280564 7.272356 7.239433 7.122203 6.756735 5.779737 3.621871 0.000000 
50.000000 37.245491 27.334094 21.241219 18.204527 16.947394 16.505821 16.371835 16.336186 16.327764 16.325979 16.325637 16.325577 16.325567 16.325566 16.325566 16.325566 16.325566 16.325566 16.325566 16.325566 16.325566 16.325566 16.325566 16.325566 16.325566 16.325566 16.325566 16.325566 16.325566 16.325566 16.325566 16.325566 16.325566 16.325566 16.325566 16.325566 16.325565 16.325563 16.325547 16.325450 16.324922 16.322274 16.310189 16.260286 16.075049 15.461482 13.667047 9.138126 0.000000 
50.000000 42.823258 37.245491 33.815768 32.105815 31.397645 31.148789 31.073243 31.053133 31.048380 31.047372 31.047179 31.047145 31.047139 31.047139 31.047138 31.047138 31.047138 31.047138 31.047138 31.047138 31.047138 31.047138 31.047138 31.047138 31.047138 31.047138 31.047138 31.047138 31.047138 31.047138 31.047138 31.047138 31.047138 31.047138 31.047138 31.047138 31.047138 31.047136 31.047123 31.047044 31.046607 31.044382 31.033995 30.989651 30.816425 30.193897 28.107365 21.411629 0.000000 
50.000000 50.000000 50.000000 50.000000 50.000000 50.000000 50.000000 50.000000 50.000000 50.000000 50.000000 50.000000 50.000000 50.000000 50.000000 50.000000 50.000000 50.000000 50.000000 50.000000 50.000000 50.000000 50.000000 50.000000 50.000000 50.000000 50.000000 50.000000 50.000000 50.000000 50.000000 50.000000 50.000000 50.000000 50.000000 50.000000 50.000000 50.000000 50.000000 50.000000 50.000000 50.000000 50.000000 50.000000 50.000000 50.000000 50.000000 50.000000 50.000000 50.000000 
