50.000000 50.000000 50.000000 50.000000 50.000000 50.000000 50.000000 50.000000 50.000000 50.000000 50.000000 50.000000 50.000000 50.000000 50.000000 50.000000 50.000000 50.000000 50.000000 50.000000 50.000000 50.000000 50.000000 50.000000 50.000000 50.000000 50.000000 50.000000 50.000000 50.000000 50.000000 50.000000 50.000000 50.000000 50.000000 50.000000 50.000000 50.000000 50.000000 50.000000 50.000000 50.000000 50.000000 50.000000 50.000000 50.000000 50.000000 50.000000 50.000000 50.000000 
50.000000 48.947841 47.930434 46.979090 46.118807 45.366398 44.729840 44.208802 43.796095 43.479682 43.244813 43.075970 42.958383 42.879024 42.827100 42.794155 42.773874 42.761757 42.754729 42.750769 42.748600 42.747446 42.746849 42.746547 42.746398 42.746323 42.746281 42.746246 42.746196 42.746102 42.745913 42.745533 42.744786 42.743348 42.740640 42.735647 42.726627 42.710641 42.682813 42.635128 42.554480 42.419356 42.193889 41.816439 41.175588 40.054432 37.986487 33.839166 24.473920 0.000000 
50.000000 47.930434 45.929225 44.057962 42.365814 40.885854 39.633770 38.608910 37.797137 37.174769 36.712796 36.380694 36.149410 35.993316 35.891188 35.826387 35.786498 35.762666 35.748842 35.741053 35.736788 35.734518 35.733342 35.732749 35.732456 35.732310 35.732228 35.732161 35.732066 35.731888 35.731531 35.730817 35.729413 35.726716 35.721644 35.712310 35.695488 35.665768 35.614236 35.526388 35.378844 35.134000 34.731068 34.070369 32.984537 31.183853 28.152132 22.964612 14.091268 0.000000 
50.000000 46.979090 44.057962 41.326517 38.856528 36.696268 34.868639 33.372687 32.187776 31.279337 30.605020 30.120272 29.782684 29.554847 29.405780 29.311197 29.252975 29.218191 29.198014 29.186645 29.180421 29.177107 29.175392 29.174526 29.174098 29.173886 29.173768 29.173674 29.173544 29.173302 29.172817 29.171849 29.169952 29.166312 29.159487 29.146965 29.124484 29.084956 29.016828 28.901587 28.709987 28.396329 27.889684 27.080373 25.799296 23.788017 20.663259 15.905830 8.992603 0.000000 
50.000000 46.118807 42.365814 38.856528 35.683160 32.907731 30.559666 28.637734 27.115422 25.948313 25.081998 24.459232 24.025529 23.732826 23.541323 23.419814 23.345018 23.300333 23.274413 23.259808 23.251812 23.247556 23.245353 23.244241 23.243692 23.243420 23.243272 23.243157 23.243004 23.242721 23.242159 23.241039 23.238849 23.234661 23.226833 23.212529 23.186975 23.142315 23.065916 22.937896 22.727599 22.388652 21.852235 21.018299 19.745306 17.841580 15.068511 11.181962 6.064375 0.000000 
50.000000 45.366398 40.885854 36.696268 32.907731 29.594288 26.791066 24.496593 22.679213 21.285895 20.251678 19.508221 18.990471 18.641050 18.412440 18.267389 18.178103 18.124761 18.093820 18.076387 18.066843 18.061763 18.059132 18.057806 18.057151 18.056829 18.056656 18.056527 18.056362 18.056065 18.055477 18.054309 18.052032 18.047692 18.039612 18.024918 17.998817 17.953511 17.876653 17.749186 17.542464 17.214592 16.706115 15.935657 14.797144 13.162425 10.896972 7.901317 4.190811 0.000000 
50.000000 44.729840 39.633770 34.868639 30.559666 26.791066 23.602790 20.993163 18.926173 17.341501 16.165259 15.319713 14.730875 14.333482 14.073489 13.908529 13.806989 13.746327 13.711141 13.691316 13.680463 13.674686 13.671695 13.670187 13.669443 13.669079 13.668887 13.668751 13.668586 13.668297 13.667727 13.666602 13.664416 13.660264 13.652570 13.638649 13.614071 13.571720 13.500502 13.383630 13.196504 12.904305 12.459687 11.801395 10.855408 9.541366 7.788266 5.563401 2.913401 0.000000 
50.000000 44.208802 38.608910 33.372687 28.637734 24.496593 20.993163 18.125598 15.854321 14.113046 12.820575 11.891489 11.244479 10.807833 10.522163 10.340914 10.229348 10.162699 10.124040 10.102259 10.090335 10.083988 10.080702 10.079046 10.078230 10.077832 10.077626 10.077488 10.077333 10.077067 10.076551 10.075535 10.073570 10.069854 10.062998 10.050661 10.029017 9.991998 9.930289 9.830065 9.671556 9.427625 9.062799 8.533476 7.790478 6.785500 5.483003 3.877842 2.014912 0.000000 
50.000000 43.796095 37.797137 32.187776 27.115422 22.679213 18.926173 15.854321 13.421255 11.555960 10.171448 9.176208 8.483137 8.015412 7.709413 7.515268 7.395766 7.324376 7.282969 7.259640 7.246868 7.240071 7.236552 7.234778 7.233906 7.233481 7.233266 7.233131 7.232989 7.232758 7.232316 7.231451 7.229783 7.226642 7.220876 7.210556 7.192566 7.162020 7.111533 7.030342 6.903400 6.710628 6.426695 6.021868 5.464621 4.726770 3.791447 2.663137 1.376739 0.000000 
50.000000 43.479682 37.174769 31.279337 25.948313 21.285895 17.341501 14.113046 11.555960 9.595602 8.140542 7.094600 6.366228 5.874685 5.553108 5.349082 5.223500 5.148479 5.104965 5.080451 5.067030 5.059887 5.056190 5.054327 5.053411 5.052967 5.052747 5.052615 5.052491 5.052299 5.051938 5.051238 5.049893 5.047373 5.042767 5.034568 5.020364 4.996416 4.957153 4.894592 4.797801 4.652560 4.441489 4.144997 3.743431 3.220714 2.569349 1.795925 0.925201 0.000000 
50.000000 43.244813 36.712796 30.605020 25.081998 20.251678 16.165259 12.820575 10.171448 8.140542 6.633131 5.549566 4.795002 4.285789 3.952654 3.741298 3.611206 3.533492 3.488417 3.463023 3.449121 3.441723 3.437893 3.435964 3.435016 3.434558 3.434334 3.434209 3.434101 3.433948 3.433667 3.433125 3.432092 3.430162 3.426652 3.420438 3.409735 3.391811 3.362645 3.316565 3.245951 3.141106 2.990510 2.781628 2.502492 2.144102 1.703433 1.186407 0.609685 0.000000 
50.000000 43.075970 36.380694 30.120272 24.459232 19.508221 15.319713 11.891489 9.176208 7.094600 5.549566 4.438965 3.665581 3.143671 2.802234 2.585613 2.452281 2.372633 2.326437 2.300411 2.286164 2.278582 2.274657 2.272680 2.271709 2.271242 2.271017 2.270896 2.270805 2.270686 2.270475 2.270075 2.269314 2.267900 2.265340 2.260831 2.253107 2.240253 2.219482 2.186921 2.137447 2.064675 1.961200 1.819211 1.631568 1.393316 1.103444 0.766458 0.393157 0.000000 
50.000000 42.958383 36.149410 29.782684 24.025529 18.990471 14.730875 11.244479 8.483137 6.366228 4.795002 3.665581 2.879096 2.348350 2.001135 1.780849 1.645264 1.564270 1.517293 1.490829 1.476341 1.468631 1.464640 1.462630 1.461644 1.461171 1.460944 1.460829 1.460751 1.460660 1.460508 1.460224 1.459686 1.458692 1.456900 1.453758 1.448405 1.439548 1.425328 1.403191 1.369812 1.321117 1.252481 1.159154 1.036960 0.883214 0.697728 0.483642 0.247742 0.000000 
50.000000 42.879024 35.993316 29.554847 23.732826 18.641050 14.333482 10.807833 8.015412 5.874685 4.285789 3.143671 2.348350 1.811644 1.460532 1.237776 1.100670 1.018769 0.971267 0.944506 0.929856 0.922060 0.918025 0.915993 0.914996 0.914519 0.914292 0.914181 0.914113 0.914045 0.913938 0.913744 0.913378 0.912706 0.911499 0.909393 0.905822 0.899945 0.890564 0.876054 0.854322 0.822846 0.778816 0.719411 0.642233 0.545851 0.430363 0.297828 0.152397 0.000000 
50.000000 42.827100 35.891188 29.405780 23.541323 18.412440 14.073489 10.522163 7.709413 5.553108 3.952654 2.802234 2.001135 1.460532 1.106872 0.882501 0.744402 0.661908 0.614062 0.587108 0.572353 0.564500 0.560436 0.558389 0.557386 0.556906 0.556680 0.556571 0.556511 0.556459 0.556387 0.556258 0.556019 0.555580 0.554797 0.553436 0.551139 0.547377 0.541404 0.532216 0.518540 0.498857 0.471502 0.434840 0.387521 0.328794 0.258816 0.178878 0.091453 0.000000 
50.000000 42.794155 35.826387 29.311197 23.419814 18.267389 13.908529 10.340914 7.515268 5.349082 3.741298 2.585613 1.780850 1.237776 0.882501 0.657106 0.518377 0.435507 0.387444 0.360367 0.345545 0.337657 0.333574 0.331519 0.330511 0.330029 0.329803 0.329697 0.329642 0.329602 0.329553 0.329470 0.329319 0.329044 0.328553 0.327704 0.326276 0.323950 0.320273 0.314646 0.306315 0.294392 0.277916 0.255960 0.227778 0.192982 0.151711 0.104744 0.053514 0.000000 
50.000000 42.773874 35.786498 29.252975 23.345018 18.178103 13.806989 10.229349 7.395766 5.223500 3.611206 2.452282 1.645264 1.100670 0.744402 0.518377 0.379262 0.296161 0.247963 0.220812 0.205948 0.198038 0.193945 0.191883 0.190873 0.190390 0.190164 0.190060 0.190009 0.189977 0.189943 0.189892 0.189799 0.189631 0.189334 0.188822 0.187965 0.186572 0.184382 0.181045 0.176127 0.169124 0.159495 0.146725 0.130411 0.110357 0.086663 0.059782 0.030526 0.000000 
50.000000 42.761758 35.762666 29.218191 23.300333 18.124762 13.746328 10.162699 7.324377 5.148479 3.533493 2.372634 1.564270 1.018770 0.661908 0.435508 0.296161 0.212922 0.164645 0.137449 0.122561 0.114638 0.110537 0.108472 0.107460 0.106977 0.106752 0.106648 0.106599 0.106573 0.106550 0.106518 0.106462 0.106364 0.106190 0.105891 0.105392 0.104585 0.103320 0.101402 0.098587 0.094595 0.089130 0.081913 0.072730 0.061484 0.048240 0.033253 0.016972 0.000000 
50.000000 42.754729 35.748842 29.198015 23.274414 18.093822 13.711143 10.124041 7.282971 5.104967 3.488419 2.326439 1.517296 0.971269 0.614064 0.387446 0.247965 0.164647 0.116323 0.089101 0.074198 0.066268 0.062164 0.060097 0.059084 0.058600 0.058375 0.058272 0.058225 0.058201 0.058185 0.058165 0.058133 0.058077 0.057978 0.057809 0.057527 0.057074 0.056366 0.055296 0.053732 0.051522 0.048508 0.044542 0.039514 0.033376 0.026166 0.018026 0.009197 0.000000 
50.000000 42.750770 35.741054 29.186647 23.259811 18.076391 13.691321 10.102263 7.259645 5.080456 3.463028 2.300417 1.490834 0.944511 0.587113 0.360372 0.220817 0.137453 0.089104 0.061867 0.046956 0.039022 0.034915 0.032847 0.031834 0.031350 0.031125 0.031022 0.030976 0.030954 0.030942 0.030929 0.030911 0.030880 0.030825 0.030732 0.030578 0.030331 0.029947 0.029367 0.028522 0.027333 0.025717 0.023597 0.020918 0.017655 0.013833 0.009525 0.004858 0.000000 
50.000000 42.748603 35.736792 29.180426 23.251820 18.066852 13.680473 10.090346 7.246880 5.067042 3.449134 2.286177 1.476354 0.929870 0.572366 0.345558 0.205961 0.122573 0.074210 0.046964 0.032050 0.024113 0.020005 0.017937 0.016923 0.016439 0.016214 0.016112 0.016066 0.016045 0.016035 0.016027 0.016016 0.015999 0.015970 0.015920 0.015839 0.015708 0.015505 0.015199 0.014756 0.014134 0.013290 0.012187 0.010796 0.009106 0.007131 0.004908 0.002502 0.000000 
50.000000 42.747451 35.734528 29.177122 23.247575 18.061785 13.674711 10.084015 7.240100 5.059917 3.441754 2.278614 1.468663 0.922093 0.564533 0.337690 0.198071 0.114670 0.066299 0.039049 0.024132 0.016194 0.012086 0.010017 0.009003 0.008519 0.008294 0.008192 0.008147 0.008127 0.008117 0.008111 0.008105 0.008096 0.008081 0.008055 0.008013 0.007945 0.007841 0.007684 0.007457 0.007139 0.006709 0.006149 0.005444 0.004590 0.003592 0.002471 0.001260 0.000000 
50.000000 42.746860 35.733366 29.175426 23.245396 18.059184 13.671754 10.080766 7.236620 5.056261 3.437967 2.274732 1.464717 0.918102 0.560514 0.333652 0.194022 0.110614 0.062240 0.034988 0.020070 0.012131 0.008022 0.005953 0.004939 0.004455 0.004230 0.004128 0.004083 0.004063 0.004055 0.004050 0.004046 0.004041 0.004033 0.004020 0.003999 0.003964 0.003911 0.003832 0.003717 0.003557 0.003342 0.003061 0.002709 0.002282 0.001786 0.001228 0.000626 0.000000 
50.000000 42.746574 35.732803 29.174605 23.244341 18.057925 13.670322 10.079194 7.234936 5.054491 3.436133 2.272854 1.462806 0.916171 0.558568 0.331698 0.192062 0.108651 0.060275 0.033022 0.018103 0.010164 0.006055 0.003986 0.002972 0.002488 0.002263 0.002161 0.002116 0.002097 0.002088 0.002084 0.002081 0.002079 0.002074 0.002067 0.002056 0.002038 0.002010 0.001969 0.001910 0.001827 0.001715 0.001570 0.001389 0.001170 0.000915 0.000629 0.000320 0.000000 
50.000000 42.746460 35.732577 29.174275 23.243918 18.057420 13.669748 10.078563 7.234260 5.053781 3.435398 2.272100 1.462040 0.915396 0.557788 0.330914 0.191276 0.107864 0.059487 0.032233 0.017314 0.009375 0.005266 0.003197 0.002183 0.001699 0.001474 0.001372 0.001327 0.001308 0.001299 0.001295 0.001293 0.001291 0.001289 0.001284 0.001277 0.001266 0.001248 0.001222 0.001185 0.001133 0.001064 0.000973 0.000861 0.000725 0.000566 0.000389 0.000198 0.000000 
50.000000 42.746460 35.732577 29.174275 23.243918 18.057420 13.669748 10.078563 7.234260 5.053781 3.435398 2.272100 1.462040 0.915396 0.557788 0.330914 0.191276 0.107864 0.059487 0.032233 0.017314 0.009375 0.005266 0.003197 0.002183 0.001699 0.001474 0.001372 0.001327 0.001308 0.001299 0.001295 0.001293 0.001291 0.001289 0.001284 0.001277 0.001266 0.001248 0.001222 0.001185 0.001133 0.001064 0.000973 0.000861 0.000725 0.000566 0.000389 0.000198 0.000000 
50.000000 42.746574 35.732803 29.174605 23.244341 18.057925 13.670322 10.079194 7.234936 5.054491 3.436133 2.272854 1.462806 0.916171 0.558568 0.331698 0.192062 0.108651 0.060275 0.033022 0.018103 0.010164 0.006055 0.003986 0.002972 0.002488 0.002263 0.002161 0.002116 0.002097 0.002088 0.002084 0.002081 0.002079 0.002074 0.002067 0.002056 0.002038 0.002010 0.001969 0.001910 0.001827 0.001715 0.001570 0.001389 0.001170 0.000915 0.000629 0.000320 0.000000 
50.000000 42.746860 35.733366 29.175426 23.245396 18.059184 13.671754 10.080766 7.236620 5.056261 3.437967 2.274732 1.464717 0.918102 0.560514 0.333652 0.194022 0.110614 0.062240 0.034988 0.020070 0.012131 0.008022 0.005953 0.004939 0.004455 0.004230 0.004128 0.004083 0.004063 0.004055 0.004050 0.004046 0.004041 0.004033 0.004020 0.003999 0.003964 0.003911 0.003832 0.003717 0.003557 0.003342 0.003061 0.002709 0.002282 0.001786 0.001228 0.000626 0.000000 
50.000000 42.747451 35.734528 29.177122 23.247575 18.061785 13.674711 10.084015 7.240100 5.059917 3.441754 2.278614 1.468663 0.922093 0.564533 0.337690 0.198071 0.114670 0.066299 0.039049 0.024132 0.016194 0.012086 0.010017 0.009003 0.008519 0.008294 0.008192 0.008147 0.008127 0.008117 0.008111 0.008105 0.008096 0.008081 0.008055 0.008013 0.007945 0.007841 0.007684 0.007457 0.007139 0.006709 0.006149 0.005444 0.004590 0.003592 0.002471 0.001260 0.000000 
50.000000 42.748603 35.736792 29.180426 23.251820 18.066852 13.680473 10.090346 7.246880 5.067042 3.449134 2.286177 1.476354 0.929870 0.572366 0.345558 0.205961 0.122573 0.074210 0.046964 0.032050 0.024113 0.020005 0.017937 0.016923 0.016439 0.016214 0.016112 0.016066 0.016045 0.016035 0.016027 0.016016 0.015999 0.015970 0.015920 0.015839 0.015708 0.015505 0.015199 0.014756 0.014134 0.013290 0.012187 0.010796 0.009106 0.007131 0.004908 0.002502 0.000000 
50.000000 42.750770 35.741054 29.186647 23.259811 18.076391 13.691321 10.102263 7.259645 5.080456 3.463028 2.300417 1.490834 0.944511 0.587113 0.360372 0.220817 0.137453 0.089104 0.061867 0.046956 0.039022 0.034915 0.032847 0.031834 0.031350 0.031125 0.031022 0.030976 0.030954 0.030942 0.030929 0.030911 0.030880 0.030825 0.030732 0.030578 0.030331 0.029947 0.029367 0.028522 0.027333 0.025717 0.023597 0.020918 0.017655 0.013833 0.009525 0.004858 0.000000 
50.000000 42.754729 35.748842 29.198015 23.274414 18.093822 13.711143 10.124041 7.282971 5.104967 3.488419 2.326439 1.517296 0.971269 0.614064 0.387446 0.247965 0.164647 0.116323 0.089101 0.074198 0.066268 0.062164 0.060097 0.059084 0.058600 0.058375 0.058272 0.058225 0.058201 0.058185 0.058165 0.058133 0.058077 0.057978 0.057809 0.057527 0.057074 0.056366 0.055296 0.053732 0.051522 0.048508 0.044542 0.039514 0.033376 0.026166 0.018026 0.009197 0.000000 
50.000000 42.761758 35.762666 29.218191 23.300333 18.124762 13.746328 10.162699 7.324377 5.148479 3.533493 2.372634 1.564270 1.018770 0.661908 0.435508 0.296161 0.212922 0.164645 0.137449 0.122561 0.114638 0.110537 0.108472 0.107460 0.106977 0.106752 0.106648 0.106599 0.106573 0.106550 0.106518 0.106462 0.106364 0.106190 0.105891 0.105392 0.104585 0.103320 0.101402 0.098587 0.094595 0.089130 0.081913 0.072730 0.061484 0.048240 0.033253 0.016972 0.000000 
50.000000 42.773874 35.786498 29.252975 23.345018 18.178103 13.806989 10.229349 7.395766 5.223500 3.611206 2.452282 1.645264 1.100670 0.744402 0.518377 0.379262 0.296161 0.247963 0.220812 0.205948 0.198038 0.193945 0.191883 0.190873 0.190390 0.190164 0.190060 0.190009 0.189977 0.189943 0.189892 0.189799 0.189631 0.189334 0.188822 0.187965 0.186572 0.184382 0.181045 0.176127 0.169124 0.159495 0.146725 0.130411 0.110357 0.086663 0.059782 0.030526 0.000000 
50.000000 42.794155 35.826387 29.311197 23.419814 18.267389 13.908529 10.340914 7.515268 5.349082 3.741298 2.585613 1.780850 1.237776 0.882501 0.657106 0.518377 0.435507 0.387444 0.360367 0.345545 0.337657 0.333574 0.331519 0.330511 0.330029 0.329803 0.329697 0.329642 0.329602 0.329553 0.329470 0.329319 0.329044 0.328553 0.327704 0.326276 0.323950 0.320273 0.314646 0.306315 0.294392 0.277916 0.255960 0.227778 0.192982 0.151711 0.104744 0.053514 0.000000 
50.000000 42.827100 35.891188 29.405780 23.541323 18.412440 14.073489 10.522163 7.709413 5.553108 3.952654 2.802234 2.001135 1.460532 1.106872 0.882501 0.744402 0.661908 0.614062 0.587108 0.572353 0.564500 0.560436 0.558389 0.557386 0.556906 0.556680 0.556571 0.556511 0.556459 0.556387 0.556258 0.556019 0.555580 0.554797 0.553436 0.551139 0.547377 0.541404 0.532216 0.518540 0.498857 0.471502 0.434840 0.387521 0.328794 0.258816 0.178878 0.091453 0.000000 
50.000000 42.879024 35.993316 29.554847 23.732826 18.641050 14.333482 10.807833 8.015412 5.874685 4.285789 3.143671 2.348350 1.811644 1.460532 1.237776 1.100670 1.018769 0.971267 0.944506 0.929856 0.922060 0.918025 0.915993 0.914996 0.914519 0.914292 0.914181 0.914113 0.914045 0.913938 0.913744 0.913378 0.912706 0.911499 0.909393 0.905822 0.899945 0.890564 0.876054 0.854322 0.822846 0.778816 0.719411 0.642233 0.545851 0.430363 0.297828 0.152397 0.000000 
50.000000 42.958383 36.149410 29.782684 24.025529 18.990471 14.730875 11.244479 8.483137 6.366228 4.795002 3.665581 2.879096 2.348350 2.001135 1.780849 1.645264 1.564270 1.517293 1.490829 1.476341 1.468631 1.464640 1.462630 1.461644 1.461171 1.460944 1.460829 1.460751 1.460660 1.460508 1.460224 1.459686 1.458692 1.456900 1.453758 1.448405 1.439548 1.425328 1.403191 1.369812 1.321117 1.252481 1.159154 1.036960 0.883214 0.697728 0.483642 0.247742 0.000000 
50.000000 43.075970 36.380694 30.120272 24.459232 19.508221 15.319713 11.891489 9.176208 7.094600 5.549566 4.438965 3.665581 3.143671 2.802234 2.585613 2.452281 2.372633 2.326437 2.300411 2.286164 2.278582 2.274657 2.272680 2.271709 2.271242 2.271017 2.270896 2.270805 2.270686 2.270475 2.270075 2.269314 2.267900 2.265340 2.260831 2.253107 2.240253 2.219482 2.186921 2.137447 2.064675 1.961200 1.819211 1.631568 1.393316 1.103444 0.766458 0.393157 0.000000 
50.000000 43.244813 36.712796 30.605020 25.081998 20.251678 16.165259 12.820575 10.171448 8.140542 6.633131 5.549566 4.795002 4.285789 3.952654 3.741298 3.611206 3.533492 3.488417 3.463023 3.449121 3.441723 3.437893 3.435964 3.435016 3.434558 3.434334 3.434209 3.434101 3.433948 3.433667 3.433125 3.432092 3.430162 3.426652 3.420438 3.409735 3.391811 3.362645 3.316565 3.245951 3.141106 2.990510 2.781628 2.502492 2.144102 1.703433 1.186407 0.609685 0.000000 
50.000000 43.479682 37.174769 31.279337 25.948313 21.285895 17.341501 14.113046 11.555960 9.595602 8.140542 7.094600 6.366228 5.874685 5.553108 5.349082 5.223500 5.148479 5.104965 5.080451 5.067030 5.059887 5.056190 5.054327 5.053411 5.052967 5.052747 5.052615 5.052491 5.052299 5.051938 5.051238 5.049893 5.047373 5.042767 5.034568 5.020364 4.996416 4.957153 4.894592 4.797801 4.652560 4.441489 4.144997 3.743431 3.220714 2.569349 1.795925 0.925201 0.000000 
50.000000 43.796095 37.797137 32.187776 27.115422 22.679213 18.926173 15.854321 13.421255 11.555960 10.171448 9.176208 8.483137 8.015412 7.709413 7.515268 7.395766 7.324376 7.282969 7.259640 7.246868 7.240071 7.236552 7.234778 7.233906 7.233481 7.233266 7.233131 7.232989 7.232758 7.232316 7.231451 7.229783 7.226642 7.220876 7.210556 7.192566 7.162020 7.111533 7.030342 6.903400 6.710628 6.426695 6.021868 5.464621 4.726770 3.791447 2.663137 1.376739 0.000000 
50.000000 44.208802 38.608910 33.372687 28.637734 24.496593 20.993163 18.125598 15.854321 14.113046 12.820575 11.891489 11.244479 10.807833 10.522163 10.340914 10.229348 10.162699 10.124040 10.102259 10.090335 10.083988 10.080702 10.079046 10.078230 10.077832 10.077626 10.077488 10.077333 10.077067 10.076551 10.075535 10.073570 10.069854 10.062998 10.050661 10.029017 9.991998 9.930289 9.830065 9.671556 9.427625 9.062799 8.533476 7.790478 6.785500 5.483003 3.877842 2.014912 0.000000 
50.000000 44.729840 39.633770 34.868639 30.559666 26.791066 23.602790 20.993163 18.926173 17.341501 16.165259 15.319713 14.730875 14.333482 14.073489 13.908529 13.806989 13.746327 13.711141 13.691316 13.680463 13.674686 13.671695 13.670187 13.669443 13.669079 13.668887 13.668751 13.668586 13.668297 13.667727 13.666602 13.664416 13.660264 13.652570 13.638649 13.614071 13.571720 13.500502 13.383630 13.196504 12.904305 12.459687 11.801395 10.855408 9.541366 7.788266 5.563401 2.913401 0.000000 
50.000000 45.366398 40.885854 36.696268 32.907731 29.594288 26.791066 24.496593 22.679213 21.285895 20.251678 19.508221 18.990471 18.641050 18.412440 18.267389 18.178103 18.124761 18.093820 18.076387 18.066843 18.061763 18.059132 18.057806 18.057151 18.056829 18.056656 18.056527 18.056362 18.056065 18.055477 18.054309 18.052032 18.047692 18.039612 18.024918 17.998817 17.953511 17.876653 17.749186 17.542464 17.214592 16.706115 15.935657 14.797144 13.162425 10.896972 7.901317 4.190811 0.000000 
50.000000 46.118807 42.365814 38.856528 35.683160 32.907731 30.559666 28.637734 27.115422 25.948313 25.081998 24.459232 24.025529 23.732826 23.541323 23.419814 23.345018 23.300333 23.274413 23.259808 23.251812 23.247556 23.245353 23.244241 23.243692 23.243420 23.243272 23.243157 23.243004 23.242721 23.242159 23.241039 23.238849 23.234661 23.226833 23.212529 23.186975 23.142315 23.065916 22.937896 22.727599 22.388652 21.852235 21.018299 19.745306 17.841580 15.068511 11.181962 6.064375 0.000000 
50.000000 46.979090 44.057962 41.326517 38.856528 36.696268 34.868639 33.372687 32.187776 31.279337 30.605020 30.120272 29.782684 29.554847 29.405780 29.311197 29.252975 29.218191 29.198014 29.186645 29.180421 29.177107 29.175392 29.174526 29.174098 29.173886 29.173768 29.173674 29.173544 29.173302 29.172817 29.171849 29.169952 29.166312 29.159487 29.146965 29.124484 29.084956 29.016828 28.901587 28.709987 28.396329 27.889684 27.080373 25.799296 23.788017 20.663259 15.905830 8.992603 0.000000 
50.000000 47.930434 45.929225 44.057962 42.365814 40.885854 39.633770 38.608910 37.797137 37.174769 36.712796 36.380694 36.149410 35.993316 35.891188 35.826387 35.786498 35.762666 35.748842 35.741053 35.736788 35.734518 35.733342 35.732749 35.732456 35.732310 35.732228 35.732161 35.732066 35.731888 35.731531 35.730817 35.729413 35.726716 35.721644 35.712310 35.695488 35.665768 35.614236 35.526388 35.378844 35.134000 34.731068 34.070369 32.984537 31.183853 28.152132 22.964612 14.091268 0.000000 
50.000000 48.947841 47.930434 46.979090 46.118807 45.366398 44.729840 44.208802 43.796095 43.479682 43.244813 43.075970 42.958383 42.879024 42.827100 42.794155 42.773874 42.761757 42.754729 42.750769 42.748600 42.747446 42.746849 42.746547 42.746398 42.746323 42.746281 42.746246 42.746196 42.746102 42.745913 42.745533 42.744786 42.743348 42.740640 42.735647 42.726627 42.710641 42.682813 42.635128 42.554480 42.419356 42.193889 41.816439 41.175588 40.054432 37.986487 33.839166 24.473920 0.000000 
50.000000 50.000000 50.000000 50.000000 50.000000 50.000000 50.000000 50.000000 50.000000 50.000000 50.000000 50.000000 50.000000 50.000000 50.000000 50.000000 50.000000 50.000000 50.000000 50.000000 50.000000 50.000000 50.000000 50.000000 50.000000 50.000000 50.000000 50.000000 50.000000 50.000000 50.000000 50.000000 50.000000 50.000000 50.000000 50.000000 50.000000 50.000000 50.000000 50.000000 50.000000 50.000000 50.000000 50.000000 50.000000 50.000000 50.000000 50.000000 50.000000 50.000000 
