50.000000 50.000000 50.000000 50.000000 50.000000 50.000000 50.000000 50.000000 50.000000 50.000000 50.000000 50.000000 50.000000 50.000000 50.000000 50.000000 50.000000 50.000000 50.000000 50.000000 50.000000 50.000000 50.000000 50.000000 50.000000 50.000000 50.000000 50.000000 50.000000 50.000000 50.000000 50.000000 50.000000 50.000000 50.000000 50.000000 50.000000 50.000000 50.000000 50.000000 50.000000 50.000000 50.000000 50.000000 50.000000 50.000000 50.000000 50.000000 50.000000 50.000000 
50.000000 45.137081 41.012769 38.031624 36.179757 35.181174 34.708868 34.510958 34.436804 34.411752 34.404064 34.401907 34.401350 34.401217 34.401187 34.401181 34.401180 34.401180 34.401180 34.401180 34.401180 34.401180 34.401180 34.401180 34.401180 34.401180 34.401180 34.401180 34.401180 34.401180 34.401180 34.401180 34.401180 34.401180 34.401180 34.401179 34.401178 34.401169 34.401128 34.400948 34.400195 34.397266 34.386633 34.350598 34.236297 33.894689 32.919991 30.204656 22.568540 0.000000 
50.000000 41.012769 33.390890 27.882067 24.460412 22.615607 21.743200 21.377700 21.240779 21.194532 21.180343 21.176361 21.175334 21.175089 21.175034 21.175023 21.175021 21.175021 21.175021 21.175021 21.175021 21.175021 21.175021 21.175021 21.175021 21.175021 21.175021 21.175021 21.175021 21.175021 21.175021 21.175021 21.175021 21.175021 21.175020 21.175020 21.175017 21.175005 21.174945 21.174682 21.173594 21.169408 21.154453 21.104924 20.953163 20.523363 19.399438 16.695445 10.808113 0.000000 
50.000000 38.031624 27.882067 20.547113 15.991890 13.536372 12.375407 11.889128 11.707009 11.645512 11.626649 11.621358 11.619993 11.619667 11.619595 11.619580 11.619577 11.619576 11.619576 11.619576 11.619576 11.619576 11.619576 11.619576 11.619576 11.619576 11.619576 11.619576 11.619576 11.619576 11.619576 11.619576 11.619576 11.619576 11.619576 11.619576 11.619573 11.619562 11.619507 11.619268 11.618290 11.614575 11.601531 11.559359 11.434397 11.096988 10.273557 8.482629 5.111633 0.000000 
50.000000 36.179757 24.460412 15.991890 10.733471 7.899412 6.559757 5.998764 5.788716 5.717807 5.696063 5.689966 5.688393 5.688018 5.687935 5.687918 5.687914 5.687914 5.687914 5.687913 5.687913 5.687913 5.687913 5.687913 5.687913 5.687913 5.687913 5.687913 5.687913 5.687913 5.687913 5.687913 5.687913 5.687913 5.687913 5.687913 5.687911 5.687903 5.687866 5.687702 5.687038 5.684547 5.675945 5.648727 5.570355 5.366735 4.894902 3.937048 2.285069 0.000000 
50.000000 35.181174 22.615607 13.536372 7.899412 4.861784 3.426146 2.825072 2.600062 2.524118 2.500835 2.494308 2.492625 2.492223 2.492134 2.492116 2.492112 2.492112 2.492112 2.492112 2.492112 2.492112 2.492112 2.492112 2.492112 2.492112 2.492112 2.492112 2.492112 2.492112 2.492112 2.492112 2.492112 2.492112 2.492112 2.492111 2.492111 2.492106 2.492085 2.491994 2.491628 2.490270 2.485648 2.471286 2.430892 2.329057 2.101975 1.662445 0.944876 0.000000 
50.000000 34.708868 21.743200 12.375407 6.559757 3.426146 1.945312 1.325392 1.093359 1.015056 0.991053 0.984325 0.982590 0.982176 0.982085 0.982066 0.982062 0.982062 0.982061 0.982061 0.982061 0.982061 0.982061 0.982061 0.982061 0.982061 0.982061 0.982061 0.982061 0.982061 0.982061 0.982061 0.982061 0.982061 0.982061 0.982061 0.982061 0.982059 0.982049 0.982006 0.981836 0.981210 0.979103 0.972656 0.954859 0.911030 0.816048 0.638276 0.358270 0.000000 
50.000000 34.510958 21.377700 11.889128 5.998764 2.825072 1.325392 0.697628 0.462676 0.383394 0.359093 0.352281 0.350526 0.350107 0.350014 0.349995 0.349991 0.349991 0.349991 0.349991 0.349991 0.349991 0.349991 0.349991 0.349991 0.349991 0.349991 0.349991 0.349991 0.349991 0.349991 0.349991 0.349991 0.349991 0.349991 0.349991 0.349990 0.349990 0.349985 0.349968 0.349899 0.349649 0.348814 0.346289 0.339423 0.322819 0.287597 0.223247 0.124325 0.000000 
50.000000 34.436804 21.240779 11.707009 5.788716 2.600062 1.093359 0.462676 0.226640 0.146995 0.122584 0.115742 0.113978 0.113558 0.113465 0.113446 0.113442 0.113441 0.113441 0.113441 0.113441 0.113441 0.113441 0.113441 0.113441 0.113441 0.113441 0.113441 0.113441 0.113441 0.113441 0.113441 0.113441 0.113441 0.113441 0.113441 0.113441 0.113441 0.113439 0.113433 0.113409 0.113320 0.113027 0.112149 0.109792 0.104169 0.092434 0.071371 0.039538 0.000000 
50.000000 34.411752 21.194532 11.645512 5.717807 2.524118 1.015056 0.383394 0.146995 0.067229 0.042781 0.035929 0.034163 0.033742 0.033649 0.033630 0.033626 0.033625 0.033625 0.033625 0.033625 0.033625 0.033625 0.033625 0.033625 0.033625 0.033625 0.033625 0.033625 0.033625 0.033625 0.033625 0.033625 0.033625 0.033625 0.033625 0.033625 0.033625 0.033624 0.033622 0.033615 0.033587 0.033494 0.033220 0.032490 0.030770 0.027222 0.020939 0.011557 0.000000 
50.000000 34.404064 21.180343 11.626649 5.696063 2.500835 0.991053 0.359093 0.122584 0.042781 0.018322 0.011467 0.009700 0.009279 0.009186 0.009166 0.009163 0.009162 0.009162 0.009162 0.009162 0.009162 0.009162 0.009162 0.009162 0.009162 0.009162 0.009162 0.009162 0.009162 0.009162 0.009162 0.009162 0.009162 0.009162 0.009162 0.009162 0.009162 0.009162 0.009161 0.009159 0.009151 0.009124 0.009047 0.008841 0.008361 0.007380 0.005661 0.003116 0.000000 
50.000000 34.401907 21.176361 11.621358 5.689966 2.494308 0.984325 0.352281 0.115742 0.035929 0.011467 0.004611 0.002844 0.002423 0.002330 0.002310 0.002307 0.002306 0.002306 0.002306 0.002306 0.002306 0.002306 0.002306 0.002306 0.002306 0.002306 0.002306 0.002306 0.002306 0.002306 0.002306 0.002306 0.002306 0.002306 0.002306 0.002306 0.002306 0.002306 0.002306 0.002305 0.002303 0.002296 0.002276 0.002223 0.002100 0.001850 0.001416 0.000778 0.000000 
50.000000 34.401350 21.175334 11.619993 5.688393 2.492625 0.982590 0.350526 0.113978 0.034163 0.009700 0.002844 0.001077 0.000655 0.000562 0.000543 0.000539 0.000539 0.000538 0.000538 0.000538 0.000538 0.000538 0.000538 0.000538 0.000538 0.000538 0.000538 0.000538 0.000538 0.000538 0.000538 0.000538 0.000538 0.000538 0.000538 0.000538 0.000538 0.000538 0.000538 0.000538 0.000538 0.000536 0.000531 0.000519 0.000489 0.000431 0.000329 0.000181 0.000000 
50.000000 34.401217 21.175089 11.619667 5.688018 2.492223 0.982176 0.350107 0.113558 0.033742 0.009279 0.002423 0.000655 0.000234 0.000141 0.000122 0.000118 0.000117 0.000117 0.000117 0.000117 0.000117 0.000117 0.000117 0.000117 0.000117 0.000117 0.000117 0.000117 0.000117 0.000117 0.000117 0.000117 0.000117 0.000117 0.000117 0.000117 0.000117 0.000117 0.000117 0.000117 0.000117 0.000117 0.000116 0.000113 0.000106 0.000093 0.000071 0.000039 0.000000 
50.000000 34.401187 21.175034 11.619595 5.687935 2.492134 0.982085 0.350014 0.113465 0.033649 0.009186 0.002330 0.000562 0.000141 0.000048 0.000028 0.000025 0.000024 0.000024 0.000024 0.000024 0.000024 0.000024 0.000024 0.000024 0.000024 0.000024 0.000024 0.000024 0.000024 0.000024 0.000024 0.000024 0.000024 0.000024 0.000024 0.000024 0.000024 0.000024 0.000024 0.000024 0.000024 0.000024 0.000023 0.000023 0.000022 0.000019 0.000014 0.000008 0.000000 
50.000000 34.401181 21.175023 11.619580 5.687918 2.492116 0.982066 0.349995 0.113446 0.033630 0.009166 0.002310 0.000543 0.000122 0.000028 0.000009 0.000005 0.000005 0.000005 0.000005 0.000005 0.000005 0.000005 0.000005 0.000005 0.000005 0.000005 0.000005 0.000005 0.000005 0.000005 0.000005 0.000005 0.000005 0.000005 0.000005 0.000005 0.000005 0.000005 0.000005 0.000005 0.000005 0.000005 0.000004 0.000004 0.000004 0.000004 0.000003 0.000002 0.000000 
50.000000 34.401180 21.175021 11.619577 5.687914 2.492112 0.982062 0.349991 0.113442 0.033626 0.009163 0.002307 0.000539 0.000118 0.000025 0.000005 0.000002 0.000001 0.000001 0.000001 0.000001 0.000001 0.000001 0.000001 0.000001 0.000001 0.000001 0.000001 0.000001 0.000001 0.000001 0.000001 0.000001 0.000001 0.000001 0.000001 0.000001 0.000001 0.000001 0.000001 0.000001 0.000001 0.000001 0.000001 0.000001 0.000001 0.000001 0.000000 0.000000 0.000000 
50.000000 34.401180 21.175021 11.619576 5.687914 2.492112 0.982062 0.349991 0.113441 0.033625 0.009162 0.002306 0.000539 0.000117 0.000024 0.000005 0.000001 0.000000 0.000000 0.000000 0.000000 0.000000 0.000000 0.000000 0.000000 0.000000 0.000000 0.000000 0.000000 0.000000 0.000000 0.000000 0.000000 0.000000 0.000000 0.000000 0.000000 0.000000 0.000000 0.000000 0.000000 0.000000 0.000000 0.000000 0.000000 0.000000 0.000000 0.000000 0.000000 0.000000 
50.000000 34.401180 21.175021 11.619576 5.687914 2.492112 0.982061 0.349991 0.113441 0.033625 0.009162 0.002306 0.000538 0.000117 0.000024 0.000005 0.000001 0.000000 0.000000 0.000000 0.000000 0.000000 0.000000 0.000000 0.000000 0.000000 0.000000 0.000000 0.000000 0.000000 0.000000 0.000000 0.000000 0.000000 0.000000 0.000000 0.000000 0.000000 0.000000 0.000000 0.000000 0.000000 0.000000 0.000000 0.000000 0.000000 0.000000 0.000000 0.000000 0.000000 
50.000000 34.401180 21.175021 11.619576 5.687913 2.492112 0.982061 0.349991 0.113441 0.033625 0.009162 0.002306 0.000538 0.000117 0.000024 0.000005 0.000001 0.000000 0.000000 0.000000 0.000000 0.000000 0.000000 0.000000 0.000000 0.000000 0.000000 0.000000 0.000000 0.000000 0.000000 0.000000 0.000000 0.000000 0.000000 0.000000 0.000000 0.000000 0.000000 0.000000 0.000000 0.000000 0.000000 0.000000 0.000000 0.000000 0.000000 0.000000 0.000000 0.000000 
50.000000 34.401180 21.175021 11.619576 5.687913 2.492112 0.982061 0.349991 0.113441 0.033625 0.009162 0.002306 0.000538 0.000117 0.000024 0.000005 0.000001 0.000000 0.000000 0.000000 0.000000 0.000000 0.000000 0.000000 0.000000 0.000000 0.000000 0.000000 0.000000 0.000000 0.000000 0.000000 0.000000 0.000000 0.000000 0.000000 0.000000 0.000000 0.000000 0.000000 0.000000 0.000000 0.000000 0.000000 0.000000 0.000000 0.000000 0.000000 0.000000 0.000000 
50.000000 34.401180 21.175021 11.619576 5.687913 2.492112 0.982061 0.349991 0.113441 0.033625 0.009162 0.002306 0.000538 0.000117 0.000024 0.000005 0.000001 0.000000 0.000000 0.000000 0.000000 0.000000 0.000000 0.000000 0.000000 0.000000 0.000000 0.000000 0.000000 0.000000 0.000000 0.000000 0.000000 0.000000 0.000000 0.000000 0.000000 0.000000 0.000000 0.000000 0.000000 0.000000 0.000000 0.000000 0.000000 0.000000 0.000000 0.000000 0.000000 0.000000 
50.000000 34.401180 21.175021 11.619576 5.687913 2.492112 0.982061 0.349991 0.113441 0.033625 0.009162 0.002306 0.000538 0.000117 0.000024 0.000005 0.000001 0.000000 0.000000 0.000000 0.000000 0.000000 0.000000 0.000000 0.000000 0.000000 0.000000 0.000000 0.000000 0.000000 0.000000 0.000000 0.000000 0.000000 0.000000 0.000000 0.000000 0.000000 0.000000 0.000000 0.000000 0.000000 0.000000 0.000000 0.000000 0.000000 0.000000 0.000000 0.000000 0.000000 
50.000000 34.401180 21.175021 11.619576 5.687913 2.492112 0.982061 0.349991 0.113441 0.033625 0.009162 0.002306 0.000538 0.000117 0.000024 0.000005 0.000001 0.000000 0.000000 0.000000 0.000000 0.000000 0.000000 0.000000 0.000000 0.000000 0.000000 0.000000 0.000000 0.000000 0.000000 0.000000 0.000000 0.000000 0.000000 0.000000 0.000000 0.000000 0.000000 0.000000 0.000000 0.000000 0.000000 0.000000 0.000000 0.000000 0.000000 0.000000 0.000000 0.000000 
50.000000 34.401180 21.175021 11.619576 5.687913 2.492112 0.982061 0.349991 0.113441 0.033625 0.009162 0.002306 0.000538 0.000117 0.000024 0.000005 0.000001 0.000000 0.000000 0.000000 0.000000 0.000000 0.000000 0.000000 0.000000 0.000000 0.000000 0.000000 0.000000 0.000000 0.000000 0.000000 0.000000 0.000000 0.000000 0.000000 0.000000 0.000000 0.000000 0.000000 0.000000 0.000000 0.000000 0.000000 0.000000 0.000000 0.000000 0.000000 0.000000 0.000000 
50.000000 34.401180 21.175021 11.619576 5.687913 2.492112 0.982061 0.349991 0.113441 0.033625 0.009162 0.002306 0.000538 0.000117 0.000024 0.000005 0.000001 0.000000 0.000000 0.000000 0.000000 0.000000 0.000000 0.000000 0.000000 0.000000 0.000000 0.000000 0.000000 0.000000 0.000000 0.000000 0.000000 0.000000 0.000000 0.000000 0.000000 0.000000 0.000000 0.000000 0.000000 0.000000 0.000000 0.000000 0.000000 0.000000 0.000000 0.000000 0.000000 0.000000 
50.000000 34.401180 21.175021 11.619576 5.687913 2.492112 0.982061 0.349991 0.113441 0.033625 0.009162 0.002306 0.000538 0.000117 0.000024 0.000005 0.000001 0.000000 0.000000 0.000000 0.000000 0.000000 0.000000 0.000000 0.000000 0.000000 0.000000 0.000000 0.000000 0.000000 0.000000 0.000000 0.000000 0.000000 0.000000 0.000000 0.000000 0.000000 0.000000 0.000000 0.000000 0.000000 0.000000 0.000000 0.000000 0.000000 0.000000 0.000000 0.000000 0.000000 
50.000000 34.401180 21.175021 11.619576 5.687913 2.492112 0.982061 0.349991 0.113441 0.033625 0.009162 0.002306 0.000538 0.000117 0.000024 0.000005 0.000001 0.000000 0.000000 0.000000 0.000000 0.000000 0.000000 0.000000 0.000000 0.000000 0.000000 0.000000 0.000000 0.000000 0.000000 0.000000 0.000000 0.000000 0.000000 0.000000 0.000000 0.000000 0.000000 0.000000 0.000000 0.000000 0.000000 0.000000 0.000000 0.000000 0.000000 0.000000 0.000000 0.000000 
50.000000 34.401180 21.175021 11.619576 5.687913 2.492112 0.982061 0.349991 0.113441 0.033625 0.009162 0.002306 0.000538 0.000117 0.000024 0.000005 0.000001 0.000000 0.000000 0.000000 0.000000 0.000000 0.000000 0.000000 0.000000 0.000000 0.000000 0.000000 0.000000 0.000000 0.000000 0.000000 0.000000 0.000000 0.000000 0.000000 0.000000 0.000000 0.000000 0.000000 0.000000 0.000000 0.000000 0.000000 0.000000 0.000000 0.000000 0.000000 0.000000 0.000000 
50.000000 34.401180 21.175021 11.619576 5.687913 2.492112 0.982061 0.349991 0.113441 0.033625 0.009162 0.002306 0.000538 0.000117 0.000024 0.000005 0.000001 0.000000 0.000000 0.000000 0.000000 0.000000 0.000000 0.000000 0.000000 0.000000 0.000000 0.000000 0.000000 0.000000 0.000000 0.000000 0.000000 0.000000 0.000000 0.000000 0.000000 0.000000 0.000000 0.000000 0.000000 0.000000 0.000000 0.000000 0.000000 0.000000 0.000000 0.000000 0.000000 0.000000 
50.000000 34.401180 21.175021 11.619576 5.687913 2.492112 0.982061 0.349991 0.113441 0.033625 0.009162 0.002306 0.000538 0.000117 0.000024 0.000005 0.000001 0.000000 0.000000 0.000000 0.000000 0.000000 0.000000 0.000000 0.000000 0.000000 0.000000 0.000000 0.000000 0.000000 0.000000 0.000000 0.000000 0.000000 0.000000 0.000000 0.000000 0.000000 0.000000 0.000000 0.000000 0.000000 0.000000 0.000000 0.000000 0.000000 0.000000 0.000000 0.000000 0.000000 
50.000000 34.401180 21.175021 11.619576 5.687914 2.492112 0.982061 0.349991 0.113441 0.033625 0.009162 0.002306 0.000538 0.000117 0.000024 0.000005 0.000001 0.000000 0.000000 0.000000 0.000000 0.000000 0.000000 0.000000 0.000000 0.000000 0.000000 0.000000 0.000000 0.000000 0.000000 0.000000 0.000000 0.000000 0.000000 0.000000 0.000000 0.000000 0.000000 0.000000 0.000000 0.000000 0.000000 0.000000 0.000000 0.000000 0.000000 0.000000 0.000000 0.000000 
50.000000 34.401180 21.175021 11.619576 5.687914 2.492112 0.982062 0.349991 0.113441 0.033625 0.009162 0.002306 0.000539 0.000117 0.000024 0.000005 0.000001 0.000000 0.000000 0.000000 0.000000 0.000000 0.000000 0.000000 0.000000 0.000000 0.000000 0.000000 0.000000 0.000000 0.000000 0.000000 0.000000 0.000000 0.000000 0.000000 0.000000 0.000000 0.000000 0.000000 0.000000 0.000000 0.000000 0.000000 0.000000 0.000000 0.000000 0.000000 0.000000 0.000000 
50.000000 34.401180 21.175021 11.619577 5.687914 2.492112 0.982062 0.349991 0.113442 0.033626 0.009163 0.002307 0.000539 0.000118 0.000025 0.000005 0.000002 0.000001 0.000001 0.000001 0.000001 0.000001 0.000001 0.000001 0.000001 0.000001 0.000001 0.000001 0.000001 0.000001 0.000001 0.000001 0.000001 0.000001 0.000001 0.000001 0.000001 0.000001 0.000001 0.000001 0.000001 0.000001 0.000001 0.000001 0.000001 0.000001 0.000001 0.000000 0.000000 0.000000 
50.000000 34.401181 21.175023 11.619580 5.687918 2.492116 0.982066 0.349995 0.113446 0.033630 0.009166 0.002310 0.000543 0.000122 0.000028 0.000009 0.000005 0.000005 0.000005 0.000005 0.000005 0.000005 0.000005 0.000005 0.000005 0.000005 0.000005 0.000005 0.000005 0.000005 0.000005 0.000005 0.000005 0.000005 0.000005 0.000005 0.000005 0.000005 0.000005 0.000005 0.000005 0.000005 0.000005 0.000004 0.000004 0.000004 0.000004 0.000003 0.000002 0.000000 
50.000000 34.401187 21.175034 11.619595 5.687935 2.492134 0.982085 0.350014 0.113465 0.033649 0.009186 0.002330 0.000562 0.000141 0.000048 0.000028 0.000025 0.000024 0.000024 0.000024 0.000024 0.000024 0.000024 0.000024 0.000024 0.000024 0.000024 0.000024 0.000024 0.000024 0.000024 0.000024 0.000024 0.000024 0.000024 0.000024 0.000024 0.000024 0.000024 0.000024 0.000024 0.000024 0.000024 0.000023 0.000023 0.000022 0.000019 0.000014 0.000008 0.000000 
50.000000 34.401217 21.175089 11.619667 5.688018 2.492223 0.982176 0.350107 0.113558 0.033742 0.009279 0.002423 0.000655 0.000234 0.000141 0.000122 0.000118 0.000117 0.000117 0.000117 0.000117 0.000117 0.000117 0.000117 0.000117 0.000117 0.000117 0.000117 0.000117 0.000117 0.000117 0.000117 0.000117 0.000117 0.000117 0.000117 0.000117 0.000117 0.000117 0.000117 0.000117 0.000117 0.000117 0.000116 0.000113 0.000106 0.000093 0.000071 0.000039 0.000000 
50.000000 34.401350 21.175334 11.619993 5.688393 2.492625 0.982590 0.350526 0.113978 0.034163 0.009700 0.002844 0.001077 0.000655 0.000562 0.000543 0.000539 0.000539 0.000538 0.000538 0.000538 0.000538 0.000538 0.000538 0.000538 0.000538 0.000538 0.000538 0.000538 0.000538 0.000538 0.000538 0.000538 0.000538 0.000538 0.000538 0.000538 0.000538 0.000538 0.000538 0.000538 0.000538 0.000536 0.000531 0.000519 0.000489 0.000431 0.000329 0.000181 0.000000 
50.000000 34.401907 21.176361 11.621358 5.689966 2.494308 0.984325 0.352281 0.115742 0.035929 0.011467 0.004611 0.002844 0.002423 0.002330 0.002310 0.002307 0.002306 0.002306 0.002306 0.002306 0.002306 0.002306 0.002306 0.002306 0.002306 0.002306 0.002306 0.002306 0.002306 0.002306 0.002306 0.002306 0.002306 0.002306 0.002306 0.002306 0.002306 0.002306 0.002306 0.002305 0.002303 0.002296 0.002276 0.002223 0.002100 0.001850 0.001416 0.000778 0.000000 
50.000000 34.404064 21.180343 11.626649 5.696063 2.500835 0.991053 0.359093 0.122584 0.042781 0.018322 0.011467 0.009700 0.009279 0.009186 0.009166 0.009163 0.009162 0.009162 0.009162 0.009162 0.009162 0.009162 0.009162 0.009162 0.009162 0.009162 0.009162 0.009162 0.009162 0.009162 0.009162 0.009162 0.009162 0.009162 0.009162 0.009162 0.009162 0.009162 0.009161 0.009159 0.009151 0.009124 0.009047 0.008841 0.008361 0.007380 0.005661 0.003116 0.000000 
50.000000 34.411752 21.194532 11.645512 5.717807 2.524118 1.015056 0.383394 0.146995 0.067229 0.042781 0.035929 0.034163 0.033742 0.033649 0.033630 0.033626 0.033625 0.033625 0.033625 0.033625 0.033625 0.033625 0.033625 0.033625 0.033625 0.033625 0.033625 0.033625 0.033625 0.033625 0.033625 0.033625 0.033625 0.033625 0.033625 0.033625 0.033625 0.033624 0.033622 0.033615 0.033587 0.033494 0.033220 0.032490 0.030770 0.027222 0.020939 0.011557 0.000000 
50.000000 34.436804 21.240779 11.707009 5.788716 2.600062 1.093359 0.462676 0.226640 0.146995 0.122584 0.115742 0.113978 0.113558 0.113465 0.113446 0.113442 0.113441 0.113441 0.113441 0.113441 0.113441 0.113441 0.113441 0.113441 0.113441 0.113441 0.113441 0.113441 0.113441 0.113441 0.113441 0.113441 0.113441 0.113441 0.113441 0.113441 0.113441 0.113439 0.113433 0.113409 0.113320 0.113027 0.112149 0.109792 0.104169 0.092434 0.071371 0.039538 0.000000 
50.000000 34.510958 21.377700 11.889128 5.998764 2.825072 1.325392 0.697628 0.462676 0.383394 0.359093 0.352281 0.350526 0.350107 0.350014 0.349995 0.349991 0.349991 0.349991 0.349991 0.349991 0.349991 0.349991 0.349991 0.349991 0.349991 0.349991 0.349991 0.349991 0.349991 0.349991 0.349991 0.349991 0.349991 0.349991 0.349991 0.349990 0.349990 0.349985 0.349968 0.349899 0.349649 0.348814 0.346289 0.339423 0.322819 0.287597 0.223247 0.124325 0.000000 
50.000000 34.708868 21.743200 12.375407 6.559757 3.426146 1.945312 1.325392 1.093359 1.015056 0.991053 0.984325 0.982590 0.982176 0.982085 0.982066 0.982062 0.982062 0.982061 0.982061 0.982061 0.982061 0.982061 0.982061 0.982061 0.982061 0.982061 0.982061 0.982061 0.982061 0.982061 0.982061 0.982061 0.982061 0.982061 0.982061 0.982061 0.982059 0.982049 0.982006 0.981836 0.981210 0.979103 0.972656 0.954859 0.911030 0.816048 0.638276 0.358270 0.000000 
50.000000 35.181174 22.615607 13.536372 7.899412 4.861784 3.426146 2.825072 2.600062 2.524118 2.500835 2.494308 2.492625 2.492223 2.492134 2.492116 2.492112 2.492112 2.492112 2.492112 2.492112 2.492112 2.492112 2.492112 2.492112 2.492112 2.492112 2.492112 2.492112 2.492112 2.492112 2.492112 2.492112 2.492112 2.492112 2.492111 2.492111 2.492106 2.492085 2.491994 2.491628 2.490270 2.485648 2.471286 2.430892 2.329057 2.101975 1.662445 0.944876 0.000000 
50.000000 36.179757 24.460412 15.991890 10.733471 7.899412 6.559757 5.998764 5.788716 5.717807 5.696063 5.689966 5.688393 5.688018 5.687935 5.687918 5.687914 5.687914 5.687914 5.687913 5.687913 5.687913 5.687913 5.687913 5.687913 5.687913 5.687913 5.687913 5.687913 5.687913 5.687913 5.687913 5.687913 5.687913 5.687913 5.687913 5.687911 5.687903 5.687866 5.687702 5.687038 5.684547 5.675945 5.648727 5.570355 5.366735 4.894902 3.937048 2.285069 0.000000 
50.000000 38.031624 27.882067 20.547113 15.991890 13.536372 12.375407 11.889128 11.707009 11.645512 11.626649 11.621358 11.619993 11.619667 11.619595 11.619580 11.619577 11.619576 11.619576 11.619576 11.619576 11.619576 11.619576 11.619576 11.619576 11.619576 11.619576 11.619576 11.619576 11.619576 11.619576 11.619576 11.619576 11.619576 11.619576 11.619576 11.619573 11.619562 11.619507 11.619268 11.618290 11.614575 11.601531 11.559359 11.434397 11.096988 10.273557 8.482629 5.111633 0.000000 
50.000000 41.012769 33.390890 27.882067 24.460412 22.615607 21.743200 21.377700 21.240779 21.194532 21.180343 21.176361 21.175334 21.175089 21.175034 21.175023 21.175021 21.175021 21.175021 21.175021 21.175021 21.175021 21.175021 21.175021 21.175021 21.175021 21.175021 21.175021 21.175021 21.175021 21.175021 21.175021 21.175021 21.175021 21.175020 21.175020 21.175017 21.175005 21.174945 21.174682 21.173594 21.169408 21.154453 21.104924 20.953163 20.523363 19.399438 16.695445 10.808113 0.000000 
50.000000 45.137081 41.012769 38.031624 36.179757 35.181174 34.708868 34.510958 34.436804 34.411752 34.404064 34.401907 34.401350 34.401217 34.401187 34.401181 34.401180 34.401180 34.401180 34.401180 34.401180 34.401180 34.401180 34.401180 34.401180 34.401180 34.401180 34.401180 34.401180 34.401180 34.401180 34.401180 34.401180 34.401180 34.401180 34.401179 34.401178 34.401169 34.401128 34.400948 34.400195 34.397266 34.386633 34.350598 34.236297 33.894689 32.919991 30.204656 22.568540 0.000000 
50.000000 50.000000 50.000000 50.000000 50.000000 50.000000 50.000000 50.000000 50.000000 50.000000 50.000000 50.000000 50.000000 50.000000 50.000000 50.000000 50.000000 50.000000 50.000000 50.000000 50.000000 50.000000 50.000000 50.000000 50.000000 50.000000 50.000000 50.000000 50.000000 50.000000 50.000000 50.000000 50.000000 50.000000 50.000000 50.000000 50.000000 50.000000 50.000000 50.000000 50.000000 50.000000 50.000000 50.000000 50.000000 50.000000 50.000000 50.000000 50.000000 50.000000 
