50.000000 50.000000 50.000000 50.000000 50.000000 50.000000 50.000000 50.000000 50.000000 50.000000 50.000000 50.000000 50.000000 50.000000 50.000000 50.000000 50.000000 50.000000 50.000000 50.000000 50.000000 50.000000 50.000000 50.000000 50.000000 50.000000 50.000000 50.000000 50.000000 50.000000 50.000000 50.000000 50.000000 50.000000 50.000000 50.000000 50.000000 50.000000 50.000000 50.000000 50.000000 50.000000 50.000000 50.000000 50.000000 50.000000 50.000000 50.000000 50.000000 50.000000 
50.000000 48.327754 46.743245 45.320417 44.109246 43.131444 42.382343 41.837366 41.460565 41.212751 41.057571 40.964958 40.912223 40.883544 40.868631 40.861209 40.857669 40.856050 40.855339 40.855038 40.854916 40.854869 40.854851 40.854844 40.854842 40.854841 40.854840 40.854840 40.854839 40.854836 40.854829 40.854809 40.854757 40.854626 40.854307 40.853551 40.851823 40.847996 40.839786 40.822695 40.788098 40.719803 40.587725 40.335794 39.857029 38.936772 37.107626 33.232328 24.163877 0.000000 
50.000000 46.743245 43.657363 40.886371 38.527595 36.623322 35.164455 34.103126 33.369324 32.886723 32.584526 32.404173 32.301480 32.245632 32.216593 32.202140 32.195247 32.192094 32.190709 32.190124 32.189887 32.189794 32.189758 32.189746 32.189741 32.189740 32.189739 32.189738 32.189736 32.189732 32.189718 32.189682 32.189588 32.189350 32.188771 32.187404 32.184288 32.177409 32.162712 32.132277 32.071117 31.951584 31.723699 31.298193 30.515983 29.091535 26.506942 21.828681 13.510917 0.000000 
50.000000 45.320417 40.886371 36.904803 33.515561 30.779405 28.683255 27.158324 26.104003 25.410619 24.976440 24.717326 24.569789 24.489556 24.447838 24.427076 24.417174 24.412645 24.410655 24.409815 24.409474 24.409340 24.409290 24.409272 24.409265 24.409263 24.409262 24.409261 24.409259 24.409252 24.409235 24.409189 24.409068 24.408765 24.408027 24.406292 24.402351 24.393694 24.375311 24.337545 24.262432 24.117636 23.846729 23.353983 22.481381 20.976062 18.452401 14.379429 8.212791 0.000000 
50.000000 44.109246 38.527595 33.515561 29.249193 25.804968 23.166411 21.246916 19.919826 19.047071 18.500590 18.174462 17.988775 17.887798 17.835296 17.809167 17.796706 17.791007 17.788503 17.787446 17.787017 17.786849 17.786785 17.786762 17.786754 17.786751 17.786750 17.786749 17.786747 17.786740 17.786721 17.786672 17.786543 17.786219 17.785435 17.783598 17.779447 17.770383 17.751278 17.712397 17.635985 17.490944 17.224994 16.753985 15.948977 14.624597 12.539499 9.436059 5.172474 0.000000 
50.000000 43.131444 36.623322 30.779405 25.804968 21.789175 18.712802 16.474850 14.927621 13.910119 13.273021 12.892827 12.676363 12.558654 12.497454 12.466997 12.452474 12.445831 12.442913 12.441682 12.441181 12.440985 12.440912 12.440885 12.440875 12.440872 12.440871 12.440870 12.440867 12.440861 12.440843 12.440796 12.440674 12.440370 12.439634 12.437921 12.434068 12.425714 12.408249 12.373060 12.304763 12.177133 11.947660 11.551220 10.894588 9.855992 8.298024 6.107339 3.274415 0.000000 
50.000000 42.382343 35.164455 28.683255 23.166411 18.712802 15.301091 12.819242 11.103432 9.975097 9.268622 8.847040 8.607020 8.476506 8.408651 8.374884 8.358782 8.351418 8.348184 8.346818 8.346263 8.346046 8.345965 8.345935 8.345924 8.345921 8.345919 8.345918 8.345916 8.345911 8.345896 8.345855 8.345751 8.345491 8.344868 8.343421 8.340188 8.333225 8.318791 8.290002 8.234805 8.133180 7.953752 7.650545 7.161582 6.412426 5.329272 3.866262 2.046548 0.000000 
50.000000 41.837366 34.103126 27.158324 21.246916 16.474850 12.819242 10.160022 8.321629 7.112711 6.355803 5.904138 5.646999 5.507182 5.434492 5.398321 5.381074 5.373186 5.369721 5.368259 5.367665 5.367432 5.367345 5.367313 5.367302 5.367298 5.367296 5.367295 5.367294 5.367289 5.367277 5.367246 5.367164 5.366961 5.366475 5.365353 5.362861 5.357532 5.346574 5.324930 5.283910 5.209415 5.080011 4.865490 4.527190 4.021922 3.311594 2.379428 1.249640 0.000000 
50.000000 41.460565 33.369324 26.104003 19.919826 14.927621 11.103432 8.321629 6.398528 5.133935 4.342187 3.869746 3.600786 3.454545 3.378519 3.340688 3.322651 3.314401 3.310778 3.309249 3.308628 3.308385 3.308293 3.308260 3.308248 3.308244 3.308243 3.308242 3.308241 3.308238 3.308229 3.308205 3.308146 3.307998 3.307647 3.306841 3.305059 3.301274 3.293552 3.278439 3.250098 3.199264 3.112213 2.970252 2.750488 2.428882 1.986367 1.417740 0.740761 0.000000 
50.000000 41.212751 32.886723 25.410619 19.047071 13.910119 9.975097 7.112711 5.133935 3.832755 3.018117 2.532027 2.255304 2.104846 2.026629 1.987710 1.969153 1.960667 1.956940 1.955367 1.954728 1.954478 1.954384 1.954350 1.954338 1.954333 1.954332 1.954331 1.954330 1.954328 1.954322 1.954306 1.954266 1.954166 1.953929 1.953387 1.952196 1.949684 1.944595 1.934719 1.916377 1.883837 1.828802 1.740293 1.605356 1.411086 1.148187 0.815606 0.424652 0.000000 
50.000000 41.057571 32.584526 24.976440 18.500590 13.273021 9.268622 6.355803 4.342187 3.018117 2.189160 1.694535 1.412959 1.259864 1.180279 1.140679 1.121799 1.113165 1.109373 1.107773 1.107122 1.106868 1.106772 1.106737 1.106725 1.106721 1.106720 1.106719 1.106718 1.106717 1.106713 1.106703 1.106677 1.106613 1.106463 1.106121 1.105374 1.103807 1.100653 1.094580 1.083397 1.063748 1.030873 0.978621 0.899961 0.788193 0.638895 0.452249 0.234877 0.000000 
50.000000 40.964958 32.404173 24.717326 18.174462 12.892827 8.847040 5.904138 3.869746 2.532027 1.694535 1.194824 0.910355 0.755691 0.675290 0.635286 0.616213 0.607491 0.603660 0.602044 0.601387 0.601130 0.601033 0.600998 0.600986 0.600982 0.600980 0.600980 0.600979 0.600978 0.600976 0.600970 0.600954 0.600916 0.600826 0.600623 0.600181 0.599258 0.597412 0.593882 0.587432 0.576194 0.557564 0.528249 0.484578 0.423184 0.342014 0.241461 0.125172 0.000000 
50.000000 40.912223 32.301480 24.569789 17.988775 12.676363 8.607020 5.646999 3.600786 2.255304 1.412959 0.910355 0.624243 0.468686 0.387823 0.347588 0.328406 0.319634 0.315782 0.314156 0.313496 0.313237 0.313140 0.313104 0.313092 0.313088 0.313086 0.313086 0.313086 0.313085 0.313084 0.313080 0.313071 0.313050 0.312999 0.312884 0.312636 0.312122 0.311098 0.309152 0.305620 0.299512 0.289468 0.273794 0.250649 0.218392 0.176095 0.124071 0.064227 0.000000 
50.000000 40.883544 32.245632 24.489556 17.887798 12.558654 8.476506 5.507182 3.454545 2.104846 1.259864 0.755691 0.468686 0.312646 0.231531 0.191172 0.171930 0.163131 0.159267 0.157636 0.156974 0.156715 0.156617 0.156581 0.156569 0.156565 0.156563 0.156563 0.156563 0.156562 0.156562 0.156560 0.156555 0.156543 0.156516 0.156455 0.156323 0.156050 0.155510 0.154490 0.152649 0.149487 0.144321 0.136318 0.124585 0.108352 0.087205 0.061344 0.031721 0.000000 
50.000000 40.868631 32.216593 24.447838 17.835296 12.497454 8.408651 5.434492 3.378519 2.026629 1.180279 0.675290 0.387823 0.231531 0.150286 0.109862 0.090590 0.081777 0.077907 0.076273 0.075610 0.075350 0.075253 0.075217 0.075204 0.075200 0.075199 0.075198 0.075198 0.075198 0.075198 0.075197 0.075194 0.075188 0.075174 0.075143 0.075076 0.074939 0.074668 0.074158 0.073242 0.071678 0.069139 0.065229 0.059533 0.051697 0.041546 0.029188 0.015080 0.000000 
50.000000 40.861209 32.202140 24.427076 17.809167 12.466997 8.374884 5.398321 3.340688 1.987710 1.140679 0.635286 0.347588 0.191172 0.109862 0.069407 0.050119 0.041299 0.037426 0.035791 0.035127 0.034867 0.034769 0.034734 0.034721 0.034717 0.034716 0.034715 0.034715 0.034715 0.034715 0.034714 0.034713 0.034710 0.034703 0.034688 0.034656 0.034590 0.034460 0.034216 0.033781 0.033041 0.031846 0.030016 0.027363 0.023732 0.019049 0.013369 0.006903 0.000000 
50.000000 40.857669 32.195247 24.417174 17.796706 12.452474 8.358782 5.381074 3.322651 1.969153 1.121799 0.616213 0.328406 0.171930 0.090590 0.050119 0.030825 0.022001 0.018126 0.016491 0.015827 0.015567 0.015469 0.015433 0.015421 0.015417 0.015415 0.015415 0.015415 0.015415 0.015414 0.015414 0.015414 0.015412 0.015409 0.015402 0.015387 0.015357 0.015297 0.015186 0.014988 0.014652 0.014113 0.013291 0.012105 0.010487 0.008409 0.005897 0.003043 0.000000 
50.000000 40.856050 32.192094 24.412645 17.791007 12.445831 8.351418 5.373186 3.314401 1.960667 1.113165 0.607491 0.319634 0.163131 0.081777 0.041299 0.022001 0.013176 0.009301 0.007665 0.007001 0.006741 0.006643 0.006607 0.006595 0.006590 0.006589 0.006589 0.006588 0.006588 0.006588 0.006588 0.006588 0.006587 0.006586 0.006583 0.006576 0.006563 0.006537 0.006488 0.006401 0.006256 0.006022 0.005667 0.005157 0.004464 0.003577 0.002506 0.001293 0.000000 
50.000000 40.855339 32.190709 24.410655 17.788503 12.442913 8.348184 5.369721 3.310778 1.956940 1.109373 0.603660 0.315782 0.159267 0.077907 0.037426 0.018126 0.009301 0.005425 0.003789 0.003125 0.002865 0.002767 0.002731 0.002719 0.002715 0.002713 0.002713 0.002713 0.002713 0.002713 0.002713 0.002712 0.002712 0.002712 0.002710 0.002707 0.002702 0.002691 0.002670 0.002634 0.002573 0.002476 0.002328 0.002117 0.001832 0.001466 0.001027 0.000529 0.000000 
50.000000 40.855038 32.190124 24.409815 17.787446 12.441682 8.346818 5.368259 3.309249 1.955367 1.107773 0.602044 0.314156 0.157636 0.076273 0.035791 0.016491 0.007665 0.003789 0.002153 0.001489 0.001229 0.001131 0.001096 0.001083 0.001079 0.001077 0.001077 0.001077 0.001077 0.001077 0.001077 0.001077 0.001077 0.001076 0.001076 0.001075 0.001072 0.001068 0.001060 0.001045 0.001020 0.000981 0.000923 0.000838 0.000725 0.000580 0.000406 0.000209 0.000000 
50.000000 40.854916 32.189887 24.409474 17.787017 12.441181 8.346263 5.367665 3.308628 1.954728 1.107123 0.601387 0.313496 0.156974 0.075610 0.035127 0.015827 0.007001 0.003125 0.001489 0.000825 0.000565 0.000467 0.000431 0.000419 0.000414 0.000413 0.000413 0.000412 0.000412 0.000412 0.000412 0.000412 0.000412 0.000412 0.000412 0.000412 0.000411 0.000409 0.000406 0.000400 0.000391 0.000375 0.000353 0.000320 0.000277 0.000221 0.000155 0.000080 0.000000 
50.000000 40.854869 32.189794 24.409340 17.786849 12.440985 8.346046 5.367432 3.308385 1.954478 1.106868 0.601130 0.313237 0.156715 0.075350 0.034867 0.015567 0.006741 0.002865 0.001229 0.000565 0.000305 0.000207 0.000171 0.000159 0.000155 0.000153 0.000153 0.000153 0.000153 0.000153 0.000153 0.000153 0.000153 0.000152 0.000152 0.000152 0.000152 0.000151 0.000150 0.000148 0.000144 0.000139 0.000130 0.000118 0.000102 0.000082 0.000057 0.000029 0.000000 
50.000000 40.854851 32.189759 24.409290 17.786786 12.440912 8.345965 5.367345 3.308294 1.954384 1.106773 0.601034 0.313140 0.156617 0.075253 0.034770 0.015469 0.006643 0.002767 0.001131 0.000467 0.000207 0.000109 0.000074 0.000061 0.000057 0.000055 0.000055 0.000055 0.000055 0.000055 0.000055 0.000055 0.000055 0.000055 0.000055 0.000055 0.000054 0.000054 0.000054 0.000053 0.000052 0.000050 0.000047 0.000042 0.000037 0.000029 0.000020 0.000011 0.000000 
50.000000 40.854844 32.189746 24.409272 17.786763 12.440885 8.345935 5.367313 3.308261 1.954350 1.106738 0.600999 0.313105 0.156582 0.075218 0.034734 0.015434 0.006608 0.002732 0.001096 0.000432 0.000172 0.000074 0.000038 0.000026 0.000022 0.000020 0.000020 0.000020 0.000019 0.000019 0.000019 0.000019 0.000019 0.000019 0.000019 0.000019 0.000019 0.000019 0.000019 0.000019 0.000018 0.000018 0.000017 0.000015 0.000013 0.000010 0.000007 0.000004 0.000000 
50.000000 40.854842 32.189742 24.409266 17.786756 12.440877 8.345926 5.367303 3.308250 1.954340 1.106727 0.600988 0.313094 0.156571 0.075206 0.034723 0.015423 0.006597 0.002721 0.001085 0.000421 0.000161 0.000063 0.000027 0.000015 0.000010 0.000009 0.000009 0.000008 0.000008 0.000008 0.000008 0.000008 0.000008 0.000008 0.000008 0.000008 0.000008 0.000008 0.000008 0.000008 0.000008 0.000008 0.000007 0.000006 0.000006 0.000004 0.000003 0.000002 0.000000 
50.000000 40.854842 32.189742 24.409266 17.786756 12.440877 8.345926 5.367303 3.308250 1.954340 1.106727 0.600988 0.313094 0.156571 0.075206 0.034723 0.015423 0.006597 0.002721 0.001085 0.000421 0.000161 0.000063 0.000027 0.000015 0.000010 0.000009 0.000009 0.000008 0.000008 0.000008 0.000008 0.000008 0.000008 0.000008 0.000008 0.000008 0.000008 0.000008 0.000008 0.000008 0.000008 0.000008 0.000007 0.000006 0.000006 0.000004 0.000003 0.000002 0.000000 
50.000000 40.854844 32.189746 24.409272 17.786763 12.440885 8.345935 5.367313 3.308261 1.954350 1.106738 0.600999 0.313105 0.156582 0.075218 0.034734 0.015434 0.006608 0.002732 0.001096 0.000432 0.000172 0.000074 0.000038 0.000026 0.000022 0.000020 0.000020 0.000020 0.000019 0.000019 0.000019 0.000019 0.000019 0.000019 0.000019 0.000019 0.000019 0.000019 0.000019 0.000019 0.000018 0.000018 0.000017 0.000015 0.000013 0.000010 0.000007 0.000004 0.000000 
50.000000 40.854851 32.189759 24.409290 17.786786 12.440912 8.345965 5.367345 3.308294 1.954384 1.106773 0.601034 0.313140 0.156617 0.075253 0.034770 0.015469 0.006643 0.002767 0.001131 0.000467 0.000207 0.000109 0.000074 0.000061 0.000057 0.000055 0.000055 0.000055 0.000055 0.000055 0.000055 0.000055 0.000055 0.000055 0.000055 0.000055 0.000054 0.000054 0.000054 0.000053 0.000052 0.000050 0.000047 0.000042 0.000037 0.000029 0.000020 0.000011 0.000000 
50.000000 40.854869 32.189794 24.409340 17.786849 12.440985 8.346046 5.367432 3.308385 1.954478 1.106868 0.601130 0.313237 0.156715 0.075350 0.034867 0.015567 0.006741 0.002865 0.001229 0.000565 0.000305 0.000207 0.000171 0.000159 0.000155 0.000153 0.000153 0.000153 0.000153 0.000153 0.000153 0.000153 0.000153 0.000152 0.000152 0.000152 0.000152 0.000151 0.000150 0.000148 0.000144 0.000139 0.000130 0.000118 0.000102 0.000082 0.000057 0.000029 0.000000 
50.000000 40.854916 32.189887 24.409474 17.787017 12.441181 8.346263 5.367665 3.308628 1.954728 1.107123 0.601387 0.313496 0.156974 0.075610 0.035127 0.015827 0.007001 0.003125 0.001489 0.000825 0.000565 0.000467 0.000431 0.000419 0.000414 0.000413 0.000413 0.000412 0.000412 0.000412 0.000412 0.000412 0.000412 0.000412 0.000412 0.000412 0.000411 0.000409 0.000406 0.000400 0.000391 0.000375 0.000353 0.000320 0.000277 0.000221 0.000155 0.000080 0.000000 
50.000000 40.855038 32.190124 24.409815 17.787446 12.441682 8.346818 5.368259 3.309249 1.955367 1.107773 0.602044 0.314156 0.157636 0.076273 0.035791 0.016491 0.007665 0.003789 0.002153 0.001489 0.001229 0.001131 0.001096 0.001083 0.001079 0.001077 0.001077 0.001077 0.001077 0.001077 0.001077 0.001077 0.001077 0.001076 0.001076 0.001075 0.001072 0.001068 0.001060 0.001045 0.001020 0.000981 0.000923 0.000838 0.000725 0.000580 0.000406 0.000209 0.000000 
50.000000 40.855339 32.190709 24.410655 17.788503 12.442913 8.348184 5.369721 3.310778 1.956940 1.109373 0.603660 0.315782 0.159267 0.077907 0.037426 0.018126 0.009301 0.005425 0.003789 0.003125 0.002865 0.002767 0.002731 0.002719 0.002715 0.002713 0.002713 0.002713 0.002713 0.002713 0.002713 0.002712 0.002712 0.002712 0.002710 0.002707 0.002702 0.002691 0.002670 0.002634 0.002573 0.002476 0.002328 0.002117 0.001832 0.001466 0.001027 0.000529 0.000000 
50.000000 40.856050 32.192094 24.412645 17.791007 12.445831 8.351418 5.373186 3.314401 1.960667 1.113165 0.607491 0.319634 0.163131 0.081777 0.041299 0.022001 0.013176 0.009301 0.007665 0.007001 0.006741 0.006643 0.006607 0.006595 0.006590 0.006589 0.006589 0.006588 0.006588 0.006588 0.006588 0.006588 0.006587 0.006586 0.006583 0.006576 0.006563 0.006537 0.006488 0.006401 0.006256 0.006022 0.005667 0.005157 0.004464 0.003577 0.002506 0.001293 0.000000 
50.000000 40.857669 32.195247 24.417174 17.796706 12.452474 8.358782 5.381074 3.322651 1.969153 1.121799 0.616213 0.328406 0.171930 0.090590 0.050119 0.030825 0.022001 0.018126 0.016491 0.015827 0.015567 0.015469 0.015433 0.015421 0.015417 0.015415 0.015415 0.015415 0.015415 0.015414 0.015414 0.015414 0.015412 0.015409 0.015402 0.015387 0.015357 0.015297 0.015186 0.014988 0.014652 0.014113 0.013291 0.012105 0.010487 0.008409 0.005897 0.003043 0.000000 
50.000000 40.861209 32.202140 24.427076 17.809167 12.466997 8.374884 5.398321 3.340688 1.987710 1.140679 0.635286 0.347588 0.191172 0.109862 0.069407 0.050119 0.041299 0.037426 0.035791 0.035127 0.034867 0.034769 0.034734 0.034721 0.034717 0.034716 0.034715 0.034715 0.034715 0.034715 0.034714 0.034713 0.034710 0.034703 0.034688 0.034656 0.034590 0.034460 0.034216 0.033781 0.033041 0.031846 0.030016 0.027363 0.023732 0.019049 0.013369 0.006903 0.000000 
50.000000 40.868631 32.216593 24.447838 17.835296 12.497454 8.408651 5.434492 3.378519 2.026629 1.180279 0.675290 0.387823 0.231531 0.150286 0.109862 0.090590 0.081777 0.077907 0.076273 0.075610 0.075350 0.075253 0.075217 0.075204 0.075200 0.075199 0.075198 0.075198 0.075198 0.075198 0.075197 0.075194 0.075188 0.075174 0.075143 0.075076 0.074939 0.074668 0.074158 0.073242 0.071678 0.069139 0.065229 0.059533 0.051697 0.041546 0.029188 0.015080 0.000000 
50.000000 40.883544 32.245632 24.489556 17.887798 12.558654 8.476506 5.507182 3.454545 2.104846 1.259864 0.755691 0.468686 0.312646 0.231531 0.191172 0.171930 0.163131 0.159267 0.157636 0.156974 0.156715 0.156617 0.156581 0.156569 0.156565 0.156563 0.156563 0.156563 0.156562 0.156562 0.156560 0.156555 0.156543 0.156516 0.156455 0.156323 0.156050 0.155510 0.154490 0.152649 0.149487 0.144321 0.136318 0.124585 0.108352 0.087205 0.061344 0.031721 0.000000 
50.000000 40.912223 32.301480 24.569789 17.988775 12.676363 8.607020 5.646999 3.600786 2.255304 1.412959 0.910355 0.624243 0.468686 0.387823 0.347588 0.328406 0.319634 0.315782 0.314156 0.313496 0.313237 0.313140 0.313104 0.313092 0.313088 0.313086 0.313086 0.313086 0.313085 0.313084 0.313080 0.313071 0.313050 0.312999 0.312884 0.312636 0.312122 0.311098 0.309152 0.305620 0.299512 0.289468 0.273794 0.250649 0.218392 0.176095 0.124071 0.064227 0.000000 
50.000000 40.964958 32.404173 24.717326 18.174462 12.892827 8.847040 5.904138 3.869746 2.532027 1.694535 1.194824 0.910355 0.755691 0.675290 0.635286 0.616213 0.607491 0.603660 0.602044 0.601387 0.601130 0.601033 0.600998 0.600986 0.600982 0.600980 0.600980 0.600979 0.600978 0.600976 0.600970 0.600954 0.600916 0.600826 0.600623 0.600181 0.599258 0.597412 0.593882 0.587432 0.576194 0.557564 0.528249 0.484578 0.423184 0.342014 0.241461 0.125172 0.000000 
50.000000 41.057571 32.584526 24.976440 18.500590 13.273021 9.268622 6.355803 4.342187 3.018117 2.189160 1.694535 1.412959 1.259864 1.180279 1.140679 1.121799 1.113165 1.109373 1.107773 1.107122 1.106868 1.106772 1.106737 1.106725 1.106721 1.106720 1.106719 1.106718 1.106717 1.106713 1.106703 1.106677 1.106613 1.106463 1.106121 1.105374 1.103807 1.100653 1.094580 1.083397 1.063748 1.030873 0.978621 0.899961 0.788193 0.638895 0.452249 0.234877 0.000000 
50.000000 41.212751 32.886723 25.410619 19.047071 13.910119 9.975097 7.112711 5.133935 3.832755 3.018117 2.532027 2.255304 2.104846 2.026629 1.987710 1.969153 1.960667 1.956940 1.955367 1.954728 1.954478 1.954384 1.954350 1.954338 1.954333 1.954332 1.954331 1.954330 1.954328 1.954322 1.954306 1.954266 1.954166 1.953929 1.953387 1.952196 1.949684 1.944595 1.934719 1.916377 1.883837 1.828802 1.740293 1.605356 1.411086 1.148187 0.815606 0.424652 0.000000 
50.000000 41.460565 33.369324 26.104003 19.919826 14.927621 11.103432 8.321629 6.398528 5.133935 4.342187 3.869746 3.600786 3.454545 3.378519 3.340688 3.322651 3.314401 3.310778 3.309249 3.308628 3.308385 3.308293 3.308260 3.308248 3.308244 3.308243 3.308242 3.308241 3.308238 3.308229 3.308205 3.308146 3.307998 3.307647 3.306841 3.305059 3.301274 3.293552 3.278439 3.250098 3.199264 3.112213 2.970252 2.750488 2.428882 1.986367 1.417740 0.740761 0.000000 
50.000000 41.837366 34.103126 27.158324 21.246916 16.474850 12.819242 10.160022 8.321629 7.112711 6.355803 5.904138 5.646999 5.507182 5.434492 5.398321 5.381074 5.373186 5.369721 5.368259 5.367665 5.367432 5.367345 5.367313 5.367302 5.367298 5.367296 5.367295 5.367294 5.367289 5.367277 5.367246 5.367164 5.366961 5.366475 5.365353 5.362861 5.357532 5.346574 5.324930 5.283910 5.209415 5.080011 4.865490 4.527190 4.021922 3.311594 2.379428 1.249640 0.000000 
50.000000 42.382343 35.164455 28.683255 23.166411 18.712802 15.301091 12.819242 11.103432 9.975097 9.268622 8.847040 8.607020 8.476506 8.408651 8.374884 8.358782 8.351418 8.348184 8.346818 8.346263 8.346046 8.345965 8.345935 8.345924 8.345921 8.345919 8.345918 8.345916 8.345911 8.345896 8.345855 8.345751 8.345491 8.344868 8.343421 8.340188 8.333225 8.318791 8.290002 8.234805 8.133180 7.953752 7.650545 7.161582 6.412426 5.329272 3.866262 2.046548 0.000000 
50.000000 43.131444 36.623322 30.779405 25.804968 21.789175 18.712802 16.474850 14.927621 13.910119 13.273021 12.892827 12.676363 12.558654 12.497454 12.466997 12.452474 12.445831 12.442913 12.441682 12.441181 12.440985 12.440912 12.440885 12.440875 12.440872 12.440871 12.440870 12.440867 12.440861 12.440843 12.440796 12.440674 12.440370 12.439634 12.437921 12.434068 12.425714 12.408249 12.373060 12.304763 12.177133 11.947660 11.551220 10.894588 9.855992 8.298024 6.107339 3.274415 0.000000 
50.000000 44.109246 38.527595 33.515561 29.249193 25.804968 23.166411 21.246916 19.919826 19.047071 18.500590 18.174462 17.988775 17.887798 17.835296 17.809167 17.796706 17.791007 17.788503 17.787446 17.787017 17.786849 17.786785 17.786762 17.786754 17.786751 17.786750 17.786749 17.786747 17.786740 17.786721 17.786672 17.786543 17.786219 17.785435 17.783598 17.779447 17.770383 17.751278 17.712397 17.635985 17.490944 17.224994 16.753985 15.948977 14.624597 12.539499 9.436059 5.172474 0.000000 
50.000000 45.320417 40.886371 36.904803 33.515561 30.779405 28.683255 27.158324 26.104003 25.410619 24.976440 24.717326 24.569789 24.489556 24.447838 24.427076 24.417174 24.412645 24.410655 24.409815 24.409474 24.409340 24.409290 24.409272 24.409265 24.409263 24.409262 24.409261 24.409259 24.409252 24.409235 24.409189 24.409068 24.408765 24.408027 24.406292 24.402351 24.393694 24.375311 24.337545 24.262432 24.117636 23.846729 23.353983 22.481381 20.976062 18.452401 14.379429 8.212791 0.000000 
50.000000 46.743245 43.657363 40.886371 38.527595 36.623322 35.164455 34.103126 33.369324 32.886723 32.584526 32.404173 32.301480 32.245632 32.216593 32.202140 32.195247 32.192094 32.190709 32.190124 32.189887 32.189794 32.189758 32.189746 32.189741 32.189740 32.189739 32.189738 32.189736 32.189732 32.189718 32.189682 32.189588 32.189350 32.188771 32.187404 32.184288 32.177409 32.162712 32.132277 32.071117 31.951584 31.723699 31.298193 30.515983 29.091535 26.506942 21.828681 13.510917 0.000000 
50.000000 48.327754 46.743245 45.320417 44.109246 43.131444 42.382343 41.837366 41.460565 41.212751 41.057571 40.964958 40.912223 40.883544 40.868631 40.861209 40.857669 40.856050 40.855339 40.855038 40.854916 40.854869 40.854851 40.854844 40.854842 40.854841 40.854840 40.854840 40.854839 40.854836 40.854829 40.854809 40.854757 40.854626 40.854307 40.853551 40.851823 40.847996 40.839786 40.822695 40.788098 40.719803 40.587725 40.335794 39.857029 38.936772 37.107626 33.232328 24.163877 0.000000 
50.000000 50.000000 50.000000 50.000000 50.000000 50.000000 50.000000 50.000000 50.000000 50.000000 50.000000 50.000000 50.000000 50.000000 50.000000 50.000000 50.000000 50.000000 50.000000 50.000000 50.000000 50.000000 50.000000 50.000000 50.000000 50.000000 50.000000 50.000000 50.000000 50.000000 50.000000 50.000000 50.000000 50.000000 50.000000 50.000000 50.000000 50.000000 50.000000 50.000000 50.000000 50.000000 50.000000 50.000000 50.000000 50.000000 50.000000 50.000000 50.000000 50.000000 
