50.000000 50.000000 50.000000 50.000000 50.000000 50.000000 50.000000 50.000000 50.000000 50.000000 50.000000 50.000000 50.000000 50.000000 50.000000 50.000000 50.000000 50.000000 50.000000 50.000000 50.000000 50.000000 50.000000 50.000000 50.000000 50.000000 50.000000 50.000000 50.000000 50.000000 50.000000 50.000000 50.000000 50.000000 50.000000 50.000000 50.000000 50.000000 50.000000 50.000000 50.000000 50.000000 50.000000 50.000000 50.000000 50.000000 50.000000 50.000000 50.000000 50.000000 
50.000000 47.722577 45.607781 43.783476 42.320356 41.228121 40.468083 39.974266 39.674133 39.503158 39.411682 39.365622 39.343750 39.333935 39.329765 39.328085 39.327441 39.327206 39.327125 39.327097 39.327089 39.327086 39.327085 39.327085 39.327085 39.327085 39.327085 39.327085 39.327085 39.327085 39.327085 39.327083 39.327078 39.327063 39.327017 39.326881 39.326501 39.325479 39.322839 39.316296 39.300711 39.264955 39.185671 39.014782 38.653504 37.893827 36.271285 32.645881 23.861288 0.000000 
50.000000 45.607781 41.529219 38.010922 35.189228 33.082834 31.617116 30.664820 30.086046 29.756348 29.579957 29.491143 29.448970 29.430047 29.422007 29.418767 29.417526 29.417074 29.416916 29.416864 29.416847 29.416842 29.416841 29.416840 29.416840 29.416840 29.416840 29.416840 29.416840 29.416840 29.416839 29.416837 29.416828 29.416801 29.416720 29.416484 29.415822 29.414046 29.409481 29.398229 29.371625 29.311219 29.179235 28.900902 28.332000 27.199035 24.989400 20.764610 12.961900 0.000000 
50.000000 43.783476 38.010922 33.031392 29.037854 26.056747 23.982425 22.634756 21.815719 21.349175 21.099581 20.973915 20.914246 20.887474 20.876101 20.871517 20.869762 20.869122 20.868899 20.868825 20.868802 20.868795 20.868792 20.868792 20.868792 20.868792 20.868792 20.868792 20.868792 20.868791 20.868790 20.868787 20.868777 20.868745 20.868647 20.868363 20.867571 20.865459 20.860061 20.846862 20.815978 20.746820 20.598530 20.293868 19.693757 18.560665 16.515696 13.021522 7.512191 0.000000 
50.000000 42.320356 35.189228 29.037854 24.104613 20.422139 17.859880 16.195269 15.183659 14.607450 14.299205 14.144017 14.070336 14.037279 14.023237 14.017578 14.015411 14.014621 14.014346 14.014255 14.014226 14.014217 14.014214 14.014214 14.014213 14.014213 14.014213 14.014213 14.014213 14.014213 14.014212 14.014209 14.014199 14.014167 14.014071 14.013792 14.013020 14.010970 14.005771 13.993178 13.964055 13.899820 13.764773 13.494429 12.979975 12.052306 10.477189 7.990194 4.426530 0.000000 
50.000000 41.228121 33.082834 26.056747 20.422139 16.216249 13.289905 11.388844 10.233595 9.575606 9.223633 9.046441 8.962318 8.924579 8.908549 8.902090 8.899617 8.898715 8.898402 8.898297 8.898264 8.898254 8.898251 8.898251 8.898250 8.898250 8.898250 8.898250 8.898250 8.898250 8.898249 8.898246 8.898238 8.898211 8.898129 8.897892 8.897240 8.895522 8.891199 8.880827 8.857126 8.805627 8.699374 8.491670 8.108124 7.442164 6.362990 4.750835 2.574617 0.000000 
50.000000 40.468083 31.617116 23.982425 17.859880 13.289905 10.110354 8.044884 6.789785 6.074961 5.692607 5.500133 5.408761 5.367772 5.350363 5.343348 5.340663 5.339683 5.339343 5.339230 5.339194 5.339183 5.339180 5.339179 5.339179 5.339179 5.339179 5.339179 5.339179 5.339179 5.339178 5.339176 5.339169 5.339149 5.339087 5.338908 5.338420 5.337140 5.333944 5.326350 5.309196 5.272440 5.197892 5.055177 4.798235 4.365451 3.688557 2.716214 1.453301 0.000000 
50.000000 39.974266 30.664820 22.634756 16.195269 11.388844 8.044884 5.872690 4.552792 3.801097 3.399040 3.196658 3.100587 3.057494 3.039192 3.031818 3.028995 3.027966 3.027608 3.027489 3.027451 3.027440 3.027437 3.027436 3.027435 3.027435 3.027435 3.027435 3.027435 3.027435 3.027435 3.027433 3.027429 3.027414 3.027372 3.027251 3.026919 3.026057 3.023922 3.018891 3.007648 2.983863 2.936345 2.846991 2.689470 2.430497 2.036227 1.485585 0.788595 0.000000 
50.000000 39.674133 30.086046 21.815719 15.183659 10.233595 6.789785 4.552792 3.193563 2.419496 2.005489 1.797100 1.698183 1.653814 1.634972 1.627381 1.624474 1.623415 1.623047 1.622924 1.622886 1.622874 1.622870 1.622869 1.622869 1.622869 1.622869 1.622869 1.622869 1.622869 1.622869 1.622868 1.622865 1.622856 1.622829 1.622754 1.622549 1.622018 1.620712 1.617661 1.610908 1.596782 1.568929 1.517345 1.427968 1.283839 1.068899 0.774827 0.409178 0.000000 
50.000000 39.503158 29.756348 21.349175 14.607450 9.575606 6.074961 3.801097 2.419496 1.632709 1.211910 1.000108 0.899574 0.854482 0.835333 0.827618 0.824665 0.823588 0.823214 0.823090 0.823051 0.823039 0.823035 0.823034 0.823034 0.823034 0.823034 0.823034 0.823034 0.823034 0.823034 0.823033 0.823031 0.823026 0.823011 0.822968 0.822850 0.822549 0.821812 0.820104 0.816354 0.808588 0.793448 0.765765 0.718480 0.643395 0.533197 0.384723 0.202447 0.000000 
50.000000 39.411682 29.579957 21.099581 14.299205 9.223633 5.692607 3.399040 2.005489 1.211910 0.787486 0.573865 0.472469 0.426991 0.407678 0.399898 0.396920 0.395834 0.395457 0.395332 0.395292 0.395280 0.395276 0.395275 0.395275 0.395275 0.395275 0.395275 0.395275 0.395275 0.395275 0.395274 0.395274 0.395271 0.395263 0.395240 0.395177 0.395019 0.394632 0.393743 0.391806 0.387828 0.380149 0.366257 0.342806 0.306027 0.252720 0.181729 0.095386 0.000000 
50.000000 39.365622 29.491143 20.973915 14.144017 9.046441 5.500133 3.196658 1.797100 1.000108 0.573865 0.359329 0.257501 0.211830 0.192436 0.184623 0.181632 0.180542 0.180163 0.180037 0.179997 0.179985 0.179981 0.179980 0.179980 0.179980 0.179980 0.179980 0.179980 0.179980 0.179980 0.179980 0.179979 0.179978 0.179974 0.179962 0.179932 0.179854 0.179665 0.179232 0.178296 0.176388 0.172736 0.166188 0.155242 0.138246 0.113854 0.081662 0.042782 0.000000 
50.000000 39.343750 29.448970 20.914246 14.070336 8.962318 5.408761 3.100587 1.698183 0.899574 0.472469 0.257501 0.155469 0.109706 0.090273 0.082445 0.079448 0.078356 0.077976 0.077850 0.077810 0.077798 0.077794 0.077793 0.077793 0.077793 0.077793 0.077793 0.077793 0.077793 0.077793 0.077793 0.077792 0.077792 0.077790 0.077785 0.077770 0.077734 0.077648 0.077450 0.077025 0.076165 0.074530 0.071621 0.066796 0.059366 0.048788 0.034924 0.018271 0.000000 
50.000000 39.333935 29.430047 20.887474 14.037279 8.924579 5.367772 3.057494 1.653814 0.854482 0.426991 0.211830 0.109706 0.063903 0.044452 0.036617 0.033618 0.032524 0.032144 0.032018 0.031978 0.031966 0.031963 0.031962 0.031961 0.031961 0.031961 0.031961 0.031961 0.031961 0.031961 0.031961 0.031961 0.031961 0.031960 0.031958 0.031951 0.031936 0.031898 0.031813 0.031632 0.031266 0.030574 0.029352 0.027339 0.024259 0.019903 0.014225 0.007434 0.000000 
50.000000 39.329765 29.422007 20.876101 14.023237 8.908549 5.350363 3.039192 1.634972 0.835333 0.407678 0.192436 0.090273 0.044452 0.024995 0.017157 0.014156 0.013062 0.012682 0.012556 0.012516 0.012504 0.012500 0.012499 0.012499 0.012499 0.012499 0.012499 0.012499 0.012499 0.012499 0.012499 0.012499 0.012499 0.012498 0.012497 0.012495 0.012488 0.012473 0.012439 0.012365 0.012218 0.011941 0.011454 0.010657 0.009444 0.007738 0.005524 0.002884 0.000000 
50.000000 39.328085 29.418767 20.871517 14.017578 8.902090 5.343348 3.031818 1.627381 0.827618 0.399898 0.184623 0.082445 0.036617 0.017157 0.009317 0.006316 0.005222 0.004842 0.004716 0.004676 0.004664 0.004660 0.004659 0.004659 0.004659 0.004659 0.004659 0.004659 0.004659 0.004659 0.004659 0.004659 0.004659 0.004659 0.004658 0.004657 0.004655 0.004649 0.004636 0.004607 0.004551 0.004446 0.004262 0.003962 0.003507 0.002870 0.002047 0.001068 0.000000 
50.000000 39.327441 29.417526 20.869762 14.015411 8.899617 5.340663 3.028995 1.624474 0.824665 0.396920 0.181632 0.079448 0.033618 0.014156 0.006316 0.003315 0.002221 0.001841 0.001715 0.001675 0.001662 0.001659 0.001658 0.001658 0.001658 0.001658 0.001657 0.001657 0.001657 0.001657 0.001657 0.001657 0.001657 0.001657 0.001657 0.001657 0.001656 0.001654 0.001649 0.001639 0.001618 0.001580 0.001514 0.001406 0.001244 0.001017 0.000725 0.000378 0.000000 
50.000000 39.327206 29.417074 20.869122 14.014621 8.898715 5.339683 3.027966 1.623415 0.823588 0.395834 0.180542 0.078356 0.032524 0.013062 0.005222 0.002221 0.001127 0.000747 0.000621 0.000581 0.000569 0.000565 0.000564 0.000564 0.000564 0.000564 0.000564 0.000564 0.000564 0.000564 0.000564 0.000564 0.000564 0.000564 0.000564 0.000563 0.000563 0.000562 0.000561 0.000557 0.000550 0.000537 0.000514 0.000477 0.000422 0.000345 0.000245 0.000128 0.000000 
50.000000 39.327125 29.416916 20.868899 14.014346 8.898402 5.339343 3.027608 1.623047 0.823214 0.395457 0.180163 0.077976 0.032144 0.012682 0.004842 0.001841 0.000747 0.000367 0.000241 0.000201 0.000188 0.000185 0.000184 0.000184 0.000183 0.000183 0.000183 0.000183 0.000183 0.000183 0.000183 0.000183 0.000183 0.000183 0.000183 0.000183 0.000183 0.000183 0.000182 0.000181 0.000179 0.000175 0.000167 0.000155 0.000137 0.000112 0.000080 0.000041 0.000000 
50.000000 39.327097 29.416864 20.868825 14.014255 8.898297 5.339230 3.027489 1.622924 0.823090 0.395332 0.180037 0.077850 0.032018 0.012556 0.004716 0.001715 0.000621 0.000241 0.000114 0.000074 0.000062 0.000059 0.000058 0.000057 0.000057 0.000057 0.000057 0.000057 0.000057 0.000057 0.000057 0.000057 0.000057 0.000057 0.000057 0.000057 0.000057 0.000057 0.000057 0.000057 0.000056 0.000054 0.000052 0.000048 0.000043 0.000035 0.000025 0.000013 0.000000 
50.000000 39.327089 29.416847 20.868802 14.014226 8.898264 5.339194 3.027451 1.622886 0.823051 0.395292 0.179997 0.077810 0.031978 0.012516 0.004676 0.001675 0.000581 0.000201 0.000074 0.000034 0.000022 0.000018 0.000017 0.000017 0.000017 0.000017 0.000017 0.000017 0.000017 0.000017 0.000017 0.000017 0.000017 0.000017 0.000017 0.000017 0.000017 0.000017 0.000017 0.000017 0.000017 0.000016 0.000016 0.000014 0.000013 0.000010 0.000007 0.000004 0.000000 
50.000000 39.327086 29.416842 20.868795 14.014217 8.898254 5.339183 3.027440 1.622874 0.823039 0.395280 0.179985 0.077798 0.031966 0.012504 0.004664 0.001662 0.000569 0.000188 0.000062 0.000022 0.000010 0.000006 0.000005 0.000005 0.000005 0.000005 0.000005 0.000005 0.000005 0.000005 0.000005 0.000005 0.000005 0.000005 0.000005 0.000005 0.000005 0.000005 0.000005 0.000005 0.000005 0.000005 0.000004 0.000004 0.000004 0.000003 0.000002 0.000001 0.000000 
50.000000 39.327085 29.416841 20.868792 14.014214 8.898251 5.339180 3.027437 1.622870 0.823035 0.395276 0.179981 0.077794 0.031963 0.012500 0.004660 0.001659 0.000565 0.000185 0.000059 0.000018 0.000006 0.000003 0.000002 0.000001 0.000001 0.000001 0.000001 0.000001 0.000001 0.000001 0.000001 0.000001 0.000001 0.000001 0.000001 0.000001 0.000001 0.000001 0.000001 0.000001 0.000001 0.000001 0.000001 0.000001 0.000001 0.000001 0.000001 0.000000 0.000000 
50.000000 39.327085 29.416840 20.868792 14.014214 8.898251 5.339179 3.027436 1.622869 0.823034 0.395275 0.179980 0.077793 0.031962 0.012499 0.004659 0.001658 0.000564 0.000184 0.000058 0.000017 0.000005 0.000002 0.000001 0.000000 0.000000 0.000000 0.000000 0.000000 0.000000 0.000000 0.000000 0.000000 0.000000 0.000000 0.000000 0.000000 0.000000 0.000000 0.000000 0.000000 0.000000 0.000000 0.000000 0.000000 0.000000 0.000000 0.000000 0.000000 0.000000 
50.000000 39.327085 29.416840 20.868792 14.014213 8.898250 5.339179 3.027435 1.622869 0.823034 0.395275 0.179980 0.077793 0.031961 0.012499 0.004659 0.001658 0.000564 0.000184 0.000057 0.000017 0.000005 0.000001 0.000000 0.000000 0.000000 0.000000 0.000000 0.000000 0.000000 0.000000 0.000000 0.000000 0.000000 0.000000 0.000000 0.000000 0.000000 0.000000 0.000000 0.000000 0.000000 0.000000 0.000000 0.000000 0.000000 0.000000 0.000000 0.000000 0.000000 
50.000000 39.327085 29.416840 20.868792 14.014213 8.898250 5.339179 3.027435 1.622869 0.823034 0.395275 0.179980 0.077793 0.031961 0.012499 0.004659 0.001658 0.000564 0.000184 0.000057 0.000017 0.000005 0.000001 0.000000 0.000000 0.000000 0.000000 0.000000 0.000000 0.000000 0.000000 0.000000 0.000000 0.000000 0.000000 0.000000 0.000000 0.000000 0.000000 0.000000 0.000000 0.000000 0.000000 0.000000 0.000000 0.000000 0.000000 0.000000 0.000000 0.000000 
50.000000 39.327085 29.416840 20.868792 14.014214 8.898251 5.339179 3.027436 1.622869 0.823034 0.395275 0.179980 0.077793 0.031962 0.012499 0.004659 0.001658 0.000564 0.000184 0.000058 0.000017 0.000005 0.000002 0.000001 0.000000 0.000000 0.000000 0.000000 0.000000 0.000000 0.000000 0.000000 0.000000 0.000000 0.000000 0.000000 0.000000 0.000000 0.000000 0.000000 0.000000 0.000000 0.000000 0.000000 0.000000 0.000000 0.000000 0.000000 0.000000 0.000000 
50.000000 39.327085 29.416841 20.868792 14.014214 8.898251 5.339180 3.027437 1.622870 0.823035 0.395276 0.179981 0.077794 0.031963 0.012500 0.004660 0.001659 0.000565 0.000185 0.000059 0.000018 0.000006 0.000003 0.000002 0.000001 0.000001 0.000001 0.000001 0.000001 0.000001 0.000001 0.000001 0.000001 0.000001 0.000001 0.000001 0.000001 0.000001 0.000001 0.000001 0.000001 0.000001 0.000001 0.000001 0.000001 0.000001 0.000001 0.000001 0.000000 0.000000 
50.000000 39.327086 29.416842 20.868795 14.014217 8.898254 5.339183 3.027440 1.622874 0.823039 0.395280 0.179985 0.077798 0.031966 0.012504 0.004664 0.001662 0.000569 0.000188 0.000062 0.000022 0.000010 0.000006 0.000005 0.000005 0.000005 0.000005 0.000005 0.000005 0.000005 0.000005 0.000005 0.000005 0.000005 0.000005 0.000005 0.000005 0.000005 0.000005 0.000005 0.000005 0.000005 0.000005 0.000004 0.000004 0.000004 0.000003 0.000002 0.000001 0.000000 
50.000000 39.327089 29.416847 20.868802 14.014226 8.898264 5.339194 3.027451 1.622886 0.823051 0.395292 0.179997 0.077810 0.031978 0.012516 0.004676 0.001675 0.000581 0.000201 0.000074 0.000034 0.000022 0.000018 0.000017 0.000017 0.000017 0.000017 0.000017 0.000017 0.000017 0.000017 0.000017 0.000017 0.000017 0.000017 0.000017 0.000017 0.000017 0.000017 0.000017 0.000017 0.000017 0.000016 0.000016 0.000014 0.000013 0.000010 0.000007 0.000004 0.000000 
50.000000 39.327097 29.416864 20.868825 14.014255 8.898297 5.339230 3.027489 1.622924 0.823090 0.395332 0.180037 0.077850 0.032018 0.012556 0.004716 0.001715 0.000621 0.000241 0.000114 0.000074 0.000062 0.000059 0.000058 0.000057 0.000057 0.000057 0.000057 0.000057 0.000057 0.000057 0.000057 0.000057 0.000057 0.000057 0.000057 0.000057 0.000057 0.000057 0.000057 0.000057 0.000056 0.000054 0.000052 0.000048 0.000043 0.000035 0.000025 0.000013 0.000000 
50.000000 39.327125 29.416916 20.868899 14.014346 8.898402 5.339343 3.027608 1.623047 0.823214 0.395457 0.180163 0.077976 0.032144 0.012682 0.004842 0.001841 0.000747 0.000367 0.000241 0.000201 0.000188 0.000185 0.000184 0.000184 0.000183 0.000183 0.000183 0.000183 0.000183 0.000183 0.000183 0.000183 0.000183 0.000183 0.000183 0.000183 0.000183 0.000183 0.000182 0.000181 0.000179 0.000175 0.000167 0.000155 0.000137 0.000112 0.000080 0.000041 0.000000 
50.000000 39.327206 29.417074 20.869122 14.014621 8.898715 5.339683 3.027966 1.623415 0.823588 0.395834 0.180542 0.078356 0.032524 0.013062 0.005222 0.002221 0.001127 0.000747 0.000621 0.000581 0.000569 0.000565 0.000564 0.000564 0.000564 0.000564 0.000564 0.000564 0.000564 0.000564 0.000564 0.000564 0.000564 0.000564 0.000564 0.000563 0.000563 0.000562 0.000561 0.000557 0.000550 0.000537 0.000514 0.000477 0.000422 0.000345 0.000245 0.000128 0.000000 
50.000000 39.327441 29.417526 20.869762 14.015411 8.899617 5.340663 3.028995 1.624474 0.824665 0.396920 0.181632 0.079448 0.033618 0.014156 0.006316 0.003315 0.002221 0.001841 0.001715 0.001675 0.001662 0.001659 0.001658 0.001658 0.001658 0.001658 0.001657 0.001657 0.001657 0.001657 0.001657 0.001657 0.001657 0.001657 0.001657 0.001657 0.001656 0.001654 0.001649 0.001639 0.001618 0.001580 0.001514 0.001406 0.001244 0.001017 0.000725 0.000378 0.000000 
50.000000 39.328085 29.418767 20.871517 14.017578 8.902090 5.343348 3.031818 1.627381 0.827618 0.399898 0.184623 0.082445 0.036617 0.017157 0.009317 0.006316 0.005222 0.004842 0.004716 0.004676 0.004664 0.004660 0.004659 0.004659 0.004659 0.004659 0.004659 0.004659 0.004659 0.004659 0.004659 0.004659 0.004659 0.004659 0.004658 0.004657 0.004655 0.004649 0.004636 0.004607 0.004551 0.004446 0.004262 0.003962 0.003507 0.002870 0.002047 0.001068 0.000000 
50.000000 39.329765 29.422007 20.876101 14.023237 8.908549 5.350363 3.039192 1.634972 0.835333 0.407678 0.192436 0.090273 0.044452 0.024995 0.017157 0.014156 0.013062 0.012682 0.012556 0.012516 0.012504 0.012500 0.012499 0.012499 0.012499 0.012499 0.012499 0.012499 0.012499 0.012499 0.012499 0.012499 0.012499 0.012498 0.012497 0.012495 0.012488 0.012473 0.012439 0.012365 0.012218 0.011941 0.011454 0.010657 0.009444 0.007738 0.005524 0.002884 0.000000 
50.000000 39.333935 29.430047 20.887474 14.037279 8.924579 5.367772 3.057494 1.653814 0.854482 0.426991 0.211830 0.109706 0.063903 0.044452 0.036617 0.033618 0.032524 0.032144 0.032018 0.031978 0.031966 0.031963 0.031962 0.031961 0.031961 0.031961 0.031961 0.031961 0.031961 0.031961 0.031961 0.031961 0.031961 0.031960 0.031958 0.031951 0.031936 0.031898 0.031813 0.031632 0.031266 0.030574 0.029352 0.027339 0.024259 0.019903 0.014225 0.007434 0.000000 
50.000000 39.343750 29.448970 20.914246 14.070336 8.962318 5.408761 3.100587 1.698183 0.899574 0.472469 0.257501 0.155469 0.109706 0.090273 0.082445 0.079448 0.078356 0.077976 0.077850 0.077810 0.077798 0.077794 0.077793 0.077793 0.077793 0.077793 0.077793 0.077793 0.077793 0.077793 0.077793 0.077792 0.077792 0.077790 0.077785 0.077770 0.077734 0.077648 0.077450 0.077025 0.076165 0.074530 0.071621 0.066796 0.059366 0.048788 0.034924 0.018271 0.000000 
50.000000 39.365622 29.491143 20.973915 14.144017 9.046441 5.500133 3.196658 1.797100 1.000108 0.573865 0.359329 0.257501 0.211830 0.192436 0.184623 0.181632 0.180542 0.180163 0.180037 0.179997 0.179985 0.179981 0.179980 0.179980 0.179980 0.179980 0.179980 0.179980 0.179980 0.179980 0.179980 0.179979 0.179978 0.179974 0.179962 0.179932 0.179854 0.179665 0.179232 0.178296 0.176388 0.172736 0.166188 0.155242 0.138246 0.113854 0.081662 0.042782 0.000000 
50.000000 39.411682 29.579957 21.099581 14.299205 9.223633 5.692607 3.399040 2.005489 1.211910 0.787486 0.573865 0.472469 0.426991 0.407678 0.399898 0.396920 0.395834 0.395457 0.395332 0.395292 0.395280 0.395276 0.395275 0.395275 0.395275 0.395275 0.395275 0.395275 0.395275 0.395275 0.395274 0.395274 0.395271 0.395263 0.395240 0.395177 0.395019 0.394632 0.393743 0.391806 0.387828 0.380149 0.366257 0.342806 0.306027 0.252720 0.181729 0.095386 0.000000 
50.000000 39.503158 29.756348 21.349175 14.607450 9.575606 6.074961 3.801097 2.419496 1.632709 1.211910 1.000108 0.899574 0.854482 0.835333 0.827618 0.824665 0.823588 0.823214 0.823090 0.823051 0.823039 0.823035 0.823034 0.823034 0.823034 0.823034 0.823034 0.823034 0.823034 0.823034 0.823033 0.823031 0.823026 0.823011 0.822968 0.822850 0.822549 0.821812 0.820104 0.816354 0.808588 0.793448 0.765765 0.718480 0.643395 0.533197 0.384723 0.202447 0.000000 
50.000000 39.674133 30.086046 21.815719 15.183659 10.233595 6.789785 4.552792 3.193563 2.419496 2.005489 1.797100 1.698183 1.653814 1.634972 1.627381 1.624474 1.623415 1.623047 1.622924 1.622886 1.622874 1.622870 1.622869 1.622869 1.622869 1.622869 1.622869 1.622869 1.622869 1.622869 1.622868 1.622865 1.622856 1.622829 1.622754 1.622549 1.622018 1.620712 1.617661 1.610908 1.596782 1.568929 1.517345 1.427968 1.283839 1.068899 0.774827 0.409178 0.000000 
50.000000 39.974266 30.664820 22.634756 16.195269 11.388844 8.044884 5.872690 4.552792 3.801097 3.399040 3.196658 3.100587 3.057494 3.039192 3.031818 3.028995 3.027966 3.027608 3.027489 3.027451 3.027440 3.027437 3.027436 3.027435 3.027435 3.027435 3.027435 3.027435 3.027435 3.027435 3.027433 3.027429 3.027414 3.027372 3.027251 3.026919 3.026057 3.023922 3.018891 3.007648 2.983863 2.936345 2.846991 2.689470 2.430497 2.036227 1.485585 0.788595 0.000000 
50.000000 40.468083 31.617116 23.982425 17.859880 13.289905 10.110354 8.044884 6.789785 6.074961 5.692607 5.500133 5.408761 5.367772 5.350363 5.343348 5.340663 5.339683 5.339343 5.339230 5.339194 5.339183 5.339180 5.339179 5.339179 5.339179 5.339179 5.339179 5.339179 5.339179 5.339178 5.339176 5.339169 5.339149 5.339087 5.338908 5.338420 5.337140 5.333944 5.326350 5.309196 5.272440 5.197892 5.055177 4.798235 4.365451 3.688557 2.716214 1.453301 0.000000 
50.000000 41.228121 33.082834 26.056747 20.422139 16.216249 13.289905 11.388844 10.233595 9.575606 9.223633 9.046441 8.962318 8.924579 8.908549 8.902090 8.899617 8.898715 8.898402 8.898297 8.898264 8.898254 8.898251 8.898251 8.898250 8.898250 8.898250 8.898250 8.898250 8.898250 8.898249 8.898246 8.898238 8.898211 8.898129 8.897892 8.897240 8.895522 8.891199 8.880827 8.857126 8.805627 8.699374 8.491670 8.108124 7.442164 6.362990 4.750835 2.574617 0.000000 
50.000000 42.320356 35.189228 29.037854 24.104613 20.422139 17.859880 16.195269 15.183659 14.607450 14.299205 14.144017 14.070336 14.037279 14.023237 14.017578 14.015411 14.014621 14.014346 14.014255 14.014226 14.014217 14.014214 14.014214 14.014213 14.014213 14.014213 14.014213 14.014213 14.014213 14.014212 14.014209 14.014199 14.014167 14.014071 14.013792 14.013020 14.010970 14.005771 13.993178 13.964055 13.899820 13.764773 13.494429 12.979975 12.052306 10.477189 7.990194 4.426530 0.000000 
50.000000 43.783476 38.010922 33.031392 29.037854 26.056747 23.982425 22.634756 21.815719 21.349175 21.099581 20.973915 20.914246 20.887474 20.876101 20.871517 20.869762 20.869122 20.868899 20.868825 20.868802 20.868795 20.868792 20.868792 20.868792 20.868792 20.868792 20.868792 20.868792 20.868791 20.868790 20.868787 20.868777 20.868745 20.868647 20.868363 20.867571 20.865459 20.860061 20.846862 20.815978 20.746820 20.598530 20.293868 19.693757 18.560665 16.515696 13.021522 7.512191 0.000000 
50.000000 45.607781 41.529219 38.010922 35.189228 33.082834 31.617116 30.664820 30.086046 29.756348 29.579957 29.491143 29.448970 29.430047 29.422007 29.418767 29.417526 29.417074 29.416916 29.416864 29.416847 29.416842 29.416841 29.416840 29.416840 29.416840 29.416840 29.416840 29.416840 29.416840 29.416839 29.416837 29.416828 29.416801 29.416720 29.416484 29.415822 29.414046 29.409481 29.398229 29.371625 29.311219 29.179235 28.900902 28.332000 27.199035 24.989400 20.764610 12.961900 0.000000 
50.000000 47.722577 45.607781 43.783476 42.320356 41.228121 40.468083 39.974266 39.674133 39.503158 39.411682 39.365622 39.343750 39.333935 39.329765 39.328085 39.327441 39.327206 39.327125 39.327097 39.327089 39.327086 39.327085 39.327085 39.327085 39.327085 39.327085 39.327085 39.327085 39.327085 39.327085 39.327083 39.327078 39.327063 39.327017 39.326881 39.326501 39.325479 39.322839 39.316296 39.300711 39.264955 39.185671 39.014782 38.653504 37.893827 36.271285 32.645881 23.861288 0.000000 
50.000000 50.000000 50.000000 50.000000 50.000000 50.000000 50.000000 50.000000 50.000000 50.000000 50.000000 50.000000 50.000000 50.000000 50.000000 50.000000 50.000000 50.000000 50.000000 50.000000 50.000000 50.000000 50.000000 50.000000 50.000000 50.000000 50.000000 50.000000 50.000000 50.000000 50.000000 50.000000 50.000000 50.000000 50.000000 50.000000 50.000000 50.000000 50.000000 50.000000 50.000000 50.000000 50.000000 50.000000 50.000000 50.000000 50.000000 50.000000 50.000000 50.000000 
