50.000000 50.000000 50.000000 50.000000 50.000000 50.000000 50.000000 50.000000 50.000000 50.000000 50.000000 50.000000 50.000000 50.000000 50.000000 50.000000 50.000000 50.000000 50.000000 50.000000 50.000000 50.000000 50.000000 50.000000 50.000000 50.000000 50.000000 50.000000 50.000000 50.000000 50.000000 50.000000 50.000000 50.000000 50.000000 50.000000 50.000000 50.000000 50.000000 50.000000 50.000000 50.000000 50.000000 50.000000 50.000000 50.000000 50.000000 50.000000 50.000000 50.000000 
50.000000 48.277081 46.647291 45.188680 43.953202 42.962297 42.209275 41.666658 41.295580 41.054511 40.905586 40.818003 40.768915 40.742664 40.729255 40.722704 40.719640 40.718267 40.717676 40.717432 40.717335 40.717298 40.717284 40.717279 40.717278 40.717277 40.717277 40.717276 40.717276 40.717274 40.717268 40.717252 40.717210 40.717101 40.716831 40.716180 40.714663 40.711248 40.703799 40.688054 40.655730 40.591087 40.464596 40.220787 39.753238 38.847678 37.036795 33.183003 24.138540 0.000000 
50.000000 46.647291 43.475811 40.637446 38.233297 36.305080 34.839775 33.783909 33.061844 32.592763 32.302983 32.132566 32.037053 31.985976 31.959886 31.947141 31.941180 31.938508 31.937358 31.936883 31.936695 31.936623 31.936596 31.936587 31.936583 31.936582 31.936582 31.936581 31.936580 31.936576 31.936566 31.936537 31.936461 31.936264 31.935776 31.934601 31.931874 31.925751 31.912454 31.884498 31.827519 31.714706 31.497101 31.086542 30.324972 28.927572 26.376588 21.737906 13.464288 0.000000 
50.000000 45.188680 40.637446 36.564270 33.114239 30.347215 28.244504 26.729361 25.693232 25.020136 24.604332 24.359807 24.222762 24.149479 24.112046 24.093760 24.085208 24.081375 24.079726 24.079044 24.078774 24.078670 24.078632 24.078618 24.078614 24.078612 24.078612 24.078611 24.078609 24.078604 24.078591 24.078554 24.078457 24.078207 24.077588 24.076104 24.072671 24.065001 24.048446 24.013916 23.944262 23.808243 23.550760 23.077535 22.231890 20.761898 18.282135 14.260858 8.151884 0.000000 
50.000000 43.953202 38.233297 33.114239 28.778376 25.300935 22.658408 20.754327 19.452252 18.606413 18.083909 17.776647 17.604446 17.512366 17.465333 17.442360 17.431615 17.426799 17.424728 17.423872 17.423532 17.423402 17.423354 17.423337 17.423331 17.423329 17.423328 17.423327 17.423325 17.423320 17.423306 17.423267 17.423164 17.422899 17.422245 17.420684 17.417090 17.409110 17.392013 17.356686 17.286274 17.150876 16.899679 16.450121 15.674741 14.389188 12.352341 9.305725 5.105524 0.000000 
50.000000 42.962297 36.305080 30.347215 25.300935 21.253785 18.178389 15.962451 14.447154 13.462830 12.854799 12.497253 12.296878 12.189737 12.135014 12.108285 12.095785 12.090182 12.087772 12.086776 12.086381 12.086229 12.086174 12.086154 12.086147 12.086145 12.086144 12.086143 12.086141 12.086137 12.086123 12.086087 12.085990 12.085743 12.085134 12.083689 12.080381 12.073083 12.057577 12.025855 11.963411 11.845190 11.630113 11.254609 10.626892 9.626194 8.115325 5.980107 3.209059 0.000000 
50.000000 42.209275 34.839775 28.244504 22.658408 18.178389 14.774123 12.321274 10.644016 9.554514 8.881534 8.485808 8.264045 8.145472 8.084912 8.055333 8.041501 8.035302 8.032635 8.031534 8.031096 8.030929 8.030867 8.030845 8.030838 8.030835 8.030834 8.030833 8.030832 8.030828 8.030816 8.030785 8.030703 8.030495 8.029983 8.028775 8.026025 8.020000 8.007304 7.981592 7.931591 7.838321 7.671676 7.387062 6.923780 6.208287 5.166970 3.753233 1.988487 0.000000 
50.000000 41.666658 33.783909 26.729361 20.754327 15.962451 12.321274 9.697781 7.903878 6.738637 6.018895 5.595685 5.358528 5.231729 5.166970 5.135342 5.120552 5.113923 5.111073 5.109895 5.109427 5.109248 5.109182 5.109159 5.109151 5.109148 5.109147 5.109146 5.109145 5.109142 5.109133 5.109109 5.109045 5.108884 5.108490 5.107563 5.105466 5.100904 5.091369 5.072244 5.035478 4.967825 4.848890 4.649599 4.332337 3.854649 3.178600 2.286808 1.202063 0.000000 
50.000000 41.295580 33.061844 25.693232 19.452252 14.447154 10.644016 7.903878 6.030254 4.813259 4.061567 3.619584 3.371915 3.239499 3.171874 3.138847 3.123404 3.116482 3.113506 3.112276 3.111788 3.111601 3.111532 3.111508 3.111499 3.111496 3.111495 3.111495 3.111494 3.111492 3.111485 3.111468 3.111422 3.111306 3.111025 3.110366 3.108885 3.105684 3.099046 3.085851 3.060750 3.015127 2.936052 2.805696 2.601964 2.301376 1.884989 1.347138 0.704493 0.000000 
50.000000 41.054511 32.592763 25.020136 18.606413 13.462830 9.554514 6.738637 4.813259 3.562671 2.790246 2.336083 2.081594 1.945536 1.876053 1.842119 1.826253 1.819142 1.816084 1.814821 1.814319 1.814127 1.814056 1.814031 1.814023 1.814020 1.814019 1.814018 1.814018 1.814016 1.814012 1.814000 1.813969 1.813892 1.813704 1.813268 1.812292 1.810195 1.805878 1.797369 1.781335 1.752509 1.703159 1.622924 1.499420 1.320139 1.075874 0.765245 0.398782 0.000000 
50.000000 40.905586 32.302983 24.604332 18.083909 12.854799 8.881534 6.018895 4.061567 2.790246 2.005029 1.543352 1.284657 1.146354 1.075725 1.041233 1.025106 1.017878 1.014770 1.013486 1.012976 1.012781 1.012709 1.012684 1.012675 1.012672 1.012671 1.012671 1.012670 1.012669 1.012666 1.012659 1.012640 1.012591 1.012474 1.012203 1.011599 1.010310 1.007673 1.002515 0.992878 0.975717 0.946650 0.899942 0.828944 0.727223 0.590416 0.418485 0.217532 0.000000 
50.000000 40.818003 32.132566 24.359807 17.776647 12.497253 8.485808 5.595685 3.619584 2.336083 1.543352 1.077263 0.816100 0.676478 0.605178 0.570358 0.554078 0.546782 0.543644 0.542348 0.541833 0.541637 0.541564 0.541538 0.541529 0.541526 0.541525 0.541525 0.541525 0.541524 0.541523 0.541518 0.541507 0.541478 0.541409 0.541250 0.540898 0.540151 0.538631 0.535679 0.530205 0.520539 0.504316 0.478504 0.439676 0.384634 0.311361 0.220112 0.114204 0.000000 
50.000000 40.768915 32.037053 24.222762 17.604446 12.296878 8.264045 5.358528 3.371915 2.081594 1.284657 0.816100 0.553555 0.413197 0.341521 0.306518 0.290152 0.282818 0.279664 0.278362 0.277844 0.277646 0.277573 0.277548 0.277539 0.277536 0.277535 0.277534 0.277534 0.277534 0.277533 0.277530 0.277524 0.277508 0.277470 0.277382 0.277188 0.276778 0.275949 0.274348 0.271399 0.266230 0.257624 0.244045 0.223795 0.195336 0.157761 0.111301 0.057667 0.000000 
50.000000 40.742664 31.985976 24.149479 17.512366 12.189737 8.145472 5.231729 3.239499 1.945536 1.146354 0.676478 0.413197 0.272445 0.200569 0.165469 0.149057 0.141703 0.138540 0.137234 0.136715 0.136517 0.136444 0.136418 0.136409 0.136406 0.136405 0.136405 0.136404 0.136404 0.136404 0.136402 0.136399 0.136391 0.136370 0.136324 0.136223 0.136009 0.135580 0.134755 0.133244 0.130614 0.126263 0.119447 0.109356 0.095275 0.076807 0.054102 0.028001 0.000000 
50.000000 40.729255 31.959886 24.112046 17.465333 12.135014 8.084912 5.166970 3.171874 1.876053 1.075725 0.605178 0.341521 0.200569 0.128591 0.093441 0.077007 0.069642 0.066475 0.065167 0.064647 0.064448 0.064375 0.064349 0.064340 0.064337 0.064336 0.064336 0.064336 0.064336 0.064335 0.064335 0.064333 0.064329 0.064319 0.064296 0.064245 0.064139 0.063928 0.063523 0.062785 0.061508 0.059408 0.056137 0.051325 0.044649 0.035942 0.025285 0.013075 0.000000 
50.000000 40.722704 31.947141 24.093760 17.442360 12.108285 8.055333 5.135342 3.138847 1.842119 1.041233 0.570358 0.306518 0.165469 0.093441 0.058266 0.041821 0.034451 0.031282 0.029973 0.029453 0.029254 0.029181 0.029155 0.029146 0.029143 0.029142 0.029142 0.029141 0.029141 0.029141 0.029141 0.029140 0.029138 0.029133 0.029122 0.029098 0.029048 0.028949 0.028759 0.028415 0.027822 0.026852 0.025350 0.023151 0.020115 0.016172 0.011365 0.005873 0.000000 
50.000000 40.719640 31.941180 24.085208 17.431615 12.095785 8.041501 5.120552 3.123404 1.826253 1.025106 0.554078 0.290152 0.149057 0.077007 0.041821 0.025370 0.017998 0.014827 0.013518 0.012998 0.012799 0.012726 0.012700 0.012691 0.012688 0.012687 0.012687 0.012686 0.012686 0.012686 0.012686 0.012686 0.012685 0.012683 0.012678 0.012667 0.012644 0.012600 0.012515 0.012361 0.012098 0.011669 0.011007 0.010042 0.008716 0.007001 0.004916 0.002539 0.000000 
50.000000 40.718267 31.938508 24.081375 17.426799 12.090182 8.035302 5.113923 3.116482 1.819142 1.017878 0.546782 0.282818 0.141703 0.069642 0.034451 0.017998 0.010624 0.007454 0.006144 0.005624 0.005425 0.005352 0.005326 0.005317 0.005314 0.005313 0.005313 0.005312 0.005312 0.005312 0.005312 0.005312 0.005312 0.005311 0.005309 0.005304 0.005294 0.005275 0.005238 0.005173 0.005060 0.004878 0.004599 0.004192 0.003636 0.002918 0.002047 0.001057 0.000000 
50.000000 40.717676 31.937358 24.079726 17.424728 12.087772 8.032635 5.111073 3.113506 1.816084 1.014770 0.543644 0.279664 0.138540 0.066475 0.031282 0.014827 0.007454 0.004283 0.002973 0.002453 0.002254 0.002181 0.002155 0.002146 0.002143 0.002142 0.002142 0.002142 0.002142 0.002141 0.002141 0.002141 0.002141 0.002141 0.002140 0.002138 0.002134 0.002126 0.002111 0.002084 0.002038 0.001964 0.001850 0.001685 0.001461 0.001171 0.000821 0.000424 0.000000 
50.000000 40.717432 31.936883 24.079044 17.423872 12.086776 8.031534 5.109895 3.112276 1.814821 1.013486 0.542348 0.278362 0.137234 0.065167 0.029973 0.013518 0.006144 0.002973 0.001663 0.001143 0.000944 0.000871 0.000845 0.000836 0.000833 0.000832 0.000832 0.000832 0.000832 0.000832 0.000832 0.000832 0.000832 0.000831 0.000831 0.000830 0.000829 0.000826 0.000820 0.000809 0.000791 0.000762 0.000717 0.000653 0.000566 0.000453 0.000318 0.000164 0.000000 
50.000000 40.717335 31.936695 24.078774 17.423532 12.086381 8.031096 5.109427 3.111788 1.814319 1.012976 0.541833 0.277844 0.136715 0.064647 0.029453 0.012998 0.005624 0.002453 0.001143 0.000623 0.000424 0.000351 0.000325 0.000316 0.000313 0.000312 0.000312 0.000312 0.000312 0.000311 0.000311 0.000311 0.000311 0.000311 0.000311 0.000311 0.000310 0.000309 0.000307 0.000303 0.000296 0.000285 0.000268 0.000244 0.000211 0.000169 0.000119 0.000061 0.000000 
50.000000 40.717298 31.936623 24.078670 17.423402 12.086229 8.030929 5.109248 3.111601 1.814127 1.012781 0.541637 0.277646 0.136517 0.064448 0.029254 0.012799 0.005425 0.002254 0.000944 0.000424 0.000225 0.000152 0.000126 0.000117 0.000114 0.000113 0.000113 0.000113 0.000113 0.000113 0.000113 0.000113 0.000113 0.000113 0.000113 0.000112 0.000112 0.000112 0.000111 0.000109 0.000107 0.000103 0.000097 0.000088 0.000076 0.000061 0.000043 0.000022 0.000000 
50.000000 40.717284 31.936596 24.078632 17.423354 12.086174 8.030867 5.109182 3.111532 1.814056 1.012709 0.541564 0.277574 0.136444 0.064375 0.029181 0.012726 0.005352 0.002181 0.000871 0.000351 0.000152 0.000079 0.000053 0.000044 0.000041 0.000040 0.000040 0.000039 0.000039 0.000039 0.000039 0.000039 0.000039 0.000039 0.000039 0.000039 0.000039 0.000039 0.000039 0.000038 0.000037 0.000036 0.000034 0.000031 0.000027 0.000021 0.000015 0.000008 0.000000 
50.000000 40.717279 31.936587 24.078619 17.423337 12.086154 8.030846 5.109159 3.111508 1.814032 1.012684 0.541539 0.277548 0.136418 0.064349 0.029155 0.012700 0.005326 0.002155 0.000845 0.000325 0.000126 0.000053 0.000027 0.000018 0.000015 0.000014 0.000014 0.000014 0.000014 0.000014 0.000014 0.000014 0.000014 0.000014 0.000014 0.000014 0.000014 0.000014 0.000013 0.000013 0.000013 0.000012 0.000012 0.000011 0.000009 0.000007 0.000005 0.000003 0.000000 
50.000000 40.717278 31.936584 24.078615 17.423332 12.086148 8.030839 5.109152 3.111500 1.814024 1.012676 0.541531 0.277540 0.136410 0.064341 0.029147 0.012692 0.005318 0.002147 0.000837 0.000317 0.000118 0.000045 0.000019 0.000010 0.000007 0.000006 0.000006 0.000006 0.000006 0.000006 0.000006 0.000006 0.000006 0.000006 0.000006 0.000006 0.000006 0.000006 0.000006 0.000006 0.000005 0.000005 0.000005 0.000004 0.000004 0.000003 0.000002 0.000001 0.000000 
50.000000 40.717278 31.936584 24.078615 17.423332 12.086148 8.030839 5.109152 3.111500 1.814024 1.012676 0.541531 0.277540 0.136410 0.064341 0.029147 0.012692 0.005318 0.002147 0.000837 0.000317 0.000118 0.000045 0.000019 0.000010 0.000007 0.000006 0.000006 0.000006 0.000006 0.000006 0.000006 0.000006 0.000006 0.000006 0.000006 0.000006 0.000006 0.000006 0.000006 0.000006 0.000005 0.000005 0.000005 0.000004 0.000004 0.000003 0.000002 0.000001 0.000000 
50.000000 40.717279 31.936587 24.078619 17.423337 12.086154 8.030846 5.109159 3.111508 1.814032 1.012684 0.541539 0.277548 0.136418 0.064349 0.029155 0.012700 0.005326 0.002155 0.000845 0.000325 0.000126 0.000053 0.000027 0.000018 0.000015 0.000014 0.000014 0.000014 0.000014 0.000014 0.000014 0.000014 0.000014 0.000014 0.000014 0.000014 0.000014 0.000014 0.000013 0.000013 0.000013 0.000012 0.000012 0.000011 0.000009 0.000007 0.000005 0.000003 0.000000 
50.000000 40.717284 31.936596 24.078632 17.423354 12.086174 8.030867 5.109182 3.111532 1.814056 1.012709 0.541564 0.277574 0.136444 0.064375 0.029181 0.012726 0.005352 0.002181 0.000871 0.000351 0.000152 0.000079 0.000053 0.000044 0.000041 0.000040 0.000040 0.000039 0.000039 0.000039 0.000039 0.000039 0.000039 0.000039 0.000039 0.000039 0.000039 0.000039 0.000039 0.000038 0.000037 0.000036 0.000034 0.000031 0.000027 0.000021 0.000015 0.000008 0.000000 
50.000000 40.717298 31.936623 24.078670 17.423402 12.086229 8.030929 5.109248 3.111601 1.814127 1.012781 0.541637 0.277646 0.136517 0.064448 0.029254 0.012799 0.005425 0.002254 0.000944 0.000424 0.000225 0.000152 0.000126 0.000117 0.000114 0.000113 0.000113 0.000113 0.000113 0.000113 0.000113 0.000113 0.000113 0.000113 0.000113 0.000112 0.000112 0.000112 0.000111 0.000109 0.000107 0.000103 0.000097 0.000088 0.000076 0.000061 0.000043 0.000022 0.000000 
50.000000 40.717335 31.936695 24.078774 17.423532 12.086381 8.031096 5.109427 3.111788 1.814319 1.012976 0.541833 0.277844 0.136715 0.064647 0.029453 0.012998 0.005624 0.002453 0.001143 0.000623 0.000424 0.000351 0.000325 0.000316 0.000313 0.000312 0.000312 0.000312 0.000312 0.000311 0.000311 0.000311 0.000311 0.000311 0.000311 0.000311 0.000310 0.000309 0.000307 0.000303 0.000296 0.000285 0.000268 0.000244 0.000211 0.000169 0.000119 0.000061 0.000000 
50.000000 40.717432 31.936883 24.079044 17.423872 12.086776 8.031534 5.109895 3.112276 1.814821 1.013486 0.542348 0.278362 0.137234 0.065167 0.029973 0.013518 0.006144 0.002973 0.001663 0.001143 0.000944 0.000871 0.000845 0.000836 0.000833 0.000832 0.000832 0.000832 0.000832 0.000832 0.000832 0.000832 0.000832 0.000831 0.000831 0.000830 0.000829 0.000826 0.000820 0.000809 0.000791 0.000762 0.000717 0.000653 0.000566 0.000453 0.000318 0.000164 0.000000 
50.000000 40.717676 31.937358 24.079726 17.424728 12.087772 8.032635 5.111073 3.113506 1.816084 1.014770 0.543644 0.279664 0.138540 0.066475 0.031282 0.014827 0.007454 0.004283 0.002973 0.002453 0.002254 0.002181 0.002155 0.002146 0.002143 0.002142 0.002142 0.002142 0.002142 0.002141 0.002141 0.002141 0.002141 0.002141 0.002140 0.002138 0.002134 0.002126 0.002111 0.002084 0.002038 0.001964 0.001850 0.001685 0.001461 0.001171 0.000821 0.000424 0.000000 
50.000000 40.718267 31.938508 24.081375 17.426799 12.090182 8.035302 5.113923 3.116482 1.819142 1.017878 0.546782 0.282818 0.141703 0.069642 0.034451 0.017998 0.010624 0.007454 0.006144 0.005624 0.005425 0.005352 0.005326 0.005317 0.005314 0.005313 0.005313 0.005312 0.005312 0.005312 0.005312 0.005312 0.005312 0.005311 0.005309 0.005304 0.005294 0.005275 0.005238 0.005173 0.005060 0.004878 0.004599 0.004192 0.003636 0.002918 0.002047 0.001057 0.000000 
50.000000 40.719640 31.941180 24.085208 17.431615 12.095785 8.041501 5.120552 3.123404 1.826253 1.025106 0.554078 0.290152 0.149057 0.077007 0.041821 0.025370 0.017998 0.014827 0.013518 0.012998 0.012799 0.012726 0.012700 0.012691 0.012688 0.012687 0.012687 0.012686 0.012686 0.012686 0.012686 0.012686 0.012685 0.012683 0.012678 0.012667 0.012644 0.012600 0.012515 0.012361 0.012098 0.011669 0.011007 0.010042 0.008716 0.007001 0.004916 0.002539 0.000000 
50.000000 40.722704 31.947141 24.093760 17.442360 12.108285 8.055333 5.135342 3.138847 1.842119 1.041233 0.570358 0.306518 0.165469 0.093441 0.058266 0.041821 0.034451 0.031282 0.029973 0.029453 0.029254 0.029181 0.029155 0.029146 0.029143 0.029142 0.029142 0.029141 0.029141 0.029141 0.029141 0.029140 0.029138 0.029133 0.029122 0.029098 0.029048 0.028949 0.028759 0.028415 0.027822 0.026852 0.025350 0.023151 0.020115 0.016172 0.011365 0.005873 0.000000 
50.000000 40.729255 31.959886 24.112046 17.465333 12.135014 8.084912 5.166970 3.171874 1.876053 1.075725 0.605178 0.341521 0.200569 0.128591 0.093441 0.077007 0.069642 0.066475 0.065167 0.064647 0.064448 0.064375 0.064349 0.064340 0.064337 0.064336 0.064336 0.064336 0.064336 0.064335 0.064335 0.064333 0.064329 0.064319 0.064296 0.064245 0.064139 0.063928 0.063523 0.062785 0.061508 0.059408 0.056137 0.051325 0.044649 0.035942 0.025285 0.013075 0.000000 
50.000000 40.742664 31.985976 24.149479 17.512366 12.189737 8.145472 5.231729 3.239499 1.945536 1.146354 0.676478 0.413197 0.272445 0.200569 0.165469 0.149057 0.141703 0.138540 0.137234 0.136715 0.136517 0.136444 0.136418 0.136409 0.136406 0.136405 0.136405 0.136404 0.136404 0.136404 0.136402 0.136399 0.136391 0.136370 0.136324 0.136223 0.136009 0.135580 0.134755 0.133244 0.130614 0.126263 0.119447 0.109356 0.095275 0.076807 0.054102 0.028001 0.000000 
50.000000 40.768915 32.037053 24.222762 17.604446 12.296878 8.264045 5.358528 3.371915 2.081594 1.284657 0.816100 0.553555 0.413197 0.341521 0.306518 0.290152 0.282818 0.279664 0.278362 0.277844 0.277646 0.277573 0.277548 0.277539 0.277536 0.277535 0.277534 0.277534 0.277534 0.277533 0.277530 0.277524 0.277508 0.277470 0.277382 0.277188 0.276778 0.275949 0.274348 0.271399 0.266230 0.257624 0.244045 0.223795 0.195336 0.157761 0.111301 0.057667 0.000000 
50.000000 40.818003 32.132566 24.359807 17.776647 12.497253 8.485808 5.595685 3.619584 2.336083 1.543352 1.077263 0.816100 0.676478 0.605178 0.570358 0.554078 0.546782 0.543644 0.542348 0.541833 0.541637 0.541564 0.541538 0.541529 0.541526 0.541525 0.541525 0.541525 0.541524 0.541523 0.541518 0.541507 0.541478 0.541409 0.541250 0.540898 0.540151 0.538631 0.535679 0.530205 0.520539 0.504316 0.478504 0.439676 0.384634 0.311361 0.220112 0.114204 0.000000 
50.000000 40.905586 32.302983 24.604332 18.083909 12.854799 8.881534 6.018895 4.061567 2.790246 2.005029 1.543352 1.284657 1.146354 1.075725 1.041233 1.025106 1.017878 1.014770 1.013486 1.012976 1.012781 1.012709 1.012684 1.012675 1.012672 1.012671 1.012671 1.012670 1.012669 1.012666 1.012659 1.012640 1.012591 1.012474 1.012203 1.011599 1.010310 1.007673 1.002515 0.992878 0.975717 0.946650 0.899942 0.828944 0.727223 0.590416 0.418485 0.217532 0.000000 
50.000000 41.054511 32.592763 25.020136 18.606413 13.462830 9.554514 6.738637 4.813259 3.562671 2.790246 2.336083 2.081594 1.945536 1.876053 1.842119 1.826253 1.819142 1.816084 1.814821 1.814319 1.814127 1.814056 1.814031 1.814023 1.814020 1.814019 1.814018 1.814018 1.814016 1.814012 1.814000 1.813969 1.813892 1.813704 1.813268 1.812292 1.810195 1.805878 1.797369 1.781335 1.752509 1.703159 1.622924 1.499420 1.320139 1.075874 0.765245 0.398782 0.000000 
50.000000 41.295580 33.061844 25.693232 19.452252 14.447154 10.644016 7.903878 6.030254 4.813259 4.061567 3.619584 3.371915 3.239499 3.171874 3.138847 3.123404 3.116482 3.113506 3.112276 3.111788 3.111601 3.111532 3.111508 3.111499 3.111496 3.111495 3.111495 3.111494 3.111492 3.111485 3.111468 3.111422 3.111306 3.111025 3.110366 3.108885 3.105684 3.099046 3.085851 3.060750 3.015127 2.936052 2.805696 2.601964 2.301376 1.884989 1.347138 0.704493 0.000000 
50.000000 41.666658 33.783909 26.729361 20.754327 15.962451 12.321274 9.697781 7.903878 6.738637 6.018895 5.595685 5.358528 5.231729 5.166970 5.135342 5.120552 5.113923 5.111073 5.109895 5.109427 5.109248 5.109182 5.109159 5.109151 5.109148 5.109147 5.109146 5.109145 5.109142 5.109133 5.109109 5.109045 5.108884 5.108490 5.107563 5.105466 5.100904 5.091369 5.072244 5.035478 4.967825 4.848890 4.649599 4.332337 3.854649 3.178600 2.286808 1.202063 0.000000 
50.000000 42.209275 34.839775 28.244504 22.658408 18.178389 14.774123 12.321274 10.644016 9.554514 8.881534 8.485808 8.264045 8.145472 8.084912 8.055333 8.041501 8.035302 8.032635 8.031534 8.031096 8.030929 8.030867 8.030845 8.030838 8.030835 8.030834 8.030833 8.030832 8.030828 8.030816 8.030785 8.030703 8.030495 8.029983 8.028775 8.026025 8.020000 8.007304 7.981592 7.931591 7.838321 7.671676 7.387062 6.923780 6.208287 5.166970 3.753233 1.988487 0.000000 
50.000000 42.962297 36.305080 30.347215 25.300935 21.253785 18.178389 15.962451 14.447154 13.462830 12.854799 12.497253 12.296878 12.189737 12.135014 12.108285 12.095785 12.090182 12.087772 12.086776 12.086381 12.086229 12.086174 12.086154 12.086147 12.086145 12.086144 12.086143 12.086141 12.086137 12.086123 12.086087 12.085990 12.085743 12.085134 12.083689 12.080381 12.073083 12.057577 12.025855 11.963411 11.845190 11.630113 11.254609 10.626892 9.626194 8.115325 5.980107 3.209059 0.000000 
50.000000 43.953202 38.233297 33.114239 28.778376 25.300935 22.658408 20.754327 19.452252 18.606413 18.083909 17.776647 17.604446 17.512366 17.465333 17.442360 17.431615 17.426799 17.424728 17.423872 17.423532 17.423402 17.423354 17.423337 17.423331 17.423329 17.423328 17.423327 17.423325 17.423320 17.423306 17.423267 17.423164 17.422899 17.422245 17.420684 17.417090 17.409110 17.392013 17.356686 17.286274 17.150876 16.899679 16.450121 15.674741 14.389188 12.352341 9.305725 5.105524 0.000000 
50.000000 45.188680 40.637446 36.564270 33.114239 30.347215 28.244504 26.729361 25.693232 25.020136 24.604332 24.359807 24.222762 24.149479 24.112046 24.093760 24.085208 24.081375 24.079726 24.079044 24.078774 24.078670 24.078632 24.078618 24.078614 24.078612 24.078612 24.078611 24.078609 24.078604 24.078591 24.078554 24.078457 24.078207 24.077588 24.076104 24.072671 24.065001 24.048446 24.013916 23.944262 23.808243 23.550760 23.077535 22.231890 20.761898 18.282135 14.260858 8.151884 0.000000 
50.000000 46.647291 43.475811 40.637446 38.233297 36.305080 34.839775 33.783909 33.061844 32.592763 32.302983 32.132566 32.037053 31.985976 31.959886 31.947141 31.941180 31.938508 31.937358 31.936883 31.936695 31.936623 31.936596 31.936587 31.936583 31.936582 31.936582 31.936581 31.936580 31.936576 31.936566 31.936537 31.936461 31.936264 31.935776 31.934601 31.931874 31.925751 31.912454 31.884498 31.827519 31.714706 31.497101 31.086542 30.324972 28.927572 26.376588 21.737906 13.464288 0.000000 
50.000000 48.277081 46.647291 45.188680 43.953202 42.962297 42.209275 41.666658 41.295580 41.054511 40.905586 40.818003 40.768915 40.742664 40.729255 40.722704 40.719640 40.718267 40.717676 40.717432 40.717335 40.717298 40.717284 40.717279 40.717278 40.717277 40.717277 40.717276 40.717276 40.717274 40.717268 40.717252 40.717210 40.717101 40.716831 40.716180 40.714663 40.711248 40.703799 40.688054 40.655730 40.591087 40.464596 40.220787 39.753238 38.847678 37.036795 33.183003 24.138540 0.000000 
50.000000 50.000000 50.000000 50.000000 50.000000 50.000000 50.000000 50.000000 50.000000 50.000000 50.000000 50.000000 50.000000 50.000000 50.000000 50.000000 50.000000 50.000000 50.000000 50.000000 50.000000 50.000000 50.000000 50.000000 50.000000 50.000000 50.000000 50.000000 50.000000 50.000000 50.000000 50.000000 50.000000 50.000000 50.000000 50.000000 50.000000 50.000000 50.000000 50.000000 50.000000 50.000000 50.000000 50.000000 50.000000 50.000000 50.000000 50.000000 50.000000 50.000000 
