50.000000 50.000000 50.000000 50.000000 50.000000 50.000000 50.000000 50.000000 50.000000 50.000000 50.000000 50.000000 50.000000 50.000000 50.000000 50.000000 50.000000 50.000000 50.000000 50.000000 50.000000 50.000000 50.000000 50.000000 50.000000 50.000000 50.000000 50.000000 50.000000 50.000000 50.000000 50.000000 50.000000 50.000000 50.000000 50.000000 50.000000 50.000000 50.000000 50.000000 50.000000 50.000000 50.000000 50.000000 50.000000 50.000000 50.000000 50.000000 50.000000 50.000000 
50.000000 49.038128 48.105302 47.227938 46.427591 45.719428 45.111586 44.605398 44.196359 43.875564 43.631337 43.450805 43.321199 43.230812 43.169558 43.129210 43.103369 43.087272 43.077517 43.071764 43.068460 43.066612 43.065605 43.065069 43.064788 43.064640 43.064553 43.064481 43.064387 43.064222 43.063909 43.063311 43.062189 43.060121 43.056380 43.049743 43.038183 43.018387 42.985007 42.929475 42.838069 42.688636 42.444721 42.044217 41.375446 40.221530 38.116346 33.928026 24.519064 0.000000 
50.000000 48.105302 46.267819 44.539587 42.963064 41.568127 40.370802 39.373717 38.567998 37.936101 37.455029 37.099421 36.844129 36.666087 36.545432 36.465957 36.415056 36.383351 36.364136 36.352804 36.346296 36.342656 36.340672 36.339616 36.339064 36.338772 36.338602 36.338464 36.338284 36.337971 36.337379 36.336250 36.334132 36.330232 36.323192 36.310727 36.289066 36.252086 36.189978 36.087181 35.919137 35.647033 35.208955 34.504333 33.365307 31.502208 28.399540 23.133910 14.177276 0.000000 
50.000000 47.227938 44.539587 42.011080 39.704534 37.663663 35.911913 34.453130 33.274328 32.349838 31.646014 31.125750 30.752253 30.491775 30.315257 30.198984 30.124518 30.078134 30.050024 30.033444 30.023924 30.018599 30.015697 30.014152 30.013345 30.012920 30.012674 30.012479 30.012230 30.011800 30.010989 30.009448 30.006562 30.001259 29.991710 29.974856 29.945682 29.896109 29.813349 29.677425 29.457466 29.106094 28.550825 27.680748 26.326080 24.228451 21.005540 16.140047 9.111592 0.000000 
50.000000 46.427591 42.963064 39.704534 36.732055 34.101962 31.844469 29.964531 28.445412 27.254030 26.347023 25.676571 25.195257 24.859590 24.632119 24.482286 24.386327 24.326555 24.290332 24.268968 24.256700 24.249839 24.246100 24.244110 24.243071 24.242526 24.242214 24.241973 24.241675 24.241168 24.240217 24.238415 24.235047 24.228878 24.217807 24.198345 24.164821 24.108200 24.014377 23.861730 23.617662 23.233808 22.639490 21.733198 20.372576 18.366028 15.476083 11.460856 6.206062 0.000000 
50.000000 45.719428 41.568127 37.663663 34.101962 30.950526 28.245557 25.992991 24.172771 22.745257 21.658489 20.855164 20.278465 19.876281 19.603736 19.424214 19.309243 19.237629 19.194230 19.168634 19.153936 19.145717 19.141237 19.138854 19.137610 19.136961 19.136595 19.136322 19.135997 19.135455 19.134445 19.132539 19.128989 19.122507 19.110921 19.090652 19.055932 18.997696 18.902002 18.747911 18.504681 18.128260 17.557190 16.708509 15.475263 13.729386 11.337583 8.202820 4.343982 0.000000 
50.000000 45.111586 40.370802 35.911913 31.844469 28.245557 25.156518 22.584131 20.505487 18.875312 17.634267 16.716910 16.058354 15.599088 15.287864 15.082867 14.951581 14.869807 14.820251 14.791024 14.774242 14.764857 14.759742 14.757022 14.755604 14.754867 14.754458 14.754166 14.753835 14.753296 14.752302 14.750434 14.746967 14.740663 14.729444 14.709918 14.676678 14.621329 14.531177 14.387542 14.163718 13.822718 13.315181 12.578259 11.537048 10.111271 8.231166 5.866469 3.067368 0.000000 
50.000000 44.605398 39.373717 34.453130 29.964531 25.992991 22.584131 19.745427 17.451597 15.652676 14.283174 13.270873 12.544165 12.037375 11.693950 11.467745 11.322880 11.232648 11.177967 11.145718 11.127202 11.116846 11.111203 11.108203 11.106641 11.105832 11.105392 11.105091 11.104770 11.104265 11.103345 11.101626 11.098449 11.092694 11.082501 11.064857 11.035013 10.985688 10.906053 10.780492 10.587240 10.297107 9.872714 9.268950 8.435801 7.325041 5.902305 4.164762 2.160676 0.000000 
50.000000 44.196359 38.567998 33.274328 28.445412 24.172771 20.505487 17.451597 14.983900 13.048637 11.575351 10.486344 9.704578 9.159397 8.789960 8.546625 8.390790 8.293727 8.234909 8.200219 8.180301 8.169163 8.163094 8.159868 8.158190 8.157325 8.156862 8.156561 8.156262 8.155812 8.155005 8.153506 8.150748 8.145775 8.137010 8.121922 8.096562 8.054958 7.988362 7.884403 7.726240 7.491950 7.154490 6.682769 6.044511 5.211604 4.168234 2.920965 1.507723 0.000000 
50.000000 43.875564 37.936101 32.349838 27.254030 22.745257 18.875312 15.652676 13.048637 11.006462 9.451798 8.302648 7.477714 6.902435 6.512605 6.255842 6.091409 5.988992 5.926930 5.890328 5.869312 5.857560 5.851157 5.847754 5.845986 5.845079 5.844600 5.844305 5.844035 5.843650 5.842974 5.841729 5.839449 5.835358 5.828181 5.815894 5.795371 5.761943 5.708869 5.626788 5.503231 5.322397 5.065436 4.711594 4.240576 3.636367 2.892372 2.016964 1.037495 0.000000 
50.000000 43.631337 37.455029 31.646014 26.347023 21.658489 17.634267 14.283174 11.575351 9.451798 7.835194 6.640268 5.782480 5.184295 4.778948 4.511966 4.340991 4.234501 4.169970 4.131914 4.110063 4.097844 4.091187 4.087651 4.085814 4.084876 4.084388 4.084101 4.083861 4.083543 4.083000 4.082011 4.080209 4.076989 4.071369 4.061799 4.045909 4.020202 3.979700 3.917597 3.825010 3.690948 3.502682 3.246725 2.910578 2.485294 1.968589 1.367849 0.701862 0.000000 
50.000000 43.450805 37.099421 31.125750 25.676571 20.855164 16.716910 13.270873 10.486344 8.302648 6.640268 5.411516 4.529451 3.914341 3.497528 3.222997 3.047190 2.937690 2.871337 2.832206 2.809739 2.797175 2.790331 2.786695 2.784809 2.783848 2.783355 2.783078 2.782867 2.782611 2.782192 2.781436 2.780070 2.777639 2.773416 2.766261 2.754450 2.735462 2.705758 2.660569 2.593779 2.497982 2.364820 2.185733 1.953162 1.662194 1.312401 0.909444 0.465798 0.000000 
50.000000 43.321199 36.844129 30.752253 25.195257 20.278465 16.058354 12.544165 9.704578 7.477714 5.782480 4.529451 3.629964 3.002709 2.577670 2.297723 2.118448 2.006790 1.939129 1.899228 1.876318 1.863508 1.856529 1.852823 1.850901 1.849925 1.849429 1.849161 1.848976 1.848774 1.848460 1.847905 1.846907 1.845142 1.842088 1.836941 1.828489 1.814982 1.793988 1.762278 1.715771 1.649620 1.558477 1.437025 1.280770 1.087057 0.856144 0.592043 0.302813 0.000000 
50.000000 43.230812 36.666087 30.491775 24.859590 19.876281 15.599088 12.037375 9.159397 6.902435 5.184295 3.914341 3.002709 2.366989 1.936216 1.652493 1.470803 1.357640 1.289069 1.248630 1.225413 1.212431 1.205358 1.201603 1.199657 1.198670 1.198173 1.197914 1.197749 1.197591 1.197362 1.196968 1.196266 1.195030 1.192901 1.189330 1.183495 1.174220 1.159891 1.138386 1.107064 1.062835 1.002363 0.922410 0.820349 0.694770 0.546094 0.377021 0.192629 0.000000 
50.000000 43.169558 36.545432 30.315257 24.632119 19.603736 15.287864 11.693950 8.789960 6.512606 4.778948 3.497528 2.577670 1.936216 1.501559 1.215280 1.031954 0.917773 0.848585 0.807783 0.784357 0.771258 0.764123 0.760334 0.758372 0.757378 0.756881 0.756628 0.756480 0.756356 0.756192 0.755921 0.755443 0.754607 0.753174 0.750780 0.746886 0.740729 0.731268 0.717149 0.696712 0.668038 0.629093 0.577946 0.513085 0.433774 0.340400 0.234705 0.119815 0.000000 
50.000000 43.129210 36.465957 30.198985 24.482286 19.424215 15.082867 11.467746 8.546625 6.255842 4.511966 3.222998 2.297723 1.652494 1.215281 0.927319 0.742916 0.628065 0.558471 0.517430 0.493867 0.480692 0.473515 0.469704 0.467731 0.466733 0.466237 0.465988 0.465853 0.465753 0.465637 0.465455 0.465141 0.464594 0.463660 0.462107 0.459593 0.455635 0.449582 0.440597 0.427662 0.409615 0.385245 0.353423 0.313294 0.264480 0.207275 0.142765 0.072830 0.000000 
50.000000 43.103369 36.415057 30.124519 24.386328 19.309243 14.951582 11.322881 8.390792 6.091410 4.340993 3.047191 2.118449 1.470804 1.031955 0.742917 0.557824 0.442545 0.372691 0.331497 0.307846 0.294622 0.287419 0.283594 0.281614 0.280613 0.280117 0.279873 0.279746 0.279664 0.279581 0.279462 0.279261 0.278914 0.278325 0.277349 0.275776 0.273309 0.269553 0.264004 0.256054 0.245017 0.230188 0.210920 0.186737 0.157450 0.123261 0.084825 0.043249 0.000000 
50.000000 43.087273 36.383352 30.078135 24.326557 19.237631 14.869809 11.232650 8.293730 5.988995 4.234503 2.937693 2.006793 1.357643 0.917776 0.628068 0.442546 0.327000 0.256985 0.215696 0.191990 0.178736 0.171516 0.167683 0.165698 0.164696 0.164201 0.163959 0.163837 0.163767 0.163707 0.163630 0.163504 0.163291 0.162931 0.162336 0.161380 0.159888 0.157626 0.154297 0.149548 0.142985 0.134204 0.122844 0.108644 0.091511 0.071574 0.049220 0.025084 0.000000 
50.000000 43.077518 36.364138 30.050027 24.290336 19.194235 14.820256 11.177973 8.234915 5.926936 4.169977 2.871344 1.939136 1.289076 0.848592 0.558478 0.372697 0.256989 0.186877 0.145530 0.121792 0.108519 0.101288 0.097450 0.095463 0.094460 0.093965 0.093725 0.093607 0.093545 0.093500 0.093449 0.093373 0.093245 0.093031 0.092679 0.092116 0.091239 0.089914 0.087973 0.085214 0.081415 0.076353 0.069828 0.061700 0.051925 0.040582 0.027890 0.014208 0.000000 
50.000000 43.071766 36.352808 30.033451 24.268977 19.168645 14.791037 11.145732 8.200234 5.890343 4.131930 2.832222 1.899244 1.248647 0.807800 0.517447 0.331513 0.215710 0.145540 0.104159 0.080401 0.067118 0.059882 0.056040 0.054052 0.053048 0.052553 0.052314 0.052199 0.052141 0.052105 0.052072 0.052026 0.051951 0.051827 0.051625 0.051302 0.050801 0.050047 0.048945 0.047385 0.045244 0.042401 0.038747 0.034211 0.028769 0.022470 0.015435 0.007860 0.000000 
50.000000 43.068466 36.346307 30.023941 24.256722 19.153962 14.774271 11.127234 8.180336 5.869348 4.110100 2.809777 1.876357 1.225452 0.784396 0.493906 0.307885 0.192027 0.121824 0.080424 0.056655 0.043365 0.036126 0.032283 0.030294 0.029290 0.028795 0.028556 0.028443 0.028388 0.028358 0.028334 0.028307 0.028264 0.028194 0.028081 0.027901 0.027622 0.027204 0.026595 0.025735 0.024558 0.023000 0.021004 0.018533 0.015575 0.012158 0.008348 0.004250 0.000000 
50.000000 43.066625 36.342682 30.018638 24.249888 19.145775 14.764923 11.116919 8.169241 5.857642 4.097929 2.797263 1.863597 1.212520 0.771348 0.480782 0.294712 0.178824 0.108602 0.067191 0.043416 0.030123 0.022882 0.019038 0.017048 0.016044 0.015549 0.015311 0.015198 0.015145 0.015118 0.015101 0.015084 0.015059 0.015021 0.014959 0.014861 0.014709 0.014482 0.014153 0.013690 0.013057 0.012222 0.011155 0.009836 0.008262 0.006446 0.004424 0.002252 0.000000 
50.000000 43.065634 36.340730 30.015782 24.246209 19.141367 14.759890 11.111365 8.163267 5.851339 4.091376 2.790525 1.856726 1.205557 0.764323 0.473716 0.287619 0.171715 0.101484 0.060067 0.036288 0.022993 0.015751 0.011906 0.009917 0.008912 0.008418 0.008180 0.008067 0.008015 0.007990 0.007976 0.007965 0.007951 0.007930 0.007896 0.007843 0.007762 0.007640 0.007464 0.007216 0.006880 0.006437 0.005871 0.005175 0.004344 0.003388 0.002324 0.001183 0.000000 
50.000000 43.065133 36.339743 30.014337 24.244347 19.139137 14.757343 11.108556 8.160245 5.848151 4.088061 2.787116 1.853251 1.202035 0.760770 0.470141 0.284032 0.168119 0.097883 0.056463 0.032683 0.019387 0.012144 0.008299 0.006309 0.005305 0.004810 0.004572 0.004460 0.004409 0.004385 0.004372 0.004364 0.004355 0.004343 0.004324 0.004295 0.004249 0.004182 0.004084 0.003947 0.003761 0.003517 0.003207 0.002825 0.002370 0.001848 0.001267 0.000645 0.000000 
50.000000 43.064925 36.339333 30.013738 24.243575 19.138212 14.756288 11.107391 8.158993 5.846829 4.086687 2.785703 1.851810 1.200575 0.759296 0.468660 0.282544 0.166628 0.096390 0.054969 0.031188 0.017892 0.010649 0.006804 0.004814 0.003809 0.003315 0.003077 0.002965 0.002914 0.002890 0.002878 0.002871 0.002865 0.002857 0.002844 0.002824 0.002794 0.002749 0.002684 0.002593 0.002470 0.002309 0.002104 0.001853 0.001554 0.001211 0.000831 0.000422 0.000000 
50.000000 43.064925 36.339333 30.013738 24.243575 19.138212 14.756288 11.107391 8.158993 5.846829 4.086687 2.785703 1.851810 1.200575 0.759296 0.468660 0.282544 0.166628 0.096390 0.054969 0.031188 0.017892 0.010649 0.006804 0.004814 0.003809 0.003315 0.003077 0.002965 0.002914 0.002890 0.002878 0.002871 0.002865 0.002857 0.002844 0.002824 0.002794 0.002749 0.002684 0.002593 0.002470 0.002309 0.002104 0.001853 0.001554 0.001211 0.000831 0.000422 0.000000 
50.000000 43.065133 36.339743 30.014337 24.244347 19.139137 14.757343 11.108556 8.160245 5.848151 4.088061 2.787116 1.853251 1.202035 0.760770 0.470141 0.284032 0.168119 0.097883 0.056463 0.032683 0.019387 0.012144 0.008299 0.006309 0.005305 0.004810 0.004572 0.004460 0.004409 0.004385 0.004372 0.004364 0.004355 0.004343 0.004324 0.004295 0.004249 0.004182 0.004084 0.003947 0.003761 0.003517 0.003207 0.002825 0.002370 0.001848 0.001267 0.000645 0.000000 
50.000000 43.065634 36.340730 30.015782 24.246209 19.141367 14.759890 11.111365 8.163267 5.851339 4.091376 2.790525 1.856726 1.205557 0.764323 0.473716 0.287619 0.171715 0.101484 0.060067 0.036288 0.022993 0.015751 0.011906 0.009917 0.008912 0.008418 0.008180 0.008067 0.008015 0.007990 0.007976 0.007965 0.007951 0.007930 0.007896 0.007843 0.007762 0.007640 0.007464 0.007216 0.006880 0.006437 0.005871 0.005175 0.004344 0.003388 0.002324 0.001183 0.000000 
50.000000 43.066625 36.342682 30.018638 24.249888 19.145775 14.764923 11.116919 8.169241 5.857642 4.097929 2.797263 1.863597 1.212520 0.771348 0.480782 0.294712 0.178824 0.108602 0.067191 0.043416 0.030123 0.022882 0.019038 0.017048 0.016044 0.015549 0.015311 0.015198 0.015145 0.015118 0.015101 0.015084 0.015059 0.015021 0.014959 0.014861 0.014709 0.014482 0.014153 0.013690 0.013057 0.012222 0.011155 0.009836 0.008262 0.006446 0.004424 0.002252 0.000000 
50.000000 43.068466 36.346307 30.023941 24.256722 19.153962 14.774271 11.127234 8.180336 5.869348 4.110100 2.809777 1.876357 1.225452 0.784396 0.493906 0.307885 0.192027 0.121824 0.080424 0.056655 0.043365 0.036126 0.032283 0.030294 0.029290 0.028795 0.028556 0.028443 0.028388 0.028358 0.028334 0.028307 0.028264 0.028194 0.028081 0.027901 0.027622 0.027204 0.026595 0.025735 0.024558 0.023000 0.021004 0.018533 0.015575 0.012158 0.008348 0.004250 0.000000 
50.000000 43.071766 36.352808 30.033451 24.268977 19.168645 14.791037 11.145732 8.200234 5.890343 4.131930 2.832222 1.899244 1.248647 0.807800 0.517447 0.331513 0.215710 0.145540 0.104159 0.080401 0.067118 0.059882 0.056040 0.054052 0.053048 0.052553 0.052314 0.052199 0.052141 0.052105 0.052072 0.052026 0.051951 0.051827 0.051625 0.051302 0.050801 0.050047 0.048945 0.047385 0.045244 0.042401 0.038747 0.034211 0.028769 0.022470 0.015435 0.007860 0.000000 
50.000000 43.077518 36.364138 30.050027 24.290336 19.194235 14.820256 11.177973 8.234915 5.926936 4.169977 2.871344 1.939136 1.289076 0.848592 0.558478 0.372697 0.256989 0.186877 0.145530 0.121792 0.108519 0.101288 0.097450 0.095463 0.094460 0.093965 0.093725 0.093607 0.093545 0.093500 0.093449 0.093373 0.093245 0.093031 0.092679 0.092116 0.091239 0.089914 0.087973 0.085214 0.081415 0.076353 0.069828 0.061700 0.051925 0.040582 0.027890 0.014208 0.000000 
50.000000 43.087273 36.383352 30.078135 24.326557 19.237631 14.869809 11.232650 8.293730 5.988995 4.234503 2.937693 2.006793 1.357643 0.917776 0.628068 0.442546 0.327000 0.256985 0.215696 0.191990 0.178736 0.171516 0.167683 0.165698 0.164696 0.164201 0.163959 0.163837 0.163767 0.163707 0.163630 0.163504 0.163291 0.162931 0.162336 0.161380 0.159888 0.157626 0.154297 0.149548 0.142985 0.134204 0.122844 0.108644 0.091511 0.071574 0.049220 0.025084 0.000000 
50.000000 43.103369 36.415057 30.124519 24.386328 19.309243 14.951582 11.322881 8.390792 6.091410 4.340993 3.047191 2.118449 1.470804 1.031955 0.742917 0.557824 0.442545 0.372691 0.331497 0.307846 0.294622 0.287419 0.283594 0.281614 0.280613 0.280117 0.279873 0.279746 0.279664 0.279581 0.279462 0.279261 0.278914 0.278325 0.277349 0.275776 0.273309 0.269553 0.264004 0.256054 0.245017 0.230188 0.210920 0.186737 0.157450 0.123261 0.084825 0.043249 0.000000 
50.000000 43.129210 36.465957 30.198985 24.482286 19.424215 15.082867 11.467746 8.546625 6.255842 4.511966 3.222998 2.297723 1.652494 1.215281 0.927319 0.742916 0.628065 0.558471 0.517430 0.493867 0.480692 0.473515 0.469704 0.467731 0.466733 0.466237 0.465988 0.465853 0.465753 0.465637 0.465455 0.465141 0.464594 0.463660 0.462107 0.459593 0.455635 0.449582 0.440597 0.427662 0.409615 0.385245 0.353423 0.313294 0.264480 0.207275 0.142765 0.072830 0.000000 
50.000000 43.169558 36.545432 30.315257 24.632119 19.603736 15.287864 11.693950 8.789960 6.512606 4.778948 3.497528 2.577670 1.936216 1.501559 1.215280 1.031954 0.917773 0.848585 0.807783 0.784357 0.771258 0.764123 0.760334 0.758372 0.757378 0.756881 0.756628 0.756480 0.756356 0.756192 0.755921 0.755443 0.754607 0.753174 0.750780 0.746886 0.740729 0.731268 0.717149 0.696712 0.668038 0.629093 0.577946 0.513085 0.433774 0.340400 0.234705 0.119815 0.000000 
50.000000 43.230812 36.666087 30.491775 24.859590 19.876281 15.599088 12.037375 9.159397 6.902435 5.184295 3.914341 3.002709 2.366989 1.936216 1.652493 1.470803 1.357640 1.289069 1.248630 1.225413 1.212431 1.205358 1.201603 1.199657 1.198670 1.198173 1.197914 1.197749 1.197591 1.197362 1.196968 1.196266 1.195030 1.192901 1.189330 1.183495 1.174220 1.159891 1.138386 1.107064 1.062835 1.002363 0.922410 0.820349 0.694770 0.546094 0.377021 0.192629 0.000000 
50.000000 43.321199 36.844129 30.752253 25.195257 20.278465 16.058354 12.544165 9.704578 7.477714 5.782480 4.529451 3.629964 3.002709 2.577670 2.297723 2.118448 2.006790 1.939129 1.899228 1.876318 1.863508 1.856529 1.852823 1.850901 1.849925 1.849429 1.849161 1.848976 1.848774 1.848460 1.847905 1.846907 1.845142 1.842088 1.836941 1.828489 1.814982 1.793988 1.762278 1.715771 1.649620 1.558477 1.437025 1.280770 1.087057 0.856144 0.592043 0.302813 0.000000 
50.000000 43.450805 37.099421 31.125750 25.676571 20.855164 16.716910 13.270873 10.486344 8.302648 6.640268 5.411516 4.529451 3.914341 3.497528 3.222997 3.047190 2.937690 2.871337 2.832206 2.809739 2.797175 2.790331 2.786695 2.784809 2.783848 2.783355 2.783078 2.782867 2.782611 2.782192 2.781436 2.780070 2.777639 2.773416 2.766261 2.754450 2.735462 2.705758 2.660569 2.593779 2.497982 2.364820 2.185733 1.953162 1.662194 1.312401 0.909444 0.465798 0.000000 
50.000000 43.631337 37.455029 31.646014 26.347023 21.658489 17.634267 14.283174 11.575351 9.451798 7.835194 6.640268 5.782480 5.184295 4.778948 4.511966 4.340991 4.234501 4.169970 4.131914 4.110063 4.097844 4.091187 4.087651 4.085814 4.084876 4.084388 4.084101 4.083861 4.083543 4.083000 4.082011 4.080209 4.076989 4.071369 4.061799 4.045909 4.020202 3.979700 3.917597 3.825010 3.690948 3.502682 3.246725 2.910578 2.485294 1.968589 1.367849 0.701862 0.000000 
50.000000 43.875564 37.936101 32.349838 27.254030 22.745257 18.875312 15.652676 13.048637 11.006462 9.451798 8.302648 7.477714 6.902435 6.512605 6.255842 6.091409 5.988992 5.926930 5.890328 5.869312 5.857560 5.851157 5.847754 5.845986 5.845079 5.844600 5.844305 5.844035 5.843650 5.842974 5.841729 5.839449 5.835358 5.828181 5.815894 5.795371 5.761943 5.708869 5.626788 5.503231 5.322397 5.065436 4.711594 4.240576 3.636367 2.892372 2.016964 1.037495 0.000000 
50.000000 44.196359 38.567998 33.274328 28.445412 24.172771 20.505487 17.451597 14.983900 13.048637 11.575351 10.486344 9.704578 9.159397 8.789960 8.546625 8.390790 8.293727 8.234909 8.200219 8.180301 8.169163 8.163094 8.159868 8.158190 8.157325 8.156862 8.156561 8.156262 8.155812 8.155005 8.153506 8.150748 8.145775 8.137010 8.121922 8.096562 8.054958 7.988362 7.884403 7.726240 7.491950 7.154490 6.682769 6.044511 5.211604 4.168234 2.920965 1.507723 0.000000 
50.000000 44.605398 39.373717 34.453130 29.964531 25.992991 22.584131 19.745427 17.451597 15.652676 14.283174 13.270873 12.544165 12.037375 11.693950 11.467745 11.322880 11.232648 11.177967 11.145718 11.127202 11.116846 11.111203 11.108203 11.106641 11.105832 11.105392 11.105091 11.104770 11.104265 11.103345 11.101626 11.098449 11.092694 11.082501 11.064857 11.035013 10.985688 10.906053 10.780492 10.587240 10.297107 9.872714 9.268950 8.435801 7.325041 5.902305 4.164762 2.160676 0.000000 
50.000000 45.111586 40.370802 35.911913 31.844469 28.245557 25.156518 22.584131 20.505487 18.875312 17.634267 16.716910 16.058354 15.599088 15.287864 15.082867 14.951581 14.869807 14.820251 14.791024 14.774242 14.764857 14.759742 14.757022 14.755604 14.754867 14.754458 14.754166 14.753835 14.753296 14.752302 14.750434 14.746967 14.740663 14.729444 14.709918 14.676678 14.621329 14.531177 14.387542 14.163718 13.822718 13.315181 12.578259 11.537048 10.111271 8.231166 5.866469 3.067368 0.000000 
50.000000 45.719428 41.568127 37.663663 34.101962 30.950526 28.245557 25.992991 24.172771 22.745257 21.658489 20.855164 20.278465 19.876281 19.603736 19.424214 19.309243 19.237629 19.194230 19.168634 19.153936 19.145717 19.141237 19.138854 19.137610 19.136961 19.136595 19.136322 19.135997 19.135455 19.134445 19.132539 19.128989 19.122507 19.110921 19.090652 19.055932 18.997696 18.902002 18.747911 18.504681 18.128260 17.557190 16.708509 15.475263 13.729386 11.337583 8.202820 4.343982 0.000000 
50.000000 46.427591 42.963064 39.704534 36.732055 34.101962 31.844469 29.964531 28.445412 27.254030 26.347023 25.676571 25.195257 24.859590 24.632119 24.482286 24.386327 24.326555 24.290332 24.268968 24.256700 24.249839 24.246100 24.244110 24.243071 24.242526 24.242214 24.241973 24.241675 24.241168 24.240217 24.238415 24.235047 24.228878 24.217807 24.198345 24.164821 24.108200 24.014377 23.861730 23.617662 23.233808 22.639490 21.733198 20.372576 18.366028 15.476083 11.460856 6.206062 0.000000 
50.000000 47.227938 44.539587 42.011080 39.704534 37.663663 35.911913 34.453130 33.274328 32.349838 31.646014 31.125750 30.752253 30.491775 30.315257 30.198984 30.124518 30.078134 30.050024 30.033444 30.023924 30.018599 30.015697 30.014152 30.013345 30.012920 30.012674 30.012479 30.012230 30.011800 30.010989 30.009448 30.006562 30.001259 29.991710 29.974856 29.945682 29.896109 29.813349 29.677425 29.457466 29.106094 28.550825 27.680748 26.326080 24.228451 21.005540 16.140047 9.111592 0.000000 
50.000000 48.105302 46.267819 44.539587 42.963064 41.568127 40.370802 39.373717 38.567998 37.936101 37.455029 37.099421 36.844129 36.666087 36.545432 36.465957 36.415056 36.383351 36.364136 36.352804 36.346296 36.342656 36.340672 36.339616 36.339064 36.338772 36.338602 36.338464 36.338284 36.337971 36.337379 36.336250 36.334132 36.330232 36.323192 36.310727 36.289066 36.252086 36.189978 36.087181 35.919137 35.647033 35.208955 34.504333 33.365307 31.502208 28.399540 23.133910 14.177276 0.000000 
50.000000 49.038128 48.105302 47.227938 46.427591 45.719428 45.111586 44.605398 44.196359 43.875564 43.631337 43.450805 43.321199 43.230812 43.169558 43.129210 43.103369 43.087272 43.077517 43.071764 43.068460 43.066612 43.065605 43.065069 43.064788 43.064640 43.064553 43.064481 43.064387 43.064222 43.063909 43.063311 43.062189 43.060121 43.056380 43.049743 43.038183 43.018387 42.985007 42.929475 42.838069 42.688636 42.444721 42.044217 41.375446 40.221530 38.116346 33.928026 24.519064 0.000000 
50.000000 50.000000 50.000000 50.000000 50.000000 50.000000 50.000000 50.000000 50.000000 50.000000 50.000000 50.000000 50.000000 50.000000 50.000000 50.000000 50.000000 50.000000 50.000000 50.000000 50.000000 50.000000 50.000000 50.000000 50.000000 50.000000 50.000000 50.000000 50.000000 50.000000 50.000000 50.000000 50.000000 50.000000 50.000000 50.000000 50.000000 50.000000 50.000000 50.000000 50.000000 50.000000 50.000000 50.000000 50.000000 50.000000 50.000000 50.000000 50.000000 50.000000 
