50.000000 50.000000 50.000000 50.000000 50.000000 50.000000 50.000000 50.000000 50.000000 50.000000 50.000000 50.000000 50.000000 50.000000 50.000000 50.000000 50.000000 50.000000 50.000000 50.000000 50.000000 50.000000 50.000000 50.000000 50.000000 50.000000 50.000000 50.000000 50.000000 50.000000 50.000000 50.000000 50.000000 50.000000 50.000000 50.000000 50.000000 50.000000 50.000000 50.000000 50.000000 50.000000 50.000000 50.000000 50.000000 50.000000 50.000000 50.000000 50.000000 50.000000 
50.000000 48.475120 47.023205 45.706757 44.569856 43.634350 42.900570 42.351643 41.959759 41.692584 41.518502 41.410017 41.345299 41.308311 41.288039 41.277375 41.271987 41.269369 41.268144 41.267593 41.267354 41.267253 41.267213 41.267197 41.267191 41.267189 41.267188 41.267187 41.267184 41.267178 41.267163 41.267124 41.267028 41.266800 41.266277 41.265106 41.262569 41.257230 41.246311 41.224576 41.182375 41.102183 40.952349 40.675157 40.162161 39.197757 37.314455 33.376000 24.237560 0.000000 
50.000000 47.023205 44.188850 41.618954 39.399567 37.573340 36.140914 35.069352 34.304359 33.782814 33.442998 33.231230 33.104901 33.032700 32.993129 32.972315 32.961797 32.956687 32.954297 32.953221 32.952754 32.952558 32.952479 32.952448 32.952436 32.952432 32.952430 32.952428 32.952424 32.952413 32.952384 32.952313 32.952137 32.951721 32.950764 32.948631 32.944018 32.934342 32.914633 32.875612 32.800386 32.658848 32.398122 31.925893 31.080370 29.574266 26.889502 22.094425 13.647205 0.000000 
50.000000 45.706757 41.618954 37.912577 34.711730 32.077926 30.012084 28.466697 27.363450 26.611307 26.121250 25.815859 25.633684 25.529566 25.472505 25.442491 25.427324 25.419956 25.416511 25.414959 25.414286 25.414004 25.413889 25.413845 25.413828 25.413821 25.413819 25.413816 25.413810 25.413796 25.413759 25.413666 25.413438 25.412900 25.411665 25.408920 25.403008 25.390667 25.365685 25.316610 25.222971 25.049195 24.735034 24.180749 23.224756 21.611886 18.956288 14.729452 8.392303 0.000000 
50.000000 44.569856 39.399567 34.711730 30.663317 27.332128 24.719318 22.764788 21.369478 20.418235 19.798468 19.412253 19.181869 19.050202 18.978044 18.940090 18.920912 18.911595 18.907239 18.905278 18.904426 18.904069 18.903925 18.903869 18.903847 18.903839 18.903836 18.903832 18.903826 18.903811 18.903770 18.903668 18.903420 18.902836 18.901498 18.898539 18.892196 18.879036 18.852594 18.801139 18.704128 18.526862 18.212815 17.673376 16.775637 15.331658 13.099843 9.825301 5.372099 0.000000 
50.000000 43.634350 37.573340 32.077926 27.332128 23.427145 20.364321 18.073190 16.437615 15.322596 14.596138 14.143450 13.873419 13.719098 13.634528 13.590046 13.567571 13.556653 13.551548 13.549249 13.548251 13.547833 13.547664 13.547598 13.547573 13.547564 13.547560 13.547556 13.547550 13.547535 13.547496 13.547397 13.547158 13.546594 13.545312 13.542486 13.536463 13.524052 13.499319 13.451675 13.362973 13.203420 12.926302 12.462071 11.713573 10.556491 8.853169 6.492970 3.472189 0.000000 
50.000000 42.900570 36.140914 30.012084 24.719318 20.364321 16.948581 14.393494 12.569522 11.326093 10.515993 10.011195 9.710090 9.538015 9.443718 9.394122 9.369064 9.356891 9.351199 9.348637 9.347524 9.347058 9.346870 9.346796 9.346768 9.346758 9.346754 9.346751 9.346745 9.346731 9.346697 9.346610 9.346399 9.345906 9.344787 9.342335 9.337140 9.326509 9.305504 9.265452 9.191805 9.061315 8.838801 8.474290 7.902250 7.045942 5.831335 4.215021 2.225412 0.000000 
50.000000 42.351643 35.069352 28.466697 22.764788 18.073190 14.393494 11.641003 9.676147 8.336703 7.464068 6.920317 6.595985 6.410641 6.309076 6.255660 6.228672 6.215561 6.209432 6.206673 6.205475 6.204973 6.204770 6.204691 6.204661 6.204650 6.204645 6.204642 6.204638 6.204627 6.204598 6.204527 6.204357 6.203958 6.203058 6.201095 6.196963 6.188565 6.172111 6.141047 6.084592 5.985951 5.820501 5.554693 5.146889 4.551972 3.731663 2.671230 1.399294 0.000000 
50.000000 41.959759 34.304359 27.363450 21.369478 16.437615 12.569522 9.676147 7.610757 6.202804 5.285555 4.714017 4.373119 4.178314 4.071567 4.015427 3.987063 3.973286 3.966845 3.963945 3.962686 3.962159 3.961945 3.961862 3.961831 3.961819 3.961814 3.961812 3.961808 3.961800 3.961778 3.961724 3.961595 3.961295 3.960621 3.959159 3.956097 3.949918 3.937907 3.915443 3.875058 3.805378 3.690197 3.508207 3.234195 2.842616 2.314255 1.645510 0.857576 0.000000 
50.000000 41.692584 33.782814 26.611307 20.418235 15.322596 11.326093 8.336703 6.202804 4.748173 3.800531 3.210066 2.857886 2.656639 2.546364 2.488370 2.459071 2.444839 2.438186 2.435190 2.433890 2.433346 2.433125 2.433039 2.433007 2.432995 2.432990 2.432988 2.432985 2.432979 2.432964 2.432926 2.432834 2.432623 2.432149 2.431127 2.429000 2.424735 2.416506 2.401248 2.374086 2.327746 2.252111 2.134288 1.959623 1.714107 1.388336 0.982428 0.510209 0.000000 
50.000000 41.518502 33.442998 26.121250 19.798468 14.596138 10.515993 7.464068 5.285555 3.800531 2.833103 2.230319 1.870797 1.665358 1.552789 1.493588 1.463681 1.449154 1.442363 1.439305 1.437978 1.437422 1.437198 1.437110 1.437077 1.437064 1.437060 1.437058 1.437056 1.437052 1.437041 1.437016 1.436955 1.436814 1.436501 1.435828 1.434434 1.431658 1.426338 1.416551 1.399283 1.370113 1.323022 1.250541 1.144464 0.997329 0.804640 0.567386 0.293926 0.000000 
50.000000 41.410017 33.231230 25.815859 19.412253 14.143450 10.011195 6.920317 4.714017 3.210066 2.230319 1.619866 1.255775 1.047727 0.933731 0.873781 0.843495 0.828784 0.821907 0.818811 0.817468 0.816905 0.816677 0.816588 0.816555 0.816542 0.816538 0.816536 0.816535 0.816532 0.816525 0.816509 0.816471 0.816382 0.816186 0.815767 0.814903 0.813191 0.809933 0.803980 0.793560 0.776110 0.748206 0.705692 0.644131 0.559659 0.450174 0.316597 0.163706 0.000000 
50.000000 41.345299 33.104901 25.633684 19.181869 13.873419 9.710090 6.595985 4.373119 2.857886 1.870797 1.255775 0.888962 0.679361 0.564514 0.504118 0.473607 0.458787 0.451860 0.448741 0.447387 0.446820 0.446591 0.446501 0.446467 0.446455 0.446450 0.446449 0.446448 0.446446 0.446442 0.446432 0.446409 0.446357 0.446240 0.445992 0.445483 0.444481 0.442583 0.439139 0.433152 0.423201 0.407419 0.383581 0.349367 0.302833 0.243017 0.170559 0.088070 0.000000 
50.000000 41.308311 33.032700 25.529566 19.050202 13.719098 9.538015 6.410641 4.178314 2.656639 1.665358 1.047727 0.679361 0.468874 0.353543 0.292892 0.262252 0.247370 0.240414 0.237282 0.235922 0.235353 0.235123 0.235033 0.234999 0.234987 0.234982 0.234980 0.234980 0.234979 0.234976 0.234971 0.234958 0.234928 0.234862 0.234722 0.234437 0.233878 0.232824 0.230923 0.227639 0.222217 0.213679 0.200875 0.182635 0.158006 0.126558 0.088682 0.045742 0.000000 
50.000000 41.288039 32.993129 25.472505 18.978044 13.634528 9.443718 6.309076 4.071567 2.546364 1.552789 0.933731 0.564514 0.353543 0.237946 0.177156 0.146447 0.131530 0.124558 0.121419 0.120056 0.119486 0.119255 0.119165 0.119131 0.119118 0.119114 0.119112 0.119112 0.119111 0.119110 0.119107 0.119100 0.119084 0.119048 0.118973 0.118820 0.118522 0.117964 0.116961 0.115237 0.112409 0.107981 0.101383 0.092042 0.079505 0.063585 0.044499 0.022933 0.000000 
50.000000 41.277375 32.972315 25.442491 18.940090 13.590046 9.394122 6.255660 4.015427 2.488370 1.493588 0.873781 0.504118 0.292892 0.177156 0.116293 0.085547 0.070613 0.063632 0.060489 0.059125 0.058554 0.058323 0.058233 0.058199 0.058186 0.058182 0.058180 0.058180 0.058179 0.058178 0.058177 0.058173 0.058165 0.058147 0.058108 0.058030 0.057878 0.057594 0.057088 0.056221 0.054805 0.052602 0.049335 0.044735 0.038592 0.030826 0.021551 0.011099 0.000000 
50.000000 41.271987 32.961797 25.427324 18.920912 13.567571 9.369064 6.228672 3.987063 2.459071 1.463681 0.843495 0.473607 0.262252 0.146447 0.085547 0.054782 0.039839 0.032854 0.029709 0.028345 0.027773 0.027542 0.027452 0.027417 0.027405 0.027401 0.027399 0.027398 0.027398 0.027398 0.027397 0.027395 0.027391 0.027382 0.027363 0.027325 0.027250 0.027112 0.026867 0.026448 0.025768 0.024714 0.023158 0.020977 0.018077 0.014425 0.010076 0.005186 0.000000 
50.000000 41.269369 32.956687 25.419956 18.911595 13.556653 9.356891 6.215561 3.973286 2.444839 1.449154 0.828784 0.458787 0.247370 0.131530 0.070613 0.039839 0.024892 0.017905 0.014759 0.013394 0.012822 0.012591 0.012501 0.012466 0.012454 0.012450 0.012448 0.012447 0.012447 0.012447 0.012447 0.012446 0.012444 0.012440 0.012431 0.012413 0.012378 0.012313 0.012199 0.012005 0.011690 0.011205 0.010491 0.009495 0.008175 0.006518 0.004550 0.002341 0.000000 
50.000000 41.268144 32.954297 25.416511 18.907239 13.551548 9.351199 6.209432 3.966845 2.438186 1.442363 0.821907 0.451860 0.240414 0.124558 0.063632 0.032854 0.017905 0.010917 0.007771 0.006406 0.005834 0.005603 0.005512 0.005478 0.005466 0.005461 0.005460 0.005459 0.005459 0.005459 0.005459 0.005458 0.005457 0.005455 0.005451 0.005443 0.005427 0.005398 0.005347 0.005260 0.005120 0.004905 0.004590 0.004151 0.003571 0.002845 0.001985 0.001021 0.000000 
50.000000 41.267593 32.953221 25.414959 18.905278 13.549249 9.348637 6.206673 3.963945 2.435190 1.439305 0.818811 0.448741 0.237282 0.121419 0.060489 0.029710 0.014759 0.007771 0.004625 0.003259 0.002687 0.002456 0.002366 0.002332 0.002319 0.002315 0.002313 0.002313 0.002313 0.002312 0.002312 0.002312 0.002312 0.002311 0.002309 0.002306 0.002299 0.002286 0.002264 0.002227 0.002167 0.002075 0.001940 0.001754 0.001508 0.001200 0.000837 0.000430 0.000000 
50.000000 41.267354 32.952754 25.414286 18.904426 13.548251 9.347524 6.205475 3.962686 2.433890 1.437978 0.817468 0.447387 0.235922 0.120057 0.059125 0.028345 0.013394 0.006406 0.003259 0.001894 0.001322 0.001091 0.001000 0.000966 0.000954 0.000949 0.000948 0.000947 0.000947 0.000947 0.000947 0.000947 0.000947 0.000946 0.000946 0.000944 0.000941 0.000936 0.000927 0.000911 0.000886 0.000848 0.000793 0.000716 0.000615 0.000490 0.000341 0.000175 0.000000 
50.000000 41.267253 32.952558 25.414004 18.904069 13.547833 9.347059 6.204973 3.962159 2.433346 1.437423 0.816905 0.446820 0.235353 0.119486 0.058554 0.027773 0.012822 0.005834 0.002688 0.001322 0.000750 0.000519 0.000429 0.000394 0.000382 0.000377 0.000376 0.000375 0.000375 0.000375 0.000375 0.000375 0.000375 0.000375 0.000375 0.000374 0.000373 0.000371 0.000367 0.000361 0.000351 0.000336 0.000314 0.000283 0.000243 0.000193 0.000135 0.000069 0.000000 
50.000000 41.267213 32.952479 25.413890 18.903925 13.547665 9.346871 6.204771 3.961946 2.433126 1.437198 0.816678 0.446592 0.235124 0.119256 0.058324 0.027543 0.012592 0.005603 0.002457 0.001091 0.000519 0.000288 0.000198 0.000164 0.000151 0.000147 0.000145 0.000145 0.000145 0.000144 0.000144 0.000144 0.000144 0.000144 0.000144 0.000144 0.000144 0.000143 0.000141 0.000139 0.000135 0.000129 0.000121 0.000109 0.000093 0.000074 0.000052 0.000027 0.000000 
50.000000 41.267197 32.952449 25.413846 18.903870 13.547600 9.346798 6.204693 3.961864 2.433042 1.437112 0.816591 0.446503 0.235035 0.119167 0.058235 0.027454 0.012503 0.005514 0.002368 0.001002 0.000431 0.000199 0.000109 0.000075 0.000062 0.000058 0.000056 0.000056 0.000056 0.000056 0.000056 0.000056 0.000056 0.000056 0.000056 0.000055 0.000055 0.000055 0.000054 0.000053 0.000052 0.000050 0.000046 0.000042 0.000036 0.000029 0.000020 0.000010 0.000000 
50.000000 41.267192 32.952439 25.413831 18.903851 13.547578 9.346774 6.204667 3.961837 2.433013 1.437083 0.816561 0.446474 0.235006 0.119138 0.058205 0.027424 0.012473 0.005485 0.002338 0.000973 0.000401 0.000170 0.000079 0.000045 0.000033 0.000028 0.000027 0.000026 0.000026 0.000026 0.000026 0.000026 0.000026 0.000026 0.000026 0.000026 0.000026 0.000026 0.000025 0.000025 0.000024 0.000023 0.000022 0.000019 0.000017 0.000013 0.000009 0.000005 0.000000 
50.000000 41.267192 32.952439 25.413831 18.903851 13.547578 9.346774 6.204667 3.961837 2.433013 1.437083 0.816561 0.446474 0.235006 0.119138 0.058205 0.027424 0.012473 0.005485 0.002338 0.000973 0.000401 0.000170 0.000079 0.000045 0.000033 0.000028 0.000027 0.000026 0.000026 0.000026 0.000026 0.000026 0.000026 0.000026 0.000026 0.000026 0.000026 0.000026 0.000025 0.000025 0.000024 0.000023 0.000022 0.000019 0.000017 0.000013 0.000009 0.000005 0.000000 
50.000000 41.267197 32.952449 25.413846 18.903870 13.547600 9.346798 6.204693 3.961864 2.433042 1.437112 0.816591 0.446503 0.235035 0.119167 0.058235 0.027454 0.012503 0.005514 0.002368 0.001002 0.000431 0.000199 0.000109 0.000075 0.000062 0.000058 0.000056 0.000056 0.000056 0.000056 0.000056 0.000056 0.000056 0.000056 0.000056 0.000055 0.000055 0.000055 0.000054 0.000053 0.000052 0.000050 0.000046 0.000042 0.000036 0.000029 0.000020 0.000010 0.000000 
50.000000 41.267213 32.952479 25.413890 18.903925 13.547665 9.346871 6.204771 3.961946 2.433126 1.437198 0.816678 0.446592 0.235124 0.119256 0.058324 0.027543 0.012592 0.005603 0.002457 0.001091 0.000519 0.000288 0.000198 0.000164 0.000151 0.000147 0.000145 0.000145 0.000145 0.000144 0.000144 0.000144 0.000144 0.000144 0.000144 0.000144 0.000144 0.000143 0.000141 0.000139 0.000135 0.000129 0.000121 0.000109 0.000093 0.000074 0.000052 0.000027 0.000000 
50.000000 41.267253 32.952558 25.414004 18.904069 13.547833 9.347059 6.204973 3.962159 2.433346 1.437423 0.816905 0.446820 0.235353 0.119486 0.058554 0.027773 0.012822 0.005834 0.002688 0.001322 0.000750 0.000519 0.000429 0.000394 0.000382 0.000377 0.000376 0.000375 0.000375 0.000375 0.000375 0.000375 0.000375 0.000375 0.000375 0.000374 0.000373 0.000371 0.000367 0.000361 0.000351 0.000336 0.000314 0.000283 0.000243 0.000193 0.000135 0.000069 0.000000 
50.000000 41.267354 32.952754 25.414286 18.904426 13.548251 9.347524 6.205475 3.962686 2.433890 1.437978 0.817468 0.447387 0.235922 0.120057 0.059125 0.028345 0.013394 0.006406 0.003259 0.001894 0.001322 0.001091 0.001000 0.000966 0.000954 0.000949 0.000948 0.000947 0.000947 0.000947 0.000947 0.000947 0.000947 0.000946 0.000946 0.000944 0.000941 0.000936 0.000927 0.000911 0.000886 0.000848 0.000793 0.000716 0.000615 0.000490 0.000341 0.000175 0.000000 
50.000000 41.267593 32.953221 25.414959 18.905278 13.549249 9.348637 6.206673 3.963945 2.435190 1.439305 0.818811 0.448741 0.237282 0.121419 0.060489 0.029710 0.014759 0.007771 0.004625 0.003259 0.002687 0.002456 0.002366 0.002332 0.002319 0.002315 0.002313 0.002313 0.002313 0.002312 0.002312 0.002312 0.002312 0.002311 0.002309 0.002306 0.002299 0.002286 0.002264 0.002227 0.002167 0.002075 0.001940 0.001754 0.001508 0.001200 0.000837 0.000430 0.000000 
50.000000 41.268144 32.954297 25.416511 18.907239 13.551548 9.351199 6.209432 3.966845 2.438186 1.442363 0.821907 0.451860 0.240414 0.124558 0.063632 0.032854 0.017905 0.010917 0.007771 0.006406 0.005834 0.005603 0.005512 0.005478 0.005466 0.005461 0.005460 0.005459 0.005459 0.005459 0.005459 0.005458 0.005457 0.005455 0.005451 0.005443 0.005427 0.005398 0.005347 0.005260 0.005120 0.004905 0.004590 0.004151 0.003571 0.002845 0.001985 0.001021 0.000000 
50.000000 41.269369 32.956687 25.419956 18.911595 13.556653 9.356891 6.215561 3.973286 2.444839 1.449154 0.828784 0.458787 0.247370 0.131530 0.070613 0.039839 0.024892 0.017905 0.014759 0.013394 0.012822 0.012591 0.012501 0.012466 0.012454 0.012450 0.012448 0.012447 0.012447 0.012447 0.012447 0.012446 0.012444 0.012440 0.012431 0.012413 0.012378 0.012313 0.012199 0.012005 0.011690 0.011205 0.010491 0.009495 0.008175 0.006518 0.004550 0.002341 0.000000 
50.000000 41.271987 32.961797 25.427324 18.920912 13.567571 9.369064 6.228672 3.987063 2.459071 1.463681 0.843495 0.473607 0.262252 0.146447 0.085547 0.054782 0.039839 0.032854 0.029709 0.028345 0.027773 0.027542 0.027452 0.027417 0.027405 0.027401 0.027399 0.027398 0.027398 0.027398 0.027397 0.027395 0.027391 0.027382 0.027363 0.027325 0.027250 0.027112 0.026867 0.026448 0.025768 0.024714 0.023158 0.020977 0.018077 0.014425 0.010076 0.005186 0.000000 
50.000000 41.277375 32.972315 25.442491 18.940090 13.590046 9.394122 6.255660 4.015427 2.488370 1.493588 0.873781 0.504118 0.292892 0.177156 0.116293 0.085547 0.070613 0.063632 0.060489 0.059125 0.058554 0.058323 0.058233 0.058199 0.058186 0.058182 0.058180 0.058180 0.058179 0.058178 0.058177 0.058173 0.058165 0.058147 0.058108 0.058030 0.057878 0.057594 0.057088 0.056221 0.054805 0.052602 0.049335 0.044735 0.038592 0.030826 0.021551 0.011099 0.000000 
50.000000 41.288039 32.993129 25.472505 18.978044 13.634528 9.443718 6.309076 4.071567 2.546364 1.552789 0.933731 0.564514 0.353543 0.237946 0.177156 0.146447 0.131530 0.124558 0.121419 0.120056 0.119486 0.119255 0.119165 0.119131 0.119118 0.119114 0.119112 0.119112 0.119111 0.119110 0.119107 0.119100 0.119084 0.119048 0.118973 0.118820 0.118522 0.117964 0.116961 0.115237 0.112409 0.107981 0.101383 0.092042 0.079505 0.063585 0.044499 0.022933 0.000000 
50.000000 41.308311 33.032700 25.529566 19.050202 13.719098 9.538015 6.410641 4.178314 2.656639 1.665358 1.047727 0.679361 0.468874 0.353543 0.292892 0.262252 0.247370 0.240414 0.237282 0.235922 0.235353 0.235123 0.235033 0.234999 0.234987 0.234982 0.234980 0.234980 0.234979 0.234976 0.234971 0.234958 0.234928 0.234862 0.234722 0.234437 0.233878 0.232824 0.230923 0.227639 0.222217 0.213679 0.200875 0.182635 0.158006 0.126558 0.088682 0.045742 0.000000 
50.000000 41.345299 33.104901 25.633684 19.181869 13.873419 9.710090 6.595985 4.373119 2.857886 1.870797 1.255775 0.888962 0.679361 0.564514 0.504118 0.473607 0.458787 0.451860 0.448741 0.447387 0.446820 0.446591 0.446501 0.446467 0.446455 0.446450 0.446449 0.446448 0.446446 0.446442 0.446432 0.446409 0.446357 0.446240 0.445992 0.445483 0.444481 0.442583 0.439139 0.433152 0.423201 0.407419 0.383581 0.349367 0.302833 0.243017 0.170559 0.088070 0.000000 
50.000000 41.410017 33.231230 25.815859 19.412253 14.143450 10.011195 6.920317 4.714017 3.210066 2.230319 1.619866 1.255775 1.047727 0.933731 0.873781 0.843495 0.828784 0.821907 0.818811 0.817468 0.816905 0.816677 0.816588 0.816555 0.816542 0.816538 0.816536 0.816535 0.816532 0.816525 0.816509 0.816471 0.816382 0.816186 0.815767 0.814903 0.813191 0.809933 0.803980 0.793560 0.776110 0.748206 0.705692 0.644131 0.559659 0.450174 0.316597 0.163706 0.000000 
50.000000 41.518502 33.442998 26.121250 19.798468 14.596138 10.515993 7.464068 5.285555 3.800531 2.833103 2.230319 1.870797 1.665358 1.552789 1.493588 1.463681 1.449154 1.442363 1.439305 1.437978 1.437422 1.437198 1.437110 1.437077 1.437064 1.437060 1.437058 1.437056 1.437052 1.437041 1.437016 1.436955 1.436814 1.436501 1.435828 1.434434 1.431658 1.426338 1.416551 1.399283 1.370113 1.323022 1.250541 1.144464 0.997329 0.804640 0.567386 0.293926 0.000000 
50.000000 41.692584 33.782814 26.611307 20.418235 15.322596 11.326093 8.336703 6.202804 4.748173 3.800531 3.210066 2.857886 2.656639 2.546364 2.488370 2.459071 2.444839 2.438186 2.435190 2.433890 2.433346 2.433125 2.433039 2.433007 2.432995 2.432990 2.432988 2.432985 2.432979 2.432964 2.432926 2.432834 2.432623 2.432149 2.431127 2.429000 2.424735 2.416506 2.401248 2.374086 2.327746 2.252111 2.134288 1.959623 1.714107 1.388336 0.982428 0.510209 0.000000 
50.000000 41.959759 34.304359 27.363450 21.369478 16.437615 12.569522 9.676147 7.610757 6.202804 5.285555 4.714017 4.373119 4.178314 4.071567 4.015427 3.987063 3.973286 3.966845 3.963945 3.962686 3.962159 3.961945 3.961862 3.961831 3.961819 3.961814 3.961812 3.961808 3.961800 3.961778 3.961724 3.961595 3.961295 3.960621 3.959159 3.956097 3.949918 3.937907 3.915443 3.875058 3.805378 3.690197 3.508207 3.234195 2.842616 2.314255 1.645510 0.857576 0.000000 
50.000000 42.351643 35.069352 28.466697 22.764788 18.073190 14.393494 11.641003 9.676147 8.336703 7.464068 6.920317 6.595985 6.410641 6.309076 6.255660 6.228672 6.215561 6.209432 6.206673 6.205475 6.204973 6.204770 6.204691 6.204661 6.204650 6.204645 6.204642 6.204638 6.204627 6.204598 6.204527 6.204357 6.203958 6.203058 6.201095 6.196963 6.188565 6.172111 6.141047 6.084592 5.985951 5.820501 5.554693 5.146889 4.551972 3.731663 2.671230 1.399294 0.000000 
50.000000 42.900570 36.140914 30.012084 24.719318 20.364321 16.948581 14.393494 12.569522 11.326093 10.515993 10.011195 9.710090 9.538015 9.443718 9.394122 9.369064 9.356891 9.351199 9.348637 9.347524 9.347058 9.346870 9.346796 9.346768 9.346758 9.346754 9.346751 9.346745 9.346731 9.346697 9.346610 9.346399 9.345906 9.344787 9.342335 9.337140 9.326509 9.305504 9.265452 9.191805 9.061315 8.838801 8.474290 7.902250 7.045942 5.831335 4.215021 2.225412 0.000000 
50.000000 43.634350 37.573340 32.077926 27.332128 23.427145 20.364321 18.073190 16.437615 15.322596 14.596138 14.143450 13.873419 13.719098 13.634528 13.590046 13.567571 13.556653 13.551548 13.549249 13.548251 13.547833 13.547664 13.547598 13.547573 13.547564 13.547560 13.547556 13.547550 13.547535 13.547496 13.547397 13.547158 13.546594 13.545312 13.542486 13.536463 13.524052 13.499319 13.451675 13.362973 13.203420 12.926302 12.462071 11.713573 10.556491 8.853169 6.492970 3.472189 0.000000 
50.000000 44.569856 39.399567 34.711730 30.663317 27.332128 24.719318 22.764788 21.369478 20.418235 19.798468 19.412253 19.181869 19.050202 18.978044 18.940090 18.920912 18.911595 18.907239 18.905278 18.904426 18.904069 18.903925 18.903869 18.903847 18.903839 18.903836 18.903832 18.903826 18.903811 18.903770 18.903668 18.903420 18.902836 18.901498 18.898539 18.892196 18.879036 18.852594 18.801139 18.704128 18.526862 18.212815 17.673376 16.775637 15.331658 13.099843 9.825301 5.372099 0.000000 
50.000000 45.706757 41.618954 37.912577 34.711730 32.077926 30.012084 28.466697 27.363450 26.611307 26.121250 25.815859 25.633684 25.529566 25.472505 25.442491 25.427324 25.419956 25.416511 25.414959 25.414286 25.414004 25.413889 25.413845 25.413828 25.413821 25.413819 25.413816 25.413810 25.413796 25.413759 25.413666 25.413438 25.412900 25.411665 25.408920 25.403008 25.390667 25.365685 25.316610 25.222971 25.049195 24.735034 24.180749 23.224756 21.611886 18.956288 14.729452 8.392303 0.000000 
50.000000 47.023205 44.188850 41.618954 39.399567 37.573340 36.140914 35.069352 34.304359 33.782814 33.442998 33.231230 33.104901 33.032700 32.993129 32.972315 32.961797 32.956687 32.954297 32.953221 32.952754 32.952558 32.952479 32.952448 32.952436 32.952432 32.952430 32.952428 32.952424 32.952413 32.952384 32.952313 32.952137 32.951721 32.950764 32.948631 32.944018 32.934342 32.914633 32.875612 32.800386 32.658848 32.398122 31.925893 31.080370 29.574266 26.889502 22.094425 13.647205 0.000000 
50.000000 48.475120 47.023205 45.706757 44.569856 43.634350 42.900570 42.351643 41.959759 41.692584 41.518502 41.410017 41.345299 41.308311 41.288039 41.277375 41.271987 41.269369 41.268144 41.267593 41.267354 41.267253 41.267213 41.267197 41.267191 41.267189 41.267188 41.267187 41.267184 41.267178 41.267163 41.267124 41.267028 41.266800 41.266277 41.265106 41.262569 41.257230 41.246311 41.224576 41.182375 41.102183 40.952349 40.675157 40.162161 39.197757 37.314455 33.376000 24.237560 0.000000 
50.000000 50.000000 50.000000 50.000000 50.000000 50.000000 50.000000 50.000000 50.000000 50.000000 50.000000 50.000000 50.000000 50.000000 50.000000 50.000000 50.000000 50.000000 50.000000 50.000000 50.000000 50.000000 50.000000 50.000000 50.000000 50.000000 50.000000 50.000000 50.000000 50.000000 50.000000 50.000000 50.000000 50.000000 50.000000 50.000000 50.000000 50.000000 50.000000 50.000000 50.000000 50.000000 50.000000 50.000000 50.000000 50.000000 50.000000 50.000000 50.000000 50.000000 
