50.000000 50.000000 50.000000 50.000000 50.000000 50.000000 50.000000 50.000000 50.000000 50.000000 50.000000 50.000000 50.000000 50.000000 50.000000 50.000000 50.000000 50.000000 50.000000 50.000000 50.000000 50.000000 50.000000 50.000000 50.000000 50.000000 50.000000 50.000000 50.000000 50.000000 50.000000 50.000000 50.000000 50.000000 50.000000 50.000000 50.000000 50.000000 50.000000 50.000000 50.000000 50.000000 50.000000 50.000000 50.000000 50.000000 50.000000 50.000000 50.000000 50.000000 
50.000000 48.772594 47.592473 46.501464 45.531523 44.702144 44.019880 43.479792 43.068233 42.766226 42.552727 42.407258 42.311685 42.251106 42.214043 42.192142 42.179638 42.172735 42.169048 42.167142 42.166188 42.165725 42.165507 42.165407 42.165363 42.165343 42.165332 42.165323 42.165308 42.165275 42.165202 42.165041 42.164698 42.163981 42.162523 42.159630 42.154028 42.143433 42.123828 42.088280 42.024952 41.913713 41.720069 41.383557 40.793545 39.733316 37.735815 33.667052 24.386297 0.000000 
50.000000 47.592473 45.277697 43.137714 41.235206 39.608409 38.270177 37.210821 36.403573 35.811206 35.392443 35.107119 34.919661 34.800843 34.728148 34.685194 34.660668 34.647128 34.639897 34.636159 34.634288 34.633379 34.632952 34.632757 34.632670 34.632631 34.632611 34.632593 34.632565 34.632503 34.632367 34.632068 34.631428 34.630096 34.627390 34.622031 34.611682 34.592166 34.556201 34.491329 34.376570 34.176939 33.834241 33.251032 32.261428 30.576066 27.677677 22.638849 13.925421 0.000000 
50.000000 46.501464 43.137714 40.027974 37.263330 34.899346 32.954701 31.415312 30.242276 29.381499 28.772991 28.358390 28.085999 27.913349 27.807719 27.745305 27.709669 27.689996 27.679490 27.674058 27.671339 27.670020 27.669399 27.669115 27.668989 27.668932 27.668904 27.668880 27.668841 27.668759 27.668576 27.668177 27.667326 27.665555 27.661969 27.654890 27.641270 27.615710 27.568891 27.485098 27.338372 27.086596 26.662388 25.959126 24.809743 22.956283 20.013987 15.460038 8.765649 0.000000 
50.000000 45.531523 41.235206 37.263330 33.732238 30.712895 28.229159 26.263038 24.764839 23.665467 22.888297 22.358786 22.010905 21.790409 21.655509 21.575801 21.530291 21.505168 21.491751 21.484815 21.481343 21.479658 21.478865 21.478503 21.478342 21.478270 21.478234 21.478206 21.478161 21.478067 21.477860 21.477408 21.476446 21.474451 21.470424 21.462508 21.447352 21.419080 21.367682 21.276556 21.118900 20.852544 20.412823 19.703277 18.584747 16.866119 14.307048 10.659141 5.798207 0.000000 
50.000000 44.702144 39.608409 34.899346 30.712895 27.133194 24.188524 21.857548 20.081344 18.777987 17.856629 17.228885 16.816473 16.555080 16.395161 16.300673 16.246725 16.216944 16.201040 16.192819 16.188703 16.186706 16.185766 16.185337 16.185146 16.185061 16.185020 16.184989 16.184943 16.184847 16.184636 16.184177 16.183203 16.181191 16.177146 16.169230 16.154159 16.126240 16.075903 15.987571 15.836682 15.585797 15.179868 14.541318 13.566597 12.128149 10.089603 7.346980 3.908599 0.000000 
50.000000 44.019880 38.270177 32.954701 28.229159 24.188524 20.864713 18.233638 16.228781 14.757658 13.717717 13.009192 12.543715 12.248694 12.068205 11.961565 11.900680 11.867071 11.849122 11.839845 11.835200 11.832947 11.831886 11.831402 11.831187 11.831092 11.831047 11.831015 11.830970 11.830880 11.830683 11.830255 11.829350 11.827487 11.823757 11.816497 11.802759 11.777491 11.732327 11.653897 11.521611 11.305023 10.961115 10.432357 9.647205 8.525882 6.995575 5.019145 2.636323 0.000000 
50.000000 43.479792 37.210821 31.415312 26.263038 21.857548 18.233638 15.365036 13.179209 11.575314 10.441532 9.669083 9.161619 8.839991 8.643229 8.526976 8.460604 8.423967 8.404402 8.394289 8.389226 8.386770 8.385614 8.385087 8.384852 8.384749 8.384701 8.384670 8.384630 8.384551 8.384378 8.384007 8.383224 8.381618 8.378419 8.372223 8.360572 8.339299 8.301602 8.236805 8.128829 7.954563 7.682518 7.272524 6.677680 5.850215 4.752924 3.376580 1.759723 0.000000 
50.000000 43.068233 36.403573 30.242276 24.764839 20.081344 16.228781 13.179209 10.855510 9.150469 7.945204 7.124064 6.584622 6.242732 6.033578 5.910006 5.839457 5.800514 5.779719 5.768970 5.763589 5.760978 5.759750 5.759190 5.758941 5.758832 5.758782 5.758752 5.758718 5.758652 5.758511 5.758208 5.757572 5.756272 5.753694 5.748729 5.739450 5.722629 5.693069 5.642749 5.559835 5.427755 5.224646 4.923757 4.495548 3.912296 3.155681 2.226633 1.154520 0.000000 
50.000000 42.766226 35.811206 29.381499 23.665467 18.777987 14.757658 11.575314 9.150469 7.371230 6.113531 5.256680 4.693785 4.337037 4.118797 3.989859 3.916247 3.875615 3.853918 3.842704 3.837089 3.834366 3.833085 3.832500 3.832240 3.832127 3.832077 3.832049 3.832020 3.831968 3.831859 3.831625 3.831136 3.830142 3.828180 3.824419 3.817434 3.804858 3.782932 3.745941 3.685615 3.590633 3.446485 3.236046 2.941305 2.546566 2.043127 1.434636 0.741274 0.000000 
50.000000 42.552727 35.392443 28.772991 22.888297 17.856629 13.717717 10.441532 7.945204 6.113531 4.818782 3.936699 3.357235 2.989991 2.765333 2.632605 2.556832 2.515007 2.492673 2.481130 2.475351 2.472548 2.471229 2.470627 2.470360 2.470244 2.470194 2.470167 2.470144 2.470105 2.470025 2.469854 2.469497 2.468775 2.467357 2.464653 2.459658 2.450724 2.435262 2.409391 2.367590 2.302455 2.204727 2.063821 1.869059 1.611741 1.287893 0.901114 0.464447 0.000000 
50.000000 42.407258 35.107119 28.358390 22.358786 17.228885 13.009192 9.669083 7.124064 5.256680 3.936699 3.037434 2.446689 2.072300 1.843274 1.707967 1.630722 1.588086 1.565319 1.553552 1.547661 1.544804 1.543460 1.542846 1.542574 1.542456 1.542406 1.542381 1.542362 1.542334 1.542277 1.542158 1.541910 1.541411 1.540434 1.538581 1.535176 1.529123 1.518717 1.501437 1.473748 1.430995 1.367480 1.276865 1.152982 0.991104 0.789499 0.550918 0.283430 0.000000 
50.000000 42.311685 34.919661 28.085999 22.010905 16.816473 12.543715 9.161619 6.584622 4.693785 3.357235 2.446689 1.848539 1.469460 1.237567 1.100567 1.022357 0.979188 0.956137 0.944223 0.938260 0.935366 0.934006 0.933385 0.933109 0.932990 0.932940 0.932916 0.932901 0.932881 0.932843 0.932763 0.932599 0.932269 0.931626 0.930412 0.928193 0.924269 0.917566 0.906511 0.888927 0.861993 0.822320 0.766224 0.690233 0.591825 0.470290 0.327496 0.168252 0.000000 
50.000000 42.251106 34.800843 27.913349 21.790409 16.555080 12.248694 8.839991 6.242732 4.337037 2.989991 2.072300 1.469460 1.087411 0.853702 0.715631 0.636810 0.593304 0.570074 0.558067 0.552057 0.549142 0.547770 0.547144 0.546867 0.546747 0.546697 0.546674 0.546662 0.546648 0.546623 0.546572 0.546468 0.546259 0.545854 0.545092 0.543705 0.541267 0.537124 0.530333 0.519603 0.503282 0.479420 0.445935 0.400921 0.343057 0.272079 0.189162 0.097078 0.000000 
50.000000 42.214043 34.728148 27.807719 21.655509 16.395161 12.068205 8.643229 6.033578 4.118797 2.765333 1.843274 1.237567 0.853702 0.618885 0.480159 0.400965 0.357253 0.333913 0.321850 0.315812 0.312882 0.311504 0.310876 0.310597 0.310477 0.310426 0.310405 0.310394 0.310384 0.310368 0.310337 0.310274 0.310147 0.309902 0.309442 0.308611 0.307155 0.304693 0.300681 0.294378 0.284849 0.271006 0.251708 0.225932 0.193001 0.152829 0.106117 0.054413 0.000000 
50.000000 42.192142 34.685194 27.745306 21.575801 16.300673 11.961565 8.526976 5.910006 3.989859 2.632605 1.707967 1.100567 0.715632 0.480159 0.341048 0.261633 0.217800 0.194395 0.182299 0.176244 0.173306 0.171925 0.171294 0.171015 0.170895 0.170844 0.170823 0.170813 0.170806 0.170796 0.170778 0.170741 0.170667 0.170524 0.170258 0.169778 0.168941 0.167533 0.165249 0.161679 0.156312 0.148558 0.137808 0.123527 0.105377 0.083337 0.057804 0.029620 0.000000 
50.000000 42.179638 34.660668 27.709669 21.530291 16.246725 11.900680 8.460604 5.839457 3.916247 2.556832 1.630722 1.022357 0.636810 0.400965 0.261633 0.182093 0.138191 0.114749 0.102633 0.096569 0.093627 0.092243 0.091612 0.091332 0.091211 0.091161 0.091140 0.091131 0.091126 0.091120 0.091109 0.091088 0.091046 0.090966 0.090818 0.090551 0.090088 0.089311 0.088056 0.086105 0.083185 0.078986 0.073193 0.065533 0.055840 0.044114 0.030572 0.015657 0.000000 
50.000000 42.172735 34.647128 27.689996 21.505168 16.216944 11.867071 8.423967 5.800514 3.875615 2.515007 1.588086 0.979188 0.593304 0.357253 0.217800 0.138191 0.094251 0.070789 0.058663 0.052593 0.049648 0.048263 0.047631 0.047351 0.047231 0.047180 0.047160 0.047151 0.047147 0.047143 0.047137 0.047125 0.047103 0.047060 0.046980 0.046837 0.046589 0.046175 0.045510 0.044479 0.042943 0.040743 0.037721 0.033741 0.028722 0.022671 0.015700 0.008037 0.000000 
50.000000 42.169048 34.639897 27.679490 21.491751 16.201040 11.849123 8.404402 5.779719 3.853918 2.492674 1.565319 0.956137 0.570074 0.333914 0.194396 0.114749 0.070789 0.047316 0.035185 0.029112 0.026166 0.024780 0.024148 0.023868 0.023748 0.023697 0.023676 0.023668 0.023664 0.023662 0.023658 0.023652 0.023641 0.023618 0.023577 0.023502 0.023374 0.023162 0.022820 0.022293 0.021511 0.020396 0.018868 0.016863 0.014343 0.011313 0.007830 0.004006 0.000000 
50.000000 42.167142 34.636159 27.674059 21.484816 16.192819 11.839845 8.394290 5.768971 3.842704 2.481131 1.553553 0.944224 0.558068 0.321851 0.182299 0.102634 0.058663 0.035185 0.023050 0.016976 0.014030 0.012644 0.012011 0.011731 0.011611 0.011560 0.011540 0.011531 0.011528 0.011526 0.011524 0.011521 0.011515 0.011504 0.011483 0.011446 0.011382 0.011276 0.011107 0.010846 0.010460 0.009912 0.009163 0.008184 0.006956 0.005483 0.003793 0.001940 0.000000 
50.000000 42.166188 34.634288 27.671340 21.481344 16.188704 11.835201 8.389228 5.763591 3.837091 2.475353 1.547663 0.938261 0.552059 0.315813 0.176245 0.096570 0.052594 0.029113 0.016977 0.010902 0.007956 0.006570 0.005937 0.005657 0.005536 0.005486 0.005465 0.005457 0.005454 0.005452 0.005451 0.005450 0.005447 0.005441 0.005431 0.005413 0.005382 0.005331 0.005250 0.005125 0.004940 0.004679 0.004323 0.003858 0.003278 0.002582 0.001785 0.000913 0.000000 
50.000000 42.165725 34.633381 27.670022 21.479661 16.186709 11.832950 8.386774 5.760983 3.834370 2.472553 1.544809 0.935371 0.549147 0.312887 0.173311 0.093632 0.049653 0.026171 0.014034 0.007959 0.005012 0.003626 0.002993 0.002713 0.002592 0.002542 0.002521 0.002513 0.002510 0.002509 0.002508 0.002507 0.002506 0.002503 0.002498 0.002490 0.002475 0.002451 0.002413 0.002355 0.002270 0.002149 0.001984 0.001770 0.001503 0.001183 0.000818 0.000418 0.000000 
50.000000 42.165509 34.632956 27.669405 21.478873 16.185775 11.831897 8.385625 5.759762 3.833097 2.471242 1.543472 0.934018 0.547783 0.311517 0.171938 0.092256 0.048276 0.024793 0.012656 0.006581 0.003634 0.002247 0.001615 0.001335 0.001214 0.001164 0.001143 0.001135 0.001132 0.001131 0.001130 0.001130 0.001129 0.001128 0.001126 0.001122 0.001115 0.001104 0.001087 0.001060 0.001021 0.000966 0.000892 0.000795 0.000675 0.000531 0.000367 0.000188 0.000000 
50.000000 42.165413 34.632768 27.669131 21.478523 16.185360 11.831428 8.385115 5.759220 3.832531 2.470659 1.542879 0.933418 0.547178 0.310909 0.171328 0.091645 0.047665 0.024181 0.012044 0.005969 0.003022 0.001635 0.001003 0.000723 0.000602 0.000552 0.000531 0.000523 0.000520 0.000519 0.000518 0.000518 0.000518 0.000517 0.000516 0.000514 0.000511 0.000506 0.000498 0.000486 0.000468 0.000442 0.000408 0.000364 0.000309 0.000243 0.000168 0.000086 0.000000 
50.000000 42.165376 34.632697 27.669028 21.478391 16.185205 11.831253 8.384924 5.759016 3.832319 2.470441 1.542656 0.933192 0.546950 0.310681 0.171099 0.091416 0.047435 0.023952 0.011814 0.005739 0.002792 0.001406 0.000773 0.000493 0.000372 0.000322 0.000301 0.000293 0.000290 0.000289 0.000289 0.000288 0.000288 0.000288 0.000287 0.000286 0.000284 0.000282 0.000277 0.000270 0.000260 0.000246 0.000227 0.000202 0.000171 0.000135 0.000093 0.000048 0.000000 
50.000000 42.165376 34.632697 27.669028 21.478391 16.185205 11.831253 8.384924 5.759016 3.832319 2.470441 1.542656 0.933192 0.546950 0.310681 0.171099 0.091416 0.047435 0.023952 0.011814 0.005739 0.002792 0.001406 0.000773 0.000493 0.000372 0.000322 0.000301 0.000293 0.000290 0.000289 0.000289 0.000288 0.000288 0.000288 0.000287 0.000286 0.000284 0.000282 0.000277 0.000270 0.000260 0.000246 0.000227 0.000202 0.000171 0.000135 0.000093 0.000048 0.000000 
50.000000 42.165413 34.632768 27.669131 21.478523 16.185360 11.831428 8.385115 5.759220 3.832531 2.470659 1.542879 0.933418 0.547178 0.310909 0.171328 0.091645 0.047665 0.024181 0.012044 0.005969 0.003022 0.001635 0.001003 0.000723 0.000602 0.000552 0.000531 0.000523 0.000520 0.000519 0.000518 0.000518 0.000518 0.000517 0.000516 0.000514 0.000511 0.000506 0.000498 0.000486 0.000468 0.000442 0.000408 0.000364 0.000309 0.000243 0.000168 0.000086 0.000000 
50.000000 42.165509 34.632956 27.669405 21.478873 16.185775 11.831897 8.385625 5.759762 3.833097 2.471242 1.543472 0.934018 0.547783 0.311517 0.171938 0.092256 0.048276 0.024793 0.012656 0.006581 0.003634 0.002247 0.001615 0.001335 0.001214 0.001164 0.001143 0.001135 0.001132 0.001131 0.001130 0.001130 0.001129 0.001128 0.001126 0.001122 0.001115 0.001104 0.001087 0.001060 0.001021 0.000966 0.000892 0.000795 0.000675 0.000531 0.000367 0.000188 0.000000 
50.000000 42.165725 34.633381 27.670022 21.479661 16.186709 11.832950 8.386774 5.760983 3.834370 2.472553 1.544809 0.935371 0.549147 0.312887 0.173311 0.093632 0.049653 0.026171 0.014034 0.007959 0.005012 0.003626 0.002993 0.002713 0.002592 0.002542 0.002521 0.002513 0.002510 0.002509 0.002508 0.002507 0.002506 0.002503 0.002498 0.002490 0.002475 0.002451 0.002413 0.002355 0.002270 0.002149 0.001984 0.001770 0.001503 0.001183 0.000818 0.000418 0.000000 
50.000000 42.166188 34.634288 27.671340 21.481344 16.188704 11.835201 8.389228 5.763591 3.837091 2.475353 1.547663 0.938261 0.552059 0.315813 0.176245 0.096570 0.052594 0.029113 0.016977 0.010902 0.007956 0.006570 0.005937 0.005657 0.005536 0.005486 0.005465 0.005457 0.005454 0.005452 0.005451 0.005450 0.005447 0.005441 0.005431 0.005413 0.005382 0.005331 0.005250 0.005125 0.004940 0.004679 0.004323 0.003858 0.003278 0.002582 0.001785 0.000913 0.000000 
50.000000 42.167142 34.636159 27.674059 21.484816 16.192819 11.839845 8.394290 5.768971 3.842704 2.481131 1.553553 0.944224 0.558068 0.321851 0.182299 0.102634 0.058663 0.035185 0.023050 0.016976 0.014030 0.012644 0.012011 0.011731 0.011611 0.011560 0.011540 0.011531 0.011528 0.011526 0.011524 0.011521 0.011515 0.011504 0.011483 0.011446 0.011382 0.011276 0.011107 0.010846 0.010460 0.009912 0.009163 0.008184 0.006956 0.005483 0.003793 0.001940 0.000000 
50.000000 42.169048 34.639897 27.679490 21.491751 16.201040 11.849123 8.404402 5.779719 3.853918 2.492674 1.565319 0.956137 0.570074 0.333914 0.194396 0.114749 0.070789 0.047316 0.035185 0.029112 0.026166 0.024780 0.024148 0.023868 0.023748 0.023697 0.023676 0.023668 0.023664 0.023662 0.023658 0.023652 0.023641 0.023618 0.023577 0.023502 0.023374 0.023162 0.022820 0.022293 0.021511 0.020396 0.018868 0.016863 0.014343 0.011313 0.007830 0.004006 0.000000 
50.000000 42.172735 34.647128 27.689996 21.505168 16.216944 11.867071 8.423967 5.800514 3.875615 2.515007 1.588086 0.979188 0.593304 0.357253 0.217800 0.138191 0.094251 0.070789 0.058663 0.052593 0.049648 0.048263 0.047631 0.047351 0.047231 0.047180 0.047160 0.047151 0.047147 0.047143 0.047137 0.047125 0.047103 0.047060 0.046980 0.046837 0.046589 0.046175 0.045510 0.044479 0.042943 0.040743 0.037721 0.033741 0.028722 0.022671 0.015700 0.008037 0.000000 
50.000000 42.179638 34.660668 27.709669 21.530291 16.246725 11.900680 8.460604 5.839457 3.916247 2.556832 1.630722 1.022357 0.636810 0.400965 0.261633 0.182093 0.138191 0.114749 0.102633 0.096569 0.093627 0.092243 0.091612 0.091332 0.091211 0.091161 0.091140 0.091131 0.091126 0.091120 0.091109 0.091088 0.091046 0.090966 0.090818 0.090551 0.090088 0.089311 0.088056 0.086105 0.083185 0.078986 0.073193 0.065533 0.055840 0.044114 0.030572 0.015657 0.000000 
50.000000 42.192142 34.685194 27.745306 21.575801 16.300673 11.961565 8.526976 5.910006 3.989859 2.632605 1.707967 1.100567 0.715632 0.480159 0.341048 0.261633 0.217800 0.194395 0.182299 0.176244 0.173306 0.171925 0.171294 0.171015 0.170895 0.170844 0.170823 0.170813 0.170806 0.170796 0.170778 0.170741 0.170667 0.170524 0.170258 0.169778 0.168941 0.167533 0.165249 0.161679 0.156312 0.148558 0.137808 0.123527 0.105377 0.083337 0.057804 0.029620 0.000000 
50.000000 42.214043 34.728148 27.807719 21.655509 16.395161 12.068205 8.643229 6.033578 4.118797 2.765333 1.843274 1.237567 0.853702 0.618885 0.480159 0.400965 0.357253 0.333913 0.321850 0.315812 0.312882 0.311504 0.310876 0.310597 0.310477 0.310426 0.310405 0.310394 0.310384 0.310368 0.310337 0.310274 0.310147 0.309902 0.309442 0.308611 0.307155 0.304693 0.300681 0.294378 0.284849 0.271006 0.251708 0.225932 0.193001 0.152829 0.106117 0.054413 0.000000 
50.000000 42.251106 34.800843 27.913349 21.790409 16.555080 12.248694 8.839991 6.242732 4.337037 2.989991 2.072300 1.469460 1.087411 0.853702 0.715631 0.636810 0.593304 0.570074 0.558067 0.552057 0.549142 0.547770 0.547144 0.546867 0.546747 0.546697 0.546674 0.546662 0.546648 0.546623 0.546572 0.546468 0.546259 0.545854 0.545092 0.543705 0.541267 0.537124 0.530333 0.519603 0.503282 0.479420 0.445935 0.400921 0.343057 0.272079 0.189162 0.097078 0.000000 
50.000000 42.311685 34.919661 28.085999 22.010905 16.816473 12.543715 9.161619 6.584622 4.693785 3.357235 2.446689 1.848539 1.469460 1.237567 1.100567 1.022357 0.979188 0.956137 0.944223 0.938260 0.935366 0.934006 0.933385 0.933109 0.932990 0.932940 0.932916 0.932901 0.932881 0.932843 0.932763 0.932599 0.932269 0.931626 0.930412 0.928193 0.924269 0.917566 0.906511 0.888927 0.861993 0.822320 0.766224 0.690233 0.591825 0.470290 0.327496 0.168252 0.000000 
50.000000 42.407258 35.107119 28.358390 22.358786 17.228885 13.009192 9.669083 7.124064 5.256680 3.936699 3.037434 2.446689 2.072300 1.843274 1.707967 1.630722 1.588086 1.565319 1.553552 1.547661 1.544804 1.543460 1.542846 1.542574 1.542456 1.542406 1.542381 1.542362 1.542334 1.542277 1.542158 1.541910 1.541411 1.540434 1.538581 1.535176 1.529123 1.518717 1.501437 1.473748 1.430995 1.367480 1.276865 1.152982 0.991104 0.789499 0.550918 0.283430 0.000000 
50.000000 42.552727 35.392443 28.772991 22.888297 17.856629 13.717717 10.441532 7.945204 6.113531 4.818782 3.936699 3.357235 2.989991 2.765333 2.632605 2.556832 2.515007 2.492673 2.481130 2.475351 2.472548 2.471229 2.470627 2.470360 2.470244 2.470194 2.470167 2.470144 2.470105 2.470025 2.469854 2.469497 2.468775 2.467357 2.464653 2.459658 2.450724 2.435262 2.409391 2.367590 2.302455 2.204727 2.063821 1.869059 1.611741 1.287893 0.901114 0.464447 0.000000 
50.000000 42.766226 35.811206 29.381499 23.665467 18.777987 14.757658 11.575314 9.150469 7.371230 6.113531 5.256680 4.693785 4.337037 4.118797 3.989859 3.916247 3.875615 3.853918 3.842704 3.837089 3.834366 3.833085 3.832500 3.832240 3.832127 3.832077 3.832049 3.832020 3.831968 3.831859 3.831625 3.831136 3.830142 3.828180 3.824419 3.817434 3.804858 3.782932 3.745941 3.685615 3.590633 3.446485 3.236046 2.941305 2.546566 2.043127 1.434636 0.741274 0.000000 
50.000000 43.068233 36.403573 30.242276 24.764839 20.081344 16.228781 13.179209 10.855510 9.150469 7.945204 7.124064 6.584622 6.242732 6.033578 5.910006 5.839457 5.800514 5.779719 5.768970 5.763589 5.760978 5.759750 5.759190 5.758941 5.758832 5.758782 5.758752 5.758718 5.758652 5.758511 5.758208 5.757572 5.756272 5.753694 5.748729 5.739450 5.722629 5.693069 5.642749 5.559835 5.427755 5.224646 4.923757 4.495548 3.912296 3.155681 2.226633 1.154520 0.000000 
50.000000 43.479792 37.210821 31.415312 26.263038 21.857548 18.233638 15.365036 13.179209 11.575314 10.441532 9.669083 9.161619 8.839991 8.643229 8.526976 8.460604 8.423967 8.404402 8.394289 8.389226 8.386770 8.385614 8.385087 8.384852 8.384749 8.384701 8.384670 8.384630 8.384551 8.384378 8.384007 8.383224 8.381618 8.378419 8.372223 8.360572 8.339299 8.301602 8.236805 8.128829 7.954563 7.682518 7.272524 6.677680 5.850215 4.752924 3.376580 1.759723 0.000000 
50.000000 44.019880 38.270177 32.954701 28.229159 24.188524 20.864713 18.233638 16.228781 14.757658 13.717717 13.009192 12.543715 12.248694 12.068205 11.961565 11.900680 11.867071 11.849122 11.839845 11.835200 11.832947 11.831886 11.831402 11.831187 11.831092 11.831047 11.831015 11.830970 11.830880 11.830683 11.830255 11.829350 11.827487 11.823757 11.816497 11.802759 11.777491 11.732327 11.653897 11.521611 11.305023 10.961115 10.432357 9.647205 8.525882 6.995575 5.019145 2.636323 0.000000 
50.000000 44.702144 39.608409 34.899346 30.712895 27.133194 24.188524 21.857548 20.081344 18.777987 17.856629 17.228885 16.816473 16.555080 16.395161 16.300673 16.246725 16.216944 16.201040 16.192819 16.188703 16.186706 16.185766 16.185337 16.185146 16.185061 16.185020 16.184989 16.184943 16.184847 16.184636 16.184177 16.183203 16.181191 16.177146 16.169230 16.154159 16.126240 16.075903 15.987571 15.836682 15.585797 15.179868 14.541318 13.566597 12.128149 10.089603 7.346980 3.908599 0.000000 
50.000000 45.531523 41.235206 37.263330 33.732238 30.712895 28.229159 26.263038 24.764839 23.665467 22.888297 22.358786 22.010905 21.790409 21.655509 21.575801 21.530291 21.505168 21.491751 21.484815 21.481343 21.479658 21.478865 21.478503 21.478342 21.478270 21.478234 21.478206 21.478161 21.478067 21.477860 21.477408 21.476446 21.474451 21.470424 21.462508 21.447352 21.419080 21.367682 21.276556 21.118900 20.852544 20.412823 19.703277 18.584747 16.866119 14.307048 10.659141 5.798207 0.000000 
50.000000 46.501464 43.137714 40.027974 37.263330 34.899346 32.954701 31.415312 30.242276 29.381499 28.772991 28.358390 28.085999 27.913349 27.807719 27.745305 27.709669 27.689996 27.679490 27.674058 27.671339 27.670020 27.669399 27.669115 27.668989 27.668932 27.668904 27.668880 27.668841 27.668759 27.668576 27.668177 27.667326 27.665555 27.661969 27.654890 27.641270 27.615710 27.568891 27.485098 27.338372 27.086596 26.662388 25.959126 24.809743 22.956283 20.013987 15.460038 8.765649 0.000000 
50.000000 47.592473 45.277697 43.137714 41.235206 39.608409 38.270177 37.210821 36.403573 35.811206 35.392443 35.107119 34.919661 34.800843 34.728148 34.685194 34.660668 34.647128 34.639897 34.636159 34.634288 34.633379 34.632952 34.632757 34.632670 34.632631 34.632611 34.632593 34.632565 34.632503 34.632367 34.632068 34.631428 34.630096 34.627390 34.622031 34.611682 34.592166 34.556201 34.491329 34.376570 34.176939 33.834241 33.251032 32.261428 30.576066 27.677677 22.638849 13.925421 0.000000 
50.000000 48.772594 47.592473 46.501464 45.531523 44.702144 44.019880 43.479792 43.068233 42.766226 42.552727 42.407258 42.311685 42.251106 42.214043 42.192142 42.179638 42.172735 42.169048 42.167142 42.166188 42.165725 42.165507 42.165407 42.165363 42.165343 42.165332 42.165323 42.165308 42.165275 42.165202 42.165041 42.164698 42.163981 42.162523 42.159630 42.154028 42.143433 42.123828 42.088280 42.024952 41.913713 41.720069 41.383557 40.793545 39.733316 37.735815 33.667052 24.386297 0.000000 
50.000000 50.000000 50.000000 50.000000 50.000000 50.000000 50.000000 50.000000 50.000000 50.000000 50.000000 50.000000 50.000000 50.000000 50.000000 50.000000 50.000000 50.000000 50.000000 50.000000 50.000000 50.000000 50.000000 50.000000 50.000000 50.000000 50.000000 50.000000 50.000000 50.000000 50.000000 50.000000 50.000000 50.000000 50.000000 50.000000 50.000000 50.000000 50.000000 50.000000 50.000000 50.000000 50.000000 50.000000 50.000000 50.000000 50.000000 50.000000 50.000000 50.000000 
