50.000000 50.000000 50.000000 50.000000 50.000000 50.000000 50.000000 50.000000 50.000000 50.000000 50.000000 50.000000 50.000000 50.000000 50.000000 50.000000 50.000000 50.000000 50.000000 50.000000 50.000000 50.000000 50.000000 50.000000 50.000000 50.000000 50.000000 50.000000 50.000000 50.000000 50.000000 50.000000 50.000000 50.000000 50.000000 50.000000 50.000000 50.000000 50.000000 50.000000 50.000000 50.000000 50.000000 50.000000 50.000000 50.000000 50.000000 50.000000 50.000000 50.000000 
50.000000 48.597387 47.256513 46.030974 44.959868 44.064464 43.348263 42.799906 42.397826 42.115325 41.925022 41.802034 41.725726 41.680240 41.654174 41.639802 41.632172 41.628269 41.626344 41.625427 41.625006 41.624819 41.624738 41.624705 41.624691 41.624686 41.624683 41.624680 41.624675 41.624664 41.624635 41.624565 41.624404 41.624042 41.623247 41.621555 41.618051 41.610989 41.597121 41.570545 41.520719 41.429025 41.262581 40.962438 40.419124 39.416451 37.487013 33.495459 24.298693 0.000000 
50.000000 47.256513 44.633789 42.236664 40.141610 38.390232 36.989372 35.916816 35.130374 34.577824 34.205610 33.965058 33.815809 33.726846 33.675865 33.647755 33.632833 33.625199 33.621434 33.619642 33.618818 33.618452 33.618294 33.618229 33.618202 33.618192 33.618186 33.618182 33.618172 33.618150 33.618097 33.617969 33.617672 33.617004 33.615543 33.612439 33.606026 33.593141 33.567942 33.519904 33.430479 33.267523 32.975863 32.460894 31.558911 29.981540 27.210858 22.316895 13.761053 0.000000 
50.000000 46.030974 42.236664 38.768737 35.737831 33.204133 31.177541 29.625910 28.488202 27.688863 27.150411 26.802429 26.586528 26.457839 26.384092 26.343432 26.321846 26.310805 26.305359 26.302766 26.301574 26.301045 26.300817 26.300723 26.300684 26.300669 26.300662 26.300655 26.300643 26.300614 26.300543 26.300375 26.299986 26.299112 26.297206 26.293168 26.284858 26.268244 26.235948 26.174863 26.062311 25.860005 25.504640 24.893423 23.862222 22.154417 19.384369 15.025806 8.543961 0.000000 
50.000000 44.959868 40.141610 35.737831 31.889029 28.671629 26.098198 24.127910 22.683245 21.668257 20.984549 20.542701 20.268567 20.105170 20.011537 19.959912 19.932508 19.918490 19.911575 19.908284 19.906771 19.906099 19.905810 19.905690 19.905641 19.905622 19.905613 19.905605 19.905592 19.905559 19.905481 19.905294 19.904864 19.903901 19.901806 19.897385 19.888335 19.870348 19.835646 19.770625 19.652253 19.442761 19.082172 18.478424 17.495731 15.944514 13.583414 10.160071 5.543417 0.000000 
50.000000 44.064464 38.390232 33.204133 28.671629 24.882723 21.852205 19.531987 17.830769 16.635551 15.830454 15.310167 14.987375 14.794980 14.684731 14.623948 14.591682 14.575178 14.567038 14.563163 14.561382 14.560590 14.560250 14.560109 14.560052 14.560029 14.560019 14.560011 14.559997 14.559965 14.559887 14.559703 14.559279 14.558333 14.556285 14.551983 14.543225 14.525936 14.492856 14.431504 14.321215 14.129096 13.804941 13.275719 12.441362 11.175898 9.341911 6.831320 3.645340 0.000000 
50.000000 43.348263 36.989372 31.177541 26.098198 21.852205 18.456127 15.856065 13.949690 12.610358 11.708203 11.125205 10.763515 10.547940 10.424412 10.356309 10.320159 10.301669 10.292549 10.288208 10.286213 10.285326 10.284945 10.284787 10.284723 10.284697 10.284686 10.284678 10.284666 10.284636 10.284566 10.284400 10.284019 10.283171 10.281344 10.277525 10.269796 10.254648 10.225912 10.173163 10.079521 9.918864 9.652780 9.228064 8.576486 7.619774 6.284118 4.528478 2.385825 0.000000 
50.000000 42.799906 35.916816 29.625910 24.127910 19.531987 15.856065 13.041788 10.978381 9.528751 8.552317 7.921333 7.529880 7.296571 7.162885 7.089184 7.050063 7.030053 7.020185 7.015488 7.013328 7.012369 7.011957 7.011786 7.011717 7.011689 7.011678 7.011670 7.011659 7.011634 7.011575 7.011437 7.011119 7.010416 7.008906 7.005768 6.999456 6.987173 6.964069 6.922081 6.848425 6.723830 6.520894 6.203285 5.727046 5.045738 4.121271 2.940953 1.537325 0.000000 
50.000000 42.397826 35.130374 28.488202 22.683245 17.830769 13.949690 10.978381 8.799869 7.269397 6.238529 5.572381 5.159121 4.912821 4.771694 4.693893 4.652597 4.631475 4.621058 4.616100 4.613822 4.612809 4.612374 4.612194 4.612121 4.612092 4.612080 4.612073 4.612064 4.612044 4.611998 4.611890 4.611643 4.611097 4.609932 4.607523 4.602705 4.593397 4.576029 4.544766 4.490523 4.399935 4.254551 4.030826 3.701673 3.240484 2.628197 1.862851 0.968801 0.000000 
50.000000 42.115325 34.577824 27.688863 21.668257 16.635551 12.610358 9.528751 7.269397 5.682154 4.613063 3.922226 3.493659 3.238240 3.091891 3.011213 2.968391 2.946489 2.935688 2.930547 2.928185 2.927135 2.926684 2.926497 2.926421 2.926391 2.926379 2.926373 2.926366 2.926351 2.926317 2.926238 2.926057 2.925659 2.924813 2.923073 2.919614 2.912975 2.900684 2.878751 2.841077 2.778874 2.680325 2.530838 2.314336 2.016004 1.626552 1.147345 0.594606 0.000000 
50.000000 41.925022 34.205610 27.150411 20.984549 15.830454 11.708203 8.552317 6.238529 4.613063 3.518241 2.810787 2.371917 2.110363 1.960501 1.877888 1.834039 1.811613 1.800554 1.795290 1.792871 1.791796 1.791335 1.791143 1.791065 1.791035 1.791023 1.791017 1.791012 1.791001 1.790978 1.790922 1.790797 1.790523 1.789943 1.788755 1.786407 1.781928 1.773695 1.759121 1.734312 1.693764 1.630236 1.535040 1.398950 1.213924 0.975548 0.685706 0.354478 0.000000 
50.000000 41.802034 33.965058 26.802429 20.542701 15.310167 11.125205 7.921333 5.572381 3.922226 2.810787 2.092603 1.647082 1.381568 1.229438 1.145577 1.101066 1.078302 1.067075 1.061733 1.059277 1.058186 1.057718 1.057523 1.057444 1.057414 1.057402 1.057396 1.057392 1.057385 1.057369 1.057333 1.057251 1.057072 1.056694 1.055925 1.054412 1.051542 1.046302 1.037092 1.021543 0.996352 0.957264 0.899294 0.817311 0.707055 0.566481 0.397116 0.204913 0.000000 
50.000000 41.725726 33.815809 26.586528 20.268567 14.987375 10.763515 7.529880 5.159121 3.493659 2.371917 1.647082 1.197440 0.929471 0.775937 0.691302 0.646381 0.623408 0.612078 0.606686 0.604208 0.603108 0.602635 0.602438 0.602359 0.602328 0.602316 0.602311 0.602308 0.602303 0.602293 0.602271 0.602219 0.602108 0.601874 0.601400 0.600471 0.598720 0.595540 0.589989 0.580683 0.565725 0.542707 0.508867 0.461439 0.398219 0.318284 0.222668 0.114737 0.000000 
50.000000 41.680240 33.726846 26.457839 20.105170 14.794980 10.547940 7.296571 4.912821 3.238240 2.110363 1.381568 0.929471 0.660042 0.505672 0.420577 0.375412 0.352314 0.340923 0.335502 0.333011 0.331904 0.331429 0.331231 0.331152 0.331120 0.331109 0.331104 0.331101 0.331098 0.331092 0.331079 0.331048 0.330982 0.330844 0.330565 0.330021 0.329000 0.327156 0.323956 0.318626 0.310116 0.297115 0.278145 0.251755 0.216836 0.172980 0.120821 0.062189 0.000000 
50.000000 41.654174 33.675865 26.384092 20.011537 14.684731 10.424412 7.162885 4.771694 3.091891 1.960501 1.229438 0.775937 0.505672 0.350824 0.265466 0.220161 0.196992 0.185566 0.180129 0.177630 0.176520 0.176043 0.175845 0.175765 0.175734 0.175722 0.175717 0.175715 0.175713 0.175710 0.175702 0.175685 0.175647 0.175569 0.175412 0.175107 0.174537 0.173513 0.171746 0.168818 0.164171 0.157116 0.146887 0.132748 0.114151 0.090924 0.063426 0.032619 0.000000 
50.000000 41.639802 33.647755 26.343432 19.959912 14.623948 10.356309 7.089184 4.693893 3.011213 1.877888 1.145577 0.691302 0.420577 0.265466 0.179962 0.134582 0.111373 0.099928 0.094482 0.091978 0.090866 0.090389 0.090190 0.090110 0.090079 0.090067 0.090063 0.090061 0.090060 0.090058 0.090053 0.090044 0.090023 0.089981 0.089896 0.089733 0.089428 0.088882 0.087945 0.086400 0.083961 0.080277 0.074966 0.067663 0.058107 0.046225 0.032212 0.016555 0.000000 
50.000000 41.632172 33.632833 26.321846 19.932508 14.591682 10.320159 7.050063 4.652597 2.968391 1.834039 1.101066 0.646381 0.375412 0.220161 0.134582 0.089160 0.065931 0.054476 0.049024 0.046519 0.045406 0.044928 0.044729 0.044649 0.044618 0.044606 0.044602 0.044600 0.044599 0.044598 0.044596 0.044591 0.044580 0.044558 0.044514 0.044430 0.044273 0.043994 0.043516 0.042732 0.041499 0.039647 0.036988 0.033349 0.028607 0.022734 0.015829 0.008130 0.000000 
50.000000 41.628269 33.625199 26.310805 19.918490 14.575178 10.301669 7.030053 4.631475 2.946489 1.811613 1.078302 0.623408 0.352314 0.196992 0.111373 0.065931 0.042692 0.031231 0.025777 0.023271 0.022157 0.021679 0.021480 0.021400 0.021369 0.021357 0.021353 0.021351 0.021350 0.021350 0.021348 0.021346 0.021341 0.021330 0.021308 0.021266 0.021188 0.021051 0.020816 0.020433 0.019833 0.018934 0.017650 0.015899 0.013626 0.010819 0.007527 0.003865 0.000000 
50.000000 41.626344 33.621434 26.305359 19.911575 14.567038 10.292549 7.020185 4.621058 2.935688 1.800554 1.067075 0.612078 0.340923 0.185566 0.099928 0.054476 0.031231 0.019768 0.014313 0.011806 0.010692 0.010214 0.010015 0.009935 0.009904 0.009892 0.009887 0.009886 0.009885 0.009885 0.009884 0.009883 0.009880 0.009875 0.009865 0.009845 0.009808 0.009742 0.009631 0.009451 0.009169 0.008748 0.008149 0.007335 0.006281 0.004984 0.003465 0.001778 0.000000 
50.000000 41.625427 33.619642 26.302766 19.908284 14.563163 10.288208 7.015488 4.616101 2.930547 1.795290 1.061733 0.606687 0.335502 0.180129 0.094482 0.049024 0.025777 0.014313 0.008857 0.006350 0.005236 0.004758 0.004559 0.004479 0.004447 0.004435 0.004431 0.004430 0.004429 0.004429 0.004428 0.004428 0.004427 0.004424 0.004419 0.004410 0.004393 0.004363 0.004313 0.004230 0.004102 0.003912 0.003642 0.003276 0.002803 0.002223 0.001545 0.000793 0.000000 
50.000000 41.625006 33.618818 26.301574 19.906771 14.561382 10.286213 7.013329 4.613822 2.928185 1.792871 1.059277 0.604209 0.333011 0.177630 0.091979 0.046519 0.023271 0.011806 0.006350 0.003842 0.002729 0.002250 0.002051 0.001971 0.001940 0.001928 0.001924 0.001922 0.001922 0.001921 0.001921 0.001921 0.001920 0.001919 0.001917 0.001913 0.001906 0.001892 0.001870 0.001834 0.001778 0.001694 0.001577 0.001417 0.001212 0.000961 0.000667 0.000342 0.000000 
50.000000 41.624819 33.618452 26.301045 19.906099 14.560591 10.285327 7.012370 4.612810 2.927136 1.791797 1.058187 0.603109 0.331905 0.176521 0.090867 0.045407 0.022158 0.010693 0.005237 0.002729 0.001615 0.001137 0.000938 0.000858 0.000827 0.000815 0.000810 0.000809 0.000808 0.000808 0.000808 0.000808 0.000808 0.000807 0.000806 0.000805 0.000801 0.000796 0.000786 0.000771 0.000747 0.000712 0.000662 0.000595 0.000508 0.000403 0.000280 0.000143 0.000000 
50.000000 41.624739 33.618295 26.300818 19.905812 14.560252 10.284947 7.011959 4.612377 2.926686 1.791337 1.057720 0.602637 0.331431 0.176045 0.090391 0.044930 0.021681 0.010216 0.004760 0.002252 0.001138 0.000660 0.000461 0.000381 0.000350 0.000338 0.000334 0.000332 0.000331 0.000331 0.000331 0.000331 0.000331 0.000331 0.000330 0.000330 0.000328 0.000326 0.000322 0.000316 0.000306 0.000291 0.000271 0.000243 0.000208 0.000165 0.000114 0.000059 0.000000 
50.000000 41.624706 33.618231 26.300726 19.905694 14.560114 10.284792 7.011792 4.612200 2.926503 1.791149 1.057530 0.602445 0.331238 0.175851 0.090197 0.044736 0.021487 0.010022 0.004565 0.002058 0.000944 0.000465 0.000266 0.000186 0.000155 0.000143 0.000139 0.000137 0.000137 0.000137 0.000137 0.000137 0.000137 0.000136 0.000136 0.000136 0.000135 0.000134 0.000133 0.000130 0.000126 0.000120 0.000111 0.000100 0.000085 0.000068 0.000047 0.000024 0.000000 
50.000000 41.624694 33.618209 26.300693 19.905653 14.560065 10.284738 7.011733 4.612138 2.926439 1.791083 1.057463 0.602377 0.331170 0.175783 0.090129 0.044668 0.021419 0.009953 0.004497 0.001989 0.000876 0.000397 0.000198 0.000118 0.000087 0.000075 0.000071 0.000069 0.000069 0.000068 0.000068 0.000068 0.000068 0.000068 0.000068 0.000068 0.000068 0.000067 0.000066 0.000065 0.000063 0.000060 0.000056 0.000050 0.000043 0.000034 0.000023 0.000012 0.000000 
50.000000 41.624694 33.618209 26.300693 19.905653 14.560065 10.284738 7.011733 4.612138 2.926439 1.791083 1.057463 0.602377 0.331170 0.175783 0.090129 0.044668 0.021419 0.009953 0.004497 0.001989 0.000876 0.000397 0.000198 0.000118 0.000087 0.000075 0.000071 0.000069 0.000069 0.000068 0.000068 0.000068 0.000068 0.000068 0.000068 0.000068 0.000068 0.000067 0.000066 0.000065 0.000063 0.000060 0.000056 0.000050 0.000043 0.000034 0.000023 0.000012 0.000000 
50.000000 41.624706 33.618231 26.300726 19.905694 14.560114 10.284792 7.011792 4.612200 2.926503 1.791149 1.057530 0.602445 0.331238 0.175851 0.090197 0.044736 0.021487 0.010022 0.004565 0.002058 0.000944 0.000465 0.000266 0.000186 0.000155 0.000143 0.000139 0.000137 0.000137 0.000137 0.000137 0.000137 0.000137 0.000136 0.000136 0.000136 0.000135 0.000134 0.000133 0.000130 0.000126 0.000120 0.000111 0.000100 0.000085 0.000068 0.000047 0.000024 0.000000 
50.000000 41.624739 33.618295 26.300818 19.905812 14.560252 10.284947 7.011959 4.612377 2.926686 1.791337 1.057720 0.602637 0.331431 0.176045 0.090391 0.044930 0.021681 0.010216 0.004760 0.002252 0.001138 0.000660 0.000461 0.000381 0.000350 0.000338 0.000334 0.000332 0.000331 0.000331 0.000331 0.000331 0.000331 0.000331 0.000330 0.000330 0.000328 0.000326 0.000322 0.000316 0.000306 0.000291 0.000271 0.000243 0.000208 0.000165 0.000114 0.000059 0.000000 
50.000000 41.624819 33.618452 26.301045 19.906099 14.560591 10.285327 7.012370 4.612810 2.927136 1.791797 1.058187 0.603109 0.331905 0.176521 0.090867 0.045407 0.022158 0.010693 0.005237 0.002729 0.001615 0.001137 0.000938 0.000858 0.000827 0.000815 0.000810 0.000809 0.000808 0.000808 0.000808 0.000808 0.000808 0.000807 0.000806 0.000805 0.000801 0.000796 0.000786 0.000771 0.000747 0.000712 0.000662 0.000595 0.000508 0.000403 0.000280 0.000143 0.000000 
50.000000 41.625006 33.618818 26.301574 19.906771 14.561382 10.286213 7.013329 4.613822 2.928185 1.792871 1.059277 0.604209 0.333011 0.177630 0.091979 0.046519 0.023271 0.011806 0.006350 0.003842 0.002729 0.002250 0.002051 0.001971 0.001940 0.001928 0.001924 0.001922 0.001922 0.001921 0.001921 0.001921 0.001920 0.001919 0.001917 0.001913 0.001906 0.001892 0.001870 0.001834 0.001778 0.001694 0.001577 0.001417 0.001212 0.000961 0.000667 0.000342 0.000000 
50.000000 41.625427 33.619642 26.302766 19.908284 14.563163 10.288208 7.015488 4.616101 2.930547 1.795290 1.061733 0.606687 0.335502 0.180129 0.094482 0.049024 0.025777 0.014313 0.008857 0.006350 0.005236 0.004758 0.004559 0.004479 0.004447 0.004435 0.004431 0.004430 0.004429 0.004429 0.004428 0.004428 0.004427 0.004424 0.004419 0.004410 0.004393 0.004363 0.004313 0.004230 0.004102 0.003912 0.003642 0.003276 0.002803 0.002223 0.001545 0.000793 0.000000 
50.000000 41.626344 33.621434 26.305359 19.911575 14.567038 10.292549 7.020185 4.621058 2.935688 1.800554 1.067075 0.612078 0.340923 0.185566 0.099928 0.054476 0.031231 0.019768 0.014313 0.011806 0.010692 0.010214 0.010015 0.009935 0.009904 0.009892 0.009887 0.009886 0.009885 0.009885 0.009884 0.009883 0.009880 0.009875 0.009865 0.009845 0.009808 0.009742 0.009631 0.009451 0.009169 0.008748 0.008149 0.007335 0.006281 0.004984 0.003465 0.001778 0.000000 
50.000000 41.628269 33.625199 26.310805 19.918490 14.575178 10.301669 7.030053 4.631475 2.946489 1.811613 1.078302 0.623408 0.352314 0.196992 0.111373 0.065931 0.042692 0.031231 0.025777 0.023271 0.022157 0.021679 0.021480 0.021400 0.021369 0.021357 0.021353 0.021351 0.021350 0.021350 0.021348 0.021346 0.021341 0.021330 0.021308 0.021266 0.021188 0.021051 0.020816 0.020433 0.019833 0.018934 0.017650 0.015899 0.013626 0.010819 0.007527 0.003865 0.000000 
50.000000 41.632172 33.632833 26.321846 19.932508 14.591682 10.320159 7.050063 4.652597 2.968391 1.834039 1.101066 0.646381 0.375412 0.220161 0.134582 0.089160 0.065931 0.054476 0.049024 0.046519 0.045406 0.044928 0.044729 0.044649 0.044618 0.044606 0.044602 0.044600 0.044599 0.044598 0.044596 0.044591 0.044580 0.044558 0.044514 0.044430 0.044273 0.043994 0.043516 0.042732 0.041499 0.039647 0.036988 0.033349 0.028607 0.022734 0.015829 0.008130 0.000000 
50.000000 41.639802 33.647755 26.343432 19.959912 14.623948 10.356309 7.089184 4.693893 3.011213 1.877888 1.145577 0.691302 0.420577 0.265466 0.179962 0.134582 0.111373 0.099928 0.094482 0.091978 0.090866 0.090389 0.090190 0.090110 0.090079 0.090067 0.090063 0.090061 0.090060 0.090058 0.090053 0.090044 0.090023 0.089981 0.089896 0.089733 0.089428 0.088882 0.087945 0.086400 0.083961 0.080277 0.074966 0.067663 0.058107 0.046225 0.032212 0.016555 0.000000 
50.000000 41.654174 33.675865 26.384092 20.011537 14.684731 10.424412 7.162885 4.771694 3.091891 1.960501 1.229438 0.775937 0.505672 0.350824 0.265466 0.220161 0.196992 0.185566 0.180129 0.177630 0.176520 0.176043 0.175845 0.175765 0.175734 0.175722 0.175717 0.175715 0.175713 0.175710 0.175702 0.175685 0.175647 0.175569 0.175412 0.175107 0.174537 0.173513 0.171746 0.168818 0.164171 0.157116 0.146887 0.132748 0.114151 0.090924 0.063426 0.032619 0.000000 
50.000000 41.680240 33.726846 26.457839 20.105170 14.794980 10.547940 7.296571 4.912821 3.238240 2.110363 1.381568 0.929471 0.660042 0.505672 0.420577 0.375412 0.352314 0.340923 0.335502 0.333011 0.331904 0.331429 0.331231 0.331152 0.331120 0.331109 0.331104 0.331101 0.331098 0.331092 0.331079 0.331048 0.330982 0.330844 0.330565 0.330021 0.329000 0.327156 0.323956 0.318626 0.310116 0.297115 0.278145 0.251755 0.216836 0.172980 0.120821 0.062189 0.000000 
50.000000 41.725726 33.815809 26.586528 20.268567 14.987375 10.763515 7.529880 5.159121 3.493659 2.371917 1.647082 1.197440 0.929471 0.775937 0.691302 0.646381 0.623408 0.612078 0.606686 0.604208 0.603108 0.602635 0.602438 0.602359 0.602328 0.602316 0.602311 0.602308 0.602303 0.602293 0.602271 0.602219 0.602108 0.601874 0.601400 0.600471 0.598720 0.595540 0.589989 0.580683 0.565725 0.542707 0.508867 0.461439 0.398219 0.318284 0.222668 0.114737 0.000000 
50.000000 41.802034 33.965058 26.802429 20.542701 15.310167 11.125205 7.921333 5.572381 3.922226 2.810787 2.092603 1.647082 1.381568 1.229438 1.145577 1.101066 1.078302 1.067075 1.061733 1.059277 1.058186 1.057718 1.057523 1.057444 1.057414 1.057402 1.057396 1.057392 1.057385 1.057369 1.057333 1.057251 1.057072 1.056694 1.055925 1.054412 1.051542 1.046302 1.037092 1.021543 0.996352 0.957264 0.899294 0.817311 0.707055 0.566481 0.397116 0.204913 0.000000 
50.000000 41.925022 34.205610 27.150411 20.984549 15.830454 11.708203 8.552317 6.238529 4.613063 3.518241 2.810787 2.371917 2.110363 1.960501 1.877888 1.834039 1.811613 1.800554 1.795290 1.792871 1.791796 1.791335 1.791143 1.791065 1.791035 1.791023 1.791017 1.791012 1.791001 1.790978 1.790922 1.790797 1.790523 1.789943 1.788755 1.786407 1.781928 1.773695 1.759121 1.734312 1.693764 1.630236 1.535040 1.398950 1.213924 0.975548 0.685706 0.354478 0.000000 
50.000000 42.115325 34.577824 27.688863 21.668257 16.635551 12.610358 9.528751 7.269397 5.682154 4.613063 3.922226 3.493659 3.238240 3.091891 3.011213 2.968391 2.946489 2.935688 2.930547 2.928185 2.927135 2.926684 2.926497 2.926421 2.926391 2.926379 2.926373 2.926366 2.926351 2.926317 2.926238 2.926057 2.925659 2.924813 2.923073 2.919614 2.912975 2.900684 2.878751 2.841077 2.778874 2.680325 2.530838 2.314336 2.016004 1.626552 1.147345 0.594606 0.000000 
50.000000 42.397826 35.130374 28.488202 22.683245 17.830769 13.949690 10.978381 8.799869 7.269397 6.238529 5.572381 5.159121 4.912821 4.771694 4.693893 4.652597 4.631475 4.621058 4.616100 4.613822 4.612809 4.612374 4.612194 4.612121 4.612092 4.612080 4.612073 4.612064 4.612044 4.611998 4.611890 4.611643 4.611097 4.609932 4.607523 4.602705 4.593397 4.576029 4.544766 4.490523 4.399935 4.254551 4.030826 3.701673 3.240484 2.628197 1.862851 0.968801 0.000000 
50.000000 42.799906 35.916816 29.625910 24.127910 19.531987 15.856065 13.041788 10.978381 9.528751 8.552317 7.921333 7.529880 7.296571 7.162885 7.089184 7.050063 7.030053 7.020185 7.015488 7.013328 7.012369 7.011957 7.011786 7.011717 7.011689 7.011678 7.011670 7.011659 7.011634 7.011575 7.011437 7.011119 7.010416 7.008906 7.005768 6.999456 6.987173 6.964069 6.922081 6.848425 6.723830 6.520894 6.203285 5.727046 5.045738 4.121271 2.940953 1.537325 0.000000 
50.000000 43.348263 36.989372 31.177541 26.098198 21.852205 18.456127 15.856065 13.949690 12.610358 11.708203 11.125205 10.763515 10.547940 10.424412 10.356309 10.320159 10.301669 10.292549 10.288208 10.286213 10.285326 10.284945 10.284787 10.284723 10.284697 10.284686 10.284678 10.284666 10.284636 10.284566 10.284400 10.284019 10.283171 10.281344 10.277525 10.269796 10.254648 10.225912 10.173163 10.079521 9.918864 9.652780 9.228064 8.576486 7.619774 6.284118 4.528478 2.385825 0.000000 
50.000000 44.064464 38.390232 33.204133 28.671629 24.882723 21.852205 19.531987 17.830769 16.635551 15.830454 15.310167 14.987375 14.794980 14.684731 14.623948 14.591682 14.575178 14.567038 14.563163 14.561382 14.560590 14.560250 14.560109 14.560052 14.560029 14.560019 14.560011 14.559997 14.559965 14.559887 14.559703 14.559279 14.558333 14.556285 14.551983 14.543225 14.525936 14.492856 14.431504 14.321215 14.129096 13.804941 13.275719 12.441362 11.175898 9.341911 6.831320 3.645340 0.000000 
50.000000 44.959868 40.141610 35.737831 31.889029 28.671629 26.098198 24.127910 22.683245 21.668257 20.984549 20.542701 20.268567 20.105170 20.011537 19.959912 19.932508 19.918490 19.911575 19.908284 19.906771 19.906099 19.905810 19.905690 19.905641 19.905622 19.905613 19.905605 19.905592 19.905559 19.905481 19.905294 19.904864 19.903901 19.901806 19.897385 19.888335 19.870348 19.835646 19.770625 19.652253 19.442761 19.082172 18.478424 17.495731 15.944514 13.583414 10.160071 5.543417 0.000000 
50.000000 46.030974 42.236664 38.768737 35.737831 33.204133 31.177541 29.625910 28.488202 27.688863 27.150411 26.802429 26.586528 26.457839 26.384092 26.343432 26.321846 26.310805 26.305359 26.302766 26.301574 26.301045 26.300817 26.300723 26.300684 26.300669 26.300662 26.300655 26.300643 26.300614 26.300543 26.300375 26.299986 26.299112 26.297206 26.293168 26.284858 26.268244 26.235948 26.174863 26.062311 25.860005 25.504640 24.893423 23.862222 22.154417 19.384369 15.025806 8.543961 0.000000 
50.000000 47.256513 44.633789 42.236664 40.141610 38.390232 36.989372 35.916816 35.130374 34.577824 34.205610 33.965058 33.815809 33.726846 33.675865 33.647755 33.632833 33.625199 33.621434 33.619642 33.618818 33.618452 33.618294 33.618229 33.618202 33.618192 33.618186 33.618182 33.618172 33.618150 33.618097 33.617969 33.617672 33.617004 33.615543 33.612439 33.606026 33.593141 33.567942 33.519904 33.430479 33.267523 32.975863 32.460894 31.558911 29.981540 27.210858 22.316895 13.761053 0.000000 
50.000000 48.597387 47.256513 46.030974 44.959868 44.064464 43.348263 42.799906 42.397826 42.115325 41.925022 41.802034 41.725726 41.680240 41.654174 41.639802 41.632172 41.628269 41.626344 41.625427 41.625006 41.624819 41.624738 41.624705 41.624691 41.624686 41.624683 41.624680 41.624675 41.624664 41.624635 41.624565 41.624404 41.624042 41.623247 41.621555 41.618051 41.610989 41.597121 41.570545 41.520719 41.429025 41.262581 40.962438 40.419124 39.416451 37.487013 33.495459 24.298693 0.000000 
50.000000 50.000000 50.000000 50.000000 50.000000 50.000000 50.000000 50.000000 50.000000 50.000000 50.000000 50.000000 50.000000 50.000000 50.000000 50.000000 50.000000 50.000000 50.000000 50.000000 50.000000 50.000000 50.000000 50.000000 50.000000 50.000000 50.000000 50.000000 50.000000 50.000000 50.000000 50.000000 50.000000 50.000000 50.000000 50.000000 50.000000 50.000000 50.000000 50.000000 50.000000 50.000000 50.000000 50.000000 50.000000 50.000000 50.000000 50.000000 50.000000 50.000000 
