50.000000 50.000000 50.000000 50.000000 50.000000 50.000000 50.000000 50.000000 50.000000 50.000000 50.000000 50.000000 50.000000 50.000000 50.000000 50.000000 50.000000 50.000000 50.000000 50.000000 50.000000 50.000000 50.000000 50.000000 50.000000 50.000000 50.000000 50.000000 50.000000 50.000000 50.000000 50.000000 50.000000 50.000000 50.000000 50.000000 50.000000 50.000000 50.000000 50.000000 50.000000 50.000000 50.000000 50.000000 50.000000 50.000000 50.000000 50.000000 50.000000 50.000000 
50.000000 48.122675 46.355903 44.790738 43.484958 42.458390 41.697240 41.164467 40.812029 40.591424 40.460597 40.386993 40.347653 40.327651 40.317963 40.313487 40.311512 40.310678 40.310341 40.310210 40.310161 40.310144 40.310138 40.310136 40.310135 40.310135 40.310135 40.310135 40.310135 40.310134 40.310131 40.310123 40.310101 40.310039 40.309875 40.309459 40.308437 40.306012 40.300460 40.288176 40.261863 40.207143 40.096201 39.875499 39.440472 38.578226 36.821880 33.032955 24.061338 0.000000 
50.000000 46.355903 42.926409 39.888268 37.353637 35.360997 33.883566 32.849440 32.165359 31.737172 31.483247 31.340388 31.264036 31.225215 31.206413 31.197726 31.193892 31.192274 31.191620 31.191366 31.191272 31.191238 31.191227 31.191223 31.191222 31.191221 31.191221 31.191221 31.191220 31.191219 31.191214 31.191200 31.191159 31.191048 31.190755 31.190012 31.188188 31.183879 31.174054 31.152434 31.106458 31.011809 30.822669 30.454409 29.752378 28.434273 25.983130 21.463204 13.322948 0.000000 
50.000000 44.790738 39.888268 35.545268 31.922069 29.073671 26.961779 25.483590 24.505780 23.893755 23.530818 23.326636 23.217512 23.162031 23.135160 23.122745 23.117267 23.114955 23.114020 23.113658 23.113523 23.113475 23.113459 23.113453 23.113451 23.113451 23.113450 23.113450 23.113450 23.113448 23.113441 23.113423 23.113372 23.113233 23.112867 23.111941 23.109678 23.104355 23.092296 23.065968 23.010560 22.898059 22.677432 22.258977 21.490425 20.123111 17.772634 13.905137 7.968858 0.000000 
50.000000 43.484958 37.353637 31.922069 27.390776 23.828535 21.187430 19.338871 18.116099 17.350771 16.896940 16.641632 16.505188 16.435820 16.402226 16.386705 16.379857 16.376966 16.375798 16.375345 16.375177 16.375117 16.375096 16.375089 16.375087 16.375086 16.375086 16.375086 16.375085 16.375083 16.375076 16.375058 16.375004 16.374860 16.374481 16.373525 16.371201 16.365770 16.353554 16.327134 16.272190 16.162330 15.951156 15.561079 14.869424 13.695388 11.798958 8.919364 4.906732 0.000000 
50.000000 42.458390 35.360997 29.073671 23.828535 19.705187 16.648137 14.508508 13.093242 12.207465 11.682228 11.386762 11.228863 11.148591 11.109718 11.091760 11.083836 11.080492 11.079140 11.078616 11.078421 11.078352 11.078328 11.078320 11.078317 11.078317 11.078316 11.078316 11.078315 11.078313 11.078307 11.078290 11.078242 11.078110 11.077766 11.076902 11.074814 11.069966 11.059150 11.035989 10.988413 10.894740 10.718139 10.399816 9.852593 8.959110 7.583246 5.608619 3.017919 0.000000 
50.000000 41.697240 33.883566 26.961779 21.187430 16.648137 13.282782 10.927433 9.369527 8.394507 7.816375 7.491165 7.317379 7.229035 7.186254 7.166492 7.157772 7.154093 7.152606 7.152029 7.151815 7.151738 7.151712 7.151703 7.151701 7.151700 7.151699 7.151699 7.151699 7.151697 7.151692 7.151678 7.151638 7.151530 7.151249 7.150547 7.148861 7.144971 7.136365 7.118117 7.081082 7.009220 6.876131 6.641391 6.248321 5.626350 4.702802 3.429157 1.821741 0.000000 
50.000000 41.164467 32.849440 25.483590 19.338871 14.508508 10.927433 8.421168 6.763487 5.726056 5.110938 4.764936 4.580047 4.486062 4.440552 4.419530 4.410255 4.406341 4.404760 4.404147 4.403919 4.403837 4.403809 4.403800 4.403797 4.403796 4.403796 4.403796 4.403795 4.403794 4.403790 4.403780 4.403749 4.403669 4.403459 4.402939 4.401695 4.398844 4.392589 4.379450 4.353083 4.302601 4.210584 4.051302 3.790369 3.387715 2.806158 2.026771 1.068266 0.000000 
50.000000 40.812029 32.165359 24.505780 18.116099 13.093242 9.369527 6.763487 5.039855 3.961179 3.321624 2.961888 2.769667 2.671959 2.624647 2.602794 2.593153 2.589084 2.587440 2.586803 2.586567 2.586482 2.586453 2.586443 2.586440 2.586439 2.586439 2.586439 2.586438 2.586437 2.586435 2.586427 2.586407 2.586351 2.586207 2.585850 2.585003 2.583076 2.578877 2.570135 2.552773 2.519927 2.460885 2.360307 2.198502 1.953769 1.607721 1.153550 0.604886 0.000000 
50.000000 40.591424 31.737172 23.893755 17.350771 12.207465 8.394507 5.726056 3.961179 2.856714 2.201885 1.833566 1.636764 1.536731 1.488294 1.465922 1.456053 1.451888 1.450205 1.449553 1.449311 1.449224 1.449194 1.449184 1.449181 1.449180 1.449180 1.449180 1.449180 1.449179 1.449177 1.449173 1.449159 1.449123 1.449031 1.448805 1.448269 1.447056 1.444433 1.439016 1.428357 1.408406 1.372973 1.313426 1.219052 1.078581 0.883195 0.630714 0.329561 0.000000 
50.000000 40.460597 31.483247 23.530818 16.896940 11.682228 7.816375 5.110938 3.321624 2.201885 1.538010 1.164612 0.965099 0.863689 0.814588 0.791909 0.781905 0.777683 0.775978 0.775317 0.775071 0.774983 0.774953 0.774943 0.774940 0.774939 0.774938 0.774938 0.774938 0.774938 0.774937 0.774934 0.774926 0.774904 0.774849 0.774714 0.774397 0.773683 0.772150 0.769005 0.762868 0.751489 0.731488 0.698257 0.646240 0.569807 0.464850 0.330813 0.172421 0.000000 
50.000000 40.386993 31.340388 23.326636 16.641632 11.386762 7.491165 4.764936 2.961888 1.833566 1.164612 0.788360 0.587326 0.485144 0.435670 0.412820 0.402739 0.398486 0.396767 0.396101 0.395854 0.395765 0.395735 0.395725 0.395722 0.395721 0.395720 0.395720 0.395720 0.395720 0.395719 0.395718 0.395713 0.395701 0.395670 0.395595 0.395418 0.395024 0.394180 0.392462 0.389134 0.383012 0.372347 0.354800 0.327612 0.288078 0.234340 0.166334 0.086533 0.000000 
50.000000 40.347653 31.264036 23.217512 16.505188 11.228863 7.317379 4.580047 2.769667 1.636764 0.965099 0.587326 0.385480 0.282887 0.233214 0.210272 0.200152 0.195881 0.194156 0.193488 0.193239 0.193150 0.193120 0.193109 0.193106 0.193105 0.193105 0.193105 0.193105 0.193105 0.193104 0.193103 0.193101 0.193095 0.193078 0.193039 0.192946 0.192740 0.192302 0.191415 0.189708 0.186591 0.181202 0.172408 0.158897 0.139419 0.113156 0.080157 0.041642 0.000000 
50.000000 40.327651 31.225215 23.162031 16.435820 11.148591 7.229035 4.486062 2.671959 1.536731 0.863689 0.485144 0.282887 0.180086 0.130312 0.107324 0.097183 0.092904 0.091175 0.090505 0.090256 0.090167 0.090137 0.090127 0.090123 0.090122 0.090122 0.090122 0.090122 0.090122 0.090122 0.090121 0.090120 0.090117 0.090109 0.090089 0.090043 0.089941 0.089726 0.089292 0.088462 0.086955 0.084368 0.080174 0.073777 0.064619 0.052353 0.037027 0.019215 0.000000 
50.000000 40.317963 31.206413 23.135160 16.402226 11.109718 7.186254 4.440552 2.624647 1.488294 0.814588 0.435670 0.233214 0.130312 0.080490 0.057479 0.047328 0.043045 0.041315 0.040644 0.040395 0.040306 0.040275 0.040265 0.040262 0.040261 0.040261 0.040261 0.040260 0.040260 0.040260 0.040260 0.040260 0.040258 0.040254 0.040245 0.040223 0.040176 0.040075 0.039873 0.039490 0.038797 0.037613 0.035707 0.032816 0.028701 0.023219 0.016401 0.008504 0.000000 
50.000000 40.313487 31.197726 23.122745 16.386705 11.091760 7.166492 4.419530 2.602794 1.465922 0.791909 0.412820 0.210272 0.107324 0.057479 0.034459 0.024303 0.020018 0.018287 0.017616 0.017367 0.017278 0.017247 0.017237 0.017234 0.017233 0.017232 0.017232 0.017232 0.017232 0.017232 0.017232 0.017232 0.017231 0.017229 0.017225 0.017215 0.017194 0.017149 0.017060 0.016891 0.016587 0.016071 0.015243 0.013994 0.012225 0.009878 0.006970 0.003612 0.000000 
50.000000 40.311512 31.193892 23.117267 16.379857 11.083836 7.157772 4.410255 2.593153 1.456053 0.781905 0.402739 0.200152 0.097183 0.047328 0.024303 0.014146 0.009860 0.008128 0.007457 0.007208 0.007119 0.007088 0.007078 0.007075 0.007074 0.007073 0.007073 0.007073 0.007073 0.007073 0.007073 0.007073 0.007073 0.007072 0.007070 0.007066 0.007057 0.007038 0.007000 0.006929 0.006802 0.006586 0.006243 0.005726 0.004997 0.004034 0.002844 0.001473 0.000000 
50.000000 40.310678 31.192274 23.114955 16.376966 11.080492 7.154093 4.406341 2.589084 1.451888 0.777683 0.398486 0.195881 0.092904 0.043045 0.020018 0.009860 0.005574 0.003842 0.003171 0.002922 0.002833 0.002802 0.002792 0.002788 0.002787 0.002787 0.002787 0.002787 0.002787 0.002787 0.002787 0.002787 0.002787 0.002787 0.002786 0.002784 0.002780 0.002773 0.002758 0.002729 0.002678 0.002592 0.002455 0.002250 0.001962 0.001583 0.001115 0.000577 0.000000 
50.000000 40.310341 31.191620 23.114020 16.375798 11.079140 7.152606 4.404760 2.587440 1.450205 0.775978 0.396767 0.194156 0.091175 0.041315 0.018287 0.008128 0.003842 0.002110 0.001439 0.001190 0.001101 0.001070 0.001060 0.001057 0.001056 0.001055 0.001055 0.001055 0.001055 0.001055 0.001055 0.001055 0.001055 0.001055 0.001055 0.001054 0.001053 0.001050 0.001044 0.001033 0.001013 0.000980 0.000928 0.000850 0.000741 0.000597 0.000420 0.000217 0.000000 
50.000000 40.310210 31.191366 23.113658 16.375345 11.078616 7.152029 4.404147 2.586803 1.449553 0.775317 0.396101 0.193488 0.090505 0.040644 0.017616 0.007457 0.003171 0.001439 0.000768 0.000519 0.000430 0.000399 0.000389 0.000386 0.000385 0.000384 0.000384 0.000384 0.000384 0.000384 0.000384 0.000384 0.000384 0.000384 0.000384 0.000384 0.000383 0.000382 0.000380 0.000376 0.000369 0.000357 0.000337 0.000309 0.000269 0.000217 0.000153 0.000079 0.000000 
50.000000 40.310161 31.191272 23.113523 16.375177 11.078421 7.151815 4.403919 2.586567 1.449311 0.775071 0.395854 0.193239 0.090256 0.040395 0.017367 0.007208 0.002922 0.001190 0.000519 0.000269 0.000180 0.000150 0.000139 0.000136 0.000135 0.000135 0.000135 0.000135 0.000135 0.000135 0.000135 0.000135 0.000135 0.000135 0.000135 0.000135 0.000134 0.000134 0.000133 0.000132 0.000129 0.000125 0.000118 0.000108 0.000094 0.000076 0.000053 0.000028 0.000000 
50.000000 40.310144 31.191238 23.113475 16.375117 11.078352 7.151738 4.403837 2.586482 1.449224 0.774983 0.395765 0.193150 0.090167 0.040306 0.017278 0.007119 0.002833 0.001101 0.000430 0.000180 0.000091 0.000060 0.000050 0.000047 0.000046 0.000046 0.000046 0.000046 0.000046 0.000046 0.000046 0.000046 0.000046 0.000045 0.000045 0.000045 0.000045 0.000045 0.000045 0.000044 0.000044 0.000042 0.000040 0.000036 0.000032 0.000026 0.000018 0.000009 0.000000 
50.000000 40.310138 31.191227 23.113459 16.375096 11.078328 7.151712 4.403809 2.586453 1.449194 0.774953 0.395735 0.193120 0.090137 0.040275 0.017247 0.007088 0.002802 0.001070 0.000399 0.000150 0.000060 0.000030 0.000020 0.000016 0.000015 0.000015 0.000015 0.000015 0.000015 0.000015 0.000015 0.000015 0.000015 0.000015 0.000015 0.000015 0.000015 0.000015 0.000015 0.000015 0.000014 0.000014 0.000013 0.000012 0.000010 0.000008 0.000006 0.000003 0.000000 
50.000000 40.310136 31.191223 23.113453 16.375089 11.078320 7.151703 4.403800 2.586443 1.449185 0.774943 0.395725 0.193110 0.090127 0.040265 0.017237 0.007078 0.002792 0.001060 0.000389 0.000139 0.000050 0.000020 0.000009 0.000006 0.000005 0.000005 0.000005 0.000005 0.000005 0.000005 0.000005 0.000005 0.000005 0.000005 0.000005 0.000005 0.000005 0.000005 0.000005 0.000005 0.000005 0.000004 0.000004 0.000004 0.000003 0.000003 0.000002 0.000001 0.000000 
50.000000 40.310136 31.191222 23.113452 16.375087 11.078318 7.151701 4.403797 2.586440 1.449182 0.774940 0.395722 0.193107 0.090124 0.040262 0.017234 0.007075 0.002789 0.001057 0.000386 0.000137 0.000047 0.000017 0.000006 0.000003 0.000002 0.000002 0.000002 0.000002 0.000002 0.000002 0.000002 0.000002 0.000002 0.000002 0.000002 0.000002 0.000002 0.000002 0.000002 0.000002 0.000002 0.000002 0.000002 0.000001 0.000001 0.000001 0.000001 0.000000 0.000000 
50.000000 40.310136 31.191222 23.113452 16.375087 11.078318 7.151701 4.403797 2.586440 1.449182 0.774940 0.395722 0.193107 0.090124 0.040262 0.017234 0.007075 0.002789 0.001057 0.000386 0.000137 0.000047 0.000017 0.000006 0.000003 0.000002 0.000002 0.000002 0.000002 0.000002 0.000002 0.000002 0.000002 0.000002 0.000002 0.000002 0.000002 0.000002 0.000002 0.000002 0.000002 0.000002 0.000002 0.000002 0.000001 0.000001 0.000001 0.000001 0.000000 0.000000 
50.000000 40.310136 31.191223 23.113453 16.375089 11.078320 7.151703 4.403800 2.586443 1.449185 0.774943 0.395725 0.193110 0.090127 0.040265 0.017237 0.007078 0.002792 0.001060 0.000389 0.000139 0.000050 0.000020 0.000009 0.000006 0.000005 0.000005 0.000005 0.000005 0.000005 0.000005 0.000005 0.000005 0.000005 0.000005 0.000005 0.000005 0.000005 0.000005 0.000005 0.000005 0.000005 0.000004 0.000004 0.000004 0.000003 0.000003 0.000002 0.000001 0.000000 
50.000000 40.310138 31.191227 23.113459 16.375096 11.078328 7.151712 4.403809 2.586453 1.449194 0.774953 0.395735 0.193120 0.090137 0.040275 0.017247 0.007088 0.002802 0.001070 0.000399 0.000150 0.000060 0.000030 0.000020 0.000016 0.000015 0.000015 0.000015 0.000015 0.000015 0.000015 0.000015 0.000015 0.000015 0.000015 0.000015 0.000015 0.000015 0.000015 0.000015 0.000015 0.000014 0.000014 0.000013 0.000012 0.000010 0.000008 0.000006 0.000003 0.000000 
50.000000 40.310144 31.191238 23.113475 16.375117 11.078352 7.151738 4.403837 2.586482 1.449224 0.774983 0.395765 0.193150 0.090167 0.040306 0.017278 0.007119 0.002833 0.001101 0.000430 0.000180 0.000091 0.000060 0.000050 0.000047 0.000046 0.000046 0.000046 0.000046 0.000046 0.000046 0.000046 0.000046 0.000046 0.000045 0.000045 0.000045 0.000045 0.000045 0.000045 0.000044 0.000044 0.000042 0.000040 0.000036 0.000032 0.000026 0.000018 0.000009 0.000000 
50.000000 40.310161 31.191272 23.113523 16.375177 11.078421 7.151815 4.403919 2.586567 1.449311 0.775071 0.395854 0.193239 0.090256 0.040395 0.017367 0.007208 0.002922 0.001190 0.000519 0.000269 0.000180 0.000150 0.000139 0.000136 0.000135 0.000135 0.000135 0.000135 0.000135 0.000135 0.000135 0.000135 0.000135 0.000135 0.000135 0.000135 0.000134 0.000134 0.000133 0.000132 0.000129 0.000125 0.000118 0.000108 0.000094 0.000076 0.000053 0.000028 0.000000 
50.000000 40.310210 31.191366 23.113658 16.375345 11.078616 7.152029 4.404147 2.586803 1.449553 0.775317 0.396101 0.193488 0.090505 0.040644 0.017616 0.007457 0.003171 0.001439 0.000768 0.000519 0.000430 0.000399 0.000389 0.000386 0.000385 0.000384 0.000384 0.000384 0.000384 0.000384 0.000384 0.000384 0.000384 0.000384 0.000384 0.000384 0.000383 0.000382 0.000380 0.000376 0.000369 0.000357 0.000337 0.000309 0.000269 0.000217 0.000153 0.000079 0.000000 
50.000000 40.310341 31.191620 23.114020 16.375798 11.079140 7.152606 4.404760 2.587440 1.450205 0.775978 0.396767 0.194156 0.091175 0.041315 0.018287 0.008128 0.003842 0.002110 0.001439 0.001190 0.001101 0.001070 0.001060 0.001057 0.001056 0.001055 0.001055 0.001055 0.001055 0.001055 0.001055 0.001055 0.001055 0.001055 0.001055 0.001054 0.001053 0.001050 0.001044 0.001033 0.001013 0.000980 0.000928 0.000850 0.000741 0.000597 0.000420 0.000217 0.000000 
50.000000 40.310678 31.192274 23.114955 16.376966 11.080492 7.154093 4.406341 2.589084 1.451888 0.777683 0.398486 0.195881 0.092904 0.043045 0.020018 0.009860 0.005574 0.003842 0.003171 0.002922 0.002833 0.002802 0.002792 0.002788 0.002787 0.002787 0.002787 0.002787 0.002787 0.002787 0.002787 0.002787 0.002787 0.002787 0.002786 0.002784 0.002780 0.002773 0.002758 0.002729 0.002678 0.002592 0.002455 0.002250 0.001962 0.001583 0.001115 0.000577 0.000000 
50.000000 40.311512 31.193892 23.117267 16.379857 11.083836 7.157772 4.410255 2.593153 1.456053 0.781905 0.402739 0.200152 0.097183 0.047328 0.024303 0.014146 0.009860 0.008128 0.007457 0.007208 0.007119 0.007088 0.007078 0.007075 0.007074 0.007073 0.007073 0.007073 0.007073 0.007073 0.007073 0.007073 0.007073 0.007072 0.007070 0.007066 0.007057 0.007038 0.007000 0.006929 0.006802 0.006586 0.006243 0.005726 0.004997 0.004034 0.002844 0.001473 0.000000 
50.000000 40.313487 31.197726 23.122745 16.386705 11.091760 7.166492 4.419530 2.602794 1.465922 0.791909 0.412820 0.210272 0.107324 0.057479 0.034459 0.024303 0.020018 0.018287 0.017616 0.017367 0.017278 0.017247 0.017237 0.017234 0.017233 0.017232 0.017232 0.017232 0.017232 0.017232 0.017232 0.017232 0.017231 0.017229 0.017225 0.017215 0.017194 0.017149 0.017060 0.016891 0.016587 0.016071 0.015243 0.013994 0.012225 0.009878 0.006970 0.003612 0.000000 
50.000000 40.317963 31.206413 23.135160 16.402226 11.109718 7.186254 4.440552 2.624647 1.488294 0.814588 0.435670 0.233214 0.130312 0.080490 0.057479 0.047328 0.043045 0.041315 0.040644 0.040395 0.040306 0.040275 0.040265 0.040262 0.040261 0.040261 0.040261 0.040260 0.040260 0.040260 0.040260 0.040260 0.040258 0.040254 0.040245 0.040223 0.040176 0.040075 0.039873 0.039490 0.038797 0.037613 0.035707 0.032816 0.028701 0.023219 0.016401 0.008504 0.000000 
50.000000 40.327651 31.225215 23.162031 16.435820 11.148591 7.229035 4.486062 2.671959 1.536731 0.863689 0.485144 0.282887 0.180086 0.130312 0.107324 0.097183 0.092904 0.091175 0.090505 0.090256 0.090167 0.090137 0.090127 0.090123 0.090122 0.090122 0.090122 0.090122 0.090122 0.090122 0.090121 0.090120 0.090117 0.090109 0.090089 0.090043 0.089941 0.089726 0.089292 0.088462 0.086955 0.084368 0.080174 0.073777 0.064619 0.052353 0.037027 0.019215 0.000000 
50.000000 40.347653 31.264036 23.217512 16.505188 11.228863 7.317379 4.580047 2.769667 1.636764 0.965099 0.587326 0.385480 0.282887 0.233214 0.210272 0.200152 0.195881 0.194156 0.193488 0.193239 0.193150 0.193120 0.193109 0.193106 0.193105 0.193105 0.193105 0.193105 0.193105 0.193104 0.193103 0.193101 0.193095 0.193078 0.193039 0.192946 0.192740 0.192302 0.191415 0.189708 0.186591 0.181202 0.172408 0.158897 0.139419 0.113156 0.080157 0.041642 0.000000 
50.000000 40.386993 31.340388 23.326636 16.641632 11.386762 7.491165 4.764936 2.961888 1.833566 1.164612 0.788360 0.587326 0.485144 0.435670 0.412820 0.402739 0.398486 0.396767 0.396101 0.395854 0.395765 0.395735 0.395725 0.395722 0.395721 0.395720 0.395720 0.395720 0.395720 0.395719 0.395718 0.395713 0.395701 0.395670 0.395595 0.395418 0.395024 0.394180 0.392462 0.389134 0.383012 0.372347 0.354800 0.327612 0.288078 0.234340 0.166334 0.086533 0.000000 
50.000000 40.460597 31.483247 23.530818 16.896940 11.682228 7.816375 5.110938 3.321624 2.201885 1.538010 1.164612 0.965099 0.863689 0.814588 0.791909 0.781905 0.777683 0.775978 0.775317 0.775071 0.774983 0.774953 0.774943 0.774940 0.774939 0.774938 0.774938 0.774938 0.774938 0.774937 0.774934 0.774926 0.774904 0.774849 0.774714 0.774397 0.773683 0.772150 0.769005 0.762868 0.751489 0.731488 0.698257 0.646240 0.569807 0.464850 0.330813 0.172421 0.000000 
50.000000 40.591424 31.737172 23.893755 17.350771 12.207465 8.394507 5.726056 3.961179 2.856714 2.201885 1.833566 1.636764 1.536731 1.488294 1.465922 1.456053 1.451888 1.450205 1.449553 1.449311 1.449224 1.449194 1.449184 1.449181 1.449180 1.449180 1.449180 1.449180 1.449179 1.449177 1.449173 1.449159 1.449123 1.449031 1.448805 1.448269 1.447056 1.444433 1.439016 1.428357 1.408406 1.372973 1.313426 1.219052 1.078581 0.883195 0.630714 0.329561 0.000000 
50.000000 40.812029 32.165359 24.505780 18.116099 13.093242 9.369527 6.763487 5.039855 3.961179 3.321624 2.961888 2.769667 2.671959 2.624647 2.602794 2.593153 2.589084 2.587440 2.586803 2.586567 2.586482 2.586453 2.586443 2.586440 2.586439 2.586439 2.586439 2.586438 2.586437 2.586435 2.586427 2.586407 2.586351 2.586207 2.585850 2.585003 2.583076 2.578877 2.570135 2.552773 2.519927 2.460885 2.360307 2.198502 1.953769 1.607721 1.153550 0.604886 0.000000 
50.000000 41.164467 32.849440 25.483590 19.338871 14.508508 10.927433 8.421168 6.763487 5.726056 5.110938 4.764936 4.580047 4.486062 4.440552 4.419530 4.410255 4.406341 4.404760 4.404147 4.403919 4.403837 4.403809 4.403800 4.403797 4.403796 4.403796 4.403796 4.403795 4.403794 4.403790 4.403780 4.403749 4.403669 4.403459 4.402939 4.401695 4.398844 4.392589 4.379450 4.353083 4.302601 4.210584 4.051302 3.790369 3.387715 2.806158 2.026771 1.068266 0.000000 
50.000000 41.697240 33.883566 26.961779 21.187430 16.648137 13.282782 10.927433 9.369527 8.394507 7.816375 7.491165 7.317379 7.229035 7.186254 7.166492 7.157772 7.154093 7.152606 7.152029 7.151815 7.151738 7.151712 7.151703 7.151701 7.151700 7.151699 7.151699 7.151699 7.151697 7.151692 7.151678 7.151638 7.151530 7.151249 7.150547 7.148861 7.144971 7.136365 7.118117 7.081082 7.009220 6.876131 6.641391 6.248321 5.626350 4.702802 3.429157 1.821741 0.000000 
50.000000 42.458390 35.360997 29.073671 23.828535 19.705187 16.648137 14.508508 13.093242 12.207465 11.682228 11.386762 11.228863 11.148591 11.109718 11.091760 11.083836 11.080492 11.079140 11.078616 11.078421 11.078352 11.078328 11.078320 11.078317 11.078317 11.078316 11.078316 11.078315 11.078313 11.078307 11.078290 11.078242 11.078110 11.077766 11.076902 11.074814 11.069966 11.059150 11.035989 10.988413 10.894740 10.718139 10.399816 9.852593 8.959110 7.583246 5.608619 3.017919 0.000000 
50.000000 43.484958 37.353637 31.922069 27.390776 23.828535 21.187430 19.338871 18.116099 17.350771 16.896940 16.641632 16.505188 16.435820 16.402226 16.386705 16.379857 16.376966 16.375798 16.375345 16.375177 16.375117 16.375096 16.375089 16.375087 16.375086 16.375086 16.375086 16.375085 16.375083 16.375076 16.375058 16.375004 16.374860 16.374481 16.373525 16.371201 16.365770 16.353554 16.327134 16.272190 16.162330 15.951156 15.561079 14.869424 13.695388 11.798958 8.919364 4.906732 0.000000 
50.000000 44.790738 39.888268 35.545268 31.922069 29.073671 26.961779 25.483590 24.505780 23.893755 23.530818 23.326636 23.217512 23.162031 23.135160 23.122745 23.117267 23.114955 23.114020 23.113658 23.113523 23.113475 23.113459 23.113453 23.113451 23.113451 23.113450 23.113450 23.113450 23.113448 23.113441 23.113423 23.113372 23.113233 23.112867 23.111941 23.109678 23.104355 23.092296 23.065968 23.010560 22.898059 22.677432 22.258977 21.490425 20.123111 17.772634 13.905137 7.968858 0.000000 
50.000000 46.355903 42.926409 39.888268 37.353637 35.360997 33.883566 32.849440 32.165359 31.737172 31.483247 31.340388 31.264036 31.225215 31.206413 31.197726 31.193892 31.192274 31.191620 31.191366 31.191272 31.191238 31.191227 31.191223 31.191222 31.191221 31.191221 31.191221 31.191220 31.191219 31.191214 31.191200 31.191159 31.191048 31.190755 31.190012 31.188188 31.183879 31.174054 31.152434 31.106458 31.011809 30.822669 30.454409 29.752378 28.434273 25.983130 21.463204 13.322948 0.000000 
50.000000 48.122675 46.355903 44.790738 43.484958 42.458390 41.697240 41.164467 40.812029 40.591424 40.460597 40.386993 40.347653 40.327651 40.317963 40.313487 40.311512 40.310678 40.310341 40.310210 40.310161 40.310144 40.310138 40.310136 40.310135 40.310135 40.310135 40.310135 40.310135 40.310134 40.310131 40.310123 40.310101 40.310039 40.309875 40.309459 40.308437 40.306012 40.300460 40.288176 40.261863 40.207143 40.096201 39.875499 39.440472 38.578226 36.821880 33.032955 24.061338 0.000000 
50.000000 50.000000 50.000000 50.000000 50.000000 50.000000 50.000000 50.000000 50.000000 50.000000 50.000000 50.000000 50.000000 50.000000 50.000000 50.000000 50.000000 50.000000 50.000000 50.000000 50.000000 50.000000 50.000000 50.000000 50.000000 50.000000 50.000000 50.000000 50.000000 50.000000 50.000000 50.000000 50.000000 50.000000 50.000000 50.000000 50.000000 50.000000 50.000000 50.000000 50.000000 50.000000 50.000000 50.000000 50.000000 50.000000 50.000000 50.000000 50.000000 50.000000 
