50.000000 50.000000 50.000000 50.000000 50.000000 50.000000 50.000000 50.000000 50.000000 50.000000 50.000000 50.000000 50.000000 50.000000 50.000000 50.000000 50.000000 50.000000 50.000000 50.000000 50.000000 50.000000 50.000000 50.000000 50.000000 50.000000 50.000000 50.000000 50.000000 50.000000 50.000000 50.000000 50.000000 50.000000 50.000000 50.000000 50.000000 50.000000 50.000000 50.000000 50.000000 50.000000 50.000000 50.000000 50.000000 50.000000 50.000000 50.000000 50.000000 50.000000 
50.000000 48.414366 46.907621 45.546897 44.378721 43.425004 42.684172 42.136311 41.750329 41.491062 41.324887 41.223167 41.163645 41.130321 41.112451 41.103265 41.098734 41.096586 41.095608 41.095179 41.094998 41.094925 41.094896 41.094885 41.094881 41.094879 41.094878 41.094878 41.094876 41.094872 41.094860 41.094831 41.094757 41.094576 41.094149 41.093172 41.091008 41.086357 41.076653 41.056974 41.018099 40.943054 40.800824 40.534352 40.035765 39.089818 37.229033 33.316727 24.207183 0.000000 
50.000000 46.907621 43.969101 41.315362 39.037148 37.177188 35.732409 34.663975 33.911240 33.405629 33.081565 32.883198 32.767126 32.702141 32.667294 32.649382 32.640545 32.636358 32.634451 32.633615 32.633262 32.633118 32.633061 32.633040 32.633032 32.633029 32.633028 32.633027 32.633024 32.633016 32.632995 32.632941 32.632805 32.632476 32.631698 32.629924 32.626003 32.617601 32.600144 32.564933 32.495874 32.363876 32.117244 31.664884 30.846070 29.374180 26.731156 21.984550 13.590894 0.000000 
50.000000 45.546897 41.315362 37.493934 34.213289 31.534954 29.454499 27.915992 26.832095 26.104054 25.637434 25.351811 25.184686 25.091119 25.040948 25.015158 25.002436 24.996408 24.993662 24.992459 24.991950 24.991743 24.991662 24.991631 24.991620 24.991616 24.991614 24.991612 24.991608 24.991598 24.991571 24.991501 24.991326 24.990902 24.989904 24.987634 24.982636 24.971979 24.949973 24.905933 24.820443 24.659276 24.363743 23.835721 22.915034 21.347390 18.746967 14.584206 8.317863 0.000000 
50.000000 44.378721 39.037148 34.213289 30.072103 26.691253 24.065137 22.123140 20.755003 19.836060 19.247098 18.886598 18.675665 18.557575 18.494256 18.461709 18.445654 18.438048 18.434582 18.433063 18.432422 18.432161 18.432058 18.432019 18.432005 18.432000 18.431998 18.431996 18.431991 18.431980 18.431951 18.431875 18.431686 18.431229 18.430157 18.427728 18.422405 18.411126 18.388008 18.342178 18.254273 18.091095 17.797864 17.287772 16.429487 15.036051 12.865899 9.662968 5.288903 0.000000 
50.000000 43.425004 37.177188 31.534954 26.691253 22.736918 19.665385 17.394044 15.793916 14.719173 14.030375 13.608776 13.362101 13.224005 13.149962 13.111903 13.093131 13.084237 13.080185 13.078409 13.077660 13.077354 13.077234 13.077189 13.077172 13.077166 13.077163 13.077161 13.077157 13.077147 13.077118 13.077046 13.076865 13.076428 13.075410 13.073112 13.068106 13.057569 13.036148 12.994109 12.914482 12.768972 12.512601 12.077625 11.368459 10.261765 8.619920 6.331118 3.389239 0.000000 
50.000000 42.684172 35.732409 29.454499 24.065137 19.665385 16.247926 13.720824 11.940552 10.744842 9.978535 9.509508 9.235091 9.081469 8.999105 8.956770 8.935889 8.925997 8.921491 8.919515 8.918681 8.918342 8.918208 8.918158 8.918139 8.918133 8.918130 8.918128 8.918124 8.918115 8.918090 8.918027 8.917870 8.917492 8.916613 8.914642 8.910373 8.901448 8.883459 8.848513 8.783131 8.665432 8.461820 8.123963 7.587760 6.777365 5.618778 4.067526 2.149820 0.000000 
50.000000 42.136311 34.663975 27.915992 22.123140 17.394044 13.720824 11.004640 9.091205 7.806084 6.982496 6.478423 6.183510 6.018419 5.929908 5.884416 5.861978 5.851349 5.846507 5.844385 5.843489 5.843124 5.842981 5.842927 5.842907 5.842900 5.842897 5.842895 5.842892 5.842884 5.842865 5.842814 5.842688 5.842386 5.841689 5.840132 5.836779 5.829821 5.815911 5.789152 5.739671 5.651820 5.502320 5.259004 4.881442 4.325276 3.552248 2.546731 1.335487 0.000000 
50.000000 41.750329 33.911240 26.832095 20.755003 15.793916 11.940552 9.091205 7.083996 5.735922 4.872009 4.343267 4.033929 3.860769 3.767934 3.720221 3.696689 3.685541 3.680464 3.678238 3.677299 3.676916 3.676766 3.676709 3.676688 3.676680 3.676678 3.676676 3.676674 3.676668 3.676653 3.676615 3.676522 3.676298 3.675783 3.674640 3.672192 3.667146 3.657139 3.638067 3.603175 3.541998 3.439384 3.275120 3.024944 2.663908 2.172819 1.547364 0.807274 0.000000 
50.000000 41.491062 33.405629 26.104054 19.836060 14.719173 10.744842 7.806084 5.735922 4.345590 3.454613 2.909319 2.590304 2.411730 2.315996 2.266794 2.242528 2.231033 2.225798 2.223503 2.222534 2.222140 2.221985 2.221926 2.221905 2.221897 2.221894 2.221893 2.221891 2.221887 2.221877 2.221850 2.221785 2.221630 2.221274 2.220488 2.218815 2.215387 2.208641 2.195892 2.172795 2.132747 2.066413 1.961711 1.804691 1.581787 1.283610 0.909755 0.472963 0.000000 
50.000000 41.324887 33.081565 25.637434 19.247098 14.030375 9.978535 6.982496 4.872009 3.454613 2.546306 1.990414 1.665205 1.483168 1.385578 1.335424 1.310689 1.298972 1.293636 1.291297 1.290309 1.289907 1.289749 1.289690 1.289668 1.289660 1.289657 1.289656 1.289655 1.289652 1.289645 1.289628 1.289585 1.289484 1.289252 1.288744 1.287667 1.285475 1.281189 1.273153 1.258721 1.233942 1.193344 1.130022 1.036266 0.904920 0.731501 0.516631 0.267913 0.000000 
50.000000 41.223167 32.883198 25.351811 18.886598 13.608776 9.509508 6.478423 4.343267 2.909319 1.990414 1.428044 1.099049 0.914894 0.816172 0.765435 0.740414 0.728562 0.723164 0.720798 0.719799 0.719392 0.719233 0.719172 0.719150 0.719142 0.719139 0.719138 0.719137 0.719136 0.719131 0.719120 0.719094 0.719032 0.718890 0.718579 0.717924 0.716598 0.714022 0.709225 0.700678 0.686128 0.662512 0.626049 0.572628 0.498589 0.401838 0.283053 0.146514 0.000000 
50.000000 41.163645 32.767126 25.184686 18.675665 13.362101 9.235091 6.183510 4.033929 2.590304 1.665205 1.099049 0.767842 0.582451 0.483067 0.431991 0.406802 0.394871 0.389437 0.387055 0.386050 0.385641 0.385480 0.385419 0.385397 0.385389 0.385386 0.385385 0.385384 0.385383 0.385381 0.385374 0.385359 0.385322 0.385240 0.385060 0.384682 0.383921 0.382451 0.379730 0.374916 0.366783 0.353689 0.333643 0.304532 0.264539 0.212707 0.149525 0.077289 0.000000 
50.000000 41.130321 32.702141 25.091119 18.557575 13.224005 9.081469 6.018419 3.860769 2.411730 1.483168 0.914894 0.582451 0.396370 0.296616 0.245350 0.220069 0.208093 0.202639 0.200249 0.199240 0.198829 0.198668 0.198606 0.198584 0.198576 0.198573 0.198572 0.198572 0.198571 0.198570 0.198566 0.198557 0.198537 0.198492 0.198392 0.198185 0.197769 0.196971 0.195501 0.192916 0.188577 0.181640 0.171097 0.155899 0.135169 0.108483 0.076138 0.039313 0.000000 
50.000000 41.112451 32.667294 25.040948 18.494256 13.149962 8.999105 5.929908 3.767934 2.315996 1.385578 0.816172 0.483067 0.296616 0.196664 0.145297 0.119965 0.107966 0.102502 0.100107 0.099095 0.098684 0.098522 0.098461 0.098439 0.098431 0.098428 0.098427 0.098426 0.098426 0.098425 0.098423 0.098419 0.098408 0.098384 0.098332 0.098223 0.098007 0.097593 0.096835 0.095508 0.093294 0.089776 0.084462 0.076850 0.066528 0.053313 0.037370 0.019279 0.000000 
50.000000 41.103265 32.649382 25.015158 18.461709 13.111903 8.956770 5.884416 3.720221 2.266794 1.335424 0.765435 0.431991 0.245350 0.145297 0.093878 0.068521 0.056510 0.051040 0.048642 0.047630 0.047218 0.047056 0.046995 0.046973 0.046965 0.046962 0.046961 0.046961 0.046960 0.046960 0.046959 0.046957 0.046951 0.046939 0.046913 0.046859 0.046751 0.046546 0.046171 0.045520 0.044437 0.042727 0.040156 0.036494 0.031552 0.025254 0.017683 0.009116 0.000000 
50.000000 41.098734 32.640545 25.002436 18.445654 13.093131 8.935889 5.861978 3.696689 2.242528 1.310689 0.740414 0.406802 0.220069 0.119965 0.068521 0.043151 0.031134 0.025661 0.023263 0.022250 0.021838 0.021676 0.021615 0.021592 0.021584 0.021581 0.021580 0.021580 0.021580 0.021580 0.021579 0.021578 0.021576 0.021570 0.021557 0.021531 0.021480 0.021382 0.021205 0.020898 0.020391 0.019592 0.018397 0.016702 0.014425 0.011534 0.008070 0.004158 0.000000 
50.000000 41.096586 32.636358 24.996408 18.438048 13.084237 8.925997 5.851349 3.685541 2.231033 1.298972 0.728562 0.394871 0.208093 0.107966 0.056510 0.031134 0.019114 0.013640 0.011241 0.010228 0.009816 0.009654 0.009592 0.009570 0.009562 0.009559 0.009558 0.009558 0.009558 0.009558 0.009558 0.009557 0.009556 0.009553 0.009547 0.009535 0.009512 0.009468 0.009387 0.009248 0.009020 0.008661 0.008127 0.007372 0.006361 0.005082 0.003553 0.001830 0.000000 
50.000000 41.095608 32.634451 24.993662 18.434582 13.080185 8.921491 5.846507 3.680464 2.225798 1.293636 0.723164 0.389437 0.202639 0.102502 0.051040 0.025661 0.013640 0.008165 0.005766 0.004753 0.004341 0.004179 0.004117 0.004095 0.004087 0.004084 0.004083 0.004083 0.004083 0.004083 0.004083 0.004082 0.004082 0.004081 0.004078 0.004073 0.004063 0.004043 0.004008 0.003948 0.003848 0.003694 0.003464 0.003139 0.002707 0.002161 0.001510 0.000777 0.000000 
50.000000 41.095179 32.633615 24.992459 18.433063 13.078409 8.919515 5.844385 3.678238 2.223503 1.291297 0.720798 0.387055 0.200249 0.100107 0.048642 0.023263 0.011241 0.005766 0.003366 0.002353 0.001941 0.001779 0.001718 0.001695 0.001687 0.001685 0.001684 0.001683 0.001683 0.001683 0.001683 0.001683 0.001683 0.001682 0.001681 0.001679 0.001675 0.001666 0.001652 0.001626 0.001585 0.001521 0.001425 0.001291 0.001112 0.000888 0.000620 0.000319 0.000000 
50.000000 41.094998 32.633262 24.991950 18.432422 13.077660 8.918681 5.843489 3.677299 2.222534 1.290309 0.719799 0.386050 0.199240 0.099095 0.047630 0.022250 0.010228 0.004753 0.002353 0.001340 0.000928 0.000766 0.000705 0.000682 0.000674 0.000672 0.000671 0.000670 0.000670 0.000670 0.000670 0.000670 0.000670 0.000670 0.000669 0.000669 0.000667 0.000663 0.000657 0.000647 0.000631 0.000605 0.000566 0.000513 0.000442 0.000352 0.000246 0.000127 0.000000 
50.000000 41.094925 32.633118 24.991743 18.432161 13.077354 8.918342 5.843124 3.676916 2.222140 1.289907 0.719393 0.385641 0.198829 0.098684 0.047218 0.021838 0.009816 0.004341 0.001941 0.000928 0.000516 0.000354 0.000293 0.000270 0.000262 0.000259 0.000258 0.000258 0.000258 0.000258 0.000258 0.000258 0.000258 0.000258 0.000258 0.000257 0.000257 0.000255 0.000253 0.000249 0.000243 0.000233 0.000218 0.000197 0.000170 0.000135 0.000094 0.000049 0.000000 
50.000000 41.094896 32.633062 24.991662 18.432059 13.077235 8.918209 5.842981 3.676766 2.221985 1.289750 0.719233 0.385480 0.198668 0.098523 0.047057 0.021676 0.009654 0.004179 0.001780 0.000767 0.000354 0.000192 0.000131 0.000108 0.000101 0.000098 0.000097 0.000097 0.000096 0.000096 0.000096 0.000096 0.000096 0.000096 0.000096 0.000096 0.000096 0.000095 0.000095 0.000093 0.000091 0.000087 0.000081 0.000074 0.000063 0.000050 0.000035 0.000018 0.000000 
50.000000 41.094885 32.633041 24.991632 18.432020 13.077190 8.918159 5.842928 3.676710 2.221928 1.289691 0.719174 0.385420 0.198608 0.098462 0.046996 0.021616 0.009594 0.004119 0.001719 0.000706 0.000294 0.000132 0.000071 0.000048 0.000040 0.000037 0.000036 0.000036 0.000036 0.000036 0.000036 0.000036 0.000036 0.000036 0.000036 0.000036 0.000036 0.000036 0.000035 0.000035 0.000034 0.000032 0.000030 0.000027 0.000024 0.000019 0.000013 0.000007 0.000000 
50.000000 41.094881 32.633034 24.991622 18.432008 13.077175 8.918143 5.842910 3.676692 2.221909 1.289672 0.719154 0.385401 0.198588 0.098443 0.046977 0.021596 0.009574 0.004099 0.001699 0.000686 0.000274 0.000112 0.000051 0.000028 0.000020 0.000017 0.000017 0.000016 0.000016 0.000016 0.000016 0.000016 0.000016 0.000016 0.000016 0.000016 0.000016 0.000016 0.000016 0.000016 0.000015 0.000015 0.000014 0.000012 0.000011 0.000008 0.000006 0.000003 0.000000 
50.000000 41.094881 32.633034 24.991622 18.432008 13.077175 8.918143 5.842910 3.676692 2.221909 1.289672 0.719154 0.385401 0.198588 0.098443 0.046977 0.021596 0.009574 0.004099 0.001699 0.000686 0.000274 0.000112 0.000051 0.000028 0.000020 0.000017 0.000017 0.000016 0.000016 0.000016 0.000016 0.000016 0.000016 0.000016 0.000016 0.000016 0.000016 0.000016 0.000016 0.000016 0.000015 0.000015 0.000014 0.000012 0.000011 0.000008 0.000006 0.000003 0.000000 
50.000000 41.094885 32.633041 24.991632 18.432020 13.077190 8.918159 5.842928 3.676710 2.221928 1.289691 0.719174 0.385420 0.198608 0.098462 0.046996 0.021616 0.009594 0.004119 0.001719 0.000706 0.000294 0.000132 0.000071 0.000048 0.000040 0.000037 0.000036 0.000036 0.000036 0.000036 0.000036 0.000036 0.000036 0.000036 0.000036 0.000036 0.000036 0.000036 0.000035 0.000035 0.000034 0.000032 0.000030 0.000027 0.000024 0.000019 0.000013 0.000007 0.000000 
50.000000 41.094896 32.633062 24.991662 18.432059 13.077235 8.918209 5.842981 3.676766 2.221985 1.289750 0.719233 0.385480 0.198668 0.098523 0.047057 0.021676 0.009654 0.004179 0.001780 0.000767 0.000354 0.000192 0.000131 0.000108 0.000101 0.000098 0.000097 0.000097 0.000096 0.000096 0.000096 0.000096 0.000096 0.000096 0.000096 0.000096 0.000096 0.000095 0.000095 0.000093 0.000091 0.000087 0.000081 0.000074 0.000063 0.000050 0.000035 0.000018 0.000000 
50.000000 41.094925 32.633118 24.991743 18.432161 13.077354 8.918342 5.843124 3.676916 2.222140 1.289907 0.719393 0.385641 0.198829 0.098684 0.047218 0.021838 0.009816 0.004341 0.001941 0.000928 0.000516 0.000354 0.000293 0.000270 0.000262 0.000259 0.000258 0.000258 0.000258 0.000258 0.000258 0.000258 0.000258 0.000258 0.000258 0.000257 0.000257 0.000255 0.000253 0.000249 0.000243 0.000233 0.000218 0.000197 0.000170 0.000135 0.000094 0.000049 0.000000 
50.000000 41.094998 32.633262 24.991950 18.432422 13.077660 8.918681 5.843489 3.677299 2.222534 1.290309 0.719799 0.386050 0.199240 0.099095 0.047630 0.022250 0.010228 0.004753 0.002353 0.001340 0.000928 0.000766 0.000705 0.000682 0.000674 0.000672 0.000671 0.000670 0.000670 0.000670 0.000670 0.000670 0.000670 0.000670 0.000669 0.000669 0.000667 0.000663 0.000657 0.000647 0.000631 0.000605 0.000566 0.000513 0.000442 0.000352 0.000246 0.000127 0.000000 
50.000000 41.095179 32.633615 24.992459 18.433063 13.078409 8.919515 5.844385 3.678238 2.223503 1.291297 0.720798 0.387055 0.200249 0.100107 0.048642 0.023263 0.011241 0.005766 0.003366 0.002353 0.001941 0.001779 0.001718 0.001695 0.001687 0.001685 0.001684 0.001683 0.001683 0.001683 0.001683 0.001683 0.001683 0.001682 0.001681 0.001679 0.001675 0.001666 0.001652 0.001626 0.001585 0.001521 0.001425 0.001291 0.001112 0.000888 0.000620 0.000319 0.000000 
50.000000 41.095608 32.634451 24.993662 18.434582 13.080185 8.921491 5.846507 3.680464 2.225798 1.293636 0.723164 0.389437 0.202639 0.102502 0.051040 0.025661 0.013640 0.008165 0.005766 0.004753 0.004341 0.004179 0.004117 0.004095 0.004087 0.004084 0.004083 0.004083 0.004083 0.004083 0.004083 0.004082 0.004082 0.004081 0.004078 0.004073 0.004063 0.004043 0.004008 0.003948 0.003848 0.003694 0.003464 0.003139 0.002707 0.002161 0.001510 0.000777 0.000000 
50.000000 41.096586 32.636358 24.996408 18.438048 13.084237 8.925997 5.851349 3.685541 2.231033 1.298972 0.728562 0.394871 0.208093 0.107966 0.056510 0.031134 0.019114 0.013640 0.011241 0.010228 0.009816 0.009654 0.009592 0.009570 0.009562 0.009559 0.009558 0.009558 0.009558 0.009558 0.009558 0.009557 0.009556 0.009553 0.009547 0.009535 0.009512 0.009468 0.009387 0.009248 0.009020 0.008661 0.008127 0.007372 0.006361 0.005082 0.003553 0.001830 0.000000 
50.000000 41.098734 32.640545 25.002436 18.445654 13.093131 8.935889 5.861978 3.696689 2.242528 1.310689 0.740414 0.406802 0.220069 0.119965 0.068521 0.043151 0.031134 0.025661 0.023263 0.022250 0.021838 0.021676 0.021615 0.021592 0.021584 0.021581 0.021580 0.021580 0.021580 0.021580 0.021579 0.021578 0.021576 0.021570 0.021557 0.021531 0.021480 0.021382 0.021205 0.020898 0.020391 0.019592 0.018397 0.016702 0.014425 0.011534 0.008070 0.004158 0.000000 
50.000000 41.103265 32.649382 25.015158 18.461709 13.111903 8.956770 5.884416 3.720221 2.266794 1.335424 0.765435 0.431991 0.245350 0.145297 0.093878 0.068521 0.056510 0.051040 0.048642 0.047630 0.047218 0.047056 0.046995 0.046973 0.046965 0.046962 0.046961 0.046961 0.046960 0.046960 0.046959 0.046957 0.046951 0.046939 0.046913 0.046859 0.046751 0.046546 0.046171 0.045520 0.044437 0.042727 0.040156 0.036494 0.031552 0.025254 0.017683 0.009116 0.000000 
50.000000 41.112451 32.667294 25.040948 18.494256 13.149962 8.999105 5.929908 3.767934 2.315996 1.385578 0.816172 0.483067 0.296616 0.196664 0.145297 0.119965 0.107966 0.102502 0.100107 0.099095 0.098684 0.098522 0.098461 0.098439 0.098431 0.098428 0.098427 0.098426 0.098426 0.098425 0.098423 0.098419 0.098408 0.098384 0.098332 0.098223 0.098007 0.097593 0.096835 0.095508 0.093294 0.089776 0.084462 0.076850 0.066528 0.053313 0.037370 0.019279 0.000000 
50.000000 41.130321 32.702141 25.091119 18.557575 13.224005 9.081469 6.018419 3.860769 2.411730 1.483168 0.914894 0.582451 0.396370 0.296616 0.245350 0.220069 0.208093 0.202639 0.200249 0.199240 0.198829 0.198668 0.198606 0.198584 0.198576 0.198573 0.198572 0.198572 0.198571 0.198570 0.198566 0.198557 0.198537 0.198492 0.198392 0.198185 0.197769 0.196971 0.195501 0.192916 0.188577 0.181640 0.171097 0.155899 0.135169 0.108483 0.076138 0.039313 0.000000 
50.000000 41.163645 32.767126 25.184686 18.675665 13.362101 9.235091 6.183510 4.033929 2.590304 1.665205 1.099049 0.767842 0.582451 0.483067 0.431991 0.406802 0.394871 0.389437 0.387055 0.386050 0.385641 0.385480 0.385419 0.385397 0.385389 0.385386 0.385385 0.385384 0.385383 0.385381 0.385374 0.385359 0.385322 0.385240 0.385060 0.384682 0.383921 0.382451 0.379730 0.374916 0.366783 0.353689 0.333643 0.304532 0.264539 0.212707 0.149525 0.077289 0.000000 
50.000000 41.223167 32.883198 25.351811 18.886598 13.608776 9.509508 6.478423 4.343267 2.909319 1.990414 1.428044 1.099049 0.914894 0.816172 0.765435 0.740414 0.728562 0.723164 0.720798 0.719799 0.719392 0.719233 0.719172 0.719150 0.719142 0.719139 0.719138 0.719137 0.719136 0.719131 0.719120 0.719094 0.719032 0.718890 0.718579 0.717924 0.716598 0.714022 0.709225 0.700678 0.686128 0.662512 0.626049 0.572628 0.498589 0.401838 0.283053 0.146514 0.000000 
50.000000 41.324887 33.081565 25.637434 19.247098 14.030375 9.978535 6.982496 4.872009 3.454613 2.546306 1.990414 1.665205 1.483168 1.385578 1.335424 1.310689 1.298972 1.293636 1.291297 1.290309 1.289907 1.289749 1.289690 1.289668 1.289660 1.289657 1.289656 1.289655 1.289652 1.289645 1.289628 1.289585 1.289484 1.289252 1.288744 1.287667 1.285475 1.281189 1.273153 1.258721 1.233942 1.193344 1.130022 1.036266 0.904920 0.731501 0.516631 0.267913 0.000000 
50.000000 41.491062 33.405629 26.104054 19.836060 14.719173 10.744842 7.806084 5.735922 4.345590 3.454613 2.909319 2.590304 2.411730 2.315996 2.266794 2.242528 2.231033 2.225798 2.223503 2.222534 2.222140 2.221985 2.221926 2.221905 2.221897 2.221894 2.221893 2.221891 2.221887 2.221877 2.221850 2.221785 2.221630 2.221274 2.220488 2.218815 2.215387 2.208641 2.195892 2.172795 2.132747 2.066413 1.961711 1.804691 1.581787 1.283610 0.909755 0.472963 0.000000 
50.000000 41.750329 33.911240 26.832095 20.755003 15.793916 11.940552 9.091205 7.083996 5.735922 4.872009 4.343267 4.033929 3.860769 3.767934 3.720221 3.696689 3.685541 3.680464 3.678238 3.677299 3.676916 3.676766 3.676709 3.676688 3.676680 3.676678 3.676676 3.676674 3.676668 3.676653 3.676615 3.676522 3.676298 3.675783 3.674640 3.672192 3.667146 3.657139 3.638067 3.603175 3.541998 3.439384 3.275120 3.024944 2.663908 2.172819 1.547364 0.807274 0.000000 
50.000000 42.136311 34.663975 27.915992 22.123140 17.394044 13.720824 11.004640 9.091205 7.806084 6.982496 6.478423 6.183510 6.018419 5.929908 5.884416 5.861978 5.851349 5.846507 5.844385 5.843489 5.843124 5.842981 5.842927 5.842907 5.842900 5.842897 5.842895 5.842892 5.842884 5.842865 5.842814 5.842688 5.842386 5.841689 5.840132 5.836779 5.829821 5.815911 5.789152 5.739671 5.651820 5.502320 5.259004 4.881442 4.325276 3.552248 2.546731 1.335487 0.000000 
50.000000 42.684172 35.732409 29.454499 24.065137 19.665385 16.247926 13.720824 11.940552 10.744842 9.978535 9.509508 9.235091 9.081469 8.999105 8.956770 8.935889 8.925997 8.921491 8.919515 8.918681 8.918342 8.918208 8.918158 8.918139 8.918133 8.918130 8.918128 8.918124 8.918115 8.918090 8.918027 8.917870 8.917492 8.916613 8.914642 8.910373 8.901448 8.883459 8.848513 8.783131 8.665432 8.461820 8.123963 7.587760 6.777365 5.618778 4.067526 2.149820 0.000000 
50.000000 43.425004 37.177188 31.534954 26.691253 22.736918 19.665385 17.394044 15.793916 14.719173 14.030375 13.608776 13.362101 13.224005 13.149962 13.111903 13.093131 13.084237 13.080185 13.078409 13.077660 13.077354 13.077234 13.077189 13.077172 13.077166 13.077163 13.077161 13.077157 13.077147 13.077118 13.077046 13.076865 13.076428 13.075410 13.073112 13.068106 13.057569 13.036148 12.994109 12.914482 12.768972 12.512601 12.077625 11.368459 10.261765 8.619920 6.331118 3.389239 0.000000 
50.000000 44.378721 39.037148 34.213289 30.072103 26.691253 24.065137 22.123140 20.755003 19.836060 19.247098 18.886598 18.675665 18.557575 18.494256 18.461709 18.445654 18.438048 18.434582 18.433063 18.432422 18.432161 18.432058 18.432019 18.432005 18.432000 18.431998 18.431996 18.431991 18.431980 18.431951 18.431875 18.431686 18.431229 18.430157 18.427728 18.422405 18.411126 18.388008 18.342178 18.254273 18.091095 17.797864 17.287772 16.429487 15.036051 12.865899 9.662968 5.288903 0.000000 
50.000000 45.546897 41.315362 37.493934 34.213289 31.534954 29.454499 27.915992 26.832095 26.104054 25.637434 25.351811 25.184686 25.091119 25.040948 25.015158 25.002436 24.996408 24.993662 24.992459 24.991950 24.991743 24.991662 24.991631 24.991620 24.991616 24.991614 24.991612 24.991608 24.991598 24.991571 24.991501 24.991326 24.990902 24.989904 24.987634 24.982636 24.971979 24.949973 24.905933 24.820443 24.659276 24.363743 23.835721 22.915034 21.347390 18.746967 14.584206 8.317863 0.000000 
50.000000 46.907621 43.969101 41.315362 39.037148 37.177188 35.732409 34.663975 33.911240 33.405629 33.081565 32.883198 32.767126 32.702141 32.667294 32.649382 32.640545 32.636358 32.634451 32.633615 32.633262 32.633118 32.633061 32.633040 32.633032 32.633029 32.633028 32.633027 32.633024 32.633016 32.632995 32.632941 32.632805 32.632476 32.631698 32.629924 32.626003 32.617601 32.600144 32.564933 32.495874 32.363876 32.117244 31.664884 30.846070 29.374180 26.731156 21.984550 13.590894 0.000000 
50.000000 48.414366 46.907621 45.546897 44.378721 43.425004 42.684172 42.136311 41.750329 41.491062 41.324887 41.223167 41.163645 41.130321 41.112451 41.103265 41.098734 41.096586 41.095608 41.095179 41.094998 41.094925 41.094896 41.094885 41.094881 41.094879 41.094878 41.094878 41.094876 41.094872 41.094860 41.094831 41.094757 41.094576 41.094149 41.093172 41.091008 41.086357 41.076653 41.056974 41.018099 40.943054 40.800824 40.534352 40.035765 39.089818 37.229033 33.316727 24.207183 0.000000 
50.000000 50.000000 50.000000 50.000000 50.000000 50.000000 50.000000 50.000000 50.000000 50.000000 50.000000 50.000000 50.000000 50.000000 50.000000 50.000000 50.000000 50.000000 50.000000 50.000000 50.000000 50.000000 50.000000 50.000000 50.000000 50.000000 50.000000 50.000000 50.000000 50.000000 50.000000 50.000000 50.000000 50.000000 50.000000 50.000000 50.000000 50.000000 50.000000 50.000000 50.000000 50.000000 50.000000 50.000000 50.000000 50.000000 50.000000 50.000000 50.000000 50.000000 
