50.000000 50.000000 50.000000 50.000000 50.000000 50.000000 50.000000 50.000000 50.000000 50.000000 50.000000 50.000000 50.000000 50.000000 50.000000 50.000000 50.000000 50.000000 50.000000 50.000000 50.000000 50.000000 50.000000 50.000000 50.000000 50.000000 50.000000 50.000000 50.000000 50.000000 50.000000 50.000000 50.000000 50.000000 50.000000 50.000000 50.000000 50.000000 50.000000 50.000000 50.000000 50.000000 50.000000 50.000000 50.000000 50.000000 50.000000 50.000000 50.000000 50.000000 
50.000000 43.914350 38.982205 35.708966 33.901740 33.057280 32.717882 32.598849 32.561960 32.551749 32.549201 32.548623 32.548503 32.548480 32.548476 32.548476 32.548475 32.548475 32.548475 32.548475 32.548475 32.548475 32.548475 32.548475 32.548475 32.548475 32.548475 32.548475 32.548475 32.548475 32.548475 32.548475 32.548475 32.548475 32.548475 32.548475 32.548475 32.548474 32.548466 32.548423 32.548205 32.547169 32.542630 32.524258 32.455614 32.218058 31.449810 29.086156 21.957175 0.000000 
50.000000 38.982205 30.053537 24.128926 20.858521 19.330757 18.716910 18.501690 18.435015 18.416565 18.411963 18.410919 18.410703 18.410661 18.410654 18.410653 18.410653 18.410653 18.410653 18.410653 18.410653 18.410653 18.410653 18.410653 18.410653 18.410653 18.410653 18.410653 18.410653 18.410653 18.410653 18.410653 18.410653 18.410653 18.410653 18.410653 18.410652 18.410651 18.410640 18.410583 18.410293 18.408937 18.403084 18.379933 18.296335 18.021849 17.206017 15.026768 9.896048 0.000000 
50.000000 35.708966 24.128926 16.446490 12.206878 10.226976 9.431746 9.153040 9.066732 9.042859 9.036907 9.035558 9.035278 9.035225 9.035215 9.035214 9.035213 9.035213 9.035213 9.035213 9.035213 9.035213 9.035213 9.035213 9.035213 9.035213 9.035213 9.035213 9.035213 9.035213 9.035213 9.035213 9.035213 9.035213 9.035213 9.035213 9.035213 9.035212 9.035203 9.035157 9.034928 9.033863 9.029343 9.011864 8.950688 8.758564 8.223245 6.922909 4.259157 0.000000 
50.000000 33.901740 20.858521 12.206878 7.433522 5.204987 4.310175 3.996676 3.899628 3.872795 3.866107 3.864592 3.864278 3.864218 3.864207 3.864206 3.864205 3.864205 3.864205 3.864205 3.864205 3.864205 3.864205 3.864205 3.864205 3.864205 3.864205 3.864205 3.864205 3.864205 3.864205 3.864205 3.864205 3.864205 3.864205 3.864205 3.864205 3.864204 3.864199 3.864172 3.864038 3.863423 3.860850 3.851085 3.817779 3.716761 3.448314 2.836672 1.683682 0.000000 
50.000000 33.057280 19.330757 10.226976 5.204987 2.860833 1.919804 1.590190 1.488179 1.459981 1.452955 1.451364 1.451034 1.450971 1.450960 1.450958 1.450958 1.450958 1.450958 1.450958 1.450958 1.450958 1.450958 1.450958 1.450958 1.450958 1.450958 1.450958 1.450958 1.450958 1.450958 1.450958 1.450958 1.450958 1.450958 1.450958 1.450958 1.450958 1.450955 1.450943 1.450880 1.450597 1.449425 1.445047 1.430416 1.387208 1.276289 1.034421 0.601666 0.000000 
50.000000 32.717882 18.716910 9.431746 4.310175 1.919804 0.960340 0.624314 0.520334 0.491596 0.484436 0.482814 0.482479 0.482415 0.482403 0.482401 0.482401 0.482401 0.482401 0.482401 0.482401 0.482401 0.482401 0.482401 0.482401 0.482401 0.482401 0.482401 0.482401 0.482401 0.482401 0.482401 0.482401 0.482401 0.482401 0.482401 0.482401 0.482401 0.482400 0.482395 0.482371 0.482262 0.481816 0.480170 0.474757 0.459090 0.419882 0.336977 0.193624 0.000000 
50.000000 32.598849 18.501690 9.153040 3.996676 1.590190 0.624314 0.286063 0.181401 0.152477 0.145271 0.143640 0.143302 0.143237 0.143226 0.143224 0.143224 0.143224 0.143224 0.143224 0.143224 0.143224 0.143224 0.143224 0.143224 0.143224 0.143224 0.143224 0.143224 0.143224 0.143224 0.143224 0.143224 0.143224 0.143224 0.143224 0.143224 0.143224 0.143223 0.143222 0.143214 0.143178 0.143032 0.142498 0.140765 0.135826 0.123696 0.098607 0.056220 0.000000 
50.000000 32.561960 18.435015 9.066732 3.899628 1.488179 0.520334 0.181401 0.076531 0.047550 0.040330 0.038696 0.038357 0.038293 0.038281 0.038279 0.038279 0.038279 0.038279 0.038279 0.038279 0.038279 0.038279 0.038279 0.038279 0.038279 0.038279 0.038279 0.038279 0.038279 0.038279 0.038279 0.038279 0.038279 0.038279 0.038279 0.038279 0.038279 0.038279 0.038278 0.038276 0.038266 0.038224 0.038072 0.037583 0.036205 0.032869 0.026078 0.014791 0.000000 
50.000000 32.551749 18.416565 9.042859 3.872795 1.459981 0.491596 0.152477 0.047550 0.018554 0.011330 0.009694 0.009356 0.009291 0.009280 0.009278 0.009278 0.009278 0.009278 0.009278 0.009278 0.009278 0.009278 0.009278 0.009278 0.009278 0.009278 0.009278 0.009278 0.009278 0.009278 0.009278 0.009278 0.009278 0.009278 0.009278 0.009278 0.009278 0.009278 0.009277 0.009277 0.009274 0.009263 0.009225 0.009101 0.008757 0.007932 0.006272 0.003544 0.000000 
50.000000 32.549201 18.411963 9.036907 3.866107 1.452955 0.484436 0.145271 0.040330 0.011330 0.004105 0.002470 0.002131 0.002066 0.002055 0.002053 0.002053 0.002053 0.002053 0.002053 0.002053 0.002053 0.002053 0.002053 0.002053 0.002053 0.002053 0.002053 0.002053 0.002053 0.002053 0.002053 0.002053 0.002053 0.002053 0.002053 0.002053 0.002053 0.002053 0.002053 0.002052 0.002052 0.002049 0.002040 0.002012 0.001934 0.001749 0.001380 0.000778 0.000000 
50.000000 32.548623 18.410919 9.035558 3.864592 1.451364 0.482814 0.143640 0.038696 0.009694 0.002470 0.000834 0.000495 0.000431 0.000419 0.000417 0.000417 0.000417 0.000417 0.000417 0.000417 0.000417 0.000417 0.000417 0.000417 0.000417 0.000417 0.000417 0.000417 0.000417 0.000417 0.000417 0.000417 0.000417 0.000417 0.000417 0.000417 0.000417 0.000417 0.000417 0.000417 0.000417 0.000416 0.000414 0.000409 0.000393 0.000354 0.000279 0.000157 0.000000 
50.000000 32.548503 18.410703 9.035278 3.864278 1.451034 0.482479 0.143302 0.038357 0.009356 0.002131 0.000495 0.000156 0.000092 0.000080 0.000079 0.000078 0.000078 0.000078 0.000078 0.000078 0.000078 0.000078 0.000078 0.000078 0.000078 0.000078 0.000078 0.000078 0.000078 0.000078 0.000078 0.000078 0.000078 0.000078 0.000078 0.000078 0.000078 0.000078 0.000078 0.000078 0.000078 0.000078 0.000078 0.000077 0.000074 0.000066 0.000052 0.000029 0.000000 
50.000000 32.548480 18.410661 9.035225 3.864218 1.450971 0.482415 0.143237 0.038293 0.009291 0.002066 0.000431 0.000092 0.000027 0.000016 0.000014 0.000014 0.000014 0.000014 0.000014 0.000014 0.000014 0.000014 0.000014 0.000014 0.000014 0.000014 0.000014 0.000014 0.000014 0.000014 0.000014 0.000014 0.000014 0.000014 0.000014 0.000014 0.000014 0.000014 0.000014 0.000014 0.000014 0.000014 0.000014 0.000013 0.000013 0.000012 0.000009 0.000005 0.000000 
50.000000 32.548476 18.410654 9.035215 3.864207 1.450960 0.482403 0.143226 0.038281 0.009280 0.002055 0.000419 0.000080 0.000016 0.000004 0.000003 0.000002 0.000002 0.000002 0.000002 0.000002 0.000002 0.000002 0.000002 0.000002 0.000002 0.000002 0.000002 0.000002 0.000002 0.000002 0.000002 0.000002 0.000002 0.000002 0.000002 0.000002 0.000002 0.000002 0.000002 0.000002 0.000002 0.000002 0.000002 0.000002 0.000002 0.000002 0.000001 0.000001 0.000000 
50.000000 32.548476 18.410653 9.035214 3.864206 1.450958 0.482401 0.143224 0.038279 0.009278 0.002053 0.000417 0.000079 0.000014 0.000003 0.000001 0.000000 0.000000 0.000000 0.000000 0.000000 0.000000 0.000000 0.000000 0.000000 0.000000 0.000000 0.000000 0.000000 0.000000 0.000000 0.000000 0.000000 0.000000 0.000000 0.000000 0.000000 0.000000 0.000000 0.000000 0.000000 0.000000 0.000000 0.000000 0.000000 0.000000 0.000000 0.000000 0.000000 0.000000 
50.000000 32.548475 18.410653 9.035213 3.864205 1.450958 0.482401 0.143224 0.038279 0.009278 0.002053 0.000417 0.000078 0.000014 0.000002 0.000000 0.000000 0.000000 0.000000 0.000000 0.000000 0.000000 0.000000 0.000000 0.000000 0.000000 0.000000 0.000000 0.000000 0.000000 0.000000 0.000000 0.000000 0.000000 0.000000 0.000000 0.000000 0.000000 0.000000 0.000000 0.000000 0.000000 0.000000 0.000000 0.000000 0.000000 0.000000 0.000000 0.000000 0.000000 
50.000000 32.548475 18.410653 9.035213 3.864205 1.450958 0.482401 0.143224 0.038279 0.009278 0.002053 0.000417 0.000078 0.000014 0.000002 0.000000 0.000000 0.000000 0.000000 0.000000 0.000000 0.000000 0.000000 0.000000 0.000000 0.000000 0.000000 0.000000 0.000000 0.000000 0.000000 0.000000 0.000000 0.000000 0.000000 0.000000 0.000000 0.000000 0.000000 0.000000 0.000000 0.000000 0.000000 0.000000 0.000000 0.000000 0.000000 0.000000 0.000000 0.000000 
50.000000 32.548475 18.410653 9.035213 3.864205 1.450958 0.482401 0.143224 0.038279 0.009278 0.002053 0.000417 0.000078 0.000014 0.000002 0.000000 0.000000 0.000000 0.000000 0.000000 0.000000 0.000000 0.000000 0.000000 0.000000 0.000000 0.000000 0.000000 0.000000 0.000000 0.000000 0.000000 0.000000 0.000000 0.000000 0.000000 0.000000 0.000000 0.000000 0.000000 0.000000 0.000000 0.000000 0.000000 0.000000 0.000000 0.000000 0.000000 0.000000 0.000000 
50.000000 32.548475 18.410653 9.035213 3.864205 1.450958 0.482401 0.143224 0.038279 0.009278 0.002053 0.000417 0.000078 0.000014 0.000002 0.000000 0.000000 0.000000 0.000000 0.000000 0.000000 0.000000 0.000000 0.000000 0.000000 0.000000 0.000000 0.000000 0.000000 0.000000 0.000000 0.000000 0.000000 0.000000 0.000000 0.000000 0.000000 0.000000 0.000000 0.000000 0.000000 0.000000 0.000000 0.000000 0.000000 0.000000 0.000000 0.000000 0.000000 0.000000 
50.000000 32.548475 18.410653 9.035213 3.864205 1.450958 0.482401 0.143224 0.038279 0.009278 0.002053 0.000417 0.000078 0.000014 0.000002 0.000000 0.000000 0.000000 0.000000 0.000000 0.000000 0.000000 0.000000 0.000000 0.000000 0.000000 0.000000 0.000000 0.000000 0.000000 0.000000 0.000000 0.000000 0.000000 0.000000 0.000000 0.000000 0.000000 0.000000 0.000000 0.000000 0.000000 0.000000 0.000000 0.000000 0.000000 0.000000 0.000000 0.000000 0.000000 
50.000000 32.548475 18.410653 9.035213 3.864205 1.450958 0.482401 0.143224 0.038279 0.009278 0.002053 0.000417 0.000078 0.000014 0.000002 0.000000 0.000000 0.000000 0.000000 0.000000 0.000000 0.000000 0.000000 0.000000 0.000000 0.000000 0.000000 0.000000 0.000000 0.000000 0.000000 0.000000 0.000000 0.000000 0.000000 0.000000 0.000000 0.000000 0.000000 0.000000 0.000000 0.000000 0.000000 0.000000 0.000000 0.000000 0.000000 0.000000 0.000000 0.000000 
50.000000 32.548475 18.410653 9.035213 3.864205 1.450958 0.482401 0.143224 0.038279 0.009278 0.002053 0.000417 0.000078 0.000014 0.000002 0.000000 0.000000 0.000000 0.000000 0.000000 0.000000 0.000000 0.000000 0.000000 0.000000 0.000000 0.000000 0.000000 0.000000 0.000000 0.000000 0.000000 0.000000 0.000000 0.000000 0.000000 0.000000 0.000000 0.000000 0.000000 0.000000 0.000000 0.000000 0.000000 0.000000 0.000000 0.000000 0.000000 0.000000 0.000000 
50.000000 32.548475 18.410653 9.035213 3.864205 1.450958 0.482401 0.143224 0.038279 0.009278 0.002053 0.000417 0.000078 0.000014 0.000002 0.000000 0.000000 0.000000 0.000000 0.000000 0.000000 0.000000 0.000000 0.000000 0.000000 0.000000 0.000000 0.000000 0.000000 0.000000 0.000000 0.000000 0.000000 0.000000 0.000000 0.000000 0.000000 0.000000 0.000000 0.000000 0.000000 0.000000 0.000000 0.000000 0.000000 0.000000 0.000000 0.000000 0.000000 0.000000 
50.000000 32.548475 18.410653 9.035213 3.864205 1.450958 0.482401 0.143224 0.038279 0.009278 0.002053 0.000417 0.000078 0.000014 0.000002 0.000000 0.000000 0.000000 0.000000 0.000000 0.000000 0.000000 0.000000 0.000000 0.000000 0.000000 0.000000 0.000000 0.000000 0.000000 0.000000 0.000000 0.000000 0.000000 0.000000 0.000000 0.000000 0.000000 0.000000 0.000000 0.000000 0.000000 0.000000 0.000000 0.000000 0.000000 0.000000 0.000000 0.000000 0.000000 
50.000000 32.548475 18.410653 9.035213 3.864205 1.450958 0.482401 0.143224 0.038279 0.009278 0.002053 0.000417 0.000078 0.000014 0.000002 0.000000 0.000000 0.000000 0.000000 0.000000 0.000000 0.000000 0.000000 0.000000 0.000000 0.000000 0.000000 0.000000 0.000000 0.000000 0.000000 0.000000 0.000000 0.000000 0.000000 0.000000 0.000000 0.000000 0.000000 0.000000 0.000000 0.000000 0.000000 0.000000 0.000000 0.000000 0.000000 0.000000 0.000000 0.000000 
50.000000 32.548475 18.410653 9.035213 3.864205 1.450958 0.482401 0.143224 0.038279 0.009278 0.002053 0.000417 0.000078 0.000014 0.000002 0.000000 0.000000 0.000000 0.000000 0.000000 0.000000 0.000000 0.000000 0.000000 0.000000 0.000000 0.000000 0.000000 0.000000 0.000000 0.000000 0.000000 0.000000 0.000000 0.000000 0.000000 0.000000 0.000000 0.000000 0.000000 0.000000 0.000000 0.000000 0.000000 0.000000 0.000000 0.000000 0.000000 0.000000 0.000000 
50.000000 32.548475 18.410653 9.035213 3.864205 1.450958 0.482401 0.143224 0.038279 0.009278 0.002053 0.000417 0.000078 0.000014 0.000002 0.000000 0.000000 0.000000 0.000000 0.000000 0.000000 0.000000 0.000000 0.000000 0.000000 0.000000 0.000000 0.000000 0.000000 0.000000 0.000000 0.000000 0.000000 0.000000 0.000000 0.000000 0.000000 0.000000 0.000000 0.000000 0.000000 0.000000 0.000000 0.000000 0.000000 0.000000 0.000000 0.000000 0.000000 0.000000 
50.000000 32.548475 18.410653 9.035213 3.864205 1.450958 0.482401 0.143224 0.038279 0.009278 0.002053 0.000417 0.000078 0.000014 0.000002 0.000000 0.000000 0.000000 0.000000 0.000000 0.000000 0.000000 0.000000 0.000000 0.000000 0.000000 0.000000 0.000000 0.000000 0.000000 0.000000 0.000000 0.000000 0.000000 0.000000 0.000000 0.000000 0.000000 0.000000 0.000000 0.000000 0.000000 0.000000 0.000000 0.000000 0.000000 0.000000 0.000000 0.000000 0.000000 
50.000000 32.548475 18.410653 9.035213 3.864205 1.450958 0.482401 0.143224 0.038279 0.009278 0.002053 0.000417 0.000078 0.000014 0.000002 0.000000 0.000000 0.000000 0.000000 0.000000 0.000000 0.000000 0.000000 0.000000 0.000000 0.000000 0.000000 0.000000 0.000000 0.000000 0.000000 0.000000 0.000000 0.000000 0.000000 0.000000 0.000000 0.000000 0.000000 0.000000 0.000000 0.000000 0.000000 0.000000 0.000000 0.000000 0.000000 0.000000 0.000000 0.000000 
50.000000 32.548475 18.410653 9.035213 3.864205 1.450958 0.482401 0.143224 0.038279 0.009278 0.002053 0.000417 0.000078 0.000014 0.000002 0.000000 0.000000 0.000000 0.000000 0.000000 0.000000 0.000000 0.000000 0.000000 0.000000 0.000000 0.000000 0.000000 0.000000 0.000000 0.000000 0.000000 0.000000 0.000000 0.000000 0.000000 0.000000 0.000000 0.000000 0.000000 0.000000 0.000000 0.000000 0.000000 0.000000 0.000000 0.000000 0.000000 0.000000 0.000000 
50.000000 32.548475 18.410653 9.035213 3.864205 1.450958 0.482401 0.143224 0.038279 0.009278 0.002053 0.000417 0.000078 0.000014 0.000002 0.000000 0.000000 0.000000 0.000000 0.000000 0.000000 0.000000 0.000000 0.000000 0.000000 0.000000 0.000000 0.000000 0.000000 0.000000 0.000000 0.000000 0.000000 0.000000 0.000000 0.000000 0.000000 0.000000 0.000000 0.000000 0.000000 0.000000 0.000000 0.000000 0.000000 0.000000 0.000000 0.000000 0.000000 0.000000 
50.000000 32.548475 18.410653 9.035213 3.864205 1.450958 0.482401 0.143224 0.038279 0.009278 0.002053 0.000417 0.000078 0.000014 0.000002 0.000000 0.000000 0.000000 0.000000 0.000000 0.000000 0.000000 0.000000 0.000000 0.000000 0.000000 0.000000 0.000000 0.000000 0.000000 0.000000 0.000000 0.000000 0.000000 0.000000 0.000000 0.000000 0.000000 0.000000 0.000000 0.000000 0.000000 0.000000 0.000000 0.000000 0.000000 0.000000 0.000000 0.000000 0.000000 
50.000000 32.548475 18.410653 9.035213 3.864205 1.450958 0.482401 0.143224 0.038279 0.009278 0.002053 0.000417 0.000078 0.000014 0.000002 0.000000 0.000000 0.000000 0.000000 0.000000 0.000000 0.000000 0.000000 0.000000 0.000000 0.000000 0.000000 0.000000 0.000000 0.000000 0.000000 0.000000 0.000000 0.000000 0.000000 0.000000 0.000000 0.000000 0.000000 0.000000 0.000000 0.000000 0.000000 0.000000 0.000000 0.000000 0.000000 0.000000 0.000000 0.000000 
50.000000 32.548476 18.410653 9.035214 3.864206 1.450958 0.482401 0.143224 0.038279 0.009278 0.002053 0.000417 0.000079 0.000014 0.000003 0.000001 0.000000 0.000000 0.000000 0.000000 0.000000 0.000000 0.000000 0.000000 0.000000 0.000000 0.000000 0.000000 0.000000 0.000000 0.000000 0.000000 0.000000 0.000000 0.000000 0.000000 0.000000 0.000000 0.000000 0.000000 0.000000 0.000000 0.000000 0.000000 0.000000 0.000000 0.000000 0.000000 0.000000 0.000000 
50.000000 32.548476 18.410654 9.035215 3.864207 1.450960 0.482403 0.143226 0.038281 0.009280 0.002055 0.000419 0.000080 0.000016 0.000004 0.000003 0.000002 0.000002 0.000002 0.000002 0.000002 0.000002 0.000002 0.000002 0.000002 0.000002 0.000002 0.000002 0.000002 0.000002 0.000002 0.000002 0.000002 0.000002 0.000002 0.000002 0.000002 0.000002 0.000002 0.000002 0.000002 0.000002 0.000002 0.000002 0.000002 0.000002 0.000002 0.000001 0.000001 0.000000 
50.000000 32.548480 18.410661 9.035225 3.864218 1.450971 0.482415 0.143237 0.038293 0.009291 0.002066 0.000431 0.000092 0.000027 0.000016 0.000014 0.000014 0.000014 0.000014 0.000014 0.000014 0.000014 0.000014 0.000014 0.000014 0.000014 0.000014 0.000014 0.000014 0.000014 0.000014 0.000014 0.000014 0.000014 0.000014 0.000014 0.000014 0.000014 0.000014 0.000014 0.000014 0.000014 0.000014 0.000014 0.000013 0.000013 0.000012 0.000009 0.000005 0.000000 
50.000000 32.548503 18.410703 9.035278 3.864278 1.451034 0.482479 0.143302 0.038357 0.009356 0.002131 0.000495 0.000156 0.000092 0.000080 0.000079 0.000078 0.000078 0.000078 0.000078 0.000078 0.000078 0.000078 0.000078 0.000078 0.000078 0.000078 0.000078 0.000078 0.000078 0.000078 0.000078 0.000078 0.000078 0.000078 0.000078 0.000078 0.000078 0.000078 0.000078 0.000078 0.000078 0.000078 0.000078 0.000077 0.000074 0.000066 0.000052 0.000029 0.000000 
50.000000 32.548623 18.410919 9.035558 3.864592 1.451364 0.482814 0.143640 0.038696 0.009694 0.002470 0.000834 0.000495 0.000431 0.000419 0.000417 0.000417 0.000417 0.000417 0.000417 0.000417 0.000417 0.000417 0.000417 0.000417 0.000417 0.000417 0.000417 0.000417 0.000417 0.000417 0.000417 0.000417 0.000417 0.000417 0.000417 0.000417 0.000417 0.000417 0.000417 0.000417 0.000417 0.000416 0.000414 0.000409 0.000393 0.000354 0.000279 0.000157 0.000000 
50.000000 32.549201 18.411963 9.036907 3.866107 1.452955 0.484436 0.145271 0.040330 0.011330 0.004105 0.002470 0.002131 0.002066 0.002055 0.002053 0.002053 0.002053 0.002053 0.002053 0.002053 0.002053 0.002053 0.002053 0.002053 0.002053 0.002053 0.002053 0.002053 0.002053 0.002053 0.002053 0.002053 0.002053 0.002053 0.002053 0.002053 0.002053 0.002053 0.002053 0.002052 0.002052 0.002049 0.002040 0.002012 0.001934 0.001749 0.001380 0.000778 0.000000 
50.000000 32.551749 18.416565 9.042859 3.872795 1.459981 0.491596 0.152477 0.047550 0.018554 0.011330 0.009694 0.009356 0.009291 0.009280 0.009278 0.009278 0.009278 0.009278 0.009278 0.009278 0.009278 0.009278 0.009278 0.009278 0.009278 0.009278 0.009278 0.009278 0.009278 0.009278 0.009278 0.009278 0.009278 0.009278 0.009278 0.009278 0.009278 0.009278 0.009277 0.009277 0.009274 0.009263 0.009225 0.009101 0.008757 0.007932 0.006272 0.003544 0.000000 
50.000000 32.561960 18.435015 9.066732 3.899628 1.488179 0.520334 0.181401 0.076531 0.047550 0.040330 0.038696 0.038357 0.038293 0.038281 0.038279 0.038279 0.038279 0.038279 0.038279 0.038279 0.038279 0.038279 0.038279 0.038279 0.038279 0.038279 0.038279 0.038279 0.038279 0.038279 0.038279 0.038279 0.038279 0.038279 0.038279 0.038279 0.038279 0.038279 0.038278 0.038276 0.038266 0.038224 0.038072 0.037583 0.036205 0.032869 0.026078 0.014791 0.000000 
50.000000 32.598849 18.501690 9.153040 3.996676 1.590190 0.624314 0.286063 0.181401 0.152477 0.145271 0.143640 0.143302 0.143237 0.143226 0.143224 0.143224 0.143224 0.143224 0.143224 0.143224 0.143224 0.143224 0.143224 0.143224 0.143224 0.143224 0.143224 0.143224 0.143224 0.143224 0.143224 0.143224 0.143224 0.143224 0.143224 0.143224 0.143224 0.143223 0.143222 0.143214 0.143178 0.143032 0.142498 0.140765 0.135826 0.123696 0.098607 0.056220 0.000000 
50.000000 32.717882 18.716910 9.431746 4.310175 1.919804 0.960340 0.624314 0.520334 0.491596 0.484436 0.482814 0.482479 0.482415 0.482403 0.482401 0.482401 0.482401 0.482401 0.482401 0.482401 0.482401 0.482401 0.482401 0.482401 0.482401 0.482401 0.482401 0.482401 0.482401 0.482401 0.482401 0.482401 0.482401 0.482401 0.482401 0.482401 0.482401 0.482400 0.482395 0.482371 0.482262 0.481816 0.480170 0.474757 0.459090 0.419882 0.336977 0.193624 0.000000 
50.000000 33.057280 19.330757 10.226976 5.204987 2.860833 1.919804 1.590190 1.488179 1.459981 1.452955 1.451364 1.451034 1.450971 1.450960 1.450958 1.450958 1.450958 1.450958 1.450958 1.450958 1.450958 1.450958 1.450958 1.450958 1.450958 1.450958 1.450958 1.450958 1.450958 1.450958 1.450958 1.450958 1.450958 1.450958 1.450958 1.450958 1.450958 1.450955 1.450943 1.450880 1.450597 1.449425 1.445047 1.430416 1.387208 1.276289 1.034421 0.601666 0.000000 
50.000000 33.901740 20.858521 12.206878 7.433522 5.204987 4.310175 3.996676 3.899628 3.872795 3.866107 3.864592 3.864278 3.864218 3.864207 3.864206 3.864205 3.864205 3.864205 3.864205 3.864205 3.864205 3.864205 3.864205 3.864205 3.864205 3.864205 3.864205 3.864205 3.864205 3.864205 3.864205 3.864205 3.864205 3.864205 3.864205 3.864205 3.864204 3.864199 3.864172 3.864038 3.863423 3.860850 3.851085 3.817779 3.716761 3.448314 2.836672 1.683682 0.000000 
50.000000 35.708966 24.128926 16.446490 12.206878 10.226976 9.431746 9.153040 9.066732 9.042859 9.036907 9.035558 9.035278 9.035225 9.035215 9.035214 9.035213 9.035213 9.035213 9.035213 9.035213 9.035213 9.035213 9.035213 9.035213 9.035213 9.035213 9.035213 9.035213 9.035213 9.035213 9.035213 9.035213 9.035213 9.035213 9.035213 9.035213 9.035212 9.035203 9.035157 9.034928 9.033863 9.029343 9.011864 8.950688 8.758564 8.223245 6.922909 4.259157 0.000000 
50.000000 38.982205 30.053537 24.128926 20.858521 19.330757 18.716910 18.501690 18.435015 18.416565 18.411963 18.410919 18.410703 18.410661 18.410654 18.410653 18.410653 18.410653 18.410653 18.410653 18.410653 18.410653 18.410653 18.410653 18.410653 18.410653 18.410653 18.410653 18.410653 18.410653 18.410653 18.410653 18.410653 18.410653 18.410653 18.410653 18.410652 18.410651 18.410640 18.410583 18.410293 18.408937 18.403084 18.379933 18.296335 18.021849 17.206017 15.026768 9.896048 0.000000 
50.000000 43.914350 38.982205 35.708966 33.901740 33.057280 32.717882 32.598849 32.561960 32.551749 32.549201 32.548623 32.548503 32.548480 32.548476 32.548476 32.548475 32.548475 32.548475 32.548475 32.548475 32.548475 32.548475 32.548475 32.548475 32.548475 32.548475 32.548475 32.548475 32.548475 32.548475 32.548475 32.548475 32.548475 32.548475 32.548475 32.548475 32.548474 32.548466 32.548423 32.548205 32.547169 32.542630 32.524258 32.455614 32.218058 31.449810 29.086156 21.957175 0.000000 
50.000000 50.000000 50.000000 50.000000 50.000000 50.000000 50.000000 50.000000 50.000000 50.000000 50.000000 50.000000 50.000000 50.000000 50.000000 50.000000 50.000000 50.000000 50.000000 50.000000 50.000000 50.000000 50.000000 50.000000 50.000000 50.000000 50.000000 50.000000 50.000000 50.000000 50.000000 50.000000 50.000000 50.000000 50.000000 50.000000 50.000000 50.000000 50.000000 50.000000 50.000000 50.000000 50.000000 50.000000 50.000000 50.000000 50.000000 50.000000 50.000000 50.000000 
