50.000000 50.000000 50.000000 50.000000 50.000000 50.000000 50.000000 50.000000 50.000000 50.000000 50.000000 50.000000 50.000000 50.000000 50.000000 50.000000 50.000000 50.000000 50.000000 50.000000 50.000000 50.000000 50.000000 50.000000 50.000000 50.000000 50.000000 50.000000 50.000000 50.000000 50.000000 50.000000 50.000000 50.000000 50.000000 50.000000 50.000000 50.000000 50.000000 50.000000 50.000000 50.000000 50.000000 50.000000 50.000000 50.000000 50.000000 50.000000 50.000000 50.000000 
50.000000 48.722349 47.495933 46.365827 45.366027 44.516638 43.823513 43.280055 42.870484 42.573669 42.366736 42.227874 42.138136 42.082258 42.048711 42.029283 42.018421 42.012557 42.009496 42.007951 42.007197 42.006840 42.006677 42.006604 42.006572 42.006559 42.006552 42.006545 42.006535 42.006510 42.006454 42.006328 42.006052 42.005464 42.004240 42.001762 41.996869 41.987443 41.969698 41.937005 41.877898 41.772669 41.587265 41.261626 40.685413 39.642025 37.664281 33.617795 24.361175 0.000000 
50.000000 47.495933 45.092281 42.877391 40.917891 39.253185 37.894743 36.829635 36.026931 35.445219 35.039662 34.767516 34.591647 34.482136 34.416392 34.378316 34.357031 34.345538 34.339540 34.336513 34.335034 34.334335 34.334015 34.333872 34.333811 34.333784 34.333770 34.333758 34.333738 34.333692 34.333588 34.333354 34.332842 34.331751 34.329486 34.324908 34.315893 34.298577 34.266114 34.206614 34.099798 33.911478 33.584290 33.021543 32.057911 30.404245 27.543041 22.546140 13.878137 0.000000 
50.000000 46.365827 42.877391 39.662915 36.819095 34.403120 32.431634 30.885869 29.720932 28.876721 28.288161 27.893215 27.637991 27.479070 27.383664 27.328411 27.297523 27.280844 27.272141 27.267748 27.265603 27.264589 27.264124 27.263917 27.263828 27.263789 27.263770 27.263754 27.263726 27.263665 27.263526 27.263216 27.262537 27.261093 27.258105 27.252084 27.240272 27.217694 27.175622 27.099111 26.963152 26.726710 26.323527 25.648006 24.533831 22.723341 19.831458 15.334350 8.701546 0.000000 
50.000000 45.366027 40.917891 36.819095 33.192940 30.112347 27.598536 25.627571 24.142206 23.065795 22.315361 21.811799 21.486390 21.283768 21.162130 21.091685 21.052306 21.031043 21.019947 21.014347 21.011613 21.010320 21.009727 21.009464 21.009350 21.009300 21.009276 21.009257 21.009226 21.009157 21.009000 21.008650 21.007888 21.006271 21.002937 20.996245 20.983180 20.958361 20.912455 20.829757 20.684563 20.435955 20.020570 19.343134 18.265358 16.596470 14.095755 10.513647 5.724001 0.000000 
50.000000 44.516638 39.253185 34.403120 30.112347 26.467153 23.492642 21.160487 19.402938 18.129299 17.241377 16.645566 16.260550 16.020817 15.876903 15.793560 15.746970 15.721815 15.708688 15.702064 15.698829 15.697299 15.696598 15.696287 15.696152 15.696094 15.696067 15.696046 15.696013 15.695943 15.695785 15.695433 15.694667 15.693049 15.689725 15.683085 15.670195 15.645874 15.601262 15.521715 15.383818 15.151435 14.770878 14.165806 13.233576 11.846989 9.869289 7.195274 3.831225 0.000000 
50.000000 43.823513 37.894743 32.431634 27.598536 23.492642 20.142227 17.515370 15.535754 14.101209 13.101126 12.430064 11.996427 11.726427 11.564345 11.470483 11.418015 11.389686 11.374904 11.367444 11.363801 11.362078 11.361289 11.360939 11.360787 11.360722 11.360692 11.360671 11.360640 11.360575 11.360428 11.360103 11.359398 11.357914 11.354877 11.348844 11.337203 11.315394 11.275737 11.205756 11.085965 10.887174 10.567669 10.071113 9.326836 8.255402 6.783628 4.873200 2.561887 0.000000 
50.000000 43.280055 36.829635 30.885869 25.627571 21.160487 17.515370 14.657487 12.503794 10.943123 9.855129 9.125089 8.653351 8.359631 8.183315 8.081212 8.024139 7.993324 7.977245 7.969131 7.965169 7.963295 7.962437 7.962056 7.961891 7.961821 7.961789 7.961768 7.961741 7.961684 7.961558 7.961278 7.960675 7.959410 7.956833 7.951740 7.941973 7.923809 7.891062 7.833859 7.737115 7.578849 7.328744 6.947702 6.389609 5.607001 4.562342 3.245345 1.692790 0.000000 
50.000000 42.870484 36.026931 29.720932 24.142206 19.402938 15.535754 12.503794 10.218942 8.563249 7.409028 6.634563 6.134126 5.822544 5.635509 5.527200 5.466659 5.433974 5.416918 5.408312 5.404110 5.402123 5.401213 5.400808 5.400633 5.400559 5.400527 5.400507 5.400484 5.400438 5.400335 5.400110 5.399626 5.398614 5.396564 5.392532 5.384848 5.370660 5.345291 5.301402 5.228001 5.109471 4.924945 4.648581 4.251503 3.706251 2.994223 2.115453 1.097814 0.000000 
50.000000 42.573669 35.445219 28.876721 23.065795 18.129299 14.101209 10.943123 8.563249 6.838719 5.636526 4.829884 4.308663 3.984146 3.789350 3.676549 3.613499 3.579458 3.561697 3.552735 3.548358 3.546289 3.545341 3.544920 3.544739 3.544662 3.544629 3.544610 3.544591 3.544555 3.544477 3.544306 3.543939 3.543176 3.541636 3.538624 3.532918 3.522453 3.503888 3.472055 3.419359 3.335248 3.206008 3.015245 2.745481 2.381232 1.913569 1.345422 0.695772 0.000000 
50.000000 42.366736 35.039662 28.288161 22.315361 17.241377 13.101126 9.855129 7.409028 5.636526 4.400905 3.571843 3.036143 2.702616 2.502414 2.386485 2.321687 2.286704 2.268451 2.259241 2.254743 2.252617 2.251643 2.251210 2.251024 2.250945 2.250912 2.250895 2.250880 2.250853 2.250796 2.250673 2.250410 2.249864 2.248767 2.246633 2.242614 2.235289 2.222390 2.200452 2.164471 2.107626 2.021269 1.895371 1.719662 1.485604 1.189050 0.833049 0.429731 0.000000 
50.000000 42.227874 34.767516 27.893215 21.811799 16.645566 12.430064 9.125089 6.634563 4.829884 3.571843 2.727747 2.182339 1.842771 1.638945 1.520920 1.454951 1.419336 1.400754 1.391377 1.386799 1.384635 1.383643 1.383203 1.383013 1.382933 1.382900 1.382884 1.382872 1.382853 1.382814 1.382729 1.382549 1.382178 1.381435 1.379996 1.377300 1.372417 1.363874 1.349454 1.325996 1.289272 1.234027 1.154327 1.044304 0.899344 0.717593 0.501402 0.258176 0.000000 
50.000000 42.138136 34.591647 27.637991 21.486390 16.260550 11.996427 8.653351 6.134126 4.308663 3.036143 2.182339 1.630662 1.287194 1.081030 0.961651 0.894926 0.858904 0.840110 0.830626 0.825996 0.823807 0.822804 0.822358 0.822167 0.822086 0.822053 0.822038 0.822028 0.822015 0.821989 0.821934 0.821816 0.821575 0.821095 0.820168 0.818442 0.815331 0.809922 0.800854 0.786210 0.763466 0.729541 0.681033 0.614676 0.528029 0.420297 0.293069 0.150694 0.000000 
50.000000 42.082258 34.482136 27.479070 21.283768 16.020817 11.726427 8.359631 5.822544 3.984146 2.702616 1.842771 1.287194 0.941301 0.733682 0.613462 0.546268 0.509992 0.491065 0.481516 0.476853 0.474648 0.473638 0.473190 0.472997 0.472916 0.472882 0.472868 0.472860 0.472851 0.472835 0.472800 0.472727 0.472577 0.472280 0.471709 0.470650 0.468753 0.465471 0.460002 0.451228 0.437696 0.417658 0.389224 0.350622 0.300588 0.238798 0.166243 0.085388 0.000000 
50.000000 42.048711 34.416392 27.383664 21.162130 15.876903 11.564345 8.183315 5.635509 3.789350 2.502414 1.638945 1.081030 0.733682 0.525191 0.404467 0.336991 0.300564 0.281558 0.271968 0.267286 0.265072 0.264058 0.263608 0.263414 0.263333 0.263300 0.263286 0.263279 0.263273 0.263263 0.263242 0.263198 0.263109 0.262933 0.262596 0.261973 0.260861 0.258949 0.255780 0.250726 0.242977 0.231575 0.215501 0.193818 0.165885 0.131580 0.091484 0.046949 0.000000 
50.000000 42.029283 34.378316 27.328411 21.091685 15.793560 11.470483 8.081212 5.527200 3.676549 2.386485 1.520920 0.961651 0.613462 0.404467 0.283452 0.215813 0.179298 0.160246 0.150634 0.145940 0.143721 0.142705 0.142253 0.142059 0.141977 0.141944 0.141931 0.141925 0.141920 0.141914 0.141902 0.141877 0.141826 0.141726 0.141534 0.141182 0.140557 0.139485 0.137718 0.134913 0.130637 0.124379 0.115606 0.103835 0.088749 0.070306 0.048831 0.025043 0.000000 
50.000000 42.018421 34.357031 27.297523 21.052306 15.746970 11.418015 8.024139 5.466659 3.613499 2.321687 1.454951 0.894926 0.546268 0.336991 0.215813 0.148083 0.111519 0.092442 0.082817 0.078117 0.075895 0.074877 0.074425 0.074231 0.074149 0.074116 0.074103 0.074097 0.074094 0.074090 0.074083 0.074070 0.074041 0.073986 0.073882 0.073690 0.073351 0.072773 0.071823 0.070323 0.068045 0.064729 0.060101 0.053921 0.046034 0.036430 0.025280 0.012958 0.000000 
50.000000 42.012557 34.345538 27.280844 21.031043 15.721815 11.389686 7.993324 5.433974 3.579459 2.286704 1.419336 0.858904 0.509992 0.300564 0.179298 0.111519 0.074929 0.055838 0.046206 0.041503 0.039279 0.038261 0.037809 0.037614 0.037532 0.037499 0.037486 0.037481 0.037478 0.037476 0.037472 0.037465 0.037450 0.037421 0.037366 0.037265 0.037088 0.036787 0.036294 0.035519 0.034348 0.032649 0.030288 0.027148 0.023155 0.018308 0.012696 0.006504 0.000000 
50.000000 42.009496 34.339540 27.272141 21.019947 15.708688 11.374904 7.977245 5.416919 3.561697 2.268451 1.400754 0.840110 0.491066 0.281558 0.160246 0.092442 0.055839 0.036741 0.027105 0.022400 0.020175 0.019157 0.018704 0.018509 0.018428 0.018395 0.018381 0.018376 0.018374 0.018373 0.018371 0.018367 0.018359 0.018344 0.018316 0.018266 0.018176 0.018025 0.017778 0.017391 0.016809 0.015967 0.014801 0.013256 0.011297 0.008925 0.006186 0.003168 0.000000 
50.000000 42.007951 34.336513 27.267749 21.014348 15.702064 11.367444 7.969131 5.408313 3.552735 2.259241 1.391378 0.830627 0.481516 0.271969 0.150634 0.082817 0.046206 0.027105 0.017467 0.012761 0.010536 0.009517 0.009065 0.008870 0.008788 0.008755 0.008742 0.008737 0.008735 0.008734 0.008733 0.008731 0.008727 0.008720 0.008706 0.008681 0.008638 0.008564 0.008445 0.008258 0.007978 0.007574 0.007016 0.006279 0.005348 0.004222 0.002925 0.001497 0.000000 
50.000000 42.007197 34.335035 27.265604 21.011613 15.698830 11.363802 7.965170 5.404111 3.548359 2.254744 1.386800 0.825997 0.476854 0.267287 0.145941 0.078118 0.041504 0.022401 0.012762 0.008056 0.005831 0.004812 0.004359 0.004164 0.004083 0.004049 0.004036 0.004031 0.004029 0.004028 0.004028 0.004027 0.004025 0.004022 0.004015 0.004003 0.003983 0.003948 0.003892 0.003805 0.003674 0.003486 0.003228 0.002887 0.002457 0.001939 0.001343 0.000687 0.000000 
50.000000 42.006841 34.334336 27.264590 21.010321 15.697301 11.362081 7.963298 5.402125 3.546292 2.252620 1.384637 0.823809 0.474651 0.265075 0.143724 0.075898 0.039282 0.020178 0.010539 0.005833 0.003608 0.002588 0.002136 0.001941 0.001859 0.001826 0.001813 0.001808 0.001806 0.001805 0.001805 0.001805 0.001804 0.001802 0.001799 0.001794 0.001784 0.001769 0.001743 0.001704 0.001644 0.001560 0.001443 0.001290 0.001098 0.000866 0.000599 0.000307 0.000000 
50.000000 42.006678 34.334017 27.264128 21.009732 15.696604 11.361296 7.962444 5.401220 3.545349 2.251651 1.383651 0.822812 0.473646 0.264066 0.142713 0.074885 0.038269 0.019164 0.009525 0.004818 0.002593 0.001574 0.001122 0.000927 0.000845 0.000812 0.000799 0.000794 0.000792 0.000791 0.000791 0.000791 0.000790 0.000790 0.000788 0.000786 0.000782 0.000775 0.000763 0.000746 0.000720 0.000682 0.000631 0.000564 0.000480 0.000378 0.000262 0.000134 0.000000 
50.000000 42.006608 34.333879 27.263927 21.009476 15.696302 11.360955 7.962074 5.400827 3.544940 2.251231 1.383223 0.822379 0.473211 0.263629 0.142274 0.074446 0.037829 0.018725 0.009085 0.004379 0.002154 0.001135 0.000682 0.000487 0.000406 0.000372 0.000359 0.000354 0.000353 0.000352 0.000352 0.000351 0.000351 0.000351 0.000350 0.000349 0.000347 0.000344 0.000339 0.000331 0.000319 0.000303 0.000280 0.000250 0.000213 0.000167 0.000116 0.000059 0.000000 
50.000000 42.006582 34.333828 27.263854 21.009382 15.696190 11.360830 7.961937 5.400683 3.544789 2.251076 1.383066 0.822220 0.473050 0.263468 0.142113 0.074285 0.037668 0.018563 0.008924 0.004217 0.001992 0.000973 0.000520 0.000325 0.000244 0.000211 0.000198 0.000193 0.000191 0.000190 0.000190 0.000190 0.000189 0.000189 0.000189 0.000188 0.000187 0.000186 0.000183 0.000179 0.000172 0.000163 0.000151 0.000135 0.000114 0.000090 0.000062 0.000032 0.000000 
50.000000 42.006582 34.333828 27.263854 21.009382 15.696190 11.360830 7.961937 5.400683 3.544789 2.251076 1.383066 0.822220 0.473050 0.263468 0.142113 0.074285 0.037668 0.018563 0.008924 0.004217 0.001992 0.000973 0.000520 0.000325 0.000244 0.000211 0.000198 0.000193 0.000191 0.000190 0.000190 0.000190 0.000189 0.000189 0.000189 0.000188 0.000187 0.000186 0.000183 0.000179 0.000172 0.000163 0.000151 0.000135 0.000114 0.000090 0.000062 0.000032 0.000000 
50.000000 42.006608 34.333879 27.263927 21.009476 15.696302 11.360955 7.962074 5.400827 3.544940 2.251231 1.383223 0.822379 0.473211 0.263629 0.142274 0.074446 0.037829 0.018725 0.009085 0.004379 0.002154 0.001135 0.000682 0.000487 0.000406 0.000372 0.000359 0.000354 0.000353 0.000352 0.000352 0.000351 0.000351 0.000351 0.000350 0.000349 0.000347 0.000344 0.000339 0.000331 0.000319 0.000303 0.000280 0.000250 0.000213 0.000167 0.000116 0.000059 0.000000 
50.000000 42.006678 34.334017 27.264128 21.009732 15.696604 11.361296 7.962444 5.401220 3.545349 2.251651 1.383651 0.822812 0.473646 0.264066 0.142713 0.074885 0.038269 0.019164 0.009525 0.004818 0.002593 0.001574 0.001122 0.000927 0.000845 0.000812 0.000799 0.000794 0.000792 0.000791 0.000791 0.000791 0.000790 0.000790 0.000788 0.000786 0.000782 0.000775 0.000763 0.000746 0.000720 0.000682 0.000631 0.000564 0.000480 0.000378 0.000262 0.000134 0.000000 
50.000000 42.006841 34.334336 27.264590 21.010321 15.697301 11.362081 7.963298 5.402125 3.546292 2.252620 1.384637 0.823809 0.474651 0.265075 0.143724 0.075898 0.039282 0.020178 0.010539 0.005833 0.003608 0.002588 0.002136 0.001941 0.001859 0.001826 0.001813 0.001808 0.001806 0.001805 0.001805 0.001805 0.001804 0.001802 0.001799 0.001794 0.001784 0.001769 0.001743 0.001704 0.001644 0.001560 0.001443 0.001290 0.001098 0.000866 0.000599 0.000307 0.000000 
50.000000 42.007197 34.335035 27.265604 21.011613 15.698830 11.363802 7.965170 5.404111 3.548359 2.254744 1.386800 0.825997 0.476854 0.267287 0.145941 0.078118 0.041504 0.022401 0.012762 0.008056 0.005831 0.004812 0.004359 0.004164 0.004083 0.004049 0.004036 0.004031 0.004029 0.004028 0.004028 0.004027 0.004025 0.004022 0.004015 0.004003 0.003983 0.003948 0.003892 0.003805 0.003674 0.003486 0.003228 0.002887 0.002457 0.001939 0.001343 0.000687 0.000000 
50.000000 42.007951 34.336513 27.267749 21.014348 15.702064 11.367444 7.969131 5.408313 3.552735 2.259241 1.391378 0.830627 0.481516 0.271969 0.150634 0.082817 0.046206 0.027105 0.017467 0.012761 0.010536 0.009517 0.009065 0.008870 0.008788 0.008755 0.008742 0.008737 0.008735 0.008734 0.008733 0.008731 0.008727 0.008720 0.008706 0.008681 0.008638 0.008564 0.008445 0.008258 0.007978 0.007574 0.007016 0.006279 0.005348 0.004222 0.002925 0.001497 0.000000 
50.000000 42.009496 34.339540 27.272141 21.019947 15.708688 11.374904 7.977245 5.416919 3.561697 2.268451 1.400754 0.840110 0.491066 0.281558 0.160246 0.092442 0.055839 0.036741 0.027105 0.022400 0.020175 0.019157 0.018704 0.018509 0.018428 0.018395 0.018381 0.018376 0.018374 0.018373 0.018371 0.018367 0.018359 0.018344 0.018316 0.018266 0.018176 0.018025 0.017778 0.017391 0.016809 0.015967 0.014801 0.013256 0.011297 0.008925 0.006186 0.003168 0.000000 
50.000000 42.012557 34.345538 27.280844 21.031043 15.721815 11.389686 7.993324 5.433974 3.579459 2.286704 1.419336 0.858904 0.509992 0.300564 0.179298 0.111519 0.074929 0.055838 0.046206 0.041503 0.039279 0.038261 0.037809 0.037614 0.037532 0.037499 0.037486 0.037481 0.037478 0.037476 0.037472 0.037465 0.037450 0.037421 0.037366 0.037265 0.037088 0.036787 0.036294 0.035519 0.034348 0.032649 0.030288 0.027148 0.023155 0.018308 0.012696 0.006504 0.000000 
50.000000 42.018421 34.357031 27.297523 21.052306 15.746970 11.418015 8.024139 5.466659 3.613499 2.321687 1.454951 0.894926 0.546268 0.336991 0.215813 0.148083 0.111519 0.092442 0.082817 0.078117 0.075895 0.074877 0.074425 0.074231 0.074149 0.074116 0.074103 0.074097 0.074094 0.074090 0.074083 0.074070 0.074041 0.073986 0.073882 0.073690 0.073351 0.072773 0.071823 0.070323 0.068045 0.064729 0.060101 0.053921 0.046034 0.036430 0.025280 0.012958 0.000000 
50.000000 42.029283 34.378316 27.328411 21.091685 15.793560 11.470483 8.081212 5.527200 3.676549 2.386485 1.520920 0.961651 0.613462 0.404467 0.283452 0.215813 0.179298 0.160246 0.150634 0.145940 0.143721 0.142705 0.142253 0.142059 0.141977 0.141944 0.141931 0.141925 0.141920 0.141914 0.141902 0.141877 0.141826 0.141726 0.141534 0.141182 0.140557 0.139485 0.137718 0.134913 0.130637 0.124379 0.115606 0.103835 0.088749 0.070306 0.048831 0.025043 0.000000 
50.000000 42.048711 34.416392 27.383664 21.162130 15.876903 11.564345 8.183315 5.635509 3.789350 2.502414 1.638945 1.081030 0.733682 0.525191 0.404467 0.336991 0.300564 0.281558 0.271968 0.267286 0.265072 0.264058 0.263608 0.263414 0.263333 0.263300 0.263286 0.263279 0.263273 0.263263 0.263242 0.263198 0.263109 0.262933 0.262596 0.261973 0.260861 0.258949 0.255780 0.250726 0.242977 0.231575 0.215501 0.193818 0.165885 0.131580 0.091484 0.046949 0.000000 
50.000000 42.082258 34.482136 27.479070 21.283768 16.020817 11.726427 8.359631 5.822544 3.984146 2.702616 1.842771 1.287194 0.941301 0.733682 0.613462 0.546268 0.509992 0.491065 0.481516 0.476853 0.474648 0.473638 0.473190 0.472997 0.472916 0.472882 0.472868 0.472860 0.472851 0.472835 0.472800 0.472727 0.472577 0.472280 0.471709 0.470650 0.468753 0.465471 0.460002 0.451228 0.437696 0.417658 0.389224 0.350622 0.300588 0.238798 0.166243 0.085388 0.000000 
50.000000 42.138136 34.591647 27.637991 21.486390 16.260550 11.996427 8.653351 6.134126 4.308663 3.036143 2.182339 1.630662 1.287194 1.081030 0.961651 0.894926 0.858904 0.840110 0.830626 0.825996 0.823807 0.822804 0.822358 0.822167 0.822086 0.822053 0.822038 0.822028 0.822015 0.821989 0.821934 0.821816 0.821575 0.821095 0.820168 0.818442 0.815331 0.809922 0.800854 0.786210 0.763466 0.729541 0.681033 0.614676 0.528029 0.420297 0.293069 0.150694 0.000000 
50.000000 42.227874 34.767516 27.893215 21.811799 16.645566 12.430064 9.125089 6.634563 4.829884 3.571843 2.727747 2.182339 1.842771 1.638945 1.520920 1.454951 1.419336 1.400754 1.391377 1.386799 1.384635 1.383643 1.383203 1.383013 1.382933 1.382900 1.382884 1.382872 1.382853 1.382814 1.382729 1.382549 1.382178 1.381435 1.379996 1.377300 1.372417 1.363874 1.349454 1.325996 1.289272 1.234027 1.154327 1.044304 0.899344 0.717593 0.501402 0.258176 0.000000 
50.000000 42.366736 35.039662 28.288161 22.315361 17.241377 13.101126 9.855129 7.409028 5.636526 4.400905 3.571843 3.036143 2.702616 2.502414 2.386485 2.321687 2.286704 2.268451 2.259241 2.254743 2.252617 2.251643 2.251210 2.251024 2.250945 2.250912 2.250895 2.250880 2.250853 2.250796 2.250673 2.250410 2.249864 2.248767 2.246633 2.242614 2.235289 2.222390 2.200452 2.164471 2.107626 2.021269 1.895371 1.719662 1.485604 1.189050 0.833049 0.429731 0.000000 
50.000000 42.573669 35.445219 28.876721 23.065795 18.129299 14.101209 10.943123 8.563249 6.838719 5.636526 4.829884 4.308663 3.984146 3.789350 3.676549 3.613499 3.579458 3.561697 3.552735 3.548358 3.546289 3.545341 3.544920 3.544739 3.544662 3.544629 3.544610 3.544591 3.544555 3.544477 3.544306 3.543939 3.543176 3.541636 3.538624 3.532918 3.522453 3.503888 3.472055 3.419359 3.335248 3.206008 3.015245 2.745481 2.381232 1.913569 1.345422 0.695772 0.000000 
50.000000 42.870484 36.026931 29.720932 24.142206 19.402938 15.535754 12.503794 10.218942 8.563249 7.409028 6.634563 6.134126 5.822544 5.635509 5.527200 5.466659 5.433974 5.416918 5.408312 5.404110 5.402123 5.401213 5.400808 5.400633 5.400559 5.400527 5.400507 5.400484 5.400438 5.400335 5.400110 5.399626 5.398614 5.396564 5.392532 5.384848 5.370660 5.345291 5.301402 5.228001 5.109471 4.924945 4.648581 4.251503 3.706251 2.994223 2.115453 1.097814 0.000000 
50.000000 43.280055 36.829635 30.885869 25.627571 21.160487 17.515370 14.657487 12.503794 10.943123 9.855129 9.125089 8.653351 8.359631 8.183315 8.081212 8.024139 7.993324 7.977245 7.969131 7.965169 7.963295 7.962437 7.962056 7.961891 7.961821 7.961789 7.961768 7.961741 7.961684 7.961558 7.961278 7.960675 7.959410 7.956833 7.951740 7.941973 7.923809 7.891062 7.833859 7.737115 7.578849 7.328744 6.947702 6.389609 5.607001 4.562342 3.245345 1.692790 0.000000 
50.000000 43.823513 37.894743 32.431634 27.598536 23.492642 20.142227 17.515370 15.535754 14.101209 13.101126 12.430064 11.996427 11.726427 11.564345 11.470483 11.418015 11.389686 11.374904 11.367444 11.363801 11.362078 11.361289 11.360939 11.360787 11.360722 11.360692 11.360671 11.360640 11.360575 11.360428 11.360103 11.359398 11.357914 11.354877 11.348844 11.337203 11.315394 11.275737 11.205756 11.085965 10.887174 10.567669 10.071113 9.326836 8.255402 6.783628 4.873200 2.561887 0.000000 
50.000000 44.516638 39.253185 34.403120 30.112347 26.467153 23.492642 21.160487 19.402938 18.129299 17.241377 16.645566 16.260550 16.020817 15.876903 15.793560 15.746970 15.721815 15.708688 15.702064 15.698829 15.697299 15.696598 15.696287 15.696152 15.696094 15.696067 15.696046 15.696013 15.695943 15.695785 15.695433 15.694667 15.693049 15.689725 15.683085 15.670195 15.645874 15.601262 15.521715 15.383818 15.151435 14.770878 14.165806 13.233576 11.846989 9.869289 7.195274 3.831225 0.000000 
50.000000 45.366027 40.917891 36.819095 33.192940 30.112347 27.598536 25.627571 24.142206 23.065795 22.315361 21.811799 21.486390 21.283768 21.162130 21.091685 21.052306 21.031043 21.019947 21.014347 21.011613 21.010320 21.009727 21.009464 21.009350 21.009300 21.009276 21.009257 21.009226 21.009157 21.009000 21.008650 21.007888 21.006271 21.002937 20.996245 20.983180 20.958361 20.912455 20.829757 20.684563 20.435955 20.020570 19.343134 18.265358 16.596470 14.095755 10.513647 5.724001 0.000000 
50.000000 46.365827 42.877391 39.662915 36.819095 34.403120 32.431634 30.885869 29.720932 28.876721 28.288161 27.893215 27.637991 27.479070 27.383664 27.328411 27.297523 27.280844 27.272141 27.267748 27.265603 27.264589 27.264124 27.263917 27.263828 27.263789 27.263770 27.263754 27.263726 27.263665 27.263526 27.263216 27.262537 27.261093 27.258105 27.252084 27.240272 27.217694 27.175622 27.099111 26.963152 26.726710 26.323527 25.648006 24.533831 22.723341 19.831458 15.334350 8.701546 0.000000 
50.000000 47.495933 45.092281 42.877391 40.917891 39.253185 37.894743 36.829635 36.026931 35.445219 35.039662 34.767516 34.591647 34.482136 34.416392 34.378316 34.357031 34.345538 34.339540 34.336513 34.335034 34.334335 34.334015 34.333872 34.333811 34.333784 34.333770 34.333758 34.333738 34.333692 34.333588 34.333354 34.332842 34.331751 34.329486 34.324908 34.315893 34.298577 34.266114 34.206614 34.099798 33.911478 33.584290 33.021543 32.057911 30.404245 27.543041 22.546140 13.878137 0.000000 
50.000000 48.722349 47.495933 46.365827 45.366027 44.516638 43.823513 43.280055 42.870484 42.573669 42.366736 42.227874 42.138136 42.082258 42.048711 42.029283 42.018421 42.012557 42.009496 42.007951 42.007197 42.006840 42.006677 42.006604 42.006572 42.006559 42.006552 42.006545 42.006535 42.006510 42.006454 42.006328 42.006052 42.005464 42.004240 42.001762 41.996869 41.987443 41.969698 41.937005 41.877898 41.772669 41.587265 41.261626 40.685413 39.642025 37.664281 33.617795 24.361175 0.000000 
50.000000 50.000000 50.000000 50.000000 50.000000 50.000000 50.000000 50.000000 50.000000 50.000000 50.000000 50.000000 50.000000 50.000000 50.000000 50.000000 50.000000 50.000000 50.000000 50.000000 50.000000 50.000000 50.000000 50.000000 50.000000 50.000000 50.000000 50.000000 50.000000 50.000000 50.000000 50.000000 50.000000 50.000000 50.000000 50.000000 50.000000 50.000000 50.000000 50.000000 50.000000 50.000000 50.000000 50.000000 50.000000 50.000000 50.000000 50.000000 50.000000 50.000000 
