50.000000 50.000000 50.000000 50.000000 50.000000 50.000000 50.000000 50.000000 50.000000 50.000000 50.000000 50.000000 50.000000 50.000000 50.000000 50.000000 50.000000 50.000000 50.000000 50.000000 50.000000 50.000000 50.000000 50.000000 50.000000 50.000000 50.000000 50.000000 50.000000 50.000000 50.000000 50.000000 50.000000 50.000000 50.000000 50.000000 50.000000 50.000000 50.000000 50.000000 50.000000 50.000000 50.000000 50.000000 50.000000 50.000000 50.000000 50.000000 50.000000 50.000000 
50.000000 48.491020 47.053492 45.748730 44.620167 43.689612 42.957856 42.408791 42.015446 41.746227 41.570056 41.459749 41.393611 41.355605 41.334655 41.323568 41.317929 41.315172 41.313874 41.313285 41.313027 41.312918 41.312874 41.312857 41.312850 41.312847 41.312846 41.312845 41.312842 41.312836 41.312819 41.312777 41.312675 41.312433 41.311880 41.310653 41.308007 41.302471 41.291209 41.268900 41.225780 41.144181 40.992289 40.712218 40.195380 39.226085 37.336846 33.391522 24.245510 0.000000 
50.000000 47.053492 44.246508 41.698773 39.495101 37.678074 36.249234 35.177128 34.409087 33.883417 33.539432 33.324055 33.194920 33.120713 33.079808 33.058161 33.047153 33.041769 33.039235 33.038085 33.037582 33.037370 33.037284 33.037249 33.037236 33.037231 33.037229 33.037227 33.037222 33.037210 33.037179 33.037102 33.036914 33.036472 33.035461 33.033222 33.028408 33.018366 32.998020 32.957933 32.881001 32.736851 32.472301 31.994726 31.142068 29.626880 26.931089 22.123254 13.661971 0.000000 
50.000000 45.748730 41.698773 38.022879 34.843419 32.221828 30.160328 28.613532 27.505443 26.747045 26.250775 25.940055 25.753756 25.646703 25.587694 25.556466 25.540587 25.532820 25.529164 25.527506 25.526781 25.526474 25.526350 25.526300 25.526282 25.526274 25.526271 25.526268 25.526262 25.526246 25.526206 25.526106 25.525862 25.525288 25.523982 25.521097 25.514919 25.502093 25.476266 25.425778 25.329876 25.152636 24.833405 24.272031 23.306577 21.681661 19.011440 14.767684 8.411884 0.000000 
50.000000 44.620167 39.495101 34.843419 30.819978 27.502521 24.893854 22.936529 21.534369 20.574718 19.946768 19.553608 19.317887 19.182437 19.107778 19.068269 19.048179 19.038353 19.033728 19.031630 19.030713 19.030325 19.030168 19.030105 19.030082 19.030073 19.030069 19.030065 19.030058 19.030041 19.029997 19.029887 19.029621 19.028997 19.027580 19.024463 19.017821 19.004117 18.976727 18.923685 18.824136 18.642983 18.323246 17.775849 16.867490 15.409989 13.161758 9.868221 5.394083 0.000000 
50.000000 43.689612 37.678074 32.221828 27.502521 23.611342 20.551568 18.255806 16.611228 15.485687 14.749202 14.288100 14.011650 13.852801 13.765246 13.718915 13.695356 13.683835 13.678412 13.675952 13.674876 13.674422 13.674237 13.674164 13.674136 13.674126 13.674121 13.674118 13.674111 13.674094 13.674051 13.673944 13.673686 13.673084 13.671721 13.668738 13.662416 13.649460 13.623776 13.574543 13.483297 13.319847 13.037024 12.564817 11.805671 10.635032 8.915250 6.536006 3.494232 0.000000 
50.000000 42.957856 36.249234 30.160328 24.893854 20.551568 17.137119 14.575282 12.740135 11.484194 10.662403 10.147903 9.839448 9.662213 9.564528 9.512838 9.486555 9.473702 9.467652 9.464908 9.463708 9.463201 9.462995 9.462914 9.462883 9.462871 9.462866 9.462863 9.462857 9.462841 9.462803 9.462709 9.462482 9.461952 9.460760 9.458164 9.452694 9.441564 9.419687 9.378178 9.302198 9.168134 8.940387 8.568560 7.986752 7.118005 5.888297 4.254509 2.245638 0.000000 
50.000000 42.408791 35.177128 28.613532 22.936529 18.255806 14.575282 11.813854 9.835766 8.482026 7.596262 7.041725 6.709275 6.518258 6.412980 6.357273 6.328949 6.315099 6.308579 6.305622 6.304329 6.303784 6.303561 6.303474 6.303440 6.303428 6.303423 6.303419 6.303414 6.303402 6.303371 6.303293 6.303108 6.302679 6.301717 6.299632 6.295266 6.286444 6.269249 6.236946 6.178507 6.076826 5.906927 5.634895 5.218781 4.613284 3.780127 2.704827 1.416503 0.000000 
50.000000 42.015446 34.409087 27.505443 21.534369 16.611228 12.740135 9.835766 7.755320 6.331555 5.399992 4.816794 4.467170 4.266291 4.155581 4.097001 4.067217 4.052653 4.045797 4.042689 4.041329 4.040756 4.040522 4.040430 4.040395 4.040382 4.040376 4.040374 4.040369 4.040360 4.040336 4.040277 4.040137 4.039813 4.039089 4.037529 4.034282 4.027766 4.015167 3.991717 3.949756 3.877660 3.758940 3.572001 3.291381 2.891386 2.352807 1.672236 0.871265 0.000000 
50.000000 41.746227 33.883417 26.747045 20.574718 15.485687 11.484194 8.482026 6.331555 4.859892 3.897005 3.294209 2.932843 2.725223 2.610799 2.550256 2.519475 2.504423 2.497339 2.494126 2.492721 2.492129 2.491887 2.491792 2.491756 2.491742 2.491737 2.491734 2.491731 2.491724 2.491707 2.491665 2.491566 2.491336 2.490826 2.489731 2.487465 2.482948 2.474280 2.458286 2.429946 2.381800 2.303519 2.181996 2.002390 1.750581 1.417168 1.002416 0.520447 0.000000 
50.000000 41.570056 33.539432 26.250775 19.946768 14.749202 10.662403 7.596262 5.399992 3.897005 2.913638 2.298030 1.928990 1.716963 1.600114 1.538289 1.506856 1.491486 1.484252 1.480972 1.479537 1.478932 1.478686 1.478588 1.478551 1.478538 1.478532 1.478530 1.478528 1.478523 1.478512 1.478483 1.478417 1.478263 1.477924 1.477199 1.475709 1.472754 1.467125 1.456819 1.438720 1.408275 1.359317 1.284224 1.174660 1.023083 0.824998 0.581499 0.301155 0.000000 
50.000000 41.459749 33.324055 25.940055 19.553608 14.288100 10.147903 7.041725 4.816794 3.294209 2.298030 1.674409 1.300569 1.085788 0.967422 0.904796 0.872957 0.857388 0.850061 0.846738 0.845285 0.844672 0.844422 0.844324 0.844286 0.844273 0.844268 0.844265 0.844264 0.844261 0.844253 0.844235 0.844193 0.844096 0.843883 0.843429 0.842500 0.840670 0.837204 0.830905 0.819929 0.801628 0.772476 0.728216 0.664324 0.576882 0.463789 0.326035 0.168541 0.000000 
50.000000 41.393611 33.194920 25.753756 19.317887 14.011650 9.839448 6.709275 4.467170 2.932843 1.928990 1.300569 0.923856 0.707427 0.588153 0.525048 0.492964 0.477277 0.469894 0.466546 0.465082 0.464465 0.464213 0.464114 0.464076 0.464062 0.464057 0.464055 0.464054 0.464052 0.464047 0.464036 0.464011 0.463953 0.463825 0.463556 0.463006 0.461928 0.459899 0.456235 0.449895 0.439405 0.422831 0.397884 0.362190 0.313770 0.251663 0.176554 0.091140 0.000000 
50.000000 41.355605 33.120713 25.646703 19.182437 13.852801 9.662213 6.518258 4.266291 2.725223 1.716963 1.085788 0.707427 0.490051 0.370257 0.306877 0.274654 0.258899 0.251484 0.248121 0.246651 0.246031 0.245778 0.245678 0.245640 0.245626 0.245621 0.245619 0.245619 0.245617 0.245615 0.245608 0.245594 0.245561 0.245488 0.245336 0.245025 0.244421 0.243288 0.241255 0.237758 0.232009 0.222992 0.209519 0.190385 0.164616 0.131784 0.092305 0.047598 0.000000 
50.000000 41.334655 33.079808 25.587694 19.107778 13.765246 9.564528 6.412980 4.155581 2.610799 1.600114 0.967422 0.588153 0.370257 0.250177 0.186646 0.154346 0.138554 0.131121 0.127750 0.126277 0.125655 0.125402 0.125302 0.125264 0.125250 0.125245 0.125243 0.125242 0.125241 0.125240 0.125237 0.125229 0.125211 0.125171 0.125089 0.124922 0.124598 0.123993 0.122914 0.121068 0.118052 0.113348 0.106365 0.096509 0.083315 0.066597 0.046587 0.024002 0.000000 
50.000000 41.323568 33.058161 25.556466 19.068269 13.718915 9.512838 6.357273 4.097001 2.550256 1.538289 0.904796 0.525048 0.306877 0.186646 0.123034 0.090694 0.074882 0.067440 0.064065 0.062590 0.061967 0.061714 0.061614 0.061576 0.061562 0.061556 0.061555 0.061554 0.061554 0.061553 0.061551 0.061547 0.061537 0.061517 0.061474 0.061388 0.061222 0.060913 0.060365 0.059430 0.057912 0.055556 0.052077 0.047194 0.040689 0.032484 0.022700 0.011687 0.000000 
50.000000 41.317929 33.047153 25.540587 19.048179 13.695356 9.486555 6.328949 4.067217 2.519475 1.506856 0.872957 0.492964 0.274654 0.154346 0.090694 0.058334 0.042512 0.035065 0.031688 0.030212 0.029589 0.029335 0.029235 0.029197 0.029183 0.029178 0.029176 0.029175 0.029175 0.029175 0.029174 0.029172 0.029167 0.029157 0.029136 0.029093 0.029012 0.028860 0.028593 0.028139 0.027404 0.026270 0.024603 0.022272 0.019182 0.015298 0.010681 0.005496 0.000000 
50.000000 41.315172 33.041769 25.532820 19.038353 13.683835 9.473702 6.315099 4.052653 2.504423 1.491486 0.857388 0.477277 0.258899 0.138554 0.074882 0.042512 0.026684 0.019235 0.015858 0.014381 0.013758 0.013504 0.013404 0.013366 0.013352 0.013347 0.013345 0.013344 0.013344 0.013344 0.013343 0.013342 0.013340 0.013335 0.013325 0.013305 0.013266 0.013195 0.013070 0.012858 0.012516 0.011990 0.011220 0.010149 0.008733 0.006959 0.004855 0.002497 0.000000 
50.000000 41.313874 33.039235 25.529164 19.033728 13.678412 9.467652 6.308579 4.045798 2.497339 1.484252 0.850061 0.469894 0.251484 0.131121 0.067440 0.035065 0.019235 0.011785 0.008407 0.006930 0.006307 0.006053 0.005953 0.005915 0.005901 0.005895 0.005894 0.005893 0.005893 0.005893 0.005893 0.005892 0.005891 0.005889 0.005884 0.005875 0.005858 0.005825 0.005769 0.005673 0.005520 0.005285 0.004943 0.004467 0.003841 0.003059 0.002133 0.001097 0.000000 
50.000000 41.313285 33.038085 25.527506 19.031630 13.675952 9.464908 6.305622 4.042689 2.494126 1.480972 0.846738 0.466546 0.248121 0.127750 0.064065 0.031688 0.015858 0.008407 0.005029 0.003551 0.002928 0.002674 0.002574 0.002536 0.002522 0.002517 0.002515 0.002515 0.002514 0.002514 0.002514 0.002514 0.002514 0.002513 0.002511 0.002507 0.002499 0.002485 0.002460 0.002419 0.002353 0.002251 0.002104 0.001901 0.001633 0.001300 0.000906 0.000466 0.000000 
50.000000 41.313027 33.037582 25.526781 19.030713 13.674876 9.463708 6.304329 4.041329 2.492722 1.479537 0.845285 0.465082 0.246651 0.126277 0.062590 0.030212 0.014381 0.006930 0.003551 0.002074 0.001451 0.001197 0.001097 0.001059 0.001045 0.001040 0.001038 0.001037 0.001037 0.001037 0.001037 0.001037 0.001037 0.001036 0.001036 0.001034 0.001031 0.001025 0.001014 0.000997 0.000970 0.000927 0.000866 0.000782 0.000672 0.000534 0.000372 0.000191 0.000000 
50.000000 41.312918 33.037370 25.526475 19.030326 13.674422 9.463202 6.303784 4.040756 2.492129 1.478932 0.844673 0.464465 0.246031 0.125655 0.061968 0.029589 0.013758 0.006307 0.002928 0.001451 0.000828 0.000574 0.000474 0.000436 0.000422 0.000417 0.000415 0.000414 0.000414 0.000414 0.000414 0.000414 0.000414 0.000414 0.000413 0.000413 0.000411 0.000409 0.000405 0.000398 0.000387 0.000370 0.000345 0.000312 0.000267 0.000213 0.000148 0.000076 0.000000 
50.000000 41.312874 33.037284 25.526350 19.030168 13.674238 9.462996 6.303562 4.040523 2.491888 1.478686 0.844423 0.464214 0.245779 0.125403 0.061714 0.029336 0.013505 0.006054 0.002675 0.001198 0.000575 0.000321 0.000221 0.000182 0.000168 0.000163 0.000162 0.000161 0.000161 0.000161 0.000161 0.000161 0.000161 0.000161 0.000160 0.000160 0.000160 0.000159 0.000157 0.000154 0.000150 0.000143 0.000134 0.000121 0.000104 0.000082 0.000057 0.000029 0.000000 
50.000000 41.312857 33.037250 25.526302 19.030107 13.674166 9.462916 6.303476 4.040432 2.491794 1.478591 0.844327 0.464116 0.245681 0.125304 0.061616 0.029238 0.013406 0.005955 0.002577 0.001100 0.000476 0.000222 0.000122 0.000084 0.000070 0.000065 0.000063 0.000063 0.000063 0.000062 0.000062 0.000062 0.000062 0.000062 0.000062 0.000062 0.000062 0.000062 0.000061 0.000060 0.000058 0.000056 0.000052 0.000047 0.000040 0.000032 0.000022 0.000011 0.000000 
50.000000 41.312851 33.037239 25.526286 19.030086 13.674142 9.462889 6.303447 4.040402 2.491763 1.478559 0.844294 0.464084 0.245648 0.125271 0.061583 0.029205 0.013373 0.005922 0.002544 0.001066 0.000443 0.000189 0.000089 0.000051 0.000037 0.000032 0.000030 0.000030 0.000029 0.000029 0.000029 0.000029 0.000029 0.000029 0.000029 0.000029 0.000029 0.000029 0.000029 0.000028 0.000027 0.000026 0.000024 0.000022 0.000019 0.000015 0.000010 0.000005 0.000000 
50.000000 41.312851 33.037239 25.526286 19.030086 13.674142 9.462889 6.303447 4.040402 2.491763 1.478559 0.844294 0.464084 0.245648 0.125271 0.061583 0.029205 0.013373 0.005922 0.002544 0.001066 0.000443 0.000189 0.000089 0.000051 0.000037 0.000032 0.000030 0.000030 0.000029 0.000029 0.000029 0.000029 0.000029 0.000029 0.000029 0.000029 0.000029 0.000029 0.000029 0.000028 0.000027 0.000026 0.000024 0.000022 0.000019 0.000015 0.000010 0.000005 0.000000 
50.000000 41.312857 33.037250 25.526302 19.030107 13.674166 9.462916 6.303476 4.040432 2.491794 1.478591 0.844327 0.464116 0.245681 0.125304 0.061616 0.029238 0.013406 0.005955 0.002577 0.001100 0.000476 0.000222 0.000122 0.000084 0.000070 0.000065 0.000063 0.000063 0.000063 0.000062 0.000062 0.000062 0.000062 0.000062 0.000062 0.000062 0.000062 0.000062 0.000061 0.000060 0.000058 0.000056 0.000052 0.000047 0.000040 0.000032 0.000022 0.000011 0.000000 
50.000000 41.312874 33.037284 25.526350 19.030168 13.674238 9.462996 6.303562 4.040523 2.491888 1.478686 0.844423 0.464214 0.245779 0.125403 0.061714 0.029336 0.013505 0.006054 0.002675 0.001198 0.000575 0.000321 0.000221 0.000182 0.000168 0.000163 0.000162 0.000161 0.000161 0.000161 0.000161 0.000161 0.000161 0.000161 0.000160 0.000160 0.000160 0.000159 0.000157 0.000154 0.000150 0.000143 0.000134 0.000121 0.000104 0.000082 0.000057 0.000029 0.000000 
50.000000 41.312918 33.037370 25.526475 19.030326 13.674422 9.463202 6.303784 4.040756 2.492129 1.478932 0.844673 0.464465 0.246031 0.125655 0.061968 0.029589 0.013758 0.006307 0.002928 0.001451 0.000828 0.000574 0.000474 0.000436 0.000422 0.000417 0.000415 0.000414 0.000414 0.000414 0.000414 0.000414 0.000414 0.000414 0.000413 0.000413 0.000411 0.000409 0.000405 0.000398 0.000387 0.000370 0.000345 0.000312 0.000267 0.000213 0.000148 0.000076 0.000000 
50.000000 41.313027 33.037582 25.526781 19.030713 13.674876 9.463708 6.304329 4.041329 2.492722 1.479537 0.845285 0.465082 0.246651 0.126277 0.062590 0.030212 0.014381 0.006930 0.003551 0.002074 0.001451 0.001197 0.001097 0.001059 0.001045 0.001040 0.001038 0.001037 0.001037 0.001037 0.001037 0.001037 0.001037 0.001036 0.001036 0.001034 0.001031 0.001025 0.001014 0.000997 0.000970 0.000927 0.000866 0.000782 0.000672 0.000534 0.000372 0.000191 0.000000 
50.000000 41.313285 33.038085 25.527506 19.031630 13.675952 9.464908 6.305622 4.042689 2.494126 1.480972 0.846738 0.466546 0.248121 0.127750 0.064065 0.031688 0.015858 0.008407 0.005029 0.003551 0.002928 0.002674 0.002574 0.002536 0.002522 0.002517 0.002515 0.002515 0.002514 0.002514 0.002514 0.002514 0.002514 0.002513 0.002511 0.002507 0.002499 0.002485 0.002460 0.002419 0.002353 0.002251 0.002104 0.001901 0.001633 0.001300 0.000906 0.000466 0.000000 
50.000000 41.313874 33.039235 25.529164 19.033728 13.678412 9.467652 6.308579 4.045798 2.497339 1.484252 0.850061 0.469894 0.251484 0.131121 0.067440 0.035065 0.019235 0.011785 0.008407 0.006930 0.006307 0.006053 0.005953 0.005915 0.005901 0.005895 0.005894 0.005893 0.005893 0.005893 0.005893 0.005892 0.005891 0.005889 0.005884 0.005875 0.005858 0.005825 0.005769 0.005673 0.005520 0.005285 0.004943 0.004467 0.003841 0.003059 0.002133 0.001097 0.000000 
50.000000 41.315172 33.041769 25.532820 19.038353 13.683835 9.473702 6.315099 4.052653 2.504423 1.491486 0.857388 0.477277 0.258899 0.138554 0.074882 0.042512 0.026684 0.019235 0.015858 0.014381 0.013758 0.013504 0.013404 0.013366 0.013352 0.013347 0.013345 0.013344 0.013344 0.013344 0.013343 0.013342 0.013340 0.013335 0.013325 0.013305 0.013266 0.013195 0.013070 0.012858 0.012516 0.011990 0.011220 0.010149 0.008733 0.006959 0.004855 0.002497 0.000000 
50.000000 41.317929 33.047153 25.540587 19.048179 13.695356 9.486555 6.328949 4.067217 2.519475 1.506856 0.872957 0.492964 0.274654 0.154346 0.090694 0.058334 0.042512 0.035065 0.031688 0.030212 0.029589 0.029335 0.029235 0.029197 0.029183 0.029178 0.029176 0.029175 0.029175 0.029175 0.029174 0.029172 0.029167 0.029157 0.029136 0.029093 0.029012 0.028860 0.028593 0.028139 0.027404 0.026270 0.024603 0.022272 0.019182 0.015298 0.010681 0.005496 0.000000 
50.000000 41.323568 33.058161 25.556466 19.068269 13.718915 9.512838 6.357273 4.097001 2.550256 1.538289 0.904796 0.525048 0.306877 0.186646 0.123034 0.090694 0.074882 0.067440 0.064065 0.062590 0.061967 0.061714 0.061614 0.061576 0.061562 0.061556 0.061555 0.061554 0.061554 0.061553 0.061551 0.061547 0.061537 0.061517 0.061474 0.061388 0.061222 0.060913 0.060365 0.059430 0.057912 0.055556 0.052077 0.047194 0.040689 0.032484 0.022700 0.011687 0.000000 
50.000000 41.334655 33.079808 25.587694 19.107778 13.765246 9.564528 6.412980 4.155581 2.610799 1.600114 0.967422 0.588153 0.370257 0.250177 0.186646 0.154346 0.138554 0.131121 0.127750 0.126277 0.125655 0.125402 0.125302 0.125264 0.125250 0.125245 0.125243 0.125242 0.125241 0.125240 0.125237 0.125229 0.125211 0.125171 0.125089 0.124922 0.124598 0.123993 0.122914 0.121068 0.118052 0.113348 0.106365 0.096509 0.083315 0.066597 0.046587 0.024002 0.000000 
50.000000 41.355605 33.120713 25.646703 19.182437 13.852801 9.662213 6.518258 4.266291 2.725223 1.716963 1.085788 0.707427 0.490051 0.370257 0.306877 0.274654 0.258899 0.251484 0.248121 0.246651 0.246031 0.245778 0.245678 0.245640 0.245626 0.245621 0.245619 0.245619 0.245617 0.245615 0.245608 0.245594 0.245561 0.245488 0.245336 0.245025 0.244421 0.243288 0.241255 0.237758 0.232009 0.222992 0.209519 0.190385 0.164616 0.131784 0.092305 0.047598 0.000000 
50.000000 41.393611 33.194920 25.753756 19.317887 14.011650 9.839448 6.709275 4.467170 2.932843 1.928990 1.300569 0.923856 0.707427 0.588153 0.525048 0.492964 0.477277 0.469894 0.466546 0.465082 0.464465 0.464213 0.464114 0.464076 0.464062 0.464057 0.464055 0.464054 0.464052 0.464047 0.464036 0.464011 0.463953 0.463825 0.463556 0.463006 0.461928 0.459899 0.456235 0.449895 0.439405 0.422831 0.397884 0.362190 0.313770 0.251663 0.176554 0.091140 0.000000 
50.000000 41.459749 33.324055 25.940055 19.553608 14.288100 10.147903 7.041725 4.816794 3.294209 2.298030 1.674409 1.300569 1.085788 0.967422 0.904796 0.872957 0.857388 0.850061 0.846738 0.845285 0.844672 0.844422 0.844324 0.844286 0.844273 0.844268 0.844265 0.844264 0.844261 0.844253 0.844235 0.844193 0.844096 0.843883 0.843429 0.842500 0.840670 0.837204 0.830905 0.819929 0.801628 0.772476 0.728216 0.664324 0.576882 0.463789 0.326035 0.168541 0.000000 
50.000000 41.570056 33.539432 26.250775 19.946768 14.749202 10.662403 7.596262 5.399992 3.897005 2.913638 2.298030 1.928990 1.716963 1.600114 1.538289 1.506856 1.491486 1.484252 1.480972 1.479537 1.478932 1.478686 1.478588 1.478551 1.478538 1.478532 1.478530 1.478528 1.478523 1.478512 1.478483 1.478417 1.478263 1.477924 1.477199 1.475709 1.472754 1.467125 1.456819 1.438720 1.408275 1.359317 1.284224 1.174660 1.023083 0.824998 0.581499 0.301155 0.000000 
50.000000 41.746227 33.883417 26.747045 20.574718 15.485687 11.484194 8.482026 6.331555 4.859892 3.897005 3.294209 2.932843 2.725223 2.610799 2.550256 2.519475 2.504423 2.497339 2.494126 2.492721 2.492129 2.491887 2.491792 2.491756 2.491742 2.491737 2.491734 2.491731 2.491724 2.491707 2.491665 2.491566 2.491336 2.490826 2.489731 2.487465 2.482948 2.474280 2.458286 2.429946 2.381800 2.303519 2.181996 2.002390 1.750581 1.417168 1.002416 0.520447 0.000000 
50.000000 42.015446 34.409087 27.505443 21.534369 16.611228 12.740135 9.835766 7.755320 6.331555 5.399992 4.816794 4.467170 4.266291 4.155581 4.097001 4.067217 4.052653 4.045797 4.042689 4.041329 4.040756 4.040522 4.040430 4.040395 4.040382 4.040376 4.040374 4.040369 4.040360 4.040336 4.040277 4.040137 4.039813 4.039089 4.037529 4.034282 4.027766 4.015167 3.991717 3.949756 3.877660 3.758940 3.572001 3.291381 2.891386 2.352807 1.672236 0.871265 0.000000 
50.000000 42.408791 35.177128 28.613532 22.936529 18.255806 14.575282 11.813854 9.835766 8.482026 7.596262 7.041725 6.709275 6.518258 6.412980 6.357273 6.328949 6.315099 6.308579 6.305622 6.304329 6.303784 6.303561 6.303474 6.303440 6.303428 6.303423 6.303419 6.303414 6.303402 6.303371 6.303293 6.303108 6.302679 6.301717 6.299632 6.295266 6.286444 6.269249 6.236946 6.178507 6.076826 5.906927 5.634895 5.218781 4.613284 3.780127 2.704827 1.416503 0.000000 
50.000000 42.957856 36.249234 30.160328 24.893854 20.551568 17.137119 14.575282 12.740135 11.484194 10.662403 10.147903 9.839448 9.662213 9.564528 9.512838 9.486555 9.473702 9.467652 9.464908 9.463708 9.463201 9.462995 9.462914 9.462883 9.462871 9.462866 9.462863 9.462857 9.462841 9.462803 9.462709 9.462482 9.461952 9.460760 9.458164 9.452694 9.441564 9.419687 9.378178 9.302198 9.168134 8.940387 8.568560 7.986752 7.118005 5.888297 4.254509 2.245638 0.000000 
50.000000 43.689612 37.678074 32.221828 27.502521 23.611342 20.551568 18.255806 16.611228 15.485687 14.749202 14.288100 14.011650 13.852801 13.765246 13.718915 13.695356 13.683835 13.678412 13.675952 13.674876 13.674422 13.674237 13.674164 13.674136 13.674126 13.674121 13.674118 13.674111 13.674094 13.674051 13.673944 13.673686 13.673084 13.671721 13.668738 13.662416 13.649460 13.623776 13.574543 13.483297 13.319847 13.037024 12.564817 11.805671 10.635032 8.915250 6.536006 3.494232 0.000000 
50.000000 44.620167 39.495101 34.843419 30.819978 27.502521 24.893854 22.936529 21.534369 20.574718 19.946768 19.553608 19.317887 19.182437 19.107778 19.068269 19.048179 19.038353 19.033728 19.031630 19.030713 19.030325 19.030168 19.030105 19.030082 19.030073 19.030069 19.030065 19.030058 19.030041 19.029997 19.029887 19.029621 19.028997 19.027580 19.024463 19.017821 19.004117 18.976727 18.923685 18.824136 18.642983 18.323246 17.775849 16.867490 15.409989 13.161758 9.868221 5.394083 0.000000 
50.000000 45.748730 41.698773 38.022879 34.843419 32.221828 30.160328 28.613532 27.505443 26.747045 26.250775 25.940055 25.753756 25.646703 25.587694 25.556466 25.540587 25.532820 25.529164 25.527506 25.526781 25.526474 25.526350 25.526300 25.526282 25.526274 25.526271 25.526268 25.526262 25.526246 25.526206 25.526106 25.525862 25.525288 25.523982 25.521097 25.514919 25.502093 25.476266 25.425778 25.329876 25.152636 24.833405 24.272031 23.306577 21.681661 19.011440 14.767684 8.411884 0.000000 
50.000000 47.053492 44.246508 41.698773 39.495101 37.678074 36.249234 35.177128 34.409087 33.883417 33.539432 33.324055 33.194920 33.120713 33.079808 33.058161 33.047153 33.041769 33.039235 33.038085 33.037582 33.037370 33.037284 33.037249 33.037236 33.037231 33.037229 33.037227 33.037222 33.037210 33.037179 33.037102 33.036914 33.036472 33.035461 33.033222 33.028408 33.018366 32.998020 32.957933 32.881001 32.736851 32.472301 31.994726 31.142068 29.626880 26.931089 22.123254 13.661971 0.000000 
50.000000 48.491020 47.053492 45.748730 44.620167 43.689612 42.957856 42.408791 42.015446 41.746227 41.570056 41.459749 41.393611 41.355605 41.334655 41.323568 41.317929 41.315172 41.313874 41.313285 41.313027 41.312918 41.312874 41.312857 41.312850 41.312847 41.312846 41.312845 41.312842 41.312836 41.312819 41.312777 41.312675 41.312433 41.311880 41.310653 41.308007 41.302471 41.291209 41.268900 41.225780 41.144181 40.992289 40.712218 40.195380 39.226085 37.336846 33.391522 24.245510 0.000000 
50.000000 50.000000 50.000000 50.000000 50.000000 50.000000 50.000000 50.000000 50.000000 50.000000 50.000000 50.000000 50.000000 50.000000 50.000000 50.000000 50.000000 50.000000 50.000000 50.000000 50.000000 50.000000 50.000000 50.000000 50.000000 50.000000 50.000000 50.000000 50.000000 50.000000 50.000000 50.000000 50.000000 50.000000 50.000000 50.000000 50.000000 50.000000 50.000000 50.000000 50.000000 50.000000 50.000000 50.000000 50.000000 50.000000 50.000000 50.000000 50.000000 50.000000 
