50.000000 50.000000 50.000000 50.000000 50.000000 50.000000 50.000000 50.000000 50.000000 50.000000 50.000000 50.000000 50.000000 50.000000 50.000000 50.000000 50.000000 50.000000 50.000000 50.000000 50.000000 50.000000 50.000000 50.000000 50.000000 50.000000 50.000000 50.000000 50.000000 50.000000 50.000000 50.000000 50.000000 50.000000 50.000000 50.000000 50.000000 50.000000 50.000000 50.000000 50.000000 50.000000 50.000000 50.000000 50.000000 50.000000 50.000000 50.000000 50.000000 50.000000 
50.000000 46.765102 43.857931 41.506972 39.792120 38.660144 37.981329 37.609973 37.423840 37.337996 37.301415 37.286955 37.281633 37.279803 37.279213 37.279034 37.278983 37.278969 37.278965 37.278964 37.278964 37.278964 37.278964 37.278964 37.278964 37.278964 37.278964 37.278964 37.278964 37.278964 37.278964 37.278964 37.278964 37.278963 37.278960 37.278949 37.278906 37.278757 37.278260 37.276686 37.271963 37.258512 37.222096 37.128039 36.894680 36.332095 34.989554 31.729719 23.382551 0.000000 
50.000000 43.857931 38.338180 33.874593 30.618842 28.469812 27.181164 26.476232 26.122924 25.959991 25.890566 25.863125 25.853026 25.849553 25.848434 25.848095 25.847998 25.847972 25.847965 25.847963 25.847963 25.847963 25.847963 25.847963 25.847963 25.847963 25.847963 25.847963 25.847963 25.847963 25.847963 25.847963 25.847963 25.847961 25.847956 25.847938 25.847868 25.847623 25.846812 25.844258 25.836654 25.815232 25.758119 25.613884 25.268110 24.478750 22.757049 19.169090 12.128212 0.000000 
50.000000 41.506972 33.874593 27.702822 23.201339 20.230223 18.448751 17.474314 16.985979 16.760799 16.664861 16.626945 16.612993 16.608196 16.606650 16.606182 16.606048 16.606012 16.606003 16.606000 16.606000 16.606000 16.606000 16.606000 16.606000 16.606000 16.606000 16.606000 16.606000 16.606000 16.606000 16.606000 16.605999 16.605998 16.605993 16.605972 16.605896 16.605631 16.604755 16.602024 16.593976 16.571612 16.513087 16.369023 16.035868 15.313521 13.851411 11.117544 6.517418 0.000000 
50.000000 39.792120 30.618842 23.201339 17.791561 14.221200 12.080605 10.909848 10.323192 10.052707 9.937481 9.891948 9.875196 9.869437 9.867581 9.867019 9.866858 9.866815 9.866804 9.866801 9.866801 9.866800 9.866800 9.866800 9.866800 9.866800 9.866800 9.866800 9.866800 9.866800 9.866800 9.866800 9.866800 9.866799 9.866794 9.866776 9.866711 9.866483 9.865738 9.863433 9.856714 9.838313 9.791047 9.677518 9.423383 8.895781 7.887818 6.140092 3.460024 0.000000 
50.000000 38.660144 28.469812 20.230223 14.221200 10.255619 7.878269 6.578145 5.926733 5.626425 5.498511 5.447970 5.429378 5.422988 5.420929 5.420305 5.420127 5.420079 5.420066 5.420063 5.420063 5.420063 5.420063 5.420063 5.420063 5.420063 5.420063 5.420063 5.420063 5.420063 5.420063 5.420062 5.420062 5.420061 5.420058 5.420045 5.419997 5.419833 5.419300 5.417664 5.412947 5.400205 5.368034 5.292429 5.127810 4.797817 4.194355 3.201703 1.765464 0.000000 
50.000000 37.981329 27.181164 18.448751 12.080605 7.878269 5.359159 3.981619 3.291478 2.973346 2.837853 2.784324 2.764635 2.757868 2.755688 2.755028 2.754839 2.754788 2.754775 2.754772 2.754771 2.754771 2.754771 2.754771 2.754771 2.754771 2.754771 2.754771 2.754771 2.754771 2.754771 2.754771 2.754771 2.754770 2.754768 2.754760 2.754730 2.754627 2.754296 2.753287 2.750409 2.742728 2.723630 2.679580 2.585841 2.403088 2.079729 1.567279 0.853290 0.000000 
50.000000 37.609973 26.476232 17.474314 10.909848 6.578145 3.981619 2.561826 1.850564 1.522718 1.383098 1.327943 1.307657 1.300686 1.298441 1.297761 1.297566 1.297514 1.297501 1.297497 1.297497 1.297496 1.297496 1.297496 1.297496 1.297496 1.297496 1.297496 1.297496 1.297496 1.297496 1.297496 1.297496 1.297496 1.297495 1.297490 1.297473 1.297417 1.297234 1.296683 1.295124 1.291010 1.280913 1.257988 1.210112 1.118801 0.961226 0.718113 0.387877 0.000000 
50.000000 37.423840 26.122924 16.985979 10.323192 5.926733 3.291478 1.850564 1.128750 0.796057 0.654379 0.598414 0.577832 0.570759 0.568481 0.567791 0.567594 0.567540 0.567527 0.567524 0.567523 0.567523 0.567523 0.567523 0.567523 0.567523 0.567523 0.567523 0.567523 0.567523 0.567523 0.567523 0.567523 0.567522 0.567522 0.567519 0.567511 0.567483 0.567393 0.567122 0.566362 0.564375 0.559554 0.548750 0.526529 0.484879 0.414366 0.307693 0.165328 0.000000 
50.000000 37.337996 25.959991 16.760799 10.052707 5.626425 2.973346 1.522718 0.796057 0.461137 0.318516 0.262180 0.241462 0.234342 0.232049 0.231355 0.231157 0.231103 0.231089 0.231086 0.231085 0.231085 0.231085 0.231085 0.231085 0.231085 0.231085 0.231085 0.231085 0.231085 0.231085 0.231085 0.231085 0.231085 0.231085 0.231084 0.231080 0.231067 0.231027 0.230906 0.230569 0.229695 0.227594 0.222937 0.213478 0.195992 0.166823 0.123337 0.066033 0.000000 
50.000000 37.301415 25.890566 16.664861 9.937481 5.498511 2.837853 1.383098 0.654379 0.318516 0.175495 0.119002 0.098226 0.091087 0.088788 0.088092 0.087893 0.087839 0.087825 0.087822 0.087821 0.087821 0.087821 0.087821 0.087821 0.087821 0.087821 0.087821 0.087821 0.087821 0.087821 0.087821 0.087821 0.087821 0.087821 0.087821 0.087819 0.087814 0.087797 0.087748 0.087610 0.087257 0.086415 0.084566 0.080847 0.074048 0.062836 0.046308 0.024729 0.000000 
50.000000 37.286955 25.863125 16.626945 9.891948 5.447970 2.784324 1.327943 0.598414 0.262180 0.119002 0.062448 0.041649 0.034503 0.032201 0.031504 0.031305 0.031251 0.031237 0.031234 0.031233 0.031233 0.031233 0.031233 0.031233 0.031233 0.031233 0.031233 0.031233 0.031233 0.031233 0.031233 0.031233 0.031233 0.031233 0.031233 0.031232 0.031230 0.031224 0.031205 0.031154 0.031022 0.030709 0.030029 0.028671 0.026210 0.022190 0.016313 0.008695 0.000000 
50.000000 37.281633 25.853026 16.612993 9.875196 5.429378 2.764635 1.307657 0.577832 0.241462 0.098226 0.041649 0.020842 0.013693 0.011390 0.010693 0.010494 0.010440 0.010426 0.010423 0.010422 0.010422 0.010422 0.010422 0.010422 0.010422 0.010422 0.010422 0.010422 0.010422 0.010422 0.010422 0.010422 0.010422 0.010422 0.010422 0.010422 0.010421 0.010419 0.010412 0.010394 0.010349 0.010241 0.010007 0.009545 0.008712 0.007362 0.005403 0.002875 0.000000 
50.000000 37.279803 25.849553 16.608196 9.869437 5.422988 2.757868 1.300686 0.570759 0.234342 0.091087 0.034503 0.013693 0.006543 0.004240 0.003542 0.003343 0.003290 0.003276 0.003272 0.003272 0.003272 0.003271 0.003271 0.003271 0.003271 0.003271 0.003271 0.003271 0.003271 0.003271 0.003271 0.003271 0.003271 0.003271 0.003271 0.003271 0.003271 0.003270 0.003268 0.003262 0.003248 0.003213 0.003138 0.002990 0.002726 0.002300 0.001686 0.000896 0.000000 
50.000000 37.279213 25.848434 16.606650 9.867581 5.420929 2.755688 1.298441 0.568481 0.232049 0.088788 0.032201 0.011390 0.004240 0.001937 0.001239 0.001040 0.000986 0.000973 0.000969 0.000969 0.000968 0.000968 0.000968 0.000968 0.000968 0.000968 0.000968 0.000968 0.000968 0.000968 0.000968 0.000968 0.000968 0.000968 0.000968 0.000968 0.000968 0.000968 0.000967 0.000966 0.000961 0.000951 0.000928 0.000884 0.000805 0.000678 0.000496 0.000264 0.000000 
50.000000 37.279034 25.848095 16.606182 9.867019 5.420305 2.755028 1.297761 0.567791 0.231355 0.088092 0.031504 0.010693 0.003542 0.001239 0.000542 0.000343 0.000289 0.000275 0.000272 0.000271 0.000271 0.000271 0.000271 0.000271 0.000271 0.000271 0.000271 0.000271 0.000271 0.000271 0.000271 0.000271 0.000271 0.000271 0.000271 0.000271 0.000271 0.000271 0.000271 0.000270 0.000269 0.000266 0.000259 0.000247 0.000225 0.000189 0.000138 0.000073 0.000000 
50.000000 37.278983 25.847998 16.606048 9.866858 5.420127 2.754839 1.297566 0.567594 0.231157 0.087893 0.031305 0.010494 0.003343 0.001040 0.000343 0.000144 0.000090 0.000076 0.000073 0.000072 0.000072 0.000072 0.000072 0.000072 0.000072 0.000072 0.000072 0.000072 0.000072 0.000072 0.000072 0.000072 0.000072 0.000072 0.000072 0.000072 0.000072 0.000072 0.000072 0.000072 0.000071 0.000070 0.000069 0.000065 0.000059 0.000050 0.000037 0.000019 0.000000 
50.000000 37.278969 25.847972 16.606012 9.866815 5.420079 2.754788 1.297514 0.567540 0.231103 0.087839 0.031251 0.010440 0.003290 0.000986 0.000289 0.000090 0.000036 0.000022 0.000019 0.000018 0.000018 0.000018 0.000018 0.000018 0.000018 0.000018 0.000018 0.000018 0.000018 0.000018 0.000018 0.000018 0.000018 0.000018 0.000018 0.000018 0.000018 0.000018 0.000018 0.000018 0.000018 0.000018 0.000017 0.000016 0.000015 0.000013 0.000009 0.000005 0.000000 
50.000000 37.278965 25.847965 16.606003 9.866804 5.420066 2.754775 1.297501 0.567527 0.231089 0.087825 0.031237 0.010426 0.003276 0.000973 0.000275 0.000076 0.000022 0.000009 0.000005 0.000005 0.000004 0.000004 0.000004 0.000004 0.000004 0.000004 0.000004 0.000004 0.000004 0.000004 0.000004 0.000004 0.000004 0.000004 0.000004 0.000004 0.000004 0.000004 0.000004 0.000004 0.000004 0.000004 0.000004 0.000004 0.000004 0.000003 0.000002 0.000001 0.000000 
50.000000 37.278964 25.847963 16.606000 9.866801 5.420063 2.754772 1.297497 0.567524 0.231086 0.087822 0.031234 0.010423 0.003272 0.000969 0.000272 0.000073 0.000019 0.000005 0.000002 0.000001 0.000001 0.000001 0.000001 0.000001 0.000001 0.000001 0.000001 0.000001 0.000001 0.000001 0.000001 0.000001 0.000001 0.000001 0.000001 0.000001 0.000001 0.000001 0.000001 0.000001 0.000001 0.000001 0.000001 0.000001 0.000001 0.000001 0.000000 0.000000 0.000000 
50.000000 37.278964 25.847963 16.606000 9.866801 5.420063 2.754771 1.297497 0.567523 0.231085 0.087821 0.031233 0.010422 0.003272 0.000969 0.000271 0.000072 0.000018 0.000005 0.000001 0.000000 0.000000 0.000000 0.000000 0.000000 0.000000 0.000000 0.000000 0.000000 0.000000 0.000000 0.000000 0.000000 0.000000 0.000000 0.000000 0.000000 0.000000 0.000000 0.000000 0.000000 0.000000 0.000000 0.000000 0.000000 0.000000 0.000000 0.000000 0.000000 0.000000 
50.000000 37.278964 25.847963 16.606000 9.866800 5.420063 2.754771 1.297496 0.567523 0.231085 0.087821 0.031233 0.010422 0.003272 0.000968 0.000271 0.000072 0.000018 0.000004 0.000001 0.000000 0.000000 0.000000 0.000000 0.000000 0.000000 0.000000 0.000000 0.000000 0.000000 0.000000 0.000000 0.000000 0.000000 0.000000 0.000000 0.000000 0.000000 0.000000 0.000000 0.000000 0.000000 0.000000 0.000000 0.000000 0.000000 0.000000 0.000000 0.000000 0.000000 
50.000000 37.278964 25.847963 16.606000 9.866800 5.420063 2.754771 1.297496 0.567523 0.231085 0.087821 0.031233 0.010422 0.003271 0.000968 0.000271 0.000072 0.000018 0.000004 0.000001 0.000000 0.000000 0.000000 0.000000 0.000000 0.000000 0.000000 0.000000 0.000000 0.000000 0.000000 0.000000 0.000000 0.000000 0.000000 0.000000 0.000000 0.000000 0.000000 0.000000 0.000000 0.000000 0.000000 0.000000 0.000000 0.000000 0.000000 0.000000 0.000000 0.000000 
50.000000 37.278964 25.847963 16.606000 9.866800 5.420063 2.754771 1.297496 0.567523 0.231085 0.087821 0.031233 0.010422 0.003271 0.000968 0.000271 0.000072 0.000018 0.000004 0.000001 0.000000 0.000000 0.000000 0.000000 0.000000 0.000000 0.000000 0.000000 0.000000 0.000000 0.000000 0.000000 0.000000 0.000000 0.000000 0.000000 0.000000 0.000000 0.000000 0.000000 0.000000 0.000000 0.000000 0.000000 0.000000 0.000000 0.000000 0.000000 0.000000 0.000000 
50.000000 37.278964 25.847963 16.606000 9.866800 5.420063 2.754771 1.297496 0.567523 0.231085 0.087821 0.031233 0.010422 0.003271 0.000968 0.000271 0.000072 0.000018 0.000004 0.000001 0.000000 0.000000 0.000000 0.000000 0.000000 0.000000 0.000000 0.000000 0.000000 0.000000 0.000000 0.000000 0.000000 0.000000 0.000000 0.000000 0.000000 0.000000 0.000000 0.000000 0.000000 0.000000 0.000000 0.000000 0.000000 0.000000 0.000000 0.000000 0.000000 0.000000 
50.000000 37.278964 25.847963 16.606000 9.866800 5.420063 2.754771 1.297496 0.567523 0.231085 0.087821 0.031233 0.010422 0.003271 0.000968 0.000271 0.000072 0.000018 0.000004 0.000001 0.000000 0.000000 0.000000 0.000000 0.000000 0.000000 0.000000 0.000000 0.000000 0.000000 0.000000 0.000000 0.000000 0.000000 0.000000 0.000000 0.000000 0.000000 0.000000 0.000000 0.000000 0.000000 0.000000 0.000000 0.000000 0.000000 0.000000 0.000000 0.000000 0.000000 
50.000000 37.278964 25.847963 16.606000 9.866800 5.420063 2.754771 1.297496 0.567523 0.231085 0.087821 0.031233 0.010422 0.003271 0.000968 0.000271 0.000072 0.000018 0.000004 0.000001 0.000000 0.000000 0.000000 0.000000 0.000000 0.000000 0.000000 0.000000 0.000000 0.000000 0.000000 0.000000 0.000000 0.000000 0.000000 0.000000 0.000000 0.000000 0.000000 0.000000 0.000000 0.000000 0.000000 0.000000 0.000000 0.000000 0.000000 0.000000 0.000000 0.000000 
50.000000 37.278964 25.847963 16.606000 9.866800 5.420063 2.754771 1.297496 0.567523 0.231085 0.087821 0.031233 0.010422 0.003271 0.000968 0.000271 0.000072 0.000018 0.000004 0.000001 0.000000 0.000000 0.000000 0.000000 0.000000 0.000000 0.000000 0.000000 0.000000 0.000000 0.000000 0.000000 0.000000 0.000000 0.000000 0.000000 0.000000 0.000000 0.000000 0.000000 0.000000 0.000000 0.000000 0.000000 0.000000 0.000000 0.000000 0.000000 0.000000 0.000000 
50.000000 37.278964 25.847963 16.606000 9.866800 5.420063 2.754771 1.297496 0.567523 0.231085 0.087821 0.031233 0.010422 0.003272 0.000968 0.000271 0.000072 0.000018 0.000004 0.000001 0.000000 0.000000 0.000000 0.000000 0.000000 0.000000 0.000000 0.000000 0.000000 0.000000 0.000000 0.000000 0.000000 0.000000 0.000000 0.000000 0.000000 0.000000 0.000000 0.000000 0.000000 0.000000 0.000000 0.000000 0.000000 0.000000 0.000000 0.000000 0.000000 0.000000 
50.000000 37.278964 25.847963 16.606000 9.866801 5.420063 2.754771 1.297497 0.567523 0.231085 0.087821 0.031233 0.010422 0.003272 0.000969 0.000271 0.000072 0.000018 0.000005 0.000001 0.000000 0.000000 0.000000 0.000000 0.000000 0.000000 0.000000 0.000000 0.000000 0.000000 0.000000 0.000000 0.000000 0.000000 0.000000 0.000000 0.000000 0.000000 0.000000 0.000000 0.000000 0.000000 0.000000 0.000000 0.000000 0.000000 0.000000 0.000000 0.000000 0.000000 
50.000000 37.278964 25.847963 16.606000 9.866801 5.420063 2.754772 1.297497 0.567524 0.231086 0.087822 0.031234 0.010423 0.003272 0.000969 0.000272 0.000073 0.000019 0.000005 0.000002 0.000001 0.000001 0.000001 0.000001 0.000001 0.000001 0.000001 0.000001 0.000001 0.000001 0.000001 0.000001 0.000001 0.000001 0.000001 0.000001 0.000001 0.000001 0.000001 0.000001 0.000001 0.000001 0.000001 0.000001 0.000001 0.000001 0.000001 0.000000 0.000000 0.000000 
50.000000 37.278965 25.847965 16.606003 9.866804 5.420066 2.754775 1.297501 0.567527 0.231089 0.087825 0.031237 0.010426 0.003276 0.000973 0.000275 0.000076 0.000022 0.000009 0.000005 0.000005 0.000004 0.000004 0.000004 0.000004 0.000004 0.000004 0.000004 0.000004 0.000004 0.000004 0.000004 0.000004 0.000004 0.000004 0.000004 0.000004 0.000004 0.000004 0.000004 0.000004 0.000004 0.000004 0.000004 0.000004 0.000004 0.000003 0.000002 0.000001 0.000000 
50.000000 37.278969 25.847972 16.606012 9.866815 5.420079 2.754788 1.297514 0.567540 0.231103 0.087839 0.031251 0.010440 0.003290 0.000986 0.000289 0.000090 0.000036 0.000022 0.000019 0.000018 0.000018 0.000018 0.000018 0.000018 0.000018 0.000018 0.000018 0.000018 0.000018 0.000018 0.000018 0.000018 0.000018 0.000018 0.000018 0.000018 0.000018 0.000018 0.000018 0.000018 0.000018 0.000018 0.000017 0.000016 0.000015 0.000013 0.000009 0.000005 0.000000 
50.000000 37.278983 25.847998 16.606048 9.866858 5.420127 2.754839 1.297566 0.567594 0.231157 0.087893 0.031305 0.010494 0.003343 0.001040 0.000343 0.000144 0.000090 0.000076 0.000073 0.000072 0.000072 0.000072 0.000072 0.000072 0.000072 0.000072 0.000072 0.000072 0.000072 0.000072 0.000072 0.000072 0.000072 0.000072 0.000072 0.000072 0.000072 0.000072 0.000072 0.000072 0.000071 0.000070 0.000069 0.000065 0.000059 0.000050 0.000037 0.000019 0.000000 
50.000000 37.279034 25.848095 16.606182 9.867019 5.420305 2.755028 1.297761 0.567791 0.231355 0.088092 0.031504 0.010693 0.003542 0.001239 0.000542 0.000343 0.000289 0.000275 0.000272 0.000271 0.000271 0.000271 0.000271 0.000271 0.000271 0.000271 0.000271 0.000271 0.000271 0.000271 0.000271 0.000271 0.000271 0.000271 0.000271 0.000271 0.000271 0.000271 0.000271 0.000270 0.000269 0.000266 0.000259 0.000247 0.000225 0.000189 0.000138 0.000073 0.000000 
50.000000 37.279213 25.848434 16.606650 9.867581 5.420929 2.755688 1.298441 0.568481 0.232049 0.088788 0.032201 0.011390 0.004240 0.001937 0.001239 0.001040 0.000986 0.000973 0.000969 0.000969 0.000968 0.000968 0.000968 0.000968 0.000968 0.000968 0.000968 0.000968 0.000968 0.000968 0.000968 0.000968 0.000968 0.000968 0.000968 0.000968 0.000968 0.000968 0.000967 0.000966 0.000961 0.000951 0.000928 0.000884 0.000805 0.000678 0.000496 0.000264 0.000000 
50.000000 37.279803 25.849553 16.608196 9.869437 5.422988 2.757868 1.300686 0.570759 0.234342 0.091087 0.034503 0.013693 0.006543 0.004240 0.003542 0.003343 0.003290 0.003276 0.003272 0.003272 0.003272 0.003271 0.003271 0.003271 0.003271 0.003271 0.003271 0.003271 0.003271 0.003271 0.003271 0.003271 0.003271 0.003271 0.003271 0.003271 0.003271 0.003270 0.003268 0.003262 0.003248 0.003213 0.003138 0.002990 0.002726 0.002300 0.001686 0.000896 0.000000 
50.000000 37.281633 25.853026 16.612993 9.875196 5.429378 2.764635 1.307657 0.577832 0.241462 0.098226 0.041649 0.020842 0.013693 0.011390 0.010693 0.010494 0.010440 0.010426 0.010423 0.010422 0.010422 0.010422 0.010422 0.010422 0.010422 0.010422 0.010422 0.010422 0.010422 0.010422 0.010422 0.010422 0.010422 0.010422 0.010422 0.010422 0.010421 0.010419 0.010412 0.010394 0.010349 0.010241 0.010007 0.009545 0.008712 0.007362 0.005403 0.002875 0.000000 
50.000000 37.286955 25.863125 16.626945 9.891948 5.447970 2.784324 1.327943 0.598414 0.262180 0.119002 0.062448 0.041649 0.034503 0.032201 0.031504 0.031305 0.031251 0.031237 0.031234 0.031233 0.031233 0.031233 0.031233 0.031233 0.031233 0.031233 0.031233 0.031233 0.031233 0.031233 0.031233 0.031233 0.031233 0.031233 0.031233 0.031232 0.031230 0.031224 0.031205 0.031154 0.031022 0.030709 0.030029 0.028671 0.026210 0.022190 0.016313 0.008695 0.000000 
50.000000 37.301415 25.890566 16.664861 9.937481 5.498511 2.837853 1.383098 0.654379 0.318516 0.175495 0.119002 0.098226 0.091087 0.088788 0.088092 0.087893 0.087839 0.087825 0.087822 0.087821 0.087821 0.087821 0.087821 0.087821 0.087821 0.087821 0.087821 0.087821 0.087821 0.087821 0.087821 0.087821 0.087821 0.087821 0.087821 0.087819 0.087814 0.087797 0.087748 0.087610 0.087257 0.086415 0.084566 0.080847 0.074048 0.062836 0.046308 0.024729 0.000000 
50.000000 37.337996 25.959991 16.760799 10.052707 5.626425 2.973346 1.522718 0.796057 0.461137 0.318516 0.262180 0.241462 0.234342 0.232049 0.231355 0.231157 0.231103 0.231089 0.231086 0.231085 0.231085 0.231085 0.231085 0.231085 0.231085 0.231085 0.231085 0.231085 0.231085 0.231085 0.231085 0.231085 0.231085 0.231085 0.231084 0.231080 0.231067 0.231027 0.230906 0.230569 0.229695 0.227594 0.222937 0.213478 0.195992 0.166823 0.123337 0.066033 0.000000 
50.000000 37.423840 26.122924 16.985979 10.323192 5.926733 3.291478 1.850564 1.128750 0.796057 0.654379 0.598414 0.577832 0.570759 0.568481 0.567791 0.567594 0.567540 0.567527 0.567524 0.567523 0.567523 0.567523 0.567523 0.567523 0.567523 0.567523 0.567523 0.567523 0.567523 0.567523 0.567523 0.567523 0.567522 0.567522 0.567519 0.567511 0.567483 0.567393 0.567122 0.566362 0.564375 0.559554 0.548750 0.526529 0.484879 0.414366 0.307693 0.165328 0.000000 
50.000000 37.609973 26.476232 17.474314 10.909848 6.578145 3.981619 2.561826 1.850564 1.522718 1.383098 1.327943 1.307657 1.300686 1.298441 1.297761 1.297566 1.297514 1.297501 1.297497 1.297497 1.297496 1.297496 1.297496 1.297496 1.297496 1.297496 1.297496 1.297496 1.297496 1.297496 1.297496 1.297496 1.297496 1.297495 1.297490 1.297473 1.297417 1.297234 1.296683 1.295124 1.291010 1.280913 1.257988 1.210112 1.118801 0.961226 0.718113 0.387877 0.000000 
50.000000 37.981329 27.181164 18.448751 12.080605 7.878269 5.359159 3.981619 3.291478 2.973346 2.837853 2.784324 2.764635 2.757868 2.755688 2.755028 2.754839 2.754788 2.754775 2.754772 2.754771 2.754771 2.754771 2.754771 2.754771 2.754771 2.754771 2.754771 2.754771 2.754771 2.754771 2.754771 2.754771 2.754770 2.754768 2.754760 2.754730 2.754627 2.754296 2.753287 2.750409 2.742728 2.723630 2.679580 2.585841 2.403088 2.079729 1.567279 0.853290 0.000000 
50.000000 38.660144 28.469812 20.230223 14.221200 10.255619 7.878269 6.578145 5.926733 5.626425 5.498511 5.447970 5.429378 5.422988 5.420929 5.420305 5.420127 5.420079 5.420066 5.420063 5.420063 5.420063 5.420063 5.420063 5.420063 5.420063 5.420063 5.420063 5.420063 5.420063 5.420063 5.420062 5.420062 5.420061 5.420058 5.420045 5.419997 5.419833 5.419300 5.417664 5.412947 5.400205 5.368034 5.292429 5.127810 4.797817 4.194355 3.201703 1.765464 0.000000 
50.000000 39.792120 30.618842 23.201339 17.791561 14.221200 12.080605 10.909848 10.323192 10.052707 9.937481 9.891948 9.875196 9.869437 9.867581 9.867019 9.866858 9.866815 9.866804 9.866801 9.866801 9.866800 9.866800 9.866800 9.866800 9.866800 9.866800 9.866800 9.866800 9.866800 9.866800 9.866800 9.866800 9.866799 9.866794 9.866776 9.866711 9.866483 9.865738 9.863433 9.856714 9.838313 9.791047 9.677518 9.423383 8.895781 7.887818 6.140092 3.460024 0.000000 
50.000000 41.506972 33.874593 27.702822 23.201339 20.230223 18.448751 17.474314 16.985979 16.760799 16.664861 16.626945 16.612993 16.608196 16.606650 16.606182 16.606048 16.606012 16.606003 16.606000 16.606000 16.606000 16.606000 16.606000 16.606000 16.606000 16.606000 16.606000 16.606000 16.606000 16.606000 16.606000 16.605999 16.605998 16.605993 16.605972 16.605896 16.605631 16.604755 16.602024 16.593976 16.571612 16.513087 16.369023 16.035868 15.313521 13.851411 11.117544 6.517418 0.000000 
50.000000 43.857931 38.338180 33.874593 30.618842 28.469812 27.181164 26.476232 26.122924 25.959991 25.890566 25.863125 25.853026 25.849553 25.848434 25.848095 25.847998 25.847972 25.847965 25.847963 25.847963 25.847963 25.847963 25.847963 25.847963 25.847963 25.847963 25.847963 25.847963 25.847963 25.847963 25.847963 25.847963 25.847961 25.847956 25.847938 25.847868 25.847623 25.846812 25.844258 25.836654 25.815232 25.758119 25.613884 25.268110 24.478750 22.757049 19.169090 12.128212 0.000000 
50.000000 46.765102 43.857931 41.506972 39.792120 38.660144 37.981329 37.609973 37.423840 37.337996 37.301415 37.286955 37.281633 37.279803 37.279213 37.279034 37.278983 37.278969 37.278965 37.278964 37.278964 37.278964 37.278964 37.278964 37.278964 37.278964 37.278964 37.278964 37.278964 37.278964 37.278964 37.278964 37.278964 37.278963 37.278960 37.278949 37.278906 37.278757 37.278260 37.276686 37.271963 37.258512 37.222096 37.128039 36.894680 36.332095 34.989554 31.729719 23.382551 0.000000 
50.000000 50.000000 50.000000 50.000000 50.000000 50.000000 50.000000 50.000000 50.000000 50.000000 50.000000 50.000000 50.000000 50.000000 50.000000 50.000000 50.000000 50.000000 50.000000 50.000000 50.000000 50.000000 50.000000 50.000000 50.000000 50.000000 50.000000 50.000000 50.000000 50.000000 50.000000 50.000000 50.000000 50.000000 50.000000 50.000000 50.000000 50.000000 50.000000 50.000000 50.000000 50.000000 50.000000 50.000000 50.000000 50.000000 50.000000 50.000000 50.000000 50.000000 
