50.000000 50.000000 50.000000 50.000000 50.000000 50.000000 50.000000 50.000000 50.000000 50.000000 50.000000 50.000000 50.000000 50.000000 50.000000 50.000000 50.000000 50.000000 50.000000 50.000000 50.000000 50.000000 50.000000 50.000000 50.000000 50.000000 50.000000 50.000000 50.000000 50.000000 50.000000 50.000000 50.000000 50.000000 50.000000 50.000000 50.000000 50.000000 50.000000 50.000000 50.000000 50.000000 50.000000 50.000000 50.000000 50.000000 50.000000 50.000000 50.000000 50.000000 
50.000000 48.502377 47.075136 45.778745 44.656178 43.729207 42.998943 42.449816 42.055451 41.784780 41.607110 41.495491 41.428323 41.389574 41.368127 41.356727 41.350903 41.348041 41.346687 41.346070 41.345799 41.345684 41.345636 41.345618 41.345610 41.345608 41.345606 41.345605 41.345602 41.345595 41.345578 41.345533 41.345426 41.345174 41.344599 41.343329 41.340603 41.334922 41.323407 41.300679 41.256890 41.174271 41.020890 40.738744 40.219144 39.246339 37.352848 33.402611 24.251189 0.000000 
50.000000 47.075136 44.287728 41.755879 39.563514 37.753154 36.326969 35.254546 34.484372 33.955770 33.608797 33.390817 33.259645 33.183975 33.142091 33.119830 33.108458 33.102869 33.100226 33.099020 33.098490 33.098265 33.098173 33.098137 33.098123 33.098117 33.098115 33.098112 33.098107 33.098094 33.098062 33.097980 33.097783 33.097321 33.096270 33.093951 33.088989 33.078677 33.057863 33.016996 32.938820 32.792774 32.525457 32.044025 31.186234 29.664524 26.960830 22.143864 13.672525 0.000000 
50.000000 45.778745 41.755879 38.101854 34.937799 32.325076 30.266813 28.719114 27.607627 26.844778 26.344054 26.029487 25.840196 25.730999 25.670561 25.638438 25.622028 25.613965 25.610150 25.608411 25.607646 25.607322 25.607189 25.607136 25.607115 25.607108 25.607104 25.607101 25.607094 25.607078 25.607035 25.606929 25.606672 25.606073 25.604713 25.601723 25.595347 25.582163 25.555714 25.504191 25.406640 25.226882 24.903978 24.337485 23.365216 21.731641 19.050927 14.795048 8.425897 0.000000 
50.000000 44.656178 39.563514 34.937799 30.932372 27.624916 25.019381 23.060189 21.653208 20.687567 20.053745 19.655570 19.415973 19.277761 19.201264 19.160607 19.139838 19.129633 19.124805 19.122604 19.121637 19.121226 19.121058 19.120991 19.120965 19.120956 19.120951 19.120947 19.120940 19.120922 19.120875 19.120758 19.120478 19.119825 19.118348 19.115113 19.108249 19.094143 19.066053 19.011849 18.910445 18.726462 18.402596 17.849443 16.933422 15.466186 13.206158 9.898990 5.409838 0.000000 
50.000000 43.729207 37.753154 32.325076 27.624916 23.743826 20.686434 18.387510 16.736579 15.603533 14.859846 14.392663 14.111549 13.949390 13.859643 13.811945 13.787581 13.775609 13.769945 13.767364 13.766229 13.765747 13.765550 13.765471 13.765441 13.765430 13.765425 13.765421 13.765414 13.765396 13.765350 13.765237 13.764965 13.764333 13.762910 13.759808 13.753263 13.739903 13.713517 13.663116 13.570007 13.403716 13.116745 12.638756 11.871913 10.691494 8.959860 6.566920 3.510063 0.000000 
50.000000 42.998943 36.326969 30.266813 25.019381 20.686434 17.273130 14.706626 12.863571 11.598693 10.768495 10.246980 9.933180 9.752173 9.651996 9.598757 9.571563 9.558201 9.551880 9.548999 9.547733 9.547195 9.546975 9.546888 9.546854 9.546841 9.546836 9.546832 9.546826 9.546810 9.546769 9.546669 9.546428 9.545872 9.544625 9.541919 9.536245 9.524743 9.502222 9.459639 9.381946 9.245269 9.013709 8.636565 8.047678 7.169938 5.929328 4.282943 2.260199 0.000000 
50.000000 42.449816 35.254546 28.719114 23.060189 18.387510 14.706626 11.938968 9.951494 8.587530 7.692316 7.129972 6.791614 6.596447 6.488436 6.431036 6.401717 6.387312 6.380497 6.377391 6.376026 6.375447 6.375209 6.375115 6.375079 6.375065 6.375060 6.375056 6.375051 6.375037 6.375004 6.374922 6.374726 6.374274 6.373264 6.371086 6.366545 6.357407 6.339662 6.306444 6.246545 6.142636 5.969484 5.692917 5.270765 4.657594 3.815136 2.729089 1.428927 0.000000 
50.000000 42.055451 34.484372 27.607627 21.653208 16.736579 12.863571 9.951494 7.860346 6.425258 5.483382 4.891739 4.535760 4.330434 4.216805 4.156420 4.125577 4.110424 4.103256 4.099989 4.098553 4.097944 4.097694 4.097595 4.097557 4.097543 4.097537 4.097534 4.097529 4.097519 4.097494 4.097431 4.097282 4.096939 4.096178 4.094544 4.091158 4.084389 4.071352 4.047173 4.004046 3.930173 3.808859 3.618302 3.332863 2.926746 2.380745 1.691598 0.881180 0.000000 
50.000000 41.784780 33.955770 26.844778 20.687567 15.603533 11.598693 8.587530 6.425258 4.941382 3.967503 3.355769 2.987709 2.775419 2.657938 2.595508 2.563622 2.547956 2.540546 2.537169 2.535684 2.535054 2.534796 2.534694 2.534655 2.534640 2.534634 2.534632 2.534628 2.534621 2.534602 2.534557 2.534451 2.534208 2.533669 2.532519 2.530149 2.525443 2.516446 2.499904 2.470691 2.421211 2.340985 2.216747 2.033526 1.777122 1.438139 1.016949 0.527890 0.000000 
50.000000 41.607110 33.608797 26.344054 20.053745 14.859846 10.768495 7.692316 5.483382 3.967503 2.972634 2.347724 1.971743 1.754888 1.634884 1.571113 1.538544 1.522542 1.514974 1.511524 1.510008 1.509365 1.509101 1.508997 1.508956 1.508942 1.508936 1.508933 1.508931 1.508926 1.508913 1.508883 1.508812 1.508648 1.508289 1.507526 1.505961 1.502873 1.497011 1.486317 1.467599 1.436209 1.385873 1.308857 1.196730 1.041896 0.839863 0.591801 0.306431 0.000000 
50.000000 41.495491 33.390817 26.029487 19.655570 14.392663 10.246980 7.129972 4.891739 3.355769 2.347724 1.714545 1.333594 1.113876 0.992289 0.927678 0.894680 0.878468 0.870800 0.867305 0.865769 0.865117 0.864850 0.864744 0.864704 0.864689 0.864683 0.864681 0.864679 0.864676 0.864668 0.864648 0.864603 0.864499 0.864273 0.863793 0.862814 0.860894 0.857273 0.850713 0.839323 0.820387 0.790310 0.744758 0.679146 0.589517 0.473773 0.332954 0.172084 0.000000 
50.000000 41.428323 33.259645 25.840196 19.415973 14.111549 9.933180 6.791614 4.535760 2.987709 1.971743 1.333594 0.949657 0.728218 0.605680 0.540564 0.507309 0.490971 0.483243 0.479721 0.478173 0.477516 0.477247 0.477141 0.477100 0.477085 0.477079 0.477077 0.477075 0.477073 0.477068 0.477057 0.477029 0.476967 0.476831 0.476545 0.475963 0.474828 0.472700 0.468870 0.462266 0.451371 0.434207 0.408437 0.371646 0.321831 0.258032 0.180968 0.093401 0.000000 
50.000000 41.389574 33.183975 25.730999 19.277761 13.949390 9.752173 6.596447 4.330434 2.775419 1.754888 1.113876 0.728218 0.505788 0.382702 0.317296 0.283893 0.267482 0.259720 0.256183 0.254628 0.253968 0.253698 0.253591 0.253550 0.253534 0.253529 0.253527 0.253526 0.253524 0.253522 0.253515 0.253499 0.253463 0.253386 0.253223 0.252894 0.252254 0.251062 0.248927 0.245270 0.239276 0.229901 0.215928 0.196127 0.169511 0.135653 0.094986 0.048971 0.000000 
50.000000 41.368127 33.142091 25.670561 19.201264 13.859643 9.651996 6.488436 4.216805 2.657938 1.634884 0.992289 0.605680 0.382702 0.259314 0.193748 0.160263 0.143812 0.136031 0.132485 0.130926 0.130265 0.129994 0.129887 0.129846 0.129830 0.129825 0.129823 0.129822 0.129821 0.129820 0.129816 0.129807 0.129788 0.129745 0.129657 0.129479 0.129135 0.128496 0.127358 0.125420 0.122261 0.117350 0.110077 0.099836 0.086151 0.068838 0.048140 0.024798 0.000000 
50.000000 41.356727 33.119830 25.638438 19.160607 13.811945 9.598757 6.431036 4.156420 2.595508 1.571113 0.927678 0.540564 0.317296 0.193748 0.128097 0.094568 0.078096 0.070305 0.066755 0.065194 0.064532 0.064261 0.064153 0.064112 0.064097 0.064091 0.064089 0.064089 0.064088 0.064087 0.064085 0.064081 0.064070 0.064048 0.064003 0.063911 0.063733 0.063405 0.062824 0.061839 0.060242 0.057771 0.054132 0.049035 0.042259 0.033725 0.023560 0.012128 0.000000 
50.000000 41.350903 33.108458 25.622028 19.139838 13.787581 9.571563 6.401717 4.125577 2.563622 1.538544 0.894680 0.507309 0.283893 0.160263 0.094568 0.061017 0.044535 0.036739 0.033186 0.031624 0.030962 0.030690 0.030582 0.030541 0.030526 0.030520 0.030519 0.030518 0.030517 0.030517 0.030516 0.030514 0.030509 0.030498 0.030475 0.030429 0.030341 0.030180 0.029895 0.029414 0.028638 0.027443 0.025691 0.023248 0.020013 0.015955 0.011137 0.005730 0.000000 
50.000000 41.348041 33.102869 25.613965 19.129633 13.775609 9.558201 6.387312 4.110424 2.547956 1.522542 0.878468 0.490971 0.267482 0.143812 0.078096 0.044535 0.028047 0.020248 0.016694 0.015132 0.014469 0.014198 0.014090 0.014049 0.014034 0.014028 0.014026 0.014025 0.014025 0.014025 0.014024 0.014023 0.014021 0.014016 0.014005 0.013983 0.013941 0.013865 0.013731 0.013505 0.013142 0.012586 0.011773 0.010644 0.009155 0.007292 0.005086 0.002616 0.000000 
50.000000 41.346687 33.100226 25.610150 19.124805 13.769945 9.551880 6.380497 4.103256 2.540546 1.514974 0.870800 0.483243 0.259720 0.136031 0.070305 0.036739 0.020248 0.012449 0.008894 0.007332 0.006669 0.006397 0.006290 0.006248 0.006233 0.006228 0.006226 0.006225 0.006225 0.006225 0.006224 0.006224 0.006223 0.006220 0.006215 0.006205 0.006186 0.006152 0.006091 0.005989 0.005825 0.005575 0.005212 0.004709 0.004047 0.003221 0.002245 0.001154 0.000000 
50.000000 41.346070 33.099020 25.608411 19.122604 13.767364 9.548999 6.377391 4.099989 2.537169 1.511524 0.867305 0.479721 0.256183 0.132485 0.066755 0.033186 0.016694 0.008894 0.005339 0.003777 0.003114 0.002842 0.002735 0.002693 0.002678 0.002672 0.002671 0.002670 0.002670 0.002670 0.002669 0.002669 0.002669 0.002668 0.002665 0.002661 0.002653 0.002638 0.002611 0.002566 0.002495 0.002387 0.002230 0.002014 0.001729 0.001376 0.000959 0.000493 0.000000 
50.000000 41.345799 33.098490 25.607646 19.121637 13.766229 9.547733 6.376026 4.098553 2.535684 1.510008 0.865769 0.478173 0.254628 0.130926 0.065194 0.031624 0.015132 0.007332 0.003777 0.002214 0.001551 0.001280 0.001172 0.001131 0.001116 0.001110 0.001108 0.001107 0.001107 0.001107 0.001107 0.001107 0.001107 0.001106 0.001105 0.001103 0.001100 0.001094 0.001082 0.001064 0.001034 0.000989 0.000923 0.000833 0.000715 0.000569 0.000396 0.000203 0.000000 
50.000000 41.345684 33.098265 25.607322 19.121226 13.765747 9.547195 6.375447 4.097944 2.535055 1.509365 0.865118 0.477517 0.253968 0.130265 0.064532 0.030962 0.014470 0.006669 0.003114 0.001551 0.000889 0.000617 0.000509 0.000468 0.000453 0.000447 0.000445 0.000445 0.000445 0.000444 0.000444 0.000444 0.000444 0.000444 0.000444 0.000443 0.000442 0.000439 0.000434 0.000427 0.000415 0.000396 0.000370 0.000334 0.000286 0.000228 0.000158 0.000081 0.000000 
50.000000 41.345637 33.098174 25.607189 19.121058 13.765550 9.546976 6.375210 4.097695 2.534797 1.509102 0.864851 0.477248 0.253699 0.129995 0.064262 0.030691 0.014199 0.006398 0.002843 0.001281 0.000618 0.000346 0.000238 0.000197 0.000182 0.000176 0.000174 0.000174 0.000174 0.000174 0.000173 0.000173 0.000173 0.000173 0.000173 0.000173 0.000172 0.000171 0.000169 0.000166 0.000162 0.000155 0.000144 0.000130 0.000111 0.000089 0.000062 0.000032 0.000000 
50.000000 41.345618 33.098138 25.607137 19.120993 13.765473 9.546890 6.375118 4.097598 2.534697 1.508999 0.864747 0.477143 0.253594 0.129890 0.064156 0.030585 0.014093 0.006292 0.002737 0.001175 0.000512 0.000240 0.000133 0.000091 0.000076 0.000071 0.000069 0.000068 0.000068 0.000068 0.000068 0.000068 0.000068 0.000068 0.000068 0.000068 0.000067 0.000067 0.000066 0.000065 0.000063 0.000060 0.000056 0.000051 0.000043 0.000035 0.000024 0.000012 0.000000 
50.000000 41.345612 33.098126 25.607120 19.120971 13.765447 9.546861 6.375086 4.097565 2.534663 1.508965 0.864712 0.477108 0.253558 0.129854 0.064120 0.030550 0.014057 0.006257 0.002702 0.001139 0.000476 0.000205 0.000097 0.000056 0.000040 0.000035 0.000033 0.000032 0.000032 0.000032 0.000032 0.000032 0.000032 0.000032 0.000032 0.000032 0.000032 0.000032 0.000031 0.000031 0.000030 0.000029 0.000027 0.000024 0.000021 0.000016 0.000011 0.000006 0.000000 
50.000000 41.345612 33.098126 25.607120 19.120971 13.765447 9.546861 6.375086 4.097565 2.534663 1.508965 0.864712 0.477108 0.253558 0.129854 0.064120 0.030550 0.014057 0.006257 0.002702 0.001139 0.000476 0.000205 0.000097 0.000056 0.000040 0.000035 0.000033 0.000032 0.000032 0.000032 0.000032 0.000032 0.000032 0.000032 0.000032 0.000032 0.000032 0.000032 0.000031 0.000031 0.000030 0.000029 0.000027 0.000024 0.000021 0.000016 0.000011 0.000006 0.000000 
50.000000 41.345618 33.098138 25.607137 19.120993 13.765473 9.546890 6.375118 4.097598 2.534697 1.508999 0.864747 0.477143 0.253594 0.129890 0.064156 0.030585 0.014093 0.006292 0.002737 0.001175 0.000512 0.000240 0.000133 0.000091 0.000076 0.000071 0.000069 0.000068 0.000068 0.000068 0.000068 0.000068 0.000068 0.000068 0.000068 0.000068 0.000067 0.000067 0.000066 0.000065 0.000063 0.000060 0.000056 0.000051 0.000043 0.000035 0.000024 0.000012 0.000000 
50.000000 41.345637 33.098174 25.607189 19.121058 13.765550 9.546976 6.375210 4.097695 2.534797 1.509102 0.864851 0.477248 0.253699 0.129995 0.064262 0.030691 0.014199 0.006398 0.002843 0.001281 0.000618 0.000346 0.000238 0.000197 0.000182 0.000176 0.000174 0.000174 0.000174 0.000174 0.000173 0.000173 0.000173 0.000173 0.000173 0.000173 0.000172 0.000171 0.000169 0.000166 0.000162 0.000155 0.000144 0.000130 0.000111 0.000089 0.000062 0.000032 0.000000 
50.000000 41.345684 33.098265 25.607322 19.121226 13.765747 9.547195 6.375447 4.097944 2.535055 1.509365 0.865118 0.477517 0.253968 0.130265 0.064532 0.030962 0.014470 0.006669 0.003114 0.001551 0.000889 0.000617 0.000509 0.000468 0.000453 0.000447 0.000445 0.000445 0.000445 0.000444 0.000444 0.000444 0.000444 0.000444 0.000444 0.000443 0.000442 0.000439 0.000434 0.000427 0.000415 0.000396 0.000370 0.000334 0.000286 0.000228 0.000158 0.000081 0.000000 
50.000000 41.345799 33.098490 25.607646 19.121637 13.766229 9.547733 6.376026 4.098553 2.535684 1.510008 0.865769 0.478173 0.254628 0.130926 0.065194 0.031624 0.015132 0.007332 0.003777 0.002214 0.001551 0.001280 0.001172 0.001131 0.001116 0.001110 0.001108 0.001107 0.001107 0.001107 0.001107 0.001107 0.001107 0.001106 0.001105 0.001103 0.001100 0.001094 0.001082 0.001064 0.001034 0.000989 0.000923 0.000833 0.000715 0.000569 0.000396 0.000203 0.000000 
50.000000 41.346070 33.099020 25.608411 19.122604 13.767364 9.548999 6.377391 4.099989 2.537169 1.511524 0.867305 0.479721 0.256183 0.132485 0.066755 0.033186 0.016694 0.008894 0.005339 0.003777 0.003114 0.002842 0.002735 0.002693 0.002678 0.002672 0.002671 0.002670 0.002670 0.002670 0.002669 0.002669 0.002669 0.002668 0.002665 0.002661 0.002653 0.002638 0.002611 0.002566 0.002495 0.002387 0.002230 0.002014 0.001729 0.001376 0.000959 0.000493 0.000000 
50.000000 41.346687 33.100226 25.610150 19.124805 13.769945 9.551880 6.380497 4.103256 2.540546 1.514974 0.870800 0.483243 0.259720 0.136031 0.070305 0.036739 0.020248 0.012449 0.008894 0.007332 0.006669 0.006397 0.006290 0.006248 0.006233 0.006228 0.006226 0.006225 0.006225 0.006225 0.006224 0.006224 0.006223 0.006220 0.006215 0.006205 0.006186 0.006152 0.006091 0.005989 0.005825 0.005575 0.005212 0.004709 0.004047 0.003221 0.002245 0.001154 0.000000 
50.000000 41.348041 33.102869 25.613965 19.129633 13.775609 9.558201 6.387312 4.110424 2.547956 1.522542 0.878468 0.490971 0.267482 0.143812 0.078096 0.044535 0.028047 0.020248 0.016694 0.015132 0.014469 0.014198 0.014090 0.014049 0.014034 0.014028 0.014026 0.014025 0.014025 0.014025 0.014024 0.014023 0.014021 0.014016 0.014005 0.013983 0.013941 0.013865 0.013731 0.013505 0.013142 0.012586 0.011773 0.010644 0.009155 0.007292 0.005086 0.002616 0.000000 
50.000000 41.350903 33.108458 25.622028 19.139838 13.787581 9.571563 6.401717 4.125577 2.563622 1.538544 0.894680 0.507309 0.283893 0.160263 0.094568 0.061017 0.044535 0.036739 0.033186 0.031624 0.030962 0.030690 0.030582 0.030541 0.030526 0.030520 0.030519 0.030518 0.030517 0.030517 0.030516 0.030514 0.030509 0.030498 0.030475 0.030429 0.030341 0.030180 0.029895 0.029414 0.028638 0.027443 0.025691 0.023248 0.020013 0.015955 0.011137 0.005730 0.000000 
50.000000 41.356727 33.119830 25.638438 19.160607 13.811945 9.598757 6.431036 4.156420 2.595508 1.571113 0.927678 0.540564 0.317296 0.193748 0.128097 0.094568 0.078096 0.070305 0.066755 0.065194 0.064532 0.064261 0.064153 0.064112 0.064097 0.064091 0.064089 0.064089 0.064088 0.064087 0.064085 0.064081 0.064070 0.064048 0.064003 0.063911 0.063733 0.063405 0.062824 0.061839 0.060242 0.057771 0.054132 0.049035 0.042259 0.033725 0.023560 0.012128 0.000000 
50.000000 41.368127 33.142091 25.670561 19.201264 13.859643 9.651996 6.488436 4.216805 2.657938 1.634884 0.992289 0.605680 0.382702 0.259314 0.193748 0.160263 0.143812 0.136031 0.132485 0.130926 0.130265 0.129994 0.129887 0.129846 0.129830 0.129825 0.129823 0.129822 0.129821 0.129820 0.129816 0.129807 0.129788 0.129745 0.129657 0.129479 0.129135 0.128496 0.127358 0.125420 0.122261 0.117350 0.110077 0.099836 0.086151 0.068838 0.048140 0.024798 0.000000 
50.000000 41.389574 33.183975 25.730999 19.277761 13.949390 9.752173 6.596447 4.330434 2.775419 1.754888 1.113876 0.728218 0.505788 0.382702 0.317296 0.283893 0.267482 0.259720 0.256183 0.254628 0.253968 0.253698 0.253591 0.253550 0.253534 0.253529 0.253527 0.253526 0.253524 0.253522 0.253515 0.253499 0.253463 0.253386 0.253223 0.252894 0.252254 0.251062 0.248927 0.245270 0.239276 0.229901 0.215928 0.196127 0.169511 0.135653 0.094986 0.048971 0.000000 
50.000000 41.428323 33.259645 25.840196 19.415973 14.111549 9.933180 6.791614 4.535760 2.987709 1.971743 1.333594 0.949657 0.728218 0.605680 0.540564 0.507309 0.490971 0.483243 0.479721 0.478173 0.477516 0.477247 0.477141 0.477100 0.477085 0.477079 0.477077 0.477075 0.477073 0.477068 0.477057 0.477029 0.476967 0.476831 0.476545 0.475963 0.474828 0.472700 0.468870 0.462266 0.451371 0.434207 0.408437 0.371646 0.321831 0.258032 0.180968 0.093401 0.000000 
50.000000 41.495491 33.390817 26.029487 19.655570 14.392663 10.246980 7.129972 4.891739 3.355769 2.347724 1.714545 1.333594 1.113876 0.992289 0.927678 0.894680 0.878468 0.870800 0.867305 0.865769 0.865117 0.864850 0.864744 0.864704 0.864689 0.864683 0.864681 0.864679 0.864676 0.864668 0.864648 0.864603 0.864499 0.864273 0.863793 0.862814 0.860894 0.857273 0.850713 0.839323 0.820387 0.790310 0.744758 0.679146 0.589517 0.473773 0.332954 0.172084 0.000000 
50.000000 41.607110 33.608797 26.344054 20.053745 14.859846 10.768495 7.692316 5.483382 3.967503 2.972634 2.347724 1.971743 1.754888 1.634884 1.571113 1.538544 1.522542 1.514974 1.511524 1.510008 1.509365 1.509101 1.508997 1.508956 1.508942 1.508936 1.508933 1.508931 1.508926 1.508913 1.508883 1.508812 1.508648 1.508289 1.507526 1.505961 1.502873 1.497011 1.486317 1.467599 1.436209 1.385873 1.308857 1.196730 1.041896 0.839863 0.591801 0.306431 0.000000 
50.000000 41.784780 33.955770 26.844778 20.687567 15.603533 11.598693 8.587530 6.425258 4.941382 3.967503 3.355769 2.987709 2.775419 2.657938 2.595508 2.563622 2.547956 2.540546 2.537169 2.535684 2.535054 2.534796 2.534694 2.534655 2.534640 2.534634 2.534632 2.534628 2.534621 2.534602 2.534557 2.534451 2.534208 2.533669 2.532519 2.530149 2.525443 2.516446 2.499904 2.470691 2.421211 2.340985 2.216747 2.033526 1.777122 1.438139 1.016949 0.527890 0.000000 
50.000000 42.055451 34.484372 27.607627 21.653208 16.736579 12.863571 9.951494 7.860346 6.425258 5.483382 4.891739 4.535760 4.330434 4.216805 4.156420 4.125577 4.110424 4.103256 4.099989 4.098553 4.097944 4.097694 4.097595 4.097557 4.097543 4.097537 4.097534 4.097529 4.097519 4.097494 4.097431 4.097282 4.096939 4.096178 4.094544 4.091158 4.084389 4.071352 4.047173 4.004046 3.930173 3.808859 3.618302 3.332863 2.926746 2.380745 1.691598 0.881180 0.000000 
50.000000 42.449816 35.254546 28.719114 23.060189 18.387510 14.706626 11.938968 9.951494 8.587530 7.692316 7.129972 6.791614 6.596447 6.488436 6.431036 6.401717 6.387312 6.380497 6.377391 6.376026 6.375447 6.375209 6.375115 6.375079 6.375065 6.375060 6.375056 6.375051 6.375037 6.375004 6.374922 6.374726 6.374274 6.373264 6.371086 6.366545 6.357407 6.339662 6.306444 6.246545 6.142636 5.969484 5.692917 5.270765 4.657594 3.815136 2.729089 1.428927 0.000000 
50.000000 42.998943 36.326969 30.266813 25.019381 20.686434 17.273130 14.706626 12.863571 11.598693 10.768495 10.246980 9.933180 9.752173 9.651996 9.598757 9.571563 9.558201 9.551880 9.548999 9.547733 9.547195 9.546975 9.546888 9.546854 9.546841 9.546836 9.546832 9.546826 9.546810 9.546769 9.546669 9.546428 9.545872 9.544625 9.541919 9.536245 9.524743 9.502222 9.459639 9.381946 9.245269 9.013709 8.636565 8.047678 7.169938 5.929328 4.282943 2.260199 0.000000 
50.000000 43.729207 37.753154 32.325076 27.624916 23.743826 20.686434 18.387510 16.736579 15.603533 14.859846 14.392663 14.111549 13.949390 13.859643 13.811945 13.787581 13.775609 13.769945 13.767364 13.766229 13.765747 13.765550 13.765471 13.765441 13.765430 13.765425 13.765421 13.765414 13.765396 13.765350 13.765237 13.764965 13.764333 13.762910 13.759808 13.753263 13.739903 13.713517 13.663116 13.570007 13.403716 13.116745 12.638756 11.871913 10.691494 8.959860 6.566920 3.510063 0.000000 
50.000000 44.656178 39.563514 34.937799 30.932372 27.624916 25.019381 23.060189 21.653208 20.687567 20.053745 19.655570 19.415973 19.277761 19.201264 19.160607 19.139838 19.129633 19.124805 19.122604 19.121637 19.121226 19.121058 19.120991 19.120965 19.120956 19.120951 19.120947 19.120940 19.120922 19.120875 19.120758 19.120478 19.119825 19.118348 19.115113 19.108249 19.094143 19.066053 19.011849 18.910445 18.726462 18.402596 17.849443 16.933422 15.466186 13.206158 9.898990 5.409838 0.000000 
50.000000 45.778745 41.755879 38.101854 34.937799 32.325076 30.266813 28.719114 27.607627 26.844778 26.344054 26.029487 25.840196 25.730999 25.670561 25.638438 25.622028 25.613965 25.610150 25.608411 25.607646 25.607322 25.607189 25.607136 25.607115 25.607108 25.607104 25.607101 25.607094 25.607078 25.607035 25.606929 25.606672 25.606073 25.604713 25.601723 25.595347 25.582163 25.555714 25.504191 25.406640 25.226882 24.903978 24.337485 23.365216 21.731641 19.050927 14.795048 8.425897 0.000000 
50.000000 47.075136 44.287728 41.755879 39.563514 37.753154 36.326969 35.254546 34.484372 33.955770 33.608797 33.390817 33.259645 33.183975 33.142091 33.119830 33.108458 33.102869 33.100226 33.099020 33.098490 33.098265 33.098173 33.098137 33.098123 33.098117 33.098115 33.098112 33.098107 33.098094 33.098062 33.097980 33.097783 33.097321 33.096270 33.093951 33.088989 33.078677 33.057863 33.016996 32.938820 32.792774 32.525457 32.044025 31.186234 29.664524 26.960830 22.143864 13.672525 0.000000 
50.000000 48.502377 47.075136 45.778745 44.656178 43.729207 42.998943 42.449816 42.055451 41.784780 41.607110 41.495491 41.428323 41.389574 41.368127 41.356727 41.350903 41.348041 41.346687 41.346070 41.345799 41.345684 41.345636 41.345618 41.345610 41.345608 41.345606 41.345605 41.345602 41.345595 41.345578 41.345533 41.345426 41.345174 41.344599 41.343329 41.340603 41.334922 41.323407 41.300679 41.256890 41.174271 41.020890 40.738744 40.219144 39.246339 37.352848 33.402611 24.251189 0.000000 
50.000000 50.000000 50.000000 50.000000 50.000000 50.000000 50.000000 50.000000 50.000000 50.000000 50.000000 50.000000 50.000000 50.000000 50.000000 50.000000 50.000000 50.000000 50.000000 50.000000 50.000000 50.000000 50.000000 50.000000 50.000000 50.000000 50.000000 50.000000 50.000000 50.000000 50.000000 50.000000 50.000000 50.000000 50.000000 50.000000 50.000000 50.000000 50.000000 50.000000 50.000000 50.000000 50.000000 50.000000 50.000000 50.000000 50.000000 50.000000 50.000000 50.000000 
