50.000000 50.000000 50.000000 50.000000 50.000000 50.000000 50.000000 50.000000 50.000000 50.000000 50.000000 50.000000 50.000000 50.000000 50.000000 50.000000 50.000000 50.000000 50.000000 50.000000 50.000000 50.000000 50.000000 50.000000 50.000000 50.000000 50.000000 50.000000 50.000000 50.000000 50.000000 50.000000 50.000000 50.000000 50.000000 50.000000 50.000000 50.000000 50.000000 50.000000 50.000000 50.000000 50.000000 50.000000 50.000000 50.000000 50.000000 50.000000 50.000000 50.000000 
50.000000 46.784686 43.893153 41.551718 39.840492 38.708088 38.026986 37.653104 37.464994 37.377881 37.340596 37.325790 37.320314 37.318421 37.317808 37.317621 37.317568 37.317553 37.317549 37.317548 37.317548 37.317548 37.317548 37.317548 37.317548 37.317548 37.317548 37.317548 37.317548 37.317548 37.317548 37.317548 37.317548 37.317547 37.317544 37.317532 37.317488 37.317333 37.316819 37.315201 37.310365 37.296650 37.259665 37.164474 36.929048 36.363022 35.015276 31.748316 23.392343 0.000000 
50.000000 43.893153 38.401324 33.954388 30.704473 28.553934 27.260524 26.550566 26.193390 26.027995 25.957210 25.929102 25.918708 25.915116 25.913952 25.913598 25.913496 25.913468 25.913461 25.913459 25.913459 25.913459 25.913459 25.913459 25.913459 25.913459 25.913459 25.913459 25.913459 25.913459 25.913459 25.913459 25.913458 25.913457 25.913452 25.913432 25.913359 25.913105 25.912265 25.909636 25.901842 25.879972 25.821893 25.675735 25.326453 24.531253 22.800718 19.200662 12.144837 0.000000 
50.000000 41.551718 33.954388 27.802755 23.307227 20.332623 18.543724 17.561875 17.067958 16.839266 16.741403 16.702547 16.688180 16.683216 16.681607 16.681117 16.680977 16.680939 16.680929 16.680926 16.680926 16.680926 16.680926 16.680926 16.680926 16.680926 16.680926 16.680926 16.680926 16.680926 16.680926 16.680925 16.680925 16.680924 16.680918 16.680896 16.680817 16.680540 16.679633 16.676816 16.668550 16.645676 16.586047 16.439784 16.102618 15.373592 13.901377 11.153670 6.536442 0.000000 
50.000000 39.840492 30.704473 23.307227 17.901718 14.325252 12.174579 10.994281 10.400599 10.125746 10.008145 9.961458 9.944198 9.938234 9.936303 9.935714 9.935546 9.935500 9.935488 9.935485 9.935484 9.935484 9.935484 9.935484 9.935484 9.935484 9.935484 9.935484 9.935484 9.935484 9.935484 9.935484 9.935484 9.935482 9.935478 9.935459 9.935390 9.935152 9.934378 9.931994 9.925076 9.906208 9.857932 9.742390 9.484582 8.950859 7.933634 6.173220 3.477470 0.000000 
50.000000 38.708088 28.553934 20.332623 14.325252 10.350842 7.961064 6.649667 5.990111 5.684795 5.554175 5.502327 5.483161 5.476540 5.474396 5.473743 5.473555 5.473504 5.473491 5.473488 5.473487 5.473487 5.473487 5.473487 5.473487 5.473487 5.473487 5.473487 5.473487 5.473487 5.473487 5.473487 5.473487 5.473486 5.473482 5.473468 5.473418 5.473247 5.472690 5.470993 5.466123 5.453018 5.420063 5.342895 5.175421 4.840670 4.230005 3.227481 1.779041 0.000000 
50.000000 38.026986 27.260524 18.543724 12.174579 7.961064 5.427688 4.037601 3.338528 3.014950 2.876531 2.821593 2.801286 2.794273 2.792001 2.791310 2.791111 2.791057 2.791044 2.791040 2.791039 2.791039 2.791039 2.791039 2.791039 2.791039 2.791039 2.791039 2.791039 2.791039 2.791039 2.791039 2.791039 2.791038 2.791036 2.791027 2.790996 2.790888 2.790541 2.789491 2.786509 2.778583 2.758954 2.713844 2.618169 2.432188 2.103940 1.584788 0.862512 0.000000 
50.000000 37.653104 26.550566 17.561875 10.994281 6.649667 4.037601 2.604417 1.883718 1.550153 1.407473 1.350847 1.329919 1.322691 1.320351 1.319638 1.319434 1.319378 1.319364 1.319360 1.319360 1.319359 1.319359 1.319359 1.319359 1.319359 1.319359 1.319359 1.319359 1.319359 1.319359 1.319359 1.319359 1.319359 1.319358 1.319353 1.319335 1.319275 1.319083 1.318507 1.316886 1.312625 1.302209 1.278647 1.229604 1.136349 0.975828 0.728673 0.393439 0.000000 
50.000000 37.464994 26.193390 17.067958 10.400599 5.990111 3.338528 1.883718 1.152175 0.813606 0.668792 0.611323 0.590084 0.582750 0.580375 0.579652 0.579444 0.579388 0.579373 0.579370 0.579369 0.579369 0.579369 0.579369 0.579369 0.579369 0.579369 0.579369 0.579369 0.579369 0.579369 0.579369 0.579369 0.579368 0.579368 0.579365 0.579356 0.579326 0.579231 0.578947 0.578153 0.576087 0.571093 0.559945 0.537093 0.494391 0.422282 0.313418 0.168344 0.000000 
50.000000 37.377881 26.027995 16.839266 10.125746 5.684795 3.014950 1.550153 0.813606 0.472731 0.326934 0.269077 0.247696 0.240312 0.237921 0.237193 0.236984 0.236928 0.236913 0.236910 0.236909 0.236909 0.236909 0.236909 0.236909 0.236909 0.236909 0.236909 0.236909 0.236909 0.236909 0.236909 0.236908 0.236908 0.236908 0.236907 0.236903 0.236889 0.236846 0.236719 0.236365 0.235453 0.233267 0.228442 0.218673 0.200670 0.170716 0.126153 0.067516 0.000000 
50.000000 37.340596 25.957210 16.741403 10.008145 5.554175 2.876531 1.407473 0.668792 0.326934 0.180720 0.122698 0.101256 0.093851 0.091454 0.090724 0.090514 0.090457 0.090443 0.090439 0.090438 0.090438 0.090438 0.090438 0.090438 0.090438 0.090438 0.090438 0.090438 0.090438 0.090438 0.090438 0.090438 0.090438 0.090438 0.090437 0.090436 0.090430 0.090412 0.090360 0.090216 0.089845 0.088965 0.087040 0.083182 0.076151 0.064587 0.047574 0.025396 0.000000 
50.000000 37.325790 25.929102 16.702547 9.961458 5.502327 2.821593 1.350847 0.611323 0.269077 0.122698 0.064610 0.043144 0.035732 0.033332 0.032601 0.032391 0.032334 0.032320 0.032316 0.032315 0.032315 0.032315 0.032315 0.032315 0.032315 0.032315 0.032315 0.032315 0.032315 0.032315 0.032315 0.032315 0.032315 0.032315 0.032315 0.032314 0.032312 0.032305 0.032285 0.032231 0.032092 0.031764 0.031052 0.029636 0.027080 0.022914 0.016837 0.008971 0.000000 
50.000000 37.320314 25.918708 16.688180 9.944198 5.483161 2.801286 1.329919 0.590084 0.247696 0.101256 0.043144 0.021670 0.014254 0.011853 0.011122 0.010912 0.010855 0.010841 0.010837 0.010836 0.010836 0.010836 0.010836 0.010836 0.010836 0.010836 0.010836 0.010836 0.010836 0.010836 0.010836 0.010836 0.010836 0.010836 0.010836 0.010836 0.010835 0.010832 0.010826 0.010806 0.010758 0.010644 0.010399 0.009914 0.009045 0.007640 0.005603 0.002981 0.000000 
50.000000 37.318421 25.915116 16.683216 9.938234 5.476540 2.794273 1.322691 0.582750 0.240312 0.093851 0.035732 0.014254 0.006837 0.004436 0.003705 0.003495 0.003438 0.003423 0.003420 0.003419 0.003419 0.003419 0.003419 0.003419 0.003419 0.003419 0.003419 0.003419 0.003419 0.003419 0.003419 0.003419 0.003419 0.003419 0.003419 0.003418 0.003418 0.003417 0.003415 0.003409 0.003393 0.003356 0.003277 0.003122 0.002845 0.002399 0.001757 0.000934 0.000000 
50.000000 37.317808 25.913952 16.681607 9.936303 5.474396 2.792001 1.320351 0.580375 0.237921 0.091454 0.033332 0.011853 0.004436 0.002034 0.001303 0.001093 0.001036 0.001022 0.001018 0.001017 0.001017 0.001017 0.001017 0.001017 0.001017 0.001017 0.001017 0.001017 0.001017 0.001017 0.001017 0.001017 0.001017 0.001017 0.001017 0.001017 0.001017 0.001017 0.001016 0.001014 0.001009 0.000998 0.000974 0.000927 0.000844 0.000711 0.000520 0.000276 0.000000 
50.000000 37.317621 25.913598 16.681117 9.935714 5.473743 2.791310 1.319638 0.579652 0.237193 0.090724 0.032601 0.011122 0.003705 0.001303 0.000572 0.000362 0.000305 0.000291 0.000287 0.000286 0.000286 0.000286 0.000286 0.000286 0.000286 0.000286 0.000286 0.000286 0.000286 0.000286 0.000286 0.000286 0.000286 0.000286 0.000286 0.000286 0.000286 0.000286 0.000286 0.000285 0.000284 0.000281 0.000274 0.000260 0.000237 0.000199 0.000146 0.000077 0.000000 
50.000000 37.317568 25.913496 16.680977 9.935546 5.473555 2.791111 1.319434 0.579444 0.236984 0.090514 0.032391 0.010912 0.003495 0.001093 0.000362 0.000152 0.000096 0.000081 0.000077 0.000076 0.000076 0.000076 0.000076 0.000076 0.000076 0.000076 0.000076 0.000076 0.000076 0.000076 0.000076 0.000076 0.000076 0.000076 0.000076 0.000076 0.000076 0.000076 0.000076 0.000076 0.000076 0.000075 0.000073 0.000069 0.000063 0.000053 0.000039 0.000021 0.000000 
50.000000 37.317553 25.913468 16.680939 9.935500 5.473504 2.791057 1.319378 0.579388 0.236928 0.090457 0.032334 0.010855 0.003438 0.001036 0.000305 0.000096 0.000039 0.000024 0.000020 0.000020 0.000019 0.000019 0.000019 0.000019 0.000019 0.000019 0.000019 0.000019 0.000019 0.000019 0.000019 0.000019 0.000019 0.000019 0.000019 0.000019 0.000019 0.000019 0.000019 0.000019 0.000019 0.000019 0.000018 0.000018 0.000016 0.000013 0.000010 0.000005 0.000000 
50.000000 37.317549 25.913461 16.680929 9.935488 5.473491 2.791044 1.319364 0.579373 0.236913 0.090443 0.032320 0.010841 0.003423 0.001022 0.000291 0.000081 0.000024 0.000009 0.000006 0.000005 0.000005 0.000005 0.000005 0.000005 0.000005 0.000005 0.000005 0.000005 0.000005 0.000005 0.000005 0.000005 0.000005 0.000005 0.000005 0.000005 0.000005 0.000005 0.000005 0.000005 0.000005 0.000005 0.000004 0.000004 0.000004 0.000003 0.000002 0.000001 0.000000 
50.000000 37.317548 25.913459 16.680926 9.935485 5.473488 2.791040 1.319360 0.579370 0.236910 0.090439 0.032316 0.010837 0.003420 0.001018 0.000287 0.000077 0.000020 0.000006 0.000002 0.000001 0.000001 0.000001 0.000001 0.000001 0.000001 0.000001 0.000001 0.000001 0.000001 0.000001 0.000001 0.000001 0.000001 0.000001 0.000001 0.000001 0.000001 0.000001 0.000001 0.000001 0.000001 0.000001 0.000001 0.000001 0.000001 0.000001 0.000001 0.000000 0.000000 
50.000000 37.317548 25.913459 16.680926 9.935484 5.473487 2.791039 1.319360 0.579369 0.236909 0.090438 0.032315 0.010836 0.003419 0.001017 0.000286 0.000076 0.000020 0.000005 0.000001 0.000000 0.000000 0.000000 0.000000 0.000000 0.000000 0.000000 0.000000 0.000000 0.000000 0.000000 0.000000 0.000000 0.000000 0.000000 0.000000 0.000000 0.000000 0.000000 0.000000 0.000000 0.000000 0.000000 0.000000 0.000000 0.000000 0.000000 0.000000 0.000000 0.000000 
50.000000 37.317548 25.913459 16.680926 9.935484 5.473487 2.791039 1.319359 0.579369 0.236909 0.090438 0.032315 0.010836 0.003419 0.001017 0.000286 0.000076 0.000019 0.000005 0.000001 0.000000 0.000000 0.000000 0.000000 0.000000 0.000000 0.000000 0.000000 0.000000 0.000000 0.000000 0.000000 0.000000 0.000000 0.000000 0.000000 0.000000 0.000000 0.000000 0.000000 0.000000 0.000000 0.000000 0.000000 0.000000 0.000000 0.000000 0.000000 0.000000 0.000000 
50.000000 37.317548 25.913459 16.680926 9.935484 5.473487 2.791039 1.319359 0.579369 0.236909 0.090438 0.032315 0.010836 0.003419 0.001017 0.000286 0.000076 0.000019 0.000005 0.000001 0.000000 0.000000 0.000000 0.000000 0.000000 0.000000 0.000000 0.000000 0.000000 0.000000 0.000000 0.000000 0.000000 0.000000 0.000000 0.000000 0.000000 0.000000 0.000000 0.000000 0.000000 0.000000 0.000000 0.000000 0.000000 0.000000 0.000000 0.000000 0.000000 0.000000 
50.000000 37.317548 25.913459 16.680926 9.935484 5.473487 2.791039 1.319359 0.579369 0.236909 0.090438 0.032315 0.010836 0.003419 0.001017 0.000286 0.000076 0.000019 0.000005 0.000001 0.000000 0.000000 0.000000 0.000000 0.000000 0.000000 0.000000 0.000000 0.000000 0.000000 0.000000 0.000000 0.000000 0.000000 0.000000 0.000000 0.000000 0.000000 0.000000 0.000000 0.000000 0.000000 0.000000 0.000000 0.000000 0.000000 0.000000 0.000000 0.000000 0.000000 
50.000000 37.317548 25.913459 16.680926 9.935484 5.473487 2.791039 1.319359 0.579369 0.236909 0.090438 0.032315 0.010836 0.003419 0.001017 0.000286 0.000076 0.000019 0.000005 0.000001 0.000000 0.000000 0.000000 0.000000 0.000000 0.000000 0.000000 0.000000 0.000000 0.000000 0.000000 0.000000 0.000000 0.000000 0.000000 0.000000 0.000000 0.000000 0.000000 0.000000 0.000000 0.000000 0.000000 0.000000 0.000000 0.000000 0.000000 0.000000 0.000000 0.000000 
50.000000 37.317548 25.913459 16.680926 9.935484 5.473487 2.791039 1.319359 0.579369 0.236909 0.090438 0.032315 0.010836 0.003419 0.001017 0.000286 0.000076 0.000019 0.000005 0.000001 0.000000 0.000000 0.000000 0.000000 0.000000 0.000000 0.000000 0.000000 0.000000 0.000000 0.000000 0.000000 0.000000 0.000000 0.000000 0.000000 0.000000 0.000000 0.000000 0.000000 0.000000 0.000000 0.000000 0.000000 0.000000 0.000000 0.000000 0.000000 0.000000 0.000000 
50.000000 37.317548 25.913459 16.680926 9.935484 5.473487 2.791039 1.319359 0.579369 0.236909 0.090438 0.032315 0.010836 0.003419 0.001017 0.000286 0.000076 0.000019 0.000005 0.000001 0.000000 0.000000 0.000000 0.000000 0.000000 0.000000 0.000000 0.000000 0.000000 0.000000 0.000000 0.000000 0.000000 0.000000 0.000000 0.000000 0.000000 0.000000 0.000000 0.000000 0.000000 0.000000 0.000000 0.000000 0.000000 0.000000 0.000000 0.000000 0.000000 0.000000 
50.000000 37.317548 25.913459 16.680926 9.935484 5.473487 2.791039 1.319359 0.579369 0.236909 0.090438 0.032315 0.010836 0.003419 0.001017 0.000286 0.000076 0.000019 0.000005 0.000001 0.000000 0.000000 0.000000 0.000000 0.000000 0.000000 0.000000 0.000000 0.000000 0.000000 0.000000 0.000000 0.000000 0.000000 0.000000 0.000000 0.000000 0.000000 0.000000 0.000000 0.000000 0.000000 0.000000 0.000000 0.000000 0.000000 0.000000 0.000000 0.000000 0.000000 
50.000000 37.317548 25.913459 16.680926 9.935484 5.473487 2.791039 1.319359 0.579369 0.236909 0.090438 0.032315 0.010836 0.003419 0.001017 0.000286 0.000076 0.000019 0.000005 0.000001 0.000000 0.000000 0.000000 0.000000 0.000000 0.000000 0.000000 0.000000 0.000000 0.000000 0.000000 0.000000 0.000000 0.000000 0.000000 0.000000 0.000000 0.000000 0.000000 0.000000 0.000000 0.000000 0.000000 0.000000 0.000000 0.000000 0.000000 0.000000 0.000000 0.000000 
50.000000 37.317548 25.913459 16.680926 9.935484 5.473487 2.791039 1.319360 0.579369 0.236909 0.090438 0.032315 0.010836 0.003419 0.001017 0.000286 0.000076 0.000020 0.000005 0.000001 0.000000 0.000000 0.000000 0.000000 0.000000 0.000000 0.000000 0.000000 0.000000 0.000000 0.000000 0.000000 0.000000 0.000000 0.000000 0.000000 0.000000 0.000000 0.000000 0.000000 0.000000 0.000000 0.000000 0.000000 0.000000 0.000000 0.000000 0.000000 0.000000 0.000000 
50.000000 37.317548 25.913459 16.680926 9.935485 5.473488 2.791040 1.319360 0.579370 0.236910 0.090439 0.032316 0.010837 0.003420 0.001018 0.000287 0.000077 0.000020 0.000006 0.000002 0.000001 0.000001 0.000001 0.000001 0.000001 0.000001 0.000001 0.000001 0.000001 0.000001 0.000001 0.000001 0.000001 0.000001 0.000001 0.000001 0.000001 0.000001 0.000001 0.000001 0.000001 0.000001 0.000001 0.000001 0.000001 0.000001 0.000001 0.000001 0.000000 0.000000 
50.000000 37.317549 25.913461 16.680929 9.935488 5.473491 2.791044 1.319364 0.579373 0.236913 0.090443 0.032320 0.010841 0.003423 0.001022 0.000291 0.000081 0.000024 0.000009 0.000006 0.000005 0.000005 0.000005 0.000005 0.000005 0.000005 0.000005 0.000005 0.000005 0.000005 0.000005 0.000005 0.000005 0.000005 0.000005 0.000005 0.000005 0.000005 0.000005 0.000005 0.000005 0.000005 0.000005 0.000004 0.000004 0.000004 0.000003 0.000002 0.000001 0.000000 
50.000000 37.317553 25.913468 16.680939 9.935500 5.473504 2.791057 1.319378 0.579388 0.236928 0.090457 0.032334 0.010855 0.003438 0.001036 0.000305 0.000096 0.000039 0.000024 0.000020 0.000020 0.000019 0.000019 0.000019 0.000019 0.000019 0.000019 0.000019 0.000019 0.000019 0.000019 0.000019 0.000019 0.000019 0.000019 0.000019 0.000019 0.000019 0.000019 0.000019 0.000019 0.000019 0.000019 0.000018 0.000018 0.000016 0.000013 0.000010 0.000005 0.000000 
50.000000 37.317568 25.913496 16.680977 9.935546 5.473555 2.791111 1.319434 0.579444 0.236984 0.090514 0.032391 0.010912 0.003495 0.001093 0.000362 0.000152 0.000096 0.000081 0.000077 0.000076 0.000076 0.000076 0.000076 0.000076 0.000076 0.000076 0.000076 0.000076 0.000076 0.000076 0.000076 0.000076 0.000076 0.000076 0.000076 0.000076 0.000076 0.000076 0.000076 0.000076 0.000076 0.000075 0.000073 0.000069 0.000063 0.000053 0.000039 0.000021 0.000000 
50.000000 37.317621 25.913598 16.681117 9.935714 5.473743 2.791310 1.319638 0.579652 0.237193 0.090724 0.032601 0.011122 0.003705 0.001303 0.000572 0.000362 0.000305 0.000291 0.000287 0.000286 0.000286 0.000286 0.000286 0.000286 0.000286 0.000286 0.000286 0.000286 0.000286 0.000286 0.000286 0.000286 0.000286 0.000286 0.000286 0.000286 0.000286 0.000286 0.000286 0.000285 0.000284 0.000281 0.000274 0.000260 0.000237 0.000199 0.000146 0.000077 0.000000 
50.000000 37.317808 25.913952 16.681607 9.936303 5.474396 2.792001 1.320351 0.580375 0.237921 0.091454 0.033332 0.011853 0.004436 0.002034 0.001303 0.001093 0.001036 0.001022 0.001018 0.001017 0.001017 0.001017 0.001017 0.001017 0.001017 0.001017 0.001017 0.001017 0.001017 0.001017 0.001017 0.001017 0.001017 0.001017 0.001017 0.001017 0.001017 0.001017 0.001016 0.001014 0.001009 0.000998 0.000974 0.000927 0.000844 0.000711 0.000520 0.000276 0.000000 
50.000000 37.318421 25.915116 16.683216 9.938234 5.476540 2.794273 1.322691 0.582750 0.240312 0.093851 0.035732 0.014254 0.006837 0.004436 0.003705 0.003495 0.003438 0.003423 0.003420 0.003419 0.003419 0.003419 0.003419 0.003419 0.003419 0.003419 0.003419 0.003419 0.003419 0.003419 0.003419 0.003419 0.003419 0.003419 0.003419 0.003418 0.003418 0.003417 0.003415 0.003409 0.003393 0.003356 0.003277 0.003122 0.002845 0.002399 0.001757 0.000934 0.000000 
50.000000 37.320314 25.918708 16.688180 9.944198 5.483161 2.801286 1.329919 0.590084 0.247696 0.101256 0.043144 0.021670 0.014254 0.011853 0.011122 0.010912 0.010855 0.010841 0.010837 0.010836 0.010836 0.010836 0.010836 0.010836 0.010836 0.010836 0.010836 0.010836 0.010836 0.010836 0.010836 0.010836 0.010836 0.010836 0.010836 0.010836 0.010835 0.010832 0.010826 0.010806 0.010758 0.010644 0.010399 0.009914 0.009045 0.007640 0.005603 0.002981 0.000000 
50.000000 37.325790 25.929102 16.702547 9.961458 5.502327 2.821593 1.350847 0.611323 0.269077 0.122698 0.064610 0.043144 0.035732 0.033332 0.032601 0.032391 0.032334 0.032320 0.032316 0.032315 0.032315 0.032315 0.032315 0.032315 0.032315 0.032315 0.032315 0.032315 0.032315 0.032315 0.032315 0.032315 0.032315 0.032315 0.032315 0.032314 0.032312 0.032305 0.032285 0.032231 0.032092 0.031764 0.031052 0.029636 0.027080 0.022914 0.016837 0.008971 0.000000 
50.000000 37.340596 25.957210 16.741403 10.008145 5.554175 2.876531 1.407473 0.668792 0.326934 0.180720 0.122698 0.101256 0.093851 0.091454 0.090724 0.090514 0.090457 0.090443 0.090439 0.090438 0.090438 0.090438 0.090438 0.090438 0.090438 0.090438 0.090438 0.090438 0.090438 0.090438 0.090438 0.090438 0.090438 0.090438 0.090437 0.090436 0.090430 0.090412 0.090360 0.090216 0.089845 0.088965 0.087040 0.083182 0.076151 0.064587 0.047574 0.025396 0.000000 
50.000000 37.377881 26.027995 16.839266 10.125746 5.684795 3.014950 1.550153 0.813606 0.472731 0.326934 0.269077 0.247696 0.240312 0.237921 0.237193 0.236984 0.236928 0.236913 0.236910 0.236909 0.236909 0.236909 0.236909 0.236909 0.236909 0.236909 0.236909 0.236909 0.236909 0.236909 0.236909 0.236908 0.236908 0.236908 0.236907 0.236903 0.236889 0.236846 0.236719 0.236365 0.235453 0.233267 0.228442 0.218673 0.200670 0.170716 0.126153 0.067516 0.000000 
50.000000 37.464994 26.193390 17.067958 10.400599 5.990111 3.338528 1.883718 1.152175 0.813606 0.668792 0.611323 0.590084 0.582750 0.580375 0.579652 0.579444 0.579388 0.579373 0.579370 0.579369 0.579369 0.579369 0.579369 0.579369 0.579369 0.579369 0.579369 0.579369 0.579369 0.579369 0.579369 0.579369 0.579368 0.579368 0.579365 0.579356 0.579326 0.579231 0.578947 0.578153 0.576087 0.571093 0.559945 0.537093 0.494391 0.422282 0.313418 0.168344 0.000000 
50.000000 37.653104 26.550566 17.561875 10.994281 6.649667 4.037601 2.604417 1.883718 1.550153 1.407473 1.350847 1.329919 1.322691 1.320351 1.319638 1.319434 1.319378 1.319364 1.319360 1.319360 1.319359 1.319359 1.319359 1.319359 1.319359 1.319359 1.319359 1.319359 1.319359 1.319359 1.319359 1.319359 1.319359 1.319358 1.319353 1.319335 1.319275 1.319083 1.318507 1.316886 1.312625 1.302209 1.278647 1.229604 1.136349 0.975828 0.728673 0.393439 0.000000 
50.000000 38.026986 27.260524 18.543724 12.174579 7.961064 5.427688 4.037601 3.338528 3.014950 2.876531 2.821593 2.801286 2.794273 2.792001 2.791310 2.791111 2.791057 2.791044 2.791040 2.791039 2.791039 2.791039 2.791039 2.791039 2.791039 2.791039 2.791039 2.791039 2.791039 2.791039 2.791039 2.791039 2.791038 2.791036 2.791027 2.790996 2.790888 2.790541 2.789491 2.786509 2.778583 2.758954 2.713844 2.618169 2.432188 2.103940 1.584788 0.862512 0.000000 
50.000000 38.708088 28.553934 20.332623 14.325252 10.350842 7.961064 6.649667 5.990111 5.684795 5.554175 5.502327 5.483161 5.476540 5.474396 5.473743 5.473555 5.473504 5.473491 5.473488 5.473487 5.473487 5.473487 5.473487 5.473487 5.473487 5.473487 5.473487 5.473487 5.473487 5.473487 5.473487 5.473487 5.473486 5.473482 5.473468 5.473418 5.473247 5.472690 5.470993 5.466123 5.453018 5.420063 5.342895 5.175421 4.840670 4.230005 3.227481 1.779041 0.000000 
50.000000 39.840492 30.704473 23.307227 17.901718 14.325252 12.174579 10.994281 10.400599 10.125746 10.008145 9.961458 9.944198 9.938234 9.936303 9.935714 9.935546 9.935500 9.935488 9.935485 9.935484 9.935484 9.935484 9.935484 9.935484 9.935484 9.935484 9.935484 9.935484 9.935484 9.935484 9.935484 9.935484 9.935482 9.935478 9.935459 9.935390 9.935152 9.934378 9.931994 9.925076 9.906208 9.857932 9.742390 9.484582 8.950859 7.933634 6.173220 3.477470 0.000000 
50.000000 41.551718 33.954388 27.802755 23.307227 20.332623 18.543724 17.561875 17.067958 16.839266 16.741403 16.702547 16.688180 16.683216 16.681607 16.681117 16.680977 16.680939 16.680929 16.680926 16.680926 16.680926 16.680926 16.680926 16.680926 16.680926 16.680926 16.680926 16.680926 16.680926 16.680926 16.680925 16.680925 16.680924 16.680918 16.680896 16.680817 16.680540 16.679633 16.676816 16.668550 16.645676 16.586047 16.439784 16.102618 15.373592 13.901377 11.153670 6.536442 0.000000 
50.000000 43.893153 38.401324 33.954388 30.704473 28.553934 27.260524 26.550566 26.193390 26.027995 25.957210 25.929102 25.918708 25.915116 25.913952 25.913598 25.913496 25.913468 25.913461 25.913459 25.913459 25.913459 25.913459 25.913459 25.913459 25.913459 25.913459 25.913459 25.913459 25.913459 25.913459 25.913459 25.913458 25.913457 25.913452 25.913432 25.913359 25.913105 25.912265 25.909636 25.901842 25.879972 25.821893 25.675735 25.326453 24.531253 22.800718 19.200662 12.144837 0.000000 
50.000000 46.784686 43.893153 41.551718 39.840492 38.708088 38.026986 37.653104 37.464994 37.377881 37.340596 37.325790 37.320314 37.318421 37.317808 37.317621 37.317568 37.317553 37.317549 37.317548 37.317548 37.317548 37.317548 37.317548 37.317548 37.317548 37.317548 37.317548 37.317548 37.317548 37.317548 37.317548 37.317548 37.317547 37.317544 37.317532 37.317488 37.317333 37.316819 37.315201 37.310365 37.296650 37.259665 37.164474 36.929048 36.363022 35.015276 31.748316 23.392343 0.000000 
50.000000 50.000000 50.000000 50.000000 50.000000 50.000000 50.000000 50.000000 50.000000 50.000000 50.000000 50.000000 50.000000 50.000000 50.000000 50.000000 50.000000 50.000000 50.000000 50.000000 50.000000 50.000000 50.000000 50.000000 50.000000 50.000000 50.000000 50.000000 50.000000 50.000000 50.000000 50.000000 50.000000 50.000000 50.000000 50.000000 50.000000 50.000000 50.000000 50.000000 50.000000 50.000000 50.000000 50.000000 50.000000 50.000000 50.000000 50.000000 50.000000 50.000000 
