50.000000 50.000000 50.000000 50.000000 50.000000 50.000000 50.000000 50.000000 50.000000 50.000000 50.000000 50.000000 50.000000 50.000000 50.000000 50.000000 50.000000 50.000000 50.000000 50.000000 50.000000 50.000000 50.000000 50.000000 50.000000 50.000000 50.000000 50.000000 50.000000 50.000000 50.000000 50.000000 50.000000 50.000000 50.000000 50.000000 50.000000 50.000000 50.000000 50.000000 50.000000 50.000000 50.000000 50.000000 50.000000 50.000000 50.000000 50.000000 50.000000 50.000000 
50.000000 48.924377 47.885074 46.914731 46.039261 45.275877 44.632455 44.108152 43.695010 43.380120 43.147910 42.982180 42.867663 42.791028 42.741341 42.710116 42.691090 42.679844 42.673394 42.669802 42.667859 42.666837 42.666316 42.666056 42.665929 42.665867 42.665832 42.665803 42.665760 42.665679 42.665512 42.665174 42.664502 42.663193 42.660702 42.656063 42.647604 42.632479 42.605931 42.560092 42.482022 42.350379 42.129468 41.757783 41.123991 40.011193 37.952819 33.816094 24.462189 0.000000 
50.000000 47.885074 45.841559 43.933640 42.212264 40.711279 39.446168 38.415273 37.602947 36.983809 36.527237 36.201380 35.976220 35.825542 35.727847 35.666455 35.629047 35.606936 35.594254 35.587191 35.583371 35.581364 35.580338 35.579827 35.579578 35.579455 35.579388 35.579332 35.579252 35.579098 35.578784 35.578149 35.576887 35.574435 35.569775 35.561114 35.545357 35.517273 35.468174 35.383833 35.241184 35.002956 34.608678 33.958932 32.886510 31.101706 28.088169 22.920780 14.068980 0.000000 
50.000000 46.914731 43.933640 41.150361 38.639215 36.449582 34.604048 33.100192 31.915186 31.012003 30.345972 29.870625 29.542174 29.322374 29.179865 29.090311 29.035744 29.003491 28.984992 28.974690 28.969118 28.966190 28.964693 28.963948 28.963585 28.963407 28.963310 28.963232 28.963122 28.962913 28.962488 28.961630 28.959927 28.956625 28.950367 28.938771 28.917757 28.880481 28.815703 28.705290 28.520431 28.215882 27.721153 26.926924 25.664313 23.674900 20.575180 15.845472 8.961912 0.000000 
50.000000 46.039261 42.212264 38.639215 35.415527 32.604591 30.235401 28.304848 26.783622 25.624189 24.769198 24.158995 23.737366 23.455214 23.272281 23.157324 23.087280 23.045880 23.022134 23.008911 23.001759 22.998000 22.996079 22.995123 22.994658 22.994431 22.994309 22.994213 22.994084 22.993841 22.993350 22.992359 22.990400 22.986610 22.979453 22.966245 22.942426 22.900429 22.827992 22.705683 22.503359 22.175188 21.652866 20.836771 19.585623 17.707764 14.964315 11.110558 6.028067 0.000000 
50.000000 45.275877 40.711279 36.449582 32.604591 29.251915 26.426136 24.123540 22.309167 20.926317 19.906582 19.178809 18.675949 18.339441 18.121268 17.984169 17.900634 17.851261 17.822942 17.807173 17.798644 17.794162 17.791871 17.790732 17.790177 17.789908 17.789765 17.789659 17.789521 17.789266 17.788754 17.787725 17.785695 17.781782 17.774421 17.760902 17.736659 17.694208 17.621596 17.500251 17.302076 16.985754 16.492387 15.741054 14.625958 13.018968 10.785269 7.824769 4.151887 0.000000 
50.000000 44.632455 39.446168 34.604048 30.235401 26.426136 23.215540 20.599393 18.537968 16.966835 15.808270 14.981424 14.410115 14.027807 13.779943 13.624188 13.529287 13.473198 13.441027 13.423114 13.413425 13.408333 13.405731 13.404437 13.403808 13.403504 13.403346 13.403234 13.403097 13.402849 13.402356 13.401369 13.399428 13.395702 13.388722 13.375969 13.353241 13.313729 13.246735 13.135953 12.957329 12.676621 12.247035 11.607770 10.685082 9.398630 7.677124 5.487236 2.874672 0.000000 
50.000000 44.108152 38.415273 33.100192 28.304848 24.123540 20.599393 17.727769 15.465055 13.740524 12.468855 11.561297 10.934229 10.514613 10.242564 10.071615 9.967458 9.905899 9.870592 9.850932 9.840299 9.834711 9.831855 9.830436 9.829746 9.829414 9.829245 9.829133 9.829003 9.828778 9.828333 9.827447 9.825711 9.822392 9.816205 9.804960 9.785045 9.750681 9.692922 9.598393 9.447835 9.214652 8.863885 8.352359 7.631153 6.651982 5.379039 3.806596 1.978684 0.000000 
50.000000 43.695010 37.602947 31.915186 26.783622 22.309167 18.537968 15.465055 13.043752 11.198370 9.837597 8.866460 8.195469 7.746468 7.455372 7.272456 7.161010 7.095143 7.057367 7.036332 7.024956 7.018977 7.015923 7.014404 7.013667 7.013314 7.013138 7.013027 7.012910 7.012716 7.012337 7.011586 7.010121 7.007333 7.002159 6.992806 6.976348 6.948154 6.901167 6.825022 6.705125 6.521876 6.250403 5.861347 5.323413 4.608434 3.699303 2.599992 1.344630 0.000000 
50.000000 43.380120 36.983809 31.012003 25.624189 20.926317 16.966835 13.740524 11.198370 9.260896 7.832230 6.812650 6.108196 5.636808 5.331202 5.139172 5.022173 4.953027 4.913369 4.891288 4.879346 4.873070 4.869864 4.868270 4.867497 4.867128 4.866948 4.866841 4.866739 4.866579 4.866272 4.865668 4.864495 4.862271 4.858165 4.850782 4.837870 4.815907 4.779597 4.721293 4.630448 4.493244 4.292688 4.009507 3.624241 3.120830 2.491572 1.742625 0.898098 0.000000 
50.000000 43.147910 36.527237 30.345972 24.769198 19.906582 15.808270 12.468855 9.837597 7.832230 6.353513 5.298223 4.569103 4.081215 3.764916 3.566168 3.445079 3.373516 3.332473 3.309620 3.297261 3.290766 3.287448 3.285799 3.285000 3.284620 3.284437 3.284335 3.284248 3.284121 3.283884 3.283420 3.282525 3.280835 3.277728 3.272171 3.262510 3.246186 3.219402 3.176756 3.110937 3.012575 2.870461 2.672317 2.406331 2.063515 1.640683 1.143404 0.587818 0.000000 
50.000000 42.982180 36.201380 29.870625 24.158995 19.178809 14.981424 11.561297 8.866460 6.812650 5.298223 4.217456 3.470741 2.971084 2.647157 2.443620 2.319613 2.246327 2.204296 2.180894 2.168238 2.161587 2.158190 2.156501 2.155684 2.155296 2.155112 2.155015 2.154941 2.154843 2.154667 2.154327 2.153673 2.152444 2.150195 2.146194 2.139275 2.127658 2.108728 2.078821 2.033054 1.965293 1.868376 1.734689 1.557213 1.331003 1.054922 0.733206 0.376249 0.000000 
50.000000 42.867663 35.976220 29.542174 23.737366 18.675949 14.410115 10.934229 8.195469 6.108196 4.569103 3.470741 2.711874 2.204089 1.874897 1.668052 1.542032 1.467556 1.424844 1.401062 1.388201 1.381443 1.377991 1.376275 1.375445 1.375052 1.374867 1.374774 1.374711 1.374638 1.374512 1.374272 1.373814 1.372957 1.371396 1.368632 1.363876 1.355937 1.343083 1.322917 1.292289 1.247315 1.183548 1.096386 0.981741 0.836937 0.661693 0.458947 0.235185 0.000000 
50.000000 42.791028 35.825542 29.322374 23.455214 18.339441 14.027807 10.514613 7.746468 5.636808 4.081215 2.971084 2.204089 1.690870 1.358156 1.149100 1.021733 0.946463 0.903295 0.879259 0.866262 0.859431 0.855942 0.854209 0.853370 0.852974 0.852789 0.852700 0.852645 0.852591 0.852503 0.852341 0.852032 0.851458 0.850416 0.848579 0.845435 0.840213 0.831808 0.818705 0.798938 0.770120 0.729568 0.674566 0.602782 0.512789 0.404617 0.280185 0.143425 0.000000 
50.000000 42.741341 35.727847 29.179865 23.272281 18.121268 13.779943 10.242564 7.455372 5.331202 3.764916 2.647157 1.874897 1.358156 1.023161 0.812673 0.684434 0.608649 0.565186 0.540986 0.527900 0.521023 0.517510 0.515765 0.514921 0.514523 0.514338 0.514251 0.514203 0.514162 0.514103 0.513997 0.513797 0.513426 0.512757 0.511581 0.509577 0.506266 0.500964 0.492744 0.480420 0.462566 0.437605 0.403973 0.360366 0.306036 0.241094 0.166733 0.085277 0.000000 
50.000000 42.710116 35.666455 29.090311 23.157324 17.984169 13.624188 10.071615 7.272456 5.139172 3.566168 2.443620 1.668052 1.149100 0.812673 0.601285 0.472500 0.396391 0.352743 0.328440 0.315298 0.308393 0.304865 0.303112 0.302265 0.301866 0.301681 0.301596 0.301553 0.301521 0.301482 0.301414 0.301289 0.301058 0.300643 0.299916 0.298684 0.296656 0.293425 0.288441 0.281007 0.270298 0.255411 0.235466 0.209748 0.177871 0.139944 0.096680 0.049414 0.000000 
50.000000 42.691090 35.629047 29.035744 23.087280 17.900634 13.529287 9.967458 7.161010 5.022174 3.445079 2.319614 1.542032 1.021734 0.684435 0.472500 0.343381 0.267076 0.223315 0.198950 0.185774 0.178851 0.175314 0.173557 0.172707 0.172307 0.172123 0.172039 0.171999 0.171974 0.171947 0.171906 0.171830 0.171691 0.171442 0.171009 0.170276 0.169075 0.167170 0.164245 0.159903 0.153677 0.145066 0.133586 0.118852 0.100669 0.079119 0.054612 0.027897 0.000000 
50.000000 42.679844 35.606936 29.003491 23.045880 17.851261 13.473198 9.905899 7.095144 4.953027 3.373516 2.246327 1.467557 0.946463 0.608649 0.396391 0.267076 0.190655 0.146827 0.122426 0.109230 0.102296 0.098754 0.096994 0.096143 0.095743 0.095559 0.095476 0.095437 0.095416 0.095398 0.095373 0.095328 0.095247 0.095103 0.094853 0.094431 0.093743 0.092655 0.090992 0.088533 0.085023 0.080189 0.073771 0.065567 0.055481 0.043565 0.030049 0.015343 0.000000 
50.000000 42.673394 35.594254 28.984993 23.022135 17.822943 13.441028 9.870593 7.057368 4.913371 3.332474 2.204298 1.424845 0.903296 0.565187 0.352744 0.223316 0.146828 0.102963 0.078540 0.065333 0.058393 0.054848 0.053087 0.052235 0.051835 0.051651 0.051568 0.051531 0.051512 0.051500 0.051484 0.051458 0.051413 0.051332 0.051192 0.050957 0.050575 0.049973 0.049055 0.047705 0.045783 0.043147 0.039661 0.035220 0.029776 0.023363 0.016105 0.008220 0.000000 
50.000000 42.669802 35.587193 28.974692 23.008913 17.807176 13.423117 9.850935 7.036335 4.891292 3.309624 2.180898 1.401066 0.879263 0.540990 0.328445 0.198954 0.122429 0.078543 0.054108 0.040894 0.033951 0.030404 0.028642 0.027791 0.027390 0.027206 0.027124 0.027087 0.027070 0.027060 0.027051 0.027036 0.027011 0.026967 0.026891 0.026764 0.026558 0.026235 0.025744 0.025023 0.024002 0.022605 0.020763 0.018425 0.015566 0.012205 0.008409 0.004291 0.000000 
50.000000 42.667860 35.583375 28.969123 23.001765 17.798651 13.413433 9.840307 7.024965 4.879355 3.297271 2.168248 1.388211 0.866272 0.527910 0.315309 0.185784 0.109240 0.065342 0.040901 0.027684 0.020738 0.017191 0.015428 0.014576 0.014176 0.013992 0.013910 0.013873 0.013857 0.013849 0.013843 0.013835 0.013821 0.013798 0.013758 0.013692 0.013584 0.013415 0.013160 0.012786 0.012258 0.011538 0.010591 0.009392 0.007930 0.006215 0.004280 0.002183 0.000000 
50.000000 42.666841 35.581371 28.966201 22.998014 17.794179 13.408352 9.834732 7.019000 4.873093 3.290790 2.161612 1.381468 0.859457 0.521049 0.308418 0.178876 0.102321 0.058417 0.033972 0.020754 0.013808 0.010259 0.008497 0.007645 0.007244 0.007060 0.006978 0.006942 0.006926 0.006919 0.006915 0.006910 0.006903 0.006891 0.006870 0.006836 0.006782 0.006696 0.006566 0.006378 0.006112 0.005750 0.005275 0.004675 0.003945 0.003090 0.002127 0.001085 0.000000 
50.000000 42.666325 35.580356 28.964720 22.996113 17.791912 13.405777 9.831906 7.015976 4.869920 3.287506 2.158249 1.378050 0.856003 0.517571 0.304926 0.175375 0.098814 0.054907 0.030461 0.017242 0.010295 0.006747 0.004984 0.004132 0.003731 0.003547 0.003465 0.003429 0.003414 0.003407 0.003404 0.003401 0.003397 0.003391 0.003381 0.003363 0.003336 0.003293 0.003229 0.003135 0.003003 0.002824 0.002589 0.002293 0.001934 0.001515 0.001042 0.000531 0.000000 
50.000000 42.666078 35.579870 28.964011 22.995204 17.790827 13.404545 9.830554 7.014529 4.868401 3.285935 2.156639 1.376415 0.854350 0.515907 0.303255 0.173700 0.097136 0.053228 0.028781 0.015561 0.008614 0.005066 0.003303 0.002451 0.002050 0.001866 0.001784 0.001749 0.001733 0.001727 0.001724 0.001722 0.001720 0.001716 0.001711 0.001702 0.001688 0.001666 0.001633 0.001585 0.001518 0.001426 0.001307 0.001157 0.000976 0.000764 0.000525 0.000268 0.000000 
50.000000 42.665979 35.579677 28.963729 22.994842 17.790396 13.404055 9.830016 7.013954 4.867797 3.285310 2.155999 1.375765 0.853693 0.515246 0.302590 0.173033 0.096469 0.052560 0.028113 0.014893 0.007946 0.004398 0.002635 0.001783 0.001382 0.001198 0.001116 0.001080 0.001065 0.001059 0.001056 0.001054 0.001053 0.001050 0.001047 0.001042 0.001033 0.001019 0.000999 0.000969 0.000928 0.000872 0.000799 0.000707 0.000596 0.000466 0.000321 0.000163 0.000000 
50.000000 42.665979 35.579677 28.963729 22.994842 17.790396 13.404055 9.830016 7.013954 4.867797 3.285310 2.155999 1.375765 0.853693 0.515246 0.302590 0.173033 0.096469 0.052560 0.028113 0.014893 0.007946 0.004398 0.002635 0.001783 0.001382 0.001198 0.001116 0.001080 0.001065 0.001059 0.001056 0.001054 0.001053 0.001050 0.001047 0.001042 0.001033 0.001019 0.000999 0.000969 0.000928 0.000872 0.000799 0.000707 0.000596 0.000466 0.000321 0.000163 0.000000 
50.000000 42.666078 35.579870 28.964011 22.995204 17.790827 13.404545 9.830554 7.014529 4.868401 3.285935 2.156639 1.376415 0.854350 0.515907 0.303255 0.173700 0.097136 0.053228 0.028781 0.015561 0.008614 0.005066 0.003303 0.002451 0.002050 0.001866 0.001784 0.001749 0.001733 0.001727 0.001724 0.001722 0.001720 0.001716 0.001711 0.001702 0.001688 0.001666 0.001633 0.001585 0.001518 0.001426 0.001307 0.001157 0.000976 0.000764 0.000525 0.000268 0.000000 
50.000000 42.666325 35.580356 28.964720 22.996113 17.791912 13.405777 9.831906 7.015976 4.869920 3.287506 2.158249 1.378050 0.856003 0.517571 0.304926 0.175375 0.098814 0.054907 0.030461 0.017242 0.010295 0.006747 0.004984 0.004132 0.003731 0.003547 0.003465 0.003429 0.003414 0.003407 0.003404 0.003401 0.003397 0.003391 0.003381 0.003363 0.003336 0.003293 0.003229 0.003135 0.003003 0.002824 0.002589 0.002293 0.001934 0.001515 0.001042 0.000531 0.000000 
50.000000 42.666841 35.581371 28.966201 22.998014 17.794179 13.408352 9.834732 7.019000 4.873093 3.290790 2.161612 1.381468 0.859457 0.521049 0.308418 0.178876 0.102321 0.058417 0.033972 0.020754 0.013808 0.010259 0.008497 0.007645 0.007244 0.007060 0.006978 0.006942 0.006926 0.006919 0.006915 0.006910 0.006903 0.006891 0.006870 0.006836 0.006782 0.006696 0.006566 0.006378 0.006112 0.005750 0.005275 0.004675 0.003945 0.003090 0.002127 0.001085 0.000000 
50.000000 42.667860 35.583375 28.969123 23.001765 17.798651 13.413433 9.840307 7.024965 4.879355 3.297271 2.168248 1.388211 0.866272 0.527910 0.315309 0.185784 0.109240 0.065342 0.040901 0.027684 0.020738 0.017191 0.015428 0.014576 0.014176 0.013992 0.013910 0.013873 0.013857 0.013849 0.013843 0.013835 0.013821 0.013798 0.013758 0.013692 0.013584 0.013415 0.013160 0.012786 0.012258 0.011538 0.010591 0.009392 0.007930 0.006215 0.004280 0.002183 0.000000 
50.000000 42.669802 35.587193 28.974692 23.008913 17.807176 13.423117 9.850935 7.036335 4.891292 3.309624 2.180898 1.401066 0.879263 0.540990 0.328445 0.198954 0.122429 0.078543 0.054108 0.040894 0.033951 0.030404 0.028642 0.027791 0.027390 0.027206 0.027124 0.027087 0.027070 0.027060 0.027051 0.027036 0.027011 0.026967 0.026891 0.026764 0.026558 0.026235 0.025744 0.025023 0.024002 0.022605 0.020763 0.018425 0.015566 0.012205 0.008409 0.004291 0.000000 
50.000000 42.673394 35.594254 28.984993 23.022135 17.822943 13.441028 9.870593 7.057368 4.913371 3.332474 2.204298 1.424845 0.903296 0.565187 0.352744 0.223316 0.146828 0.102963 0.078540 0.065333 0.058393 0.054848 0.053087 0.052235 0.051835 0.051651 0.051568 0.051531 0.051512 0.051500 0.051484 0.051458 0.051413 0.051332 0.051192 0.050957 0.050575 0.049973 0.049055 0.047705 0.045783 0.043147 0.039661 0.035220 0.029776 0.023363 0.016105 0.008220 0.000000 
50.000000 42.679844 35.606936 29.003491 23.045880 17.851261 13.473198 9.905899 7.095144 4.953027 3.373516 2.246327 1.467557 0.946463 0.608649 0.396391 0.267076 0.190655 0.146827 0.122426 0.109230 0.102296 0.098754 0.096994 0.096143 0.095743 0.095559 0.095476 0.095437 0.095416 0.095398 0.095373 0.095328 0.095247 0.095103 0.094853 0.094431 0.093743 0.092655 0.090992 0.088533 0.085023 0.080189 0.073771 0.065567 0.055481 0.043565 0.030049 0.015343 0.000000 
50.000000 42.691090 35.629047 29.035744 23.087280 17.900634 13.529287 9.967458 7.161010 5.022174 3.445079 2.319614 1.542032 1.021734 0.684435 0.472500 0.343381 0.267076 0.223315 0.198950 0.185774 0.178851 0.175314 0.173557 0.172707 0.172307 0.172123 0.172039 0.171999 0.171974 0.171947 0.171906 0.171830 0.171691 0.171442 0.171009 0.170276 0.169075 0.167170 0.164245 0.159903 0.153677 0.145066 0.133586 0.118852 0.100669 0.079119 0.054612 0.027897 0.000000 
50.000000 42.710116 35.666455 29.090311 23.157324 17.984169 13.624188 10.071615 7.272456 5.139172 3.566168 2.443620 1.668052 1.149100 0.812673 0.601285 0.472500 0.396391 0.352743 0.328440 0.315298 0.308393 0.304865 0.303112 0.302265 0.301866 0.301681 0.301596 0.301553 0.301521 0.301482 0.301414 0.301289 0.301058 0.300643 0.299916 0.298684 0.296656 0.293425 0.288441 0.281007 0.270298 0.255411 0.235466 0.209748 0.177871 0.139944 0.096680 0.049414 0.000000 
50.000000 42.741341 35.727847 29.179865 23.272281 18.121268 13.779943 10.242564 7.455372 5.331202 3.764916 2.647157 1.874897 1.358156 1.023161 0.812673 0.684434 0.608649 0.565186 0.540986 0.527900 0.521023 0.517510 0.515765 0.514921 0.514523 0.514338 0.514251 0.514203 0.514162 0.514103 0.513997 0.513797 0.513426 0.512757 0.511581 0.509577 0.506266 0.500964 0.492744 0.480420 0.462566 0.437605 0.403973 0.360366 0.306036 0.241094 0.166733 0.085277 0.000000 
50.000000 42.791028 35.825542 29.322374 23.455214 18.339441 14.027807 10.514613 7.746468 5.636808 4.081215 2.971084 2.204089 1.690870 1.358156 1.149100 1.021733 0.946463 0.903295 0.879259 0.866262 0.859431 0.855942 0.854209 0.853370 0.852974 0.852789 0.852700 0.852645 0.852591 0.852503 0.852341 0.852032 0.851458 0.850416 0.848579 0.845435 0.840213 0.831808 0.818705 0.798938 0.770120 0.729568 0.674566 0.602782 0.512789 0.404617 0.280185 0.143425 0.000000 
50.000000 42.867663 35.976220 29.542174 23.737366 18.675949 14.410115 10.934229 8.195469 6.108196 4.569103 3.470741 2.711874 2.204089 1.874897 1.668052 1.542032 1.467556 1.424844 1.401062 1.388201 1.381443 1.377991 1.376275 1.375445 1.375052 1.374867 1.374774 1.374711 1.374638 1.374512 1.374272 1.373814 1.372957 1.371396 1.368632 1.363876 1.355937 1.343083 1.322917 1.292289 1.247315 1.183548 1.096386 0.981741 0.836937 0.661693 0.458947 0.235185 0.000000 
50.000000 42.982180 36.201380 29.870625 24.158995 19.178809 14.981424 11.561297 8.866460 6.812650 5.298223 4.217456 3.470741 2.971084 2.647157 2.443620 2.319613 2.246327 2.204296 2.180894 2.168238 2.161587 2.158190 2.156501 2.155684 2.155296 2.155112 2.155015 2.154941 2.154843 2.154667 2.154327 2.153673 2.152444 2.150195 2.146194 2.139275 2.127658 2.108728 2.078821 2.033054 1.965293 1.868376 1.734689 1.557213 1.331003 1.054922 0.733206 0.376249 0.000000 
50.000000 43.147910 36.527237 30.345972 24.769198 19.906582 15.808270 12.468855 9.837597 7.832230 6.353513 5.298223 4.569103 4.081215 3.764916 3.566168 3.445079 3.373516 3.332473 3.309620 3.297261 3.290766 3.287448 3.285799 3.285000 3.284620 3.284437 3.284335 3.284248 3.284121 3.283884 3.283420 3.282525 3.280835 3.277728 3.272171 3.262510 3.246186 3.219402 3.176756 3.110937 3.012575 2.870461 2.672317 2.406331 2.063515 1.640683 1.143404 0.587818 0.000000 
50.000000 43.380120 36.983809 31.012003 25.624189 20.926317 16.966835 13.740524 11.198370 9.260896 7.832230 6.812650 6.108196 5.636808 5.331202 5.139172 5.022173 4.953027 4.913369 4.891288 4.879346 4.873070 4.869864 4.868270 4.867497 4.867128 4.866948 4.866841 4.866739 4.866579 4.866272 4.865668 4.864495 4.862271 4.858165 4.850782 4.837870 4.815907 4.779597 4.721293 4.630448 4.493244 4.292688 4.009507 3.624241 3.120830 2.491572 1.742625 0.898098 0.000000 
50.000000 43.695010 37.602947 31.915186 26.783622 22.309167 18.537968 15.465055 13.043752 11.198370 9.837597 8.866460 8.195469 7.746468 7.455372 7.272456 7.161010 7.095143 7.057367 7.036332 7.024956 7.018977 7.015923 7.014404 7.013667 7.013314 7.013138 7.013027 7.012910 7.012716 7.012337 7.011586 7.010121 7.007333 7.002159 6.992806 6.976348 6.948154 6.901167 6.825022 6.705125 6.521876 6.250403 5.861347 5.323413 4.608434 3.699303 2.599992 1.344630 0.000000 
50.000000 44.108152 38.415273 33.100192 28.304848 24.123540 20.599393 17.727769 15.465055 13.740524 12.468855 11.561297 10.934229 10.514613 10.242564 10.071615 9.967458 9.905899 9.870592 9.850932 9.840299 9.834711 9.831855 9.830436 9.829746 9.829414 9.829245 9.829133 9.829003 9.828778 9.828333 9.827447 9.825711 9.822392 9.816205 9.804960 9.785045 9.750681 9.692922 9.598393 9.447835 9.214652 8.863885 8.352359 7.631153 6.651982 5.379039 3.806596 1.978684 0.000000 
50.000000 44.632455 39.446168 34.604048 30.235401 26.426136 23.215540 20.599393 18.537968 16.966835 15.808270 14.981424 14.410115 14.027807 13.779943 13.624188 13.529287 13.473198 13.441027 13.423114 13.413425 13.408333 13.405731 13.404437 13.403808 13.403504 13.403346 13.403234 13.403097 13.402849 13.402356 13.401369 13.399428 13.395702 13.388722 13.375969 13.353241 13.313729 13.246735 13.135953 12.957329 12.676621 12.247035 11.607770 10.685082 9.398630 7.677124 5.487236 2.874672 0.000000 
50.000000 45.275877 40.711279 36.449582 32.604591 29.251915 26.426136 24.123540 22.309167 20.926317 19.906582 19.178809 18.675949 18.339441 18.121268 17.984169 17.900634 17.851261 17.822942 17.807173 17.798644 17.794162 17.791871 17.790732 17.790177 17.789908 17.789765 17.789659 17.789521 17.789266 17.788754 17.787725 17.785695 17.781782 17.774421 17.760902 17.736659 17.694208 17.621596 17.500251 17.302076 16.985754 16.492387 15.741054 14.625958 13.018968 10.785269 7.824769 4.151887 0.000000 
50.000000 46.039261 42.212264 38.639215 35.415527 32.604591 30.235401 28.304848 26.783622 25.624189 24.769198 24.158995 23.737366 23.455214 23.272281 23.157324 23.087280 23.045880 23.022134 23.008911 23.001759 22.998000 22.996079 22.995123 22.994658 22.994431 22.994309 22.994213 22.994084 22.993841 22.993350 22.992359 22.990400 22.986610 22.979453 22.966245 22.942426 22.900429 22.827992 22.705683 22.503359 22.175188 21.652866 20.836771 19.585623 17.707764 14.964315 11.110558 6.028067 0.000000 
50.000000 46.914731 43.933640 41.150361 38.639215 36.449582 34.604048 33.100192 31.915186 31.012003 30.345972 29.870625 29.542174 29.322374 29.179865 29.090311 29.035744 29.003491 28.984992 28.974690 28.969118 28.966190 28.964693 28.963948 28.963585 28.963407 28.963310 28.963232 28.963122 28.962913 28.962488 28.961630 28.959927 28.956625 28.950367 28.938771 28.917757 28.880481 28.815703 28.705290 28.520431 28.215882 27.721153 26.926924 25.664313 23.674900 20.575180 15.845472 8.961912 0.000000 
50.000000 47.885074 45.841559 43.933640 42.212264 40.711279 39.446168 38.415273 37.602947 36.983809 36.527237 36.201380 35.976220 35.825542 35.727847 35.666455 35.629047 35.606936 35.594254 35.587191 35.583371 35.581364 35.580338 35.579827 35.579578 35.579455 35.579388 35.579332 35.579252 35.579098 35.578784 35.578149 35.576887 35.574435 35.569775 35.561114 35.545357 35.517273 35.468174 35.383833 35.241184 35.002956 34.608678 33.958932 32.886510 31.101706 28.088169 22.920780 14.068980 0.000000 
50.000000 48.924377 47.885074 46.914731 46.039261 45.275877 44.632455 44.108152 43.695010 43.380120 43.147910 42.982180 42.867663 42.791028 42.741341 42.710116 42.691090 42.679844 42.673394 42.669802 42.667859 42.666837 42.666316 42.666056 42.665929 42.665867 42.665832 42.665803 42.665760 42.665679 42.665512 42.665174 42.664502 42.663193 42.660702 42.656063 42.647604 42.632479 42.605931 42.560092 42.482022 42.350379 42.129468 41.757783 41.123991 40.011193 37.952819 33.816094 24.462189 0.000000 
50.000000 50.000000 50.000000 50.000000 50.000000 50.000000 50.000000 50.000000 50.000000 50.000000 50.000000 50.000000 50.000000 50.000000 50.000000 50.000000 50.000000 50.000000 50.000000 50.000000 50.000000 50.000000 50.000000 50.000000 50.000000 50.000000 50.000000 50.000000 50.000000 50.000000 50.000000 50.000000 50.000000 50.000000 50.000000 50.000000 50.000000 50.000000 50.000000 50.000000 50.000000 50.000000 50.000000 50.000000 50.000000 50.000000 50.000000 50.000000 50.000000 50.000000 
