50.000000 50.000000 50.000000 50.000000 50.000000 50.000000 50.000000 50.000000 50.000000 50.000000 50.000000 50.000000 50.000000 50.000000 50.000000 50.000000 50.000000 50.000000 50.000000 50.000000 50.000000 50.000000 50.000000 50.000000 50.000000 50.000000 50.000000 50.000000 50.000000 50.000000 50.000000 50.000000 50.000000 50.000000 50.000000 50.000000 50.000000 50.000000 50.000000 50.000000 50.000000 50.000000 50.000000 50.000000 50.000000 50.000000 50.000000 50.000000 50.000000 50.000000 
50.000000 45.899582 42.325033 39.600995 37.777225 36.697616 36.128548 35.859535 35.744691 35.700126 35.684312 35.679151 35.677595 35.677160 35.677046 35.677018 35.677012 35.677011 35.677010 35.677010 35.677010 35.677010 35.677010 35.677010 35.677010 35.677010 35.677010 35.677010 35.677010 35.677010 35.677010 35.677010 35.677010 35.677010 35.677010 35.677008 35.677001 35.676971 35.676845 35.676366 35.674638 35.668783 35.650129 35.594161 35.435272 35.004640 33.872693 30.913821 22.949791 0.000000 
50.000000 42.325033 35.634528 30.536172 27.123009 25.102707 24.037902 23.534597 23.319760 23.236403 23.206828 23.197179 23.194269 23.193455 23.193243 23.193191 23.193179 23.193176 23.193176 23.193176 23.193176 23.193176 23.193176 23.193176 23.193176 23.193176 23.193176 23.193176 23.193176 23.193176 23.193176 23.193176 23.193176 23.193176 23.193175 23.193173 23.193162 23.193114 23.192921 23.192185 23.189555 23.180741 23.153102 23.072048 22.849763 22.279152 20.906492 17.817264 11.411212 0.000000 
50.000000 39.600995 30.536172 23.628978 19.005303 16.268809 14.826736 14.145214 13.854355 13.741522 13.701496 13.688440 13.684504 13.683403 13.683116 13.683046 13.683030 13.683026 13.683026 13.683025 13.683025 13.683025 13.683025 13.683025 13.683025 13.683025 13.683025 13.683025 13.683025 13.683025 13.683025 13.683025 13.683025 13.683025 13.683025 13.683022 13.683011 13.682964 13.682773 13.682051 13.679497 13.671052 13.645043 13.570646 13.373590 12.892225 11.814489 9.629680 5.728302 0.000000 
50.000000 37.777225 27.123009 19.005303 13.571858 10.356515 8.662350 7.861825 7.520238 7.387753 7.340765 7.325442 7.320824 7.319532 7.319195 7.319113 7.319094 7.319090 7.319089 7.319089 7.319089 7.319089 7.319089 7.319089 7.319089 7.319089 7.319089 7.319089 7.319089 7.319089 7.319089 7.319089 7.319089 7.319089 7.319088 7.319086 7.319078 7.319041 7.318896 7.318351 7.316442 7.310214 7.291367 7.238682 7.103332 6.785929 6.113078 4.843856 2.772586 0.000000 
50.000000 36.697616 25.102707 16.268809 10.356515 6.858192 5.015164 4.144425 3.772937 3.628879 3.577796 3.561139 3.556121 3.554717 3.554351 3.554262 3.554241 3.554237 3.554236 3.554236 3.554236 3.554236 3.554236 3.554236 3.554236 3.554236 3.554236 3.554236 3.554236 3.554236 3.554236 3.554236 3.554236 3.554236 3.554235 3.554234 3.554229 3.554206 3.554115 3.553776 3.552599 3.548810 3.537520 3.506582 3.429096 3.253184 2.895219 2.252944 1.262344 0.000000 
50.000000 36.128548 24.037902 14.826736 8.662350 5.015164 3.093896 2.186290 1.799119 1.648998 1.595772 1.578419 1.573191 1.571729 1.571348 1.571255 1.571234 1.571229 1.571228 1.571228 1.571228 1.571228 1.571228 1.571228 1.571228 1.571228 1.571228 1.571228 1.571228 1.571228 1.571228 1.571228 1.571228 1.571228 1.571228 1.571227 1.571225 1.571212 1.571163 1.570983 1.570364 1.568390 1.562587 1.546948 1.508582 1.423669 1.256090 0.965854 0.534387 0.000000 
50.000000 35.859535 23.534597 14.145214 7.861825 4.144425 2.186290 1.261332 0.866788 0.713821 0.659590 0.641911 0.636586 0.635096 0.634708 0.634614 0.634592 0.634587 0.634586 0.634586 0.634586 0.634586 0.634586 0.634586 0.634586 0.634586 0.634586 0.634586 0.634586 0.634586 0.634586 0.634586 0.634586 0.634586 0.634586 0.634586 0.634584 0.634579 0.634556 0.634472 0.634187 0.633285 0.630666 0.623703 0.606904 0.570457 0.500171 0.381496 0.209405 0.000000 
50.000000 35.744691 23.319760 13.854355 7.520238 3.772937 1.799119 0.866788 0.469116 0.314943 0.260286 0.242470 0.237104 0.235603 0.235212 0.235116 0.235094 0.235090 0.235089 0.235089 0.235089 0.235089 0.235089 0.235089 0.235089 0.235089 0.235089 0.235089 0.235089 0.235089 0.235089 0.235089 0.235089 0.235089 0.235089 0.235088 0.235088 0.235085 0.235076 0.235041 0.234924 0.234558 0.233503 0.230729 0.224127 0.210024 0.183303 0.139019 0.075908 0.000000 
50.000000 35.700126 23.236403 13.741522 7.387753 3.628879 1.648998 0.713821 0.314943 0.160305 0.105486 0.087617 0.082234 0.080729 0.080337 0.080241 0.080219 0.080214 0.080214 0.080213 0.080213 0.080213 0.080213 0.080213 0.080213 0.080213 0.080213 0.080213 0.080213 0.080213 0.080213 0.080213 0.080213 0.080213 0.080213 0.080213 0.080213 0.080212 0.080209 0.080196 0.080153 0.080018 0.079634 0.078634 0.076280 0.071312 0.062026 0.046848 0.025488 0.000000 
50.000000 35.684312 23.206828 13.701496 7.340765 3.577796 1.595772 0.659590 0.260286 0.105486 0.050609 0.032721 0.027333 0.025826 0.025434 0.025338 0.025316 0.025311 0.025310 0.025310 0.025310 0.025310 0.025310 0.025310 0.025310 0.025310 0.025310 0.025310 0.025310 0.025310 0.025310 0.025310 0.025310 0.025310 0.025310 0.025310 0.025310 0.025310 0.025309 0.025304 0.025290 0.025245 0.025118 0.024788 0.024020 0.022414 0.019445 0.014643 0.007946 0.000000 
50.000000 35.679151 23.197179 13.688440 7.325442 3.561139 1.578419 0.641911 0.242470 0.087617 0.032721 0.014828 0.009438 0.007931 0.007538 0.007442 0.007420 0.007415 0.007415 0.007414 0.007414 0.007414 0.007414 0.007414 0.007414 0.007414 0.007414 0.007414 0.007414 0.007414 0.007414 0.007414 0.007414 0.007414 0.007414 0.007414 0.007414 0.007414 0.007414 0.007412 0.007408 0.007394 0.007355 0.007256 0.007025 0.006546 0.005667 0.004258 0.002306 0.000000 
50.000000 35.677595 23.194269 13.684504 7.320824 3.556121 1.573191 0.636586 0.237104 0.082234 0.027333 0.009438 0.004048 0.002540 0.002147 0.002052 0.002030 0.002025 0.002024 0.002024 0.002024 0.002024 0.002024 0.002024 0.002024 0.002024 0.002024 0.002024 0.002024 0.002024 0.002024 0.002024 0.002024 0.002024 0.002024 0.002024 0.002024 0.002024 0.002024 0.002023 0.002022 0.002018 0.002007 0.001979 0.001915 0.001782 0.001541 0.001156 0.000625 0.000000 
50.000000 35.677160 23.193455 13.683403 7.319532 3.554717 1.571729 0.635096 0.235603 0.080729 0.025826 0.007931 0.002540 0.001033 0.000640 0.000544 0.000522 0.000518 0.000517 0.000517 0.000517 0.000517 0.000517 0.000517 0.000517 0.000517 0.000517 0.000517 0.000517 0.000517 0.000517 0.000517 0.000517 0.000517 0.000517 0.000517 0.000517 0.000517 0.000516 0.000516 0.000516 0.000515 0.000512 0.000505 0.000488 0.000454 0.000392 0.000294 0.000159 0.000000 
50.000000 35.677046 23.193243 13.683116 7.319195 3.554351 1.571348 0.634708 0.235212 0.080337 0.025434 0.007538 0.002147 0.000640 0.000247 0.000152 0.000130 0.000125 0.000124 0.000124 0.000124 0.000124 0.000124 0.000124 0.000124 0.000124 0.000124 0.000124 0.000124 0.000124 0.000124 0.000124 0.000124 0.000124 0.000124 0.000124 0.000124 0.000124 0.000124 0.000124 0.000124 0.000123 0.000123 0.000121 0.000117 0.000109 0.000094 0.000070 0.000038 0.000000 
50.000000 35.677018 23.193191 13.683046 7.319113 3.554262 1.571255 0.634614 0.235116 0.080241 0.025338 0.007442 0.002052 0.000544 0.000152 0.000056 0.000034 0.000029 0.000028 0.000028 0.000028 0.000028 0.000028 0.000028 0.000028 0.000028 0.000028 0.000028 0.000028 0.000028 0.000028 0.000028 0.000028 0.000028 0.000028 0.000028 0.000028 0.000028 0.000028 0.000028 0.000028 0.000028 0.000028 0.000027 0.000026 0.000024 0.000021 0.000016 0.000008 0.000000 
50.000000 35.677012 23.193179 13.683030 7.319094 3.554241 1.571234 0.634592 0.235094 0.080219 0.025316 0.007420 0.002030 0.000522 0.000130 0.000034 0.000012 0.000007 0.000006 0.000006 0.000006 0.000006 0.000006 0.000006 0.000006 0.000006 0.000006 0.000006 0.000006 0.000006 0.000006 0.000006 0.000006 0.000006 0.000006 0.000006 0.000006 0.000006 0.000006 0.000006 0.000006 0.000006 0.000006 0.000006 0.000006 0.000005 0.000004 0.000003 0.000002 0.000000 
50.000000 35.677011 23.193176 13.683026 7.319090 3.554237 1.571229 0.634587 0.235090 0.080214 0.025311 0.007415 0.002025 0.000518 0.000125 0.000029 0.000007 0.000002 0.000001 0.000001 0.000001 0.000001 0.000001 0.000001 0.000001 0.000001 0.000001 0.000001 0.000001 0.000001 0.000001 0.000001 0.000001 0.000001 0.000001 0.000001 0.000001 0.000001 0.000001 0.000001 0.000001 0.000001 0.000001 0.000001 0.000001 0.000001 0.000001 0.000001 0.000000 0.000000 
50.000000 35.677010 23.193176 13.683026 7.319089 3.554236 1.571228 0.634586 0.235089 0.080214 0.025310 0.007415 0.002024 0.000517 0.000124 0.000028 0.000006 0.000001 0.000000 0.000000 0.000000 0.000000 0.000000 0.000000 0.000000 0.000000 0.000000 0.000000 0.000000 0.000000 0.000000 0.000000 0.000000 0.000000 0.000000 0.000000 0.000000 0.000000 0.000000 0.000000 0.000000 0.000000 0.000000 0.000000 0.000000 0.000000 0.000000 0.000000 0.000000 0.000000 
50.000000 35.677010 23.193176 13.683025 7.319089 3.554236 1.571228 0.634586 0.235089 0.080213 0.025310 0.007414 0.002024 0.000517 0.000124 0.000028 0.000006 0.000001 0.000000 0.000000 0.000000 0.000000 0.000000 0.000000 0.000000 0.000000 0.000000 0.000000 0.000000 0.000000 0.000000 0.000000 0.000000 0.000000 0.000000 0.000000 0.000000 0.000000 0.000000 0.000000 0.000000 0.000000 0.000000 0.000000 0.000000 0.000000 0.000000 0.000000 0.000000 0.000000 
50.000000 35.677010 23.193176 13.683025 7.319089 3.554236 1.571228 0.634586 0.235089 0.080213 0.025310 0.007414 0.002024 0.000517 0.000124 0.000028 0.000006 0.000001 0.000000 0.000000 0.000000 0.000000 0.000000 0.000000 0.000000 0.000000 0.000000 0.000000 0.000000 0.000000 0.000000 0.000000 0.000000 0.000000 0.000000 0.000000 0.000000 0.000000 0.000000 0.000000 0.000000 0.000000 0.000000 0.000000 0.000000 0.000000 0.000000 0.000000 0.000000 0.000000 
50.000000 35.677010 23.193176 13.683025 7.319089 3.554236 1.571228 0.634586 0.235089 0.080213 0.025310 0.007414 0.002024 0.000517 0.000124 0.000028 0.000006 0.000001 0.000000 0.000000 0.000000 0.000000 0.000000 0.000000 0.000000 0.000000 0.000000 0.000000 0.000000 0.000000 0.000000 0.000000 0.000000 0.000000 0.000000 0.000000 0.000000 0.000000 0.000000 0.000000 0.000000 0.000000 0.000000 0.000000 0.000000 0.000000 0.000000 0.000000 0.000000 0.000000 
50.000000 35.677010 23.193176 13.683025 7.319089 3.554236 1.571228 0.634586 0.235089 0.080213 0.025310 0.007414 0.002024 0.000517 0.000124 0.000028 0.000006 0.000001 0.000000 0.000000 0.000000 0.000000 0.000000 0.000000 0.000000 0.000000 0.000000 0.000000 0.000000 0.000000 0.000000 0.000000 0.000000 0.000000 0.000000 0.000000 0.000000 0.000000 0.000000 0.000000 0.000000 0.000000 0.000000 0.000000 0.000000 0.000000 0.000000 0.000000 0.000000 0.000000 
50.000000 35.677010 23.193176 13.683025 7.319089 3.554236 1.571228 0.634586 0.235089 0.080213 0.025310 0.007414 0.002024 0.000517 0.000124 0.000028 0.000006 0.000001 0.000000 0.000000 0.000000 0.000000 0.000000 0.000000 0.000000 0.000000 0.000000 0.000000 0.000000 0.000000 0.000000 0.000000 0.000000 0.000000 0.000000 0.000000 0.000000 0.000000 0.000000 0.000000 0.000000 0.000000 0.000000 0.000000 0.000000 0.000000 0.000000 0.000000 0.000000 0.000000 
50.000000 35.677010 23.193176 13.683025 7.319089 3.554236 1.571228 0.634586 0.235089 0.080213 0.025310 0.007414 0.002024 0.000517 0.000124 0.000028 0.000006 0.000001 0.000000 0.000000 0.000000 0.000000 0.000000 0.000000 0.000000 0.000000 0.000000 0.000000 0.000000 0.000000 0.000000 0.000000 0.000000 0.000000 0.000000 0.000000 0.000000 0.000000 0.000000 0.000000 0.000000 0.000000 0.000000 0.000000 0.000000 0.000000 0.000000 0.000000 0.000000 0.000000 
50.000000 35.677010 23.193176 13.683025 7.319089 3.554236 1.571228 0.634586 0.235089 0.080213 0.025310 0.007414 0.002024 0.000517 0.000124 0.000028 0.000006 0.000001 0.000000 0.000000 0.000000 0.000000 0.000000 0.000000 0.000000 0.000000 0.000000 0.000000 0.000000 0.000000 0.000000 0.000000 0.000000 0.000000 0.000000 0.000000 0.000000 0.000000 0.000000 0.000000 0.000000 0.000000 0.000000 0.000000 0.000000 0.000000 0.000000 0.000000 0.000000 0.000000 
50.000000 35.677010 23.193176 13.683025 7.319089 3.554236 1.571228 0.634586 0.235089 0.080213 0.025310 0.007414 0.002024 0.000517 0.000124 0.000028 0.000006 0.000001 0.000000 0.000000 0.000000 0.000000 0.000000 0.000000 0.000000 0.000000 0.000000 0.000000 0.000000 0.000000 0.000000 0.000000 0.000000 0.000000 0.000000 0.000000 0.000000 0.000000 0.000000 0.000000 0.000000 0.000000 0.000000 0.000000 0.000000 0.000000 0.000000 0.000000 0.000000 0.000000 
50.000000 35.677010 23.193176 13.683025 7.319089 3.554236 1.571228 0.634586 0.235089 0.080213 0.025310 0.007414 0.002024 0.000517 0.000124 0.000028 0.000006 0.000001 0.000000 0.000000 0.000000 0.000000 0.000000 0.000000 0.000000 0.000000 0.000000 0.000000 0.000000 0.000000 0.000000 0.000000 0.000000 0.000000 0.000000 0.000000 0.000000 0.000000 0.000000 0.000000 0.000000 0.000000 0.000000 0.000000 0.000000 0.000000 0.000000 0.000000 0.000000 0.000000 
50.000000 35.677010 23.193176 13.683025 7.319089 3.554236 1.571228 0.634586 0.235089 0.080213 0.025310 0.007414 0.002024 0.000517 0.000124 0.000028 0.000006 0.000001 0.000000 0.000000 0.000000 0.000000 0.000000 0.000000 0.000000 0.000000 0.000000 0.000000 0.000000 0.000000 0.000000 0.000000 0.000000 0.000000 0.000000 0.000000 0.000000 0.000000 0.000000 0.000000 0.000000 0.000000 0.000000 0.000000 0.000000 0.000000 0.000000 0.000000 0.000000 0.000000 
50.000000 35.677010 23.193176 13.683025 7.319089 3.554236 1.571228 0.634586 0.235089 0.080213 0.025310 0.007414 0.002024 0.000517 0.000124 0.000028 0.000006 0.000001 0.000000 0.000000 0.000000 0.000000 0.000000 0.000000 0.000000 0.000000 0.000000 0.000000 0.000000 0.000000 0.000000 0.000000 0.000000 0.000000 0.000000 0.000000 0.000000 0.000000 0.000000 0.000000 0.000000 0.000000 0.000000 0.000000 0.000000 0.000000 0.000000 0.000000 0.000000 0.000000 
50.000000 35.677010 23.193176 13.683025 7.319089 3.554236 1.571228 0.634586 0.235089 0.080213 0.025310 0.007414 0.002024 0.000517 0.000124 0.000028 0.000006 0.000001 0.000000 0.000000 0.000000 0.000000 0.000000 0.000000 0.000000 0.000000 0.000000 0.000000 0.000000 0.000000 0.000000 0.000000 0.000000 0.000000 0.000000 0.000000 0.000000 0.000000 0.000000 0.000000 0.000000 0.000000 0.000000 0.000000 0.000000 0.000000 0.000000 0.000000 0.000000 0.000000 
50.000000 35.677010 23.193176 13.683026 7.319089 3.554236 1.571228 0.634586 0.235089 0.080214 0.025310 0.007415 0.002024 0.000517 0.000124 0.000028 0.000006 0.000001 0.000000 0.000000 0.000000 0.000000 0.000000 0.000000 0.000000 0.000000 0.000000 0.000000 0.000000 0.000000 0.000000 0.000000 0.000000 0.000000 0.000000 0.000000 0.000000 0.000000 0.000000 0.000000 0.000000 0.000000 0.000000 0.000000 0.000000 0.000000 0.000000 0.000000 0.000000 0.000000 
50.000000 35.677011 23.193176 13.683026 7.319090 3.554237 1.571229 0.634587 0.235090 0.080214 0.025311 0.007415 0.002025 0.000518 0.000125 0.000029 0.000007 0.000002 0.000001 0.000001 0.000001 0.000001 0.000001 0.000001 0.000001 0.000001 0.000001 0.000001 0.000001 0.000001 0.000001 0.000001 0.000001 0.000001 0.000001 0.000001 0.000001 0.000001 0.000001 0.000001 0.000001 0.000001 0.000001 0.000001 0.000001 0.000001 0.000001 0.000001 0.000000 0.000000 
50.000000 35.677012 23.193179 13.683030 7.319094 3.554241 1.571234 0.634592 0.235094 0.080219 0.025316 0.007420 0.002030 0.000522 0.000130 0.000034 0.000012 0.000007 0.000006 0.000006 0.000006 0.000006 0.000006 0.000006 0.000006 0.000006 0.000006 0.000006 0.000006 0.000006 0.000006 0.000006 0.000006 0.000006 0.000006 0.000006 0.000006 0.000006 0.000006 0.000006 0.000006 0.000006 0.000006 0.000006 0.000006 0.000005 0.000004 0.000003 0.000002 0.000000 
50.000000 35.677018 23.193191 13.683046 7.319113 3.554262 1.571255 0.634614 0.235116 0.080241 0.025338 0.007442 0.002052 0.000544 0.000152 0.000056 0.000034 0.000029 0.000028 0.000028 0.000028 0.000028 0.000028 0.000028 0.000028 0.000028 0.000028 0.000028 0.000028 0.000028 0.000028 0.000028 0.000028 0.000028 0.000028 0.000028 0.000028 0.000028 0.000028 0.000028 0.000028 0.000028 0.000028 0.000027 0.000026 0.000024 0.000021 0.000016 0.000008 0.000000 
50.000000 35.677046 23.193243 13.683116 7.319195 3.554351 1.571348 0.634708 0.235212 0.080337 0.025434 0.007538 0.002147 0.000640 0.000247 0.000152 0.000130 0.000125 0.000124 0.000124 0.000124 0.000124 0.000124 0.000124 0.000124 0.000124 0.000124 0.000124 0.000124 0.000124 0.000124 0.000124 0.000124 0.000124 0.000124 0.000124 0.000124 0.000124 0.000124 0.000124 0.000124 0.000123 0.000123 0.000121 0.000117 0.000109 0.000094 0.000070 0.000038 0.000000 
50.000000 35.677160 23.193455 13.683403 7.319532 3.554717 1.571729 0.635096 0.235603 0.080729 0.025826 0.007931 0.002540 0.001033 0.000640 0.000544 0.000522 0.000518 0.000517 0.000517 0.000517 0.000517 0.000517 0.000517 0.000517 0.000517 0.000517 0.000517 0.000517 0.000517 0.000517 0.000517 0.000517 0.000517 0.000517 0.000517 0.000517 0.000517 0.000516 0.000516 0.000516 0.000515 0.000512 0.000505 0.000488 0.000454 0.000392 0.000294 0.000159 0.000000 
50.000000 35.677595 23.194269 13.684504 7.320824 3.556121 1.573191 0.636586 0.237104 0.082234 0.027333 0.009438 0.004048 0.002540 0.002147 0.002052 0.002030 0.002025 0.002024 0.002024 0.002024 0.002024 0.002024 0.002024 0.002024 0.002024 0.002024 0.002024 0.002024 0.002024 0.002024 0.002024 0.002024 0.002024 0.002024 0.002024 0.002024 0.002024 0.002024 0.002023 0.002022 0.002018 0.002007 0.001979 0.001915 0.001782 0.001541 0.001156 0.000625 0.000000 
50.000000 35.679151 23.197179 13.688440 7.325442 3.561139 1.578419 0.641911 0.242470 0.087617 0.032721 0.014828 0.009438 0.007931 0.007538 0.007442 0.007420 0.007415 0.007415 0.007414 0.007414 0.007414 0.007414 0.007414 0.007414 0.007414 0.007414 0.007414 0.007414 0.007414 0.007414 0.007414 0.007414 0.007414 0.007414 0.007414 0.007414 0.007414 0.007414 0.007412 0.007408 0.007394 0.007355 0.007256 0.007025 0.006546 0.005667 0.004258 0.002306 0.000000 
50.000000 35.684312 23.206828 13.701496 7.340765 3.577796 1.595772 0.659590 0.260286 0.105486 0.050609 0.032721 0.027333 0.025826 0.025434 0.025338 0.025316 0.025311 0.025310 0.025310 0.025310 0.025310 0.025310 0.025310 0.025310 0.025310 0.025310 0.025310 0.025310 0.025310 0.025310 0.025310 0.025310 0.025310 0.025310 0.025310 0.025310 0.025310 0.025309 0.025304 0.025290 0.025245 0.025118 0.024788 0.024020 0.022414 0.019445 0.014643 0.007946 0.000000 
50.000000 35.700126 23.236403 13.741522 7.387753 3.628879 1.648998 0.713821 0.314943 0.160305 0.105486 0.087617 0.082234 0.080729 0.080337 0.080241 0.080219 0.080214 0.080214 0.080213 0.080213 0.080213 0.080213 0.080213 0.080213 0.080213 0.080213 0.080213 0.080213 0.080213 0.080213 0.080213 0.080213 0.080213 0.080213 0.080213 0.080213 0.080212 0.080209 0.080196 0.080153 0.080018 0.079634 0.078634 0.076280 0.071312 0.062026 0.046848 0.025488 0.000000 
50.000000 35.744691 23.319760 13.854355 7.520238 3.772937 1.799119 0.866788 0.469116 0.314943 0.260286 0.242470 0.237104 0.235603 0.235212 0.235116 0.235094 0.235090 0.235089 0.235089 0.235089 0.235089 0.235089 0.235089 0.235089 0.235089 0.235089 0.235089 0.235089 0.235089 0.235089 0.235089 0.235089 0.235089 0.235089 0.235088 0.235088 0.235085 0.235076 0.235041 0.234924 0.234558 0.233503 0.230729 0.224127 0.210024 0.183303 0.139019 0.075908 0.000000 
50.000000 35.859535 23.534597 14.145214 7.861825 4.144425 2.186290 1.261332 0.866788 0.713821 0.659590 0.641911 0.636586 0.635096 0.634708 0.634614 0.634592 0.634587 0.634586 0.634586 0.634586 0.634586 0.634586 0.634586 0.634586 0.634586 0.634586 0.634586 0.634586 0.634586 0.634586 0.634586 0.634586 0.634586 0.634586 0.634586 0.634584 0.634579 0.634556 0.634472 0.634187 0.633285 0.630666 0.623703 0.606904 0.570457 0.500171 0.381496 0.209405 0.000000 
50.000000 36.128548 24.037902 14.826736 8.662350 5.015164 3.093896 2.186290 1.799119 1.648998 1.595772 1.578419 1.573191 1.571729 1.571348 1.571255 1.571234 1.571229 1.571228 1.571228 1.571228 1.571228 1.571228 1.571228 1.571228 1.571228 1.571228 1.571228 1.571228 1.571228 1.571228 1.571228 1.571228 1.571228 1.571228 1.571227 1.571225 1.571212 1.571163 1.570983 1.570364 1.568390 1.562587 1.546948 1.508582 1.423669 1.256090 0.965854 0.534387 0.000000 
50.000000 36.697616 25.102707 16.268809 10.356515 6.858192 5.015164 4.144425 3.772937 3.628879 3.577796 3.561139 3.556121 3.554717 3.554351 3.554262 3.554241 3.554237 3.554236 3.554236 3.554236 3.554236 3.554236 3.554236 3.554236 3.554236 3.554236 3.554236 3.554236 3.554236 3.554236 3.554236 3.554236 3.554236 3.554235 3.554234 3.554229 3.554206 3.554115 3.553776 3.552599 3.548810 3.537520 3.506582 3.429096 3.253184 2.895219 2.252944 1.262344 0.000000 
50.000000 37.777225 27.123009 19.005303 13.571858 10.356515 8.662350 7.861825 7.520238 7.387753 7.340765 7.325442 7.320824 7.319532 7.319195 7.319113 7.319094 7.319090 7.319089 7.319089 7.319089 7.319089 7.319089 7.319089 7.319089 7.319089 7.319089 7.319089 7.319089 7.319089 7.319089 7.319089 7.319089 7.319089 7.319088 7.319086 7.319078 7.319041 7.318896 7.318351 7.316442 7.310214 7.291367 7.238682 7.103332 6.785929 6.113078 4.843856 2.772586 0.000000 
50.000000 39.600995 30.536172 23.628978 19.005303 16.268809 14.826736 14.145214 13.854355 13.741522 13.701496 13.688440 13.684504 13.683403 13.683116 13.683046 13.683030 13.683026 13.683026 13.683025 13.683025 13.683025 13.683025 13.683025 13.683025 13.683025 13.683025 13.683025 13.683025 13.683025 13.683025 13.683025 13.683025 13.683025 13.683025 13.683022 13.683011 13.682964 13.682773 13.682051 13.679497 13.671052 13.645043 13.570646 13.373590 12.892225 11.814489 9.629680 5.728302 0.000000 
50.000000 42.325033 35.634528 30.536172 27.123009 25.102707 24.037902 23.534597 23.319760 23.236403 23.206828 23.197179 23.194269 23.193455 23.193243 23.193191 23.193179 23.193176 23.193176 23.193176 23.193176 23.193176 23.193176 23.193176 23.193176 23.193176 23.193176 23.193176 23.193176 23.193176 23.193176 23.193176 23.193176 23.193176 23.193175 23.193173 23.193162 23.193114 23.192921 23.192185 23.189555 23.180741 23.153102 23.072048 22.849763 22.279152 20.906492 17.817264 11.411212 0.000000 
50.000000 45.899582 42.325033 39.600995 37.777225 36.697616 36.128548 35.859535 35.744691 35.700126 35.684312 35.679151 35.677595 35.677160 35.677046 35.677018 35.677012 35.677011 35.677010 35.677010 35.677010 35.677010 35.677010 35.677010 35.677010 35.677010 35.677010 35.677010 35.677010 35.677010 35.677010 35.677010 35.677010 35.677010 35.677010 35.677008 35.677001 35.676971 35.676845 35.676366 35.674638 35.668783 35.650129 35.594161 35.435272 35.004640 33.872693 30.913821 22.949791 0.000000 
50.000000 50.000000 50.000000 50.000000 50.000000 50.000000 50.000000 50.000000 50.000000 50.000000 50.000000 50.000000 50.000000 50.000000 50.000000 50.000000 50.000000 50.000000 50.000000 50.000000 50.000000 50.000000 50.000000 50.000000 50.000000 50.000000 50.000000 50.000000 50.000000 50.000000 50.000000 50.000000 50.000000 50.000000 50.000000 50.000000 50.000000 50.000000 50.000000 50.000000 50.000000 50.000000 50.000000 50.000000 50.000000 50.000000 50.000000 50.000000 50.000000 50.000000 
