50.000000 50.000000 50.000000 50.000000 50.000000 50.000000 50.000000 50.000000 50.000000 50.000000 50.000000 50.000000 50.000000 50.000000 50.000000 50.000000 50.000000 50.000000 50.000000 50.000000 50.000000 50.000000 50.000000 50.000000 50.000000 50.000000 50.000000 50.000000 50.000000 50.000000 50.000000 50.000000 50.000000 50.000000 50.000000 50.000000 50.000000 50.000000 50.000000 50.000000 50.000000 50.000000 50.000000 50.000000 50.000000 50.000000 50.000000 50.000000 50.000000 50.000000 
50.000000 47.565927 45.317590 43.398308 41.882669 40.773893 40.021154 39.545959 39.266394 39.112765 39.033719 38.995550 38.978211 38.970786 38.967781 38.966630 38.966211 38.966066 38.966019 38.966004 38.965999 38.965998 38.965998 38.965997 38.965997 38.965997 38.965997 38.965997 38.965997 38.965997 38.965997 38.965996 38.965994 38.965985 38.965956 38.965867 38.965606 38.964870 38.962883 38.957742 38.944997 38.914649 38.845022 38.690273 38.354184 37.631140 36.058156 32.495012 23.782964 0.000000 
50.000000 45.317590 40.992501 37.300444 34.384904 32.252060 30.804123 29.890081 29.352353 29.056863 28.904833 28.831424 28.798080 28.783800 28.778022 28.775808 28.775003 28.774724 28.774633 28.774604 28.774596 28.774593 28.774592 28.774592 28.774592 28.774592 28.774592 28.774592 28.774592 28.774592 28.774592 28.774590 28.774586 28.774570 28.774520 28.774367 28.773916 28.772649 28.769243 28.760484 28.738930 28.688139 28.573329 28.323700 27.799595 26.731786 24.610298 20.496250 12.822578 0.000000 
50.000000 43.398308 37.300444 32.095157 27.984740 24.977876 22.936658 21.648146 20.890152 20.473645 20.259362 20.155900 20.108908 20.088785 20.080642 20.077522 20.076388 20.075996 20.075867 20.075827 20.075814 20.075811 20.075810 20.075810 20.075810 20.075810 20.075810 20.075810 20.075810 20.075809 20.075809 20.075807 20.075802 20.075783 20.075724 20.075542 20.075012 20.073527 20.069559 20.059435 20.034783 19.977492 19.850398 19.581168 19.036361 17.983712 16.047579 12.690146 7.340152 0.000000 
50.000000 41.882669 34.384904 27.984740 22.930905 19.234036 16.724509 15.140455 14.208654 13.696673 13.433289 13.306127 13.248375 13.223646 13.213641 13.209808 13.208414 13.207933 13.207774 13.207725 13.207710 13.207705 13.207704 13.207704 13.207704 13.207704 13.207704 13.207704 13.207704 13.207704 13.207703 13.207702 13.207696 13.207678 13.207621 13.207447 13.206939 13.205527 13.201781 13.192312 13.169522 13.117348 13.003849 12.769530 12.311312 11.465452 10.001027 7.653118 4.251529 0.000000 
50.000000 40.773893 32.252060 24.977876 19.234036 15.032579 12.180649 10.380556 9.321733 8.739995 8.440746 8.296279 8.230673 8.202583 8.191219 8.186866 8.185283 8.184737 8.184557 8.184500 8.184483 8.184478 8.184477 8.184477 8.184477 8.184477 8.184477 8.184477 8.184477 8.184476 8.184476 8.184475 8.184470 8.184455 8.184408 8.184263 8.183845 8.182691 8.179651 8.172041 8.153939 8.113105 8.025912 7.850077 7.516289 6.922724 5.941515 4.452465 2.419710 0.000000 
50.000000 40.021154 30.804123 22.936658 16.724509 12.180649 9.096422 7.149799 6.004847 5.375825 5.052273 4.896085 4.825161 4.794797 4.782513 4.777808 4.776098 4.775507 4.775313 4.775252 4.775234 4.775228 4.775227 4.775227 4.775226 4.775226 4.775226 4.775226 4.775226 4.775226 4.775226 4.775225 4.775222 4.775211 4.775176 4.775070 4.774765 4.773930 4.771747 4.766331 4.753595 4.725259 4.665759 4.548211 4.330572 3.954979 3.355490 2.480423 1.330882 0.000000 
50.000000 39.545959 29.890081 21.648146 15.140455 10.380556 7.149799 5.110773 3.911527 3.252709 2.913849 2.750281 2.676010 2.644214 2.631353 2.626427 2.624636 2.624018 2.623815 2.623751 2.623732 2.623726 2.623725 2.623724 2.623724 2.623724 2.623724 2.623724 2.623724 2.623724 2.623724 2.623723 2.623721 2.623713 2.623690 2.623621 2.623421 2.622876 2.621464 2.617990 2.609906 2.592141 2.555387 2.484039 2.354644 2.136606 1.797747 1.316752 0.700937 0.000000 
50.000000 39.266394 29.352353 20.890152 14.208654 9.321733 6.004847 3.911527 2.680389 2.004077 1.656234 1.488337 1.412104 1.379470 1.366270 1.361214 1.359377 1.358743 1.358534 1.358468 1.358449 1.358443 1.358442 1.358441 1.358441 1.358441 1.358441 1.358441 1.358441 1.358441 1.358441 1.358440 1.358439 1.358435 1.358421 1.358379 1.358260 1.357936 1.357103 1.355070 1.350382 1.340195 1.319386 1.279588 1.208627 1.091306 0.912661 0.664213 0.351746 0.000000 
50.000000 39.112765 29.056863 20.473645 13.696673 8.739995 5.375825 3.252709 2.004077 1.318174 0.965407 0.795138 0.717831 0.684739 0.671354 0.666228 0.664365 0.663721 0.663510 0.663443 0.663423 0.663418 0.663416 0.663416 0.663416 0.663416 0.663416 0.663416 0.663416 0.663416 0.663415 0.663415 0.663414 0.663412 0.663404 0.663381 0.663316 0.663139 0.662687 0.661591 0.659087 0.653695 0.642803 0.622230 0.586056 0.527151 0.438862 0.317933 0.167768 0.000000 
50.000000 39.033719 28.904833 20.259362 13.433289 8.440746 5.052273 2.913849 1.656234 0.965407 0.610115 0.438631 0.360773 0.327446 0.313966 0.308804 0.306928 0.306280 0.306067 0.306000 0.305980 0.305974 0.305973 0.305972 0.305972 0.305972 0.305972 0.305972 0.305972 0.305972 0.305972 0.305972 0.305971 0.305970 0.305966 0.305954 0.305921 0.305832 0.305605 0.305057 0.303816 0.301164 0.295859 0.285942 0.268705 0.240977 0.199927 0.144349 0.075977 0.000000 
50.000000 38.995550 28.831424 20.155900 13.306127 8.296279 4.896085 2.750281 1.488337 0.795138 0.438631 0.266561 0.188440 0.154999 0.141474 0.136295 0.134412 0.133762 0.133548 0.133481 0.133461 0.133455 0.133454 0.133453 0.133453 0.133453 0.133453 0.133453 0.133453 0.133453 0.133453 0.133453 0.133453 0.133452 0.133450 0.133445 0.133429 0.133387 0.133281 0.133026 0.132452 0.131234 0.128817 0.124339 0.116628 0.104346 0.086341 0.062181 0.032667 0.000000 
50.000000 38.978211 28.798080 20.108908 13.248375 8.230673 4.825161 2.676010 1.412104 0.717831 0.360773 0.188440 0.110198 0.076707 0.063161 0.057974 0.056089 0.055438 0.055223 0.055156 0.055136 0.055130 0.055129 0.055128 0.055128 0.055128 0.055128 0.055128 0.055128 0.055128 0.055128 0.055128 0.055128 0.055128 0.055127 0.055124 0.055118 0.055099 0.055052 0.054941 0.054692 0.054168 0.053134 0.051232 0.047983 0.042849 0.035381 0.025431 0.013341 0.000000 
50.000000 38.970786 28.783800 20.088785 13.223646 8.202583 4.794797 2.644214 1.379470 0.684739 0.327446 0.154999 0.076707 0.043194 0.029640 0.024449 0.022563 0.021911 0.021697 0.021630 0.021609 0.021604 0.021602 0.021602 0.021602 0.021602 0.021602 0.021602 0.021602 0.021602 0.021602 0.021602 0.021601 0.021601 0.021601 0.021600 0.021597 0.021589 0.021570 0.021525 0.021423 0.021210 0.020793 0.020031 0.018738 0.016708 0.013773 0.009884 0.005180 0.000000 
50.000000 38.967781 28.778022 20.080642 13.213641 8.191219 4.782513 2.631353 1.366270 0.671354 0.313966 0.141474 0.063161 0.029640 0.016082 0.010890 0.009003 0.008351 0.008137 0.008070 0.008050 0.008044 0.008042 0.008042 0.008042 0.008042 0.008042 0.008042 0.008042 0.008042 0.008042 0.008042 0.008042 0.008042 0.008041 0.008041 0.008040 0.008037 0.008029 0.008012 0.007973 0.007891 0.007732 0.007443 0.006956 0.006194 0.005100 0.003655 0.001914 0.000000 
50.000000 38.966630 28.775808 20.077522 13.209808 8.186866 4.777808 2.626427 1.361214 0.666228 0.308804 0.136295 0.057974 0.024449 0.010890 0.005697 0.003810 0.003158 0.002944 0.002877 0.002856 0.002851 0.002849 0.002849 0.002849 0.002849 0.002849 0.002849 0.002849 0.002849 0.002849 0.002849 0.002849 0.002848 0.002848 0.002848 0.002848 0.002847 0.002844 0.002838 0.002823 0.002794 0.002736 0.002633 0.002458 0.002187 0.001798 0.001288 0.000674 0.000000 
50.000000 38.966211 28.775003 20.076388 13.208414 8.185283 4.776098 2.624636 1.359377 0.664365 0.306928 0.134412 0.056089 0.022563 0.009003 0.003810 0.001923 0.001271 0.001057 0.000990 0.000970 0.000964 0.000962 0.000962 0.000962 0.000962 0.000962 0.000962 0.000962 0.000962 0.000962 0.000962 0.000962 0.000962 0.000962 0.000962 0.000961 0.000961 0.000960 0.000958 0.000953 0.000943 0.000923 0.000887 0.000828 0.000736 0.000605 0.000433 0.000226 0.000000 
50.000000 38.966066 28.774724 20.075996 13.207933 8.184737 4.775507 2.624018 1.358743 0.663721 0.306280 0.133762 0.055438 0.021911 0.008351 0.003158 0.001271 0.000620 0.000405 0.000338 0.000318 0.000312 0.000310 0.000310 0.000310 0.000310 0.000310 0.000310 0.000310 0.000310 0.000310 0.000310 0.000310 0.000310 0.000310 0.000310 0.000310 0.000310 0.000309 0.000309 0.000307 0.000304 0.000297 0.000286 0.000266 0.000237 0.000194 0.000139 0.000073 0.000000 
50.000000 38.966019 28.774633 20.075867 13.207774 8.184557 4.775313 2.623815 1.358534 0.663510 0.306067 0.133548 0.055223 0.021697 0.008137 0.002944 0.001057 0.000405 0.000191 0.000124 0.000103 0.000098 0.000096 0.000096 0.000095 0.000095 0.000095 0.000095 0.000095 0.000095 0.000095 0.000095 0.000095 0.000095 0.000095 0.000095 0.000095 0.000095 0.000095 0.000095 0.000095 0.000093 0.000091 0.000088 0.000082 0.000073 0.000060 0.000043 0.000022 0.000000 
50.000000 38.966004 28.774604 20.075827 13.207725 8.184500 4.775252 2.623751 1.358468 0.663443 0.306000 0.133481 0.055156 0.021630 0.008070 0.002877 0.000990 0.000338 0.000124 0.000056 0.000036 0.000030 0.000029 0.000028 0.000028 0.000028 0.000028 0.000028 0.000028 0.000028 0.000028 0.000028 0.000028 0.000028 0.000028 0.000028 0.000028 0.000028 0.000028 0.000028 0.000028 0.000028 0.000027 0.000026 0.000024 0.000021 0.000018 0.000013 0.000007 0.000000 
50.000000 38.965999 28.774596 20.075814 13.207710 8.184483 4.775234 2.623732 1.358449 0.663423 0.305980 0.133461 0.055136 0.021609 0.008050 0.002856 0.000970 0.000318 0.000103 0.000036 0.000016 0.000010 0.000009 0.000008 0.000008 0.000008 0.000008 0.000008 0.000008 0.000008 0.000008 0.000008 0.000008 0.000008 0.000008 0.000008 0.000008 0.000008 0.000008 0.000008 0.000008 0.000008 0.000008 0.000007 0.000007 0.000006 0.000005 0.000004 0.000002 0.000000 
50.000000 38.965998 28.774593 20.075811 13.207705 8.184478 4.775228 2.623726 1.358443 0.663418 0.305974 0.133455 0.055130 0.021604 0.008044 0.002851 0.000964 0.000312 0.000098 0.000030 0.000010 0.000004 0.000003 0.000002 0.000002 0.000002 0.000002 0.000002 0.000002 0.000002 0.000002 0.000002 0.000002 0.000002 0.000002 0.000002 0.000002 0.000002 0.000002 0.000002 0.000002 0.000002 0.000002 0.000002 0.000002 0.000002 0.000001 0.000001 0.000000 0.000000 
50.000000 38.965998 28.774592 20.075810 13.207704 8.184477 4.775227 2.623725 1.358442 0.663416 0.305973 0.133454 0.055129 0.021602 0.008042 0.002849 0.000962 0.000310 0.000096 0.000029 0.000009 0.000003 0.000001 0.000001 0.000001 0.000001 0.000001 0.000001 0.000001 0.000001 0.000001 0.000001 0.000001 0.000001 0.000001 0.000001 0.000001 0.000001 0.000001 0.000001 0.000001 0.000001 0.000001 0.000001 0.000000 0.000000 0.000000 0.000000 0.000000 0.000000 
50.000000 38.965997 28.774592 20.075810 13.207704 8.184477 4.775227 2.623724 1.358441 0.663416 0.305972 0.133453 0.055128 0.021602 0.008042 0.002849 0.000962 0.000310 0.000096 0.000028 0.000008 0.000002 0.000001 0.000000 0.000000 0.000000 0.000000 0.000000 0.000000 0.000000 0.000000 0.000000 0.000000 0.000000 0.000000 0.000000 0.000000 0.000000 0.000000 0.000000 0.000000 0.000000 0.000000 0.000000 0.000000 0.000000 0.000000 0.000000 0.000000 0.000000 
50.000000 38.965997 28.774592 20.075810 13.207704 8.184477 4.775226 2.623724 1.358441 0.663416 0.305972 0.133453 0.055128 0.021602 0.008042 0.002849 0.000962 0.000310 0.000095 0.000028 0.000008 0.000002 0.000001 0.000000 0.000000 0.000000 0.000000 0.000000 0.000000 0.000000 0.000000 0.000000 0.000000 0.000000 0.000000 0.000000 0.000000 0.000000 0.000000 0.000000 0.000000 0.000000 0.000000 0.000000 0.000000 0.000000 0.000000 0.000000 0.000000 0.000000 
50.000000 38.965997 28.774592 20.075810 13.207704 8.184477 4.775226 2.623724 1.358441 0.663416 0.305972 0.133453 0.055128 0.021602 0.008042 0.002849 0.000962 0.000310 0.000095 0.000028 0.000008 0.000002 0.000001 0.000000 0.000000 0.000000 0.000000 0.000000 0.000000 0.000000 0.000000 0.000000 0.000000 0.000000 0.000000 0.000000 0.000000 0.000000 0.000000 0.000000 0.000000 0.000000 0.000000 0.000000 0.000000 0.000000 0.000000 0.000000 0.000000 0.000000 
50.000000 38.965997 28.774592 20.075810 13.207704 8.184477 4.775227 2.623724 1.358441 0.663416 0.305972 0.133453 0.055128 0.021602 0.008042 0.002849 0.000962 0.000310 0.000096 0.000028 0.000008 0.000002 0.000001 0.000000 0.000000 0.000000 0.000000 0.000000 0.000000 0.000000 0.000000 0.000000 0.000000 0.000000 0.000000 0.000000 0.000000 0.000000 0.000000 0.000000 0.000000 0.000000 0.000000 0.000000 0.000000 0.000000 0.000000 0.000000 0.000000 0.000000 
50.000000 38.965998 28.774592 20.075810 13.207704 8.184477 4.775227 2.623725 1.358442 0.663416 0.305973 0.133454 0.055129 0.021602 0.008042 0.002849 0.000962 0.000310 0.000096 0.000029 0.000009 0.000003 0.000001 0.000001 0.000001 0.000001 0.000001 0.000001 0.000001 0.000001 0.000001 0.000001 0.000001 0.000001 0.000001 0.000001 0.000001 0.000001 0.000001 0.000001 0.000001 0.000001 0.000001 0.000001 0.000000 0.000000 0.000000 0.000000 0.000000 0.000000 
50.000000 38.965998 28.774593 20.075811 13.207705 8.184478 4.775228 2.623726 1.358443 0.663418 0.305974 0.133455 0.055130 0.021604 0.008044 0.002851 0.000964 0.000312 0.000098 0.000030 0.000010 0.000004 0.000003 0.000002 0.000002 0.000002 0.000002 0.000002 0.000002 0.000002 0.000002 0.000002 0.000002 0.000002 0.000002 0.000002 0.000002 0.000002 0.000002 0.000002 0.000002 0.000002 0.000002 0.000002 0.000002 0.000002 0.000001 0.000001 0.000000 0.000000 
50.000000 38.965999 28.774596 20.075814 13.207710 8.184483 4.775234 2.623732 1.358449 0.663423 0.305980 0.133461 0.055136 0.021609 0.008050 0.002856 0.000970 0.000318 0.000103 0.000036 0.000016 0.000010 0.000009 0.000008 0.000008 0.000008 0.000008 0.000008 0.000008 0.000008 0.000008 0.000008 0.000008 0.000008 0.000008 0.000008 0.000008 0.000008 0.000008 0.000008 0.000008 0.000008 0.000008 0.000007 0.000007 0.000006 0.000005 0.000004 0.000002 0.000000 
50.000000 38.966004 28.774604 20.075827 13.207725 8.184500 4.775252 2.623751 1.358468 0.663443 0.306000 0.133481 0.055156 0.021630 0.008070 0.002877 0.000990 0.000338 0.000124 0.000056 0.000036 0.000030 0.000029 0.000028 0.000028 0.000028 0.000028 0.000028 0.000028 0.000028 0.000028 0.000028 0.000028 0.000028 0.000028 0.000028 0.000028 0.000028 0.000028 0.000028 0.000028 0.000028 0.000027 0.000026 0.000024 0.000021 0.000018 0.000013 0.000007 0.000000 
50.000000 38.966019 28.774633 20.075867 13.207774 8.184557 4.775313 2.623815 1.358534 0.663510 0.306067 0.133548 0.055223 0.021697 0.008137 0.002944 0.001057 0.000405 0.000191 0.000124 0.000103 0.000098 0.000096 0.000096 0.000095 0.000095 0.000095 0.000095 0.000095 0.000095 0.000095 0.000095 0.000095 0.000095 0.000095 0.000095 0.000095 0.000095 0.000095 0.000095 0.000095 0.000093 0.000091 0.000088 0.000082 0.000073 0.000060 0.000043 0.000022 0.000000 
50.000000 38.966066 28.774724 20.075996 13.207933 8.184737 4.775507 2.624018 1.358743 0.663721 0.306280 0.133762 0.055438 0.021911 0.008351 0.003158 0.001271 0.000620 0.000405 0.000338 0.000318 0.000312 0.000310 0.000310 0.000310 0.000310 0.000310 0.000310 0.000310 0.000310 0.000310 0.000310 0.000310 0.000310 0.000310 0.000310 0.000310 0.000310 0.000309 0.000309 0.000307 0.000304 0.000297 0.000286 0.000266 0.000237 0.000194 0.000139 0.000073 0.000000 
50.000000 38.966211 28.775003 20.076388 13.208414 8.185283 4.776098 2.624636 1.359377 0.664365 0.306928 0.134412 0.056089 0.022563 0.009003 0.003810 0.001923 0.001271 0.001057 0.000990 0.000970 0.000964 0.000962 0.000962 0.000962 0.000962 0.000962 0.000962 0.000962 0.000962 0.000962 0.000962 0.000962 0.000962 0.000962 0.000962 0.000961 0.000961 0.000960 0.000958 0.000953 0.000943 0.000923 0.000887 0.000828 0.000736 0.000605 0.000433 0.000226 0.000000 
50.000000 38.966630 28.775808 20.077522 13.209808 8.186866 4.777808 2.626427 1.361214 0.666228 0.308804 0.136295 0.057974 0.024449 0.010890 0.005697 0.003810 0.003158 0.002944 0.002877 0.002856 0.002851 0.002849 0.002849 0.002849 0.002849 0.002849 0.002849 0.002849 0.002849 0.002849 0.002849 0.002849 0.002848 0.002848 0.002848 0.002848 0.002847 0.002844 0.002838 0.002823 0.002794 0.002736 0.002633 0.002458 0.002187 0.001798 0.001288 0.000674 0.000000 
50.000000 38.967781 28.778022 20.080642 13.213641 8.191219 4.782513 2.631353 1.366270 0.671354 0.313966 0.141474 0.063161 0.029640 0.016082 0.010890 0.009003 0.008351 0.008137 0.008070 0.008050 0.008044 0.008042 0.008042 0.008042 0.008042 0.008042 0.008042 0.008042 0.008042 0.008042 0.008042 0.008042 0.008042 0.008041 0.008041 0.008040 0.008037 0.008029 0.008012 0.007973 0.007891 0.007732 0.007443 0.006956 0.006194 0.005100 0.003655 0.001914 0.000000 
50.000000 38.970786 28.783800 20.088785 13.223646 8.202583 4.794797 2.644214 1.379470 0.684739 0.327446 0.154999 0.076707 0.043194 0.029640 0.024449 0.022563 0.021911 0.021697 0.021630 0.021609 0.021604 0.021602 0.021602 0.021602 0.021602 0.021602 0.021602 0.021602 0.021602 0.021602 0.021602 0.021601 0.021601 0.021601 0.021600 0.021597 0.021589 0.021570 0.021525 0.021423 0.021210 0.020793 0.020031 0.018738 0.016708 0.013773 0.009884 0.005180 0.000000 
50.000000 38.978211 28.798080 20.108908 13.248375 8.230673 4.825161 2.676010 1.412104 0.717831 0.360773 0.188440 0.110198 0.076707 0.063161 0.057974 0.056089 0.055438 0.055223 0.055156 0.055136 0.055130 0.055129 0.055128 0.055128 0.055128 0.055128 0.055128 0.055128 0.055128 0.055128 0.055128 0.055128 0.055128 0.055127 0.055124 0.055118 0.055099 0.055052 0.054941 0.054692 0.054168 0.053134 0.051232 0.047983 0.042849 0.035381 0.025431 0.013341 0.000000 
50.000000 38.995550 28.831424 20.155900 13.306127 8.296279 4.896085 2.750281 1.488337 0.795138 0.438631 0.266561 0.188440 0.154999 0.141474 0.136295 0.134412 0.133762 0.133548 0.133481 0.133461 0.133455 0.133454 0.133453 0.133453 0.133453 0.133453 0.133453 0.133453 0.133453 0.133453 0.133453 0.133453 0.133452 0.133450 0.133445 0.133429 0.133387 0.133281 0.133026 0.132452 0.131234 0.128817 0.124339 0.116628 0.104346 0.086341 0.062181 0.032667 0.000000 
50.000000 39.033719 28.904833 20.259362 13.433289 8.440746 5.052273 2.913849 1.656234 0.965407 0.610115 0.438631 0.360773 0.327446 0.313966 0.308804 0.306928 0.306280 0.306067 0.306000 0.305980 0.305974 0.305973 0.305972 0.305972 0.305972 0.305972 0.305972 0.305972 0.305972 0.305972 0.305972 0.305971 0.305970 0.305966 0.305954 0.305921 0.305832 0.305605 0.305057 0.303816 0.301164 0.295859 0.285942 0.268705 0.240977 0.199927 0.144349 0.075977 0.000000 
50.000000 39.112765 29.056863 20.473645 13.696673 8.739995 5.375825 3.252709 2.004077 1.318174 0.965407 0.795138 0.717831 0.684739 0.671354 0.666228 0.664365 0.663721 0.663510 0.663443 0.663423 0.663418 0.663416 0.663416 0.663416 0.663416 0.663416 0.663416 0.663416 0.663416 0.663415 0.663415 0.663414 0.663412 0.663404 0.663381 0.663316 0.663139 0.662687 0.661591 0.659087 0.653695 0.642803 0.622230 0.586056 0.527151 0.438862 0.317933 0.167768 0.000000 
50.000000 39.266394 29.352353 20.890152 14.208654 9.321733 6.004847 3.911527 2.680389 2.004077 1.656234 1.488337 1.412104 1.379470 1.366270 1.361214 1.359377 1.358743 1.358534 1.358468 1.358449 1.358443 1.358442 1.358441 1.358441 1.358441 1.358441 1.358441 1.358441 1.358441 1.358441 1.358440 1.358439 1.358435 1.358421 1.358379 1.358260 1.357936 1.357103 1.355070 1.350382 1.340195 1.319386 1.279588 1.208627 1.091306 0.912661 0.664213 0.351746 0.000000 
50.000000 39.545959 29.890081 21.648146 15.140455 10.380556 7.149799 5.110773 3.911527 3.252709 2.913849 2.750281 2.676010 2.644214 2.631353 2.626427 2.624636 2.624018 2.623815 2.623751 2.623732 2.623726 2.623725 2.623724 2.623724 2.623724 2.623724 2.623724 2.623724 2.623724 2.623724 2.623723 2.623721 2.623713 2.623690 2.623621 2.623421 2.622876 2.621464 2.617990 2.609906 2.592141 2.555387 2.484039 2.354644 2.136606 1.797747 1.316752 0.700937 0.000000 
50.000000 40.021154 30.804123 22.936658 16.724509 12.180649 9.096422 7.149799 6.004847 5.375825 5.052273 4.896085 4.825161 4.794797 4.782513 4.777808 4.776098 4.775507 4.775313 4.775252 4.775234 4.775228 4.775227 4.775227 4.775226 4.775226 4.775226 4.775226 4.775226 4.775226 4.775226 4.775225 4.775222 4.775211 4.775176 4.775070 4.774765 4.773930 4.771747 4.766331 4.753595 4.725259 4.665759 4.548211 4.330572 3.954979 3.355490 2.480423 1.330882 0.000000 
50.000000 40.773893 32.252060 24.977876 19.234036 15.032579 12.180649 10.380556 9.321733 8.739995 8.440746 8.296279 8.230673 8.202583 8.191219 8.186866 8.185283 8.184737 8.184557 8.184500 8.184483 8.184478 8.184477 8.184477 8.184477 8.184477 8.184477 8.184477 8.184477 8.184476 8.184476 8.184475 8.184470 8.184455 8.184408 8.184263 8.183845 8.182691 8.179651 8.172041 8.153939 8.113105 8.025912 7.850077 7.516289 6.922724 5.941515 4.452465 2.419710 0.000000 
50.000000 41.882669 34.384904 27.984740 22.930905 19.234036 16.724509 15.140455 14.208654 13.696673 13.433289 13.306127 13.248375 13.223646 13.213641 13.209808 13.208414 13.207933 13.207774 13.207725 13.207710 13.207705 13.207704 13.207704 13.207704 13.207704 13.207704 13.207704 13.207704 13.207704 13.207703 13.207702 13.207696 13.207678 13.207621 13.207447 13.206939 13.205527 13.201781 13.192312 13.169522 13.117348 13.003849 12.769530 12.311312 11.465452 10.001027 7.653118 4.251529 0.000000 
50.000000 43.398308 37.300444 32.095157 27.984740 24.977876 22.936658 21.648146 20.890152 20.473645 20.259362 20.155900 20.108908 20.088785 20.080642 20.077522 20.076388 20.075996 20.075867 20.075827 20.075814 20.075811 20.075810 20.075810 20.075810 20.075810 20.075810 20.075810 20.075810 20.075809 20.075809 20.075807 20.075802 20.075783 20.075724 20.075542 20.075012 20.073527 20.069559 20.059435 20.034783 19.977492 19.850398 19.581168 19.036361 17.983712 16.047579 12.690146 7.340152 0.000000 
50.000000 45.317590 40.992501 37.300444 34.384904 32.252060 30.804123 29.890081 29.352353 29.056863 28.904833 28.831424 28.798080 28.783800 28.778022 28.775808 28.775003 28.774724 28.774633 28.774604 28.774596 28.774593 28.774592 28.774592 28.774592 28.774592 28.774592 28.774592 28.774592 28.774592 28.774592 28.774590 28.774586 28.774570 28.774520 28.774367 28.773916 28.772649 28.769243 28.760484 28.738930 28.688139 28.573329 28.323700 27.799595 26.731786 24.610298 20.496250 12.822578 0.000000 
50.000000 47.565927 45.317590 43.398308 41.882669 40.773893 40.021154 39.545959 39.266394 39.112765 39.033719 38.995550 38.978211 38.970786 38.967781 38.966630 38.966211 38.966066 38.966019 38.966004 38.965999 38.965998 38.965998 38.965997 38.965997 38.965997 38.965997 38.965997 38.965997 38.965997 38.965997 38.965996 38.965994 38.965985 38.965956 38.965867 38.965606 38.964870 38.962883 38.957742 38.944997 38.914649 38.845022 38.690273 38.354184 37.631140 36.058156 32.495012 23.782964 0.000000 
50.000000 50.000000 50.000000 50.000000 50.000000 50.000000 50.000000 50.000000 50.000000 50.000000 50.000000 50.000000 50.000000 50.000000 50.000000 50.000000 50.000000 50.000000 50.000000 50.000000 50.000000 50.000000 50.000000 50.000000 50.000000 50.000000 50.000000 50.000000 50.000000 50.000000 50.000000 50.000000 50.000000 50.000000 50.000000 50.000000 50.000000 50.000000 50.000000 50.000000 50.000000 50.000000 50.000000 50.000000 50.000000 50.000000 50.000000 50.000000 50.000000 50.000000 
