50.000000 50.000000 50.000000 50.000000 50.000000 50.000000 50.000000 50.000000 50.000000 50.000000 50.000000 50.000000 50.000000 50.000000 50.000000 50.000000 50.000000 50.000000 50.000000 50.000000 50.000000 50.000000 50.000000 50.000000 50.000000 50.000000 50.000000 50.000000 50.000000 50.000000 50.000000 50.000000 50.000000 50.000000 50.000000 50.000000 50.000000 50.000000 50.000000 50.000000 50.000000 50.000000 50.000000 50.000000 50.000000 50.000000 50.000000 50.000000 50.000000 50.000000 
50.000000 48.440768 46.957822 45.616267 44.461568 43.515629 42.777730 42.229304 41.840697 41.577976 41.408383 41.303760 41.242025 41.207151 41.188273 41.178472 41.173586 41.171245 41.170167 41.169689 41.169485 41.169400 41.169367 41.169354 41.169349 41.169347 41.169346 41.169346 41.169344 41.169339 41.169326 41.169292 41.169209 41.169010 41.168543 41.167487 41.165168 41.160230 41.150016 41.129470 41.089184 41.011946 40.866463 40.595386 40.090589 39.136666 37.266129 33.342478 24.220384 0.000000 
50.000000 46.957822 44.064488 41.447023 39.194136 37.348561 35.908892 34.838899 34.080723 33.568158 33.237286 33.033172 32.912733 32.844697 32.807868 32.788747 32.779215 32.774650 32.772546 32.771613 32.771215 32.771050 32.770985 32.770960 32.770950 32.770947 32.770945 32.770944 32.770940 32.770931 32.770907 32.770846 32.770695 32.770330 32.769479 32.767558 32.763350 32.754417 32.736017 32.699199 32.627527 32.491468 32.238810 31.777923 30.947609 29.460946 26.799860 22.032244 13.615344 0.000000 
50.000000 45.616267 41.447023 37.675315 34.428976 31.769581 29.695098 28.153317 27.060854 26.322305 25.845562 25.551467 25.377937 25.279912 25.226851 25.199302 25.185571 25.178993 25.175963 25.174619 25.174045 25.173808 25.173714 25.173678 25.173664 25.173659 25.173657 25.173655 25.173650 25.173639 25.173608 25.173529 25.173333 25.172862 25.171767 25.169303 25.163927 25.152569 25.129317 25.083158 24.994221 24.827693 24.524208 23.984931 23.049065 21.461922 18.837657 14.647163 8.350138 0.000000 
50.000000 44.461568 39.194136 34.428976 30.327596 26.967785 24.346969 22.399174 21.019045 20.086039 19.483784 19.112270 18.893066 18.769243 18.702219 18.667422 18.650078 18.641771 18.637944 18.636246 18.635521 18.635222 18.635103 18.635057 18.635040 18.635034 18.635031 18.635029 18.635024 18.635011 18.634977 18.634891 18.634678 18.634169 18.632990 18.630343 18.624600 18.612540 18.588034 18.539840 18.448091 18.278937 17.976837 17.454194 16.578981 15.163798 12.967054 9.733190 5.324902 0.000000 
50.000000 43.515629 37.348561 31.769581 26.967785 23.034246 19.965935 17.685599 16.069874 14.977623 14.272592 13.837689 13.581090 13.436149 13.357696 13.316967 13.296666 13.286944 13.282464 13.280478 13.279629 13.279279 13.279140 13.279087 13.279067 13.279059 13.279056 13.279054 13.279049 13.279036 13.279004 13.278921 13.278717 13.278229 13.277103 13.274590 13.269166 13.257852 13.235052 13.190665 13.107216 12.955764 12.690577 12.243122 11.517123 10.388805 8.720517 6.400953 3.425040 0.000000 
50.000000 42.777730 35.908892 29.695098 24.346969 19.965935 16.548611 14.008935 12.209491 10.993071 10.207909 9.723590 9.437843 9.276442 9.189083 9.143732 9.121128 9.110303 9.105316 9.103105 9.102160 9.101770 9.101615 9.101556 9.101534 9.101525 9.101522 9.101520 9.101515 9.101504 9.101476 9.101403 9.101225 9.100800 9.099825 9.097658 9.093009 9.083380 9.064139 9.027060 8.958209 8.835115 8.623496 8.274305 7.722813 6.892775 5.710167 4.130969 2.182344 0.000000 
50.000000 42.229304 34.838899 28.153317 22.399174 17.685599 14.008935 11.276569 9.340635 8.031975 7.187295 6.666278 6.358887 6.185265 6.091295 6.042513 6.018201 6.006557 6.001194 5.998815 5.997799 5.997380 5.997214 5.997150 5.997126 5.997117 5.997114 5.997112 5.997108 5.997099 5.997076 5.997017 5.996873 5.996533 5.995754 5.994033 5.990361 5.982811 5.967848 5.939299 5.886901 5.794516 5.638284 5.385439 4.995022 4.422337 3.629109 2.600090 1.362841 0.000000 
50.000000 41.840697 34.080723 27.060854 21.019045 16.069874 12.209491 9.340635 7.308030 5.934048 5.047226 4.500226 4.177514 3.995245 3.896596 3.845387 3.819866 3.807644 3.802014 3.799518 3.798451 3.798012 3.797837 3.797770 3.797745 3.797735 3.797732 3.797730 3.797727 3.797720 3.797703 3.797659 3.797551 3.797297 3.796719 3.795446 3.792749 3.787239 3.776407 3.755929 3.718750 3.654015 3.546119 3.374376 3.114110 2.740108 2.233161 1.589255 0.828750 0.000000 
50.000000 41.577976 33.568158 26.322305 20.086039 14.977623 10.993071 8.031975 5.934048 4.515935 3.600645 3.036097 2.703040 2.514931 2.413125 2.360278 2.333941 2.321329 2.315520 2.312944 2.311843 2.311389 2.311209 2.311140 2.311114 2.311105 2.311101 2.311099 2.311097 2.311092 2.311080 2.311049 2.310974 2.310796 2.310393 2.309512 2.307655 2.303887 2.296533 2.282749 2.257968 2.215299 2.145074 2.034862 1.870407 1.637948 1.328085 0.940631 0.488792 0.000000 
50.000000 41.408383 33.237286 25.845562 19.483784 14.272592 10.207909 7.187295 5.047226 3.600645 2.666994 2.091131 1.751404 1.559531 1.455690 1.401788 1.374926 1.362063 1.356138 1.353511 1.352388 1.351926 1.351742 1.351671 1.351645 1.351635 1.351632 1.351630 1.351629 1.351625 1.351617 1.351597 1.351547 1.351430 1.351166 1.350592 1.349388 1.346959 1.342251 1.333497 1.317896 1.291297 1.247997 1.180848 1.081927 0.943944 0.762404 0.538086 0.278913 0.000000 
50.000000 41.303760 33.033172 25.551467 19.112270 13.837689 9.723590 6.666278 4.500226 3.036097 2.091131 1.508295 1.164459 0.970269 0.865175 0.810623 0.783438 0.770420 0.764424 0.761765 0.760629 0.760161 0.759975 0.759904 0.759877 0.759867 0.759864 0.759863 0.759862 0.759859 0.759854 0.759841 0.759810 0.759738 0.759574 0.759220 0.758482 0.757000 0.754148 0.748880 0.739564 0.723820 0.698429 0.659452 0.602637 0.524237 0.422150 0.297155 0.153744 0.000000 
50.000000 41.242025 32.912733 25.377937 18.893066 13.581090 9.437843 6.358887 4.177514 2.703040 1.751404 1.164459 0.818202 0.622647 0.516815 0.461881 0.434505 0.421396 0.415359 0.412681 0.411538 0.411066 0.410879 0.410807 0.410780 0.410770 0.410767 0.410766 0.410765 0.410764 0.410760 0.410753 0.410734 0.410692 0.410596 0.410389 0.409959 0.409101 0.407459 0.404445 0.399153 0.390276 0.376076 0.354463 0.323238 0.280526 0.225368 0.158316 0.081796 0.000000 
50.000000 41.207151 32.844697 25.279912 18.769243 13.436149 9.276442 6.185265 3.995245 2.514931 1.559531 0.970269 0.622647 0.426321 0.320073 0.264924 0.237441 0.224281 0.218220 0.215532 0.214384 0.213911 0.213723 0.213650 0.213623 0.213614 0.213610 0.213609 0.213608 0.213608 0.213606 0.213602 0.213591 0.213567 0.213514 0.213399 0.213161 0.212688 0.211787 0.210144 0.207276 0.202496 0.194904 0.183433 0.166983 0.144643 0.115986 0.081347 0.041983 0.000000 
50.000000 41.188273 32.807868 25.226851 18.702219 13.357696 9.189083 6.091295 3.896596 2.413125 1.455690 0.865175 0.516815 0.320073 0.213601 0.158335 0.130795 0.117607 0.111533 0.108840 0.107689 0.107215 0.107026 0.106954 0.106927 0.106917 0.106914 0.106913 0.106912 0.106912 0.106911 0.106908 0.106903 0.106890 0.106862 0.106801 0.106675 0.106426 0.105955 0.105098 0.103612 0.101150 0.097263 0.091425 0.083106 0.071876 0.057549 0.040311 0.020787 0.000000 
50.000000 41.178472 32.788747 25.199302 18.667422 13.316967 9.143732 6.042513 3.845387 2.360278 1.401788 0.810623 0.461881 0.264924 0.158335 0.103009 0.075439 0.062237 0.056156 0.053460 0.052308 0.051833 0.051644 0.051572 0.051545 0.051535 0.051532 0.051531 0.051530 0.051530 0.051530 0.051528 0.051525 0.051519 0.051504 0.051474 0.051410 0.051285 0.051049 0.050622 0.049884 0.048668 0.046759 0.043907 0.039863 0.034432 0.027535 0.019267 0.009929 0.000000 
50.000000 41.173586 32.779215 25.185571 18.650078 13.296666 9.121128 6.018201 3.819866 2.333941 1.374926 0.783438 0.434505 0.237441 0.130795 0.075439 0.047854 0.034644 0.028561 0.025863 0.024710 0.024236 0.024047 0.023974 0.023947 0.023937 0.023934 0.023933 0.023932 0.023932 0.023932 0.023931 0.023930 0.023927 0.023920 0.023905 0.023874 0.023814 0.023700 0.023496 0.023145 0.022569 0.021668 0.020328 0.018437 0.015908 0.012709 0.008885 0.004576 0.000000 
50.000000 41.171245 32.774650 25.178993 18.641771 13.286944 9.110303 6.006557 3.807644 2.321329 1.362063 0.770420 0.421396 0.224281 0.117607 0.062237 0.034644 0.021432 0.015346 0.012648 0.011495 0.011020 0.010831 0.010759 0.010732 0.010722 0.010719 0.010718 0.010717 0.010717 0.010717 0.010717 0.010716 0.010714 0.010711 0.010704 0.010690 0.010662 0.010610 0.010516 0.010355 0.010093 0.009684 0.009078 0.008227 0.007092 0.005661 0.003955 0.002036 0.000000 
50.000000 41.170167 32.772546 25.175963 18.637944 13.282464 9.105316 6.001194 3.802014 2.315520 1.356138 0.764424 0.415359 0.218220 0.111533 0.056156 0.028561 0.015346 0.009260 0.006562 0.005409 0.004934 0.004745 0.004672 0.004645 0.004635 0.004632 0.004631 0.004630 0.004630 0.004630 0.004630 0.004630 0.004629 0.004628 0.004625 0.004618 0.004606 0.004583 0.004541 0.004471 0.004356 0.004177 0.003913 0.003544 0.003052 0.002435 0.001700 0.000875 0.000000 
50.000000 41.169689 32.771613 25.174619 18.636246 13.280478 9.103105 5.998815 3.799518 2.312944 1.353511 0.761765 0.412681 0.215532 0.108840 0.053460 0.025863 0.012648 0.006562 0.003863 0.002710 0.002235 0.002046 0.001973 0.001946 0.001937 0.001933 0.001932 0.001932 0.001932 0.001931 0.001931 0.001931 0.001931 0.001930 0.001929 0.001926 0.001921 0.001911 0.001894 0.001864 0.001815 0.001740 0.001629 0.001474 0.001269 0.001012 0.000706 0.000363 0.000000 
50.000000 41.169485 32.771215 25.174045 18.635521 13.279629 9.102160 5.997799 3.798451 2.311843 1.352388 0.760630 0.411538 0.214384 0.107689 0.052308 0.024710 0.011495 0.005409 0.002710 0.001557 0.001082 0.000893 0.000820 0.000793 0.000784 0.000780 0.000779 0.000779 0.000779 0.000778 0.000778 0.000778 0.000778 0.000778 0.000777 0.000776 0.000774 0.000770 0.000763 0.000751 0.000731 0.000700 0.000655 0.000593 0.000510 0.000406 0.000283 0.000146 0.000000 
50.000000 41.169400 32.771050 25.173808 18.635222 13.279279 9.101770 5.997380 3.798012 2.311390 1.351926 0.760162 0.411066 0.213911 0.107215 0.051833 0.024236 0.011020 0.004934 0.002235 0.001082 0.000607 0.000418 0.000345 0.000318 0.000309 0.000305 0.000304 0.000304 0.000304 0.000303 0.000303 0.000303 0.000303 0.000303 0.000303 0.000303 0.000302 0.000300 0.000297 0.000292 0.000285 0.000273 0.000255 0.000231 0.000198 0.000158 0.000110 0.000057 0.000000 
50.000000 41.169367 32.770985 25.173714 18.635103 13.279141 9.101616 5.997214 3.797837 2.311210 1.351742 0.759976 0.410879 0.213723 0.107027 0.051645 0.024047 0.010832 0.004745 0.002046 0.000893 0.000418 0.000229 0.000157 0.000130 0.000120 0.000117 0.000115 0.000115 0.000115 0.000115 0.000115 0.000115 0.000115 0.000115 0.000115 0.000115 0.000114 0.000114 0.000113 0.000111 0.000108 0.000103 0.000096 0.000087 0.000075 0.000060 0.000042 0.000021 0.000000 
50.000000 41.169354 32.770960 25.173679 18.635058 13.279088 9.101557 5.997151 3.797771 2.311141 1.351673 0.759905 0.410808 0.213652 0.106956 0.051574 0.023976 0.010760 0.004674 0.001975 0.000822 0.000347 0.000158 0.000085 0.000058 0.000048 0.000045 0.000044 0.000044 0.000043 0.000043 0.000043 0.000043 0.000043 0.000043 0.000043 0.000043 0.000043 0.000043 0.000042 0.000042 0.000041 0.000039 0.000036 0.000033 0.000028 0.000022 0.000016 0.000008 0.000000 
50.000000 41.169350 32.770952 25.173667 18.635043 13.279070 9.101538 5.997130 3.797749 2.311119 1.351650 0.759882 0.410785 0.213628 0.106932 0.051550 0.023952 0.010737 0.004650 0.001951 0.000798 0.000323 0.000134 0.000062 0.000035 0.000025 0.000021 0.000020 0.000020 0.000020 0.000020 0.000020 0.000020 0.000020 0.000020 0.000020 0.000020 0.000020 0.000020 0.000019 0.000019 0.000019 0.000018 0.000017 0.000015 0.000013 0.000010 0.000007 0.000004 0.000000 
50.000000 41.169350 32.770952 25.173667 18.635043 13.279070 9.101538 5.997130 3.797749 2.311119 1.351650 0.759882 0.410785 0.213628 0.106932 0.051550 0.023952 0.010737 0.004650 0.001951 0.000798 0.000323 0.000134 0.000062 0.000035 0.000025 0.000021 0.000020 0.000020 0.000020 0.000020 0.000020 0.000020 0.000020 0.000020 0.000020 0.000020 0.000020 0.000020 0.000019 0.000019 0.000019 0.000018 0.000017 0.000015 0.000013 0.000010 0.000007 0.000004 0.000000 
50.000000 41.169354 32.770960 25.173679 18.635058 13.279088 9.101557 5.997151 3.797771 2.311141 1.351673 0.759905 0.410808 0.213652 0.106956 0.051574 0.023976 0.010760 0.004674 0.001975 0.000822 0.000347 0.000158 0.000085 0.000058 0.000048 0.000045 0.000044 0.000044 0.000043 0.000043 0.000043 0.000043 0.000043 0.000043 0.000043 0.000043 0.000043 0.000043 0.000042 0.000042 0.000041 0.000039 0.000036 0.000033 0.000028 0.000022 0.000016 0.000008 0.000000 
50.000000 41.169367 32.770985 25.173714 18.635103 13.279141 9.101616 5.997214 3.797837 2.311210 1.351742 0.759976 0.410879 0.213723 0.107027 0.051645 0.024047 0.010832 0.004745 0.002046 0.000893 0.000418 0.000229 0.000157 0.000130 0.000120 0.000117 0.000115 0.000115 0.000115 0.000115 0.000115 0.000115 0.000115 0.000115 0.000115 0.000115 0.000114 0.000114 0.000113 0.000111 0.000108 0.000103 0.000096 0.000087 0.000075 0.000060 0.000042 0.000021 0.000000 
50.000000 41.169400 32.771050 25.173808 18.635222 13.279279 9.101770 5.997380 3.798012 2.311390 1.351926 0.760162 0.411066 0.213911 0.107215 0.051833 0.024236 0.011020 0.004934 0.002235 0.001082 0.000607 0.000418 0.000345 0.000318 0.000309 0.000305 0.000304 0.000304 0.000304 0.000303 0.000303 0.000303 0.000303 0.000303 0.000303 0.000303 0.000302 0.000300 0.000297 0.000292 0.000285 0.000273 0.000255 0.000231 0.000198 0.000158 0.000110 0.000057 0.000000 
50.000000 41.169485 32.771215 25.174045 18.635521 13.279629 9.102160 5.997799 3.798451 2.311843 1.352388 0.760630 0.411538 0.214384 0.107689 0.052308 0.024710 0.011495 0.005409 0.002710 0.001557 0.001082 0.000893 0.000820 0.000793 0.000784 0.000780 0.000779 0.000779 0.000779 0.000778 0.000778 0.000778 0.000778 0.000778 0.000777 0.000776 0.000774 0.000770 0.000763 0.000751 0.000731 0.000700 0.000655 0.000593 0.000510 0.000406 0.000283 0.000146 0.000000 
50.000000 41.169689 32.771613 25.174619 18.636246 13.280478 9.103105 5.998815 3.799518 2.312944 1.353511 0.761765 0.412681 0.215532 0.108840 0.053460 0.025863 0.012648 0.006562 0.003863 0.002710 0.002235 0.002046 0.001973 0.001946 0.001937 0.001933 0.001932 0.001932 0.001932 0.001931 0.001931 0.001931 0.001931 0.001930 0.001929 0.001926 0.001921 0.001911 0.001894 0.001864 0.001815 0.001740 0.001629 0.001474 0.001269 0.001012 0.000706 0.000363 0.000000 
50.000000 41.170167 32.772546 25.175963 18.637944 13.282464 9.105316 6.001194 3.802014 2.315520 1.356138 0.764424 0.415359 0.218220 0.111533 0.056156 0.028561 0.015346 0.009260 0.006562 0.005409 0.004934 0.004745 0.004672 0.004645 0.004635 0.004632 0.004631 0.004630 0.004630 0.004630 0.004630 0.004630 0.004629 0.004628 0.004625 0.004618 0.004606 0.004583 0.004541 0.004471 0.004356 0.004177 0.003913 0.003544 0.003052 0.002435 0.001700 0.000875 0.000000 
50.000000 41.171245 32.774650 25.178993 18.641771 13.286944 9.110303 6.006557 3.807644 2.321329 1.362063 0.770420 0.421396 0.224281 0.117607 0.062237 0.034644 0.021432 0.015346 0.012648 0.011495 0.011020 0.010831 0.010759 0.010732 0.010722 0.010719 0.010718 0.010717 0.010717 0.010717 0.010717 0.010716 0.010714 0.010711 0.010704 0.010690 0.010662 0.010610 0.010516 0.010355 0.010093 0.009684 0.009078 0.008227 0.007092 0.005661 0.003955 0.002036 0.000000 
50.000000 41.173586 32.779215 25.185571 18.650078 13.296666 9.121128 6.018201 3.819866 2.333941 1.374926 0.783438 0.434505 0.237441 0.130795 0.075439 0.047854 0.034644 0.028561 0.025863 0.024710 0.024236 0.024047 0.023974 0.023947 0.023937 0.023934 0.023933 0.023932 0.023932 0.023932 0.023931 0.023930 0.023927 0.023920 0.023905 0.023874 0.023814 0.023700 0.023496 0.023145 0.022569 0.021668 0.020328 0.018437 0.015908 0.012709 0.008885 0.004576 0.000000 
50.000000 41.178472 32.788747 25.199302 18.667422 13.316967 9.143732 6.042513 3.845387 2.360278 1.401788 0.810623 0.461881 0.264924 0.158335 0.103009 0.075439 0.062237 0.056156 0.053460 0.052308 0.051833 0.051644 0.051572 0.051545 0.051535 0.051532 0.051531 0.051530 0.051530 0.051530 0.051528 0.051525 0.051519 0.051504 0.051474 0.051410 0.051285 0.051049 0.050622 0.049884 0.048668 0.046759 0.043907 0.039863 0.034432 0.027535 0.019267 0.009929 0.000000 
50.000000 41.188273 32.807868 25.226851 18.702219 13.357696 9.189083 6.091295 3.896596 2.413125 1.455690 0.865175 0.516815 0.320073 0.213601 0.158335 0.130795 0.117607 0.111533 0.108840 0.107689 0.107215 0.107026 0.106954 0.106927 0.106917 0.106914 0.106913 0.106912 0.106912 0.106911 0.106908 0.106903 0.106890 0.106862 0.106801 0.106675 0.106426 0.105955 0.105098 0.103612 0.101150 0.097263 0.091425 0.083106 0.071876 0.057549 0.040311 0.020787 0.000000 
50.000000 41.207151 32.844697 25.279912 18.769243 13.436149 9.276442 6.185265 3.995245 2.514931 1.559531 0.970269 0.622647 0.426321 0.320073 0.264924 0.237441 0.224281 0.218220 0.215532 0.214384 0.213911 0.213723 0.213650 0.213623 0.213614 0.213610 0.213609 0.213608 0.213608 0.213606 0.213602 0.213591 0.213567 0.213514 0.213399 0.213161 0.212688 0.211787 0.210144 0.207276 0.202496 0.194904 0.183433 0.166983 0.144643 0.115986 0.081347 0.041983 0.000000 
50.000000 41.242025 32.912733 25.377937 18.893066 13.581090 9.437843 6.358887 4.177514 2.703040 1.751404 1.164459 0.818202 0.622647 0.516815 0.461881 0.434505 0.421396 0.415359 0.412681 0.411538 0.411066 0.410879 0.410807 0.410780 0.410770 0.410767 0.410766 0.410765 0.410764 0.410760 0.410753 0.410734 0.410692 0.410596 0.410389 0.409959 0.409101 0.407459 0.404445 0.399153 0.390276 0.376076 0.354463 0.323238 0.280526 0.225368 0.158316 0.081796 0.000000 
50.000000 41.303760 33.033172 25.551467 19.112270 13.837689 9.723590 6.666278 4.500226 3.036097 2.091131 1.508295 1.164459 0.970269 0.865175 0.810623 0.783438 0.770420 0.764424 0.761765 0.760629 0.760161 0.759975 0.759904 0.759877 0.759867 0.759864 0.759863 0.759862 0.759859 0.759854 0.759841 0.759810 0.759738 0.759574 0.759220 0.758482 0.757000 0.754148 0.748880 0.739564 0.723820 0.698429 0.659452 0.602637 0.524237 0.422150 0.297155 0.153744 0.000000 
50.000000 41.408383 33.237286 25.845562 19.483784 14.272592 10.207909 7.187295 5.047226 3.600645 2.666994 2.091131 1.751404 1.559531 1.455690 1.401788 1.374926 1.362063 1.356138 1.353511 1.352388 1.351926 1.351742 1.351671 1.351645 1.351635 1.351632 1.351630 1.351629 1.351625 1.351617 1.351597 1.351547 1.351430 1.351166 1.350592 1.349388 1.346959 1.342251 1.333497 1.317896 1.291297 1.247997 1.180848 1.081927 0.943944 0.762404 0.538086 0.278913 0.000000 
50.000000 41.577976 33.568158 26.322305 20.086039 14.977623 10.993071 8.031975 5.934048 4.515935 3.600645 3.036097 2.703040 2.514931 2.413125 2.360278 2.333941 2.321329 2.315520 2.312944 2.311843 2.311389 2.311209 2.311140 2.311114 2.311105 2.311101 2.311099 2.311097 2.311092 2.311080 2.311049 2.310974 2.310796 2.310393 2.309512 2.307655 2.303887 2.296533 2.282749 2.257968 2.215299 2.145074 2.034862 1.870407 1.637948 1.328085 0.940631 0.488792 0.000000 
50.000000 41.840697 34.080723 27.060854 21.019045 16.069874 12.209491 9.340635 7.308030 5.934048 5.047226 4.500226 4.177514 3.995245 3.896596 3.845387 3.819866 3.807644 3.802014 3.799518 3.798451 3.798012 3.797837 3.797770 3.797745 3.797735 3.797732 3.797730 3.797727 3.797720 3.797703 3.797659 3.797551 3.797297 3.796719 3.795446 3.792749 3.787239 3.776407 3.755929 3.718750 3.654015 3.546119 3.374376 3.114110 2.740108 2.233161 1.589255 0.828750 0.000000 
50.000000 42.229304 34.838899 28.153317 22.399174 17.685599 14.008935 11.276569 9.340635 8.031975 7.187295 6.666278 6.358887 6.185265 6.091295 6.042513 6.018201 6.006557 6.001194 5.998815 5.997799 5.997380 5.997214 5.997150 5.997126 5.997117 5.997114 5.997112 5.997108 5.997099 5.997076 5.997017 5.996873 5.996533 5.995754 5.994033 5.990361 5.982811 5.967848 5.939299 5.886901 5.794516 5.638284 5.385439 4.995022 4.422337 3.629109 2.600090 1.362841 0.000000 
50.000000 42.777730 35.908892 29.695098 24.346969 19.965935 16.548611 14.008935 12.209491 10.993071 10.207909 9.723590 9.437843 9.276442 9.189083 9.143732 9.121128 9.110303 9.105316 9.103105 9.102160 9.101770 9.101615 9.101556 9.101534 9.101525 9.101522 9.101520 9.101515 9.101504 9.101476 9.101403 9.101225 9.100800 9.099825 9.097658 9.093009 9.083380 9.064139 9.027060 8.958209 8.835115 8.623496 8.274305 7.722813 6.892775 5.710167 4.130969 2.182344 0.000000 
50.000000 43.515629 37.348561 31.769581 26.967785 23.034246 19.965935 17.685599 16.069874 14.977623 14.272592 13.837689 13.581090 13.436149 13.357696 13.316967 13.296666 13.286944 13.282464 13.280478 13.279629 13.279279 13.279140 13.279087 13.279067 13.279059 13.279056 13.279054 13.279049 13.279036 13.279004 13.278921 13.278717 13.278229 13.277103 13.274590 13.269166 13.257852 13.235052 13.190665 13.107216 12.955764 12.690577 12.243122 11.517123 10.388805 8.720517 6.400953 3.425040 0.000000 
50.000000 44.461568 39.194136 34.428976 30.327596 26.967785 24.346969 22.399174 21.019045 20.086039 19.483784 19.112270 18.893066 18.769243 18.702219 18.667422 18.650078 18.641771 18.637944 18.636246 18.635521 18.635222 18.635103 18.635057 18.635040 18.635034 18.635031 18.635029 18.635024 18.635011 18.634977 18.634891 18.634678 18.634169 18.632990 18.630343 18.624600 18.612540 18.588034 18.539840 18.448091 18.278937 17.976837 17.454194 16.578981 15.163798 12.967054 9.733190 5.324902 0.000000 
50.000000 45.616267 41.447023 37.675315 34.428976 31.769581 29.695098 28.153317 27.060854 26.322305 25.845562 25.551467 25.377937 25.279912 25.226851 25.199302 25.185571 25.178993 25.175963 25.174619 25.174045 25.173808 25.173714 25.173678 25.173664 25.173659 25.173657 25.173655 25.173650 25.173639 25.173608 25.173529 25.173333 25.172862 25.171767 25.169303 25.163927 25.152569 25.129317 25.083158 24.994221 24.827693 24.524208 23.984931 23.049065 21.461922 18.837657 14.647163 8.350138 0.000000 
50.000000 46.957822 44.064488 41.447023 39.194136 37.348561 35.908892 34.838899 34.080723 33.568158 33.237286 33.033172 32.912733 32.844697 32.807868 32.788747 32.779215 32.774650 32.772546 32.771613 32.771215 32.771050 32.770985 32.770960 32.770950 32.770947 32.770945 32.770944 32.770940 32.770931 32.770907 32.770846 32.770695 32.770330 32.769479 32.767558 32.763350 32.754417 32.736017 32.699199 32.627527 32.491468 32.238810 31.777923 30.947609 29.460946 26.799860 22.032244 13.615344 0.000000 
50.000000 48.440768 46.957822 45.616267 44.461568 43.515629 42.777730 42.229304 41.840697 41.577976 41.408383 41.303760 41.242025 41.207151 41.188273 41.178472 41.173586 41.171245 41.170167 41.169689 41.169485 41.169400 41.169367 41.169354 41.169349 41.169347 41.169346 41.169346 41.169344 41.169339 41.169326 41.169292 41.169209 41.169010 41.168543 41.167487 41.165168 41.160230 41.150016 41.129470 41.089184 41.011946 40.866463 40.595386 40.090589 39.136666 37.266129 33.342478 24.220384 0.000000 
50.000000 50.000000 50.000000 50.000000 50.000000 50.000000 50.000000 50.000000 50.000000 50.000000 50.000000 50.000000 50.000000 50.000000 50.000000 50.000000 50.000000 50.000000 50.000000 50.000000 50.000000 50.000000 50.000000 50.000000 50.000000 50.000000 50.000000 50.000000 50.000000 50.000000 50.000000 50.000000 50.000000 50.000000 50.000000 50.000000 50.000000 50.000000 50.000000 50.000000 50.000000 50.000000 50.000000 50.000000 50.000000 50.000000 50.000000 50.000000 50.000000 50.000000 
