50.000000 50.000000 50.000000 50.000000 50.000000 50.000000 50.000000 50.000000 50.000000 50.000000 50.000000 50.000000 50.000000 50.000000 50.000000 50.000000 50.000000 50.000000 50.000000 50.000000 50.000000 50.000000 50.000000 50.000000 50.000000 50.000000 50.000000 50.000000 50.000000 50.000000 50.000000 50.000000 50.000000 50.000000 50.000000 50.000000 50.000000 50.000000 50.000000 50.000000 50.000000 50.000000 50.000000 50.000000 50.000000 50.000000 50.000000 50.000000 50.000000 50.000000 
50.000000 47.927145 45.989044 44.294219 42.907226 41.844059 41.079899 40.564216 40.237006 40.041486 39.931286 39.872600 39.843021 39.828888 39.822475 39.819707 39.818569 39.818122 39.817955 39.817895 39.817874 39.817867 39.817865 39.817865 39.817864 39.817864 39.817864 39.817864 39.817864 39.817864 39.817863 39.817859 39.817849 39.817818 39.817731 39.817492 39.816865 39.815282 39.811434 39.802428 39.782092 39.737698 39.643623 39.448937 39.051743 38.241302 36.551673 32.843478 23.963573 0.000000 
50.000000 45.989044 42.238846 38.959404 36.275631 34.218472 32.739894 31.742111 31.109012 30.730721 30.517509 30.403969 30.346745 30.319402 30.306996 30.301642 30.299440 30.298577 30.298253 30.298137 30.298097 30.298084 30.298080 30.298078 30.298078 30.298078 30.298078 30.298078 30.298078 30.298077 30.298075 30.298069 30.298050 30.297996 30.297841 30.297418 30.296313 30.293531 30.286798 30.271122 30.235991 30.160075 30.001537 29.680477 29.047086 27.822973 25.492877 21.119423 13.145567 0.000000 
50.000000 44.294219 38.959404 34.294301 30.476606 27.550328 25.447119 24.027854 23.127349 22.589294 22.286048 22.124568 22.043185 22.004301 21.986659 21.979045 21.975915 21.974687 21.974227 21.974062 21.974005 21.973986 21.973980 21.973979 21.973978 21.973978 21.973978 21.973978 21.973978 21.973977 21.973975 21.973967 21.973944 21.973877 21.973686 21.973170 21.971823 21.968448 21.960332 21.941587 21.900012 21.811408 21.629820 21.271579 20.590596 19.343194 17.147150 13.466527 7.742546 0.000000 
50.000000 42.907226 36.275631 30.476606 25.731045 22.093632 19.479378 17.715312 16.596075 15.927353 15.550481 15.349804 15.248671 15.200354 15.178433 15.168973 15.165084 15.163559 15.162987 15.162782 15.162711 15.162688 15.162681 15.162679 15.162678 15.162678 15.162678 15.162678 15.162677 15.162677 15.162674 15.162667 15.162643 15.162575 15.162382 15.161862 15.160513 15.157153 15.149132 15.130778 15.090549 15.006112 14.836471 14.510458 13.911973 12.865522 11.133412 8.452659 4.665924 0.000000 
50.000000 41.844059 34.218472 27.550328 22.093632 17.911244 14.905396 12.877157 11.590362 10.821561 10.388307 10.157619 10.041370 9.985833 9.960638 9.949766 9.945297 9.943544 9.942887 9.942652 9.942571 9.942544 9.942536 9.942533 9.942532 9.942532 9.942532 9.942532 9.942532 9.942531 9.942529 9.942522 9.942501 9.942441 9.942272 9.941816 9.940640 9.937732 9.930844 9.915237 9.881442 9.811581 9.673881 9.415568 8.955622 8.181659 6.959732 5.171385 2.792316 0.000000 
50.000000 41.079899 32.739894 25.447119 19.479378 14.905396 11.618208 9.400204 7.993068 7.152405 6.678675 6.426449 6.299352 6.238637 6.211094 6.199210 6.194325 6.192409 6.191691 6.191434 6.191345 6.191316 6.191307 6.191304 6.191303 6.191303 6.191303 6.191303 6.191302 6.191302 6.191300 6.191295 6.191278 6.191231 6.191097 6.190741 6.189825 6.187575 6.182288 6.170425 6.145040 6.093307 5.993107 5.809104 5.489829 4.968920 4.175539 3.059417 1.630962 0.000000 
50.000000 40.564216 31.742111 24.027854 17.715312 12.877157 9.400204 7.054228 5.565956 4.676852 4.175847 3.909110 3.774708 3.710506 3.681383 3.668818 3.663653 3.661627 3.660868 3.660596 3.660503 3.660472 3.660462 3.660459 3.660458 3.660458 3.660458 3.660458 3.660458 3.660457 3.660456 3.660452 3.660440 3.660406 3.660311 3.660057 3.659409 3.657827 3.654139 3.645941 3.628587 3.593681 3.527114 3.407097 3.203276 2.878841 2.398034 1.740574 0.920593 0.000000 
50.000000 40.237006 31.109012 23.127349 16.596075 11.590362 7.993068 5.565956 4.026254 3.106455 2.588170 2.312244 2.173217 2.106808 2.076686 2.063690 2.058349 2.056254 2.055469 2.055188 2.055091 2.055059 2.055049 2.055046 2.055045 2.055045 2.055045 2.055045 2.055044 2.055044 2.055043 2.055041 2.055033 2.055010 2.054948 2.054782 2.054361 2.053339 2.050975 2.045763 2.034841 2.013127 1.972275 1.899761 1.778781 1.589963 1.315941 0.948936 0.499308 0.000000 
50.000000 40.041486 30.730721 22.589294 15.927353 10.821561 7.152405 4.676852 3.106455 2.168341 1.639750 1.358345 1.216561 1.148838 1.118120 1.104868 1.099421 1.097285 1.096485 1.096198 1.096099 1.096067 1.096057 1.096053 1.096053 1.096052 1.096052 1.096052 1.096052 1.096052 1.096051 1.096050 1.096045 1.096031 1.095993 1.095893 1.095640 1.095029 1.093624 1.090552 1.084171 1.071614 1.048266 1.007365 0.940118 0.836804 0.689282 0.494730 0.259394 0.000000 
50.000000 39.931286 30.517509 22.286048 15.550481 10.388307 6.678675 4.175847 2.588170 1.639750 1.105361 0.820875 0.677542 0.609080 0.578028 0.564632 0.559126 0.556967 0.556158 0.555868 0.555768 0.555736 0.555725 0.555722 0.555721 0.555721 0.555721 0.555721 0.555721 0.555721 0.555720 0.555719 0.555717 0.555709 0.555687 0.555631 0.555489 0.555148 0.554370 0.552680 0.549198 0.542407 0.529906 0.508250 0.473070 0.419703 0.344460 0.246387 0.128858 0.000000 
50.000000 39.872600 30.403969 22.124568 15.349804 10.157619 6.426449 3.909110 2.312244 1.358345 0.820875 0.534752 0.390597 0.321743 0.290513 0.277041 0.271504 0.269333 0.268519 0.268228 0.268128 0.268095 0.268084 0.268081 0.268080 0.268080 0.268080 0.268080 0.268080 0.268080 0.268079 0.268079 0.268077 0.268073 0.268062 0.268032 0.267958 0.267780 0.267376 0.266504 0.264721 0.261270 0.254971 0.244161 0.226776 0.200672 0.164236 0.117172 0.061165 0.000000 
50.000000 39.843021 30.346745 22.043185 15.248671 10.041370 6.299352 3.774708 2.173217 1.216561 0.677542 0.390597 0.246028 0.176977 0.145659 0.132148 0.126595 0.124418 0.123602 0.123310 0.123209 0.123176 0.123166 0.123162 0.123162 0.123161 0.123161 0.123161 0.123161 0.123161 0.123161 0.123161 0.123160 0.123158 0.123152 0.123138 0.123101 0.123014 0.122817 0.122393 0.121532 0.119878 0.116881 0.111778 0.103638 0.091518 0.074737 0.053214 0.027739 0.000000 
50.000000 39.828888 30.319402 22.004301 15.200354 9.985833 6.238637 3.710506 2.106808 1.148838 0.609080 0.321743 0.176977 0.107833 0.076472 0.062943 0.057383 0.055203 0.054386 0.054093 0.053993 0.053959 0.053949 0.053946 0.053945 0.053944 0.053944 0.053944 0.053944 0.053944 0.053944 0.053944 0.053944 0.053943 0.053940 0.053933 0.053916 0.053876 0.053785 0.053591 0.053198 0.052448 0.051097 0.048812 0.045193 0.039841 0.032479 0.023089 0.012023 0.000000 
50.000000 39.822475 30.306996 21.986659 15.178433 9.960638 6.211094 3.681383 2.076686 1.118120 0.578028 0.290513 0.145659 0.076472 0.045092 0.031555 0.025992 0.023810 0.022993 0.022700 0.022599 0.022566 0.022555 0.022552 0.022551 0.022551 0.022551 0.022551 0.022551 0.022551 0.022551 0.022551 0.022551 0.022550 0.022549 0.022546 0.022539 0.022521 0.022481 0.022397 0.022227 0.021904 0.021326 0.020353 0.018822 0.016570 0.013489 0.009578 0.004983 0.000000 
50.000000 39.819707 30.301642 21.979045 15.168973 9.949766 6.199210 3.668818 2.063690 1.104868 0.564632 0.277041 0.132148 0.062943 0.031555 0.018014 0.012450 0.010268 0.009450 0.009157 0.009056 0.009023 0.009012 0.009009 0.009008 0.009008 0.009008 0.009008 0.009008 0.009008 0.009008 0.009008 0.009008 0.009008 0.009007 0.009006 0.009003 0.008995 0.008979 0.008944 0.008874 0.008742 0.008507 0.008112 0.007495 0.006591 0.005359 0.003801 0.001976 0.000000 
50.000000 39.818569 30.299440 21.975915 15.165084 9.945297 6.194325 3.663653 2.058349 1.099421 0.559126 0.271504 0.126595 0.057383 0.025992 0.012450 0.006884 0.004702 0.003884 0.003591 0.003490 0.003457 0.003447 0.003444 0.003443 0.003442 0.003442 0.003442 0.003442 0.003442 0.003442 0.003442 0.003442 0.003442 0.003442 0.003441 0.003440 0.003437 0.003431 0.003417 0.003390 0.003338 0.003247 0.003094 0.002856 0.002509 0.002038 0.001445 0.000751 0.000000 
50.000000 39.818122 30.298577 21.974687 15.163559 9.943544 6.192409 3.661627 2.056254 1.097285 0.556967 0.269333 0.124418 0.055203 0.023810 0.010268 0.004702 0.002520 0.001702 0.001409 0.001308 0.001275 0.001264 0.001261 0.001260 0.001260 0.001260 0.001260 0.001260 0.001260 0.001260 0.001260 0.001260 0.001260 0.001260 0.001259 0.001259 0.001258 0.001255 0.001250 0.001240 0.001221 0.001187 0.001131 0.001043 0.000916 0.000743 0.000526 0.000273 0.000000 
50.000000 39.817955 30.298253 21.974227 15.162987 9.942887 6.191691 3.660868 2.055469 1.096485 0.556158 0.268519 0.123602 0.054386 0.022993 0.009450 0.003884 0.001702 0.000884 0.000591 0.000490 0.000457 0.000447 0.000443 0.000442 0.000442 0.000442 0.000442 0.000442 0.000442 0.000442 0.000442 0.000442 0.000442 0.000442 0.000442 0.000442 0.000441 0.000441 0.000439 0.000435 0.000428 0.000416 0.000396 0.000365 0.000320 0.000260 0.000184 0.000096 0.000000 
50.000000 39.817895 30.298137 21.974062 15.162782 9.942652 6.191434 3.660596 2.055188 1.096198 0.555868 0.268228 0.123310 0.054093 0.022700 0.009157 0.003591 0.001409 0.000591 0.000298 0.000197 0.000164 0.000153 0.000150 0.000149 0.000149 0.000149 0.000149 0.000149 0.000149 0.000149 0.000149 0.000149 0.000149 0.000149 0.000149 0.000149 0.000149 0.000148 0.000148 0.000147 0.000144 0.000140 0.000133 0.000123 0.000108 0.000087 0.000062 0.000032 0.000000 
50.000000 39.817874 30.298097 21.974005 15.162711 9.942571 6.191345 3.660503 2.055091 1.096099 0.555768 0.268128 0.123209 0.053993 0.022599 0.009056 0.003490 0.001308 0.000490 0.000197 0.000096 0.000063 0.000053 0.000050 0.000049 0.000048 0.000048 0.000048 0.000048 0.000048 0.000048 0.000048 0.000048 0.000048 0.000048 0.000048 0.000048 0.000048 0.000048 0.000048 0.000047 0.000047 0.000045 0.000043 0.000040 0.000035 0.000028 0.000020 0.000010 0.000000 
50.000000 39.817867 30.298084 21.973986 15.162688 9.942544 6.191316 3.660472 2.055059 1.096067 0.555736 0.268095 0.123176 0.053959 0.022566 0.009023 0.003457 0.001275 0.000457 0.000164 0.000063 0.000030 0.000020 0.000016 0.000015 0.000015 0.000015 0.000015 0.000015 0.000015 0.000015 0.000015 0.000015 0.000015 0.000015 0.000015 0.000015 0.000015 0.000015 0.000015 0.000015 0.000015 0.000014 0.000013 0.000012 0.000011 0.000009 0.000006 0.000003 0.000000 
50.000000 39.817865 30.298080 21.973980 15.162681 9.942536 6.191307 3.660462 2.055049 1.096057 0.555725 0.268084 0.123166 0.053949 0.022555 0.009012 0.003447 0.001264 0.000447 0.000153 0.000053 0.000020 0.000009 0.000006 0.000005 0.000005 0.000005 0.000005 0.000005 0.000005 0.000005 0.000005 0.000005 0.000005 0.000005 0.000005 0.000005 0.000005 0.000004 0.000004 0.000004 0.000004 0.000004 0.000004 0.000004 0.000003 0.000003 0.000002 0.000001 0.000000 
50.000000 39.817865 30.298078 21.973979 15.162679 9.942533 6.191304 3.660459 2.055046 1.096054 0.555722 0.268081 0.123163 0.053946 0.022552 0.009009 0.003444 0.001261 0.000443 0.000150 0.000050 0.000016 0.000006 0.000003 0.000002 0.000001 0.000001 0.000001 0.000001 0.000001 0.000001 0.000001 0.000001 0.000001 0.000001 0.000001 0.000001 0.000001 0.000001 0.000001 0.000001 0.000001 0.000001 0.000001 0.000001 0.000001 0.000001 0.000001 0.000000 0.000000 
50.000000 39.817864 30.298078 21.973978 15.162678 9.942532 6.191303 3.660458 2.055045 1.096053 0.555721 0.268080 0.123162 0.053945 0.022551 0.009008 0.003443 0.001260 0.000443 0.000149 0.000049 0.000015 0.000005 0.000002 0.000001 0.000001 0.000000 0.000000 0.000000 0.000000 0.000000 0.000000 0.000000 0.000000 0.000000 0.000000 0.000000 0.000000 0.000000 0.000000 0.000000 0.000000 0.000000 0.000000 0.000000 0.000000 0.000000 0.000000 0.000000 0.000000 
50.000000 39.817864 30.298078 21.973978 15.162678 9.942532 6.191303 3.660458 2.055045 1.096053 0.555721 0.268080 0.123162 0.053945 0.022551 0.009008 0.003443 0.001260 0.000443 0.000149 0.000049 0.000015 0.000005 0.000002 0.000001 0.000001 0.000000 0.000000 0.000000 0.000000 0.000000 0.000000 0.000000 0.000000 0.000000 0.000000 0.000000 0.000000 0.000000 0.000000 0.000000 0.000000 0.000000 0.000000 0.000000 0.000000 0.000000 0.000000 0.000000 0.000000 
50.000000 39.817865 30.298078 21.973979 15.162679 9.942533 6.191304 3.660459 2.055046 1.096054 0.555722 0.268081 0.123163 0.053946 0.022552 0.009009 0.003444 0.001261 0.000443 0.000150 0.000050 0.000016 0.000006 0.000003 0.000002 0.000001 0.000001 0.000001 0.000001 0.000001 0.000001 0.000001 0.000001 0.000001 0.000001 0.000001 0.000001 0.000001 0.000001 0.000001 0.000001 0.000001 0.000001 0.000001 0.000001 0.000001 0.000001 0.000001 0.000000 0.000000 
50.000000 39.817865 30.298080 21.973980 15.162681 9.942536 6.191307 3.660462 2.055049 1.096057 0.555725 0.268084 0.123166 0.053949 0.022555 0.009012 0.003447 0.001264 0.000447 0.000153 0.000053 0.000020 0.000009 0.000006 0.000005 0.000005 0.000005 0.000005 0.000005 0.000005 0.000005 0.000005 0.000005 0.000005 0.000005 0.000005 0.000005 0.000005 0.000004 0.000004 0.000004 0.000004 0.000004 0.000004 0.000004 0.000003 0.000003 0.000002 0.000001 0.000000 
50.000000 39.817867 30.298084 21.973986 15.162688 9.942544 6.191316 3.660472 2.055059 1.096067 0.555736 0.268095 0.123176 0.053959 0.022566 0.009023 0.003457 0.001275 0.000457 0.000164 0.000063 0.000030 0.000020 0.000016 0.000015 0.000015 0.000015 0.000015 0.000015 0.000015 0.000015 0.000015 0.000015 0.000015 0.000015 0.000015 0.000015 0.000015 0.000015 0.000015 0.000015 0.000015 0.000014 0.000013 0.000012 0.000011 0.000009 0.000006 0.000003 0.000000 
50.000000 39.817874 30.298097 21.974005 15.162711 9.942571 6.191345 3.660503 2.055091 1.096099 0.555768 0.268128 0.123209 0.053993 0.022599 0.009056 0.003490 0.001308 0.000490 0.000197 0.000096 0.000063 0.000053 0.000050 0.000049 0.000048 0.000048 0.000048 0.000048 0.000048 0.000048 0.000048 0.000048 0.000048 0.000048 0.000048 0.000048 0.000048 0.000048 0.000048 0.000047 0.000047 0.000045 0.000043 0.000040 0.000035 0.000028 0.000020 0.000010 0.000000 
50.000000 39.817895 30.298137 21.974062 15.162782 9.942652 6.191434 3.660596 2.055188 1.096198 0.555868 0.268228 0.123310 0.054093 0.022700 0.009157 0.003591 0.001409 0.000591 0.000298 0.000197 0.000164 0.000153 0.000150 0.000149 0.000149 0.000149 0.000149 0.000149 0.000149 0.000149 0.000149 0.000149 0.000149 0.000149 0.000149 0.000149 0.000149 0.000148 0.000148 0.000147 0.000144 0.000140 0.000133 0.000123 0.000108 0.000087 0.000062 0.000032 0.000000 
50.000000 39.817955 30.298253 21.974227 15.162987 9.942887 6.191691 3.660868 2.055469 1.096485 0.556158 0.268519 0.123602 0.054386 0.022993 0.009450 0.003884 0.001702 0.000884 0.000591 0.000490 0.000457 0.000447 0.000443 0.000442 0.000442 0.000442 0.000442 0.000442 0.000442 0.000442 0.000442 0.000442 0.000442 0.000442 0.000442 0.000442 0.000441 0.000441 0.000439 0.000435 0.000428 0.000416 0.000396 0.000365 0.000320 0.000260 0.000184 0.000096 0.000000 
50.000000 39.818122 30.298577 21.974687 15.163559 9.943544 6.192409 3.661627 2.056254 1.097285 0.556967 0.269333 0.124418 0.055203 0.023810 0.010268 0.004702 0.002520 0.001702 0.001409 0.001308 0.001275 0.001264 0.001261 0.001260 0.001260 0.001260 0.001260 0.001260 0.001260 0.001260 0.001260 0.001260 0.001260 0.001260 0.001259 0.001259 0.001258 0.001255 0.001250 0.001240 0.001221 0.001187 0.001131 0.001043 0.000916 0.000743 0.000526 0.000273 0.000000 
50.000000 39.818569 30.299440 21.975915 15.165084 9.945297 6.194325 3.663653 2.058349 1.099421 0.559126 0.271504 0.126595 0.057383 0.025992 0.012450 0.006884 0.004702 0.003884 0.003591 0.003490 0.003457 0.003447 0.003444 0.003443 0.003442 0.003442 0.003442 0.003442 0.003442 0.003442 0.003442 0.003442 0.003442 0.003442 0.003441 0.003440 0.003437 0.003431 0.003417 0.003390 0.003338 0.003247 0.003094 0.002856 0.002509 0.002038 0.001445 0.000751 0.000000 
50.000000 39.819707 30.301642 21.979045 15.168973 9.949766 6.199210 3.668818 2.063690 1.104868 0.564632 0.277041 0.132148 0.062943 0.031555 0.018014 0.012450 0.010268 0.009450 0.009157 0.009056 0.009023 0.009012 0.009009 0.009008 0.009008 0.009008 0.009008 0.009008 0.009008 0.009008 0.009008 0.009008 0.009008 0.009007 0.009006 0.009003 0.008995 0.008979 0.008944 0.008874 0.008742 0.008507 0.008112 0.007495 0.006591 0.005359 0.003801 0.001976 0.000000 
50.000000 39.822475 30.306996 21.986659 15.178433 9.960638 6.211094 3.681383 2.076686 1.118120 0.578028 0.290513 0.145659 0.076472 0.045092 0.031555 0.025992 0.023810 0.022993 0.022700 0.022599 0.022566 0.022555 0.022552 0.022551 0.022551 0.022551 0.022551 0.022551 0.022551 0.022551 0.022551 0.022551 0.022550 0.022549 0.022546 0.022539 0.022521 0.022481 0.022397 0.022227 0.021904 0.021326 0.020353 0.018822 0.016570 0.013489 0.009578 0.004983 0.000000 
50.000000 39.828888 30.319402 22.004301 15.200354 9.985833 6.238637 3.710506 2.106808 1.148838 0.609080 0.321743 0.176977 0.107833 0.076472 0.062943 0.057383 0.055203 0.054386 0.054093 0.053993 0.053959 0.053949 0.053946 0.053945 0.053944 0.053944 0.053944 0.053944 0.053944 0.053944 0.053944 0.053944 0.053943 0.053940 0.053933 0.053916 0.053876 0.053785 0.053591 0.053198 0.052448 0.051097 0.048812 0.045193 0.039841 0.032479 0.023089 0.012023 0.000000 
50.000000 39.843021 30.346745 22.043185 15.248671 10.041370 6.299352 3.774708 2.173217 1.216561 0.677542 0.390597 0.246028 0.176977 0.145659 0.132148 0.126595 0.124418 0.123602 0.123310 0.123209 0.123176 0.123166 0.123162 0.123162 0.123161 0.123161 0.123161 0.123161 0.123161 0.123161 0.123161 0.123160 0.123158 0.123152 0.123138 0.123101 0.123014 0.122817 0.122393 0.121532 0.119878 0.116881 0.111778 0.103638 0.091518 0.074737 0.053214 0.027739 0.000000 
50.000000 39.872600 30.403969 22.124568 15.349804 10.157619 6.426449 3.909110 2.312244 1.358345 0.820875 0.534752 0.390597 0.321743 0.290513 0.277041 0.271504 0.269333 0.268519 0.268228 0.268128 0.268095 0.268084 0.268081 0.268080 0.268080 0.268080 0.268080 0.268080 0.268080 0.268079 0.268079 0.268077 0.268073 0.268062 0.268032 0.267958 0.267780 0.267376 0.266504 0.264721 0.261270 0.254971 0.244161 0.226776 0.200672 0.164236 0.117172 0.061165 0.000000 
50.000000 39.931286 30.517509 22.286048 15.550481 10.388307 6.678675 4.175847 2.588170 1.639750 1.105361 0.820875 0.677542 0.609080 0.578028 0.564632 0.559126 0.556967 0.556158 0.555868 0.555768 0.555736 0.555725 0.555722 0.555721 0.555721 0.555721 0.555721 0.555721 0.555721 0.555720 0.555719 0.555717 0.555709 0.555687 0.555631 0.555489 0.555148 0.554370 0.552680 0.549198 0.542407 0.529906 0.508250 0.473070 0.419703 0.344460 0.246387 0.128858 0.000000 
50.000000 40.041486 30.730721 22.589294 15.927353 10.821561 7.152405 4.676852 3.106455 2.168341 1.639750 1.358345 1.216561 1.148838 1.118120 1.104868 1.099421 1.097285 1.096485 1.096198 1.096099 1.096067 1.096057 1.096053 1.096053 1.096052 1.096052 1.096052 1.096052 1.096052 1.096051 1.096050 1.096045 1.096031 1.095993 1.095893 1.095640 1.095029 1.093624 1.090552 1.084171 1.071614 1.048266 1.007365 0.940118 0.836804 0.689282 0.494730 0.259394 0.000000 
50.000000 40.237006 31.109012 23.127349 16.596075 11.590362 7.993068 5.565956 4.026254 3.106455 2.588170 2.312244 2.173217 2.106808 2.076686 2.063690 2.058349 2.056254 2.055469 2.055188 2.055091 2.055059 2.055049 2.055046 2.055045 2.055045 2.055045 2.055045 2.055044 2.055044 2.055043 2.055041 2.055033 2.055010 2.054948 2.054782 2.054361 2.053339 2.050975 2.045763 2.034841 2.013127 1.972275 1.899761 1.778781 1.589963 1.315941 0.948936 0.499308 0.000000 
50.000000 40.564216 31.742111 24.027854 17.715312 12.877157 9.400204 7.054228 5.565956 4.676852 4.175847 3.909110 3.774708 3.710506 3.681383 3.668818 3.663653 3.661627 3.660868 3.660596 3.660503 3.660472 3.660462 3.660459 3.660458 3.660458 3.660458 3.660458 3.660458 3.660457 3.660456 3.660452 3.660440 3.660406 3.660311 3.660057 3.659409 3.657827 3.654139 3.645941 3.628587 3.593681 3.527114 3.407097 3.203276 2.878841 2.398034 1.740574 0.920593 0.000000 
50.000000 41.079899 32.739894 25.447119 19.479378 14.905396 11.618208 9.400204 7.993068 7.152405 6.678675 6.426449 6.299352 6.238637 6.211094 6.199210 6.194325 6.192409 6.191691 6.191434 6.191345 6.191316 6.191307 6.191304 6.191303 6.191303 6.191303 6.191303 6.191302 6.191302 6.191300 6.191295 6.191278 6.191231 6.191097 6.190741 6.189825 6.187575 6.182288 6.170425 6.145040 6.093307 5.993107 5.809104 5.489829 4.968920 4.175539 3.059417 1.630962 0.000000 
50.000000 41.844059 34.218472 27.550328 22.093632 17.911244 14.905396 12.877157 11.590362 10.821561 10.388307 10.157619 10.041370 9.985833 9.960638 9.949766 9.945297 9.943544 9.942887 9.942652 9.942571 9.942544 9.942536 9.942533 9.942532 9.942532 9.942532 9.942532 9.942532 9.942531 9.942529 9.942522 9.942501 9.942441 9.942272 9.941816 9.940640 9.937732 9.930844 9.915237 9.881442 9.811581 9.673881 9.415568 8.955622 8.181659 6.959732 5.171385 2.792316 0.000000 
50.000000 42.907226 36.275631 30.476606 25.731045 22.093632 19.479378 17.715312 16.596075 15.927353 15.550481 15.349804 15.248671 15.200354 15.178433 15.168973 15.165084 15.163559 15.162987 15.162782 15.162711 15.162688 15.162681 15.162679 15.162678 15.162678 15.162678 15.162678 15.162677 15.162677 15.162674 15.162667 15.162643 15.162575 15.162382 15.161862 15.160513 15.157153 15.149132 15.130778 15.090549 15.006112 14.836471 14.510458 13.911973 12.865522 11.133412 8.452659 4.665924 0.000000 
50.000000 44.294219 38.959404 34.294301 30.476606 27.550328 25.447119 24.027854 23.127349 22.589294 22.286048 22.124568 22.043185 22.004301 21.986659 21.979045 21.975915 21.974687 21.974227 21.974062 21.974005 21.973986 21.973980 21.973979 21.973978 21.973978 21.973978 21.973978 21.973978 21.973977 21.973975 21.973967 21.973944 21.973877 21.973686 21.973170 21.971823 21.968448 21.960332 21.941587 21.900012 21.811408 21.629820 21.271579 20.590596 19.343194 17.147150 13.466527 7.742546 0.000000 
50.000000 45.989044 42.238846 38.959404 36.275631 34.218472 32.739894 31.742111 31.109012 30.730721 30.517509 30.403969 30.346745 30.319402 30.306996 30.301642 30.299440 30.298577 30.298253 30.298137 30.298097 30.298084 30.298080 30.298078 30.298078 30.298078 30.298078 30.298078 30.298078 30.298077 30.298075 30.298069 30.298050 30.297996 30.297841 30.297418 30.296313 30.293531 30.286798 30.271122 30.235991 30.160075 30.001537 29.680477 29.047086 27.822973 25.492877 21.119423 13.145567 0.000000 
50.000000 47.927145 45.989044 44.294219 42.907226 41.844059 41.079899 40.564216 40.237006 40.041486 39.931286 39.872600 39.843021 39.828888 39.822475 39.819707 39.818569 39.818122 39.817955 39.817895 39.817874 39.817867 39.817865 39.817865 39.817864 39.817864 39.817864 39.817864 39.817864 39.817864 39.817863 39.817859 39.817849 39.817818 39.817731 39.817492 39.816865 39.815282 39.811434 39.802428 39.782092 39.737698 39.643623 39.448937 39.051743 38.241302 36.551673 32.843478 23.963573 0.000000 
50.000000 50.000000 50.000000 50.000000 50.000000 50.000000 50.000000 50.000000 50.000000 50.000000 50.000000 50.000000 50.000000 50.000000 50.000000 50.000000 50.000000 50.000000 50.000000 50.000000 50.000000 50.000000 50.000000 50.000000 50.000000 50.000000 50.000000 50.000000 50.000000 50.000000 50.000000 50.000000 50.000000 50.000000 50.000000 50.000000 50.000000 50.000000 50.000000 50.000000 50.000000 50.000000 50.000000 50.000000 50.000000 50.000000 50.000000 50.000000 50.000000 50.000000 
