50.000000 50.000000 50.000000 50.000000 50.000000 50.000000 50.000000 50.000000 50.000000 50.000000 50.000000 50.000000 50.000000 50.000000 50.000000 50.000000 50.000000 50.000000 50.000000 50.000000 50.000000 50.000000 50.000000 50.000000 50.000000 50.000000 50.000000 50.000000 50.000000 50.000000 50.000000 50.000000 50.000000 50.000000 50.000000 50.000000 50.000000 50.000000 50.000000 50.000000 50.000000 50.000000 50.000000 50.000000 50.000000 50.000000 50.000000 50.000000 50.000000 50.000000 
50.000000 48.768796 47.585171 46.491192 45.518971 44.688047 44.004929 43.464557 43.053125 42.751497 42.538489 42.393524 42.298400 42.238187 42.201400 42.179697 42.167324 42.160505 42.156870 42.154994 42.154057 42.153603 42.153389 42.153292 42.153249 42.153230 42.153219 42.153211 42.153196 42.153164 42.153092 42.152934 42.152596 42.151890 42.150451 42.147592 42.142048 42.131545 42.112088 42.076764 42.013767 41.902994 41.709985 41.374308 40.785351 39.726405 37.730403 33.663328 24.384398 0.000000 
50.000000 47.585171 45.263662 43.117985 41.211118 39.581392 38.241567 37.181717 36.374767 35.783179 35.365406 35.081086 34.894521 34.776428 34.704280 34.661714 34.637448 34.624075 34.616945 34.613266 34.611428 34.610538 34.610120 34.609929 34.609844 34.609806 34.609787 34.609770 34.609742 34.609682 34.609548 34.609254 34.608626 34.607313 34.604643 34.599349 34.589107 34.569767 34.534080 34.469631 34.355493 34.156741 33.815241 33.233604 32.245988 30.563042 27.667479 22.631831 13.921843 0.000000 
50.000000 46.491192 43.117985 40.000271 37.229562 34.861552 32.914779 31.374821 30.202334 29.342772 28.735762 28.322658 28.051592 27.880011 27.775187 27.713343 27.678089 27.658660 27.648302 27.642957 27.640286 27.638992 27.638385 27.638108 27.637985 27.637930 27.637902 27.637879 27.637841 27.637761 27.637582 27.637190 27.636353 27.634610 27.631073 27.624080 27.610606 27.585285 27.538844 27.455625 27.309743 27.059160 26.636579 25.935454 24.788770 22.938592 20.000135 15.450505 8.760789 0.000000 
50.000000 45.518971 41.211118 37.229562 33.691171 30.667069 28.180931 26.214332 24.717023 23.619342 22.844184 22.316653 21.970506 21.751405 21.617550 21.538580 21.493564 21.468755 21.455529 21.448705 21.445295 21.443643 21.442868 21.442514 21.442357 21.442287 21.442253 21.442225 21.442182 21.442090 21.441887 21.441444 21.440499 21.438535 21.434566 21.426749 21.411762 21.383768 21.332808 21.242349 21.085672 20.820700 20.382868 19.675801 18.560404 16.845586 14.290970 10.648076 5.792566 0.000000 
50.000000 44.688047 39.581392 34.861552 30.667069 27.082257 24.135175 21.803979 20.029093 18.727935 17.809098 17.183795 16.773500 16.513798 16.355143 16.261543 16.208188 16.178785 16.163110 16.155021 16.150980 16.149023 16.148104 16.147685 16.147499 16.147417 16.147376 16.147346 16.147301 16.147208 16.147001 16.146552 16.145596 16.143617 16.139630 16.131819 16.116926 16.089297 16.039418 15.951782 15.801918 15.552481 15.148528 14.512572 13.541128 12.106665 10.072782 7.335404 3.902697 0.000000 
50.000000 44.004929 38.241567 32.914779 28.180931 24.135175 20.809177 18.178275 16.175227 14.706822 13.669895 12.964237 12.501225 12.208160 12.029126 11.923506 11.863300 11.830122 11.812435 11.803309 11.798749 11.796540 11.795504 11.795031 11.794821 11.794729 11.794685 11.794654 11.794611 11.794523 11.794330 11.793911 11.793023 11.791192 11.787520 11.780361 11.766794 11.741806 11.697084 11.619327 11.488030 11.272842 10.930841 10.404588 9.622603 8.505129 6.979325 5.007963 2.630621 0.000000 
50.000000 43.464557 37.181717 31.374821 26.214332 21.803979 18.178275 15.310331 13.126833 11.526162 10.395851 9.626654 9.121959 8.802517 8.607373 8.492251 8.426630 8.390468 8.371191 8.361245 8.356276 8.353869 8.352739 8.352224 8.351996 8.351896 8.351850 8.351819 8.351780 8.351703 8.351535 8.351171 8.350404 8.348827 8.345679 8.339575 8.328078 8.307058 8.269761 8.205571 8.098489 7.925487 7.655165 7.247434 6.655451 5.831464 4.738242 3.366476 1.754572 0.000000 
50.000000 43.053125 36.374767 30.202334 24.717023 20.029093 16.175227 13.126833 10.805974 9.104629 7.903241 7.085688 6.549274 6.209761 6.002359 5.880008 5.810269 5.771838 5.751352 5.740782 5.735501 5.732944 5.731743 5.731196 5.730954 5.730848 5.730800 5.730771 5.730737 5.730673 5.730536 5.730239 5.729616 5.728341 5.725807 5.720920 5.711772 5.695167 5.665947 5.616144 5.533991 5.402987 5.201346 4.902385 4.476612 3.896323 3.143174 2.218026 1.150131 0.000000 
50.000000 42.751497 35.783179 29.342772 23.619342 18.727935 14.706822 11.526162 9.104629 7.329501 6.076028 5.223041 4.663387 4.309170 4.092789 3.965144 3.892388 3.852295 3.830924 3.819898 3.814388 3.811721 3.810468 3.809898 3.809645 3.809536 3.809487 3.809460 3.809432 3.809381 3.809275 3.809047 3.808568 3.807594 3.805667 3.801969 3.795090 3.782688 3.761036 3.724463 3.664751 3.570638 3.427674 3.218791 2.926017 2.533670 2.033029 1.427687 0.737731 0.000000 
50.000000 42.538489 35.365406 28.735762 22.844184 17.809098 13.669895 10.395851 7.903241 6.076028 4.785789 3.907794 3.331738 2.967145 2.744429 2.613049 2.538165 2.496900 2.474905 2.463557 2.457887 2.455141 2.453853 2.453266 2.453006 2.452893 2.452844 2.452819 2.452796 2.452758 2.452680 2.452513 2.452165 2.451458 2.450067 2.447411 2.442497 2.433697 2.418445 2.392895 2.351566 2.287097 2.190279 2.050568 1.857316 1.601836 1.280137 0.895776 0.461725 0.000000 
50.000000 42.393524 35.081086 28.322658 22.316653 17.183795 12.964237 9.626654 7.085688 5.223041 3.907794 3.012789 2.425578 2.053930 1.826907 1.692987 1.616657 1.574596 1.552177 1.540610 1.534831 1.532033 1.530719 1.530121 1.529856 1.529742 1.529692 1.529669 1.529650 1.529623 1.529568 1.529452 1.529210 1.528722 1.527765 1.525947 1.522602 1.516646 1.506394 1.489349 1.462006 1.419741 1.356893 1.267153 1.144377 0.983845 0.783814 0.547006 0.281436 0.000000 
50.000000 42.298400 34.894521 28.051592 21.970506 16.773500 12.501225 9.121959 6.549274 4.663387 3.331738 2.425578 1.831054 1.454781 1.224934 1.089351 1.012073 0.969490 0.946793 0.935083 0.929232 0.926399 0.925070 0.924464 0.924196 0.924081 0.924031 0.924009 0.923994 0.923975 0.923938 0.923860 0.923700 0.923378 0.922749 0.921560 0.919382 0.915527 0.908932 0.898041 0.880699 0.854107 0.814901 0.759419 0.684203 0.586738 0.466306 0.324754 0.166855 0.000000 
50.000000 42.238187 34.776428 27.880011 21.751405 16.513798 12.208160 8.802517 6.209761 4.309170 2.967145 2.053930 1.454781 1.075582 0.843951 0.707315 0.629438 0.586526 0.563653 0.551852 0.545956 0.543102 0.541762 0.541152 0.540882 0.540766 0.540717 0.540695 0.540683 0.540669 0.540645 0.540596 0.540494 0.540291 0.539895 0.539149 0.537791 0.535398 0.531328 0.524648 0.514080 0.497988 0.474439 0.441366 0.396872 0.339642 0.269405 0.187321 0.096139 0.000000 
50.000000 42.201400 34.704280 27.775187 21.617550 16.355143 12.029126 8.607373 6.002359 4.092789 2.744429 1.826907 1.224934 0.843951 0.611230 0.473953 0.395710 0.352597 0.329617 0.317761 0.311838 0.308970 0.307624 0.307011 0.306740 0.306623 0.306574 0.306553 0.306543 0.306533 0.306518 0.306488 0.306426 0.306303 0.306064 0.305615 0.304801 0.303375 0.300960 0.297018 0.290820 0.281439 0.267798 0.248765 0.223324 0.190801 0.151107 0.104931 0.053808 0.000000 
50.000000 42.179697 34.661714 27.713343 21.538580 16.261543 11.923506 8.492251 5.880008 3.965144 2.613049 1.692987 1.089351 0.707315 0.473953 0.336297 0.257839 0.214608 0.191565 0.179677 0.173737 0.170861 0.169512 0.168897 0.168625 0.168508 0.168459 0.168439 0.168430 0.168423 0.168413 0.168396 0.168359 0.168287 0.168149 0.167889 0.167420 0.166601 0.165222 0.162982 0.159477 0.154201 0.146572 0.135986 0.121913 0.104015 0.082270 0.057070 0.029245 0.000000 
50.000000 42.167324 34.637448 27.678089 21.493564 16.208188 11.863300 8.426630 5.810269 3.892388 2.538165 1.616657 1.012073 0.629438 0.395710 0.257839 0.179259 0.135960 0.112881 0.100975 0.095026 0.092146 0.090794 0.090179 0.089906 0.089790 0.089741 0.089720 0.089712 0.089707 0.089701 0.089691 0.089670 0.089630 0.089552 0.089408 0.089147 0.088695 0.087935 0.086707 0.084794 0.081928 0.077803 0.072108 0.064572 0.055029 0.043479 0.030135 0.015434 0.000000 
50.000000 42.160505 34.624075 27.658660 21.468755 16.178785 11.830122 8.390468 5.771838 3.852295 2.496900 1.574596 0.969490 0.586526 0.352597 0.214608 0.135960 0.092624 0.069526 0.057609 0.051655 0.048773 0.047420 0.046804 0.046531 0.046414 0.046365 0.046345 0.046337 0.046333 0.046329 0.046323 0.046312 0.046290 0.046249 0.046171 0.046032 0.045790 0.045386 0.044736 0.043727 0.042222 0.040065 0.037099 0.033189 0.028257 0.022306 0.015449 0.007909 0.000000 
50.000000 42.156870 34.616946 27.648302 21.455530 16.163110 11.812435 8.371192 5.751352 3.830924 2.474905 1.552177 0.946793 0.563653 0.329617 0.191565 0.112882 0.069526 0.046417 0.034495 0.028538 0.025654 0.024301 0.023684 0.023412 0.023295 0.023246 0.023226 0.023218 0.023214 0.023212 0.023209 0.023203 0.023191 0.023170 0.023129 0.023057 0.022933 0.022725 0.022392 0.021878 0.021113 0.020020 0.018524 0.016558 0.014086 0.011111 0.007691 0.003936 0.000000 
50.000000 42.154994 34.613267 27.642957 21.448705 16.155022 11.803309 8.361246 5.740783 3.819898 2.463557 1.540610 0.935083 0.551853 0.317762 0.179677 0.100975 0.057610 0.034495 0.022570 0.016612 0.013728 0.012374 0.011757 0.011485 0.011368 0.011319 0.011299 0.011291 0.011288 0.011286 0.011284 0.011281 0.011275 0.011264 0.011244 0.011208 0.011146 0.011043 0.010878 0.010624 0.010247 0.009712 0.008980 0.008021 0.006819 0.005375 0.003719 0.001902 0.000000 
50.000000 42.154057 34.611429 27.640287 21.445296 16.150981 11.798750 8.356277 5.735502 3.814390 2.457888 1.534832 0.929234 0.545958 0.311840 0.173739 0.095028 0.051657 0.028540 0.016613 0.010655 0.007770 0.006416 0.005799 0.005527 0.005410 0.005361 0.005341 0.005333 0.005330 0.005329 0.005327 0.005326 0.005323 0.005318 0.005308 0.005291 0.005261 0.005211 0.005132 0.005010 0.004831 0.004576 0.004228 0.003775 0.003207 0.002527 0.001747 0.000894 0.000000 
50.000000 42.153603 34.610539 27.638995 21.443646 16.149026 11.796544 8.353873 5.732948 3.811725 2.455146 1.532037 0.926404 0.543107 0.308975 0.170866 0.092151 0.048777 0.025659 0.013732 0.007773 0.004888 0.003534 0.002917 0.002645 0.002528 0.002479 0.002459 0.002451 0.002448 0.002447 0.002446 0.002445 0.002444 0.002441 0.002437 0.002429 0.002415 0.002391 0.002355 0.002298 0.002215 0.002097 0.001937 0.001728 0.001467 0.001156 0.000799 0.000408 0.000000 
50.000000 42.153391 34.610124 27.638391 21.442875 16.148112 11.795513 8.352750 5.731754 3.810480 2.453865 1.530731 0.925082 0.541775 0.307636 0.169524 0.090807 0.047432 0.024313 0.012386 0.006427 0.003542 0.002187 0.001571 0.001298 0.001181 0.001132 0.001113 0.001105 0.001102 0.001101 0.001100 0.001100 0.001099 0.001098 0.001096 0.001092 0.001085 0.001075 0.001058 0.001032 0.000995 0.000941 0.000869 0.000775 0.000658 0.000518 0.000358 0.000183 0.000000 
50.000000 42.153297 34.609939 27.638123 21.442533 16.147707 11.795056 8.352252 5.731225 3.809928 2.453297 1.530152 0.924496 0.541184 0.307043 0.168929 0.090211 0.046836 0.023716 0.011789 0.005830 0.002945 0.001591 0.000974 0.000701 0.000584 0.000535 0.000516 0.000508 0.000505 0.000504 0.000503 0.000503 0.000503 0.000502 0.000501 0.000499 0.000496 0.000491 0.000484 0.000472 0.000454 0.000430 0.000397 0.000354 0.000300 0.000236 0.000163 0.000083 0.000000 
50.000000 42.153262 34.609870 27.638023 21.442405 16.147556 11.794885 8.352065 5.731027 3.809721 2.453084 1.529935 0.924276 0.540963 0.306821 0.168706 0.089987 0.046612 0.023493 0.011565 0.005606 0.002721 0.001367 0.000750 0.000478 0.000361 0.000312 0.000292 0.000284 0.000281 0.000280 0.000280 0.000279 0.000279 0.000279 0.000278 0.000277 0.000276 0.000273 0.000268 0.000262 0.000252 0.000238 0.000220 0.000196 0.000166 0.000131 0.000090 0.000046 0.000000 
50.000000 42.153262 34.609870 27.638023 21.442405 16.147556 11.794885 8.352065 5.731027 3.809721 2.453084 1.529935 0.924276 0.540963 0.306821 0.168706 0.089987 0.046612 0.023493 0.011565 0.005606 0.002721 0.001367 0.000750 0.000478 0.000361 0.000312 0.000292 0.000284 0.000281 0.000280 0.000280 0.000279 0.000279 0.000279 0.000278 0.000277 0.000276 0.000273 0.000268 0.000262 0.000252 0.000238 0.000220 0.000196 0.000166 0.000131 0.000090 0.000046 0.000000 
50.000000 42.153297 34.609939 27.638123 21.442533 16.147707 11.795056 8.352252 5.731225 3.809928 2.453297 1.530152 0.924496 0.541184 0.307043 0.168929 0.090211 0.046836 0.023716 0.011789 0.005830 0.002945 0.001591 0.000974 0.000701 0.000584 0.000535 0.000516 0.000508 0.000505 0.000504 0.000503 0.000503 0.000503 0.000502 0.000501 0.000499 0.000496 0.000491 0.000484 0.000472 0.000454 0.000430 0.000397 0.000354 0.000300 0.000236 0.000163 0.000083 0.000000 
50.000000 42.153391 34.610124 27.638391 21.442875 16.148112 11.795513 8.352750 5.731754 3.810480 2.453865 1.530731 0.925082 0.541775 0.307636 0.169524 0.090807 0.047432 0.024313 0.012386 0.006427 0.003542 0.002187 0.001571 0.001298 0.001181 0.001132 0.001113 0.001105 0.001102 0.001101 0.001100 0.001100 0.001099 0.001098 0.001096 0.001092 0.001085 0.001075 0.001058 0.001032 0.000995 0.000941 0.000869 0.000775 0.000658 0.000518 0.000358 0.000183 0.000000 
50.000000 42.153603 34.610539 27.638995 21.443646 16.149026 11.796544 8.353873 5.732948 3.811725 2.455146 1.532037 0.926404 0.543107 0.308975 0.170866 0.092151 0.048777 0.025659 0.013732 0.007773 0.004888 0.003534 0.002917 0.002645 0.002528 0.002479 0.002459 0.002451 0.002448 0.002447 0.002446 0.002445 0.002444 0.002441 0.002437 0.002429 0.002415 0.002391 0.002355 0.002298 0.002215 0.002097 0.001937 0.001728 0.001467 0.001156 0.000799 0.000408 0.000000 
50.000000 42.154057 34.611429 27.640287 21.445296 16.150981 11.798750 8.356277 5.735502 3.814390 2.457888 1.534832 0.929234 0.545958 0.311840 0.173739 0.095028 0.051657 0.028540 0.016613 0.010655 0.007770 0.006416 0.005799 0.005527 0.005410 0.005361 0.005341 0.005333 0.005330 0.005329 0.005327 0.005326 0.005323 0.005318 0.005308 0.005291 0.005261 0.005211 0.005132 0.005010 0.004831 0.004576 0.004228 0.003775 0.003207 0.002527 0.001747 0.000894 0.000000 
50.000000 42.154994 34.613267 27.642957 21.448705 16.155022 11.803309 8.361246 5.740783 3.819898 2.463557 1.540610 0.935083 0.551853 0.317762 0.179677 0.100975 0.057610 0.034495 0.022570 0.016612 0.013728 0.012374 0.011757 0.011485 0.011368 0.011319 0.011299 0.011291 0.011288 0.011286 0.011284 0.011281 0.011275 0.011264 0.011244 0.011208 0.011146 0.011043 0.010878 0.010624 0.010247 0.009712 0.008980 0.008021 0.006819 0.005375 0.003719 0.001902 0.000000 
50.000000 42.156870 34.616946 27.648302 21.455530 16.163110 11.812435 8.371192 5.751352 3.830924 2.474905 1.552177 0.946793 0.563653 0.329617 0.191565 0.112882 0.069526 0.046417 0.034495 0.028538 0.025654 0.024301 0.023684 0.023412 0.023295 0.023246 0.023226 0.023218 0.023214 0.023212 0.023209 0.023203 0.023191 0.023170 0.023129 0.023057 0.022933 0.022725 0.022392 0.021878 0.021113 0.020020 0.018524 0.016558 0.014086 0.011111 0.007691 0.003936 0.000000 
50.000000 42.160505 34.624075 27.658660 21.468755 16.178785 11.830122 8.390468 5.771838 3.852295 2.496900 1.574596 0.969490 0.586526 0.352597 0.214608 0.135960 0.092624 0.069526 0.057609 0.051655 0.048773 0.047420 0.046804 0.046531 0.046414 0.046365 0.046345 0.046337 0.046333 0.046329 0.046323 0.046312 0.046290 0.046249 0.046171 0.046032 0.045790 0.045386 0.044736 0.043727 0.042222 0.040065 0.037099 0.033189 0.028257 0.022306 0.015449 0.007909 0.000000 
50.000000 42.167324 34.637448 27.678089 21.493564 16.208188 11.863300 8.426630 5.810269 3.892388 2.538165 1.616657 1.012073 0.629438 0.395710 0.257839 0.179259 0.135960 0.112881 0.100975 0.095026 0.092146 0.090794 0.090179 0.089906 0.089790 0.089741 0.089720 0.089712 0.089707 0.089701 0.089691 0.089670 0.089630 0.089552 0.089408 0.089147 0.088695 0.087935 0.086707 0.084794 0.081928 0.077803 0.072108 0.064572 0.055029 0.043479 0.030135 0.015434 0.000000 
50.000000 42.179697 34.661714 27.713343 21.538580 16.261543 11.923506 8.492251 5.880008 3.965144 2.613049 1.692987 1.089351 0.707315 0.473953 0.336297 0.257839 0.214608 0.191565 0.179677 0.173737 0.170861 0.169512 0.168897 0.168625 0.168508 0.168459 0.168439 0.168430 0.168423 0.168413 0.168396 0.168359 0.168287 0.168149 0.167889 0.167420 0.166601 0.165222 0.162982 0.159477 0.154201 0.146572 0.135986 0.121913 0.104015 0.082270 0.057070 0.029245 0.000000 
50.000000 42.201400 34.704280 27.775187 21.617550 16.355143 12.029126 8.607373 6.002359 4.092789 2.744429 1.826907 1.224934 0.843951 0.611230 0.473953 0.395710 0.352597 0.329617 0.317761 0.311838 0.308970 0.307624 0.307011 0.306740 0.306623 0.306574 0.306553 0.306543 0.306533 0.306518 0.306488 0.306426 0.306303 0.306064 0.305615 0.304801 0.303375 0.300960 0.297018 0.290820 0.281439 0.267798 0.248765 0.223324 0.190801 0.151107 0.104931 0.053808 0.000000 
50.000000 42.238187 34.776428 27.880011 21.751405 16.513798 12.208160 8.802517 6.209761 4.309170 2.967145 2.053930 1.454781 1.075582 0.843951 0.707315 0.629438 0.586526 0.563653 0.551852 0.545956 0.543102 0.541762 0.541152 0.540882 0.540766 0.540717 0.540695 0.540683 0.540669 0.540645 0.540596 0.540494 0.540291 0.539895 0.539149 0.537791 0.535398 0.531328 0.524648 0.514080 0.497988 0.474439 0.441366 0.396872 0.339642 0.269405 0.187321 0.096139 0.000000 
50.000000 42.298400 34.894521 28.051592 21.970506 16.773500 12.501225 9.121959 6.549274 4.663387 3.331738 2.425578 1.831054 1.454781 1.224934 1.089351 1.012073 0.969490 0.946793 0.935083 0.929232 0.926399 0.925070 0.924464 0.924196 0.924081 0.924031 0.924009 0.923994 0.923975 0.923938 0.923860 0.923700 0.923378 0.922749 0.921560 0.919382 0.915527 0.908932 0.898041 0.880699 0.854107 0.814901 0.759419 0.684203 0.586738 0.466306 0.324754 0.166855 0.000000 
50.000000 42.393524 35.081086 28.322658 22.316653 17.183795 12.964237 9.626654 7.085688 5.223041 3.907794 3.012789 2.425578 2.053930 1.826907 1.692987 1.616657 1.574596 1.552177 1.540610 1.534831 1.532033 1.530719 1.530121 1.529856 1.529742 1.529692 1.529669 1.529650 1.529623 1.529568 1.529452 1.529210 1.528722 1.527765 1.525947 1.522602 1.516646 1.506394 1.489349 1.462006 1.419741 1.356893 1.267153 1.144377 0.983845 0.783814 0.547006 0.281436 0.000000 
50.000000 42.538489 35.365406 28.735762 22.844184 17.809098 13.669895 10.395851 7.903241 6.076028 4.785789 3.907794 3.331738 2.967145 2.744429 2.613049 2.538165 2.496900 2.474905 2.463557 2.457887 2.455141 2.453853 2.453266 2.453006 2.452893 2.452844 2.452819 2.452796 2.452758 2.452680 2.452513 2.452165 2.451458 2.450067 2.447411 2.442497 2.433697 2.418445 2.392895 2.351566 2.287097 2.190279 2.050568 1.857316 1.601836 1.280137 0.895776 0.461725 0.000000 
50.000000 42.751497 35.783179 29.342772 23.619342 18.727935 14.706822 11.526162 9.104629 7.329501 6.076028 5.223041 4.663387 4.309170 4.092789 3.965144 3.892388 3.852295 3.830924 3.819898 3.814388 3.811721 3.810468 3.809898 3.809645 3.809536 3.809487 3.809460 3.809432 3.809381 3.809275 3.809047 3.808568 3.807594 3.805667 3.801969 3.795090 3.782688 3.761036 3.724463 3.664751 3.570638 3.427674 3.218791 2.926017 2.533670 2.033029 1.427687 0.737731 0.000000 
50.000000 43.053125 36.374767 30.202334 24.717023 20.029093 16.175227 13.126833 10.805974 9.104629 7.903241 7.085688 6.549274 6.209761 6.002359 5.880008 5.810269 5.771838 5.751352 5.740782 5.735501 5.732944 5.731743 5.731196 5.730954 5.730848 5.730800 5.730771 5.730737 5.730673 5.730536 5.730239 5.729616 5.728341 5.725807 5.720920 5.711772 5.695167 5.665947 5.616144 5.533991 5.402987 5.201346 4.902385 4.476612 3.896323 3.143174 2.218026 1.150131 0.000000 
50.000000 43.464557 37.181717 31.374821 26.214332 21.803979 18.178275 15.310331 13.126833 11.526162 10.395851 9.626654 9.121959 8.802517 8.607373 8.492251 8.426630 8.390468 8.371191 8.361245 8.356276 8.353869 8.352739 8.352224 8.351996 8.351896 8.351850 8.351819 8.351780 8.351703 8.351535 8.351171 8.350404 8.348827 8.345679 8.339575 8.328078 8.307058 8.269761 8.205571 8.098489 7.925487 7.655165 7.247434 6.655451 5.831464 4.738242 3.366476 1.754572 0.000000 
50.000000 44.004929 38.241567 32.914779 28.180931 24.135175 20.809177 18.178275 16.175227 14.706822 13.669895 12.964237 12.501225 12.208160 12.029126 11.923506 11.863300 11.830122 11.812435 11.803309 11.798749 11.796540 11.795504 11.795031 11.794821 11.794729 11.794685 11.794654 11.794611 11.794523 11.794330 11.793911 11.793023 11.791192 11.787520 11.780361 11.766794 11.741806 11.697084 11.619327 11.488030 11.272842 10.930841 10.404588 9.622603 8.505129 6.979325 5.007963 2.630621 0.000000 
50.000000 44.688047 39.581392 34.861552 30.667069 27.082257 24.135175 21.803979 20.029093 18.727935 17.809098 17.183795 16.773500 16.513798 16.355143 16.261543 16.208188 16.178785 16.163110 16.155021 16.150980 16.149023 16.148104 16.147685 16.147499 16.147417 16.147376 16.147346 16.147301 16.147208 16.147001 16.146552 16.145596 16.143617 16.139630 16.131819 16.116926 16.089297 16.039418 15.951782 15.801918 15.552481 15.148528 14.512572 13.541128 12.106665 10.072782 7.335404 3.902697 0.000000 
50.000000 45.518971 41.211118 37.229562 33.691171 30.667069 28.180931 26.214332 24.717023 23.619342 22.844184 22.316653 21.970506 21.751405 21.617550 21.538580 21.493564 21.468755 21.455529 21.448705 21.445295 21.443643 21.442868 21.442514 21.442357 21.442287 21.442253 21.442225 21.442182 21.442090 21.441887 21.441444 21.440499 21.438535 21.434566 21.426749 21.411762 21.383768 21.332808 21.242349 21.085672 20.820700 20.382868 19.675801 18.560404 16.845586 14.290970 10.648076 5.792566 0.000000 
50.000000 46.491192 43.117985 40.000271 37.229562 34.861552 32.914779 31.374821 30.202334 29.342772 28.735762 28.322658 28.051592 27.880011 27.775187 27.713343 27.678089 27.658660 27.648302 27.642957 27.640286 27.638992 27.638385 27.638108 27.637985 27.637930 27.637902 27.637879 27.637841 27.637761 27.637582 27.637190 27.636353 27.634610 27.631073 27.624080 27.610606 27.585285 27.538844 27.455625 27.309743 27.059160 26.636579 25.935454 24.788770 22.938592 20.000135 15.450505 8.760789 0.000000 
50.000000 47.585171 45.263662 43.117985 41.211118 39.581392 38.241567 37.181717 36.374767 35.783179 35.365406 35.081086 34.894521 34.776428 34.704280 34.661714 34.637448 34.624075 34.616945 34.613266 34.611428 34.610538 34.610120 34.609929 34.609844 34.609806 34.609787 34.609770 34.609742 34.609682 34.609548 34.609254 34.608626 34.607313 34.604643 34.599349 34.589107 34.569767 34.534080 34.469631 34.355493 34.156741 33.815241 33.233604 32.245988 30.563042 27.667479 22.631831 13.921843 0.000000 
50.000000 48.768796 47.585171 46.491192 45.518971 44.688047 44.004929 43.464557 43.053125 42.751497 42.538489 42.393524 42.298400 42.238187 42.201400 42.179697 42.167324 42.160505 42.156870 42.154994 42.154057 42.153603 42.153389 42.153292 42.153249 42.153230 42.153219 42.153211 42.153196 42.153164 42.153092 42.152934 42.152596 42.151890 42.150451 42.147592 42.142048 42.131545 42.112088 42.076764 42.013767 41.902994 41.709985 41.374308 40.785351 39.726405 37.730403 33.663328 24.384398 0.000000 
50.000000 50.000000 50.000000 50.000000 50.000000 50.000000 50.000000 50.000000 50.000000 50.000000 50.000000 50.000000 50.000000 50.000000 50.000000 50.000000 50.000000 50.000000 50.000000 50.000000 50.000000 50.000000 50.000000 50.000000 50.000000 50.000000 50.000000 50.000000 50.000000 50.000000 50.000000 50.000000 50.000000 50.000000 50.000000 50.000000 50.000000 50.000000 50.000000 50.000000 50.000000 50.000000 50.000000 50.000000 50.000000 50.000000 50.000000 50.000000 50.000000 50.000000 
