50.000000 50.000000 50.000000 50.000000 50.000000 50.000000 50.000000 50.000000 50.000000 50.000000 50.000000 50.000000 50.000000 50.000000 50.000000 50.000000 50.000000 50.000000 50.000000 50.000000 50.000000 50.000000 50.000000 50.000000 50.000000 50.000000 50.000000 50.000000 50.000000 50.000000 50.000000 50.000000 50.000000 50.000000 50.000000 50.000000 50.000000 50.000000 50.000000 50.000000 50.000000 50.000000 50.000000 50.000000 50.000000 50.000000 50.000000 50.000000 50.000000 50.000000 
50.000000 42.980382 37.491290 34.078844 32.352678 31.625563 31.365217 31.284585 31.262665 31.257371 31.256222 31.255997 31.255957 31.255950 31.255949 31.255949 31.255949 31.255949 31.255949 31.255949 31.255949 31.255949 31.255949 31.255949 31.255949 31.255949 31.255949 31.255949 31.255949 31.255949 31.255949 31.255949 31.255949 31.255949 31.255949 31.255949 31.255949 31.255948 31.255946 31.255930 31.255839 31.255346 31.252887 31.241629 31.194451 31.013250 30.371656 28.247204 21.490191 0.000000 
50.000000 37.491290 27.711226 21.632638 18.558798 17.264486 16.801246 16.657838 16.618872 16.609464 16.607425 16.607025 16.606953 16.606941 16.606939 16.606939 16.606939 16.606939 16.606939 16.606939 16.606939 16.606939 16.606939 16.606939 16.606939 16.606939 16.606939 16.606939 16.606939 16.606939 16.606939 16.606939 16.606939 16.606939 16.606939 16.606939 16.606939 16.606939 16.606935 16.606916 16.606804 16.606201 16.603239 16.589989 16.536286 16.340335 15.701120 13.855613 9.244086 0.000000 
50.000000 34.078844 21.632638 13.899109 9.989828 8.344443 7.755833 7.573708 7.524248 7.512313 7.509728 7.509220 7.509130 7.509115 7.509112 7.509112 7.509112 7.509112 7.509112 7.509112 7.509112 7.509112 7.509112 7.509112 7.509112 7.509112 7.509112 7.509112 7.509112 7.509112 7.509112 7.509112 7.509112 7.509112 7.509112 7.509112 7.509112 7.509112 7.509109 7.509095 7.509014 7.508583 7.506498 7.497361 7.461403 7.335596 6.949555 5.931517 3.707188 0.000000 
50.000000 32.352678 18.558798 9.989828 5.659532 3.837586 3.186067 2.984561 2.929861 2.916668 2.913811 2.913251 2.913151 2.913134 2.913132 2.913131 2.913131 2.913131 2.913131 2.913131 2.913131 2.913131 2.913131 2.913131 2.913131 2.913131 2.913131 2.913131 2.913131 2.913131 2.913131 2.913131 2.913131 2.913131 2.913131 2.913131 2.913131 2.913131 2.913130 2.913122 2.913080 2.912857 2.911791 2.907200 2.889553 2.829766 2.654232 2.218462 1.339428 0.000000 
50.000000 31.625563 17.264486 8.344443 3.837586 1.941772 1.264004 1.054433 0.997559 0.983845 0.980877 0.980295 0.980191 0.980174 0.980171 0.980171 0.980171 0.980171 0.980171 0.980171 0.980171 0.980171 0.980171 0.980171 0.980171 0.980171 0.980171 0.980171 0.980171 0.980171 0.980171 0.980171 0.980171 0.980171 0.980171 0.980171 0.980171 0.980171 0.980170 0.980167 0.980150 0.980058 0.979627 0.977796 0.970886 0.948033 0.883041 0.728200 0.431112 0.000000 
50.000000 31.365217 16.801246 7.755833 3.186067 1.264004 0.576934 0.364515 0.306876 0.292980 0.289972 0.289383 0.289277 0.289260 0.289257 0.289257 0.289257 0.289257 0.289257 0.289257 0.289257 0.289257 0.289257 0.289257 0.289257 0.289257 0.289257 0.289257 0.289257 0.289257 0.289257 0.289257 0.289257 0.289257 0.289257 0.289257 0.289257 0.289257 0.289257 0.289256 0.289250 0.289219 0.289074 0.288467 0.286207 0.278868 0.258473 0.211257 0.123588 0.000000 
50.000000 31.284585 16.657838 7.573708 2.984561 1.054433 0.364515 0.151226 0.093354 0.079403 0.076383 0.075792 0.075686 0.075668 0.075666 0.075665 0.075665 0.075665 0.075665 0.075665 0.075665 0.075665 0.075665 0.075665 0.075665 0.075665 0.075665 0.075665 0.075665 0.075665 0.075665 0.075665 0.075665 0.075665 0.075665 0.075665 0.075665 0.075665 0.075665 0.075665 0.075663 0.075654 0.075613 0.075441 0.074805 0.072770 0.067211 0.054599 0.031698 0.000000 
50.000000 31.262665 16.618872 7.524248 2.929861 0.997559 0.306876 0.093354 0.035421 0.021454 0.018432 0.017839 0.017734 0.017716 0.017713 0.017713 0.017713 0.017713 0.017713 0.017713 0.017713 0.017713 0.017713 0.017713 0.017713 0.017713 0.017713 0.017713 0.017713 0.017713 0.017713 0.017713 0.017713 0.017713 0.017713 0.017713 0.017713 0.017713 0.017713 0.017713 0.017713 0.017710 0.017700 0.017657 0.017501 0.017004 0.015665 0.012671 0.007319 0.000000 
50.000000 31.257371 16.609464 7.512313 2.916668 0.983845 0.292980 0.079403 0.021454 0.007485 0.004461 0.003869 0.003763 0.003745 0.003743 0.003742 0.003742 0.003742 0.003742 0.003742 0.003742 0.003742 0.003742 0.003742 0.003742 0.003742 0.003742 0.003742 0.003742 0.003742 0.003742 0.003742 0.003742 0.003742 0.003742 0.003742 0.003742 0.003742 0.003742 0.003742 0.003742 0.003742 0.003740 0.003730 0.003696 0.003588 0.003299 0.002660 0.001531 0.000000 
50.000000 31.256222 16.607425 7.509728 2.913811 0.980877 0.289972 0.076383 0.018432 0.004461 0.001438 0.000845 0.000739 0.000722 0.000719 0.000719 0.000719 0.000719 0.000719 0.000719 0.000719 0.000719 0.000719 0.000719 0.000719 0.000719 0.000719 0.000719 0.000719 0.000719 0.000719 0.000719 0.000719 0.000719 0.000719 0.000719 0.000719 0.000719 0.000719 0.000719 0.000719 0.000719 0.000718 0.000717 0.000710 0.000689 0.000632 0.000509 0.000292 0.000000 
50.000000 31.255997 16.607025 7.509220 2.913251 0.980295 0.289383 0.075792 0.017839 0.003869 0.000845 0.000253 0.000147 0.000129 0.000127 0.000126 0.000126 0.000126 0.000126 0.000126 0.000126 0.000126 0.000126 0.000126 0.000126 0.000126 0.000126 0.000126 0.000126 0.000126 0.000126 0.000126 0.000126 0.000126 0.000126 0.000126 0.000126 0.000126 0.000126 0.000126 0.000126 0.000126 0.000126 0.000126 0.000125 0.000121 0.000111 0.000089 0.000051 0.000000 
50.000000 31.255957 16.606953 7.509130 2.913151 0.980191 0.289277 0.075686 0.017734 0.003763 0.000739 0.000147 0.000041 0.000024 0.000021 0.000021 0.000020 0.000020 0.000020 0.000020 0.000020 0.000020 0.000020 0.000020 0.000020 0.000020 0.000020 0.000020 0.000020 0.000020 0.000020 0.000020 0.000020 0.000020 0.000020 0.000020 0.000020 0.000020 0.000020 0.000020 0.000020 0.000020 0.000020 0.000020 0.000020 0.000020 0.000018 0.000014 0.000008 0.000000 
50.000000 31.255950 16.606941 7.509115 2.913134 0.980174 0.289260 0.075668 0.017716 0.003745 0.000722 0.000129 0.000024 0.000006 0.000003 0.000003 0.000003 0.000003 0.000003 0.000003 0.000003 0.000003 0.000003 0.000003 0.000003 0.000003 0.000003 0.000003 0.000003 0.000003 0.000003 0.000003 0.000003 0.000003 0.000003 0.000003 0.000003 0.000003 0.000003 0.000003 0.000003 0.000003 0.000003 0.000003 0.000003 0.000003 0.000003 0.000002 0.000001 0.000000 
50.000000 31.255949 16.606939 7.509112 2.913132 0.980171 0.289257 0.075666 0.017713 0.003743 0.000719 0.000127 0.000021 0.000003 0.000001 0.000000 0.000000 0.000000 0.000000 0.000000 0.000000 0.000000 0.000000 0.000000 0.000000 0.000000 0.000000 0.000000 0.000000 0.000000 0.000000 0.000000 0.000000 0.000000 0.000000 0.000000 0.000000 0.000000 0.000000 0.000000 0.000000 0.000000 0.000000 0.000000 0.000000 0.000000 0.000000 0.000000 0.000000 0.000000 
50.000000 31.255949 16.606939 7.509112 2.913131 0.980171 0.289257 0.075665 0.017713 0.003742 0.000719 0.000126 0.000021 0.000003 0.000000 0.000000 0.000000 0.000000 0.000000 0.000000 0.000000 0.000000 0.000000 0.000000 0.000000 0.000000 0.000000 0.000000 0.000000 0.000000 0.000000 0.000000 0.000000 0.000000 0.000000 0.000000 0.000000 0.000000 0.000000 0.000000 0.000000 0.000000 0.000000 0.000000 0.000000 0.000000 0.000000 0.000000 0.000000 0.000000 
50.000000 31.255949 16.606939 7.509112 2.913131 0.980171 0.289257 0.075665 0.017713 0.003742 0.000719 0.000126 0.000020 0.000003 0.000000 0.000000 0.000000 0.000000 0.000000 0.000000 0.000000 0.000000 0.000000 0.000000 0.000000 0.000000 0.000000 0.000000 0.000000 0.000000 0.000000 0.000000 0.000000 0.000000 0.000000 0.000000 0.000000 0.000000 0.000000 0.000000 0.000000 0.000000 0.000000 0.000000 0.000000 0.000000 0.000000 0.000000 0.000000 0.000000 
50.000000 31.255949 16.606939 7.509112 2.913131 0.980171 0.289257 0.075665 0.017713 0.003742 0.000719 0.000126 0.000020 0.000003 0.000000 0.000000 0.000000 0.000000 0.000000 0.000000 0.000000 0.000000 0.000000 0.000000 0.000000 0.000000 0.000000 0.000000 0.000000 0.000000 0.000000 0.000000 0.000000 0.000000 0.000000 0.000000 0.000000 0.000000 0.000000 0.000000 0.000000 0.000000 0.000000 0.000000 0.000000 0.000000 0.000000 0.000000 0.000000 0.000000 
50.000000 31.255949 16.606939 7.509112 2.913131 0.980171 0.289257 0.075665 0.017713 0.003742 0.000719 0.000126 0.000020 0.000003 0.000000 0.000000 0.000000 0.000000 0.000000 0.000000 0.000000 0.000000 0.000000 0.000000 0.000000 0.000000 0.000000 0.000000 0.000000 0.000000 0.000000 0.000000 0.000000 0.000000 0.000000 0.000000 0.000000 0.000000 0.000000 0.000000 0.000000 0.000000 0.000000 0.000000 0.000000 0.000000 0.000000 0.000000 0.000000 0.000000 
50.000000 31.255949 16.606939 7.509112 2.913131 0.980171 0.289257 0.075665 0.017713 0.003742 0.000719 0.000126 0.000020 0.000003 0.000000 0.000000 0.000000 0.000000 0.000000 0.000000 0.000000 0.000000 0.000000 0.000000 0.000000 0.000000 0.000000 0.000000 0.000000 0.000000 0.000000 0.000000 0.000000 0.000000 0.000000 0.000000 0.000000 0.000000 0.000000 0.000000 0.000000 0.000000 0.000000 0.000000 0.000000 0.000000 0.000000 0.000000 0.000000 0.000000 
50.000000 31.255949 16.606939 7.509112 2.913131 0.980171 0.289257 0.075665 0.017713 0.003742 0.000719 0.000126 0.000020 0.000003 0.000000 0.000000 0.000000 0.000000 0.000000 0.000000 0.000000 0.000000 0.000000 0.000000 0.000000 0.000000 0.000000 0.000000 0.000000 0.000000 0.000000 0.000000 0.000000 0.000000 0.000000 0.000000 0.000000 0.000000 0.000000 0.000000 0.000000 0.000000 0.000000 0.000000 0.000000 0.000000 0.000000 0.000000 0.000000 0.000000 
50.000000 31.255949 16.606939 7.509112 2.913131 0.980171 0.289257 0.075665 0.017713 0.003742 0.000719 0.000126 0.000020 0.000003 0.000000 0.000000 0.000000 0.000000 0.000000 0.000000 0.000000 0.000000 0.000000 0.000000 0.000000 0.000000 0.000000 0.000000 0.000000 0.000000 0.000000 0.000000 0.000000 0.000000 0.000000 0.000000 0.000000 0.000000 0.000000 0.000000 0.000000 0.000000 0.000000 0.000000 0.000000 0.000000 0.000000 0.000000 0.000000 0.000000 
50.000000 31.255949 16.606939 7.509112 2.913131 0.980171 0.289257 0.075665 0.017713 0.003742 0.000719 0.000126 0.000020 0.000003 0.000000 0.000000 0.000000 0.000000 0.000000 0.000000 0.000000 0.000000 0.000000 0.000000 0.000000 0.000000 0.000000 0.000000 0.000000 0.000000 0.000000 0.000000 0.000000 0.000000 0.000000 0.000000 0.000000 0.000000 0.000000 0.000000 0.000000 0.000000 0.000000 0.000000 0.000000 0.000000 0.000000 0.000000 0.000000 0.000000 
50.000000 31.255949 16.606939 7.509112 2.913131 0.980171 0.289257 0.075665 0.017713 0.003742 0.000719 0.000126 0.000020 0.000003 0.000000 0.000000 0.000000 0.000000 0.000000 0.000000 0.000000 0.000000 0.000000 0.000000 0.000000 0.000000 0.000000 0.000000 0.000000 0.000000 0.000000 0.000000 0.000000 0.000000 0.000000 0.000000 0.000000 0.000000 0.000000 0.000000 0.000000 0.000000 0.000000 0.000000 0.000000 0.000000 0.000000 0.000000 0.000000 0.000000 
50.000000 31.255949 16.606939 7.509112 2.913131 0.980171 0.289257 0.075665 0.017713 0.003742 0.000719 0.000126 0.000020 0.000003 0.000000 0.000000 0.000000 0.000000 0.000000 0.000000 0.000000 0.000000 0.000000 0.000000 0.000000 0.000000 0.000000 0.000000 0.000000 0.000000 0.000000 0.000000 0.000000 0.000000 0.000000 0.000000 0.000000 0.000000 0.000000 0.000000 0.000000 0.000000 0.000000 0.000000 0.000000 0.000000 0.000000 0.000000 0.000000 0.000000 
50.000000 31.255949 16.606939 7.509112 2.913131 0.980171 0.289257 0.075665 0.017713 0.003742 0.000719 0.000126 0.000020 0.000003 0.000000 0.000000 0.000000 0.000000 0.000000 0.000000 0.000000 0.000000 0.000000 0.000000 0.000000 0.000000 0.000000 0.000000 0.000000 0.000000 0.000000 0.000000 0.000000 0.000000 0.000000 0.000000 0.000000 0.000000 0.000000 0.000000 0.000000 0.000000 0.000000 0.000000 0.000000 0.000000 0.000000 0.000000 0.000000 0.000000 
50.000000 31.255949 16.606939 7.509112 2.913131 0.980171 0.289257 0.075665 0.017713 0.003742 0.000719 0.000126 0.000020 0.000003 0.000000 0.000000 0.000000 0.000000 0.000000 0.000000 0.000000 0.000000 0.000000 0.000000 0.000000 0.000000 0.000000 0.000000 0.000000 0.000000 0.000000 0.000000 0.000000 0.000000 0.000000 0.000000 0.000000 0.000000 0.000000 0.000000 0.000000 0.000000 0.000000 0.000000 0.000000 0.000000 0.000000 0.000000 0.000000 0.000000 
50.000000 31.255949 16.606939 7.509112 2.913131 0.980171 0.289257 0.075665 0.017713 0.003742 0.000719 0.000126 0.000020 0.000003 0.000000 0.000000 0.000000 0.000000 0.000000 0.000000 0.000000 0.000000 0.000000 0.000000 0.000000 0.000000 0.000000 0.000000 0.000000 0.000000 0.000000 0.000000 0.000000 0.000000 0.000000 0.000000 0.000000 0.000000 0.000000 0.000000 0.000000 0.000000 0.000000 0.000000 0.000000 0.000000 0.000000 0.000000 0.000000 0.000000 
50.000000 31.255949 16.606939 7.509112 2.913131 0.980171 0.289257 0.075665 0.017713 0.003742 0.000719 0.000126 0.000020 0.000003 0.000000 0.000000 0.000000 0.000000 0.000000 0.000000 0.000000 0.000000 0.000000 0.000000 0.000000 0.000000 0.000000 0.000000 0.000000 0.000000 0.000000 0.000000 0.000000 0.000000 0.000000 0.000000 0.000000 0.000000 0.000000 0.000000 0.000000 0.000000 0.000000 0.000000 0.000000 0.000000 0.000000 0.000000 0.000000 0.000000 
50.000000 31.255949 16.606939 7.509112 2.913131 0.980171 0.289257 0.075665 0.017713 0.003742 0.000719 0.000126 0.000020 0.000003 0.000000 0.000000 0.000000 0.000000 0.000000 0.000000 0.000000 0.000000 0.000000 0.000000 0.000000 0.000000 0.000000 0.000000 0.000000 0.000000 0.000000 0.000000 0.000000 0.000000 0.000000 0.000000 0.000000 0.000000 0.000000 0.000000 0.000000 0.000000 0.000000 0.000000 0.000000 0.000000 0.000000 0.000000 0.000000 0.000000 
50.000000 31.255949 16.606939 7.509112 2.913131 0.980171 0.289257 0.075665 0.017713 0.003742 0.000719 0.000126 0.000020 0.000003 0.000000 0.000000 0.000000 0.000000 0.000000 0.000000 0.000000 0.000000 0.000000 0.000000 0.000000 0.000000 0.000000 0.000000 0.000000 0.000000 0.000000 0.000000 0.000000 0.000000 0.000000 0.000000 0.000000 0.000000 0.000000 0.000000 0.000000 0.000000 0.000000 0.000000 0.000000 0.000000 0.000000 0.000000 0.000000 0.000000 
50.000000 31.255949 16.606939 7.509112 2.913131 0.980171 0.289257 0.075665 0.017713 0.003742 0.000719 0.000126 0.000020 0.000003 0.000000 0.000000 0.000000 0.000000 0.000000 0.000000 0.000000 0.000000 0.000000 0.000000 0.000000 0.000000 0.000000 0.000000 0.000000 0.000000 0.000000 0.000000 0.000000 0.000000 0.000000 0.000000 0.000000 0.000000 0.000000 0.000000 0.000000 0.000000 0.000000 0.000000 0.000000 0.000000 0.000000 0.000000 0.000000 0.000000 
50.000000 31.255949 16.606939 7.509112 2.913131 0.980171 0.289257 0.075665 0.017713 0.003742 0.000719 0.000126 0.000020 0.000003 0.000000 0.000000 0.000000 0.000000 0.000000 0.000000 0.000000 0.000000 0.000000 0.000000 0.000000 0.000000 0.000000 0.000000 0.000000 0.000000 0.000000 0.000000 0.000000 0.000000 0.000000 0.000000 0.000000 0.000000 0.000000 0.000000 0.000000 0.000000 0.000000 0.000000 0.000000 0.000000 0.000000 0.000000 0.000000 0.000000 
50.000000 31.255949 16.606939 7.509112 2.913131 0.980171 0.289257 0.075665 0.017713 0.003742 0.000719 0.000126 0.000020 0.000003 0.000000 0.000000 0.000000 0.000000 0.000000 0.000000 0.000000 0.000000 0.000000 0.000000 0.000000 0.000000 0.000000 0.000000 0.000000 0.000000 0.000000 0.000000 0.000000 0.000000 0.000000 0.000000 0.000000 0.000000 0.000000 0.000000 0.000000 0.000000 0.000000 0.000000 0.000000 0.000000 0.000000 0.000000 0.000000 0.000000 
50.000000 31.255949 16.606939 7.509112 2.913131 0.980171 0.289257 0.075665 0.017713 0.003742 0.000719 0.000126 0.000021 0.000003 0.000000 0.000000 0.000000 0.000000 0.000000 0.000000 0.000000 0.000000 0.000000 0.000000 0.000000 0.000000 0.000000 0.000000 0.000000 0.000000 0.000000 0.000000 0.000000 0.000000 0.000000 0.000000 0.000000 0.000000 0.000000 0.000000 0.000000 0.000000 0.000000 0.000000 0.000000 0.000000 0.000000 0.000000 0.000000 0.000000 
50.000000 31.255949 16.606939 7.509112 2.913132 0.980171 0.289257 0.075666 0.017713 0.003743 0.000719 0.000127 0.000021 0.000003 0.000001 0.000000 0.000000 0.000000 0.000000 0.000000 0.000000 0.000000 0.000000 0.000000 0.000000 0.000000 0.000000 0.000000 0.000000 0.000000 0.000000 0.000000 0.000000 0.000000 0.000000 0.000000 0.000000 0.000000 0.000000 0.000000 0.000000 0.000000 0.000000 0.000000 0.000000 0.000000 0.000000 0.000000 0.000000 0.000000 
50.000000 31.255950 16.606941 7.509115 2.913134 0.980174 0.289260 0.075668 0.017716 0.003745 0.000722 0.000129 0.000024 0.000006 0.000003 0.000003 0.000003 0.000003 0.000003 0.000003 0.000003 0.000003 0.000003 0.000003 0.000003 0.000003 0.000003 0.000003 0.000003 0.000003 0.000003 0.000003 0.000003 0.000003 0.000003 0.000003 0.000003 0.000003 0.000003 0.000003 0.000003 0.000003 0.000003 0.000003 0.000003 0.000003 0.000003 0.000002 0.000001 0.000000 
50.000000 31.255957 16.606953 7.509130 2.913151 0.980191 0.289277 0.075686 0.017734 0.003763 0.000739 0.000147 0.000041 0.000024 0.000021 0.000021 0.000020 0.000020 0.000020 0.000020 0.000020 0.000020 0.000020 0.000020 0.000020 0.000020 0.000020 0.000020 0.000020 0.000020 0.000020 0.000020 0.000020 0.000020 0.000020 0.000020 0.000020 0.000020 0.000020 0.000020 0.000020 0.000020 0.000020 0.000020 0.000020 0.000020 0.000018 0.000014 0.000008 0.000000 
50.000000 31.255997 16.607025 7.509220 2.913251 0.980295 0.289383 0.075792 0.017839 0.003869 0.000845 0.000253 0.000147 0.000129 0.000127 0.000126 0.000126 0.000126 0.000126 0.000126 0.000126 0.000126 0.000126 0.000126 0.000126 0.000126 0.000126 0.000126 0.000126 0.000126 0.000126 0.000126 0.000126 0.000126 0.000126 0.000126 0.000126 0.000126 0.000126 0.000126 0.000126 0.000126 0.000126 0.000126 0.000125 0.000121 0.000111 0.000089 0.000051 0.000000 
50.000000 31.256222 16.607425 7.509728 2.913811 0.980877 0.289972 0.076383 0.018432 0.004461 0.001438 0.000845 0.000739 0.000722 0.000719 0.000719 0.000719 0.000719 0.000719 0.000719 0.000719 0.000719 0.000719 0.000719 0.000719 0.000719 0.000719 0.000719 0.000719 0.000719 0.000719 0.000719 0.000719 0.000719 0.000719 0.000719 0.000719 0.000719 0.000719 0.000719 0.000719 0.000719 0.000718 0.000717 0.000710 0.000689 0.000632 0.000509 0.000292 0.000000 
50.000000 31.257371 16.609464 7.512313 2.916668 0.983845 0.292980 0.079403 0.021454 0.007485 0.004461 0.003869 0.003763 0.003745 0.003743 0.003742 0.003742 0.003742 0.003742 0.003742 0.003742 0.003742 0.003742 0.003742 0.003742 0.003742 0.003742 0.003742 0.003742 0.003742 0.003742 0.003742 0.003742 0.003742 0.003742 0.003742 0.003742 0.003742 0.003742 0.003742 0.003742 0.003742 0.003740 0.003730 0.003696 0.003588 0.003299 0.002660 0.001531 0.000000 
50.000000 31.262665 16.618872 7.524248 2.929861 0.997559 0.306876 0.093354 0.035421 0.021454 0.018432 0.017839 0.017734 0.017716 0.017713 0.017713 0.017713 0.017713 0.017713 0.017713 0.017713 0.017713 0.017713 0.017713 0.017713 0.017713 0.017713 0.017713 0.017713 0.017713 0.017713 0.017713 0.017713 0.017713 0.017713 0.017713 0.017713 0.017713 0.017713 0.017713 0.017713 0.017710 0.017700 0.017657 0.017501 0.017004 0.015665 0.012671 0.007319 0.000000 
50.000000 31.284585 16.657838 7.573708 2.984561 1.054433 0.364515 0.151226 0.093354 0.079403 0.076383 0.075792 0.075686 0.075668 0.075666 0.075665 0.075665 0.075665 0.075665 0.075665 0.075665 0.075665 0.075665 0.075665 0.075665 0.075665 0.075665 0.075665 0.075665 0.075665 0.075665 0.075665 0.075665 0.075665 0.075665 0.075665 0.075665 0.075665 0.075665 0.075665 0.075663 0.075654 0.075613 0.075441 0.074805 0.072770 0.067211 0.054599 0.031698 0.000000 
50.000000 31.365217 16.801246 7.755833 3.186067 1.264004 0.576934 0.364515 0.306876 0.292980 0.289972 0.289383 0.289277 0.289260 0.289257 0.289257 0.289257 0.289257 0.289257 0.289257 0.289257 0.289257 0.289257 0.289257 0.289257 0.289257 0.289257 0.289257 0.289257 0.289257 0.289257 0.289257 0.289257 0.289257 0.289257 0.289257 0.289257 0.289257 0.289257 0.289256 0.289250 0.289219 0.289074 0.288467 0.286207 0.278868 0.258473 0.211257 0.123588 0.000000 
50.000000 31.625563 17.264486 8.344443 3.837586 1.941772 1.264004 1.054433 0.997559 0.983845 0.980877 0.980295 0.980191 0.980174 0.980171 0.980171 0.980171 0.980171 0.980171 0.980171 0.980171 0.980171 0.980171 0.980171 0.980171 0.980171 0.980171 0.980171 0.980171 0.980171 0.980171 0.980171 0.980171 0.980171 0.980171 0.980171 0.980171 0.980171 0.980170 0.980167 0.980150 0.980058 0.979627 0.977796 0.970886 0.948033 0.883041 0.728200 0.431112 0.000000 
50.000000 32.352678 18.558798 9.989828 5.659532 3.837586 3.186067 2.984561 2.929861 2.916668 2.913811 2.913251 2.913151 2.913134 2.913132 2.913131 2.913131 2.913131 2.913131 2.913131 2.913131 2.913131 2.913131 2.913131 2.913131 2.913131 2.913131 2.913131 2.913131 2.913131 2.913131 2.913131 2.913131 2.913131 2.913131 2.913131 2.913131 2.913131 2.913130 2.913122 2.913080 2.912857 2.911791 2.907200 2.889553 2.829766 2.654232 2.218462 1.339428 0.000000 
50.000000 34.078844 21.632638 13.899109 9.989828 8.344443 7.755833 7.573708 7.524248 7.512313 7.509728 7.509220 7.509130 7.509115 7.509112 7.509112 7.509112 7.509112 7.509112 7.509112 7.509112 7.509112 7.509112 7.509112 7.509112 7.509112 7.509112 7.509112 7.509112 7.509112 7.509112 7.509112 7.509112 7.509112 7.509112 7.509112 7.509112 7.509112 7.509109 7.509095 7.509014 7.508583 7.506498 7.497361 7.461403 7.335596 6.949555 5.931517 3.707188 0.000000 
50.000000 37.491290 27.711226 21.632638 18.558798 17.264486 16.801246 16.657838 16.618872 16.609464 16.607425 16.607025 16.606953 16.606941 16.606939 16.606939 16.606939 16.606939 16.606939 16.606939 16.606939 16.606939 16.606939 16.606939 16.606939 16.606939 16.606939 16.606939 16.606939 16.606939 16.606939 16.606939 16.606939 16.606939 16.606939 16.606939 16.606939 16.606939 16.606935 16.606916 16.606804 16.606201 16.603239 16.589989 16.536286 16.340335 15.701120 13.855613 9.244086 0.000000 
50.000000 42.980382 37.491290 34.078844 32.352678 31.625563 31.365217 31.284585 31.262665 31.257371 31.256222 31.255997 31.255957 31.255950 31.255949 31.255949 31.255949 31.255949 31.255949 31.255949 31.255949 31.255949 31.255949 31.255949 31.255949 31.255949 31.255949 31.255949 31.255949 31.255949 31.255949 31.255949 31.255949 31.255949 31.255949 31.255949 31.255949 31.255948 31.255946 31.255930 31.255839 31.255346 31.252887 31.241629 31.194451 31.013250 30.371656 28.247204 21.490191 0.000000 
50.000000 50.000000 50.000000 50.000000 50.000000 50.000000 50.000000 50.000000 50.000000 50.000000 50.000000 50.000000 50.000000 50.000000 50.000000 50.000000 50.000000 50.000000 50.000000 50.000000 50.000000 50.000000 50.000000 50.000000 50.000000 50.000000 50.000000 50.000000 50.000000 50.000000 50.000000 50.000000 50.000000 50.000000 50.000000 50.000000 50.000000 50.000000 50.000000 50.000000 50.000000 50.000000 50.000000 50.000000 50.000000 50.000000 50.000000 50.000000 50.000000 50.000000 
