50.000000 50.000000 50.000000 50.000000 50.000000 50.000000 50.000000 50.000000 50.000000 50.000000 50.000000 50.000000 50.000000 50.000000 50.000000 50.000000 50.000000 50.000000 50.000000 50.000000 50.000000 50.000000 50.000000 50.000000 50.000000 50.000000 50.000000 50.000000 50.000000 50.000000 50.000000 50.000000 50.000000 50.000000 50.000000 50.000000 50.000000 50.000000 50.000000 50.000000 50.000000 50.000000 50.000000 50.000000 50.000000 50.000000 50.000000 50.000000 50.000000 50.000000 
50.000000 48.022406 46.167477 44.535092 43.186602 42.140127 41.376498 40.851933 40.512281 40.304702 40.184785 40.119203 40.085197 40.068454 40.060613 40.057116 40.055628 40.055024 40.054789 40.054701 40.054670 40.054659 40.054656 40.054655 40.054654 40.054654 40.054654 40.054654 40.054654 40.054653 40.054652 40.054647 40.054631 40.054588 40.054470 40.054157 40.053363 40.051416 40.046820 40.036349 40.013303 39.964160 39.862232 39.655299 39.240121 38.404855 36.683045 32.935715 24.011203 0.000000 
50.000000 46.167477 42.572684 39.409191 36.795894 34.767905 33.288068 32.271528 31.613338 31.211090 30.978719 30.851639 30.785747 30.753304 30.738112 30.731337 30.728454 30.727283 30.726828 30.726658 30.726597 30.726577 30.726570 30.726568 30.726567 30.726567 30.726567 30.726567 30.726566 30.726565 30.726562 30.726553 30.726526 30.726449 30.726238 30.725683 30.724274 30.720834 30.712746 30.694423 30.654387 30.569881 30.397133 30.053913 29.387982 28.118946 25.730615 21.286342 13.231762 0.000000 
50.000000 44.535092 39.409191 34.898326 31.172037 28.280380 26.170360 24.720961 23.782528 23.209029 22.877738 22.696568 22.602632 22.556383 22.534727 22.525069 22.520961 22.519291 22.518642 22.518401 22.518315 22.518285 22.518275 22.518272 22.518271 22.518271 22.518271 22.518271 22.518270 22.518269 22.518265 22.518254 22.518220 22.518124 22.517863 22.517178 22.515445 22.511236 22.501400 22.479294 22.431492 22.331979 22.132346 21.745959 21.023645 19.719183 17.449163 13.678576 7.852047 0.000000 
50.000000 43.186602 36.795894 31.172037 26.526407 22.921397 20.290910 18.484047 17.314206 16.599312 16.186359 15.960540 15.843460 15.785818 15.758829 15.746794 15.741674 15.739594 15.738785 15.738484 15.738377 15.738340 15.738328 15.738324 15.738323 15.738322 15.738322 15.738322 15.738322 15.738320 15.738316 15.738305 15.738270 15.738172 15.737904 15.737206 15.735450 15.731208 15.721369 15.699462 15.652652 15.556683 15.367964 15.012191 14.369999 13.263204 11.452854 8.676948 4.781747 0.000000 
50.000000 42.140127 34.767905 28.280380 22.921397 18.762911 15.728646 13.644494 12.295170 11.470627 10.994355 10.733923 10.598904 10.532433 10.501312 10.487435 10.481532 10.479133 10.478201 10.477854 10.477731 10.477688 10.477674 10.477670 10.477668 10.477668 10.477668 10.477668 10.477667 10.477666 10.477663 10.477652 10.477621 10.477533 10.477294 10.476673 10.475119 10.471392 10.462817 10.443910 10.404001 10.323426 10.167998 9.882026 9.381456 8.551397 7.256735 5.379923 2.900006 0.000000 
50.000000 41.376498 33.288068 26.170360 20.290910 15.728646 12.399847 10.113456 8.633250 7.728761 7.206334 6.920676 6.772586 6.699684 6.665554 6.650336 6.643863 6.641233 6.640211 6.639831 6.639695 6.639648 6.639633 6.639628 6.639626 6.639626 6.639626 6.639626 6.639625 6.639625 6.639622 6.639613 6.639588 6.639517 6.639326 6.638830 6.637599 6.634664 6.627965 6.613341 6.582838 6.522135 6.407091 6.199924 5.846621 5.278720 4.424401 3.234155 1.721199 0.000000 
50.000000 40.851933 32.271528 24.720961 18.484047 13.644494 10.113456 7.688224 6.118181 5.158830 4.604736 4.301775 4.144722 4.067412 4.031219 4.015082 4.008219 4.005430 4.004347 4.003944 4.003800 4.003750 4.003734 4.003729 4.003727 4.003727 4.003727 4.003727 4.003727 4.003726 4.003724 4.003717 4.003699 4.003647 4.003507 4.003148 4.002258 4.000153 3.995386 3.985075 3.963807 3.922039 3.844112 3.706365 3.476496 3.116083 2.588616 1.874394 0.989700 0.000000 
50.000000 40.512281 31.613338 23.782528 17.314206 12.295170 8.633250 6.118181 4.490021 3.495189 2.920619 2.606475 2.443630 2.363471 2.325947 2.309217 2.302102 2.299211 2.298088 2.297670 2.297521 2.297470 2.297453 2.297448 2.297446 2.297445 2.297445 2.297445 2.297445 2.297445 2.297443 2.297439 2.297426 2.297391 2.297298 2.297057 2.296466 2.295076 2.291950 2.285249 2.271566 2.245011 2.196142 2.111114 1.971745 1.757522 1.450549 1.043456 0.548121 0.000000 
50.000000 40.304702 31.211090 23.209029 16.599312 11.470627 7.728761 5.158830 3.495189 2.478699 1.891636 1.570669 1.404292 1.322398 1.284063 1.266971 1.259702 1.256749 1.255602 1.255175 1.255023 1.254971 1.254953 1.254948 1.254946 1.254946 1.254946 1.254946 1.254945 1.254945 1.254944 1.254942 1.254934 1.254912 1.254853 1.254704 1.254340 1.253488 1.251585 1.247538 1.239350 1.223623 1.195023 1.145924 1.066625 0.946660 0.777537 0.556703 0.291400 0.000000 
50.000000 40.184785 30.978719 22.877738 16.186359 10.994355 7.206334 4.604736 2.920619 1.891636 1.297368 0.972468 0.804056 0.721161 0.682359 0.665059 0.657702 0.654714 0.653552 0.653120 0.652966 0.652913 0.652896 0.652890 0.652889 0.652888 0.652888 0.652888 0.652888 0.652888 0.652887 0.652886 0.652881 0.652868 0.652834 0.652748 0.652538 0.652051 0.650969 0.648684 0.644098 0.635370 0.619660 0.592992 0.550445 0.486896 0.398444 0.284296 0.148436 0.000000 
50.000000 40.119203 30.851639 22.696568 15.960540 10.733923 6.920676 4.301775 2.606475 1.570669 0.972468 0.645422 0.475899 0.392460 0.353403 0.335990 0.328585 0.325577 0.324408 0.323973 0.323818 0.323765 0.323747 0.323742 0.323740 0.323740 0.323739 0.323739 0.323739 0.323739 0.323739 0.323738 0.323736 0.323729 0.323710 0.323663 0.323550 0.323289 0.322711 0.321499 0.319084 0.314525 0.306389 0.292711 0.271106 0.239171 0.195167 0.138893 0.072384 0.000000 
50.000000 40.085197 30.785747 22.602632 15.843460 10.598904 6.772586 4.144722 2.443630 1.404292 0.804056 0.475899 0.305803 0.222082 0.182893 0.165421 0.157992 0.154974 0.153801 0.153365 0.153209 0.153156 0.153138 0.153132 0.153131 0.153130 0.153130 0.153130 0.153130 0.153130 0.153130 0.153129 0.153128 0.153124 0.153115 0.153091 0.153034 0.152901 0.152611 0.152005 0.150805 0.148554 0.144569 0.137922 0.127511 0.112252 0.091396 0.064913 0.033781 0.000000 
50.000000 40.068454 30.753304 22.556383 15.785818 10.532433 6.699684 4.067412 2.363471 1.322398 0.721161 0.392460 0.222082 0.138222 0.098969 0.081469 0.074027 0.071004 0.069829 0.069392 0.069236 0.069183 0.069165 0.069160 0.069158 0.069158 0.069157 0.069157 0.069157 0.069157 0.069157 0.069157 0.069156 0.069155 0.069150 0.069139 0.069111 0.069048 0.068910 0.068623 0.068058 0.067005 0.065153 0.062085 0.057314 0.050369 0.040938 0.029030 0.015091 0.000000 
50.000000 40.060613 30.738112 22.534727 15.758829 10.501312 6.665554 4.031219 2.325947 1.284063 0.682359 0.353403 0.182893 0.098969 0.059685 0.042172 0.034724 0.031699 0.030524 0.030086 0.029930 0.029877 0.029859 0.029854 0.029852 0.029851 0.029851 0.029851 0.029851 0.029851 0.029851 0.029851 0.029851 0.029850 0.029848 0.029843 0.029830 0.029801 0.029739 0.029610 0.029358 0.028890 0.028072 0.026724 0.024640 0.021624 0.017550 0.012429 0.006456 0.000000 
50.000000 40.057116 30.731337 22.525069 15.746794 10.487435 6.650336 4.015082 2.309217 1.266971 0.665059 0.335990 0.165421 0.081469 0.042172 0.024652 0.017202 0.014176 0.013000 0.012563 0.012407 0.012353 0.012336 0.012330 0.012328 0.012328 0.012328 0.012328 0.012328 0.012328 0.012328 0.012328 0.012327 0.012327 0.012326 0.012324 0.012319 0.012306 0.012280 0.012225 0.012117 0.011919 0.011575 0.011010 0.010141 0.008889 0.007206 0.005098 0.002646 0.000000 
50.000000 40.055628 30.728454 22.520961 15.741674 10.481532 6.643863 4.008219 2.302102 1.259702 0.657702 0.328585 0.157992 0.074027 0.034724 0.017202 0.009751 0.006725 0.005549 0.005111 0.004955 0.004901 0.004884 0.004878 0.004877 0.004876 0.004876 0.004876 0.004876 0.004876 0.004876 0.004876 0.004876 0.004876 0.004875 0.004874 0.004872 0.004867 0.004856 0.004834 0.004790 0.004710 0.004572 0.004346 0.003999 0.003502 0.002836 0.002005 0.001040 0.000000 
50.000000 40.055024 30.727283 22.519291 15.739594 10.479133 6.641233 4.005430 2.299211 1.256749 0.654714 0.325577 0.154974 0.071004 0.031699 0.014176 0.006725 0.003698 0.002522 0.002084 0.001928 0.001875 0.001857 0.001851 0.001850 0.001849 0.001849 0.001849 0.001849 0.001849 0.001849 0.001849 0.001849 0.001849 0.001849 0.001848 0.001848 0.001846 0.001841 0.001833 0.001816 0.001785 0.001732 0.001645 0.001513 0.001324 0.001071 0.000757 0.000392 0.000000 
50.000000 40.054789 30.726828 22.518642 15.738785 10.478201 6.640211 4.004347 2.298088 1.255602 0.653552 0.324408 0.153801 0.069829 0.030524 0.013000 0.005549 0.002522 0.001346 0.000908 0.000752 0.000699 0.000681 0.000675 0.000674 0.000673 0.000673 0.000673 0.000673 0.000673 0.000673 0.000673 0.000673 0.000673 0.000673 0.000673 0.000672 0.000672 0.000670 0.000667 0.000661 0.000649 0.000630 0.000598 0.000549 0.000480 0.000389 0.000274 0.000142 0.000000 
50.000000 40.054701 30.726658 22.518401 15.738484 10.477854 6.639831 4.003944 2.297670 1.255175 0.653120 0.323973 0.153365 0.069392 0.030086 0.012563 0.005111 0.002084 0.000908 0.000471 0.000314 0.000261 0.000243 0.000238 0.000236 0.000236 0.000235 0.000235 0.000235 0.000235 0.000235 0.000235 0.000235 0.000235 0.000235 0.000235 0.000235 0.000235 0.000234 0.000233 0.000231 0.000227 0.000220 0.000209 0.000192 0.000168 0.000135 0.000096 0.000050 0.000000 
50.000000 40.054670 30.726598 22.518315 15.738377 10.477731 6.639695 4.003800 2.297521 1.255023 0.652966 0.323818 0.153209 0.069236 0.029930 0.012407 0.004955 0.001928 0.000752 0.000314 0.000158 0.000105 0.000087 0.000082 0.000080 0.000079 0.000079 0.000079 0.000079 0.000079 0.000079 0.000079 0.000079 0.000079 0.000079 0.000079 0.000079 0.000079 0.000079 0.000078 0.000078 0.000076 0.000074 0.000070 0.000064 0.000056 0.000045 0.000032 0.000017 0.000000 
50.000000 40.054659 30.726577 22.518285 15.738340 10.477688 6.639648 4.003750 2.297470 1.254971 0.652913 0.323765 0.153156 0.069183 0.029877 0.012353 0.004902 0.001875 0.000699 0.000261 0.000105 0.000051 0.000034 0.000028 0.000026 0.000026 0.000026 0.000026 0.000026 0.000026 0.000026 0.000026 0.000026 0.000026 0.000026 0.000026 0.000026 0.000026 0.000026 0.000025 0.000025 0.000025 0.000024 0.000023 0.000021 0.000018 0.000015 0.000010 0.000005 0.000000 
50.000000 40.054656 30.726570 22.518275 15.738328 10.477674 6.639633 4.003734 2.297453 1.254953 0.652896 0.323747 0.153138 0.069165 0.029859 0.012336 0.004884 0.001857 0.000681 0.000243 0.000087 0.000034 0.000016 0.000010 0.000009 0.000008 0.000008 0.000008 0.000008 0.000008 0.000008 0.000008 0.000008 0.000008 0.000008 0.000008 0.000008 0.000008 0.000008 0.000008 0.000008 0.000008 0.000007 0.000007 0.000007 0.000006 0.000005 0.000003 0.000002 0.000000 
50.000000 40.054655 30.726568 22.518272 15.738324 10.477670 6.639628 4.003729 2.297448 1.254948 0.652890 0.323742 0.153132 0.069160 0.029854 0.012330 0.004878 0.001851 0.000675 0.000238 0.000082 0.000028 0.000010 0.000005 0.000003 0.000003 0.000003 0.000002 0.000002 0.000002 0.000002 0.000002 0.000002 0.000002 0.000002 0.000002 0.000002 0.000002 0.000002 0.000002 0.000002 0.000002 0.000002 0.000002 0.000002 0.000002 0.000001 0.000001 0.000001 0.000000 
50.000000 40.054654 30.726567 22.518271 15.738323 10.477668 6.639627 4.003728 2.297446 1.254946 0.652889 0.323740 0.153131 0.069158 0.029852 0.012329 0.004877 0.001850 0.000674 0.000236 0.000080 0.000027 0.000009 0.000003 0.000002 0.000001 0.000001 0.000001 0.000001 0.000001 0.000001 0.000001 0.000001 0.000001 0.000001 0.000001 0.000001 0.000001 0.000001 0.000001 0.000001 0.000001 0.000001 0.000001 0.000001 0.000001 0.000001 0.000000 0.000000 0.000000 
50.000000 40.054654 30.726567 22.518271 15.738323 10.477668 6.639627 4.003728 2.297446 1.254946 0.652889 0.323740 0.153131 0.069158 0.029852 0.012329 0.004877 0.001850 0.000674 0.000236 0.000080 0.000027 0.000009 0.000003 0.000002 0.000001 0.000001 0.000001 0.000001 0.000001 0.000001 0.000001 0.000001 0.000001 0.000001 0.000001 0.000001 0.000001 0.000001 0.000001 0.000001 0.000001 0.000001 0.000001 0.000001 0.000001 0.000001 0.000000 0.000000 0.000000 
50.000000 40.054655 30.726568 22.518272 15.738324 10.477670 6.639628 4.003729 2.297448 1.254948 0.652890 0.323742 0.153132 0.069160 0.029854 0.012330 0.004878 0.001851 0.000675 0.000238 0.000082 0.000028 0.000010 0.000005 0.000003 0.000003 0.000003 0.000002 0.000002 0.000002 0.000002 0.000002 0.000002 0.000002 0.000002 0.000002 0.000002 0.000002 0.000002 0.000002 0.000002 0.000002 0.000002 0.000002 0.000002 0.000002 0.000001 0.000001 0.000001 0.000000 
50.000000 40.054656 30.726570 22.518275 15.738328 10.477674 6.639633 4.003734 2.297453 1.254953 0.652896 0.323747 0.153138 0.069165 0.029859 0.012336 0.004884 0.001857 0.000681 0.000243 0.000087 0.000034 0.000016 0.000010 0.000009 0.000008 0.000008 0.000008 0.000008 0.000008 0.000008 0.000008 0.000008 0.000008 0.000008 0.000008 0.000008 0.000008 0.000008 0.000008 0.000008 0.000008 0.000007 0.000007 0.000007 0.000006 0.000005 0.000003 0.000002 0.000000 
50.000000 40.054659 30.726577 22.518285 15.738340 10.477688 6.639648 4.003750 2.297470 1.254971 0.652913 0.323765 0.153156 0.069183 0.029877 0.012353 0.004902 0.001875 0.000699 0.000261 0.000105 0.000051 0.000034 0.000028 0.000026 0.000026 0.000026 0.000026 0.000026 0.000026 0.000026 0.000026 0.000026 0.000026 0.000026 0.000026 0.000026 0.000026 0.000026 0.000025 0.000025 0.000025 0.000024 0.000023 0.000021 0.000018 0.000015 0.000010 0.000005 0.000000 
50.000000 40.054670 30.726598 22.518315 15.738377 10.477731 6.639695 4.003800 2.297521 1.255023 0.652966 0.323818 0.153209 0.069236 0.029930 0.012407 0.004955 0.001928 0.000752 0.000314 0.000158 0.000105 0.000087 0.000082 0.000080 0.000079 0.000079 0.000079 0.000079 0.000079 0.000079 0.000079 0.000079 0.000079 0.000079 0.000079 0.000079 0.000079 0.000079 0.000078 0.000078 0.000076 0.000074 0.000070 0.000064 0.000056 0.000045 0.000032 0.000017 0.000000 
50.000000 40.054701 30.726658 22.518401 15.738484 10.477854 6.639831 4.003944 2.297670 1.255175 0.653120 0.323973 0.153365 0.069392 0.030086 0.012563 0.005111 0.002084 0.000908 0.000471 0.000314 0.000261 0.000243 0.000238 0.000236 0.000236 0.000235 0.000235 0.000235 0.000235 0.000235 0.000235 0.000235 0.000235 0.000235 0.000235 0.000235 0.000235 0.000234 0.000233 0.000231 0.000227 0.000220 0.000209 0.000192 0.000168 0.000135 0.000096 0.000050 0.000000 
50.000000 40.054789 30.726828 22.518642 15.738785 10.478201 6.640211 4.004347 2.298088 1.255602 0.653552 0.324408 0.153801 0.069829 0.030524 0.013000 0.005549 0.002522 0.001346 0.000908 0.000752 0.000699 0.000681 0.000675 0.000674 0.000673 0.000673 0.000673 0.000673 0.000673 0.000673 0.000673 0.000673 0.000673 0.000673 0.000673 0.000672 0.000672 0.000670 0.000667 0.000661 0.000649 0.000630 0.000598 0.000549 0.000480 0.000389 0.000274 0.000142 0.000000 
50.000000 40.055024 30.727283 22.519291 15.739594 10.479133 6.641233 4.005430 2.299211 1.256749 0.654714 0.325577 0.154974 0.071004 0.031699 0.014176 0.006725 0.003698 0.002522 0.002084 0.001928 0.001875 0.001857 0.001851 0.001850 0.001849 0.001849 0.001849 0.001849 0.001849 0.001849 0.001849 0.001849 0.001849 0.001849 0.001848 0.001848 0.001846 0.001841 0.001833 0.001816 0.001785 0.001732 0.001645 0.001513 0.001324 0.001071 0.000757 0.000392 0.000000 
50.000000 40.055628 30.728454 22.520961 15.741674 10.481532 6.643863 4.008219 2.302102 1.259702 0.657702 0.328585 0.157992 0.074027 0.034724 0.017202 0.009751 0.006725 0.005549 0.005111 0.004955 0.004901 0.004884 0.004878 0.004877 0.004876 0.004876 0.004876 0.004876 0.004876 0.004876 0.004876 0.004876 0.004876 0.004875 0.004874 0.004872 0.004867 0.004856 0.004834 0.004790 0.004710 0.004572 0.004346 0.003999 0.003502 0.002836 0.002005 0.001040 0.000000 
50.000000 40.057116 30.731337 22.525069 15.746794 10.487435 6.650336 4.015082 2.309217 1.266971 0.665059 0.335990 0.165421 0.081469 0.042172 0.024652 0.017202 0.014176 0.013000 0.012563 0.012407 0.012353 0.012336 0.012330 0.012328 0.012328 0.012328 0.012328 0.012328 0.012328 0.012328 0.012328 0.012327 0.012327 0.012326 0.012324 0.012319 0.012306 0.012280 0.012225 0.012117 0.011919 0.011575 0.011010 0.010141 0.008889 0.007206 0.005098 0.002646 0.000000 
50.000000 40.060613 30.738112 22.534727 15.758829 10.501312 6.665554 4.031219 2.325947 1.284063 0.682359 0.353403 0.182893 0.098969 0.059685 0.042172 0.034724 0.031699 0.030524 0.030086 0.029930 0.029877 0.029859 0.029854 0.029852 0.029851 0.029851 0.029851 0.029851 0.029851 0.029851 0.029851 0.029851 0.029850 0.029848 0.029843 0.029830 0.029801 0.029739 0.029610 0.029358 0.028890 0.028072 0.026724 0.024640 0.021624 0.017550 0.012429 0.006456 0.000000 
50.000000 40.068454 30.753304 22.556383 15.785818 10.532433 6.699684 4.067412 2.363471 1.322398 0.721161 0.392460 0.222082 0.138222 0.098969 0.081469 0.074027 0.071004 0.069829 0.069392 0.069236 0.069183 0.069165 0.069160 0.069158 0.069158 0.069157 0.069157 0.069157 0.069157 0.069157 0.069157 0.069156 0.069155 0.069150 0.069139 0.069111 0.069048 0.068910 0.068623 0.068058 0.067005 0.065153 0.062085 0.057314 0.050369 0.040938 0.029030 0.015091 0.000000 
50.000000 40.085197 30.785747 22.602632 15.843460 10.598904 6.772586 4.144722 2.443630 1.404292 0.804056 0.475899 0.305803 0.222082 0.182893 0.165421 0.157992 0.154974 0.153801 0.153365 0.153209 0.153156 0.153138 0.153132 0.153131 0.153130 0.153130 0.153130 0.153130 0.153130 0.153130 0.153129 0.153128 0.153124 0.153115 0.153091 0.153034 0.152901 0.152611 0.152005 0.150805 0.148554 0.144569 0.137922 0.127511 0.112252 0.091396 0.064913 0.033781 0.000000 
50.000000 40.119203 30.851639 22.696568 15.960540 10.733923 6.920676 4.301775 2.606475 1.570669 0.972468 0.645422 0.475899 0.392460 0.353403 0.335990 0.328585 0.325577 0.324408 0.323973 0.323818 0.323765 0.323747 0.323742 0.323740 0.323740 0.323739 0.323739 0.323739 0.323739 0.323739 0.323738 0.323736 0.323729 0.323710 0.323663 0.323550 0.323289 0.322711 0.321499 0.319084 0.314525 0.306389 0.292711 0.271106 0.239171 0.195167 0.138893 0.072384 0.000000 
50.000000 40.184785 30.978719 22.877738 16.186359 10.994355 7.206334 4.604736 2.920619 1.891636 1.297368 0.972468 0.804056 0.721161 0.682359 0.665059 0.657702 0.654714 0.653552 0.653120 0.652966 0.652913 0.652896 0.652890 0.652889 0.652888 0.652888 0.652888 0.652888 0.652888 0.652887 0.652886 0.652881 0.652868 0.652834 0.652748 0.652538 0.652051 0.650969 0.648684 0.644098 0.635370 0.619660 0.592992 0.550445 0.486896 0.398444 0.284296 0.148436 0.000000 
50.000000 40.304702 31.211090 23.209029 16.599312 11.470627 7.728761 5.158830 3.495189 2.478699 1.891636 1.570669 1.404292 1.322398 1.284063 1.266971 1.259702 1.256749 1.255602 1.255175 1.255023 1.254971 1.254953 1.254948 1.254946 1.254946 1.254946 1.254946 1.254945 1.254945 1.254944 1.254942 1.254934 1.254912 1.254853 1.254704 1.254340 1.253488 1.251585 1.247538 1.239350 1.223623 1.195023 1.145924 1.066625 0.946660 0.777537 0.556703 0.291400 0.000000 
50.000000 40.512281 31.613338 23.782528 17.314206 12.295170 8.633250 6.118181 4.490021 3.495189 2.920619 2.606475 2.443630 2.363471 2.325947 2.309217 2.302102 2.299211 2.298088 2.297670 2.297521 2.297470 2.297453 2.297448 2.297446 2.297445 2.297445 2.297445 2.297445 2.297445 2.297443 2.297439 2.297426 2.297391 2.297298 2.297057 2.296466 2.295076 2.291950 2.285249 2.271566 2.245011 2.196142 2.111114 1.971745 1.757522 1.450549 1.043456 0.548121 0.000000 
50.000000 40.851933 32.271528 24.720961 18.484047 13.644494 10.113456 7.688224 6.118181 5.158830 4.604736 4.301775 4.144722 4.067412 4.031219 4.015082 4.008219 4.005430 4.004347 4.003944 4.003800 4.003750 4.003734 4.003729 4.003727 4.003727 4.003727 4.003727 4.003727 4.003726 4.003724 4.003717 4.003699 4.003647 4.003507 4.003148 4.002258 4.000153 3.995386 3.985075 3.963807 3.922039 3.844112 3.706365 3.476496 3.116083 2.588616 1.874394 0.989700 0.000000 
50.000000 41.376498 33.288068 26.170360 20.290910 15.728646 12.399847 10.113456 8.633250 7.728761 7.206334 6.920676 6.772586 6.699684 6.665554 6.650336 6.643863 6.641233 6.640211 6.639831 6.639695 6.639648 6.639633 6.639628 6.639626 6.639626 6.639626 6.639626 6.639625 6.639625 6.639622 6.639613 6.639588 6.639517 6.639326 6.638830 6.637599 6.634664 6.627965 6.613341 6.582838 6.522135 6.407091 6.199924 5.846621 5.278720 4.424401 3.234155 1.721199 0.000000 
50.000000 42.140127 34.767905 28.280380 22.921397 18.762911 15.728646 13.644494 12.295170 11.470627 10.994355 10.733923 10.598904 10.532433 10.501312 10.487435 10.481532 10.479133 10.478201 10.477854 10.477731 10.477688 10.477674 10.477670 10.477668 10.477668 10.477668 10.477668 10.477667 10.477666 10.477663 10.477652 10.477621 10.477533 10.477294 10.476673 10.475119 10.471392 10.462817 10.443910 10.404001 10.323426 10.167998 9.882026 9.381456 8.551397 7.256735 5.379923 2.900006 0.000000 
50.000000 43.186602 36.795894 31.172037 26.526407 22.921397 20.290910 18.484047 17.314206 16.599312 16.186359 15.960540 15.843460 15.785818 15.758829 15.746794 15.741674 15.739594 15.738785 15.738484 15.738377 15.738340 15.738328 15.738324 15.738323 15.738322 15.738322 15.738322 15.738322 15.738320 15.738316 15.738305 15.738270 15.738172 15.737904 15.737206 15.735450 15.731208 15.721369 15.699462 15.652652 15.556683 15.367964 15.012191 14.369999 13.263204 11.452854 8.676948 4.781747 0.000000 
50.000000 44.535092 39.409191 34.898326 31.172037 28.280380 26.170360 24.720961 23.782528 23.209029 22.877738 22.696568 22.602632 22.556383 22.534727 22.525069 22.520961 22.519291 22.518642 22.518401 22.518315 22.518285 22.518275 22.518272 22.518271 22.518271 22.518271 22.518271 22.518270 22.518269 22.518265 22.518254 22.518220 22.518124 22.517863 22.517178 22.515445 22.511236 22.501400 22.479294 22.431492 22.331979 22.132346 21.745959 21.023645 19.719183 17.449163 13.678576 7.852047 0.000000 
50.000000 46.167477 42.572684 39.409191 36.795894 34.767905 33.288068 32.271528 31.613338 31.211090 30.978719 30.851639 30.785747 30.753304 30.738112 30.731337 30.728454 30.727283 30.726828 30.726658 30.726597 30.726577 30.726570 30.726568 30.726567 30.726567 30.726567 30.726567 30.726566 30.726565 30.726562 30.726553 30.726526 30.726449 30.726238 30.725683 30.724274 30.720834 30.712746 30.694423 30.654387 30.569881 30.397133 30.053913 29.387982 28.118946 25.730615 21.286342 13.231762 0.000000 
50.000000 48.022406 46.167477 44.535092 43.186602 42.140127 41.376498 40.851933 40.512281 40.304702 40.184785 40.119203 40.085197 40.068454 40.060613 40.057116 40.055628 40.055024 40.054789 40.054701 40.054670 40.054659 40.054656 40.054655 40.054654 40.054654 40.054654 40.054654 40.054654 40.054653 40.054652 40.054647 40.054631 40.054588 40.054470 40.054157 40.053363 40.051416 40.046820 40.036349 40.013303 39.964160 39.862232 39.655299 39.240121 38.404855 36.683045 32.935715 24.011203 0.000000 
50.000000 50.000000 50.000000 50.000000 50.000000 50.000000 50.000000 50.000000 50.000000 50.000000 50.000000 50.000000 50.000000 50.000000 50.000000 50.000000 50.000000 50.000000 50.000000 50.000000 50.000000 50.000000 50.000000 50.000000 50.000000 50.000000 50.000000 50.000000 50.000000 50.000000 50.000000 50.000000 50.000000 50.000000 50.000000 50.000000 50.000000 50.000000 50.000000 50.000000 50.000000 50.000000 50.000000 50.000000 50.000000 50.000000 50.000000 50.000000 50.000000 50.000000 
