50.000000 50.000000 50.000000 50.000000 50.000000 50.000000 50.000000 50.000000 50.000000 50.000000 50.000000 50.000000 50.000000 50.000000 50.000000 50.000000 50.000000 50.000000 50.000000 50.000000 50.000000 50.000000 50.000000 50.000000 50.000000 50.000000 50.000000 50.000000 50.000000 50.000000 50.000000 50.000000 50.000000 50.000000 50.000000 50.000000 50.000000 50.000000 50.000000 50.000000 50.000000 50.000000 50.000000 50.000000 50.000000 50.000000 50.000000 50.000000 50.000000 50.000000 
50.000000 48.404833 46.889506 45.521887 44.348888 43.392414 42.650571 42.102952 41.717938 41.459924 41.294976 41.194289 41.135550 41.102769 41.085251 41.076278 41.071868 41.069786 41.068842 41.068430 41.068256 41.068186 41.068159 41.068148 41.068144 41.068143 41.068142 41.068142 41.068140 41.068136 41.068125 41.068097 41.068026 41.067851 41.067438 41.066488 41.064377 41.059825 41.050299 41.030923 40.992546 40.918277 40.777203 40.512373 40.016009 39.072925 37.215649 33.307432 24.202416 0.000000 
50.000000 46.889506 43.934700 41.267925 38.980655 37.115604 35.669076 34.601276 33.850547 33.347455 33.025834 32.829514 32.714985 32.651069 32.616914 32.599418 32.590820 32.586762 32.584921 32.584117 32.583779 32.583642 32.583589 32.583568 32.583561 32.583558 32.583557 32.583556 32.583553 32.583546 32.583526 32.583474 32.583344 32.583026 32.582273 32.580550 32.576727 32.568508 32.551380 32.516731 32.448590 32.318028 32.073535 31.624214 30.809513 29.342921 26.706390 21.967350 13.582074 0.000000 
50.000000 45.521887 41.267925 37.428648 34.135756 31.450736 29.368264 27.831042 26.750294 26.026056 25.563066 25.280458 25.115595 25.023591 24.974426 24.949243 24.936868 24.931027 24.928377 24.927220 24.926733 24.926536 24.926459 24.926430 24.926419 24.926415 24.926414 24.926412 24.926408 24.926399 24.926373 24.926306 24.926139 24.925729 24.924764 24.922561 24.917692 24.907277 24.885704 24.842404 24.758125 24.598850 24.306136 23.782119 22.866852 21.306190 18.714324 14.561535 8.306238 0.000000 
50.000000 44.348888 38.980655 34.135756 29.980388 26.592142 23.964291 22.024514 20.660773 19.746913 19.162714 18.806128 18.598115 18.482033 18.420004 18.388233 18.372620 18.365251 18.361908 18.360449 18.359835 18.359587 18.359489 18.359453 18.359439 18.359434 18.359432 18.359430 18.359426 18.359416 18.359388 18.359316 18.359135 18.358694 18.357659 18.355304 18.350125 18.339115 18.316478 18.271471 18.184914 18.023841 17.733747 17.228112 16.375859 14.990194 12.829566 9.637734 5.275963 0.000000 
50.000000 43.392414 37.115604 31.450736 26.592142 22.630540 19.558051 17.290100 15.695670 14.627247 13.944258 13.527385 13.284209 13.148510 13.075999 13.038861 13.020612 13.011999 13.008092 13.006387 13.005669 13.005379 13.005265 13.005222 13.005206 13.005201 13.005198 13.005197 13.005193 13.005183 13.005156 13.005087 13.004913 13.004494 13.003511 13.001287 12.996424 12.986153 12.965209 12.923987 12.845695 12.702271 12.449011 12.018455 11.315270 10.216283 8.583884 6.306090 3.376405 0.000000 
50.000000 42.650571 35.669076 29.368264 23.964291 19.558051 16.140768 13.618353 11.845066 10.656818 9.897251 9.433650 9.163225 9.012324 8.931694 8.890399 8.870107 8.860531 8.856187 8.854291 8.853493 8.853170 8.853044 8.852996 8.852979 8.852972 8.852970 8.852968 8.852965 8.852956 8.852933 8.852872 8.852722 8.852359 8.851514 8.849609 8.845468 8.836785 8.819227 8.785020 8.720847 8.605036 8.404240 8.070384 7.539596 6.736180 5.586146 4.044862 2.138198 0.000000 
50.000000 42.102952 34.601276 27.831042 22.024514 17.290100 13.618353 10.908157 9.002896 7.726243 6.910185 6.412118 6.121597 5.959488 5.872871 5.828512 5.806715 5.796429 5.791763 5.789727 5.788870 5.788523 5.788388 5.788337 5.788318 5.788311 5.788309 5.788307 5.788304 5.788297 5.788278 5.788230 5.788110 5.787821 5.787151 5.785650 5.782405 5.775648 5.762099 5.735959 5.687490 5.601221 5.454079 5.214113 4.841089 4.290768 3.524906 2.527741 1.325749 0.000000 
50.000000 41.717938 33.850547 26.750294 20.660773 15.695670 11.845066 9.002896 7.004893 5.666124 4.810380 4.288104 3.983469 3.813490 3.722670 3.676160 3.653308 3.642524 3.637632 3.635497 3.634599 3.634236 3.634093 3.634040 3.634020 3.634013 3.634010 3.634009 3.634007 3.634001 3.633987 3.633951 3.633862 3.633649 3.633155 3.632055 3.629692 3.624803 3.615078 3.596489 3.562388 3.502446 3.401675 3.240030 2.993399 2.636932 2.151444 1.532519 0.799662 0.000000 
50.000000 41.459924 33.347455 26.026056 19.746913 14.627247 10.656818 7.726243 5.666124 4.285759 3.403442 2.864958 2.550878 2.375632 2.282001 2.234052 2.210493 2.199377 2.194334 2.192133 2.191208 2.190833 2.190686 2.190631 2.190611 2.190604 2.190601 2.190600 2.190598 2.190594 2.190584 2.190559 2.190497 2.190350 2.190010 2.189255 2.187644 2.184332 2.177792 2.165397 2.142879 2.103737 2.038754 1.935972 1.781552 1.561999 1.267931 0.898865 0.467378 0.000000 
50.000000 41.294976 33.025834 25.563066 19.162714 13.944258 9.897251 6.910185 4.810380 3.403442 2.504153 1.955321 1.635210 1.456602 1.361177 1.312311 1.288301 1.276972 1.271834 1.269591 1.268648 1.268266 1.268116 1.268060 1.268039 1.268032 1.268030 1.268028 1.268027 1.268025 1.268018 1.268002 1.267961 1.267865 1.267645 1.267158 1.266124 1.264011 1.259868 1.252076 1.238045 1.213891 1.174226 1.112231 1.020271 0.891242 0.720662 0.509103 0.264053 0.000000 
50.000000 41.194289 32.829514 25.280458 18.806128 13.527385 9.433650 6.412118 4.288104 2.864958 1.955321 1.400180 1.076393 0.895737 0.799219 0.749794 0.725510 0.714052 0.708855 0.706586 0.705633 0.705246 0.705095 0.705038 0.705017 0.705010 0.705007 0.705006 0.705006 0.705004 0.705000 0.704990 0.704965 0.704906 0.704771 0.704474 0.703847 0.702573 0.700090 0.695453 0.687167 0.673025 0.650019 0.614422 0.562176 0.489650 0.394755 0.278133 0.143991 0.000000 
50.000000 41.135550 32.714985 25.115595 18.598115 13.284209 9.163225 6.121597 3.983469 2.550878 1.635210 1.076393 0.750465 0.568616 0.471462 0.421712 0.397268 0.385735 0.380504 0.378221 0.377261 0.376872 0.376720 0.376663 0.376642 0.376634 0.376632 0.376631 0.376630 0.376629 0.376627 0.376621 0.376606 0.376572 0.376494 0.376322 0.375962 0.375233 0.373820 0.371198 0.366546 0.358666 0.345949 0.326440 0.298056 0.259000 0.208318 0.146476 0.075725 0.000000 
50.000000 41.102769 32.651069 25.023591 18.482033 13.148510 9.012324 5.959488 3.813490 2.375632 1.456602 0.895737 0.568616 0.386103 0.288595 0.238663 0.214131 0.202556 0.197306 0.195015 0.194051 0.193661 0.193508 0.193451 0.193430 0.193422 0.193420 0.193419 0.193418 0.193418 0.193417 0.193413 0.193405 0.193386 0.193343 0.193249 0.193052 0.192655 0.191890 0.190478 0.187988 0.183798 0.177083 0.166856 0.152086 0.131908 0.105899 0.074343 0.038392 0.000000 
50.000000 41.085251 32.616914 24.974426 18.420004 13.075999 8.931694 5.872871 3.722670 2.282001 1.361177 0.799219 0.471462 0.288595 0.190898 0.140870 0.116290 0.104693 0.099433 0.097137 0.096172 0.095781 0.095628 0.095570 0.095549 0.095542 0.095539 0.095538 0.095538 0.095538 0.095537 0.095535 0.095531 0.095521 0.095498 0.095449 0.095346 0.095140 0.094745 0.094019 0.092746 0.090615 0.087222 0.082085 0.074712 0.064700 0.051865 0.036364 0.018763 0.000000 
50.000000 41.076278 32.599418 24.949243 18.388233 13.038861 8.890399 5.828512 3.676160 2.234052 1.312311 0.749794 0.421712 0.238663 0.140870 0.090792 0.066189 0.054580 0.049315 0.047016 0.046050 0.045659 0.045506 0.045448 0.045427 0.045420 0.045417 0.045416 0.045416 0.045416 0.045415 0.045415 0.045412 0.045407 0.045396 0.045371 0.045320 0.045218 0.045023 0.044666 0.044043 0.043005 0.041361 0.038885 0.035350 0.030574 0.024479 0.017145 0.008840 0.000000 
50.000000 41.071868 32.590820 24.936868 18.372620 13.020612 8.870107 5.806715 3.653308 2.210493 1.288301 0.725510 0.397268 0.214131 0.116290 0.066189 0.041574 0.029959 0.024691 0.022392 0.021426 0.021034 0.020881 0.020823 0.020802 0.020795 0.020792 0.020791 0.020791 0.020791 0.020791 0.020790 0.020789 0.020787 0.020781 0.020770 0.020745 0.020697 0.020604 0.020436 0.020144 0.019659 0.018894 0.017748 0.016118 0.013926 0.011138 0.007795 0.004017 0.000000 
50.000000 41.069786 32.586762 24.931027 18.365251 13.011999 8.860531 5.796429 3.642524 2.199377 1.276972 0.714052 0.385735 0.202556 0.104693 0.054580 0.029959 0.018342 0.013073 0.010774 0.009807 0.009415 0.009262 0.009204 0.009183 0.009176 0.009173 0.009172 0.009172 0.009172 0.009172 0.009172 0.009171 0.009170 0.009168 0.009162 0.009151 0.009129 0.009087 0.009011 0.008879 0.008662 0.008320 0.007809 0.007086 0.006117 0.004888 0.003418 0.001761 0.000000 
50.000000 41.068842 32.584921 24.928377 18.361908 13.008092 8.856187 5.791763 3.637632 2.194334 1.271834 0.708855 0.380504 0.197306 0.099433 0.049315 0.024691 0.013073 0.007804 0.005504 0.004537 0.004145 0.003992 0.003934 0.003913 0.003906 0.003903 0.003902 0.003902 0.003902 0.003902 0.003902 0.003902 0.003901 0.003900 0.003898 0.003893 0.003883 0.003865 0.003832 0.003775 0.003681 0.003534 0.003315 0.003006 0.002592 0.002070 0.001447 0.000745 0.000000 
50.000000 41.068430 32.584117 24.927220 18.360449 13.006387 8.854291 5.789727 3.635497 2.192133 1.269591 0.706586 0.378221 0.195015 0.097137 0.047016 0.022392 0.010774 0.005504 0.003204 0.002237 0.001845 0.001692 0.001634 0.001613 0.001606 0.001603 0.001602 0.001602 0.001602 0.001602 0.001602 0.001602 0.001602 0.001601 0.001600 0.001598 0.001594 0.001586 0.001572 0.001549 0.001510 0.001449 0.001358 0.001231 0.001061 0.000847 0.000591 0.000304 0.000000 
50.000000 41.068256 32.583779 24.926733 18.359835 13.005669 8.853493 5.788871 3.634599 2.191208 1.268648 0.705633 0.377261 0.194051 0.096172 0.046051 0.021426 0.009807 0.004537 0.002237 0.001270 0.000878 0.000725 0.000667 0.000646 0.000639 0.000636 0.000636 0.000635 0.000635 0.000635 0.000635 0.000635 0.000635 0.000635 0.000634 0.000634 0.000632 0.000629 0.000623 0.000614 0.000598 0.000574 0.000538 0.000487 0.000419 0.000335 0.000234 0.000120 0.000000 
50.000000 41.068186 32.583642 24.926536 18.359587 13.005379 8.853170 5.788524 3.634236 2.190833 1.268266 0.705246 0.376872 0.193661 0.095781 0.045659 0.021034 0.009415 0.004145 0.001845 0.000879 0.000487 0.000334 0.000276 0.000255 0.000247 0.000245 0.000244 0.000244 0.000243 0.000243 0.000243 0.000243 0.000243 0.000243 0.000243 0.000243 0.000242 0.000241 0.000239 0.000235 0.000229 0.000220 0.000206 0.000186 0.000160 0.000128 0.000089 0.000046 0.000000 
50.000000 41.068159 32.583589 24.926459 18.359490 13.005265 8.853044 5.788388 3.634094 2.190687 1.268117 0.705096 0.376720 0.193509 0.095628 0.045506 0.020881 0.009263 0.003993 0.001692 0.000726 0.000334 0.000181 0.000123 0.000102 0.000094 0.000092 0.000091 0.000091 0.000091 0.000091 0.000091 0.000091 0.000091 0.000090 0.000090 0.000090 0.000090 0.000090 0.000089 0.000087 0.000085 0.000082 0.000076 0.000069 0.000060 0.000047 0.000033 0.000017 0.000000 
50.000000 41.068148 32.583569 24.926431 18.359453 13.005223 8.852997 5.788338 3.634041 2.190632 1.268061 0.705039 0.376664 0.193452 0.095571 0.045449 0.020824 0.009206 0.003936 0.001635 0.000669 0.000277 0.000124 0.000066 0.000045 0.000037 0.000035 0.000034 0.000034 0.000034 0.000034 0.000034 0.000034 0.000034 0.000034 0.000034 0.000033 0.000033 0.000033 0.000033 0.000032 0.000032 0.000030 0.000028 0.000026 0.000022 0.000018 0.000012 0.000006 0.000000 
50.000000 41.068145 32.583562 24.926421 18.359442 13.005209 8.852982 5.788321 3.634024 2.190614 1.268043 0.705021 0.376645 0.193434 0.095553 0.045431 0.020806 0.009187 0.003917 0.001617 0.000650 0.000258 0.000105 0.000047 0.000026 0.000019 0.000016 0.000015 0.000015 0.000015 0.000015 0.000015 0.000015 0.000015 0.000015 0.000015 0.000015 0.000015 0.000015 0.000015 0.000014 0.000014 0.000013 0.000013 0.000011 0.000010 0.000008 0.000005 0.000003 0.000000 
50.000000 41.068145 32.583562 24.926421 18.359442 13.005209 8.852982 5.788321 3.634024 2.190614 1.268043 0.705021 0.376645 0.193434 0.095553 0.045431 0.020806 0.009187 0.003917 0.001617 0.000650 0.000258 0.000105 0.000047 0.000026 0.000019 0.000016 0.000015 0.000015 0.000015 0.000015 0.000015 0.000015 0.000015 0.000015 0.000015 0.000015 0.000015 0.000015 0.000015 0.000014 0.000014 0.000013 0.000013 0.000011 0.000010 0.000008 0.000005 0.000003 0.000000 
50.000000 41.068148 32.583569 24.926431 18.359453 13.005223 8.852997 5.788338 3.634041 2.190632 1.268061 0.705039 0.376664 0.193452 0.095571 0.045449 0.020824 0.009206 0.003936 0.001635 0.000669 0.000277 0.000124 0.000066 0.000045 0.000037 0.000035 0.000034 0.000034 0.000034 0.000034 0.000034 0.000034 0.000034 0.000034 0.000034 0.000033 0.000033 0.000033 0.000033 0.000032 0.000032 0.000030 0.000028 0.000026 0.000022 0.000018 0.000012 0.000006 0.000000 
50.000000 41.068159 32.583589 24.926459 18.359490 13.005265 8.853044 5.788388 3.634094 2.190687 1.268117 0.705096 0.376720 0.193509 0.095628 0.045506 0.020881 0.009263 0.003993 0.001692 0.000726 0.000334 0.000181 0.000123 0.000102 0.000094 0.000092 0.000091 0.000091 0.000091 0.000091 0.000091 0.000091 0.000091 0.000090 0.000090 0.000090 0.000090 0.000090 0.000089 0.000087 0.000085 0.000082 0.000076 0.000069 0.000060 0.000047 0.000033 0.000017 0.000000 
50.000000 41.068186 32.583642 24.926536 18.359587 13.005379 8.853170 5.788524 3.634236 2.190833 1.268266 0.705246 0.376872 0.193661 0.095781 0.045659 0.021034 0.009415 0.004145 0.001845 0.000879 0.000487 0.000334 0.000276 0.000255 0.000247 0.000245 0.000244 0.000244 0.000243 0.000243 0.000243 0.000243 0.000243 0.000243 0.000243 0.000243 0.000242 0.000241 0.000239 0.000235 0.000229 0.000220 0.000206 0.000186 0.000160 0.000128 0.000089 0.000046 0.000000 
50.000000 41.068256 32.583779 24.926733 18.359835 13.005669 8.853493 5.788871 3.634599 2.191208 1.268648 0.705633 0.377261 0.194051 0.096172 0.046051 0.021426 0.009807 0.004537 0.002237 0.001270 0.000878 0.000725 0.000667 0.000646 0.000639 0.000636 0.000636 0.000635 0.000635 0.000635 0.000635 0.000635 0.000635 0.000635 0.000634 0.000634 0.000632 0.000629 0.000623 0.000614 0.000598 0.000574 0.000538 0.000487 0.000419 0.000335 0.000234 0.000120 0.000000 
50.000000 41.068430 32.584117 24.927220 18.360449 13.006387 8.854291 5.789727 3.635497 2.192133 1.269591 0.706586 0.378221 0.195015 0.097137 0.047016 0.022392 0.010774 0.005504 0.003204 0.002237 0.001845 0.001692 0.001634 0.001613 0.001606 0.001603 0.001602 0.001602 0.001602 0.001602 0.001602 0.001602 0.001602 0.001601 0.001600 0.001598 0.001594 0.001586 0.001572 0.001549 0.001510 0.001449 0.001358 0.001231 0.001061 0.000847 0.000591 0.000304 0.000000 
50.000000 41.068842 32.584921 24.928377 18.361908 13.008092 8.856187 5.791763 3.637632 2.194334 1.271834 0.708855 0.380504 0.197306 0.099433 0.049315 0.024691 0.013073 0.007804 0.005504 0.004537 0.004145 0.003992 0.003934 0.003913 0.003906 0.003903 0.003902 0.003902 0.003902 0.003902 0.003902 0.003902 0.003901 0.003900 0.003898 0.003893 0.003883 0.003865 0.003832 0.003775 0.003681 0.003534 0.003315 0.003006 0.002592 0.002070 0.001447 0.000745 0.000000 
50.000000 41.069786 32.586762 24.931027 18.365251 13.011999 8.860531 5.796429 3.642524 2.199377 1.276972 0.714052 0.385735 0.202556 0.104693 0.054580 0.029959 0.018342 0.013073 0.010774 0.009807 0.009415 0.009262 0.009204 0.009183 0.009176 0.009173 0.009172 0.009172 0.009172 0.009172 0.009172 0.009171 0.009170 0.009168 0.009162 0.009151 0.009129 0.009087 0.009011 0.008879 0.008662 0.008320 0.007809 0.007086 0.006117 0.004888 0.003418 0.001761 0.000000 
50.000000 41.071868 32.590820 24.936868 18.372620 13.020612 8.870107 5.806715 3.653308 2.210493 1.288301 0.725510 0.397268 0.214131 0.116290 0.066189 0.041574 0.029959 0.024691 0.022392 0.021426 0.021034 0.020881 0.020823 0.020802 0.020795 0.020792 0.020791 0.020791 0.020791 0.020791 0.020790 0.020789 0.020787 0.020781 0.020770 0.020745 0.020697 0.020604 0.020436 0.020144 0.019659 0.018894 0.017748 0.016118 0.013926 0.011138 0.007795 0.004017 0.000000 
50.000000 41.076278 32.599418 24.949243 18.388233 13.038861 8.890399 5.828512 3.676160 2.234052 1.312311 0.749794 0.421712 0.238663 0.140870 0.090792 0.066189 0.054580 0.049315 0.047016 0.046050 0.045659 0.045506 0.045448 0.045427 0.045420 0.045417 0.045416 0.045416 0.045416 0.045415 0.045415 0.045412 0.045407 0.045396 0.045371 0.045320 0.045218 0.045023 0.044666 0.044043 0.043005 0.041361 0.038885 0.035350 0.030574 0.024479 0.017145 0.008840 0.000000 
50.000000 41.085251 32.616914 24.974426 18.420004 13.075999 8.931694 5.872871 3.722670 2.282001 1.361177 0.799219 0.471462 0.288595 0.190898 0.140870 0.116290 0.104693 0.099433 0.097137 0.096172 0.095781 0.095628 0.095570 0.095549 0.095542 0.095539 0.095538 0.095538 0.095538 0.095537 0.095535 0.095531 0.095521 0.095498 0.095449 0.095346 0.095140 0.094745 0.094019 0.092746 0.090615 0.087222 0.082085 0.074712 0.064700 0.051865 0.036364 0.018763 0.000000 
50.000000 41.102769 32.651069 25.023591 18.482033 13.148510 9.012324 5.959488 3.813490 2.375632 1.456602 0.895737 0.568616 0.386103 0.288595 0.238663 0.214131 0.202556 0.197306 0.195015 0.194051 0.193661 0.193508 0.193451 0.193430 0.193422 0.193420 0.193419 0.193418 0.193418 0.193417 0.193413 0.193405 0.193386 0.193343 0.193249 0.193052 0.192655 0.191890 0.190478 0.187988 0.183798 0.177083 0.166856 0.152086 0.131908 0.105899 0.074343 0.038392 0.000000 
50.000000 41.135550 32.714985 25.115595 18.598115 13.284209 9.163225 6.121597 3.983469 2.550878 1.635210 1.076393 0.750465 0.568616 0.471462 0.421712 0.397268 0.385735 0.380504 0.378221 0.377261 0.376872 0.376720 0.376663 0.376642 0.376634 0.376632 0.376631 0.376630 0.376629 0.376627 0.376621 0.376606 0.376572 0.376494 0.376322 0.375962 0.375233 0.373820 0.371198 0.366546 0.358666 0.345949 0.326440 0.298056 0.259000 0.208318 0.146476 0.075725 0.000000 
50.000000 41.194289 32.829514 25.280458 18.806128 13.527385 9.433650 6.412118 4.288104 2.864958 1.955321 1.400180 1.076393 0.895737 0.799219 0.749794 0.725510 0.714052 0.708855 0.706586 0.705633 0.705246 0.705095 0.705038 0.705017 0.705010 0.705007 0.705006 0.705006 0.705004 0.705000 0.704990 0.704965 0.704906 0.704771 0.704474 0.703847 0.702573 0.700090 0.695453 0.687167 0.673025 0.650019 0.614422 0.562176 0.489650 0.394755 0.278133 0.143991 0.000000 
50.000000 41.294976 33.025834 25.563066 19.162714 13.944258 9.897251 6.910185 4.810380 3.403442 2.504153 1.955321 1.635210 1.456602 1.361177 1.312311 1.288301 1.276972 1.271834 1.269591 1.268648 1.268266 1.268116 1.268060 1.268039 1.268032 1.268030 1.268028 1.268027 1.268025 1.268018 1.268002 1.267961 1.267865 1.267645 1.267158 1.266124 1.264011 1.259868 1.252076 1.238045 1.213891 1.174226 1.112231 1.020271 0.891242 0.720662 0.509103 0.264053 0.000000 
50.000000 41.459924 33.347455 26.026056 19.746913 14.627247 10.656818 7.726243 5.666124 4.285759 3.403442 2.864958 2.550878 2.375632 2.282001 2.234052 2.210493 2.199377 2.194334 2.192133 2.191208 2.190833 2.190686 2.190631 2.190611 2.190604 2.190601 2.190600 2.190598 2.190594 2.190584 2.190559 2.190497 2.190350 2.190010 2.189255 2.187644 2.184332 2.177792 2.165397 2.142879 2.103737 2.038754 1.935972 1.781552 1.561999 1.267931 0.898865 0.467378 0.000000 
50.000000 41.717938 33.850547 26.750294 20.660773 15.695670 11.845066 9.002896 7.004893 5.666124 4.810380 4.288104 3.983469 3.813490 3.722670 3.676160 3.653308 3.642524 3.637632 3.635497 3.634599 3.634236 3.634093 3.634040 3.634020 3.634013 3.634010 3.634009 3.634007 3.634001 3.633987 3.633951 3.633862 3.633649 3.633155 3.632055 3.629692 3.624803 3.615078 3.596489 3.562388 3.502446 3.401675 3.240030 2.993399 2.636932 2.151444 1.532519 0.799662 0.000000 
50.000000 42.102952 34.601276 27.831042 22.024514 17.290100 13.618353 10.908157 9.002896 7.726243 6.910185 6.412118 6.121597 5.959488 5.872871 5.828512 5.806715 5.796429 5.791763 5.789727 5.788870 5.788523 5.788388 5.788337 5.788318 5.788311 5.788309 5.788307 5.788304 5.788297 5.788278 5.788230 5.788110 5.787821 5.787151 5.785650 5.782405 5.775648 5.762099 5.735959 5.687490 5.601221 5.454079 5.214113 4.841089 4.290768 3.524906 2.527741 1.325749 0.000000 
50.000000 42.650571 35.669076 29.368264 23.964291 19.558051 16.140768 13.618353 11.845066 10.656818 9.897251 9.433650 9.163225 9.012324 8.931694 8.890399 8.870107 8.860531 8.856187 8.854291 8.853493 8.853170 8.853044 8.852996 8.852979 8.852972 8.852970 8.852968 8.852965 8.852956 8.852933 8.852872 8.852722 8.852359 8.851514 8.849609 8.845468 8.836785 8.819227 8.785020 8.720847 8.605036 8.404240 8.070384 7.539596 6.736180 5.586146 4.044862 2.138198 0.000000 
50.000000 43.392414 37.115604 31.450736 26.592142 22.630540 19.558051 17.290100 15.695670 14.627247 13.944258 13.527385 13.284209 13.148510 13.075999 13.038861 13.020612 13.011999 13.008092 13.006387 13.005669 13.005379 13.005265 13.005222 13.005206 13.005201 13.005198 13.005197 13.005193 13.005183 13.005156 13.005087 13.004913 13.004494 13.003511 13.001287 12.996424 12.986153 12.965209 12.923987 12.845695 12.702271 12.449011 12.018455 11.315270 10.216283 8.583884 6.306090 3.376405 0.000000 
50.000000 44.348888 38.980655 34.135756 29.980388 26.592142 23.964291 22.024514 20.660773 19.746913 19.162714 18.806128 18.598115 18.482033 18.420004 18.388233 18.372620 18.365251 18.361908 18.360449 18.359835 18.359587 18.359489 18.359453 18.359439 18.359434 18.359432 18.359430 18.359426 18.359416 18.359388 18.359316 18.359135 18.358694 18.357659 18.355304 18.350125 18.339115 18.316478 18.271471 18.184914 18.023841 17.733747 17.228112 16.375859 14.990194 12.829566 9.637734 5.275963 0.000000 
50.000000 45.521887 41.267925 37.428648 34.135756 31.450736 29.368264 27.831042 26.750294 26.026056 25.563066 25.280458 25.115595 25.023591 24.974426 24.949243 24.936868 24.931027 24.928377 24.927220 24.926733 24.926536 24.926459 24.926430 24.926419 24.926415 24.926414 24.926412 24.926408 24.926399 24.926373 24.926306 24.926139 24.925729 24.924764 24.922561 24.917692 24.907277 24.885704 24.842404 24.758125 24.598850 24.306136 23.782119 22.866852 21.306190 18.714324 14.561535 8.306238 0.000000 
50.000000 46.889506 43.934700 41.267925 38.980655 37.115604 35.669076 34.601276 33.850547 33.347455 33.025834 32.829514 32.714985 32.651069 32.616914 32.599418 32.590820 32.586762 32.584921 32.584117 32.583779 32.583642 32.583589 32.583568 32.583561 32.583558 32.583557 32.583556 32.583553 32.583546 32.583526 32.583474 32.583344 32.583026 32.582273 32.580550 32.576727 32.568508 32.551380 32.516731 32.448590 32.318028 32.073535 31.624214 30.809513 29.342921 26.706390 21.967350 13.582074 0.000000 
50.000000 48.404833 46.889506 45.521887 44.348888 43.392414 42.650571 42.102952 41.717938 41.459924 41.294976 41.194289 41.135550 41.102769 41.085251 41.076278 41.071868 41.069786 41.068842 41.068430 41.068256 41.068186 41.068159 41.068148 41.068144 41.068143 41.068142 41.068142 41.068140 41.068136 41.068125 41.068097 41.068026 41.067851 41.067438 41.066488 41.064377 41.059825 41.050299 41.030923 40.992546 40.918277 40.777203 40.512373 40.016009 39.072925 37.215649 33.307432 24.202416 0.000000 
50.000000 50.000000 50.000000 50.000000 50.000000 50.000000 50.000000 50.000000 50.000000 50.000000 50.000000 50.000000 50.000000 50.000000 50.000000 50.000000 50.000000 50.000000 50.000000 50.000000 50.000000 50.000000 50.000000 50.000000 50.000000 50.000000 50.000000 50.000000 50.000000 50.000000 50.000000 50.000000 50.000000 50.000000 50.000000 50.000000 50.000000 50.000000 50.000000 50.000000 50.000000 50.000000 50.000000 50.000000 50.000000 50.000000 50.000000 50.000000 50.000000 50.000000 
