50.000000 50.000000 50.000000 50.000000 50.000000 50.000000 50.000000 50.000000 50.000000 50.000000 50.000000 50.000000 50.000000 50.000000 50.000000 50.000000 50.000000 50.000000 50.000000 50.000000 50.000000 50.000000 50.000000 50.000000 50.000000 50.000000 50.000000 50.000000 50.000000 50.000000 50.000000 50.000000 50.000000 50.000000 50.000000 50.000000 50.000000 50.000000 50.000000 50.000000 50.000000 50.000000 50.000000 50.000000 50.000000 50.000000 50.000000 50.000000 50.000000 50.000000 
50.000000 48.996275 48.024178 47.112349 46.283922 45.554846 44.933229 44.419692 44.008544 43.689470 43.449390 43.274205 43.150200 43.065026 43.008241 42.971482 42.948370 42.934250 42.925865 42.921025 42.918306 42.916820 42.916029 42.915618 42.915409 42.915302 42.915240 42.915188 42.915118 42.914991 42.914743 42.914259 42.913331 42.911584 42.908365 42.902550 42.892247 42.874322 42.843645 42.791903 42.705656 42.563040 42.327863 41.938220 41.282542 40.143930 38.056090 33.886819 24.498138 0.000000 
50.000000 48.024178 46.110616 44.315691 42.684943 41.249770 40.026130 39.015244 38.205911 37.577822 37.105235 36.760390 36.516294 36.348634 36.236856 36.164499 36.119004 36.091210 36.074706 36.065178 36.059826 36.056901 36.055345 36.054537 36.054125 36.053913 36.053792 36.053694 36.053560 36.053320 36.052852 36.051940 36.050190 36.046905 36.040859 36.029961 36.010700 35.977288 35.920334 35.824767 35.666565 35.407464 34.986050 34.302145 33.188095 31.354189 28.284602 23.055308 14.137359 0.000000 
50.000000 47.112349 44.315691 41.692422 39.309103 37.211617 35.423287 33.945900 32.763082 31.845152 31.154484 30.650510 30.293776 30.048752 29.885397 29.779652 29.713166 29.672548 29.648430 29.634505 29.626684 29.622410 29.620136 29.618955 29.618354 29.618046 29.617871 29.617732 29.617548 29.617219 29.616581 29.615340 29.612965 29.608513 29.600343 29.585662 29.559812 29.515186 29.439571 29.313668 29.107352 28.774003 28.241834 27.400474 26.080427 24.023265 20.846211 16.031089 9.056259 0.000000 
50.000000 46.283922 42.684943 39.309103 36.242055 33.542848 31.241495 29.340294 27.818170 26.636927 25.748143 25.099611 24.640555 24.325254 24.115047 23.978975 23.893421 23.841156 23.810121 23.792203 23.782141 23.776641 23.773714 23.772196 23.771423 23.771028 23.770808 23.770637 23.770419 23.770033 23.769288 23.767844 23.765087 23.759933 23.750508 23.733640 23.704085 23.653369 23.568077 23.427395 23.199616 22.837281 22.270545 21.398541 20.079256 18.121027 15.285838 11.330755 6.139992 0.000000 
50.000000 45.554846 41.249770 37.211617 33.542848 30.314096 27.561264 25.287096 23.466381 22.053426 20.990306 20.214569 19.665477 19.288339 19.036909 18.874154 18.771824 18.709311 18.672193 18.650762 18.638727 18.632149 18.628649 18.626833 18.625910 18.625441 18.625183 18.624990 18.624754 18.624344 18.623559 18.622041 18.619153 18.613773 18.603973 18.586516 18.556103 18.504272 18.417831 18.276719 18.051159 17.698083 17.156933 16.345450 15.157048 13.463591 11.131190 8.061675 4.272304 0.000000 
50.000000 44.933229 40.026130 35.423287 31.241495 27.561264 24.423515 21.831373 19.756099 18.145606 16.933867 16.049693 15.423853 14.994005 14.707438 14.521940 14.405312 14.334066 14.291762 14.267338 14.253622 14.246126 14.242138 14.240069 14.239018 14.238486 14.238199 14.237994 14.237755 14.237352 14.236585 14.235109 14.232311 14.227119 14.217702 14.201015 14.172121 14.123237 14.042424 13.911890 13.705901 13.388465 12.911131 12.211757 11.215815 9.842954 8.022813 5.723984 2.995010 0.000000 
50.000000 44.419692 39.015244 33.945900 29.340294 25.287096 21.831373 18.976565 16.691014 14.917353 13.582855 12.609117 11.919888 11.446508 11.130922 10.926643 10.798209 10.719751 10.673166 10.646270 10.631167 10.622913 10.618521 10.616244 10.615089 10.614507 10.614197 10.613988 10.613759 10.613385 10.612682 10.611336 10.608795 10.604098 10.595619 10.580676 10.554965 10.511789 10.441039 10.327941 10.151656 9.883942 9.488282 8.920242 8.130163 7.069749 5.704066 4.029194 2.091830 0.000000 
50.000000 44.008544 38.205911 32.763082 27.818170 23.466381 19.756099 16.691014 14.237133 12.332856 10.900096 9.854668 9.114703 8.606482 8.267673 8.048364 7.910482 7.826254 7.776243 7.747371 7.731157 7.722297 7.717583 7.715139 7.713900 7.713279 7.712955 7.712747 7.712536 7.712207 7.711597 7.710435 7.708252 7.704235 7.697019 7.684370 7.662745 7.626697 7.568129 7.475430 7.332599 7.118567 6.807073 6.367634 5.768298 4.980889 3.989078 2.798447 1.445504 0.000000 
50.000000 43.689470 37.577822 31.845152 26.636927 22.053426 18.145606 14.917353 12.332856 10.327231 8.818231 7.717183 6.937857 6.402608 6.045784 5.814817 5.669607 5.580904 5.528237 5.497831 5.480757 5.471427 5.466463 5.463890 5.462587 5.461937 5.461603 5.461400 5.461212 5.460934 5.460429 5.459476 5.457693 5.454425 5.448584 5.438401 5.421100 5.392464 5.346314 5.273947 5.163616 5.000257 4.765696 4.439705 4.002267 3.437311 2.737800 1.911257 0.983813 0.000000 
50.000000 43.449390 37.105235 31.154484 25.748143 20.990306 16.933867 13.582855 10.900096 8.818231 7.251880 6.108995 5.300064 4.744486 4.374115 4.134381 3.983661 3.891593 3.836929 3.805371 3.787650 3.777966 3.772815 3.770145 3.768794 3.768122 3.767783 3.767587 3.767422 3.767196 3.766796 3.766049 3.764657 3.762119 3.757602 3.749770 3.736542 3.714795 3.680015 3.625940 3.544284 3.424665 3.254914 3.021977 2.713587 2.320749 1.840815 1.280468 0.657487 0.000000 
50.000000 43.274205 36.760390 30.650510 25.099611 20.214569 16.049693 12.609117 9.854668 7.717183 6.108995 4.935593 4.105067 3.534663 3.154412 2.908285 2.753548 2.659026 2.602906 2.570508 2.552315 2.542374 2.537086 2.534346 2.532961 2.532273 2.531931 2.531743 2.531599 2.531420 2.531116 2.530554 2.529513 2.527623 2.524275 2.518500 2.508802 2.492958 2.467796 2.428980 2.370869 2.286539 2.168078 2.007269 1.796737 1.531533 1.210939 0.840056 0.430560 0.000000 
50.000000 43.150200 36.516294 30.293776 24.640555 19.665477 15.423853 11.919888 9.114703 6.937857 5.300064 4.105067 3.259263 2.678370 2.291129 2.040480 1.882901 1.786644 1.729495 1.696502 1.677976 1.667853 1.662468 1.659679 1.658269 1.657571 1.657227 1.657046 1.656922 1.656783 1.656559 1.656152 1.655404 1.654052 1.651668 1.647574 1.640737 1.629632 1.612109 1.585268 1.545394 1.488006 1.408099 1.300616 1.161205 0.987186 0.778590 0.539005 0.275878 0.000000 
50.000000 43.065026 36.348634 30.048752 24.325254 19.288339 14.994005 11.446508 8.606482 6.402608 4.744486 3.534663 2.678370 2.090276 1.698237 1.444484 1.284955 1.187508 1.129652 1.096252 1.077497 1.067249 1.061799 1.058975 1.057549 1.056844 1.056500 1.056324 1.056215 1.056109 1.055948 1.055664 1.055146 1.054215 1.052579 1.049784 1.045138 1.037633 1.025862 1.007944 0.981508 0.943737 0.891543 0.821884 0.732236 0.621169 0.488940 0.337934 0.172779 0.000000 
50.000000 43.008241 36.236856 29.885397 24.115047 19.036909 14.707438 11.130923 8.267673 6.045784 4.374115 3.154412 2.291129 1.698237 1.303002 1.047181 0.886353 0.788113 0.729787 0.696115 0.677208 0.666877 0.661382 0.658536 0.657099 0.656390 0.656046 0.655875 0.655778 0.655695 0.655583 0.655391 0.655045 0.654426 0.653343 0.651501 0.648453 0.643555 0.635912 0.624345 0.607384 0.583303 0.550247 0.506424 0.450393 0.381408 0.299735 0.206895 0.105691 0.000000 
50.000000 42.971482 36.164499 29.779652 23.978975 18.874154 14.521940 10.926643 8.048364 5.814817 4.134381 2.908285 2.040480 1.444484 1.047181 0.790023 0.628355 0.529602 0.470972 0.437125 0.418119 0.407735 0.402212 0.399351 0.397906 0.397195 0.396851 0.396684 0.396595 0.396530 0.396452 0.396326 0.396102 0.395704 0.395012 0.393839 0.391905 0.388812 0.384010 0.376780 0.366233 0.351345 0.331024 0.304238 0.270181 0.228467 0.179309 0.123640 0.063118 0.000000 
50.000000 42.948370 36.119004 29.713166 23.893422 18.771825 14.405313 10.798209 7.910482 5.669608 3.983662 2.753548 1.882901 1.284955 0.886353 0.628355 0.466159 0.367085 0.308263 0.274306 0.255239 0.244821 0.239279 0.236409 0.234961 0.234248 0.233904 0.233739 0.233656 0.233603 0.233549 0.233468 0.233328 0.233081 0.232652 0.231929 0.230742 0.228850 0.225926 0.221544 0.215183 0.206248 0.194112 0.178195 0.158052 0.133489 0.104653 0.072099 0.036786 0.000000 
50.000000 42.934250 36.091211 29.672549 23.841157 18.709312 14.334067 10.719752 7.826255 5.580906 3.891595 2.659028 1.786646 1.187510 0.788115 0.529604 0.367086 0.267815 0.208876 0.174852 0.155747 0.145309 0.139757 0.136881 0.135430 0.134716 0.134372 0.134209 0.134130 0.134085 0.134047 0.133995 0.133910 0.133761 0.133504 0.133072 0.132365 0.131244 0.129517 0.126940 0.123214 0.118004 0.110959 0.101757 0.090161 0.076071 0.059585 0.041021 0.020920 0.000000 
50.000000 42.925866 36.074708 29.648432 23.810124 18.672195 14.291765 10.673169 7.776247 5.528241 3.836933 2.602910 1.729499 1.129656 0.729791 0.470975 0.308266 0.208879 0.149871 0.115808 0.096680 0.086229 0.080671 0.077792 0.076339 0.075625 0.075281 0.075119 0.075043 0.075003 0.074975 0.074942 0.074891 0.074804 0.074654 0.074404 0.073996 0.073350 0.072360 0.070888 0.068768 0.065815 0.061836 0.056659 0.050157 0.042282 0.033093 0.022769 0.011607 0.000000 
50.000000 42.921026 36.065181 29.634509 23.792209 18.650769 14.267345 10.646279 7.747379 5.497841 3.805380 2.570517 1.696512 1.096262 0.696125 0.437135 0.274316 0.174861 0.115814 0.081727 0.062587 0.052129 0.046566 0.043686 0.042232 0.041517 0.041174 0.041013 0.040938 0.040901 0.040879 0.040858 0.040828 0.040778 0.040693 0.040552 0.040324 0.039963 0.039411 0.038594 0.037421 0.035792 0.033605 0.030768 0.027216 0.022926 0.017932 0.012332 0.006284 0.000000 
50.000000 42.918309 36.059833 29.626695 23.782154 18.638742 14.253640 10.631186 7.731178 5.480779 3.787672 2.552338 1.678000 1.077521 0.677232 0.418143 0.255262 0.155770 0.096700 0.062601 0.043453 0.032991 0.027427 0.024545 0.023091 0.022376 0.022033 0.021872 0.021798 0.021763 0.021744 0.021730 0.021712 0.021685 0.021638 0.021561 0.021436 0.021240 0.020941 0.020499 0.019867 0.018992 0.017821 0.016306 0.014414 0.012134 0.009486 0.006520 0.003322 0.000000 
50.000000 42.916828 36.056918 29.622434 23.776672 18.632186 14.246168 10.622959 7.722346 5.471478 3.778019 2.542428 1.667908 1.067305 0.666934 0.407791 0.244877 0.145364 0.086282 0.052175 0.033024 0.022560 0.016995 0.014112 0.012658 0.011943 0.011600 0.011439 0.011365 0.011331 0.011315 0.011304 0.011294 0.011278 0.011253 0.011212 0.011146 0.011042 0.010884 0.010650 0.010318 0.009859 0.009246 0.008455 0.007469 0.006285 0.004910 0.003374 0.001719 0.000000 
50.000000 42.916048 36.055383 29.620191 23.773785 18.628734 14.242234 10.618627 7.717695 5.466581 3.772937 2.537211 1.662595 1.061926 0.661511 0.402341 0.239408 0.139885 0.080797 0.046686 0.027533 0.017068 0.011502 0.008619 0.007164 0.006449 0.006106 0.005946 0.005872 0.005839 0.005824 0.005815 0.005808 0.005800 0.005786 0.005765 0.005730 0.005675 0.005593 0.005471 0.005298 0.005060 0.004743 0.004335 0.003828 0.003219 0.002514 0.001727 0.000879 0.000000 
50.000000 42.915662 36.054622 29.619079 23.772355 18.627023 14.240283 10.616479 7.715390 5.464154 3.770417 2.534624 1.659961 1.059260 0.658823 0.399639 0.236698 0.137169 0.078078 0.043966 0.024811 0.014345 0.008779 0.005896 0.004442 0.003726 0.003383 0.003223 0.003150 0.003117 0.003102 0.003095 0.003090 0.003085 0.003077 0.003065 0.003046 0.003017 0.002972 0.002907 0.002814 0.002686 0.002517 0.002299 0.002029 0.001706 0.001332 0.000914 0.000466 0.000000 
50.000000 42.915504 36.054311 29.618625 23.771770 18.626324 14.239487 10.615602 7.714449 5.463162 3.769389 2.533568 1.658886 1.058172 0.657726 0.398536 0.235591 0.136060 0.076968 0.042855 0.023700 0.013234 0.007667 0.004784 0.003330 0.002615 0.002272 0.002111 0.002038 0.002005 0.001991 0.001984 0.001980 0.001976 0.001971 0.001963 0.001951 0.001932 0.001903 0.001860 0.001801 0.001718 0.001609 0.001470 0.001296 0.001089 0.000850 0.000584 0.000297 0.000000 
50.000000 42.915504 36.054311 29.618625 23.771770 18.626324 14.239487 10.615602 7.714449 5.463162 3.769389 2.533568 1.658886 1.058172 0.657726 0.398536 0.235591 0.136060 0.076968 0.042855 0.023700 0.013234 0.007667 0.004784 0.003330 0.002615 0.002272 0.002111 0.002038 0.002005 0.001991 0.001984 0.001980 0.001976 0.001971 0.001963 0.001951 0.001932 0.001903 0.001860 0.001801 0.001718 0.001609 0.001470 0.001296 0.001089 0.000850 0.000584 0.000297 0.000000 
50.000000 42.915662 36.054622 29.619079 23.772355 18.627023 14.240283 10.616479 7.715390 5.464154 3.770417 2.534624 1.659961 1.059260 0.658823 0.399639 0.236698 0.137169 0.078078 0.043966 0.024811 0.014345 0.008779 0.005896 0.004442 0.003726 0.003383 0.003223 0.003150 0.003117 0.003102 0.003095 0.003090 0.003085 0.003077 0.003065 0.003046 0.003017 0.002972 0.002907 0.002814 0.002686 0.002517 0.002299 0.002029 0.001706 0.001332 0.000914 0.000466 0.000000 
50.000000 42.916048 36.055383 29.620191 23.773785 18.628734 14.242234 10.618627 7.717695 5.466581 3.772937 2.537211 1.662595 1.061926 0.661511 0.402341 0.239408 0.139885 0.080797 0.046686 0.027533 0.017068 0.011502 0.008619 0.007164 0.006449 0.006106 0.005946 0.005872 0.005839 0.005824 0.005815 0.005808 0.005800 0.005786 0.005765 0.005730 0.005675 0.005593 0.005471 0.005298 0.005060 0.004743 0.004335 0.003828 0.003219 0.002514 0.001727 0.000879 0.000000 
50.000000 42.916828 36.056918 29.622434 23.776672 18.632186 14.246168 10.622959 7.722346 5.471478 3.778019 2.542428 1.667908 1.067305 0.666934 0.407791 0.244877 0.145364 0.086282 0.052175 0.033024 0.022560 0.016995 0.014112 0.012658 0.011943 0.011600 0.011439 0.011365 0.011331 0.011315 0.011304 0.011294 0.011278 0.011253 0.011212 0.011146 0.011042 0.010884 0.010650 0.010318 0.009859 0.009246 0.008455 0.007469 0.006285 0.004910 0.003374 0.001719 0.000000 
50.000000 42.918309 36.059833 29.626695 23.782154 18.638742 14.253640 10.631186 7.731178 5.480779 3.787672 2.552338 1.678000 1.077521 0.677232 0.418143 0.255262 0.155770 0.096700 0.062601 0.043453 0.032991 0.027427 0.024545 0.023091 0.022376 0.022033 0.021872 0.021798 0.021763 0.021744 0.021730 0.021712 0.021685 0.021638 0.021561 0.021436 0.021240 0.020941 0.020499 0.019867 0.018992 0.017821 0.016306 0.014414 0.012134 0.009486 0.006520 0.003322 0.000000 
50.000000 42.921026 36.065181 29.634509 23.792209 18.650769 14.267345 10.646279 7.747379 5.497841 3.805380 2.570517 1.696512 1.096262 0.696125 0.437135 0.274316 0.174861 0.115814 0.081727 0.062587 0.052129 0.046566 0.043686 0.042232 0.041517 0.041174 0.041013 0.040938 0.040901 0.040879 0.040858 0.040828 0.040778 0.040693 0.040552 0.040324 0.039963 0.039411 0.038594 0.037421 0.035792 0.033605 0.030768 0.027216 0.022926 0.017932 0.012332 0.006284 0.000000 
50.000000 42.925866 36.074708 29.648432 23.810124 18.672195 14.291765 10.673169 7.776247 5.528241 3.836933 2.602910 1.729499 1.129656 0.729791 0.470975 0.308266 0.208879 0.149871 0.115808 0.096680 0.086229 0.080671 0.077792 0.076339 0.075625 0.075281 0.075119 0.075043 0.075003 0.074975 0.074942 0.074891 0.074804 0.074654 0.074404 0.073996 0.073350 0.072360 0.070888 0.068768 0.065815 0.061836 0.056659 0.050157 0.042282 0.033093 0.022769 0.011607 0.000000 
50.000000 42.934250 36.091211 29.672549 23.841157 18.709312 14.334067 10.719752 7.826255 5.580906 3.891595 2.659028 1.786646 1.187510 0.788115 0.529604 0.367086 0.267815 0.208876 0.174852 0.155747 0.145309 0.139757 0.136881 0.135430 0.134716 0.134372 0.134209 0.134130 0.134085 0.134047 0.133995 0.133910 0.133761 0.133504 0.133072 0.132365 0.131244 0.129517 0.126940 0.123214 0.118004 0.110959 0.101757 0.090161 0.076071 0.059585 0.041021 0.020920 0.000000 
50.000000 42.948370 36.119004 29.713166 23.893422 18.771825 14.405313 10.798209 7.910482 5.669608 3.983662 2.753548 1.882901 1.284955 0.886353 0.628355 0.466159 0.367085 0.308263 0.274306 0.255239 0.244821 0.239279 0.236409 0.234961 0.234248 0.233904 0.233739 0.233656 0.233603 0.233549 0.233468 0.233328 0.233081 0.232652 0.231929 0.230742 0.228850 0.225926 0.221544 0.215183 0.206248 0.194112 0.178195 0.158052 0.133489 0.104653 0.072099 0.036786 0.000000 
50.000000 42.971482 36.164499 29.779652 23.978975 18.874154 14.521940 10.926643 8.048364 5.814817 4.134381 2.908285 2.040480 1.444484 1.047181 0.790023 0.628355 0.529602 0.470972 0.437125 0.418119 0.407735 0.402212 0.399351 0.397906 0.397195 0.396851 0.396684 0.396595 0.396530 0.396452 0.396326 0.396102 0.395704 0.395012 0.393839 0.391905 0.388812 0.384010 0.376780 0.366233 0.351345 0.331024 0.304238 0.270181 0.228467 0.179309 0.123640 0.063118 0.000000 
50.000000 43.008241 36.236856 29.885397 24.115047 19.036909 14.707438 11.130923 8.267673 6.045784 4.374115 3.154412 2.291129 1.698237 1.303002 1.047181 0.886353 0.788113 0.729787 0.696115 0.677208 0.666877 0.661382 0.658536 0.657099 0.656390 0.656046 0.655875 0.655778 0.655695 0.655583 0.655391 0.655045 0.654426 0.653343 0.651501 0.648453 0.643555 0.635912 0.624345 0.607384 0.583303 0.550247 0.506424 0.450393 0.381408 0.299735 0.206895 0.105691 0.000000 
50.000000 43.065026 36.348634 30.048752 24.325254 19.288339 14.994005 11.446508 8.606482 6.402608 4.744486 3.534663 2.678370 2.090276 1.698237 1.444484 1.284955 1.187508 1.129652 1.096252 1.077497 1.067249 1.061799 1.058975 1.057549 1.056844 1.056500 1.056324 1.056215 1.056109 1.055948 1.055664 1.055146 1.054215 1.052579 1.049784 1.045138 1.037633 1.025862 1.007944 0.981508 0.943737 0.891543 0.821884 0.732236 0.621169 0.488940 0.337934 0.172779 0.000000 
50.000000 43.150200 36.516294 30.293776 24.640555 19.665477 15.423853 11.919888 9.114703 6.937857 5.300064 4.105067 3.259263 2.678370 2.291129 2.040480 1.882901 1.786644 1.729495 1.696502 1.677976 1.667853 1.662468 1.659679 1.658269 1.657571 1.657227 1.657046 1.656922 1.656783 1.656559 1.656152 1.655404 1.654052 1.651668 1.647574 1.640737 1.629632 1.612109 1.585268 1.545394 1.488006 1.408099 1.300616 1.161205 0.987186 0.778590 0.539005 0.275878 0.000000 
50.000000 43.274205 36.760390 30.650510 25.099611 20.214569 16.049693 12.609117 9.854668 7.717183 6.108995 4.935593 4.105067 3.534663 3.154412 2.908285 2.753548 2.659026 2.602906 2.570508 2.552315 2.542374 2.537086 2.534346 2.532961 2.532273 2.531931 2.531743 2.531599 2.531420 2.531116 2.530554 2.529513 2.527623 2.524275 2.518500 2.508802 2.492958 2.467796 2.428980 2.370869 2.286539 2.168078 2.007269 1.796737 1.531533 1.210939 0.840056 0.430560 0.000000 
50.000000 43.449390 37.105235 31.154484 25.748143 20.990306 16.933867 13.582855 10.900096 8.818231 7.251880 6.108995 5.300064 4.744486 4.374115 4.134381 3.983661 3.891593 3.836929 3.805371 3.787650 3.777966 3.772815 3.770145 3.768794 3.768122 3.767783 3.767587 3.767422 3.767196 3.766796 3.766049 3.764657 3.762119 3.757602 3.749770 3.736542 3.714795 3.680015 3.625940 3.544284 3.424665 3.254914 3.021977 2.713587 2.320749 1.840815 1.280468 0.657487 0.000000 
50.000000 43.689470 37.577822 31.845152 26.636927 22.053426 18.145606 14.917353 12.332856 10.327231 8.818231 7.717183 6.937857 6.402608 6.045784 5.814817 5.669607 5.580904 5.528237 5.497831 5.480757 5.471427 5.466463 5.463890 5.462587 5.461937 5.461603 5.461400 5.461212 5.460934 5.460429 5.459476 5.457693 5.454425 5.448584 5.438401 5.421100 5.392464 5.346314 5.273947 5.163616 5.000257 4.765696 4.439705 4.002267 3.437311 2.737800 1.911257 0.983813 0.000000 
50.000000 44.008544 38.205911 32.763082 27.818170 23.466381 19.756099 16.691014 14.237133 12.332856 10.900096 9.854668 9.114703 8.606482 8.267673 8.048364 7.910482 7.826254 7.776243 7.747371 7.731157 7.722297 7.717583 7.715139 7.713900 7.713279 7.712955 7.712747 7.712536 7.712207 7.711597 7.710435 7.708252 7.704235 7.697019 7.684370 7.662745 7.626697 7.568129 7.475430 7.332599 7.118567 6.807073 6.367634 5.768298 4.980889 3.989078 2.798447 1.445504 0.000000 
50.000000 44.419692 39.015244 33.945900 29.340294 25.287096 21.831373 18.976565 16.691014 14.917353 13.582855 12.609117 11.919888 11.446508 11.130922 10.926643 10.798209 10.719751 10.673166 10.646270 10.631167 10.622913 10.618521 10.616244 10.615089 10.614507 10.614197 10.613988 10.613759 10.613385 10.612682 10.611336 10.608795 10.604098 10.595619 10.580676 10.554965 10.511789 10.441039 10.327941 10.151656 9.883942 9.488282 8.920242 8.130163 7.069749 5.704066 4.029194 2.091830 0.000000 
50.000000 44.933229 40.026130 35.423287 31.241495 27.561264 24.423515 21.831373 19.756099 18.145606 16.933867 16.049693 15.423853 14.994005 14.707438 14.521940 14.405312 14.334066 14.291762 14.267338 14.253622 14.246126 14.242138 14.240069 14.239018 14.238486 14.238199 14.237994 14.237755 14.237352 14.236585 14.235109 14.232311 14.227119 14.217702 14.201015 14.172121 14.123237 14.042424 13.911890 13.705901 13.388465 12.911131 12.211757 11.215815 9.842954 8.022813 5.723984 2.995010 0.000000 
50.000000 45.554846 41.249770 37.211617 33.542848 30.314096 27.561264 25.287096 23.466381 22.053426 20.990306 20.214569 19.665477 19.288339 19.036909 18.874154 18.771824 18.709311 18.672193 18.650762 18.638727 18.632149 18.628649 18.626833 18.625910 18.625441 18.625183 18.624990 18.624754 18.624344 18.623559 18.622041 18.619153 18.613773 18.603973 18.586516 18.556103 18.504272 18.417831 18.276719 18.051159 17.698083 17.156933 16.345450 15.157048 13.463591 11.131190 8.061675 4.272304 0.000000 
50.000000 46.283922 42.684943 39.309103 36.242055 33.542848 31.241495 29.340294 27.818170 26.636927 25.748143 25.099611 24.640555 24.325254 24.115047 23.978975 23.893421 23.841156 23.810121 23.792203 23.782141 23.776641 23.773714 23.772196 23.771423 23.771028 23.770808 23.770637 23.770419 23.770033 23.769288 23.767844 23.765087 23.759933 23.750508 23.733640 23.704085 23.653369 23.568077 23.427395 23.199616 22.837281 22.270545 21.398541 20.079256 18.121027 15.285838 11.330755 6.139992 0.000000 
50.000000 47.112349 44.315691 41.692422 39.309103 37.211617 35.423287 33.945900 32.763082 31.845152 31.154484 30.650510 30.293776 30.048752 29.885397 29.779652 29.713166 29.672548 29.648430 29.634505 29.626684 29.622410 29.620136 29.618955 29.618354 29.618046 29.617871 29.617732 29.617548 29.617219 29.616581 29.615340 29.612965 29.608513 29.600343 29.585662 29.559812 29.515186 29.439571 29.313668 29.107352 28.774003 28.241834 27.400474 26.080427 24.023265 20.846211 16.031089 9.056259 0.000000 
50.000000 48.024178 46.110616 44.315691 42.684943 41.249770 40.026130 39.015244 38.205911 37.577822 37.105235 36.760390 36.516294 36.348634 36.236856 36.164499 36.119004 36.091210 36.074706 36.065178 36.059826 36.056901 36.055345 36.054537 36.054125 36.053913 36.053792 36.053694 36.053560 36.053320 36.052852 36.051940 36.050190 36.046905 36.040859 36.029961 36.010700 35.977288 35.920334 35.824767 35.666565 35.407464 34.986050 34.302145 33.188095 31.354189 28.284602 23.055308 14.137359 0.000000 
50.000000 48.996275 48.024178 47.112349 46.283922 45.554846 44.933229 44.419692 44.008544 43.689470 43.449390 43.274205 43.150200 43.065026 43.008241 42.971482 42.948370 42.934250 42.925865 42.921025 42.918306 42.916820 42.916029 42.915618 42.915409 42.915302 42.915240 42.915188 42.915118 42.914991 42.914743 42.914259 42.913331 42.911584 42.908365 42.902550 42.892247 42.874322 42.843645 42.791903 42.705656 42.563040 42.327863 41.938220 41.282542 40.143930 38.056090 33.886819 24.498138 0.000000 
50.000000 50.000000 50.000000 50.000000 50.000000 50.000000 50.000000 50.000000 50.000000 50.000000 50.000000 50.000000 50.000000 50.000000 50.000000 50.000000 50.000000 50.000000 50.000000 50.000000 50.000000 50.000000 50.000000 50.000000 50.000000 50.000000 50.000000 50.000000 50.000000 50.000000 50.000000 50.000000 50.000000 50.000000 50.000000 50.000000 50.000000 50.000000 50.000000 50.000000 50.000000 50.000000 50.000000 50.000000 50.000000 50.000000 50.000000 50.000000 50.000000 50.000000 
