50.000000 50.000000 50.000000 50.000000 50.000000 50.000000 50.000000 50.000000 50.000000 50.000000 50.000000 50.000000 50.000000 50.000000 50.000000 50.000000 50.000000 50.000000 50.000000 50.000000 50.000000 50.000000 50.000000 50.000000 50.000000 50.000000 50.000000 50.000000 50.000000 50.000000 50.000000 50.000000 50.000000 50.000000 50.000000 50.000000 50.000000 50.000000 50.000000 50.000000 50.000000 50.000000 50.000000 50.000000 50.000000 50.000000 50.000000 50.000000 50.000000 50.000000 
50.000000 49.029329 48.088238 47.203604 46.397310 45.684692 45.073886 44.566084 44.156541 43.836059 43.592674 43.413253 43.284827 43.195549 43.135255 43.095685 43.070440 43.054779 43.045329 43.039781 43.036609 43.034844 43.033887 43.033380 43.033116 43.032977 43.032896 43.032830 43.032741 43.032585 43.032287 43.031715 43.030637 43.028641 43.025016 43.018562 43.007279 42.987892 42.955100 42.900388 42.810092 42.662119 42.420069 42.021874 41.355877 40.205195 38.103670 33.919361 24.514665 0.000000 
50.000000 48.088238 46.234734 44.492425 42.904411 41.500896 40.297901 39.297778 38.491177 37.859987 37.380640 37.027271 36.774338 36.598507 36.479759 36.401826 36.352108 36.321265 36.302653 36.291725 36.285480 36.282003 36.280118 36.279120 36.278600 36.278328 36.278170 36.278041 36.277872 36.277576 36.277012 36.275933 36.273899 36.270137 36.263319 36.251202 36.230070 36.193871 36.132884 36.031652 35.865729 35.596412 35.161892 34.461678 33.327949 31.471025 28.375340 23.117367 14.168877 0.000000 
50.000000 47.203604 44.492425 41.943896 39.621064 37.568105 35.808458 34.345560 33.165735 32.242488 31.541346 31.024475 30.654512 30.397327 30.223639 30.109649 30.036928 29.991816 29.964594 29.948611 29.939476 29.934391 29.931634 29.930174 29.929415 29.929018 29.928789 29.928608 29.928374 29.927968 29.927197 29.925725 29.922954 29.917843 29.908603 29.892232 29.863791 29.815303 29.734100 29.600348 29.383331 29.035829 28.485499 27.621540 26.274224 24.185167 20.971948 16.117085 9.099934 0.000000 
50.000000 46.397310 42.904411 39.621064 36.628493 33.983616 31.716626 29.831950 28.311969 27.122546 26.219267 25.553386 25.076771 24.745447 24.521690 24.374843 24.281161 24.223046 24.187979 24.167389 24.155621 24.149072 24.145520 24.143640 24.142664 24.142154 24.141865 24.141641 24.141362 24.140883 24.139980 24.138259 24.135031 24.129091 24.118389 24.099504 24.066857 24.011533 23.919573 23.769524 23.528977 23.149751 22.561342 21.662368 20.310541 18.314247 15.435897 11.433386 6.192115 0.000000 
50.000000 45.684692 41.500896 37.568105 33.983616 30.815600 28.100227 25.842795 24.022196 22.597542 21.515628 20.718068 20.147205 19.750367 19.482368 19.306488 19.194285 19.124682 19.082682 19.058022 19.043929 19.036085 19.031832 19.029581 19.028413 19.027807 19.027466 19.027213 19.026909 19.026399 19.025441 19.023624 19.020225 19.013992 19.002808 18.983165 18.949400 18.892574 18.798906 18.647640 18.408237 18.036850 17.472205 16.631482 15.407800 13.673075 11.293881 8.172946 4.328816 0.000000 
50.000000 45.073886 40.297901 35.808458 31.716626 28.100227 25.000547 22.423633 20.345388 18.719130 17.484124 16.573714 15.922084 15.469104 15.163195 14.962436 14.834364 14.754917 14.706979 14.678832 14.662746 14.653794 14.648940 14.646372 14.645041 14.644352 14.643973 14.643702 14.643393 14.642886 14.641945 14.640167 14.636854 14.630801 14.619989 14.601098 14.568823 14.514902 14.426800 14.286025 14.066076 13.730171 13.229139 12.500274 11.468745 10.054258 8.186919 5.836223 3.052012 0.000000 
50.000000 44.566084 39.297778 34.345560 29.831950 25.842795 22.423633 19.581134 17.288712 15.494869 14.132607 13.128396 12.409635 11.909993 11.572575 11.351142 11.209881 11.122255 11.069381 11.038338 11.020596 11.010723 11.005370 11.002539 11.001073 11.000318 10.999909 10.999631 10.999332 10.998858 10.997989 10.996356 10.993324 10.987810 10.978005 10.960968 10.932044 10.884082 10.806404 10.683573 10.494020 10.208752 9.790567 9.194495 8.370590 7.270608 5.860061 4.135885 2.146015 0.000000 
50.000000 44.156541 38.491177 33.165735 28.311969 24.022196 20.345388 17.288712 14.823574 12.894594 11.429718 10.349873 9.576984 9.039721 8.676901 8.438799 8.286908 8.192688 8.135837 8.102458 8.083383 8.072768 8.067012 8.063969 8.062395 8.061589 8.061159 8.060881 8.060603 8.060181 8.059420 8.058000 8.055375 8.050620 8.042207 8.027668 8.003144 7.962776 7.897956 7.796472 7.641664 7.411787 7.079960 6.615217 5.985347 5.162218 4.129906 2.894765 1.494421 0.000000 
50.000000 43.836059 37.859987 32.242488 27.122546 22.597542 18.719130 15.494869 12.894594 10.859881 9.314723 8.175707 7.360473 6.793781 6.411091 6.159952 5.999746 5.900369 5.840408 5.805204 5.785085 5.773889 5.767820 5.764612 5.762954 5.762108 5.761664 5.761391 5.761141 5.760781 5.760146 5.758969 5.756804 5.752902 5.746030 5.734219 5.714420 5.682062 5.630527 5.550591 5.429941 5.252930 5.000849 4.653055 4.189305 3.593570 2.859157 1.994259 1.025967 0.000000 
50.000000 43.592674 37.380640 31.541346 26.219267 21.515628 17.484124 14.132607 11.429718 9.314723 7.708609 6.524669 5.677288 5.088255 4.690482 4.429447 4.262930 4.159640 4.097318 4.060728 4.039818 4.028183 4.021875 4.018541 4.016820 4.015945 4.015493 4.015229 4.015007 4.014711 4.014202 4.013269 4.011563 4.008500 4.003133 3.993958 3.978669 3.953851 3.914626 3.854305 3.764132 3.633245 3.449033 3.198098 2.867989 2.449743 1.940998 1.348988 0.692286 0.000000 
50.000000 43.413253 37.027271 31.024475 25.553387 20.718068 16.573714 13.128396 10.349873 8.175707 6.524669 5.307621 4.436551 3.831055 3.422168 3.153843 2.982677 2.876503 2.812442 2.774832 2.753340 2.741380 2.734897 2.731471 2.729704 2.728808 2.728352 2.728096 2.727902 2.727665 2.727272 2.726563 2.725272 2.722967 2.718945 2.712106 2.700774 2.682496 2.653811 2.610043 2.545181 2.451918 2.321992 2.146914 1.919162 1.633813 1.290374 0.894386 0.458153 0.000000 
50.000000 43.284827 36.774338 30.654512 25.076771 20.147205 15.922084 12.409635 9.576984 7.360473 5.677288 4.436551 3.548530 2.931257 2.514419 2.240879 2.066387 1.958152 1.892847 1.854508 1.832598 1.820407 1.813798 1.810307 1.808507 1.807597 1.807138 1.806892 1.806721 1.806535 1.806242 1.805722 1.804783 1.803114 1.800216 1.795310 1.787227 1.774265 1.754055 1.723437 1.678411 1.614208 1.525553 1.407182 1.254631 1.065238 0.839210 0.580467 0.296936 0.000000 
50.000000 43.195549 36.598507 30.397327 24.745447 19.750367 15.469104 11.909993 9.039721 6.793781 5.088255 3.831055 2.931257 2.305800 1.883438 1.606275 1.429473 1.319806 1.253638 1.214792 1.192593 1.180240 1.173545 1.170008 1.168186 1.167266 1.166807 1.166567 1.166417 1.166271 1.166059 1.165691 1.165032 1.163868 1.161854 1.158462 1.152900 1.144030 1.130281 1.109586 1.079361 1.036577 0.977949 0.900281 0.800966 0.678590 0.533537 0.368437 0.188270 0.000000 
50.000000 43.135255 36.479759 30.223639 24.521691 19.482368 15.163195 11.572575 8.676901 6.411091 4.690482 3.422168 2.514419 1.883438 1.457348 1.177740 0.999379 0.888746 0.821995 0.782807 0.760413 0.747953 0.741199 0.737631 0.735793 0.734868 0.734408 0.734175 0.734040 0.733926 0.733775 0.733522 0.733076 0.732291 0.730940 0.728674 0.724977 0.719109 0.710063 0.696524 0.676873 0.649233 0.611608 0.562097 0.499203 0.422186 0.331407 0.228557 0.116693 0.000000 
50.000000 43.095685 36.401826 30.109649 24.374844 19.306488 14.962437 11.351142 8.438800 6.159953 4.429448 3.153843 2.240879 1.606275 1.177740 0.896528 0.717146 0.605879 0.538746 0.499334 0.476812 0.464280 0.457488 0.453900 0.452053 0.451123 0.450664 0.450436 0.450311 0.450220 0.450114 0.449946 0.449653 0.449141 0.448265 0.446801 0.444422 0.440664 0.434899 0.426315 0.413924 0.396593 0.373137 0.342448 0.303681 0.256455 0.201047 0.138507 0.070669 0.000000 
50.000000 43.070440 36.352108 30.036929 24.281162 19.194286 14.834365 11.209882 8.286909 5.999747 4.262931 2.982678 2.066388 1.429474 0.999380 0.717146 0.537112 0.425441 0.358065 0.318511 0.295907 0.283330 0.276513 0.272913 0.271059 0.270127 0.269668 0.269443 0.269327 0.269252 0.269177 0.269067 0.268881 0.268558 0.268007 0.267091 0.265608 0.263275 0.259712 0.254432 0.246846 0.236289 0.222073 0.203564 0.180294 0.152072 0.119086 0.081971 0.041800 0.000000 
50.000000 43.054780 36.321266 29.991817 24.223048 19.124683 14.754919 11.122257 8.192690 5.900372 4.159643 2.876506 1.958154 1.319808 0.888748 0.605881 0.425443 0.313522 0.245995 0.206352 0.183698 0.171093 0.164261 0.160653 0.158796 0.157862 0.157404 0.157181 0.157070 0.157006 0.156952 0.156881 0.156765 0.156567 0.156232 0.155676 0.154779 0.153374 0.151236 0.148082 0.143570 0.137318 0.128935 0.118067 0.104460 0.088018 0.068864 0.047367 0.024143 0.000000 
50.000000 43.045330 36.302655 29.964597 24.187982 19.082686 14.706983 11.069386 8.135842 5.840413 4.097324 2.812449 1.892854 1.253644 0.822002 0.538752 0.358071 0.245999 0.178382 0.138685 0.116001 0.103379 0.096538 0.092925 0.091065 0.090131 0.089673 0.089451 0.089344 0.089287 0.089246 0.089200 0.089130 0.089012 0.088814 0.088486 0.087960 0.087138 0.085892 0.084061 0.081450 0.077848 0.073036 0.066821 0.059066 0.049726 0.038875 0.026724 0.013616 0.000000 
50.000000 43.039783 36.291730 29.948617 24.167397 19.058032 14.678844 11.038350 8.102472 5.805217 4.060743 2.774847 1.854523 1.214807 0.782822 0.499349 0.318525 0.206365 0.138694 0.098966 0.076264 0.063632 0.056786 0.053170 0.051309 0.050374 0.049916 0.049696 0.049591 0.049538 0.049506 0.049476 0.049434 0.049365 0.049251 0.049063 0.048763 0.048296 0.047590 0.046555 0.045086 0.043064 0.040374 0.036910 0.032601 0.027426 0.021427 0.014722 0.007498 0.000000 
50.000000 43.036614 36.285490 29.939491 24.155641 19.043952 14.662773 11.020625 8.083414 5.785117 4.039852 2.753374 1.832633 1.192628 0.760449 0.476847 0.295942 0.183732 0.116030 0.076285 0.053572 0.040935 0.034086 0.030468 0.028606 0.027672 0.027214 0.026994 0.026890 0.026840 0.026813 0.026792 0.026767 0.026728 0.026664 0.026559 0.026392 0.026134 0.025744 0.025175 0.024369 0.023263 0.021796 0.019913 0.017577 0.014777 0.011538 0.007924 0.004035 0.000000 
50.000000 43.034856 36.282027 29.934426 24.149116 19.036138 14.653854 11.010789 8.072838 5.773964 4.028260 2.741459 1.820487 1.180321 0.748034 0.464362 0.283411 0.171173 0.103455 0.063699 0.040981 0.028341 0.021490 0.017872 0.016009 0.015074 0.014616 0.014397 0.014294 0.014246 0.014222 0.014206 0.014190 0.014168 0.014133 0.014076 0.013986 0.013846 0.013636 0.013330 0.012897 0.012306 0.011524 0.010522 0.009282 0.007799 0.006087 0.004179 0.002127 0.000000 
50.000000 43.033914 36.280171 29.931711 24.145619 19.031951 14.649075 11.005518 8.067171 5.767986 4.022047 2.735073 1.813978 1.173726 0.741381 0.457671 0.276696 0.164443 0.096716 0.056955 0.034234 0.021592 0.014740 0.011121 0.009259 0.008324 0.007866 0.007647 0.007544 0.007497 0.007474 0.007462 0.007451 0.007439 0.007420 0.007389 0.007340 0.007265 0.007153 0.006991 0.006761 0.006448 0.006035 0.005508 0.004856 0.004078 0.003181 0.002183 0.001111 0.000000 
50.000000 43.033439 36.279236 29.930344 24.143858 19.029841 14.646667 11.002863 8.064316 5.764975 4.018918 2.731857 1.810699 1.170405 0.738030 0.454301 0.273314 0.161053 0.093321 0.053558 0.030836 0.018192 0.011340 0.007721 0.005859 0.004924 0.004466 0.004247 0.004144 0.004097 0.004076 0.004065 0.004057 0.004050 0.004038 0.004021 0.003994 0.003953 0.003891 0.003801 0.003675 0.003503 0.003277 0.002989 0.002634 0.002211 0.001724 0.001183 0.000602 0.000000 
50.000000 43.033243 36.278850 29.929779 24.143130 19.028969 14.645672 11.001765 8.063136 5.763731 4.017625 2.730528 1.809344 1.169032 0.736645 0.452908 0.271916 0.159652 0.091919 0.052154 0.029431 0.016788 0.009935 0.006316 0.004454 0.003518 0.003061 0.002842 0.002740 0.002693 0.002671 0.002661 0.002655 0.002649 0.002641 0.002630 0.002612 0.002584 0.002543 0.002484 0.002401 0.002288 0.002140 0.001951 0.001718 0.001442 0.001124 0.000771 0.000392 0.000000 
50.000000 43.033243 36.278850 29.929779 24.143130 19.028969 14.645672 11.001765 8.063136 5.763731 4.017625 2.730528 1.809344 1.169032 0.736645 0.452908 0.271916 0.159652 0.091919 0.052154 0.029431 0.016788 0.009935 0.006316 0.004454 0.003518 0.003061 0.002842 0.002740 0.002693 0.002671 0.002661 0.002655 0.002649 0.002641 0.002630 0.002612 0.002584 0.002543 0.002484 0.002401 0.002288 0.002140 0.001951 0.001718 0.001442 0.001124 0.000771 0.000392 0.000000 
50.000000 43.033439 36.279236 29.930344 24.143858 19.029841 14.646667 11.002863 8.064316 5.764975 4.018918 2.731857 1.810699 1.170405 0.738030 0.454301 0.273314 0.161053 0.093321 0.053558 0.030836 0.018192 0.011340 0.007721 0.005859 0.004924 0.004466 0.004247 0.004144 0.004097 0.004076 0.004065 0.004057 0.004050 0.004038 0.004021 0.003994 0.003953 0.003891 0.003801 0.003675 0.003503 0.003277 0.002989 0.002634 0.002211 0.001724 0.001183 0.000602 0.000000 
50.000000 43.033914 36.280171 29.931711 24.145619 19.031951 14.649075 11.005518 8.067171 5.767986 4.022047 2.735073 1.813978 1.173726 0.741381 0.457671 0.276696 0.164443 0.096716 0.056955 0.034234 0.021592 0.014740 0.011121 0.009259 0.008324 0.007866 0.007647 0.007544 0.007497 0.007474 0.007462 0.007451 0.007439 0.007420 0.007389 0.007340 0.007265 0.007153 0.006991 0.006761 0.006448 0.006035 0.005508 0.004856 0.004078 0.003181 0.002183 0.001111 0.000000 
50.000000 43.034856 36.282027 29.934426 24.149116 19.036138 14.653854 11.010789 8.072838 5.773964 4.028260 2.741459 1.820487 1.180321 0.748034 0.464362 0.283411 0.171173 0.103455 0.063699 0.040981 0.028341 0.021490 0.017872 0.016009 0.015074 0.014616 0.014397 0.014294 0.014246 0.014222 0.014206 0.014190 0.014168 0.014133 0.014076 0.013986 0.013846 0.013636 0.013330 0.012897 0.012306 0.011524 0.010522 0.009282 0.007799 0.006087 0.004179 0.002127 0.000000 
50.000000 43.036614 36.285490 29.939491 24.155641 19.043952 14.662773 11.020625 8.083414 5.785117 4.039852 2.753374 1.832633 1.192628 0.760449 0.476847 0.295942 0.183732 0.116030 0.076285 0.053572 0.040935 0.034086 0.030468 0.028606 0.027672 0.027214 0.026994 0.026890 0.026840 0.026813 0.026792 0.026767 0.026728 0.026664 0.026559 0.026392 0.026134 0.025744 0.025175 0.024369 0.023263 0.021796 0.019913 0.017577 0.014777 0.011538 0.007924 0.004035 0.000000 
50.000000 43.039783 36.291730 29.948617 24.167397 19.058032 14.678844 11.038350 8.102472 5.805217 4.060743 2.774847 1.854523 1.214807 0.782822 0.499349 0.318525 0.206365 0.138694 0.098966 0.076264 0.063632 0.056786 0.053170 0.051309 0.050374 0.049916 0.049696 0.049591 0.049538 0.049506 0.049476 0.049434 0.049365 0.049251 0.049063 0.048763 0.048296 0.047590 0.046555 0.045086 0.043064 0.040374 0.036910 0.032601 0.027426 0.021427 0.014722 0.007498 0.000000 
50.000000 43.045330 36.302655 29.964597 24.187982 19.082686 14.706983 11.069386 8.135842 5.840413 4.097324 2.812449 1.892854 1.253644 0.822002 0.538752 0.358071 0.245999 0.178382 0.138685 0.116001 0.103379 0.096538 0.092925 0.091065 0.090131 0.089673 0.089451 0.089344 0.089287 0.089246 0.089200 0.089130 0.089012 0.088814 0.088486 0.087960 0.087138 0.085892 0.084061 0.081450 0.077848 0.073036 0.066821 0.059066 0.049726 0.038875 0.026724 0.013616 0.000000 
50.000000 43.054780 36.321266 29.991817 24.223048 19.124683 14.754919 11.122257 8.192690 5.900372 4.159643 2.876506 1.958154 1.319808 0.888748 0.605881 0.425443 0.313522 0.245995 0.206352 0.183698 0.171093 0.164261 0.160653 0.158796 0.157862 0.157404 0.157181 0.157070 0.157006 0.156952 0.156881 0.156765 0.156567 0.156232 0.155676 0.154779 0.153374 0.151236 0.148082 0.143570 0.137318 0.128935 0.118067 0.104460 0.088018 0.068864 0.047367 0.024143 0.000000 
50.000000 43.070440 36.352108 30.036929 24.281162 19.194286 14.834365 11.209882 8.286909 5.999747 4.262931 2.982678 2.066388 1.429474 0.999380 0.717146 0.537112 0.425441 0.358065 0.318511 0.295907 0.283330 0.276513 0.272913 0.271059 0.270127 0.269668 0.269443 0.269327 0.269252 0.269177 0.269067 0.268881 0.268558 0.268007 0.267091 0.265608 0.263275 0.259712 0.254432 0.246846 0.236289 0.222073 0.203564 0.180294 0.152072 0.119086 0.081971 0.041800 0.000000 
50.000000 43.095685 36.401826 30.109649 24.374844 19.306488 14.962437 11.351142 8.438800 6.159953 4.429448 3.153843 2.240879 1.606275 1.177740 0.896528 0.717146 0.605879 0.538746 0.499334 0.476812 0.464280 0.457488 0.453900 0.452053 0.451123 0.450664 0.450436 0.450311 0.450220 0.450114 0.449946 0.449653 0.449141 0.448265 0.446801 0.444422 0.440664 0.434899 0.426315 0.413924 0.396593 0.373137 0.342448 0.303681 0.256455 0.201047 0.138507 0.070669 0.000000 
50.000000 43.135255 36.479759 30.223639 24.521691 19.482368 15.163195 11.572575 8.676901 6.411091 4.690482 3.422168 2.514419 1.883438 1.457348 1.177740 0.999379 0.888746 0.821995 0.782807 0.760413 0.747953 0.741199 0.737631 0.735793 0.734868 0.734408 0.734175 0.734040 0.733926 0.733775 0.733522 0.733076 0.732291 0.730940 0.728674 0.724977 0.719109 0.710063 0.696524 0.676873 0.649233 0.611608 0.562097 0.499203 0.422186 0.331407 0.228557 0.116693 0.000000 
50.000000 43.195549 36.598507 30.397327 24.745447 19.750367 15.469104 11.909993 9.039721 6.793781 5.088255 3.831055 2.931257 2.305800 1.883438 1.606275 1.429473 1.319806 1.253638 1.214792 1.192593 1.180240 1.173545 1.170008 1.168186 1.167266 1.166807 1.166567 1.166417 1.166271 1.166059 1.165691 1.165032 1.163868 1.161854 1.158462 1.152900 1.144030 1.130281 1.109586 1.079361 1.036577 0.977949 0.900281 0.800966 0.678590 0.533537 0.368437 0.188270 0.000000 
50.000000 43.284827 36.774338 30.654512 25.076771 20.147205 15.922084 12.409635 9.576984 7.360473 5.677288 4.436551 3.548530 2.931257 2.514419 2.240879 2.066387 1.958152 1.892847 1.854508 1.832598 1.820407 1.813798 1.810307 1.808507 1.807597 1.807138 1.806892 1.806721 1.806535 1.806242 1.805722 1.804783 1.803114 1.800216 1.795310 1.787227 1.774265 1.754055 1.723437 1.678411 1.614208 1.525553 1.407182 1.254631 1.065238 0.839210 0.580467 0.296936 0.000000 
50.000000 43.413253 37.027271 31.024475 25.553387 20.718068 16.573714 13.128396 10.349873 8.175707 6.524669 5.307621 4.436551 3.831055 3.422168 3.153843 2.982677 2.876503 2.812442 2.774832 2.753340 2.741380 2.734897 2.731471 2.729704 2.728808 2.728352 2.728096 2.727902 2.727665 2.727272 2.726563 2.725272 2.722967 2.718945 2.712106 2.700774 2.682496 2.653811 2.610043 2.545181 2.451918 2.321992 2.146914 1.919162 1.633813 1.290374 0.894386 0.458153 0.000000 
50.000000 43.592674 37.380640 31.541346 26.219267 21.515628 17.484124 14.132607 11.429718 9.314723 7.708609 6.524669 5.677288 5.088255 4.690482 4.429447 4.262930 4.159640 4.097318 4.060728 4.039818 4.028183 4.021875 4.018541 4.016820 4.015945 4.015493 4.015229 4.015007 4.014711 4.014202 4.013269 4.011563 4.008500 4.003133 3.993958 3.978669 3.953851 3.914626 3.854305 3.764132 3.633245 3.449033 3.198098 2.867989 2.449743 1.940998 1.348988 0.692286 0.000000 
50.000000 43.836059 37.859987 32.242488 27.122546 22.597542 18.719130 15.494869 12.894594 10.859881 9.314723 8.175707 7.360473 6.793781 6.411091 6.159952 5.999746 5.900369 5.840408 5.805204 5.785085 5.773889 5.767820 5.764612 5.762954 5.762108 5.761664 5.761391 5.761141 5.760781 5.760146 5.758969 5.756804 5.752902 5.746030 5.734219 5.714420 5.682062 5.630527 5.550591 5.429941 5.252930 5.000849 4.653055 4.189305 3.593570 2.859157 1.994259 1.025967 0.000000 
50.000000 44.156541 38.491177 33.165735 28.311969 24.022196 20.345388 17.288712 14.823574 12.894594 11.429718 10.349873 9.576984 9.039721 8.676901 8.438799 8.286908 8.192688 8.135837 8.102458 8.083383 8.072768 8.067012 8.063969 8.062395 8.061589 8.061159 8.060881 8.060603 8.060181 8.059420 8.058000 8.055375 8.050620 8.042207 8.027668 8.003144 7.962776 7.897956 7.796472 7.641664 7.411787 7.079960 6.615217 5.985347 5.162218 4.129906 2.894765 1.494421 0.000000 
50.000000 44.566084 39.297778 34.345560 29.831950 25.842795 22.423633 19.581134 17.288712 15.494869 14.132607 13.128396 12.409635 11.909993 11.572575 11.351142 11.209881 11.122255 11.069381 11.038338 11.020596 11.010723 11.005370 11.002539 11.001073 11.000318 10.999909 10.999631 10.999332 10.998858 10.997989 10.996356 10.993324 10.987810 10.978005 10.960968 10.932044 10.884082 10.806404 10.683573 10.494020 10.208752 9.790567 9.194495 8.370590 7.270608 5.860061 4.135885 2.146015 0.000000 
50.000000 45.073886 40.297901 35.808458 31.716626 28.100227 25.000547 22.423633 20.345388 18.719130 17.484124 16.573714 15.922084 15.469104 15.163195 14.962436 14.834364 14.754917 14.706979 14.678832 14.662746 14.653794 14.648940 14.646372 14.645041 14.644352 14.643973 14.643702 14.643393 14.642886 14.641945 14.640167 14.636854 14.630801 14.619989 14.601098 14.568823 14.514902 14.426800 14.286025 14.066076 13.730171 13.229139 12.500274 11.468745 10.054258 8.186919 5.836223 3.052012 0.000000 
50.000000 45.684692 41.500896 37.568105 33.983616 30.815600 28.100227 25.842795 24.022196 22.597542 21.515628 20.718068 20.147205 19.750367 19.482368 19.306488 19.194285 19.124682 19.082682 19.058022 19.043929 19.036085 19.031832 19.029581 19.028413 19.027807 19.027466 19.027213 19.026909 19.026399 19.025441 19.023624 19.020225 19.013992 19.002808 18.983165 18.949400 18.892574 18.798906 18.647640 18.408237 18.036850 17.472205 16.631482 15.407800 13.673075 11.293881 8.172946 4.328816 0.000000 
50.000000 46.397310 42.904411 39.621064 36.628493 33.983616 31.716626 29.831950 28.311969 27.122546 26.219267 25.553386 25.076771 24.745447 24.521690 24.374843 24.281161 24.223046 24.187979 24.167389 24.155621 24.149072 24.145520 24.143640 24.142664 24.142154 24.141865 24.141641 24.141362 24.140883 24.139980 24.138259 24.135031 24.129091 24.118389 24.099504 24.066857 24.011533 23.919573 23.769524 23.528977 23.149751 22.561342 21.662368 20.310541 18.314247 15.435897 11.433386 6.192115 0.000000 
50.000000 47.203604 44.492425 41.943896 39.621064 37.568105 35.808458 34.345560 33.165735 32.242488 31.541346 31.024475 30.654512 30.397327 30.223639 30.109649 30.036928 29.991816 29.964594 29.948611 29.939476 29.934391 29.931634 29.930174 29.929415 29.929018 29.928789 29.928608 29.928374 29.927968 29.927197 29.925725 29.922954 29.917843 29.908603 29.892232 29.863791 29.815303 29.734100 29.600348 29.383331 29.035829 28.485499 27.621540 26.274224 24.185167 20.971948 16.117085 9.099934 0.000000 
50.000000 48.088238 46.234734 44.492425 42.904411 41.500896 40.297901 39.297778 38.491177 37.859987 37.380640 37.027271 36.774338 36.598507 36.479759 36.401826 36.352108 36.321265 36.302653 36.291725 36.285480 36.282003 36.280118 36.279120 36.278600 36.278328 36.278170 36.278041 36.277872 36.277576 36.277012 36.275933 36.273899 36.270137 36.263319 36.251202 36.230070 36.193871 36.132884 36.031652 35.865729 35.596412 35.161892 34.461678 33.327949 31.471025 28.375340 23.117367 14.168877 0.000000 
50.000000 49.029329 48.088238 47.203604 46.397310 45.684692 45.073886 44.566084 44.156541 43.836059 43.592674 43.413253 43.284827 43.195549 43.135255 43.095685 43.070440 43.054779 43.045329 43.039781 43.036609 43.034844 43.033887 43.033380 43.033116 43.032977 43.032896 43.032830 43.032741 43.032585 43.032287 43.031715 43.030637 43.028641 43.025016 43.018562 43.007279 42.987892 42.955100 42.900388 42.810092 42.662119 42.420069 42.021874 41.355877 40.205195 38.103670 33.919361 24.514665 0.000000 
50.000000 50.000000 50.000000 50.000000 50.000000 50.000000 50.000000 50.000000 50.000000 50.000000 50.000000 50.000000 50.000000 50.000000 50.000000 50.000000 50.000000 50.000000 50.000000 50.000000 50.000000 50.000000 50.000000 50.000000 50.000000 50.000000 50.000000 50.000000 50.000000 50.000000 50.000000 50.000000 50.000000 50.000000 50.000000 50.000000 50.000000 50.000000 50.000000 50.000000 50.000000 50.000000 50.000000 50.000000 50.000000 50.000000 50.000000 50.000000 50.000000 50.000000 
