50.000000 50.000000 50.000000 50.000000 50.000000 50.000000 50.000000 50.000000 50.000000 50.000000 50.000000 50.000000 50.000000 50.000000 50.000000 50.000000 50.000000 50.000000 50.000000 50.000000 50.000000 50.000000 50.000000 50.000000 50.000000 50.000000 50.000000 50.000000 50.000000 50.000000 50.000000 50.000000 50.000000 50.000000 50.000000 50.000000 50.000000 50.000000 50.000000 50.000000 50.000000 50.000000 50.000000 50.000000 50.000000 50.000000 50.000000 50.000000 50.000000 50.000000 
50.000000 48.506592 47.083170 45.789892 44.669558 43.743927 43.014227 42.465086 42.070347 41.799138 41.620912 41.508803 41.441249 41.402221 41.380587 41.369069 41.363175 41.360273 41.358898 41.358270 41.357993 41.357875 41.357827 41.357808 41.357800 41.357798 41.357796 41.357795 41.357792 41.357785 41.357767 41.357721 41.357612 41.357356 41.356773 41.355487 41.352731 41.346995 41.335385 41.312499 41.268459 41.185458 41.031520 40.748600 40.227971 39.253861 37.358789 33.406727 24.253296 0.000000 
50.000000 47.083170 44.303034 41.777092 39.588942 37.781077 36.355896 35.283371 34.512415 33.982727 33.634644 33.415693 33.283758 33.207538 33.165286 33.142792 33.131282 33.125616 33.122930 33.121703 33.121163 33.120933 33.120839 33.120801 33.120787 33.120781 33.120779 33.120776 33.120771 33.120758 33.120724 33.120641 33.120441 33.119971 33.118905 33.116556 33.111537 33.101123 33.080132 33.038972 32.960329 32.813573 32.545222 32.062351 31.202646 29.678509 26.971876 22.151517 13.676443 0.000000 
50.000000 45.789892 41.777092 38.131205 34.972894 32.363493 30.306460 28.758449 27.645714 26.881217 26.378836 26.062833 25.872421 25.762420 25.701442 25.668981 25.652370 25.644193 25.640317 25.638547 25.637768 25.637436 25.637300 25.637246 25.637225 25.637217 25.637213 25.637210 25.637203 25.637186 25.637142 25.637034 25.636773 25.636163 25.634783 25.631753 25.625302 25.611983 25.585299 25.533386 25.435215 25.254514 24.930236 24.361831 23.387020 21.750220 19.065602 14.805216 8.431103 0.000000 
50.000000 44.669558 39.588942 34.972894 30.974191 27.670486 25.066151 23.106295 21.697539 20.729679 20.093672 19.693625 19.452576 19.313325 19.236136 19.195044 19.174018 19.163668 19.158763 19.156523 19.155536 19.155116 19.154944 19.154875 19.154849 19.154839 19.154834 19.154830 19.154823 19.154804 19.154756 19.154637 19.154352 19.153687 19.152187 19.148907 19.141959 19.127700 19.099347 19.044704 18.942603 18.757558 18.432146 17.876842 16.957960 15.487096 13.222673 9.910433 5.415697 0.000000 
50.000000 43.743927 37.781077 32.363493 27.670486 23.793190 20.736726 18.436660 16.783388 15.647559 14.901191 14.431737 14.148874 13.985472 13.894898 13.846682 13.822012 13.809868 13.804113 13.801485 13.800327 13.799834 13.799632 13.799552 13.799521 13.799509 13.799504 13.799500 13.799493 13.799474 13.799427 13.799312 13.799034 13.798391 13.796945 13.793798 13.787168 13.773655 13.747004 13.696162 13.602352 13.434993 13.146468 12.666315 11.896595 10.712526 8.976473 6.578431 3.515956 0.000000 
50.000000 43.014227 36.355896 30.306460 25.066151 20.736726 17.323895 14.755692 12.909718 11.641525 10.808196 10.284058 9.968254 9.785828 9.684712 9.630886 9.603346 9.589790 9.583366 9.580432 9.579140 9.578590 9.578364 9.578275 9.578240 9.578227 9.578222 9.578218 9.578211 9.578195 9.578153 9.578050 9.577805 9.577238 9.575970 9.573223 9.567470 9.555828 9.533062 9.490073 9.411735 9.274075 9.041084 8.661947 8.070412 7.189309 5.944630 4.293545 2.265627 0.000000 
50.000000 42.465086 35.283371 28.758449 23.106295 18.436660 14.755692 11.985755 9.994813 8.627051 7.728316 7.163053 6.822479 6.625749 6.516708 6.458666 6.428969 6.414352 6.407425 6.404262 6.402868 6.402276 6.402033 6.401936 6.401899 6.401885 6.401879 6.401876 6.401870 6.401856 6.401822 6.401738 6.401538 6.401077 6.400049 6.397836 6.393228 6.383970 6.366016 6.332451 6.272001 6.167252 5.992878 5.714608 5.290192 4.674149 3.828213 2.738149 1.433566 0.000000 
50.000000 42.070347 34.512415 27.645714 21.697539 16.783388 12.909718 9.994813 7.899705 6.460408 5.514686 4.919884 4.561521 4.354521 4.239790 4.178720 4.147476 4.132098 4.124810 4.121482 4.120017 4.119393 4.119138 4.119036 4.118997 4.118982 4.118976 4.118973 4.118969 4.118958 4.118932 4.118867 4.118715 4.118365 4.117590 4.115927 4.112488 4.105623 4.092419 4.067963 4.024396 3.949852 3.827561 3.635643 3.348396 2.939981 2.391200 1.698842 0.884889 0.000000 
50.000000 41.799138 33.982727 26.881217 20.729679 15.647559 11.641525 8.627051 6.460408 4.971991 3.994010 3.378930 3.008358 2.794310 2.675675 2.612529 2.580223 2.564323 2.556788 2.553348 2.551832 2.551188 2.550923 2.550818 2.550778 2.550763 2.550757 2.550754 2.550751 2.550743 2.550724 2.550678 2.550569 2.550321 2.549771 2.548600 2.546189 2.541411 2.532289 2.515540 2.485995 2.436011 2.355050 2.229790 2.045208 1.787077 1.446002 1.022398 0.530680 0.000000 
50.000000 41.620912 33.634644 26.378836 20.093672 14.901191 10.808196 7.728316 5.514686 3.994010 2.994848 2.366455 1.987868 1.769194 1.647998 1.583491 1.550488 1.534246 1.526549 1.523034 1.521487 1.520829 1.520558 1.520451 1.520410 1.520394 1.520389 1.520386 1.520383 1.520378 1.520365 1.520334 1.520261 1.520094 1.519727 1.518949 1.517355 1.514216 1.508265 1.497424 1.478471 1.446723 1.395865 1.318122 1.205029 1.048969 0.845450 0.595673 0.308413 0.000000 
50.000000 41.508803 33.415693 26.062833 19.693625 14.431737 10.284058 7.163053 4.919884 3.378930 2.366455 1.729697 1.346075 1.124496 1.001692 0.936329 0.902889 0.886432 0.878634 0.875073 0.873505 0.872838 0.872564 0.872455 0.872414 0.872398 0.872392 0.872390 0.872388 0.872385 0.872376 0.872356 0.872310 0.872204 0.871972 0.871482 0.870484 0.868530 0.864849 0.858190 0.846641 0.827465 0.797036 0.750996 0.684733 0.594278 0.477534 0.335561 0.173419 0.000000 
50.000000 41.441249 33.283758 25.872421 19.452576 14.148874 9.968254 6.822479 4.561521 3.008358 1.987868 1.346075 0.959423 0.736096 0.612324 0.546447 0.512745 0.496159 0.488299 0.484711 0.483130 0.482458 0.482182 0.482073 0.482031 0.482015 0.482009 0.482007 0.482006 0.482003 0.481998 0.481986 0.481958 0.481894 0.481755 0.481462 0.480868 0.479712 0.477545 0.473652 0.466947 0.455898 0.438509 0.412426 0.375220 0.324876 0.260438 0.182635 0.094254 0.000000 
50.000000 41.402221 33.207538 25.762420 19.313325 13.985472 9.785828 6.625749 4.354521 2.794310 1.769194 1.124496 0.736096 0.511761 0.387432 0.321258 0.287405 0.270744 0.262849 0.259244 0.257657 0.256982 0.256705 0.256595 0.256553 0.256537 0.256531 0.256529 0.256528 0.256526 0.256524 0.256517 0.256500 0.256464 0.256384 0.256217 0.255881 0.255228 0.254012 0.251839 0.248120 0.242033 0.232521 0.218358 0.198304 0.171366 0.137118 0.096001 0.049491 0.000000 
50.000000 41.380587 33.165286 25.701442 19.236136 13.894898 9.684712 6.516708 4.239790 2.675675 1.647998 1.001692 0.612324 0.387432 0.262793 0.196455 0.162518 0.145817 0.137903 0.134289 0.132697 0.132021 0.131743 0.131633 0.131590 0.131575 0.131569 0.131567 0.131566 0.131565 0.131563 0.131560 0.131551 0.131531 0.131487 0.131397 0.131214 0.130862 0.130210 0.129050 0.127075 0.123863 0.118873 0.111489 0.101100 0.087229 0.069690 0.048730 0.025100 0.000000 
50.000000 41.369069 33.142792 25.668981 19.195044 13.846682 9.630886 6.458666 4.178720 2.612529 1.583491 0.936329 0.546447 0.321258 0.196455 0.130031 0.096049 0.079326 0.071401 0.067783 0.066189 0.065512 0.065234 0.065123 0.065081 0.065065 0.065060 0.065057 0.065057 0.065056 0.065055 0.065053 0.065048 0.065038 0.065015 0.064968 0.064874 0.064692 0.064357 0.063763 0.062758 0.061131 0.058616 0.054916 0.049737 0.042857 0.034198 0.023888 0.012296 0.000000 
50.000000 41.363175 33.131282 25.652370 19.174018 13.822012 9.603346 6.428969 4.147476 2.580223 1.550488 0.902889 0.512745 0.287405 0.162518 0.096049 0.062045 0.045311 0.037381 0.033760 0.032165 0.031488 0.031209 0.031099 0.031056 0.031041 0.031035 0.031033 0.031032 0.031032 0.031031 0.031030 0.031028 0.031023 0.031011 0.030988 0.030941 0.030851 0.030686 0.030394 0.029903 0.029110 0.027892 0.026107 0.023621 0.020331 0.016207 0.011311 0.005819 0.000000 
50.000000 41.360273 33.125616 25.644193 19.163668 13.809868 9.589790 6.414352 4.132098 2.564323 1.534246 0.886432 0.496159 0.270744 0.145817 0.079326 0.045311 0.028570 0.020638 0.017016 0.015421 0.014743 0.014465 0.014354 0.014312 0.014296 0.014290 0.014288 0.014287 0.014287 0.014287 0.014286 0.014285 0.014283 0.014277 0.014266 0.014244 0.014201 0.014123 0.013985 0.013754 0.013383 0.012814 0.011985 0.010834 0.009317 0.007420 0.005175 0.002661 0.000000 
50.000000 41.358898 33.122930 25.640317 19.158763 13.804113 9.583366 6.407425 4.124810 2.556788 1.526549 0.878634 0.488299 0.262849 0.137903 0.071401 0.037381 0.020638 0.012705 0.009082 0.007487 0.006809 0.006530 0.006420 0.006377 0.006361 0.006356 0.006354 0.006353 0.006353 0.006353 0.006352 0.006352 0.006351 0.006348 0.006343 0.006333 0.006313 0.006277 0.006215 0.006110 0.005943 0.005687 0.005316 0.004801 0.004126 0.003284 0.002289 0.001176 0.000000 
50.000000 41.358270 33.121703 25.638547 19.156523 13.801485 9.580432 6.404262 4.121482 2.553348 1.523035 0.875073 0.484711 0.259244 0.134289 0.067783 0.033760 0.017016 0.009082 0.005459 0.003864 0.003186 0.002907 0.002797 0.002754 0.002738 0.002733 0.002731 0.002730 0.002730 0.002730 0.002730 0.002729 0.002729 0.002728 0.002725 0.002721 0.002712 0.002697 0.002669 0.002624 0.002551 0.002440 0.002279 0.002057 0.001767 0.001405 0.000979 0.000503 0.000000 
50.000000 41.357993 33.121163 25.637768 19.155536 13.800327 9.579140 6.402869 4.120017 2.551832 1.521487 0.873505 0.483130 0.257657 0.132697 0.066189 0.032166 0.015421 0.007487 0.003864 0.002268 0.001590 0.001312 0.001201 0.001159 0.001143 0.001137 0.001135 0.001135 0.001134 0.001134 0.001134 0.001134 0.001134 0.001133 0.001132 0.001131 0.001127 0.001120 0.001109 0.001089 0.001059 0.001012 0.000945 0.000853 0.000732 0.000582 0.000405 0.000208 0.000000 
50.000000 41.357875 33.120933 25.637436 19.155116 13.799835 9.578590 6.402276 4.119394 2.551188 1.520829 0.872838 0.482458 0.256982 0.132021 0.065512 0.031488 0.014743 0.006809 0.003186 0.001590 0.000912 0.000634 0.000523 0.000481 0.000465 0.000459 0.000457 0.000457 0.000456 0.000456 0.000456 0.000456 0.000456 0.000456 0.000456 0.000455 0.000453 0.000451 0.000446 0.000438 0.000426 0.000407 0.000380 0.000342 0.000294 0.000233 0.000162 0.000083 0.000000 
50.000000 41.357827 33.120839 25.637300 19.154944 13.799633 9.578365 6.402034 4.119139 2.550924 1.520559 0.872565 0.482183 0.256706 0.131744 0.065235 0.031210 0.014466 0.006531 0.002908 0.001313 0.000634 0.000356 0.000245 0.000203 0.000187 0.000181 0.000179 0.000179 0.000179 0.000179 0.000178 0.000178 0.000178 0.000178 0.000178 0.000178 0.000177 0.000176 0.000174 0.000171 0.000166 0.000159 0.000148 0.000134 0.000115 0.000091 0.000063 0.000033 0.000000 
50.000000 41.357808 33.120802 25.637247 19.154877 13.799554 9.578277 6.401939 4.119039 2.550821 1.520454 0.872458 0.482076 0.256598 0.131636 0.065126 0.031102 0.014357 0.006423 0.002800 0.001204 0.000526 0.000247 0.000137 0.000094 0.000079 0.000073 0.000071 0.000070 0.000070 0.000070 0.000070 0.000070 0.000070 0.000070 0.000070 0.000070 0.000069 0.000069 0.000068 0.000067 0.000065 0.000062 0.000058 0.000052 0.000045 0.000036 0.000025 0.000013 0.000000 
50.000000 41.357802 33.120790 25.637229 19.154854 13.799527 9.578248 6.401907 4.119005 2.550786 1.520418 0.872422 0.482039 0.256561 0.131599 0.065090 0.031065 0.014320 0.006386 0.002763 0.001167 0.000489 0.000211 0.000100 0.000058 0.000042 0.000036 0.000034 0.000033 0.000033 0.000033 0.000033 0.000033 0.000033 0.000033 0.000033 0.000033 0.000033 0.000033 0.000032 0.000032 0.000031 0.000029 0.000027 0.000025 0.000021 0.000017 0.000012 0.000006 0.000000 
50.000000 41.357802 33.120790 25.637229 19.154854 13.799527 9.578248 6.401907 4.119005 2.550786 1.520418 0.872422 0.482039 0.256561 0.131599 0.065090 0.031065 0.014320 0.006386 0.002763 0.001167 0.000489 0.000211 0.000100 0.000058 0.000042 0.000036 0.000034 0.000033 0.000033 0.000033 0.000033 0.000033 0.000033 0.000033 0.000033 0.000033 0.000033 0.000033 0.000032 0.000032 0.000031 0.000029 0.000027 0.000025 0.000021 0.000017 0.000012 0.000006 0.000000 
50.000000 41.357808 33.120802 25.637247 19.154877 13.799554 9.578277 6.401939 4.119039 2.550821 1.520454 0.872458 0.482076 0.256598 0.131636 0.065126 0.031102 0.014357 0.006423 0.002800 0.001204 0.000526 0.000247 0.000137 0.000094 0.000079 0.000073 0.000071 0.000070 0.000070 0.000070 0.000070 0.000070 0.000070 0.000070 0.000070 0.000070 0.000069 0.000069 0.000068 0.000067 0.000065 0.000062 0.000058 0.000052 0.000045 0.000036 0.000025 0.000013 0.000000 
50.000000 41.357827 33.120839 25.637300 19.154944 13.799633 9.578365 6.402034 4.119139 2.550924 1.520559 0.872565 0.482183 0.256706 0.131744 0.065235 0.031210 0.014466 0.006531 0.002908 0.001313 0.000634 0.000356 0.000245 0.000203 0.000187 0.000181 0.000179 0.000179 0.000179 0.000179 0.000178 0.000178 0.000178 0.000178 0.000178 0.000178 0.000177 0.000176 0.000174 0.000171 0.000166 0.000159 0.000148 0.000134 0.000115 0.000091 0.000063 0.000033 0.000000 
50.000000 41.357875 33.120933 25.637436 19.155116 13.799835 9.578590 6.402276 4.119394 2.551188 1.520829 0.872838 0.482458 0.256982 0.132021 0.065512 0.031488 0.014743 0.006809 0.003186 0.001590 0.000912 0.000634 0.000523 0.000481 0.000465 0.000459 0.000457 0.000457 0.000456 0.000456 0.000456 0.000456 0.000456 0.000456 0.000456 0.000455 0.000453 0.000451 0.000446 0.000438 0.000426 0.000407 0.000380 0.000342 0.000294 0.000233 0.000162 0.000083 0.000000 
50.000000 41.357993 33.121163 25.637768 19.155536 13.800327 9.579140 6.402869 4.120017 2.551832 1.521487 0.873505 0.483130 0.257657 0.132697 0.066189 0.032166 0.015421 0.007487 0.003864 0.002268 0.001590 0.001312 0.001201 0.001159 0.001143 0.001137 0.001135 0.001135 0.001134 0.001134 0.001134 0.001134 0.001134 0.001133 0.001132 0.001131 0.001127 0.001120 0.001109 0.001089 0.001059 0.001012 0.000945 0.000853 0.000732 0.000582 0.000405 0.000208 0.000000 
50.000000 41.358270 33.121703 25.638547 19.156523 13.801485 9.580432 6.404262 4.121482 2.553348 1.523035 0.875073 0.484711 0.259244 0.134289 0.067783 0.033760 0.017016 0.009082 0.005459 0.003864 0.003186 0.002907 0.002797 0.002754 0.002738 0.002733 0.002731 0.002730 0.002730 0.002730 0.002730 0.002729 0.002729 0.002728 0.002725 0.002721 0.002712 0.002697 0.002669 0.002624 0.002551 0.002440 0.002279 0.002057 0.001767 0.001405 0.000979 0.000503 0.000000 
50.000000 41.358898 33.122930 25.640317 19.158763 13.804113 9.583366 6.407425 4.124810 2.556788 1.526549 0.878634 0.488299 0.262849 0.137903 0.071401 0.037381 0.020638 0.012705 0.009082 0.007487 0.006809 0.006530 0.006420 0.006377 0.006361 0.006356 0.006354 0.006353 0.006353 0.006353 0.006352 0.006352 0.006351 0.006348 0.006343 0.006333 0.006313 0.006277 0.006215 0.006110 0.005943 0.005687 0.005316 0.004801 0.004126 0.003284 0.002289 0.001176 0.000000 
50.000000 41.360273 33.125616 25.644193 19.163668 13.809868 9.589790 6.414352 4.132098 2.564323 1.534246 0.886432 0.496159 0.270744 0.145817 0.079326 0.045311 0.028570 0.020638 0.017016 0.015421 0.014743 0.014465 0.014354 0.014312 0.014296 0.014290 0.014288 0.014287 0.014287 0.014287 0.014286 0.014285 0.014283 0.014277 0.014266 0.014244 0.014201 0.014123 0.013985 0.013754 0.013383 0.012814 0.011985 0.010834 0.009317 0.007420 0.005175 0.002661 0.000000 
50.000000 41.363175 33.131282 25.652370 19.174018 13.822012 9.603346 6.428969 4.147476 2.580223 1.550488 0.902889 0.512745 0.287405 0.162518 0.096049 0.062045 0.045311 0.037381 0.033760 0.032165 0.031488 0.031209 0.031099 0.031056 0.031041 0.031035 0.031033 0.031032 0.031032 0.031031 0.031030 0.031028 0.031023 0.031011 0.030988 0.030941 0.030851 0.030686 0.030394 0.029903 0.029110 0.027892 0.026107 0.023621 0.020331 0.016207 0.011311 0.005819 0.000000 
50.000000 41.369069 33.142792 25.668981 19.195044 13.846682 9.630886 6.458666 4.178720 2.612529 1.583491 0.936329 0.546447 0.321258 0.196455 0.130031 0.096049 0.079326 0.071401 0.067783 0.066189 0.065512 0.065234 0.065123 0.065081 0.065065 0.065060 0.065057 0.065057 0.065056 0.065055 0.065053 0.065048 0.065038 0.065015 0.064968 0.064874 0.064692 0.064357 0.063763 0.062758 0.061131 0.058616 0.054916 0.049737 0.042857 0.034198 0.023888 0.012296 0.000000 
50.000000 41.380587 33.165286 25.701442 19.236136 13.894898 9.684712 6.516708 4.239790 2.675675 1.647998 1.001692 0.612324 0.387432 0.262793 0.196455 0.162518 0.145817 0.137903 0.134289 0.132697 0.132021 0.131743 0.131633 0.131590 0.131575 0.131569 0.131567 0.131566 0.131565 0.131563 0.131560 0.131551 0.131531 0.131487 0.131397 0.131214 0.130862 0.130210 0.129050 0.127075 0.123863 0.118873 0.111489 0.101100 0.087229 0.069690 0.048730 0.025100 0.000000 
50.000000 41.402221 33.207538 25.762420 19.313325 13.985472 9.785828 6.625749 4.354521 2.794310 1.769194 1.124496 0.736096 0.511761 0.387432 0.321258 0.287405 0.270744 0.262849 0.259244 0.257657 0.256982 0.256705 0.256595 0.256553 0.256537 0.256531 0.256529 0.256528 0.256526 0.256524 0.256517 0.256500 0.256464 0.256384 0.256217 0.255881 0.255228 0.254012 0.251839 0.248120 0.242033 0.232521 0.218358 0.198304 0.171366 0.137118 0.096001 0.049491 0.000000 
50.000000 41.441249 33.283758 25.872421 19.452576 14.148874 9.968254 6.822479 4.561521 3.008358 1.987868 1.346075 0.959423 0.736096 0.612324 0.546447 0.512745 0.496159 0.488299 0.484711 0.483130 0.482458 0.482182 0.482073 0.482031 0.482015 0.482009 0.482007 0.482006 0.482003 0.481998 0.481986 0.481958 0.481894 0.481755 0.481462 0.480868 0.479712 0.477545 0.473652 0.466947 0.455898 0.438509 0.412426 0.375220 0.324876 0.260438 0.182635 0.094254 0.000000 
50.000000 41.508803 33.415693 26.062833 19.693625 14.431737 10.284058 7.163053 4.919884 3.378930 2.366455 1.729697 1.346075 1.124496 1.001692 0.936329 0.902889 0.886432 0.878634 0.875073 0.873505 0.872838 0.872564 0.872455 0.872414 0.872398 0.872392 0.872390 0.872388 0.872385 0.872376 0.872356 0.872310 0.872204 0.871972 0.871482 0.870484 0.868530 0.864849 0.858190 0.846641 0.827465 0.797036 0.750996 0.684733 0.594278 0.477534 0.335561 0.173419 0.000000 
50.000000 41.620912 33.634644 26.378836 20.093672 14.901191 10.808196 7.728316 5.514686 3.994010 2.994848 2.366455 1.987868 1.769194 1.647998 1.583491 1.550488 1.534246 1.526549 1.523034 1.521487 1.520829 1.520558 1.520451 1.520410 1.520394 1.520389 1.520386 1.520383 1.520378 1.520365 1.520334 1.520261 1.520094 1.519727 1.518949 1.517355 1.514216 1.508265 1.497424 1.478471 1.446723 1.395865 1.318122 1.205029 1.048969 0.845450 0.595673 0.308413 0.000000 
50.000000 41.799138 33.982727 26.881217 20.729679 15.647559 11.641525 8.627051 6.460408 4.971991 3.994010 3.378930 3.008358 2.794310 2.675675 2.612529 2.580223 2.564323 2.556788 2.553348 2.551832 2.551188 2.550923 2.550818 2.550778 2.550763 2.550757 2.550754 2.550751 2.550743 2.550724 2.550678 2.550569 2.550321 2.549771 2.548600 2.546189 2.541411 2.532289 2.515540 2.485995 2.436011 2.355050 2.229790 2.045208 1.787077 1.446002 1.022398 0.530680 0.000000 
50.000000 42.070347 34.512415 27.645714 21.697539 16.783388 12.909718 9.994813 7.899705 6.460408 5.514686 4.919884 4.561521 4.354521 4.239790 4.178720 4.147476 4.132098 4.124810 4.121482 4.120017 4.119393 4.119138 4.119036 4.118997 4.118982 4.118976 4.118973 4.118969 4.118958 4.118932 4.118867 4.118715 4.118365 4.117590 4.115927 4.112488 4.105623 4.092419 4.067963 4.024396 3.949852 3.827561 3.635643 3.348396 2.939981 2.391200 1.698842 0.884889 0.000000 
50.000000 42.465086 35.283371 28.758449 23.106295 18.436660 14.755692 11.985755 9.994813 8.627051 7.728316 7.163053 6.822479 6.625749 6.516708 6.458666 6.428969 6.414352 6.407425 6.404262 6.402868 6.402276 6.402033 6.401936 6.401899 6.401885 6.401879 6.401876 6.401870 6.401856 6.401822 6.401738 6.401538 6.401077 6.400049 6.397836 6.393228 6.383970 6.366016 6.332451 6.272001 6.167252 5.992878 5.714608 5.290192 4.674149 3.828213 2.738149 1.433566 0.000000 
50.000000 43.014227 36.355896 30.306460 25.066151 20.736726 17.323895 14.755692 12.909718 11.641525 10.808196 10.284058 9.968254 9.785828 9.684712 9.630886 9.603346 9.589790 9.583366 9.580432 9.579140 9.578590 9.578364 9.578275 9.578240 9.578227 9.578222 9.578218 9.578211 9.578195 9.578153 9.578050 9.577805 9.577238 9.575970 9.573223 9.567470 9.555828 9.533062 9.490073 9.411735 9.274075 9.041084 8.661947 8.070412 7.189309 5.944630 4.293545 2.265627 0.000000 
50.000000 43.743927 37.781077 32.363493 27.670486 23.793190 20.736726 18.436660 16.783388 15.647559 14.901191 14.431737 14.148874 13.985472 13.894898 13.846682 13.822012 13.809868 13.804113 13.801485 13.800327 13.799834 13.799632 13.799552 13.799521 13.799509 13.799504 13.799500 13.799493 13.799474 13.799427 13.799312 13.799034 13.798391 13.796945 13.793798 13.787168 13.773655 13.747004 13.696162 13.602352 13.434993 13.146468 12.666315 11.896595 10.712526 8.976473 6.578431 3.515956 0.000000 
50.000000 44.669558 39.588942 34.972894 30.974191 27.670486 25.066151 23.106295 21.697539 20.729679 20.093672 19.693625 19.452576 19.313325 19.236136 19.195044 19.174018 19.163668 19.158763 19.156523 19.155536 19.155116 19.154944 19.154875 19.154849 19.154839 19.154834 19.154830 19.154823 19.154804 19.154756 19.154637 19.154352 19.153687 19.152187 19.148907 19.141959 19.127700 19.099347 19.044704 18.942603 18.757558 18.432146 17.876842 16.957960 15.487096 13.222673 9.910433 5.415697 0.000000 
50.000000 45.789892 41.777092 38.131205 34.972894 32.363493 30.306460 28.758449 27.645714 26.881217 26.378836 26.062833 25.872421 25.762420 25.701442 25.668981 25.652370 25.644193 25.640317 25.638547 25.637768 25.637436 25.637300 25.637246 25.637225 25.637217 25.637213 25.637210 25.637203 25.637186 25.637142 25.637034 25.636773 25.636163 25.634783 25.631753 25.625302 25.611983 25.585299 25.533386 25.435215 25.254514 24.930236 24.361831 23.387020 21.750220 19.065602 14.805216 8.431103 0.000000 
50.000000 47.083170 44.303034 41.777092 39.588942 37.781077 36.355896 35.283371 34.512415 33.982727 33.634644 33.415693 33.283758 33.207538 33.165286 33.142792 33.131282 33.125616 33.122930 33.121703 33.121163 33.120933 33.120839 33.120801 33.120787 33.120781 33.120779 33.120776 33.120771 33.120758 33.120724 33.120641 33.120441 33.119971 33.118905 33.116556 33.111537 33.101123 33.080132 33.038972 32.960329 32.813573 32.545222 32.062351 31.202646 29.678509 26.971876 22.151517 13.676443 0.000000 
50.000000 48.506592 47.083170 45.789892 44.669558 43.743927 43.014227 42.465086 42.070347 41.799138 41.620912 41.508803 41.441249 41.402221 41.380587 41.369069 41.363175 41.360273 41.358898 41.358270 41.357993 41.357875 41.357827 41.357808 41.357800 41.357798 41.357796 41.357795 41.357792 41.357785 41.357767 41.357721 41.357612 41.357356 41.356773 41.355487 41.352731 41.346995 41.335385 41.312499 41.268459 41.185458 41.031520 40.748600 40.227971 39.253861 37.358789 33.406727 24.253296 0.000000 
50.000000 50.000000 50.000000 50.000000 50.000000 50.000000 50.000000 50.000000 50.000000 50.000000 50.000000 50.000000 50.000000 50.000000 50.000000 50.000000 50.000000 50.000000 50.000000 50.000000 50.000000 50.000000 50.000000 50.000000 50.000000 50.000000 50.000000 50.000000 50.000000 50.000000 50.000000 50.000000 50.000000 50.000000 50.000000 50.000000 50.000000 50.000000 50.000000 50.000000 50.000000 50.000000 50.000000 50.000000 50.000000 50.000000 50.000000 50.000000 50.000000 50.000000 
