50.000000 50.000000 50.000000 50.000000 50.000000 50.000000 50.000000 50.000000 50.000000 50.000000 50.000000 50.000000 50.000000 50.000000 50.000000 50.000000 50.000000 50.000000 50.000000 50.000000 50.000000 50.000000 50.000000 50.000000 50.000000 50.000000 50.000000 50.000000 50.000000 50.000000 50.000000 50.000000 50.000000 50.000000 50.000000 50.000000 50.000000 50.000000 50.000000 50.000000 50.000000 50.000000 50.000000 50.000000 50.000000 50.000000 50.000000 50.000000 50.000000 50.000000 
50.000000 44.593689 40.099229 36.971334 35.128213 34.196592 33.787396 33.629327 33.575043 33.558312 33.553645 33.552459 33.552182 33.552122 33.552110 33.552108 33.552108 33.552108 33.552108 33.552108 33.552108 33.552108 33.552108 33.552108 33.552108 33.552108 33.552108 33.552108 33.552108 33.552108 33.552108 33.552108 33.552108 33.552108 33.552108 33.552108 33.552107 33.552103 33.552084 33.551991 33.551562 33.549736 33.542505 33.515920 33.425045 33.134725 32.258120 29.704749 22.296844 0.000000 
50.000000 40.099229 31.868849 26.141593 22.767310 21.062069 20.313236 20.024034 19.924743 19.894148 19.885616 19.883448 19.882942 19.882833 19.882811 19.882807 19.882806 19.882806 19.882806 19.882806 19.882806 19.882806 19.882806 19.882806 19.882806 19.882806 19.882806 19.882806 19.882806 19.882806 19.882806 19.882806 19.882806 19.882806 19.882806 19.882806 19.882805 19.882800 19.882773 19.882642 19.882046 19.879533 19.869743 19.834574 19.718421 19.366619 18.391929 15.934424 10.394480 0.000000 
50.000000 36.971334 26.141593 18.606600 14.168141 11.925643 10.941149 10.561049 10.430591 10.390407 10.379205 10.376358 10.375695 10.375552 10.375523 10.375518 10.375517 10.375517 10.375517 10.375517 10.375517 10.375517 10.375517 10.375517 10.375517 10.375517 10.375517 10.375517 10.375517 10.375517 10.375517 10.375517 10.375517 10.375517 10.375517 10.375517 10.375516 10.375512 10.375488 10.375376 10.374868 10.372757 10.364669 10.336285 10.245541 9.983136 9.303300 7.749664 4.713214 0.000000 
50.000000 35.128213 22.767310 14.168141 9.103776 6.545624 5.422843 4.989475 4.840779 4.794991 4.782232 4.778991 4.778235 4.778073 4.778040 4.778034 4.778033 4.778033 4.778033 4.778033 4.778033 4.778033 4.778033 4.778033 4.778033 4.778033 4.778033 4.778033 4.778033 4.778033 4.778033 4.778033 4.778033 4.778033 4.778033 4.778033 4.778032 4.778029 4.778014 4.777942 4.777620 4.776297 4.771304 4.754135 4.700731 4.551888 4.185005 3.400691 1.993488 0.000000 
50.000000 34.196592 21.062069 11.925643 6.545624 3.828492 2.636166 2.176052 2.018215 1.969624 1.956087 1.952649 1.951848 1.951676 1.951641 1.951635 1.951634 1.951634 1.951634 1.951634 1.951634 1.951634 1.951634 1.951634 1.951634 1.951634 1.951634 1.951634 1.951634 1.951634 1.951634 1.951634 1.951634 1.951634 1.951634 1.951634 1.951633 1.951632 1.951624 1.951587 1.951423 1.950754 1.948265 1.939850 1.914246 1.844893 1.680102 1.343649 0.771547 0.000000 
50.000000 33.787396 20.313236 10.941149 5.422843 2.636166 1.413469 0.941697 0.779884 0.730076 0.716202 0.712679 0.711858 0.711681 0.711646 0.711640 0.711639 0.711638 0.711638 0.711638 0.711638 0.711638 0.711638 0.711638 0.711638 0.711638 0.711638 0.711638 0.711638 0.711638 0.711638 0.711638 0.711638 0.711638 0.711638 0.711638 0.711638 0.711638 0.711634 0.711618 0.711548 0.711264 0.710219 0.706734 0.696316 0.668708 0.604864 0.478662 0.271476 0.000000 
50.000000 33.629327 20.024034 10.561049 4.989475 2.176052 0.941697 0.465459 0.302126 0.251854 0.237852 0.234296 0.233468 0.233290 0.233255 0.233248 0.233247 0.233247 0.233247 0.233247 0.233247 0.233247 0.233247 0.233247 0.233247 0.233247 0.233247 0.233247 0.233247 0.233247 0.233247 0.233247 0.233247 0.233247 0.233247 0.233247 0.233247 0.233246 0.233245 0.233239 0.233213 0.233109 0.232730 0.231478 0.227787 0.218171 0.196379 0.154291 0.086822 0.000000 
50.000000 33.575043 19.924743 10.430591 4.840779 2.018215 0.779884 0.302126 0.138277 0.087847 0.073802 0.070236 0.069405 0.069226 0.069191 0.069184 0.069183 0.069183 0.069183 0.069183 0.069183 0.069183 0.069183 0.069183 0.069183 0.069183 0.069183 0.069183 0.069183 0.069183 0.069183 0.069183 0.069183 0.069183 0.069183 0.069183 0.069183 0.069183 0.069182 0.069180 0.069172 0.069138 0.069017 0.068620 0.067461 0.064482 0.057834 0.045209 0.025307 0.000000 
50.000000 33.558312 19.894148 10.390407 4.794991 1.969624 0.730076 0.251854 0.087847 0.037370 0.023312 0.019742 0.018911 0.018732 0.018696 0.018690 0.018689 0.018688 0.018688 0.018688 0.018688 0.018688 0.018688 0.018688 0.018688 0.018688 0.018688 0.018688 0.018688 0.018688 0.018688 0.018688 0.018688 0.018688 0.018688 0.018688 0.018688 0.018688 0.018688 0.018688 0.018685 0.018676 0.018641 0.018528 0.018202 0.017371 0.015539 0.012102 0.006750 0.000000 
50.000000 33.553645 19.885616 10.379205 4.782232 1.956087 0.716202 0.237852 0.073802 0.023312 0.009249 0.005679 0.004847 0.004668 0.004633 0.004626 0.004625 0.004625 0.004625 0.004625 0.004625 0.004625 0.004625 0.004625 0.004625 0.004625 0.004625 0.004625 0.004625 0.004625 0.004625 0.004625 0.004625 0.004625 0.004625 0.004625 0.004625 0.004625 0.004625 0.004625 0.004624 0.004621 0.004612 0.004583 0.004500 0.004290 0.003829 0.002975 0.001655 0.000000 
50.000000 33.552459 19.883448 10.376358 4.778991 1.952649 0.712679 0.234296 0.070236 0.019742 0.005679 0.002108 0.001276 0.001098 0.001062 0.001055 0.001054 0.001054 0.001054 0.001054 0.001054 0.001054 0.001054 0.001054 0.001054 0.001054 0.001054 0.001054 0.001054 0.001054 0.001054 0.001054 0.001054 0.001054 0.001054 0.001054 0.001054 0.001054 0.001054 0.001054 0.001054 0.001053 0.001051 0.001044 0.001025 0.000976 0.000870 0.000674 0.000374 0.000000 
50.000000 33.552182 19.882942 10.375695 4.778235 1.951848 0.711858 0.233468 0.069405 0.018911 0.004847 0.001276 0.000445 0.000266 0.000230 0.000224 0.000223 0.000222 0.000222 0.000222 0.000222 0.000222 0.000222 0.000222 0.000222 0.000222 0.000222 0.000222 0.000222 0.000222 0.000222 0.000222 0.000222 0.000222 0.000222 0.000222 0.000222 0.000222 0.000222 0.000222 0.000222 0.000222 0.000222 0.000220 0.000216 0.000206 0.000183 0.000142 0.000079 0.000000 
50.000000 33.552122 19.882833 10.375552 4.778073 1.951676 0.711681 0.233290 0.069226 0.018732 0.004668 0.001098 0.000266 0.000087 0.000052 0.000045 0.000044 0.000044 0.000044 0.000044 0.000044 0.000044 0.000044 0.000044 0.000044 0.000044 0.000044 0.000044 0.000044 0.000044 0.000044 0.000044 0.000044 0.000044 0.000044 0.000044 0.000044 0.000044 0.000044 0.000044 0.000044 0.000044 0.000043 0.000043 0.000042 0.000040 0.000036 0.000028 0.000015 0.000000 
50.000000 33.552110 19.882811 10.375523 4.778040 1.951641 0.711646 0.233255 0.069191 0.018696 0.004633 0.001062 0.000230 0.000052 0.000016 0.000009 0.000008 0.000008 0.000008 0.000008 0.000008 0.000008 0.000008 0.000008 0.000008 0.000008 0.000008 0.000008 0.000008 0.000008 0.000008 0.000008 0.000008 0.000008 0.000008 0.000008 0.000008 0.000008 0.000008 0.000008 0.000008 0.000008 0.000008 0.000008 0.000008 0.000007 0.000007 0.000005 0.000003 0.000000 
50.000000 33.552108 19.882807 10.375518 4.778034 1.951635 0.711640 0.233248 0.069184 0.018690 0.004626 0.001055 0.000224 0.000045 0.000009 0.000003 0.000002 0.000001 0.000001 0.000001 0.000001 0.000001 0.000001 0.000001 0.000001 0.000001 0.000001 0.000001 0.000001 0.000001 0.000001 0.000001 0.000001 0.000001 0.000001 0.000001 0.000001 0.000001 0.000001 0.000001 0.000001 0.000001 0.000001 0.000001 0.000001 0.000001 0.000001 0.000001 0.000000 0.000000 
50.000000 33.552108 19.882806 10.375517 4.778033 1.951634 0.711639 0.233247 0.069183 0.018689 0.004625 0.001054 0.000223 0.000044 0.000008 0.000002 0.000000 0.000000 0.000000 0.000000 0.000000 0.000000 0.000000 0.000000 0.000000 0.000000 0.000000 0.000000 0.000000 0.000000 0.000000 0.000000 0.000000 0.000000 0.000000 0.000000 0.000000 0.000000 0.000000 0.000000 0.000000 0.000000 0.000000 0.000000 0.000000 0.000000 0.000000 0.000000 0.000000 0.000000 
50.000000 33.552108 19.882806 10.375517 4.778033 1.951634 0.711638 0.233247 0.069183 0.018688 0.004625 0.001054 0.000222 0.000044 0.000008 0.000001 0.000000 0.000000 0.000000 0.000000 0.000000 0.000000 0.000000 0.000000 0.000000 0.000000 0.000000 0.000000 0.000000 0.000000 0.000000 0.000000 0.000000 0.000000 0.000000 0.000000 0.000000 0.000000 0.000000 0.000000 0.000000 0.000000 0.000000 0.000000 0.000000 0.000000 0.000000 0.000000 0.000000 0.000000 
50.000000 33.552108 19.882806 10.375517 4.778033 1.951634 0.711638 0.233247 0.069183 0.018688 0.004625 0.001054 0.000222 0.000044 0.000008 0.000001 0.000000 0.000000 0.000000 0.000000 0.000000 0.000000 0.000000 0.000000 0.000000 0.000000 0.000000 0.000000 0.000000 0.000000 0.000000 0.000000 0.000000 0.000000 0.000000 0.000000 0.000000 0.000000 0.000000 0.000000 0.000000 0.000000 0.000000 0.000000 0.000000 0.000000 0.000000 0.000000 0.000000 0.000000 
50.000000 33.552108 19.882806 10.375517 4.778033 1.951634 0.711638 0.233247 0.069183 0.018688 0.004625 0.001054 0.000222 0.000044 0.000008 0.000001 0.000000 0.000000 0.000000 0.000000 0.000000 0.000000 0.000000 0.000000 0.000000 0.000000 0.000000 0.000000 0.000000 0.000000 0.000000 0.000000 0.000000 0.000000 0.000000 0.000000 0.000000 0.000000 0.000000 0.000000 0.000000 0.000000 0.000000 0.000000 0.000000 0.000000 0.000000 0.000000 0.000000 0.000000 
50.000000 33.552108 19.882806 10.375517 4.778033 1.951634 0.711638 0.233247 0.069183 0.018688 0.004625 0.001054 0.000222 0.000044 0.000008 0.000001 0.000000 0.000000 0.000000 0.000000 0.000000 0.000000 0.000000 0.000000 0.000000 0.000000 0.000000 0.000000 0.000000 0.000000 0.000000 0.000000 0.000000 0.000000 0.000000 0.000000 0.000000 0.000000 0.000000 0.000000 0.000000 0.000000 0.000000 0.000000 0.000000 0.000000 0.000000 0.000000 0.000000 0.000000 
50.000000 33.552108 19.882806 10.375517 4.778033 1.951634 0.711638 0.233247 0.069183 0.018688 0.004625 0.001054 0.000222 0.000044 0.000008 0.000001 0.000000 0.000000 0.000000 0.000000 0.000000 0.000000 0.000000 0.000000 0.000000 0.000000 0.000000 0.000000 0.000000 0.000000 0.000000 0.000000 0.000000 0.000000 0.000000 0.000000 0.000000 0.000000 0.000000 0.000000 0.000000 0.000000 0.000000 0.000000 0.000000 0.000000 0.000000 0.000000 0.000000 0.000000 
50.000000 33.552108 19.882806 10.375517 4.778033 1.951634 0.711638 0.233247 0.069183 0.018688 0.004625 0.001054 0.000222 0.000044 0.000008 0.000001 0.000000 0.000000 0.000000 0.000000 0.000000 0.000000 0.000000 0.000000 0.000000 0.000000 0.000000 0.000000 0.000000 0.000000 0.000000 0.000000 0.000000 0.000000 0.000000 0.000000 0.000000 0.000000 0.000000 0.000000 0.000000 0.000000 0.000000 0.000000 0.000000 0.000000 0.000000 0.000000 0.000000 0.000000 
50.000000 33.552108 19.882806 10.375517 4.778033 1.951634 0.711638 0.233247 0.069183 0.018688 0.004625 0.001054 0.000222 0.000044 0.000008 0.000001 0.000000 0.000000 0.000000 0.000000 0.000000 0.000000 0.000000 0.000000 0.000000 0.000000 0.000000 0.000000 0.000000 0.000000 0.000000 0.000000 0.000000 0.000000 0.000000 0.000000 0.000000 0.000000 0.000000 0.000000 0.000000 0.000000 0.000000 0.000000 0.000000 0.000000 0.000000 0.000000 0.000000 0.000000 
50.000000 33.552108 19.882806 10.375517 4.778033 1.951634 0.711638 0.233247 0.069183 0.018688 0.004625 0.001054 0.000222 0.000044 0.000008 0.000001 0.000000 0.000000 0.000000 0.000000 0.000000 0.000000 0.000000 0.000000 0.000000 0.000000 0.000000 0.000000 0.000000 0.000000 0.000000 0.000000 0.000000 0.000000 0.000000 0.000000 0.000000 0.000000 0.000000 0.000000 0.000000 0.000000 0.000000 0.000000 0.000000 0.000000 0.000000 0.000000 0.000000 0.000000 
50.000000 33.552108 19.882806 10.375517 4.778033 1.951634 0.711638 0.233247 0.069183 0.018688 0.004625 0.001054 0.000222 0.000044 0.000008 0.000001 0.000000 0.000000 0.000000 0.000000 0.000000 0.000000 0.000000 0.000000 0.000000 0.000000 0.000000 0.000000 0.000000 0.000000 0.000000 0.000000 0.000000 0.000000 0.000000 0.000000 0.000000 0.000000 0.000000 0.000000 0.000000 0.000000 0.000000 0.000000 0.000000 0.000000 0.000000 0.000000 0.000000 0.000000 
50.000000 33.552108 19.882806 10.375517 4.778033 1.951634 0.711638 0.233247 0.069183 0.018688 0.004625 0.001054 0.000222 0.000044 0.000008 0.000001 0.000000 0.000000 0.000000 0.000000 0.000000 0.000000 0.000000 0.000000 0.000000 0.000000 0.000000 0.000000 0.000000 0.000000 0.000000 0.000000 0.000000 0.000000 0.000000 0.000000 0.000000 0.000000 0.000000 0.000000 0.000000 0.000000 0.000000 0.000000 0.000000 0.000000 0.000000 0.000000 0.000000 0.000000 
50.000000 33.552108 19.882806 10.375517 4.778033 1.951634 0.711638 0.233247 0.069183 0.018688 0.004625 0.001054 0.000222 0.000044 0.000008 0.000001 0.000000 0.000000 0.000000 0.000000 0.000000 0.000000 0.000000 0.000000 0.000000 0.000000 0.000000 0.000000 0.000000 0.000000 0.000000 0.000000 0.000000 0.000000 0.000000 0.000000 0.000000 0.000000 0.000000 0.000000 0.000000 0.000000 0.000000 0.000000 0.000000 0.000000 0.000000 0.000000 0.000000 0.000000 
50.000000 33.552108 19.882806 10.375517 4.778033 1.951634 0.711638 0.233247 0.069183 0.018688 0.004625 0.001054 0.000222 0.000044 0.000008 0.000001 0.000000 0.000000 0.000000 0.000000 0.000000 0.000000 0.000000 0.000000 0.000000 0.000000 0.000000 0.000000 0.000000 0.000000 0.000000 0.000000 0.000000 0.000000 0.000000 0.000000 0.000000 0.000000 0.000000 0.000000 0.000000 0.000000 0.000000 0.000000 0.000000 0.000000 0.000000 0.000000 0.000000 0.000000 
50.000000 33.552108 19.882806 10.375517 4.778033 1.951634 0.711638 0.233247 0.069183 0.018688 0.004625 0.001054 0.000222 0.000044 0.000008 0.000001 0.000000 0.000000 0.000000 0.000000 0.000000 0.000000 0.000000 0.000000 0.000000 0.000000 0.000000 0.000000 0.000000 0.000000 0.000000 0.000000 0.000000 0.000000 0.000000 0.000000 0.000000 0.000000 0.000000 0.000000 0.000000 0.000000 0.000000 0.000000 0.000000 0.000000 0.000000 0.000000 0.000000 0.000000 
50.000000 33.552108 19.882806 10.375517 4.778033 1.951634 0.711638 0.233247 0.069183 0.018688 0.004625 0.001054 0.000222 0.000044 0.000008 0.000001 0.000000 0.000000 0.000000 0.000000 0.000000 0.000000 0.000000 0.000000 0.000000 0.000000 0.000000 0.000000 0.000000 0.000000 0.000000 0.000000 0.000000 0.000000 0.000000 0.000000 0.000000 0.000000 0.000000 0.000000 0.000000 0.000000 0.000000 0.000000 0.000000 0.000000 0.000000 0.000000 0.000000 0.000000 
50.000000 33.552108 19.882806 10.375517 4.778033 1.951634 0.711638 0.233247 0.069183 0.018688 0.004625 0.001054 0.000222 0.000044 0.000008 0.000001 0.000000 0.000000 0.000000 0.000000 0.000000 0.000000 0.000000 0.000000 0.000000 0.000000 0.000000 0.000000 0.000000 0.000000 0.000000 0.000000 0.000000 0.000000 0.000000 0.000000 0.000000 0.000000 0.000000 0.000000 0.000000 0.000000 0.000000 0.000000 0.000000 0.000000 0.000000 0.000000 0.000000 0.000000 
50.000000 33.552108 19.882806 10.375517 4.778033 1.951634 0.711638 0.233247 0.069183 0.018688 0.004625 0.001054 0.000222 0.000044 0.000008 0.000001 0.000000 0.000000 0.000000 0.000000 0.000000 0.000000 0.000000 0.000000 0.000000 0.000000 0.000000 0.000000 0.000000 0.000000 0.000000 0.000000 0.000000 0.000000 0.000000 0.000000 0.000000 0.000000 0.000000 0.000000 0.000000 0.000000 0.000000 0.000000 0.000000 0.000000 0.000000 0.000000 0.000000 0.000000 
50.000000 33.552108 19.882806 10.375517 4.778033 1.951634 0.711639 0.233247 0.069183 0.018689 0.004625 0.001054 0.000223 0.000044 0.000008 0.000002 0.000000 0.000000 0.000000 0.000000 0.000000 0.000000 0.000000 0.000000 0.000000 0.000000 0.000000 0.000000 0.000000 0.000000 0.000000 0.000000 0.000000 0.000000 0.000000 0.000000 0.000000 0.000000 0.000000 0.000000 0.000000 0.000000 0.000000 0.000000 0.000000 0.000000 0.000000 0.000000 0.000000 0.000000 
50.000000 33.552108 19.882807 10.375518 4.778034 1.951635 0.711640 0.233248 0.069184 0.018690 0.004626 0.001055 0.000224 0.000045 0.000009 0.000003 0.000002 0.000001 0.000001 0.000001 0.000001 0.000001 0.000001 0.000001 0.000001 0.000001 0.000001 0.000001 0.000001 0.000001 0.000001 0.000001 0.000001 0.000001 0.000001 0.000001 0.000001 0.000001 0.000001 0.000001 0.000001 0.000001 0.000001 0.000001 0.000001 0.000001 0.000001 0.000001 0.000000 0.000000 
50.000000 33.552110 19.882811 10.375523 4.778040 1.951641 0.711646 0.233255 0.069191 0.018696 0.004633 0.001062 0.000230 0.000052 0.000016 0.000009 0.000008 0.000008 0.000008 0.000008 0.000008 0.000008 0.000008 0.000008 0.000008 0.000008 0.000008 0.000008 0.000008 0.000008 0.000008 0.000008 0.000008 0.000008 0.000008 0.000008 0.000008 0.000008 0.000008 0.000008 0.000008 0.000008 0.000008 0.000008 0.000008 0.000007 0.000007 0.000005 0.000003 0.000000 
50.000000 33.552122 19.882833 10.375552 4.778073 1.951676 0.711681 0.233290 0.069226 0.018732 0.004668 0.001098 0.000266 0.000087 0.000052 0.000045 0.000044 0.000044 0.000044 0.000044 0.000044 0.000044 0.000044 0.000044 0.000044 0.000044 0.000044 0.000044 0.000044 0.000044 0.000044 0.000044 0.000044 0.000044 0.000044 0.000044 0.000044 0.000044 0.000044 0.000044 0.000044 0.000044 0.000043 0.000043 0.000042 0.000040 0.000036 0.000028 0.000015 0.000000 
50.000000 33.552182 19.882942 10.375695 4.778235 1.951848 0.711858 0.233468 0.069405 0.018911 0.004847 0.001276 0.000445 0.000266 0.000230 0.000224 0.000223 0.000222 0.000222 0.000222 0.000222 0.000222 0.000222 0.000222 0.000222 0.000222 0.000222 0.000222 0.000222 0.000222 0.000222 0.000222 0.000222 0.000222 0.000222 0.000222 0.000222 0.000222 0.000222 0.000222 0.000222 0.000222 0.000222 0.000220 0.000216 0.000206 0.000183 0.000142 0.000079 0.000000 
50.000000 33.552459 19.883448 10.376358 4.778991 1.952649 0.712679 0.234296 0.070236 0.019742 0.005679 0.002108 0.001276 0.001098 0.001062 0.001055 0.001054 0.001054 0.001054 0.001054 0.001054 0.001054 0.001054 0.001054 0.001054 0.001054 0.001054 0.001054 0.001054 0.001054 0.001054 0.001054 0.001054 0.001054 0.001054 0.001054 0.001054 0.001054 0.001054 0.001054 0.001054 0.001053 0.001051 0.001044 0.001025 0.000976 0.000870 0.000674 0.000374 0.000000 
50.000000 33.553645 19.885616 10.379205 4.782232 1.956087 0.716202 0.237852 0.073802 0.023312 0.009249 0.005679 0.004847 0.004668 0.004633 0.004626 0.004625 0.004625 0.004625 0.004625 0.004625 0.004625 0.004625 0.004625 0.004625 0.004625 0.004625 0.004625 0.004625 0.004625 0.004625 0.004625 0.004625 0.004625 0.004625 0.004625 0.004625 0.004625 0.004625 0.004625 0.004624 0.004621 0.004612 0.004583 0.004500 0.004290 0.003829 0.002975 0.001655 0.000000 
50.000000 33.558312 19.894148 10.390407 4.794991 1.969624 0.730076 0.251854 0.087847 0.037370 0.023312 0.019742 0.018911 0.018732 0.018696 0.018690 0.018689 0.018688 0.018688 0.018688 0.018688 0.018688 0.018688 0.018688 0.018688 0.018688 0.018688 0.018688 0.018688 0.018688 0.018688 0.018688 0.018688 0.018688 0.018688 0.018688 0.018688 0.018688 0.018688 0.018688 0.018685 0.018676 0.018641 0.018528 0.018202 0.017371 0.015539 0.012102 0.006750 0.000000 
50.000000 33.575043 19.924743 10.430591 4.840779 2.018215 0.779884 0.302126 0.138277 0.087847 0.073802 0.070236 0.069405 0.069226 0.069191 0.069184 0.069183 0.069183 0.069183 0.069183 0.069183 0.069183 0.069183 0.069183 0.069183 0.069183 0.069183 0.069183 0.069183 0.069183 0.069183 0.069183 0.069183 0.069183 0.069183 0.069183 0.069183 0.069183 0.069182 0.069180 0.069172 0.069138 0.069017 0.068620 0.067461 0.064482 0.057834 0.045209 0.025307 0.000000 
50.000000 33.629327 20.024034 10.561049 4.989475 2.176052 0.941697 0.465459 0.302126 0.251854 0.237852 0.234296 0.233468 0.233290 0.233255 0.233248 0.233247 0.233247 0.233247 0.233247 0.233247 0.233247 0.233247 0.233247 0.233247 0.233247 0.233247 0.233247 0.233247 0.233247 0.233247 0.233247 0.233247 0.233247 0.233247 0.233247 0.233247 0.233246 0.233245 0.233239 0.233213 0.233109 0.232730 0.231478 0.227787 0.218171 0.196379 0.154291 0.086822 0.000000 
50.000000 33.787396 20.313236 10.941149 5.422843 2.636166 1.413469 0.941697 0.779884 0.730076 0.716202 0.712679 0.711858 0.711681 0.711646 0.711640 0.711639 0.711638 0.711638 0.711638 0.711638 0.711638 0.711638 0.711638 0.711638 0.711638 0.711638 0.711638 0.711638 0.711638 0.711638 0.711638 0.711638 0.711638 0.711638 0.711638 0.711638 0.711638 0.711634 0.711618 0.711548 0.711264 0.710219 0.706734 0.696316 0.668708 0.604864 0.478662 0.271476 0.000000 
50.000000 34.196592 21.062069 11.925643 6.545624 3.828492 2.636166 2.176052 2.018215 1.969624 1.956087 1.952649 1.951848 1.951676 1.951641 1.951635 1.951634 1.951634 1.951634 1.951634 1.951634 1.951634 1.951634 1.951634 1.951634 1.951634 1.951634 1.951634 1.951634 1.951634 1.951634 1.951634 1.951634 1.951634 1.951634 1.951634 1.951633 1.951632 1.951624 1.951587 1.951423 1.950754 1.948265 1.939850 1.914246 1.844893 1.680102 1.343649 0.771547 0.000000 
50.000000 35.128213 22.767310 14.168141 9.103776 6.545624 5.422843 4.989475 4.840779 4.794991 4.782232 4.778991 4.778235 4.778073 4.778040 4.778034 4.778033 4.778033 4.778033 4.778033 4.778033 4.778033 4.778033 4.778033 4.778033 4.778033 4.778033 4.778033 4.778033 4.778033 4.778033 4.778033 4.778033 4.778033 4.778033 4.778033 4.778032 4.778029 4.778014 4.777942 4.777620 4.776297 4.771304 4.754135 4.700731 4.551888 4.185005 3.400691 1.993488 0.000000 
50.000000 36.971334 26.141593 18.606600 14.168141 11.925643 10.941149 10.561049 10.430591 10.390407 10.379205 10.376358 10.375695 10.375552 10.375523 10.375518 10.375517 10.375517 10.375517 10.375517 10.375517 10.375517 10.375517 10.375517 10.375517 10.375517 10.375517 10.375517 10.375517 10.375517 10.375517 10.375517 10.375517 10.375517 10.375517 10.375517 10.375516 10.375512 10.375488 10.375376 10.374868 10.372757 10.364669 10.336285 10.245541 9.983136 9.303300 7.749664 4.713214 0.000000 
50.000000 40.099229 31.868849 26.141593 22.767310 21.062069 20.313236 20.024034 19.924743 19.894148 19.885616 19.883448 19.882942 19.882833 19.882811 19.882807 19.882806 19.882806 19.882806 19.882806 19.882806 19.882806 19.882806 19.882806 19.882806 19.882806 19.882806 19.882806 19.882806 19.882806 19.882806 19.882806 19.882806 19.882806 19.882806 19.882806 19.882805 19.882800 19.882773 19.882642 19.882046 19.879533 19.869743 19.834574 19.718421 19.366619 18.391929 15.934424 10.394480 0.000000 
50.000000 44.593689 40.099229 36.971334 35.128213 34.196592 33.787396 33.629327 33.575043 33.558312 33.553645 33.552459 33.552182 33.552122 33.552110 33.552108 33.552108 33.552108 33.552108 33.552108 33.552108 33.552108 33.552108 33.552108 33.552108 33.552108 33.552108 33.552108 33.552108 33.552108 33.552108 33.552108 33.552108 33.552108 33.552108 33.552108 33.552107 33.552103 33.552084 33.551991 33.551562 33.549736 33.542505 33.515920 33.425045 33.134725 32.258120 29.704749 22.296844 0.000000 
50.000000 50.000000 50.000000 50.000000 50.000000 50.000000 50.000000 50.000000 50.000000 50.000000 50.000000 50.000000 50.000000 50.000000 50.000000 50.000000 50.000000 50.000000 50.000000 50.000000 50.000000 50.000000 50.000000 50.000000 50.000000 50.000000 50.000000 50.000000 50.000000 50.000000 50.000000 50.000000 50.000000 50.000000 50.000000 50.000000 50.000000 50.000000 50.000000 50.000000 50.000000 50.000000 50.000000 50.000000 50.000000 50.000000 50.000000 50.000000 50.000000 50.000000 
