50.000000 50.000000 50.000000 50.000000 50.000000 50.000000 50.000000 50.000000 50.000000 50.000000 50.000000 50.000000 50.000000 50.000000 50.000000 50.000000 50.000000 50.000000 50.000000 50.000000 50.000000 50.000000 50.000000 50.000000 50.000000 50.000000 50.000000 50.000000 50.000000 50.000000 50.000000 50.000000 50.000000 50.000000 50.000000 50.000000 50.000000 50.000000 50.000000 50.000000 50.000000 50.000000 50.000000 50.000000 50.000000 50.000000 50.000000 50.000000 50.000000 50.000000 
50.000000 48.909641 47.856602 46.874375 45.989447 45.219279 44.571668 44.045434 43.632118 43.318258 43.087758 42.923991 42.811387 42.736431 42.688108 42.657923 42.639648 42.628918 42.622807 42.619429 42.617615 42.616670 42.616190 42.615954 42.615839 42.615784 42.615753 42.615727 42.615689 42.615614 42.615460 42.615146 42.614516 42.613283 42.610919 42.606489 42.598363 42.583754 42.557980 42.513262 42.436767 42.307265 42.089166 41.721056 41.091656 39.984076 37.931691 33.801608 24.454821 0.000000 
50.000000 47.856602 45.786568 43.855735 42.116172 40.602203 39.329156 38.294708 37.482233 36.865264 36.412161 36.090239 35.868893 35.721551 35.626561 35.567228 35.531304 35.510214 35.498201 35.491561 35.487996 35.486137 35.485195 35.484730 35.484505 35.484396 35.484336 35.484286 35.484214 35.484073 35.483784 35.483195 35.482014 35.479704 35.475285 35.467021 35.451897 35.424793 35.377161 35.294949 35.155289 34.921122 34.532182 33.889221 32.825136 31.050236 28.048065 22.893284 14.054994 0.000000 
50.000000 46.874375 43.855735 41.040090 38.503369 36.295628 34.439216 32.930746 31.745970 30.846292 30.185571 29.716143 29.393377 29.178525 29.040014 28.953496 28.901115 28.870362 28.852846 28.843163 28.837966 28.835256 28.833882 28.833204 28.832877 28.832718 28.832632 28.832562 28.832463 28.832272 28.831882 28.831085 28.829494 28.826387 28.820461 28.809411 28.789267 28.753338 28.690577 28.583090 28.402340 28.103375 27.615984 26.831083 25.579934 23.604137 20.520045 15.807670 8.942684 0.000000 
50.000000 45.989447 42.116172 38.503369 35.248468 32.415695 30.033726 28.098213 26.578040 25.423681 24.575929 23.973625 23.559500 23.283838 23.106125 22.995122 22.927917 22.888462 22.865990 22.853567 22.846900 22.843423 22.841661 22.840791 22.840371 22.840168 22.840060 22.839976 22.839859 22.839638 22.839187 22.838269 22.836442 22.832883 22.826117 22.813552 22.790761 22.750353 22.680297 22.561442 22.363968 22.042387 21.528726 20.723641 19.486022 17.624234 14.899232 11.065936 6.005371 0.000000 
50.000000 45.219279 40.602203 36.295628 32.415695 29.038964 26.199617 23.892467 22.080420 20.704434 19.693930 18.976003 18.482384 18.153810 17.941989 17.809684 17.729582 17.682556 17.655773 17.640968 17.633021 17.628877 17.626777 17.625741 17.625241 17.625001 17.624875 17.624781 17.624657 17.624425 17.623956 17.623005 17.621115 17.617449 17.610506 17.597675 17.574530 17.533777 17.463710 17.346057 17.153065 16.843788 16.359679 15.620115 14.519482 12.929672 10.715694 7.777066 4.127623 0.000000 
50.000000 44.571668 39.329156 34.439216 30.033726 26.199617 22.975700 20.356079 18.298632 16.736313 15.588982 14.773852 14.213407 13.840356 13.599865 13.449655 13.358714 13.305326 13.274919 13.258111 13.249090 13.244386 13.242002 13.240826 13.240259 13.239988 13.239848 13.239750 13.239627 13.239403 13.238952 13.238042 13.236241 13.232759 13.226194 13.214123 13.192482 13.154654 13.090183 12.983061 12.809576 12.535851 12.115446 11.487850 10.579502 9.310085 7.608133 5.439935 2.850612 0.000000 
50.000000 44.045434 38.294708 32.930746 28.098213 23.892467 20.356079 17.482578 15.225751 13.512051 12.253560 11.359467 10.744738 10.335559 10.071782 9.907029 9.807286 9.748730 9.715382 9.696948 9.687054 9.681896 9.679281 9.677992 9.677371 9.677075 9.676926 9.676827 9.676712 9.676508 9.676103 9.675289 9.673683 9.670592 9.664790 9.654180 9.635279 9.602482 9.547073 9.455953 9.310183 9.083504 8.741289 8.240633 7.532788 6.569487 5.314762 3.762526 1.956268 0.000000 
50.000000 43.632118 37.482233 31.745970 26.578040 22.080420 18.298632 15.225751 12.812354 10.979778 9.634003 8.677910 8.020561 7.583019 7.300961 7.124793 7.018141 6.955530 6.919872 6.900163 6.889584 6.884069 6.881274 6.879896 6.879233 6.878918 6.878763 6.878666 6.878562 6.878387 6.878044 6.877356 6.876006 6.873418 6.868584 6.859792 6.844227 6.817416 6.772501 6.699362 6.583688 6.406177 6.142247 5.762781 5.236633 4.535654 3.642595 2.561111 1.324854 0.000000 
50.000000 43.318258 36.865264 30.846292 25.423681 20.704434 16.736313 13.512051 10.979778 9.056954 7.644917 6.641758 5.952058 5.492989 5.197057 5.012226 4.900331 4.834644 4.797234 4.776557 4.765459 4.759673 4.756741 4.755296 4.754601 4.754273 4.754113 4.754020 4.753930 4.753786 4.753509 4.752959 4.751882 4.749826 4.746005 4.739093 4.726931 4.706128 4.671557 4.615777 4.528477 4.396091 4.201868 3.926738 3.551368 3.059713 2.443952 1.709975 0.881491 0.000000 
50.000000 43.087758 36.412161 30.185571 24.575929 19.693930 15.588982 12.253560 9.634003 7.644917 6.184232 5.146522 4.433074 3.958204 3.652089 3.460901 3.345159 3.277214 3.238520 3.217132 3.205654 3.199669 3.196637 3.195142 3.194425 3.194086 3.193925 3.193836 3.193759 3.193646 3.193433 3.193012 3.192194 3.190638 3.187760 3.182581 3.173521 3.158127 3.132737 3.092116 3.029139 2.934641 2.797607 2.605921 2.347873 2.014487 1.602481 1.117212 0.574495 0.000000 
50.000000 42.923991 36.090239 29.716143 23.973625 18.976003 14.773852 11.359467 8.677910 6.641758 5.146522 4.084275 3.353964 2.867873 2.554529 2.358828 2.240355 2.170808 2.131201 2.109310 2.097561 2.091436 2.088332 2.086803 2.086069 2.085724 2.085562 2.085477 2.085412 2.085325 2.085168 2.084861 2.084266 2.083141 2.081068 2.077356 2.070899 2.059996 2.042138 2.013785 1.970201 1.905409 1.812394 1.683669 1.512292 1.293329 1.025567 0.713079 0.366011 0.000000 
50.000000 42.811387 35.868893 29.393377 23.559500 18.482384 14.213407 10.744738 8.020561 5.952058 4.433074 3.353964 2.612063 2.118263 1.799952 1.601150 1.480802 1.410154 1.369921 1.347684 1.335750 1.329528 1.326376 1.324822 1.324077 1.323728 1.323565 1.323484 1.323429 1.323364 1.323252 1.323037 1.322623 1.321842 1.320411 1.317859 1.313444 1.306032 1.293967 1.274947 1.245930 1.203145 1.142255 1.058753 0.948607 0.809147 0.640039 0.444100 0.227633 0.000000 
50.000000 42.736431 35.721551 29.178525 23.283838 18.153810 13.840356 10.335559 7.583019 5.492989 3.958204 2.867873 2.118263 1.619335 1.297720 1.096856 0.975260 0.903881 0.863232 0.840765 0.828707 0.822421 0.819236 0.817667 0.816915 0.816562 0.816400 0.816321 0.816274 0.816226 0.816149 0.816004 0.815727 0.815207 0.814257 0.812571 0.809667 0.804819 0.796974 0.784683 0.766058 0.738792 0.700281 0.647874 0.579280 0.493077 0.389258 0.269654 0.138068 0.000000 
50.000000 42.688108 35.626561 29.040014 23.106125 17.941989 13.599865 10.071782 7.300961 5.197057 3.652089 2.554529 1.799952 1.297720 0.973978 0.771786 0.649387 0.577536 0.536619 0.514004 0.501867 0.495540 0.492334 0.490754 0.489997 0.489643 0.489481 0.489405 0.489363 0.489328 0.489276 0.489182 0.489003 0.488669 0.488062 0.486989 0.485150 0.482093 0.477174 0.469509 0.457964 0.441169 0.417602 0.385743 0.344314 0.292573 0.230603 0.159541 0.081619 0.000000 
50.000000 42.657923 35.567228 28.953496 22.995122 17.809684 13.449655 9.907029 7.124793 5.012226 3.460901 2.358828 1.601150 1.096856 0.771786 0.568765 0.445865 0.373721 0.332636 0.309929 0.297743 0.291390 0.288171 0.286585 0.285825 0.285470 0.285307 0.285233 0.285196 0.285168 0.285134 0.285075 0.284963 0.284757 0.284383 0.283724 0.282600 0.280740 0.277760 0.273141 0.266220 0.256209 0.242239 0.223461 0.199178 0.169006 0.133036 0.091943 0.047004 0.000000 
50.000000 42.639648 35.531305 28.901115 22.927917 17.729583 13.358714 9.807286 7.018141 4.900331 3.345159 2.240355 1.480802 0.975260 0.649387 0.445865 0.322662 0.250340 0.209155 0.186391 0.174175 0.167806 0.164580 0.162990 0.162228 0.161873 0.161710 0.161637 0.161602 0.161581 0.161558 0.161521 0.161455 0.161331 0.161108 0.160718 0.160054 0.158960 0.157214 0.154521 0.150505 0.144723 0.136694 0.125956 0.112133 0.095034 0.074728 0.051601 0.026365 0.000000 
50.000000 42.628918 35.510214 28.870362 22.888462 17.682557 13.305326 9.748731 6.955530 4.834644 3.277215 2.170808 1.410155 0.903882 0.577537 0.373721 0.250340 0.177914 0.136670 0.113874 0.101640 0.095262 0.092031 0.090439 0.089676 0.089320 0.089158 0.089086 0.089052 0.089034 0.089019 0.088997 0.088958 0.088886 0.088758 0.088534 0.088155 0.087532 0.086542 0.085021 0.082763 0.079525 0.075048 0.069085 0.061441 0.052020 0.040868 0.028200 0.014402 0.000000 
50.000000 42.622807 35.498202 28.852847 22.865990 17.655774 13.274920 9.715383 6.919874 4.797235 3.238521 2.131203 1.369923 0.863233 0.536620 0.332638 0.209156 0.136670 0.095392 0.072578 0.060334 0.053951 0.050717 0.049124 0.048361 0.048004 0.047842 0.047770 0.047738 0.047722 0.047711 0.047698 0.047676 0.047636 0.047565 0.047440 0.047230 0.046887 0.046343 0.045510 0.044278 0.042518 0.040095 0.036878 0.032770 0.027722 0.021762 0.015007 0.007662 0.000000 
50.000000 42.619429 35.491562 28.843165 22.853569 17.640970 13.258114 9.696951 6.900166 4.776560 3.217136 2.109313 1.347688 0.840768 0.514007 0.309932 0.186395 0.113877 0.072580 0.049755 0.037506 0.031120 0.027885 0.026291 0.025527 0.025171 0.025009 0.024937 0.024906 0.024891 0.024883 0.024875 0.024862 0.024840 0.024802 0.024735 0.024622 0.024439 0.024149 0.023706 0.023054 0.022125 0.020850 0.019164 0.017016 0.014384 0.011285 0.007778 0.003970 0.000000 
50.000000 42.617617 35.487999 28.837970 22.846905 17.633027 13.249096 9.687061 6.889592 4.765467 3.205662 2.097570 1.335759 0.828716 0.501876 0.297751 0.174184 0.101648 0.060341 0.037511 0.025259 0.018872 0.015636 0.014041 0.013278 0.012921 0.012759 0.012688 0.012656 0.012643 0.012636 0.012630 0.012624 0.012612 0.012592 0.012557 0.012498 0.012403 0.012253 0.012024 0.011689 0.011212 0.010560 0.009700 0.008607 0.007272 0.005702 0.003928 0.002004 0.000000 
50.000000 42.616673 35.486144 28.835266 22.843435 17.628892 13.244402 9.681913 6.884088 4.759693 3.199690 2.091457 1.329549 0.822443 0.495561 0.291411 0.167828 0.095283 0.053971 0.031138 0.018885 0.012497 0.009260 0.007666 0.006902 0.006545 0.006384 0.006312 0.006281 0.006268 0.006261 0.006258 0.006254 0.006248 0.006237 0.006220 0.006190 0.006142 0.006066 0.005951 0.005783 0.005545 0.005220 0.004792 0.004250 0.003588 0.002812 0.001937 0.000988 0.000000 
50.000000 42.616199 35.485211 28.833905 22.841690 17.626812 13.242042 9.679325 6.881320 4.756789 3.196687 2.088383 1.326427 0.819288 0.492386 0.288223 0.164632 0.092083 0.050768 0.027934 0.015679 0.009291 0.006054 0.004460 0.003696 0.003339 0.003177 0.003106 0.003075 0.003062 0.003056 0.003053 0.003051 0.003048 0.003042 0.003033 0.003019 0.002995 0.002957 0.002901 0.002818 0.002700 0.002541 0.002332 0.002067 0.001744 0.001366 0.000941 0.000480 0.000000 
50.000000 42.615973 35.484768 28.833259 22.840861 17.625824 13.240920 9.678095 6.880005 4.755410 3.195260 2.086923 1.324944 0.817790 0.490878 0.286708 0.163114 0.090562 0.049247 0.026412 0.014157 0.007768 0.004531 0.002937 0.002173 0.001816 0.001654 0.001583 0.001552 0.001539 0.001533 0.001531 0.001529 0.001527 0.001525 0.001520 0.001513 0.001500 0.001481 0.001453 0.001411 0.001351 0.001271 0.001166 0.001033 0.000871 0.000682 0.000470 0.000239 0.000000 
50.000000 42.615884 35.484593 28.833004 22.840533 17.625433 13.240476 9.677608 6.879485 4.754864 3.194696 2.086345 1.324357 0.817197 0.490281 0.286109 0.162513 0.089961 0.048645 0.025810 0.013555 0.007166 0.003929 0.002334 0.001570 0.001214 0.001052 0.000981 0.000950 0.000937 0.000931 0.000929 0.000928 0.000926 0.000925 0.000922 0.000917 0.000910 0.000898 0.000880 0.000855 0.000818 0.000769 0.000705 0.000625 0.000527 0.000412 0.000284 0.000145 0.000000 
50.000000 42.615884 35.484593 28.833004 22.840533 17.625433 13.240476 9.677608 6.879485 4.754864 3.194696 2.086345 1.324357 0.817197 0.490281 0.286109 0.162513 0.089961 0.048645 0.025810 0.013555 0.007166 0.003929 0.002334 0.001570 0.001214 0.001052 0.000981 0.000950 0.000937 0.000931 0.000929 0.000928 0.000926 0.000925 0.000922 0.000917 0.000910 0.000898 0.000880 0.000855 0.000818 0.000769 0.000705 0.000625 0.000527 0.000412 0.000284 0.000145 0.000000 
50.000000 42.615973 35.484768 28.833259 22.840861 17.625824 13.240920 9.678095 6.880005 4.755410 3.195260 2.086923 1.324944 0.817790 0.490878 0.286708 0.163114 0.090562 0.049247 0.026412 0.014157 0.007768 0.004531 0.002937 0.002173 0.001816 0.001654 0.001583 0.001552 0.001539 0.001533 0.001531 0.001529 0.001527 0.001525 0.001520 0.001513 0.001500 0.001481 0.001453 0.001411 0.001351 0.001271 0.001166 0.001033 0.000871 0.000682 0.000470 0.000239 0.000000 
50.000000 42.616199 35.485211 28.833905 22.841690 17.626812 13.242042 9.679325 6.881320 4.756789 3.196687 2.088383 1.326427 0.819288 0.492386 0.288223 0.164632 0.092083 0.050768 0.027934 0.015679 0.009291 0.006054 0.004460 0.003696 0.003339 0.003177 0.003106 0.003075 0.003062 0.003056 0.003053 0.003051 0.003048 0.003042 0.003033 0.003019 0.002995 0.002957 0.002901 0.002818 0.002700 0.002541 0.002332 0.002067 0.001744 0.001366 0.000941 0.000480 0.000000 
50.000000 42.616673 35.486144 28.835266 22.843435 17.628892 13.244402 9.681913 6.884088 4.759693 3.199690 2.091457 1.329549 0.822443 0.495561 0.291411 0.167828 0.095283 0.053971 0.031138 0.018885 0.012497 0.009260 0.007666 0.006902 0.006545 0.006384 0.006312 0.006281 0.006268 0.006261 0.006258 0.006254 0.006248 0.006237 0.006220 0.006190 0.006142 0.006066 0.005951 0.005783 0.005545 0.005220 0.004792 0.004250 0.003588 0.002812 0.001937 0.000988 0.000000 
50.000000 42.617617 35.487999 28.837970 22.846905 17.633027 13.249096 9.687061 6.889592 4.765467 3.205662 2.097570 1.335759 0.828716 0.501876 0.297751 0.174184 0.101648 0.060341 0.037511 0.025259 0.018872 0.015636 0.014041 0.013278 0.012921 0.012759 0.012688 0.012656 0.012643 0.012636 0.012630 0.012624 0.012612 0.012592 0.012557 0.012498 0.012403 0.012253 0.012024 0.011689 0.011212 0.010560 0.009700 0.008607 0.007272 0.005702 0.003928 0.002004 0.000000 
50.000000 42.619429 35.491562 28.843165 22.853569 17.640970 13.258114 9.696951 6.900166 4.776560 3.217136 2.109313 1.347688 0.840768 0.514007 0.309932 0.186395 0.113877 0.072580 0.049755 0.037506 0.031120 0.027885 0.026291 0.025527 0.025171 0.025009 0.024937 0.024906 0.024891 0.024883 0.024875 0.024862 0.024840 0.024802 0.024735 0.024622 0.024439 0.024149 0.023706 0.023054 0.022125 0.020850 0.019164 0.017016 0.014384 0.011285 0.007778 0.003970 0.000000 
50.000000 42.622807 35.498202 28.852847 22.865990 17.655774 13.274920 9.715383 6.919874 4.797235 3.238521 2.131203 1.369923 0.863233 0.536620 0.332638 0.209156 0.136670 0.095392 0.072578 0.060334 0.053951 0.050717 0.049124 0.048361 0.048004 0.047842 0.047770 0.047738 0.047722 0.047711 0.047698 0.047676 0.047636 0.047565 0.047440 0.047230 0.046887 0.046343 0.045510 0.044278 0.042518 0.040095 0.036878 0.032770 0.027722 0.021762 0.015007 0.007662 0.000000 
50.000000 42.628918 35.510214 28.870362 22.888462 17.682557 13.305326 9.748731 6.955530 4.834644 3.277215 2.170808 1.410155 0.903882 0.577537 0.373721 0.250340 0.177914 0.136670 0.113874 0.101640 0.095262 0.092031 0.090439 0.089676 0.089320 0.089158 0.089086 0.089052 0.089034 0.089019 0.088997 0.088958 0.088886 0.088758 0.088534 0.088155 0.087532 0.086542 0.085021 0.082763 0.079525 0.075048 0.069085 0.061441 0.052020 0.040868 0.028200 0.014402 0.000000 
50.000000 42.639648 35.531305 28.901115 22.927917 17.729583 13.358714 9.807286 7.018141 4.900331 3.345159 2.240355 1.480802 0.975260 0.649387 0.445865 0.322662 0.250340 0.209155 0.186391 0.174175 0.167806 0.164580 0.162990 0.162228 0.161873 0.161710 0.161637 0.161602 0.161581 0.161558 0.161521 0.161455 0.161331 0.161108 0.160718 0.160054 0.158960 0.157214 0.154521 0.150505 0.144723 0.136694 0.125956 0.112133 0.095034 0.074728 0.051601 0.026365 0.000000 
50.000000 42.657923 35.567228 28.953496 22.995122 17.809684 13.449655 9.907029 7.124793 5.012226 3.460901 2.358828 1.601150 1.096856 0.771786 0.568765 0.445865 0.373721 0.332636 0.309929 0.297743 0.291390 0.288171 0.286585 0.285825 0.285470 0.285307 0.285233 0.285196 0.285168 0.285134 0.285075 0.284963 0.284757 0.284383 0.283724 0.282600 0.280740 0.277760 0.273141 0.266220 0.256209 0.242239 0.223461 0.199178 0.169006 0.133036 0.091943 0.047004 0.000000 
50.000000 42.688108 35.626561 29.040014 23.106125 17.941989 13.599865 10.071782 7.300961 5.197057 3.652089 2.554529 1.799952 1.297720 0.973978 0.771786 0.649387 0.577536 0.536619 0.514004 0.501867 0.495540 0.492334 0.490754 0.489997 0.489643 0.489481 0.489405 0.489363 0.489328 0.489276 0.489182 0.489003 0.488669 0.488062 0.486989 0.485150 0.482093 0.477174 0.469509 0.457964 0.441169 0.417602 0.385743 0.344314 0.292573 0.230603 0.159541 0.081619 0.000000 
50.000000 42.736431 35.721551 29.178525 23.283838 18.153810 13.840356 10.335559 7.583019 5.492989 3.958204 2.867873 2.118263 1.619335 1.297720 1.096856 0.975260 0.903881 0.863232 0.840765 0.828707 0.822421 0.819236 0.817667 0.816915 0.816562 0.816400 0.816321 0.816274 0.816226 0.816149 0.816004 0.815727 0.815207 0.814257 0.812571 0.809667 0.804819 0.796974 0.784683 0.766058 0.738792 0.700281 0.647874 0.579280 0.493077 0.389258 0.269654 0.138068 0.000000 
50.000000 42.811387 35.868893 29.393377 23.559500 18.482384 14.213407 10.744738 8.020561 5.952058 4.433074 3.353964 2.612063 2.118263 1.799952 1.601150 1.480802 1.410154 1.369921 1.347684 1.335750 1.329528 1.326376 1.324822 1.324077 1.323728 1.323565 1.323484 1.323429 1.323364 1.323252 1.323037 1.322623 1.321842 1.320411 1.317859 1.313444 1.306032 1.293967 1.274947 1.245930 1.203145 1.142255 1.058753 0.948607 0.809147 0.640039 0.444100 0.227633 0.000000 
50.000000 42.923991 36.090239 29.716143 23.973625 18.976003 14.773852 11.359467 8.677910 6.641758 5.146522 4.084275 3.353964 2.867873 2.554529 2.358828 2.240355 2.170808 2.131201 2.109310 2.097561 2.091436 2.088332 2.086803 2.086069 2.085724 2.085562 2.085477 2.085412 2.085325 2.085168 2.084861 2.084266 2.083141 2.081068 2.077356 2.070899 2.059996 2.042138 2.013785 1.970201 1.905409 1.812394 1.683669 1.512292 1.293329 1.025567 0.713079 0.366011 0.000000 
50.000000 43.087758 36.412161 30.185571 24.575929 19.693930 15.588982 12.253560 9.634003 7.644917 6.184232 5.146522 4.433074 3.958204 3.652089 3.460901 3.345159 3.277214 3.238520 3.217132 3.205654 3.199669 3.196637 3.195142 3.194425 3.194086 3.193925 3.193836 3.193759 3.193646 3.193433 3.193012 3.192194 3.190638 3.187760 3.182581 3.173521 3.158127 3.132737 3.092116 3.029139 2.934641 2.797607 2.605921 2.347873 2.014487 1.602481 1.117212 0.574495 0.000000 
50.000000 43.318258 36.865264 30.846292 25.423681 20.704434 16.736313 13.512051 10.979778 9.056954 7.644917 6.641758 5.952058 5.492989 5.197057 5.012226 4.900331 4.834644 4.797234 4.776557 4.765459 4.759673 4.756741 4.755296 4.754601 4.754273 4.754113 4.754020 4.753930 4.753786 4.753509 4.752959 4.751882 4.749826 4.746005 4.739093 4.726931 4.706128 4.671557 4.615777 4.528477 4.396091 4.201868 3.926738 3.551368 3.059713 2.443952 1.709975 0.881491 0.000000 
50.000000 43.632118 37.482233 31.745970 26.578040 22.080420 18.298632 15.225751 12.812354 10.979778 9.634003 8.677910 8.020561 7.583019 7.300961 7.124793 7.018141 6.955530 6.919872 6.900163 6.889584 6.884069 6.881274 6.879896 6.879233 6.878918 6.878763 6.878666 6.878562 6.878387 6.878044 6.877356 6.876006 6.873418 6.868584 6.859792 6.844227 6.817416 6.772501 6.699362 6.583688 6.406177 6.142247 5.762781 5.236633 4.535654 3.642595 2.561111 1.324854 0.000000 
50.000000 44.045434 38.294708 32.930746 28.098213 23.892467 20.356079 17.482578 15.225751 13.512051 12.253560 11.359467 10.744738 10.335559 10.071782 9.907029 9.807286 9.748730 9.715382 9.696948 9.687054 9.681896 9.679281 9.677992 9.677371 9.677075 9.676926 9.676827 9.676712 9.676508 9.676103 9.675289 9.673683 9.670592 9.664790 9.654180 9.635279 9.602482 9.547073 9.455953 9.310183 9.083504 8.741289 8.240633 7.532788 6.569487 5.314762 3.762526 1.956268 0.000000 
50.000000 44.571668 39.329156 34.439216 30.033726 26.199617 22.975700 20.356079 18.298632 16.736313 15.588982 14.773852 14.213407 13.840356 13.599865 13.449655 13.358714 13.305326 13.274919 13.258111 13.249090 13.244386 13.242002 13.240826 13.240259 13.239988 13.239848 13.239750 13.239627 13.239403 13.238952 13.238042 13.236241 13.232759 13.226194 13.214123 13.192482 13.154654 13.090183 12.983061 12.809576 12.535851 12.115446 11.487850 10.579502 9.310085 7.608133 5.439935 2.850612 0.000000 
50.000000 45.219279 40.602203 36.295628 32.415695 29.038964 26.199617 23.892467 22.080420 20.704434 19.693930 18.976003 18.482384 18.153810 17.941989 17.809684 17.729582 17.682556 17.655773 17.640968 17.633021 17.628877 17.626777 17.625741 17.625241 17.625001 17.624875 17.624781 17.624657 17.624425 17.623956 17.623005 17.621115 17.617449 17.610506 17.597675 17.574530 17.533777 17.463710 17.346057 17.153065 16.843788 16.359679 15.620115 14.519482 12.929672 10.715694 7.777066 4.127623 0.000000 
50.000000 45.989447 42.116172 38.503369 35.248468 32.415695 30.033726 28.098213 26.578040 25.423681 24.575929 23.973625 23.559500 23.283838 23.106125 22.995122 22.927917 22.888462 22.865990 22.853567 22.846900 22.843423 22.841661 22.840791 22.840371 22.840168 22.840060 22.839976 22.839859 22.839638 22.839187 22.838269 22.836442 22.832883 22.826117 22.813552 22.790761 22.750353 22.680297 22.561442 22.363968 22.042387 21.528726 20.723641 19.486022 17.624234 14.899232 11.065936 6.005371 0.000000 
50.000000 46.874375 43.855735 41.040090 38.503369 36.295628 34.439216 32.930746 31.745970 30.846292 30.185571 29.716143 29.393377 29.178525 29.040014 28.953496 28.901115 28.870362 28.852846 28.843163 28.837966 28.835256 28.833882 28.833204 28.832877 28.832718 28.832632 28.832562 28.832463 28.832272 28.831882 28.831085 28.829494 28.826387 28.820461 28.809411 28.789267 28.753338 28.690577 28.583090 28.402340 28.103375 27.615984 26.831083 25.579934 23.604137 20.520045 15.807670 8.942684 0.000000 
50.000000 47.856602 45.786568 43.855735 42.116172 40.602203 39.329156 38.294708 37.482233 36.865264 36.412161 36.090239 35.868893 35.721551 35.626561 35.567228 35.531304 35.510214 35.498201 35.491561 35.487996 35.486137 35.485195 35.484730 35.484505 35.484396 35.484336 35.484286 35.484214 35.484073 35.483784 35.483195 35.482014 35.479704 35.475285 35.467021 35.451897 35.424793 35.377161 35.294949 35.155289 34.921122 34.532182 33.889221 32.825136 31.050236 28.048065 22.893284 14.054994 0.000000 
50.000000 48.909641 47.856602 46.874375 45.989447 45.219279 44.571668 44.045434 43.632118 43.318258 43.087758 42.923991 42.811387 42.736431 42.688108 42.657923 42.639648 42.628918 42.622807 42.619429 42.617615 42.616670 42.616190 42.615954 42.615839 42.615784 42.615753 42.615727 42.615689 42.615614 42.615460 42.615146 42.614516 42.613283 42.610919 42.606489 42.598363 42.583754 42.557980 42.513262 42.436767 42.307265 42.089166 41.721056 41.091656 39.984076 37.931691 33.801608 24.454821 0.000000 
50.000000 50.000000 50.000000 50.000000 50.000000 50.000000 50.000000 50.000000 50.000000 50.000000 50.000000 50.000000 50.000000 50.000000 50.000000 50.000000 50.000000 50.000000 50.000000 50.000000 50.000000 50.000000 50.000000 50.000000 50.000000 50.000000 50.000000 50.000000 50.000000 50.000000 50.000000 50.000000 50.000000 50.000000 50.000000 50.000000 50.000000 50.000000 50.000000 50.000000 50.000000 50.000000 50.000000 50.000000 50.000000 50.000000 50.000000 50.000000 50.000000 50.000000 
