50.000000 50.000000 50.000000 50.000000 50.000000 50.000000 50.000000 50.000000 50.000000 50.000000 50.000000 50.000000 50.000000 50.000000 50.000000 50.000000 50.000000 50.000000 50.000000 50.000000 50.000000 50.000000 50.000000 50.000000 50.000000 50.000000 50.000000 50.000000 50.000000 50.000000 50.000000 50.000000 50.000000 50.000000 50.000000 50.000000 50.000000 50.000000 50.000000 50.000000 50.000000 50.000000 50.000000 50.000000 50.000000 50.000000 50.000000 50.000000 50.000000 50.000000 
50.000000 43.358694 38.089011 34.725150 32.962652 32.188839 31.898752 31.804374 31.777354 31.770468 31.768889 31.768561 31.768499 31.768488 31.768486 31.768486 31.768486 31.768486 31.768486 31.768486 31.768486 31.768486 31.768486 31.768486 31.768486 31.768486 31.768486 31.768486 31.768486 31.768486 31.768486 31.768486 31.768486 31.768486 31.768486 31.768486 31.768486 31.768485 31.768482 31.768458 31.768330 31.767667 31.764526 31.750831 31.695993 31.493922 30.803877 28.585431 21.679347 0.000000 
50.000000 38.089011 28.639046 22.607967 19.448841 18.062299 17.542700 17.373717 17.325359 17.313039 17.310217 17.309631 17.309519 17.309500 17.309497 17.309496 17.309496 17.309496 17.309496 17.309496 17.309496 17.309496 17.309496 17.309496 17.309496 17.309496 17.309496 17.309496 17.309496 17.309496 17.309496 17.309496 17.309496 17.309496 17.309496 17.309496 17.309496 17.309495 17.309490 17.309461 17.309297 17.308463 17.304574 17.288001 17.223839 16.999357 16.293821 14.319523 9.503580 0.000000 
50.000000 34.725150 22.607967 14.876510 10.828023 9.051820 8.386483 8.170203 8.108340 8.092587 8.088980 8.088231 8.088089 8.088065 8.088061 8.088060 8.088060 8.088060 8.088060 8.088060 8.088060 8.088060 8.088060 8.088060 8.088060 8.088060 8.088060 8.088060 8.088060 8.088060 8.088060 8.088060 8.088060 8.088060 8.088060 8.088060 8.088060 8.088059 8.088055 8.088033 8.087910 8.087291 8.084449 8.072595 8.028067 7.878837 7.438255 6.314146 3.921273 0.000000 
50.000000 32.962652 19.448841 10.828023 6.315069 4.335730 3.594568 3.353733 3.284874 3.267347 3.263336 3.262503 3.262346 3.262318 3.262314 3.262313 3.262313 3.262313 3.262313 3.262313 3.262313 3.262313 3.262313 3.262313 3.262313 3.262313 3.262313 3.262313 3.262313 3.262313 3.262313 3.262313 3.262313 3.262313 3.262313 3.262313 3.262313 3.262313 3.262310 3.262298 3.262231 3.261896 3.260379 3.254164 3.231384 3.157535 2.949186 2.449484 1.468730 0.000000 
50.000000 32.188839 18.062299 9.051820 4.335730 2.267737 1.493560 1.242060 1.170172 1.151878 1.147693 1.146825 1.146660 1.146631 1.146627 1.146626 1.146626 1.146626 1.146626 1.146626 1.146626 1.146626 1.146626 1.146626 1.146626 1.146626 1.146626 1.146626 1.146626 1.146626 1.146626 1.146626 1.146626 1.146626 1.146626 1.146626 1.146626 1.146626 1.146625 1.146619 1.146590 1.146447 1.145804 1.143207 1.133868 1.104346 1.023754 0.838460 0.492846 0.000000 
50.000000 31.898752 17.542700 8.386483 3.594568 1.493560 0.707122 0.451672 0.378664 0.360089 0.355840 0.354958 0.354791 0.354762 0.354757 0.354757 0.354757 0.354757 0.354757 0.354757 0.354757 0.354757 0.354757 0.354757 0.354757 0.354757 0.354757 0.354757 0.354757 0.354757 0.354757 0.354757 0.354757 0.354757 0.354757 0.354757 0.354757 0.354757 0.354756 0.354754 0.354744 0.354693 0.354466 0.353561 0.350353 0.340404 0.313889 0.254699 0.147921 0.000000 
50.000000 31.804374 17.373717 8.170203 3.353733 1.242060 0.451672 0.194954 0.121588 0.102923 0.098653 0.097767 0.097599 0.097570 0.097565 0.097565 0.097565 0.097565 0.097565 0.097565 0.097565 0.097565 0.097565 0.097565 0.097565 0.097565 0.097565 0.097565 0.097565 0.097565 0.097565 0.097565 0.097565 0.097565 0.097565 0.097565 0.097565 0.097565 0.097565 0.097564 0.097561 0.097545 0.097477 0.097206 0.096257 0.093354 0.085754 0.069143 0.039848 0.000000 
50.000000 31.777354 17.325359 8.108340 3.284874 1.170172 0.378664 0.121588 0.048121 0.029431 0.025156 0.024269 0.024101 0.024071 0.024067 0.024066 0.024066 0.024066 0.024066 0.024066 0.024066 0.024066 0.024066 0.024066 0.024066 0.024066 0.024066 0.024066 0.024066 0.024066 0.024066 0.024066 0.024066 0.024066 0.024066 0.024066 0.024066 0.024066 0.024066 0.024066 0.024065 0.024061 0.024043 0.023972 0.023725 0.022978 0.021049 0.016896 0.009687 0.000000 
50.000000 31.770468 17.313039 8.092587 3.267347 1.151878 0.360089 0.102923 0.029431 0.010734 0.006457 0.005570 0.005402 0.005373 0.005368 0.005367 0.005367 0.005367 0.005367 0.005367 0.005367 0.005367 0.005367 0.005367 0.005367 0.005367 0.005367 0.005367 0.005367 0.005367 0.005367 0.005367 0.005367 0.005367 0.005367 0.005367 0.005367 0.005367 0.005367 0.005367 0.005367 0.005366 0.005362 0.005345 0.005288 0.005116 0.004677 0.003742 0.002138 0.000000 
50.000000 31.768889 17.310217 8.088980 3.263336 1.147693 0.355840 0.098653 0.025156 0.006457 0.002180 0.001293 0.001125 0.001096 0.001091 0.001090 0.001090 0.001090 0.001090 0.001090 0.001090 0.001090 0.001090 0.001090 0.001090 0.001090 0.001090 0.001090 0.001090 0.001090 0.001090 0.001090 0.001090 0.001090 0.001090 0.001090 0.001090 0.001090 0.001090 0.001090 0.001090 0.001090 0.001089 0.001085 0.001073 0.001038 0.000947 0.000756 0.000431 0.000000 
50.000000 31.768561 17.309631 8.088231 3.262503 1.146825 0.354958 0.097767 0.024269 0.005570 0.001293 0.000406 0.000238 0.000208 0.000204 0.000203 0.000203 0.000203 0.000203 0.000203 0.000203 0.000203 0.000203 0.000203 0.000203 0.000203 0.000203 0.000203 0.000203 0.000203 0.000203 0.000203 0.000203 0.000203 0.000203 0.000203 0.000203 0.000203 0.000203 0.000203 0.000203 0.000203 0.000203 0.000202 0.000200 0.000193 0.000176 0.000140 0.000080 0.000000 
50.000000 31.768499 17.309519 8.088089 3.262346 1.146660 0.354791 0.097599 0.024101 0.005402 0.001125 0.000238 0.000070 0.000040 0.000036 0.000035 0.000035 0.000035 0.000035 0.000035 0.000035 0.000035 0.000035 0.000035 0.000035 0.000035 0.000035 0.000035 0.000035 0.000035 0.000035 0.000035 0.000035 0.000035 0.000035 0.000035 0.000035 0.000035 0.000035 0.000035 0.000035 0.000035 0.000035 0.000035 0.000034 0.000033 0.000030 0.000024 0.000014 0.000000 
50.000000 31.768488 17.309500 8.088065 3.262318 1.146631 0.354762 0.097570 0.024071 0.005373 0.001096 0.000208 0.000040 0.000011 0.000006 0.000006 0.000006 0.000006 0.000006 0.000006 0.000006 0.000006 0.000006 0.000006 0.000006 0.000006 0.000006 0.000006 0.000006 0.000006 0.000006 0.000006 0.000006 0.000006 0.000006 0.000006 0.000006 0.000006 0.000006 0.000006 0.000006 0.000006 0.000006 0.000006 0.000005 0.000005 0.000005 0.000004 0.000002 0.000000 
50.000000 31.768486 17.309497 8.088061 3.262314 1.146627 0.354757 0.097565 0.024067 0.005368 0.001091 0.000204 0.000036 0.000006 0.000002 0.000001 0.000001 0.000001 0.000001 0.000001 0.000001 0.000001 0.000001 0.000001 0.000001 0.000001 0.000001 0.000001 0.000001 0.000001 0.000001 0.000001 0.000001 0.000001 0.000001 0.000001 0.000001 0.000001 0.000001 0.000001 0.000001 0.000001 0.000001 0.000001 0.000001 0.000001 0.000001 0.000001 0.000000 0.000000 
50.000000 31.768486 17.309496 8.088060 3.262313 1.146626 0.354757 0.097565 0.024066 0.005367 0.001090 0.000203 0.000035 0.000006 0.000001 0.000000 0.000000 0.000000 0.000000 0.000000 0.000000 0.000000 0.000000 0.000000 0.000000 0.000000 0.000000 0.000000 0.000000 0.000000 0.000000 0.000000 0.000000 0.000000 0.000000 0.000000 0.000000 0.000000 0.000000 0.000000 0.000000 0.000000 0.000000 0.000000 0.000000 0.000000 0.000000 0.000000 0.000000 0.000000 
50.000000 31.768486 17.309496 8.088060 3.262313 1.146626 0.354757 0.097565 0.024066 0.005367 0.001090 0.000203 0.000035 0.000006 0.000001 0.000000 0.000000 0.000000 0.000000 0.000000 0.000000 0.000000 0.000000 0.000000 0.000000 0.000000 0.000000 0.000000 0.000000 0.000000 0.000000 0.000000 0.000000 0.000000 0.000000 0.000000 0.000000 0.000000 0.000000 0.000000 0.000000 0.000000 0.000000 0.000000 0.000000 0.000000 0.000000 0.000000 0.000000 0.000000 
50.000000 31.768486 17.309496 8.088060 3.262313 1.146626 0.354757 0.097565 0.024066 0.005367 0.001090 0.000203 0.000035 0.000006 0.000001 0.000000 0.000000 0.000000 0.000000 0.000000 0.000000 0.000000 0.000000 0.000000 0.000000 0.000000 0.000000 0.000000 0.000000 0.000000 0.000000 0.000000 0.000000 0.000000 0.000000 0.000000 0.000000 0.000000 0.000000 0.000000 0.000000 0.000000 0.000000 0.000000 0.000000 0.000000 0.000000 0.000000 0.000000 0.000000 
50.000000 31.768486 17.309496 8.088060 3.262313 1.146626 0.354757 0.097565 0.024066 0.005367 0.001090 0.000203 0.000035 0.000006 0.000001 0.000000 0.000000 0.000000 0.000000 0.000000 0.000000 0.000000 0.000000 0.000000 0.000000 0.000000 0.000000 0.000000 0.000000 0.000000 0.000000 0.000000 0.000000 0.000000 0.000000 0.000000 0.000000 0.000000 0.000000 0.000000 0.000000 0.000000 0.000000 0.000000 0.000000 0.000000 0.000000 0.000000 0.000000 0.000000 
50.000000 31.768486 17.309496 8.088060 3.262313 1.146626 0.354757 0.097565 0.024066 0.005367 0.001090 0.000203 0.000035 0.000006 0.000001 0.000000 0.000000 0.000000 0.000000 0.000000 0.000000 0.000000 0.000000 0.000000 0.000000 0.000000 0.000000 0.000000 0.000000 0.000000 0.000000 0.000000 0.000000 0.000000 0.000000 0.000000 0.000000 0.000000 0.000000 0.000000 0.000000 0.000000 0.000000 0.000000 0.000000 0.000000 0.000000 0.000000 0.000000 0.000000 
50.000000 31.768486 17.309496 8.088060 3.262313 1.146626 0.354757 0.097565 0.024066 0.005367 0.001090 0.000203 0.000035 0.000006 0.000001 0.000000 0.000000 0.000000 0.000000 0.000000 0.000000 0.000000 0.000000 0.000000 0.000000 0.000000 0.000000 0.000000 0.000000 0.000000 0.000000 0.000000 0.000000 0.000000 0.000000 0.000000 0.000000 0.000000 0.000000 0.000000 0.000000 0.000000 0.000000 0.000000 0.000000 0.000000 0.000000 0.000000 0.000000 0.000000 
50.000000 31.768486 17.309496 8.088060 3.262313 1.146626 0.354757 0.097565 0.024066 0.005367 0.001090 0.000203 0.000035 0.000006 0.000001 0.000000 0.000000 0.000000 0.000000 0.000000 0.000000 0.000000 0.000000 0.000000 0.000000 0.000000 0.000000 0.000000 0.000000 0.000000 0.000000 0.000000 0.000000 0.000000 0.000000 0.000000 0.000000 0.000000 0.000000 0.000000 0.000000 0.000000 0.000000 0.000000 0.000000 0.000000 0.000000 0.000000 0.000000 0.000000 
50.000000 31.768486 17.309496 8.088060 3.262313 1.146626 0.354757 0.097565 0.024066 0.005367 0.001090 0.000203 0.000035 0.000006 0.000001 0.000000 0.000000 0.000000 0.000000 0.000000 0.000000 0.000000 0.000000 0.000000 0.000000 0.000000 0.000000 0.000000 0.000000 0.000000 0.000000 0.000000 0.000000 0.000000 0.000000 0.000000 0.000000 0.000000 0.000000 0.000000 0.000000 0.000000 0.000000 0.000000 0.000000 0.000000 0.000000 0.000000 0.000000 0.000000 
50.000000 31.768486 17.309496 8.088060 3.262313 1.146626 0.354757 0.097565 0.024066 0.005367 0.001090 0.000203 0.000035 0.000006 0.000001 0.000000 0.000000 0.000000 0.000000 0.000000 0.000000 0.000000 0.000000 0.000000 0.000000 0.000000 0.000000 0.000000 0.000000 0.000000 0.000000 0.000000 0.000000 0.000000 0.000000 0.000000 0.000000 0.000000 0.000000 0.000000 0.000000 0.000000 0.000000 0.000000 0.000000 0.000000 0.000000 0.000000 0.000000 0.000000 
50.000000 31.768486 17.309496 8.088060 3.262313 1.146626 0.354757 0.097565 0.024066 0.005367 0.001090 0.000203 0.000035 0.000006 0.000001 0.000000 0.000000 0.000000 0.000000 0.000000 0.000000 0.000000 0.000000 0.000000 0.000000 0.000000 0.000000 0.000000 0.000000 0.000000 0.000000 0.000000 0.000000 0.000000 0.000000 0.000000 0.000000 0.000000 0.000000 0.000000 0.000000 0.000000 0.000000 0.000000 0.000000 0.000000 0.000000 0.000000 0.000000 0.000000 
50.000000 31.768486 17.309496 8.088060 3.262313 1.146626 0.354757 0.097565 0.024066 0.005367 0.001090 0.000203 0.000035 0.000006 0.000001 0.000000 0.000000 0.000000 0.000000 0.000000 0.000000 0.000000 0.000000 0.000000 0.000000 0.000000 0.000000 0.000000 0.000000 0.000000 0.000000 0.000000 0.000000 0.000000 0.000000 0.000000 0.000000 0.000000 0.000000 0.000000 0.000000 0.000000 0.000000 0.000000 0.000000 0.000000 0.000000 0.000000 0.000000 0.000000 
50.000000 31.768486 17.309496 8.088060 3.262313 1.146626 0.354757 0.097565 0.024066 0.005367 0.001090 0.000203 0.000035 0.000006 0.000001 0.000000 0.000000 0.000000 0.000000 0.000000 0.000000 0.000000 0.000000 0.000000 0.000000 0.000000 0.000000 0.000000 0.000000 0.000000 0.000000 0.000000 0.000000 0.000000 0.000000 0.000000 0.000000 0.000000 0.000000 0.000000 0.000000 0.000000 0.000000 0.000000 0.000000 0.000000 0.000000 0.000000 0.000000 0.000000 
50.000000 31.768486 17.309496 8.088060 3.262313 1.146626 0.354757 0.097565 0.024066 0.005367 0.001090 0.000203 0.000035 0.000006 0.000001 0.000000 0.000000 0.000000 0.000000 0.000000 0.000000 0.000000 0.000000 0.000000 0.000000 0.000000 0.000000 0.000000 0.000000 0.000000 0.000000 0.000000 0.000000 0.000000 0.000000 0.000000 0.000000 0.000000 0.000000 0.000000 0.000000 0.000000 0.000000 0.000000 0.000000 0.000000 0.000000 0.000000 0.000000 0.000000 
50.000000 31.768486 17.309496 8.088060 3.262313 1.146626 0.354757 0.097565 0.024066 0.005367 0.001090 0.000203 0.000035 0.000006 0.000001 0.000000 0.000000 0.000000 0.000000 0.000000 0.000000 0.000000 0.000000 0.000000 0.000000 0.000000 0.000000 0.000000 0.000000 0.000000 0.000000 0.000000 0.000000 0.000000 0.000000 0.000000 0.000000 0.000000 0.000000 0.000000 0.000000 0.000000 0.000000 0.000000 0.000000 0.000000 0.000000 0.000000 0.000000 0.000000 
50.000000 31.768486 17.309496 8.088060 3.262313 1.146626 0.354757 0.097565 0.024066 0.005367 0.001090 0.000203 0.000035 0.000006 0.000001 0.000000 0.000000 0.000000 0.000000 0.000000 0.000000 0.000000 0.000000 0.000000 0.000000 0.000000 0.000000 0.000000 0.000000 0.000000 0.000000 0.000000 0.000000 0.000000 0.000000 0.000000 0.000000 0.000000 0.000000 0.000000 0.000000 0.000000 0.000000 0.000000 0.000000 0.000000 0.000000 0.000000 0.000000 0.000000 
50.000000 31.768486 17.309496 8.088060 3.262313 1.146626 0.354757 0.097565 0.024066 0.005367 0.001090 0.000203 0.000035 0.000006 0.000001 0.000000 0.000000 0.000000 0.000000 0.000000 0.000000 0.000000 0.000000 0.000000 0.000000 0.000000 0.000000 0.000000 0.000000 0.000000 0.000000 0.000000 0.000000 0.000000 0.000000 0.000000 0.000000 0.000000 0.000000 0.000000 0.000000 0.000000 0.000000 0.000000 0.000000 0.000000 0.000000 0.000000 0.000000 0.000000 
50.000000 31.768486 17.309496 8.088060 3.262313 1.146626 0.354757 0.097565 0.024066 0.005367 0.001090 0.000203 0.000035 0.000006 0.000001 0.000000 0.000000 0.000000 0.000000 0.000000 0.000000 0.000000 0.000000 0.000000 0.000000 0.000000 0.000000 0.000000 0.000000 0.000000 0.000000 0.000000 0.000000 0.000000 0.000000 0.000000 0.000000 0.000000 0.000000 0.000000 0.000000 0.000000 0.000000 0.000000 0.000000 0.000000 0.000000 0.000000 0.000000 0.000000 
50.000000 31.768486 17.309496 8.088060 3.262313 1.146626 0.354757 0.097565 0.024066 0.005367 0.001090 0.000203 0.000035 0.000006 0.000001 0.000000 0.000000 0.000000 0.000000 0.000000 0.000000 0.000000 0.000000 0.000000 0.000000 0.000000 0.000000 0.000000 0.000000 0.000000 0.000000 0.000000 0.000000 0.000000 0.000000 0.000000 0.000000 0.000000 0.000000 0.000000 0.000000 0.000000 0.000000 0.000000 0.000000 0.000000 0.000000 0.000000 0.000000 0.000000 
50.000000 31.768486 17.309496 8.088060 3.262313 1.146626 0.354757 0.097565 0.024066 0.005367 0.001090 0.000203 0.000035 0.000006 0.000001 0.000000 0.000000 0.000000 0.000000 0.000000 0.000000 0.000000 0.000000 0.000000 0.000000 0.000000 0.000000 0.000000 0.000000 0.000000 0.000000 0.000000 0.000000 0.000000 0.000000 0.000000 0.000000 0.000000 0.000000 0.000000 0.000000 0.000000 0.000000 0.000000 0.000000 0.000000 0.000000 0.000000 0.000000 0.000000 
50.000000 31.768486 17.309496 8.088060 3.262313 1.146626 0.354757 0.097565 0.024066 0.005367 0.001090 0.000203 0.000035 0.000006 0.000001 0.000000 0.000000 0.000000 0.000000 0.000000 0.000000 0.000000 0.000000 0.000000 0.000000 0.000000 0.000000 0.000000 0.000000 0.000000 0.000000 0.000000 0.000000 0.000000 0.000000 0.000000 0.000000 0.000000 0.000000 0.000000 0.000000 0.000000 0.000000 0.000000 0.000000 0.000000 0.000000 0.000000 0.000000 0.000000 
50.000000 31.768486 17.309497 8.088061 3.262314 1.146627 0.354757 0.097565 0.024067 0.005368 0.001091 0.000204 0.000036 0.000006 0.000002 0.000001 0.000001 0.000001 0.000001 0.000001 0.000001 0.000001 0.000001 0.000001 0.000001 0.000001 0.000001 0.000001 0.000001 0.000001 0.000001 0.000001 0.000001 0.000001 0.000001 0.000001 0.000001 0.000001 0.000001 0.000001 0.000001 0.000001 0.000001 0.000001 0.000001 0.000001 0.000001 0.000001 0.000000 0.000000 
50.000000 31.768488 17.309500 8.088065 3.262318 1.146631 0.354762 0.097570 0.024071 0.005373 0.001096 0.000208 0.000040 0.000011 0.000006 0.000006 0.000006 0.000006 0.000006 0.000006 0.000006 0.000006 0.000006 0.000006 0.000006 0.000006 0.000006 0.000006 0.000006 0.000006 0.000006 0.000006 0.000006 0.000006 0.000006 0.000006 0.000006 0.000006 0.000006 0.000006 0.000006 0.000006 0.000006 0.000006 0.000005 0.000005 0.000005 0.000004 0.000002 0.000000 
50.000000 31.768499 17.309519 8.088089 3.262346 1.146660 0.354791 0.097599 0.024101 0.005402 0.001125 0.000238 0.000070 0.000040 0.000036 0.000035 0.000035 0.000035 0.000035 0.000035 0.000035 0.000035 0.000035 0.000035 0.000035 0.000035 0.000035 0.000035 0.000035 0.000035 0.000035 0.000035 0.000035 0.000035 0.000035 0.000035 0.000035 0.000035 0.000035 0.000035 0.000035 0.000035 0.000035 0.000035 0.000034 0.000033 0.000030 0.000024 0.000014 0.000000 
50.000000 31.768561 17.309631 8.088231 3.262503 1.146825 0.354958 0.097767 0.024269 0.005570 0.001293 0.000406 0.000238 0.000208 0.000204 0.000203 0.000203 0.000203 0.000203 0.000203 0.000203 0.000203 0.000203 0.000203 0.000203 0.000203 0.000203 0.000203 0.000203 0.000203 0.000203 0.000203 0.000203 0.000203 0.000203 0.000203 0.000203 0.000203 0.000203 0.000203 0.000203 0.000203 0.000203 0.000202 0.000200 0.000193 0.000176 0.000140 0.000080 0.000000 
50.000000 31.768889 17.310217 8.088980 3.263336 1.147693 0.355840 0.098653 0.025156 0.006457 0.002180 0.001293 0.001125 0.001096 0.001091 0.001090 0.001090 0.001090 0.001090 0.001090 0.001090 0.001090 0.001090 0.001090 0.001090 0.001090 0.001090 0.001090 0.001090 0.001090 0.001090 0.001090 0.001090 0.001090 0.001090 0.001090 0.001090 0.001090 0.001090 0.001090 0.001090 0.001090 0.001089 0.001085 0.001073 0.001038 0.000947 0.000756 0.000431 0.000000 
50.000000 31.770468 17.313039 8.092587 3.267347 1.151878 0.360089 0.102923 0.029431 0.010734 0.006457 0.005570 0.005402 0.005373 0.005368 0.005367 0.005367 0.005367 0.005367 0.005367 0.005367 0.005367 0.005367 0.005367 0.005367 0.005367 0.005367 0.005367 0.005367 0.005367 0.005367 0.005367 0.005367 0.005367 0.005367 0.005367 0.005367 0.005367 0.005367 0.005367 0.005367 0.005366 0.005362 0.005345 0.005288 0.005116 0.004677 0.003742 0.002138 0.000000 
50.000000 31.777354 17.325359 8.108340 3.284874 1.170172 0.378664 0.121588 0.048121 0.029431 0.025156 0.024269 0.024101 0.024071 0.024067 0.024066 0.024066 0.024066 0.024066 0.024066 0.024066 0.024066 0.024066 0.024066 0.024066 0.024066 0.024066 0.024066 0.024066 0.024066 0.024066 0.024066 0.024066 0.024066 0.024066 0.024066 0.024066 0.024066 0.024066 0.024066 0.024065 0.024061 0.024043 0.023972 0.023725 0.022978 0.021049 0.016896 0.009687 0.000000 
50.000000 31.804374 17.373717 8.170203 3.353733 1.242060 0.451672 0.194954 0.121588 0.102923 0.098653 0.097767 0.097599 0.097570 0.097565 0.097565 0.097565 0.097565 0.097565 0.097565 0.097565 0.097565 0.097565 0.097565 0.097565 0.097565 0.097565 0.097565 0.097565 0.097565 0.097565 0.097565 0.097565 0.097565 0.097565 0.097565 0.097565 0.097565 0.097565 0.097564 0.097561 0.097545 0.097477 0.097206 0.096257 0.093354 0.085754 0.069143 0.039848 0.000000 
50.000000 31.898752 17.542700 8.386483 3.594568 1.493560 0.707122 0.451672 0.378664 0.360089 0.355840 0.354958 0.354791 0.354762 0.354757 0.354757 0.354757 0.354757 0.354757 0.354757 0.354757 0.354757 0.354757 0.354757 0.354757 0.354757 0.354757 0.354757 0.354757 0.354757 0.354757 0.354757 0.354757 0.354757 0.354757 0.354757 0.354757 0.354757 0.354756 0.354754 0.354744 0.354693 0.354466 0.353561 0.350353 0.340404 0.313889 0.254699 0.147921 0.000000 
50.000000 32.188839 18.062299 9.051820 4.335730 2.267737 1.493560 1.242060 1.170172 1.151878 1.147693 1.146825 1.146660 1.146631 1.146627 1.146626 1.146626 1.146626 1.146626 1.146626 1.146626 1.146626 1.146626 1.146626 1.146626 1.146626 1.146626 1.146626 1.146626 1.146626 1.146626 1.146626 1.146626 1.146626 1.146626 1.146626 1.146626 1.146626 1.146625 1.146619 1.146590 1.146447 1.145804 1.143207 1.133868 1.104346 1.023754 0.838460 0.492846 0.000000 
50.000000 32.962652 19.448841 10.828023 6.315069 4.335730 3.594568 3.353733 3.284874 3.267347 3.263336 3.262503 3.262346 3.262318 3.262314 3.262313 3.262313 3.262313 3.262313 3.262313 3.262313 3.262313 3.262313 3.262313 3.262313 3.262313 3.262313 3.262313 3.262313 3.262313 3.262313 3.262313 3.262313 3.262313 3.262313 3.262313 3.262313 3.262313 3.262310 3.262298 3.262231 3.261896 3.260379 3.254164 3.231384 3.157535 2.949186 2.449484 1.468730 0.000000 
50.000000 34.725150 22.607967 14.876510 10.828023 9.051820 8.386483 8.170203 8.108340 8.092587 8.088980 8.088231 8.088089 8.088065 8.088061 8.088060 8.088060 8.088060 8.088060 8.088060 8.088060 8.088060 8.088060 8.088060 8.088060 8.088060 8.088060 8.088060 8.088060 8.088060 8.088060 8.088060 8.088060 8.088060 8.088060 8.088060 8.088060 8.088059 8.088055 8.088033 8.087910 8.087291 8.084449 8.072595 8.028067 7.878837 7.438255 6.314146 3.921273 0.000000 
50.000000 38.089011 28.639046 22.607967 19.448841 18.062299 17.542700 17.373717 17.325359 17.313039 17.310217 17.309631 17.309519 17.309500 17.309497 17.309496 17.309496 17.309496 17.309496 17.309496 17.309496 17.309496 17.309496 17.309496 17.309496 17.309496 17.309496 17.309496 17.309496 17.309496 17.309496 17.309496 17.309496 17.309496 17.309496 17.309496 17.309496 17.309495 17.309490 17.309461 17.309297 17.308463 17.304574 17.288001 17.223839 16.999357 16.293821 14.319523 9.503580 0.000000 
50.000000 43.358694 38.089011 34.725150 32.962652 32.188839 31.898752 31.804374 31.777354 31.770468 31.768889 31.768561 31.768499 31.768488 31.768486 31.768486 31.768486 31.768486 31.768486 31.768486 31.768486 31.768486 31.768486 31.768486 31.768486 31.768486 31.768486 31.768486 31.768486 31.768486 31.768486 31.768486 31.768486 31.768486 31.768486 31.768486 31.768486 31.768485 31.768482 31.768458 31.768330 31.767667 31.764526 31.750831 31.695993 31.493922 30.803877 28.585431 21.679347 0.000000 
50.000000 50.000000 50.000000 50.000000 50.000000 50.000000 50.000000 50.000000 50.000000 50.000000 50.000000 50.000000 50.000000 50.000000 50.000000 50.000000 50.000000 50.000000 50.000000 50.000000 50.000000 50.000000 50.000000 50.000000 50.000000 50.000000 50.000000 50.000000 50.000000 50.000000 50.000000 50.000000 50.000000 50.000000 50.000000 50.000000 50.000000 50.000000 50.000000 50.000000 50.000000 50.000000 50.000000 50.000000 50.000000 50.000000 50.000000 50.000000 50.000000 50.000000 
