50.000000 50.000000 50.000000 50.000000 50.000000 50.000000 50.000000 50.000000 50.000000 50.000000 50.000000 50.000000 50.000000 50.000000 50.000000 50.000000 50.000000 50.000000 50.000000 50.000000 50.000000 50.000000 50.000000 50.000000 50.000000 50.000000 50.000000 50.000000 50.000000 50.000000 50.000000 50.000000 50.000000 50.000000 50.000000 50.000000 50.000000 50.000000 50.000000 50.000000 50.000000 50.000000 50.000000 50.000000 50.000000 50.000000 50.000000 50.000000 50.000000 50.000000 
50.000000 48.922922 47.882261 46.910742 46.034335 45.270277 44.626438 44.101940 43.688777 43.373986 43.141944 42.976407 42.862081 42.785612 42.736061 42.704940 42.685990 42.674796 42.668380 42.664809 42.662880 42.661866 42.661349 42.661091 42.660966 42.660904 42.660870 42.660841 42.660799 42.660718 42.660553 42.660217 42.659549 42.658248 42.655770 42.651152 42.642726 42.627653 42.601183 42.555456 42.477543 42.346113 42.125481 41.754151 41.120794 40.008513 37.950732 33.814663 24.461461 0.000000 
50.000000 47.882261 45.836125 43.925939 42.202760 40.700484 39.434581 38.403328 37.590980 36.972051 36.515820 36.190351 35.965569 35.815223 35.717798 35.656612 35.619353 35.597345 35.584730 35.577711 35.573917 35.571924 35.570907 35.570401 35.570154 35.570033 35.569967 35.569911 35.569832 35.569679 35.569368 35.568738 35.567484 35.565046 35.560411 35.551790 35.536097 35.508111 35.459159 35.375031 35.232680 34.994856 34.601109 33.952036 32.880441 31.096617 28.084205 22.918062 14.067598 0.000000 
50.000000 46.910742 43.925939 41.139456 38.625774 36.434340 34.587719 33.083395 31.898402 30.995559 30.330049 29.855287 29.527399 29.308092 29.165981 29.076731 29.022384 28.990282 28.971882 28.961644 28.956110 28.953204 28.951720 28.950982 28.950622 28.950447 28.950351 28.950273 28.950164 28.949957 28.949536 28.948684 28.946992 28.943710 28.937486 28.925945 28.905019 28.867878 28.803302 28.693182 28.508733 28.204740 27.710741 26.917438 25.655964 23.667901 20.569728 15.841734 8.960011 0.000000 
50.000000 46.034335 42.202760 38.625774 35.398989 32.585880 30.215412 28.284353 26.763219 25.604278 24.749998 24.140575 23.719690 23.438184 23.255772 23.141212 23.071452 23.030249 23.006632 22.993490 22.986387 22.982657 22.980753 22.979806 22.979345 22.979120 22.979000 22.978906 22.978777 22.978537 22.978050 22.977067 22.975121 22.971355 22.964237 22.951094 22.927378 22.885541 22.813343 22.691380 22.489540 22.162026 21.640566 20.825566 19.575760 17.699495 14.957873 11.106142 6.025822 0.000000 
50.000000 45.270277 40.700484 36.434340 32.585880 29.230808 26.403668 24.100604 22.286446 20.904264 19.885437 19.158637 18.656693 18.320975 18.103437 17.966818 17.883628 17.834492 17.806329 17.790658 17.782188 17.777740 17.775469 17.774340 17.773791 17.773525 17.773384 17.773280 17.773143 17.772890 17.772383 17.771361 17.769346 17.765458 17.758140 17.744690 17.720558 17.678277 17.605921 17.484946 17.287289 16.971670 16.479226 15.729063 14.615404 13.010120 10.778376 7.820044 4.149484 0.000000 
50.000000 44.626438 39.434581 34.587719 30.215412 26.403668 23.191733 20.575222 18.514173 16.943901 15.786442 14.960754 14.390523 14.009137 13.762009 13.606810 13.512308 13.456491 13.424499 13.406698 13.397077 13.392025 13.389445 13.388163 13.387541 13.387240 13.387084 13.386974 13.386838 13.386593 13.386104 13.385125 13.383198 13.379497 13.372559 13.359875 13.337257 13.297915 13.231175 13.120759 12.942649 12.662639 12.233969 11.595867 10.674605 9.389846 7.670281 5.482545 2.872286 0.000000 
50.000000 44.101940 38.403328 33.083395 28.284353 24.100604 20.575222 17.703390 15.441240 13.717768 12.447397 11.541172 10.915329 10.496753 10.225531 10.055203 9.951490 9.890234 9.855125 9.835590 9.825033 9.819488 9.816658 9.815252 9.814569 9.814241 9.814074 9.813963 9.813835 9.813612 9.813171 9.812292 9.810570 9.807274 9.801126 9.789946 9.770133 9.735927 9.678405 9.584219 9.434141 9.201608 8.851695 8.341253 7.621379 6.643787 5.372655 3.802219 1.976459 0.000000 
50.000000 43.688777 37.590980 31.898402 26.763219 22.286446 18.514173 15.441240 13.020701 11.176573 9.817280 8.847632 8.177997 7.730138 7.439945 7.257707 7.146743 7.081205 7.043643 7.022743 7.011448 7.005517 7.002489 7.000985 7.000256 6.999906 6.999733 6.999623 6.999508 6.999316 6.998940 6.998196 6.996743 6.993975 6.988835 6.979540 6.963172 6.935118 6.888340 6.812497 6.693024 6.510350 6.239632 5.851534 5.314776 4.601192 3.693662 2.596124 1.342664 0.000000 
50.000000 43.373986 36.972051 30.995559 25.604278 20.904264 16.943901 13.717768 11.176573 9.240538 7.813513 6.795560 6.092573 5.622413 5.317775 5.126467 5.009983 4.941185 4.901756 4.879817 4.867961 4.861736 4.858557 4.856979 4.856214 4.855850 4.855671 4.855566 4.855465 4.855307 4.855003 4.854404 4.853241 4.851035 4.846958 4.839623 4.826787 4.804941 4.768807 4.710758 4.620269 4.483549 4.283628 4.001252 3.616975 3.114738 2.486826 1.739372 0.896444 0.000000 
50.000000 43.141944 36.515820 30.330049 24.749998 19.885437 15.786442 12.447397 9.817280 7.813513 6.336577 5.283030 4.555469 4.068879 3.753599 3.555611 3.435060 3.363862 3.323058 3.300354 3.288085 3.281643 3.278354 3.276721 3.275930 3.275555 3.275374 3.275273 3.275187 3.275061 3.274827 3.274368 3.273480 3.271804 3.268720 3.263202 3.253602 3.237373 3.210729 3.168289 3.102755 3.004782 2.863178 2.665682 2.400491 2.058618 1.636868 1.140789 0.586488 0.000000 
50.000000 42.976407 36.190351 29.855287 24.140575 19.158637 14.960754 11.541172 8.847632 6.795560 5.283030 4.204100 3.459017 2.960714 2.637847 2.435097 2.311648 2.238739 2.196954 2.173706 2.161143 2.154546 2.151178 2.149506 2.148698 2.148314 2.148132 2.148037 2.147964 2.147867 2.147693 2.147356 2.146708 2.145490 2.143259 2.139288 2.132416 2.120871 2.102050 2.072301 2.026754 1.959293 1.862768 1.729579 1.552715 1.327232 1.051985 0.731192 0.375224 0.000000 
50.000000 42.862081 35.965569 29.527399 23.719690 18.656693 14.390523 10.915329 8.177997 6.092573 4.555469 3.459017 2.701840 2.195451 1.867349 1.661312 1.535863 1.461774 1.419313 1.395689 1.382923 1.376220 1.372798 1.371099 1.370278 1.369889 1.369707 1.369615 1.369553 1.369481 1.369356 1.369119 1.368666 1.367817 1.366269 1.363526 1.358805 1.350920 1.338146 1.318096 1.287632 1.242879 1.179402 1.092608 0.978416 0.834149 0.659521 0.457458 0.234428 0.000000 
50.000000 42.785612 35.815223 29.308092 23.438184 18.320976 14.009137 10.496753 7.730138 5.622413 4.068879 2.960714 2.195451 1.683659 1.352057 1.143824 1.017039 0.942162 0.899250 0.875374 0.862472 0.855698 0.852240 0.850523 0.849694 0.849302 0.849120 0.849031 0.848978 0.848924 0.848838 0.848677 0.848372 0.847803 0.846771 0.844949 0.841829 0.836646 0.828298 0.815277 0.795626 0.766966 0.726620 0.671880 0.600418 0.510806 0.403073 0.279126 0.142886 0.000000 
50.000000 42.736061 35.717798 29.165981 23.255772 18.103437 13.762009 10.225531 7.439945 5.317775 3.753599 2.637848 1.867349 1.352057 1.018190 0.808535 0.680885 0.605498 0.562293 0.538255 0.525266 0.518445 0.514964 0.513236 0.512401 0.512007 0.511825 0.511739 0.511692 0.511652 0.511593 0.511488 0.511290 0.510924 0.510260 0.509095 0.507108 0.503823 0.498560 0.490397 0.478152 0.460405 0.435586 0.402134 0.358747 0.304678 0.240036 0.166008 0.084908 0.000000 
50.000000 42.704940 35.656612 29.076731 23.141212 17.966818 13.606810 10.055203 7.257707 5.126467 3.555611 2.435097 1.661312 1.143824 0.808535 0.597989 0.469796 0.394089 0.350701 0.326561 0.313516 0.306667 0.303172 0.301436 0.300598 0.300203 0.300021 0.299937 0.299894 0.299863 0.299824 0.299758 0.299634 0.299406 0.298994 0.298275 0.297054 0.295043 0.291838 0.286891 0.279510 0.268871 0.254077 0.234251 0.208679 0.176975 0.139246 0.096201 0.049170 0.000000 
50.000000 42.685990 35.619353 29.022384 23.071453 17.883628 13.512308 9.951490 7.146743 5.009983 3.435060 2.311648 1.535863 1.017040 0.680886 0.469797 0.341274 0.265372 0.221873 0.197671 0.184593 0.177726 0.174222 0.172482 0.171642 0.171246 0.171064 0.170981 0.170942 0.170917 0.170891 0.170850 0.170775 0.170638 0.170391 0.169962 0.169237 0.168047 0.166158 0.163257 0.158948 0.152768 0.144216 0.132811 0.118170 0.100098 0.078673 0.054306 0.027742 0.000000 
50.000000 42.674796 35.597345 28.990283 23.030249 17.834492 13.456491 9.890235 7.081205 4.941186 3.363863 2.238740 1.461775 0.942163 0.605498 0.394089 0.265372 0.189355 0.145790 0.121552 0.108454 0.101577 0.098067 0.096325 0.095483 0.095088 0.094906 0.094824 0.094786 0.094765 0.094748 0.094723 0.094678 0.094599 0.094456 0.094209 0.093791 0.093110 0.092032 0.090383 0.087945 0.084463 0.079665 0.073294 0.065147 0.055129 0.043290 0.029861 0.015247 0.000000 
50.000000 42.668380 35.584731 28.971883 23.006633 17.806330 13.424500 9.855127 7.043644 4.901757 3.323059 2.196956 1.419315 0.899251 0.562295 0.350702 0.221874 0.145791 0.102188 0.077929 0.064821 0.057938 0.054425 0.052681 0.051839 0.051443 0.051261 0.051179 0.051143 0.051125 0.051112 0.051097 0.051071 0.051026 0.050946 0.050808 0.050576 0.050197 0.049601 0.048693 0.047354 0.045450 0.042836 0.039377 0.034969 0.029567 0.023200 0.015993 0.008163 0.000000 
50.000000 42.664810 35.577712 28.961645 22.993492 17.790660 13.406701 9.835593 7.022746 4.879821 3.300358 2.173710 1.395693 0.875378 0.538259 0.326565 0.197675 0.121555 0.077932 0.053661 0.040546 0.033660 0.030145 0.028401 0.027558 0.027162 0.026980 0.026899 0.026863 0.026846 0.026837 0.026827 0.026813 0.026788 0.026745 0.026670 0.026544 0.026341 0.026021 0.025535 0.024821 0.023810 0.022425 0.020600 0.018280 0.015445 0.012111 0.008345 0.004258 0.000000 
50.000000 42.662881 35.573920 28.956114 22.986393 17.782195 13.397085 9.825041 7.011457 4.867970 3.288095 2.161152 1.382933 0.862482 0.525276 0.313527 0.184603 0.108464 0.064829 0.040552 0.027434 0.020546 0.017030 0.015285 0.014442 0.014046 0.013865 0.013784 0.013748 0.013732 0.013724 0.013718 0.013710 0.013697 0.013674 0.013634 0.013569 0.013462 0.013295 0.013043 0.012673 0.012150 0.011437 0.010500 0.009311 0.007862 0.006162 0.004244 0.002165 0.000000 
50.000000 42.661870 35.571932 28.953215 22.982671 17.777757 13.392044 9.819509 7.005539 4.861759 3.281666 2.154570 1.376244 0.855723 0.518470 0.306692 0.177751 0.101602 0.057961 0.033681 0.020561 0.013672 0.010156 0.008411 0.007568 0.007172 0.006990 0.006909 0.006874 0.006858 0.006851 0.006847 0.006842 0.006835 0.006823 0.006803 0.006770 0.006715 0.006631 0.006503 0.006316 0.006053 0.005695 0.005225 0.004631 0.003908 0.003061 0.002108 0.001075 0.000000 
50.000000 42.661358 35.570925 28.951746 22.980787 17.775509 13.389491 9.816708 7.002542 4.858613 3.278411 2.151237 1.372857 0.852300 0.515024 0.303231 0.174282 0.098127 0.054483 0.030201 0.017080 0.010191 0.006675 0.004929 0.004086 0.003690 0.003509 0.003428 0.003393 0.003377 0.003371 0.003367 0.003364 0.003361 0.003355 0.003345 0.003328 0.003301 0.003258 0.003195 0.003102 0.002971 0.002794 0.002562 0.002270 0.001915 0.001499 0.001032 0.000526 0.000000 
50.000000 42.661113 35.570443 28.951044 22.979885 17.774435 13.388270 9.815368 7.001109 4.857108 3.276854 2.149643 1.371237 0.850663 0.513376 0.301577 0.172623 0.096465 0.052820 0.028538 0.015416 0.008527 0.005010 0.003265 0.002422 0.002026 0.001844 0.001763 0.001728 0.001713 0.001707 0.001704 0.001702 0.001700 0.001696 0.001691 0.001682 0.001668 0.001647 0.001614 0.001567 0.001500 0.001410 0.001293 0.001144 0.000965 0.000755 0.000520 0.000265 0.000000 
50.000000 42.661016 35.570252 28.950765 22.979527 17.774007 13.387785 9.814835 7.000539 4.856511 3.276236 2.149009 1.370594 0.850012 0.512721 0.300919 0.171963 0.095805 0.052159 0.027876 0.014755 0.007865 0.004349 0.002603 0.001760 0.001364 0.001183 0.001102 0.001067 0.001052 0.001045 0.001042 0.001041 0.001039 0.001037 0.001034 0.001029 0.001020 0.001006 0.000986 0.000957 0.000916 0.000861 0.000789 0.000698 0.000588 0.000460 0.000317 0.000161 0.000000 
50.000000 42.661016 35.570252 28.950765 22.979527 17.774007 13.387785 9.814835 7.000539 4.856511 3.276236 2.149009 1.370594 0.850012 0.512721 0.300919 0.171963 0.095805 0.052159 0.027876 0.014755 0.007865 0.004349 0.002603 0.001760 0.001364 0.001183 0.001102 0.001067 0.001052 0.001045 0.001042 0.001041 0.001039 0.001037 0.001034 0.001029 0.001020 0.001006 0.000986 0.000957 0.000916 0.000861 0.000789 0.000698 0.000588 0.000460 0.000317 0.000161 0.000000 
50.000000 42.661113 35.570443 28.951044 22.979885 17.774435 13.388270 9.815368 7.001109 4.857108 3.276854 2.149643 1.371237 0.850663 0.513376 0.301577 0.172623 0.096465 0.052820 0.028538 0.015416 0.008527 0.005010 0.003265 0.002422 0.002026 0.001844 0.001763 0.001728 0.001713 0.001707 0.001704 0.001702 0.001700 0.001696 0.001691 0.001682 0.001668 0.001647 0.001614 0.001567 0.001500 0.001410 0.001293 0.001144 0.000965 0.000755 0.000520 0.000265 0.000000 
50.000000 42.661358 35.570925 28.951746 22.980787 17.775509 13.389491 9.816708 7.002542 4.858613 3.278411 2.151237 1.372857 0.852300 0.515024 0.303231 0.174282 0.098127 0.054483 0.030201 0.017080 0.010191 0.006675 0.004929 0.004086 0.003690 0.003509 0.003428 0.003393 0.003377 0.003371 0.003367 0.003364 0.003361 0.003355 0.003345 0.003328 0.003301 0.003258 0.003195 0.003102 0.002971 0.002794 0.002562 0.002270 0.001915 0.001499 0.001032 0.000526 0.000000 
50.000000 42.661870 35.571932 28.953215 22.982671 17.777757 13.392044 9.819509 7.005539 4.861759 3.281666 2.154570 1.376244 0.855723 0.518470 0.306692 0.177751 0.101602 0.057961 0.033681 0.020561 0.013672 0.010156 0.008411 0.007568 0.007172 0.006990 0.006909 0.006874 0.006858 0.006851 0.006847 0.006842 0.006835 0.006823 0.006803 0.006770 0.006715 0.006631 0.006503 0.006316 0.006053 0.005695 0.005225 0.004631 0.003908 0.003061 0.002108 0.001075 0.000000 
50.000000 42.662881 35.573920 28.956114 22.986393 17.782195 13.397085 9.825041 7.011457 4.867970 3.288095 2.161152 1.382933 0.862482 0.525276 0.313527 0.184603 0.108464 0.064829 0.040552 0.027434 0.020546 0.017030 0.015285 0.014442 0.014046 0.013865 0.013784 0.013748 0.013732 0.013724 0.013718 0.013710 0.013697 0.013674 0.013634 0.013569 0.013462 0.013295 0.013043 0.012673 0.012150 0.011437 0.010500 0.009311 0.007862 0.006162 0.004244 0.002165 0.000000 
50.000000 42.664810 35.577712 28.961645 22.993492 17.790660 13.406701 9.835593 7.022746 4.879821 3.300358 2.173710 1.395693 0.875378 0.538259 0.326565 0.197675 0.121555 0.077932 0.053661 0.040546 0.033660 0.030145 0.028401 0.027558 0.027162 0.026980 0.026899 0.026863 0.026846 0.026837 0.026827 0.026813 0.026788 0.026745 0.026670 0.026544 0.026341 0.026021 0.025535 0.024821 0.023810 0.022425 0.020600 0.018280 0.015445 0.012111 0.008345 0.004258 0.000000 
50.000000 42.668380 35.584731 28.971883 23.006633 17.806330 13.424500 9.855127 7.043644 4.901757 3.323059 2.196956 1.419315 0.899251 0.562295 0.350702 0.221874 0.145791 0.102188 0.077929 0.064821 0.057938 0.054425 0.052681 0.051839 0.051443 0.051261 0.051179 0.051143 0.051125 0.051112 0.051097 0.051071 0.051026 0.050946 0.050808 0.050576 0.050197 0.049601 0.048693 0.047354 0.045450 0.042836 0.039377 0.034969 0.029567 0.023200 0.015993 0.008163 0.000000 
50.000000 42.674796 35.597345 28.990283 23.030249 17.834492 13.456491 9.890235 7.081205 4.941186 3.363863 2.238740 1.461775 0.942163 0.605498 0.394089 0.265372 0.189355 0.145790 0.121552 0.108454 0.101577 0.098067 0.096325 0.095483 0.095088 0.094906 0.094824 0.094786 0.094765 0.094748 0.094723 0.094678 0.094599 0.094456 0.094209 0.093791 0.093110 0.092032 0.090383 0.087945 0.084463 0.079665 0.073294 0.065147 0.055129 0.043290 0.029861 0.015247 0.000000 
50.000000 42.685990 35.619353 29.022384 23.071453 17.883628 13.512308 9.951490 7.146743 5.009983 3.435060 2.311648 1.535863 1.017040 0.680886 0.469797 0.341274 0.265372 0.221873 0.197671 0.184593 0.177726 0.174222 0.172482 0.171642 0.171246 0.171064 0.170981 0.170942 0.170917 0.170891 0.170850 0.170775 0.170638 0.170391 0.169962 0.169237 0.168047 0.166158 0.163257 0.158948 0.152768 0.144216 0.132811 0.118170 0.100098 0.078673 0.054306 0.027742 0.000000 
50.000000 42.704940 35.656612 29.076731 23.141212 17.966818 13.606810 10.055203 7.257707 5.126467 3.555611 2.435097 1.661312 1.143824 0.808535 0.597989 0.469796 0.394089 0.350701 0.326561 0.313516 0.306667 0.303172 0.301436 0.300598 0.300203 0.300021 0.299937 0.299894 0.299863 0.299824 0.299758 0.299634 0.299406 0.298994 0.298275 0.297054 0.295043 0.291838 0.286891 0.279510 0.268871 0.254077 0.234251 0.208679 0.176975 0.139246 0.096201 0.049170 0.000000 
50.000000 42.736061 35.717798 29.165981 23.255772 18.103437 13.762009 10.225531 7.439945 5.317775 3.753599 2.637848 1.867349 1.352057 1.018190 0.808535 0.680885 0.605498 0.562293 0.538255 0.525266 0.518445 0.514964 0.513236 0.512401 0.512007 0.511825 0.511739 0.511692 0.511652 0.511593 0.511488 0.511290 0.510924 0.510260 0.509095 0.507108 0.503823 0.498560 0.490397 0.478152 0.460405 0.435586 0.402134 0.358747 0.304678 0.240036 0.166008 0.084908 0.000000 
50.000000 42.785612 35.815223 29.308092 23.438184 18.320976 14.009137 10.496753 7.730138 5.622413 4.068879 2.960714 2.195451 1.683659 1.352057 1.143824 1.017039 0.942162 0.899250 0.875374 0.862472 0.855698 0.852240 0.850523 0.849694 0.849302 0.849120 0.849031 0.848978 0.848924 0.848838 0.848677 0.848372 0.847803 0.846771 0.844949 0.841829 0.836646 0.828298 0.815277 0.795626 0.766966 0.726620 0.671880 0.600418 0.510806 0.403073 0.279126 0.142886 0.000000 
50.000000 42.862081 35.965569 29.527399 23.719690 18.656693 14.390523 10.915329 8.177997 6.092573 4.555469 3.459017 2.701840 2.195451 1.867349 1.661312 1.535863 1.461774 1.419313 1.395689 1.382923 1.376220 1.372798 1.371099 1.370278 1.369889 1.369707 1.369615 1.369553 1.369481 1.369356 1.369119 1.368666 1.367817 1.366269 1.363526 1.358805 1.350920 1.338146 1.318096 1.287632 1.242879 1.179402 1.092608 0.978416 0.834149 0.659521 0.457458 0.234428 0.000000 
50.000000 42.976407 36.190351 29.855287 24.140575 19.158637 14.960754 11.541172 8.847632 6.795560 5.283030 4.204100 3.459017 2.960714 2.637847 2.435097 2.311648 2.238739 2.196954 2.173706 2.161143 2.154546 2.151178 2.149506 2.148698 2.148314 2.148132 2.148037 2.147964 2.147867 2.147693 2.147356 2.146708 2.145490 2.143259 2.139288 2.132416 2.120871 2.102050 2.072301 2.026754 1.959293 1.862768 1.729579 1.552715 1.327232 1.051985 0.731192 0.375224 0.000000 
50.000000 43.141944 36.515820 30.330049 24.749998 19.885437 15.786442 12.447397 9.817280 7.813513 6.336577 5.283030 4.555469 4.068879 3.753599 3.555611 3.435060 3.363862 3.323058 3.300354 3.288085 3.281643 3.278354 3.276721 3.275930 3.275555 3.275374 3.275273 3.275187 3.275061 3.274827 3.274368 3.273480 3.271804 3.268720 3.263202 3.253602 3.237373 3.210729 3.168289 3.102755 3.004782 2.863178 2.665682 2.400491 2.058618 1.636868 1.140789 0.586488 0.000000 
50.000000 43.373986 36.972051 30.995559 25.604278 20.904264 16.943901 13.717768 11.176573 9.240538 7.813513 6.795560 6.092573 5.622413 5.317775 5.126467 5.009983 4.941185 4.901756 4.879817 4.867961 4.861736 4.858557 4.856979 4.856214 4.855850 4.855671 4.855566 4.855465 4.855307 4.855003 4.854404 4.853241 4.851035 4.846958 4.839623 4.826787 4.804941 4.768807 4.710758 4.620269 4.483549 4.283628 4.001252 3.616975 3.114738 2.486826 1.739372 0.896444 0.000000 
50.000000 43.688777 37.590980 31.898402 26.763219 22.286446 18.514173 15.441240 13.020701 11.176573 9.817280 8.847632 8.177997 7.730138 7.439945 7.257707 7.146743 7.081205 7.043643 7.022743 7.011448 7.005517 7.002489 7.000985 7.000256 6.999906 6.999733 6.999623 6.999508 6.999316 6.998940 6.998196 6.996743 6.993975 6.988835 6.979540 6.963172 6.935118 6.888340 6.812497 6.693024 6.510350 6.239632 5.851534 5.314776 4.601192 3.693662 2.596124 1.342664 0.000000 
50.000000 44.101940 38.403328 33.083395 28.284353 24.100604 20.575222 17.703390 15.441240 13.717768 12.447397 11.541172 10.915329 10.496753 10.225531 10.055203 9.951490 9.890234 9.855125 9.835590 9.825033 9.819488 9.816658 9.815252 9.814569 9.814241 9.814074 9.813963 9.813835 9.813612 9.813171 9.812292 9.810570 9.807274 9.801126 9.789946 9.770133 9.735927 9.678405 9.584219 9.434141 9.201608 8.851695 8.341253 7.621379 6.643787 5.372655 3.802219 1.976459 0.000000 
50.000000 44.626438 39.434581 34.587719 30.215412 26.403668 23.191733 20.575222 18.514173 16.943901 15.786442 14.960754 14.390523 14.009137 13.762009 13.606810 13.512308 13.456491 13.424499 13.406698 13.397077 13.392025 13.389445 13.388163 13.387541 13.387240 13.387084 13.386974 13.386838 13.386593 13.386104 13.385125 13.383198 13.379497 13.372559 13.359875 13.337257 13.297915 13.231175 13.120759 12.942649 12.662639 12.233969 11.595867 10.674605 9.389846 7.670281 5.482545 2.872286 0.000000 
50.000000 45.270277 40.700484 36.434340 32.585880 29.230808 26.403668 24.100604 22.286446 20.904264 19.885437 19.158637 18.656693 18.320975 18.103437 17.966818 17.883628 17.834492 17.806329 17.790658 17.782188 17.777740 17.775469 17.774340 17.773791 17.773525 17.773384 17.773280 17.773143 17.772890 17.772383 17.771361 17.769346 17.765458 17.758140 17.744690 17.720558 17.678277 17.605921 17.484946 17.287289 16.971670 16.479226 15.729063 14.615404 13.010120 10.778376 7.820044 4.149484 0.000000 
50.000000 46.034335 42.202760 38.625774 35.398989 32.585880 30.215412 28.284353 26.763219 25.604278 24.749998 24.140575 23.719690 23.438184 23.255772 23.141212 23.071452 23.030249 23.006632 22.993490 22.986387 22.982657 22.980753 22.979806 22.979345 22.979120 22.979000 22.978906 22.978777 22.978537 22.978050 22.977067 22.975121 22.971355 22.964237 22.951094 22.927378 22.885541 22.813343 22.691380 22.489540 22.162026 21.640566 20.825566 19.575760 17.699495 14.957873 11.106142 6.025822 0.000000 
50.000000 46.910742 43.925939 41.139456 38.625774 36.434340 34.587719 33.083395 31.898402 30.995559 30.330049 29.855287 29.527399 29.308092 29.165981 29.076731 29.022384 28.990282 28.971882 28.961644 28.956110 28.953204 28.951720 28.950982 28.950622 28.950447 28.950351 28.950273 28.950164 28.949957 28.949536 28.948684 28.946992 28.943710 28.937486 28.925945 28.905019 28.867878 28.803302 28.693182 28.508733 28.204740 27.710741 26.917438 25.655964 23.667901 20.569728 15.841734 8.960011 0.000000 
50.000000 47.882261 45.836125 43.925939 42.202760 40.700484 39.434581 38.403328 37.590980 36.972051 36.515820 36.190351 35.965569 35.815223 35.717798 35.656612 35.619353 35.597345 35.584730 35.577711 35.573917 35.571924 35.570907 35.570401 35.570154 35.570033 35.569967 35.569911 35.569832 35.569679 35.569368 35.568738 35.567484 35.565046 35.560411 35.551790 35.536097 35.508111 35.459159 35.375031 35.232680 34.994856 34.601109 33.952036 32.880441 31.096617 28.084205 22.918062 14.067598 0.000000 
50.000000 48.922922 47.882261 46.910742 46.034335 45.270277 44.626438 44.101940 43.688777 43.373986 43.141944 42.976407 42.862081 42.785612 42.736061 42.704940 42.685990 42.674796 42.668380 42.664809 42.662880 42.661866 42.661349 42.661091 42.660966 42.660904 42.660870 42.660841 42.660799 42.660718 42.660553 42.660217 42.659549 42.658248 42.655770 42.651152 42.642726 42.627653 42.601183 42.555456 42.477543 42.346113 42.125481 41.754151 41.120794 40.008513 37.950732 33.814663 24.461461 0.000000 
50.000000 50.000000 50.000000 50.000000 50.000000 50.000000 50.000000 50.000000 50.000000 50.000000 50.000000 50.000000 50.000000 50.000000 50.000000 50.000000 50.000000 50.000000 50.000000 50.000000 50.000000 50.000000 50.000000 50.000000 50.000000 50.000000 50.000000 50.000000 50.000000 50.000000 50.000000 50.000000 50.000000 50.000000 50.000000 50.000000 50.000000 50.000000 50.000000 50.000000 50.000000 50.000000 50.000000 50.000000 50.000000 50.000000 50.000000 50.000000 50.000000 50.000000 
