50.000000 50.000000 50.000000 50.000000 50.000000 50.000000 50.000000 50.000000 50.000000 50.000000 50.000000 50.000000 50.000000 50.000000 50.000000 50.000000 50.000000 50.000000 50.000000 50.000000 50.000000 50.000000 50.000000 50.000000 50.000000 50.000000 50.000000 50.000000 50.000000 50.000000 50.000000 50.000000 50.000000 50.000000 50.000000 50.000000 50.000000 50.000000 50.000000 50.000000 50.000000 50.000000 50.000000 50.000000 50.000000 50.000000 50.000000 50.000000 50.000000 50.000000 
50.000000 48.557999 47.181251 45.926162 44.833437 43.924599 43.202219 42.653256 42.254187 41.976513 41.791465 41.673271 41.600865 41.558289 41.534240 41.521182 41.514359 41.510927 41.509264 41.508486 41.508135 41.507982 41.507918 41.507891 41.507881 41.507877 41.507875 41.507873 41.507869 41.507859 41.507836 41.507778 41.507642 41.507330 41.506636 41.505134 41.501978 41.495526 41.482689 41.457784 41.410559 41.322747 41.161853 40.869312 40.335962 39.345783 37.431329 33.456950 24.278999 0.000000 
50.000000 47.181251 44.490059 42.036682 39.900694 38.124160 36.712110 35.639047 34.858989 34.316224 33.954518 33.723491 33.581963 33.498744 33.451739 33.426215 33.412880 33.406172 33.402921 33.401401 33.400715 33.400416 33.400290 33.400238 33.400218 33.400210 33.400206 33.400203 33.400195 33.400178 33.400134 33.400028 33.399778 33.399205 33.397931 33.395181 33.389416 33.377671 33.354395 33.309476 33.224905 33.069192 32.787890 32.287105 31.403716 29.849661 27.106940 22.245029 13.724301 0.000000 
50.000000 45.926162 42.036682 38.490921 35.403881 32.836359 30.795620 29.244809 28.117465 27.333070 26.810342 26.476475 26.271949 26.151689 26.083763 26.046879 26.027611 26.017918 26.013220 26.011023 26.010032 26.009600 26.009418 26.009344 26.009314 26.009303 26.009297 26.009292 26.009283 26.009260 26.009203 26.009064 26.008737 26.007990 26.006333 26.002769 25.995326 25.980234 25.950509 25.893591 25.787527 25.594901 25.253378 24.661120 23.654772 21.978134 19.245461 14.929742 8.494833 0.000000 
50.000000 44.833437 39.900694 35.403881 31.488852 28.232708 25.644659 23.677955 22.248302 21.253577 20.590697 20.167320 19.907967 19.755471 19.669339 19.622572 19.598140 19.585850 19.579893 19.577108 19.575852 19.575304 19.575073 19.574979 19.574942 19.574927 19.574921 19.574915 19.574904 19.574879 19.574815 19.574662 19.574302 19.573483 19.571671 19.567789 19.559721 19.543461 19.511675 19.451384 19.340373 19.141867 18.796987 18.214756 17.260269 15.744426 13.425747 10.051033 5.487654 0.000000 
50.000000 43.924599 38.124160 32.836359 28.232708 24.403870 21.360666 19.048113 17.367078 16.197467 15.418057 14.920265 14.615333 14.436041 14.334778 14.279796 14.251074 14.236626 14.229623 14.226349 14.224872 14.224229 14.223957 14.223847 14.223803 14.223786 14.223778 14.223772 14.223762 14.223737 14.223674 14.223524 14.223172 14.222372 14.220611 14.216856 14.209096 14.193562 14.163447 14.106902 14.004096 13.823144 13.514961 13.007614 12.201935 10.972439 9.181587 6.720445 3.588637 0.000000 
50.000000 43.202219 36.712110 30.795620 25.644659 21.360666 17.955740 15.368348 13.487558 12.178988 11.306995 10.750085 10.408947 10.208373 10.095092 10.033587 10.001457 9.985297 9.977464 9.973802 9.972150 9.971430 9.971127 9.971003 9.970954 9.970935 9.970927 9.970921 9.970912 9.970889 9.970833 9.970698 9.970384 9.969672 9.968113 9.964803 9.958005 9.944494 9.918523 9.870259 9.783596 9.633358 9.382175 8.977870 8.353052 7.429903 6.134499 4.425005 2.332907 0.000000 
50.000000 42.653256 35.639047 29.244809 23.677955 19.048113 15.368348 12.572146 10.539603 9.125475 8.183161 7.581351 7.212719 6.995985 6.873581 6.807123 6.772409 6.754948 6.746485 6.742529 6.740744 6.739966 6.739639 6.739505 6.739453 6.739432 6.739424 6.739418 6.739410 6.739391 6.739344 6.739233 6.738973 6.738387 6.737110 6.734414 6.728909 6.718045 6.697338 6.659240 6.591639 6.476081 6.286073 5.986173 5.533152 4.880968 3.991430 2.851158 1.491402 0.000000 
50.000000 42.254187 34.858989 28.117465 22.248302 17.367078 13.487558 10.539603 8.396784 6.905956 5.912551 5.278125 4.889523 4.661052 4.532023 4.461971 4.425379 4.406975 4.398055 4.393885 4.392004 4.391185 4.390839 4.390699 4.390643 4.390621 4.390613 4.390608 4.390601 4.390586 4.390550 4.390464 4.390263 4.389814 4.388838 4.386787 4.382626 4.374471 4.359052 4.330951 4.281631 4.198392 4.063522 3.854201 3.543934 3.106436 2.522564 1.789797 0.931439 0.000000 
50.000000 41.976513 34.316224 27.333070 21.253577 16.197467 12.178988 9.125475 6.905956 5.361788 4.332857 3.675754 3.273269 3.036642 2.903009 2.830458 2.792563 2.773503 2.764266 2.759948 2.758000 2.757151 2.756794 2.756648 2.756591 2.756568 2.756560 2.756555 2.756550 2.756539 2.756513 2.756450 2.756305 2.755981 2.755279 2.753814 2.750858 2.745103 2.734304 2.714795 2.680894 2.624325 2.533836 2.395391 2.193371 1.913204 1.545543 1.091319 0.565953 0.000000 
50.000000 41.791465 33.954518 26.810342 20.590697 15.418057 11.306995 8.183161 5.912551 4.332857 3.280267 2.608066 2.196338 1.954281 1.817585 1.743372 1.704609 1.685114 1.675665 1.671249 1.669257 1.668389 1.668023 1.667874 1.667815 1.667793 1.667784 1.667780 1.667776 1.667768 1.667750 1.667707 1.667608 1.667387 1.666912 1.665923 1.663939 1.660101 1.652950 1.640134 1.618062 1.581600 1.523920 1.436737 1.311155 1.139313 0.916751 0.645042 0.333681 0.000000 
50.000000 41.673271 33.723491 26.476475 20.167320 14.920265 10.750085 7.581351 5.278125 3.675754 2.608066 1.926229 1.508605 1.263085 1.124434 1.049162 1.009846 0.990073 0.980490 0.976011 0.973991 0.973110 0.972740 0.972588 0.972529 0.972506 0.972497 0.972494 0.972491 0.972485 0.972473 0.972446 0.972381 0.972239 0.971933 0.971301 0.970038 0.967610 0.963115 0.955115 0.941450 0.919073 0.884013 0.831562 0.756818 0.655645 0.525966 0.369096 0.190582 0.000000 
50.000000 41.600865 33.581963 26.271949 19.907967 14.615333 10.408947 7.212719 4.889523 3.273269 2.196338 1.508605 1.087374 0.839735 0.699889 0.623969 0.584315 0.564372 0.554707 0.550190 0.548152 0.547264 0.546890 0.546738 0.546678 0.546655 0.546646 0.546642 0.546640 0.546637 0.546629 0.546612 0.546573 0.546485 0.546299 0.545914 0.545149 0.543687 0.540995 0.536237 0.528166 0.515052 0.494674 0.464452 0.421770 0.364506 0.291716 0.204292 0.105339 0.000000 
50.000000 41.558289 33.498744 26.151689 19.755471 14.436041 10.208373 6.995985 4.661052 3.036642 1.954281 1.263085 0.839735 0.590852 0.450305 0.374005 0.334152 0.314110 0.304397 0.299857 0.297809 0.296917 0.296541 0.296388 0.296327 0.296304 0.296296 0.296292 0.296291 0.296288 0.296284 0.296274 0.296251 0.296200 0.296091 0.295868 0.295426 0.294586 0.293047 0.290342 0.285784 0.278427 0.267076 0.250367 0.226946 0.195750 0.156363 0.109328 0.056311 0.000000 
50.000000 41.534240 33.451739 26.083763 19.669339 14.334778 10.095092 6.873581 4.532023 2.903009 1.817585 1.124434 0.699889 0.450305 0.309362 0.232848 0.192884 0.172785 0.163045 0.158492 0.156439 0.155544 0.155167 0.155014 0.154953 0.154930 0.154921 0.154918 0.154917 0.154915 0.154913 0.154907 0.154894 0.154865 0.154805 0.154681 0.154437 0.153975 0.153133 0.151662 0.149194 0.145236 0.139167 0.130289 0.117922 0.101551 0.080994 0.056558 0.029106 0.000000 
50.000000 41.521182 33.426215 26.046879 19.622572 14.279796 10.033587 6.807123 4.461971 2.830458 1.743372 1.049162 0.623969 0.374005 0.232848 0.156217 0.116192 0.096064 0.086309 0.081749 0.079693 0.078796 0.078419 0.078265 0.078205 0.078181 0.078173 0.078170 0.078168 0.078167 0.078166 0.078163 0.078156 0.078141 0.078108 0.078043 0.077914 0.077670 0.077229 0.076460 0.075179 0.073133 0.070013 0.065474 0.059185 0.050901 0.040546 0.028284 0.014546 0.000000 
50.000000 41.514359 33.412880 26.027611 19.598140 14.251074 10.001457 6.772409 4.425379 2.792563 1.704609 1.009846 0.584315 0.334152 0.192884 0.116192 0.076136 0.055992 0.046229 0.041666 0.039608 0.038711 0.038333 0.038179 0.038119 0.038096 0.038087 0.038084 0.038083 0.038082 0.038081 0.038080 0.038076 0.038068 0.038052 0.038018 0.037953 0.037830 0.037607 0.037222 0.036582 0.035565 0.034021 0.031785 0.028702 0.024657 0.019621 0.013676 0.007029 0.000000 
50.000000 41.510927 33.406172 26.017918 19.585850 14.236626 9.985297 6.754948 4.406975 2.773503 1.685114 0.990073 0.564372 0.314110 0.172785 0.096064 0.055992 0.035839 0.026073 0.021508 0.019449 0.018552 0.018174 0.018020 0.017959 0.017936 0.017927 0.017924 0.017923 0.017923 0.017922 0.017921 0.017920 0.017916 0.017908 0.017891 0.017859 0.017800 0.017692 0.017506 0.017198 0.016711 0.015975 0.014913 0.013454 0.011548 0.009181 0.006395 0.003285 0.000000 
50.000000 41.509264 33.402921 26.013220 19.579893 14.229623 9.977464 6.746485 4.398055 2.764266 1.675665 0.980490 0.554707 0.304397 0.163045 0.086309 0.046229 0.026073 0.016304 0.011739 0.009679 0.008782 0.008404 0.008250 0.008189 0.008166 0.008158 0.008154 0.008153 0.008153 0.008153 0.008152 0.008151 0.008150 0.008146 0.008138 0.008123 0.008095 0.008045 0.007958 0.007816 0.007591 0.007252 0.006766 0.006099 0.005231 0.004156 0.002893 0.001486 0.000000 
50.000000 41.508486 33.401401 26.011023 19.577108 14.226349 9.973802 6.742529 4.393885 2.759948 1.671249 0.976011 0.550190 0.299857 0.158493 0.081749 0.041666 0.021508 0.011739 0.007173 0.005113 0.004216 0.003838 0.003684 0.003623 0.003600 0.003591 0.003588 0.003587 0.003587 0.003587 0.003586 0.003586 0.003585 0.003583 0.003580 0.003573 0.003561 0.003538 0.003499 0.003436 0.003335 0.003185 0.002969 0.002675 0.002293 0.001820 0.001267 0.000650 0.000000 
50.000000 41.508135 33.400715 26.010032 19.575852 14.224872 9.972150 6.740744 4.392004 2.758000 1.669257 0.973991 0.548152 0.297809 0.156439 0.079693 0.039608 0.019449 0.009680 0.005113 0.003054 0.002156 0.001778 0.001624 0.001563 0.001540 0.001532 0.001529 0.001528 0.001527 0.001527 0.001527 0.001527 0.001526 0.001526 0.001524 0.001521 0.001516 0.001506 0.001489 0.001462 0.001418 0.001354 0.001262 0.001136 0.000973 0.000772 0.000537 0.000276 0.000000 
50.000000 41.507982 33.400416 26.009600 19.575304 14.224229 9.971430 6.739967 4.391185 2.757152 1.668389 0.973111 0.547265 0.296917 0.155545 0.078797 0.038712 0.018552 0.008783 0.004216 0.002157 0.001259 0.000881 0.000727 0.000666 0.000643 0.000635 0.000631 0.000630 0.000630 0.000630 0.000630 0.000630 0.000630 0.000629 0.000629 0.000627 0.000625 0.000621 0.000614 0.000602 0.000584 0.000558 0.000519 0.000467 0.000400 0.000317 0.000221 0.000113 0.000000 
50.000000 41.507918 33.400290 26.009419 19.575074 14.223959 9.971128 6.739640 4.390841 2.756795 1.668025 0.972741 0.546892 0.296543 0.155169 0.078421 0.038335 0.018176 0.008406 0.003839 0.001780 0.000882 0.000504 0.000350 0.000289 0.000266 0.000258 0.000255 0.000253 0.000253 0.000253 0.000253 0.000253 0.000253 0.000253 0.000252 0.000252 0.000251 0.000249 0.000246 0.000242 0.000234 0.000224 0.000208 0.000187 0.000160 0.000127 0.000088 0.000045 0.000000 
50.000000 41.507892 33.400240 26.009346 19.574982 14.223850 9.971007 6.739509 4.390703 2.756653 1.667879 0.972593 0.546742 0.296393 0.155018 0.078270 0.038184 0.018025 0.008255 0.003689 0.001629 0.000731 0.000353 0.000199 0.000138 0.000115 0.000107 0.000104 0.000103 0.000102 0.000102 0.000102 0.000102 0.000102 0.000102 0.000102 0.000102 0.000101 0.000100 0.000099 0.000097 0.000094 0.000090 0.000084 0.000075 0.000064 0.000051 0.000036 0.000018 0.000000 
50.000000 41.507883 33.400223 26.009321 19.574950 14.223813 9.970965 6.739464 4.390655 2.756603 1.667828 0.972542 0.546691 0.296341 0.154966 0.078218 0.038132 0.017973 0.008203 0.003636 0.001577 0.000679 0.000301 0.000147 0.000086 0.000063 0.000055 0.000051 0.000050 0.000050 0.000050 0.000050 0.000050 0.000050 0.000050 0.000050 0.000050 0.000049 0.000049 0.000049 0.000048 0.000046 0.000044 0.000041 0.000037 0.000031 0.000025 0.000017 0.000009 0.000000 
50.000000 41.507883 33.400223 26.009321 19.574950 14.223813 9.970965 6.739464 4.390655 2.756603 1.667828 0.972542 0.546691 0.296341 0.154966 0.078218 0.038132 0.017973 0.008203 0.003636 0.001577 0.000679 0.000301 0.000147 0.000086 0.000063 0.000055 0.000051 0.000050 0.000050 0.000050 0.000050 0.000050 0.000050 0.000050 0.000050 0.000050 0.000049 0.000049 0.000049 0.000048 0.000046 0.000044 0.000041 0.000037 0.000031 0.000025 0.000017 0.000009 0.000000 
50.000000 41.507892 33.400240 26.009346 19.574982 14.223850 9.971007 6.739509 4.390703 2.756653 1.667879 0.972593 0.546742 0.296393 0.155018 0.078270 0.038184 0.018025 0.008255 0.003689 0.001629 0.000731 0.000353 0.000199 0.000138 0.000115 0.000107 0.000104 0.000103 0.000102 0.000102 0.000102 0.000102 0.000102 0.000102 0.000102 0.000102 0.000101 0.000100 0.000099 0.000097 0.000094 0.000090 0.000084 0.000075 0.000064 0.000051 0.000036 0.000018 0.000000 
50.000000 41.507918 33.400290 26.009419 19.575074 14.223959 9.971128 6.739640 4.390841 2.756795 1.668025 0.972741 0.546892 0.296543 0.155169 0.078421 0.038335 0.018176 0.008406 0.003839 0.001780 0.000882 0.000504 0.000350 0.000289 0.000266 0.000258 0.000255 0.000253 0.000253 0.000253 0.000253 0.000253 0.000253 0.000253 0.000252 0.000252 0.000251 0.000249 0.000246 0.000242 0.000234 0.000224 0.000208 0.000187 0.000160 0.000127 0.000088 0.000045 0.000000 
50.000000 41.507982 33.400416 26.009600 19.575304 14.224229 9.971430 6.739967 4.391185 2.757152 1.668389 0.973111 0.547265 0.296917 0.155545 0.078797 0.038712 0.018552 0.008783 0.004216 0.002157 0.001259 0.000881 0.000727 0.000666 0.000643 0.000635 0.000631 0.000630 0.000630 0.000630 0.000630 0.000630 0.000630 0.000629 0.000629 0.000627 0.000625 0.000621 0.000614 0.000602 0.000584 0.000558 0.000519 0.000467 0.000400 0.000317 0.000221 0.000113 0.000000 
50.000000 41.508135 33.400715 26.010032 19.575852 14.224872 9.972150 6.740744 4.392004 2.758000 1.669257 0.973991 0.548152 0.297809 0.156439 0.079693 0.039608 0.019449 0.009680 0.005113 0.003054 0.002156 0.001778 0.001624 0.001563 0.001540 0.001532 0.001529 0.001528 0.001527 0.001527 0.001527 0.001527 0.001526 0.001526 0.001524 0.001521 0.001516 0.001506 0.001489 0.001462 0.001418 0.001354 0.001262 0.001136 0.000973 0.000772 0.000537 0.000276 0.000000 
50.000000 41.508486 33.401401 26.011023 19.577108 14.226349 9.973802 6.742529 4.393885 2.759948 1.671249 0.976011 0.550190 0.299857 0.158493 0.081749 0.041666 0.021508 0.011739 0.007173 0.005113 0.004216 0.003838 0.003684 0.003623 0.003600 0.003591 0.003588 0.003587 0.003587 0.003587 0.003586 0.003586 0.003585 0.003583 0.003580 0.003573 0.003561 0.003538 0.003499 0.003436 0.003335 0.003185 0.002969 0.002675 0.002293 0.001820 0.001267 0.000650 0.000000 
50.000000 41.509264 33.402921 26.013220 19.579893 14.229623 9.977464 6.746485 4.398055 2.764266 1.675665 0.980490 0.554707 0.304397 0.163045 0.086309 0.046229 0.026073 0.016304 0.011739 0.009679 0.008782 0.008404 0.008250 0.008189 0.008166 0.008158 0.008154 0.008153 0.008153 0.008153 0.008152 0.008151 0.008150 0.008146 0.008138 0.008123 0.008095 0.008045 0.007958 0.007816 0.007591 0.007252 0.006766 0.006099 0.005231 0.004156 0.002893 0.001486 0.000000 
50.000000 41.510927 33.406172 26.017918 19.585850 14.236626 9.985297 6.754948 4.406975 2.773503 1.685114 0.990073 0.564372 0.314110 0.172785 0.096064 0.055992 0.035839 0.026073 0.021508 0.019449 0.018552 0.018174 0.018020 0.017959 0.017936 0.017927 0.017924 0.017923 0.017923 0.017922 0.017921 0.017920 0.017916 0.017908 0.017891 0.017859 0.017800 0.017692 0.017506 0.017198 0.016711 0.015975 0.014913 0.013454 0.011548 0.009181 0.006395 0.003285 0.000000 
50.000000 41.514359 33.412880 26.027611 19.598140 14.251074 10.001457 6.772409 4.425379 2.792563 1.704609 1.009846 0.584315 0.334152 0.192884 0.116192 0.076136 0.055992 0.046229 0.041666 0.039608 0.038711 0.038333 0.038179 0.038119 0.038096 0.038087 0.038084 0.038083 0.038082 0.038081 0.038080 0.038076 0.038068 0.038052 0.038018 0.037953 0.037830 0.037607 0.037222 0.036582 0.035565 0.034021 0.031785 0.028702 0.024657 0.019621 0.013676 0.007029 0.000000 
50.000000 41.521182 33.426215 26.046879 19.622572 14.279796 10.033587 6.807123 4.461971 2.830458 1.743372 1.049162 0.623969 0.374005 0.232848 0.156217 0.116192 0.096064 0.086309 0.081749 0.079693 0.078796 0.078419 0.078265 0.078205 0.078181 0.078173 0.078170 0.078168 0.078167 0.078166 0.078163 0.078156 0.078141 0.078108 0.078043 0.077914 0.077670 0.077229 0.076460 0.075179 0.073133 0.070013 0.065474 0.059185 0.050901 0.040546 0.028284 0.014546 0.000000 
50.000000 41.534240 33.451739 26.083763 19.669339 14.334778 10.095092 6.873581 4.532023 2.903009 1.817585 1.124434 0.699889 0.450305 0.309362 0.232848 0.192884 0.172785 0.163045 0.158492 0.156439 0.155544 0.155167 0.155014 0.154953 0.154930 0.154921 0.154918 0.154917 0.154915 0.154913 0.154907 0.154894 0.154865 0.154805 0.154681 0.154437 0.153975 0.153133 0.151662 0.149194 0.145236 0.139167 0.130289 0.117922 0.101551 0.080994 0.056558 0.029106 0.000000 
50.000000 41.558289 33.498744 26.151689 19.755471 14.436041 10.208373 6.995985 4.661052 3.036642 1.954281 1.263085 0.839735 0.590852 0.450305 0.374005 0.334152 0.314110 0.304397 0.299857 0.297809 0.296917 0.296541 0.296388 0.296327 0.296304 0.296296 0.296292 0.296291 0.296288 0.296284 0.296274 0.296251 0.296200 0.296091 0.295868 0.295426 0.294586 0.293047 0.290342 0.285784 0.278427 0.267076 0.250367 0.226946 0.195750 0.156363 0.109328 0.056311 0.000000 
50.000000 41.600865 33.581963 26.271949 19.907967 14.615333 10.408947 7.212719 4.889523 3.273269 2.196338 1.508605 1.087374 0.839735 0.699889 0.623969 0.584315 0.564372 0.554707 0.550190 0.548152 0.547264 0.546890 0.546738 0.546678 0.546655 0.546646 0.546642 0.546640 0.546637 0.546629 0.546612 0.546573 0.546485 0.546299 0.545914 0.545149 0.543687 0.540995 0.536237 0.528166 0.515052 0.494674 0.464452 0.421770 0.364506 0.291716 0.204292 0.105339 0.000000 
50.000000 41.673271 33.723491 26.476475 20.167320 14.920265 10.750085 7.581351 5.278125 3.675754 2.608066 1.926229 1.508605 1.263085 1.124434 1.049162 1.009846 0.990073 0.980490 0.976011 0.973991 0.973110 0.972740 0.972588 0.972529 0.972506 0.972497 0.972494 0.972491 0.972485 0.972473 0.972446 0.972381 0.972239 0.971933 0.971301 0.970038 0.967610 0.963115 0.955115 0.941450 0.919073 0.884013 0.831562 0.756818 0.655645 0.525966 0.369096 0.190582 0.000000 
50.000000 41.791465 33.954518 26.810342 20.590697 15.418057 11.306995 8.183161 5.912551 4.332857 3.280267 2.608066 2.196338 1.954281 1.817585 1.743372 1.704609 1.685114 1.675665 1.671249 1.669257 1.668389 1.668023 1.667874 1.667815 1.667793 1.667784 1.667780 1.667776 1.667768 1.667750 1.667707 1.667608 1.667387 1.666912 1.665923 1.663939 1.660101 1.652950 1.640134 1.618062 1.581600 1.523920 1.436737 1.311155 1.139313 0.916751 0.645042 0.333681 0.000000 
50.000000 41.976513 34.316224 27.333070 21.253577 16.197467 12.178988 9.125475 6.905956 5.361788 4.332857 3.675754 3.273269 3.036642 2.903009 2.830458 2.792563 2.773503 2.764266 2.759948 2.758000 2.757151 2.756794 2.756648 2.756591 2.756568 2.756560 2.756555 2.756550 2.756539 2.756513 2.756450 2.756305 2.755981 2.755279 2.753814 2.750858 2.745103 2.734304 2.714795 2.680894 2.624325 2.533836 2.395391 2.193371 1.913204 1.545543 1.091319 0.565953 0.000000 
50.000000 42.254187 34.858989 28.117465 22.248302 17.367078 13.487558 10.539603 8.396784 6.905956 5.912551 5.278125 4.889523 4.661052 4.532023 4.461971 4.425379 4.406975 4.398055 4.393885 4.392004 4.391185 4.390839 4.390699 4.390643 4.390621 4.390613 4.390608 4.390601 4.390586 4.390550 4.390464 4.390263 4.389814 4.388838 4.386787 4.382626 4.374471 4.359052 4.330951 4.281631 4.198392 4.063522 3.854201 3.543934 3.106436 2.522564 1.789797 0.931439 0.000000 
50.000000 42.653256 35.639047 29.244809 23.677955 19.048113 15.368348 12.572146 10.539603 9.125475 8.183161 7.581351 7.212719 6.995985 6.873581 6.807123 6.772409 6.754948 6.746485 6.742529 6.740744 6.739966 6.739639 6.739505 6.739453 6.739432 6.739424 6.739418 6.739410 6.739391 6.739344 6.739233 6.738973 6.738387 6.737110 6.734414 6.728909 6.718045 6.697338 6.659240 6.591639 6.476081 6.286073 5.986173 5.533152 4.880968 3.991430 2.851158 1.491402 0.000000 
50.000000 43.202219 36.712110 30.795620 25.644659 21.360666 17.955740 15.368348 13.487558 12.178988 11.306995 10.750085 10.408947 10.208373 10.095092 10.033587 10.001457 9.985297 9.977464 9.973802 9.972150 9.971430 9.971127 9.971003 9.970954 9.970935 9.970927 9.970921 9.970912 9.970889 9.970833 9.970698 9.970384 9.969672 9.968113 9.964803 9.958005 9.944494 9.918523 9.870259 9.783596 9.633358 9.382175 8.977870 8.353052 7.429903 6.134499 4.425005 2.332907 0.000000 
50.000000 43.924599 38.124160 32.836359 28.232708 24.403870 21.360666 19.048113 17.367078 16.197467 15.418057 14.920265 14.615333 14.436041 14.334778 14.279796 14.251074 14.236626 14.229623 14.226349 14.224872 14.224229 14.223957 14.223847 14.223803 14.223786 14.223778 14.223772 14.223762 14.223737 14.223674 14.223524 14.223172 14.222372 14.220611 14.216856 14.209096 14.193562 14.163447 14.106902 14.004096 13.823144 13.514961 13.007614 12.201935 10.972439 9.181587 6.720445 3.588637 0.000000 
50.000000 44.833437 39.900694 35.403881 31.488852 28.232708 25.644659 23.677955 22.248302 21.253577 20.590697 20.167320 19.907967 19.755471 19.669339 19.622572 19.598140 19.585850 19.579893 19.577108 19.575852 19.575304 19.575073 19.574979 19.574942 19.574927 19.574921 19.574915 19.574904 19.574879 19.574815 19.574662 19.574302 19.573483 19.571671 19.567789 19.559721 19.543461 19.511675 19.451384 19.340373 19.141867 18.796987 18.214756 17.260269 15.744426 13.425747 10.051033 5.487654 0.000000 
50.000000 45.926162 42.036682 38.490921 35.403881 32.836359 30.795620 29.244809 28.117465 27.333070 26.810342 26.476475 26.271949 26.151689 26.083763 26.046879 26.027611 26.017918 26.013220 26.011023 26.010032 26.009600 26.009418 26.009344 26.009314 26.009303 26.009297 26.009292 26.009283 26.009260 26.009203 26.009064 26.008737 26.007990 26.006333 26.002769 25.995326 25.980234 25.950509 25.893591 25.787527 25.594901 25.253378 24.661120 23.654772 21.978134 19.245461 14.929742 8.494833 0.000000 
50.000000 47.181251 44.490059 42.036682 39.900694 38.124160 36.712110 35.639047 34.858989 34.316224 33.954518 33.723491 33.581963 33.498744 33.451739 33.426215 33.412880 33.406172 33.402921 33.401401 33.400715 33.400416 33.400290 33.400238 33.400218 33.400210 33.400206 33.400203 33.400195 33.400178 33.400134 33.400028 33.399778 33.399205 33.397931 33.395181 33.389416 33.377671 33.354395 33.309476 33.224905 33.069192 32.787890 32.287105 31.403716 29.849661 27.106940 22.245029 13.724301 0.000000 
50.000000 48.557999 47.181251 45.926162 44.833437 43.924599 43.202219 42.653256 42.254187 41.976513 41.791465 41.673271 41.600865 41.558289 41.534240 41.521182 41.514359 41.510927 41.509264 41.508486 41.508135 41.507982 41.507918 41.507891 41.507881 41.507877 41.507875 41.507873 41.507869 41.507859 41.507836 41.507778 41.507642 41.507330 41.506636 41.505134 41.501978 41.495526 41.482689 41.457784 41.410559 41.322747 41.161853 40.869312 40.335962 39.345783 37.431329 33.456950 24.278999 0.000000 
50.000000 50.000000 50.000000 50.000000 50.000000 50.000000 50.000000 50.000000 50.000000 50.000000 50.000000 50.000000 50.000000 50.000000 50.000000 50.000000 50.000000 50.000000 50.000000 50.000000 50.000000 50.000000 50.000000 50.000000 50.000000 50.000000 50.000000 50.000000 50.000000 50.000000 50.000000 50.000000 50.000000 50.000000 50.000000 50.000000 50.000000 50.000000 50.000000 50.000000 50.000000 50.000000 50.000000 50.000000 50.000000 50.000000 50.000000 50.000000 50.000000 50.000000 
