50.000000 50.000000 50.000000 50.000000 50.000000 50.000000 50.000000 50.000000 50.000000 50.000000 50.000000 50.000000 50.000000 50.000000 50.000000 50.000000 50.000000 50.000000 50.000000 50.000000 50.000000 50.000000 50.000000 50.000000 50.000000 50.000000 50.000000 50.000000 50.000000 50.000000 50.000000 50.000000 50.000000 50.000000 50.000000 50.000000 50.000000 50.000000 50.000000 50.000000 50.000000 50.000000 50.000000 50.000000 50.000000 50.000000 50.000000 50.000000 50.000000 50.000000 
50.000000 47.411641 45.033272 43.023909 41.461182 40.340484 39.597838 39.142016 38.882216 38.744344 38.676037 38.644358 38.630569 38.624922 38.622740 38.621944 38.621668 38.621578 38.621549 38.621541 38.621538 38.621538 38.621538 38.621538 38.621538 38.621538 38.621538 38.621538 38.621538 38.621538 38.621537 38.621537 38.621536 38.621530 38.621512 38.621453 38.621272 38.620736 38.619227 38.615161 38.604683 38.578822 38.517498 38.377077 38.063993 37.375234 35.849570 32.346794 23.705820 0.000000 
50.000000 45.033272 40.469517 36.613875 33.615308 31.464956 30.040033 29.165471 28.667023 28.402516 28.271474 28.210703 28.184252 28.173420 28.169235 28.167708 28.167179 28.167005 28.166951 28.166935 28.166931 28.166929 28.166929 28.166929 28.166929 28.166929 28.166929 28.166929 28.166929 28.166929 28.166929 28.166928 28.166925 28.166916 28.166885 28.166784 28.166473 28.165560 28.162998 28.156133 28.138578 28.095700 27.995532 27.771173 27.287648 26.280318 24.242307 20.234758 12.686478 0.000000 
50.000000 43.023909 36.613875 31.198519 26.987057 23.967007 21.965865 20.737700 20.037756 19.666346 19.482353 19.397031 19.359898 19.344691 19.338818 19.336674 19.335932 19.335689 19.335613 19.335590 19.335584 19.335582 19.335581 19.335581 19.335581 19.335581 19.335581 19.335581 19.335581 19.335581 19.335581 19.335580 19.335577 19.335566 19.335529 19.335412 19.335051 19.333997 19.331055 19.323237 19.303452 19.255794 19.146529 18.908073 18.412688 17.433706 15.599260 12.371568 7.174340 0.000000 
50.000000 41.461182 33.615308 26.987057 21.832499 18.136301 15.687250 14.184274 13.327767 12.873311 12.648196 12.543813 12.498388 12.479788 12.472604 12.469982 12.469075 12.468777 12.468684 12.468656 12.468648 12.468646 12.468646 12.468646 12.468646 12.468646 12.468646 12.468646 12.468646 12.468646 12.468645 12.468644 12.468642 12.468631 12.468596 12.468486 12.468148 12.467164 12.464442 12.457271 12.439336 12.396772 12.301062 12.097455 11.688569 10.916250 9.553352 7.334990 4.085948 0.000000 
50.000000 40.340484 31.464956 23.967007 18.136301 13.955428 11.185376 9.485502 8.516851 8.002930 7.748379 7.630357 7.579000 7.557973 7.549854 7.546890 7.545865 7.545528 7.545423 7.545392 7.545383 7.545381 7.545380 7.545380 7.545380 7.545380 7.545380 7.545380 7.545380 7.545380 7.545379 7.545379 7.545376 7.545368 7.545340 7.545250 7.544979 7.544194 7.542038 7.536412 7.522502 7.489971 7.418148 7.268857 6.977714 6.447733 5.554319 4.177308 2.276491 0.000000 
50.000000 39.597838 30.040033 21.965865 15.687250 11.185376 8.202781 6.372575 5.329719 4.776465 4.502450 4.375414 4.320139 4.297510 4.288773 4.285583 4.284481 4.284118 4.284005 4.283972 4.283962 4.283960 4.283959 4.283959 4.283959 4.283959 4.283959 4.283959 4.283959 4.283959 4.283958 4.283958 4.283956 4.283950 4.283930 4.283866 4.283674 4.283122 4.281616 4.277724 4.268205 4.246242 4.198547 4.101390 3.916519 3.589795 3.057792 2.268860 1.220761 0.000000 
50.000000 39.142016 29.165471 20.737700 14.184274 9.485502 6.372575 4.462477 3.374153 2.796808 2.510879 2.378326 2.320655 2.297047 2.287932 2.284606 2.283455 2.283078 2.282960 2.282924 2.282915 2.282912 2.282911 2.282911 2.282911 2.282911 2.282911 2.282911 2.282911 2.282911 2.282911 2.282910 2.282909 2.282905 2.282893 2.282852 2.282730 2.282381 2.281437 2.279018 2.273162 2.259812 2.231239 2.174027 2.067354 1.883211 1.591171 1.169940 0.624518 0.000000 
50.000000 38.882216 28.667023 20.037756 13.327767 8.516851 5.329719 3.374153 2.259962 1.668919 1.376219 1.240534 1.181503 1.157339 1.148010 1.144605 1.143428 1.143042 1.142921 1.142885 1.142875 1.142872 1.142871 1.142871 1.142871 1.142871 1.142871 1.142871 1.142871 1.142871 1.142871 1.142871 1.142870 1.142868 1.142860 1.142837 1.142767 1.142567 1.142029 1.140661 1.137380 1.129981 1.114341 1.083477 1.026881 0.930995 0.781962 0.571323 0.303393 0.000000 
50.000000 38.744344 28.402516 19.666346 12.873311 8.002930 4.776465 2.796808 1.668919 1.070625 0.774343 0.637002 0.577253 0.552796 0.543354 0.539908 0.538717 0.538326 0.538204 0.538167 0.538157 0.538154 0.538153 0.538153 0.538153 0.538153 0.538153 0.538153 0.538153 0.538153 0.538153 0.538153 0.538153 0.538152 0.538148 0.538135 0.538098 0.537993 0.537712 0.537002 0.535313 0.531538 0.523646 0.508259 0.480428 0.433975 0.362893 0.263938 0.139661 0.000000 
50.000000 38.676037 28.271474 19.482353 12.648196 7.748379 4.502450 2.510879 1.376219 0.774343 0.476293 0.338135 0.278031 0.253430 0.243932 0.240466 0.239268 0.238875 0.238752 0.238715 0.238705 0.238702 0.238701 0.238701 0.238701 0.238701 0.238701 0.238701 0.238701 0.238701 0.238701 0.238701 0.238701 0.238700 0.238698 0.238692 0.238674 0.238623 0.238487 0.238147 0.237342 0.235558 0.231861 0.224727 0.211967 0.190925 0.159116 0.115341 0.060876 0.000000 
50.000000 38.644358 28.210703 19.397031 12.543813 7.630357 4.375414 2.378326 1.240534 0.637002 0.338135 0.199600 0.139332 0.114664 0.105141 0.101666 0.100464 0.100070 0.099947 0.099910 0.099900 0.099897 0.099896 0.099896 0.099896 0.099896 0.099896 0.099896 0.099896 0.099896 0.099896 0.099896 0.099896 0.099896 0.099895 0.099892 0.099884 0.099861 0.099800 0.099648 0.099291 0.098505 0.096889 0.093797 0.088319 0.079371 0.065976 0.047705 0.025131 0.000000 
50.000000 38.630569 28.184252 19.359898 12.498388 7.579000 4.320139 2.320655 1.181503 0.577253 0.278031 0.139332 0.078994 0.054297 0.044763 0.041284 0.040081 0.039686 0.039563 0.039526 0.039516 0.039513 0.039512 0.039512 0.039512 0.039512 0.039512 0.039512 0.039512 0.039512 0.039512 0.039512 0.039512 0.039512 0.039512 0.039510 0.039507 0.039497 0.039472 0.039408 0.039260 0.038936 0.038274 0.037017 0.034806 0.031223 0.025901 0.018692 0.009833 0.000000 
50.000000 38.624922 28.173420 19.344691 12.479788 7.557973 4.297510 2.297047 1.157339 0.552796 0.253430 0.114664 0.054297 0.029589 0.020050 0.016569 0.015366 0.014971 0.014847 0.014811 0.014800 0.014797 0.014797 0.014797 0.014797 0.014796 0.014796 0.014796 0.014796 0.014796 0.014796 0.014796 0.014796 0.014796 0.014796 0.014796 0.014794 0.014791 0.014781 0.014756 0.014698 0.014573 0.014318 0.013836 0.012995 0.011640 0.009640 0.006946 0.003650 0.000000 
50.000000 38.622740 28.169235 19.338818 12.472604 7.549854 4.288773 2.287932 1.148010 0.543354 0.243932 0.105141 0.044763 0.020050 0.010510 0.007028 0.005825 0.005430 0.005306 0.005270 0.005259 0.005256 0.005256 0.005255 0.005255 0.005255 0.005255 0.005255 0.005255 0.005255 0.005255 0.005255 0.005255 0.005255 0.005255 0.005255 0.005255 0.005253 0.005249 0.005240 0.005219 0.005173 0.005080 0.004906 0.004604 0.004119 0.003407 0.002452 0.001287 0.000000 
50.000000 38.621944 28.167708 19.336674 12.469982 7.546890 4.285583 2.284606 1.144605 0.539908 0.240466 0.101666 0.041284 0.016569 0.007028 0.003547 0.002343 0.001948 0.001824 0.001788 0.001777 0.001774 0.001774 0.001773 0.001773 0.001773 0.001773 0.001773 0.001773 0.001773 0.001773 0.001773 0.001773 0.001773 0.001773 0.001773 0.001773 0.001773 0.001771 0.001768 0.001761 0.001745 0.001713 0.001653 0.001550 0.001386 0.001145 0.000823 0.000432 0.000000 
50.000000 38.621668 28.167179 19.335932 12.469075 7.545865 4.284481 2.283455 1.143428 0.538717 0.239268 0.100464 0.040081 0.015366 0.005825 0.002343 0.001139 0.000744 0.000620 0.000584 0.000573 0.000570 0.000570 0.000570 0.000569 0.000569 0.000569 0.000569 0.000569 0.000569 0.000569 0.000569 0.000569 0.000569 0.000569 0.000569 0.000569 0.000569 0.000569 0.000568 0.000565 0.000560 0.000550 0.000530 0.000497 0.000444 0.000366 0.000263 0.000138 0.000000 
50.000000 38.621578 28.167005 19.335689 12.468777 7.545528 4.284118 2.283078 1.143042 0.538326 0.238875 0.100070 0.039686 0.014971 0.005430 0.001948 0.000744 0.000349 0.000225 0.000189 0.000178 0.000175 0.000175 0.000174 0.000174 0.000174 0.000174 0.000174 0.000174 0.000174 0.000174 0.000174 0.000174 0.000174 0.000174 0.000174 0.000174 0.000174 0.000174 0.000174 0.000173 0.000171 0.000168 0.000162 0.000152 0.000136 0.000112 0.000080 0.000042 0.000000 
50.000000 38.621549 28.166951 19.335613 12.468684 7.545423 4.284005 2.282960 1.142921 0.538204 0.238752 0.099947 0.039563 0.014847 0.005306 0.001824 0.000620 0.000225 0.000102 0.000065 0.000055 0.000052 0.000051 0.000051 0.000051 0.000051 0.000051 0.000051 0.000051 0.000051 0.000051 0.000051 0.000051 0.000051 0.000051 0.000051 0.000051 0.000051 0.000051 0.000051 0.000051 0.000050 0.000049 0.000047 0.000044 0.000040 0.000033 0.000023 0.000012 0.000000 
50.000000 38.621541 28.166935 19.335590 12.468656 7.545392 4.283972 2.282924 1.142885 0.538167 0.238715 0.099910 0.039526 0.014811 0.005270 0.001788 0.000584 0.000189 0.000065 0.000028 0.000018 0.000015 0.000014 0.000014 0.000014 0.000014 0.000014 0.000014 0.000014 0.000014 0.000014 0.000014 0.000014 0.000014 0.000014 0.000014 0.000014 0.000014 0.000014 0.000014 0.000014 0.000014 0.000014 0.000013 0.000012 0.000011 0.000009 0.000007 0.000003 0.000000 
50.000000 38.621538 28.166931 19.335584 12.468648 7.545383 4.283962 2.282915 1.142875 0.538157 0.238705 0.099900 0.039516 0.014800 0.005259 0.001777 0.000573 0.000178 0.000055 0.000018 0.000008 0.000005 0.000004 0.000004 0.000004 0.000004 0.000004 0.000004 0.000004 0.000004 0.000004 0.000004 0.000004 0.000004 0.000004 0.000004 0.000004 0.000004 0.000004 0.000004 0.000004 0.000004 0.000004 0.000004 0.000003 0.000003 0.000002 0.000002 0.000001 0.000000 
50.000000 38.621538 28.166929 19.335582 12.468646 7.545381 4.283960 2.282912 1.142872 0.538154 0.238702 0.099897 0.039513 0.014797 0.005256 0.001774 0.000570 0.000175 0.000052 0.000015 0.000005 0.000002 0.000001 0.000001 0.000001 0.000001 0.000001 0.000001 0.000001 0.000001 0.000001 0.000001 0.000001 0.000001 0.000001 0.000001 0.000001 0.000001 0.000001 0.000001 0.000001 0.000001 0.000001 0.000001 0.000001 0.000001 0.000001 0.000000 0.000000 0.000000 
50.000000 38.621538 28.166929 19.335581 12.468646 7.545380 4.283959 2.282911 1.142871 0.538153 0.238701 0.099896 0.039512 0.014797 0.005256 0.001774 0.000570 0.000175 0.000051 0.000014 0.000004 0.000001 0.000000 0.000000 0.000000 0.000000 0.000000 0.000000 0.000000 0.000000 0.000000 0.000000 0.000000 0.000000 0.000000 0.000000 0.000000 0.000000 0.000000 0.000000 0.000000 0.000000 0.000000 0.000000 0.000000 0.000000 0.000000 0.000000 0.000000 0.000000 
50.000000 38.621538 28.166929 19.335581 12.468646 7.545380 4.283959 2.282911 1.142871 0.538153 0.238701 0.099896 0.039512 0.014797 0.005255 0.001773 0.000570 0.000174 0.000051 0.000014 0.000004 0.000001 0.000000 0.000000 0.000000 0.000000 0.000000 0.000000 0.000000 0.000000 0.000000 0.000000 0.000000 0.000000 0.000000 0.000000 0.000000 0.000000 0.000000 0.000000 0.000000 0.000000 0.000000 0.000000 0.000000 0.000000 0.000000 0.000000 0.000000 0.000000 
50.000000 38.621538 28.166929 19.335581 12.468646 7.545380 4.283959 2.282911 1.142871 0.538153 0.238701 0.099896 0.039512 0.014797 0.005255 0.001773 0.000569 0.000174 0.000051 0.000014 0.000004 0.000001 0.000000 0.000000 0.000000 0.000000 0.000000 0.000000 0.000000 0.000000 0.000000 0.000000 0.000000 0.000000 0.000000 0.000000 0.000000 0.000000 0.000000 0.000000 0.000000 0.000000 0.000000 0.000000 0.000000 0.000000 0.000000 0.000000 0.000000 0.000000 
50.000000 38.621538 28.166929 19.335581 12.468646 7.545380 4.283959 2.282911 1.142871 0.538153 0.238701 0.099896 0.039512 0.014797 0.005255 0.001773 0.000569 0.000174 0.000051 0.000014 0.000004 0.000001 0.000000 0.000000 0.000000 0.000000 0.000000 0.000000 0.000000 0.000000 0.000000 0.000000 0.000000 0.000000 0.000000 0.000000 0.000000 0.000000 0.000000 0.000000 0.000000 0.000000 0.000000 0.000000 0.000000 0.000000 0.000000 0.000000 0.000000 0.000000 
50.000000 38.621538 28.166929 19.335581 12.468646 7.545380 4.283959 2.282911 1.142871 0.538153 0.238701 0.099896 0.039512 0.014797 0.005255 0.001773 0.000570 0.000174 0.000051 0.000014 0.000004 0.000001 0.000000 0.000000 0.000000 0.000000 0.000000 0.000000 0.000000 0.000000 0.000000 0.000000 0.000000 0.000000 0.000000 0.000000 0.000000 0.000000 0.000000 0.000000 0.000000 0.000000 0.000000 0.000000 0.000000 0.000000 0.000000 0.000000 0.000000 0.000000 
50.000000 38.621538 28.166929 19.335581 12.468646 7.545380 4.283959 2.282911 1.142871 0.538153 0.238701 0.099896 0.039512 0.014797 0.005256 0.001774 0.000570 0.000175 0.000051 0.000014 0.000004 0.000001 0.000000 0.000000 0.000000 0.000000 0.000000 0.000000 0.000000 0.000000 0.000000 0.000000 0.000000 0.000000 0.000000 0.000000 0.000000 0.000000 0.000000 0.000000 0.000000 0.000000 0.000000 0.000000 0.000000 0.000000 0.000000 0.000000 0.000000 0.000000 
50.000000 38.621538 28.166929 19.335582 12.468646 7.545381 4.283960 2.282912 1.142872 0.538154 0.238702 0.099897 0.039513 0.014797 0.005256 0.001774 0.000570 0.000175 0.000052 0.000015 0.000005 0.000002 0.000001 0.000001 0.000001 0.000001 0.000001 0.000001 0.000001 0.000001 0.000001 0.000001 0.000001 0.000001 0.000001 0.000001 0.000001 0.000001 0.000001 0.000001 0.000001 0.000001 0.000001 0.000001 0.000001 0.000001 0.000001 0.000000 0.000000 0.000000 
50.000000 38.621538 28.166931 19.335584 12.468648 7.545383 4.283962 2.282915 1.142875 0.538157 0.238705 0.099900 0.039516 0.014800 0.005259 0.001777 0.000573 0.000178 0.000055 0.000018 0.000008 0.000005 0.000004 0.000004 0.000004 0.000004 0.000004 0.000004 0.000004 0.000004 0.000004 0.000004 0.000004 0.000004 0.000004 0.000004 0.000004 0.000004 0.000004 0.000004 0.000004 0.000004 0.000004 0.000004 0.000003 0.000003 0.000002 0.000002 0.000001 0.000000 
50.000000 38.621541 28.166935 19.335590 12.468656 7.545392 4.283972 2.282924 1.142885 0.538167 0.238715 0.099910 0.039526 0.014811 0.005270 0.001788 0.000584 0.000189 0.000065 0.000028 0.000018 0.000015 0.000014 0.000014 0.000014 0.000014 0.000014 0.000014 0.000014 0.000014 0.000014 0.000014 0.000014 0.000014 0.000014 0.000014 0.000014 0.000014 0.000014 0.000014 0.000014 0.000014 0.000014 0.000013 0.000012 0.000011 0.000009 0.000007 0.000003 0.000000 
50.000000 38.621549 28.166951 19.335613 12.468684 7.545423 4.284005 2.282960 1.142921 0.538204 0.238752 0.099947 0.039563 0.014847 0.005306 0.001824 0.000620 0.000225 0.000102 0.000065 0.000055 0.000052 0.000051 0.000051 0.000051 0.000051 0.000051 0.000051 0.000051 0.000051 0.000051 0.000051 0.000051 0.000051 0.000051 0.000051 0.000051 0.000051 0.000051 0.000051 0.000051 0.000050 0.000049 0.000047 0.000044 0.000040 0.000033 0.000023 0.000012 0.000000 
50.000000 38.621578 28.167005 19.335689 12.468777 7.545528 4.284118 2.283078 1.143042 0.538326 0.238875 0.100070 0.039686 0.014971 0.005430 0.001948 0.000744 0.000349 0.000225 0.000189 0.000178 0.000175 0.000175 0.000174 0.000174 0.000174 0.000174 0.000174 0.000174 0.000174 0.000174 0.000174 0.000174 0.000174 0.000174 0.000174 0.000174 0.000174 0.000174 0.000174 0.000173 0.000171 0.000168 0.000162 0.000152 0.000136 0.000112 0.000080 0.000042 0.000000 
50.000000 38.621668 28.167179 19.335932 12.469075 7.545865 4.284481 2.283455 1.143428 0.538717 0.239268 0.100464 0.040081 0.015366 0.005825 0.002343 0.001139 0.000744 0.000620 0.000584 0.000573 0.000570 0.000570 0.000570 0.000569 0.000569 0.000569 0.000569 0.000569 0.000569 0.000569 0.000569 0.000569 0.000569 0.000569 0.000569 0.000569 0.000569 0.000569 0.000568 0.000565 0.000560 0.000550 0.000530 0.000497 0.000444 0.000366 0.000263 0.000138 0.000000 
50.000000 38.621944 28.167708 19.336674 12.469982 7.546890 4.285583 2.284606 1.144605 0.539908 0.240466 0.101666 0.041284 0.016569 0.007028 0.003547 0.002343 0.001948 0.001824 0.001788 0.001777 0.001774 0.001774 0.001773 0.001773 0.001773 0.001773 0.001773 0.001773 0.001773 0.001773 0.001773 0.001773 0.001773 0.001773 0.001773 0.001773 0.001773 0.001771 0.001768 0.001761 0.001745 0.001713 0.001653 0.001550 0.001386 0.001145 0.000823 0.000432 0.000000 
50.000000 38.622740 28.169235 19.338818 12.472604 7.549854 4.288773 2.287932 1.148010 0.543354 0.243932 0.105141 0.044763 0.020050 0.010510 0.007028 0.005825 0.005430 0.005306 0.005270 0.005259 0.005256 0.005256 0.005255 0.005255 0.005255 0.005255 0.005255 0.005255 0.005255 0.005255 0.005255 0.005255 0.005255 0.005255 0.005255 0.005255 0.005253 0.005249 0.005240 0.005219 0.005173 0.005080 0.004906 0.004604 0.004119 0.003407 0.002452 0.001287 0.000000 
50.000000 38.624922 28.173420 19.344691 12.479788 7.557973 4.297510 2.297047 1.157339 0.552796 0.253430 0.114664 0.054297 0.029589 0.020050 0.016569 0.015366 0.014971 0.014847 0.014811 0.014800 0.014797 0.014797 0.014797 0.014797 0.014796 0.014796 0.014796 0.014796 0.014796 0.014796 0.014796 0.014796 0.014796 0.014796 0.014796 0.014794 0.014791 0.014781 0.014756 0.014698 0.014573 0.014318 0.013836 0.012995 0.011640 0.009640 0.006946 0.003650 0.000000 
50.000000 38.630569 28.184252 19.359898 12.498388 7.579000 4.320139 2.320655 1.181503 0.577253 0.278031 0.139332 0.078994 0.054297 0.044763 0.041284 0.040081 0.039686 0.039563 0.039526 0.039516 0.039513 0.039512 0.039512 0.039512 0.039512 0.039512 0.039512 0.039512 0.039512 0.039512 0.039512 0.039512 0.039512 0.039512 0.039510 0.039507 0.039497 0.039472 0.039408 0.039260 0.038936 0.038274 0.037017 0.034806 0.031223 0.025901 0.018692 0.009833 0.000000 
50.000000 38.644358 28.210703 19.397031 12.543813 7.630357 4.375414 2.378326 1.240534 0.637002 0.338135 0.199600 0.139332 0.114664 0.105141 0.101666 0.100464 0.100070 0.099947 0.099910 0.099900 0.099897 0.099896 0.099896 0.099896 0.099896 0.099896 0.099896 0.099896 0.099896 0.099896 0.099896 0.099896 0.099896 0.099895 0.099892 0.099884 0.099861 0.099800 0.099648 0.099291 0.098505 0.096889 0.093797 0.088319 0.079371 0.065976 0.047705 0.025131 0.000000 
50.000000 38.676037 28.271474 19.482353 12.648196 7.748379 4.502450 2.510879 1.376219 0.774343 0.476293 0.338135 0.278031 0.253430 0.243932 0.240466 0.239268 0.238875 0.238752 0.238715 0.238705 0.238702 0.238701 0.238701 0.238701 0.238701 0.238701 0.238701 0.238701 0.238701 0.238701 0.238701 0.238701 0.238700 0.238698 0.238692 0.238674 0.238623 0.238487 0.238147 0.237342 0.235558 0.231861 0.224727 0.211967 0.190925 0.159116 0.115341 0.060876 0.000000 
50.000000 38.744344 28.402516 19.666346 12.873311 8.002930 4.776465 2.796808 1.668919 1.070625 0.774343 0.637002 0.577253 0.552796 0.543354 0.539908 0.538717 0.538326 0.538204 0.538167 0.538157 0.538154 0.538153 0.538153 0.538153 0.538153 0.538153 0.538153 0.538153 0.538153 0.538153 0.538153 0.538153 0.538152 0.538148 0.538135 0.538098 0.537993 0.537712 0.537002 0.535313 0.531538 0.523646 0.508259 0.480428 0.433975 0.362893 0.263938 0.139661 0.000000 
50.000000 38.882216 28.667023 20.037756 13.327767 8.516851 5.329719 3.374153 2.259962 1.668919 1.376219 1.240534 1.181503 1.157339 1.148010 1.144605 1.143428 1.143042 1.142921 1.142885 1.142875 1.142872 1.142871 1.142871 1.142871 1.142871 1.142871 1.142871 1.142871 1.142871 1.142871 1.142871 1.142870 1.142868 1.142860 1.142837 1.142767 1.142567 1.142029 1.140661 1.137380 1.129981 1.114341 1.083477 1.026881 0.930995 0.781962 0.571323 0.303393 0.000000 
50.000000 39.142016 29.165471 20.737700 14.184274 9.485502 6.372575 4.462477 3.374153 2.796808 2.510879 2.378326 2.320655 2.297047 2.287932 2.284606 2.283455 2.283078 2.282960 2.282924 2.282915 2.282912 2.282911 2.282911 2.282911 2.282911 2.282911 2.282911 2.282911 2.282911 2.282911 2.282910 2.282909 2.282905 2.282893 2.282852 2.282730 2.282381 2.281437 2.279018 2.273162 2.259812 2.231239 2.174027 2.067354 1.883211 1.591171 1.169940 0.624518 0.000000 
50.000000 39.597838 30.040033 21.965865 15.687250 11.185376 8.202781 6.372575 5.329719 4.776465 4.502450 4.375414 4.320139 4.297510 4.288773 4.285583 4.284481 4.284118 4.284005 4.283972 4.283962 4.283960 4.283959 4.283959 4.283959 4.283959 4.283959 4.283959 4.283959 4.283959 4.283958 4.283958 4.283956 4.283950 4.283930 4.283866 4.283674 4.283122 4.281616 4.277724 4.268205 4.246242 4.198547 4.101390 3.916519 3.589795 3.057792 2.268860 1.220761 0.000000 
50.000000 40.340484 31.464956 23.967007 18.136301 13.955428 11.185376 9.485502 8.516851 8.002930 7.748379 7.630357 7.579000 7.557973 7.549854 7.546890 7.545865 7.545528 7.545423 7.545392 7.545383 7.545381 7.545380 7.545380 7.545380 7.545380 7.545380 7.545380 7.545380 7.545380 7.545379 7.545379 7.545376 7.545368 7.545340 7.545250 7.544979 7.544194 7.542038 7.536412 7.522502 7.489971 7.418148 7.268857 6.977714 6.447733 5.554319 4.177308 2.276491 0.000000 
50.000000 41.461182 33.615308 26.987057 21.832499 18.136301 15.687250 14.184274 13.327767 12.873311 12.648196 12.543813 12.498388 12.479788 12.472604 12.469982 12.469075 12.468777 12.468684 12.468656 12.468648 12.468646 12.468646 12.468646 12.468646 12.468646 12.468646 12.468646 12.468646 12.468646 12.468645 12.468644 12.468642 12.468631 12.468596 12.468486 12.468148 12.467164 12.464442 12.457271 12.439336 12.396772 12.301062 12.097455 11.688569 10.916250 9.553352 7.334990 4.085948 0.000000 
50.000000 43.023909 36.613875 31.198519 26.987057 23.967007 21.965865 20.737700 20.037756 19.666346 19.482353 19.397031 19.359898 19.344691 19.338818 19.336674 19.335932 19.335689 19.335613 19.335590 19.335584 19.335582 19.335581 19.335581 19.335581 19.335581 19.335581 19.335581 19.335581 19.335581 19.335581 19.335580 19.335577 19.335566 19.335529 19.335412 19.335051 19.333997 19.331055 19.323237 19.303452 19.255794 19.146529 18.908073 18.412688 17.433706 15.599260 12.371568 7.174340 0.000000 
50.000000 45.033272 40.469517 36.613875 33.615308 31.464956 30.040033 29.165471 28.667023 28.402516 28.271474 28.210703 28.184252 28.173420 28.169235 28.167708 28.167179 28.167005 28.166951 28.166935 28.166931 28.166929 28.166929 28.166929 28.166929 28.166929 28.166929 28.166929 28.166929 28.166929 28.166929 28.166928 28.166925 28.166916 28.166885 28.166784 28.166473 28.165560 28.162998 28.156133 28.138578 28.095700 27.995532 27.771173 27.287648 26.280318 24.242307 20.234758 12.686478 0.000000 
50.000000 47.411641 45.033272 43.023909 41.461182 40.340484 39.597838 39.142016 38.882216 38.744344 38.676037 38.644358 38.630569 38.624922 38.622740 38.621944 38.621668 38.621578 38.621549 38.621541 38.621538 38.621538 38.621538 38.621538 38.621538 38.621538 38.621538 38.621538 38.621538 38.621538 38.621537 38.621537 38.621536 38.621530 38.621512 38.621453 38.621272 38.620736 38.619227 38.615161 38.604683 38.578822 38.517498 38.377077 38.063993 37.375234 35.849570 32.346794 23.705820 0.000000 
50.000000 50.000000 50.000000 50.000000 50.000000 50.000000 50.000000 50.000000 50.000000 50.000000 50.000000 50.000000 50.000000 50.000000 50.000000 50.000000 50.000000 50.000000 50.000000 50.000000 50.000000 50.000000 50.000000 50.000000 50.000000 50.000000 50.000000 50.000000 50.000000 50.000000 50.000000 50.000000 50.000000 50.000000 50.000000 50.000000 50.000000 50.000000 50.000000 50.000000 50.000000 50.000000 50.000000 50.000000 50.000000 50.000000 50.000000 50.000000 50.000000 50.000000 
