50.000000 50.000000 50.000000 50.000000 50.000000 50.000000 50.000000 50.000000 50.000000 50.000000 50.000000 50.000000 50.000000 50.000000 50.000000 50.000000 50.000000 50.000000 50.000000 50.000000 50.000000 50.000000 50.000000 50.000000 50.000000 50.000000 50.000000 50.000000 50.000000 50.000000 50.000000 50.000000 50.000000 50.000000 50.000000 50.000000 50.000000 50.000000 50.000000 50.000000 50.000000 50.000000 50.000000 50.000000 50.000000 50.000000 50.000000 50.000000 50.000000 50.000000 
50.000000 40.203163 33.351172 29.835750 28.444372 28.001766 27.884972 27.858776 27.853686 27.852816 27.852684 27.852666 27.852664 27.852663 27.852663 27.852663 27.852663 27.852663 27.852663 27.852663 27.852663 27.852663 27.852663 27.852663 27.852663 27.852663 27.852663 27.852663 27.852663 27.852663 27.852663 27.852663 27.852663 27.852663 27.852663 27.852663 27.852663 27.852663 27.852663 27.852662 27.852653 27.852587 27.852124 27.849214 27.832751 27.749289 27.370886 25.829813 20.101581 0.000000 
50.000000 33.351172 21.711121 15.742799 13.382359 12.632123 12.434332 12.390012 12.381409 12.379941 12.379717 12.379687 12.379683 12.379682 12.379682 12.379682 12.379682 12.379682 12.379682 12.379682 12.379682 12.379682 12.379682 12.379682 12.379682 12.379682 12.379682 12.379682 12.379682 12.379682 12.379682 12.379682 12.379682 12.379682 12.379682 12.379682 12.379682 12.379682 12.379682 12.379681 12.379673 12.379607 12.379155 12.376371 12.361091 12.287136 11.975743 10.855561 7.521359 0.000000 
50.000000 29.835750 15.742799 8.520917 5.666725 4.760276 4.521505 4.468050 4.457683 4.455915 4.455647 4.455610 4.455606 4.455605 4.455605 4.455605 4.455605 4.455605 4.455605 4.455605 4.455605 4.455605 4.455605 4.455605 4.455605 4.455605 4.455605 4.455605 4.455605 4.455605 4.455605 4.455605 4.455605 4.455605 4.455605 4.455605 4.455605 4.455605 4.455605 4.455604 4.455599 4.455563 4.455319 4.453838 4.445900 4.408799 4.260459 3.767056 2.464863 0.000000 
50.000000 28.444372 13.382359 5.666725 2.618777 1.651283 1.396570 1.339578 1.328532 1.326649 1.326363 1.326324 1.326319 1.326318 1.326318 1.326318 1.326318 1.326318 1.326318 1.326318 1.326318 1.326318 1.326318 1.326318 1.326318 1.326318 1.326318 1.326318 1.326318 1.326318 1.326318 1.326318 1.326318 1.326318 1.326318 1.326318 1.326318 1.326318 1.326318 1.326318 1.326316 1.326302 1.326210 1.325654 1.322727 1.309388 1.257925 1.095223 0.695082 0.000000 
50.000000 28.001766 12.632123 4.760276 1.651283 0.664647 0.404959 0.346870 0.335613 0.333695 0.333404 0.333364 0.333359 0.333359 0.333359 0.333359 0.333359 0.333359 0.333359 0.333359 0.333359 0.333359 0.333359 0.333359 0.333359 0.333359 0.333359 0.333359 0.333359 0.333359 0.333359 0.333359 0.333359 0.333359 0.333359 0.333359 0.333359 0.333359 0.333359 0.333359 0.333358 0.333354 0.333327 0.333165 0.332324 0.328556 0.314376 0.271032 0.169015 0.000000 
50.000000 27.884972 12.434332 4.521505 1.396570 0.404959 0.143986 0.085614 0.074304 0.072377 0.072085 0.072045 0.072040 0.072039 0.072039 0.072039 0.072039 0.072039 0.072039 0.072039 0.072039 0.072039 0.072039 0.072039 0.072039 0.072039 0.072039 0.072039 0.072039 0.072039 0.072039 0.072039 0.072039 0.072039 0.072039 0.072039 0.072039 0.072039 0.072039 0.072039 0.072039 0.072038 0.072032 0.071993 0.071794 0.070916 0.067667 0.057961 0.035757 0.000000 
50.000000 27.858776 12.390012 4.468050 1.339578 0.346870 0.085614 0.027180 0.015859 0.013930 0.013637 0.013597 0.013592 0.013592 0.013592 0.013592 0.013592 0.013592 0.013592 0.013592 0.013592 0.013592 0.013592 0.013592 0.013592 0.013592 0.013592 0.013592 0.013592 0.013592 0.013592 0.013592 0.013592 0.013592 0.013592 0.013592 0.013592 0.013592 0.013592 0.013592 0.013592 0.013592 0.013590 0.013582 0.013543 0.013368 0.012731 0.010858 0.006652 0.000000 
50.000000 27.853686 12.381409 4.457683 1.328532 0.335613 0.074304 0.015859 0.004536 0.002606 0.002313 0.002273 0.002268 0.002268 0.002268 0.002268 0.002268 0.002268 0.002268 0.002268 0.002268 0.002268 0.002268 0.002268 0.002268 0.002268 0.002268 0.002268 0.002268 0.002268 0.002268 0.002268 0.002268 0.002268 0.002268 0.002268 0.002268 0.002268 0.002268 0.002268 0.002268 0.002268 0.002268 0.002266 0.002259 0.002229 0.002120 0.001803 0.001099 0.000000 
50.000000 27.852816 12.379941 4.455915 1.326649 0.333695 0.072377 0.013930 0.002606 0.000676 0.000384 0.000344 0.000339 0.000338 0.000338 0.000338 0.000338 0.000338 0.000338 0.000338 0.000338 0.000338 0.000338 0.000338 0.000338 0.000338 0.000338 0.000338 0.000338 0.000338 0.000338 0.000338 0.000338 0.000338 0.000338 0.000338 0.000338 0.000338 0.000338 0.000338 0.000338 0.000338 0.000338 0.000338 0.000337 0.000332 0.000316 0.000268 0.000163 0.000000 
50.000000 27.852684 12.379717 4.455647 1.326363 0.333404 0.072085 0.013637 0.002313 0.000384 0.000091 0.000051 0.000046 0.000046 0.000046 0.000046 0.000046 0.000046 0.000046 0.000046 0.000046 0.000046 0.000046 0.000046 0.000046 0.000046 0.000046 0.000046 0.000046 0.000046 0.000046 0.000046 0.000046 0.000046 0.000046 0.000046 0.000046 0.000046 0.000046 0.000046 0.000046 0.000046 0.000046 0.000045 0.000045 0.000045 0.000042 0.000036 0.000022 0.000000 
50.000000 27.852666 12.379687 4.455610 1.326324 0.333364 0.072045 0.013597 0.002273 0.000344 0.000051 0.000011 0.000006 0.000006 0.000006 0.000006 0.000006 0.000006 0.000006 0.000006 0.000006 0.000006 0.000006 0.000006 0.000006 0.000006 0.000006 0.000006 0.000006 0.000006 0.000006 0.000006 0.000006 0.000006 0.000006 0.000006 0.000006 0.000006 0.000006 0.000006 0.000006 0.000006 0.000006 0.000006 0.000006 0.000005 0.000005 0.000004 0.000003 0.000000 
50.000000 27.852664 12.379683 4.455606 1.326319 0.333359 0.072040 0.013592 0.002268 0.000339 0.000046 0.000006 0.000001 0.000001 0.000001 0.000001 0.000001 0.000001 0.000001 0.000001 0.000001 0.000001 0.000001 0.000001 0.000001 0.000001 0.000001 0.000001 0.000001 0.000001 0.000001 0.000001 0.000001 0.000001 0.000001 0.000001 0.000001 0.000001 0.000001 0.000001 0.000001 0.000001 0.000001 0.000001 0.000001 0.000001 0.000001 0.000000 0.000000 0.000000 
50.000000 27.852663 12.379682 4.455605 1.326318 0.333359 0.072039 0.013592 0.002268 0.000338 0.000046 0.000006 0.000001 0.000000 0.000000 0.000000 0.000000 0.000000 0.000000 0.000000 0.000000 0.000000 0.000000 0.000000 0.000000 0.000000 0.000000 0.000000 0.000000 0.000000 0.000000 0.000000 0.000000 0.000000 0.000000 0.000000 0.000000 0.000000 0.000000 0.000000 0.000000 0.000000 0.000000 0.000000 0.000000 0.000000 0.000000 0.000000 0.000000 0.000000 
50.000000 27.852663 12.379682 4.455605 1.326318 0.333359 0.072039 0.013592 0.002268 0.000338 0.000046 0.000006 0.000001 0.000000 0.000000 0.000000 0.000000 0.000000 0.000000 0.000000 0.000000 0.000000 0.000000 0.000000 0.000000 0.000000 0.000000 0.000000 0.000000 0.000000 0.000000 0.000000 0.000000 0.000000 0.000000 0.000000 0.000000 0.000000 0.000000 0.000000 0.000000 0.000000 0.000000 0.000000 0.000000 0.000000 0.000000 0.000000 0.000000 0.000000 
50.000000 27.852663 12.379682 4.455605 1.326318 0.333359 0.072039 0.013592 0.002268 0.000338 0.000046 0.000006 0.000001 0.000000 0.000000 0.000000 0.000000 0.000000 0.000000 0.000000 0.000000 0.000000 0.000000 0.000000 0.000000 0.000000 0.000000 0.000000 0.000000 0.000000 0.000000 0.000000 0.000000 0.000000 0.000000 0.000000 0.000000 0.000000 0.000000 0.000000 0.000000 0.000000 0.000000 0.000000 0.000000 0.000000 0.000000 0.000000 0.000000 0.000000 
50.000000 27.852663 12.379682 4.455605 1.326318 0.333359 0.072039 0.013592 0.002268 0.000338 0.000046 0.000006 0.000001 0.000000 0.000000 0.000000 0.000000 0.000000 0.000000 0.000000 0.000000 0.000000 0.000000 0.000000 0.000000 0.000000 0.000000 0.000000 0.000000 0.000000 0.000000 0.000000 0.000000 0.000000 0.000000 0.000000 0.000000 0.000000 0.000000 0.000000 0.000000 0.000000 0.000000 0.000000 0.000000 0.000000 0.000000 0.000000 0.000000 0.000000 
50.000000 27.852663 12.379682 4.455605 1.326318 0.333359 0.072039 0.013592 0.002268 0.000338 0.000046 0.000006 0.000001 0.000000 0.000000 0.000000 0.000000 0.000000 0.000000 0.000000 0.000000 0.000000 0.000000 0.000000 0.000000 0.000000 0.000000 0.000000 0.000000 0.000000 0.000000 0.000000 0.000000 0.000000 0.000000 0.000000 0.000000 0.000000 0.000000 0.000000 0.000000 0.000000 0.000000 0.000000 0.000000 0.000000 0.000000 0.000000 0.000000 0.000000 
50.000000 27.852663 12.379682 4.455605 1.326318 0.333359 0.072039 0.013592 0.002268 0.000338 0.000046 0.000006 0.000001 0.000000 0.000000 0.000000 0.000000 0.000000 0.000000 0.000000 0.000000 0.000000 0.000000 0.000000 0.000000 0.000000 0.000000 0.000000 0.000000 0.000000 0.000000 0.000000 0.000000 0.000000 0.000000 0.000000 0.000000 0.000000 0.000000 0.000000 0.000000 0.000000 0.000000 0.000000 0.000000 0.000000 0.000000 0.000000 0.000000 0.000000 
50.000000 27.852663 12.379682 4.455605 1.326318 0.333359 0.072039 0.013592 0.002268 0.000338 0.000046 0.000006 0.000001 0.000000 0.000000 0.000000 0.000000 0.000000 0.000000 0.000000 0.000000 0.000000 0.000000 0.000000 0.000000 0.000000 0.000000 0.000000 0.000000 0.000000 0.000000 0.000000 0.000000 0.000000 0.000000 0.000000 0.000000 0.000000 0.000000 0.000000 0.000000 0.000000 0.000000 0.000000 0.000000 0.000000 0.000000 0.000000 0.000000 0.000000 
50.000000 27.852663 12.379682 4.455605 1.326318 0.333359 0.072039 0.013592 0.002268 0.000338 0.000046 0.000006 0.000001 0.000000 0.000000 0.000000 0.000000 0.000000 0.000000 0.000000 0.000000 0.000000 0.000000 0.000000 0.000000 0.000000 0.000000 0.000000 0.000000 0.000000 0.000000 0.000000 0.000000 0.000000 0.000000 0.000000 0.000000 0.000000 0.000000 0.000000 0.000000 0.000000 0.000000 0.000000 0.000000 0.000000 0.000000 0.000000 0.000000 0.000000 
50.000000 27.852663 12.379682 4.455605 1.326318 0.333359 0.072039 0.013592 0.002268 0.000338 0.000046 0.000006 0.000001 0.000000 0.000000 0.000000 0.000000 0.000000 0.000000 0.000000 0.000000 0.000000 0.000000 0.000000 0.000000 0.000000 0.000000 0.000000 0.000000 0.000000 0.000000 0.000000 0.000000 0.000000 0.000000 0.000000 0.000000 0.000000 0.000000 0.000000 0.000000 0.000000 0.000000 0.000000 0.000000 0.000000 0.000000 0.000000 0.000000 0.000000 
50.000000 27.852663 12.379682 4.455605 1.326318 0.333359 0.072039 0.013592 0.002268 0.000338 0.000046 0.000006 0.000001 0.000000 0.000000 0.000000 0.000000 0.000000 0.000000 0.000000 0.000000 0.000000 0.000000 0.000000 0.000000 0.000000 0.000000 0.000000 0.000000 0.000000 0.000000 0.000000 0.000000 0.000000 0.000000 0.000000 0.000000 0.000000 0.000000 0.000000 0.000000 0.000000 0.000000 0.000000 0.000000 0.000000 0.000000 0.000000 0.000000 0.000000 
50.000000 27.852663 12.379682 4.455605 1.326318 0.333359 0.072039 0.013592 0.002268 0.000338 0.000046 0.000006 0.000001 0.000000 0.000000 0.000000 0.000000 0.000000 0.000000 0.000000 0.000000 0.000000 0.000000 0.000000 0.000000 0.000000 0.000000 0.000000 0.000000 0.000000 0.000000 0.000000 0.000000 0.000000 0.000000 0.000000 0.000000 0.000000 0.000000 0.000000 0.000000 0.000000 0.000000 0.000000 0.000000 0.000000 0.000000 0.000000 0.000000 0.000000 
50.000000 27.852663 12.379682 4.455605 1.326318 0.333359 0.072039 0.013592 0.002268 0.000338 0.000046 0.000006 0.000001 0.000000 0.000000 0.000000 0.000000 0.000000 0.000000 0.000000 0.000000 0.000000 0.000000 0.000000 0.000000 0.000000 0.000000 0.000000 0.000000 0.000000 0.000000 0.000000 0.000000 0.000000 0.000000 0.000000 0.000000 0.000000 0.000000 0.000000 0.000000 0.000000 0.000000 0.000000 0.000000 0.000000 0.000000 0.000000 0.000000 0.000000 
50.000000 27.852663 12.379682 4.455605 1.326318 0.333359 0.072039 0.013592 0.002268 0.000338 0.000046 0.000006 0.000001 0.000000 0.000000 0.000000 0.000000 0.000000 0.000000 0.000000 0.000000 0.000000 0.000000 0.000000 0.000000 0.000000 0.000000 0.000000 0.000000 0.000000 0.000000 0.000000 0.000000 0.000000 0.000000 0.000000 0.000000 0.000000 0.000000 0.000000 0.000000 0.000000 0.000000 0.000000 0.000000 0.000000 0.000000 0.000000 0.000000 0.000000 
50.000000 27.852663 12.379682 4.455605 1.326318 0.333359 0.072039 0.013592 0.002268 0.000338 0.000046 0.000006 0.000001 0.000000 0.000000 0.000000 0.000000 0.000000 0.000000 0.000000 0.000000 0.000000 0.000000 0.000000 0.000000 0.000000 0.000000 0.000000 0.000000 0.000000 0.000000 0.000000 0.000000 0.000000 0.000000 0.000000 0.000000 0.000000 0.000000 0.000000 0.000000 0.000000 0.000000 0.000000 0.000000 0.000000 0.000000 0.000000 0.000000 0.000000 
50.000000 27.852663 12.379682 4.455605 1.326318 0.333359 0.072039 0.013592 0.002268 0.000338 0.000046 0.000006 0.000001 0.000000 0.000000 0.000000 0.000000 0.000000 0.000000 0.000000 0.000000 0.000000 0.000000 0.000000 0.000000 0.000000 0.000000 0.000000 0.000000 0.000000 0.000000 0.000000 0.000000 0.000000 0.000000 0.000000 0.000000 0.000000 0.000000 0.000000 0.000000 0.000000 0.000000 0.000000 0.000000 0.000000 0.000000 0.000000 0.000000 0.000000 
50.000000 27.852663 12.379682 4.455605 1.326318 0.333359 0.072039 0.013592 0.002268 0.000338 0.000046 0.000006 0.000001 0.000000 0.000000 0.000000 0.000000 0.000000 0.000000 0.000000 0.000000 0.000000 0.000000 0.000000 0.000000 0.000000 0.000000 0.000000 0.000000 0.000000 0.000000 0.000000 0.000000 0.000000 0.000000 0.000000 0.000000 0.000000 0.000000 0.000000 0.000000 0.000000 0.000000 0.000000 0.000000 0.000000 0.000000 0.000000 0.000000 0.000000 
50.000000 27.852663 12.379682 4.455605 1.326318 0.333359 0.072039 0.013592 0.002268 0.000338 0.000046 0.000006 0.000001 0.000000 0.000000 0.000000 0.000000 0.000000 0.000000 0.000000 0.000000 0.000000 0.000000 0.000000 0.000000 0.000000 0.000000 0.000000 0.000000 0.000000 0.000000 0.000000 0.000000 0.000000 0.000000 0.000000 0.000000 0.000000 0.000000 0.000000 0.000000 0.000000 0.000000 0.000000 0.000000 0.000000 0.000000 0.000000 0.000000 0.000000 
50.000000 27.852663 12.379682 4.455605 1.326318 0.333359 0.072039 0.013592 0.002268 0.000338 0.000046 0.000006 0.000001 0.000000 0.000000 0.000000 0.000000 0.000000 0.000000 0.000000 0.000000 0.000000 0.000000 0.000000 0.000000 0.000000 0.000000 0.000000 0.000000 0.000000 0.000000 0.000000 0.000000 0.000000 0.000000 0.000000 0.000000 0.000000 0.000000 0.000000 0.000000 0.000000 0.000000 0.000000 0.000000 0.000000 0.000000 0.000000 0.000000 0.000000 
50.000000 27.852663 12.379682 4.455605 1.326318 0.333359 0.072039 0.013592 0.002268 0.000338 0.000046 0.000006 0.000001 0.000000 0.000000 0.000000 0.000000 0.000000 0.000000 0.000000 0.000000 0.000000 0.000000 0.000000 0.000000 0.000000 0.000000 0.000000 0.000000 0.000000 0.000000 0.000000 0.000000 0.000000 0.000000 0.000000 0.000000 0.000000 0.000000 0.000000 0.000000 0.000000 0.000000 0.000000 0.000000 0.000000 0.000000 0.000000 0.000000 0.000000 
50.000000 27.852663 12.379682 4.455605 1.326318 0.333359 0.072039 0.013592 0.002268 0.000338 0.000046 0.000006 0.000001 0.000000 0.000000 0.000000 0.000000 0.000000 0.000000 0.000000 0.000000 0.000000 0.000000 0.000000 0.000000 0.000000 0.000000 0.000000 0.000000 0.000000 0.000000 0.000000 0.000000 0.000000 0.000000 0.000000 0.000000 0.000000 0.000000 0.000000 0.000000 0.000000 0.000000 0.000000 0.000000 0.000000 0.000000 0.000000 0.000000 0.000000 
50.000000 27.852663 12.379682 4.455605 1.326318 0.333359 0.072039 0.013592 0.002268 0.000338 0.000046 0.000006 0.000001 0.000000 0.000000 0.000000 0.000000 0.000000 0.000000 0.000000 0.000000 0.000000 0.000000 0.000000 0.000000 0.000000 0.000000 0.000000 0.000000 0.000000 0.000000 0.000000 0.000000 0.000000 0.000000 0.000000 0.000000 0.000000 0.000000 0.000000 0.000000 0.000000 0.000000 0.000000 0.000000 0.000000 0.000000 0.000000 0.000000 0.000000 
50.000000 27.852663 12.379682 4.455605 1.326318 0.333359 0.072039 0.013592 0.002268 0.000338 0.000046 0.000006 0.000001 0.000000 0.000000 0.000000 0.000000 0.000000 0.000000 0.000000 0.000000 0.000000 0.000000 0.000000 0.000000 0.000000 0.000000 0.000000 0.000000 0.000000 0.000000 0.000000 0.000000 0.000000 0.000000 0.000000 0.000000 0.000000 0.000000 0.000000 0.000000 0.000000 0.000000 0.000000 0.000000 0.000000 0.000000 0.000000 0.000000 0.000000 
50.000000 27.852663 12.379682 4.455605 1.326318 0.333359 0.072039 0.013592 0.002268 0.000338 0.000046 0.000006 0.000001 0.000000 0.000000 0.000000 0.000000 0.000000 0.000000 0.000000 0.000000 0.000000 0.000000 0.000000 0.000000 0.000000 0.000000 0.000000 0.000000 0.000000 0.000000 0.000000 0.000000 0.000000 0.000000 0.000000 0.000000 0.000000 0.000000 0.000000 0.000000 0.000000 0.000000 0.000000 0.000000 0.000000 0.000000 0.000000 0.000000 0.000000 
50.000000 27.852663 12.379682 4.455605 1.326318 0.333359 0.072039 0.013592 0.002268 0.000338 0.000046 0.000006 0.000001 0.000000 0.000000 0.000000 0.000000 0.000000 0.000000 0.000000 0.000000 0.000000 0.000000 0.000000 0.000000 0.000000 0.000000 0.000000 0.000000 0.000000 0.000000 0.000000 0.000000 0.000000 0.000000 0.000000 0.000000 0.000000 0.000000 0.000000 0.000000 0.000000 0.000000 0.000000 0.000000 0.000000 0.000000 0.000000 0.000000 0.000000 
50.000000 27.852664 12.379683 4.455606 1.326319 0.333359 0.072040 0.013592 0.002268 0.000339 0.000046 0.000006 0.000001 0.000001 0.000001 0.000001 0.000001 0.000001 0.000001 0.000001 0.000001 0.000001 0.000001 0.000001 0.000001 0.000001 0.000001 0.000001 0.000001 0.000001 0.000001 0.000001 0.000001 0.000001 0.000001 0.000001 0.000001 0.000001 0.000001 0.000001 0.000001 0.000001 0.000001 0.000001 0.000001 0.000001 0.000001 0.000000 0.000000 0.000000 
50.000000 27.852666 12.379687 4.455610 1.326324 0.333364 0.072045 0.013597 0.002273 0.000344 0.000051 0.000011 0.000006 0.000006 0.000006 0.000006 0.000006 0.000006 0.000006 0.000006 0.000006 0.000006 0.000006 0.000006 0.000006 0.000006 0.000006 0.000006 0.000006 0.000006 0.000006 0.000006 0.000006 0.000006 0.000006 0.000006 0.000006 0.000006 0.000006 0.000006 0.000006 0.000006 0.000006 0.000006 0.000006 0.000005 0.000005 0.000004 0.000003 0.000000 
50.000000 27.852684 12.379717 4.455647 1.326363 0.333404 0.072085 0.013637 0.002313 0.000384 0.000091 0.000051 0.000046 0.000046 0.000046 0.000046 0.000046 0.000046 0.000046 0.000046 0.000046 0.000046 0.000046 0.000046 0.000046 0.000046 0.000046 0.000046 0.000046 0.000046 0.000046 0.000046 0.000046 0.000046 0.000046 0.000046 0.000046 0.000046 0.000046 0.000046 0.000046 0.000046 0.000046 0.000045 0.000045 0.000045 0.000042 0.000036 0.000022 0.000000 
50.000000 27.852816 12.379941 4.455915 1.326649 0.333695 0.072377 0.013930 0.002606 0.000676 0.000384 0.000344 0.000339 0.000338 0.000338 0.000338 0.000338 0.000338 0.000338 0.000338 0.000338 0.000338 0.000338 0.000338 0.000338 0.000338 0.000338 0.000338 0.000338 0.000338 0.000338 0.000338 0.000338 0.000338 0.000338 0.000338 0.000338 0.000338 0.000338 0.000338 0.000338 0.000338 0.000338 0.000338 0.000337 0.000332 0.000316 0.000268 0.000163 0.000000 
50.000000 27.853686 12.381409 4.457683 1.328532 0.335613 0.074304 0.015859 0.004536 0.002606 0.002313 0.002273 0.002268 0.002268 0.002268 0.002268 0.002268 0.002268 0.002268 0.002268 0.002268 0.002268 0.002268 0.002268 0.002268 0.002268 0.002268 0.002268 0.002268 0.002268 0.002268 0.002268 0.002268 0.002268 0.002268 0.002268 0.002268 0.002268 0.002268 0.002268 0.002268 0.002268 0.002268 0.002266 0.002259 0.002229 0.002120 0.001803 0.001099 0.000000 
50.000000 27.858776 12.390012 4.468050 1.339578 0.346870 0.085614 0.027180 0.015859 0.013930 0.013637 0.013597 0.013592 0.013592 0.013592 0.013592 0.013592 0.013592 0.013592 0.013592 0.013592 0.013592 0.013592 0.013592 0.013592 0.013592 0.013592 0.013592 0.013592 0.013592 0.013592 0.013592 0.013592 0.013592 0.013592 0.013592 0.013592 0.013592 0.013592 0.013592 0.013592 0.013592 0.013590 0.013582 0.013543 0.013368 0.012731 0.010858 0.006652 0.000000 
50.000000 27.884972 12.434332 4.521505 1.396570 0.404959 0.143986 0.085614 0.074304 0.072377 0.072085 0.072045 0.072040 0.072039 0.072039 0.072039 0.072039 0.072039 0.072039 0.072039 0.072039 0.072039 0.072039 0.072039 0.072039 0.072039 0.072039 0.072039 0.072039 0.072039 0.072039 0.072039 0.072039 0.072039 0.072039 0.072039 0.072039 0.072039 0.072039 0.072039 0.072039 0.072038 0.072032 0.071993 0.071794 0.070916 0.067667 0.057961 0.035757 0.000000 
50.000000 28.001766 12.632123 4.760276 1.651283 0.664647 0.404959 0.346870 0.335613 0.333695 0.333404 0.333364 0.333359 0.333359 0.333359 0.333359 0.333359 0.333359 0.333359 0.333359 0.333359 0.333359 0.333359 0.333359 0.333359 0.333359 0.333359 0.333359 0.333359 0.333359 0.333359 0.333359 0.333359 0.333359 0.333359 0.333359 0.333359 0.333359 0.333359 0.333359 0.333358 0.333354 0.333327 0.333165 0.332324 0.328556 0.314376 0.271032 0.169015 0.000000 
50.000000 28.444372 13.382359 5.666725 2.618777 1.651283 1.396570 1.339578 1.328532 1.326649 1.326363 1.326324 1.326319 1.326318 1.326318 1.326318 1.326318 1.326318 1.326318 1.326318 1.326318 1.326318 1.326318 1.326318 1.326318 1.326318 1.326318 1.326318 1.326318 1.326318 1.326318 1.326318 1.326318 1.326318 1.326318 1.326318 1.326318 1.326318 1.326318 1.326318 1.326316 1.326302 1.326210 1.325654 1.322727 1.309388 1.257925 1.095223 0.695082 0.000000 
50.000000 29.835750 15.742799 8.520917 5.666725 4.760276 4.521505 4.468050 4.457683 4.455915 4.455647 4.455610 4.455606 4.455605 4.455605 4.455605 4.455605 4.455605 4.455605 4.455605 4.455605 4.455605 4.455605 4.455605 4.455605 4.455605 4.455605 4.455605 4.455605 4.455605 4.455605 4.455605 4.455605 4.455605 4.455605 4.455605 4.455605 4.455605 4.455605 4.455604 4.455599 4.455563 4.455319 4.453838 4.445900 4.408799 4.260459 3.767056 2.464863 0.000000 
50.000000 33.351172 21.711121 15.742799 13.382359 12.632123 12.434332 12.390012 12.381409 12.379941 12.379717 12.379687 12.379683 12.379682 12.379682 12.379682 12.379682 12.379682 12.379682 12.379682 12.379682 12.379682 12.379682 12.379682 12.379682 12.379682 12.379682 12.379682 12.379682 12.379682 12.379682 12.379682 12.379682 12.379682 12.379682 12.379682 12.379682 12.379682 12.379682 12.379681 12.379673 12.379607 12.379155 12.376371 12.361091 12.287136 11.975743 10.855561 7.521359 0.000000 
50.000000 40.203163 33.351172 29.835750 28.444372 28.001766 27.884972 27.858776 27.853686 27.852816 27.852684 27.852666 27.852664 27.852663 27.852663 27.852663 27.852663 27.852663 27.852663 27.852663 27.852663 27.852663 27.852663 27.852663 27.852663 27.852663 27.852663 27.852663 27.852663 27.852663 27.852663 27.852663 27.852663 27.852663 27.852663 27.852663 27.852663 27.852663 27.852663 27.852662 27.852653 27.852587 27.852124 27.849214 27.832751 27.749289 27.370886 25.829813 20.101581 0.000000 
50.000000 50.000000 50.000000 50.000000 50.000000 50.000000 50.000000 50.000000 50.000000 50.000000 50.000000 50.000000 50.000000 50.000000 50.000000 50.000000 50.000000 50.000000 50.000000 50.000000 50.000000 50.000000 50.000000 50.000000 50.000000 50.000000 50.000000 50.000000 50.000000 50.000000 50.000000 50.000000 50.000000 50.000000 50.000000 50.000000 50.000000 50.000000 50.000000 50.000000 50.000000 50.000000 50.000000 50.000000 50.000000 50.000000 50.000000 50.000000 50.000000 50.000000 
