50.000000 50.000000 50.000000 50.000000 50.000000 50.000000 50.000000 50.000000 50.000000 50.000000 50.000000 50.000000 50.000000 50.000000 50.000000 50.000000 50.000000 50.000000 50.000000 50.000000 50.000000 50.000000 50.000000 50.000000 50.000000 50.000000 50.000000 50.000000 50.000000 50.000000 50.000000 50.000000 50.000000 50.000000 50.000000 50.000000 50.000000 50.000000 50.000000 50.000000 50.000000 50.000000 50.000000 50.000000 50.000000 50.000000 50.000000 50.000000 50.000000 50.000000 
50.000000 47.810268 45.770896 44.001331 42.569772 41.488911 40.726289 40.222695 39.910942 39.729692 39.630544 39.579417 39.554516 39.543040 39.538027 39.535947 39.535126 39.534817 39.534706 39.534668 39.534656 39.534652 39.534651 39.534650 39.534650 39.534650 39.534650 39.534650 39.534650 39.534650 39.534649 39.534647 39.534641 39.534620 39.534559 39.534387 39.533917 39.532685 39.529585 39.522087 39.504626 39.465407 39.380108 39.199416 38.823178 38.042157 36.391190 32.730504 23.905134 0.000000 
50.000000 45.770896 41.832199 38.414614 35.649851 33.562419 32.089617 31.117077 30.515033 30.165020 29.973560 29.874832 29.826750 29.804593 29.794913 29.790897 29.789312 29.788715 29.788501 29.788428 29.788404 29.788396 29.788394 29.788393 29.788393 29.788393 29.788393 29.788393 29.788393 29.788393 29.788392 29.788388 29.788376 29.788340 29.788233 29.787930 29.787107 29.784956 29.779568 29.766606 29.736648 29.670043 29.527294 29.231417 28.635738 27.464566 25.204050 20.916099 13.040392 0.000000 
50.000000 44.001331 38.414614 33.567102 29.645618 26.684907 24.596011 23.216684 22.362850 21.866472 21.594960 21.454960 21.386780 21.355362 21.341638 21.335944 21.333697 21.332852 21.332548 21.332444 21.332410 21.332399 21.332396 21.332395 21.332395 21.332395 21.332395 21.332395 21.332395 21.332394 21.332393 21.332388 21.332374 21.332330 21.332200 21.331834 21.330841 21.328261 21.321837 21.306506 21.271439 21.194551 21.032833 20.706286 20.072769 18.892008 16.783551 13.210563 7.610141 0.000000 
50.000000 42.569772 35.649851 29.645618 24.788478 21.121442 18.534287 16.826016 15.768601 15.153900 14.817683 14.644329 14.559911 14.521012 14.504021 14.496972 14.494191 14.493145 14.492769 14.492641 14.492598 14.492585 14.492581 14.492580 14.492580 14.492579 14.492579 14.492579 14.492579 14.492579 14.492577 14.492573 14.492558 14.492514 14.492385 14.492022 14.491042 14.488511 14.482255 14.467463 14.434028 14.361822 14.212927 13.920008 13.371091 12.394239 10.753610 8.185285 4.527615 0.000000 
50.000000 41.488911 33.562419 26.684907 21.121442 16.921260 13.958062 12.001569 10.790560 10.086606 9.701592 9.503089 9.406430 9.361894 9.342442 9.334373 9.331189 9.329992 9.329562 9.329415 9.329366 9.329351 9.329346 9.329345 9.329345 9.329345 9.329345 9.329345 9.329344 9.329344 9.329343 9.329339 9.329326 9.329288 9.329176 9.328864 9.328026 9.325875 9.320600 9.308250 9.280667 9.221990 9.103265 8.875226 8.460630 7.750351 6.612138 4.926681 2.665732 0.000000 
50.000000 40.726289 32.089617 24.596011 18.534287 13.958062 10.729672 8.598163 7.278881 6.512025 6.092629 5.876412 5.771134 5.722630 5.701445 5.692659 5.689192 5.687888 5.687420 5.687260 5.687207 5.687191 5.687186 5.687184 5.687184 5.687184 5.687184 5.687184 5.687183 5.687183 5.687182 5.687179 5.687169 5.687140 5.687054 5.686814 5.686176 5.684547 5.680585 5.671396 5.651112 5.608568 5.523960 5.364836 5.082836 4.614280 3.889725 2.858200 1.526873 0.000000 
50.000000 40.222695 31.117077 23.216684 16.826016 12.001569 8.598163 6.351176 4.960472 4.152135 3.710073 3.482181 3.371225 3.320107 3.297782 3.288523 3.284870 3.283497 3.283004 3.282835 3.282779 3.282762 3.282757 3.282755 3.282755 3.282754 3.282754 3.282754 3.282754 3.282754 3.282754 3.282751 3.282745 3.282724 3.282664 3.282498 3.282057 3.280940 3.278243 3.272044 3.258509 3.230481 3.175588 3.074203 2.898304 2.613089 2.183851 1.589783 0.842588 0.000000 
50.000000 39.910942 30.515033 22.362850 15.768601 10.790560 7.278881 4.960472 3.525608 2.691629 2.235562 2.000459 1.885997 1.833266 1.810239 1.800688 1.796920 1.795504 1.794996 1.794821 1.794764 1.794746 1.794741 1.794739 1.794739 1.794738 1.794738 1.794738 1.794738 1.794738 1.794738 1.794736 1.794732 1.794719 1.794680 1.794575 1.794296 1.793594 1.791911 1.788076 1.779782 1.762804 1.729991 1.670313 1.568570 1.406779 1.168299 0.844989 0.445535 0.000000 
50.000000 39.729692 30.165020 21.866472 15.153900 10.086606 6.512025 4.152135 2.691629 1.842770 1.378576 1.139292 1.022797 0.969132 0.945697 0.935978 0.932144 0.930702 0.930185 0.930008 0.929949 0.929931 0.929926 0.929924 0.929923 0.929923 0.929923 0.929923 0.929923 0.929923 0.929923 0.929922 0.929920 0.929912 0.929889 0.929827 0.929664 0.929257 0.928286 0.926091 0.921385 0.911847 0.893626 0.860913 0.805939 0.719872 0.595033 0.428372 0.225066 0.000000 
50.000000 39.630544 29.973560 21.594960 14.817683 9.701592 6.092629 3.710073 2.235562 1.378576 0.909948 0.668382 0.550779 0.496605 0.472948 0.463137 0.459267 0.457812 0.457290 0.457111 0.457052 0.457033 0.457028 0.457026 0.457026 0.457026 0.457026 0.457026 0.457026 0.457026 0.457025 0.457025 0.457024 0.457019 0.457007 0.456973 0.456885 0.456665 0.456144 0.454974 0.452485 0.447486 0.438028 0.421233 0.393342 0.350220 0.288454 0.206954 0.108458 0.000000 
50.000000 39.579417 29.874832 21.454960 14.644329 9.503089 5.876412 3.482181 2.000459 1.139292 0.668382 0.425644 0.307471 0.253035 0.229264 0.219406 0.215517 0.214056 0.213531 0.213351 0.213292 0.213274 0.213268 0.213266 0.213266 0.213266 0.213266 0.213266 0.213266 0.213266 0.213266 0.213265 0.213265 0.213262 0.213256 0.213239 0.213194 0.213083 0.212822 0.212238 0.211006 0.208548 0.203938 0.195827 0.182488 0.162073 0.133122 0.095264 0.049831 0.000000 
50.000000 39.554516 29.826750 21.386780 14.559911 9.406430 5.771134 3.371225 1.885997 1.022797 0.550779 0.307471 0.189022 0.134459 0.110633 0.100752 0.096855 0.095389 0.094864 0.094683 0.094624 0.094606 0.094600 0.094598 0.094598 0.094598 0.094598 0.094598 0.094598 0.094598 0.094598 0.094598 0.094597 0.094596 0.094593 0.094585 0.094564 0.094511 0.094388 0.094115 0.093540 0.092403 0.090285 0.086587 0.080555 0.071400 0.058519 0.041794 0.021831 0.000000 
50.000000 39.543040 29.804593 21.355362 14.521012 9.361894 5.722630 3.320107 1.833266 0.969132 0.496605 0.253035 0.134459 0.079838 0.055987 0.046096 0.042194 0.040727 0.040201 0.040020 0.039961 0.039942 0.039937 0.039935 0.039935 0.039934 0.039934 0.039934 0.039934 0.039934 0.039934 0.039934 0.039934 0.039934 0.039932 0.039929 0.039919 0.039896 0.039841 0.039720 0.039468 0.038971 0.038050 0.036454 0.033869 0.029970 0.024522 0.017486 0.009124 0.000000 
50.000000 39.538027 29.794913 21.341638 14.504021 9.342442 5.701445 3.297782 1.810239 0.945697 0.472948 0.229264 0.110633 0.055987 0.032124 0.022228 0.018325 0.016857 0.016331 0.016150 0.016091 0.016072 0.016067 0.016065 0.016065 0.016065 0.016064 0.016064 0.016064 0.016064 0.016064 0.016064 0.016064 0.016064 0.016064 0.016062 0.016058 0.016048 0.016025 0.015975 0.015870 0.015664 0.015285 0.014631 0.013578 0.011999 0.009804 0.006982 0.003640 0.000000 
50.000000 39.535947 29.790897 21.335944 14.496972 9.334373 5.692659 3.288523 1.800688 0.935978 0.463137 0.219406 0.100752 0.046096 0.022228 0.012331 0.008427 0.006959 0.006432 0.006252 0.006192 0.006174 0.006168 0.006167 0.006166 0.006166 0.006166 0.006166 0.006166 0.006166 0.006166 0.006166 0.006166 0.006166 0.006166 0.006165 0.006163 0.006159 0.006150 0.006130 0.006089 0.006008 0.005859 0.005605 0.005196 0.004587 0.003744 0.002664 0.001388 0.000000 
50.000000 39.535126 29.789312 21.333697 14.494191 9.331189 5.689192 3.284870 1.796920 0.932144 0.459267 0.215517 0.096855 0.042194 0.018325 0.008427 0.004522 0.003054 0.002527 0.002347 0.002288 0.002269 0.002263 0.002262 0.002261 0.002261 0.002261 0.002261 0.002261 0.002261 0.002261 0.002261 0.002261 0.002261 0.002261 0.002261 0.002260 0.002258 0.002255 0.002247 0.002232 0.002202 0.002146 0.002052 0.001901 0.001676 0.001367 0.000972 0.000506 0.000000 
50.000000 39.534817 29.788715 21.332852 14.493145 9.329992 5.687888 3.283497 1.795504 0.930702 0.457812 0.214056 0.095389 0.040727 0.016857 0.006959 0.003054 0.001586 0.001060 0.000879 0.000820 0.000801 0.000795 0.000794 0.000793 0.000793 0.000793 0.000793 0.000793 0.000793 0.000793 0.000793 0.000793 0.000793 0.000793 0.000793 0.000793 0.000792 0.000791 0.000788 0.000783 0.000772 0.000752 0.000719 0.000665 0.000586 0.000478 0.000339 0.000177 0.000000 
50.000000 39.534706 29.788501 21.332548 14.492769 9.329562 5.687420 3.283004 1.794996 0.930185 0.457290 0.213531 0.094864 0.040201 0.016331 0.006432 0.002527 0.001060 0.000533 0.000352 0.000293 0.000274 0.000269 0.000267 0.000267 0.000266 0.000266 0.000266 0.000266 0.000266 0.000266 0.000266 0.000266 0.000266 0.000266 0.000266 0.000266 0.000266 0.000266 0.000265 0.000263 0.000259 0.000252 0.000241 0.000223 0.000197 0.000160 0.000114 0.000059 0.000000 
50.000000 39.534668 29.788428 21.332444 14.492641 9.329415 5.687260 3.282835 1.794821 0.930008 0.457111 0.213351 0.094683 0.040020 0.016150 0.006252 0.002347 0.000879 0.000352 0.000172 0.000112 0.000094 0.000088 0.000086 0.000086 0.000086 0.000086 0.000086 0.000086 0.000086 0.000086 0.000086 0.000086 0.000086 0.000086 0.000086 0.000086 0.000086 0.000086 0.000085 0.000085 0.000083 0.000081 0.000078 0.000072 0.000063 0.000051 0.000036 0.000019 0.000000 
50.000000 39.534656 29.788404 21.332410 14.492598 9.329366 5.687207 3.282779 1.794764 0.929949 0.457052 0.213292 0.094624 0.039961 0.016091 0.006192 0.002288 0.000820 0.000293 0.000112 0.000053 0.000034 0.000029 0.000027 0.000027 0.000027 0.000027 0.000027 0.000027 0.000027 0.000027 0.000027 0.000027 0.000027 0.000027 0.000027 0.000027 0.000027 0.000026 0.000026 0.000026 0.000026 0.000025 0.000024 0.000022 0.000020 0.000016 0.000011 0.000006 0.000000 
50.000000 39.534652 29.788396 21.332399 14.492585 9.329351 5.687191 3.282762 1.794746 0.929931 0.457033 0.213274 0.094606 0.039942 0.016072 0.006174 0.002269 0.000801 0.000274 0.000094 0.000034 0.000016 0.000010 0.000009 0.000008 0.000008 0.000008 0.000008 0.000008 0.000008 0.000008 0.000008 0.000008 0.000008 0.000008 0.000008 0.000008 0.000008 0.000008 0.000008 0.000008 0.000008 0.000007 0.000007 0.000007 0.000006 0.000005 0.000003 0.000002 0.000000 
50.000000 39.534651 29.788394 21.332396 14.492581 9.329346 5.687186 3.282757 1.794741 0.929926 0.457028 0.213268 0.094600 0.039937 0.016067 0.006168 0.002263 0.000795 0.000269 0.000088 0.000029 0.000010 0.000005 0.000003 0.000002 0.000002 0.000002 0.000002 0.000002 0.000002 0.000002 0.000002 0.000002 0.000002 0.000002 0.000002 0.000002 0.000002 0.000002 0.000002 0.000002 0.000002 0.000002 0.000002 0.000002 0.000002 0.000001 0.000001 0.000000 0.000000 
50.000000 39.534650 29.788393 21.332395 14.492580 9.329345 5.687184 3.282755 1.794739 0.929924 0.457026 0.213266 0.094598 0.039935 0.016065 0.006167 0.002262 0.000794 0.000267 0.000086 0.000027 0.000009 0.000003 0.000001 0.000001 0.000001 0.000001 0.000001 0.000001 0.000001 0.000001 0.000001 0.000001 0.000001 0.000001 0.000001 0.000001 0.000001 0.000001 0.000001 0.000001 0.000001 0.000001 0.000001 0.000001 0.000000 0.000000 0.000000 0.000000 0.000000 
50.000000 39.534650 29.788393 21.332395 14.492580 9.329345 5.687184 3.282755 1.794739 0.929924 0.457026 0.213266 0.094598 0.039935 0.016065 0.006166 0.002261 0.000793 0.000267 0.000086 0.000027 0.000008 0.000002 0.000001 0.000000 0.000000 0.000000 0.000000 0.000000 0.000000 0.000000 0.000000 0.000000 0.000000 0.000000 0.000000 0.000000 0.000000 0.000000 0.000000 0.000000 0.000000 0.000000 0.000000 0.000000 0.000000 0.000000 0.000000 0.000000 0.000000 
50.000000 39.534650 29.788393 21.332395 14.492580 9.329345 5.687184 3.282755 1.794739 0.929924 0.457026 0.213266 0.094598 0.039935 0.016065 0.006166 0.002261 0.000793 0.000267 0.000086 0.000027 0.000008 0.000002 0.000001 0.000000 0.000000 0.000000 0.000000 0.000000 0.000000 0.000000 0.000000 0.000000 0.000000 0.000000 0.000000 0.000000 0.000000 0.000000 0.000000 0.000000 0.000000 0.000000 0.000000 0.000000 0.000000 0.000000 0.000000 0.000000 0.000000 
50.000000 39.534650 29.788393 21.332395 14.492580 9.329345 5.687184 3.282755 1.794739 0.929924 0.457026 0.213266 0.094598 0.039935 0.016065 0.006167 0.002262 0.000794 0.000267 0.000086 0.000027 0.000009 0.000003 0.000001 0.000001 0.000001 0.000001 0.000001 0.000001 0.000001 0.000001 0.000001 0.000001 0.000001 0.000001 0.000001 0.000001 0.000001 0.000001 0.000001 0.000001 0.000001 0.000001 0.000001 0.000001 0.000000 0.000000 0.000000 0.000000 0.000000 
50.000000 39.534651 29.788394 21.332396 14.492581 9.329346 5.687186 3.282757 1.794741 0.929926 0.457028 0.213268 0.094600 0.039937 0.016067 0.006168 0.002263 0.000795 0.000269 0.000088 0.000029 0.000010 0.000005 0.000003 0.000002 0.000002 0.000002 0.000002 0.000002 0.000002 0.000002 0.000002 0.000002 0.000002 0.000002 0.000002 0.000002 0.000002 0.000002 0.000002 0.000002 0.000002 0.000002 0.000002 0.000002 0.000002 0.000001 0.000001 0.000000 0.000000 
50.000000 39.534652 29.788396 21.332399 14.492585 9.329351 5.687191 3.282762 1.794746 0.929931 0.457033 0.213274 0.094606 0.039942 0.016072 0.006174 0.002269 0.000801 0.000274 0.000094 0.000034 0.000016 0.000010 0.000009 0.000008 0.000008 0.000008 0.000008 0.000008 0.000008 0.000008 0.000008 0.000008 0.000008 0.000008 0.000008 0.000008 0.000008 0.000008 0.000008 0.000008 0.000008 0.000007 0.000007 0.000007 0.000006 0.000005 0.000003 0.000002 0.000000 
50.000000 39.534656 29.788404 21.332410 14.492598 9.329366 5.687207 3.282779 1.794764 0.929949 0.457052 0.213292 0.094624 0.039961 0.016091 0.006192 0.002288 0.000820 0.000293 0.000112 0.000053 0.000034 0.000029 0.000027 0.000027 0.000027 0.000027 0.000027 0.000027 0.000027 0.000027 0.000027 0.000027 0.000027 0.000027 0.000027 0.000027 0.000027 0.000026 0.000026 0.000026 0.000026 0.000025 0.000024 0.000022 0.000020 0.000016 0.000011 0.000006 0.000000 
50.000000 39.534668 29.788428 21.332444 14.492641 9.329415 5.687260 3.282835 1.794821 0.930008 0.457111 0.213351 0.094683 0.040020 0.016150 0.006252 0.002347 0.000879 0.000352 0.000172 0.000112 0.000094 0.000088 0.000086 0.000086 0.000086 0.000086 0.000086 0.000086 0.000086 0.000086 0.000086 0.000086 0.000086 0.000086 0.000086 0.000086 0.000086 0.000086 0.000085 0.000085 0.000083 0.000081 0.000078 0.000072 0.000063 0.000051 0.000036 0.000019 0.000000 
50.000000 39.534706 29.788501 21.332548 14.492769 9.329562 5.687420 3.283004 1.794996 0.930185 0.457290 0.213531 0.094864 0.040201 0.016331 0.006432 0.002527 0.001060 0.000533 0.000352 0.000293 0.000274 0.000269 0.000267 0.000267 0.000266 0.000266 0.000266 0.000266 0.000266 0.000266 0.000266 0.000266 0.000266 0.000266 0.000266 0.000266 0.000266 0.000266 0.000265 0.000263 0.000259 0.000252 0.000241 0.000223 0.000197 0.000160 0.000114 0.000059 0.000000 
50.000000 39.534817 29.788715 21.332852 14.493145 9.329992 5.687888 3.283497 1.795504 0.930702 0.457812 0.214056 0.095389 0.040727 0.016857 0.006959 0.003054 0.001586 0.001060 0.000879 0.000820 0.000801 0.000795 0.000794 0.000793 0.000793 0.000793 0.000793 0.000793 0.000793 0.000793 0.000793 0.000793 0.000793 0.000793 0.000793 0.000793 0.000792 0.000791 0.000788 0.000783 0.000772 0.000752 0.000719 0.000665 0.000586 0.000478 0.000339 0.000177 0.000000 
50.000000 39.535126 29.789312 21.333697 14.494191 9.331189 5.689192 3.284870 1.796920 0.932144 0.459267 0.215517 0.096855 0.042194 0.018325 0.008427 0.004522 0.003054 0.002527 0.002347 0.002288 0.002269 0.002263 0.002262 0.002261 0.002261 0.002261 0.002261 0.002261 0.002261 0.002261 0.002261 0.002261 0.002261 0.002261 0.002261 0.002260 0.002258 0.002255 0.002247 0.002232 0.002202 0.002146 0.002052 0.001901 0.001676 0.001367 0.000972 0.000506 0.000000 
50.000000 39.535947 29.790897 21.335944 14.496972 9.334373 5.692659 3.288523 1.800688 0.935978 0.463137 0.219406 0.100752 0.046096 0.022228 0.012331 0.008427 0.006959 0.006432 0.006252 0.006192 0.006174 0.006168 0.006167 0.006166 0.006166 0.006166 0.006166 0.006166 0.006166 0.006166 0.006166 0.006166 0.006166 0.006166 0.006165 0.006163 0.006159 0.006150 0.006130 0.006089 0.006008 0.005859 0.005605 0.005196 0.004587 0.003744 0.002664 0.001388 0.000000 
50.000000 39.538027 29.794913 21.341638 14.504021 9.342442 5.701445 3.297782 1.810239 0.945697 0.472948 0.229264 0.110633 0.055987 0.032124 0.022228 0.018325 0.016857 0.016331 0.016150 0.016091 0.016072 0.016067 0.016065 0.016065 0.016065 0.016064 0.016064 0.016064 0.016064 0.016064 0.016064 0.016064 0.016064 0.016064 0.016062 0.016058 0.016048 0.016025 0.015975 0.015870 0.015664 0.015285 0.014631 0.013578 0.011999 0.009804 0.006982 0.003640 0.000000 
50.000000 39.543040 29.804593 21.355362 14.521012 9.361894 5.722630 3.320107 1.833266 0.969132 0.496605 0.253035 0.134459 0.079838 0.055987 0.046096 0.042194 0.040727 0.040201 0.040020 0.039961 0.039942 0.039937 0.039935 0.039935 0.039934 0.039934 0.039934 0.039934 0.039934 0.039934 0.039934 0.039934 0.039934 0.039932 0.039929 0.039919 0.039896 0.039841 0.039720 0.039468 0.038971 0.038050 0.036454 0.033869 0.029970 0.024522 0.017486 0.009124 0.000000 
50.000000 39.554516 29.826750 21.386780 14.559911 9.406430 5.771134 3.371225 1.885997 1.022797 0.550779 0.307471 0.189022 0.134459 0.110633 0.100752 0.096855 0.095389 0.094864 0.094683 0.094624 0.094606 0.094600 0.094598 0.094598 0.094598 0.094598 0.094598 0.094598 0.094598 0.094598 0.094598 0.094597 0.094596 0.094593 0.094585 0.094564 0.094511 0.094388 0.094115 0.093540 0.092403 0.090285 0.086587 0.080555 0.071400 0.058519 0.041794 0.021831 0.000000 
50.000000 39.579417 29.874832 21.454960 14.644329 9.503089 5.876412 3.482181 2.000459 1.139292 0.668382 0.425644 0.307471 0.253035 0.229264 0.219406 0.215517 0.214056 0.213531 0.213351 0.213292 0.213274 0.213268 0.213266 0.213266 0.213266 0.213266 0.213266 0.213266 0.213266 0.213266 0.213265 0.213265 0.213262 0.213256 0.213239 0.213194 0.213083 0.212822 0.212238 0.211006 0.208548 0.203938 0.195827 0.182488 0.162073 0.133122 0.095264 0.049831 0.000000 
50.000000 39.630544 29.973560 21.594960 14.817683 9.701592 6.092629 3.710073 2.235562 1.378576 0.909948 0.668382 0.550779 0.496605 0.472948 0.463137 0.459267 0.457812 0.457290 0.457111 0.457052 0.457033 0.457028 0.457026 0.457026 0.457026 0.457026 0.457026 0.457026 0.457026 0.457025 0.457025 0.457024 0.457019 0.457007 0.456973 0.456885 0.456665 0.456144 0.454974 0.452485 0.447486 0.438028 0.421233 0.393342 0.350220 0.288454 0.206954 0.108458 0.000000 
50.000000 39.729692 30.165020 21.866472 15.153900 10.086606 6.512025 4.152135 2.691629 1.842770 1.378576 1.139292 1.022797 0.969132 0.945697 0.935978 0.932144 0.930702 0.930185 0.930008 0.929949 0.929931 0.929926 0.929924 0.929923 0.929923 0.929923 0.929923 0.929923 0.929923 0.929923 0.929922 0.929920 0.929912 0.929889 0.929827 0.929664 0.929257 0.928286 0.926091 0.921385 0.911847 0.893626 0.860913 0.805939 0.719872 0.595033 0.428372 0.225066 0.000000 
50.000000 39.910942 30.515033 22.362850 15.768601 10.790560 7.278881 4.960472 3.525608 2.691629 2.235562 2.000459 1.885997 1.833266 1.810239 1.800688 1.796920 1.795504 1.794996 1.794821 1.794764 1.794746 1.794741 1.794739 1.794739 1.794738 1.794738 1.794738 1.794738 1.794738 1.794738 1.794736 1.794732 1.794719 1.794680 1.794575 1.794296 1.793594 1.791911 1.788076 1.779782 1.762804 1.729991 1.670313 1.568570 1.406779 1.168299 0.844989 0.445535 0.000000 
50.000000 40.222695 31.117077 23.216684 16.826016 12.001569 8.598163 6.351176 4.960472 4.152135 3.710073 3.482181 3.371225 3.320107 3.297782 3.288523 3.284870 3.283497 3.283004 3.282835 3.282779 3.282762 3.282757 3.282755 3.282755 3.282754 3.282754 3.282754 3.282754 3.282754 3.282754 3.282751 3.282745 3.282724 3.282664 3.282498 3.282057 3.280940 3.278243 3.272044 3.258509 3.230481 3.175588 3.074203 2.898304 2.613089 2.183851 1.589783 0.842588 0.000000 
50.000000 40.726289 32.089617 24.596011 18.534287 13.958062 10.729672 8.598163 7.278881 6.512025 6.092629 5.876412 5.771134 5.722630 5.701445 5.692659 5.689192 5.687888 5.687420 5.687260 5.687207 5.687191 5.687186 5.687184 5.687184 5.687184 5.687184 5.687184 5.687183 5.687183 5.687182 5.687179 5.687169 5.687140 5.687054 5.686814 5.686176 5.684547 5.680585 5.671396 5.651112 5.608568 5.523960 5.364836 5.082836 4.614280 3.889725 2.858200 1.526873 0.000000 
50.000000 41.488911 33.562419 26.684907 21.121442 16.921260 13.958062 12.001569 10.790560 10.086606 9.701592 9.503089 9.406430 9.361894 9.342442 9.334373 9.331189 9.329992 9.329562 9.329415 9.329366 9.329351 9.329346 9.329345 9.329345 9.329345 9.329345 9.329345 9.329344 9.329344 9.329343 9.329339 9.329326 9.329288 9.329176 9.328864 9.328026 9.325875 9.320600 9.308250 9.280667 9.221990 9.103265 8.875226 8.460630 7.750351 6.612138 4.926681 2.665732 0.000000 
50.000000 42.569772 35.649851 29.645618 24.788478 21.121442 18.534287 16.826016 15.768601 15.153900 14.817683 14.644329 14.559911 14.521012 14.504021 14.496972 14.494191 14.493145 14.492769 14.492641 14.492598 14.492585 14.492581 14.492580 14.492580 14.492579 14.492579 14.492579 14.492579 14.492579 14.492577 14.492573 14.492558 14.492514 14.492385 14.492022 14.491042 14.488511 14.482255 14.467463 14.434028 14.361822 14.212927 13.920008 13.371091 12.394239 10.753610 8.185285 4.527615 0.000000 
50.000000 44.001331 38.414614 33.567102 29.645618 26.684907 24.596011 23.216684 22.362850 21.866472 21.594960 21.454960 21.386780 21.355362 21.341638 21.335944 21.333697 21.332852 21.332548 21.332444 21.332410 21.332399 21.332396 21.332395 21.332395 21.332395 21.332395 21.332395 21.332395 21.332394 21.332393 21.332388 21.332374 21.332330 21.332200 21.331834 21.330841 21.328261 21.321837 21.306506 21.271439 21.194551 21.032833 20.706286 20.072769 18.892008 16.783551 13.210563 7.610141 0.000000 
50.000000 45.770896 41.832199 38.414614 35.649851 33.562419 32.089617 31.117077 30.515033 30.165020 29.973560 29.874832 29.826750 29.804593 29.794913 29.790897 29.789312 29.788715 29.788501 29.788428 29.788404 29.788396 29.788394 29.788393 29.788393 29.788393 29.788393 29.788393 29.788393 29.788393 29.788392 29.788388 29.788376 29.788340 29.788233 29.787930 29.787107 29.784956 29.779568 29.766606 29.736648 29.670043 29.527294 29.231417 28.635738 27.464566 25.204050 20.916099 13.040392 0.000000 
50.000000 47.810268 45.770896 44.001331 42.569772 41.488911 40.726289 40.222695 39.910942 39.729692 39.630544 39.579417 39.554516 39.543040 39.538027 39.535947 39.535126 39.534817 39.534706 39.534668 39.534656 39.534652 39.534651 39.534650 39.534650 39.534650 39.534650 39.534650 39.534650 39.534650 39.534649 39.534647 39.534641 39.534620 39.534559 39.534387 39.533917 39.532685 39.529585 39.522087 39.504626 39.465407 39.380108 39.199416 38.823178 38.042157 36.391190 32.730504 23.905134 0.000000 
50.000000 50.000000 50.000000 50.000000 50.000000 50.000000 50.000000 50.000000 50.000000 50.000000 50.000000 50.000000 50.000000 50.000000 50.000000 50.000000 50.000000 50.000000 50.000000 50.000000 50.000000 50.000000 50.000000 50.000000 50.000000 50.000000 50.000000 50.000000 50.000000 50.000000 50.000000 50.000000 50.000000 50.000000 50.000000 50.000000 50.000000 50.000000 50.000000 50.000000 50.000000 50.000000 50.000000 50.000000 50.000000 50.000000 50.000000 50.000000 50.000000 50.000000 
