50.000000 50.000000 50.000000 50.000000 50.000000 50.000000 50.000000 50.000000 50.000000 50.000000 50.000000 50.000000 50.000000 50.000000 50.000000 50.000000 50.000000 50.000000 50.000000 50.000000 50.000000 50.000000 50.000000 50.000000 50.000000 50.000000 50.000000 50.000000 50.000000 50.000000 50.000000 50.000000 50.000000 50.000000 50.000000 50.000000 50.000000 50.000000 50.000000 50.000000 50.000000 50.000000 50.000000 50.000000 50.000000 50.000000 50.000000 50.000000 50.000000 50.000000 
50.000000 48.049062 46.217507 44.602841 43.265485 42.224062 41.460892 40.934022 40.590934 40.379922 40.257172 40.189536 40.154183 40.136627 40.128333 40.124599 40.122995 40.122336 40.122078 40.121981 40.121945 40.121933 40.121929 40.121928 40.121928 40.121927 40.121927 40.121927 40.121927 40.121926 40.121925 40.121919 40.121902 40.121854 40.121726 40.121388 40.120539 40.118476 40.113643 40.102720 40.078849 40.028285 39.924038 39.713534 39.293174 38.450822 36.719897 32.961550 24.024531 0.000000 
50.000000 46.217507 42.666484 39.535982 36.943143 34.924075 33.444489 32.423041 31.757903 31.348825 31.110861 30.979744 30.911211 30.877180 30.861102 30.853864 30.850755 30.849479 30.848978 30.848789 30.848721 30.848698 30.848690 30.848687 30.848686 30.848686 30.848686 30.848686 30.848686 30.848685 30.848681 30.848671 30.848641 30.848556 30.848326 30.847726 30.846217 30.842566 30.834050 30.814905 30.773372 30.686286 30.509330 30.159629 29.484291 28.202391 25.797515 21.333242 13.255957 0.000000 
50.000000 44.602841 39.535982 35.069186 31.369604 28.488746 26.377674 24.920304 23.971329 23.387700 23.048209 22.861156 22.763390 22.714845 22.691910 22.681586 22.677152 22.675332 22.674617 22.674348 22.674251 22.674217 22.674206 22.674203 22.674202 22.674201 22.674201 22.674201 22.674200 22.674199 22.674195 22.674182 22.674144 22.674038 22.673753 22.673010 22.671151 22.666672 22.656290 22.633135 22.583423 22.480616 22.275610 21.880951 21.146626 19.825739 17.534593 13.738467 7.882944 0.000000 
50.000000 43.265485 36.943143 31.369604 26.753436 23.158902 20.524913 18.706599 17.522628 16.794499 16.370970 16.137623 16.015666 15.955112 15.926505 15.913629 15.908098 15.905828 15.904937 15.904602 15.904481 15.904439 15.904425 15.904420 15.904419 15.904418 15.904418 15.904418 15.904417 15.904416 15.904412 15.904398 15.904359 15.904250 15.903957 15.903198 15.901307 15.896778 15.886358 15.863335 15.814491 15.715015 15.520576 15.155992 14.501008 13.376718 11.543865 8.740752 4.814663 0.000000 
50.000000 42.224062 34.924075 28.488746 23.158902 19.008724 15.967649 13.868373 12.501504 11.660926 11.172009 10.902648 10.761876 10.691982 10.658966 10.644105 10.637722 10.635103 10.634074 10.633687 10.633548 10.633499 10.633483 10.633478 10.633476 10.633476 10.633476 10.633475 10.633475 10.633474 10.633470 10.633458 10.633422 10.633324 10.633062 10.632384 10.630704 10.626707 10.617587 10.597634 10.555820 10.471957 10.311165 10.016931 9.504362 8.657894 7.342120 5.439784 2.930888 0.000000 
50.000000 41.460892 33.444489 26.377674 20.524913 15.967649 12.628360 10.323293 8.822481 7.899566 7.362780 7.067060 6.912519 6.835793 6.799551 6.783239 6.776233 6.773359 6.772230 6.771805 6.771652 6.771599 6.771581 6.771576 6.771574 6.771573 6.771573 6.771573 6.771573 6.771572 6.771568 6.771558 6.771530 6.771451 6.771239 6.770696 6.769357 6.766195 6.759036 6.743527 6.711411 6.647926 6.528341 6.314180 5.950718 5.368921 4.496723 3.284860 1.747358 0.000000 
50.000000 40.934022 32.423041 24.920304 18.706599 13.868373 10.323293 7.876236 6.283024 5.303321 4.733527 4.419636 4.255605 4.174172 4.135708 4.118397 4.110963 4.107912 4.106715 4.106264 4.106102 4.106045 4.106026 4.106020 4.106019 4.106018 4.106018 4.106018 4.106017 4.106017 4.106014 4.106007 4.105986 4.105927 4.105772 4.105375 4.104403 4.102122 4.096998 4.086003 4.063486 4.019562 3.938118 3.794951 3.557208 3.186023 2.644694 1.913711 1.009984 0.000000 
50.000000 40.590934 31.757903 23.971329 17.522628 12.501504 8.822481 6.283024 4.629694 3.613054 3.021795 2.696090 2.525892 2.441400 2.401493 2.383533 2.375821 2.372656 2.371414 2.370947 2.370778 2.370720 2.370700 2.370694 2.370692 2.370691 2.370691 2.370691 2.370691 2.370690 2.370689 2.370684 2.370669 2.370630 2.370525 2.370258 2.369608 2.368092 2.364712 2.357521 2.342945 2.314847 2.263461 2.174555 2.029548 1.807613 1.490714 1.071617 0.562649 0.000000 
50.000000 40.379922 31.348825 23.387700 16.794499 11.660926 7.899566 5.303321 3.613054 2.573723 1.969283 1.636325 1.462342 1.375974 1.335182 1.316824 1.308941 1.305707 1.304437 1.303960 1.303787 1.303728 1.303708 1.303701 1.303699 1.303699 1.303699 1.303698 1.303698 1.303698 1.303697 1.303694 1.303685 1.303660 1.303594 1.303427 1.303024 1.302088 1.300016 1.295644 1.286862 1.270109 1.239836 1.188155 1.105106 0.980008 0.804278 0.575452 0.301073 0.000000 
50.000000 40.257172 31.110861 23.048209 16.370970 11.172009 7.362780 4.733527 3.021795 1.969283 1.357187 1.020018 0.843839 0.756382 0.715077 0.696489 0.688507 0.685232 0.683947 0.683463 0.683289 0.683228 0.683208 0.683202 0.683200 0.683199 0.683199 0.683199 0.683199 0.683199 0.683198 0.683196 0.683191 0.683176 0.683138 0.683041 0.682807 0.682267 0.681080 0.678593 0.673639 0.664274 0.647524 0.619253 0.574374 0.507635 0.415074 0.295956 0.154452 0.000000 
50.000000 40.189536 30.979744 22.861156 16.137623 10.902648 7.067060 4.419636 2.696090 1.636325 1.020018 0.680535 0.503148 0.415094 0.373506 0.354792 0.346756 0.343459 0.342165 0.341678 0.341502 0.341442 0.341421 0.341415 0.341413 0.341412 0.341412 0.341412 0.341412 0.341412 0.341411 0.341410 0.341407 0.341399 0.341378 0.341325 0.341198 0.340906 0.340268 0.338938 0.336309 0.331378 0.322637 0.308024 0.285061 0.251265 0.204866 0.145694 0.075892 0.000000 
50.000000 40.154183 30.911211 22.763390 16.015666 10.761876 6.912519 4.255605 2.525892 1.462342 0.843839 0.503148 0.325133 0.236766 0.195032 0.176252 0.168188 0.164879 0.163580 0.163092 0.162916 0.162855 0.162834 0.162828 0.162826 0.162825 0.162825 0.162825 0.162825 0.162825 0.162825 0.162824 0.162823 0.162818 0.162808 0.162780 0.162715 0.162566 0.162242 0.161572 0.160254 0.157801 0.153483 0.146324 0.135168 0.118889 0.096718 0.068645 0.035707 0.000000 
50.000000 40.136627 30.877180 22.714845 15.955112 10.691982 6.835793 4.174172 2.441400 1.375974 0.756382 0.415094 0.236766 0.148246 0.106439 0.087626 0.079548 0.076234 0.074933 0.074444 0.074267 0.074206 0.074185 0.074179 0.074177 0.074176 0.074176 0.074176 0.074176 0.074176 0.074176 0.074176 0.074175 0.074173 0.074168 0.074154 0.074123 0.074051 0.073896 0.073576 0.072950 0.071792 0.069769 0.066436 0.061279 0.053805 0.043694 0.030963 0.016088 0.000000 
50.000000 40.128333 30.861102 22.691910 15.926505 10.658966 6.799551 4.135708 2.401493 1.335182 0.715077 0.373506 0.195032 0.106439 0.064598 0.045770 0.037686 0.034369 0.033067 0.032577 0.032400 0.032339 0.032319 0.032312 0.032310 0.032309 0.032309 0.032309 0.032309 0.032309 0.032309 0.032309 0.032309 0.032308 0.032305 0.032299 0.032285 0.032252 0.032181 0.032036 0.031754 0.031235 0.030333 0.028855 0.026582 0.023307 0.018900 0.013376 0.006944 0.000000 
50.000000 40.124599 30.853864 22.681586 15.913629 10.644105 6.783239 4.118397 2.383533 1.316824 0.696489 0.354792 0.176252 0.087626 0.045770 0.026935 0.018848 0.015529 0.014227 0.013737 0.013560 0.013499 0.013479 0.013472 0.013470 0.013469 0.013469 0.013469 0.013469 0.013469 0.013469 0.013469 0.013469 0.013469 0.013467 0.013465 0.013459 0.013444 0.013414 0.013351 0.013230 0.013008 0.012625 0.012000 0.011043 0.009671 0.007833 0.005538 0.002873 0.000000 
50.000000 40.122995 30.850755 22.677152 15.908098 10.637722 6.776233 4.110963 2.375821 1.308941 0.688507 0.346756 0.168188 0.079548 0.037686 0.018848 0.010759 0.007440 0.006138 0.005648 0.005471 0.005410 0.005389 0.005383 0.005381 0.005380 0.005380 0.005380 0.005380 0.005380 0.005380 0.005380 0.005380 0.005379 0.005379 0.005378 0.005375 0.005369 0.005357 0.005331 0.005282 0.005191 0.005035 0.004783 0.004398 0.003848 0.003113 0.002199 0.001140 0.000000 
50.000000 40.122336 30.849479 22.675332 15.905828 10.635103 6.773359 4.107912 2.372656 1.305707 0.685232 0.343459 0.164879 0.076234 0.034369 0.015529 0.007440 0.004121 0.002819 0.002329 0.002152 0.002091 0.002070 0.002064 0.002062 0.002061 0.002061 0.002061 0.002061 0.002061 0.002061 0.002061 0.002061 0.002061 0.002060 0.002060 0.002059 0.002057 0.002052 0.002042 0.002022 0.001987 0.001927 0.001829 0.001680 0.001469 0.001188 0.000838 0.000435 0.000000 
50.000000 40.122078 30.848978 22.674617 15.904937 10.634074 6.772230 4.106715 2.371414 1.304437 0.683947 0.342165 0.163580 0.074933 0.033067 0.014227 0.006138 0.002819 0.001516 0.001026 0.000849 0.000788 0.000767 0.000761 0.000759 0.000758 0.000758 0.000758 0.000758 0.000758 0.000758 0.000758 0.000758 0.000758 0.000758 0.000758 0.000757 0.000756 0.000754 0.000751 0.000743 0.000730 0.000708 0.000672 0.000617 0.000539 0.000435 0.000307 0.000159 0.000000 
50.000000 40.121981 30.848789 22.674348 15.904602 10.633687 6.771805 4.106264 2.370947 1.303960 0.683463 0.341678 0.163092 0.074444 0.032577 0.013737 0.005648 0.002329 0.001026 0.000536 0.000359 0.000298 0.000277 0.000271 0.000269 0.000268 0.000268 0.000268 0.000268 0.000268 0.000268 0.000268 0.000268 0.000268 0.000268 0.000268 0.000268 0.000267 0.000267 0.000265 0.000263 0.000258 0.000250 0.000237 0.000218 0.000190 0.000153 0.000108 0.000056 0.000000 
50.000000 40.121945 30.848721 22.674251 15.904481 10.633548 6.771652 4.106102 2.370778 1.303787 0.683289 0.341502 0.162916 0.074267 0.032400 0.013560 0.005471 0.002152 0.000849 0.000359 0.000182 0.000121 0.000100 0.000094 0.000092 0.000091 0.000091 0.000091 0.000091 0.000091 0.000091 0.000091 0.000091 0.000091 0.000091 0.000091 0.000091 0.000091 0.000091 0.000090 0.000089 0.000088 0.000085 0.000080 0.000074 0.000064 0.000052 0.000037 0.000019 0.000000 
50.000000 40.121933 30.848698 22.674217 15.904439 10.633499 6.771599 4.106045 2.370720 1.303728 0.683228 0.341442 0.162855 0.074206 0.032339 0.013499 0.005410 0.002091 0.000788 0.000298 0.000121 0.000060 0.000039 0.000033 0.000031 0.000030 0.000030 0.000030 0.000030 0.000030 0.000030 0.000030 0.000030 0.000030 0.000030 0.000030 0.000030 0.000030 0.000030 0.000030 0.000029 0.000029 0.000028 0.000026 0.000024 0.000021 0.000017 0.000012 0.000006 0.000000 
50.000000 40.121929 30.848690 22.674206 15.904425 10.633483 6.771581 4.106026 2.370700 1.303708 0.683208 0.341421 0.162834 0.074185 0.032319 0.013479 0.005389 0.002070 0.000767 0.000277 0.000101 0.000039 0.000019 0.000012 0.000010 0.000010 0.000009 0.000009 0.000009 0.000009 0.000009 0.000009 0.000009 0.000009 0.000009 0.000009 0.000009 0.000009 0.000009 0.000009 0.000009 0.000009 0.000009 0.000008 0.000008 0.000007 0.000005 0.000004 0.000002 0.000000 
50.000000 40.121928 30.848687 22.674203 15.904420 10.633478 6.771576 4.106020 2.370694 1.303701 0.683202 0.341415 0.162828 0.074179 0.032312 0.013472 0.005383 0.002064 0.000761 0.000271 0.000094 0.000033 0.000012 0.000006 0.000004 0.000003 0.000003 0.000003 0.000003 0.000003 0.000003 0.000003 0.000003 0.000003 0.000003 0.000003 0.000003 0.000003 0.000003 0.000003 0.000003 0.000003 0.000003 0.000003 0.000002 0.000002 0.000002 0.000001 0.000001 0.000000 
50.000000 40.121928 30.848687 22.674202 15.904419 10.633476 6.771574 4.106019 2.370692 1.303700 0.683200 0.341413 0.162826 0.074177 0.032310 0.013470 0.005381 0.002062 0.000759 0.000269 0.000092 0.000031 0.000010 0.000004 0.000002 0.000001 0.000001 0.000001 0.000001 0.000001 0.000001 0.000001 0.000001 0.000001 0.000001 0.000001 0.000001 0.000001 0.000001 0.000001 0.000001 0.000001 0.000001 0.000001 0.000001 0.000001 0.000001 0.000000 0.000000 0.000000 
50.000000 40.121928 30.848687 22.674202 15.904419 10.633476 6.771574 4.106019 2.370692 1.303700 0.683200 0.341413 0.162826 0.074177 0.032310 0.013470 0.005381 0.002062 0.000759 0.000269 0.000092 0.000031 0.000010 0.000004 0.000002 0.000001 0.000001 0.000001 0.000001 0.000001 0.000001 0.000001 0.000001 0.000001 0.000001 0.000001 0.000001 0.000001 0.000001 0.000001 0.000001 0.000001 0.000001 0.000001 0.000001 0.000001 0.000001 0.000000 0.000000 0.000000 
50.000000 40.121928 30.848687 22.674203 15.904420 10.633478 6.771576 4.106020 2.370694 1.303701 0.683202 0.341415 0.162828 0.074179 0.032312 0.013472 0.005383 0.002064 0.000761 0.000271 0.000094 0.000033 0.000012 0.000006 0.000004 0.000003 0.000003 0.000003 0.000003 0.000003 0.000003 0.000003 0.000003 0.000003 0.000003 0.000003 0.000003 0.000003 0.000003 0.000003 0.000003 0.000003 0.000003 0.000003 0.000002 0.000002 0.000002 0.000001 0.000001 0.000000 
50.000000 40.121929 30.848690 22.674206 15.904425 10.633483 6.771581 4.106026 2.370700 1.303708 0.683208 0.341421 0.162834 0.074185 0.032319 0.013479 0.005389 0.002070 0.000767 0.000277 0.000101 0.000039 0.000019 0.000012 0.000010 0.000010 0.000009 0.000009 0.000009 0.000009 0.000009 0.000009 0.000009 0.000009 0.000009 0.000009 0.000009 0.000009 0.000009 0.000009 0.000009 0.000009 0.000009 0.000008 0.000008 0.000007 0.000005 0.000004 0.000002 0.000000 
50.000000 40.121933 30.848698 22.674217 15.904439 10.633499 6.771599 4.106045 2.370720 1.303728 0.683228 0.341442 0.162855 0.074206 0.032339 0.013499 0.005410 0.002091 0.000788 0.000298 0.000121 0.000060 0.000039 0.000033 0.000031 0.000030 0.000030 0.000030 0.000030 0.000030 0.000030 0.000030 0.000030 0.000030 0.000030 0.000030 0.000030 0.000030 0.000030 0.000030 0.000029 0.000029 0.000028 0.000026 0.000024 0.000021 0.000017 0.000012 0.000006 0.000000 
50.000000 40.121945 30.848721 22.674251 15.904481 10.633548 6.771652 4.106102 2.370778 1.303787 0.683289 0.341502 0.162916 0.074267 0.032400 0.013560 0.005471 0.002152 0.000849 0.000359 0.000182 0.000121 0.000100 0.000094 0.000092 0.000091 0.000091 0.000091 0.000091 0.000091 0.000091 0.000091 0.000091 0.000091 0.000091 0.000091 0.000091 0.000091 0.000091 0.000090 0.000089 0.000088 0.000085 0.000080 0.000074 0.000064 0.000052 0.000037 0.000019 0.000000 
50.000000 40.121981 30.848789 22.674348 15.904602 10.633687 6.771805 4.106264 2.370947 1.303960 0.683463 0.341678 0.163092 0.074444 0.032577 0.013737 0.005648 0.002329 0.001026 0.000536 0.000359 0.000298 0.000277 0.000271 0.000269 0.000268 0.000268 0.000268 0.000268 0.000268 0.000268 0.000268 0.000268 0.000268 0.000268 0.000268 0.000268 0.000267 0.000267 0.000265 0.000263 0.000258 0.000250 0.000237 0.000218 0.000190 0.000153 0.000108 0.000056 0.000000 
50.000000 40.122078 30.848978 22.674617 15.904937 10.634074 6.772230 4.106715 2.371414 1.304437 0.683947 0.342165 0.163580 0.074933 0.033067 0.014227 0.006138 0.002819 0.001516 0.001026 0.000849 0.000788 0.000767 0.000761 0.000759 0.000758 0.000758 0.000758 0.000758 0.000758 0.000758 0.000758 0.000758 0.000758 0.000758 0.000758 0.000757 0.000756 0.000754 0.000751 0.000743 0.000730 0.000708 0.000672 0.000617 0.000539 0.000435 0.000307 0.000159 0.000000 
50.000000 40.122336 30.849479 22.675332 15.905828 10.635103 6.773359 4.107912 2.372656 1.305707 0.685232 0.343459 0.164879 0.076234 0.034369 0.015529 0.007440 0.004121 0.002819 0.002329 0.002152 0.002091 0.002070 0.002064 0.002062 0.002061 0.002061 0.002061 0.002061 0.002061 0.002061 0.002061 0.002061 0.002061 0.002060 0.002060 0.002059 0.002057 0.002052 0.002042 0.002022 0.001987 0.001927 0.001829 0.001680 0.001469 0.001188 0.000838 0.000435 0.000000 
50.000000 40.122995 30.850755 22.677152 15.908098 10.637722 6.776233 4.110963 2.375821 1.308941 0.688507 0.346756 0.168188 0.079548 0.037686 0.018848 0.010759 0.007440 0.006138 0.005648 0.005471 0.005410 0.005389 0.005383 0.005381 0.005380 0.005380 0.005380 0.005380 0.005380 0.005380 0.005380 0.005380 0.005379 0.005379 0.005378 0.005375 0.005369 0.005357 0.005331 0.005282 0.005191 0.005035 0.004783 0.004398 0.003848 0.003113 0.002199 0.001140 0.000000 
50.000000 40.124599 30.853864 22.681586 15.913629 10.644105 6.783239 4.118397 2.383533 1.316824 0.696489 0.354792 0.176252 0.087626 0.045770 0.026935 0.018848 0.015529 0.014227 0.013737 0.013560 0.013499 0.013479 0.013472 0.013470 0.013469 0.013469 0.013469 0.013469 0.013469 0.013469 0.013469 0.013469 0.013469 0.013467 0.013465 0.013459 0.013444 0.013414 0.013351 0.013230 0.013008 0.012625 0.012000 0.011043 0.009671 0.007833 0.005538 0.002873 0.000000 
50.000000 40.128333 30.861102 22.691910 15.926505 10.658966 6.799551 4.135708 2.401493 1.335182 0.715077 0.373506 0.195032 0.106439 0.064598 0.045770 0.037686 0.034369 0.033067 0.032577 0.032400 0.032339 0.032319 0.032312 0.032310 0.032309 0.032309 0.032309 0.032309 0.032309 0.032309 0.032309 0.032309 0.032308 0.032305 0.032299 0.032285 0.032252 0.032181 0.032036 0.031754 0.031235 0.030333 0.028855 0.026582 0.023307 0.018900 0.013376 0.006944 0.000000 
50.000000 40.136627 30.877180 22.714845 15.955112 10.691982 6.835793 4.174172 2.441400 1.375974 0.756382 0.415094 0.236766 0.148246 0.106439 0.087626 0.079548 0.076234 0.074933 0.074444 0.074267 0.074206 0.074185 0.074179 0.074177 0.074176 0.074176 0.074176 0.074176 0.074176 0.074176 0.074176 0.074175 0.074173 0.074168 0.074154 0.074123 0.074051 0.073896 0.073576 0.072950 0.071792 0.069769 0.066436 0.061279 0.053805 0.043694 0.030963 0.016088 0.000000 
50.000000 40.154183 30.911211 22.763390 16.015666 10.761876 6.912519 4.255605 2.525892 1.462342 0.843839 0.503148 0.325133 0.236766 0.195032 0.176252 0.168188 0.164879 0.163580 0.163092 0.162916 0.162855 0.162834 0.162828 0.162826 0.162825 0.162825 0.162825 0.162825 0.162825 0.162825 0.162824 0.162823 0.162818 0.162808 0.162780 0.162715 0.162566 0.162242 0.161572 0.160254 0.157801 0.153483 0.146324 0.135168 0.118889 0.096718 0.068645 0.035707 0.000000 
50.000000 40.189536 30.979744 22.861156 16.137623 10.902648 7.067060 4.419636 2.696090 1.636325 1.020018 0.680535 0.503148 0.415094 0.373506 0.354792 0.346756 0.343459 0.342165 0.341678 0.341502 0.341442 0.341421 0.341415 0.341413 0.341412 0.341412 0.341412 0.341412 0.341412 0.341411 0.341410 0.341407 0.341399 0.341378 0.341325 0.341198 0.340906 0.340268 0.338938 0.336309 0.331378 0.322637 0.308024 0.285061 0.251265 0.204866 0.145694 0.075892 0.000000 
50.000000 40.257172 31.110861 23.048209 16.370970 11.172009 7.362780 4.733527 3.021795 1.969283 1.357187 1.020018 0.843839 0.756382 0.715077 0.696489 0.688507 0.685232 0.683947 0.683463 0.683289 0.683228 0.683208 0.683202 0.683200 0.683199 0.683199 0.683199 0.683199 0.683199 0.683198 0.683196 0.683191 0.683176 0.683138 0.683041 0.682807 0.682267 0.681080 0.678593 0.673639 0.664274 0.647524 0.619253 0.574374 0.507635 0.415074 0.295956 0.154452 0.000000 
50.000000 40.379922 31.348825 23.387700 16.794499 11.660926 7.899566 5.303321 3.613054 2.573723 1.969283 1.636325 1.462342 1.375974 1.335182 1.316824 1.308941 1.305707 1.304437 1.303960 1.303787 1.303728 1.303708 1.303701 1.303699 1.303699 1.303699 1.303698 1.303698 1.303698 1.303697 1.303694 1.303685 1.303660 1.303594 1.303427 1.303024 1.302088 1.300016 1.295644 1.286862 1.270109 1.239836 1.188155 1.105106 0.980008 0.804278 0.575452 0.301073 0.000000 
50.000000 40.590934 31.757903 23.971329 17.522628 12.501504 8.822481 6.283024 4.629694 3.613054 3.021795 2.696090 2.525892 2.441400 2.401493 2.383533 2.375821 2.372656 2.371414 2.370947 2.370778 2.370720 2.370700 2.370694 2.370692 2.370691 2.370691 2.370691 2.370691 2.370690 2.370689 2.370684 2.370669 2.370630 2.370525 2.370258 2.369608 2.368092 2.364712 2.357521 2.342945 2.314847 2.263461 2.174555 2.029548 1.807613 1.490714 1.071617 0.562649 0.000000 
50.000000 40.934022 32.423041 24.920304 18.706599 13.868373 10.323293 7.876236 6.283024 5.303321 4.733527 4.419636 4.255605 4.174172 4.135708 4.118397 4.110963 4.107912 4.106715 4.106264 4.106102 4.106045 4.106026 4.106020 4.106019 4.106018 4.106018 4.106018 4.106017 4.106017 4.106014 4.106007 4.105986 4.105927 4.105772 4.105375 4.104403 4.102122 4.096998 4.086003 4.063486 4.019562 3.938118 3.794951 3.557208 3.186023 2.644694 1.913711 1.009984 0.000000 
50.000000 41.460892 33.444489 26.377674 20.524913 15.967649 12.628360 10.323293 8.822481 7.899566 7.362780 7.067060 6.912519 6.835793 6.799551 6.783239 6.776233 6.773359 6.772230 6.771805 6.771652 6.771599 6.771581 6.771576 6.771574 6.771573 6.771573 6.771573 6.771573 6.771572 6.771568 6.771558 6.771530 6.771451 6.771239 6.770696 6.769357 6.766195 6.759036 6.743527 6.711411 6.647926 6.528341 6.314180 5.950718 5.368921 4.496723 3.284860 1.747358 0.000000 
50.000000 42.224062 34.924075 28.488746 23.158902 19.008724 15.967649 13.868373 12.501504 11.660926 11.172009 10.902648 10.761876 10.691982 10.658966 10.644105 10.637722 10.635103 10.634074 10.633687 10.633548 10.633499 10.633483 10.633478 10.633476 10.633476 10.633476 10.633475 10.633475 10.633474 10.633470 10.633458 10.633422 10.633324 10.633062 10.632384 10.630704 10.626707 10.617587 10.597634 10.555820 10.471957 10.311165 10.016931 9.504362 8.657894 7.342120 5.439784 2.930888 0.000000 
50.000000 43.265485 36.943143 31.369604 26.753436 23.158902 20.524913 18.706599 17.522628 16.794499 16.370970 16.137623 16.015666 15.955112 15.926505 15.913629 15.908098 15.905828 15.904937 15.904602 15.904481 15.904439 15.904425 15.904420 15.904419 15.904418 15.904418 15.904418 15.904417 15.904416 15.904412 15.904398 15.904359 15.904250 15.903957 15.903198 15.901307 15.896778 15.886358 15.863335 15.814491 15.715015 15.520576 15.155992 14.501008 13.376718 11.543865 8.740752 4.814663 0.000000 
50.000000 44.602841 39.535982 35.069186 31.369604 28.488746 26.377674 24.920304 23.971329 23.387700 23.048209 22.861156 22.763390 22.714845 22.691910 22.681586 22.677152 22.675332 22.674617 22.674348 22.674251 22.674217 22.674206 22.674203 22.674202 22.674201 22.674201 22.674201 22.674200 22.674199 22.674195 22.674182 22.674144 22.674038 22.673753 22.673010 22.671151 22.666672 22.656290 22.633135 22.583423 22.480616 22.275610 21.880951 21.146626 19.825739 17.534593 13.738467 7.882944 0.000000 
50.000000 46.217507 42.666484 39.535982 36.943143 34.924075 33.444489 32.423041 31.757903 31.348825 31.110861 30.979744 30.911211 30.877180 30.861102 30.853864 30.850755 30.849479 30.848978 30.848789 30.848721 30.848698 30.848690 30.848687 30.848686 30.848686 30.848686 30.848686 30.848686 30.848685 30.848681 30.848671 30.848641 30.848556 30.848326 30.847726 30.846217 30.842566 30.834050 30.814905 30.773372 30.686286 30.509330 30.159629 29.484291 28.202391 25.797515 21.333242 13.255957 0.000000 
50.000000 48.049062 46.217507 44.602841 43.265485 42.224062 41.460892 40.934022 40.590934 40.379922 40.257172 40.189536 40.154183 40.136627 40.128333 40.124599 40.122995 40.122336 40.122078 40.121981 40.121945 40.121933 40.121929 40.121928 40.121928 40.121927 40.121927 40.121927 40.121927 40.121926 40.121925 40.121919 40.121902 40.121854 40.121726 40.121388 40.120539 40.118476 40.113643 40.102720 40.078849 40.028285 39.924038 39.713534 39.293174 38.450822 36.719897 32.961550 24.024531 0.000000 
50.000000 50.000000 50.000000 50.000000 50.000000 50.000000 50.000000 50.000000 50.000000 50.000000 50.000000 50.000000 50.000000 50.000000 50.000000 50.000000 50.000000 50.000000 50.000000 50.000000 50.000000 50.000000 50.000000 50.000000 50.000000 50.000000 50.000000 50.000000 50.000000 50.000000 50.000000 50.000000 50.000000 50.000000 50.000000 50.000000 50.000000 50.000000 50.000000 50.000000 50.000000 50.000000 50.000000 50.000000 50.000000 50.000000 50.000000 50.000000 50.000000 50.000000 
