50.000000 50.000000 50.000000 50.000000 50.000000 50.000000 50.000000 50.000000 50.000000 50.000000 50.000000 50.000000 50.000000 50.000000 50.000000 50.000000 50.000000 50.000000 50.000000 50.000000 50.000000 50.000000 50.000000 50.000000 50.000000 50.000000 50.000000 50.000000 50.000000 50.000000 50.000000 50.000000 50.000000 50.000000 50.000000 50.000000 50.000000 50.000000 50.000000 50.000000 50.000000 50.000000 50.000000 50.000000 50.000000 50.000000 50.000000 50.000000 50.000000 50.000000 
50.000000 38.385906 30.862388 27.447499 26.282845 25.968692 25.899138 25.886147 25.884056 25.883762 25.883725 25.883721 25.883721 25.883721 25.883720 25.883720 25.883720 25.883720 25.883720 25.883720 25.883720 25.883720 25.883720 25.883720 25.883720 25.883720 25.883720 25.883720 25.883720 25.883720 25.883720 25.883720 25.883720 25.883720 25.883720 25.883720 25.883720 25.883720 25.883720 25.883720 25.883718 25.883698 25.883528 25.882250 25.873658 25.822456 25.553428 24.308712 19.192953 0.000000 
50.000000 30.862388 18.472622 12.854218 10.940198 10.424549 10.310533 10.289266 10.285849 10.285368 10.285308 10.285302 10.285301 10.285301 10.285301 10.285301 10.285301 10.285301 10.285301 10.285301 10.285301 10.285301 10.285301 10.285301 10.285301 10.285301 10.285301 10.285301 10.285301 10.285301 10.285301 10.285301 10.285301 10.285301 10.285301 10.285301 10.285301 10.285301 10.285301 10.285301 10.285299 10.285281 10.285137 10.284070 10.277093 10.237247 10.041767 9.236311 6.553676 0.000000 
50.000000 27.447499 12.854218 6.241715 3.991120 3.385411 3.251626 3.226699 3.222698 3.222136 3.222066 3.222058 3.222057 3.222057 3.222057 3.222057 3.222057 3.222057 3.222057 3.222057 3.222057 3.222057 3.222057 3.222057 3.222057 3.222057 3.222057 3.222057 3.222057 3.222057 3.222057 3.222057 3.222057 3.222057 3.222057 3.222057 3.222057 3.222057 3.222057 3.222057 3.222056 3.222048 3.221982 3.221498 3.218400 3.201240 3.120857 2.812452 1.894070 0.000000 
50.000000 26.282845 10.940198 3.991120 1.627173 0.991310 0.850946 0.824809 0.820617 0.820028 0.819955 0.819946 0.819946 0.819945 0.819945 0.819945 0.819945 0.819945 0.819945 0.819945 0.819945 0.819945 0.819945 0.819945 0.819945 0.819945 0.819945 0.819945 0.819945 0.819945 0.819945 0.819945 0.819945 0.819945 0.819945 0.819945 0.819945 0.819945 0.819945 0.819945 0.819945 0.819943 0.819921 0.819769 0.818807 0.813586 0.789880 0.702951 0.460388 0.000000 
50.000000 25.968692 10.424549 3.385411 0.991310 0.347476 0.205385 0.178932 0.174690 0.174095 0.174021 0.174012 0.174012 0.174011 0.174011 0.174011 0.174011 0.174011 0.174011 0.174011 0.174011 0.174011 0.174011 0.174011 0.174011 0.174011 0.174011 0.174011 0.174011 0.174011 0.174011 0.174011 0.174011 0.174011 0.174011 0.174011 0.174011 0.174011 0.174011 0.174011 0.174011 0.174011 0.174006 0.173969 0.173738 0.172503 0.167011 0.147456 0.095033 0.000000 
50.000000 25.899138 10.310533 3.251626 0.850946 0.205385 0.062922 0.036402 0.032150 0.031553 0.031479 0.031470 0.031469 0.031469 0.031469 0.031469 0.031469 0.031469 0.031469 0.031469 0.031469 0.031469 0.031469 0.031469 0.031469 0.031469 0.031469 0.031469 0.031469 0.031469 0.031469 0.031469 0.031469 0.031469 0.031469 0.031469 0.031469 0.031469 0.031469 0.031469 0.031469 0.031469 0.031468 0.031461 0.031416 0.031177 0.030127 0.026463 0.016888 0.000000 
50.000000 25.886147 10.289266 3.226699 0.824809 0.178932 0.036402 0.009870 0.005616 0.005019 0.004945 0.004936 0.004935 0.004935 0.004935 0.004935 0.004935 0.004935 0.004935 0.004935 0.004935 0.004935 0.004935 0.004935 0.004935 0.004935 0.004935 0.004935 0.004935 0.004935 0.004935 0.004935 0.004935 0.004935 0.004935 0.004935 0.004935 0.004935 0.004935 0.004935 0.004935 0.004935 0.004935 0.004934 0.004927 0.004887 0.004717 0.004129 0.002619 0.000000 
50.000000 25.884056 10.285849 3.222698 0.820617 0.174690 0.032150 0.005616 0.001362 0.000764 0.000690 0.000682 0.000681 0.000681 0.000681 0.000681 0.000681 0.000681 0.000681 0.000681 0.000681 0.000681 0.000681 0.000681 0.000681 0.000681 0.000681 0.000681 0.000681 0.000681 0.000681 0.000681 0.000681 0.000681 0.000681 0.000681 0.000681 0.000681 0.000681 0.000681 0.000681 0.000681 0.000681 0.000681 0.000680 0.000674 0.000650 0.000568 0.000359 0.000000 
50.000000 25.883762 10.285368 3.222136 0.820028 0.174095 0.031553 0.005019 0.000764 0.000167 0.000093 0.000085 0.000084 0.000084 0.000084 0.000084 0.000084 0.000084 0.000084 0.000084 0.000084 0.000084 0.000084 0.000084 0.000084 0.000084 0.000084 0.000084 0.000084 0.000084 0.000084 0.000084 0.000084 0.000084 0.000084 0.000084 0.000084 0.000084 0.000084 0.000084 0.000084 0.000084 0.000084 0.000084 0.000083 0.000083 0.000080 0.000070 0.000044 0.000000 
50.000000 25.883725 10.285308 3.222066 0.819955 0.174021 0.031479 0.004945 0.000690 0.000093 0.000018 0.000010 0.000009 0.000009 0.000009 0.000009 0.000009 0.000009 0.000009 0.000009 0.000009 0.000009 0.000009 0.000009 0.000009 0.000009 0.000009 0.000009 0.000009 0.000009 0.000009 0.000009 0.000009 0.000009 0.000009 0.000009 0.000009 0.000009 0.000009 0.000009 0.000009 0.000009 0.000009 0.000009 0.000009 0.000009 0.000009 0.000008 0.000005 0.000000 
50.000000 25.883721 10.285302 3.222058 0.819946 0.174012 0.031470 0.004936 0.000682 0.000085 0.000010 0.000002 0.000001 0.000001 0.000001 0.000001 0.000001 0.000001 0.000001 0.000001 0.000001 0.000001 0.000001 0.000001 0.000001 0.000001 0.000001 0.000001 0.000001 0.000001 0.000001 0.000001 0.000001 0.000001 0.000001 0.000001 0.000001 0.000001 0.000001 0.000001 0.000001 0.000001 0.000001 0.000001 0.000001 0.000001 0.000001 0.000001 0.000000 0.000000 
50.000000 25.883721 10.285301 3.222057 0.819946 0.174012 0.031469 0.004935 0.000681 0.000084 0.000009 0.000001 0.000000 0.000000 0.000000 0.000000 0.000000 0.000000 0.000000 0.000000 0.000000 0.000000 0.000000 0.000000 0.000000 0.000000 0.000000 0.000000 0.000000 0.000000 0.000000 0.000000 0.000000 0.000000 0.000000 0.000000 0.000000 0.000000 0.000000 0.000000 0.000000 0.000000 0.000000 0.000000 0.000000 0.000000 0.000000 0.000000 0.000000 0.000000 
50.000000 25.883721 10.285301 3.222057 0.819945 0.174011 0.031469 0.004935 0.000681 0.000084 0.000009 0.000001 0.000000 0.000000 0.000000 0.000000 0.000000 0.000000 0.000000 0.000000 0.000000 0.000000 0.000000 0.000000 0.000000 0.000000 0.000000 0.000000 0.000000 0.000000 0.000000 0.000000 0.000000 0.000000 0.000000 0.000000 0.000000 0.000000 0.000000 0.000000 0.000000 0.000000 0.000000 0.000000 0.000000 0.000000 0.000000 0.000000 0.000000 0.000000 
50.000000 25.883720 10.285301 3.222057 0.819945 0.174011 0.031469 0.004935 0.000681 0.000084 0.000009 0.000001 0.000000 0.000000 0.000000 0.000000 0.000000 0.000000 0.000000 0.000000 0.000000 0.000000 0.000000 0.000000 0.000000 0.000000 0.000000 0.000000 0.000000 0.000000 0.000000 0.000000 0.000000 0.000000 0.000000 0.000000 0.000000 0.000000 0.000000 0.000000 0.000000 0.000000 0.000000 0.000000 0.000000 0.000000 0.000000 0.000000 0.000000 0.000000 
50.000000 25.883720 10.285301 3.222057 0.819945 0.174011 0.031469 0.004935 0.000681 0.000084 0.000009 0.000001 0.000000 0.000000 0.000000 0.000000 0.000000 0.000000 0.000000 0.000000 0.000000 0.000000 0.000000 0.000000 0.000000 0.000000 0.000000 0.000000 0.000000 0.000000 0.000000 0.000000 0.000000 0.000000 0.000000 0.000000 0.000000 0.000000 0.000000 0.000000 0.000000 0.000000 0.000000 0.000000 0.000000 0.000000 0.000000 0.000000 0.000000 0.000000 
50.000000 25.883720 10.285301 3.222057 0.819945 0.174011 0.031469 0.004935 0.000681 0.000084 0.000009 0.000001 0.000000 0.000000 0.000000 0.000000 0.000000 0.000000 0.000000 0.000000 0.000000 0.000000 0.000000 0.000000 0.000000 0.000000 0.000000 0.000000 0.000000 0.000000 0.000000 0.000000 0.000000 0.000000 0.000000 0.000000 0.000000 0.000000 0.000000 0.000000 0.000000 0.000000 0.000000 0.000000 0.000000 0.000000 0.000000 0.000000 0.000000 0.000000 
50.000000 25.883720 10.285301 3.222057 0.819945 0.174011 0.031469 0.004935 0.000681 0.000084 0.000009 0.000001 0.000000 0.000000 0.000000 0.000000 0.000000 0.000000 0.000000 0.000000 0.000000 0.000000 0.000000 0.000000 0.000000 0.000000 0.000000 0.000000 0.000000 0.000000 0.000000 0.000000 0.000000 0.000000 0.000000 0.000000 0.000000 0.000000 0.000000 0.000000 0.000000 0.000000 0.000000 0.000000 0.000000 0.000000 0.000000 0.000000 0.000000 0.000000 
50.000000 25.883720 10.285301 3.222057 0.819945 0.174011 0.031469 0.004935 0.000681 0.000084 0.000009 0.000001 0.000000 0.000000 0.000000 0.000000 0.000000 0.000000 0.000000 0.000000 0.000000 0.000000 0.000000 0.000000 0.000000 0.000000 0.000000 0.000000 0.000000 0.000000 0.000000 0.000000 0.000000 0.000000 0.000000 0.000000 0.000000 0.000000 0.000000 0.000000 0.000000 0.000000 0.000000 0.000000 0.000000 0.000000 0.000000 0.000000 0.000000 0.000000 
50.000000 25.883720 10.285301 3.222057 0.819945 0.174011 0.031469 0.004935 0.000681 0.000084 0.000009 0.000001 0.000000 0.000000 0.000000 0.000000 0.000000 0.000000 0.000000 0.000000 0.000000 0.000000 0.000000 0.000000 0.000000 0.000000 0.000000 0.000000 0.000000 0.000000 0.000000 0.000000 0.000000 0.000000 0.000000 0.000000 0.000000 0.000000 0.000000 0.000000 0.000000 0.000000 0.000000 0.000000 0.000000 0.000000 0.000000 0.000000 0.000000 0.000000 
50.000000 25.883720 10.285301 3.222057 0.819945 0.174011 0.031469 0.004935 0.000681 0.000084 0.000009 0.000001 0.000000 0.000000 0.000000 0.000000 0.000000 0.000000 0.000000 0.000000 0.000000 0.000000 0.000000 0.000000 0.000000 0.000000 0.000000 0.000000 0.000000 0.000000 0.000000 0.000000 0.000000 0.000000 0.000000 0.000000 0.000000 0.000000 0.000000 0.000000 0.000000 0.000000 0.000000 0.000000 0.000000 0.000000 0.000000 0.000000 0.000000 0.000000 
50.000000 25.883720 10.285301 3.222057 0.819945 0.174011 0.031469 0.004935 0.000681 0.000084 0.000009 0.000001 0.000000 0.000000 0.000000 0.000000 0.000000 0.000000 0.000000 0.000000 0.000000 0.000000 0.000000 0.000000 0.000000 0.000000 0.000000 0.000000 0.000000 0.000000 0.000000 0.000000 0.000000 0.000000 0.000000 0.000000 0.000000 0.000000 0.000000 0.000000 0.000000 0.000000 0.000000 0.000000 0.000000 0.000000 0.000000 0.000000 0.000000 0.000000 
50.000000 25.883720 10.285301 3.222057 0.819945 0.174011 0.031469 0.004935 0.000681 0.000084 0.000009 0.000001 0.000000 0.000000 0.000000 0.000000 0.000000 0.000000 0.000000 0.000000 0.000000 0.000000 0.000000 0.000000 0.000000 0.000000 0.000000 0.000000 0.000000 0.000000 0.000000 0.000000 0.000000 0.000000 0.000000 0.000000 0.000000 0.000000 0.000000 0.000000 0.000000 0.000000 0.000000 0.000000 0.000000 0.000000 0.000000 0.000000 0.000000 0.000000 
50.000000 25.883720 10.285301 3.222057 0.819945 0.174011 0.031469 0.004935 0.000681 0.000084 0.000009 0.000001 0.000000 0.000000 0.000000 0.000000 0.000000 0.000000 0.000000 0.000000 0.000000 0.000000 0.000000 0.000000 0.000000 0.000000 0.000000 0.000000 0.000000 0.000000 0.000000 0.000000 0.000000 0.000000 0.000000 0.000000 0.000000 0.000000 0.000000 0.000000 0.000000 0.000000 0.000000 0.000000 0.000000 0.000000 0.000000 0.000000 0.000000 0.000000 
50.000000 25.883720 10.285301 3.222057 0.819945 0.174011 0.031469 0.004935 0.000681 0.000084 0.000009 0.000001 0.000000 0.000000 0.000000 0.000000 0.000000 0.000000 0.000000 0.000000 0.000000 0.000000 0.000000 0.000000 0.000000 0.000000 0.000000 0.000000 0.000000 0.000000 0.000000 0.000000 0.000000 0.000000 0.000000 0.000000 0.000000 0.000000 0.000000 0.000000 0.000000 0.000000 0.000000 0.000000 0.000000 0.000000 0.000000 0.000000 0.000000 0.000000 
50.000000 25.883720 10.285301 3.222057 0.819945 0.174011 0.031469 0.004935 0.000681 0.000084 0.000009 0.000001 0.000000 0.000000 0.000000 0.000000 0.000000 0.000000 0.000000 0.000000 0.000000 0.000000 0.000000 0.000000 0.000000 0.000000 0.000000 0.000000 0.000000 0.000000 0.000000 0.000000 0.000000 0.000000 0.000000 0.000000 0.000000 0.000000 0.000000 0.000000 0.000000 0.000000 0.000000 0.000000 0.000000 0.000000 0.000000 0.000000 0.000000 0.000000 
50.000000 25.883720 10.285301 3.222057 0.819945 0.174011 0.031469 0.004935 0.000681 0.000084 0.000009 0.000001 0.000000 0.000000 0.000000 0.000000 0.000000 0.000000 0.000000 0.000000 0.000000 0.000000 0.000000 0.000000 0.000000 0.000000 0.000000 0.000000 0.000000 0.000000 0.000000 0.000000 0.000000 0.000000 0.000000 0.000000 0.000000 0.000000 0.000000 0.000000 0.000000 0.000000 0.000000 0.000000 0.000000 0.000000 0.000000 0.000000 0.000000 0.000000 
50.000000 25.883720 10.285301 3.222057 0.819945 0.174011 0.031469 0.004935 0.000681 0.000084 0.000009 0.000001 0.000000 0.000000 0.000000 0.000000 0.000000 0.000000 0.000000 0.000000 0.000000 0.000000 0.000000 0.000000 0.000000 0.000000 0.000000 0.000000 0.000000 0.000000 0.000000 0.000000 0.000000 0.000000 0.000000 0.000000 0.000000 0.000000 0.000000 0.000000 0.000000 0.000000 0.000000 0.000000 0.000000 0.000000 0.000000 0.000000 0.000000 0.000000 
50.000000 25.883720 10.285301 3.222057 0.819945 0.174011 0.031469 0.004935 0.000681 0.000084 0.000009 0.000001 0.000000 0.000000 0.000000 0.000000 0.000000 0.000000 0.000000 0.000000 0.000000 0.000000 0.000000 0.000000 0.000000 0.000000 0.000000 0.000000 0.000000 0.000000 0.000000 0.000000 0.000000 0.000000 0.000000 0.000000 0.000000 0.000000 0.000000 0.000000 0.000000 0.000000 0.000000 0.000000 0.000000 0.000000 0.000000 0.000000 0.000000 0.000000 
50.000000 25.883720 10.285301 3.222057 0.819945 0.174011 0.031469 0.004935 0.000681 0.000084 0.000009 0.000001 0.000000 0.000000 0.000000 0.000000 0.000000 0.000000 0.000000 0.000000 0.000000 0.000000 0.000000 0.000000 0.000000 0.000000 0.000000 0.000000 0.000000 0.000000 0.000000 0.000000 0.000000 0.000000 0.000000 0.000000 0.000000 0.000000 0.000000 0.000000 0.000000 0.000000 0.000000 0.000000 0.000000 0.000000 0.000000 0.000000 0.000000 0.000000 
50.000000 25.883720 10.285301 3.222057 0.819945 0.174011 0.031469 0.004935 0.000681 0.000084 0.000009 0.000001 0.000000 0.000000 0.000000 0.000000 0.000000 0.000000 0.000000 0.000000 0.000000 0.000000 0.000000 0.000000 0.000000 0.000000 0.000000 0.000000 0.000000 0.000000 0.000000 0.000000 0.000000 0.000000 0.000000 0.000000 0.000000 0.000000 0.000000 0.000000 0.000000 0.000000 0.000000 0.000000 0.000000 0.000000 0.000000 0.000000 0.000000 0.000000 
50.000000 25.883720 10.285301 3.222057 0.819945 0.174011 0.031469 0.004935 0.000681 0.000084 0.000009 0.000001 0.000000 0.000000 0.000000 0.000000 0.000000 0.000000 0.000000 0.000000 0.000000 0.000000 0.000000 0.000000 0.000000 0.000000 0.000000 0.000000 0.000000 0.000000 0.000000 0.000000 0.000000 0.000000 0.000000 0.000000 0.000000 0.000000 0.000000 0.000000 0.000000 0.000000 0.000000 0.000000 0.000000 0.000000 0.000000 0.000000 0.000000 0.000000 
50.000000 25.883720 10.285301 3.222057 0.819945 0.174011 0.031469 0.004935 0.000681 0.000084 0.000009 0.000001 0.000000 0.000000 0.000000 0.000000 0.000000 0.000000 0.000000 0.000000 0.000000 0.000000 0.000000 0.000000 0.000000 0.000000 0.000000 0.000000 0.000000 0.000000 0.000000 0.000000 0.000000 0.000000 0.000000 0.000000 0.000000 0.000000 0.000000 0.000000 0.000000 0.000000 0.000000 0.000000 0.000000 0.000000 0.000000 0.000000 0.000000 0.000000 
50.000000 25.883720 10.285301 3.222057 0.819945 0.174011 0.031469 0.004935 0.000681 0.000084 0.000009 0.000001 0.000000 0.000000 0.000000 0.000000 0.000000 0.000000 0.000000 0.000000 0.000000 0.000000 0.000000 0.000000 0.000000 0.000000 0.000000 0.000000 0.000000 0.000000 0.000000 0.000000 0.000000 0.000000 0.000000 0.000000 0.000000 0.000000 0.000000 0.000000 0.000000 0.000000 0.000000 0.000000 0.000000 0.000000 0.000000 0.000000 0.000000 0.000000 
50.000000 25.883720 10.285301 3.222057 0.819945 0.174011 0.031469 0.004935 0.000681 0.000084 0.000009 0.000001 0.000000 0.000000 0.000000 0.000000 0.000000 0.000000 0.000000 0.000000 0.000000 0.000000 0.000000 0.000000 0.000000 0.000000 0.000000 0.000000 0.000000 0.000000 0.000000 0.000000 0.000000 0.000000 0.000000 0.000000 0.000000 0.000000 0.000000 0.000000 0.000000 0.000000 0.000000 0.000000 0.000000 0.000000 0.000000 0.000000 0.000000 0.000000 
50.000000 25.883720 10.285301 3.222057 0.819945 0.174011 0.031469 0.004935 0.000681 0.000084 0.000009 0.000001 0.000000 0.000000 0.000000 0.000000 0.000000 0.000000 0.000000 0.000000 0.000000 0.000000 0.000000 0.000000 0.000000 0.000000 0.000000 0.000000 0.000000 0.000000 0.000000 0.000000 0.000000 0.000000 0.000000 0.000000 0.000000 0.000000 0.000000 0.000000 0.000000 0.000000 0.000000 0.000000 0.000000 0.000000 0.000000 0.000000 0.000000 0.000000 
50.000000 25.883721 10.285301 3.222057 0.819945 0.174011 0.031469 0.004935 0.000681 0.000084 0.000009 0.000001 0.000000 0.000000 0.000000 0.000000 0.000000 0.000000 0.000000 0.000000 0.000000 0.000000 0.000000 0.000000 0.000000 0.000000 0.000000 0.000000 0.000000 0.000000 0.000000 0.000000 0.000000 0.000000 0.000000 0.000000 0.000000 0.000000 0.000000 0.000000 0.000000 0.000000 0.000000 0.000000 0.000000 0.000000 0.000000 0.000000 0.000000 0.000000 
50.000000 25.883721 10.285301 3.222057 0.819946 0.174012 0.031469 0.004935 0.000681 0.000084 0.000009 0.000001 0.000000 0.000000 0.000000 0.000000 0.000000 0.000000 0.000000 0.000000 0.000000 0.000000 0.000000 0.000000 0.000000 0.000000 0.000000 0.000000 0.000000 0.000000 0.000000 0.000000 0.000000 0.000000 0.000000 0.000000 0.000000 0.000000 0.000000 0.000000 0.000000 0.000000 0.000000 0.000000 0.000000 0.000000 0.000000 0.000000 0.000000 0.000000 
50.000000 25.883721 10.285302 3.222058 0.819946 0.174012 0.031470 0.004936 0.000682 0.000085 0.000010 0.000002 0.000001 0.000001 0.000001 0.000001 0.000001 0.000001 0.000001 0.000001 0.000001 0.000001 0.000001 0.000001 0.000001 0.000001 0.000001 0.000001 0.000001 0.000001 0.000001 0.000001 0.000001 0.000001 0.000001 0.000001 0.000001 0.000001 0.000001 0.000001 0.000001 0.000001 0.000001 0.000001 0.000001 0.000001 0.000001 0.000001 0.000000 0.000000 
50.000000 25.883725 10.285308 3.222066 0.819955 0.174021 0.031479 0.004945 0.000690 0.000093 0.000018 0.000010 0.000009 0.000009 0.000009 0.000009 0.000009 0.000009 0.000009 0.000009 0.000009 0.000009 0.000009 0.000009 0.000009 0.000009 0.000009 0.000009 0.000009 0.000009 0.000009 0.000009 0.000009 0.000009 0.000009 0.000009 0.000009 0.000009 0.000009 0.000009 0.000009 0.000009 0.000009 0.000009 0.000009 0.000009 0.000009 0.000008 0.000005 0.000000 
50.000000 25.883762 10.285368 3.222136 0.820028 0.174095 0.031553 0.005019 0.000764 0.000167 0.000093 0.000085 0.000084 0.000084 0.000084 0.000084 0.000084 0.000084 0.000084 0.000084 0.000084 0.000084 0.000084 0.000084 0.000084 0.000084 0.000084 0.000084 0.000084 0.000084 0.000084 0.000084 0.000084 0.000084 0.000084 0.000084 0.000084 0.000084 0.000084 0.000084 0.000084 0.000084 0.000084 0.000084 0.000083 0.000083 0.000080 0.000070 0.000044 0.000000 
50.000000 25.884056 10.285849 3.222698 0.820617 0.174690 0.032150 0.005616 0.001362 0.000764 0.000690 0.000682 0.000681 0.000681 0.000681 0.000681 0.000681 0.000681 0.000681 0.000681 0.000681 0.000681 0.000681 0.000681 0.000681 0.000681 0.000681 0.000681 0.000681 0.000681 0.000681 0.000681 0.000681 0.000681 0.000681 0.000681 0.000681 0.000681 0.000681 0.000681 0.000681 0.000681 0.000681 0.000681 0.000680 0.000674 0.000650 0.000568 0.000359 0.000000 
50.000000 25.886147 10.289266 3.226699 0.824809 0.178932 0.036402 0.009870 0.005616 0.005019 0.004945 0.004936 0.004935 0.004935 0.004935 0.004935 0.004935 0.004935 0.004935 0.004935 0.004935 0.004935 0.004935 0.004935 0.004935 0.004935 0.004935 0.004935 0.004935 0.004935 0.004935 0.004935 0.004935 0.004935 0.004935 0.004935 0.004935 0.004935 0.004935 0.004935 0.004935 0.004935 0.004935 0.004934 0.004927 0.004887 0.004717 0.004129 0.002619 0.000000 
50.000000 25.899138 10.310533 3.251626 0.850946 0.205385 0.062922 0.036402 0.032150 0.031553 0.031479 0.031470 0.031469 0.031469 0.031469 0.031469 0.031469 0.031469 0.031469 0.031469 0.031469 0.031469 0.031469 0.031469 0.031469 0.031469 0.031469 0.031469 0.031469 0.031469 0.031469 0.031469 0.031469 0.031469 0.031469 0.031469 0.031469 0.031469 0.031469 0.031469 0.031469 0.031469 0.031468 0.031461 0.031416 0.031177 0.030127 0.026463 0.016888 0.000000 
50.000000 25.968692 10.424549 3.385411 0.991310 0.347476 0.205385 0.178932 0.174690 0.174095 0.174021 0.174012 0.174012 0.174011 0.174011 0.174011 0.174011 0.174011 0.174011 0.174011 0.174011 0.174011 0.174011 0.174011 0.174011 0.174011 0.174011 0.174011 0.174011 0.174011 0.174011 0.174011 0.174011 0.174011 0.174011 0.174011 0.174011 0.174011 0.174011 0.174011 0.174011 0.174011 0.174006 0.173969 0.173738 0.172503 0.167011 0.147456 0.095033 0.000000 
50.000000 26.282845 10.940198 3.991120 1.627173 0.991310 0.850946 0.824809 0.820617 0.820028 0.819955 0.819946 0.819946 0.819945 0.819945 0.819945 0.819945 0.819945 0.819945 0.819945 0.819945 0.819945 0.819945 0.819945 0.819945 0.819945 0.819945 0.819945 0.819945 0.819945 0.819945 0.819945 0.819945 0.819945 0.819945 0.819945 0.819945 0.819945 0.819945 0.819945 0.819945 0.819943 0.819921 0.819769 0.818807 0.813586 0.789880 0.702951 0.460388 0.000000 
50.000000 27.447499 12.854218 6.241715 3.991120 3.385411 3.251626 3.226699 3.222698 3.222136 3.222066 3.222058 3.222057 3.222057 3.222057 3.222057 3.222057 3.222057 3.222057 3.222057 3.222057 3.222057 3.222057 3.222057 3.222057 3.222057 3.222057 3.222057 3.222057 3.222057 3.222057 3.222057 3.222057 3.222057 3.222057 3.222057 3.222057 3.222057 3.222057 3.222057 3.222056 3.222048 3.221982 3.221498 3.218400 3.201240 3.120857 2.812452 1.894070 0.000000 
50.000000 30.862388 18.472622 12.854218 10.940198 10.424549 10.310533 10.289266 10.285849 10.285368 10.285308 10.285302 10.285301 10.285301 10.285301 10.285301 10.285301 10.285301 10.285301 10.285301 10.285301 10.285301 10.285301 10.285301 10.285301 10.285301 10.285301 10.285301 10.285301 10.285301 10.285301 10.285301 10.285301 10.285301 10.285301 10.285301 10.285301 10.285301 10.285301 10.285301 10.285299 10.285281 10.285137 10.284070 10.277093 10.237247 10.041767 9.236311 6.553676 0.000000 
50.000000 38.385906 30.862388 27.447499 26.282845 25.968692 25.899138 25.886147 25.884056 25.883762 25.883725 25.883721 25.883721 25.883721 25.883720 25.883720 25.883720 25.883720 25.883720 25.883720 25.883720 25.883720 25.883720 25.883720 25.883720 25.883720 25.883720 25.883720 25.883720 25.883720 25.883720 25.883720 25.883720 25.883720 25.883720 25.883720 25.883720 25.883720 25.883720 25.883720 25.883718 25.883698 25.883528 25.882250 25.873658 25.822456 25.553428 24.308712 19.192953 0.000000 
50.000000 50.000000 50.000000 50.000000 50.000000 50.000000 50.000000 50.000000 50.000000 50.000000 50.000000 50.000000 50.000000 50.000000 50.000000 50.000000 50.000000 50.000000 50.000000 50.000000 50.000000 50.000000 50.000000 50.000000 50.000000 50.000000 50.000000 50.000000 50.000000 50.000000 50.000000 50.000000 50.000000 50.000000 50.000000 50.000000 50.000000 50.000000 50.000000 50.000000 50.000000 50.000000 50.000000 50.000000 50.000000 50.000000 50.000000 50.000000 50.000000 50.000000 
