50.000000 50.000000 50.000000 50.000000 50.000000 50.000000 50.000000 50.000000 50.000000 50.000000 50.000000 50.000000 50.000000 50.000000 50.000000 50.000000 50.000000 50.000000 50.000000 50.000000 50.000000 50.000000 50.000000 50.000000 50.000000 50.000000 50.000000 50.000000 50.000000 50.000000 50.000000 50.000000 50.000000 50.000000 50.000000 50.000000 50.000000 50.000000 50.000000 50.000000 50.000000 50.000000 50.000000 50.000000 50.000000 50.000000 50.000000 50.000000 50.000000 50.000000 
50.000000 47.919018 45.973847 44.273759 42.883572 41.819077 41.054949 40.540067 40.213927 40.019419 39.910018 39.851889 39.822661 39.808731 39.802427 39.799714 39.798601 39.798166 39.798004 39.797945 39.797926 39.797919 39.797917 39.797916 39.797916 39.797916 39.797916 39.797916 39.797916 39.797916 39.797915 39.797911 39.797901 39.797871 39.797786 39.797552 39.796938 39.795382 39.791593 39.782700 39.762580 39.718568 39.625133 39.431456 39.035758 38.227400 36.540488 32.835615 23.959509 0.000000 
50.000000 45.973847 42.210464 38.921269 36.231671 34.172214 32.693893 31.697791 31.066846 30.690563 30.478927 30.366479 30.309941 30.282996 30.270802 30.265554 30.263402 30.262561 30.262246 30.262134 30.262095 30.262083 30.262079 30.262077 30.262077 30.262077 30.262077 30.262077 30.262077 30.262076 30.262074 30.262068 30.262050 30.261997 30.261846 30.261434 30.260351 30.257618 30.250989 30.235520 30.200777 30.125551 29.968167 29.648929 29.018238 27.797882 25.472691 21.105232 13.138232 0.000000 
50.000000 44.273759 38.921269 34.243240 30.418034 27.489081 25.386663 23.970078 23.072820 22.537730 22.236785 22.076892 21.996502 21.958190 21.940854 21.933393 21.930334 21.929138 21.928691 21.928531 21.928476 21.928458 21.928453 21.928451 21.928450 21.928450 21.928450 21.928450 21.928450 21.928449 21.928447 21.928440 21.928417 21.928352 21.928167 21.927662 21.926344 21.923032 21.915047 21.896564 21.855479 21.767746 21.587618 21.231680 20.554111 19.311461 17.121620 13.448579 7.733270 0.000000 
50.000000 42.883572 36.231671 30.418034 25.664327 22.024502 19.411888 17.651595 16.536674 15.871805 15.497887 15.299232 15.199359 15.151765 15.130229 15.120961 15.117162 15.115676 15.115121 15.114923 15.114855 15.114832 15.114825 15.114823 15.114823 15.114822 15.114822 15.114822 15.114822 15.114821 15.114819 15.114812 15.114789 15.114723 15.114536 15.114028 15.112709 15.109415 15.101531 15.083452 15.043739 14.960217 14.792110 14.468516 13.873619 12.832163 11.106573 8.433790 4.656172 0.000000 
50.000000 41.819077 34.172214 27.489081 22.024502 17.840478 14.837333 12.813982 11.532499 10.768336 10.338596 10.110296 9.995526 9.940835 9.916089 9.905441 9.901076 9.899370 9.898732 9.898504 9.898426 9.898400 9.898392 9.898390 9.898389 9.898389 9.898389 9.898389 9.898388 9.898388 9.898386 9.898379 9.898359 9.898301 9.898136 9.897692 9.896544 9.893696 9.886935 9.871581 9.838262 9.769244 9.632959 9.376876 8.920239 8.150884 6.934970 5.153977 2.783319 0.000000 
50.000000 41.054949 32.693893 25.386663 19.411888 14.837333 11.553973 9.341905 7.940951 7.105582 6.635821 6.386271 6.260825 6.201050 6.174006 6.162370 6.157600 6.155735 6.155039 6.154789 6.154704 6.154676 6.154667 6.154665 6.154664 6.154664 6.154663 6.154663 6.154663 6.154663 6.154661 6.154656 6.154640 6.154594 6.154465 6.154118 6.153225 6.151025 6.145843 6.134190 6.109198 6.058166 5.959139 5.776986 5.460457 4.943372 4.154983 3.044964 1.623493 0.000000 
50.000000 40.540067 31.697791 23.970078 17.651595 12.813982 9.341905 7.002763 5.521382 4.638090 4.141399 3.877557 3.744932 3.681739 3.653151 3.640850 3.635809 3.633838 3.633101 3.632838 3.632748 3.632718 3.632709 3.632706 3.632705 3.632705 3.632705 3.632705 3.632705 3.632704 3.632703 3.632699 3.632688 3.632655 3.632563 3.632316 3.631685 3.630142 3.626533 3.618493 3.601437 3.567061 3.501382 3.382766 3.181024 2.859485 2.382460 1.729624 0.914933 0.000000 
50.000000 40.213927 31.066846 23.072820 16.536674 11.532499 7.940951 5.521382 3.989109 3.075501 2.561781 2.288902 2.151740 2.086389 2.056825 2.044105 2.038892 2.036854 2.036093 2.035821 2.035727 2.035697 2.035687 2.035684 2.035683 2.035683 2.035683 2.035683 2.035683 2.035683 2.035682 2.035679 2.035672 2.035650 2.035590 2.035429 2.035020 2.034024 2.031715 2.026614 2.015900 1.994555 1.954321 1.882785 1.763255 1.576457 1.305074 0.941295 0.495359 0.000000 
50.000000 40.019419 30.690563 22.537730 15.871805 10.768336 7.105582 4.638090 3.075501 2.143838 1.619980 1.341724 1.201864 1.135228 1.105085 1.092116 1.086801 1.084724 1.083947 1.083670 1.083575 1.083544 1.083534 1.083531 1.083530 1.083530 1.083530 1.083530 1.083530 1.083529 1.083529 1.083527 1.083523 1.083510 1.083473 1.083376 1.083130 1.082536 1.081167 1.078166 1.071919 1.059601 1.036653 0.996384 0.930074 0.828067 0.682251 0.489786 0.256839 0.000000 
50.000000 39.910018 30.478927 22.236785 15.497887 10.338596 6.635821 4.141399 2.561781 1.619980 1.090432 0.809158 0.667784 0.600429 0.569960 0.556852 0.551481 0.549380 0.548596 0.548316 0.548219 0.548188 0.548178 0.548175 0.548174 0.548174 0.548174 0.548174 0.548174 0.548174 0.548173 0.548172 0.548170 0.548162 0.548142 0.548087 0.547950 0.547620 0.546863 0.545216 0.541814 0.535167 0.522906 0.501630 0.467015 0.414435 0.340222 0.243407 0.127317 0.000000 
50.000000 39.851889 30.366479 22.076892 15.299232 10.110296 6.386271 3.877557 2.288902 1.341724 0.809158 0.526285 0.384109 0.316373 0.285733 0.272551 0.267149 0.265037 0.264248 0.263966 0.263870 0.263838 0.263828 0.263825 0.263824 0.263824 0.263824 0.263824 0.263824 0.263824 0.263823 0.263823 0.263822 0.263818 0.263807 0.263778 0.263706 0.263534 0.263143 0.262295 0.260557 0.257186 0.251023 0.240428 0.223361 0.197701 0.161845 0.115490 0.060296 0.000000 
50.000000 39.822661 30.309941 21.996502 15.199359 9.995526 6.260825 3.744932 2.151740 1.201864 0.667784 0.384109 0.241531 0.173604 0.142878 0.129659 0.124242 0.122124 0.121333 0.121051 0.120954 0.120922 0.120912 0.120909 0.120908 0.120908 0.120908 0.120908 0.120908 0.120908 0.120907 0.120907 0.120907 0.120905 0.120899 0.120885 0.120850 0.120766 0.120575 0.120164 0.119327 0.117716 0.114790 0.109800 0.101829 0.089944 0.073470 0.052323 0.027279 0.000000 
50.000000 39.808731 30.282996 21.958190 15.151765 9.940835 6.201050 3.681739 2.086389 1.135228 0.600429 0.316373 0.173604 0.105587 0.074820 0.061583 0.056159 0.054039 0.053247 0.052964 0.052867 0.052835 0.052825 0.052822 0.052821 0.052820 0.052820 0.052820 0.052820 0.052820 0.052820 0.052820 0.052820 0.052819 0.052816 0.052810 0.052794 0.052755 0.052667 0.052479 0.052098 0.051369 0.050054 0.047826 0.044290 0.039056 0.031847 0.022645 0.011793 0.000000 
50.000000 39.802427 30.270802 21.940854 15.130229 9.916089 6.174006 3.653151 2.056825 1.105085 0.569960 0.285733 0.142878 0.074820 0.044034 0.030790 0.025362 0.023241 0.022448 0.022165 0.022068 0.022036 0.022026 0.022023 0.022022 0.022022 0.022021 0.022021 0.022021 0.022021 0.022021 0.022021 0.022021 0.022021 0.022020 0.022017 0.022010 0.021993 0.021954 0.021873 0.021709 0.021396 0.020834 0.019889 0.018397 0.016200 0.013191 0.009368 0.004875 0.000000 
50.000000 39.799714 30.265554 21.933393 15.120961 9.905441 6.162370 3.640850 2.044105 1.092116 0.556852 0.272551 0.129659 0.061583 0.030790 0.017542 0.012114 0.009991 0.009198 0.008915 0.008818 0.008786 0.008776 0.008773 0.008772 0.008772 0.008772 0.008772 0.008772 0.008772 0.008772 0.008772 0.008772 0.008772 0.008771 0.008770 0.008767 0.008760 0.008744 0.008711 0.008643 0.008515 0.008287 0.007905 0.007305 0.006426 0.005226 0.003708 0.001928 0.000000 
50.000000 39.798601 30.263402 21.930334 15.117162 9.901076 6.157600 3.635809 2.038892 1.086801 0.551481 0.267149 0.124242 0.056159 0.025362 0.012114 0.006684 0.004562 0.003769 0.003486 0.003388 0.003357 0.003347 0.003343 0.003343 0.003342 0.003342 0.003342 0.003342 0.003342 0.003342 0.003342 0.003342 0.003342 0.003342 0.003341 0.003340 0.003338 0.003331 0.003318 0.003292 0.003242 0.003154 0.003006 0.002776 0.002439 0.001982 0.001405 0.000730 0.000000 
50.000000 39.798166 30.262561 21.929138 15.115676 9.899370 6.155735 3.633838 2.036854 1.084724 0.549380 0.265037 0.122124 0.054039 0.023241 0.009991 0.004562 0.002439 0.001646 0.001363 0.001266 0.001234 0.001224 0.001221 0.001220 0.001220 0.001220 0.001220 0.001220 0.001220 0.001220 0.001220 0.001220 0.001220 0.001219 0.001219 0.001219 0.001218 0.001215 0.001211 0.001201 0.001182 0.001150 0.001095 0.001011 0.000887 0.000721 0.000510 0.000265 0.000000 
50.000000 39.798004 30.262246 21.928691 15.115121 9.898732 6.155039 3.633101 2.036093 1.083947 0.548596 0.264248 0.121333 0.053247 0.022448 0.009198 0.003769 0.001646 0.000853 0.000570 0.000473 0.000441 0.000431 0.000428 0.000427 0.000427 0.000427 0.000427 0.000427 0.000427 0.000427 0.000427 0.000427 0.000427 0.000427 0.000427 0.000426 0.000426 0.000425 0.000423 0.000420 0.000413 0.000402 0.000383 0.000353 0.000310 0.000251 0.000178 0.000092 0.000000 
50.000000 39.797945 30.262134 21.928531 15.114923 9.898504 6.154789 3.632838 2.035821 1.083670 0.548316 0.263966 0.121051 0.052964 0.022165 0.008915 0.003486 0.001363 0.000570 0.000287 0.000190 0.000158 0.000148 0.000145 0.000144 0.000143 0.000143 0.000143 0.000143 0.000143 0.000143 0.000143 0.000143 0.000143 0.000143 0.000143 0.000143 0.000143 0.000143 0.000142 0.000141 0.000139 0.000135 0.000128 0.000118 0.000104 0.000084 0.000060 0.000031 0.000000 
50.000000 39.797926 30.262095 21.928476 15.114855 9.898426 6.154704 3.632748 2.035727 1.083575 0.548219 0.263870 0.120954 0.052867 0.022068 0.008818 0.003388 0.001266 0.000473 0.000190 0.000092 0.000061 0.000051 0.000047 0.000047 0.000046 0.000046 0.000046 0.000046 0.000046 0.000046 0.000046 0.000046 0.000046 0.000046 0.000046 0.000046 0.000046 0.000046 0.000046 0.000045 0.000045 0.000043 0.000041 0.000038 0.000033 0.000027 0.000019 0.000010 0.000000 
50.000000 39.797919 30.262083 21.928458 15.114832 9.898400 6.154676 3.632718 2.035697 1.083544 0.548188 0.263838 0.120922 0.052835 0.022036 0.008786 0.003357 0.001234 0.000441 0.000158 0.000061 0.000029 0.000019 0.000016 0.000015 0.000014 0.000014 0.000014 0.000014 0.000014 0.000014 0.000014 0.000014 0.000014 0.000014 0.000014 0.000014 0.000014 0.000014 0.000014 0.000014 0.000014 0.000013 0.000013 0.000012 0.000010 0.000008 0.000006 0.000003 0.000000 
50.000000 39.797917 30.262079 21.928453 15.114825 9.898392 6.154667 3.632709 2.035687 1.083534 0.548178 0.263828 0.120912 0.052825 0.022026 0.008776 0.003347 0.001224 0.000431 0.000148 0.000051 0.000019 0.000009 0.000006 0.000005 0.000004 0.000004 0.000004 0.000004 0.000004 0.000004 0.000004 0.000004 0.000004 0.000004 0.000004 0.000004 0.000004 0.000004 0.000004 0.000004 0.000004 0.000004 0.000004 0.000004 0.000003 0.000003 0.000002 0.000001 0.000000 
50.000000 39.797916 30.262077 21.928451 15.114823 9.898390 6.154665 3.632706 2.035684 1.083531 0.548175 0.263825 0.120909 0.052822 0.022023 0.008773 0.003344 0.001221 0.000428 0.000145 0.000047 0.000016 0.000006 0.000002 0.000002 0.000001 0.000001 0.000001 0.000001 0.000001 0.000001 0.000001 0.000001 0.000001 0.000001 0.000001 0.000001 0.000001 0.000001 0.000001 0.000001 0.000001 0.000001 0.000001 0.000001 0.000001 0.000001 0.000001 0.000000 0.000000 
50.000000 39.797916 30.262077 21.928450 15.114823 9.898389 6.154664 3.632705 2.035683 1.083530 0.548174 0.263824 0.120908 0.052821 0.022022 0.008772 0.003343 0.001220 0.000427 0.000144 0.000047 0.000015 0.000005 0.000002 0.000001 0.000001 0.000000 0.000000 0.000000 0.000000 0.000000 0.000000 0.000000 0.000000 0.000000 0.000000 0.000000 0.000000 0.000000 0.000000 0.000000 0.000000 0.000000 0.000000 0.000000 0.000000 0.000000 0.000000 0.000000 0.000000 
50.000000 39.797916 30.262077 21.928450 15.114823 9.898389 6.154664 3.632705 2.035683 1.083530 0.548174 0.263824 0.120908 0.052821 0.022022 0.008772 0.003343 0.001220 0.000427 0.000144 0.000047 0.000015 0.000005 0.000002 0.000001 0.000001 0.000000 0.000000 0.000000 0.000000 0.000000 0.000000 0.000000 0.000000 0.000000 0.000000 0.000000 0.000000 0.000000 0.000000 0.000000 0.000000 0.000000 0.000000 0.000000 0.000000 0.000000 0.000000 0.000000 0.000000 
50.000000 39.797916 30.262077 21.928451 15.114823 9.898390 6.154665 3.632706 2.035684 1.083531 0.548175 0.263825 0.120909 0.052822 0.022023 0.008773 0.003344 0.001221 0.000428 0.000145 0.000047 0.000016 0.000006 0.000002 0.000002 0.000001 0.000001 0.000001 0.000001 0.000001 0.000001 0.000001 0.000001 0.000001 0.000001 0.000001 0.000001 0.000001 0.000001 0.000001 0.000001 0.000001 0.000001 0.000001 0.000001 0.000001 0.000001 0.000001 0.000000 0.000000 
50.000000 39.797917 30.262079 21.928453 15.114825 9.898392 6.154667 3.632709 2.035687 1.083534 0.548178 0.263828 0.120912 0.052825 0.022026 0.008776 0.003347 0.001224 0.000431 0.000148 0.000051 0.000019 0.000009 0.000006 0.000005 0.000004 0.000004 0.000004 0.000004 0.000004 0.000004 0.000004 0.000004 0.000004 0.000004 0.000004 0.000004 0.000004 0.000004 0.000004 0.000004 0.000004 0.000004 0.000004 0.000004 0.000003 0.000003 0.000002 0.000001 0.000000 
50.000000 39.797919 30.262083 21.928458 15.114832 9.898400 6.154676 3.632718 2.035697 1.083544 0.548188 0.263838 0.120922 0.052835 0.022036 0.008786 0.003357 0.001234 0.000441 0.000158 0.000061 0.000029 0.000019 0.000016 0.000015 0.000014 0.000014 0.000014 0.000014 0.000014 0.000014 0.000014 0.000014 0.000014 0.000014 0.000014 0.000014 0.000014 0.000014 0.000014 0.000014 0.000014 0.000013 0.000013 0.000012 0.000010 0.000008 0.000006 0.000003 0.000000 
50.000000 39.797926 30.262095 21.928476 15.114855 9.898426 6.154704 3.632748 2.035727 1.083575 0.548219 0.263870 0.120954 0.052867 0.022068 0.008818 0.003388 0.001266 0.000473 0.000190 0.000092 0.000061 0.000051 0.000047 0.000047 0.000046 0.000046 0.000046 0.000046 0.000046 0.000046 0.000046 0.000046 0.000046 0.000046 0.000046 0.000046 0.000046 0.000046 0.000046 0.000045 0.000045 0.000043 0.000041 0.000038 0.000033 0.000027 0.000019 0.000010 0.000000 
50.000000 39.797945 30.262134 21.928531 15.114923 9.898504 6.154789 3.632838 2.035821 1.083670 0.548316 0.263966 0.121051 0.052964 0.022165 0.008915 0.003486 0.001363 0.000570 0.000287 0.000190 0.000158 0.000148 0.000145 0.000144 0.000143 0.000143 0.000143 0.000143 0.000143 0.000143 0.000143 0.000143 0.000143 0.000143 0.000143 0.000143 0.000143 0.000143 0.000142 0.000141 0.000139 0.000135 0.000128 0.000118 0.000104 0.000084 0.000060 0.000031 0.000000 
50.000000 39.798004 30.262246 21.928691 15.115121 9.898732 6.155039 3.633101 2.036093 1.083947 0.548596 0.264248 0.121333 0.053247 0.022448 0.009198 0.003769 0.001646 0.000853 0.000570 0.000473 0.000441 0.000431 0.000428 0.000427 0.000427 0.000427 0.000427 0.000427 0.000427 0.000427 0.000427 0.000427 0.000427 0.000427 0.000427 0.000426 0.000426 0.000425 0.000423 0.000420 0.000413 0.000402 0.000383 0.000353 0.000310 0.000251 0.000178 0.000092 0.000000 
50.000000 39.798166 30.262561 21.929138 15.115676 9.899370 6.155735 3.633838 2.036854 1.084724 0.549380 0.265037 0.122124 0.054039 0.023241 0.009991 0.004562 0.002439 0.001646 0.001363 0.001266 0.001234 0.001224 0.001221 0.001220 0.001220 0.001220 0.001220 0.001220 0.001220 0.001220 0.001220 0.001220 0.001220 0.001219 0.001219 0.001219 0.001218 0.001215 0.001211 0.001201 0.001182 0.001150 0.001095 0.001011 0.000887 0.000721 0.000510 0.000265 0.000000 
50.000000 39.798601 30.263402 21.930334 15.117162 9.901076 6.157600 3.635809 2.038892 1.086801 0.551481 0.267149 0.124242 0.056159 0.025362 0.012114 0.006684 0.004562 0.003769 0.003486 0.003388 0.003357 0.003347 0.003343 0.003343 0.003342 0.003342 0.003342 0.003342 0.003342 0.003342 0.003342 0.003342 0.003342 0.003342 0.003341 0.003340 0.003338 0.003331 0.003318 0.003292 0.003242 0.003154 0.003006 0.002776 0.002439 0.001982 0.001405 0.000730 0.000000 
50.000000 39.799714 30.265554 21.933393 15.120961 9.905441 6.162370 3.640850 2.044105 1.092116 0.556852 0.272551 0.129659 0.061583 0.030790 0.017542 0.012114 0.009991 0.009198 0.008915 0.008818 0.008786 0.008776 0.008773 0.008772 0.008772 0.008772 0.008772 0.008772 0.008772 0.008772 0.008772 0.008772 0.008772 0.008771 0.008770 0.008767 0.008760 0.008744 0.008711 0.008643 0.008515 0.008287 0.007905 0.007305 0.006426 0.005226 0.003708 0.001928 0.000000 
50.000000 39.802427 30.270802 21.940854 15.130229 9.916089 6.174006 3.653151 2.056825 1.105085 0.569960 0.285733 0.142878 0.074820 0.044034 0.030790 0.025362 0.023241 0.022448 0.022165 0.022068 0.022036 0.022026 0.022023 0.022022 0.022022 0.022021 0.022021 0.022021 0.022021 0.022021 0.022021 0.022021 0.022021 0.022020 0.022017 0.022010 0.021993 0.021954 0.021873 0.021709 0.021396 0.020834 0.019889 0.018397 0.016200 0.013191 0.009368 0.004875 0.000000 
50.000000 39.808731 30.282996 21.958190 15.151765 9.940835 6.201050 3.681739 2.086389 1.135228 0.600429 0.316373 0.173604 0.105587 0.074820 0.061583 0.056159 0.054039 0.053247 0.052964 0.052867 0.052835 0.052825 0.052822 0.052821 0.052820 0.052820 0.052820 0.052820 0.052820 0.052820 0.052820 0.052820 0.052819 0.052816 0.052810 0.052794 0.052755 0.052667 0.052479 0.052098 0.051369 0.050054 0.047826 0.044290 0.039056 0.031847 0.022645 0.011793 0.000000 
50.000000 39.822661 30.309941 21.996502 15.199359 9.995526 6.260825 3.744932 2.151740 1.201864 0.667784 0.384109 0.241531 0.173604 0.142878 0.129659 0.124242 0.122124 0.121333 0.121051 0.120954 0.120922 0.120912 0.120909 0.120908 0.120908 0.120908 0.120908 0.120908 0.120908 0.120907 0.120907 0.120907 0.120905 0.120899 0.120885 0.120850 0.120766 0.120575 0.120164 0.119327 0.117716 0.114790 0.109800 0.101829 0.089944 0.073470 0.052323 0.027279 0.000000 
50.000000 39.851889 30.366479 22.076892 15.299232 10.110296 6.386271 3.877557 2.288902 1.341724 0.809158 0.526285 0.384109 0.316373 0.285733 0.272551 0.267149 0.265037 0.264248 0.263966 0.263870 0.263838 0.263828 0.263825 0.263824 0.263824 0.263824 0.263824 0.263824 0.263824 0.263823 0.263823 0.263822 0.263818 0.263807 0.263778 0.263706 0.263534 0.263143 0.262295 0.260557 0.257186 0.251023 0.240428 0.223361 0.197701 0.161845 0.115490 0.060296 0.000000 
50.000000 39.910018 30.478927 22.236785 15.497887 10.338596 6.635821 4.141399 2.561781 1.619980 1.090432 0.809158 0.667784 0.600429 0.569960 0.556852 0.551481 0.549380 0.548596 0.548316 0.548219 0.548188 0.548178 0.548175 0.548174 0.548174 0.548174 0.548174 0.548174 0.548174 0.548173 0.548172 0.548170 0.548162 0.548142 0.548087 0.547950 0.547620 0.546863 0.545216 0.541814 0.535167 0.522906 0.501630 0.467015 0.414435 0.340222 0.243407 0.127317 0.000000 
50.000000 40.019419 30.690563 22.537730 15.871805 10.768336 7.105582 4.638090 3.075501 2.143838 1.619980 1.341724 1.201864 1.135228 1.105085 1.092116 1.086801 1.084724 1.083947 1.083670 1.083575 1.083544 1.083534 1.083531 1.083530 1.083530 1.083530 1.083530 1.083530 1.083529 1.083529 1.083527 1.083523 1.083510 1.083473 1.083376 1.083130 1.082536 1.081167 1.078166 1.071919 1.059601 1.036653 0.996384 0.930074 0.828067 0.682251 0.489786 0.256839 0.000000 
50.000000 40.213927 31.066846 23.072820 16.536674 11.532499 7.940951 5.521382 3.989109 3.075501 2.561781 2.288902 2.151740 2.086389 2.056825 2.044105 2.038892 2.036854 2.036093 2.035821 2.035727 2.035697 2.035687 2.035684 2.035683 2.035683 2.035683 2.035683 2.035683 2.035683 2.035682 2.035679 2.035672 2.035650 2.035590 2.035429 2.035020 2.034024 2.031715 2.026614 2.015900 1.994555 1.954321 1.882785 1.763255 1.576457 1.305074 0.941295 0.495359 0.000000 
50.000000 40.540067 31.697791 23.970078 17.651595 12.813982 9.341905 7.002763 5.521382 4.638090 4.141399 3.877557 3.744932 3.681739 3.653151 3.640850 3.635809 3.633838 3.633101 3.632838 3.632748 3.632718 3.632709 3.632706 3.632705 3.632705 3.632705 3.632705 3.632705 3.632704 3.632703 3.632699 3.632688 3.632655 3.632563 3.632316 3.631685 3.630142 3.626533 3.618493 3.601437 3.567061 3.501382 3.382766 3.181024 2.859485 2.382460 1.729624 0.914933 0.000000 
50.000000 41.054949 32.693893 25.386663 19.411888 14.837333 11.553973 9.341905 7.940951 7.105582 6.635821 6.386271 6.260825 6.201050 6.174006 6.162370 6.157600 6.155735 6.155039 6.154789 6.154704 6.154676 6.154667 6.154665 6.154664 6.154664 6.154663 6.154663 6.154663 6.154663 6.154661 6.154656 6.154640 6.154594 6.154465 6.154118 6.153225 6.151025 6.145843 6.134190 6.109198 6.058166 5.959139 5.776986 5.460457 4.943372 4.154983 3.044964 1.623493 0.000000 
50.000000 41.819077 34.172214 27.489081 22.024502 17.840478 14.837333 12.813982 11.532499 10.768336 10.338596 10.110296 9.995526 9.940835 9.916089 9.905441 9.901076 9.899370 9.898732 9.898504 9.898426 9.898400 9.898392 9.898390 9.898389 9.898389 9.898389 9.898389 9.898388 9.898388 9.898386 9.898379 9.898359 9.898301 9.898136 9.897692 9.896544 9.893696 9.886935 9.871581 9.838262 9.769244 9.632959 9.376876 8.920239 8.150884 6.934970 5.153977 2.783319 0.000000 
50.000000 42.883572 36.231671 30.418034 25.664327 22.024502 19.411888 17.651595 16.536674 15.871805 15.497887 15.299232 15.199359 15.151765 15.130229 15.120961 15.117162 15.115676 15.115121 15.114923 15.114855 15.114832 15.114825 15.114823 15.114823 15.114822 15.114822 15.114822 15.114822 15.114821 15.114819 15.114812 15.114789 15.114723 15.114536 15.114028 15.112709 15.109415 15.101531 15.083452 15.043739 14.960217 14.792110 14.468516 13.873619 12.832163 11.106573 8.433790 4.656172 0.000000 
50.000000 44.273759 38.921269 34.243240 30.418034 27.489081 25.386663 23.970078 23.072820 22.537730 22.236785 22.076892 21.996502 21.958190 21.940854 21.933393 21.930334 21.929138 21.928691 21.928531 21.928476 21.928458 21.928453 21.928451 21.928450 21.928450 21.928450 21.928450 21.928450 21.928449 21.928447 21.928440 21.928417 21.928352 21.928167 21.927662 21.926344 21.923032 21.915047 21.896564 21.855479 21.767746 21.587618 21.231680 20.554111 19.311461 17.121620 13.448579 7.733270 0.000000 
50.000000 45.973847 42.210464 38.921269 36.231671 34.172214 32.693893 31.697791 31.066846 30.690563 30.478927 30.366479 30.309941 30.282996 30.270802 30.265554 30.263402 30.262561 30.262246 30.262134 30.262095 30.262083 30.262079 30.262077 30.262077 30.262077 30.262077 30.262077 30.262077 30.262076 30.262074 30.262068 30.262050 30.261997 30.261846 30.261434 30.260351 30.257618 30.250989 30.235520 30.200777 30.125551 29.968167 29.648929 29.018238 27.797882 25.472691 21.105232 13.138232 0.000000 
50.000000 47.919018 45.973847 44.273759 42.883572 41.819077 41.054949 40.540067 40.213927 40.019419 39.910018 39.851889 39.822661 39.808731 39.802427 39.799714 39.798601 39.798166 39.798004 39.797945 39.797926 39.797919 39.797917 39.797916 39.797916 39.797916 39.797916 39.797916 39.797916 39.797916 39.797915 39.797911 39.797901 39.797871 39.797786 39.797552 39.796938 39.795382 39.791593 39.782700 39.762580 39.718568 39.625133 39.431456 39.035758 38.227400 36.540488 32.835615 23.959509 0.000000 
50.000000 50.000000 50.000000 50.000000 50.000000 50.000000 50.000000 50.000000 50.000000 50.000000 50.000000 50.000000 50.000000 50.000000 50.000000 50.000000 50.000000 50.000000 50.000000 50.000000 50.000000 50.000000 50.000000 50.000000 50.000000 50.000000 50.000000 50.000000 50.000000 50.000000 50.000000 50.000000 50.000000 50.000000 50.000000 50.000000 50.000000 50.000000 50.000000 50.000000 50.000000 50.000000 50.000000 50.000000 50.000000 50.000000 50.000000 50.000000 50.000000 50.000000 
