50.000000 50.000000 50.000000 50.000000 50.000000 50.000000 50.000000 50.000000 50.000000 50.000000 50.000000 50.000000 50.000000 50.000000 50.000000 50.000000 50.000000 50.000000 50.000000 50.000000 50.000000 50.000000 50.000000 50.000000 50.000000 50.000000 50.000000 50.000000 50.000000 50.000000 50.000000 50.000000 50.000000 50.000000 50.000000 50.000000 50.000000 50.000000 50.000000 50.000000 50.000000 50.000000 50.000000 50.000000 50.000000 50.000000 50.000000 50.000000 50.000000 50.000000 
50.000000 47.236489 44.712300 42.604754 40.993869 39.864387 39.136086 38.702989 38.464753 38.343159 38.285396 38.259780 38.249144 38.244998 38.243476 38.242949 38.242776 38.242723 38.242707 38.242702 38.242701 38.242701 38.242701 38.242701 38.242701 38.242701 38.242701 38.242701 38.242701 38.242701 38.242701 38.242700 38.242700 38.242697 38.242686 38.242648 38.242527 38.242152 38.241042 38.237915 38.229504 38.207899 38.154743 38.028899 37.739929 37.088042 35.614356 32.178981 23.618245 0.000000 
50.000000 44.712300 39.882551 35.850061 32.767924 30.606925 29.213536 28.384965 27.929208 27.696603 27.586112 27.537114 27.516771 27.508841 27.505931 27.504923 27.504592 27.504490 27.504460 27.504451 27.504449 27.504448 27.504448 27.504448 27.504448 27.504448 27.504448 27.504448 27.504448 27.504448 27.504448 27.504448 27.504446 27.504441 27.504422 27.504359 27.504154 27.503521 27.501656 27.496432 27.482489 27.447050 27.361161 27.162289 26.720926 25.778069 23.830954 19.941275 12.533318 0.000000 
50.000000 42.604754 35.850061 30.210501 25.900174 22.878168 20.929707 19.771131 19.133895 18.808691 18.654225 18.585732 18.557298 18.546214 18.542147 18.540739 18.540277 18.540134 18.540092 18.540080 18.540076 18.540076 18.540075 18.540075 18.540075 18.540075 18.540075 18.540075 18.540075 18.540075 18.540075 18.540075 18.540073 18.540067 18.540046 18.539973 18.539739 18.539020 18.536915 18.531065 18.515614 18.476881 18.384754 18.176890 17.732121 16.830550 15.105250 12.019106 6.990398 0.000000 
50.000000 40.993869 32.767924 25.900174 20.651333 16.971502 14.599040 13.188442 12.412650 12.016767 11.828746 11.745383 11.710778 11.697291 11.692343 11.690629 11.690068 11.689894 11.689842 11.689828 11.689824 11.689823 11.689823 11.689822 11.689822 11.689822 11.689822 11.689822 11.689822 11.689822 11.689822 11.689822 11.689820 11.689815 11.689795 11.689728 11.689514 11.688858 11.686953 11.681707 11.668009 11.634175 11.555231 11.381558 11.022210 10.325667 9.069625 6.989855 3.905827 0.000000 
50.000000 39.864387 30.606925 22.878168 16.971502 12.830686 10.161174 8.574065 7.701262 7.255913 7.044417 6.950655 6.911737 6.896571 6.891007 6.889080 6.888449 6.888253 6.888195 6.888179 6.888175 6.888174 6.888174 6.888173 6.888173 6.888173 6.888173 6.888173 6.888173 6.888173 6.888173 6.888173 6.888172 6.888167 6.888152 6.888099 6.887932 6.887422 6.885955 6.881949 6.871610 6.846436 6.788748 6.664700 6.415343 5.949292 5.146047 3.885999 2.124458 0.000000 
50.000000 39.136086 29.213536 20.929707 14.599040 10.161174 7.300308 5.599536 4.664290 4.187113 3.960521 3.860075 3.818386 3.802141 3.796182 3.794119 3.793444 3.793234 3.793172 3.793155 3.793150 3.793149 3.793149 3.793149 3.793149 3.793149 3.793149 3.793149 3.793149 3.793149 3.793149 3.793148 3.793147 3.793144 3.793134 3.793097 3.792982 3.792636 3.791643 3.788957 3.782100 3.765624 3.728474 3.650154 3.496473 3.217483 2.752817 2.051247 1.107187 0.000000 
50.000000 38.702989 28.384965 19.771131 13.188442 8.574065 5.599536 3.831278 2.858972 2.362918 2.127376 2.022970 1.979640 1.962758 1.956565 1.954421 1.953719 1.953501 1.953437 1.953419 1.953414 1.953413 1.953413 1.953413 1.953413 1.953413 1.953413 1.953413 1.953413 1.953413 1.953413 1.953412 1.953412 1.953410 1.953403 1.953381 1.953311 1.953099 1.952499 1.950888 1.946815 1.937142 1.915639 1.871063 1.785317 1.633212 1.386376 1.023803 0.548246 0.000000 
50.000000 38.464753 27.929208 19.133895 12.412650 7.701262 4.664290 2.858972 1.866328 1.359919 1.119471 1.012895 0.968668 0.951436 0.945116 0.942928 0.942212 0.941989 0.941924 0.941905 0.941900 0.941899 0.941899 0.941899 0.941899 0.941899 0.941899 0.941899 0.941899 0.941899 0.941899 0.941899 0.941898 0.941897 0.941894 0.941881 0.941842 0.941726 0.941397 0.940520 0.938325 0.933164 0.921830 0.898666 0.854827 0.778475 0.657014 0.482159 0.256854 0.000000 
50.000000 38.343159 27.696603 18.808691 12.016767 7.255913 4.187113 2.362918 1.359919 0.848240 0.605298 0.497620 0.452937 0.435528 0.429143 0.426933 0.426209 0.425984 0.425918 0.425900 0.425895 0.425893 0.425893 0.425893 0.425893 0.425893 0.425893 0.425893 0.425893 0.425893 0.425893 0.425893 0.425893 0.425892 0.425890 0.425884 0.425864 0.425806 0.425641 0.425205 0.424120 0.421594 0.416103 0.405013 0.384303 0.348758 0.293077 0.214114 0.113654 0.000000 
50.000000 38.285396 27.586112 18.654225 11.828746 7.044417 3.960521 2.127376 1.119471 0.605298 0.361177 0.252977 0.208079 0.190586 0.184171 0.181950 0.181223 0.180997 0.180931 0.180912 0.180907 0.180906 0.180905 0.180905 0.180905 0.180905 0.180905 0.180905 0.180905 0.180905 0.180905 0.180905 0.180905 0.180905 0.180904 0.180901 0.180892 0.180865 0.180789 0.180588 0.180094 0.178951 0.176489 0.171564 0.162469 0.147040 0.123160 0.089680 0.047481 0.000000 
50.000000 38.259780 27.537114 18.585732 11.745383 6.950655 3.860075 2.022970 1.012895 0.497620 0.252977 0.144548 0.099554 0.082025 0.075596 0.073371 0.072642 0.072416 0.072350 0.072331 0.072326 0.072325 0.072324 0.072324 0.072324 0.072324 0.072324 0.072324 0.072324 0.072324 0.072324 0.072324 0.072324 0.072324 0.072324 0.072322 0.072318 0.072307 0.072274 0.072189 0.071979 0.071499 0.070471 0.068432 0.064700 0.058430 0.048817 0.035458 0.018738 0.000000 
50.000000 38.249144 27.516771 18.557298 11.710778 6.911737 3.818386 1.979640 0.968668 0.452937 0.208079 0.099554 0.054522 0.036977 0.030543 0.028316 0.027586 0.027360 0.027293 0.027275 0.027269 0.027268 0.027268 0.027268 0.027268 0.027268 0.027268 0.027268 0.027268 0.027268 0.027268 0.027268 0.027268 0.027268 0.027268 0.027267 0.027265 0.027261 0.027248 0.027214 0.027131 0.026942 0.026541 0.025751 0.024315 0.021921 0.018278 0.013250 0.006992 0.000000 
50.000000 38.244998 27.508841 18.546214 11.697291 6.896571 3.802141 1.962758 0.951436 0.435528 0.190586 0.082025 0.036977 0.019427 0.012990 0.010762 0.010033 0.009807 0.009740 0.009721 0.009716 0.009715 0.009714 0.009714 0.009714 0.009714 0.009714 0.009714 0.009714 0.009714 0.009714 0.009714 0.009714 0.009714 0.009714 0.009714 0.009713 0.009712 0.009707 0.009694 0.009664 0.009594 0.009447 0.009159 0.008639 0.007778 0.006475 0.004687 0.002471 0.000000 
50.000000 38.243476 27.505931 18.542147 11.692343 6.891007 3.796182 1.956565 0.945116 0.429143 0.184171 0.075596 0.030543 0.012990 0.006553 0.004325 0.003595 0.003369 0.003302 0.003283 0.003278 0.003277 0.003277 0.003277 0.003277 0.003277 0.003277 0.003277 0.003277 0.003277 0.003277 0.003277 0.003277 0.003277 0.003276 0.003276 0.003276 0.003276 0.003274 0.003269 0.003259 0.003235 0.003184 0.003085 0.002907 0.002614 0.002174 0.001572 0.000828 0.000000 
50.000000 38.242949 27.504923 18.540739 11.690629 6.889080 3.794119 1.954421 0.942928 0.426933 0.181950 0.073371 0.028316 0.010762 0.004325 0.002097 0.001367 0.001141 0.001074 0.001055 0.001050 0.001049 0.001048 0.001048 0.001048 0.001048 0.001048 0.001048 0.001048 0.001048 0.001048 0.001048 0.001048 0.001048 0.001048 0.001048 0.001048 0.001048 0.001047 0.001046 0.001042 0.001035 0.001018 0.000986 0.000928 0.000834 0.000693 0.000500 0.000263 0.000000 
50.000000 38.242776 27.504592 18.540277 11.690068 6.888449 3.793444 1.953719 0.942212 0.426209 0.181223 0.072642 0.027586 0.010033 0.003595 0.001367 0.000637 0.000411 0.000344 0.000325 0.000320 0.000319 0.000319 0.000319 0.000319 0.000319 0.000319 0.000319 0.000319 0.000319 0.000319 0.000319 0.000319 0.000319 0.000319 0.000319 0.000319 0.000319 0.000318 0.000318 0.000317 0.000314 0.000309 0.000299 0.000282 0.000253 0.000210 0.000152 0.000080 0.000000 
50.000000 38.242723 27.504490 18.540134 11.689894 6.888253 3.793234 1.953501 0.941989 0.425984 0.180997 0.072416 0.027360 0.009807 0.003369 0.001141 0.000411 0.000185 0.000118 0.000099 0.000094 0.000093 0.000092 0.000092 0.000092 0.000092 0.000092 0.000092 0.000092 0.000092 0.000092 0.000092 0.000092 0.000092 0.000092 0.000092 0.000092 0.000092 0.000092 0.000092 0.000092 0.000091 0.000090 0.000087 0.000081 0.000073 0.000061 0.000044 0.000023 0.000000 
50.000000 38.242707 27.504460 18.540092 11.689842 6.888195 3.793172 1.953437 0.941924 0.425918 0.180931 0.072350 0.027293 0.009740 0.003302 0.001074 0.000344 0.000118 0.000051 0.000032 0.000027 0.000026 0.000026 0.000025 0.000025 0.000025 0.000025 0.000025 0.000025 0.000025 0.000025 0.000025 0.000025 0.000025 0.000025 0.000025 0.000025 0.000025 0.000025 0.000025 0.000025 0.000025 0.000025 0.000024 0.000022 0.000020 0.000017 0.000012 0.000006 0.000000 
50.000000 38.242702 27.504451 18.540080 11.689828 6.888179 3.793155 1.953419 0.941905 0.425900 0.180912 0.072331 0.027275 0.009721 0.003283 0.001055 0.000325 0.000099 0.000032 0.000013 0.000008 0.000007 0.000007 0.000007 0.000007 0.000007 0.000007 0.000007 0.000007 0.000007 0.000007 0.000007 0.000007 0.000007 0.000007 0.000007 0.000007 0.000007 0.000007 0.000007 0.000007 0.000007 0.000007 0.000006 0.000006 0.000005 0.000004 0.000003 0.000002 0.000000 
50.000000 38.242701 27.504449 18.540076 11.689824 6.888175 3.793150 1.953414 0.941900 0.425895 0.180907 0.072326 0.027269 0.009716 0.003278 0.001050 0.000320 0.000094 0.000027 0.000008 0.000003 0.000002 0.000002 0.000002 0.000002 0.000002 0.000002 0.000002 0.000002 0.000002 0.000002 0.000002 0.000002 0.000002 0.000002 0.000002 0.000002 0.000002 0.000002 0.000002 0.000002 0.000002 0.000002 0.000002 0.000001 0.000001 0.000001 0.000001 0.000000 0.000000 
50.000000 38.242701 27.504448 18.540076 11.689823 6.888174 3.793149 1.953413 0.941899 0.425893 0.180906 0.072325 0.027268 0.009715 0.003277 0.001049 0.000319 0.000093 0.000026 0.000007 0.000002 0.000001 0.000001 0.000000 0.000000 0.000000 0.000000 0.000000 0.000000 0.000000 0.000000 0.000000 0.000000 0.000000 0.000000 0.000000 0.000000 0.000000 0.000000 0.000000 0.000000 0.000000 0.000000 0.000000 0.000000 0.000000 0.000000 0.000000 0.000000 0.000000 
50.000000 38.242701 27.504448 18.540075 11.689823 6.888174 3.793149 1.953413 0.941899 0.425893 0.180905 0.072324 0.027268 0.009714 0.003277 0.001048 0.000319 0.000092 0.000026 0.000007 0.000002 0.000001 0.000000 0.000000 0.000000 0.000000 0.000000 0.000000 0.000000 0.000000 0.000000 0.000000 0.000000 0.000000 0.000000 0.000000 0.000000 0.000000 0.000000 0.000000 0.000000 0.000000 0.000000 0.000000 0.000000 0.000000 0.000000 0.000000 0.000000 0.000000 
50.000000 38.242701 27.504448 18.540075 11.689822 6.888173 3.793149 1.953413 0.941899 0.425893 0.180905 0.072324 0.027268 0.009714 0.003277 0.001048 0.000319 0.000092 0.000025 0.000007 0.000002 0.000000 0.000000 0.000000 0.000000 0.000000 0.000000 0.000000 0.000000 0.000000 0.000000 0.000000 0.000000 0.000000 0.000000 0.000000 0.000000 0.000000 0.000000 0.000000 0.000000 0.000000 0.000000 0.000000 0.000000 0.000000 0.000000 0.000000 0.000000 0.000000 
50.000000 38.242701 27.504448 18.540075 11.689822 6.888173 3.793149 1.953413 0.941899 0.425893 0.180905 0.072324 0.027268 0.009714 0.003277 0.001048 0.000319 0.000092 0.000025 0.000007 0.000002 0.000000 0.000000 0.000000 0.000000 0.000000 0.000000 0.000000 0.000000 0.000000 0.000000 0.000000 0.000000 0.000000 0.000000 0.000000 0.000000 0.000000 0.000000 0.000000 0.000000 0.000000 0.000000 0.000000 0.000000 0.000000 0.000000 0.000000 0.000000 0.000000 
50.000000 38.242701 27.504448 18.540075 11.689822 6.888173 3.793149 1.953413 0.941899 0.425893 0.180905 0.072324 0.027268 0.009714 0.003277 0.001048 0.000319 0.000092 0.000025 0.000007 0.000002 0.000000 0.000000 0.000000 0.000000 0.000000 0.000000 0.000000 0.000000 0.000000 0.000000 0.000000 0.000000 0.000000 0.000000 0.000000 0.000000 0.000000 0.000000 0.000000 0.000000 0.000000 0.000000 0.000000 0.000000 0.000000 0.000000 0.000000 0.000000 0.000000 
50.000000 38.242701 27.504448 18.540075 11.689822 6.888173 3.793149 1.953413 0.941899 0.425893 0.180905 0.072324 0.027268 0.009714 0.003277 0.001048 0.000319 0.000092 0.000025 0.000007 0.000002 0.000000 0.000000 0.000000 0.000000 0.000000 0.000000 0.000000 0.000000 0.000000 0.000000 0.000000 0.000000 0.000000 0.000000 0.000000 0.000000 0.000000 0.000000 0.000000 0.000000 0.000000 0.000000 0.000000 0.000000 0.000000 0.000000 0.000000 0.000000 0.000000 
50.000000 38.242701 27.504448 18.540075 11.689823 6.888174 3.793149 1.953413 0.941899 0.425893 0.180905 0.072324 0.027268 0.009714 0.003277 0.001048 0.000319 0.000092 0.000026 0.000007 0.000002 0.000001 0.000000 0.000000 0.000000 0.000000 0.000000 0.000000 0.000000 0.000000 0.000000 0.000000 0.000000 0.000000 0.000000 0.000000 0.000000 0.000000 0.000000 0.000000 0.000000 0.000000 0.000000 0.000000 0.000000 0.000000 0.000000 0.000000 0.000000 0.000000 
50.000000 38.242701 27.504448 18.540076 11.689823 6.888174 3.793149 1.953413 0.941899 0.425893 0.180906 0.072325 0.027268 0.009715 0.003277 0.001049 0.000319 0.000093 0.000026 0.000007 0.000002 0.000001 0.000001 0.000000 0.000000 0.000000 0.000000 0.000000 0.000000 0.000000 0.000000 0.000000 0.000000 0.000000 0.000000 0.000000 0.000000 0.000000 0.000000 0.000000 0.000000 0.000000 0.000000 0.000000 0.000000 0.000000 0.000000 0.000000 0.000000 0.000000 
50.000000 38.242701 27.504449 18.540076 11.689824 6.888175 3.793150 1.953414 0.941900 0.425895 0.180907 0.072326 0.027269 0.009716 0.003278 0.001050 0.000320 0.000094 0.000027 0.000008 0.000003 0.000002 0.000002 0.000002 0.000002 0.000002 0.000002 0.000002 0.000002 0.000002 0.000002 0.000002 0.000002 0.000002 0.000002 0.000002 0.000002 0.000002 0.000002 0.000002 0.000002 0.000002 0.000002 0.000002 0.000001 0.000001 0.000001 0.000001 0.000000 0.000000 
50.000000 38.242702 27.504451 18.540080 11.689828 6.888179 3.793155 1.953419 0.941905 0.425900 0.180912 0.072331 0.027275 0.009721 0.003283 0.001055 0.000325 0.000099 0.000032 0.000013 0.000008 0.000007 0.000007 0.000007 0.000007 0.000007 0.000007 0.000007 0.000007 0.000007 0.000007 0.000007 0.000007 0.000007 0.000007 0.000007 0.000007 0.000007 0.000007 0.000007 0.000007 0.000007 0.000007 0.000006 0.000006 0.000005 0.000004 0.000003 0.000002 0.000000 
50.000000 38.242707 27.504460 18.540092 11.689842 6.888195 3.793172 1.953437 0.941924 0.425918 0.180931 0.072350 0.027293 0.009740 0.003302 0.001074 0.000344 0.000118 0.000051 0.000032 0.000027 0.000026 0.000026 0.000025 0.000025 0.000025 0.000025 0.000025 0.000025 0.000025 0.000025 0.000025 0.000025 0.000025 0.000025 0.000025 0.000025 0.000025 0.000025 0.000025 0.000025 0.000025 0.000025 0.000024 0.000022 0.000020 0.000017 0.000012 0.000006 0.000000 
50.000000 38.242723 27.504490 18.540134 11.689894 6.888253 3.793234 1.953501 0.941989 0.425984 0.180997 0.072416 0.027360 0.009807 0.003369 0.001141 0.000411 0.000185 0.000118 0.000099 0.000094 0.000093 0.000092 0.000092 0.000092 0.000092 0.000092 0.000092 0.000092 0.000092 0.000092 0.000092 0.000092 0.000092 0.000092 0.000092 0.000092 0.000092 0.000092 0.000092 0.000092 0.000091 0.000090 0.000087 0.000081 0.000073 0.000061 0.000044 0.000023 0.000000 
50.000000 38.242776 27.504592 18.540277 11.690068 6.888449 3.793444 1.953719 0.942212 0.426209 0.181223 0.072642 0.027586 0.010033 0.003595 0.001367 0.000637 0.000411 0.000344 0.000325 0.000320 0.000319 0.000319 0.000319 0.000319 0.000319 0.000319 0.000319 0.000319 0.000319 0.000319 0.000319 0.000319 0.000319 0.000319 0.000319 0.000319 0.000319 0.000318 0.000318 0.000317 0.000314 0.000309 0.000299 0.000282 0.000253 0.000210 0.000152 0.000080 0.000000 
50.000000 38.242949 27.504923 18.540739 11.690629 6.889080 3.794119 1.954421 0.942928 0.426933 0.181950 0.073371 0.028316 0.010762 0.004325 0.002097 0.001367 0.001141 0.001074 0.001055 0.001050 0.001049 0.001048 0.001048 0.001048 0.001048 0.001048 0.001048 0.001048 0.001048 0.001048 0.001048 0.001048 0.001048 0.001048 0.001048 0.001048 0.001048 0.001047 0.001046 0.001042 0.001035 0.001018 0.000986 0.000928 0.000834 0.000693 0.000500 0.000263 0.000000 
50.000000 38.243476 27.505931 18.542147 11.692343 6.891007 3.796182 1.956565 0.945116 0.429143 0.184171 0.075596 0.030543 0.012990 0.006553 0.004325 0.003595 0.003369 0.003302 0.003283 0.003278 0.003277 0.003277 0.003277 0.003277 0.003277 0.003277 0.003277 0.003277 0.003277 0.003277 0.003277 0.003277 0.003277 0.003276 0.003276 0.003276 0.003276 0.003274 0.003269 0.003259 0.003235 0.003184 0.003085 0.002907 0.002614 0.002174 0.001572 0.000828 0.000000 
50.000000 38.244998 27.508841 18.546214 11.697291 6.896571 3.802141 1.962758 0.951436 0.435528 0.190586 0.082025 0.036977 0.019427 0.012990 0.010762 0.010033 0.009807 0.009740 0.009721 0.009716 0.009715 0.009714 0.009714 0.009714 0.009714 0.009714 0.009714 0.009714 0.009714 0.009714 0.009714 0.009714 0.009714 0.009714 0.009714 0.009713 0.009712 0.009707 0.009694 0.009664 0.009594 0.009447 0.009159 0.008639 0.007778 0.006475 0.004687 0.002471 0.000000 
50.000000 38.249144 27.516771 18.557298 11.710778 6.911737 3.818386 1.979640 0.968668 0.452937 0.208079 0.099554 0.054522 0.036977 0.030543 0.028316 0.027586 0.027360 0.027293 0.027275 0.027269 0.027268 0.027268 0.027268 0.027268 0.027268 0.027268 0.027268 0.027268 0.027268 0.027268 0.027268 0.027268 0.027268 0.027268 0.027267 0.027265 0.027261 0.027248 0.027214 0.027131 0.026942 0.026541 0.025751 0.024315 0.021921 0.018278 0.013250 0.006992 0.000000 
50.000000 38.259780 27.537114 18.585732 11.745383 6.950655 3.860075 2.022970 1.012895 0.497620 0.252977 0.144548 0.099554 0.082025 0.075596 0.073371 0.072642 0.072416 0.072350 0.072331 0.072326 0.072325 0.072324 0.072324 0.072324 0.072324 0.072324 0.072324 0.072324 0.072324 0.072324 0.072324 0.072324 0.072324 0.072324 0.072322 0.072318 0.072307 0.072274 0.072189 0.071979 0.071499 0.070471 0.068432 0.064700 0.058430 0.048817 0.035458 0.018738 0.000000 
50.000000 38.285396 27.586112 18.654225 11.828746 7.044417 3.960521 2.127376 1.119471 0.605298 0.361177 0.252977 0.208079 0.190586 0.184171 0.181950 0.181223 0.180997 0.180931 0.180912 0.180907 0.180906 0.180905 0.180905 0.180905 0.180905 0.180905 0.180905 0.180905 0.180905 0.180905 0.180905 0.180905 0.180905 0.180904 0.180901 0.180892 0.180865 0.180789 0.180588 0.180094 0.178951 0.176489 0.171564 0.162469 0.147040 0.123160 0.089680 0.047481 0.000000 
50.000000 38.343159 27.696603 18.808691 12.016767 7.255913 4.187113 2.362918 1.359919 0.848240 0.605298 0.497620 0.452937 0.435528 0.429143 0.426933 0.426209 0.425984 0.425918 0.425900 0.425895 0.425893 0.425893 0.425893 0.425893 0.425893 0.425893 0.425893 0.425893 0.425893 0.425893 0.425893 0.425893 0.425892 0.425890 0.425884 0.425864 0.425806 0.425641 0.425205 0.424120 0.421594 0.416103 0.405013 0.384303 0.348758 0.293077 0.214114 0.113654 0.000000 
50.000000 38.464753 27.929208 19.133895 12.412650 7.701262 4.664290 2.858972 1.866328 1.359919 1.119471 1.012895 0.968668 0.951436 0.945116 0.942928 0.942212 0.941989 0.941924 0.941905 0.941900 0.941899 0.941899 0.941899 0.941899 0.941899 0.941899 0.941899 0.941899 0.941899 0.941899 0.941899 0.941898 0.941897 0.941894 0.941881 0.941842 0.941726 0.941397 0.940520 0.938325 0.933164 0.921830 0.898666 0.854827 0.778475 0.657014 0.482159 0.256854 0.000000 
50.000000 38.702989 28.384965 19.771131 13.188442 8.574065 5.599536 3.831278 2.858972 2.362918 2.127376 2.022970 1.979640 1.962758 1.956565 1.954421 1.953719 1.953501 1.953437 1.953419 1.953414 1.953413 1.953413 1.953413 1.953413 1.953413 1.953413 1.953413 1.953413 1.953413 1.953413 1.953412 1.953412 1.953410 1.953403 1.953381 1.953311 1.953099 1.952499 1.950888 1.946815 1.937142 1.915639 1.871063 1.785317 1.633212 1.386376 1.023803 0.548246 0.000000 
50.000000 39.136086 29.213536 20.929707 14.599040 10.161174 7.300308 5.599536 4.664290 4.187113 3.960521 3.860075 3.818386 3.802141 3.796182 3.794119 3.793444 3.793234 3.793172 3.793155 3.793150 3.793149 3.793149 3.793149 3.793149 3.793149 3.793149 3.793149 3.793149 3.793149 3.793149 3.793148 3.793147 3.793144 3.793134 3.793097 3.792982 3.792636 3.791643 3.788957 3.782100 3.765624 3.728474 3.650154 3.496473 3.217483 2.752817 2.051247 1.107187 0.000000 
50.000000 39.864387 30.606925 22.878168 16.971502 12.830686 10.161174 8.574065 7.701262 7.255913 7.044417 6.950655 6.911737 6.896571 6.891007 6.889080 6.888449 6.888253 6.888195 6.888179 6.888175 6.888174 6.888174 6.888173 6.888173 6.888173 6.888173 6.888173 6.888173 6.888173 6.888173 6.888173 6.888172 6.888167 6.888152 6.888099 6.887932 6.887422 6.885955 6.881949 6.871610 6.846436 6.788748 6.664700 6.415343 5.949292 5.146047 3.885999 2.124458 0.000000 
50.000000 40.993869 32.767924 25.900174 20.651333 16.971502 14.599040 13.188442 12.412650 12.016767 11.828746 11.745383 11.710778 11.697291 11.692343 11.690629 11.690068 11.689894 11.689842 11.689828 11.689824 11.689823 11.689823 11.689822 11.689822 11.689822 11.689822 11.689822 11.689822 11.689822 11.689822 11.689822 11.689820 11.689815 11.689795 11.689728 11.689514 11.688858 11.686953 11.681707 11.668009 11.634175 11.555231 11.381558 11.022210 10.325667 9.069625 6.989855 3.905827 0.000000 
50.000000 42.604754 35.850061 30.210501 25.900174 22.878168 20.929707 19.771131 19.133895 18.808691 18.654225 18.585732 18.557298 18.546214 18.542147 18.540739 18.540277 18.540134 18.540092 18.540080 18.540076 18.540076 18.540075 18.540075 18.540075 18.540075 18.540075 18.540075 18.540075 18.540075 18.540075 18.540075 18.540073 18.540067 18.540046 18.539973 18.539739 18.539020 18.536915 18.531065 18.515614 18.476881 18.384754 18.176890 17.732121 16.830550 15.105250 12.019106 6.990398 0.000000 
50.000000 44.712300 39.882551 35.850061 32.767924 30.606925 29.213536 28.384965 27.929208 27.696603 27.586112 27.537114 27.516771 27.508841 27.505931 27.504923 27.504592 27.504490 27.504460 27.504451 27.504449 27.504448 27.504448 27.504448 27.504448 27.504448 27.504448 27.504448 27.504448 27.504448 27.504448 27.504448 27.504446 27.504441 27.504422 27.504359 27.504154 27.503521 27.501656 27.496432 27.482489 27.447050 27.361161 27.162289 26.720926 25.778069 23.830954 19.941275 12.533318 0.000000 
50.000000 47.236489 44.712300 42.604754 40.993869 39.864387 39.136086 38.702989 38.464753 38.343159 38.285396 38.259780 38.249144 38.244998 38.243476 38.242949 38.242776 38.242723 38.242707 38.242702 38.242701 38.242701 38.242701 38.242701 38.242701 38.242701 38.242701 38.242701 38.242701 38.242701 38.242701 38.242700 38.242700 38.242697 38.242686 38.242648 38.242527 38.242152 38.241042 38.237915 38.229504 38.207899 38.154743 38.028899 37.739929 37.088042 35.614356 32.178981 23.618245 0.000000 
50.000000 50.000000 50.000000 50.000000 50.000000 50.000000 50.000000 50.000000 50.000000 50.000000 50.000000 50.000000 50.000000 50.000000 50.000000 50.000000 50.000000 50.000000 50.000000 50.000000 50.000000 50.000000 50.000000 50.000000 50.000000 50.000000 50.000000 50.000000 50.000000 50.000000 50.000000 50.000000 50.000000 50.000000 50.000000 50.000000 50.000000 50.000000 50.000000 50.000000 50.000000 50.000000 50.000000 50.000000 50.000000 50.000000 50.000000 50.000000 50.000000 50.000000 
