50.000000 50.000000 50.000000 50.000000 50.000000 50.000000 50.000000 50.000000 50.000000 50.000000 50.000000 50.000000 50.000000 50.000000 50.000000 50.000000 50.000000 50.000000 50.000000 50.000000 50.000000 50.000000 50.000000 50.000000 50.000000 50.000000 50.000000 50.000000 50.000000 50.000000 50.000000 50.000000 50.000000 50.000000 50.000000 50.000000 50.000000 50.000000 50.000000 50.000000 50.000000 50.000000 50.000000 50.000000 50.000000 50.000000 50.000000 50.000000 50.000000 50.000000 
50.000000 48.858011 47.756958 46.733379 45.815804 45.022514 44.360952 43.828652 43.415314 43.105466 42.881165 42.724304 42.618289 42.549015 42.505232 42.478453 42.462597 42.453503 42.448448 42.445724 42.444300 42.443578 42.443222 42.443052 42.442972 42.442934 42.442913 42.442896 42.442869 42.442814 42.442698 42.442455 42.441954 42.440950 42.438981 42.435211 42.428151 42.415212 42.391968 42.350962 42.279731 42.157447 41.948914 41.593052 40.978798 39.889304 37.857767 33.750882 24.429005 0.000000 
50.000000 47.756958 45.594322 43.583860 41.781605 40.223471 38.924071 37.878563 37.066714 36.458135 36.017582 35.709491 35.501268 35.365209 35.279215 35.226620 35.195477 35.177616 35.167689 35.162339 35.159543 35.158124 35.157425 35.157090 35.156933 35.156859 35.156820 35.156786 35.156735 35.156633 35.156415 35.155959 35.155023 35.153148 35.149477 35.142462 35.129359 35.105418 35.062581 34.987402 34.857717 34.637229 34.266416 33.646663 32.611279 30.870649 27.907984 22.797161 14.006076 0.000000 
50.000000 46.733379 43.583860 40.655960 38.031286 35.762138 33.869799 32.347212 31.164913 30.278643 29.637071 29.188406 28.885179 28.687042 28.561815 28.485225 28.439875 28.413865 28.399409 28.391619 28.387548 28.385482 28.384464 28.383976 28.383748 28.383640 28.383584 28.383537 28.383468 28.383329 28.383037 28.382424 28.381168 28.378657 28.373756 28.364418 28.347044 28.315452 28.259265 28.161420 27.994347 27.714135 27.251597 26.498515 25.286716 23.357906 20.327980 15.675876 8.875612 0.000000 
50.000000 45.815804 41.781605 38.031286 34.669376 31.762865 29.339015 27.388783 25.874425 24.739247 23.917498 23.342836 22.954459 22.700686 22.540296 22.442203 22.384121 22.350809 22.332295 22.322319 22.317104 22.314459 22.313155 22.312531 22.312238 22.312102 22.312030 22.311974 22.311894 22.311734 22.311398 22.310697 22.309263 22.306405 22.300844 22.290293 22.270758 22.235449 22.173122 22.065604 21.884210 21.584679 21.100242 20.332573 19.141224 17.334688 14.673380 10.910957 5.926500 0.000000 
50.000000 45.022514 40.223471 35.762138 31.762865 28.305345 25.422003 23.102081 21.300672 19.950330 18.972835 18.289266 17.827290 17.525431 17.334653 17.217975 17.148890 17.109269 17.087249 17.075383 17.069181 17.066035 17.064484 17.063742 17.063395 17.063233 17.063150 17.063088 17.063003 17.062838 17.062491 17.061770 17.060300 17.057378 17.051717 17.041027 17.021346 16.986016 16.924171 16.818575 16.642688 16.356867 15.903845 15.204083 14.152672 12.621641 10.475422 7.612192 4.043716 0.000000 
50.000000 44.360952 38.924071 33.869799 29.339015 25.422003 22.155498 19.527304 17.486542 15.956794 14.849443 14.075074 13.551740 13.209794 12.993683 12.861515 12.783259 12.738380 12.713437 12.699997 12.692972 12.689409 12.687653 12.686812 12.686419 12.686237 12.686146 12.686082 12.685998 12.685840 12.685510 12.684826 12.683438 12.680690 12.675388 12.665427 12.647199 12.614716 12.558348 12.463109 12.306482 12.055877 11.666112 11.077749 10.217920 9.006442 7.371283 5.277408 2.767900 0.000000 
50.000000 43.828652 37.878563 32.347212 27.388783 23.102081 19.527304 16.651101 14.417783 12.743714 11.531905 10.684499 10.111814 9.737626 9.501144 9.356519 9.270889 9.221781 9.194489 9.179784 9.172097 9.168198 9.166278 9.165358 9.164928 9.164730 9.164633 9.164569 9.164492 9.164350 9.164057 9.163452 9.162228 9.159815 9.155182 9.146524 9.130778 9.102926 9.055011 8.974885 8.844710 8.639419 8.325550 7.861192 7.198236 6.288541 5.095616 3.612147 1.879738 0.000000 
50.000000 43.415314 37.066714 31.164913 25.874425 21.300672 17.486542 14.417783 12.034970 10.248859 8.955961 8.051862 7.440871 7.041660 6.789367 6.635076 6.543724 6.491336 6.462221 6.446534 6.438335 6.434176 6.432127 6.431146 6.430689 6.430478 6.430377 6.430315 6.430247 6.430126 6.429881 6.429377 6.428361 6.426367 6.422555 6.415470 6.402666 6.380181 6.341824 6.278306 6.176279 6.017485 5.778364 5.430665 4.943806 4.289746 3.450779 2.429485 1.257867 0.000000 
50.000000 43.105466 36.458135 30.278643 24.739247 19.950330 15.956794 12.743714 10.248859 8.378782 7.025118 6.078537 5.438844 5.020886 4.756749 4.595217 4.499579 4.444734 4.414255 4.397833 4.389250 4.384896 4.382751 4.381725 4.381246 4.381027 4.380924 4.380865 4.380806 4.380709 4.380514 4.380116 4.379317 4.377756 4.374785 4.369293 4.359428 4.342224 4.313109 4.265335 4.189391 4.072581 3.899004 3.650312 3.307642 2.855037 2.284296 1.600418 0.825735 0.000000 
50.000000 42.881165 36.017582 29.637071 23.917498 18.972835 14.849443 11.531905 8.955961 7.025118 5.627481 4.650161 3.989702 3.558182 3.285477 3.118707 3.019970 2.963348 2.931882 2.914928 2.906068 2.901573 2.899359 2.898300 2.897806 2.897581 2.897477 2.897421 2.897372 2.897296 2.897149 2.896850 2.896252 2.895089 2.892886 2.888833 2.881598 2.869062 2.848005 2.813740 2.759783 2.677656 2.557020 2.386334 2.154260 1.851894 1.475651 1.030180 0.530202 0.000000 
50.000000 42.724304 35.709491 29.188406 23.342836 18.289266 14.075074 10.684499 8.051862 6.078537 4.650161 3.651354 2.976381 2.535383 2.256691 2.086261 1.985359 1.927497 1.895342 1.878017 1.868962 1.864369 1.862107 1.861025 1.860521 1.860291 1.860187 1.860133 1.860093 1.860036 1.859930 1.859715 1.859288 1.858460 1.856900 1.854045 1.848974 1.840243 1.825677 1.802156 1.765427 1.710038 1.629488 1.516726 1.365095 1.169714 0.929141 0.646910 0.332336 0.000000 
50.000000 42.618289 35.501268 28.885179 22.954459 17.827290 13.551740 10.111814 7.440871 5.438844 3.989702 2.976381 2.291606 1.844206 1.561471 1.388571 1.286207 1.227507 1.194887 1.177312 1.168126 1.163467 1.161172 1.160074 1.159563 1.159331 1.159226 1.159176 1.159142 1.159101 1.159026 1.158879 1.158587 1.158023 1.156965 1.155038 1.151633 1.145803 1.136139 1.120640 1.096620 1.060690 1.008888 0.937024 0.841274 0.719010 0.569727 0.395850 0.203077 0.000000 
50.000000 42.549015 35.365209 28.687042 22.700686 17.525431 13.209794 9.737626 7.041660 5.020886 3.558182 2.535383 1.844206 1.392627 1.107253 0.932740 0.829422 0.770175 0.737252 0.719513 0.710242 0.705540 0.703224 0.702116 0.701600 0.701366 0.701262 0.701213 0.701185 0.701155 0.701105 0.701007 0.700815 0.700447 0.699758 0.698509 0.696313 0.692573 0.686409 0.676584 0.661459 0.638994 0.606848 0.562594 0.504085 0.429928 0.339998 0.235850 0.120865 0.000000 
50.000000 42.505232 35.279215 28.561815 22.540297 17.334653 12.993683 9.501144 6.789367 4.756749 3.285477 2.256691 1.561471 1.107253 0.820212 0.644681 0.540761 0.481170 0.448054 0.430213 0.420888 0.416159 0.413829 0.412715 0.412196 0.411961 0.411857 0.411810 0.411785 0.411763 0.411730 0.411668 0.411547 0.411316 0.410885 0.410106 0.408743 0.406434 0.402646 0.396643 0.387457 0.373898 0.354620 0.328256 0.293625 0.250003 0.197396 0.136753 0.070021 0.000000 
50.000000 42.478453 35.226620 28.485225 22.442203 17.217975 12.861515 9.356519 6.635076 4.595217 3.118707 2.086261 1.388571 0.932740 0.644681 0.468529 0.364241 0.304438 0.271206 0.253301 0.243944 0.239198 0.236860 0.235742 0.235222 0.234986 0.234882 0.234836 0.234814 0.234797 0.234776 0.234738 0.234664 0.234524 0.234264 0.233797 0.232982 0.231606 0.229361 0.225821 0.220432 0.212521 0.201336 0.186127 0.166258 0.141359 0.111469 0.077143 0.039472 0.000000 
50.000000 42.462597 35.195477 28.439875 22.384121 17.148890 12.783259 9.270889 6.543724 4.499579 3.019970 1.985359 1.286208 0.829422 0.540762 0.364241 0.259736 0.199808 0.166507 0.148565 0.139189 0.134433 0.132090 0.130970 0.130449 0.130213 0.130109 0.130063 0.130042 0.130029 0.130016 0.129993 0.129950 0.129868 0.129717 0.129446 0.128975 0.128184 0.126899 0.124881 0.121824 0.117357 0.111074 0.102570 0.091512 0.077716 0.061218 0.042330 0.021647 0.000000 
50.000000 42.453503 35.177616 28.413865 22.350809 17.109269 12.738380 9.221781 6.491336 4.444734 2.963348 1.927497 1.227507 0.770176 0.481170 0.304438 0.199809 0.139810 0.106469 0.088506 0.079118 0.074357 0.072012 0.070890 0.070368 0.070132 0.070028 0.069983 0.069963 0.069953 0.069944 0.069930 0.069905 0.069859 0.069774 0.069623 0.069360 0.068921 0.068209 0.067096 0.065417 0.062975 0.059553 0.054942 0.048970 0.041546 0.032697 0.022593 0.011548 0.000000 
50.000000 42.448448 35.167689 28.399410 22.332296 17.087249 12.713438 9.194490 6.462222 4.414256 2.931883 1.895342 1.194888 0.737252 0.448055 0.271207 0.166508 0.106470 0.073107 0.055132 0.045738 0.040973 0.038627 0.037504 0.036982 0.036746 0.036642 0.036597 0.036578 0.036569 0.036562 0.036554 0.036541 0.036516 0.036470 0.036387 0.036246 0.036009 0.035628 0.035034 0.034140 0.032845 0.031038 0.028612 0.025480 0.021599 0.016986 0.011730 0.005993 0.000000 
50.000000 42.445725 35.162340 28.391620 22.322320 17.075384 12.699999 9.179785 6.446536 4.397834 2.914930 1.878018 1.177313 0.719515 0.430214 0.253303 0.148567 0.088508 0.055133 0.037152 0.027755 0.022988 0.020641 0.019518 0.018996 0.018759 0.018655 0.018611 0.018592 0.018583 0.018579 0.018574 0.018567 0.018553 0.018529 0.018486 0.018412 0.018289 0.018091 0.017783 0.017322 0.016656 0.015730 0.014490 0.012894 0.010923 0.008584 0.005925 0.003026 0.000000 
50.000000 42.444301 35.159544 28.387550 22.317107 17.069184 12.692976 9.172101 6.438339 4.389254 2.906072 1.868967 1.168131 0.710247 0.420893 0.243949 0.139193 0.079123 0.045742 0.027758 0.018359 0.013591 0.011244 0.010120 0.009598 0.009362 0.009258 0.009213 0.009194 0.009187 0.009183 0.009180 0.009176 0.009169 0.009156 0.009135 0.009097 0.009035 0.008935 0.008780 0.008550 0.008217 0.007756 0.007140 0.006350 0.005376 0.004222 0.002913 0.001488 0.000000 
50.000000 42.443580 35.158128 28.385487 22.314466 17.066043 12.689418 9.168209 6.434187 4.384907 2.901585 1.864381 1.163479 0.705552 0.416171 0.239210 0.134445 0.074369 0.040985 0.022999 0.013599 0.008831 0.006483 0.005360 0.004837 0.004601 0.004497 0.004453 0.004434 0.004426 0.004423 0.004421 0.004419 0.004415 0.004409 0.004398 0.004380 0.004349 0.004300 0.004225 0.004112 0.003951 0.003727 0.003429 0.003048 0.002579 0.002025 0.001396 0.000713 0.000000 
50.000000 42.443227 35.157435 28.384478 22.313173 17.064506 12.687677 9.166303 6.432154 4.382780 2.899389 1.862137 1.161203 0.703255 0.413860 0.236891 0.132121 0.072042 0.038657 0.020670 0.011270 0.006502 0.004154 0.003030 0.002508 0.002272 0.002168 0.002123 0.002105 0.002097 0.002094 0.002092 0.002091 0.002089 0.002086 0.002081 0.002072 0.002057 0.002034 0.001998 0.001944 0.001867 0.001760 0.001619 0.001438 0.001216 0.000954 0.000658 0.000336 0.000000 
50.000000 42.443063 35.157114 28.384010 22.312574 17.063793 12.686870 9.165421 6.431213 4.381794 2.898372 1.861098 1.160148 0.702191 0.412790 0.235817 0.131045 0.070965 0.037579 0.019591 0.010191 0.005423 0.003075 0.001951 0.001429 0.001193 0.001089 0.001044 0.001026 0.001018 0.001015 0.001014 0.001013 0.001012 0.001010 0.001008 0.001003 0.000996 0.000984 0.000967 0.000940 0.000903 0.000851 0.000782 0.000695 0.000587 0.000461 0.000317 0.000162 0.000000 
50.000000 42.443000 35.156989 28.383829 22.312342 17.063517 12.686557 9.165079 6.430848 4.381412 2.897977 1.860695 1.159739 0.701778 0.412375 0.235401 0.130627 0.070547 0.037161 0.019173 0.009772 0.005004 0.002656 0.001533 0.001010 0.000774 0.000670 0.000626 0.000607 0.000600 0.000597 0.000595 0.000595 0.000594 0.000593 0.000591 0.000589 0.000585 0.000578 0.000567 0.000552 0.000529 0.000499 0.000458 0.000407 0.000344 0.000270 0.000186 0.000095 0.000000 
50.000000 42.443000 35.156989 28.383829 22.312342 17.063517 12.686557 9.165079 6.430848 4.381412 2.897977 1.860695 1.159739 0.701778 0.412375 0.235401 0.130627 0.070547 0.037161 0.019173 0.009772 0.005004 0.002656 0.001533 0.001010 0.000774 0.000670 0.000626 0.000607 0.000600 0.000597 0.000595 0.000595 0.000594 0.000593 0.000591 0.000589 0.000585 0.000578 0.000567 0.000552 0.000529 0.000499 0.000458 0.000407 0.000344 0.000270 0.000186 0.000095 0.000000 
50.000000 42.443063 35.157114 28.384010 22.312574 17.063793 12.686870 9.165421 6.431213 4.381794 2.898372 1.861098 1.160148 0.702191 0.412790 0.235817 0.131045 0.070965 0.037579 0.019591 0.010191 0.005423 0.003075 0.001951 0.001429 0.001193 0.001089 0.001044 0.001026 0.001018 0.001015 0.001014 0.001013 0.001012 0.001010 0.001008 0.001003 0.000996 0.000984 0.000967 0.000940 0.000903 0.000851 0.000782 0.000695 0.000587 0.000461 0.000317 0.000162 0.000000 
50.000000 42.443227 35.157435 28.384478 22.313173 17.064506 12.687677 9.166303 6.432154 4.382780 2.899389 1.862137 1.161203 0.703255 0.413860 0.236891 0.132121 0.072042 0.038657 0.020670 0.011270 0.006502 0.004154 0.003030 0.002508 0.002272 0.002168 0.002123 0.002105 0.002097 0.002094 0.002092 0.002091 0.002089 0.002086 0.002081 0.002072 0.002057 0.002034 0.001998 0.001944 0.001867 0.001760 0.001619 0.001438 0.001216 0.000954 0.000658 0.000336 0.000000 
50.000000 42.443580 35.158128 28.385487 22.314466 17.066043 12.689418 9.168209 6.434187 4.384907 2.901585 1.864381 1.163479 0.705552 0.416171 0.239210 0.134445 0.074369 0.040985 0.022999 0.013599 0.008831 0.006483 0.005360 0.004837 0.004601 0.004497 0.004453 0.004434 0.004426 0.004423 0.004421 0.004419 0.004415 0.004409 0.004398 0.004380 0.004349 0.004300 0.004225 0.004112 0.003951 0.003727 0.003429 0.003048 0.002579 0.002025 0.001396 0.000713 0.000000 
50.000000 42.444301 35.159544 28.387550 22.317107 17.069184 12.692976 9.172101 6.438339 4.389254 2.906072 1.868967 1.168131 0.710247 0.420893 0.243949 0.139193 0.079123 0.045742 0.027758 0.018359 0.013591 0.011244 0.010120 0.009598 0.009362 0.009258 0.009213 0.009194 0.009187 0.009183 0.009180 0.009176 0.009169 0.009156 0.009135 0.009097 0.009035 0.008935 0.008780 0.008550 0.008217 0.007756 0.007140 0.006350 0.005376 0.004222 0.002913 0.001488 0.000000 
50.000000 42.445725 35.162340 28.391620 22.322320 17.075384 12.699999 9.179785 6.446536 4.397834 2.914930 1.878018 1.177313 0.719515 0.430214 0.253303 0.148567 0.088508 0.055133 0.037152 0.027755 0.022988 0.020641 0.019518 0.018996 0.018759 0.018655 0.018611 0.018592 0.018583 0.018579 0.018574 0.018567 0.018553 0.018529 0.018486 0.018412 0.018289 0.018091 0.017783 0.017322 0.016656 0.015730 0.014490 0.012894 0.010923 0.008584 0.005925 0.003026 0.000000 
50.000000 42.448448 35.167689 28.399410 22.332296 17.087249 12.713438 9.194490 6.462222 4.414256 2.931883 1.895342 1.194888 0.737252 0.448055 0.271207 0.166508 0.106470 0.073107 0.055132 0.045738 0.040973 0.038627 0.037504 0.036982 0.036746 0.036642 0.036597 0.036578 0.036569 0.036562 0.036554 0.036541 0.036516 0.036470 0.036387 0.036246 0.036009 0.035628 0.035034 0.034140 0.032845 0.031038 0.028612 0.025480 0.021599 0.016986 0.011730 0.005993 0.000000 
50.000000 42.453503 35.177616 28.413865 22.350809 17.109269 12.738380 9.221781 6.491336 4.444734 2.963348 1.927497 1.227507 0.770176 0.481170 0.304438 0.199809 0.139810 0.106469 0.088506 0.079118 0.074357 0.072012 0.070890 0.070368 0.070132 0.070028 0.069983 0.069963 0.069953 0.069944 0.069930 0.069905 0.069859 0.069774 0.069623 0.069360 0.068921 0.068209 0.067096 0.065417 0.062975 0.059553 0.054942 0.048970 0.041546 0.032697 0.022593 0.011548 0.000000 
50.000000 42.462597 35.195477 28.439875 22.384121 17.148890 12.783259 9.270889 6.543724 4.499579 3.019970 1.985359 1.286208 0.829422 0.540762 0.364241 0.259736 0.199808 0.166507 0.148565 0.139189 0.134433 0.132090 0.130970 0.130449 0.130213 0.130109 0.130063 0.130042 0.130029 0.130016 0.129993 0.129950 0.129868 0.129717 0.129446 0.128975 0.128184 0.126899 0.124881 0.121824 0.117357 0.111074 0.102570 0.091512 0.077716 0.061218 0.042330 0.021647 0.000000 
50.000000 42.478453 35.226620 28.485225 22.442203 17.217975 12.861515 9.356519 6.635076 4.595217 3.118707 2.086261 1.388571 0.932740 0.644681 0.468529 0.364241 0.304438 0.271206 0.253301 0.243944 0.239198 0.236860 0.235742 0.235222 0.234986 0.234882 0.234836 0.234814 0.234797 0.234776 0.234738 0.234664 0.234524 0.234264 0.233797 0.232982 0.231606 0.229361 0.225821 0.220432 0.212521 0.201336 0.186127 0.166258 0.141359 0.111469 0.077143 0.039472 0.000000 
50.000000 42.505232 35.279215 28.561815 22.540297 17.334653 12.993683 9.501144 6.789367 4.756749 3.285477 2.256691 1.561471 1.107253 0.820212 0.644681 0.540761 0.481170 0.448054 0.430213 0.420888 0.416159 0.413829 0.412715 0.412196 0.411961 0.411857 0.411810 0.411785 0.411763 0.411730 0.411668 0.411547 0.411316 0.410885 0.410106 0.408743 0.406434 0.402646 0.396643 0.387457 0.373898 0.354620 0.328256 0.293625 0.250003 0.197396 0.136753 0.070021 0.000000 
50.000000 42.549015 35.365209 28.687042 22.700686 17.525431 13.209794 9.737626 7.041660 5.020886 3.558182 2.535383 1.844206 1.392627 1.107253 0.932740 0.829422 0.770175 0.737252 0.719513 0.710242 0.705540 0.703224 0.702116 0.701600 0.701366 0.701262 0.701213 0.701185 0.701155 0.701105 0.701007 0.700815 0.700447 0.699758 0.698509 0.696313 0.692573 0.686409 0.676584 0.661459 0.638994 0.606848 0.562594 0.504085 0.429928 0.339998 0.235850 0.120865 0.000000 
50.000000 42.618289 35.501268 28.885179 22.954459 17.827290 13.551740 10.111814 7.440871 5.438844 3.989702 2.976381 2.291606 1.844206 1.561471 1.388571 1.286207 1.227507 1.194887 1.177312 1.168126 1.163467 1.161172 1.160074 1.159563 1.159331 1.159226 1.159176 1.159142 1.159101 1.159026 1.158879 1.158587 1.158023 1.156965 1.155038 1.151633 1.145803 1.136139 1.120640 1.096620 1.060690 1.008888 0.937024 0.841274 0.719010 0.569727 0.395850 0.203077 0.000000 
50.000000 42.724304 35.709491 29.188406 23.342836 18.289266 14.075074 10.684499 8.051862 6.078537 4.650161 3.651354 2.976381 2.535383 2.256691 2.086261 1.985359 1.927497 1.895342 1.878017 1.868962 1.864369 1.862107 1.861025 1.860521 1.860291 1.860187 1.860133 1.860093 1.860036 1.859930 1.859715 1.859288 1.858460 1.856900 1.854045 1.848974 1.840243 1.825677 1.802156 1.765427 1.710038 1.629488 1.516726 1.365095 1.169714 0.929141 0.646910 0.332336 0.000000 
50.000000 42.881165 36.017582 29.637071 23.917498 18.972835 14.849443 11.531905 8.955961 7.025118 5.627481 4.650161 3.989702 3.558182 3.285477 3.118707 3.019970 2.963348 2.931882 2.914928 2.906068 2.901573 2.899359 2.898300 2.897806 2.897581 2.897477 2.897421 2.897372 2.897296 2.897149 2.896850 2.896252 2.895089 2.892886 2.888833 2.881598 2.869062 2.848005 2.813740 2.759783 2.677656 2.557020 2.386334 2.154260 1.851894 1.475651 1.030180 0.530202 0.000000 
50.000000 43.105466 36.458135 30.278643 24.739247 19.950330 15.956794 12.743714 10.248859 8.378782 7.025118 6.078537 5.438844 5.020886 4.756749 4.595217 4.499579 4.444734 4.414255 4.397833 4.389250 4.384896 4.382751 4.381725 4.381246 4.381027 4.380924 4.380865 4.380806 4.380709 4.380514 4.380116 4.379317 4.377756 4.374785 4.369293 4.359428 4.342224 4.313109 4.265335 4.189391 4.072581 3.899004 3.650312 3.307642 2.855037 2.284296 1.600418 0.825735 0.000000 
50.000000 43.415314 37.066714 31.164913 25.874425 21.300672 17.486542 14.417783 12.034970 10.248859 8.955961 8.051862 7.440871 7.041660 6.789367 6.635076 6.543724 6.491336 6.462221 6.446534 6.438335 6.434176 6.432127 6.431146 6.430689 6.430478 6.430377 6.430315 6.430247 6.430126 6.429881 6.429377 6.428361 6.426367 6.422555 6.415470 6.402666 6.380181 6.341824 6.278306 6.176279 6.017485 5.778364 5.430665 4.943806 4.289746 3.450779 2.429485 1.257867 0.000000 
50.000000 43.828652 37.878563 32.347212 27.388783 23.102081 19.527304 16.651101 14.417783 12.743714 11.531905 10.684499 10.111814 9.737626 9.501144 9.356519 9.270889 9.221781 9.194489 9.179784 9.172097 9.168198 9.166278 9.165358 9.164928 9.164730 9.164633 9.164569 9.164492 9.164350 9.164057 9.163452 9.162228 9.159815 9.155182 9.146524 9.130778 9.102926 9.055011 8.974885 8.844710 8.639419 8.325550 7.861192 7.198236 6.288541 5.095616 3.612147 1.879738 0.000000 
50.000000 44.360952 38.924071 33.869799 29.339015 25.422003 22.155498 19.527304 17.486542 15.956794 14.849443 14.075074 13.551740 13.209794 12.993683 12.861515 12.783259 12.738380 12.713437 12.699997 12.692972 12.689409 12.687653 12.686812 12.686419 12.686237 12.686146 12.686082 12.685998 12.685840 12.685510 12.684826 12.683438 12.680690 12.675388 12.665427 12.647199 12.614716 12.558348 12.463109 12.306482 12.055877 11.666112 11.077749 10.217920 9.006442 7.371283 5.277408 2.767900 0.000000 
50.000000 45.022514 40.223471 35.762138 31.762865 28.305345 25.422003 23.102081 21.300672 19.950330 18.972835 18.289266 17.827290 17.525431 17.334653 17.217975 17.148890 17.109269 17.087249 17.075383 17.069181 17.066035 17.064484 17.063742 17.063395 17.063233 17.063150 17.063088 17.063003 17.062838 17.062491 17.061770 17.060300 17.057378 17.051717 17.041027 17.021346 16.986016 16.924171 16.818575 16.642688 16.356867 15.903845 15.204083 14.152672 12.621641 10.475422 7.612192 4.043716 0.000000 
50.000000 45.815804 41.781605 38.031286 34.669376 31.762865 29.339015 27.388783 25.874425 24.739247 23.917498 23.342836 22.954459 22.700686 22.540296 22.442203 22.384121 22.350809 22.332295 22.322319 22.317104 22.314459 22.313155 22.312531 22.312238 22.312102 22.312030 22.311974 22.311894 22.311734 22.311398 22.310697 22.309263 22.306405 22.300844 22.290293 22.270758 22.235449 22.173122 22.065604 21.884210 21.584679 21.100242 20.332573 19.141224 17.334688 14.673380 10.910957 5.926500 0.000000 
50.000000 46.733379 43.583860 40.655960 38.031286 35.762138 33.869799 32.347212 31.164913 30.278643 29.637071 29.188406 28.885179 28.687042 28.561815 28.485225 28.439875 28.413865 28.399409 28.391619 28.387548 28.385482 28.384464 28.383976 28.383748 28.383640 28.383584 28.383537 28.383468 28.383329 28.383037 28.382424 28.381168 28.378657 28.373756 28.364418 28.347044 28.315452 28.259265 28.161420 27.994347 27.714135 27.251597 26.498515 25.286716 23.357906 20.327980 15.675876 8.875612 0.000000 
50.000000 47.756958 45.594322 43.583860 41.781605 40.223471 38.924071 37.878563 37.066714 36.458135 36.017582 35.709491 35.501268 35.365209 35.279215 35.226620 35.195477 35.177616 35.167689 35.162339 35.159543 35.158124 35.157425 35.157090 35.156933 35.156859 35.156820 35.156786 35.156735 35.156633 35.156415 35.155959 35.155023 35.153148 35.149477 35.142462 35.129359 35.105418 35.062581 34.987402 34.857717 34.637229 34.266416 33.646663 32.611279 30.870649 27.907984 22.797161 14.006076 0.000000 
50.000000 48.858011 47.756958 46.733379 45.815804 45.022514 44.360952 43.828652 43.415314 43.105466 42.881165 42.724304 42.618289 42.549015 42.505232 42.478453 42.462597 42.453503 42.448448 42.445724 42.444300 42.443578 42.443222 42.443052 42.442972 42.442934 42.442913 42.442896 42.442869 42.442814 42.442698 42.442455 42.441954 42.440950 42.438981 42.435211 42.428151 42.415212 42.391968 42.350962 42.279731 42.157447 41.948914 41.593052 40.978798 39.889304 37.857767 33.750882 24.429005 0.000000 
50.000000 50.000000 50.000000 50.000000 50.000000 50.000000 50.000000 50.000000 50.000000 50.000000 50.000000 50.000000 50.000000 50.000000 50.000000 50.000000 50.000000 50.000000 50.000000 50.000000 50.000000 50.000000 50.000000 50.000000 50.000000 50.000000 50.000000 50.000000 50.000000 50.000000 50.000000 50.000000 50.000000 50.000000 50.000000 50.000000 50.000000 50.000000 50.000000 50.000000 50.000000 50.000000 50.000000 50.000000 50.000000 50.000000 50.000000 50.000000 50.000000 50.000000 
