50.000000 50.000000 50.000000 50.000000 50.000000 50.000000 50.000000 50.000000 50.000000 50.000000 50.000000 50.000000 50.000000 50.000000 50.000000 50.000000 50.000000 50.000000 50.000000 50.000000 50.000000 50.000000 50.000000 50.000000 50.000000 50.000000 50.000000 50.000000 50.000000 50.000000 50.000000 50.000000 50.000000 50.000000 50.000000 50.000000 50.000000 50.000000 50.000000 50.000000 50.000000 50.000000 50.000000 50.000000 50.000000 50.000000 50.000000 50.000000 50.000000 50.000000 
50.000000 45.481361 41.600867 38.728045 36.882269 35.844506 35.329389 35.101677 35.011291 34.978832 34.968214 34.965030 34.964150 34.963925 34.963872 34.963860 34.963857 34.963857 34.963857 34.963857 34.963857 34.963857 34.963857 34.963857 34.963857 34.963857 34.963857 34.963857 34.963857 34.963857 34.963857 34.963857 34.963857 34.963856 34.963856 34.963856 34.963853 34.963837 34.963771 34.963492 34.962403 34.958417 34.944755 34.900881 34.768398 34.389313 33.346622 30.523741 22.740680 0.000000 
50.000000 41.600867 34.388143 29.048735 25.618501 23.690117 22.733046 22.310027 22.142143 22.081864 22.062149 22.056239 22.054606 22.054188 22.054089 22.054067 22.054062 22.054061 22.054061 22.054061 22.054061 22.054061 22.054061 22.054061 22.054061 22.054061 22.054061 22.054061 22.054061 22.054061 22.054061 22.054061 22.054061 22.054061 22.054061 22.054060 22.054055 22.054032 22.053932 22.053516 22.051905 22.046071 22.026393 21.964638 21.784502 21.296194 20.066079 17.194072 11.077126 0.000000 
50.000000 38.728045 29.048735 21.883998 17.281674 14.694771 13.411102 12.843842 12.618762 12.537965 12.511545 12.503628 12.501441 12.500881 12.500748 12.500718 12.500712 12.500711 12.500711 12.500711 12.500711 12.500711 12.500711 12.500711 12.500711 12.500711 12.500711 12.500711 12.500711 12.500711 12.500711 12.500711 12.500711 12.500711 12.500711 12.500710 12.500705 12.500683 12.500588 12.500197 12.498697 12.493337 12.475575 12.421176 12.267821 11.871825 10.941999 8.982657 5.381423 0.000000 
50.000000 36.882269 25.618501 17.281674 11.927124 8.917880 7.424911 6.765293 6.503625 6.409716 6.379016 6.369818 6.367278 6.366628 6.366474 6.366440 6.366432 6.366431 6.366431 6.366431 6.366431 6.366431 6.366431 6.366431 6.366431 6.366431 6.366431 6.366431 6.366431 6.366431 6.366431 6.366431 6.366431 6.366431 6.366431 6.366430 6.366427 6.366411 6.366342 6.366062 6.364999 6.361248 6.349028 6.312424 6.212236 5.963562 5.409849 4.322307 2.492956 0.000000 
50.000000 35.844506 23.690117 14.694771 8.917880 5.671707 4.061436 3.350113 3.067985 2.966753 2.933666 2.923755 2.921018 2.920319 2.920152 2.920115 2.920108 2.920106 2.920106 2.920106 2.920106 2.920106 2.920106 2.920106 2.920106 2.920106 2.920106 2.920106 2.920106 2.920106 2.920106 2.920106 2.920106 2.920106 2.920106 2.920105 2.920103 2.920094 2.920054 2.919890 2.919274 2.917126 2.910233 2.889974 2.835853 2.705644 2.426950 1.905615 1.076108 0.000000 
50.000000 35.329389 22.733046 13.411102 7.424911 4.061436 2.393155 1.656294 1.364075 1.259235 1.224974 1.214713 1.211880 1.211156 1.210984 1.210946 1.210938 1.210936 1.210936 1.210936 1.210936 1.210936 1.210936 1.210936 1.210936 1.210936 1.210936 1.210936 1.210936 1.210936 1.210936 1.210936 1.210936 1.210936 1.210936 1.210935 1.210934 1.210930 1.210910 1.210828 1.210525 1.209480 1.206166 1.196578 1.171462 1.112487 0.989926 0.768408 0.428508 0.000000 
50.000000 35.101677 22.310027 12.843842 6.765293 3.350113 1.656294 0.908206 0.611557 0.505137 0.470362 0.459947 0.457073 0.456338 0.456163 0.456124 0.456116 0.456115 0.456115 0.456114 0.456114 0.456114 0.456114 0.456114 0.456114 0.456114 0.456114 0.456114 0.456114 0.456114 0.456114 0.456114 0.456114 0.456114 0.456114 0.456114 0.456114 0.456112 0.456103 0.456068 0.455938 0.455495 0.454103 0.450129 0.439880 0.416266 0.368268 0.283634 0.156923 0.000000 
50.000000 35.011291 22.142143 12.618762 6.503625 3.067985 1.364075 0.611557 0.313162 0.206120 0.171144 0.160669 0.157778 0.157039 0.156864 0.156825 0.156817 0.156815 0.156815 0.156815 0.156815 0.156815 0.156815 0.156815 0.156815 0.156815 0.156815 0.156815 0.156815 0.156815 0.156815 0.156815 0.156815 0.156815 0.156815 0.156815 0.156814 0.156814 0.156810 0.156797 0.156748 0.156581 0.156062 0.154595 0.150859 0.142377 0.125425 0.096072 0.052874 0.000000 
50.000000 34.978832 22.081864 12.537965 6.409716 2.966753 1.259235 0.505137 0.206120 0.098857 0.063809 0.053314 0.050417 0.049677 0.049501 0.049462 0.049453 0.049452 0.049452 0.049451 0.049451 0.049451 0.049451 0.049451 0.049451 0.049451 0.049451 0.049451 0.049451 0.049451 0.049451 0.049451 0.049451 0.049451 0.049451 0.049451 0.049451 0.049451 0.049450 0.049445 0.049429 0.049372 0.049198 0.048710 0.047479 0.044717 0.039268 0.029959 0.016428 0.000000 
50.000000 34.968214 22.062149 12.511545 6.379016 2.933666 1.224974 0.470362 0.171144 0.063809 0.028738 0.018236 0.015337 0.014596 0.014420 0.014381 0.014373 0.014371 0.014371 0.014371 0.014371 0.014371 0.014371 0.014371 0.014371 0.014371 0.014371 0.014371 0.014371 0.014371 0.014371 0.014371 0.014371 0.014371 0.014371 0.014371 0.014371 0.014371 0.014371 0.014369 0.014364 0.014347 0.014294 0.014146 0.013776 0.012954 0.011348 0.008633 0.004721 0.000000 
50.000000 34.965030 22.056239 12.503628 6.369818 2.923755 1.214713 0.459947 0.160669 0.053314 0.018236 0.007731 0.004832 0.004091 0.003915 0.003876 0.003868 0.003866 0.003866 0.003866 0.003866 0.003866 0.003866 0.003866 0.003866 0.003866 0.003866 0.003866 0.003866 0.003866 0.003866 0.003866 0.003866 0.003866 0.003866 0.003866 0.003866 0.003866 0.003866 0.003865 0.003864 0.003859 0.003844 0.003803 0.003701 0.003476 0.003039 0.002307 0.001259 0.000000 
50.000000 34.964150 22.054606 12.501441 6.367278 2.921018 1.211880 0.457073 0.157778 0.050417 0.015337 0.004832 0.001933 0.001192 0.001016 0.000977 0.000968 0.000967 0.000967 0.000967 0.000966 0.000966 0.000966 0.000966 0.000966 0.000966 0.000966 0.000966 0.000966 0.000966 0.000966 0.000966 0.000966 0.000966 0.000966 0.000966 0.000966 0.000966 0.000966 0.000966 0.000966 0.000965 0.000961 0.000950 0.000924 0.000867 0.000757 0.000574 0.000313 0.000000 
50.000000 34.963925 22.054188 12.500881 6.366628 2.920319 1.211156 0.456338 0.157039 0.049677 0.014596 0.004091 0.001192 0.000451 0.000275 0.000236 0.000227 0.000226 0.000226 0.000225 0.000225 0.000225 0.000225 0.000225 0.000225 0.000225 0.000225 0.000225 0.000225 0.000225 0.000225 0.000225 0.000225 0.000225 0.000225 0.000225 0.000225 0.000225 0.000225 0.000225 0.000225 0.000225 0.000224 0.000222 0.000215 0.000202 0.000176 0.000133 0.000073 0.000000 
50.000000 34.963872 22.054089 12.500748 6.366474 2.920152 1.210984 0.456163 0.156864 0.049501 0.014420 0.003915 0.001016 0.000275 0.000098 0.000059 0.000051 0.000050 0.000049 0.000049 0.000049 0.000049 0.000049 0.000049 0.000049 0.000049 0.000049 0.000049 0.000049 0.000049 0.000049 0.000049 0.000049 0.000049 0.000049 0.000049 0.000049 0.000049 0.000049 0.000049 0.000049 0.000049 0.000049 0.000048 0.000047 0.000044 0.000038 0.000029 0.000016 0.000000 
50.000000 34.963860 22.054067 12.500718 6.366440 2.920115 1.210946 0.456124 0.156825 0.049462 0.014381 0.003876 0.000977 0.000236 0.000059 0.000020 0.000012 0.000010 0.000010 0.000010 0.000010 0.000010 0.000010 0.000010 0.000010 0.000010 0.000010 0.000010 0.000010 0.000010 0.000010 0.000010 0.000010 0.000010 0.000010 0.000010 0.000010 0.000010 0.000010 0.000010 0.000010 0.000010 0.000010 0.000010 0.000010 0.000009 0.000008 0.000006 0.000003 0.000000 
50.000000 34.963857 22.054062 12.500712 6.366432 2.920108 1.210938 0.456116 0.156817 0.049453 0.014373 0.003868 0.000968 0.000227 0.000051 0.000012 0.000004 0.000002 0.000002 0.000002 0.000002 0.000002 0.000002 0.000002 0.000002 0.000002 0.000002 0.000002 0.000002 0.000002 0.000002 0.000002 0.000002 0.000002 0.000002 0.000002 0.000002 0.000002 0.000002 0.000002 0.000002 0.000002 0.000002 0.000002 0.000002 0.000002 0.000002 0.000001 0.000001 0.000000 
50.000000 34.963857 22.054061 12.500711 6.366431 2.920106 1.210936 0.456115 0.156815 0.049452 0.014371 0.003866 0.000967 0.000226 0.000050 0.000010 0.000002 0.000001 0.000000 0.000000 0.000000 0.000000 0.000000 0.000000 0.000000 0.000000 0.000000 0.000000 0.000000 0.000000 0.000000 0.000000 0.000000 0.000000 0.000000 0.000000 0.000000 0.000000 0.000000 0.000000 0.000000 0.000000 0.000000 0.000000 0.000000 0.000000 0.000000 0.000000 0.000000 0.000000 
50.000000 34.963857 22.054061 12.500711 6.366431 2.920106 1.210936 0.456115 0.156815 0.049452 0.014371 0.003866 0.000967 0.000226 0.000049 0.000010 0.000002 0.000000 0.000000 0.000000 0.000000 0.000000 0.000000 0.000000 0.000000 0.000000 0.000000 0.000000 0.000000 0.000000 0.000000 0.000000 0.000000 0.000000 0.000000 0.000000 0.000000 0.000000 0.000000 0.000000 0.000000 0.000000 0.000000 0.000000 0.000000 0.000000 0.000000 0.000000 0.000000 0.000000 
50.000000 34.963857 22.054061 12.500711 6.366431 2.920106 1.210936 0.456114 0.156815 0.049451 0.014371 0.003866 0.000967 0.000225 0.000049 0.000010 0.000002 0.000000 0.000000 0.000000 0.000000 0.000000 0.000000 0.000000 0.000000 0.000000 0.000000 0.000000 0.000000 0.000000 0.000000 0.000000 0.000000 0.000000 0.000000 0.000000 0.000000 0.000000 0.000000 0.000000 0.000000 0.000000 0.000000 0.000000 0.000000 0.000000 0.000000 0.000000 0.000000 0.000000 
50.000000 34.963857 22.054061 12.500711 6.366431 2.920106 1.210936 0.456114 0.156815 0.049451 0.014371 0.003866 0.000966 0.000225 0.000049 0.000010 0.000002 0.000000 0.000000 0.000000 0.000000 0.000000 0.000000 0.000000 0.000000 0.000000 0.000000 0.000000 0.000000 0.000000 0.000000 0.000000 0.000000 0.000000 0.000000 0.000000 0.000000 0.000000 0.000000 0.000000 0.000000 0.000000 0.000000 0.000000 0.000000 0.000000 0.000000 0.000000 0.000000 0.000000 
50.000000 34.963857 22.054061 12.500711 6.366431 2.920106 1.210936 0.456114 0.156815 0.049451 0.014371 0.003866 0.000966 0.000225 0.000049 0.000010 0.000002 0.000000 0.000000 0.000000 0.000000 0.000000 0.000000 0.000000 0.000000 0.000000 0.000000 0.000000 0.000000 0.000000 0.000000 0.000000 0.000000 0.000000 0.000000 0.000000 0.000000 0.000000 0.000000 0.000000 0.000000 0.000000 0.000000 0.000000 0.000000 0.000000 0.000000 0.000000 0.000000 0.000000 
50.000000 34.963857 22.054061 12.500711 6.366431 2.920106 1.210936 0.456114 0.156815 0.049451 0.014371 0.003866 0.000966 0.000225 0.000049 0.000010 0.000002 0.000000 0.000000 0.000000 0.000000 0.000000 0.000000 0.000000 0.000000 0.000000 0.000000 0.000000 0.000000 0.000000 0.000000 0.000000 0.000000 0.000000 0.000000 0.000000 0.000000 0.000000 0.000000 0.000000 0.000000 0.000000 0.000000 0.000000 0.000000 0.000000 0.000000 0.000000 0.000000 0.000000 
50.000000 34.963857 22.054061 12.500711 6.366431 2.920106 1.210936 0.456114 0.156815 0.049451 0.014371 0.003866 0.000966 0.000225 0.000049 0.000010 0.000002 0.000000 0.000000 0.000000 0.000000 0.000000 0.000000 0.000000 0.000000 0.000000 0.000000 0.000000 0.000000 0.000000 0.000000 0.000000 0.000000 0.000000 0.000000 0.000000 0.000000 0.000000 0.000000 0.000000 0.000000 0.000000 0.000000 0.000000 0.000000 0.000000 0.000000 0.000000 0.000000 0.000000 
50.000000 34.963857 22.054061 12.500711 6.366431 2.920106 1.210936 0.456114 0.156815 0.049451 0.014371 0.003866 0.000966 0.000225 0.000049 0.000010 0.000002 0.000000 0.000000 0.000000 0.000000 0.000000 0.000000 0.000000 0.000000 0.000000 0.000000 0.000000 0.000000 0.000000 0.000000 0.000000 0.000000 0.000000 0.000000 0.000000 0.000000 0.000000 0.000000 0.000000 0.000000 0.000000 0.000000 0.000000 0.000000 0.000000 0.000000 0.000000 0.000000 0.000000 
50.000000 34.963857 22.054061 12.500711 6.366431 2.920106 1.210936 0.456114 0.156815 0.049451 0.014371 0.003866 0.000966 0.000225 0.000049 0.000010 0.000002 0.000000 0.000000 0.000000 0.000000 0.000000 0.000000 0.000000 0.000000 0.000000 0.000000 0.000000 0.000000 0.000000 0.000000 0.000000 0.000000 0.000000 0.000000 0.000000 0.000000 0.000000 0.000000 0.000000 0.000000 0.000000 0.000000 0.000000 0.000000 0.000000 0.000000 0.000000 0.000000 0.000000 
50.000000 34.963857 22.054061 12.500711 6.366431 2.920106 1.210936 0.456114 0.156815 0.049451 0.014371 0.003866 0.000966 0.000225 0.000049 0.000010 0.000002 0.000000 0.000000 0.000000 0.000000 0.000000 0.000000 0.000000 0.000000 0.000000 0.000000 0.000000 0.000000 0.000000 0.000000 0.000000 0.000000 0.000000 0.000000 0.000000 0.000000 0.000000 0.000000 0.000000 0.000000 0.000000 0.000000 0.000000 0.000000 0.000000 0.000000 0.000000 0.000000 0.000000 
50.000000 34.963857 22.054061 12.500711 6.366431 2.920106 1.210936 0.456114 0.156815 0.049451 0.014371 0.003866 0.000966 0.000225 0.000049 0.000010 0.000002 0.000000 0.000000 0.000000 0.000000 0.000000 0.000000 0.000000 0.000000 0.000000 0.000000 0.000000 0.000000 0.000000 0.000000 0.000000 0.000000 0.000000 0.000000 0.000000 0.000000 0.000000 0.000000 0.000000 0.000000 0.000000 0.000000 0.000000 0.000000 0.000000 0.000000 0.000000 0.000000 0.000000 
50.000000 34.963857 22.054061 12.500711 6.366431 2.920106 1.210936 0.456114 0.156815 0.049451 0.014371 0.003866 0.000966 0.000225 0.000049 0.000010 0.000002 0.000000 0.000000 0.000000 0.000000 0.000000 0.000000 0.000000 0.000000 0.000000 0.000000 0.000000 0.000000 0.000000 0.000000 0.000000 0.000000 0.000000 0.000000 0.000000 0.000000 0.000000 0.000000 0.000000 0.000000 0.000000 0.000000 0.000000 0.000000 0.000000 0.000000 0.000000 0.000000 0.000000 
50.000000 34.963857 22.054061 12.500711 6.366431 2.920106 1.210936 0.456114 0.156815 0.049451 0.014371 0.003866 0.000966 0.000225 0.000049 0.000010 0.000002 0.000000 0.000000 0.000000 0.000000 0.000000 0.000000 0.000000 0.000000 0.000000 0.000000 0.000000 0.000000 0.000000 0.000000 0.000000 0.000000 0.000000 0.000000 0.000000 0.000000 0.000000 0.000000 0.000000 0.000000 0.000000 0.000000 0.000000 0.000000 0.000000 0.000000 0.000000 0.000000 0.000000 
50.000000 34.963857 22.054061 12.500711 6.366431 2.920106 1.210936 0.456114 0.156815 0.049451 0.014371 0.003866 0.000967 0.000225 0.000049 0.000010 0.000002 0.000000 0.000000 0.000000 0.000000 0.000000 0.000000 0.000000 0.000000 0.000000 0.000000 0.000000 0.000000 0.000000 0.000000 0.000000 0.000000 0.000000 0.000000 0.000000 0.000000 0.000000 0.000000 0.000000 0.000000 0.000000 0.000000 0.000000 0.000000 0.000000 0.000000 0.000000 0.000000 0.000000 
50.000000 34.963857 22.054061 12.500711 6.366431 2.920106 1.210936 0.456115 0.156815 0.049452 0.014371 0.003866 0.000967 0.000226 0.000049 0.000010 0.000002 0.000000 0.000000 0.000000 0.000000 0.000000 0.000000 0.000000 0.000000 0.000000 0.000000 0.000000 0.000000 0.000000 0.000000 0.000000 0.000000 0.000000 0.000000 0.000000 0.000000 0.000000 0.000000 0.000000 0.000000 0.000000 0.000000 0.000000 0.000000 0.000000 0.000000 0.000000 0.000000 0.000000 
50.000000 34.963857 22.054061 12.500711 6.366431 2.920106 1.210936 0.456115 0.156815 0.049452 0.014371 0.003866 0.000967 0.000226 0.000050 0.000010 0.000002 0.000001 0.000000 0.000000 0.000000 0.000000 0.000000 0.000000 0.000000 0.000000 0.000000 0.000000 0.000000 0.000000 0.000000 0.000000 0.000000 0.000000 0.000000 0.000000 0.000000 0.000000 0.000000 0.000000 0.000000 0.000000 0.000000 0.000000 0.000000 0.000000 0.000000 0.000000 0.000000 0.000000 
50.000000 34.963857 22.054062 12.500712 6.366432 2.920108 1.210938 0.456116 0.156817 0.049453 0.014373 0.003868 0.000968 0.000227 0.000051 0.000012 0.000004 0.000002 0.000002 0.000002 0.000002 0.000002 0.000002 0.000002 0.000002 0.000002 0.000002 0.000002 0.000002 0.000002 0.000002 0.000002 0.000002 0.000002 0.000002 0.000002 0.000002 0.000002 0.000002 0.000002 0.000002 0.000002 0.000002 0.000002 0.000002 0.000002 0.000002 0.000001 0.000001 0.000000 
50.000000 34.963860 22.054067 12.500718 6.366440 2.920115 1.210946 0.456124 0.156825 0.049462 0.014381 0.003876 0.000977 0.000236 0.000059 0.000020 0.000012 0.000010 0.000010 0.000010 0.000010 0.000010 0.000010 0.000010 0.000010 0.000010 0.000010 0.000010 0.000010 0.000010 0.000010 0.000010 0.000010 0.000010 0.000010 0.000010 0.000010 0.000010 0.000010 0.000010 0.000010 0.000010 0.000010 0.000010 0.000010 0.000009 0.000008 0.000006 0.000003 0.000000 
50.000000 34.963872 22.054089 12.500748 6.366474 2.920152 1.210984 0.456163 0.156864 0.049501 0.014420 0.003915 0.001016 0.000275 0.000098 0.000059 0.000051 0.000050 0.000049 0.000049 0.000049 0.000049 0.000049 0.000049 0.000049 0.000049 0.000049 0.000049 0.000049 0.000049 0.000049 0.000049 0.000049 0.000049 0.000049 0.000049 0.000049 0.000049 0.000049 0.000049 0.000049 0.000049 0.000049 0.000048 0.000047 0.000044 0.000038 0.000029 0.000016 0.000000 
50.000000 34.963925 22.054188 12.500881 6.366628 2.920319 1.211156 0.456338 0.157039 0.049677 0.014596 0.004091 0.001192 0.000451 0.000275 0.000236 0.000227 0.000226 0.000226 0.000225 0.000225 0.000225 0.000225 0.000225 0.000225 0.000225 0.000225 0.000225 0.000225 0.000225 0.000225 0.000225 0.000225 0.000225 0.000225 0.000225 0.000225 0.000225 0.000225 0.000225 0.000225 0.000225 0.000224 0.000222 0.000215 0.000202 0.000176 0.000133 0.000073 0.000000 
50.000000 34.964150 22.054606 12.501441 6.367278 2.921018 1.211880 0.457073 0.157778 0.050417 0.015337 0.004832 0.001933 0.001192 0.001016 0.000977 0.000968 0.000967 0.000967 0.000967 0.000966 0.000966 0.000966 0.000966 0.000966 0.000966 0.000966 0.000966 0.000966 0.000966 0.000966 0.000966 0.000966 0.000966 0.000966 0.000966 0.000966 0.000966 0.000966 0.000966 0.000966 0.000965 0.000961 0.000950 0.000924 0.000867 0.000757 0.000574 0.000313 0.000000 
50.000000 34.965030 22.056239 12.503628 6.369818 2.923755 1.214713 0.459947 0.160669 0.053314 0.018236 0.007731 0.004832 0.004091 0.003915 0.003876 0.003868 0.003866 0.003866 0.003866 0.003866 0.003866 0.003866 0.003866 0.003866 0.003866 0.003866 0.003866 0.003866 0.003866 0.003866 0.003866 0.003866 0.003866 0.003866 0.003866 0.003866 0.003866 0.003866 0.003865 0.003864 0.003859 0.003844 0.003803 0.003701 0.003476 0.003039 0.002307 0.001259 0.000000 
50.000000 34.968214 22.062149 12.511545 6.379016 2.933666 1.224974 0.470362 0.171144 0.063809 0.028738 0.018236 0.015337 0.014596 0.014420 0.014381 0.014373 0.014371 0.014371 0.014371 0.014371 0.014371 0.014371 0.014371 0.014371 0.014371 0.014371 0.014371 0.014371 0.014371 0.014371 0.014371 0.014371 0.014371 0.014371 0.014371 0.014371 0.014371 0.014371 0.014369 0.014364 0.014347 0.014294 0.014146 0.013776 0.012954 0.011348 0.008633 0.004721 0.000000 
50.000000 34.978832 22.081864 12.537965 6.409716 2.966753 1.259235 0.505137 0.206120 0.098857 0.063809 0.053314 0.050417 0.049677 0.049501 0.049462 0.049453 0.049452 0.049452 0.049451 0.049451 0.049451 0.049451 0.049451 0.049451 0.049451 0.049451 0.049451 0.049451 0.049451 0.049451 0.049451 0.049451 0.049451 0.049451 0.049451 0.049451 0.049451 0.049450 0.049445 0.049429 0.049372 0.049198 0.048710 0.047479 0.044717 0.039268 0.029959 0.016428 0.000000 
50.000000 35.011291 22.142143 12.618762 6.503625 3.067985 1.364075 0.611557 0.313162 0.206120 0.171144 0.160669 0.157778 0.157039 0.156864 0.156825 0.156817 0.156815 0.156815 0.156815 0.156815 0.156815 0.156815 0.156815 0.156815 0.156815 0.156815 0.156815 0.156815 0.156815 0.156815 0.156815 0.156815 0.156815 0.156815 0.156815 0.156814 0.156814 0.156810 0.156797 0.156748 0.156581 0.156062 0.154595 0.150859 0.142377 0.125425 0.096072 0.052874 0.000000 
50.000000 35.101677 22.310027 12.843842 6.765293 3.350113 1.656294 0.908206 0.611557 0.505137 0.470362 0.459947 0.457073 0.456338 0.456163 0.456124 0.456116 0.456115 0.456115 0.456114 0.456114 0.456114 0.456114 0.456114 0.456114 0.456114 0.456114 0.456114 0.456114 0.456114 0.456114 0.456114 0.456114 0.456114 0.456114 0.456114 0.456114 0.456112 0.456103 0.456068 0.455938 0.455495 0.454103 0.450129 0.439880 0.416266 0.368268 0.283634 0.156923 0.000000 
50.000000 35.329389 22.733046 13.411102 7.424911 4.061436 2.393155 1.656294 1.364075 1.259235 1.224974 1.214713 1.211880 1.211156 1.210984 1.210946 1.210938 1.210936 1.210936 1.210936 1.210936 1.210936 1.210936 1.210936 1.210936 1.210936 1.210936 1.210936 1.210936 1.210936 1.210936 1.210936 1.210936 1.210936 1.210936 1.210935 1.210934 1.210930 1.210910 1.210828 1.210525 1.209480 1.206166 1.196578 1.171462 1.112487 0.989926 0.768408 0.428508 0.000000 
50.000000 35.844506 23.690117 14.694771 8.917880 5.671707 4.061436 3.350113 3.067985 2.966753 2.933666 2.923755 2.921018 2.920319 2.920152 2.920115 2.920108 2.920106 2.920106 2.920106 2.920106 2.920106 2.920106 2.920106 2.920106 2.920106 2.920106 2.920106 2.920106 2.920106 2.920106 2.920106 2.920106 2.920106 2.920106 2.920105 2.920103 2.920094 2.920054 2.919890 2.919274 2.917126 2.910233 2.889974 2.835853 2.705644 2.426950 1.905615 1.076108 0.000000 
50.000000 36.882269 25.618501 17.281674 11.927124 8.917880 7.424911 6.765293 6.503625 6.409716 6.379016 6.369818 6.367278 6.366628 6.366474 6.366440 6.366432 6.366431 6.366431 6.366431 6.366431 6.366431 6.366431 6.366431 6.366431 6.366431 6.366431 6.366431 6.366431 6.366431 6.366431 6.366431 6.366431 6.366431 6.366431 6.366430 6.366427 6.366411 6.366342 6.366062 6.364999 6.361248 6.349028 6.312424 6.212236 5.963562 5.409849 4.322307 2.492956 0.000000 
50.000000 38.728045 29.048735 21.883998 17.281674 14.694771 13.411102 12.843842 12.618762 12.537965 12.511545 12.503628 12.501441 12.500881 12.500748 12.500718 12.500712 12.500711 12.500711 12.500711 12.500711 12.500711 12.500711 12.500711 12.500711 12.500711 12.500711 12.500711 12.500711 12.500711 12.500711 12.500711 12.500711 12.500711 12.500711 12.500710 12.500705 12.500683 12.500588 12.500197 12.498697 12.493337 12.475575 12.421176 12.267821 11.871825 10.941999 8.982657 5.381423 0.000000 
50.000000 41.600867 34.388143 29.048735 25.618501 23.690117 22.733046 22.310027 22.142143 22.081864 22.062149 22.056239 22.054606 22.054188 22.054089 22.054067 22.054062 22.054061 22.054061 22.054061 22.054061 22.054061 22.054061 22.054061 22.054061 22.054061 22.054061 22.054061 22.054061 22.054061 22.054061 22.054061 22.054061 22.054061 22.054061 22.054060 22.054055 22.054032 22.053932 22.053516 22.051905 22.046071 22.026393 21.964638 21.784502 21.296194 20.066079 17.194072 11.077126 0.000000 
50.000000 45.481361 41.600867 38.728045 36.882269 35.844506 35.329389 35.101677 35.011291 34.978832 34.968214 34.965030 34.964150 34.963925 34.963872 34.963860 34.963857 34.963857 34.963857 34.963857 34.963857 34.963857 34.963857 34.963857 34.963857 34.963857 34.963857 34.963857 34.963857 34.963857 34.963857 34.963857 34.963857 34.963856 34.963856 34.963856 34.963853 34.963837 34.963771 34.963492 34.962403 34.958417 34.944755 34.900881 34.768398 34.389313 33.346622 30.523741 22.740680 0.000000 
50.000000 50.000000 50.000000 50.000000 50.000000 50.000000 50.000000 50.000000 50.000000 50.000000 50.000000 50.000000 50.000000 50.000000 50.000000 50.000000 50.000000 50.000000 50.000000 50.000000 50.000000 50.000000 50.000000 50.000000 50.000000 50.000000 50.000000 50.000000 50.000000 50.000000 50.000000 50.000000 50.000000 50.000000 50.000000 50.000000 50.000000 50.000000 50.000000 50.000000 50.000000 50.000000 50.000000 50.000000 50.000000 50.000000 50.000000 50.000000 50.000000 50.000000 
