50.000000 50.000000 50.000000 50.000000 50.000000 50.000000 50.000000 50.000000 50.000000 50.000000 50.000000 50.000000 50.000000 50.000000 50.000000 50.000000 50.000000 50.000000 50.000000 50.000000 50.000000 50.000000 50.000000 50.000000 50.000000 50.000000 50.000000 50.000000 50.000000 50.000000 50.000000 50.000000 50.000000 50.000000 50.000000 50.000000 50.000000 50.000000 50.000000 50.000000 50.000000 50.000000 50.000000 50.000000 50.000000 50.000000 50.000000 50.000000 50.000000 50.000000 
50.000000 48.102539 46.318012 44.739223 43.424684 42.393919 41.632104 41.100875 40.750971 40.533005 40.404425 40.332496 40.294287 40.274985 40.265700 40.261441 40.259575 40.258793 40.258480 40.258359 40.258315 40.258299 40.258294 40.258292 40.258292 40.258291 40.258291 40.258291 40.258291 40.258290 40.258288 40.258280 40.258260 40.258202 40.258049 40.257656 40.256684 40.254364 40.249020 40.237125 40.211505 40.157956 40.048889 39.831027 39.400064 38.543308 36.793952 33.013414 24.051269 0.000000 
50.000000 46.318012 42.855180 39.791590 37.240786 35.240651 33.762411 32.731619 32.052679 31.629752 31.380267 31.240708 31.166574 31.129125 31.111110 31.102847 31.099227 31.097711 31.097103 31.096869 31.096783 31.096752 31.096742 31.096738 31.096737 31.096737 31.096737 31.096736 31.096736 31.096735 31.096730 31.096717 31.096680 31.096576 31.096303 31.095601 31.093871 31.089753 31.080305 31.059393 31.014680 30.922166 30.736442 30.373358 29.678734 28.370633 25.932231 21.427590 13.304598 0.000000 
50.000000 44.739223 39.791590 35.414420 31.769939 28.912271 26.800290 25.327613 24.357642 23.753442 23.397034 23.197669 23.091769 23.038275 23.012544 23.000740 22.995570 22.993405 22.992537 22.992203 22.992080 22.992036 22.992021 22.992016 22.992015 22.992014 22.992014 22.992014 22.992013 22.992011 22.992006 22.991989 22.991942 22.991813 22.991472 22.990599 22.988455 22.983379 22.971804 22.946387 22.892601 22.782841 22.566606 22.154801 21.395768 20.041312 17.707210 13.859360 7.945271 0.000000 
50.000000 43.424684 37.240786 31.769939 27.214911 23.643336 21.003793 19.163294 17.951094 17.196032 16.750648 16.501522 16.369194 16.302355 16.270205 16.255458 16.248999 16.246294 16.245209 16.244792 16.244638 16.244583 16.244565 16.244559 16.244557 16.244556 16.244556 16.244556 16.244555 16.244553 16.244547 16.244530 16.244481 16.244348 16.243995 16.243097 16.240901 16.235733 16.224038 16.198596 16.145395 16.038481 15.832025 15.449096 14.767672 13.607455 11.728627 8.870152 4.881376 0.000000 
50.000000 42.393919 35.240651 28.912271 23.643336 19.512069 16.458960 14.330149 12.928103 12.054819 11.539721 11.251611 11.098584 11.021292 10.984116 10.967065 10.959597 10.956470 10.955216 10.954734 10.954556 10.954493 10.954471 10.954464 10.954462 10.954461 10.954461 10.954461 10.954460 10.954458 10.954453 10.954437 10.954393 10.954271 10.953952 10.953144 10.951177 10.946578 10.936256 10.914022 10.868099 10.777220 10.605093 10.293551 9.756034 8.875664 7.516502 5.561917 2.993855 0.000000 
50.000000 41.632104 33.762411 26.800290 21.003793 16.458960 13.100294 10.758495 9.216222 8.255629 7.689054 7.372165 7.203859 7.118855 7.077972 7.059221 7.051009 7.047570 7.046191 7.045661 7.045465 7.045396 7.045373 7.045365 7.045362 7.045362 7.045361 7.045361 7.045361 7.045359 7.045355 7.045342 7.045305 7.045206 7.044946 7.044292 7.042709 7.039034 7.030851 7.013398 6.977780 6.908316 6.779068 6.550147 6.165409 5.554696 4.645489 3.389053 1.801077 0.000000 
50.000000 41.100875 32.731619 25.327613 19.163294 14.330149 10.758495 8.268253 6.628267 5.606846 5.004415 4.667484 4.488541 4.398168 4.354705 4.334772 4.326042 4.322387 4.320921 4.320358 4.320150 4.320077 4.320051 4.320043 4.320041 4.320040 4.320040 4.320039 4.320039 4.320038 4.320035 4.320025 4.319998 4.319924 4.319731 4.319247 4.318085 4.315403 4.309481 4.296968 4.271716 4.223121 4.134127 3.979427 3.725056 3.331268 2.761007 1.995177 1.051986 0.000000 
50.000000 40.750971 32.052679 24.357642 17.951094 12.928103 9.216222 6.628267 4.923971 3.862525 3.236507 2.886395 2.700459 2.606557 2.561398 2.540688 2.531619 2.527822 2.526299 2.525714 2.525498 2.525422 2.525396 2.525387 2.525384 2.525384 2.525383 2.525383 2.525383 2.525382 2.525380 2.525373 2.525354 2.525304 2.525172 2.524842 2.524055 2.522250 2.518293 2.510007 2.493456 2.461985 2.405146 2.307907 2.150884 1.912613 1.574801 1.130513 0.593015 0.000000 
50.000000 40.533005 31.629752 23.753442 17.196032 12.054819 8.255629 5.606846 3.862525 2.776175 2.135485 1.777176 1.586891 1.490797 1.444585 1.423392 1.414112 1.410227 1.408669 1.408070 1.407849 1.407771 1.407745 1.407736 1.407733 1.407732 1.407732 1.407732 1.407732 1.407731 1.407730 1.407725 1.407713 1.407681 1.407597 1.407388 1.406893 1.405763 1.403304 1.398196 1.388088 1.369069 1.335130 1.277848 1.186720 1.050637 0.860841 0.615071 0.321500 0.000000 
50.000000 40.404425 31.380267 23.397034 16.750648 11.539721 7.689054 5.004415 3.236507 2.135485 1.486151 1.123016 0.930172 0.832787 0.785956 0.764480 0.755076 0.751138 0.749560 0.748953 0.748730 0.748650 0.748623 0.748615 0.748612 0.748611 0.748611 0.748611 0.748610 0.748610 0.748609 0.748607 0.748599 0.748580 0.748530 0.748407 0.748115 0.747454 0.746024 0.743076 0.737288 0.726500 0.707447 0.675656 0.625699 0.552053 0.450648 0.320874 0.167300 0.000000 
50.000000 40.332496 31.240708 23.197669 16.501522 11.251611 7.372165 4.667484 2.886395 1.777176 1.123016 0.757187 0.562915 0.464810 0.417633 0.395999 0.386526 0.382559 0.380969 0.380358 0.380133 0.380053 0.380026 0.380017 0.380014 0.380013 0.380013 0.380013 0.380013 0.380013 0.380012 0.380011 0.380007 0.379996 0.379968 0.379900 0.379738 0.379375 0.378593 0.376992 0.373872 0.368102 0.358003 0.341314 0.315355 0.277483 0.225865 0.160403 0.083477 0.000000 
50.000000 40.294287 31.166574 23.091769 16.369194 11.098584 7.203859 4.488541 2.700459 1.586891 0.930172 0.562915 0.367886 0.269400 0.222040 0.200322 0.190812 0.186831 0.185235 0.184621 0.184395 0.184315 0.184288 0.184279 0.184276 0.184275 0.184275 0.184275 0.184275 0.184275 0.184274 0.184274 0.184271 0.184266 0.184251 0.184215 0.184131 0.183943 0.183540 0.182718 0.181128 0.178209 0.173138 0.164825 0.152005 0.133461 0.108390 0.076821 0.039923 0.000000 
50.000000 40.274985 31.129125 23.038275 16.302355 11.021292 7.118855 4.398168 2.606557 1.490797 0.832787 0.464810 0.269400 0.170721 0.123270 0.101510 0.091982 0.087993 0.086393 0.085779 0.085552 0.085472 0.085445 0.085436 0.085433 0.085432 0.085432 0.085432 0.085432 0.085432 0.085431 0.085431 0.085430 0.085427 0.085420 0.085402 0.085361 0.085268 0.085071 0.084672 0.083904 0.082502 0.080083 0.076146 0.070115 0.061454 0.049820 0.035254 0.018301 0.000000 
50.000000 40.265700 31.111110 23.012544 16.270205 10.984116 7.077972 4.354705 2.561398 1.444585 0.785956 0.417633 0.222040 0.123270 0.075773 0.053994 0.044457 0.040464 0.038863 0.038248 0.038021 0.037941 0.037914 0.037905 0.037902 0.037901 0.037901 0.037901 0.037901 0.037901 0.037900 0.037900 0.037900 0.037898 0.037895 0.037887 0.037867 0.037824 0.037733 0.037549 0.037196 0.036556 0.035457 0.033679 0.030973 0.027108 0.021944 0.015509 0.008044 0.000000 
50.000000 40.261441 31.102847 23.000740 16.255458 10.967065 7.059221 4.334772 2.540688 1.423392 0.764480 0.395999 0.200322 0.101510 0.053994 0.032205 0.022664 0.018669 0.017068 0.016453 0.016226 0.016145 0.016118 0.016109 0.016106 0.016105 0.016105 0.016105 0.016105 0.016105 0.016105 0.016105 0.016105 0.016104 0.016102 0.016099 0.016090 0.016071 0.016031 0.015950 0.015796 0.015517 0.015041 0.014274 0.013113 0.011463 0.009269 0.006544 0.003392 0.000000 
50.000000 40.259575 31.099227 22.995570 16.248999 10.959597 7.051009 4.326042 2.531619 1.414112 0.755076 0.386526 0.190812 0.091982 0.044457 0.022664 0.013121 0.009126 0.007524 0.006909 0.006682 0.006602 0.006574 0.006565 0.006562 0.006561 0.006561 0.006561 0.006561 0.006561 0.006561 0.006561 0.006561 0.006561 0.006560 0.006558 0.006555 0.006547 0.006530 0.006496 0.006431 0.006316 0.006118 0.005802 0.005326 0.004651 0.003757 0.002650 0.001373 0.000000 
50.000000 40.258793 31.097711 22.993405 16.246294 10.956470 7.047570 4.322387 2.527822 1.410227 0.751138 0.382559 0.186831 0.087993 0.040464 0.018669 0.009126 0.005130 0.003529 0.002913 0.002686 0.002606 0.002578 0.002569 0.002566 0.002566 0.002565 0.002565 0.002565 0.002565 0.002565 0.002565 0.002565 0.002565 0.002565 0.002564 0.002563 0.002559 0.002553 0.002539 0.002513 0.002467 0.002389 0.002264 0.002077 0.001812 0.001463 0.001031 0.000534 0.000000 
50.000000 40.258480 31.097103 22.992537 16.245209 10.955216 7.046191 4.320921 2.526299 1.408669 0.749560 0.380969 0.185235 0.086393 0.038863 0.017068 0.007524 0.003529 0.001927 0.001311 0.001084 0.001004 0.000977 0.000968 0.000965 0.000964 0.000964 0.000963 0.000963 0.000963 0.000963 0.000963 0.000963 0.000963 0.000963 0.000963 0.000962 0.000961 0.000959 0.000953 0.000944 0.000926 0.000896 0.000849 0.000778 0.000679 0.000547 0.000386 0.000200 0.000000 
50.000000 40.258359 31.096869 22.992203 16.244792 10.954734 7.045661 4.320358 2.525714 1.408070 0.748953 0.380358 0.184621 0.085779 0.038248 0.016453 0.006909 0.002913 0.001311 0.000696 0.000469 0.000388 0.000361 0.000352 0.000349 0.000348 0.000348 0.000348 0.000348 0.000348 0.000348 0.000348 0.000348 0.000348 0.000348 0.000348 0.000348 0.000347 0.000346 0.000344 0.000341 0.000334 0.000323 0.000306 0.000280 0.000244 0.000197 0.000139 0.000072 0.000000 
50.000000 40.258315 31.096783 22.992080 16.244638 10.954556 7.045465 4.320150 2.525498 1.407849 0.748730 0.380133 0.184395 0.085552 0.038021 0.016226 0.006682 0.002686 0.001084 0.000469 0.000242 0.000161 0.000134 0.000125 0.000122 0.000121 0.000121 0.000121 0.000121 0.000121 0.000121 0.000121 0.000121 0.000121 0.000121 0.000121 0.000121 0.000121 0.000120 0.000120 0.000118 0.000116 0.000112 0.000106 0.000097 0.000085 0.000068 0.000048 0.000025 0.000000 
50.000000 40.258299 31.096752 22.992036 16.244583 10.954493 7.045396 4.320077 2.525422 1.407771 0.748650 0.380053 0.184315 0.085472 0.037941 0.016145 0.006602 0.002606 0.001004 0.000388 0.000161 0.000081 0.000054 0.000045 0.000042 0.000041 0.000041 0.000041 0.000041 0.000041 0.000041 0.000041 0.000041 0.000041 0.000041 0.000040 0.000040 0.000040 0.000040 0.000040 0.000040 0.000039 0.000038 0.000036 0.000033 0.000028 0.000023 0.000016 0.000008 0.000000 
50.000000 40.258294 31.096742 22.992021 16.244565 10.954471 7.045373 4.320051 2.525396 1.407745 0.748623 0.380026 0.184288 0.085445 0.037914 0.016118 0.006574 0.002578 0.000977 0.000361 0.000134 0.000054 0.000026 0.000017 0.000014 0.000013 0.000013 0.000013 0.000013 0.000013 0.000013 0.000013 0.000013 0.000013 0.000013 0.000013 0.000013 0.000013 0.000013 0.000013 0.000013 0.000013 0.000012 0.000011 0.000011 0.000009 0.000007 0.000005 0.000003 0.000000 
50.000000 40.258292 31.096738 22.992016 16.244559 10.954464 7.045365 4.320043 2.525387 1.407736 0.748615 0.380017 0.184279 0.085436 0.037905 0.016109 0.006565 0.002569 0.000968 0.000352 0.000125 0.000045 0.000017 0.000008 0.000005 0.000005 0.000004 0.000004 0.000004 0.000004 0.000004 0.000004 0.000004 0.000004 0.000004 0.000004 0.000004 0.000004 0.000004 0.000004 0.000004 0.000004 0.000004 0.000004 0.000003 0.000003 0.000002 0.000002 0.000001 0.000000 
50.000000 40.258292 31.096737 22.992015 16.244557 10.954462 7.045363 4.320041 2.525385 1.407733 0.748612 0.380014 0.184276 0.085433 0.037902 0.016106 0.006563 0.002567 0.000965 0.000350 0.000123 0.000042 0.000015 0.000006 0.000003 0.000002 0.000002 0.000002 0.000002 0.000002 0.000002 0.000002 0.000002 0.000002 0.000002 0.000002 0.000002 0.000002 0.000002 0.000002 0.000002 0.000002 0.000001 0.000001 0.000001 0.000001 0.000001 0.000001 0.000000 0.000000 
50.000000 40.258292 31.096737 22.992015 16.244557 10.954462 7.045363 4.320041 2.525385 1.407733 0.748612 0.380014 0.184276 0.085433 0.037902 0.016106 0.006563 0.002567 0.000965 0.000350 0.000123 0.000042 0.000015 0.000006 0.000003 0.000002 0.000002 0.000002 0.000002 0.000002 0.000002 0.000002 0.000002 0.000002 0.000002 0.000002 0.000002 0.000002 0.000002 0.000002 0.000002 0.000002 0.000001 0.000001 0.000001 0.000001 0.000001 0.000001 0.000000 0.000000 
50.000000 40.258292 31.096738 22.992016 16.244559 10.954464 7.045365 4.320043 2.525387 1.407736 0.748615 0.380017 0.184279 0.085436 0.037905 0.016109 0.006565 0.002569 0.000968 0.000352 0.000125 0.000045 0.000017 0.000008 0.000005 0.000005 0.000004 0.000004 0.000004 0.000004 0.000004 0.000004 0.000004 0.000004 0.000004 0.000004 0.000004 0.000004 0.000004 0.000004 0.000004 0.000004 0.000004 0.000004 0.000003 0.000003 0.000002 0.000002 0.000001 0.000000 
50.000000 40.258294 31.096742 22.992021 16.244565 10.954471 7.045373 4.320051 2.525396 1.407745 0.748623 0.380026 0.184288 0.085445 0.037914 0.016118 0.006574 0.002578 0.000977 0.000361 0.000134 0.000054 0.000026 0.000017 0.000014 0.000013 0.000013 0.000013 0.000013 0.000013 0.000013 0.000013 0.000013 0.000013 0.000013 0.000013 0.000013 0.000013 0.000013 0.000013 0.000013 0.000013 0.000012 0.000011 0.000011 0.000009 0.000007 0.000005 0.000003 0.000000 
50.000000 40.258299 31.096752 22.992036 16.244583 10.954493 7.045396 4.320077 2.525422 1.407771 0.748650 0.380053 0.184315 0.085472 0.037941 0.016145 0.006602 0.002606 0.001004 0.000388 0.000161 0.000081 0.000054 0.000045 0.000042 0.000041 0.000041 0.000041 0.000041 0.000041 0.000041 0.000041 0.000041 0.000041 0.000041 0.000040 0.000040 0.000040 0.000040 0.000040 0.000040 0.000039 0.000038 0.000036 0.000033 0.000028 0.000023 0.000016 0.000008 0.000000 
50.000000 40.258315 31.096783 22.992080 16.244638 10.954556 7.045465 4.320150 2.525498 1.407849 0.748730 0.380133 0.184395 0.085552 0.038021 0.016226 0.006682 0.002686 0.001084 0.000469 0.000242 0.000161 0.000134 0.000125 0.000122 0.000121 0.000121 0.000121 0.000121 0.000121 0.000121 0.000121 0.000121 0.000121 0.000121 0.000121 0.000121 0.000121 0.000120 0.000120 0.000118 0.000116 0.000112 0.000106 0.000097 0.000085 0.000068 0.000048 0.000025 0.000000 
50.000000 40.258359 31.096869 22.992203 16.244792 10.954734 7.045661 4.320358 2.525714 1.408070 0.748953 0.380358 0.184621 0.085779 0.038248 0.016453 0.006909 0.002913 0.001311 0.000696 0.000469 0.000388 0.000361 0.000352 0.000349 0.000348 0.000348 0.000348 0.000348 0.000348 0.000348 0.000348 0.000348 0.000348 0.000348 0.000348 0.000348 0.000347 0.000346 0.000344 0.000341 0.000334 0.000323 0.000306 0.000280 0.000244 0.000197 0.000139 0.000072 0.000000 
50.000000 40.258480 31.097103 22.992537 16.245209 10.955216 7.046191 4.320921 2.526299 1.408669 0.749560 0.380969 0.185235 0.086393 0.038863 0.017068 0.007524 0.003529 0.001927 0.001311 0.001084 0.001004 0.000977 0.000968 0.000965 0.000964 0.000964 0.000963 0.000963 0.000963 0.000963 0.000963 0.000963 0.000963 0.000963 0.000963 0.000962 0.000961 0.000959 0.000953 0.000944 0.000926 0.000896 0.000849 0.000778 0.000679 0.000547 0.000386 0.000200 0.000000 
50.000000 40.258793 31.097711 22.993405 16.246294 10.956470 7.047570 4.322387 2.527822 1.410227 0.751138 0.382559 0.186831 0.087993 0.040464 0.018669 0.009126 0.005130 0.003529 0.002913 0.002686 0.002606 0.002578 0.002569 0.002566 0.002566 0.002565 0.002565 0.002565 0.002565 0.002565 0.002565 0.002565 0.002565 0.002565 0.002564 0.002563 0.002559 0.002553 0.002539 0.002513 0.002467 0.002389 0.002264 0.002077 0.001812 0.001463 0.001031 0.000534 0.000000 
50.000000 40.259575 31.099227 22.995570 16.248999 10.959597 7.051009 4.326042 2.531619 1.414112 0.755076 0.386526 0.190812 0.091982 0.044457 0.022664 0.013121 0.009126 0.007524 0.006909 0.006682 0.006602 0.006574 0.006565 0.006562 0.006561 0.006561 0.006561 0.006561 0.006561 0.006561 0.006561 0.006561 0.006561 0.006560 0.006558 0.006555 0.006547 0.006530 0.006496 0.006431 0.006316 0.006118 0.005802 0.005326 0.004651 0.003757 0.002650 0.001373 0.000000 
50.000000 40.261441 31.102847 23.000740 16.255458 10.967065 7.059221 4.334772 2.540688 1.423392 0.764480 0.395999 0.200322 0.101510 0.053994 0.032205 0.022664 0.018669 0.017068 0.016453 0.016226 0.016145 0.016118 0.016109 0.016106 0.016105 0.016105 0.016105 0.016105 0.016105 0.016105 0.016105 0.016105 0.016104 0.016102 0.016099 0.016090 0.016071 0.016031 0.015950 0.015796 0.015517 0.015041 0.014274 0.013113 0.011463 0.009269 0.006544 0.003392 0.000000 
50.000000 40.265700 31.111110 23.012544 16.270205 10.984116 7.077972 4.354705 2.561398 1.444585 0.785956 0.417633 0.222040 0.123270 0.075773 0.053994 0.044457 0.040464 0.038863 0.038248 0.038021 0.037941 0.037914 0.037905 0.037902 0.037901 0.037901 0.037901 0.037901 0.037901 0.037900 0.037900 0.037900 0.037898 0.037895 0.037887 0.037867 0.037824 0.037733 0.037549 0.037196 0.036556 0.035457 0.033679 0.030973 0.027108 0.021944 0.015509 0.008044 0.000000 
50.000000 40.274985 31.129125 23.038275 16.302355 11.021292 7.118855 4.398168 2.606557 1.490797 0.832787 0.464810 0.269400 0.170721 0.123270 0.101510 0.091982 0.087993 0.086393 0.085779 0.085552 0.085472 0.085445 0.085436 0.085433 0.085432 0.085432 0.085432 0.085432 0.085432 0.085431 0.085431 0.085430 0.085427 0.085420 0.085402 0.085361 0.085268 0.085071 0.084672 0.083904 0.082502 0.080083 0.076146 0.070115 0.061454 0.049820 0.035254 0.018301 0.000000 
50.000000 40.294287 31.166574 23.091769 16.369194 11.098584 7.203859 4.488541 2.700459 1.586891 0.930172 0.562915 0.367886 0.269400 0.222040 0.200322 0.190812 0.186831 0.185235 0.184621 0.184395 0.184315 0.184288 0.184279 0.184276 0.184275 0.184275 0.184275 0.184275 0.184275 0.184274 0.184274 0.184271 0.184266 0.184251 0.184215 0.184131 0.183943 0.183540 0.182718 0.181128 0.178209 0.173138 0.164825 0.152005 0.133461 0.108390 0.076821 0.039923 0.000000 
50.000000 40.332496 31.240708 23.197669 16.501522 11.251611 7.372165 4.667484 2.886395 1.777176 1.123016 0.757187 0.562915 0.464810 0.417633 0.395999 0.386526 0.382559 0.380969 0.380358 0.380133 0.380053 0.380026 0.380017 0.380014 0.380013 0.380013 0.380013 0.380013 0.380013 0.380012 0.380011 0.380007 0.379996 0.379968 0.379900 0.379738 0.379375 0.378593 0.376992 0.373872 0.368102 0.358003 0.341314 0.315355 0.277483 0.225865 0.160403 0.083477 0.000000 
50.000000 40.404425 31.380267 23.397034 16.750648 11.539721 7.689054 5.004415 3.236507 2.135485 1.486151 1.123016 0.930172 0.832787 0.785956 0.764480 0.755076 0.751138 0.749560 0.748953 0.748730 0.748650 0.748623 0.748615 0.748612 0.748611 0.748611 0.748611 0.748610 0.748610 0.748609 0.748607 0.748599 0.748580 0.748530 0.748407 0.748115 0.747454 0.746024 0.743076 0.737288 0.726500 0.707447 0.675656 0.625699 0.552053 0.450648 0.320874 0.167300 0.000000 
50.000000 40.533005 31.629752 23.753442 17.196032 12.054819 8.255629 5.606846 3.862525 2.776175 2.135485 1.777176 1.586891 1.490797 1.444585 1.423392 1.414112 1.410227 1.408669 1.408070 1.407849 1.407771 1.407745 1.407736 1.407733 1.407732 1.407732 1.407732 1.407732 1.407731 1.407730 1.407725 1.407713 1.407681 1.407597 1.407388 1.406893 1.405763 1.403304 1.398196 1.388088 1.369069 1.335130 1.277848 1.186720 1.050637 0.860841 0.615071 0.321500 0.000000 
50.000000 40.750971 32.052679 24.357642 17.951094 12.928103 9.216222 6.628267 4.923971 3.862525 3.236507 2.886395 2.700459 2.606557 2.561398 2.540688 2.531619 2.527822 2.526299 2.525714 2.525498 2.525422 2.525396 2.525387 2.525384 2.525384 2.525383 2.525383 2.525383 2.525382 2.525380 2.525373 2.525354 2.525304 2.525172 2.524842 2.524055 2.522250 2.518293 2.510007 2.493456 2.461985 2.405146 2.307907 2.150884 1.912613 1.574801 1.130513 0.593015 0.000000 
50.000000 41.100875 32.731619 25.327613 19.163294 14.330149 10.758495 8.268253 6.628267 5.606846 5.004415 4.667484 4.488541 4.398168 4.354705 4.334772 4.326042 4.322387 4.320921 4.320358 4.320150 4.320077 4.320051 4.320043 4.320041 4.320040 4.320040 4.320039 4.320039 4.320038 4.320035 4.320025 4.319998 4.319924 4.319731 4.319247 4.318085 4.315403 4.309481 4.296968 4.271716 4.223121 4.134127 3.979427 3.725056 3.331268 2.761007 1.995177 1.051986 0.000000 
50.000000 41.632104 33.762411 26.800290 21.003793 16.458960 13.100294 10.758495 9.216222 8.255629 7.689054 7.372165 7.203859 7.118855 7.077972 7.059221 7.051009 7.047570 7.046191 7.045661 7.045465 7.045396 7.045373 7.045365 7.045362 7.045362 7.045361 7.045361 7.045361 7.045359 7.045355 7.045342 7.045305 7.045206 7.044946 7.044292 7.042709 7.039034 7.030851 7.013398 6.977780 6.908316 6.779068 6.550147 6.165409 5.554696 4.645489 3.389053 1.801077 0.000000 
50.000000 42.393919 35.240651 28.912271 23.643336 19.512069 16.458960 14.330149 12.928103 12.054819 11.539721 11.251611 11.098584 11.021292 10.984116 10.967065 10.959597 10.956470 10.955216 10.954734 10.954556 10.954493 10.954471 10.954464 10.954462 10.954461 10.954461 10.954461 10.954460 10.954458 10.954453 10.954437 10.954393 10.954271 10.953952 10.953144 10.951177 10.946578 10.936256 10.914022 10.868099 10.777220 10.605093 10.293551 9.756034 8.875664 7.516502 5.561917 2.993855 0.000000 
50.000000 43.424684 37.240786 31.769939 27.214911 23.643336 21.003793 19.163294 17.951094 17.196032 16.750648 16.501522 16.369194 16.302355 16.270205 16.255458 16.248999 16.246294 16.245209 16.244792 16.244638 16.244583 16.244565 16.244559 16.244557 16.244556 16.244556 16.244556 16.244555 16.244553 16.244547 16.244530 16.244481 16.244348 16.243995 16.243097 16.240901 16.235733 16.224038 16.198596 16.145395 16.038481 15.832025 15.449096 14.767672 13.607455 11.728627 8.870152 4.881376 0.000000 
50.000000 44.739223 39.791590 35.414420 31.769939 28.912271 26.800290 25.327613 24.357642 23.753442 23.397034 23.197669 23.091769 23.038275 23.012544 23.000740 22.995570 22.993405 22.992537 22.992203 22.992080 22.992036 22.992021 22.992016 22.992015 22.992014 22.992014 22.992014 22.992013 22.992011 22.992006 22.991989 22.991942 22.991813 22.991472 22.990599 22.988455 22.983379 22.971804 22.946387 22.892601 22.782841 22.566606 22.154801 21.395768 20.041312 17.707210 13.859360 7.945271 0.000000 
50.000000 46.318012 42.855180 39.791590 37.240786 35.240651 33.762411 32.731619 32.052679 31.629752 31.380267 31.240708 31.166574 31.129125 31.111110 31.102847 31.099227 31.097711 31.097103 31.096869 31.096783 31.096752 31.096742 31.096738 31.096737 31.096737 31.096737 31.096736 31.096736 31.096735 31.096730 31.096717 31.096680 31.096576 31.096303 31.095601 31.093871 31.089753 31.080305 31.059393 31.014680 30.922166 30.736442 30.373358 29.678734 28.370633 25.932231 21.427590 13.304598 0.000000 
50.000000 48.102539 46.318012 44.739223 43.424684 42.393919 41.632104 41.100875 40.750971 40.533005 40.404425 40.332496 40.294287 40.274985 40.265700 40.261441 40.259575 40.258793 40.258480 40.258359 40.258315 40.258299 40.258294 40.258292 40.258292 40.258291 40.258291 40.258291 40.258291 40.258290 40.258288 40.258280 40.258260 40.258202 40.258049 40.257656 40.256684 40.254364 40.249020 40.237125 40.211505 40.157956 40.048889 39.831027 39.400064 38.543308 36.793952 33.013414 24.051269 0.000000 
50.000000 50.000000 50.000000 50.000000 50.000000 50.000000 50.000000 50.000000 50.000000 50.000000 50.000000 50.000000 50.000000 50.000000 50.000000 50.000000 50.000000 50.000000 50.000000 50.000000 50.000000 50.000000 50.000000 50.000000 50.000000 50.000000 50.000000 50.000000 50.000000 50.000000 50.000000 50.000000 50.000000 50.000000 50.000000 50.000000 50.000000 50.000000 50.000000 50.000000 50.000000 50.000000 50.000000 50.000000 50.000000 50.000000 50.000000 50.000000 50.000000 50.000000 
