50.000000 50.000000 50.000000 50.000000 50.000000 50.000000 50.000000 50.000000 50.000000 50.000000 50.000000 50.000000 50.000000 50.000000 50.000000 50.000000 50.000000 50.000000 50.000000 50.000000 50.000000 50.000000 50.000000 50.000000 50.000000 50.000000 50.000000 50.000000 50.000000 50.000000 50.000000 50.000000 50.000000 50.000000 50.000000 50.000000 50.000000 50.000000 50.000000 50.000000 50.000000 50.000000 50.000000 50.000000 50.000000 50.000000 50.000000 50.000000 50.000000 50.000000 
50.000000 49.053570 48.135262 47.270691 46.480835 45.780567 45.178014 44.674749 44.266679 43.945396 43.699736 43.517272 43.385596 43.293244 43.230280 43.188537 43.161619 43.144731 43.134418 43.128287 43.124738 43.122735 43.121634 43.121042 43.120729 43.120563 43.120464 43.120383 43.120277 43.120095 43.119754 43.119108 43.117905 43.115702 43.111748 43.104779 43.092716 43.072179 43.037742 42.980741 42.887351 42.735319 42.488098 42.083509 41.409839 40.250223 38.138606 33.943237 24.526785 0.000000 
50.000000 48.135262 46.325931 44.622479 43.066239 41.686514 40.499316 39.507745 38.703735 38.070723 37.586707 37.227207 36.967770 36.785815 36.661760 36.579516 36.526482 36.493209 36.472891 36.460812 36.453819 36.449874 36.447704 36.446538 36.445922 36.445594 36.445401 36.445245 36.445044 36.444698 36.444052 36.442831 36.440557 36.436402 36.428953 36.415853 36.393232 36.354839 36.290710 36.185106 36.013274 35.736206 35.291811 34.579386 33.431004 31.557018 28.442059 23.162965 14.192025 0.000000 
50.000000 47.270691 44.622479 42.129238 39.851465 37.832050 36.094430 34.643138 33.466369 32.539880 31.831467 31.305300 30.925589 30.659280 30.477715 30.357345 30.279726 30.231028 30.201292 30.183614 30.173379 30.167606 30.164430 30.162725 30.161824 30.161346 30.161066 30.160845 30.160566 30.160091 30.159205 30.157535 30.154433 30.148775 30.138660 30.120924 30.090414 30.038878 29.953311 29.813487 29.588265 29.229996 28.665950 27.785031 26.417363 24.304608 21.064619 16.180420 9.132085 0.000000 
50.000000 46.480835 43.066239 39.851465 36.914520 34.310707 32.070242 30.198972 28.681674 27.487086 26.573684 25.895266 25.405685 25.062323 24.828225 24.673030 24.572955 24.510169 24.471830 24.449038 24.435843 24.428399 24.424306 24.422107 24.420948 24.420334 24.419979 24.419706 24.419371 24.418810 24.417769 24.415812 24.412186 24.405592 24.393842 24.373323 24.338200 24.279227 24.182042 24.024723 23.774352 23.382236 22.777404 21.858124 20.481929 18.457260 15.546857 11.509221 6.230611 0.000000 
50.000000 45.780567 41.686514 37.832050 34.310707 31.188790 28.502530 26.258935 24.439749 23.007490 21.912366 21.098983 20.512008 20.100343 19.819680 19.633615 19.513637 19.438363 19.392401 19.365077 19.349257 19.340334 19.335427 19.332792 19.331404 19.330672 19.330255 19.329945 19.329579 19.328978 19.327869 19.325795 19.321963 19.315019 19.302693 19.281273 19.244812 19.184014 19.084657 18.925477 18.675381 18.289960 17.707436 16.844606 15.594395 13.828778 11.414687 8.255510 4.370728 0.000000 
50.000000 45.178014 40.499316 36.094430 32.070242 28.502530 25.432697 22.868748 20.789820 19.153073 17.901604 16.972105 16.301342 15.830917 15.510196 15.297577 15.160477 15.074463 15.021943 14.990721 14.972645 14.962449 14.956843 14.953834 14.952250 14.951418 14.950952 14.950619 14.950245 14.949645 14.948551 14.946512 14.942760 14.935986 14.924017 14.903323 14.868317 14.810369 14.716502 14.567705 14.336914 13.986783 13.467626 12.716348 11.657924 10.212118 8.309399 5.919931 3.094505 0.000000 
50.000000 44.674749 39.507745 34.643138 30.198972 26.258935 22.868748 20.037252 17.741400 15.933881 14.551849 13.525385 12.784653 12.265163 11.910994 11.676205 11.524810 11.429829 11.371834 11.337358 11.317399 11.306141 11.299951 11.296629 11.294883 11.293970 11.293467 11.293123 11.292759 11.292195 11.291179 11.289296 11.285845 11.279641 11.268731 11.249970 11.218435 11.166623 11.083433 10.952932 10.753012 10.454141 10.018626 9.401122 8.551498 7.421568 5.977188 4.215934 2.186651 0.000000 
50.000000 44.266679 38.703735 33.466369 28.681674 24.439749 20.789820 17.741400 15.269676 13.323706 11.835823 10.730751 9.933301 9.374037 8.992757 8.739997 8.577016 8.474768 8.412336 8.375224 8.353738 8.341619 8.334957 8.331382 8.329505 8.328528 8.327999 8.327654 8.327314 8.326809 8.325913 8.324265 8.321259 8.315877 8.306460 8.290355 8.263458 8.219591 8.149761 8.041308 7.877079 7.634838 7.287259 6.803037 6.149789 5.299438 4.236372 2.967529 1.531359 0.000000 
50.000000 43.945396 38.070723 32.539880 27.487086 23.007490 19.153073 15.933881 13.323706 11.268746 9.697542 8.530595 7.688501 7.097933 6.695315 6.428412 6.256314 6.148348 6.082425 6.043238 6.020551 6.007756 6.000722 5.996949 5.994970 5.993944 5.993397 5.993058 5.992748 5.992314 5.991560 5.990186 5.987690 5.983243 5.975499 5.962329 5.940470 5.905076 5.849191 5.763203 5.634373 5.446627 5.180869 4.816159 4.332109 3.712734 2.951615 2.057449 1.058045 0.000000 
50.000000 43.699736 37.586707 31.831467 26.573684 21.912366 17.901604 14.551849 11.835823 9.697542 8.062642 6.848395 5.972176 5.357681 4.938755 4.661043 4.481978 4.369641 4.301052 4.260279 4.236675 4.223363 4.216045 4.212121 4.210064 4.209002 4.208444 4.208114 4.207838 4.207477 4.206869 4.205771 4.203789 4.200274 4.194181 4.183874 4.166871 4.139526 4.096680 4.031321 3.934339 3.794516 3.598917 3.333900 2.986889 2.548961 2.017980 1.401601 0.718995 0.000000 
50.000000 43.517272 37.227207 31.305300 25.895266 21.098983 16.972105 13.525385 10.730751 8.530595 6.848395 5.599028 4.697471 4.065211 3.634177 3.348442 3.164205 3.048625 2.978055 2.936107 2.911822 2.898126 2.890598 2.886562 2.884448 2.883360 2.882796 2.882476 2.882232 2.881940 2.881467 2.880625 2.879113 2.876446 2.871844 2.864099 2.851396 2.831096 2.799514 2.751716 2.681404 2.580990 2.441952 2.255604 2.014326 1.713224 1.351989 0.936497 0.479530 0.000000 
50.000000 43.385596 36.967770 30.925589 25.405685 20.512008 16.301342 12.784653 9.933301 7.688501 5.972176 4.697471 3.777635 3.132561 2.692794 2.401272 2.213305 2.095386 2.023389 1.980592 1.955817 1.941845 1.934165 1.930048 1.927893 1.926787 1.926220 1.925910 1.925695 1.925463 1.925107 1.924484 1.923375 1.921426 1.918081 1.912478 1.903338 1.888818 1.866375 1.832650 1.783425 1.713710 1.618030 1.490972 1.327994 1.126458 0.886710 0.612931 0.313416 0.000000 
50.000000 43.293244 36.785815 30.659280 25.062323 20.100343 15.830917 12.265163 9.374038 7.097933 5.357681 4.065211 3.132561 2.478504 2.032616 1.737038 1.546456 1.426898 1.353901 1.310510 1.285391 1.271225 1.263439 1.259266 1.257083 1.255964 1.255396 1.255095 1.254904 1.254721 1.254460 1.254014 1.253229 1.251856 1.249510 1.245600 1.239252 1.229224 1.213815 1.190810 1.157463 1.110580 1.046728 0.962600 0.855531 0.724123 0.568866 0.392583 0.200528 0.000000 
50.000000 43.230280 36.661760 30.477715 24.828225 19.819680 15.510196 11.910994 8.992757 6.695315 4.938755 3.634177 2.692794 2.032616 1.582556 1.284214 1.091852 0.971178 0.897499 0.853703 0.828350 0.814052 0.806194 0.801983 0.799780 0.798654 0.798085 0.797792 0.797620 0.797475 0.797287 0.796978 0.796440 0.795506 0.793916 0.791278 0.787016 0.780316 0.770078 0.754881 0.732986 0.702402 0.661025 0.606873 0.538407 0.454902 0.356791 0.245907 0.125501 0.000000 
50.000000 43.188537 36.579517 30.357345 24.673030 19.633616 15.297578 11.676205 8.739997 6.428413 4.661044 3.348443 2.401273 1.737038 1.284215 0.984042 0.790500 0.669086 0.594956 0.550893 0.525385 0.510999 0.503093 0.498857 0.496642 0.495510 0.494942 0.494655 0.494496 0.494379 0.494245 0.494037 0.493680 0.493064 0.492022 0.490299 0.487528 0.483193 0.476600 0.466864 0.452914 0.433538 0.407475 0.373561 0.330923 0.279189 0.218686 0.150563 0.076789 0.000000 
50.000000 43.161619 36.526483 30.279727 24.572956 19.513637 15.160478 11.524811 8.577017 6.256316 4.481980 3.164207 2.213307 1.546458 1.091854 0.790501 0.596200 0.474309 0.399888 0.355652 0.330044 0.315603 0.307666 0.303413 0.301190 0.300056 0.299488 0.299205 0.299056 0.298959 0.298863 0.298725 0.298495 0.298102 0.297440 0.296350 0.294603 0.291882 0.287762 0.281707 0.273074 0.261141 0.245171 0.224494 0.198620 0.167364 0.130952 0.090081 0.045917 0.000000 
50.000000 43.144731 36.493210 30.231030 24.510171 19.438366 15.074466 11.429832 8.474771 6.148351 4.369645 3.048629 2.095390 1.426902 0.971181 0.669089 0.474311 0.352122 0.277519 0.233175 0.207504 0.193028 0.185071 0.180808 0.178581 0.177444 0.176877 0.176596 0.176455 0.176371 0.176301 0.176211 0.176066 0.175823 0.175414 0.174745 0.173677 0.172019 0.169519 0.165859 0.160664 0.153516 0.143990 0.131709 0.116405 0.097986 0.076598 0.052654 0.026827 0.000000 
50.000000 43.134419 36.472893 30.201296 24.471835 19.392406 15.021949 11.371841 8.412344 6.082433 4.301060 2.978064 2.023398 1.353910 0.897508 0.594965 0.399896 0.277524 0.202811 0.158400 0.132692 0.118194 0.110226 0.105957 0.103726 0.102588 0.102021 0.101743 0.101605 0.101531 0.101478 0.101419 0.101330 0.101183 0.100938 0.100539 0.099904 0.098922 0.097448 0.095297 0.092255 0.088086 0.082552 0.075444 0.066617 0.056027 0.043764 0.030065 0.015312 0.000000 
50.000000 43.128290 36.460818 30.183623 24.449050 19.365090 14.990736 11.337375 8.375241 6.043257 4.260299 2.936127 1.980613 1.310531 0.853724 0.550913 0.355672 0.233192 0.158412 0.113963 0.088232 0.073721 0.065746 0.061473 0.059241 0.058102 0.057535 0.057259 0.057124 0.057056 0.057013 0.056973 0.056919 0.056832 0.056690 0.056459 0.056092 0.055526 0.054680 0.053449 0.051715 0.049347 0.046213 0.042201 0.037234 0.031292 0.024427 0.016772 0.008539 0.000000 
50.000000 43.124745 36.453832 30.173399 24.435869 19.349288 14.972680 11.317437 8.353779 6.020595 4.236720 2.911868 1.955864 1.285439 0.828398 0.525432 0.330091 0.207549 0.132731 0.088259 0.062515 0.047997 0.040018 0.035743 0.033509 0.032371 0.031804 0.031528 0.031395 0.031330 0.031294 0.031266 0.031233 0.031183 0.031102 0.030971 0.030765 0.030448 0.029974 0.029288 0.028324 0.027012 0.025280 0.023070 0.020341 0.017084 0.013328 0.009148 0.004656 0.000000 
50.000000 43.122751 36.449904 30.167651 24.428457 19.340403 14.962528 11.306227 8.341712 6.007853 4.223464 2.898230 1.941950 1.271331 0.814160 0.511107 0.315710 0.193132 0.118293 0.073809 0.048057 0.033535 0.025554 0.021278 0.019043 0.017905 0.017338 0.017062 0.016931 0.016868 0.016835 0.016815 0.016794 0.016765 0.016720 0.016648 0.016534 0.016360 0.016101 0.015727 0.015203 0.014491 0.013554 0.012362 0.010893 0.009144 0.007130 0.004892 0.002489 0.000000 
50.000000 43.121668 36.447772 30.164530 24.424433 19.335579 14.957016 11.300141 8.335161 6.000936 4.216267 2.890826 1.934396 1.263673 0.806430 0.503330 0.307903 0.185306 0.110456 0.065964 0.040209 0.025684 0.017701 0.013425 0.011190 0.010051 0.009485 0.009209 0.009078 0.009016 0.008986 0.008970 0.008956 0.008939 0.008914 0.008874 0.008812 0.008718 0.008578 0.008376 0.008093 0.007711 0.007208 0.006571 0.005787 0.004855 0.003784 0.002595 0.001320 0.000000 
50.000000 43.121117 36.446685 30.162939 24.422382 19.333121 14.954207 11.297039 8.331822 5.997411 4.212599 2.887052 1.930547 1.259770 0.802491 0.499367 0.303924 0.181318 0.106461 0.061966 0.036209 0.021683 0.013700 0.009423 0.007188 0.006049 0.005483 0.005207 0.005077 0.005015 0.004987 0.004972 0.004962 0.004951 0.004936 0.004914 0.004879 0.004826 0.004747 0.004633 0.004475 0.004262 0.003982 0.003628 0.003194 0.002678 0.002087 0.001431 0.000728 0.000000 
50.000000 43.120887 36.446232 30.162276 24.421527 19.332096 14.953036 11.295746 8.330430 5.995941 4.211070 2.885479 1.928942 1.258143 0.800849 0.497715 0.302265 0.179655 0.104796 0.060300 0.034541 0.020015 0.012032 0.007755 0.005520 0.004381 0.003814 0.003539 0.003409 0.003348 0.003319 0.003305 0.003297 0.003289 0.003279 0.003263 0.003240 0.003204 0.003151 0.003075 0.002969 0.002826 0.002640 0.002404 0.002115 0.001773 0.001381 0.000947 0.000481 0.000000 
50.000000 43.120887 36.446232 30.162276 24.421527 19.332096 14.953036 11.295746 8.330430 5.995941 4.211070 2.885479 1.928942 1.258143 0.800849 0.497715 0.302265 0.179655 0.104796 0.060300 0.034541 0.020015 0.012032 0.007755 0.005520 0.004381 0.003814 0.003539 0.003409 0.003348 0.003319 0.003305 0.003297 0.003289 0.003279 0.003263 0.003240 0.003204 0.003151 0.003075 0.002969 0.002826 0.002640 0.002404 0.002115 0.001773 0.001381 0.000947 0.000481 0.000000 
50.000000 43.121117 36.446685 30.162939 24.422382 19.333121 14.954207 11.297039 8.331822 5.997411 4.212599 2.887052 1.930547 1.259770 0.802491 0.499367 0.303924 0.181318 0.106461 0.061966 0.036209 0.021683 0.013700 0.009423 0.007188 0.006049 0.005483 0.005207 0.005077 0.005015 0.004987 0.004972 0.004962 0.004951 0.004936 0.004914 0.004879 0.004826 0.004747 0.004633 0.004475 0.004262 0.003982 0.003628 0.003194 0.002678 0.002087 0.001431 0.000728 0.000000 
50.000000 43.121668 36.447772 30.164530 24.424433 19.335579 14.957016 11.300141 8.335161 6.000936 4.216267 2.890826 1.934396 1.263673 0.806430 0.503330 0.307903 0.185306 0.110456 0.065964 0.040209 0.025684 0.017701 0.013425 0.011190 0.010051 0.009485 0.009209 0.009078 0.009016 0.008986 0.008970 0.008956 0.008939 0.008914 0.008874 0.008812 0.008718 0.008578 0.008376 0.008093 0.007711 0.007208 0.006571 0.005787 0.004855 0.003784 0.002595 0.001320 0.000000 
50.000000 43.122751 36.449904 30.167651 24.428457 19.340403 14.962528 11.306227 8.341712 6.007853 4.223464 2.898230 1.941950 1.271331 0.814160 0.511107 0.315710 0.193132 0.118293 0.073809 0.048057 0.033535 0.025554 0.021278 0.019043 0.017905 0.017338 0.017062 0.016931 0.016868 0.016835 0.016815 0.016794 0.016765 0.016720 0.016648 0.016534 0.016360 0.016101 0.015727 0.015203 0.014491 0.013554 0.012362 0.010893 0.009144 0.007130 0.004892 0.002489 0.000000 
50.000000 43.124745 36.453832 30.173399 24.435869 19.349288 14.972680 11.317437 8.353779 6.020595 4.236720 2.911868 1.955864 1.285439 0.828398 0.525432 0.330091 0.207549 0.132731 0.088259 0.062515 0.047997 0.040018 0.035743 0.033509 0.032371 0.031804 0.031528 0.031395 0.031330 0.031294 0.031266 0.031233 0.031183 0.031102 0.030971 0.030765 0.030448 0.029974 0.029288 0.028324 0.027012 0.025280 0.023070 0.020341 0.017084 0.013328 0.009148 0.004656 0.000000 
50.000000 43.128290 36.460818 30.183623 24.449050 19.365090 14.990736 11.337375 8.375241 6.043257 4.260299 2.936127 1.980613 1.310531 0.853724 0.550913 0.355672 0.233192 0.158412 0.113963 0.088232 0.073721 0.065746 0.061473 0.059241 0.058102 0.057535 0.057259 0.057124 0.057056 0.057013 0.056973 0.056919 0.056832 0.056690 0.056459 0.056092 0.055526 0.054680 0.053449 0.051715 0.049347 0.046213 0.042201 0.037234 0.031292 0.024427 0.016772 0.008539 0.000000 
50.000000 43.134419 36.472893 30.201296 24.471835 19.392406 15.021949 11.371841 8.412344 6.082433 4.301060 2.978064 2.023398 1.353910 0.897508 0.594965 0.399896 0.277524 0.202811 0.158400 0.132692 0.118194 0.110226 0.105957 0.103726 0.102588 0.102021 0.101743 0.101605 0.101531 0.101478 0.101419 0.101330 0.101183 0.100938 0.100539 0.099904 0.098922 0.097448 0.095297 0.092255 0.088086 0.082552 0.075444 0.066617 0.056027 0.043764 0.030065 0.015312 0.000000 
50.000000 43.144731 36.493210 30.231030 24.510171 19.438366 15.074466 11.429832 8.474771 6.148351 4.369645 3.048629 2.095390 1.426902 0.971181 0.669089 0.474311 0.352122 0.277519 0.233175 0.207504 0.193028 0.185071 0.180808 0.178581 0.177444 0.176877 0.176596 0.176455 0.176371 0.176301 0.176211 0.176066 0.175823 0.175414 0.174745 0.173677 0.172019 0.169519 0.165859 0.160664 0.153516 0.143990 0.131709 0.116405 0.097986 0.076598 0.052654 0.026827 0.000000 
50.000000 43.161619 36.526483 30.279727 24.572956 19.513637 15.160478 11.524811 8.577017 6.256316 4.481980 3.164207 2.213307 1.546458 1.091854 0.790501 0.596200 0.474309 0.399888 0.355652 0.330044 0.315603 0.307666 0.303413 0.301190 0.300056 0.299488 0.299205 0.299056 0.298959 0.298863 0.298725 0.298495 0.298102 0.297440 0.296350 0.294603 0.291882 0.287762 0.281707 0.273074 0.261141 0.245171 0.224494 0.198620 0.167364 0.130952 0.090081 0.045917 0.000000 
50.000000 43.188537 36.579517 30.357345 24.673030 19.633616 15.297578 11.676205 8.739997 6.428413 4.661044 3.348443 2.401273 1.737038 1.284215 0.984042 0.790500 0.669086 0.594956 0.550893 0.525385 0.510999 0.503093 0.498857 0.496642 0.495510 0.494942 0.494655 0.494496 0.494379 0.494245 0.494037 0.493680 0.493064 0.492022 0.490299 0.487528 0.483193 0.476600 0.466864 0.452914 0.433538 0.407475 0.373561 0.330923 0.279189 0.218686 0.150563 0.076789 0.000000 
50.000000 43.230280 36.661760 30.477715 24.828225 19.819680 15.510196 11.910994 8.992757 6.695315 4.938755 3.634177 2.692794 2.032616 1.582556 1.284214 1.091852 0.971178 0.897499 0.853703 0.828350 0.814052 0.806194 0.801983 0.799780 0.798654 0.798085 0.797792 0.797620 0.797475 0.797287 0.796978 0.796440 0.795506 0.793916 0.791278 0.787016 0.780316 0.770078 0.754881 0.732986 0.702402 0.661025 0.606873 0.538407 0.454902 0.356791 0.245907 0.125501 0.000000 
50.000000 43.293244 36.785815 30.659280 25.062323 20.100343 15.830917 12.265163 9.374038 7.097933 5.357681 4.065211 3.132561 2.478504 2.032616 1.737038 1.546456 1.426898 1.353901 1.310510 1.285391 1.271225 1.263439 1.259266 1.257083 1.255964 1.255396 1.255095 1.254904 1.254721 1.254460 1.254014 1.253229 1.251856 1.249510 1.245600 1.239252 1.229224 1.213815 1.190810 1.157463 1.110580 1.046728 0.962600 0.855531 0.724123 0.568866 0.392583 0.200528 0.000000 
50.000000 43.385596 36.967770 30.925589 25.405685 20.512008 16.301342 12.784653 9.933301 7.688501 5.972176 4.697471 3.777635 3.132561 2.692794 2.401272 2.213305 2.095386 2.023389 1.980592 1.955817 1.941845 1.934165 1.930048 1.927893 1.926787 1.926220 1.925910 1.925695 1.925463 1.925107 1.924484 1.923375 1.921426 1.918081 1.912478 1.903338 1.888818 1.866375 1.832650 1.783425 1.713710 1.618030 1.490972 1.327994 1.126458 0.886710 0.612931 0.313416 0.000000 
50.000000 43.517272 37.227207 31.305300 25.895266 21.098983 16.972105 13.525385 10.730751 8.530595 6.848395 5.599028 4.697471 4.065211 3.634177 3.348442 3.164205 3.048625 2.978055 2.936107 2.911822 2.898126 2.890598 2.886562 2.884448 2.883360 2.882796 2.882476 2.882232 2.881940 2.881467 2.880625 2.879113 2.876446 2.871844 2.864099 2.851396 2.831096 2.799514 2.751716 2.681404 2.580990 2.441952 2.255604 2.014326 1.713224 1.351989 0.936497 0.479530 0.000000 
50.000000 43.699736 37.586707 31.831467 26.573684 21.912366 17.901604 14.551849 11.835823 9.697542 8.062642 6.848395 5.972176 5.357681 4.938755 4.661043 4.481978 4.369641 4.301052 4.260279 4.236675 4.223363 4.216045 4.212121 4.210064 4.209002 4.208444 4.208114 4.207838 4.207477 4.206869 4.205771 4.203789 4.200274 4.194181 4.183874 4.166871 4.139526 4.096680 4.031321 3.934339 3.794516 3.598917 3.333900 2.986889 2.548961 2.017980 1.401601 0.718995 0.000000 
50.000000 43.945396 38.070723 32.539880 27.487086 23.007490 19.153073 15.933881 13.323706 11.268746 9.697542 8.530595 7.688501 7.097933 6.695315 6.428412 6.256314 6.148348 6.082425 6.043238 6.020551 6.007756 6.000722 5.996949 5.994970 5.993944 5.993397 5.993058 5.992748 5.992314 5.991560 5.990186 5.987690 5.983243 5.975499 5.962329 5.940470 5.905076 5.849191 5.763203 5.634373 5.446627 5.180869 4.816159 4.332109 3.712734 2.951615 2.057449 1.058045 0.000000 
50.000000 44.266679 38.703735 33.466369 28.681674 24.439749 20.789820 17.741400 15.269676 13.323706 11.835823 10.730751 9.933301 9.374037 8.992757 8.739997 8.577016 8.474768 8.412336 8.375224 8.353738 8.341619 8.334957 8.331382 8.329505 8.328528 8.327999 8.327654 8.327314 8.326809 8.325913 8.324265 8.321259 8.315877 8.306460 8.290355 8.263458 8.219591 8.149761 8.041308 7.877079 7.634838 7.287259 6.803037 6.149789 5.299438 4.236372 2.967529 1.531359 0.000000 
50.000000 44.674749 39.507745 34.643138 30.198972 26.258935 22.868748 20.037252 17.741400 15.933881 14.551849 13.525385 12.784653 12.265163 11.910994 11.676205 11.524810 11.429829 11.371834 11.337358 11.317399 11.306141 11.299951 11.296629 11.294883 11.293970 11.293467 11.293123 11.292759 11.292195 11.291179 11.289296 11.285845 11.279641 11.268731 11.249970 11.218435 11.166623 11.083433 10.952932 10.753012 10.454141 10.018626 9.401122 8.551498 7.421568 5.977188 4.215934 2.186651 0.000000 
50.000000 45.178014 40.499316 36.094430 32.070242 28.502530 25.432697 22.868748 20.789820 19.153073 17.901604 16.972105 16.301342 15.830917 15.510196 15.297577 15.160477 15.074463 15.021943 14.990721 14.972645 14.962449 14.956843 14.953834 14.952250 14.951418 14.950952 14.950619 14.950245 14.949645 14.948551 14.946512 14.942760 14.935986 14.924017 14.903323 14.868317 14.810369 14.716502 14.567705 14.336914 13.986783 13.467626 12.716348 11.657924 10.212118 8.309399 5.919931 3.094505 0.000000 
50.000000 45.780567 41.686514 37.832050 34.310707 31.188790 28.502530 26.258935 24.439749 23.007490 21.912366 21.098983 20.512008 20.100343 19.819680 19.633615 19.513637 19.438363 19.392401 19.365077 19.349257 19.340334 19.335427 19.332792 19.331404 19.330672 19.330255 19.329945 19.329579 19.328978 19.327869 19.325795 19.321963 19.315019 19.302693 19.281273 19.244812 19.184014 19.084657 18.925477 18.675381 18.289960 17.707436 16.844606 15.594395 13.828778 11.414687 8.255510 4.370728 0.000000 
50.000000 46.480835 43.066239 39.851465 36.914520 34.310707 32.070242 30.198972 28.681674 27.487086 26.573684 25.895266 25.405685 25.062323 24.828225 24.673030 24.572955 24.510169 24.471830 24.449038 24.435843 24.428399 24.424306 24.422107 24.420948 24.420334 24.419979 24.419706 24.419371 24.418810 24.417769 24.415812 24.412186 24.405592 24.393842 24.373323 24.338200 24.279227 24.182042 24.024723 23.774352 23.382236 22.777404 21.858124 20.481929 18.457260 15.546857 11.509221 6.230611 0.000000 
50.000000 47.270691 44.622479 42.129238 39.851465 37.832050 36.094430 34.643138 33.466369 32.539880 31.831467 31.305300 30.925589 30.659280 30.477715 30.357345 30.279726 30.231028 30.201292 30.183614 30.173379 30.167606 30.164430 30.162725 30.161824 30.161346 30.161066 30.160845 30.160566 30.160091 30.159205 30.157535 30.154433 30.148775 30.138660 30.120924 30.090414 30.038878 29.953311 29.813487 29.588265 29.229996 28.665950 27.785031 26.417363 24.304608 21.064619 16.180420 9.132085 0.000000 
50.000000 48.135262 46.325931 44.622479 43.066239 41.686514 40.499316 39.507745 38.703735 38.070723 37.586707 37.227207 36.967770 36.785815 36.661760 36.579516 36.526482 36.493209 36.472891 36.460812 36.453819 36.449874 36.447704 36.446538 36.445922 36.445594 36.445401 36.445245 36.445044 36.444698 36.444052 36.442831 36.440557 36.436402 36.428953 36.415853 36.393232 36.354839 36.290710 36.185106 36.013274 35.736206 35.291811 34.579386 33.431004 31.557018 28.442059 23.162965 14.192025 0.000000 
50.000000 49.053570 48.135262 47.270691 46.480835 45.780567 45.178014 44.674749 44.266679 43.945396 43.699736 43.517272 43.385596 43.293244 43.230280 43.188537 43.161619 43.144731 43.134418 43.128287 43.124738 43.122735 43.121634 43.121042 43.120729 43.120563 43.120464 43.120383 43.120277 43.120095 43.119754 43.119108 43.117905 43.115702 43.111748 43.104779 43.092716 43.072179 43.037742 42.980741 42.887351 42.735319 42.488098 42.083509 41.409839 40.250223 38.138606 33.943237 24.526785 0.000000 
50.000000 50.000000 50.000000 50.000000 50.000000 50.000000 50.000000 50.000000 50.000000 50.000000 50.000000 50.000000 50.000000 50.000000 50.000000 50.000000 50.000000 50.000000 50.000000 50.000000 50.000000 50.000000 50.000000 50.000000 50.000000 50.000000 50.000000 50.000000 50.000000 50.000000 50.000000 50.000000 50.000000 50.000000 50.000000 50.000000 50.000000 50.000000 50.000000 50.000000 50.000000 50.000000 50.000000 50.000000 50.000000 50.000000 50.000000 50.000000 50.000000 50.000000 
