50.000000 50.000000 50.000000 50.000000 50.000000 50.000000 50.000000 50.000000 50.000000 50.000000 50.000000 50.000000 50.000000 50.000000 50.000000 50.000000 50.000000 50.000000 50.000000 50.000000 50.000000 50.000000 50.000000 50.000000 50.000000 50.000000 50.000000 50.000000 50.000000 50.000000 50.000000 50.000000 50.000000 50.000000 50.000000 50.000000 50.000000 50.000000 50.000000 50.000000 50.000000 50.000000 50.000000 50.000000 50.000000 50.000000 50.000000 50.000000 50.000000 50.000000 
50.000000 48.746496 47.542309 46.430941 45.445405 44.605522 43.917498 43.375553 42.964946 42.665589 42.455485 42.313460 42.220948 42.162849 42.127651 42.107069 42.095446 42.089102 42.085755 42.084046 42.083202 42.082798 42.082610 42.082525 42.082488 42.082472 42.082463 42.082456 42.082443 42.082415 42.082351 42.082210 42.081903 42.081256 42.079925 42.077256 42.072035 42.062064 42.043449 42.009415 41.948317 41.840243 41.650925 41.320106 40.737304 39.685856 37.698641 33.641463 24.373248 0.000000 
50.000000 47.542309 45.181314 43.002306 41.070015 39.423303 38.074338 37.011784 36.206738 35.619815 35.207885 34.929432 34.748055 34.634147 34.565140 34.524789 34.502001 34.489565 34.483003 34.479653 34.477997 34.477204 34.476837 34.476671 34.476598 34.476566 34.476550 34.476535 34.476511 34.476459 34.476340 34.476077 34.475507 34.474306 34.471839 34.466902 34.457269 34.438930 34.404830 34.342808 34.232248 34.038577 33.704026 33.131538 32.155511 30.486686 27.607669 22.590657 13.900847 0.000000 
50.000000 46.430941 43.002306 39.837961 37.031904 34.640572 32.681635 31.138626 29.969571 29.117271 28.519093 28.114746 27.851367 27.685963 27.585759 27.527166 27.494077 27.476020 27.466492 27.461628 27.459224 27.458073 27.457539 27.457299 27.457193 27.457146 27.457123 27.457103 27.457071 27.457001 27.456843 27.456492 27.455735 27.454143 27.450881 27.444374 27.431726 27.407763 27.363474 27.283548 27.142519 26.898830 26.485678 25.796966 24.666006 22.834988 19.918980 15.394637 8.732300 0.000000 
50.000000 45.445405 41.070015 37.031904 33.451030 30.399412 27.899596 25.930565 24.438749 23.351151 22.587840 22.071876 21.735797 21.524740 21.396881 21.322119 21.279899 21.256860 21.244703 21.238497 21.235430 21.233961 21.233280 21.232973 21.232838 21.232779 21.232750 21.232727 21.232690 21.232610 21.232431 21.232035 21.231183 21.229395 21.225744 21.218490 21.204460 21.178039 21.129573 21.042928 20.891876 20.634892 20.207987 19.515304 18.418129 16.725515 14.196916 10.583329 5.759548 0.000000 
50.000000 44.605522 39.423303 34.640572 30.399412 26.785120 23.824397 21.492345 19.725508 18.437424 17.533417 16.922357 16.524342 16.274395 16.122978 16.034443 15.984446 15.957164 15.942768 15.935419 15.931788 15.930049 15.929242 15.928879 15.928720 15.928650 15.928617 15.928591 15.928553 15.928472 15.928290 15.927890 15.927031 15.925235 15.921581 15.914357 15.900463 15.874475 15.827200 15.743547 15.599555 15.358458 14.965913 14.344976 13.392560 11.981283 9.974566 7.267791 3.868218 0.000000 
50.000000 43.917498 38.074338 32.681635 27.899596 23.824397 20.486141 17.856745 15.864653 14.412369 13.393138 12.704203 12.255472 11.973680 11.802976 11.703165 11.646803 11.616047 11.599819 11.591535 11.587441 11.585481 11.584572 11.584163 11.583983 11.583905 11.583869 11.583843 11.583806 11.583730 11.583561 11.583190 11.582395 11.580740 11.577389 11.570795 11.558190 11.534783 11.492570 11.418650 11.293011 11.085858 10.754850 10.243070 9.479421 8.384291 6.884669 4.942800 2.597392 0.000000 
50.000000 43.375553 37.011784 31.138626 25.930565 21.492345 17.856745 14.993173 12.823689 11.242102 10.132140 9.381890 8.893229 8.586369 8.400482 8.291796 8.230423 8.196934 8.179264 8.170245 8.165787 8.163654 8.162664 8.162218 8.162023 8.161938 8.161900 8.161875 8.161841 8.161775 8.161629 8.161308 8.160624 8.159206 8.156347 8.150751 8.140121 8.120525 8.085487 8.024754 7.922767 7.757005 7.496587 7.101895 6.526433 5.722579 4.652948 3.307758 1.724629 0.000000 
50.000000 42.964946 36.206738 29.969571 24.438749 19.725508 15.864653 12.823689 10.519836 8.840312 7.661634 6.864948 6.346052 6.020210 5.822829 5.707424 5.642259 5.606701 5.587941 5.578364 5.573632 5.571367 5.570316 5.569843 5.569636 5.569547 5.569507 5.569483 5.569455 5.569400 5.569281 5.569021 5.568469 5.567328 5.565039 5.560584 5.552171 5.536774 5.509472 5.462603 5.384776 5.259918 5.066685 4.778795 4.367050 3.803857 3.070741 2.168161 1.124703 0.000000 
50.000000 42.665589 35.619815 29.117271 23.351151 18.437424 14.412369 11.242102 8.840312 7.089411 5.860657 5.030135 4.489209 4.149539 3.943785 3.823486 3.755559 3.718495 3.698941 3.688959 3.684026 3.681665 3.680570 3.680077 3.679861 3.679769 3.679728 3.679706 3.679683 3.679640 3.679548 3.679349 3.678928 3.678062 3.676332 3.672981 3.666693 3.655262 3.635152 3.600938 3.544705 3.455536 3.319335 3.119358 2.837869 2.459275 1.974752 1.387567 0.717272 0.000000 
50.000000 42.455485 35.207885 28.519093 22.587840 17.533417 13.393138 10.132140 7.661634 5.860657 4.596773 3.742518 3.186141 2.836773 2.625148 2.501419 2.431556 2.393436 2.373325 2.363059 2.357987 2.355559 2.354432 2.353925 2.353704 2.353609 2.353568 2.353547 2.353528 2.353497 2.353430 2.353285 2.352981 2.352356 2.351116 2.348725 2.344263 2.336206 2.322133 2.298387 2.259718 2.199031 2.107386 1.974488 1.789870 1.544912 1.235545 0.865077 0.446070 0.000000 
50.000000 42.313460 34.929432 28.114746 22.071876 16.922357 12.704203 9.381890 6.864948 5.030135 3.742518 2.872230 2.305416 1.949499 1.733909 1.607864 1.536694 1.497862 1.477375 1.466917 1.461750 1.459277 1.458129 1.457613 1.457388 1.457291 1.457251 1.457231 1.457216 1.457193 1.457146 1.457047 1.456837 1.456409 1.455561 1.453937 1.450921 1.445507 1.436115 1.420386 1.394983 1.355476 1.296403 1.211633 1.095157 0.942304 0.751272 0.524603 0.270011 0.000000 
50.000000 42.220948 34.748055 27.851367 21.735797 16.524342 12.255472 8.893229 6.346052 4.489209 3.186141 2.305416 1.731810 1.371631 1.153462 1.025909 0.953889 0.914594 0.893862 0.883281 0.878052 0.875549 0.874388 0.873866 0.873638 0.873540 0.873500 0.873481 0.873469 0.873453 0.873422 0.873356 0.873218 0.872938 0.872385 0.871330 0.869382 0.865905 0.859909 0.849935 0.833946 0.809278 0.772704 0.720689 0.649867 0.557758 0.443604 0.309125 0.158884 0.000000 
50.000000 42.162849 34.634147 27.685963 21.524740 16.274395 11.973680 8.586369 6.020210 4.149539 2.836773 1.949499 1.371631 1.008778 0.788991 0.660494 0.587941 0.548354 0.527470 0.516810 0.511543 0.509022 0.507852 0.507326 0.507096 0.506998 0.506958 0.506940 0.506930 0.506919 0.506899 0.506857 0.506771 0.506595 0.506250 0.505594 0.504389 0.502248 0.498578 0.492510 0.482846 0.468039 0.446248 0.415491 0.373932 0.320280 0.254237 0.176878 0.090814 0.000000 
50.000000 42.127651 34.565140 27.585759 21.396881 16.122978 11.802976 8.400482 5.822829 3.943785 2.625148 1.733909 1.153462 0.788991 0.568224 0.439155 0.366280 0.326518 0.305541 0.294834 0.289544 0.287011 0.285837 0.285308 0.285077 0.284979 0.284939 0.284922 0.284913 0.284905 0.284893 0.284868 0.284815 0.284710 0.284503 0.284112 0.283396 0.282131 0.279973 0.276423 0.270803 0.262246 0.249731 0.232182 0.208621 0.178391 0.141385 0.098238 0.050395 0.000000 
50.000000 42.107069 34.524789 27.527166 21.322119 16.034443 11.703165 8.291796 5.707424 3.823486 2.501419 1.607864 1.025909 0.660494 0.439155 0.309753 0.236689 0.196825 0.175794 0.165059 0.159755 0.157216 0.156039 0.155509 0.155278 0.155179 0.155139 0.155122 0.155114 0.155109 0.155101 0.155086 0.155056 0.154995 0.154876 0.154652 0.154244 0.153524 0.152303 0.150304 0.147155 0.142385 0.135449 0.125776 0.112861 0.096375 0.076285 0.052949 0.027144 0.000000 
50.000000 42.095446 34.502001 27.494077 21.279899 15.984446 11.646803 8.230423 5.642259 3.755559 2.431556 1.536694 0.953889 0.587941 0.366280 0.236689 0.163520 0.123597 0.102536 0.091786 0.086474 0.083932 0.082752 0.082222 0.081990 0.081892 0.081851 0.081835 0.081828 0.081824 0.081819 0.081811 0.081794 0.081760 0.081694 0.081570 0.081346 0.080952 0.080285 0.079200 0.077497 0.074931 0.071217 0.066063 0.059212 0.050504 0.039934 0.027695 0.014189 0.000000 
50.000000 42.089102 34.489565 27.476020 21.256860 15.957164 11.616047 8.196934 5.606701 3.718495 2.393436 1.497862 0.914594 0.548354 0.326518 0.196825 0.123597 0.083644 0.062566 0.051807 0.046491 0.043947 0.042767 0.042236 0.042004 0.041906 0.041865 0.041849 0.041842 0.041839 0.041836 0.041831 0.041822 0.041804 0.041769 0.041703 0.041584 0.041376 0.041025 0.040456 0.039567 0.038233 0.036310 0.033652 0.030133 0.025677 0.020285 0.014058 0.007199 0.000000 
50.000000 42.085755 34.483003 27.466492 21.244703 15.942768 11.599819 8.179265 5.587941 3.698941 2.373325 1.477375 0.893862 0.527470 0.305541 0.175794 0.102536 0.062566 0.041479 0.030716 0.025398 0.022853 0.021672 0.021141 0.020909 0.020810 0.020770 0.020754 0.020747 0.020744 0.020742 0.020740 0.020735 0.020726 0.020708 0.020674 0.020613 0.020507 0.020328 0.020040 0.019591 0.018920 0.017957 0.016629 0.014878 0.012668 0.010000 0.006926 0.003546 0.000000 
50.000000 42.084047 34.479653 27.461628 21.238497 15.935420 11.591535 8.170245 5.578365 3.688959 2.363060 1.466918 0.883281 0.516810 0.294835 0.165060 0.091786 0.051808 0.030716 0.019951 0.014632 0.012086 0.010905 0.010374 0.010142 0.010044 0.010003 0.009987 0.009980 0.009978 0.009976 0.009975 0.009973 0.009968 0.009959 0.009942 0.009912 0.009860 0.009772 0.009631 0.009411 0.009085 0.008617 0.007975 0.007130 0.006066 0.004786 0.003313 0.001696 0.000000 
50.000000 42.083202 34.477998 27.459225 21.235431 15.931789 11.587442 8.165789 5.573633 3.684028 2.357988 1.461752 0.878053 0.511544 0.289545 0.159756 0.086476 0.046493 0.025399 0.014633 0.009313 0.006767 0.005586 0.005055 0.004823 0.004724 0.004684 0.004668 0.004661 0.004659 0.004658 0.004657 0.004655 0.004653 0.004649 0.004641 0.004626 0.004601 0.004560 0.004493 0.004389 0.004235 0.004015 0.003713 0.003318 0.002821 0.002225 0.001539 0.000788 0.000000 
50.000000 42.082798 34.477206 27.458075 21.233964 15.930052 11.585484 8.163657 5.571370 3.681669 2.355562 1.459281 0.875553 0.509025 0.287015 0.157220 0.083936 0.043951 0.022856 0.012090 0.006770 0.004223 0.003042 0.002511 0.002279 0.002180 0.002140 0.002124 0.002117 0.002115 0.002114 0.002113 0.002113 0.002112 0.002109 0.002106 0.002099 0.002088 0.002068 0.002037 0.001990 0.001919 0.001819 0.001681 0.001501 0.001276 0.001006 0.000696 0.000356 0.000000 
50.000000 42.082612 34.476840 27.457544 21.233286 15.929249 11.584580 8.162672 5.570325 3.680579 2.354442 1.458139 0.874398 0.507862 0.285847 0.156049 0.082762 0.042777 0.021682 0.010915 0.005595 0.003048 0.001867 0.001336 0.001104 0.001005 0.000965 0.000949 0.000942 0.000940 0.000939 0.000939 0.000938 0.000938 0.000937 0.000935 0.000932 0.000927 0.000918 0.000904 0.000883 0.000851 0.000806 0.000745 0.000665 0.000565 0.000445 0.000308 0.000157 0.000000 
50.000000 42.082530 34.476679 27.457311 21.232989 15.928897 11.584183 8.162240 5.569867 3.680102 2.353950 1.457639 0.873892 0.507352 0.285334 0.155535 0.082248 0.042262 0.021167 0.010400 0.005079 0.002533 0.001352 0.000820 0.000588 0.000490 0.000450 0.000433 0.000427 0.000425 0.000424 0.000423 0.000423 0.000423 0.000422 0.000422 0.000420 0.000418 0.000414 0.000408 0.000398 0.000383 0.000363 0.000335 0.000299 0.000254 0.000200 0.000138 0.000071 0.000000 
50.000000 42.082499 34.476620 27.457224 21.232878 15.928767 11.584036 8.162080 5.569696 3.679924 2.353768 1.457453 0.873703 0.507162 0.285144 0.155344 0.082057 0.042070 0.020975 0.010208 0.004888 0.002342 0.001160 0.000629 0.000397 0.000299 0.000258 0.000242 0.000236 0.000233 0.000232 0.000232 0.000232 0.000232 0.000231 0.000231 0.000230 0.000229 0.000227 0.000223 0.000218 0.000210 0.000199 0.000183 0.000164 0.000139 0.000109 0.000076 0.000039 0.000000 
50.000000 42.082499 34.476620 27.457224 21.232878 15.928767 11.584036 8.162080 5.569696 3.679924 2.353768 1.457453 0.873703 0.507162 0.285144 0.155344 0.082057 0.042070 0.020975 0.010208 0.004888 0.002342 0.001160 0.000629 0.000397 0.000299 0.000258 0.000242 0.000236 0.000233 0.000232 0.000232 0.000232 0.000232 0.000231 0.000231 0.000230 0.000229 0.000227 0.000223 0.000218 0.000210 0.000199 0.000183 0.000164 0.000139 0.000109 0.000076 0.000039 0.000000 
50.000000 42.082530 34.476679 27.457311 21.232989 15.928897 11.584183 8.162240 5.569867 3.680102 2.353950 1.457639 0.873892 0.507352 0.285334 0.155535 0.082248 0.042262 0.021167 0.010400 0.005079 0.002533 0.001352 0.000820 0.000588 0.000490 0.000450 0.000433 0.000427 0.000425 0.000424 0.000423 0.000423 0.000423 0.000422 0.000422 0.000420 0.000418 0.000414 0.000408 0.000398 0.000383 0.000363 0.000335 0.000299 0.000254 0.000200 0.000138 0.000071 0.000000 
50.000000 42.082612 34.476840 27.457544 21.233286 15.929249 11.584580 8.162672 5.570325 3.680579 2.354442 1.458139 0.874398 0.507862 0.285847 0.156049 0.082762 0.042777 0.021682 0.010915 0.005595 0.003048 0.001867 0.001336 0.001104 0.001005 0.000965 0.000949 0.000942 0.000940 0.000939 0.000939 0.000938 0.000938 0.000937 0.000935 0.000932 0.000927 0.000918 0.000904 0.000883 0.000851 0.000806 0.000745 0.000665 0.000565 0.000445 0.000308 0.000157 0.000000 
50.000000 42.082798 34.477206 27.458075 21.233964 15.930052 11.585484 8.163657 5.571370 3.681669 2.355562 1.459281 0.875553 0.509025 0.287015 0.157220 0.083936 0.043951 0.022856 0.012090 0.006770 0.004223 0.003042 0.002511 0.002279 0.002180 0.002140 0.002124 0.002117 0.002115 0.002114 0.002113 0.002113 0.002112 0.002109 0.002106 0.002099 0.002088 0.002068 0.002037 0.001990 0.001919 0.001819 0.001681 0.001501 0.001276 0.001006 0.000696 0.000356 0.000000 
50.000000 42.083202 34.477998 27.459225 21.235431 15.931789 11.587442 8.165789 5.573633 3.684028 2.357988 1.461752 0.878053 0.511544 0.289545 0.159756 0.086476 0.046493 0.025399 0.014633 0.009313 0.006767 0.005586 0.005055 0.004823 0.004724 0.004684 0.004668 0.004661 0.004659 0.004658 0.004657 0.004655 0.004653 0.004649 0.004641 0.004626 0.004601 0.004560 0.004493 0.004389 0.004235 0.004015 0.003713 0.003318 0.002821 0.002225 0.001539 0.000788 0.000000 
50.000000 42.084047 34.479653 27.461628 21.238497 15.935420 11.591535 8.170245 5.578365 3.688959 2.363060 1.466918 0.883281 0.516810 0.294835 0.165060 0.091786 0.051808 0.030716 0.019951 0.014632 0.012086 0.010905 0.010374 0.010142 0.010044 0.010003 0.009987 0.009980 0.009978 0.009976 0.009975 0.009973 0.009968 0.009959 0.009942 0.009912 0.009860 0.009772 0.009631 0.009411 0.009085 0.008617 0.007975 0.007130 0.006066 0.004786 0.003313 0.001696 0.000000 
50.000000 42.085755 34.483003 27.466492 21.244703 15.942768 11.599819 8.179265 5.587941 3.698941 2.373325 1.477375 0.893862 0.527470 0.305541 0.175794 0.102536 0.062566 0.041479 0.030716 0.025398 0.022853 0.021672 0.021141 0.020909 0.020810 0.020770 0.020754 0.020747 0.020744 0.020742 0.020740 0.020735 0.020726 0.020708 0.020674 0.020613 0.020507 0.020328 0.020040 0.019591 0.018920 0.017957 0.016629 0.014878 0.012668 0.010000 0.006926 0.003546 0.000000 
50.000000 42.089102 34.489565 27.476020 21.256860 15.957164 11.616047 8.196934 5.606701 3.718495 2.393436 1.497862 0.914594 0.548354 0.326518 0.196825 0.123597 0.083644 0.062566 0.051807 0.046491 0.043947 0.042767 0.042236 0.042004 0.041906 0.041865 0.041849 0.041842 0.041839 0.041836 0.041831 0.041822 0.041804 0.041769 0.041703 0.041584 0.041376 0.041025 0.040456 0.039567 0.038233 0.036310 0.033652 0.030133 0.025677 0.020285 0.014058 0.007199 0.000000 
50.000000 42.095446 34.502001 27.494077 21.279899 15.984446 11.646803 8.230423 5.642259 3.755559 2.431556 1.536694 0.953889 0.587941 0.366280 0.236689 0.163520 0.123597 0.102536 0.091786 0.086474 0.083932 0.082752 0.082222 0.081990 0.081892 0.081851 0.081835 0.081828 0.081824 0.081819 0.081811 0.081794 0.081760 0.081694 0.081570 0.081346 0.080952 0.080285 0.079200 0.077497 0.074931 0.071217 0.066063 0.059212 0.050504 0.039934 0.027695 0.014189 0.000000 
50.000000 42.107069 34.524789 27.527166 21.322119 16.034443 11.703165 8.291796 5.707424 3.823486 2.501419 1.607864 1.025909 0.660494 0.439155 0.309753 0.236689 0.196825 0.175794 0.165059 0.159755 0.157216 0.156039 0.155509 0.155278 0.155179 0.155139 0.155122 0.155114 0.155109 0.155101 0.155086 0.155056 0.154995 0.154876 0.154652 0.154244 0.153524 0.152303 0.150304 0.147155 0.142385 0.135449 0.125776 0.112861 0.096375 0.076285 0.052949 0.027144 0.000000 
50.000000 42.127651 34.565140 27.585759 21.396881 16.122978 11.802976 8.400482 5.822829 3.943785 2.625148 1.733909 1.153462 0.788991 0.568224 0.439155 0.366280 0.326518 0.305541 0.294834 0.289544 0.287011 0.285837 0.285308 0.285077 0.284979 0.284939 0.284922 0.284913 0.284905 0.284893 0.284868 0.284815 0.284710 0.284503 0.284112 0.283396 0.282131 0.279973 0.276423 0.270803 0.262246 0.249731 0.232182 0.208621 0.178391 0.141385 0.098238 0.050395 0.000000 
50.000000 42.162849 34.634147 27.685963 21.524740 16.274395 11.973680 8.586369 6.020210 4.149539 2.836773 1.949499 1.371631 1.008778 0.788991 0.660494 0.587941 0.548354 0.527470 0.516810 0.511543 0.509022 0.507852 0.507326 0.507096 0.506998 0.506958 0.506940 0.506930 0.506919 0.506899 0.506857 0.506771 0.506595 0.506250 0.505594 0.504389 0.502248 0.498578 0.492510 0.482846 0.468039 0.446248 0.415491 0.373932 0.320280 0.254237 0.176878 0.090814 0.000000 
50.000000 42.220948 34.748055 27.851367 21.735797 16.524342 12.255472 8.893229 6.346052 4.489209 3.186141 2.305416 1.731810 1.371631 1.153462 1.025909 0.953889 0.914594 0.893862 0.883281 0.878052 0.875549 0.874388 0.873866 0.873638 0.873540 0.873500 0.873481 0.873469 0.873453 0.873422 0.873356 0.873218 0.872938 0.872385 0.871330 0.869382 0.865905 0.859909 0.849935 0.833946 0.809278 0.772704 0.720689 0.649867 0.557758 0.443604 0.309125 0.158884 0.000000 
50.000000 42.313460 34.929432 28.114746 22.071876 16.922357 12.704203 9.381890 6.864948 5.030135 3.742518 2.872230 2.305416 1.949499 1.733909 1.607864 1.536694 1.497862 1.477375 1.466917 1.461750 1.459277 1.458129 1.457613 1.457388 1.457291 1.457251 1.457231 1.457216 1.457193 1.457146 1.457047 1.456837 1.456409 1.455561 1.453937 1.450921 1.445507 1.436115 1.420386 1.394983 1.355476 1.296403 1.211633 1.095157 0.942304 0.751272 0.524603 0.270011 0.000000 
50.000000 42.455485 35.207885 28.519093 22.587840 17.533417 13.393138 10.132140 7.661634 5.860657 4.596773 3.742518 3.186141 2.836773 2.625148 2.501419 2.431556 2.393436 2.373325 2.363059 2.357987 2.355559 2.354432 2.353925 2.353704 2.353609 2.353568 2.353547 2.353528 2.353497 2.353430 2.353285 2.352981 2.352356 2.351116 2.348725 2.344263 2.336206 2.322133 2.298387 2.259718 2.199031 2.107386 1.974488 1.789870 1.544912 1.235545 0.865077 0.446070 0.000000 
50.000000 42.665589 35.619815 29.117271 23.351151 18.437424 14.412369 11.242102 8.840312 7.089411 5.860657 5.030135 4.489209 4.149539 3.943785 3.823486 3.755559 3.718495 3.698941 3.688959 3.684026 3.681665 3.680570 3.680077 3.679861 3.679769 3.679728 3.679706 3.679683 3.679640 3.679548 3.679349 3.678928 3.678062 3.676332 3.672981 3.666693 3.655262 3.635152 3.600938 3.544705 3.455536 3.319335 3.119358 2.837869 2.459275 1.974752 1.387567 0.717272 0.000000 
50.000000 42.964946 36.206738 29.969571 24.438749 19.725508 15.864653 12.823689 10.519836 8.840312 7.661634 6.864948 6.346052 6.020210 5.822829 5.707424 5.642259 5.606701 5.587941 5.578364 5.573632 5.571367 5.570316 5.569843 5.569636 5.569547 5.569507 5.569483 5.569455 5.569400 5.569281 5.569021 5.568469 5.567328 5.565039 5.560584 5.552171 5.536774 5.509472 5.462603 5.384776 5.259918 5.066685 4.778795 4.367050 3.803857 3.070741 2.168161 1.124703 0.000000 
50.000000 43.375553 37.011784 31.138626 25.930565 21.492345 17.856745 14.993173 12.823689 11.242102 10.132140 9.381890 8.893229 8.586369 8.400482 8.291796 8.230423 8.196934 8.179264 8.170245 8.165787 8.163654 8.162664 8.162218 8.162023 8.161938 8.161900 8.161875 8.161841 8.161775 8.161629 8.161308 8.160624 8.159206 8.156347 8.150751 8.140121 8.120525 8.085487 8.024754 7.922767 7.757005 7.496587 7.101895 6.526433 5.722579 4.652948 3.307758 1.724629 0.000000 
50.000000 43.917498 38.074338 32.681635 27.899596 23.824397 20.486141 17.856745 15.864653 14.412369 13.393138 12.704203 12.255472 11.973680 11.802976 11.703165 11.646803 11.616047 11.599819 11.591535 11.587441 11.585481 11.584572 11.584163 11.583983 11.583905 11.583869 11.583843 11.583806 11.583730 11.583561 11.583190 11.582395 11.580740 11.577389 11.570795 11.558190 11.534783 11.492570 11.418650 11.293011 11.085858 10.754850 10.243070 9.479421 8.384291 6.884669 4.942800 2.597392 0.000000 
50.000000 44.605522 39.423303 34.640572 30.399412 26.785120 23.824397 21.492345 19.725508 18.437424 17.533417 16.922357 16.524342 16.274395 16.122978 16.034443 15.984446 15.957164 15.942768 15.935419 15.931788 15.930049 15.929242 15.928879 15.928720 15.928650 15.928617 15.928591 15.928553 15.928472 15.928290 15.927890 15.927031 15.925235 15.921581 15.914357 15.900463 15.874475 15.827200 15.743547 15.599555 15.358458 14.965913 14.344976 13.392560 11.981283 9.974566 7.267791 3.868218 0.000000 
50.000000 45.445405 41.070015 37.031904 33.451030 30.399412 27.899596 25.930565 24.438749 23.351151 22.587840 22.071876 21.735797 21.524740 21.396881 21.322119 21.279899 21.256860 21.244703 21.238497 21.235430 21.233961 21.233280 21.232973 21.232838 21.232779 21.232750 21.232727 21.232690 21.232610 21.232431 21.232035 21.231183 21.229395 21.225744 21.218490 21.204460 21.178039 21.129573 21.042928 20.891876 20.634892 20.207987 19.515304 18.418129 16.725515 14.196916 10.583329 5.759548 0.000000 
50.000000 46.430941 43.002306 39.837961 37.031904 34.640572 32.681635 31.138626 29.969571 29.117271 28.519093 28.114746 27.851367 27.685963 27.585759 27.527166 27.494077 27.476020 27.466492 27.461628 27.459224 27.458073 27.457539 27.457299 27.457193 27.457146 27.457123 27.457103 27.457071 27.457001 27.456843 27.456492 27.455735 27.454143 27.450881 27.444374 27.431726 27.407763 27.363474 27.283548 27.142519 26.898830 26.485678 25.796966 24.666006 22.834988 19.918980 15.394637 8.732300 0.000000 
50.000000 47.542309 45.181314 43.002306 41.070015 39.423303 38.074338 37.011784 36.206738 35.619815 35.207885 34.929432 34.748055 34.634147 34.565140 34.524789 34.502001 34.489565 34.483003 34.479653 34.477997 34.477204 34.476837 34.476671 34.476598 34.476566 34.476550 34.476535 34.476511 34.476459 34.476340 34.476077 34.475507 34.474306 34.471839 34.466902 34.457269 34.438930 34.404830 34.342808 34.232248 34.038577 33.704026 33.131538 32.155511 30.486686 27.607669 22.590657 13.900847 0.000000 
50.000000 48.746496 47.542309 46.430941 45.445405 44.605522 43.917498 43.375553 42.964946 42.665589 42.455485 42.313460 42.220948 42.162849 42.127651 42.107069 42.095446 42.089102 42.085755 42.084046 42.083202 42.082798 42.082610 42.082525 42.082488 42.082472 42.082463 42.082456 42.082443 42.082415 42.082351 42.082210 42.081903 42.081256 42.079925 42.077256 42.072035 42.062064 42.043449 42.009415 41.948317 41.840243 41.650925 41.320106 40.737304 39.685856 37.698641 33.641463 24.373248 0.000000 
50.000000 50.000000 50.000000 50.000000 50.000000 50.000000 50.000000 50.000000 50.000000 50.000000 50.000000 50.000000 50.000000 50.000000 50.000000 50.000000 50.000000 50.000000 50.000000 50.000000 50.000000 50.000000 50.000000 50.000000 50.000000 50.000000 50.000000 50.000000 50.000000 50.000000 50.000000 50.000000 50.000000 50.000000 50.000000 50.000000 50.000000 50.000000 50.000000 50.000000 50.000000 50.000000 50.000000 50.000000 50.000000 50.000000 50.000000 50.000000 50.000000 50.000000 
