50.000000 50.000000 50.000000 50.000000 50.000000 50.000000 50.000000 50.000000 50.000000 50.000000 50.000000 50.000000 50.000000 50.000000 50.000000 50.000000 50.000000 50.000000 50.000000 50.000000 50.000000 50.000000 50.000000 50.000000 50.000000 50.000000 50.000000 50.000000 50.000000 50.000000 50.000000 50.000000 50.000000 50.000000 50.000000 50.000000 50.000000 50.000000 50.000000 50.000000 50.000000 50.000000 50.000000 50.000000 50.000000 50.000000 50.000000 50.000000 50.000000 50.000000 
50.000000 42.758441 37.144510 33.708137 32.005040 31.304602 31.060342 30.986797 30.967387 30.962840 30.961884 30.961703 30.961671 30.961666 30.961665 30.961665 30.961665 30.961665 30.961665 30.961665 30.961665 30.961665 30.961665 30.961665 30.961665 30.961665 30.961665 30.961665 30.961665 30.961665 30.961665 30.961665 30.961665 30.961665 30.961665 30.961665 30.961665 30.961665 30.961663 30.961651 30.961577 30.961161 30.959025 30.948975 30.905746 30.735699 30.120864 28.049788 21.379220 0.000000 
50.000000 37.144510 27.179909 21.082027 18.060909 16.818907 16.385986 16.255699 16.221330 16.213283 16.211593 16.211272 16.211216 16.211208 16.211206 16.211206 16.211206 16.211206 16.211206 16.211206 16.211206 16.211206 16.211206 16.211206 16.211206 16.211206 16.211206 16.211206 16.211206 16.211206 16.211206 16.211206 16.211206 16.211206 16.211206 16.211206 16.211206 16.211206 16.211203 16.211188 16.211098 16.210598 16.208069 16.196432 16.148013 15.967015 15.363722 13.589955 9.094723 0.000000 
50.000000 33.708137 21.082027 13.357726 9.532324 7.960398 7.412754 7.248030 7.204602 7.194440 7.192307 7.191902 7.191832 7.191821 7.191819 7.191819 7.191819 7.191819 7.191819 7.191819 7.191819 7.191819 7.191819 7.191819 7.191819 7.191819 7.191819 7.191819 7.191819 7.191819 7.191819 7.191819 7.191819 7.191819 7.191819 7.191819 7.191819 7.191818 7.191817 7.191806 7.191742 7.191392 7.189650 7.181795 7.150045 7.036174 6.678863 5.718305 3.587273 0.000000 
50.000000 32.005040 18.060909 9.532324 5.309936 3.575517 2.971507 2.789907 2.742052 2.730859 2.728511 2.728065 2.727988 2.727975 2.727974 2.727973 2.727973 2.727973 2.727973 2.727973 2.727973 2.727973 2.727973 2.727973 2.727973 2.727973 2.727973 2.727973 2.727973 2.727973 2.727973 2.727973 2.727973 2.727973 2.727973 2.727973 2.727973 2.727973 2.727972 2.727967 2.727934 2.727758 2.726889 2.723038 2.707827 2.654968 2.496151 2.093894 1.269341 0.000000 
50.000000 31.304602 16.818907 7.960398 3.575517 1.774758 1.147800 0.959350 0.909703 0.898095 0.895660 0.895198 0.895118 0.895105 0.895103 0.895103 0.895103 0.895103 0.895103 0.895103 0.895103 0.895103 0.895103 0.895103 0.895103 0.895103 0.895103 0.895103 0.895103 0.895103 0.895103 0.895103 0.895103 0.895103 0.895103 0.895103 0.895103 0.895103 0.895102 0.895100 0.895087 0.895017 0.894675 0.893180 0.887379 0.867690 0.810353 0.670894 0.398855 0.000000 
50.000000 31.060342 16.385986 7.412754 2.971507 1.147800 0.512929 0.322124 0.271864 0.260113 0.257649 0.257182 0.257101 0.257088 0.257086 0.257086 0.257086 0.257086 0.257086 0.257086 0.257086 0.257086 0.257086 0.257086 0.257086 0.257086 0.257086 0.257086 0.257086 0.257086 0.257086 0.257086 0.257086 0.257086 0.257086 0.257086 0.257086 0.257086 0.257086 0.257085 0.257081 0.257058 0.256946 0.256464 0.254620 0.248470 0.230959 0.189554 0.111367 0.000000 
50.000000 30.986797 16.255699 7.248030 2.789907 0.959350 0.322124 0.130622 0.080181 0.068388 0.065915 0.065446 0.065365 0.065352 0.065350 0.065350 0.065350 0.065350 0.065350 0.065350 0.065350 0.065350 0.065350 0.065350 0.065350 0.065350 0.065350 0.065350 0.065350 0.065350 0.065350 0.065350 0.065350 0.065350 0.065350 0.065350 0.065350 0.065350 0.065350 0.065350 0.065348 0.065342 0.065311 0.065178 0.064675 0.063019 0.058380 0.047630 0.027772 0.000000 
50.000000 30.967387 16.221330 7.204602 2.742052 0.909703 0.271864 0.080181 0.029692 0.017889 0.015414 0.014944 0.014863 0.014850 0.014848 0.014848 0.014848 0.014848 0.014848 0.014848 0.014848 0.014848 0.014848 0.014848 0.014848 0.014848 0.014848 0.014848 0.014848 0.014848 0.014848 0.014848 0.014848 0.014848 0.014848 0.014848 0.014848 0.014848 0.014848 0.014848 0.014848 0.014846 0.014839 0.014807 0.014686 0.014294 0.013210 0.010733 0.006226 0.000000 
50.000000 30.962840 16.213283 7.194440 2.730859 0.898095 0.260113 0.068388 0.017889 0.006083 0.003608 0.003138 0.003057 0.003044 0.003042 0.003042 0.003042 0.003042 0.003042 0.003042 0.003042 0.003042 0.003042 0.003042 0.003042 0.003042 0.003042 0.003042 0.003042 0.003042 0.003042 0.003042 0.003042 0.003042 0.003042 0.003042 0.003042 0.003042 0.003042 0.003042 0.003042 0.003041 0.003040 0.003033 0.003007 0.002925 0.002698 0.002186 0.001263 0.000000 
50.000000 30.961884 16.211593 7.192307 2.728511 0.895660 0.257649 0.065915 0.015414 0.003608 0.001132 0.000663 0.000581 0.000568 0.000566 0.000566 0.000566 0.000566 0.000566 0.000566 0.000566 0.000566 0.000566 0.000566 0.000566 0.000566 0.000566 0.000566 0.000566 0.000566 0.000566 0.000566 0.000566 0.000566 0.000566 0.000566 0.000566 0.000566 0.000566 0.000566 0.000566 0.000566 0.000566 0.000564 0.000560 0.000544 0.000501 0.000405 0.000234 0.000000 
50.000000 30.961703 16.211272 7.191902 2.728065 0.895198 0.257182 0.065446 0.014944 0.003138 0.000663 0.000193 0.000111 0.000099 0.000097 0.000096 0.000096 0.000096 0.000096 0.000096 0.000096 0.000096 0.000096 0.000096 0.000096 0.000096 0.000096 0.000096 0.000096 0.000096 0.000096 0.000096 0.000096 0.000096 0.000096 0.000096 0.000096 0.000096 0.000096 0.000096 0.000096 0.000096 0.000096 0.000096 0.000095 0.000093 0.000085 0.000069 0.000040 0.000000 
50.000000 30.961671 16.211216 7.191832 2.727988 0.895118 0.257101 0.065365 0.014863 0.003057 0.000581 0.000111 0.000030 0.000017 0.000015 0.000015 0.000015 0.000015 0.000015 0.000015 0.000015 0.000015 0.000015 0.000015 0.000015 0.000015 0.000015 0.000015 0.000015 0.000015 0.000015 0.000015 0.000015 0.000015 0.000015 0.000015 0.000015 0.000015 0.000015 0.000015 0.000015 0.000015 0.000015 0.000015 0.000015 0.000014 0.000013 0.000011 0.000006 0.000000 
50.000000 30.961666 16.211208 7.191821 2.727975 0.895105 0.257088 0.065352 0.014850 0.003044 0.000568 0.000099 0.000017 0.000004 0.000002 0.000002 0.000002 0.000002 0.000002 0.000002 0.000002 0.000002 0.000002 0.000002 0.000002 0.000002 0.000002 0.000002 0.000002 0.000002 0.000002 0.000002 0.000002 0.000002 0.000002 0.000002 0.000002 0.000002 0.000002 0.000002 0.000002 0.000002 0.000002 0.000002 0.000002 0.000002 0.000002 0.000002 0.000001 0.000000 
50.000000 30.961665 16.211206 7.191819 2.727974 0.895103 0.257086 0.065350 0.014848 0.003042 0.000566 0.000097 0.000015 0.000002 0.000001 0.000000 0.000000 0.000000 0.000000 0.000000 0.000000 0.000000 0.000000 0.000000 0.000000 0.000000 0.000000 0.000000 0.000000 0.000000 0.000000 0.000000 0.000000 0.000000 0.000000 0.000000 0.000000 0.000000 0.000000 0.000000 0.000000 0.000000 0.000000 0.000000 0.000000 0.000000 0.000000 0.000000 0.000000 0.000000 
50.000000 30.961665 16.211206 7.191819 2.727973 0.895103 0.257086 0.065350 0.014848 0.003042 0.000566 0.000096 0.000015 0.000002 0.000000 0.000000 0.000000 0.000000 0.000000 0.000000 0.000000 0.000000 0.000000 0.000000 0.000000 0.000000 0.000000 0.000000 0.000000 0.000000 0.000000 0.000000 0.000000 0.000000 0.000000 0.000000 0.000000 0.000000 0.000000 0.000000 0.000000 0.000000 0.000000 0.000000 0.000000 0.000000 0.000000 0.000000 0.000000 0.000000 
50.000000 30.961665 16.211206 7.191819 2.727973 0.895103 0.257086 0.065350 0.014848 0.003042 0.000566 0.000096 0.000015 0.000002 0.000000 0.000000 0.000000 0.000000 0.000000 0.000000 0.000000 0.000000 0.000000 0.000000 0.000000 0.000000 0.000000 0.000000 0.000000 0.000000 0.000000 0.000000 0.000000 0.000000 0.000000 0.000000 0.000000 0.000000 0.000000 0.000000 0.000000 0.000000 0.000000 0.000000 0.000000 0.000000 0.000000 0.000000 0.000000 0.000000 
50.000000 30.961665 16.211206 7.191819 2.727973 0.895103 0.257086 0.065350 0.014848 0.003042 0.000566 0.000096 0.000015 0.000002 0.000000 0.000000 0.000000 0.000000 0.000000 0.000000 0.000000 0.000000 0.000000 0.000000 0.000000 0.000000 0.000000 0.000000 0.000000 0.000000 0.000000 0.000000 0.000000 0.000000 0.000000 0.000000 0.000000 0.000000 0.000000 0.000000 0.000000 0.000000 0.000000 0.000000 0.000000 0.000000 0.000000 0.000000 0.000000 0.000000 
50.000000 30.961665 16.211206 7.191819 2.727973 0.895103 0.257086 0.065350 0.014848 0.003042 0.000566 0.000096 0.000015 0.000002 0.000000 0.000000 0.000000 0.000000 0.000000 0.000000 0.000000 0.000000 0.000000 0.000000 0.000000 0.000000 0.000000 0.000000 0.000000 0.000000 0.000000 0.000000 0.000000 0.000000 0.000000 0.000000 0.000000 0.000000 0.000000 0.000000 0.000000 0.000000 0.000000 0.000000 0.000000 0.000000 0.000000 0.000000 0.000000 0.000000 
50.000000 30.961665 16.211206 7.191819 2.727973 0.895103 0.257086 0.065350 0.014848 0.003042 0.000566 0.000096 0.000015 0.000002 0.000000 0.000000 0.000000 0.000000 0.000000 0.000000 0.000000 0.000000 0.000000 0.000000 0.000000 0.000000 0.000000 0.000000 0.000000 0.000000 0.000000 0.000000 0.000000 0.000000 0.000000 0.000000 0.000000 0.000000 0.000000 0.000000 0.000000 0.000000 0.000000 0.000000 0.000000 0.000000 0.000000 0.000000 0.000000 0.000000 
50.000000 30.961665 16.211206 7.191819 2.727973 0.895103 0.257086 0.065350 0.014848 0.003042 0.000566 0.000096 0.000015 0.000002 0.000000 0.000000 0.000000 0.000000 0.000000 0.000000 0.000000 0.000000 0.000000 0.000000 0.000000 0.000000 0.000000 0.000000 0.000000 0.000000 0.000000 0.000000 0.000000 0.000000 0.000000 0.000000 0.000000 0.000000 0.000000 0.000000 0.000000 0.000000 0.000000 0.000000 0.000000 0.000000 0.000000 0.000000 0.000000 0.000000 
50.000000 30.961665 16.211206 7.191819 2.727973 0.895103 0.257086 0.065350 0.014848 0.003042 0.000566 0.000096 0.000015 0.000002 0.000000 0.000000 0.000000 0.000000 0.000000 0.000000 0.000000 0.000000 0.000000 0.000000 0.000000 0.000000 0.000000 0.000000 0.000000 0.000000 0.000000 0.000000 0.000000 0.000000 0.000000 0.000000 0.000000 0.000000 0.000000 0.000000 0.000000 0.000000 0.000000 0.000000 0.000000 0.000000 0.000000 0.000000 0.000000 0.000000 
50.000000 30.961665 16.211206 7.191819 2.727973 0.895103 0.257086 0.065350 0.014848 0.003042 0.000566 0.000096 0.000015 0.000002 0.000000 0.000000 0.000000 0.000000 0.000000 0.000000 0.000000 0.000000 0.000000 0.000000 0.000000 0.000000 0.000000 0.000000 0.000000 0.000000 0.000000 0.000000 0.000000 0.000000 0.000000 0.000000 0.000000 0.000000 0.000000 0.000000 0.000000 0.000000 0.000000 0.000000 0.000000 0.000000 0.000000 0.000000 0.000000 0.000000 
50.000000 30.961665 16.211206 7.191819 2.727973 0.895103 0.257086 0.065350 0.014848 0.003042 0.000566 0.000096 0.000015 0.000002 0.000000 0.000000 0.000000 0.000000 0.000000 0.000000 0.000000 0.000000 0.000000 0.000000 0.000000 0.000000 0.000000 0.000000 0.000000 0.000000 0.000000 0.000000 0.000000 0.000000 0.000000 0.000000 0.000000 0.000000 0.000000 0.000000 0.000000 0.000000 0.000000 0.000000 0.000000 0.000000 0.000000 0.000000 0.000000 0.000000 
50.000000 30.961665 16.211206 7.191819 2.727973 0.895103 0.257086 0.065350 0.014848 0.003042 0.000566 0.000096 0.000015 0.000002 0.000000 0.000000 0.000000 0.000000 0.000000 0.000000 0.000000 0.000000 0.000000 0.000000 0.000000 0.000000 0.000000 0.000000 0.000000 0.000000 0.000000 0.000000 0.000000 0.000000 0.000000 0.000000 0.000000 0.000000 0.000000 0.000000 0.000000 0.000000 0.000000 0.000000 0.000000 0.000000 0.000000 0.000000 0.000000 0.000000 
50.000000 30.961665 16.211206 7.191819 2.727973 0.895103 0.257086 0.065350 0.014848 0.003042 0.000566 0.000096 0.000015 0.000002 0.000000 0.000000 0.000000 0.000000 0.000000 0.000000 0.000000 0.000000 0.000000 0.000000 0.000000 0.000000 0.000000 0.000000 0.000000 0.000000 0.000000 0.000000 0.000000 0.000000 0.000000 0.000000 0.000000 0.000000 0.000000 0.000000 0.000000 0.000000 0.000000 0.000000 0.000000 0.000000 0.000000 0.000000 0.000000 0.000000 
50.000000 30.961665 16.211206 7.191819 2.727973 0.895103 0.257086 0.065350 0.014848 0.003042 0.000566 0.000096 0.000015 0.000002 0.000000 0.000000 0.000000 0.000000 0.000000 0.000000 0.000000 0.000000 0.000000 0.000000 0.000000 0.000000 0.000000 0.000000 0.000000 0.000000 0.000000 0.000000 0.000000 0.000000 0.000000 0.000000 0.000000 0.000000 0.000000 0.000000 0.000000 0.000000 0.000000 0.000000 0.000000 0.000000 0.000000 0.000000 0.000000 0.000000 
50.000000 30.961665 16.211206 7.191819 2.727973 0.895103 0.257086 0.065350 0.014848 0.003042 0.000566 0.000096 0.000015 0.000002 0.000000 0.000000 0.000000 0.000000 0.000000 0.000000 0.000000 0.000000 0.000000 0.000000 0.000000 0.000000 0.000000 0.000000 0.000000 0.000000 0.000000 0.000000 0.000000 0.000000 0.000000 0.000000 0.000000 0.000000 0.000000 0.000000 0.000000 0.000000 0.000000 0.000000 0.000000 0.000000 0.000000 0.000000 0.000000 0.000000 
50.000000 30.961665 16.211206 7.191819 2.727973 0.895103 0.257086 0.065350 0.014848 0.003042 0.000566 0.000096 0.000015 0.000002 0.000000 0.000000 0.000000 0.000000 0.000000 0.000000 0.000000 0.000000 0.000000 0.000000 0.000000 0.000000 0.000000 0.000000 0.000000 0.000000 0.000000 0.000000 0.000000 0.000000 0.000000 0.000000 0.000000 0.000000 0.000000 0.000000 0.000000 0.000000 0.000000 0.000000 0.000000 0.000000 0.000000 0.000000 0.000000 0.000000 
50.000000 30.961665 16.211206 7.191819 2.727973 0.895103 0.257086 0.065350 0.014848 0.003042 0.000566 0.000096 0.000015 0.000002 0.000000 0.000000 0.000000 0.000000 0.000000 0.000000 0.000000 0.000000 0.000000 0.000000 0.000000 0.000000 0.000000 0.000000 0.000000 0.000000 0.000000 0.000000 0.000000 0.000000 0.000000 0.000000 0.000000 0.000000 0.000000 0.000000 0.000000 0.000000 0.000000 0.000000 0.000000 0.000000 0.000000 0.000000 0.000000 0.000000 
50.000000 30.961665 16.211206 7.191819 2.727973 0.895103 0.257086 0.065350 0.014848 0.003042 0.000566 0.000096 0.000015 0.000002 0.000000 0.000000 0.000000 0.000000 0.000000 0.000000 0.000000 0.000000 0.000000 0.000000 0.000000 0.000000 0.000000 0.000000 0.000000 0.000000 0.000000 0.000000 0.000000 0.000000 0.000000 0.000000 0.000000 0.000000 0.000000 0.000000 0.000000 0.000000 0.000000 0.000000 0.000000 0.000000 0.000000 0.000000 0.000000 0.000000 
50.000000 30.961665 16.211206 7.191819 2.727973 0.895103 0.257086 0.065350 0.014848 0.003042 0.000566 0.000096 0.000015 0.000002 0.000000 0.000000 0.000000 0.000000 0.000000 0.000000 0.000000 0.000000 0.000000 0.000000 0.000000 0.000000 0.000000 0.000000 0.000000 0.000000 0.000000 0.000000 0.000000 0.000000 0.000000 0.000000 0.000000 0.000000 0.000000 0.000000 0.000000 0.000000 0.000000 0.000000 0.000000 0.000000 0.000000 0.000000 0.000000 0.000000 
50.000000 30.961665 16.211206 7.191819 2.727973 0.895103 0.257086 0.065350 0.014848 0.003042 0.000566 0.000096 0.000015 0.000002 0.000000 0.000000 0.000000 0.000000 0.000000 0.000000 0.000000 0.000000 0.000000 0.000000 0.000000 0.000000 0.000000 0.000000 0.000000 0.000000 0.000000 0.000000 0.000000 0.000000 0.000000 0.000000 0.000000 0.000000 0.000000 0.000000 0.000000 0.000000 0.000000 0.000000 0.000000 0.000000 0.000000 0.000000 0.000000 0.000000 
50.000000 30.961665 16.211206 7.191819 2.727973 0.895103 0.257086 0.065350 0.014848 0.003042 0.000566 0.000096 0.000015 0.000002 0.000000 0.000000 0.000000 0.000000 0.000000 0.000000 0.000000 0.000000 0.000000 0.000000 0.000000 0.000000 0.000000 0.000000 0.000000 0.000000 0.000000 0.000000 0.000000 0.000000 0.000000 0.000000 0.000000 0.000000 0.000000 0.000000 0.000000 0.000000 0.000000 0.000000 0.000000 0.000000 0.000000 0.000000 0.000000 0.000000 
50.000000 30.961665 16.211206 7.191819 2.727973 0.895103 0.257086 0.065350 0.014848 0.003042 0.000566 0.000096 0.000015 0.000002 0.000000 0.000000 0.000000 0.000000 0.000000 0.000000 0.000000 0.000000 0.000000 0.000000 0.000000 0.000000 0.000000 0.000000 0.000000 0.000000 0.000000 0.000000 0.000000 0.000000 0.000000 0.000000 0.000000 0.000000 0.000000 0.000000 0.000000 0.000000 0.000000 0.000000 0.000000 0.000000 0.000000 0.000000 0.000000 0.000000 
50.000000 30.961665 16.211206 7.191819 2.727974 0.895103 0.257086 0.065350 0.014848 0.003042 0.000566 0.000097 0.000015 0.000002 0.000001 0.000000 0.000000 0.000000 0.000000 0.000000 0.000000 0.000000 0.000000 0.000000 0.000000 0.000000 0.000000 0.000000 0.000000 0.000000 0.000000 0.000000 0.000000 0.000000 0.000000 0.000000 0.000000 0.000000 0.000000 0.000000 0.000000 0.000000 0.000000 0.000000 0.000000 0.000000 0.000000 0.000000 0.000000 0.000000 
50.000000 30.961666 16.211208 7.191821 2.727975 0.895105 0.257088 0.065352 0.014850 0.003044 0.000568 0.000099 0.000017 0.000004 0.000002 0.000002 0.000002 0.000002 0.000002 0.000002 0.000002 0.000002 0.000002 0.000002 0.000002 0.000002 0.000002 0.000002 0.000002 0.000002 0.000002 0.000002 0.000002 0.000002 0.000002 0.000002 0.000002 0.000002 0.000002 0.000002 0.000002 0.000002 0.000002 0.000002 0.000002 0.000002 0.000002 0.000002 0.000001 0.000000 
50.000000 30.961671 16.211216 7.191832 2.727988 0.895118 0.257101 0.065365 0.014863 0.003057 0.000581 0.000111 0.000030 0.000017 0.000015 0.000015 0.000015 0.000015 0.000015 0.000015 0.000015 0.000015 0.000015 0.000015 0.000015 0.000015 0.000015 0.000015 0.000015 0.000015 0.000015 0.000015 0.000015 0.000015 0.000015 0.000015 0.000015 0.000015 0.000015 0.000015 0.000015 0.000015 0.000015 0.000015 0.000015 0.000014 0.000013 0.000011 0.000006 0.000000 
50.000000 30.961703 16.211272 7.191902 2.728065 0.895198 0.257182 0.065446 0.014944 0.003138 0.000663 0.000193 0.000111 0.000099 0.000097 0.000096 0.000096 0.000096 0.000096 0.000096 0.000096 0.000096 0.000096 0.000096 0.000096 0.000096 0.000096 0.000096 0.000096 0.000096 0.000096 0.000096 0.000096 0.000096 0.000096 0.000096 0.000096 0.000096 0.000096 0.000096 0.000096 0.000096 0.000096 0.000096 0.000095 0.000093 0.000085 0.000069 0.000040 0.000000 
50.000000 30.961884 16.211593 7.192307 2.728511 0.895660 0.257649 0.065915 0.015414 0.003608 0.001132 0.000663 0.000581 0.000568 0.000566 0.000566 0.000566 0.000566 0.000566 0.000566 0.000566 0.000566 0.000566 0.000566 0.000566 0.000566 0.000566 0.000566 0.000566 0.000566 0.000566 0.000566 0.000566 0.000566 0.000566 0.000566 0.000566 0.000566 0.000566 0.000566 0.000566 0.000566 0.000566 0.000564 0.000560 0.000544 0.000501 0.000405 0.000234 0.000000 
50.000000 30.962840 16.213283 7.194440 2.730859 0.898095 0.260113 0.068388 0.017889 0.006083 0.003608 0.003138 0.003057 0.003044 0.003042 0.003042 0.003042 0.003042 0.003042 0.003042 0.003042 0.003042 0.003042 0.003042 0.003042 0.003042 0.003042 0.003042 0.003042 0.003042 0.003042 0.003042 0.003042 0.003042 0.003042 0.003042 0.003042 0.003042 0.003042 0.003042 0.003042 0.003041 0.003040 0.003033 0.003007 0.002925 0.002698 0.002186 0.001263 0.000000 
50.000000 30.967387 16.221330 7.204602 2.742052 0.909703 0.271864 0.080181 0.029692 0.017889 0.015414 0.014944 0.014863 0.014850 0.014848 0.014848 0.014848 0.014848 0.014848 0.014848 0.014848 0.014848 0.014848 0.014848 0.014848 0.014848 0.014848 0.014848 0.014848 0.014848 0.014848 0.014848 0.014848 0.014848 0.014848 0.014848 0.014848 0.014848 0.014848 0.014848 0.014848 0.014846 0.014839 0.014807 0.014686 0.014294 0.013210 0.010733 0.006226 0.000000 
50.000000 30.986797 16.255699 7.248030 2.789907 0.959350 0.322124 0.130622 0.080181 0.068388 0.065915 0.065446 0.065365 0.065352 0.065350 0.065350 0.065350 0.065350 0.065350 0.065350 0.065350 0.065350 0.065350 0.065350 0.065350 0.065350 0.065350 0.065350 0.065350 0.065350 0.065350 0.065350 0.065350 0.065350 0.065350 0.065350 0.065350 0.065350 0.065350 0.065350 0.065348 0.065342 0.065311 0.065178 0.064675 0.063019 0.058380 0.047630 0.027772 0.000000 
50.000000 31.060342 16.385986 7.412754 2.971507 1.147800 0.512929 0.322124 0.271864 0.260113 0.257649 0.257182 0.257101 0.257088 0.257086 0.257086 0.257086 0.257086 0.257086 0.257086 0.257086 0.257086 0.257086 0.257086 0.257086 0.257086 0.257086 0.257086 0.257086 0.257086 0.257086 0.257086 0.257086 0.257086 0.257086 0.257086 0.257086 0.257086 0.257086 0.257085 0.257081 0.257058 0.256946 0.256464 0.254620 0.248470 0.230959 0.189554 0.111367 0.000000 
50.000000 31.304602 16.818907 7.960398 3.575517 1.774758 1.147800 0.959350 0.909703 0.898095 0.895660 0.895198 0.895118 0.895105 0.895103 0.895103 0.895103 0.895103 0.895103 0.895103 0.895103 0.895103 0.895103 0.895103 0.895103 0.895103 0.895103 0.895103 0.895103 0.895103 0.895103 0.895103 0.895103 0.895103 0.895103 0.895103 0.895103 0.895103 0.895102 0.895100 0.895087 0.895017 0.894675 0.893180 0.887379 0.867690 0.810353 0.670894 0.398855 0.000000 
50.000000 32.005040 18.060909 9.532324 5.309936 3.575517 2.971507 2.789907 2.742052 2.730859 2.728511 2.728065 2.727988 2.727975 2.727974 2.727973 2.727973 2.727973 2.727973 2.727973 2.727973 2.727973 2.727973 2.727973 2.727973 2.727973 2.727973 2.727973 2.727973 2.727973 2.727973 2.727973 2.727973 2.727973 2.727973 2.727973 2.727973 2.727973 2.727972 2.727967 2.727934 2.727758 2.726889 2.723038 2.707827 2.654968 2.496151 2.093894 1.269341 0.000000 
50.000000 33.708137 21.082027 13.357726 9.532324 7.960398 7.412754 7.248030 7.204602 7.194440 7.192307 7.191902 7.191832 7.191821 7.191819 7.191819 7.191819 7.191819 7.191819 7.191819 7.191819 7.191819 7.191819 7.191819 7.191819 7.191819 7.191819 7.191819 7.191819 7.191819 7.191819 7.191819 7.191819 7.191819 7.191819 7.191819 7.191819 7.191818 7.191817 7.191806 7.191742 7.191392 7.189650 7.181795 7.150045 7.036174 6.678863 5.718305 3.587273 0.000000 
50.000000 37.144510 27.179909 21.082027 18.060909 16.818907 16.385986 16.255699 16.221330 16.213283 16.211593 16.211272 16.211216 16.211208 16.211206 16.211206 16.211206 16.211206 16.211206 16.211206 16.211206 16.211206 16.211206 16.211206 16.211206 16.211206 16.211206 16.211206 16.211206 16.211206 16.211206 16.211206 16.211206 16.211206 16.211206 16.211206 16.211206 16.211206 16.211203 16.211188 16.211098 16.210598 16.208069 16.196432 16.148013 15.967015 15.363722 13.589955 9.094723 0.000000 
50.000000 42.758441 37.144510 33.708137 32.005040 31.304602 31.060342 30.986797 30.967387 30.962840 30.961884 30.961703 30.961671 30.961666 30.961665 30.961665 30.961665 30.961665 30.961665 30.961665 30.961665 30.961665 30.961665 30.961665 30.961665 30.961665 30.961665 30.961665 30.961665 30.961665 30.961665 30.961665 30.961665 30.961665 30.961665 30.961665 30.961665 30.961665 30.961663 30.961651 30.961577 30.961161 30.959025 30.948975 30.905746 30.735699 30.120864 28.049788 21.379220 0.000000 
50.000000 50.000000 50.000000 50.000000 50.000000 50.000000 50.000000 50.000000 50.000000 50.000000 50.000000 50.000000 50.000000 50.000000 50.000000 50.000000 50.000000 50.000000 50.000000 50.000000 50.000000 50.000000 50.000000 50.000000 50.000000 50.000000 50.000000 50.000000 50.000000 50.000000 50.000000 50.000000 50.000000 50.000000 50.000000 50.000000 50.000000 50.000000 50.000000 50.000000 50.000000 50.000000 50.000000 50.000000 50.000000 50.000000 50.000000 50.000000 50.000000 50.000000 
