50.000000 50.000000 50.000000 50.000000 50.000000 50.000000 50.000000 50.000000 50.000000 50.000000 50.000000 50.000000 50.000000 50.000000 50.000000 50.000000 50.000000 50.000000 50.000000 50.000000 50.000000 50.000000 50.000000 50.000000 50.000000 50.000000 50.000000 50.000000 50.000000 50.000000 50.000000 50.000000 50.000000 50.000000 50.000000 50.000000 50.000000 50.000000 50.000000 50.000000 50.000000 50.000000 50.000000 50.000000 50.000000 50.000000 50.000000 50.000000 50.000000 50.000000 
50.000000 45.641853 41.877497 39.059480 37.220121 36.165416 35.629777 35.386886 35.287779 35.251129 35.238767 35.234940 35.233847 35.233558 35.233486 35.233470 35.233466 35.233466 35.233466 35.233466 35.233466 35.233466 35.233466 35.233466 35.233466 35.233466 35.233466 35.233466 35.233466 35.233466 35.233466 35.233466 35.233466 35.233465 35.233465 35.233464 35.233460 35.233440 35.233356 35.233013 35.231716 35.227102 35.211719 35.163576 35.021567 34.623527 33.547477 30.673114 22.820927 0.000000 
50.000000 41.877497 34.861880 29.610256 26.182728 24.217554 23.219648 22.767197 22.582609 22.514360 22.491342 22.484218 22.482184 22.481645 22.481513 22.481482 22.481475 22.481474 22.481474 22.481474 22.481474 22.481474 22.481474 22.481474 22.481474 22.481474 22.481474 22.481474 22.481474 22.481474 22.481474 22.481474 22.481474 22.481474 22.481473 22.481472 22.481465 22.481435 22.481307 22.480790 22.478849 22.472023 22.449623 22.381110 22.185889 21.667550 20.384565 17.430940 11.204382 0.000000 
50.000000 39.059480 29.610256 22.537484 17.921882 15.275897 13.932499 13.323512 13.075111 12.983288 12.952326 12.942745 12.940010 12.939287 12.939109 12.939068 12.939059 12.939057 12.939057 12.939056 12.939056 12.939056 12.939056 12.939056 12.939056 12.939056 12.939056 12.939056 12.939056 12.939056 12.939056 12.939056 12.939056 12.939056 12.939056 12.939055 12.939048 12.939019 12.938895 12.938402 12.936564 12.930190 12.909646 12.848333 12.679532 12.252767 11.268742 9.225692 5.512003 0.000000 
50.000000 37.220121 26.182728 17.921882 12.531586 9.441941 7.873556 7.162714 6.872826 6.765691 6.729573 6.718400 6.715212 6.714369 6.714161 6.714113 6.714103 6.714101 6.714100 6.714100 6.714100 6.714100 6.714100 6.714100 6.714100 6.714100 6.714100 6.714100 6.714100 6.714100 6.714100 6.714100 6.714100 6.714100 6.714100 6.714099 6.714094 6.714072 6.713981 6.713621 6.712292 6.707741 6.693323 6.651252 6.538839 6.265793 5.669115 4.515178 2.596594 0.000000 
50.000000 36.165416 24.217554 15.275897 9.441941 6.098410 4.401389 3.632368 3.318810 3.202948 3.163896 3.151817 3.148371 3.147460 3.147235 3.147184 3.147173 3.147170 3.147170 3.147170 3.147170 3.147170 3.147170 3.147170 3.147170 3.147170 3.147170 3.147170 3.147170 3.147170 3.147170 3.147170 3.147170 3.147170 3.147170 3.147169 3.147166 3.147153 3.147098 3.146882 3.146094 3.143427 3.135106 3.111289 3.049205 2.903102 2.596366 2.031666 1.143849 0.000000 
50.000000 35.629777 23.219648 13.932499 7.873556 4.401389 2.639261 1.840828 1.515317 1.395054 1.354524 1.341991 1.338415 1.337470 1.337237 1.337184 1.337172 1.337170 1.337169 1.337169 1.337169 1.337169 1.337169 1.337169 1.337169 1.337169 1.337169 1.337169 1.337169 1.337169 1.337169 1.337169 1.337169 1.337169 1.337169 1.337169 1.337167 1.337160 1.337132 1.337022 1.336624 1.335292 1.331188 1.319631 1.290101 1.222304 1.084165 0.838538 0.466202 0.000000 
50.000000 35.386886 22.767197 13.323512 7.162714 3.632368 1.840828 1.029124 0.698228 0.575985 0.534792 0.522054 0.518421 0.517460 0.517224 0.517169 0.517157 0.517155 0.517155 0.517155 0.517155 0.517155 0.517155 0.517155 0.517155 0.517155 0.517155 0.517155 0.517155 0.517155 0.517155 0.517155 0.517155 0.517155 0.517154 0.517154 0.517154 0.517151 0.517138 0.517089 0.516914 0.516333 0.514562 0.509639 0.497263 0.469391 0.413866 0.317573 0.175167 0.000000 
50.000000 35.287779 22.582609 13.075111 6.872826 3.318810 1.515317 0.698228 0.365150 0.242107 0.200645 0.187825 0.184168 0.183202 0.182964 0.182909 0.182897 0.182895 0.182894 0.182894 0.182894 0.182894 0.182894 0.182894 0.182894 0.182894 0.182894 0.182894 0.182894 0.182894 0.182894 0.182894 0.182894 0.182894 0.182894 0.182894 0.182894 0.182893 0.182888 0.182869 0.182800 0.182575 0.181895 0.180024 0.175382 0.165085 0.144921 0.110586 0.060677 0.000000 
50.000000 35.251129 22.514360 12.983288 6.765691 3.202948 1.395054 0.575985 0.242107 0.118770 0.077210 0.064360 0.060695 0.059726 0.059488 0.059433 0.059421 0.059419 0.059418 0.059418 0.059418 0.059418 0.059418 0.059418 0.059418 0.059418 0.059418 0.059418 0.059418 0.059418 0.059418 0.059418 0.059418 0.059418 0.059418 0.059418 0.059418 0.059417 0.059416 0.059409 0.059385 0.059306 0.059071 0.058430 0.056854 0.053400 0.046724 0.035511 0.019414 0.000000 
50.000000 35.238767 22.491342 12.952326 6.729573 3.163896 1.354524 0.534792 0.200645 0.077210 0.035618 0.022758 0.019090 0.018120 0.017882 0.017827 0.017815 0.017812 0.017812 0.017812 0.017812 0.017812 0.017812 0.017812 0.017812 0.017812 0.017812 0.017812 0.017812 0.017812 0.017812 0.017812 0.017812 0.017812 0.017812 0.017812 0.017812 0.017812 0.017811 0.017809 0.017801 0.017776 0.017702 0.017502 0.017013 0.015953 0.013924 0.010551 0.005753 0.000000 
50.000000 35.234940 22.484218 12.942745 6.718400 3.151817 1.341991 0.522054 0.187825 0.064360 0.022758 0.009895 0.006226 0.005256 0.005017 0.004963 0.004951 0.004948 0.004948 0.004948 0.004948 0.004948 0.004948 0.004948 0.004948 0.004948 0.004948 0.004948 0.004948 0.004948 0.004948 0.004948 0.004948 0.004948 0.004948 0.004948 0.004948 0.004948 0.004948 0.004947 0.004945 0.004937 0.004916 0.004859 0.004719 0.004419 0.003850 0.002911 0.001584 0.000000 
50.000000 35.233847 22.482184 12.940010 6.715212 3.148371 1.338415 0.518421 0.184168 0.060695 0.019090 0.006226 0.002557 0.001587 0.001348 0.001293 0.001282 0.001279 0.001279 0.001279 0.001279 0.001279 0.001279 0.001279 0.001279 0.001279 0.001279 0.001279 0.001279 0.001279 0.001279 0.001279 0.001279 0.001279 0.001279 0.001279 0.001279 0.001279 0.001279 0.001278 0.001278 0.001276 0.001270 0.001255 0.001218 0.001140 0.000991 0.000748 0.000407 0.000000 
50.000000 35.233558 22.481645 12.939287 6.714369 3.147460 1.337470 0.517460 0.183202 0.059726 0.018120 0.005256 0.001587 0.000617 0.000378 0.000323 0.000311 0.000309 0.000309 0.000309 0.000309 0.000309 0.000309 0.000309 0.000309 0.000309 0.000309 0.000309 0.000309 0.000309 0.000309 0.000309 0.000309 0.000309 0.000309 0.000309 0.000309 0.000308 0.000308 0.000308 0.000308 0.000308 0.000306 0.000303 0.000294 0.000274 0.000238 0.000180 0.000098 0.000000 
50.000000 35.233486 22.481513 12.939109 6.714161 3.147235 1.337237 0.517224 0.182964 0.059488 0.017882 0.005017 0.001348 0.000378 0.000139 0.000085 0.000073 0.000070 0.000070 0.000070 0.000070 0.000070 0.000070 0.000070 0.000070 0.000070 0.000070 0.000070 0.000070 0.000070 0.000070 0.000070 0.000070 0.000070 0.000070 0.000070 0.000070 0.000070 0.000070 0.000070 0.000070 0.000070 0.000069 0.000068 0.000066 0.000062 0.000054 0.000041 0.000022 0.000000 
50.000000 35.233470 22.481482 12.939068 6.714113 3.147184 1.337184 0.517169 0.182909 0.059433 0.017827 0.004963 0.001293 0.000323 0.000085 0.000030 0.000018 0.000015 0.000015 0.000015 0.000015 0.000015 0.000015 0.000015 0.000015 0.000015 0.000015 0.000015 0.000015 0.000015 0.000015 0.000015 0.000015 0.000015 0.000015 0.000015 0.000015 0.000015 0.000015 0.000015 0.000015 0.000015 0.000015 0.000015 0.000014 0.000013 0.000011 0.000009 0.000005 0.000000 
50.000000 35.233466 22.481475 12.939059 6.714103 3.147173 1.337172 0.517157 0.182897 0.059421 0.017815 0.004951 0.001282 0.000311 0.000073 0.000018 0.000006 0.000004 0.000003 0.000003 0.000003 0.000003 0.000003 0.000003 0.000003 0.000003 0.000003 0.000003 0.000003 0.000003 0.000003 0.000003 0.000003 0.000003 0.000003 0.000003 0.000003 0.000003 0.000003 0.000003 0.000003 0.000003 0.000003 0.000003 0.000003 0.000003 0.000002 0.000002 0.000001 0.000000 
50.000000 35.233466 22.481474 12.939057 6.714101 3.147170 1.337170 0.517155 0.182895 0.059419 0.017812 0.004948 0.001279 0.000309 0.000070 0.000015 0.000004 0.000001 0.000001 0.000001 0.000001 0.000001 0.000001 0.000001 0.000001 0.000001 0.000001 0.000001 0.000001 0.000001 0.000001 0.000001 0.000001 0.000001 0.000001 0.000001 0.000001 0.000001 0.000001 0.000001 0.000001 0.000001 0.000001 0.000001 0.000001 0.000000 0.000000 0.000000 0.000000 0.000000 
50.000000 35.233466 22.481474 12.939057 6.714100 3.147170 1.337169 0.517155 0.182894 0.059418 0.017812 0.004948 0.001279 0.000309 0.000070 0.000015 0.000003 0.000001 0.000000 0.000000 0.000000 0.000000 0.000000 0.000000 0.000000 0.000000 0.000000 0.000000 0.000000 0.000000 0.000000 0.000000 0.000000 0.000000 0.000000 0.000000 0.000000 0.000000 0.000000 0.000000 0.000000 0.000000 0.000000 0.000000 0.000000 0.000000 0.000000 0.000000 0.000000 0.000000 
50.000000 35.233466 22.481474 12.939056 6.714100 3.147170 1.337169 0.517155 0.182894 0.059418 0.017812 0.004948 0.001279 0.000309 0.000070 0.000015 0.000003 0.000001 0.000000 0.000000 0.000000 0.000000 0.000000 0.000000 0.000000 0.000000 0.000000 0.000000 0.000000 0.000000 0.000000 0.000000 0.000000 0.000000 0.000000 0.000000 0.000000 0.000000 0.000000 0.000000 0.000000 0.000000 0.000000 0.000000 0.000000 0.000000 0.000000 0.000000 0.000000 0.000000 
50.000000 35.233466 22.481474 12.939056 6.714100 3.147170 1.337169 0.517155 0.182894 0.059418 0.017812 0.004948 0.001279 0.000309 0.000070 0.000015 0.000003 0.000001 0.000000 0.000000 0.000000 0.000000 0.000000 0.000000 0.000000 0.000000 0.000000 0.000000 0.000000 0.000000 0.000000 0.000000 0.000000 0.000000 0.000000 0.000000 0.000000 0.000000 0.000000 0.000000 0.000000 0.000000 0.000000 0.000000 0.000000 0.000000 0.000000 0.000000 0.000000 0.000000 
50.000000 35.233466 22.481474 12.939056 6.714100 3.147170 1.337169 0.517155 0.182894 0.059418 0.017812 0.004948 0.001279 0.000309 0.000070 0.000015 0.000003 0.000001 0.000000 0.000000 0.000000 0.000000 0.000000 0.000000 0.000000 0.000000 0.000000 0.000000 0.000000 0.000000 0.000000 0.000000 0.000000 0.000000 0.000000 0.000000 0.000000 0.000000 0.000000 0.000000 0.000000 0.000000 0.000000 0.000000 0.000000 0.000000 0.000000 0.000000 0.000000 0.000000 
50.000000 35.233466 22.481474 12.939056 6.714100 3.147170 1.337169 0.517155 0.182894 0.059418 0.017812 0.004948 0.001279 0.000309 0.000070 0.000015 0.000003 0.000001 0.000000 0.000000 0.000000 0.000000 0.000000 0.000000 0.000000 0.000000 0.000000 0.000000 0.000000 0.000000 0.000000 0.000000 0.000000 0.000000 0.000000 0.000000 0.000000 0.000000 0.000000 0.000000 0.000000 0.000000 0.000000 0.000000 0.000000 0.000000 0.000000 0.000000 0.000000 0.000000 
50.000000 35.233466 22.481474 12.939056 6.714100 3.147170 1.337169 0.517155 0.182894 0.059418 0.017812 0.004948 0.001279 0.000309 0.000070 0.000015 0.000003 0.000001 0.000000 0.000000 0.000000 0.000000 0.000000 0.000000 0.000000 0.000000 0.000000 0.000000 0.000000 0.000000 0.000000 0.000000 0.000000 0.000000 0.000000 0.000000 0.000000 0.000000 0.000000 0.000000 0.000000 0.000000 0.000000 0.000000 0.000000 0.000000 0.000000 0.000000 0.000000 0.000000 
50.000000 35.233466 22.481474 12.939056 6.714100 3.147170 1.337169 0.517155 0.182894 0.059418 0.017812 0.004948 0.001279 0.000309 0.000070 0.000015 0.000003 0.000001 0.000000 0.000000 0.000000 0.000000 0.000000 0.000000 0.000000 0.000000 0.000000 0.000000 0.000000 0.000000 0.000000 0.000000 0.000000 0.000000 0.000000 0.000000 0.000000 0.000000 0.000000 0.000000 0.000000 0.000000 0.000000 0.000000 0.000000 0.000000 0.000000 0.000000 0.000000 0.000000 
50.000000 35.233466 22.481474 12.939056 6.714100 3.147170 1.337169 0.517155 0.182894 0.059418 0.017812 0.004948 0.001279 0.000309 0.000070 0.000015 0.000003 0.000001 0.000000 0.000000 0.000000 0.000000 0.000000 0.000000 0.000000 0.000000 0.000000 0.000000 0.000000 0.000000 0.000000 0.000000 0.000000 0.000000 0.000000 0.000000 0.000000 0.000000 0.000000 0.000000 0.000000 0.000000 0.000000 0.000000 0.000000 0.000000 0.000000 0.000000 0.000000 0.000000 
50.000000 35.233466 22.481474 12.939056 6.714100 3.147170 1.337169 0.517155 0.182894 0.059418 0.017812 0.004948 0.001279 0.000309 0.000070 0.000015 0.000003 0.000001 0.000000 0.000000 0.000000 0.000000 0.000000 0.000000 0.000000 0.000000 0.000000 0.000000 0.000000 0.000000 0.000000 0.000000 0.000000 0.000000 0.000000 0.000000 0.000000 0.000000 0.000000 0.000000 0.000000 0.000000 0.000000 0.000000 0.000000 0.000000 0.000000 0.000000 0.000000 0.000000 
50.000000 35.233466 22.481474 12.939056 6.714100 3.147170 1.337169 0.517155 0.182894 0.059418 0.017812 0.004948 0.001279 0.000309 0.000070 0.000015 0.000003 0.000001 0.000000 0.000000 0.000000 0.000000 0.000000 0.000000 0.000000 0.000000 0.000000 0.000000 0.000000 0.000000 0.000000 0.000000 0.000000 0.000000 0.000000 0.000000 0.000000 0.000000 0.000000 0.000000 0.000000 0.000000 0.000000 0.000000 0.000000 0.000000 0.000000 0.000000 0.000000 0.000000 
50.000000 35.233466 22.481474 12.939056 6.714100 3.147170 1.337169 0.517155 0.182894 0.059418 0.017812 0.004948 0.001279 0.000309 0.000070 0.000015 0.000003 0.000001 0.000000 0.000000 0.000000 0.000000 0.000000 0.000000 0.000000 0.000000 0.000000 0.000000 0.000000 0.000000 0.000000 0.000000 0.000000 0.000000 0.000000 0.000000 0.000000 0.000000 0.000000 0.000000 0.000000 0.000000 0.000000 0.000000 0.000000 0.000000 0.000000 0.000000 0.000000 0.000000 
50.000000 35.233466 22.481474 12.939056 6.714100 3.147170 1.337169 0.517155 0.182894 0.059418 0.017812 0.004948 0.001279 0.000309 0.000070 0.000015 0.000003 0.000001 0.000000 0.000000 0.000000 0.000000 0.000000 0.000000 0.000000 0.000000 0.000000 0.000000 0.000000 0.000000 0.000000 0.000000 0.000000 0.000000 0.000000 0.000000 0.000000 0.000000 0.000000 0.000000 0.000000 0.000000 0.000000 0.000000 0.000000 0.000000 0.000000 0.000000 0.000000 0.000000 
50.000000 35.233466 22.481474 12.939056 6.714100 3.147170 1.337169 0.517155 0.182894 0.059418 0.017812 0.004948 0.001279 0.000309 0.000070 0.000015 0.000003 0.000001 0.000000 0.000000 0.000000 0.000000 0.000000 0.000000 0.000000 0.000000 0.000000 0.000000 0.000000 0.000000 0.000000 0.000000 0.000000 0.000000 0.000000 0.000000 0.000000 0.000000 0.000000 0.000000 0.000000 0.000000 0.000000 0.000000 0.000000 0.000000 0.000000 0.000000 0.000000 0.000000 
50.000000 35.233466 22.481474 12.939057 6.714100 3.147170 1.337169 0.517155 0.182894 0.059418 0.017812 0.004948 0.001279 0.000309 0.000070 0.000015 0.000003 0.000001 0.000000 0.000000 0.000000 0.000000 0.000000 0.000000 0.000000 0.000000 0.000000 0.000000 0.000000 0.000000 0.000000 0.000000 0.000000 0.000000 0.000000 0.000000 0.000000 0.000000 0.000000 0.000000 0.000000 0.000000 0.000000 0.000000 0.000000 0.000000 0.000000 0.000000 0.000000 0.000000 
50.000000 35.233466 22.481474 12.939057 6.714101 3.147170 1.337170 0.517155 0.182895 0.059419 0.017812 0.004948 0.001279 0.000309 0.000070 0.000015 0.000004 0.000001 0.000001 0.000001 0.000001 0.000001 0.000001 0.000001 0.000001 0.000001 0.000001 0.000001 0.000001 0.000001 0.000001 0.000001 0.000001 0.000001 0.000001 0.000001 0.000001 0.000001 0.000001 0.000001 0.000001 0.000001 0.000001 0.000001 0.000001 0.000000 0.000000 0.000000 0.000000 0.000000 
50.000000 35.233466 22.481475 12.939059 6.714103 3.147173 1.337172 0.517157 0.182897 0.059421 0.017815 0.004951 0.001282 0.000311 0.000073 0.000018 0.000006 0.000004 0.000003 0.000003 0.000003 0.000003 0.000003 0.000003 0.000003 0.000003 0.000003 0.000003 0.000003 0.000003 0.000003 0.000003 0.000003 0.000003 0.000003 0.000003 0.000003 0.000003 0.000003 0.000003 0.000003 0.000003 0.000003 0.000003 0.000003 0.000003 0.000002 0.000002 0.000001 0.000000 
50.000000 35.233470 22.481482 12.939068 6.714113 3.147184 1.337184 0.517169 0.182909 0.059433 0.017827 0.004963 0.001293 0.000323 0.000085 0.000030 0.000018 0.000015 0.000015 0.000015 0.000015 0.000015 0.000015 0.000015 0.000015 0.000015 0.000015 0.000015 0.000015 0.000015 0.000015 0.000015 0.000015 0.000015 0.000015 0.000015 0.000015 0.000015 0.000015 0.000015 0.000015 0.000015 0.000015 0.000015 0.000014 0.000013 0.000011 0.000009 0.000005 0.000000 
50.000000 35.233486 22.481513 12.939109 6.714161 3.147235 1.337237 0.517224 0.182964 0.059488 0.017882 0.005017 0.001348 0.000378 0.000139 0.000085 0.000073 0.000070 0.000070 0.000070 0.000070 0.000070 0.000070 0.000070 0.000070 0.000070 0.000070 0.000070 0.000070 0.000070 0.000070 0.000070 0.000070 0.000070 0.000070 0.000070 0.000070 0.000070 0.000070 0.000070 0.000070 0.000070 0.000069 0.000068 0.000066 0.000062 0.000054 0.000041 0.000022 0.000000 
50.000000 35.233558 22.481645 12.939287 6.714369 3.147460 1.337470 0.517460 0.183202 0.059726 0.018120 0.005256 0.001587 0.000617 0.000378 0.000323 0.000311 0.000309 0.000309 0.000309 0.000309 0.000309 0.000309 0.000309 0.000309 0.000309 0.000309 0.000309 0.000309 0.000309 0.000309 0.000309 0.000309 0.000309 0.000309 0.000309 0.000309 0.000308 0.000308 0.000308 0.000308 0.000308 0.000306 0.000303 0.000294 0.000274 0.000238 0.000180 0.000098 0.000000 
50.000000 35.233847 22.482184 12.940010 6.715212 3.148371 1.338415 0.518421 0.184168 0.060695 0.019090 0.006226 0.002557 0.001587 0.001348 0.001293 0.001282 0.001279 0.001279 0.001279 0.001279 0.001279 0.001279 0.001279 0.001279 0.001279 0.001279 0.001279 0.001279 0.001279 0.001279 0.001279 0.001279 0.001279 0.001279 0.001279 0.001279 0.001279 0.001279 0.001278 0.001278 0.001276 0.001270 0.001255 0.001218 0.001140 0.000991 0.000748 0.000407 0.000000 
50.000000 35.234940 22.484218 12.942745 6.718400 3.151817 1.341991 0.522054 0.187825 0.064360 0.022758 0.009895 0.006226 0.005256 0.005017 0.004963 0.004951 0.004948 0.004948 0.004948 0.004948 0.004948 0.004948 0.004948 0.004948 0.004948 0.004948 0.004948 0.004948 0.004948 0.004948 0.004948 0.004948 0.004948 0.004948 0.004948 0.004948 0.004948 0.004948 0.004947 0.004945 0.004937 0.004916 0.004859 0.004719 0.004419 0.003850 0.002911 0.001584 0.000000 
50.000000 35.238767 22.491342 12.952326 6.729573 3.163896 1.354524 0.534792 0.200645 0.077210 0.035618 0.022758 0.019090 0.018120 0.017882 0.017827 0.017815 0.017812 0.017812 0.017812 0.017812 0.017812 0.017812 0.017812 0.017812 0.017812 0.017812 0.017812 0.017812 0.017812 0.017812 0.017812 0.017812 0.017812 0.017812 0.017812 0.017812 0.017812 0.017811 0.017809 0.017801 0.017776 0.017702 0.017502 0.017013 0.015953 0.013924 0.010551 0.005753 0.000000 
50.000000 35.251129 22.514360 12.983288 6.765691 3.202948 1.395054 0.575985 0.242107 0.118770 0.077210 0.064360 0.060695 0.059726 0.059488 0.059433 0.059421 0.059419 0.059418 0.059418 0.059418 0.059418 0.059418 0.059418 0.059418 0.059418 0.059418 0.059418 0.059418 0.059418 0.059418 0.059418 0.059418 0.059418 0.059418 0.059418 0.059418 0.059417 0.059416 0.059409 0.059385 0.059306 0.059071 0.058430 0.056854 0.053400 0.046724 0.035511 0.019414 0.000000 
50.000000 35.287779 22.582609 13.075111 6.872826 3.318810 1.515317 0.698228 0.365150 0.242107 0.200645 0.187825 0.184168 0.183202 0.182964 0.182909 0.182897 0.182895 0.182894 0.182894 0.182894 0.182894 0.182894 0.182894 0.182894 0.182894 0.182894 0.182894 0.182894 0.182894 0.182894 0.182894 0.182894 0.182894 0.182894 0.182894 0.182894 0.182893 0.182888 0.182869 0.182800 0.182575 0.181895 0.180024 0.175382 0.165085 0.144921 0.110586 0.060677 0.000000 
50.000000 35.386886 22.767197 13.323512 7.162714 3.632368 1.840828 1.029124 0.698228 0.575985 0.534792 0.522054 0.518421 0.517460 0.517224 0.517169 0.517157 0.517155 0.517155 0.517155 0.517155 0.517155 0.517155 0.517155 0.517155 0.517155 0.517155 0.517155 0.517155 0.517155 0.517155 0.517155 0.517155 0.517155 0.517154 0.517154 0.517154 0.517151 0.517138 0.517089 0.516914 0.516333 0.514562 0.509639 0.497263 0.469391 0.413866 0.317573 0.175167 0.000000 
50.000000 35.629777 23.219648 13.932499 7.873556 4.401389 2.639261 1.840828 1.515317 1.395054 1.354524 1.341991 1.338415 1.337470 1.337237 1.337184 1.337172 1.337170 1.337169 1.337169 1.337169 1.337169 1.337169 1.337169 1.337169 1.337169 1.337169 1.337169 1.337169 1.337169 1.337169 1.337169 1.337169 1.337169 1.337169 1.337169 1.337167 1.337160 1.337132 1.337022 1.336624 1.335292 1.331188 1.319631 1.290101 1.222304 1.084165 0.838538 0.466202 0.000000 
50.000000 36.165416 24.217554 15.275897 9.441941 6.098410 4.401389 3.632368 3.318810 3.202948 3.163896 3.151817 3.148371 3.147460 3.147235 3.147184 3.147173 3.147170 3.147170 3.147170 3.147170 3.147170 3.147170 3.147170 3.147170 3.147170 3.147170 3.147170 3.147170 3.147170 3.147170 3.147170 3.147170 3.147170 3.147170 3.147169 3.147166 3.147153 3.147098 3.146882 3.146094 3.143427 3.135106 3.111289 3.049205 2.903102 2.596366 2.031666 1.143849 0.000000 
50.000000 37.220121 26.182728 17.921882 12.531586 9.441941 7.873556 7.162714 6.872826 6.765691 6.729573 6.718400 6.715212 6.714369 6.714161 6.714113 6.714103 6.714101 6.714100 6.714100 6.714100 6.714100 6.714100 6.714100 6.714100 6.714100 6.714100 6.714100 6.714100 6.714100 6.714100 6.714100 6.714100 6.714100 6.714100 6.714099 6.714094 6.714072 6.713981 6.713621 6.712292 6.707741 6.693323 6.651252 6.538839 6.265793 5.669115 4.515178 2.596594 0.000000 
50.000000 39.059480 29.610256 22.537484 17.921882 15.275897 13.932499 13.323512 13.075111 12.983288 12.952326 12.942745 12.940010 12.939287 12.939109 12.939068 12.939059 12.939057 12.939057 12.939056 12.939056 12.939056 12.939056 12.939056 12.939056 12.939056 12.939056 12.939056 12.939056 12.939056 12.939056 12.939056 12.939056 12.939056 12.939056 12.939055 12.939048 12.939019 12.938895 12.938402 12.936564 12.930190 12.909646 12.848333 12.679532 12.252767 11.268742 9.225692 5.512003 0.000000 
50.000000 41.877497 34.861880 29.610256 26.182728 24.217554 23.219648 22.767197 22.582609 22.514360 22.491342 22.484218 22.482184 22.481645 22.481513 22.481482 22.481475 22.481474 22.481474 22.481474 22.481474 22.481474 22.481474 22.481474 22.481474 22.481474 22.481474 22.481474 22.481474 22.481474 22.481474 22.481474 22.481474 22.481474 22.481473 22.481472 22.481465 22.481435 22.481307 22.480790 22.478849 22.472023 22.449623 22.381110 22.185889 21.667550 20.384565 17.430940 11.204382 0.000000 
50.000000 45.641853 41.877497 39.059480 37.220121 36.165416 35.629777 35.386886 35.287779 35.251129 35.238767 35.234940 35.233847 35.233558 35.233486 35.233470 35.233466 35.233466 35.233466 35.233466 35.233466 35.233466 35.233466 35.233466 35.233466 35.233466 35.233466 35.233466 35.233466 35.233466 35.233466 35.233466 35.233466 35.233465 35.233465 35.233464 35.233460 35.233440 35.233356 35.233013 35.231716 35.227102 35.211719 35.163576 35.021567 34.623527 33.547477 30.673114 22.820927 0.000000 
50.000000 50.000000 50.000000 50.000000 50.000000 50.000000 50.000000 50.000000 50.000000 50.000000 50.000000 50.000000 50.000000 50.000000 50.000000 50.000000 50.000000 50.000000 50.000000 50.000000 50.000000 50.000000 50.000000 50.000000 50.000000 50.000000 50.000000 50.000000 50.000000 50.000000 50.000000 50.000000 50.000000 50.000000 50.000000 50.000000 50.000000 50.000000 50.000000 50.000000 50.000000 50.000000 50.000000 50.000000 50.000000 50.000000 50.000000 50.000000 50.000000 50.000000 
