50.000000 50.000000 50.000000 50.000000 50.000000 50.000000 50.000000 50.000000 50.000000 50.000000 50.000000 50.000000 50.000000 50.000000 50.000000 50.000000 50.000000 50.000000 50.000000 50.000000 50.000000 50.000000 50.000000 50.000000 50.000000 50.000000 50.000000 50.000000 50.000000 50.000000 50.000000 50.000000 50.000000 50.000000 50.000000 50.000000 50.000000 50.000000 50.000000 50.000000 50.000000 50.000000 50.000000 50.000000 50.000000 50.000000 50.000000 50.000000 50.000000 50.000000 
50.000000 48.959533 47.953050 47.011209 46.158554 45.411693 44.778646 44.259323 43.846909 43.529792 43.293629 43.123244 43.004116 42.923376 42.870310 42.836476 42.815542 42.802968 42.795633 42.791476 42.789186 42.787959 42.787320 42.786995 42.786833 42.786752 42.786706 42.786667 42.786613 42.786512 42.786309 42.785907 42.785120 42.783613 42.780790 42.775610 42.766296 42.749863 42.721372 42.672739 42.590775 42.453880 42.226108 41.845751 41.201352 40.076007 38.003276 33.850666 24.479766 0.000000 
50.000000 47.953050 45.972960 44.120042 42.442585 40.973264 39.727853 38.706177 37.894829 37.270960 36.806355 36.471156 36.236798 36.077959 35.973563 35.907003 35.865821 35.841085 35.826655 35.818477 35.813972 35.811559 35.810301 35.809662 35.809343 35.809184 35.809094 35.809020 35.808917 35.808726 35.808345 35.807587 35.806107 35.803279 35.797987 35.788298 35.770918 35.740348 35.687557 35.597906 35.447858 35.199648 34.792332 34.126105 33.033527 31.224878 28.184057 22.986480 14.102384 0.000000 
50.000000 47.011209 44.120042 41.414566 38.965287 36.819915 35.001482 33.509730 32.325085 31.414181 30.735819 30.246404 29.904226 29.672312 29.519889 29.422709 29.362583 29.326468 29.305400 29.293460 29.286883 29.283360 29.281523 29.280590 29.280126 29.279893 29.279764 29.279661 29.279519 29.279258 29.278741 29.277713 29.275710 29.271890 29.264762 29.251750 29.228500 29.187799 29.117936 29.000208 28.805157 28.486857 27.974165 27.157232 25.866853 23.844590 20.707283 15.935986 9.007933 0.000000 
50.000000 46.158554 42.442585 38.965287 35.817281 33.059889 30.722713 28.805418 27.282844 26.112105 25.240247 24.611235 24.171461 23.873403 23.677510 23.552615 23.475342 23.428929 23.401854 23.386510 23.378057 23.373529 23.371169 23.369971 23.369374 23.369077 23.368914 23.368788 23.368621 23.368316 23.367715 23.366524 23.364209 23.359807 23.351620 23.336736 23.310270 23.264219 23.185764 23.054797 22.840409 22.495960 21.952376 21.109406 19.825387 17.908641 15.120696 11.217708 6.082547 0.000000 
50.000000 45.411693 40.973264 36.819915 33.059889 29.766430 26.974894 24.684879 22.866330 21.468020 20.426695 19.675427 19.150181 18.794199 18.560238 18.411075 18.318788 18.263357 18.231023 18.212698 18.202604 18.197196 18.194378 18.192947 18.192236 18.191883 18.191693 18.191551 18.191371 18.191050 18.190420 18.189176 18.186764 18.182194 18.173729 18.158412 18.131330 18.084530 18.005462 17.874829 17.663710 17.329925 16.813747 16.033578 14.883215 13.234502 10.953062 7.939737 4.210341 0.000000 
50.000000 44.778646 39.727853 35.001482 30.722713 26.974894 23.798258 21.192346 19.122950 17.531772 16.346829 15.491954 14.894280 14.489213 14.222997 14.053271 13.948263 13.885193 13.848403 13.827553 13.816068 13.809916 13.806710 13.805082 13.804274 13.803874 13.803663 13.803513 13.803333 13.803019 13.802408 13.801206 13.798886 13.794505 13.786426 13.771884 13.746328 13.702486 13.629063 13.509031 13.317517 13.019417 12.567113 11.899129 10.941316 9.613307 7.844250 5.601748 2.932895 0.000000 
50.000000 44.259323 38.706177 33.509730 28.805418 24.684879 21.192346 18.327309 16.052154 14.302781 13.000042 12.060194 11.403118 10.957798 10.665130 10.478543 10.363105 10.293771 10.253327 10.230407 10.217782 10.211020 10.207496 10.205708 10.204820 10.204384 10.204157 10.204005 10.203834 10.203545 10.202990 10.201903 10.199812 10.195880 10.188663 10.175743 10.153181 10.114763 10.050984 9.947795 9.785167 9.535696 9.163654 8.625233 7.871133 6.853042 5.535565 3.913845 2.033215 0.000000 
50.000000 43.846909 37.894829 32.325085 27.282844 22.866330 19.122950 16.052154 13.613622 11.738642 10.342379 9.335068 8.630835 8.153561 7.839896 7.639925 7.516209 7.441903 7.398561 7.373999 7.360469 7.353223 7.349446 7.347530 7.346581 7.346116 7.345878 7.345728 7.345572 7.345321 7.344843 7.343914 7.342134 7.338802 7.332715 7.321876 7.303069 7.271279 7.218950 7.135121 7.004513 6.806811 6.516458 6.103533 5.536405 4.786884 3.838228 2.695181 1.393029 0.000000 
50.000000 43.529792 37.270960 31.414181 26.112105 21.468020 17.531772 14.302781 11.738642 9.767099 8.298939 7.239770 6.499290 5.997455 5.667653 5.457398 5.327320 5.249195 5.203625 5.177801 5.163576 5.155958 5.151988 5.149974 5.148977 5.148491 5.148247 5.148101 5.147964 5.147754 5.147363 5.146608 5.145169 5.142486 5.137608 5.128970 5.114073 5.089070 5.048246 4.983447 4.883550 4.734129 4.517613 4.214255 3.804309 3.271697 2.609024 1.823102 0.939017 0.000000 
50.000000 43.293629 36.806355 30.735819 25.240247 20.426695 16.346829 13.000042 10.342379 8.298939 6.777252 5.679476 4.912012 4.391896 4.050084 3.832173 3.697361 3.616394 3.569167 3.542404 3.527663 3.519768 3.515654 3.513567 3.512535 3.512033 3.511786 3.511646 3.511527 3.511358 3.511052 3.510467 3.509357 3.507295 3.503565 3.496995 3.485731 3.466951 3.436519 3.388626 3.315492 3.207258 3.052247 2.837797 2.551866 2.185449 1.735611 1.208449 0.620890 0.000000 
50.000000 43.123244 36.471156 30.246404 24.611235 19.675427 15.491955 12.060194 9.335068 7.239770 5.679476 4.553858 3.766935 3.233636 2.883163 2.659734 2.521509 2.438493 2.390072 2.362632 2.347519 2.339424 2.335207 2.333068 2.332010 2.331498 2.331248 2.331114 2.331012 2.330881 2.330651 2.330216 2.329396 2.327880 2.325149 2.320362 2.312202 2.298683 2.276929 2.242957 2.191525 2.116118 2.009210 1.862892 1.669964 1.425472 1.128468 0.783599 0.401871 0.000000 
50.000000 43.004116 36.236798 29.904226 24.171461 19.150181 14.894280 11.403118 8.630835 6.499290 4.912012 3.766935 2.966413 2.423903 2.067379 1.840094 1.699485 1.615038 1.565783 1.537871 1.522497 1.514264 1.509974 1.507799 1.506724 1.506204 1.505954 1.505825 1.505737 1.505637 1.505470 1.505160 1.504578 1.503508 1.501588 1.498239 1.492560 1.483207 1.468252 1.445062 1.410219 1.359556 1.288355 1.191794 1.065651 0.907242 0.716427 0.496451 0.254254 0.000000 
50.000000 42.923376 36.077959 29.672312 23.873403 18.794199 14.489213 10.957798 8.153561 5.997455 4.391896 3.233636 2.423903 1.875153 1.514531 1.284635 1.142412 1.056996 1.007176 0.978944 0.963395 0.955067 0.950728 0.948528 0.947442 0.946917 0.946667 0.946542 0.946466 0.946390 0.946273 0.946060 0.945662 0.944935 0.943637 0.941382 0.937577 0.931343 0.921434 0.906166 0.883382 0.850491 0.804617 0.742886 0.662868 0.563133 0.443812 0.307041 0.157080 0.000000 
50.000000 42.870310 35.973563 29.519889 23.677510 18.560238 14.222997 10.665130 7.839896 5.667654 4.050084 2.883163 2.067379 1.514531 1.151218 0.919607 0.776324 0.690272 0.640081 0.611640 0.595974 0.587585 0.583214 0.580998 0.579904 0.579376 0.579126 0.579005 0.578938 0.578880 0.578799 0.578657 0.578396 0.577920 0.577073 0.575609 0.573150 0.569140 0.562801 0.553089 0.538683 0.518020 0.489387 0.451113 0.401826 0.340773 0.268139 0.185265 0.094700 0.000000 
50.000000 42.836476 35.907003 29.422709 23.552615 18.411075 14.053271 10.478543 7.639926 5.457398 3.832173 2.659734 1.840095 1.284635 0.919607 0.686905 0.542947 0.456490 0.406063 0.377487 0.361749 0.353320 0.348929 0.346703 0.345603 0.345074 0.344824 0.344706 0.344644 0.344599 0.344545 0.344453 0.344287 0.343986 0.343453 0.342535 0.340999 0.338507 0.334586 0.328608 0.319790 0.307211 0.289880 0.266845 0.237347 0.200996 0.157948 0.109016 0.055686 0.000000 
50.000000 42.815542 35.865821 29.362583 23.475342 18.318788 13.948264 10.363105 7.516209 5.327320 3.697361 2.521509 1.699486 1.142412 0.776324 0.542947 0.398571 0.311864 0.261291 0.232633 0.216849 0.208396 0.203993 0.201760 0.200658 0.200127 0.199878 0.199761 0.199704 0.199668 0.199630 0.199573 0.199470 0.199286 0.198962 0.198405 0.197478 0.195979 0.193630 0.190067 0.184834 0.177407 0.167226 0.153759 0.136595 0.115536 0.090693 0.062543 0.031930 0.000000 
50.000000 42.802969 35.841085 29.326468 23.428929 18.263358 13.885194 10.293771 7.441904 5.249196 3.616395 2.438494 1.615039 1.056997 0.690273 0.456490 0.311864 0.225007 0.174347 0.145640 0.129828 0.121361 0.116949 0.114713 0.113609 0.113078 0.112829 0.112713 0.112659 0.112628 0.112602 0.112566 0.112505 0.112396 0.112205 0.111878 0.111336 0.110462 0.109099 0.107039 0.104027 0.099771 0.093960 0.086308 0.076594 0.064721 0.050758 0.034978 0.017849 0.000000 
50.000000 42.795634 35.826656 29.305401 23.401856 18.231025 13.848405 10.253330 7.398563 5.203627 3.569169 2.390074 1.565785 1.007178 0.640084 0.406065 0.261293 0.174348 0.123637 0.094901 0.079074 0.070598 0.066182 0.063944 0.062839 0.062308 0.062058 0.061944 0.061891 0.061864 0.061845 0.061823 0.061787 0.061724 0.061615 0.061429 0.061121 0.060628 0.059860 0.058705 0.057021 0.054651 0.051429 0.047200 0.041851 0.035333 0.027689 0.019070 0.009727 0.000000 
50.000000 42.791477 35.818479 29.293463 23.386513 18.212702 13.827557 10.230413 7.374004 5.177807 3.542410 2.362638 1.537877 0.978950 0.611646 0.377494 0.232639 0.145645 0.094905 0.066153 0.050316 0.041836 0.037417 0.035178 0.034072 0.033541 0.033291 0.033177 0.033125 0.033101 0.033086 0.033072 0.033051 0.033016 0.032956 0.032853 0.032684 0.032413 0.031993 0.031364 0.030450 0.029167 0.027428 0.025154 0.022287 0.018802 0.014725 0.010136 0.005169 0.000000 
50.000000 42.789188 35.813977 29.286890 23.378066 18.202614 13.816079 10.217795 7.360483 5.163591 3.527678 2.347534 1.522513 0.963410 0.595990 0.361764 0.216865 0.129843 0.079087 0.050326 0.034485 0.026001 0.021582 0.019341 0.018235 0.017704 0.017455 0.017341 0.017289 0.017266 0.017254 0.017244 0.017232 0.017213 0.017181 0.017126 0.017035 0.016891 0.016668 0.016334 0.015851 0.015176 0.014263 0.013072 0.011574 0.009758 0.007638 0.005255 0.002679 0.000000 
50.000000 42.787965 35.811570 29.283376 23.373550 18.197221 13.809944 10.211051 7.353255 5.155992 3.519803 2.339460 1.514300 0.955104 0.587622 0.353357 0.208433 0.121397 0.070633 0.041867 0.026023 0.017538 0.013118 0.010877 0.009771 0.009240 0.008991 0.008877 0.008826 0.008803 0.008792 0.008785 0.008778 0.008768 0.008751 0.008722 0.008675 0.008600 0.008484 0.008312 0.008063 0.007716 0.007248 0.006639 0.005875 0.004950 0.003873 0.002664 0.001358 0.000000 
50.000000 42.787333 35.810327 29.281561 23.371218 18.194437 13.806776 10.207568 7.349523 5.152069 3.515737 2.335292 1.510060 0.950815 0.583302 0.349017 0.204080 0.117037 0.066268 0.037499 0.021654 0.013169 0.008748 0.006507 0.005401 0.004869 0.004620 0.004507 0.004456 0.004433 0.004423 0.004418 0.004413 0.004408 0.004399 0.004384 0.004360 0.004321 0.004262 0.004175 0.004048 0.003872 0.003636 0.003328 0.002944 0.002479 0.001939 0.001333 0.000679 0.000000 
50.000000 42.787025 35.809722 29.280678 23.370083 18.193081 13.805233 10.205873 7.347706 5.150159 3.513758 2.333262 1.507996 0.948727 0.581198 0.346903 0.201961 0.114914 0.064143 0.035373 0.019528 0.011042 0.006621 0.004380 0.003274 0.002742 0.002493 0.002379 0.002328 0.002306 0.002296 0.002292 0.002289 0.002285 0.002281 0.002273 0.002260 0.002240 0.002208 0.002162 0.002096 0.002004 0.001881 0.001721 0.001521 0.001281 0.001001 0.000688 0.000351 0.000000 
50.000000 42.786902 35.809478 29.280322 23.369625 18.192534 13.804612 10.205190 7.346974 5.149389 3.512960 2.332445 1.507164 0.947886 0.580351 0.346052 0.201107 0.114058 0.063287 0.034517 0.018671 0.010185 0.005764 0.003523 0.002416 0.001885 0.001636 0.001522 0.001471 0.001449 0.001440 0.001435 0.001433 0.001430 0.001427 0.001422 0.001414 0.001401 0.001381 0.001352 0.001310 0.001253 0.001175 0.001075 0.000950 0.000799 0.000625 0.000429 0.000219 0.000000 
50.000000 42.786902 35.809478 29.280322 23.369625 18.192534 13.804612 10.205190 7.346974 5.149389 3.512960 2.332445 1.507164 0.947886 0.580351 0.346052 0.201107 0.114058 0.063287 0.034517 0.018671 0.010185 0.005764 0.003523 0.002416 0.001885 0.001636 0.001522 0.001471 0.001449 0.001440 0.001435 0.001433 0.001430 0.001427 0.001422 0.001414 0.001401 0.001381 0.001352 0.001310 0.001253 0.001175 0.001075 0.000950 0.000799 0.000625 0.000429 0.000219 0.000000 
50.000000 42.787025 35.809722 29.280678 23.370083 18.193081 13.805233 10.205873 7.347706 5.150159 3.513758 2.333262 1.507996 0.948727 0.581198 0.346903 0.201961 0.114914 0.064143 0.035373 0.019528 0.011042 0.006621 0.004380 0.003274 0.002742 0.002493 0.002379 0.002328 0.002306 0.002296 0.002292 0.002289 0.002285 0.002281 0.002273 0.002260 0.002240 0.002208 0.002162 0.002096 0.002004 0.001881 0.001721 0.001521 0.001281 0.001001 0.000688 0.000351 0.000000 
50.000000 42.787333 35.810327 29.281561 23.371218 18.194437 13.806776 10.207568 7.349523 5.152069 3.515737 2.335292 1.510060 0.950815 0.583302 0.349017 0.204080 0.117037 0.066268 0.037499 0.021654 0.013169 0.008748 0.006507 0.005401 0.004869 0.004620 0.004507 0.004456 0.004433 0.004423 0.004418 0.004413 0.004408 0.004399 0.004384 0.004360 0.004321 0.004262 0.004175 0.004048 0.003872 0.003636 0.003328 0.002944 0.002479 0.001939 0.001333 0.000679 0.000000 
50.000000 42.787965 35.811570 29.283376 23.373550 18.197221 13.809944 10.211051 7.353255 5.155992 3.519803 2.339460 1.514300 0.955104 0.587622 0.353357 0.208433 0.121397 0.070633 0.041867 0.026023 0.017538 0.013118 0.010877 0.009771 0.009240 0.008991 0.008877 0.008826 0.008803 0.008792 0.008785 0.008778 0.008768 0.008751 0.008722 0.008675 0.008600 0.008484 0.008312 0.008063 0.007716 0.007248 0.006639 0.005875 0.004950 0.003873 0.002664 0.001358 0.000000 
50.000000 42.789188 35.813977 29.286890 23.378066 18.202614 13.816079 10.217795 7.360483 5.163591 3.527678 2.347534 1.522513 0.963410 0.595990 0.361764 0.216865 0.129843 0.079087 0.050326 0.034485 0.026001 0.021582 0.019341 0.018235 0.017704 0.017455 0.017341 0.017289 0.017266 0.017254 0.017244 0.017232 0.017213 0.017181 0.017126 0.017035 0.016891 0.016668 0.016334 0.015851 0.015176 0.014263 0.013072 0.011574 0.009758 0.007638 0.005255 0.002679 0.000000 
50.000000 42.791477 35.818479 29.293463 23.386513 18.212702 13.827557 10.230413 7.374004 5.177807 3.542410 2.362638 1.537877 0.978950 0.611646 0.377494 0.232639 0.145645 0.094905 0.066153 0.050316 0.041836 0.037417 0.035178 0.034072 0.033541 0.033291 0.033177 0.033125 0.033101 0.033086 0.033072 0.033051 0.033016 0.032956 0.032853 0.032684 0.032413 0.031993 0.031364 0.030450 0.029167 0.027428 0.025154 0.022287 0.018802 0.014725 0.010136 0.005169 0.000000 
50.000000 42.795634 35.826656 29.305401 23.401856 18.231025 13.848405 10.253330 7.398563 5.203627 3.569169 2.390074 1.565785 1.007178 0.640084 0.406065 0.261293 0.174348 0.123637 0.094901 0.079074 0.070598 0.066182 0.063944 0.062839 0.062308 0.062058 0.061944 0.061891 0.061864 0.061845 0.061823 0.061787 0.061724 0.061615 0.061429 0.061121 0.060628 0.059860 0.058705 0.057021 0.054651 0.051429 0.047200 0.041851 0.035333 0.027689 0.019070 0.009727 0.000000 
50.000000 42.802969 35.841085 29.326468 23.428929 18.263358 13.885194 10.293771 7.441904 5.249196 3.616395 2.438494 1.615039 1.056997 0.690273 0.456490 0.311864 0.225007 0.174347 0.145640 0.129828 0.121361 0.116949 0.114713 0.113609 0.113078 0.112829 0.112713 0.112659 0.112628 0.112602 0.112566 0.112505 0.112396 0.112205 0.111878 0.111336 0.110462 0.109099 0.107039 0.104027 0.099771 0.093960 0.086308 0.076594 0.064721 0.050758 0.034978 0.017849 0.000000 
50.000000 42.815542 35.865821 29.362583 23.475342 18.318788 13.948264 10.363105 7.516209 5.327320 3.697361 2.521509 1.699486 1.142412 0.776324 0.542947 0.398571 0.311864 0.261291 0.232633 0.216849 0.208396 0.203993 0.201760 0.200658 0.200127 0.199878 0.199761 0.199704 0.199668 0.199630 0.199573 0.199470 0.199286 0.198962 0.198405 0.197478 0.195979 0.193630 0.190067 0.184834 0.177407 0.167226 0.153759 0.136595 0.115536 0.090693 0.062543 0.031930 0.000000 
50.000000 42.836476 35.907003 29.422709 23.552615 18.411075 14.053271 10.478543 7.639926 5.457398 3.832173 2.659734 1.840095 1.284635 0.919607 0.686905 0.542947 0.456490 0.406063 0.377487 0.361749 0.353320 0.348929 0.346703 0.345603 0.345074 0.344824 0.344706 0.344644 0.344599 0.344545 0.344453 0.344287 0.343986 0.343453 0.342535 0.340999 0.338507 0.334586 0.328608 0.319790 0.307211 0.289880 0.266845 0.237347 0.200996 0.157948 0.109016 0.055686 0.000000 
50.000000 42.870310 35.973563 29.519889 23.677510 18.560238 14.222997 10.665130 7.839896 5.667654 4.050084 2.883163 2.067379 1.514531 1.151218 0.919607 0.776324 0.690272 0.640081 0.611640 0.595974 0.587585 0.583214 0.580998 0.579904 0.579376 0.579126 0.579005 0.578938 0.578880 0.578799 0.578657 0.578396 0.577920 0.577073 0.575609 0.573150 0.569140 0.562801 0.553089 0.538683 0.518020 0.489387 0.451113 0.401826 0.340773 0.268139 0.185265 0.094700 0.000000 
50.000000 42.923376 36.077959 29.672312 23.873403 18.794199 14.489213 10.957798 8.153561 5.997455 4.391896 3.233636 2.423903 1.875153 1.514531 1.284635 1.142412 1.056996 1.007176 0.978944 0.963395 0.955067 0.950728 0.948528 0.947442 0.946917 0.946667 0.946542 0.946466 0.946390 0.946273 0.946060 0.945662 0.944935 0.943637 0.941382 0.937577 0.931343 0.921434 0.906166 0.883382 0.850491 0.804617 0.742886 0.662868 0.563133 0.443812 0.307041 0.157080 0.000000 
50.000000 43.004116 36.236798 29.904226 24.171461 19.150181 14.894280 11.403118 8.630835 6.499290 4.912012 3.766935 2.966413 2.423903 2.067379 1.840094 1.699485 1.615038 1.565783 1.537871 1.522497 1.514264 1.509974 1.507799 1.506724 1.506204 1.505954 1.505825 1.505737 1.505637 1.505470 1.505160 1.504578 1.503508 1.501588 1.498239 1.492560 1.483207 1.468252 1.445062 1.410219 1.359556 1.288355 1.191794 1.065651 0.907242 0.716427 0.496451 0.254254 0.000000 
50.000000 43.123244 36.471156 30.246404 24.611235 19.675427 15.491955 12.060194 9.335068 7.239770 5.679476 4.553858 3.766935 3.233636 2.883163 2.659734 2.521509 2.438493 2.390072 2.362632 2.347519 2.339424 2.335207 2.333068 2.332010 2.331498 2.331248 2.331114 2.331012 2.330881 2.330651 2.330216 2.329396 2.327880 2.325149 2.320362 2.312202 2.298683 2.276929 2.242957 2.191525 2.116118 2.009210 1.862892 1.669964 1.425472 1.128468 0.783599 0.401871 0.000000 
50.000000 43.293629 36.806355 30.735819 25.240247 20.426695 16.346829 13.000042 10.342379 8.298939 6.777252 5.679476 4.912012 4.391896 4.050084 3.832173 3.697361 3.616394 3.569167 3.542404 3.527663 3.519768 3.515654 3.513567 3.512535 3.512033 3.511786 3.511646 3.511527 3.511358 3.511052 3.510467 3.509357 3.507295 3.503565 3.496995 3.485731 3.466951 3.436519 3.388626 3.315492 3.207258 3.052247 2.837797 2.551866 2.185449 1.735611 1.208449 0.620890 0.000000 
50.000000 43.529792 37.270960 31.414181 26.112105 21.468020 17.531772 14.302781 11.738642 9.767099 8.298939 7.239770 6.499290 5.997455 5.667653 5.457398 5.327320 5.249195 5.203625 5.177801 5.163576 5.155958 5.151988 5.149974 5.148977 5.148491 5.148247 5.148101 5.147964 5.147754 5.147363 5.146608 5.145169 5.142486 5.137608 5.128970 5.114073 5.089070 5.048246 4.983447 4.883550 4.734129 4.517613 4.214255 3.804309 3.271697 2.609024 1.823102 0.939017 0.000000 
50.000000 43.846909 37.894829 32.325085 27.282844 22.866330 19.122950 16.052154 13.613622 11.738642 10.342379 9.335068 8.630835 8.153561 7.839896 7.639925 7.516209 7.441903 7.398561 7.373999 7.360469 7.353223 7.349446 7.347530 7.346581 7.346116 7.345878 7.345728 7.345572 7.345321 7.344843 7.343914 7.342134 7.338802 7.332715 7.321876 7.303069 7.271279 7.218950 7.135121 7.004513 6.806811 6.516458 6.103533 5.536405 4.786884 3.838228 2.695181 1.393029 0.000000 
50.000000 44.259323 38.706177 33.509730 28.805418 24.684879 21.192346 18.327309 16.052154 14.302781 13.000042 12.060194 11.403118 10.957798 10.665130 10.478543 10.363105 10.293771 10.253327 10.230407 10.217782 10.211020 10.207496 10.205708 10.204820 10.204384 10.204157 10.204005 10.203834 10.203545 10.202990 10.201903 10.199812 10.195880 10.188663 10.175743 10.153181 10.114763 10.050984 9.947795 9.785167 9.535696 9.163654 8.625233 7.871133 6.853042 5.535565 3.913845 2.033215 0.000000 
50.000000 44.778646 39.727853 35.001482 30.722713 26.974894 23.798258 21.192346 19.122950 17.531772 16.346829 15.491954 14.894280 14.489213 14.222997 14.053271 13.948263 13.885193 13.848403 13.827553 13.816068 13.809916 13.806710 13.805082 13.804274 13.803874 13.803663 13.803513 13.803333 13.803019 13.802408 13.801206 13.798886 13.794505 13.786426 13.771884 13.746328 13.702486 13.629063 13.509031 13.317517 13.019417 12.567113 11.899129 10.941316 9.613307 7.844250 5.601748 2.932895 0.000000 
50.000000 45.411693 40.973264 36.819915 33.059889 29.766430 26.974894 24.684879 22.866330 21.468020 20.426695 19.675427 19.150181 18.794199 18.560238 18.411075 18.318788 18.263357 18.231023 18.212698 18.202604 18.197196 18.194378 18.192947 18.192236 18.191883 18.191693 18.191551 18.191371 18.191050 18.190420 18.189176 18.186764 18.182194 18.173729 18.158412 18.131330 18.084530 18.005462 17.874829 17.663710 17.329925 16.813747 16.033578 14.883215 13.234502 10.953062 7.939737 4.210341 0.000000 
50.000000 46.158554 42.442585 38.965287 35.817281 33.059889 30.722713 28.805418 27.282844 26.112105 25.240247 24.611235 24.171461 23.873403 23.677510 23.552615 23.475342 23.428929 23.401854 23.386510 23.378057 23.373529 23.371169 23.369971 23.369374 23.369077 23.368914 23.368788 23.368621 23.368316 23.367715 23.366524 23.364209 23.359807 23.351620 23.336736 23.310270 23.264219 23.185764 23.054797 22.840409 22.495960 21.952376 21.109406 19.825387 17.908641 15.120696 11.217708 6.082547 0.000000 
50.000000 47.011209 44.120042 41.414566 38.965287 36.819915 35.001482 33.509730 32.325085 31.414181 30.735819 30.246404 29.904226 29.672312 29.519889 29.422709 29.362583 29.326468 29.305400 29.293460 29.286883 29.283360 29.281523 29.280590 29.280126 29.279893 29.279764 29.279661 29.279519 29.279258 29.278741 29.277713 29.275710 29.271890 29.264762 29.251750 29.228500 29.187799 29.117936 29.000208 28.805157 28.486857 27.974165 27.157232 25.866853 23.844590 20.707283 15.935986 9.007933 0.000000 
50.000000 47.953050 45.972960 44.120042 42.442585 40.973264 39.727853 38.706177 37.894829 37.270960 36.806355 36.471156 36.236798 36.077959 35.973563 35.907003 35.865821 35.841085 35.826655 35.818477 35.813972 35.811559 35.810301 35.809662 35.809343 35.809184 35.809094 35.809020 35.808917 35.808726 35.808345 35.807587 35.806107 35.803279 35.797987 35.788298 35.770918 35.740348 35.687557 35.597906 35.447858 35.199648 34.792332 34.126105 33.033527 31.224878 28.184057 22.986480 14.102384 0.000000 
50.000000 48.959533 47.953050 47.011209 46.158554 45.411693 44.778646 44.259323 43.846909 43.529792 43.293629 43.123244 43.004116 42.923376 42.870310 42.836476 42.815542 42.802968 42.795633 42.791476 42.789186 42.787959 42.787320 42.786995 42.786833 42.786752 42.786706 42.786667 42.786613 42.786512 42.786309 42.785907 42.785120 42.783613 42.780790 42.775610 42.766296 42.749863 42.721372 42.672739 42.590775 42.453880 42.226108 41.845751 41.201352 40.076007 38.003276 33.850666 24.479766 0.000000 
50.000000 50.000000 50.000000 50.000000 50.000000 50.000000 50.000000 50.000000 50.000000 50.000000 50.000000 50.000000 50.000000 50.000000 50.000000 50.000000 50.000000 50.000000 50.000000 50.000000 50.000000 50.000000 50.000000 50.000000 50.000000 50.000000 50.000000 50.000000 50.000000 50.000000 50.000000 50.000000 50.000000 50.000000 50.000000 50.000000 50.000000 50.000000 50.000000 50.000000 50.000000 50.000000 50.000000 50.000000 50.000000 50.000000 50.000000 50.000000 50.000000 50.000000 
