50.000000 50.000000 50.000000 50.000000 50.000000 50.000000 50.000000 50.000000 50.000000 50.000000 50.000000 50.000000 50.000000 50.000000 50.000000 50.000000 50.000000 50.000000 50.000000 50.000000 50.000000 50.000000 50.000000 50.000000 50.000000 50.000000 50.000000 50.000000 50.000000 50.000000 50.000000 50.000000 50.000000 50.000000 50.000000 50.000000 50.000000 50.000000 50.000000 50.000000 50.000000 50.000000 50.000000 50.000000 50.000000 50.000000 50.000000 50.000000 50.000000 50.000000 
50.000000 48.627618 47.314344 46.111658 45.057421 44.172670 43.461557 42.913958 42.509764 42.223647 42.029306 41.902564 41.823153 41.775319 41.747598 41.732132 41.723820 41.719512 41.717358 41.716318 41.715833 41.715615 41.715519 41.715479 41.715462 41.715456 41.715452 41.715449 41.715443 41.715429 41.715395 41.715315 41.715132 41.714724 41.713843 41.711988 41.708191 41.700619 41.685903 41.657964 41.606041 41.511248 41.340409 41.034294 40.483203 39.470830 37.529814 33.525033 24.313809 0.000000 
50.000000 47.314344 44.744361 42.390794 40.327736 38.596356 37.204774 36.133180 35.342218 34.782325 34.402026 34.154013 33.998619 33.905015 33.850772 33.820509 33.804243 33.795814 33.791600 33.789566 33.788617 33.788189 33.788002 33.787923 33.787891 33.787877 33.787871 33.787865 33.787854 33.787828 33.787765 33.787617 33.787279 33.786527 33.784904 33.781495 33.774533 33.760697 33.733911 33.683327 33.589982 33.421232 33.121358 32.595223 31.678702 30.083199 27.290872 22.372181 13.789311 0.000000 
50.000000 46.111658 42.390794 38.983271 35.996361 33.489670 31.474952 29.923521 28.778394 27.967808 27.417237 27.058183 26.833220 26.697712 26.619186 26.575377 26.551831 26.539629 26.533528 26.530584 26.529210 26.528591 26.528321 26.528206 26.528159 26.528140 26.528131 26.528123 26.528108 26.528073 26.527990 26.527795 26.527351 26.526365 26.524241 26.519795 26.510750 26.492861 26.458438 26.393941 26.276135 26.066062 25.699685 25.073502 24.022811 22.290701 19.491636 15.099922 8.581844 0.000000 
50.000000 45.057421 40.327736 35.996361 32.199655 29.013386 26.452488 24.480491 23.024957 21.994661 21.294867 20.838505 20.552579 20.380353 20.280551 20.224874 20.194948 20.179442 20.171689 20.167947 20.166202 20.165415 20.165071 20.164926 20.164866 20.164842 20.164831 20.164821 20.164804 20.164766 20.164673 20.164456 20.163963 20.162871 20.160528 20.155644 20.145756 20.126316 20.089191 20.020283 19.895925 19.677584 19.304448 18.683645 17.678743 16.099828 13.705660 10.244537 5.586590 0.000000 
50.000000 44.172670 38.596356 33.489670 29.013386 25.256830 22.237606 19.912706 18.196717 16.982077 16.157087 15.619091 15.282023 15.078998 14.961351 14.895719 14.860445 14.842167 14.833029 14.828618 14.826561 14.825634 14.825229 14.825058 14.824988 14.824959 14.824946 14.824936 14.824919 14.824880 14.824788 14.824573 14.824085 14.823008 14.820706 14.815930 14.806317 14.787544 14.751988 14.686665 14.570260 14.369098 14.032121 13.485470 12.628415 11.334643 9.466859 6.917654 3.689468 0.000000 
50.000000 43.461557 37.204774 31.474952 26.452488 22.237606 18.850051 16.241556 14.316276 12.953513 12.027934 11.424354 11.046204 10.818439 10.686459 10.612833 10.573264 10.552760 10.542510 10.537563 10.535256 10.534215 10.533762 10.533570 10.533491 10.533459 10.533445 10.533435 10.533419 10.533384 10.533300 10.533105 10.532663 10.531693 10.529627 10.525364 10.516832 10.500292 10.469232 10.412756 10.313372 10.144227 9.866105 9.425025 8.752136 7.768843 6.401450 4.609551 2.427263 0.000000 
50.000000 42.913958 36.133180 29.923521 24.480491 19.912706 16.241556 13.414721 11.328319 9.851533 8.848529 8.194471 7.784705 7.537902 7.394895 7.315119 7.272245 7.250031 7.238926 7.233566 7.231066 7.229939 7.229447 7.229239 7.229154 7.229120 7.229105 7.229096 7.229082 7.229052 7.228981 7.228817 7.228446 7.227636 7.225919 7.222392 7.215379 7.201880 7.176746 7.131502 7.052829 6.920816 6.707361 6.375451 5.880584 5.176043 4.223836 3.011822 1.573549 0.000000 
50.000000 42.509764 35.342218 28.778394 23.024957 18.196717 14.316276 11.328319 9.123027 7.562112 6.501986 5.810692 5.377607 5.116764 4.965625 4.881315 4.836005 4.812529 4.800794 4.795130 4.792489 4.791298 4.790778 4.790559 4.790469 4.790432 4.790417 4.790408 4.790397 4.790373 4.790317 4.790188 4.789897 4.789265 4.787929 4.785201 4.779810 4.769504 4.750473 4.716540 4.658184 4.561513 4.407503 4.172049 3.827619 3.347373 2.712332 1.920986 0.998516 0.000000 
50.000000 42.223647 34.782325 27.967808 21.994661 16.982077 12.953513 9.851533 7.562112 5.941672 4.841135 4.123501 3.673922 3.403150 3.246260 3.158745 3.111714 3.087346 3.075165 3.069286 3.066545 3.065309 3.064770 3.064542 3.064449 3.064411 3.064396 3.064388 3.064379 3.064361 3.064319 3.064223 3.064009 3.063544 3.062566 3.060580 3.056677 3.049268 3.035689 3.011691 2.970836 2.903928 2.798704 2.640141 2.411817 2.098736 1.691673 1.192342 0.617606 0.000000 
50.000000 42.029306 34.402026 27.417237 21.294867 16.157087 12.027934 8.848529 6.501986 4.841135 3.713166 2.977654 2.516882 2.239373 2.078583 1.988893 1.940694 1.915722 1.903239 1.897215 1.894406 1.893139 1.892586 1.892353 1.892257 1.892219 1.892204 1.892197 1.892190 1.892177 1.892147 1.892080 1.891931 1.891607 1.890931 1.889563 1.886889 1.881846 1.872670 1.856583 1.829443 1.785446 1.717027 1.615178 1.470422 1.274584 1.023296 0.718699 0.371342 0.000000 
50.000000 41.902564 34.154013 27.058183 20.838505 15.619091 11.424354 8.194471 5.810692 4.123501 2.977654 2.230493 1.762428 1.480531 1.317200 1.226094 1.177135 1.151769 1.139090 1.132971 1.130118 1.128831 1.128270 1.128033 1.127936 1.127897 1.127882 1.127875 1.127870 1.127861 1.127841 1.127797 1.127698 1.127484 1.127040 1.126145 1.124405 1.121143 1.115246 1.104984 1.087811 1.060219 1.017725 0.955122 0.867102 0.749315 0.599746 0.420102 0.216662 0.000000 
50.000000 41.823153 33.998619 26.833220 20.552579 15.282023 11.046204 7.784705 5.377607 3.673922 2.516882 1.762428 1.289799 1.005156 0.840235 0.748244 0.698809 0.673198 0.660396 0.654217 0.651336 0.650037 0.649471 0.649232 0.649134 0.649095 0.649079 0.649073 0.649069 0.649063 0.649050 0.649022 0.648960 0.648825 0.648547 0.647990 0.646911 0.644900 0.641285 0.635036 0.624654 0.608103 0.582825 0.545912 0.494479 0.426262 0.340359 0.237922 0.122534 0.000000 
50.000000 41.775319 33.905015 26.697712 20.380353 15.078998 10.818439 7.537902 5.116764 3.403150 2.239373 1.480531 1.005156 0.718860 0.552984 0.460460 0.410739 0.384980 0.372104 0.365890 0.362993 0.361686 0.361116 0.360876 0.360777 0.360738 0.360723 0.360717 0.360713 0.360710 0.360702 0.360685 0.360647 0.360567 0.360401 0.360069 0.359430 0.358244 0.356126 0.352484 0.346473 0.336955 0.322524 0.301607 0.272681 0.234597 0.186962 0.130482 0.067128 0.000000 
50.000000 41.747598 33.850772 26.619186 20.280551 14.961351 10.686459 7.394895 4.965625 3.246260 2.078583 1.317200 0.840235 0.552984 0.386554 0.293722 0.243836 0.217991 0.205073 0.198838 0.195931 0.194621 0.194049 0.193808 0.193709 0.193669 0.193654 0.193648 0.193646 0.193643 0.193638 0.193629 0.193607 0.193561 0.193466 0.193277 0.192915 0.192245 0.191055 0.189020 0.185680 0.180423 0.172503 0.161095 0.145420 0.124908 0.099392 0.069277 0.035610 0.000000 
50.000000 41.732132 33.820509 26.575377 20.224874 14.895719 10.612833 7.315119 4.881315 3.158745 1.988893 1.226094 0.748244 0.460460 0.293722 0.200718 0.150741 0.124848 0.111906 0.105660 0.102748 0.101435 0.100862 0.100620 0.100521 0.100482 0.100467 0.100461 0.100458 0.100457 0.100454 0.100448 0.100436 0.100411 0.100359 0.100256 0.100059 0.099696 0.099055 0.097962 0.096179 0.093386 0.089201 0.083206 0.075013 0.064345 0.051137 0.035606 0.018290 0.000000 
50.000000 41.723820 33.804243 26.551831 20.194948 14.860445 10.573264 7.272245 4.836005 3.111714 1.940694 1.177135 0.698809 0.410739 0.243836 0.150741 0.100714 0.074796 0.061841 0.055589 0.052673 0.051359 0.050786 0.050544 0.050445 0.050405 0.050390 0.050385 0.050382 0.050381 0.050379 0.050377 0.050370 0.050357 0.050329 0.050275 0.050172 0.049984 0.049651 0.049087 0.048170 0.046741 0.044609 0.041571 0.037437 0.032077 0.025466 0.017716 0.009095 0.000000 
50.000000 41.719512 33.795814 26.539629 20.179442 14.842167 10.552760 7.250031 4.812529 3.087346 1.915722 1.151769 0.673198 0.384980 0.217991 0.124848 0.074796 0.048864 0.035903 0.029648 0.026731 0.025416 0.024843 0.024600 0.024501 0.024462 0.024447 0.024441 0.024439 0.024438 0.024437 0.024435 0.024432 0.024425 0.024412 0.024384 0.024333 0.024238 0.024072 0.023791 0.023337 0.022632 0.021585 0.020098 0.018082 0.015479 0.012278 0.008536 0.004380 0.000000 
50.000000 41.717358 33.791600 26.533528 20.171689 14.833029 10.542510 7.238926 4.800794 3.075165 1.903239 1.139090 0.660396 0.372104 0.205073 0.111906 0.061841 0.035903 0.022938 0.016681 0.013764 0.012449 0.011875 0.011633 0.011534 0.011494 0.011479 0.011473 0.011471 0.011471 0.011470 0.011469 0.011468 0.011464 0.011457 0.011444 0.011419 0.011374 0.011294 0.011159 0.010942 0.010606 0.010109 0.009406 0.008456 0.007233 0.005733 0.003983 0.002043 0.000000 
50.000000 41.716318 33.789566 26.530584 20.167947 14.828618 10.537563 7.233566 4.795130 3.069286 1.897215 1.132971 0.654217 0.365890 0.198838 0.105660 0.055589 0.029648 0.016681 0.010424 0.007506 0.006191 0.005617 0.005375 0.005276 0.005236 0.005221 0.005215 0.005213 0.005213 0.005212 0.005212 0.005211 0.005209 0.005206 0.005200 0.005188 0.005167 0.005130 0.005068 0.004967 0.004813 0.004585 0.004263 0.003830 0.003274 0.002593 0.001801 0.000924 0.000000 
50.000000 41.715834 33.788617 26.529210 20.166202 14.826562 10.535256 7.231066 4.792489 3.066545 1.894406 1.130118 0.651337 0.362993 0.195932 0.102748 0.052674 0.026731 0.013764 0.007506 0.004589 0.003273 0.002699 0.002457 0.002358 0.002318 0.002303 0.002298 0.002296 0.002295 0.002295 0.002294 0.002294 0.002293 0.002292 0.002289 0.002284 0.002274 0.002257 0.002230 0.002185 0.002116 0.002015 0.001873 0.001681 0.001436 0.001137 0.000789 0.000405 0.000000 
50.000000 41.715615 33.788189 26.528591 20.165415 14.825634 10.534216 7.229940 4.791299 3.065310 1.893140 1.128832 0.650039 0.361687 0.194622 0.101436 0.051360 0.025417 0.012450 0.006192 0.003274 0.001958 0.001384 0.001142 0.001043 0.001004 0.000989 0.000983 0.000981 0.000980 0.000980 0.000980 0.000979 0.000979 0.000979 0.000977 0.000975 0.000971 0.000964 0.000952 0.000932 0.000903 0.000859 0.000798 0.000716 0.000611 0.000484 0.000336 0.000172 0.000000 
50.000000 41.715520 33.788003 26.528322 20.165073 14.825231 10.533764 7.229450 4.790781 3.064773 1.892590 1.128273 0.649474 0.361120 0.194052 0.100865 0.050789 0.024846 0.011878 0.005620 0.002702 0.001387 0.000813 0.000570 0.000471 0.000432 0.000417 0.000411 0.000409 0.000408 0.000408 0.000408 0.000408 0.000408 0.000407 0.000407 0.000406 0.000404 0.000401 0.000396 0.000388 0.000375 0.000357 0.000332 0.000298 0.000254 0.000201 0.000139 0.000071 0.000000 
50.000000 41.715481 33.787926 26.528211 20.164931 14.825064 10.533577 7.229247 4.790567 3.064550 1.892362 1.128042 0.649240 0.360885 0.193816 0.100629 0.050553 0.024609 0.011642 0.005383 0.002465 0.001150 0.000576 0.000334 0.000235 0.000195 0.000180 0.000174 0.000172 0.000172 0.000171 0.000171 0.000171 0.000171 0.000171 0.000171 0.000170 0.000170 0.000168 0.000166 0.000163 0.000157 0.000150 0.000139 0.000125 0.000106 0.000084 0.000058 0.000030 0.000000 
50.000000 41.715467 33.787899 26.528171 20.164881 14.825005 10.533510 7.229175 4.790491 3.064471 1.892281 1.127960 0.649157 0.360801 0.193733 0.100545 0.050469 0.024525 0.011558 0.005299 0.002381 0.001066 0.000492 0.000250 0.000150 0.000111 0.000096 0.000090 0.000088 0.000088 0.000087 0.000087 0.000087 0.000087 0.000087 0.000087 0.000087 0.000086 0.000086 0.000085 0.000083 0.000080 0.000076 0.000071 0.000063 0.000054 0.000043 0.000030 0.000015 0.000000 
50.000000 41.715467 33.787899 26.528171 20.164881 14.825005 10.533510 7.229175 4.790491 3.064471 1.892281 1.127960 0.649157 0.360801 0.193733 0.100545 0.050469 0.024525 0.011558 0.005299 0.002381 0.001066 0.000492 0.000250 0.000150 0.000111 0.000096 0.000090 0.000088 0.000088 0.000087 0.000087 0.000087 0.000087 0.000087 0.000087 0.000087 0.000086 0.000086 0.000085 0.000083 0.000080 0.000076 0.000071 0.000063 0.000054 0.000043 0.000030 0.000015 0.000000 
50.000000 41.715481 33.787926 26.528211 20.164931 14.825064 10.533577 7.229247 4.790567 3.064550 1.892362 1.128042 0.649240 0.360885 0.193816 0.100629 0.050553 0.024609 0.011642 0.005383 0.002465 0.001150 0.000576 0.000334 0.000235 0.000195 0.000180 0.000174 0.000172 0.000172 0.000171 0.000171 0.000171 0.000171 0.000171 0.000171 0.000170 0.000170 0.000168 0.000166 0.000163 0.000157 0.000150 0.000139 0.000125 0.000106 0.000084 0.000058 0.000030 0.000000 
50.000000 41.715520 33.788003 26.528322 20.165073 14.825231 10.533764 7.229450 4.790781 3.064773 1.892590 1.128273 0.649474 0.361120 0.194052 0.100865 0.050789 0.024846 0.011878 0.005620 0.002702 0.001387 0.000813 0.000570 0.000471 0.000432 0.000417 0.000411 0.000409 0.000408 0.000408 0.000408 0.000408 0.000408 0.000407 0.000407 0.000406 0.000404 0.000401 0.000396 0.000388 0.000375 0.000357 0.000332 0.000298 0.000254 0.000201 0.000139 0.000071 0.000000 
50.000000 41.715615 33.788189 26.528591 20.165415 14.825634 10.534216 7.229940 4.791299 3.065310 1.893140 1.128832 0.650039 0.361687 0.194622 0.101436 0.051360 0.025417 0.012450 0.006192 0.003274 0.001958 0.001384 0.001142 0.001043 0.001004 0.000989 0.000983 0.000981 0.000980 0.000980 0.000980 0.000979 0.000979 0.000979 0.000977 0.000975 0.000971 0.000964 0.000952 0.000932 0.000903 0.000859 0.000798 0.000716 0.000611 0.000484 0.000336 0.000172 0.000000 
50.000000 41.715834 33.788617 26.529210 20.166202 14.826562 10.535256 7.231066 4.792489 3.066545 1.894406 1.130118 0.651337 0.362993 0.195932 0.102748 0.052674 0.026731 0.013764 0.007506 0.004589 0.003273 0.002699 0.002457 0.002358 0.002318 0.002303 0.002298 0.002296 0.002295 0.002295 0.002294 0.002294 0.002293 0.002292 0.002289 0.002284 0.002274 0.002257 0.002230 0.002185 0.002116 0.002015 0.001873 0.001681 0.001436 0.001137 0.000789 0.000405 0.000000 
50.000000 41.716318 33.789566 26.530584 20.167947 14.828618 10.537563 7.233566 4.795130 3.069286 1.897215 1.132971 0.654217 0.365890 0.198838 0.105660 0.055589 0.029648 0.016681 0.010424 0.007506 0.006191 0.005617 0.005375 0.005276 0.005236 0.005221 0.005215 0.005213 0.005213 0.005212 0.005212 0.005211 0.005209 0.005206 0.005200 0.005188 0.005167 0.005130 0.005068 0.004967 0.004813 0.004585 0.004263 0.003830 0.003274 0.002593 0.001801 0.000924 0.000000 
50.000000 41.717358 33.791600 26.533528 20.171689 14.833029 10.542510 7.238926 4.800794 3.075165 1.903239 1.139090 0.660396 0.372104 0.205073 0.111906 0.061841 0.035903 0.022938 0.016681 0.013764 0.012449 0.011875 0.011633 0.011534 0.011494 0.011479 0.011473 0.011471 0.011471 0.011470 0.011469 0.011468 0.011464 0.011457 0.011444 0.011419 0.011374 0.011294 0.011159 0.010942 0.010606 0.010109 0.009406 0.008456 0.007233 0.005733 0.003983 0.002043 0.000000 
50.000000 41.719512 33.795814 26.539629 20.179442 14.842167 10.552760 7.250031 4.812529 3.087346 1.915722 1.151769 0.673198 0.384980 0.217991 0.124848 0.074796 0.048864 0.035903 0.029648 0.026731 0.025416 0.024843 0.024600 0.024501 0.024462 0.024447 0.024441 0.024439 0.024438 0.024437 0.024435 0.024432 0.024425 0.024412 0.024384 0.024333 0.024238 0.024072 0.023791 0.023337 0.022632 0.021585 0.020098 0.018082 0.015479 0.012278 0.008536 0.004380 0.000000 
50.000000 41.723820 33.804243 26.551831 20.194948 14.860445 10.573264 7.272245 4.836005 3.111714 1.940694 1.177135 0.698809 0.410739 0.243836 0.150741 0.100714 0.074796 0.061841 0.055589 0.052673 0.051359 0.050786 0.050544 0.050445 0.050405 0.050390 0.050385 0.050382 0.050381 0.050379 0.050377 0.050370 0.050357 0.050329 0.050275 0.050172 0.049984 0.049651 0.049087 0.048170 0.046741 0.044609 0.041571 0.037437 0.032077 0.025466 0.017716 0.009095 0.000000 
50.000000 41.732132 33.820509 26.575377 20.224874 14.895719 10.612833 7.315119 4.881315 3.158745 1.988893 1.226094 0.748244 0.460460 0.293722 0.200718 0.150741 0.124848 0.111906 0.105660 0.102748 0.101435 0.100862 0.100620 0.100521 0.100482 0.100467 0.100461 0.100458 0.100457 0.100454 0.100448 0.100436 0.100411 0.100359 0.100256 0.100059 0.099696 0.099055 0.097962 0.096179 0.093386 0.089201 0.083206 0.075013 0.064345 0.051137 0.035606 0.018290 0.000000 
50.000000 41.747598 33.850772 26.619186 20.280551 14.961351 10.686459 7.394895 4.965625 3.246260 2.078583 1.317200 0.840235 0.552984 0.386554 0.293722 0.243836 0.217991 0.205073 0.198838 0.195931 0.194621 0.194049 0.193808 0.193709 0.193669 0.193654 0.193648 0.193646 0.193643 0.193638 0.193629 0.193607 0.193561 0.193466 0.193277 0.192915 0.192245 0.191055 0.189020 0.185680 0.180423 0.172503 0.161095 0.145420 0.124908 0.099392 0.069277 0.035610 0.000000 
50.000000 41.775319 33.905015 26.697712 20.380353 15.078998 10.818439 7.537902 5.116764 3.403150 2.239373 1.480531 1.005156 0.718860 0.552984 0.460460 0.410739 0.384980 0.372104 0.365890 0.362993 0.361686 0.361116 0.360876 0.360777 0.360738 0.360723 0.360717 0.360713 0.360710 0.360702 0.360685 0.360647 0.360567 0.360401 0.360069 0.359430 0.358244 0.356126 0.352484 0.346473 0.336955 0.322524 0.301607 0.272681 0.234597 0.186962 0.130482 0.067128 0.000000 
50.000000 41.823153 33.998619 26.833220 20.552579 15.282023 11.046204 7.784705 5.377607 3.673922 2.516882 1.762428 1.289799 1.005156 0.840235 0.748244 0.698809 0.673198 0.660396 0.654217 0.651336 0.650037 0.649471 0.649232 0.649134 0.649095 0.649079 0.649073 0.649069 0.649063 0.649050 0.649022 0.648960 0.648825 0.648547 0.647990 0.646911 0.644900 0.641285 0.635036 0.624654 0.608103 0.582825 0.545912 0.494479 0.426262 0.340359 0.237922 0.122534 0.000000 
50.000000 41.902564 34.154013 27.058183 20.838505 15.619091 11.424354 8.194471 5.810692 4.123501 2.977654 2.230493 1.762428 1.480531 1.317200 1.226094 1.177135 1.151769 1.139090 1.132971 1.130118 1.128831 1.128270 1.128033 1.127936 1.127897 1.127882 1.127875 1.127870 1.127861 1.127841 1.127797 1.127698 1.127484 1.127040 1.126145 1.124405 1.121143 1.115246 1.104984 1.087811 1.060219 1.017725 0.955122 0.867102 0.749315 0.599746 0.420102 0.216662 0.000000 
50.000000 42.029306 34.402026 27.417237 21.294867 16.157087 12.027934 8.848529 6.501986 4.841135 3.713166 2.977654 2.516882 2.239373 2.078583 1.988893 1.940694 1.915722 1.903239 1.897215 1.894406 1.893139 1.892586 1.892353 1.892257 1.892219 1.892204 1.892197 1.892190 1.892177 1.892147 1.892080 1.891931 1.891607 1.890931 1.889563 1.886889 1.881846 1.872670 1.856583 1.829443 1.785446 1.717027 1.615178 1.470422 1.274584 1.023296 0.718699 0.371342 0.000000 
50.000000 42.223647 34.782325 27.967808 21.994661 16.982077 12.953513 9.851533 7.562112 5.941672 4.841135 4.123501 3.673922 3.403150 3.246260 3.158745 3.111714 3.087346 3.075165 3.069286 3.066545 3.065309 3.064770 3.064542 3.064449 3.064411 3.064396 3.064388 3.064379 3.064361 3.064319 3.064223 3.064009 3.063544 3.062566 3.060580 3.056677 3.049268 3.035689 3.011691 2.970836 2.903928 2.798704 2.640141 2.411817 2.098736 1.691673 1.192342 0.617606 0.000000 
50.000000 42.509764 35.342218 28.778394 23.024957 18.196717 14.316276 11.328319 9.123027 7.562112 6.501986 5.810692 5.377607 5.116764 4.965625 4.881315 4.836005 4.812529 4.800794 4.795130 4.792489 4.791298 4.790778 4.790559 4.790469 4.790432 4.790417 4.790408 4.790397 4.790373 4.790317 4.790188 4.789897 4.789265 4.787929 4.785201 4.779810 4.769504 4.750473 4.716540 4.658184 4.561513 4.407503 4.172049 3.827619 3.347373 2.712332 1.920986 0.998516 0.000000 
50.000000 42.913958 36.133180 29.923521 24.480491 19.912706 16.241556 13.414721 11.328319 9.851533 8.848529 8.194471 7.784705 7.537902 7.394895 7.315119 7.272245 7.250031 7.238926 7.233566 7.231066 7.229939 7.229447 7.229239 7.229154 7.229120 7.229105 7.229096 7.229082 7.229052 7.228981 7.228817 7.228446 7.227636 7.225919 7.222392 7.215379 7.201880 7.176746 7.131502 7.052829 6.920816 6.707361 6.375451 5.880584 5.176043 4.223836 3.011822 1.573549 0.000000 
50.000000 43.461557 37.204774 31.474952 26.452488 22.237606 18.850051 16.241556 14.316276 12.953513 12.027934 11.424354 11.046204 10.818439 10.686459 10.612833 10.573264 10.552760 10.542510 10.537563 10.535256 10.534215 10.533762 10.533570 10.533491 10.533459 10.533445 10.533435 10.533419 10.533384 10.533300 10.533105 10.532663 10.531693 10.529627 10.525364 10.516832 10.500292 10.469232 10.412756 10.313372 10.144227 9.866105 9.425025 8.752136 7.768843 6.401450 4.609551 2.427263 0.000000 
50.000000 44.172670 38.596356 33.489670 29.013386 25.256830 22.237606 19.912706 18.196717 16.982077 16.157087 15.619091 15.282023 15.078998 14.961351 14.895719 14.860445 14.842167 14.833029 14.828618 14.826561 14.825634 14.825229 14.825058 14.824988 14.824959 14.824946 14.824936 14.824919 14.824880 14.824788 14.824573 14.824085 14.823008 14.820706 14.815930 14.806317 14.787544 14.751988 14.686665 14.570260 14.369098 14.032121 13.485470 12.628415 11.334643 9.466859 6.917654 3.689468 0.000000 
50.000000 45.057421 40.327736 35.996361 32.199655 29.013386 26.452488 24.480491 23.024957 21.994661 21.294867 20.838505 20.552579 20.380353 20.280551 20.224874 20.194948 20.179442 20.171689 20.167947 20.166202 20.165415 20.165071 20.164926 20.164866 20.164842 20.164831 20.164821 20.164804 20.164766 20.164673 20.164456 20.163963 20.162871 20.160528 20.155644 20.145756 20.126316 20.089191 20.020283 19.895925 19.677584 19.304448 18.683645 17.678743 16.099828 13.705660 10.244537 5.586590 0.000000 
50.000000 46.111658 42.390794 38.983271 35.996361 33.489670 31.474952 29.923521 28.778394 27.967808 27.417237 27.058183 26.833220 26.697712 26.619186 26.575377 26.551831 26.539629 26.533528 26.530584 26.529210 26.528591 26.528321 26.528206 26.528159 26.528140 26.528131 26.528123 26.528108 26.528073 26.527990 26.527795 26.527351 26.526365 26.524241 26.519795 26.510750 26.492861 26.458438 26.393941 26.276135 26.066062 25.699685 25.073502 24.022811 22.290701 19.491636 15.099922 8.581844 0.000000 
50.000000 47.314344 44.744361 42.390794 40.327736 38.596356 37.204774 36.133180 35.342218 34.782325 34.402026 34.154013 33.998619 33.905015 33.850772 33.820509 33.804243 33.795814 33.791600 33.789566 33.788617 33.788189 33.788002 33.787923 33.787891 33.787877 33.787871 33.787865 33.787854 33.787828 33.787765 33.787617 33.787279 33.786527 33.784904 33.781495 33.774533 33.760697 33.733911 33.683327 33.589982 33.421232 33.121358 32.595223 31.678702 30.083199 27.290872 22.372181 13.789311 0.000000 
50.000000 48.627618 47.314344 46.111658 45.057421 44.172670 43.461557 42.913958 42.509764 42.223647 42.029306 41.902564 41.823153 41.775319 41.747598 41.732132 41.723820 41.719512 41.717358 41.716318 41.715833 41.715615 41.715519 41.715479 41.715462 41.715456 41.715452 41.715449 41.715443 41.715429 41.715395 41.715315 41.715132 41.714724 41.713843 41.711988 41.708191 41.700619 41.685903 41.657964 41.606041 41.511248 41.340409 41.034294 40.483203 39.470830 37.529814 33.525033 24.313809 0.000000 
50.000000 50.000000 50.000000 50.000000 50.000000 50.000000 50.000000 50.000000 50.000000 50.000000 50.000000 50.000000 50.000000 50.000000 50.000000 50.000000 50.000000 50.000000 50.000000 50.000000 50.000000 50.000000 50.000000 50.000000 50.000000 50.000000 50.000000 50.000000 50.000000 50.000000 50.000000 50.000000 50.000000 50.000000 50.000000 50.000000 50.000000 50.000000 50.000000 50.000000 50.000000 50.000000 50.000000 50.000000 50.000000 50.000000 50.000000 50.000000 50.000000 50.000000 
