50.000000 50.000000 50.000000 50.000000 50.000000 50.000000 50.000000 50.000000 50.000000 50.000000 50.000000 50.000000 50.000000 50.000000 50.000000 50.000000 50.000000 50.000000 50.000000 50.000000 50.000000 50.000000 50.000000 50.000000 50.000000 50.000000 50.000000 50.000000 50.000000 50.000000 50.000000 50.000000 50.000000 50.000000 50.000000 50.000000 50.000000 50.000000 50.000000 50.000000 50.000000 50.000000 50.000000 50.000000 50.000000 50.000000 50.000000 50.000000 50.000000 50.000000 
50.000000 48.975604 47.984151 47.055409 46.213302 45.474155 44.846033 44.329166 43.917241 43.599219 43.361313 43.188819 43.067564 42.984902 42.930233 42.895145 42.873282 42.860053 42.852276 42.847832 42.845363 42.844029 42.843327 42.842967 42.842786 42.842694 42.842642 42.842598 42.842538 42.842426 42.842205 42.841769 42.840922 42.839315 42.836325 42.830877 42.821143 42.804074 42.774647 42.724679 42.640869 42.501501 42.270520 41.886129 41.236822 40.105693 38.026367 33.866477 24.487802 0.000000 
50.000000 47.984151 46.033130 44.205514 42.548385 41.093866 39.857827 38.840722 38.030127 37.404317 36.936164 36.596728 36.358124 36.195463 36.087886 36.018841 35.975820 35.949788 35.934484 35.925739 35.920882 35.918257 35.916876 35.916168 35.915812 35.915631 35.915529 35.915445 35.915330 35.915119 35.914702 35.913880 35.912288 35.909268 35.903659 35.893459 35.875281 35.843499 35.788927 35.696736 35.543177 35.290261 34.876839 34.202937 33.101019 31.281365 28.227994 23.016565 14.117675 0.000000 
50.000000 47.055409 44.205514 41.535882 39.115289 36.990656 35.185163 33.699474 32.515440 31.601325 30.917501 30.421695 30.073173 29.835580 29.678448 29.577598 29.514761 29.476737 29.454384 29.441613 29.434518 29.430684 29.428667 29.427633 29.427113 29.426850 29.426703 29.426585 29.426426 29.426138 29.425571 29.424455 29.422297 29.418213 29.410647 29.396930 29.372577 29.330205 29.257883 29.136648 28.936749 28.611954 28.090833 27.263304 25.960031 23.922575 20.767941 15.977520 9.029042 0.000000 
50.000000 46.213302 42.548385 39.115289 36.002459 33.270234 30.948424 29.037881 27.515262 26.339756 25.460398 24.822824 24.374652 24.069128 23.867071 23.737389 23.656588 23.607696 23.578953 23.562531 23.553408 23.548478 23.545885 23.544556 23.543888 23.543552 23.543366 23.543222 23.543034 23.542696 23.542036 23.540740 23.538242 23.533526 23.524819 23.509099 23.481324 23.433289 23.351915 23.216786 22.996641 22.644482 22.090890 21.235341 19.936013 18.001229 15.192714 11.267020 6.107609 0.000000 
50.000000 45.474155 41.093866 36.990656 33.270234 30.004719 27.229739 24.946307 23.126524 21.721607 20.670643 19.908654 19.373030 19.007893 18.766414 18.611432 18.514869 18.456439 18.422091 18.402466 18.391564 18.385673 18.382574 18.380986 18.380189 18.379789 18.379572 18.379410 18.379207 18.378850 18.378156 18.376799 18.374190 18.369282 18.360258 18.344040 18.315549 18.266613 18.184402 18.049286 17.831969 17.489880 16.962925 16.169210 15.002359 13.334220 11.030625 7.992847 4.237334 0.000000 
50.000000 44.846033 39.857827 35.185163 30.948424 27.229739 24.069676 21.469390 19.397103 17.797258 16.600486 15.732789 15.122866 14.707083 14.432114 14.255640 14.145688 14.079157 14.040046 14.017701 14.005288 13.998581 13.995054 13.993246 13.992340 13.991887 13.991645 13.991473 13.991270 13.990919 13.990244 13.988930 13.986412 13.981693 13.973055 13.957611 13.930646 13.884667 13.808100 13.683584 13.485869 13.179461 12.716375 12.034838 11.060529 9.713083 7.921859 5.654890 2.959904 0.000000 
50.000000 44.329166 38.840722 33.699474 29.037881 24.946307 21.469390 18.608393 16.328350 14.568128 13.251396 12.296733 11.625688 11.168243 10.865725 10.671574 10.550608 10.477415 10.434388 10.409806 10.396151 10.388772 10.384892 10.382905 10.381909 10.381414 10.381154 10.380979 10.380785 10.380462 10.379846 10.378653 10.376376 10.372126 10.364383 10.350614 10.326726 10.286296 10.219558 10.112147 9.943682 9.686390 9.304197 8.753015 7.983382 6.946991 5.608641 3.963883 2.058646 0.000000 
50.000000 43.917241 38.030127 32.515440 27.515262 23.126524 19.397103 16.328350 13.882754 11.994739 10.582423 9.558470 8.838727 8.348091 8.023627 7.815393 7.685656 7.607156 7.561011 7.534647 7.520003 7.512090 7.507929 7.505798 7.504732 7.504204 7.503932 7.503759 7.503581 7.503298 7.502766 7.501742 7.499796 7.496181 7.489623 7.478028 7.458037 7.424451 7.369480 7.281881 7.146062 6.941377 6.641960 6.217641 5.636644 4.870781 3.903486 2.739866 1.415740 0.000000 
50.000000 43.599219 37.404317 31.601325 26.339756 21.721607 17.797258 14.568128 11.994739 10.008080 8.521988 7.444556 6.687229 6.170979 5.829580 5.610480 5.473975 5.391381 5.342830 5.315092 5.299684 5.291360 5.286982 5.284741 5.283620 5.283068 5.282788 5.282620 5.282462 5.282225 5.281788 5.280952 5.279371 5.276447 5.271169 5.261887 5.245983 5.219452 5.176379 5.108373 5.004040 4.848676 4.624446 4.311389 3.889638 3.343114 2.664576 1.861141 0.958349 0.000000 
50.000000 43.361313 36.936164 30.917501 25.460398 20.670643 16.600486 13.251396 10.582423 8.521988 6.980721 5.863294 5.077863 4.542461 4.188399 3.961176 3.819611 3.733957 3.683607 3.654843 3.638865 3.630232 3.625693 3.623369 3.622208 3.621638 3.621354 3.621192 3.621055 3.620863 3.620519 3.619868 3.618642 3.616385 3.612329 3.605234 3.593150 3.573127 3.540865 3.490360 3.413615 3.300542 3.139249 2.916902 2.621357 2.243612 1.780852 1.239428 0.636635 0.000000 
50.000000 43.188819 36.596728 30.421695 24.822824 19.908654 15.732789 12.296733 9.558470 7.444556 5.863294 4.716881 3.911081 3.361799 2.998562 2.765452 2.620222 2.532351 2.480699 2.451190 2.434799 2.425944 2.421288 2.418904 2.417714 2.417132 2.416845 2.416690 2.416572 2.416421 2.416161 2.415675 2.414765 2.413095 2.410110 2.404914 2.396114 2.381624 2.358440 2.322430 2.268176 2.188990 2.077175 1.924688 1.724252 1.470909 1.163812 0.807801 0.414172 0.000000 
50.000000 43.067564 36.358124 30.073173 24.374652 19.373030 15.122866 11.625688 8.838727 6.687229 5.077863 3.911081 3.090970 2.531936 2.162254 1.925010 1.777204 1.687776 1.635210 1.605179 1.588498 1.579486 1.574748 1.572323 1.571113 1.570522 1.570234 1.570085 1.569983 1.569867 1.569678 1.569328 1.568679 1.567493 1.565383 1.561727 1.555568 1.545485 1.529457 1.504737 1.467777 1.414276 1.339392 1.238199 1.106417 0.941362 0.742968 0.514625 0.263491 0.000000 
50.000000 42.984902 36.195463 29.835580 24.069128 19.007893 14.707083 11.168243 8.348091 6.170979 4.542461 3.361799 2.531936 1.966259 1.592185 1.352124 1.202565 1.112077 1.058887 1.028501 1.011623 1.002504 0.997711 0.995257 0.994033 0.993437 0.993149 0.993005 0.992915 0.992827 0.992693 0.992451 0.992005 0.991195 0.989758 0.987281 0.983129 0.976369 0.965685 0.949310 0.924996 0.890054 0.841517 0.776437 0.692344 0.587803 0.463003 0.320182 0.163759 0.000000 
50.000000 42.930233 36.087886 29.678448 23.867071 18.766414 14.432114 10.865725 8.023627 5.829580 4.188399 2.998562 2.162254 1.592185 1.215209 0.973287 0.822570 0.731381 0.677780 0.647158 0.630150 0.620961 0.616131 0.613658 0.612426 0.611826 0.611538 0.611397 0.611318 0.611251 0.611157 0.610996 0.610700 0.610166 0.609223 0.607604 0.604903 0.600527 0.593648 0.583165 0.567693 0.545599 0.515111 0.474503 0.422374 0.357972 0.281517 0.194426 0.099356 0.000000 
50.000000 42.895145 36.018841 29.577598 23.737389 18.611433 14.255640 10.671574 7.815394 5.610480 3.961176 2.765453 1.925010 1.352125 0.973287 0.730173 0.578712 0.487074 0.433209 0.402437 0.385346 0.376112 0.371258 0.368773 0.367535 0.366933 0.366645 0.366508 0.366435 0.366383 0.366319 0.366213 0.366024 0.365684 0.365087 0.364065 0.362366 0.359627 0.355343 0.348847 0.339311 0.325770 0.307191 0.282586 0.251175 0.212570 0.166951 0.115181 0.058820 0.000000 
50.000000 42.873282 35.975820 29.514761 23.656589 18.514870 14.145688 10.550609 7.685657 5.473975 3.819611 2.620222 1.777205 1.202566 0.822570 0.578712 0.426790 0.334872 0.280843 0.249978 0.232834 0.223572 0.218703 0.216211 0.214970 0.214366 0.214079 0.213943 0.213876 0.213833 0.213789 0.213722 0.213605 0.213395 0.213029 0.212405 0.211372 0.209712 0.207128 0.203227 0.197529 0.189476 0.178483 0.163995 0.145588 0.123063 0.096549 0.066552 0.033967 0.000000 
50.000000 42.860053 35.949788 29.476738 23.607696 18.456440 14.079158 10.477416 7.607157 5.391382 3.733958 2.532352 1.687778 1.112078 0.731382 0.487075 0.334873 0.242786 0.188658 0.157736 0.140561 0.131282 0.126404 0.123908 0.122664 0.122060 0.121773 0.121639 0.121575 0.121539 0.121508 0.121466 0.121395 0.121270 0.121052 0.120683 0.120074 0.119100 0.117588 0.115317 0.112012 0.107362 0.101041 0.092747 0.082251 0.069455 0.054441 0.037500 0.019131 0.000000 
50.000000 42.852276 35.934485 29.454386 23.578955 18.422093 14.040049 10.434391 7.561014 5.342833 3.683610 2.480702 1.635213 1.058890 0.677783 0.433212 0.280846 0.188660 0.134474 0.103519 0.086325 0.077036 0.072153 0.069655 0.068409 0.067805 0.067518 0.067385 0.067322 0.067291 0.067268 0.067242 0.067200 0.067127 0.067002 0.066790 0.066442 0.065887 0.065030 0.063745 0.061883 0.059274 0.055741 0.051121 0.045295 0.038216 0.029932 0.020606 0.010508 0.000000 
50.000000 42.847833 35.925742 29.441616 23.562535 18.402471 14.017707 10.409812 7.534654 5.315099 3.654850 2.451197 1.605186 1.028509 0.647166 0.402445 0.249985 0.157743 0.103523 0.072549 0.055345 0.046051 0.041165 0.038665 0.037419 0.036814 0.036527 0.036394 0.036333 0.036304 0.036286 0.036270 0.036245 0.036204 0.036134 0.036017 0.035823 0.035517 0.035044 0.034338 0.033318 0.031895 0.029973 0.027468 0.024319 0.020503 0.016049 0.011042 0.005629 0.000000 
50.000000 42.845366 35.920887 29.434526 23.553418 18.391576 14.005302 10.396166 7.520019 5.299702 3.638883 2.434817 1.588517 1.011642 0.630169 0.385364 0.232852 0.140579 0.086341 0.055356 0.038146 0.028849 0.023961 0.021460 0.020214 0.019609 0.019322 0.019190 0.019130 0.019102 0.019087 0.019076 0.019062 0.019039 0.019001 0.018937 0.018833 0.018668 0.018415 0.018037 0.017494 0.016738 0.015720 0.014397 0.012738 0.010733 0.008396 0.005774 0.002943 0.000000 
50.000000 42.844036 35.918270 29.430703 23.548503 18.385702 13.998614 10.388809 7.512129 5.291401 3.630274 2.425987 1.579530 1.002549 0.621006 0.376156 0.223616 0.131326 0.077078 0.046088 0.028875 0.019576 0.014687 0.012186 0.010939 0.010334 0.010048 0.009915 0.009855 0.009828 0.009815 0.009807 0.009799 0.009787 0.009766 0.009733 0.009678 0.009591 0.009459 0.009262 0.008980 0.008587 0.008061 0.007378 0.006524 0.005494 0.004296 0.002953 0.001505 0.000000 
50.000000 42.843343 35.916907 29.428712 23.545943 18.382643 13.995131 10.384977 7.508020 5.287077 3.625792 2.421388 1.574850 0.997814 0.616234 0.371361 0.218807 0.126508 0.072255 0.041261 0.024047 0.014747 0.009858 0.007356 0.006109 0.005504 0.005218 0.005086 0.005026 0.004999 0.004987 0.004981 0.004975 0.004969 0.004958 0.004940 0.004912 0.004867 0.004799 0.004698 0.004553 0.004352 0.004083 0.003735 0.003301 0.002779 0.002172 0.001493 0.000760 0.000000 
50.000000 42.843003 35.916238 29.427735 23.544686 18.381142 13.993422 10.383097 7.506004 5.284956 3.623592 2.419132 1.572554 0.995490 0.613893 0.369009 0.216447 0.124143 0.069888 0.038893 0.021678 0.012377 0.007488 0.004986 0.003740 0.003134 0.002848 0.002716 0.002656 0.002630 0.002618 0.002613 0.002609 0.002605 0.002599 0.002590 0.002574 0.002550 0.002514 0.002460 0.002384 0.002278 0.002136 0.001953 0.001725 0.001451 0.001134 0.000779 0.000397 0.000000 
50.000000 42.842865 35.915967 29.427339 23.544177 18.380533 13.992729 10.382335 7.505187 5.284096 3.622700 2.418217 1.571623 0.994549 0.612944 0.368055 0.215491 0.123185 0.068929 0.037934 0.020718 0.011417 0.006528 0.004026 0.002779 0.002174 0.001888 0.001756 0.001696 0.001670 0.001658 0.001653 0.001650 0.001647 0.001643 0.001637 0.001627 0.001612 0.001589 0.001554 0.001505 0.001438 0.001348 0.001232 0.001088 0.000915 0.000715 0.000491 0.000250 0.000000 
50.000000 42.842865 35.915967 29.427339 23.544177 18.380533 13.992729 10.382335 7.505187 5.284096 3.622700 2.418217 1.571623 0.994549 0.612944 0.368055 0.215491 0.123185 0.068929 0.037934 0.020718 0.011417 0.006528 0.004026 0.002779 0.002174 0.001888 0.001756 0.001696 0.001670 0.001658 0.001653 0.001650 0.001647 0.001643 0.001637 0.001627 0.001612 0.001589 0.001554 0.001505 0.001438 0.001348 0.001232 0.001088 0.000915 0.000715 0.000491 0.000250 0.000000 
50.000000 42.843003 35.916238 29.427735 23.544686 18.381142 13.993422 10.383097 7.506004 5.284956 3.623592 2.419132 1.572554 0.995490 0.613893 0.369009 0.216447 0.124143 0.069888 0.038893 0.021678 0.012377 0.007488 0.004986 0.003740 0.003134 0.002848 0.002716 0.002656 0.002630 0.002618 0.002613 0.002609 0.002605 0.002599 0.002590 0.002574 0.002550 0.002514 0.002460 0.002384 0.002278 0.002136 0.001953 0.001725 0.001451 0.001134 0.000779 0.000397 0.000000 
50.000000 42.843343 35.916907 29.428712 23.545943 18.382643 13.995131 10.384977 7.508020 5.287077 3.625792 2.421388 1.574850 0.997814 0.616234 0.371361 0.218807 0.126508 0.072255 0.041261 0.024047 0.014747 0.009858 0.007356 0.006109 0.005504 0.005218 0.005086 0.005026 0.004999 0.004987 0.004981 0.004975 0.004969 0.004958 0.004940 0.004912 0.004867 0.004799 0.004698 0.004553 0.004352 0.004083 0.003735 0.003301 0.002779 0.002172 0.001493 0.000760 0.000000 
50.000000 42.844036 35.918270 29.430703 23.548503 18.385702 13.998614 10.388809 7.512129 5.291401 3.630274 2.425987 1.579530 1.002549 0.621006 0.376156 0.223616 0.131326 0.077078 0.046088 0.028875 0.019576 0.014687 0.012186 0.010939 0.010334 0.010048 0.009915 0.009855 0.009828 0.009815 0.009807 0.009799 0.009787 0.009766 0.009733 0.009678 0.009591 0.009459 0.009262 0.008980 0.008587 0.008061 0.007378 0.006524 0.005494 0.004296 0.002953 0.001505 0.000000 
50.000000 42.845366 35.920887 29.434526 23.553418 18.391576 14.005302 10.396166 7.520019 5.299702 3.638883 2.434817 1.588517 1.011642 0.630169 0.385364 0.232852 0.140579 0.086341 0.055356 0.038146 0.028849 0.023961 0.021460 0.020214 0.019609 0.019322 0.019190 0.019130 0.019102 0.019087 0.019076 0.019062 0.019039 0.019001 0.018937 0.018833 0.018668 0.018415 0.018037 0.017494 0.016738 0.015720 0.014397 0.012738 0.010733 0.008396 0.005774 0.002943 0.000000 
50.000000 42.847833 35.925742 29.441616 23.562535 18.402471 14.017707 10.409812 7.534654 5.315099 3.654850 2.451197 1.605186 1.028509 0.647166 0.402445 0.249985 0.157743 0.103523 0.072549 0.055345 0.046051 0.041165 0.038665 0.037419 0.036814 0.036527 0.036394 0.036333 0.036304 0.036286 0.036270 0.036245 0.036204 0.036134 0.036017 0.035823 0.035517 0.035044 0.034338 0.033318 0.031895 0.029973 0.027468 0.024319 0.020503 0.016049 0.011042 0.005629 0.000000 
50.000000 42.852276 35.934485 29.454386 23.578955 18.422093 14.040049 10.434391 7.561014 5.342833 3.683610 2.480702 1.635213 1.058890 0.677783 0.433212 0.280846 0.188660 0.134474 0.103519 0.086325 0.077036 0.072153 0.069655 0.068409 0.067805 0.067518 0.067385 0.067322 0.067291 0.067268 0.067242 0.067200 0.067127 0.067002 0.066790 0.066442 0.065887 0.065030 0.063745 0.061883 0.059274 0.055741 0.051121 0.045295 0.038216 0.029932 0.020606 0.010508 0.000000 
50.000000 42.860053 35.949788 29.476738 23.607696 18.456440 14.079158 10.477416 7.607157 5.391382 3.733958 2.532352 1.687778 1.112078 0.731382 0.487075 0.334873 0.242786 0.188658 0.157736 0.140561 0.131282 0.126404 0.123908 0.122664 0.122060 0.121773 0.121639 0.121575 0.121539 0.121508 0.121466 0.121395 0.121270 0.121052 0.120683 0.120074 0.119100 0.117588 0.115317 0.112012 0.107362 0.101041 0.092747 0.082251 0.069455 0.054441 0.037500 0.019131 0.000000 
50.000000 42.873282 35.975820 29.514761 23.656589 18.514870 14.145688 10.550609 7.685657 5.473975 3.819611 2.620222 1.777205 1.202566 0.822570 0.578712 0.426790 0.334872 0.280843 0.249978 0.232834 0.223572 0.218703 0.216211 0.214970 0.214366 0.214079 0.213943 0.213876 0.213833 0.213789 0.213722 0.213605 0.213395 0.213029 0.212405 0.211372 0.209712 0.207128 0.203227 0.197529 0.189476 0.178483 0.163995 0.145588 0.123063 0.096549 0.066552 0.033967 0.000000 
50.000000 42.895145 36.018841 29.577598 23.737389 18.611433 14.255640 10.671574 7.815394 5.610480 3.961176 2.765453 1.925010 1.352125 0.973287 0.730173 0.578712 0.487074 0.433209 0.402437 0.385346 0.376112 0.371258 0.368773 0.367535 0.366933 0.366645 0.366508 0.366435 0.366383 0.366319 0.366213 0.366024 0.365684 0.365087 0.364065 0.362366 0.359627 0.355343 0.348847 0.339311 0.325770 0.307191 0.282586 0.251175 0.212570 0.166951 0.115181 0.058820 0.000000 
50.000000 42.930233 36.087886 29.678448 23.867071 18.766414 14.432114 10.865725 8.023627 5.829580 4.188399 2.998562 2.162254 1.592185 1.215209 0.973287 0.822570 0.731381 0.677780 0.647158 0.630150 0.620961 0.616131 0.613658 0.612426 0.611826 0.611538 0.611397 0.611318 0.611251 0.611157 0.610996 0.610700 0.610166 0.609223 0.607604 0.604903 0.600527 0.593648 0.583165 0.567693 0.545599 0.515111 0.474503 0.422374 0.357972 0.281517 0.194426 0.099356 0.000000 
50.000000 42.984902 36.195463 29.835580 24.069128 19.007893 14.707083 11.168243 8.348091 6.170979 4.542461 3.361799 2.531936 1.966259 1.592185 1.352124 1.202565 1.112077 1.058887 1.028501 1.011623 1.002504 0.997711 0.995257 0.994033 0.993437 0.993149 0.993005 0.992915 0.992827 0.992693 0.992451 0.992005 0.991195 0.989758 0.987281 0.983129 0.976369 0.965685 0.949310 0.924996 0.890054 0.841517 0.776437 0.692344 0.587803 0.463003 0.320182 0.163759 0.000000 
50.000000 43.067564 36.358124 30.073173 24.374652 19.373030 15.122866 11.625688 8.838727 6.687229 5.077863 3.911081 3.090970 2.531936 2.162254 1.925010 1.777204 1.687776 1.635210 1.605179 1.588498 1.579486 1.574748 1.572323 1.571113 1.570522 1.570234 1.570085 1.569983 1.569867 1.569678 1.569328 1.568679 1.567493 1.565383 1.561727 1.555568 1.545485 1.529457 1.504737 1.467777 1.414276 1.339392 1.238199 1.106417 0.941362 0.742968 0.514625 0.263491 0.000000 
50.000000 43.188819 36.596728 30.421695 24.822824 19.908654 15.732789 12.296733 9.558470 7.444556 5.863294 4.716881 3.911081 3.361799 2.998562 2.765452 2.620222 2.532351 2.480699 2.451190 2.434799 2.425944 2.421288 2.418904 2.417714 2.417132 2.416845 2.416690 2.416572 2.416421 2.416161 2.415675 2.414765 2.413095 2.410110 2.404914 2.396114 2.381624 2.358440 2.322430 2.268176 2.188990 2.077175 1.924688 1.724252 1.470909 1.163812 0.807801 0.414172 0.000000 
50.000000 43.361313 36.936164 30.917501 25.460398 20.670643 16.600486 13.251396 10.582423 8.521988 6.980721 5.863294 5.077863 4.542461 4.188399 3.961176 3.819611 3.733957 3.683607 3.654843 3.638865 3.630232 3.625693 3.623369 3.622208 3.621638 3.621354 3.621192 3.621055 3.620863 3.620519 3.619868 3.618642 3.616385 3.612329 3.605234 3.593150 3.573127 3.540865 3.490360 3.413615 3.300542 3.139249 2.916902 2.621357 2.243612 1.780852 1.239428 0.636635 0.000000 
50.000000 43.599219 37.404317 31.601325 26.339756 21.721607 17.797258 14.568128 11.994739 10.008080 8.521988 7.444556 6.687229 6.170979 5.829580 5.610480 5.473975 5.391381 5.342830 5.315092 5.299684 5.291360 5.286982 5.284741 5.283620 5.283068 5.282788 5.282620 5.282462 5.282225 5.281788 5.280952 5.279371 5.276447 5.271169 5.261887 5.245983 5.219452 5.176379 5.108373 5.004040 4.848676 4.624446 4.311389 3.889638 3.343114 2.664576 1.861141 0.958349 0.000000 
50.000000 43.917241 38.030127 32.515440 27.515262 23.126524 19.397103 16.328350 13.882754 11.994739 10.582423 9.558470 8.838727 8.348091 8.023627 7.815393 7.685656 7.607156 7.561011 7.534647 7.520003 7.512090 7.507929 7.505798 7.504732 7.504204 7.503932 7.503759 7.503581 7.503298 7.502766 7.501742 7.499796 7.496181 7.489623 7.478028 7.458037 7.424451 7.369480 7.281881 7.146062 6.941377 6.641960 6.217641 5.636644 4.870781 3.903486 2.739866 1.415740 0.000000 
50.000000 44.329166 38.840722 33.699474 29.037881 24.946307 21.469390 18.608393 16.328350 14.568128 13.251396 12.296733 11.625688 11.168243 10.865725 10.671574 10.550608 10.477415 10.434388 10.409806 10.396151 10.388772 10.384892 10.382905 10.381909 10.381414 10.381154 10.380979 10.380785 10.380462 10.379846 10.378653 10.376376 10.372126 10.364383 10.350614 10.326726 10.286296 10.219558 10.112147 9.943682 9.686390 9.304197 8.753015 7.983382 6.946991 5.608641 3.963883 2.058646 0.000000 
50.000000 44.846033 39.857827 35.185163 30.948424 27.229739 24.069676 21.469390 19.397103 17.797258 16.600486 15.732789 15.122866 14.707083 14.432114 14.255640 14.145688 14.079157 14.040046 14.017701 14.005288 13.998581 13.995054 13.993246 13.992340 13.991887 13.991645 13.991473 13.991270 13.990919 13.990244 13.988930 13.986412 13.981693 13.973055 13.957611 13.930646 13.884667 13.808100 13.683584 13.485869 13.179461 12.716375 12.034838 11.060529 9.713083 7.921859 5.654890 2.959904 0.000000 
50.000000 45.474155 41.093866 36.990656 33.270234 30.004719 27.229739 24.946307 23.126524 21.721607 20.670643 19.908654 19.373030 19.007893 18.766414 18.611432 18.514869 18.456439 18.422091 18.402466 18.391564 18.385673 18.382574 18.380986 18.380189 18.379789 18.379572 18.379410 18.379207 18.378850 18.378156 18.376799 18.374190 18.369282 18.360258 18.344040 18.315549 18.266613 18.184402 18.049286 17.831969 17.489880 16.962925 16.169210 15.002359 13.334220 11.030625 7.992847 4.237334 0.000000 
50.000000 46.213302 42.548385 39.115289 36.002459 33.270234 30.948424 29.037881 27.515262 26.339756 25.460398 24.822824 24.374652 24.069128 23.867071 23.737389 23.656588 23.607696 23.578953 23.562531 23.553408 23.548478 23.545885 23.544556 23.543888 23.543552 23.543366 23.543222 23.543034 23.542696 23.542036 23.540740 23.538242 23.533526 23.524819 23.509099 23.481324 23.433289 23.351915 23.216786 22.996641 22.644482 22.090890 21.235341 19.936013 18.001229 15.192714 11.267020 6.107609 0.000000 
50.000000 47.055409 44.205514 41.535882 39.115289 36.990656 35.185163 33.699474 32.515440 31.601325 30.917501 30.421695 30.073173 29.835580 29.678448 29.577598 29.514761 29.476737 29.454384 29.441613 29.434518 29.430684 29.428667 29.427633 29.427113 29.426850 29.426703 29.426585 29.426426 29.426138 29.425571 29.424455 29.422297 29.418213 29.410647 29.396930 29.372577 29.330205 29.257883 29.136648 28.936749 28.611954 28.090833 27.263304 25.960031 23.922575 20.767941 15.977520 9.029042 0.000000 
50.000000 47.984151 46.033130 44.205514 42.548385 41.093866 39.857827 38.840722 38.030127 37.404317 36.936164 36.596728 36.358124 36.195463 36.087886 36.018841 35.975820 35.949788 35.934484 35.925739 35.920882 35.918257 35.916876 35.916168 35.915812 35.915631 35.915529 35.915445 35.915330 35.915119 35.914702 35.913880 35.912288 35.909268 35.903659 35.893459 35.875281 35.843499 35.788927 35.696736 35.543177 35.290261 34.876839 34.202937 33.101019 31.281365 28.227994 23.016565 14.117675 0.000000 
50.000000 48.975604 47.984151 47.055409 46.213302 45.474155 44.846033 44.329166 43.917241 43.599219 43.361313 43.188819 43.067564 42.984902 42.930233 42.895145 42.873282 42.860053 42.852276 42.847832 42.845363 42.844029 42.843327 42.842967 42.842786 42.842694 42.842642 42.842598 42.842538 42.842426 42.842205 42.841769 42.840922 42.839315 42.836325 42.830877 42.821143 42.804074 42.774647 42.724679 42.640869 42.501501 42.270520 41.886129 41.236822 40.105693 38.026367 33.866477 24.487802 0.000000 
50.000000 50.000000 50.000000 50.000000 50.000000 50.000000 50.000000 50.000000 50.000000 50.000000 50.000000 50.000000 50.000000 50.000000 50.000000 50.000000 50.000000 50.000000 50.000000 50.000000 50.000000 50.000000 50.000000 50.000000 50.000000 50.000000 50.000000 50.000000 50.000000 50.000000 50.000000 50.000000 50.000000 50.000000 50.000000 50.000000 50.000000 50.000000 50.000000 50.000000 50.000000 50.000000 50.000000 50.000000 50.000000 50.000000 50.000000 50.000000 50.000000 50.000000 
