50.000000 50.000000 50.000000 50.000000 50.000000 50.000000 50.000000 50.000000 50.000000 50.000000 50.000000 50.000000 50.000000 50.000000 50.000000 50.000000 50.000000 50.000000 50.000000 50.000000 50.000000 50.000000 50.000000 50.000000 50.000000 50.000000 50.000000 50.000000 50.000000 50.000000 50.000000 50.000000 50.000000 50.000000 50.000000 50.000000 50.000000 50.000000 50.000000 50.000000 50.000000 50.000000 50.000000 50.000000 50.000000 50.000000 50.000000 50.000000 50.000000 50.000000 
50.000000 48.223241 46.545517 45.049329 43.788702 42.784646 42.028157 41.488545 41.123784 40.889881 40.747437 40.664957 40.619494 40.595609 40.583635 40.577899 40.575270 40.574117 40.573631 40.573435 40.573359 40.573331 40.573320 40.573317 40.573316 40.573315 40.573315 40.573315 40.573314 40.573313 40.573309 40.573296 40.573262 40.573173 40.572947 40.572390 40.571069 40.568040 40.561319 40.546885 40.516805 40.455820 40.334995 40.099518 39.643586 38.753379 36.961701 33.130640 24.111620 0.000000 
50.000000 46.545517 43.283591 40.374628 37.923666 35.971556 34.500785 33.451677 32.742522 32.287783 32.010856 31.850509 31.762126 31.715694 31.692416 31.681266 31.676157 31.673914 31.672971 31.672590 31.672442 31.672386 31.672367 31.672360 31.672357 31.672357 31.672356 31.672356 31.672355 31.672352 31.672344 31.672322 31.672261 31.672100 31.671692 31.670691 31.668323 31.662909 31.650948 31.625396 31.572536 31.466436 31.259229 30.863960 30.123714 28.754490 26.238755 21.641795 13.414877 0.000000 
50.000000 45.049329 40.374628 36.205786 32.693337 29.895818 27.788124 26.284720 25.268498 24.616869 24.220049 23.990288 23.863647 23.797118 23.763766 23.747791 23.740471 23.737258 23.735906 23.735360 23.735148 23.735069 23.735041 23.735031 23.735027 23.735026 23.735026 23.735025 23.735024 23.735021 23.735011 23.734982 23.734904 23.734701 23.734186 23.732928 23.729962 23.723213 23.708395 23.676990 23.612690 23.485398 23.241435 22.788090 21.970171 20.536818 18.102893 14.135873 8.087628 0.000000 
50.000000 43.788702 37.923666 32.693337 28.286582 24.776835 22.132584 20.246498 18.971631 18.154175 17.656386 17.368173 17.209320 17.125872 17.084039 17.064002 17.054821 17.050793 17.049098 17.048413 17.048147 17.048048 17.048012 17.048000 17.047995 17.047994 17.047994 17.047993 17.047992 17.047988 17.047977 17.047947 17.047865 17.047651 17.047111 17.045796 17.042712 17.035737 17.020537 16.988623 16.924056 16.798189 16.561757 16.133914 15.388819 14.143291 12.156519 9.169177 5.035323 0.000000 
50.000000 42.784646 35.971556 29.895818 24.776835 20.699901 17.628391 15.437600 13.956814 13.007348 12.429190 12.094456 11.909970 11.813060 11.764481 11.741214 11.730554 11.725876 11.723908 11.723113 11.722804 11.722689 11.722647 11.722633 11.722628 11.722627 11.722626 11.722625 11.722624 11.722621 11.722611 11.722583 11.722507 11.722308 11.721810 11.720604 11.717788 11.711463 11.697792 11.669374 11.612589 11.503595 11.302814 10.948337 10.349951 9.388015 7.925646 5.847842 3.141059 0.000000 
50.000000 42.028157 34.500785 27.788124 22.132584 17.628391 14.235056 11.814777 10.178920 9.130056 8.491393 8.121642 7.917864 7.810824 7.757170 7.731473 7.719700 7.714535 7.712361 7.711483 7.711143 7.711015 7.710970 7.710954 7.710948 7.710947 7.710946 7.710946 7.710945 7.710942 7.710933 7.710909 7.710846 7.710680 7.710266 7.709267 7.706949 7.701780 7.690698 7.667890 7.622865 7.537711 7.383643 7.117528 6.680054 5.998670 5.000034 3.636825 1.928640 0.000000 
50.000000 41.488545 33.451677 26.284720 20.246498 15.437600 11.814777 9.230873 7.484467 6.364754 5.682971 5.288269 5.070748 4.956494 4.899226 4.871799 4.859235 4.853722 4.851402 4.850466 4.850102 4.849966 4.849917 4.849901 4.849895 4.849893 4.849892 4.849892 4.849891 4.849889 4.849882 4.849864 4.849815 4.849688 4.849373 4.848615 4.846869 4.842999 4.834770 4.817997 4.785262 4.724183 4.615437 4.431134 4.134786 3.684741 3.043286 2.192449 1.153550 0.000000 
50.000000 41.123784 32.742522 25.268498 18.971631 13.956814 10.178920 7.484467 5.663383 4.495819 3.784919 3.373372 3.146576 3.027453 2.967747 2.939154 2.926055 2.920308 2.917890 2.916914 2.916535 2.916393 2.916342 2.916325 2.916319 2.916317 2.916316 2.916316 2.916315 2.916314 2.916309 2.916296 2.916261 2.916172 2.915949 2.915418 2.914200 2.911520 2.905863 2.894437 2.872369 2.831692 2.760284 2.641209 2.453219 2.173442 1.783100 1.276085 0.667963 0.000000 
50.000000 40.889881 32.287783 24.616869 18.154175 13.007348 9.130056 6.364754 4.495819 3.297598 2.568050 2.145717 1.912981 1.790743 1.729477 1.700138 1.686698 1.680801 1.678321 1.677319 1.676930 1.676785 1.676733 1.676715 1.676708 1.676706 1.676706 1.676706 1.676705 1.676704 1.676701 1.676692 1.676669 1.676610 1.676464 1.676117 1.675326 1.673594 1.669968 1.662701 1.648799 1.623450 1.579492 1.507191 1.394759 1.230119 1.004179 0.715247 0.373076 0.000000 
50.000000 40.747437 32.010856 24.220049 17.656386 12.429190 8.491393 5.682971 3.784919 2.568050 1.827158 1.398267 1.161922 1.037790 0.975576 0.945784 0.932137 0.926149 0.923631 0.922613 0.922219 0.922071 0.922018 0.922000 0.921994 0.921992 0.921991 0.921991 0.921991 0.921990 0.921988 0.921983 0.921968 0.921932 0.921842 0.921630 0.921148 0.920099 0.917918 0.913579 0.905348 0.890482 0.864974 0.823504 0.759817 0.667764 0.543059 0.385460 0.200552 0.000000 
50.000000 40.664957 31.850509 23.990288 17.368173 12.094456 8.121642 5.288269 3.373372 2.145717 1.398267 0.965584 0.727153 0.601928 0.539167 0.509113 0.495346 0.489306 0.486765 0.485739 0.485341 0.485193 0.485139 0.485121 0.485114 0.485112 0.485112 0.485112 0.485111 0.485111 0.485110 0.485107 0.485098 0.485077 0.485025 0.484903 0.484627 0.484029 0.482792 0.480349 0.475749 0.467509 0.453499 0.430944 0.396664 0.347636 0.281892 0.199561 0.103638 0.000000 
50.000000 40.619494 31.762126 23.863647 17.209320 11.909970 7.917864 5.070748 3.146576 1.912981 1.161922 0.727153 0.487575 0.361749 0.298686 0.268489 0.254656 0.248588 0.246035 0.245004 0.244604 0.244455 0.244401 0.244382 0.244376 0.244374 0.244374 0.244373 0.244373 0.244373 0.244372 0.244371 0.244366 0.244354 0.244326 0.244260 0.244110 0.243788 0.243124 0.241822 0.239387 0.235056 0.227750 0.216084 0.198507 0.173583 0.140435 0.099218 0.051454 0.000000 
50.000000 40.595609 31.715694 23.797118 17.125872 11.813060 7.810824 4.956494 3.027453 1.790743 1.037790 0.601928 0.361749 0.235607 0.172387 0.142114 0.128248 0.122164 0.119605 0.118571 0.118170 0.118021 0.117967 0.117948 0.117942 0.117940 0.117939 0.117939 0.117939 0.117939 0.117939 0.117938 0.117935 0.117929 0.117915 0.117880 0.117803 0.117639 0.117301 0.116643 0.115418 0.113253 0.109626 0.103875 0.095272 0.083160 0.067157 0.047371 0.024540 0.000000 
50.000000 40.583635 31.692416 23.763766 17.084039 11.764481 7.757170 4.899226 2.967747 1.729477 0.975576 0.539167 0.298686 0.172387 0.109089 0.078778 0.064894 0.058803 0.056241 0.055206 0.054805 0.054655 0.054601 0.054582 0.054576 0.054574 0.054573 0.054573 0.054573 0.054573 0.054573 0.054572 0.054571 0.054568 0.054561 0.054544 0.054507 0.054427 0.054264 0.053947 0.053360 0.052328 0.050610 0.047903 0.043877 0.038242 0.030838 0.021725 0.011245 0.000000 
50.000000 40.577899 31.681266 23.747791 17.064002 11.741214 7.731473 4.871799 2.939154 1.700138 0.945784 0.509113 0.268489 0.142114 0.078778 0.048450 0.034558 0.028463 0.025900 0.024864 0.024463 0.024313 0.024259 0.024240 0.024234 0.024232 0.024231 0.024231 0.024231 0.024231 0.024231 0.024230 0.024230 0.024228 0.024225 0.024217 0.024200 0.024163 0.024088 0.023942 0.023674 0.023205 0.022427 0.021207 0.019404 0.016891 0.013604 0.009574 0.004952 0.000000 
50.000000 40.575270 31.676157 23.740471 17.054821 11.730554 7.719700 4.859235 2.926055 1.686698 0.932137 0.495346 0.254656 0.128248 0.064894 0.034558 0.020662 0.014566 0.012001 0.010966 0.010564 0.010414 0.010360 0.010341 0.010335 0.010333 0.010332 0.010332 0.010332 0.010332 0.010332 0.010332 0.010332 0.010331 0.010329 0.010326 0.010318 0.010302 0.010269 0.010205 0.010088 0.009883 0.009546 0.009020 0.008245 0.007170 0.005770 0.004057 0.002097 0.000000 
50.000000 40.574117 31.673914 23.737258 17.050793 11.725876 7.714535 4.853722 2.920308 1.680801 0.926149 0.489306 0.248588 0.122164 0.058803 0.028463 0.014566 0.008469 0.005904 0.004868 0.004466 0.004316 0.004262 0.004244 0.004237 0.004235 0.004235 0.004235 0.004235 0.004235 0.004235 0.004234 0.004234 0.004234 0.004233 0.004232 0.004229 0.004222 0.004208 0.004181 0.004132 0.004047 0.003907 0.003689 0.003369 0.002928 0.002354 0.001654 0.000855 0.000000 
50.000000 40.573631 31.672971 23.735906 17.049098 11.723908 7.712361 4.851402 2.917890 1.678321 0.923631 0.486765 0.246035 0.119605 0.056241 0.025900 0.012001 0.005904 0.003339 0.002303 0.001901 0.001751 0.001697 0.001679 0.001673 0.001670 0.001670 0.001670 0.001670 0.001670 0.001670 0.001670 0.001670 0.001669 0.001669 0.001669 0.001667 0.001664 0.001659 0.001648 0.001628 0.001594 0.001538 0.001452 0.001325 0.001151 0.000924 0.000649 0.000335 0.000000 
50.000000 40.573435 31.672590 23.735360 17.048413 11.723113 7.711483 4.850466 2.916914 1.677319 0.922613 0.485739 0.245004 0.118571 0.055206 0.024864 0.010966 0.004868 0.002303 0.001268 0.000866 0.000716 0.000662 0.000643 0.000637 0.000635 0.000634 0.000634 0.000634 0.000634 0.000634 0.000634 0.000634 0.000634 0.000634 0.000633 0.000633 0.000632 0.000630 0.000625 0.000618 0.000605 0.000583 0.000550 0.000502 0.000436 0.000350 0.000245 0.000127 0.000000 
50.000000 40.573359 31.672442 23.735148 17.048147 11.722804 7.711143 4.850102 2.916535 1.676930 0.922219 0.485341 0.244604 0.118170 0.054805 0.024463 0.010564 0.004466 0.001901 0.000866 0.000464 0.000314 0.000260 0.000241 0.000235 0.000233 0.000232 0.000232 0.000232 0.000232 0.000232 0.000232 0.000232 0.000232 0.000232 0.000232 0.000232 0.000231 0.000230 0.000229 0.000226 0.000221 0.000213 0.000201 0.000183 0.000159 0.000128 0.000090 0.000046 0.000000 
50.000000 40.573331 31.672386 23.735069 17.048048 11.722689 7.711015 4.849966 2.916393 1.676785 0.922071 0.485193 0.244455 0.118021 0.054655 0.024313 0.010414 0.004316 0.001751 0.000716 0.000314 0.000164 0.000110 0.000091 0.000085 0.000083 0.000082 0.000082 0.000082 0.000082 0.000082 0.000082 0.000082 0.000082 0.000082 0.000082 0.000082 0.000082 0.000081 0.000081 0.000080 0.000078 0.000075 0.000071 0.000065 0.000056 0.000045 0.000032 0.000016 0.000000 
50.000000 40.573320 31.672367 23.735041 17.048012 11.722647 7.710970 4.849918 2.916343 1.676733 0.922018 0.485139 0.244401 0.117967 0.054601 0.024259 0.010360 0.004262 0.001698 0.000662 0.000260 0.000110 0.000056 0.000037 0.000031 0.000029 0.000028 0.000028 0.000028 0.000028 0.000028 0.000028 0.000028 0.000028 0.000028 0.000028 0.000028 0.000028 0.000028 0.000028 0.000027 0.000027 0.000026 0.000024 0.000022 0.000019 0.000015 0.000011 0.000006 0.000000 
50.000000 40.573317 31.672360 23.735031 17.048000 11.722633 7.710954 4.849901 2.916325 1.676715 0.922000 0.485121 0.244383 0.117949 0.054583 0.024240 0.010341 0.004244 0.001679 0.000643 0.000241 0.000091 0.000037 0.000019 0.000012 0.000010 0.000010 0.000010 0.000009 0.000009 0.000009 0.000009 0.000009 0.000009 0.000009 0.000009 0.000009 0.000009 0.000009 0.000009 0.000009 0.000009 0.000009 0.000008 0.000007 0.000006 0.000005 0.000004 0.000002 0.000000 
50.000000 40.573316 31.672358 23.735028 17.047996 11.722629 7.710949 4.849896 2.916320 1.676709 0.921995 0.485115 0.244377 0.117943 0.054577 0.024235 0.010336 0.004238 0.001673 0.000638 0.000236 0.000086 0.000032 0.000013 0.000007 0.000005 0.000004 0.000004 0.000004 0.000004 0.000004 0.000004 0.000004 0.000004 0.000004 0.000004 0.000004 0.000004 0.000004 0.000004 0.000004 0.000004 0.000003 0.000003 0.000003 0.000003 0.000002 0.000001 0.000001 0.000000 
50.000000 40.573316 31.672358 23.735028 17.047996 11.722629 7.710949 4.849896 2.916320 1.676709 0.921995 0.485115 0.244377 0.117943 0.054577 0.024235 0.010336 0.004238 0.001673 0.000638 0.000236 0.000086 0.000032 0.000013 0.000007 0.000005 0.000004 0.000004 0.000004 0.000004 0.000004 0.000004 0.000004 0.000004 0.000004 0.000004 0.000004 0.000004 0.000004 0.000004 0.000004 0.000004 0.000003 0.000003 0.000003 0.000003 0.000002 0.000001 0.000001 0.000000 
50.000000 40.573317 31.672360 23.735031 17.048000 11.722633 7.710954 4.849901 2.916325 1.676715 0.922000 0.485121 0.244383 0.117949 0.054583 0.024240 0.010341 0.004244 0.001679 0.000643 0.000241 0.000091 0.000037 0.000019 0.000012 0.000010 0.000010 0.000010 0.000009 0.000009 0.000009 0.000009 0.000009 0.000009 0.000009 0.000009 0.000009 0.000009 0.000009 0.000009 0.000009 0.000009 0.000009 0.000008 0.000007 0.000006 0.000005 0.000004 0.000002 0.000000 
50.000000 40.573320 31.672367 23.735041 17.048012 11.722647 7.710970 4.849918 2.916343 1.676733 0.922018 0.485139 0.244401 0.117967 0.054601 0.024259 0.010360 0.004262 0.001698 0.000662 0.000260 0.000110 0.000056 0.000037 0.000031 0.000029 0.000028 0.000028 0.000028 0.000028 0.000028 0.000028 0.000028 0.000028 0.000028 0.000028 0.000028 0.000028 0.000028 0.000028 0.000027 0.000027 0.000026 0.000024 0.000022 0.000019 0.000015 0.000011 0.000006 0.000000 
50.000000 40.573331 31.672386 23.735069 17.048048 11.722689 7.711015 4.849966 2.916393 1.676785 0.922071 0.485193 0.244455 0.118021 0.054655 0.024313 0.010414 0.004316 0.001751 0.000716 0.000314 0.000164 0.000110 0.000091 0.000085 0.000083 0.000082 0.000082 0.000082 0.000082 0.000082 0.000082 0.000082 0.000082 0.000082 0.000082 0.000082 0.000082 0.000081 0.000081 0.000080 0.000078 0.000075 0.000071 0.000065 0.000056 0.000045 0.000032 0.000016 0.000000 
50.000000 40.573359 31.672442 23.735148 17.048147 11.722804 7.711143 4.850102 2.916535 1.676930 0.922219 0.485341 0.244604 0.118170 0.054805 0.024463 0.010564 0.004466 0.001901 0.000866 0.000464 0.000314 0.000260 0.000241 0.000235 0.000233 0.000232 0.000232 0.000232 0.000232 0.000232 0.000232 0.000232 0.000232 0.000232 0.000232 0.000232 0.000231 0.000230 0.000229 0.000226 0.000221 0.000213 0.000201 0.000183 0.000159 0.000128 0.000090 0.000046 0.000000 
50.000000 40.573435 31.672590 23.735360 17.048413 11.723113 7.711483 4.850466 2.916914 1.677319 0.922613 0.485739 0.245004 0.118571 0.055206 0.024864 0.010966 0.004868 0.002303 0.001268 0.000866 0.000716 0.000662 0.000643 0.000637 0.000635 0.000634 0.000634 0.000634 0.000634 0.000634 0.000634 0.000634 0.000634 0.000634 0.000633 0.000633 0.000632 0.000630 0.000625 0.000618 0.000605 0.000583 0.000550 0.000502 0.000436 0.000350 0.000245 0.000127 0.000000 
50.000000 40.573631 31.672971 23.735906 17.049098 11.723908 7.712361 4.851402 2.917890 1.678321 0.923631 0.486765 0.246035 0.119605 0.056241 0.025900 0.012001 0.005904 0.003339 0.002303 0.001901 0.001751 0.001697 0.001679 0.001673 0.001670 0.001670 0.001670 0.001670 0.001670 0.001670 0.001670 0.001670 0.001669 0.001669 0.001669 0.001667 0.001664 0.001659 0.001648 0.001628 0.001594 0.001538 0.001452 0.001325 0.001151 0.000924 0.000649 0.000335 0.000000 
50.000000 40.574117 31.673914 23.737258 17.050793 11.725876 7.714535 4.853722 2.920308 1.680801 0.926149 0.489306 0.248588 0.122164 0.058803 0.028463 0.014566 0.008469 0.005904 0.004868 0.004466 0.004316 0.004262 0.004244 0.004237 0.004235 0.004235 0.004235 0.004235 0.004235 0.004235 0.004234 0.004234 0.004234 0.004233 0.004232 0.004229 0.004222 0.004208 0.004181 0.004132 0.004047 0.003907 0.003689 0.003369 0.002928 0.002354 0.001654 0.000855 0.000000 
50.000000 40.575270 31.676157 23.740471 17.054821 11.730554 7.719700 4.859235 2.926055 1.686698 0.932137 0.495346 0.254656 0.128248 0.064894 0.034558 0.020662 0.014566 0.012001 0.010966 0.010564 0.010414 0.010360 0.010341 0.010335 0.010333 0.010332 0.010332 0.010332 0.010332 0.010332 0.010332 0.010332 0.010331 0.010329 0.010326 0.010318 0.010302 0.010269 0.010205 0.010088 0.009883 0.009546 0.009020 0.008245 0.007170 0.005770 0.004057 0.002097 0.000000 
50.000000 40.577899 31.681266 23.747791 17.064002 11.741214 7.731473 4.871799 2.939154 1.700138 0.945784 0.509113 0.268489 0.142114 0.078778 0.048450 0.034558 0.028463 0.025900 0.024864 0.024463 0.024313 0.024259 0.024240 0.024234 0.024232 0.024231 0.024231 0.024231 0.024231 0.024231 0.024230 0.024230 0.024228 0.024225 0.024217 0.024200 0.024163 0.024088 0.023942 0.023674 0.023205 0.022427 0.021207 0.019404 0.016891 0.013604 0.009574 0.004952 0.000000 
50.000000 40.583635 31.692416 23.763766 17.084039 11.764481 7.757170 4.899226 2.967747 1.729477 0.975576 0.539167 0.298686 0.172387 0.109089 0.078778 0.064894 0.058803 0.056241 0.055206 0.054805 0.054655 0.054601 0.054582 0.054576 0.054574 0.054573 0.054573 0.054573 0.054573 0.054573 0.054572 0.054571 0.054568 0.054561 0.054544 0.054507 0.054427 0.054264 0.053947 0.053360 0.052328 0.050610 0.047903 0.043877 0.038242 0.030838 0.021725 0.011245 0.000000 
50.000000 40.595609 31.715694 23.797118 17.125872 11.813060 7.810824 4.956494 3.027453 1.790743 1.037790 0.601928 0.361749 0.235607 0.172387 0.142114 0.128248 0.122164 0.119605 0.118571 0.118170 0.118021 0.117967 0.117948 0.117942 0.117940 0.117939 0.117939 0.117939 0.117939 0.117939 0.117938 0.117935 0.117929 0.117915 0.117880 0.117803 0.117639 0.117301 0.116643 0.115418 0.113253 0.109626 0.103875 0.095272 0.083160 0.067157 0.047371 0.024540 0.000000 
50.000000 40.619494 31.762126 23.863647 17.209320 11.909970 7.917864 5.070748 3.146576 1.912981 1.161922 0.727153 0.487575 0.361749 0.298686 0.268489 0.254656 0.248588 0.246035 0.245004 0.244604 0.244455 0.244401 0.244382 0.244376 0.244374 0.244374 0.244373 0.244373 0.244373 0.244372 0.244371 0.244366 0.244354 0.244326 0.244260 0.244110 0.243788 0.243124 0.241822 0.239387 0.235056 0.227750 0.216084 0.198507 0.173583 0.140435 0.099218 0.051454 0.000000 
50.000000 40.664957 31.850509 23.990288 17.368173 12.094456 8.121642 5.288269 3.373372 2.145717 1.398267 0.965584 0.727153 0.601928 0.539167 0.509113 0.495346 0.489306 0.486765 0.485739 0.485341 0.485193 0.485139 0.485121 0.485114 0.485112 0.485112 0.485112 0.485111 0.485111 0.485110 0.485107 0.485098 0.485077 0.485025 0.484903 0.484627 0.484029 0.482792 0.480349 0.475749 0.467509 0.453499 0.430944 0.396664 0.347636 0.281892 0.199561 0.103638 0.000000 
50.000000 40.747437 32.010856 24.220049 17.656386 12.429190 8.491393 5.682971 3.784919 2.568050 1.827158 1.398267 1.161922 1.037790 0.975576 0.945784 0.932137 0.926149 0.923631 0.922613 0.922219 0.922071 0.922018 0.922000 0.921994 0.921992 0.921991 0.921991 0.921991 0.921990 0.921988 0.921983 0.921968 0.921932 0.921842 0.921630 0.921148 0.920099 0.917918 0.913579 0.905348 0.890482 0.864974 0.823504 0.759817 0.667764 0.543059 0.385460 0.200552 0.000000 
50.000000 40.889881 32.287783 24.616869 18.154175 13.007348 9.130056 6.364754 4.495819 3.297598 2.568050 2.145717 1.912981 1.790743 1.729477 1.700138 1.686698 1.680801 1.678321 1.677319 1.676930 1.676785 1.676733 1.676715 1.676708 1.676706 1.676706 1.676706 1.676705 1.676704 1.676701 1.676692 1.676669 1.676610 1.676464 1.676117 1.675326 1.673594 1.669968 1.662701 1.648799 1.623450 1.579492 1.507191 1.394759 1.230119 1.004179 0.715247 0.373076 0.000000 
50.000000 41.123784 32.742522 25.268498 18.971631 13.956814 10.178920 7.484467 5.663383 4.495819 3.784919 3.373372 3.146576 3.027453 2.967747 2.939154 2.926055 2.920308 2.917890 2.916914 2.916535 2.916393 2.916342 2.916325 2.916319 2.916317 2.916316 2.916316 2.916315 2.916314 2.916309 2.916296 2.916261 2.916172 2.915949 2.915418 2.914200 2.911520 2.905863 2.894437 2.872369 2.831692 2.760284 2.641209 2.453219 2.173442 1.783100 1.276085 0.667963 0.000000 
50.000000 41.488545 33.451677 26.284720 20.246498 15.437600 11.814777 9.230873 7.484467 6.364754 5.682971 5.288269 5.070748 4.956494 4.899226 4.871799 4.859235 4.853722 4.851402 4.850466 4.850102 4.849966 4.849917 4.849901 4.849895 4.849893 4.849892 4.849892 4.849891 4.849889 4.849882 4.849864 4.849815 4.849688 4.849373 4.848615 4.846869 4.842999 4.834770 4.817997 4.785262 4.724183 4.615437 4.431134 4.134786 3.684741 3.043286 2.192449 1.153550 0.000000 
50.000000 42.028157 34.500785 27.788124 22.132584 17.628391 14.235056 11.814777 10.178920 9.130056 8.491393 8.121642 7.917864 7.810824 7.757170 7.731473 7.719700 7.714535 7.712361 7.711483 7.711143 7.711015 7.710970 7.710954 7.710948 7.710947 7.710946 7.710946 7.710945 7.710942 7.710933 7.710909 7.710846 7.710680 7.710266 7.709267 7.706949 7.701780 7.690698 7.667890 7.622865 7.537711 7.383643 7.117528 6.680054 5.998670 5.000034 3.636825 1.928640 0.000000 
50.000000 42.784646 35.971556 29.895818 24.776835 20.699901 17.628391 15.437600 13.956814 13.007348 12.429190 12.094456 11.909970 11.813060 11.764481 11.741214 11.730554 11.725876 11.723908 11.723113 11.722804 11.722689 11.722647 11.722633 11.722628 11.722627 11.722626 11.722625 11.722624 11.722621 11.722611 11.722583 11.722507 11.722308 11.721810 11.720604 11.717788 11.711463 11.697792 11.669374 11.612589 11.503595 11.302814 10.948337 10.349951 9.388015 7.925646 5.847842 3.141059 0.000000 
50.000000 43.788702 37.923666 32.693337 28.286582 24.776835 22.132584 20.246498 18.971631 18.154175 17.656386 17.368173 17.209320 17.125872 17.084039 17.064002 17.054821 17.050793 17.049098 17.048413 17.048147 17.048048 17.048012 17.048000 17.047995 17.047994 17.047994 17.047993 17.047992 17.047988 17.047977 17.047947 17.047865 17.047651 17.047111 17.045796 17.042712 17.035737 17.020537 16.988623 16.924056 16.798189 16.561757 16.133914 15.388819 14.143291 12.156519 9.169177 5.035323 0.000000 
50.000000 45.049329 40.374628 36.205786 32.693337 29.895818 27.788124 26.284720 25.268498 24.616869 24.220049 23.990288 23.863647 23.797118 23.763766 23.747791 23.740471 23.737258 23.735906 23.735360 23.735148 23.735069 23.735041 23.735031 23.735027 23.735026 23.735026 23.735025 23.735024 23.735021 23.735011 23.734982 23.734904 23.734701 23.734186 23.732928 23.729962 23.723213 23.708395 23.676990 23.612690 23.485398 23.241435 22.788090 21.970171 20.536818 18.102893 14.135873 8.087628 0.000000 
50.000000 46.545517 43.283591 40.374628 37.923666 35.971556 34.500785 33.451677 32.742522 32.287783 32.010856 31.850509 31.762126 31.715694 31.692416 31.681266 31.676157 31.673914 31.672971 31.672590 31.672442 31.672386 31.672367 31.672360 31.672357 31.672357 31.672356 31.672356 31.672355 31.672352 31.672344 31.672322 31.672261 31.672100 31.671692 31.670691 31.668323 31.662909 31.650948 31.625396 31.572536 31.466436 31.259229 30.863960 30.123714 28.754490 26.238755 21.641795 13.414877 0.000000 
50.000000 48.223241 46.545517 45.049329 43.788702 42.784646 42.028157 41.488545 41.123784 40.889881 40.747437 40.664957 40.619494 40.595609 40.583635 40.577899 40.575270 40.574117 40.573631 40.573435 40.573359 40.573331 40.573320 40.573317 40.573316 40.573315 40.573315 40.573315 40.573314 40.573313 40.573309 40.573296 40.573262 40.573173 40.572947 40.572390 40.571069 40.568040 40.561319 40.546885 40.516805 40.455820 40.334995 40.099518 39.643586 38.753379 36.961701 33.130640 24.111620 0.000000 
50.000000 50.000000 50.000000 50.000000 50.000000 50.000000 50.000000 50.000000 50.000000 50.000000 50.000000 50.000000 50.000000 50.000000 50.000000 50.000000 50.000000 50.000000 50.000000 50.000000 50.000000 50.000000 50.000000 50.000000 50.000000 50.000000 50.000000 50.000000 50.000000 50.000000 50.000000 50.000000 50.000000 50.000000 50.000000 50.000000 50.000000 50.000000 50.000000 50.000000 50.000000 50.000000 50.000000 50.000000 50.000000 50.000000 50.000000 50.000000 50.000000 50.000000 
