50.000000 50.000000 50.000000 50.000000 50.000000 50.000000 50.000000 50.000000 50.000000 50.000000 50.000000 50.000000 50.000000 50.000000 50.000000 50.000000 50.000000 50.000000 50.000000 50.000000 50.000000 50.000000 50.000000 50.000000 50.000000 50.000000 50.000000 50.000000 50.000000 50.000000 50.000000 50.000000 50.000000 50.000000 50.000000 50.000000 50.000000 50.000000 50.000000 50.000000 50.000000 50.000000 50.000000 50.000000 50.000000 50.000000 50.000000 50.000000 50.000000 50.000000 
50.000000 48.576057 47.215745 45.974173 44.891310 43.988568 43.268959 42.720221 42.319737 42.039835 41.852380 41.732002 41.657826 41.613937 41.588982 41.575337 41.568155 41.564515 41.562736 41.561897 41.561516 41.561348 41.561276 41.561247 41.561235 41.561231 41.561228 41.561226 41.561222 41.561211 41.561185 41.561123 41.560976 41.560642 41.559903 41.558317 41.555006 41.548281 41.534982 41.509325 41.460925 41.371355 41.207941 40.911939 40.374045 39.378157 37.456848 33.474603 24.288029 0.000000 
50.000000 47.215745 44.555910 42.128253 40.010927 38.245801 36.838758 35.765825 34.982772 34.435493 34.068974 33.833609 33.688582 33.602771 33.553980 33.527301 33.513260 33.506142 33.502665 33.501025 33.500279 33.499951 33.499812 33.499754 33.499731 33.499722 33.499718 33.499714 33.499706 33.499686 33.499638 33.499522 33.499252 33.498637 33.497281 33.494374 33.488321 33.476067 33.451929 33.405606 33.318845 33.159853 32.873850 32.366612 31.474747 29.910044 27.154538 22.277955 13.741142 0.000000 
50.000000 45.974173 42.128253 38.618056 35.556587 33.004382 30.969946 29.418612 28.286422 27.495138 26.965213 26.624919 26.415239 26.291176 26.220637 26.182066 26.161768 26.151478 26.146451 26.144081 26.143002 26.142528 26.142326 26.142243 26.142210 26.142197 26.142191 26.142185 26.142175 26.142149 26.142086 26.141934 26.141580 26.140778 26.139011 26.135237 26.127409 26.111638 26.080761 26.021971 25.912981 25.715977 25.368177 24.767302 23.749634 22.058777 19.309028 14.973715 8.517325 0.000000 
50.000000 44.891310 40.010927 35.556587 31.671691 28.433059 25.851475 23.882943 22.446293 21.442237 20.769829 20.338047 20.071999 19.914588 19.825090 19.776153 19.750400 19.737346 19.730968 19.727961 19.726593 19.725992 19.725736 19.725631 19.725588 19.725572 19.725564 19.725558 19.725546 19.725517 19.725447 19.725280 19.724889 19.724007 19.722070 19.717950 19.709446 19.692417 19.659326 19.596912 19.482586 19.279118 18.927124 18.335124 17.367807 15.835845 13.497810 10.100883 5.513152 0.000000 
50.000000 43.988568 38.245801 33.004382 28.433059 24.622221 21.584554 19.268273 17.577860 16.396471 15.605320 15.097297 14.784280 14.599084 14.493790 14.436218 14.405921 14.390565 14.383062 14.379525 14.377916 14.377208 14.376907 14.376784 14.376734 14.376715 14.376706 14.376699 14.376687 14.376659 14.376590 14.376425 14.376042 14.375178 14.373291 14.369295 14.361092 14.344778 14.313338 14.254639 14.148469 13.962481 13.647076 13.129814 12.311111 11.065252 9.254748 6.771054 3.614524 0.000000 
50.000000 43.268959 36.838758 30.969946 25.851475 21.584554 18.183375 15.589945 13.697298 12.374598 11.488830 10.920063 10.569626 10.362296 10.244421 10.179972 10.146057 10.128867 10.120469 10.116510 10.114709 10.113917 10.113580 10.113442 10.113386 10.113365 10.113355 10.113349 10.113338 10.113312 10.113250 10.113102 10.112758 10.111987 10.110310 10.106777 10.099567 10.085329 10.058125 10.007855 9.918061 9.763133 9.505225 9.091687 8.454740 7.516351 6.202644 4.472146 2.357019 0.000000 
50.000000 42.720221 35.765825 29.418612 23.882943 19.268273 15.589945 12.785224 10.738412 9.307996 8.350113 7.735053 7.356102 7.131907 7.004448 6.934760 6.898089 6.879503 6.870423 6.866143 6.864196 6.863339 6.862976 6.862826 6.862766 6.862743 6.862733 6.862727 6.862717 6.862696 6.862644 6.862520 6.862236 6.861599 6.860220 6.857330 6.851468 6.839976 6.818203 6.778369 6.708057 6.588441 6.392612 6.084720 5.621198 4.955819 4.050435 2.891975 1.512281 0.000000 
50.000000 42.319737 34.982772 28.286422 22.446293 17.577860 13.697298 10.738412 8.579124 7.070130 6.059645 5.410821 5.011077 4.774585 4.640138 4.566632 4.527953 4.508349 4.498772 4.494258 4.492204 4.491301 4.490918 4.490760 4.490697 4.490672 4.490662 4.490656 4.490649 4.490632 4.490591 4.490496 4.490275 4.489784 4.488725 4.486518 4.482067 4.473403 4.457120 4.427611 4.376093 4.289562 4.149970 3.934165 3.615379 3.167175 2.570445 1.822919 0.948382 0.000000 
50.000000 42.039835 34.435493 27.495138 21.442237 16.396471 12.374598 9.307996 7.070130 5.506244 4.459017 3.786614 3.372350 3.127273 2.987948 2.911777 2.871696 2.851383 2.841459 2.836782 2.834654 2.833719 2.833321 2.833158 2.833092 2.833067 2.833057 2.833052 2.833046 2.833033 2.833003 2.832933 2.832773 2.832417 2.831653 2.830068 2.826891 2.820746 2.809288 2.788702 2.753122 2.694037 2.599939 2.456537 2.248003 1.959651 1.582157 1.116648 0.578910 0.000000 
50.000000 41.852380 34.068974 26.965213 20.769829 15.605320 11.488830 8.350113 6.059645 4.459017 3.387202 2.699020 2.275041 2.024222 1.881635 1.803681 1.762664 1.741876 1.731720 1.726934 1.724757 1.723800 1.723393 1.723225 1.723159 1.723133 1.723123 1.723118 1.723113 1.723105 1.723084 1.723036 1.722926 1.722682 1.722161 1.721085 1.718942 1.714823 1.707195 1.693601 1.670315 1.632034 1.571743 1.480974 1.350681 1.172917 0.943242 0.663368 0.343055 0.000000 
50.000000 41.732002 33.833609 26.624919 20.338047 15.097297 10.920063 7.735053 5.410821 3.786614 2.699020 2.000716 1.570505 1.316003 1.171323 1.092227 1.050609 1.029518 1.019214 1.014358 1.012149 1.011178 1.010765 1.010595 1.010527 1.010501 1.010491 1.010487 1.010483 1.010477 1.010464 1.010432 1.010360 1.010202 1.009866 1.009174 1.007802 1.005181 1.000358 0.991825 0.977326 0.953701 0.916850 0.861938 0.783959 0.678720 0.544158 0.381681 0.197020 0.000000 
50.000000 41.657826 33.688582 26.415239 20.071999 14.784280 10.569626 7.356102 5.011077 3.372350 2.275041 1.570505 1.136460 0.879691 0.733724 0.653925 0.611938 0.590660 0.580265 0.575366 0.573137 0.572158 0.571741 0.571570 0.571502 0.571475 0.571465 0.571461 0.571459 0.571455 0.571446 0.571427 0.571382 0.571285 0.571078 0.570654 0.569818 0.568230 0.565325 0.560218 0.551603 0.537674 0.516126 0.484297 0.439502 0.379582 0.303601 0.212515 0.109545 0.000000 
50.000000 41.613937 33.602771 26.291176 19.914588 14.599084 10.362296 7.131907 4.774585 3.127273 2.024222 1.316003 0.879691 0.621583 0.474856 0.394642 0.352437 0.331048 0.320599 0.315675 0.313435 0.312450 0.312032 0.311860 0.311791 0.311765 0.311755 0.311751 0.311749 0.311746 0.311741 0.311729 0.311703 0.311646 0.311524 0.311277 0.310791 0.309872 0.308201 0.305280 0.300383 0.292518 0.280439 0.262729 0.237992 0.205142 0.163768 0.114450 0.058932 0.000000 
50.000000 41.588982 33.553980 26.220637 19.825090 14.493790 10.244421 7.004448 4.640138 2.987948 1.881635 1.171323 0.733724 0.474856 0.327698 0.247249 0.204920 0.183469 0.172989 0.168051 0.165804 0.164817 0.164397 0.164224 0.164156 0.164129 0.164119 0.164115 0.164114 0.164112 0.164109 0.164102 0.164088 0.164055 0.163987 0.163849 0.163579 0.163070 0.162150 0.160549 0.157881 0.153621 0.147118 0.137645 0.124495 0.107140 0.085400 0.059606 0.030665 0.000000 
50.000000 41.575337 33.527301 26.182066 19.776153 14.436218 10.179972 6.934760 4.566632 2.911777 1.803681 1.092227 0.653925 0.394642 0.247249 0.166671 0.124275 0.102789 0.092293 0.087347 0.085097 0.084108 0.083687 0.083514 0.083445 0.083419 0.083409 0.083405 0.083404 0.083403 0.083401 0.083397 0.083389 0.083372 0.083336 0.083262 0.083118 0.082848 0.082362 0.081520 0.080124 0.077906 0.074540 0.069662 0.062927 0.054083 0.043055 0.030020 0.015434 0.000000 
50.000000 41.568155 33.513260 26.161768 19.750400 14.405921 10.146057 6.898089 4.527953 2.871696 1.762664 1.050609 0.611938 0.352437 0.204920 0.124275 0.081843 0.060340 0.049835 0.044885 0.042633 0.041643 0.041222 0.041049 0.040980 0.040953 0.040943 0.040940 0.040938 0.040938 0.040937 0.040935 0.040931 0.040922 0.040903 0.040865 0.040791 0.040654 0.040407 0.039982 0.039279 0.038169 0.036490 0.034070 0.030743 0.026393 0.020990 0.014622 0.007513 0.000000 
50.000000 41.564515 33.506142 26.151478 19.737346 14.390565 10.128867 6.879503 4.508349 2.851383 1.741876 1.029518 0.590660 0.331048 0.183469 0.102789 0.060340 0.038827 0.028318 0.023366 0.021113 0.020122 0.019701 0.019528 0.019459 0.019433 0.019423 0.019419 0.019418 0.019417 0.019417 0.019416 0.019414 0.019409 0.019400 0.019381 0.019345 0.019278 0.019157 0.018950 0.018610 0.018074 0.017268 0.016109 0.014523 0.012457 0.009898 0.006890 0.003539 0.000000 
50.000000 41.562736 33.502665 26.146451 19.730968 14.383062 10.120469 6.870423 4.498772 2.841459 1.731720 1.019214 0.580265 0.320599 0.172989 0.092293 0.049835 0.028318 0.017807 0.012854 0.010600 0.009609 0.009188 0.009015 0.008946 0.008920 0.008910 0.008906 0.008905 0.008904 0.008904 0.008904 0.008903 0.008900 0.008896 0.008887 0.008870 0.008838 0.008782 0.008685 0.008526 0.008276 0.007902 0.007367 0.006637 0.005688 0.004516 0.003142 0.001613 0.000000 
50.000000 41.561897 33.501025 26.144081 19.727961 14.379525 10.116510 6.866143 4.494258 2.836782 1.726934 1.014358 0.575366 0.315675 0.168051 0.087347 0.044885 0.023366 0.012854 0.007900 0.005646 0.004655 0.004234 0.004061 0.003992 0.003966 0.003956 0.003952 0.003951 0.003950 0.003950 0.003950 0.003949 0.003948 0.003946 0.003942 0.003934 0.003920 0.003894 0.003850 0.003779 0.003667 0.003499 0.003260 0.002935 0.002514 0.001995 0.001387 0.000712 0.000000 
50.000000 41.561516 33.500279 26.143002 19.726593 14.377916 10.114709 6.864196 4.492205 2.834654 1.724757 1.012149 0.573138 0.313435 0.165804 0.085097 0.042633 0.021113 0.010600 0.005646 0.003392 0.002401 0.001980 0.001807 0.001738 0.001712 0.001702 0.001698 0.001697 0.001696 0.001696 0.001696 0.001696 0.001695 0.001695 0.001693 0.001689 0.001683 0.001672 0.001653 0.001621 0.001573 0.001500 0.001397 0.001257 0.001076 0.000853 0.000593 0.000304 0.000000 
50.000000 41.561348 33.499951 26.142528 19.725992 14.377209 10.113917 6.863340 4.491302 2.833719 1.723800 1.011178 0.572158 0.312451 0.164817 0.084108 0.041643 0.020123 0.009610 0.004656 0.002402 0.001411 0.000990 0.000817 0.000748 0.000721 0.000711 0.000708 0.000707 0.000706 0.000706 0.000706 0.000706 0.000706 0.000705 0.000704 0.000703 0.000700 0.000696 0.000687 0.000674 0.000654 0.000623 0.000580 0.000522 0.000447 0.000354 0.000246 0.000126 0.000000 
50.000000 41.561277 33.499812 26.142327 19.725737 14.376909 10.113582 6.862977 4.490919 2.833323 1.723395 1.010767 0.571743 0.312034 0.164399 0.083689 0.041224 0.019703 0.009190 0.004236 0.001982 0.000991 0.000570 0.000397 0.000328 0.000302 0.000292 0.000288 0.000287 0.000286 0.000286 0.000286 0.000286 0.000286 0.000286 0.000285 0.000285 0.000284 0.000282 0.000279 0.000273 0.000265 0.000252 0.000235 0.000211 0.000181 0.000143 0.000099 0.000051 0.000000 
50.000000 41.561248 33.499756 26.142246 19.725634 14.376788 10.113446 6.862831 4.490765 2.833163 1.723231 1.010601 0.571575 0.311865 0.164230 0.083520 0.041054 0.019534 0.009021 0.004067 0.001813 0.000822 0.000401 0.000228 0.000159 0.000132 0.000122 0.000118 0.000117 0.000117 0.000117 0.000117 0.000117 0.000116 0.000116 0.000116 0.000116 0.000116 0.000115 0.000113 0.000111 0.000108 0.000103 0.000096 0.000086 0.000073 0.000058 0.000040 0.000021 0.000000 
50.000000 41.561238 33.499737 26.142218 19.725598 14.376746 10.113399 6.862780 4.490711 2.833107 1.723174 1.010543 0.571517 0.311807 0.164171 0.083461 0.040995 0.019475 0.008962 0.004008 0.001754 0.000763 0.000342 0.000169 0.000100 0.000073 0.000063 0.000059 0.000058 0.000058 0.000058 0.000058 0.000058 0.000058 0.000057 0.000057 0.000057 0.000057 0.000057 0.000056 0.000055 0.000053 0.000051 0.000047 0.000042 0.000036 0.000029 0.000020 0.000010 0.000000 
50.000000 41.561238 33.499737 26.142218 19.725598 14.376746 10.113399 6.862780 4.490711 2.833107 1.723174 1.010543 0.571517 0.311807 0.164171 0.083461 0.040995 0.019475 0.008962 0.004008 0.001754 0.000763 0.000342 0.000169 0.000100 0.000073 0.000063 0.000059 0.000058 0.000058 0.000058 0.000058 0.000058 0.000058 0.000057 0.000057 0.000057 0.000057 0.000057 0.000056 0.000055 0.000053 0.000051 0.000047 0.000042 0.000036 0.000029 0.000020 0.000010 0.000000 
50.000000 41.561248 33.499756 26.142246 19.725634 14.376788 10.113446 6.862831 4.490765 2.833163 1.723231 1.010601 0.571575 0.311865 0.164230 0.083520 0.041054 0.019534 0.009021 0.004067 0.001813 0.000822 0.000401 0.000228 0.000159 0.000132 0.000122 0.000118 0.000117 0.000117 0.000117 0.000117 0.000117 0.000116 0.000116 0.000116 0.000116 0.000116 0.000115 0.000113 0.000111 0.000108 0.000103 0.000096 0.000086 0.000073 0.000058 0.000040 0.000021 0.000000 
50.000000 41.561277 33.499812 26.142327 19.725737 14.376909 10.113582 6.862977 4.490919 2.833323 1.723395 1.010767 0.571743 0.312034 0.164399 0.083689 0.041224 0.019703 0.009190 0.004236 0.001982 0.000991 0.000570 0.000397 0.000328 0.000302 0.000292 0.000288 0.000287 0.000286 0.000286 0.000286 0.000286 0.000286 0.000286 0.000285 0.000285 0.000284 0.000282 0.000279 0.000273 0.000265 0.000252 0.000235 0.000211 0.000181 0.000143 0.000099 0.000051 0.000000 
50.000000 41.561348 33.499951 26.142528 19.725992 14.377209 10.113917 6.863340 4.491302 2.833719 1.723800 1.011178 0.572158 0.312451 0.164817 0.084108 0.041643 0.020123 0.009610 0.004656 0.002402 0.001411 0.000990 0.000817 0.000748 0.000721 0.000711 0.000708 0.000707 0.000706 0.000706 0.000706 0.000706 0.000706 0.000705 0.000704 0.000703 0.000700 0.000696 0.000687 0.000674 0.000654 0.000623 0.000580 0.000522 0.000447 0.000354 0.000246 0.000126 0.000000 
50.000000 41.561516 33.500279 26.143002 19.726593 14.377916 10.114709 6.864196 4.492205 2.834654 1.724757 1.012149 0.573138 0.313435 0.165804 0.085097 0.042633 0.021113 0.010600 0.005646 0.003392 0.002401 0.001980 0.001807 0.001738 0.001712 0.001702 0.001698 0.001697 0.001696 0.001696 0.001696 0.001696 0.001695 0.001695 0.001693 0.001689 0.001683 0.001672 0.001653 0.001621 0.001573 0.001500 0.001397 0.001257 0.001076 0.000853 0.000593 0.000304 0.000000 
50.000000 41.561897 33.501025 26.144081 19.727961 14.379525 10.116510 6.866143 4.494258 2.836782 1.726934 1.014358 0.575366 0.315675 0.168051 0.087347 0.044885 0.023366 0.012854 0.007900 0.005646 0.004655 0.004234 0.004061 0.003992 0.003966 0.003956 0.003952 0.003951 0.003950 0.003950 0.003950 0.003949 0.003948 0.003946 0.003942 0.003934 0.003920 0.003894 0.003850 0.003779 0.003667 0.003499 0.003260 0.002935 0.002514 0.001995 0.001387 0.000712 0.000000 
50.000000 41.562736 33.502665 26.146451 19.730968 14.383062 10.120469 6.870423 4.498772 2.841459 1.731720 1.019214 0.580265 0.320599 0.172989 0.092293 0.049835 0.028318 0.017807 0.012854 0.010600 0.009609 0.009188 0.009015 0.008946 0.008920 0.008910 0.008906 0.008905 0.008904 0.008904 0.008904 0.008903 0.008900 0.008896 0.008887 0.008870 0.008838 0.008782 0.008685 0.008526 0.008276 0.007902 0.007367 0.006637 0.005688 0.004516 0.003142 0.001613 0.000000 
50.000000 41.564515 33.506142 26.151478 19.737346 14.390565 10.128867 6.879503 4.508349 2.851383 1.741876 1.029518 0.590660 0.331048 0.183469 0.102789 0.060340 0.038827 0.028318 0.023366 0.021113 0.020122 0.019701 0.019528 0.019459 0.019433 0.019423 0.019419 0.019418 0.019417 0.019417 0.019416 0.019414 0.019409 0.019400 0.019381 0.019345 0.019278 0.019157 0.018950 0.018610 0.018074 0.017268 0.016109 0.014523 0.012457 0.009898 0.006890 0.003539 0.000000 
50.000000 41.568155 33.513260 26.161768 19.750400 14.405921 10.146057 6.898089 4.527953 2.871696 1.762664 1.050609 0.611938 0.352437 0.204920 0.124275 0.081843 0.060340 0.049835 0.044885 0.042633 0.041643 0.041222 0.041049 0.040980 0.040953 0.040943 0.040940 0.040938 0.040938 0.040937 0.040935 0.040931 0.040922 0.040903 0.040865 0.040791 0.040654 0.040407 0.039982 0.039279 0.038169 0.036490 0.034070 0.030743 0.026393 0.020990 0.014622 0.007513 0.000000 
50.000000 41.575337 33.527301 26.182066 19.776153 14.436218 10.179972 6.934760 4.566632 2.911777 1.803681 1.092227 0.653925 0.394642 0.247249 0.166671 0.124275 0.102789 0.092293 0.087347 0.085097 0.084108 0.083687 0.083514 0.083445 0.083419 0.083409 0.083405 0.083404 0.083403 0.083401 0.083397 0.083389 0.083372 0.083336 0.083262 0.083118 0.082848 0.082362 0.081520 0.080124 0.077906 0.074540 0.069662 0.062927 0.054083 0.043055 0.030020 0.015434 0.000000 
50.000000 41.588982 33.553980 26.220637 19.825090 14.493790 10.244421 7.004448 4.640138 2.987948 1.881635 1.171323 0.733724 0.474856 0.327698 0.247249 0.204920 0.183469 0.172989 0.168051 0.165804 0.164817 0.164397 0.164224 0.164156 0.164129 0.164119 0.164115 0.164114 0.164112 0.164109 0.164102 0.164088 0.164055 0.163987 0.163849 0.163579 0.163070 0.162150 0.160549 0.157881 0.153621 0.147118 0.137645 0.124495 0.107140 0.085400 0.059606 0.030665 0.000000 
50.000000 41.613937 33.602771 26.291176 19.914588 14.599084 10.362296 7.131907 4.774585 3.127273 2.024222 1.316003 0.879691 0.621583 0.474856 0.394642 0.352437 0.331048 0.320599 0.315675 0.313435 0.312450 0.312032 0.311860 0.311791 0.311765 0.311755 0.311751 0.311749 0.311746 0.311741 0.311729 0.311703 0.311646 0.311524 0.311277 0.310791 0.309872 0.308201 0.305280 0.300383 0.292518 0.280439 0.262729 0.237992 0.205142 0.163768 0.114450 0.058932 0.000000 
50.000000 41.657826 33.688582 26.415239 20.071999 14.784280 10.569626 7.356102 5.011077 3.372350 2.275041 1.570505 1.136460 0.879691 0.733724 0.653925 0.611938 0.590660 0.580265 0.575366 0.573137 0.572158 0.571741 0.571570 0.571502 0.571475 0.571465 0.571461 0.571459 0.571455 0.571446 0.571427 0.571382 0.571285 0.571078 0.570654 0.569818 0.568230 0.565325 0.560218 0.551603 0.537674 0.516126 0.484297 0.439502 0.379582 0.303601 0.212515 0.109545 0.000000 
50.000000 41.732002 33.833609 26.624919 20.338047 15.097297 10.920063 7.735053 5.410821 3.786614 2.699020 2.000716 1.570505 1.316003 1.171323 1.092227 1.050609 1.029518 1.019214 1.014358 1.012149 1.011178 1.010765 1.010595 1.010527 1.010501 1.010491 1.010487 1.010483 1.010477 1.010464 1.010432 1.010360 1.010202 1.009866 1.009174 1.007802 1.005181 1.000358 0.991825 0.977326 0.953701 0.916850 0.861938 0.783959 0.678720 0.544158 0.381681 0.197020 0.000000 
50.000000 41.852380 34.068974 26.965213 20.769829 15.605320 11.488830 8.350113 6.059645 4.459017 3.387202 2.699020 2.275041 2.024222 1.881635 1.803681 1.762664 1.741876 1.731720 1.726934 1.724757 1.723800 1.723393 1.723225 1.723159 1.723133 1.723123 1.723118 1.723113 1.723105 1.723084 1.723036 1.722926 1.722682 1.722161 1.721085 1.718942 1.714823 1.707195 1.693601 1.670315 1.632034 1.571743 1.480974 1.350681 1.172917 0.943242 0.663368 0.343055 0.000000 
50.000000 42.039835 34.435493 27.495138 21.442237 16.396471 12.374598 9.307996 7.070130 5.506244 4.459017 3.786614 3.372350 3.127273 2.987948 2.911777 2.871696 2.851383 2.841459 2.836782 2.834654 2.833719 2.833321 2.833158 2.833092 2.833067 2.833057 2.833052 2.833046 2.833033 2.833003 2.832933 2.832773 2.832417 2.831653 2.830068 2.826891 2.820746 2.809288 2.788702 2.753122 2.694037 2.599939 2.456537 2.248003 1.959651 1.582157 1.116648 0.578910 0.000000 
50.000000 42.319737 34.982772 28.286422 22.446293 17.577860 13.697298 10.738412 8.579124 7.070130 6.059645 5.410821 5.011077 4.774585 4.640138 4.566632 4.527953 4.508349 4.498772 4.494258 4.492204 4.491301 4.490918 4.490760 4.490697 4.490672 4.490662 4.490656 4.490649 4.490632 4.490591 4.490496 4.490275 4.489784 4.488725 4.486518 4.482067 4.473403 4.457120 4.427611 4.376093 4.289562 4.149970 3.934165 3.615379 3.167175 2.570445 1.822919 0.948382 0.000000 
50.000000 42.720221 35.765825 29.418612 23.882943 19.268273 15.589945 12.785224 10.738412 9.307996 8.350113 7.735053 7.356102 7.131907 7.004448 6.934760 6.898089 6.879503 6.870423 6.866143 6.864196 6.863339 6.862976 6.862826 6.862766 6.862743 6.862733 6.862727 6.862717 6.862696 6.862644 6.862520 6.862236 6.861599 6.860220 6.857330 6.851468 6.839976 6.818203 6.778369 6.708057 6.588441 6.392612 6.084720 5.621198 4.955819 4.050435 2.891975 1.512281 0.000000 
50.000000 43.268959 36.838758 30.969946 25.851475 21.584554 18.183375 15.589945 13.697298 12.374598 11.488830 10.920063 10.569626 10.362296 10.244421 10.179972 10.146057 10.128867 10.120469 10.116510 10.114709 10.113917 10.113580 10.113442 10.113386 10.113365 10.113355 10.113349 10.113338 10.113312 10.113250 10.113102 10.112758 10.111987 10.110310 10.106777 10.099567 10.085329 10.058125 10.007855 9.918061 9.763133 9.505225 9.091687 8.454740 7.516351 6.202644 4.472146 2.357019 0.000000 
50.000000 43.988568 38.245801 33.004382 28.433059 24.622221 21.584554 19.268273 17.577860 16.396471 15.605320 15.097297 14.784280 14.599084 14.493790 14.436218 14.405921 14.390565 14.383062 14.379525 14.377916 14.377208 14.376907 14.376784 14.376734 14.376715 14.376706 14.376699 14.376687 14.376659 14.376590 14.376425 14.376042 14.375178 14.373291 14.369295 14.361092 14.344778 14.313338 14.254639 14.148469 13.962481 13.647076 13.129814 12.311111 11.065252 9.254748 6.771054 3.614524 0.000000 
50.000000 44.891310 40.010927 35.556587 31.671691 28.433059 25.851475 23.882943 22.446293 21.442237 20.769829 20.338047 20.071999 19.914588 19.825090 19.776153 19.750400 19.737346 19.730968 19.727961 19.726593 19.725992 19.725736 19.725631 19.725588 19.725572 19.725564 19.725558 19.725546 19.725517 19.725447 19.725280 19.724889 19.724007 19.722070 19.717950 19.709446 19.692417 19.659326 19.596912 19.482586 19.279118 18.927124 18.335124 17.367807 15.835845 13.497810 10.100883 5.513152 0.000000 
50.000000 45.974173 42.128253 38.618056 35.556587 33.004382 30.969946 29.418612 28.286422 27.495138 26.965213 26.624919 26.415239 26.291176 26.220637 26.182066 26.161768 26.151478 26.146451 26.144081 26.143002 26.142528 26.142326 26.142243 26.142210 26.142197 26.142191 26.142185 26.142175 26.142149 26.142086 26.141934 26.141580 26.140778 26.139011 26.135237 26.127409 26.111638 26.080761 26.021971 25.912981 25.715977 25.368177 24.767302 23.749634 22.058777 19.309028 14.973715 8.517325 0.000000 
50.000000 47.215745 44.555910 42.128253 40.010927 38.245801 36.838758 35.765825 34.982772 34.435493 34.068974 33.833609 33.688582 33.602771 33.553980 33.527301 33.513260 33.506142 33.502665 33.501025 33.500279 33.499951 33.499812 33.499754 33.499731 33.499722 33.499718 33.499714 33.499706 33.499686 33.499638 33.499522 33.499252 33.498637 33.497281 33.494374 33.488321 33.476067 33.451929 33.405606 33.318845 33.159853 32.873850 32.366612 31.474747 29.910044 27.154538 22.277955 13.741142 0.000000 
50.000000 48.576057 47.215745 45.974173 44.891310 43.988568 43.268959 42.720221 42.319737 42.039835 41.852380 41.732002 41.657826 41.613937 41.588982 41.575337 41.568155 41.564515 41.562736 41.561897 41.561516 41.561348 41.561276 41.561247 41.561235 41.561231 41.561228 41.561226 41.561222 41.561211 41.561185 41.561123 41.560976 41.560642 41.559903 41.558317 41.555006 41.548281 41.534982 41.509325 41.460925 41.371355 41.207941 40.911939 40.374045 39.378157 37.456848 33.474603 24.288029 0.000000 
50.000000 50.000000 50.000000 50.000000 50.000000 50.000000 50.000000 50.000000 50.000000 50.000000 50.000000 50.000000 50.000000 50.000000 50.000000 50.000000 50.000000 50.000000 50.000000 50.000000 50.000000 50.000000 50.000000 50.000000 50.000000 50.000000 50.000000 50.000000 50.000000 50.000000 50.000000 50.000000 50.000000 50.000000 50.000000 50.000000 50.000000 50.000000 50.000000 50.000000 50.000000 50.000000 50.000000 50.000000 50.000000 50.000000 50.000000 50.000000 50.000000 50.000000 
