50.000000 50.000000 50.000000 50.000000 50.000000 50.000000 50.000000 50.000000 50.000000 50.000000 50.000000 50.000000 50.000000 50.000000 50.000000 50.000000 50.000000 50.000000 50.000000 50.000000 50.000000 50.000000 50.000000 50.000000 50.000000 50.000000 50.000000 50.000000 50.000000 50.000000 50.000000 50.000000 50.000000 50.000000 50.000000 50.000000 50.000000 50.000000 50.000000 50.000000 50.000000 50.000000 50.000000 50.000000 50.000000 50.000000 50.000000 50.000000 50.000000 50.000000 
50.000000 48.235059 46.567842 45.079864 43.824698 42.823462 42.067674 41.527361 41.161194 40.925719 40.781867 40.698289 40.652051 40.627665 40.615390 40.609484 40.606766 40.605567 40.605060 40.604855 40.604774 40.604744 40.604733 40.604729 40.604728 40.604728 40.604727 40.604727 40.604727 40.604725 40.604720 40.604707 40.604672 40.604579 40.604343 40.603767 40.602406 40.599296 40.592422 40.577710 40.547152 40.485383 40.363337 40.126057 39.667601 38.774047 36.978171 33.142130 24.117530 0.000000 
50.000000 46.567842 43.325726 40.432173 37.991365 36.044366 34.574677 33.524006 32.811981 32.354099 32.074382 31.911867 31.821962 31.774546 31.750678 31.739195 31.733910 31.731580 31.730595 31.730195 31.730039 31.729980 31.729959 31.729952 31.729949 31.729948 31.729948 31.729948 31.729947 31.729944 31.729935 31.729911 31.729847 31.729679 31.729255 31.728218 31.725776 31.720214 31.707972 31.681911 31.628174 31.520638 31.311193 30.912618 30.167744 28.792384 26.268952 21.662863 13.425712 0.000000 
50.000000 45.079864 40.432173 36.284185 32.785248 29.994223 27.887453 26.381361 25.360723 24.704394 24.303456 24.070518 23.941658 23.873699 23.839490 23.823034 23.815460 23.812121 23.810709 23.810135 23.809912 23.809828 23.809797 23.809787 23.809783 23.809782 23.809782 23.809781 23.809780 23.809776 23.809765 23.809735 23.809654 23.809441 23.808905 23.807600 23.804537 23.797597 23.782415 23.750349 23.684912 23.555755 23.308888 22.851252 22.027327 20.586009 18.142092 14.163221 8.101693 0.000000 
50.000000 43.824698 37.991365 32.785248 28.393798 24.890885 22.246800 20.356629 19.075742 18.252079 17.748934 17.456625 17.294926 17.209652 17.166729 17.146082 17.136579 17.132389 17.130618 17.129899 17.129618 17.129513 17.129475 17.129462 17.129457 17.129456 17.129455 17.129454 17.129453 17.129449 17.129438 17.129406 17.129319 17.129095 17.128532 17.127167 17.123978 17.116794 17.101197 17.068564 17.002758 16.874860 16.635263 16.202747 15.451107 14.196899 12.199239 9.198981 5.050651 0.000000 
50.000000 42.823462 36.044366 29.994223 24.890885 20.820185 17.747580 15.551124 14.062719 13.105642 12.521017 12.181385 11.993514 11.894442 11.844575 11.820589 11.809550 11.804683 11.802625 11.801790 11.801464 11.801342 11.801298 11.801282 11.801277 11.801276 11.801275 11.801274 11.801273 11.801269 11.801259 11.801229 11.801149 11.800941 11.800420 11.799165 11.796248 11.789722 11.775668 11.746556 11.688575 11.577621 11.373787 11.014798 10.410093 9.439778 7.966896 5.876621 3.155860 0.000000 
50.000000 42.067674 34.574677 27.887453 22.246800 17.747580 14.351591 11.924018 10.279044 9.221320 8.575237 8.199914 7.992309 7.882834 7.827734 7.801231 7.789035 7.783658 7.781385 7.780463 7.780103 7.779968 7.779919 7.779902 7.779896 7.779894 7.779893 7.779893 7.779892 7.779889 7.779880 7.779854 7.779787 7.779613 7.779179 7.778137 7.775732 7.770385 7.758968 7.735553 7.689481 7.602609 7.445864 7.175795 6.732782 6.044053 5.036201 3.662059 1.941617 0.000000 
50.000000 41.527361 33.524006 26.381361 20.356629 15.551124 11.924018 9.331293 7.574450 6.444826 5.754846 5.354036 5.132340 5.015440 4.956605 4.928307 4.915285 4.909544 4.907118 4.906133 4.905749 4.905604 4.905552 4.905534 4.905528 4.905526 4.905525 4.905525 4.905524 4.905521 4.905514 4.905495 4.905443 4.905310 4.904978 4.904187 4.902369 4.898357 4.889858 4.872595 4.839015 4.776551 4.665646 4.478154 4.177337 3.721366 3.072473 2.212813 1.164024 0.000000 
50.000000 41.161194 32.811981 25.360723 19.075742 14.062719 10.279044 7.574450 5.741845 4.563535 3.843838 3.425776 3.194545 3.072622 3.011260 2.981748 2.968168 2.962182 2.959651 2.958624 2.958223 2.958073 2.958019 2.958000 2.957993 2.957991 2.957991 2.957990 2.957990 2.957988 2.957983 2.957969 2.957932 2.957837 2.957603 2.957046 2.955775 2.952988 2.947130 2.935337 2.912637 2.870922 2.797899 2.676435 2.485098 2.200882 1.804968 1.291344 0.675811 0.000000 
50.000000 40.925719 32.354099 24.704394 18.252079 13.105642 9.221320 6.444826 4.563535 3.353946 2.615159 2.186019 1.948667 1.823519 1.760536 1.730245 1.716307 1.710163 1.707566 1.706512 1.706101 1.705947 1.705891 1.705872 1.705865 1.705863 1.705862 1.705862 1.705862 1.705860 1.705857 1.705848 1.705823 1.705761 1.705606 1.705241 1.704413 1.702607 1.698839 1.691317 1.676973 1.650899 1.605811 1.531839 1.417067 1.249321 1.019482 0.725925 0.378568 0.000000 
50.000000 40.781867 32.074382 24.303456 17.748934 12.521017 8.575237 5.754846 3.843838 2.615159 1.864725 1.428828 1.187743 1.060629 0.996658 0.965893 0.951737 0.945497 0.942860 0.941789 0.941372 0.941215 0.941158 0.941139 0.941132 0.941130 0.941129 0.941129 0.941129 0.941128 0.941126 0.941120 0.941105 0.941066 0.940971 0.940747 0.940240 0.939143 0.936869 0.932363 0.923842 0.908501 0.882251 0.839685 0.774462 0.680370 0.553106 0.392470 0.204158 0.000000 
50.000000 40.698289 31.911867 24.070518 17.456625 12.181385 8.199914 5.354036 3.425776 2.186019 1.428828 0.989010 0.745760 0.617507 0.552964 0.521924 0.507642 0.501347 0.498686 0.497606 0.497185 0.497027 0.496969 0.496950 0.496943 0.496941 0.496940 0.496940 0.496940 0.496939 0.496938 0.496934 0.496926 0.496903 0.496848 0.496718 0.496427 0.495799 0.494505 0.491958 0.487180 0.478646 0.464178 0.440946 0.405717 0.355428 0.288103 0.203895 0.105867 0.000000 
50.000000 40.652051 31.821962 23.941658 17.294926 11.993514 7.992309 5.132340 3.194545 1.948667 1.187743 0.745760 0.501316 0.372434 0.307575 0.276383 0.262031 0.255706 0.253032 0.251947 0.251524 0.251365 0.251307 0.251287 0.251281 0.251278 0.251278 0.251278 0.251277 0.251277 0.251276 0.251275 0.251270 0.251257 0.251227 0.251156 0.250998 0.250658 0.249962 0.248599 0.246060 0.241557 0.233984 0.221923 0.203792 0.178133 0.144061 0.101748 0.052756 0.000000 
50.000000 40.627665 31.774546 23.873699 17.209652 11.894442 7.882834 5.015440 3.072622 1.823519 1.060629 0.617507 0.372434 0.243221 0.178196 0.146925 0.132536 0.126194 0.123514 0.122426 0.122002 0.121843 0.121785 0.121765 0.121758 0.121756 0.121755 0.121755 0.121755 0.121755 0.121754 0.121753 0.121751 0.121744 0.121729 0.121692 0.121610 0.121436 0.121080 0.120388 0.119106 0.116847 0.113072 0.107103 0.098194 0.085675 0.069162 0.048770 0.025260 0.000000 
50.000000 40.615390 31.750678 23.839490 17.166729 11.844575 7.827734 4.956605 3.011260 1.760536 0.996658 0.552964 0.307575 0.178196 0.113088 0.081777 0.067370 0.061020 0.058336 0.057247 0.056822 0.056662 0.056605 0.056585 0.056578 0.056576 0.056575 0.056575 0.056575 0.056575 0.056575 0.056574 0.056573 0.056570 0.056562 0.056544 0.056504 0.056419 0.056246 0.055911 0.055294 0.054214 0.052418 0.049596 0.045410 0.039562 0.031890 0.022459 0.011622 0.000000 
50.000000 40.609484 31.739195 23.823034 17.146082 11.820589 7.801231 4.928307 2.981748 1.730245 0.965893 0.521924 0.276383 0.146925 0.081777 0.050446 0.036031 0.029677 0.026991 0.025902 0.025477 0.025317 0.025259 0.025239 0.025233 0.025230 0.025230 0.025229 0.025229 0.025229 0.025229 0.025229 0.025228 0.025227 0.025223 0.025215 0.025196 0.025157 0.025077 0.024922 0.024639 0.024145 0.023329 0.022052 0.020168 0.017550 0.014129 0.009941 0.005141 0.000000 
50.000000 40.606766 31.733910 23.815460 17.136579 11.809550 7.789035 4.915285 2.968168 1.716307 0.951737 0.507642 0.262031 0.132536 0.067370 0.036031 0.021611 0.015256 0.012569 0.011479 0.011054 0.010894 0.010837 0.010817 0.010810 0.010808 0.010807 0.010807 0.010807 0.010807 0.010807 0.010807 0.010806 0.010806 0.010804 0.010800 0.010792 0.010774 0.010739 0.010671 0.010546 0.010331 0.009975 0.009422 0.008609 0.007484 0.006019 0.004231 0.002187 0.000000 
50.000000 40.605567 31.731580 23.812121 17.132389 11.804683 7.783658 4.909544 2.962182 1.710163 0.945497 0.501347 0.255706 0.126194 0.061020 0.029677 0.015256 0.008899 0.006213 0.005122 0.004697 0.004538 0.004480 0.004460 0.004453 0.004451 0.004450 0.004450 0.004450 0.004450 0.004450 0.004450 0.004450 0.004449 0.004449 0.004447 0.004444 0.004436 0.004421 0.004392 0.004340 0.004250 0.004101 0.003871 0.003534 0.003070 0.002467 0.001733 0.000895 0.000000 
50.000000 40.605060 31.730595 23.810709 17.130618 11.802625 7.781385 4.907118 2.959651 1.707566 0.942860 0.498686 0.253032 0.123514 0.058336 0.026991 0.012569 0.006213 0.003526 0.002436 0.002010 0.001851 0.001793 0.001773 0.001766 0.001764 0.001763 0.001763 0.001763 0.001763 0.001763 0.001763 0.001763 0.001763 0.001763 0.001762 0.001760 0.001757 0.001751 0.001740 0.001719 0.001682 0.001623 0.001531 0.001397 0.001212 0.000974 0.000683 0.000353 0.000000 
50.000000 40.604855 31.730195 23.810135 17.129899 11.801790 7.780463 4.906133 2.958624 1.706512 0.941789 0.497606 0.251947 0.122426 0.057247 0.025902 0.011479 0.005122 0.002436 0.001345 0.000920 0.000760 0.000703 0.000683 0.000676 0.000674 0.000673 0.000673 0.000673 0.000673 0.000673 0.000673 0.000673 0.000673 0.000672 0.000672 0.000672 0.000670 0.000668 0.000664 0.000655 0.000641 0.000618 0.000583 0.000532 0.000461 0.000370 0.000260 0.000134 0.000000 
50.000000 40.604774 31.730039 23.809912 17.129618 11.801464 7.780103 4.905749 2.958223 1.706101 0.941372 0.497185 0.251524 0.122002 0.056822 0.025477 0.011054 0.004697 0.002010 0.000920 0.000495 0.000335 0.000277 0.000257 0.000251 0.000248 0.000248 0.000247 0.000247 0.000247 0.000247 0.000247 0.000247 0.000247 0.000247 0.000247 0.000247 0.000247 0.000246 0.000244 0.000241 0.000236 0.000227 0.000214 0.000195 0.000169 0.000136 0.000095 0.000049 0.000000 
50.000000 40.604744 31.729980 23.809828 17.129513 11.801342 7.779968 4.905604 2.958073 1.705947 0.941215 0.497027 0.251365 0.121843 0.056663 0.025317 0.010894 0.004538 0.001851 0.000760 0.000335 0.000175 0.000118 0.000098 0.000091 0.000089 0.000088 0.000088 0.000088 0.000088 0.000088 0.000088 0.000088 0.000088 0.000088 0.000088 0.000088 0.000087 0.000087 0.000087 0.000085 0.000084 0.000081 0.000076 0.000069 0.000060 0.000048 0.000034 0.000017 0.000000 
50.000000 40.604733 31.729959 23.809798 17.129475 11.801298 7.779919 4.905552 2.958019 1.705891 0.941159 0.496970 0.251307 0.121785 0.056605 0.025259 0.010837 0.004480 0.001793 0.000703 0.000277 0.000118 0.000060 0.000040 0.000033 0.000031 0.000030 0.000030 0.000030 0.000030 0.000030 0.000030 0.000030 0.000030 0.000030 0.000030 0.000030 0.000030 0.000030 0.000030 0.000029 0.000029 0.000028 0.000026 0.000024 0.000021 0.000016 0.000012 0.000006 0.000000 
50.000000 40.604729 31.729952 23.809787 17.129462 11.801283 7.779902 4.905534 2.958000 1.705872 0.941139 0.496950 0.251288 0.121765 0.056585 0.025240 0.010817 0.004460 0.001773 0.000683 0.000258 0.000098 0.000040 0.000020 0.000013 0.000011 0.000011 0.000010 0.000010 0.000010 0.000010 0.000010 0.000010 0.000010 0.000010 0.000010 0.000010 0.000010 0.000010 0.000010 0.000010 0.000010 0.000009 0.000009 0.000008 0.000007 0.000006 0.000004 0.000002 0.000000 
50.000000 40.604728 31.729949 23.809784 17.129458 11.801278 7.779897 4.905529 2.957994 1.705866 0.941133 0.496944 0.251282 0.121759 0.056579 0.025233 0.010811 0.004454 0.001767 0.000677 0.000252 0.000092 0.000034 0.000014 0.000007 0.000005 0.000004 0.000004 0.000004 0.000004 0.000004 0.000004 0.000004 0.000004 0.000004 0.000004 0.000004 0.000004 0.000004 0.000004 0.000004 0.000004 0.000004 0.000004 0.000003 0.000003 0.000002 0.000002 0.000001 0.000000 
50.000000 40.604728 31.729949 23.809784 17.129458 11.801278 7.779897 4.905529 2.957994 1.705866 0.941133 0.496944 0.251282 0.121759 0.056579 0.025233 0.010811 0.004454 0.001767 0.000677 0.000252 0.000092 0.000034 0.000014 0.000007 0.000005 0.000004 0.000004 0.000004 0.000004 0.000004 0.000004 0.000004 0.000004 0.000004 0.000004 0.000004 0.000004 0.000004 0.000004 0.000004 0.000004 0.000004 0.000004 0.000003 0.000003 0.000002 0.000002 0.000001 0.000000 
50.000000 40.604729 31.729952 23.809787 17.129462 11.801283 7.779902 4.905534 2.958000 1.705872 0.941139 0.496950 0.251288 0.121765 0.056585 0.025240 0.010817 0.004460 0.001773 0.000683 0.000258 0.000098 0.000040 0.000020 0.000013 0.000011 0.000011 0.000010 0.000010 0.000010 0.000010 0.000010 0.000010 0.000010 0.000010 0.000010 0.000010 0.000010 0.000010 0.000010 0.000010 0.000010 0.000009 0.000009 0.000008 0.000007 0.000006 0.000004 0.000002 0.000000 
50.000000 40.604733 31.729959 23.809798 17.129475 11.801298 7.779919 4.905552 2.958019 1.705891 0.941159 0.496970 0.251307 0.121785 0.056605 0.025259 0.010837 0.004480 0.001793 0.000703 0.000277 0.000118 0.000060 0.000040 0.000033 0.000031 0.000030 0.000030 0.000030 0.000030 0.000030 0.000030 0.000030 0.000030 0.000030 0.000030 0.000030 0.000030 0.000030 0.000030 0.000029 0.000029 0.000028 0.000026 0.000024 0.000021 0.000016 0.000012 0.000006 0.000000 
50.000000 40.604744 31.729980 23.809828 17.129513 11.801342 7.779968 4.905604 2.958073 1.705947 0.941215 0.497027 0.251365 0.121843 0.056663 0.025317 0.010894 0.004538 0.001851 0.000760 0.000335 0.000175 0.000118 0.000098 0.000091 0.000089 0.000088 0.000088 0.000088 0.000088 0.000088 0.000088 0.000088 0.000088 0.000088 0.000088 0.000088 0.000087 0.000087 0.000087 0.000085 0.000084 0.000081 0.000076 0.000069 0.000060 0.000048 0.000034 0.000017 0.000000 
50.000000 40.604774 31.730039 23.809912 17.129618 11.801464 7.780103 4.905749 2.958223 1.706101 0.941372 0.497185 0.251524 0.122002 0.056822 0.025477 0.011054 0.004697 0.002010 0.000920 0.000495 0.000335 0.000277 0.000257 0.000251 0.000248 0.000248 0.000247 0.000247 0.000247 0.000247 0.000247 0.000247 0.000247 0.000247 0.000247 0.000247 0.000247 0.000246 0.000244 0.000241 0.000236 0.000227 0.000214 0.000195 0.000169 0.000136 0.000095 0.000049 0.000000 
50.000000 40.604855 31.730195 23.810135 17.129899 11.801790 7.780463 4.906133 2.958624 1.706512 0.941789 0.497606 0.251947 0.122426 0.057247 0.025902 0.011479 0.005122 0.002436 0.001345 0.000920 0.000760 0.000703 0.000683 0.000676 0.000674 0.000673 0.000673 0.000673 0.000673 0.000673 0.000673 0.000673 0.000673 0.000672 0.000672 0.000672 0.000670 0.000668 0.000664 0.000655 0.000641 0.000618 0.000583 0.000532 0.000461 0.000370 0.000260 0.000134 0.000000 
50.000000 40.605060 31.730595 23.810709 17.130618 11.802625 7.781385 4.907118 2.959651 1.707566 0.942860 0.498686 0.253032 0.123514 0.058336 0.026991 0.012569 0.006213 0.003526 0.002436 0.002010 0.001851 0.001793 0.001773 0.001766 0.001764 0.001763 0.001763 0.001763 0.001763 0.001763 0.001763 0.001763 0.001763 0.001763 0.001762 0.001760 0.001757 0.001751 0.001740 0.001719 0.001682 0.001623 0.001531 0.001397 0.001212 0.000974 0.000683 0.000353 0.000000 
50.000000 40.605567 31.731580 23.812121 17.132389 11.804683 7.783658 4.909544 2.962182 1.710163 0.945497 0.501347 0.255706 0.126194 0.061020 0.029677 0.015256 0.008899 0.006213 0.005122 0.004697 0.004538 0.004480 0.004460 0.004453 0.004451 0.004450 0.004450 0.004450 0.004450 0.004450 0.004450 0.004450 0.004449 0.004449 0.004447 0.004444 0.004436 0.004421 0.004392 0.004340 0.004250 0.004101 0.003871 0.003534 0.003070 0.002467 0.001733 0.000895 0.000000 
50.000000 40.606766 31.733910 23.815460 17.136579 11.809550 7.789035 4.915285 2.968168 1.716307 0.951737 0.507642 0.262031 0.132536 0.067370 0.036031 0.021611 0.015256 0.012569 0.011479 0.011054 0.010894 0.010837 0.010817 0.010810 0.010808 0.010807 0.010807 0.010807 0.010807 0.010807 0.010807 0.010806 0.010806 0.010804 0.010800 0.010792 0.010774 0.010739 0.010671 0.010546 0.010331 0.009975 0.009422 0.008609 0.007484 0.006019 0.004231 0.002187 0.000000 
50.000000 40.609484 31.739195 23.823034 17.146082 11.820589 7.801231 4.928307 2.981748 1.730245 0.965893 0.521924 0.276383 0.146925 0.081777 0.050446 0.036031 0.029677 0.026991 0.025902 0.025477 0.025317 0.025259 0.025239 0.025233 0.025230 0.025230 0.025229 0.025229 0.025229 0.025229 0.025229 0.025228 0.025227 0.025223 0.025215 0.025196 0.025157 0.025077 0.024922 0.024639 0.024145 0.023329 0.022052 0.020168 0.017550 0.014129 0.009941 0.005141 0.000000 
50.000000 40.615390 31.750678 23.839490 17.166729 11.844575 7.827734 4.956605 3.011260 1.760536 0.996658 0.552964 0.307575 0.178196 0.113088 0.081777 0.067370 0.061020 0.058336 0.057247 0.056822 0.056662 0.056605 0.056585 0.056578 0.056576 0.056575 0.056575 0.056575 0.056575 0.056575 0.056574 0.056573 0.056570 0.056562 0.056544 0.056504 0.056419 0.056246 0.055911 0.055294 0.054214 0.052418 0.049596 0.045410 0.039562 0.031890 0.022459 0.011622 0.000000 
50.000000 40.627665 31.774546 23.873699 17.209652 11.894442 7.882834 5.015440 3.072622 1.823519 1.060629 0.617507 0.372434 0.243221 0.178196 0.146925 0.132536 0.126194 0.123514 0.122426 0.122002 0.121843 0.121785 0.121765 0.121758 0.121756 0.121755 0.121755 0.121755 0.121755 0.121754 0.121753 0.121751 0.121744 0.121729 0.121692 0.121610 0.121436 0.121080 0.120388 0.119106 0.116847 0.113072 0.107103 0.098194 0.085675 0.069162 0.048770 0.025260 0.000000 
50.000000 40.652051 31.821962 23.941658 17.294926 11.993514 7.992309 5.132340 3.194545 1.948667 1.187743 0.745760 0.501316 0.372434 0.307575 0.276383 0.262031 0.255706 0.253032 0.251947 0.251524 0.251365 0.251307 0.251287 0.251281 0.251278 0.251278 0.251278 0.251277 0.251277 0.251276 0.251275 0.251270 0.251257 0.251227 0.251156 0.250998 0.250658 0.249962 0.248599 0.246060 0.241557 0.233984 0.221923 0.203792 0.178133 0.144061 0.101748 0.052756 0.000000 
50.000000 40.698289 31.911867 24.070518 17.456625 12.181385 8.199914 5.354036 3.425776 2.186019 1.428828 0.989010 0.745760 0.617507 0.552964 0.521924 0.507642 0.501347 0.498686 0.497606 0.497185 0.497027 0.496969 0.496950 0.496943 0.496941 0.496940 0.496940 0.496940 0.496939 0.496938 0.496934 0.496926 0.496903 0.496848 0.496718 0.496427 0.495799 0.494505 0.491958 0.487180 0.478646 0.464178 0.440946 0.405717 0.355428 0.288103 0.203895 0.105867 0.000000 
50.000000 40.781867 32.074382 24.303456 17.748934 12.521017 8.575237 5.754846 3.843838 2.615159 1.864725 1.428828 1.187743 1.060629 0.996658 0.965893 0.951737 0.945497 0.942860 0.941789 0.941372 0.941215 0.941158 0.941139 0.941132 0.941130 0.941129 0.941129 0.941129 0.941128 0.941126 0.941120 0.941105 0.941066 0.940971 0.940747 0.940240 0.939143 0.936869 0.932363 0.923842 0.908501 0.882251 0.839685 0.774462 0.680370 0.553106 0.392470 0.204158 0.000000 
50.000000 40.925719 32.354099 24.704394 18.252079 13.105642 9.221320 6.444826 4.563535 3.353946 2.615159 2.186019 1.948667 1.823519 1.760536 1.730245 1.716307 1.710163 1.707566 1.706512 1.706101 1.705947 1.705891 1.705872 1.705865 1.705863 1.705862 1.705862 1.705862 1.705860 1.705857 1.705848 1.705823 1.705761 1.705606 1.705241 1.704413 1.702607 1.698839 1.691317 1.676973 1.650899 1.605811 1.531839 1.417067 1.249321 1.019482 0.725925 0.378568 0.000000 
50.000000 41.161194 32.811981 25.360723 19.075742 14.062719 10.279044 7.574450 5.741845 4.563535 3.843838 3.425776 3.194545 3.072622 3.011260 2.981748 2.968168 2.962182 2.959651 2.958624 2.958223 2.958073 2.958019 2.958000 2.957993 2.957991 2.957991 2.957990 2.957990 2.957988 2.957983 2.957969 2.957932 2.957837 2.957603 2.957046 2.955775 2.952988 2.947130 2.935337 2.912637 2.870922 2.797899 2.676435 2.485098 2.200882 1.804968 1.291344 0.675811 0.000000 
50.000000 41.527361 33.524006 26.381361 20.356629 15.551124 11.924018 9.331293 7.574450 6.444826 5.754846 5.354036 5.132340 5.015440 4.956605 4.928307 4.915285 4.909544 4.907118 4.906133 4.905749 4.905604 4.905552 4.905534 4.905528 4.905526 4.905525 4.905525 4.905524 4.905521 4.905514 4.905495 4.905443 4.905310 4.904978 4.904187 4.902369 4.898357 4.889858 4.872595 4.839015 4.776551 4.665646 4.478154 4.177337 3.721366 3.072473 2.212813 1.164024 0.000000 
50.000000 42.067674 34.574677 27.887453 22.246800 17.747580 14.351591 11.924018 10.279044 9.221320 8.575237 8.199914 7.992309 7.882834 7.827734 7.801231 7.789035 7.783658 7.781385 7.780463 7.780103 7.779968 7.779919 7.779902 7.779896 7.779894 7.779893 7.779893 7.779892 7.779889 7.779880 7.779854 7.779787 7.779613 7.779179 7.778137 7.775732 7.770385 7.758968 7.735553 7.689481 7.602609 7.445864 7.175795 6.732782 6.044053 5.036201 3.662059 1.941617 0.000000 
50.000000 42.823462 36.044366 29.994223 24.890885 20.820185 17.747580 15.551124 14.062719 13.105642 12.521017 12.181385 11.993514 11.894442 11.844575 11.820589 11.809550 11.804683 11.802625 11.801790 11.801464 11.801342 11.801298 11.801282 11.801277 11.801276 11.801275 11.801274 11.801273 11.801269 11.801259 11.801229 11.801149 11.800941 11.800420 11.799165 11.796248 11.789722 11.775668 11.746556 11.688575 11.577621 11.373787 11.014798 10.410093 9.439778 7.966896 5.876621 3.155860 0.000000 
50.000000 43.824698 37.991365 32.785248 28.393798 24.890885 22.246800 20.356629 19.075742 18.252079 17.748934 17.456625 17.294926 17.209652 17.166729 17.146082 17.136579 17.132389 17.130618 17.129899 17.129618 17.129513 17.129475 17.129462 17.129457 17.129456 17.129455 17.129454 17.129453 17.129449 17.129438 17.129406 17.129319 17.129095 17.128532 17.127167 17.123978 17.116794 17.101197 17.068564 17.002758 16.874860 16.635263 16.202747 15.451107 14.196899 12.199239 9.198981 5.050651 0.000000 
50.000000 45.079864 40.432173 36.284185 32.785248 29.994223 27.887453 26.381361 25.360723 24.704394 24.303456 24.070518 23.941658 23.873699 23.839490 23.823034 23.815460 23.812121 23.810709 23.810135 23.809912 23.809828 23.809797 23.809787 23.809783 23.809782 23.809782 23.809781 23.809780 23.809776 23.809765 23.809735 23.809654 23.809441 23.808905 23.807600 23.804537 23.797597 23.782415 23.750349 23.684912 23.555755 23.308888 22.851252 22.027327 20.586009 18.142092 14.163221 8.101693 0.000000 
50.000000 46.567842 43.325726 40.432173 37.991365 36.044366 34.574677 33.524006 32.811981 32.354099 32.074382 31.911867 31.821962 31.774546 31.750678 31.739195 31.733910 31.731580 31.730595 31.730195 31.730039 31.729980 31.729959 31.729952 31.729949 31.729948 31.729948 31.729948 31.729947 31.729944 31.729935 31.729911 31.729847 31.729679 31.729255 31.728218 31.725776 31.720214 31.707972 31.681911 31.628174 31.520638 31.311193 30.912618 30.167744 28.792384 26.268952 21.662863 13.425712 0.000000 
50.000000 48.235059 46.567842 45.079864 43.824698 42.823462 42.067674 41.527361 41.161194 40.925719 40.781867 40.698289 40.652051 40.627665 40.615390 40.609484 40.606766 40.605567 40.605060 40.604855 40.604774 40.604744 40.604733 40.604729 40.604728 40.604728 40.604727 40.604727 40.604727 40.604725 40.604720 40.604707 40.604672 40.604579 40.604343 40.603767 40.602406 40.599296 40.592422 40.577710 40.547152 40.485383 40.363337 40.126057 39.667601 38.774047 36.978171 33.142130 24.117530 0.000000 
50.000000 50.000000 50.000000 50.000000 50.000000 50.000000 50.000000 50.000000 50.000000 50.000000 50.000000 50.000000 50.000000 50.000000 50.000000 50.000000 50.000000 50.000000 50.000000 50.000000 50.000000 50.000000 50.000000 50.000000 50.000000 50.000000 50.000000 50.000000 50.000000 50.000000 50.000000 50.000000 50.000000 50.000000 50.000000 50.000000 50.000000 50.000000 50.000000 50.000000 50.000000 50.000000 50.000000 50.000000 50.000000 50.000000 50.000000 50.000000 50.000000 50.000000 
