50.000000 50.000000 50.000000 50.000000 50.000000 50.000000 50.000000 50.000000 50.000000 50.000000 50.000000 50.000000 50.000000 50.000000 50.000000 50.000000 50.000000 50.000000 50.000000 50.000000 50.000000 50.000000 50.000000 50.000000 50.000000 50.000000 50.000000 50.000000 50.000000 50.000000 50.000000 50.000000 50.000000 50.000000 50.000000 50.000000 50.000000 50.000000 50.000000 50.000000 50.000000 50.000000 50.000000 50.000000 50.000000 50.000000 50.000000 50.000000 50.000000 50.000000 
50.000000 46.290739 43.012072 40.445317 38.659073 37.548700 36.928746 36.616054 36.472759 36.412767 36.389702 36.381518 36.378827 36.378003 36.377767 36.377704 36.377688 36.377684 36.377684 36.377683 36.377683 36.377683 36.377683 36.377683 36.377683 36.377683 36.377683 36.377683 36.377683 36.377683 36.377683 36.377683 36.377683 36.377683 36.377682 36.377678 36.377663 36.377601 36.377371 36.376560 36.373861 36.365386 36.340252 36.269664 36.080887 35.595231 34.372663 31.281112 23.145370 0.000000 
50.000000 43.012072 36.835456 32.000168 28.635387 26.543893 25.376238 24.787349 24.517509 24.404550 24.361124 24.345718 24.340652 24.339101 24.338658 24.338539 24.338509 24.338502 24.338500 24.338500 24.338500 24.338500 24.338500 24.338500 24.338500 24.338500 24.338500 24.338500 24.338500 24.338500 24.338500 24.338500 24.338500 24.338500 24.338498 24.338492 24.338467 24.338369 24.338005 24.336728 24.332513 24.319422 24.281198 24.176263 23.905145 23.244617 21.723842 18.417728 11.730960 0.000000 
50.000000 40.445317 32.000168 25.389318 20.789290 17.930248 16.334254 15.529437 15.160706 15.006370 14.947047 14.926005 14.919087 14.916970 14.916365 14.916202 14.916162 14.916152 14.916150 14.916149 14.916149 14.916149 14.916149 14.916149 14.916149 14.916149 14.916149 14.916149 14.916149 14.916149 14.916149 14.916149 14.916149 14.916149 14.916147 14.916141 14.916115 14.916013 14.915639 14.914336 14.910079 14.897037 14.859650 14.759568 14.509974 13.931839 12.694659 10.276326 6.072654 0.000000 
50.000000 38.659073 28.635387 20.789290 15.330170 11.937519 10.043876 9.089090 8.651715 8.468676 8.398332 8.373386 8.365185 8.362676 8.361959 8.361767 8.361718 8.361707 8.361704 8.361704 8.361704 8.361704 8.361704 8.361704 8.361704 8.361704 8.361704 8.361704 8.361704 8.361704 8.361704 8.361704 8.361704 8.361703 8.361702 8.361697 8.361676 8.361594 8.361294 8.360259 8.356915 8.346810 8.318361 8.243990 8.064261 7.665085 6.857450 5.390770 3.063841 0.000000 
50.000000 37.548700 26.543893 17.930248 11.937519 8.213591 6.135267 5.087492 4.607584 4.406775 4.329614 4.302254 4.293261 4.290510 4.289724 4.289514 4.289461 4.289448 4.289445 4.289445 4.289444 4.289444 4.289444 4.289444 4.289444 4.289444 4.289444 4.289444 4.289444 4.289444 4.289444 4.289444 4.289444 4.289444 4.289443 4.289440 4.289426 4.289371 4.289171 4.288488 4.286304 4.279789 4.261743 4.215539 4.106796 3.873258 3.420274 2.638748 1.467813 0.000000 
50.000000 36.928746 25.376238 16.334254 10.043876 6.135267 3.954057 2.854519 2.350955 2.140272 2.059326 2.030627 2.021196 2.018312 2.017487 2.017267 2.017211 2.017198 2.017195 2.017194 2.017194 2.017194 2.017194 2.017194 2.017194 2.017194 2.017194 2.017194 2.017194 2.017194 2.017194 2.017194 2.017194 2.017194 2.017193 2.017191 2.017183 2.017152 2.017037 2.016650 2.015421 2.011799 2.001909 1.977029 1.919727 1.799886 1.574687 1.199976 0.659082 0.000000 
50.000000 36.616054 24.787349 15.529437 9.089090 5.087492 2.854519 1.728961 1.213517 0.997881 0.915038 0.885669 0.876019 0.873068 0.872224 0.871998 0.871942 0.871928 0.871925 0.871924 0.871924 0.871924 0.871924 0.871924 0.871924 0.871924 0.871924 0.871924 0.871924 0.871924 0.871924 0.871924 0.871924 0.871924 0.871924 0.871923 0.871919 0.871903 0.871845 0.871652 0.871044 0.869269 0.864480 0.852610 0.825749 0.770729 0.669787 0.506150 0.275802 0.000000 
50.000000 36.472759 24.517509 15.160706 8.651715 4.607584 2.350955 1.213517 0.692656 0.474762 0.391057 0.361384 0.351634 0.348652 0.347800 0.347572 0.347515 0.347501 0.347498 0.347497 0.347497 0.347497 0.347497 0.347497 0.347497 0.347497 0.347497 0.347497 0.347497 0.347497 0.347497 0.347497 0.347497 0.347497 0.347497 0.347497 0.347495 0.347488 0.347462 0.347376 0.347107 0.346328 0.344249 0.339156 0.327795 0.304904 0.263669 0.198088 0.107373 0.000000 
50.000000 36.412767 24.404550 15.006370 8.468676 4.406775 2.140272 0.997881 0.474762 0.255930 0.171866 0.142067 0.132276 0.129282 0.128426 0.128197 0.128139 0.128126 0.128123 0.128122 0.128122 0.128122 0.128122 0.128122 0.128122 0.128122 0.128122 0.128122 0.128122 0.128122 0.128122 0.128122 0.128122 0.128122 0.128122 0.128122 0.128121 0.128118 0.128108 0.128073 0.127965 0.127656 0.126837 0.124851 0.120472 0.111762 0.096292 0.072037 0.038906 0.000000 
50.000000 36.389702 24.361124 14.947047 8.398332 4.329614 2.059326 0.915038 0.391057 0.171866 0.087665 0.057818 0.048011 0.045012 0.044156 0.043926 0.043868 0.043855 0.043851 0.043851 0.043851 0.043851 0.043851 0.043851 0.043851 0.043851 0.043851 0.043851 0.043851 0.043851 0.043851 0.043851 0.043851 0.043851 0.043851 0.043851 0.043850 0.043849 0.043845 0.043833 0.043793 0.043681 0.043386 0.042676 0.041125 0.038073 0.032711 0.024396 0.013142 0.000000 
50.000000 36.381518 24.345718 14.926005 8.373386 4.302254 2.030627 0.885669 0.361384 0.142067 0.057818 0.027954 0.018142 0.015141 0.014284 0.014054 0.013996 0.013983 0.013980 0.013979 0.013979 0.013979 0.013979 0.013979 0.013979 0.013979 0.013979 0.013979 0.013979 0.013979 0.013979 0.013979 0.013979 0.013979 0.013979 0.013979 0.013979 0.013978 0.013977 0.013973 0.013959 0.013922 0.013824 0.013590 0.013082 0.012092 0.010366 0.007713 0.004147 0.000000 
50.000000 36.378827 24.340652 14.919087 8.365185 4.293261 2.021196 0.876019 0.351634 0.132276 0.048011 0.018142 0.008327 0.005326 0.004469 0.004239 0.004182 0.004168 0.004165 0.004164 0.004164 0.004164 0.004164 0.004164 0.004164 0.004164 0.004164 0.004164 0.004164 0.004164 0.004164 0.004164 0.004164 0.004164 0.004164 0.004164 0.004164 0.004164 0.004163 0.004162 0.004158 0.004146 0.004116 0.004045 0.003890 0.003591 0.003073 0.002283 0.001226 0.000000 
50.000000 36.378003 24.339101 14.916970 8.362676 4.290510 2.018312 0.873068 0.348652 0.129282 0.045012 0.015141 0.005326 0.002325 0.001468 0.001238 0.001180 0.001166 0.001163 0.001163 0.001163 0.001163 0.001163 0.001163 0.001163 0.001163 0.001163 0.001163 0.001163 0.001163 0.001163 0.001163 0.001163 0.001163 0.001163 0.001163 0.001163 0.001163 0.001162 0.001162 0.001161 0.001157 0.001149 0.001128 0.001085 0.001000 0.000855 0.000634 0.000340 0.000000 
50.000000 36.377767 24.338658 14.916365 8.361959 4.289724 2.017487 0.872224 0.347800 0.128426 0.044156 0.014284 0.004469 0.001468 0.000610 0.000381 0.000323 0.000309 0.000306 0.000305 0.000305 0.000305 0.000305 0.000305 0.000305 0.000305 0.000305 0.000305 0.000305 0.000305 0.000305 0.000305 0.000305 0.000305 0.000305 0.000305 0.000305 0.000305 0.000305 0.000305 0.000305 0.000304 0.000301 0.000296 0.000284 0.000262 0.000224 0.000166 0.000089 0.000000 
50.000000 36.377704 24.338539 14.916202 8.361767 4.289514 2.017267 0.871998 0.347572 0.128197 0.043926 0.014054 0.004239 0.001238 0.000381 0.000151 0.000093 0.000079 0.000076 0.000076 0.000076 0.000075 0.000075 0.000075 0.000075 0.000075 0.000075 0.000075 0.000075 0.000075 0.000075 0.000075 0.000075 0.000075 0.000075 0.000075 0.000075 0.000075 0.000075 0.000075 0.000075 0.000075 0.000075 0.000073 0.000070 0.000065 0.000055 0.000041 0.000022 0.000000 
50.000000 36.377688 24.338509 14.916162 8.361718 4.289461 2.017211 0.871942 0.347515 0.128139 0.043868 0.013996 0.004182 0.001180 0.000323 0.000093 0.000035 0.000022 0.000018 0.000018 0.000018 0.000018 0.000018 0.000018 0.000018 0.000018 0.000018 0.000018 0.000018 0.000018 0.000018 0.000018 0.000018 0.000018 0.000018 0.000018 0.000018 0.000018 0.000018 0.000018 0.000018 0.000018 0.000017 0.000017 0.000016 0.000015 0.000013 0.000010 0.000005 0.000000 
50.000000 36.377684 24.338502 14.916152 8.361707 4.289448 2.017198 0.871928 0.347501 0.128126 0.043855 0.013983 0.004168 0.001166 0.000309 0.000079 0.000022 0.000008 0.000005 0.000004 0.000004 0.000004 0.000004 0.000004 0.000004 0.000004 0.000004 0.000004 0.000004 0.000004 0.000004 0.000004 0.000004 0.000004 0.000004 0.000004 0.000004 0.000004 0.000004 0.000004 0.000004 0.000004 0.000004 0.000004 0.000004 0.000003 0.000003 0.000002 0.000001 0.000000 
50.000000 36.377684 24.338500 14.916150 8.361704 4.289445 2.017195 0.871925 0.347498 0.128123 0.043851 0.013980 0.004165 0.001163 0.000306 0.000076 0.000018 0.000005 0.000002 0.000001 0.000001 0.000001 0.000001 0.000001 0.000001 0.000001 0.000001 0.000001 0.000001 0.000001 0.000001 0.000001 0.000001 0.000001 0.000001 0.000001 0.000001 0.000001 0.000001 0.000001 0.000001 0.000001 0.000001 0.000001 0.000001 0.000001 0.000001 0.000000 0.000000 0.000000 
50.000000 36.377683 24.338500 14.916149 8.361704 4.289445 2.017194 0.871924 0.347497 0.128122 0.043851 0.013979 0.004164 0.001163 0.000305 0.000076 0.000018 0.000004 0.000001 0.000000 0.000000 0.000000 0.000000 0.000000 0.000000 0.000000 0.000000 0.000000 0.000000 0.000000 0.000000 0.000000 0.000000 0.000000 0.000000 0.000000 0.000000 0.000000 0.000000 0.000000 0.000000 0.000000 0.000000 0.000000 0.000000 0.000000 0.000000 0.000000 0.000000 0.000000 
50.000000 36.377683 24.338500 14.916149 8.361704 4.289444 2.017194 0.871924 0.347497 0.128122 0.043851 0.013979 0.004164 0.001163 0.000305 0.000076 0.000018 0.000004 0.000001 0.000000 0.000000 0.000000 0.000000 0.000000 0.000000 0.000000 0.000000 0.000000 0.000000 0.000000 0.000000 0.000000 0.000000 0.000000 0.000000 0.000000 0.000000 0.000000 0.000000 0.000000 0.000000 0.000000 0.000000 0.000000 0.000000 0.000000 0.000000 0.000000 0.000000 0.000000 
50.000000 36.377683 24.338500 14.916149 8.361704 4.289444 2.017194 0.871924 0.347497 0.128122 0.043851 0.013979 0.004164 0.001163 0.000305 0.000075 0.000018 0.000004 0.000001 0.000000 0.000000 0.000000 0.000000 0.000000 0.000000 0.000000 0.000000 0.000000 0.000000 0.000000 0.000000 0.000000 0.000000 0.000000 0.000000 0.000000 0.000000 0.000000 0.000000 0.000000 0.000000 0.000000 0.000000 0.000000 0.000000 0.000000 0.000000 0.000000 0.000000 0.000000 
50.000000 36.377683 24.338500 14.916149 8.361704 4.289444 2.017194 0.871924 0.347497 0.128122 0.043851 0.013979 0.004164 0.001163 0.000305 0.000075 0.000018 0.000004 0.000001 0.000000 0.000000 0.000000 0.000000 0.000000 0.000000 0.000000 0.000000 0.000000 0.000000 0.000000 0.000000 0.000000 0.000000 0.000000 0.000000 0.000000 0.000000 0.000000 0.000000 0.000000 0.000000 0.000000 0.000000 0.000000 0.000000 0.000000 0.000000 0.000000 0.000000 0.000000 
50.000000 36.377683 24.338500 14.916149 8.361704 4.289444 2.017194 0.871924 0.347497 0.128122 0.043851 0.013979 0.004164 0.001163 0.000305 0.000075 0.000018 0.000004 0.000001 0.000000 0.000000 0.000000 0.000000 0.000000 0.000000 0.000000 0.000000 0.000000 0.000000 0.000000 0.000000 0.000000 0.000000 0.000000 0.000000 0.000000 0.000000 0.000000 0.000000 0.000000 0.000000 0.000000 0.000000 0.000000 0.000000 0.000000 0.000000 0.000000 0.000000 0.000000 
50.000000 36.377683 24.338500 14.916149 8.361704 4.289444 2.017194 0.871924 0.347497 0.128122 0.043851 0.013979 0.004164 0.001163 0.000305 0.000075 0.000018 0.000004 0.000001 0.000000 0.000000 0.000000 0.000000 0.000000 0.000000 0.000000 0.000000 0.000000 0.000000 0.000000 0.000000 0.000000 0.000000 0.000000 0.000000 0.000000 0.000000 0.000000 0.000000 0.000000 0.000000 0.000000 0.000000 0.000000 0.000000 0.000000 0.000000 0.000000 0.000000 0.000000 
50.000000 36.377683 24.338500 14.916149 8.361704 4.289444 2.017194 0.871924 0.347497 0.128122 0.043851 0.013979 0.004164 0.001163 0.000305 0.000075 0.000018 0.000004 0.000001 0.000000 0.000000 0.000000 0.000000 0.000000 0.000000 0.000000 0.000000 0.000000 0.000000 0.000000 0.000000 0.000000 0.000000 0.000000 0.000000 0.000000 0.000000 0.000000 0.000000 0.000000 0.000000 0.000000 0.000000 0.000000 0.000000 0.000000 0.000000 0.000000 0.000000 0.000000 
50.000000 36.377683 24.338500 14.916149 8.361704 4.289444 2.017194 0.871924 0.347497 0.128122 0.043851 0.013979 0.004164 0.001163 0.000305 0.000075 0.000018 0.000004 0.000001 0.000000 0.000000 0.000000 0.000000 0.000000 0.000000 0.000000 0.000000 0.000000 0.000000 0.000000 0.000000 0.000000 0.000000 0.000000 0.000000 0.000000 0.000000 0.000000 0.000000 0.000000 0.000000 0.000000 0.000000 0.000000 0.000000 0.000000 0.000000 0.000000 0.000000 0.000000 
50.000000 36.377683 24.338500 14.916149 8.361704 4.289444 2.017194 0.871924 0.347497 0.128122 0.043851 0.013979 0.004164 0.001163 0.000305 0.000075 0.000018 0.000004 0.000001 0.000000 0.000000 0.000000 0.000000 0.000000 0.000000 0.000000 0.000000 0.000000 0.000000 0.000000 0.000000 0.000000 0.000000 0.000000 0.000000 0.000000 0.000000 0.000000 0.000000 0.000000 0.000000 0.000000 0.000000 0.000000 0.000000 0.000000 0.000000 0.000000 0.000000 0.000000 
50.000000 36.377683 24.338500 14.916149 8.361704 4.289444 2.017194 0.871924 0.347497 0.128122 0.043851 0.013979 0.004164 0.001163 0.000305 0.000075 0.000018 0.000004 0.000001 0.000000 0.000000 0.000000 0.000000 0.000000 0.000000 0.000000 0.000000 0.000000 0.000000 0.000000 0.000000 0.000000 0.000000 0.000000 0.000000 0.000000 0.000000 0.000000 0.000000 0.000000 0.000000 0.000000 0.000000 0.000000 0.000000 0.000000 0.000000 0.000000 0.000000 0.000000 
50.000000 36.377683 24.338500 14.916149 8.361704 4.289444 2.017194 0.871924 0.347497 0.128122 0.043851 0.013979 0.004164 0.001163 0.000305 0.000076 0.000018 0.000004 0.000001 0.000000 0.000000 0.000000 0.000000 0.000000 0.000000 0.000000 0.000000 0.000000 0.000000 0.000000 0.000000 0.000000 0.000000 0.000000 0.000000 0.000000 0.000000 0.000000 0.000000 0.000000 0.000000 0.000000 0.000000 0.000000 0.000000 0.000000 0.000000 0.000000 0.000000 0.000000 
50.000000 36.377683 24.338500 14.916149 8.361704 4.289445 2.017194 0.871924 0.347497 0.128122 0.043851 0.013979 0.004164 0.001163 0.000305 0.000076 0.000018 0.000004 0.000001 0.000000 0.000000 0.000000 0.000000 0.000000 0.000000 0.000000 0.000000 0.000000 0.000000 0.000000 0.000000 0.000000 0.000000 0.000000 0.000000 0.000000 0.000000 0.000000 0.000000 0.000000 0.000000 0.000000 0.000000 0.000000 0.000000 0.000000 0.000000 0.000000 0.000000 0.000000 
50.000000 36.377684 24.338500 14.916150 8.361704 4.289445 2.017195 0.871925 0.347498 0.128123 0.043851 0.013980 0.004165 0.001163 0.000306 0.000076 0.000018 0.000005 0.000002 0.000001 0.000001 0.000001 0.000001 0.000001 0.000001 0.000001 0.000001 0.000001 0.000001 0.000001 0.000001 0.000001 0.000001 0.000001 0.000001 0.000001 0.000001 0.000001 0.000001 0.000001 0.000001 0.000001 0.000001 0.000001 0.000001 0.000001 0.000001 0.000000 0.000000 0.000000 
50.000000 36.377684 24.338502 14.916152 8.361707 4.289448 2.017198 0.871928 0.347501 0.128126 0.043855 0.013983 0.004168 0.001166 0.000309 0.000079 0.000022 0.000008 0.000005 0.000004 0.000004 0.000004 0.000004 0.000004 0.000004 0.000004 0.000004 0.000004 0.000004 0.000004 0.000004 0.000004 0.000004 0.000004 0.000004 0.000004 0.000004 0.000004 0.000004 0.000004 0.000004 0.000004 0.000004 0.000004 0.000004 0.000003 0.000003 0.000002 0.000001 0.000000 
50.000000 36.377688 24.338509 14.916162 8.361718 4.289461 2.017211 0.871942 0.347515 0.128139 0.043868 0.013996 0.004182 0.001180 0.000323 0.000093 0.000035 0.000022 0.000018 0.000018 0.000018 0.000018 0.000018 0.000018 0.000018 0.000018 0.000018 0.000018 0.000018 0.000018 0.000018 0.000018 0.000018 0.000018 0.000018 0.000018 0.000018 0.000018 0.000018 0.000018 0.000018 0.000018 0.000017 0.000017 0.000016 0.000015 0.000013 0.000010 0.000005 0.000000 
50.000000 36.377704 24.338539 14.916202 8.361767 4.289514 2.017267 0.871998 0.347572 0.128197 0.043926 0.014054 0.004239 0.001238 0.000381 0.000151 0.000093 0.000079 0.000076 0.000076 0.000076 0.000075 0.000075 0.000075 0.000075 0.000075 0.000075 0.000075 0.000075 0.000075 0.000075 0.000075 0.000075 0.000075 0.000075 0.000075 0.000075 0.000075 0.000075 0.000075 0.000075 0.000075 0.000075 0.000073 0.000070 0.000065 0.000055 0.000041 0.000022 0.000000 
50.000000 36.377767 24.338658 14.916365 8.361959 4.289724 2.017487 0.872224 0.347800 0.128426 0.044156 0.014284 0.004469 0.001468 0.000610 0.000381 0.000323 0.000309 0.000306 0.000305 0.000305 0.000305 0.000305 0.000305 0.000305 0.000305 0.000305 0.000305 0.000305 0.000305 0.000305 0.000305 0.000305 0.000305 0.000305 0.000305 0.000305 0.000305 0.000305 0.000305 0.000305 0.000304 0.000301 0.000296 0.000284 0.000262 0.000224 0.000166 0.000089 0.000000 
50.000000 36.378003 24.339101 14.916970 8.362676 4.290510 2.018312 0.873068 0.348652 0.129282 0.045012 0.015141 0.005326 0.002325 0.001468 0.001238 0.001180 0.001166 0.001163 0.001163 0.001163 0.001163 0.001163 0.001163 0.001163 0.001163 0.001163 0.001163 0.001163 0.001163 0.001163 0.001163 0.001163 0.001163 0.001163 0.001163 0.001163 0.001163 0.001162 0.001162 0.001161 0.001157 0.001149 0.001128 0.001085 0.001000 0.000855 0.000634 0.000340 0.000000 
50.000000 36.378827 24.340652 14.919087 8.365185 4.293261 2.021196 0.876019 0.351634 0.132276 0.048011 0.018142 0.008327 0.005326 0.004469 0.004239 0.004182 0.004168 0.004165 0.004164 0.004164 0.004164 0.004164 0.004164 0.004164 0.004164 0.004164 0.004164 0.004164 0.004164 0.004164 0.004164 0.004164 0.004164 0.004164 0.004164 0.004164 0.004164 0.004163 0.004162 0.004158 0.004146 0.004116 0.004045 0.003890 0.003591 0.003073 0.002283 0.001226 0.000000 
50.000000 36.381518 24.345718 14.926005 8.373386 4.302254 2.030627 0.885669 0.361384 0.142067 0.057818 0.027954 0.018142 0.015141 0.014284 0.014054 0.013996 0.013983 0.013980 0.013979 0.013979 0.013979 0.013979 0.013979 0.013979 0.013979 0.013979 0.013979 0.013979 0.013979 0.013979 0.013979 0.013979 0.013979 0.013979 0.013979 0.013979 0.013978 0.013977 0.013973 0.013959 0.013922 0.013824 0.013590 0.013082 0.012092 0.010366 0.007713 0.004147 0.000000 
50.000000 36.389702 24.361124 14.947047 8.398332 4.329614 2.059326 0.915038 0.391057 0.171866 0.087665 0.057818 0.048011 0.045012 0.044156 0.043926 0.043868 0.043855 0.043851 0.043851 0.043851 0.043851 0.043851 0.043851 0.043851 0.043851 0.043851 0.043851 0.043851 0.043851 0.043851 0.043851 0.043851 0.043851 0.043851 0.043851 0.043850 0.043849 0.043845 0.043833 0.043793 0.043681 0.043386 0.042676 0.041125 0.038073 0.032711 0.024396 0.013142 0.000000 
50.000000 36.412767 24.404550 15.006370 8.468676 4.406775 2.140272 0.997881 0.474762 0.255930 0.171866 0.142067 0.132276 0.129282 0.128426 0.128197 0.128139 0.128126 0.128123 0.128122 0.128122 0.128122 0.128122 0.128122 0.128122 0.128122 0.128122 0.128122 0.128122 0.128122 0.128122 0.128122 0.128122 0.128122 0.128122 0.128122 0.128121 0.128118 0.128108 0.128073 0.127965 0.127656 0.126837 0.124851 0.120472 0.111762 0.096292 0.072037 0.038906 0.000000 
50.000000 36.472759 24.517509 15.160706 8.651715 4.607584 2.350955 1.213517 0.692656 0.474762 0.391057 0.361384 0.351634 0.348652 0.347800 0.347572 0.347515 0.347501 0.347498 0.347497 0.347497 0.347497 0.347497 0.347497 0.347497 0.347497 0.347497 0.347497 0.347497 0.347497 0.347497 0.347497 0.347497 0.347497 0.347497 0.347497 0.347495 0.347488 0.347462 0.347376 0.347107 0.346328 0.344249 0.339156 0.327795 0.304904 0.263669 0.198088 0.107373 0.000000 
50.000000 36.616054 24.787349 15.529437 9.089090 5.087492 2.854519 1.728961 1.213517 0.997881 0.915038 0.885669 0.876019 0.873068 0.872224 0.871998 0.871942 0.871928 0.871925 0.871924 0.871924 0.871924 0.871924 0.871924 0.871924 0.871924 0.871924 0.871924 0.871924 0.871924 0.871924 0.871924 0.871924 0.871924 0.871924 0.871923 0.871919 0.871903 0.871845 0.871652 0.871044 0.869269 0.864480 0.852610 0.825749 0.770729 0.669787 0.506150 0.275802 0.000000 
50.000000 36.928746 25.376238 16.334254 10.043876 6.135267 3.954057 2.854519 2.350955 2.140272 2.059326 2.030627 2.021196 2.018312 2.017487 2.017267 2.017211 2.017198 2.017195 2.017194 2.017194 2.017194 2.017194 2.017194 2.017194 2.017194 2.017194 2.017194 2.017194 2.017194 2.017194 2.017194 2.017194 2.017194 2.017193 2.017191 2.017183 2.017152 2.017037 2.016650 2.015421 2.011799 2.001909 1.977029 1.919727 1.799886 1.574687 1.199976 0.659082 0.000000 
50.000000 37.548700 26.543893 17.930248 11.937519 8.213591 6.135267 5.087492 4.607584 4.406775 4.329614 4.302254 4.293261 4.290510 4.289724 4.289514 4.289461 4.289448 4.289445 4.289445 4.289444 4.289444 4.289444 4.289444 4.289444 4.289444 4.289444 4.289444 4.289444 4.289444 4.289444 4.289444 4.289444 4.289444 4.289443 4.289440 4.289426 4.289371 4.289171 4.288488 4.286304 4.279789 4.261743 4.215539 4.106796 3.873258 3.420274 2.638748 1.467813 0.000000 
50.000000 38.659073 28.635387 20.789290 15.330170 11.937519 10.043876 9.089090 8.651715 8.468676 8.398332 8.373386 8.365185 8.362676 8.361959 8.361767 8.361718 8.361707 8.361704 8.361704 8.361704 8.361704 8.361704 8.361704 8.361704 8.361704 8.361704 8.361704 8.361704 8.361704 8.361704 8.361704 8.361704 8.361703 8.361702 8.361697 8.361676 8.361594 8.361294 8.360259 8.356915 8.346810 8.318361 8.243990 8.064261 7.665085 6.857450 5.390770 3.063841 0.000000 
50.000000 40.445317 32.000168 25.389318 20.789290 17.930248 16.334254 15.529437 15.160706 15.006370 14.947047 14.926005 14.919087 14.916970 14.916365 14.916202 14.916162 14.916152 14.916150 14.916149 14.916149 14.916149 14.916149 14.916149 14.916149 14.916149 14.916149 14.916149 14.916149 14.916149 14.916149 14.916149 14.916149 14.916149 14.916147 14.916141 14.916115 14.916013 14.915639 14.914336 14.910079 14.897037 14.859650 14.759568 14.509974 13.931839 12.694659 10.276326 6.072654 0.000000 
50.000000 43.012072 36.835456 32.000168 28.635387 26.543893 25.376238 24.787349 24.517509 24.404550 24.361124 24.345718 24.340652 24.339101 24.338658 24.338539 24.338509 24.338502 24.338500 24.338500 24.338500 24.338500 24.338500 24.338500 24.338500 24.338500 24.338500 24.338500 24.338500 24.338500 24.338500 24.338500 24.338500 24.338500 24.338498 24.338492 24.338467 24.338369 24.338005 24.336728 24.332513 24.319422 24.281198 24.176263 23.905145 23.244617 21.723842 18.417728 11.730960 0.000000 
50.000000 46.290739 43.012072 40.445317 38.659073 37.548700 36.928746 36.616054 36.472759 36.412767 36.389702 36.381518 36.378827 36.378003 36.377767 36.377704 36.377688 36.377684 36.377684 36.377683 36.377683 36.377683 36.377683 36.377683 36.377683 36.377683 36.377683 36.377683 36.377683 36.377683 36.377683 36.377683 36.377683 36.377683 36.377682 36.377678 36.377663 36.377601 36.377371 36.376560 36.373861 36.365386 36.340252 36.269664 36.080887 35.595231 34.372663 31.281112 23.145370 0.000000 
50.000000 50.000000 50.000000 50.000000 50.000000 50.000000 50.000000 50.000000 50.000000 50.000000 50.000000 50.000000 50.000000 50.000000 50.000000 50.000000 50.000000 50.000000 50.000000 50.000000 50.000000 50.000000 50.000000 50.000000 50.000000 50.000000 50.000000 50.000000 50.000000 50.000000 50.000000 50.000000 50.000000 50.000000 50.000000 50.000000 50.000000 50.000000 50.000000 50.000000 50.000000 50.000000 50.000000 50.000000 50.000000 50.000000 50.000000 50.000000 50.000000 50.000000 
