50.000000 50.000000 50.000000 50.000000 50.000000 50.000000 50.000000 50.000000 50.000000 50.000000 50.000000 50.000000 50.000000 50.000000 50.000000 50.000000 50.000000 50.000000 50.000000 50.000000 50.000000 50.000000 50.000000 50.000000 50.000000 50.000000 50.000000 50.000000 50.000000 50.000000 50.000000 50.000000 50.000000 50.000000 50.000000 50.000000 50.000000 50.000000 50.000000 50.000000 50.000000 50.000000 50.000000 50.000000 50.000000 50.000000 50.000000 50.000000 50.000000 50.000000 
50.000000 47.897030 45.932753 44.218474 42.819719 41.751707 40.987722 40.475038 40.151798 39.960015 39.852753 39.796107 39.767809 39.754414 39.748395 39.745824 39.744779 39.744373 39.744222 39.744169 39.744151 39.744145 39.744143 39.744143 39.744142 39.744142 39.744142 39.744142 39.744142 39.744142 39.744141 39.744138 39.744129 39.744101 39.744021 39.743802 39.743220 39.741736 39.738098 39.729508 39.709958 39.666962 39.575236 39.384262 38.992582 38.189830 36.510248 32.814348 23.948515 0.000000 
50.000000 45.932753 42.133757 38.818288 36.113078 34.047552 32.570036 31.578542 30.953431 30.582550 30.375128 30.265588 30.210869 30.184967 30.173330 30.168359 30.166337 30.165552 30.165261 30.165158 30.165123 30.165112 30.165108 30.165107 30.165107 30.165107 30.165107 30.165107 30.165106 30.165106 30.165104 30.165099 30.165082 30.165033 30.164892 30.164505 30.163481 30.160878 30.154522 30.139598 30.105883 30.032490 29.878186 29.563820 28.940374 27.730127 25.418155 21.066878 13.118405 0.000000 
50.000000 44.218474 38.818288 34.105471 30.260167 27.324192 25.224073 23.814815 22.926343 22.399226 22.104437 21.948765 21.871003 21.834197 21.817661 21.810597 21.807724 21.806609 21.806196 21.806050 21.806000 21.805984 21.805979 21.805977 21.805977 21.805977 21.805977 21.805977 21.805976 21.805976 21.805974 21.805967 21.805947 21.805886 21.805714 21.805241 21.803996 21.800849 21.793208 21.775413 21.735626 21.650207 21.473968 21.124183 20.455763 19.225881 17.052735 13.400133 7.708226 0.000000 
50.000000 42.819719 36.113078 30.260167 25.484715 21.838636 19.230648 17.480649 16.377395 15.722880 15.356860 15.163581 15.067039 15.021347 15.000819 14.992052 14.988485 14.987102 14.986589 14.986407 14.986345 14.986325 14.986319 14.986317 14.986317 14.986316 14.986316 14.986316 14.986316 14.986315 14.986313 14.986307 14.986286 14.986225 14.986051 14.985578 14.984335 14.981213 14.973691 14.956332 14.917979 14.836884 14.672856 14.355717 13.770418 12.742358 11.034286 8.382950 4.629890 0.000000 
50.000000 41.751707 34.047552 27.324192 21.838636 17.650491 14.654862 12.644822 11.377681 10.625972 10.205619 9.983662 9.872802 9.820335 9.796766 9.786700 9.782606 9.781017 9.780429 9.780220 9.780149 9.780126 9.780119 9.780117 9.780116 9.780116 9.780116 9.780116 9.780116 9.780115 9.780113 9.780107 9.780089 9.780036 9.779884 9.779470 9.778393 9.775703 9.769274 9.754582 9.722514 9.655728 9.523194 9.273050 8.825245 8.068218 6.868429 5.107177 2.759125 0.000000 
50.000000 40.987722 32.570036 25.224073 19.230648 14.654862 11.382064 9.186122 7.801842 6.980678 6.521508 6.279067 6.157983 6.100680 6.074941 6.063948 6.059478 6.057743 6.057101 6.056873 6.056796 6.056770 6.056762 6.056760 6.056759 6.056759 6.056759 6.056759 6.056759 6.056759 6.056757 6.056752 6.056738 6.056696 6.056577 6.056255 6.055421 6.053351 6.048444 6.037339 6.013381 5.964194 5.868271 5.691032 5.381812 4.874931 4.099890 3.006216 1.603461 0.000000 
50.000000 40.475038 31.578542 23.814815 17.480649 12.644822 9.186122 6.865517 5.402703 4.534986 4.049806 3.793643 3.665711 3.605172 3.577980 3.566367 3.561645 3.559813 3.559134 3.558894 3.558812 3.558786 3.558777 3.558775 3.558774 3.558774 3.558774 3.558774 3.558774 3.558773 3.558772 3.558769 3.558759 3.558728 3.558644 3.558416 3.557830 3.556384 3.552983 3.545355 3.529079 3.496095 3.432758 3.317851 3.121627 2.807793 2.340848 1.700356 0.899802 0.000000 
50.000000 40.151798 30.953431 22.926343 16.377395 11.377681 7.801842 5.402703 3.890428 2.993400 2.491848 2.227051 2.094813 2.032238 2.004133 1.992131 1.987251 1.985358 1.984656 1.984408 1.984323 1.984296 1.984287 1.984285 1.984284 1.984284 1.984284 1.984284 1.984284 1.984283 1.984283 1.984280 1.984274 1.984254 1.984199 1.984051 1.983673 1.982746 1.980580 1.975765 1.965592 1.945214 1.906608 1.837648 1.721953 1.540511 1.276136 0.920941 0.484836 0.000000 
50.000000 39.960015 30.582550 22.399226 15.722880 10.625972 6.980678 4.534986 2.993400 2.079008 1.567760 1.297852 1.163065 1.099286 1.070641 1.058410 1.053436 1.051507 1.050792 1.050538 1.050452 1.050424 1.050416 1.050413 1.050412 1.050412 1.050412 1.050412 1.050412 1.050412 1.050411 1.050410 1.050406 1.050394 1.050361 1.050272 1.050046 1.049496 1.048219 1.045402 1.039504 1.027808 1.005907 0.967297 0.903458 0.804900 0.663600 0.476667 0.250057 0.000000 
50.000000 39.852753 30.375128 22.104437 15.356860 10.205619 6.521508 4.049806 2.491848 1.567760 1.051101 0.778341 0.642133 0.577683 0.548738 0.536378 0.531352 0.529402 0.528680 0.528424 0.528337 0.528309 0.528300 0.528298 0.528297 0.528297 0.528297 0.528297 0.528296 0.528296 0.528296 0.528295 0.528293 0.528286 0.528268 0.528218 0.528093 0.527789 0.527087 0.525550 0.522358 0.516083 0.504451 0.484170 0.451037 0.400528 0.329024 0.235530 0.123245 0.000000 
50.000000 39.796107 30.265588 21.948765 15.163581 9.983662 6.279067 3.793643 2.227051 1.297852 0.778341 0.504079 0.367123 0.302320 0.273216 0.260789 0.255735 0.253776 0.253050 0.252792 0.252705 0.252676 0.252667 0.252665 0.252664 0.252664 0.252664 0.252664 0.252664 0.252664 0.252664 0.252663 0.252662 0.252658 0.252649 0.252623 0.252558 0.252400 0.252039 0.251254 0.249632 0.246471 0.240660 0.230623 0.214388 0.189890 0.155556 0.111066 0.058009 0.000000 
50.000000 39.767809 30.210869 21.871003 15.067039 9.872802 6.157983 3.665711 2.094813 1.163065 0.642133 0.367123 0.229794 0.164816 0.135633 0.123172 0.118105 0.116140 0.115412 0.115154 0.115067 0.115038 0.115029 0.115027 0.115026 0.115026 0.115026 0.115026 0.115026 0.115026 0.115025 0.115025 0.115025 0.115023 0.115018 0.115006 0.114974 0.114897 0.114723 0.114344 0.113569 0.112067 0.109327 0.104632 0.097099 0.085827 0.070155 0.049990 0.026073 0.000000 
50.000000 39.754414 30.184967 21.834197 15.021347 9.820335 6.100680 3.605172 2.032238 1.099286 0.577683 0.302320 0.164816 0.099754 0.070534 0.058058 0.052985 0.051017 0.050288 0.050030 0.049942 0.049914 0.049905 0.049902 0.049901 0.049901 0.049901 0.049901 0.049901 0.049901 0.049901 0.049901 0.049901 0.049900 0.049898 0.049892 0.049877 0.049842 0.049762 0.049590 0.049240 0.048565 0.047342 0.045260 0.041942 0.037011 0.030200 0.021486 0.011194 0.000000 
50.000000 39.748395 30.173330 21.817661 15.000819 9.796766 6.074941 3.577980 2.004133 1.070641 0.548738 0.273216 0.135633 0.070534 0.041298 0.028815 0.023739 0.021770 0.021041 0.020782 0.020694 0.020666 0.020657 0.020654 0.020653 0.020653 0.020653 0.020653 0.020653 0.020653 0.020653 0.020653 0.020653 0.020653 0.020652 0.020649 0.020643 0.020628 0.020593 0.020519 0.020369 0.020082 0.019563 0.018686 0.017296 0.015242 0.012420 0.008825 0.004594 0.000000 
50.000000 39.745824 30.168359 21.810597 14.992052 9.786700 6.063948 3.566367 1.992131 1.058410 0.536378 0.260789 0.123172 0.058058 0.028815 0.016328 0.011251 0.009282 0.008552 0.008294 0.008206 0.008177 0.008168 0.008166 0.008165 0.008165 0.008165 0.008165 0.008165 0.008165 0.008165 0.008165 0.008165 0.008165 0.008164 0.008163 0.008160 0.008154 0.008140 0.008110 0.008049 0.007932 0.007723 0.007371 0.006816 0.006000 0.004884 0.003467 0.001803 0.000000 
50.000000 39.744779 30.166337 21.807724 14.988485 9.782606 6.059478 3.561645 1.987251 1.053436 0.531352 0.255735 0.118105 0.052985 0.023739 0.011251 0.006173 0.004204 0.003474 0.003216 0.003128 0.003099 0.003090 0.003088 0.003087 0.003087 0.003087 0.003087 0.003087 0.003087 0.003087 0.003087 0.003087 0.003087 0.003086 0.003086 0.003085 0.003083 0.003077 0.003065 0.003042 0.002997 0.002916 0.002782 0.002570 0.002260 0.001838 0.001304 0.000678 0.000000 
50.000000 39.744373 30.165552 21.806609 14.987102 9.781017 6.057743 3.559813 1.985358 1.051507 0.529402 0.253776 0.116140 0.051017 0.021770 0.009282 0.004204 0.002234 0.001505 0.001246 0.001159 0.001130 0.001121 0.001118 0.001118 0.001117 0.001117 0.001117 0.001117 0.001117 0.001117 0.001117 0.001117 0.001117 0.001117 0.001117 0.001117 0.001116 0.001114 0.001109 0.001101 0.001084 0.001055 0.001005 0.000928 0.000816 0.000663 0.000470 0.000244 0.000000 
50.000000 39.744222 30.165261 21.806196 14.986589 9.780429 6.057101 3.559134 1.984656 1.050792 0.528680 0.253050 0.115412 0.050288 0.021041 0.008552 0.003474 0.001505 0.000775 0.000517 0.000429 0.000400 0.000391 0.000389 0.000388 0.000388 0.000388 0.000388 0.000388 0.000388 0.000388 0.000388 0.000388 0.000388 0.000388 0.000388 0.000387 0.000387 0.000386 0.000385 0.000382 0.000376 0.000366 0.000348 0.000321 0.000282 0.000229 0.000162 0.000084 0.000000 
50.000000 39.744169 30.165158 21.806050 14.986407 9.780220 6.056873 3.558894 1.984408 1.050538 0.528424 0.252792 0.115154 0.050030 0.020782 0.008294 0.003216 0.001246 0.000517 0.000258 0.000170 0.000142 0.000133 0.000130 0.000129 0.000129 0.000129 0.000129 0.000129 0.000129 0.000129 0.000129 0.000129 0.000129 0.000129 0.000129 0.000129 0.000129 0.000129 0.000128 0.000127 0.000125 0.000122 0.000116 0.000107 0.000094 0.000076 0.000054 0.000028 0.000000 
50.000000 39.744151 30.165123 21.806000 14.986345 9.780149 6.056796 3.558812 1.984323 1.050452 0.528337 0.252705 0.115067 0.049942 0.020694 0.008206 0.003128 0.001159 0.000429 0.000170 0.000083 0.000054 0.000045 0.000042 0.000042 0.000041 0.000041 0.000041 0.000041 0.000041 0.000041 0.000041 0.000041 0.000041 0.000041 0.000041 0.000041 0.000041 0.000041 0.000041 0.000041 0.000040 0.000039 0.000037 0.000034 0.000030 0.000024 0.000017 0.000009 0.000000 
50.000000 39.744145 30.165112 21.805984 14.986325 9.780126 6.056770 3.558786 1.984296 1.050424 0.528309 0.252676 0.115038 0.049914 0.020666 0.008177 0.003099 0.001130 0.000400 0.000142 0.000054 0.000025 0.000016 0.000014 0.000013 0.000013 0.000013 0.000013 0.000013 0.000013 0.000013 0.000013 0.000013 0.000013 0.000013 0.000013 0.000013 0.000013 0.000013 0.000013 0.000013 0.000012 0.000012 0.000011 0.000010 0.000009 0.000007 0.000005 0.000003 0.000000 
50.000000 39.744143 30.165108 21.805979 14.986319 9.780119 6.056762 3.558777 1.984287 1.050416 0.528300 0.252667 0.115029 0.049905 0.020657 0.008169 0.003090 0.001121 0.000391 0.000133 0.000045 0.000016 0.000008 0.000005 0.000004 0.000004 0.000004 0.000004 0.000004 0.000004 0.000004 0.000004 0.000004 0.000004 0.000004 0.000004 0.000004 0.000004 0.000004 0.000004 0.000004 0.000004 0.000004 0.000003 0.000003 0.000003 0.000002 0.000002 0.000001 0.000000 
50.000000 39.744143 30.165107 21.805977 14.986317 9.780117 6.056760 3.558775 1.984285 1.050413 0.528298 0.252665 0.115027 0.049902 0.020654 0.008166 0.003088 0.001118 0.000389 0.000130 0.000042 0.000014 0.000005 0.000002 0.000001 0.000001 0.000001 0.000001 0.000001 0.000001 0.000001 0.000001 0.000001 0.000001 0.000001 0.000001 0.000001 0.000001 0.000001 0.000001 0.000001 0.000001 0.000001 0.000001 0.000001 0.000001 0.000001 0.000000 0.000000 0.000000 
50.000000 39.744142 30.165107 21.805977 14.986317 9.780116 6.056759 3.558774 1.984284 1.050412 0.528297 0.252664 0.115026 0.049901 0.020654 0.008165 0.003087 0.001118 0.000388 0.000129 0.000042 0.000013 0.000004 0.000001 0.000001 0.000000 0.000000 0.000000 0.000000 0.000000 0.000000 0.000000 0.000000 0.000000 0.000000 0.000000 0.000000 0.000000 0.000000 0.000000 0.000000 0.000000 0.000000 0.000000 0.000000 0.000000 0.000000 0.000000 0.000000 0.000000 
50.000000 39.744142 30.165107 21.805977 14.986317 9.780116 6.056759 3.558774 1.984284 1.050412 0.528297 0.252664 0.115026 0.049901 0.020654 0.008165 0.003087 0.001118 0.000388 0.000129 0.000042 0.000013 0.000004 0.000001 0.000001 0.000000 0.000000 0.000000 0.000000 0.000000 0.000000 0.000000 0.000000 0.000000 0.000000 0.000000 0.000000 0.000000 0.000000 0.000000 0.000000 0.000000 0.000000 0.000000 0.000000 0.000000 0.000000 0.000000 0.000000 0.000000 
50.000000 39.744143 30.165107 21.805977 14.986317 9.780117 6.056760 3.558775 1.984285 1.050413 0.528298 0.252665 0.115027 0.049902 0.020654 0.008166 0.003088 0.001118 0.000389 0.000130 0.000042 0.000014 0.000005 0.000002 0.000001 0.000001 0.000001 0.000001 0.000001 0.000001 0.000001 0.000001 0.000001 0.000001 0.000001 0.000001 0.000001 0.000001 0.000001 0.000001 0.000001 0.000001 0.000001 0.000001 0.000001 0.000001 0.000001 0.000000 0.000000 0.000000 
50.000000 39.744143 30.165108 21.805979 14.986319 9.780119 6.056762 3.558777 1.984287 1.050416 0.528300 0.252667 0.115029 0.049905 0.020657 0.008169 0.003090 0.001121 0.000391 0.000133 0.000045 0.000016 0.000008 0.000005 0.000004 0.000004 0.000004 0.000004 0.000004 0.000004 0.000004 0.000004 0.000004 0.000004 0.000004 0.000004 0.000004 0.000004 0.000004 0.000004 0.000004 0.000004 0.000004 0.000003 0.000003 0.000003 0.000002 0.000002 0.000001 0.000000 
50.000000 39.744145 30.165112 21.805984 14.986325 9.780126 6.056770 3.558786 1.984296 1.050424 0.528309 0.252676 0.115038 0.049914 0.020666 0.008177 0.003099 0.001130 0.000400 0.000142 0.000054 0.000025 0.000016 0.000014 0.000013 0.000013 0.000013 0.000013 0.000013 0.000013 0.000013 0.000013 0.000013 0.000013 0.000013 0.000013 0.000013 0.000013 0.000013 0.000013 0.000013 0.000012 0.000012 0.000011 0.000010 0.000009 0.000007 0.000005 0.000003 0.000000 
50.000000 39.744151 30.165123 21.806000 14.986345 9.780149 6.056796 3.558812 1.984323 1.050452 0.528337 0.252705 0.115067 0.049942 0.020694 0.008206 0.003128 0.001159 0.000429 0.000170 0.000083 0.000054 0.000045 0.000042 0.000042 0.000041 0.000041 0.000041 0.000041 0.000041 0.000041 0.000041 0.000041 0.000041 0.000041 0.000041 0.000041 0.000041 0.000041 0.000041 0.000041 0.000040 0.000039 0.000037 0.000034 0.000030 0.000024 0.000017 0.000009 0.000000 
50.000000 39.744169 30.165158 21.806050 14.986407 9.780220 6.056873 3.558894 1.984408 1.050538 0.528424 0.252792 0.115154 0.050030 0.020782 0.008294 0.003216 0.001246 0.000517 0.000258 0.000170 0.000142 0.000133 0.000130 0.000129 0.000129 0.000129 0.000129 0.000129 0.000129 0.000129 0.000129 0.000129 0.000129 0.000129 0.000129 0.000129 0.000129 0.000129 0.000128 0.000127 0.000125 0.000122 0.000116 0.000107 0.000094 0.000076 0.000054 0.000028 0.000000 
50.000000 39.744222 30.165261 21.806196 14.986589 9.780429 6.057101 3.559134 1.984656 1.050792 0.528680 0.253050 0.115412 0.050288 0.021041 0.008552 0.003474 0.001505 0.000775 0.000517 0.000429 0.000400 0.000391 0.000389 0.000388 0.000388 0.000388 0.000388 0.000388 0.000388 0.000388 0.000388 0.000388 0.000388 0.000388 0.000388 0.000387 0.000387 0.000386 0.000385 0.000382 0.000376 0.000366 0.000348 0.000321 0.000282 0.000229 0.000162 0.000084 0.000000 
50.000000 39.744373 30.165552 21.806609 14.987102 9.781017 6.057743 3.559813 1.985358 1.051507 0.529402 0.253776 0.116140 0.051017 0.021770 0.009282 0.004204 0.002234 0.001505 0.001246 0.001159 0.001130 0.001121 0.001118 0.001118 0.001117 0.001117 0.001117 0.001117 0.001117 0.001117 0.001117 0.001117 0.001117 0.001117 0.001117 0.001117 0.001116 0.001114 0.001109 0.001101 0.001084 0.001055 0.001005 0.000928 0.000816 0.000663 0.000470 0.000244 0.000000 
50.000000 39.744779 30.166337 21.807724 14.988485 9.782606 6.059478 3.561645 1.987251 1.053436 0.531352 0.255735 0.118105 0.052985 0.023739 0.011251 0.006173 0.004204 0.003474 0.003216 0.003128 0.003099 0.003090 0.003088 0.003087 0.003087 0.003087 0.003087 0.003087 0.003087 0.003087 0.003087 0.003087 0.003087 0.003086 0.003086 0.003085 0.003083 0.003077 0.003065 0.003042 0.002997 0.002916 0.002782 0.002570 0.002260 0.001838 0.001304 0.000678 0.000000 
50.000000 39.745824 30.168359 21.810597 14.992052 9.786700 6.063948 3.566367 1.992131 1.058410 0.536378 0.260789 0.123172 0.058058 0.028815 0.016328 0.011251 0.009282 0.008552 0.008294 0.008206 0.008177 0.008168 0.008166 0.008165 0.008165 0.008165 0.008165 0.008165 0.008165 0.008165 0.008165 0.008165 0.008165 0.008164 0.008163 0.008160 0.008154 0.008140 0.008110 0.008049 0.007932 0.007723 0.007371 0.006816 0.006000 0.004884 0.003467 0.001803 0.000000 
50.000000 39.748395 30.173330 21.817661 15.000819 9.796766 6.074941 3.577980 2.004133 1.070641 0.548738 0.273216 0.135633 0.070534 0.041298 0.028815 0.023739 0.021770 0.021041 0.020782 0.020694 0.020666 0.020657 0.020654 0.020653 0.020653 0.020653 0.020653 0.020653 0.020653 0.020653 0.020653 0.020653 0.020653 0.020652 0.020649 0.020643 0.020628 0.020593 0.020519 0.020369 0.020082 0.019563 0.018686 0.017296 0.015242 0.012420 0.008825 0.004594 0.000000 
50.000000 39.754414 30.184967 21.834197 15.021347 9.820335 6.100680 3.605172 2.032238 1.099286 0.577683 0.302320 0.164816 0.099754 0.070534 0.058058 0.052985 0.051017 0.050288 0.050030 0.049942 0.049914 0.049905 0.049902 0.049901 0.049901 0.049901 0.049901 0.049901 0.049901 0.049901 0.049901 0.049901 0.049900 0.049898 0.049892 0.049877 0.049842 0.049762 0.049590 0.049240 0.048565 0.047342 0.045260 0.041942 0.037011 0.030200 0.021486 0.011194 0.000000 
50.000000 39.767809 30.210869 21.871003 15.067039 9.872802 6.157983 3.665711 2.094813 1.163065 0.642133 0.367123 0.229794 0.164816 0.135633 0.123172 0.118105 0.116140 0.115412 0.115154 0.115067 0.115038 0.115029 0.115027 0.115026 0.115026 0.115026 0.115026 0.115026 0.115026 0.115025 0.115025 0.115025 0.115023 0.115018 0.115006 0.114974 0.114897 0.114723 0.114344 0.113569 0.112067 0.109327 0.104632 0.097099 0.085827 0.070155 0.049990 0.026073 0.000000 
50.000000 39.796107 30.265588 21.948765 15.163581 9.983662 6.279067 3.793643 2.227051 1.297852 0.778341 0.504079 0.367123 0.302320 0.273216 0.260789 0.255735 0.253776 0.253050 0.252792 0.252705 0.252676 0.252667 0.252665 0.252664 0.252664 0.252664 0.252664 0.252664 0.252664 0.252664 0.252663 0.252662 0.252658 0.252649 0.252623 0.252558 0.252400 0.252039 0.251254 0.249632 0.246471 0.240660 0.230623 0.214388 0.189890 0.155556 0.111066 0.058009 0.000000 
50.000000 39.852753 30.375128 22.104437 15.356860 10.205619 6.521508 4.049806 2.491848 1.567760 1.051101 0.778341 0.642133 0.577683 0.548738 0.536378 0.531352 0.529402 0.528680 0.528424 0.528337 0.528309 0.528300 0.528298 0.528297 0.528297 0.528297 0.528297 0.528296 0.528296 0.528296 0.528295 0.528293 0.528286 0.528268 0.528218 0.528093 0.527789 0.527087 0.525550 0.522358 0.516083 0.504451 0.484170 0.451037 0.400528 0.329024 0.235530 0.123245 0.000000 
50.000000 39.960015 30.582550 22.399226 15.722880 10.625972 6.980678 4.534986 2.993400 2.079008 1.567760 1.297852 1.163065 1.099286 1.070641 1.058410 1.053436 1.051507 1.050792 1.050538 1.050452 1.050424 1.050416 1.050413 1.050412 1.050412 1.050412 1.050412 1.050412 1.050412 1.050411 1.050410 1.050406 1.050394 1.050361 1.050272 1.050046 1.049496 1.048219 1.045402 1.039504 1.027808 1.005907 0.967297 0.903458 0.804900 0.663600 0.476667 0.250057 0.000000 
50.000000 40.151798 30.953431 22.926343 16.377395 11.377681 7.801842 5.402703 3.890428 2.993400 2.491848 2.227051 2.094813 2.032238 2.004133 1.992131 1.987251 1.985358 1.984656 1.984408 1.984323 1.984296 1.984287 1.984285 1.984284 1.984284 1.984284 1.984284 1.984284 1.984283 1.984283 1.984280 1.984274 1.984254 1.984199 1.984051 1.983673 1.982746 1.980580 1.975765 1.965592 1.945214 1.906608 1.837648 1.721953 1.540511 1.276136 0.920941 0.484836 0.000000 
50.000000 40.475038 31.578542 23.814815 17.480649 12.644822 9.186122 6.865517 5.402703 4.534986 4.049806 3.793643 3.665711 3.605172 3.577980 3.566367 3.561645 3.559813 3.559134 3.558894 3.558812 3.558786 3.558777 3.558775 3.558774 3.558774 3.558774 3.558774 3.558774 3.558773 3.558772 3.558769 3.558759 3.558728 3.558644 3.558416 3.557830 3.556384 3.552983 3.545355 3.529079 3.496095 3.432758 3.317851 3.121627 2.807793 2.340848 1.700356 0.899802 0.000000 
50.000000 40.987722 32.570036 25.224073 19.230648 14.654862 11.382064 9.186122 7.801842 6.980678 6.521508 6.279067 6.157983 6.100680 6.074941 6.063948 6.059478 6.057743 6.057101 6.056873 6.056796 6.056770 6.056762 6.056760 6.056759 6.056759 6.056759 6.056759 6.056759 6.056759 6.056757 6.056752 6.056738 6.056696 6.056577 6.056255 6.055421 6.053351 6.048444 6.037339 6.013381 5.964194 5.868271 5.691032 5.381812 4.874931 4.099890 3.006216 1.603461 0.000000 
50.000000 41.751707 34.047552 27.324192 21.838636 17.650491 14.654862 12.644822 11.377681 10.625972 10.205619 9.983662 9.872802 9.820335 9.796766 9.786700 9.782606 9.781017 9.780429 9.780220 9.780149 9.780126 9.780119 9.780117 9.780116 9.780116 9.780116 9.780116 9.780116 9.780115 9.780113 9.780107 9.780089 9.780036 9.779884 9.779470 9.778393 9.775703 9.769274 9.754582 9.722514 9.655728 9.523194 9.273050 8.825245 8.068218 6.868429 5.107177 2.759125 0.000000 
50.000000 42.819719 36.113078 30.260167 25.484715 21.838636 19.230648 17.480649 16.377395 15.722880 15.356860 15.163581 15.067039 15.021347 15.000819 14.992052 14.988485 14.987102 14.986589 14.986407 14.986345 14.986325 14.986319 14.986317 14.986317 14.986316 14.986316 14.986316 14.986316 14.986315 14.986313 14.986307 14.986286 14.986225 14.986051 14.985578 14.984335 14.981213 14.973691 14.956332 14.917979 14.836884 14.672856 14.355717 13.770418 12.742358 11.034286 8.382950 4.629890 0.000000 
50.000000 44.218474 38.818288 34.105471 30.260167 27.324192 25.224073 23.814815 22.926343 22.399226 22.104437 21.948765 21.871003 21.834197 21.817661 21.810597 21.807724 21.806609 21.806196 21.806050 21.806000 21.805984 21.805979 21.805977 21.805977 21.805977 21.805977 21.805977 21.805976 21.805976 21.805974 21.805967 21.805947 21.805886 21.805714 21.805241 21.803996 21.800849 21.793208 21.775413 21.735626 21.650207 21.473968 21.124183 20.455763 19.225881 17.052735 13.400133 7.708226 0.000000 
50.000000 45.932753 42.133757 38.818288 36.113078 34.047552 32.570036 31.578542 30.953431 30.582550 30.375128 30.265588 30.210869 30.184967 30.173330 30.168359 30.166337 30.165552 30.165261 30.165158 30.165123 30.165112 30.165108 30.165107 30.165107 30.165107 30.165107 30.165107 30.165106 30.165106 30.165104 30.165099 30.165082 30.165033 30.164892 30.164505 30.163481 30.160878 30.154522 30.139598 30.105883 30.032490 29.878186 29.563820 28.940374 27.730127 25.418155 21.066878 13.118405 0.000000 
50.000000 47.897030 45.932753 44.218474 42.819719 41.751707 40.987722 40.475038 40.151798 39.960015 39.852753 39.796107 39.767809 39.754414 39.748395 39.745824 39.744779 39.744373 39.744222 39.744169 39.744151 39.744145 39.744143 39.744143 39.744142 39.744142 39.744142 39.744142 39.744142 39.744142 39.744141 39.744138 39.744129 39.744101 39.744021 39.743802 39.743220 39.741736 39.738098 39.729508 39.709958 39.666962 39.575236 39.384262 38.992582 38.189830 36.510248 32.814348 23.948515 0.000000 
50.000000 50.000000 50.000000 50.000000 50.000000 50.000000 50.000000 50.000000 50.000000 50.000000 50.000000 50.000000 50.000000 50.000000 50.000000 50.000000 50.000000 50.000000 50.000000 50.000000 50.000000 50.000000 50.000000 50.000000 50.000000 50.000000 50.000000 50.000000 50.000000 50.000000 50.000000 50.000000 50.000000 50.000000 50.000000 50.000000 50.000000 50.000000 50.000000 50.000000 50.000000 50.000000 50.000000 50.000000 50.000000 50.000000 50.000000 50.000000 50.000000 50.000000 
