50.000000 50.000000 50.000000 50.000000 50.000000 50.000000 50.000000 50.000000 50.000000 50.000000 50.000000 50.000000 50.000000 50.000000 50.000000 50.000000 50.000000 50.000000 50.000000 50.000000 50.000000 50.000000 50.000000 50.000000 50.000000 50.000000 50.000000 50.000000 50.000000 50.000000 50.000000 50.000000 50.000000 50.000000 50.000000 50.000000 50.000000 50.000000 50.000000 50.000000 50.000000 50.000000 50.000000 50.000000 50.000000 50.000000 50.000000 50.000000 50.000000 50.000000 
50.000000 48.805745 47.656258 46.591276 45.641417 44.825730 44.151159 43.613775 43.201274 42.896063 42.678306 42.528432 42.428880 42.365033 42.325475 42.301787 42.288071 42.280386 42.276218 42.274029 42.272914 42.272364 42.272100 42.271978 42.271922 42.271896 42.271883 42.271871 42.271852 42.271812 42.271725 42.271536 42.271139 42.270322 42.268684 42.265479 42.259352 42.247904 42.226962 42.189391 42.123109 42.007711 41.808423 41.464533 40.865231 39.793739 37.783095 33.699574 24.402873 0.000000 
50.000000 47.656258 45.400374 43.310334 41.446228 39.845440 38.521595 37.466983 36.657456 36.058487 35.631145 35.337025 35.141660 35.016363 34.938734 34.892249 34.865332 34.850252 34.842073 34.837776 34.835589 34.834510 34.833993 34.833752 34.833642 34.833592 34.833566 34.833544 34.833508 34.833433 34.833270 34.832918 34.832177 34.830656 34.827611 34.821664 34.810324 34.789200 34.750714 34.682026 34.561696 34.354221 34.000880 33.403755 32.396630 30.690026 27.766850 22.700187 13.956684 0.000000 
50.000000 46.591276 43.310334 40.270599 37.559470 35.231313 33.305945 31.772153 30.594809 29.723700 29.102200 28.674453 28.390332 28.208112 28.095218 28.027616 27.988472 27.966541 27.954647 27.948400 27.945219 27.943649 27.942897 27.942548 27.942389 27.942316 27.942279 27.942248 27.942200 27.942099 27.941880 27.941409 27.940419 27.938392 27.934345 27.926465 27.911498 27.883751 27.833503 27.744519 27.590215 27.327769 26.889082 26.166891 24.993673 23.111316 20.135300 15.543483 8.808180 0.000000 
50.000000 45.641417 41.446228 37.559470 34.092895 31.116019 28.654180 26.693035 25.187666 24.073863 23.279219 22.732312 22.369045 22.136069 21.991730 21.905301 21.855255 21.827217 21.812012 21.804025 21.799959 21.797952 21.796990 21.796543 21.796340 21.796248 21.796201 21.796164 21.796108 21.795993 21.795744 21.795208 21.794085 21.791792 21.787230 21.778382 21.761659 21.730845 21.675458 21.578297 21.411827 21.133061 20.676502 19.944939 18.798686 17.046447 14.448154 10.756202 5.847677 0.000000 
50.000000 44.825730 39.845440 35.231313 31.116019 27.582083 24.659582 22.331484 20.544459 19.222276 18.278975 17.629763 17.198550 16.922001 16.750670 16.648080 16.588677 16.555398 16.537350 16.527870 16.523044 16.520662 16.519522 16.518991 16.518750 16.518641 16.518587 16.518547 16.518488 16.518370 16.518114 16.517568 16.516426 16.514101 16.509494 16.500601 16.483888 16.453302 16.398782 16.304119 16.143986 15.880084 15.456491 14.794846 13.791041 12.317333 10.237640 7.448810 3.960499 0.000000 
50.000000 44.151159 38.521595 33.305945 28.654180 24.659582 21.356146 18.724613 16.704695 15.210216 14.144005 13.410213 12.922827 12.610259 12.416615 12.300667 12.233531 12.195920 12.175524 12.164810 12.159357 12.156665 12.155376 12.154776 12.154505 12.154382 12.154323 12.154281 12.154225 12.154113 12.153872 12.153359 12.152291 12.150126 12.145852 12.137645 12.122316 12.094464 12.045248 11.960684 11.819441 11.590239 11.229213 10.678073 9.864736 8.709241 7.139054 5.117840 2.686626 0.000000 
50.000000 43.613775 37.466983 31.772153 26.693035 22.331484 18.724613 15.851388 13.645974 12.014270 10.850174 10.049025 9.516910 9.175661 8.964253 8.837671 8.764378 8.723320 8.701054 8.689359 8.683406 8.680468 8.679061 8.678406 8.678110 8.677977 8.677914 8.677873 8.677821 8.677722 8.677511 8.677062 8.676131 8.674251 8.670558 8.663505 8.650412 8.626796 8.585426 8.515066 8.398967 8.213263 7.925694 7.495400 6.874993 6.016533 4.883070 3.466103 1.805352 0.000000 
50.000000 43.201274 36.657456 30.594809 25.187666 20.544459 16.704695 13.645974 11.298201 9.561191 8.321981 7.469150 6.902716 6.539465 6.314430 6.179690 6.101676 6.057974 6.034275 6.021827 6.015491 6.012364 6.010866 6.010170 6.009855 6.009715 6.009649 6.009610 6.009565 6.009482 6.009307 6.008938 6.008175 6.006641 6.003642 5.997943 5.987431 5.968607 5.935905 5.880827 5.790966 5.649101 5.432711 5.114456 4.664376 4.054605 3.267040 2.303234 1.193562 0.000000 
50.000000 42.896063 36.058487 29.723700 24.073863 19.222276 15.210216 12.014270 9.561191 7.746287 6.451522 5.560469 4.968657 4.589136 4.354025 4.213255 4.131752 4.086095 4.061336 4.048332 4.041713 4.038447 4.036883 4.036155 4.035826 4.035680 4.035614 4.035577 4.035539 4.035473 4.035336 4.035049 4.034458 4.033274 4.030969 4.026614 4.018629 4.004429 3.979954 3.939105 3.873144 3.770225 3.615303 3.390776 3.078290 2.662035 2.133484 1.496791 0.772954 0.000000 
50.000000 42.678306 35.631145 29.102200 23.279219 18.278975 14.144005 10.850174 8.321981 6.451522 5.117137 4.198828 3.588920 3.197799 2.955506 2.810438 2.726447 2.679397 2.653884 2.640484 2.633663 2.630297 2.628686 2.627936 2.627598 2.627448 2.627381 2.627346 2.627315 2.627264 2.627163 2.626950 2.626515 2.625647 2.623964 2.620801 2.615035 2.604847 2.587418 2.558569 2.512417 2.441154 2.335107 2.183321 1.974857 1.700923 1.357681 0.949119 0.488915 0.000000 
50.000000 42.528432 35.337025 28.674453 22.732312 17.629763 13.410213 10.049025 7.469150 5.560469 4.198828 3.261769 2.639415 2.240317 1.993085 1.845062 1.759360 1.711354 1.685322 1.671649 1.664690 1.661256 1.659612 1.658847 1.658502 1.658350 1.658283 1.658249 1.658224 1.658187 1.658115 1.657965 1.657659 1.657052 1.655881 1.653690 1.649717 1.642740 1.630885 1.611410 1.580515 1.533245 1.463600 1.364965 1.230981 1.056853 0.840950 0.586311 0.301470 0.000000 
50.000000 42.428880 35.141660 28.390332 22.369045 17.198550 12.922827 9.516910 6.902716 4.968657 3.588920 2.639415 2.008799 1.604407 1.353898 1.203913 1.117078 1.068436 1.042060 1.028207 1.021157 1.017677 1.016011 1.015237 1.014887 1.014733 1.014666 1.014634 1.014614 1.014587 1.014538 1.014437 1.014232 1.013826 1.013046 1.011594 1.008974 1.004400 0.996675 0.984072 0.964228 0.934110 0.890114 0.828363 0.745248 0.638200 0.506581 0.352460 0.180977 0.000000 
50.000000 42.365033 35.016363 28.208112 22.136069 16.922001 12.610259 9.175661 6.539465 4.589136 3.197799 2.240317 1.604407 1.196622 0.944014 0.792773 0.705211 0.656163 0.629566 0.615598 0.608488 0.604980 0.603300 0.602519 0.602167 0.602012 0.601945 0.601915 0.601897 0.601879 0.601846 0.601781 0.601649 0.601389 0.600891 0.599968 0.598311 0.595433 0.590600 0.582764 0.570507 0.552034 0.525249 0.487942 0.438113 0.374410 0.296614 0.206039 0.105680 0.000000 
50.000000 42.325475 34.938734 28.095218 21.991730 16.750670 12.416615 8.964253 6.314430 4.354025 2.955506 1.993085 1.353898 0.944014 0.690105 0.538087 0.450076 0.400776 0.374044 0.360004 0.352858 0.349332 0.347643 0.346859 0.346504 0.346349 0.346282 0.346253 0.346238 0.346224 0.346203 0.346163 0.346081 0.345921 0.345616 0.345053 0.344046 0.342304 0.339396 0.334705 0.327411 0.316487 0.300748 0.278970 0.250069 0.213348 0.168753 0.117071 0.059996 0.000000 
50.000000 42.301787 34.892249 28.027616 21.905301 16.648080 12.300667 8.837671 6.179690 4.213255 2.810438 1.845062 1.203913 0.792773 0.538087 0.385605 0.297325 0.247874 0.221061 0.206978 0.199811 0.196274 0.194580 0.193793 0.193438 0.193282 0.193215 0.193186 0.193173 0.193163 0.193150 0.193126 0.193077 0.192982 0.192802 0.192471 0.191882 0.190868 0.189181 0.186474 0.182286 0.176049 0.167112 0.154815 0.138586 0.118071 0.093271 0.064638 0.033103 0.000000 
50.000000 42.288071 34.865332 27.988472 21.855255 16.588677 12.233531 8.764378 6.101677 4.131752 2.726447 1.759360 1.117078 0.705211 0.450076 0.297325 0.208889 0.159352 0.132491 0.118384 0.111204 0.107660 0.105964 0.105176 0.104820 0.104664 0.104597 0.104569 0.104556 0.104549 0.104541 0.104526 0.104498 0.104444 0.104342 0.104155 0.103822 0.103252 0.102308 0.100800 0.098478 0.095035 0.090127 0.083405 0.074575 0.063462 0.050079 0.034676 0.017749 0.000000 
50.000000 42.280386 34.850252 27.966541 21.827217 16.555398 12.195920 8.723320 6.057974 4.086095 2.679397 1.711354 1.068436 0.656163 0.400776 0.247875 0.159352 0.109766 0.082879 0.068758 0.061571 0.058025 0.056327 0.055537 0.055181 0.055025 0.054958 0.054930 0.054918 0.054912 0.054907 0.054899 0.054883 0.054854 0.054798 0.054695 0.054514 0.054205 0.053694 0.052882 0.051637 0.049799 0.047189 0.043629 0.038972 0.033132 0.026122 0.018075 0.009247 0.000000 
50.000000 42.276218 34.842073 27.954648 21.812012 16.537350 12.175524 8.701054 6.034275 4.061336 2.653884 1.685322 1.042060 0.629567 0.374044 0.221061 0.132491 0.082879 0.055978 0.041850 0.034659 0.031110 0.029411 0.028622 0.028265 0.028109 0.028042 0.028015 0.028003 0.027998 0.027994 0.027989 0.027981 0.027965 0.027936 0.027882 0.027786 0.027624 0.027357 0.026934 0.026288 0.025337 0.023992 0.022165 0.019783 0.016804 0.013239 0.009155 0.004682 0.000000 
50.000000 42.274029 34.837777 27.948400 21.804025 16.527871 12.164811 8.689360 6.021828 4.048333 2.640485 1.671650 1.028208 0.615599 0.360005 0.206979 0.118385 0.068759 0.041850 0.027718 0.020525 0.016975 0.015276 0.014486 0.014130 0.013974 0.013907 0.013879 0.013868 0.013863 0.013860 0.013858 0.013853 0.013845 0.013830 0.013802 0.013754 0.013671 0.013536 0.013323 0.012998 0.012522 0.011850 0.010940 0.009757 0.008282 0.006521 0.004507 0.002304 0.000000 
50.000000 42.272915 34.835590 27.945220 21.799960 16.523046 12.159359 8.683408 6.015493 4.041716 2.633666 1.664693 1.021159 0.608491 0.352861 0.199813 0.111206 0.061574 0.034661 0.020527 0.013333 0.009783 0.008083 0.007293 0.006937 0.006781 0.006714 0.006686 0.006675 0.006670 0.006668 0.006667 0.006664 0.006660 0.006653 0.006639 0.006615 0.006575 0.006508 0.006404 0.006246 0.006014 0.005688 0.005248 0.004678 0.003968 0.003123 0.002157 0.001103 0.000000 
50.000000 42.272365 34.834512 27.943653 21.797956 16.520667 12.156671 8.680474 6.012370 4.038453 2.630304 1.661263 1.017684 0.604987 0.349339 0.196281 0.107667 0.058031 0.031117 0.016982 0.009787 0.006237 0.004537 0.003747 0.003391 0.003235 0.003168 0.003140 0.003129 0.003125 0.003123 0.003122 0.003120 0.003118 0.003115 0.003108 0.003097 0.003077 0.003046 0.002996 0.002921 0.002812 0.002658 0.002451 0.002184 0.001852 0.001456 0.001006 0.000514 0.000000 
50.000000 42.272103 34.833998 27.942906 21.797001 16.519534 12.155390 8.679076 6.010883 4.036899 2.628703 1.659629 1.016029 0.603318 0.347661 0.194598 0.105982 0.056345 0.029429 0.015293 0.008099 0.004548 0.002849 0.002059 0.001702 0.001546 0.001479 0.001452 0.001440 0.001436 0.001434 0.001433 0.001433 0.001432 0.001430 0.001427 0.001421 0.001412 0.001398 0.001375 0.001340 0.001289 0.001218 0.001123 0.001000 0.000847 0.000666 0.000460 0.000235 0.000000 
50.000000 42.271985 34.833766 27.942569 21.796570 16.519023 12.154812 8.678445 6.010211 4.036198 2.627980 1.658892 1.015282 0.602565 0.346904 0.193839 0.105221 0.055583 0.028667 0.014531 0.007337 0.003786 0.002086 0.001296 0.000940 0.000784 0.000717 0.000689 0.000678 0.000674 0.000672 0.000671 0.000671 0.000670 0.000669 0.000668 0.000665 0.000661 0.000654 0.000643 0.000627 0.000603 0.000569 0.000525 0.000467 0.000396 0.000311 0.000215 0.000110 0.000000 
50.000000 42.271940 34.833678 27.942440 21.796406 16.518828 12.154592 8.678205 6.009956 4.035931 2.627705 1.658612 1.014998 0.602278 0.346616 0.193550 0.104932 0.055294 0.028378 0.014241 0.007047 0.003496 0.001797 0.001007 0.000650 0.000494 0.000427 0.000399 0.000388 0.000384 0.000382 0.000382 0.000381 0.000381 0.000380 0.000379 0.000378 0.000376 0.000372 0.000365 0.000356 0.000342 0.000323 0.000298 0.000265 0.000224 0.000176 0.000122 0.000062 0.000000 
50.000000 42.271940 34.833678 27.942440 21.796406 16.518828 12.154592 8.678205 6.009956 4.035931 2.627705 1.658612 1.014998 0.602278 0.346616 0.193550 0.104932 0.055294 0.028378 0.014241 0.007047 0.003496 0.001797 0.001007 0.000650 0.000494 0.000427 0.000399 0.000388 0.000384 0.000382 0.000382 0.000381 0.000381 0.000380 0.000379 0.000378 0.000376 0.000372 0.000365 0.000356 0.000342 0.000323 0.000298 0.000265 0.000224 0.000176 0.000122 0.000062 0.000000 
50.000000 42.271985 34.833766 27.942569 21.796570 16.519023 12.154812 8.678445 6.010211 4.036198 2.627980 1.658892 1.015282 0.602565 0.346904 0.193839 0.105221 0.055583 0.028667 0.014531 0.007337 0.003786 0.002086 0.001296 0.000940 0.000784 0.000717 0.000689 0.000678 0.000674 0.000672 0.000671 0.000671 0.000670 0.000669 0.000668 0.000665 0.000661 0.000654 0.000643 0.000627 0.000603 0.000569 0.000525 0.000467 0.000396 0.000311 0.000215 0.000110 0.000000 
50.000000 42.272103 34.833998 27.942906 21.797001 16.519534 12.155390 8.679076 6.010883 4.036899 2.628703 1.659629 1.016029 0.603318 0.347661 0.194598 0.105982 0.056345 0.029429 0.015293 0.008099 0.004548 0.002849 0.002059 0.001702 0.001546 0.001479 0.001452 0.001440 0.001436 0.001434 0.001433 0.001433 0.001432 0.001430 0.001427 0.001421 0.001412 0.001398 0.001375 0.001340 0.001289 0.001218 0.001123 0.001000 0.000847 0.000666 0.000460 0.000235 0.000000 
50.000000 42.272365 34.834512 27.943653 21.797956 16.520667 12.156671 8.680474 6.012370 4.038453 2.630304 1.661263 1.017684 0.604987 0.349339 0.196281 0.107667 0.058031 0.031117 0.016982 0.009787 0.006237 0.004537 0.003747 0.003391 0.003235 0.003168 0.003140 0.003129 0.003125 0.003123 0.003122 0.003120 0.003118 0.003115 0.003108 0.003097 0.003077 0.003046 0.002996 0.002921 0.002812 0.002658 0.002451 0.002184 0.001852 0.001456 0.001006 0.000514 0.000000 
50.000000 42.272915 34.835590 27.945220 21.799960 16.523046 12.159359 8.683408 6.015493 4.041716 2.633666 1.664693 1.021159 0.608491 0.352861 0.199813 0.111206 0.061574 0.034661 0.020527 0.013333 0.009783 0.008083 0.007293 0.006937 0.006781 0.006714 0.006686 0.006675 0.006670 0.006668 0.006667 0.006664 0.006660 0.006653 0.006639 0.006615 0.006575 0.006508 0.006404 0.006246 0.006014 0.005688 0.005248 0.004678 0.003968 0.003123 0.002157 0.001103 0.000000 
50.000000 42.274029 34.837777 27.948400 21.804025 16.527871 12.164811 8.689360 6.021828 4.048333 2.640485 1.671650 1.028208 0.615599 0.360005 0.206979 0.118385 0.068759 0.041850 0.027718 0.020525 0.016975 0.015276 0.014486 0.014130 0.013974 0.013907 0.013879 0.013868 0.013863 0.013860 0.013858 0.013853 0.013845 0.013830 0.013802 0.013754 0.013671 0.013536 0.013323 0.012998 0.012522 0.011850 0.010940 0.009757 0.008282 0.006521 0.004507 0.002304 0.000000 
50.000000 42.276218 34.842073 27.954648 21.812012 16.537350 12.175524 8.701054 6.034275 4.061336 2.653884 1.685322 1.042060 0.629567 0.374044 0.221061 0.132491 0.082879 0.055978 0.041850 0.034659 0.031110 0.029411 0.028622 0.028265 0.028109 0.028042 0.028015 0.028003 0.027998 0.027994 0.027989 0.027981 0.027965 0.027936 0.027882 0.027786 0.027624 0.027357 0.026934 0.026288 0.025337 0.023992 0.022165 0.019783 0.016804 0.013239 0.009155 0.004682 0.000000 
50.000000 42.280386 34.850252 27.966541 21.827217 16.555398 12.195920 8.723320 6.057974 4.086095 2.679397 1.711354 1.068436 0.656163 0.400776 0.247875 0.159352 0.109766 0.082879 0.068758 0.061571 0.058025 0.056327 0.055537 0.055181 0.055025 0.054958 0.054930 0.054918 0.054912 0.054907 0.054899 0.054883 0.054854 0.054798 0.054695 0.054514 0.054205 0.053694 0.052882 0.051637 0.049799 0.047189 0.043629 0.038972 0.033132 0.026122 0.018075 0.009247 0.000000 
50.000000 42.288071 34.865332 27.988472 21.855255 16.588677 12.233531 8.764378 6.101677 4.131752 2.726447 1.759360 1.117078 0.705211 0.450076 0.297325 0.208889 0.159352 0.132491 0.118384 0.111204 0.107660 0.105964 0.105176 0.104820 0.104664 0.104597 0.104569 0.104556 0.104549 0.104541 0.104526 0.104498 0.104444 0.104342 0.104155 0.103822 0.103252 0.102308 0.100800 0.098478 0.095035 0.090127 0.083405 0.074575 0.063462 0.050079 0.034676 0.017749 0.000000 
50.000000 42.301787 34.892249 28.027616 21.905301 16.648080 12.300667 8.837671 6.179690 4.213255 2.810438 1.845062 1.203913 0.792773 0.538087 0.385605 0.297325 0.247874 0.221061 0.206978 0.199811 0.196274 0.194580 0.193793 0.193438 0.193282 0.193215 0.193186 0.193173 0.193163 0.193150 0.193126 0.193077 0.192982 0.192802 0.192471 0.191882 0.190868 0.189181 0.186474 0.182286 0.176049 0.167112 0.154815 0.138586 0.118071 0.093271 0.064638 0.033103 0.000000 
50.000000 42.325475 34.938734 28.095218 21.991730 16.750670 12.416615 8.964253 6.314430 4.354025 2.955506 1.993085 1.353898 0.944014 0.690105 0.538087 0.450076 0.400776 0.374044 0.360004 0.352858 0.349332 0.347643 0.346859 0.346504 0.346349 0.346282 0.346253 0.346238 0.346224 0.346203 0.346163 0.346081 0.345921 0.345616 0.345053 0.344046 0.342304 0.339396 0.334705 0.327411 0.316487 0.300748 0.278970 0.250069 0.213348 0.168753 0.117071 0.059996 0.000000 
50.000000 42.365033 35.016363 28.208112 22.136069 16.922001 12.610259 9.175661 6.539465 4.589136 3.197799 2.240317 1.604407 1.196622 0.944014 0.792773 0.705211 0.656163 0.629566 0.615598 0.608488 0.604980 0.603300 0.602519 0.602167 0.602012 0.601945 0.601915 0.601897 0.601879 0.601846 0.601781 0.601649 0.601389 0.600891 0.599968 0.598311 0.595433 0.590600 0.582764 0.570507 0.552034 0.525249 0.487942 0.438113 0.374410 0.296614 0.206039 0.105680 0.000000 
50.000000 42.428880 35.141660 28.390332 22.369045 17.198550 12.922827 9.516910 6.902716 4.968657 3.588920 2.639415 2.008799 1.604407 1.353898 1.203913 1.117078 1.068436 1.042060 1.028207 1.021157 1.017677 1.016011 1.015237 1.014887 1.014733 1.014666 1.014634 1.014614 1.014587 1.014538 1.014437 1.014232 1.013826 1.013046 1.011594 1.008974 1.004400 0.996675 0.984072 0.964228 0.934110 0.890114 0.828363 0.745248 0.638200 0.506581 0.352460 0.180977 0.000000 
50.000000 42.528432 35.337025 28.674453 22.732312 17.629763 13.410213 10.049025 7.469150 5.560469 4.198828 3.261769 2.639415 2.240317 1.993085 1.845062 1.759360 1.711354 1.685322 1.671649 1.664690 1.661256 1.659612 1.658847 1.658502 1.658350 1.658283 1.658249 1.658224 1.658187 1.658115 1.657965 1.657659 1.657052 1.655881 1.653690 1.649717 1.642740 1.630885 1.611410 1.580515 1.533245 1.463600 1.364965 1.230981 1.056853 0.840950 0.586311 0.301470 0.000000 
50.000000 42.678306 35.631145 29.102200 23.279219 18.278975 14.144005 10.850174 8.321981 6.451522 5.117137 4.198828 3.588920 3.197799 2.955506 2.810438 2.726447 2.679397 2.653884 2.640484 2.633663 2.630297 2.628686 2.627936 2.627598 2.627448 2.627381 2.627346 2.627315 2.627264 2.627163 2.626950 2.626515 2.625647 2.623964 2.620801 2.615035 2.604847 2.587418 2.558569 2.512417 2.441154 2.335107 2.183321 1.974857 1.700923 1.357681 0.949119 0.488915 0.000000 
50.000000 42.896063 36.058487 29.723700 24.073863 19.222276 15.210216 12.014270 9.561191 7.746287 6.451522 5.560469 4.968657 4.589136 4.354025 4.213255 4.131752 4.086095 4.061336 4.048332 4.041713 4.038447 4.036883 4.036155 4.035826 4.035680 4.035614 4.035577 4.035539 4.035473 4.035336 4.035049 4.034458 4.033274 4.030969 4.026614 4.018629 4.004429 3.979954 3.939105 3.873144 3.770225 3.615303 3.390776 3.078290 2.662035 2.133484 1.496791 0.772954 0.000000 
50.000000 43.201274 36.657456 30.594809 25.187666 20.544459 16.704695 13.645974 11.298201 9.561191 8.321981 7.469150 6.902716 6.539465 6.314430 6.179690 6.101676 6.057974 6.034275 6.021827 6.015491 6.012364 6.010866 6.010170 6.009855 6.009715 6.009649 6.009610 6.009565 6.009482 6.009307 6.008938 6.008175 6.006641 6.003642 5.997943 5.987431 5.968607 5.935905 5.880827 5.790966 5.649101 5.432711 5.114456 4.664376 4.054605 3.267040 2.303234 1.193562 0.000000 
50.000000 43.613775 37.466983 31.772153 26.693035 22.331484 18.724613 15.851388 13.645974 12.014270 10.850174 10.049025 9.516910 9.175661 8.964253 8.837671 8.764378 8.723320 8.701054 8.689359 8.683406 8.680468 8.679061 8.678406 8.678110 8.677977 8.677914 8.677873 8.677821 8.677722 8.677511 8.677062 8.676131 8.674251 8.670558 8.663505 8.650412 8.626796 8.585426 8.515066 8.398967 8.213263 7.925694 7.495400 6.874993 6.016533 4.883070 3.466103 1.805352 0.000000 
50.000000 44.151159 38.521595 33.305945 28.654180 24.659582 21.356146 18.724613 16.704695 15.210216 14.144005 13.410213 12.922827 12.610259 12.416615 12.300667 12.233531 12.195920 12.175524 12.164810 12.159357 12.156665 12.155376 12.154776 12.154505 12.154382 12.154323 12.154281 12.154225 12.154113 12.153872 12.153359 12.152291 12.150126 12.145852 12.137645 12.122316 12.094464 12.045248 11.960684 11.819441 11.590239 11.229213 10.678073 9.864736 8.709241 7.139054 5.117840 2.686626 0.000000 
50.000000 44.825730 39.845440 35.231313 31.116019 27.582083 24.659582 22.331484 20.544459 19.222276 18.278975 17.629763 17.198550 16.922001 16.750670 16.648080 16.588677 16.555398 16.537350 16.527870 16.523044 16.520662 16.519522 16.518991 16.518750 16.518641 16.518587 16.518547 16.518488 16.518370 16.518114 16.517568 16.516426 16.514101 16.509494 16.500601 16.483888 16.453302 16.398782 16.304119 16.143986 15.880084 15.456491 14.794846 13.791041 12.317333 10.237640 7.448810 3.960499 0.000000 
50.000000 45.641417 41.446228 37.559470 34.092895 31.116019 28.654180 26.693035 25.187666 24.073863 23.279219 22.732312 22.369045 22.136069 21.991730 21.905301 21.855255 21.827217 21.812012 21.804025 21.799959 21.797952 21.796990 21.796543 21.796340 21.796248 21.796201 21.796164 21.796108 21.795993 21.795744 21.795208 21.794085 21.791792 21.787230 21.778382 21.761659 21.730845 21.675458 21.578297 21.411827 21.133061 20.676502 19.944939 18.798686 17.046447 14.448154 10.756202 5.847677 0.000000 
50.000000 46.591276 43.310334 40.270599 37.559470 35.231313 33.305945 31.772153 30.594809 29.723700 29.102200 28.674453 28.390332 28.208112 28.095218 28.027616 27.988472 27.966541 27.954647 27.948400 27.945219 27.943649 27.942897 27.942548 27.942389 27.942316 27.942279 27.942248 27.942200 27.942099 27.941880 27.941409 27.940419 27.938392 27.934345 27.926465 27.911498 27.883751 27.833503 27.744519 27.590215 27.327769 26.889082 26.166891 24.993673 23.111316 20.135300 15.543483 8.808180 0.000000 
50.000000 47.656258 45.400374 43.310334 41.446228 39.845440 38.521595 37.466983 36.657456 36.058487 35.631145 35.337025 35.141660 35.016363 34.938734 34.892249 34.865332 34.850252 34.842073 34.837776 34.835589 34.834510 34.833993 34.833752 34.833642 34.833592 34.833566 34.833544 34.833508 34.833433 34.833270 34.832918 34.832177 34.830656 34.827611 34.821664 34.810324 34.789200 34.750714 34.682026 34.561696 34.354221 34.000880 33.403755 32.396630 30.690026 27.766850 22.700187 13.956684 0.000000 
50.000000 48.805745 47.656258 46.591276 45.641417 44.825730 44.151159 43.613775 43.201274 42.896063 42.678306 42.528432 42.428880 42.365033 42.325475 42.301787 42.288071 42.280386 42.276218 42.274029 42.272914 42.272364 42.272100 42.271978 42.271922 42.271896 42.271883 42.271871 42.271852 42.271812 42.271725 42.271536 42.271139 42.270322 42.268684 42.265479 42.259352 42.247904 42.226962 42.189391 42.123109 42.007711 41.808423 41.464533 40.865231 39.793739 37.783095 33.699574 24.402873 0.000000 
50.000000 50.000000 50.000000 50.000000 50.000000 50.000000 50.000000 50.000000 50.000000 50.000000 50.000000 50.000000 50.000000 50.000000 50.000000 50.000000 50.000000 50.000000 50.000000 50.000000 50.000000 50.000000 50.000000 50.000000 50.000000 50.000000 50.000000 50.000000 50.000000 50.000000 50.000000 50.000000 50.000000 50.000000 50.000000 50.000000 50.000000 50.000000 50.000000 50.000000 50.000000 50.000000 50.000000 50.000000 50.000000 50.000000 50.000000 50.000000 50.000000 50.000000 
