50.000000 50.000000 50.000000 50.000000 50.000000 50.000000 50.000000 50.000000 50.000000 50.000000 50.000000 50.000000 50.000000 50.000000 50.000000 50.000000 50.000000 50.000000 50.000000 50.000000 50.000000 50.000000 50.000000 50.000000 50.000000 50.000000 50.000000 50.000000 50.000000 50.000000 50.000000 50.000000 50.000000 50.000000 50.000000 50.000000 50.000000 50.000000 50.000000 50.000000 50.000000 50.000000 50.000000 50.000000 50.000000 50.000000 50.000000 50.000000 50.000000 50.000000 
50.000000 48.317148 46.723148 45.292797 44.076487 43.095883 42.345907 41.801385 41.425762 41.179359 41.025500 40.933958 40.882006 40.853852 40.839267 40.832036 40.828602 40.827037 40.826353 40.826065 40.825949 40.825904 40.825887 40.825881 40.825878 40.825878 40.825877 40.825877 40.825876 40.825874 40.825867 40.825848 40.825798 40.825672 40.825363 40.824631 40.822949 40.819213 40.811169 40.794369 40.760261 40.692748 40.561860 40.311653 39.835258 38.918097 37.092789 33.222001 24.158574 0.000000 
50.000000 46.723148 43.619312 40.834144 38.465765 36.556361 35.096040 34.035779 33.304397 32.824626 32.525052 32.346815 32.245663 32.190848 32.162451 32.148374 32.141688 32.138642 32.137310 32.136750 32.136524 32.136435 32.136402 32.136390 32.136386 32.136385 32.136384 32.136383 32.136382 32.136377 32.136364 32.136330 32.136240 32.136011 32.135452 32.134129 32.131098 32.124386 32.109993 32.080096 32.019836 31.901743 31.676050 31.253719 30.475876 29.057132 26.479608 21.809656 13.501147 0.000000 
50.000000 45.292797 40.834144 36.833276 33.431145 30.688351 28.590673 27.067683 26.017121 25.327987 24.897693 24.641688 24.496406 24.417677 24.376894 24.356676 24.347073 24.342699 24.340787 24.339983 24.339658 24.339531 24.339484 24.339466 24.339460 24.339458 24.339457 24.339456 24.339454 24.339448 24.339432 24.339388 24.339273 24.338981 24.338270 24.336591 24.332762 24.324323 24.306339 24.269275 24.195340 24.052428 23.784389 23.295795 22.428906 20.931049 18.416638 14.354537 8.200008 0.000000 
50.000000 44.076487 38.465765 33.431145 29.150006 25.698598 23.059015 21.142617 19.820708 18.953599 18.412192 18.090089 17.907301 17.808251 17.756942 17.731508 17.719428 17.713926 17.711520 17.710509 17.710100 17.709940 17.709881 17.709859 17.709851 17.709849 17.709848 17.709847 17.709844 17.709838 17.709821 17.709773 17.709650 17.709340 17.708585 17.706810 17.702782 17.693957 17.675291 17.637184 17.562069 17.419103 17.156312 16.689877 15.891162 14.575003 12.500096 9.408633 5.158390 0.000000 
50.000000 43.095883 36.556361 30.688351 25.698598 21.675968 18.599577 16.366090 14.825493 13.814960 13.184020 12.808662 12.595660 12.480242 12.420457 12.390821 12.376747 12.370336 12.367533 12.366355 12.365879 12.365693 12.365624 12.365599 12.365590 12.365587 12.365586 12.365585 12.365582 12.365576 12.365560 12.365515 12.365399 12.365107 12.364401 12.362747 12.359016 12.350895 12.333860 12.299428 12.232400 12.106800 11.880420 11.488456 10.837984 9.807436 8.259445 6.080486 3.260626 0.000000 
50.000000 42.345907 35.096040 28.590673 23.059015 18.599577 15.189185 12.713263 11.005481 9.885315 9.185945 8.769890 8.533801 8.405878 8.339618 8.306774 8.291177 8.284073 8.280967 8.279662 8.279134 8.278929 8.278851 8.278824 8.278814 8.278810 8.278809 8.278808 8.278806 8.278801 8.278787 8.278749 8.278649 8.278402 8.277803 8.276410 8.273285 8.266530 8.252479 8.224363 8.170297 8.070482 7.893809 7.594592 7.111120 6.369138 5.294878 3.842321 2.034254 0.000000 
50.000000 41.801385 34.035779 27.067683 21.142617 16.366090 12.713263 10.061386 8.232279 7.032565 6.283550 5.837974 5.585142 5.448152 5.377198 5.342028 5.325328 5.317722 5.314396 5.312999 5.312434 5.312214 5.312131 5.312101 5.312091 5.312087 5.312086 5.312085 5.312083 5.312079 5.312068 5.312038 5.311960 5.311767 5.311301 5.310224 5.307821 5.302662 5.292019 5.270929 5.230838 5.157832 5.030693 4.819454 4.485670 3.986305 3.283294 2.359729 1.239524 0.000000 
50.000000 41.425762 33.304397 26.017121 19.820708 14.825493 11.005481 8.232279 6.319528 5.064979 4.281748 3.815831 3.551464 3.408228 3.334042 3.297271 3.279811 3.271859 3.268383 3.266922 3.266331 3.266101 3.266015 3.265984 3.265973 3.265969 3.265968 3.265967 3.265966 3.265963 3.265955 3.265933 3.265876 3.265736 3.265401 3.264628 3.262914 3.259259 3.251778 3.237089 3.209460 3.159764 3.074447 2.934999 2.718692 2.401605 1.964693 1.402654 0.733014 0.000000 
50.000000 41.179359 32.824626 25.327987 18.953599 13.814960 9.885315 7.032565 5.064979 3.774489 2.968836 2.489590 2.217668 2.070342 1.994039 1.956221 1.938264 1.930086 1.926511 1.925008 1.924401 1.924164 1.924076 1.924043 1.924032 1.924028 1.924027 1.924026 1.924026 1.924024 1.924018 1.924003 1.923965 1.923870 1.923644 1.923126 1.921985 1.919565 1.914649 1.905077 1.887244 1.855519 1.801727 1.715018 1.582560 1.391530 1.132647 0.804789 0.419097 0.000000 
50.000000 41.025500 32.525052 24.897693 18.412192 13.184020 9.185945 6.283550 4.281748 2.968836 2.149197 1.661641 1.385008 1.235133 1.157512 1.119041 1.100774 1.092455 1.088818 1.087290 1.086673 1.086432 1.086342 1.086309 1.086298 1.086294 1.086292 1.086292 1.086291 1.086290 1.086286 1.086277 1.086252 1.086192 1.086050 1.085724 1.085010 1.083505 1.080468 1.074599 1.063759 1.044660 1.012621 0.961582 0.884593 0.775009 0.628418 0.444956 0.231131 0.000000 
50.000000 40.933958 32.346815 24.641688 18.090089 12.808662 8.769890 5.837974 3.815831 2.489590 1.661641 1.169147 0.889717 0.738328 0.659924 0.621065 0.602615 0.594213 0.590540 0.588996 0.588372 0.588129 0.588038 0.588005 0.587994 0.587990 0.587988 0.587988 0.587988 0.587987 0.587985 0.587979 0.587964 0.587928 0.587843 0.587650 0.587229 0.586345 0.584574 0.581173 0.574941 0.564052 0.545955 0.517411 0.474803 0.414797 0.335349 0.236822 0.122789 0.000000 
50.000000 40.882006 32.245663 24.496406 17.907301 12.595660 8.533801 5.585142 3.551464 2.217668 1.385008 0.889717 0.608701 0.456455 0.377608 0.338530 0.319976 0.311527 0.307833 0.306281 0.305654 0.305409 0.305318 0.305284 0.305273 0.305269 0.305268 0.305267 0.305267 0.305266 0.305265 0.305262 0.305254 0.305233 0.305185 0.305077 0.304842 0.304351 0.303371 0.301503 0.298103 0.292205 0.282480 0.267271 0.244765 0.213344 0.172083 0.121278 0.062793 0.000000 
50.000000 40.853852 32.190848 24.417677 17.808251 12.480242 8.405878 5.448152 3.408228 2.070342 1.235133 0.738328 0.456455 0.303746 0.224659 0.185463 0.166852 0.158378 0.154673 0.153116 0.152487 0.152242 0.152150 0.152117 0.152105 0.152101 0.152100 0.152099 0.152099 0.152099 0.152098 0.152096 0.152092 0.152081 0.152055 0.151998 0.151873 0.151614 0.151099 0.150123 0.148357 0.145314 0.140331 0.132593 0.121226 0.105469 0.084915 0.059749 0.030902 0.000000 
50.000000 40.839267 32.162451 24.376894 17.756942 12.420457 8.339618 5.377198 3.334042 1.994039 1.157512 0.659924 0.377608 0.224659 0.145448 0.106191 0.087552 0.079064 0.075353 0.073794 0.073164 0.072919 0.072827 0.072793 0.072782 0.072778 0.072776 0.072776 0.072776 0.072776 0.072775 0.072774 0.072772 0.072766 0.072753 0.072724 0.072661 0.072531 0.072274 0.071788 0.070913 0.069414 0.066974 0.063208 0.057709 0.050132 0.040303 0.028323 0.014636 0.000000 
50.000000 40.832036 32.148374 24.356676 17.731508 12.390821 8.306774 5.342028 3.297271 1.956221 1.119041 0.621065 0.338530 0.185463 0.106191 0.066904 0.048250 0.039756 0.036042 0.034482 0.033851 0.033606 0.033514 0.033480 0.033469 0.033465 0.033463 0.033463 0.033463 0.033463 0.033462 0.033462 0.033461 0.033458 0.033452 0.033438 0.033407 0.033345 0.033222 0.032991 0.032577 0.031871 0.030727 0.028971 0.026420 0.022923 0.018406 0.012921 0.006673 0.000000 
50.000000 40.828602 32.141688 24.347073 17.719428 12.376747 8.291177 5.325328 3.279811 1.938264 1.100774 0.602615 0.319976 0.166852 0.087552 0.048250 0.029590 0.021092 0.017377 0.015817 0.015186 0.014940 0.014848 0.014814 0.014803 0.014799 0.014798 0.014797 0.014797 0.014797 0.014797 0.014797 0.014796 0.014795 0.014792 0.014785 0.014771 0.014743 0.014687 0.014581 0.014394 0.014075 0.013561 0.012775 0.011639 0.010088 0.008092 0.005676 0.002930 0.000000 
50.000000 40.827037 32.138642 24.342699 17.713926 12.370336 8.284073 5.317722 3.271859 1.930086 1.092455 0.594213 0.311527 0.158378 0.079064 0.039756 0.021092 0.012594 0.008878 0.007317 0.006686 0.006440 0.006348 0.006315 0.006303 0.006299 0.006298 0.006297 0.006297 0.006297 0.006297 0.006297 0.006297 0.006296 0.006295 0.006292 0.006286 0.006273 0.006249 0.006203 0.006121 0.005983 0.005762 0.005424 0.004938 0.004276 0.003427 0.002402 0.001239 0.000000 
50.000000 40.826353 32.137310 24.340787 17.711520 12.367533 8.280967 5.314396 3.268383 1.926511 1.088818 0.590540 0.307833 0.154673 0.075353 0.036042 0.017377 0.008878 0.005162 0.003601 0.002970 0.002724 0.002632 0.002599 0.002587 0.002583 0.002582 0.002581 0.002581 0.002581 0.002581 0.002581 0.002581 0.002581 0.002580 0.002579 0.002576 0.002571 0.002561 0.002542 0.002508 0.002450 0.002358 0.002219 0.002018 0.001747 0.001399 0.000980 0.000505 0.000000 
50.000000 40.826065 32.136750 24.339983 17.710509 12.366355 8.279662 5.312999 3.266922 1.925008 1.087290 0.588996 0.306281 0.153116 0.073794 0.034482 0.015817 0.007317 0.003601 0.002040 0.001409 0.001163 0.001071 0.001037 0.001026 0.001022 0.001020 0.001020 0.001020 0.001020 0.001020 0.001020 0.001020 0.001020 0.001020 0.001019 0.001018 0.001016 0.001012 0.001004 0.000990 0.000967 0.000931 0.000875 0.000796 0.000688 0.000551 0.000386 0.000199 0.000000 
50.000000 40.825949 32.136524 24.339658 17.710100 12.365879 8.279134 5.312434 3.266331 1.924401 1.086673 0.588372 0.305654 0.152487 0.073164 0.033851 0.015186 0.006686 0.002970 0.001409 0.000778 0.000532 0.000440 0.000406 0.000395 0.000391 0.000389 0.000389 0.000389 0.000389 0.000389 0.000389 0.000389 0.000389 0.000389 0.000388 0.000388 0.000387 0.000386 0.000383 0.000377 0.000368 0.000354 0.000333 0.000303 0.000262 0.000209 0.000146 0.000075 0.000000 
50.000000 40.825904 32.136435 24.339531 17.709941 12.365694 8.278929 5.312214 3.266101 1.924164 1.086432 0.588129 0.305409 0.152242 0.072919 0.033606 0.014940 0.006440 0.002724 0.001163 0.000532 0.000286 0.000194 0.000161 0.000149 0.000145 0.000144 0.000143 0.000143 0.000143 0.000143 0.000143 0.000143 0.000143 0.000143 0.000143 0.000143 0.000143 0.000142 0.000141 0.000139 0.000136 0.000130 0.000122 0.000111 0.000096 0.000077 0.000054 0.000028 0.000000 
50.000000 40.825887 32.136402 24.339484 17.709881 12.365624 8.278852 5.312131 3.266015 1.924076 1.086342 0.588038 0.305318 0.152150 0.072827 0.033514 0.014848 0.006348 0.002632 0.001071 0.000440 0.000194 0.000102 0.000069 0.000057 0.000053 0.000052 0.000051 0.000051 0.000051 0.000051 0.000051 0.000051 0.000051 0.000051 0.000051 0.000051 0.000051 0.000051 0.000050 0.000049 0.000048 0.000046 0.000044 0.000040 0.000034 0.000027 0.000019 0.000010 0.000000 
50.000000 40.825881 32.136391 24.339467 17.709859 12.365599 8.278824 5.312102 3.265984 1.924044 1.086310 0.588006 0.305285 0.152117 0.072794 0.033481 0.014815 0.006315 0.002599 0.001038 0.000407 0.000161 0.000069 0.000036 0.000024 0.000020 0.000019 0.000018 0.000018 0.000018 0.000018 0.000018 0.000018 0.000018 0.000018 0.000018 0.000018 0.000018 0.000018 0.000018 0.000018 0.000017 0.000016 0.000015 0.000014 0.000012 0.000010 0.000007 0.000003 0.000000 
50.000000 40.825879 32.136387 24.339461 17.709853 12.365591 8.278815 5.312092 3.265975 1.924034 1.086299 0.587996 0.305275 0.152107 0.072783 0.033470 0.014805 0.006305 0.002589 0.001028 0.000396 0.000151 0.000059 0.000025 0.000014 0.000010 0.000008 0.000008 0.000008 0.000008 0.000008 0.000008 0.000008 0.000008 0.000008 0.000008 0.000008 0.000008 0.000008 0.000008 0.000007 0.000007 0.000007 0.000007 0.000006 0.000005 0.000004 0.000003 0.000001 0.000000 
50.000000 40.825879 32.136387 24.339461 17.709853 12.365591 8.278815 5.312092 3.265975 1.924034 1.086299 0.587996 0.305275 0.152107 0.072783 0.033470 0.014805 0.006305 0.002589 0.001028 0.000396 0.000151 0.000059 0.000025 0.000014 0.000010 0.000008 0.000008 0.000008 0.000008 0.000008 0.000008 0.000008 0.000008 0.000008 0.000008 0.000008 0.000008 0.000008 0.000008 0.000007 0.000007 0.000007 0.000007 0.000006 0.000005 0.000004 0.000003 0.000001 0.000000 
50.000000 40.825881 32.136391 24.339467 17.709859 12.365599 8.278824 5.312102 3.265984 1.924044 1.086310 0.588006 0.305285 0.152117 0.072794 0.033481 0.014815 0.006315 0.002599 0.001038 0.000407 0.000161 0.000069 0.000036 0.000024 0.000020 0.000019 0.000018 0.000018 0.000018 0.000018 0.000018 0.000018 0.000018 0.000018 0.000018 0.000018 0.000018 0.000018 0.000018 0.000018 0.000017 0.000016 0.000015 0.000014 0.000012 0.000010 0.000007 0.000003 0.000000 
50.000000 40.825887 32.136402 24.339484 17.709881 12.365624 8.278852 5.312131 3.266015 1.924076 1.086342 0.588038 0.305318 0.152150 0.072827 0.033514 0.014848 0.006348 0.002632 0.001071 0.000440 0.000194 0.000102 0.000069 0.000057 0.000053 0.000052 0.000051 0.000051 0.000051 0.000051 0.000051 0.000051 0.000051 0.000051 0.000051 0.000051 0.000051 0.000051 0.000050 0.000049 0.000048 0.000046 0.000044 0.000040 0.000034 0.000027 0.000019 0.000010 0.000000 
50.000000 40.825904 32.136435 24.339531 17.709941 12.365694 8.278929 5.312214 3.266101 1.924164 1.086432 0.588129 0.305409 0.152242 0.072919 0.033606 0.014940 0.006440 0.002724 0.001163 0.000532 0.000286 0.000194 0.000161 0.000149 0.000145 0.000144 0.000143 0.000143 0.000143 0.000143 0.000143 0.000143 0.000143 0.000143 0.000143 0.000143 0.000143 0.000142 0.000141 0.000139 0.000136 0.000130 0.000122 0.000111 0.000096 0.000077 0.000054 0.000028 0.000000 
50.000000 40.825949 32.136524 24.339658 17.710100 12.365879 8.279134 5.312434 3.266331 1.924401 1.086673 0.588372 0.305654 0.152487 0.073164 0.033851 0.015186 0.006686 0.002970 0.001409 0.000778 0.000532 0.000440 0.000406 0.000395 0.000391 0.000389 0.000389 0.000389 0.000389 0.000389 0.000389 0.000389 0.000389 0.000389 0.000388 0.000388 0.000387 0.000386 0.000383 0.000377 0.000368 0.000354 0.000333 0.000303 0.000262 0.000209 0.000146 0.000075 0.000000 
50.000000 40.826065 32.136750 24.339983 17.710509 12.366355 8.279662 5.312999 3.266922 1.925008 1.087290 0.588996 0.306281 0.153116 0.073794 0.034482 0.015817 0.007317 0.003601 0.002040 0.001409 0.001163 0.001071 0.001037 0.001026 0.001022 0.001020 0.001020 0.001020 0.001020 0.001020 0.001020 0.001020 0.001020 0.001020 0.001019 0.001018 0.001016 0.001012 0.001004 0.000990 0.000967 0.000931 0.000875 0.000796 0.000688 0.000551 0.000386 0.000199 0.000000 
50.000000 40.826353 32.137310 24.340787 17.711520 12.367533 8.280967 5.314396 3.268383 1.926511 1.088818 0.590540 0.307833 0.154673 0.075353 0.036042 0.017377 0.008878 0.005162 0.003601 0.002970 0.002724 0.002632 0.002599 0.002587 0.002583 0.002582 0.002581 0.002581 0.002581 0.002581 0.002581 0.002581 0.002581 0.002580 0.002579 0.002576 0.002571 0.002561 0.002542 0.002508 0.002450 0.002358 0.002219 0.002018 0.001747 0.001399 0.000980 0.000505 0.000000 
50.000000 40.827037 32.138642 24.342699 17.713926 12.370336 8.284073 5.317722 3.271859 1.930086 1.092455 0.594213 0.311527 0.158378 0.079064 0.039756 0.021092 0.012594 0.008878 0.007317 0.006686 0.006440 0.006348 0.006315 0.006303 0.006299 0.006298 0.006297 0.006297 0.006297 0.006297 0.006297 0.006297 0.006296 0.006295 0.006292 0.006286 0.006273 0.006249 0.006203 0.006121 0.005983 0.005762 0.005424 0.004938 0.004276 0.003427 0.002402 0.001239 0.000000 
50.000000 40.828602 32.141688 24.347073 17.719428 12.376747 8.291177 5.325328 3.279811 1.938264 1.100774 0.602615 0.319976 0.166852 0.087552 0.048250 0.029590 0.021092 0.017377 0.015817 0.015186 0.014940 0.014848 0.014814 0.014803 0.014799 0.014798 0.014797 0.014797 0.014797 0.014797 0.014797 0.014796 0.014795 0.014792 0.014785 0.014771 0.014743 0.014687 0.014581 0.014394 0.014075 0.013561 0.012775 0.011639 0.010088 0.008092 0.005676 0.002930 0.000000 
50.000000 40.832036 32.148374 24.356676 17.731508 12.390821 8.306774 5.342028 3.297271 1.956221 1.119041 0.621065 0.338530 0.185463 0.106191 0.066904 0.048250 0.039756 0.036042 0.034482 0.033851 0.033606 0.033514 0.033480 0.033469 0.033465 0.033463 0.033463 0.033463 0.033463 0.033462 0.033462 0.033461 0.033458 0.033452 0.033438 0.033407 0.033345 0.033222 0.032991 0.032577 0.031871 0.030727 0.028971 0.026420 0.022923 0.018406 0.012921 0.006673 0.000000 
50.000000 40.839267 32.162451 24.376894 17.756942 12.420457 8.339618 5.377198 3.334042 1.994039 1.157512 0.659924 0.377608 0.224659 0.145448 0.106191 0.087552 0.079064 0.075353 0.073794 0.073164 0.072919 0.072827 0.072793 0.072782 0.072778 0.072776 0.072776 0.072776 0.072776 0.072775 0.072774 0.072772 0.072766 0.072753 0.072724 0.072661 0.072531 0.072274 0.071788 0.070913 0.069414 0.066974 0.063208 0.057709 0.050132 0.040303 0.028323 0.014636 0.000000 
50.000000 40.853852 32.190848 24.417677 17.808251 12.480242 8.405878 5.448152 3.408228 2.070342 1.235133 0.738328 0.456455 0.303746 0.224659 0.185463 0.166852 0.158378 0.154673 0.153116 0.152487 0.152242 0.152150 0.152117 0.152105 0.152101 0.152100 0.152099 0.152099 0.152099 0.152098 0.152096 0.152092 0.152081 0.152055 0.151998 0.151873 0.151614 0.151099 0.150123 0.148357 0.145314 0.140331 0.132593 0.121226 0.105469 0.084915 0.059749 0.030902 0.000000 
50.000000 40.882006 32.245663 24.496406 17.907301 12.595660 8.533801 5.585142 3.551464 2.217668 1.385008 0.889717 0.608701 0.456455 0.377608 0.338530 0.319976 0.311527 0.307833 0.306281 0.305654 0.305409 0.305318 0.305284 0.305273 0.305269 0.305268 0.305267 0.305267 0.305266 0.305265 0.305262 0.305254 0.305233 0.305185 0.305077 0.304842 0.304351 0.303371 0.301503 0.298103 0.292205 0.282480 0.267271 0.244765 0.213344 0.172083 0.121278 0.062793 0.000000 
50.000000 40.933958 32.346815 24.641688 18.090089 12.808662 8.769890 5.837974 3.815831 2.489590 1.661641 1.169147 0.889717 0.738328 0.659924 0.621065 0.602615 0.594213 0.590540 0.588996 0.588372 0.588129 0.588038 0.588005 0.587994 0.587990 0.587988 0.587988 0.587988 0.587987 0.587985 0.587979 0.587964 0.587928 0.587843 0.587650 0.587229 0.586345 0.584574 0.581173 0.574941 0.564052 0.545955 0.517411 0.474803 0.414797 0.335349 0.236822 0.122789 0.000000 
50.000000 41.025500 32.525052 24.897693 18.412192 13.184020 9.185945 6.283550 4.281748 2.968836 2.149197 1.661641 1.385008 1.235133 1.157512 1.119041 1.100774 1.092455 1.088818 1.087290 1.086673 1.086432 1.086342 1.086309 1.086298 1.086294 1.086292 1.086292 1.086291 1.086290 1.086286 1.086277 1.086252 1.086192 1.086050 1.085724 1.085010 1.083505 1.080468 1.074599 1.063759 1.044660 1.012621 0.961582 0.884593 0.775009 0.628418 0.444956 0.231131 0.000000 
50.000000 41.179359 32.824626 25.327987 18.953599 13.814960 9.885315 7.032565 5.064979 3.774489 2.968836 2.489590 2.217668 2.070342 1.994039 1.956221 1.938264 1.930086 1.926511 1.925008 1.924401 1.924164 1.924076 1.924043 1.924032 1.924028 1.924027 1.924026 1.924026 1.924024 1.924018 1.924003 1.923965 1.923870 1.923644 1.923126 1.921985 1.919565 1.914649 1.905077 1.887244 1.855519 1.801727 1.715018 1.582560 1.391530 1.132647 0.804789 0.419097 0.000000 
50.000000 41.425762 33.304397 26.017121 19.820708 14.825493 11.005481 8.232279 6.319528 5.064979 4.281748 3.815831 3.551464 3.408228 3.334042 3.297271 3.279811 3.271859 3.268383 3.266922 3.266331 3.266101 3.266015 3.265984 3.265973 3.265969 3.265968 3.265967 3.265966 3.265963 3.265955 3.265933 3.265876 3.265736 3.265401 3.264628 3.262914 3.259259 3.251778 3.237089 3.209460 3.159764 3.074447 2.934999 2.718692 2.401605 1.964693 1.402654 0.733014 0.000000 
50.000000 41.801385 34.035779 27.067683 21.142617 16.366090 12.713263 10.061386 8.232279 7.032565 6.283550 5.837974 5.585142 5.448152 5.377198 5.342028 5.325328 5.317722 5.314396 5.312999 5.312434 5.312214 5.312131 5.312101 5.312091 5.312087 5.312086 5.312085 5.312083 5.312079 5.312068 5.312038 5.311960 5.311767 5.311301 5.310224 5.307821 5.302662 5.292019 5.270929 5.230838 5.157832 5.030693 4.819454 4.485670 3.986305 3.283294 2.359729 1.239524 0.000000 
50.000000 42.345907 35.096040 28.590673 23.059015 18.599577 15.189185 12.713263 11.005481 9.885315 9.185945 8.769890 8.533801 8.405878 8.339618 8.306774 8.291177 8.284073 8.280967 8.279662 8.279134 8.278929 8.278851 8.278824 8.278814 8.278810 8.278809 8.278808 8.278806 8.278801 8.278787 8.278749 8.278649 8.278402 8.277803 8.276410 8.273285 8.266530 8.252479 8.224363 8.170297 8.070482 7.893809 7.594592 7.111120 6.369138 5.294878 3.842321 2.034254 0.000000 
50.000000 43.095883 36.556361 30.688351 25.698598 21.675968 18.599577 16.366090 14.825493 13.814960 13.184020 12.808662 12.595660 12.480242 12.420457 12.390821 12.376747 12.370336 12.367533 12.366355 12.365879 12.365693 12.365624 12.365599 12.365590 12.365587 12.365586 12.365585 12.365582 12.365576 12.365560 12.365515 12.365399 12.365107 12.364401 12.362747 12.359016 12.350895 12.333860 12.299428 12.232400 12.106800 11.880420 11.488456 10.837984 9.807436 8.259445 6.080486 3.260626 0.000000 
50.000000 44.076487 38.465765 33.431145 29.150006 25.698598 23.059015 21.142617 19.820708 18.953599 18.412192 18.090089 17.907301 17.808251 17.756942 17.731508 17.719428 17.713926 17.711520 17.710509 17.710100 17.709940 17.709881 17.709859 17.709851 17.709849 17.709848 17.709847 17.709844 17.709838 17.709821 17.709773 17.709650 17.709340 17.708585 17.706810 17.702782 17.693957 17.675291 17.637184 17.562069 17.419103 17.156312 16.689877 15.891162 14.575003 12.500096 9.408633 5.158390 0.000000 
50.000000 45.292797 40.834144 36.833276 33.431145 30.688351 28.590673 27.067683 26.017121 25.327987 24.897693 24.641688 24.496406 24.417677 24.376894 24.356676 24.347073 24.342699 24.340787 24.339983 24.339658 24.339531 24.339484 24.339466 24.339460 24.339458 24.339457 24.339456 24.339454 24.339448 24.339432 24.339388 24.339273 24.338981 24.338270 24.336591 24.332762 24.324323 24.306339 24.269275 24.195340 24.052428 23.784389 23.295795 22.428906 20.931049 18.416638 14.354537 8.200008 0.000000 
50.000000 46.723148 43.619312 40.834144 38.465765 36.556361 35.096040 34.035779 33.304397 32.824626 32.525052 32.346815 32.245663 32.190848 32.162451 32.148374 32.141688 32.138642 32.137310 32.136750 32.136524 32.136435 32.136402 32.136390 32.136386 32.136385 32.136384 32.136383 32.136382 32.136377 32.136364 32.136330 32.136240 32.136011 32.135452 32.134129 32.131098 32.124386 32.109993 32.080096 32.019836 31.901743 31.676050 31.253719 30.475876 29.057132 26.479608 21.809656 13.501147 0.000000 
50.000000 48.317148 46.723148 45.292797 44.076487 43.095883 42.345907 41.801385 41.425762 41.179359 41.025500 40.933958 40.882006 40.853852 40.839267 40.832036 40.828602 40.827037 40.826353 40.826065 40.825949 40.825904 40.825887 40.825881 40.825878 40.825878 40.825877 40.825877 40.825876 40.825874 40.825867 40.825848 40.825798 40.825672 40.825363 40.824631 40.822949 40.819213 40.811169 40.794369 40.760261 40.692748 40.561860 40.311653 39.835258 38.918097 37.092789 33.222001 24.158574 0.000000 
50.000000 50.000000 50.000000 50.000000 50.000000 50.000000 50.000000 50.000000 50.000000 50.000000 50.000000 50.000000 50.000000 50.000000 50.000000 50.000000 50.000000 50.000000 50.000000 50.000000 50.000000 50.000000 50.000000 50.000000 50.000000 50.000000 50.000000 50.000000 50.000000 50.000000 50.000000 50.000000 50.000000 50.000000 50.000000 50.000000 50.000000 50.000000 50.000000 50.000000 50.000000 50.000000 50.000000 50.000000 50.000000 50.000000 50.000000 50.000000 50.000000 50.000000 
