50.000000 50.000000 50.000000 50.000000 50.000000 50.000000 50.000000 50.000000 50.000000 50.000000 50.000000 50.000000 50.000000 50.000000 50.000000 50.000000 50.000000 50.000000 50.000000 50.000000 50.000000 50.000000 50.000000 50.000000 50.000000 50.000000 50.000000 50.000000 50.000000 50.000000 50.000000 50.000000 50.000000 50.000000 50.000000 50.000000 50.000000 50.000000 50.000000 50.000000 50.000000 50.000000 50.000000 50.000000 50.000000 50.000000 50.000000 50.000000 50.000000 50.000000 
50.000000 38.467718 30.970953 27.549593 26.375095 26.056010 25.984826 25.971425 25.969252 25.968943 25.968904 25.968900 25.968899 25.968899 25.968899 25.968899 25.968899 25.968899 25.968899 25.968899 25.968899 25.968899 25.968899 25.968899 25.968899 25.968899 25.968899 25.968899 25.968899 25.968899 25.968899 25.968899 25.968899 25.968899 25.968899 25.968899 25.968899 25.968899 25.968899 25.968899 25.968897 25.968875 25.968698 25.967373 25.958530 25.906201 25.633021 24.376190 19.233859 0.000000 
50.000000 30.970953 18.608050 12.971070 11.038117 10.513615 10.396758 10.374788 10.371229 10.370724 10.370661 10.370654 10.370653 10.370653 10.370653 10.370653 10.370653 10.370653 10.370653 10.370653 10.370653 10.370653 10.370653 10.370653 10.370653 10.370653 10.370653 10.370653 10.370653 10.370653 10.370653 10.370653 10.370653 10.370653 10.370653 10.370653 10.370653 10.370653 10.370653 10.370653 10.370650 10.370632 10.370480 10.369367 10.362143 10.321182 10.121574 9.304025 6.594763 0.000000 
50.000000 27.549593 12.971070 6.328953 4.053420 3.436580 3.299296 3.273515 3.269343 3.268752 3.268678 3.268669 3.268669 3.268669 3.268668 3.268668 3.268668 3.268668 3.268668 3.268668 3.268668 3.268668 3.268668 3.268668 3.268668 3.268668 3.268668 3.268668 3.268668 3.268668 3.268668 3.268668 3.268668 3.268668 3.268668 3.268668 3.268668 3.268668 3.268668 3.268668 3.268667 3.268659 3.268589 3.268081 3.264850 3.247091 3.164476 2.849495 1.916573 0.000000 
50.000000 26.375095 11.038117 4.053420 1.661735 1.013767 0.869639 0.842588 0.838214 0.837595 0.837517 0.837508 0.837507 0.837507 0.837507 0.837507 0.837507 0.837507 0.837507 0.837507 0.837507 0.837507 0.837507 0.837507 0.837507 0.837507 0.837507 0.837507 0.837507 0.837507 0.837507 0.837507 0.837507 0.837507 0.837507 0.837507 0.837507 0.837507 0.837507 0.837507 0.837507 0.837504 0.837482 0.837320 0.836309 0.830867 0.806329 0.716935 0.468893 0.000000 
50.000000 26.056010 10.513615 3.436580 1.013767 0.357510 0.211572 0.184188 0.179761 0.179134 0.179055 0.179046 0.179045 0.179045 0.179045 0.179045 0.179045 0.179045 0.179045 0.179045 0.179045 0.179045 0.179045 0.179045 0.179045 0.179045 0.179045 0.179045 0.179045 0.179045 0.179045 0.179045 0.179045 0.179045 0.179045 0.179045 0.179045 0.179045 0.179045 0.179045 0.179045 0.179045 0.179039 0.179000 0.178755 0.177458 0.171730 0.151473 0.097479 0.000000 
50.000000 25.984826 10.396758 3.299296 0.869639 0.211572 0.065241 0.037785 0.033347 0.032718 0.032639 0.032630 0.032630 0.032629 0.032629 0.032629 0.032629 0.032629 0.032629 0.032629 0.032629 0.032629 0.032629 0.032629 0.032629 0.032629 0.032629 0.032629 0.032629 0.032629 0.032629 0.032629 0.032629 0.032629 0.032629 0.032629 0.032629 0.032629 0.032629 0.032629 0.032629 0.032629 0.032628 0.032620 0.032572 0.032319 0.031216 0.027391 0.017454 0.000000 
50.000000 25.971425 10.374788 3.273515 0.842588 0.184188 0.037785 0.010316 0.005876 0.005247 0.005168 0.005159 0.005158 0.005158 0.005158 0.005158 0.005158 0.005158 0.005158 0.005158 0.005158 0.005158 0.005158 0.005158 0.005158 0.005158 0.005158 0.005158 0.005158 0.005158 0.005158 0.005158 0.005158 0.005158 0.005158 0.005158 0.005158 0.005158 0.005158 0.005158 0.005158 0.005158 0.005158 0.005157 0.005149 0.005107 0.004926 0.004308 0.002728 0.000000 
50.000000 25.969252 10.371229 3.269343 0.838214 0.179761 0.033347 0.005876 0.001435 0.000806 0.000727 0.000718 0.000718 0.000717 0.000717 0.000717 0.000717 0.000717 0.000717 0.000717 0.000717 0.000717 0.000717 0.000717 0.000717 0.000717 0.000717 0.000717 0.000717 0.000717 0.000717 0.000717 0.000717 0.000717 0.000717 0.000717 0.000717 0.000717 0.000717 0.000717 0.000717 0.000717 0.000717 0.000717 0.000716 0.000710 0.000684 0.000597 0.000377 0.000000 
50.000000 25.968943 10.370724 3.268752 0.837595 0.179134 0.032718 0.005247 0.000806 0.000178 0.000099 0.000090 0.000089 0.000089 0.000089 0.000089 0.000089 0.000089 0.000089 0.000089 0.000089 0.000089 0.000089 0.000089 0.000089 0.000089 0.000089 0.000089 0.000089 0.000089 0.000089 0.000089 0.000089 0.000089 0.000089 0.000089 0.000089 0.000089 0.000089 0.000089 0.000089 0.000089 0.000089 0.000089 0.000089 0.000088 0.000085 0.000074 0.000046 0.000000 
50.000000 25.968904 10.370661 3.268678 0.837517 0.179055 0.032639 0.005168 0.000727 0.000099 0.000020 0.000011 0.000010 0.000010 0.000010 0.000010 0.000010 0.000010 0.000010 0.000010 0.000010 0.000010 0.000010 0.000010 0.000010 0.000010 0.000010 0.000010 0.000010 0.000010 0.000010 0.000010 0.000010 0.000010 0.000010 0.000010 0.000010 0.000010 0.000010 0.000010 0.000010 0.000010 0.000010 0.000010 0.000010 0.000010 0.000009 0.000008 0.000005 0.000000 
50.000000 25.968900 10.370654 3.268669 0.837508 0.179046 0.032630 0.005159 0.000718 0.000090 0.000011 0.000002 0.000001 0.000001 0.000001 0.000001 0.000001 0.000001 0.000001 0.000001 0.000001 0.000001 0.000001 0.000001 0.000001 0.000001 0.000001 0.000001 0.000001 0.000001 0.000001 0.000001 0.000001 0.000001 0.000001 0.000001 0.000001 0.000001 0.000001 0.000001 0.000001 0.000001 0.000001 0.000001 0.000001 0.000001 0.000001 0.000001 0.000001 0.000000 
50.000000 25.968899 10.370653 3.268669 0.837507 0.179045 0.032630 0.005158 0.000718 0.000089 0.000010 0.000001 0.000000 0.000000 0.000000 0.000000 0.000000 0.000000 0.000000 0.000000 0.000000 0.000000 0.000000 0.000000 0.000000 0.000000 0.000000 0.000000 0.000000 0.000000 0.000000 0.000000 0.000000 0.000000 0.000000 0.000000 0.000000 0.000000 0.000000 0.000000 0.000000 0.000000 0.000000 0.000000 0.000000 0.000000 0.000000 0.000000 0.000000 0.000000 
50.000000 25.968899 10.370653 3.268669 0.837507 0.179045 0.032629 0.005158 0.000717 0.000089 0.000010 0.000001 0.000000 0.000000 0.000000 0.000000 0.000000 0.000000 0.000000 0.000000 0.000000 0.000000 0.000000 0.000000 0.000000 0.000000 0.000000 0.000000 0.000000 0.000000 0.000000 0.000000 0.000000 0.000000 0.000000 0.000000 0.000000 0.000000 0.000000 0.000000 0.000000 0.000000 0.000000 0.000000 0.000000 0.000000 0.000000 0.000000 0.000000 0.000000 
50.000000 25.968899 10.370653 3.268668 0.837507 0.179045 0.032629 0.005158 0.000717 0.000089 0.000010 0.000001 0.000000 0.000000 0.000000 0.000000 0.000000 0.000000 0.000000 0.000000 0.000000 0.000000 0.000000 0.000000 0.000000 0.000000 0.000000 0.000000 0.000000 0.000000 0.000000 0.000000 0.000000 0.000000 0.000000 0.000000 0.000000 0.000000 0.000000 0.000000 0.000000 0.000000 0.000000 0.000000 0.000000 0.000000 0.000000 0.000000 0.000000 0.000000 
50.000000 25.968899 10.370653 3.268668 0.837507 0.179045 0.032629 0.005158 0.000717 0.000089 0.000010 0.000001 0.000000 0.000000 0.000000 0.000000 0.000000 0.000000 0.000000 0.000000 0.000000 0.000000 0.000000 0.000000 0.000000 0.000000 0.000000 0.000000 0.000000 0.000000 0.000000 0.000000 0.000000 0.000000 0.000000 0.000000 0.000000 0.000000 0.000000 0.000000 0.000000 0.000000 0.000000 0.000000 0.000000 0.000000 0.000000 0.000000 0.000000 0.000000 
50.000000 25.968899 10.370653 3.268668 0.837507 0.179045 0.032629 0.005158 0.000717 0.000089 0.000010 0.000001 0.000000 0.000000 0.000000 0.000000 0.000000 0.000000 0.000000 0.000000 0.000000 0.000000 0.000000 0.000000 0.000000 0.000000 0.000000 0.000000 0.000000 0.000000 0.000000 0.000000 0.000000 0.000000 0.000000 0.000000 0.000000 0.000000 0.000000 0.000000 0.000000 0.000000 0.000000 0.000000 0.000000 0.000000 0.000000 0.000000 0.000000 0.000000 
50.000000 25.968899 10.370653 3.268668 0.837507 0.179045 0.032629 0.005158 0.000717 0.000089 0.000010 0.000001 0.000000 0.000000 0.000000 0.000000 0.000000 0.000000 0.000000 0.000000 0.000000 0.000000 0.000000 0.000000 0.000000 0.000000 0.000000 0.000000 0.000000 0.000000 0.000000 0.000000 0.000000 0.000000 0.000000 0.000000 0.000000 0.000000 0.000000 0.000000 0.000000 0.000000 0.000000 0.000000 0.000000 0.000000 0.000000 0.000000 0.000000 0.000000 
50.000000 25.968899 10.370653 3.268668 0.837507 0.179045 0.032629 0.005158 0.000717 0.000089 0.000010 0.000001 0.000000 0.000000 0.000000 0.000000 0.000000 0.000000 0.000000 0.000000 0.000000 0.000000 0.000000 0.000000 0.000000 0.000000 0.000000 0.000000 0.000000 0.000000 0.000000 0.000000 0.000000 0.000000 0.000000 0.000000 0.000000 0.000000 0.000000 0.000000 0.000000 0.000000 0.000000 0.000000 0.000000 0.000000 0.000000 0.000000 0.000000 0.000000 
50.000000 25.968899 10.370653 3.268668 0.837507 0.179045 0.032629 0.005158 0.000717 0.000089 0.000010 0.000001 0.000000 0.000000 0.000000 0.000000 0.000000 0.000000 0.000000 0.000000 0.000000 0.000000 0.000000 0.000000 0.000000 0.000000 0.000000 0.000000 0.000000 0.000000 0.000000 0.000000 0.000000 0.000000 0.000000 0.000000 0.000000 0.000000 0.000000 0.000000 0.000000 0.000000 0.000000 0.000000 0.000000 0.000000 0.000000 0.000000 0.000000 0.000000 
50.000000 25.968899 10.370653 3.268668 0.837507 0.179045 0.032629 0.005158 0.000717 0.000089 0.000010 0.000001 0.000000 0.000000 0.000000 0.000000 0.000000 0.000000 0.000000 0.000000 0.000000 0.000000 0.000000 0.000000 0.000000 0.000000 0.000000 0.000000 0.000000 0.000000 0.000000 0.000000 0.000000 0.000000 0.000000 0.000000 0.000000 0.000000 0.000000 0.000000 0.000000 0.000000 0.000000 0.000000 0.000000 0.000000 0.000000 0.000000 0.000000 0.000000 
50.000000 25.968899 10.370653 3.268668 0.837507 0.179045 0.032629 0.005158 0.000717 0.000089 0.000010 0.000001 0.000000 0.000000 0.000000 0.000000 0.000000 0.000000 0.000000 0.000000 0.000000 0.000000 0.000000 0.000000 0.000000 0.000000 0.000000 0.000000 0.000000 0.000000 0.000000 0.000000 0.000000 0.000000 0.000000 0.000000 0.000000 0.000000 0.000000 0.000000 0.000000 0.000000 0.000000 0.000000 0.000000 0.000000 0.000000 0.000000 0.000000 0.000000 
50.000000 25.968899 10.370653 3.268668 0.837507 0.179045 0.032629 0.005158 0.000717 0.000089 0.000010 0.000001 0.000000 0.000000 0.000000 0.000000 0.000000 0.000000 0.000000 0.000000 0.000000 0.000000 0.000000 0.000000 0.000000 0.000000 0.000000 0.000000 0.000000 0.000000 0.000000 0.000000 0.000000 0.000000 0.000000 0.000000 0.000000 0.000000 0.000000 0.000000 0.000000 0.000000 0.000000 0.000000 0.000000 0.000000 0.000000 0.000000 0.000000 0.000000 
50.000000 25.968899 10.370653 3.268668 0.837507 0.179045 0.032629 0.005158 0.000717 0.000089 0.000010 0.000001 0.000000 0.000000 0.000000 0.000000 0.000000 0.000000 0.000000 0.000000 0.000000 0.000000 0.000000 0.000000 0.000000 0.000000 0.000000 0.000000 0.000000 0.000000 0.000000 0.000000 0.000000 0.000000 0.000000 0.000000 0.000000 0.000000 0.000000 0.000000 0.000000 0.000000 0.000000 0.000000 0.000000 0.000000 0.000000 0.000000 0.000000 0.000000 
50.000000 25.968899 10.370653 3.268668 0.837507 0.179045 0.032629 0.005158 0.000717 0.000089 0.000010 0.000001 0.000000 0.000000 0.000000 0.000000 0.000000 0.000000 0.000000 0.000000 0.000000 0.000000 0.000000 0.000000 0.000000 0.000000 0.000000 0.000000 0.000000 0.000000 0.000000 0.000000 0.000000 0.000000 0.000000 0.000000 0.000000 0.000000 0.000000 0.000000 0.000000 0.000000 0.000000 0.000000 0.000000 0.000000 0.000000 0.000000 0.000000 0.000000 
50.000000 25.968899 10.370653 3.268668 0.837507 0.179045 0.032629 0.005158 0.000717 0.000089 0.000010 0.000001 0.000000 0.000000 0.000000 0.000000 0.000000 0.000000 0.000000 0.000000 0.000000 0.000000 0.000000 0.000000 0.000000 0.000000 0.000000 0.000000 0.000000 0.000000 0.000000 0.000000 0.000000 0.000000 0.000000 0.000000 0.000000 0.000000 0.000000 0.000000 0.000000 0.000000 0.000000 0.000000 0.000000 0.000000 0.000000 0.000000 0.000000 0.000000 
50.000000 25.968899 10.370653 3.268668 0.837507 0.179045 0.032629 0.005158 0.000717 0.000089 0.000010 0.000001 0.000000 0.000000 0.000000 0.000000 0.000000 0.000000 0.000000 0.000000 0.000000 0.000000 0.000000 0.000000 0.000000 0.000000 0.000000 0.000000 0.000000 0.000000 0.000000 0.000000 0.000000 0.000000 0.000000 0.000000 0.000000 0.000000 0.000000 0.000000 0.000000 0.000000 0.000000 0.000000 0.000000 0.000000 0.000000 0.000000 0.000000 0.000000 
50.000000 25.968899 10.370653 3.268668 0.837507 0.179045 0.032629 0.005158 0.000717 0.000089 0.000010 0.000001 0.000000 0.000000 0.000000 0.000000 0.000000 0.000000 0.000000 0.000000 0.000000 0.000000 0.000000 0.000000 0.000000 0.000000 0.000000 0.000000 0.000000 0.000000 0.000000 0.000000 0.000000 0.000000 0.000000 0.000000 0.000000 0.000000 0.000000 0.000000 0.000000 0.000000 0.000000 0.000000 0.000000 0.000000 0.000000 0.000000 0.000000 0.000000 
50.000000 25.968899 10.370653 3.268668 0.837507 0.179045 0.032629 0.005158 0.000717 0.000089 0.000010 0.000001 0.000000 0.000000 0.000000 0.000000 0.000000 0.000000 0.000000 0.000000 0.000000 0.000000 0.000000 0.000000 0.000000 0.000000 0.000000 0.000000 0.000000 0.000000 0.000000 0.000000 0.000000 0.000000 0.000000 0.000000 0.000000 0.000000 0.000000 0.000000 0.000000 0.000000 0.000000 0.000000 0.000000 0.000000 0.000000 0.000000 0.000000 0.000000 
50.000000 25.968899 10.370653 3.268668 0.837507 0.179045 0.032629 0.005158 0.000717 0.000089 0.000010 0.000001 0.000000 0.000000 0.000000 0.000000 0.000000 0.000000 0.000000 0.000000 0.000000 0.000000 0.000000 0.000000 0.000000 0.000000 0.000000 0.000000 0.000000 0.000000 0.000000 0.000000 0.000000 0.000000 0.000000 0.000000 0.000000 0.000000 0.000000 0.000000 0.000000 0.000000 0.000000 0.000000 0.000000 0.000000 0.000000 0.000000 0.000000 0.000000 
50.000000 25.968899 10.370653 3.268668 0.837507 0.179045 0.032629 0.005158 0.000717 0.000089 0.000010 0.000001 0.000000 0.000000 0.000000 0.000000 0.000000 0.000000 0.000000 0.000000 0.000000 0.000000 0.000000 0.000000 0.000000 0.000000 0.000000 0.000000 0.000000 0.000000 0.000000 0.000000 0.000000 0.000000 0.000000 0.000000 0.000000 0.000000 0.000000 0.000000 0.000000 0.000000 0.000000 0.000000 0.000000 0.000000 0.000000 0.000000 0.000000 0.000000 
50.000000 25.968899 10.370653 3.268668 0.837507 0.179045 0.032629 0.005158 0.000717 0.000089 0.000010 0.000001 0.000000 0.000000 0.000000 0.000000 0.000000 0.000000 0.000000 0.000000 0.000000 0.000000 0.000000 0.000000 0.000000 0.000000 0.000000 0.000000 0.000000 0.000000 0.000000 0.000000 0.000000 0.000000 0.000000 0.000000 0.000000 0.000000 0.000000 0.000000 0.000000 0.000000 0.000000 0.000000 0.000000 0.000000 0.000000 0.000000 0.000000 0.000000 
50.000000 25.968899 10.370653 3.268668 0.837507 0.179045 0.032629 0.005158 0.000717 0.000089 0.000010 0.000001 0.000000 0.000000 0.000000 0.000000 0.000000 0.000000 0.000000 0.000000 0.000000 0.000000 0.000000 0.000000 0.000000 0.000000 0.000000 0.000000 0.000000 0.000000 0.000000 0.000000 0.000000 0.000000 0.000000 0.000000 0.000000 0.000000 0.000000 0.000000 0.000000 0.000000 0.000000 0.000000 0.000000 0.000000 0.000000 0.000000 0.000000 0.000000 
50.000000 25.968899 10.370653 3.268668 0.837507 0.179045 0.032629 0.005158 0.000717 0.000089 0.000010 0.000001 0.000000 0.000000 0.000000 0.000000 0.000000 0.000000 0.000000 0.000000 0.000000 0.000000 0.000000 0.000000 0.000000 0.000000 0.000000 0.000000 0.000000 0.000000 0.000000 0.000000 0.000000 0.000000 0.000000 0.000000 0.000000 0.000000 0.000000 0.000000 0.000000 0.000000 0.000000 0.000000 0.000000 0.000000 0.000000 0.000000 0.000000 0.000000 
50.000000 25.968899 10.370653 3.268668 0.837507 0.179045 0.032629 0.005158 0.000717 0.000089 0.000010 0.000001 0.000000 0.000000 0.000000 0.000000 0.000000 0.000000 0.000000 0.000000 0.000000 0.000000 0.000000 0.000000 0.000000 0.000000 0.000000 0.000000 0.000000 0.000000 0.000000 0.000000 0.000000 0.000000 0.000000 0.000000 0.000000 0.000000 0.000000 0.000000 0.000000 0.000000 0.000000 0.000000 0.000000 0.000000 0.000000 0.000000 0.000000 0.000000 
50.000000 25.968899 10.370653 3.268668 0.837507 0.179045 0.032629 0.005158 0.000717 0.000089 0.000010 0.000001 0.000000 0.000000 0.000000 0.000000 0.000000 0.000000 0.000000 0.000000 0.000000 0.000000 0.000000 0.000000 0.000000 0.000000 0.000000 0.000000 0.000000 0.000000 0.000000 0.000000 0.000000 0.000000 0.000000 0.000000 0.000000 0.000000 0.000000 0.000000 0.000000 0.000000 0.000000 0.000000 0.000000 0.000000 0.000000 0.000000 0.000000 0.000000 
50.000000 25.968899 10.370653 3.268669 0.837507 0.179045 0.032629 0.005158 0.000717 0.000089 0.000010 0.000001 0.000000 0.000000 0.000000 0.000000 0.000000 0.000000 0.000000 0.000000 0.000000 0.000000 0.000000 0.000000 0.000000 0.000000 0.000000 0.000000 0.000000 0.000000 0.000000 0.000000 0.000000 0.000000 0.000000 0.000000 0.000000 0.000000 0.000000 0.000000 0.000000 0.000000 0.000000 0.000000 0.000000 0.000000 0.000000 0.000000 0.000000 0.000000 
50.000000 25.968899 10.370653 3.268669 0.837507 0.179045 0.032630 0.005158 0.000718 0.000089 0.000010 0.000001 0.000000 0.000000 0.000000 0.000000 0.000000 0.000000 0.000000 0.000000 0.000000 0.000000 0.000000 0.000000 0.000000 0.000000 0.000000 0.000000 0.000000 0.000000 0.000000 0.000000 0.000000 0.000000 0.000000 0.000000 0.000000 0.000000 0.000000 0.000000 0.000000 0.000000 0.000000 0.000000 0.000000 0.000000 0.000000 0.000000 0.000000 0.000000 
50.000000 25.968900 10.370654 3.268669 0.837508 0.179046 0.032630 0.005159 0.000718 0.000090 0.000011 0.000002 0.000001 0.000001 0.000001 0.000001 0.000001 0.000001 0.000001 0.000001 0.000001 0.000001 0.000001 0.000001 0.000001 0.000001 0.000001 0.000001 0.000001 0.000001 0.000001 0.000001 0.000001 0.000001 0.000001 0.000001 0.000001 0.000001 0.000001 0.000001 0.000001 0.000001 0.000001 0.000001 0.000001 0.000001 0.000001 0.000001 0.000001 0.000000 
50.000000 25.968904 10.370661 3.268678 0.837517 0.179055 0.032639 0.005168 0.000727 0.000099 0.000020 0.000011 0.000010 0.000010 0.000010 0.000010 0.000010 0.000010 0.000010 0.000010 0.000010 0.000010 0.000010 0.000010 0.000010 0.000010 0.000010 0.000010 0.000010 0.000010 0.000010 0.000010 0.000010 0.000010 0.000010 0.000010 0.000010 0.000010 0.000010 0.000010 0.000010 0.000010 0.000010 0.000010 0.000010 0.000010 0.000009 0.000008 0.000005 0.000000 
50.000000 25.968943 10.370724 3.268752 0.837595 0.179134 0.032718 0.005247 0.000806 0.000178 0.000099 0.000090 0.000089 0.000089 0.000089 0.000089 0.000089 0.000089 0.000089 0.000089 0.000089 0.000089 0.000089 0.000089 0.000089 0.000089 0.000089 0.000089 0.000089 0.000089 0.000089 0.000089 0.000089 0.000089 0.000089 0.000089 0.000089 0.000089 0.000089 0.000089 0.000089 0.000089 0.000089 0.000089 0.000089 0.000088 0.000085 0.000074 0.000046 0.000000 
50.000000 25.969252 10.371229 3.269343 0.838214 0.179761 0.033347 0.005876 0.001435 0.000806 0.000727 0.000718 0.000718 0.000717 0.000717 0.000717 0.000717 0.000717 0.000717 0.000717 0.000717 0.000717 0.000717 0.000717 0.000717 0.000717 0.000717 0.000717 0.000717 0.000717 0.000717 0.000717 0.000717 0.000717 0.000717 0.000717 0.000717 0.000717 0.000717 0.000717 0.000717 0.000717 0.000717 0.000717 0.000716 0.000710 0.000684 0.000597 0.000377 0.000000 
50.000000 25.971425 10.374788 3.273515 0.842588 0.184188 0.037785 0.010316 0.005876 0.005247 0.005168 0.005159 0.005158 0.005158 0.005158 0.005158 0.005158 0.005158 0.005158 0.005158 0.005158 0.005158 0.005158 0.005158 0.005158 0.005158 0.005158 0.005158 0.005158 0.005158 0.005158 0.005158 0.005158 0.005158 0.005158 0.005158 0.005158 0.005158 0.005158 0.005158 0.005158 0.005158 0.005158 0.005157 0.005149 0.005107 0.004926 0.004308 0.002728 0.000000 
50.000000 25.984826 10.396758 3.299296 0.869639 0.211572 0.065241 0.037785 0.033347 0.032718 0.032639 0.032630 0.032630 0.032629 0.032629 0.032629 0.032629 0.032629 0.032629 0.032629 0.032629 0.032629 0.032629 0.032629 0.032629 0.032629 0.032629 0.032629 0.032629 0.032629 0.032629 0.032629 0.032629 0.032629 0.032629 0.032629 0.032629 0.032629 0.032629 0.032629 0.032629 0.032629 0.032628 0.032620 0.032572 0.032319 0.031216 0.027391 0.017454 0.000000 
50.000000 26.056010 10.513615 3.436580 1.013767 0.357510 0.211572 0.184188 0.179761 0.179134 0.179055 0.179046 0.179045 0.179045 0.179045 0.179045 0.179045 0.179045 0.179045 0.179045 0.179045 0.179045 0.179045 0.179045 0.179045 0.179045 0.179045 0.179045 0.179045 0.179045 0.179045 0.179045 0.179045 0.179045 0.179045 0.179045 0.179045 0.179045 0.179045 0.179045 0.179045 0.179045 0.179039 0.179000 0.178755 0.177458 0.171730 0.151473 0.097479 0.000000 
50.000000 26.375095 11.038117 4.053420 1.661735 1.013767 0.869639 0.842588 0.838214 0.837595 0.837517 0.837508 0.837507 0.837507 0.837507 0.837507 0.837507 0.837507 0.837507 0.837507 0.837507 0.837507 0.837507 0.837507 0.837507 0.837507 0.837507 0.837507 0.837507 0.837507 0.837507 0.837507 0.837507 0.837507 0.837507 0.837507 0.837507 0.837507 0.837507 0.837507 0.837507 0.837504 0.837482 0.837320 0.836309 0.830867 0.806329 0.716935 0.468893 0.000000 
50.000000 27.549593 12.971070 6.328953 4.053420 3.436580 3.299296 3.273515 3.269343 3.268752 3.268678 3.268669 3.268669 3.268669 3.268668 3.268668 3.268668 3.268668 3.268668 3.268668 3.268668 3.268668 3.268668 3.268668 3.268668 3.268668 3.268668 3.268668 3.268668 3.268668 3.268668 3.268668 3.268668 3.268668 3.268668 3.268668 3.268668 3.268668 3.268668 3.268668 3.268667 3.268659 3.268589 3.268081 3.264850 3.247091 3.164476 2.849495 1.916573 0.000000 
50.000000 30.970953 18.608050 12.971070 11.038117 10.513615 10.396758 10.374788 10.371229 10.370724 10.370661 10.370654 10.370653 10.370653 10.370653 10.370653 10.370653 10.370653 10.370653 10.370653 10.370653 10.370653 10.370653 10.370653 10.370653 10.370653 10.370653 10.370653 10.370653 10.370653 10.370653 10.370653 10.370653 10.370653 10.370653 10.370653 10.370653 10.370653 10.370653 10.370653 10.370650 10.370632 10.370480 10.369367 10.362143 10.321182 10.121574 9.304025 6.594763 0.000000 
50.000000 38.467718 30.970953 27.549593 26.375095 26.056010 25.984826 25.971425 25.969252 25.968943 25.968904 25.968900 25.968899 25.968899 25.968899 25.968899 25.968899 25.968899 25.968899 25.968899 25.968899 25.968899 25.968899 25.968899 25.968899 25.968899 25.968899 25.968899 25.968899 25.968899 25.968899 25.968899 25.968899 25.968899 25.968899 25.968899 25.968899 25.968899 25.968899 25.968899 25.968897 25.968875 25.968698 25.967373 25.958530 25.906201 25.633021 24.376190 19.233859 0.000000 
50.000000 50.000000 50.000000 50.000000 50.000000 50.000000 50.000000 50.000000 50.000000 50.000000 50.000000 50.000000 50.000000 50.000000 50.000000 50.000000 50.000000 50.000000 50.000000 50.000000 50.000000 50.000000 50.000000 50.000000 50.000000 50.000000 50.000000 50.000000 50.000000 50.000000 50.000000 50.000000 50.000000 50.000000 50.000000 50.000000 50.000000 50.000000 50.000000 50.000000 50.000000 50.000000 50.000000 50.000000 50.000000 50.000000 50.000000 50.000000 50.000000 50.000000 
