50.000000 50.000000 50.000000 50.000000 50.000000 50.000000 50.000000 50.000000 50.000000 50.000000 50.000000 50.000000 50.000000 50.000000 50.000000 50.000000 50.000000 50.000000 50.000000 50.000000 50.000000 50.000000 50.000000 50.000000 50.000000 50.000000 50.000000 50.000000 50.000000 50.000000 50.000000 50.000000 50.000000 50.000000 50.000000 50.000000 50.000000 50.000000 50.000000 50.000000 50.000000 50.000000 50.000000 50.000000 50.000000 50.000000 50.000000 50.000000 50.000000 50.000000 
50.000000 47.100675 44.464728 42.283980 40.639438 39.506293 38.790853 38.375618 38.153334 38.043205 37.992536 37.970816 37.962113 37.958844 37.957690 37.957306 37.957185 37.957149 37.957139 37.957136 37.957136 37.957135 37.957135 37.957135 37.957135 37.957135 37.957135 37.957135 37.957135 37.957135 37.957135 37.957135 37.957135 37.957133 37.957125 37.957099 37.957010 37.956723 37.955846 37.953288 37.946181 37.927361 37.879740 37.764089 37.492459 36.867736 35.433118 32.049187 23.550338 0.000000 
50.000000 44.464728 39.432327 35.269035 32.129497 29.966317 28.600590 27.807969 27.383683 27.173485 27.076780 27.035328 27.018721 27.012484 27.010282 27.009549 27.009318 27.009249 27.009230 27.009225 27.009223 27.009223 27.009223 27.009223 27.009223 27.009223 27.009223 27.009223 27.009223 27.009223 27.009223 27.009223 27.009222 27.009218 27.009206 27.009161 27.009012 27.008533 27.007071 27.002832 26.991148 26.960537 26.884243 26.703041 26.291743 25.395990 23.516624 19.716163 12.415541 0.000000 
50.000000 42.283980 35.269035 29.465731 25.089619 22.074563 20.171109 19.066482 18.475223 18.182327 18.047588 17.989837 17.966703 17.958015 17.954947 17.953927 17.953605 17.953510 17.953483 17.953476 17.953474 17.953473 17.953473 17.953473 17.953473 17.953473 17.953473 17.953473 17.953473 17.953473 17.953473 17.953473 17.953472 17.953468 17.953454 17.953403 17.953235 17.952698 17.951070 17.946385 17.933606 17.900587 17.819816 17.632872 17.223703 16.377917 14.732866 11.752411 6.850862 0.000000 
50.000000 40.639438 32.129497 25.089619 19.781261 16.124104 13.815432 12.475747 11.758732 11.403572 11.240205 11.170192 11.142149 11.131618 11.127901 11.126664 11.126275 11.126159 11.126126 11.126117 11.126115 11.126115 11.126114 11.126114 11.126114 11.126114 11.126114 11.126114 11.126114 11.126114 11.126114 11.126114 11.126113 11.126110 11.126097 11.126051 11.125900 11.125418 11.123970 11.119842 11.108707 11.080356 11.012314 10.858730 10.533578 9.890631 8.711702 6.733508 3.771702 0.000000 
50.000000 39.506293 29.966317 22.074563 16.124104 12.024797 9.437175 7.935732 7.132210 6.734237 6.551195 6.472758 6.441344 6.429549 6.425386 6.424001 6.423565 6.423435 6.423399 6.423389 6.423386 6.423386 6.423386 6.423386 6.423386 6.423386 6.423386 6.423386 6.423386 6.423386 6.423385 6.423385 6.423385 6.423382 6.423372 6.423337 6.423221 6.422855 6.421763 6.418676 6.410447 6.389785 6.341075 6.233577 6.012398 5.590526 4.850859 3.674574 2.013834 0.000000 
50.000000 38.790853 28.600590 20.171109 13.815432 9.437175 6.673629 5.070212 4.212181 3.787244 3.591817 3.508081 3.474548 3.461958 3.457515 3.456037 3.455572 3.455434 3.455395 3.455384 3.455381 3.455381 3.455381 3.455381 3.455381 3.455381 3.455381 3.455381 3.455381 3.455381 3.455381 3.455380 3.455380 3.455378 3.455371 3.455348 3.455270 3.455027 3.454306 3.452287 3.446959 3.433756 3.403120 3.336814 3.203598 2.956702 2.538237 1.897549 1.026764 0.000000 
50.000000 38.375618 27.807969 19.066482 12.475747 7.935732 5.070212 3.407717 2.518121 2.077579 1.874990 1.788191 1.753433 1.740386 1.735781 1.734249 1.733768 1.733624 1.733584 1.733573 1.733570 1.733569 1.733569 1.733569 1.733569 1.733569 1.733569 1.733569 1.733569 1.733569 1.733569 1.733569 1.733569 1.733568 1.733564 1.733549 1.733503 1.733359 1.732935 1.731756 1.728675 1.721129 1.703858 1.667092 1.594657 1.463432 1.246666 0.923726 0.495878 0.000000 
50.000000 38.153334 27.383683 18.475223 11.758732 7.132210 4.212181 2.518121 1.611672 1.162804 0.956395 0.867964 0.832555 0.819263 0.814572 0.813012 0.812522 0.812376 0.812334 0.812323 0.812320 0.812320 0.812320 0.812320 0.812320 0.812320 0.812320 0.812320 0.812320 0.812320 0.812320 0.812320 0.812319 0.812319 0.812317 0.812309 0.812284 0.812207 0.811981 0.811359 0.809746 0.805836 0.796992 0.778425 0.742425 0.678376 0.574637 0.423146 0.225974 0.000000 
50.000000 38.043205 27.173485 18.182327 11.403572 6.734237 3.787244 2.077579 1.162804 0.709825 0.501532 0.412296 0.376566 0.363154 0.358422 0.356847 0.356353 0.356205 0.356164 0.356152 0.356149 0.356149 0.356149 0.356149 0.356149 0.356149 0.356149 0.356149 0.356149 0.356149 0.356149 0.356149 0.356148 0.356148 0.356147 0.356143 0.356131 0.356094 0.355984 0.355684 0.354912 0.353057 0.348904 0.340285 0.323790 0.294864 0.248721 0.182337 0.097025 0.000000 
50.000000 37.992536 27.076780 18.047588 11.240205 6.551195 3.591817 1.874990 0.956395 0.501532 0.292376 0.202772 0.166895 0.153429 0.148677 0.147096 0.146599 0.146451 0.146410 0.146398 0.146395 0.146395 0.146395 0.146395 0.146395 0.146395 0.146395 0.146395 0.146395 0.146395 0.146395 0.146395 0.146395 0.146394 0.146394 0.146392 0.146387 0.146370 0.146321 0.146188 0.145848 0.145036 0.143234 0.139530 0.132518 0.120363 0.101203 0.073948 0.039248 0.000000 
50.000000 37.970816 27.035328 17.989837 11.170192 6.472758 3.508081 1.788191 0.867964 0.412296 0.202772 0.113012 0.077072 0.063583 0.058823 0.057239 0.056742 0.056593 0.056552 0.056540 0.056537 0.056537 0.056537 0.056536 0.056536 0.056536 0.056536 0.056536 0.056536 0.056536 0.056536 0.056536 0.056536 0.056536 0.056536 0.056535 0.056533 0.056526 0.056506 0.056451 0.056312 0.055983 0.055256 0.053775 0.050996 0.046222 0.038768 0.028257 0.014969 0.000000 
50.000000 37.962113 27.018721 17.966703 11.142149 6.441344 3.474548 1.753433 0.832555 0.376566 0.166895 0.077072 0.041108 0.027609 0.022846 0.021261 0.020763 0.020615 0.020573 0.020562 0.020559 0.020558 0.020558 0.020558 0.020558 0.020558 0.020558 0.020558 0.020558 0.020558 0.020558 0.020558 0.020558 0.020558 0.020558 0.020558 0.020557 0.020554 0.020546 0.020525 0.020472 0.020348 0.020074 0.019520 0.018489 0.016730 0.014005 0.010189 0.005390 0.000000 
50.000000 37.958844 27.012484 17.958015 11.131618 6.429549 3.461958 1.740386 0.819263 0.363154 0.153429 0.063583 0.027609 0.014106 0.009342 0.007757 0.007259 0.007111 0.007069 0.007057 0.007055 0.007054 0.007054 0.007054 0.007054 0.007054 0.007054 0.007054 0.007054 0.007054 0.007054 0.007054 0.007054 0.007054 0.007054 0.007054 0.007053 0.007052 0.007049 0.007042 0.007023 0.006979 0.006882 0.006688 0.006328 0.005719 0.004780 0.003472 0.001835 0.000000 
50.000000 37.957690 27.010282 17.954947 11.127901 6.425386 3.457515 1.735781 0.814572 0.358422 0.148677 0.058823 0.022846 0.009342 0.004577 0.002992 0.002494 0.002345 0.002304 0.002292 0.002289 0.002289 0.002289 0.002288 0.002288 0.002288 0.002288 0.002288 0.002288 0.002288 0.002288 0.002288 0.002288 0.002288 0.002288 0.002288 0.002288 0.002288 0.002287 0.002285 0.002278 0.002263 0.002231 0.002167 0.002049 0.001850 0.001544 0.001120 0.000591 0.000000 
50.000000 37.957306 27.009549 17.953927 11.126664 6.424001 3.456037 1.734249 0.813012 0.356847 0.147096 0.057239 0.021261 0.007757 0.002992 0.001407 0.000909 0.000760 0.000719 0.000707 0.000704 0.000704 0.000704 0.000704 0.000703 0.000703 0.000703 0.000703 0.000703 0.000703 0.000703 0.000703 0.000703 0.000703 0.000703 0.000703 0.000703 0.000703 0.000703 0.000702 0.000700 0.000696 0.000686 0.000666 0.000629 0.000567 0.000473 0.000343 0.000181 0.000000 
50.000000 37.957185 27.009318 17.953605 11.126275 6.423565 3.455572 1.733768 0.812522 0.356353 0.146599 0.056742 0.020763 0.007259 0.002494 0.000909 0.000411 0.000262 0.000220 0.000209 0.000206 0.000206 0.000205 0.000205 0.000205 0.000205 0.000205 0.000205 0.000205 0.000205 0.000205 0.000205 0.000205 0.000205 0.000205 0.000205 0.000205 0.000205 0.000205 0.000205 0.000204 0.000203 0.000200 0.000194 0.000183 0.000165 0.000138 0.000100 0.000053 0.000000 
50.000000 37.957149 27.009249 17.953510 11.126159 6.423435 3.455434 1.733624 0.812376 0.356205 0.146451 0.056593 0.020615 0.007111 0.002345 0.000760 0.000262 0.000114 0.000072 0.000061 0.000058 0.000057 0.000057 0.000057 0.000057 0.000057 0.000057 0.000057 0.000057 0.000057 0.000057 0.000057 0.000057 0.000057 0.000057 0.000057 0.000057 0.000057 0.000057 0.000057 0.000057 0.000056 0.000055 0.000054 0.000051 0.000046 0.000038 0.000028 0.000015 0.000000 
50.000000 37.957139 27.009230 17.953483 11.126126 6.423399 3.455395 1.733584 0.812334 0.356164 0.146410 0.056552 0.020573 0.007069 0.002304 0.000719 0.000220 0.000072 0.000030 0.000019 0.000016 0.000015 0.000015 0.000015 0.000015 0.000015 0.000015 0.000015 0.000015 0.000015 0.000015 0.000015 0.000015 0.000015 0.000015 0.000015 0.000015 0.000015 0.000015 0.000015 0.000015 0.000015 0.000015 0.000014 0.000013 0.000012 0.000010 0.000007 0.000004 0.000000 
50.000000 37.957136 27.009225 17.953476 11.126117 6.423389 3.455384 1.733573 0.812323 0.356152 0.146398 0.056540 0.020562 0.007057 0.002292 0.000707 0.000209 0.000061 0.000019 0.000008 0.000005 0.000004 0.000004 0.000004 0.000004 0.000004 0.000004 0.000004 0.000004 0.000004 0.000004 0.000004 0.000004 0.000004 0.000004 0.000004 0.000004 0.000004 0.000004 0.000004 0.000004 0.000004 0.000004 0.000004 0.000003 0.000003 0.000003 0.000002 0.000001 0.000000 
50.000000 37.957136 27.009223 17.953474 11.126115 6.423386 3.455381 1.733570 0.812320 0.356149 0.146395 0.056537 0.020559 0.007055 0.002289 0.000704 0.000206 0.000058 0.000016 0.000005 0.000002 0.000001 0.000001 0.000001 0.000001 0.000001 0.000001 0.000001 0.000001 0.000001 0.000001 0.000001 0.000001 0.000001 0.000001 0.000001 0.000001 0.000001 0.000001 0.000001 0.000001 0.000001 0.000001 0.000001 0.000001 0.000001 0.000001 0.000000 0.000000 0.000000 
50.000000 37.957135 27.009223 17.953473 11.126115 6.423386 3.455381 1.733569 0.812320 0.356149 0.146395 0.056537 0.020558 0.007054 0.002289 0.000704 0.000206 0.000057 0.000015 0.000004 0.000001 0.000000 0.000000 0.000000 0.000000 0.000000 0.000000 0.000000 0.000000 0.000000 0.000000 0.000000 0.000000 0.000000 0.000000 0.000000 0.000000 0.000000 0.000000 0.000000 0.000000 0.000000 0.000000 0.000000 0.000000 0.000000 0.000000 0.000000 0.000000 0.000000 
50.000000 37.957135 27.009223 17.953473 11.126114 6.423386 3.455381 1.733569 0.812320 0.356149 0.146395 0.056537 0.020558 0.007054 0.002289 0.000704 0.000205 0.000057 0.000015 0.000004 0.000001 0.000000 0.000000 0.000000 0.000000 0.000000 0.000000 0.000000 0.000000 0.000000 0.000000 0.000000 0.000000 0.000000 0.000000 0.000000 0.000000 0.000000 0.000000 0.000000 0.000000 0.000000 0.000000 0.000000 0.000000 0.000000 0.000000 0.000000 0.000000 0.000000 
50.000000 37.957135 27.009223 17.953473 11.126114 6.423386 3.455381 1.733569 0.812320 0.356149 0.146395 0.056536 0.020558 0.007054 0.002288 0.000704 0.000205 0.000057 0.000015 0.000004 0.000001 0.000000 0.000000 0.000000 0.000000 0.000000 0.000000 0.000000 0.000000 0.000000 0.000000 0.000000 0.000000 0.000000 0.000000 0.000000 0.000000 0.000000 0.000000 0.000000 0.000000 0.000000 0.000000 0.000000 0.000000 0.000000 0.000000 0.000000 0.000000 0.000000 
50.000000 37.957135 27.009223 17.953473 11.126114 6.423386 3.455381 1.733569 0.812320 0.356149 0.146395 0.056536 0.020558 0.007054 0.002288 0.000703 0.000205 0.000057 0.000015 0.000004 0.000001 0.000000 0.000000 0.000000 0.000000 0.000000 0.000000 0.000000 0.000000 0.000000 0.000000 0.000000 0.000000 0.000000 0.000000 0.000000 0.000000 0.000000 0.000000 0.000000 0.000000 0.000000 0.000000 0.000000 0.000000 0.000000 0.000000 0.000000 0.000000 0.000000 
50.000000 37.957135 27.009223 17.953473 11.126114 6.423386 3.455381 1.733569 0.812320 0.356149 0.146395 0.056536 0.020558 0.007054 0.002288 0.000703 0.000205 0.000057 0.000015 0.000004 0.000001 0.000000 0.000000 0.000000 0.000000 0.000000 0.000000 0.000000 0.000000 0.000000 0.000000 0.000000 0.000000 0.000000 0.000000 0.000000 0.000000 0.000000 0.000000 0.000000 0.000000 0.000000 0.000000 0.000000 0.000000 0.000000 0.000000 0.000000 0.000000 0.000000 
50.000000 37.957135 27.009223 17.953473 11.126114 6.423386 3.455381 1.733569 0.812320 0.356149 0.146395 0.056536 0.020558 0.007054 0.002288 0.000704 0.000205 0.000057 0.000015 0.000004 0.000001 0.000000 0.000000 0.000000 0.000000 0.000000 0.000000 0.000000 0.000000 0.000000 0.000000 0.000000 0.000000 0.000000 0.000000 0.000000 0.000000 0.000000 0.000000 0.000000 0.000000 0.000000 0.000000 0.000000 0.000000 0.000000 0.000000 0.000000 0.000000 0.000000 
50.000000 37.957135 27.009223 17.953473 11.126114 6.423386 3.455381 1.733569 0.812320 0.356149 0.146395 0.056537 0.020558 0.007054 0.002289 0.000704 0.000205 0.000057 0.000015 0.000004 0.000001 0.000000 0.000000 0.000000 0.000000 0.000000 0.000000 0.000000 0.000000 0.000000 0.000000 0.000000 0.000000 0.000000 0.000000 0.000000 0.000000 0.000000 0.000000 0.000000 0.000000 0.000000 0.000000 0.000000 0.000000 0.000000 0.000000 0.000000 0.000000 0.000000 
50.000000 37.957135 27.009223 17.953473 11.126115 6.423386 3.455381 1.733569 0.812320 0.356149 0.146395 0.056537 0.020558 0.007054 0.002289 0.000704 0.000206 0.000057 0.000015 0.000004 0.000001 0.000000 0.000000 0.000000 0.000000 0.000000 0.000000 0.000000 0.000000 0.000000 0.000000 0.000000 0.000000 0.000000 0.000000 0.000000 0.000000 0.000000 0.000000 0.000000 0.000000 0.000000 0.000000 0.000000 0.000000 0.000000 0.000000 0.000000 0.000000 0.000000 
50.000000 37.957136 27.009223 17.953474 11.126115 6.423386 3.455381 1.733570 0.812320 0.356149 0.146395 0.056537 0.020559 0.007055 0.002289 0.000704 0.000206 0.000058 0.000016 0.000005 0.000002 0.000001 0.000001 0.000001 0.000001 0.000001 0.000001 0.000001 0.000001 0.000001 0.000001 0.000001 0.000001 0.000001 0.000001 0.000001 0.000001 0.000001 0.000001 0.000001 0.000001 0.000001 0.000001 0.000001 0.000001 0.000001 0.000001 0.000000 0.000000 0.000000 
50.000000 37.957136 27.009225 17.953476 11.126117 6.423389 3.455384 1.733573 0.812323 0.356152 0.146398 0.056540 0.020562 0.007057 0.002292 0.000707 0.000209 0.000061 0.000019 0.000008 0.000005 0.000004 0.000004 0.000004 0.000004 0.000004 0.000004 0.000004 0.000004 0.000004 0.000004 0.000004 0.000004 0.000004 0.000004 0.000004 0.000004 0.000004 0.000004 0.000004 0.000004 0.000004 0.000004 0.000004 0.000003 0.000003 0.000003 0.000002 0.000001 0.000000 
50.000000 37.957139 27.009230 17.953483 11.126126 6.423399 3.455395 1.733584 0.812334 0.356164 0.146410 0.056552 0.020573 0.007069 0.002304 0.000719 0.000220 0.000072 0.000030 0.000019 0.000016 0.000015 0.000015 0.000015 0.000015 0.000015 0.000015 0.000015 0.000015 0.000015 0.000015 0.000015 0.000015 0.000015 0.000015 0.000015 0.000015 0.000015 0.000015 0.000015 0.000015 0.000015 0.000015 0.000014 0.000013 0.000012 0.000010 0.000007 0.000004 0.000000 
50.000000 37.957149 27.009249 17.953510 11.126159 6.423435 3.455434 1.733624 0.812376 0.356205 0.146451 0.056593 0.020615 0.007111 0.002345 0.000760 0.000262 0.000114 0.000072 0.000061 0.000058 0.000057 0.000057 0.000057 0.000057 0.000057 0.000057 0.000057 0.000057 0.000057 0.000057 0.000057 0.000057 0.000057 0.000057 0.000057 0.000057 0.000057 0.000057 0.000057 0.000057 0.000056 0.000055 0.000054 0.000051 0.000046 0.000038 0.000028 0.000015 0.000000 
50.000000 37.957185 27.009318 17.953605 11.126275 6.423565 3.455572 1.733768 0.812522 0.356353 0.146599 0.056742 0.020763 0.007259 0.002494 0.000909 0.000411 0.000262 0.000220 0.000209 0.000206 0.000206 0.000205 0.000205 0.000205 0.000205 0.000205 0.000205 0.000205 0.000205 0.000205 0.000205 0.000205 0.000205 0.000205 0.000205 0.000205 0.000205 0.000205 0.000205 0.000204 0.000203 0.000200 0.000194 0.000183 0.000165 0.000138 0.000100 0.000053 0.000000 
50.000000 37.957306 27.009549 17.953927 11.126664 6.424001 3.456037 1.734249 0.813012 0.356847 0.147096 0.057239 0.021261 0.007757 0.002992 0.001407 0.000909 0.000760 0.000719 0.000707 0.000704 0.000704 0.000704 0.000704 0.000703 0.000703 0.000703 0.000703 0.000703 0.000703 0.000703 0.000703 0.000703 0.000703 0.000703 0.000703 0.000703 0.000703 0.000703 0.000702 0.000700 0.000696 0.000686 0.000666 0.000629 0.000567 0.000473 0.000343 0.000181 0.000000 
50.000000 37.957690 27.010282 17.954947 11.127901 6.425386 3.457515 1.735781 0.814572 0.358422 0.148677 0.058823 0.022846 0.009342 0.004577 0.002992 0.002494 0.002345 0.002304 0.002292 0.002289 0.002289 0.002289 0.002288 0.002288 0.002288 0.002288 0.002288 0.002288 0.002288 0.002288 0.002288 0.002288 0.002288 0.002288 0.002288 0.002288 0.002288 0.002287 0.002285 0.002278 0.002263 0.002231 0.002167 0.002049 0.001850 0.001544 0.001120 0.000591 0.000000 
50.000000 37.958844 27.012484 17.958015 11.131618 6.429549 3.461958 1.740386 0.819263 0.363154 0.153429 0.063583 0.027609 0.014106 0.009342 0.007757 0.007259 0.007111 0.007069 0.007057 0.007055 0.007054 0.007054 0.007054 0.007054 0.007054 0.007054 0.007054 0.007054 0.007054 0.007054 0.007054 0.007054 0.007054 0.007054 0.007054 0.007053 0.007052 0.007049 0.007042 0.007023 0.006979 0.006882 0.006688 0.006328 0.005719 0.004780 0.003472 0.001835 0.000000 
50.000000 37.962113 27.018721 17.966703 11.142149 6.441344 3.474548 1.753433 0.832555 0.376566 0.166895 0.077072 0.041108 0.027609 0.022846 0.021261 0.020763 0.020615 0.020573 0.020562 0.020559 0.020558 0.020558 0.020558 0.020558 0.020558 0.020558 0.020558 0.020558 0.020558 0.020558 0.020558 0.020558 0.020558 0.020558 0.020558 0.020557 0.020554 0.020546 0.020525 0.020472 0.020348 0.020074 0.019520 0.018489 0.016730 0.014005 0.010189 0.005390 0.000000 
50.000000 37.970816 27.035328 17.989837 11.170192 6.472758 3.508081 1.788191 0.867964 0.412296 0.202772 0.113012 0.077072 0.063583 0.058823 0.057239 0.056742 0.056593 0.056552 0.056540 0.056537 0.056537 0.056537 0.056536 0.056536 0.056536 0.056536 0.056536 0.056536 0.056536 0.056536 0.056536 0.056536 0.056536 0.056536 0.056535 0.056533 0.056526 0.056506 0.056451 0.056312 0.055983 0.055256 0.053775 0.050996 0.046222 0.038768 0.028257 0.014969 0.000000 
50.000000 37.992536 27.076780 18.047588 11.240205 6.551195 3.591817 1.874990 0.956395 0.501532 0.292376 0.202772 0.166895 0.153429 0.148677 0.147096 0.146599 0.146451 0.146410 0.146398 0.146395 0.146395 0.146395 0.146395 0.146395 0.146395 0.146395 0.146395 0.146395 0.146395 0.146395 0.146395 0.146395 0.146394 0.146394 0.146392 0.146387 0.146370 0.146321 0.146188 0.145848 0.145036 0.143234 0.139530 0.132518 0.120363 0.101203 0.073948 0.039248 0.000000 
50.000000 38.043205 27.173485 18.182327 11.403572 6.734237 3.787244 2.077579 1.162804 0.709825 0.501532 0.412296 0.376566 0.363154 0.358422 0.356847 0.356353 0.356205 0.356164 0.356152 0.356149 0.356149 0.356149 0.356149 0.356149 0.356149 0.356149 0.356149 0.356149 0.356149 0.356149 0.356149 0.356148 0.356148 0.356147 0.356143 0.356131 0.356094 0.355984 0.355684 0.354912 0.353057 0.348904 0.340285 0.323790 0.294864 0.248721 0.182337 0.097025 0.000000 
50.000000 38.153334 27.383683 18.475223 11.758732 7.132210 4.212181 2.518121 1.611672 1.162804 0.956395 0.867964 0.832555 0.819263 0.814572 0.813012 0.812522 0.812376 0.812334 0.812323 0.812320 0.812320 0.812320 0.812320 0.812320 0.812320 0.812320 0.812320 0.812320 0.812320 0.812320 0.812320 0.812319 0.812319 0.812317 0.812309 0.812284 0.812207 0.811981 0.811359 0.809746 0.805836 0.796992 0.778425 0.742425 0.678376 0.574637 0.423146 0.225974 0.000000 
50.000000 38.375618 27.807969 19.066482 12.475747 7.935732 5.070212 3.407717 2.518121 2.077579 1.874990 1.788191 1.753433 1.740386 1.735781 1.734249 1.733768 1.733624 1.733584 1.733573 1.733570 1.733569 1.733569 1.733569 1.733569 1.733569 1.733569 1.733569 1.733569 1.733569 1.733569 1.733569 1.733569 1.733568 1.733564 1.733549 1.733503 1.733359 1.732935 1.731756 1.728675 1.721129 1.703858 1.667092 1.594657 1.463432 1.246666 0.923726 0.495878 0.000000 
50.000000 38.790853 28.600590 20.171109 13.815432 9.437175 6.673629 5.070212 4.212181 3.787244 3.591817 3.508081 3.474548 3.461958 3.457515 3.456037 3.455572 3.455434 3.455395 3.455384 3.455381 3.455381 3.455381 3.455381 3.455381 3.455381 3.455381 3.455381 3.455381 3.455381 3.455381 3.455380 3.455380 3.455378 3.455371 3.455348 3.455270 3.455027 3.454306 3.452287 3.446959 3.433756 3.403120 3.336814 3.203598 2.956702 2.538237 1.897549 1.026764 0.000000 
50.000000 39.506293 29.966317 22.074563 16.124104 12.024797 9.437175 7.935732 7.132210 6.734237 6.551195 6.472758 6.441344 6.429549 6.425386 6.424001 6.423565 6.423435 6.423399 6.423389 6.423386 6.423386 6.423386 6.423386 6.423386 6.423386 6.423386 6.423386 6.423386 6.423386 6.423385 6.423385 6.423385 6.423382 6.423372 6.423337 6.423221 6.422855 6.421763 6.418676 6.410447 6.389785 6.341075 6.233577 6.012398 5.590526 4.850859 3.674574 2.013834 0.000000 
50.000000 40.639438 32.129497 25.089619 19.781261 16.124104 13.815432 12.475747 11.758732 11.403572 11.240205 11.170192 11.142149 11.131618 11.127901 11.126664 11.126275 11.126159 11.126126 11.126117 11.126115 11.126115 11.126114 11.126114 11.126114 11.126114 11.126114 11.126114 11.126114 11.126114 11.126114 11.126114 11.126113 11.126110 11.126097 11.126051 11.125900 11.125418 11.123970 11.119842 11.108707 11.080356 11.012314 10.858730 10.533578 9.890631 8.711702 6.733508 3.771702 0.000000 
50.000000 42.283980 35.269035 29.465731 25.089619 22.074563 20.171109 19.066482 18.475223 18.182327 18.047588 17.989837 17.966703 17.958015 17.954947 17.953927 17.953605 17.953510 17.953483 17.953476 17.953474 17.953473 17.953473 17.953473 17.953473 17.953473 17.953473 17.953473 17.953473 17.953473 17.953473 17.953473 17.953472 17.953468 17.953454 17.953403 17.953235 17.952698 17.951070 17.946385 17.933606 17.900587 17.819816 17.632872 17.223703 16.377917 14.732866 11.752411 6.850862 0.000000 
50.000000 44.464728 39.432327 35.269035 32.129497 29.966317 28.600590 27.807969 27.383683 27.173485 27.076780 27.035328 27.018721 27.012484 27.010282 27.009549 27.009318 27.009249 27.009230 27.009225 27.009223 27.009223 27.009223 27.009223 27.009223 27.009223 27.009223 27.009223 27.009223 27.009223 27.009223 27.009223 27.009222 27.009218 27.009206 27.009161 27.009012 27.008533 27.007071 27.002832 26.991148 26.960537 26.884243 26.703041 26.291743 25.395990 23.516624 19.716163 12.415541 0.000000 
50.000000 47.100675 44.464728 42.283980 40.639438 39.506293 38.790853 38.375618 38.153334 38.043205 37.992536 37.970816 37.962113 37.958844 37.957690 37.957306 37.957185 37.957149 37.957139 37.957136 37.957136 37.957135 37.957135 37.957135 37.957135 37.957135 37.957135 37.957135 37.957135 37.957135 37.957135 37.957135 37.957135 37.957133 37.957125 37.957099 37.957010 37.956723 37.955846 37.953288 37.946181 37.927361 37.879740 37.764089 37.492459 36.867736 35.433118 32.049187 23.550338 0.000000 
50.000000 50.000000 50.000000 50.000000 50.000000 50.000000 50.000000 50.000000 50.000000 50.000000 50.000000 50.000000 50.000000 50.000000 50.000000 50.000000 50.000000 50.000000 50.000000 50.000000 50.000000 50.000000 50.000000 50.000000 50.000000 50.000000 50.000000 50.000000 50.000000 50.000000 50.000000 50.000000 50.000000 50.000000 50.000000 50.000000 50.000000 50.000000 50.000000 50.000000 50.000000 50.000000 50.000000 50.000000 50.000000 50.000000 50.000000 50.000000 50.000000 50.000000 
