50.000000 50.000000 50.000000 50.000000 50.000000 50.000000 50.000000 50.000000 50.000000 50.000000 50.000000 50.000000 50.000000 50.000000 50.000000 50.000000 50.000000 50.000000 50.000000 50.000000 50.000000 50.000000 50.000000 50.000000 50.000000 50.000000 50.000000 50.000000 50.000000 50.000000 50.000000 50.000000 50.000000 50.000000 50.000000 50.000000 50.000000 50.000000 50.000000 50.000000 50.000000 50.000000 50.000000 50.000000 50.000000 50.000000 50.000000 50.000000 50.000000 50.000000 
50.000000 49.017950 48.066178 47.172160 46.358211 45.639878 45.025293 44.515458 44.105311 43.785274 43.543002 43.365028 43.238127 43.150274 43.091205 43.052622 43.028130 43.013017 43.003947 42.998653 42.995645 42.993982 42.993085 42.992614 42.992370 42.992243 42.992169 42.992108 42.992027 42.991881 42.991601 42.991062 42.990038 42.988131 42.984652 42.978426 42.967490 42.948620 42.916572 42.862902 42.774022 42.627916 42.388255 41.993025 41.330599 40.184087 38.087283 33.908156 24.508975 0.000000 
50.000000 48.066178 46.191976 44.431505 42.828704 41.414189 40.203971 39.200028 38.392385 37.762184 37.285115 36.934661 36.684776 36.511782 36.395469 36.319494 36.271268 36.241508 36.223650 36.213225 36.207302 36.204026 36.202261 36.201333 36.200854 36.200604 36.200460 36.200342 36.200187 36.199911 36.199383 36.198364 36.196433 36.192843 36.186301 36.174619 36.154151 36.118938 36.059371 35.960127 35.796905 35.531150 35.101189 34.406633 33.279718 31.430749 28.344072 23.095988 14.158021 0.000000 
50.000000 47.172160 44.431505 41.857163 39.513384 37.444940 35.675245 34.207187 33.026182 32.104652 31.407047 30.894589 30.529192 30.276231 30.106153 29.995061 29.924543 29.881028 29.854915 29.839671 29.831012 29.826222 29.823642 29.822285 29.821584 29.821221 29.821012 29.820846 29.820631 29.820253 29.819531 29.818143 29.815516 29.810643 29.801786 29.786018 29.758498 29.711376 29.632143 29.501149 29.287878 28.945316 28.401307 27.545195 26.207329 24.129306 20.928581 16.087433 9.084877 0.000000 
50.000000 46.358211 42.828704 39.513384 36.494997 33.831201 31.552149 29.661560 28.140648 26.953898 26.055523 25.395586 24.925034 24.599279 24.380259 24.237199 24.146391 24.090355 24.056729 24.037100 24.025949 24.019782 24.016459 24.014713 24.013812 24.013345 24.013082 24.012878 24.012621 24.012177 24.011332 24.009712 24.006655 24.000999 23.990755 23.972591 23.941044 23.887353 23.797746 23.650991 23.414919 23.041596 22.460740 21.571143 20.230608 18.247498 15.384077 11.397955 6.174124 0.000000 
50.000000 45.639878 41.414189 37.444940 33.831201 30.642003 27.913446 25.649980 23.829112 22.408317 21.332778 20.542703 19.979364 19.589377 19.327173 19.155909 19.047198 18.980117 18.939863 18.916365 18.903016 18.895634 18.891657 18.889566 18.888489 18.887934 18.887625 18.887394 18.887116 18.886642 18.885748 18.884040 18.880827 18.874902 18.864216 18.845355 18.812785 18.757731 18.666618 18.518928 18.284385 17.919407 17.362963 16.532423 15.321002 13.600593 11.237611 8.134471 4.309279 0.000000 
50.000000 45.025293 40.203971 35.675245 31.552149 27.913446 24.800323 22.217854 20.140373 18.519359 17.292263 16.390863 15.748154 15.303225 15.004085 14.808697 14.684675 14.608146 14.562225 14.535418 14.520190 14.511769 14.507232 14.504848 14.503621 14.502991 14.502646 14.502401 14.502118 14.501649 14.500772 14.499105 14.495979 14.490238 14.479928 14.461828 14.430760 14.378630 14.293110 14.155948 13.940909 13.611481 13.118737 12.400162 11.381024 9.981006 8.130050 5.797338 3.032267 0.000000 
50.000000 44.515458 39.200028 34.207187 29.661560 25.649980 22.217854 19.370774 17.080439 15.293353 13.940551 12.946820 12.238284 11.747790 11.418019 11.202626 11.065908 10.981546 10.930924 10.901375 10.884589 10.875306 10.870306 10.867679 10.866329 10.865639 10.865267 10.865015 10.864742 10.864306 10.863498 10.861970 10.859117 10.853900 10.844573 10.828288 10.800515 10.754258 10.679039 10.559651 10.374775 10.095676 9.685387 9.099117 8.287017 7.200819 5.805881 4.098839 2.127204 0.000000 
50.000000 44.105311 38.392385 33.026182 28.140648 23.829112 20.140373 17.080439 14.618890 12.698223 11.244314 10.176321 9.414844 8.887705 8.533301 8.301823 8.154895 8.064235 8.009835 7.978080 7.960042 7.950067 7.944694 7.941872 7.940423 7.939686 7.939296 7.939044 7.938792 7.938405 7.937699 7.936374 7.933911 7.929425 7.921445 7.907587 7.884102 7.845278 7.782682 7.684314 7.533739 7.309445 6.984763 6.528892 5.909705 5.099052 4.080866 2.861234 1.477395 0.000000 
50.000000 43.785274 37.762184 32.104652 26.953898 22.408317 18.519359 15.293353 12.698223 10.673341 9.140555 8.014631 7.211856 6.656135 6.282518 6.038493 5.883604 5.788033 5.730686 5.697212 5.678198 5.667683 5.662020 5.659046 5.657520 5.656748 5.656345 5.656099 5.655872 5.655543 5.654956 5.653862 5.651837 5.648166 5.641668 5.630445 5.611545 5.580521 5.530907 5.453663 5.336670 5.164484 4.918578 4.578450 4.123932 3.538979 2.816775 1.965280 1.011252 0.000000 
50.000000 43.543002 37.285115 31.407047 26.055523 21.332778 17.292263 13.940551 11.244314 9.140555 7.548072 6.378306 5.544279 4.966929 4.578775 4.325257 4.164345 4.065058 4.005483 3.970708 3.950956 3.940033 3.934150 3.931062 3.929479 3.928680 3.928270 3.928032 3.927831 3.927561 3.927093 3.926229 3.924639 3.921768 3.916710 3.908022 3.893477 3.869763 3.832129 3.774036 3.686892 3.560000 3.380901 3.136314 2.813850 2.404532 1.905898 1.324988 0.680099 0.000000 
50.000000 43.365028 36.934661 30.894589 25.395586 20.542703 16.390863 12.946820 10.176321 8.014631 6.378306 5.176345 4.319369 3.726137 3.327309 3.066823 2.901488 2.799474 2.738263 2.702534 2.682240 2.671018 2.664974 2.661802 2.660177 2.659359 2.658946 2.658716 2.658541 2.658326 2.657966 2.657311 2.656113 2.653960 2.650185 2.643732 2.632992 2.615592 2.588173 2.546178 2.483724 2.393639 2.267781 2.097754 1.876085 1.597840 1.262446 0.875290 0.448456 0.000000 
50.000000 43.238127 36.684776 30.529192 24.925034 19.979364 15.748154 12.238284 9.414844 7.211856 5.544279 4.319369 3.446036 2.841486 2.435051 2.169599 2.001114 1.897157 1.834780 1.798372 1.777691 1.766256 1.760098 1.756866 1.755211 1.754381 1.753965 1.753744 1.753591 1.753422 1.753156 1.752678 1.751809 1.750257 1.747547 1.742939 1.735308 1.723018 1.703777 1.674516 1.631336 1.569566 1.484026 1.369525 1.221633 1.037682 0.817816 0.565838 0.289507 0.000000 
50.000000 43.150274 36.511782 30.276231 24.599279 19.589377 15.303225 11.747790 8.887705 6.656135 4.966929 3.726137 2.841486 2.229103 1.817406 1.548518 1.377854 1.272553 1.209371 1.172492 1.151545 1.139962 1.133724 1.130451 1.128776 1.127938 1.127521 1.127307 1.127172 1.127041 1.126848 1.126512 1.125905 1.124827 1.122953 1.119779 1.114552 1.106178 1.093145 1.073452 1.044590 1.003603 0.947275 0.872465 0.776592 0.658235 0.517733 0.357631 0.182783 0.000000 
50.000000 43.091205 36.395469 30.106153 24.380259 19.327173 15.004085 11.418019 8.533302 6.282518 4.578775 3.327309 2.435051 1.817406 1.402173 1.130977 0.958849 0.852644 0.788921 0.751727 0.730600 0.718918 0.712628 0.709327 0.707639 0.706794 0.706378 0.706169 0.706048 0.705946 0.705810 0.705580 0.705171 0.704448 0.703196 0.701087 0.697627 0.692113 0.683577 0.670753 0.652073 0.625715 0.589731 0.542258 0.481818 0.407668 0.320135 0.220850 0.112779 0.000000 
50.000000 43.052622 36.319494 29.995061 24.237200 19.155909 14.808698 11.202627 8.301823 6.038493 4.325258 3.066823 2.169599 1.548518 1.130977 0.858274 0.685191 0.578397 0.514321 0.476921 0.455677 0.443931 0.437606 0.434287 0.432590 0.431742 0.431326 0.431121 0.431011 0.430930 0.430834 0.430682 0.430415 0.429946 0.429138 0.427781 0.425566 0.422052 0.416639 0.408548 0.396826 0.380379 0.358054 0.328769 0.291694 0.246445 0.193275 0.133193 0.067970 0.000000 
50.000000 43.028130 36.271268 29.924543 24.146391 19.047199 14.684676 11.065909 8.154896 5.883605 4.164346 2.901489 2.001115 1.377855 0.958849 0.685191 0.511502 0.404335 0.340034 0.302504 0.281186 0.269399 0.263052 0.259722 0.258019 0.257169 0.256754 0.256552 0.256448 0.256382 0.256315 0.256216 0.256047 0.255752 0.255247 0.254402 0.253029 0.250859 0.247530 0.242579 0.235439 0.225472 0.212010 0.194438 0.172297 0.145393 0.113901 0.078426 0.039999 0.000000 
50.000000 43.013017 36.241509 29.881028 24.090356 18.980118 14.608148 10.981548 8.064237 5.788035 4.065060 2.799476 1.897159 1.272555 0.852647 0.578399 0.404336 0.296939 0.232501 0.194889 0.173526 0.161714 0.155353 0.152017 0.150310 0.149459 0.149044 0.148844 0.148746 0.148689 0.148641 0.148577 0.148473 0.148294 0.147987 0.147478 0.146652 0.145352 0.143366 0.140423 0.136200 0.130328 0.122432 0.112171 0.099293 0.083703 0.065513 0.045076 0.022980 0.000000 
50.000000 43.003948 36.223651 29.854917 24.056732 18.939867 14.562229 10.930929 8.009840 5.730691 4.005488 2.738268 1.834786 1.209376 0.788926 0.514326 0.340039 0.232504 0.167983 0.130323 0.108933 0.097105 0.090737 0.087396 0.085688 0.084836 0.084421 0.084222 0.084127 0.084076 0.084041 0.084000 0.083937 0.083830 0.083650 0.083352 0.082870 0.082114 0.080963 0.079264 0.076834 0.073470 0.068963 0.063128 0.055830 0.047023 0.036776 0.025289 0.012887 0.000000 
50.000000 42.998655 36.213228 29.839677 24.037108 18.916374 14.535428 10.901386 7.978092 5.697224 3.970721 2.702547 1.798385 1.172505 0.751740 0.476933 0.302516 0.194901 0.130331 0.092644 0.071237 0.059401 0.053027 0.049684 0.047975 0.047123 0.046708 0.046510 0.046417 0.046370 0.046342 0.046315 0.046278 0.046216 0.046113 0.045943 0.045670 0.045242 0.044594 0.043640 0.042280 0.040404 0.037899 0.034665 0.030634 0.025783 0.020151 0.013850 0.007055 0.000000 
50.000000 42.995650 36.207311 29.831025 24.025966 18.903037 14.520213 10.884615 7.960069 5.678226 3.950985 2.682270 1.777722 1.151575 0.730631 0.455708 0.281217 0.173556 0.108959 0.071255 0.049840 0.037999 0.031623 0.028278 0.026568 0.025715 0.025301 0.025104 0.025011 0.024967 0.024943 0.024925 0.024903 0.024868 0.024810 0.024716 0.024565 0.024330 0.023975 0.023453 0.022712 0.021692 0.020334 0.018587 0.016415 0.013806 0.010785 0.007409 0.003773 0.000000 
50.000000 42.993992 36.204047 29.826253 24.019821 18.895681 14.511822 10.875365 7.950130 5.667749 3.940101 2.671087 1.766326 1.140033 0.718990 0.444003 0.269470 0.161784 0.097172 0.059460 0.038040 0.026196 0.019818 0.016473 0.014762 0.013910 0.013495 0.013298 0.013207 0.013164 0.013143 0.013129 0.013115 0.013096 0.013065 0.013014 0.012932 0.012806 0.012616 0.012337 0.011942 0.011400 0.010681 0.009757 0.008612 0.007239 0.005652 0.003882 0.001976 0.000000 
50.000000 42.993109 36.202309 29.823711 24.016548 18.891762 14.507352 10.870437 7.944835 5.662167 3.934303 2.665130 1.760257 1.133885 0.712789 0.437768 0.263214 0.155514 0.090894 0.053177 0.031754 0.019909 0.013531 0.010185 0.008474 0.007622 0.007207 0.007011 0.006919 0.006877 0.006857 0.006846 0.006838 0.006827 0.006810 0.006782 0.006739 0.006672 0.006571 0.006424 0.006216 0.005931 0.005554 0.005071 0.004473 0.003759 0.002933 0.002014 0.001025 0.000000 
50.000000 42.992667 36.201438 29.822437 24.014908 18.889799 14.505113 10.867969 7.942182 5.659372 3.931398 2.662146 1.757216 1.130805 0.709683 0.434645 0.260080 0.152374 0.087750 0.050031 0.028606 0.016760 0.010381 0.007035 0.005325 0.004472 0.004058 0.003861 0.003770 0.003728 0.003709 0.003700 0.003693 0.003686 0.003677 0.003662 0.003638 0.003601 0.003546 0.003465 0.003352 0.003197 0.002992 0.002731 0.002407 0.002022 0.001577 0.001082 0.000551 0.000000 
50.000000 42.992485 36.201079 29.821913 24.014233 18.888991 14.504191 10.866953 7.941091 5.658221 3.930203 2.660918 1.755965 1.129538 0.708405 0.433359 0.258790 0.151081 0.086456 0.048735 0.027311 0.015464 0.009085 0.005739 0.004028 0.003176 0.002761 0.002565 0.002474 0.002432 0.002413 0.002404 0.002399 0.002394 0.002388 0.002378 0.002362 0.002337 0.002301 0.002248 0.002174 0.002073 0.001939 0.001769 0.001559 0.001309 0.001021 0.000700 0.000356 0.000000 
50.000000 42.992485 36.201079 29.821913 24.014233 18.888991 14.504191 10.866953 7.941091 5.658221 3.930203 2.660918 1.755965 1.129538 0.708405 0.433359 0.258790 0.151081 0.086456 0.048735 0.027311 0.015464 0.009085 0.005739 0.004028 0.003176 0.002761 0.002565 0.002474 0.002432 0.002413 0.002404 0.002399 0.002394 0.002388 0.002378 0.002362 0.002337 0.002301 0.002248 0.002174 0.002073 0.001939 0.001769 0.001559 0.001309 0.001021 0.000700 0.000356 0.000000 
50.000000 42.992667 36.201438 29.822437 24.014908 18.889799 14.505113 10.867969 7.942182 5.659372 3.931398 2.662146 1.757216 1.130805 0.709683 0.434645 0.260080 0.152374 0.087750 0.050031 0.028606 0.016760 0.010381 0.007035 0.005325 0.004472 0.004058 0.003861 0.003770 0.003728 0.003709 0.003700 0.003693 0.003686 0.003677 0.003662 0.003638 0.003601 0.003546 0.003465 0.003352 0.003197 0.002992 0.002731 0.002407 0.002022 0.001577 0.001082 0.000551 0.000000 
50.000000 42.993109 36.202309 29.823711 24.016548 18.891762 14.507352 10.870437 7.944835 5.662167 3.934303 2.665130 1.760257 1.133885 0.712789 0.437768 0.263214 0.155514 0.090894 0.053177 0.031754 0.019909 0.013531 0.010185 0.008474 0.007622 0.007207 0.007011 0.006919 0.006877 0.006857 0.006846 0.006838 0.006827 0.006810 0.006782 0.006739 0.006672 0.006571 0.006424 0.006216 0.005931 0.005554 0.005071 0.004473 0.003759 0.002933 0.002014 0.001025 0.000000 
50.000000 42.993992 36.204047 29.826253 24.019821 18.895681 14.511822 10.875365 7.950130 5.667749 3.940101 2.671087 1.766326 1.140033 0.718990 0.444003 0.269470 0.161784 0.097172 0.059460 0.038040 0.026196 0.019818 0.016473 0.014762 0.013910 0.013495 0.013298 0.013207 0.013164 0.013143 0.013129 0.013115 0.013096 0.013065 0.013014 0.012932 0.012806 0.012616 0.012337 0.011942 0.011400 0.010681 0.009757 0.008612 0.007239 0.005652 0.003882 0.001976 0.000000 
50.000000 42.995650 36.207311 29.831025 24.025966 18.903037 14.520213 10.884615 7.960069 5.678226 3.950985 2.682270 1.777722 1.151575 0.730631 0.455708 0.281217 0.173556 0.108959 0.071255 0.049840 0.037999 0.031623 0.028278 0.026568 0.025715 0.025301 0.025104 0.025011 0.024967 0.024943 0.024925 0.024903 0.024868 0.024810 0.024716 0.024565 0.024330 0.023975 0.023453 0.022712 0.021692 0.020334 0.018587 0.016415 0.013806 0.010785 0.007409 0.003773 0.000000 
50.000000 42.998655 36.213228 29.839677 24.037108 18.916374 14.535428 10.901386 7.978092 5.697224 3.970721 2.702547 1.798385 1.172505 0.751740 0.476933 0.302516 0.194901 0.130331 0.092644 0.071237 0.059401 0.053027 0.049684 0.047975 0.047123 0.046708 0.046510 0.046417 0.046370 0.046342 0.046315 0.046278 0.046216 0.046113 0.045943 0.045670 0.045242 0.044594 0.043640 0.042280 0.040404 0.037899 0.034665 0.030634 0.025783 0.020151 0.013850 0.007055 0.000000 
50.000000 43.003948 36.223651 29.854917 24.056732 18.939867 14.562229 10.930929 8.009840 5.730691 4.005488 2.738268 1.834786 1.209376 0.788926 0.514326 0.340039 0.232504 0.167983 0.130323 0.108933 0.097105 0.090737 0.087396 0.085688 0.084836 0.084421 0.084222 0.084127 0.084076 0.084041 0.084000 0.083937 0.083830 0.083650 0.083352 0.082870 0.082114 0.080963 0.079264 0.076834 0.073470 0.068963 0.063128 0.055830 0.047023 0.036776 0.025289 0.012887 0.000000 
50.000000 43.013017 36.241509 29.881028 24.090356 18.980118 14.608148 10.981548 8.064237 5.788035 4.065060 2.799476 1.897159 1.272555 0.852647 0.578399 0.404336 0.296939 0.232501 0.194889 0.173526 0.161714 0.155353 0.152017 0.150310 0.149459 0.149044 0.148844 0.148746 0.148689 0.148641 0.148577 0.148473 0.148294 0.147987 0.147478 0.146652 0.145352 0.143366 0.140423 0.136200 0.130328 0.122432 0.112171 0.099293 0.083703 0.065513 0.045076 0.022980 0.000000 
50.000000 43.028130 36.271268 29.924543 24.146391 19.047199 14.684676 11.065909 8.154896 5.883605 4.164346 2.901489 2.001115 1.377855 0.958849 0.685191 0.511502 0.404335 0.340034 0.302504 0.281186 0.269399 0.263052 0.259722 0.258019 0.257169 0.256754 0.256552 0.256448 0.256382 0.256315 0.256216 0.256047 0.255752 0.255247 0.254402 0.253029 0.250859 0.247530 0.242579 0.235439 0.225472 0.212010 0.194438 0.172297 0.145393 0.113901 0.078426 0.039999 0.000000 
50.000000 43.052622 36.319494 29.995061 24.237200 19.155909 14.808698 11.202627 8.301823 6.038493 4.325258 3.066823 2.169599 1.548518 1.130977 0.858274 0.685191 0.578397 0.514321 0.476921 0.455677 0.443931 0.437606 0.434287 0.432590 0.431742 0.431326 0.431121 0.431011 0.430930 0.430834 0.430682 0.430415 0.429946 0.429138 0.427781 0.425566 0.422052 0.416639 0.408548 0.396826 0.380379 0.358054 0.328769 0.291694 0.246445 0.193275 0.133193 0.067970 0.000000 
50.000000 43.091205 36.395469 30.106153 24.380259 19.327173 15.004085 11.418019 8.533302 6.282518 4.578775 3.327309 2.435051 1.817406 1.402173 1.130977 0.958849 0.852644 0.788921 0.751727 0.730600 0.718918 0.712628 0.709327 0.707639 0.706794 0.706378 0.706169 0.706048 0.705946 0.705810 0.705580 0.705171 0.704448 0.703196 0.701087 0.697627 0.692113 0.683577 0.670753 0.652073 0.625715 0.589731 0.542258 0.481818 0.407668 0.320135 0.220850 0.112779 0.000000 
50.000000 43.150274 36.511782 30.276231 24.599279 19.589377 15.303225 11.747790 8.887705 6.656135 4.966929 3.726137 2.841486 2.229103 1.817406 1.548518 1.377854 1.272553 1.209371 1.172492 1.151545 1.139962 1.133724 1.130451 1.128776 1.127938 1.127521 1.127307 1.127172 1.127041 1.126848 1.126512 1.125905 1.124827 1.122953 1.119779 1.114552 1.106178 1.093145 1.073452 1.044590 1.003603 0.947275 0.872465 0.776592 0.658235 0.517733 0.357631 0.182783 0.000000 
50.000000 43.238127 36.684776 30.529192 24.925034 19.979364 15.748154 12.238284 9.414844 7.211856 5.544279 4.319369 3.446036 2.841486 2.435051 2.169599 2.001114 1.897157 1.834780 1.798372 1.777691 1.766256 1.760098 1.756866 1.755211 1.754381 1.753965 1.753744 1.753591 1.753422 1.753156 1.752678 1.751809 1.750257 1.747547 1.742939 1.735308 1.723018 1.703777 1.674516 1.631336 1.569566 1.484026 1.369525 1.221633 1.037682 0.817816 0.565838 0.289507 0.000000 
50.000000 43.365028 36.934661 30.894589 25.395586 20.542703 16.390863 12.946820 10.176321 8.014631 6.378306 5.176345 4.319369 3.726137 3.327309 3.066823 2.901488 2.799474 2.738263 2.702534 2.682240 2.671018 2.664974 2.661802 2.660177 2.659359 2.658946 2.658716 2.658541 2.658326 2.657966 2.657311 2.656113 2.653960 2.650185 2.643732 2.632992 2.615592 2.588173 2.546178 2.483724 2.393639 2.267781 2.097754 1.876085 1.597840 1.262446 0.875290 0.448456 0.000000 
50.000000 43.543002 37.285115 31.407047 26.055523 21.332778 17.292263 13.940551 11.244314 9.140555 7.548072 6.378306 5.544279 4.966929 4.578775 4.325257 4.164345 4.065058 4.005483 3.970708 3.950956 3.940033 3.934150 3.931062 3.929479 3.928680 3.928270 3.928032 3.927831 3.927561 3.927093 3.926229 3.924639 3.921768 3.916710 3.908022 3.893477 3.869763 3.832129 3.774036 3.686892 3.560000 3.380901 3.136314 2.813850 2.404532 1.905898 1.324988 0.680099 0.000000 
50.000000 43.785274 37.762184 32.104652 26.953898 22.408317 18.519359 15.293353 12.698223 10.673341 9.140555 8.014631 7.211856 6.656135 6.282518 6.038493 5.883604 5.788033 5.730686 5.697212 5.678198 5.667683 5.662020 5.659046 5.657520 5.656748 5.656345 5.656099 5.655872 5.655543 5.654956 5.653862 5.651837 5.648166 5.641668 5.630445 5.611545 5.580521 5.530907 5.453663 5.336670 5.164484 4.918578 4.578450 4.123932 3.538979 2.816775 1.965280 1.011252 0.000000 
50.000000 44.105311 38.392385 33.026182 28.140648 23.829112 20.140373 17.080439 14.618890 12.698223 11.244314 10.176321 9.414844 8.887705 8.533301 8.301823 8.154895 8.064235 8.009835 7.978080 7.960042 7.950067 7.944694 7.941872 7.940423 7.939686 7.939296 7.939044 7.938792 7.938405 7.937699 7.936374 7.933911 7.929425 7.921445 7.907587 7.884102 7.845278 7.782682 7.684314 7.533739 7.309445 6.984763 6.528892 5.909705 5.099052 4.080866 2.861234 1.477395 0.000000 
50.000000 44.515458 39.200028 34.207187 29.661560 25.649980 22.217854 19.370774 17.080439 15.293353 13.940551 12.946820 12.238284 11.747790 11.418019 11.202626 11.065908 10.981546 10.930924 10.901375 10.884589 10.875306 10.870306 10.867679 10.866329 10.865639 10.865267 10.865015 10.864742 10.864306 10.863498 10.861970 10.859117 10.853900 10.844573 10.828288 10.800515 10.754258 10.679039 10.559651 10.374775 10.095676 9.685387 9.099117 8.287017 7.200819 5.805881 4.098839 2.127204 0.000000 
50.000000 45.025293 40.203971 35.675245 31.552149 27.913446 24.800323 22.217854 20.140373 18.519359 17.292263 16.390863 15.748154 15.303225 15.004085 14.808697 14.684675 14.608146 14.562225 14.535418 14.520190 14.511769 14.507232 14.504848 14.503621 14.502991 14.502646 14.502401 14.502118 14.501649 14.500772 14.499105 14.495979 14.490238 14.479928 14.461828 14.430760 14.378630 14.293110 14.155948 13.940909 13.611481 13.118737 12.400162 11.381024 9.981006 8.130050 5.797338 3.032267 0.000000 
50.000000 45.639878 41.414189 37.444940 33.831201 30.642003 27.913446 25.649980 23.829112 22.408317 21.332778 20.542703 19.979364 19.589377 19.327173 19.155909 19.047198 18.980117 18.939863 18.916365 18.903016 18.895634 18.891657 18.889566 18.888489 18.887934 18.887625 18.887394 18.887116 18.886642 18.885748 18.884040 18.880827 18.874902 18.864216 18.845355 18.812785 18.757731 18.666618 18.518928 18.284385 17.919407 17.362963 16.532423 15.321002 13.600593 11.237611 8.134471 4.309279 0.000000 
50.000000 46.358211 42.828704 39.513384 36.494997 33.831201 31.552149 29.661560 28.140648 26.953898 26.055523 25.395586 24.925034 24.599279 24.380259 24.237199 24.146391 24.090355 24.056729 24.037100 24.025949 24.019782 24.016459 24.014713 24.013812 24.013345 24.013082 24.012878 24.012621 24.012177 24.011332 24.009712 24.006655 24.000999 23.990755 23.972591 23.941044 23.887353 23.797746 23.650991 23.414919 23.041596 22.460740 21.571143 20.230608 18.247498 15.384077 11.397955 6.174124 0.000000 
50.000000 47.172160 44.431505 41.857163 39.513384 37.444940 35.675245 34.207187 33.026182 32.104652 31.407047 30.894589 30.529192 30.276231 30.106153 29.995061 29.924543 29.881028 29.854915 29.839671 29.831012 29.826222 29.823642 29.822285 29.821584 29.821221 29.821012 29.820846 29.820631 29.820253 29.819531 29.818143 29.815516 29.810643 29.801786 29.786018 29.758498 29.711376 29.632143 29.501149 29.287878 28.945316 28.401307 27.545195 26.207329 24.129306 20.928581 16.087433 9.084877 0.000000 
50.000000 48.066178 46.191976 44.431505 42.828704 41.414189 40.203971 39.200028 38.392385 37.762184 37.285115 36.934661 36.684776 36.511782 36.395469 36.319494 36.271268 36.241508 36.223650 36.213225 36.207302 36.204026 36.202261 36.201333 36.200854 36.200604 36.200460 36.200342 36.200187 36.199911 36.199383 36.198364 36.196433 36.192843 36.186301 36.174619 36.154151 36.118938 36.059371 35.960127 35.796905 35.531150 35.101189 34.406633 33.279718 31.430749 28.344072 23.095988 14.158021 0.000000 
50.000000 49.017950 48.066178 47.172160 46.358211 45.639878 45.025293 44.515458 44.105311 43.785274 43.543002 43.365028 43.238127 43.150274 43.091205 43.052622 43.028130 43.013017 43.003947 42.998653 42.995645 42.993982 42.993085 42.992614 42.992370 42.992243 42.992169 42.992108 42.992027 42.991881 42.991601 42.991062 42.990038 42.988131 42.984652 42.978426 42.967490 42.948620 42.916572 42.862902 42.774022 42.627916 42.388255 41.993025 41.330599 40.184087 38.087283 33.908156 24.508975 0.000000 
50.000000 50.000000 50.000000 50.000000 50.000000 50.000000 50.000000 50.000000 50.000000 50.000000 50.000000 50.000000 50.000000 50.000000 50.000000 50.000000 50.000000 50.000000 50.000000 50.000000 50.000000 50.000000 50.000000 50.000000 50.000000 50.000000 50.000000 50.000000 50.000000 50.000000 50.000000 50.000000 50.000000 50.000000 50.000000 50.000000 50.000000 50.000000 50.000000 50.000000 50.000000 50.000000 50.000000 50.000000 50.000000 50.000000 50.000000 50.000000 50.000000 50.000000 
