50.000000 50.000000 50.000000 50.000000 50.000000 50.000000 50.000000 50.000000 50.000000 50.000000 50.000000 50.000000 50.000000 50.000000 50.000000 50.000000 50.000000 50.000000 50.000000 50.000000 50.000000 50.000000 50.000000 50.000000 50.000000 50.000000 50.000000 50.000000 50.000000 50.000000 50.000000 50.000000 50.000000 50.000000 50.000000 50.000000 50.000000 50.000000 50.000000 50.000000 50.000000 50.000000 50.000000 50.000000 50.000000 50.000000 50.000000 50.000000 50.000000 50.000000 
50.000000 48.163814 46.433392 44.896253 43.608660 42.590984 41.831466 41.295713 40.938161 40.712138 40.576638 40.499506 40.457759 40.436249 40.425683 40.420729 40.418509 40.417557 40.417166 40.417012 40.416953 40.416932 40.416925 40.416922 40.416921 40.416921 40.416921 40.416921 40.416921 40.416919 40.416916 40.416907 40.416880 40.416808 40.416622 40.416153 40.415018 40.412363 40.406361 40.393241 40.365450 40.308253 40.193374 39.966749 39.523294 38.649721 36.879006 33.072896 24.081907 0.000000 
50.000000 46.433392 43.072228 40.086509 37.585518 35.608826 34.133581 33.092978 32.398509 31.959511 31.696340 31.546533 31.465455 31.423679 31.403159 31.393538 31.389227 31.387378 31.386619 31.386319 31.386206 31.386165 31.386150 31.386146 31.386144 31.386143 31.386143 31.386143 31.386142 31.386140 31.386134 31.386117 31.386069 31.385940 31.385605 31.384766 31.382737 31.378007 31.367361 31.344215 31.295543 31.196374 31.000048 30.620977 29.903563 28.564781 26.087411 21.536114 13.360496 0.000000 
50.000000 44.896253 40.086509 35.814043 32.235242 29.406722 27.295774 25.806788 24.813101 24.184972 23.808429 23.594093 23.478094 23.418327 23.388971 23.375208 23.369041 23.366396 23.365310 23.364881 23.364719 23.364660 23.364640 23.364633 23.364630 23.364630 23.364629 23.364629 23.364628 23.364626 23.364618 23.364596 23.364536 23.364373 23.363953 23.362903 23.360376 23.354512 23.341395 23.313102 23.254221 23.135895 22.906012 22.473627 21.685254 20.291296 17.907021 13.999097 8.017247 0.000000 
50.000000 43.608660 37.585518 32.235242 27.753674 24.211704 21.568353 19.703872 18.459627 17.673138 17.201679 16.933324 16.788095 16.713270 16.676520 16.659291 16.651571 16.648261 16.646901 16.646365 16.646162 16.646089 16.646063 16.646054 16.646051 16.646050 16.646050 16.646050 16.646049 16.646046 16.646038 16.646015 16.645952 16.645782 16.645344 16.644256 16.641647 16.635632 16.622276 16.593737 16.535048 16.418908 16.197752 15.792651 15.079615 13.876837 11.943945 9.020737 4.958939 0.000000 
50.000000 42.590984 35.608826 29.406722 24.211704 20.105937 17.041892 14.880729 13.438538 12.526957 11.980531 11.669517 11.501208 11.414496 11.371909 11.351945 11.343000 11.339165 11.337589 11.336968 11.336733 11.336648 11.336618 11.336608 11.336604 11.336603 11.336603 11.336602 11.336602 11.336599 11.336592 11.336571 11.336512 11.336357 11.335957 11.334967 11.332608 11.327204 11.315302 11.290123 11.238980 11.139324 10.953210 10.620569 10.052968 9.132089 7.721468 5.705263 3.067691 0.000000 
50.000000 41.831466 34.133581 27.295774 21.568353 17.041892 13.663965 11.281472 9.691629 8.686753 8.084425 7.741605 7.556092 7.460520 7.413585 7.391583 7.381726 7.377499 7.375763 7.375079 7.374820 7.374726 7.374693 7.374682 7.374678 7.374677 7.374677 7.374676 7.374676 7.374674 7.374667 7.374650 7.374602 7.374473 7.374144 7.373333 7.371413 7.367045 7.357502 7.337514 7.297401 7.220377 7.079079 6.831982 6.421323 5.775702 4.822147 3.512604 1.864717 0.000000 
50.000000 41.295713 33.092978 25.806788 19.703872 14.880729 11.281472 8.742933 7.049005 5.978373 5.336652 4.971424 4.773793 4.671983 4.621986 4.598550 4.588050 4.583549 4.581700 4.580971 4.580696 4.580595 4.580560 4.580548 4.580544 4.580543 4.580543 4.580543 4.580542 4.580540 4.580536 4.580522 4.580486 4.580389 4.580141 4.579534 4.578106 4.574876 4.567880 4.553363 4.524558 4.469988 4.371467 4.202393 3.927520 3.506120 2.900776 2.092930 1.102338 0.000000 
50.000000 40.938161 32.398509 24.813101 18.459627 13.438538 9.691629 7.049005 5.285664 4.171189 3.503208 3.123046 2.917341 2.811375 2.759339 2.734948 2.724022 2.719337 2.717413 2.716655 2.716368 2.716264 2.716227 2.716215 2.716211 2.716209 2.716209 2.716209 2.716208 2.716207 2.716204 2.716195 2.716169 2.716101 2.715929 2.715510 2.714528 2.712322 2.707580 2.697828 2.678677 2.642832 2.579018 2.471253 2.299215 2.040718 1.677206 1.202135 0.629908 0.000000 
50.000000 40.712138 31.959511 24.184972 17.673138 12.526957 8.686753 5.978373 4.171189 3.029028 2.344467 1.954880 1.744081 1.635493 1.582171 1.557179 1.545983 1.541183 1.539212 1.538435 1.538141 1.538034 1.537996 1.537984 1.537980 1.537978 1.537978 1.537978 1.537978 1.537977 1.537975 1.537969 1.537952 1.537908 1.537797 1.537527 1.536899 1.535496 1.532502 1.526395 1.514514 1.492512 1.453815 1.389352 1.287978 1.138090 0.930751 0.663968 0.346688 0.000000 
50.000000 40.576638 31.696340 23.808429 17.201679 11.980531 8.084425 5.336652 3.503208 2.344467 1.649982 1.254754 1.040907 0.930751 0.876661 0.851308 0.839951 0.835083 0.833083 0.832295 0.831997 0.831889 0.831851 0.831838 0.831834 0.831833 0.831832 0.831832 0.831832 0.831831 0.831830 0.831826 0.831816 0.831789 0.831722 0.831560 0.831184 0.830349 0.828577 0.824991 0.818073 0.805380 0.783289 0.746911 0.690408 0.607943 0.495328 0.352125 0.183398 0.000000 
50.000000 40.499506 31.546533 23.594093 16.933324 11.669517 7.741605 4.971424 3.123046 1.954880 1.254754 0.856321 0.640742 0.529697 0.475170 0.449613 0.438165 0.433258 0.431242 0.430448 0.430147 0.430038 0.430000 0.429987 0.429982 0.429981 0.429981 0.429981 0.429981 0.429980 0.429979 0.429977 0.429972 0.429956 0.429918 0.429826 0.429614 0.429147 0.428161 0.426177 0.422378 0.415466 0.403545 0.384103 0.354214 0.311048 0.252698 0.179172 0.093145 0.000000 
50.000000 40.457759 31.465455 23.478094 16.788095 11.501208 7.556092 4.773793 2.917341 1.744081 1.040907 0.640742 0.424228 0.312702 0.257940 0.232273 0.220776 0.215847 0.213823 0.213026 0.212724 0.212614 0.212576 0.212563 0.212558 0.212557 0.212557 0.212556 0.212556 0.212556 0.212556 0.212555 0.212552 0.212543 0.212523 0.212474 0.212361 0.212114 0.211595 0.210558 0.208584 0.205019 0.198917 0.189047 0.174004 0.152463 0.123582 0.087448 0.045397 0.000000 
50.000000 40.436249 31.423679 23.418327 16.713270 11.414496 7.460520 4.671983 2.811375 1.635493 0.930751 0.529697 0.312702 0.200929 0.146046 0.120323 0.108800 0.103861 0.101832 0.101033 0.100731 0.100621 0.100582 0.100569 0.100565 0.100564 0.100563 0.100563 0.100563 0.100563 0.100563 0.100562 0.100560 0.100556 0.100546 0.100521 0.100465 0.100341 0.100082 0.099568 0.098595 0.096848 0.093878 0.089107 0.081888 0.071623 0.057951 0.040942 0.021231 0.000000 
50.000000 40.425683 31.403159 23.388971 16.676520 11.371909 7.413585 4.621986 2.759339 1.582171 0.876661 0.475170 0.257940 0.146046 0.091104 0.065353 0.053818 0.048874 0.046843 0.046043 0.045740 0.045630 0.045591 0.045578 0.045574 0.045573 0.045572 0.045572 0.045572 0.045572 0.045572 0.045572 0.045571 0.045569 0.045564 0.045552 0.045525 0.045466 0.045343 0.045101 0.044644 0.043829 0.042452 0.040252 0.036942 0.032265 0.026068 0.018393 0.009530 0.000000 
50.000000 40.420729 31.393538 23.375208 16.659291 11.351945 7.391583 4.598550 2.734948 1.557179 0.851308 0.449613 0.232273 0.120323 0.065353 0.039589 0.028049 0.023102 0.021070 0.020269 0.019966 0.019856 0.019818 0.019805 0.019800 0.019799 0.019799 0.019798 0.019798 0.019798 0.019798 0.019798 0.019798 0.019797 0.019795 0.019789 0.019777 0.019750 0.019695 0.019586 0.019382 0.019019 0.018409 0.017439 0.015988 0.013947 0.011255 0.007933 0.004108 0.000000 
50.000000 40.418509 31.389227 23.369041 16.651571 11.343000 7.381726 4.588050 2.724022 1.545983 0.839951 0.438165 0.220776 0.108800 0.053818 0.028049 0.016505 0.011557 0.009525 0.008724 0.008421 0.008311 0.008273 0.008259 0.008255 0.008254 0.008254 0.008253 0.008253 0.008253 0.008253 0.008253 0.008253 0.008253 0.008252 0.008249 0.008244 0.008233 0.008209 0.008162 0.008075 0.007920 0.007662 0.007253 0.006643 0.005789 0.004667 0.003287 0.001701 0.000000 
50.000000 40.417557 31.387378 23.366396 16.648261 11.339165 7.377499 4.583549 2.719337 1.541183 0.835083 0.433258 0.215847 0.103861 0.048874 0.023102 0.011557 0.006609 0.004576 0.003775 0.003472 0.003362 0.003324 0.003311 0.003306 0.003305 0.003305 0.003304 0.003304 0.003304 0.003304 0.003304 0.003304 0.003304 0.003304 0.003303 0.003301 0.003296 0.003286 0.003267 0.003231 0.003168 0.003063 0.002898 0.002652 0.002309 0.001860 0.001309 0.000677 0.000000 
50.000000 40.417166 31.386619 23.365310 16.646901 11.337589 7.375763 4.581700 2.717413 1.539212 0.833083 0.431242 0.213823 0.101832 0.046843 0.021070 0.009525 0.004576 0.002544 0.001743 0.001440 0.001330 0.001291 0.001278 0.001274 0.001272 0.001272 0.001272 0.001272 0.001272 0.001272 0.001272 0.001272 0.001272 0.001272 0.001271 0.001270 0.001268 0.001265 0.001257 0.001243 0.001218 0.001178 0.001113 0.001018 0.000886 0.000713 0.000502 0.000259 0.000000 
50.000000 40.417012 31.386319 23.364881 16.646365 11.336968 7.375079 4.580971 2.716655 1.538435 0.832295 0.430448 0.213026 0.101033 0.046043 0.020269 0.008724 0.003775 0.001743 0.000942 0.000639 0.000529 0.000490 0.000477 0.000473 0.000472 0.000471 0.000471 0.000471 0.000471 0.000471 0.000471 0.000471 0.000471 0.000471 0.000471 0.000470 0.000470 0.000468 0.000465 0.000460 0.000451 0.000436 0.000412 0.000376 0.000327 0.000263 0.000185 0.000096 0.000000 
50.000000 40.416953 31.386206 23.364719 16.646162 11.336733 7.374820 4.580696 2.716368 1.538141 0.831997 0.430147 0.212724 0.100731 0.045740 0.019966 0.008421 0.003472 0.001440 0.000639 0.000336 0.000226 0.000187 0.000174 0.000170 0.000169 0.000168 0.000168 0.000168 0.000168 0.000168 0.000168 0.000168 0.000168 0.000168 0.000168 0.000168 0.000168 0.000167 0.000166 0.000164 0.000161 0.000155 0.000147 0.000134 0.000116 0.000094 0.000066 0.000034 0.000000 
50.000000 40.416932 31.386165 23.364660 16.646089 11.336648 7.374726 4.580595 2.716264 1.538034 0.831889 0.430038 0.212614 0.100621 0.045630 0.019856 0.008311 0.003362 0.001330 0.000529 0.000226 0.000116 0.000077 0.000064 0.000060 0.000058 0.000058 0.000058 0.000058 0.000058 0.000058 0.000058 0.000058 0.000058 0.000058 0.000058 0.000058 0.000058 0.000057 0.000057 0.000056 0.000055 0.000053 0.000050 0.000046 0.000040 0.000032 0.000023 0.000012 0.000000 
50.000000 40.416925 31.386150 23.364640 16.646063 11.336618 7.374693 4.580560 2.716227 1.537997 0.831851 0.430000 0.212576 0.100582 0.045591 0.019818 0.008273 0.003324 0.001291 0.000490 0.000187 0.000077 0.000038 0.000025 0.000021 0.000020 0.000019 0.000019 0.000019 0.000019 0.000019 0.000019 0.000019 0.000019 0.000019 0.000019 0.000019 0.000019 0.000019 0.000019 0.000019 0.000018 0.000018 0.000017 0.000015 0.000013 0.000011 0.000007 0.000004 0.000000 
50.000000 40.416922 31.386146 23.364633 16.646054 11.336608 7.374682 4.580548 2.716215 1.537984 0.831838 0.429987 0.212563 0.100569 0.045578 0.019805 0.008260 0.003311 0.001278 0.000477 0.000174 0.000064 0.000025 0.000012 0.000008 0.000007 0.000006 0.000006 0.000006 0.000006 0.000006 0.000006 0.000006 0.000006 0.000006 0.000006 0.000006 0.000006 0.000006 0.000006 0.000006 0.000006 0.000006 0.000005 0.000005 0.000004 0.000003 0.000002 0.000001 0.000000 
50.000000 40.416922 31.386144 23.364631 16.646052 11.336605 7.374679 4.580545 2.716211 1.537980 0.831834 0.429983 0.212559 0.100565 0.045574 0.019801 0.008256 0.003307 0.001274 0.000473 0.000170 0.000060 0.000022 0.000009 0.000004 0.000003 0.000003 0.000003 0.000002 0.000002 0.000002 0.000002 0.000002 0.000002 0.000002 0.000002 0.000002 0.000002 0.000002 0.000002 0.000002 0.000002 0.000002 0.000002 0.000002 0.000002 0.000001 0.000001 0.000000 0.000000 
50.000000 40.416922 31.386144 23.364631 16.646052 11.336605 7.374679 4.580545 2.716211 1.537980 0.831834 0.429983 0.212559 0.100565 0.045574 0.019801 0.008256 0.003307 0.001274 0.000473 0.000170 0.000060 0.000022 0.000009 0.000004 0.000003 0.000003 0.000003 0.000002 0.000002 0.000002 0.000002 0.000002 0.000002 0.000002 0.000002 0.000002 0.000002 0.000002 0.000002 0.000002 0.000002 0.000002 0.000002 0.000002 0.000002 0.000001 0.000001 0.000000 0.000000 
50.000000 40.416922 31.386146 23.364633 16.646054 11.336608 7.374682 4.580548 2.716215 1.537984 0.831838 0.429987 0.212563 0.100569 0.045578 0.019805 0.008260 0.003311 0.001278 0.000477 0.000174 0.000064 0.000025 0.000012 0.000008 0.000007 0.000006 0.000006 0.000006 0.000006 0.000006 0.000006 0.000006 0.000006 0.000006 0.000006 0.000006 0.000006 0.000006 0.000006 0.000006 0.000006 0.000006 0.000005 0.000005 0.000004 0.000003 0.000002 0.000001 0.000000 
50.000000 40.416925 31.386150 23.364640 16.646063 11.336618 7.374693 4.580560 2.716227 1.537997 0.831851 0.430000 0.212576 0.100582 0.045591 0.019818 0.008273 0.003324 0.001291 0.000490 0.000187 0.000077 0.000038 0.000025 0.000021 0.000020 0.000019 0.000019 0.000019 0.000019 0.000019 0.000019 0.000019 0.000019 0.000019 0.000019 0.000019 0.000019 0.000019 0.000019 0.000019 0.000018 0.000018 0.000017 0.000015 0.000013 0.000011 0.000007 0.000004 0.000000 
50.000000 40.416932 31.386165 23.364660 16.646089 11.336648 7.374726 4.580595 2.716264 1.538034 0.831889 0.430038 0.212614 0.100621 0.045630 0.019856 0.008311 0.003362 0.001330 0.000529 0.000226 0.000116 0.000077 0.000064 0.000060 0.000058 0.000058 0.000058 0.000058 0.000058 0.000058 0.000058 0.000058 0.000058 0.000058 0.000058 0.000058 0.000058 0.000057 0.000057 0.000056 0.000055 0.000053 0.000050 0.000046 0.000040 0.000032 0.000023 0.000012 0.000000 
50.000000 40.416953 31.386206 23.364719 16.646162 11.336733 7.374820 4.580696 2.716368 1.538141 0.831997 0.430147 0.212724 0.100731 0.045740 0.019966 0.008421 0.003472 0.001440 0.000639 0.000336 0.000226 0.000187 0.000174 0.000170 0.000169 0.000168 0.000168 0.000168 0.000168 0.000168 0.000168 0.000168 0.000168 0.000168 0.000168 0.000168 0.000168 0.000167 0.000166 0.000164 0.000161 0.000155 0.000147 0.000134 0.000116 0.000094 0.000066 0.000034 0.000000 
50.000000 40.417012 31.386319 23.364881 16.646365 11.336968 7.375079 4.580971 2.716655 1.538435 0.832295 0.430448 0.213026 0.101033 0.046043 0.020269 0.008724 0.003775 0.001743 0.000942 0.000639 0.000529 0.000490 0.000477 0.000473 0.000472 0.000471 0.000471 0.000471 0.000471 0.000471 0.000471 0.000471 0.000471 0.000471 0.000471 0.000470 0.000470 0.000468 0.000465 0.000460 0.000451 0.000436 0.000412 0.000376 0.000327 0.000263 0.000185 0.000096 0.000000 
50.000000 40.417166 31.386619 23.365310 16.646901 11.337589 7.375763 4.581700 2.717413 1.539212 0.833083 0.431242 0.213823 0.101832 0.046843 0.021070 0.009525 0.004576 0.002544 0.001743 0.001440 0.001330 0.001291 0.001278 0.001274 0.001272 0.001272 0.001272 0.001272 0.001272 0.001272 0.001272 0.001272 0.001272 0.001272 0.001271 0.001270 0.001268 0.001265 0.001257 0.001243 0.001218 0.001178 0.001113 0.001018 0.000886 0.000713 0.000502 0.000259 0.000000 
50.000000 40.417557 31.387378 23.366396 16.648261 11.339165 7.377499 4.583549 2.719337 1.541183 0.835083 0.433258 0.215847 0.103861 0.048874 0.023102 0.011557 0.006609 0.004576 0.003775 0.003472 0.003362 0.003324 0.003311 0.003306 0.003305 0.003305 0.003304 0.003304 0.003304 0.003304 0.003304 0.003304 0.003304 0.003304 0.003303 0.003301 0.003296 0.003286 0.003267 0.003231 0.003168 0.003063 0.002898 0.002652 0.002309 0.001860 0.001309 0.000677 0.000000 
50.000000 40.418509 31.389227 23.369041 16.651571 11.343000 7.381726 4.588050 2.724022 1.545983 0.839951 0.438165 0.220776 0.108800 0.053818 0.028049 0.016505 0.011557 0.009525 0.008724 0.008421 0.008311 0.008273 0.008259 0.008255 0.008254 0.008254 0.008253 0.008253 0.008253 0.008253 0.008253 0.008253 0.008253 0.008252 0.008249 0.008244 0.008233 0.008209 0.008162 0.008075 0.007920 0.007662 0.007253 0.006643 0.005789 0.004667 0.003287 0.001701 0.000000 
50.000000 40.420729 31.393538 23.375208 16.659291 11.351945 7.391583 4.598550 2.734948 1.557179 0.851308 0.449613 0.232273 0.120323 0.065353 0.039589 0.028049 0.023102 0.021070 0.020269 0.019966 0.019856 0.019818 0.019805 0.019800 0.019799 0.019799 0.019798 0.019798 0.019798 0.019798 0.019798 0.019798 0.019797 0.019795 0.019789 0.019777 0.019750 0.019695 0.019586 0.019382 0.019019 0.018409 0.017439 0.015988 0.013947 0.011255 0.007933 0.004108 0.000000 
50.000000 40.425683 31.403159 23.388971 16.676520 11.371909 7.413585 4.621986 2.759339 1.582171 0.876661 0.475170 0.257940 0.146046 0.091104 0.065353 0.053818 0.048874 0.046843 0.046043 0.045740 0.045630 0.045591 0.045578 0.045574 0.045573 0.045572 0.045572 0.045572 0.045572 0.045572 0.045572 0.045571 0.045569 0.045564 0.045552 0.045525 0.045466 0.045343 0.045101 0.044644 0.043829 0.042452 0.040252 0.036942 0.032265 0.026068 0.018393 0.009530 0.000000 
50.000000 40.436249 31.423679 23.418327 16.713270 11.414496 7.460520 4.671983 2.811375 1.635493 0.930751 0.529697 0.312702 0.200929 0.146046 0.120323 0.108800 0.103861 0.101832 0.101033 0.100731 0.100621 0.100582 0.100569 0.100565 0.100564 0.100563 0.100563 0.100563 0.100563 0.100563 0.100562 0.100560 0.100556 0.100546 0.100521 0.100465 0.100341 0.100082 0.099568 0.098595 0.096848 0.093878 0.089107 0.081888 0.071623 0.057951 0.040942 0.021231 0.000000 
50.000000 40.457759 31.465455 23.478094 16.788095 11.501208 7.556092 4.773793 2.917341 1.744081 1.040907 0.640742 0.424228 0.312702 0.257940 0.232273 0.220776 0.215847 0.213823 0.213026 0.212724 0.212614 0.212576 0.212563 0.212558 0.212557 0.212557 0.212556 0.212556 0.212556 0.212556 0.212555 0.212552 0.212543 0.212523 0.212474 0.212361 0.212114 0.211595 0.210558 0.208584 0.205019 0.198917 0.189047 0.174004 0.152463 0.123582 0.087448 0.045397 0.000000 
50.000000 40.499506 31.546533 23.594093 16.933324 11.669517 7.741605 4.971424 3.123046 1.954880 1.254754 0.856321 0.640742 0.529697 0.475170 0.449613 0.438165 0.433258 0.431242 0.430448 0.430147 0.430038 0.430000 0.429987 0.429982 0.429981 0.429981 0.429981 0.429981 0.429980 0.429979 0.429977 0.429972 0.429956 0.429918 0.429826 0.429614 0.429147 0.428161 0.426177 0.422378 0.415466 0.403545 0.384103 0.354214 0.311048 0.252698 0.179172 0.093145 0.000000 
50.000000 40.576638 31.696340 23.808429 17.201679 11.980531 8.084425 5.336652 3.503208 2.344467 1.649982 1.254754 1.040907 0.930751 0.876661 0.851308 0.839951 0.835083 0.833083 0.832295 0.831997 0.831889 0.831851 0.831838 0.831834 0.831833 0.831832 0.831832 0.831832 0.831831 0.831830 0.831826 0.831816 0.831789 0.831722 0.831560 0.831184 0.830349 0.828577 0.824991 0.818073 0.805380 0.783289 0.746911 0.690408 0.607943 0.495328 0.352125 0.183398 0.000000 
50.000000 40.712138 31.959511 24.184972 17.673138 12.526957 8.686753 5.978373 4.171189 3.029028 2.344467 1.954880 1.744081 1.635493 1.582171 1.557179 1.545983 1.541183 1.539212 1.538435 1.538141 1.538034 1.537996 1.537984 1.537980 1.537978 1.537978 1.537978 1.537978 1.537977 1.537975 1.537969 1.537952 1.537908 1.537797 1.537527 1.536899 1.535496 1.532502 1.526395 1.514514 1.492512 1.453815 1.389352 1.287978 1.138090 0.930751 0.663968 0.346688 0.000000 
50.000000 40.938161 32.398509 24.813101 18.459627 13.438538 9.691629 7.049005 5.285664 4.171189 3.503208 3.123046 2.917341 2.811375 2.759339 2.734948 2.724022 2.719337 2.717413 2.716655 2.716368 2.716264 2.716227 2.716215 2.716211 2.716209 2.716209 2.716209 2.716208 2.716207 2.716204 2.716195 2.716169 2.716101 2.715929 2.715510 2.714528 2.712322 2.707580 2.697828 2.678677 2.642832 2.579018 2.471253 2.299215 2.040718 1.677206 1.202135 0.629908 0.000000 
50.000000 41.295713 33.092978 25.806788 19.703872 14.880729 11.281472 8.742933 7.049005 5.978373 5.336652 4.971424 4.773793 4.671983 4.621986 4.598550 4.588050 4.583549 4.581700 4.580971 4.580696 4.580595 4.580560 4.580548 4.580544 4.580543 4.580543 4.580543 4.580542 4.580540 4.580536 4.580522 4.580486 4.580389 4.580141 4.579534 4.578106 4.574876 4.567880 4.553363 4.524558 4.469988 4.371467 4.202393 3.927520 3.506120 2.900776 2.092930 1.102338 0.000000 
50.000000 41.831466 34.133581 27.295774 21.568353 17.041892 13.663965 11.281472 9.691629 8.686753 8.084425 7.741605 7.556092 7.460520 7.413585 7.391583 7.381726 7.377499 7.375763 7.375079 7.374820 7.374726 7.374693 7.374682 7.374678 7.374677 7.374677 7.374676 7.374676 7.374674 7.374667 7.374650 7.374602 7.374473 7.374144 7.373333 7.371413 7.367045 7.357502 7.337514 7.297401 7.220377 7.079079 6.831982 6.421323 5.775702 4.822147 3.512604 1.864717 0.000000 
50.000000 42.590984 35.608826 29.406722 24.211704 20.105937 17.041892 14.880729 13.438538 12.526957 11.980531 11.669517 11.501208 11.414496 11.371909 11.351945 11.343000 11.339165 11.337589 11.336968 11.336733 11.336648 11.336618 11.336608 11.336604 11.336603 11.336603 11.336602 11.336602 11.336599 11.336592 11.336571 11.336512 11.336357 11.335957 11.334967 11.332608 11.327204 11.315302 11.290123 11.238980 11.139324 10.953210 10.620569 10.052968 9.132089 7.721468 5.705263 3.067691 0.000000 
50.000000 43.608660 37.585518 32.235242 27.753674 24.211704 21.568353 19.703872 18.459627 17.673138 17.201679 16.933324 16.788095 16.713270 16.676520 16.659291 16.651571 16.648261 16.646901 16.646365 16.646162 16.646089 16.646063 16.646054 16.646051 16.646050 16.646050 16.646050 16.646049 16.646046 16.646038 16.646015 16.645952 16.645782 16.645344 16.644256 16.641647 16.635632 16.622276 16.593737 16.535048 16.418908 16.197752 15.792651 15.079615 13.876837 11.943945 9.020737 4.958939 0.000000 
50.000000 44.896253 40.086509 35.814043 32.235242 29.406722 27.295774 25.806788 24.813101 24.184972 23.808429 23.594093 23.478094 23.418327 23.388971 23.375208 23.369041 23.366396 23.365310 23.364881 23.364719 23.364660 23.364640 23.364633 23.364630 23.364630 23.364629 23.364629 23.364628 23.364626 23.364618 23.364596 23.364536 23.364373 23.363953 23.362903 23.360376 23.354512 23.341395 23.313102 23.254221 23.135895 22.906012 22.473627 21.685254 20.291296 17.907021 13.999097 8.017247 0.000000 
50.000000 46.433392 43.072228 40.086509 37.585518 35.608826 34.133581 33.092978 32.398509 31.959511 31.696340 31.546533 31.465455 31.423679 31.403159 31.393538 31.389227 31.387378 31.386619 31.386319 31.386206 31.386165 31.386150 31.386146 31.386144 31.386143 31.386143 31.386143 31.386142 31.386140 31.386134 31.386117 31.386069 31.385940 31.385605 31.384766 31.382737 31.378007 31.367361 31.344215 31.295543 31.196374 31.000048 30.620977 29.903563 28.564781 26.087411 21.536114 13.360496 0.000000 
50.000000 48.163814 46.433392 44.896253 43.608660 42.590984 41.831466 41.295713 40.938161 40.712138 40.576638 40.499506 40.457759 40.436249 40.425683 40.420729 40.418509 40.417557 40.417166 40.417012 40.416953 40.416932 40.416925 40.416922 40.416921 40.416921 40.416921 40.416921 40.416921 40.416919 40.416916 40.416907 40.416880 40.416808 40.416622 40.416153 40.415018 40.412363 40.406361 40.393241 40.365450 40.308253 40.193374 39.966749 39.523294 38.649721 36.879006 33.072896 24.081907 0.000000 
50.000000 50.000000 50.000000 50.000000 50.000000 50.000000 50.000000 50.000000 50.000000 50.000000 50.000000 50.000000 50.000000 50.000000 50.000000 50.000000 50.000000 50.000000 50.000000 50.000000 50.000000 50.000000 50.000000 50.000000 50.000000 50.000000 50.000000 50.000000 50.000000 50.000000 50.000000 50.000000 50.000000 50.000000 50.000000 50.000000 50.000000 50.000000 50.000000 50.000000 50.000000 50.000000 50.000000 50.000000 50.000000 50.000000 50.000000 50.000000 50.000000 50.000000 
