50.000000 50.000000 50.000000 50.000000 50.000000 50.000000 50.000000 50.000000 50.000000 50.000000 50.000000 50.000000 50.000000 50.000000 50.000000 50.000000 50.000000 50.000000 50.000000 50.000000 50.000000 50.000000 50.000000 50.000000 50.000000 50.000000 50.000000 50.000000 50.000000 50.000000 50.000000 50.000000 50.000000 50.000000 50.000000 50.000000 50.000000 50.000000 50.000000 50.000000 50.000000 50.000000 50.000000 50.000000 50.000000 50.000000 50.000000 50.000000 50.000000 50.000000 
50.000000 47.084757 44.435786 42.246623 40.598340 39.464933 38.751086 38.337949 38.117487 38.008638 37.958743 37.937438 37.928937 37.925758 37.924640 37.924270 37.924154 37.924120 37.924110 37.924108 37.924107 37.924107 37.924107 37.924107 37.924107 37.924107 37.924107 37.924107 37.924107 37.924107 37.924107 37.924107 37.924106 37.924104 37.924097 37.924072 37.923986 37.923708 37.922855 37.920356 37.913387 37.894867 37.847854 37.733339 37.463668 36.842050 35.411941 32.033993 23.542379 0.000000 
50.000000 44.435786 39.379838 35.201571 32.055712 29.892598 28.530269 27.741859 27.321162 27.113461 27.018260 26.977612 26.961395 26.955330 26.953198 26.952491 26.952270 26.952205 26.952186 26.952181 26.952180 26.952180 26.952180 26.952180 26.952180 26.952180 26.952180 26.952180 26.952180 26.952180 26.952180 26.952179 26.952179 26.952175 26.952163 26.952121 26.951977 26.951513 26.950092 26.945955 26.934510 26.904417 26.829171 26.649930 26.242014 25.351623 23.480045 19.689919 12.401793 0.000000 
50.000000 42.246623 35.201571 29.379640 24.996411 21.982614 20.084633 18.986302 18.400273 18.110969 17.978376 17.921769 17.899186 17.890741 17.887773 17.886790 17.886482 17.886391 17.886365 17.886358 17.886357 17.886356 17.886356 17.886356 17.886356 17.886356 17.886356 17.886356 17.886356 17.886356 17.886356 17.886356 17.886355 17.886351 17.886337 17.886289 17.886127 17.885608 17.884028 17.879463 17.866964 17.834554 17.755016 17.570377 17.165187 16.325708 14.689820 11.721525 6.834682 0.000000 
50.000000 40.598340 32.055712 24.996411 19.681813 16.027830 13.726837 12.395390 11.685039 11.334395 11.173704 11.105109 11.077746 11.067515 11.063920 11.062729 11.062356 11.062246 11.062215 11.062206 11.062204 11.062204 11.062204 11.062204 11.062204 11.062204 11.062204 11.062204 11.062204 11.062204 11.062203 11.062203 11.062202 11.062199 11.062187 11.062143 11.061998 11.061533 11.060131 11.056116 11.045248 11.017476 10.950606 10.799216 10.477849 9.840906 8.670703 6.704090 3.756290 0.000000 
50.000000 39.464933 29.892598 21.982614 16.027830 11.933921 9.356065 7.864528 7.068833 6.676098 6.496136 6.419322 6.388685 6.377231 6.373206 6.371873 6.371456 6.371332 6.371298 6.371288 6.371286 6.371285 6.371285 6.371285 6.371285 6.371285 6.371285 6.371285 6.371285 6.371285 6.371285 6.371285 6.371284 6.371282 6.371272 6.371239 6.371128 6.370776 6.369720 6.366726 6.358713 6.338523 6.290767 6.185055 5.966960 5.549981 4.817427 3.650584 2.001265 0.000000 
50.000000 38.751086 28.530269 20.084633 13.726837 9.356065 6.604033 5.011824 4.162487 3.743309 3.551247 3.469276 3.436584 3.424364 3.420070 3.418648 3.418204 3.418072 3.418035 3.418025 3.418022 3.418022 3.418021 3.418021 3.418021 3.418021 3.418021 3.418021 3.418021 3.418021 3.418021 3.418021 3.418021 3.418019 3.418013 3.417990 3.417916 3.417683 3.416988 3.415035 3.409862 3.396996 3.367043 3.302016 3.171010 2.927621 2.514256 1.880339 1.017747 0.000000 
50.000000 38.337949 27.741859 18.986302 12.395390 7.864528 5.011824 3.361456 2.481146 2.046709 1.847668 1.762726 1.728851 1.716190 1.711742 1.710269 1.709808 1.709671 1.709633 1.709622 1.709620 1.709619 1.709619 1.709619 1.709619 1.709619 1.709619 1.709619 1.709619 1.709619 1.709619 1.709619 1.709619 1.709618 1.709614 1.709600 1.709556 1.709419 1.709011 1.707874 1.704893 1.697561 1.680728 1.644781 1.573760 1.444784 1.231286 0.912688 0.490095 0.000000 
50.000000 38.117487 27.321162 18.400273 11.685039 7.068833 4.162487 2.481146 1.584350 1.141798 0.939048 0.852527 0.818025 0.805130 0.800599 0.799099 0.798630 0.798491 0.798452 0.798441 0.798438 0.798438 0.798438 0.798438 0.798438 0.798438 0.798438 0.798438 0.798438 0.798438 0.798438 0.798438 0.798437 0.798437 0.798435 0.798428 0.798404 0.798331 0.798115 0.797517 0.795961 0.792175 0.783584 0.765491 0.730310 0.667563 0.565718 0.416745 0.222620 0.000000 
50.000000 38.008638 27.113461 18.110969 11.334395 6.676098 3.743309 2.046709 1.141798 0.695252 0.490679 0.403382 0.368572 0.355562 0.350992 0.349479 0.349005 0.348865 0.348826 0.348815 0.348812 0.348812 0.348811 0.348811 0.348811 0.348811 0.348811 0.348811 0.348811 0.348811 0.348811 0.348811 0.348811 0.348811 0.348810 0.348807 0.348795 0.348759 0.348655 0.348368 0.347626 0.345836 0.341816 0.333447 0.317385 0.289147 0.244005 0.178952 0.095251 0.000000 
50.000000 37.958743 27.018260 17.978376 11.173704 6.496136 3.551247 1.847668 0.939048 0.490679 0.285274 0.197624 0.162674 0.149612 0.145023 0.143504 0.143029 0.142888 0.142848 0.142837 0.142835 0.142834 0.142834 0.142834 0.142834 0.142834 0.142834 0.142834 0.142834 0.142834 0.142834 0.142834 0.142834 0.142834 0.142833 0.142832 0.142827 0.142811 0.142764 0.142637 0.142312 0.141531 0.139794 0.136212 0.129409 0.117588 0.098913 0.072304 0.038387 0.000000 
50.000000 37.937438 26.977612 17.921769 11.105109 6.419322 3.469276 1.762726 0.852527 0.403382 0.197624 0.109824 0.074814 0.061730 0.057134 0.055612 0.055136 0.054995 0.054955 0.054944 0.054942 0.054941 0.054941 0.054941 0.054941 0.054941 0.054941 0.054941 0.054941 0.054941 0.054941 0.054941 0.054941 0.054941 0.054940 0.054940 0.054938 0.054931 0.054912 0.054860 0.054727 0.054412 0.053714 0.052287 0.049602 0.044978 0.037741 0.027520 0.014583 0.000000 
50.000000 37.928937 26.961395 17.899186 11.077746 6.388685 3.436584 1.728851 0.818025 0.368572 0.162674 0.074814 0.039781 0.026688 0.022089 0.020566 0.020089 0.019948 0.019908 0.019898 0.019895 0.019894 0.019894 0.019894 0.019894 0.019894 0.019894 0.019894 0.019894 0.019894 0.019894 0.019894 0.019894 0.019894 0.019894 0.019894 0.019893 0.019891 0.019883 0.019863 0.019813 0.019694 0.019433 0.018901 0.017909 0.016213 0.013578 0.009882 0.005229 0.000000 
50.000000 37.925758 26.955330 17.890741 11.067515 6.377231 3.424364 1.716190 0.805130 0.355562 0.149612 0.061730 0.026688 0.013592 0.008991 0.007468 0.006991 0.006850 0.006811 0.006800 0.006797 0.006797 0.006796 0.006796 0.006796 0.006796 0.006796 0.006796 0.006796 0.006796 0.006796 0.006796 0.006796 0.006796 0.006796 0.006796 0.006796 0.006795 0.006792 0.006785 0.006768 0.006725 0.006634 0.006448 0.006103 0.005518 0.004614 0.003353 0.001772 0.000000 
50.000000 37.924640 26.953198 17.887773 11.063920 6.373206 3.420070 1.711742 0.800599 0.350992 0.145023 0.057134 0.022089 0.008991 0.004390 0.002867 0.002390 0.002249 0.002209 0.002199 0.002196 0.002195 0.002195 0.002195 0.002195 0.002195 0.002195 0.002195 0.002195 0.002195 0.002195 0.002195 0.002195 0.002195 0.002195 0.002195 0.002195 0.002195 0.002194 0.002191 0.002185 0.002172 0.002141 0.002080 0.001967 0.001777 0.001484 0.001077 0.000569 0.000000 
50.000000 37.924270 26.952491 17.886790 11.062729 6.371873 3.418648 1.710269 0.799099 0.349479 0.143504 0.055612 0.020566 0.007468 0.002867 0.001343 0.000867 0.000726 0.000686 0.000675 0.000673 0.000672 0.000672 0.000672 0.000672 0.000672 0.000672 0.000672 0.000672 0.000672 0.000672 0.000672 0.000672 0.000672 0.000672 0.000672 0.000672 0.000672 0.000671 0.000671 0.000669 0.000664 0.000655 0.000636 0.000601 0.000542 0.000452 0.000328 0.000173 0.000000 
50.000000 37.924154 26.952270 17.886482 11.062356 6.371456 3.418204 1.709808 0.798630 0.349005 0.143029 0.055136 0.020089 0.006991 0.002390 0.000867 0.000390 0.000249 0.000209 0.000199 0.000196 0.000195 0.000195 0.000195 0.000195 0.000195 0.000195 0.000195 0.000195 0.000195 0.000195 0.000195 0.000195 0.000195 0.000195 0.000195 0.000195 0.000195 0.000195 0.000195 0.000194 0.000193 0.000190 0.000185 0.000174 0.000157 0.000131 0.000095 0.000050 0.000000 
50.000000 37.924120 26.952205 17.886391 11.062246 6.371332 3.418072 1.709671 0.798491 0.348865 0.142888 0.054995 0.019948 0.006850 0.002249 0.000726 0.000249 0.000108 0.000068 0.000057 0.000055 0.000054 0.000054 0.000054 0.000054 0.000054 0.000054 0.000054 0.000054 0.000054 0.000054 0.000054 0.000054 0.000054 0.000054 0.000054 0.000054 0.000054 0.000054 0.000054 0.000054 0.000053 0.000052 0.000051 0.000048 0.000043 0.000036 0.000026 0.000014 0.000000 
50.000000 37.924110 26.952186 17.886365 11.062215 6.371298 3.418035 1.709633 0.798452 0.348826 0.142848 0.054955 0.019908 0.006811 0.002209 0.000686 0.000209 0.000068 0.000028 0.000018 0.000015 0.000014 0.000014 0.000014 0.000014 0.000014 0.000014 0.000014 0.000014 0.000014 0.000014 0.000014 0.000014 0.000014 0.000014 0.000014 0.000014 0.000014 0.000014 0.000014 0.000014 0.000014 0.000014 0.000013 0.000013 0.000011 0.000009 0.000007 0.000004 0.000000 
50.000000 37.924108 26.952181 17.886358 11.062206 6.371288 3.418025 1.709622 0.798441 0.348815 0.142837 0.054944 0.019898 0.006800 0.002199 0.000675 0.000199 0.000057 0.000018 0.000007 0.000004 0.000004 0.000004 0.000004 0.000004 0.000004 0.000004 0.000004 0.000004 0.000004 0.000004 0.000004 0.000004 0.000004 0.000004 0.000004 0.000004 0.000004 0.000004 0.000004 0.000004 0.000004 0.000003 0.000003 0.000003 0.000003 0.000002 0.000002 0.000001 0.000000 
50.000000 37.924107 26.952180 17.886357 11.062204 6.371286 3.418022 1.709620 0.798438 0.348812 0.142835 0.054942 0.019895 0.006797 0.002196 0.000673 0.000196 0.000055 0.000015 0.000004 0.000002 0.000001 0.000001 0.000001 0.000001 0.000001 0.000001 0.000001 0.000001 0.000001 0.000001 0.000001 0.000001 0.000001 0.000001 0.000001 0.000001 0.000001 0.000001 0.000001 0.000001 0.000001 0.000001 0.000001 0.000001 0.000001 0.000001 0.000000 0.000000 0.000000 
50.000000 37.924107 26.952180 17.886356 11.062204 6.371285 3.418022 1.709619 0.798438 0.348812 0.142834 0.054941 0.019894 0.006797 0.002195 0.000672 0.000195 0.000054 0.000014 0.000004 0.000001 0.000000 0.000000 0.000000 0.000000 0.000000 0.000000 0.000000 0.000000 0.000000 0.000000 0.000000 0.000000 0.000000 0.000000 0.000000 0.000000 0.000000 0.000000 0.000000 0.000000 0.000000 0.000000 0.000000 0.000000 0.000000 0.000000 0.000000 0.000000 0.000000 
50.000000 37.924107 26.952180 17.886356 11.062204 6.371285 3.418021 1.709619 0.798438 0.348811 0.142834 0.054941 0.019894 0.006796 0.002195 0.000672 0.000195 0.000054 0.000014 0.000004 0.000001 0.000000 0.000000 0.000000 0.000000 0.000000 0.000000 0.000000 0.000000 0.000000 0.000000 0.000000 0.000000 0.000000 0.000000 0.000000 0.000000 0.000000 0.000000 0.000000 0.000000 0.000000 0.000000 0.000000 0.000000 0.000000 0.000000 0.000000 0.000000 0.000000 
50.000000 37.924107 26.952180 17.886356 11.062204 6.371285 3.418021 1.709619 0.798438 0.348811 0.142834 0.054941 0.019894 0.006796 0.002195 0.000672 0.000195 0.000054 0.000014 0.000004 0.000001 0.000000 0.000000 0.000000 0.000000 0.000000 0.000000 0.000000 0.000000 0.000000 0.000000 0.000000 0.000000 0.000000 0.000000 0.000000 0.000000 0.000000 0.000000 0.000000 0.000000 0.000000 0.000000 0.000000 0.000000 0.000000 0.000000 0.000000 0.000000 0.000000 
50.000000 37.924107 26.952180 17.886356 11.062204 6.371285 3.418021 1.709619 0.798438 0.348811 0.142834 0.054941 0.019894 0.006796 0.002195 0.000672 0.000195 0.000054 0.000014 0.000004 0.000001 0.000000 0.000000 0.000000 0.000000 0.000000 0.000000 0.000000 0.000000 0.000000 0.000000 0.000000 0.000000 0.000000 0.000000 0.000000 0.000000 0.000000 0.000000 0.000000 0.000000 0.000000 0.000000 0.000000 0.000000 0.000000 0.000000 0.000000 0.000000 0.000000 
50.000000 37.924107 26.952180 17.886356 11.062204 6.371285 3.418021 1.709619 0.798438 0.348811 0.142834 0.054941 0.019894 0.006796 0.002195 0.000672 0.000195 0.000054 0.000014 0.000004 0.000001 0.000000 0.000000 0.000000 0.000000 0.000000 0.000000 0.000000 0.000000 0.000000 0.000000 0.000000 0.000000 0.000000 0.000000 0.000000 0.000000 0.000000 0.000000 0.000000 0.000000 0.000000 0.000000 0.000000 0.000000 0.000000 0.000000 0.000000 0.000000 0.000000 
50.000000 37.924107 26.952180 17.886356 11.062204 6.371285 3.418021 1.709619 0.798438 0.348811 0.142834 0.054941 0.019894 0.006796 0.002195 0.000672 0.000195 0.000054 0.000014 0.000004 0.000001 0.000000 0.000000 0.000000 0.000000 0.000000 0.000000 0.000000 0.000000 0.000000 0.000000 0.000000 0.000000 0.000000 0.000000 0.000000 0.000000 0.000000 0.000000 0.000000 0.000000 0.000000 0.000000 0.000000 0.000000 0.000000 0.000000 0.000000 0.000000 0.000000 
50.000000 37.924107 26.952180 17.886356 11.062204 6.371285 3.418021 1.709619 0.798438 0.348811 0.142834 0.054941 0.019894 0.006796 0.002195 0.000672 0.000195 0.000054 0.000014 0.000004 0.000001 0.000000 0.000000 0.000000 0.000000 0.000000 0.000000 0.000000 0.000000 0.000000 0.000000 0.000000 0.000000 0.000000 0.000000 0.000000 0.000000 0.000000 0.000000 0.000000 0.000000 0.000000 0.000000 0.000000 0.000000 0.000000 0.000000 0.000000 0.000000 0.000000 
50.000000 37.924107 26.952180 17.886356 11.062204 6.371285 3.418022 1.709619 0.798438 0.348812 0.142834 0.054941 0.019894 0.006797 0.002195 0.000672 0.000195 0.000054 0.000014 0.000004 0.000001 0.000000 0.000000 0.000000 0.000000 0.000000 0.000000 0.000000 0.000000 0.000000 0.000000 0.000000 0.000000 0.000000 0.000000 0.000000 0.000000 0.000000 0.000000 0.000000 0.000000 0.000000 0.000000 0.000000 0.000000 0.000000 0.000000 0.000000 0.000000 0.000000 
50.000000 37.924107 26.952180 17.886357 11.062204 6.371286 3.418022 1.709620 0.798438 0.348812 0.142835 0.054942 0.019895 0.006797 0.002196 0.000673 0.000196 0.000055 0.000015 0.000004 0.000002 0.000001 0.000001 0.000001 0.000001 0.000001 0.000001 0.000001 0.000001 0.000001 0.000001 0.000001 0.000001 0.000001 0.000001 0.000001 0.000001 0.000001 0.000001 0.000001 0.000001 0.000001 0.000001 0.000001 0.000001 0.000001 0.000001 0.000000 0.000000 0.000000 
50.000000 37.924108 26.952181 17.886358 11.062206 6.371288 3.418025 1.709622 0.798441 0.348815 0.142837 0.054944 0.019898 0.006800 0.002199 0.000675 0.000199 0.000057 0.000018 0.000007 0.000004 0.000004 0.000004 0.000004 0.000004 0.000004 0.000004 0.000004 0.000004 0.000004 0.000004 0.000004 0.000004 0.000004 0.000004 0.000004 0.000004 0.000004 0.000004 0.000004 0.000004 0.000004 0.000003 0.000003 0.000003 0.000003 0.000002 0.000002 0.000001 0.000000 
50.000000 37.924110 26.952186 17.886365 11.062215 6.371298 3.418035 1.709633 0.798452 0.348826 0.142848 0.054955 0.019908 0.006811 0.002209 0.000686 0.000209 0.000068 0.000028 0.000018 0.000015 0.000014 0.000014 0.000014 0.000014 0.000014 0.000014 0.000014 0.000014 0.000014 0.000014 0.000014 0.000014 0.000014 0.000014 0.000014 0.000014 0.000014 0.000014 0.000014 0.000014 0.000014 0.000014 0.000013 0.000013 0.000011 0.000009 0.000007 0.000004 0.000000 
50.000000 37.924120 26.952205 17.886391 11.062246 6.371332 3.418072 1.709671 0.798491 0.348865 0.142888 0.054995 0.019948 0.006850 0.002249 0.000726 0.000249 0.000108 0.000068 0.000057 0.000055 0.000054 0.000054 0.000054 0.000054 0.000054 0.000054 0.000054 0.000054 0.000054 0.000054 0.000054 0.000054 0.000054 0.000054 0.000054 0.000054 0.000054 0.000054 0.000054 0.000054 0.000053 0.000052 0.000051 0.000048 0.000043 0.000036 0.000026 0.000014 0.000000 
50.000000 37.924154 26.952270 17.886482 11.062356 6.371456 3.418204 1.709808 0.798630 0.349005 0.143029 0.055136 0.020089 0.006991 0.002390 0.000867 0.000390 0.000249 0.000209 0.000199 0.000196 0.000195 0.000195 0.000195 0.000195 0.000195 0.000195 0.000195 0.000195 0.000195 0.000195 0.000195 0.000195 0.000195 0.000195 0.000195 0.000195 0.000195 0.000195 0.000195 0.000194 0.000193 0.000190 0.000185 0.000174 0.000157 0.000131 0.000095 0.000050 0.000000 
50.000000 37.924270 26.952491 17.886790 11.062729 6.371873 3.418648 1.710269 0.799099 0.349479 0.143504 0.055612 0.020566 0.007468 0.002867 0.001343 0.000867 0.000726 0.000686 0.000675 0.000673 0.000672 0.000672 0.000672 0.000672 0.000672 0.000672 0.000672 0.000672 0.000672 0.000672 0.000672 0.000672 0.000672 0.000672 0.000672 0.000672 0.000672 0.000671 0.000671 0.000669 0.000664 0.000655 0.000636 0.000601 0.000542 0.000452 0.000328 0.000173 0.000000 
50.000000 37.924640 26.953198 17.887773 11.063920 6.373206 3.420070 1.711742 0.800599 0.350992 0.145023 0.057134 0.022089 0.008991 0.004390 0.002867 0.002390 0.002249 0.002209 0.002199 0.002196 0.002195 0.002195 0.002195 0.002195 0.002195 0.002195 0.002195 0.002195 0.002195 0.002195 0.002195 0.002195 0.002195 0.002195 0.002195 0.002195 0.002195 0.002194 0.002191 0.002185 0.002172 0.002141 0.002080 0.001967 0.001777 0.001484 0.001077 0.000569 0.000000 
50.000000 37.925758 26.955330 17.890741 11.067515 6.377231 3.424364 1.716190 0.805130 0.355562 0.149612 0.061730 0.026688 0.013592 0.008991 0.007468 0.006991 0.006850 0.006811 0.006800 0.006797 0.006797 0.006796 0.006796 0.006796 0.006796 0.006796 0.006796 0.006796 0.006796 0.006796 0.006796 0.006796 0.006796 0.006796 0.006796 0.006796 0.006795 0.006792 0.006785 0.006768 0.006725 0.006634 0.006448 0.006103 0.005518 0.004614 0.003353 0.001772 0.000000 
50.000000 37.928937 26.961395 17.899186 11.077746 6.388685 3.436584 1.728851 0.818025 0.368572 0.162674 0.074814 0.039781 0.026688 0.022089 0.020566 0.020089 0.019948 0.019908 0.019898 0.019895 0.019894 0.019894 0.019894 0.019894 0.019894 0.019894 0.019894 0.019894 0.019894 0.019894 0.019894 0.019894 0.019894 0.019894 0.019894 0.019893 0.019891 0.019883 0.019863 0.019813 0.019694 0.019433 0.018901 0.017909 0.016213 0.013578 0.009882 0.005229 0.000000 
50.000000 37.937438 26.977612 17.921769 11.105109 6.419322 3.469276 1.762726 0.852527 0.403382 0.197624 0.109824 0.074814 0.061730 0.057134 0.055612 0.055136 0.054995 0.054955 0.054944 0.054942 0.054941 0.054941 0.054941 0.054941 0.054941 0.054941 0.054941 0.054941 0.054941 0.054941 0.054941 0.054941 0.054941 0.054940 0.054940 0.054938 0.054931 0.054912 0.054860 0.054727 0.054412 0.053714 0.052287 0.049602 0.044978 0.037741 0.027520 0.014583 0.000000 
50.000000 37.958743 27.018260 17.978376 11.173704 6.496136 3.551247 1.847668 0.939048 0.490679 0.285274 0.197624 0.162674 0.149612 0.145023 0.143504 0.143029 0.142888 0.142848 0.142837 0.142835 0.142834 0.142834 0.142834 0.142834 0.142834 0.142834 0.142834 0.142834 0.142834 0.142834 0.142834 0.142834 0.142834 0.142833 0.142832 0.142827 0.142811 0.142764 0.142637 0.142312 0.141531 0.139794 0.136212 0.129409 0.117588 0.098913 0.072304 0.038387 0.000000 
50.000000 38.008638 27.113461 18.110969 11.334395 6.676098 3.743309 2.046709 1.141798 0.695252 0.490679 0.403382 0.368572 0.355562 0.350992 0.349479 0.349005 0.348865 0.348826 0.348815 0.348812 0.348812 0.348811 0.348811 0.348811 0.348811 0.348811 0.348811 0.348811 0.348811 0.348811 0.348811 0.348811 0.348811 0.348810 0.348807 0.348795 0.348759 0.348655 0.348368 0.347626 0.345836 0.341816 0.333447 0.317385 0.289147 0.244005 0.178952 0.095251 0.000000 
50.000000 38.117487 27.321162 18.400273 11.685039 7.068833 4.162487 2.481146 1.584350 1.141798 0.939048 0.852527 0.818025 0.805130 0.800599 0.799099 0.798630 0.798491 0.798452 0.798441 0.798438 0.798438 0.798438 0.798438 0.798438 0.798438 0.798438 0.798438 0.798438 0.798438 0.798438 0.798438 0.798437 0.798437 0.798435 0.798428 0.798404 0.798331 0.798115 0.797517 0.795961 0.792175 0.783584 0.765491 0.730310 0.667563 0.565718 0.416745 0.222620 0.000000 
50.000000 38.337949 27.741859 18.986302 12.395390 7.864528 5.011824 3.361456 2.481146 2.046709 1.847668 1.762726 1.728851 1.716190 1.711742 1.710269 1.709808 1.709671 1.709633 1.709622 1.709620 1.709619 1.709619 1.709619 1.709619 1.709619 1.709619 1.709619 1.709619 1.709619 1.709619 1.709619 1.709619 1.709618 1.709614 1.709600 1.709556 1.709419 1.709011 1.707874 1.704893 1.697561 1.680728 1.644781 1.573760 1.444784 1.231286 0.912688 0.490095 0.000000 
50.000000 38.751086 28.530269 20.084633 13.726837 9.356065 6.604033 5.011824 4.162487 3.743309 3.551247 3.469276 3.436584 3.424364 3.420070 3.418648 3.418204 3.418072 3.418035 3.418025 3.418022 3.418022 3.418021 3.418021 3.418021 3.418021 3.418021 3.418021 3.418021 3.418021 3.418021 3.418021 3.418021 3.418019 3.418013 3.417990 3.417916 3.417683 3.416988 3.415035 3.409862 3.396996 3.367043 3.302016 3.171010 2.927621 2.514256 1.880339 1.017747 0.000000 
50.000000 39.464933 29.892598 21.982614 16.027830 11.933921 9.356065 7.864528 7.068833 6.676098 6.496136 6.419322 6.388685 6.377231 6.373206 6.371873 6.371456 6.371332 6.371298 6.371288 6.371286 6.371285 6.371285 6.371285 6.371285 6.371285 6.371285 6.371285 6.371285 6.371285 6.371285 6.371285 6.371284 6.371282 6.371272 6.371239 6.371128 6.370776 6.369720 6.366726 6.358713 6.338523 6.290767 6.185055 5.966960 5.549981 4.817427 3.650584 2.001265 0.000000 
50.000000 40.598340 32.055712 24.996411 19.681813 16.027830 13.726837 12.395390 11.685039 11.334395 11.173704 11.105109 11.077746 11.067515 11.063920 11.062729 11.062356 11.062246 11.062215 11.062206 11.062204 11.062204 11.062204 11.062204 11.062204 11.062204 11.062204 11.062204 11.062204 11.062204 11.062203 11.062203 11.062202 11.062199 11.062187 11.062143 11.061998 11.061533 11.060131 11.056116 11.045248 11.017476 10.950606 10.799216 10.477849 9.840906 8.670703 6.704090 3.756290 0.000000 
50.000000 42.246623 35.201571 29.379640 24.996411 21.982614 20.084633 18.986302 18.400273 18.110969 17.978376 17.921769 17.899186 17.890741 17.887773 17.886790 17.886482 17.886391 17.886365 17.886358 17.886357 17.886356 17.886356 17.886356 17.886356 17.886356 17.886356 17.886356 17.886356 17.886356 17.886356 17.886356 17.886355 17.886351 17.886337 17.886289 17.886127 17.885608 17.884028 17.879463 17.866964 17.834554 17.755016 17.570377 17.165187 16.325708 14.689820 11.721525 6.834682 0.000000 
50.000000 44.435786 39.379838 35.201571 32.055712 29.892598 28.530269 27.741859 27.321162 27.113461 27.018260 26.977612 26.961395 26.955330 26.953198 26.952491 26.952270 26.952205 26.952186 26.952181 26.952180 26.952180 26.952180 26.952180 26.952180 26.952180 26.952180 26.952180 26.952180 26.952180 26.952180 26.952179 26.952179 26.952175 26.952163 26.952121 26.951977 26.951513 26.950092 26.945955 26.934510 26.904417 26.829171 26.649930 26.242014 25.351623 23.480045 19.689919 12.401793 0.000000 
50.000000 47.084757 44.435786 42.246623 40.598340 39.464933 38.751086 38.337949 38.117487 38.008638 37.958743 37.937438 37.928937 37.925758 37.924640 37.924270 37.924154 37.924120 37.924110 37.924108 37.924107 37.924107 37.924107 37.924107 37.924107 37.924107 37.924107 37.924107 37.924107 37.924107 37.924107 37.924107 37.924106 37.924104 37.924097 37.924072 37.923986 37.923708 37.922855 37.920356 37.913387 37.894867 37.847854 37.733339 37.463668 36.842050 35.411941 32.033993 23.542379 0.000000 
50.000000 50.000000 50.000000 50.000000 50.000000 50.000000 50.000000 50.000000 50.000000 50.000000 50.000000 50.000000 50.000000 50.000000 50.000000 50.000000 50.000000 50.000000 50.000000 50.000000 50.000000 50.000000 50.000000 50.000000 50.000000 50.000000 50.000000 50.000000 50.000000 50.000000 50.000000 50.000000 50.000000 50.000000 50.000000 50.000000 50.000000 50.000000 50.000000 50.000000 50.000000 50.000000 50.000000 50.000000 50.000000 50.000000 50.000000 50.000000 50.000000 50.000000 
