50.000000 50.000000 50.000000 50.000000 50.000000 50.000000 50.000000 50.000000 50.000000 50.000000 50.000000 50.000000 50.000000 50.000000 50.000000 50.000000 50.000000 50.000000 50.000000 50.000000 50.000000 50.000000 50.000000 50.000000 50.000000 50.000000 50.000000 50.000000 50.000000 50.000000 50.000000 50.000000 50.000000 50.000000 50.000000 50.000000 50.000000 50.000000 50.000000 50.000000 50.000000 50.000000 50.000000 50.000000 50.000000 50.000000 50.000000 50.000000 50.000000 50.000000 
50.000000 47.311134 44.848856 42.782629 41.191597 40.065274 39.330522 38.887676 38.640378 38.512055 38.450001 38.421955 38.410076 38.405347 38.403574 38.402946 38.402735 38.402668 38.402648 38.402642 38.402641 38.402640 38.402640 38.402640 38.402640 38.402640 38.402640 38.402640 38.402640 38.402640 38.402640 38.402640 38.402639 38.402635 38.402621 38.402576 38.402432 38.401996 38.400732 38.397236 38.388003 38.364682 38.308197 38.176347 37.877350 37.210008 35.714393 32.250440 23.655567 0.000000 
50.000000 44.848856 40.131825 36.173567 33.125698 30.968104 29.560649 28.712384 28.238708 27.992928 27.874080 27.820369 27.797620 27.788565 27.785169 27.783967 27.783564 27.783435 27.783397 27.783386 27.783382 27.783382 27.783381 27.783381 27.783381 27.783381 27.783381 27.783381 27.783381 27.783381 27.783381 27.783381 27.783379 27.783372 27.783349 27.783272 27.783027 27.782288 27.780154 27.774288 27.758912 27.720483 27.628790 27.419447 26.960600 25.990793 24.005434 20.065913 12.598416 0.000000 
50.000000 42.782629 36.173567 30.627734 26.357553 23.334794 21.363059 20.174769 19.511260 19.167002 19.000547 18.925326 18.893468 18.880789 18.876035 18.874352 18.873787 18.873608 18.873554 18.873538 18.873534 18.873533 18.873532 18.873532 18.873532 18.873532 18.873532 18.873532 18.873532 18.873532 18.873532 18.873531 18.873529 18.873521 18.873495 18.873406 18.873124 18.872278 18.869853 18.863236 18.846073 18.803771 18.704709 18.484334 18.018670 17.084886 15.313867 12.168133 7.068235 0.000000 
50.000000 41.191597 33.125698 26.357553 21.146393 17.457702 15.051711 13.601802 12.792268 12.372279 12.169223 12.077470 12.038615 12.023152 12.017355 12.015302 12.014614 12.014395 12.014329 12.014310 12.014305 12.014303 12.014303 12.014303 12.014303 12.014303 12.014303 12.014303 12.014303 12.014303 12.014303 12.014302 12.014300 12.014293 12.014268 12.014185 12.013925 12.013146 12.010930 12.004938 11.989578 11.952275 11.866589 11.680750 11.301079 10.573196 9.272667 7.134904 3.981589 0.000000 
50.000000 40.065274 30.968104 23.334794 17.457702 13.297823 10.584643 8.949719 8.036949 7.563438 7.334524 7.231097 7.187301 7.169875 7.163341 7.161028 7.160253 7.160007 7.159932 7.159911 7.159905 7.159904 7.159903 7.159903 7.159903 7.159903 7.159903 7.159903 7.159903 7.159903 7.159903 7.159902 7.159901 7.159895 7.159875 7.159809 7.159603 7.158992 7.157264 7.152636 7.140907 7.112832 7.049506 6.915279 6.648911 6.156623 5.316124 4.007504 2.187924 0.000000 
50.000000 39.330522 29.560649 21.363059 15.051711 10.584643 7.671252 5.915782 4.935776 4.427421 4.181681 4.070661 4.023654 4.004951 3.997940 3.995459 3.994627 3.994363 3.994283 3.994260 3.994253 3.994252 3.994251 3.994251 3.994251 3.994251 3.994251 3.994251 3.994251 3.994251 3.994251 3.994251 3.994250 3.994245 3.994231 3.994185 3.994042 3.993620 3.992435 3.989291 3.981408 3.962789 3.921471 3.835626 3.669364 3.370961 2.878726 2.141202 1.154175 0.000000 
50.000000 38.887676 28.712384 20.174769 13.601802 8.949719 5.915782 4.087764 3.067309 2.538003 2.282151 2.166569 2.117635 2.098166 2.090869 2.088286 2.087420 2.087145 2.087062 2.087038 2.087032 2.087030 2.087029 2.087029 2.087029 2.087029 2.087029 2.087029 2.087029 2.087029 2.087029 2.087029 2.087028 2.087026 2.087017 2.086988 2.086899 2.086638 2.085910 2.083995 2.079242 2.068149 2.043882 1.994311 1.900212 1.735213 1.470061 1.083595 0.579479 0.000000 
50.000000 38.640378 28.238708 19.511260 12.792268 8.036949 4.935776 3.067309 2.024315 1.483339 1.221859 1.103740 1.053734 1.033840 1.026384 1.023744 1.022860 1.022579 1.022494 1.022470 1.022463 1.022461 1.022461 1.022461 1.022461 1.022461 1.022461 1.022461 1.022461 1.022461 1.022461 1.022461 1.022460 1.022459 1.022454 1.022437 1.022387 1.022241 1.021835 1.020777 1.018172 1.012157 0.999160 0.972987 0.924116 0.839994 0.707489 0.518225 0.275695 0.000000 
50.000000 38.512055 27.992928 19.167002 12.372279 7.563438 4.427421 2.538003 1.483339 0.936327 0.671935 0.552506 0.501946 0.481833 0.474295 0.471626 0.470733 0.470448 0.470363 0.470338 0.470331 0.470329 0.470329 0.470329 0.470329 0.470329 0.470329 0.470329 0.470329 0.470329 0.470329 0.470329 0.470328 0.470328 0.470325 0.470317 0.470291 0.470216 0.470009 0.469472 0.468163 0.465167 0.458760 0.446013 0.422530 0.382701 0.320929 0.234016 0.124052 0.000000 
50.000000 38.450001 27.874080 19.000547 12.169223 7.334524 4.181681 2.282151 1.221859 0.671935 0.406142 0.286081 0.235256 0.215037 0.207459 0.204777 0.203879 0.203593 0.203507 0.203482 0.203475 0.203473 0.203473 0.203473 0.203473 0.203473 0.203473 0.203473 0.203473 0.203473 0.203473 0.203473 0.203473 0.203472 0.203471 0.203467 0.203455 0.203419 0.203322 0.203071 0.202463 0.201082 0.198155 0.192391 0.181888 0.164284 0.137311 0.099793 0.052765 0.000000 
50.000000 38.421955 27.820369 18.925326 12.077470 7.231097 4.070661 2.166569 1.103740 0.552506 0.286081 0.165737 0.114792 0.094526 0.086930 0.084242 0.083341 0.083055 0.082969 0.082944 0.082937 0.082935 0.082935 0.082935 0.082935 0.082935 0.082935 0.082935 0.082935 0.082935 0.082935 0.082935 0.082935 0.082934 0.082934 0.082932 0.082927 0.082911 0.082869 0.082760 0.082497 0.081905 0.080659 0.078226 0.073833 0.066541 0.055473 0.040215 0.021223 0.000000 
50.000000 38.410076 27.797620 18.893468 12.038615 7.187301 4.023654 2.117635 1.053734 0.501946 0.235256 0.114792 0.063796 0.043510 0.035907 0.033216 0.032315 0.032028 0.031942 0.031917 0.031910 0.031908 0.031908 0.031908 0.031908 0.031908 0.031908 0.031908 0.031908 0.031908 0.031908 0.031908 0.031908 0.031908 0.031907 0.031907 0.031905 0.031898 0.031881 0.031837 0.031731 0.031493 0.030997 0.030034 0.028310 0.025469 0.021190 0.015332 0.008080 0.000000 
50.000000 38.405347 27.788565 18.880789 12.023152 7.169875 4.004951 2.098166 1.033840 0.481833 0.215037 0.094526 0.043510 0.023216 0.015610 0.012918 0.012017 0.011730 0.011643 0.011619 0.011612 0.011610 0.011609 0.011609 0.011609 0.011609 0.011609 0.011609 0.011609 0.011609 0.011609 0.011609 0.011609 0.011609 0.011609 0.011609 0.011608 0.011606 0.011599 0.011582 0.011542 0.011453 0.011267 0.010909 0.010271 0.009227 0.007665 0.005537 0.002915 0.000000 
50.000000 38.403574 27.785169 18.876035 12.017355 7.163341 3.997940 2.090869 1.026384 0.474295 0.207459 0.086930 0.035907 0.015610 0.008004 0.005311 0.004409 0.004123 0.004036 0.004011 0.004004 0.004003 0.004002 0.004002 0.004002 0.004002 0.004002 0.004002 0.004002 0.004002 0.004002 0.004002 0.004002 0.004002 0.004002 0.004002 0.004002 0.004001 0.003998 0.003992 0.003978 0.003946 0.003881 0.003755 0.003532 0.003170 0.002630 0.001897 0.000998 0.000000 
50.000000 38.402946 27.783967 18.874352 12.015302 7.161028 3.995459 2.088286 1.023744 0.471626 0.204777 0.084242 0.033216 0.012918 0.005311 0.002619 0.001717 0.001430 0.001344 0.001319 0.001312 0.001310 0.001310 0.001310 0.001309 0.001309 0.001309 0.001309 0.001309 0.001309 0.001309 0.001309 0.001309 0.001309 0.001309 0.001309 0.001309 0.001309 0.001308 0.001306 0.001301 0.001291 0.001269 0.001227 0.001154 0.001034 0.000857 0.000618 0.000325 0.000000 
50.000000 38.402735 27.783564 18.873787 12.014614 7.160253 3.994627 2.087420 1.022860 0.470733 0.203879 0.083341 0.032315 0.012017 0.004409 0.001717 0.000815 0.000528 0.000442 0.000417 0.000410 0.000408 0.000408 0.000407 0.000407 0.000407 0.000407 0.000407 0.000407 0.000407 0.000407 0.000407 0.000407 0.000407 0.000407 0.000407 0.000407 0.000407 0.000407 0.000406 0.000405 0.000401 0.000395 0.000381 0.000358 0.000321 0.000266 0.000191 0.000101 0.000000 
50.000000 38.402668 27.783435 18.873608 12.014395 7.160007 3.994363 2.087145 1.022579 0.470448 0.203593 0.083055 0.032028 0.011730 0.004123 0.001430 0.000528 0.000241 0.000155 0.000130 0.000123 0.000121 0.000121 0.000121 0.000121 0.000121 0.000121 0.000121 0.000121 0.000121 0.000121 0.000121 0.000121 0.000121 0.000121 0.000121 0.000121 0.000121 0.000121 0.000120 0.000120 0.000119 0.000117 0.000113 0.000106 0.000095 0.000079 0.000057 0.000030 0.000000 
50.000000 38.402648 27.783397 18.873554 12.014329 7.159932 3.994283 2.087062 1.022494 0.470363 0.203507 0.082969 0.031942 0.011643 0.004036 0.001344 0.000442 0.000155 0.000068 0.000043 0.000037 0.000035 0.000034 0.000034 0.000034 0.000034 0.000034 0.000034 0.000034 0.000034 0.000034 0.000034 0.000034 0.000034 0.000034 0.000034 0.000034 0.000034 0.000034 0.000034 0.000034 0.000034 0.000033 0.000032 0.000030 0.000027 0.000022 0.000016 0.000008 0.000000 
50.000000 38.402642 27.783386 18.873538 12.014310 7.159911 3.994260 2.087038 1.022470 0.470338 0.203482 0.082944 0.031917 0.011619 0.004011 0.001319 0.000417 0.000130 0.000043 0.000018 0.000012 0.000010 0.000009 0.000009 0.000009 0.000009 0.000009 0.000009 0.000009 0.000009 0.000009 0.000009 0.000009 0.000009 0.000009 0.000009 0.000009 0.000009 0.000009 0.000009 0.000009 0.000009 0.000009 0.000009 0.000008 0.000007 0.000006 0.000004 0.000002 0.000000 
50.000000 38.402641 27.783382 18.873534 12.014305 7.159905 3.994253 2.087032 1.022463 0.470331 0.203475 0.082937 0.031910 0.011612 0.004004 0.001312 0.000410 0.000123 0.000037 0.000012 0.000005 0.000003 0.000003 0.000002 0.000002 0.000002 0.000002 0.000002 0.000002 0.000002 0.000002 0.000002 0.000002 0.000002 0.000002 0.000002 0.000002 0.000002 0.000002 0.000002 0.000002 0.000002 0.000002 0.000002 0.000002 0.000002 0.000002 0.000001 0.000001 0.000000 
50.000000 38.402640 27.783382 18.873533 12.014303 7.159904 3.994252 2.087030 1.022461 0.470329 0.203473 0.082935 0.031908 0.011610 0.004003 0.001310 0.000408 0.000121 0.000035 0.000010 0.000003 0.000001 0.000001 0.000001 0.000001 0.000001 0.000001 0.000001 0.000001 0.000001 0.000001 0.000001 0.000001 0.000001 0.000001 0.000001 0.000001 0.000001 0.000001 0.000001 0.000001 0.000001 0.000001 0.000001 0.000001 0.000000 0.000000 0.000000 0.000000 0.000000 
50.000000 38.402640 27.783381 18.873532 12.014303 7.159903 3.994251 2.087029 1.022461 0.470329 0.203473 0.082935 0.031908 0.011609 0.004002 0.001310 0.000408 0.000121 0.000034 0.000009 0.000003 0.000001 0.000000 0.000000 0.000000 0.000000 0.000000 0.000000 0.000000 0.000000 0.000000 0.000000 0.000000 0.000000 0.000000 0.000000 0.000000 0.000000 0.000000 0.000000 0.000000 0.000000 0.000000 0.000000 0.000000 0.000000 0.000000 0.000000 0.000000 0.000000 
50.000000 38.402640 27.783381 18.873532 12.014303 7.159903 3.994251 2.087029 1.022461 0.470329 0.203473 0.082935 0.031908 0.011609 0.004002 0.001310 0.000407 0.000121 0.000034 0.000009 0.000002 0.000001 0.000000 0.000000 0.000000 0.000000 0.000000 0.000000 0.000000 0.000000 0.000000 0.000000 0.000000 0.000000 0.000000 0.000000 0.000000 0.000000 0.000000 0.000000 0.000000 0.000000 0.000000 0.000000 0.000000 0.000000 0.000000 0.000000 0.000000 0.000000 
50.000000 38.402640 27.783381 18.873532 12.014303 7.159903 3.994251 2.087029 1.022461 0.470329 0.203473 0.082935 0.031908 0.011609 0.004002 0.001309 0.000407 0.000121 0.000034 0.000009 0.000002 0.000001 0.000000 0.000000 0.000000 0.000000 0.000000 0.000000 0.000000 0.000000 0.000000 0.000000 0.000000 0.000000 0.000000 0.000000 0.000000 0.000000 0.000000 0.000000 0.000000 0.000000 0.000000 0.000000 0.000000 0.000000 0.000000 0.000000 0.000000 0.000000 
50.000000 38.402640 27.783381 18.873532 12.014303 7.159903 3.994251 2.087029 1.022461 0.470329 0.203473 0.082935 0.031908 0.011609 0.004002 0.001309 0.000407 0.000121 0.000034 0.000009 0.000002 0.000001 0.000000 0.000000 0.000000 0.000000 0.000000 0.000000 0.000000 0.000000 0.000000 0.000000 0.000000 0.000000 0.000000 0.000000 0.000000 0.000000 0.000000 0.000000 0.000000 0.000000 0.000000 0.000000 0.000000 0.000000 0.000000 0.000000 0.000000 0.000000 
50.000000 38.402640 27.783381 18.873532 12.014303 7.159903 3.994251 2.087029 1.022461 0.470329 0.203473 0.082935 0.031908 0.011609 0.004002 0.001310 0.000407 0.000121 0.000034 0.000009 0.000002 0.000001 0.000000 0.000000 0.000000 0.000000 0.000000 0.000000 0.000000 0.000000 0.000000 0.000000 0.000000 0.000000 0.000000 0.000000 0.000000 0.000000 0.000000 0.000000 0.000000 0.000000 0.000000 0.000000 0.000000 0.000000 0.000000 0.000000 0.000000 0.000000 
50.000000 38.402640 27.783381 18.873532 12.014303 7.159903 3.994251 2.087029 1.022461 0.470329 0.203473 0.082935 0.031908 0.011609 0.004002 0.001310 0.000408 0.000121 0.000034 0.000009 0.000003 0.000001 0.000000 0.000000 0.000000 0.000000 0.000000 0.000000 0.000000 0.000000 0.000000 0.000000 0.000000 0.000000 0.000000 0.000000 0.000000 0.000000 0.000000 0.000000 0.000000 0.000000 0.000000 0.000000 0.000000 0.000000 0.000000 0.000000 0.000000 0.000000 
50.000000 38.402640 27.783382 18.873533 12.014303 7.159904 3.994252 2.087030 1.022461 0.470329 0.203473 0.082935 0.031908 0.011610 0.004003 0.001310 0.000408 0.000121 0.000035 0.000010 0.000003 0.000001 0.000001 0.000001 0.000001 0.000001 0.000001 0.000001 0.000001 0.000001 0.000001 0.000001 0.000001 0.000001 0.000001 0.000001 0.000001 0.000001 0.000001 0.000001 0.000001 0.000001 0.000001 0.000001 0.000001 0.000000 0.000000 0.000000 0.000000 0.000000 
50.000000 38.402641 27.783382 18.873534 12.014305 7.159905 3.994253 2.087032 1.022463 0.470331 0.203475 0.082937 0.031910 0.011612 0.004004 0.001312 0.000410 0.000123 0.000037 0.000012 0.000005 0.000003 0.000003 0.000002 0.000002 0.000002 0.000002 0.000002 0.000002 0.000002 0.000002 0.000002 0.000002 0.000002 0.000002 0.000002 0.000002 0.000002 0.000002 0.000002 0.000002 0.000002 0.000002 0.000002 0.000002 0.000002 0.000002 0.000001 0.000001 0.000000 
50.000000 38.402642 27.783386 18.873538 12.014310 7.159911 3.994260 2.087038 1.022470 0.470338 0.203482 0.082944 0.031917 0.011619 0.004011 0.001319 0.000417 0.000130 0.000043 0.000018 0.000012 0.000010 0.000009 0.000009 0.000009 0.000009 0.000009 0.000009 0.000009 0.000009 0.000009 0.000009 0.000009 0.000009 0.000009 0.000009 0.000009 0.000009 0.000009 0.000009 0.000009 0.000009 0.000009 0.000009 0.000008 0.000007 0.000006 0.000004 0.000002 0.000000 
50.000000 38.402648 27.783397 18.873554 12.014329 7.159932 3.994283 2.087062 1.022494 0.470363 0.203507 0.082969 0.031942 0.011643 0.004036 0.001344 0.000442 0.000155 0.000068 0.000043 0.000037 0.000035 0.000034 0.000034 0.000034 0.000034 0.000034 0.000034 0.000034 0.000034 0.000034 0.000034 0.000034 0.000034 0.000034 0.000034 0.000034 0.000034 0.000034 0.000034 0.000034 0.000034 0.000033 0.000032 0.000030 0.000027 0.000022 0.000016 0.000008 0.000000 
50.000000 38.402668 27.783435 18.873608 12.014395 7.160007 3.994363 2.087145 1.022579 0.470448 0.203593 0.083055 0.032028 0.011730 0.004123 0.001430 0.000528 0.000241 0.000155 0.000130 0.000123 0.000121 0.000121 0.000121 0.000121 0.000121 0.000121 0.000121 0.000121 0.000121 0.000121 0.000121 0.000121 0.000121 0.000121 0.000121 0.000121 0.000121 0.000121 0.000120 0.000120 0.000119 0.000117 0.000113 0.000106 0.000095 0.000079 0.000057 0.000030 0.000000 
50.000000 38.402735 27.783564 18.873787 12.014614 7.160253 3.994627 2.087420 1.022860 0.470733 0.203879 0.083341 0.032315 0.012017 0.004409 0.001717 0.000815 0.000528 0.000442 0.000417 0.000410 0.000408 0.000408 0.000407 0.000407 0.000407 0.000407 0.000407 0.000407 0.000407 0.000407 0.000407 0.000407 0.000407 0.000407 0.000407 0.000407 0.000407 0.000407 0.000406 0.000405 0.000401 0.000395 0.000381 0.000358 0.000321 0.000266 0.000191 0.000101 0.000000 
50.000000 38.402946 27.783967 18.874352 12.015302 7.161028 3.995459 2.088286 1.023744 0.471626 0.204777 0.084242 0.033216 0.012918 0.005311 0.002619 0.001717 0.001430 0.001344 0.001319 0.001312 0.001310 0.001310 0.001310 0.001309 0.001309 0.001309 0.001309 0.001309 0.001309 0.001309 0.001309 0.001309 0.001309 0.001309 0.001309 0.001309 0.001309 0.001308 0.001306 0.001301 0.001291 0.001269 0.001227 0.001154 0.001034 0.000857 0.000618 0.000325 0.000000 
50.000000 38.403574 27.785169 18.876035 12.017355 7.163341 3.997940 2.090869 1.026384 0.474295 0.207459 0.086930 0.035907 0.015610 0.008004 0.005311 0.004409 0.004123 0.004036 0.004011 0.004004 0.004003 0.004002 0.004002 0.004002 0.004002 0.004002 0.004002 0.004002 0.004002 0.004002 0.004002 0.004002 0.004002 0.004002 0.004002 0.004002 0.004001 0.003998 0.003992 0.003978 0.003946 0.003881 0.003755 0.003532 0.003170 0.002630 0.001897 0.000998 0.000000 
50.000000 38.405347 27.788565 18.880789 12.023152 7.169875 4.004951 2.098166 1.033840 0.481833 0.215037 0.094526 0.043510 0.023216 0.015610 0.012918 0.012017 0.011730 0.011643 0.011619 0.011612 0.011610 0.011609 0.011609 0.011609 0.011609 0.011609 0.011609 0.011609 0.011609 0.011609 0.011609 0.011609 0.011609 0.011609 0.011609 0.011608 0.011606 0.011599 0.011582 0.011542 0.011453 0.011267 0.010909 0.010271 0.009227 0.007665 0.005537 0.002915 0.000000 
50.000000 38.410076 27.797620 18.893468 12.038615 7.187301 4.023654 2.117635 1.053734 0.501946 0.235256 0.114792 0.063796 0.043510 0.035907 0.033216 0.032315 0.032028 0.031942 0.031917 0.031910 0.031908 0.031908 0.031908 0.031908 0.031908 0.031908 0.031908 0.031908 0.031908 0.031908 0.031908 0.031908 0.031908 0.031907 0.031907 0.031905 0.031898 0.031881 0.031837 0.031731 0.031493 0.030997 0.030034 0.028310 0.025469 0.021190 0.015332 0.008080 0.000000 
50.000000 38.421955 27.820369 18.925326 12.077470 7.231097 4.070661 2.166569 1.103740 0.552506 0.286081 0.165737 0.114792 0.094526 0.086930 0.084242 0.083341 0.083055 0.082969 0.082944 0.082937 0.082935 0.082935 0.082935 0.082935 0.082935 0.082935 0.082935 0.082935 0.082935 0.082935 0.082935 0.082935 0.082934 0.082934 0.082932 0.082927 0.082911 0.082869 0.082760 0.082497 0.081905 0.080659 0.078226 0.073833 0.066541 0.055473 0.040215 0.021223 0.000000 
50.000000 38.450001 27.874080 19.000547 12.169223 7.334524 4.181681 2.282151 1.221859 0.671935 0.406142 0.286081 0.235256 0.215037 0.207459 0.204777 0.203879 0.203593 0.203507 0.203482 0.203475 0.203473 0.203473 0.203473 0.203473 0.203473 0.203473 0.203473 0.203473 0.203473 0.203473 0.203473 0.203473 0.203472 0.203471 0.203467 0.203455 0.203419 0.203322 0.203071 0.202463 0.201082 0.198155 0.192391 0.181888 0.164284 0.137311 0.099793 0.052765 0.000000 
50.000000 38.512055 27.992928 19.167002 12.372279 7.563438 4.427421 2.538003 1.483339 0.936327 0.671935 0.552506 0.501946 0.481833 0.474295 0.471626 0.470733 0.470448 0.470363 0.470338 0.470331 0.470329 0.470329 0.470329 0.470329 0.470329 0.470329 0.470329 0.470329 0.470329 0.470329 0.470329 0.470328 0.470328 0.470325 0.470317 0.470291 0.470216 0.470009 0.469472 0.468163 0.465167 0.458760 0.446013 0.422530 0.382701 0.320929 0.234016 0.124052 0.000000 
50.000000 38.640378 28.238708 19.511260 12.792268 8.036949 4.935776 3.067309 2.024315 1.483339 1.221859 1.103740 1.053734 1.033840 1.026384 1.023744 1.022860 1.022579 1.022494 1.022470 1.022463 1.022461 1.022461 1.022461 1.022461 1.022461 1.022461 1.022461 1.022461 1.022461 1.022461 1.022461 1.022460 1.022459 1.022454 1.022437 1.022387 1.022241 1.021835 1.020777 1.018172 1.012157 0.999160 0.972987 0.924116 0.839994 0.707489 0.518225 0.275695 0.000000 
50.000000 38.887676 28.712384 20.174769 13.601802 8.949719 5.915782 4.087764 3.067309 2.538003 2.282151 2.166569 2.117635 2.098166 2.090869 2.088286 2.087420 2.087145 2.087062 2.087038 2.087032 2.087030 2.087029 2.087029 2.087029 2.087029 2.087029 2.087029 2.087029 2.087029 2.087029 2.087029 2.087028 2.087026 2.087017 2.086988 2.086899 2.086638 2.085910 2.083995 2.079242 2.068149 2.043882 1.994311 1.900212 1.735213 1.470061 1.083595 0.579479 0.000000 
50.000000 39.330522 29.560649 21.363059 15.051711 10.584643 7.671252 5.915782 4.935776 4.427421 4.181681 4.070661 4.023654 4.004951 3.997940 3.995459 3.994627 3.994363 3.994283 3.994260 3.994253 3.994252 3.994251 3.994251 3.994251 3.994251 3.994251 3.994251 3.994251 3.994251 3.994251 3.994251 3.994250 3.994245 3.994231 3.994185 3.994042 3.993620 3.992435 3.989291 3.981408 3.962789 3.921471 3.835626 3.669364 3.370961 2.878726 2.141202 1.154175 0.000000 
50.000000 40.065274 30.968104 23.334794 17.457702 13.297823 10.584643 8.949719 8.036949 7.563438 7.334524 7.231097 7.187301 7.169875 7.163341 7.161028 7.160253 7.160007 7.159932 7.159911 7.159905 7.159904 7.159903 7.159903 7.159903 7.159903 7.159903 7.159903 7.159903 7.159903 7.159903 7.159902 7.159901 7.159895 7.159875 7.159809 7.159603 7.158992 7.157264 7.152636 7.140907 7.112832 7.049506 6.915279 6.648911 6.156623 5.316124 4.007504 2.187924 0.000000 
50.000000 41.191597 33.125698 26.357553 21.146393 17.457702 15.051711 13.601802 12.792268 12.372279 12.169223 12.077470 12.038615 12.023152 12.017355 12.015302 12.014614 12.014395 12.014329 12.014310 12.014305 12.014303 12.014303 12.014303 12.014303 12.014303 12.014303 12.014303 12.014303 12.014303 12.014303 12.014302 12.014300 12.014293 12.014268 12.014185 12.013925 12.013146 12.010930 12.004938 11.989578 11.952275 11.866589 11.680750 11.301079 10.573196 9.272667 7.134904 3.981589 0.000000 
50.000000 42.782629 36.173567 30.627734 26.357553 23.334794 21.363059 20.174769 19.511260 19.167002 19.000547 18.925326 18.893468 18.880789 18.876035 18.874352 18.873787 18.873608 18.873554 18.873538 18.873534 18.873533 18.873532 18.873532 18.873532 18.873532 18.873532 18.873532 18.873532 18.873532 18.873532 18.873531 18.873529 18.873521 18.873495 18.873406 18.873124 18.872278 18.869853 18.863236 18.846073 18.803771 18.704709 18.484334 18.018670 17.084886 15.313867 12.168133 7.068235 0.000000 
50.000000 44.848856 40.131825 36.173567 33.125698 30.968104 29.560649 28.712384 28.238708 27.992928 27.874080 27.820369 27.797620 27.788565 27.785169 27.783967 27.783564 27.783435 27.783397 27.783386 27.783382 27.783382 27.783381 27.783381 27.783381 27.783381 27.783381 27.783381 27.783381 27.783381 27.783381 27.783381 27.783379 27.783372 27.783349 27.783272 27.783027 27.782288 27.780154 27.774288 27.758912 27.720483 27.628790 27.419447 26.960600 25.990793 24.005434 20.065913 12.598416 0.000000 
50.000000 47.311134 44.848856 42.782629 41.191597 40.065274 39.330522 38.887676 38.640378 38.512055 38.450001 38.421955 38.410076 38.405347 38.403574 38.402946 38.402735 38.402668 38.402648 38.402642 38.402641 38.402640 38.402640 38.402640 38.402640 38.402640 38.402640 38.402640 38.402640 38.402640 38.402640 38.402640 38.402639 38.402635 38.402621 38.402576 38.402432 38.401996 38.400732 38.397236 38.388003 38.364682 38.308197 38.176347 37.877350 37.210008 35.714393 32.250440 23.655567 0.000000 
50.000000 50.000000 50.000000 50.000000 50.000000 50.000000 50.000000 50.000000 50.000000 50.000000 50.000000 50.000000 50.000000 50.000000 50.000000 50.000000 50.000000 50.000000 50.000000 50.000000 50.000000 50.000000 50.000000 50.000000 50.000000 50.000000 50.000000 50.000000 50.000000 50.000000 50.000000 50.000000 50.000000 50.000000 50.000000 50.000000 50.000000 50.000000 50.000000 50.000000 50.000000 50.000000 50.000000 50.000000 50.000000 50.000000 50.000000 50.000000 50.000000 50.000000 
