50.000000 50.000000 50.000000 50.000000 50.000000 50.000000 50.000000 50.000000 50.000000 50.000000 50.000000 50.000000 50.000000 50.000000 50.000000 50.000000 50.000000 50.000000 50.000000 50.000000 50.000000 50.000000 50.000000 50.000000 50.000000 50.000000 50.000000 50.000000 50.000000 50.000000 50.000000 50.000000 50.000000 50.000000 50.000000 50.000000 50.000000 50.000000 50.000000 50.000000 50.000000 50.000000 50.000000 50.000000 50.000000 50.000000 50.000000 50.000000 50.000000 50.000000 
50.000000 48.109299 46.330730 44.756507 43.444898 42.415531 41.653929 41.122176 40.771420 40.552569 40.423237 40.350750 40.312165 40.292630 40.283212 40.278881 40.276979 40.276180 40.275859 40.275735 40.275689 40.275673 40.275668 40.275666 40.275665 40.275665 40.275665 40.275665 40.275665 40.275664 40.275661 40.275654 40.275632 40.275573 40.275417 40.275016 40.274028 40.271673 40.266260 40.254236 40.228386 40.174446 40.064754 39.845942 39.413620 38.555025 36.803325 33.019973 24.054649 0.000000 
50.000000 46.330730 42.879081 39.824019 37.278623 35.280982 33.802995 32.771072 32.090402 31.665712 31.414743 31.274083 31.199211 31.161307 31.143032 31.134628 31.130938 31.129389 31.128765 31.128525 31.128436 31.128405 31.128394 31.128390 31.128389 31.128389 31.128389 31.128389 31.128388 31.128387 31.128382 31.128368 31.128330 31.128224 31.127944 31.127229 31.125468 31.121287 31.111714 31.090567 31.045434 30.952209 30.765346 30.400532 29.703430 28.391980 25.949307 21.439540 13.310756 0.000000 
50.000000 44.756507 39.824019 35.458294 31.820925 28.966336 26.854358 25.379814 24.407208 23.800385 23.441795 23.240824 23.133851 23.079699 23.053590 23.041585 23.036313 23.034100 23.033210 23.032867 23.032740 23.032695 23.032679 23.032674 23.032672 23.032672 23.032672 23.032672 23.032671 23.032669 23.032663 23.032646 23.032598 23.032466 23.032116 23.031226 23.029043 23.023885 23.012150 22.986431 22.932106 22.821433 22.603734 22.189709 21.427494 20.068734 17.729147 13.874712 7.953182 0.000000 
50.000000 43.444898 37.278623 31.820925 27.273821 23.705337 21.065236 19.222013 18.006260 17.247759 16.799553 16.548366 16.414670 16.346992 16.314364 16.299362 16.292774 16.290008 16.288896 16.288467 16.288309 16.288252 16.288233 16.288227 16.288225 16.288224 16.288224 16.288224 16.288223 16.288221 16.288215 16.288197 16.288147 16.288010 16.287648 16.286731 16.284494 16.279239 16.267371 16.241605 16.187825 16.079932 15.871904 15.486590 14.801748 13.636911 11.752191 8.886643 4.889874 0.000000 
50.000000 42.415531 35.280982 28.966336 23.705337 19.576679 16.522210 14.389748 12.983262 12.105794 11.587310 11.296748 11.142102 11.063822 11.026085 11.008734 11.001116 10.997918 10.996632 10.996136 10.995953 10.995888 10.995865 10.995858 10.995856 10.995855 10.995855 10.995854 10.995854 10.995852 10.995846 10.995830 10.995784 10.995660 10.995332 10.994505 10.992499 10.987818 10.977333 10.954792 10.908320 10.816513 10.642897 10.329095 9.788339 8.903589 7.538842 5.577551 3.001912 0.000000 
50.000000 41.653929 33.802995 26.854358 21.065236 16.522210 13.161261 10.814894 9.267374 8.301952 7.731518 7.411857 7.241730 7.155619 7.114108 7.095024 7.086645 7.083127 7.081712 7.081167 7.080966 7.080894 7.080870 7.080862 7.080859 7.080858 7.080858 7.080858 7.080857 7.080856 7.080851 7.080838 7.080800 7.080698 7.080431 7.079762 7.078145 7.074399 7.066076 7.048361 7.012273 6.942013 6.811488 6.580630 6.193115 5.578646 4.664649 3.402462 1.807987 0.000000 
50.000000 41.122176 32.771072 25.379814 19.222013 14.389748 10.814894 8.319258 6.673335 5.646558 5.039892 4.699941 4.519022 4.427452 4.383312 4.363020 4.354111 4.350371 4.348868 4.348288 4.348074 4.347998 4.347972 4.347963 4.347960 4.347960 4.347959 4.347959 4.347959 4.347958 4.347954 4.347944 4.347916 4.347840 4.347642 4.347146 4.345957 4.343220 4.337187 4.324468 4.298847 4.249627 4.159629 4.003406 3.746851 3.350109 2.776080 2.005726 1.057422 0.000000 
50.000000 40.771420 32.090402 24.407208 18.006260 12.983262 9.267374 6.673335 4.962556 3.895348 3.264813 2.911497 2.723473 2.628311 2.582440 2.561354 2.552096 2.548210 2.546648 2.546046 2.545823 2.545744 2.545717 2.545708 2.545705 2.545704 2.545704 2.545704 2.545704 2.545703 2.545700 2.545693 2.545674 2.545622 2.545486 2.545147 2.544340 2.542495 2.538459 2.530023 2.513204 2.481278 2.423709 2.325361 2.166749 1.926328 1.585774 1.138193 0.596973 0.000000 
50.000000 40.552569 31.665712 23.800385 17.247759 12.105794 8.301952 5.646558 3.895348 2.802942 2.157535 1.795895 1.603446 1.506046 1.459099 1.437518 1.428044 1.424067 1.422469 1.421853 1.421625 1.421544 1.421516 1.421507 1.421504 1.421503 1.421503 1.421503 1.421503 1.421502 1.421501 1.421496 1.421484 1.421450 1.421363 1.421149 1.420640 1.419483 1.416971 1.411761 1.401471 1.382144 1.347711 1.289679 1.197474 1.059933 0.868279 0.620277 0.324183 0.000000 
50.000000 40.423237 31.414743 23.441795 16.799553 11.587310 7.731518 5.039892 3.264813 2.157535 1.503352 1.136802 0.941744 0.843026 0.795444 0.773572 0.763971 0.759940 0.758320 0.757696 0.757465 0.757383 0.757355 0.757346 0.757343 0.757342 0.757341 0.757341 0.757341 0.757341 0.757340 0.757337 0.757330 0.757310 0.757258 0.757131 0.756831 0.756153 0.754689 0.751676 0.745774 0.734790 0.715424 0.683157 0.632518 0.557948 0.455365 0.324176 0.169001 0.000000 
50.000000 40.350750 31.274083 23.240824 16.548366 11.296748 7.411857 4.699941 2.911497 1.795895 1.136802 0.767505 0.570988 0.471533 0.423597 0.401562 0.391890 0.387829 0.386197 0.385568 0.385336 0.385253 0.385225 0.385215 0.385212 0.385212 0.385211 0.385211 0.385211 0.385211 0.385210 0.385209 0.385205 0.385193 0.385165 0.385094 0.384928 0.384554 0.383752 0.382113 0.378924 0.373038 0.362753 0.345781 0.319415 0.280994 0.228674 0.162369 0.084490 0.000000 
50.000000 40.312165 31.199211 23.133851 16.414670 11.142102 7.241730 4.519022 2.723473 1.603446 0.941744 0.570988 0.373696 0.273850 0.225726 0.203605 0.193895 0.189819 0.188180 0.187549 0.187316 0.187233 0.187204 0.187195 0.187192 0.187191 0.187191 0.187191 0.187191 0.187191 0.187190 0.187190 0.187187 0.187181 0.187166 0.187129 0.187042 0.186848 0.186434 0.185591 0.183963 0.180978 0.175803 0.167331 0.154284 0.135431 0.109966 0.077924 0.040491 0.000000 
50.000000 40.292630 31.161307 23.079699 16.346992 11.063822 7.155619 4.427452 2.628311 1.506046 0.843026 0.471533 0.273850 0.173807 0.125588 0.103424 0.093694 0.089610 0.087969 0.087336 0.087102 0.087019 0.086991 0.086981 0.086978 0.086977 0.086977 0.086977 0.086977 0.086977 0.086977 0.086976 0.086975 0.086972 0.086965 0.086946 0.086904 0.086808 0.086605 0.086195 0.085406 0.083970 0.081496 0.077474 0.071323 0.062498 0.050656 0.035839 0.018603 0.000000 
50.000000 40.283212 31.143032 23.053590 16.314364 11.026085 7.114108 4.383312 2.582440 1.459099 0.795444 0.423597 0.225726 0.125588 0.077324 0.055138 0.045400 0.041312 0.039669 0.039036 0.038802 0.038718 0.038690 0.038681 0.038678 0.038677 0.038676 0.038676 0.038676 0.038676 0.038676 0.038676 0.038675 0.038674 0.038670 0.038662 0.038642 0.038597 0.038503 0.038313 0.037950 0.037293 0.036166 0.034346 0.031579 0.027632 0.022364 0.015803 0.008195 0.000000 
50.000000 40.278881 31.134628 23.041585 16.299362 11.008734 7.095024 4.363020 2.561354 1.437518 0.773572 0.401562 0.203605 0.103424 0.055138 0.032944 0.023201 0.019111 0.017467 0.016834 0.016600 0.016517 0.016488 0.016479 0.016476 0.016475 0.016475 0.016474 0.016474 0.016474 0.016474 0.016474 0.016474 0.016473 0.016472 0.016468 0.016459 0.016439 0.016398 0.016314 0.016155 0.015868 0.015379 0.014592 0.013402 0.011713 0.009469 0.006684 0.003464 0.000000 
50.000000 40.276979 31.130938 23.036313 16.292774 11.001116 7.086645 4.354111 2.552096 1.428044 0.763971 0.391890 0.193895 0.093694 0.045400 0.023201 0.013456 0.009366 0.007722 0.007088 0.006854 0.006771 0.006742 0.006733 0.006730 0.006729 0.006729 0.006729 0.006729 0.006729 0.006729 0.006728 0.006728 0.006728 0.006727 0.006726 0.006722 0.006714 0.006696 0.006661 0.006594 0.006475 0.006272 0.005946 0.005457 0.004764 0.003848 0.002714 0.001406 0.000000 
50.000000 40.276180 31.129389 23.034100 16.290008 10.997918 7.083127 4.350371 2.548210 1.424067 0.759940 0.387829 0.189819 0.089610 0.041312 0.019111 0.009366 0.005275 0.003631 0.002997 0.002763 0.002680 0.002651 0.002642 0.002639 0.002638 0.002638 0.002638 0.002638 0.002638 0.002638 0.002638 0.002637 0.002637 0.002637 0.002636 0.002635 0.002632 0.002624 0.002610 0.002584 0.002536 0.002455 0.002326 0.002133 0.001861 0.001502 0.001059 0.000548 0.000000 
50.000000 40.275859 31.128765 23.033210 16.288896 10.996632 7.081712 4.348868 2.546648 1.422469 0.758320 0.386197 0.188180 0.087969 0.039669 0.017467 0.007722 0.003631 0.001987 0.001353 0.001119 0.001035 0.001007 0.000998 0.000995 0.000994 0.000993 0.000993 0.000993 0.000993 0.000993 0.000993 0.000993 0.000993 0.000993 0.000993 0.000992 0.000991 0.000988 0.000983 0.000973 0.000954 0.000924 0.000875 0.000802 0.000699 0.000563 0.000397 0.000205 0.000000 
50.000000 40.275735 31.128525 23.032867 16.288467 10.996136 7.081167 4.348288 2.546046 1.421853 0.757696 0.385568 0.187549 0.087336 0.039036 0.016834 0.007088 0.002997 0.001353 0.000719 0.000485 0.000402 0.000373 0.000364 0.000361 0.000360 0.000360 0.000360 0.000360 0.000360 0.000360 0.000360 0.000360 0.000360 0.000360 0.000360 0.000359 0.000359 0.000358 0.000356 0.000352 0.000345 0.000334 0.000316 0.000290 0.000252 0.000203 0.000143 0.000074 0.000000 
50.000000 40.275689 31.128436 23.032740 16.288309 10.995953 7.080966 4.348074 2.545823 1.421625 0.757465 0.385336 0.187316 0.087102 0.038802 0.016600 0.006854 0.002763 0.001119 0.000485 0.000251 0.000168 0.000139 0.000130 0.000127 0.000126 0.000126 0.000125 0.000125 0.000125 0.000125 0.000125 0.000125 0.000125 0.000125 0.000125 0.000125 0.000125 0.000125 0.000124 0.000123 0.000120 0.000116 0.000110 0.000101 0.000088 0.000071 0.000050 0.000026 0.000000 
50.000000 40.275673 31.128405 23.032695 16.288252 10.995888 7.080894 4.347998 2.545744 1.421544 0.757383 0.385253 0.187233 0.087019 0.038718 0.016517 0.006771 0.002680 0.001035 0.000402 0.000168 0.000084 0.000056 0.000046 0.000043 0.000042 0.000042 0.000042 0.000042 0.000042 0.000042 0.000042 0.000042 0.000042 0.000042 0.000042 0.000042 0.000042 0.000042 0.000042 0.000041 0.000040 0.000039 0.000037 0.000034 0.000029 0.000024 0.000017 0.000009 0.000000 
50.000000 40.275668 31.128394 23.032679 16.288233 10.995865 7.080870 4.347972 2.545717 1.421516 0.757355 0.385225 0.187204 0.086991 0.038690 0.016488 0.006742 0.002651 0.001007 0.000373 0.000139 0.000056 0.000027 0.000018 0.000015 0.000014 0.000014 0.000014 0.000014 0.000014 0.000014 0.000014 0.000014 0.000014 0.000014 0.000014 0.000014 0.000014 0.000014 0.000014 0.000013 0.000013 0.000013 0.000012 0.000011 0.000010 0.000008 0.000005 0.000003 0.000000 
50.000000 40.275666 31.128390 23.032674 16.288227 10.995858 7.080862 4.347963 2.545708 1.421507 0.757346 0.385216 0.187195 0.086981 0.038681 0.016479 0.006733 0.002642 0.000998 0.000364 0.000130 0.000046 0.000018 0.000009 0.000006 0.000005 0.000004 0.000004 0.000004 0.000004 0.000004 0.000004 0.000004 0.000004 0.000004 0.000004 0.000004 0.000004 0.000004 0.000004 0.000004 0.000004 0.000004 0.000004 0.000003 0.000003 0.000002 0.000002 0.000001 0.000000 
50.000000 40.275665 31.128389 23.032673 16.288225 10.995856 7.080859 4.347961 2.545706 1.421504 0.757343 0.385213 0.187192 0.086979 0.038678 0.016476 0.006730 0.002639 0.000995 0.000361 0.000127 0.000044 0.000015 0.000006 0.000003 0.000002 0.000002 0.000002 0.000002 0.000002 0.000002 0.000002 0.000002 0.000002 0.000002 0.000002 0.000002 0.000002 0.000002 0.000002 0.000002 0.000002 0.000002 0.000001 0.000001 0.000001 0.000001 0.000001 0.000000 0.000000 
50.000000 40.275665 31.128389 23.032673 16.288225 10.995856 7.080859 4.347961 2.545706 1.421504 0.757343 0.385213 0.187192 0.086979 0.038678 0.016476 0.006730 0.002639 0.000995 0.000361 0.000127 0.000044 0.000015 0.000006 0.000003 0.000002 0.000002 0.000002 0.000002 0.000002 0.000002 0.000002 0.000002 0.000002 0.000002 0.000002 0.000002 0.000002 0.000002 0.000002 0.000002 0.000002 0.000002 0.000001 0.000001 0.000001 0.000001 0.000001 0.000000 0.000000 
50.000000 40.275666 31.128390 23.032674 16.288227 10.995858 7.080862 4.347963 2.545708 1.421507 0.757346 0.385216 0.187195 0.086981 0.038681 0.016479 0.006733 0.002642 0.000998 0.000364 0.000130 0.000046 0.000018 0.000009 0.000006 0.000005 0.000004 0.000004 0.000004 0.000004 0.000004 0.000004 0.000004 0.000004 0.000004 0.000004 0.000004 0.000004 0.000004 0.000004 0.000004 0.000004 0.000004 0.000004 0.000003 0.000003 0.000002 0.000002 0.000001 0.000000 
50.000000 40.275668 31.128394 23.032679 16.288233 10.995865 7.080870 4.347972 2.545717 1.421516 0.757355 0.385225 0.187204 0.086991 0.038690 0.016488 0.006742 0.002651 0.001007 0.000373 0.000139 0.000056 0.000027 0.000018 0.000015 0.000014 0.000014 0.000014 0.000014 0.000014 0.000014 0.000014 0.000014 0.000014 0.000014 0.000014 0.000014 0.000014 0.000014 0.000014 0.000013 0.000013 0.000013 0.000012 0.000011 0.000010 0.000008 0.000005 0.000003 0.000000 
50.000000 40.275673 31.128405 23.032695 16.288252 10.995888 7.080894 4.347998 2.545744 1.421544 0.757383 0.385253 0.187233 0.087019 0.038718 0.016517 0.006771 0.002680 0.001035 0.000402 0.000168 0.000084 0.000056 0.000046 0.000043 0.000042 0.000042 0.000042 0.000042 0.000042 0.000042 0.000042 0.000042 0.000042 0.000042 0.000042 0.000042 0.000042 0.000042 0.000042 0.000041 0.000040 0.000039 0.000037 0.000034 0.000029 0.000024 0.000017 0.000009 0.000000 
50.000000 40.275689 31.128436 23.032740 16.288309 10.995953 7.080966 4.348074 2.545823 1.421625 0.757465 0.385336 0.187316 0.087102 0.038802 0.016600 0.006854 0.002763 0.001119 0.000485 0.000251 0.000168 0.000139 0.000130 0.000127 0.000126 0.000126 0.000125 0.000125 0.000125 0.000125 0.000125 0.000125 0.000125 0.000125 0.000125 0.000125 0.000125 0.000125 0.000124 0.000123 0.000120 0.000116 0.000110 0.000101 0.000088 0.000071 0.000050 0.000026 0.000000 
50.000000 40.275735 31.128525 23.032867 16.288467 10.996136 7.081167 4.348288 2.546046 1.421853 0.757696 0.385568 0.187549 0.087336 0.039036 0.016834 0.007088 0.002997 0.001353 0.000719 0.000485 0.000402 0.000373 0.000364 0.000361 0.000360 0.000360 0.000360 0.000360 0.000360 0.000360 0.000360 0.000360 0.000360 0.000360 0.000360 0.000359 0.000359 0.000358 0.000356 0.000352 0.000345 0.000334 0.000316 0.000290 0.000252 0.000203 0.000143 0.000074 0.000000 
50.000000 40.275859 31.128765 23.033210 16.288896 10.996632 7.081712 4.348868 2.546648 1.422469 0.758320 0.386197 0.188180 0.087969 0.039669 0.017467 0.007722 0.003631 0.001987 0.001353 0.001119 0.001035 0.001007 0.000998 0.000995 0.000994 0.000993 0.000993 0.000993 0.000993 0.000993 0.000993 0.000993 0.000993 0.000993 0.000993 0.000992 0.000991 0.000988 0.000983 0.000973 0.000954 0.000924 0.000875 0.000802 0.000699 0.000563 0.000397 0.000205 0.000000 
50.000000 40.276180 31.129389 23.034100 16.290008 10.997918 7.083127 4.350371 2.548210 1.424067 0.759940 0.387829 0.189819 0.089610 0.041312 0.019111 0.009366 0.005275 0.003631 0.002997 0.002763 0.002680 0.002651 0.002642 0.002639 0.002638 0.002638 0.002638 0.002638 0.002638 0.002638 0.002638 0.002637 0.002637 0.002637 0.002636 0.002635 0.002632 0.002624 0.002610 0.002584 0.002536 0.002455 0.002326 0.002133 0.001861 0.001502 0.001059 0.000548 0.000000 
50.000000 40.276979 31.130938 23.036313 16.292774 11.001116 7.086645 4.354111 2.552096 1.428044 0.763971 0.391890 0.193895 0.093694 0.045400 0.023201 0.013456 0.009366 0.007722 0.007088 0.006854 0.006771 0.006742 0.006733 0.006730 0.006729 0.006729 0.006729 0.006729 0.006729 0.006729 0.006728 0.006728 0.006728 0.006727 0.006726 0.006722 0.006714 0.006696 0.006661 0.006594 0.006475 0.006272 0.005946 0.005457 0.004764 0.003848 0.002714 0.001406 0.000000 
50.000000 40.278881 31.134628 23.041585 16.299362 11.008734 7.095024 4.363020 2.561354 1.437518 0.773572 0.401562 0.203605 0.103424 0.055138 0.032944 0.023201 0.019111 0.017467 0.016834 0.016600 0.016517 0.016488 0.016479 0.016476 0.016475 0.016475 0.016474 0.016474 0.016474 0.016474 0.016474 0.016474 0.016473 0.016472 0.016468 0.016459 0.016439 0.016398 0.016314 0.016155 0.015868 0.015379 0.014592 0.013402 0.011713 0.009469 0.006684 0.003464 0.000000 
50.000000 40.283212 31.143032 23.053590 16.314364 11.026085 7.114108 4.383312 2.582440 1.459099 0.795444 0.423597 0.225726 0.125588 0.077324 0.055138 0.045400 0.041312 0.039669 0.039036 0.038802 0.038718 0.038690 0.038681 0.038678 0.038677 0.038676 0.038676 0.038676 0.038676 0.038676 0.038676 0.038675 0.038674 0.038670 0.038662 0.038642 0.038597 0.038503 0.038313 0.037950 0.037293 0.036166 0.034346 0.031579 0.027632 0.022364 0.015803 0.008195 0.000000 
50.000000 40.292630 31.161307 23.079699 16.346992 11.063822 7.155619 4.427452 2.628311 1.506046 0.843026 0.471533 0.273850 0.173807 0.125588 0.103424 0.093694 0.089610 0.087969 0.087336 0.087102 0.087019 0.086991 0.086981 0.086978 0.086977 0.086977 0.086977 0.086977 0.086977 0.086977 0.086976 0.086975 0.086972 0.086965 0.086946 0.086904 0.086808 0.086605 0.086195 0.085406 0.083970 0.081496 0.077474 0.071323 0.062498 0.050656 0.035839 0.018603 0.000000 
50.000000 40.312165 31.199211 23.133851 16.414670 11.142102 7.241730 4.519022 2.723473 1.603446 0.941744 0.570988 0.373696 0.273850 0.225726 0.203605 0.193895 0.189819 0.188180 0.187549 0.187316 0.187233 0.187204 0.187195 0.187192 0.187191 0.187191 0.187191 0.187191 0.187191 0.187190 0.187190 0.187187 0.187181 0.187166 0.187129 0.187042 0.186848 0.186434 0.185591 0.183963 0.180978 0.175803 0.167331 0.154284 0.135431 0.109966 0.077924 0.040491 0.000000 
50.000000 40.350750 31.274083 23.240824 16.548366 11.296748 7.411857 4.699941 2.911497 1.795895 1.136802 0.767505 0.570988 0.471533 0.423597 0.401562 0.391890 0.387829 0.386197 0.385568 0.385336 0.385253 0.385225 0.385215 0.385212 0.385212 0.385211 0.385211 0.385211 0.385211 0.385210 0.385209 0.385205 0.385193 0.385165 0.385094 0.384928 0.384554 0.383752 0.382113 0.378924 0.373038 0.362753 0.345781 0.319415 0.280994 0.228674 0.162369 0.084490 0.000000 
50.000000 40.423237 31.414743 23.441795 16.799553 11.587310 7.731518 5.039892 3.264813 2.157535 1.503352 1.136802 0.941744 0.843026 0.795444 0.773572 0.763971 0.759940 0.758320 0.757696 0.757465 0.757383 0.757355 0.757346 0.757343 0.757342 0.757341 0.757341 0.757341 0.757341 0.757340 0.757337 0.757330 0.757310 0.757258 0.757131 0.756831 0.756153 0.754689 0.751676 0.745774 0.734790 0.715424 0.683157 0.632518 0.557948 0.455365 0.324176 0.169001 0.000000 
50.000000 40.552569 31.665712 23.800385 17.247759 12.105794 8.301952 5.646558 3.895348 2.802942 2.157535 1.795895 1.603446 1.506046 1.459099 1.437518 1.428044 1.424067 1.422469 1.421853 1.421625 1.421544 1.421516 1.421507 1.421504 1.421503 1.421503 1.421503 1.421503 1.421502 1.421501 1.421496 1.421484 1.421450 1.421363 1.421149 1.420640 1.419483 1.416971 1.411761 1.401471 1.382144 1.347711 1.289679 1.197474 1.059933 0.868279 0.620277 0.324183 0.000000 
50.000000 40.771420 32.090402 24.407208 18.006260 12.983262 9.267374 6.673335 4.962556 3.895348 3.264813 2.911497 2.723473 2.628311 2.582440 2.561354 2.552096 2.548210 2.546648 2.546046 2.545823 2.545744 2.545717 2.545708 2.545705 2.545704 2.545704 2.545704 2.545704 2.545703 2.545700 2.545693 2.545674 2.545622 2.545486 2.545147 2.544340 2.542495 2.538459 2.530023 2.513204 2.481278 2.423709 2.325361 2.166749 1.926328 1.585774 1.138193 0.596973 0.000000 
50.000000 41.122176 32.771072 25.379814 19.222013 14.389748 10.814894 8.319258 6.673335 5.646558 5.039892 4.699941 4.519022 4.427452 4.383312 4.363020 4.354111 4.350371 4.348868 4.348288 4.348074 4.347998 4.347972 4.347963 4.347960 4.347960 4.347959 4.347959 4.347959 4.347958 4.347954 4.347944 4.347916 4.347840 4.347642 4.347146 4.345957 4.343220 4.337187 4.324468 4.298847 4.249627 4.159629 4.003406 3.746851 3.350109 2.776080 2.005726 1.057422 0.000000 
50.000000 41.653929 33.802995 26.854358 21.065236 16.522210 13.161261 10.814894 9.267374 8.301952 7.731518 7.411857 7.241730 7.155619 7.114108 7.095024 7.086645 7.083127 7.081712 7.081167 7.080966 7.080894 7.080870 7.080862 7.080859 7.080858 7.080858 7.080858 7.080857 7.080856 7.080851 7.080838 7.080800 7.080698 7.080431 7.079762 7.078145 7.074399 7.066076 7.048361 7.012273 6.942013 6.811488 6.580630 6.193115 5.578646 4.664649 3.402462 1.807987 0.000000 
50.000000 42.415531 35.280982 28.966336 23.705337 19.576679 16.522210 14.389748 12.983262 12.105794 11.587310 11.296748 11.142102 11.063822 11.026085 11.008734 11.001116 10.997918 10.996632 10.996136 10.995953 10.995888 10.995865 10.995858 10.995856 10.995855 10.995855 10.995854 10.995854 10.995852 10.995846 10.995830 10.995784 10.995660 10.995332 10.994505 10.992499 10.987818 10.977333 10.954792 10.908320 10.816513 10.642897 10.329095 9.788339 8.903589 7.538842 5.577551 3.001912 0.000000 
50.000000 43.444898 37.278623 31.820925 27.273821 23.705337 21.065236 19.222013 18.006260 17.247759 16.799553 16.548366 16.414670 16.346992 16.314364 16.299362 16.292774 16.290008 16.288896 16.288467 16.288309 16.288252 16.288233 16.288227 16.288225 16.288224 16.288224 16.288224 16.288223 16.288221 16.288215 16.288197 16.288147 16.288010 16.287648 16.286731 16.284494 16.279239 16.267371 16.241605 16.187825 16.079932 15.871904 15.486590 14.801748 13.636911 11.752191 8.886643 4.889874 0.000000 
50.000000 44.756507 39.824019 35.458294 31.820925 28.966336 26.854358 25.379814 24.407208 23.800385 23.441795 23.240824 23.133851 23.079699 23.053590 23.041585 23.036313 23.034100 23.033210 23.032867 23.032740 23.032695 23.032679 23.032674 23.032672 23.032672 23.032672 23.032672 23.032671 23.032669 23.032663 23.032646 23.032598 23.032466 23.032116 23.031226 23.029043 23.023885 23.012150 22.986431 22.932106 22.821433 22.603734 22.189709 21.427494 20.068734 17.729147 13.874712 7.953182 0.000000 
50.000000 46.330730 42.879081 39.824019 37.278623 35.280982 33.802995 32.771072 32.090402 31.665712 31.414743 31.274083 31.199211 31.161307 31.143032 31.134628 31.130938 31.129389 31.128765 31.128525 31.128436 31.128405 31.128394 31.128390 31.128389 31.128389 31.128389 31.128389 31.128388 31.128387 31.128382 31.128368 31.128330 31.128224 31.127944 31.127229 31.125468 31.121287 31.111714 31.090567 31.045434 30.952209 30.765346 30.400532 29.703430 28.391980 25.949307 21.439540 13.310756 0.000000 
50.000000 48.109299 46.330730 44.756507 43.444898 42.415531 41.653929 41.122176 40.771420 40.552569 40.423237 40.350750 40.312165 40.292630 40.283212 40.278881 40.276979 40.276180 40.275859 40.275735 40.275689 40.275673 40.275668 40.275666 40.275665 40.275665 40.275665 40.275665 40.275665 40.275664 40.275661 40.275654 40.275632 40.275573 40.275417 40.275016 40.274028 40.271673 40.266260 40.254236 40.228386 40.174446 40.064754 39.845942 39.413620 38.555025 36.803325 33.019973 24.054649 0.000000 
50.000000 50.000000 50.000000 50.000000 50.000000 50.000000 50.000000 50.000000 50.000000 50.000000 50.000000 50.000000 50.000000 50.000000 50.000000 50.000000 50.000000 50.000000 50.000000 50.000000 50.000000 50.000000 50.000000 50.000000 50.000000 50.000000 50.000000 50.000000 50.000000 50.000000 50.000000 50.000000 50.000000 50.000000 50.000000 50.000000 50.000000 50.000000 50.000000 50.000000 50.000000 50.000000 50.000000 50.000000 50.000000 50.000000 50.000000 50.000000 50.000000 50.000000 
