50.000000 50.000000 50.000000 50.000000 50.000000 50.000000 50.000000 50.000000 50.000000 50.000000 50.000000 50.000000 50.000000 50.000000 50.000000 50.000000 50.000000 50.000000 50.000000 50.000000 50.000000 50.000000 50.000000 50.000000 50.000000 50.000000 50.000000 50.000000 50.000000 50.000000 50.000000 50.000000 50.000000 50.000000 50.000000 50.000000 50.000000 50.000000 50.000000 50.000000 50.000000 50.000000 50.000000 50.000000 50.000000 50.000000 50.000000 50.000000 50.000000 50.000000 
50.000000 48.758231 47.564860 46.462632 45.484085 44.648895 43.963429 43.422291 43.011233 42.710672 42.499036 42.355466 42.261586 42.202382 42.166355 42.145190 42.133178 42.126589 42.123093 42.121298 42.120406 42.119976 42.119776 42.119685 42.119644 42.119626 42.119617 42.119609 42.119595 42.119565 42.119497 42.119347 42.119025 42.118347 42.116961 42.114193 42.108804 42.098557 42.079504 42.044798 41.982707 41.873222 41.681971 41.348605 40.762572 39.707185 37.715351 33.652968 24.379115 0.000000 
50.000000 47.564860 45.224631 43.063140 41.144192 39.506373 38.162171 37.100998 36.294918 35.705522 35.290512 35.008977 34.824881 34.708786 34.638142 34.596639 34.573084 34.560164 34.553309 34.549789 34.548040 34.547197 34.546804 34.546625 34.546546 34.546511 34.546493 34.546478 34.546452 34.546396 34.546269 34.545990 34.545390 34.544132 34.541560 34.536438 34.526490 34.507631 34.472705 34.409418 34.296989 34.100661 33.762473 33.185188 32.203080 30.526839 27.639127 22.612316 13.911892 0.000000 
50.000000 46.462632 43.063140 39.923292 37.135779 34.756652 32.804046 31.262581 30.091674 29.235527 28.632695 28.223748 27.956342 27.787711 27.685098 27.624815 27.590604 27.571837 27.561880 27.556769 27.554228 27.553004 27.552433 27.552174 27.552059 27.552008 27.551983 27.551961 27.551926 27.551851 27.551682 27.551311 27.550513 27.548843 27.545439 27.538681 27.525605 27.500937 27.455528 27.373886 27.230325 26.983033 26.564946 25.869729 24.730522 22.889446 19.961646 15.424013 8.747281 0.000000 
50.000000 45.484085 41.144192 37.135779 33.577181 30.539950 28.047240 26.079411 24.584647 23.491712 22.722161 22.200123 21.858771 21.643512 21.512528 21.435579 21.391909 21.367955 21.355246 21.348722 21.345479 21.343917 21.343188 21.342857 21.342711 21.342647 21.342615 21.342589 21.342549 21.342463 21.342272 21.341852 21.340952 21.339074 21.335258 21.327714 21.313188 21.285951 21.236188 21.147558 20.993571 20.732415 20.299795 19.599580 18.492853 16.788590 14.246333 10.617352 5.776900 0.000000 
50.000000 44.648895 39.506373 34.756652 30.539950 26.941057 23.987402 21.655708 19.884571 18.589573 17.677758 17.059222 16.654777 16.399736 16.244548 16.153381 16.101643 16.073264 16.058208 16.050479 16.046637 16.044787 16.043923 16.043532 16.043359 16.043283 16.043246 16.043218 16.043176 16.043089 16.042895 16.042469 16.041561 16.039670 16.035846 16.028318 16.013907 15.987068 15.938441 15.852716 15.705663 15.460213 15.061706 14.432911 13.470529 12.047097 10.026129 7.303293 3.886323 0.000000 
50.000000 43.963429 38.162171 32.804046 28.047240 23.987402 20.655471 18.025181 16.027254 14.566453 13.537910 12.840201 12.383995 12.096318 11.921275 11.818446 11.760092 11.728083 11.711103 11.702386 11.698053 11.695967 11.694992 11.694551 11.694356 11.694271 11.694231 11.694202 11.694162 11.694080 11.693899 11.693503 11.692661 11.690916 11.687399 11.680514 11.667411 11.643186 11.599671 11.523756 11.395171 11.183829 10.847081 10.327736 9.554491 8.447660 6.934317 4.976983 2.614825 0.000000 
50.000000 43.422291 37.100998 31.262581 26.079411 21.655708 18.025181 15.159200 12.982271 11.390612 10.269948 9.509760 9.012711 8.699284 8.508577 8.396547 8.332974 8.298103 8.279605 8.270109 8.265389 8.263116 8.262055 8.261574 8.261362 8.261270 8.261227 8.261200 8.261164 8.261092 8.260934 8.260592 8.259865 8.258365 8.255358 8.249500 8.238423 8.218090 8.181881 8.119353 8.014716 7.845183 7.579600 7.178100 6.594002 5.779616 4.697636 3.338525 1.740320 0.000000 
50.000000 43.011233 36.294918 30.091674 24.584647 19.884571 16.027254 12.982271 10.669402 8.978370 7.787756 6.980130 6.452072 6.119097 5.916499 5.797488 5.729953 5.692911 5.673261 5.663174 5.658161 5.655746 5.654619 5.654108 5.653884 5.653786 5.653742 5.653716 5.653685 5.653625 5.653497 5.653218 5.652630 5.651420 5.649006 5.644328 5.635537 5.619515 5.591220 5.542830 5.462756 5.334701 5.137088 4.843425 4.424357 3.852232 3.108642 2.194257 1.138011 0.000000 
50.000000 42.710672 35.705522 29.235527 23.491712 18.589573 14.566453 11.390612 8.978370 7.214703 5.972963 5.130669 4.579951 4.232693 4.021409 3.897296 3.826869 3.788240 3.767750 3.757231 3.752003 3.749486 3.748311 3.747778 3.747544 3.747443 3.747398 3.747373 3.747348 3.747301 3.747202 3.746988 3.746538 3.745616 3.743785 3.740256 3.733664 3.721732 3.700825 3.665389 3.607352 3.515614 3.375896 3.171282 2.883910 2.498141 2.005202 1.408533 0.727964 0.000000 
50.000000 42.499036 35.290512 28.632695 22.722161 17.677758 13.537910 10.269948 7.787756 5.972963 4.695240 3.828549 3.261886 2.904579 2.687184 2.559484 2.487021 2.447278 2.426196 2.415374 2.409996 2.407406 2.406197 2.405649 2.405408 2.405304 2.405259 2.405236 2.405215 2.405181 2.405108 2.404952 2.404625 2.403959 2.402641 2.400114 2.395420 2.386980 2.372299 2.347620 2.307574 2.244926 2.150594 2.014154 1.825042 1.574603 1.258808 0.881094 0.454239 0.000000 
50.000000 42.355466 35.008977 28.223748 22.200123 17.059222 12.840201 9.509760 6.980130 5.130669 3.828549 2.945317 2.367846 2.003728 1.782191 1.652060 1.578219 1.537720 1.516237 1.505210 1.499730 1.497090 1.495858 1.495301 1.495055 1.494950 1.494905 1.494883 1.494866 1.494841 1.494790 1.494682 1.494456 1.493998 1.493094 1.491370 1.488186 1.482493 1.472658 1.456250 1.429844 1.388910 1.327879 1.240530 1.120781 0.963934 0.768220 0.536272 0.275962 0.000000 
50.000000 42.261586 34.824881 27.956342 21.858771 16.654777 12.383995 9.012711 6.452072 4.579951 3.261886 2.367846 1.783313 1.414745 1.190503 1.058784 0.984043 0.943051 0.921307 0.910146 0.904599 0.901928 0.900681 0.900116 0.899868 0.899761 0.899716 0.899696 0.899682 0.899665 0.899631 0.899559 0.899410 0.899108 0.898517 0.897393 0.895328 0.891656 0.885352 0.874906 0.858219 0.832557 0.794621 0.740810 0.667709 0.572820 0.455405 0.317250 0.163028 0.000000 
50.000000 42.202382 34.708786 27.787711 21.643512 16.399736 12.096318 8.699284 6.119097 4.232693 2.904579 2.003728 1.414745 1.043374 0.817428 0.684709 0.609401 0.568099 0.546190 0.534945 0.529356 0.526665 0.525408 0.524839 0.524589 0.524482 0.524438 0.524418 0.524407 0.524395 0.524372 0.524327 0.524233 0.524043 0.523672 0.522970 0.521687 0.519417 0.515542 0.509159 0.499029 0.483560 0.460861 0.428906 0.385829 0.330323 0.262106 0.182297 0.093577 0.000000 
50.000000 42.166355 34.638142 27.685098 21.512528 16.244548 11.921275 8.508577 5.916499 4.021409 2.687184 1.782191 1.190503 0.817428 0.590447 0.457121 0.381468 0.339977 0.317969 0.306672 0.301058 0.298354 0.297092 0.296521 0.296270 0.296162 0.296117 0.296098 0.296089 0.296080 0.296066 0.296039 0.295982 0.295867 0.295644 0.295224 0.294458 0.293110 0.290820 0.287070 0.281152 0.272171 0.259076 0.240762 0.216230 0.184814 0.146418 0.101703 0.052162 0.000000 
50.000000 42.145190 34.596639 27.624815 21.435579 16.153381 11.818446 8.396547 5.797488 3.897296 2.559484 1.652060 1.058784 0.684709 0.457121 0.323438 0.247584 0.205981 0.183915 0.172588 0.166959 0.164248 0.162983 0.162410 0.162158 0.162051 0.162006 0.161987 0.161979 0.161973 0.161964 0.161948 0.161914 0.161848 0.161719 0.161477 0.161038 0.160268 0.158965 0.156843 0.153511 0.148482 0.141189 0.131047 0.117535 0.100320 0.079376 0.055078 0.028230 0.000000 
50.000000 42.133178 34.573084 27.590604 21.391909 16.101643 11.760092 8.332974 5.729953 3.826869 2.487021 1.578219 0.984043 0.609401 0.381468 0.247584 0.171615 0.129950 0.107850 0.096507 0.090869 0.088154 0.086887 0.086313 0.086061 0.085954 0.085909 0.085890 0.085883 0.085878 0.085873 0.085863 0.085845 0.085808 0.085736 0.085601 0.085359 0.084935 0.084221 0.083063 0.081252 0.078533 0.074608 0.069176 0.061973 0.052835 0.041761 0.028952 0.014831 0.000000 
50.000000 42.126589 34.560164 27.571837 21.367955 16.073264 11.728083 8.298103 5.692911 3.788240 2.447278 1.537720 0.943051 0.568099 0.339977 0.205982 0.129950 0.088251 0.066133 0.054780 0.049138 0.046421 0.045153 0.044578 0.044326 0.044218 0.044174 0.044156 0.044148 0.044144 0.044141 0.044136 0.044126 0.044106 0.044067 0.043995 0.043866 0.043641 0.043263 0.042653 0.041703 0.040281 0.038238 0.035422 0.031703 0.027003 0.021324 0.014773 0.007564 0.000000 
50.000000 42.123093 34.553309 27.561881 21.355247 16.058208 11.711103 8.279606 5.673261 3.767750 2.426196 1.516237 0.921307 0.546191 0.317969 0.183915 0.107850 0.066133 0.044006 0.032648 0.027003 0.024285 0.023016 0.022442 0.022189 0.022082 0.022037 0.022019 0.022011 0.022008 0.022006 0.022003 0.021998 0.021987 0.021967 0.021930 0.021864 0.021748 0.021555 0.021244 0.020762 0.020043 0.019014 0.017600 0.015739 0.013395 0.010570 0.007318 0.003746 0.000000 
50.000000 42.121298 34.549790 27.556769 21.348723 16.050480 11.702387 8.270110 5.663175 3.757232 2.415375 1.505211 0.910146 0.534945 0.306673 0.172589 0.096507 0.054781 0.032648 0.021288 0.015642 0.012923 0.011654 0.011079 0.010827 0.010719 0.010675 0.010656 0.010649 0.010646 0.010645 0.010643 0.010640 0.010635 0.010625 0.010607 0.010574 0.010516 0.010421 0.010268 0.010031 0.009679 0.009176 0.008488 0.007585 0.006451 0.005087 0.003521 0.001801 0.000000 
50.000000 42.120406 34.548040 27.554229 21.345480 16.046638 11.698055 8.265391 5.658162 3.752005 2.409997 1.499731 0.904600 0.529357 0.301059 0.166960 0.090870 0.049139 0.027004 0.015643 0.009996 0.007277 0.006008 0.005433 0.005181 0.005073 0.005028 0.005010 0.005003 0.005000 0.004999 0.004998 0.004997 0.004994 0.004989 0.004980 0.004964 0.004937 0.004891 0.004818 0.004705 0.004538 0.004300 0.003976 0.003551 0.003018 0.002379 0.001645 0.000842 0.000000 
50.000000 42.119977 34.547199 27.553006 21.343920 16.044790 11.695970 8.263120 5.655750 3.749490 2.407410 1.497095 0.901932 0.526669 0.298358 0.164252 0.088158 0.046425 0.024289 0.012927 0.007280 0.004561 0.003291 0.002717 0.002464 0.002356 0.002312 0.002294 0.002287 0.002284 0.002283 0.002282 0.002281 0.002280 0.002278 0.002274 0.002266 0.002253 0.002232 0.002198 0.002146 0.002069 0.001960 0.001811 0.001617 0.001373 0.001082 0.000748 0.000383 0.000000 
50.000000 42.119777 34.546807 27.552438 21.343194 16.043931 11.695001 8.262065 5.654629 3.748321 2.406207 1.495870 0.900692 0.525420 0.297103 0.162994 0.086898 0.045164 0.023027 0.011665 0.006018 0.003298 0.002029 0.001454 0.001202 0.001094 0.001050 0.001032 0.001024 0.001022 0.001021 0.001020 0.001020 0.001019 0.001018 0.001016 0.001013 0.001007 0.000997 0.000982 0.000959 0.000924 0.000875 0.000808 0.000721 0.000612 0.000482 0.000333 0.000170 0.000000 
50.000000 42.119689 34.546635 27.552187 21.342875 16.043552 11.694574 8.261599 5.654135 3.747806 2.405677 1.495329 0.900145 0.524869 0.296550 0.162439 0.086343 0.044608 0.022471 0.011108 0.005461 0.002742 0.001472 0.000898 0.000645 0.000538 0.000493 0.000475 0.000468 0.000465 0.000464 0.000464 0.000463 0.000463 0.000463 0.000462 0.000460 0.000457 0.000453 0.000446 0.000435 0.000419 0.000397 0.000366 0.000327 0.000277 0.000218 0.000151 0.000077 0.000000 
50.000000 42.119657 34.546570 27.552094 21.342755 16.043411 11.694414 8.261425 5.653950 3.747613 2.405479 1.495127 0.899941 0.524663 0.296343 0.162232 0.086135 0.044400 0.022263 0.010900 0.005253 0.002534 0.001265 0.000690 0.000437 0.000330 0.000285 0.000267 0.000260 0.000257 0.000256 0.000256 0.000256 0.000255 0.000255 0.000255 0.000254 0.000252 0.000250 0.000246 0.000240 0.000231 0.000219 0.000202 0.000180 0.000153 0.000120 0.000083 0.000042 0.000000 
50.000000 42.119657 34.546570 27.552094 21.342755 16.043411 11.694414 8.261425 5.653950 3.747613 2.405479 1.495127 0.899941 0.524663 0.296343 0.162232 0.086135 0.044400 0.022263 0.010900 0.005253 0.002534 0.001265 0.000690 0.000437 0.000330 0.000285 0.000267 0.000260 0.000257 0.000256 0.000256 0.000256 0.000255 0.000255 0.000255 0.000254 0.000252 0.000250 0.000246 0.000240 0.000231 0.000219 0.000202 0.000180 0.000153 0.000120 0.000083 0.000042 0.000000 
50.000000 42.119689 34.546635 27.552187 21.342875 16.043552 11.694574 8.261599 5.654135 3.747806 2.405677 1.495329 0.900145 0.524869 0.296550 0.162439 0.086343 0.044608 0.022471 0.011108 0.005461 0.002742 0.001472 0.000898 0.000645 0.000538 0.000493 0.000475 0.000468 0.000465 0.000464 0.000464 0.000463 0.000463 0.000463 0.000462 0.000460 0.000457 0.000453 0.000446 0.000435 0.000419 0.000397 0.000366 0.000327 0.000277 0.000218 0.000151 0.000077 0.000000 
50.000000 42.119777 34.546807 27.552438 21.343194 16.043931 11.695001 8.262065 5.654629 3.748321 2.406207 1.495870 0.900692 0.525420 0.297103 0.162994 0.086898 0.045164 0.023027 0.011665 0.006018 0.003298 0.002029 0.001454 0.001202 0.001094 0.001050 0.001032 0.001024 0.001022 0.001021 0.001020 0.001020 0.001019 0.001018 0.001016 0.001013 0.001007 0.000997 0.000982 0.000959 0.000924 0.000875 0.000808 0.000721 0.000612 0.000482 0.000333 0.000170 0.000000 
50.000000 42.119977 34.547199 27.553006 21.343920 16.044790 11.695970 8.263120 5.655750 3.749490 2.407410 1.497095 0.901932 0.526669 0.298358 0.164252 0.088158 0.046425 0.024289 0.012927 0.007280 0.004561 0.003291 0.002717 0.002464 0.002356 0.002312 0.002294 0.002287 0.002284 0.002283 0.002282 0.002281 0.002280 0.002278 0.002274 0.002266 0.002253 0.002232 0.002198 0.002146 0.002069 0.001960 0.001811 0.001617 0.001373 0.001082 0.000748 0.000383 0.000000 
50.000000 42.120406 34.548040 27.554229 21.345480 16.046638 11.698055 8.265391 5.658162 3.752005 2.409997 1.499731 0.904600 0.529357 0.301059 0.166960 0.090870 0.049139 0.027004 0.015643 0.009996 0.007277 0.006008 0.005433 0.005181 0.005073 0.005028 0.005010 0.005003 0.005000 0.004999 0.004998 0.004997 0.004994 0.004989 0.004980 0.004964 0.004937 0.004891 0.004818 0.004705 0.004538 0.004300 0.003976 0.003551 0.003018 0.002379 0.001645 0.000842 0.000000 
50.000000 42.121298 34.549790 27.556769 21.348723 16.050480 11.702387 8.270110 5.663175 3.757232 2.415375 1.505211 0.910146 0.534945 0.306673 0.172589 0.096507 0.054781 0.032648 0.021288 0.015642 0.012923 0.011654 0.011079 0.010827 0.010719 0.010675 0.010656 0.010649 0.010646 0.010645 0.010643 0.010640 0.010635 0.010625 0.010607 0.010574 0.010516 0.010421 0.010268 0.010031 0.009679 0.009176 0.008488 0.007585 0.006451 0.005087 0.003521 0.001801 0.000000 
50.000000 42.123093 34.553309 27.561881 21.355247 16.058208 11.711103 8.279606 5.673261 3.767750 2.426196 1.516237 0.921307 0.546191 0.317969 0.183915 0.107850 0.066133 0.044006 0.032648 0.027003 0.024285 0.023016 0.022442 0.022189 0.022082 0.022037 0.022019 0.022011 0.022008 0.022006 0.022003 0.021998 0.021987 0.021967 0.021930 0.021864 0.021748 0.021555 0.021244 0.020762 0.020043 0.019014 0.017600 0.015739 0.013395 0.010570 0.007318 0.003746 0.000000 
50.000000 42.126589 34.560164 27.571837 21.367955 16.073264 11.728083 8.298103 5.692911 3.788240 2.447278 1.537720 0.943051 0.568099 0.339977 0.205982 0.129950 0.088251 0.066133 0.054780 0.049138 0.046421 0.045153 0.044578 0.044326 0.044218 0.044174 0.044156 0.044148 0.044144 0.044141 0.044136 0.044126 0.044106 0.044067 0.043995 0.043866 0.043641 0.043263 0.042653 0.041703 0.040281 0.038238 0.035422 0.031703 0.027003 0.021324 0.014773 0.007564 0.000000 
50.000000 42.133178 34.573084 27.590604 21.391909 16.101643 11.760092 8.332974 5.729953 3.826869 2.487021 1.578219 0.984043 0.609401 0.381468 0.247584 0.171615 0.129950 0.107850 0.096507 0.090869 0.088154 0.086887 0.086313 0.086061 0.085954 0.085909 0.085890 0.085883 0.085878 0.085873 0.085863 0.085845 0.085808 0.085736 0.085601 0.085359 0.084935 0.084221 0.083063 0.081252 0.078533 0.074608 0.069176 0.061973 0.052835 0.041761 0.028952 0.014831 0.000000 
50.000000 42.145190 34.596639 27.624815 21.435579 16.153381 11.818446 8.396547 5.797488 3.897296 2.559484 1.652060 1.058784 0.684709 0.457121 0.323438 0.247584 0.205981 0.183915 0.172588 0.166959 0.164248 0.162983 0.162410 0.162158 0.162051 0.162006 0.161987 0.161979 0.161973 0.161964 0.161948 0.161914 0.161848 0.161719 0.161477 0.161038 0.160268 0.158965 0.156843 0.153511 0.148482 0.141189 0.131047 0.117535 0.100320 0.079376 0.055078 0.028230 0.000000 
50.000000 42.166355 34.638142 27.685098 21.512528 16.244548 11.921275 8.508577 5.916499 4.021409 2.687184 1.782191 1.190503 0.817428 0.590447 0.457121 0.381468 0.339977 0.317969 0.306672 0.301058 0.298354 0.297092 0.296521 0.296270 0.296162 0.296117 0.296098 0.296089 0.296080 0.296066 0.296039 0.295982 0.295867 0.295644 0.295224 0.294458 0.293110 0.290820 0.287070 0.281152 0.272171 0.259076 0.240762 0.216230 0.184814 0.146418 0.101703 0.052162 0.000000 
50.000000 42.202382 34.708786 27.787711 21.643512 16.399736 12.096318 8.699284 6.119097 4.232693 2.904579 2.003728 1.414745 1.043374 0.817428 0.684709 0.609401 0.568099 0.546190 0.534945 0.529356 0.526665 0.525408 0.524839 0.524589 0.524482 0.524438 0.524418 0.524407 0.524395 0.524372 0.524327 0.524233 0.524043 0.523672 0.522970 0.521687 0.519417 0.515542 0.509159 0.499029 0.483560 0.460861 0.428906 0.385829 0.330323 0.262106 0.182297 0.093577 0.000000 
50.000000 42.261586 34.824881 27.956342 21.858771 16.654777 12.383995 9.012711 6.452072 4.579951 3.261886 2.367846 1.783313 1.414745 1.190503 1.058784 0.984043 0.943051 0.921307 0.910146 0.904599 0.901928 0.900681 0.900116 0.899868 0.899761 0.899716 0.899696 0.899682 0.899665 0.899631 0.899559 0.899410 0.899108 0.898517 0.897393 0.895328 0.891656 0.885352 0.874906 0.858219 0.832557 0.794621 0.740810 0.667709 0.572820 0.455405 0.317250 0.163028 0.000000 
50.000000 42.355466 35.008977 28.223748 22.200123 17.059222 12.840201 9.509760 6.980130 5.130669 3.828549 2.945317 2.367846 2.003728 1.782191 1.652060 1.578219 1.537720 1.516237 1.505210 1.499730 1.497090 1.495858 1.495301 1.495055 1.494950 1.494905 1.494883 1.494866 1.494841 1.494790 1.494682 1.494456 1.493998 1.493094 1.491370 1.488186 1.482493 1.472658 1.456250 1.429844 1.388910 1.327879 1.240530 1.120781 0.963934 0.768220 0.536272 0.275962 0.000000 
50.000000 42.499036 35.290512 28.632695 22.722161 17.677758 13.537910 10.269948 7.787756 5.972963 4.695240 3.828549 3.261886 2.904579 2.687184 2.559484 2.487021 2.447278 2.426196 2.415374 2.409996 2.407406 2.406197 2.405649 2.405408 2.405304 2.405259 2.405236 2.405215 2.405181 2.405108 2.404952 2.404625 2.403959 2.402641 2.400114 2.395420 2.386980 2.372299 2.347620 2.307574 2.244926 2.150594 2.014154 1.825042 1.574603 1.258808 0.881094 0.454239 0.000000 
50.000000 42.710672 35.705522 29.235527 23.491712 18.589573 14.566453 11.390612 8.978370 7.214703 5.972963 5.130669 4.579951 4.232693 4.021409 3.897296 3.826869 3.788240 3.767750 3.757231 3.752003 3.749486 3.748311 3.747778 3.747544 3.747443 3.747398 3.747373 3.747348 3.747301 3.747202 3.746988 3.746538 3.745616 3.743785 3.740256 3.733664 3.721732 3.700825 3.665389 3.607352 3.515614 3.375896 3.171282 2.883910 2.498141 2.005202 1.408533 0.727964 0.000000 
50.000000 43.011233 36.294918 30.091674 24.584647 19.884571 16.027254 12.982271 10.669402 8.978370 7.787756 6.980130 6.452072 6.119097 5.916499 5.797488 5.729953 5.692911 5.673261 5.663174 5.658161 5.655746 5.654619 5.654108 5.653884 5.653786 5.653742 5.653716 5.653685 5.653625 5.653497 5.653218 5.652630 5.651420 5.649006 5.644328 5.635537 5.619515 5.591220 5.542830 5.462756 5.334701 5.137088 4.843425 4.424357 3.852232 3.108642 2.194257 1.138011 0.000000 
50.000000 43.422291 37.100998 31.262581 26.079411 21.655708 18.025181 15.159200 12.982271 11.390612 10.269948 9.509760 9.012711 8.699284 8.508577 8.396547 8.332974 8.298103 8.279605 8.270109 8.265389 8.263116 8.262055 8.261574 8.261362 8.261270 8.261227 8.261200 8.261164 8.261092 8.260934 8.260592 8.259865 8.258365 8.255358 8.249500 8.238423 8.218090 8.181881 8.119353 8.014716 7.845183 7.579600 7.178100 6.594002 5.779616 4.697636 3.338525 1.740320 0.000000 
50.000000 43.963429 38.162171 32.804046 28.047240 23.987402 20.655471 18.025181 16.027254 14.566453 13.537910 12.840201 12.383995 12.096318 11.921275 11.818446 11.760092 11.728083 11.711103 11.702386 11.698053 11.695967 11.694992 11.694551 11.694356 11.694271 11.694231 11.694202 11.694162 11.694080 11.693899 11.693503 11.692661 11.690916 11.687399 11.680514 11.667411 11.643186 11.599671 11.523756 11.395171 11.183829 10.847081 10.327736 9.554491 8.447660 6.934317 4.976983 2.614825 0.000000 
50.000000 44.648895 39.506373 34.756652 30.539950 26.941057 23.987402 21.655708 19.884571 18.589573 17.677758 17.059222 16.654777 16.399736 16.244548 16.153381 16.101643 16.073264 16.058208 16.050479 16.046637 16.044787 16.043923 16.043532 16.043359 16.043283 16.043246 16.043218 16.043176 16.043089 16.042895 16.042469 16.041561 16.039670 16.035846 16.028318 16.013907 15.987068 15.938441 15.852716 15.705663 15.460213 15.061706 14.432911 13.470529 12.047097 10.026129 7.303293 3.886323 0.000000 
50.000000 45.484085 41.144192 37.135779 33.577181 30.539950 28.047240 26.079411 24.584647 23.491712 22.722161 22.200123 21.858771 21.643512 21.512528 21.435579 21.391909 21.367955 21.355246 21.348722 21.345479 21.343917 21.343188 21.342857 21.342711 21.342647 21.342615 21.342589 21.342549 21.342463 21.342272 21.341852 21.340952 21.339074 21.335258 21.327714 21.313188 21.285951 21.236188 21.147558 20.993571 20.732415 20.299795 19.599580 18.492853 16.788590 14.246333 10.617352 5.776900 0.000000 
50.000000 46.462632 43.063140 39.923292 37.135779 34.756652 32.804046 31.262581 30.091674 29.235527 28.632695 28.223748 27.956342 27.787711 27.685098 27.624815 27.590604 27.571837 27.561880 27.556769 27.554228 27.553004 27.552433 27.552174 27.552059 27.552008 27.551983 27.551961 27.551926 27.551851 27.551682 27.551311 27.550513 27.548843 27.545439 27.538681 27.525605 27.500937 27.455528 27.373886 27.230325 26.983033 26.564946 25.869729 24.730522 22.889446 19.961646 15.424013 8.747281 0.000000 
50.000000 47.564860 45.224631 43.063140 41.144192 39.506373 38.162171 37.100998 36.294918 35.705522 35.290512 35.008977 34.824881 34.708786 34.638142 34.596639 34.573084 34.560164 34.553309 34.549789 34.548040 34.547197 34.546804 34.546625 34.546546 34.546511 34.546493 34.546478 34.546452 34.546396 34.546269 34.545990 34.545390 34.544132 34.541560 34.536438 34.526490 34.507631 34.472705 34.409418 34.296989 34.100661 33.762473 33.185188 32.203080 30.526839 27.639127 22.612316 13.911892 0.000000 
50.000000 48.758231 47.564860 46.462632 45.484085 44.648895 43.963429 43.422291 43.011233 42.710672 42.499036 42.355466 42.261586 42.202382 42.166355 42.145190 42.133178 42.126589 42.123093 42.121298 42.120406 42.119976 42.119776 42.119685 42.119644 42.119626 42.119617 42.119609 42.119595 42.119565 42.119497 42.119347 42.119025 42.118347 42.116961 42.114193 42.108804 42.098557 42.079504 42.044798 41.982707 41.873222 41.681971 41.348605 40.762572 39.707185 37.715351 33.652968 24.379115 0.000000 
50.000000 50.000000 50.000000 50.000000 50.000000 50.000000 50.000000 50.000000 50.000000 50.000000 50.000000 50.000000 50.000000 50.000000 50.000000 50.000000 50.000000 50.000000 50.000000 50.000000 50.000000 50.000000 50.000000 50.000000 50.000000 50.000000 50.000000 50.000000 50.000000 50.000000 50.000000 50.000000 50.000000 50.000000 50.000000 50.000000 50.000000 50.000000 50.000000 50.000000 50.000000 50.000000 50.000000 50.000000 50.000000 50.000000 50.000000 50.000000 50.000000 50.000000 
