50.000000 50.000000 50.000000 50.000000 50.000000 50.000000 50.000000 50.000000 50.000000 50.000000 50.000000 50.000000 50.000000 50.000000 50.000000 50.000000 50.000000 50.000000 50.000000 50.000000 50.000000 50.000000 50.000000 50.000000 50.000000 50.000000 50.000000 50.000000 50.000000 50.000000 50.000000 50.000000 50.000000 50.000000 50.000000 50.000000 50.000000 50.000000 50.000000 50.000000 50.000000 50.000000 50.000000 50.000000 50.000000 50.000000 50.000000 50.000000 50.000000 50.000000 
50.000000 46.915414 44.128868 41.852300 40.166761 39.032592 38.336649 37.945769 37.744037 37.647997 37.605658 37.588312 37.581684 37.579314 37.578519 37.578268 37.578193 37.578172 37.578166 37.578165 37.578164 37.578164 37.578164 37.578164 37.578164 37.578164 37.578164 37.578164 37.578164 37.578164 37.578164 37.578164 37.578164 37.578163 37.578158 37.578142 37.578083 37.577884 37.577244 37.575291 37.569627 37.554006 37.512966 37.409823 37.160084 36.570512 35.187495 31.872601 23.457707 0.000000 
50.000000 44.128868 38.825070 34.492032 31.284006 29.125462 27.801008 27.057159 26.673284 26.490540 26.409985 26.376983 26.364374 26.359867 26.358354 26.357877 26.357734 26.357694 26.357683 26.357681 26.357680 26.357680 26.357680 26.357680 26.357680 26.357680 26.357680 26.357680 26.357680 26.357680 26.357680 26.357680 26.357679 26.357677 26.357670 26.357642 26.357544 26.357215 26.356161 26.352962 26.343757 26.318642 26.253655 26.093950 25.720280 24.884952 23.094299 19.412535 12.256267 0.000000 
50.000000 41.852300 34.492032 28.479099 24.027528 21.032421 19.194786 18.162799 17.630271 17.376785 17.265056 17.219288 17.201804 17.195554 17.193457 17.192795 17.192598 17.192542 17.192527 17.192523 17.192522 17.192522 17.192522 17.192522 17.192522 17.192522 17.192522 17.192522 17.192522 17.192522 17.192522 17.192522 17.192522 17.192519 17.192511 17.192480 17.192372 17.192009 17.190856 17.187384 17.177496 17.150890 17.083314 16.921461 16.556223 15.780996 14.239549 11.397733 6.664805 0.000000 
50.000000 40.166761 31.284006 24.027528 18.655584 15.041463 12.824202 11.579132 10.936712 10.630948 10.496193 10.440999 10.419916 10.412381 10.409853 10.409055 10.408818 10.408751 10.408733 10.408728 10.408727 10.408727 10.408727 10.408727 10.408727 10.408727 10.408727 10.408727 10.408727 10.408727 10.408727 10.408727 10.408726 10.408724 10.408717 10.408690 10.408595 10.408277 10.407276 10.404288 10.395874 10.373559 10.317944 10.187996 9.904237 9.327792 8.246532 6.399053 3.596249 0.000000 
50.000000 39.032592 29.125462 21.032421 15.041463 11.011131 8.538711 7.150479 6.434259 6.093405 5.943202 5.881688 5.858194 5.849798 5.846982 5.846093 5.845828 5.845754 5.845734 5.845729 5.845727 5.845727 5.845727 5.845727 5.845727 5.845727 5.845727 5.845727 5.845727 5.845727 5.845727 5.845727 5.845727 5.845725 5.845720 5.845699 5.845629 5.845394 5.844661 5.842490 5.836446 5.820637 5.781919 5.693434 5.505566 5.137225 4.476198 3.405182 1.872508 0.000000 
50.000000 38.336649 27.801008 19.194786 12.824202 8.538711 5.909930 4.434011 3.672613 3.310292 3.150643 3.085268 3.060301 3.051380 3.048388 3.047444 3.047163 3.047083 3.047062 3.047057 3.047055 3.047055 3.047055 3.047055 3.047055 3.047055 3.047055 3.047055 3.047055 3.047055 3.047055 3.047055 3.047055 3.047054 3.047050 3.047037 3.046991 3.046841 3.046372 3.044998 3.041211 3.031431 3.007846 2.954965 2.845277 2.636206 2.273325 1.707058 0.926827 0.000000 
50.000000 37.945769 27.057159 18.162799 11.579132 7.150479 4.434011 2.908945 2.122242 1.747903 1.582972 1.515438 1.489649 1.480435 1.477345 1.476370 1.476079 1.475997 1.475976 1.475970 1.475969 1.475968 1.475968 1.475968 1.475968 1.475968 1.475968 1.475968 1.475968 1.475968 1.475968 1.475968 1.475968 1.475968 1.475965 1.475958 1.475932 1.475846 1.475580 1.474807 1.472695 1.467303 1.454473 1.426165 1.368560 1.261189 1.079485 0.803504 0.432803 0.000000 
50.000000 37.744037 26.673284 17.630271 10.936712 6.434259 3.672613 2.122242 1.322518 0.942001 0.774355 0.705713 0.679502 0.670138 0.666998 0.666007 0.665712 0.665629 0.665607 0.665601 0.665600 0.665599 0.665599 0.665599 0.665599 0.665599 0.665599 0.665599 0.665599 0.665599 0.665599 0.665599 0.665599 0.665599 0.665598 0.665594 0.665580 0.665536 0.665400 0.665008 0.663946 0.661259 0.654939 0.641183 0.613622 0.563152 0.479381 0.354642 0.190031 0.000000 
50.000000 37.647997 26.490540 17.376785 10.630948 6.093405 3.310292 1.747903 0.942001 0.558554 0.389623 0.320456 0.294046 0.284611 0.281448 0.280449 0.280152 0.280068 0.280046 0.280040 0.280039 0.280038 0.280038 0.280038 0.280038 0.280038 0.280038 0.280038 0.280038 0.280038 0.280038 0.280038 0.280038 0.280038 0.280038 0.280036 0.280029 0.280009 0.279946 0.279764 0.279277 0.278055 0.275208 0.269081 0.256960 0.235074 0.199289 0.146784 0.078370 0.000000 
50.000000 37.605658 26.409985 17.265056 10.496193 5.943202 3.150643 1.582972 0.774355 0.389623 0.220127 0.150731 0.124234 0.114768 0.111594 0.110592 0.110294 0.110210 0.110187 0.110182 0.110180 0.110180 0.110180 0.110180 0.110180 0.110180 0.110180 0.110180 0.110180 0.110180 0.110180 0.110180 0.110180 0.110180 0.110180 0.110179 0.110176 0.110167 0.110140 0.110064 0.109858 0.109347 0.108165 0.105645 0.100712 0.091905 0.077672 0.057023 0.030367 0.000000 
50.000000 37.588312 26.376983 17.219288 10.440999 5.881688 3.085268 1.515438 0.705713 0.320456 0.150731 0.081242 0.054709 0.045231 0.042052 0.041049 0.040751 0.040667 0.040644 0.040638 0.040637 0.040637 0.040637 0.040637 0.040637 0.040637 0.040637 0.040637 0.040637 0.040637 0.040637 0.040637 0.040637 0.040636 0.040636 0.040636 0.040635 0.040632 0.040621 0.040591 0.040511 0.040312 0.039858 0.038895 0.037028 0.033723 0.028432 0.020822 0.011068 0.000000 
50.000000 37.581684 26.364374 17.201804 10.419916 5.858194 3.060301 1.489649 0.679502 0.294046 0.124234 0.054709 0.028163 0.018680 0.015500 0.014497 0.014198 0.014113 0.014091 0.014085 0.014084 0.014084 0.014084 0.014083 0.014083 0.014083 0.014083 0.014083 0.014083 0.014083 0.014083 0.014083 0.014083 0.014083 0.014083 0.014083 0.014083 0.014082 0.014078 0.014067 0.014038 0.013966 0.013803 0.013460 0.012799 0.011639 0.009794 0.007159 0.003800 0.000000 
50.000000 37.579314 26.359867 17.195554 10.412381 5.849798 3.051380 1.480435 0.670138 0.284611 0.114768 0.045231 0.018680 0.009195 0.006014 0.005011 0.004712 0.004627 0.004605 0.004599 0.004598 0.004598 0.004597 0.004597 0.004597 0.004597 0.004597 0.004597 0.004597 0.004597 0.004597 0.004597 0.004597 0.004597 0.004597 0.004597 0.004597 0.004597 0.004596 0.004592 0.004582 0.004558 0.004503 0.004389 0.004169 0.003787 0.003182 0.002322 0.001231 0.000000 
50.000000 37.578519 26.358354 17.193457 10.409853 5.846982 3.048388 1.477345 0.666998 0.281448 0.111594 0.042052 0.015500 0.006014 0.002834 0.001830 0.001531 0.001447 0.001424 0.001419 0.001417 0.001417 0.001417 0.001417 0.001417 0.001417 0.001417 0.001417 0.001417 0.001417 0.001417 0.001417 0.001417 0.001417 0.001417 0.001417 0.001417 0.001417 0.001416 0.001415 0.001412 0.001404 0.001387 0.001351 0.001283 0.001164 0.000977 0.000712 0.000377 0.000000 
50.000000 37.578268 26.357877 17.192795 10.409055 5.846093 3.047444 1.476370 0.666007 0.280449 0.110592 0.041049 0.014497 0.005011 0.001830 0.000826 0.000527 0.000443 0.000421 0.000415 0.000414 0.000413 0.000413 0.000413 0.000413 0.000413 0.000413 0.000413 0.000413 0.000413 0.000413 0.000413 0.000413 0.000413 0.000413 0.000413 0.000413 0.000413 0.000413 0.000413 0.000412 0.000409 0.000404 0.000394 0.000373 0.000339 0.000284 0.000207 0.000109 0.000000 
50.000000 37.578193 26.357734 17.192598 10.408818 5.845828 3.047163 1.476079 0.665712 0.280152 0.110294 0.040751 0.014198 0.004712 0.001531 0.000527 0.000228 0.000144 0.000122 0.000116 0.000115 0.000114 0.000114 0.000114 0.000114 0.000114 0.000114 0.000114 0.000114 0.000114 0.000114 0.000114 0.000114 0.000114 0.000114 0.000114 0.000114 0.000114 0.000114 0.000114 0.000114 0.000113 0.000112 0.000109 0.000103 0.000093 0.000078 0.000057 0.000030 0.000000 
50.000000 37.578172 26.357694 17.192542 10.408751 5.845754 3.047083 1.475997 0.665629 0.280068 0.110210 0.040667 0.014113 0.004627 0.001447 0.000443 0.000144 0.000060 0.000038 0.000032 0.000030 0.000030 0.000030 0.000030 0.000030 0.000030 0.000030 0.000030 0.000030 0.000030 0.000030 0.000030 0.000030 0.000030 0.000030 0.000030 0.000030 0.000030 0.000030 0.000030 0.000030 0.000030 0.000029 0.000029 0.000027 0.000025 0.000021 0.000015 0.000008 0.000000 
50.000000 37.578166 26.357683 17.192527 10.408733 5.845734 3.047062 1.475976 0.665607 0.280046 0.110187 0.040644 0.014091 0.004605 0.001424 0.000421 0.000122 0.000038 0.000015 0.000009 0.000008 0.000008 0.000008 0.000008 0.000008 0.000008 0.000008 0.000008 0.000008 0.000008 0.000008 0.000008 0.000008 0.000008 0.000008 0.000008 0.000008 0.000008 0.000008 0.000007 0.000007 0.000007 0.000007 0.000007 0.000007 0.000006 0.000005 0.000004 0.000002 0.000000 
50.000000 37.578165 26.357681 17.192523 10.408728 5.845729 3.047057 1.475970 0.665601 0.280040 0.110182 0.040638 0.014085 0.004599 0.001419 0.000415 0.000116 0.000032 0.000009 0.000004 0.000002 0.000002 0.000002 0.000002 0.000002 0.000002 0.000002 0.000002 0.000002 0.000002 0.000002 0.000002 0.000002 0.000002 0.000002 0.000002 0.000002 0.000002 0.000002 0.000002 0.000002 0.000002 0.000002 0.000002 0.000002 0.000001 0.000001 0.000001 0.000000 0.000000 
50.000000 37.578164 26.357680 17.192522 10.408727 5.845727 3.047055 1.475969 0.665600 0.280039 0.110180 0.040637 0.014084 0.004598 0.001417 0.000414 0.000115 0.000030 0.000008 0.000002 0.000001 0.000000 0.000000 0.000000 0.000000 0.000000 0.000000 0.000000 0.000000 0.000000 0.000000 0.000000 0.000000 0.000000 0.000000 0.000000 0.000000 0.000000 0.000000 0.000000 0.000000 0.000000 0.000000 0.000000 0.000000 0.000000 0.000000 0.000000 0.000000 0.000000 
50.000000 37.578164 26.357680 17.192522 10.408727 5.845727 3.047055 1.475968 0.665599 0.280038 0.110180 0.040637 0.014084 0.004598 0.001417 0.000413 0.000114 0.000030 0.000008 0.000002 0.000000 0.000000 0.000000 0.000000 0.000000 0.000000 0.000000 0.000000 0.000000 0.000000 0.000000 0.000000 0.000000 0.000000 0.000000 0.000000 0.000000 0.000000 0.000000 0.000000 0.000000 0.000000 0.000000 0.000000 0.000000 0.000000 0.000000 0.000000 0.000000 0.000000 
50.000000 37.578164 26.357680 17.192522 10.408727 5.845727 3.047055 1.475968 0.665599 0.280038 0.110180 0.040637 0.014084 0.004597 0.001417 0.000413 0.000114 0.000030 0.000008 0.000002 0.000000 0.000000 0.000000 0.000000 0.000000 0.000000 0.000000 0.000000 0.000000 0.000000 0.000000 0.000000 0.000000 0.000000 0.000000 0.000000 0.000000 0.000000 0.000000 0.000000 0.000000 0.000000 0.000000 0.000000 0.000000 0.000000 0.000000 0.000000 0.000000 0.000000 
50.000000 37.578164 26.357680 17.192522 10.408727 5.845727 3.047055 1.475968 0.665599 0.280038 0.110180 0.040637 0.014083 0.004597 0.001417 0.000413 0.000114 0.000030 0.000008 0.000002 0.000000 0.000000 0.000000 0.000000 0.000000 0.000000 0.000000 0.000000 0.000000 0.000000 0.000000 0.000000 0.000000 0.000000 0.000000 0.000000 0.000000 0.000000 0.000000 0.000000 0.000000 0.000000 0.000000 0.000000 0.000000 0.000000 0.000000 0.000000 0.000000 0.000000 
50.000000 37.578164 26.357680 17.192522 10.408727 5.845727 3.047055 1.475968 0.665599 0.280038 0.110180 0.040637 0.014083 0.004597 0.001417 0.000413 0.000114 0.000030 0.000008 0.000002 0.000000 0.000000 0.000000 0.000000 0.000000 0.000000 0.000000 0.000000 0.000000 0.000000 0.000000 0.000000 0.000000 0.000000 0.000000 0.000000 0.000000 0.000000 0.000000 0.000000 0.000000 0.000000 0.000000 0.000000 0.000000 0.000000 0.000000 0.000000 0.000000 0.000000 
50.000000 37.578164 26.357680 17.192522 10.408727 5.845727 3.047055 1.475968 0.665599 0.280038 0.110180 0.040637 0.014083 0.004597 0.001417 0.000413 0.000114 0.000030 0.000008 0.000002 0.000000 0.000000 0.000000 0.000000 0.000000 0.000000 0.000000 0.000000 0.000000 0.000000 0.000000 0.000000 0.000000 0.000000 0.000000 0.000000 0.000000 0.000000 0.000000 0.000000 0.000000 0.000000 0.000000 0.000000 0.000000 0.000000 0.000000 0.000000 0.000000 0.000000 
50.000000 37.578164 26.357680 17.192522 10.408727 5.845727 3.047055 1.475968 0.665599 0.280038 0.110180 0.040637 0.014083 0.004597 0.001417 0.000413 0.000114 0.000030 0.000008 0.000002 0.000000 0.000000 0.000000 0.000000 0.000000 0.000000 0.000000 0.000000 0.000000 0.000000 0.000000 0.000000 0.000000 0.000000 0.000000 0.000000 0.000000 0.000000 0.000000 0.000000 0.000000 0.000000 0.000000 0.000000 0.000000 0.000000 0.000000 0.000000 0.000000 0.000000 
50.000000 37.578164 26.357680 17.192522 10.408727 5.845727 3.047055 1.475968 0.665599 0.280038 0.110180 0.040637 0.014084 0.004597 0.001417 0.000413 0.000114 0.000030 0.000008 0.000002 0.000000 0.000000 0.000000 0.000000 0.000000 0.000000 0.000000 0.000000 0.000000 0.000000 0.000000 0.000000 0.000000 0.000000 0.000000 0.000000 0.000000 0.000000 0.000000 0.000000 0.000000 0.000000 0.000000 0.000000 0.000000 0.000000 0.000000 0.000000 0.000000 0.000000 
50.000000 37.578164 26.357680 17.192522 10.408727 5.845727 3.047055 1.475968 0.665599 0.280038 0.110180 0.040637 0.014084 0.004598 0.001417 0.000413 0.000114 0.000030 0.000008 0.000002 0.000000 0.000000 0.000000 0.000000 0.000000 0.000000 0.000000 0.000000 0.000000 0.000000 0.000000 0.000000 0.000000 0.000000 0.000000 0.000000 0.000000 0.000000 0.000000 0.000000 0.000000 0.000000 0.000000 0.000000 0.000000 0.000000 0.000000 0.000000 0.000000 0.000000 
50.000000 37.578164 26.357680 17.192522 10.408727 5.845727 3.047055 1.475969 0.665600 0.280039 0.110180 0.040637 0.014084 0.004598 0.001417 0.000414 0.000115 0.000030 0.000008 0.000002 0.000001 0.000000 0.000000 0.000000 0.000000 0.000000 0.000000 0.000000 0.000000 0.000000 0.000000 0.000000 0.000000 0.000000 0.000000 0.000000 0.000000 0.000000 0.000000 0.000000 0.000000 0.000000 0.000000 0.000000 0.000000 0.000000 0.000000 0.000000 0.000000 0.000000 
50.000000 37.578165 26.357681 17.192523 10.408728 5.845729 3.047057 1.475970 0.665601 0.280040 0.110182 0.040638 0.014085 0.004599 0.001419 0.000415 0.000116 0.000032 0.000009 0.000004 0.000002 0.000002 0.000002 0.000002 0.000002 0.000002 0.000002 0.000002 0.000002 0.000002 0.000002 0.000002 0.000002 0.000002 0.000002 0.000002 0.000002 0.000002 0.000002 0.000002 0.000002 0.000002 0.000002 0.000002 0.000002 0.000001 0.000001 0.000001 0.000000 0.000000 
50.000000 37.578166 26.357683 17.192527 10.408733 5.845734 3.047062 1.475976 0.665607 0.280046 0.110187 0.040644 0.014091 0.004605 0.001424 0.000421 0.000122 0.000038 0.000015 0.000009 0.000008 0.000008 0.000008 0.000008 0.000008 0.000008 0.000008 0.000008 0.000008 0.000008 0.000008 0.000008 0.000008 0.000008 0.000008 0.000008 0.000008 0.000008 0.000008 0.000007 0.000007 0.000007 0.000007 0.000007 0.000007 0.000006 0.000005 0.000004 0.000002 0.000000 
50.000000 37.578172 26.357694 17.192542 10.408751 5.845754 3.047083 1.475997 0.665629 0.280068 0.110210 0.040667 0.014113 0.004627 0.001447 0.000443 0.000144 0.000060 0.000038 0.000032 0.000030 0.000030 0.000030 0.000030 0.000030 0.000030 0.000030 0.000030 0.000030 0.000030 0.000030 0.000030 0.000030 0.000030 0.000030 0.000030 0.000030 0.000030 0.000030 0.000030 0.000030 0.000030 0.000029 0.000029 0.000027 0.000025 0.000021 0.000015 0.000008 0.000000 
50.000000 37.578193 26.357734 17.192598 10.408818 5.845828 3.047163 1.476079 0.665712 0.280152 0.110294 0.040751 0.014198 0.004712 0.001531 0.000527 0.000228 0.000144 0.000122 0.000116 0.000115 0.000114 0.000114 0.000114 0.000114 0.000114 0.000114 0.000114 0.000114 0.000114 0.000114 0.000114 0.000114 0.000114 0.000114 0.000114 0.000114 0.000114 0.000114 0.000114 0.000114 0.000113 0.000112 0.000109 0.000103 0.000093 0.000078 0.000057 0.000030 0.000000 
50.000000 37.578268 26.357877 17.192795 10.409055 5.846093 3.047444 1.476370 0.666007 0.280449 0.110592 0.041049 0.014497 0.005011 0.001830 0.000826 0.000527 0.000443 0.000421 0.000415 0.000414 0.000413 0.000413 0.000413 0.000413 0.000413 0.000413 0.000413 0.000413 0.000413 0.000413 0.000413 0.000413 0.000413 0.000413 0.000413 0.000413 0.000413 0.000413 0.000413 0.000412 0.000409 0.000404 0.000394 0.000373 0.000339 0.000284 0.000207 0.000109 0.000000 
50.000000 37.578519 26.358354 17.193457 10.409853 5.846982 3.048388 1.477345 0.666998 0.281448 0.111594 0.042052 0.015500 0.006014 0.002834 0.001830 0.001531 0.001447 0.001424 0.001419 0.001417 0.001417 0.001417 0.001417 0.001417 0.001417 0.001417 0.001417 0.001417 0.001417 0.001417 0.001417 0.001417 0.001417 0.001417 0.001417 0.001417 0.001417 0.001416 0.001415 0.001412 0.001404 0.001387 0.001351 0.001283 0.001164 0.000977 0.000712 0.000377 0.000000 
50.000000 37.579314 26.359867 17.195554 10.412381 5.849798 3.051380 1.480435 0.670138 0.284611 0.114768 0.045231 0.018680 0.009195 0.006014 0.005011 0.004712 0.004627 0.004605 0.004599 0.004598 0.004598 0.004597 0.004597 0.004597 0.004597 0.004597 0.004597 0.004597 0.004597 0.004597 0.004597 0.004597 0.004597 0.004597 0.004597 0.004597 0.004597 0.004596 0.004592 0.004582 0.004558 0.004503 0.004389 0.004169 0.003787 0.003182 0.002322 0.001231 0.000000 
50.000000 37.581684 26.364374 17.201804 10.419916 5.858194 3.060301 1.489649 0.679502 0.294046 0.124234 0.054709 0.028163 0.018680 0.015500 0.014497 0.014198 0.014113 0.014091 0.014085 0.014084 0.014084 0.014084 0.014083 0.014083 0.014083 0.014083 0.014083 0.014083 0.014083 0.014083 0.014083 0.014083 0.014083 0.014083 0.014083 0.014083 0.014082 0.014078 0.014067 0.014038 0.013966 0.013803 0.013460 0.012799 0.011639 0.009794 0.007159 0.003800 0.000000 
50.000000 37.588312 26.376983 17.219288 10.440999 5.881688 3.085268 1.515438 0.705713 0.320456 0.150731 0.081242 0.054709 0.045231 0.042052 0.041049 0.040751 0.040667 0.040644 0.040638 0.040637 0.040637 0.040637 0.040637 0.040637 0.040637 0.040637 0.040637 0.040637 0.040637 0.040637 0.040637 0.040637 0.040636 0.040636 0.040636 0.040635 0.040632 0.040621 0.040591 0.040511 0.040312 0.039858 0.038895 0.037028 0.033723 0.028432 0.020822 0.011068 0.000000 
50.000000 37.605658 26.409985 17.265056 10.496193 5.943202 3.150643 1.582972 0.774355 0.389623 0.220127 0.150731 0.124234 0.114768 0.111594 0.110592 0.110294 0.110210 0.110187 0.110182 0.110180 0.110180 0.110180 0.110180 0.110180 0.110180 0.110180 0.110180 0.110180 0.110180 0.110180 0.110180 0.110180 0.110180 0.110180 0.110179 0.110176 0.110167 0.110140 0.110064 0.109858 0.109347 0.108165 0.105645 0.100712 0.091905 0.077672 0.057023 0.030367 0.000000 
50.000000 37.647997 26.490540 17.376785 10.630948 6.093405 3.310292 1.747903 0.942001 0.558554 0.389623 0.320456 0.294046 0.284611 0.281448 0.280449 0.280152 0.280068 0.280046 0.280040 0.280039 0.280038 0.280038 0.280038 0.280038 0.280038 0.280038 0.280038 0.280038 0.280038 0.280038 0.280038 0.280038 0.280038 0.280038 0.280036 0.280029 0.280009 0.279946 0.279764 0.279277 0.278055 0.275208 0.269081 0.256960 0.235074 0.199289 0.146784 0.078370 0.000000 
50.000000 37.744037 26.673284 17.630271 10.936712 6.434259 3.672613 2.122242 1.322518 0.942001 0.774355 0.705713 0.679502 0.670138 0.666998 0.666007 0.665712 0.665629 0.665607 0.665601 0.665600 0.665599 0.665599 0.665599 0.665599 0.665599 0.665599 0.665599 0.665599 0.665599 0.665599 0.665599 0.665599 0.665599 0.665598 0.665594 0.665580 0.665536 0.665400 0.665008 0.663946 0.661259 0.654939 0.641183 0.613622 0.563152 0.479381 0.354642 0.190031 0.000000 
50.000000 37.945769 27.057159 18.162799 11.579132 7.150479 4.434011 2.908945 2.122242 1.747903 1.582972 1.515438 1.489649 1.480435 1.477345 1.476370 1.476079 1.475997 1.475976 1.475970 1.475969 1.475968 1.475968 1.475968 1.475968 1.475968 1.475968 1.475968 1.475968 1.475968 1.475968 1.475968 1.475968 1.475968 1.475965 1.475958 1.475932 1.475846 1.475580 1.474807 1.472695 1.467303 1.454473 1.426165 1.368560 1.261189 1.079485 0.803504 0.432803 0.000000 
50.000000 38.336649 27.801008 19.194786 12.824202 8.538711 5.909930 4.434011 3.672613 3.310292 3.150643 3.085268 3.060301 3.051380 3.048388 3.047444 3.047163 3.047083 3.047062 3.047057 3.047055 3.047055 3.047055 3.047055 3.047055 3.047055 3.047055 3.047055 3.047055 3.047055 3.047055 3.047055 3.047055 3.047054 3.047050 3.047037 3.046991 3.046841 3.046372 3.044998 3.041211 3.031431 3.007846 2.954965 2.845277 2.636206 2.273325 1.707058 0.926827 0.000000 
50.000000 39.032592 29.125462 21.032421 15.041463 11.011131 8.538711 7.150479 6.434259 6.093405 5.943202 5.881688 5.858194 5.849798 5.846982 5.846093 5.845828 5.845754 5.845734 5.845729 5.845727 5.845727 5.845727 5.845727 5.845727 5.845727 5.845727 5.845727 5.845727 5.845727 5.845727 5.845727 5.845727 5.845725 5.845720 5.845699 5.845629 5.845394 5.844661 5.842490 5.836446 5.820637 5.781919 5.693434 5.505566 5.137225 4.476198 3.405182 1.872508 0.000000 
50.000000 40.166761 31.284006 24.027528 18.655584 15.041463 12.824202 11.579132 10.936712 10.630948 10.496193 10.440999 10.419916 10.412381 10.409853 10.409055 10.408818 10.408751 10.408733 10.408728 10.408727 10.408727 10.408727 10.408727 10.408727 10.408727 10.408727 10.408727 10.408727 10.408727 10.408727 10.408727 10.408726 10.408724 10.408717 10.408690 10.408595 10.408277 10.407276 10.404288 10.395874 10.373559 10.317944 10.187996 9.904237 9.327792 8.246532 6.399053 3.596249 0.000000 
50.000000 41.852300 34.492032 28.479099 24.027528 21.032421 19.194786 18.162799 17.630271 17.376785 17.265056 17.219288 17.201804 17.195554 17.193457 17.192795 17.192598 17.192542 17.192527 17.192523 17.192522 17.192522 17.192522 17.192522 17.192522 17.192522 17.192522 17.192522 17.192522 17.192522 17.192522 17.192522 17.192522 17.192519 17.192511 17.192480 17.192372 17.192009 17.190856 17.187384 17.177496 17.150890 17.083314 16.921461 16.556223 15.780996 14.239549 11.397733 6.664805 0.000000 
50.000000 44.128868 38.825070 34.492032 31.284006 29.125462 27.801008 27.057159 26.673284 26.490540 26.409985 26.376983 26.364374 26.359867 26.358354 26.357877 26.357734 26.357694 26.357683 26.357681 26.357680 26.357680 26.357680 26.357680 26.357680 26.357680 26.357680 26.357680 26.357680 26.357680 26.357680 26.357680 26.357679 26.357677 26.357670 26.357642 26.357544 26.357215 26.356161 26.352962 26.343757 26.318642 26.253655 26.093950 25.720280 24.884952 23.094299 19.412535 12.256267 0.000000 
50.000000 46.915414 44.128868 41.852300 40.166761 39.032592 38.336649 37.945769 37.744037 37.647997 37.605658 37.588312 37.581684 37.579314 37.578519 37.578268 37.578193 37.578172 37.578166 37.578165 37.578164 37.578164 37.578164 37.578164 37.578164 37.578164 37.578164 37.578164 37.578164 37.578164 37.578164 37.578164 37.578164 37.578163 37.578158 37.578142 37.578083 37.577884 37.577244 37.575291 37.569627 37.554006 37.512966 37.409823 37.160084 36.570512 35.187495 31.872601 23.457707 0.000000 
50.000000 50.000000 50.000000 50.000000 50.000000 50.000000 50.000000 50.000000 50.000000 50.000000 50.000000 50.000000 50.000000 50.000000 50.000000 50.000000 50.000000 50.000000 50.000000 50.000000 50.000000 50.000000 50.000000 50.000000 50.000000 50.000000 50.000000 50.000000 50.000000 50.000000 50.000000 50.000000 50.000000 50.000000 50.000000 50.000000 50.000000 50.000000 50.000000 50.000000 50.000000 50.000000 50.000000 50.000000 50.000000 50.000000 50.000000 50.000000 50.000000 50.000000 
