50.000000 50.000000 50.000000 50.000000 50.000000 50.000000 50.000000 50.000000 50.000000 50.000000 50.000000 50.000000 50.000000 50.000000 50.000000 50.000000 50.000000 50.000000 50.000000 50.000000 50.000000 50.000000 50.000000 50.000000 50.000000 50.000000 50.000000 50.000000 50.000000 50.000000 50.000000 50.000000 50.000000 50.000000 50.000000 50.000000 50.000000 50.000000 50.000000 50.000000 50.000000 50.000000 50.000000 50.000000 50.000000 50.000000 50.000000 50.000000 50.000000 50.000000 
50.000000 48.351990 46.789193 45.383623 44.184297 43.213017 42.466026 41.920090 41.540638 41.289606 41.131386 41.036289 40.981727 40.951813 40.936125 40.928246 40.924453 40.922700 40.921923 40.921591 40.921455 40.921401 40.921380 40.921373 40.921370 40.921369 40.921369 40.921368 40.921367 40.921364 40.921356 40.921334 40.921276 40.921133 40.920786 40.919975 40.918135 40.914094 40.905492 40.887714 40.851972 40.781855 40.647015 40.391100 39.906872 38.979499 37.141555 33.255933 24.175995 0.000000 
50.000000 46.789193 43.744411 41.005961 38.669342 36.777032 35.321705 34.258094 33.518840 33.029780 32.721542 32.536279 32.429986 32.371710 32.341148 32.325800 32.318411 32.314998 32.313483 32.312837 32.312572 32.312467 32.312427 32.312412 32.312407 32.312405 32.312404 32.312403 32.312401 32.312395 32.312380 32.312340 32.312235 32.311975 32.311346 32.309877 32.306554 32.299281 32.283860 32.252161 32.188889 32.065996 31.833019 31.400167 30.607886 29.170319 26.569501 21.872206 13.533261 0.000000 
50.000000 45.383623 41.005961 37.068748 33.709291 30.988661 28.896319 27.367171 26.304366 25.601270 25.158140 24.891808 24.739005 24.655232 24.611299 24.589237 24.578616 24.573710 24.571533 24.570604 24.570223 24.570072 24.570014 24.569993 24.569986 24.569983 24.569982 24.569981 24.569978 24.569971 24.569951 24.569899 24.569765 24.569432 24.568630 24.566760 24.562548 24.553375 24.534045 24.494622 24.416743 24.267547 23.989968 23.487599 22.601801 21.079293 18.534374 14.436460 8.242069 0.000000 
50.000000 44.184297 38.669342 33.709291 29.477129 26.049783 23.413968 21.487666 20.148852 19.263183 18.704999 18.369524 18.177058 18.071543 18.016210 17.988423 17.975047 17.968869 17.966127 17.964958 17.964478 17.964288 17.964215 17.964188 17.964179 17.964176 17.964174 17.964173 17.964170 17.964162 17.964141 17.964085 17.963942 17.963585 17.962729 17.960744 17.956294 17.946660 17.926510 17.885801 17.806338 17.656439 17.383126 16.901495 16.081920 14.738564 12.629999 9.499023 5.204798 0.000000 
50.000000 43.213017 36.777032 30.988661 26.049783 22.050168 18.974296 16.726435 15.164166 14.130699 13.479384 13.087949 12.863384 12.740276 12.675719 12.643302 12.627697 12.620490 12.617292 12.615928 12.615368 12.615146 12.615061 12.615030 12.615019 12.615015 12.615014 12.615012 12.615010 12.615002 12.614982 12.614929 12.614793 12.614456 12.613651 12.611792 12.607647 12.598733 12.580243 12.543261 12.471970 12.339574 12.102876 11.696012 11.025084 9.967862 8.386860 6.169145 3.306145 0.000000 
50.000000 42.466026 35.321705 28.896319 23.413968 18.974296 15.560058 13.064967 11.330911 10.183833 9.460938 9.026497 8.777268 8.640644 8.569002 8.533028 8.515712 8.507715 8.504166 8.502653 8.502031 8.501785 8.501692 8.501657 8.501645 8.501641 8.501639 8.501638 8.501635 8.501629 8.501612 8.501566 8.501449 8.501161 8.500474 8.498897 8.495403 8.487941 8.472591 8.442199 8.384327 8.278442 8.092555 7.780029 7.278283 6.512473 5.408720 3.921538 2.074926 0.000000 
50.000000 41.920090 34.258094 27.367171 21.487666 16.726435 13.064967 10.389252 8.529705 7.299645 6.524474 6.058630 5.791394 5.644905 5.568091 5.529522 5.510958 5.502384 5.498581 5.496958 5.496292 5.496028 5.495928 5.495891 5.495878 5.495873 5.495871 5.495870 5.495868 5.495863 5.495849 5.495813 5.495721 5.495494 5.494956 5.493727 5.491020 5.485279 5.473566 5.450600 5.407372 5.329362 5.194626 4.972412 4.623559 4.104540 3.377203 2.425076 1.273075 0.000000 
50.000000 41.540638 33.518840 26.304366 20.148852 15.164166 11.330911 8.529705 6.582983 5.295285 4.483812 3.996163 3.716427 3.563090 3.482688 3.442319 3.422889 3.413916 3.409935 3.408237 3.407539 3.407264 3.407158 3.407120 3.407106 3.407101 3.407099 3.407099 3.407097 3.407093 3.407083 3.407056 3.406989 3.406823 3.406432 3.405543 3.403596 3.399495 3.391193 3.375064 3.345028 3.291492 3.200343 3.052469 2.824592 2.492413 2.036819 1.452844 0.758783 0.000000 
50.000000 41.289606 33.029780 25.601270 19.263183 14.130699 10.183833 7.299645 5.295285 3.969485 3.134017 2.631961 2.343966 2.186106 2.103335 2.061777 2.041776 2.032538 2.028441 2.026693 2.025975 2.025691 2.025583 2.025543 2.025529 2.025524 2.025522 2.025522 2.025521 2.025518 2.025511 2.025493 2.025446 2.025333 2.025068 2.024467 2.023157 2.020417 2.014912 2.004305 1.984743 1.950257 1.892273 1.799507 1.658728 1.456845 1.184527 0.840891 0.437633 0.000000 
50.000000 41.131386 32.721542 25.158140 18.704999 13.479384 9.460938 6.524474 4.483812 3.134017 2.283442 1.772316 1.479124 1.318418 1.234156 1.191851 1.171491 1.162088 1.157917 1.156137 1.155407 1.155118 1.155008 1.154967 1.154953 1.154948 1.154946 1.154946 1.154945 1.154943 1.154939 1.154927 1.154897 1.154825 1.154655 1.154273 1.153446 1.151724 1.148289 1.141721 1.129712 1.108747 1.073874 1.018739 0.936123 0.819197 0.663518 0.469381 0.243672 0.000000 
50.000000 41.036289 32.536279 24.891808 18.369524 13.087949 9.026497 6.058630 3.996163 2.631961 1.772316 1.255746 0.959436 0.797022 0.711867 0.669113 0.648537 0.639035 0.634820 0.633022 0.632284 0.631992 0.631881 0.631840 0.631825 0.631820 0.631819 0.631818 0.631818 0.631816 0.631814 0.631807 0.631788 0.631745 0.631643 0.631414 0.630920 0.629899 0.627873 0.624027 0.617049 0.604970 0.585065 0.553906 0.507706 0.443014 0.357763 0.252419 0.130798 0.000000 
50.000000 40.981727 32.429986 24.739005 18.177058 12.863384 8.777268 5.791394 3.716427 2.343966 1.479124 0.959436 0.661339 0.497948 0.412281 0.369271 0.348572 0.339013 0.334773 0.332964 0.332222 0.331928 0.331816 0.331775 0.331760 0.331755 0.331753 0.331753 0.331752 0.331752 0.331750 0.331746 0.331736 0.331711 0.331652 0.331522 0.331244 0.330669 0.329537 0.327400 0.323549 0.316933 0.306116 0.289327 0.264651 0.230398 0.185630 0.130705 0.067633 0.000000 
50.000000 40.951813 32.371710 24.655232 18.071543 12.740276 8.640644 5.644905 3.563090 2.186106 1.318418 0.797022 0.497948 0.334021 0.248075 0.204925 0.184158 0.174569 0.170315 0.168500 0.167755 0.167461 0.167348 0.167307 0.167292 0.167287 0.167286 0.167285 0.167285 0.167284 0.167283 0.167281 0.167276 0.167262 0.167230 0.167160 0.167011 0.166704 0.166102 0.164972 0.162948 0.159493 0.153884 0.145241 0.132629 0.115249 0.092684 0.065156 0.033679 0.000000 
50.000000 40.936125 32.341148 24.611299 18.016210 12.675719 8.569002 5.568091 3.482688 2.103335 1.234156 0.711867 0.412281 0.248075 0.161982 0.118758 0.097957 0.088351 0.084090 0.082272 0.081526 0.081231 0.081118 0.081077 0.081062 0.081057 0.081056 0.081055 0.081055 0.081055 0.081054 0.081053 0.081050 0.081043 0.081027 0.080991 0.080914 0.080758 0.080453 0.079883 0.078868 0.077145 0.074364 0.070104 0.063928 0.055466 0.044539 0.031271 0.016150 0.000000 
50.000000 40.928246 32.325800 24.589237 17.988423 12.643302 8.533028 5.529522 3.442319 2.061777 1.191851 0.669113 0.369271 0.204925 0.118758 0.075498 0.054679 0.045065 0.040800 0.038981 0.038235 0.037939 0.037827 0.037785 0.037771 0.037765 0.037764 0.037763 0.037763 0.037763 0.037763 0.037762 0.037761 0.037757 0.037749 0.037732 0.037694 0.037618 0.037471 0.037196 0.036709 0.035886 0.034566 0.032553 0.029651 0.025694 0.020607 0.014453 0.007459 0.000000 
50.000000 40.924453 32.318411 24.578616 17.975047 12.627697 8.515712 5.510958 3.422889 2.041776 1.171491 0.648537 0.348572 0.184158 0.097957 0.054679 0.033852 0.024234 0.019967 0.018148 0.017401 0.017105 0.016992 0.016951 0.016936 0.016931 0.016929 0.016929 0.016929 0.016929 0.016928 0.016928 0.016928 0.016926 0.016922 0.016914 0.016897 0.016861 0.016793 0.016666 0.016442 0.016066 0.015464 0.014552 0.013241 0.011462 0.009184 0.006436 0.003320 0.000000 
50.000000 40.922700 32.314998 24.573710 17.968869 12.620490 8.507715 5.502384 3.413916 2.032538 1.162088 0.639035 0.339013 0.174569 0.088351 0.045065 0.024234 0.014614 0.010347 0.008526 0.007779 0.007484 0.007371 0.007330 0.007315 0.007310 0.007308 0.007308 0.007307 0.007307 0.007307 0.007307 0.007307 0.007306 0.007304 0.007301 0.007293 0.007277 0.007247 0.007191 0.007092 0.006927 0.006664 0.006266 0.005697 0.004927 0.003944 0.002762 0.001424 0.000000 
50.000000 40.921923 32.313483 24.571533 17.966127 12.617292 8.504166 5.498581 3.409935 2.028441 1.157917 0.634820 0.334773 0.170315 0.084090 0.040800 0.019967 0.010347 0.006079 0.004259 0.003512 0.003216 0.003103 0.003062 0.003047 0.003042 0.003040 0.003040 0.003040 0.003040 0.003040 0.003039 0.003039 0.003039 0.003038 0.003037 0.003033 0.003027 0.003014 0.002990 0.002948 0.002878 0.002768 0.002601 0.002363 0.002042 0.001634 0.001143 0.000589 0.000000 
50.000000 40.921591 32.312837 24.570604 17.964958 12.615928 8.502653 5.496958 3.408237 2.026693 1.156137 0.633022 0.332964 0.168500 0.082272 0.038981 0.018148 0.008526 0.004259 0.002438 0.001691 0.001396 0.001283 0.001242 0.001227 0.001222 0.001220 0.001220 0.001219 0.001219 0.001219 0.001219 0.001219 0.001219 0.001219 0.001218 0.001217 0.001214 0.001209 0.001199 0.001182 0.001154 0.001109 0.001041 0.000945 0.000817 0.000653 0.000457 0.000235 0.000000 
50.000000 40.921455 32.312572 24.570223 17.964478 12.615368 8.502031 5.496292 3.407539 2.025975 1.155407 0.632284 0.332222 0.167755 0.081526 0.038235 0.017401 0.007779 0.003512 0.001691 0.000944 0.000649 0.000536 0.000494 0.000480 0.000474 0.000473 0.000472 0.000472 0.000472 0.000472 0.000472 0.000472 0.000472 0.000472 0.000472 0.000471 0.000470 0.000468 0.000464 0.000457 0.000446 0.000429 0.000402 0.000365 0.000315 0.000252 0.000176 0.000091 0.000000 
50.000000 40.921401 32.312467 24.570072 17.964288 12.615146 8.501786 5.496028 3.407264 2.025691 1.155118 0.631992 0.331928 0.167461 0.081231 0.037939 0.017105 0.007484 0.003216 0.001396 0.000649 0.000353 0.000240 0.000199 0.000184 0.000179 0.000177 0.000177 0.000177 0.000177 0.000177 0.000177 0.000177 0.000177 0.000176 0.000176 0.000176 0.000176 0.000175 0.000173 0.000171 0.000167 0.000160 0.000150 0.000136 0.000118 0.000094 0.000066 0.000034 0.000000 
50.000000 40.921380 32.312427 24.570014 17.964215 12.615062 8.501692 5.495928 3.407159 2.025583 1.155008 0.631881 0.331816 0.167349 0.081119 0.037827 0.016993 0.007371 0.003104 0.001283 0.000536 0.000240 0.000128 0.000086 0.000072 0.000066 0.000065 0.000064 0.000064 0.000064 0.000064 0.000064 0.000064 0.000064 0.000064 0.000064 0.000064 0.000064 0.000063 0.000063 0.000062 0.000060 0.000058 0.000054 0.000049 0.000043 0.000034 0.000024 0.000012 0.000000 
50.000000 40.921373 32.312412 24.569994 17.964189 12.615031 8.501658 5.495892 3.407121 2.025544 1.154968 0.631841 0.331776 0.167308 0.081078 0.037786 0.016952 0.007330 0.003063 0.001242 0.000495 0.000200 0.000087 0.000045 0.000031 0.000026 0.000024 0.000023 0.000023 0.000023 0.000023 0.000023 0.000023 0.000023 0.000023 0.000023 0.000023 0.000023 0.000023 0.000023 0.000022 0.000022 0.000021 0.000020 0.000018 0.000015 0.000012 0.000009 0.000004 0.000000 
50.000000 40.921371 32.312407 24.569987 17.964181 12.615021 8.501647 5.495880 3.407108 2.025531 1.154955 0.631828 0.331763 0.167295 0.081065 0.037773 0.016939 0.007317 0.003050 0.001229 0.000482 0.000186 0.000074 0.000032 0.000018 0.000012 0.000011 0.000010 0.000010 0.000010 0.000010 0.000010 0.000010 0.000010 0.000010 0.000010 0.000010 0.000010 0.000010 0.000010 0.000010 0.000009 0.000009 0.000008 0.000008 0.000007 0.000005 0.000004 0.000002 0.000000 
50.000000 40.921371 32.312407 24.569987 17.964181 12.615021 8.501647 5.495880 3.407108 2.025531 1.154955 0.631828 0.331763 0.167295 0.081065 0.037773 0.016939 0.007317 0.003050 0.001229 0.000482 0.000186 0.000074 0.000032 0.000018 0.000012 0.000011 0.000010 0.000010 0.000010 0.000010 0.000010 0.000010 0.000010 0.000010 0.000010 0.000010 0.000010 0.000010 0.000010 0.000010 0.000009 0.000009 0.000008 0.000008 0.000007 0.000005 0.000004 0.000002 0.000000 
50.000000 40.921373 32.312412 24.569994 17.964189 12.615031 8.501658 5.495892 3.407121 2.025544 1.154968 0.631841 0.331776 0.167308 0.081078 0.037786 0.016952 0.007330 0.003063 0.001242 0.000495 0.000200 0.000087 0.000045 0.000031 0.000026 0.000024 0.000023 0.000023 0.000023 0.000023 0.000023 0.000023 0.000023 0.000023 0.000023 0.000023 0.000023 0.000023 0.000023 0.000022 0.000022 0.000021 0.000020 0.000018 0.000015 0.000012 0.000009 0.000004 0.000000 
50.000000 40.921380 32.312427 24.570014 17.964215 12.615062 8.501692 5.495928 3.407159 2.025583 1.155008 0.631881 0.331816 0.167349 0.081119 0.037827 0.016993 0.007371 0.003104 0.001283 0.000536 0.000240 0.000128 0.000086 0.000072 0.000066 0.000065 0.000064 0.000064 0.000064 0.000064 0.000064 0.000064 0.000064 0.000064 0.000064 0.000064 0.000064 0.000063 0.000063 0.000062 0.000060 0.000058 0.000054 0.000049 0.000043 0.000034 0.000024 0.000012 0.000000 
50.000000 40.921401 32.312467 24.570072 17.964288 12.615146 8.501786 5.496028 3.407264 2.025691 1.155118 0.631992 0.331928 0.167461 0.081231 0.037939 0.017105 0.007484 0.003216 0.001396 0.000649 0.000353 0.000240 0.000199 0.000184 0.000179 0.000177 0.000177 0.000177 0.000177 0.000177 0.000177 0.000177 0.000177 0.000176 0.000176 0.000176 0.000176 0.000175 0.000173 0.000171 0.000167 0.000160 0.000150 0.000136 0.000118 0.000094 0.000066 0.000034 0.000000 
50.000000 40.921455 32.312572 24.570223 17.964478 12.615368 8.502031 5.496292 3.407539 2.025975 1.155407 0.632284 0.332222 0.167755 0.081526 0.038235 0.017401 0.007779 0.003512 0.001691 0.000944 0.000649 0.000536 0.000494 0.000480 0.000474 0.000473 0.000472 0.000472 0.000472 0.000472 0.000472 0.000472 0.000472 0.000472 0.000472 0.000471 0.000470 0.000468 0.000464 0.000457 0.000446 0.000429 0.000402 0.000365 0.000315 0.000252 0.000176 0.000091 0.000000 
50.000000 40.921591 32.312837 24.570604 17.964958 12.615928 8.502653 5.496958 3.408237 2.026693 1.156137 0.633022 0.332964 0.168500 0.082272 0.038981 0.018148 0.008526 0.004259 0.002438 0.001691 0.001396 0.001283 0.001242 0.001227 0.001222 0.001220 0.001220 0.001219 0.001219 0.001219 0.001219 0.001219 0.001219 0.001219 0.001218 0.001217 0.001214 0.001209 0.001199 0.001182 0.001154 0.001109 0.001041 0.000945 0.000817 0.000653 0.000457 0.000235 0.000000 
50.000000 40.921923 32.313483 24.571533 17.966127 12.617292 8.504166 5.498581 3.409935 2.028441 1.157917 0.634820 0.334773 0.170315 0.084090 0.040800 0.019967 0.010347 0.006079 0.004259 0.003512 0.003216 0.003103 0.003062 0.003047 0.003042 0.003040 0.003040 0.003040 0.003040 0.003040 0.003039 0.003039 0.003039 0.003038 0.003037 0.003033 0.003027 0.003014 0.002990 0.002948 0.002878 0.002768 0.002601 0.002363 0.002042 0.001634 0.001143 0.000589 0.000000 
50.000000 40.922700 32.314998 24.573710 17.968869 12.620490 8.507715 5.502384 3.413916 2.032538 1.162088 0.639035 0.339013 0.174569 0.088351 0.045065 0.024234 0.014614 0.010347 0.008526 0.007779 0.007484 0.007371 0.007330 0.007315 0.007310 0.007308 0.007308 0.007307 0.007307 0.007307 0.007307 0.007307 0.007306 0.007304 0.007301 0.007293 0.007277 0.007247 0.007191 0.007092 0.006927 0.006664 0.006266 0.005697 0.004927 0.003944 0.002762 0.001424 0.000000 
50.000000 40.924453 32.318411 24.578616 17.975047 12.627697 8.515712 5.510958 3.422889 2.041776 1.171491 0.648537 0.348572 0.184158 0.097957 0.054679 0.033852 0.024234 0.019967 0.018148 0.017401 0.017105 0.016992 0.016951 0.016936 0.016931 0.016929 0.016929 0.016929 0.016929 0.016928 0.016928 0.016928 0.016926 0.016922 0.016914 0.016897 0.016861 0.016793 0.016666 0.016442 0.016066 0.015464 0.014552 0.013241 0.011462 0.009184 0.006436 0.003320 0.000000 
50.000000 40.928246 32.325800 24.589237 17.988423 12.643302 8.533028 5.529522 3.442319 2.061777 1.191851 0.669113 0.369271 0.204925 0.118758 0.075498 0.054679 0.045065 0.040800 0.038981 0.038235 0.037939 0.037827 0.037785 0.037771 0.037765 0.037764 0.037763 0.037763 0.037763 0.037763 0.037762 0.037761 0.037757 0.037749 0.037732 0.037694 0.037618 0.037471 0.037196 0.036709 0.035886 0.034566 0.032553 0.029651 0.025694 0.020607 0.014453 0.007459 0.000000 
50.000000 40.936125 32.341148 24.611299 18.016210 12.675719 8.569002 5.568091 3.482688 2.103335 1.234156 0.711867 0.412281 0.248075 0.161982 0.118758 0.097957 0.088351 0.084090 0.082272 0.081526 0.081231 0.081118 0.081077 0.081062 0.081057 0.081056 0.081055 0.081055 0.081055 0.081054 0.081053 0.081050 0.081043 0.081027 0.080991 0.080914 0.080758 0.080453 0.079883 0.078868 0.077145 0.074364 0.070104 0.063928 0.055466 0.044539 0.031271 0.016150 0.000000 
50.000000 40.951813 32.371710 24.655232 18.071543 12.740276 8.640644 5.644905 3.563090 2.186106 1.318418 0.797022 0.497948 0.334021 0.248075 0.204925 0.184158 0.174569 0.170315 0.168500 0.167755 0.167461 0.167348 0.167307 0.167292 0.167287 0.167286 0.167285 0.167285 0.167284 0.167283 0.167281 0.167276 0.167262 0.167230 0.167160 0.167011 0.166704 0.166102 0.164972 0.162948 0.159493 0.153884 0.145241 0.132629 0.115249 0.092684 0.065156 0.033679 0.000000 
50.000000 40.981727 32.429986 24.739005 18.177058 12.863384 8.777268 5.791394 3.716427 2.343966 1.479124 0.959436 0.661339 0.497948 0.412281 0.369271 0.348572 0.339013 0.334773 0.332964 0.332222 0.331928 0.331816 0.331775 0.331760 0.331755 0.331753 0.331753 0.331752 0.331752 0.331750 0.331746 0.331736 0.331711 0.331652 0.331522 0.331244 0.330669 0.329537 0.327400 0.323549 0.316933 0.306116 0.289327 0.264651 0.230398 0.185630 0.130705 0.067633 0.000000 
50.000000 41.036289 32.536279 24.891808 18.369524 13.087949 9.026497 6.058630 3.996163 2.631961 1.772316 1.255746 0.959436 0.797022 0.711867 0.669113 0.648537 0.639035 0.634820 0.633022 0.632284 0.631992 0.631881 0.631840 0.631825 0.631820 0.631819 0.631818 0.631818 0.631816 0.631814 0.631807 0.631788 0.631745 0.631643 0.631414 0.630920 0.629899 0.627873 0.624027 0.617049 0.604970 0.585065 0.553906 0.507706 0.443014 0.357763 0.252419 0.130798 0.000000 
50.000000 41.131386 32.721542 25.158140 18.704999 13.479384 9.460938 6.524474 4.483812 3.134017 2.283442 1.772316 1.479124 1.318418 1.234156 1.191851 1.171491 1.162088 1.157917 1.156137 1.155407 1.155118 1.155008 1.154967 1.154953 1.154948 1.154946 1.154946 1.154945 1.154943 1.154939 1.154927 1.154897 1.154825 1.154655 1.154273 1.153446 1.151724 1.148289 1.141721 1.129712 1.108747 1.073874 1.018739 0.936123 0.819197 0.663518 0.469381 0.243672 0.000000 
50.000000 41.289606 33.029780 25.601270 19.263183 14.130699 10.183833 7.299645 5.295285 3.969485 3.134017 2.631961 2.343966 2.186106 2.103335 2.061777 2.041776 2.032538 2.028441 2.026693 2.025975 2.025691 2.025583 2.025543 2.025529 2.025524 2.025522 2.025522 2.025521 2.025518 2.025511 2.025493 2.025446 2.025333 2.025068 2.024467 2.023157 2.020417 2.014912 2.004305 1.984743 1.950257 1.892273 1.799507 1.658728 1.456845 1.184527 0.840891 0.437633 0.000000 
50.000000 41.540638 33.518840 26.304366 20.148852 15.164166 11.330911 8.529705 6.582983 5.295285 4.483812 3.996163 3.716427 3.563090 3.482688 3.442319 3.422889 3.413916 3.409935 3.408237 3.407539 3.407264 3.407158 3.407120 3.407106 3.407101 3.407099 3.407099 3.407097 3.407093 3.407083 3.407056 3.406989 3.406823 3.406432 3.405543 3.403596 3.399495 3.391193 3.375064 3.345028 3.291492 3.200343 3.052469 2.824592 2.492413 2.036819 1.452844 0.758783 0.000000 
50.000000 41.920090 34.258094 27.367171 21.487666 16.726435 13.064967 10.389252 8.529705 7.299645 6.524474 6.058630 5.791394 5.644905 5.568091 5.529522 5.510958 5.502384 5.498581 5.496958 5.496292 5.496028 5.495928 5.495891 5.495878 5.495873 5.495871 5.495870 5.495868 5.495863 5.495849 5.495813 5.495721 5.495494 5.494956 5.493727 5.491020 5.485279 5.473566 5.450600 5.407372 5.329362 5.194626 4.972412 4.623559 4.104540 3.377203 2.425076 1.273075 0.000000 
50.000000 42.466026 35.321705 28.896319 23.413968 18.974296 15.560058 13.064967 11.330911 10.183833 9.460938 9.026497 8.777268 8.640644 8.569002 8.533028 8.515712 8.507715 8.504166 8.502653 8.502031 8.501785 8.501692 8.501657 8.501645 8.501641 8.501639 8.501638 8.501635 8.501629 8.501612 8.501566 8.501449 8.501161 8.500474 8.498897 8.495403 8.487941 8.472591 8.442199 8.384327 8.278442 8.092555 7.780029 7.278283 6.512473 5.408720 3.921538 2.074926 0.000000 
50.000000 43.213017 36.777032 30.988661 26.049783 22.050168 18.974296 16.726435 15.164166 14.130699 13.479384 13.087949 12.863384 12.740276 12.675719 12.643302 12.627697 12.620490 12.617292 12.615928 12.615368 12.615146 12.615061 12.615030 12.615019 12.615015 12.615014 12.615012 12.615010 12.615002 12.614982 12.614929 12.614793 12.614456 12.613651 12.611792 12.607647 12.598733 12.580243 12.543261 12.471970 12.339574 12.102876 11.696012 11.025084 9.967862 8.386860 6.169145 3.306145 0.000000 
50.000000 44.184297 38.669342 33.709291 29.477129 26.049783 23.413968 21.487666 20.148852 19.263183 18.704999 18.369524 18.177058 18.071543 18.016210 17.988423 17.975047 17.968869 17.966127 17.964958 17.964478 17.964288 17.964215 17.964188 17.964179 17.964176 17.964174 17.964173 17.964170 17.964162 17.964141 17.964085 17.963942 17.963585 17.962729 17.960744 17.956294 17.946660 17.926510 17.885801 17.806338 17.656439 17.383126 16.901495 16.081920 14.738564 12.629999 9.499023 5.204798 0.000000 
50.000000 45.383623 41.005961 37.068748 33.709291 30.988661 28.896319 27.367171 26.304366 25.601270 25.158140 24.891808 24.739005 24.655232 24.611299 24.589237 24.578616 24.573710 24.571533 24.570604 24.570223 24.570072 24.570014 24.569993 24.569986 24.569983 24.569982 24.569981 24.569978 24.569971 24.569951 24.569899 24.569765 24.569432 24.568630 24.566760 24.562548 24.553375 24.534045 24.494622 24.416743 24.267547 23.989968 23.487599 22.601801 21.079293 18.534374 14.436460 8.242069 0.000000 
50.000000 46.789193 43.744411 41.005961 38.669342 36.777032 35.321705 34.258094 33.518840 33.029780 32.721542 32.536279 32.429986 32.371710 32.341148 32.325800 32.318411 32.314998 32.313483 32.312837 32.312572 32.312467 32.312427 32.312412 32.312407 32.312405 32.312404 32.312403 32.312401 32.312395 32.312380 32.312340 32.312235 32.311975 32.311346 32.309877 32.306554 32.299281 32.283860 32.252161 32.188889 32.065996 31.833019 31.400167 30.607886 29.170319 26.569501 21.872206 13.533261 0.000000 
50.000000 48.351990 46.789193 45.383623 44.184297 43.213017 42.466026 41.920090 41.540638 41.289606 41.131386 41.036289 40.981727 40.951813 40.936125 40.928246 40.924453 40.922700 40.921923 40.921591 40.921455 40.921401 40.921380 40.921373 40.921370 40.921369 40.921369 40.921368 40.921367 40.921364 40.921356 40.921334 40.921276 40.921133 40.920786 40.919975 40.918135 40.914094 40.905492 40.887714 40.851972 40.781855 40.647015 40.391100 39.906872 38.979499 37.141555 33.255933 24.175995 0.000000 
50.000000 50.000000 50.000000 50.000000 50.000000 50.000000 50.000000 50.000000 50.000000 50.000000 50.000000 50.000000 50.000000 50.000000 50.000000 50.000000 50.000000 50.000000 50.000000 50.000000 50.000000 50.000000 50.000000 50.000000 50.000000 50.000000 50.000000 50.000000 50.000000 50.000000 50.000000 50.000000 50.000000 50.000000 50.000000 50.000000 50.000000 50.000000 50.000000 50.000000 50.000000 50.000000 50.000000 50.000000 50.000000 50.000000 50.000000 50.000000 50.000000 50.000000 
