50.000000 50.000000 50.000000 50.000000 50.000000 50.000000 50.000000 50.000000 50.000000 50.000000 50.000000 50.000000 50.000000 50.000000 50.000000 50.000000 50.000000 50.000000 50.000000 50.000000 50.000000 50.000000 50.000000 50.000000 50.000000 50.000000 50.000000 50.000000 50.000000 50.000000 50.000000 50.000000 50.000000 50.000000 50.000000 50.000000 50.000000 50.000000 50.000000 50.000000 50.000000 50.000000 50.000000 50.000000 50.000000 50.000000 50.000000 50.000000 50.000000 50.000000 
50.000000 48.551438 47.168724 45.908737 44.812451 43.901422 43.178062 42.629038 42.230498 41.953639 41.769465 41.652059 41.580287 41.538179 41.514452 41.501601 41.494905 41.491545 41.489922 41.489165 41.488824 41.488676 41.488614 41.488589 41.488579 41.488575 41.488573 41.488571 41.488568 41.488558 41.488536 41.488480 41.488348 41.488043 41.487364 41.485892 41.482790 41.476435 41.463762 41.439124 41.392319 41.305137 41.145148 40.853853 40.322145 39.334032 37.422062 33.450538 24.275719 0.000000 
50.000000 47.168724 44.466153 42.003462 39.860737 38.080111 36.666294 35.593225 34.814281 34.273168 33.913207 33.683745 33.543472 33.461176 33.414805 33.389688 33.376602 33.370037 33.366864 33.365385 33.364719 33.364430 33.364309 33.364259 33.364240 33.364232 33.364229 33.364225 33.364218 33.364201 33.364159 33.364056 33.363813 33.363255 33.362009 33.359314 33.353651 33.342085 33.319114 33.274694 33.190905 33.036366 32.756751 32.258290 31.377960 29.827756 27.089667 22.233077 13.718186 0.000000 
50.000000 45.908737 42.003462 38.444830 35.348569 32.775560 30.732607 29.182047 28.056502 27.274623 26.754506 26.422954 26.220276 26.101371 26.034371 25.998083 25.979176 25.969691 25.965107 25.962970 25.962009 25.961591 25.961416 25.961345 25.961316 25.961305 25.961300 25.961296 25.961287 25.961264 25.961209 25.961074 25.960757 25.960029 25.958411 25.954920 25.947611 25.932759 25.903441 25.847189 25.742167 25.551107 25.211836 24.622678 23.620411 21.948910 19.222415 14.913796 8.486675 0.000000 
50.000000 44.812451 39.860737 35.348569 31.422688 28.160287 25.569985 23.604022 22.176958 21.185638 20.526208 20.105859 19.848904 19.698159 19.613221 19.567218 19.543250 19.531227 19.525415 19.522707 19.521489 19.520959 19.520737 19.520647 19.520611 19.520597 19.520591 19.520585 19.520575 19.520551 19.520489 19.520341 19.519992 19.519194 19.517425 19.513626 19.505710 19.489721 19.458396 19.398858 19.289027 19.092293 18.749963 18.171239 17.221372 15.711344 13.399659 10.032982 5.478419 0.000000 
50.000000 43.901422 38.080111 32.775560 28.160287 24.325036 21.279936 18.968824 17.291247 16.125928 15.350768 14.856657 14.554619 14.377431 14.277596 14.223526 14.195355 14.181225 14.174395 14.171212 14.169780 14.169158 14.168897 14.168791 14.168749 14.168732 14.168725 14.168720 14.168710 14.168685 14.168625 14.168480 14.168138 14.167360 14.165644 14.161972 14.154367 14.139107 14.109458 14.053676 13.952066 13.772909 13.467308 12.963516 12.162518 10.938914 9.155150 6.702151 3.579278 0.000000 
50.000000 43.178062 36.666294 30.732607 25.569985 21.279936 17.873775 15.288670 13.412239 12.108811 11.241800 10.689153 10.351341 10.153172 10.041518 9.981049 9.949545 9.933743 9.926106 9.922547 9.920946 9.920250 9.919958 9.919840 9.919793 9.919775 9.919767 9.919761 9.919752 9.919730 9.919676 9.919546 9.919242 9.918551 9.917032 9.913800 9.907146 9.893890 9.868351 9.820796 9.735244 9.586673 9.337889 8.936888 8.316420 7.398746 6.109929 4.408003 2.324209 0.000000 
50.000000 42.629038 35.593225 29.182047 23.604022 18.968824 15.288670 12.495657 10.468346 9.060137 8.123447 7.526399 7.161456 6.947375 6.826760 6.761440 6.727409 6.710341 6.702091 6.698247 6.696518 6.695767 6.695451 6.695323 6.695273 6.695253 6.695245 6.695240 6.695232 6.695214 6.695169 6.695061 6.694810 6.694242 6.693000 6.690371 6.684990 6.674346 6.654013 6.616526 6.549883 6.435766 6.247829 5.950781 5.501516 4.854060 3.970211 2.836474 1.483890 0.000000 
50.000000 42.230498 34.814281 28.056502 22.176958 17.291247 13.412239 10.468346 8.331551 6.847317 5.860076 5.230819 4.846197 4.620578 4.493465 4.424627 4.388766 4.370779 4.362086 4.358035 4.356213 4.355422 4.355090 4.354955 4.354901 4.354881 4.354873 4.354868 4.354862 4.354847 4.354813 4.354729 4.354536 4.354101 4.353153 4.351157 4.347095 4.339118 4.324002 4.296395 4.247850 4.165775 4.032580 3.825566 3.518338 3.084665 2.505395 1.777916 0.925361 0.000000 
50.000000 41.953639 34.273168 27.274623 21.185638 16.125928 12.108811 9.060137 6.847317 5.310297 4.287963 3.636350 3.238070 3.004444 2.872823 2.801546 2.764414 2.745791 2.736790 2.732596 2.730710 2.729891 2.729547 2.729407 2.729352 2.729331 2.729323 2.729318 2.729313 2.729303 2.729278 2.729217 2.729077 2.728764 2.728084 2.726660 2.723780 2.718160 2.707592 2.688459 2.655149 2.599466 2.510254 2.373567 2.173862 1.896611 1.532456 1.082263 0.561320 0.000000 
50.000000 41.769465 33.913207 26.754506 20.526208 15.350768 11.241800 8.123447 5.860076 4.287963 3.242300 2.575828 2.168472 1.929527 1.794911 1.722013 1.684038 1.664992 1.655788 1.651499 1.649570 1.648732 1.648380 1.648237 1.648181 1.648160 1.648151 1.648147 1.648144 1.648136 1.648119 1.648078 1.647982 1.647769 1.647309 1.646350 1.644421 1.640681 1.633696 1.621150 1.599504 1.563681 1.506921 1.421004 1.297091 1.127350 0.907317 0.638513 0.330340 0.000000 
50.000000 41.652059 33.683745 26.422954 20.105859 14.856657 10.689153 7.526399 5.230819 3.636350 2.575828 1.899892 1.486757 1.244425 1.107903 1.033975 0.995463 0.976148 0.966814 0.962465 0.960509 0.959659 0.959302 0.959158 0.959101 0.959079 0.959071 0.959067 0.959064 0.959059 0.959048 0.959021 0.958960 0.958822 0.958527 0.957915 0.956690 0.954328 0.949946 0.942132 0.928758 0.906818 0.872386 0.820801 0.747199 0.647463 0.519513 0.364630 0.188297 0.000000 
50.000000 41.580287 33.543472 26.220276 19.848904 14.554619 10.351341 7.161456 4.846197 3.238070 2.168472 1.486757 1.070094 0.825695 0.688009 0.613452 0.574613 0.555134 0.545721 0.541335 0.539362 0.538505 0.538146 0.537999 0.537942 0.537920 0.537912 0.537909 0.537906 0.537903 0.537896 0.537880 0.537842 0.537758 0.537578 0.537206 0.536466 0.535047 0.532429 0.527791 0.519909 0.507079 0.487110 0.457452 0.415512 0.359182 0.287517 0.201387 0.103852 0.000000 
50.000000 41.538179 33.461176 26.101371 19.698159 14.377431 10.153172 6.947375 4.620578 3.004444 1.929527 1.244425 0.825695 0.580084 0.441718 0.366792 0.327761 0.308186 0.298727 0.294319 0.292337 0.291476 0.291115 0.290968 0.290910 0.290888 0.290880 0.290877 0.290875 0.290873 0.290869 0.290859 0.290837 0.290788 0.290684 0.290469 0.290042 0.289228 0.287735 0.285105 0.280664 0.273483 0.262386 0.246026 0.223064 0.192449 0.153759 0.107526 0.055389 0.000000 
50.000000 41.514452 33.414805 26.034371 19.613221 14.277596 10.041518 6.826760 4.493465 2.872823 1.794911 1.107903 0.688009 0.441718 0.302968 0.227835 0.188697 0.169068 0.159583 0.155163 0.153175 0.152312 0.151950 0.151802 0.151744 0.151722 0.151714 0.151711 0.151710 0.151709 0.151706 0.151701 0.151688 0.151661 0.151603 0.151484 0.151249 0.150803 0.149988 0.148560 0.146162 0.142308 0.136389 0.127718 0.115624 0.099596 0.079452 0.055490 0.028560 0.000000 
50.000000 41.501601 33.389688 25.998083 19.567218 14.223526 9.981049 6.761440 4.424627 2.801546 1.722013 1.033975 0.613452 0.366792 0.227835 0.152590 0.113393 0.093736 0.084236 0.079810 0.077819 0.076955 0.076592 0.076444 0.076386 0.076364 0.076356 0.076353 0.076352 0.076351 0.076350 0.076347 0.076340 0.076326 0.076295 0.076232 0.076108 0.075874 0.075447 0.074704 0.073461 0.071475 0.068440 0.064017 0.057883 0.049793 0.039673 0.027679 0.014236 0.000000 
50.000000 41.494905 33.376602 25.979176 19.543250 14.195355 9.949545 6.727409 4.388766 2.764414 1.684038 0.995463 0.574613 0.327761 0.188697 0.113393 0.074167 0.054494 0.044987 0.040558 0.038565 0.037700 0.037337 0.037189 0.037131 0.037109 0.037101 0.037098 0.037097 0.037096 0.037096 0.037094 0.037091 0.037083 0.037068 0.037036 0.036973 0.036855 0.036641 0.036269 0.035650 0.034665 0.033167 0.030995 0.027995 0.024056 0.019147 0.013347 0.006861 0.000000 
50.000000 41.491545 33.370037 25.969691 19.531227 14.181225 9.933743 6.710341 4.370779 2.745791 1.664992 0.976148 0.555134 0.308186 0.169068 0.093736 0.054494 0.034814 0.025303 0.020872 0.018879 0.018013 0.017650 0.017502 0.017444 0.017422 0.017414 0.017411 0.017410 0.017410 0.017409 0.017408 0.017407 0.017403 0.017395 0.017380 0.017349 0.017292 0.017189 0.017010 0.016713 0.016243 0.015531 0.014502 0.013086 0.011235 0.008934 0.006224 0.003198 0.000000 
50.000000 41.489922 33.366864 25.965107 19.525415 14.174395 9.926106 6.702091 4.362086 2.736791 1.655788 0.966814 0.545721 0.298727 0.159583 0.084236 0.044987 0.025303 0.015792 0.011359 0.009366 0.008500 0.008137 0.007989 0.007931 0.007909 0.007901 0.007898 0.007897 0.007896 0.007896 0.007896 0.007895 0.007893 0.007890 0.007882 0.007868 0.007841 0.007793 0.007710 0.007573 0.007357 0.007030 0.006560 0.005915 0.005074 0.004032 0.002807 0.001442 0.000000 
50.000000 41.489165 33.365385 25.962970 19.522707 14.171212 9.922547 6.698247 4.358035 2.732596 1.651499 0.962465 0.541335 0.294319 0.155163 0.079810 0.040558 0.020872 0.011359 0.006926 0.004933 0.004067 0.003704 0.003556 0.003498 0.003476 0.003468 0.003465 0.003464 0.003463 0.003463 0.003463 0.003463 0.003462 0.003460 0.003457 0.003451 0.003439 0.003417 0.003380 0.003319 0.003223 0.003078 0.002870 0.002587 0.002217 0.001761 0.001225 0.000629 0.000000 
50.000000 41.488824 33.364719 25.962009 19.521489 14.169780 9.920946 6.696518 4.356213 2.730710 1.649570 0.960509 0.539362 0.292337 0.153175 0.077820 0.038566 0.018879 0.009366 0.004933 0.002940 0.002074 0.001710 0.001563 0.001505 0.001482 0.001474 0.001471 0.001470 0.001470 0.001470 0.001470 0.001470 0.001469 0.001469 0.001467 0.001464 0.001459 0.001450 0.001434 0.001408 0.001366 0.001304 0.001216 0.001095 0.000938 0.000745 0.000518 0.000266 0.000000 
50.000000 41.488676 33.364430 25.961591 19.520960 14.169158 9.920251 6.695767 4.355422 2.729891 1.648732 0.959660 0.538506 0.291477 0.152312 0.076955 0.037701 0.018014 0.008501 0.004068 0.002074 0.001208 0.000845 0.000697 0.000639 0.000617 0.000609 0.000606 0.000605 0.000604 0.000604 0.000604 0.000604 0.000604 0.000604 0.000603 0.000602 0.000600 0.000596 0.000589 0.000578 0.000561 0.000536 0.000499 0.000449 0.000385 0.000305 0.000212 0.000109 0.000000 
50.000000 41.488615 33.364309 25.961417 19.520738 14.168898 9.919959 6.695453 4.355091 2.729548 1.648382 0.959304 0.538147 0.291116 0.151951 0.076593 0.037338 0.017651 0.008138 0.003705 0.001712 0.000846 0.000482 0.000335 0.000277 0.000254 0.000246 0.000243 0.000242 0.000242 0.000242 0.000242 0.000242 0.000242 0.000242 0.000241 0.000241 0.000240 0.000238 0.000236 0.000231 0.000224 0.000214 0.000199 0.000179 0.000154 0.000122 0.000085 0.000043 0.000000 
50.000000 41.488590 33.364261 25.961347 19.520649 14.168794 9.919843 6.695327 4.354959 2.729411 1.648242 0.959162 0.538004 0.290972 0.151807 0.076449 0.037194 0.017507 0.007993 0.003560 0.001567 0.000701 0.000337 0.000190 0.000132 0.000110 0.000102 0.000099 0.000098 0.000097 0.000097 0.000097 0.000097 0.000097 0.000097 0.000097 0.000097 0.000096 0.000096 0.000095 0.000093 0.000090 0.000086 0.000080 0.000072 0.000062 0.000049 0.000034 0.000017 0.000000 
50.000000 41.488581 33.364244 25.961323 19.520619 14.168758 9.919803 6.695284 4.354913 2.729364 1.648193 0.959113 0.537955 0.290923 0.151757 0.076399 0.037144 0.017457 0.007944 0.003511 0.001517 0.000651 0.000288 0.000140 0.000082 0.000060 0.000052 0.000049 0.000048 0.000047 0.000047 0.000047 0.000047 0.000047 0.000047 0.000047 0.000047 0.000047 0.000047 0.000046 0.000045 0.000044 0.000042 0.000039 0.000035 0.000030 0.000024 0.000016 0.000008 0.000000 
50.000000 41.488581 33.364244 25.961323 19.520619 14.168758 9.919803 6.695284 4.354913 2.729364 1.648193 0.959113 0.537955 0.290923 0.151757 0.076399 0.037144 0.017457 0.007944 0.003511 0.001517 0.000651 0.000288 0.000140 0.000082 0.000060 0.000052 0.000049 0.000048 0.000047 0.000047 0.000047 0.000047 0.000047 0.000047 0.000047 0.000047 0.000047 0.000047 0.000046 0.000045 0.000044 0.000042 0.000039 0.000035 0.000030 0.000024 0.000016 0.000008 0.000000 
50.000000 41.488590 33.364261 25.961347 19.520649 14.168794 9.919843 6.695327 4.354959 2.729411 1.648242 0.959162 0.538004 0.290972 0.151807 0.076449 0.037194 0.017507 0.007993 0.003560 0.001567 0.000701 0.000337 0.000190 0.000132 0.000110 0.000102 0.000099 0.000098 0.000097 0.000097 0.000097 0.000097 0.000097 0.000097 0.000097 0.000097 0.000096 0.000096 0.000095 0.000093 0.000090 0.000086 0.000080 0.000072 0.000062 0.000049 0.000034 0.000017 0.000000 
50.000000 41.488615 33.364309 25.961417 19.520738 14.168898 9.919959 6.695453 4.355091 2.729548 1.648382 0.959304 0.538147 0.291116 0.151951 0.076593 0.037338 0.017651 0.008138 0.003705 0.001712 0.000846 0.000482 0.000335 0.000277 0.000254 0.000246 0.000243 0.000242 0.000242 0.000242 0.000242 0.000242 0.000242 0.000242 0.000241 0.000241 0.000240 0.000238 0.000236 0.000231 0.000224 0.000214 0.000199 0.000179 0.000154 0.000122 0.000085 0.000043 0.000000 
50.000000 41.488676 33.364430 25.961591 19.520960 14.169158 9.920251 6.695767 4.355422 2.729891 1.648732 0.959660 0.538506 0.291477 0.152312 0.076955 0.037701 0.018014 0.008501 0.004068 0.002074 0.001208 0.000845 0.000697 0.000639 0.000617 0.000609 0.000606 0.000605 0.000604 0.000604 0.000604 0.000604 0.000604 0.000604 0.000603 0.000602 0.000600 0.000596 0.000589 0.000578 0.000561 0.000536 0.000499 0.000449 0.000385 0.000305 0.000212 0.000109 0.000000 
50.000000 41.488824 33.364719 25.962009 19.521489 14.169780 9.920946 6.696518 4.356213 2.730710 1.649570 0.960509 0.539362 0.292337 0.153175 0.077820 0.038566 0.018879 0.009366 0.004933 0.002940 0.002074 0.001710 0.001563 0.001505 0.001482 0.001474 0.001471 0.001470 0.001470 0.001470 0.001470 0.001470 0.001469 0.001469 0.001467 0.001464 0.001459 0.001450 0.001434 0.001408 0.001366 0.001304 0.001216 0.001095 0.000938 0.000745 0.000518 0.000266 0.000000 
50.000000 41.489165 33.365385 25.962970 19.522707 14.171212 9.922547 6.698247 4.358035 2.732596 1.651499 0.962465 0.541335 0.294319 0.155163 0.079810 0.040558 0.020872 0.011359 0.006926 0.004933 0.004067 0.003704 0.003556 0.003498 0.003476 0.003468 0.003465 0.003464 0.003463 0.003463 0.003463 0.003463 0.003462 0.003460 0.003457 0.003451 0.003439 0.003417 0.003380 0.003319 0.003223 0.003078 0.002870 0.002587 0.002217 0.001761 0.001225 0.000629 0.000000 
50.000000 41.489922 33.366864 25.965107 19.525415 14.174395 9.926106 6.702091 4.362086 2.736791 1.655788 0.966814 0.545721 0.298727 0.159583 0.084236 0.044987 0.025303 0.015792 0.011359 0.009366 0.008500 0.008137 0.007989 0.007931 0.007909 0.007901 0.007898 0.007897 0.007896 0.007896 0.007896 0.007895 0.007893 0.007890 0.007882 0.007868 0.007841 0.007793 0.007710 0.007573 0.007357 0.007030 0.006560 0.005915 0.005074 0.004032 0.002807 0.001442 0.000000 
50.000000 41.491545 33.370037 25.969691 19.531227 14.181225 9.933743 6.710341 4.370779 2.745791 1.664992 0.976148 0.555134 0.308186 0.169068 0.093736 0.054494 0.034814 0.025303 0.020872 0.018879 0.018013 0.017650 0.017502 0.017444 0.017422 0.017414 0.017411 0.017410 0.017410 0.017409 0.017408 0.017407 0.017403 0.017395 0.017380 0.017349 0.017292 0.017189 0.017010 0.016713 0.016243 0.015531 0.014502 0.013086 0.011235 0.008934 0.006224 0.003198 0.000000 
50.000000 41.494905 33.376602 25.979176 19.543250 14.195355 9.949545 6.727409 4.388766 2.764414 1.684038 0.995463 0.574613 0.327761 0.188697 0.113393 0.074167 0.054494 0.044987 0.040558 0.038565 0.037700 0.037337 0.037189 0.037131 0.037109 0.037101 0.037098 0.037097 0.037096 0.037096 0.037094 0.037091 0.037083 0.037068 0.037036 0.036973 0.036855 0.036641 0.036269 0.035650 0.034665 0.033167 0.030995 0.027995 0.024056 0.019147 0.013347 0.006861 0.000000 
50.000000 41.501601 33.389688 25.998083 19.567218 14.223526 9.981049 6.761440 4.424627 2.801546 1.722013 1.033975 0.613452 0.366792 0.227835 0.152590 0.113393 0.093736 0.084236 0.079810 0.077819 0.076955 0.076592 0.076444 0.076386 0.076364 0.076356 0.076353 0.076352 0.076351 0.076350 0.076347 0.076340 0.076326 0.076295 0.076232 0.076108 0.075874 0.075447 0.074704 0.073461 0.071475 0.068440 0.064017 0.057883 0.049793 0.039673 0.027679 0.014236 0.000000 
50.000000 41.514452 33.414805 26.034371 19.613221 14.277596 10.041518 6.826760 4.493465 2.872823 1.794911 1.107903 0.688009 0.441718 0.302968 0.227835 0.188697 0.169068 0.159583 0.155163 0.153175 0.152312 0.151950 0.151802 0.151744 0.151722 0.151714 0.151711 0.151710 0.151709 0.151706 0.151701 0.151688 0.151661 0.151603 0.151484 0.151249 0.150803 0.149988 0.148560 0.146162 0.142308 0.136389 0.127718 0.115624 0.099596 0.079452 0.055490 0.028560 0.000000 
50.000000 41.538179 33.461176 26.101371 19.698159 14.377431 10.153172 6.947375 4.620578 3.004444 1.929527 1.244425 0.825695 0.580084 0.441718 0.366792 0.327761 0.308186 0.298727 0.294319 0.292337 0.291476 0.291115 0.290968 0.290910 0.290888 0.290880 0.290877 0.290875 0.290873 0.290869 0.290859 0.290837 0.290788 0.290684 0.290469 0.290042 0.289228 0.287735 0.285105 0.280664 0.273483 0.262386 0.246026 0.223064 0.192449 0.153759 0.107526 0.055389 0.000000 
50.000000 41.580287 33.543472 26.220276 19.848904 14.554619 10.351341 7.161456 4.846197 3.238070 2.168472 1.486757 1.070094 0.825695 0.688009 0.613452 0.574613 0.555134 0.545721 0.541335 0.539362 0.538505 0.538146 0.537999 0.537942 0.537920 0.537912 0.537909 0.537906 0.537903 0.537896 0.537880 0.537842 0.537758 0.537578 0.537206 0.536466 0.535047 0.532429 0.527791 0.519909 0.507079 0.487110 0.457452 0.415512 0.359182 0.287517 0.201387 0.103852 0.000000 
50.000000 41.652059 33.683745 26.422954 20.105859 14.856657 10.689153 7.526399 5.230819 3.636350 2.575828 1.899892 1.486757 1.244425 1.107903 1.033975 0.995463 0.976148 0.966814 0.962465 0.960509 0.959659 0.959302 0.959158 0.959101 0.959079 0.959071 0.959067 0.959064 0.959059 0.959048 0.959021 0.958960 0.958822 0.958527 0.957915 0.956690 0.954328 0.949946 0.942132 0.928758 0.906818 0.872386 0.820801 0.747199 0.647463 0.519513 0.364630 0.188297 0.000000 
50.000000 41.769465 33.913207 26.754506 20.526208 15.350768 11.241800 8.123447 5.860076 4.287963 3.242300 2.575828 2.168472 1.929527 1.794911 1.722013 1.684038 1.664992 1.655788 1.651499 1.649570 1.648732 1.648380 1.648237 1.648181 1.648160 1.648151 1.648147 1.648144 1.648136 1.648119 1.648078 1.647982 1.647769 1.647309 1.646350 1.644421 1.640681 1.633696 1.621150 1.599504 1.563681 1.506921 1.421004 1.297091 1.127350 0.907317 0.638513 0.330340 0.000000 
50.000000 41.953639 34.273168 27.274623 21.185638 16.125928 12.108811 9.060137 6.847317 5.310297 4.287963 3.636350 3.238070 3.004444 2.872823 2.801546 2.764414 2.745791 2.736790 2.732596 2.730710 2.729891 2.729547 2.729407 2.729352 2.729331 2.729323 2.729318 2.729313 2.729303 2.729278 2.729217 2.729077 2.728764 2.728084 2.726660 2.723780 2.718160 2.707592 2.688459 2.655149 2.599466 2.510254 2.373567 2.173862 1.896611 1.532456 1.082263 0.561320 0.000000 
50.000000 42.230498 34.814281 28.056502 22.176958 17.291247 13.412239 10.468346 8.331551 6.847317 5.860076 5.230819 4.846197 4.620578 4.493465 4.424627 4.388766 4.370779 4.362086 4.358035 4.356213 4.355422 4.355090 4.354955 4.354901 4.354881 4.354873 4.354868 4.354862 4.354847 4.354813 4.354729 4.354536 4.354101 4.353153 4.351157 4.347095 4.339118 4.324002 4.296395 4.247850 4.165775 4.032580 3.825566 3.518338 3.084665 2.505395 1.777916 0.925361 0.000000 
50.000000 42.629038 35.593225 29.182047 23.604022 18.968824 15.288670 12.495657 10.468346 9.060137 8.123447 7.526399 7.161456 6.947375 6.826760 6.761440 6.727409 6.710341 6.702091 6.698247 6.696518 6.695767 6.695451 6.695323 6.695273 6.695253 6.695245 6.695240 6.695232 6.695214 6.695169 6.695061 6.694810 6.694242 6.693000 6.690371 6.684990 6.674346 6.654013 6.616526 6.549883 6.435766 6.247829 5.950781 5.501516 4.854060 3.970211 2.836474 1.483890 0.000000 
50.000000 43.178062 36.666294 30.732607 25.569985 21.279936 17.873775 15.288670 13.412239 12.108811 11.241800 10.689153 10.351341 10.153172 10.041518 9.981049 9.949545 9.933743 9.926106 9.922547 9.920946 9.920250 9.919958 9.919840 9.919793 9.919775 9.919767 9.919761 9.919752 9.919730 9.919676 9.919546 9.919242 9.918551 9.917032 9.913800 9.907146 9.893890 9.868351 9.820796 9.735244 9.586673 9.337889 8.936888 8.316420 7.398746 6.109929 4.408003 2.324209 0.000000 
50.000000 43.901422 38.080111 32.775560 28.160287 24.325036 21.279936 18.968824 17.291247 16.125928 15.350768 14.856657 14.554619 14.377431 14.277596 14.223526 14.195355 14.181225 14.174395 14.171212 14.169780 14.169158 14.168897 14.168791 14.168749 14.168732 14.168725 14.168720 14.168710 14.168685 14.168625 14.168480 14.168138 14.167360 14.165644 14.161972 14.154367 14.139107 14.109458 14.053676 13.952066 13.772909 13.467308 12.963516 12.162518 10.938914 9.155150 6.702151 3.579278 0.000000 
50.000000 44.812451 39.860737 35.348569 31.422688 28.160287 25.569985 23.604022 22.176958 21.185638 20.526208 20.105859 19.848904 19.698159 19.613221 19.567218 19.543250 19.531227 19.525415 19.522707 19.521489 19.520959 19.520737 19.520647 19.520611 19.520597 19.520591 19.520585 19.520575 19.520551 19.520489 19.520341 19.519992 19.519194 19.517425 19.513626 19.505710 19.489721 19.458396 19.398858 19.289027 19.092293 18.749963 18.171239 17.221372 15.711344 13.399659 10.032982 5.478419 0.000000 
50.000000 45.908737 42.003462 38.444830 35.348569 32.775560 30.732607 29.182047 28.056502 27.274623 26.754506 26.422954 26.220276 26.101371 26.034371 25.998083 25.979176 25.969691 25.965107 25.962970 25.962009 25.961591 25.961416 25.961345 25.961316 25.961305 25.961300 25.961296 25.961287 25.961264 25.961209 25.961074 25.960757 25.960029 25.958411 25.954920 25.947611 25.932759 25.903441 25.847189 25.742167 25.551107 25.211836 24.622678 23.620411 21.948910 19.222415 14.913796 8.486675 0.000000 
50.000000 47.168724 44.466153 42.003462 39.860737 38.080111 36.666294 35.593225 34.814281 34.273168 33.913207 33.683745 33.543472 33.461176 33.414805 33.389688 33.376602 33.370037 33.366864 33.365385 33.364719 33.364430 33.364309 33.364259 33.364240 33.364232 33.364229 33.364225 33.364218 33.364201 33.364159 33.364056 33.363813 33.363255 33.362009 33.359314 33.353651 33.342085 33.319114 33.274694 33.190905 33.036366 32.756751 32.258290 31.377960 29.827756 27.089667 22.233077 13.718186 0.000000 
50.000000 48.551438 47.168724 45.908737 44.812451 43.901422 43.178062 42.629038 42.230498 41.953639 41.769465 41.652059 41.580287 41.538179 41.514452 41.501601 41.494905 41.491545 41.489922 41.489165 41.488824 41.488676 41.488614 41.488589 41.488579 41.488575 41.488573 41.488571 41.488568 41.488558 41.488536 41.488480 41.488348 41.488043 41.487364 41.485892 41.482790 41.476435 41.463762 41.439124 41.392319 41.305137 41.145148 40.853853 40.322145 39.334032 37.422062 33.450538 24.275719 0.000000 
50.000000 50.000000 50.000000 50.000000 50.000000 50.000000 50.000000 50.000000 50.000000 50.000000 50.000000 50.000000 50.000000 50.000000 50.000000 50.000000 50.000000 50.000000 50.000000 50.000000 50.000000 50.000000 50.000000 50.000000 50.000000 50.000000 50.000000 50.000000 50.000000 50.000000 50.000000 50.000000 50.000000 50.000000 50.000000 50.000000 50.000000 50.000000 50.000000 50.000000 50.000000 50.000000 50.000000 50.000000 50.000000 50.000000 50.000000 50.000000 50.000000 50.000000 
