50.000000 50.000000 50.000000 50.000000 50.000000 50.000000 50.000000 50.000000 50.000000 50.000000 50.000000 50.000000 50.000000 50.000000 50.000000 50.000000 50.000000 50.000000 50.000000 50.000000 50.000000 50.000000 50.000000 50.000000 50.000000 50.000000 50.000000 50.000000 50.000000 50.000000 50.000000 50.000000 50.000000 50.000000 50.000000 50.000000 50.000000 50.000000 50.000000 50.000000 50.000000 50.000000 50.000000 50.000000 50.000000 50.000000 50.000000 50.000000 50.000000 50.000000 
50.000000 39.369244 32.188688 28.707297 27.421725 27.043186 26.951208 26.932282 26.928917 26.928392 26.928319 26.928310 26.928309 26.928309 26.928309 26.928309 26.928309 26.928309 26.928309 26.928309 26.928309 26.928309 26.928309 26.928309 26.928309 26.928309 26.928309 26.928309 26.928309 26.928309 26.928309 26.928309 26.928309 26.928309 26.928309 26.928309 26.928309 26.928309 26.928309 26.928309 26.928304 26.928266 26.927976 26.925991 26.913812 26.847211 26.523730 25.125979 19.684622 0.000000 
50.000000 32.188688 20.163627 14.337813 12.188483 11.556252 11.402799 11.371259 11.365659 11.364787 11.364666 11.364651 11.364649 11.364649 11.364649 11.364649 11.364649 11.364649 11.364649 11.364649 11.364649 11.364649 11.364649 11.364649 11.364649 11.364649 11.364649 11.364649 11.364649 11.364649 11.364649 11.364649 11.364649 11.364649 11.364649 11.364649 11.364649 11.364649 11.364649 11.364648 11.364644 11.364609 11.364343 11.362559 11.351929 11.296334 11.044948 10.081814 7.062710 0.000000 
50.000000 28.707297 14.337813 7.380832 4.816258 4.062561 3.879800 3.842274 3.835618 3.834582 3.834439 3.834421 3.834419 3.834419 3.834419 3.834419 3.834419 3.834419 3.834419 3.834419 3.834419 3.834419 3.834419 3.834419 3.834419 3.834419 3.834419 3.834419 3.834419 3.834419 3.834419 3.834419 3.834419 3.834419 3.834419 3.834419 3.834419 3.834419 3.834419 3.834418 3.834416 3.834398 3.834265 3.833384 3.828250 3.802268 3.690416 3.292865 2.183568 0.000000 
50.000000 27.421725 12.188483 4.816258 2.099925 1.302053 1.108689 1.069009 1.061975 1.060881 1.060730 1.060711 1.060709 1.060709 1.060709 1.060709 1.060709 1.060709 1.060709 1.060709 1.060709 1.060709 1.060709 1.060709 1.060709 1.060709 1.060709 1.060709 1.060709 1.060709 1.060709 1.060709 1.060709 1.060709 1.060709 1.060709 1.060709 1.060709 1.060709 1.060709 1.060708 1.060702 1.060655 1.060350 1.058603 1.049962 1.013990 0.892148 0.574514 0.000000 
50.000000 27.043186 11.556252 4.062561 1.302053 0.491391 0.294976 0.254680 0.247539 0.246428 0.246275 0.246256 0.246253 0.246253 0.246253 0.246253 0.246253 0.246253 0.246253 0.246253 0.246253 0.246253 0.246253 0.246253 0.246253 0.246253 0.246253 0.246253 0.246253 0.246253 0.246253 0.246253 0.246253 0.246253 0.246253 0.246253 0.246253 0.246253 0.246253 0.246253 0.246253 0.246251 0.246239 0.246157 0.245696 0.243450 0.234311 0.204324 0.129373 0.000000 
50.000000 26.951208 11.402799 3.879800 1.108689 0.294976 0.097837 0.057396 0.050229 0.049115 0.048961 0.048942 0.048940 0.048940 0.048939 0.048939 0.048939 0.048939 0.048939 0.048939 0.048939 0.048939 0.048939 0.048939 0.048939 0.048939 0.048939 0.048939 0.048939 0.048939 0.048939 0.048939 0.048939 0.048939 0.048939 0.048939 0.048939 0.048939 0.048939 0.048939 0.048939 0.048939 0.048936 0.048919 0.048819 0.048339 0.046416 0.040240 0.025217 0.000000 
50.000000 26.932282 11.371259 3.842274 1.069009 0.254680 0.057396 0.016926 0.009754 0.008639 0.008485 0.008466 0.008464 0.008464 0.008464 0.008464 0.008464 0.008464 0.008464 0.008464 0.008464 0.008464 0.008464 0.008464 0.008464 0.008464 0.008464 0.008464 0.008464 0.008464 0.008464 0.008464 0.008464 0.008464 0.008464 0.008464 0.008464 0.008464 0.008464 0.008464 0.008464 0.008463 0.008463 0.008460 0.008441 0.008354 0.008009 0.006916 0.004306 0.000000 
50.000000 26.928917 11.365659 3.835618 1.061975 0.247539 0.050229 0.009754 0.002582 0.001467 0.001313 0.001293 0.001291 0.001291 0.001291 0.001291 0.001291 0.001291 0.001291 0.001291 0.001291 0.001291 0.001291 0.001291 0.001291 0.001291 0.001291 0.001291 0.001291 0.001291 0.001291 0.001291 0.001291 0.001291 0.001291 0.001291 0.001291 0.001291 0.001291 0.001291 0.001291 0.001291 0.001291 0.001290 0.001288 0.001274 0.001220 0.001051 0.000651 0.000000 
50.000000 26.928392 11.364787 3.834582 1.060881 0.246428 0.049115 0.008639 0.001467 0.000351 0.000197 0.000178 0.000176 0.000176 0.000176 0.000176 0.000176 0.000176 0.000176 0.000176 0.000176 0.000176 0.000176 0.000176 0.000176 0.000176 0.000176 0.000176 0.000176 0.000176 0.000176 0.000176 0.000176 0.000176 0.000176 0.000176 0.000176 0.000176 0.000176 0.000176 0.000176 0.000176 0.000176 0.000176 0.000175 0.000173 0.000166 0.000143 0.000088 0.000000 
50.000000 26.928319 11.364666 3.834439 1.060730 0.246275 0.048961 0.008485 0.001313 0.000197 0.000043 0.000024 0.000022 0.000022 0.000022 0.000022 0.000022 0.000022 0.000022 0.000022 0.000022 0.000022 0.000022 0.000022 0.000022 0.000022 0.000022 0.000022 0.000022 0.000022 0.000022 0.000022 0.000022 0.000022 0.000022 0.000022 0.000022 0.000022 0.000022 0.000022 0.000022 0.000022 0.000022 0.000022 0.000021 0.000021 0.000020 0.000017 0.000011 0.000000 
50.000000 26.928310 11.364651 3.834421 1.060711 0.246256 0.048942 0.008466 0.001293 0.000178 0.000024 0.000005 0.000003 0.000002 0.000002 0.000002 0.000002 0.000002 0.000002 0.000002 0.000002 0.000002 0.000002 0.000002 0.000002 0.000002 0.000002 0.000002 0.000002 0.000002 0.000002 0.000002 0.000002 0.000002 0.000002 0.000002 0.000002 0.000002 0.000002 0.000002 0.000002 0.000002 0.000002 0.000002 0.000002 0.000002 0.000002 0.000002 0.000001 0.000000 
50.000000 26.928309 11.364649 3.834419 1.060709 0.246253 0.048940 0.008464 0.001291 0.000176 0.000022 0.000003 0.000000 0.000000 0.000000 0.000000 0.000000 0.000000 0.000000 0.000000 0.000000 0.000000 0.000000 0.000000 0.000000 0.000000 0.000000 0.000000 0.000000 0.000000 0.000000 0.000000 0.000000 0.000000 0.000000 0.000000 0.000000 0.000000 0.000000 0.000000 0.000000 0.000000 0.000000 0.000000 0.000000 0.000000 0.000000 0.000000 0.000000 0.000000 
50.000000 26.928309 11.364649 3.834419 1.060709 0.246253 0.048940 0.008464 0.001291 0.000176 0.000022 0.000002 0.000000 0.000000 0.000000 0.000000 0.000000 0.000000 0.000000 0.000000 0.000000 0.000000 0.000000 0.000000 0.000000 0.000000 0.000000 0.000000 0.000000 0.000000 0.000000 0.000000 0.000000 0.000000 0.000000 0.000000 0.000000 0.000000 0.000000 0.000000 0.000000 0.000000 0.000000 0.000000 0.000000 0.000000 0.000000 0.000000 0.000000 0.000000 
50.000000 26.928309 11.364649 3.834419 1.060709 0.246253 0.048939 0.008464 0.001291 0.000176 0.000022 0.000002 0.000000 0.000000 0.000000 0.000000 0.000000 0.000000 0.000000 0.000000 0.000000 0.000000 0.000000 0.000000 0.000000 0.000000 0.000000 0.000000 0.000000 0.000000 0.000000 0.000000 0.000000 0.000000 0.000000 0.000000 0.000000 0.000000 0.000000 0.000000 0.000000 0.000000 0.000000 0.000000 0.000000 0.000000 0.000000 0.000000 0.000000 0.000000 
50.000000 26.928309 11.364649 3.834419 1.060709 0.246253 0.048939 0.008464 0.001291 0.000176 0.000022 0.000002 0.000000 0.000000 0.000000 0.000000 0.000000 0.000000 0.000000 0.000000 0.000000 0.000000 0.000000 0.000000 0.000000 0.000000 0.000000 0.000000 0.000000 0.000000 0.000000 0.000000 0.000000 0.000000 0.000000 0.000000 0.000000 0.000000 0.000000 0.000000 0.000000 0.000000 0.000000 0.000000 0.000000 0.000000 0.000000 0.000000 0.000000 0.000000 
50.000000 26.928309 11.364649 3.834419 1.060709 0.246253 0.048939 0.008464 0.001291 0.000176 0.000022 0.000002 0.000000 0.000000 0.000000 0.000000 0.000000 0.000000 0.000000 0.000000 0.000000 0.000000 0.000000 0.000000 0.000000 0.000000 0.000000 0.000000 0.000000 0.000000 0.000000 0.000000 0.000000 0.000000 0.000000 0.000000 0.000000 0.000000 0.000000 0.000000 0.000000 0.000000 0.000000 0.000000 0.000000 0.000000 0.000000 0.000000 0.000000 0.000000 
50.000000 26.928309 11.364649 3.834419 1.060709 0.246253 0.048939 0.008464 0.001291 0.000176 0.000022 0.000002 0.000000 0.000000 0.000000 0.000000 0.000000 0.000000 0.000000 0.000000 0.000000 0.000000 0.000000 0.000000 0.000000 0.000000 0.000000 0.000000 0.000000 0.000000 0.000000 0.000000 0.000000 0.000000 0.000000 0.000000 0.000000 0.000000 0.000000 0.000000 0.000000 0.000000 0.000000 0.000000 0.000000 0.000000 0.000000 0.000000 0.000000 0.000000 
50.000000 26.928309 11.364649 3.834419 1.060709 0.246253 0.048939 0.008464 0.001291 0.000176 0.000022 0.000002 0.000000 0.000000 0.000000 0.000000 0.000000 0.000000 0.000000 0.000000 0.000000 0.000000 0.000000 0.000000 0.000000 0.000000 0.000000 0.000000 0.000000 0.000000 0.000000 0.000000 0.000000 0.000000 0.000000 0.000000 0.000000 0.000000 0.000000 0.000000 0.000000 0.000000 0.000000 0.000000 0.000000 0.000000 0.000000 0.000000 0.000000 0.000000 
50.000000 26.928309 11.364649 3.834419 1.060709 0.246253 0.048939 0.008464 0.001291 0.000176 0.000022 0.000002 0.000000 0.000000 0.000000 0.000000 0.000000 0.000000 0.000000 0.000000 0.000000 0.000000 0.000000 0.000000 0.000000 0.000000 0.000000 0.000000 0.000000 0.000000 0.000000 0.000000 0.000000 0.000000 0.000000 0.000000 0.000000 0.000000 0.000000 0.000000 0.000000 0.000000 0.000000 0.000000 0.000000 0.000000 0.000000 0.000000 0.000000 0.000000 
50.000000 26.928309 11.364649 3.834419 1.060709 0.246253 0.048939 0.008464 0.001291 0.000176 0.000022 0.000002 0.000000 0.000000 0.000000 0.000000 0.000000 0.000000 0.000000 0.000000 0.000000 0.000000 0.000000 0.000000 0.000000 0.000000 0.000000 0.000000 0.000000 0.000000 0.000000 0.000000 0.000000 0.000000 0.000000 0.000000 0.000000 0.000000 0.000000 0.000000 0.000000 0.000000 0.000000 0.000000 0.000000 0.000000 0.000000 0.000000 0.000000 0.000000 
50.000000 26.928309 11.364649 3.834419 1.060709 0.246253 0.048939 0.008464 0.001291 0.000176 0.000022 0.000002 0.000000 0.000000 0.000000 0.000000 0.000000 0.000000 0.000000 0.000000 0.000000 0.000000 0.000000 0.000000 0.000000 0.000000 0.000000 0.000000 0.000000 0.000000 0.000000 0.000000 0.000000 0.000000 0.000000 0.000000 0.000000 0.000000 0.000000 0.000000 0.000000 0.000000 0.000000 0.000000 0.000000 0.000000 0.000000 0.000000 0.000000 0.000000 
50.000000 26.928309 11.364649 3.834419 1.060709 0.246253 0.048939 0.008464 0.001291 0.000176 0.000022 0.000002 0.000000 0.000000 0.000000 0.000000 0.000000 0.000000 0.000000 0.000000 0.000000 0.000000 0.000000 0.000000 0.000000 0.000000 0.000000 0.000000 0.000000 0.000000 0.000000 0.000000 0.000000 0.000000 0.000000 0.000000 0.000000 0.000000 0.000000 0.000000 0.000000 0.000000 0.000000 0.000000 0.000000 0.000000 0.000000 0.000000 0.000000 0.000000 
50.000000 26.928309 11.364649 3.834419 1.060709 0.246253 0.048939 0.008464 0.001291 0.000176 0.000022 0.000002 0.000000 0.000000 0.000000 0.000000 0.000000 0.000000 0.000000 0.000000 0.000000 0.000000 0.000000 0.000000 0.000000 0.000000 0.000000 0.000000 0.000000 0.000000 0.000000 0.000000 0.000000 0.000000 0.000000 0.000000 0.000000 0.000000 0.000000 0.000000 0.000000 0.000000 0.000000 0.000000 0.000000 0.000000 0.000000 0.000000 0.000000 0.000000 
50.000000 26.928309 11.364649 3.834419 1.060709 0.246253 0.048939 0.008464 0.001291 0.000176 0.000022 0.000002 0.000000 0.000000 0.000000 0.000000 0.000000 0.000000 0.000000 0.000000 0.000000 0.000000 0.000000 0.000000 0.000000 0.000000 0.000000 0.000000 0.000000 0.000000 0.000000 0.000000 0.000000 0.000000 0.000000 0.000000 0.000000 0.000000 0.000000 0.000000 0.000000 0.000000 0.000000 0.000000 0.000000 0.000000 0.000000 0.000000 0.000000 0.000000 
50.000000 26.928309 11.364649 3.834419 1.060709 0.246253 0.048939 0.008464 0.001291 0.000176 0.000022 0.000002 0.000000 0.000000 0.000000 0.000000 0.000000 0.000000 0.000000 0.000000 0.000000 0.000000 0.000000 0.000000 0.000000 0.000000 0.000000 0.000000 0.000000 0.000000 0.000000 0.000000 0.000000 0.000000 0.000000 0.000000 0.000000 0.000000 0.000000 0.000000 0.000000 0.000000 0.000000 0.000000 0.000000 0.000000 0.000000 0.000000 0.000000 0.000000 
50.000000 26.928309 11.364649 3.834419 1.060709 0.246253 0.048939 0.008464 0.001291 0.000176 0.000022 0.000002 0.000000 0.000000 0.000000 0.000000 0.000000 0.000000 0.000000 0.000000 0.000000 0.000000 0.000000 0.000000 0.000000 0.000000 0.000000 0.000000 0.000000 0.000000 0.000000 0.000000 0.000000 0.000000 0.000000 0.000000 0.000000 0.000000 0.000000 0.000000 0.000000 0.000000 0.000000 0.000000 0.000000 0.000000 0.000000 0.000000 0.000000 0.000000 
50.000000 26.928309 11.364649 3.834419 1.060709 0.246253 0.048939 0.008464 0.001291 0.000176 0.000022 0.000002 0.000000 0.000000 0.000000 0.000000 0.000000 0.000000 0.000000 0.000000 0.000000 0.000000 0.000000 0.000000 0.000000 0.000000 0.000000 0.000000 0.000000 0.000000 0.000000 0.000000 0.000000 0.000000 0.000000 0.000000 0.000000 0.000000 0.000000 0.000000 0.000000 0.000000 0.000000 0.000000 0.000000 0.000000 0.000000 0.000000 0.000000 0.000000 
50.000000 26.928309 11.364649 3.834419 1.060709 0.246253 0.048939 0.008464 0.001291 0.000176 0.000022 0.000002 0.000000 0.000000 0.000000 0.000000 0.000000 0.000000 0.000000 0.000000 0.000000 0.000000 0.000000 0.000000 0.000000 0.000000 0.000000 0.000000 0.000000 0.000000 0.000000 0.000000 0.000000 0.000000 0.000000 0.000000 0.000000 0.000000 0.000000 0.000000 0.000000 0.000000 0.000000 0.000000 0.000000 0.000000 0.000000 0.000000 0.000000 0.000000 
50.000000 26.928309 11.364649 3.834419 1.060709 0.246253 0.048939 0.008464 0.001291 0.000176 0.000022 0.000002 0.000000 0.000000 0.000000 0.000000 0.000000 0.000000 0.000000 0.000000 0.000000 0.000000 0.000000 0.000000 0.000000 0.000000 0.000000 0.000000 0.000000 0.000000 0.000000 0.000000 0.000000 0.000000 0.000000 0.000000 0.000000 0.000000 0.000000 0.000000 0.000000 0.000000 0.000000 0.000000 0.000000 0.000000 0.000000 0.000000 0.000000 0.000000 
50.000000 26.928309 11.364649 3.834419 1.060709 0.246253 0.048939 0.008464 0.001291 0.000176 0.000022 0.000002 0.000000 0.000000 0.000000 0.000000 0.000000 0.000000 0.000000 0.000000 0.000000 0.000000 0.000000 0.000000 0.000000 0.000000 0.000000 0.000000 0.000000 0.000000 0.000000 0.000000 0.000000 0.000000 0.000000 0.000000 0.000000 0.000000 0.000000 0.000000 0.000000 0.000000 0.000000 0.000000 0.000000 0.000000 0.000000 0.000000 0.000000 0.000000 
50.000000 26.928309 11.364649 3.834419 1.060709 0.246253 0.048939 0.008464 0.001291 0.000176 0.000022 0.000002 0.000000 0.000000 0.000000 0.000000 0.000000 0.000000 0.000000 0.000000 0.000000 0.000000 0.000000 0.000000 0.000000 0.000000 0.000000 0.000000 0.000000 0.000000 0.000000 0.000000 0.000000 0.000000 0.000000 0.000000 0.000000 0.000000 0.000000 0.000000 0.000000 0.000000 0.000000 0.000000 0.000000 0.000000 0.000000 0.000000 0.000000 0.000000 
50.000000 26.928309 11.364649 3.834419 1.060709 0.246253 0.048939 0.008464 0.001291 0.000176 0.000022 0.000002 0.000000 0.000000 0.000000 0.000000 0.000000 0.000000 0.000000 0.000000 0.000000 0.000000 0.000000 0.000000 0.000000 0.000000 0.000000 0.000000 0.000000 0.000000 0.000000 0.000000 0.000000 0.000000 0.000000 0.000000 0.000000 0.000000 0.000000 0.000000 0.000000 0.000000 0.000000 0.000000 0.000000 0.000000 0.000000 0.000000 0.000000 0.000000 
50.000000 26.928309 11.364649 3.834419 1.060709 0.246253 0.048939 0.008464 0.001291 0.000176 0.000022 0.000002 0.000000 0.000000 0.000000 0.000000 0.000000 0.000000 0.000000 0.000000 0.000000 0.000000 0.000000 0.000000 0.000000 0.000000 0.000000 0.000000 0.000000 0.000000 0.000000 0.000000 0.000000 0.000000 0.000000 0.000000 0.000000 0.000000 0.000000 0.000000 0.000000 0.000000 0.000000 0.000000 0.000000 0.000000 0.000000 0.000000 0.000000 0.000000 
50.000000 26.928309 11.364649 3.834419 1.060709 0.246253 0.048939 0.008464 0.001291 0.000176 0.000022 0.000002 0.000000 0.000000 0.000000 0.000000 0.000000 0.000000 0.000000 0.000000 0.000000 0.000000 0.000000 0.000000 0.000000 0.000000 0.000000 0.000000 0.000000 0.000000 0.000000 0.000000 0.000000 0.000000 0.000000 0.000000 0.000000 0.000000 0.000000 0.000000 0.000000 0.000000 0.000000 0.000000 0.000000 0.000000 0.000000 0.000000 0.000000 0.000000 
50.000000 26.928309 11.364649 3.834419 1.060709 0.246253 0.048939 0.008464 0.001291 0.000176 0.000022 0.000002 0.000000 0.000000 0.000000 0.000000 0.000000 0.000000 0.000000 0.000000 0.000000 0.000000 0.000000 0.000000 0.000000 0.000000 0.000000 0.000000 0.000000 0.000000 0.000000 0.000000 0.000000 0.000000 0.000000 0.000000 0.000000 0.000000 0.000000 0.000000 0.000000 0.000000 0.000000 0.000000 0.000000 0.000000 0.000000 0.000000 0.000000 0.000000 
50.000000 26.928309 11.364649 3.834419 1.060709 0.246253 0.048940 0.008464 0.001291 0.000176 0.000022 0.000002 0.000000 0.000000 0.000000 0.000000 0.000000 0.000000 0.000000 0.000000 0.000000 0.000000 0.000000 0.000000 0.000000 0.000000 0.000000 0.000000 0.000000 0.000000 0.000000 0.000000 0.000000 0.000000 0.000000 0.000000 0.000000 0.000000 0.000000 0.000000 0.000000 0.000000 0.000000 0.000000 0.000000 0.000000 0.000000 0.000000 0.000000 0.000000 
50.000000 26.928309 11.364649 3.834419 1.060709 0.246253 0.048940 0.008464 0.001291 0.000176 0.000022 0.000003 0.000000 0.000000 0.000000 0.000000 0.000000 0.000000 0.000000 0.000000 0.000000 0.000000 0.000000 0.000000 0.000000 0.000000 0.000000 0.000000 0.000000 0.000000 0.000000 0.000000 0.000000 0.000000 0.000000 0.000000 0.000000 0.000000 0.000000 0.000000 0.000000 0.000000 0.000000 0.000000 0.000000 0.000000 0.000000 0.000000 0.000000 0.000000 
50.000000 26.928310 11.364651 3.834421 1.060711 0.246256 0.048942 0.008466 0.001293 0.000178 0.000024 0.000005 0.000003 0.000002 0.000002 0.000002 0.000002 0.000002 0.000002 0.000002 0.000002 0.000002 0.000002 0.000002 0.000002 0.000002 0.000002 0.000002 0.000002 0.000002 0.000002 0.000002 0.000002 0.000002 0.000002 0.000002 0.000002 0.000002 0.000002 0.000002 0.000002 0.000002 0.000002 0.000002 0.000002 0.000002 0.000002 0.000002 0.000001 0.000000 
50.000000 26.928319 11.364666 3.834439 1.060730 0.246275 0.048961 0.008485 0.001313 0.000197 0.000043 0.000024 0.000022 0.000022 0.000022 0.000022 0.000022 0.000022 0.000022 0.000022 0.000022 0.000022 0.000022 0.000022 0.000022 0.000022 0.000022 0.000022 0.000022 0.000022 0.000022 0.000022 0.000022 0.000022 0.000022 0.000022 0.000022 0.000022 0.000022 0.000022 0.000022 0.000022 0.000022 0.000022 0.000021 0.000021 0.000020 0.000017 0.000011 0.000000 
50.000000 26.928392 11.364787 3.834582 1.060881 0.246428 0.049115 0.008639 0.001467 0.000351 0.000197 0.000178 0.000176 0.000176 0.000176 0.000176 0.000176 0.000176 0.000176 0.000176 0.000176 0.000176 0.000176 0.000176 0.000176 0.000176 0.000176 0.000176 0.000176 0.000176 0.000176 0.000176 0.000176 0.000176 0.000176 0.000176 0.000176 0.000176 0.000176 0.000176 0.000176 0.000176 0.000176 0.000176 0.000175 0.000173 0.000166 0.000143 0.000088 0.000000 
50.000000 26.928917 11.365659 3.835618 1.061975 0.247539 0.050229 0.009754 0.002582 0.001467 0.001313 0.001293 0.001291 0.001291 0.001291 0.001291 0.001291 0.001291 0.001291 0.001291 0.001291 0.001291 0.001291 0.001291 0.001291 0.001291 0.001291 0.001291 0.001291 0.001291 0.001291 0.001291 0.001291 0.001291 0.001291 0.001291 0.001291 0.001291 0.001291 0.001291 0.001291 0.001291 0.001291 0.001290 0.001288 0.001274 0.001220 0.001051 0.000651 0.000000 
50.000000 26.932282 11.371259 3.842274 1.069009 0.254680 0.057396 0.016926 0.009754 0.008639 0.008485 0.008466 0.008464 0.008464 0.008464 0.008464 0.008464 0.008464 0.008464 0.008464 0.008464 0.008464 0.008464 0.008464 0.008464 0.008464 0.008464 0.008464 0.008464 0.008464 0.008464 0.008464 0.008464 0.008464 0.008464 0.008464 0.008464 0.008464 0.008464 0.008464 0.008464 0.008463 0.008463 0.008460 0.008441 0.008354 0.008009 0.006916 0.004306 0.000000 
50.000000 26.951208 11.402799 3.879800 1.108689 0.294976 0.097837 0.057396 0.050229 0.049115 0.048961 0.048942 0.048940 0.048940 0.048939 0.048939 0.048939 0.048939 0.048939 0.048939 0.048939 0.048939 0.048939 0.048939 0.048939 0.048939 0.048939 0.048939 0.048939 0.048939 0.048939 0.048939 0.048939 0.048939 0.048939 0.048939 0.048939 0.048939 0.048939 0.048939 0.048939 0.048939 0.048936 0.048919 0.048819 0.048339 0.046416 0.040240 0.025217 0.000000 
50.000000 27.043186 11.556252 4.062561 1.302053 0.491391 0.294976 0.254680 0.247539 0.246428 0.246275 0.246256 0.246253 0.246253 0.246253 0.246253 0.246253 0.246253 0.246253 0.246253 0.246253 0.246253 0.246253 0.246253 0.246253 0.246253 0.246253 0.246253 0.246253 0.246253 0.246253 0.246253 0.246253 0.246253 0.246253 0.246253 0.246253 0.246253 0.246253 0.246253 0.246253 0.246251 0.246239 0.246157 0.245696 0.243450 0.234311 0.204324 0.129373 0.000000 
50.000000 27.421725 12.188483 4.816258 2.099925 1.302053 1.108689 1.069009 1.061975 1.060881 1.060730 1.060711 1.060709 1.060709 1.060709 1.060709 1.060709 1.060709 1.060709 1.060709 1.060709 1.060709 1.060709 1.060709 1.060709 1.060709 1.060709 1.060709 1.060709 1.060709 1.060709 1.060709 1.060709 1.060709 1.060709 1.060709 1.060709 1.060709 1.060709 1.060709 1.060708 1.060702 1.060655 1.060350 1.058603 1.049962 1.013990 0.892148 0.574514 0.000000 
50.000000 28.707297 14.337813 7.380832 4.816258 4.062561 3.879800 3.842274 3.835618 3.834582 3.834439 3.834421 3.834419 3.834419 3.834419 3.834419 3.834419 3.834419 3.834419 3.834419 3.834419 3.834419 3.834419 3.834419 3.834419 3.834419 3.834419 3.834419 3.834419 3.834419 3.834419 3.834419 3.834419 3.834419 3.834419 3.834419 3.834419 3.834419 3.834419 3.834418 3.834416 3.834398 3.834265 3.833384 3.828250 3.802268 3.690416 3.292865 2.183568 0.000000 
50.000000 32.188688 20.163627 14.337813 12.188483 11.556252 11.402799 11.371259 11.365659 11.364787 11.364666 11.364651 11.364649 11.364649 11.364649 11.364649 11.364649 11.364649 11.364649 11.364649 11.364649 11.364649 11.364649 11.364649 11.364649 11.364649 11.364649 11.364649 11.364649 11.364649 11.364649 11.364649 11.364649 11.364649 11.364649 11.364649 11.364649 11.364649 11.364649 11.364648 11.364644 11.364609 11.364343 11.362559 11.351929 11.296334 11.044948 10.081814 7.062710 0.000000 
50.000000 39.369244 32.188688 28.707297 27.421725 27.043186 26.951208 26.932282 26.928917 26.928392 26.928319 26.928310 26.928309 26.928309 26.928309 26.928309 26.928309 26.928309 26.928309 26.928309 26.928309 26.928309 26.928309 26.928309 26.928309 26.928309 26.928309 26.928309 26.928309 26.928309 26.928309 26.928309 26.928309 26.928309 26.928309 26.928309 26.928309 26.928309 26.928309 26.928309 26.928304 26.928266 26.927976 26.925991 26.913812 26.847211 26.523730 25.125979 19.684622 0.000000 
50.000000 50.000000 50.000000 50.000000 50.000000 50.000000 50.000000 50.000000 50.000000 50.000000 50.000000 50.000000 50.000000 50.000000 50.000000 50.000000 50.000000 50.000000 50.000000 50.000000 50.000000 50.000000 50.000000 50.000000 50.000000 50.000000 50.000000 50.000000 50.000000 50.000000 50.000000 50.000000 50.000000 50.000000 50.000000 50.000000 50.000000 50.000000 50.000000 50.000000 50.000000 50.000000 50.000000 50.000000 50.000000 50.000000 50.000000 50.000000 50.000000 50.000000 
