50.000000 50.000000 50.000000 50.000000 50.000000 50.000000 50.000000 50.000000 50.000000 50.000000 50.000000 50.000000 50.000000 50.000000 50.000000 50.000000 50.000000 50.000000 50.000000 50.000000 50.000000 50.000000 50.000000 50.000000 50.000000 50.000000 50.000000 50.000000 50.000000 50.000000 50.000000 50.000000 50.000000 50.000000 50.000000 50.000000 50.000000 50.000000 50.000000 50.000000 50.000000 50.000000 50.000000 50.000000 50.000000 50.000000 50.000000 50.000000 50.000000 50.000000 
50.000000 48.077333 46.270619 44.674865 43.349491 42.313615 41.551088 41.021868 40.675162 40.460484 40.334676 40.264799 40.227962 40.209504 40.200700 40.196697 40.194959 40.194238 40.193952 40.193843 40.193803 40.193789 40.193785 40.193783 40.193783 40.193783 40.193783 40.193782 40.193782 40.193782 40.193779 40.193773 40.193754 40.193701 40.193560 40.193195 40.192283 40.190088 40.184991 40.173565 40.148786 40.096666 39.989899 39.775538 39.349607 38.499672 36.759027 32.988963 24.038667 0.000000 
50.000000 46.270619 42.766156 39.670908 37.100125 35.090892 33.611875 32.585401 31.912941 31.496564 31.252560 31.117037 31.045594 31.009796 30.992722 30.984959 30.981589 30.980192 30.979637 30.979425 30.979348 30.979321 30.979312 30.979309 30.979308 30.979308 30.979308 30.979308 30.979307 30.979306 30.979302 30.979290 30.979256 30.979162 30.978910 30.978259 30.976637 30.972746 30.963750 30.943691 30.900508 30.810595 30.629058 30.272347 29.586881 28.291196 25.868652 21.383078 13.281655 0.000000 
50.000000 44.674865 39.670908 35.251291 31.580584 28.711730 26.599973 25.134393 24.174290 23.579825 23.231467 23.037991 22.936001 22.884899 22.860525 22.849444 22.844635 22.842640 22.841848 22.841546 22.841436 22.841398 22.841385 22.841381 22.841379 22.841379 22.841379 22.841378 22.841378 22.841376 22.841371 22.841357 22.841314 22.841197 22.840883 22.840075 22.838070 22.833285 22.822289 22.797965 22.746141 22.639717 22.428851 22.025220 21.277935 19.939405 17.625645 13.802256 7.915838 0.000000 
50.000000 43.349491 37.100125 31.580584 26.996398 23.413675 20.776499 18.946320 17.747402 17.005095 16.570118 16.328543 16.201204 16.137402 16.106974 16.093140 16.087137 16.084647 16.083658 16.083282 16.083144 16.083096 16.083080 16.083075 16.083073 16.083072 16.083072 16.083072 16.083072 16.083070 16.083065 16.083049 16.083006 16.082884 16.082561 16.081732 16.079685 16.074829 16.063754 16.039483 15.988384 15.885044 15.684343 15.310175 14.641343 13.498199 11.641179 8.808929 4.849819 0.000000 
50.000000 42.313615 35.090892 28.711730 23.413675 19.273116 16.225400 14.110370 12.724896 11.867115 11.364491 11.085359 10.938229 10.864516 10.829362 10.813381 10.806446 10.803570 10.802428 10.801993 10.801834 10.801779 10.801760 10.801754 10.801752 10.801751 10.801751 10.801751 10.801751 10.801749 10.801744 10.801730 10.801691 10.801581 10.801290 10.800546 10.798720 10.794416 10.784679 10.763552 10.719615 10.632114 10.465427 10.162168 9.636558 8.772332 7.433794 5.504011 2.964008 0.000000 
50.000000 41.551088 33.611875 26.599973 20.776499 16.225400 12.875583 10.550967 9.028251 8.085533 7.533162 7.226417 7.064739 6.983741 6.945115 6.927556 6.919937 6.916777 6.915523 6.915045 6.914871 6.914810 6.914789 6.914783 6.914781 6.914780 6.914780 6.914780 6.914779 6.914778 6.914774 6.914763 6.914730 6.914641 6.914405 6.913806 6.912343 6.908920 6.901237 6.884730 6.850808 6.784230 6.659632 6.437791 6.063233 5.466325 4.574753 3.339528 1.775549 0.000000 
50.000000 41.021868 32.585401 25.134393 18.946320 14.110370 10.550967 8.080972 6.463075 5.461464 4.874607 4.548722 4.376964 4.290920 4.249889 4.231238 4.223146 4.219790 4.218457 4.217950 4.217765 4.217701 4.217679 4.217672 4.217669 4.217669 4.217668 4.217668 4.217668 4.217667 4.217664 4.217656 4.217631 4.217565 4.217391 4.216951 4.215882 4.213398 4.207867 4.196094 4.172171 4.125837 4.040486 3.891335 3.644942 3.261976 2.705542 1.956343 1.031969 0.000000 
50.000000 40.675162 31.912941 24.174290 17.747402 12.724896 9.028251 6.463075 4.782875 3.742722 3.133301 2.794898 2.616548 2.527205 2.484603 2.465239 2.456837 2.453353 2.451970 2.451444 2.451252 2.451184 2.451162 2.451154 2.451152 2.451151 2.451151 2.451151 2.451151 2.451150 2.451148 2.451142 2.451126 2.451080 2.450962 2.450664 2.449944 2.448282 2.444608 2.436858 2.421270 2.391438 2.337238 2.244021 2.092782 1.862358 1.534573 1.102346 0.578496 0.000000 
50.000000 40.460484 31.496564 23.579825 17.005095 11.867115 8.085533 5.461464 3.742722 2.678732 2.055360 1.709219 1.526797 1.435416 1.391843 1.372039 1.363446 1.359883 1.358468 1.357930 1.357734 1.357665 1.357642 1.357634 1.357632 1.357631 1.357631 1.357631 1.357631 1.357630 1.357629 1.357625 1.357615 1.357586 1.357511 1.357324 1.356874 1.355840 1.353572 1.348826 1.339366 1.321452 1.289293 1.234725 1.147500 1.016712 0.833684 0.596056 0.311698 0.000000 
50.000000 40.334676 31.252560 23.231467 16.570118 11.364491 7.533162 4.874607 3.133301 2.055360 1.423825 1.073159 0.888355 0.795783 0.751644 0.731582 0.722878 0.719269 0.717836 0.717291 0.717092 0.717022 0.716999 0.716991 0.716989 0.716988 0.716988 0.716988 0.716988 0.716987 0.716987 0.716984 0.716978 0.716961 0.716917 0.716807 0.716544 0.715943 0.714634 0.711913 0.706534 0.696443 0.678513 0.648433 0.600939 0.530635 0.433502 0.308869 0.161111 0.000000 
50.000000 40.264799 31.117037 23.037991 16.328543 11.085359 7.226417 4.548722 2.794898 1.709219 1.073159 0.719984 0.533860 0.440629 0.396176 0.375972 0.367206 0.363571 0.362129 0.361580 0.361379 0.361309 0.361285 0.361278 0.361275 0.361275 0.361274 0.361274 0.361274 0.361274 0.361274 0.361272 0.361269 0.361260 0.361235 0.361174 0.361030 0.360703 0.359992 0.358525 0.355647 0.350290 0.340856 0.325180 0.300680 0.264789 0.215702 0.153287 0.079808 0.000000 
50.000000 40.227962 31.045594 22.936001 16.201204 10.938229 7.064739 4.376964 2.616548 1.526797 0.888355 0.533860 0.347043 0.253465 0.208847 0.188568 0.179770 0.176122 0.174674 0.174123 0.173922 0.173851 0.173828 0.173820 0.173818 0.173817 0.173817 0.173817 0.173817 0.173816 0.173816 0.173816 0.173814 0.173809 0.173796 0.173765 0.173690 0.173521 0.173158 0.172412 0.170956 0.168267 0.163566 0.155819 0.143813 0.126374 0.102716 0.072848 0.037875 0.000000 
50.000000 40.209504 31.009796 22.884899 16.137402 10.864516 6.983741 4.290920 2.527205 1.435416 0.795783 0.440629 0.253465 0.159713 0.115013 0.094697 0.085883 0.082228 0.080777 0.080226 0.080024 0.079954 0.079930 0.079922 0.079920 0.079919 0.079919 0.079919 0.079919 0.079919 0.079918 0.079918 0.079917 0.079915 0.079908 0.079893 0.079857 0.079775 0.079599 0.079239 0.078542 0.077261 0.075037 0.071397 0.065796 0.057717 0.046828 0.033159 0.017221 0.000000 
50.000000 40.200700 30.992722 22.860525 16.106974 10.829362 6.945115 4.249889 2.484603 1.391843 0.751644 0.396176 0.208847 0.115013 0.070274 0.049940 0.041119 0.037460 0.036008 0.035456 0.035254 0.035184 0.035160 0.035152 0.035150 0.035149 0.035149 0.035149 0.035149 0.035149 0.035149 0.035149 0.035148 0.035147 0.035144 0.035137 0.035120 0.035082 0.035001 0.034837 0.034519 0.033939 0.032938 0.031309 0.028816 0.025242 0.020451 0.014463 0.007505 0.000000 
50.000000 40.196697 30.984959 22.849444 16.093140 10.813381 6.927556 4.231238 2.465239 1.372039 0.731582 0.375972 0.188568 0.094697 0.049940 0.029598 0.020773 0.017114 0.015661 0.015109 0.014907 0.014836 0.014812 0.014805 0.014802 0.014802 0.014801 0.014801 0.014801 0.014801 0.014801 0.014801 0.014801 0.014801 0.014799 0.014796 0.014789 0.014772 0.014737 0.014665 0.014527 0.014277 0.013847 0.013151 0.012091 0.010579 0.008561 0.006048 0.003136 0.000000 
50.000000 40.194959 30.981589 22.844635 16.087137 10.806446 6.919937 4.223146 2.456837 1.363446 0.722878 0.367206 0.179770 0.085883 0.041119 0.020773 0.011947 0.008287 0.006834 0.006281 0.006080 0.006009 0.005985 0.005977 0.005975 0.005974 0.005974 0.005974 0.005974 0.005974 0.005974 0.005974 0.005974 0.005973 0.005973 0.005972 0.005968 0.005962 0.005947 0.005917 0.005860 0.005757 0.005581 0.005296 0.004865 0.004253 0.003438 0.002427 0.001258 0.000000 
50.000000 40.194238 30.980192 22.842640 16.084647 10.803570 6.916777 4.219790 2.453353 1.359883 0.719269 0.363571 0.176122 0.082228 0.037460 0.017114 0.008287 0.004626 0.003173 0.002621 0.002419 0.002348 0.002324 0.002317 0.002314 0.002313 0.002313 0.002313 0.002313 0.002313 0.002313 0.002313 0.002313 0.002313 0.002313 0.002312 0.002311 0.002308 0.002302 0.002291 0.002268 0.002227 0.002158 0.002047 0.001879 0.001641 0.001326 0.000935 0.000484 0.000000 
50.000000 40.193952 30.979637 22.841848 16.083658 10.802428 6.915523 4.218457 2.451970 1.358468 0.717836 0.362129 0.174674 0.080777 0.036008 0.015661 0.006834 0.003173 0.001720 0.001168 0.000966 0.000895 0.000871 0.000864 0.000861 0.000860 0.000860 0.000860 0.000860 0.000860 0.000860 0.000860 0.000860 0.000860 0.000860 0.000860 0.000859 0.000858 0.000856 0.000852 0.000843 0.000828 0.000802 0.000760 0.000697 0.000608 0.000491 0.000346 0.000179 0.000000 
50.000000 40.193843 30.979425 22.841546 16.083282 10.801993 6.915045 4.217950 2.451444 1.357930 0.717291 0.361580 0.174123 0.080226 0.035456 0.015109 0.006281 0.002621 0.001168 0.000615 0.000413 0.000343 0.000319 0.000311 0.000309 0.000308 0.000308 0.000308 0.000308 0.000308 0.000307 0.000307 0.000307 0.000307 0.000307 0.000307 0.000307 0.000307 0.000306 0.000304 0.000301 0.000296 0.000286 0.000271 0.000249 0.000217 0.000175 0.000123 0.000064 0.000000 
50.000000 40.193803 30.979348 22.841436 16.083144 10.801834 6.914871 4.217765 2.451252 1.357734 0.717092 0.361379 0.173922 0.080024 0.035254 0.014907 0.006080 0.002419 0.000966 0.000413 0.000212 0.000141 0.000117 0.000109 0.000107 0.000106 0.000106 0.000106 0.000106 0.000106 0.000106 0.000106 0.000106 0.000106 0.000106 0.000106 0.000106 0.000106 0.000105 0.000105 0.000104 0.000102 0.000098 0.000093 0.000085 0.000074 0.000060 0.000042 0.000022 0.000000 
50.000000 40.193789 30.979321 22.841398 16.083096 10.801779 6.914810 4.217701 2.451184 1.357665 0.717022 0.361309 0.173851 0.079954 0.035184 0.014836 0.006009 0.002348 0.000895 0.000343 0.000141 0.000070 0.000046 0.000039 0.000036 0.000035 0.000035 0.000035 0.000035 0.000035 0.000035 0.000035 0.000035 0.000035 0.000035 0.000035 0.000035 0.000035 0.000035 0.000035 0.000034 0.000034 0.000033 0.000031 0.000028 0.000025 0.000020 0.000014 0.000007 0.000000 
50.000000 40.193785 30.979312 22.841385 16.083080 10.801760 6.914789 4.217679 2.451162 1.357642 0.716999 0.361285 0.173828 0.079930 0.035160 0.014813 0.005985 0.002324 0.000871 0.000319 0.000117 0.000046 0.000022 0.000015 0.000012 0.000012 0.000011 0.000011 0.000011 0.000011 0.000011 0.000011 0.000011 0.000011 0.000011 0.000011 0.000011 0.000011 0.000011 0.000011 0.000011 0.000011 0.000010 0.000010 0.000009 0.000008 0.000006 0.000004 0.000002 0.000000 
50.000000 40.193783 30.979309 22.841381 16.083075 10.801754 6.914783 4.217672 2.451154 1.357634 0.716991 0.361278 0.173820 0.079922 0.035152 0.014805 0.005977 0.002317 0.000864 0.000311 0.000109 0.000039 0.000015 0.000007 0.000005 0.000004 0.000004 0.000004 0.000004 0.000004 0.000004 0.000004 0.000004 0.000004 0.000004 0.000004 0.000004 0.000004 0.000004 0.000003 0.000003 0.000003 0.000003 0.000003 0.000003 0.000002 0.000002 0.000001 0.000001 0.000000 
50.000000 40.193783 30.979308 22.841379 16.083073 10.801752 6.914781 4.217670 2.451152 1.357632 0.716989 0.361276 0.173818 0.079920 0.035150 0.014803 0.005975 0.002314 0.000861 0.000309 0.000107 0.000036 0.000013 0.000005 0.000002 0.000002 0.000001 0.000001 0.000001 0.000001 0.000001 0.000001 0.000001 0.000001 0.000001 0.000001 0.000001 0.000001 0.000001 0.000001 0.000001 0.000001 0.000001 0.000001 0.000001 0.000001 0.000001 0.000001 0.000000 0.000000 
50.000000 40.193783 30.979308 22.841379 16.083073 10.801752 6.914781 4.217670 2.451152 1.357632 0.716989 0.361276 0.173818 0.079920 0.035150 0.014803 0.005975 0.002314 0.000861 0.000309 0.000107 0.000036 0.000013 0.000005 0.000002 0.000002 0.000001 0.000001 0.000001 0.000001 0.000001 0.000001 0.000001 0.000001 0.000001 0.000001 0.000001 0.000001 0.000001 0.000001 0.000001 0.000001 0.000001 0.000001 0.000001 0.000001 0.000001 0.000001 0.000000 0.000000 
50.000000 40.193783 30.979309 22.841381 16.083075 10.801754 6.914783 4.217672 2.451154 1.357634 0.716991 0.361278 0.173820 0.079922 0.035152 0.014805 0.005977 0.002317 0.000864 0.000311 0.000109 0.000039 0.000015 0.000007 0.000005 0.000004 0.000004 0.000004 0.000004 0.000004 0.000004 0.000004 0.000004 0.000004 0.000004 0.000004 0.000004 0.000004 0.000004 0.000003 0.000003 0.000003 0.000003 0.000003 0.000003 0.000002 0.000002 0.000001 0.000001 0.000000 
50.000000 40.193785 30.979312 22.841385 16.083080 10.801760 6.914789 4.217679 2.451162 1.357642 0.716999 0.361285 0.173828 0.079930 0.035160 0.014813 0.005985 0.002324 0.000871 0.000319 0.000117 0.000046 0.000022 0.000015 0.000012 0.000012 0.000011 0.000011 0.000011 0.000011 0.000011 0.000011 0.000011 0.000011 0.000011 0.000011 0.000011 0.000011 0.000011 0.000011 0.000011 0.000011 0.000010 0.000010 0.000009 0.000008 0.000006 0.000004 0.000002 0.000000 
50.000000 40.193789 30.979321 22.841398 16.083096 10.801779 6.914810 4.217701 2.451184 1.357665 0.717022 0.361309 0.173851 0.079954 0.035184 0.014836 0.006009 0.002348 0.000895 0.000343 0.000141 0.000070 0.000046 0.000039 0.000036 0.000035 0.000035 0.000035 0.000035 0.000035 0.000035 0.000035 0.000035 0.000035 0.000035 0.000035 0.000035 0.000035 0.000035 0.000035 0.000034 0.000034 0.000033 0.000031 0.000028 0.000025 0.000020 0.000014 0.000007 0.000000 
50.000000 40.193803 30.979348 22.841436 16.083144 10.801834 6.914871 4.217765 2.451252 1.357734 0.717092 0.361379 0.173922 0.080024 0.035254 0.014907 0.006080 0.002419 0.000966 0.000413 0.000212 0.000141 0.000117 0.000109 0.000107 0.000106 0.000106 0.000106 0.000106 0.000106 0.000106 0.000106 0.000106 0.000106 0.000106 0.000106 0.000106 0.000106 0.000105 0.000105 0.000104 0.000102 0.000098 0.000093 0.000085 0.000074 0.000060 0.000042 0.000022 0.000000 
50.000000 40.193843 30.979425 22.841546 16.083282 10.801993 6.915045 4.217950 2.451444 1.357930 0.717291 0.361580 0.174123 0.080226 0.035456 0.015109 0.006281 0.002621 0.001168 0.000615 0.000413 0.000343 0.000319 0.000311 0.000309 0.000308 0.000308 0.000308 0.000308 0.000308 0.000307 0.000307 0.000307 0.000307 0.000307 0.000307 0.000307 0.000307 0.000306 0.000304 0.000301 0.000296 0.000286 0.000271 0.000249 0.000217 0.000175 0.000123 0.000064 0.000000 
50.000000 40.193952 30.979637 22.841848 16.083658 10.802428 6.915523 4.218457 2.451970 1.358468 0.717836 0.362129 0.174674 0.080777 0.036008 0.015661 0.006834 0.003173 0.001720 0.001168 0.000966 0.000895 0.000871 0.000864 0.000861 0.000860 0.000860 0.000860 0.000860 0.000860 0.000860 0.000860 0.000860 0.000860 0.000860 0.000860 0.000859 0.000858 0.000856 0.000852 0.000843 0.000828 0.000802 0.000760 0.000697 0.000608 0.000491 0.000346 0.000179 0.000000 
50.000000 40.194238 30.980192 22.842640 16.084647 10.803570 6.916777 4.219790 2.453353 1.359883 0.719269 0.363571 0.176122 0.082228 0.037460 0.017114 0.008287 0.004626 0.003173 0.002621 0.002419 0.002348 0.002324 0.002317 0.002314 0.002313 0.002313 0.002313 0.002313 0.002313 0.002313 0.002313 0.002313 0.002313 0.002313 0.002312 0.002311 0.002308 0.002302 0.002291 0.002268 0.002227 0.002158 0.002047 0.001879 0.001641 0.001326 0.000935 0.000484 0.000000 
50.000000 40.194959 30.981589 22.844635 16.087137 10.806446 6.919937 4.223146 2.456837 1.363446 0.722878 0.367206 0.179770 0.085883 0.041119 0.020773 0.011947 0.008287 0.006834 0.006281 0.006080 0.006009 0.005985 0.005977 0.005975 0.005974 0.005974 0.005974 0.005974 0.005974 0.005974 0.005974 0.005974 0.005973 0.005973 0.005972 0.005968 0.005962 0.005947 0.005917 0.005860 0.005757 0.005581 0.005296 0.004865 0.004253 0.003438 0.002427 0.001258 0.000000 
50.000000 40.196697 30.984959 22.849444 16.093140 10.813381 6.927556 4.231238 2.465239 1.372039 0.731582 0.375972 0.188568 0.094697 0.049940 0.029598 0.020773 0.017114 0.015661 0.015109 0.014907 0.014836 0.014812 0.014805 0.014802 0.014802 0.014801 0.014801 0.014801 0.014801 0.014801 0.014801 0.014801 0.014801 0.014799 0.014796 0.014789 0.014772 0.014737 0.014665 0.014527 0.014277 0.013847 0.013151 0.012091 0.010579 0.008561 0.006048 0.003136 0.000000 
50.000000 40.200700 30.992722 22.860525 16.106974 10.829362 6.945115 4.249889 2.484603 1.391843 0.751644 0.396176 0.208847 0.115013 0.070274 0.049940 0.041119 0.037460 0.036008 0.035456 0.035254 0.035184 0.035160 0.035152 0.035150 0.035149 0.035149 0.035149 0.035149 0.035149 0.035149 0.035149 0.035148 0.035147 0.035144 0.035137 0.035120 0.035082 0.035001 0.034837 0.034519 0.033939 0.032938 0.031309 0.028816 0.025242 0.020451 0.014463 0.007505 0.000000 
50.000000 40.209504 31.009796 22.884899 16.137402 10.864516 6.983741 4.290920 2.527205 1.435416 0.795783 0.440629 0.253465 0.159713 0.115013 0.094697 0.085883 0.082228 0.080777 0.080226 0.080024 0.079954 0.079930 0.079922 0.079920 0.079919 0.079919 0.079919 0.079919 0.079919 0.079918 0.079918 0.079917 0.079915 0.079908 0.079893 0.079857 0.079775 0.079599 0.079239 0.078542 0.077261 0.075037 0.071397 0.065796 0.057717 0.046828 0.033159 0.017221 0.000000 
50.000000 40.227962 31.045594 22.936001 16.201204 10.938229 7.064739 4.376964 2.616548 1.526797 0.888355 0.533860 0.347043 0.253465 0.208847 0.188568 0.179770 0.176122 0.174674 0.174123 0.173922 0.173851 0.173828 0.173820 0.173818 0.173817 0.173817 0.173817 0.173817 0.173816 0.173816 0.173816 0.173814 0.173809 0.173796 0.173765 0.173690 0.173521 0.173158 0.172412 0.170956 0.168267 0.163566 0.155819 0.143813 0.126374 0.102716 0.072848 0.037875 0.000000 
50.000000 40.264799 31.117037 23.037991 16.328543 11.085359 7.226417 4.548722 2.794898 1.709219 1.073159 0.719984 0.533860 0.440629 0.396176 0.375972 0.367206 0.363571 0.362129 0.361580 0.361379 0.361309 0.361285 0.361278 0.361275 0.361275 0.361274 0.361274 0.361274 0.361274 0.361274 0.361272 0.361269 0.361260 0.361235 0.361174 0.361030 0.360703 0.359992 0.358525 0.355647 0.350290 0.340856 0.325180 0.300680 0.264789 0.215702 0.153287 0.079808 0.000000 
50.000000 40.334676 31.252560 23.231467 16.570118 11.364491 7.533162 4.874607 3.133301 2.055360 1.423825 1.073159 0.888355 0.795783 0.751644 0.731582 0.722878 0.719269 0.717836 0.717291 0.717092 0.717022 0.716999 0.716991 0.716989 0.716988 0.716988 0.716988 0.716988 0.716987 0.716987 0.716984 0.716978 0.716961 0.716917 0.716807 0.716544 0.715943 0.714634 0.711913 0.706534 0.696443 0.678513 0.648433 0.600939 0.530635 0.433502 0.308869 0.161111 0.000000 
50.000000 40.460484 31.496564 23.579825 17.005095 11.867115 8.085533 5.461464 3.742722 2.678732 2.055360 1.709219 1.526797 1.435416 1.391843 1.372039 1.363446 1.359883 1.358468 1.357930 1.357734 1.357665 1.357642 1.357634 1.357632 1.357631 1.357631 1.357631 1.357631 1.357630 1.357629 1.357625 1.357615 1.357586 1.357511 1.357324 1.356874 1.355840 1.353572 1.348826 1.339366 1.321452 1.289293 1.234725 1.147500 1.016712 0.833684 0.596056 0.311698 0.000000 
50.000000 40.675162 31.912941 24.174290 17.747402 12.724896 9.028251 6.463075 4.782875 3.742722 3.133301 2.794898 2.616548 2.527205 2.484603 2.465239 2.456837 2.453353 2.451970 2.451444 2.451252 2.451184 2.451162 2.451154 2.451152 2.451151 2.451151 2.451151 2.451151 2.451150 2.451148 2.451142 2.451126 2.451080 2.450962 2.450664 2.449944 2.448282 2.444608 2.436858 2.421270 2.391438 2.337238 2.244021 2.092782 1.862358 1.534573 1.102346 0.578496 0.000000 
50.000000 41.021868 32.585401 25.134393 18.946320 14.110370 10.550967 8.080972 6.463075 5.461464 4.874607 4.548722 4.376964 4.290920 4.249889 4.231238 4.223146 4.219790 4.218457 4.217950 4.217765 4.217701 4.217679 4.217672 4.217669 4.217669 4.217668 4.217668 4.217668 4.217667 4.217664 4.217656 4.217631 4.217565 4.217391 4.216951 4.215882 4.213398 4.207867 4.196094 4.172171 4.125837 4.040486 3.891335 3.644942 3.261976 2.705542 1.956343 1.031969 0.000000 
50.000000 41.551088 33.611875 26.599973 20.776499 16.225400 12.875583 10.550967 9.028251 8.085533 7.533162 7.226417 7.064739 6.983741 6.945115 6.927556 6.919937 6.916777 6.915523 6.915045 6.914871 6.914810 6.914789 6.914783 6.914781 6.914780 6.914780 6.914780 6.914779 6.914778 6.914774 6.914763 6.914730 6.914641 6.914405 6.913806 6.912343 6.908920 6.901237 6.884730 6.850808 6.784230 6.659632 6.437791 6.063233 5.466325 4.574753 3.339528 1.775549 0.000000 
50.000000 42.313615 35.090892 28.711730 23.413675 19.273116 16.225400 14.110370 12.724896 11.867115 11.364491 11.085359 10.938229 10.864516 10.829362 10.813381 10.806446 10.803570 10.802428 10.801993 10.801834 10.801779 10.801760 10.801754 10.801752 10.801751 10.801751 10.801751 10.801751 10.801749 10.801744 10.801730 10.801691 10.801581 10.801290 10.800546 10.798720 10.794416 10.784679 10.763552 10.719615 10.632114 10.465427 10.162168 9.636558 8.772332 7.433794 5.504011 2.964008 0.000000 
50.000000 43.349491 37.100125 31.580584 26.996398 23.413675 20.776499 18.946320 17.747402 17.005095 16.570118 16.328543 16.201204 16.137402 16.106974 16.093140 16.087137 16.084647 16.083658 16.083282 16.083144 16.083096 16.083080 16.083075 16.083073 16.083072 16.083072 16.083072 16.083072 16.083070 16.083065 16.083049 16.083006 16.082884 16.082561 16.081732 16.079685 16.074829 16.063754 16.039483 15.988384 15.885044 15.684343 15.310175 14.641343 13.498199 11.641179 8.808929 4.849819 0.000000 
50.000000 44.674865 39.670908 35.251291 31.580584 28.711730 26.599973 25.134393 24.174290 23.579825 23.231467 23.037991 22.936001 22.884899 22.860525 22.849444 22.844635 22.842640 22.841848 22.841546 22.841436 22.841398 22.841385 22.841381 22.841379 22.841379 22.841379 22.841378 22.841378 22.841376 22.841371 22.841357 22.841314 22.841197 22.840883 22.840075 22.838070 22.833285 22.822289 22.797965 22.746141 22.639717 22.428851 22.025220 21.277935 19.939405 17.625645 13.802256 7.915838 0.000000 
50.000000 46.270619 42.766156 39.670908 37.100125 35.090892 33.611875 32.585401 31.912941 31.496564 31.252560 31.117037 31.045594 31.009796 30.992722 30.984959 30.981589 30.980192 30.979637 30.979425 30.979348 30.979321 30.979312 30.979309 30.979308 30.979308 30.979308 30.979308 30.979307 30.979306 30.979302 30.979290 30.979256 30.979162 30.978910 30.978259 30.976637 30.972746 30.963750 30.943691 30.900508 30.810595 30.629058 30.272347 29.586881 28.291196 25.868652 21.383078 13.281655 0.000000 
50.000000 48.077333 46.270619 44.674865 43.349491 42.313615 41.551088 41.021868 40.675162 40.460484 40.334676 40.264799 40.227962 40.209504 40.200700 40.196697 40.194959 40.194238 40.193952 40.193843 40.193803 40.193789 40.193785 40.193783 40.193783 40.193783 40.193783 40.193782 40.193782 40.193782 40.193779 40.193773 40.193754 40.193701 40.193560 40.193195 40.192283 40.190088 40.184991 40.173565 40.148786 40.096666 39.989899 39.775538 39.349607 38.499672 36.759027 32.988963 24.038667 0.000000 
50.000000 50.000000 50.000000 50.000000 50.000000 50.000000 50.000000 50.000000 50.000000 50.000000 50.000000 50.000000 50.000000 50.000000 50.000000 50.000000 50.000000 50.000000 50.000000 50.000000 50.000000 50.000000 50.000000 50.000000 50.000000 50.000000 50.000000 50.000000 50.000000 50.000000 50.000000 50.000000 50.000000 50.000000 50.000000 50.000000 50.000000 50.000000 50.000000 50.000000 50.000000 50.000000 50.000000 50.000000 50.000000 50.000000 50.000000 50.000000 50.000000 50.000000 
