50.000000 50.000000 50.000000 50.000000 50.000000 50.000000 50.000000 50.000000 50.000000 50.000000 50.000000 50.000000 50.000000 50.000000 50.000000 50.000000 50.000000 50.000000 50.000000 50.000000 50.000000 50.000000 50.000000 50.000000 50.000000 50.000000 50.000000 50.000000 50.000000 50.000000 50.000000 50.000000 50.000000 50.000000 50.000000 50.000000 50.000000 50.000000 50.000000 50.000000 50.000000 50.000000 50.000000 50.000000 50.000000 50.000000 50.000000 50.000000 50.000000 50.000000 
50.000000 49.064693 48.156851 47.301519 46.519264 45.824743 45.226071 44.724984 44.317677 43.996096 43.749437 43.565599 43.432431 43.338653 43.274436 43.231664 43.203947 43.186466 43.175733 43.169316 43.165579 43.163457 43.162282 43.161647 43.161309 43.161127 43.161019 43.160931 43.160816 43.160621 43.160258 43.159575 43.158309 43.156005 43.151889 43.144670 43.132230 43.111143 43.075923 43.017838 42.922993 42.769061 42.519429 42.111871 41.434650 40.270912 38.154648 33.954196 24.532347 0.000000 
50.000000 48.156851 46.367824 44.682278 43.140740 41.772096 40.592336 39.604881 38.802232 38.168520 37.682451 37.320178 37.057756 36.872957 36.746412 36.662127 36.607507 36.573060 36.551911 36.539266 36.531900 36.527720 36.525406 36.524154 36.523488 36.523131 36.522919 36.522748 36.522530 36.522159 36.521470 36.520178 36.517785 36.513436 36.505678 36.492100 36.468760 36.429315 36.363688 36.256014 36.081401 35.800699 35.351697 34.633597 33.478428 31.596562 28.472722 23.183912 14.202655 0.000000 
50.000000 47.301519 44.682278 42.214541 39.957643 37.953874 36.226646 34.780965 33.605853 32.678074 31.966453 31.436077 31.051885 30.781337 30.596074 30.472681 30.392719 30.342289 30.311327 30.292815 30.282033 30.275912 30.272525 30.270693 30.269719 30.269197 30.268891 30.268648 30.268346 30.267835 30.266891 30.265122 30.261854 30.255926 30.245380 30.226980 30.195470 30.142471 30.054822 29.912118 29.683027 29.319705 28.749250 27.860437 26.483329 24.359613 21.107270 16.209556 9.146872 0.000000 
50.000000 46.519264 43.140740 39.957643 37.046509 34.461888 32.233977 30.369234 28.853495 27.656789 26.738901 26.054796 25.559250 25.210288 24.971332 24.812177 24.709042 24.643998 24.604064 24.580187 24.566281 24.558387 24.554018 24.551656 24.550402 24.549732 24.549344 24.549044 24.548680 24.548077 24.546964 24.544889 24.541064 24.534145 24.521879 24.500564 24.464241 24.403512 24.303830 24.143057 23.888043 23.489864 22.877345 21.948594 20.561073 18.523254 15.598030 11.544178 6.248352 0.000000 
50.000000 45.824743 41.772096 37.953874 34.461888 31.361571 28.689145 26.452356 24.634212 23.198759 22.097754 21.277178 20.682781 20.264210 19.977592 19.786693 19.662989 19.584974 19.537076 19.508438 19.491759 19.482292 19.477053 19.474221 19.472718 19.471919 19.471462 19.471121 19.470723 19.470074 19.468889 19.466684 19.462635 19.455337 19.442449 19.420158 19.382389 19.319674 19.217592 19.054642 18.799478 18.407441 17.816525 16.943359 15.680785 13.900814 11.470545 8.293667 4.390093 0.000000 
50.000000 45.226071 40.592336 36.226646 32.233977 28.689145 25.633567 23.076095 20.997298 19.356066 18.097235 17.159038 16.479445 16.000886 15.673192 15.454938 15.313508 15.224315 15.169555 15.136816 15.117747 15.106925 15.100936 15.097699 15.095984 15.095076 15.094564 15.094198 15.093789 15.093141 15.091968 15.089797 15.085824 15.078690 15.066149 15.044571 15.008234 14.948338 14.851699 14.699068 14.463124 14.106264 13.578573 12.816784 11.745787 10.285383 8.366208 5.958739 3.114201 0.000000 
50.000000 44.724984 39.604881 34.780965 30.369234 26.452356 23.076095 20.250229 17.953286 16.139836 14.748923 13.712294 12.961408 12.432649 12.070585 11.829442 11.673182 11.574637 11.514136 11.477965 11.456898 11.444942 11.438325 11.434751 11.432859 11.431862 11.431309 11.430931 11.430532 11.429921 11.428828 11.426819 11.423156 11.416606 11.405147 11.385538 11.352725 11.299044 11.213194 11.079014 10.874149 10.568820 10.125115 9.497522 8.635831 7.491889 6.031715 4.253184 2.205555 0.000000 
50.000000 44.317677 38.802232 33.605853 28.853495 24.634212 20.997298 17.953286 15.479041 13.525622 12.027364 10.910741 10.101918 9.532366 9.142373 8.882631 8.714321 8.608178 8.543013 8.504054 8.481364 8.468487 8.461361 8.457513 8.455478 8.454411 8.453829 8.453448 8.453074 8.452525 8.451560 8.449796 8.446595 8.440899 8.430981 8.414102 8.386039 8.340466 8.268209 8.156397 7.987655 7.739520 7.384466 6.891034 6.226771 5.363630 4.286148 3.001532 1.548616 0.000000 
50.000000 43.996096 38.168520 32.678074 27.656789 23.198759 19.356066 16.139836 13.525622 11.461710 9.878717 8.698950 7.844396 7.242647 6.830611 6.556191 6.378372 6.266233 6.197388 6.156229 6.132259 6.118655 6.111129 6.107065 6.104918 6.103796 6.103195 6.102819 6.102478 6.102004 6.101189 6.099713 6.097049 6.092327 6.084146 6.070301 6.047425 6.010542 5.952540 5.863623 5.730855 5.537967 5.265687 4.892942 4.399281 3.768746 2.995048 2.087119 1.073103 0.000000 
50.000000 43.749437 37.682451 31.966453 26.738901 22.097754 18.097235 14.748923 12.027364 9.878717 8.230742 7.002555 6.112934 5.486498 5.057562 4.771889 4.586780 4.470045 4.398380 4.355535 4.330583 4.316423 4.308588 4.304359 4.302127 4.300966 4.300352 4.299986 4.299681 4.299285 4.298625 4.297442 4.295318 4.291573 4.285115 4.274243 4.256389 4.227799 4.183181 4.115371 4.015094 3.870967 3.669910 3.398167 3.043113 2.595844 2.054334 1.426436 0.731599 0.000000 
50.000000 43.565599 37.320178 31.436077 26.054796 21.277178 17.159038 13.712294 10.910741 8.698950 7.002555 5.738290 4.822543 4.177714 3.736188 3.442132 3.251592 3.131435 3.057668 3.013568 2.987885 2.973311 2.965248 2.960896 2.958601 2.957411 2.956790 2.956435 2.956164 2.955843 2.955327 2.954416 2.952791 2.949938 2.945042 2.936843 2.923455 2.902153 2.869145 2.819374 2.746410 2.642533 2.499101 2.307339 2.059586 1.750966 1.381255 0.956490 0.489677 0.000000 
50.000000 43.432431 37.057756 31.051885 25.559250 20.682781 16.479445 12.961408 10.101918 7.844396 6.112934 4.822543 3.887877 3.229731 2.779089 2.478964 2.284494 2.161858 2.086571 2.041562 2.015351 2.000476 1.992247 1.987807 1.985467 1.984257 1.983632 1.983288 1.983049 1.982792 1.982402 1.981725 1.980527 1.978435 1.974862 1.968907 1.959236 1.943939 1.920390 1.885135 1.833853 1.761452 1.662364 1.531107 1.363106 1.155738 0.909414 0.628441 0.321288 0.000000 
50.000000 43.338653 36.872957 30.781337 25.210288 20.264211 16.000886 12.432649 9.532366 7.242647 5.486498 4.177714 3.229731 2.562210 2.105152 1.800757 1.603520 1.479141 1.402784 1.357136 1.330552 1.315467 1.307122 1.302620 1.300248 1.299024 1.298397 1.298064 1.297850 1.297647 1.297359 1.296873 1.296021 1.294541 1.292024 1.287850 1.281105 1.270495 1.254259 1.230109 1.195222 1.146327 1.079924 0.992652 0.881822 0.746047 0.585867 0.404197 0.206422 0.000000 
50.000000 43.274436 36.746412 30.596074 24.971332 19.977592 15.673192 12.070585 9.142373 6.830611 5.057562 3.736188 2.779089 2.105152 1.643703 1.336385 1.137255 1.011683 0.934594 0.888509 0.861671 0.846441 0.838017 0.833472 0.831079 0.829847 0.829219 0.828894 0.828701 0.828539 0.828331 0.827992 0.827406 0.826394 0.824681 0.821852 0.817303 0.810182 0.799345 0.783319 0.760311 0.728272 0.685048 0.628621 0.557434 0.470768 0.369095 0.254312 0.129766 0.000000 
50.000000 43.231664 36.662127 30.472681 24.812177 19.786694 15.454938 11.829442 8.882632 6.556192 4.771890 3.442133 2.478965 1.800757 1.336385 1.027122 0.826732 0.700366 0.622791 0.576414 0.549407 0.534081 0.525604 0.521031 0.518624 0.517386 0.516759 0.516439 0.516262 0.516131 0.515982 0.515751 0.515361 0.514691 0.513562 0.511706 0.508734 0.504104 0.497092 0.486776 0.472046 0.451652 0.424296 0.388790 0.344246 0.290299 0.227301 0.156449 0.079776 0.000000 
50.000000 43.203947 36.607508 30.392719 24.709043 19.662990 15.313509 11.673183 8.714322 6.378373 4.586781 3.251594 2.284495 1.603522 1.137257 0.826733 0.625528 0.498648 0.420757 0.374193 0.347076 0.331688 0.323177 0.318586 0.316170 0.314927 0.314301 0.313986 0.313820 0.313711 0.313603 0.313450 0.313197 0.312767 0.312046 0.310865 0.308983 0.306062 0.301658 0.295210 0.286048 0.273425 0.256578 0.234821 0.207655 0.174899 0.136795 0.094073 0.047942 0.000000 
50.000000 43.186467 36.573062 30.342291 24.644000 19.584976 15.224318 11.574640 8.608182 6.266237 4.470049 3.131439 2.161862 1.479145 1.011687 0.700370 0.498651 0.371447 0.293357 0.246674 0.219488 0.204062 0.195529 0.190926 0.188504 0.187260 0.186634 0.186323 0.186164 0.186070 0.185991 0.185890 0.185730 0.185462 0.185015 0.184286 0.183128 0.181339 0.178653 0.174735 0.169192 0.161590 0.151488 0.138498 0.122344 0.102939 0.080439 0.055278 0.028158 0.000000 
50.000000 43.175735 36.551914 30.311331 24.604069 19.537082 15.169563 11.514144 8.543022 6.197398 4.398389 3.057678 2.086581 1.402794 0.934605 0.622800 0.420766 0.293363 0.215152 0.168396 0.141168 0.125717 0.117171 0.112562 0.110137 0.108891 0.108265 0.107956 0.107802 0.107718 0.107658 0.107592 0.107492 0.107330 0.107060 0.106623 0.105932 0.104866 0.103272 0.100957 0.097694 0.093235 0.087334 0.079773 0.070404 0.059186 0.046214 0.031739 0.016161 0.000000 
50.000000 43.169320 36.539272 30.292825 24.580200 19.508453 15.136833 11.477984 8.504075 6.156251 4.355557 3.013591 2.041586 1.357159 0.888533 0.576437 0.374215 0.246694 0.168410 0.121610 0.094357 0.078892 0.070338 0.065724 0.063297 0.062051 0.061426 0.061118 0.060967 0.060890 0.060842 0.060797 0.060736 0.060639 0.060482 0.060227 0.059824 0.059207 0.058287 0.056955 0.055083 0.052536 0.049175 0.044882 0.039580 0.033248 0.025944 0.017809 0.009065 0.000000 
50.000000 43.165586 36.531916 30.282055 24.566310 19.491794 15.117787 11.456942 8.481411 6.132309 4.330634 2.987938 2.015404 1.330606 0.861725 0.549461 0.347129 0.219539 0.141213 0.094388 0.067120 0.051647 0.043088 0.038472 0.036044 0.034797 0.034172 0.033865 0.033717 0.033643 0.033602 0.033570 0.033533 0.033477 0.033387 0.033242 0.033014 0.032666 0.032148 0.031400 0.030354 0.028933 0.027065 0.024686 0.021755 0.018263 0.014243 0.009772 0.004973 0.000000 
50.000000 43.163475 36.527755 30.275963 24.558453 19.482370 15.107014 11.445040 8.468592 6.118766 4.316537 2.973428 2.000596 1.315588 0.846563 0.534203 0.331809 0.204180 0.125830 0.078991 0.051715 0.036237 0.027676 0.023058 0.020629 0.019383 0.018758 0.018451 0.018304 0.018233 0.018196 0.018172 0.018149 0.018116 0.018065 0.017985 0.017859 0.017666 0.017381 0.016971 0.016398 0.015623 0.014606 0.013314 0.011726 0.009838 0.007669 0.005260 0.002676 0.000000 
50.000000 43.162321 36.525482 30.272636 24.554162 19.477224 15.101130 11.438539 8.461591 6.111370 4.308838 2.965504 1.992508 1.307386 0.838283 0.525871 0.323443 0.195793 0.117430 0.070583 0.043302 0.027822 0.019259 0.014641 0.012212 0.010965 0.010340 0.010034 0.009887 0.009817 0.009783 0.009764 0.009748 0.009729 0.009700 0.009656 0.009587 0.009481 0.009326 0.009103 0.008792 0.008372 0.007823 0.007127 0.006273 0.005261 0.004099 0.002810 0.001430 0.000000 
50.000000 43.161730 36.524317 30.270931 24.551963 19.474586 15.098115 11.435208 8.458003 6.107580 4.304894 2.961444 1.988365 1.303183 0.834040 0.521601 0.319156 0.191496 0.113126 0.066275 0.038992 0.023510 0.014947 0.010328 0.007899 0.006652 0.006027 0.005721 0.005574 0.005505 0.005472 0.005455 0.005444 0.005432 0.005415 0.005389 0.005350 0.005290 0.005202 0.005076 0.004900 0.004664 0.004356 0.003967 0.003490 0.002925 0.002278 0.001561 0.000794 0.000000 
50.000000 43.161483 36.523830 30.270217 24.551042 19.473482 15.096853 11.433814 8.456502 6.105994 4.303243 2.959745 1.986631 1.301425 0.832265 0.519815 0.317363 0.189697 0.111324 0.064472 0.037188 0.021706 0.013142 0.008523 0.006094 0.004847 0.004222 0.003916 0.003770 0.003701 0.003669 0.003653 0.003643 0.003634 0.003622 0.003604 0.003577 0.003537 0.003477 0.003392 0.003274 0.003115 0.002908 0.002647 0.002328 0.001950 0.001518 0.001041 0.000529 0.000000 
50.000000 43.161483 36.523830 30.270217 24.551042 19.473482 15.096853 11.433814 8.456502 6.105994 4.303243 2.959745 1.986631 1.301425 0.832265 0.519815 0.317363 0.189697 0.111324 0.064472 0.037188 0.021706 0.013142 0.008523 0.006094 0.004847 0.004222 0.003916 0.003770 0.003701 0.003669 0.003653 0.003643 0.003634 0.003622 0.003604 0.003577 0.003537 0.003477 0.003392 0.003274 0.003115 0.002908 0.002647 0.002328 0.001950 0.001518 0.001041 0.000529 0.000000 
50.000000 43.161730 36.524317 30.270931 24.551963 19.474586 15.098115 11.435208 8.458003 6.107580 4.304894 2.961444 1.988365 1.303183 0.834040 0.521601 0.319156 0.191496 0.113126 0.066275 0.038992 0.023510 0.014947 0.010328 0.007899 0.006652 0.006027 0.005721 0.005574 0.005505 0.005472 0.005455 0.005444 0.005432 0.005415 0.005389 0.005350 0.005290 0.005202 0.005076 0.004900 0.004664 0.004356 0.003967 0.003490 0.002925 0.002278 0.001561 0.000794 0.000000 
50.000000 43.162321 36.525482 30.272636 24.554162 19.477224 15.101130 11.438539 8.461591 6.111370 4.308838 2.965504 1.992508 1.307386 0.838283 0.525871 0.323443 0.195793 0.117430 0.070583 0.043302 0.027822 0.019259 0.014641 0.012212 0.010965 0.010340 0.010034 0.009887 0.009817 0.009783 0.009764 0.009748 0.009729 0.009700 0.009656 0.009587 0.009481 0.009326 0.009103 0.008792 0.008372 0.007823 0.007127 0.006273 0.005261 0.004099 0.002810 0.001430 0.000000 
50.000000 43.163475 36.527755 30.275963 24.558453 19.482370 15.107014 11.445040 8.468592 6.118766 4.316537 2.973428 2.000596 1.315588 0.846563 0.534203 0.331809 0.204180 0.125830 0.078991 0.051715 0.036237 0.027676 0.023058 0.020629 0.019383 0.018758 0.018451 0.018304 0.018233 0.018196 0.018172 0.018149 0.018116 0.018065 0.017985 0.017859 0.017666 0.017381 0.016971 0.016398 0.015623 0.014606 0.013314 0.011726 0.009838 0.007669 0.005260 0.002676 0.000000 
50.000000 43.165586 36.531916 30.282055 24.566310 19.491794 15.117787 11.456942 8.481411 6.132309 4.330634 2.987938 2.015404 1.330606 0.861725 0.549461 0.347129 0.219539 0.141213 0.094388 0.067120 0.051647 0.043088 0.038472 0.036044 0.034797 0.034172 0.033865 0.033717 0.033643 0.033602 0.033570 0.033533 0.033477 0.033387 0.033242 0.033014 0.032666 0.032148 0.031400 0.030354 0.028933 0.027065 0.024686 0.021755 0.018263 0.014243 0.009772 0.004973 0.000000 
50.000000 43.169320 36.539272 30.292825 24.580200 19.508453 15.136833 11.477984 8.504075 6.156251 4.355557 3.013591 2.041586 1.357159 0.888533 0.576437 0.374215 0.246694 0.168410 0.121610 0.094357 0.078892 0.070338 0.065724 0.063297 0.062051 0.061426 0.061118 0.060967 0.060890 0.060842 0.060797 0.060736 0.060639 0.060482 0.060227 0.059824 0.059207 0.058287 0.056955 0.055083 0.052536 0.049175 0.044882 0.039580 0.033248 0.025944 0.017809 0.009065 0.000000 
50.000000 43.175735 36.551914 30.311331 24.604069 19.537082 15.169563 11.514144 8.543022 6.197398 4.398389 3.057678 2.086581 1.402794 0.934605 0.622800 0.420766 0.293363 0.215152 0.168396 0.141168 0.125717 0.117171 0.112562 0.110137 0.108891 0.108265 0.107956 0.107802 0.107718 0.107658 0.107592 0.107492 0.107330 0.107060 0.106623 0.105932 0.104866 0.103272 0.100957 0.097694 0.093235 0.087334 0.079773 0.070404 0.059186 0.046214 0.031739 0.016161 0.000000 
50.000000 43.186467 36.573062 30.342291 24.644000 19.584976 15.224318 11.574640 8.608182 6.266237 4.470049 3.131439 2.161862 1.479145 1.011687 0.700370 0.498651 0.371447 0.293357 0.246674 0.219488 0.204062 0.195529 0.190926 0.188504 0.187260 0.186634 0.186323 0.186164 0.186070 0.185991 0.185890 0.185730 0.185462 0.185015 0.184286 0.183128 0.181339 0.178653 0.174735 0.169192 0.161590 0.151488 0.138498 0.122344 0.102939 0.080439 0.055278 0.028158 0.000000 
50.000000 43.203947 36.607508 30.392719 24.709043 19.662990 15.313509 11.673183 8.714322 6.378373 4.586781 3.251594 2.284495 1.603522 1.137257 0.826733 0.625528 0.498648 0.420757 0.374193 0.347076 0.331688 0.323177 0.318586 0.316170 0.314927 0.314301 0.313986 0.313820 0.313711 0.313603 0.313450 0.313197 0.312767 0.312046 0.310865 0.308983 0.306062 0.301658 0.295210 0.286048 0.273425 0.256578 0.234821 0.207655 0.174899 0.136795 0.094073 0.047942 0.000000 
50.000000 43.231664 36.662127 30.472681 24.812177 19.786694 15.454938 11.829442 8.882632 6.556192 4.771890 3.442133 2.478965 1.800757 1.336385 1.027122 0.826732 0.700366 0.622791 0.576414 0.549407 0.534081 0.525604 0.521031 0.518624 0.517386 0.516759 0.516439 0.516262 0.516131 0.515982 0.515751 0.515361 0.514691 0.513562 0.511706 0.508734 0.504104 0.497092 0.486776 0.472046 0.451652 0.424296 0.388790 0.344246 0.290299 0.227301 0.156449 0.079776 0.000000 
50.000000 43.274436 36.746412 30.596074 24.971332 19.977592 15.673192 12.070585 9.142373 6.830611 5.057562 3.736188 2.779089 2.105152 1.643703 1.336385 1.137255 1.011683 0.934594 0.888509 0.861671 0.846441 0.838017 0.833472 0.831079 0.829847 0.829219 0.828894 0.828701 0.828539 0.828331 0.827992 0.827406 0.826394 0.824681 0.821852 0.817303 0.810182 0.799345 0.783319 0.760311 0.728272 0.685048 0.628621 0.557434 0.470768 0.369095 0.254312 0.129766 0.000000 
50.000000 43.338653 36.872957 30.781337 25.210288 20.264211 16.000886 12.432649 9.532366 7.242647 5.486498 4.177714 3.229731 2.562210 2.105152 1.800757 1.603520 1.479141 1.402784 1.357136 1.330552 1.315467 1.307122 1.302620 1.300248 1.299024 1.298397 1.298064 1.297850 1.297647 1.297359 1.296873 1.296021 1.294541 1.292024 1.287850 1.281105 1.270495 1.254259 1.230109 1.195222 1.146327 1.079924 0.992652 0.881822 0.746047 0.585867 0.404197 0.206422 0.000000 
50.000000 43.432431 37.057756 31.051885 25.559250 20.682781 16.479445 12.961408 10.101918 7.844396 6.112934 4.822543 3.887877 3.229731 2.779089 2.478964 2.284494 2.161858 2.086571 2.041562 2.015351 2.000476 1.992247 1.987807 1.985467 1.984257 1.983632 1.983288 1.983049 1.982792 1.982402 1.981725 1.980527 1.978435 1.974862 1.968907 1.959236 1.943939 1.920390 1.885135 1.833853 1.761452 1.662364 1.531107 1.363106 1.155738 0.909414 0.628441 0.321288 0.000000 
50.000000 43.565599 37.320178 31.436077 26.054796 21.277178 17.159038 13.712294 10.910741 8.698950 7.002555 5.738290 4.822543 4.177714 3.736188 3.442132 3.251592 3.131435 3.057668 3.013568 2.987885 2.973311 2.965248 2.960896 2.958601 2.957411 2.956790 2.956435 2.956164 2.955843 2.955327 2.954416 2.952791 2.949938 2.945042 2.936843 2.923455 2.902153 2.869145 2.819374 2.746410 2.642533 2.499101 2.307339 2.059586 1.750966 1.381255 0.956490 0.489677 0.000000 
50.000000 43.749437 37.682451 31.966453 26.738901 22.097754 18.097235 14.748923 12.027364 9.878717 8.230742 7.002555 6.112934 5.486498 5.057562 4.771889 4.586780 4.470045 4.398380 4.355535 4.330583 4.316423 4.308588 4.304359 4.302127 4.300966 4.300352 4.299986 4.299681 4.299285 4.298625 4.297442 4.295318 4.291573 4.285115 4.274243 4.256389 4.227799 4.183181 4.115371 4.015094 3.870967 3.669910 3.398167 3.043113 2.595844 2.054334 1.426436 0.731599 0.000000 
50.000000 43.996096 38.168520 32.678074 27.656789 23.198759 19.356066 16.139836 13.525622 11.461710 9.878717 8.698950 7.844396 7.242647 6.830611 6.556191 6.378372 6.266233 6.197388 6.156229 6.132259 6.118655 6.111129 6.107065 6.104918 6.103796 6.103195 6.102819 6.102478 6.102004 6.101189 6.099713 6.097049 6.092327 6.084146 6.070301 6.047425 6.010542 5.952540 5.863623 5.730855 5.537967 5.265687 4.892942 4.399281 3.768746 2.995048 2.087119 1.073103 0.000000 
50.000000 44.317677 38.802232 33.605853 28.853495 24.634212 20.997298 17.953286 15.479041 13.525622 12.027364 10.910741 10.101918 9.532366 9.142373 8.882631 8.714321 8.608178 8.543013 8.504054 8.481364 8.468487 8.461361 8.457513 8.455478 8.454411 8.453829 8.453448 8.453074 8.452525 8.451560 8.449796 8.446595 8.440899 8.430981 8.414102 8.386039 8.340466 8.268209 8.156397 7.987655 7.739520 7.384466 6.891034 6.226771 5.363630 4.286148 3.001532 1.548616 0.000000 
50.000000 44.724984 39.604881 34.780965 30.369234 26.452356 23.076095 20.250229 17.953286 16.139836 14.748923 13.712294 12.961408 12.432649 12.070585 11.829442 11.673182 11.574637 11.514136 11.477965 11.456898 11.444942 11.438325 11.434751 11.432859 11.431862 11.431309 11.430931 11.430532 11.429921 11.428828 11.426819 11.423156 11.416606 11.405147 11.385538 11.352725 11.299044 11.213194 11.079014 10.874149 10.568820 10.125115 9.497522 8.635831 7.491889 6.031715 4.253184 2.205555 0.000000 
50.000000 45.226071 40.592336 36.226646 32.233977 28.689145 25.633567 23.076095 20.997298 19.356066 18.097235 17.159038 16.479445 16.000886 15.673192 15.454938 15.313508 15.224315 15.169555 15.136816 15.117747 15.106925 15.100936 15.097699 15.095984 15.095076 15.094564 15.094198 15.093789 15.093141 15.091968 15.089797 15.085824 15.078690 15.066149 15.044571 15.008234 14.948338 14.851699 14.699068 14.463124 14.106264 13.578573 12.816784 11.745787 10.285383 8.366208 5.958739 3.114201 0.000000 
50.000000 45.824743 41.772096 37.953874 34.461888 31.361571 28.689145 26.452356 24.634212 23.198759 22.097754 21.277178 20.682781 20.264210 19.977592 19.786693 19.662989 19.584974 19.537076 19.508438 19.491759 19.482292 19.477053 19.474221 19.472718 19.471919 19.471462 19.471121 19.470723 19.470074 19.468889 19.466684 19.462635 19.455337 19.442449 19.420158 19.382389 19.319674 19.217592 19.054642 18.799478 18.407441 17.816525 16.943359 15.680785 13.900814 11.470545 8.293667 4.390093 0.000000 
50.000000 46.519264 43.140740 39.957643 37.046509 34.461888 32.233977 30.369234 28.853495 27.656789 26.738901 26.054796 25.559250 25.210288 24.971332 24.812177 24.709042 24.643998 24.604064 24.580187 24.566281 24.558387 24.554018 24.551656 24.550402 24.549732 24.549344 24.549044 24.548680 24.548077 24.546964 24.544889 24.541064 24.534145 24.521879 24.500564 24.464241 24.403512 24.303830 24.143057 23.888043 23.489864 22.877345 21.948594 20.561073 18.523254 15.598030 11.544178 6.248352 0.000000 
50.000000 47.301519 44.682278 42.214541 39.957643 37.953874 36.226646 34.780965 33.605853 32.678074 31.966453 31.436077 31.051885 30.781337 30.596074 30.472681 30.392719 30.342289 30.311327 30.292815 30.282033 30.275912 30.272525 30.270693 30.269719 30.269197 30.268891 30.268648 30.268346 30.267835 30.266891 30.265122 30.261854 30.255926 30.245380 30.226980 30.195470 30.142471 30.054822 29.912118 29.683027 29.319705 28.749250 27.860437 26.483329 24.359613 21.107270 16.209556 9.146872 0.000000 
50.000000 48.156851 46.367824 44.682278 43.140740 41.772096 40.592336 39.604881 38.802232 38.168520 37.682451 37.320178 37.057756 36.872957 36.746412 36.662127 36.607507 36.573060 36.551911 36.539266 36.531900 36.527720 36.525406 36.524154 36.523488 36.523131 36.522919 36.522748 36.522530 36.522159 36.521470 36.520178 36.517785 36.513436 36.505678 36.492100 36.468760 36.429315 36.363688 36.256014 36.081401 35.800699 35.351697 34.633597 33.478428 31.596562 28.472722 23.183912 14.202655 0.000000 
50.000000 49.064693 48.156851 47.301519 46.519264 45.824743 45.226071 44.724984 44.317677 43.996096 43.749437 43.565599 43.432431 43.338653 43.274436 43.231664 43.203947 43.186466 43.175733 43.169316 43.165579 43.163457 43.162282 43.161647 43.161309 43.161127 43.161019 43.160931 43.160816 43.160621 43.160258 43.159575 43.158309 43.156005 43.151889 43.144670 43.132230 43.111143 43.075923 43.017838 42.922993 42.769061 42.519429 42.111871 41.434650 40.270912 38.154648 33.954196 24.532347 0.000000 
50.000000 50.000000 50.000000 50.000000 50.000000 50.000000 50.000000 50.000000 50.000000 50.000000 50.000000 50.000000 50.000000 50.000000 50.000000 50.000000 50.000000 50.000000 50.000000 50.000000 50.000000 50.000000 50.000000 50.000000 50.000000 50.000000 50.000000 50.000000 50.000000 50.000000 50.000000 50.000000 50.000000 50.000000 50.000000 50.000000 50.000000 50.000000 50.000000 50.000000 50.000000 50.000000 50.000000 50.000000 50.000000 50.000000 50.000000 50.000000 50.000000 50.000000 
