50.000000 50.000000 50.000000 50.000000 50.000000 50.000000 50.000000 50.000000 50.000000 50.000000 50.000000 50.000000 50.000000 50.000000 50.000000 50.000000 50.000000 50.000000 50.000000 50.000000 50.000000 50.000000 50.000000 50.000000 50.000000 50.000000 50.000000 50.000000 50.000000 50.000000 50.000000 50.000000 50.000000 50.000000 50.000000 50.000000 50.000000 50.000000 50.000000 50.000000 50.000000 50.000000 50.000000 50.000000 50.000000 50.000000 50.000000 50.000000 50.000000 50.000000 
50.000000 44.364856 39.719867 36.538498 34.704742 33.802323 33.417811 33.274121 33.226488 33.212341 33.208544 33.207616 33.207408 33.207365 33.207357 33.207356 33.207355 33.207355 33.207355 33.207355 33.207355 33.207355 33.207355 33.207355 33.207355 33.207355 33.207355 33.207355 33.207355 33.207355 33.207355 33.207355 33.207355 33.207355 33.207355 33.207355 33.207355 33.207352 33.207338 33.207267 33.206926 33.205422 33.199253 33.175810 33.093192 32.821934 31.983506 29.495588 22.182428 0.000000 
50.000000 39.719867 31.246631 25.444009 22.099929 20.454602 19.753709 19.491857 19.405080 19.379314 19.372400 19.370711 19.370333 19.370255 19.370240 19.370237 19.370237 19.370237 19.370237 19.370237 19.370237 19.370237 19.370237 19.370237 19.370237 19.370237 19.370237 19.370237 19.370237 19.370237 19.370237 19.370237 19.370237 19.370237 19.370237 19.370236 19.370236 19.370232 19.370213 19.370114 19.369648 19.367612 19.359395 19.328883 19.224980 18.901482 17.983517 15.623315 10.224279 0.000000 
50.000000 36.538498 25.444009 17.847515 13.470574 11.317638 10.400784 10.058363 9.944923 9.911254 9.902223 9.900017 9.899523 9.899422 9.899402 9.899399 9.899398 9.899398 9.899398 9.899398 9.899398 9.899398 9.899398 9.899398 9.899398 9.899398 9.899398 9.899398 9.899398 9.899398 9.899398 9.899398 9.899398 9.899398 9.899398 9.899398 9.899397 9.899394 9.899378 9.899295 9.898908 9.897236 9.890600 9.866523 9.787122 9.550954 8.923757 7.460493 4.554992 0.000000 
50.000000 34.704742 22.099929 13.470574 8.499527 6.054960 5.014201 4.625622 4.496933 4.458750 4.448512 4.446012 4.445453 4.445337 4.445315 4.445311 4.445311 4.445311 4.445311 4.445311 4.445311 4.445311 4.445311 4.445311 4.445311 4.445311 4.445311 4.445311 4.445311 4.445311 4.445311 4.445311 4.445311 4.445311 4.445311 4.445311 4.445310 4.445308 4.445298 4.445246 4.445008 4.443988 4.440002 4.425827 4.380318 4.249763 3.919620 3.198447 1.882808 0.000000 
50.000000 33.802323 20.454602 11.317638 6.054960 3.467447 2.366053 1.954927 1.818803 1.778424 1.767600 1.764958 1.764366 1.764244 1.764221 1.764217 1.764216 1.764216 1.764216 1.764216 1.764216 1.764216 1.764216 1.764216 1.764216 1.764216 1.764216 1.764216 1.764216 1.764216 1.764216 1.764216 1.764216 1.764216 1.764216 1.764216 1.764216 1.764215 1.764210 1.764184 1.764066 1.763567 1.761640 1.754901 1.733723 1.674642 1.530515 1.229621 0.709131 0.000000 
50.000000 33.417811 19.753709 10.400784 5.014201 2.366053 1.238988 0.818335 0.679076 0.637773 0.626703 0.624001 0.623397 0.623272 0.623249 0.623244 0.623244 0.623244 0.623244 0.623244 0.623244 0.623244 0.623244 0.623244 0.623244 0.623244 0.623244 0.623244 0.623244 0.623244 0.623244 0.623244 0.623244 0.623244 0.623244 0.623244 0.623243 0.623243 0.623241 0.623230 0.623181 0.622977 0.622194 0.619494 0.611153 0.588374 0.534261 0.424826 0.242001 0.000000 
50.000000 33.274121 19.491857 10.058363 4.625622 1.954927 0.818335 0.394154 0.253737 0.212094 0.200933 0.198209 0.197600 0.197475 0.197451 0.197446 0.197446 0.197446 0.197446 0.197446 0.197446 0.197446 0.197446 0.197446 0.197446 0.197446 0.197446 0.197446 0.197446 0.197446 0.197446 0.197446 0.197446 0.197446 0.197446 0.197446 0.197446 0.197445 0.197445 0.197441 0.197423 0.197351 0.197077 0.196141 0.193287 0.185619 0.167762 0.132463 0.074868 0.000000 
50.000000 33.226488 19.405080 9.944923 4.496933 1.818803 0.679076 0.253737 0.112940 0.071186 0.059996 0.057265 0.056655 0.056529 0.056505 0.056500 0.056500 0.056500 0.056500 0.056500 0.056500 0.056500 0.056500 0.056500 0.056500 0.056500 0.056500 0.056500 0.056500 0.056500 0.056500 0.056500 0.056500 0.056500 0.056500 0.056500 0.056500 0.056499 0.056499 0.056498 0.056493 0.056470 0.056386 0.056099 0.055236 0.052945 0.047688 0.037468 0.021066 0.000000 
50.000000 33.212341 19.379314 9.911254 4.458750 1.778424 0.637773 0.212094 0.071186 0.029399 0.018201 0.015468 0.014857 0.014731 0.014707 0.014702 0.014702 0.014702 0.014702 0.014702 0.014702 0.014702 0.014702 0.014702 0.014702 0.014702 0.014702 0.014702 0.014702 0.014702 0.014702 0.014702 0.014702 0.014702 0.014702 0.014702 0.014702 0.014702 0.014702 0.014701 0.014700 0.014693 0.014670 0.014592 0.014358 0.013742 0.012346 0.009666 0.005415 0.000000 
50.000000 33.208544 19.372400 9.902223 4.448512 1.767600 0.626703 0.200933 0.059996 0.018201 0.007000 0.004267 0.003655 0.003529 0.003505 0.003501 0.003500 0.003500 0.003500 0.003500 0.003500 0.003500 0.003500 0.003500 0.003500 0.003500 0.003500 0.003500 0.003500 0.003500 0.003500 0.003500 0.003500 0.003500 0.003500 0.003500 0.003500 0.003500 0.003500 0.003500 0.003500 0.003498 0.003492 0.003473 0.003415 0.003265 0.002928 0.002286 0.001278 0.000000 
50.000000 33.207616 19.370711 9.900017 4.446012 1.764958 0.624001 0.198209 0.057265 0.015468 0.004267 0.001533 0.000922 0.000796 0.000772 0.000767 0.000767 0.000767 0.000767 0.000767 0.000767 0.000767 0.000767 0.000767 0.000767 0.000767 0.000767 0.000767 0.000767 0.000767 0.000767 0.000767 0.000767 0.000767 0.000767 0.000767 0.000767 0.000767 0.000767 0.000767 0.000767 0.000766 0.000765 0.000760 0.000748 0.000714 0.000639 0.000498 0.000278 0.000000 
50.000000 33.207408 19.370333 9.899523 4.445453 1.764366 0.623397 0.197600 0.056655 0.014857 0.003655 0.000922 0.000311 0.000184 0.000160 0.000156 0.000155 0.000155 0.000155 0.000155 0.000155 0.000155 0.000155 0.000155 0.000155 0.000155 0.000155 0.000155 0.000155 0.000155 0.000155 0.000155 0.000155 0.000155 0.000155 0.000155 0.000155 0.000155 0.000155 0.000155 0.000155 0.000155 0.000155 0.000154 0.000151 0.000144 0.000129 0.000101 0.000056 0.000000 
50.000000 33.207365 19.370255 9.899422 4.445337 1.764244 0.623272 0.197475 0.056529 0.014731 0.003529 0.000796 0.000184 0.000058 0.000034 0.000030 0.000029 0.000029 0.000029 0.000029 0.000029 0.000029 0.000029 0.000029 0.000029 0.000029 0.000029 0.000029 0.000029 0.000029 0.000029 0.000029 0.000029 0.000029 0.000029 0.000029 0.000029 0.000029 0.000029 0.000029 0.000029 0.000029 0.000029 0.000029 0.000028 0.000027 0.000024 0.000019 0.000010 0.000000 
50.000000 33.207357 19.370240 9.899402 4.445315 1.764221 0.623249 0.197451 0.056505 0.014707 0.003505 0.000772 0.000160 0.000034 0.000010 0.000006 0.000005 0.000005 0.000005 0.000005 0.000005 0.000005 0.000005 0.000005 0.000005 0.000005 0.000005 0.000005 0.000005 0.000005 0.000005 0.000005 0.000005 0.000005 0.000005 0.000005 0.000005 0.000005 0.000005 0.000005 0.000005 0.000005 0.000005 0.000005 0.000005 0.000005 0.000004 0.000003 0.000002 0.000000 
50.000000 33.207356 19.370237 9.899399 4.445311 1.764217 0.623244 0.197446 0.056500 0.014702 0.003501 0.000767 0.000156 0.000030 0.000006 0.000002 0.000001 0.000001 0.000001 0.000001 0.000001 0.000001 0.000001 0.000001 0.000001 0.000001 0.000001 0.000001 0.000001 0.000001 0.000001 0.000001 0.000001 0.000001 0.000001 0.000001 0.000001 0.000001 0.000001 0.000001 0.000001 0.000001 0.000001 0.000001 0.000001 0.000001 0.000001 0.000001 0.000000 0.000000 
50.000000 33.207355 19.370237 9.899398 4.445311 1.764216 0.623244 0.197446 0.056500 0.014702 0.003500 0.000767 0.000155 0.000029 0.000005 0.000001 0.000000 0.000000 0.000000 0.000000 0.000000 0.000000 0.000000 0.000000 0.000000 0.000000 0.000000 0.000000 0.000000 0.000000 0.000000 0.000000 0.000000 0.000000 0.000000 0.000000 0.000000 0.000000 0.000000 0.000000 0.000000 0.000000 0.000000 0.000000 0.000000 0.000000 0.000000 0.000000 0.000000 0.000000 
50.000000 33.207355 19.370237 9.899398 4.445311 1.764216 0.623244 0.197446 0.056500 0.014702 0.003500 0.000767 0.000155 0.000029 0.000005 0.000001 0.000000 0.000000 0.000000 0.000000 0.000000 0.000000 0.000000 0.000000 0.000000 0.000000 0.000000 0.000000 0.000000 0.000000 0.000000 0.000000 0.000000 0.000000 0.000000 0.000000 0.000000 0.000000 0.000000 0.000000 0.000000 0.000000 0.000000 0.000000 0.000000 0.000000 0.000000 0.000000 0.000000 0.000000 
50.000000 33.207355 19.370237 9.899398 4.445311 1.764216 0.623244 0.197446 0.056500 0.014702 0.003500 0.000767 0.000155 0.000029 0.000005 0.000001 0.000000 0.000000 0.000000 0.000000 0.000000 0.000000 0.000000 0.000000 0.000000 0.000000 0.000000 0.000000 0.000000 0.000000 0.000000 0.000000 0.000000 0.000000 0.000000 0.000000 0.000000 0.000000 0.000000 0.000000 0.000000 0.000000 0.000000 0.000000 0.000000 0.000000 0.000000 0.000000 0.000000 0.000000 
50.000000 33.207355 19.370237 9.899398 4.445311 1.764216 0.623244 0.197446 0.056500 0.014702 0.003500 0.000767 0.000155 0.000029 0.000005 0.000001 0.000000 0.000000 0.000000 0.000000 0.000000 0.000000 0.000000 0.000000 0.000000 0.000000 0.000000 0.000000 0.000000 0.000000 0.000000 0.000000 0.000000 0.000000 0.000000 0.000000 0.000000 0.000000 0.000000 0.000000 0.000000 0.000000 0.000000 0.000000 0.000000 0.000000 0.000000 0.000000 0.000000 0.000000 
50.000000 33.207355 19.370237 9.899398 4.445311 1.764216 0.623244 0.197446 0.056500 0.014702 0.003500 0.000767 0.000155 0.000029 0.000005 0.000001 0.000000 0.000000 0.000000 0.000000 0.000000 0.000000 0.000000 0.000000 0.000000 0.000000 0.000000 0.000000 0.000000 0.000000 0.000000 0.000000 0.000000 0.000000 0.000000 0.000000 0.000000 0.000000 0.000000 0.000000 0.000000 0.000000 0.000000 0.000000 0.000000 0.000000 0.000000 0.000000 0.000000 0.000000 
50.000000 33.207355 19.370237 9.899398 4.445311 1.764216 0.623244 0.197446 0.056500 0.014702 0.003500 0.000767 0.000155 0.000029 0.000005 0.000001 0.000000 0.000000 0.000000 0.000000 0.000000 0.000000 0.000000 0.000000 0.000000 0.000000 0.000000 0.000000 0.000000 0.000000 0.000000 0.000000 0.000000 0.000000 0.000000 0.000000 0.000000 0.000000 0.000000 0.000000 0.000000 0.000000 0.000000 0.000000 0.000000 0.000000 0.000000 0.000000 0.000000 0.000000 
50.000000 33.207355 19.370237 9.899398 4.445311 1.764216 0.623244 0.197446 0.056500 0.014702 0.003500 0.000767 0.000155 0.000029 0.000005 0.000001 0.000000 0.000000 0.000000 0.000000 0.000000 0.000000 0.000000 0.000000 0.000000 0.000000 0.000000 0.000000 0.000000 0.000000 0.000000 0.000000 0.000000 0.000000 0.000000 0.000000 0.000000 0.000000 0.000000 0.000000 0.000000 0.000000 0.000000 0.000000 0.000000 0.000000 0.000000 0.000000 0.000000 0.000000 
50.000000 33.207355 19.370237 9.899398 4.445311 1.764216 0.623244 0.197446 0.056500 0.014702 0.003500 0.000767 0.000155 0.000029 0.000005 0.000001 0.000000 0.000000 0.000000 0.000000 0.000000 0.000000 0.000000 0.000000 0.000000 0.000000 0.000000 0.000000 0.000000 0.000000 0.000000 0.000000 0.000000 0.000000 0.000000 0.000000 0.000000 0.000000 0.000000 0.000000 0.000000 0.000000 0.000000 0.000000 0.000000 0.000000 0.000000 0.000000 0.000000 0.000000 
50.000000 33.207355 19.370237 9.899398 4.445311 1.764216 0.623244 0.197446 0.056500 0.014702 0.003500 0.000767 0.000155 0.000029 0.000005 0.000001 0.000000 0.000000 0.000000 0.000000 0.000000 0.000000 0.000000 0.000000 0.000000 0.000000 0.000000 0.000000 0.000000 0.000000 0.000000 0.000000 0.000000 0.000000 0.000000 0.000000 0.000000 0.000000 0.000000 0.000000 0.000000 0.000000 0.000000 0.000000 0.000000 0.000000 0.000000 0.000000 0.000000 0.000000 
50.000000 33.207355 19.370237 9.899398 4.445311 1.764216 0.623244 0.197446 0.056500 0.014702 0.003500 0.000767 0.000155 0.000029 0.000005 0.000001 0.000000 0.000000 0.000000 0.000000 0.000000 0.000000 0.000000 0.000000 0.000000 0.000000 0.000000 0.000000 0.000000 0.000000 0.000000 0.000000 0.000000 0.000000 0.000000 0.000000 0.000000 0.000000 0.000000 0.000000 0.000000 0.000000 0.000000 0.000000 0.000000 0.000000 0.000000 0.000000 0.000000 0.000000 
50.000000 33.207355 19.370237 9.899398 4.445311 1.764216 0.623244 0.197446 0.056500 0.014702 0.003500 0.000767 0.000155 0.000029 0.000005 0.000001 0.000000 0.000000 0.000000 0.000000 0.000000 0.000000 0.000000 0.000000 0.000000 0.000000 0.000000 0.000000 0.000000 0.000000 0.000000 0.000000 0.000000 0.000000 0.000000 0.000000 0.000000 0.000000 0.000000 0.000000 0.000000 0.000000 0.000000 0.000000 0.000000 0.000000 0.000000 0.000000 0.000000 0.000000 
50.000000 33.207355 19.370237 9.899398 4.445311 1.764216 0.623244 0.197446 0.056500 0.014702 0.003500 0.000767 0.000155 0.000029 0.000005 0.000001 0.000000 0.000000 0.000000 0.000000 0.000000 0.000000 0.000000 0.000000 0.000000 0.000000 0.000000 0.000000 0.000000 0.000000 0.000000 0.000000 0.000000 0.000000 0.000000 0.000000 0.000000 0.000000 0.000000 0.000000 0.000000 0.000000 0.000000 0.000000 0.000000 0.000000 0.000000 0.000000 0.000000 0.000000 
50.000000 33.207355 19.370237 9.899398 4.445311 1.764216 0.623244 0.197446 0.056500 0.014702 0.003500 0.000767 0.000155 0.000029 0.000005 0.000001 0.000000 0.000000 0.000000 0.000000 0.000000 0.000000 0.000000 0.000000 0.000000 0.000000 0.000000 0.000000 0.000000 0.000000 0.000000 0.000000 0.000000 0.000000 0.000000 0.000000 0.000000 0.000000 0.000000 0.000000 0.000000 0.000000 0.000000 0.000000 0.000000 0.000000 0.000000 0.000000 0.000000 0.000000 
50.000000 33.207355 19.370237 9.899398 4.445311 1.764216 0.623244 0.197446 0.056500 0.014702 0.003500 0.000767 0.000155 0.000029 0.000005 0.000001 0.000000 0.000000 0.000000 0.000000 0.000000 0.000000 0.000000 0.000000 0.000000 0.000000 0.000000 0.000000 0.000000 0.000000 0.000000 0.000000 0.000000 0.000000 0.000000 0.000000 0.000000 0.000000 0.000000 0.000000 0.000000 0.000000 0.000000 0.000000 0.000000 0.000000 0.000000 0.000000 0.000000 0.000000 
50.000000 33.207355 19.370237 9.899398 4.445311 1.764216 0.623244 0.197446 0.056500 0.014702 0.003500 0.000767 0.000155 0.000029 0.000005 0.000001 0.000000 0.000000 0.000000 0.000000 0.000000 0.000000 0.000000 0.000000 0.000000 0.000000 0.000000 0.000000 0.000000 0.000000 0.000000 0.000000 0.000000 0.000000 0.000000 0.000000 0.000000 0.000000 0.000000 0.000000 0.000000 0.000000 0.000000 0.000000 0.000000 0.000000 0.000000 0.000000 0.000000 0.000000 
50.000000 33.207355 19.370237 9.899398 4.445311 1.764216 0.623244 0.197446 0.056500 0.014702 0.003500 0.000767 0.000155 0.000029 0.000005 0.000001 0.000000 0.000000 0.000000 0.000000 0.000000 0.000000 0.000000 0.000000 0.000000 0.000000 0.000000 0.000000 0.000000 0.000000 0.000000 0.000000 0.000000 0.000000 0.000000 0.000000 0.000000 0.000000 0.000000 0.000000 0.000000 0.000000 0.000000 0.000000 0.000000 0.000000 0.000000 0.000000 0.000000 0.000000 
50.000000 33.207355 19.370237 9.899398 4.445311 1.764216 0.623244 0.197446 0.056500 0.014702 0.003500 0.000767 0.000155 0.000029 0.000005 0.000001 0.000000 0.000000 0.000000 0.000000 0.000000 0.000000 0.000000 0.000000 0.000000 0.000000 0.000000 0.000000 0.000000 0.000000 0.000000 0.000000 0.000000 0.000000 0.000000 0.000000 0.000000 0.000000 0.000000 0.000000 0.000000 0.000000 0.000000 0.000000 0.000000 0.000000 0.000000 0.000000 0.000000 0.000000 
50.000000 33.207355 19.370237 9.899398 4.445311 1.764216 0.623244 0.197446 0.056500 0.014702 0.003500 0.000767 0.000155 0.000029 0.000005 0.000001 0.000000 0.000000 0.000000 0.000000 0.000000 0.000000 0.000000 0.000000 0.000000 0.000000 0.000000 0.000000 0.000000 0.000000 0.000000 0.000000 0.000000 0.000000 0.000000 0.000000 0.000000 0.000000 0.000000 0.000000 0.000000 0.000000 0.000000 0.000000 0.000000 0.000000 0.000000 0.000000 0.000000 0.000000 
50.000000 33.207356 19.370237 9.899399 4.445311 1.764217 0.623244 0.197446 0.056500 0.014702 0.003501 0.000767 0.000156 0.000030 0.000006 0.000002 0.000001 0.000001 0.000001 0.000001 0.000001 0.000001 0.000001 0.000001 0.000001 0.000001 0.000001 0.000001 0.000001 0.000001 0.000001 0.000001 0.000001 0.000001 0.000001 0.000001 0.000001 0.000001 0.000001 0.000001 0.000001 0.000001 0.000001 0.000001 0.000001 0.000001 0.000001 0.000001 0.000000 0.000000 
50.000000 33.207357 19.370240 9.899402 4.445315 1.764221 0.623249 0.197451 0.056505 0.014707 0.003505 0.000772 0.000160 0.000034 0.000010 0.000006 0.000005 0.000005 0.000005 0.000005 0.000005 0.000005 0.000005 0.000005 0.000005 0.000005 0.000005 0.000005 0.000005 0.000005 0.000005 0.000005 0.000005 0.000005 0.000005 0.000005 0.000005 0.000005 0.000005 0.000005 0.000005 0.000005 0.000005 0.000005 0.000005 0.000005 0.000004 0.000003 0.000002 0.000000 
50.000000 33.207365 19.370255 9.899422 4.445337 1.764244 0.623272 0.197475 0.056529 0.014731 0.003529 0.000796 0.000184 0.000058 0.000034 0.000030 0.000029 0.000029 0.000029 0.000029 0.000029 0.000029 0.000029 0.000029 0.000029 0.000029 0.000029 0.000029 0.000029 0.000029 0.000029 0.000029 0.000029 0.000029 0.000029 0.000029 0.000029 0.000029 0.000029 0.000029 0.000029 0.000029 0.000029 0.000029 0.000028 0.000027 0.000024 0.000019 0.000010 0.000000 
50.000000 33.207408 19.370333 9.899523 4.445453 1.764366 0.623397 0.197600 0.056655 0.014857 0.003655 0.000922 0.000311 0.000184 0.000160 0.000156 0.000155 0.000155 0.000155 0.000155 0.000155 0.000155 0.000155 0.000155 0.000155 0.000155 0.000155 0.000155 0.000155 0.000155 0.000155 0.000155 0.000155 0.000155 0.000155 0.000155 0.000155 0.000155 0.000155 0.000155 0.000155 0.000155 0.000155 0.000154 0.000151 0.000144 0.000129 0.000101 0.000056 0.000000 
50.000000 33.207616 19.370711 9.900017 4.446012 1.764958 0.624001 0.198209 0.057265 0.015468 0.004267 0.001533 0.000922 0.000796 0.000772 0.000767 0.000767 0.000767 0.000767 0.000767 0.000767 0.000767 0.000767 0.000767 0.000767 0.000767 0.000767 0.000767 0.000767 0.000767 0.000767 0.000767 0.000767 0.000767 0.000767 0.000767 0.000767 0.000767 0.000767 0.000767 0.000767 0.000766 0.000765 0.000760 0.000748 0.000714 0.000639 0.000498 0.000278 0.000000 
50.000000 33.208544 19.372400 9.902223 4.448512 1.767600 0.626703 0.200933 0.059996 0.018201 0.007000 0.004267 0.003655 0.003529 0.003505 0.003501 0.003500 0.003500 0.003500 0.003500 0.003500 0.003500 0.003500 0.003500 0.003500 0.003500 0.003500 0.003500 0.003500 0.003500 0.003500 0.003500 0.003500 0.003500 0.003500 0.003500 0.003500 0.003500 0.003500 0.003500 0.003500 0.003498 0.003492 0.003473 0.003415 0.003265 0.002928 0.002286 0.001278 0.000000 
50.000000 33.212341 19.379314 9.911254 4.458750 1.778424 0.637773 0.212094 0.071186 0.029399 0.018201 0.015468 0.014857 0.014731 0.014707 0.014702 0.014702 0.014702 0.014702 0.014702 0.014702 0.014702 0.014702 0.014702 0.014702 0.014702 0.014702 0.014702 0.014702 0.014702 0.014702 0.014702 0.014702 0.014702 0.014702 0.014702 0.014702 0.014702 0.014702 0.014701 0.014700 0.014693 0.014670 0.014592 0.014358 0.013742 0.012346 0.009666 0.005415 0.000000 
50.000000 33.226488 19.405080 9.944923 4.496933 1.818803 0.679076 0.253737 0.112940 0.071186 0.059996 0.057265 0.056655 0.056529 0.056505 0.056500 0.056500 0.056500 0.056500 0.056500 0.056500 0.056500 0.056500 0.056500 0.056500 0.056500 0.056500 0.056500 0.056500 0.056500 0.056500 0.056500 0.056500 0.056500 0.056500 0.056500 0.056500 0.056499 0.056499 0.056498 0.056493 0.056470 0.056386 0.056099 0.055236 0.052945 0.047688 0.037468 0.021066 0.000000 
50.000000 33.274121 19.491857 10.058363 4.625622 1.954927 0.818335 0.394154 0.253737 0.212094 0.200933 0.198209 0.197600 0.197475 0.197451 0.197446 0.197446 0.197446 0.197446 0.197446 0.197446 0.197446 0.197446 0.197446 0.197446 0.197446 0.197446 0.197446 0.197446 0.197446 0.197446 0.197446 0.197446 0.197446 0.197446 0.197446 0.197446 0.197445 0.197445 0.197441 0.197423 0.197351 0.197077 0.196141 0.193287 0.185619 0.167762 0.132463 0.074868 0.000000 
50.000000 33.417811 19.753709 10.400784 5.014201 2.366053 1.238988 0.818335 0.679076 0.637773 0.626703 0.624001 0.623397 0.623272 0.623249 0.623244 0.623244 0.623244 0.623244 0.623244 0.623244 0.623244 0.623244 0.623244 0.623244 0.623244 0.623244 0.623244 0.623244 0.623244 0.623244 0.623244 0.623244 0.623244 0.623244 0.623244 0.623243 0.623243 0.623241 0.623230 0.623181 0.622977 0.622194 0.619494 0.611153 0.588374 0.534261 0.424826 0.242001 0.000000 
50.000000 33.802323 20.454602 11.317638 6.054960 3.467447 2.366053 1.954927 1.818803 1.778424 1.767600 1.764958 1.764366 1.764244 1.764221 1.764217 1.764216 1.764216 1.764216 1.764216 1.764216 1.764216 1.764216 1.764216 1.764216 1.764216 1.764216 1.764216 1.764216 1.764216 1.764216 1.764216 1.764216 1.764216 1.764216 1.764216 1.764216 1.764215 1.764210 1.764184 1.764066 1.763567 1.761640 1.754901 1.733723 1.674642 1.530515 1.229621 0.709131 0.000000 
50.000000 34.704742 22.099929 13.470574 8.499527 6.054960 5.014201 4.625622 4.496933 4.458750 4.448512 4.446012 4.445453 4.445337 4.445315 4.445311 4.445311 4.445311 4.445311 4.445311 4.445311 4.445311 4.445311 4.445311 4.445311 4.445311 4.445311 4.445311 4.445311 4.445311 4.445311 4.445311 4.445311 4.445311 4.445311 4.445311 4.445310 4.445308 4.445298 4.445246 4.445008 4.443988 4.440002 4.425827 4.380318 4.249763 3.919620 3.198447 1.882808 0.000000 
50.000000 36.538498 25.444009 17.847515 13.470574 11.317638 10.400784 10.058363 9.944923 9.911254 9.902223 9.900017 9.899523 9.899422 9.899402 9.899399 9.899398 9.899398 9.899398 9.899398 9.899398 9.899398 9.899398 9.899398 9.899398 9.899398 9.899398 9.899398 9.899398 9.899398 9.899398 9.899398 9.899398 9.899398 9.899398 9.899398 9.899397 9.899394 9.899378 9.899295 9.898908 9.897236 9.890600 9.866523 9.787122 9.550954 8.923757 7.460493 4.554992 0.000000 
50.000000 39.719867 31.246631 25.444009 22.099929 20.454602 19.753709 19.491857 19.405080 19.379314 19.372400 19.370711 19.370333 19.370255 19.370240 19.370237 19.370237 19.370237 19.370237 19.370237 19.370237 19.370237 19.370237 19.370237 19.370237 19.370237 19.370237 19.370237 19.370237 19.370237 19.370237 19.370237 19.370237 19.370237 19.370237 19.370236 19.370236 19.370232 19.370213 19.370114 19.369648 19.367612 19.359395 19.328883 19.224980 18.901482 17.983517 15.623315 10.224279 0.000000 
50.000000 44.364856 39.719867 36.538498 34.704742 33.802323 33.417811 33.274121 33.226488 33.212341 33.208544 33.207616 33.207408 33.207365 33.207357 33.207356 33.207355 33.207355 33.207355 33.207355 33.207355 33.207355 33.207355 33.207355 33.207355 33.207355 33.207355 33.207355 33.207355 33.207355 33.207355 33.207355 33.207355 33.207355 33.207355 33.207355 33.207355 33.207352 33.207338 33.207267 33.206926 33.205422 33.199253 33.175810 33.093192 32.821934 31.983506 29.495588 22.182428 0.000000 
50.000000 50.000000 50.000000 50.000000 50.000000 50.000000 50.000000 50.000000 50.000000 50.000000 50.000000 50.000000 50.000000 50.000000 50.000000 50.000000 50.000000 50.000000 50.000000 50.000000 50.000000 50.000000 50.000000 50.000000 50.000000 50.000000 50.000000 50.000000 50.000000 50.000000 50.000000 50.000000 50.000000 50.000000 50.000000 50.000000 50.000000 50.000000 50.000000 50.000000 50.000000 50.000000 50.000000 50.000000 50.000000 50.000000 50.000000 50.000000 50.000000 50.000000 
