50.000000 50.000000 50.000000 50.000000 50.000000 50.000000 50.000000 50.000000 50.000000 50.000000 50.000000 50.000000 50.000000 50.000000 50.000000 50.000000 50.000000 50.000000 50.000000 50.000000 50.000000 50.000000 50.000000 50.000000 50.000000 50.000000 50.000000 50.000000 50.000000 50.000000 50.000000 50.000000 50.000000 50.000000 50.000000 50.000000 50.000000 50.000000 50.000000 50.000000 50.000000 50.000000 50.000000 50.000000 50.000000 50.000000 50.000000 50.000000 50.000000 50.000000 
50.000000 48.995008 48.021723 47.108855 46.279585 45.549887 44.927866 44.414119 44.002919 43.683905 43.443956 43.268935 43.145099 43.060081 43.003427 42.966772 42.943738 42.929675 42.921329 42.916513 42.913811 42.912334 42.911549 42.911142 42.910935 42.910828 42.910767 42.910716 42.910647 42.910520 42.910274 42.909793 42.908870 42.907132 42.903927 42.898136 42.887869 42.869997 42.839398 42.787768 42.701672 42.559258 42.324340 41.935021 41.279735 40.141584 38.054266 33.885572 24.497504 0.000000 
50.000000 48.021723 46.105862 44.308927 42.676555 41.240185 40.015773 39.004495 38.195075 37.567119 37.094799 36.750285 36.506525 36.339175 36.227658 36.155508 36.110168 36.082486 36.066058 36.056579 36.051259 36.048354 36.046809 36.046007 36.045599 36.045390 36.045270 36.045172 36.045040 36.044801 36.044337 36.043430 36.041691 36.038422 36.032405 36.021551 36.002358 35.969048 35.912244 35.816887 35.658974 35.400256 34.979337 34.296050 33.182747 31.349718 28.281128 23.052931 14.136152 0.000000 
50.000000 47.108855 44.308927 41.682808 39.297190 37.198024 35.408626 33.930713 32.747806 31.830099 31.139844 30.636370 30.280140 30.035576 29.872608 29.767169 29.700912 29.660458 29.636452 29.622600 29.614826 29.610581 29.608323 29.607152 29.606556 29.606251 29.606078 29.605940 29.605758 29.605432 29.604798 29.603565 29.601204 29.596776 29.588644 29.574024 29.548269 29.503784 29.428376 29.302764 29.096847 28.764030 28.232545 27.392040 26.073027 24.017079 20.841404 16.027799 9.054588 0.000000 
50.000000 46.279585 42.676555 39.297190 36.227318 33.526065 31.223436 29.321640 27.799467 26.618563 25.730350 25.082487 24.624101 24.309405 24.099705 23.964032 23.878777 23.826725 23.795836 23.778013 23.768010 23.762548 23.759643 23.758136 23.757370 23.756980 23.756761 23.756593 23.756376 23.755993 23.755254 23.753819 23.751079 23.745954 23.736574 23.719779 23.690337 23.639789 23.554743 23.414407 23.187104 22.825402 22.259481 21.388495 20.070442 18.113659 15.280112 11.326837 6.138001 0.000000 
50.000000 45.549887 41.240185 37.198024 33.526065 30.295033 27.540815 25.266052 23.445372 22.032895 20.970512 20.195616 19.647354 19.270959 19.020148 18.857879 18.755912 18.693657 18.656714 18.635398 18.623436 18.616903 18.613429 18.611628 18.610713 18.610248 18.609993 18.609802 18.609568 18.609162 18.608383 18.606875 18.604005 18.598655 18.588905 18.571526 18.541235 18.489586 18.403411 18.262674 18.037629 17.685236 17.144968 16.334585 15.147516 13.455623 11.124998 8.057438 4.270152 0.000000 
50.000000 44.927866 40.015773 35.408626 31.223436 27.540815 24.401665 21.808993 19.733878 18.124021 16.913191 16.030027 15.405167 14.976191 14.690346 14.505413 14.389205 14.318256 14.276155 14.251864 14.238231 14.230787 14.226828 14.224776 14.223735 14.223209 14.222924 14.222722 14.222485 14.222085 14.221324 14.219859 14.217079 14.211917 14.202550 14.185942 14.157170 14.108469 14.027924 13.897767 13.692295 13.375547 12.899099 12.200832 11.206230 9.834941 8.016586 5.719723 2.992845 0.000000 
50.000000 44.414119 39.004495 33.930713 29.321640 25.266052 21.808993 18.953773 16.668534 14.895679 13.562263 12.589695 11.901587 11.429195 11.114423 10.910778 10.782814 10.704689 10.658330 10.631582 10.616572 10.608374 10.604016 10.601758 10.600613 10.600036 10.599730 10.599524 10.599297 10.598926 10.598229 10.596893 10.594368 10.589700 10.581269 10.566400 10.540805 10.497803 10.427306 10.314565 10.138770 9.871707 9.476886 8.909895 8.121084 7.062159 5.698169 4.025158 2.089780 0.000000 
50.000000 44.002919 38.195075 32.747806 27.799467 23.445372 19.733878 16.668534 14.215134 12.311837 10.880323 9.836214 9.097497 8.590367 8.252453 8.033837 7.896468 7.812602 7.762837 7.734125 7.718012 7.709213 7.704535 7.702112 7.700885 7.700270 7.699949 7.699744 7.699535 7.699208 7.698603 7.697451 7.695283 7.691292 7.684118 7.671536 7.650015 7.614123 7.555783 7.463405 7.321014 7.107567 6.796827 6.358331 5.760136 4.974065 3.983776 2.794819 1.443661 0.000000 
50.000000 43.683905 37.567119 31.830099 26.618563 22.032895 18.124021 14.895679 12.311837 10.307359 8.799757 7.700161 6.922195 6.388125 6.032264 5.802040 5.657379 5.569062 5.516657 5.486422 5.469455 5.460190 5.455264 5.452713 5.451422 5.450778 5.450448 5.450247 5.450061 5.449785 5.449285 5.448340 5.446570 5.443325 5.437519 5.427394 5.410182 5.381680 5.335725 5.263633 5.153679 4.990822 4.756909 4.431726 3.995266 3.431459 2.733252 1.908145 0.982232 0.000000 
50.000000 43.443956 37.094799 31.139844 25.730350 20.970512 16.913191 13.562263 10.880323 8.799757 7.234940 6.093622 5.286144 4.731820 4.362467 4.123518 3.973375 3.881713 3.827323 3.795944 3.778335 3.768719 3.763608 3.760961 3.759623 3.758957 3.758621 3.758428 3.758265 3.758041 3.757645 3.756904 3.755523 3.753003 3.748516 3.740731 3.727576 3.705940 3.671319 3.617470 3.536124 3.416918 3.247698 3.015425 2.707838 2.315942 1.837080 1.277912 0.656188 0.000000 
50.000000 43.268935 36.750285 30.636370 25.082487 20.195616 16.030027 12.589695 9.836214 7.700161 6.093622 4.921882 4.092887 3.523796 3.144607 2.899297 2.745159 2.651059 2.595224 2.563010 2.544933 2.535063 2.529816 2.527099 2.525727 2.525046 2.524707 2.524522 2.524380 2.524203 2.523902 2.523344 2.522312 2.520436 2.517112 2.511374 2.501734 2.485977 2.460941 2.422303 2.364436 2.280431 2.162389 2.002103 1.792204 1.527744 1.207994 0.838041 0.429537 0.000000 
50.000000 43.145099 36.506525 30.280140 24.624101 19.647354 15.405167 11.901587 9.097497 6.922195 5.286144 4.092887 3.248674 2.669141 2.282997 2.033189 1.876227 1.780403 1.723546 1.690743 1.672335 1.662284 1.656942 1.654176 1.652780 1.652089 1.651749 1.651570 1.651447 1.651310 1.651088 1.650685 1.649943 1.648602 1.646235 1.642170 1.635376 1.624337 1.606910 1.580204 1.540515 1.483374 1.403784 1.296698 1.157768 0.984311 0.776356 0.537477 0.275102 0.000000 
50.000000 43.060081 36.339175 30.035576 24.309405 19.270959 14.976191 11.429195 8.590367 6.388125 4.731820 3.523796 2.669141 2.082442 1.691527 1.438634 1.279733 1.182728 1.125169 1.091962 1.073328 1.063154 1.057746 1.054946 1.053533 1.052836 1.052495 1.052322 1.052214 1.052109 1.051950 1.051669 1.051156 1.050232 1.048610 1.045835 1.041221 1.033764 1.022062 1.004244 0.977943 0.940352 0.888390 0.819021 0.729724 0.619068 0.487308 0.336817 0.172211 0.000000 
50.000000 43.003427 36.227658 29.872608 24.099705 19.020148 14.690346 11.114423 8.252453 6.032264 4.362467 3.144607 2.282997 1.691527 1.297433 1.042486 0.882296 0.784504 0.726478 0.693002 0.674218 0.663961 0.658509 0.655687 0.654264 0.653562 0.653221 0.653053 0.652957 0.652875 0.652764 0.652574 0.652231 0.651618 0.650544 0.648717 0.645692 0.640827 0.633233 0.621736 0.604870 0.580916 0.548024 0.504404 0.448622 0.379926 0.298584 0.206108 0.105291 0.000000 
50.000000 42.966773 36.155508 29.767170 23.964033 18.857879 14.505413 10.910778 8.033837 5.802040 4.123518 2.899297 2.033190 1.438634 1.042486 0.786211 0.625187 0.526886 0.468559 0.434909 0.416027 0.405717 0.400237 0.397401 0.395971 0.395266 0.394926 0.394761 0.394673 0.394609 0.394532 0.394407 0.394186 0.393792 0.393106 0.391942 0.390024 0.386954 0.382185 0.375002 0.364521 0.349719 0.329510 0.302863 0.268975 0.227458 0.178525 0.123103 0.062845 0.000000 
50.000000 42.943739 36.110168 29.700912 23.878777 18.755912 14.389205 10.782814 7.896469 5.657379 3.973375 2.745160 1.876227 1.279734 0.882297 0.625187 0.463640 0.365020 0.306504 0.272745 0.253802 0.243458 0.237961 0.235116 0.233681 0.232975 0.232635 0.232472 0.232390 0.232338 0.232285 0.232205 0.232066 0.231821 0.231397 0.230680 0.229503 0.227626 0.224724 0.220374 0.214055 0.205177 0.193115 0.177289 0.157257 0.132824 0.104137 0.071746 0.036606 0.000000 
50.000000 42.929675 36.082486 29.660459 23.826725 18.693658 14.318257 10.704690 7.812604 5.569064 3.881715 2.651061 1.780405 1.182729 0.784505 0.526887 0.365021 0.266206 0.207574 0.173749 0.154768 0.144405 0.138897 0.136046 0.134608 0.133902 0.133562 0.133401 0.133323 0.133278 0.133241 0.133190 0.133105 0.132958 0.132703 0.132276 0.131575 0.130464 0.128751 0.126193 0.122496 0.117322 0.110323 0.101180 0.089654 0.075647 0.059255 0.040795 0.020805 0.000000 
50.000000 42.921330 36.066059 29.636454 23.795838 18.656716 14.276158 10.658333 7.762841 5.516661 3.827327 2.595228 1.723550 1.125173 0.726482 0.468563 0.306507 0.207577 0.148877 0.115012 0.096010 0.085634 0.080120 0.077265 0.075826 0.075119 0.074780 0.074620 0.074544 0.074505 0.074477 0.074445 0.074394 0.074308 0.074160 0.073912 0.073508 0.072869 0.071887 0.070427 0.068324 0.065393 0.061443 0.056302 0.049844 0.042021 0.032890 0.022630 0.011537 0.000000 
50.000000 42.916515 36.056582 29.622605 23.778018 18.635405 14.251871 10.631590 7.734134 5.486431 3.795953 2.563020 1.690753 1.091972 0.693012 0.434919 0.272754 0.173757 0.115018 0.081131 0.062116 0.051733 0.046215 0.043359 0.041919 0.041211 0.040872 0.040713 0.040639 0.040602 0.040581 0.040560 0.040530 0.040481 0.040397 0.040258 0.040032 0.039674 0.039128 0.038318 0.037155 0.035539 0.033369 0.030554 0.027029 0.022770 0.017811 0.012248 0.006242 0.000000 
50.000000 42.913814 36.051266 29.614837 23.768023 18.623451 14.238249 10.616591 7.718033 5.469476 3.778357 2.544956 1.672359 1.073352 0.674241 0.416051 0.253825 0.154791 0.096029 0.062130 0.043107 0.032721 0.027200 0.024343 0.022903 0.022195 0.021856 0.021697 0.021624 0.021589 0.021571 0.021557 0.021540 0.021512 0.021466 0.021390 0.021267 0.021072 0.020776 0.020339 0.019713 0.018845 0.017684 0.016182 0.014305 0.012043 0.009415 0.006472 0.003297 0.000000 
50.000000 42.912343 36.048370 29.610605 23.762578 18.616939 14.230828 10.608420 7.709262 5.460240 3.768772 2.535117 1.662339 1.063209 0.664016 0.405773 0.243514 0.144459 0.085686 0.051779 0.032753 0.022364 0.016843 0.013985 0.012545 0.011837 0.011498 0.011339 0.011266 0.011233 0.011216 0.011206 0.011196 0.011181 0.011156 0.011115 0.011050 0.010947 0.010790 0.010559 0.010230 0.009775 0.009168 0.008384 0.007408 0.006233 0.004870 0.003347 0.001705 0.000000 
50.000000 42.911569 36.046846 29.608377 23.759713 18.613512 14.226923 10.604120 7.704646 5.455380 3.763728 2.529939 1.657067 1.057872 0.658636 0.400365 0.238088 0.139023 0.080244 0.046333 0.027305 0.016915 0.011393 0.008535 0.007095 0.006387 0.006047 0.005889 0.005816 0.005784 0.005768 0.005760 0.005753 0.005745 0.005732 0.005710 0.005676 0.005622 0.005540 0.005420 0.005249 0.005014 0.004700 0.004296 0.003793 0.003190 0.002492 0.001712 0.000872 0.000000 
50.000000 42.911185 36.046091 29.607274 23.758293 18.611815 14.224988 10.601990 7.702360 5.452973 3.761230 2.527374 1.654455 1.055228 0.655971 0.397686 0.235401 0.136330 0.077548 0.043636 0.024606 0.014216 0.008694 0.005836 0.004395 0.003687 0.003348 0.003189 0.003117 0.003084 0.003070 0.003063 0.003058 0.003053 0.003045 0.003034 0.003015 0.002986 0.002942 0.002877 0.002785 0.002659 0.002492 0.002276 0.002009 0.001689 0.001319 0.000905 0.000461 0.000000 
50.000000 42.911028 36.045783 29.606824 23.757714 18.611122 14.224199 10.601120 7.701427 5.451990 3.760210 2.526327 1.653389 1.054149 0.654883 0.396593 0.234304 0.135231 0.076448 0.042535 0.023505 0.013114 0.007592 0.004734 0.003293 0.002585 0.002246 0.002088 0.002015 0.001983 0.001968 0.001962 0.001958 0.001954 0.001949 0.001941 0.001929 0.001910 0.001882 0.001840 0.001781 0.001700 0.001592 0.001454 0.001282 0.001078 0.000841 0.000577 0.000294 0.000000 
50.000000 42.911028 36.045783 29.606824 23.757714 18.611122 14.224199 10.601120 7.701427 5.451990 3.760210 2.526327 1.653389 1.054149 0.654883 0.396593 0.234304 0.135231 0.076448 0.042535 0.023505 0.013114 0.007592 0.004734 0.003293 0.002585 0.002246 0.002088 0.002015 0.001983 0.001968 0.001962 0.001958 0.001954 0.001949 0.001941 0.001929 0.001910 0.001882 0.001840 0.001781 0.001700 0.001592 0.001454 0.001282 0.001078 0.000841 0.000577 0.000294 0.000000 
50.000000 42.911185 36.046091 29.607274 23.758293 18.611815 14.224988 10.601990 7.702360 5.452973 3.761230 2.527374 1.654455 1.055228 0.655971 0.397686 0.235401 0.136330 0.077548 0.043636 0.024606 0.014216 0.008694 0.005836 0.004395 0.003687 0.003348 0.003189 0.003117 0.003084 0.003070 0.003063 0.003058 0.003053 0.003045 0.003034 0.003015 0.002986 0.002942 0.002877 0.002785 0.002659 0.002492 0.002276 0.002009 0.001689 0.001319 0.000905 0.000461 0.000000 
50.000000 42.911569 36.046846 29.608377 23.759713 18.613512 14.226923 10.604120 7.704646 5.455380 3.763728 2.529939 1.657067 1.057872 0.658636 0.400365 0.238088 0.139023 0.080244 0.046333 0.027305 0.016915 0.011393 0.008535 0.007095 0.006387 0.006047 0.005889 0.005816 0.005784 0.005768 0.005760 0.005753 0.005745 0.005732 0.005710 0.005676 0.005622 0.005540 0.005420 0.005249 0.005014 0.004700 0.004296 0.003793 0.003190 0.002492 0.001712 0.000872 0.000000 
50.000000 42.912343 36.048370 29.610605 23.762578 18.616939 14.230828 10.608420 7.709262 5.460240 3.768772 2.535117 1.662339 1.063209 0.664016 0.405773 0.243514 0.144459 0.085686 0.051779 0.032753 0.022364 0.016843 0.013985 0.012545 0.011837 0.011498 0.011339 0.011266 0.011233 0.011216 0.011206 0.011196 0.011181 0.011156 0.011115 0.011050 0.010947 0.010790 0.010559 0.010230 0.009775 0.009168 0.008384 0.007408 0.006233 0.004870 0.003347 0.001705 0.000000 
50.000000 42.913814 36.051266 29.614837 23.768023 18.623451 14.238249 10.616591 7.718033 5.469476 3.778357 2.544956 1.672359 1.073352 0.674241 0.416051 0.253825 0.154791 0.096029 0.062130 0.043107 0.032721 0.027200 0.024343 0.022903 0.022195 0.021856 0.021697 0.021624 0.021589 0.021571 0.021557 0.021540 0.021512 0.021466 0.021390 0.021267 0.021072 0.020776 0.020339 0.019713 0.018845 0.017684 0.016182 0.014305 0.012043 0.009415 0.006472 0.003297 0.000000 
50.000000 42.916515 36.056582 29.622605 23.778018 18.635405 14.251871 10.631590 7.734134 5.486431 3.795953 2.563020 1.690753 1.091972 0.693012 0.434919 0.272754 0.173757 0.115018 0.081131 0.062116 0.051733 0.046215 0.043359 0.041919 0.041211 0.040872 0.040713 0.040639 0.040602 0.040581 0.040560 0.040530 0.040481 0.040397 0.040258 0.040032 0.039674 0.039128 0.038318 0.037155 0.035539 0.033369 0.030554 0.027029 0.022770 0.017811 0.012248 0.006242 0.000000 
50.000000 42.921330 36.066059 29.636454 23.795838 18.656716 14.276158 10.658333 7.762841 5.516661 3.827327 2.595228 1.723550 1.125173 0.726482 0.468563 0.306507 0.207577 0.148877 0.115012 0.096010 0.085634 0.080120 0.077265 0.075826 0.075119 0.074780 0.074620 0.074544 0.074505 0.074477 0.074445 0.074394 0.074308 0.074160 0.073912 0.073508 0.072869 0.071887 0.070427 0.068324 0.065393 0.061443 0.056302 0.049844 0.042021 0.032890 0.022630 0.011537 0.000000 
50.000000 42.929675 36.082486 29.660459 23.826725 18.693658 14.318257 10.704690 7.812604 5.569064 3.881715 2.651061 1.780405 1.182729 0.784505 0.526887 0.365021 0.266206 0.207574 0.173749 0.154768 0.144405 0.138897 0.136046 0.134608 0.133902 0.133562 0.133401 0.133323 0.133278 0.133241 0.133190 0.133105 0.132958 0.132703 0.132276 0.131575 0.130464 0.128751 0.126193 0.122496 0.117322 0.110323 0.101180 0.089654 0.075647 0.059255 0.040795 0.020805 0.000000 
50.000000 42.943739 36.110168 29.700912 23.878777 18.755912 14.389205 10.782814 7.896469 5.657379 3.973375 2.745160 1.876227 1.279734 0.882297 0.625187 0.463640 0.365020 0.306504 0.272745 0.253802 0.243458 0.237961 0.235116 0.233681 0.232975 0.232635 0.232472 0.232390 0.232338 0.232285 0.232205 0.232066 0.231821 0.231397 0.230680 0.229503 0.227626 0.224724 0.220374 0.214055 0.205177 0.193115 0.177289 0.157257 0.132824 0.104137 0.071746 0.036606 0.000000 
50.000000 42.966773 36.155508 29.767170 23.964033 18.857879 14.505413 10.910778 8.033837 5.802040 4.123518 2.899297 2.033190 1.438634 1.042486 0.786211 0.625187 0.526886 0.468559 0.434909 0.416027 0.405717 0.400237 0.397401 0.395971 0.395266 0.394926 0.394761 0.394673 0.394609 0.394532 0.394407 0.394186 0.393792 0.393106 0.391942 0.390024 0.386954 0.382185 0.375002 0.364521 0.349719 0.329510 0.302863 0.268975 0.227458 0.178525 0.123103 0.062845 0.000000 
50.000000 43.003427 36.227658 29.872608 24.099705 19.020148 14.690346 11.114423 8.252453 6.032264 4.362467 3.144607 2.282997 1.691527 1.297433 1.042486 0.882296 0.784504 0.726478 0.693002 0.674218 0.663961 0.658509 0.655687 0.654264 0.653562 0.653221 0.653053 0.652957 0.652875 0.652764 0.652574 0.652231 0.651618 0.650544 0.648717 0.645692 0.640827 0.633233 0.621736 0.604870 0.580916 0.548024 0.504404 0.448622 0.379926 0.298584 0.206108 0.105291 0.000000 
50.000000 43.060081 36.339175 30.035576 24.309405 19.270959 14.976191 11.429195 8.590367 6.388125 4.731820 3.523796 2.669141 2.082442 1.691527 1.438634 1.279733 1.182728 1.125169 1.091962 1.073328 1.063154 1.057746 1.054946 1.053533 1.052836 1.052495 1.052322 1.052214 1.052109 1.051950 1.051669 1.051156 1.050232 1.048610 1.045835 1.041221 1.033764 1.022062 1.004244 0.977943 0.940352 0.888390 0.819021 0.729724 0.619068 0.487308 0.336817 0.172211 0.000000 
50.000000 43.145099 36.506525 30.280140 24.624101 19.647354 15.405167 11.901587 9.097497 6.922195 5.286144 4.092887 3.248674 2.669141 2.282997 2.033189 1.876227 1.780403 1.723546 1.690743 1.672335 1.662284 1.656942 1.654176 1.652780 1.652089 1.651749 1.651570 1.651447 1.651310 1.651088 1.650685 1.649943 1.648602 1.646235 1.642170 1.635376 1.624337 1.606910 1.580204 1.540515 1.483374 1.403784 1.296698 1.157768 0.984311 0.776356 0.537477 0.275102 0.000000 
50.000000 43.268935 36.750285 30.636370 25.082487 20.195616 16.030027 12.589695 9.836214 7.700161 6.093622 4.921882 4.092887 3.523796 3.144607 2.899297 2.745159 2.651059 2.595224 2.563010 2.544933 2.535063 2.529816 2.527099 2.525727 2.525046 2.524707 2.524522 2.524380 2.524203 2.523902 2.523344 2.522312 2.520436 2.517112 2.511374 2.501734 2.485977 2.460941 2.422303 2.364436 2.280431 2.162389 2.002103 1.792204 1.527744 1.207994 0.838041 0.429537 0.000000 
50.000000 43.443956 37.094799 31.139844 25.730350 20.970512 16.913191 13.562263 10.880323 8.799757 7.234940 6.093622 5.286144 4.731820 4.362467 4.123518 3.973375 3.881713 3.827323 3.795944 3.778335 3.768719 3.763608 3.760961 3.759623 3.758957 3.758621 3.758428 3.758265 3.758041 3.757645 3.756904 3.755523 3.753003 3.748516 3.740731 3.727576 3.705940 3.671319 3.617470 3.536124 3.416918 3.247698 3.015425 2.707838 2.315942 1.837080 1.277912 0.656188 0.000000 
50.000000 43.683905 37.567119 31.830099 26.618563 22.032895 18.124021 14.895679 12.311837 10.307359 8.799757 7.700161 6.922195 6.388125 6.032264 5.802040 5.657379 5.569062 5.516657 5.486422 5.469455 5.460190 5.455264 5.452713 5.451422 5.450778 5.450448 5.450247 5.450061 5.449785 5.449285 5.448340 5.446570 5.443325 5.437519 5.427394 5.410182 5.381680 5.335725 5.263633 5.153679 4.990822 4.756909 4.431726 3.995266 3.431459 2.733252 1.908145 0.982232 0.000000 
50.000000 44.002919 38.195075 32.747806 27.799467 23.445372 19.733878 16.668534 14.215134 12.311837 10.880323 9.836214 9.097497 8.590367 8.252453 8.033837 7.896468 7.812602 7.762837 7.734125 7.718012 7.709213 7.704535 7.702112 7.700885 7.700270 7.699949 7.699744 7.699535 7.699208 7.698603 7.697451 7.695283 7.691292 7.684118 7.671536 7.650015 7.614123 7.555783 7.463405 7.321014 7.107567 6.796827 6.358331 5.760136 4.974065 3.983776 2.794819 1.443661 0.000000 
50.000000 44.414119 39.004495 33.930713 29.321640 25.266052 21.808993 18.953773 16.668534 14.895679 13.562263 12.589695 11.901587 11.429195 11.114423 10.910778 10.782814 10.704689 10.658330 10.631582 10.616572 10.608374 10.604016 10.601758 10.600613 10.600036 10.599730 10.599524 10.599297 10.598926 10.598229 10.596893 10.594368 10.589700 10.581269 10.566400 10.540805 10.497803 10.427306 10.314565 10.138770 9.871707 9.476886 8.909895 8.121084 7.062159 5.698169 4.025158 2.089780 0.000000 
50.000000 44.927866 40.015773 35.408626 31.223436 27.540815 24.401665 21.808993 19.733878 18.124021 16.913191 16.030027 15.405167 14.976191 14.690346 14.505413 14.389205 14.318256 14.276155 14.251864 14.238231 14.230787 14.226828 14.224776 14.223735 14.223209 14.222924 14.222722 14.222485 14.222085 14.221324 14.219859 14.217079 14.211917 14.202550 14.185942 14.157170 14.108469 14.027924 13.897767 13.692295 13.375547 12.899099 12.200832 11.206230 9.834941 8.016586 5.719723 2.992845 0.000000 
50.000000 45.549887 41.240185 37.198024 33.526065 30.295033 27.540815 25.266052 23.445372 22.032895 20.970512 20.195616 19.647354 19.270959 19.020148 18.857879 18.755912 18.693657 18.656714 18.635398 18.623436 18.616903 18.613429 18.611628 18.610713 18.610248 18.609993 18.609802 18.609568 18.609162 18.608383 18.606875 18.604005 18.598655 18.588905 18.571526 18.541235 18.489586 18.403411 18.262674 18.037629 17.685236 17.144968 16.334585 15.147516 13.455623 11.124998 8.057438 4.270152 0.000000 
50.000000 46.279585 42.676555 39.297190 36.227318 33.526065 31.223436 29.321640 27.799467 26.618563 25.730350 25.082487 24.624101 24.309405 24.099705 23.964032 23.878777 23.826725 23.795836 23.778013 23.768010 23.762548 23.759643 23.758136 23.757370 23.756980 23.756761 23.756593 23.756376 23.755993 23.755254 23.753819 23.751079 23.745954 23.736574 23.719779 23.690337 23.639789 23.554743 23.414407 23.187104 22.825402 22.259481 21.388495 20.070442 18.113659 15.280112 11.326837 6.138001 0.000000 
50.000000 47.108855 44.308927 41.682808 39.297190 37.198024 35.408626 33.930713 32.747806 31.830099 31.139844 30.636370 30.280140 30.035576 29.872608 29.767169 29.700912 29.660458 29.636452 29.622600 29.614826 29.610581 29.608323 29.607152 29.606556 29.606251 29.606078 29.605940 29.605758 29.605432 29.604798 29.603565 29.601204 29.596776 29.588644 29.574024 29.548269 29.503784 29.428376 29.302764 29.096847 28.764030 28.232545 27.392040 26.073027 24.017079 20.841404 16.027799 9.054588 0.000000 
50.000000 48.021723 46.105862 44.308927 42.676555 41.240185 40.015773 39.004495 38.195075 37.567119 37.094799 36.750285 36.506525 36.339175 36.227658 36.155508 36.110168 36.082486 36.066058 36.056579 36.051259 36.048354 36.046809 36.046007 36.045599 36.045390 36.045270 36.045172 36.045040 36.044801 36.044337 36.043430 36.041691 36.038422 36.032405 36.021551 36.002358 35.969048 35.912244 35.816887 35.658974 35.400256 34.979337 34.296050 33.182747 31.349718 28.281128 23.052931 14.136152 0.000000 
50.000000 48.995008 48.021723 47.108855 46.279585 45.549887 44.927866 44.414119 44.002919 43.683905 43.443956 43.268935 43.145099 43.060081 43.003427 42.966772 42.943738 42.929675 42.921329 42.916513 42.913811 42.912334 42.911549 42.911142 42.910935 42.910828 42.910767 42.910716 42.910647 42.910520 42.910274 42.909793 42.908870 42.907132 42.903927 42.898136 42.887869 42.869997 42.839398 42.787768 42.701672 42.559258 42.324340 41.935021 41.279735 40.141584 38.054266 33.885572 24.497504 0.000000 
50.000000 50.000000 50.000000 50.000000 50.000000 50.000000 50.000000 50.000000 50.000000 50.000000 50.000000 50.000000 50.000000 50.000000 50.000000 50.000000 50.000000 50.000000 50.000000 50.000000 50.000000 50.000000 50.000000 50.000000 50.000000 50.000000 50.000000 50.000000 50.000000 50.000000 50.000000 50.000000 50.000000 50.000000 50.000000 50.000000 50.000000 50.000000 50.000000 50.000000 50.000000 50.000000 50.000000 50.000000 50.000000 50.000000 50.000000 50.000000 50.000000 50.000000 
