50.000000 50.000000 50.000000 50.000000 50.000000 50.000000 50.000000 50.000000 50.000000 50.000000 50.000000 50.000000 50.000000 50.000000 50.000000 50.000000 50.000000 50.000000 50.000000 50.000000 50.000000 50.000000 50.000000 50.000000 50.000000 50.000000 50.000000 50.000000 50.000000 50.000000 50.000000 50.000000 50.000000 50.000000 50.000000 50.000000 50.000000 50.000000 50.000000 50.000000 50.000000 50.000000 50.000000 50.000000 50.000000 50.000000 50.000000 50.000000 50.000000 50.000000 
50.000000 48.286353 46.664837 45.212744 43.981668 42.993107 42.240754 41.697671 41.325529 41.083225 40.933165 40.844678 40.794940 40.768260 40.754587 40.747885 40.744739 40.743324 40.742713 40.742459 40.742358 40.742319 40.742305 40.742300 40.742298 40.742297 40.742297 40.742297 40.742296 40.742294 40.742288 40.742271 40.742228 40.742115 40.741836 40.741167 40.739614 40.736127 40.728544 40.712562 40.679834 40.614538 40.487043 40.241769 39.772188 38.863957 37.049746 33.192026 24.143177 0.000000 
50.000000 46.664837 43.508987 40.682884 38.286941 36.362999 34.898777 33.841844 33.117599 32.646045 32.354014 32.181812 32.085020 32.033100 32.006493 31.993451 31.987330 31.984576 31.983386 31.982893 31.982696 31.982621 31.982593 31.982583 31.982579 31.982578 31.982578 31.982577 31.982576 31.982572 31.982561 31.982531 31.982451 31.982248 31.981744 31.980537 31.977743 31.971488 31.957945 31.929552 31.871830 31.757818 31.538368 31.125114 30.359810 28.957499 26.400396 21.754494 13.472811 0.000000 
50.000000 45.212744 40.682884 36.626357 33.187301 30.425766 28.324117 26.807088 25.767588 25.090784 24.671652 24.424509 24.285595 24.211085 24.172901 24.154185 24.145401 24.141449 24.139742 24.139034 24.138752 24.138644 24.138603 24.138589 24.138584 24.138582 24.138582 24.138581 24.138579 24.138574 24.138560 24.138522 24.138421 24.138162 24.137522 24.135996 24.132475 24.124634 24.107759 24.072659 24.002037 23.864454 23.604567 23.127829 22.277314 20.800919 18.313178 14.282488 8.162998 0.000000 
50.000000 43.981668 38.286941 33.187301 28.863952 25.392382 22.750408 20.843392 19.536692 18.685939 18.159099 17.848453 17.673852 17.580202 17.532212 17.508691 17.497651 17.492685 17.490540 17.489650 17.489296 17.489159 17.489109 17.489091 17.489085 17.489082 17.489082 17.489081 17.489079 17.489074 17.489059 17.489018 17.488910 17.488636 17.487959 17.486351 17.482662 17.474494 17.457046 17.421095 17.349622 17.212510 16.958676 16.505269 15.724549 14.431976 12.386382 9.329442 5.117711 0.000000 
50.000000 42.993107 36.362999 30.425766 25.392382 21.350725 18.274951 16.054859 14.533675 13.543304 12.930022 12.568417 12.365182 12.256177 12.200322 12.172946 12.160098 12.154318 12.151823 12.150787 12.150375 12.150216 12.150157 12.150136 12.150129 12.150127 12.150126 12.150125 12.150123 12.150118 12.150104 12.150066 12.149965 12.149708 12.149078 12.147587 12.144186 12.136706 12.120858 12.088529 12.025054 11.905165 11.687524 11.308274 10.675363 9.667833 8.148452 6.003189 3.220919 0.000000 
50.000000 42.240754 34.898777 28.324117 22.750408 18.274951 14.869111 12.410829 10.726481 9.629913 8.950889 8.550535 8.325529 8.204852 8.143018 8.112714 8.098492 8.092094 8.089332 8.088186 8.087729 8.087554 8.087489 8.087466 8.087458 8.087455 8.087454 8.087453 8.087452 8.087447 8.087435 8.087403 8.087317 8.087100 8.086570 8.085321 8.082488 8.076302 8.063305 8.037056 7.986142 7.891397 7.722484 7.434555 6.966678 6.245139 5.196289 3.773662 1.998985 0.000000 
50.000000 41.697671 33.841844 26.807088 20.843392 16.054859 12.410829 9.780680 7.978615 6.805439 6.078999 5.650702 5.410000 5.280909 5.214766 5.182351 5.167140 5.160297 5.157343 5.156118 5.155629 5.155441 5.155372 5.155347 5.155338 5.155335 5.155334 5.155334 5.155333 5.155329 5.155320 5.155294 5.155227 5.155059 5.154650 5.153690 5.151526 5.146832 5.137052 5.117490 5.079980 5.011125 4.890340 4.688345 4.367335 3.884715 3.202521 2.303476 1.210628 0.000000 
50.000000 41.325529 33.117599 25.767588 19.536692 14.533675 10.726481 7.978615 6.095934 4.870304 4.111403 3.663980 3.412537 3.277690 3.208599 3.174741 3.158853 3.151706 3.148621 3.147341 3.146831 3.146635 3.146563 3.146537 3.146528 3.146525 3.146524 3.146523 3.146522 3.146520 3.146513 3.146494 3.146446 3.146325 3.146032 3.145349 3.143817 3.140517 3.133692 3.120166 3.094502 3.047967 2.967490 2.835084 2.628509 2.324182 1.903134 1.359781 0.710990 0.000000 
50.000000 41.083225 32.646045 25.090784 18.685939 13.543304 9.629913 6.805439 4.870304 3.610550 2.830536 2.370676 2.112250 1.973661 1.902656 1.867860 1.851533 1.844189 1.841018 1.839703 1.839179 1.838978 1.838903 1.838876 1.838867 1.838864 1.838863 1.838863 1.838862 1.838860 1.838856 1.838843 1.838811 1.838730 1.838534 1.838080 1.837068 1.834901 1.830452 1.821708 1.805275 1.775802 1.725459 1.643770 1.518250 1.336318 1.088747 0.774214 0.403391 0.000000 
50.000000 40.933165 32.354014 24.671652 18.159099 12.930022 8.950889 6.078999 4.111403 2.830536 2.037463 1.569911 1.307167 1.166266 1.094077 1.058703 1.042104 1.034638 1.031415 1.030078 1.029545 1.029340 1.029264 1.029237 1.029228 1.029225 1.029224 1.029223 1.029223 1.029222 1.029219 1.029211 1.029191 1.029140 1.029017 1.028734 1.028106 1.026770 1.024046 1.018731 1.008829 0.991238 0.961509 0.913833 0.841492 0.738004 0.598994 0.424463 0.220604 0.000000 
50.000000 40.844678 32.181812 24.424509 17.848453 12.568417 8.550535 5.650702 3.663980 2.370676 1.569911 1.097830 0.832545 0.690283 0.617399 0.581684 0.564925 0.557387 0.554133 0.552784 0.552246 0.552039 0.551963 0.551936 0.551926 0.551923 0.551922 0.551922 0.551921 0.551921 0.551919 0.551914 0.551902 0.551872 0.551800 0.551633 0.551266 0.550490 0.548915 0.545865 0.540224 0.530288 0.513650 0.487230 0.447559 0.391406 0.316750 0.223867 0.116134 0.000000 
50.000000 40.794940 32.085020 24.285595 17.673852 12.365182 8.325529 5.410000 3.412537 2.112250 1.307167 0.832545 0.565834 0.422809 0.349534 0.313628 0.296781 0.289203 0.285931 0.284575 0.284034 0.283826 0.283749 0.283722 0.283712 0.283709 0.283708 0.283708 0.283708 0.283707 0.283706 0.283704 0.283697 0.283680 0.283640 0.283547 0.283344 0.282917 0.282055 0.280396 0.277349 0.272020 0.263167 0.249227 0.228476 0.199358 0.160962 0.113532 0.058813 0.000000 
50.000000 40.768260 32.033100 24.211085 17.580202 12.256177 8.204852 5.280909 3.277690 1.973661 1.166266 0.690283 0.422809 0.279376 0.205892 0.169884 0.152989 0.145389 0.142109 0.140749 0.140206 0.139998 0.139921 0.139893 0.139884 0.139881 0.139880 0.139879 0.139879 0.139879 0.139878 0.139877 0.139873 0.139864 0.139843 0.139794 0.139688 0.139465 0.139017 0.138159 0.136593 0.133873 0.129383 0.122364 0.111991 0.097540 0.078609 0.055358 0.028646 0.000000 
50.000000 40.754587 32.006493 24.172901 17.532212 12.200322 8.143018 5.214766 3.208599 1.902656 1.094077 0.617399 0.349534 0.205892 0.132302 0.096242 0.079322 0.071712 0.068427 0.067064 0.066521 0.066312 0.066235 0.066208 0.066198 0.066195 0.066194 0.066194 0.066194 0.066193 0.066193 0.066192 0.066191 0.066186 0.066175 0.066151 0.066098 0.065987 0.065765 0.065343 0.064576 0.063250 0.061076 0.057697 0.052734 0.045861 0.036905 0.025956 0.013420 0.000000 
50.000000 40.747885 31.993451 24.154185 17.508691 12.172946 8.112714 5.182351 3.174741 1.867860 1.058703 0.581684 0.313628 0.169884 0.096242 0.060156 0.043225 0.035609 0.032321 0.030958 0.030415 0.030206 0.030129 0.030101 0.030091 0.030088 0.030087 0.030087 0.030087 0.030087 0.030087 0.030086 0.030085 0.030083 0.030078 0.030067 0.030041 0.029989 0.029884 0.029685 0.029326 0.028709 0.027702 0.026144 0.023868 0.020731 0.016663 0.011707 0.006049 0.000000 
50.000000 40.744739 31.987330 24.145401 17.497651 12.160098 8.098492 5.167140 3.158853 1.851533 1.042104 0.564925 0.296781 0.152989 0.079322 0.043225 0.026287 0.018669 0.015381 0.014017 0.013473 0.013264 0.013187 0.013159 0.013150 0.013147 0.013146 0.013145 0.013145 0.013145 0.013145 0.013145 0.013145 0.013144 0.013141 0.013136 0.013125 0.013101 0.013053 0.012964 0.012803 0.012528 0.012081 0.011392 0.010390 0.009016 0.007239 0.005082 0.002624 0.000000 
50.000000 40.743324 31.984576 24.141449 17.492685 12.154318 8.092094 5.160297 3.151706 1.844189 1.034638 0.557387 0.289203 0.145389 0.071712 0.035609 0.018669 0.011050 0.007761 0.006397 0.005853 0.005644 0.005567 0.005539 0.005530 0.005527 0.005526 0.005525 0.005525 0.005525 0.005525 0.005525 0.005525 0.005524 0.005523 0.005521 0.005516 0.005506 0.005485 0.005447 0.005378 0.005260 0.005069 0.004777 0.004354 0.003774 0.003028 0.002124 0.001096 0.000000 
50.000000 40.742713 31.983386 24.139742 17.490540 12.151823 8.089332 5.157343 3.148621 1.841018 1.031415 0.554133 0.285931 0.142109 0.068427 0.032321 0.015381 0.007761 0.004472 0.003108 0.002564 0.002355 0.002278 0.002250 0.002240 0.002237 0.002236 0.002236 0.002236 0.002236 0.002236 0.002236 0.002236 0.002236 0.002235 0.002234 0.002232 0.002228 0.002219 0.002203 0.002175 0.002127 0.002049 0.001929 0.001757 0.001522 0.001220 0.000856 0.000441 0.000000 
50.000000 40.742459 31.982893 24.139034 17.489650 12.150787 8.088186 5.156118 3.147341 1.839703 1.030078 0.552784 0.284575 0.140749 0.067064 0.030958 0.014017 0.006397 0.003108 0.001744 0.001200 0.000991 0.000914 0.000886 0.000876 0.000873 0.000872 0.000872 0.000872 0.000872 0.000872 0.000872 0.000872 0.000872 0.000872 0.000871 0.000870 0.000869 0.000865 0.000859 0.000848 0.000829 0.000798 0.000751 0.000684 0.000592 0.000474 0.000332 0.000171 0.000000 
50.000000 40.742358 31.982696 24.138752 17.489296 12.150375 8.087729 5.155629 3.146831 1.839179 1.029545 0.552246 0.284034 0.140206 0.066521 0.030415 0.013473 0.005853 0.002564 0.001200 0.000656 0.000447 0.000370 0.000342 0.000332 0.000329 0.000328 0.000328 0.000328 0.000328 0.000328 0.000328 0.000328 0.000328 0.000328 0.000328 0.000327 0.000327 0.000325 0.000323 0.000319 0.000311 0.000300 0.000282 0.000257 0.000222 0.000178 0.000125 0.000064 0.000000 
50.000000 40.742319 31.982621 24.138644 17.489159 12.150216 8.087554 5.155441 3.146635 1.838978 1.029340 0.552039 0.283826 0.139998 0.066312 0.030206 0.013264 0.005644 0.002355 0.000991 0.000447 0.000238 0.000161 0.000133 0.000124 0.000120 0.000119 0.000119 0.000119 0.000119 0.000119 0.000119 0.000119 0.000119 0.000119 0.000119 0.000119 0.000119 0.000118 0.000117 0.000116 0.000113 0.000109 0.000102 0.000093 0.000080 0.000064 0.000045 0.000023 0.000000 
50.000000 40.742305 31.982593 24.138603 17.489109 12.150157 8.087489 5.155372 3.146563 1.838903 1.029265 0.551963 0.283749 0.139921 0.066235 0.030129 0.013187 0.005567 0.002278 0.000914 0.000370 0.000161 0.000084 0.000056 0.000046 0.000043 0.000042 0.000042 0.000042 0.000042 0.000042 0.000042 0.000042 0.000042 0.000042 0.000042 0.000042 0.000042 0.000042 0.000041 0.000041 0.000040 0.000038 0.000036 0.000033 0.000028 0.000023 0.000016 0.000008 0.000000 
50.000000 40.742300 31.982583 24.138589 17.489091 12.150137 8.087466 5.155347 3.146537 1.838877 1.029238 0.551936 0.283722 0.139894 0.066208 0.030101 0.013160 0.005540 0.002250 0.000886 0.000342 0.000134 0.000056 0.000029 0.000019 0.000016 0.000015 0.000015 0.000015 0.000015 0.000015 0.000015 0.000015 0.000015 0.000015 0.000015 0.000015 0.000015 0.000014 0.000014 0.000014 0.000014 0.000013 0.000012 0.000011 0.000010 0.000008 0.000005 0.000003 0.000000 
50.000000 40.742298 31.982580 24.138585 17.489086 12.150130 8.087459 5.155340 3.146529 1.838869 1.029230 0.551928 0.283714 0.139885 0.066200 0.030093 0.013151 0.005531 0.002242 0.000878 0.000334 0.000125 0.000048 0.000020 0.000011 0.000008 0.000007 0.000006 0.000006 0.000006 0.000006 0.000006 0.000006 0.000006 0.000006 0.000006 0.000006 0.000006 0.000006 0.000006 0.000006 0.000006 0.000006 0.000005 0.000005 0.000004 0.000003 0.000002 0.000001 0.000000 
50.000000 40.742298 31.982580 24.138585 17.489086 12.150130 8.087459 5.155340 3.146529 1.838869 1.029230 0.551928 0.283714 0.139885 0.066200 0.030093 0.013151 0.005531 0.002242 0.000878 0.000334 0.000125 0.000048 0.000020 0.000011 0.000008 0.000007 0.000006 0.000006 0.000006 0.000006 0.000006 0.000006 0.000006 0.000006 0.000006 0.000006 0.000006 0.000006 0.000006 0.000006 0.000006 0.000006 0.000005 0.000005 0.000004 0.000003 0.000002 0.000001 0.000000 
50.000000 40.742300 31.982583 24.138589 17.489091 12.150137 8.087466 5.155347 3.146537 1.838877 1.029238 0.551936 0.283722 0.139894 0.066208 0.030101 0.013160 0.005540 0.002250 0.000886 0.000342 0.000134 0.000056 0.000029 0.000019 0.000016 0.000015 0.000015 0.000015 0.000015 0.000015 0.000015 0.000015 0.000015 0.000015 0.000015 0.000015 0.000015 0.000014 0.000014 0.000014 0.000014 0.000013 0.000012 0.000011 0.000010 0.000008 0.000005 0.000003 0.000000 
50.000000 40.742305 31.982593 24.138603 17.489109 12.150157 8.087489 5.155372 3.146563 1.838903 1.029265 0.551963 0.283749 0.139921 0.066235 0.030129 0.013187 0.005567 0.002278 0.000914 0.000370 0.000161 0.000084 0.000056 0.000046 0.000043 0.000042 0.000042 0.000042 0.000042 0.000042 0.000042 0.000042 0.000042 0.000042 0.000042 0.000042 0.000042 0.000042 0.000041 0.000041 0.000040 0.000038 0.000036 0.000033 0.000028 0.000023 0.000016 0.000008 0.000000 
50.000000 40.742319 31.982621 24.138644 17.489159 12.150216 8.087554 5.155441 3.146635 1.838978 1.029340 0.552039 0.283826 0.139998 0.066312 0.030206 0.013264 0.005644 0.002355 0.000991 0.000447 0.000238 0.000161 0.000133 0.000124 0.000120 0.000119 0.000119 0.000119 0.000119 0.000119 0.000119 0.000119 0.000119 0.000119 0.000119 0.000119 0.000119 0.000118 0.000117 0.000116 0.000113 0.000109 0.000102 0.000093 0.000080 0.000064 0.000045 0.000023 0.000000 
50.000000 40.742358 31.982696 24.138752 17.489296 12.150375 8.087729 5.155629 3.146831 1.839179 1.029545 0.552246 0.284034 0.140206 0.066521 0.030415 0.013473 0.005853 0.002564 0.001200 0.000656 0.000447 0.000370 0.000342 0.000332 0.000329 0.000328 0.000328 0.000328 0.000328 0.000328 0.000328 0.000328 0.000328 0.000328 0.000328 0.000327 0.000327 0.000325 0.000323 0.000319 0.000311 0.000300 0.000282 0.000257 0.000222 0.000178 0.000125 0.000064 0.000000 
50.000000 40.742459 31.982893 24.139034 17.489650 12.150787 8.088186 5.156118 3.147341 1.839703 1.030078 0.552784 0.284575 0.140749 0.067064 0.030958 0.014017 0.006397 0.003108 0.001744 0.001200 0.000991 0.000914 0.000886 0.000876 0.000873 0.000872 0.000872 0.000872 0.000872 0.000872 0.000872 0.000872 0.000872 0.000872 0.000871 0.000870 0.000869 0.000865 0.000859 0.000848 0.000829 0.000798 0.000751 0.000684 0.000592 0.000474 0.000332 0.000171 0.000000 
50.000000 40.742713 31.983386 24.139742 17.490540 12.151823 8.089332 5.157343 3.148621 1.841018 1.031415 0.554133 0.285931 0.142109 0.068427 0.032321 0.015381 0.007761 0.004472 0.003108 0.002564 0.002355 0.002278 0.002250 0.002240 0.002237 0.002236 0.002236 0.002236 0.002236 0.002236 0.002236 0.002236 0.002236 0.002235 0.002234 0.002232 0.002228 0.002219 0.002203 0.002175 0.002127 0.002049 0.001929 0.001757 0.001522 0.001220 0.000856 0.000441 0.000000 
50.000000 40.743324 31.984576 24.141449 17.492685 12.154318 8.092094 5.160297 3.151706 1.844189 1.034638 0.557387 0.289203 0.145389 0.071712 0.035609 0.018669 0.011050 0.007761 0.006397 0.005853 0.005644 0.005567 0.005539 0.005530 0.005527 0.005526 0.005525 0.005525 0.005525 0.005525 0.005525 0.005525 0.005524 0.005523 0.005521 0.005516 0.005506 0.005485 0.005447 0.005378 0.005260 0.005069 0.004777 0.004354 0.003774 0.003028 0.002124 0.001096 0.000000 
50.000000 40.744739 31.987330 24.145401 17.497651 12.160098 8.098492 5.167140 3.158853 1.851533 1.042104 0.564925 0.296781 0.152989 0.079322 0.043225 0.026287 0.018669 0.015381 0.014017 0.013473 0.013264 0.013187 0.013159 0.013150 0.013147 0.013146 0.013145 0.013145 0.013145 0.013145 0.013145 0.013145 0.013144 0.013141 0.013136 0.013125 0.013101 0.013053 0.012964 0.012803 0.012528 0.012081 0.011392 0.010390 0.009016 0.007239 0.005082 0.002624 0.000000 
50.000000 40.747885 31.993451 24.154185 17.508691 12.172946 8.112714 5.182351 3.174741 1.867860 1.058703 0.581684 0.313628 0.169884 0.096242 0.060156 0.043225 0.035609 0.032321 0.030958 0.030415 0.030206 0.030129 0.030101 0.030091 0.030088 0.030087 0.030087 0.030087 0.030087 0.030087 0.030086 0.030085 0.030083 0.030078 0.030067 0.030041 0.029989 0.029884 0.029685 0.029326 0.028709 0.027702 0.026144 0.023868 0.020731 0.016663 0.011707 0.006049 0.000000 
50.000000 40.754587 32.006493 24.172901 17.532212 12.200322 8.143018 5.214766 3.208599 1.902656 1.094077 0.617399 0.349534 0.205892 0.132302 0.096242 0.079322 0.071712 0.068427 0.067064 0.066521 0.066312 0.066235 0.066208 0.066198 0.066195 0.066194 0.066194 0.066194 0.066193 0.066193 0.066192 0.066191 0.066186 0.066175 0.066151 0.066098 0.065987 0.065765 0.065343 0.064576 0.063250 0.061076 0.057697 0.052734 0.045861 0.036905 0.025956 0.013420 0.000000 
50.000000 40.768260 32.033100 24.211085 17.580202 12.256177 8.204852 5.280909 3.277690 1.973661 1.166266 0.690283 0.422809 0.279376 0.205892 0.169884 0.152989 0.145389 0.142109 0.140749 0.140206 0.139998 0.139921 0.139893 0.139884 0.139881 0.139880 0.139879 0.139879 0.139879 0.139878 0.139877 0.139873 0.139864 0.139843 0.139794 0.139688 0.139465 0.139017 0.138159 0.136593 0.133873 0.129383 0.122364 0.111991 0.097540 0.078609 0.055358 0.028646 0.000000 
50.000000 40.794940 32.085020 24.285595 17.673852 12.365182 8.325529 5.410000 3.412537 2.112250 1.307167 0.832545 0.565834 0.422809 0.349534 0.313628 0.296781 0.289203 0.285931 0.284575 0.284034 0.283826 0.283749 0.283722 0.283712 0.283709 0.283708 0.283708 0.283708 0.283707 0.283706 0.283704 0.283697 0.283680 0.283640 0.283547 0.283344 0.282917 0.282055 0.280396 0.277349 0.272020 0.263167 0.249227 0.228476 0.199358 0.160962 0.113532 0.058813 0.000000 
50.000000 40.844678 32.181812 24.424509 17.848453 12.568417 8.550535 5.650702 3.663980 2.370676 1.569911 1.097830 0.832545 0.690283 0.617399 0.581684 0.564925 0.557387 0.554133 0.552784 0.552246 0.552039 0.551963 0.551936 0.551926 0.551923 0.551922 0.551922 0.551921 0.551921 0.551919 0.551914 0.551902 0.551872 0.551800 0.551633 0.551266 0.550490 0.548915 0.545865 0.540224 0.530288 0.513650 0.487230 0.447559 0.391406 0.316750 0.223867 0.116134 0.000000 
50.000000 40.933165 32.354014 24.671652 18.159099 12.930022 8.950889 6.078999 4.111403 2.830536 2.037463 1.569911 1.307167 1.166266 1.094077 1.058703 1.042104 1.034638 1.031415 1.030078 1.029545 1.029340 1.029264 1.029237 1.029228 1.029225 1.029224 1.029223 1.029223 1.029222 1.029219 1.029211 1.029191 1.029140 1.029017 1.028734 1.028106 1.026770 1.024046 1.018731 1.008829 0.991238 0.961509 0.913833 0.841492 0.738004 0.598994 0.424463 0.220604 0.000000 
50.000000 41.083225 32.646045 25.090784 18.685939 13.543304 9.629913 6.805439 4.870304 3.610550 2.830536 2.370676 2.112250 1.973661 1.902656 1.867860 1.851533 1.844189 1.841018 1.839703 1.839179 1.838978 1.838903 1.838876 1.838867 1.838864 1.838863 1.838863 1.838862 1.838860 1.838856 1.838843 1.838811 1.838730 1.838534 1.838080 1.837068 1.834901 1.830452 1.821708 1.805275 1.775802 1.725459 1.643770 1.518250 1.336318 1.088747 0.774214 0.403391 0.000000 
50.000000 41.325529 33.117599 25.767588 19.536692 14.533675 10.726481 7.978615 6.095934 4.870304 4.111403 3.663980 3.412537 3.277690 3.208599 3.174741 3.158853 3.151706 3.148621 3.147341 3.146831 3.146635 3.146563 3.146537 3.146528 3.146525 3.146524 3.146523 3.146522 3.146520 3.146513 3.146494 3.146446 3.146325 3.146032 3.145349 3.143817 3.140517 3.133692 3.120166 3.094502 3.047967 2.967490 2.835084 2.628509 2.324182 1.903134 1.359781 0.710990 0.000000 
50.000000 41.697671 33.841844 26.807088 20.843392 16.054859 12.410829 9.780680 7.978615 6.805439 6.078999 5.650702 5.410000 5.280909 5.214766 5.182351 5.167140 5.160297 5.157343 5.156118 5.155629 5.155441 5.155372 5.155347 5.155338 5.155335 5.155334 5.155334 5.155333 5.155329 5.155320 5.155294 5.155227 5.155059 5.154650 5.153690 5.151526 5.146832 5.137052 5.117490 5.079980 5.011125 4.890340 4.688345 4.367335 3.884715 3.202521 2.303476 1.210628 0.000000 
50.000000 42.240754 34.898777 28.324117 22.750408 18.274951 14.869111 12.410829 10.726481 9.629913 8.950889 8.550535 8.325529 8.204852 8.143018 8.112714 8.098492 8.092094 8.089332 8.088186 8.087729 8.087554 8.087489 8.087466 8.087458 8.087455 8.087454 8.087453 8.087452 8.087447 8.087435 8.087403 8.087317 8.087100 8.086570 8.085321 8.082488 8.076302 8.063305 8.037056 7.986142 7.891397 7.722484 7.434555 6.966678 6.245139 5.196289 3.773662 1.998985 0.000000 
50.000000 42.993107 36.362999 30.425766 25.392382 21.350725 18.274951 16.054859 14.533675 13.543304 12.930022 12.568417 12.365182 12.256177 12.200322 12.172946 12.160098 12.154318 12.151823 12.150787 12.150375 12.150216 12.150157 12.150136 12.150129 12.150127 12.150126 12.150125 12.150123 12.150118 12.150104 12.150066 12.149965 12.149708 12.149078 12.147587 12.144186 12.136706 12.120858 12.088529 12.025054 11.905165 11.687524 11.308274 10.675363 9.667833 8.148452 6.003189 3.220919 0.000000 
50.000000 43.981668 38.286941 33.187301 28.863952 25.392382 22.750408 20.843392 19.536692 18.685939 18.159099 17.848453 17.673852 17.580202 17.532212 17.508691 17.497651 17.492685 17.490540 17.489650 17.489296 17.489159 17.489109 17.489091 17.489085 17.489082 17.489082 17.489081 17.489079 17.489074 17.489059 17.489018 17.488910 17.488636 17.487959 17.486351 17.482662 17.474494 17.457046 17.421095 17.349622 17.212510 16.958676 16.505269 15.724549 14.431976 12.386382 9.329442 5.117711 0.000000 
50.000000 45.212744 40.682884 36.626357 33.187301 30.425766 28.324117 26.807088 25.767588 25.090784 24.671652 24.424509 24.285595 24.211085 24.172901 24.154185 24.145401 24.141449 24.139742 24.139034 24.138752 24.138644 24.138603 24.138589 24.138584 24.138582 24.138582 24.138581 24.138579 24.138574 24.138560 24.138522 24.138421 24.138162 24.137522 24.135996 24.132475 24.124634 24.107759 24.072659 24.002037 23.864454 23.604567 23.127829 22.277314 20.800919 18.313178 14.282488 8.162998 0.000000 
50.000000 46.664837 43.508987 40.682884 38.286941 36.362999 34.898777 33.841844 33.117599 32.646045 32.354014 32.181812 32.085020 32.033100 32.006493 31.993451 31.987330 31.984576 31.983386 31.982893 31.982696 31.982621 31.982593 31.982583 31.982579 31.982578 31.982578 31.982577 31.982576 31.982572 31.982561 31.982531 31.982451 31.982248 31.981744 31.980537 31.977743 31.971488 31.957945 31.929552 31.871830 31.757818 31.538368 31.125114 30.359810 28.957499 26.400396 21.754494 13.472811 0.000000 
50.000000 48.286353 46.664837 45.212744 43.981668 42.993107 42.240754 41.697671 41.325529 41.083225 40.933165 40.844678 40.794940 40.768260 40.754587 40.747885 40.744739 40.743324 40.742713 40.742459 40.742358 40.742319 40.742305 40.742300 40.742298 40.742297 40.742297 40.742297 40.742296 40.742294 40.742288 40.742271 40.742228 40.742115 40.741836 40.741167 40.739614 40.736127 40.728544 40.712562 40.679834 40.614538 40.487043 40.241769 39.772188 38.863957 37.049746 33.192026 24.143177 0.000000 
50.000000 50.000000 50.000000 50.000000 50.000000 50.000000 50.000000 50.000000 50.000000 50.000000 50.000000 50.000000 50.000000 50.000000 50.000000 50.000000 50.000000 50.000000 50.000000 50.000000 50.000000 50.000000 50.000000 50.000000 50.000000 50.000000 50.000000 50.000000 50.000000 50.000000 50.000000 50.000000 50.000000 50.000000 50.000000 50.000000 50.000000 50.000000 50.000000 50.000000 50.000000 50.000000 50.000000 50.000000 50.000000 50.000000 50.000000 50.000000 50.000000 50.000000 
