50.000000 50.000000 50.000000 50.000000 50.000000 50.000000 50.000000 50.000000 50.000000 50.000000 50.000000 50.000000 50.000000 50.000000 50.000000 50.000000 50.000000 50.000000 50.000000 50.000000 50.000000 50.000000 50.000000 50.000000 50.000000 50.000000 50.000000 50.000000 50.000000 50.000000 50.000000 50.000000 50.000000 50.000000 50.000000 50.000000 50.000000 50.000000 50.000000 50.000000 50.000000 50.000000 50.000000 50.000000 50.000000 50.000000 50.000000 50.000000 50.000000 50.000000 
50.000000 42.659014 36.990081 33.544035 31.851634 31.162953 30.925588 30.855006 30.836619 30.832370 30.831489 30.831324 30.831296 30.831292 30.831291 30.831291 30.831291 30.831291 30.831291 30.831291 30.831291 30.831291 30.831291 30.831291 30.831291 30.831291 30.831291 30.831291 30.831291 30.831291 30.831291 30.831291 30.831291 30.831291 30.831291 30.831291 30.831291 30.831291 30.831289 30.831278 30.831210 30.830824 30.828819 30.819264 30.777686 30.612395 30.009167 27.961589 21.329507 0.000000 
50.000000 36.990081 26.944962 20.840376 17.843408 16.624376 16.204413 16.079595 16.047098 16.039591 16.038036 16.037745 16.037695 16.037687 16.037686 16.037686 16.037686 16.037686 16.037686 16.037686 16.037686 16.037686 16.037686 16.037686 16.037686 16.037686 16.037686 16.037686 16.037686 16.037686 16.037686 16.037686 16.037686 16.037686 16.037686 16.037686 16.037686 16.037686 16.037684 16.037670 16.037588 16.037128 16.034771 16.023788 15.977556 15.802865 15.214991 13.472481 9.028492 0.000000 
50.000000 33.544035 20.840376 13.122531 9.335086 7.795252 7.265046 7.107550 7.066569 7.057109 7.055150 7.054784 7.054721 7.054711 7.054710 7.054710 7.054710 7.054710 7.054710 7.054710 7.054710 7.054710 7.054710 7.054710 7.054710 7.054710 7.054710 7.054710 7.054710 7.054710 7.054710 7.054710 7.054710 7.054710 7.054710 7.054710 7.054710 7.054709 7.054708 7.054698 7.054641 7.054322 7.052713 7.045370 7.015336 6.906425 6.561265 5.625385 3.534868 0.000000 
50.000000 31.851634 17.843408 9.335086 5.161066 3.464699 2.880835 2.707476 2.662388 2.651984 2.649832 2.649429 2.649360 2.649349 2.649348 2.649348 2.649348 2.649348 2.649348 2.649348 2.649348 2.649348 2.649348 2.649348 2.649348 2.649348 2.649348 2.649348 2.649348 2.649348 2.649348 2.649348 2.649348 2.649348 2.649348 2.649348 2.649348 2.649347 2.649347 2.649342 2.649313 2.649154 2.648360 2.644800 2.630564 2.580533 2.428662 2.040542 1.239239 0.000000 
50.000000 31.162953 16.624376 7.795252 3.464699 1.705116 1.099644 0.919917 0.873185 0.862405 0.860176 0.859758 0.859687 0.859676 0.859674 0.859674 0.859674 0.859674 0.859674 0.859674 0.859674 0.859674 0.859674 0.859674 0.859674 0.859674 0.859674 0.859674 0.859674 0.859674 0.859674 0.859674 0.859674 0.859674 0.859674 0.859674 0.859674 0.859674 0.859674 0.859672 0.859660 0.859598 0.859290 0.857924 0.852558 0.834135 0.779916 0.646821 0.385267 0.000000 
50.000000 30.925588 16.204413 7.265046 2.880835 1.099644 0.486810 0.304920 0.257633 0.246726 0.244470 0.244048 0.243976 0.243965 0.243964 0.243963 0.243963 0.243963 0.243963 0.243963 0.243963 0.243963 0.243963 0.243963 0.243963 0.243963 0.243963 0.243963 0.243963 0.243963 0.243963 0.243963 0.243963 0.243963 0.243963 0.243963 0.243963 0.243963 0.243963 0.243963 0.243959 0.243939 0.243840 0.243405 0.241720 0.236035 0.219676 0.180625 0.106324 0.000000 
50.000000 30.855006 16.079595 7.107550 2.707476 0.919917 0.304920 0.122398 0.074948 0.064005 0.061742 0.061319 0.061246 0.061235 0.061233 0.061233 0.061233 0.061233 0.061233 0.061233 0.061233 0.061233 0.061233 0.061233 0.061233 0.061233 0.061233 0.061233 0.061233 0.061233 0.061233 0.061233 0.061233 0.061233 0.061233 0.061233 0.061233 0.061233 0.061233 0.061233 0.061232 0.061226 0.061199 0.061081 0.060627 0.059116 0.054837 0.044824 0.026187 0.000000 
50.000000 30.836619 16.047098 7.066569 2.662388 0.873185 0.257633 0.074948 0.027457 0.016504 0.014239 0.013816 0.013743 0.013732 0.013730 0.013730 0.013730 0.013730 0.013730 0.013730 0.013730 0.013730 0.013730 0.013730 0.013730 0.013730 0.013730 0.013730 0.013730 0.013730 0.013730 0.013730 0.013730 0.013730 0.013730 0.013730 0.013730 0.013730 0.013730 0.013730 0.013730 0.013729 0.013722 0.013694 0.013587 0.013234 0.012247 0.009970 0.005795 0.000000 
50.000000 30.832370 16.039591 7.057109 2.651984 0.862405 0.246726 0.064005 0.016504 0.005549 0.003284 0.002860 0.002788 0.002777 0.002775 0.002775 0.002775 0.002775 0.002775 0.002775 0.002775 0.002775 0.002775 0.002775 0.002775 0.002775 0.002775 0.002775 0.002775 0.002775 0.002775 0.002775 0.002775 0.002775 0.002775 0.002775 0.002775 0.002775 0.002775 0.002775 0.002775 0.002774 0.002773 0.002767 0.002745 0.002671 0.002468 0.002003 0.001160 0.000000 
50.000000 30.831489 16.038036 7.055150 2.649832 0.860176 0.244470 0.061742 0.014239 0.003284 0.001019 0.000595 0.000522 0.000511 0.000510 0.000509 0.000509 0.000509 0.000509 0.000509 0.000509 0.000509 0.000509 0.000509 0.000509 0.000509 0.000509 0.000509 0.000509 0.000509 0.000509 0.000509 0.000509 0.000509 0.000509 0.000509 0.000509 0.000509 0.000509 0.000509 0.000509 0.000509 0.000509 0.000508 0.000504 0.000490 0.000452 0.000366 0.000212 0.000000 
50.000000 30.831324 16.037745 7.054784 2.649429 0.859758 0.244048 0.061319 0.013816 0.002860 0.000595 0.000171 0.000099 0.000087 0.000086 0.000086 0.000085 0.000085 0.000085 0.000085 0.000085 0.000085 0.000085 0.000085 0.000085 0.000085 0.000085 0.000085 0.000085 0.000085 0.000085 0.000085 0.000085 0.000085 0.000085 0.000085 0.000085 0.000085 0.000085 0.000085 0.000085 0.000085 0.000085 0.000085 0.000085 0.000082 0.000076 0.000061 0.000035 0.000000 
50.000000 30.831296 16.037695 7.054721 2.649360 0.859687 0.243976 0.061246 0.013743 0.002788 0.000522 0.000099 0.000026 0.000015 0.000013 0.000013 0.000013 0.000013 0.000013 0.000013 0.000013 0.000013 0.000013 0.000013 0.000013 0.000013 0.000013 0.000013 0.000013 0.000013 0.000013 0.000013 0.000013 0.000013 0.000013 0.000013 0.000013 0.000013 0.000013 0.000013 0.000013 0.000013 0.000013 0.000013 0.000013 0.000013 0.000012 0.000009 0.000005 0.000000 
50.000000 30.831292 16.037687 7.054711 2.649349 0.859676 0.243965 0.061235 0.013732 0.002777 0.000511 0.000087 0.000015 0.000004 0.000002 0.000002 0.000002 0.000002 0.000002 0.000002 0.000002 0.000002 0.000002 0.000002 0.000002 0.000002 0.000002 0.000002 0.000002 0.000002 0.000002 0.000002 0.000002 0.000002 0.000002 0.000002 0.000002 0.000002 0.000002 0.000002 0.000002 0.000002 0.000002 0.000002 0.000002 0.000002 0.000002 0.000001 0.000001 0.000000 
50.000000 30.831291 16.037686 7.054710 2.649348 0.859674 0.243964 0.061233 0.013730 0.002775 0.000510 0.000086 0.000013 0.000002 0.000000 0.000000 0.000000 0.000000 0.000000 0.000000 0.000000 0.000000 0.000000 0.000000 0.000000 0.000000 0.000000 0.000000 0.000000 0.000000 0.000000 0.000000 0.000000 0.000000 0.000000 0.000000 0.000000 0.000000 0.000000 0.000000 0.000000 0.000000 0.000000 0.000000 0.000000 0.000000 0.000000 0.000000 0.000000 0.000000 
50.000000 30.831291 16.037686 7.054710 2.649348 0.859674 0.243963 0.061233 0.013730 0.002775 0.000509 0.000086 0.000013 0.000002 0.000000 0.000000 0.000000 0.000000 0.000000 0.000000 0.000000 0.000000 0.000000 0.000000 0.000000 0.000000 0.000000 0.000000 0.000000 0.000000 0.000000 0.000000 0.000000 0.000000 0.000000 0.000000 0.000000 0.000000 0.000000 0.000000 0.000000 0.000000 0.000000 0.000000 0.000000 0.000000 0.000000 0.000000 0.000000 0.000000 
50.000000 30.831291 16.037686 7.054710 2.649348 0.859674 0.243963 0.061233 0.013730 0.002775 0.000509 0.000085 0.000013 0.000002 0.000000 0.000000 0.000000 0.000000 0.000000 0.000000 0.000000 0.000000 0.000000 0.000000 0.000000 0.000000 0.000000 0.000000 0.000000 0.000000 0.000000 0.000000 0.000000 0.000000 0.000000 0.000000 0.000000 0.000000 0.000000 0.000000 0.000000 0.000000 0.000000 0.000000 0.000000 0.000000 0.000000 0.000000 0.000000 0.000000 
50.000000 30.831291 16.037686 7.054710 2.649348 0.859674 0.243963 0.061233 0.013730 0.002775 0.000509 0.000085 0.000013 0.000002 0.000000 0.000000 0.000000 0.000000 0.000000 0.000000 0.000000 0.000000 0.000000 0.000000 0.000000 0.000000 0.000000 0.000000 0.000000 0.000000 0.000000 0.000000 0.000000 0.000000 0.000000 0.000000 0.000000 0.000000 0.000000 0.000000 0.000000 0.000000 0.000000 0.000000 0.000000 0.000000 0.000000 0.000000 0.000000 0.000000 
50.000000 30.831291 16.037686 7.054710 2.649348 0.859674 0.243963 0.061233 0.013730 0.002775 0.000509 0.000085 0.000013 0.000002 0.000000 0.000000 0.000000 0.000000 0.000000 0.000000 0.000000 0.000000 0.000000 0.000000 0.000000 0.000000 0.000000 0.000000 0.000000 0.000000 0.000000 0.000000 0.000000 0.000000 0.000000 0.000000 0.000000 0.000000 0.000000 0.000000 0.000000 0.000000 0.000000 0.000000 0.000000 0.000000 0.000000 0.000000 0.000000 0.000000 
50.000000 30.831291 16.037686 7.054710 2.649348 0.859674 0.243963 0.061233 0.013730 0.002775 0.000509 0.000085 0.000013 0.000002 0.000000 0.000000 0.000000 0.000000 0.000000 0.000000 0.000000 0.000000 0.000000 0.000000 0.000000 0.000000 0.000000 0.000000 0.000000 0.000000 0.000000 0.000000 0.000000 0.000000 0.000000 0.000000 0.000000 0.000000 0.000000 0.000000 0.000000 0.000000 0.000000 0.000000 0.000000 0.000000 0.000000 0.000000 0.000000 0.000000 
50.000000 30.831291 16.037686 7.054710 2.649348 0.859674 0.243963 0.061233 0.013730 0.002775 0.000509 0.000085 0.000013 0.000002 0.000000 0.000000 0.000000 0.000000 0.000000 0.000000 0.000000 0.000000 0.000000 0.000000 0.000000 0.000000 0.000000 0.000000 0.000000 0.000000 0.000000 0.000000 0.000000 0.000000 0.000000 0.000000 0.000000 0.000000 0.000000 0.000000 0.000000 0.000000 0.000000 0.000000 0.000000 0.000000 0.000000 0.000000 0.000000 0.000000 
50.000000 30.831291 16.037686 7.054710 2.649348 0.859674 0.243963 0.061233 0.013730 0.002775 0.000509 0.000085 0.000013 0.000002 0.000000 0.000000 0.000000 0.000000 0.000000 0.000000 0.000000 0.000000 0.000000 0.000000 0.000000 0.000000 0.000000 0.000000 0.000000 0.000000 0.000000 0.000000 0.000000 0.000000 0.000000 0.000000 0.000000 0.000000 0.000000 0.000000 0.000000 0.000000 0.000000 0.000000 0.000000 0.000000 0.000000 0.000000 0.000000 0.000000 
50.000000 30.831291 16.037686 7.054710 2.649348 0.859674 0.243963 0.061233 0.013730 0.002775 0.000509 0.000085 0.000013 0.000002 0.000000 0.000000 0.000000 0.000000 0.000000 0.000000 0.000000 0.000000 0.000000 0.000000 0.000000 0.000000 0.000000 0.000000 0.000000 0.000000 0.000000 0.000000 0.000000 0.000000 0.000000 0.000000 0.000000 0.000000 0.000000 0.000000 0.000000 0.000000 0.000000 0.000000 0.000000 0.000000 0.000000 0.000000 0.000000 0.000000 
50.000000 30.831291 16.037686 7.054710 2.649348 0.859674 0.243963 0.061233 0.013730 0.002775 0.000509 0.000085 0.000013 0.000002 0.000000 0.000000 0.000000 0.000000 0.000000 0.000000 0.000000 0.000000 0.000000 0.000000 0.000000 0.000000 0.000000 0.000000 0.000000 0.000000 0.000000 0.000000 0.000000 0.000000 0.000000 0.000000 0.000000 0.000000 0.000000 0.000000 0.000000 0.000000 0.000000 0.000000 0.000000 0.000000 0.000000 0.000000 0.000000 0.000000 
50.000000 30.831291 16.037686 7.054710 2.649348 0.859674 0.243963 0.061233 0.013730 0.002775 0.000509 0.000085 0.000013 0.000002 0.000000 0.000000 0.000000 0.000000 0.000000 0.000000 0.000000 0.000000 0.000000 0.000000 0.000000 0.000000 0.000000 0.000000 0.000000 0.000000 0.000000 0.000000 0.000000 0.000000 0.000000 0.000000 0.000000 0.000000 0.000000 0.000000 0.000000 0.000000 0.000000 0.000000 0.000000 0.000000 0.000000 0.000000 0.000000 0.000000 
50.000000 30.831291 16.037686 7.054710 2.649348 0.859674 0.243963 0.061233 0.013730 0.002775 0.000509 0.000085 0.000013 0.000002 0.000000 0.000000 0.000000 0.000000 0.000000 0.000000 0.000000 0.000000 0.000000 0.000000 0.000000 0.000000 0.000000 0.000000 0.000000 0.000000 0.000000 0.000000 0.000000 0.000000 0.000000 0.000000 0.000000 0.000000 0.000000 0.000000 0.000000 0.000000 0.000000 0.000000 0.000000 0.000000 0.000000 0.000000 0.000000 0.000000 
50.000000 30.831291 16.037686 7.054710 2.649348 0.859674 0.243963 0.061233 0.013730 0.002775 0.000509 0.000085 0.000013 0.000002 0.000000 0.000000 0.000000 0.000000 0.000000 0.000000 0.000000 0.000000 0.000000 0.000000 0.000000 0.000000 0.000000 0.000000 0.000000 0.000000 0.000000 0.000000 0.000000 0.000000 0.000000 0.000000 0.000000 0.000000 0.000000 0.000000 0.000000 0.000000 0.000000 0.000000 0.000000 0.000000 0.000000 0.000000 0.000000 0.000000 
50.000000 30.831291 16.037686 7.054710 2.649348 0.859674 0.243963 0.061233 0.013730 0.002775 0.000509 0.000085 0.000013 0.000002 0.000000 0.000000 0.000000 0.000000 0.000000 0.000000 0.000000 0.000000 0.000000 0.000000 0.000000 0.000000 0.000000 0.000000 0.000000 0.000000 0.000000 0.000000 0.000000 0.000000 0.000000 0.000000 0.000000 0.000000 0.000000 0.000000 0.000000 0.000000 0.000000 0.000000 0.000000 0.000000 0.000000 0.000000 0.000000 0.000000 
50.000000 30.831291 16.037686 7.054710 2.649348 0.859674 0.243963 0.061233 0.013730 0.002775 0.000509 0.000085 0.000013 0.000002 0.000000 0.000000 0.000000 0.000000 0.000000 0.000000 0.000000 0.000000 0.000000 0.000000 0.000000 0.000000 0.000000 0.000000 0.000000 0.000000 0.000000 0.000000 0.000000 0.000000 0.000000 0.000000 0.000000 0.000000 0.000000 0.000000 0.000000 0.000000 0.000000 0.000000 0.000000 0.000000 0.000000 0.000000 0.000000 0.000000 
50.000000 30.831291 16.037686 7.054710 2.649348 0.859674 0.243963 0.061233 0.013730 0.002775 0.000509 0.000085 0.000013 0.000002 0.000000 0.000000 0.000000 0.000000 0.000000 0.000000 0.000000 0.000000 0.000000 0.000000 0.000000 0.000000 0.000000 0.000000 0.000000 0.000000 0.000000 0.000000 0.000000 0.000000 0.000000 0.000000 0.000000 0.000000 0.000000 0.000000 0.000000 0.000000 0.000000 0.000000 0.000000 0.000000 0.000000 0.000000 0.000000 0.000000 
50.000000 30.831291 16.037686 7.054710 2.649348 0.859674 0.243963 0.061233 0.013730 0.002775 0.000509 0.000085 0.000013 0.000002 0.000000 0.000000 0.000000 0.000000 0.000000 0.000000 0.000000 0.000000 0.000000 0.000000 0.000000 0.000000 0.000000 0.000000 0.000000 0.000000 0.000000 0.000000 0.000000 0.000000 0.000000 0.000000 0.000000 0.000000 0.000000 0.000000 0.000000 0.000000 0.000000 0.000000 0.000000 0.000000 0.000000 0.000000 0.000000 0.000000 
50.000000 30.831291 16.037686 7.054710 2.649348 0.859674 0.243963 0.061233 0.013730 0.002775 0.000509 0.000085 0.000013 0.000002 0.000000 0.000000 0.000000 0.000000 0.000000 0.000000 0.000000 0.000000 0.000000 0.000000 0.000000 0.000000 0.000000 0.000000 0.000000 0.000000 0.000000 0.000000 0.000000 0.000000 0.000000 0.000000 0.000000 0.000000 0.000000 0.000000 0.000000 0.000000 0.000000 0.000000 0.000000 0.000000 0.000000 0.000000 0.000000 0.000000 
50.000000 30.831291 16.037686 7.054710 2.649348 0.859674 0.243963 0.061233 0.013730 0.002775 0.000509 0.000085 0.000013 0.000002 0.000000 0.000000 0.000000 0.000000 0.000000 0.000000 0.000000 0.000000 0.000000 0.000000 0.000000 0.000000 0.000000 0.000000 0.000000 0.000000 0.000000 0.000000 0.000000 0.000000 0.000000 0.000000 0.000000 0.000000 0.000000 0.000000 0.000000 0.000000 0.000000 0.000000 0.000000 0.000000 0.000000 0.000000 0.000000 0.000000 
50.000000 30.831291 16.037686 7.054710 2.649348 0.859674 0.243963 0.061233 0.013730 0.002775 0.000509 0.000085 0.000013 0.000002 0.000000 0.000000 0.000000 0.000000 0.000000 0.000000 0.000000 0.000000 0.000000 0.000000 0.000000 0.000000 0.000000 0.000000 0.000000 0.000000 0.000000 0.000000 0.000000 0.000000 0.000000 0.000000 0.000000 0.000000 0.000000 0.000000 0.000000 0.000000 0.000000 0.000000 0.000000 0.000000 0.000000 0.000000 0.000000 0.000000 
50.000000 30.831291 16.037686 7.054710 2.649348 0.859674 0.243963 0.061233 0.013730 0.002775 0.000509 0.000086 0.000013 0.000002 0.000000 0.000000 0.000000 0.000000 0.000000 0.000000 0.000000 0.000000 0.000000 0.000000 0.000000 0.000000 0.000000 0.000000 0.000000 0.000000 0.000000 0.000000 0.000000 0.000000 0.000000 0.000000 0.000000 0.000000 0.000000 0.000000 0.000000 0.000000 0.000000 0.000000 0.000000 0.000000 0.000000 0.000000 0.000000 0.000000 
50.000000 30.831291 16.037686 7.054710 2.649348 0.859674 0.243964 0.061233 0.013730 0.002775 0.000510 0.000086 0.000013 0.000002 0.000000 0.000000 0.000000 0.000000 0.000000 0.000000 0.000000 0.000000 0.000000 0.000000 0.000000 0.000000 0.000000 0.000000 0.000000 0.000000 0.000000 0.000000 0.000000 0.000000 0.000000 0.000000 0.000000 0.000000 0.000000 0.000000 0.000000 0.000000 0.000000 0.000000 0.000000 0.000000 0.000000 0.000000 0.000000 0.000000 
50.000000 30.831292 16.037687 7.054711 2.649349 0.859676 0.243965 0.061235 0.013732 0.002777 0.000511 0.000087 0.000015 0.000004 0.000002 0.000002 0.000002 0.000002 0.000002 0.000002 0.000002 0.000002 0.000002 0.000002 0.000002 0.000002 0.000002 0.000002 0.000002 0.000002 0.000002 0.000002 0.000002 0.000002 0.000002 0.000002 0.000002 0.000002 0.000002 0.000002 0.000002 0.000002 0.000002 0.000002 0.000002 0.000002 0.000002 0.000001 0.000001 0.000000 
50.000000 30.831296 16.037695 7.054721 2.649360 0.859687 0.243976 0.061246 0.013743 0.002788 0.000522 0.000099 0.000026 0.000015 0.000013 0.000013 0.000013 0.000013 0.000013 0.000013 0.000013 0.000013 0.000013 0.000013 0.000013 0.000013 0.000013 0.000013 0.000013 0.000013 0.000013 0.000013 0.000013 0.000013 0.000013 0.000013 0.000013 0.000013 0.000013 0.000013 0.000013 0.000013 0.000013 0.000013 0.000013 0.000013 0.000012 0.000009 0.000005 0.000000 
50.000000 30.831324 16.037745 7.054784 2.649429 0.859758 0.244048 0.061319 0.013816 0.002860 0.000595 0.000171 0.000099 0.000087 0.000086 0.000086 0.000085 0.000085 0.000085 0.000085 0.000085 0.000085 0.000085 0.000085 0.000085 0.000085 0.000085 0.000085 0.000085 0.000085 0.000085 0.000085 0.000085 0.000085 0.000085 0.000085 0.000085 0.000085 0.000085 0.000085 0.000085 0.000085 0.000085 0.000085 0.000085 0.000082 0.000076 0.000061 0.000035 0.000000 
50.000000 30.831489 16.038036 7.055150 2.649832 0.860176 0.244470 0.061742 0.014239 0.003284 0.001019 0.000595 0.000522 0.000511 0.000510 0.000509 0.000509 0.000509 0.000509 0.000509 0.000509 0.000509 0.000509 0.000509 0.000509 0.000509 0.000509 0.000509 0.000509 0.000509 0.000509 0.000509 0.000509 0.000509 0.000509 0.000509 0.000509 0.000509 0.000509 0.000509 0.000509 0.000509 0.000509 0.000508 0.000504 0.000490 0.000452 0.000366 0.000212 0.000000 
50.000000 30.832370 16.039591 7.057109 2.651984 0.862405 0.246726 0.064005 0.016504 0.005549 0.003284 0.002860 0.002788 0.002777 0.002775 0.002775 0.002775 0.002775 0.002775 0.002775 0.002775 0.002775 0.002775 0.002775 0.002775 0.002775 0.002775 0.002775 0.002775 0.002775 0.002775 0.002775 0.002775 0.002775 0.002775 0.002775 0.002775 0.002775 0.002775 0.002775 0.002775 0.002774 0.002773 0.002767 0.002745 0.002671 0.002468 0.002003 0.001160 0.000000 
50.000000 30.836619 16.047098 7.066569 2.662388 0.873185 0.257633 0.074948 0.027457 0.016504 0.014239 0.013816 0.013743 0.013732 0.013730 0.013730 0.013730 0.013730 0.013730 0.013730 0.013730 0.013730 0.013730 0.013730 0.013730 0.013730 0.013730 0.013730 0.013730 0.013730 0.013730 0.013730 0.013730 0.013730 0.013730 0.013730 0.013730 0.013730 0.013730 0.013730 0.013730 0.013729 0.013722 0.013694 0.013587 0.013234 0.012247 0.009970 0.005795 0.000000 
50.000000 30.855006 16.079595 7.107550 2.707476 0.919917 0.304920 0.122398 0.074948 0.064005 0.061742 0.061319 0.061246 0.061235 0.061233 0.061233 0.061233 0.061233 0.061233 0.061233 0.061233 0.061233 0.061233 0.061233 0.061233 0.061233 0.061233 0.061233 0.061233 0.061233 0.061233 0.061233 0.061233 0.061233 0.061233 0.061233 0.061233 0.061233 0.061233 0.061233 0.061232 0.061226 0.061199 0.061081 0.060627 0.059116 0.054837 0.044824 0.026187 0.000000 
50.000000 30.925588 16.204413 7.265046 2.880835 1.099644 0.486810 0.304920 0.257633 0.246726 0.244470 0.244048 0.243976 0.243965 0.243964 0.243963 0.243963 0.243963 0.243963 0.243963 0.243963 0.243963 0.243963 0.243963 0.243963 0.243963 0.243963 0.243963 0.243963 0.243963 0.243963 0.243963 0.243963 0.243963 0.243963 0.243963 0.243963 0.243963 0.243963 0.243963 0.243959 0.243939 0.243840 0.243405 0.241720 0.236035 0.219676 0.180625 0.106324 0.000000 
50.000000 31.162953 16.624376 7.795252 3.464699 1.705116 1.099644 0.919917 0.873185 0.862405 0.860176 0.859758 0.859687 0.859676 0.859674 0.859674 0.859674 0.859674 0.859674 0.859674 0.859674 0.859674 0.859674 0.859674 0.859674 0.859674 0.859674 0.859674 0.859674 0.859674 0.859674 0.859674 0.859674 0.859674 0.859674 0.859674 0.859674 0.859674 0.859674 0.859672 0.859660 0.859598 0.859290 0.857924 0.852558 0.834135 0.779916 0.646821 0.385267 0.000000 
50.000000 31.851634 17.843408 9.335086 5.161066 3.464699 2.880835 2.707476 2.662388 2.651984 2.649832 2.649429 2.649360 2.649349 2.649348 2.649348 2.649348 2.649348 2.649348 2.649348 2.649348 2.649348 2.649348 2.649348 2.649348 2.649348 2.649348 2.649348 2.649348 2.649348 2.649348 2.649348 2.649348 2.649348 2.649348 2.649348 2.649348 2.649347 2.649347 2.649342 2.649313 2.649154 2.648360 2.644800 2.630564 2.580533 2.428662 2.040542 1.239239 0.000000 
50.000000 33.544035 20.840376 13.122531 9.335086 7.795252 7.265046 7.107550 7.066569 7.057109 7.055150 7.054784 7.054721 7.054711 7.054710 7.054710 7.054710 7.054710 7.054710 7.054710 7.054710 7.054710 7.054710 7.054710 7.054710 7.054710 7.054710 7.054710 7.054710 7.054710 7.054710 7.054710 7.054710 7.054710 7.054710 7.054710 7.054710 7.054709 7.054708 7.054698 7.054641 7.054322 7.052713 7.045370 7.015336 6.906425 6.561265 5.625385 3.534868 0.000000 
50.000000 36.990081 26.944962 20.840376 17.843408 16.624376 16.204413 16.079595 16.047098 16.039591 16.038036 16.037745 16.037695 16.037687 16.037686 16.037686 16.037686 16.037686 16.037686 16.037686 16.037686 16.037686 16.037686 16.037686 16.037686 16.037686 16.037686 16.037686 16.037686 16.037686 16.037686 16.037686 16.037686 16.037686 16.037686 16.037686 16.037686 16.037686 16.037684 16.037670 16.037588 16.037128 16.034771 16.023788 15.977556 15.802865 15.214991 13.472481 9.028492 0.000000 
50.000000 42.659014 36.990081 33.544035 31.851634 31.162953 30.925588 30.855006 30.836619 30.832370 30.831489 30.831324 30.831296 30.831292 30.831291 30.831291 30.831291 30.831291 30.831291 30.831291 30.831291 30.831291 30.831291 30.831291 30.831291 30.831291 30.831291 30.831291 30.831291 30.831291 30.831291 30.831291 30.831291 30.831291 30.831291 30.831291 30.831291 30.831291 30.831289 30.831278 30.831210 30.830824 30.828819 30.819264 30.777686 30.612395 30.009167 27.961589 21.329507 0.000000 
50.000000 50.000000 50.000000 50.000000 50.000000 50.000000 50.000000 50.000000 50.000000 50.000000 50.000000 50.000000 50.000000 50.000000 50.000000 50.000000 50.000000 50.000000 50.000000 50.000000 50.000000 50.000000 50.000000 50.000000 50.000000 50.000000 50.000000 50.000000 50.000000 50.000000 50.000000 50.000000 50.000000 50.000000 50.000000 50.000000 50.000000 50.000000 50.000000 50.000000 50.000000 50.000000 50.000000 50.000000 50.000000 50.000000 50.000000 50.000000 50.000000 50.000000 
