50.000000 50.000000 50.000000 50.000000 50.000000 50.000000 50.000000 50.000000 50.000000 50.000000 50.000000 50.000000 50.000000 50.000000 50.000000 50.000000 50.000000 50.000000 50.000000 50.000000 50.000000 50.000000 50.000000 50.000000 50.000000 50.000000 50.000000 50.000000 50.000000 50.000000 50.000000 50.000000 50.000000 50.000000 50.000000 50.000000 50.000000 50.000000 50.000000 50.000000 50.000000 50.000000 50.000000 50.000000 50.000000 50.000000 50.000000 50.000000 50.000000 50.000000 
50.000000 48.596150 47.254148 46.027677 44.955886 44.060053 43.343649 42.795267 42.393277 42.110926 41.920789 41.797953 41.721769 41.676378 41.650377 41.636048 41.628445 41.624558 41.622641 41.621729 41.621311 41.621125 41.621045 41.621011 41.620998 41.620992 41.620990 41.620987 41.620982 41.620971 41.620942 41.620873 41.620713 41.620352 41.619561 41.617875 41.614383 41.607340 41.593506 41.566984 41.517242 41.425673 41.259406 40.959505 40.416507 39.414228 37.485263 33.494250 24.298075 0.000000 
50.000000 47.254148 44.629270 42.230369 40.134017 38.381833 36.980607 35.908022 35.121772 34.569526 34.197642 33.957393 33.808392 33.719614 33.668762 33.640738 33.625868 33.618265 33.614517 33.612734 33.611915 33.611551 33.611395 33.611330 33.611304 33.611293 33.611288 33.611283 33.611274 33.611252 33.611199 33.611072 33.610777 33.610112 33.608657 33.605565 33.599173 33.586326 33.561189 33.513252 33.423985 33.261261 32.969933 32.455415 31.554022 29.977388 27.207589 22.314635 13.759898 0.000000 
50.000000 46.027677 42.230369 38.759983 35.727294 33.192510 31.165451 29.613828 28.476434 27.677559 27.139602 26.792069 26.576533 26.448116 26.374559 26.334023 26.312514 26.301518 26.296097 26.293518 26.292333 26.291807 26.291581 26.291487 26.291449 26.291433 26.291426 26.291420 26.291408 26.291379 26.291309 26.291142 26.290755 26.289885 26.287987 26.283965 26.275684 26.259120 26.226908 26.165959 26.053617 25.851622 25.496700 24.886087 23.855676 22.148859 19.379992 15.022780 8.542414 0.000000 
50.000000 44.955886 40.134017 35.727294 31.876383 28.657736 26.083817 24.113618 22.669410 21.655053 20.972002 20.530742 20.257083 20.094038 20.000649 19.949185 19.921878 19.907918 19.901036 19.897762 19.896258 19.895590 19.895303 19.895184 19.895136 19.895116 19.895108 19.895100 19.895087 19.895054 19.894977 19.894791 19.894364 19.893405 19.891319 19.886917 19.877899 19.859969 19.825363 19.760496 19.642363 19.433225 19.073140 18.470080 17.488285 15.938192 13.578435 10.156629 5.541658 0.000000 
50.000000 44.060053 38.381833 33.192510 28.657736 24.867538 21.836587 19.516583 17.815983 16.621565 15.817279 15.297709 14.975490 14.783519 14.673563 14.612971 14.580823 14.564388 14.556286 14.552431 14.550661 14.549875 14.549537 14.549397 14.549340 14.549317 14.549307 14.549299 14.549286 14.549254 14.549176 14.548994 14.548572 14.547631 14.545593 14.541309 14.532584 14.515354 14.482371 14.421176 14.311131 14.119373 13.795732 13.267210 12.433769 11.169451 9.336834 6.827811 3.643546 0.000000 
50.000000 43.343649 36.980607 31.165451 26.083817 21.836587 18.440193 15.840500 13.934913 12.596544 11.695342 11.113177 10.752147 10.537058 10.413865 10.345979 10.309962 10.291550 10.282474 10.278156 10.276173 10.275292 10.274914 10.274757 10.274693 10.274668 10.274657 10.274649 10.274636 10.274607 10.274538 10.274372 10.273994 10.273151 10.271332 10.267531 10.259833 10.244739 10.216094 10.163493 10.070078 9.909759 9.644156 9.220097 8.569377 7.613737 6.279364 4.525192 2.384144 0.000000 
50.000000 42.795267 35.908022 29.613828 24.113618 19.516583 15.840500 13.026762 10.964309 9.515792 8.540440 7.910387 7.519668 7.286897 7.153579 7.080117 7.041143 7.021219 7.011398 7.006726 7.004580 7.003627 7.003218 7.003048 7.002979 7.002952 7.002940 7.002933 7.002922 7.002898 7.002839 7.002701 7.002386 7.001687 7.000185 6.997062 6.990776 6.978541 6.955516 6.913657 6.840199 6.715898 6.513381 6.196344 5.720852 5.040478 4.117129 2.938090 1.535862 0.000000 
50.000000 42.393277 35.121772 28.476434 22.669410 17.815983 13.934913 10.964309 8.786905 7.257680 6.228000 5.562865 5.150400 4.904679 4.763948 4.686402 4.645262 4.624232 4.613866 4.608935 4.606670 4.605664 4.605233 4.605053 4.604981 4.604952 4.604940 4.604934 4.604925 4.604905 4.604859 4.604752 4.604506 4.603964 4.602806 4.600408 4.595613 4.586343 4.569041 4.537881 4.483801 4.393453 4.248411 4.025153 3.696611 3.236185 2.624812 1.860511 0.967604 0.000000 
50.000000 42.110926 34.569526 27.677559 21.655053 16.621565 12.596544 9.515792 7.257680 5.671792 4.603977 3.914220 3.486494 3.231686 3.085753 3.005344 2.962685 2.940879 2.930131 2.925018 2.922670 2.921627 2.921180 2.920994 2.920919 2.920889 2.920877 2.920871 2.920864 2.920850 2.920816 2.920737 2.920557 2.920162 2.919321 2.917590 2.914148 2.907540 2.895298 2.873445 2.835896 2.773879 2.675594 2.526466 2.310435 2.012691 1.623942 1.145541 0.593684 0.000000 
50.000000 41.920789 34.197642 27.139602 20.972002 15.817279 11.695342 8.540440 6.228000 4.603977 3.510498 2.804174 2.366180 2.105260 1.955829 1.873494 1.829814 1.807487 1.796482 1.791247 1.788843 1.787775 1.787317 1.787127 1.787050 1.787020 1.787008 1.787002 1.786997 1.786987 1.786963 1.786908 1.786784 1.786512 1.785935 1.784754 1.782418 1.777961 1.769764 1.755249 1.730532 1.690118 1.626783 1.531850 1.396103 1.211506 0.973644 0.684390 0.353805 0.000000 
50.000000 41.797953 33.957393 26.792069 20.530742 15.297709 11.113177 7.910387 5.562865 3.914220 2.804174 2.087155 1.642536 1.377672 1.225984 1.142407 1.098069 1.075406 1.064235 1.058922 1.056481 1.055398 1.054933 1.054739 1.054661 1.054631 1.054619 1.054614 1.054610 1.054603 1.054587 1.054551 1.054470 1.054292 1.053917 1.053152 1.051647 1.048793 1.043578 1.034409 1.018922 0.993825 0.954871 0.897082 0.815337 0.705379 0.565161 0.396204 0.204446 0.000000 
50.000000 41.721769 33.808392 26.576533 20.257083 14.975490 10.752147 7.519668 5.150400 3.486494 2.366180 1.642536 1.193811 0.926505 0.773420 0.689073 0.644328 0.621456 0.610183 0.604822 0.602359 0.601265 0.600796 0.600601 0.600522 0.600492 0.600480 0.600475 0.600472 0.600467 0.600457 0.600435 0.600384 0.600274 0.600041 0.599570 0.598647 0.596906 0.593743 0.588219 0.578954 0.564057 0.541127 0.507408 0.460137 0.397113 0.317413 0.222066 0.114429 0.000000 
50.000000 41.676378 33.719614 26.448116 20.094038 14.783519 10.537058 7.286897 4.904679 3.231686 2.105260 1.377672 0.926505 0.657745 0.503829 0.419024 0.374037 0.351042 0.339708 0.334317 0.331841 0.330742 0.330270 0.330074 0.329995 0.329964 0.329952 0.329948 0.329945 0.329942 0.329936 0.329923 0.329893 0.329827 0.329690 0.329413 0.328872 0.327858 0.326024 0.322841 0.317537 0.309066 0.296121 0.277226 0.250935 0.216139 0.172432 0.120441 0.061995 0.000000 
50.000000 41.650377 33.668762 26.374559 20.000649 14.673563 10.413865 7.153579 4.763948 3.085753 1.955829 1.225984 0.773420 0.503829 0.349437 0.264372 0.219246 0.196180 0.184811 0.179404 0.176920 0.175818 0.175345 0.175148 0.175069 0.175038 0.175026 0.175022 0.175019 0.175018 0.175014 0.175006 0.174989 0.174952 0.174875 0.174719 0.174416 0.173850 0.172832 0.171075 0.168163 0.163539 0.156518 0.146334 0.132254 0.113732 0.090594 0.063198 0.032502 0.000000 
50.000000 41.636048 33.640738 26.334023 19.949185 14.612971 10.345979 7.080117 4.686402 3.005344 1.873494 1.142407 0.689073 0.419024 0.264372 0.179162 0.133960 0.110856 0.099468 0.094052 0.091564 0.090459 0.089985 0.089788 0.089709 0.089678 0.089666 0.089662 0.089660 0.089659 0.089657 0.089653 0.089643 0.089623 0.089581 0.089497 0.089334 0.089032 0.088490 0.087558 0.086023 0.083597 0.079933 0.074647 0.067379 0.057865 0.046035 0.032080 0.016487 0.000000 
50.000000 41.628445 33.625868 26.312514 19.921878 14.580823 10.309962 7.041143 4.645262 2.962685 1.829814 1.098069 0.644328 0.374037 0.219246 0.133960 0.088718 0.065593 0.054195 0.048774 0.046284 0.045178 0.044704 0.044507 0.044427 0.044396 0.044385 0.044380 0.044379 0.044378 0.044377 0.044374 0.044369 0.044359 0.044337 0.044294 0.044210 0.044054 0.043777 0.043302 0.042523 0.041298 0.039456 0.036812 0.033192 0.028474 0.022629 0.015756 0.008093 0.000000 
50.000000 41.624558 33.618265 26.301518 19.907918 14.564388 10.291550 7.021219 4.624232 2.940879 1.807487 1.075406 0.621456 0.351042 0.196180 0.110856 0.065593 0.042457 0.031054 0.025630 0.023139 0.022033 0.021559 0.021362 0.021282 0.021251 0.021239 0.021235 0.021234 0.021233 0.021232 0.021231 0.021229 0.021223 0.021212 0.021191 0.021149 0.021072 0.020936 0.020703 0.020322 0.019726 0.018833 0.017556 0.015815 0.013555 0.010763 0.007489 0.003845 0.000000 
50.000000 41.622641 33.614517 26.296097 19.901036 14.556286 10.282474 7.011398 4.613866 2.930131 1.796482 1.064235 0.610183 0.339708 0.184811 0.099468 0.054195 0.031054 0.019648 0.014224 0.011732 0.010626 0.010151 0.009954 0.009874 0.009843 0.009832 0.009827 0.009826 0.009825 0.009825 0.009824 0.009823 0.009821 0.009815 0.009805 0.009785 0.009749 0.009684 0.009574 0.009394 0.009114 0.008697 0.008101 0.007292 0.006245 0.004955 0.003446 0.001768 0.000000 
50.000000 41.621729 33.612734 26.293518 19.897762 14.552432 10.278156 7.006726 4.608935 2.925018 1.791247 1.058922 0.604822 0.334317 0.179404 0.094052 0.048774 0.025631 0.014224 0.008798 0.006307 0.005200 0.004725 0.004528 0.004449 0.004418 0.004406 0.004402 0.004400 0.004400 0.004399 0.004399 0.004398 0.004397 0.004395 0.004390 0.004381 0.004364 0.004335 0.004284 0.004203 0.004076 0.003887 0.003619 0.003255 0.002786 0.002209 0.001535 0.000788 0.000000 
50.000000 41.621311 33.611915 26.292333 19.896258 14.550661 10.276173 7.004580 4.606670 2.922670 1.788843 1.056481 0.602359 0.331841 0.176921 0.091564 0.046284 0.023140 0.011732 0.006307 0.003815 0.002708 0.002234 0.002036 0.001957 0.001926 0.001914 0.001910 0.001908 0.001908 0.001907 0.001907 0.001907 0.001907 0.001905 0.001903 0.001899 0.001892 0.001879 0.001857 0.001821 0.001765 0.001683 0.001566 0.001407 0.001204 0.000954 0.000663 0.000340 0.000000 
50.000000 41.621125 33.611551 26.291807 19.895591 14.549875 10.275293 7.003628 4.605665 2.921628 1.787776 1.055398 0.601266 0.330743 0.175819 0.090460 0.045179 0.022034 0.010627 0.005201 0.002709 0.001603 0.001128 0.000930 0.000851 0.000820 0.000808 0.000804 0.000803 0.000802 0.000802 0.000802 0.000802 0.000801 0.000801 0.000800 0.000798 0.000795 0.000789 0.000780 0.000765 0.000741 0.000706 0.000657 0.000590 0.000505 0.000400 0.000278 0.000142 0.000000 
50.000000 41.621045 33.611396 26.291582 19.895305 14.549539 10.274916 7.003220 4.605235 2.921182 1.787319 1.054935 0.600798 0.330272 0.175347 0.089988 0.044706 0.021561 0.010153 0.004728 0.002236 0.001129 0.000654 0.000457 0.000378 0.000347 0.000335 0.000331 0.000329 0.000329 0.000328 0.000328 0.000328 0.000328 0.000328 0.000328 0.000327 0.000326 0.000323 0.000319 0.000313 0.000303 0.000289 0.000269 0.000241 0.000206 0.000163 0.000113 0.000058 0.000000 
50.000000 41.621013 33.611332 26.291490 19.895188 14.549402 10.274762 7.003054 4.605059 2.921000 1.787133 1.054746 0.600608 0.330081 0.175154 0.089795 0.044513 0.021368 0.009960 0.004535 0.002043 0.000936 0.000461 0.000264 0.000185 0.000154 0.000142 0.000138 0.000136 0.000136 0.000135 0.000135 0.000135 0.000135 0.000135 0.000135 0.000135 0.000134 0.000133 0.000132 0.000129 0.000125 0.000119 0.000110 0.000099 0.000085 0.000067 0.000047 0.000024 0.000000 
50.000000 41.621001 33.611310 26.291458 19.895147 14.549353 10.274708 7.002995 4.604998 2.920936 1.787068 1.054679 0.600541 0.330013 0.175087 0.089727 0.044446 0.021300 0.009893 0.004467 0.001975 0.000869 0.000394 0.000196 0.000117 0.000086 0.000074 0.000070 0.000068 0.000068 0.000068 0.000068 0.000068 0.000068 0.000068 0.000067 0.000067 0.000067 0.000067 0.000066 0.000064 0.000062 0.000059 0.000055 0.000049 0.000042 0.000033 0.000023 0.000012 0.000000 
50.000000 41.621001 33.611310 26.291458 19.895147 14.549353 10.274708 7.002995 4.604998 2.920936 1.787068 1.054679 0.600541 0.330013 0.175087 0.089727 0.044446 0.021300 0.009893 0.004467 0.001975 0.000869 0.000394 0.000196 0.000117 0.000086 0.000074 0.000070 0.000068 0.000068 0.000068 0.000068 0.000068 0.000068 0.000068 0.000067 0.000067 0.000067 0.000067 0.000066 0.000064 0.000062 0.000059 0.000055 0.000049 0.000042 0.000033 0.000023 0.000012 0.000000 
50.000000 41.621013 33.611332 26.291490 19.895188 14.549402 10.274762 7.003054 4.605059 2.921000 1.787133 1.054746 0.600608 0.330081 0.175154 0.089795 0.044513 0.021368 0.009960 0.004535 0.002043 0.000936 0.000461 0.000264 0.000185 0.000154 0.000142 0.000138 0.000136 0.000136 0.000135 0.000135 0.000135 0.000135 0.000135 0.000135 0.000135 0.000134 0.000133 0.000132 0.000129 0.000125 0.000119 0.000110 0.000099 0.000085 0.000067 0.000047 0.000024 0.000000 
50.000000 41.621045 33.611396 26.291582 19.895305 14.549539 10.274916 7.003220 4.605235 2.921182 1.787319 1.054935 0.600798 0.330272 0.175347 0.089988 0.044706 0.021561 0.010153 0.004728 0.002236 0.001129 0.000654 0.000457 0.000378 0.000347 0.000335 0.000331 0.000329 0.000329 0.000328 0.000328 0.000328 0.000328 0.000328 0.000328 0.000327 0.000326 0.000323 0.000319 0.000313 0.000303 0.000289 0.000269 0.000241 0.000206 0.000163 0.000113 0.000058 0.000000 
50.000000 41.621125 33.611551 26.291807 19.895591 14.549875 10.275293 7.003628 4.605665 2.921628 1.787776 1.055398 0.601266 0.330743 0.175819 0.090460 0.045179 0.022034 0.010627 0.005201 0.002709 0.001603 0.001128 0.000930 0.000851 0.000820 0.000808 0.000804 0.000803 0.000802 0.000802 0.000802 0.000802 0.000801 0.000801 0.000800 0.000798 0.000795 0.000789 0.000780 0.000765 0.000741 0.000706 0.000657 0.000590 0.000505 0.000400 0.000278 0.000142 0.000000 
50.000000 41.621311 33.611915 26.292333 19.896258 14.550661 10.276173 7.004580 4.606670 2.922670 1.788843 1.056481 0.602359 0.331841 0.176921 0.091564 0.046284 0.023140 0.011732 0.006307 0.003815 0.002708 0.002234 0.002036 0.001957 0.001926 0.001914 0.001910 0.001908 0.001908 0.001907 0.001907 0.001907 0.001907 0.001905 0.001903 0.001899 0.001892 0.001879 0.001857 0.001821 0.001765 0.001683 0.001566 0.001407 0.001204 0.000954 0.000663 0.000340 0.000000 
50.000000 41.621729 33.612734 26.293518 19.897762 14.552432 10.278156 7.006726 4.608935 2.925018 1.791247 1.058922 0.604822 0.334317 0.179404 0.094052 0.048774 0.025631 0.014224 0.008798 0.006307 0.005200 0.004725 0.004528 0.004449 0.004418 0.004406 0.004402 0.004400 0.004400 0.004399 0.004399 0.004398 0.004397 0.004395 0.004390 0.004381 0.004364 0.004335 0.004284 0.004203 0.004076 0.003887 0.003619 0.003255 0.002786 0.002209 0.001535 0.000788 0.000000 
50.000000 41.622641 33.614517 26.296097 19.901036 14.556286 10.282474 7.011398 4.613866 2.930131 1.796482 1.064235 0.610183 0.339708 0.184811 0.099468 0.054195 0.031054 0.019648 0.014224 0.011732 0.010626 0.010151 0.009954 0.009874 0.009843 0.009832 0.009827 0.009826 0.009825 0.009825 0.009824 0.009823 0.009821 0.009815 0.009805 0.009785 0.009749 0.009684 0.009574 0.009394 0.009114 0.008697 0.008101 0.007292 0.006245 0.004955 0.003446 0.001768 0.000000 
50.000000 41.624558 33.618265 26.301518 19.907918 14.564388 10.291550 7.021219 4.624232 2.940879 1.807487 1.075406 0.621456 0.351042 0.196180 0.110856 0.065593 0.042457 0.031054 0.025630 0.023139 0.022033 0.021559 0.021362 0.021282 0.021251 0.021239 0.021235 0.021234 0.021233 0.021232 0.021231 0.021229 0.021223 0.021212 0.021191 0.021149 0.021072 0.020936 0.020703 0.020322 0.019726 0.018833 0.017556 0.015815 0.013555 0.010763 0.007489 0.003845 0.000000 
50.000000 41.628445 33.625868 26.312514 19.921878 14.580823 10.309962 7.041143 4.645262 2.962685 1.829814 1.098069 0.644328 0.374037 0.219246 0.133960 0.088718 0.065593 0.054195 0.048774 0.046284 0.045178 0.044704 0.044507 0.044427 0.044396 0.044385 0.044380 0.044379 0.044378 0.044377 0.044374 0.044369 0.044359 0.044337 0.044294 0.044210 0.044054 0.043777 0.043302 0.042523 0.041298 0.039456 0.036812 0.033192 0.028474 0.022629 0.015756 0.008093 0.000000 
50.000000 41.636048 33.640738 26.334023 19.949185 14.612971 10.345979 7.080117 4.686402 3.005344 1.873494 1.142407 0.689073 0.419024 0.264372 0.179162 0.133960 0.110856 0.099468 0.094052 0.091564 0.090459 0.089985 0.089788 0.089709 0.089678 0.089666 0.089662 0.089660 0.089659 0.089657 0.089653 0.089643 0.089623 0.089581 0.089497 0.089334 0.089032 0.088490 0.087558 0.086023 0.083597 0.079933 0.074647 0.067379 0.057865 0.046035 0.032080 0.016487 0.000000 
50.000000 41.650377 33.668762 26.374559 20.000649 14.673563 10.413865 7.153579 4.763948 3.085753 1.955829 1.225984 0.773420 0.503829 0.349437 0.264372 0.219246 0.196180 0.184811 0.179404 0.176920 0.175818 0.175345 0.175148 0.175069 0.175038 0.175026 0.175022 0.175019 0.175018 0.175014 0.175006 0.174989 0.174952 0.174875 0.174719 0.174416 0.173850 0.172832 0.171075 0.168163 0.163539 0.156518 0.146334 0.132254 0.113732 0.090594 0.063198 0.032502 0.000000 
50.000000 41.676378 33.719614 26.448116 20.094038 14.783519 10.537058 7.286897 4.904679 3.231686 2.105260 1.377672 0.926505 0.657745 0.503829 0.419024 0.374037 0.351042 0.339708 0.334317 0.331841 0.330742 0.330270 0.330074 0.329995 0.329964 0.329952 0.329948 0.329945 0.329942 0.329936 0.329923 0.329893 0.329827 0.329690 0.329413 0.328872 0.327858 0.326024 0.322841 0.317537 0.309066 0.296121 0.277226 0.250935 0.216139 0.172432 0.120441 0.061995 0.000000 
50.000000 41.721769 33.808392 26.576533 20.257083 14.975490 10.752147 7.519668 5.150400 3.486494 2.366180 1.642536 1.193811 0.926505 0.773420 0.689073 0.644328 0.621456 0.610183 0.604822 0.602359 0.601265 0.600796 0.600601 0.600522 0.600492 0.600480 0.600475 0.600472 0.600467 0.600457 0.600435 0.600384 0.600274 0.600041 0.599570 0.598647 0.596906 0.593743 0.588219 0.578954 0.564057 0.541127 0.507408 0.460137 0.397113 0.317413 0.222066 0.114429 0.000000 
50.000000 41.797953 33.957393 26.792069 20.530742 15.297709 11.113177 7.910387 5.562865 3.914220 2.804174 2.087155 1.642536 1.377672 1.225984 1.142407 1.098069 1.075406 1.064235 1.058922 1.056481 1.055398 1.054933 1.054739 1.054661 1.054631 1.054619 1.054614 1.054610 1.054603 1.054587 1.054551 1.054470 1.054292 1.053917 1.053152 1.051647 1.048793 1.043578 1.034409 1.018922 0.993825 0.954871 0.897082 0.815337 0.705379 0.565161 0.396204 0.204446 0.000000 
50.000000 41.920789 34.197642 27.139602 20.972002 15.817279 11.695342 8.540440 6.228000 4.603977 3.510498 2.804174 2.366180 2.105260 1.955829 1.873494 1.829814 1.807487 1.796482 1.791247 1.788843 1.787775 1.787317 1.787127 1.787050 1.787020 1.787008 1.787002 1.786997 1.786987 1.786963 1.786908 1.786784 1.786512 1.785935 1.784754 1.782418 1.777961 1.769764 1.755249 1.730532 1.690118 1.626783 1.531850 1.396103 1.211506 0.973644 0.684390 0.353805 0.000000 
50.000000 42.110926 34.569526 27.677559 21.655053 16.621565 12.596544 9.515792 7.257680 5.671792 4.603977 3.914220 3.486494 3.231686 3.085753 3.005344 2.962685 2.940879 2.930131 2.925018 2.922670 2.921627 2.921180 2.920994 2.920919 2.920889 2.920877 2.920871 2.920864 2.920850 2.920816 2.920737 2.920557 2.920162 2.919321 2.917590 2.914148 2.907540 2.895298 2.873445 2.835896 2.773879 2.675594 2.526466 2.310435 2.012691 1.623942 1.145541 0.593684 0.000000 
50.000000 42.393277 35.121772 28.476434 22.669410 17.815983 13.934913 10.964309 8.786905 7.257680 6.228000 5.562865 5.150400 4.904679 4.763948 4.686402 4.645262 4.624232 4.613866 4.608935 4.606670 4.605664 4.605233 4.605053 4.604981 4.604952 4.604940 4.604934 4.604925 4.604905 4.604859 4.604752 4.604506 4.603964 4.602806 4.600408 4.595613 4.586343 4.569041 4.537881 4.483801 4.393453 4.248411 4.025153 3.696611 3.236185 2.624812 1.860511 0.967604 0.000000 
50.000000 42.795267 35.908022 29.613828 24.113618 19.516583 15.840500 13.026762 10.964309 9.515792 8.540440 7.910387 7.519668 7.286897 7.153579 7.080117 7.041143 7.021219 7.011398 7.006726 7.004580 7.003627 7.003218 7.003048 7.002979 7.002952 7.002940 7.002933 7.002922 7.002898 7.002839 7.002701 7.002386 7.001687 7.000185 6.997062 6.990776 6.978541 6.955516 6.913657 6.840199 6.715898 6.513381 6.196344 5.720852 5.040478 4.117129 2.938090 1.535862 0.000000 
50.000000 43.343649 36.980607 31.165451 26.083817 21.836587 18.440193 15.840500 13.934913 12.596544 11.695342 11.113177 10.752147 10.537058 10.413865 10.345979 10.309962 10.291550 10.282474 10.278156 10.276173 10.275292 10.274914 10.274757 10.274693 10.274668 10.274657 10.274649 10.274636 10.274607 10.274538 10.274372 10.273994 10.273151 10.271332 10.267531 10.259833 10.244739 10.216094 10.163493 10.070078 9.909759 9.644156 9.220097 8.569377 7.613737 6.279364 4.525192 2.384144 0.000000 
50.000000 44.060053 38.381833 33.192510 28.657736 24.867538 21.836587 19.516583 17.815983 16.621565 15.817279 15.297709 14.975490 14.783519 14.673563 14.612971 14.580823 14.564388 14.556286 14.552431 14.550661 14.549875 14.549537 14.549397 14.549340 14.549317 14.549307 14.549299 14.549286 14.549254 14.549176 14.548994 14.548572 14.547631 14.545593 14.541309 14.532584 14.515354 14.482371 14.421176 14.311131 14.119373 13.795732 13.267210 12.433769 11.169451 9.336834 6.827811 3.643546 0.000000 
50.000000 44.955886 40.134017 35.727294 31.876383 28.657736 26.083817 24.113618 22.669410 21.655053 20.972002 20.530742 20.257083 20.094038 20.000649 19.949185 19.921878 19.907918 19.901036 19.897762 19.896258 19.895590 19.895303 19.895184 19.895136 19.895116 19.895108 19.895100 19.895087 19.895054 19.894977 19.894791 19.894364 19.893405 19.891319 19.886917 19.877899 19.859969 19.825363 19.760496 19.642363 19.433225 19.073140 18.470080 17.488285 15.938192 13.578435 10.156629 5.541658 0.000000 
50.000000 46.027677 42.230369 38.759983 35.727294 33.192510 31.165451 29.613828 28.476434 27.677559 27.139602 26.792069 26.576533 26.448116 26.374559 26.334023 26.312514 26.301518 26.296097 26.293518 26.292333 26.291807 26.291581 26.291487 26.291449 26.291433 26.291426 26.291420 26.291408 26.291379 26.291309 26.291142 26.290755 26.289885 26.287987 26.283965 26.275684 26.259120 26.226908 26.165959 26.053617 25.851622 25.496700 24.886087 23.855676 22.148859 19.379992 15.022780 8.542414 0.000000 
50.000000 47.254148 44.629270 42.230369 40.134017 38.381833 36.980607 35.908022 35.121772 34.569526 34.197642 33.957393 33.808392 33.719614 33.668762 33.640738 33.625868 33.618265 33.614517 33.612734 33.611915 33.611551 33.611395 33.611330 33.611304 33.611293 33.611288 33.611283 33.611274 33.611252 33.611199 33.611072 33.610777 33.610112 33.608657 33.605565 33.599173 33.586326 33.561189 33.513252 33.423985 33.261261 32.969933 32.455415 31.554022 29.977388 27.207589 22.314635 13.759898 0.000000 
50.000000 48.596150 47.254148 46.027677 44.955886 44.060053 43.343649 42.795267 42.393277 42.110926 41.920789 41.797953 41.721769 41.676378 41.650377 41.636048 41.628445 41.624558 41.622641 41.621729 41.621311 41.621125 41.621045 41.621011 41.620998 41.620992 41.620990 41.620987 41.620982 41.620971 41.620942 41.620873 41.620713 41.620352 41.619561 41.617875 41.614383 41.607340 41.593506 41.566984 41.517242 41.425673 41.259406 40.959505 40.416507 39.414228 37.485263 33.494250 24.298075 0.000000 
50.000000 50.000000 50.000000 50.000000 50.000000 50.000000 50.000000 50.000000 50.000000 50.000000 50.000000 50.000000 50.000000 50.000000 50.000000 50.000000 50.000000 50.000000 50.000000 50.000000 50.000000 50.000000 50.000000 50.000000 50.000000 50.000000 50.000000 50.000000 50.000000 50.000000 50.000000 50.000000 50.000000 50.000000 50.000000 50.000000 50.000000 50.000000 50.000000 50.000000 50.000000 50.000000 50.000000 50.000000 50.000000 50.000000 50.000000 50.000000 50.000000 50.000000 
