50.000000 50.000000 50.000000 50.000000 50.000000 50.000000 50.000000 50.000000 50.000000 50.000000 50.000000 50.000000 50.000000 50.000000 50.000000 50.000000 50.000000 50.000000 50.000000 50.000000 50.000000 50.000000 50.000000 50.000000 50.000000 50.000000 50.000000 50.000000 50.000000 50.000000 50.000000 50.000000 50.000000 50.000000 50.000000 50.000000 50.000000 50.000000 50.000000 50.000000 50.000000 50.000000 50.000000 50.000000 50.000000 50.000000 50.000000 50.000000 50.000000 50.000000 
50.000000 46.771657 43.869717 41.521940 39.808294 38.676171 37.996589 37.624388 37.437595 37.351328 37.314513 37.299938 37.294565 37.292714 37.292117 37.291935 37.291883 37.291869 37.291866 37.291865 37.291865 37.291865 37.291865 37.291865 37.291865 37.291865 37.291865 37.291865 37.291865 37.291865 37.291865 37.291865 37.291864 37.291864 37.291861 37.291849 37.291806 37.291655 37.291152 37.289564 37.284803 37.271264 37.234659 37.140224 36.906175 36.342441 34.998160 31.735943 23.385828 0.000000 
50.000000 43.869717 38.359303 33.901277 30.647467 28.497924 27.207678 26.501066 26.146468 25.982714 25.912837 25.885175 25.874978 25.871466 25.870332 25.869988 25.869889 25.869862 25.869855 25.869854 25.869853 25.869853 25.869853 25.869853 25.869853 25.869853 25.869853 25.869853 25.869853 25.869853 25.869853 25.869853 25.869853 25.869852 25.869847 25.869827 25.869757 25.869509 25.868688 25.866109 25.858442 25.836871 25.779437 25.634562 25.287617 24.496308 22.771655 19.179652 12.133774 0.000000 
50.000000 41.521940 33.901277 27.736228 23.236720 20.264425 18.480464 17.503549 17.013352 16.787002 16.690424 16.652197 16.638107 16.633255 16.631688 16.631213 16.631077 16.631040 16.631030 16.631028 16.631027 16.631027 16.631027 16.631027 16.631027 16.631027 16.631027 16.631027 16.631027 16.631027 16.631027 16.631027 16.631027 16.631026 16.631020 16.630999 16.630922 16.630653 16.629767 16.627008 16.618887 16.596354 16.537462 16.392665 16.058173 15.333598 13.868114 11.129622 6.523779 0.000000 
50.000000 39.808294 30.647467 23.236720 17.828349 14.255932 12.111962 10.938017 10.349017 10.077077 9.961062 9.915146 9.898225 9.892399 9.890518 9.889947 9.889784 9.889740 9.889729 9.889726 9.889725 9.889725 9.889725 9.889725 9.889725 9.889725 9.889725 9.889725 9.889725 9.889725 9.889725 9.889725 9.889725 9.889724 9.889719 9.889700 9.889634 9.889403 9.888648 9.886317 9.879533 9.860976 9.813375 9.699176 9.443818 8.914175 7.903121 6.151159 3.465853 0.000000 
50.000000 38.676171 28.497924 20.264425 14.255932 10.287384 7.905874 6.601984 5.947856 5.645881 5.517067 5.466093 5.447311 5.440844 5.438757 5.438124 5.437943 5.437894 5.437881 5.437878 5.437877 5.437877 5.437877 5.437877 5.437877 5.437877 5.437877 5.437877 5.437877 5.437877 5.437877 5.437877 5.437877 5.437876 5.437872 5.437859 5.437811 5.437644 5.437103 5.435447 5.430679 5.417817 5.385385 5.309261 5.143692 4.812114 4.206252 3.210306 1.769996 0.000000 
50.000000 37.996589 27.207678 18.480464 12.111962 7.905874 5.381991 4.000260 3.307141 2.987197 2.850732 2.796735 2.776841 2.769993 2.767783 2.767112 2.766921 2.766869 2.766855 2.766852 2.766851 2.766851 2.766851 2.766851 2.766851 2.766851 2.766851 2.766851 2.766851 2.766851 2.766851 2.766851 2.766851 2.766850 2.766848 2.766840 2.766809 2.766705 2.766368 2.765346 2.762433 2.754671 2.735397 2.690995 2.596613 2.412786 2.087799 1.573117 0.856365 0.000000 
50.000000 37.624388 26.501066 17.503549 10.938017 6.601984 4.000260 2.575997 1.861589 1.531840 1.391203 1.335561 1.315062 1.308006 1.305729 1.305038 1.304841 1.304787 1.304774 1.304770 1.304770 1.304769 1.304769 1.304769 1.304769 1.304769 1.304769 1.304769 1.304769 1.304769 1.304769 1.304769 1.304769 1.304769 1.304768 1.304763 1.304746 1.304688 1.304502 1.303943 1.302364 1.298201 1.287998 1.264862 1.216599 1.124642 0.966088 0.721629 0.389729 0.000000 
50.000000 37.437595 26.146468 17.013352 10.349017 5.947856 3.307141 1.861589 1.136533 0.801884 0.659165 0.602701 0.581901 0.574742 0.572432 0.571731 0.571530 0.571476 0.571462 0.571459 0.571458 0.571458 0.571458 0.571458 0.571458 0.571458 0.571458 0.571458 0.571458 0.571458 0.571458 0.571458 0.571458 0.571458 0.571457 0.571455 0.571446 0.571417 0.571325 0.571050 0.570279 0.568266 0.563388 0.552470 0.530040 0.488041 0.416998 0.309596 0.166331 0.000000 
50.000000 37.351328 25.982714 16.787002 10.077077 5.645881 2.987197 1.531840 0.801884 0.464983 0.321307 0.264467 0.243529 0.236322 0.233997 0.233292 0.233090 0.233035 0.233021 0.233018 0.233017 0.233017 0.233017 0.233017 0.233017 0.233017 0.233017 0.233017 0.233017 0.233017 0.233017 0.233017 0.233017 0.233017 0.233016 0.233015 0.233012 0.232999 0.232957 0.232834 0.232492 0.231605 0.229476 0.224764 0.215202 0.197545 0.168115 0.124272 0.066525 0.000000 
50.000000 37.314513 25.912837 16.690424 9.961062 5.517067 2.850732 1.391203 0.659165 0.321307 0.177226 0.120226 0.099229 0.092002 0.089671 0.088963 0.088761 0.088706 0.088692 0.088689 0.088688 0.088688 0.088688 0.088688 0.088688 0.088688 0.088688 0.088688 0.088688 0.088688 0.088688 0.088688 0.088688 0.088688 0.088688 0.088687 0.088686 0.088680 0.088663 0.088613 0.088473 0.088115 0.087260 0.085386 0.081621 0.074745 0.063417 0.046727 0.024950 0.000000 
50.000000 37.299938 25.885175 16.652197 9.915146 5.466093 2.796735 1.335561 0.602701 0.264467 0.120226 0.063163 0.042143 0.034909 0.032575 0.031867 0.031664 0.031609 0.031595 0.031592 0.031591 0.031591 0.031591 0.031591 0.031591 0.031591 0.031591 0.031591 0.031591 0.031591 0.031591 0.031591 0.031591 0.031591 0.031591 0.031591 0.031590 0.031588 0.031581 0.031562 0.031510 0.031376 0.031058 0.030367 0.028990 0.026498 0.022429 0.016486 0.008786 0.000000 
50.000000 37.294565 25.874978 16.638107 9.898225 5.447311 2.776841 1.315062 0.581901 0.243529 0.099229 0.042143 0.021115 0.013878 0.011543 0.010835 0.010632 0.010577 0.010563 0.010560 0.010559 0.010559 0.010559 0.010559 0.010559 0.010559 0.010559 0.010559 0.010559 0.010559 0.010559 0.010559 0.010559 0.010559 0.010559 0.010559 0.010558 0.010558 0.010555 0.010549 0.010530 0.010484 0.010374 0.010137 0.009667 0.008822 0.007454 0.005469 0.002910 0.000000 
50.000000 37.292714 25.871466 16.633255 9.892399 5.440844 2.769993 1.308006 0.574742 0.236322 0.092002 0.034909 0.013878 0.006640 0.004304 0.003596 0.003393 0.003338 0.003324 0.003321 0.003320 0.003320 0.003320 0.003320 0.003320 0.003320 0.003320 0.003320 0.003320 0.003320 0.003320 0.003320 0.003320 0.003320 0.003320 0.003320 0.003320 0.003320 0.003319 0.003317 0.003311 0.003296 0.003260 0.003184 0.003034 0.002765 0.002333 0.001709 0.000909 0.000000 
50.000000 37.292117 25.870332 16.631688 9.890518 5.438757 2.767783 1.305729 0.572432 0.233997 0.089671 0.032575 0.011543 0.004304 0.001969 0.001260 0.001058 0.001003 0.000989 0.000985 0.000985 0.000984 0.000984 0.000984 0.000984 0.000984 0.000984 0.000984 0.000984 0.000984 0.000984 0.000984 0.000984 0.000984 0.000984 0.000984 0.000984 0.000984 0.000984 0.000983 0.000982 0.000977 0.000966 0.000943 0.000898 0.000818 0.000689 0.000504 0.000268 0.000000 
50.000000 37.291935 25.869988 16.631213 9.889947 5.438124 2.767112 1.305038 0.571731 0.233292 0.088963 0.031867 0.010835 0.003596 0.001260 0.000552 0.000349 0.000294 0.000280 0.000277 0.000276 0.000276 0.000276 0.000276 0.000276 0.000276 0.000276 0.000276 0.000276 0.000276 0.000276 0.000276 0.000276 0.000276 0.000276 0.000276 0.000276 0.000276 0.000276 0.000276 0.000275 0.000274 0.000271 0.000264 0.000251 0.000229 0.000193 0.000141 0.000075 0.000000 
50.000000 37.291883 25.869889 16.631077 9.889784 5.437943 2.766921 1.304841 0.571530 0.233090 0.088761 0.031664 0.010632 0.003393 0.001058 0.000349 0.000147 0.000092 0.000078 0.000074 0.000073 0.000073 0.000073 0.000073 0.000073 0.000073 0.000073 0.000073 0.000073 0.000073 0.000073 0.000073 0.000073 0.000073 0.000073 0.000073 0.000073 0.000073 0.000073 0.000073 0.000073 0.000073 0.000072 0.000070 0.000067 0.000061 0.000051 0.000037 0.000020 0.000000 
50.000000 37.291869 25.869862 16.631040 9.889740 5.437894 2.766869 1.304787 0.571476 0.233035 0.088706 0.031609 0.010577 0.003338 0.001003 0.000294 0.000092 0.000037 0.000023 0.000019 0.000019 0.000019 0.000018 0.000018 0.000018 0.000018 0.000018 0.000018 0.000018 0.000018 0.000018 0.000018 0.000018 0.000018 0.000018 0.000018 0.000018 0.000018 0.000018 0.000018 0.000018 0.000018 0.000018 0.000018 0.000017 0.000015 0.000013 0.000009 0.000005 0.000000 
50.000000 37.291866 25.869855 16.631030 9.889729 5.437881 2.766855 1.304774 0.571462 0.233021 0.088692 0.031595 0.010563 0.003324 0.000989 0.000280 0.000078 0.000023 0.000009 0.000005 0.000005 0.000004 0.000004 0.000004 0.000004 0.000004 0.000004 0.000004 0.000004 0.000004 0.000004 0.000004 0.000004 0.000004 0.000004 0.000004 0.000004 0.000004 0.000004 0.000004 0.000004 0.000004 0.000004 0.000004 0.000004 0.000004 0.000003 0.000002 0.000001 0.000000 
50.000000 37.291865 25.869854 16.631028 9.889726 5.437878 2.766852 1.304770 0.571459 0.233018 0.088689 0.031592 0.010560 0.003321 0.000985 0.000277 0.000074 0.000019 0.000005 0.000002 0.000001 0.000001 0.000001 0.000001 0.000001 0.000001 0.000001 0.000001 0.000001 0.000001 0.000001 0.000001 0.000001 0.000001 0.000001 0.000001 0.000001 0.000001 0.000001 0.000001 0.000001 0.000001 0.000001 0.000001 0.000001 0.000001 0.000001 0.000001 0.000000 0.000000 
50.000000 37.291865 25.869853 16.631027 9.889725 5.437877 2.766851 1.304770 0.571458 0.233017 0.088688 0.031591 0.010559 0.003320 0.000985 0.000276 0.000073 0.000019 0.000005 0.000001 0.000000 0.000000 0.000000 0.000000 0.000000 0.000000 0.000000 0.000000 0.000000 0.000000 0.000000 0.000000 0.000000 0.000000 0.000000 0.000000 0.000000 0.000000 0.000000 0.000000 0.000000 0.000000 0.000000 0.000000 0.000000 0.000000 0.000000 0.000000 0.000000 0.000000 
50.000000 37.291865 25.869853 16.631027 9.889725 5.437877 2.766851 1.304769 0.571458 0.233017 0.088688 0.031591 0.010559 0.003320 0.000984 0.000276 0.000073 0.000019 0.000004 0.000001 0.000000 0.000000 0.000000 0.000000 0.000000 0.000000 0.000000 0.000000 0.000000 0.000000 0.000000 0.000000 0.000000 0.000000 0.000000 0.000000 0.000000 0.000000 0.000000 0.000000 0.000000 0.000000 0.000000 0.000000 0.000000 0.000000 0.000000 0.000000 0.000000 0.000000 
50.000000 37.291865 25.869853 16.631027 9.889725 5.437877 2.766851 1.304769 0.571458 0.233017 0.088688 0.031591 0.010559 0.003320 0.000984 0.000276 0.000073 0.000018 0.000004 0.000001 0.000000 0.000000 0.000000 0.000000 0.000000 0.000000 0.000000 0.000000 0.000000 0.000000 0.000000 0.000000 0.000000 0.000000 0.000000 0.000000 0.000000 0.000000 0.000000 0.000000 0.000000 0.000000 0.000000 0.000000 0.000000 0.000000 0.000000 0.000000 0.000000 0.000000 
50.000000 37.291865 25.869853 16.631027 9.889725 5.437877 2.766851 1.304769 0.571458 0.233017 0.088688 0.031591 0.010559 0.003320 0.000984 0.000276 0.000073 0.000018 0.000004 0.000001 0.000000 0.000000 0.000000 0.000000 0.000000 0.000000 0.000000 0.000000 0.000000 0.000000 0.000000 0.000000 0.000000 0.000000 0.000000 0.000000 0.000000 0.000000 0.000000 0.000000 0.000000 0.000000 0.000000 0.000000 0.000000 0.000000 0.000000 0.000000 0.000000 0.000000 
50.000000 37.291865 25.869853 16.631027 9.889725 5.437877 2.766851 1.304769 0.571458 0.233017 0.088688 0.031591 0.010559 0.003320 0.000984 0.000276 0.000073 0.000018 0.000004 0.000001 0.000000 0.000000 0.000000 0.000000 0.000000 0.000000 0.000000 0.000000 0.000000 0.000000 0.000000 0.000000 0.000000 0.000000 0.000000 0.000000 0.000000 0.000000 0.000000 0.000000 0.000000 0.000000 0.000000 0.000000 0.000000 0.000000 0.000000 0.000000 0.000000 0.000000 
50.000000 37.291865 25.869853 16.631027 9.889725 5.437877 2.766851 1.304769 0.571458 0.233017 0.088688 0.031591 0.010559 0.003320 0.000984 0.000276 0.000073 0.000018 0.000004 0.000001 0.000000 0.000000 0.000000 0.000000 0.000000 0.000000 0.000000 0.000000 0.000000 0.000000 0.000000 0.000000 0.000000 0.000000 0.000000 0.000000 0.000000 0.000000 0.000000 0.000000 0.000000 0.000000 0.000000 0.000000 0.000000 0.000000 0.000000 0.000000 0.000000 0.000000 
50.000000 37.291865 25.869853 16.631027 9.889725 5.437877 2.766851 1.304769 0.571458 0.233017 0.088688 0.031591 0.010559 0.003320 0.000984 0.000276 0.000073 0.000018 0.000004 0.000001 0.000000 0.000000 0.000000 0.000000 0.000000 0.000000 0.000000 0.000000 0.000000 0.000000 0.000000 0.000000 0.000000 0.000000 0.000000 0.000000 0.000000 0.000000 0.000000 0.000000 0.000000 0.000000 0.000000 0.000000 0.000000 0.000000 0.000000 0.000000 0.000000 0.000000 
50.000000 37.291865 25.869853 16.631027 9.889725 5.437877 2.766851 1.304769 0.571458 0.233017 0.088688 0.031591 0.010559 0.003320 0.000984 0.000276 0.000073 0.000018 0.000004 0.000001 0.000000 0.000000 0.000000 0.000000 0.000000 0.000000 0.000000 0.000000 0.000000 0.000000 0.000000 0.000000 0.000000 0.000000 0.000000 0.000000 0.000000 0.000000 0.000000 0.000000 0.000000 0.000000 0.000000 0.000000 0.000000 0.000000 0.000000 0.000000 0.000000 0.000000 
50.000000 37.291865 25.869853 16.631027 9.889725 5.437877 2.766851 1.304769 0.571458 0.233017 0.088688 0.031591 0.010559 0.003320 0.000984 0.000276 0.000073 0.000019 0.000004 0.000001 0.000000 0.000000 0.000000 0.000000 0.000000 0.000000 0.000000 0.000000 0.000000 0.000000 0.000000 0.000000 0.000000 0.000000 0.000000 0.000000 0.000000 0.000000 0.000000 0.000000 0.000000 0.000000 0.000000 0.000000 0.000000 0.000000 0.000000 0.000000 0.000000 0.000000 
50.000000 37.291865 25.869853 16.631027 9.889725 5.437877 2.766851 1.304770 0.571458 0.233017 0.088688 0.031591 0.010559 0.003320 0.000985 0.000276 0.000073 0.000019 0.000005 0.000001 0.000000 0.000000 0.000000 0.000000 0.000000 0.000000 0.000000 0.000000 0.000000 0.000000 0.000000 0.000000 0.000000 0.000000 0.000000 0.000000 0.000000 0.000000 0.000000 0.000000 0.000000 0.000000 0.000000 0.000000 0.000000 0.000000 0.000000 0.000000 0.000000 0.000000 
50.000000 37.291865 25.869854 16.631028 9.889726 5.437878 2.766852 1.304770 0.571459 0.233018 0.088689 0.031592 0.010560 0.003321 0.000985 0.000277 0.000074 0.000019 0.000005 0.000002 0.000001 0.000001 0.000001 0.000001 0.000001 0.000001 0.000001 0.000001 0.000001 0.000001 0.000001 0.000001 0.000001 0.000001 0.000001 0.000001 0.000001 0.000001 0.000001 0.000001 0.000001 0.000001 0.000001 0.000001 0.000001 0.000001 0.000001 0.000001 0.000000 0.000000 
50.000000 37.291866 25.869855 16.631030 9.889729 5.437881 2.766855 1.304774 0.571462 0.233021 0.088692 0.031595 0.010563 0.003324 0.000989 0.000280 0.000078 0.000023 0.000009 0.000005 0.000005 0.000004 0.000004 0.000004 0.000004 0.000004 0.000004 0.000004 0.000004 0.000004 0.000004 0.000004 0.000004 0.000004 0.000004 0.000004 0.000004 0.000004 0.000004 0.000004 0.000004 0.000004 0.000004 0.000004 0.000004 0.000004 0.000003 0.000002 0.000001 0.000000 
50.000000 37.291869 25.869862 16.631040 9.889740 5.437894 2.766869 1.304787 0.571476 0.233035 0.088706 0.031609 0.010577 0.003338 0.001003 0.000294 0.000092 0.000037 0.000023 0.000019 0.000019 0.000019 0.000018 0.000018 0.000018 0.000018 0.000018 0.000018 0.000018 0.000018 0.000018 0.000018 0.000018 0.000018 0.000018 0.000018 0.000018 0.000018 0.000018 0.000018 0.000018 0.000018 0.000018 0.000018 0.000017 0.000015 0.000013 0.000009 0.000005 0.000000 
50.000000 37.291883 25.869889 16.631077 9.889784 5.437943 2.766921 1.304841 0.571530 0.233090 0.088761 0.031664 0.010632 0.003393 0.001058 0.000349 0.000147 0.000092 0.000078 0.000074 0.000073 0.000073 0.000073 0.000073 0.000073 0.000073 0.000073 0.000073 0.000073 0.000073 0.000073 0.000073 0.000073 0.000073 0.000073 0.000073 0.000073 0.000073 0.000073 0.000073 0.000073 0.000073 0.000072 0.000070 0.000067 0.000061 0.000051 0.000037 0.000020 0.000000 
50.000000 37.291935 25.869988 16.631213 9.889947 5.438124 2.767112 1.305038 0.571731 0.233292 0.088963 0.031867 0.010835 0.003596 0.001260 0.000552 0.000349 0.000294 0.000280 0.000277 0.000276 0.000276 0.000276 0.000276 0.000276 0.000276 0.000276 0.000276 0.000276 0.000276 0.000276 0.000276 0.000276 0.000276 0.000276 0.000276 0.000276 0.000276 0.000276 0.000276 0.000275 0.000274 0.000271 0.000264 0.000251 0.000229 0.000193 0.000141 0.000075 0.000000 
50.000000 37.292117 25.870332 16.631688 9.890518 5.438757 2.767783 1.305729 0.572432 0.233997 0.089671 0.032575 0.011543 0.004304 0.001969 0.001260 0.001058 0.001003 0.000989 0.000985 0.000985 0.000984 0.000984 0.000984 0.000984 0.000984 0.000984 0.000984 0.000984 0.000984 0.000984 0.000984 0.000984 0.000984 0.000984 0.000984 0.000984 0.000984 0.000984 0.000983 0.000982 0.000977 0.000966 0.000943 0.000898 0.000818 0.000689 0.000504 0.000268 0.000000 
50.000000 37.292714 25.871466 16.633255 9.892399 5.440844 2.769993 1.308006 0.574742 0.236322 0.092002 0.034909 0.013878 0.006640 0.004304 0.003596 0.003393 0.003338 0.003324 0.003321 0.003320 0.003320 0.003320 0.003320 0.003320 0.003320 0.003320 0.003320 0.003320 0.003320 0.003320 0.003320 0.003320 0.003320 0.003320 0.003320 0.003320 0.003320 0.003319 0.003317 0.003311 0.003296 0.003260 0.003184 0.003034 0.002765 0.002333 0.001709 0.000909 0.000000 
50.000000 37.294565 25.874978 16.638107 9.898225 5.447311 2.776841 1.315062 0.581901 0.243529 0.099229 0.042143 0.021115 0.013878 0.011543 0.010835 0.010632 0.010577 0.010563 0.010560 0.010559 0.010559 0.010559 0.010559 0.010559 0.010559 0.010559 0.010559 0.010559 0.010559 0.010559 0.010559 0.010559 0.010559 0.010559 0.010559 0.010558 0.010558 0.010555 0.010549 0.010530 0.010484 0.010374 0.010137 0.009667 0.008822 0.007454 0.005469 0.002910 0.000000 
50.000000 37.299938 25.885175 16.652197 9.915146 5.466093 2.796735 1.335561 0.602701 0.264467 0.120226 0.063163 0.042143 0.034909 0.032575 0.031867 0.031664 0.031609 0.031595 0.031592 0.031591 0.031591 0.031591 0.031591 0.031591 0.031591 0.031591 0.031591 0.031591 0.031591 0.031591 0.031591 0.031591 0.031591 0.031591 0.031591 0.031590 0.031588 0.031581 0.031562 0.031510 0.031376 0.031058 0.030367 0.028990 0.026498 0.022429 0.016486 0.008786 0.000000 
50.000000 37.314513 25.912837 16.690424 9.961062 5.517067 2.850732 1.391203 0.659165 0.321307 0.177226 0.120226 0.099229 0.092002 0.089671 0.088963 0.088761 0.088706 0.088692 0.088689 0.088688 0.088688 0.088688 0.088688 0.088688 0.088688 0.088688 0.088688 0.088688 0.088688 0.088688 0.088688 0.088688 0.088688 0.088688 0.088687 0.088686 0.088680 0.088663 0.088613 0.088473 0.088115 0.087260 0.085386 0.081621 0.074745 0.063417 0.046727 0.024950 0.000000 
50.000000 37.351328 25.982714 16.787002 10.077077 5.645881 2.987197 1.531840 0.801884 0.464983 0.321307 0.264467 0.243529 0.236322 0.233997 0.233292 0.233090 0.233035 0.233021 0.233018 0.233017 0.233017 0.233017 0.233017 0.233017 0.233017 0.233017 0.233017 0.233017 0.233017 0.233017 0.233017 0.233017 0.233017 0.233016 0.233015 0.233012 0.232999 0.232957 0.232834 0.232492 0.231605 0.229476 0.224764 0.215202 0.197545 0.168115 0.124272 0.066525 0.000000 
50.000000 37.437595 26.146468 17.013352 10.349017 5.947856 3.307141 1.861589 1.136533 0.801884 0.659165 0.602701 0.581901 0.574742 0.572432 0.571731 0.571530 0.571476 0.571462 0.571459 0.571458 0.571458 0.571458 0.571458 0.571458 0.571458 0.571458 0.571458 0.571458 0.571458 0.571458 0.571458 0.571458 0.571458 0.571457 0.571455 0.571446 0.571417 0.571325 0.571050 0.570279 0.568266 0.563388 0.552470 0.530040 0.488041 0.416998 0.309596 0.166331 0.000000 
50.000000 37.624388 26.501066 17.503549 10.938017 6.601984 4.000260 2.575997 1.861589 1.531840 1.391203 1.335561 1.315062 1.308006 1.305729 1.305038 1.304841 1.304787 1.304774 1.304770 1.304770 1.304769 1.304769 1.304769 1.304769 1.304769 1.304769 1.304769 1.304769 1.304769 1.304769 1.304769 1.304769 1.304769 1.304768 1.304763 1.304746 1.304688 1.304502 1.303943 1.302364 1.298201 1.287998 1.264862 1.216599 1.124642 0.966088 0.721629 0.389729 0.000000 
50.000000 37.996589 27.207678 18.480464 12.111962 7.905874 5.381991 4.000260 3.307141 2.987197 2.850732 2.796735 2.776841 2.769993 2.767783 2.767112 2.766921 2.766869 2.766855 2.766852 2.766851 2.766851 2.766851 2.766851 2.766851 2.766851 2.766851 2.766851 2.766851 2.766851 2.766851 2.766851 2.766851 2.766850 2.766848 2.766840 2.766809 2.766705 2.766368 2.765346 2.762433 2.754671 2.735397 2.690995 2.596613 2.412786 2.087799 1.573117 0.856365 0.000000 
50.000000 38.676171 28.497924 20.264425 14.255932 10.287384 7.905874 6.601984 5.947856 5.645881 5.517067 5.466093 5.447311 5.440844 5.438757 5.438124 5.437943 5.437894 5.437881 5.437878 5.437877 5.437877 5.437877 5.437877 5.437877 5.437877 5.437877 5.437877 5.437877 5.437877 5.437877 5.437877 5.437877 5.437876 5.437872 5.437859 5.437811 5.437644 5.437103 5.435447 5.430679 5.417817 5.385385 5.309261 5.143692 4.812114 4.206252 3.210306 1.769996 0.000000 
50.000000 39.808294 30.647467 23.236720 17.828349 14.255932 12.111962 10.938017 10.349017 10.077077 9.961062 9.915146 9.898225 9.892399 9.890518 9.889947 9.889784 9.889740 9.889729 9.889726 9.889725 9.889725 9.889725 9.889725 9.889725 9.889725 9.889725 9.889725 9.889725 9.889725 9.889725 9.889725 9.889725 9.889724 9.889719 9.889700 9.889634 9.889403 9.888648 9.886317 9.879533 9.860976 9.813375 9.699176 9.443818 8.914175 7.903121 6.151159 3.465853 0.000000 
50.000000 41.521940 33.901277 27.736228 23.236720 20.264425 18.480464 17.503549 17.013352 16.787002 16.690424 16.652197 16.638107 16.633255 16.631688 16.631213 16.631077 16.631040 16.631030 16.631028 16.631027 16.631027 16.631027 16.631027 16.631027 16.631027 16.631027 16.631027 16.631027 16.631027 16.631027 16.631027 16.631027 16.631026 16.631020 16.630999 16.630922 16.630653 16.629767 16.627008 16.618887 16.596354 16.537462 16.392665 16.058173 15.333598 13.868114 11.129622 6.523779 0.000000 
50.000000 43.869717 38.359303 33.901277 30.647467 28.497924 27.207678 26.501066 26.146468 25.982714 25.912837 25.885175 25.874978 25.871466 25.870332 25.869988 25.869889 25.869862 25.869855 25.869854 25.869853 25.869853 25.869853 25.869853 25.869853 25.869853 25.869853 25.869853 25.869853 25.869853 25.869853 25.869853 25.869853 25.869852 25.869847 25.869827 25.869757 25.869509 25.868688 25.866109 25.858442 25.836871 25.779437 25.634562 25.287617 24.496308 22.771655 19.179652 12.133774 0.000000 
50.000000 46.771657 43.869717 41.521940 39.808294 38.676171 37.996589 37.624388 37.437595 37.351328 37.314513 37.299938 37.294565 37.292714 37.292117 37.291935 37.291883 37.291869 37.291866 37.291865 37.291865 37.291865 37.291865 37.291865 37.291865 37.291865 37.291865 37.291865 37.291865 37.291865 37.291865 37.291865 37.291864 37.291864 37.291861 37.291849 37.291806 37.291655 37.291152 37.289564 37.284803 37.271264 37.234659 37.140224 36.906175 36.342441 34.998160 31.735943 23.385828 0.000000 
50.000000 50.000000 50.000000 50.000000 50.000000 50.000000 50.000000 50.000000 50.000000 50.000000 50.000000 50.000000 50.000000 50.000000 50.000000 50.000000 50.000000 50.000000 50.000000 50.000000 50.000000 50.000000 50.000000 50.000000 50.000000 50.000000 50.000000 50.000000 50.000000 50.000000 50.000000 50.000000 50.000000 50.000000 50.000000 50.000000 50.000000 50.000000 50.000000 50.000000 50.000000 50.000000 50.000000 50.000000 50.000000 50.000000 50.000000 50.000000 50.000000 50.000000 
