50.000000 50.000000 50.000000 50.000000 50.000000 50.000000 50.000000 50.000000 50.000000 50.000000 50.000000 50.000000 50.000000 50.000000 50.000000 50.000000 50.000000 50.000000 50.000000 50.000000 50.000000 50.000000 50.000000 50.000000 50.000000 50.000000 50.000000 50.000000 50.000000 50.000000 50.000000 50.000000 50.000000 50.000000 50.000000 50.000000 50.000000 50.000000 50.000000 50.000000 50.000000 50.000000 50.000000 50.000000 50.000000 50.000000 50.000000 50.000000 50.000000 50.000000 
50.000000 48.346856 46.779456 45.370223 44.168375 43.195700 42.448249 41.902506 41.523611 41.273260 41.115687 41.021120 40.966950 40.937302 40.921781 40.914001 40.910263 40.908540 40.907777 40.907452 40.907319 40.907266 40.907246 40.907239 40.907236 40.907235 40.907235 40.907234 40.907233 40.907230 40.907222 40.907201 40.907144 40.907004 40.906663 40.905864 40.904048 40.900054 40.891536 40.873906 40.838410 40.768683 40.634433 40.379368 39.896302 38.970442 37.134364 33.250931 24.173428 0.000000 
50.000000 46.779456 43.725959 40.980598 38.639261 36.744388 35.288286 34.225140 33.487032 32.999339 32.692386 32.508172 32.402650 32.344897 32.314664 32.299510 32.292229 32.288872 32.287386 32.286754 32.286494 32.286392 32.286353 32.286339 32.286334 32.286332 32.286331 32.286330 32.286328 32.286323 32.286308 32.286269 32.286167 32.285911 32.285293 32.283846 32.280568 32.273380 32.258116 32.226689 32.163871 32.041698 31.809809 31.378525 30.588388 29.153610 26.556237 21.862980 13.528525 0.000000 
50.000000 45.370223 40.980598 37.033959 33.668155 30.944193 28.851008 27.322727 26.261706 25.560668 25.119443 24.854652 24.702979 24.619968 24.576513 24.554733 24.544269 24.539445 24.537309 24.536400 24.536027 24.535880 24.535825 24.535804 24.535797 24.535794 24.535793 24.535792 24.535789 24.535782 24.535763 24.535713 24.535582 24.535255 24.534466 24.532626 24.528474 24.519412 24.500287 24.461222 24.383937 24.235684 23.959533 23.459218 22.576232 21.057381 18.516980 14.424361 8.235859 0.000000 
50.000000 44.168375 38.639261 33.668155 29.428693 25.997717 23.361275 21.436383 20.100038 19.217106 18.661413 18.327937 18.136924 18.032387 17.977665 17.950238 17.937062 17.930988 17.928299 17.927154 17.926685 17.926500 17.926430 17.926404 17.926394 17.926391 17.926390 17.926389 17.926386 17.926378 17.926358 17.926303 17.926163 17.925814 17.924974 17.923021 17.918636 17.909126 17.889202 17.848887 17.770081 17.621225 17.349489 16.870127 16.053661 14.714347 12.610774 9.485651 5.197934 0.000000 
50.000000 43.195700 36.744388 30.944193 25.997717 21.994610 18.918578 16.672781 15.113684 14.083603 13.435317 13.046285 12.823459 12.701514 12.637683 12.605691 12.590322 12.583238 12.580102 12.578767 12.578220 12.578004 12.577922 12.577892 12.577881 12.577877 12.577876 12.577874 12.577872 12.577865 12.577845 12.577793 12.577660 12.577331 12.576541 12.574713 12.570632 12.561840 12.543572 12.506978 12.436332 12.304960 12.069812 11.665179 10.997305 9.944057 8.367961 6.156000 3.299398 0.000000 
50.000000 42.448249 35.288286 28.851008 23.361275 18.918578 15.504818 13.012496 11.282293 10.139194 9.419799 8.988109 8.740857 8.605550 8.534726 8.499232 8.482181 8.474322 8.470843 8.469362 8.468755 8.468515 8.468424 8.468391 8.468379 8.468375 8.468373 8.468372 8.468370 8.468364 8.468347 8.468302 8.468188 8.467906 8.467234 8.465685 8.462248 8.454895 8.439743 8.409699 8.352404 8.247436 8.062937 7.752409 7.253399 6.491147 5.391790 3.909762 2.068881 0.000000 
50.000000 41.902506 34.225140 27.322727 21.436383 16.672781 13.012496 10.340241 8.485167 7.259598 6.488322 6.025513 5.760447 5.615395 5.539474 5.501426 5.483149 5.474726 5.470996 5.469409 5.468759 5.468502 5.468405 5.468369 5.468356 5.468352 5.468350 5.468349 5.468347 5.468342 5.468329 5.468293 5.468204 5.467982 5.467456 5.466250 5.463590 5.457939 5.446390 5.423711 5.380960 5.303709 5.170120 4.949559 4.602969 4.086894 3.363194 2.415331 1.268073 0.000000 
50.000000 41.523611 33.487032 26.261706 20.100038 15.113684 11.282293 8.485167 6.543445 5.260659 4.453395 3.969003 3.691583 3.539776 3.460322 3.420504 3.401378 3.392563 3.388661 3.387000 3.386320 3.386051 3.385949 3.385912 3.385898 3.385894 3.385892 3.385891 3.385890 3.385886 3.385876 3.385850 3.385784 3.385623 3.385241 3.384370 3.382459 3.378427 3.370251 3.354343 3.324675 3.271723 3.181458 3.034857 2.808723 2.478813 2.026023 1.445333 0.754928 0.000000 
50.000000 41.273260 32.999339 25.560668 19.217106 14.083603 10.139194 7.259598 5.260659 3.940097 3.109076 2.610441 2.324869 2.168605 2.086821 2.045836 2.026150 2.017078 2.013062 2.011352 2.010652 2.010376 2.010271 2.010232 2.010218 2.010214 2.010212 2.010211 2.010210 2.010208 2.010201 2.010183 2.010138 2.010028 2.009769 2.009181 2.007898 2.005208 1.999793 1.989346 1.970048 1.935985 1.878638 1.786791 1.647271 1.447025 1.176731 0.835468 0.434850 0.000000 
50.000000 41.115687 32.692386 25.119443 18.661413 13.435317 9.419799 6.488322 4.453395 3.109076 2.263119 1.755529 1.464835 1.305771 1.222523 1.180806 1.160769 1.151534 1.147446 1.145707 1.144994 1.144713 1.144606 1.144567 1.144553 1.144548 1.144546 1.144546 1.144545 1.144543 1.144539 1.144527 1.144499 1.144428 1.144263 1.143890 1.143080 1.141393 1.138019 1.131559 1.119730 1.099051 1.064612 1.010100 0.928339 0.812526 0.658221 0.465697 0.241781 0.000000 
50.000000 41.021120 32.508172 24.854652 18.327937 13.046285 8.988109 6.025513 3.969003 2.610441 1.755529 1.242574 0.948810 0.788069 0.703944 0.661789 0.641541 0.632210 0.628079 0.626321 0.625601 0.625317 0.625209 0.625170 0.625156 0.625151 0.625149 0.625148 0.625148 0.625147 0.625144 0.625137 0.625120 0.625077 0.624978 0.624755 0.624272 0.623273 0.621287 0.617510 0.610647 0.598752 0.579124 0.548365 0.502713 0.438735 0.354365 0.250056 0.129584 0.000000 
50.000000 40.966950 32.402650 24.702979 18.136924 12.823459 8.740857 5.760447 3.691583 2.324869 1.464835 0.948810 0.653292 0.491592 0.406966 0.364560 0.344192 0.334806 0.330651 0.328883 0.328159 0.327873 0.327764 0.327724 0.327710 0.327705 0.327703 0.327703 0.327703 0.327702 0.327700 0.327696 0.327686 0.327662 0.327606 0.327479 0.327207 0.326646 0.325537 0.323443 0.319662 0.313156 0.302508 0.285962 0.261619 0.227799 0.183566 0.129270 0.066896 0.000000 
50.000000 40.937302 32.344897 24.619968 18.032387 12.701514 8.605550 5.615395 3.539776 2.168605 1.305771 0.788069 0.491592 0.329369 0.244469 0.201927 0.181493 0.172077 0.167908 0.166135 0.165408 0.165121 0.165012 0.164972 0.164958 0.164953 0.164952 0.164951 0.164951 0.164950 0.164950 0.164947 0.164942 0.164929 0.164898 0.164830 0.164684 0.164385 0.163797 0.162691 0.160708 0.157317 0.151805 0.143301 0.130882 0.113751 0.091494 0.064329 0.033254 0.000000 
50.000000 40.921781 32.314664 24.576513 17.977665 12.637683 8.534726 5.539474 3.460322 2.086821 1.222523 0.703944 0.406966 0.244469 0.159427 0.116813 0.096345 0.086913 0.082738 0.080961 0.080233 0.079946 0.079837 0.079797 0.079783 0.079778 0.079776 0.079776 0.079776 0.079775 0.079775 0.079774 0.079771 0.079764 0.079748 0.079714 0.079639 0.079487 0.079190 0.078633 0.077640 0.075952 0.073224 0.069041 0.062969 0.054644 0.043887 0.030818 0.015917 0.000000 
50.000000 40.914001 32.299510 24.554733 17.950238 12.605691 8.499232 5.501426 3.420504 2.045836 1.180806 0.661789 0.364560 0.201927 0.116813 0.074163 0.053678 0.044238 0.040060 0.038281 0.037553 0.037266 0.037156 0.037116 0.037102 0.037097 0.037096 0.037095 0.037095 0.037095 0.037094 0.037094 0.037093 0.037089 0.037081 0.037064 0.037028 0.036954 0.036811 0.036543 0.036068 0.035263 0.033970 0.031998 0.029150 0.025265 0.020266 0.014216 0.007338 0.000000 
50.000000 40.910263 32.292229 24.544269 17.937062 12.590322 8.482181 5.483149 3.401378 2.026150 1.160769 0.641541 0.344192 0.181493 0.096345 0.053678 0.033186 0.023742 0.019562 0.017783 0.017054 0.016767 0.016657 0.016617 0.016603 0.016598 0.016596 0.016596 0.016596 0.016595 0.016595 0.016595 0.016594 0.016593 0.016589 0.016581 0.016564 0.016530 0.016464 0.016340 0.016122 0.015755 0.015167 0.014275 0.012992 0.011248 0.009014 0.006318 0.003259 0.000000 
50.000000 40.908540 32.288872 24.539445 17.930988 12.583238 8.474322 5.474726 3.392563 2.017078 1.151534 0.632210 0.334806 0.172077 0.086913 0.044238 0.023742 0.014296 0.010115 0.008336 0.007607 0.007320 0.007210 0.007170 0.007156 0.007151 0.007149 0.007149 0.007149 0.007149 0.007148 0.007148 0.007148 0.007147 0.007146 0.007142 0.007135 0.007119 0.007090 0.007036 0.006940 0.006779 0.006522 0.006134 0.005578 0.004825 0.003863 0.002706 0.001395 0.000000 
50.000000 40.907777 32.287386 24.537309 17.928299 12.580102 8.470843 5.470996 3.388661 2.013062 1.147446 0.628079 0.330651 0.167908 0.082738 0.040060 0.019562 0.010115 0.005934 0.004155 0.003426 0.003138 0.003029 0.002989 0.002974 0.002969 0.002968 0.002967 0.002967 0.002967 0.002967 0.002967 0.002967 0.002967 0.002966 0.002964 0.002961 0.002955 0.002942 0.002919 0.002878 0.002811 0.002703 0.002540 0.002309 0.001995 0.001597 0.001118 0.000576 0.000000 
50.000000 40.907452 32.286754 24.536400 17.927154 12.578767 8.469362 5.469409 3.387000 2.011352 1.145707 0.626321 0.328883 0.166135 0.080961 0.038281 0.017783 0.008336 0.004155 0.002375 0.001646 0.001359 0.001249 0.001209 0.001195 0.001190 0.001188 0.001188 0.001188 0.001188 0.001188 0.001187 0.001187 0.001187 0.001187 0.001186 0.001185 0.001182 0.001177 0.001168 0.001151 0.001124 0.001080 0.001015 0.000922 0.000796 0.000637 0.000445 0.000230 0.000000 
50.000000 40.907319 32.286494 24.536027 17.926685 12.578220 8.468755 5.468759 3.386320 2.010652 1.144994 0.625601 0.328159 0.165408 0.080234 0.037553 0.017054 0.007607 0.003426 0.001646 0.000917 0.000630 0.000520 0.000480 0.000466 0.000461 0.000459 0.000459 0.000459 0.000459 0.000459 0.000459 0.000459 0.000459 0.000458 0.000458 0.000458 0.000457 0.000455 0.000451 0.000445 0.000434 0.000417 0.000391 0.000355 0.000307 0.000245 0.000171 0.000088 0.000000 
50.000000 40.907266 32.286392 24.535880 17.926500 12.578004 8.468515 5.468502 3.386051 2.010376 1.144713 0.625317 0.327873 0.165122 0.079946 0.037266 0.016767 0.007320 0.003138 0.001359 0.000630 0.000342 0.000233 0.000193 0.000178 0.000174 0.000172 0.000171 0.000171 0.000171 0.000171 0.000171 0.000171 0.000171 0.000171 0.000171 0.000171 0.000170 0.000170 0.000168 0.000166 0.000162 0.000155 0.000146 0.000132 0.000114 0.000091 0.000064 0.000033 0.000000 
50.000000 40.907246 32.286353 24.535825 17.926430 12.577922 8.468425 5.468405 3.385949 2.010271 1.144606 0.625210 0.327764 0.165013 0.079837 0.037157 0.016657 0.007210 0.003029 0.001249 0.000521 0.000233 0.000124 0.000083 0.000069 0.000064 0.000063 0.000062 0.000062 0.000062 0.000062 0.000062 0.000062 0.000062 0.000062 0.000062 0.000062 0.000062 0.000061 0.000061 0.000060 0.000058 0.000056 0.000053 0.000048 0.000041 0.000033 0.000023 0.000012 0.000000 
50.000000 40.907239 32.286339 24.535804 17.926404 12.577892 8.468391 5.468370 3.385912 2.010233 1.144568 0.625170 0.327725 0.164973 0.079798 0.037117 0.016618 0.007171 0.002989 0.001210 0.000481 0.000193 0.000084 0.000044 0.000030 0.000025 0.000023 0.000022 0.000022 0.000022 0.000022 0.000022 0.000022 0.000022 0.000022 0.000022 0.000022 0.000022 0.000022 0.000022 0.000022 0.000021 0.000020 0.000019 0.000017 0.000015 0.000012 0.000008 0.000004 0.000000 
50.000000 40.907237 32.286335 24.535798 17.926396 12.577883 8.468381 5.468358 3.385900 2.010221 1.144555 0.625158 0.327712 0.164960 0.079785 0.037104 0.016605 0.007158 0.002977 0.001197 0.000468 0.000181 0.000071 0.000031 0.000017 0.000012 0.000010 0.000010 0.000010 0.000010 0.000010 0.000010 0.000010 0.000010 0.000010 0.000010 0.000010 0.000010 0.000010 0.000009 0.000009 0.000009 0.000009 0.000008 0.000007 0.000006 0.000005 0.000004 0.000002 0.000000 
50.000000 40.907237 32.286335 24.535798 17.926396 12.577883 8.468381 5.468358 3.385900 2.010221 1.144555 0.625158 0.327712 0.164960 0.079785 0.037104 0.016605 0.007158 0.002977 0.001197 0.000468 0.000181 0.000071 0.000031 0.000017 0.000012 0.000010 0.000010 0.000010 0.000010 0.000010 0.000010 0.000010 0.000010 0.000010 0.000010 0.000010 0.000010 0.000010 0.000009 0.000009 0.000009 0.000009 0.000008 0.000007 0.000006 0.000005 0.000004 0.000002 0.000000 
50.000000 40.907239 32.286339 24.535804 17.926404 12.577892 8.468391 5.468370 3.385912 2.010233 1.144568 0.625170 0.327725 0.164973 0.079798 0.037117 0.016618 0.007171 0.002989 0.001210 0.000481 0.000193 0.000084 0.000044 0.000030 0.000025 0.000023 0.000022 0.000022 0.000022 0.000022 0.000022 0.000022 0.000022 0.000022 0.000022 0.000022 0.000022 0.000022 0.000022 0.000022 0.000021 0.000020 0.000019 0.000017 0.000015 0.000012 0.000008 0.000004 0.000000 
50.000000 40.907246 32.286353 24.535825 17.926430 12.577922 8.468425 5.468405 3.385949 2.010271 1.144606 0.625210 0.327764 0.165013 0.079837 0.037157 0.016657 0.007210 0.003029 0.001249 0.000521 0.000233 0.000124 0.000083 0.000069 0.000064 0.000063 0.000062 0.000062 0.000062 0.000062 0.000062 0.000062 0.000062 0.000062 0.000062 0.000062 0.000062 0.000061 0.000061 0.000060 0.000058 0.000056 0.000053 0.000048 0.000041 0.000033 0.000023 0.000012 0.000000 
50.000000 40.907266 32.286392 24.535880 17.926500 12.578004 8.468515 5.468502 3.386051 2.010376 1.144713 0.625317 0.327873 0.165122 0.079946 0.037266 0.016767 0.007320 0.003138 0.001359 0.000630 0.000342 0.000233 0.000193 0.000178 0.000174 0.000172 0.000171 0.000171 0.000171 0.000171 0.000171 0.000171 0.000171 0.000171 0.000171 0.000171 0.000170 0.000170 0.000168 0.000166 0.000162 0.000155 0.000146 0.000132 0.000114 0.000091 0.000064 0.000033 0.000000 
50.000000 40.907319 32.286494 24.536027 17.926685 12.578220 8.468755 5.468759 3.386320 2.010652 1.144994 0.625601 0.328159 0.165408 0.080234 0.037553 0.017054 0.007607 0.003426 0.001646 0.000917 0.000630 0.000520 0.000480 0.000466 0.000461 0.000459 0.000459 0.000459 0.000459 0.000459 0.000459 0.000459 0.000459 0.000458 0.000458 0.000458 0.000457 0.000455 0.000451 0.000445 0.000434 0.000417 0.000391 0.000355 0.000307 0.000245 0.000171 0.000088 0.000000 
50.000000 40.907452 32.286754 24.536400 17.927154 12.578767 8.469362 5.469409 3.387000 2.011352 1.145707 0.626321 0.328883 0.166135 0.080961 0.038281 0.017783 0.008336 0.004155 0.002375 0.001646 0.001359 0.001249 0.001209 0.001195 0.001190 0.001188 0.001188 0.001188 0.001188 0.001188 0.001187 0.001187 0.001187 0.001187 0.001186 0.001185 0.001182 0.001177 0.001168 0.001151 0.001124 0.001080 0.001015 0.000922 0.000796 0.000637 0.000445 0.000230 0.000000 
50.000000 40.907777 32.287386 24.537309 17.928299 12.580102 8.470843 5.470996 3.388661 2.013062 1.147446 0.628079 0.330651 0.167908 0.082738 0.040060 0.019562 0.010115 0.005934 0.004155 0.003426 0.003138 0.003029 0.002989 0.002974 0.002969 0.002968 0.002967 0.002967 0.002967 0.002967 0.002967 0.002967 0.002967 0.002966 0.002964 0.002961 0.002955 0.002942 0.002919 0.002878 0.002811 0.002703 0.002540 0.002309 0.001995 0.001597 0.001118 0.000576 0.000000 
50.000000 40.908540 32.288872 24.539445 17.930988 12.583238 8.474322 5.474726 3.392563 2.017078 1.151534 0.632210 0.334806 0.172077 0.086913 0.044238 0.023742 0.014296 0.010115 0.008336 0.007607 0.007320 0.007210 0.007170 0.007156 0.007151 0.007149 0.007149 0.007149 0.007149 0.007148 0.007148 0.007148 0.007147 0.007146 0.007142 0.007135 0.007119 0.007090 0.007036 0.006940 0.006779 0.006522 0.006134 0.005578 0.004825 0.003863 0.002706 0.001395 0.000000 
50.000000 40.910263 32.292229 24.544269 17.937062 12.590322 8.482181 5.483149 3.401378 2.026150 1.160769 0.641541 0.344192 0.181493 0.096345 0.053678 0.033186 0.023742 0.019562 0.017783 0.017054 0.016767 0.016657 0.016617 0.016603 0.016598 0.016596 0.016596 0.016596 0.016595 0.016595 0.016595 0.016594 0.016593 0.016589 0.016581 0.016564 0.016530 0.016464 0.016340 0.016122 0.015755 0.015167 0.014275 0.012992 0.011248 0.009014 0.006318 0.003259 0.000000 
50.000000 40.914001 32.299510 24.554733 17.950238 12.605691 8.499232 5.501426 3.420504 2.045836 1.180806 0.661789 0.364560 0.201927 0.116813 0.074163 0.053678 0.044238 0.040060 0.038281 0.037553 0.037266 0.037156 0.037116 0.037102 0.037097 0.037096 0.037095 0.037095 0.037095 0.037094 0.037094 0.037093 0.037089 0.037081 0.037064 0.037028 0.036954 0.036811 0.036543 0.036068 0.035263 0.033970 0.031998 0.029150 0.025265 0.020266 0.014216 0.007338 0.000000 
50.000000 40.921781 32.314664 24.576513 17.977665 12.637683 8.534726 5.539474 3.460322 2.086821 1.222523 0.703944 0.406966 0.244469 0.159427 0.116813 0.096345 0.086913 0.082738 0.080961 0.080233 0.079946 0.079837 0.079797 0.079783 0.079778 0.079776 0.079776 0.079776 0.079775 0.079775 0.079774 0.079771 0.079764 0.079748 0.079714 0.079639 0.079487 0.079190 0.078633 0.077640 0.075952 0.073224 0.069041 0.062969 0.054644 0.043887 0.030818 0.015917 0.000000 
50.000000 40.937302 32.344897 24.619968 18.032387 12.701514 8.605550 5.615395 3.539776 2.168605 1.305771 0.788069 0.491592 0.329369 0.244469 0.201927 0.181493 0.172077 0.167908 0.166135 0.165408 0.165121 0.165012 0.164972 0.164958 0.164953 0.164952 0.164951 0.164951 0.164950 0.164950 0.164947 0.164942 0.164929 0.164898 0.164830 0.164684 0.164385 0.163797 0.162691 0.160708 0.157317 0.151805 0.143301 0.130882 0.113751 0.091494 0.064329 0.033254 0.000000 
50.000000 40.966950 32.402650 24.702979 18.136924 12.823459 8.740857 5.760447 3.691583 2.324869 1.464835 0.948810 0.653292 0.491592 0.406966 0.364560 0.344192 0.334806 0.330651 0.328883 0.328159 0.327873 0.327764 0.327724 0.327710 0.327705 0.327703 0.327703 0.327703 0.327702 0.327700 0.327696 0.327686 0.327662 0.327606 0.327479 0.327207 0.326646 0.325537 0.323443 0.319662 0.313156 0.302508 0.285962 0.261619 0.227799 0.183566 0.129270 0.066896 0.000000 
50.000000 41.021120 32.508172 24.854652 18.327937 13.046285 8.988109 6.025513 3.969003 2.610441 1.755529 1.242574 0.948810 0.788069 0.703944 0.661789 0.641541 0.632210 0.628079 0.626321 0.625601 0.625317 0.625209 0.625170 0.625156 0.625151 0.625149 0.625148 0.625148 0.625147 0.625144 0.625137 0.625120 0.625077 0.624978 0.624755 0.624272 0.623273 0.621287 0.617510 0.610647 0.598752 0.579124 0.548365 0.502713 0.438735 0.354365 0.250056 0.129584 0.000000 
50.000000 41.115687 32.692386 25.119443 18.661413 13.435317 9.419799 6.488322 4.453395 3.109076 2.263119 1.755529 1.464835 1.305771 1.222523 1.180806 1.160769 1.151534 1.147446 1.145707 1.144994 1.144713 1.144606 1.144567 1.144553 1.144548 1.144546 1.144546 1.144545 1.144543 1.144539 1.144527 1.144499 1.144428 1.144263 1.143890 1.143080 1.141393 1.138019 1.131559 1.119730 1.099051 1.064612 1.010100 0.928339 0.812526 0.658221 0.465697 0.241781 0.000000 
50.000000 41.273260 32.999339 25.560668 19.217106 14.083603 10.139194 7.259598 5.260659 3.940097 3.109076 2.610441 2.324869 2.168605 2.086821 2.045836 2.026150 2.017078 2.013062 2.011352 2.010652 2.010376 2.010271 2.010232 2.010218 2.010214 2.010212 2.010211 2.010210 2.010208 2.010201 2.010183 2.010138 2.010028 2.009769 2.009181 2.007898 2.005208 1.999793 1.989346 1.970048 1.935985 1.878638 1.786791 1.647271 1.447025 1.176731 0.835468 0.434850 0.000000 
50.000000 41.523611 33.487032 26.261706 20.100038 15.113684 11.282293 8.485167 6.543445 5.260659 4.453395 3.969003 3.691583 3.539776 3.460322 3.420504 3.401378 3.392563 3.388661 3.387000 3.386320 3.386051 3.385949 3.385912 3.385898 3.385894 3.385892 3.385891 3.385890 3.385886 3.385876 3.385850 3.385784 3.385623 3.385241 3.384370 3.382459 3.378427 3.370251 3.354343 3.324675 3.271723 3.181458 3.034857 2.808723 2.478813 2.026023 1.445333 0.754928 0.000000 
50.000000 41.902506 34.225140 27.322727 21.436383 16.672781 13.012496 10.340241 8.485167 7.259598 6.488322 6.025513 5.760447 5.615395 5.539474 5.501426 5.483149 5.474726 5.470996 5.469409 5.468759 5.468502 5.468405 5.468369 5.468356 5.468352 5.468350 5.468349 5.468347 5.468342 5.468329 5.468293 5.468204 5.467982 5.467456 5.466250 5.463590 5.457939 5.446390 5.423711 5.380960 5.303709 5.170120 4.949559 4.602969 4.086894 3.363194 2.415331 1.268073 0.000000 
50.000000 42.448249 35.288286 28.851008 23.361275 18.918578 15.504818 13.012496 11.282293 10.139194 9.419799 8.988109 8.740857 8.605550 8.534726 8.499232 8.482181 8.474322 8.470843 8.469362 8.468755 8.468515 8.468424 8.468391 8.468379 8.468375 8.468373 8.468372 8.468370 8.468364 8.468347 8.468302 8.468188 8.467906 8.467234 8.465685 8.462248 8.454895 8.439743 8.409699 8.352404 8.247436 8.062937 7.752409 7.253399 6.491147 5.391790 3.909762 2.068881 0.000000 
50.000000 43.195700 36.744388 30.944193 25.997717 21.994610 18.918578 16.672781 15.113684 14.083603 13.435317 13.046285 12.823459 12.701514 12.637683 12.605691 12.590322 12.583238 12.580102 12.578767 12.578220 12.578004 12.577922 12.577892 12.577881 12.577877 12.577876 12.577874 12.577872 12.577865 12.577845 12.577793 12.577660 12.577331 12.576541 12.574713 12.570632 12.561840 12.543572 12.506978 12.436332 12.304960 12.069812 11.665179 10.997305 9.944057 8.367961 6.156000 3.299398 0.000000 
50.000000 44.168375 38.639261 33.668155 29.428693 25.997717 23.361275 21.436383 20.100038 19.217106 18.661413 18.327937 18.136924 18.032387 17.977665 17.950238 17.937062 17.930988 17.928299 17.927154 17.926685 17.926500 17.926430 17.926404 17.926394 17.926391 17.926390 17.926389 17.926386 17.926378 17.926358 17.926303 17.926163 17.925814 17.924974 17.923021 17.918636 17.909126 17.889202 17.848887 17.770081 17.621225 17.349489 16.870127 16.053661 14.714347 12.610774 9.485651 5.197934 0.000000 
50.000000 45.370223 40.980598 37.033959 33.668155 30.944193 28.851008 27.322727 26.261706 25.560668 25.119443 24.854652 24.702979 24.619968 24.576513 24.554733 24.544269 24.539445 24.537309 24.536400 24.536027 24.535880 24.535825 24.535804 24.535797 24.535794 24.535793 24.535792 24.535789 24.535782 24.535763 24.535713 24.535582 24.535255 24.534466 24.532626 24.528474 24.519412 24.500287 24.461222 24.383937 24.235684 23.959533 23.459218 22.576232 21.057381 18.516980 14.424361 8.235859 0.000000 
50.000000 46.779456 43.725959 40.980598 38.639261 36.744388 35.288286 34.225140 33.487032 32.999339 32.692386 32.508172 32.402650 32.344897 32.314664 32.299510 32.292229 32.288872 32.287386 32.286754 32.286494 32.286392 32.286353 32.286339 32.286334 32.286332 32.286331 32.286330 32.286328 32.286323 32.286308 32.286269 32.286167 32.285911 32.285293 32.283846 32.280568 32.273380 32.258116 32.226689 32.163871 32.041698 31.809809 31.378525 30.588388 29.153610 26.556237 21.862980 13.528525 0.000000 
50.000000 48.346856 46.779456 45.370223 44.168375 43.195700 42.448249 41.902506 41.523611 41.273260 41.115687 41.021120 40.966950 40.937302 40.921781 40.914001 40.910263 40.908540 40.907777 40.907452 40.907319 40.907266 40.907246 40.907239 40.907236 40.907235 40.907235 40.907234 40.907233 40.907230 40.907222 40.907201 40.907144 40.907004 40.906663 40.905864 40.904048 40.900054 40.891536 40.873906 40.838410 40.768683 40.634433 40.379368 39.896302 38.970442 37.134364 33.250931 24.173428 0.000000 
50.000000 50.000000 50.000000 50.000000 50.000000 50.000000 50.000000 50.000000 50.000000 50.000000 50.000000 50.000000 50.000000 50.000000 50.000000 50.000000 50.000000 50.000000 50.000000 50.000000 50.000000 50.000000 50.000000 50.000000 50.000000 50.000000 50.000000 50.000000 50.000000 50.000000 50.000000 50.000000 50.000000 50.000000 50.000000 50.000000 50.000000 50.000000 50.000000 50.000000 50.000000 50.000000 50.000000 50.000000 50.000000 50.000000 50.000000 50.000000 50.000000 50.000000 
