50.000000 50.000000 50.000000 50.000000 50.000000 50.000000 50.000000 50.000000 50.000000 50.000000 50.000000 50.000000 50.000000 50.000000 50.000000 50.000000 50.000000 50.000000 50.000000 50.000000 50.000000 50.000000 50.000000 50.000000 50.000000 50.000000 50.000000 50.000000 50.000000 50.000000 50.000000 50.000000 50.000000 50.000000 50.000000 50.000000 50.000000 50.000000 50.000000 50.000000 50.000000 50.000000 50.000000 50.000000 50.000000 50.000000 50.000000 50.000000 50.000000 50.000000 
50.000000 48.650881 47.358884 46.173884 45.132792 44.256445 43.549458 43.002621 42.596925 42.308087 42.110640 41.980970 41.899107 41.849394 41.820335 41.803974 41.795096 41.790449 41.788101 41.786955 41.786415 41.786168 41.786059 41.786013 41.785993 41.785985 41.785981 41.785977 41.785970 41.785954 41.785916 41.785826 41.785624 41.785178 41.784223 41.782232 41.778192 41.770203 41.754796 41.725761 41.672162 41.574909 41.400607 41.089812 40.532659 39.512758 37.562786 33.547799 24.325440 0.000000 
50.000000 47.358884 44.829596 42.509776 40.471682 38.756107 37.372083 36.301582 35.507384 34.941953 34.555433 34.301593 34.141342 34.044026 33.987143 33.955116 33.937737 33.928640 33.924044 33.921801 33.920744 33.920261 33.920048 33.919957 33.919919 33.919903 33.919895 33.919888 33.919875 33.919845 33.919774 33.919608 33.919234 33.918411 33.916650 33.912986 33.905569 33.890952 33.862874 33.810237 33.713756 33.540403 33.234045 32.699152 31.771281 30.161686 27.352594 22.414798 13.811085 0.000000 
50.000000 46.173884 42.509776 39.149127 36.196616 33.711338 31.706377 30.155611 29.005118 28.186029 27.626117 27.258412 27.026277 26.885312 26.802915 26.756526 26.731352 26.718175 26.711518 26.708270 26.706738 26.706039 26.705731 26.705599 26.705544 26.705521 26.705510 26.705500 26.705483 26.705443 26.705349 26.705131 26.704637 26.703555 26.701246 26.696458 26.686802 26.667863 26.631705 26.564450 26.442431 26.226174 25.851088 25.213137 24.147199 22.396155 19.574564 15.157183 8.611099 0.000000 
50.000000 45.132792 40.471682 36.196616 32.440759 29.279285 26.728832 24.756167 23.292689 22.250784 21.538571 21.070852 20.775584 20.596283 20.491481 20.432478 20.400460 20.383702 20.375236 20.371104 20.369156 20.368267 20.367875 20.367707 20.367637 20.367608 20.367594 20.367583 20.367564 20.367519 20.367414 20.367170 20.366621 20.365420 20.362865 20.357589 20.347003 20.326365 20.287256 20.215196 20.086022 19.860614 19.477523 18.843269 17.820938 16.220379 13.800461 10.309996 5.620034 0.000000 
50.000000 44.256445 38.756107 33.711338 29.279285 25.548653 22.539074 20.211319 18.484429 17.255011 16.414632 15.862755 15.514365 15.302811 15.179159 15.109545 15.071770 15.051999 15.042011 15.037137 15.034839 15.033790 15.033327 15.033129 15.033047 15.033013 15.032997 15.032985 15.032965 15.032921 15.032816 15.032573 15.032028 15.030838 15.028320 15.023143 15.012813 14.992811 14.955221 14.886664 14.765319 14.556907 14.209717 13.649264 12.774327 11.458347 9.564139 6.984825 3.723786 0.000000 
50.000000 43.549458 37.372083 31.706377 26.728832 22.539074 19.159140 16.544967 14.605618 13.224966 12.281226 11.661484 11.270260 11.032700 10.893851 10.815684 10.773268 10.751069 10.739855 10.734383 10.731802 10.730625 10.730106 10.729883 10.729791 10.729753 10.729736 10.729724 10.729705 10.729664 10.729568 10.729347 10.728852 10.727775 10.725506 10.720864 10.711657 10.693957 10.660980 10.601454 10.497410 10.321426 10.033669 9.579570 8.889809 7.885563 6.493240 4.672931 2.459645 0.000000 
50.000000 43.002621 36.301582 30.155611 24.756167 20.211319 16.544967 13.709299 11.605662 10.108074 9.084419 8.412211 7.987876 7.730216 7.579622 7.494845 7.448844 7.424769 7.412607 7.406673 7.403875 7.402598 7.402035 7.401794 7.401694 7.401653 7.401635 7.401624 7.401607 7.401572 7.401491 7.401304 7.400886 7.399983 7.398086 7.394227 7.386621 7.372103 7.345284 7.297361 7.214594 7.076572 6.854650 6.511297 6.001602 5.278644 4.304523 3.067537 1.602014 0.000000 
50.000000 42.596925 35.507384 29.005118 23.292689 18.484429 14.605618 11.605662 9.380177 7.795867 6.712952 6.001842 5.552959 5.280398 5.121099 5.031423 4.982765 4.957300 4.944437 4.938161 4.935201 4.933851 4.933255 4.933000 4.932894 4.932851 4.932833 4.932822 4.932809 4.932781 4.932716 4.932568 4.932239 4.931529 4.930046 4.927044 4.921163 4.910018 4.889596 4.853453 4.791719 4.690088 4.529090 4.284193 3.927522 3.432074 2.778943 1.966982 1.022016 0.000000 
50.000000 42.308087 34.941953 28.186029 22.250784 17.255011 13.224966 10.108074 7.795867 6.149841 5.024759 4.285971 3.819623 3.536463 3.370973 3.277813 3.227266 3.200813 3.187451 3.180932 3.177858 3.176456 3.175837 3.175572 3.175462 3.175418 3.175399 3.175389 3.175378 3.175357 3.175308 3.175198 3.174953 3.174428 3.173336 3.171136 3.166853 3.158789 3.144128 3.118408 3.074920 3.004148 2.893480 2.727556 2.489692 2.164762 1.743598 1.228198 0.635926 0.000000 
50.000000 42.110640 34.555433 27.626117 21.538571 16.414632 12.281226 9.084419 6.712952 5.024759 3.870869 3.113173 2.634897 2.344499 2.174782 2.079244 2.027408 2.000281 1.986578 1.979893 1.976741 1.975303 1.974668 1.974397 1.974284 1.974239 1.974220 1.974211 1.974203 1.974187 1.974153 1.974075 1.973903 1.973536 1.972774 1.971249 1.968294 1.962768 1.952793 1.935434 1.906351 1.859500 1.787058 1.679772 1.527967 1.323374 1.061667 0.745196 0.384879 0.000000 
50.000000 41.980970 34.301593 27.258412 21.070852 15.862755 11.661484 8.412211 6.001842 4.285971 3.113173 2.343070 1.856969 1.561822 1.389332 1.292235 1.239553 1.211984 1.198059 1.191265 1.188061 1.186600 1.185955 1.185679 1.185565 1.185519 1.185500 1.185492 1.185485 1.185475 1.185451 1.185399 1.185285 1.185040 1.184536 1.183531 1.181594 1.177993 1.171535 1.160380 1.141843 1.112246 1.066927 1.000504 0.907534 0.783596 0.626706 0.438719 0.226174 0.000000 
50.000000 41.899107 34.141342 27.026277 20.775584 15.514365 11.270260 7.987876 5.552959 3.819623 2.634897 1.856969 1.365931 1.067791 0.893552 0.795472 0.742258 0.714410 0.700344 0.693482 0.690246 0.688770 0.688119 0.687840 0.687725 0.687678 0.687660 0.687652 0.687647 0.687640 0.687625 0.687591 0.687518 0.687364 0.687046 0.686414 0.685204 0.682965 0.678976 0.672129 0.660834 0.642941 0.615773 0.576303 0.521555 0.449219 0.358414 0.250389 0.128904 0.000000 
50.000000 41.849394 34.044026 26.885312 20.596283 15.302811 11.032700 7.730216 5.280398 3.536463 2.344499 1.561822 1.067791 0.767835 0.592536 0.493860 0.440323 0.412306 0.398155 0.391252 0.387996 0.386511 0.385856 0.385576 0.385460 0.385413 0.385395 0.385387 0.385383 0.385378 0.385369 0.385349 0.385304 0.385211 0.385019 0.384640 0.383917 0.382587 0.380228 0.376205 0.369610 0.359235 0.343594 0.321043 0.289998 0.249280 0.198510 0.138457 0.071202 0.000000 
50.000000 41.820335 33.987143 26.802915 20.491481 15.179159 10.893851 7.579622 5.121099 3.370973 2.174782 1.389332 0.893552 0.592536 0.416619 0.317595 0.263870 0.235755 0.221554 0.214626 0.211359 0.209869 0.209212 0.208931 0.208814 0.208767 0.208749 0.208742 0.208738 0.208735 0.208729 0.208718 0.208692 0.208638 0.208527 0.208309 0.207896 0.207138 0.205801 0.203533 0.199836 0.194055 0.185395 0.172988 0.156016 0.133892 0.106458 0.074157 0.038103 0.000000 
50.000000 41.803974 33.955116 26.756526 20.432478 15.109545 10.815684 7.494845 5.031423 3.277813 2.079244 1.292235 0.795472 0.493860 0.317595 0.218376 0.164545 0.136375 0.122146 0.115204 0.111931 0.110439 0.109780 0.109498 0.109381 0.109334 0.109316 0.109309 0.109306 0.109304 0.109300 0.109294 0.109279 0.109249 0.109188 0.109068 0.108841 0.108427 0.107699 0.106470 0.104477 0.101377 0.096759 0.090178 0.081225 0.069613 0.055280 0.038467 0.019751 0.000000 
50.000000 41.795096 33.937737 26.731352 20.400460 15.071770 10.773268 7.448844 4.982765 3.227266 2.027408 1.239553 0.742258 0.440323 0.263870 0.164545 0.110656 0.082456 0.068212 0.061263 0.057987 0.056492 0.055833 0.055551 0.055434 0.055387 0.055369 0.055362 0.055359 0.055357 0.055355 0.055352 0.055344 0.055328 0.055296 0.055232 0.055112 0.054894 0.054513 0.053873 0.052838 0.051236 0.048861 0.045493 0.040931 0.035040 0.027797 0.019326 0.009918 0.000000 
50.000000 41.790449 33.928640 26.718175 20.383702 15.051999 10.751069 7.424769 4.957300 3.200813 2.000281 1.211984 0.714410 0.412306 0.235755 0.136375 0.082456 0.054240 0.039989 0.033036 0.029758 0.028262 0.027602 0.027320 0.027203 0.027156 0.027138 0.027131 0.027128 0.027127 0.027126 0.027124 0.027120 0.027112 0.027095 0.027063 0.027002 0.026892 0.026700 0.026378 0.025860 0.025062 0.023883 0.022217 0.019971 0.017081 0.013538 0.009406 0.004825 0.000000 
50.000000 41.788101 33.924044 26.711519 20.375236 15.042011 10.739855 7.412607 4.944437 3.187451 1.986578 1.198059 0.700344 0.398155 0.221554 0.122146 0.068212 0.039989 0.025733 0.018778 0.015499 0.014004 0.013343 0.013061 0.012944 0.012897 0.012879 0.012872 0.012869 0.012868 0.012868 0.012867 0.012865 0.012861 0.012852 0.012837 0.012807 0.012753 0.012659 0.012503 0.012253 0.011869 0.011304 0.010508 0.009438 0.008066 0.006388 0.004436 0.002274 0.000000 
50.000000 41.786955 33.921801 26.708270 20.371104 15.037137 10.734383 7.406673 4.938161 3.180932 1.979893 1.191265 0.693482 0.391252 0.214626 0.115205 0.061264 0.033036 0.018779 0.011823 0.008543 0.007048 0.006387 0.006105 0.005988 0.005941 0.005923 0.005916 0.005913 0.005912 0.005912 0.005911 0.005910 0.005908 0.005904 0.005897 0.005883 0.005858 0.005814 0.005741 0.005624 0.005445 0.005183 0.004815 0.004322 0.003691 0.002921 0.002027 0.001039 0.000000 
50.000000 41.786415 33.920744 26.706738 20.369156 15.034839 10.731803 7.403875 4.935201 3.177858 1.976741 1.188062 0.690246 0.387997 0.211360 0.111932 0.057987 0.029758 0.015500 0.008544 0.005264 0.003768 0.003108 0.002825 0.002708 0.002661 0.002643 0.002636 0.002634 0.002633 0.002632 0.002632 0.002631 0.002631 0.002629 0.002625 0.002619 0.002607 0.002587 0.002554 0.002502 0.002421 0.002304 0.002139 0.001919 0.001638 0.001295 0.000899 0.000461 0.000000 
50.000000 41.786168 33.920261 26.706040 20.368268 15.033791 10.730626 7.402600 4.933852 3.176457 1.975304 1.186601 0.688772 0.386513 0.209871 0.110440 0.056494 0.028264 0.014005 0.007049 0.003769 0.002273 0.001613 0.001330 0.001213 0.001166 0.001148 0.001141 0.001139 0.001138 0.001137 0.001137 0.001137 0.001136 0.001136 0.001134 0.001131 0.001126 0.001117 0.001103 0.001080 0.001045 0.000994 0.000922 0.000827 0.000705 0.000558 0.000387 0.000198 0.000000 
50.000000 41.786060 33.920049 26.705733 20.367877 15.033330 10.730109 7.402038 4.933259 3.175840 1.974672 1.185959 0.688123 0.385860 0.209216 0.109784 0.055837 0.027606 0.013347 0.006391 0.003111 0.001615 0.000955 0.000673 0.000556 0.000509 0.000490 0.000483 0.000481 0.000480 0.000479 0.000479 0.000479 0.000479 0.000479 0.000478 0.000477 0.000475 0.000471 0.000465 0.000455 0.000440 0.000418 0.000388 0.000348 0.000297 0.000234 0.000162 0.000083 0.000000 
50.000000 41.786014 33.919960 26.705604 20.367713 15.033137 10.729892 7.401803 4.933010 3.175582 1.974407 1.185690 0.687851 0.385587 0.208941 0.109509 0.055562 0.027331 0.013072 0.006116 0.002836 0.001340 0.000679 0.000397 0.000280 0.000233 0.000215 0.000208 0.000205 0.000204 0.000204 0.000204 0.000204 0.000204 0.000204 0.000203 0.000203 0.000202 0.000200 0.000198 0.000193 0.000187 0.000178 0.000165 0.000148 0.000126 0.000099 0.000069 0.000035 0.000000 
50.000000 41.785998 33.919929 26.705558 20.367655 15.033068 10.729814 7.401719 4.932921 3.175490 1.974313 1.185594 0.687754 0.385489 0.208843 0.109410 0.055463 0.027232 0.012973 0.006017 0.002737 0.001241 0.000581 0.000299 0.000182 0.000135 0.000116 0.000109 0.000107 0.000106 0.000106 0.000105 0.000105 0.000105 0.000105 0.000105 0.000105 0.000104 0.000103 0.000102 0.000100 0.000097 0.000092 0.000085 0.000076 0.000065 0.000051 0.000036 0.000018 0.000000 
50.000000 41.785998 33.919929 26.705558 20.367655 15.033068 10.729814 7.401719 4.932921 3.175490 1.974313 1.185594 0.687754 0.385489 0.208843 0.109410 0.055463 0.027232 0.012973 0.006017 0.002737 0.001241 0.000581 0.000299 0.000182 0.000135 0.000116 0.000109 0.000107 0.000106 0.000106 0.000105 0.000105 0.000105 0.000105 0.000105 0.000105 0.000104 0.000103 0.000102 0.000100 0.000097 0.000092 0.000085 0.000076 0.000065 0.000051 0.000036 0.000018 0.000000 
50.000000 41.786014 33.919960 26.705604 20.367713 15.033137 10.729892 7.401803 4.933010 3.175582 1.974407 1.185690 0.687851 0.385587 0.208941 0.109509 0.055562 0.027331 0.013072 0.006116 0.002836 0.001340 0.000679 0.000397 0.000280 0.000233 0.000215 0.000208 0.000205 0.000204 0.000204 0.000204 0.000204 0.000204 0.000204 0.000203 0.000203 0.000202 0.000200 0.000198 0.000193 0.000187 0.000178 0.000165 0.000148 0.000126 0.000099 0.000069 0.000035 0.000000 
50.000000 41.786060 33.920049 26.705733 20.367877 15.033330 10.730109 7.402038 4.933259 3.175840 1.974672 1.185959 0.688123 0.385860 0.209216 0.109784 0.055837 0.027606 0.013347 0.006391 0.003111 0.001615 0.000955 0.000673 0.000556 0.000509 0.000490 0.000483 0.000481 0.000480 0.000479 0.000479 0.000479 0.000479 0.000479 0.000478 0.000477 0.000475 0.000471 0.000465 0.000455 0.000440 0.000418 0.000388 0.000348 0.000297 0.000234 0.000162 0.000083 0.000000 
50.000000 41.786168 33.920261 26.706040 20.368268 15.033791 10.730626 7.402600 4.933852 3.176457 1.975304 1.186601 0.688772 0.386513 0.209871 0.110440 0.056494 0.028264 0.014005 0.007049 0.003769 0.002273 0.001613 0.001330 0.001213 0.001166 0.001148 0.001141 0.001139 0.001138 0.001137 0.001137 0.001137 0.001136 0.001136 0.001134 0.001131 0.001126 0.001117 0.001103 0.001080 0.001045 0.000994 0.000922 0.000827 0.000705 0.000558 0.000387 0.000198 0.000000 
50.000000 41.786415 33.920744 26.706738 20.369156 15.034839 10.731803 7.403875 4.935201 3.177858 1.976741 1.188062 0.690246 0.387997 0.211360 0.111932 0.057987 0.029758 0.015500 0.008544 0.005264 0.003768 0.003108 0.002825 0.002708 0.002661 0.002643 0.002636 0.002634 0.002633 0.002632 0.002632 0.002631 0.002631 0.002629 0.002625 0.002619 0.002607 0.002587 0.002554 0.002502 0.002421 0.002304 0.002139 0.001919 0.001638 0.001295 0.000899 0.000461 0.000000 
50.000000 41.786955 33.921801 26.708270 20.371104 15.037137 10.734383 7.406673 4.938161 3.180932 1.979893 1.191265 0.693482 0.391252 0.214626 0.115205 0.061264 0.033036 0.018779 0.011823 0.008543 0.007048 0.006387 0.006105 0.005988 0.005941 0.005923 0.005916 0.005913 0.005912 0.005912 0.005911 0.005910 0.005908 0.005904 0.005897 0.005883 0.005858 0.005814 0.005741 0.005624 0.005445 0.005183 0.004815 0.004322 0.003691 0.002921 0.002027 0.001039 0.000000 
50.000000 41.788101 33.924044 26.711519 20.375236 15.042011 10.739855 7.412607 4.944437 3.187451 1.986578 1.198059 0.700344 0.398155 0.221554 0.122146 0.068212 0.039989 0.025733 0.018778 0.015499 0.014004 0.013343 0.013061 0.012944 0.012897 0.012879 0.012872 0.012869 0.012868 0.012868 0.012867 0.012865 0.012861 0.012852 0.012837 0.012807 0.012753 0.012659 0.012503 0.012253 0.011869 0.011304 0.010508 0.009438 0.008066 0.006388 0.004436 0.002274 0.000000 
50.000000 41.790449 33.928640 26.718175 20.383702 15.051999 10.751069 7.424769 4.957300 3.200813 2.000281 1.211984 0.714410 0.412306 0.235755 0.136375 0.082456 0.054240 0.039989 0.033036 0.029758 0.028262 0.027602 0.027320 0.027203 0.027156 0.027138 0.027131 0.027128 0.027127 0.027126 0.027124 0.027120 0.027112 0.027095 0.027063 0.027002 0.026892 0.026700 0.026378 0.025860 0.025062 0.023883 0.022217 0.019971 0.017081 0.013538 0.009406 0.004825 0.000000 
50.000000 41.795096 33.937737 26.731352 20.400460 15.071770 10.773268 7.448844 4.982765 3.227266 2.027408 1.239553 0.742258 0.440323 0.263870 0.164545 0.110656 0.082456 0.068212 0.061263 0.057987 0.056492 0.055833 0.055551 0.055434 0.055387 0.055369 0.055362 0.055359 0.055357 0.055355 0.055352 0.055344 0.055328 0.055296 0.055232 0.055112 0.054894 0.054513 0.053873 0.052838 0.051236 0.048861 0.045493 0.040931 0.035040 0.027797 0.019326 0.009918 0.000000 
50.000000 41.803974 33.955116 26.756526 20.432478 15.109545 10.815684 7.494845 5.031423 3.277813 2.079244 1.292235 0.795472 0.493860 0.317595 0.218376 0.164545 0.136375 0.122146 0.115204 0.111931 0.110439 0.109780 0.109498 0.109381 0.109334 0.109316 0.109309 0.109306 0.109304 0.109300 0.109294 0.109279 0.109249 0.109188 0.109068 0.108841 0.108427 0.107699 0.106470 0.104477 0.101377 0.096759 0.090178 0.081225 0.069613 0.055280 0.038467 0.019751 0.000000 
50.000000 41.820335 33.987143 26.802915 20.491481 15.179159 10.893851 7.579622 5.121099 3.370973 2.174782 1.389332 0.893552 0.592536 0.416619 0.317595 0.263870 0.235755 0.221554 0.214626 0.211359 0.209869 0.209212 0.208931 0.208814 0.208767 0.208749 0.208742 0.208738 0.208735 0.208729 0.208718 0.208692 0.208638 0.208527 0.208309 0.207896 0.207138 0.205801 0.203533 0.199836 0.194055 0.185395 0.172988 0.156016 0.133892 0.106458 0.074157 0.038103 0.000000 
50.000000 41.849394 34.044026 26.885312 20.596283 15.302811 11.032700 7.730216 5.280398 3.536463 2.344499 1.561822 1.067791 0.767835 0.592536 0.493860 0.440323 0.412306 0.398155 0.391252 0.387996 0.386511 0.385856 0.385576 0.385460 0.385413 0.385395 0.385387 0.385383 0.385378 0.385369 0.385349 0.385304 0.385211 0.385019 0.384640 0.383917 0.382587 0.380228 0.376205 0.369610 0.359235 0.343594 0.321043 0.289998 0.249280 0.198510 0.138457 0.071202 0.000000 
50.000000 41.899107 34.141342 27.026277 20.775584 15.514365 11.270260 7.987876 5.552959 3.819623 2.634897 1.856969 1.365931 1.067791 0.893552 0.795472 0.742258 0.714410 0.700344 0.693482 0.690246 0.688770 0.688119 0.687840 0.687725 0.687678 0.687660 0.687652 0.687647 0.687640 0.687625 0.687591 0.687518 0.687364 0.687046 0.686414 0.685204 0.682965 0.678976 0.672129 0.660834 0.642941 0.615773 0.576303 0.521555 0.449219 0.358414 0.250389 0.128904 0.000000 
50.000000 41.980970 34.301593 27.258412 21.070852 15.862755 11.661484 8.412211 6.001842 4.285971 3.113173 2.343070 1.856969 1.561822 1.389332 1.292235 1.239553 1.211984 1.198059 1.191265 1.188061 1.186600 1.185955 1.185679 1.185565 1.185519 1.185500 1.185492 1.185485 1.185475 1.185451 1.185399 1.185285 1.185040 1.184536 1.183531 1.181594 1.177993 1.171535 1.160380 1.141843 1.112246 1.066927 1.000504 0.907534 0.783596 0.626706 0.438719 0.226174 0.000000 
50.000000 42.110640 34.555433 27.626117 21.538571 16.414632 12.281226 9.084419 6.712952 5.024759 3.870869 3.113173 2.634897 2.344499 2.174782 2.079244 2.027408 2.000281 1.986578 1.979893 1.976741 1.975303 1.974668 1.974397 1.974284 1.974239 1.974220 1.974211 1.974203 1.974187 1.974153 1.974075 1.973903 1.973536 1.972774 1.971249 1.968294 1.962768 1.952793 1.935434 1.906351 1.859500 1.787058 1.679772 1.527967 1.323374 1.061667 0.745196 0.384879 0.000000 
50.000000 42.308087 34.941953 28.186029 22.250784 17.255011 13.224966 10.108074 7.795867 6.149841 5.024759 4.285971 3.819623 3.536463 3.370973 3.277813 3.227266 3.200813 3.187451 3.180932 3.177858 3.176456 3.175837 3.175572 3.175462 3.175418 3.175399 3.175389 3.175378 3.175357 3.175308 3.175198 3.174953 3.174428 3.173336 3.171136 3.166853 3.158789 3.144128 3.118408 3.074920 3.004148 2.893480 2.727556 2.489692 2.164762 1.743598 1.228198 0.635926 0.000000 
50.000000 42.596925 35.507384 29.005118 23.292689 18.484429 14.605618 11.605662 9.380177 7.795867 6.712952 6.001842 5.552959 5.280398 5.121099 5.031423 4.982765 4.957300 4.944437 4.938161 4.935201 4.933851 4.933255 4.933000 4.932894 4.932851 4.932833 4.932822 4.932809 4.932781 4.932716 4.932568 4.932239 4.931529 4.930046 4.927044 4.921163 4.910018 4.889596 4.853453 4.791719 4.690088 4.529090 4.284193 3.927522 3.432074 2.778943 1.966982 1.022016 0.000000 
50.000000 43.002621 36.301582 30.155611 24.756167 20.211319 16.544967 13.709299 11.605662 10.108074 9.084419 8.412211 7.987876 7.730216 7.579622 7.494845 7.448844 7.424769 7.412607 7.406673 7.403875 7.402598 7.402035 7.401794 7.401694 7.401653 7.401635 7.401624 7.401607 7.401572 7.401491 7.401304 7.400886 7.399983 7.398086 7.394227 7.386621 7.372103 7.345284 7.297361 7.214594 7.076572 6.854650 6.511297 6.001602 5.278644 4.304523 3.067537 1.602014 0.000000 
50.000000 43.549458 37.372083 31.706377 26.728832 22.539074 19.159140 16.544967 14.605618 13.224966 12.281226 11.661484 11.270260 11.032700 10.893851 10.815684 10.773268 10.751069 10.739855 10.734383 10.731802 10.730625 10.730106 10.729883 10.729791 10.729753 10.729736 10.729724 10.729705 10.729664 10.729568 10.729347 10.728852 10.727775 10.725506 10.720864 10.711657 10.693957 10.660980 10.601454 10.497410 10.321426 10.033669 9.579570 8.889809 7.885563 6.493240 4.672931 2.459645 0.000000 
50.000000 44.256445 38.756107 33.711338 29.279285 25.548653 22.539074 20.211319 18.484429 17.255011 16.414632 15.862755 15.514365 15.302811 15.179159 15.109545 15.071770 15.051999 15.042011 15.037137 15.034839 15.033790 15.033327 15.033129 15.033047 15.033013 15.032997 15.032985 15.032965 15.032921 15.032816 15.032573 15.032028 15.030838 15.028320 15.023143 15.012813 14.992811 14.955221 14.886664 14.765319 14.556907 14.209717 13.649264 12.774327 11.458347 9.564139 6.984825 3.723786 0.000000 
50.000000 45.132792 40.471682 36.196616 32.440759 29.279285 26.728832 24.756167 23.292689 22.250784 21.538571 21.070852 20.775584 20.596283 20.491481 20.432478 20.400460 20.383702 20.375236 20.371104 20.369156 20.368267 20.367875 20.367707 20.367637 20.367608 20.367594 20.367583 20.367564 20.367519 20.367414 20.367170 20.366621 20.365420 20.362865 20.357589 20.347003 20.326365 20.287256 20.215196 20.086022 19.860614 19.477523 18.843269 17.820938 16.220379 13.800461 10.309996 5.620034 0.000000 
50.000000 46.173884 42.509776 39.149127 36.196616 33.711338 31.706377 30.155611 29.005118 28.186029 27.626117 27.258412 27.026277 26.885312 26.802915 26.756526 26.731352 26.718175 26.711518 26.708270 26.706738 26.706039 26.705731 26.705599 26.705544 26.705521 26.705510 26.705500 26.705483 26.705443 26.705349 26.705131 26.704637 26.703555 26.701246 26.696458 26.686802 26.667863 26.631705 26.564450 26.442431 26.226174 25.851088 25.213137 24.147199 22.396155 19.574564 15.157183 8.611099 0.000000 
50.000000 47.358884 44.829596 42.509776 40.471682 38.756107 37.372083 36.301582 35.507384 34.941953 34.555433 34.301593 34.141342 34.044026 33.987143 33.955116 33.937737 33.928640 33.924044 33.921801 33.920744 33.920261 33.920048 33.919957 33.919919 33.919903 33.919895 33.919888 33.919875 33.919845 33.919774 33.919608 33.919234 33.918411 33.916650 33.912986 33.905569 33.890952 33.862874 33.810237 33.713756 33.540403 33.234045 32.699152 31.771281 30.161686 27.352594 22.414798 13.811085 0.000000 
50.000000 48.650881 47.358884 46.173884 45.132792 44.256445 43.549458 43.002621 42.596925 42.308087 42.110640 41.980970 41.899107 41.849394 41.820335 41.803974 41.795096 41.790449 41.788101 41.786955 41.786415 41.786168 41.786059 41.786013 41.785993 41.785985 41.785981 41.785977 41.785970 41.785954 41.785916 41.785826 41.785624 41.785178 41.784223 41.782232 41.778192 41.770203 41.754796 41.725761 41.672162 41.574909 41.400607 41.089812 40.532659 39.512758 37.562786 33.547799 24.325440 0.000000 
50.000000 50.000000 50.000000 50.000000 50.000000 50.000000 50.000000 50.000000 50.000000 50.000000 50.000000 50.000000 50.000000 50.000000 50.000000 50.000000 50.000000 50.000000 50.000000 50.000000 50.000000 50.000000 50.000000 50.000000 50.000000 50.000000 50.000000 50.000000 50.000000 50.000000 50.000000 50.000000 50.000000 50.000000 50.000000 50.000000 50.000000 50.000000 50.000000 50.000000 50.000000 50.000000 50.000000 50.000000 50.000000 50.000000 50.000000 50.000000 50.000000 50.000000 
