50.000000 50.000000 50.000000 50.000000 50.000000 50.000000 50.000000 50.000000 50.000000 50.000000 50.000000 50.000000 50.000000 50.000000 50.000000 50.000000 50.000000 50.000000 50.000000 50.000000 50.000000 50.000000 50.000000 50.000000 50.000000 50.000000 50.000000 50.000000 50.000000 50.000000 50.000000 50.000000 50.000000 50.000000 50.000000 50.000000 50.000000 50.000000 50.000000 50.000000 50.000000 50.000000 50.000000 50.000000 50.000000 50.000000 50.000000 50.000000 50.000000 50.000000 
50.000000 46.002387 42.504690 39.820247 38.004645 36.916039 36.333556 36.053525 35.931762 35.883576 35.866119 35.860299 35.858504 35.857990 35.857853 35.857818 35.857810 35.857808 35.857808 35.857808 35.857808 35.857808 35.857808 35.857808 35.857808 35.857808 35.857808 35.857808 35.857808 35.857808 35.857808 35.857808 35.857808 35.857808 35.857807 35.857805 35.857797 35.857760 35.857613 35.857064 35.855124 35.848677 35.828516 35.769052 35.602837 35.158418 34.003345 31.010124 23.001194 0.000000 
50.000000 42.504690 35.946844 30.913994 27.510281 25.469633 24.377841 23.853013 23.624835 23.534547 23.501842 23.490939 23.487578 23.486615 23.486358 23.486294 23.486279 23.486275 23.486275 23.486274 23.486274 23.486274 23.486274 23.486274 23.486274 23.486274 23.486274 23.486274 23.486274 23.486274 23.486274 23.486274 23.486274 23.486274 23.486274 23.486271 23.486257 23.486199 23.485972 23.485123 23.482149 23.472379 23.442299 23.355584 23.121431 22.528482 21.118339 17.973422 11.494566 0.000000 
50.000000 39.820247 30.913994 24.079272 19.457363 16.686673 15.204488 14.492103 14.182430 14.059917 14.015547 14.000759 13.996200 13.994895 13.994546 13.994459 13.994439 13.994434 13.994433 13.994433 13.994433 13.994433 13.994433 13.994433 13.994433 13.994433 13.994433 13.994433 13.994433 13.994433 13.994433 13.994433 13.994433 13.994433 13.994432 13.994429 13.994415 13.994358 13.994130 13.993289 13.990371 13.980912 13.952318 13.871917 13.662267 13.157185 12.039636 9.795656 5.816902 0.000000 
50.000000 38.004645 27.510281 19.457363 14.012177 10.748350 9.002606 8.163677 7.799060 7.654836 7.602614 7.585211 7.579849 7.578313 7.577903 7.577801 7.577777 7.577772 7.577770 7.577770 7.577770 7.577770 7.577770 7.577770 7.577770 7.577770 7.577770 7.577770 7.577770 7.577770 7.577770 7.577770 7.577770 7.577770 7.577770 7.577767 7.577756 7.577711 7.577536 7.576892 7.574682 7.567616 7.546629 7.488968 7.343174 7.006089 6.300177 4.981799 2.846227 0.000000 
50.000000 36.916039 25.469633 16.686673 10.748350 7.189313 5.285906 4.371339 3.973908 3.816730 3.759827 3.740868 3.735027 3.733355 3.732909 3.732797 3.732771 3.732765 3.732764 3.732764 3.732764 3.732764 3.732764 3.732764 3.732764 3.732764 3.732764 3.732764 3.732764 3.732764 3.732764 3.732764 3.732764 3.732764 3.732763 3.732762 3.732755 3.732726 3.732614 3.732207 3.730825 3.726460 3.713698 3.679337 3.594657 3.405176 3.024405 2.348202 1.313202 0.000000 
50.000000 36.333556 24.377841 15.204488 9.002606 5.285906 3.298364 2.343472 1.928565 1.764495 1.705105 1.685321 1.679226 1.677481 1.677016 1.676899 1.676872 1.676866 1.676865 1.676865 1.676865 1.676865 1.676865 1.676865 1.676865 1.676865 1.676865 1.676865 1.676865 1.676865 1.676865 1.676865 1.676865 1.676865 1.676864 1.676863 1.676860 1.676844 1.676783 1.676563 1.675823 1.673510 1.666840 1.649182 1.606569 1.513637 1.332572 1.022257 0.564504 0.000000 
50.000000 36.053525 23.853013 14.492103 8.163677 4.371339 2.343472 1.369272 0.946008 0.778646 0.718070 0.697892 0.691676 0.689897 0.689423 0.689304 0.689276 0.689270 0.689269 0.689269 0.689269 0.689269 0.689269 0.689269 0.689269 0.689269 0.689269 0.689269 0.689269 0.689269 0.689269 0.689269 0.689269 0.689268 0.689268 0.689268 0.689266 0.689259 0.689230 0.689126 0.688778 0.687702 0.684636 0.676632 0.657640 0.617049 0.539785 0.410714 0.225009 0.000000 
50.000000 35.931762 23.624835 14.182430 7.799060 3.973908 1.928565 0.946008 0.519129 0.350347 0.289259 0.268911 0.262644 0.260850 0.260372 0.260252 0.260224 0.260218 0.260217 0.260216 0.260216 0.260216 0.260216 0.260216 0.260216 0.260216 0.260216 0.260216 0.260216 0.260216 0.260216 0.260216 0.260216 0.260216 0.260216 0.260216 0.260215 0.260212 0.260200 0.260156 0.260011 0.259565 0.258305 0.255055 0.247448 0.231444 0.201518 0.152456 0.083085 0.000000 
50.000000 35.883576 23.534547 14.059917 7.654836 3.816730 1.764495 0.778646 0.350347 0.181006 0.119718 0.099304 0.093016 0.091217 0.090737 0.090617 0.090589 0.090582 0.090581 0.090581 0.090581 0.090581 0.090581 0.090581 0.090581 0.090581 0.090581 0.090581 0.090581 0.090581 0.090581 0.090581 0.090581 0.090581 0.090581 0.090581 0.090580 0.090579 0.090575 0.090558 0.090503 0.090336 0.089868 0.088673 0.085904 0.080153 0.069546 0.052397 0.028452 0.000000 
50.000000 35.866119 23.501842 14.015547 7.602614 3.759827 1.705105 0.718070 0.289259 0.119718 0.058357 0.037920 0.031624 0.029823 0.029343 0.029222 0.029194 0.029188 0.029187 0.029187 0.029186 0.029186 0.029186 0.029186 0.029186 0.029186 0.029186 0.029186 0.029186 0.029186 0.029186 0.029186 0.029186 0.029186 0.029186 0.029186 0.029186 0.029186 0.029184 0.029179 0.029160 0.029103 0.028944 0.028542 0.027620 0.025722 0.022259 0.016719 0.009055 0.000000 
50.000000 35.860299 23.490939 14.000759 7.585211 3.740868 1.685321 0.697892 0.268911 0.099304 0.037920 0.017474 0.011177 0.009375 0.008894 0.008774 0.008746 0.008739 0.008738 0.008738 0.008738 0.008738 0.008738 0.008738 0.008738 0.008738 0.008738 0.008738 0.008738 0.008738 0.008738 0.008738 0.008738 0.008738 0.008738 0.008738 0.008738 0.008738 0.008737 0.008735 0.008729 0.008712 0.008662 0.008538 0.008254 0.007676 0.006629 0.004967 0.002685 0.000000 
50.000000 35.858504 23.487578 13.996200 7.579849 3.735027 1.679226 0.691676 0.262644 0.093016 0.031624 0.011177 0.004878 0.003076 0.002595 0.002475 0.002447 0.002441 0.002440 0.002439 0.002439 0.002439 0.002439 0.002439 0.002439 0.002439 0.002439 0.002439 0.002439 0.002439 0.002439 0.002439 0.002439 0.002439 0.002439 0.002439 0.002439 0.002439 0.002439 0.002438 0.002437 0.002432 0.002417 0.002382 0.002301 0.002137 0.001843 0.001378 0.000744 0.000000 
50.000000 35.857990 23.486615 13.994895 7.578313 3.733355 1.677481 0.689897 0.260850 0.091217 0.029823 0.009375 0.003076 0.001274 0.000793 0.000673 0.000645 0.000639 0.000637 0.000637 0.000637 0.000637 0.000637 0.000637 0.000637 0.000637 0.000637 0.000637 0.000637 0.000637 0.000637 0.000637 0.000637 0.000637 0.000637 0.000637 0.000637 0.000637 0.000637 0.000637 0.000636 0.000635 0.000631 0.000622 0.000600 0.000557 0.000480 0.000358 0.000193 0.000000 
50.000000 35.857853 23.486358 13.994546 7.577903 3.732909 1.677016 0.689423 0.260372 0.090737 0.029343 0.008894 0.002595 0.000793 0.000312 0.000192 0.000164 0.000158 0.000156 0.000156 0.000156 0.000156 0.000156 0.000156 0.000156 0.000156 0.000156 0.000156 0.000156 0.000156 0.000156 0.000156 0.000156 0.000156 0.000156 0.000156 0.000156 0.000156 0.000156 0.000156 0.000156 0.000156 0.000155 0.000152 0.000147 0.000136 0.000117 0.000087 0.000047 0.000000 
50.000000 35.857818 23.486294 13.994459 7.577801 3.732797 1.676899 0.689304 0.260252 0.090617 0.029222 0.008774 0.002475 0.000673 0.000192 0.000072 0.000044 0.000038 0.000036 0.000036 0.000036 0.000036 0.000036 0.000036 0.000036 0.000036 0.000036 0.000036 0.000036 0.000036 0.000036 0.000036 0.000036 0.000036 0.000036 0.000036 0.000036 0.000036 0.000036 0.000036 0.000036 0.000036 0.000036 0.000035 0.000034 0.000031 0.000027 0.000020 0.000011 0.000000 
50.000000 35.857810 23.486279 13.994439 7.577777 3.732771 1.676872 0.689276 0.260224 0.090589 0.029194 0.008746 0.002447 0.000645 0.000164 0.000044 0.000016 0.000009 0.000008 0.000008 0.000008 0.000008 0.000008 0.000008 0.000008 0.000008 0.000008 0.000008 0.000008 0.000008 0.000008 0.000008 0.000008 0.000008 0.000008 0.000008 0.000008 0.000008 0.000008 0.000008 0.000008 0.000008 0.000008 0.000008 0.000007 0.000007 0.000006 0.000004 0.000002 0.000000 
50.000000 35.857808 23.486275 13.994434 7.577772 3.732765 1.676866 0.689270 0.260218 0.090582 0.029188 0.008739 0.002441 0.000639 0.000158 0.000038 0.000009 0.000003 0.000002 0.000002 0.000002 0.000002 0.000002 0.000002 0.000002 0.000002 0.000002 0.000002 0.000002 0.000002 0.000002 0.000002 0.000002 0.000002 0.000002 0.000002 0.000002 0.000002 0.000002 0.000002 0.000002 0.000002 0.000002 0.000002 0.000002 0.000001 0.000001 0.000001 0.000000 0.000000 
50.000000 35.857808 23.486275 13.994433 7.577770 3.732764 1.676865 0.689269 0.260217 0.090581 0.029187 0.008738 0.002440 0.000637 0.000156 0.000036 0.000008 0.000002 0.000001 0.000000 0.000000 0.000000 0.000000 0.000000 0.000000 0.000000 0.000000 0.000000 0.000000 0.000000 0.000000 0.000000 0.000000 0.000000 0.000000 0.000000 0.000000 0.000000 0.000000 0.000000 0.000000 0.000000 0.000000 0.000000 0.000000 0.000000 0.000000 0.000000 0.000000 0.000000 
50.000000 35.857808 23.486274 13.994433 7.577770 3.732764 1.676865 0.689269 0.260216 0.090581 0.029187 0.008738 0.002439 0.000637 0.000156 0.000036 0.000008 0.000002 0.000000 0.000000 0.000000 0.000000 0.000000 0.000000 0.000000 0.000000 0.000000 0.000000 0.000000 0.000000 0.000000 0.000000 0.000000 0.000000 0.000000 0.000000 0.000000 0.000000 0.000000 0.000000 0.000000 0.000000 0.000000 0.000000 0.000000 0.000000 0.000000 0.000000 0.000000 0.000000 
50.000000 35.857808 23.486274 13.994433 7.577770 3.732764 1.676865 0.689269 0.260216 0.090581 0.029186 0.008738 0.002439 0.000637 0.000156 0.000036 0.000008 0.000002 0.000000 0.000000 0.000000 0.000000 0.000000 0.000000 0.000000 0.000000 0.000000 0.000000 0.000000 0.000000 0.000000 0.000000 0.000000 0.000000 0.000000 0.000000 0.000000 0.000000 0.000000 0.000000 0.000000 0.000000 0.000000 0.000000 0.000000 0.000000 0.000000 0.000000 0.000000 0.000000 
50.000000 35.857808 23.486274 13.994433 7.577770 3.732764 1.676865 0.689269 0.260216 0.090581 0.029186 0.008738 0.002439 0.000637 0.000156 0.000036 0.000008 0.000002 0.000000 0.000000 0.000000 0.000000 0.000000 0.000000 0.000000 0.000000 0.000000 0.000000 0.000000 0.000000 0.000000 0.000000 0.000000 0.000000 0.000000 0.000000 0.000000 0.000000 0.000000 0.000000 0.000000 0.000000 0.000000 0.000000 0.000000 0.000000 0.000000 0.000000 0.000000 0.000000 
50.000000 35.857808 23.486274 13.994433 7.577770 3.732764 1.676865 0.689269 0.260216 0.090581 0.029186 0.008738 0.002439 0.000637 0.000156 0.000036 0.000008 0.000002 0.000000 0.000000 0.000000 0.000000 0.000000 0.000000 0.000000 0.000000 0.000000 0.000000 0.000000 0.000000 0.000000 0.000000 0.000000 0.000000 0.000000 0.000000 0.000000 0.000000 0.000000 0.000000 0.000000 0.000000 0.000000 0.000000 0.000000 0.000000 0.000000 0.000000 0.000000 0.000000 
50.000000 35.857808 23.486274 13.994433 7.577770 3.732764 1.676865 0.689269 0.260216 0.090581 0.029186 0.008738 0.002439 0.000637 0.000156 0.000036 0.000008 0.000002 0.000000 0.000000 0.000000 0.000000 0.000000 0.000000 0.000000 0.000000 0.000000 0.000000 0.000000 0.000000 0.000000 0.000000 0.000000 0.000000 0.000000 0.000000 0.000000 0.000000 0.000000 0.000000 0.000000 0.000000 0.000000 0.000000 0.000000 0.000000 0.000000 0.000000 0.000000 0.000000 
50.000000 35.857808 23.486274 13.994433 7.577770 3.732764 1.676865 0.689269 0.260216 0.090581 0.029186 0.008738 0.002439 0.000637 0.000156 0.000036 0.000008 0.000002 0.000000 0.000000 0.000000 0.000000 0.000000 0.000000 0.000000 0.000000 0.000000 0.000000 0.000000 0.000000 0.000000 0.000000 0.000000 0.000000 0.000000 0.000000 0.000000 0.000000 0.000000 0.000000 0.000000 0.000000 0.000000 0.000000 0.000000 0.000000 0.000000 0.000000 0.000000 0.000000 
50.000000 35.857808 23.486274 13.994433 7.577770 3.732764 1.676865 0.689269 0.260216 0.090581 0.029186 0.008738 0.002439 0.000637 0.000156 0.000036 0.000008 0.000002 0.000000 0.000000 0.000000 0.000000 0.000000 0.000000 0.000000 0.000000 0.000000 0.000000 0.000000 0.000000 0.000000 0.000000 0.000000 0.000000 0.000000 0.000000 0.000000 0.000000 0.000000 0.000000 0.000000 0.000000 0.000000 0.000000 0.000000 0.000000 0.000000 0.000000 0.000000 0.000000 
50.000000 35.857808 23.486274 13.994433 7.577770 3.732764 1.676865 0.689269 0.260216 0.090581 0.029186 0.008738 0.002439 0.000637 0.000156 0.000036 0.000008 0.000002 0.000000 0.000000 0.000000 0.000000 0.000000 0.000000 0.000000 0.000000 0.000000 0.000000 0.000000 0.000000 0.000000 0.000000 0.000000 0.000000 0.000000 0.000000 0.000000 0.000000 0.000000 0.000000 0.000000 0.000000 0.000000 0.000000 0.000000 0.000000 0.000000 0.000000 0.000000 0.000000 
50.000000 35.857808 23.486274 13.994433 7.577770 3.732764 1.676865 0.689269 0.260216 0.090581 0.029186 0.008738 0.002439 0.000637 0.000156 0.000036 0.000008 0.000002 0.000000 0.000000 0.000000 0.000000 0.000000 0.000000 0.000000 0.000000 0.000000 0.000000 0.000000 0.000000 0.000000 0.000000 0.000000 0.000000 0.000000 0.000000 0.000000 0.000000 0.000000 0.000000 0.000000 0.000000 0.000000 0.000000 0.000000 0.000000 0.000000 0.000000 0.000000 0.000000 
50.000000 35.857808 23.486274 13.994433 7.577770 3.732764 1.676865 0.689269 0.260216 0.090581 0.029186 0.008738 0.002439 0.000637 0.000156 0.000036 0.000008 0.000002 0.000000 0.000000 0.000000 0.000000 0.000000 0.000000 0.000000 0.000000 0.000000 0.000000 0.000000 0.000000 0.000000 0.000000 0.000000 0.000000 0.000000 0.000000 0.000000 0.000000 0.000000 0.000000 0.000000 0.000000 0.000000 0.000000 0.000000 0.000000 0.000000 0.000000 0.000000 0.000000 
50.000000 35.857808 23.486274 13.994433 7.577770 3.732764 1.676865 0.689269 0.260216 0.090581 0.029186 0.008738 0.002439 0.000637 0.000156 0.000036 0.000008 0.000002 0.000000 0.000000 0.000000 0.000000 0.000000 0.000000 0.000000 0.000000 0.000000 0.000000 0.000000 0.000000 0.000000 0.000000 0.000000 0.000000 0.000000 0.000000 0.000000 0.000000 0.000000 0.000000 0.000000 0.000000 0.000000 0.000000 0.000000 0.000000 0.000000 0.000000 0.000000 0.000000 
50.000000 35.857808 23.486274 13.994433 7.577770 3.732764 1.676865 0.689269 0.260216 0.090581 0.029187 0.008738 0.002439 0.000637 0.000156 0.000036 0.000008 0.000002 0.000000 0.000000 0.000000 0.000000 0.000000 0.000000 0.000000 0.000000 0.000000 0.000000 0.000000 0.000000 0.000000 0.000000 0.000000 0.000000 0.000000 0.000000 0.000000 0.000000 0.000000 0.000000 0.000000 0.000000 0.000000 0.000000 0.000000 0.000000 0.000000 0.000000 0.000000 0.000000 
50.000000 35.857808 23.486275 13.994433 7.577770 3.732764 1.676865 0.689269 0.260217 0.090581 0.029187 0.008738 0.002440 0.000637 0.000156 0.000036 0.000008 0.000002 0.000001 0.000000 0.000000 0.000000 0.000000 0.000000 0.000000 0.000000 0.000000 0.000000 0.000000 0.000000 0.000000 0.000000 0.000000 0.000000 0.000000 0.000000 0.000000 0.000000 0.000000 0.000000 0.000000 0.000000 0.000000 0.000000 0.000000 0.000000 0.000000 0.000000 0.000000 0.000000 
50.000000 35.857808 23.486275 13.994434 7.577772 3.732765 1.676866 0.689270 0.260218 0.090582 0.029188 0.008739 0.002441 0.000639 0.000158 0.000038 0.000009 0.000003 0.000002 0.000002 0.000002 0.000002 0.000002 0.000002 0.000002 0.000002 0.000002 0.000002 0.000002 0.000002 0.000002 0.000002 0.000002 0.000002 0.000002 0.000002 0.000002 0.000002 0.000002 0.000002 0.000002 0.000002 0.000002 0.000002 0.000002 0.000001 0.000001 0.000001 0.000000 0.000000 
50.000000 35.857810 23.486279 13.994439 7.577777 3.732771 1.676872 0.689276 0.260224 0.090589 0.029194 0.008746 0.002447 0.000645 0.000164 0.000044 0.000016 0.000009 0.000008 0.000008 0.000008 0.000008 0.000008 0.000008 0.000008 0.000008 0.000008 0.000008 0.000008 0.000008 0.000008 0.000008 0.000008 0.000008 0.000008 0.000008 0.000008 0.000008 0.000008 0.000008 0.000008 0.000008 0.000008 0.000008 0.000007 0.000007 0.000006 0.000004 0.000002 0.000000 
50.000000 35.857818 23.486294 13.994459 7.577801 3.732797 1.676899 0.689304 0.260252 0.090617 0.029222 0.008774 0.002475 0.000673 0.000192 0.000072 0.000044 0.000038 0.000036 0.000036 0.000036 0.000036 0.000036 0.000036 0.000036 0.000036 0.000036 0.000036 0.000036 0.000036 0.000036 0.000036 0.000036 0.000036 0.000036 0.000036 0.000036 0.000036 0.000036 0.000036 0.000036 0.000036 0.000036 0.000035 0.000034 0.000031 0.000027 0.000020 0.000011 0.000000 
50.000000 35.857853 23.486358 13.994546 7.577903 3.732909 1.677016 0.689423 0.260372 0.090737 0.029343 0.008894 0.002595 0.000793 0.000312 0.000192 0.000164 0.000158 0.000156 0.000156 0.000156 0.000156 0.000156 0.000156 0.000156 0.000156 0.000156 0.000156 0.000156 0.000156 0.000156 0.000156 0.000156 0.000156 0.000156 0.000156 0.000156 0.000156 0.000156 0.000156 0.000156 0.000156 0.000155 0.000152 0.000147 0.000136 0.000117 0.000087 0.000047 0.000000 
50.000000 35.857990 23.486615 13.994895 7.578313 3.733355 1.677481 0.689897 0.260850 0.091217 0.029823 0.009375 0.003076 0.001274 0.000793 0.000673 0.000645 0.000639 0.000637 0.000637 0.000637 0.000637 0.000637 0.000637 0.000637 0.000637 0.000637 0.000637 0.000637 0.000637 0.000637 0.000637 0.000637 0.000637 0.000637 0.000637 0.000637 0.000637 0.000637 0.000637 0.000636 0.000635 0.000631 0.000622 0.000600 0.000557 0.000480 0.000358 0.000193 0.000000 
50.000000 35.858504 23.487578 13.996200 7.579849 3.735027 1.679226 0.691676 0.262644 0.093016 0.031624 0.011177 0.004878 0.003076 0.002595 0.002475 0.002447 0.002441 0.002440 0.002439 0.002439 0.002439 0.002439 0.002439 0.002439 0.002439 0.002439 0.002439 0.002439 0.002439 0.002439 0.002439 0.002439 0.002439 0.002439 0.002439 0.002439 0.002439 0.002439 0.002438 0.002437 0.002432 0.002417 0.002382 0.002301 0.002137 0.001843 0.001378 0.000744 0.000000 
50.000000 35.860299 23.490939 14.000759 7.585211 3.740868 1.685321 0.697892 0.268911 0.099304 0.037920 0.017474 0.011177 0.009375 0.008894 0.008774 0.008746 0.008739 0.008738 0.008738 0.008738 0.008738 0.008738 0.008738 0.008738 0.008738 0.008738 0.008738 0.008738 0.008738 0.008738 0.008738 0.008738 0.008738 0.008738 0.008738 0.008738 0.008738 0.008737 0.008735 0.008729 0.008712 0.008662 0.008538 0.008254 0.007676 0.006629 0.004967 0.002685 0.000000 
50.000000 35.866119 23.501842 14.015547 7.602614 3.759827 1.705105 0.718070 0.289259 0.119718 0.058357 0.037920 0.031624 0.029823 0.029343 0.029222 0.029194 0.029188 0.029187 0.029187 0.029186 0.029186 0.029186 0.029186 0.029186 0.029186 0.029186 0.029186 0.029186 0.029186 0.029186 0.029186 0.029186 0.029186 0.029186 0.029186 0.029186 0.029186 0.029184 0.029179 0.029160 0.029103 0.028944 0.028542 0.027620 0.025722 0.022259 0.016719 0.009055 0.000000 
50.000000 35.883576 23.534547 14.059917 7.654836 3.816730 1.764495 0.778646 0.350347 0.181006 0.119718 0.099304 0.093016 0.091217 0.090737 0.090617 0.090589 0.090582 0.090581 0.090581 0.090581 0.090581 0.090581 0.090581 0.090581 0.090581 0.090581 0.090581 0.090581 0.090581 0.090581 0.090581 0.090581 0.090581 0.090581 0.090581 0.090580 0.090579 0.090575 0.090558 0.090503 0.090336 0.089868 0.088673 0.085904 0.080153 0.069546 0.052397 0.028452 0.000000 
50.000000 35.931762 23.624835 14.182430 7.799060 3.973908 1.928565 0.946008 0.519129 0.350347 0.289259 0.268911 0.262644 0.260850 0.260372 0.260252 0.260224 0.260218 0.260217 0.260216 0.260216 0.260216 0.260216 0.260216 0.260216 0.260216 0.260216 0.260216 0.260216 0.260216 0.260216 0.260216 0.260216 0.260216 0.260216 0.260216 0.260215 0.260212 0.260200 0.260156 0.260011 0.259565 0.258305 0.255055 0.247448 0.231444 0.201518 0.152456 0.083085 0.000000 
50.000000 36.053525 23.853013 14.492103 8.163677 4.371339 2.343472 1.369272 0.946008 0.778646 0.718070 0.697892 0.691676 0.689897 0.689423 0.689304 0.689276 0.689270 0.689269 0.689269 0.689269 0.689269 0.689269 0.689269 0.689269 0.689269 0.689269 0.689269 0.689269 0.689269 0.689269 0.689269 0.689269 0.689268 0.689268 0.689268 0.689266 0.689259 0.689230 0.689126 0.688778 0.687702 0.684636 0.676632 0.657640 0.617049 0.539785 0.410714 0.225009 0.000000 
50.000000 36.333556 24.377841 15.204488 9.002606 5.285906 3.298364 2.343472 1.928565 1.764495 1.705105 1.685321 1.679226 1.677481 1.677016 1.676899 1.676872 1.676866 1.676865 1.676865 1.676865 1.676865 1.676865 1.676865 1.676865 1.676865 1.676865 1.676865 1.676865 1.676865 1.676865 1.676865 1.676865 1.676865 1.676864 1.676863 1.676860 1.676844 1.676783 1.676563 1.675823 1.673510 1.666840 1.649182 1.606569 1.513637 1.332572 1.022257 0.564504 0.000000 
50.000000 36.916039 25.469633 16.686673 10.748350 7.189313 5.285906 4.371339 3.973908 3.816730 3.759827 3.740868 3.735027 3.733355 3.732909 3.732797 3.732771 3.732765 3.732764 3.732764 3.732764 3.732764 3.732764 3.732764 3.732764 3.732764 3.732764 3.732764 3.732764 3.732764 3.732764 3.732764 3.732764 3.732764 3.732763 3.732762 3.732755 3.732726 3.732614 3.732207 3.730825 3.726460 3.713698 3.679337 3.594657 3.405176 3.024405 2.348202 1.313202 0.000000 
50.000000 38.004645 27.510281 19.457363 14.012177 10.748350 9.002606 8.163677 7.799060 7.654836 7.602614 7.585211 7.579849 7.578313 7.577903 7.577801 7.577777 7.577772 7.577770 7.577770 7.577770 7.577770 7.577770 7.577770 7.577770 7.577770 7.577770 7.577770 7.577770 7.577770 7.577770 7.577770 7.577770 7.577770 7.577770 7.577767 7.577756 7.577711 7.577536 7.576892 7.574682 7.567616 7.546629 7.488968 7.343174 7.006089 6.300177 4.981799 2.846227 0.000000 
50.000000 39.820247 30.913994 24.079272 19.457363 16.686673 15.204488 14.492103 14.182430 14.059917 14.015547 14.000759 13.996200 13.994895 13.994546 13.994459 13.994439 13.994434 13.994433 13.994433 13.994433 13.994433 13.994433 13.994433 13.994433 13.994433 13.994433 13.994433 13.994433 13.994433 13.994433 13.994433 13.994433 13.994433 13.994432 13.994429 13.994415 13.994358 13.994130 13.993289 13.990371 13.980912 13.952318 13.871917 13.662267 13.157185 12.039636 9.795656 5.816902 0.000000 
50.000000 42.504690 35.946844 30.913994 27.510281 25.469633 24.377841 23.853013 23.624835 23.534547 23.501842 23.490939 23.487578 23.486615 23.486358 23.486294 23.486279 23.486275 23.486275 23.486274 23.486274 23.486274 23.486274 23.486274 23.486274 23.486274 23.486274 23.486274 23.486274 23.486274 23.486274 23.486274 23.486274 23.486274 23.486274 23.486271 23.486257 23.486199 23.485972 23.485123 23.482149 23.472379 23.442299 23.355584 23.121431 22.528482 21.118339 17.973422 11.494566 0.000000 
50.000000 46.002387 42.504690 39.820247 38.004645 36.916039 36.333556 36.053525 35.931762 35.883576 35.866119 35.860299 35.858504 35.857990 35.857853 35.857818 35.857810 35.857808 35.857808 35.857808 35.857808 35.857808 35.857808 35.857808 35.857808 35.857808 35.857808 35.857808 35.857808 35.857808 35.857808 35.857808 35.857808 35.857808 35.857807 35.857805 35.857797 35.857760 35.857613 35.857064 35.855124 35.848677 35.828516 35.769052 35.602837 35.158418 34.003345 31.010124 23.001194 0.000000 
50.000000 50.000000 50.000000 50.000000 50.000000 50.000000 50.000000 50.000000 50.000000 50.000000 50.000000 50.000000 50.000000 50.000000 50.000000 50.000000 50.000000 50.000000 50.000000 50.000000 50.000000 50.000000 50.000000 50.000000 50.000000 50.000000 50.000000 50.000000 50.000000 50.000000 50.000000 50.000000 50.000000 50.000000 50.000000 50.000000 50.000000 50.000000 50.000000 50.000000 50.000000 50.000000 50.000000 50.000000 50.000000 50.000000 50.000000 50.000000 50.000000 50.000000 
