50.000000 50.000000 50.000000 50.000000 50.000000 50.000000 50.000000 50.000000 50.000000 50.000000 50.000000 50.000000 50.000000 50.000000 50.000000 50.000000 50.000000 50.000000 50.000000 50.000000 50.000000 50.000000 50.000000 50.000000 50.000000 50.000000 50.000000 50.000000 50.000000 50.000000 50.000000 50.000000 50.000000 50.000000 50.000000 50.000000 50.000000 50.000000 50.000000 50.000000 50.000000 50.000000 50.000000 50.000000 50.000000 50.000000 50.000000 50.000000 50.000000 50.000000 
50.000000 45.376602 41.421152 38.514053 36.665357 35.639147 35.137250 34.919001 34.833895 34.803903 34.794284 34.791458 34.790693 34.790502 34.790457 34.790448 34.790446 34.790445 34.790445 34.790445 34.790445 34.790445 34.790445 34.790445 34.790445 34.790445 34.790445 34.790445 34.790445 34.790445 34.790445 34.790445 34.790445 34.790445 34.790445 34.790444 34.790442 34.790429 34.790372 34.790128 34.789156 34.785529 34.772877 34.731568 34.604928 34.237693 33.216197 30.426455 22.688301 0.000000 
50.000000 41.421152 34.081964 28.688324 25.258709 23.355162 22.424310 22.019593 21.861802 21.806205 21.788376 21.783140 21.781723 21.781369 21.781286 21.781268 21.781264 21.781264 21.781264 21.781264 21.781264 21.781264 21.781264 21.781264 21.781264 21.781264 21.781264 21.781264 21.781264 21.781264 21.781264 21.781264 21.781264 21.781264 21.781263 21.781263 21.781259 21.781240 21.781154 21.780793 21.779364 21.774095 21.756003 21.698275 21.527321 21.057641 19.860857 17.040982 10.994697 0.000000 
50.000000 38.514053 28.688324 21.467974 16.877424 14.329938 13.084429 12.543019 12.331982 12.257642 12.233808 12.226810 12.224918 12.224444 12.224334 12.224310 12.224305 12.224304 12.224304 12.224304 12.224304 12.224304 12.224304 12.224304 12.224304 12.224304 12.224304 12.224304 12.224304 12.224304 12.224304 12.224304 12.224304 12.224304 12.224304 12.224303 12.224299 12.224281 12.224201 12.223865 12.222549 12.217758 12.201597 12.151268 12.007199 11.630056 10.733987 8.827467 5.297857 0.000000 
50.000000 36.665357 25.258709 16.877424 11.549485 8.593280 7.148219 6.520198 6.275458 6.189266 6.161640 6.153530 6.151338 6.150789 6.150662 6.150634 6.150628 6.150627 6.150627 6.150627 6.150627 6.150627 6.150627 6.150627 6.150627 6.150627 6.150627 6.150627 6.150627 6.150627 6.150627 6.150627 6.150627 6.150627 6.150627 6.150626 6.150624 6.150611 6.150554 6.150316 6.149395 6.146087 6.135110 6.101674 6.008718 5.774742 5.247368 4.201068 2.427664 0.000000 
50.000000 35.639147 23.355162 14.329938 8.593280 5.410732 3.855273 3.179392 2.916051 2.823326 2.793613 2.784893 2.782536 2.781946 2.781809 2.781779 2.781773 2.781772 2.781771 2.781771 2.781771 2.781771 2.781771 2.781771 2.781771 2.781771 2.781771 2.781771 2.781771 2.781771 2.781771 2.781771 2.781771 2.781771 2.781771 2.781771 2.781769 2.781762 2.781729 2.781592 2.781067 2.779201 2.773101 2.754863 2.705366 2.584562 2.322739 1.827842 1.034219 0.000000 
50.000000 35.137250 22.424310 13.084429 7.148219 3.855273 2.246034 1.546868 1.274490 1.178597 1.147872 1.138856 1.136420 1.135810 1.135668 1.135638 1.135631 1.135630 1.135630 1.135630 1.135630 1.135630 1.135630 1.135630 1.135630 1.135630 1.135630 1.135630 1.135630 1.135630 1.135630 1.135630 1.135630 1.135630 1.135630 1.135630 1.135629 1.135625 1.135609 1.135542 1.135288 1.134395 1.131510 1.123017 1.100411 1.046545 0.933161 0.726035 0.405683 0.000000 
50.000000 34.919001 22.019593 12.543019 6.520198 3.179392 1.546868 0.837636 0.561357 0.464098 0.432939 0.423796 0.421325 0.420707 0.420564 0.420532 0.420526 0.420525 0.420525 0.420525 0.420525 0.420525 0.420525 0.420525 0.420525 0.420525 0.420525 0.420525 0.420525 0.420525 0.420525 0.420525 0.420525 0.420525 0.420524 0.420524 0.420524 0.420523 0.420516 0.420487 0.420381 0.420008 0.418818 0.415359 0.406292 0.385087 0.341422 0.263590 0.146124 0.000000 
50.000000 34.833895 21.861802 12.331982 6.275458 2.916051 1.274490 0.561357 0.283568 0.185782 0.154455 0.145264 0.142780 0.142159 0.142015 0.141983 0.141977 0.141976 0.141975 0.141975 0.141975 0.141975 0.141975 0.141975 0.141975 0.141975 0.141975 0.141975 0.141975 0.141975 0.141975 0.141975 0.141975 0.141975 0.141975 0.141975 0.141975 0.141975 0.141972 0.141961 0.141922 0.141784 0.141349 0.140095 0.136850 0.129371 0.114224 0.087707 0.048366 0.000000 
50.000000 34.803903 21.806205 12.257642 6.189266 2.823326 1.178597 0.464098 0.185782 0.087812 0.056427 0.047219 0.044731 0.044108 0.043963 0.043932 0.043926 0.043924 0.043924 0.043924 0.043924 0.043924 0.043924 0.043924 0.043924 0.043924 0.043924 0.043924 0.043924 0.043924 0.043924 0.043924 0.043924 0.043924 0.043924 0.043924 0.043924 0.043924 0.043923 0.043919 0.043906 0.043861 0.043717 0.043308 0.042260 0.039870 0.035093 0.026840 0.014747 0.000000 
50.000000 34.794284 21.788376 12.233808 6.161640 2.793613 1.147872 0.432939 0.154455 0.056427 0.025023 0.015810 0.013320 0.012697 0.012552 0.012521 0.012515 0.012513 0.012513 0.012513 0.012513 0.012513 0.012513 0.012513 0.012513 0.012513 0.012513 0.012513 0.012513 0.012513 0.012513 0.012513 0.012513 0.012513 0.012513 0.012513 0.012513 0.012513 0.012513 0.012512 0.012508 0.012494 0.012451 0.012330 0.012021 0.011324 0.009943 0.007583 0.004156 0.000000 
50.000000 34.791458 21.783140 12.226810 6.153530 2.784893 1.138856 0.423796 0.145264 0.047219 0.015810 0.006595 0.004104 0.003482 0.003337 0.003305 0.003299 0.003298 0.003297 0.003297 0.003297 0.003297 0.003297 0.003297 0.003297 0.003297 0.003297 0.003297 0.003297 0.003297 0.003297 0.003297 0.003297 0.003297 0.003297 0.003297 0.003297 0.003297 0.003297 0.003297 0.003296 0.003292 0.003280 0.003247 0.003164 0.002977 0.002609 0.001986 0.001086 0.000000 
50.000000 34.790693 21.781723 12.224918 6.151338 2.782536 1.136420 0.421325 0.142780 0.044731 0.013320 0.004104 0.001614 0.000991 0.000846 0.000815 0.000809 0.000807 0.000807 0.000807 0.000807 0.000807 0.000807 0.000807 0.000807 0.000807 0.000807 0.000807 0.000807 0.000807 0.000807 0.000807 0.000807 0.000807 0.000807 0.000807 0.000807 0.000807 0.000807 0.000807 0.000807 0.000806 0.000803 0.000795 0.000774 0.000727 0.000637 0.000484 0.000264 0.000000 
50.000000 34.790502 21.781369 12.224444 6.150789 2.781946 1.135810 0.420707 0.142159 0.044108 0.012697 0.003482 0.000991 0.000368 0.000224 0.000192 0.000186 0.000184 0.000184 0.000184 0.000184 0.000184 0.000184 0.000184 0.000184 0.000184 0.000184 0.000184 0.000184 0.000184 0.000184 0.000184 0.000184 0.000184 0.000184 0.000184 0.000184 0.000184 0.000184 0.000184 0.000184 0.000184 0.000183 0.000181 0.000176 0.000166 0.000145 0.000110 0.000060 0.000000 
50.000000 34.790457 21.781286 12.224334 6.150662 2.781809 1.135668 0.420564 0.142015 0.043963 0.012552 0.003337 0.000846 0.000224 0.000079 0.000047 0.000041 0.000040 0.000039 0.000039 0.000039 0.000039 0.000039 0.000039 0.000039 0.000039 0.000039 0.000039 0.000039 0.000039 0.000039 0.000039 0.000039 0.000039 0.000039 0.000039 0.000039 0.000039 0.000039 0.000039 0.000039 0.000039 0.000039 0.000039 0.000038 0.000035 0.000031 0.000023 0.000013 0.000000 
50.000000 34.790448 21.781268 12.224310 6.150634 2.781779 1.135638 0.420532 0.141983 0.043932 0.012521 0.003305 0.000815 0.000192 0.000047 0.000016 0.000009 0.000008 0.000008 0.000008 0.000008 0.000008 0.000008 0.000008 0.000008 0.000008 0.000008 0.000008 0.000008 0.000008 0.000008 0.000008 0.000008 0.000008 0.000008 0.000008 0.000008 0.000008 0.000008 0.000008 0.000008 0.000008 0.000008 0.000008 0.000008 0.000007 0.000006 0.000005 0.000003 0.000000 
50.000000 34.790446 21.781264 12.224305 6.150628 2.781773 1.135631 0.420526 0.141977 0.043926 0.012515 0.003299 0.000809 0.000186 0.000041 0.000009 0.000003 0.000002 0.000002 0.000001 0.000001 0.000001 0.000001 0.000001 0.000001 0.000001 0.000001 0.000001 0.000001 0.000001 0.000001 0.000001 0.000001 0.000001 0.000001 0.000001 0.000001 0.000001 0.000001 0.000001 0.000001 0.000001 0.000001 0.000001 0.000001 0.000001 0.000001 0.000001 0.000000 0.000000 
50.000000 34.790445 21.781264 12.224304 6.150627 2.781772 1.135630 0.420525 0.141976 0.043924 0.012513 0.003298 0.000807 0.000184 0.000040 0.000008 0.000002 0.000001 0.000000 0.000000 0.000000 0.000000 0.000000 0.000000 0.000000 0.000000 0.000000 0.000000 0.000000 0.000000 0.000000 0.000000 0.000000 0.000000 0.000000 0.000000 0.000000 0.000000 0.000000 0.000000 0.000000 0.000000 0.000000 0.000000 0.000000 0.000000 0.000000 0.000000 0.000000 0.000000 
50.000000 34.790445 21.781264 12.224304 6.150627 2.781771 1.135630 0.420525 0.141975 0.043924 0.012513 0.003297 0.000807 0.000184 0.000039 0.000008 0.000002 0.000000 0.000000 0.000000 0.000000 0.000000 0.000000 0.000000 0.000000 0.000000 0.000000 0.000000 0.000000 0.000000 0.000000 0.000000 0.000000 0.000000 0.000000 0.000000 0.000000 0.000000 0.000000 0.000000 0.000000 0.000000 0.000000 0.000000 0.000000 0.000000 0.000000 0.000000 0.000000 0.000000 
50.000000 34.790445 21.781264 12.224304 6.150627 2.781771 1.135630 0.420525 0.141975 0.043924 0.012513 0.003297 0.000807 0.000184 0.000039 0.000008 0.000001 0.000000 0.000000 0.000000 0.000000 0.000000 0.000000 0.000000 0.000000 0.000000 0.000000 0.000000 0.000000 0.000000 0.000000 0.000000 0.000000 0.000000 0.000000 0.000000 0.000000 0.000000 0.000000 0.000000 0.000000 0.000000 0.000000 0.000000 0.000000 0.000000 0.000000 0.000000 0.000000 0.000000 
50.000000 34.790445 21.781264 12.224304 6.150627 2.781771 1.135630 0.420525 0.141975 0.043924 0.012513 0.003297 0.000807 0.000184 0.000039 0.000008 0.000001 0.000000 0.000000 0.000000 0.000000 0.000000 0.000000 0.000000 0.000000 0.000000 0.000000 0.000000 0.000000 0.000000 0.000000 0.000000 0.000000 0.000000 0.000000 0.000000 0.000000 0.000000 0.000000 0.000000 0.000000 0.000000 0.000000 0.000000 0.000000 0.000000 0.000000 0.000000 0.000000 0.000000 
50.000000 34.790445 21.781264 12.224304 6.150627 2.781771 1.135630 0.420525 0.141975 0.043924 0.012513 0.003297 0.000807 0.000184 0.000039 0.000008 0.000001 0.000000 0.000000 0.000000 0.000000 0.000000 0.000000 0.000000 0.000000 0.000000 0.000000 0.000000 0.000000 0.000000 0.000000 0.000000 0.000000 0.000000 0.000000 0.000000 0.000000 0.000000 0.000000 0.000000 0.000000 0.000000 0.000000 0.000000 0.000000 0.000000 0.000000 0.000000 0.000000 0.000000 
50.000000 34.790445 21.781264 12.224304 6.150627 2.781771 1.135630 0.420525 0.141975 0.043924 0.012513 0.003297 0.000807 0.000184 0.000039 0.000008 0.000001 0.000000 0.000000 0.000000 0.000000 0.000000 0.000000 0.000000 0.000000 0.000000 0.000000 0.000000 0.000000 0.000000 0.000000 0.000000 0.000000 0.000000 0.000000 0.000000 0.000000 0.000000 0.000000 0.000000 0.000000 0.000000 0.000000 0.000000 0.000000 0.000000 0.000000 0.000000 0.000000 0.000000 
50.000000 34.790445 21.781264 12.224304 6.150627 2.781771 1.135630 0.420525 0.141975 0.043924 0.012513 0.003297 0.000807 0.000184 0.000039 0.000008 0.000001 0.000000 0.000000 0.000000 0.000000 0.000000 0.000000 0.000000 0.000000 0.000000 0.000000 0.000000 0.000000 0.000000 0.000000 0.000000 0.000000 0.000000 0.000000 0.000000 0.000000 0.000000 0.000000 0.000000 0.000000 0.000000 0.000000 0.000000 0.000000 0.000000 0.000000 0.000000 0.000000 0.000000 
50.000000 34.790445 21.781264 12.224304 6.150627 2.781771 1.135630 0.420525 0.141975 0.043924 0.012513 0.003297 0.000807 0.000184 0.000039 0.000008 0.000001 0.000000 0.000000 0.000000 0.000000 0.000000 0.000000 0.000000 0.000000 0.000000 0.000000 0.000000 0.000000 0.000000 0.000000 0.000000 0.000000 0.000000 0.000000 0.000000 0.000000 0.000000 0.000000 0.000000 0.000000 0.000000 0.000000 0.000000 0.000000 0.000000 0.000000 0.000000 0.000000 0.000000 
50.000000 34.790445 21.781264 12.224304 6.150627 2.781771 1.135630 0.420525 0.141975 0.043924 0.012513 0.003297 0.000807 0.000184 0.000039 0.000008 0.000001 0.000000 0.000000 0.000000 0.000000 0.000000 0.000000 0.000000 0.000000 0.000000 0.000000 0.000000 0.000000 0.000000 0.000000 0.000000 0.000000 0.000000 0.000000 0.000000 0.000000 0.000000 0.000000 0.000000 0.000000 0.000000 0.000000 0.000000 0.000000 0.000000 0.000000 0.000000 0.000000 0.000000 
50.000000 34.790445 21.781264 12.224304 6.150627 2.781771 1.135630 0.420525 0.141975 0.043924 0.012513 0.003297 0.000807 0.000184 0.000039 0.000008 0.000001 0.000000 0.000000 0.000000 0.000000 0.000000 0.000000 0.000000 0.000000 0.000000 0.000000 0.000000 0.000000 0.000000 0.000000 0.000000 0.000000 0.000000 0.000000 0.000000 0.000000 0.000000 0.000000 0.000000 0.000000 0.000000 0.000000 0.000000 0.000000 0.000000 0.000000 0.000000 0.000000 0.000000 
50.000000 34.790445 21.781264 12.224304 6.150627 2.781771 1.135630 0.420525 0.141975 0.043924 0.012513 0.003297 0.000807 0.000184 0.000039 0.000008 0.000001 0.000000 0.000000 0.000000 0.000000 0.000000 0.000000 0.000000 0.000000 0.000000 0.000000 0.000000 0.000000 0.000000 0.000000 0.000000 0.000000 0.000000 0.000000 0.000000 0.000000 0.000000 0.000000 0.000000 0.000000 0.000000 0.000000 0.000000 0.000000 0.000000 0.000000 0.000000 0.000000 0.000000 
50.000000 34.790445 21.781264 12.224304 6.150627 2.781771 1.135630 0.420525 0.141975 0.043924 0.012513 0.003297 0.000807 0.000184 0.000039 0.000008 0.000001 0.000000 0.000000 0.000000 0.000000 0.000000 0.000000 0.000000 0.000000 0.000000 0.000000 0.000000 0.000000 0.000000 0.000000 0.000000 0.000000 0.000000 0.000000 0.000000 0.000000 0.000000 0.000000 0.000000 0.000000 0.000000 0.000000 0.000000 0.000000 0.000000 0.000000 0.000000 0.000000 0.000000 
50.000000 34.790445 21.781264 12.224304 6.150627 2.781771 1.135630 0.420525 0.141975 0.043924 0.012513 0.003297 0.000807 0.000184 0.000039 0.000008 0.000001 0.000000 0.000000 0.000000 0.000000 0.000000 0.000000 0.000000 0.000000 0.000000 0.000000 0.000000 0.000000 0.000000 0.000000 0.000000 0.000000 0.000000 0.000000 0.000000 0.000000 0.000000 0.000000 0.000000 0.000000 0.000000 0.000000 0.000000 0.000000 0.000000 0.000000 0.000000 0.000000 0.000000 
50.000000 34.790445 21.781264 12.224304 6.150627 2.781771 1.135630 0.420525 0.141975 0.043924 0.012513 0.003297 0.000807 0.000184 0.000039 0.000008 0.000001 0.000000 0.000000 0.000000 0.000000 0.000000 0.000000 0.000000 0.000000 0.000000 0.000000 0.000000 0.000000 0.000000 0.000000 0.000000 0.000000 0.000000 0.000000 0.000000 0.000000 0.000000 0.000000 0.000000 0.000000 0.000000 0.000000 0.000000 0.000000 0.000000 0.000000 0.000000 0.000000 0.000000 
50.000000 34.790445 21.781264 12.224304 6.150627 2.781771 1.135630 0.420525 0.141975 0.043924 0.012513 0.003297 0.000807 0.000184 0.000039 0.000008 0.000002 0.000000 0.000000 0.000000 0.000000 0.000000 0.000000 0.000000 0.000000 0.000000 0.000000 0.000000 0.000000 0.000000 0.000000 0.000000 0.000000 0.000000 0.000000 0.000000 0.000000 0.000000 0.000000 0.000000 0.000000 0.000000 0.000000 0.000000 0.000000 0.000000 0.000000 0.000000 0.000000 0.000000 
50.000000 34.790445 21.781264 12.224304 6.150627 2.781772 1.135630 0.420525 0.141976 0.043924 0.012513 0.003298 0.000807 0.000184 0.000040 0.000008 0.000002 0.000001 0.000000 0.000000 0.000000 0.000000 0.000000 0.000000 0.000000 0.000000 0.000000 0.000000 0.000000 0.000000 0.000000 0.000000 0.000000 0.000000 0.000000 0.000000 0.000000 0.000000 0.000000 0.000000 0.000000 0.000000 0.000000 0.000000 0.000000 0.000000 0.000000 0.000000 0.000000 0.000000 
50.000000 34.790446 21.781264 12.224305 6.150628 2.781773 1.135631 0.420526 0.141977 0.043926 0.012515 0.003299 0.000809 0.000186 0.000041 0.000009 0.000003 0.000002 0.000002 0.000001 0.000001 0.000001 0.000001 0.000001 0.000001 0.000001 0.000001 0.000001 0.000001 0.000001 0.000001 0.000001 0.000001 0.000001 0.000001 0.000001 0.000001 0.000001 0.000001 0.000001 0.000001 0.000001 0.000001 0.000001 0.000001 0.000001 0.000001 0.000001 0.000000 0.000000 
50.000000 34.790448 21.781268 12.224310 6.150634 2.781779 1.135638 0.420532 0.141983 0.043932 0.012521 0.003305 0.000815 0.000192 0.000047 0.000016 0.000009 0.000008 0.000008 0.000008 0.000008 0.000008 0.000008 0.000008 0.000008 0.000008 0.000008 0.000008 0.000008 0.000008 0.000008 0.000008 0.000008 0.000008 0.000008 0.000008 0.000008 0.000008 0.000008 0.000008 0.000008 0.000008 0.000008 0.000008 0.000008 0.000007 0.000006 0.000005 0.000003 0.000000 
50.000000 34.790457 21.781286 12.224334 6.150662 2.781809 1.135668 0.420564 0.142015 0.043963 0.012552 0.003337 0.000846 0.000224 0.000079 0.000047 0.000041 0.000040 0.000039 0.000039 0.000039 0.000039 0.000039 0.000039 0.000039 0.000039 0.000039 0.000039 0.000039 0.000039 0.000039 0.000039 0.000039 0.000039 0.000039 0.000039 0.000039 0.000039 0.000039 0.000039 0.000039 0.000039 0.000039 0.000039 0.000038 0.000035 0.000031 0.000023 0.000013 0.000000 
50.000000 34.790502 21.781369 12.224444 6.150789 2.781946 1.135810 0.420707 0.142159 0.044108 0.012697 0.003482 0.000991 0.000368 0.000224 0.000192 0.000186 0.000184 0.000184 0.000184 0.000184 0.000184 0.000184 0.000184 0.000184 0.000184 0.000184 0.000184 0.000184 0.000184 0.000184 0.000184 0.000184 0.000184 0.000184 0.000184 0.000184 0.000184 0.000184 0.000184 0.000184 0.000184 0.000183 0.000181 0.000176 0.000166 0.000145 0.000110 0.000060 0.000000 
50.000000 34.790693 21.781723 12.224918 6.151338 2.782536 1.136420 0.421325 0.142780 0.044731 0.013320 0.004104 0.001614 0.000991 0.000846 0.000815 0.000809 0.000807 0.000807 0.000807 0.000807 0.000807 0.000807 0.000807 0.000807 0.000807 0.000807 0.000807 0.000807 0.000807 0.000807 0.000807 0.000807 0.000807 0.000807 0.000807 0.000807 0.000807 0.000807 0.000807 0.000807 0.000806 0.000803 0.000795 0.000774 0.000727 0.000637 0.000484 0.000264 0.000000 
50.000000 34.791458 21.783140 12.226810 6.153530 2.784893 1.138856 0.423796 0.145264 0.047219 0.015810 0.006595 0.004104 0.003482 0.003337 0.003305 0.003299 0.003298 0.003297 0.003297 0.003297 0.003297 0.003297 0.003297 0.003297 0.003297 0.003297 0.003297 0.003297 0.003297 0.003297 0.003297 0.003297 0.003297 0.003297 0.003297 0.003297 0.003297 0.003297 0.003297 0.003296 0.003292 0.003280 0.003247 0.003164 0.002977 0.002609 0.001986 0.001086 0.000000 
50.000000 34.794284 21.788376 12.233808 6.161640 2.793613 1.147872 0.432939 0.154455 0.056427 0.025023 0.015810 0.013320 0.012697 0.012552 0.012521 0.012515 0.012513 0.012513 0.012513 0.012513 0.012513 0.012513 0.012513 0.012513 0.012513 0.012513 0.012513 0.012513 0.012513 0.012513 0.012513 0.012513 0.012513 0.012513 0.012513 0.012513 0.012513 0.012513 0.012512 0.012508 0.012494 0.012451 0.012330 0.012021 0.011324 0.009943 0.007583 0.004156 0.000000 
50.000000 34.803903 21.806205 12.257642 6.189266 2.823326 1.178597 0.464098 0.185782 0.087812 0.056427 0.047219 0.044731 0.044108 0.043963 0.043932 0.043926 0.043924 0.043924 0.043924 0.043924 0.043924 0.043924 0.043924 0.043924 0.043924 0.043924 0.043924 0.043924 0.043924 0.043924 0.043924 0.043924 0.043924 0.043924 0.043924 0.043924 0.043924 0.043923 0.043919 0.043906 0.043861 0.043717 0.043308 0.042260 0.039870 0.035093 0.026840 0.014747 0.000000 
50.000000 34.833895 21.861802 12.331982 6.275458 2.916051 1.274490 0.561357 0.283568 0.185782 0.154455 0.145264 0.142780 0.142159 0.142015 0.141983 0.141977 0.141976 0.141975 0.141975 0.141975 0.141975 0.141975 0.141975 0.141975 0.141975 0.141975 0.141975 0.141975 0.141975 0.141975 0.141975 0.141975 0.141975 0.141975 0.141975 0.141975 0.141975 0.141972 0.141961 0.141922 0.141784 0.141349 0.140095 0.136850 0.129371 0.114224 0.087707 0.048366 0.000000 
50.000000 34.919001 22.019593 12.543019 6.520198 3.179392 1.546868 0.837636 0.561357 0.464098 0.432939 0.423796 0.421325 0.420707 0.420564 0.420532 0.420526 0.420525 0.420525 0.420525 0.420525 0.420525 0.420525 0.420525 0.420525 0.420525 0.420525 0.420525 0.420525 0.420525 0.420525 0.420525 0.420525 0.420525 0.420524 0.420524 0.420524 0.420523 0.420516 0.420487 0.420381 0.420008 0.418818 0.415359 0.406292 0.385087 0.341422 0.263590 0.146124 0.000000 
50.000000 35.137250 22.424310 13.084429 7.148219 3.855273 2.246034 1.546868 1.274490 1.178597 1.147872 1.138856 1.136420 1.135810 1.135668 1.135638 1.135631 1.135630 1.135630 1.135630 1.135630 1.135630 1.135630 1.135630 1.135630 1.135630 1.135630 1.135630 1.135630 1.135630 1.135630 1.135630 1.135630 1.135630 1.135630 1.135630 1.135629 1.135625 1.135609 1.135542 1.135288 1.134395 1.131510 1.123017 1.100411 1.046545 0.933161 0.726035 0.405683 0.000000 
50.000000 35.639147 23.355162 14.329938 8.593280 5.410732 3.855273 3.179392 2.916051 2.823326 2.793613 2.784893 2.782536 2.781946 2.781809 2.781779 2.781773 2.781772 2.781771 2.781771 2.781771 2.781771 2.781771 2.781771 2.781771 2.781771 2.781771 2.781771 2.781771 2.781771 2.781771 2.781771 2.781771 2.781771 2.781771 2.781771 2.781769 2.781762 2.781729 2.781592 2.781067 2.779201 2.773101 2.754863 2.705366 2.584562 2.322739 1.827842 1.034219 0.000000 
50.000000 36.665357 25.258709 16.877424 11.549485 8.593280 7.148219 6.520198 6.275458 6.189266 6.161640 6.153530 6.151338 6.150789 6.150662 6.150634 6.150628 6.150627 6.150627 6.150627 6.150627 6.150627 6.150627 6.150627 6.150627 6.150627 6.150627 6.150627 6.150627 6.150627 6.150627 6.150627 6.150627 6.150627 6.150627 6.150626 6.150624 6.150611 6.150554 6.150316 6.149395 6.146087 6.135110 6.101674 6.008718 5.774742 5.247368 4.201068 2.427664 0.000000 
50.000000 38.514053 28.688324 21.467974 16.877424 14.329938 13.084429 12.543019 12.331982 12.257642 12.233808 12.226810 12.224918 12.224444 12.224334 12.224310 12.224305 12.224304 12.224304 12.224304 12.224304 12.224304 12.224304 12.224304 12.224304 12.224304 12.224304 12.224304 12.224304 12.224304 12.224304 12.224304 12.224304 12.224304 12.224304 12.224303 12.224299 12.224281 12.224201 12.223865 12.222549 12.217758 12.201597 12.151268 12.007199 11.630056 10.733987 8.827467 5.297857 0.000000 
50.000000 41.421152 34.081964 28.688324 25.258709 23.355162 22.424310 22.019593 21.861802 21.806205 21.788376 21.783140 21.781723 21.781369 21.781286 21.781268 21.781264 21.781264 21.781264 21.781264 21.781264 21.781264 21.781264 21.781264 21.781264 21.781264 21.781264 21.781264 21.781264 21.781264 21.781264 21.781264 21.781264 21.781264 21.781263 21.781263 21.781259 21.781240 21.781154 21.780793 21.779364 21.774095 21.756003 21.698275 21.527321 21.057641 19.860857 17.040982 10.994697 0.000000 
50.000000 45.376602 41.421152 38.514053 36.665357 35.639147 35.137250 34.919001 34.833895 34.803903 34.794284 34.791458 34.790693 34.790502 34.790457 34.790448 34.790446 34.790445 34.790445 34.790445 34.790445 34.790445 34.790445 34.790445 34.790445 34.790445 34.790445 34.790445 34.790445 34.790445 34.790445 34.790445 34.790445 34.790445 34.790445 34.790444 34.790442 34.790429 34.790372 34.790128 34.789156 34.785529 34.772877 34.731568 34.604928 34.237693 33.216197 30.426455 22.688301 0.000000 
50.000000 50.000000 50.000000 50.000000 50.000000 50.000000 50.000000 50.000000 50.000000 50.000000 50.000000 50.000000 50.000000 50.000000 50.000000 50.000000 50.000000 50.000000 50.000000 50.000000 50.000000 50.000000 50.000000 50.000000 50.000000 50.000000 50.000000 50.000000 50.000000 50.000000 50.000000 50.000000 50.000000 50.000000 50.000000 50.000000 50.000000 50.000000 50.000000 50.000000 50.000000 50.000000 50.000000 50.000000 50.000000 50.000000 50.000000 50.000000 50.000000 50.000000 
