50.000000 50.000000 50.000000 50.000000 50.000000 50.000000 50.000000 50.000000 50.000000 50.000000 50.000000 50.000000 50.000000 50.000000 50.000000 50.000000 50.000000 50.000000 50.000000 50.000000 50.000000 50.000000 50.000000 50.000000 50.000000 50.000000 50.000000 50.000000 50.000000 50.000000 50.000000 50.000000 50.000000 50.000000 50.000000 50.000000 50.000000 50.000000 50.000000 50.000000 50.000000 50.000000 50.000000 50.000000 50.000000 50.000000 50.000000 50.000000 50.000000 50.000000 
50.000000 46.486962 43.360279 40.879364 39.118957 37.997225 37.352280 37.015982 36.856128 36.786513 36.758606 36.748262 36.744701 36.743559 36.743216 36.743119 36.743093 36.743087 36.743086 36.743085 36.743085 36.743085 36.743085 36.743085 36.743085 36.743085 36.743085 36.743085 36.743085 36.743085 36.743085 36.743085 36.743085 36.743085 36.743083 36.743077 36.743054 36.742966 36.742650 36.741587 36.738194 36.727953 36.698688 36.619259 36.413259 35.897228 34.626422 31.466257 23.243481 0.000000 
50.000000 43.360279 37.450865 32.762091 29.435176 27.315379 26.096673 25.461242 25.159224 25.027712 24.974996 24.955457 24.948732 24.946575 24.945927 24.945745 24.945697 24.945685 24.945682 24.945681 24.945681 24.945681 24.945681 24.945681 24.945681 24.945681 24.945681 24.945681 24.945681 24.945681 24.945681 24.945681 24.945681 24.945680 24.945678 24.945668 24.945630 24.945488 24.944983 24.943287 24.937920 24.921899 24.876818 24.757202 24.457479 23.746490 22.145568 18.725433 11.894022 0.000000 
50.000000 40.879364 32.762091 26.321785 21.752354 18.841100 17.167529 16.295027 15.880378 15.699844 15.627488 15.600673 15.591445 15.588486 15.587598 15.587348 15.587281 15.587265 15.587261 15.587260 15.587260 15.587260 15.587260 15.587260 15.587260 15.587260 15.587260 15.587260 15.587260 15.587260 15.587260 15.587260 15.587260 15.587259 15.587257 15.587246 15.587206 15.587056 15.586526 15.584762 15.579235 15.562960 15.518006 15.401717 15.120531 14.486645 13.160893 10.616524 6.252942 0.000000 
50.000000 39.118957 29.435176 21.752354 16.301728 12.829355 10.833428 9.792990 9.298597 9.083373 8.997127 8.965169 8.954174 8.950648 8.949590 8.949292 8.949213 8.949194 8.949189 8.949188 8.949188 8.949188 8.949188 8.949188 8.949188 8.949188 8.949188 8.949188 8.949188 8.949188 8.949188 8.949188 8.949187 8.949187 8.949185 8.949176 8.949143 8.949019 8.948583 8.947146 8.942694 8.929767 8.894708 8.806172 8.598815 8.150864 7.265709 5.688686 3.221730 0.000000 
50.000000 37.997225 27.315379 18.841100 12.829355 8.999831 6.798827 5.651614 5.106550 4.869299 4.774239 4.739021 4.726906 4.723021 4.721856 4.721528 4.721441 4.721419 4.721414 4.721413 4.721413 4.721413 4.721413 4.721413 4.721413 4.721413 4.721413 4.721413 4.721413 4.721413 4.721413 4.721413 4.721413 4.721412 4.721411 4.721405 4.721382 4.721296 4.720997 4.720020 4.717024 4.708441 4.685548 4.628948 4.499916 4.230540 3.720569 2.857900 1.583966 0.000000 
50.000000 37.352280 26.096673 17.167529 10.833428 6.798827 4.480138 3.271693 2.697593 2.447730 2.347628 2.310546 2.297792 2.293702 2.292476 2.292131 2.292039 2.292016 2.292011 2.292010 2.292009 2.292009 2.292009 2.292009 2.292009 2.292009 2.292009 2.292009 2.292009 2.292009 2.292009 2.292009 2.292009 2.292009 2.292008 2.292005 2.291991 2.291940 2.291763 2.291189 2.289447 2.284514 2.271549 2.240069 2.169879 2.027256 1.765812 1.339471 0.733021 0.000000 
50.000000 37.015982 25.461242 16.295027 9.792990 5.651614 3.271693 2.031413 1.442230 1.185822 1.083106 1.045059 1.031973 1.027778 1.026520 1.026166 1.026072 1.026049 1.026043 1.026042 1.026042 1.026042 1.026042 1.026042 1.026042 1.026042 1.026042 1.026042 1.026042 1.026042 1.026042 1.026042 1.026042 1.026041 1.026041 1.026039 1.026032 1.026005 1.025913 1.025616 1.024721 1.022214 1.015707 1.000144 0.966066 0.898282 0.777020 0.584425 0.317294 0.000000 
50.000000 36.856128 25.159224 15.880378 9.298597 5.106550 2.697593 1.442230 0.845907 0.586404 0.482453 0.443950 0.430709 0.426464 0.425191 0.424833 0.424738 0.424715 0.424709 0.424708 0.424707 0.424707 0.424707 0.424707 0.424707 0.424707 0.424707 0.424707 0.424707 0.424707 0.424707 0.424707 0.424707 0.424707 0.424707 0.424706 0.424703 0.424690 0.424647 0.424509 0.424097 0.422954 0.420016 0.413079 0.398109 0.368829 0.317418 0.237326 0.128175 0.000000 
50.000000 36.786513 25.027712 15.699844 9.083373 4.869299 2.447730 1.185822 0.586404 0.325560 0.221075 0.182376 0.169067 0.164801 0.163522 0.163162 0.163067 0.163043 0.163037 0.163036 0.163036 0.163035 0.163035 0.163035 0.163035 0.163035 0.163035 0.163035 0.163035 0.163035 0.163035 0.163035 0.163035 0.163035 0.163035 0.163035 0.163033 0.163028 0.163010 0.162952 0.162780 0.162307 0.161101 0.158283 0.152275 0.140679 0.120609 0.089792 0.048320 0.000000 
50.000000 36.758606 24.974996 15.627488 8.997127 4.774239 2.347628 1.083106 0.482453 0.221075 0.116377 0.077600 0.064265 0.059990 0.058708 0.058347 0.058252 0.058228 0.058222 0.058221 0.058221 0.058221 0.058221 0.058221 0.058221 0.058221 0.058221 0.058221 0.058221 0.058221 0.058221 0.058221 0.058221 0.058221 0.058221 0.058221 0.058220 0.058218 0.058211 0.058189 0.058123 0.057944 0.057490 0.056439 0.054219 0.049980 0.042726 0.031709 0.017019 0.000000 
50.000000 36.748262 24.955457 15.600673 8.965169 4.739021 2.310546 1.045059 0.443950 0.182376 0.077600 0.038794 0.025449 0.021171 0.019888 0.019527 0.019432 0.019408 0.019402 0.019401 0.019400 0.019400 0.019400 0.019400 0.019400 0.019400 0.019400 0.019400 0.019400 0.019400 0.019400 0.019400 0.019400 0.019400 0.019400 0.019400 0.019400 0.019399 0.019397 0.019389 0.019366 0.019303 0.019146 0.018783 0.018024 0.016586 0.014147 0.010474 0.005611 0.000000 
50.000000 36.744701 24.948732 15.591445 8.954174 4.726906 2.297792 1.031973 0.430709 0.169067 0.064265 0.025449 0.012100 0.007821 0.006538 0.006177 0.006082 0.006058 0.006052 0.006051 0.006050 0.006050 0.006050 0.006050 0.006050 0.006050 0.006050 0.006050 0.006050 0.006050 0.006050 0.006050 0.006050 0.006050 0.006050 0.006050 0.006050 0.006050 0.006049 0.006047 0.006039 0.006019 0.005968 0.005852 0.005610 0.005155 0.004390 0.003244 0.001735 0.000000 
50.000000 36.743559 24.946575 15.588486 8.950648 4.723021 2.293702 1.027778 0.426464 0.164801 0.059990 0.021171 0.007821 0.003542 0.002259 0.001898 0.001802 0.001778 0.001773 0.001771 0.001771 0.001771 0.001771 0.001771 0.001771 0.001771 0.001771 0.001771 0.001771 0.001771 0.001771 0.001771 0.001771 0.001771 0.001771 0.001771 0.001771 0.001771 0.001771 0.001770 0.001768 0.001762 0.001746 0.001711 0.001640 0.001505 0.001280 0.000944 0.000505 0.000000 
50.000000 36.743216 24.945927 15.587598 8.949590 4.721856 2.292476 1.026520 0.425191 0.163522 0.058708 0.019888 0.006538 0.002259 0.000976 0.000615 0.000519 0.000495 0.000490 0.000488 0.000488 0.000488 0.000488 0.000488 0.000488 0.000488 0.000488 0.000488 0.000488 0.000488 0.000488 0.000488 0.000488 0.000488 0.000488 0.000488 0.000488 0.000488 0.000488 0.000488 0.000487 0.000485 0.000481 0.000471 0.000451 0.000414 0.000351 0.000259 0.000138 0.000000 
50.000000 36.743119 24.945745 15.587348 8.949292 4.721528 2.292131 1.026166 0.424833 0.163162 0.058347 0.019527 0.006177 0.001898 0.000615 0.000254 0.000158 0.000134 0.000128 0.000127 0.000127 0.000127 0.000127 0.000127 0.000127 0.000127 0.000127 0.000127 0.000127 0.000127 0.000127 0.000127 0.000127 0.000127 0.000127 0.000127 0.000127 0.000127 0.000127 0.000127 0.000127 0.000126 0.000125 0.000122 0.000117 0.000107 0.000091 0.000067 0.000036 0.000000 
50.000000 36.743093 24.945697 15.587281 8.949213 4.721441 2.292039 1.026072 0.424738 0.163067 0.058252 0.019432 0.006082 0.001802 0.000519 0.000158 0.000062 0.000038 0.000033 0.000032 0.000031 0.000031 0.000031 0.000031 0.000031 0.000031 0.000031 0.000031 0.000031 0.000031 0.000031 0.000031 0.000031 0.000031 0.000031 0.000031 0.000031 0.000031 0.000031 0.000031 0.000031 0.000031 0.000031 0.000030 0.000029 0.000026 0.000022 0.000016 0.000009 0.000000 
50.000000 36.743087 24.945685 15.587265 8.949194 4.721419 2.292016 1.026049 0.424715 0.163043 0.058228 0.019408 0.006058 0.001778 0.000495 0.000134 0.000038 0.000015 0.000009 0.000008 0.000007 0.000007 0.000007 0.000007 0.000007 0.000007 0.000007 0.000007 0.000007 0.000007 0.000007 0.000007 0.000007 0.000007 0.000007 0.000007 0.000007 0.000007 0.000007 0.000007 0.000007 0.000007 0.000007 0.000007 0.000007 0.000006 0.000005 0.000004 0.000002 0.000000 
50.000000 36.743086 24.945682 15.587261 8.949189 4.721414 2.292011 1.026043 0.424709 0.163037 0.058222 0.019402 0.006052 0.001773 0.000490 0.000128 0.000033 0.000009 0.000003 0.000002 0.000002 0.000002 0.000002 0.000002 0.000002 0.000002 0.000002 0.000002 0.000002 0.000002 0.000002 0.000002 0.000002 0.000002 0.000002 0.000002 0.000002 0.000002 0.000002 0.000002 0.000002 0.000002 0.000002 0.000002 0.000001 0.000001 0.000001 0.000001 0.000000 0.000000 
50.000000 36.743085 24.945681 15.587260 8.949188 4.721413 2.292010 1.026042 0.424708 0.163036 0.058221 0.019401 0.006051 0.001771 0.000488 0.000127 0.000032 0.000008 0.000002 0.000001 0.000000 0.000000 0.000000 0.000000 0.000000 0.000000 0.000000 0.000000 0.000000 0.000000 0.000000 0.000000 0.000000 0.000000 0.000000 0.000000 0.000000 0.000000 0.000000 0.000000 0.000000 0.000000 0.000000 0.000000 0.000000 0.000000 0.000000 0.000000 0.000000 0.000000 
50.000000 36.743085 24.945681 15.587260 8.949188 4.721413 2.292009 1.026042 0.424707 0.163036 0.058221 0.019400 0.006050 0.001771 0.000488 0.000127 0.000031 0.000007 0.000002 0.000000 0.000000 0.000000 0.000000 0.000000 0.000000 0.000000 0.000000 0.000000 0.000000 0.000000 0.000000 0.000000 0.000000 0.000000 0.000000 0.000000 0.000000 0.000000 0.000000 0.000000 0.000000 0.000000 0.000000 0.000000 0.000000 0.000000 0.000000 0.000000 0.000000 0.000000 
50.000000 36.743085 24.945681 15.587260 8.949188 4.721413 2.292009 1.026042 0.424707 0.163035 0.058221 0.019400 0.006050 0.001771 0.000488 0.000127 0.000031 0.000007 0.000002 0.000000 0.000000 0.000000 0.000000 0.000000 0.000000 0.000000 0.000000 0.000000 0.000000 0.000000 0.000000 0.000000 0.000000 0.000000 0.000000 0.000000 0.000000 0.000000 0.000000 0.000000 0.000000 0.000000 0.000000 0.000000 0.000000 0.000000 0.000000 0.000000 0.000000 0.000000 
50.000000 36.743085 24.945681 15.587260 8.949188 4.721413 2.292009 1.026042 0.424707 0.163035 0.058221 0.019400 0.006050 0.001771 0.000488 0.000127 0.000031 0.000007 0.000002 0.000000 0.000000 0.000000 0.000000 0.000000 0.000000 0.000000 0.000000 0.000000 0.000000 0.000000 0.000000 0.000000 0.000000 0.000000 0.000000 0.000000 0.000000 0.000000 0.000000 0.000000 0.000000 0.000000 0.000000 0.000000 0.000000 0.000000 0.000000 0.000000 0.000000 0.000000 
50.000000 36.743085 24.945681 15.587260 8.949188 4.721413 2.292009 1.026042 0.424707 0.163035 0.058221 0.019400 0.006050 0.001771 0.000488 0.000127 0.000031 0.000007 0.000002 0.000000 0.000000 0.000000 0.000000 0.000000 0.000000 0.000000 0.000000 0.000000 0.000000 0.000000 0.000000 0.000000 0.000000 0.000000 0.000000 0.000000 0.000000 0.000000 0.000000 0.000000 0.000000 0.000000 0.000000 0.000000 0.000000 0.000000 0.000000 0.000000 0.000000 0.000000 
50.000000 36.743085 24.945681 15.587260 8.949188 4.721413 2.292009 1.026042 0.424707 0.163035 0.058221 0.019400 0.006050 0.001771 0.000488 0.000127 0.000031 0.000007 0.000002 0.000000 0.000000 0.000000 0.000000 0.000000 0.000000 0.000000 0.000000 0.000000 0.000000 0.000000 0.000000 0.000000 0.000000 0.000000 0.000000 0.000000 0.000000 0.000000 0.000000 0.000000 0.000000 0.000000 0.000000 0.000000 0.000000 0.000000 0.000000 0.000000 0.000000 0.000000 
50.000000 36.743085 24.945681 15.587260 8.949188 4.721413 2.292009 1.026042 0.424707 0.163035 0.058221 0.019400 0.006050 0.001771 0.000488 0.000127 0.000031 0.000007 0.000002 0.000000 0.000000 0.000000 0.000000 0.000000 0.000000 0.000000 0.000000 0.000000 0.000000 0.000000 0.000000 0.000000 0.000000 0.000000 0.000000 0.000000 0.000000 0.000000 0.000000 0.000000 0.000000 0.000000 0.000000 0.000000 0.000000 0.000000 0.000000 0.000000 0.000000 0.000000 
50.000000 36.743085 24.945681 15.587260 8.949188 4.721413 2.292009 1.026042 0.424707 0.163035 0.058221 0.019400 0.006050 0.001771 0.000488 0.000127 0.000031 0.000007 0.000002 0.000000 0.000000 0.000000 0.000000 0.000000 0.000000 0.000000 0.000000 0.000000 0.000000 0.000000 0.000000 0.000000 0.000000 0.000000 0.000000 0.000000 0.000000 0.000000 0.000000 0.000000 0.000000 0.000000 0.000000 0.000000 0.000000 0.000000 0.000000 0.000000 0.000000 0.000000 
50.000000 36.743085 24.945681 15.587260 8.949188 4.721413 2.292009 1.026042 0.424707 0.163035 0.058221 0.019400 0.006050 0.001771 0.000488 0.000127 0.000031 0.000007 0.000002 0.000000 0.000000 0.000000 0.000000 0.000000 0.000000 0.000000 0.000000 0.000000 0.000000 0.000000 0.000000 0.000000 0.000000 0.000000 0.000000 0.000000 0.000000 0.000000 0.000000 0.000000 0.000000 0.000000 0.000000 0.000000 0.000000 0.000000 0.000000 0.000000 0.000000 0.000000 
50.000000 36.743085 24.945681 15.587260 8.949188 4.721413 2.292009 1.026042 0.424707 0.163035 0.058221 0.019400 0.006050 0.001771 0.000488 0.000127 0.000031 0.000007 0.000002 0.000000 0.000000 0.000000 0.000000 0.000000 0.000000 0.000000 0.000000 0.000000 0.000000 0.000000 0.000000 0.000000 0.000000 0.000000 0.000000 0.000000 0.000000 0.000000 0.000000 0.000000 0.000000 0.000000 0.000000 0.000000 0.000000 0.000000 0.000000 0.000000 0.000000 0.000000 
50.000000 36.743085 24.945681 15.587260 8.949188 4.721413 2.292009 1.026042 0.424707 0.163036 0.058221 0.019400 0.006050 0.001771 0.000488 0.000127 0.000031 0.000007 0.000002 0.000000 0.000000 0.000000 0.000000 0.000000 0.000000 0.000000 0.000000 0.000000 0.000000 0.000000 0.000000 0.000000 0.000000 0.000000 0.000000 0.000000 0.000000 0.000000 0.000000 0.000000 0.000000 0.000000 0.000000 0.000000 0.000000 0.000000 0.000000 0.000000 0.000000 0.000000 
50.000000 36.743085 24.945681 15.587260 8.949188 4.721413 2.292010 1.026042 0.424708 0.163036 0.058221 0.019401 0.006051 0.001771 0.000488 0.000127 0.000032 0.000008 0.000002 0.000001 0.000000 0.000000 0.000000 0.000000 0.000000 0.000000 0.000000 0.000000 0.000000 0.000000 0.000000 0.000000 0.000000 0.000000 0.000000 0.000000 0.000000 0.000000 0.000000 0.000000 0.000000 0.000000 0.000000 0.000000 0.000000 0.000000 0.000000 0.000000 0.000000 0.000000 
50.000000 36.743086 24.945682 15.587261 8.949189 4.721414 2.292011 1.026043 0.424709 0.163037 0.058222 0.019402 0.006052 0.001773 0.000490 0.000128 0.000033 0.000009 0.000003 0.000002 0.000002 0.000002 0.000002 0.000002 0.000002 0.000002 0.000002 0.000002 0.000002 0.000002 0.000002 0.000002 0.000002 0.000002 0.000002 0.000002 0.000002 0.000002 0.000002 0.000002 0.000002 0.000002 0.000002 0.000002 0.000001 0.000001 0.000001 0.000001 0.000000 0.000000 
50.000000 36.743087 24.945685 15.587265 8.949194 4.721419 2.292016 1.026049 0.424715 0.163043 0.058228 0.019408 0.006058 0.001778 0.000495 0.000134 0.000038 0.000015 0.000009 0.000008 0.000007 0.000007 0.000007 0.000007 0.000007 0.000007 0.000007 0.000007 0.000007 0.000007 0.000007 0.000007 0.000007 0.000007 0.000007 0.000007 0.000007 0.000007 0.000007 0.000007 0.000007 0.000007 0.000007 0.000007 0.000007 0.000006 0.000005 0.000004 0.000002 0.000000 
50.000000 36.743093 24.945697 15.587281 8.949213 4.721441 2.292039 1.026072 0.424738 0.163067 0.058252 0.019432 0.006082 0.001802 0.000519 0.000158 0.000062 0.000038 0.000033 0.000032 0.000031 0.000031 0.000031 0.000031 0.000031 0.000031 0.000031 0.000031 0.000031 0.000031 0.000031 0.000031 0.000031 0.000031 0.000031 0.000031 0.000031 0.000031 0.000031 0.000031 0.000031 0.000031 0.000031 0.000030 0.000029 0.000026 0.000022 0.000016 0.000009 0.000000 
50.000000 36.743119 24.945745 15.587348 8.949292 4.721528 2.292131 1.026166 0.424833 0.163162 0.058347 0.019527 0.006177 0.001898 0.000615 0.000254 0.000158 0.000134 0.000128 0.000127 0.000127 0.000127 0.000127 0.000127 0.000127 0.000127 0.000127 0.000127 0.000127 0.000127 0.000127 0.000127 0.000127 0.000127 0.000127 0.000127 0.000127 0.000127 0.000127 0.000127 0.000127 0.000126 0.000125 0.000122 0.000117 0.000107 0.000091 0.000067 0.000036 0.000000 
50.000000 36.743216 24.945927 15.587598 8.949590 4.721856 2.292476 1.026520 0.425191 0.163522 0.058708 0.019888 0.006538 0.002259 0.000976 0.000615 0.000519 0.000495 0.000490 0.000488 0.000488 0.000488 0.000488 0.000488 0.000488 0.000488 0.000488 0.000488 0.000488 0.000488 0.000488 0.000488 0.000488 0.000488 0.000488 0.000488 0.000488 0.000488 0.000488 0.000488 0.000487 0.000485 0.000481 0.000471 0.000451 0.000414 0.000351 0.000259 0.000138 0.000000 
50.000000 36.743559 24.946575 15.588486 8.950648 4.723021 2.293702 1.027778 0.426464 0.164801 0.059990 0.021171 0.007821 0.003542 0.002259 0.001898 0.001802 0.001778 0.001773 0.001771 0.001771 0.001771 0.001771 0.001771 0.001771 0.001771 0.001771 0.001771 0.001771 0.001771 0.001771 0.001771 0.001771 0.001771 0.001771 0.001771 0.001771 0.001771 0.001771 0.001770 0.001768 0.001762 0.001746 0.001711 0.001640 0.001505 0.001280 0.000944 0.000505 0.000000 
50.000000 36.744701 24.948732 15.591445 8.954174 4.726906 2.297792 1.031973 0.430709 0.169067 0.064265 0.025449 0.012100 0.007821 0.006538 0.006177 0.006082 0.006058 0.006052 0.006051 0.006050 0.006050 0.006050 0.006050 0.006050 0.006050 0.006050 0.006050 0.006050 0.006050 0.006050 0.006050 0.006050 0.006050 0.006050 0.006050 0.006050 0.006050 0.006049 0.006047 0.006039 0.006019 0.005968 0.005852 0.005610 0.005155 0.004390 0.003244 0.001735 0.000000 
50.000000 36.748262 24.955457 15.600673 8.965169 4.739021 2.310546 1.045059 0.443950 0.182376 0.077600 0.038794 0.025449 0.021171 0.019888 0.019527 0.019432 0.019408 0.019402 0.019401 0.019400 0.019400 0.019400 0.019400 0.019400 0.019400 0.019400 0.019400 0.019400 0.019400 0.019400 0.019400 0.019400 0.019400 0.019400 0.019400 0.019400 0.019399 0.019397 0.019389 0.019366 0.019303 0.019146 0.018783 0.018024 0.016586 0.014147 0.010474 0.005611 0.000000 
50.000000 36.758606 24.974996 15.627488 8.997127 4.774239 2.347628 1.083106 0.482453 0.221075 0.116377 0.077600 0.064265 0.059990 0.058708 0.058347 0.058252 0.058228 0.058222 0.058221 0.058221 0.058221 0.058221 0.058221 0.058221 0.058221 0.058221 0.058221 0.058221 0.058221 0.058221 0.058221 0.058221 0.058221 0.058221 0.058221 0.058220 0.058218 0.058211 0.058189 0.058123 0.057944 0.057490 0.056439 0.054219 0.049980 0.042726 0.031709 0.017019 0.000000 
50.000000 36.786513 25.027712 15.699844 9.083373 4.869299 2.447730 1.185822 0.586404 0.325560 0.221075 0.182376 0.169067 0.164801 0.163522 0.163162 0.163067 0.163043 0.163037 0.163036 0.163036 0.163035 0.163035 0.163035 0.163035 0.163035 0.163035 0.163035 0.163035 0.163035 0.163035 0.163035 0.163035 0.163035 0.163035 0.163035 0.163033 0.163028 0.163010 0.162952 0.162780 0.162307 0.161101 0.158283 0.152275 0.140679 0.120609 0.089792 0.048320 0.000000 
50.000000 36.856128 25.159224 15.880378 9.298597 5.106550 2.697593 1.442230 0.845907 0.586404 0.482453 0.443950 0.430709 0.426464 0.425191 0.424833 0.424738 0.424715 0.424709 0.424708 0.424707 0.424707 0.424707 0.424707 0.424707 0.424707 0.424707 0.424707 0.424707 0.424707 0.424707 0.424707 0.424707 0.424707 0.424707 0.424706 0.424703 0.424690 0.424647 0.424509 0.424097 0.422954 0.420016 0.413079 0.398109 0.368829 0.317418 0.237326 0.128175 0.000000 
50.000000 37.015982 25.461242 16.295027 9.792990 5.651614 3.271693 2.031413 1.442230 1.185822 1.083106 1.045059 1.031973 1.027778 1.026520 1.026166 1.026072 1.026049 1.026043 1.026042 1.026042 1.026042 1.026042 1.026042 1.026042 1.026042 1.026042 1.026042 1.026042 1.026042 1.026042 1.026042 1.026042 1.026041 1.026041 1.026039 1.026032 1.026005 1.025913 1.025616 1.024721 1.022214 1.015707 1.000144 0.966066 0.898282 0.777020 0.584425 0.317294 0.000000 
50.000000 37.352280 26.096673 17.167529 10.833428 6.798827 4.480138 3.271693 2.697593 2.447730 2.347628 2.310546 2.297792 2.293702 2.292476 2.292131 2.292039 2.292016 2.292011 2.292010 2.292009 2.292009 2.292009 2.292009 2.292009 2.292009 2.292009 2.292009 2.292009 2.292009 2.292009 2.292009 2.292009 2.292009 2.292008 2.292005 2.291991 2.291940 2.291763 2.291189 2.289447 2.284514 2.271549 2.240069 2.169879 2.027256 1.765812 1.339471 0.733021 0.000000 
50.000000 37.997225 27.315379 18.841100 12.829355 8.999831 6.798827 5.651614 5.106550 4.869299 4.774239 4.739021 4.726906 4.723021 4.721856 4.721528 4.721441 4.721419 4.721414 4.721413 4.721413 4.721413 4.721413 4.721413 4.721413 4.721413 4.721413 4.721413 4.721413 4.721413 4.721413 4.721413 4.721413 4.721412 4.721411 4.721405 4.721382 4.721296 4.720997 4.720020 4.717024 4.708441 4.685548 4.628948 4.499916 4.230540 3.720569 2.857900 1.583966 0.000000 
50.000000 39.118957 29.435176 21.752354 16.301728 12.829355 10.833428 9.792990 9.298597 9.083373 8.997127 8.965169 8.954174 8.950648 8.949590 8.949292 8.949213 8.949194 8.949189 8.949188 8.949188 8.949188 8.949188 8.949188 8.949188 8.949188 8.949188 8.949188 8.949188 8.949188 8.949188 8.949188 8.949187 8.949187 8.949185 8.949176 8.949143 8.949019 8.948583 8.947146 8.942694 8.929767 8.894708 8.806172 8.598815 8.150864 7.265709 5.688686 3.221730 0.000000 
50.000000 40.879364 32.762091 26.321785 21.752354 18.841100 17.167529 16.295027 15.880378 15.699844 15.627488 15.600673 15.591445 15.588486 15.587598 15.587348 15.587281 15.587265 15.587261 15.587260 15.587260 15.587260 15.587260 15.587260 15.587260 15.587260 15.587260 15.587260 15.587260 15.587260 15.587260 15.587260 15.587260 15.587259 15.587257 15.587246 15.587206 15.587056 15.586526 15.584762 15.579235 15.562960 15.518006 15.401717 15.120531 14.486645 13.160893 10.616524 6.252942 0.000000 
50.000000 43.360279 37.450865 32.762091 29.435176 27.315379 26.096673 25.461242 25.159224 25.027712 24.974996 24.955457 24.948732 24.946575 24.945927 24.945745 24.945697 24.945685 24.945682 24.945681 24.945681 24.945681 24.945681 24.945681 24.945681 24.945681 24.945681 24.945681 24.945681 24.945681 24.945681 24.945681 24.945681 24.945680 24.945678 24.945668 24.945630 24.945488 24.944983 24.943287 24.937920 24.921899 24.876818 24.757202 24.457479 23.746490 22.145568 18.725433 11.894022 0.000000 
50.000000 46.486962 43.360279 40.879364 39.118957 37.997225 37.352280 37.015982 36.856128 36.786513 36.758606 36.748262 36.744701 36.743559 36.743216 36.743119 36.743093 36.743087 36.743086 36.743085 36.743085 36.743085 36.743085 36.743085 36.743085 36.743085 36.743085 36.743085 36.743085 36.743085 36.743085 36.743085 36.743085 36.743085 36.743083 36.743077 36.743054 36.742966 36.742650 36.741587 36.738194 36.727953 36.698688 36.619259 36.413259 35.897228 34.626422 31.466257 23.243481 0.000000 
50.000000 50.000000 50.000000 50.000000 50.000000 50.000000 50.000000 50.000000 50.000000 50.000000 50.000000 50.000000 50.000000 50.000000 50.000000 50.000000 50.000000 50.000000 50.000000 50.000000 50.000000 50.000000 50.000000 50.000000 50.000000 50.000000 50.000000 50.000000 50.000000 50.000000 50.000000 50.000000 50.000000 50.000000 50.000000 50.000000 50.000000 50.000000 50.000000 50.000000 50.000000 50.000000 50.000000 50.000000 50.000000 50.000000 50.000000 50.000000 50.000000 50.000000 
