50.000000 50.000000 50.000000 50.000000 50.000000 50.000000 50.000000 50.000000 50.000000 50.000000 50.000000 50.000000 50.000000 50.000000 50.000000 50.000000 50.000000 50.000000 50.000000 50.000000 50.000000 50.000000 50.000000 50.000000 50.000000 50.000000 50.000000 50.000000 50.000000 50.000000 50.000000 50.000000 50.000000 50.000000 50.000000 50.000000 50.000000 50.000000 50.000000 50.000000 50.000000 50.000000 50.000000 50.000000 50.000000 50.000000 50.000000 50.000000 50.000000 50.000000 
50.000000 48.953376 47.941139 46.994290 46.137613 45.387824 44.752921 44.232686 43.820112 43.503361 43.267877 43.098303 42.979988 42.899976 42.847515 42.814151 42.793564 42.781232 42.774060 42.770008 42.767783 42.766595 42.765978 42.765665 42.765510 42.765433 42.765389 42.765352 42.765300 42.765203 42.765007 42.764617 42.763851 42.762381 42.759620 42.754539 42.745381 42.729185 42.701045 42.652914 42.571646 42.435686 42.209131 41.830308 41.187779 40.064643 37.994434 33.844609 24.476688 0.000000 
50.000000 47.941139 45.949924 44.087338 42.402135 40.927197 39.678257 38.654889 37.843304 37.220217 36.756993 36.423423 36.190686 36.033296 35.930100 35.864471 35.823974 35.799719 35.785611 35.777640 35.773263 35.770926 35.769712 35.769098 35.768793 35.768640 35.768555 35.768485 35.768386 35.768202 35.767834 35.767099 35.765661 35.762902 35.757727 35.748227 35.731143 35.701024 35.648899 35.560203 35.411479 35.165047 34.760046 34.096736 33.007716 31.203265 28.167240 22.974962 14.096530 0.000000 
50.000000 46.994290 44.087338 41.368175 38.907972 36.754739 34.931441 33.437455 32.252651 31.343032 30.666793 30.179834 29.840076 29.610315 29.459667 29.363863 29.304746 29.269337 29.248744 29.237108 29.230719 29.227308 29.225536 29.224639 29.224194 29.223972 29.223850 29.223751 29.223616 29.223365 29.222865 29.221869 29.219923 29.216199 29.209232 29.196480 29.173638 29.133560 29.064616 28.948204 28.754979 28.439132 27.929634 27.116723 25.831251 23.814780 20.684087 15.920098 8.999857 0.000000 
50.000000 46.137613 42.402135 38.907972 35.746586 32.979667 30.636726 28.716961 27.194501 26.025657 25.156709 24.530985 24.094412 23.799183 23.605611 23.482510 23.406551 23.361055 23.334594 23.319644 23.311435 23.307053 23.304776 23.303624 23.303053 23.302770 23.302615 23.302495 23.302335 23.302042 23.301462 23.300309 23.298061 23.293773 23.285777 23.271201 23.245220 23.199907 23.122541 22.993135 22.780911 22.439371 21.899573 21.061373 19.783172 17.873293 15.093192 11.198869 6.072971 0.000000 
50.000000 45.387824 40.927197 36.754739 32.979667 29.675648 26.877920 24.585523 22.767562 21.371861 20.334270 19.587114 19.065822 18.713306 18.482175 18.335191 18.244495 18.190174 18.158581 18.140732 18.130931 18.125698 18.122981 18.121606 18.120925 18.120588 18.120407 18.120272 18.120101 18.119793 18.119185 18.117981 18.115642 18.111194 18.102934 18.087949 18.061388 18.015380 17.937484 17.808528 17.599737 17.269079 16.756971 15.981932 14.837824 13.196495 10.923488 7.919481 4.200045 0.000000 
50.000000 44.752921 39.678257 34.931441 30.636726 26.877920 23.695111 21.087203 19.019043 17.431270 16.250900 15.400939 14.807926 14.406913 14.143990 13.976789 13.873620 13.811830 13.775893 13.755589 13.744441 13.738489 13.735399 13.733835 13.733062 13.732681 13.732480 13.732338 13.732166 13.731865 13.731276 13.730115 13.727867 13.723608 13.715734 13.701522 13.676486 13.633436 13.561183 13.442826 13.253635 12.958658 12.510418 11.847555 10.895988 9.575353 7.814718 5.581521 2.922613 0.000000 
50.000000 44.232686 38.654889 33.437455 28.716961 24.585523 21.087203 18.220792 15.947646 14.202517 12.905177 11.970998 11.319234 10.878498 10.589533 10.405774 10.292390 10.224482 10.184988 10.162676 10.150424 10.143884 10.140488 10.138770 10.137921 10.137505 10.137290 10.137146 10.136983 10.136707 10.136172 10.135124 10.133100 10.129283 10.122259 10.109649 10.087575 10.049900 9.987220 9.885604 9.725158 9.478621 9.110396 8.576785 7.828552 6.817388 5.507822 3.894843 2.023555 0.000000 
50.000000 43.820112 37.843304 32.252651 27.194501 22.767562 19.019043 15.947646 13.511960 11.642060 10.251977 9.251028 8.552686 8.080459 7.770851 7.573967 7.452487 7.379732 7.337419 7.313514 7.300389 7.293382 7.289744 7.287904 7.286996 7.286553 7.286328 7.286185 7.286037 7.285797 7.285338 7.284443 7.282723 7.279493 7.273577 7.263015 7.244643 7.213514 7.162164 7.079734 6.951070 6.755980 6.469026 6.060385 5.498483 4.755130 3.813520 2.678258 1.384426 0.000000 
50.000000 43.503361 37.220217 31.343032 26.025657 21.371861 17.431270 14.202517 11.642060 9.676388 8.215121 7.162925 6.428837 5.932443 5.606994 5.400041 5.272349 5.195873 5.151398 5.126272 5.112477 5.105113 5.101289 5.099356 5.098402 5.097939 5.097707 5.097570 5.097439 5.097239 5.096864 5.096139 5.094750 5.092154 5.087421 5.079018 5.064490 5.040048 5.000053 4.936443 4.838194 4.690989 4.477358 4.177635 3.772124 3.244747 2.588053 1.808738 0.931715 0.000000 
50.000000 43.267877 36.756993 30.666793 25.156709 20.334270 16.250900 12.905177 10.251977 8.215121 6.700949 5.610667 4.850015 4.335663 3.998445 3.784010 3.651703 3.572465 3.526384 3.500350 3.486057 3.478428 3.474466 3.472464 3.471477 3.470999 3.470764 3.470632 3.470519 3.470359 3.470066 3.469505 3.468435 3.466444 3.462832 3.456452 3.445487 3.427162 3.397404 3.350475 3.278678 3.172243 3.019573 2.808074 2.525742 2.163574 1.718589 1.196790 0.614963 0.000000 
50.000000 43.098303 36.423423 30.179834 24.530985 19.587114 15.400939 11.970998 9.251028 7.162925 5.610667 4.492969 3.713197 3.185921 2.840233 2.620413 2.484786 2.403560 2.356324 2.329638 2.314987 2.307166 2.303106 2.301054 2.300043 2.299555 2.299319 2.299192 2.299095 2.298971 2.298751 2.298335 2.297547 2.296085 2.293446 2.288807 2.280880 2.267715 2.246485 2.213263 2.162872 2.088864 1.983778 1.839756 1.649630 1.408444 1.115218 0.774524 0.397258 0.000000 
50.000000 42.979988 36.190686 29.840076 24.094412 19.065822 14.807926 11.319234 8.552686 6.428837 4.850015 3.713197 2.920090 2.383802 2.032208 1.808635 1.670693 1.588082 1.540040 1.512900 1.497999 1.490046 1.485916 1.483830 1.482802 1.482307 1.482070 1.481949 1.481866 1.481771 1.481612 1.481316 1.480758 1.479728 1.477877 1.474639 1.469134 1.460045 1.445482 1.422852 1.388789 1.339172 1.269333 1.174489 1.050442 0.894506 0.706517 0.489662 0.250803 0.000000 
50.000000 42.899976 36.033296 29.610315 23.799183 18.713306 14.406913 10.878498 8.080459 5.932443 4.335663 3.185921 2.383802 1.841423 1.485838 1.259729 1.120223 1.036676 0.988090 0.960643 0.945574 0.937531 0.933355 0.931245 0.930206 0.929707 0.929470 0.929352 0.929281 0.929209 0.929098 0.928894 0.928514 0.927816 0.926567 0.924392 0.920712 0.914668 0.905041 0.890177 0.867953 0.835816 0.790922 0.730427 0.651918 0.553963 0.436677 0.302154 0.154596 0.000000 
50.000000 42.847515 35.930100 29.459667 23.605611 18.482175 14.143990 10.589533 7.770851 5.606994 3.998445 2.840233 2.032208 1.485838 1.127638 0.899867 0.759337 0.675177 0.626235 0.598587 0.583408 0.575306 0.571099 0.568974 0.567929 0.567427 0.567189 0.567075 0.567012 0.566957 0.566881 0.566746 0.566497 0.566041 0.565228 0.563819 0.561447 0.557570 0.551426 0.541994 0.527977 0.507835 0.479883 0.442467 0.394227 0.334410 0.263187 0.181873 0.092975 0.000000 
50.000000 42.814151 35.864471 29.363863 23.482510 18.335191 13.976789 10.405774 7.573968 5.400041 3.784010 2.620413 1.808635 1.259729 0.899867 0.671041 0.529860 0.445311 0.396143 0.368367 0.353117 0.344978 0.340752 0.338617 0.337567 0.337064 0.336827 0.336715 0.336657 0.336615 0.336563 0.336476 0.336318 0.336031 0.335521 0.334639 0.333162 0.330758 0.326968 0.321178 0.312620 0.300390 0.283515 0.261055 0.232257 0.196734 0.154631 0.106744 0.054531 0.000000 
50.000000 42.793564 35.823975 29.304746 23.406551 18.244496 13.873621 10.292390 7.452488 5.272349 3.651703 2.484786 1.670693 1.120223 0.759338 0.529860 0.388278 0.303489 0.254182 0.226327 0.211035 0.202872 0.198635 0.196494 0.195441 0.194936 0.194700 0.194590 0.194536 0.194502 0.194467 0.194412 0.194315 0.194140 0.193830 0.193297 0.192407 0.190965 0.188702 0.185259 0.180195 0.172995 0.163108 0.150013 0.133302 0.112779 0.088547 0.061073 0.031182 0.000000 
50.000000 42.781233 35.799719 29.269338 23.361056 18.190175 13.811830 10.224483 7.379732 5.195874 3.572466 2.403561 1.588083 1.036677 0.675178 0.445311 0.303490 0.218557 0.169166 0.141264 0.125946 0.117770 0.113525 0.111381 0.110327 0.109821 0.109585 0.109476 0.109424 0.109396 0.109372 0.109338 0.109280 0.109176 0.108994 0.108683 0.108164 0.107326 0.106016 0.104031 0.101125 0.097010 0.091384 0.083964 0.074534 0.062995 0.049416 0.034059 0.017381 0.000000 
50.000000 42.774061 35.785612 29.248745 23.334596 18.158583 13.775894 10.184990 7.337421 5.151400 3.526386 2.356326 1.540042 0.988093 0.626238 0.396145 0.254184 0.169168 0.119728 0.091799 0.076466 0.068282 0.064033 0.061887 0.060831 0.060326 0.060090 0.059981 0.059931 0.059906 0.059889 0.059868 0.059834 0.059775 0.059671 0.059494 0.059201 0.058729 0.057993 0.056884 0.055264 0.052980 0.049869 0.045781 0.040603 0.034288 0.026876 0.018513 0.009444 0.000000 
50.000000 42.770009 35.777642 29.237110 23.319648 18.140735 13.755593 10.162680 7.313519 5.126277 3.500356 2.329644 1.512906 0.960649 0.598593 0.368372 0.226333 0.141269 0.091803 0.063859 0.048517 0.040328 0.036077 0.033930 0.032874 0.032368 0.032132 0.032024 0.031975 0.031952 0.031938 0.031925 0.031906 0.031873 0.031815 0.031718 0.031557 0.031299 0.030898 0.030295 0.029419 0.028186 0.026513 0.024322 0.021555 0.018189 0.014248 0.009809 0.005002 0.000000 
50.000000 42.767785 35.773267 29.230725 23.311443 18.130940 13.744452 10.150436 7.300401 5.112490 3.486071 2.315001 1.498014 0.945588 0.583422 0.353132 0.211049 0.125960 0.076479 0.048526 0.033180 0.024989 0.020736 0.018588 0.017532 0.017026 0.016790 0.016682 0.016634 0.016612 0.016600 0.016592 0.016580 0.016562 0.016532 0.016480 0.016394 0.016257 0.016045 0.015726 0.015264 0.014617 0.013742 0.012598 0.011157 0.009409 0.007366 0.005069 0.002585 0.000000 
50.000000 42.766600 35.770937 29.227323 23.307072 18.125721 13.738516 10.143913 7.293413 5.105145 3.478461 2.307200 1.490080 0.937565 0.575341 0.345013 0.202907 0.117804 0.068315 0.040358 0.025009 0.016817 0.012564 0.010415 0.009359 0.008853 0.008617 0.008509 0.008461 0.008440 0.008430 0.008423 0.008417 0.008407 0.008391 0.008364 0.008319 0.008248 0.008139 0.007975 0.007738 0.007406 0.006959 0.006376 0.005644 0.004757 0.003722 0.002561 0.001305 0.000000 
50.000000 42.765990 35.769737 29.225572 23.304822 18.123035 13.735461 10.140556 7.289816 5.101364 3.474544 2.303186 1.485997 0.933436 0.571181 0.340835 0.198717 0.113607 0.064114 0.036154 0.020804 0.012611 0.008358 0.006209 0.005153 0.004647 0.004411 0.004303 0.004255 0.004234 0.004225 0.004220 0.004216 0.004211 0.004202 0.004188 0.004166 0.004129 0.004074 0.003990 0.003870 0.003703 0.003478 0.003185 0.002817 0.002374 0.001857 0.001277 0.000651 0.000000 
50.000000 42.765694 35.769155 29.224722 23.303730 18.121731 13.733977 10.138926 7.288070 5.099529 3.472643 2.301237 1.484015 0.931432 0.569163 0.338807 0.196683 0.111570 0.062075 0.034114 0.018763 0.010570 0.006316 0.004168 0.003111 0.002605 0.002369 0.002262 0.002214 0.002193 0.002184 0.002180 0.002177 0.002174 0.002169 0.002162 0.002150 0.002131 0.002102 0.002058 0.001996 0.001909 0.001792 0.001640 0.001450 0.001221 0.000955 0.000656 0.000334 0.000000 
50.000000 42.765575 35.768920 29.224380 23.303291 18.121207 13.733381 10.138271 7.287368 5.098792 3.471879 2.300454 1.483219 0.930627 0.568351 0.337991 0.195866 0.110751 0.061255 0.033294 0.017943 0.009750 0.005496 0.003347 0.002291 0.001785 0.001549 0.001441 0.001393 0.001373 0.001364 0.001360 0.001357 0.001355 0.001352 0.001348 0.001340 0.001328 0.001310 0.001282 0.001243 0.001188 0.001115 0.001020 0.000902 0.000759 0.000593 0.000408 0.000208 0.000000 
50.000000 42.765575 35.768920 29.224380 23.303291 18.121207 13.733381 10.138271 7.287368 5.098792 3.471879 2.300454 1.483219 0.930627 0.568351 0.337991 0.195866 0.110751 0.061255 0.033294 0.017943 0.009750 0.005496 0.003347 0.002291 0.001785 0.001549 0.001441 0.001393 0.001373 0.001364 0.001360 0.001357 0.001355 0.001352 0.001348 0.001340 0.001328 0.001310 0.001282 0.001243 0.001188 0.001115 0.001020 0.000902 0.000759 0.000593 0.000408 0.000208 0.000000 
50.000000 42.765694 35.769155 29.224722 23.303730 18.121731 13.733977 10.138926 7.288070 5.099529 3.472643 2.301237 1.484015 0.931432 0.569163 0.338807 0.196683 0.111570 0.062075 0.034114 0.018763 0.010570 0.006316 0.004168 0.003111 0.002605 0.002369 0.002262 0.002214 0.002193 0.002184 0.002180 0.002177 0.002174 0.002169 0.002162 0.002150 0.002131 0.002102 0.002058 0.001996 0.001909 0.001792 0.001640 0.001450 0.001221 0.000955 0.000656 0.000334 0.000000 
50.000000 42.765990 35.769737 29.225572 23.304822 18.123035 13.735461 10.140556 7.289816 5.101364 3.474544 2.303186 1.485997 0.933436 0.571181 0.340835 0.198717 0.113607 0.064114 0.036154 0.020804 0.012611 0.008358 0.006209 0.005153 0.004647 0.004411 0.004303 0.004255 0.004234 0.004225 0.004220 0.004216 0.004211 0.004202 0.004188 0.004166 0.004129 0.004074 0.003990 0.003870 0.003703 0.003478 0.003185 0.002817 0.002374 0.001857 0.001277 0.000651 0.000000 
50.000000 42.766600 35.770937 29.227323 23.307072 18.125721 13.738516 10.143913 7.293413 5.105145 3.478461 2.307200 1.490080 0.937565 0.575341 0.345013 0.202907 0.117804 0.068315 0.040358 0.025009 0.016817 0.012564 0.010415 0.009359 0.008853 0.008617 0.008509 0.008461 0.008440 0.008430 0.008423 0.008417 0.008407 0.008391 0.008364 0.008319 0.008248 0.008139 0.007975 0.007738 0.007406 0.006959 0.006376 0.005644 0.004757 0.003722 0.002561 0.001305 0.000000 
50.000000 42.767785 35.773267 29.230725 23.311443 18.130940 13.744452 10.150436 7.300401 5.112490 3.486071 2.315001 1.498014 0.945588 0.583422 0.353132 0.211049 0.125960 0.076479 0.048526 0.033180 0.024989 0.020736 0.018588 0.017532 0.017026 0.016790 0.016682 0.016634 0.016612 0.016600 0.016592 0.016580 0.016562 0.016532 0.016480 0.016394 0.016257 0.016045 0.015726 0.015264 0.014617 0.013742 0.012598 0.011157 0.009409 0.007366 0.005069 0.002585 0.000000 
50.000000 42.770009 35.777642 29.237110 23.319648 18.140735 13.755593 10.162680 7.313519 5.126277 3.500356 2.329644 1.512906 0.960649 0.598593 0.368372 0.226333 0.141269 0.091803 0.063859 0.048517 0.040328 0.036077 0.033930 0.032874 0.032368 0.032132 0.032024 0.031975 0.031952 0.031938 0.031925 0.031906 0.031873 0.031815 0.031718 0.031557 0.031299 0.030898 0.030295 0.029419 0.028186 0.026513 0.024322 0.021555 0.018189 0.014248 0.009809 0.005002 0.000000 
50.000000 42.774061 35.785612 29.248745 23.334596 18.158583 13.775894 10.184990 7.337421 5.151400 3.526386 2.356326 1.540042 0.988093 0.626238 0.396145 0.254184 0.169168 0.119728 0.091799 0.076466 0.068282 0.064033 0.061887 0.060831 0.060326 0.060090 0.059981 0.059931 0.059906 0.059889 0.059868 0.059834 0.059775 0.059671 0.059494 0.059201 0.058729 0.057993 0.056884 0.055264 0.052980 0.049869 0.045781 0.040603 0.034288 0.026876 0.018513 0.009444 0.000000 
50.000000 42.781233 35.799719 29.269338 23.361056 18.190175 13.811830 10.224483 7.379732 5.195874 3.572466 2.403561 1.588083 1.036677 0.675178 0.445311 0.303490 0.218557 0.169166 0.141264 0.125946 0.117770 0.113525 0.111381 0.110327 0.109821 0.109585 0.109476 0.109424 0.109396 0.109372 0.109338 0.109280 0.109176 0.108994 0.108683 0.108164 0.107326 0.106016 0.104031 0.101125 0.097010 0.091384 0.083964 0.074534 0.062995 0.049416 0.034059 0.017381 0.000000 
50.000000 42.793564 35.823975 29.304746 23.406551 18.244496 13.873621 10.292390 7.452488 5.272349 3.651703 2.484786 1.670693 1.120223 0.759338 0.529860 0.388278 0.303489 0.254182 0.226327 0.211035 0.202872 0.198635 0.196494 0.195441 0.194936 0.194700 0.194590 0.194536 0.194502 0.194467 0.194412 0.194315 0.194140 0.193830 0.193297 0.192407 0.190965 0.188702 0.185259 0.180195 0.172995 0.163108 0.150013 0.133302 0.112779 0.088547 0.061073 0.031182 0.000000 
50.000000 42.814151 35.864471 29.363863 23.482510 18.335191 13.976789 10.405774 7.573968 5.400041 3.784010 2.620413 1.808635 1.259729 0.899867 0.671041 0.529860 0.445311 0.396143 0.368367 0.353117 0.344978 0.340752 0.338617 0.337567 0.337064 0.336827 0.336715 0.336657 0.336615 0.336563 0.336476 0.336318 0.336031 0.335521 0.334639 0.333162 0.330758 0.326968 0.321178 0.312620 0.300390 0.283515 0.261055 0.232257 0.196734 0.154631 0.106744 0.054531 0.000000 
50.000000 42.847515 35.930100 29.459667 23.605611 18.482175 14.143990 10.589533 7.770851 5.606994 3.998445 2.840233 2.032208 1.485838 1.127638 0.899867 0.759337 0.675177 0.626235 0.598587 0.583408 0.575306 0.571099 0.568974 0.567929 0.567427 0.567189 0.567075 0.567012 0.566957 0.566881 0.566746 0.566497 0.566041 0.565228 0.563819 0.561447 0.557570 0.551426 0.541994 0.527977 0.507835 0.479883 0.442467 0.394227 0.334410 0.263187 0.181873 0.092975 0.000000 
50.000000 42.899976 36.033296 29.610315 23.799183 18.713306 14.406913 10.878498 8.080459 5.932443 4.335663 3.185921 2.383802 1.841423 1.485838 1.259729 1.120223 1.036676 0.988090 0.960643 0.945574 0.937531 0.933355 0.931245 0.930206 0.929707 0.929470 0.929352 0.929281 0.929209 0.929098 0.928894 0.928514 0.927816 0.926567 0.924392 0.920712 0.914668 0.905041 0.890177 0.867953 0.835816 0.790922 0.730427 0.651918 0.553963 0.436677 0.302154 0.154596 0.000000 
50.000000 42.979988 36.190686 29.840076 24.094412 19.065822 14.807926 11.319234 8.552686 6.428837 4.850015 3.713197 2.920090 2.383802 2.032208 1.808635 1.670693 1.588082 1.540040 1.512900 1.497999 1.490046 1.485916 1.483830 1.482802 1.482307 1.482070 1.481949 1.481866 1.481771 1.481612 1.481316 1.480758 1.479728 1.477877 1.474639 1.469134 1.460045 1.445482 1.422852 1.388789 1.339172 1.269333 1.174489 1.050442 0.894506 0.706517 0.489662 0.250803 0.000000 
50.000000 43.098303 36.423423 30.179834 24.530985 19.587114 15.400939 11.970998 9.251028 7.162925 5.610667 4.492969 3.713197 3.185921 2.840233 2.620413 2.484786 2.403560 2.356324 2.329638 2.314987 2.307166 2.303106 2.301054 2.300043 2.299555 2.299319 2.299192 2.299095 2.298971 2.298751 2.298335 2.297547 2.296085 2.293446 2.288807 2.280880 2.267715 2.246485 2.213263 2.162872 2.088864 1.983778 1.839756 1.649630 1.408444 1.115218 0.774524 0.397258 0.000000 
50.000000 43.267877 36.756993 30.666793 25.156709 20.334270 16.250900 12.905177 10.251977 8.215121 6.700949 5.610667 4.850015 4.335663 3.998445 3.784010 3.651703 3.572465 3.526384 3.500350 3.486057 3.478428 3.474466 3.472464 3.471477 3.470999 3.470764 3.470632 3.470519 3.470359 3.470066 3.469505 3.468435 3.466444 3.462832 3.456452 3.445487 3.427162 3.397404 3.350475 3.278678 3.172243 3.019573 2.808074 2.525742 2.163574 1.718589 1.196790 0.614963 0.000000 
50.000000 43.503361 37.220217 31.343032 26.025657 21.371861 17.431270 14.202517 11.642060 9.676388 8.215121 7.162925 6.428837 5.932443 5.606994 5.400041 5.272349 5.195873 5.151398 5.126272 5.112477 5.105113 5.101289 5.099356 5.098402 5.097939 5.097707 5.097570 5.097439 5.097239 5.096864 5.096139 5.094750 5.092154 5.087421 5.079018 5.064490 5.040048 5.000053 4.936443 4.838194 4.690989 4.477358 4.177635 3.772124 3.244747 2.588053 1.808738 0.931715 0.000000 
50.000000 43.820112 37.843304 32.252651 27.194501 22.767562 19.019043 15.947646 13.511960 11.642060 10.251977 9.251028 8.552686 8.080459 7.770851 7.573967 7.452487 7.379732 7.337419 7.313514 7.300389 7.293382 7.289744 7.287904 7.286996 7.286553 7.286328 7.286185 7.286037 7.285797 7.285338 7.284443 7.282723 7.279493 7.273577 7.263015 7.244643 7.213514 7.162164 7.079734 6.951070 6.755980 6.469026 6.060385 5.498483 4.755130 3.813520 2.678258 1.384426 0.000000 
50.000000 44.232686 38.654889 33.437455 28.716961 24.585523 21.087203 18.220792 15.947646 14.202517 12.905177 11.970998 11.319234 10.878498 10.589533 10.405774 10.292390 10.224482 10.184988 10.162676 10.150424 10.143884 10.140488 10.138770 10.137921 10.137505 10.137290 10.137146 10.136983 10.136707 10.136172 10.135124 10.133100 10.129283 10.122259 10.109649 10.087575 10.049900 9.987220 9.885604 9.725158 9.478621 9.110396 8.576785 7.828552 6.817388 5.507822 3.894843 2.023555 0.000000 
50.000000 44.752921 39.678257 34.931441 30.636726 26.877920 23.695111 21.087203 19.019043 17.431270 16.250900 15.400939 14.807926 14.406913 14.143990 13.976789 13.873620 13.811830 13.775893 13.755589 13.744441 13.738489 13.735399 13.733835 13.733062 13.732681 13.732480 13.732338 13.732166 13.731865 13.731276 13.730115 13.727867 13.723608 13.715734 13.701522 13.676486 13.633436 13.561183 13.442826 13.253635 12.958658 12.510418 11.847555 10.895988 9.575353 7.814718 5.581521 2.922613 0.000000 
50.000000 45.387824 40.927197 36.754739 32.979667 29.675648 26.877920 24.585523 22.767562 21.371861 20.334270 19.587114 19.065822 18.713306 18.482175 18.335191 18.244495 18.190174 18.158581 18.140732 18.130931 18.125698 18.122981 18.121606 18.120925 18.120588 18.120407 18.120272 18.120101 18.119793 18.119185 18.117981 18.115642 18.111194 18.102934 18.087949 18.061388 18.015380 17.937484 17.808528 17.599737 17.269079 16.756971 15.981932 14.837824 13.196495 10.923488 7.919481 4.200045 0.000000 
50.000000 46.137613 42.402135 38.907972 35.746586 32.979667 30.636726 28.716961 27.194501 26.025657 25.156709 24.530985 24.094412 23.799183 23.605611 23.482510 23.406551 23.361055 23.334594 23.319644 23.311435 23.307053 23.304776 23.303624 23.303053 23.302770 23.302615 23.302495 23.302335 23.302042 23.301462 23.300309 23.298061 23.293773 23.285777 23.271201 23.245220 23.199907 23.122541 22.993135 22.780911 22.439371 21.899573 21.061373 19.783172 17.873293 15.093192 11.198869 6.072971 0.000000 
50.000000 46.994290 44.087338 41.368175 38.907972 36.754739 34.931441 33.437455 32.252651 31.343032 30.666793 30.179834 29.840076 29.610315 29.459667 29.363863 29.304746 29.269337 29.248744 29.237108 29.230719 29.227308 29.225536 29.224639 29.224194 29.223972 29.223850 29.223751 29.223616 29.223365 29.222865 29.221869 29.219923 29.216199 29.209232 29.196480 29.173638 29.133560 29.064616 28.948204 28.754979 28.439132 27.929634 27.116723 25.831251 23.814780 20.684087 15.920098 8.999857 0.000000 
50.000000 47.941139 45.949924 44.087338 42.402135 40.927197 39.678257 38.654889 37.843304 37.220217 36.756993 36.423423 36.190686 36.033296 35.930100 35.864471 35.823974 35.799719 35.785611 35.777640 35.773263 35.770926 35.769712 35.769098 35.768793 35.768640 35.768555 35.768485 35.768386 35.768202 35.767834 35.767099 35.765661 35.762902 35.757727 35.748227 35.731143 35.701024 35.648899 35.560203 35.411479 35.165047 34.760046 34.096736 33.007716 31.203265 28.167240 22.974962 14.096530 0.000000 
50.000000 48.953376 47.941139 46.994290 46.137613 45.387824 44.752921 44.232686 43.820112 43.503361 43.267877 43.098303 42.979988 42.899976 42.847515 42.814151 42.793564 42.781232 42.774060 42.770008 42.767783 42.766595 42.765978 42.765665 42.765510 42.765433 42.765389 42.765352 42.765300 42.765203 42.765007 42.764617 42.763851 42.762381 42.759620 42.754539 42.745381 42.729185 42.701045 42.652914 42.571646 42.435686 42.209131 41.830308 41.187779 40.064643 37.994434 33.844609 24.476688 0.000000 
50.000000 50.000000 50.000000 50.000000 50.000000 50.000000 50.000000 50.000000 50.000000 50.000000 50.000000 50.000000 50.000000 50.000000 50.000000 50.000000 50.000000 50.000000 50.000000 50.000000 50.000000 50.000000 50.000000 50.000000 50.000000 50.000000 50.000000 50.000000 50.000000 50.000000 50.000000 50.000000 50.000000 50.000000 50.000000 50.000000 50.000000 50.000000 50.000000 50.000000 50.000000 50.000000 50.000000 50.000000 50.000000 50.000000 50.000000 50.000000 50.000000 50.000000 
