50.000000 50.000000 50.000000 50.000000 50.000000 50.000000 50.000000 50.000000 50.000000 50.000000 50.000000 50.000000 50.000000 50.000000 50.000000 50.000000 50.000000 50.000000 50.000000 50.000000 50.000000 50.000000 50.000000 50.000000 50.000000 50.000000 50.000000 50.000000 50.000000 50.000000 50.000000 50.000000 50.000000 50.000000 50.000000 50.000000 50.000000 50.000000 50.000000 50.000000 50.000000 50.000000 50.000000 50.000000 50.000000 50.000000 50.000000 50.000000 50.000000 50.000000 
50.000000 48.663342 47.382757 46.207268 45.173277 44.301506 43.596805 43.050444 42.643990 42.353717 42.154609 42.023356 41.940157 41.889412 41.859613 41.842752 41.833555 41.828715 41.826256 41.825050 41.824477 41.824214 41.824097 41.824047 41.824026 41.824017 41.824012 41.824008 41.824001 41.823983 41.823942 41.823847 41.823634 41.823166 41.822169 41.820101 41.815923 41.807702 41.791911 41.762270 41.707750 41.609154 41.432966 41.119634 40.559205 39.535248 37.580461 33.559998 24.331671 0.000000 
50.000000 47.382757 44.875309 42.573649 40.549052 38.842094 37.462271 36.392486 35.596645 35.028292 34.638441 34.381452 34.218552 34.119197 34.060851 34.027841 34.009834 34.000358 33.995544 33.993181 33.992060 33.991545 33.991316 33.991218 33.991176 33.991159 33.991150 33.991143 33.991129 33.991096 33.991020 33.990845 33.990449 33.989585 33.987745 33.983936 33.976264 33.961209 33.932413 33.878641 33.780435 33.604563 33.294674 32.755027 31.821019 30.203824 27.385711 22.437655 13.822759 0.000000 
50.000000 46.207268 42.573649 39.238252 36.304364 33.830786 31.831277 30.281056 29.127816 28.304233 27.739317 27.366931 27.130885 26.986919 26.902378 26.854547 26.828456 26.814726 26.807751 26.804327 26.802703 26.801957 26.801626 26.801483 26.801423 26.801398 26.801386 26.801375 26.801357 26.801314 26.801213 26.800981 26.800460 26.799322 26.796907 26.791924 26.781924 26.762397 26.725273 26.656491 26.532151 26.312506 25.932668 25.288321 24.214125 22.452855 19.619126 15.187938 8.626807 0.000000 
50.000000 45.173277 40.549052 36.304364 32.570663 29.422776 26.878213 24.905429 23.437853 22.389799 21.670923 21.197055 20.896688 20.713495 20.605920 20.545058 20.511861 20.494391 20.485516 20.481160 20.479093 20.478145 20.477723 20.477542 20.477465 20.477434 20.477419 20.477406 20.477385 20.477337 20.477224 20.476965 20.476384 20.475118 20.472443 20.466944 20.455964 20.434652 20.394437 20.320628 20.188796 19.959507 19.570974 18.929394 17.897603 16.285332 13.851509 10.345228 5.638029 0.000000 
50.000000 44.301506 38.842094 33.830786 29.422776 25.706407 22.702344 20.373338 18.640786 17.403520 16.554874 15.995473 15.640897 15.424646 15.297662 15.225820 15.186635 15.166015 15.155540 15.150398 15.147959 15.146839 15.146342 15.146127 15.146038 15.146000 15.145983 15.145970 15.145948 15.145900 15.145787 15.145528 15.144950 15.143695 15.141052 15.135646 15.124911 15.104216 15.065489 14.995133 14.871054 14.658650 14.305862 13.737873 12.853204 11.525173 9.616661 7.021074 3.742301 0.000000 
50.000000 43.596805 37.462271 31.831277 26.878213 22.702344 19.326885 16.709971 14.763270 13.373095 12.419583 11.791071 11.392696 11.149738 11.007074 10.926364 10.882342 10.859178 10.847410 10.841635 10.838895 10.837637 10.837078 10.836838 10.836737 10.836695 10.836676 10.836663 10.836643 10.836598 10.836495 10.836258 10.835732 10.834594 10.832206 10.827347 10.817757 10.799402 10.765348 10.704121 10.597490 10.417728 10.124674 9.663442 8.964471 7.948819 6.542956 4.707244 2.477171 0.000000 
50.000000 43.050444 36.392486 30.281056 24.905429 20.373338 16.709971 13.869883 11.757191 10.248503 9.213721 8.531651 8.099338 7.835688 7.680877 7.593297 7.545530 7.520395 7.507627 7.501360 7.498388 7.497023 7.496417 7.496156 7.496046 7.496002 7.495982 7.495969 7.495951 7.495913 7.495825 7.495625 7.495180 7.494222 7.492221 7.488171 7.480227 7.465132 7.437364 7.387940 7.302891 7.161537 6.934941 6.585297 6.067476 5.334455 4.348388 3.097812 1.617478 0.000000 
50.000000 42.643990 35.596645 29.127816 23.437853 18.640786 14.763270 11.757191 9.521051 7.924230 6.829016 6.107126 5.649582 5.370550 5.206711 5.114026 5.063475 5.036877 5.023365 5.016734 5.013588 5.012145 5.011503 5.011227 5.011111 5.011064 5.011044 5.011032 5.011017 5.010986 5.010916 5.010757 5.010405 5.009650 5.008081 5.004921 4.998760 4.987136 4.965929 4.928542 4.864917 4.760525 4.595654 4.345541 3.982135 3.478345 2.815310 1.992082 1.034836 0.000000 
50.000000 42.353717 35.028292 28.304233 22.389799 17.403520 13.373095 10.248503 7.924230 6.264494 5.126146 4.375835 3.900287 3.610279 3.439999 3.343672 3.291136 3.263494 3.249452 3.242561 3.239292 3.237792 3.237125 3.236838 3.236719 3.236670 3.236649 3.236638 3.236626 3.236603 3.236550 3.236431 3.236169 3.235608 3.234448 3.232125 3.227623 3.219184 3.203908 3.177215 3.132247 3.059313 2.945612 2.775605 2.532466 2.201003 1.772083 1.247858 0.645967 0.000000 
50.000000 42.154609 34.638441 27.739317 21.670923 16.554874 12.419583 9.213721 6.829016 5.126146 3.958226 3.188435 2.700546 2.403018 2.228325 2.129503 2.075608 2.047250 2.032846 2.025777 2.022423 2.020884 2.020201 2.019906 2.019783 2.019733 2.019713 2.019703 2.019693 2.019676 2.019639 2.019555 2.019369 2.018976 2.018164 2.016547 2.013430 2.007626 1.997194 1.979113 1.948931 1.900475 1.825781 1.715462 1.559740 1.350295 1.082826 0.759800 0.392339 0.000000 
50.000000 42.023356 34.381452 27.366931 21.197055 15.995473 11.791071 8.531651 6.107126 4.375835 3.188435 2.405812 1.909796 1.607316 1.429717 1.329253 1.274462 1.245635 1.230991 1.223806 1.220397 1.218832 1.218137 1.217838 1.217713 1.217662 1.217642 1.217633 1.217625 1.217613 1.217588 1.217531 1.217407 1.217144 1.216605 1.215535 1.213484 1.209686 1.202906 1.191241 1.171928 1.141198 1.094288 1.025723 0.929985 0.802618 0.641658 0.449039 0.231445 0.000000 
50.000000 41.940157 34.218552 27.130885 20.896688 15.640897 11.392696 8.099338 5.649582 3.900287 2.700546 1.909796 1.408634 1.103017 0.923579 0.822076 0.766719 0.737594 0.722800 0.715540 0.712096 0.710515 0.709813 0.709511 0.709385 0.709334 0.709313 0.709304 0.709299 0.709291 0.709274 0.709238 0.709159 0.708991 0.708650 0.707975 0.706687 0.704317 0.700110 0.692920 0.681102 0.662446 0.634206 0.593294 0.536681 0.462036 0.368488 0.257343 0.132456 0.000000 
50.000000 41.889412 34.119197 26.986919 20.713495 15.424646 11.149738 7.835688 5.370550 3.610279 2.403018 1.607316 1.103017 0.795491 0.614932 0.512796 0.457095 0.427788 0.412902 0.405597 0.402132 0.400542 0.399835 0.399531 0.399404 0.399353 0.399332 0.399324 0.399319 0.399314 0.399304 0.399281 0.399233 0.399132 0.398925 0.398518 0.397745 0.396330 0.393832 0.389588 0.382657 0.371790 0.355461 0.331980 0.299735 0.257531 0.204995 0.142933 0.073489 0.000000 
50.000000 41.859613 34.060851 26.902378 20.605920 15.297662 11.007074 7.680877 5.206711 3.439999 2.228325 1.429717 0.923579 0.614932 0.433717 0.331209 0.275306 0.245894 0.230954 0.223622 0.220145 0.218549 0.217840 0.217535 0.217407 0.217356 0.217335 0.217327 0.217323 0.217320 0.217314 0.217300 0.217272 0.217213 0.217093 0.216858 0.216414 0.215604 0.214182 0.211778 0.207874 0.201790 0.192705 0.179726 0.162015 0.138976 0.110454 0.076915 0.039512 0.000000 
50.000000 41.842752 34.027841 26.854547 20.545058 15.225820 10.926364 7.593297 5.114026 3.343672 2.129503 1.329253 0.822076 0.512796 0.331210 0.228493 0.172475 0.143003 0.128032 0.120686 0.117201 0.115602 0.114892 0.114586 0.114458 0.114407 0.114387 0.114379 0.114375 0.114373 0.114369 0.114362 0.114346 0.114313 0.114246 0.114116 0.113871 0.113426 0.112648 0.111338 0.109224 0.105945 0.101076 0.094158 0.084768 0.072615 0.057640 0.040096 0.020583 0.000000 
50.000000 41.833555 34.009834 26.828456 20.511861 15.186635 10.882342 7.545530 5.063475 3.291136 2.075608 1.274462 0.766719 0.457095 0.275306 0.172475 0.116396 0.086891 0.071904 0.064550 0.061061 0.059460 0.058749 0.058443 0.058315 0.058263 0.058243 0.058235 0.058232 0.058230 0.058228 0.058224 0.058216 0.058198 0.058162 0.058093 0.057963 0.057728 0.057318 0.056632 0.055528 0.053825 0.051308 0.047749 0.042940 0.036742 0.029134 0.020249 0.010389 0.000000 
50.000000 41.828715 34.000358 26.814726 20.494391 15.166015 10.859178 7.520395 5.036877 3.263494 2.047250 1.245635 0.737594 0.427788 0.245894 0.143003 0.086891 0.057368 0.042373 0.035014 0.031524 0.029922 0.029210 0.028904 0.028776 0.028725 0.028704 0.028696 0.028693 0.028692 0.028691 0.028689 0.028684 0.028675 0.028657 0.028621 0.028555 0.028435 0.028227 0.027881 0.027325 0.026472 0.025216 0.023446 0.021065 0.018008 0.014267 0.009909 0.005082 0.000000 
50.000000 41.826256 33.995544 26.807751 20.485516 15.155540 10.847410 7.507627 5.023365 3.249452 2.032846 1.230991 0.722800 0.412902 0.230954 0.128032 0.071904 0.042373 0.027373 0.020012 0.016521 0.014918 0.014207 0.013900 0.013772 0.013721 0.013700 0.013693 0.013690 0.013689 0.013688 0.013687 0.013684 0.013680 0.013671 0.013653 0.013621 0.013562 0.013460 0.013291 0.013021 0.012608 0.012002 0.011152 0.010011 0.008552 0.006770 0.004699 0.002409 0.000000 
50.000000 41.825050 33.993181 26.804327 20.481160 15.150398 10.841635 7.501361 5.016734 3.242562 2.025777 1.223806 0.715540 0.405597 0.223623 0.120686 0.064550 0.035015 0.020013 0.012651 0.009159 0.007556 0.006844 0.006538 0.006410 0.006358 0.006338 0.006330 0.006327 0.006326 0.006326 0.006325 0.006324 0.006322 0.006318 0.006309 0.006294 0.006266 0.006218 0.006138 0.006012 0.005818 0.005536 0.005140 0.004611 0.003936 0.003114 0.002161 0.001107 0.000000 
50.000000 41.824477 33.992060 26.802703 20.479094 15.147959 10.838895 7.498388 5.013589 3.239293 2.022424 1.220397 0.712096 0.402132 0.220145 0.117202 0.061062 0.031524 0.016521 0.009159 0.005667 0.004064 0.003352 0.003046 0.002918 0.002866 0.002846 0.002838 0.002835 0.002834 0.002834 0.002833 0.002833 0.002832 0.002830 0.002826 0.002819 0.002806 0.002784 0.002748 0.002690 0.002603 0.002475 0.002297 0.002060 0.001757 0.001389 0.000964 0.000494 0.000000 
50.000000 41.824214 33.991545 26.801958 20.478146 15.146840 10.837638 7.497024 5.012146 3.237793 2.020886 1.218834 0.710517 0.400543 0.218550 0.115604 0.059462 0.029923 0.014920 0.007558 0.004065 0.002462 0.001750 0.001444 0.001316 0.001264 0.001244 0.001236 0.001234 0.001232 0.001232 0.001232 0.001232 0.001231 0.001230 0.001229 0.001225 0.001220 0.001210 0.001194 0.001169 0.001130 0.001074 0.000997 0.000893 0.000762 0.000602 0.000417 0.000214 0.000000 
50.000000 41.824098 33.991318 26.801628 20.477726 15.146345 10.837082 7.496421 5.011507 3.237130 2.020205 1.218142 0.709817 0.399839 0.217844 0.114896 0.058753 0.029215 0.014211 0.006849 0.003356 0.001753 0.001041 0.000735 0.000607 0.000555 0.000535 0.000527 0.000524 0.000523 0.000523 0.000523 0.000523 0.000522 0.000522 0.000521 0.000520 0.000518 0.000513 0.000506 0.000496 0.000479 0.000455 0.000422 0.000378 0.000322 0.000255 0.000176 0.000090 0.000000 
50.000000 41.824049 33.991222 26.801489 20.477549 15.146136 10.836847 7.496166 5.011238 3.236850 2.019918 1.217850 0.709523 0.399543 0.217547 0.114598 0.058455 0.028916 0.013912 0.006550 0.003057 0.001455 0.000743 0.000436 0.000308 0.000257 0.000236 0.000229 0.000226 0.000225 0.000224 0.000224 0.000224 0.000224 0.000224 0.000224 0.000223 0.000222 0.000220 0.000217 0.000212 0.000205 0.000195 0.000181 0.000162 0.000138 0.000109 0.000075 0.000039 0.000000 
50.000000 41.824031 33.991187 26.801439 20.477485 15.146061 10.836763 7.496075 5.011141 3.236749 2.019815 1.217745 0.709417 0.399436 0.217440 0.114491 0.058348 0.028809 0.013805 0.006442 0.002950 0.001347 0.000635 0.000329 0.000201 0.000149 0.000129 0.000121 0.000118 0.000117 0.000117 0.000117 0.000117 0.000117 0.000116 0.000116 0.000116 0.000115 0.000114 0.000113 0.000110 0.000107 0.000101 0.000094 0.000084 0.000072 0.000057 0.000039 0.000020 0.000000 
50.000000 41.824031 33.991187 26.801439 20.477485 15.146061 10.836763 7.496075 5.011141 3.236749 2.019815 1.217745 0.709417 0.399436 0.217440 0.114491 0.058348 0.028809 0.013805 0.006442 0.002950 0.001347 0.000635 0.000329 0.000201 0.000149 0.000129 0.000121 0.000118 0.000117 0.000117 0.000117 0.000117 0.000117 0.000116 0.000116 0.000116 0.000115 0.000114 0.000113 0.000110 0.000107 0.000101 0.000094 0.000084 0.000072 0.000057 0.000039 0.000020 0.000000 
50.000000 41.824049 33.991222 26.801489 20.477549 15.146136 10.836847 7.496166 5.011238 3.236850 2.019918 1.217850 0.709523 0.399543 0.217547 0.114598 0.058455 0.028916 0.013912 0.006550 0.003057 0.001455 0.000743 0.000436 0.000308 0.000257 0.000236 0.000229 0.000226 0.000225 0.000224 0.000224 0.000224 0.000224 0.000224 0.000224 0.000223 0.000222 0.000220 0.000217 0.000212 0.000205 0.000195 0.000181 0.000162 0.000138 0.000109 0.000075 0.000039 0.000000 
50.000000 41.824098 33.991318 26.801628 20.477726 15.146345 10.837082 7.496421 5.011507 3.237130 2.020205 1.218142 0.709817 0.399839 0.217844 0.114896 0.058753 0.029215 0.014211 0.006849 0.003356 0.001753 0.001041 0.000735 0.000607 0.000555 0.000535 0.000527 0.000524 0.000523 0.000523 0.000523 0.000523 0.000522 0.000522 0.000521 0.000520 0.000518 0.000513 0.000506 0.000496 0.000479 0.000455 0.000422 0.000378 0.000322 0.000255 0.000176 0.000090 0.000000 
50.000000 41.824214 33.991545 26.801958 20.478146 15.146840 10.837638 7.497024 5.012146 3.237793 2.020886 1.218834 0.710517 0.400543 0.218550 0.115604 0.059462 0.029923 0.014920 0.007558 0.004065 0.002462 0.001750 0.001444 0.001316 0.001264 0.001244 0.001236 0.001234 0.001232 0.001232 0.001232 0.001232 0.001231 0.001230 0.001229 0.001225 0.001220 0.001210 0.001194 0.001169 0.001130 0.001074 0.000997 0.000893 0.000762 0.000602 0.000417 0.000214 0.000000 
50.000000 41.824477 33.992060 26.802703 20.479094 15.147959 10.838895 7.498388 5.013589 3.239293 2.022424 1.220397 0.712096 0.402132 0.220145 0.117202 0.061062 0.031524 0.016521 0.009159 0.005667 0.004064 0.003352 0.003046 0.002918 0.002866 0.002846 0.002838 0.002835 0.002834 0.002834 0.002833 0.002833 0.002832 0.002830 0.002826 0.002819 0.002806 0.002784 0.002748 0.002690 0.002603 0.002475 0.002297 0.002060 0.001757 0.001389 0.000964 0.000494 0.000000 
50.000000 41.825050 33.993181 26.804327 20.481160 15.150398 10.841635 7.501361 5.016734 3.242562 2.025777 1.223806 0.715540 0.405597 0.223623 0.120686 0.064550 0.035015 0.020013 0.012651 0.009159 0.007556 0.006844 0.006538 0.006410 0.006358 0.006338 0.006330 0.006327 0.006326 0.006326 0.006325 0.006324 0.006322 0.006318 0.006309 0.006294 0.006266 0.006218 0.006138 0.006012 0.005818 0.005536 0.005140 0.004611 0.003936 0.003114 0.002161 0.001107 0.000000 
50.000000 41.826256 33.995544 26.807751 20.485516 15.155540 10.847410 7.507627 5.023365 3.249452 2.032846 1.230991 0.722800 0.412902 0.230954 0.128032 0.071904 0.042373 0.027373 0.020012 0.016521 0.014918 0.014207 0.013900 0.013772 0.013721 0.013700 0.013693 0.013690 0.013689 0.013688 0.013687 0.013684 0.013680 0.013671 0.013653 0.013621 0.013562 0.013460 0.013291 0.013021 0.012608 0.012002 0.011152 0.010011 0.008552 0.006770 0.004699 0.002409 0.000000 
50.000000 41.828715 34.000358 26.814726 20.494391 15.166015 10.859178 7.520395 5.036877 3.263494 2.047250 1.245635 0.737594 0.427788 0.245894 0.143003 0.086891 0.057368 0.042373 0.035014 0.031524 0.029922 0.029210 0.028904 0.028776 0.028725 0.028704 0.028696 0.028693 0.028692 0.028691 0.028689 0.028684 0.028675 0.028657 0.028621 0.028555 0.028435 0.028227 0.027881 0.027325 0.026472 0.025216 0.023446 0.021065 0.018008 0.014267 0.009909 0.005082 0.000000 
50.000000 41.833555 34.009834 26.828456 20.511861 15.186635 10.882342 7.545530 5.063475 3.291136 2.075608 1.274462 0.766719 0.457095 0.275306 0.172475 0.116396 0.086891 0.071904 0.064550 0.061061 0.059460 0.058749 0.058443 0.058315 0.058263 0.058243 0.058235 0.058232 0.058230 0.058228 0.058224 0.058216 0.058198 0.058162 0.058093 0.057963 0.057728 0.057318 0.056632 0.055528 0.053825 0.051308 0.047749 0.042940 0.036742 0.029134 0.020249 0.010389 0.000000 
50.000000 41.842752 34.027841 26.854547 20.545058 15.225820 10.926364 7.593297 5.114026 3.343672 2.129503 1.329253 0.822076 0.512796 0.331210 0.228493 0.172475 0.143003 0.128032 0.120686 0.117201 0.115602 0.114892 0.114586 0.114458 0.114407 0.114387 0.114379 0.114375 0.114373 0.114369 0.114362 0.114346 0.114313 0.114246 0.114116 0.113871 0.113426 0.112648 0.111338 0.109224 0.105945 0.101076 0.094158 0.084768 0.072615 0.057640 0.040096 0.020583 0.000000 
50.000000 41.859613 34.060851 26.902378 20.605920 15.297662 11.007074 7.680877 5.206711 3.439999 2.228325 1.429717 0.923579 0.614932 0.433717 0.331209 0.275306 0.245894 0.230954 0.223622 0.220145 0.218549 0.217840 0.217535 0.217407 0.217356 0.217335 0.217327 0.217323 0.217320 0.217314 0.217300 0.217272 0.217213 0.217093 0.216858 0.216414 0.215604 0.214182 0.211778 0.207874 0.201790 0.192705 0.179726 0.162015 0.138976 0.110454 0.076915 0.039512 0.000000 
50.000000 41.889412 34.119197 26.986919 20.713495 15.424646 11.149738 7.835688 5.370550 3.610279 2.403018 1.607316 1.103017 0.795491 0.614932 0.512796 0.457095 0.427788 0.412902 0.405597 0.402132 0.400542 0.399835 0.399531 0.399404 0.399353 0.399332 0.399324 0.399319 0.399314 0.399304 0.399281 0.399233 0.399132 0.398925 0.398518 0.397745 0.396330 0.393832 0.389588 0.382657 0.371790 0.355461 0.331980 0.299735 0.257531 0.204995 0.142933 0.073489 0.000000 
50.000000 41.940157 34.218552 27.130885 20.896688 15.640897 11.392696 8.099338 5.649582 3.900287 2.700546 1.909796 1.408634 1.103017 0.923579 0.822076 0.766719 0.737594 0.722800 0.715540 0.712096 0.710515 0.709813 0.709511 0.709385 0.709334 0.709313 0.709304 0.709299 0.709291 0.709274 0.709238 0.709159 0.708991 0.708650 0.707975 0.706687 0.704317 0.700110 0.692920 0.681102 0.662446 0.634206 0.593294 0.536681 0.462036 0.368488 0.257343 0.132456 0.000000 
50.000000 42.023356 34.381452 27.366931 21.197055 15.995473 11.791071 8.531651 6.107126 4.375835 3.188435 2.405812 1.909796 1.607316 1.429717 1.329253 1.274462 1.245635 1.230991 1.223806 1.220397 1.218832 1.218137 1.217838 1.217713 1.217662 1.217642 1.217633 1.217625 1.217613 1.217588 1.217531 1.217407 1.217144 1.216605 1.215535 1.213484 1.209686 1.202906 1.191241 1.171928 1.141198 1.094288 1.025723 0.929985 0.802618 0.641658 0.449039 0.231445 0.000000 
50.000000 42.154609 34.638441 27.739317 21.670923 16.554874 12.419583 9.213721 6.829016 5.126146 3.958226 3.188435 2.700546 2.403018 2.228325 2.129503 2.075608 2.047250 2.032846 2.025777 2.022423 2.020884 2.020201 2.019906 2.019783 2.019733 2.019713 2.019703 2.019693 2.019676 2.019639 2.019555 2.019369 2.018976 2.018164 2.016547 2.013430 2.007626 1.997194 1.979113 1.948931 1.900475 1.825781 1.715462 1.559740 1.350295 1.082826 0.759800 0.392339 0.000000 
50.000000 42.353717 35.028292 28.304233 22.389799 17.403520 13.373095 10.248503 7.924230 6.264494 5.126146 4.375835 3.900287 3.610279 3.439999 3.343672 3.291136 3.263494 3.249452 3.242561 3.239292 3.237792 3.237125 3.236838 3.236719 3.236670 3.236649 3.236638 3.236626 3.236603 3.236550 3.236431 3.236169 3.235608 3.234448 3.232125 3.227623 3.219184 3.203908 3.177215 3.132247 3.059313 2.945612 2.775605 2.532466 2.201003 1.772083 1.247858 0.645967 0.000000 
50.000000 42.643990 35.596645 29.127816 23.437853 18.640786 14.763270 11.757191 9.521051 7.924230 6.829016 6.107126 5.649582 5.370550 5.206711 5.114026 5.063475 5.036877 5.023365 5.016734 5.013588 5.012145 5.011503 5.011227 5.011111 5.011064 5.011044 5.011032 5.011017 5.010986 5.010916 5.010757 5.010405 5.009650 5.008081 5.004921 4.998760 4.987136 4.965929 4.928542 4.864917 4.760525 4.595654 4.345541 3.982135 3.478345 2.815310 1.992082 1.034836 0.000000 
50.000000 43.050444 36.392486 30.281056 24.905429 20.373338 16.709971 13.869883 11.757191 10.248503 9.213721 8.531651 8.099338 7.835688 7.680877 7.593297 7.545530 7.520395 7.507627 7.501360 7.498388 7.497023 7.496417 7.496156 7.496046 7.496002 7.495982 7.495969 7.495951 7.495913 7.495825 7.495625 7.495180 7.494222 7.492221 7.488171 7.480227 7.465132 7.437364 7.387940 7.302891 7.161537 6.934941 6.585297 6.067476 5.334455 4.348388 3.097812 1.617478 0.000000 
50.000000 43.596805 37.462271 31.831277 26.878213 22.702344 19.326885 16.709971 14.763270 13.373095 12.419583 11.791071 11.392696 11.149738 11.007074 10.926364 10.882342 10.859178 10.847410 10.841635 10.838895 10.837637 10.837078 10.836838 10.836737 10.836695 10.836676 10.836663 10.836643 10.836598 10.836495 10.836258 10.835732 10.834594 10.832206 10.827347 10.817757 10.799402 10.765348 10.704121 10.597490 10.417728 10.124674 9.663442 8.964471 7.948819 6.542956 4.707244 2.477171 0.000000 
50.000000 44.301506 38.842094 33.830786 29.422776 25.706407 22.702344 20.373338 18.640786 17.403520 16.554874 15.995473 15.640897 15.424646 15.297662 15.225820 15.186635 15.166015 15.155540 15.150398 15.147959 15.146839 15.146342 15.146127 15.146038 15.146000 15.145983 15.145970 15.145948 15.145900 15.145787 15.145528 15.144950 15.143695 15.141052 15.135646 15.124911 15.104216 15.065489 14.995133 14.871054 14.658650 14.305862 13.737873 12.853204 11.525173 9.616661 7.021074 3.742301 0.000000 
50.000000 45.173277 40.549052 36.304364 32.570663 29.422776 26.878213 24.905429 23.437853 22.389799 21.670923 21.197055 20.896688 20.713495 20.605920 20.545058 20.511861 20.494391 20.485516 20.481160 20.479093 20.478145 20.477723 20.477542 20.477465 20.477434 20.477419 20.477406 20.477385 20.477337 20.477224 20.476965 20.476384 20.475118 20.472443 20.466944 20.455964 20.434652 20.394437 20.320628 20.188796 19.959507 19.570974 18.929394 17.897603 16.285332 13.851509 10.345228 5.638029 0.000000 
50.000000 46.207268 42.573649 39.238252 36.304364 33.830786 31.831277 30.281056 29.127816 28.304233 27.739317 27.366931 27.130885 26.986919 26.902378 26.854547 26.828456 26.814726 26.807751 26.804327 26.802703 26.801957 26.801626 26.801483 26.801423 26.801398 26.801386 26.801375 26.801357 26.801314 26.801213 26.800981 26.800460 26.799322 26.796907 26.791924 26.781924 26.762397 26.725273 26.656491 26.532151 26.312506 25.932668 25.288321 24.214125 22.452855 19.619126 15.187938 8.626807 0.000000 
50.000000 47.382757 44.875309 42.573649 40.549052 38.842094 37.462271 36.392486 35.596645 35.028292 34.638441 34.381452 34.218552 34.119197 34.060851 34.027841 34.009834 34.000358 33.995544 33.993181 33.992060 33.991545 33.991316 33.991218 33.991176 33.991159 33.991150 33.991143 33.991129 33.991096 33.991020 33.990845 33.990449 33.989585 33.987745 33.983936 33.976264 33.961209 33.932413 33.878641 33.780435 33.604563 33.294674 32.755027 31.821019 30.203824 27.385711 22.437655 13.822759 0.000000 
50.000000 48.663342 47.382757 46.207268 45.173277 44.301506 43.596805 43.050444 42.643990 42.353717 42.154609 42.023356 41.940157 41.889412 41.859613 41.842752 41.833555 41.828715 41.826256 41.825050 41.824477 41.824214 41.824097 41.824047 41.824026 41.824017 41.824012 41.824008 41.824001 41.823983 41.823942 41.823847 41.823634 41.823166 41.822169 41.820101 41.815923 41.807702 41.791911 41.762270 41.707750 41.609154 41.432966 41.119634 40.559205 39.535248 37.580461 33.559998 24.331671 0.000000 
50.000000 50.000000 50.000000 50.000000 50.000000 50.000000 50.000000 50.000000 50.000000 50.000000 50.000000 50.000000 50.000000 50.000000 50.000000 50.000000 50.000000 50.000000 50.000000 50.000000 50.000000 50.000000 50.000000 50.000000 50.000000 50.000000 50.000000 50.000000 50.000000 50.000000 50.000000 50.000000 50.000000 50.000000 50.000000 50.000000 50.000000 50.000000 50.000000 50.000000 50.000000 50.000000 50.000000 50.000000 50.000000 50.000000 50.000000 50.000000 50.000000 50.000000 
