50.000000 50.000000 50.000000 50.000000 50.000000 50.000000 50.000000 50.000000 50.000000 50.000000 50.000000 50.000000 50.000000 50.000000 50.000000 50.000000 50.000000 50.000000 50.000000 50.000000 50.000000 50.000000 50.000000 50.000000 50.000000 50.000000 50.000000 50.000000 50.000000 50.000000 50.000000 50.000000 50.000000 50.000000 50.000000 50.000000 50.000000 50.000000 50.000000 50.000000 50.000000 50.000000 50.000000 50.000000 50.000000 50.000000 50.000000 50.000000 50.000000 50.000000 
50.000000 48.846424 47.734619 46.701822 45.777023 44.978682 44.314141 43.780624 43.367400 43.058533 42.835662 42.680352 42.575790 42.507747 42.464932 42.438869 42.423512 42.414751 42.409908 42.407312 42.405964 42.405284 42.404951 42.404792 42.404718 42.404684 42.404665 42.404649 42.404624 42.404573 42.404464 42.404234 42.403759 42.402800 42.400910 42.397273 42.390432 42.377839 42.355128 42.314910 42.244808 42.124087 41.917641 41.564469 40.953563 39.868086 37.841199 33.739504 24.423212 0.000000 
50.000000 47.734619 45.551268 43.523075 41.706970 40.139202 38.834193 37.786490 36.975015 36.368476 35.930813 35.625826 35.420493 35.286877 35.202801 35.151620 35.121465 35.104260 35.094750 35.089654 35.087006 35.085670 35.085017 35.084705 35.084560 35.084493 35.084456 35.084426 35.084379 35.084283 35.084079 35.083649 35.082760 35.080970 35.077449 35.070686 35.057997 35.034712 34.992882 34.919194 34.791646 34.574113 34.207248 33.592586 32.563534 30.830505 27.876638 22.775634 13.995115 0.000000 
50.000000 46.701822 43.523075 40.570227 37.926164 35.643663 33.743717 32.218387 31.036983 30.153944 29.516771 29.072758 28.773828 28.579307 28.456909 28.382401 28.338502 28.313456 28.299611 28.292193 28.288338 28.286394 28.285442 28.284989 28.284778 28.284680 28.284628 28.284586 28.284522 28.284393 28.284119 28.283540 28.282350 28.279955 28.275258 28.266266 28.249458 28.218763 28.163952 28.068146 27.903994 27.627823 27.170684 26.424563 25.221424 23.303008 20.285113 15.646437 8.860623 0.000000 
50.000000 45.777023 41.706970 37.926164 34.540736 31.618259 29.185612 27.232625 25.720003 24.589405 23.773607 23.205126 22.822402 22.573358 22.416653 22.321263 22.265062 22.232997 22.215272 22.205776 22.200841 22.198352 22.197134 22.196554 22.196285 22.196159 22.196095 22.196044 22.195969 22.195821 22.195506 22.194846 22.193488 22.190766 22.185445 22.175298 22.156425 22.122168 22.061453 21.956324 21.778351 21.483555 21.005442 20.245929 19.064726 17.270368 14.623156 10.876465 5.908937 0.000000 
50.000000 44.978682 40.139202 35.643663 31.618259 28.143339 25.250860 22.928726 21.130208 19.785931 18.815962 18.140055 17.685013 17.388915 17.202606 17.089197 17.022379 16.984258 16.963187 16.951897 16.946031 16.943073 16.941625 16.940935 16.940615 16.940467 16.940392 16.940336 16.940257 16.940104 16.939780 16.939102 16.937712 16.934935 16.929527 16.919265 16.900285 16.866068 16.805929 16.702863 16.530598 16.249789 15.803464 15.112337 14.071670 12.553532 10.422239 7.575668 4.025119 0.000000 
50.000000 44.314141 38.834193 33.743717 29.185612 25.250860 21.975644 19.346263 17.309797 15.787686 14.689411 13.924106 13.408887 13.073635 12.862694 12.734292 12.658643 12.615485 12.591629 12.578848 12.572206 12.568858 12.567218 12.566438 12.566076 12.565910 12.565827 12.565768 12.565692 12.565545 12.565238 12.564597 12.563287 12.560680 12.555626 12.546085 12.528544 12.497151 12.442454 12.349694 12.196618 11.950925 11.567722 10.987822 10.138523 8.939683 7.319154 5.241608 2.749672 0.000000 
50.000000 43.780624 37.786490 32.218387 27.232625 22.928726 19.346263 16.470244 14.242776 12.577922 11.376667 10.539613 9.976098 9.609428 9.378720 9.238289 9.155555 9.108355 9.082266 9.068288 9.061025 9.057363 9.055571 9.054718 9.054323 9.054141 9.054053 9.053995 9.053925 9.053793 9.053521 9.052955 9.051804 9.049521 9.045115 9.036842 9.021728 8.994877 8.948498 8.870649 8.743736 8.542959 8.235122 7.778541 7.125262 6.227183 5.047703 3.579242 1.862984 0.000000 
50.000000 43.367400 36.975015 31.036983 25.720003 21.130208 17.309797 14.242776 11.867399 10.092015 8.811021 7.918416 7.317512 6.926518 6.680510 6.530769 6.442551 6.392223 6.364406 6.349502 6.341759 6.337855 6.335944 6.335035 6.334614 6.334421 6.334330 6.334274 6.334211 6.334100 6.333873 6.333403 6.332450 6.330568 6.326954 6.320203 6.307948 6.286332 6.249308 6.187767 6.088573 5.933700 5.699816 5.358872 4.880418 4.236447 3.409159 2.400902 1.243313 0.000000 
50.000000 43.058533 36.368476 30.153944 24.589405 19.785931 15.787686 12.577922 10.092015 8.234035 6.893461 5.959351 5.330514 4.921350 4.663914 4.507219 4.414905 4.362242 4.333134 4.317540 4.309438 4.305353 4.303353 4.302402 4.301962 4.301762 4.301668 4.301615 4.301562 4.301473 4.301293 4.300923 4.300175 4.298707 4.295899 4.290682 4.281270 4.264783 4.236768 4.190625 4.117018 4.003442 3.834186 3.591068 3.255333 2.811054 2.249951 1.576830 0.813725 0.000000 
50.000000 42.835662 35.930813 29.516771 23.773607 18.815962 14.689411 11.376667 8.811021 6.893461 5.509912 4.545867 3.896884 3.474618 3.208941 3.047233 2.951967 2.897620 2.867583 2.851491 2.843130 2.838914 2.836851 2.835870 2.835416 2.835210 2.835116 2.835066 2.835021 2.834952 2.834817 2.834540 2.833983 2.832892 2.830817 2.826982 2.820102 2.808130 2.787938 2.754956 2.702837 2.623254 2.506017 2.339717 2.113099 1.817284 1.448625 1.011619 0.520752 0.000000 
50.000000 42.680352 35.625826 29.072758 23.205126 18.140055 13.924106 10.539613 7.918416 5.959351 4.545867 3.560971 2.897959 2.466568 2.195154 2.029955 1.932634 1.877116 1.846432 1.829993 1.821452 1.817146 1.815039 1.814037 1.813573 1.813364 1.813269 1.813221 1.813185 1.813133 1.813035 1.812837 1.812441 1.811668 1.810204 1.807512 1.802708 1.794401 1.780485 1.757929 1.722583 1.669108 1.591115 1.481652 1.334126 1.143673 0.908806 0.632944 0.325225 0.000000 
50.000000 42.575790 35.420493 28.773828 22.822402 17.685013 13.408887 9.976098 7.317512 5.330514 3.896884 2.897959 2.225507 1.787978 1.512705 1.345158 1.246456 1.190149 1.159030 1.142358 1.133696 1.129330 1.127193 1.126177 1.125707 1.125495 1.125400 1.125355 1.125324 1.125287 1.125219 1.125083 1.124813 1.124289 1.123300 1.121490 1.118278 1.112754 1.103558 1.088754 1.065731 1.031180 0.981221 0.911735 0.818946 0.700234 0.555065 0.385780 0.197950 0.000000 
50.000000 42.507747 35.286877 28.579307 22.573358 17.388915 13.073635 9.609428 6.926518 4.921350 3.474618 2.466568 1.787978 1.346459 1.068676 0.899604 0.800003 0.743185 0.711782 0.694959 0.686219 0.681813 0.679656 0.678631 0.678157 0.677944 0.677849 0.677806 0.677780 0.677753 0.677707 0.677618 0.677442 0.677101 0.676460 0.675292 0.673229 0.669701 0.663860 0.654516 0.640080 0.618570 0.587699 0.545091 0.488630 0.416932 0.329850 0.228880 0.117316 0.000000 
50.000000 42.464932 35.202801 28.456909 22.416653 17.202606 12.862694 9.378720 6.680510 4.663914 3.208941 2.195154 1.512705 1.068676 0.789317 0.619285 0.519120 0.461980 0.430400 0.413482 0.404692 0.400261 0.398093 0.397062 0.396586 0.396371 0.396277 0.396234 0.396212 0.396192 0.396163 0.396106 0.395995 0.395782 0.395383 0.394658 0.393384 0.391215 0.387643 0.381960 0.373232 0.360307 0.341878 0.316609 0.283341 0.241355 0.190643 0.132115 0.067660 0.000000 
50.000000 42.438869 35.151620 28.382401 22.321263 17.089197 12.734292 9.238289 6.530769 4.507219 3.047233 2.029955 1.345158 0.899604 0.619285 0.448670 0.348162 0.290826 0.259139 0.242163 0.233343 0.228897 0.226721 0.225687 0.225209 0.224994 0.224900 0.224858 0.224838 0.224824 0.224805 0.224770 0.224703 0.224575 0.224335 0.223902 0.223144 0.221858 0.219751 0.216416 0.211320 0.203815 0.193174 0.178666 0.159670 0.135819 0.107143 0.074172 0.037959 0.000000 
50.000000 42.423512 35.121465 28.338502 22.265062 17.022380 12.658644 9.155555 6.442551 4.414905 2.951967 1.932634 1.246456 0.800003 0.519120 0.348162 0.247452 0.190001 0.158250 0.141241 0.132403 0.127948 0.125768 0.124732 0.124253 0.124038 0.123943 0.123902 0.123884 0.123873 0.123860 0.123840 0.123800 0.123726 0.123587 0.123338 0.122902 0.122167 0.120966 0.119075 0.116199 0.111983 0.106035 0.097963 0.087445 0.074296 0.058547 0.040495 0.020713 0.000000 
50.000000 42.414751 35.104260 28.313456 22.232997 16.984259 12.615485 9.108355 6.392223 4.362242 2.897620 1.877116 1.190150 0.743185 0.461980 0.290827 0.190001 0.132486 0.100698 0.083669 0.074822 0.070362 0.068179 0.067142 0.066663 0.066447 0.066353 0.066312 0.066295 0.066285 0.066277 0.066265 0.066243 0.066201 0.066124 0.065985 0.065743 0.065337 0.064676 0.063638 0.062067 0.059774 0.056552 0.052198 0.046547 0.039509 0.031106 0.021500 0.010992 0.000000 
50.000000 42.409908 35.094750 28.299611 22.215273 16.963187 12.591630 9.082266 6.364406 4.333135 2.867584 1.846432 1.159031 0.711783 0.430401 0.259139 0.158251 0.100699 0.068892 0.051852 0.042999 0.038536 0.036352 0.035314 0.034834 0.034619 0.034525 0.034485 0.034467 0.034459 0.034454 0.034447 0.034434 0.034412 0.034370 0.034295 0.034165 0.033948 0.033596 0.033045 0.032213 0.031004 0.029312 0.027033 0.024086 0.020427 0.016071 0.011101 0.005673 0.000000 
50.000000 42.407313 35.089654 28.292193 22.205776 16.951898 12.578849 9.068289 6.349504 4.317542 2.851492 1.829994 1.142360 0.694961 0.413484 0.242165 0.141242 0.083671 0.051853 0.034808 0.025952 0.021488 0.019303 0.018264 0.017785 0.017569 0.017475 0.017435 0.017418 0.017410 0.017406 0.017402 0.017395 0.017383 0.017362 0.017323 0.017255 0.017143 0.016961 0.016677 0.016250 0.015632 0.014770 0.013612 0.012119 0.010271 0.008075 0.005575 0.002848 0.000000 
50.000000 42.405964 35.087007 28.288340 22.200843 16.946033 12.572209 9.061029 6.341763 4.309442 2.843134 1.821456 1.133701 0.686223 0.404697 0.233348 0.132407 0.074826 0.043003 0.025954 0.017097 0.012632 0.010447 0.009408 0.008928 0.008713 0.008619 0.008579 0.008562 0.008555 0.008552 0.008549 0.008545 0.008539 0.008528 0.008508 0.008475 0.008418 0.008327 0.008185 0.007973 0.007666 0.007239 0.006668 0.005933 0.005025 0.003948 0.002725 0.001392 0.000000 
50.000000 42.405286 35.085674 28.286399 22.198359 16.943080 12.568866 9.057373 6.337864 4.305363 2.838925 1.817157 1.129340 0.681824 0.400272 0.228908 0.127959 0.070373 0.038547 0.021497 0.012639 0.008173 0.005988 0.004949 0.004469 0.004254 0.004160 0.004120 0.004103 0.004096 0.004093 0.004091 0.004089 0.004086 0.004081 0.004071 0.004055 0.004027 0.003983 0.003914 0.003811 0.003663 0.003457 0.003183 0.002830 0.002396 0.001882 0.001298 0.000663 0.000000 
50.000000 42.404955 35.085025 28.285455 22.197150 16.941643 12.567240 9.055594 6.335968 4.303379 2.836877 1.815065 1.127220 0.679684 0.398120 0.226749 0.125795 0.068207 0.036379 0.019329 0.010470 0.006005 0.003819 0.002780 0.002300 0.002085 0.001991 0.001951 0.001934 0.001927 0.001925 0.001923 0.001922 0.001920 0.001918 0.001913 0.001905 0.001892 0.001871 0.001838 0.001789 0.001719 0.001622 0.001492 0.001326 0.001122 0.000881 0.000608 0.000310 0.000000 
50.000000 42.404803 35.084726 28.285020 22.196593 16.940982 12.566490 9.054775 6.335095 4.302465 2.835935 1.814102 1.126243 0.678698 0.397129 0.225754 0.124799 0.067209 0.035381 0.018330 0.009472 0.005006 0.002820 0.001781 0.001302 0.001086 0.000992 0.000952 0.000935 0.000929 0.000926 0.000925 0.000924 0.000923 0.000922 0.000919 0.000916 0.000909 0.000899 0.000883 0.000859 0.000825 0.000778 0.000716 0.000636 0.000538 0.000422 0.000291 0.000149 0.000000 
50.000000 42.404744 35.084611 28.284852 22.196378 16.940726 12.566201 9.054458 6.334758 4.302112 2.835570 1.813730 1.125866 0.678317 0.396746 0.225370 0.124414 0.066824 0.034995 0.017945 0.009086 0.004620 0.002435 0.001396 0.000916 0.000700 0.000606 0.000566 0.000550 0.000543 0.000540 0.000539 0.000539 0.000538 0.000537 0.000536 0.000533 0.000530 0.000524 0.000514 0.000500 0.000480 0.000453 0.000416 0.000370 0.000313 0.000245 0.000169 0.000086 0.000000 
50.000000 42.404744 35.084611 28.284852 22.196378 16.940726 12.566201 9.054458 6.334758 4.302112 2.835570 1.813730 1.125866 0.678317 0.396746 0.225370 0.124414 0.066824 0.034995 0.017945 0.009086 0.004620 0.002435 0.001396 0.000916 0.000700 0.000606 0.000566 0.000550 0.000543 0.000540 0.000539 0.000539 0.000538 0.000537 0.000536 0.000533 0.000530 0.000524 0.000514 0.000500 0.000480 0.000453 0.000416 0.000370 0.000313 0.000245 0.000169 0.000086 0.000000 
50.000000 42.404803 35.084726 28.285020 22.196593 16.940982 12.566490 9.054775 6.335095 4.302465 2.835935 1.814102 1.126243 0.678698 0.397129 0.225754 0.124799 0.067209 0.035381 0.018330 0.009472 0.005006 0.002820 0.001781 0.001302 0.001086 0.000992 0.000952 0.000935 0.000929 0.000926 0.000925 0.000924 0.000923 0.000922 0.000919 0.000916 0.000909 0.000899 0.000883 0.000859 0.000825 0.000778 0.000716 0.000636 0.000538 0.000422 0.000291 0.000149 0.000000 
50.000000 42.404955 35.085025 28.285455 22.197150 16.941643 12.567240 9.055594 6.335968 4.303379 2.836877 1.815065 1.127220 0.679684 0.398120 0.226749 0.125795 0.068207 0.036379 0.019329 0.010470 0.006005 0.003819 0.002780 0.002300 0.002085 0.001991 0.001951 0.001934 0.001927 0.001925 0.001923 0.001922 0.001920 0.001918 0.001913 0.001905 0.001892 0.001871 0.001838 0.001789 0.001719 0.001622 0.001492 0.001326 0.001122 0.000881 0.000608 0.000310 0.000000 
50.000000 42.405286 35.085674 28.286399 22.198359 16.943080 12.568866 9.057373 6.337864 4.305363 2.838925 1.817157 1.129340 0.681824 0.400272 0.228908 0.127959 0.070373 0.038547 0.021497 0.012639 0.008173 0.005988 0.004949 0.004469 0.004254 0.004160 0.004120 0.004103 0.004096 0.004093 0.004091 0.004089 0.004086 0.004081 0.004071 0.004055 0.004027 0.003983 0.003914 0.003811 0.003663 0.003457 0.003183 0.002830 0.002396 0.001882 0.001298 0.000663 0.000000 
50.000000 42.405964 35.087007 28.288340 22.200843 16.946033 12.572209 9.061029 6.341763 4.309442 2.843134 1.821456 1.133701 0.686223 0.404697 0.233348 0.132407 0.074826 0.043003 0.025954 0.017097 0.012632 0.010447 0.009408 0.008928 0.008713 0.008619 0.008579 0.008562 0.008555 0.008552 0.008549 0.008545 0.008539 0.008528 0.008508 0.008475 0.008418 0.008327 0.008185 0.007973 0.007666 0.007239 0.006668 0.005933 0.005025 0.003948 0.002725 0.001392 0.000000 
50.000000 42.407313 35.089654 28.292193 22.205776 16.951898 12.578849 9.068289 6.349504 4.317542 2.851492 1.829994 1.142360 0.694961 0.413484 0.242165 0.141242 0.083671 0.051853 0.034808 0.025952 0.021488 0.019303 0.018264 0.017785 0.017569 0.017475 0.017435 0.017418 0.017410 0.017406 0.017402 0.017395 0.017383 0.017362 0.017323 0.017255 0.017143 0.016961 0.016677 0.016250 0.015632 0.014770 0.013612 0.012119 0.010271 0.008075 0.005575 0.002848 0.000000 
50.000000 42.409908 35.094750 28.299611 22.215273 16.963187 12.591630 9.082266 6.364406 4.333135 2.867584 1.846432 1.159031 0.711783 0.430401 0.259139 0.158251 0.100699 0.068892 0.051852 0.042999 0.038536 0.036352 0.035314 0.034834 0.034619 0.034525 0.034485 0.034467 0.034459 0.034454 0.034447 0.034434 0.034412 0.034370 0.034295 0.034165 0.033948 0.033596 0.033045 0.032213 0.031004 0.029312 0.027033 0.024086 0.020427 0.016071 0.011101 0.005673 0.000000 
50.000000 42.414751 35.104260 28.313456 22.232997 16.984259 12.615485 9.108355 6.392223 4.362242 2.897620 1.877116 1.190150 0.743185 0.461980 0.290827 0.190001 0.132486 0.100698 0.083669 0.074822 0.070362 0.068179 0.067142 0.066663 0.066447 0.066353 0.066312 0.066295 0.066285 0.066277 0.066265 0.066243 0.066201 0.066124 0.065985 0.065743 0.065337 0.064676 0.063638 0.062067 0.059774 0.056552 0.052198 0.046547 0.039509 0.031106 0.021500 0.010992 0.000000 
50.000000 42.423512 35.121465 28.338502 22.265062 17.022380 12.658644 9.155555 6.442551 4.414905 2.951967 1.932634 1.246456 0.800003 0.519120 0.348162 0.247452 0.190001 0.158250 0.141241 0.132403 0.127948 0.125768 0.124732 0.124253 0.124038 0.123943 0.123902 0.123884 0.123873 0.123860 0.123840 0.123800 0.123726 0.123587 0.123338 0.122902 0.122167 0.120966 0.119075 0.116199 0.111983 0.106035 0.097963 0.087445 0.074296 0.058547 0.040495 0.020713 0.000000 
50.000000 42.438869 35.151620 28.382401 22.321263 17.089197 12.734292 9.238289 6.530769 4.507219 3.047233 2.029955 1.345158 0.899604 0.619285 0.448670 0.348162 0.290826 0.259139 0.242163 0.233343 0.228897 0.226721 0.225687 0.225209 0.224994 0.224900 0.224858 0.224838 0.224824 0.224805 0.224770 0.224703 0.224575 0.224335 0.223902 0.223144 0.221858 0.219751 0.216416 0.211320 0.203815 0.193174 0.178666 0.159670 0.135819 0.107143 0.074172 0.037959 0.000000 
50.000000 42.464932 35.202801 28.456909 22.416653 17.202606 12.862694 9.378720 6.680510 4.663914 3.208941 2.195154 1.512705 1.068676 0.789317 0.619285 0.519120 0.461980 0.430400 0.413482 0.404692 0.400261 0.398093 0.397062 0.396586 0.396371 0.396277 0.396234 0.396212 0.396192 0.396163 0.396106 0.395995 0.395782 0.395383 0.394658 0.393384 0.391215 0.387643 0.381960 0.373232 0.360307 0.341878 0.316609 0.283341 0.241355 0.190643 0.132115 0.067660 0.000000 
50.000000 42.507747 35.286877 28.579307 22.573358 17.388915 13.073635 9.609428 6.926518 4.921350 3.474618 2.466568 1.787978 1.346459 1.068676 0.899604 0.800003 0.743185 0.711782 0.694959 0.686219 0.681813 0.679656 0.678631 0.678157 0.677944 0.677849 0.677806 0.677780 0.677753 0.677707 0.677618 0.677442 0.677101 0.676460 0.675292 0.673229 0.669701 0.663860 0.654516 0.640080 0.618570 0.587699 0.545091 0.488630 0.416932 0.329850 0.228880 0.117316 0.000000 
50.000000 42.575790 35.420493 28.773828 22.822402 17.685013 13.408887 9.976098 7.317512 5.330514 3.896884 2.897959 2.225507 1.787978 1.512705 1.345158 1.246456 1.190149 1.159030 1.142358 1.133696 1.129330 1.127193 1.126177 1.125707 1.125495 1.125400 1.125355 1.125324 1.125287 1.125219 1.125083 1.124813 1.124289 1.123300 1.121490 1.118278 1.112754 1.103558 1.088754 1.065731 1.031180 0.981221 0.911735 0.818946 0.700234 0.555065 0.385780 0.197950 0.000000 
50.000000 42.680352 35.625826 29.072758 23.205126 18.140055 13.924106 10.539613 7.918416 5.959351 4.545867 3.560971 2.897959 2.466568 2.195154 2.029955 1.932634 1.877116 1.846432 1.829993 1.821452 1.817146 1.815039 1.814037 1.813573 1.813364 1.813269 1.813221 1.813185 1.813133 1.813035 1.812837 1.812441 1.811668 1.810204 1.807512 1.802708 1.794401 1.780485 1.757929 1.722583 1.669108 1.591115 1.481652 1.334126 1.143673 0.908806 0.632944 0.325225 0.000000 
50.000000 42.835662 35.930813 29.516771 23.773607 18.815962 14.689411 11.376667 8.811021 6.893461 5.509912 4.545867 3.896884 3.474618 3.208941 3.047233 2.951967 2.897620 2.867583 2.851491 2.843130 2.838914 2.836851 2.835870 2.835416 2.835210 2.835116 2.835066 2.835021 2.834952 2.834817 2.834540 2.833983 2.832892 2.830817 2.826982 2.820102 2.808130 2.787938 2.754956 2.702837 2.623254 2.506017 2.339717 2.113099 1.817284 1.448625 1.011619 0.520752 0.000000 
50.000000 43.058533 36.368476 30.153944 24.589405 19.785931 15.787686 12.577922 10.092015 8.234035 6.893461 5.959351 5.330514 4.921350 4.663914 4.507219 4.414905 4.362242 4.333134 4.317540 4.309438 4.305353 4.303353 4.302402 4.301962 4.301762 4.301668 4.301615 4.301562 4.301473 4.301293 4.300923 4.300175 4.298707 4.295899 4.290682 4.281270 4.264783 4.236768 4.190625 4.117018 4.003442 3.834186 3.591068 3.255333 2.811054 2.249951 1.576830 0.813725 0.000000 
50.000000 43.367400 36.975015 31.036983 25.720003 21.130208 17.309797 14.242776 11.867399 10.092015 8.811021 7.918416 7.317512 6.926518 6.680510 6.530769 6.442551 6.392223 6.364406 6.349502 6.341759 6.337855 6.335944 6.335035 6.334614 6.334421 6.334330 6.334274 6.334211 6.334100 6.333873 6.333403 6.332450 6.330568 6.326954 6.320203 6.307948 6.286332 6.249308 6.187767 6.088573 5.933700 5.699816 5.358872 4.880418 4.236447 3.409159 2.400902 1.243313 0.000000 
50.000000 43.780624 37.786490 32.218387 27.232625 22.928726 19.346263 16.470244 14.242776 12.577922 11.376667 10.539613 9.976098 9.609428 9.378720 9.238289 9.155555 9.108355 9.082266 9.068288 9.061025 9.057363 9.055571 9.054718 9.054323 9.054141 9.054053 9.053995 9.053925 9.053793 9.053521 9.052955 9.051804 9.049521 9.045115 9.036842 9.021728 8.994877 8.948498 8.870649 8.743736 8.542959 8.235122 7.778541 7.125262 6.227183 5.047703 3.579242 1.862984 0.000000 
50.000000 44.314141 38.834193 33.743717 29.185612 25.250860 21.975644 19.346263 17.309797 15.787686 14.689411 13.924106 13.408887 13.073635 12.862694 12.734292 12.658643 12.615485 12.591629 12.578848 12.572206 12.568858 12.567218 12.566438 12.566076 12.565910 12.565827 12.565768 12.565692 12.565545 12.565238 12.564597 12.563287 12.560680 12.555626 12.546085 12.528544 12.497151 12.442454 12.349694 12.196618 11.950925 11.567722 10.987822 10.138523 8.939683 7.319154 5.241608 2.749672 0.000000 
50.000000 44.978682 40.139202 35.643663 31.618259 28.143339 25.250860 22.928726 21.130208 19.785931 18.815962 18.140055 17.685013 17.388915 17.202606 17.089197 17.022379 16.984258 16.963187 16.951897 16.946031 16.943073 16.941625 16.940935 16.940615 16.940467 16.940392 16.940336 16.940257 16.940104 16.939780 16.939102 16.937712 16.934935 16.929527 16.919265 16.900285 16.866068 16.805929 16.702863 16.530598 16.249789 15.803464 15.112337 14.071670 12.553532 10.422239 7.575668 4.025119 0.000000 
50.000000 45.777023 41.706970 37.926164 34.540736 31.618259 29.185612 27.232625 25.720003 24.589405 23.773607 23.205126 22.822402 22.573358 22.416653 22.321263 22.265062 22.232997 22.215272 22.205776 22.200841 22.198352 22.197134 22.196554 22.196285 22.196159 22.196095 22.196044 22.195969 22.195821 22.195506 22.194846 22.193488 22.190766 22.185445 22.175298 22.156425 22.122168 22.061453 21.956324 21.778351 21.483555 21.005442 20.245929 19.064726 17.270368 14.623156 10.876465 5.908937 0.000000 
50.000000 46.701822 43.523075 40.570227 37.926164 35.643663 33.743717 32.218387 31.036983 30.153944 29.516771 29.072758 28.773828 28.579307 28.456909 28.382401 28.338502 28.313456 28.299611 28.292193 28.288338 28.286394 28.285442 28.284989 28.284778 28.284680 28.284628 28.284586 28.284522 28.284393 28.284119 28.283540 28.282350 28.279955 28.275258 28.266266 28.249458 28.218763 28.163952 28.068146 27.903994 27.627823 27.170684 26.424563 25.221424 23.303008 20.285113 15.646437 8.860623 0.000000 
50.000000 47.734619 45.551268 43.523075 41.706970 40.139202 38.834193 37.786490 36.975015 36.368476 35.930813 35.625826 35.420493 35.286877 35.202801 35.151620 35.121465 35.104260 35.094750 35.089654 35.087006 35.085670 35.085017 35.084705 35.084560 35.084493 35.084456 35.084426 35.084379 35.084283 35.084079 35.083649 35.082760 35.080970 35.077449 35.070686 35.057997 35.034712 34.992882 34.919194 34.791646 34.574113 34.207248 33.592586 32.563534 30.830505 27.876638 22.775634 13.995115 0.000000 
50.000000 48.846424 47.734619 46.701822 45.777023 44.978682 44.314141 43.780624 43.367400 43.058533 42.835662 42.680352 42.575790 42.507747 42.464932 42.438869 42.423512 42.414751 42.409908 42.407312 42.405964 42.405284 42.404951 42.404792 42.404718 42.404684 42.404665 42.404649 42.404624 42.404573 42.404464 42.404234 42.403759 42.402800 42.400910 42.397273 42.390432 42.377839 42.355128 42.314910 42.244808 42.124087 41.917641 41.564469 40.953563 39.868086 37.841199 33.739504 24.423212 0.000000 
50.000000 50.000000 50.000000 50.000000 50.000000 50.000000 50.000000 50.000000 50.000000 50.000000 50.000000 50.000000 50.000000 50.000000 50.000000 50.000000 50.000000 50.000000 50.000000 50.000000 50.000000 50.000000 50.000000 50.000000 50.000000 50.000000 50.000000 50.000000 50.000000 50.000000 50.000000 50.000000 50.000000 50.000000 50.000000 50.000000 50.000000 50.000000 50.000000 50.000000 50.000000 50.000000 50.000000 50.000000 50.000000 50.000000 50.000000 50.000000 50.000000 50.000000 
