50.000000 50.000000 50.000000 50.000000 50.000000 50.000000 50.000000 50.000000 50.000000 50.000000 50.000000 50.000000 50.000000 50.000000 50.000000 50.000000 50.000000 50.000000 50.000000 50.000000 50.000000 50.000000 50.000000 50.000000 50.000000 50.000000 50.000000 50.000000 50.000000 50.000000 50.000000 50.000000 50.000000 50.000000 50.000000 50.000000 50.000000 50.000000 50.000000 50.000000 50.000000 50.000000 50.000000 50.000000 50.000000 50.000000 50.000000 50.000000 50.000000 50.000000 
50.000000 47.500994 45.197752 43.240143 41.704139 40.589841 39.841027 39.373886 39.102714 38.955878 38.881527 38.846233 38.830488 38.823872 38.821246 38.820261 38.819910 38.819791 38.819753 38.819741 38.819738 38.819737 38.819737 38.819737 38.819737 38.819737 38.819737 38.819737 38.819737 38.819737 38.819736 38.819736 38.819734 38.819726 38.819703 38.819628 38.819404 38.818761 38.816992 38.812336 38.800603 38.772236 38.706240 38.557701 38.231504 37.523102 35.970210 32.432588 23.750497 0.000000 
50.000000 45.197752 40.771718 37.009912 34.058320 31.917124 30.478266 29.580671 29.059641 28.777521 28.634673 28.566867 28.536619 28.523909 28.518866 28.516973 28.516299 28.516071 28.515998 28.515975 28.515969 28.515967 28.515967 28.515966 28.515966 28.515966 28.515966 28.515966 28.515966 28.515966 28.515966 28.515965 28.515961 28.515949 28.515908 28.515779 28.515394 28.514291 28.511271 28.503369 28.483603 28.436315 28.327922 28.089272 27.582657 26.540736 24.454777 20.385859 12.765164 0.000000 
50.000000 43.240143 37.009912 31.714753 27.560158 24.546350 22.521181 21.257886 20.524612 20.127591 19.926576 19.831164 19.788606 19.770724 19.763629 19.760966 19.760018 19.759698 19.759595 19.759563 19.759554 19.759551 19.759550 19.759550 19.759550 19.759550 19.759550 19.759550 19.759550 19.759550 19.759550 19.759549 19.759544 19.759529 19.759481 19.759330 19.758879 19.757594 19.754097 19.745020 19.722553 19.669542 19.550293 19.294483 18.771059 17.750063 15.857376 12.555134 7.269933 0.000000 
50.000000 41.704139 34.058320 27.560158 22.461828 18.763553 16.278558 14.728505 13.828836 13.341755 13.095157 12.978120 12.925919 12.903987 12.895287 12.892021 12.890859 12.890466 12.890339 12.890300 12.890289 12.890286 12.890285 12.890285 12.890285 12.890285 12.890285 12.890285 12.890285 12.890285 12.890284 12.890283 12.890279 12.890265 12.890218 12.890074 12.889647 12.888435 12.885161 12.876741 12.856141 12.808259 12.702628 12.481771 12.045008 11.230914 9.810095 7.517585 4.181037 0.000000 
50.000000 40.589841 31.917124 24.546350 18.763553 14.568932 11.750557 9.992647 8.972397 8.420070 8.140461 8.007765 7.948586 7.923724 7.913862 7.910161 7.908844 7.908399 7.908255 7.908211 7.908198 7.908195 7.908194 7.908194 7.908194 7.908194 7.908194 7.908194 7.908193 7.908193 7.908193 7.908192 7.908189 7.908177 7.908139 7.908021 7.907673 7.906692 7.904062 7.897363 7.881165 7.844062 7.763711 7.599587 7.284466 6.718544 5.775291 4.334467 2.358336 0.000000 
50.000000 39.841027 30.478266 22.521181 16.278558 11.750557 8.708313 6.810863 5.709689 5.113589 4.811841 4.668649 4.604793 4.577968 4.567329 4.563337 4.561916 4.561436 4.561281 4.561234 4.561220 4.561216 4.561215 4.561214 4.561214 4.561214 4.561214 4.561214 4.561214 4.561214 4.561214 4.561213 4.561211 4.561202 4.561175 4.561089 4.560839 4.560137 4.558271 4.553560 4.542296 4.516845 4.462640 4.354156 4.150970 3.796787 3.226698 2.388994 1.283326 0.000000 
50.000000 39.373886 29.580671 21.257886 14.728505 9.992647 6.810863 4.826464 3.674884 3.051530 2.736002 2.586281 2.519517 2.491473 2.480351 2.476178 2.474693 2.474191 2.474029 2.473980 2.473965 2.473961 2.473960 2.473960 2.473959 2.473959 2.473959 2.473959 2.473959 2.473959 2.473959 2.473959 2.473957 2.473952 2.473933 2.473878 2.473716 2.473265 2.472073 2.469091 2.462035 2.446286 2.413232 2.348223 2.228937 2.025878 1.707594 1.252749 0.667646 0.000000 
50.000000 39.102714 29.059641 20.524612 13.828836 8.972397 5.709689 3.674884 2.494093 1.854953 1.531448 1.377948 1.309503 1.280754 1.269353 1.265075 1.263553 1.263039 1.262873 1.262822 1.262807 1.262803 1.262802 1.262802 1.262802 1.262802 1.262802 1.262802 1.262802 1.262802 1.262802 1.262801 1.262800 1.262797 1.262786 1.262753 1.262658 1.262394 1.261701 1.259981 1.255949 1.247047 1.228598 1.192844 1.128335 1.020577 0.855070 0.623326 0.330478 0.000000 
50.000000 38.955878 28.777521 20.127591 13.341755 8.420070 5.113589 3.051530 1.854953 1.207284 0.879473 0.723935 0.654583 0.625454 0.613903 0.609568 0.608026 0.607505 0.607337 0.607286 0.607271 0.607267 0.607265 0.607265 0.607265 0.607265 0.607265 0.607265 0.607265 0.607265 0.607265 0.607265 0.607264 0.607262 0.607257 0.607239 0.607187 0.607045 0.606675 0.605763 0.603642 0.599004 0.589495 0.571293 0.538905 0.485613 0.405038 0.293918 0.155276 0.000000 
50.000000 38.881527 28.634673 19.926576 13.095157 8.140461 4.811841 2.736002 1.531448 0.879473 0.549488 0.392921 0.323112 0.293792 0.282165 0.277803 0.276250 0.275726 0.275557 0.275505 0.275490 0.275486 0.275485 0.275484 0.275484 0.275484 0.275484 0.275484 0.275484 0.275484 0.275484 0.275484 0.275484 0.275483 0.275480 0.275471 0.275445 0.275375 0.275192 0.274744 0.273710 0.271467 0.266911 0.258281 0.243098 0.218416 0.181555 0.131305 0.069191 0.000000 
50.000000 38.846233 28.566867 19.831164 12.978120 8.007765 4.668649 2.586281 1.377948 0.723935 0.392921 0.235868 0.165843 0.136432 0.124770 0.120394 0.118837 0.118311 0.118142 0.118090 0.118075 0.118070 0.118069 0.118069 0.118069 0.118069 0.118069 0.118069 0.118069 0.118069 0.118069 0.118069 0.118069 0.118068 0.118067 0.118063 0.118051 0.118018 0.117934 0.117729 0.117259 0.116247 0.114208 0.110378 0.103703 0.092958 0.077067 0.055595 0.029241 0.000000 
50.000000 38.830488 28.536619 19.788606 12.925919 7.948586 4.604793 2.519517 1.309503 0.654583 0.323112 0.165843 0.095722 0.066271 0.054593 0.050211 0.048652 0.048125 0.047956 0.047904 0.047889 0.047884 0.047883 0.047883 0.047883 0.047883 0.047883 0.047883 0.047883 0.047883 0.047883 0.047883 0.047883 0.047883 0.047882 0.047880 0.047875 0.047861 0.047825 0.047737 0.047537 0.047109 0.046253 0.044656 0.041894 0.037484 0.031012 0.022328 0.011727 0.000000 
50.000000 38.823872 28.523909 19.770724 12.903987 7.923724 4.577968 2.491473 1.280754 0.625454 0.293792 0.136432 0.066271 0.036804 0.025119 0.020735 0.019175 0.018648 0.018478 0.018426 0.018411 0.018407 0.018406 0.018405 0.018405 0.018405 0.018405 0.018405 0.018405 0.018405 0.018405 0.018405 0.018405 0.018405 0.018405 0.018404 0.018402 0.018396 0.018382 0.018346 0.018266 0.018096 0.017757 0.017130 0.016051 0.014340 0.011844 0.008515 0.004467 0.000000 
50.000000 38.821246 28.518866 19.763629 12.895287 7.913862 4.567329 2.480351 1.269353 0.613903 0.282165 0.124770 0.054593 0.025119 0.013432 0.009046 0.007486 0.006959 0.006789 0.006737 0.006722 0.006718 0.006717 0.006716 0.006716 0.006716 0.006716 0.006716 0.006716 0.006716 0.006716 0.006716 0.006716 0.006716 0.006716 0.006716 0.006715 0.006713 0.006707 0.006694 0.006664 0.006600 0.006473 0.006240 0.005841 0.005212 0.004299 0.003087 0.001618 0.000000 
50.000000 38.820261 28.516973 19.760966 12.892021 7.910161 4.563337 2.476178 1.265075 0.609568 0.277803 0.120394 0.050211 0.020735 0.009046 0.004661 0.003101 0.002573 0.002404 0.002352 0.002336 0.002332 0.002331 0.002331 0.002330 0.002330 0.002330 0.002330 0.002330 0.002330 0.002330 0.002330 0.002330 0.002330 0.002330 0.002330 0.002330 0.002329 0.002327 0.002322 0.002312 0.002289 0.002244 0.002162 0.002022 0.001803 0.001485 0.001065 0.000558 0.000000 
50.000000 38.819910 28.516299 19.760018 12.890859 7.908844 4.561916 2.474693 1.263553 0.608026 0.276250 0.118837 0.048652 0.019175 0.007486 0.003101 0.001540 0.001013 0.000843 0.000791 0.000776 0.000772 0.000771 0.000770 0.000770 0.000770 0.000770 0.000770 0.000770 0.000770 0.000770 0.000770 0.000770 0.000770 0.000770 0.000770 0.000770 0.000770 0.000769 0.000767 0.000764 0.000756 0.000741 0.000714 0.000667 0.000594 0.000489 0.000351 0.000184 0.000000 
50.000000 38.819791 28.516071 19.759698 12.890466 7.908399 4.561436 2.474191 1.263039 0.607505 0.275726 0.118311 0.048125 0.018648 0.006959 0.002573 0.001013 0.000486 0.000316 0.000264 0.000249 0.000244 0.000243 0.000243 0.000243 0.000243 0.000243 0.000243 0.000243 0.000243 0.000243 0.000243 0.000243 0.000243 0.000243 0.000243 0.000243 0.000243 0.000242 0.000242 0.000241 0.000238 0.000233 0.000225 0.000210 0.000187 0.000154 0.000110 0.000058 0.000000 
50.000000 38.819753 28.515998 19.759595 12.890339 7.908255 4.561281 2.474029 1.262873 0.607337 0.275557 0.118142 0.047956 0.018478 0.006789 0.002404 0.000843 0.000316 0.000146 0.000094 0.000079 0.000075 0.000074 0.000073 0.000073 0.000073 0.000073 0.000073 0.000073 0.000073 0.000073 0.000073 0.000073 0.000073 0.000073 0.000073 0.000073 0.000073 0.000073 0.000073 0.000072 0.000072 0.000070 0.000068 0.000063 0.000056 0.000046 0.000033 0.000017 0.000000 
50.000000 38.819741 28.515975 19.759563 12.890300 7.908211 4.561234 2.473980 1.262822 0.607286 0.275505 0.118090 0.047904 0.018426 0.006737 0.002352 0.000791 0.000264 0.000094 0.000042 0.000027 0.000023 0.000021 0.000021 0.000021 0.000021 0.000021 0.000021 0.000021 0.000021 0.000021 0.000021 0.000021 0.000021 0.000021 0.000021 0.000021 0.000021 0.000021 0.000021 0.000021 0.000021 0.000020 0.000019 0.000018 0.000016 0.000013 0.000009 0.000005 0.000000 
50.000000 38.819738 28.515969 19.759554 12.890289 7.908198 4.561220 2.473965 1.262807 0.607271 0.275490 0.118075 0.047889 0.018411 0.006722 0.002336 0.000776 0.000249 0.000079 0.000027 0.000012 0.000007 0.000006 0.000006 0.000006 0.000006 0.000006 0.000006 0.000006 0.000006 0.000006 0.000006 0.000006 0.000006 0.000006 0.000006 0.000006 0.000006 0.000006 0.000006 0.000006 0.000006 0.000006 0.000005 0.000005 0.000004 0.000004 0.000003 0.000001 0.000000 
50.000000 38.819737 28.515967 19.759551 12.890286 7.908195 4.561216 2.473961 1.262803 0.607267 0.275486 0.118070 0.047884 0.018407 0.006718 0.002332 0.000772 0.000244 0.000075 0.000023 0.000007 0.000003 0.000002 0.000002 0.000002 0.000002 0.000002 0.000002 0.000002 0.000002 0.000002 0.000002 0.000002 0.000002 0.000002 0.000002 0.000002 0.000002 0.000002 0.000002 0.000002 0.000002 0.000001 0.000001 0.000001 0.000001 0.000001 0.000001 0.000000 0.000000 
50.000000 38.819737 28.515967 19.759550 12.890285 7.908194 4.561215 2.473960 1.262802 0.607265 0.275485 0.118069 0.047883 0.018406 0.006717 0.002331 0.000771 0.000243 0.000074 0.000021 0.000006 0.000002 0.000001 0.000000 0.000000 0.000000 0.000000 0.000000 0.000000 0.000000 0.000000 0.000000 0.000000 0.000000 0.000000 0.000000 0.000000 0.000000 0.000000 0.000000 0.000000 0.000000 0.000000 0.000000 0.000000 0.000000 0.000000 0.000000 0.000000 0.000000 
50.000000 38.819737 28.515966 19.759550 12.890285 7.908194 4.561214 2.473960 1.262802 0.607265 0.275484 0.118069 0.047883 0.018405 0.006716 0.002331 0.000770 0.000243 0.000073 0.000021 0.000006 0.000002 0.000000 0.000000 0.000000 0.000000 0.000000 0.000000 0.000000 0.000000 0.000000 0.000000 0.000000 0.000000 0.000000 0.000000 0.000000 0.000000 0.000000 0.000000 0.000000 0.000000 0.000000 0.000000 0.000000 0.000000 0.000000 0.000000 0.000000 0.000000 
50.000000 38.819737 28.515966 19.759550 12.890285 7.908194 4.561214 2.473959 1.262802 0.607265 0.275484 0.118069 0.047883 0.018405 0.006716 0.002331 0.000770 0.000243 0.000073 0.000021 0.000006 0.000002 0.000000 0.000000 0.000000 0.000000 0.000000 0.000000 0.000000 0.000000 0.000000 0.000000 0.000000 0.000000 0.000000 0.000000 0.000000 0.000000 0.000000 0.000000 0.000000 0.000000 0.000000 0.000000 0.000000 0.000000 0.000000 0.000000 0.000000 0.000000 
50.000000 38.819737 28.515966 19.759550 12.890285 7.908194 4.561214 2.473959 1.262802 0.607265 0.275484 0.118069 0.047883 0.018405 0.006716 0.002331 0.000770 0.000243 0.000073 0.000021 0.000006 0.000002 0.000000 0.000000 0.000000 0.000000 0.000000 0.000000 0.000000 0.000000 0.000000 0.000000 0.000000 0.000000 0.000000 0.000000 0.000000 0.000000 0.000000 0.000000 0.000000 0.000000 0.000000 0.000000 0.000000 0.000000 0.000000 0.000000 0.000000 0.000000 
50.000000 38.819737 28.515966 19.759550 12.890285 7.908194 4.561214 2.473960 1.262802 0.607265 0.275484 0.118069 0.047883 0.018405 0.006716 0.002331 0.000770 0.000243 0.000073 0.000021 0.000006 0.000002 0.000000 0.000000 0.000000 0.000000 0.000000 0.000000 0.000000 0.000000 0.000000 0.000000 0.000000 0.000000 0.000000 0.000000 0.000000 0.000000 0.000000 0.000000 0.000000 0.000000 0.000000 0.000000 0.000000 0.000000 0.000000 0.000000 0.000000 0.000000 
50.000000 38.819737 28.515967 19.759550 12.890285 7.908194 4.561215 2.473960 1.262802 0.607265 0.275485 0.118069 0.047883 0.018406 0.006717 0.002331 0.000771 0.000243 0.000074 0.000021 0.000006 0.000002 0.000001 0.000000 0.000000 0.000000 0.000000 0.000000 0.000000 0.000000 0.000000 0.000000 0.000000 0.000000 0.000000 0.000000 0.000000 0.000000 0.000000 0.000000 0.000000 0.000000 0.000000 0.000000 0.000000 0.000000 0.000000 0.000000 0.000000 0.000000 
50.000000 38.819737 28.515967 19.759551 12.890286 7.908195 4.561216 2.473961 1.262803 0.607267 0.275486 0.118070 0.047884 0.018407 0.006718 0.002332 0.000772 0.000244 0.000075 0.000023 0.000007 0.000003 0.000002 0.000002 0.000002 0.000002 0.000002 0.000002 0.000002 0.000002 0.000002 0.000002 0.000002 0.000002 0.000002 0.000002 0.000002 0.000002 0.000002 0.000002 0.000002 0.000002 0.000001 0.000001 0.000001 0.000001 0.000001 0.000001 0.000000 0.000000 
50.000000 38.819738 28.515969 19.759554 12.890289 7.908198 4.561220 2.473965 1.262807 0.607271 0.275490 0.118075 0.047889 0.018411 0.006722 0.002336 0.000776 0.000249 0.000079 0.000027 0.000012 0.000007 0.000006 0.000006 0.000006 0.000006 0.000006 0.000006 0.000006 0.000006 0.000006 0.000006 0.000006 0.000006 0.000006 0.000006 0.000006 0.000006 0.000006 0.000006 0.000006 0.000006 0.000006 0.000005 0.000005 0.000004 0.000004 0.000003 0.000001 0.000000 
50.000000 38.819741 28.515975 19.759563 12.890300 7.908211 4.561234 2.473980 1.262822 0.607286 0.275505 0.118090 0.047904 0.018426 0.006737 0.002352 0.000791 0.000264 0.000094 0.000042 0.000027 0.000023 0.000021 0.000021 0.000021 0.000021 0.000021 0.000021 0.000021 0.000021 0.000021 0.000021 0.000021 0.000021 0.000021 0.000021 0.000021 0.000021 0.000021 0.000021 0.000021 0.000021 0.000020 0.000019 0.000018 0.000016 0.000013 0.000009 0.000005 0.000000 
50.000000 38.819753 28.515998 19.759595 12.890339 7.908255 4.561281 2.474029 1.262873 0.607337 0.275557 0.118142 0.047956 0.018478 0.006789 0.002404 0.000843 0.000316 0.000146 0.000094 0.000079 0.000075 0.000074 0.000073 0.000073 0.000073 0.000073 0.000073 0.000073 0.000073 0.000073 0.000073 0.000073 0.000073 0.000073 0.000073 0.000073 0.000073 0.000073 0.000073 0.000072 0.000072 0.000070 0.000068 0.000063 0.000056 0.000046 0.000033 0.000017 0.000000 
50.000000 38.819791 28.516071 19.759698 12.890466 7.908399 4.561436 2.474191 1.263039 0.607505 0.275726 0.118311 0.048125 0.018648 0.006959 0.002573 0.001013 0.000486 0.000316 0.000264 0.000249 0.000244 0.000243 0.000243 0.000243 0.000243 0.000243 0.000243 0.000243 0.000243 0.000243 0.000243 0.000243 0.000243 0.000243 0.000243 0.000243 0.000243 0.000242 0.000242 0.000241 0.000238 0.000233 0.000225 0.000210 0.000187 0.000154 0.000110 0.000058 0.000000 
50.000000 38.819910 28.516299 19.760018 12.890859 7.908844 4.561916 2.474693 1.263553 0.608026 0.276250 0.118837 0.048652 0.019175 0.007486 0.003101 0.001540 0.001013 0.000843 0.000791 0.000776 0.000772 0.000771 0.000770 0.000770 0.000770 0.000770 0.000770 0.000770 0.000770 0.000770 0.000770 0.000770 0.000770 0.000770 0.000770 0.000770 0.000770 0.000769 0.000767 0.000764 0.000756 0.000741 0.000714 0.000667 0.000594 0.000489 0.000351 0.000184 0.000000 
50.000000 38.820261 28.516973 19.760966 12.892021 7.910161 4.563337 2.476178 1.265075 0.609568 0.277803 0.120394 0.050211 0.020735 0.009046 0.004661 0.003101 0.002573 0.002404 0.002352 0.002336 0.002332 0.002331 0.002331 0.002330 0.002330 0.002330 0.002330 0.002330 0.002330 0.002330 0.002330 0.002330 0.002330 0.002330 0.002330 0.002330 0.002329 0.002327 0.002322 0.002312 0.002289 0.002244 0.002162 0.002022 0.001803 0.001485 0.001065 0.000558 0.000000 
50.000000 38.821246 28.518866 19.763629 12.895287 7.913862 4.567329 2.480351 1.269353 0.613903 0.282165 0.124770 0.054593 0.025119 0.013432 0.009046 0.007486 0.006959 0.006789 0.006737 0.006722 0.006718 0.006717 0.006716 0.006716 0.006716 0.006716 0.006716 0.006716 0.006716 0.006716 0.006716 0.006716 0.006716 0.006716 0.006716 0.006715 0.006713 0.006707 0.006694 0.006664 0.006600 0.006473 0.006240 0.005841 0.005212 0.004299 0.003087 0.001618 0.000000 
50.000000 38.823872 28.523909 19.770724 12.903987 7.923724 4.577968 2.491473 1.280754 0.625454 0.293792 0.136432 0.066271 0.036804 0.025119 0.020735 0.019175 0.018648 0.018478 0.018426 0.018411 0.018407 0.018406 0.018405 0.018405 0.018405 0.018405 0.018405 0.018405 0.018405 0.018405 0.018405 0.018405 0.018405 0.018405 0.018404 0.018402 0.018396 0.018382 0.018346 0.018266 0.018096 0.017757 0.017130 0.016051 0.014340 0.011844 0.008515 0.004467 0.000000 
50.000000 38.830488 28.536619 19.788606 12.925919 7.948586 4.604793 2.519517 1.309503 0.654583 0.323112 0.165843 0.095722 0.066271 0.054593 0.050211 0.048652 0.048125 0.047956 0.047904 0.047889 0.047884 0.047883 0.047883 0.047883 0.047883 0.047883 0.047883 0.047883 0.047883 0.047883 0.047883 0.047883 0.047883 0.047882 0.047880 0.047875 0.047861 0.047825 0.047737 0.047537 0.047109 0.046253 0.044656 0.041894 0.037484 0.031012 0.022328 0.011727 0.000000 
50.000000 38.846233 28.566867 19.831164 12.978120 8.007765 4.668649 2.586281 1.377948 0.723935 0.392921 0.235868 0.165843 0.136432 0.124770 0.120394 0.118837 0.118311 0.118142 0.118090 0.118075 0.118070 0.118069 0.118069 0.118069 0.118069 0.118069 0.118069 0.118069 0.118069 0.118069 0.118069 0.118069 0.118068 0.118067 0.118063 0.118051 0.118018 0.117934 0.117729 0.117259 0.116247 0.114208 0.110378 0.103703 0.092958 0.077067 0.055595 0.029241 0.000000 
50.000000 38.881527 28.634673 19.926576 13.095157 8.140461 4.811841 2.736002 1.531448 0.879473 0.549488 0.392921 0.323112 0.293792 0.282165 0.277803 0.276250 0.275726 0.275557 0.275505 0.275490 0.275486 0.275485 0.275484 0.275484 0.275484 0.275484 0.275484 0.275484 0.275484 0.275484 0.275484 0.275484 0.275483 0.275480 0.275471 0.275445 0.275375 0.275192 0.274744 0.273710 0.271467 0.266911 0.258281 0.243098 0.218416 0.181555 0.131305 0.069191 0.000000 
50.000000 38.955878 28.777521 20.127591 13.341755 8.420070 5.113589 3.051530 1.854953 1.207284 0.879473 0.723935 0.654583 0.625454 0.613903 0.609568 0.608026 0.607505 0.607337 0.607286 0.607271 0.607267 0.607265 0.607265 0.607265 0.607265 0.607265 0.607265 0.607265 0.607265 0.607265 0.607265 0.607264 0.607262 0.607257 0.607239 0.607187 0.607045 0.606675 0.605763 0.603642 0.599004 0.589495 0.571293 0.538905 0.485613 0.405038 0.293918 0.155276 0.000000 
50.000000 39.102714 29.059641 20.524612 13.828836 8.972397 5.709689 3.674884 2.494093 1.854953 1.531448 1.377948 1.309503 1.280754 1.269353 1.265075 1.263553 1.263039 1.262873 1.262822 1.262807 1.262803 1.262802 1.262802 1.262802 1.262802 1.262802 1.262802 1.262802 1.262802 1.262802 1.262801 1.262800 1.262797 1.262786 1.262753 1.262658 1.262394 1.261701 1.259981 1.255949 1.247047 1.228598 1.192844 1.128335 1.020577 0.855070 0.623326 0.330478 0.000000 
50.000000 39.373886 29.580671 21.257886 14.728505 9.992647 6.810863 4.826464 3.674884 3.051530 2.736002 2.586281 2.519517 2.491473 2.480351 2.476178 2.474693 2.474191 2.474029 2.473980 2.473965 2.473961 2.473960 2.473960 2.473959 2.473959 2.473959 2.473959 2.473959 2.473959 2.473959 2.473959 2.473957 2.473952 2.473933 2.473878 2.473716 2.473265 2.472073 2.469091 2.462035 2.446286 2.413232 2.348223 2.228937 2.025878 1.707594 1.252749 0.667646 0.000000 
50.000000 39.841027 30.478266 22.521181 16.278558 11.750557 8.708313 6.810863 5.709689 5.113589 4.811841 4.668649 4.604793 4.577968 4.567329 4.563337 4.561916 4.561436 4.561281 4.561234 4.561220 4.561216 4.561215 4.561214 4.561214 4.561214 4.561214 4.561214 4.561214 4.561214 4.561214 4.561213 4.561211 4.561202 4.561175 4.561089 4.560839 4.560137 4.558271 4.553560 4.542296 4.516845 4.462640 4.354156 4.150970 3.796787 3.226698 2.388994 1.283326 0.000000 
50.000000 40.589841 31.917124 24.546350 18.763553 14.568932 11.750557 9.992647 8.972397 8.420070 8.140461 8.007765 7.948586 7.923724 7.913862 7.910161 7.908844 7.908399 7.908255 7.908211 7.908198 7.908195 7.908194 7.908194 7.908194 7.908194 7.908194 7.908194 7.908193 7.908193 7.908193 7.908192 7.908189 7.908177 7.908139 7.908021 7.907673 7.906692 7.904062 7.897363 7.881165 7.844062 7.763711 7.599587 7.284466 6.718544 5.775291 4.334467 2.358336 0.000000 
50.000000 41.704139 34.058320 27.560158 22.461828 18.763553 16.278558 14.728505 13.828836 13.341755 13.095157 12.978120 12.925919 12.903987 12.895287 12.892021 12.890859 12.890466 12.890339 12.890300 12.890289 12.890286 12.890285 12.890285 12.890285 12.890285 12.890285 12.890285 12.890285 12.890285 12.890284 12.890283 12.890279 12.890265 12.890218 12.890074 12.889647 12.888435 12.885161 12.876741 12.856141 12.808259 12.702628 12.481771 12.045008 11.230914 9.810095 7.517585 4.181037 0.000000 
50.000000 43.240143 37.009912 31.714753 27.560158 24.546350 22.521181 21.257886 20.524612 20.127591 19.926576 19.831164 19.788606 19.770724 19.763629 19.760966 19.760018 19.759698 19.759595 19.759563 19.759554 19.759551 19.759550 19.759550 19.759550 19.759550 19.759550 19.759550 19.759550 19.759550 19.759550 19.759549 19.759544 19.759529 19.759481 19.759330 19.758879 19.757594 19.754097 19.745020 19.722553 19.669542 19.550293 19.294483 18.771059 17.750063 15.857376 12.555134 7.269933 0.000000 
50.000000 45.197752 40.771718 37.009912 34.058320 31.917124 30.478266 29.580671 29.059641 28.777521 28.634673 28.566867 28.536619 28.523909 28.518866 28.516973 28.516299 28.516071 28.515998 28.515975 28.515969 28.515967 28.515967 28.515966 28.515966 28.515966 28.515966 28.515966 28.515966 28.515966 28.515966 28.515965 28.515961 28.515949 28.515908 28.515779 28.515394 28.514291 28.511271 28.503369 28.483603 28.436315 28.327922 28.089272 27.582657 26.540736 24.454777 20.385859 12.765164 0.000000 
50.000000 47.500994 45.197752 43.240143 41.704139 40.589841 39.841027 39.373886 39.102714 38.955878 38.881527 38.846233 38.830488 38.823872 38.821246 38.820261 38.819910 38.819791 38.819753 38.819741 38.819738 38.819737 38.819737 38.819737 38.819737 38.819737 38.819737 38.819737 38.819737 38.819737 38.819736 38.819736 38.819734 38.819726 38.819703 38.819628 38.819404 38.818761 38.816992 38.812336 38.800603 38.772236 38.706240 38.557701 38.231504 37.523102 35.970210 32.432588 23.750497 0.000000 
50.000000 50.000000 50.000000 50.000000 50.000000 50.000000 50.000000 50.000000 50.000000 50.000000 50.000000 50.000000 50.000000 50.000000 50.000000 50.000000 50.000000 50.000000 50.000000 50.000000 50.000000 50.000000 50.000000 50.000000 50.000000 50.000000 50.000000 50.000000 50.000000 50.000000 50.000000 50.000000 50.000000 50.000000 50.000000 50.000000 50.000000 50.000000 50.000000 50.000000 50.000000 50.000000 50.000000 50.000000 50.000000 50.000000 50.000000 50.000000 50.000000 50.000000 
