50.000000 50.000000 50.000000 50.000000 50.000000 50.000000 50.000000 50.000000 50.000000 50.000000 50.000000 50.000000 50.000000 50.000000 50.000000 50.000000 50.000000 50.000000 50.000000 50.000000 50.000000 50.000000 50.000000 50.000000 50.000000 50.000000 50.000000 50.000000 50.000000 50.000000 50.000000 50.000000 50.000000 50.000000 50.000000 50.000000 50.000000 50.000000 50.000000 50.000000 50.000000 50.000000 50.000000 50.000000 50.000000 50.000000 50.000000 50.000000 50.000000 50.000000 
50.000000 48.792152 47.630096 46.554420 45.596290 44.774941 44.097164 43.558624 43.146472 42.842552 42.626532 42.478468 42.380560 42.318068 42.279551 42.256611 42.243405 42.236050 42.232087 42.230018 42.228973 42.228460 42.228216 42.228104 42.228053 42.228030 42.228018 42.228007 42.227990 42.227953 42.227872 42.227695 42.227321 42.226547 42.224985 42.221912 42.216006 42.204916 42.184533 42.147806 42.082752 41.969078 41.772124 41.431280 40.835805 39.768946 37.763701 33.686237 24.396076 0.000000 
50.000000 47.630096 45.350041 43.239473 41.359544 39.747994 38.418146 37.361496 36.552830 35.956524 35.532684 35.242179 35.050080 34.927472 34.851901 34.806895 34.780984 34.766555 34.758778 34.754720 34.752669 34.751663 34.751185 34.750964 34.750864 34.750819 34.750796 34.750776 34.750743 34.750674 34.750522 34.750193 34.749495 34.748055 34.745154 34.739456 34.728533 34.708085 34.670654 34.603558 34.485544 34.281324 33.932387 33.341008 32.341105 30.643242 27.730254 22.675020 13.943859 0.000000 
50.000000 46.554420 43.239473 40.170947 37.437752 35.094756 33.161330 31.625105 30.449423 29.582488 28.966295 28.543953 28.264679 28.086432 27.976568 27.911140 27.873472 27.852496 27.841192 27.835293 27.832310 27.830848 27.830153 27.829832 27.829688 27.829622 27.829589 27.829561 27.829517 27.829424 27.829221 27.828781 27.827850 27.825933 27.822082 27.814541 27.800142 27.773314 27.724502 27.637686 27.486536 27.228520 26.795829 26.081461 24.918074 23.047619 20.085473 15.509219 8.790719 0.000000 
50.000000 45.596290 41.359544 37.437752 33.944548 30.950060 28.479040 26.515678 25.013118 23.905156 23.117656 22.577905 22.220999 21.993206 21.852806 21.769194 21.721058 21.694253 21.679808 21.672269 21.668458 21.666590 21.665702 21.665292 21.665107 21.665024 21.664982 21.664949 21.664898 21.664792 21.664561 21.664061 21.663008 21.660842 21.656508 21.648055 21.631993 21.602249 21.548535 21.453896 21.291099 21.017491 20.567913 19.845459 18.710654 16.972274 14.390133 10.716301 5.827344 0.000000 
50.000000 44.774941 39.747994 35.094756 30.950060 27.397109 24.465273 22.135786 20.353047 19.038500 18.104179 17.463804 17.040368 16.770117 16.603550 16.504357 16.447252 16.415453 16.398317 16.389375 16.384854 16.382638 16.381585 16.381098 16.380879 16.380781 16.380733 16.380697 16.380643 16.380535 16.380299 16.379790 16.378720 16.376530 16.372161 16.363683 16.347665 16.318202 16.265439 16.173425 16.017151 15.758666 15.342407 14.690331 13.698554 12.239405 10.176681 7.406889 3.939136 0.000000 
50.000000 44.097164 38.418146 33.161330 28.479040 24.465273 21.153204 18.521626 16.507721 15.022734 13.967286 13.243902 12.765585 12.460313 12.272164 12.160120 12.095618 12.059702 12.040347 12.030247 12.025141 12.022638 12.021449 12.020899 12.020652 12.020542 12.020489 12.020452 12.020400 12.020298 12.020076 12.019600 12.018602 12.016567 12.012525 12.004721 11.990066 11.963304 11.915793 11.833800 11.696302 11.472359 11.118453 10.576602 9.774942 8.633581 7.079869 5.077139 2.665884 0.000000 
50.000000 43.558624 37.361496 31.625105 26.515678 22.135786 18.521626 15.650050 13.452501 11.832122 10.680458 9.891142 9.369237 9.036152 8.830864 8.708617 8.638242 8.599057 8.577940 8.566922 8.561351 8.558621 8.557323 8.556724 8.556455 8.556336 8.556279 8.556243 8.556196 8.556105 8.555911 8.555496 8.554629 8.552867 8.549385 8.542697 8.530216 8.507591 8.467769 8.399746 8.287050 8.106124 7.825025 7.403174 6.793378 5.947765 4.829276 3.429109 1.786500 0.000000 
50.000000 43.146472 36.552830 30.449423 25.013118 20.353047 16.507721 13.452501 11.114438 9.390469 8.165196 7.325441 6.770195 6.415836 6.197441 6.067391 5.992526 5.950841 5.928378 5.916657 5.910732 5.907828 5.906447 5.905810 5.905524 5.905398 5.905340 5.905304 5.905264 5.905188 5.905029 5.904688 5.903980 5.902547 5.899728 5.894343 5.884355 5.866380 5.835006 5.781931 5.694987 5.557219 5.346377 5.035361 4.594381 3.995627 3.220904 2.271507 1.177394 0.000000 
50.000000 42.842552 35.956524 29.582488 23.905156 19.038500 15.022734 11.832122 9.390469 7.590137 6.310605 5.433676 4.853857 4.483822 4.255769 4.119970 4.041797 3.998271 3.974816 3.962578 3.956391 3.953359 3.951918 3.951253 3.950955 3.950823 3.950764 3.950731 3.950697 3.950637 3.950513 3.950249 3.949702 3.948600 3.946442 3.942342 3.934783 3.921273 3.897878 3.858657 3.795068 3.695482 3.545072 3.326433 3.021350 2.614057 2.095952 1.470980 0.759800 0.000000 
50.000000 42.626532 35.532684 28.966295 23.117656 18.104179 13.967286 10.680458 8.165196 6.310605 4.992525 4.089186 3.491913 3.110743 2.875831 2.735950 2.655428 2.610595 2.586437 2.573832 2.567459 2.564337 2.562852 2.562168 2.561860 2.561726 2.561666 2.561635 2.561607 2.561562 2.561469 2.561275 2.560874 2.560069 2.558500 2.555534 2.550098 2.540445 2.523851 2.496263 2.451948 2.383265 2.280712 2.133486 1.930754 1.663761 1.328610 0.929127 0.478726 0.000000 
50.000000 42.478468 35.242179 28.543953 22.577905 17.463804 13.243902 9.891142 7.325441 5.433676 4.089186 3.167756 2.558527 2.169732 1.930123 1.787447 1.705318 1.659590 1.634950 1.622093 1.615594 1.612410 1.610896 1.610197 1.609884 1.609747 1.609687 1.609658 1.609635 1.609602 1.609537 1.609401 1.609120 1.608560 1.607473 1.605427 1.601698 1.595116 1.583878 1.565335 1.535798 1.490436 1.423373 1.328110 1.198365 1.029370 0.819450 0.571525 0.293935 0.000000 
50.000000 42.380560 35.050080 28.264679 22.220999 17.040368 12.765585 9.369237 6.770195 4.853857 3.491913 2.558527 1.941399 1.547565 1.304854 1.160332 1.077141 1.030822 1.005864 0.992842 0.986259 0.983033 0.981500 0.980793 0.980476 0.980337 0.980277 0.980250 0.980231 0.980208 0.980163 0.980072 0.979884 0.979512 0.978791 0.977442 0.974994 0.970699 0.963412 0.951468 0.932584 0.903815 0.861647 0.802281 0.722166 0.618750 0.491365 0.341996 0.175644 0.000000 
50.000000 42.318068 34.927472 28.086432 21.993206 16.770117 12.460313 9.036152 6.415836 4.483822 3.110743 2.169732 1.547565 1.150520 0.905830 0.760131 0.676263 0.629568 0.604407 0.591280 0.584644 0.581392 0.579846 0.579133 0.578814 0.578674 0.578615 0.578588 0.578573 0.578556 0.578527 0.578468 0.578348 0.578110 0.577653 0.576800 0.575260 0.572571 0.568034 0.560645 0.549039 0.531481 0.505936 0.470247 0.422452 0.361213 0.286291 0.198939 0.102062 0.000000 
50.000000 42.279551 34.851901 27.976568 21.852806 16.603550 12.272164 8.830864 6.197441 4.255769 2.875831 1.930123 1.304854 0.905830 0.659923 0.513499 0.429215 0.382288 0.357003 0.343810 0.337141 0.333873 0.332320 0.331604 0.331283 0.331143 0.331083 0.331057 0.331044 0.331033 0.331014 0.330977 0.330904 0.330758 0.330479 0.329961 0.329030 0.327412 0.324696 0.320297 0.313427 0.303098 0.288167 0.267443 0.239867 0.204751 0.162027 0.112445 0.057639 0.000000 
50.000000 42.256611 34.806895 27.911140 21.769194 16.504357 12.160120 8.708617 6.067391 4.119970 2.735950 1.787447 1.160332 0.760131 0.513499 0.366645 0.282113 0.235048 0.209689 0.196458 0.189770 0.186492 0.184934 0.184216 0.183894 0.183754 0.183694 0.183669 0.183657 0.183649 0.183637 0.183615 0.183572 0.183486 0.183323 0.183020 0.182478 0.181541 0.179974 0.177450 0.173528 0.167663 0.159232 0.147595 0.132196 0.112686 0.089058 0.061741 0.031626 0.000000 
50.000000 42.243405 34.780984 27.873472 21.721058 16.447252 12.095618 8.638242 5.992526 4.041797 2.655428 1.705318 1.077141 0.676263 0.429215 0.282113 0.197438 0.150295 0.124893 0.111639 0.104940 0.101657 0.100097 0.099377 0.099055 0.098914 0.098855 0.098830 0.098819 0.098812 0.098805 0.098793 0.098768 0.098719 0.098627 0.098456 0.098153 0.097629 0.096758 0.095359 0.093197 0.089979 0.085375 0.079052 0.070722 0.060215 0.047539 0.032929 0.016858 0.000000 
50.000000 42.236050 34.766555 27.852496 21.694253 16.415453 12.059702 8.599057 5.950841 3.998271 2.610595 1.659590 1.030822 0.629568 0.382288 0.235048 0.150295 0.103107 0.077682 0.064416 0.057710 0.054424 0.052863 0.052142 0.051820 0.051679 0.051620 0.051595 0.051585 0.051579 0.051575 0.051567 0.051554 0.051527 0.051477 0.051384 0.051220 0.050938 0.050469 0.049721 0.048569 0.046861 0.044428 0.041099 0.036733 0.031245 0.024646 0.017059 0.008730 0.000000 
50.000000 42.232087 34.758778 27.841192 21.679808 16.398317 12.040347 8.577941 5.928378 3.974816 2.586437 1.634950 1.005864 0.604407 0.357003 0.209689 0.124893 0.077682 0.052243 0.038971 0.032262 0.028975 0.027412 0.026691 0.026369 0.026228 0.026169 0.026144 0.026134 0.026129 0.026126 0.026122 0.026115 0.026101 0.026074 0.026026 0.025940 0.025793 0.025549 0.025162 0.024568 0.023690 0.022445 0.020747 0.018527 0.015747 0.012411 0.008586 0.004392 0.000000 
50.000000 42.230019 34.754721 27.835293 21.672270 16.389375 12.030248 8.566922 5.916658 3.962579 2.573832 1.622094 0.992843 0.591280 0.343811 0.196459 0.111640 0.064417 0.038972 0.025696 0.018985 0.015697 0.014134 0.013413 0.013090 0.012950 0.012890 0.012866 0.012856 0.012852 0.012849 0.012847 0.012843 0.012836 0.012822 0.012798 0.012754 0.012680 0.012558 0.012364 0.012067 0.011630 0.011012 0.010172 0.009077 0.007709 0.006073 0.004199 0.002147 0.000000 
50.000000 42.228973 34.752669 27.832311 21.668460 16.384856 12.025143 8.561353 5.910734 3.956393 2.567462 1.615597 0.986261 0.584646 0.337144 0.189772 0.104942 0.057712 0.032264 0.018987 0.012275 0.008986 0.007423 0.006702 0.006379 0.006239 0.006179 0.006155 0.006145 0.006141 0.006139 0.006138 0.006136 0.006132 0.006125 0.006113 0.006092 0.006056 0.005996 0.005902 0.005758 0.005547 0.005250 0.004847 0.004322 0.003669 0.002888 0.001996 0.001020 0.000000 
50.000000 42.228461 34.751665 27.830851 21.666594 16.382642 12.022643 8.558626 5.907833 3.953365 2.564343 1.612415 0.983039 0.581398 0.333879 0.186498 0.101663 0.054430 0.028980 0.015702 0.008990 0.005701 0.004138 0.003417 0.003094 0.002953 0.002894 0.002869 0.002860 0.002856 0.002854 0.002853 0.002852 0.002850 0.002847 0.002841 0.002831 0.002814 0.002786 0.002741 0.002674 0.002575 0.002436 0.002247 0.002003 0.001699 0.001337 0.000924 0.000472 0.000000 
50.000000 42.228219 34.751190 27.830161 21.665711 16.381596 12.021461 8.557337 5.906462 3.951933 2.562868 1.610911 0.981516 0.579862 0.332336 0.184950 0.100113 0.052878 0.027428 0.014149 0.007437 0.004148 0.002584 0.001863 0.001540 0.001400 0.001340 0.001316 0.001306 0.001302 0.001301 0.001300 0.001299 0.001299 0.001297 0.001294 0.001290 0.001282 0.001269 0.001248 0.001217 0.001172 0.001108 0.001022 0.000910 0.000772 0.000607 0.000419 0.000214 0.000000 
50.000000 42.228110 34.750977 27.829851 21.665316 16.381126 12.020931 8.556759 5.905847 3.951291 2.562206 1.610237 0.980832 0.579173 0.331644 0.184256 0.099417 0.052182 0.026731 0.013453 0.006740 0.003451 0.001888 0.001167 0.000844 0.000703 0.000644 0.000619 0.000610 0.000606 0.000604 0.000604 0.000603 0.000603 0.000602 0.000601 0.000599 0.000595 0.000589 0.000579 0.000564 0.000543 0.000513 0.000473 0.000421 0.000357 0.000281 0.000194 0.000099 0.000000 
50.000000 42.228069 34.750896 27.829734 21.665166 16.380949 12.020730 8.556540 5.905614 3.951048 2.561956 1.609982 0.980574 0.578913 0.331382 0.183994 0.099154 0.051919 0.026468 0.013189 0.006477 0.003187 0.001624 0.000903 0.000580 0.000440 0.000380 0.000356 0.000346 0.000342 0.000341 0.000340 0.000340 0.000340 0.000339 0.000338 0.000337 0.000335 0.000331 0.000326 0.000318 0.000306 0.000289 0.000266 0.000237 0.000201 0.000158 0.000109 0.000056 0.000000 
50.000000 42.228069 34.750896 27.829734 21.665166 16.380949 12.020730 8.556540 5.905614 3.951048 2.561956 1.609982 0.980574 0.578913 0.331382 0.183994 0.099154 0.051919 0.026468 0.013189 0.006477 0.003187 0.001624 0.000903 0.000580 0.000440 0.000380 0.000356 0.000346 0.000342 0.000341 0.000340 0.000340 0.000340 0.000339 0.000338 0.000337 0.000335 0.000331 0.000326 0.000318 0.000306 0.000289 0.000266 0.000237 0.000201 0.000158 0.000109 0.000056 0.000000 
50.000000 42.228110 34.750977 27.829851 21.665316 16.381126 12.020931 8.556759 5.905847 3.951291 2.562206 1.610237 0.980832 0.579173 0.331644 0.184256 0.099417 0.052182 0.026731 0.013453 0.006740 0.003451 0.001888 0.001167 0.000844 0.000703 0.000644 0.000619 0.000610 0.000606 0.000604 0.000604 0.000603 0.000603 0.000602 0.000601 0.000599 0.000595 0.000589 0.000579 0.000564 0.000543 0.000513 0.000473 0.000421 0.000357 0.000281 0.000194 0.000099 0.000000 
50.000000 42.228219 34.751190 27.830161 21.665711 16.381596 12.021461 8.557337 5.906462 3.951933 2.562868 1.610911 0.981516 0.579862 0.332336 0.184950 0.100113 0.052878 0.027428 0.014149 0.007437 0.004148 0.002584 0.001863 0.001540 0.001400 0.001340 0.001316 0.001306 0.001302 0.001301 0.001300 0.001299 0.001299 0.001297 0.001294 0.001290 0.001282 0.001269 0.001248 0.001217 0.001172 0.001108 0.001022 0.000910 0.000772 0.000607 0.000419 0.000214 0.000000 
50.000000 42.228461 34.751665 27.830851 21.666594 16.382642 12.022643 8.558626 5.907833 3.953365 2.564343 1.612415 0.983039 0.581398 0.333879 0.186498 0.101663 0.054430 0.028980 0.015702 0.008990 0.005701 0.004138 0.003417 0.003094 0.002953 0.002894 0.002869 0.002860 0.002856 0.002854 0.002853 0.002852 0.002850 0.002847 0.002841 0.002831 0.002814 0.002786 0.002741 0.002674 0.002575 0.002436 0.002247 0.002003 0.001699 0.001337 0.000924 0.000472 0.000000 
50.000000 42.228973 34.752669 27.832311 21.668460 16.384856 12.025143 8.561353 5.910734 3.956393 2.567462 1.615597 0.986261 0.584646 0.337144 0.189772 0.104942 0.057712 0.032264 0.018987 0.012275 0.008986 0.007423 0.006702 0.006379 0.006239 0.006179 0.006155 0.006145 0.006141 0.006139 0.006138 0.006136 0.006132 0.006125 0.006113 0.006092 0.006056 0.005996 0.005902 0.005758 0.005547 0.005250 0.004847 0.004322 0.003669 0.002888 0.001996 0.001020 0.000000 
50.000000 42.230019 34.754721 27.835293 21.672270 16.389375 12.030248 8.566922 5.916658 3.962579 2.573832 1.622094 0.992843 0.591280 0.343811 0.196459 0.111640 0.064417 0.038972 0.025696 0.018985 0.015697 0.014134 0.013413 0.013090 0.012950 0.012890 0.012866 0.012856 0.012852 0.012849 0.012847 0.012843 0.012836 0.012822 0.012798 0.012754 0.012680 0.012558 0.012364 0.012067 0.011630 0.011012 0.010172 0.009077 0.007709 0.006073 0.004199 0.002147 0.000000 
50.000000 42.232087 34.758778 27.841192 21.679808 16.398317 12.040347 8.577941 5.928378 3.974816 2.586437 1.634950 1.005864 0.604407 0.357003 0.209689 0.124893 0.077682 0.052243 0.038971 0.032262 0.028975 0.027412 0.026691 0.026369 0.026228 0.026169 0.026144 0.026134 0.026129 0.026126 0.026122 0.026115 0.026101 0.026074 0.026026 0.025940 0.025793 0.025549 0.025162 0.024568 0.023690 0.022445 0.020747 0.018527 0.015747 0.012411 0.008586 0.004392 0.000000 
50.000000 42.236050 34.766555 27.852496 21.694253 16.415453 12.059702 8.599057 5.950841 3.998271 2.610595 1.659590 1.030822 0.629568 0.382288 0.235048 0.150295 0.103107 0.077682 0.064416 0.057710 0.054424 0.052863 0.052142 0.051820 0.051679 0.051620 0.051595 0.051585 0.051579 0.051575 0.051567 0.051554 0.051527 0.051477 0.051384 0.051220 0.050938 0.050469 0.049721 0.048569 0.046861 0.044428 0.041099 0.036733 0.031245 0.024646 0.017059 0.008730 0.000000 
50.000000 42.243405 34.780984 27.873472 21.721058 16.447252 12.095618 8.638242 5.992526 4.041797 2.655428 1.705318 1.077141 0.676263 0.429215 0.282113 0.197438 0.150295 0.124893 0.111639 0.104940 0.101657 0.100097 0.099377 0.099055 0.098914 0.098855 0.098830 0.098819 0.098812 0.098805 0.098793 0.098768 0.098719 0.098627 0.098456 0.098153 0.097629 0.096758 0.095359 0.093197 0.089979 0.085375 0.079052 0.070722 0.060215 0.047539 0.032929 0.016858 0.000000 
50.000000 42.256611 34.806895 27.911140 21.769194 16.504357 12.160120 8.708617 6.067391 4.119970 2.735950 1.787447 1.160332 0.760131 0.513499 0.366645 0.282113 0.235048 0.209689 0.196458 0.189770 0.186492 0.184934 0.184216 0.183894 0.183754 0.183694 0.183669 0.183657 0.183649 0.183637 0.183615 0.183572 0.183486 0.183323 0.183020 0.182478 0.181541 0.179974 0.177450 0.173528 0.167663 0.159232 0.147595 0.132196 0.112686 0.089058 0.061741 0.031626 0.000000 
50.000000 42.279551 34.851901 27.976568 21.852806 16.603550 12.272164 8.830864 6.197441 4.255769 2.875831 1.930123 1.304854 0.905830 0.659923 0.513499 0.429215 0.382288 0.357003 0.343810 0.337141 0.333873 0.332320 0.331604 0.331283 0.331143 0.331083 0.331057 0.331044 0.331033 0.331014 0.330977 0.330904 0.330758 0.330479 0.329961 0.329030 0.327412 0.324696 0.320297 0.313427 0.303098 0.288167 0.267443 0.239867 0.204751 0.162027 0.112445 0.057639 0.000000 
50.000000 42.318068 34.927472 28.086432 21.993206 16.770117 12.460313 9.036152 6.415836 4.483822 3.110743 2.169732 1.547565 1.150520 0.905830 0.760131 0.676263 0.629568 0.604407 0.591280 0.584644 0.581392 0.579846 0.579133 0.578814 0.578674 0.578615 0.578588 0.578573 0.578556 0.578527 0.578468 0.578348 0.578110 0.577653 0.576800 0.575260 0.572571 0.568034 0.560645 0.549039 0.531481 0.505936 0.470247 0.422452 0.361213 0.286291 0.198939 0.102062 0.000000 
50.000000 42.380560 35.050080 28.264679 22.220999 17.040368 12.765585 9.369237 6.770195 4.853857 3.491913 2.558527 1.941399 1.547565 1.304854 1.160332 1.077141 1.030822 1.005864 0.992842 0.986259 0.983033 0.981500 0.980793 0.980476 0.980337 0.980277 0.980250 0.980231 0.980208 0.980163 0.980072 0.979884 0.979512 0.978791 0.977442 0.974994 0.970699 0.963412 0.951468 0.932584 0.903815 0.861647 0.802281 0.722166 0.618750 0.491365 0.341996 0.175644 0.000000 
50.000000 42.478468 35.242179 28.543953 22.577905 17.463804 13.243902 9.891142 7.325441 5.433676 4.089186 3.167756 2.558527 2.169732 1.930123 1.787447 1.705318 1.659590 1.634950 1.622093 1.615594 1.612410 1.610896 1.610197 1.609884 1.609747 1.609687 1.609658 1.609635 1.609602 1.609537 1.609401 1.609120 1.608560 1.607473 1.605427 1.601698 1.595116 1.583878 1.565335 1.535798 1.490436 1.423373 1.328110 1.198365 1.029370 0.819450 0.571525 0.293935 0.000000 
50.000000 42.626532 35.532684 28.966295 23.117656 18.104179 13.967286 10.680458 8.165196 6.310605 4.992525 4.089186 3.491913 3.110743 2.875831 2.735950 2.655428 2.610595 2.586437 2.573832 2.567459 2.564337 2.562852 2.562168 2.561860 2.561726 2.561666 2.561635 2.561607 2.561562 2.561469 2.561275 2.560874 2.560069 2.558500 2.555534 2.550098 2.540445 2.523851 2.496263 2.451948 2.383265 2.280712 2.133486 1.930754 1.663761 1.328610 0.929127 0.478726 0.000000 
50.000000 42.842552 35.956524 29.582488 23.905156 19.038500 15.022734 11.832122 9.390469 7.590137 6.310605 5.433676 4.853857 4.483822 4.255769 4.119970 4.041797 3.998271 3.974816 3.962578 3.956391 3.953359 3.951918 3.951253 3.950955 3.950823 3.950764 3.950731 3.950697 3.950637 3.950513 3.950249 3.949702 3.948600 3.946442 3.942342 3.934783 3.921273 3.897878 3.858657 3.795068 3.695482 3.545072 3.326433 3.021350 2.614057 2.095952 1.470980 0.759800 0.000000 
50.000000 43.146472 36.552830 30.449423 25.013118 20.353047 16.507721 13.452501 11.114438 9.390469 8.165196 7.325441 6.770195 6.415836 6.197441 6.067391 5.992526 5.950841 5.928378 5.916657 5.910732 5.907828 5.906447 5.905810 5.905524 5.905398 5.905340 5.905304 5.905264 5.905188 5.905029 5.904688 5.903980 5.902547 5.899728 5.894343 5.884355 5.866380 5.835006 5.781931 5.694987 5.557219 5.346377 5.035361 4.594381 3.995627 3.220904 2.271507 1.177394 0.000000 
50.000000 43.558624 37.361496 31.625105 26.515678 22.135786 18.521626 15.650050 13.452501 11.832122 10.680458 9.891142 9.369237 9.036152 8.830864 8.708617 8.638242 8.599057 8.577940 8.566922 8.561351 8.558621 8.557323 8.556724 8.556455 8.556336 8.556279 8.556243 8.556196 8.556105 8.555911 8.555496 8.554629 8.552867 8.549385 8.542697 8.530216 8.507591 8.467769 8.399746 8.287050 8.106124 7.825025 7.403174 6.793378 5.947765 4.829276 3.429109 1.786500 0.000000 
50.000000 44.097164 38.418146 33.161330 28.479040 24.465273 21.153204 18.521626 16.507721 15.022734 13.967286 13.243902 12.765585 12.460313 12.272164 12.160120 12.095618 12.059702 12.040347 12.030247 12.025141 12.022638 12.021449 12.020899 12.020652 12.020542 12.020489 12.020452 12.020400 12.020298 12.020076 12.019600 12.018602 12.016567 12.012525 12.004721 11.990066 11.963304 11.915793 11.833800 11.696302 11.472359 11.118453 10.576602 9.774942 8.633581 7.079869 5.077139 2.665884 0.000000 
50.000000 44.774941 39.747994 35.094756 30.950060 27.397109 24.465273 22.135786 20.353047 19.038500 18.104179 17.463804 17.040368 16.770117 16.603550 16.504357 16.447252 16.415453 16.398317 16.389375 16.384854 16.382638 16.381585 16.381098 16.380879 16.380781 16.380733 16.380697 16.380643 16.380535 16.380299 16.379790 16.378720 16.376530 16.372161 16.363683 16.347665 16.318202 16.265439 16.173425 16.017151 15.758666 15.342407 14.690331 13.698554 12.239405 10.176681 7.406889 3.939136 0.000000 
50.000000 45.596290 41.359544 37.437752 33.944548 30.950060 28.479040 26.515678 25.013118 23.905156 23.117656 22.577905 22.220999 21.993206 21.852806 21.769194 21.721058 21.694253 21.679808 21.672269 21.668458 21.666590 21.665702 21.665292 21.665107 21.665024 21.664982 21.664949 21.664898 21.664792 21.664561 21.664061 21.663008 21.660842 21.656508 21.648055 21.631993 21.602249 21.548535 21.453896 21.291099 21.017491 20.567913 19.845459 18.710654 16.972274 14.390133 10.716301 5.827344 0.000000 
50.000000 46.554420 43.239473 40.170947 37.437752 35.094756 33.161330 31.625105 30.449423 29.582488 28.966295 28.543953 28.264679 28.086432 27.976568 27.911140 27.873472 27.852496 27.841192 27.835293 27.832310 27.830848 27.830153 27.829832 27.829688 27.829622 27.829589 27.829561 27.829517 27.829424 27.829221 27.828781 27.827850 27.825933 27.822082 27.814541 27.800142 27.773314 27.724502 27.637686 27.486536 27.228520 26.795829 26.081461 24.918074 23.047619 20.085473 15.509219 8.790719 0.000000 
50.000000 47.630096 45.350041 43.239473 41.359544 39.747994 38.418146 37.361496 36.552830 35.956524 35.532684 35.242179 35.050080 34.927472 34.851901 34.806895 34.780984 34.766555 34.758778 34.754720 34.752669 34.751663 34.751185 34.750964 34.750864 34.750819 34.750796 34.750776 34.750743 34.750674 34.750522 34.750193 34.749495 34.748055 34.745154 34.739456 34.728533 34.708085 34.670654 34.603558 34.485544 34.281324 33.932387 33.341008 32.341105 30.643242 27.730254 22.675020 13.943859 0.000000 
50.000000 48.792152 47.630096 46.554420 45.596290 44.774941 44.097164 43.558624 43.146472 42.842552 42.626532 42.478468 42.380560 42.318068 42.279551 42.256611 42.243405 42.236050 42.232087 42.230018 42.228973 42.228460 42.228216 42.228104 42.228053 42.228030 42.228018 42.228007 42.227990 42.227953 42.227872 42.227695 42.227321 42.226547 42.224985 42.221912 42.216006 42.204916 42.184533 42.147806 42.082752 41.969078 41.772124 41.431280 40.835805 39.768946 37.763701 33.686237 24.396076 0.000000 
50.000000 50.000000 50.000000 50.000000 50.000000 50.000000 50.000000 50.000000 50.000000 50.000000 50.000000 50.000000 50.000000 50.000000 50.000000 50.000000 50.000000 50.000000 50.000000 50.000000 50.000000 50.000000 50.000000 50.000000 50.000000 50.000000 50.000000 50.000000 50.000000 50.000000 50.000000 50.000000 50.000000 50.000000 50.000000 50.000000 50.000000 50.000000 50.000000 50.000000 50.000000 50.000000 50.000000 50.000000 50.000000 50.000000 50.000000 50.000000 50.000000 50.000000 
