50.000000 50.000000 50.000000 50.000000 50.000000 50.000000 50.000000 50.000000 50.000000 50.000000 50.000000 50.000000 50.000000 50.000000 50.000000 50.000000 50.000000 50.000000 50.000000 50.000000 50.000000 50.000000 50.000000 50.000000 50.000000 50.000000 50.000000 50.000000 50.000000 50.000000 50.000000 50.000000 50.000000 50.000000 50.000000 50.000000 50.000000 50.000000 50.000000 50.000000 50.000000 50.000000 50.000000 50.000000 50.000000 50.000000 50.000000 50.000000 50.000000 50.000000 
50.000000 44.871483 40.564013 37.507560 35.657408 34.690986 34.250282 34.072894 34.009239 33.988691 33.982678 33.981071 33.980676 33.980587 33.980568 33.980565 33.980564 33.980564 33.980564 33.980564 33.980564 33.980564 33.980564 33.980564 33.980564 33.980564 33.980564 33.980564 33.980564 33.980564 33.980564 33.980564 33.980564 33.980564 33.980564 33.980563 33.980562 33.980557 33.980529 33.980398 33.979828 33.977508 33.968715 33.937688 33.835566 33.520146 32.594747 29.959745 22.435741 0.000000 
50.000000 40.564013 32.639068 27.016295 23.613128 21.835782 21.025433 20.699327 20.582329 20.544572 20.533524 20.530573 20.529849 20.529685 20.529650 20.529643 20.529642 20.529642 20.529642 20.529642 20.529642 20.529642 20.529642 20.529642 20.529642 20.529642 20.529642 20.529642 20.529642 20.529642 20.529642 20.529642 20.529642 20.529642 20.529642 20.529641 20.529640 20.529632 20.529592 20.529405 20.528596 20.525341 20.513201 20.471341 20.338238 19.948586 18.900271 16.319534 10.604268 0.000000 
50.000000 37.507560 27.016295 19.573629 15.069754 12.718046 11.646087 11.214817 11.060134 11.010230 10.995633 10.991735 10.990778 10.990562 10.990516 10.990507 10.990506 10.990505 10.990505 10.990505 10.990505 10.990505 10.990505 10.990505 10.990505 10.990505 10.990505 10.990505 10.990505 10.990505 10.990505 10.990505 10.990505 10.990505 10.990505 10.990505 10.990504 10.990496 10.990461 10.990296 10.989588 10.986775 10.976463 10.941742 10.834926 10.536594 9.786815 8.116025 4.912814 0.000000 
50.000000 35.657408 23.613128 15.069754 9.900655 7.202153 5.972406 5.477782 5.300425 5.243222 5.226495 5.222030 5.220934 5.220686 5.220634 5.220624 5.220622 5.220622 5.220622 5.220622 5.220622 5.220622 5.220622 5.220622 5.220622 5.220622 5.220622 5.220622 5.220622 5.220622 5.220622 5.220622 5.220622 5.220622 5.220622 5.220622 5.220621 5.220616 5.220592 5.220482 5.220018 5.218193 5.211609 5.189903 5.124970 4.950327 4.533159 3.664542 2.137261 0.000000 
50.000000 34.690986 21.835782 12.718046 7.202153 4.323067 3.011264 2.483742 2.294629 2.233648 2.215821 2.211063 2.209896 2.209632 2.209576 2.209566 2.209564 2.209563 2.209563 2.209563 2.209563 2.209563 2.209563 2.209563 2.209563 2.209563 2.209563 2.209563 2.209563 2.209563 2.209563 2.209563 2.209563 2.209563 2.209563 2.209563 2.209563 2.209560 2.209547 2.209488 2.209242 2.208284 2.204874 2.193829 2.161534 2.077183 1.883121 1.497545 0.855421 0.000000 
50.000000 34.250282 21.025433 11.646087 5.972406 3.011264 1.662232 1.119808 0.925380 0.862694 0.844371 0.839481 0.838283 0.838011 0.837954 0.837943 0.837941 0.837941 0.837941 0.837941 0.837941 0.837941 0.837941 0.837941 0.837941 0.837941 0.837941 0.837941 0.837941 0.837941 0.837941 0.837941 0.837941 0.837941 0.837941 0.837941 0.837940 0.837939 0.837933 0.837907 0.837797 0.837373 0.835881 0.831116 0.817435 0.782503 0.704345 0.554092 0.312594 0.000000 
50.000000 34.072894 20.699327 11.214817 5.477782 2.483742 1.119808 0.571431 0.374883 0.311518 0.292999 0.288057 0.286845 0.286571 0.286514 0.286502 0.286500 0.286500 0.286500 0.286500 0.286500 0.286500 0.286500 0.286500 0.286500 0.286500 0.286500 0.286500 0.286500 0.286500 0.286500 0.286500 0.286500 0.286500 0.286500 0.286500 0.286500 0.286499 0.286497 0.286487 0.286444 0.286282 0.285715 0.283928 0.278868 0.266172 0.238354 0.186126 0.104180 0.000000 
50.000000 34.009239 20.582329 11.060134 5.300425 2.294629 0.925380 0.374883 0.177582 0.113977 0.095387 0.090427 0.089211 0.088936 0.088878 0.088867 0.088865 0.088865 0.088865 0.088865 0.088865 0.088865 0.088865 0.088865 0.088865 0.088865 0.088865 0.088865 0.088865 0.088865 0.088865 0.088865 0.088865 0.088865 0.088865 0.088865 0.088865 0.088864 0.088864 0.088860 0.088846 0.088791 0.088601 0.088007 0.086345 0.082232 0.073359 0.056988 0.031731 0.000000 
50.000000 33.988691 20.544572 11.010230 5.243222 2.233648 0.862694 0.311518 0.113977 0.050296 0.031684 0.026718 0.025501 0.025225 0.025167 0.025156 0.025154 0.025154 0.025154 0.025154 0.025154 0.025154 0.025154 0.025154 0.025154 0.025154 0.025154 0.025154 0.025154 0.025154 0.025154 0.025154 0.025154 0.025154 0.025154 0.025154 0.025154 0.025154 0.025153 0.025152 0.025148 0.025131 0.025074 0.024897 0.024406 0.023204 0.020642 0.015976 0.008863 0.000000 
50.000000 33.982678 20.533524 10.995633 5.226495 2.215821 0.844371 0.292999 0.095387 0.031684 0.013066 0.008098 0.006881 0.006605 0.006547 0.006536 0.006534 0.006533 0.006533 0.006533 0.006533 0.006533 0.006533 0.006533 0.006533 0.006533 0.006533 0.006533 0.006533 0.006533 0.006533 0.006533 0.006533 0.006533 0.006533 0.006533 0.006533 0.006533 0.006533 0.006533 0.006532 0.006527 0.006512 0.006464 0.006332 0.006013 0.005337 0.004119 0.002279 0.000000 
50.000000 33.981071 20.530573 10.991735 5.222030 2.211063 0.839481 0.288057 0.090427 0.026718 0.008098 0.003130 0.001913 0.001637 0.001579 0.001568 0.001566 0.001565 0.001565 0.001565 0.001565 0.001565 0.001565 0.001565 0.001565 0.001565 0.001565 0.001565 0.001565 0.001565 0.001565 0.001565 0.001565 0.001565 0.001565 0.001565 0.001565 0.001565 0.001565 0.001565 0.001565 0.001564 0.001560 0.001548 0.001516 0.001438 0.001274 0.000981 0.000542 0.000000 
50.000000 33.980676 20.529849 10.990778 5.220934 2.209896 0.838283 0.286845 0.089211 0.025501 0.006881 0.001913 0.000695 0.000419 0.000361 0.000350 0.000348 0.000347 0.000347 0.000347 0.000347 0.000347 0.000347 0.000347 0.000347 0.000347 0.000347 0.000347 0.000347 0.000347 0.000347 0.000347 0.000347 0.000347 0.000347 0.000347 0.000347 0.000347 0.000347 0.000347 0.000347 0.000347 0.000346 0.000344 0.000336 0.000319 0.000282 0.000217 0.000120 0.000000 
50.000000 33.980587 20.529685 10.990562 5.220686 2.209632 0.838011 0.286571 0.088936 0.025225 0.006605 0.001637 0.000419 0.000144 0.000086 0.000074 0.000072 0.000072 0.000072 0.000072 0.000072 0.000072 0.000072 0.000072 0.000072 0.000072 0.000072 0.000072 0.000072 0.000072 0.000072 0.000072 0.000072 0.000072 0.000072 0.000072 0.000072 0.000072 0.000072 0.000072 0.000072 0.000072 0.000072 0.000071 0.000069 0.000066 0.000058 0.000045 0.000025 0.000000 
50.000000 33.980568 20.529650 10.990516 5.220634 2.209576 0.837954 0.286514 0.088878 0.025167 0.006547 0.001579 0.000361 0.000086 0.000028 0.000016 0.000014 0.000014 0.000014 0.000014 0.000014 0.000014 0.000014 0.000014 0.000014 0.000014 0.000014 0.000014 0.000014 0.000014 0.000014 0.000014 0.000014 0.000014 0.000014 0.000014 0.000014 0.000014 0.000014 0.000014 0.000014 0.000014 0.000014 0.000014 0.000013 0.000013 0.000011 0.000009 0.000005 0.000000 
50.000000 33.980565 20.529643 10.990507 5.220624 2.209566 0.837943 0.286502 0.088867 0.025156 0.006536 0.001568 0.000350 0.000074 0.000016 0.000005 0.000003 0.000003 0.000003 0.000003 0.000003 0.000003 0.000003 0.000003 0.000003 0.000003 0.000003 0.000003 0.000003 0.000003 0.000003 0.000003 0.000003 0.000003 0.000003 0.000003 0.000003 0.000003 0.000003 0.000003 0.000003 0.000003 0.000002 0.000002 0.000002 0.000002 0.000002 0.000002 0.000001 0.000000 
50.000000 33.980564 20.529642 10.990506 5.220622 2.209564 0.837941 0.286500 0.088865 0.025154 0.006534 0.001566 0.000348 0.000072 0.000014 0.000003 0.000001 0.000000 0.000000 0.000000 0.000000 0.000000 0.000000 0.000000 0.000000 0.000000 0.000000 0.000000 0.000000 0.000000 0.000000 0.000000 0.000000 0.000000 0.000000 0.000000 0.000000 0.000000 0.000000 0.000000 0.000000 0.000000 0.000000 0.000000 0.000000 0.000000 0.000000 0.000000 0.000000 0.000000 
50.000000 33.980564 20.529642 10.990505 5.220622 2.209563 0.837941 0.286500 0.088865 0.025154 0.006533 0.001565 0.000347 0.000072 0.000014 0.000003 0.000000 0.000000 0.000000 0.000000 0.000000 0.000000 0.000000 0.000000 0.000000 0.000000 0.000000 0.000000 0.000000 0.000000 0.000000 0.000000 0.000000 0.000000 0.000000 0.000000 0.000000 0.000000 0.000000 0.000000 0.000000 0.000000 0.000000 0.000000 0.000000 0.000000 0.000000 0.000000 0.000000 0.000000 
50.000000 33.980564 20.529642 10.990505 5.220622 2.209563 0.837941 0.286500 0.088865 0.025154 0.006533 0.001565 0.000347 0.000072 0.000014 0.000003 0.000000 0.000000 0.000000 0.000000 0.000000 0.000000 0.000000 0.000000 0.000000 0.000000 0.000000 0.000000 0.000000 0.000000 0.000000 0.000000 0.000000 0.000000 0.000000 0.000000 0.000000 0.000000 0.000000 0.000000 0.000000 0.000000 0.000000 0.000000 0.000000 0.000000 0.000000 0.000000 0.000000 0.000000 
50.000000 33.980564 20.529642 10.990505 5.220622 2.209563 0.837941 0.286500 0.088865 0.025154 0.006533 0.001565 0.000347 0.000072 0.000014 0.000003 0.000000 0.000000 0.000000 0.000000 0.000000 0.000000 0.000000 0.000000 0.000000 0.000000 0.000000 0.000000 0.000000 0.000000 0.000000 0.000000 0.000000 0.000000 0.000000 0.000000 0.000000 0.000000 0.000000 0.000000 0.000000 0.000000 0.000000 0.000000 0.000000 0.000000 0.000000 0.000000 0.000000 0.000000 
50.000000 33.980564 20.529642 10.990505 5.220622 2.209563 0.837941 0.286500 0.088865 0.025154 0.006533 0.001565 0.000347 0.000072 0.000014 0.000003 0.000000 0.000000 0.000000 0.000000 0.000000 0.000000 0.000000 0.000000 0.000000 0.000000 0.000000 0.000000 0.000000 0.000000 0.000000 0.000000 0.000000 0.000000 0.000000 0.000000 0.000000 0.000000 0.000000 0.000000 0.000000 0.000000 0.000000 0.000000 0.000000 0.000000 0.000000 0.000000 0.000000 0.000000 
50.000000 33.980564 20.529642 10.990505 5.220622 2.209563 0.837941 0.286500 0.088865 0.025154 0.006533 0.001565 0.000347 0.000072 0.000014 0.000003 0.000000 0.000000 0.000000 0.000000 0.000000 0.000000 0.000000 0.000000 0.000000 0.000000 0.000000 0.000000 0.000000 0.000000 0.000000 0.000000 0.000000 0.000000 0.000000 0.000000 0.000000 0.000000 0.000000 0.000000 0.000000 0.000000 0.000000 0.000000 0.000000 0.000000 0.000000 0.000000 0.000000 0.000000 
50.000000 33.980564 20.529642 10.990505 5.220622 2.209563 0.837941 0.286500 0.088865 0.025154 0.006533 0.001565 0.000347 0.000072 0.000014 0.000003 0.000000 0.000000 0.000000 0.000000 0.000000 0.000000 0.000000 0.000000 0.000000 0.000000 0.000000 0.000000 0.000000 0.000000 0.000000 0.000000 0.000000 0.000000 0.000000 0.000000 0.000000 0.000000 0.000000 0.000000 0.000000 0.000000 0.000000 0.000000 0.000000 0.000000 0.000000 0.000000 0.000000 0.000000 
50.000000 33.980564 20.529642 10.990505 5.220622 2.209563 0.837941 0.286500 0.088865 0.025154 0.006533 0.001565 0.000347 0.000072 0.000014 0.000003 0.000000 0.000000 0.000000 0.000000 0.000000 0.000000 0.000000 0.000000 0.000000 0.000000 0.000000 0.000000 0.000000 0.000000 0.000000 0.000000 0.000000 0.000000 0.000000 0.000000 0.000000 0.000000 0.000000 0.000000 0.000000 0.000000 0.000000 0.000000 0.000000 0.000000 0.000000 0.000000 0.000000 0.000000 
50.000000 33.980564 20.529642 10.990505 5.220622 2.209563 0.837941 0.286500 0.088865 0.025154 0.006533 0.001565 0.000347 0.000072 0.000014 0.000003 0.000000 0.000000 0.000000 0.000000 0.000000 0.000000 0.000000 0.000000 0.000000 0.000000 0.000000 0.000000 0.000000 0.000000 0.000000 0.000000 0.000000 0.000000 0.000000 0.000000 0.000000 0.000000 0.000000 0.000000 0.000000 0.000000 0.000000 0.000000 0.000000 0.000000 0.000000 0.000000 0.000000 0.000000 
50.000000 33.980564 20.529642 10.990505 5.220622 2.209563 0.837941 0.286500 0.088865 0.025154 0.006533 0.001565 0.000347 0.000072 0.000014 0.000003 0.000000 0.000000 0.000000 0.000000 0.000000 0.000000 0.000000 0.000000 0.000000 0.000000 0.000000 0.000000 0.000000 0.000000 0.000000 0.000000 0.000000 0.000000 0.000000 0.000000 0.000000 0.000000 0.000000 0.000000 0.000000 0.000000 0.000000 0.000000 0.000000 0.000000 0.000000 0.000000 0.000000 0.000000 
50.000000 33.980564 20.529642 10.990505 5.220622 2.209563 0.837941 0.286500 0.088865 0.025154 0.006533 0.001565 0.000347 0.000072 0.000014 0.000003 0.000000 0.000000 0.000000 0.000000 0.000000 0.000000 0.000000 0.000000 0.000000 0.000000 0.000000 0.000000 0.000000 0.000000 0.000000 0.000000 0.000000 0.000000 0.000000 0.000000 0.000000 0.000000 0.000000 0.000000 0.000000 0.000000 0.000000 0.000000 0.000000 0.000000 0.000000 0.000000 0.000000 0.000000 
50.000000 33.980564 20.529642 10.990505 5.220622 2.209563 0.837941 0.286500 0.088865 0.025154 0.006533 0.001565 0.000347 0.000072 0.000014 0.000003 0.000000 0.000000 0.000000 0.000000 0.000000 0.000000 0.000000 0.000000 0.000000 0.000000 0.000000 0.000000 0.000000 0.000000 0.000000 0.000000 0.000000 0.000000 0.000000 0.000000 0.000000 0.000000 0.000000 0.000000 0.000000 0.000000 0.000000 0.000000 0.000000 0.000000 0.000000 0.000000 0.000000 0.000000 
50.000000 33.980564 20.529642 10.990505 5.220622 2.209563 0.837941 0.286500 0.088865 0.025154 0.006533 0.001565 0.000347 0.000072 0.000014 0.000003 0.000000 0.000000 0.000000 0.000000 0.000000 0.000000 0.000000 0.000000 0.000000 0.000000 0.000000 0.000000 0.000000 0.000000 0.000000 0.000000 0.000000 0.000000 0.000000 0.000000 0.000000 0.000000 0.000000 0.000000 0.000000 0.000000 0.000000 0.000000 0.000000 0.000000 0.000000 0.000000 0.000000 0.000000 
50.000000 33.980564 20.529642 10.990505 5.220622 2.209563 0.837941 0.286500 0.088865 0.025154 0.006533 0.001565 0.000347 0.000072 0.000014 0.000003 0.000000 0.000000 0.000000 0.000000 0.000000 0.000000 0.000000 0.000000 0.000000 0.000000 0.000000 0.000000 0.000000 0.000000 0.000000 0.000000 0.000000 0.000000 0.000000 0.000000 0.000000 0.000000 0.000000 0.000000 0.000000 0.000000 0.000000 0.000000 0.000000 0.000000 0.000000 0.000000 0.000000 0.000000 
50.000000 33.980564 20.529642 10.990505 5.220622 2.209563 0.837941 0.286500 0.088865 0.025154 0.006533 0.001565 0.000347 0.000072 0.000014 0.000003 0.000000 0.000000 0.000000 0.000000 0.000000 0.000000 0.000000 0.000000 0.000000 0.000000 0.000000 0.000000 0.000000 0.000000 0.000000 0.000000 0.000000 0.000000 0.000000 0.000000 0.000000 0.000000 0.000000 0.000000 0.000000 0.000000 0.000000 0.000000 0.000000 0.000000 0.000000 0.000000 0.000000 0.000000 
50.000000 33.980564 20.529642 10.990505 5.220622 2.209563 0.837941 0.286500 0.088865 0.025154 0.006533 0.001565 0.000347 0.000072 0.000014 0.000003 0.000000 0.000000 0.000000 0.000000 0.000000 0.000000 0.000000 0.000000 0.000000 0.000000 0.000000 0.000000 0.000000 0.000000 0.000000 0.000000 0.000000 0.000000 0.000000 0.000000 0.000000 0.000000 0.000000 0.000000 0.000000 0.000000 0.000000 0.000000 0.000000 0.000000 0.000000 0.000000 0.000000 0.000000 
50.000000 33.980564 20.529642 10.990505 5.220622 2.209563 0.837941 0.286500 0.088865 0.025154 0.006533 0.001565 0.000347 0.000072 0.000014 0.000003 0.000000 0.000000 0.000000 0.000000 0.000000 0.000000 0.000000 0.000000 0.000000 0.000000 0.000000 0.000000 0.000000 0.000000 0.000000 0.000000 0.000000 0.000000 0.000000 0.000000 0.000000 0.000000 0.000000 0.000000 0.000000 0.000000 0.000000 0.000000 0.000000 0.000000 0.000000 0.000000 0.000000 0.000000 
50.000000 33.980564 20.529642 10.990506 5.220622 2.209564 0.837941 0.286500 0.088865 0.025154 0.006534 0.001566 0.000348 0.000072 0.000014 0.000003 0.000001 0.000000 0.000000 0.000000 0.000000 0.000000 0.000000 0.000000 0.000000 0.000000 0.000000 0.000000 0.000000 0.000000 0.000000 0.000000 0.000000 0.000000 0.000000 0.000000 0.000000 0.000000 0.000000 0.000000 0.000000 0.000000 0.000000 0.000000 0.000000 0.000000 0.000000 0.000000 0.000000 0.000000 
50.000000 33.980565 20.529643 10.990507 5.220624 2.209566 0.837943 0.286502 0.088867 0.025156 0.006536 0.001568 0.000350 0.000074 0.000016 0.000005 0.000003 0.000003 0.000003 0.000003 0.000003 0.000003 0.000003 0.000003 0.000003 0.000003 0.000003 0.000003 0.000003 0.000003 0.000003 0.000003 0.000003 0.000003 0.000003 0.000003 0.000003 0.000003 0.000003 0.000003 0.000003 0.000003 0.000002 0.000002 0.000002 0.000002 0.000002 0.000002 0.000001 0.000000 
50.000000 33.980568 20.529650 10.990516 5.220634 2.209576 0.837954 0.286514 0.088878 0.025167 0.006547 0.001579 0.000361 0.000086 0.000028 0.000016 0.000014 0.000014 0.000014 0.000014 0.000014 0.000014 0.000014 0.000014 0.000014 0.000014 0.000014 0.000014 0.000014 0.000014 0.000014 0.000014 0.000014 0.000014 0.000014 0.000014 0.000014 0.000014 0.000014 0.000014 0.000014 0.000014 0.000014 0.000014 0.000013 0.000013 0.000011 0.000009 0.000005 0.000000 
50.000000 33.980587 20.529685 10.990562 5.220686 2.209632 0.838011 0.286571 0.088936 0.025225 0.006605 0.001637 0.000419 0.000144 0.000086 0.000074 0.000072 0.000072 0.000072 0.000072 0.000072 0.000072 0.000072 0.000072 0.000072 0.000072 0.000072 0.000072 0.000072 0.000072 0.000072 0.000072 0.000072 0.000072 0.000072 0.000072 0.000072 0.000072 0.000072 0.000072 0.000072 0.000072 0.000072 0.000071 0.000069 0.000066 0.000058 0.000045 0.000025 0.000000 
50.000000 33.980676 20.529849 10.990778 5.220934 2.209896 0.838283 0.286845 0.089211 0.025501 0.006881 0.001913 0.000695 0.000419 0.000361 0.000350 0.000348 0.000347 0.000347 0.000347 0.000347 0.000347 0.000347 0.000347 0.000347 0.000347 0.000347 0.000347 0.000347 0.000347 0.000347 0.000347 0.000347 0.000347 0.000347 0.000347 0.000347 0.000347 0.000347 0.000347 0.000347 0.000347 0.000346 0.000344 0.000336 0.000319 0.000282 0.000217 0.000120 0.000000 
50.000000 33.981071 20.530573 10.991735 5.222030 2.211063 0.839481 0.288057 0.090427 0.026718 0.008098 0.003130 0.001913 0.001637 0.001579 0.001568 0.001566 0.001565 0.001565 0.001565 0.001565 0.001565 0.001565 0.001565 0.001565 0.001565 0.001565 0.001565 0.001565 0.001565 0.001565 0.001565 0.001565 0.001565 0.001565 0.001565 0.001565 0.001565 0.001565 0.001565 0.001565 0.001564 0.001560 0.001548 0.001516 0.001438 0.001274 0.000981 0.000542 0.000000 
50.000000 33.982678 20.533524 10.995633 5.226495 2.215821 0.844371 0.292999 0.095387 0.031684 0.013066 0.008098 0.006881 0.006605 0.006547 0.006536 0.006534 0.006533 0.006533 0.006533 0.006533 0.006533 0.006533 0.006533 0.006533 0.006533 0.006533 0.006533 0.006533 0.006533 0.006533 0.006533 0.006533 0.006533 0.006533 0.006533 0.006533 0.006533 0.006533 0.006533 0.006532 0.006527 0.006512 0.006464 0.006332 0.006013 0.005337 0.004119 0.002279 0.000000 
50.000000 33.988691 20.544572 11.010230 5.243222 2.233648 0.862694 0.311518 0.113977 0.050296 0.031684 0.026718 0.025501 0.025225 0.025167 0.025156 0.025154 0.025154 0.025154 0.025154 0.025154 0.025154 0.025154 0.025154 0.025154 0.025154 0.025154 0.025154 0.025154 0.025154 0.025154 0.025154 0.025154 0.025154 0.025154 0.025154 0.025154 0.025154 0.025153 0.025152 0.025148 0.025131 0.025074 0.024897 0.024406 0.023204 0.020642 0.015976 0.008863 0.000000 
50.000000 34.009239 20.582329 11.060134 5.300425 2.294629 0.925380 0.374883 0.177582 0.113977 0.095387 0.090427 0.089211 0.088936 0.088878 0.088867 0.088865 0.088865 0.088865 0.088865 0.088865 0.088865 0.088865 0.088865 0.088865 0.088865 0.088865 0.088865 0.088865 0.088865 0.088865 0.088865 0.088865 0.088865 0.088865 0.088865 0.088865 0.088864 0.088864 0.088860 0.088846 0.088791 0.088601 0.088007 0.086345 0.082232 0.073359 0.056988 0.031731 0.000000 
50.000000 34.072894 20.699327 11.214817 5.477782 2.483742 1.119808 0.571431 0.374883 0.311518 0.292999 0.288057 0.286845 0.286571 0.286514 0.286502 0.286500 0.286500 0.286500 0.286500 0.286500 0.286500 0.286500 0.286500 0.286500 0.286500 0.286500 0.286500 0.286500 0.286500 0.286500 0.286500 0.286500 0.286500 0.286500 0.286500 0.286500 0.286499 0.286497 0.286487 0.286444 0.286282 0.285715 0.283928 0.278868 0.266172 0.238354 0.186126 0.104180 0.000000 
50.000000 34.250282 21.025433 11.646087 5.972406 3.011264 1.662232 1.119808 0.925380 0.862694 0.844371 0.839481 0.838283 0.838011 0.837954 0.837943 0.837941 0.837941 0.837941 0.837941 0.837941 0.837941 0.837941 0.837941 0.837941 0.837941 0.837941 0.837941 0.837941 0.837941 0.837941 0.837941 0.837941 0.837941 0.837941 0.837941 0.837940 0.837939 0.837933 0.837907 0.837797 0.837373 0.835881 0.831116 0.817435 0.782503 0.704345 0.554092 0.312594 0.000000 
50.000000 34.690986 21.835782 12.718046 7.202153 4.323067 3.011264 2.483742 2.294629 2.233648 2.215821 2.211063 2.209896 2.209632 2.209576 2.209566 2.209564 2.209563 2.209563 2.209563 2.209563 2.209563 2.209563 2.209563 2.209563 2.209563 2.209563 2.209563 2.209563 2.209563 2.209563 2.209563 2.209563 2.209563 2.209563 2.209563 2.209563 2.209560 2.209547 2.209488 2.209242 2.208284 2.204874 2.193829 2.161534 2.077183 1.883121 1.497545 0.855421 0.000000 
50.000000 35.657408 23.613128 15.069754 9.900655 7.202153 5.972406 5.477782 5.300425 5.243222 5.226495 5.222030 5.220934 5.220686 5.220634 5.220624 5.220622 5.220622 5.220622 5.220622 5.220622 5.220622 5.220622 5.220622 5.220622 5.220622 5.220622 5.220622 5.220622 5.220622 5.220622 5.220622 5.220622 5.220622 5.220622 5.220622 5.220621 5.220616 5.220592 5.220482 5.220018 5.218193 5.211609 5.189903 5.124970 4.950327 4.533159 3.664542 2.137261 0.000000 
50.000000 37.507560 27.016295 19.573629 15.069754 12.718046 11.646087 11.214817 11.060134 11.010230 10.995633 10.991735 10.990778 10.990562 10.990516 10.990507 10.990506 10.990505 10.990505 10.990505 10.990505 10.990505 10.990505 10.990505 10.990505 10.990505 10.990505 10.990505 10.990505 10.990505 10.990505 10.990505 10.990505 10.990505 10.990505 10.990505 10.990504 10.990496 10.990461 10.990296 10.989588 10.986775 10.976463 10.941742 10.834926 10.536594 9.786815 8.116025 4.912814 0.000000 
50.000000 40.564013 32.639068 27.016295 23.613128 21.835782 21.025433 20.699327 20.582329 20.544572 20.533524 20.530573 20.529849 20.529685 20.529650 20.529643 20.529642 20.529642 20.529642 20.529642 20.529642 20.529642 20.529642 20.529642 20.529642 20.529642 20.529642 20.529642 20.529642 20.529642 20.529642 20.529642 20.529642 20.529642 20.529642 20.529641 20.529640 20.529632 20.529592 20.529405 20.528596 20.525341 20.513201 20.471341 20.338238 19.948586 18.900271 16.319534 10.604268 0.000000 
50.000000 44.871483 40.564013 37.507560 35.657408 34.690986 34.250282 34.072894 34.009239 33.988691 33.982678 33.981071 33.980676 33.980587 33.980568 33.980565 33.980564 33.980564 33.980564 33.980564 33.980564 33.980564 33.980564 33.980564 33.980564 33.980564 33.980564 33.980564 33.980564 33.980564 33.980564 33.980564 33.980564 33.980564 33.980564 33.980563 33.980562 33.980557 33.980529 33.980398 33.979828 33.977508 33.968715 33.937688 33.835566 33.520146 32.594747 29.959745 22.435741 0.000000 
50.000000 50.000000 50.000000 50.000000 50.000000 50.000000 50.000000 50.000000 50.000000 50.000000 50.000000 50.000000 50.000000 50.000000 50.000000 50.000000 50.000000 50.000000 50.000000 50.000000 50.000000 50.000000 50.000000 50.000000 50.000000 50.000000 50.000000 50.000000 50.000000 50.000000 50.000000 50.000000 50.000000 50.000000 50.000000 50.000000 50.000000 50.000000 50.000000 50.000000 50.000000 50.000000 50.000000 50.000000 50.000000 50.000000 50.000000 50.000000 50.000000 50.000000 
