50.000000 50.000000 50.000000 50.000000 50.000000 50.000000 50.000000 50.000000 50.000000 50.000000 50.000000 50.000000 50.000000 50.000000 50.000000 50.000000 50.000000 50.000000 50.000000 50.000000 50.000000 50.000000 50.000000 50.000000 50.000000 50.000000 50.000000 50.000000 50.000000 50.000000 50.000000 50.000000 50.000000 50.000000 50.000000 50.000000 50.000000 50.000000 50.000000 50.000000 50.000000 50.000000 50.000000 50.000000 50.000000 50.000000 50.000000 50.000000 50.000000 50.000000 
50.000000 47.142287 44.540459 42.381870 40.747309 39.615011 38.895487 38.474771 38.247676 38.134139 38.081391 38.058544 38.049291 38.045776 38.044520 38.044097 38.043962 38.043921 38.043910 38.043906 38.043906 38.043905 38.043905 38.043905 38.043905 38.043905 38.043905 38.043905 38.043905 38.043905 38.043905 38.043905 38.043904 38.043902 38.043894 38.043864 38.043767 38.043456 38.042514 38.039793 38.032311 38.012681 37.963433 37.844756 37.567933 36.935016 35.488541 32.088924 23.571144 0.000000 
50.000000 44.540459 39.569815 35.446020 32.323405 30.160363 28.785900 27.982264 27.548497 27.331644 27.230901 27.187270 27.169599 27.162887 27.160489 27.159681 27.159423 27.159346 27.159324 27.159318 27.159316 27.159316 27.159316 27.159315 27.159315 27.159315 27.159315 27.159315 27.159315 27.159315 27.159315 27.159315 27.159314 27.159310 27.159296 27.159247 27.159082 27.158560 27.156986 27.152468 27.140136 27.108124 27.029016 26.842581 26.422304 25.512378 23.612503 19.784907 12.451535 0.000000 
50.000000 42.381870 35.446020 29.691965 25.335037 22.317120 20.399544 19.278425 18.673337 18.370859 18.230349 18.169500 18.144858 18.135498 18.132155 18.131029 18.130670 18.130562 18.130531 18.130523 18.130521 18.130520 18.130520 18.130520 18.130520 18.130520 18.130520 18.130520 18.130520 18.130520 18.130520 18.130519 18.130518 18.130514 18.130498 18.130441 18.130255 18.129668 18.127907 18.122894 18.109352 18.074682 17.990595 17.797482 17.377726 16.515225 14.845983 11.833516 6.893329 0.000000 
50.000000 40.747309 32.323405 25.335037 20.043710 16.378751 14.050195 12.688892 11.954233 11.587016 11.416449 11.342591 11.312684 11.301326 11.297269 11.295903 11.295468 11.295337 11.295299 11.295289 11.295286 11.295286 11.295286 11.295286 11.295286 11.295286 11.295286 11.295286 11.295286 11.295286 11.295285 11.295285 11.295284 11.295280 11.295265 11.295214 11.295046 11.294517 11.292942 11.288500 11.276638 11.246712 11.175505 11.016032 10.680768 10.021855 8.819812 6.811027 3.812292 0.000000 
50.000000 39.615011 30.160363 22.317120 16.378751 12.265844 9.652845 8.125366 7.301092 6.889118 6.697780 6.614937 6.581395 6.568658 6.564109 6.562577 6.562089 6.561942 6.561900 6.561889 6.561886 6.561885 6.561885 6.561885 6.561885 6.561885 6.561885 6.561885 6.561885 6.561885 6.561885 6.561884 6.561884 6.561880 6.561869 6.561829 6.561700 6.561295 6.560100 6.556757 6.547933 6.525985 6.474688 6.362373 6.132922 5.697983 4.939393 3.738059 2.047077 0.000000 
50.000000 38.895487 28.785900 20.399544 14.050195 9.652845 6.859291 5.226368 4.345257 3.904911 3.700413 3.611879 3.576037 3.562428 3.557568 3.555932 3.555411 3.555254 3.555209 3.555196 3.555193 3.555192 3.555192 3.555192 3.555192 3.555192 3.555192 3.555192 3.555192 3.555192 3.555192 3.555192 3.555191 3.555189 3.555181 3.555155 3.555067 3.554796 3.554001 3.551798 3.546043 3.531915 3.499418 3.429645 3.290472 3.034162 2.602062 1.943318 1.050732 0.000000 
50.000000 38.474771 27.982264 19.278425 12.688892 8.125366 5.226368 3.531897 2.617626 2.160736 1.948569 1.856721 1.819540 1.805424 1.800383 1.798686 1.798146 1.797983 1.797936 1.797923 1.797920 1.797919 1.797919 1.797919 1.797919 1.797919 1.797919 1.797919 1.797919 1.797919 1.797919 1.797919 1.797919 1.797917 1.797913 1.797896 1.797844 1.797682 1.797210 1.795913 1.792558 1.784416 1.765948 1.726951 1.650678 1.513387 1.287830 0.953248 0.511338 0.000000 
50.000000 38.247676 27.548497 18.673337 11.954233 7.301092 4.345257 2.617626 1.685500 1.219707 1.003417 0.909788 0.871888 0.857500 0.852362 0.850633 0.850082 0.849916 0.849869 0.849856 0.849852 0.849851 0.849851 0.849851 0.849851 0.849851 0.849851 0.849851 0.849851 0.849851 0.849851 0.849851 0.849851 0.849850 0.849848 0.849839 0.849810 0.849723 0.849470 0.848779 0.847007 0.842750 0.833210 0.813342 0.775106 0.707521 0.598655 0.440373 0.234995 0.000000 
50.000000 38.134139 27.331644 18.370859 11.587016 6.889118 3.904911 2.160736 1.219707 0.749479 0.531135 0.436621 0.398363 0.383840 0.378654 0.376908 0.376353 0.376185 0.376137 0.376124 0.376121 0.376120 0.376120 0.376120 0.376120 0.376120 0.376120 0.376120 0.376120 0.376120 0.376120 0.376119 0.376119 0.376119 0.376118 0.376113 0.376099 0.376056 0.375932 0.375596 0.374739 0.372701 0.368178 0.358868 0.341185 0.310378 0.261507 0.191508 0.101828 0.000000 
50.000000 38.081391 27.230901 18.230349 11.416449 6.697780 3.700413 1.948569 1.003417 0.531135 0.311841 0.216917 0.178495 0.163909 0.158701 0.156948 0.156390 0.156222 0.156174 0.156160 0.156157 0.156156 0.156156 0.156156 0.156156 0.156156 0.156156 0.156156 0.156156 0.156156 0.156156 0.156156 0.156156 0.156156 0.156155 0.156153 0.156147 0.156127 0.156071 0.155920 0.155539 0.154638 0.152656 0.148615 0.141023 0.127949 0.107455 0.078433 0.041598 0.000000 
50.000000 38.058544 27.187270 18.169500 11.342591 6.614937 3.611879 1.856721 0.909788 0.436621 0.216917 0.121818 0.083324 0.068711 0.063494 0.061738 0.061179 0.061010 0.060962 0.060949 0.060945 0.060944 0.060944 0.060944 0.060944 0.060944 0.060944 0.060944 0.060944 0.060944 0.060944 0.060944 0.060944 0.060944 0.060944 0.060943 0.060940 0.060932 0.060909 0.060846 0.060689 0.060319 0.059511 0.057878 0.054837 0.049649 0.041593 0.030284 0.016031 0.000000 
50.000000 38.049291 27.169599 18.144858 11.312684 6.581395 3.576037 1.819540 0.871888 0.398363 0.178495 0.083324 0.044802 0.030179 0.024957 0.023200 0.022640 0.022472 0.022423 0.022410 0.022407 0.022406 0.022406 0.022406 0.022406 0.022406 0.022406 0.022406 0.022406 0.022406 0.022406 0.022406 0.022406 0.022406 0.022406 0.022405 0.022404 0.022401 0.022392 0.022368 0.022307 0.022165 0.021858 0.021241 0.020100 0.018167 0.015190 0.011039 0.005835 0.000000 
50.000000 38.045776 27.162887 18.135498 11.301326 6.568658 3.562428 1.805424 0.857500 0.383840 0.163909 0.068711 0.030179 0.015551 0.010328 0.008570 0.008011 0.007842 0.007794 0.007780 0.007777 0.007776 0.007776 0.007776 0.007776 0.007776 0.007776 0.007776 0.007776 0.007776 0.007776 0.007776 0.007776 0.007776 0.007776 0.007776 0.007775 0.007774 0.007771 0.007762 0.007740 0.007689 0.007580 0.007361 0.006958 0.006281 0.005243 0.003805 0.002009 0.000000 
50.000000 38.044520 27.160489 18.132155 11.297269 6.564109 3.557568 1.800383 0.852362 0.378654 0.158701 0.063494 0.024957 0.010328 0.005105 0.003347 0.002787 0.002619 0.002570 0.002557 0.002554 0.002553 0.002553 0.002553 0.002553 0.002553 0.002553 0.002553 0.002553 0.002553 0.002553 0.002553 0.002553 0.002553 0.002553 0.002553 0.002553 0.002552 0.002551 0.002548 0.002541 0.002523 0.002487 0.002413 0.002279 0.002055 0.001714 0.001242 0.000655 0.000000 
50.000000 38.044097 27.159681 18.131029 11.295903 6.562577 3.555932 1.798686 0.850633 0.376908 0.156948 0.061738 0.023200 0.008570 0.003347 0.001589 0.001029 0.000860 0.000812 0.000799 0.000795 0.000795 0.000794 0.000794 0.000794 0.000794 0.000794 0.000794 0.000794 0.000794 0.000794 0.000794 0.000794 0.000794 0.000794 0.000794 0.000794 0.000794 0.000794 0.000793 0.000790 0.000785 0.000773 0.000750 0.000708 0.000638 0.000531 0.000385 0.000203 0.000000 
50.000000 38.043962 27.159423 18.130670 11.295468 6.562089 3.555411 1.798146 0.850082 0.376353 0.156390 0.061179 0.022640 0.008011 0.002787 0.001029 0.000469 0.000301 0.000252 0.000239 0.000236 0.000235 0.000235 0.000235 0.000235 0.000235 0.000235 0.000235 0.000235 0.000235 0.000235 0.000235 0.000235 0.000235 0.000235 0.000235 0.000235 0.000235 0.000235 0.000234 0.000234 0.000232 0.000228 0.000221 0.000209 0.000188 0.000157 0.000113 0.000060 0.000000 
50.000000 38.043921 27.159346 18.130562 11.295337 6.561942 3.555254 1.797983 0.849916 0.376185 0.156222 0.061010 0.022472 0.007842 0.002619 0.000860 0.000301 0.000132 0.000084 0.000071 0.000067 0.000066 0.000066 0.000066 0.000066 0.000066 0.000066 0.000066 0.000066 0.000066 0.000066 0.000066 0.000066 0.000066 0.000066 0.000066 0.000066 0.000066 0.000066 0.000066 0.000066 0.000065 0.000064 0.000062 0.000059 0.000053 0.000044 0.000032 0.000017 0.000000 
50.000000 38.043910 27.159324 18.130531 11.295299 6.561900 3.555209 1.797936 0.849869 0.376137 0.156174 0.060962 0.022423 0.007794 0.002570 0.000812 0.000252 0.000084 0.000035 0.000022 0.000019 0.000018 0.000018 0.000018 0.000018 0.000018 0.000018 0.000018 0.000018 0.000018 0.000018 0.000018 0.000018 0.000018 0.000018 0.000018 0.000018 0.000018 0.000018 0.000018 0.000018 0.000017 0.000017 0.000017 0.000016 0.000014 0.000012 0.000008 0.000004 0.000000 
50.000000 38.043906 27.159318 18.130523 11.295289 6.561889 3.555196 1.797923 0.849856 0.376124 0.156160 0.060949 0.022410 0.007780 0.002557 0.000799 0.000239 0.000071 0.000022 0.000009 0.000006 0.000005 0.000005 0.000005 0.000005 0.000005 0.000005 0.000005 0.000005 0.000005 0.000005 0.000005 0.000005 0.000005 0.000005 0.000005 0.000005 0.000005 0.000005 0.000005 0.000004 0.000004 0.000004 0.000004 0.000004 0.000004 0.000003 0.000002 0.000001 0.000000 
50.000000 38.043906 27.159316 18.130521 11.295286 6.561886 3.555193 1.797920 0.849852 0.376121 0.156157 0.060945 0.022407 0.007777 0.002554 0.000795 0.000236 0.000067 0.000019 0.000006 0.000002 0.000001 0.000001 0.000001 0.000001 0.000001 0.000001 0.000001 0.000001 0.000001 0.000001 0.000001 0.000001 0.000001 0.000001 0.000001 0.000001 0.000001 0.000001 0.000001 0.000001 0.000001 0.000001 0.000001 0.000001 0.000001 0.000001 0.000001 0.000000 0.000000 
50.000000 38.043905 27.159316 18.130520 11.295286 6.561885 3.555192 1.797919 0.849851 0.376120 0.156156 0.060944 0.022406 0.007776 0.002553 0.000795 0.000235 0.000066 0.000018 0.000005 0.000001 0.000001 0.000000 0.000000 0.000000 0.000000 0.000000 0.000000 0.000000 0.000000 0.000000 0.000000 0.000000 0.000000 0.000000 0.000000 0.000000 0.000000 0.000000 0.000000 0.000000 0.000000 0.000000 0.000000 0.000000 0.000000 0.000000 0.000000 0.000000 0.000000 
50.000000 38.043905 27.159316 18.130520 11.295286 6.561885 3.555192 1.797919 0.849851 0.376120 0.156156 0.060944 0.022406 0.007776 0.002553 0.000794 0.000235 0.000066 0.000018 0.000005 0.000001 0.000000 0.000000 0.000000 0.000000 0.000000 0.000000 0.000000 0.000000 0.000000 0.000000 0.000000 0.000000 0.000000 0.000000 0.000000 0.000000 0.000000 0.000000 0.000000 0.000000 0.000000 0.000000 0.000000 0.000000 0.000000 0.000000 0.000000 0.000000 0.000000 
50.000000 38.043905 27.159315 18.130520 11.295286 6.561885 3.555192 1.797919 0.849851 0.376120 0.156156 0.060944 0.022406 0.007776 0.002553 0.000794 0.000235 0.000066 0.000018 0.000005 0.000001 0.000000 0.000000 0.000000 0.000000 0.000000 0.000000 0.000000 0.000000 0.000000 0.000000 0.000000 0.000000 0.000000 0.000000 0.000000 0.000000 0.000000 0.000000 0.000000 0.000000 0.000000 0.000000 0.000000 0.000000 0.000000 0.000000 0.000000 0.000000 0.000000 
50.000000 38.043905 27.159315 18.130520 11.295286 6.561885 3.555192 1.797919 0.849851 0.376120 0.156156 0.060944 0.022406 0.007776 0.002553 0.000794 0.000235 0.000066 0.000018 0.000005 0.000001 0.000000 0.000000 0.000000 0.000000 0.000000 0.000000 0.000000 0.000000 0.000000 0.000000 0.000000 0.000000 0.000000 0.000000 0.000000 0.000000 0.000000 0.000000 0.000000 0.000000 0.000000 0.000000 0.000000 0.000000 0.000000 0.000000 0.000000 0.000000 0.000000 
50.000000 38.043905 27.159315 18.130520 11.295286 6.561885 3.555192 1.797919 0.849851 0.376120 0.156156 0.060944 0.022406 0.007776 0.002553 0.000794 0.000235 0.000066 0.000018 0.000005 0.000001 0.000000 0.000000 0.000000 0.000000 0.000000 0.000000 0.000000 0.000000 0.000000 0.000000 0.000000 0.000000 0.000000 0.000000 0.000000 0.000000 0.000000 0.000000 0.000000 0.000000 0.000000 0.000000 0.000000 0.000000 0.000000 0.000000 0.000000 0.000000 0.000000 
50.000000 38.043905 27.159315 18.130520 11.295286 6.561885 3.555192 1.797919 0.849851 0.376120 0.156156 0.060944 0.022406 0.007776 0.002553 0.000794 0.000235 0.000066 0.000018 0.000005 0.000001 0.000000 0.000000 0.000000 0.000000 0.000000 0.000000 0.000000 0.000000 0.000000 0.000000 0.000000 0.000000 0.000000 0.000000 0.000000 0.000000 0.000000 0.000000 0.000000 0.000000 0.000000 0.000000 0.000000 0.000000 0.000000 0.000000 0.000000 0.000000 0.000000 
50.000000 38.043905 27.159316 18.130520 11.295286 6.561885 3.555192 1.797919 0.849851 0.376120 0.156156 0.060944 0.022406 0.007776 0.002553 0.000794 0.000235 0.000066 0.000018 0.000005 0.000001 0.000000 0.000000 0.000000 0.000000 0.000000 0.000000 0.000000 0.000000 0.000000 0.000000 0.000000 0.000000 0.000000 0.000000 0.000000 0.000000 0.000000 0.000000 0.000000 0.000000 0.000000 0.000000 0.000000 0.000000 0.000000 0.000000 0.000000 0.000000 0.000000 
50.000000 38.043905 27.159316 18.130520 11.295286 6.561885 3.555192 1.797919 0.849851 0.376120 0.156156 0.060944 0.022406 0.007776 0.002553 0.000795 0.000235 0.000066 0.000018 0.000005 0.000001 0.000001 0.000000 0.000000 0.000000 0.000000 0.000000 0.000000 0.000000 0.000000 0.000000 0.000000 0.000000 0.000000 0.000000 0.000000 0.000000 0.000000 0.000000 0.000000 0.000000 0.000000 0.000000 0.000000 0.000000 0.000000 0.000000 0.000000 0.000000 0.000000 
50.000000 38.043906 27.159316 18.130521 11.295286 6.561886 3.555193 1.797920 0.849852 0.376121 0.156157 0.060945 0.022407 0.007777 0.002554 0.000795 0.000236 0.000067 0.000019 0.000006 0.000002 0.000001 0.000001 0.000001 0.000001 0.000001 0.000001 0.000001 0.000001 0.000001 0.000001 0.000001 0.000001 0.000001 0.000001 0.000001 0.000001 0.000001 0.000001 0.000001 0.000001 0.000001 0.000001 0.000001 0.000001 0.000001 0.000001 0.000001 0.000000 0.000000 
50.000000 38.043906 27.159318 18.130523 11.295289 6.561889 3.555196 1.797923 0.849856 0.376124 0.156160 0.060949 0.022410 0.007780 0.002557 0.000799 0.000239 0.000071 0.000022 0.000009 0.000006 0.000005 0.000005 0.000005 0.000005 0.000005 0.000005 0.000005 0.000005 0.000005 0.000005 0.000005 0.000005 0.000005 0.000005 0.000005 0.000005 0.000005 0.000005 0.000005 0.000004 0.000004 0.000004 0.000004 0.000004 0.000004 0.000003 0.000002 0.000001 0.000000 
50.000000 38.043910 27.159324 18.130531 11.295299 6.561900 3.555209 1.797936 0.849869 0.376137 0.156174 0.060962 0.022423 0.007794 0.002570 0.000812 0.000252 0.000084 0.000035 0.000022 0.000019 0.000018 0.000018 0.000018 0.000018 0.000018 0.000018 0.000018 0.000018 0.000018 0.000018 0.000018 0.000018 0.000018 0.000018 0.000018 0.000018 0.000018 0.000018 0.000018 0.000018 0.000017 0.000017 0.000017 0.000016 0.000014 0.000012 0.000008 0.000004 0.000000 
50.000000 38.043921 27.159346 18.130562 11.295337 6.561942 3.555254 1.797983 0.849916 0.376185 0.156222 0.061010 0.022472 0.007842 0.002619 0.000860 0.000301 0.000132 0.000084 0.000071 0.000067 0.000066 0.000066 0.000066 0.000066 0.000066 0.000066 0.000066 0.000066 0.000066 0.000066 0.000066 0.000066 0.000066 0.000066 0.000066 0.000066 0.000066 0.000066 0.000066 0.000066 0.000065 0.000064 0.000062 0.000059 0.000053 0.000044 0.000032 0.000017 0.000000 
50.000000 38.043962 27.159423 18.130670 11.295468 6.562089 3.555411 1.798146 0.850082 0.376353 0.156390 0.061179 0.022640 0.008011 0.002787 0.001029 0.000469 0.000301 0.000252 0.000239 0.000236 0.000235 0.000235 0.000235 0.000235 0.000235 0.000235 0.000235 0.000235 0.000235 0.000235 0.000235 0.000235 0.000235 0.000235 0.000235 0.000235 0.000235 0.000235 0.000234 0.000234 0.000232 0.000228 0.000221 0.000209 0.000188 0.000157 0.000113 0.000060 0.000000 
50.000000 38.044097 27.159681 18.131029 11.295903 6.562577 3.555932 1.798686 0.850633 0.376908 0.156948 0.061738 0.023200 0.008570 0.003347 0.001589 0.001029 0.000860 0.000812 0.000799 0.000795 0.000795 0.000794 0.000794 0.000794 0.000794 0.000794 0.000794 0.000794 0.000794 0.000794 0.000794 0.000794 0.000794 0.000794 0.000794 0.000794 0.000794 0.000794 0.000793 0.000790 0.000785 0.000773 0.000750 0.000708 0.000638 0.000531 0.000385 0.000203 0.000000 
50.000000 38.044520 27.160489 18.132155 11.297269 6.564109 3.557568 1.800383 0.852362 0.378654 0.158701 0.063494 0.024957 0.010328 0.005105 0.003347 0.002787 0.002619 0.002570 0.002557 0.002554 0.002553 0.002553 0.002553 0.002553 0.002553 0.002553 0.002553 0.002553 0.002553 0.002553 0.002553 0.002553 0.002553 0.002553 0.002553 0.002553 0.002552 0.002551 0.002548 0.002541 0.002523 0.002487 0.002413 0.002279 0.002055 0.001714 0.001242 0.000655 0.000000 
50.000000 38.045776 27.162887 18.135498 11.301326 6.568658 3.562428 1.805424 0.857500 0.383840 0.163909 0.068711 0.030179 0.015551 0.010328 0.008570 0.008011 0.007842 0.007794 0.007780 0.007777 0.007776 0.007776 0.007776 0.007776 0.007776 0.007776 0.007776 0.007776 0.007776 0.007776 0.007776 0.007776 0.007776 0.007776 0.007776 0.007775 0.007774 0.007771 0.007762 0.007740 0.007689 0.007580 0.007361 0.006958 0.006281 0.005243 0.003805 0.002009 0.000000 
50.000000 38.049291 27.169599 18.144858 11.312684 6.581395 3.576037 1.819540 0.871888 0.398363 0.178495 0.083324 0.044802 0.030179 0.024957 0.023200 0.022640 0.022472 0.022423 0.022410 0.022407 0.022406 0.022406 0.022406 0.022406 0.022406 0.022406 0.022406 0.022406 0.022406 0.022406 0.022406 0.022406 0.022406 0.022406 0.022405 0.022404 0.022401 0.022392 0.022368 0.022307 0.022165 0.021858 0.021241 0.020100 0.018167 0.015190 0.011039 0.005835 0.000000 
50.000000 38.058544 27.187270 18.169500 11.342591 6.614937 3.611879 1.856721 0.909788 0.436621 0.216917 0.121818 0.083324 0.068711 0.063494 0.061738 0.061179 0.061010 0.060962 0.060949 0.060945 0.060944 0.060944 0.060944 0.060944 0.060944 0.060944 0.060944 0.060944 0.060944 0.060944 0.060944 0.060944 0.060944 0.060944 0.060943 0.060940 0.060932 0.060909 0.060846 0.060689 0.060319 0.059511 0.057878 0.054837 0.049649 0.041593 0.030284 0.016031 0.000000 
50.000000 38.081391 27.230901 18.230349 11.416449 6.697780 3.700413 1.948569 1.003417 0.531135 0.311841 0.216917 0.178495 0.163909 0.158701 0.156948 0.156390 0.156222 0.156174 0.156160 0.156157 0.156156 0.156156 0.156156 0.156156 0.156156 0.156156 0.156156 0.156156 0.156156 0.156156 0.156156 0.156156 0.156156 0.156155 0.156153 0.156147 0.156127 0.156071 0.155920 0.155539 0.154638 0.152656 0.148615 0.141023 0.127949 0.107455 0.078433 0.041598 0.000000 
50.000000 38.134139 27.331644 18.370859 11.587016 6.889118 3.904911 2.160736 1.219707 0.749479 0.531135 0.436621 0.398363 0.383840 0.378654 0.376908 0.376353 0.376185 0.376137 0.376124 0.376121 0.376120 0.376120 0.376120 0.376120 0.376120 0.376120 0.376120 0.376120 0.376120 0.376120 0.376119 0.376119 0.376119 0.376118 0.376113 0.376099 0.376056 0.375932 0.375596 0.374739 0.372701 0.368178 0.358868 0.341185 0.310378 0.261507 0.191508 0.101828 0.000000 
50.000000 38.247676 27.548497 18.673337 11.954233 7.301092 4.345257 2.617626 1.685500 1.219707 1.003417 0.909788 0.871888 0.857500 0.852362 0.850633 0.850082 0.849916 0.849869 0.849856 0.849852 0.849851 0.849851 0.849851 0.849851 0.849851 0.849851 0.849851 0.849851 0.849851 0.849851 0.849851 0.849851 0.849850 0.849848 0.849839 0.849810 0.849723 0.849470 0.848779 0.847007 0.842750 0.833210 0.813342 0.775106 0.707521 0.598655 0.440373 0.234995 0.000000 
50.000000 38.474771 27.982264 19.278425 12.688892 8.125366 5.226368 3.531897 2.617626 2.160736 1.948569 1.856721 1.819540 1.805424 1.800383 1.798686 1.798146 1.797983 1.797936 1.797923 1.797920 1.797919 1.797919 1.797919 1.797919 1.797919 1.797919 1.797919 1.797919 1.797919 1.797919 1.797919 1.797919 1.797917 1.797913 1.797896 1.797844 1.797682 1.797210 1.795913 1.792558 1.784416 1.765948 1.726951 1.650678 1.513387 1.287830 0.953248 0.511338 0.000000 
50.000000 38.895487 28.785900 20.399544 14.050195 9.652845 6.859291 5.226368 4.345257 3.904911 3.700413 3.611879 3.576037 3.562428 3.557568 3.555932 3.555411 3.555254 3.555209 3.555196 3.555193 3.555192 3.555192 3.555192 3.555192 3.555192 3.555192 3.555192 3.555192 3.555192 3.555192 3.555192 3.555191 3.555189 3.555181 3.555155 3.555067 3.554796 3.554001 3.551798 3.546043 3.531915 3.499418 3.429645 3.290472 3.034162 2.602062 1.943318 1.050732 0.000000 
50.000000 39.615011 30.160363 22.317120 16.378751 12.265844 9.652845 8.125366 7.301092 6.889118 6.697780 6.614937 6.581395 6.568658 6.564109 6.562577 6.562089 6.561942 6.561900 6.561889 6.561886 6.561885 6.561885 6.561885 6.561885 6.561885 6.561885 6.561885 6.561885 6.561885 6.561885 6.561884 6.561884 6.561880 6.561869 6.561829 6.561700 6.561295 6.560100 6.556757 6.547933 6.525985 6.474688 6.362373 6.132922 5.697983 4.939393 3.738059 2.047077 0.000000 
50.000000 40.747309 32.323405 25.335037 20.043710 16.378751 14.050195 12.688892 11.954233 11.587016 11.416449 11.342591 11.312684 11.301326 11.297269 11.295903 11.295468 11.295337 11.295299 11.295289 11.295286 11.295286 11.295286 11.295286 11.295286 11.295286 11.295286 11.295286 11.295286 11.295286 11.295285 11.295285 11.295284 11.295280 11.295265 11.295214 11.295046 11.294517 11.292942 11.288500 11.276638 11.246712 11.175505 11.016032 10.680768 10.021855 8.819812 6.811027 3.812292 0.000000 
50.000000 42.381870 35.446020 29.691965 25.335037 22.317120 20.399544 19.278425 18.673337 18.370859 18.230349 18.169500 18.144858 18.135498 18.132155 18.131029 18.130670 18.130562 18.130531 18.130523 18.130521 18.130520 18.130520 18.130520 18.130520 18.130520 18.130520 18.130520 18.130520 18.130520 18.130520 18.130519 18.130518 18.130514 18.130498 18.130441 18.130255 18.129668 18.127907 18.122894 18.109352 18.074682 17.990595 17.797482 17.377726 16.515225 14.845983 11.833516 6.893329 0.000000 
50.000000 44.540459 39.569815 35.446020 32.323405 30.160363 28.785900 27.982264 27.548497 27.331644 27.230901 27.187270 27.169599 27.162887 27.160489 27.159681 27.159423 27.159346 27.159324 27.159318 27.159316 27.159316 27.159316 27.159315 27.159315 27.159315 27.159315 27.159315 27.159315 27.159315 27.159315 27.159315 27.159314 27.159310 27.159296 27.159247 27.159082 27.158560 27.156986 27.152468 27.140136 27.108124 27.029016 26.842581 26.422304 25.512378 23.612503 19.784907 12.451535 0.000000 
50.000000 47.142287 44.540459 42.381870 40.747309 39.615011 38.895487 38.474771 38.247676 38.134139 38.081391 38.058544 38.049291 38.045776 38.044520 38.044097 38.043962 38.043921 38.043910 38.043906 38.043906 38.043905 38.043905 38.043905 38.043905 38.043905 38.043905 38.043905 38.043905 38.043905 38.043905 38.043905 38.043904 38.043902 38.043894 38.043864 38.043767 38.043456 38.042514 38.039793 38.032311 38.012681 37.963433 37.844756 37.567933 36.935016 35.488541 32.088924 23.571144 0.000000 
50.000000 50.000000 50.000000 50.000000 50.000000 50.000000 50.000000 50.000000 50.000000 50.000000 50.000000 50.000000 50.000000 50.000000 50.000000 50.000000 50.000000 50.000000 50.000000 50.000000 50.000000 50.000000 50.000000 50.000000 50.000000 50.000000 50.000000 50.000000 50.000000 50.000000 50.000000 50.000000 50.000000 50.000000 50.000000 50.000000 50.000000 50.000000 50.000000 50.000000 50.000000 50.000000 50.000000 50.000000 50.000000 50.000000 50.000000 50.000000 50.000000 50.000000 
