50.000000 50.000000 50.000000 50.000000 50.000000 50.000000 50.000000 50.000000 50.000000 50.000000 50.000000 50.000000 50.000000 50.000000 50.000000 50.000000 50.000000 50.000000 50.000000 50.000000 50.000000 50.000000 50.000000 50.000000 50.000000 50.000000 50.000000 50.000000 50.000000 50.000000 50.000000 50.000000 50.000000 50.000000 50.000000 50.000000 50.000000 50.000000 50.000000 50.000000 50.000000 50.000000 50.000000 50.000000 50.000000 50.000000 50.000000 50.000000 50.000000 50.000000 
50.000000 48.532746 47.133049 45.859146 44.752773 43.835581 43.109502 42.560367 42.163372 41.888853 41.707163 41.591984 41.521995 41.481196 41.458363 41.446085 41.439736 41.436575 41.435060 41.434360 41.434048 41.433913 41.433857 41.433835 41.433826 41.433823 41.433821 41.433819 41.433816 41.433808 41.433787 41.433736 41.433614 41.433331 41.432694 41.431302 41.428349 41.422260 41.410042 41.386151 41.340519 41.255106 41.097669 40.809896 40.282835 39.300583 37.395675 33.432273 24.266373 0.000000 
50.000000 47.133049 44.398104 41.908960 39.747170 37.955035 36.536330 35.463367 34.687676 34.151297 33.796299 33.571256 33.434509 33.354797 33.310186 33.286197 33.273792 33.267618 33.264658 33.263290 33.262680 33.262417 33.262308 33.262264 33.262247 33.262240 33.262237 33.262234 33.262228 33.262213 33.262174 33.262080 33.261856 33.261336 33.260169 33.257624 33.252239 33.241169 33.219046 33.176016 33.094413 32.943168 32.668306 32.176405 31.304732 29.765446 27.040511 22.199052 13.700775 0.000000 
50.000000 45.859146 41.908960 38.313807 35.191475 32.603064 30.554020 29.004348 27.884036 27.109366 26.596663 26.271652 26.074163 25.959045 25.894621 25.859978 25.842064 25.833148 25.828874 25.826898 25.826018 25.825638 25.825481 25.825417 25.825392 25.825382 25.825378 25.825374 25.825366 25.825346 25.825296 25.825173 25.824880 25.824204 25.822690 25.819399 25.812462 25.798269 25.770081 25.715681 25.613573 25.426902 25.093965 24.513548 23.522818 21.865868 19.156903 14.868449 8.463471 0.000000 
50.000000 44.752773 39.747170 35.191475 31.234955 27.955028 25.358592 23.394956 21.975395 20.993817 20.344187 19.932383 19.682160 19.536307 19.454684 19.410794 19.388098 19.376803 19.371388 19.368886 19.367770 19.367290 19.367090 19.367009 19.366978 19.366965 19.366960 19.366955 19.366946 19.366924 19.366869 19.366734 19.366413 19.365673 19.364022 19.360449 19.352953 19.337710 19.307660 19.250215 19.143676 18.951903 18.616730 18.047886 17.111059 15.617477 13.325608 9.981724 5.452190 0.000000 
50.000000 43.835581 37.955035 32.603064 27.955028 24.101877 21.051703 18.744947 17.077362 15.924305 15.161202 14.677477 14.383560 14.212242 14.116371 14.064821 14.038165 14.024900 14.018541 14.015602 14.014291 14.013727 14.013492 14.013398 14.013361 14.013347 14.013341 14.013336 14.013327 14.013305 14.013251 14.013119 14.012806 14.012087 14.010489 14.007046 13.999864 13.985359 13.957000 13.903333 13.805051 13.630912 13.332549 12.838748 12.050938 10.843969 9.080246 6.650303 3.552747 0.000000 
50.000000 43.109502 36.536330 30.554020 25.358592 21.051703 17.642392 15.064067 13.200195 11.911438 11.058545 10.517916 10.189432 9.997970 9.890830 9.833222 9.803434 9.788611 9.781505 9.778221 9.776757 9.776127 9.775864 9.775759 9.775718 9.775702 9.775695 9.775690 9.775682 9.775663 9.775614 9.775497 9.775218 9.774582 9.773173 9.770154 9.763892 9.751334 9.726991 9.681396 9.598929 9.455009 9.212935 8.821196 8.212955 7.310706 6.040472 4.359925 2.299607 0.000000 
50.000000 42.560367 35.463367 29.004348 23.394956 18.744947 15.064067 12.280407 10.268130 8.876787 7.956022 7.372384 7.017776 6.811093 6.695438 6.633254 6.601101 6.585101 6.577431 6.573887 6.572307 6.571627 6.571344 6.571230 6.571186 6.571168 6.571162 6.571157 6.571150 6.571134 6.571094 6.570997 6.570768 6.570248 6.569100 6.566653 6.561609 6.551567 6.532263 6.496464 6.432477 6.322363 6.140204 5.851133 5.412398 4.778226 3.910383 2.795060 1.462698 0.000000 
50.000000 42.163372 34.687676 27.884036 21.975395 17.077362 13.200195 10.268130 8.148606 6.683134 5.713331 5.098622 4.725145 4.507469 4.385666 4.320178 4.286318 4.269468 4.261392 4.257660 4.255996 4.255280 4.254982 4.254862 4.254815 4.254797 4.254790 4.254786 4.254781 4.254768 4.254737 4.254663 4.254488 4.254090 4.253218 4.251369 4.247580 4.240087 4.225800 4.199553 4.153150 4.074303 3.945767 3.745186 3.446450 3.023492 2.457133 1.744508 0.908266 0.000000 
50.000000 41.888853 34.151297 27.109366 20.993817 15.924305 11.911438 8.876787 6.683134 5.166432 4.162743 3.526566 3.140053 2.914784 2.788736 2.720966 2.685928 2.668492 2.660135 2.656274 2.654552 2.653811 2.653503 2.653379 2.653330 2.653312 2.653305 2.653301 2.653297 2.653288 2.653265 2.653211 2.653086 2.652801 2.652179 2.650866 2.648193 2.642940 2.633001 2.614901 2.583216 2.529985 2.444310 2.312508 2.119254 1.850141 1.495793 1.056884 0.548333 0.000000 
50.000000 41.707163 33.796299 26.596663 20.344187 15.161202 11.058545 7.956022 5.713331 4.162743 3.136643 2.486271 2.091140 1.860852 1.731998 1.662721 1.626904 1.609081 1.600539 1.596592 1.594832 1.594075 1.593760 1.593633 1.593583 1.593565 1.593558 1.593554 1.593551 1.593545 1.593529 1.593493 1.593407 1.593215 1.592796 1.591917 1.590136 1.586659 1.580126 1.568321 1.547842 1.513778 1.459558 1.377149 1.257868 1.093972 0.880982 0.620283 0.321012 0.000000 
50.000000 41.591984 33.571256 26.271652 19.932383 14.677477 10.517916 7.372384 5.098622 3.526566 2.486271 1.826910 1.426322 1.192857 1.062226 0.991996 0.955686 0.937619 0.928960 0.924958 0.923174 0.922407 0.922087 0.921959 0.921909 0.921890 0.921883 0.921880 0.921877 0.921873 0.921863 0.921839 0.921785 0.921661 0.921395 0.920837 0.919712 0.917530 0.913455 0.906145 0.893565 0.872823 0.840121 0.790925 0.720477 0.624723 0.501572 0.352210 0.181942 0.000000 
50.000000 41.521995 33.434509 26.074163 19.682160 14.383560 10.189432 7.017776 4.725145 3.140053 2.091140 1.426322 1.022422 0.787030 0.655322 0.584513 0.547905 0.529689 0.520959 0.516924 0.515126 0.514352 0.514030 0.513901 0.513850 0.513831 0.513824 0.513821 0.513819 0.513817 0.513810 0.513796 0.513763 0.513688 0.513526 0.513190 0.512514 0.511211 0.508792 0.504481 0.497113 0.485058 0.466209 0.438098 0.398201 0.344450 0.275894 0.193340 0.099735 0.000000 
50.000000 41.481196 33.354797 25.959045 19.536307 14.212242 9.997970 6.811093 4.507469 2.914784 1.860852 1.192857 0.787030 0.550515 0.418181 0.347035 0.310253 0.291951 0.283179 0.279126 0.277320 0.276542 0.276218 0.276088 0.276038 0.276018 0.276011 0.276009 0.276007 0.276006 0.276002 0.275994 0.275974 0.275931 0.275837 0.275644 0.275258 0.274515 0.273145 0.270716 0.266592 0.259889 0.249483 0.234078 0.212378 0.183354 0.146583 0.102558 0.052847 0.000000 
50.000000 41.458363 33.310186 25.894621 19.454684 14.116371 9.890830 6.695438 4.385666 2.788736 1.731998 1.062226 0.655322 0.418181 0.285496 0.214162 0.177284 0.158934 0.150139 0.146075 0.144263 0.143484 0.143159 0.143029 0.142978 0.142959 0.142952 0.142949 0.142948 0.142947 0.142945 0.142940 0.142929 0.142905 0.142854 0.142748 0.142537 0.142132 0.141390 0.140080 0.137869 0.134297 0.128785 0.120676 0.109325 0.094235 0.075222 0.052562 0.027062 0.000000 
50.000000 41.446085 33.286197 25.859978 19.410794 14.064821 9.833222 6.633254 4.320178 2.720966 1.662721 0.991996 0.584513 0.347035 0.214162 0.142729 0.105798 0.087422 0.078614 0.074545 0.072731 0.071950 0.071625 0.071495 0.071444 0.071425 0.071418 0.071415 0.071414 0.071413 0.071412 0.071410 0.071404 0.071391 0.071364 0.071308 0.071198 0.070987 0.070601 0.069925 0.068787 0.066959 0.064153 0.060048 0.054332 0.046771 0.037288 0.026029 0.013392 0.000000 
50.000000 41.439736 33.273792 25.842064 19.388098 14.038165 9.803434 6.601101 4.286318 2.685928 1.626904 0.955686 0.547905 0.310253 0.177284 0.105798 0.068840 0.050451 0.041637 0.037565 0.035750 0.034968 0.034643 0.034512 0.034461 0.034442 0.034435 0.034433 0.034432 0.034431 0.034431 0.034429 0.034426 0.034420 0.034406 0.034378 0.034323 0.034217 0.034025 0.033689 0.033127 0.032227 0.030853 0.028852 0.026078 0.022425 0.017860 0.012456 0.006405 0.000000 
50.000000 41.436575 33.267618 25.833148 19.376803 14.024900 9.788611 6.585101 4.269468 2.668492 1.609081 0.937619 0.529689 0.291951 0.158934 0.087422 0.050451 0.032055 0.023238 0.019165 0.017348 0.016567 0.016242 0.016111 0.016060 0.016041 0.016034 0.016031 0.016030 0.016030 0.016030 0.016029 0.016028 0.016024 0.016018 0.016004 0.015977 0.015927 0.015835 0.015674 0.015407 0.014981 0.014333 0.013392 0.012094 0.010390 0.008268 0.005762 0.002962 0.000000 
50.000000 41.435060 33.264658 25.828874 19.371388 14.018541 9.781505 6.577431 4.261392 2.660135 1.600539 0.928960 0.520959 0.283179 0.150139 0.078615 0.041637 0.023238 0.014420 0.010346 0.008529 0.007747 0.007422 0.007291 0.007240 0.007221 0.007214 0.007212 0.007211 0.007211 0.007210 0.007210 0.007209 0.007208 0.007205 0.007198 0.007186 0.007163 0.007120 0.007046 0.006924 0.006729 0.006435 0.006008 0.005422 0.004654 0.003701 0.002578 0.001324 0.000000 
50.000000 41.434360 33.263290 25.826898 19.368886 14.015602 9.778221 6.573887 4.257660 2.656274 1.596592 0.924958 0.516925 0.279126 0.146075 0.074545 0.037565 0.019165 0.010346 0.006271 0.004454 0.003672 0.003347 0.003216 0.003165 0.003146 0.003139 0.003137 0.003136 0.003136 0.003135 0.003135 0.003135 0.003134 0.003133 0.003130 0.003125 0.003114 0.003095 0.003063 0.003008 0.002923 0.002793 0.002607 0.002351 0.002017 0.001603 0.001116 0.000573 0.000000 
50.000000 41.434048 33.262680 25.826018 19.367770 14.014291 9.776757 6.572307 4.255996 2.654552 1.594832 0.923175 0.515126 0.277320 0.144264 0.072731 0.035750 0.017349 0.008529 0.004454 0.002638 0.001856 0.001531 0.001400 0.001349 0.001330 0.001323 0.001320 0.001319 0.001319 0.001319 0.001319 0.001319 0.001319 0.001318 0.001317 0.001314 0.001310 0.001302 0.001288 0.001265 0.001228 0.001173 0.001094 0.000986 0.000846 0.000672 0.000467 0.000240 0.000000 
50.000000 41.433913 33.262417 25.825639 19.367290 14.013727 9.776127 6.571627 4.255280 2.653811 1.594075 0.922407 0.514352 0.276542 0.143484 0.071951 0.034969 0.016567 0.007748 0.003673 0.001856 0.001074 0.000749 0.000618 0.000567 0.000548 0.000541 0.000539 0.000538 0.000538 0.000537 0.000537 0.000537 0.000537 0.000537 0.000536 0.000535 0.000534 0.000530 0.000524 0.000515 0.000500 0.000477 0.000445 0.000401 0.000344 0.000273 0.000190 0.000097 0.000000 
50.000000 41.433858 33.262308 25.825481 19.367090 14.013493 9.775866 6.571345 4.254983 2.653504 1.593761 0.922089 0.514031 0.276220 0.143161 0.071627 0.034644 0.016243 0.007423 0.003348 0.001532 0.000750 0.000425 0.000294 0.000243 0.000224 0.000217 0.000214 0.000213 0.000213 0.000213 0.000213 0.000213 0.000213 0.000213 0.000213 0.000212 0.000211 0.000210 0.000208 0.000204 0.000198 0.000189 0.000176 0.000159 0.000136 0.000108 0.000075 0.000038 0.000000 
50.000000 41.433836 33.262265 25.825419 19.367012 14.013401 9.775762 6.571233 4.254866 2.653382 1.593636 0.921962 0.513904 0.276092 0.143033 0.071499 0.034516 0.016115 0.007295 0.003220 0.001404 0.000622 0.000296 0.000166 0.000115 0.000095 0.000088 0.000086 0.000085 0.000085 0.000085 0.000085 0.000085 0.000085 0.000085 0.000085 0.000084 0.000084 0.000083 0.000083 0.000081 0.000079 0.000075 0.000070 0.000063 0.000054 0.000043 0.000030 0.000015 0.000000 
50.000000 41.433828 33.262251 25.825398 19.366985 14.013369 9.775727 6.571195 4.254825 2.653341 1.593594 0.921919 0.513861 0.276048 0.142989 0.071455 0.034472 0.016071 0.007251 0.003176 0.001360 0.000578 0.000252 0.000122 0.000071 0.000052 0.000045 0.000042 0.000041 0.000041 0.000041 0.000041 0.000041 0.000041 0.000041 0.000041 0.000041 0.000040 0.000040 0.000040 0.000039 0.000038 0.000036 0.000034 0.000030 0.000026 0.000021 0.000014 0.000007 0.000000 
50.000000 41.433828 33.262251 25.825398 19.366985 14.013369 9.775727 6.571195 4.254825 2.653341 1.593594 0.921919 0.513861 0.276048 0.142989 0.071455 0.034472 0.016071 0.007251 0.003176 0.001360 0.000578 0.000252 0.000122 0.000071 0.000052 0.000045 0.000042 0.000041 0.000041 0.000041 0.000041 0.000041 0.000041 0.000041 0.000041 0.000041 0.000040 0.000040 0.000040 0.000039 0.000038 0.000036 0.000034 0.000030 0.000026 0.000021 0.000014 0.000007 0.000000 
50.000000 41.433836 33.262265 25.825419 19.367012 14.013401 9.775762 6.571233 4.254866 2.653382 1.593636 0.921962 0.513904 0.276092 0.143033 0.071499 0.034516 0.016115 0.007295 0.003220 0.001404 0.000622 0.000296 0.000166 0.000115 0.000095 0.000088 0.000086 0.000085 0.000085 0.000085 0.000085 0.000085 0.000085 0.000085 0.000085 0.000084 0.000084 0.000083 0.000083 0.000081 0.000079 0.000075 0.000070 0.000063 0.000054 0.000043 0.000030 0.000015 0.000000 
50.000000 41.433858 33.262308 25.825481 19.367090 14.013493 9.775866 6.571345 4.254983 2.653504 1.593761 0.922089 0.514031 0.276220 0.143161 0.071627 0.034644 0.016243 0.007423 0.003348 0.001532 0.000750 0.000425 0.000294 0.000243 0.000224 0.000217 0.000214 0.000213 0.000213 0.000213 0.000213 0.000213 0.000213 0.000213 0.000213 0.000212 0.000211 0.000210 0.000208 0.000204 0.000198 0.000189 0.000176 0.000159 0.000136 0.000108 0.000075 0.000038 0.000000 
50.000000 41.433913 33.262417 25.825639 19.367290 14.013727 9.776127 6.571627 4.255280 2.653811 1.594075 0.922407 0.514352 0.276542 0.143484 0.071951 0.034969 0.016567 0.007748 0.003673 0.001856 0.001074 0.000749 0.000618 0.000567 0.000548 0.000541 0.000539 0.000538 0.000538 0.000537 0.000537 0.000537 0.000537 0.000537 0.000536 0.000535 0.000534 0.000530 0.000524 0.000515 0.000500 0.000477 0.000445 0.000401 0.000344 0.000273 0.000190 0.000097 0.000000 
50.000000 41.434048 33.262680 25.826018 19.367770 14.014291 9.776757 6.572307 4.255996 2.654552 1.594832 0.923175 0.515126 0.277320 0.144264 0.072731 0.035750 0.017349 0.008529 0.004454 0.002638 0.001856 0.001531 0.001400 0.001349 0.001330 0.001323 0.001320 0.001319 0.001319 0.001319 0.001319 0.001319 0.001319 0.001318 0.001317 0.001314 0.001310 0.001302 0.001288 0.001265 0.001228 0.001173 0.001094 0.000986 0.000846 0.000672 0.000467 0.000240 0.000000 
50.000000 41.434360 33.263290 25.826898 19.368886 14.015602 9.778221 6.573887 4.257660 2.656274 1.596592 0.924958 0.516925 0.279126 0.146075 0.074545 0.037565 0.019165 0.010346 0.006271 0.004454 0.003672 0.003347 0.003216 0.003165 0.003146 0.003139 0.003137 0.003136 0.003136 0.003135 0.003135 0.003135 0.003134 0.003133 0.003130 0.003125 0.003114 0.003095 0.003063 0.003008 0.002923 0.002793 0.002607 0.002351 0.002017 0.001603 0.001116 0.000573 0.000000 
50.000000 41.435060 33.264658 25.828874 19.371388 14.018541 9.781505 6.577431 4.261392 2.660135 1.600539 0.928960 0.520959 0.283179 0.150139 0.078615 0.041637 0.023238 0.014420 0.010346 0.008529 0.007747 0.007422 0.007291 0.007240 0.007221 0.007214 0.007212 0.007211 0.007211 0.007210 0.007210 0.007209 0.007208 0.007205 0.007198 0.007186 0.007163 0.007120 0.007046 0.006924 0.006729 0.006435 0.006008 0.005422 0.004654 0.003701 0.002578 0.001324 0.000000 
50.000000 41.436575 33.267618 25.833148 19.376803 14.024900 9.788611 6.585101 4.269468 2.668492 1.609081 0.937619 0.529689 0.291951 0.158934 0.087422 0.050451 0.032055 0.023238 0.019165 0.017348 0.016567 0.016242 0.016111 0.016060 0.016041 0.016034 0.016031 0.016030 0.016030 0.016030 0.016029 0.016028 0.016024 0.016018 0.016004 0.015977 0.015927 0.015835 0.015674 0.015407 0.014981 0.014333 0.013392 0.012094 0.010390 0.008268 0.005762 0.002962 0.000000 
50.000000 41.439736 33.273792 25.842064 19.388098 14.038165 9.803434 6.601101 4.286318 2.685928 1.626904 0.955686 0.547905 0.310253 0.177284 0.105798 0.068840 0.050451 0.041637 0.037565 0.035750 0.034968 0.034643 0.034512 0.034461 0.034442 0.034435 0.034433 0.034432 0.034431 0.034431 0.034429 0.034426 0.034420 0.034406 0.034378 0.034323 0.034217 0.034025 0.033689 0.033127 0.032227 0.030853 0.028852 0.026078 0.022425 0.017860 0.012456 0.006405 0.000000 
50.000000 41.446085 33.286197 25.859978 19.410794 14.064821 9.833222 6.633254 4.320178 2.720966 1.662721 0.991996 0.584513 0.347035 0.214162 0.142729 0.105798 0.087422 0.078614 0.074545 0.072731 0.071950 0.071625 0.071495 0.071444 0.071425 0.071418 0.071415 0.071414 0.071413 0.071412 0.071410 0.071404 0.071391 0.071364 0.071308 0.071198 0.070987 0.070601 0.069925 0.068787 0.066959 0.064153 0.060048 0.054332 0.046771 0.037288 0.026029 0.013392 0.000000 
50.000000 41.458363 33.310186 25.894621 19.454684 14.116371 9.890830 6.695438 4.385666 2.788736 1.731998 1.062226 0.655322 0.418181 0.285496 0.214162 0.177284 0.158934 0.150139 0.146075 0.144263 0.143484 0.143159 0.143029 0.142978 0.142959 0.142952 0.142949 0.142948 0.142947 0.142945 0.142940 0.142929 0.142905 0.142854 0.142748 0.142537 0.142132 0.141390 0.140080 0.137869 0.134297 0.128785 0.120676 0.109325 0.094235 0.075222 0.052562 0.027062 0.000000 
50.000000 41.481196 33.354797 25.959045 19.536307 14.212242 9.997970 6.811093 4.507469 2.914784 1.860852 1.192857 0.787030 0.550515 0.418181 0.347035 0.310253 0.291951 0.283179 0.279126 0.277320 0.276542 0.276218 0.276088 0.276038 0.276018 0.276011 0.276009 0.276007 0.276006 0.276002 0.275994 0.275974 0.275931 0.275837 0.275644 0.275258 0.274515 0.273145 0.270716 0.266592 0.259889 0.249483 0.234078 0.212378 0.183354 0.146583 0.102558 0.052847 0.000000 
50.000000 41.521995 33.434509 26.074163 19.682160 14.383560 10.189432 7.017776 4.725145 3.140053 2.091140 1.426322 1.022422 0.787030 0.655322 0.584513 0.547905 0.529689 0.520959 0.516924 0.515126 0.514352 0.514030 0.513901 0.513850 0.513831 0.513824 0.513821 0.513819 0.513817 0.513810 0.513796 0.513763 0.513688 0.513526 0.513190 0.512514 0.511211 0.508792 0.504481 0.497113 0.485058 0.466209 0.438098 0.398201 0.344450 0.275894 0.193340 0.099735 0.000000 
50.000000 41.591984 33.571256 26.271652 19.932383 14.677477 10.517916 7.372384 5.098622 3.526566 2.486271 1.826910 1.426322 1.192857 1.062226 0.991996 0.955686 0.937619 0.928960 0.924958 0.923174 0.922407 0.922087 0.921959 0.921909 0.921890 0.921883 0.921880 0.921877 0.921873 0.921863 0.921839 0.921785 0.921661 0.921395 0.920837 0.919712 0.917530 0.913455 0.906145 0.893565 0.872823 0.840121 0.790925 0.720477 0.624723 0.501572 0.352210 0.181942 0.000000 
50.000000 41.707163 33.796299 26.596663 20.344187 15.161202 11.058545 7.956022 5.713331 4.162743 3.136643 2.486271 2.091140 1.860852 1.731998 1.662721 1.626904 1.609081 1.600539 1.596592 1.594832 1.594075 1.593760 1.593633 1.593583 1.593565 1.593558 1.593554 1.593551 1.593545 1.593529 1.593493 1.593407 1.593215 1.592796 1.591917 1.590136 1.586659 1.580126 1.568321 1.547842 1.513778 1.459558 1.377149 1.257868 1.093972 0.880982 0.620283 0.321012 0.000000 
50.000000 41.888853 34.151297 27.109366 20.993817 15.924305 11.911438 8.876787 6.683134 5.166432 4.162743 3.526566 3.140053 2.914784 2.788736 2.720966 2.685928 2.668492 2.660135 2.656274 2.654552 2.653811 2.653503 2.653379 2.653330 2.653312 2.653305 2.653301 2.653297 2.653288 2.653265 2.653211 2.653086 2.652801 2.652179 2.650866 2.648193 2.642940 2.633001 2.614901 2.583216 2.529985 2.444310 2.312508 2.119254 1.850141 1.495793 1.056884 0.548333 0.000000 
50.000000 42.163372 34.687676 27.884036 21.975395 17.077362 13.200195 10.268130 8.148606 6.683134 5.713331 5.098622 4.725145 4.507469 4.385666 4.320178 4.286318 4.269468 4.261392 4.257660 4.255996 4.255280 4.254982 4.254862 4.254815 4.254797 4.254790 4.254786 4.254781 4.254768 4.254737 4.254663 4.254488 4.254090 4.253218 4.251369 4.247580 4.240087 4.225800 4.199553 4.153150 4.074303 3.945767 3.745186 3.446450 3.023492 2.457133 1.744508 0.908266 0.000000 
50.000000 42.560367 35.463367 29.004348 23.394956 18.744947 15.064067 12.280407 10.268130 8.876787 7.956022 7.372384 7.017776 6.811093 6.695438 6.633254 6.601101 6.585101 6.577431 6.573887 6.572307 6.571627 6.571344 6.571230 6.571186 6.571168 6.571162 6.571157 6.571150 6.571134 6.571094 6.570997 6.570768 6.570248 6.569100 6.566653 6.561609 6.551567 6.532263 6.496464 6.432477 6.322363 6.140204 5.851133 5.412398 4.778226 3.910383 2.795060 1.462698 0.000000 
50.000000 43.109502 36.536330 30.554020 25.358592 21.051703 17.642392 15.064067 13.200195 11.911438 11.058545 10.517916 10.189432 9.997970 9.890830 9.833222 9.803434 9.788611 9.781505 9.778221 9.776757 9.776127 9.775864 9.775759 9.775718 9.775702 9.775695 9.775690 9.775682 9.775663 9.775614 9.775497 9.775218 9.774582 9.773173 9.770154 9.763892 9.751334 9.726991 9.681396 9.598929 9.455009 9.212935 8.821196 8.212955 7.310706 6.040472 4.359925 2.299607 0.000000 
50.000000 43.835581 37.955035 32.603064 27.955028 24.101877 21.051703 18.744947 17.077362 15.924305 15.161202 14.677477 14.383560 14.212242 14.116371 14.064821 14.038165 14.024900 14.018541 14.015602 14.014291 14.013727 14.013492 14.013398 14.013361 14.013347 14.013341 14.013336 14.013327 14.013305 14.013251 14.013119 14.012806 14.012087 14.010489 14.007046 13.999864 13.985359 13.957000 13.903333 13.805051 13.630912 13.332549 12.838748 12.050938 10.843969 9.080246 6.650303 3.552747 0.000000 
50.000000 44.752773 39.747170 35.191475 31.234955 27.955028 25.358592 23.394956 21.975395 20.993817 20.344187 19.932383 19.682160 19.536307 19.454684 19.410794 19.388098 19.376803 19.371388 19.368886 19.367770 19.367290 19.367090 19.367009 19.366978 19.366965 19.366960 19.366955 19.366946 19.366924 19.366869 19.366734 19.366413 19.365673 19.364022 19.360449 19.352953 19.337710 19.307660 19.250215 19.143676 18.951903 18.616730 18.047886 17.111059 15.617477 13.325608 9.981724 5.452190 0.000000 
50.000000 45.859146 41.908960 38.313807 35.191475 32.603064 30.554020 29.004348 27.884036 27.109366 26.596663 26.271652 26.074163 25.959045 25.894621 25.859978 25.842064 25.833148 25.828874 25.826898 25.826018 25.825638 25.825481 25.825417 25.825392 25.825382 25.825378 25.825374 25.825366 25.825346 25.825296 25.825173 25.824880 25.824204 25.822690 25.819399 25.812462 25.798269 25.770081 25.715681 25.613573 25.426902 25.093965 24.513548 23.522818 21.865868 19.156903 14.868449 8.463471 0.000000 
50.000000 47.133049 44.398104 41.908960 39.747170 37.955035 36.536330 35.463367 34.687676 34.151297 33.796299 33.571256 33.434509 33.354797 33.310186 33.286197 33.273792 33.267618 33.264658 33.263290 33.262680 33.262417 33.262308 33.262264 33.262247 33.262240 33.262237 33.262234 33.262228 33.262213 33.262174 33.262080 33.261856 33.261336 33.260169 33.257624 33.252239 33.241169 33.219046 33.176016 33.094413 32.943168 32.668306 32.176405 31.304732 29.765446 27.040511 22.199052 13.700775 0.000000 
50.000000 48.532746 47.133049 45.859146 44.752773 43.835581 43.109502 42.560367 42.163372 41.888853 41.707163 41.591984 41.521995 41.481196 41.458363 41.446085 41.439736 41.436575 41.435060 41.434360 41.434048 41.433913 41.433857 41.433835 41.433826 41.433823 41.433821 41.433819 41.433816 41.433808 41.433787 41.433736 41.433614 41.433331 41.432694 41.431302 41.428349 41.422260 41.410042 41.386151 41.340519 41.255106 41.097669 40.809896 40.282835 39.300583 37.395675 33.432273 24.266373 0.000000 
50.000000 50.000000 50.000000 50.000000 50.000000 50.000000 50.000000 50.000000 50.000000 50.000000 50.000000 50.000000 50.000000 50.000000 50.000000 50.000000 50.000000 50.000000 50.000000 50.000000 50.000000 50.000000 50.000000 50.000000 50.000000 50.000000 50.000000 50.000000 50.000000 50.000000 50.000000 50.000000 50.000000 50.000000 50.000000 50.000000 50.000000 50.000000 50.000000 50.000000 50.000000 50.000000 50.000000 50.000000 50.000000 50.000000 50.000000 50.000000 50.000000 50.000000 
