50.000000 50.000000 50.000000 50.000000 50.000000 50.000000 50.000000 50.000000 50.000000 50.000000 50.000000 50.000000 50.000000 50.000000 50.000000 50.000000 50.000000 50.000000 50.000000 50.000000 50.000000 50.000000 50.000000 50.000000 50.000000 50.000000 50.000000 50.000000 50.000000 50.000000 50.000000 50.000000 50.000000 50.000000 50.000000 50.000000 50.000000 50.000000 50.000000 50.000000 50.000000 50.000000 50.000000 50.000000 50.000000 50.000000 50.000000 50.000000 50.000000 50.000000 
50.000000 47.943211 46.019098 44.334707 42.954069 41.893570 41.129383 40.612135 40.282813 40.085284 39.973489 39.913688 39.883403 39.868860 39.862226 39.859347 39.858156 39.857687 39.857509 39.857445 39.857423 39.857416 39.857414 39.857413 39.857413 39.857413 39.857413 39.857413 39.857412 39.857412 39.857411 39.857407 39.857396 39.857363 39.857271 39.857022 39.856369 39.854730 39.850766 39.841528 39.820760 39.775600 39.680247 39.483550 39.083381 38.268808 36.573793 32.859024 23.971606 0.000000 
50.000000 46.019098 42.294998 39.034898 36.362726 34.310195 32.831178 31.830106 31.192754 30.810476 30.594124 30.478396 30.419790 30.391647 30.378809 30.373239 30.370935 30.370026 30.369683 30.369560 30.369517 30.369503 30.369498 30.369497 30.369496 30.369496 30.369496 30.369496 30.369496 30.369495 30.369493 30.369487 30.369467 30.369409 30.369245 30.368803 30.367652 30.364769 30.357825 30.341733 30.305820 30.228522 30.067675 29.742985 29.104222 27.872645 25.532825 21.147499 13.160074 0.000000 
50.000000 44.334707 39.034898 34.395454 30.592739 27.671874 25.567195 24.142681 23.235761 22.691816 22.383978 22.219320 22.135939 22.095900 22.077637 22.069713 22.066436 22.065143 22.064655 22.064479 22.064418 22.064398 22.064392 22.064390 22.064389 22.064389 22.064389 22.064389 22.064389 22.064388 22.064385 22.064377 22.064353 22.064281 22.064080 22.063539 22.062134 22.058631 22.050249 22.030977 21.988413 21.898059 21.713550 21.350714 20.662931 19.406082 17.197727 13.502073 7.760914 0.000000 
50.000000 42.954069 36.362726 30.592739 25.863454 22.230968 19.613587 17.842115 16.714343 16.037964 15.655193 15.450464 15.346797 15.297019 15.274315 15.264464 15.260391 15.258784 15.258178 15.257959 15.257883 15.257858 15.257850 15.257848 15.257847 15.257847 15.257847 15.257847 15.257846 15.257846 15.257843 15.257835 15.257810 15.257737 15.257534 15.256987 15.255577 15.252083 15.243781 15.224873 15.183604 15.097327 14.924612 14.593763 13.988121 12.931727 11.186657 8.490081 4.685261 0.000000 
50.000000 41.893570 34.310195 27.671874 22.230968 18.051996 15.040931 13.003077 11.705769 10.927744 10.487471 10.251997 10.132769 10.075522 10.049414 10.038086 10.033402 10.031555 10.030858 10.030607 10.030520 10.030491 10.030482 10.030479 10.030478 10.030478 10.030478 10.030477 10.030477 10.030477 10.030474 10.030467 10.030445 10.030380 10.030201 10.029721 10.028489 10.025457 10.018310 10.002191 9.967437 9.895876 9.755337 9.492556 9.025998 8.242847 7.008943 5.205973 2.810189 0.000000 
50.000000 41.129383 32.831178 25.567195 19.613587 15.040931 11.746298 9.516603 8.097220 7.246019 6.764359 6.506763 6.376340 6.313722 6.285165 6.272776 6.267654 6.265634 6.264872 6.264597 6.264502 6.264470 6.264460 6.264457 6.264456 6.264456 6.264456 6.264456 6.264456 6.264455 6.264453 6.264447 6.264430 6.264379 6.264237 6.263860 6.262897 6.260544 6.255043 6.242755 6.216572 6.163427 6.060867 5.873149 5.548375 5.019825 4.216482 3.088193 1.645832 0.000000 
50.000000 40.612135 31.830106 24.142681 17.842115 13.003077 9.516603 7.157144 5.655208 4.754533 4.244899 3.972354 3.834369 3.768123 3.737914 3.724808 3.719390 3.717253 3.716447 3.716156 3.716056 3.716023 3.716012 3.716009 3.716008 3.716007 3.716007 3.716007 3.716007 3.716007 3.716005 3.716001 3.715988 3.715952 3.715850 3.715581 3.714897 3.713238 3.709387 3.700866 3.682907 3.646930 3.578572 3.455735 3.247740 2.917503 2.429131 1.762431 0.931888 0.000000 
50.000000 40.282813 31.192754 23.235761 16.714343 11.705769 8.097220 5.655208 4.100764 3.168630 2.641213 2.359168 2.216379 2.147830 2.116572 2.103011 2.097406 2.095195 2.094361 2.094060 2.093956 2.093922 2.093911 2.093908 2.093907 2.093906 2.093906 2.093906 2.093906 2.093906 2.093905 2.093902 2.093894 2.093869 2.093802 2.093626 2.093180 2.092104 2.089626 2.084189 2.072844 2.050382 2.008278 1.933793 1.809893 1.617016 1.337702 0.964232 0.507212 0.000000 
50.000000 40.085284 30.810476 22.691816 16.037964 10.927744 7.246019 4.754533 3.168630 2.217654 1.679590 1.391859 1.246196 1.176268 1.144383 1.130551 1.124834 1.122578 1.121728 1.121422 1.121315 1.121280 1.121269 1.121266 1.121265 1.121264 1.121264 1.121264 1.121264 1.121264 1.121263 1.121262 1.121256 1.121242 1.121201 1.121094 1.120824 1.120178 1.118700 1.115482 1.108827 1.095785 1.071625 1.029447 0.960307 0.854359 0.703403 0.504656 0.264524 0.000000 
50.000000 39.973489 30.594124 22.383978 15.655193 10.487471 6.764359 4.244899 2.641213 1.679590 1.135511 0.844570 0.697284 0.626579 0.594340 0.580355 0.574575 0.572295 0.571435 0.571125 0.571018 0.570982 0.570971 0.570967 0.570966 0.570966 0.570966 0.570966 0.570966 0.570966 0.570966 0.570965 0.570962 0.570953 0.570930 0.570869 0.570718 0.570356 0.569534 0.567756 0.564108 0.557024 0.544033 0.521604 0.485280 0.430321 0.353002 0.252391 0.131961 0.000000 
50.000000 39.913688 30.478396 22.219320 15.450464 10.251997 6.506763 3.972354 2.359168 1.391859 0.844570 0.551915 0.403764 0.332645 0.300218 0.286151 0.280337 0.278044 0.277179 0.276867 0.276759 0.276724 0.276712 0.276709 0.276708 0.276707 0.276707 0.276707 0.276707 0.276707 0.276707 0.276707 0.276705 0.276700 0.276688 0.276656 0.276576 0.276386 0.275958 0.275036 0.273159 0.269542 0.262967 0.251720 0.233687 0.206683 0.169071 0.120571 0.062922 0.000000 
50.000000 39.883403 30.419790 22.135939 15.346797 10.132769 6.376340 3.834369 2.216379 1.246196 0.697284 0.403764 0.255177 0.183849 0.151326 0.137218 0.131387 0.129087 0.128220 0.127907 0.127799 0.127763 0.127752 0.127748 0.127747 0.127747 0.127747 0.127747 0.127747 0.127747 0.127747 0.127747 0.127746 0.127744 0.127737 0.127721 0.127682 0.127588 0.127378 0.126928 0.126018 0.124276 0.121131 0.115796 0.107312 0.094714 0.077308 0.055021 0.028673 0.000000 
50.000000 39.868860 30.391647 22.095900 15.297019 10.075522 6.313722 3.768123 2.147830 1.176268 0.626579 0.332645 0.183849 0.112420 0.079852 0.065725 0.059886 0.057583 0.056715 0.056401 0.056293 0.056257 0.056246 0.056242 0.056241 0.056241 0.056241 0.056241 0.056241 0.056241 0.056241 0.056241 0.056240 0.056239 0.056236 0.056229 0.056210 0.056167 0.056069 0.055862 0.055444 0.054650 0.053225 0.050824 0.047033 0.041442 0.033766 0.023994 0.012491 0.000000 
50.000000 39.862226 30.378809 22.077637 15.274315 10.049414 6.285165 3.737914 2.116572 1.144383 0.594340 0.300218 0.151326 0.079852 0.047264 0.033127 0.027285 0.024980 0.024111 0.023798 0.023690 0.023654 0.023642 0.023639 0.023638 0.023637 0.023637 0.023637 0.023637 0.023637 0.023637 0.023637 0.023637 0.023636 0.023635 0.023632 0.023624 0.023604 0.023562 0.023471 0.023289 0.022946 0.022333 0.021305 0.019693 0.017328 0.014099 0.010006 0.005204 0.000000 
50.000000 39.859347 30.373239 22.069713 15.264464 10.038086 6.272776 3.724808 2.103011 1.130551 0.580355 0.286151 0.137218 0.065725 0.033127 0.018987 0.013143 0.010838 0.009969 0.009655 0.009547 0.009511 0.009500 0.009496 0.009495 0.009495 0.009495 0.009495 0.009495 0.009495 0.009495 0.009495 0.009494 0.009494 0.009494 0.009492 0.009489 0.009481 0.009463 0.009425 0.009350 0.009209 0.008958 0.008539 0.007885 0.006930 0.005632 0.003993 0.002075 0.000000 
50.000000 39.858156 30.370935 22.066436 15.260391 10.033402 6.267654 3.719390 2.097406 1.124834 0.574575 0.280337 0.131387 0.059886 0.027285 0.013143 0.007298 0.004992 0.004123 0.003810 0.003701 0.003666 0.003654 0.003651 0.003650 0.003649 0.003649 0.003649 0.003649 0.003649 0.003649 0.003649 0.003649 0.003649 0.003649 0.003648 0.003647 0.003644 0.003637 0.003622 0.003592 0.003537 0.003439 0.003276 0.003022 0.002654 0.002155 0.001526 0.000793 0.000000 
50.000000 39.857687 30.370026 22.065143 15.258784 10.031555 6.265634 3.717253 2.095195 1.122578 0.572295 0.278044 0.129087 0.057583 0.024980 0.010838 0.004992 0.002687 0.001818 0.001504 0.001396 0.001360 0.001348 0.001345 0.001344 0.001344 0.001343 0.001343 0.001343 0.001343 0.001343 0.001343 0.001343 0.001343 0.001343 0.001343 0.001343 0.001341 0.001339 0.001333 0.001322 0.001301 0.001265 0.001204 0.001110 0.000974 0.000790 0.000559 0.000290 0.000000 
50.000000 39.857509 30.369683 22.064655 15.258178 10.030858 6.264872 3.716447 2.094361 1.121728 0.571435 0.277179 0.128220 0.056715 0.024111 0.009969 0.004123 0.001818 0.000949 0.000635 0.000527 0.000491 0.000479 0.000476 0.000475 0.000474 0.000474 0.000474 0.000474 0.000474 0.000474 0.000474 0.000474 0.000474 0.000474 0.000474 0.000474 0.000474 0.000473 0.000471 0.000467 0.000459 0.000446 0.000424 0.000391 0.000343 0.000278 0.000197 0.000102 0.000000 
50.000000 39.857445 30.369560 22.064479 15.257959 10.030607 6.264597 3.716156 2.094060 1.121422 0.571125 0.276867 0.127907 0.056401 0.023798 0.009655 0.003810 0.001504 0.000635 0.000322 0.000213 0.000177 0.000166 0.000162 0.000161 0.000161 0.000161 0.000161 0.000161 0.000161 0.000161 0.000161 0.000161 0.000161 0.000161 0.000161 0.000161 0.000161 0.000160 0.000159 0.000158 0.000156 0.000151 0.000144 0.000132 0.000116 0.000094 0.000066 0.000034 0.000000 
50.000000 39.857423 30.369517 22.064418 15.257883 10.030520 6.264502 3.716056 2.093956 1.121315 0.571018 0.276759 0.127799 0.056293 0.023690 0.009547 0.003701 0.001396 0.000527 0.000213 0.000105 0.000069 0.000057 0.000054 0.000053 0.000052 0.000052 0.000052 0.000052 0.000052 0.000052 0.000052 0.000052 0.000052 0.000052 0.000052 0.000052 0.000052 0.000052 0.000052 0.000052 0.000051 0.000049 0.000047 0.000043 0.000038 0.000031 0.000022 0.000011 0.000000 
50.000000 39.857416 30.369503 22.064398 15.257858 10.030491 6.264470 3.716023 2.093922 1.121280 0.570982 0.276724 0.127763 0.056257 0.023654 0.009511 0.003666 0.001360 0.000491 0.000177 0.000069 0.000033 0.000021 0.000018 0.000017 0.000017 0.000016 0.000016 0.000016 0.000016 0.000016 0.000016 0.000016 0.000016 0.000016 0.000016 0.000016 0.000016 0.000016 0.000016 0.000016 0.000016 0.000015 0.000015 0.000013 0.000012 0.000010 0.000007 0.000004 0.000000 
50.000000 39.857414 30.369498 22.064392 15.257850 10.030482 6.264460 3.716012 2.093911 1.121269 0.570971 0.276712 0.127752 0.056246 0.023642 0.009500 0.003654 0.001348 0.000479 0.000166 0.000057 0.000021 0.000010 0.000006 0.000005 0.000005 0.000005 0.000005 0.000005 0.000005 0.000005 0.000005 0.000005 0.000005 0.000005 0.000005 0.000005 0.000005 0.000005 0.000005 0.000005 0.000005 0.000005 0.000004 0.000004 0.000004 0.000003 0.000002 0.000001 0.000000 
50.000000 39.857413 30.369497 22.064390 15.257848 10.030479 6.264457 3.716009 2.093908 1.121266 0.570968 0.276709 0.127749 0.056242 0.023639 0.009496 0.003651 0.001345 0.000476 0.000162 0.000054 0.000018 0.000006 0.000003 0.000002 0.000002 0.000002 0.000001 0.000001 0.000001 0.000001 0.000001 0.000001 0.000001 0.000001 0.000001 0.000001 0.000001 0.000001 0.000001 0.000001 0.000001 0.000001 0.000001 0.000001 0.000001 0.000001 0.000001 0.000000 0.000000 
50.000000 39.857413 30.369496 22.064389 15.257847 10.030478 6.264456 3.716008 2.093907 1.121265 0.570967 0.276708 0.127748 0.056241 0.023638 0.009495 0.003650 0.001344 0.000475 0.000161 0.000053 0.000017 0.000005 0.000002 0.000001 0.000001 0.000001 0.000001 0.000001 0.000001 0.000001 0.000001 0.000001 0.000001 0.000001 0.000001 0.000001 0.000001 0.000001 0.000001 0.000001 0.000000 0.000000 0.000000 0.000000 0.000000 0.000000 0.000000 0.000000 0.000000 
50.000000 39.857413 30.369496 22.064389 15.257847 10.030478 6.264456 3.716008 2.093907 1.121265 0.570967 0.276708 0.127748 0.056241 0.023638 0.009495 0.003650 0.001344 0.000475 0.000161 0.000053 0.000017 0.000005 0.000002 0.000001 0.000001 0.000001 0.000001 0.000001 0.000001 0.000001 0.000001 0.000001 0.000001 0.000001 0.000001 0.000001 0.000001 0.000001 0.000001 0.000001 0.000000 0.000000 0.000000 0.000000 0.000000 0.000000 0.000000 0.000000 0.000000 
50.000000 39.857413 30.369497 22.064390 15.257848 10.030479 6.264457 3.716009 2.093908 1.121266 0.570968 0.276709 0.127749 0.056242 0.023639 0.009496 0.003651 0.001345 0.000476 0.000162 0.000054 0.000018 0.000006 0.000003 0.000002 0.000002 0.000002 0.000001 0.000001 0.000001 0.000001 0.000001 0.000001 0.000001 0.000001 0.000001 0.000001 0.000001 0.000001 0.000001 0.000001 0.000001 0.000001 0.000001 0.000001 0.000001 0.000001 0.000001 0.000000 0.000000 
50.000000 39.857414 30.369498 22.064392 15.257850 10.030482 6.264460 3.716012 2.093911 1.121269 0.570971 0.276712 0.127752 0.056246 0.023642 0.009500 0.003654 0.001348 0.000479 0.000166 0.000057 0.000021 0.000010 0.000006 0.000005 0.000005 0.000005 0.000005 0.000005 0.000005 0.000005 0.000005 0.000005 0.000005 0.000005 0.000005 0.000005 0.000005 0.000005 0.000005 0.000005 0.000005 0.000005 0.000004 0.000004 0.000004 0.000003 0.000002 0.000001 0.000000 
50.000000 39.857416 30.369503 22.064398 15.257858 10.030491 6.264470 3.716023 2.093922 1.121280 0.570982 0.276724 0.127763 0.056257 0.023654 0.009511 0.003666 0.001360 0.000491 0.000177 0.000069 0.000033 0.000021 0.000018 0.000017 0.000017 0.000016 0.000016 0.000016 0.000016 0.000016 0.000016 0.000016 0.000016 0.000016 0.000016 0.000016 0.000016 0.000016 0.000016 0.000016 0.000016 0.000015 0.000015 0.000013 0.000012 0.000010 0.000007 0.000004 0.000000 
50.000000 39.857423 30.369517 22.064418 15.257883 10.030520 6.264502 3.716056 2.093956 1.121315 0.571018 0.276759 0.127799 0.056293 0.023690 0.009547 0.003701 0.001396 0.000527 0.000213 0.000105 0.000069 0.000057 0.000054 0.000053 0.000052 0.000052 0.000052 0.000052 0.000052 0.000052 0.000052 0.000052 0.000052 0.000052 0.000052 0.000052 0.000052 0.000052 0.000052 0.000052 0.000051 0.000049 0.000047 0.000043 0.000038 0.000031 0.000022 0.000011 0.000000 
50.000000 39.857445 30.369560 22.064479 15.257959 10.030607 6.264597 3.716156 2.094060 1.121422 0.571125 0.276867 0.127907 0.056401 0.023798 0.009655 0.003810 0.001504 0.000635 0.000322 0.000213 0.000177 0.000166 0.000162 0.000161 0.000161 0.000161 0.000161 0.000161 0.000161 0.000161 0.000161 0.000161 0.000161 0.000161 0.000161 0.000161 0.000161 0.000160 0.000159 0.000158 0.000156 0.000151 0.000144 0.000132 0.000116 0.000094 0.000066 0.000034 0.000000 
50.000000 39.857509 30.369683 22.064655 15.258178 10.030858 6.264872 3.716447 2.094361 1.121728 0.571435 0.277179 0.128220 0.056715 0.024111 0.009969 0.004123 0.001818 0.000949 0.000635 0.000527 0.000491 0.000479 0.000476 0.000475 0.000474 0.000474 0.000474 0.000474 0.000474 0.000474 0.000474 0.000474 0.000474 0.000474 0.000474 0.000474 0.000474 0.000473 0.000471 0.000467 0.000459 0.000446 0.000424 0.000391 0.000343 0.000278 0.000197 0.000102 0.000000 
50.000000 39.857687 30.370026 22.065143 15.258784 10.031555 6.265634 3.717253 2.095195 1.122578 0.572295 0.278044 0.129087 0.057583 0.024980 0.010838 0.004992 0.002687 0.001818 0.001504 0.001396 0.001360 0.001348 0.001345 0.001344 0.001344 0.001343 0.001343 0.001343 0.001343 0.001343 0.001343 0.001343 0.001343 0.001343 0.001343 0.001343 0.001341 0.001339 0.001333 0.001322 0.001301 0.001265 0.001204 0.001110 0.000974 0.000790 0.000559 0.000290 0.000000 
50.000000 39.858156 30.370935 22.066436 15.260391 10.033402 6.267654 3.719390 2.097406 1.124834 0.574575 0.280337 0.131387 0.059886 0.027285 0.013143 0.007298 0.004992 0.004123 0.003810 0.003701 0.003666 0.003654 0.003651 0.003650 0.003649 0.003649 0.003649 0.003649 0.003649 0.003649 0.003649 0.003649 0.003649 0.003649 0.003648 0.003647 0.003644 0.003637 0.003622 0.003592 0.003537 0.003439 0.003276 0.003022 0.002654 0.002155 0.001526 0.000793 0.000000 
50.000000 39.859347 30.373239 22.069713 15.264464 10.038086 6.272776 3.724808 2.103011 1.130551 0.580355 0.286151 0.137218 0.065725 0.033127 0.018987 0.013143 0.010838 0.009969 0.009655 0.009547 0.009511 0.009500 0.009496 0.009495 0.009495 0.009495 0.009495 0.009495 0.009495 0.009495 0.009495 0.009494 0.009494 0.009494 0.009492 0.009489 0.009481 0.009463 0.009425 0.009350 0.009209 0.008958 0.008539 0.007885 0.006930 0.005632 0.003993 0.002075 0.000000 
50.000000 39.862226 30.378809 22.077637 15.274315 10.049414 6.285165 3.737914 2.116572 1.144383 0.594340 0.300218 0.151326 0.079852 0.047264 0.033127 0.027285 0.024980 0.024111 0.023798 0.023690 0.023654 0.023642 0.023639 0.023638 0.023637 0.023637 0.023637 0.023637 0.023637 0.023637 0.023637 0.023637 0.023636 0.023635 0.023632 0.023624 0.023604 0.023562 0.023471 0.023289 0.022946 0.022333 0.021305 0.019693 0.017328 0.014099 0.010006 0.005204 0.000000 
50.000000 39.868860 30.391647 22.095900 15.297019 10.075522 6.313722 3.768123 2.147830 1.176268 0.626579 0.332645 0.183849 0.112420 0.079852 0.065725 0.059886 0.057583 0.056715 0.056401 0.056293 0.056257 0.056246 0.056242 0.056241 0.056241 0.056241 0.056241 0.056241 0.056241 0.056241 0.056241 0.056240 0.056239 0.056236 0.056229 0.056210 0.056167 0.056069 0.055862 0.055444 0.054650 0.053225 0.050824 0.047033 0.041442 0.033766 0.023994 0.012491 0.000000 
50.000000 39.883403 30.419790 22.135939 15.346797 10.132769 6.376340 3.834369 2.216379 1.246196 0.697284 0.403764 0.255177 0.183849 0.151326 0.137218 0.131387 0.129087 0.128220 0.127907 0.127799 0.127763 0.127752 0.127748 0.127747 0.127747 0.127747 0.127747 0.127747 0.127747 0.127747 0.127747 0.127746 0.127744 0.127737 0.127721 0.127682 0.127588 0.127378 0.126928 0.126018 0.124276 0.121131 0.115796 0.107312 0.094714 0.077308 0.055021 0.028673 0.000000 
50.000000 39.913688 30.478396 22.219320 15.450464 10.251997 6.506763 3.972354 2.359168 1.391859 0.844570 0.551915 0.403764 0.332645 0.300218 0.286151 0.280337 0.278044 0.277179 0.276867 0.276759 0.276724 0.276712 0.276709 0.276708 0.276707 0.276707 0.276707 0.276707 0.276707 0.276707 0.276707 0.276705 0.276700 0.276688 0.276656 0.276576 0.276386 0.275958 0.275036 0.273159 0.269542 0.262967 0.251720 0.233687 0.206683 0.169071 0.120571 0.062922 0.000000 
50.000000 39.973489 30.594124 22.383978 15.655193 10.487471 6.764359 4.244899 2.641213 1.679590 1.135511 0.844570 0.697284 0.626579 0.594340 0.580355 0.574575 0.572295 0.571435 0.571125 0.571018 0.570982 0.570971 0.570967 0.570966 0.570966 0.570966 0.570966 0.570966 0.570966 0.570966 0.570965 0.570962 0.570953 0.570930 0.570869 0.570718 0.570356 0.569534 0.567756 0.564108 0.557024 0.544033 0.521604 0.485280 0.430321 0.353002 0.252391 0.131961 0.000000 
50.000000 40.085284 30.810476 22.691816 16.037964 10.927744 7.246019 4.754533 3.168630 2.217654 1.679590 1.391859 1.246196 1.176268 1.144383 1.130551 1.124834 1.122578 1.121728 1.121422 1.121315 1.121280 1.121269 1.121266 1.121265 1.121264 1.121264 1.121264 1.121264 1.121264 1.121263 1.121262 1.121256 1.121242 1.121201 1.121094 1.120824 1.120178 1.118700 1.115482 1.108827 1.095785 1.071625 1.029447 0.960307 0.854359 0.703403 0.504656 0.264524 0.000000 
50.000000 40.282813 31.192754 23.235761 16.714343 11.705769 8.097220 5.655208 4.100764 3.168630 2.641213 2.359168 2.216379 2.147830 2.116572 2.103011 2.097406 2.095195 2.094361 2.094060 2.093956 2.093922 2.093911 2.093908 2.093907 2.093906 2.093906 2.093906 2.093906 2.093906 2.093905 2.093902 2.093894 2.093869 2.093802 2.093626 2.093180 2.092104 2.089626 2.084189 2.072844 2.050382 2.008278 1.933793 1.809893 1.617016 1.337702 0.964232 0.507212 0.000000 
50.000000 40.612135 31.830106 24.142681 17.842115 13.003077 9.516603 7.157144 5.655208 4.754533 4.244899 3.972354 3.834369 3.768123 3.737914 3.724808 3.719390 3.717253 3.716447 3.716156 3.716056 3.716023 3.716012 3.716009 3.716008 3.716007 3.716007 3.716007 3.716007 3.716007 3.716005 3.716001 3.715988 3.715952 3.715850 3.715581 3.714897 3.713238 3.709387 3.700866 3.682907 3.646930 3.578572 3.455735 3.247740 2.917503 2.429131 1.762431 0.931888 0.000000 
50.000000 41.129383 32.831178 25.567195 19.613587 15.040931 11.746298 9.516603 8.097220 7.246019 6.764359 6.506763 6.376340 6.313722 6.285165 6.272776 6.267654 6.265634 6.264872 6.264597 6.264502 6.264470 6.264460 6.264457 6.264456 6.264456 6.264456 6.264456 6.264456 6.264455 6.264453 6.264447 6.264430 6.264379 6.264237 6.263860 6.262897 6.260544 6.255043 6.242755 6.216572 6.163427 6.060867 5.873149 5.548375 5.019825 4.216482 3.088193 1.645832 0.000000 
50.000000 41.893570 34.310195 27.671874 22.230968 18.051996 15.040931 13.003077 11.705769 10.927744 10.487471 10.251997 10.132769 10.075522 10.049414 10.038086 10.033402 10.031555 10.030858 10.030607 10.030520 10.030491 10.030482 10.030479 10.030478 10.030478 10.030478 10.030477 10.030477 10.030477 10.030474 10.030467 10.030445 10.030380 10.030201 10.029721 10.028489 10.025457 10.018310 10.002191 9.967437 9.895876 9.755337 9.492556 9.025998 8.242847 7.008943 5.205973 2.810189 0.000000 
50.000000 42.954069 36.362726 30.592739 25.863454 22.230968 19.613587 17.842115 16.714343 16.037964 15.655193 15.450464 15.346797 15.297019 15.274315 15.264464 15.260391 15.258784 15.258178 15.257959 15.257883 15.257858 15.257850 15.257848 15.257847 15.257847 15.257847 15.257847 15.257846 15.257846 15.257843 15.257835 15.257810 15.257737 15.257534 15.256987 15.255577 15.252083 15.243781 15.224873 15.183604 15.097327 14.924612 14.593763 13.988121 12.931727 11.186657 8.490081 4.685261 0.000000 
50.000000 44.334707 39.034898 34.395454 30.592739 27.671874 25.567195 24.142681 23.235761 22.691816 22.383978 22.219320 22.135939 22.095900 22.077637 22.069713 22.066436 22.065143 22.064655 22.064479 22.064418 22.064398 22.064392 22.064390 22.064389 22.064389 22.064389 22.064389 22.064389 22.064388 22.064385 22.064377 22.064353 22.064281 22.064080 22.063539 22.062134 22.058631 22.050249 22.030977 21.988413 21.898059 21.713550 21.350714 20.662931 19.406082 17.197727 13.502073 7.760914 0.000000 
50.000000 46.019098 42.294998 39.034898 36.362726 34.310195 32.831178 31.830106 31.192754 30.810476 30.594124 30.478396 30.419790 30.391647 30.378809 30.373239 30.370935 30.370026 30.369683 30.369560 30.369517 30.369503 30.369498 30.369497 30.369496 30.369496 30.369496 30.369496 30.369496 30.369495 30.369493 30.369487 30.369467 30.369409 30.369245 30.368803 30.367652 30.364769 30.357825 30.341733 30.305820 30.228522 30.067675 29.742985 29.104222 27.872645 25.532825 21.147499 13.160074 0.000000 
50.000000 47.943211 46.019098 44.334707 42.954069 41.893570 41.129383 40.612135 40.282813 40.085284 39.973489 39.913688 39.883403 39.868860 39.862226 39.859347 39.858156 39.857687 39.857509 39.857445 39.857423 39.857416 39.857414 39.857413 39.857413 39.857413 39.857413 39.857413 39.857412 39.857412 39.857411 39.857407 39.857396 39.857363 39.857271 39.857022 39.856369 39.854730 39.850766 39.841528 39.820760 39.775600 39.680247 39.483550 39.083381 38.268808 36.573793 32.859024 23.971606 0.000000 
50.000000 50.000000 50.000000 50.000000 50.000000 50.000000 50.000000 50.000000 50.000000 50.000000 50.000000 50.000000 50.000000 50.000000 50.000000 50.000000 50.000000 50.000000 50.000000 50.000000 50.000000 50.000000 50.000000 50.000000 50.000000 50.000000 50.000000 50.000000 50.000000 50.000000 50.000000 50.000000 50.000000 50.000000 50.000000 50.000000 50.000000 50.000000 50.000000 50.000000 50.000000 50.000000 50.000000 50.000000 50.000000 50.000000 50.000000 50.000000 50.000000 50.000000 
