50.000000 50.000000 50.000000 50.000000 50.000000 50.000000 50.000000 50.000000 50.000000 50.000000 50.000000 50.000000 50.000000 50.000000 50.000000 50.000000 50.000000 50.000000 50.000000 50.000000 50.000000 50.000000 50.000000 50.000000 50.000000 50.000000 50.000000 50.000000 50.000000 50.000000 50.000000 50.000000 50.000000 50.000000 50.000000 50.000000 50.000000 50.000000 50.000000 50.000000 50.000000 50.000000 50.000000 50.000000 50.000000 50.000000 50.000000 50.000000 50.000000 50.000000 
50.000000 48.068001 46.253081 44.651071 43.321721 42.283993 41.521236 40.992781 40.647266 40.433800 40.309008 40.239878 40.203537 40.185381 40.176749 40.172837 40.171145 40.170445 40.170168 40.170063 40.170025 40.170012 40.170007 40.170006 40.170005 40.170005 40.170005 40.170005 40.170005 40.170004 40.170002 40.169996 40.169978 40.169927 40.169790 40.169434 40.168543 40.166393 40.161385 40.150127 40.125652 40.074051 39.968123 39.755044 39.330960 38.483535 36.746105 32.979913 24.034000 0.000000 
50.000000 46.253081 42.733234 39.626318 37.048214 35.035691 33.556451 32.531615 31.861566 31.447605 31.205607 31.071552 31.001083 30.965878 30.949139 30.941553 30.938272 30.936916 30.936379 30.936176 30.936102 30.936076 30.936067 30.936064 30.936064 30.936063 30.936063 30.936063 30.936063 30.936061 30.936058 30.936046 30.936014 30.935923 30.935678 30.935044 30.933461 30.929651 30.920816 30.901064 30.858433 30.769463 30.589452 30.235071 29.552966 28.261848 25.845149 21.366617 13.273168 0.000000 
50.000000 44.651071 39.626318 35.191077 31.510775 28.637896 26.526315 25.063417 24.106980 23.516102 23.170690 22.979356 22.878779 22.828535 22.804646 22.793821 22.789139 22.787204 22.786438 22.786148 22.786042 22.786005 22.785993 22.785989 22.785988 22.785987 22.785987 22.785987 22.785986 22.785985 22.785980 22.785966 22.785925 22.785812 22.785508 22.784722 22.782766 22.778084 22.767295 22.743364 22.692247 22.587031 22.378119 21.977472 21.234490 19.901810 17.595539 13.781169 7.904966 0.000000 
50.000000 43.321721 37.048214 31.510775 26.915948 23.329246 20.693061 18.866765 17.672777 16.935165 16.503993 16.265162 16.139624 16.076913 16.047098 16.033588 16.027745 16.025330 16.024375 16.024013 16.023881 16.023835 16.023819 16.023814 16.023813 16.023812 16.023812 16.023812 16.023811 16.023810 16.023805 16.023790 16.023748 16.023631 16.023318 16.022513 16.020519 16.015773 16.004919 15.981068 15.930724 15.828677 15.630065 15.259089 14.594860 13.457974 11.608966 8.786366 4.838186 0.000000 
50.000000 42.283993 35.035691 28.637896 23.329246 19.185419 16.139827 14.029963 12.650630 11.798549 11.300484 11.024612 10.879610 10.807180 10.772746 10.757144 10.750397 10.747608 10.746505 10.746087 10.745935 10.745881 10.745864 10.745858 10.745856 10.745855 10.745855 10.745855 10.745855 10.745853 10.745849 10.745835 10.745797 10.745691 10.745410 10.744688 10.742912 10.738713 10.729184 10.708452 10.665227 10.578945 10.414228 10.113978 9.592709 8.734386 7.403405 5.482725 2.953033 0.000000 
50.000000 41.521236 33.556451 26.526315 20.693061 16.139827 12.793416 10.475222 8.959741 8.023589 7.476404 7.173338 7.014050 6.934488 6.896666 6.879529 6.872118 6.869055 6.867844 6.867385 6.867218 6.867159 6.867140 6.867134 6.867132 6.867131 6.867131 6.867131 6.867130 6.867129 6.867125 6.867114 6.867083 6.866998 6.866770 6.866190 6.864770 6.861434 6.853929 6.837758 6.804444 6.738904 6.615983 6.396708 6.025849 5.433972 4.548844 3.321380 1.766192 0.000000 
50.000000 40.992781 32.531615 25.063417 18.866765 14.029963 10.475222 8.012773 6.403037 5.408694 4.827516 4.505637 4.336468 4.251973 4.211808 4.193611 4.185742 4.182490 4.181204 4.180716 4.180539 4.180477 4.180456 4.180450 4.180448 4.180447 4.180447 4.180447 4.180446 4.180445 4.180443 4.180435 4.180411 4.180348 4.180180 4.179755 4.178719 4.176304 4.170911 4.159400 4.135951 4.090428 4.006387 3.859239 3.615736 3.236700 2.685298 1.942163 1.024657 0.000000 
50.000000 40.647266 31.861566 24.106980 17.672777 12.650630 8.959741 6.403037 4.731726 3.699377 3.096004 2.761843 2.586226 2.498514 2.456821 2.437932 2.429765 2.426390 2.425055 2.424549 2.424365 2.424301 2.424279 2.424272 2.424270 2.424269 2.424269 2.424269 2.424269 2.424268 2.424266 2.424261 2.424245 2.424202 2.424088 2.423800 2.423104 2.421492 2.417918 2.410357 2.395111 2.365863 2.312609 2.220837 2.071686 1.844100 1.519949 1.092103 0.573215 0.000000 
50.000000 40.433800 31.447605 23.516102 16.935165 11.798549 8.023589 5.408694 3.699377 2.643576 2.026511 1.684776 1.505183 1.415488 1.372854 1.353539 1.345188 1.341737 1.340372 1.339855 1.339667 1.339601 1.339579 1.339572 1.339569 1.339569 1.339569 1.339568 1.339568 1.339568 1.339567 1.339563 1.339553 1.339526 1.339454 1.339274 1.338840 1.337839 1.335638 1.331019 1.321788 1.304266 1.272743 1.219146 1.133322 1.004441 0.823856 0.589171 0.308148 0.000000 
50.000000 40.309008 31.205607 23.170690 16.503993 11.300484 7.476404 4.827516 3.096004 2.026511 1.401454 1.055300 0.873388 0.782537 0.739354 0.719792 0.711333 0.707838 0.706456 0.705932 0.705741 0.705675 0.705652 0.705645 0.705643 0.705642 0.705642 0.705642 0.705642 0.705642 0.705641 0.705639 0.705633 0.705617 0.705574 0.705469 0.705216 0.704636 0.703368 0.700727 0.695492 0.685647 0.668116 0.638646 0.592032 0.522925 0.427327 0.304543 0.158880 0.000000 
50.000000 40.239878 31.071552 22.979356 16.265162 11.024612 7.173338 4.505637 2.761843 1.684776 1.055300 0.706702 0.523509 0.432019 0.388534 0.368834 0.360317 0.356797 0.355405 0.354878 0.354686 0.354619 0.354597 0.354589 0.354587 0.354586 0.354586 0.354586 0.354586 0.354586 0.354586 0.354584 0.354581 0.354572 0.354549 0.354491 0.354352 0.354037 0.353351 0.351931 0.349138 0.343925 0.334726 0.319409 0.295428 0.260243 0.212061 0.150736 0.078493 0.000000 
50.000000 40.203537 31.001083 22.878779 16.139624 10.879610 7.014050 4.336468 2.586226 1.505183 0.873388 0.523509 0.339644 0.247819 0.204175 0.184404 0.175856 0.172324 0.170927 0.170397 0.170205 0.170138 0.170115 0.170108 0.170105 0.170105 0.170104 0.170104 0.170104 0.170104 0.170104 0.170103 0.170102 0.170097 0.170085 0.170055 0.169984 0.169822 0.169472 0.168752 0.167343 0.164734 0.160164 0.152616 0.140898 0.123851 0.100695 0.071432 0.037144 0.000000 
50.000000 40.185381 30.965878 22.828535 16.076913 10.807180 6.934488 4.251973 2.498514 1.415488 0.782537 0.432019 0.247819 0.155828 0.112105 0.092299 0.083735 0.080196 0.078797 0.078266 0.078074 0.078006 0.077984 0.077976 0.077974 0.077973 0.077973 0.077973 0.077973 0.077973 0.077973 0.077973 0.077972 0.077970 0.077964 0.077949 0.077914 0.077836 0.077667 0.077321 0.076648 0.075409 0.073254 0.069718 0.064268 0.056394 0.045769 0.032417 0.016838 0.000000 
50.000000 40.176749 30.949139 22.804646 16.047098 10.772746 6.896666 4.211808 2.456821 1.372854 0.739354 0.388534 0.204175 0.112105 0.068345 0.048521 0.039950 0.036409 0.035008 0.034477 0.034284 0.034217 0.034194 0.034187 0.034185 0.034184 0.034184 0.034184 0.034184 0.034184 0.034184 0.034183 0.034183 0.034182 0.034179 0.034172 0.034156 0.034120 0.034043 0.033885 0.033580 0.033021 0.032053 0.030476 0.028058 0.024586 0.019925 0.014094 0.007315 0.000000 
50.000000 40.172837 30.941553 22.793821 16.033588 10.757144 6.879529 4.193611 2.437932 1.353539 0.719792 0.368834 0.184404 0.092299 0.048521 0.028690 0.020116 0.016573 0.015172 0.014641 0.014448 0.014380 0.014358 0.014350 0.014348 0.014347 0.014347 0.014347 0.014347 0.014347 0.014347 0.014347 0.014347 0.014346 0.014345 0.014342 0.014335 0.014319 0.014286 0.014217 0.014085 0.013845 0.013431 0.012759 0.011734 0.010270 0.008313 0.005875 0.003047 0.000000 
50.000000 40.171145 30.938272 22.789139 16.027745 10.750397 6.872118 4.185742 2.429765 1.345188 0.711333 0.360317 0.175856 0.083735 0.039950 0.020116 0.011540 0.007997 0.006595 0.006064 0.005871 0.005804 0.005781 0.005774 0.005771 0.005771 0.005771 0.005771 0.005770 0.005770 0.005770 0.005770 0.005770 0.005770 0.005770 0.005768 0.005765 0.005759 0.005745 0.005717 0.005662 0.005564 0.005394 0.005121 0.004705 0.004114 0.003327 0.002349 0.001218 0.000000 
50.000000 40.170445 30.936916 22.787204 16.025330 10.747608 6.869055 4.182490 2.426390 1.341737 0.707838 0.356797 0.172324 0.080196 0.036409 0.016573 0.007997 0.004453 0.003051 0.002520 0.002327 0.002260 0.002237 0.002230 0.002227 0.002227 0.002227 0.002226 0.002226 0.002226 0.002226 0.002226 0.002226 0.002226 0.002226 0.002226 0.002224 0.002222 0.002216 0.002205 0.002184 0.002145 0.002079 0.001972 0.001811 0.001582 0.001278 0.000902 0.000467 0.000000 
50.000000 40.170168 30.936379 22.786438 16.024375 10.746505 6.867844 4.181204 2.425055 1.340372 0.706456 0.355405 0.170927 0.078797 0.035008 0.015172 0.006595 0.003051 0.001650 0.001119 0.000926 0.000858 0.000835 0.000828 0.000826 0.000825 0.000825 0.000825 0.000825 0.000825 0.000825 0.000825 0.000825 0.000825 0.000825 0.000825 0.000824 0.000823 0.000821 0.000817 0.000809 0.000794 0.000769 0.000730 0.000669 0.000584 0.000472 0.000333 0.000172 0.000000 
50.000000 40.170063 30.936176 22.786148 16.024013 10.746087 6.867385 4.180716 2.424549 1.339855 0.705932 0.354878 0.170397 0.078266 0.034477 0.014641 0.006064 0.002520 0.001119 0.000588 0.000394 0.000327 0.000304 0.000297 0.000295 0.000294 0.000294 0.000294 0.000294 0.000294 0.000294 0.000294 0.000294 0.000294 0.000294 0.000294 0.000294 0.000293 0.000292 0.000291 0.000288 0.000283 0.000274 0.000259 0.000238 0.000208 0.000168 0.000118 0.000061 0.000000 
50.000000 40.170025 30.936102 22.786042 16.023881 10.745935 6.867218 4.180539 2.424365 1.339667 0.705741 0.354686 0.170205 0.078074 0.034284 0.014448 0.005871 0.002327 0.000926 0.000394 0.000201 0.000134 0.000111 0.000104 0.000102 0.000101 0.000101 0.000101 0.000101 0.000101 0.000101 0.000101 0.000101 0.000101 0.000101 0.000101 0.000101 0.000100 0.000100 0.000100 0.000099 0.000097 0.000094 0.000089 0.000081 0.000071 0.000057 0.000040 0.000021 0.000000 
50.000000 40.170012 30.936076 22.786005 16.023835 10.745881 6.867159 4.180477 2.424301 1.339601 0.705675 0.354619 0.170138 0.078006 0.034217 0.014380 0.005804 0.002260 0.000858 0.000327 0.000134 0.000066 0.000044 0.000036 0.000034 0.000034 0.000033 0.000033 0.000033 0.000033 0.000033 0.000033 0.000033 0.000033 0.000033 0.000033 0.000033 0.000033 0.000033 0.000033 0.000033 0.000032 0.000031 0.000029 0.000027 0.000023 0.000019 0.000013 0.000007 0.000000 
50.000000 40.170007 30.936067 22.785993 16.023819 10.745864 6.867140 4.180456 2.424279 1.339579 0.705652 0.354597 0.170115 0.077984 0.034194 0.014358 0.005781 0.002237 0.000836 0.000304 0.000111 0.000044 0.000021 0.000014 0.000012 0.000011 0.000011 0.000011 0.000011 0.000011 0.000011 0.000011 0.000011 0.000011 0.000011 0.000011 0.000011 0.000011 0.000011 0.000010 0.000010 0.000010 0.000010 0.000009 0.000009 0.000007 0.000006 0.000004 0.000002 0.000000 
50.000000 40.170006 30.936064 22.785989 16.023814 10.745858 6.867134 4.180450 2.424272 1.339572 0.705645 0.354589 0.170108 0.077976 0.034187 0.014350 0.005774 0.002230 0.000828 0.000297 0.000104 0.000037 0.000014 0.000007 0.000004 0.000004 0.000003 0.000003 0.000003 0.000003 0.000003 0.000003 0.000003 0.000003 0.000003 0.000003 0.000003 0.000003 0.000003 0.000003 0.000003 0.000003 0.000003 0.000003 0.000003 0.000002 0.000002 0.000001 0.000001 0.000000 
50.000000 40.170005 30.936064 22.785988 16.023813 10.745856 6.867132 4.180448 2.424270 1.339570 0.705643 0.354587 0.170106 0.077974 0.034185 0.014348 0.005772 0.002228 0.000826 0.000295 0.000102 0.000034 0.000012 0.000004 0.000002 0.000002 0.000001 0.000001 0.000001 0.000001 0.000001 0.000001 0.000001 0.000001 0.000001 0.000001 0.000001 0.000001 0.000001 0.000001 0.000001 0.000001 0.000001 0.000001 0.000001 0.000001 0.000001 0.000000 0.000000 0.000000 
50.000000 40.170005 30.936064 22.785988 16.023813 10.745856 6.867132 4.180448 2.424270 1.339570 0.705643 0.354587 0.170106 0.077974 0.034185 0.014348 0.005772 0.002228 0.000826 0.000295 0.000102 0.000034 0.000012 0.000004 0.000002 0.000002 0.000001 0.000001 0.000001 0.000001 0.000001 0.000001 0.000001 0.000001 0.000001 0.000001 0.000001 0.000001 0.000001 0.000001 0.000001 0.000001 0.000001 0.000001 0.000001 0.000001 0.000001 0.000000 0.000000 0.000000 
50.000000 40.170006 30.936064 22.785989 16.023814 10.745858 6.867134 4.180450 2.424272 1.339572 0.705645 0.354589 0.170108 0.077976 0.034187 0.014350 0.005774 0.002230 0.000828 0.000297 0.000104 0.000037 0.000014 0.000007 0.000004 0.000004 0.000003 0.000003 0.000003 0.000003 0.000003 0.000003 0.000003 0.000003 0.000003 0.000003 0.000003 0.000003 0.000003 0.000003 0.000003 0.000003 0.000003 0.000003 0.000003 0.000002 0.000002 0.000001 0.000001 0.000000 
50.000000 40.170007 30.936067 22.785993 16.023819 10.745864 6.867140 4.180456 2.424279 1.339579 0.705652 0.354597 0.170115 0.077984 0.034194 0.014358 0.005781 0.002237 0.000836 0.000304 0.000111 0.000044 0.000021 0.000014 0.000012 0.000011 0.000011 0.000011 0.000011 0.000011 0.000011 0.000011 0.000011 0.000011 0.000011 0.000011 0.000011 0.000011 0.000011 0.000010 0.000010 0.000010 0.000010 0.000009 0.000009 0.000007 0.000006 0.000004 0.000002 0.000000 
50.000000 40.170012 30.936076 22.786005 16.023835 10.745881 6.867159 4.180477 2.424301 1.339601 0.705675 0.354619 0.170138 0.078006 0.034217 0.014380 0.005804 0.002260 0.000858 0.000327 0.000134 0.000066 0.000044 0.000036 0.000034 0.000034 0.000033 0.000033 0.000033 0.000033 0.000033 0.000033 0.000033 0.000033 0.000033 0.000033 0.000033 0.000033 0.000033 0.000033 0.000033 0.000032 0.000031 0.000029 0.000027 0.000023 0.000019 0.000013 0.000007 0.000000 
50.000000 40.170025 30.936102 22.786042 16.023881 10.745935 6.867218 4.180539 2.424365 1.339667 0.705741 0.354686 0.170205 0.078074 0.034284 0.014448 0.005871 0.002327 0.000926 0.000394 0.000201 0.000134 0.000111 0.000104 0.000102 0.000101 0.000101 0.000101 0.000101 0.000101 0.000101 0.000101 0.000101 0.000101 0.000101 0.000101 0.000101 0.000100 0.000100 0.000100 0.000099 0.000097 0.000094 0.000089 0.000081 0.000071 0.000057 0.000040 0.000021 0.000000 
50.000000 40.170063 30.936176 22.786148 16.024013 10.746087 6.867385 4.180716 2.424549 1.339855 0.705932 0.354878 0.170397 0.078266 0.034477 0.014641 0.006064 0.002520 0.001119 0.000588 0.000394 0.000327 0.000304 0.000297 0.000295 0.000294 0.000294 0.000294 0.000294 0.000294 0.000294 0.000294 0.000294 0.000294 0.000294 0.000294 0.000294 0.000293 0.000292 0.000291 0.000288 0.000283 0.000274 0.000259 0.000238 0.000208 0.000168 0.000118 0.000061 0.000000 
50.000000 40.170168 30.936379 22.786438 16.024375 10.746505 6.867844 4.181204 2.425055 1.340372 0.706456 0.355405 0.170927 0.078797 0.035008 0.015172 0.006595 0.003051 0.001650 0.001119 0.000926 0.000858 0.000835 0.000828 0.000826 0.000825 0.000825 0.000825 0.000825 0.000825 0.000825 0.000825 0.000825 0.000825 0.000825 0.000825 0.000824 0.000823 0.000821 0.000817 0.000809 0.000794 0.000769 0.000730 0.000669 0.000584 0.000472 0.000333 0.000172 0.000000 
50.000000 40.170445 30.936916 22.787204 16.025330 10.747608 6.869055 4.182490 2.426390 1.341737 0.707838 0.356797 0.172324 0.080196 0.036409 0.016573 0.007997 0.004453 0.003051 0.002520 0.002327 0.002260 0.002237 0.002230 0.002227 0.002227 0.002227 0.002226 0.002226 0.002226 0.002226 0.002226 0.002226 0.002226 0.002226 0.002226 0.002224 0.002222 0.002216 0.002205 0.002184 0.002145 0.002079 0.001972 0.001811 0.001582 0.001278 0.000902 0.000467 0.000000 
50.000000 40.171145 30.938272 22.789139 16.027745 10.750397 6.872118 4.185742 2.429765 1.345188 0.711333 0.360317 0.175856 0.083735 0.039950 0.020116 0.011540 0.007997 0.006595 0.006064 0.005871 0.005804 0.005781 0.005774 0.005771 0.005771 0.005771 0.005771 0.005770 0.005770 0.005770 0.005770 0.005770 0.005770 0.005770 0.005768 0.005765 0.005759 0.005745 0.005717 0.005662 0.005564 0.005394 0.005121 0.004705 0.004114 0.003327 0.002349 0.001218 0.000000 
50.000000 40.172837 30.941553 22.793821 16.033588 10.757144 6.879529 4.193611 2.437932 1.353539 0.719792 0.368834 0.184404 0.092299 0.048521 0.028690 0.020116 0.016573 0.015172 0.014641 0.014448 0.014380 0.014358 0.014350 0.014348 0.014347 0.014347 0.014347 0.014347 0.014347 0.014347 0.014347 0.014347 0.014346 0.014345 0.014342 0.014335 0.014319 0.014286 0.014217 0.014085 0.013845 0.013431 0.012759 0.011734 0.010270 0.008313 0.005875 0.003047 0.000000 
50.000000 40.176749 30.949139 22.804646 16.047098 10.772746 6.896666 4.211808 2.456821 1.372854 0.739354 0.388534 0.204175 0.112105 0.068345 0.048521 0.039950 0.036409 0.035008 0.034477 0.034284 0.034217 0.034194 0.034187 0.034185 0.034184 0.034184 0.034184 0.034184 0.034184 0.034184 0.034183 0.034183 0.034182 0.034179 0.034172 0.034156 0.034120 0.034043 0.033885 0.033580 0.033021 0.032053 0.030476 0.028058 0.024586 0.019925 0.014094 0.007315 0.000000 
50.000000 40.185381 30.965878 22.828535 16.076913 10.807180 6.934488 4.251973 2.498514 1.415488 0.782537 0.432019 0.247819 0.155828 0.112105 0.092299 0.083735 0.080196 0.078797 0.078266 0.078074 0.078006 0.077984 0.077976 0.077974 0.077973 0.077973 0.077973 0.077973 0.077973 0.077973 0.077973 0.077972 0.077970 0.077964 0.077949 0.077914 0.077836 0.077667 0.077321 0.076648 0.075409 0.073254 0.069718 0.064268 0.056394 0.045769 0.032417 0.016838 0.000000 
50.000000 40.203537 31.001083 22.878779 16.139624 10.879610 7.014050 4.336468 2.586226 1.505183 0.873388 0.523509 0.339644 0.247819 0.204175 0.184404 0.175856 0.172324 0.170927 0.170397 0.170205 0.170138 0.170115 0.170108 0.170105 0.170105 0.170104 0.170104 0.170104 0.170104 0.170104 0.170103 0.170102 0.170097 0.170085 0.170055 0.169984 0.169822 0.169472 0.168752 0.167343 0.164734 0.160164 0.152616 0.140898 0.123851 0.100695 0.071432 0.037144 0.000000 
50.000000 40.239878 31.071552 22.979356 16.265162 11.024612 7.173338 4.505637 2.761843 1.684776 1.055300 0.706702 0.523509 0.432019 0.388534 0.368834 0.360317 0.356797 0.355405 0.354878 0.354686 0.354619 0.354597 0.354589 0.354587 0.354586 0.354586 0.354586 0.354586 0.354586 0.354586 0.354584 0.354581 0.354572 0.354549 0.354491 0.354352 0.354037 0.353351 0.351931 0.349138 0.343925 0.334726 0.319409 0.295428 0.260243 0.212061 0.150736 0.078493 0.000000 
50.000000 40.309008 31.205607 23.170690 16.503993 11.300484 7.476404 4.827516 3.096004 2.026511 1.401454 1.055300 0.873388 0.782537 0.739354 0.719792 0.711333 0.707838 0.706456 0.705932 0.705741 0.705675 0.705652 0.705645 0.705643 0.705642 0.705642 0.705642 0.705642 0.705642 0.705641 0.705639 0.705633 0.705617 0.705574 0.705469 0.705216 0.704636 0.703368 0.700727 0.695492 0.685647 0.668116 0.638646 0.592032 0.522925 0.427327 0.304543 0.158880 0.000000 
50.000000 40.433800 31.447605 23.516102 16.935165 11.798549 8.023589 5.408694 3.699377 2.643576 2.026511 1.684776 1.505183 1.415488 1.372854 1.353539 1.345188 1.341737 1.340372 1.339855 1.339667 1.339601 1.339579 1.339572 1.339569 1.339569 1.339569 1.339568 1.339568 1.339568 1.339567 1.339563 1.339553 1.339526 1.339454 1.339274 1.338840 1.337839 1.335638 1.331019 1.321788 1.304266 1.272743 1.219146 1.133322 1.004441 0.823856 0.589171 0.308148 0.000000 
50.000000 40.647266 31.861566 24.106980 17.672777 12.650630 8.959741 6.403037 4.731726 3.699377 3.096004 2.761843 2.586226 2.498514 2.456821 2.437932 2.429765 2.426390 2.425055 2.424549 2.424365 2.424301 2.424279 2.424272 2.424270 2.424269 2.424269 2.424269 2.424269 2.424268 2.424266 2.424261 2.424245 2.424202 2.424088 2.423800 2.423104 2.421492 2.417918 2.410357 2.395111 2.365863 2.312609 2.220837 2.071686 1.844100 1.519949 1.092103 0.573215 0.000000 
50.000000 40.992781 32.531615 25.063417 18.866765 14.029963 10.475222 8.012773 6.403037 5.408694 4.827516 4.505637 4.336468 4.251973 4.211808 4.193611 4.185742 4.182490 4.181204 4.180716 4.180539 4.180477 4.180456 4.180450 4.180448 4.180447 4.180447 4.180447 4.180446 4.180445 4.180443 4.180435 4.180411 4.180348 4.180180 4.179755 4.178719 4.176304 4.170911 4.159400 4.135951 4.090428 4.006387 3.859239 3.615736 3.236700 2.685298 1.942163 1.024657 0.000000 
50.000000 41.521236 33.556451 26.526315 20.693061 16.139827 12.793416 10.475222 8.959741 8.023589 7.476404 7.173338 7.014050 6.934488 6.896666 6.879529 6.872118 6.869055 6.867844 6.867385 6.867218 6.867159 6.867140 6.867134 6.867132 6.867131 6.867131 6.867131 6.867130 6.867129 6.867125 6.867114 6.867083 6.866998 6.866770 6.866190 6.864770 6.861434 6.853929 6.837758 6.804444 6.738904 6.615983 6.396708 6.025849 5.433972 4.548844 3.321380 1.766192 0.000000 
50.000000 42.283993 35.035691 28.637896 23.329246 19.185419 16.139827 14.029963 12.650630 11.798549 11.300484 11.024612 10.879610 10.807180 10.772746 10.757144 10.750397 10.747608 10.746505 10.746087 10.745935 10.745881 10.745864 10.745858 10.745856 10.745855 10.745855 10.745855 10.745855 10.745853 10.745849 10.745835 10.745797 10.745691 10.745410 10.744688 10.742912 10.738713 10.729184 10.708452 10.665227 10.578945 10.414228 10.113978 9.592709 8.734386 7.403405 5.482725 2.953033 0.000000 
50.000000 43.321721 37.048214 31.510775 26.915948 23.329246 20.693061 18.866765 17.672777 16.935165 16.503993 16.265162 16.139624 16.076913 16.047098 16.033588 16.027745 16.025330 16.024375 16.024013 16.023881 16.023835 16.023819 16.023814 16.023813 16.023812 16.023812 16.023812 16.023811 16.023810 16.023805 16.023790 16.023748 16.023631 16.023318 16.022513 16.020519 16.015773 16.004919 15.981068 15.930724 15.828677 15.630065 15.259089 14.594860 13.457974 11.608966 8.786366 4.838186 0.000000 
50.000000 44.651071 39.626318 35.191077 31.510775 28.637896 26.526315 25.063417 24.106980 23.516102 23.170690 22.979356 22.878779 22.828535 22.804646 22.793821 22.789139 22.787204 22.786438 22.786148 22.786042 22.786005 22.785993 22.785989 22.785988 22.785987 22.785987 22.785987 22.785986 22.785985 22.785980 22.785966 22.785925 22.785812 22.785508 22.784722 22.782766 22.778084 22.767295 22.743364 22.692247 22.587031 22.378119 21.977472 21.234490 19.901810 17.595539 13.781169 7.904966 0.000000 
50.000000 46.253081 42.733234 39.626318 37.048214 35.035691 33.556451 32.531615 31.861566 31.447605 31.205607 31.071552 31.001083 30.965878 30.949139 30.941553 30.938272 30.936916 30.936379 30.936176 30.936102 30.936076 30.936067 30.936064 30.936064 30.936063 30.936063 30.936063 30.936063 30.936061 30.936058 30.936046 30.936014 30.935923 30.935678 30.935044 30.933461 30.929651 30.920816 30.901064 30.858433 30.769463 30.589452 30.235071 29.552966 28.261848 25.845149 21.366617 13.273168 0.000000 
50.000000 48.068001 46.253081 44.651071 43.321721 42.283993 41.521236 40.992781 40.647266 40.433800 40.309008 40.239878 40.203537 40.185381 40.176749 40.172837 40.171145 40.170445 40.170168 40.170063 40.170025 40.170012 40.170007 40.170006 40.170005 40.170005 40.170005 40.170005 40.170005 40.170004 40.170002 40.169996 40.169978 40.169927 40.169790 40.169434 40.168543 40.166393 40.161385 40.150127 40.125652 40.074051 39.968123 39.755044 39.330960 38.483535 36.746105 32.979913 24.034000 0.000000 
50.000000 50.000000 50.000000 50.000000 50.000000 50.000000 50.000000 50.000000 50.000000 50.000000 50.000000 50.000000 50.000000 50.000000 50.000000 50.000000 50.000000 50.000000 50.000000 50.000000 50.000000 50.000000 50.000000 50.000000 50.000000 50.000000 50.000000 50.000000 50.000000 50.000000 50.000000 50.000000 50.000000 50.000000 50.000000 50.000000 50.000000 50.000000 50.000000 50.000000 50.000000 50.000000 50.000000 50.000000 50.000000 50.000000 50.000000 50.000000 50.000000 50.000000 
