50.000000 50.000000 50.000000 50.000000 50.000000 50.000000 50.000000 50.000000 50.000000 50.000000 50.000000 50.000000 50.000000 50.000000 50.000000 50.000000 50.000000 50.000000 50.000000 50.000000 50.000000 50.000000 50.000000 50.000000 50.000000 50.000000 50.000000 50.000000 50.000000 50.000000 50.000000 50.000000 50.000000 50.000000 50.000000 50.000000 50.000000 50.000000 50.000000 50.000000 50.000000 50.000000 50.000000 50.000000 50.000000 50.000000 50.000000 50.000000 50.000000 50.000000 
50.000000 41.356391 35.018698 31.499332 29.961249 29.414045 29.251161 29.209698 29.200512 29.198716 29.198403 29.198353 29.198346 29.198345 29.198345 29.198345 29.198345 29.198345 29.198345 29.198345 29.198345 29.198345 29.198345 29.198345 29.198345 29.198345 29.198345 29.198345 29.198345 29.198345 29.198345 29.198345 29.198345 29.198345 29.198345 29.198345 29.198345 29.198345 29.198345 29.198342 29.198320 29.198171 29.197267 29.192248 29.167013 29.052421 28.581842 26.819754 20.678196 0.000000 
50.000000 35.018698 24.036836 17.941170 15.278624 14.331965 14.050370 13.978740 13.962884 13.959786 13.959245 13.959160 13.959148 13.959146 13.959146 13.959146 13.959146 13.959146 13.959146 13.959146 13.959146 13.959146 13.959146 13.959146 13.959146 13.959146 13.959146 13.959146 13.959146 13.959146 13.959146 13.959146 13.959146 13.959146 13.959146 13.959146 13.959146 13.959146 13.959146 13.959142 13.959118 13.958958 13.957994 13.952758 13.927259 13.816952 13.397701 12.018418 8.198944 0.000000 
50.000000 31.499332 17.941170 10.418831 7.134979 5.968168 5.621328 5.533167 5.513666 5.509859 5.509195 5.509091 5.509076 5.509074 5.509074 5.509074 5.509074 5.509074 5.509074 5.509074 5.509074 5.509074 5.509074 5.509074 5.509074 5.509074 5.509074 5.509074 5.509074 5.509074 5.509074 5.509074 5.509074 5.509074 5.509074 5.509074 5.509074 5.509073 5.509073 5.509071 5.509056 5.508958 5.508378 5.505282 5.490594 5.429409 5.209416 4.543469 2.917489 0.000000 
50.000000 29.961249 15.278624 7.134979 3.581316 2.319210 1.944226 1.848960 1.827900 1.823790 1.823074 1.822961 1.822945 1.822943 1.822943 1.822943 1.822943 1.822943 1.822943 1.822943 1.822943 1.822943 1.822943 1.822943 1.822943 1.822943 1.822943 1.822943 1.822943 1.822943 1.822943 1.822943 1.822943 1.822943 1.822943 1.822943 1.822943 1.822943 1.822943 1.822942 1.822935 1.822893 1.822645 1.821339 1.815265 1.790658 1.705569 1.461671 0.908829 0.000000 
50.000000 29.414045 14.331965 5.968168 2.319210 1.023569 0.638721 0.540976 0.519372 0.515158 0.514424 0.514309 0.514293 0.514290 0.514290 0.514290 0.514290 0.514290 0.514290 0.514290 0.514290 0.514290 0.514290 0.514290 0.514290 0.514290 0.514290 0.514290 0.514290 0.514290 0.514290 0.514290 0.514290 0.514290 0.514290 0.514290 0.514290 0.514290 0.514290 0.514290 0.514288 0.514273 0.514190 0.513759 0.511785 0.503946 0.477574 0.404706 0.247032 0.000000 
50.000000 29.251161 14.050370 5.621328 1.944226 0.638721 0.250984 0.152515 0.130755 0.126511 0.125771 0.125655 0.125639 0.125636 0.125636 0.125636 0.125636 0.125636 0.125636 0.125636 0.125636 0.125636 0.125636 0.125636 0.125636 0.125636 0.125636 0.125636 0.125636 0.125636 0.125636 0.125636 0.125636 0.125636 0.125636 0.125636 0.125636 0.125636 0.125636 0.125636 0.125635 0.125632 0.125609 0.125492 0.124962 0.122888 0.116046 0.097611 0.058913 0.000000 
50.000000 29.209698 13.978740 5.533167 1.848960 0.540976 0.152515 0.053867 0.032067 0.027816 0.027075 0.026959 0.026942 0.026940 0.026940 0.026940 0.026940 0.026940 0.026940 0.026940 0.026940 0.026940 0.026940 0.026940 0.026940 0.026940 0.026940 0.026940 0.026940 0.026940 0.026940 0.026940 0.026940 0.026940 0.026940 0.026940 0.026940 0.026940 0.026940 0.026940 0.026940 0.026939 0.026933 0.026907 0.026785 0.026316 0.024789 0.020746 0.012431 0.000000 
50.000000 29.200512 13.962884 5.513666 1.827900 0.519372 0.130755 0.032067 0.010260 0.006006 0.005265 0.005149 0.005132 0.005130 0.005130 0.005130 0.005130 0.005130 0.005130 0.005130 0.005130 0.005130 0.005130 0.005130 0.005130 0.005130 0.005130 0.005130 0.005130 0.005130 0.005130 0.005130 0.005130 0.005130 0.005130 0.005130 0.005130 0.005130 0.005130 0.005130 0.005130 0.005130 0.005129 0.005123 0.005099 0.005006 0.004707 0.003926 0.002341 0.000000 
50.000000 29.198716 13.959786 5.509859 1.823790 0.515158 0.126511 0.027816 0.006006 0.001752 0.001012 0.000895 0.000879 0.000877 0.000876 0.000876 0.000876 0.000876 0.000876 0.000876 0.000876 0.000876 0.000876 0.000876 0.000876 0.000876 0.000876 0.000876 0.000876 0.000876 0.000876 0.000876 0.000876 0.000876 0.000876 0.000876 0.000876 0.000876 0.000876 0.000876 0.000876 0.000876 0.000876 0.000875 0.000871 0.000855 0.000802 0.000668 0.000397 0.000000 
50.000000 29.198403 13.959245 5.509195 1.823074 0.514424 0.125771 0.027075 0.005265 0.001012 0.000271 0.000154 0.000138 0.000136 0.000135 0.000135 0.000135 0.000135 0.000135 0.000135 0.000135 0.000135 0.000135 0.000135 0.000135 0.000135 0.000135 0.000135 0.000135 0.000135 0.000135 0.000135 0.000135 0.000135 0.000135 0.000135 0.000135 0.000135 0.000135 0.000135 0.000135 0.000135 0.000135 0.000135 0.000135 0.000132 0.000124 0.000103 0.000061 0.000000 
50.000000 29.198353 13.959160 5.509091 1.822961 0.514309 0.125655 0.026959 0.005149 0.000895 0.000154 0.000038 0.000022 0.000019 0.000019 0.000019 0.000019 0.000019 0.000019 0.000019 0.000019 0.000019 0.000019 0.000019 0.000019 0.000019 0.000019 0.000019 0.000019 0.000019 0.000019 0.000019 0.000019 0.000019 0.000019 0.000019 0.000019 0.000019 0.000019 0.000019 0.000019 0.000019 0.000019 0.000019 0.000019 0.000019 0.000017 0.000014 0.000009 0.000000 
50.000000 29.198346 13.959148 5.509076 1.822945 0.514293 0.125639 0.026942 0.005132 0.000879 0.000138 0.000022 0.000005 0.000003 0.000002 0.000002 0.000002 0.000002 0.000002 0.000002 0.000002 0.000002 0.000002 0.000002 0.000002 0.000002 0.000002 0.000002 0.000002 0.000002 0.000002 0.000002 0.000002 0.000002 0.000002 0.000002 0.000002 0.000002 0.000002 0.000002 0.000002 0.000002 0.000002 0.000002 0.000002 0.000002 0.000002 0.000002 0.000001 0.000000 
50.000000 29.198345 13.959146 5.509074 1.822943 0.514290 0.125636 0.026940 0.005130 0.000877 0.000136 0.000019 0.000003 0.000001 0.000000 0.000000 0.000000 0.000000 0.000000 0.000000 0.000000 0.000000 0.000000 0.000000 0.000000 0.000000 0.000000 0.000000 0.000000 0.000000 0.000000 0.000000 0.000000 0.000000 0.000000 0.000000 0.000000 0.000000 0.000000 0.000000 0.000000 0.000000 0.000000 0.000000 0.000000 0.000000 0.000000 0.000000 0.000000 0.000000 
50.000000 29.198345 13.959146 5.509074 1.822943 0.514290 0.125636 0.026940 0.005130 0.000876 0.000135 0.000019 0.000002 0.000000 0.000000 0.000000 0.000000 0.000000 0.000000 0.000000 0.000000 0.000000 0.000000 0.000000 0.000000 0.000000 0.000000 0.000000 0.000000 0.000000 0.000000 0.000000 0.000000 0.000000 0.000000 0.000000 0.000000 0.000000 0.000000 0.000000 0.000000 0.000000 0.000000 0.000000 0.000000 0.000000 0.000000 0.000000 0.000000 0.000000 
50.000000 29.198345 13.959146 5.509074 1.822943 0.514290 0.125636 0.026940 0.005130 0.000876 0.000135 0.000019 0.000002 0.000000 0.000000 0.000000 0.000000 0.000000 0.000000 0.000000 0.000000 0.000000 0.000000 0.000000 0.000000 0.000000 0.000000 0.000000 0.000000 0.000000 0.000000 0.000000 0.000000 0.000000 0.000000 0.000000 0.000000 0.000000 0.000000 0.000000 0.000000 0.000000 0.000000 0.000000 0.000000 0.000000 0.000000 0.000000 0.000000 0.000000 
50.000000 29.198345 13.959146 5.509074 1.822943 0.514290 0.125636 0.026940 0.005130 0.000876 0.000135 0.000019 0.000002 0.000000 0.000000 0.000000 0.000000 0.000000 0.000000 0.000000 0.000000 0.000000 0.000000 0.000000 0.000000 0.000000 0.000000 0.000000 0.000000 0.000000 0.000000 0.000000 0.000000 0.000000 0.000000 0.000000 0.000000 0.000000 0.000000 0.000000 0.000000 0.000000 0.000000 0.000000 0.000000 0.000000 0.000000 0.000000 0.000000 0.000000 
50.000000 29.198345 13.959146 5.509074 1.822943 0.514290 0.125636 0.026940 0.005130 0.000876 0.000135 0.000019 0.000002 0.000000 0.000000 0.000000 0.000000 0.000000 0.000000 0.000000 0.000000 0.000000 0.000000 0.000000 0.000000 0.000000 0.000000 0.000000 0.000000 0.000000 0.000000 0.000000 0.000000 0.000000 0.000000 0.000000 0.000000 0.000000 0.000000 0.000000 0.000000 0.000000 0.000000 0.000000 0.000000 0.000000 0.000000 0.000000 0.000000 0.000000 
50.000000 29.198345 13.959146 5.509074 1.822943 0.514290 0.125636 0.026940 0.005130 0.000876 0.000135 0.000019 0.000002 0.000000 0.000000 0.000000 0.000000 0.000000 0.000000 0.000000 0.000000 0.000000 0.000000 0.000000 0.000000 0.000000 0.000000 0.000000 0.000000 0.000000 0.000000 0.000000 0.000000 0.000000 0.000000 0.000000 0.000000 0.000000 0.000000 0.000000 0.000000 0.000000 0.000000 0.000000 0.000000 0.000000 0.000000 0.000000 0.000000 0.000000 
50.000000 29.198345 13.959146 5.509074 1.822943 0.514290 0.125636 0.026940 0.005130 0.000876 0.000135 0.000019 0.000002 0.000000 0.000000 0.000000 0.000000 0.000000 0.000000 0.000000 0.000000 0.000000 0.000000 0.000000 0.000000 0.000000 0.000000 0.000000 0.000000 0.000000 0.000000 0.000000 0.000000 0.000000 0.000000 0.000000 0.000000 0.000000 0.000000 0.000000 0.000000 0.000000 0.000000 0.000000 0.000000 0.000000 0.000000 0.000000 0.000000 0.000000 
50.000000 29.198345 13.959146 5.509074 1.822943 0.514290 0.125636 0.026940 0.005130 0.000876 0.000135 0.000019 0.000002 0.000000 0.000000 0.000000 0.000000 0.000000 0.000000 0.000000 0.000000 0.000000 0.000000 0.000000 0.000000 0.000000 0.000000 0.000000 0.000000 0.000000 0.000000 0.000000 0.000000 0.000000 0.000000 0.000000 0.000000 0.000000 0.000000 0.000000 0.000000 0.000000 0.000000 0.000000 0.000000 0.000000 0.000000 0.000000 0.000000 0.000000 
50.000000 29.198345 13.959146 5.509074 1.822943 0.514290 0.125636 0.026940 0.005130 0.000876 0.000135 0.000019 0.000002 0.000000 0.000000 0.000000 0.000000 0.000000 0.000000 0.000000 0.000000 0.000000 0.000000 0.000000 0.000000 0.000000 0.000000 0.000000 0.000000 0.000000 0.000000 0.000000 0.000000 0.000000 0.000000 0.000000 0.000000 0.000000 0.000000 0.000000 0.000000 0.000000 0.000000 0.000000 0.000000 0.000000 0.000000 0.000000 0.000000 0.000000 
50.000000 29.198345 13.959146 5.509074 1.822943 0.514290 0.125636 0.026940 0.005130 0.000876 0.000135 0.000019 0.000002 0.000000 0.000000 0.000000 0.000000 0.000000 0.000000 0.000000 0.000000 0.000000 0.000000 0.000000 0.000000 0.000000 0.000000 0.000000 0.000000 0.000000 0.000000 0.000000 0.000000 0.000000 0.000000 0.000000 0.000000 0.000000 0.000000 0.000000 0.000000 0.000000 0.000000 0.000000 0.000000 0.000000 0.000000 0.000000 0.000000 0.000000 
50.000000 29.198345 13.959146 5.509074 1.822943 0.514290 0.125636 0.026940 0.005130 0.000876 0.000135 0.000019 0.000002 0.000000 0.000000 0.000000 0.000000 0.000000 0.000000 0.000000 0.000000 0.000000 0.000000 0.000000 0.000000 0.000000 0.000000 0.000000 0.000000 0.000000 0.000000 0.000000 0.000000 0.000000 0.000000 0.000000 0.000000 0.000000 0.000000 0.000000 0.000000 0.000000 0.000000 0.000000 0.000000 0.000000 0.000000 0.000000 0.000000 0.000000 
50.000000 29.198345 13.959146 5.509074 1.822943 0.514290 0.125636 0.026940 0.005130 0.000876 0.000135 0.000019 0.000002 0.000000 0.000000 0.000000 0.000000 0.000000 0.000000 0.000000 0.000000 0.000000 0.000000 0.000000 0.000000 0.000000 0.000000 0.000000 0.000000 0.000000 0.000000 0.000000 0.000000 0.000000 0.000000 0.000000 0.000000 0.000000 0.000000 0.000000 0.000000 0.000000 0.000000 0.000000 0.000000 0.000000 0.000000 0.000000 0.000000 0.000000 
50.000000 29.198345 13.959146 5.509074 1.822943 0.514290 0.125636 0.026940 0.005130 0.000876 0.000135 0.000019 0.000002 0.000000 0.000000 0.000000 0.000000 0.000000 0.000000 0.000000 0.000000 0.000000 0.000000 0.000000 0.000000 0.000000 0.000000 0.000000 0.000000 0.000000 0.000000 0.000000 0.000000 0.000000 0.000000 0.000000 0.000000 0.000000 0.000000 0.000000 0.000000 0.000000 0.000000 0.000000 0.000000 0.000000 0.000000 0.000000 0.000000 0.000000 
50.000000 29.198345 13.959146 5.509074 1.822943 0.514290 0.125636 0.026940 0.005130 0.000876 0.000135 0.000019 0.000002 0.000000 0.000000 0.000000 0.000000 0.000000 0.000000 0.000000 0.000000 0.000000 0.000000 0.000000 0.000000 0.000000 0.000000 0.000000 0.000000 0.000000 0.000000 0.000000 0.000000 0.000000 0.000000 0.000000 0.000000 0.000000 0.000000 0.000000 0.000000 0.000000 0.000000 0.000000 0.000000 0.000000 0.000000 0.000000 0.000000 0.000000 
50.000000 29.198345 13.959146 5.509074 1.822943 0.514290 0.125636 0.026940 0.005130 0.000876 0.000135 0.000019 0.000002 0.000000 0.000000 0.000000 0.000000 0.000000 0.000000 0.000000 0.000000 0.000000 0.000000 0.000000 0.000000 0.000000 0.000000 0.000000 0.000000 0.000000 0.000000 0.000000 0.000000 0.000000 0.000000 0.000000 0.000000 0.000000 0.000000 0.000000 0.000000 0.000000 0.000000 0.000000 0.000000 0.000000 0.000000 0.000000 0.000000 0.000000 
50.000000 29.198345 13.959146 5.509074 1.822943 0.514290 0.125636 0.026940 0.005130 0.000876 0.000135 0.000019 0.000002 0.000000 0.000000 0.000000 0.000000 0.000000 0.000000 0.000000 0.000000 0.000000 0.000000 0.000000 0.000000 0.000000 0.000000 0.000000 0.000000 0.000000 0.000000 0.000000 0.000000 0.000000 0.000000 0.000000 0.000000 0.000000 0.000000 0.000000 0.000000 0.000000 0.000000 0.000000 0.000000 0.000000 0.000000 0.000000 0.000000 0.000000 
50.000000 29.198345 13.959146 5.509074 1.822943 0.514290 0.125636 0.026940 0.005130 0.000876 0.000135 0.000019 0.000002 0.000000 0.000000 0.000000 0.000000 0.000000 0.000000 0.000000 0.000000 0.000000 0.000000 0.000000 0.000000 0.000000 0.000000 0.000000 0.000000 0.000000 0.000000 0.000000 0.000000 0.000000 0.000000 0.000000 0.000000 0.000000 0.000000 0.000000 0.000000 0.000000 0.000000 0.000000 0.000000 0.000000 0.000000 0.000000 0.000000 0.000000 
50.000000 29.198345 13.959146 5.509074 1.822943 0.514290 0.125636 0.026940 0.005130 0.000876 0.000135 0.000019 0.000002 0.000000 0.000000 0.000000 0.000000 0.000000 0.000000 0.000000 0.000000 0.000000 0.000000 0.000000 0.000000 0.000000 0.000000 0.000000 0.000000 0.000000 0.000000 0.000000 0.000000 0.000000 0.000000 0.000000 0.000000 0.000000 0.000000 0.000000 0.000000 0.000000 0.000000 0.000000 0.000000 0.000000 0.000000 0.000000 0.000000 0.000000 
50.000000 29.198345 13.959146 5.509074 1.822943 0.514290 0.125636 0.026940 0.005130 0.000876 0.000135 0.000019 0.000002 0.000000 0.000000 0.000000 0.000000 0.000000 0.000000 0.000000 0.000000 0.000000 0.000000 0.000000 0.000000 0.000000 0.000000 0.000000 0.000000 0.000000 0.000000 0.000000 0.000000 0.000000 0.000000 0.000000 0.000000 0.000000 0.000000 0.000000 0.000000 0.000000 0.000000 0.000000 0.000000 0.000000 0.000000 0.000000 0.000000 0.000000 
50.000000 29.198345 13.959146 5.509074 1.822943 0.514290 0.125636 0.026940 0.005130 0.000876 0.000135 0.000019 0.000002 0.000000 0.000000 0.000000 0.000000 0.000000 0.000000 0.000000 0.000000 0.000000 0.000000 0.000000 0.000000 0.000000 0.000000 0.000000 0.000000 0.000000 0.000000 0.000000 0.000000 0.000000 0.000000 0.000000 0.000000 0.000000 0.000000 0.000000 0.000000 0.000000 0.000000 0.000000 0.000000 0.000000 0.000000 0.000000 0.000000 0.000000 
50.000000 29.198345 13.959146 5.509074 1.822943 0.514290 0.125636 0.026940 0.005130 0.000876 0.000135 0.000019 0.000002 0.000000 0.000000 0.000000 0.000000 0.000000 0.000000 0.000000 0.000000 0.000000 0.000000 0.000000 0.000000 0.000000 0.000000 0.000000 0.000000 0.000000 0.000000 0.000000 0.000000 0.000000 0.000000 0.000000 0.000000 0.000000 0.000000 0.000000 0.000000 0.000000 0.000000 0.000000 0.000000 0.000000 0.000000 0.000000 0.000000 0.000000 
50.000000 29.198345 13.959146 5.509074 1.822943 0.514290 0.125636 0.026940 0.005130 0.000876 0.000135 0.000019 0.000002 0.000000 0.000000 0.000000 0.000000 0.000000 0.000000 0.000000 0.000000 0.000000 0.000000 0.000000 0.000000 0.000000 0.000000 0.000000 0.000000 0.000000 0.000000 0.000000 0.000000 0.000000 0.000000 0.000000 0.000000 0.000000 0.000000 0.000000 0.000000 0.000000 0.000000 0.000000 0.000000 0.000000 0.000000 0.000000 0.000000 0.000000 
50.000000 29.198345 13.959146 5.509074 1.822943 0.514290 0.125636 0.026940 0.005130 0.000876 0.000135 0.000019 0.000002 0.000000 0.000000 0.000000 0.000000 0.000000 0.000000 0.000000 0.000000 0.000000 0.000000 0.000000 0.000000 0.000000 0.000000 0.000000 0.000000 0.000000 0.000000 0.000000 0.000000 0.000000 0.000000 0.000000 0.000000 0.000000 0.000000 0.000000 0.000000 0.000000 0.000000 0.000000 0.000000 0.000000 0.000000 0.000000 0.000000 0.000000 
50.000000 29.198345 13.959146 5.509074 1.822943 0.514290 0.125636 0.026940 0.005130 0.000877 0.000136 0.000019 0.000003 0.000001 0.000000 0.000000 0.000000 0.000000 0.000000 0.000000 0.000000 0.000000 0.000000 0.000000 0.000000 0.000000 0.000000 0.000000 0.000000 0.000000 0.000000 0.000000 0.000000 0.000000 0.000000 0.000000 0.000000 0.000000 0.000000 0.000000 0.000000 0.000000 0.000000 0.000000 0.000000 0.000000 0.000000 0.000000 0.000000 0.000000 
50.000000 29.198346 13.959148 5.509076 1.822945 0.514293 0.125639 0.026942 0.005132 0.000879 0.000138 0.000022 0.000005 0.000003 0.000002 0.000002 0.000002 0.000002 0.000002 0.000002 0.000002 0.000002 0.000002 0.000002 0.000002 0.000002 0.000002 0.000002 0.000002 0.000002 0.000002 0.000002 0.000002 0.000002 0.000002 0.000002 0.000002 0.000002 0.000002 0.000002 0.000002 0.000002 0.000002 0.000002 0.000002 0.000002 0.000002 0.000002 0.000001 0.000000 
50.000000 29.198353 13.959160 5.509091 1.822961 0.514309 0.125655 0.026959 0.005149 0.000895 0.000154 0.000038 0.000022 0.000019 0.000019 0.000019 0.000019 0.000019 0.000019 0.000019 0.000019 0.000019 0.000019 0.000019 0.000019 0.000019 0.000019 0.000019 0.000019 0.000019 0.000019 0.000019 0.000019 0.000019 0.000019 0.000019 0.000019 0.000019 0.000019 0.000019 0.000019 0.000019 0.000019 0.000019 0.000019 0.000019 0.000017 0.000014 0.000009 0.000000 
50.000000 29.198403 13.959245 5.509195 1.823074 0.514424 0.125771 0.027075 0.005265 0.001012 0.000271 0.000154 0.000138 0.000136 0.000135 0.000135 0.000135 0.000135 0.000135 0.000135 0.000135 0.000135 0.000135 0.000135 0.000135 0.000135 0.000135 0.000135 0.000135 0.000135 0.000135 0.000135 0.000135 0.000135 0.000135 0.000135 0.000135 0.000135 0.000135 0.000135 0.000135 0.000135 0.000135 0.000135 0.000135 0.000132 0.000124 0.000103 0.000061 0.000000 
50.000000 29.198716 13.959786 5.509859 1.823790 0.515158 0.126511 0.027816 0.006006 0.001752 0.001012 0.000895 0.000879 0.000877 0.000876 0.000876 0.000876 0.000876 0.000876 0.000876 0.000876 0.000876 0.000876 0.000876 0.000876 0.000876 0.000876 0.000876 0.000876 0.000876 0.000876 0.000876 0.000876 0.000876 0.000876 0.000876 0.000876 0.000876 0.000876 0.000876 0.000876 0.000876 0.000876 0.000875 0.000871 0.000855 0.000802 0.000668 0.000397 0.000000 
50.000000 29.200512 13.962884 5.513666 1.827900 0.519372 0.130755 0.032067 0.010260 0.006006 0.005265 0.005149 0.005132 0.005130 0.005130 0.005130 0.005130 0.005130 0.005130 0.005130 0.005130 0.005130 0.005130 0.005130 0.005130 0.005130 0.005130 0.005130 0.005130 0.005130 0.005130 0.005130 0.005130 0.005130 0.005130 0.005130 0.005130 0.005130 0.005130 0.005130 0.005130 0.005130 0.005129 0.005123 0.005099 0.005006 0.004707 0.003926 0.002341 0.000000 
50.000000 29.209698 13.978740 5.533167 1.848960 0.540976 0.152515 0.053867 0.032067 0.027816 0.027075 0.026959 0.026942 0.026940 0.026940 0.026940 0.026940 0.026940 0.026940 0.026940 0.026940 0.026940 0.026940 0.026940 0.026940 0.026940 0.026940 0.026940 0.026940 0.026940 0.026940 0.026940 0.026940 0.026940 0.026940 0.026940 0.026940 0.026940 0.026940 0.026940 0.026940 0.026939 0.026933 0.026907 0.026785 0.026316 0.024789 0.020746 0.012431 0.000000 
50.000000 29.251161 14.050370 5.621328 1.944226 0.638721 0.250984 0.152515 0.130755 0.126511 0.125771 0.125655 0.125639 0.125636 0.125636 0.125636 0.125636 0.125636 0.125636 0.125636 0.125636 0.125636 0.125636 0.125636 0.125636 0.125636 0.125636 0.125636 0.125636 0.125636 0.125636 0.125636 0.125636 0.125636 0.125636 0.125636 0.125636 0.125636 0.125636 0.125636 0.125635 0.125632 0.125609 0.125492 0.124962 0.122888 0.116046 0.097611 0.058913 0.000000 
50.000000 29.414045 14.331965 5.968168 2.319210 1.023569 0.638721 0.540976 0.519372 0.515158 0.514424 0.514309 0.514293 0.514290 0.514290 0.514290 0.514290 0.514290 0.514290 0.514290 0.514290 0.514290 0.514290 0.514290 0.514290 0.514290 0.514290 0.514290 0.514290 0.514290 0.514290 0.514290 0.514290 0.514290 0.514290 0.514290 0.514290 0.514290 0.514290 0.514290 0.514288 0.514273 0.514190 0.513759 0.511785 0.503946 0.477574 0.404706 0.247032 0.000000 
50.000000 29.961249 15.278624 7.134979 3.581316 2.319210 1.944226 1.848960 1.827900 1.823790 1.823074 1.822961 1.822945 1.822943 1.822943 1.822943 1.822943 1.822943 1.822943 1.822943 1.822943 1.822943 1.822943 1.822943 1.822943 1.822943 1.822943 1.822943 1.822943 1.822943 1.822943 1.822943 1.822943 1.822943 1.822943 1.822943 1.822943 1.822943 1.822943 1.822942 1.822935 1.822893 1.822645 1.821339 1.815265 1.790658 1.705569 1.461671 0.908829 0.000000 
50.000000 31.499332 17.941170 10.418831 7.134979 5.968168 5.621328 5.533167 5.513666 5.509859 5.509195 5.509091 5.509076 5.509074 5.509074 5.509074 5.509074 5.509074 5.509074 5.509074 5.509074 5.509074 5.509074 5.509074 5.509074 5.509074 5.509074 5.509074 5.509074 5.509074 5.509074 5.509074 5.509074 5.509074 5.509074 5.509074 5.509074 5.509073 5.509073 5.509071 5.509056 5.508958 5.508378 5.505282 5.490594 5.429409 5.209416 4.543469 2.917489 0.000000 
50.000000 35.018698 24.036836 17.941170 15.278624 14.331965 14.050370 13.978740 13.962884 13.959786 13.959245 13.959160 13.959148 13.959146 13.959146 13.959146 13.959146 13.959146 13.959146 13.959146 13.959146 13.959146 13.959146 13.959146 13.959146 13.959146 13.959146 13.959146 13.959146 13.959146 13.959146 13.959146 13.959146 13.959146 13.959146 13.959146 13.959146 13.959146 13.959146 13.959142 13.959118 13.958958 13.957994 13.952758 13.927259 13.816952 13.397701 12.018418 8.198944 0.000000 
50.000000 41.356391 35.018698 31.499332 29.961249 29.414045 29.251161 29.209698 29.200512 29.198716 29.198403 29.198353 29.198346 29.198345 29.198345 29.198345 29.198345 29.198345 29.198345 29.198345 29.198345 29.198345 29.198345 29.198345 29.198345 29.198345 29.198345 29.198345 29.198345 29.198345 29.198345 29.198345 29.198345 29.198345 29.198345 29.198345 29.198345 29.198345 29.198345 29.198342 29.198320 29.198171 29.197267 29.192248 29.167013 29.052421 28.581842 26.819754 20.678196 0.000000 
50.000000 50.000000 50.000000 50.000000 50.000000 50.000000 50.000000 50.000000 50.000000 50.000000 50.000000 50.000000 50.000000 50.000000 50.000000 50.000000 50.000000 50.000000 50.000000 50.000000 50.000000 50.000000 50.000000 50.000000 50.000000 50.000000 50.000000 50.000000 50.000000 50.000000 50.000000 50.000000 50.000000 50.000000 50.000000 50.000000 50.000000 50.000000 50.000000 50.000000 50.000000 50.000000 50.000000 50.000000 50.000000 50.000000 50.000000 50.000000 50.000000 50.000000 
