50.000000 50.000000 50.000000 50.000000 50.000000 50.000000 50.000000 50.000000 50.000000 50.000000 50.000000 50.000000 50.000000 50.000000 50.000000 50.000000 50.000000 50.000000 50.000000 50.000000 50.000000 50.000000 50.000000 50.000000 50.000000 50.000000 50.000000 50.000000 50.000000 50.000000 50.000000 50.000000 50.000000 50.000000 50.000000 50.000000 50.000000 50.000000 50.000000 50.000000 50.000000 50.000000 50.000000 50.000000 50.000000 50.000000 50.000000 50.000000 50.000000 50.000000 
50.000000 48.138044 46.384840 44.830114 43.531083 42.507787 41.747203 41.213288 40.858929 40.636304 40.503745 40.428839 40.388616 40.368063 40.358055 40.353406 40.351343 40.350467 40.350111 40.349972 40.349920 40.349901 40.349894 40.349892 40.349892 40.349891 40.349891 40.349891 40.349891 40.349890 40.349887 40.349878 40.349854 40.349789 40.349617 40.349182 40.348119 40.345611 40.339895 40.327305 40.300450 40.244818 40.132422 39.909526 39.471370 38.604911 36.843210 33.047873 24.069022 0.000000 
50.000000 46.384840 42.980838 39.962213 37.440056 35.453273 33.976574 32.939975 32.251994 31.819778 31.562425 31.417004 31.338917 31.299016 31.279590 31.270565 31.266560 31.264859 31.264168 31.263898 31.263797 31.263760 31.263748 31.263744 31.263742 31.263742 31.263742 31.263741 31.263741 31.263739 31.263734 31.263719 31.263675 31.263558 31.263250 31.262472 31.260575 31.256113 31.245989 31.223811 31.176847 31.080535 30.888743 30.516482 29.808744 28.482952 26.022042 21.490419 13.336967 0.000000 
50.000000 44.830114 39.962213 35.645450 32.038692 29.197572 27.085911 25.603615 24.619850 24.001826 23.633849 23.425923 23.314275 23.257229 23.229455 23.216553 23.210827 23.208396 23.207408 23.207022 23.206878 23.206826 23.206808 23.206802 23.206800 23.206799 23.206799 23.206799 23.206798 23.206796 23.206789 23.206770 23.206715 23.206568 23.206183 23.205212 23.202854 23.197335 23.184891 23.157846 23.101166 22.986525 22.762485 22.338880 21.562983 20.185774 17.822725 13.940171 7.986904 0.000000 
50.000000 43.531083 37.440056 32.038692 27.525781 23.970922 21.328828 19.474234 18.243417 17.470213 17.009855 16.749738 16.610072 16.538713 16.503972 16.487834 16.480672 16.477632 16.476395 16.475913 16.475733 16.475668 16.475645 16.475638 16.475635 16.475634 16.475634 16.475634 16.475633 16.475631 16.475624 16.475603 16.475547 16.475393 16.474993 16.473990 16.471564 16.465921 16.453292 16.426099 16.369786 16.257622 16.042774 15.647151 14.947584 13.762891 11.852918 8.957104 4.926172 0.000000 
50.000000 42.507787 35.453273 29.197572 23.970922 19.853920 16.794088 14.646323 13.220983 12.325609 11.792531 11.491338 11.329623 11.247002 11.206780 11.188098 11.179807 11.176287 11.174856 11.174298 11.174089 11.174014 11.173988 11.173979 11.173977 11.173976 11.173975 11.173975 11.173974 11.173972 11.173966 11.173947 11.173895 11.173755 11.173391 11.172482 11.170297 11.165248 11.154039 11.130144 11.081266 10.985402 10.805306 10.481709 9.926960 9.023338 7.634589 5.644530 3.036417 0.000000 
50.000000 41.747203 33.976574 27.085911 21.328828 16.794088 13.423862 11.058285 9.488445 8.502331 7.915250 7.583559 7.405476 7.314497 7.270209 7.249638 7.240510 7.236635 7.235060 7.234445 7.234215 7.234132 7.234104 7.234094 7.234091 7.234090 7.234090 7.234090 7.234089 7.234087 7.234082 7.234066 7.234024 7.233908 7.233610 7.232870 7.231100 7.227038 7.218093 7.199214 7.161058 7.087310 6.951213 6.711931 6.312380 5.681677 4.747031 3.460092 1.837676 0.000000 
50.000000 41.213288 32.939975 25.603615 19.474234 14.646323 11.058285 8.539887 6.868677 5.818920 5.193971 4.840897 4.651342 4.554505 4.507368 4.485475 4.475761 4.471637 4.469960 4.469307 4.469062 4.468974 4.468943 4.468933 4.468930 4.468929 4.468929 4.468928 4.468928 4.468927 4.468923 4.468911 4.468879 4.468792 4.468569 4.468018 4.466708 4.463722 4.457199 4.443562 4.416310 4.364338 4.269943 4.107072 3.841017 3.431460 2.841129 2.051232 1.080866 0.000000 
50.000000 40.858929 32.251994 24.619850 18.243417 13.220983 9.488445 6.868677 5.130241 4.038284 3.388231 3.020986 2.823830 2.723114 2.674090 2.651322 2.641219 2.636931 2.635188 2.634508 2.634254 2.634162 2.634130 2.634120 2.634116 2.634115 2.634115 2.634115 2.634115 2.634114 2.634111 2.634103 2.634080 2.634020 2.633866 2.633487 2.632592 2.630565 2.626171 2.617065 2.599055 2.565121 2.504339 2.401135 2.235581 1.985795 1.633325 1.171459 0.614111 0.000000 
50.000000 40.636304 31.819778 24.001826 17.470213 12.325609 8.502331 5.818920 4.038284 2.919844 2.254041 1.877908 1.675985 1.572837 1.522631 1.499314 1.488969 1.484577 1.482792 1.482096 1.481836 1.481742 1.481710 1.481699 1.481695 1.481694 1.481694 1.481694 1.481693 1.481693 1.481691 1.481686 1.481671 1.481632 1.481534 1.481292 1.480723 1.479443 1.476687 1.471022 1.459922 1.439229 1.402610 1.341273 1.244343 1.100427 0.900660 0.642931 0.335854 0.000000 
50.000000 40.503745 31.562425 23.633849 17.009855 11.792531 7.915250 5.193971 3.388231 2.254041 1.578874 1.197457 0.992702 0.888110 0.837201 0.813559 0.803070 0.798617 0.796807 0.796102 0.795838 0.795743 0.795710 0.795699 0.795695 0.795694 0.795694 0.795694 0.795693 0.795693 0.795692 0.795689 0.795680 0.795657 0.795597 0.795453 0.795115 0.794358 0.792740 0.789437 0.783019 0.771166 0.750409 0.716036 0.662387 0.583755 0.476002 0.338614 0.176440 0.000000 
50.000000 40.428839 31.417004 23.425923 16.749738 11.491338 7.583559 4.840897 3.020986 1.877908 1.197457 0.813060 0.606709 0.501302 0.449998 0.426173 0.415602 0.411116 0.409292 0.408581 0.408314 0.408219 0.408185 0.408174 0.408171 0.408170 0.408169 0.408169 0.408169 0.408169 0.408168 0.408167 0.408162 0.408148 0.408115 0.408034 0.407845 0.407424 0.406530 0.404717 0.401221 0.394815 0.383697 0.365465 0.337299 0.296446 0.241031 0.171015 0.088944 0.000000 
50.000000 40.388616 31.338917 23.314275 16.610072 11.329623 7.405476 4.651342 2.823830 1.675985 0.992702 0.606709 0.399502 0.293659 0.242144 0.218220 0.207606 0.203101 0.201270 0.200556 0.200289 0.200193 0.200159 0.200148 0.200145 0.200143 0.200143 0.200143 0.200143 0.200143 0.200143 0.200142 0.200139 0.200132 0.200114 0.200071 0.199972 0.199751 0.199285 0.198344 0.196542 0.193265 0.187620 0.178439 0.164375 0.144151 0.116940 0.082804 0.043005 0.000000 
50.000000 40.368063 31.299016 23.257229 16.538713 11.247002 7.314497 4.554505 2.723114 1.572837 0.888110 0.501302 0.293659 0.187595 0.135971 0.111998 0.101362 0.096847 0.095012 0.094297 0.094029 0.093933 0.093899 0.093888 0.093885 0.093883 0.093883 0.093883 0.093883 0.093883 0.093883 0.093882 0.093881 0.093877 0.093868 0.093847 0.093797 0.093688 0.093457 0.092995 0.092114 0.090522 0.087798 0.083397 0.076705 0.067149 0.054375 0.038442 0.019944 0.000000 
50.000000 40.358055 31.279590 23.229455 16.503972 11.206780 7.270209 4.507368 2.674090 1.522631 0.837201 0.449998 0.242144 0.135971 0.084295 0.060298 0.049651 0.045132 0.043295 0.042579 0.042311 0.042214 0.042181 0.042170 0.042166 0.042165 0.042165 0.042165 0.042165 0.042165 0.042165 0.042164 0.042164 0.042162 0.042158 0.042148 0.042124 0.042073 0.041964 0.041748 0.041339 0.040603 0.039350 0.037339 0.034298 0.029982 0.024243 0.017118 0.008873 0.000000 
50.000000 40.353406 31.270565 23.216553 16.487834 11.188098 7.249638 4.485475 2.651322 1.499314 0.813559 0.426173 0.218220 0.111998 0.060298 0.036289 0.025637 0.021116 0.019279 0.018562 0.018294 0.018197 0.018164 0.018153 0.018149 0.018148 0.018148 0.018148 0.018148 0.018148 0.018148 0.018148 0.018147 0.018146 0.018145 0.018140 0.018129 0.018106 0.018058 0.017962 0.017780 0.017456 0.016906 0.016028 0.014707 0.012841 0.010371 0.007315 0.003789 0.000000 
50.000000 40.351343 31.266560 23.210827 16.480672 11.179807 7.240510 4.475761 2.641219 1.488969 0.803070 0.415602 0.207606 0.101362 0.049651 0.025637 0.014983 0.010461 0.008623 0.007907 0.007638 0.007542 0.007508 0.007497 0.007494 0.007493 0.007492 0.007492 0.007492 0.007492 0.007492 0.007492 0.007492 0.007492 0.007491 0.007489 0.007484 0.007474 0.007454 0.007413 0.007336 0.007199 0.006969 0.006602 0.006052 0.005279 0.004259 0.003002 0.001554 0.000000 
50.000000 40.350467 31.264859 23.208396 16.477632 11.176287 7.236635 4.471637 2.636931 1.484577 0.798617 0.411116 0.203101 0.096847 0.045132 0.021116 0.010461 0.005939 0.004101 0.003384 0.003116 0.003019 0.002986 0.002975 0.002971 0.002970 0.002970 0.002970 0.002970 0.002970 0.002970 0.002970 0.002970 0.002969 0.002969 0.002968 0.002966 0.002962 0.002954 0.002937 0.002906 0.002851 0.002758 0.002612 0.002392 0.002085 0.001681 0.001184 0.000613 0.000000 
50.000000 40.350111 31.264168 23.207408 16.476395 11.174856 7.235060 4.469960 2.635188 1.482792 0.796807 0.409292 0.201270 0.095012 0.043295 0.019279 0.008623 0.004101 0.002262 0.001546 0.001277 0.001181 0.001148 0.001136 0.001133 0.001132 0.001131 0.001131 0.001131 0.001131 0.001131 0.001131 0.001131 0.001131 0.001131 0.001131 0.001130 0.001128 0.001125 0.001119 0.001107 0.001085 0.001050 0.000993 0.000909 0.000792 0.000638 0.000449 0.000232 0.000000 
50.000000 40.349972 31.263898 23.207022 16.475913 11.174298 7.234445 4.469307 2.634508 1.482096 0.796102 0.408581 0.200556 0.094297 0.042579 0.018562 0.007907 0.003384 0.001546 0.000829 0.000561 0.000464 0.000431 0.000420 0.000416 0.000415 0.000415 0.000415 0.000415 0.000415 0.000415 0.000415 0.000415 0.000414 0.000414 0.000414 0.000414 0.000413 0.000412 0.000410 0.000405 0.000397 0.000384 0.000363 0.000332 0.000289 0.000233 0.000164 0.000085 0.000000 
50.000000 40.349920 31.263797 23.206878 16.475733 11.174089 7.234215 4.469062 2.634254 1.481836 0.795838 0.408314 0.200289 0.094029 0.042311 0.018294 0.007638 0.003116 0.001277 0.000561 0.000293 0.000196 0.000163 0.000151 0.000148 0.000147 0.000146 0.000146 0.000146 0.000146 0.000146 0.000146 0.000146 0.000146 0.000146 0.000146 0.000146 0.000146 0.000145 0.000145 0.000143 0.000140 0.000135 0.000128 0.000117 0.000102 0.000082 0.000058 0.000030 0.000000 
50.000000 40.349901 31.263760 23.206826 16.475668 11.174014 7.234132 4.468974 2.634162 1.481742 0.795743 0.408219 0.200193 0.093933 0.042214 0.018197 0.007542 0.003019 0.001181 0.000464 0.000196 0.000099 0.000066 0.000055 0.000051 0.000050 0.000050 0.000050 0.000050 0.000050 0.000050 0.000050 0.000050 0.000050 0.000050 0.000050 0.000050 0.000050 0.000049 0.000049 0.000049 0.000048 0.000046 0.000043 0.000040 0.000035 0.000028 0.000020 0.000010 0.000000 
50.000000 40.349894 31.263748 23.206808 16.475645 11.173988 7.234104 4.468944 2.634130 1.481710 0.795710 0.408186 0.200159 0.093899 0.042181 0.018164 0.007508 0.002986 0.001148 0.000431 0.000163 0.000066 0.000033 0.000022 0.000018 0.000017 0.000016 0.000016 0.000016 0.000016 0.000016 0.000016 0.000016 0.000016 0.000016 0.000016 0.000016 0.000016 0.000016 0.000016 0.000016 0.000016 0.000015 0.000014 0.000013 0.000011 0.000009 0.000006 0.000003 0.000000 
50.000000 40.349892 31.263744 23.206802 16.475638 11.173979 7.234094 4.468933 2.634120 1.481699 0.795699 0.408175 0.200148 0.093888 0.042170 0.018153 0.007497 0.002975 0.001137 0.000420 0.000152 0.000055 0.000022 0.000010 0.000007 0.000006 0.000005 0.000005 0.000005 0.000005 0.000005 0.000005 0.000005 0.000005 0.000005 0.000005 0.000005 0.000005 0.000005 0.000005 0.000005 0.000005 0.000005 0.000005 0.000004 0.000004 0.000003 0.000002 0.000001 0.000000 
50.000000 40.349892 31.263742 23.206800 16.475635 11.173977 7.234092 4.468930 2.634117 1.481696 0.795696 0.408171 0.200145 0.093885 0.042167 0.018150 0.007494 0.002972 0.001133 0.000417 0.000148 0.000052 0.000018 0.000007 0.000004 0.000003 0.000002 0.000002 0.000002 0.000002 0.000002 0.000002 0.000002 0.000002 0.000002 0.000002 0.000002 0.000002 0.000002 0.000002 0.000002 0.000002 0.000002 0.000002 0.000002 0.000001 0.000001 0.000001 0.000000 0.000000 
50.000000 40.349892 31.263742 23.206800 16.475635 11.173977 7.234092 4.468930 2.634117 1.481696 0.795696 0.408171 0.200145 0.093885 0.042167 0.018150 0.007494 0.002972 0.001133 0.000417 0.000148 0.000052 0.000018 0.000007 0.000004 0.000003 0.000002 0.000002 0.000002 0.000002 0.000002 0.000002 0.000002 0.000002 0.000002 0.000002 0.000002 0.000002 0.000002 0.000002 0.000002 0.000002 0.000002 0.000002 0.000002 0.000001 0.000001 0.000001 0.000000 0.000000 
50.000000 40.349892 31.263744 23.206802 16.475638 11.173979 7.234094 4.468933 2.634120 1.481699 0.795699 0.408175 0.200148 0.093888 0.042170 0.018153 0.007497 0.002975 0.001137 0.000420 0.000152 0.000055 0.000022 0.000010 0.000007 0.000006 0.000005 0.000005 0.000005 0.000005 0.000005 0.000005 0.000005 0.000005 0.000005 0.000005 0.000005 0.000005 0.000005 0.000005 0.000005 0.000005 0.000005 0.000005 0.000004 0.000004 0.000003 0.000002 0.000001 0.000000 
50.000000 40.349894 31.263748 23.206808 16.475645 11.173988 7.234104 4.468944 2.634130 1.481710 0.795710 0.408186 0.200159 0.093899 0.042181 0.018164 0.007508 0.002986 0.001148 0.000431 0.000163 0.000066 0.000033 0.000022 0.000018 0.000017 0.000016 0.000016 0.000016 0.000016 0.000016 0.000016 0.000016 0.000016 0.000016 0.000016 0.000016 0.000016 0.000016 0.000016 0.000016 0.000016 0.000015 0.000014 0.000013 0.000011 0.000009 0.000006 0.000003 0.000000 
50.000000 40.349901 31.263760 23.206826 16.475668 11.174014 7.234132 4.468974 2.634162 1.481742 0.795743 0.408219 0.200193 0.093933 0.042214 0.018197 0.007542 0.003019 0.001181 0.000464 0.000196 0.000099 0.000066 0.000055 0.000051 0.000050 0.000050 0.000050 0.000050 0.000050 0.000050 0.000050 0.000050 0.000050 0.000050 0.000050 0.000050 0.000050 0.000049 0.000049 0.000049 0.000048 0.000046 0.000043 0.000040 0.000035 0.000028 0.000020 0.000010 0.000000 
50.000000 40.349920 31.263797 23.206878 16.475733 11.174089 7.234215 4.469062 2.634254 1.481836 0.795838 0.408314 0.200289 0.094029 0.042311 0.018294 0.007638 0.003116 0.001277 0.000561 0.000293 0.000196 0.000163 0.000151 0.000148 0.000147 0.000146 0.000146 0.000146 0.000146 0.000146 0.000146 0.000146 0.000146 0.000146 0.000146 0.000146 0.000146 0.000145 0.000145 0.000143 0.000140 0.000135 0.000128 0.000117 0.000102 0.000082 0.000058 0.000030 0.000000 
50.000000 40.349972 31.263898 23.207022 16.475913 11.174298 7.234445 4.469307 2.634508 1.482096 0.796102 0.408581 0.200556 0.094297 0.042579 0.018562 0.007907 0.003384 0.001546 0.000829 0.000561 0.000464 0.000431 0.000420 0.000416 0.000415 0.000415 0.000415 0.000415 0.000415 0.000415 0.000415 0.000415 0.000414 0.000414 0.000414 0.000414 0.000413 0.000412 0.000410 0.000405 0.000397 0.000384 0.000363 0.000332 0.000289 0.000233 0.000164 0.000085 0.000000 
50.000000 40.350111 31.264168 23.207408 16.476395 11.174856 7.235060 4.469960 2.635188 1.482792 0.796807 0.409292 0.201270 0.095012 0.043295 0.019279 0.008623 0.004101 0.002262 0.001546 0.001277 0.001181 0.001148 0.001136 0.001133 0.001132 0.001131 0.001131 0.001131 0.001131 0.001131 0.001131 0.001131 0.001131 0.001131 0.001131 0.001130 0.001128 0.001125 0.001119 0.001107 0.001085 0.001050 0.000993 0.000909 0.000792 0.000638 0.000449 0.000232 0.000000 
50.000000 40.350467 31.264859 23.208396 16.477632 11.176287 7.236635 4.471637 2.636931 1.484577 0.798617 0.411116 0.203101 0.096847 0.045132 0.021116 0.010461 0.005939 0.004101 0.003384 0.003116 0.003019 0.002986 0.002975 0.002971 0.002970 0.002970 0.002970 0.002970 0.002970 0.002970 0.002970 0.002970 0.002969 0.002969 0.002968 0.002966 0.002962 0.002954 0.002937 0.002906 0.002851 0.002758 0.002612 0.002392 0.002085 0.001681 0.001184 0.000613 0.000000 
50.000000 40.351343 31.266560 23.210827 16.480672 11.179807 7.240510 4.475761 2.641219 1.488969 0.803070 0.415602 0.207606 0.101362 0.049651 0.025637 0.014983 0.010461 0.008623 0.007907 0.007638 0.007542 0.007508 0.007497 0.007494 0.007493 0.007492 0.007492 0.007492 0.007492 0.007492 0.007492 0.007492 0.007492 0.007491 0.007489 0.007484 0.007474 0.007454 0.007413 0.007336 0.007199 0.006969 0.006602 0.006052 0.005279 0.004259 0.003002 0.001554 0.000000 
50.000000 40.353406 31.270565 23.216553 16.487834 11.188098 7.249638 4.485475 2.651322 1.499314 0.813559 0.426173 0.218220 0.111998 0.060298 0.036289 0.025637 0.021116 0.019279 0.018562 0.018294 0.018197 0.018164 0.018153 0.018149 0.018148 0.018148 0.018148 0.018148 0.018148 0.018148 0.018148 0.018147 0.018146 0.018145 0.018140 0.018129 0.018106 0.018058 0.017962 0.017780 0.017456 0.016906 0.016028 0.014707 0.012841 0.010371 0.007315 0.003789 0.000000 
50.000000 40.358055 31.279590 23.229455 16.503972 11.206780 7.270209 4.507368 2.674090 1.522631 0.837201 0.449998 0.242144 0.135971 0.084295 0.060298 0.049651 0.045132 0.043295 0.042579 0.042311 0.042214 0.042181 0.042170 0.042166 0.042165 0.042165 0.042165 0.042165 0.042165 0.042165 0.042164 0.042164 0.042162 0.042158 0.042148 0.042124 0.042073 0.041964 0.041748 0.041339 0.040603 0.039350 0.037339 0.034298 0.029982 0.024243 0.017118 0.008873 0.000000 
50.000000 40.368063 31.299016 23.257229 16.538713 11.247002 7.314497 4.554505 2.723114 1.572837 0.888110 0.501302 0.293659 0.187595 0.135971 0.111998 0.101362 0.096847 0.095012 0.094297 0.094029 0.093933 0.093899 0.093888 0.093885 0.093883 0.093883 0.093883 0.093883 0.093883 0.093883 0.093882 0.093881 0.093877 0.093868 0.093847 0.093797 0.093688 0.093457 0.092995 0.092114 0.090522 0.087798 0.083397 0.076705 0.067149 0.054375 0.038442 0.019944 0.000000 
50.000000 40.388616 31.338917 23.314275 16.610072 11.329623 7.405476 4.651342 2.823830 1.675985 0.992702 0.606709 0.399502 0.293659 0.242144 0.218220 0.207606 0.203101 0.201270 0.200556 0.200289 0.200193 0.200159 0.200148 0.200145 0.200143 0.200143 0.200143 0.200143 0.200143 0.200143 0.200142 0.200139 0.200132 0.200114 0.200071 0.199972 0.199751 0.199285 0.198344 0.196542 0.193265 0.187620 0.178439 0.164375 0.144151 0.116940 0.082804 0.043005 0.000000 
50.000000 40.428839 31.417004 23.425923 16.749738 11.491338 7.583559 4.840897 3.020986 1.877908 1.197457 0.813060 0.606709 0.501302 0.449998 0.426173 0.415602 0.411116 0.409292 0.408581 0.408314 0.408219 0.408185 0.408174 0.408171 0.408170 0.408169 0.408169 0.408169 0.408169 0.408168 0.408167 0.408162 0.408148 0.408115 0.408034 0.407845 0.407424 0.406530 0.404717 0.401221 0.394815 0.383697 0.365465 0.337299 0.296446 0.241031 0.171015 0.088944 0.000000 
50.000000 40.503745 31.562425 23.633849 17.009855 11.792531 7.915250 5.193971 3.388231 2.254041 1.578874 1.197457 0.992702 0.888110 0.837201 0.813559 0.803070 0.798617 0.796807 0.796102 0.795838 0.795743 0.795710 0.795699 0.795695 0.795694 0.795694 0.795694 0.795693 0.795693 0.795692 0.795689 0.795680 0.795657 0.795597 0.795453 0.795115 0.794358 0.792740 0.789437 0.783019 0.771166 0.750409 0.716036 0.662387 0.583755 0.476002 0.338614 0.176440 0.000000 
50.000000 40.636304 31.819778 24.001826 17.470213 12.325609 8.502331 5.818920 4.038284 2.919844 2.254041 1.877908 1.675985 1.572837 1.522631 1.499314 1.488969 1.484577 1.482792 1.482096 1.481836 1.481742 1.481710 1.481699 1.481695 1.481694 1.481694 1.481694 1.481693 1.481693 1.481691 1.481686 1.481671 1.481632 1.481534 1.481292 1.480723 1.479443 1.476687 1.471022 1.459922 1.439229 1.402610 1.341273 1.244343 1.100427 0.900660 0.642931 0.335854 0.000000 
50.000000 40.858929 32.251994 24.619850 18.243417 13.220983 9.488445 6.868677 5.130241 4.038284 3.388231 3.020986 2.823830 2.723114 2.674090 2.651322 2.641219 2.636931 2.635188 2.634508 2.634254 2.634162 2.634130 2.634120 2.634116 2.634115 2.634115 2.634115 2.634115 2.634114 2.634111 2.634103 2.634080 2.634020 2.633866 2.633487 2.632592 2.630565 2.626171 2.617065 2.599055 2.565121 2.504339 2.401135 2.235581 1.985795 1.633325 1.171459 0.614111 0.000000 
50.000000 41.213288 32.939975 25.603615 19.474234 14.646323 11.058285 8.539887 6.868677 5.818920 5.193971 4.840897 4.651342 4.554505 4.507368 4.485475 4.475761 4.471637 4.469960 4.469307 4.469062 4.468974 4.468943 4.468933 4.468930 4.468929 4.468929 4.468928 4.468928 4.468927 4.468923 4.468911 4.468879 4.468792 4.468569 4.468018 4.466708 4.463722 4.457199 4.443562 4.416310 4.364338 4.269943 4.107072 3.841017 3.431460 2.841129 2.051232 1.080866 0.000000 
50.000000 41.747203 33.976574 27.085911 21.328828 16.794088 13.423862 11.058285 9.488445 8.502331 7.915250 7.583559 7.405476 7.314497 7.270209 7.249638 7.240510 7.236635 7.235060 7.234445 7.234215 7.234132 7.234104 7.234094 7.234091 7.234090 7.234090 7.234090 7.234089 7.234087 7.234082 7.234066 7.234024 7.233908 7.233610 7.232870 7.231100 7.227038 7.218093 7.199214 7.161058 7.087310 6.951213 6.711931 6.312380 5.681677 4.747031 3.460092 1.837676 0.000000 
50.000000 42.507787 35.453273 29.197572 23.970922 19.853920 16.794088 14.646323 13.220983 12.325609 11.792531 11.491338 11.329623 11.247002 11.206780 11.188098 11.179807 11.176287 11.174856 11.174298 11.174089 11.174014 11.173988 11.173979 11.173977 11.173976 11.173975 11.173975 11.173974 11.173972 11.173966 11.173947 11.173895 11.173755 11.173391 11.172482 11.170297 11.165248 11.154039 11.130144 11.081266 10.985402 10.805306 10.481709 9.926960 9.023338 7.634589 5.644530 3.036417 0.000000 
50.000000 43.531083 37.440056 32.038692 27.525781 23.970922 21.328828 19.474234 18.243417 17.470213 17.009855 16.749738 16.610072 16.538713 16.503972 16.487834 16.480672 16.477632 16.476395 16.475913 16.475733 16.475668 16.475645 16.475638 16.475635 16.475634 16.475634 16.475634 16.475633 16.475631 16.475624 16.475603 16.475547 16.475393 16.474993 16.473990 16.471564 16.465921 16.453292 16.426099 16.369786 16.257622 16.042774 15.647151 14.947584 13.762891 11.852918 8.957104 4.926172 0.000000 
50.000000 44.830114 39.962213 35.645450 32.038692 29.197572 27.085911 25.603615 24.619850 24.001826 23.633849 23.425923 23.314275 23.257229 23.229455 23.216553 23.210827 23.208396 23.207408 23.207022 23.206878 23.206826 23.206808 23.206802 23.206800 23.206799 23.206799 23.206799 23.206798 23.206796 23.206789 23.206770 23.206715 23.206568 23.206183 23.205212 23.202854 23.197335 23.184891 23.157846 23.101166 22.986525 22.762485 22.338880 21.562983 20.185774 17.822725 13.940171 7.986904 0.000000 
50.000000 46.384840 42.980838 39.962213 37.440056 35.453273 33.976574 32.939975 32.251994 31.819778 31.562425 31.417004 31.338917 31.299016 31.279590 31.270565 31.266560 31.264859 31.264168 31.263898 31.263797 31.263760 31.263748 31.263744 31.263742 31.263742 31.263742 31.263741 31.263741 31.263739 31.263734 31.263719 31.263675 31.263558 31.263250 31.262472 31.260575 31.256113 31.245989 31.223811 31.176847 31.080535 30.888743 30.516482 29.808744 28.482952 26.022042 21.490419 13.336967 0.000000 
50.000000 48.138044 46.384840 44.830114 43.531083 42.507787 41.747203 41.213288 40.858929 40.636304 40.503745 40.428839 40.388616 40.368063 40.358055 40.353406 40.351343 40.350467 40.350111 40.349972 40.349920 40.349901 40.349894 40.349892 40.349892 40.349891 40.349891 40.349891 40.349891 40.349890 40.349887 40.349878 40.349854 40.349789 40.349617 40.349182 40.348119 40.345611 40.339895 40.327305 40.300450 40.244818 40.132422 39.909526 39.471370 38.604911 36.843210 33.047873 24.069022 0.000000 
50.000000 50.000000 50.000000 50.000000 50.000000 50.000000 50.000000 50.000000 50.000000 50.000000 50.000000 50.000000 50.000000 50.000000 50.000000 50.000000 50.000000 50.000000 50.000000 50.000000 50.000000 50.000000 50.000000 50.000000 50.000000 50.000000 50.000000 50.000000 50.000000 50.000000 50.000000 50.000000 50.000000 50.000000 50.000000 50.000000 50.000000 50.000000 50.000000 50.000000 50.000000 50.000000 50.000000 50.000000 50.000000 50.000000 50.000000 50.000000 50.000000 50.000000 
