50.000000 50.000000 50.000000 50.000000 50.000000 50.000000 50.000000 50.000000 50.000000 50.000000 50.000000 50.000000 50.000000 50.000000 50.000000 50.000000 50.000000 50.000000 50.000000 50.000000 50.000000 50.000000 50.000000 50.000000 50.000000 50.000000 50.000000 50.000000 50.000000 50.000000 50.000000 50.000000 50.000000 50.000000 50.000000 50.000000 50.000000 50.000000 50.000000 50.000000 50.000000 50.000000 50.000000 50.000000 50.000000 50.000000 50.000000 50.000000 50.000000 50.000000 
50.000000 44.787776 40.423470 37.344717 35.496149 34.540113 34.109076 33.937734 33.877064 33.857754 33.852185 33.850719 33.850365 33.850286 33.850269 33.850266 33.850266 33.850266 33.850266 33.850266 33.850266 33.850266 33.850266 33.850266 33.850266 33.850266 33.850266 33.850266 33.850266 33.850266 33.850266 33.850266 33.850266 33.850266 33.850266 33.850265 33.850264 33.850260 33.850235 33.850117 33.849594 33.847436 33.839149 33.809540 33.710958 33.403339 32.492933 29.882783 22.393888 0.000000 
50.000000 40.423470 32.405254 26.749454 23.354023 21.598283 20.806846 20.492307 20.380960 20.345528 20.335312 20.332624 20.331975 20.331830 20.331800 20.331794 20.331793 20.331793 20.331793 20.331793 20.331793 20.331793 20.331793 20.331793 20.331793 20.331793 20.331793 20.331793 20.331793 20.331793 20.331793 20.331793 20.331793 20.331793 20.331793 20.331792 20.331791 20.331784 20.331748 20.331581 20.330843 20.327834 20.316459 20.276747 20.149010 19.771189 18.745629 16.202627 10.540686 0.000000 
50.000000 37.344717 26.749454 19.276848 14.791513 12.472706 11.427717 11.012525 10.865589 10.818848 10.805376 10.801832 10.800976 10.800785 10.800745 10.800738 10.800736 10.800736 10.800736 10.800736 10.800736 10.800736 10.800736 10.800736 10.800736 10.800736 10.800736 10.800736 10.800736 10.800736 10.800736 10.800736 10.800736 10.800736 10.800736 10.800736 10.800735 10.800728 10.800697 10.800550 10.799910 10.797331 10.787751 10.755081 10.653398 10.366395 9.638424 8.003825 4.851784 0.000000 
50.000000 35.496149 23.354023 14.791513 9.652865 6.996874 5.800219 5.324893 5.156724 5.103244 5.087834 5.083782 5.082804 5.082585 5.082540 5.082532 5.082530 5.082530 5.082530 5.082530 5.082530 5.082530 5.082530 5.082530 5.082530 5.082530 5.082530 5.082530 5.082530 5.082530 5.082530 5.082530 5.082530 5.082530 5.082530 5.082530 5.082529 5.082525 5.082504 5.082407 5.081991 5.080336 5.074281 5.054060 4.992850 4.826433 4.425118 3.582834 2.092810 0.000000 
50.000000 34.540113 21.598283 12.472706 6.996874 4.167064 2.892332 2.386096 2.207031 2.150099 2.133698 2.129386 2.128345 2.128113 2.128065 2.128056 2.128054 2.128054 2.128054 2.128054 2.128054 2.128054 2.128054 2.128054 2.128054 2.128054 2.128054 2.128054 2.128054 2.128054 2.128054 2.128054 2.128054 2.128054 2.128054 2.128054 2.128054 2.128051 2.128040 2.127989 2.127771 2.126912 2.123812 2.113639 2.083532 2.004024 1.819308 1.449273 0.829155 0.000000 
50.000000 34.109076 20.806846 11.427717 5.800219 2.892332 1.582584 1.062510 0.878574 0.820103 0.803261 0.798834 0.797765 0.797527 0.797478 0.797468 0.797467 0.797466 0.797466 0.797466 0.797466 0.797466 0.797466 0.797466 0.797466 0.797466 0.797466 0.797466 0.797466 0.797466 0.797466 0.797466 0.797466 0.797466 0.797466 0.797466 0.797466 0.797465 0.797460 0.797438 0.797341 0.796966 0.795626 0.791292 0.778693 0.746159 0.672636 0.530099 0.299536 0.000000 
50.000000 33.937734 20.492307 11.012525 5.324893 2.386096 1.062510 0.536976 0.351124 0.292048 0.275033 0.270561 0.269481 0.269241 0.269191 0.269182 0.269180 0.269180 0.269180 0.269180 0.269180 0.269180 0.269180 0.269180 0.269180 0.269180 0.269180 0.269180 0.269180 0.269180 0.269180 0.269180 0.269180 0.269180 0.269180 0.269180 0.269179 0.269179 0.269177 0.269168 0.269132 0.268990 0.268488 0.266883 0.262284 0.250612 0.224774 0.175848 0.098585 0.000000 
50.000000 33.877064 20.380960 10.865589 5.156724 2.207031 0.878574 0.351124 0.164600 0.105312 0.088237 0.083749 0.082666 0.082425 0.082375 0.082366 0.082364 0.082364 0.082363 0.082363 0.082363 0.082363 0.082363 0.082363 0.082363 0.082363 0.082363 0.082363 0.082363 0.082363 0.082363 0.082363 0.082363 0.082363 0.082363 0.082363 0.082363 0.082363 0.082363 0.082360 0.082347 0.082300 0.082134 0.081609 0.080119 0.076388 0.068258 0.053126 0.029628 0.000000 
50.000000 33.857754 20.345528 10.818848 5.103244 2.150099 0.820103 0.292048 0.105312 0.045958 0.028864 0.024371 0.023287 0.023045 0.022996 0.022986 0.022984 0.022984 0.022984 0.022984 0.022984 0.022984 0.022984 0.022984 0.022984 0.022984 0.022984 0.022984 0.022984 0.022984 0.022984 0.022984 0.022984 0.022984 0.022984 0.022984 0.022984 0.022984 0.022984 0.022983 0.022979 0.022965 0.022916 0.022761 0.022328 0.021253 0.018938 0.014685 0.008160 0.000000 
50.000000 33.852185 20.335312 10.805376 5.087834 2.133698 0.803261 0.275033 0.088237 0.028864 0.011764 0.007270 0.006186 0.005944 0.005894 0.005884 0.005883 0.005882 0.005882 0.005882 0.005882 0.005882 0.005882 0.005882 0.005882 0.005882 0.005882 0.005882 0.005882 0.005882 0.005882 0.005882 0.005882 0.005882 0.005882 0.005882 0.005882 0.005882 0.005882 0.005882 0.005881 0.005877 0.005864 0.005823 0.005708 0.005427 0.004826 0.003732 0.002068 0.000000 
50.000000 33.850719 20.332624 10.801832 5.083782 2.129386 0.798834 0.270561 0.083749 0.024371 0.007270 0.002776 0.001691 0.001450 0.001400 0.001390 0.001388 0.001388 0.001388 0.001388 0.001388 0.001388 0.001388 0.001388 0.001388 0.001388 0.001388 0.001388 0.001388 0.001388 0.001388 0.001388 0.001388 0.001388 0.001388 0.001388 0.001388 0.001388 0.001388 0.001388 0.001388 0.001387 0.001383 0.001373 0.001346 0.001278 0.001135 0.000876 0.000484 0.000000 
50.000000 33.850365 20.331975 10.800976 5.082804 2.128345 0.797765 0.269481 0.082666 0.023287 0.006186 0.001691 0.000607 0.000365 0.000315 0.000305 0.000304 0.000303 0.000303 0.000303 0.000303 0.000303 0.000303 0.000303 0.000303 0.000303 0.000303 0.000303 0.000303 0.000303 0.000303 0.000303 0.000303 0.000303 0.000303 0.000303 0.000303 0.000303 0.000303 0.000303 0.000303 0.000303 0.000302 0.000300 0.000294 0.000279 0.000247 0.000191 0.000105 0.000000 
50.000000 33.850286 20.331830 10.800785 5.082585 2.128113 0.797527 0.269241 0.082425 0.023045 0.005944 0.001450 0.000365 0.000123 0.000073 0.000064 0.000062 0.000062 0.000062 0.000062 0.000062 0.000062 0.000062 0.000062 0.000062 0.000062 0.000062 0.000062 0.000062 0.000062 0.000062 0.000062 0.000062 0.000062 0.000062 0.000062 0.000062 0.000062 0.000062 0.000062 0.000062 0.000062 0.000061 0.000061 0.000060 0.000057 0.000050 0.000039 0.000021 0.000000 
50.000000 33.850269 20.331800 10.800745 5.082540 2.128065 0.797478 0.269191 0.082375 0.022996 0.005894 0.001400 0.000315 0.000073 0.000023 0.000014 0.000012 0.000012 0.000012 0.000012 0.000012 0.000012 0.000012 0.000012 0.000012 0.000012 0.000012 0.000012 0.000012 0.000012 0.000012 0.000012 0.000012 0.000012 0.000012 0.000012 0.000012 0.000012 0.000012 0.000012 0.000012 0.000012 0.000012 0.000012 0.000011 0.000011 0.000010 0.000007 0.000004 0.000000 
50.000000 33.850266 20.331794 10.800738 5.082532 2.128056 0.797468 0.269182 0.082366 0.022986 0.005884 0.001390 0.000305 0.000064 0.000014 0.000004 0.000002 0.000002 0.000002 0.000002 0.000002 0.000002 0.000002 0.000002 0.000002 0.000002 0.000002 0.000002 0.000002 0.000002 0.000002 0.000002 0.000002 0.000002 0.000002 0.000002 0.000002 0.000002 0.000002 0.000002 0.000002 0.000002 0.000002 0.000002 0.000002 0.000002 0.000002 0.000001 0.000001 0.000000 
50.000000 33.850266 20.331793 10.800736 5.082530 2.128054 0.797467 0.269180 0.082364 0.022984 0.005883 0.001388 0.000304 0.000062 0.000012 0.000002 0.000001 0.000000 0.000000 0.000000 0.000000 0.000000 0.000000 0.000000 0.000000 0.000000 0.000000 0.000000 0.000000 0.000000 0.000000 0.000000 0.000000 0.000000 0.000000 0.000000 0.000000 0.000000 0.000000 0.000000 0.000000 0.000000 0.000000 0.000000 0.000000 0.000000 0.000000 0.000000 0.000000 0.000000 
50.000000 33.850266 20.331793 10.800736 5.082530 2.128054 0.797466 0.269180 0.082364 0.022984 0.005882 0.001388 0.000303 0.000062 0.000012 0.000002 0.000000 0.000000 0.000000 0.000000 0.000000 0.000000 0.000000 0.000000 0.000000 0.000000 0.000000 0.000000 0.000000 0.000000 0.000000 0.000000 0.000000 0.000000 0.000000 0.000000 0.000000 0.000000 0.000000 0.000000 0.000000 0.000000 0.000000 0.000000 0.000000 0.000000 0.000000 0.000000 0.000000 0.000000 
50.000000 33.850266 20.331793 10.800736 5.082530 2.128054 0.797466 0.269180 0.082363 0.022984 0.005882 0.001388 0.000303 0.000062 0.000012 0.000002 0.000000 0.000000 0.000000 0.000000 0.000000 0.000000 0.000000 0.000000 0.000000 0.000000 0.000000 0.000000 0.000000 0.000000 0.000000 0.000000 0.000000 0.000000 0.000000 0.000000 0.000000 0.000000 0.000000 0.000000 0.000000 0.000000 0.000000 0.000000 0.000000 0.000000 0.000000 0.000000 0.000000 0.000000 
50.000000 33.850266 20.331793 10.800736 5.082530 2.128054 0.797466 0.269180 0.082363 0.022984 0.005882 0.001388 0.000303 0.000062 0.000012 0.000002 0.000000 0.000000 0.000000 0.000000 0.000000 0.000000 0.000000 0.000000 0.000000 0.000000 0.000000 0.000000 0.000000 0.000000 0.000000 0.000000 0.000000 0.000000 0.000000 0.000000 0.000000 0.000000 0.000000 0.000000 0.000000 0.000000 0.000000 0.000000 0.000000 0.000000 0.000000 0.000000 0.000000 0.000000 
50.000000 33.850266 20.331793 10.800736 5.082530 2.128054 0.797466 0.269180 0.082363 0.022984 0.005882 0.001388 0.000303 0.000062 0.000012 0.000002 0.000000 0.000000 0.000000 0.000000 0.000000 0.000000 0.000000 0.000000 0.000000 0.000000 0.000000 0.000000 0.000000 0.000000 0.000000 0.000000 0.000000 0.000000 0.000000 0.000000 0.000000 0.000000 0.000000 0.000000 0.000000 0.000000 0.000000 0.000000 0.000000 0.000000 0.000000 0.000000 0.000000 0.000000 
50.000000 33.850266 20.331793 10.800736 5.082530 2.128054 0.797466 0.269180 0.082363 0.022984 0.005882 0.001388 0.000303 0.000062 0.000012 0.000002 0.000000 0.000000 0.000000 0.000000 0.000000 0.000000 0.000000 0.000000 0.000000 0.000000 0.000000 0.000000 0.000000 0.000000 0.000000 0.000000 0.000000 0.000000 0.000000 0.000000 0.000000 0.000000 0.000000 0.000000 0.000000 0.000000 0.000000 0.000000 0.000000 0.000000 0.000000 0.000000 0.000000 0.000000 
50.000000 33.850266 20.331793 10.800736 5.082530 2.128054 0.797466 0.269180 0.082363 0.022984 0.005882 0.001388 0.000303 0.000062 0.000012 0.000002 0.000000 0.000000 0.000000 0.000000 0.000000 0.000000 0.000000 0.000000 0.000000 0.000000 0.000000 0.000000 0.000000 0.000000 0.000000 0.000000 0.000000 0.000000 0.000000 0.000000 0.000000 0.000000 0.000000 0.000000 0.000000 0.000000 0.000000 0.000000 0.000000 0.000000 0.000000 0.000000 0.000000 0.000000 
50.000000 33.850266 20.331793 10.800736 5.082530 2.128054 0.797466 0.269180 0.082363 0.022984 0.005882 0.001388 0.000303 0.000062 0.000012 0.000002 0.000000 0.000000 0.000000 0.000000 0.000000 0.000000 0.000000 0.000000 0.000000 0.000000 0.000000 0.000000 0.000000 0.000000 0.000000 0.000000 0.000000 0.000000 0.000000 0.000000 0.000000 0.000000 0.000000 0.000000 0.000000 0.000000 0.000000 0.000000 0.000000 0.000000 0.000000 0.000000 0.000000 0.000000 
50.000000 33.850266 20.331793 10.800736 5.082530 2.128054 0.797466 0.269180 0.082363 0.022984 0.005882 0.001388 0.000303 0.000062 0.000012 0.000002 0.000000 0.000000 0.000000 0.000000 0.000000 0.000000 0.000000 0.000000 0.000000 0.000000 0.000000 0.000000 0.000000 0.000000 0.000000 0.000000 0.000000 0.000000 0.000000 0.000000 0.000000 0.000000 0.000000 0.000000 0.000000 0.000000 0.000000 0.000000 0.000000 0.000000 0.000000 0.000000 0.000000 0.000000 
50.000000 33.850266 20.331793 10.800736 5.082530 2.128054 0.797466 0.269180 0.082363 0.022984 0.005882 0.001388 0.000303 0.000062 0.000012 0.000002 0.000000 0.000000 0.000000 0.000000 0.000000 0.000000 0.000000 0.000000 0.000000 0.000000 0.000000 0.000000 0.000000 0.000000 0.000000 0.000000 0.000000 0.000000 0.000000 0.000000 0.000000 0.000000 0.000000 0.000000 0.000000 0.000000 0.000000 0.000000 0.000000 0.000000 0.000000 0.000000 0.000000 0.000000 
50.000000 33.850266 20.331793 10.800736 5.082530 2.128054 0.797466 0.269180 0.082363 0.022984 0.005882 0.001388 0.000303 0.000062 0.000012 0.000002 0.000000 0.000000 0.000000 0.000000 0.000000 0.000000 0.000000 0.000000 0.000000 0.000000 0.000000 0.000000 0.000000 0.000000 0.000000 0.000000 0.000000 0.000000 0.000000 0.000000 0.000000 0.000000 0.000000 0.000000 0.000000 0.000000 0.000000 0.000000 0.000000 0.000000 0.000000 0.000000 0.000000 0.000000 
50.000000 33.850266 20.331793 10.800736 5.082530 2.128054 0.797466 0.269180 0.082363 0.022984 0.005882 0.001388 0.000303 0.000062 0.000012 0.000002 0.000000 0.000000 0.000000 0.000000 0.000000 0.000000 0.000000 0.000000 0.000000 0.000000 0.000000 0.000000 0.000000 0.000000 0.000000 0.000000 0.000000 0.000000 0.000000 0.000000 0.000000 0.000000 0.000000 0.000000 0.000000 0.000000 0.000000 0.000000 0.000000 0.000000 0.000000 0.000000 0.000000 0.000000 
50.000000 33.850266 20.331793 10.800736 5.082530 2.128054 0.797466 0.269180 0.082363 0.022984 0.005882 0.001388 0.000303 0.000062 0.000012 0.000002 0.000000 0.000000 0.000000 0.000000 0.000000 0.000000 0.000000 0.000000 0.000000 0.000000 0.000000 0.000000 0.000000 0.000000 0.000000 0.000000 0.000000 0.000000 0.000000 0.000000 0.000000 0.000000 0.000000 0.000000 0.000000 0.000000 0.000000 0.000000 0.000000 0.000000 0.000000 0.000000 0.000000 0.000000 
50.000000 33.850266 20.331793 10.800736 5.082530 2.128054 0.797466 0.269180 0.082363 0.022984 0.005882 0.001388 0.000303 0.000062 0.000012 0.000002 0.000000 0.000000 0.000000 0.000000 0.000000 0.000000 0.000000 0.000000 0.000000 0.000000 0.000000 0.000000 0.000000 0.000000 0.000000 0.000000 0.000000 0.000000 0.000000 0.000000 0.000000 0.000000 0.000000 0.000000 0.000000 0.000000 0.000000 0.000000 0.000000 0.000000 0.000000 0.000000 0.000000 0.000000 
50.000000 33.850266 20.331793 10.800736 5.082530 2.128054 0.797466 0.269180 0.082363 0.022984 0.005882 0.001388 0.000303 0.000062 0.000012 0.000002 0.000000 0.000000 0.000000 0.000000 0.000000 0.000000 0.000000 0.000000 0.000000 0.000000 0.000000 0.000000 0.000000 0.000000 0.000000 0.000000 0.000000 0.000000 0.000000 0.000000 0.000000 0.000000 0.000000 0.000000 0.000000 0.000000 0.000000 0.000000 0.000000 0.000000 0.000000 0.000000 0.000000 0.000000 
50.000000 33.850266 20.331793 10.800736 5.082530 2.128054 0.797466 0.269180 0.082363 0.022984 0.005882 0.001388 0.000303 0.000062 0.000012 0.000002 0.000000 0.000000 0.000000 0.000000 0.000000 0.000000 0.000000 0.000000 0.000000 0.000000 0.000000 0.000000 0.000000 0.000000 0.000000 0.000000 0.000000 0.000000 0.000000 0.000000 0.000000 0.000000 0.000000 0.000000 0.000000 0.000000 0.000000 0.000000 0.000000 0.000000 0.000000 0.000000 0.000000 0.000000 
50.000000 33.850266 20.331793 10.800736 5.082530 2.128054 0.797466 0.269180 0.082364 0.022984 0.005882 0.001388 0.000303 0.000062 0.000012 0.000002 0.000000 0.000000 0.000000 0.000000 0.000000 0.000000 0.000000 0.000000 0.000000 0.000000 0.000000 0.000000 0.000000 0.000000 0.000000 0.000000 0.000000 0.000000 0.000000 0.000000 0.000000 0.000000 0.000000 0.000000 0.000000 0.000000 0.000000 0.000000 0.000000 0.000000 0.000000 0.000000 0.000000 0.000000 
50.000000 33.850266 20.331793 10.800736 5.082530 2.128054 0.797467 0.269180 0.082364 0.022984 0.005883 0.001388 0.000304 0.000062 0.000012 0.000002 0.000001 0.000000 0.000000 0.000000 0.000000 0.000000 0.000000 0.000000 0.000000 0.000000 0.000000 0.000000 0.000000 0.000000 0.000000 0.000000 0.000000 0.000000 0.000000 0.000000 0.000000 0.000000 0.000000 0.000000 0.000000 0.000000 0.000000 0.000000 0.000000 0.000000 0.000000 0.000000 0.000000 0.000000 
50.000000 33.850266 20.331794 10.800738 5.082532 2.128056 0.797468 0.269182 0.082366 0.022986 0.005884 0.001390 0.000305 0.000064 0.000014 0.000004 0.000002 0.000002 0.000002 0.000002 0.000002 0.000002 0.000002 0.000002 0.000002 0.000002 0.000002 0.000002 0.000002 0.000002 0.000002 0.000002 0.000002 0.000002 0.000002 0.000002 0.000002 0.000002 0.000002 0.000002 0.000002 0.000002 0.000002 0.000002 0.000002 0.000002 0.000002 0.000001 0.000001 0.000000 
50.000000 33.850269 20.331800 10.800745 5.082540 2.128065 0.797478 0.269191 0.082375 0.022996 0.005894 0.001400 0.000315 0.000073 0.000023 0.000014 0.000012 0.000012 0.000012 0.000012 0.000012 0.000012 0.000012 0.000012 0.000012 0.000012 0.000012 0.000012 0.000012 0.000012 0.000012 0.000012 0.000012 0.000012 0.000012 0.000012 0.000012 0.000012 0.000012 0.000012 0.000012 0.000012 0.000012 0.000012 0.000011 0.000011 0.000010 0.000007 0.000004 0.000000 
50.000000 33.850286 20.331830 10.800785 5.082585 2.128113 0.797527 0.269241 0.082425 0.023045 0.005944 0.001450 0.000365 0.000123 0.000073 0.000064 0.000062 0.000062 0.000062 0.000062 0.000062 0.000062 0.000062 0.000062 0.000062 0.000062 0.000062 0.000062 0.000062 0.000062 0.000062 0.000062 0.000062 0.000062 0.000062 0.000062 0.000062 0.000062 0.000062 0.000062 0.000062 0.000062 0.000061 0.000061 0.000060 0.000057 0.000050 0.000039 0.000021 0.000000 
50.000000 33.850365 20.331975 10.800976 5.082804 2.128345 0.797765 0.269481 0.082666 0.023287 0.006186 0.001691 0.000607 0.000365 0.000315 0.000305 0.000304 0.000303 0.000303 0.000303 0.000303 0.000303 0.000303 0.000303 0.000303 0.000303 0.000303 0.000303 0.000303 0.000303 0.000303 0.000303 0.000303 0.000303 0.000303 0.000303 0.000303 0.000303 0.000303 0.000303 0.000303 0.000303 0.000302 0.000300 0.000294 0.000279 0.000247 0.000191 0.000105 0.000000 
50.000000 33.850719 20.332624 10.801832 5.083782 2.129386 0.798834 0.270561 0.083749 0.024371 0.007270 0.002776 0.001691 0.001450 0.001400 0.001390 0.001388 0.001388 0.001388 0.001388 0.001388 0.001388 0.001388 0.001388 0.001388 0.001388 0.001388 0.001388 0.001388 0.001388 0.001388 0.001388 0.001388 0.001388 0.001388 0.001388 0.001388 0.001388 0.001388 0.001388 0.001388 0.001387 0.001383 0.001373 0.001346 0.001278 0.001135 0.000876 0.000484 0.000000 
50.000000 33.852185 20.335312 10.805376 5.087834 2.133698 0.803261 0.275033 0.088237 0.028864 0.011764 0.007270 0.006186 0.005944 0.005894 0.005884 0.005883 0.005882 0.005882 0.005882 0.005882 0.005882 0.005882 0.005882 0.005882 0.005882 0.005882 0.005882 0.005882 0.005882 0.005882 0.005882 0.005882 0.005882 0.005882 0.005882 0.005882 0.005882 0.005882 0.005882 0.005881 0.005877 0.005864 0.005823 0.005708 0.005427 0.004826 0.003732 0.002068 0.000000 
50.000000 33.857754 20.345528 10.818848 5.103244 2.150099 0.820103 0.292048 0.105312 0.045958 0.028864 0.024371 0.023287 0.023045 0.022996 0.022986 0.022984 0.022984 0.022984 0.022984 0.022984 0.022984 0.022984 0.022984 0.022984 0.022984 0.022984 0.022984 0.022984 0.022984 0.022984 0.022984 0.022984 0.022984 0.022984 0.022984 0.022984 0.022984 0.022984 0.022983 0.022979 0.022965 0.022916 0.022761 0.022328 0.021253 0.018938 0.014685 0.008160 0.000000 
50.000000 33.877064 20.380960 10.865589 5.156724 2.207031 0.878574 0.351124 0.164600 0.105312 0.088237 0.083749 0.082666 0.082425 0.082375 0.082366 0.082364 0.082364 0.082363 0.082363 0.082363 0.082363 0.082363 0.082363 0.082363 0.082363 0.082363 0.082363 0.082363 0.082363 0.082363 0.082363 0.082363 0.082363 0.082363 0.082363 0.082363 0.082363 0.082363 0.082360 0.082347 0.082300 0.082134 0.081609 0.080119 0.076388 0.068258 0.053126 0.029628 0.000000 
50.000000 33.937734 20.492307 11.012525 5.324893 2.386096 1.062510 0.536976 0.351124 0.292048 0.275033 0.270561 0.269481 0.269241 0.269191 0.269182 0.269180 0.269180 0.269180 0.269180 0.269180 0.269180 0.269180 0.269180 0.269180 0.269180 0.269180 0.269180 0.269180 0.269180 0.269180 0.269180 0.269180 0.269180 0.269180 0.269180 0.269179 0.269179 0.269177 0.269168 0.269132 0.268990 0.268488 0.266883 0.262284 0.250612 0.224774 0.175848 0.098585 0.000000 
50.000000 34.109076 20.806846 11.427717 5.800219 2.892332 1.582584 1.062510 0.878574 0.820103 0.803261 0.798834 0.797765 0.797527 0.797478 0.797468 0.797467 0.797466 0.797466 0.797466 0.797466 0.797466 0.797466 0.797466 0.797466 0.797466 0.797466 0.797466 0.797466 0.797466 0.797466 0.797466 0.797466 0.797466 0.797466 0.797466 0.797466 0.797465 0.797460 0.797438 0.797341 0.796966 0.795626 0.791292 0.778693 0.746159 0.672636 0.530099 0.299536 0.000000 
50.000000 34.540113 21.598283 12.472706 6.996874 4.167064 2.892332 2.386096 2.207031 2.150099 2.133698 2.129386 2.128345 2.128113 2.128065 2.128056 2.128054 2.128054 2.128054 2.128054 2.128054 2.128054 2.128054 2.128054 2.128054 2.128054 2.128054 2.128054 2.128054 2.128054 2.128054 2.128054 2.128054 2.128054 2.128054 2.128054 2.128054 2.128051 2.128040 2.127989 2.127771 2.126912 2.123812 2.113639 2.083532 2.004024 1.819308 1.449273 0.829155 0.000000 
50.000000 35.496149 23.354023 14.791513 9.652865 6.996874 5.800219 5.324893 5.156724 5.103244 5.087834 5.083782 5.082804 5.082585 5.082540 5.082532 5.082530 5.082530 5.082530 5.082530 5.082530 5.082530 5.082530 5.082530 5.082530 5.082530 5.082530 5.082530 5.082530 5.082530 5.082530 5.082530 5.082530 5.082530 5.082530 5.082530 5.082529 5.082525 5.082504 5.082407 5.081991 5.080336 5.074281 5.054060 4.992850 4.826433 4.425118 3.582834 2.092810 0.000000 
50.000000 37.344717 26.749454 19.276848 14.791513 12.472706 11.427717 11.012525 10.865589 10.818848 10.805376 10.801832 10.800976 10.800785 10.800745 10.800738 10.800736 10.800736 10.800736 10.800736 10.800736 10.800736 10.800736 10.800736 10.800736 10.800736 10.800736 10.800736 10.800736 10.800736 10.800736 10.800736 10.800736 10.800736 10.800736 10.800736 10.800735 10.800728 10.800697 10.800550 10.799910 10.797331 10.787751 10.755081 10.653398 10.366395 9.638424 8.003825 4.851784 0.000000 
50.000000 40.423470 32.405254 26.749454 23.354023 21.598283 20.806846 20.492307 20.380960 20.345528 20.335312 20.332624 20.331975 20.331830 20.331800 20.331794 20.331793 20.331793 20.331793 20.331793 20.331793 20.331793 20.331793 20.331793 20.331793 20.331793 20.331793 20.331793 20.331793 20.331793 20.331793 20.331793 20.331793 20.331793 20.331793 20.331792 20.331791 20.331784 20.331748 20.331581 20.330843 20.327834 20.316459 20.276747 20.149010 19.771189 18.745629 16.202627 10.540686 0.000000 
50.000000 44.787776 40.423470 37.344717 35.496149 34.540113 34.109076 33.937734 33.877064 33.857754 33.852185 33.850719 33.850365 33.850286 33.850269 33.850266 33.850266 33.850266 33.850266 33.850266 33.850266 33.850266 33.850266 33.850266 33.850266 33.850266 33.850266 33.850266 33.850266 33.850266 33.850266 33.850266 33.850266 33.850266 33.850266 33.850265 33.850264 33.850260 33.850235 33.850117 33.849594 33.847436 33.839149 33.809540 33.710958 33.403339 32.492933 29.882783 22.393888 0.000000 
50.000000 50.000000 50.000000 50.000000 50.000000 50.000000 50.000000 50.000000 50.000000 50.000000 50.000000 50.000000 50.000000 50.000000 50.000000 50.000000 50.000000 50.000000 50.000000 50.000000 50.000000 50.000000 50.000000 50.000000 50.000000 50.000000 50.000000 50.000000 50.000000 50.000000 50.000000 50.000000 50.000000 50.000000 50.000000 50.000000 50.000000 50.000000 50.000000 50.000000 50.000000 50.000000 50.000000 50.000000 50.000000 50.000000 50.000000 50.000000 50.000000 50.000000 
