50.000000 50.000000 50.000000 50.000000 50.000000 50.000000 50.000000 50.000000 50.000000 50.000000 50.000000 50.000000 50.000000 50.000000 50.000000 50.000000 50.000000 50.000000 50.000000 50.000000 50.000000 50.000000 50.000000 50.000000 50.000000 50.000000 50.000000 50.000000 50.000000 50.000000 50.000000 50.000000 50.000000 50.000000 50.000000 50.000000 50.000000 50.000000 50.000000 50.000000 50.000000 50.000000 50.000000 50.000000 50.000000 50.000000 50.000000 50.000000 50.000000 50.000000 
50.000000 47.481232 45.161332 43.192178 41.650135 40.534304 39.786781 39.322122 39.053483 38.908669 38.835695 38.801234 38.785944 38.779556 38.777036 38.776096 38.775763 38.775652 38.775616 38.775605 38.775602 38.775601 38.775601 38.775601 38.775601 38.775601 38.775601 38.775601 38.775601 38.775601 38.775601 38.775600 38.775598 38.775591 38.775569 38.775498 38.775284 38.774667 38.772959 38.768441 38.756998 38.729207 38.664276 38.517574 38.194327 37.490319 35.943491 32.413603 23.740616 0.000000 
50.000000 45.161332 40.704720 36.921947 33.959707 31.816257 30.380342 29.487805 28.971811 28.693665 28.553509 28.487324 28.457961 28.445693 28.440854 28.439049 28.438410 28.438196 28.438127 28.438106 28.438100 28.438099 28.438098 28.438098 28.438098 28.438098 28.438098 28.438098 28.438098 28.438098 28.438098 28.438097 28.438093 28.438081 28.438043 28.437921 28.437554 28.436496 28.433584 28.425925 28.406672 28.360399 28.253884 28.018474 27.517062 26.482893 24.407633 20.352360 12.747729 0.000000 
50.000000 43.192178 36.921947 31.599861 27.432302 24.416789 22.396748 21.141186 20.415354 20.024118 19.826988 19.733904 19.692610 19.675358 19.668555 19.666017 19.665119 19.664817 19.664721 19.664691 19.664683 19.664680 19.664680 19.664680 19.664680 19.664680 19.664680 19.664680 19.664680 19.664680 19.664679 19.664678 19.664674 19.664660 19.664615 19.664472 19.664043 19.662813 19.659448 19.650666 19.628823 19.577047 19.460085 19.208222 18.691135 17.679583 15.799930 12.514315 7.248688 0.000000 
50.000000 41.650135 33.959707 27.432302 22.321043 18.622837 16.145584 14.605921 13.715906 13.236203 12.994515 12.880400 12.829780 12.808634 12.800295 12.797185 12.796085 12.795715 12.795597 12.795561 12.795550 12.795547 12.795547 12.795546 12.795546 12.795546 12.795546 12.795546 12.795546 12.795546 12.795546 12.795545 12.795541 12.795528 12.795484 12.795348 12.794943 12.793786 12.790643 12.782517 12.762540 12.715891 12.612541 12.395623 11.965187 11.160522 9.752719 7.476813 4.159817 0.000000 
50.000000 40.534304 31.816257 24.416789 18.622837 14.430836 11.622945 9.877880 8.869193 8.325565 8.051689 7.922386 7.865034 7.841078 7.831632 7.828109 7.826863 7.826444 7.826311 7.826270 7.826258 7.826255 7.826254 7.826253 7.826253 7.826253 7.826253 7.826253 7.826253 7.826253 7.826253 7.826252 7.826249 7.826238 7.826202 7.826092 7.825762 7.824828 7.822312 7.815867 7.800206 7.764169 7.685788 7.525069 7.215418 6.657650 5.725654 4.299194 2.339977 0.000000 
50.000000 39.786781 30.380342 22.396748 16.145584 11.622945 8.593718 6.711191 5.623109 5.036728 4.741335 4.601882 4.540033 4.514201 4.504016 4.500217 4.498874 4.498423 4.498279 4.498235 4.498222 4.498219 4.498218 4.498217 4.498217 4.498217 4.498217 4.498217 4.498217 4.498217 4.498217 4.498216 4.498214 4.498206 4.498180 4.498100 4.497864 4.497199 4.495419 4.490903 4.480052 4.455418 4.402727 4.296859 4.097876 3.749961 3.188526 2.361867 1.269207 0.000000 
50.000000 39.322122 29.487805 21.141186 14.605921 9.877880 6.711191 4.743320 3.605964 2.993061 2.684324 2.538581 2.473946 2.446951 2.436309 2.432340 2.430937 2.430466 2.430315 2.430269 2.430256 2.430252 2.430251 2.430251 2.430251 2.430251 2.430251 2.430251 2.430251 2.430251 2.430251 2.430250 2.430249 2.430244 2.430227 2.430175 2.430023 2.429597 2.428465 2.425618 2.418848 2.403665 2.371660 2.308464 2.192092 1.993380 1.681101 1.233921 0.657846 0.000000 
50.000000 39.053483 28.971811 20.415354 13.715906 8.869193 5.623109 3.605964 2.440171 1.811968 1.495538 1.346170 1.279930 1.252267 1.241362 1.237295 1.235858 1.235375 1.235221 1.235173 1.235160 1.235156 1.235155 1.235155 1.235155 1.235155 1.235155 1.235155 1.235155 1.235155 1.235155 1.235154 1.235153 1.235150 1.235140 1.235110 1.235021 1.234772 1.234118 1.232483 1.228631 1.220086 1.202299 1.167691 1.105024 1.000016 0.838307 0.611412 0.324276 0.000000 
50.000000 38.908669 28.693665 20.024118 13.236203 8.325565 5.036728 2.993061 1.811968 1.175538 0.854973 0.703658 0.636557 0.608535 0.597489 0.593370 0.591914 0.591424 0.591268 0.591221 0.591207 0.591203 0.591202 0.591202 0.591201 0.591201 0.591201 0.591201 0.591201 0.591201 0.591201 0.591201 0.591201 0.591199 0.591194 0.591177 0.591129 0.590997 0.590648 0.589786 0.587769 0.583337 0.574213 0.556677 0.525358 0.473663 0.395295 0.286993 0.151671 0.000000 
50.000000 38.835695 28.553509 19.826988 12.994515 8.051689 4.741335 2.684324 1.495538 0.854973 0.532331 0.380038 0.312505 0.284304 0.273187 0.269042 0.267576 0.267084 0.266927 0.266879 0.266865 0.266861 0.266860 0.266860 0.266860 0.266859 0.266859 0.266859 0.266859 0.266859 0.266859 0.266859 0.266859 0.266858 0.266856 0.266847 0.266824 0.266758 0.266587 0.266165 0.265187 0.263055 0.258705 0.250432 0.235822 0.211998 0.176322 0.127585 0.067255 0.000000 
50.000000 38.801234 28.487324 19.733904 12.880400 7.922386 4.601882 2.538581 1.346170 0.703658 0.380038 0.227286 0.159550 0.131264 0.120114 0.115957 0.114487 0.113993 0.113835 0.113787 0.113773 0.113770 0.113768 0.113768 0.113768 0.113768 0.113768 0.113768 0.113768 0.113768 0.113768 0.113768 0.113768 0.113768 0.113766 0.113763 0.113752 0.113721 0.113643 0.113451 0.113009 0.112052 0.110115 0.106463 0.100074 0.089757 0.074456 0.053739 0.028275 0.000000 
50.000000 38.785944 28.457961 19.692610 12.829780 7.865034 4.540033 2.473946 1.279930 0.636557 0.312505 0.159550 0.091725 0.063402 0.052237 0.048074 0.046602 0.046108 0.045950 0.045902 0.045888 0.045884 0.045883 0.045883 0.045883 0.045883 0.045883 0.045883 0.045883 0.045883 0.045883 0.045883 0.045883 0.045882 0.045882 0.045880 0.045875 0.045863 0.045829 0.045748 0.045560 0.045158 0.044349 0.042835 0.040206 0.035994 0.029797 0.021464 0.011277 0.000000 
50.000000 38.779556 28.445693 19.675358 12.808634 7.841078 4.514201 2.446951 1.252267 0.608535 0.284304 0.131264 0.063402 0.035063 0.023892 0.019727 0.018254 0.017760 0.017602 0.017553 0.017539 0.017536 0.017535 0.017534 0.017534 0.017534 0.017534 0.017534 0.017534 0.017534 0.017534 0.017534 0.017534 0.017534 0.017534 0.017533 0.017531 0.017526 0.017513 0.017480 0.017406 0.017247 0.016928 0.016337 0.015316 0.013691 0.011315 0.008139 0.004271 0.000000 
50.000000 38.777036 28.440854 19.668555 12.800295 7.831632 4.504016 2.436309 1.241362 0.597489 0.273187 0.120114 0.052237 0.023892 0.012719 0.008553 0.007080 0.006585 0.006427 0.006379 0.006365 0.006361 0.006360 0.006360 0.006360 0.006360 0.006360 0.006360 0.006360 0.006360 0.006360 0.006360 0.006360 0.006360 0.006360 0.006360 0.006359 0.006357 0.006352 0.006340 0.006312 0.006252 0.006134 0.005916 0.005540 0.004947 0.004083 0.002933 0.001538 0.000000 
50.000000 38.776096 28.439049 19.666017 12.797185 7.828109 4.500217 2.432340 1.237295 0.593370 0.269042 0.115957 0.048074 0.019727 0.008553 0.004386 0.002913 0.002419 0.002261 0.002212 0.002198 0.002195 0.002194 0.002193 0.002193 0.002193 0.002193 0.002193 0.002193 0.002193 0.002193 0.002193 0.002193 0.002193 0.002193 0.002193 0.002193 0.002192 0.002190 0.002186 0.002176 0.002155 0.002114 0.002037 0.001906 0.001700 0.001402 0.001006 0.000527 0.000000 
50.000000 38.775763 28.438410 19.665119 12.796085 7.826863 4.498874 2.430937 1.235858 0.591914 0.267576 0.114487 0.046602 0.018254 0.007080 0.002913 0.001440 0.000946 0.000788 0.000739 0.000725 0.000722 0.000721 0.000720 0.000720 0.000720 0.000720 0.000720 0.000720 0.000720 0.000720 0.000720 0.000720 0.000720 0.000720 0.000720 0.000720 0.000720 0.000719 0.000718 0.000714 0.000707 0.000694 0.000668 0.000625 0.000557 0.000459 0.000329 0.000172 0.000000 
50.000000 38.775652 28.438196 19.664817 12.795715 7.826444 4.498423 2.430466 1.235375 0.591424 0.267084 0.113993 0.046108 0.017760 0.006585 0.002419 0.000946 0.000451 0.000293 0.000245 0.000231 0.000227 0.000226 0.000226 0.000226 0.000226 0.000226 0.000226 0.000226 0.000226 0.000226 0.000226 0.000226 0.000226 0.000226 0.000226 0.000226 0.000225 0.000225 0.000225 0.000224 0.000221 0.000217 0.000209 0.000195 0.000174 0.000143 0.000103 0.000054 0.000000 
50.000000 38.775616 28.438127 19.664721 12.795597 7.826311 4.498279 2.430315 1.235221 0.591268 0.266927 0.113835 0.045950 0.017602 0.006427 0.002261 0.000788 0.000293 0.000135 0.000087 0.000073 0.000069 0.000068 0.000068 0.000067 0.000067 0.000067 0.000067 0.000067 0.000067 0.000067 0.000067 0.000067 0.000067 0.000067 0.000067 0.000067 0.000067 0.000067 0.000067 0.000067 0.000066 0.000065 0.000062 0.000058 0.000052 0.000043 0.000031 0.000016 0.000000 
50.000000 38.775605 28.438106 19.664691 12.795561 7.826270 4.498235 2.430269 1.235173 0.591221 0.266879 0.113787 0.045902 0.017553 0.006379 0.002212 0.000739 0.000245 0.000087 0.000039 0.000025 0.000021 0.000020 0.000019 0.000019 0.000019 0.000019 0.000019 0.000019 0.000019 0.000019 0.000019 0.000019 0.000019 0.000019 0.000019 0.000019 0.000019 0.000019 0.000019 0.000019 0.000019 0.000019 0.000018 0.000017 0.000015 0.000012 0.000009 0.000005 0.000000 
50.000000 38.775602 28.438100 19.664683 12.795550 7.826258 4.498222 2.430256 1.235160 0.591207 0.266865 0.113773 0.045888 0.017539 0.006365 0.002198 0.000725 0.000231 0.000073 0.000025 0.000011 0.000007 0.000006 0.000005 0.000005 0.000005 0.000005 0.000005 0.000005 0.000005 0.000005 0.000005 0.000005 0.000005 0.000005 0.000005 0.000005 0.000005 0.000005 0.000005 0.000005 0.000005 0.000005 0.000005 0.000005 0.000004 0.000003 0.000002 0.000001 0.000000 
50.000000 38.775601 28.438099 19.664680 12.795547 7.826255 4.498219 2.430252 1.235156 0.591203 0.266861 0.113770 0.045884 0.017536 0.006361 0.002195 0.000722 0.000227 0.000069 0.000021 0.000007 0.000003 0.000002 0.000001 0.000001 0.000001 0.000001 0.000001 0.000001 0.000001 0.000001 0.000001 0.000001 0.000001 0.000001 0.000001 0.000001 0.000001 0.000001 0.000001 0.000001 0.000001 0.000001 0.000001 0.000001 0.000001 0.000001 0.000001 0.000000 0.000000 
50.000000 38.775601 28.438098 19.664680 12.795547 7.826254 4.498218 2.430251 1.235155 0.591202 0.266860 0.113768 0.045883 0.017535 0.006360 0.002194 0.000721 0.000226 0.000068 0.000020 0.000006 0.000002 0.000001 0.000000 0.000000 0.000000 0.000000 0.000000 0.000000 0.000000 0.000000 0.000000 0.000000 0.000000 0.000000 0.000000 0.000000 0.000000 0.000000 0.000000 0.000000 0.000000 0.000000 0.000000 0.000000 0.000000 0.000000 0.000000 0.000000 0.000000 
50.000000 38.775601 28.438098 19.664680 12.795546 7.826253 4.498217 2.430251 1.235155 0.591202 0.266860 0.113768 0.045883 0.017534 0.006360 0.002193 0.000720 0.000226 0.000068 0.000019 0.000005 0.000001 0.000000 0.000000 0.000000 0.000000 0.000000 0.000000 0.000000 0.000000 0.000000 0.000000 0.000000 0.000000 0.000000 0.000000 0.000000 0.000000 0.000000 0.000000 0.000000 0.000000 0.000000 0.000000 0.000000 0.000000 0.000000 0.000000 0.000000 0.000000 
50.000000 38.775601 28.438098 19.664680 12.795546 7.826253 4.498217 2.430251 1.235155 0.591201 0.266860 0.113768 0.045883 0.017534 0.006360 0.002193 0.000720 0.000226 0.000067 0.000019 0.000005 0.000001 0.000000 0.000000 0.000000 0.000000 0.000000 0.000000 0.000000 0.000000 0.000000 0.000000 0.000000 0.000000 0.000000 0.000000 0.000000 0.000000 0.000000 0.000000 0.000000 0.000000 0.000000 0.000000 0.000000 0.000000 0.000000 0.000000 0.000000 0.000000 
50.000000 38.775601 28.438098 19.664680 12.795546 7.826253 4.498217 2.430251 1.235155 0.591201 0.266860 0.113768 0.045883 0.017534 0.006360 0.002193 0.000720 0.000226 0.000067 0.000019 0.000005 0.000001 0.000000 0.000000 0.000000 0.000000 0.000000 0.000000 0.000000 0.000000 0.000000 0.000000 0.000000 0.000000 0.000000 0.000000 0.000000 0.000000 0.000000 0.000000 0.000000 0.000000 0.000000 0.000000 0.000000 0.000000 0.000000 0.000000 0.000000 0.000000 
50.000000 38.775601 28.438098 19.664680 12.795546 7.826253 4.498217 2.430251 1.235155 0.591202 0.266860 0.113768 0.045883 0.017534 0.006360 0.002193 0.000720 0.000226 0.000068 0.000019 0.000005 0.000001 0.000000 0.000000 0.000000 0.000000 0.000000 0.000000 0.000000 0.000000 0.000000 0.000000 0.000000 0.000000 0.000000 0.000000 0.000000 0.000000 0.000000 0.000000 0.000000 0.000000 0.000000 0.000000 0.000000 0.000000 0.000000 0.000000 0.000000 0.000000 
50.000000 38.775601 28.438098 19.664680 12.795547 7.826254 4.498218 2.430251 1.235155 0.591202 0.266860 0.113768 0.045883 0.017535 0.006360 0.002194 0.000721 0.000226 0.000068 0.000020 0.000006 0.000002 0.000001 0.000000 0.000000 0.000000 0.000000 0.000000 0.000000 0.000000 0.000000 0.000000 0.000000 0.000000 0.000000 0.000000 0.000000 0.000000 0.000000 0.000000 0.000000 0.000000 0.000000 0.000000 0.000000 0.000000 0.000000 0.000000 0.000000 0.000000 
50.000000 38.775601 28.438099 19.664680 12.795547 7.826255 4.498219 2.430252 1.235156 0.591203 0.266861 0.113770 0.045884 0.017536 0.006361 0.002195 0.000722 0.000227 0.000069 0.000021 0.000007 0.000003 0.000002 0.000001 0.000001 0.000001 0.000001 0.000001 0.000001 0.000001 0.000001 0.000001 0.000001 0.000001 0.000001 0.000001 0.000001 0.000001 0.000001 0.000001 0.000001 0.000001 0.000001 0.000001 0.000001 0.000001 0.000001 0.000001 0.000000 0.000000 
50.000000 38.775602 28.438100 19.664683 12.795550 7.826258 4.498222 2.430256 1.235160 0.591207 0.266865 0.113773 0.045888 0.017539 0.006365 0.002198 0.000725 0.000231 0.000073 0.000025 0.000011 0.000007 0.000006 0.000005 0.000005 0.000005 0.000005 0.000005 0.000005 0.000005 0.000005 0.000005 0.000005 0.000005 0.000005 0.000005 0.000005 0.000005 0.000005 0.000005 0.000005 0.000005 0.000005 0.000005 0.000005 0.000004 0.000003 0.000002 0.000001 0.000000 
50.000000 38.775605 28.438106 19.664691 12.795561 7.826270 4.498235 2.430269 1.235173 0.591221 0.266879 0.113787 0.045902 0.017553 0.006379 0.002212 0.000739 0.000245 0.000087 0.000039 0.000025 0.000021 0.000020 0.000019 0.000019 0.000019 0.000019 0.000019 0.000019 0.000019 0.000019 0.000019 0.000019 0.000019 0.000019 0.000019 0.000019 0.000019 0.000019 0.000019 0.000019 0.000019 0.000019 0.000018 0.000017 0.000015 0.000012 0.000009 0.000005 0.000000 
50.000000 38.775616 28.438127 19.664721 12.795597 7.826311 4.498279 2.430315 1.235221 0.591268 0.266927 0.113835 0.045950 0.017602 0.006427 0.002261 0.000788 0.000293 0.000135 0.000087 0.000073 0.000069 0.000068 0.000068 0.000067 0.000067 0.000067 0.000067 0.000067 0.000067 0.000067 0.000067 0.000067 0.000067 0.000067 0.000067 0.000067 0.000067 0.000067 0.000067 0.000067 0.000066 0.000065 0.000062 0.000058 0.000052 0.000043 0.000031 0.000016 0.000000 
50.000000 38.775652 28.438196 19.664817 12.795715 7.826444 4.498423 2.430466 1.235375 0.591424 0.267084 0.113993 0.046108 0.017760 0.006585 0.002419 0.000946 0.000451 0.000293 0.000245 0.000231 0.000227 0.000226 0.000226 0.000226 0.000226 0.000226 0.000226 0.000226 0.000226 0.000226 0.000226 0.000226 0.000226 0.000226 0.000226 0.000226 0.000225 0.000225 0.000225 0.000224 0.000221 0.000217 0.000209 0.000195 0.000174 0.000143 0.000103 0.000054 0.000000 
50.000000 38.775763 28.438410 19.665119 12.796085 7.826863 4.498874 2.430937 1.235858 0.591914 0.267576 0.114487 0.046602 0.018254 0.007080 0.002913 0.001440 0.000946 0.000788 0.000739 0.000725 0.000722 0.000721 0.000720 0.000720 0.000720 0.000720 0.000720 0.000720 0.000720 0.000720 0.000720 0.000720 0.000720 0.000720 0.000720 0.000720 0.000720 0.000719 0.000718 0.000714 0.000707 0.000694 0.000668 0.000625 0.000557 0.000459 0.000329 0.000172 0.000000 
50.000000 38.776096 28.439049 19.666017 12.797185 7.828109 4.500217 2.432340 1.237295 0.593370 0.269042 0.115957 0.048074 0.019727 0.008553 0.004386 0.002913 0.002419 0.002261 0.002212 0.002198 0.002195 0.002194 0.002193 0.002193 0.002193 0.002193 0.002193 0.002193 0.002193 0.002193 0.002193 0.002193 0.002193 0.002193 0.002193 0.002193 0.002192 0.002190 0.002186 0.002176 0.002155 0.002114 0.002037 0.001906 0.001700 0.001402 0.001006 0.000527 0.000000 
50.000000 38.777036 28.440854 19.668555 12.800295 7.831632 4.504016 2.436309 1.241362 0.597489 0.273187 0.120114 0.052237 0.023892 0.012719 0.008553 0.007080 0.006585 0.006427 0.006379 0.006365 0.006361 0.006360 0.006360 0.006360 0.006360 0.006360 0.006360 0.006360 0.006360 0.006360 0.006360 0.006360 0.006360 0.006360 0.006360 0.006359 0.006357 0.006352 0.006340 0.006312 0.006252 0.006134 0.005916 0.005540 0.004947 0.004083 0.002933 0.001538 0.000000 
50.000000 38.779556 28.445693 19.675358 12.808634 7.841078 4.514201 2.446951 1.252267 0.608535 0.284304 0.131264 0.063402 0.035063 0.023892 0.019727 0.018254 0.017760 0.017602 0.017553 0.017539 0.017536 0.017535 0.017534 0.017534 0.017534 0.017534 0.017534 0.017534 0.017534 0.017534 0.017534 0.017534 0.017534 0.017534 0.017533 0.017531 0.017526 0.017513 0.017480 0.017406 0.017247 0.016928 0.016337 0.015316 0.013691 0.011315 0.008139 0.004271 0.000000 
50.000000 38.785944 28.457961 19.692610 12.829780 7.865034 4.540033 2.473946 1.279930 0.636557 0.312505 0.159550 0.091725 0.063402 0.052237 0.048074 0.046602 0.046108 0.045950 0.045902 0.045888 0.045884 0.045883 0.045883 0.045883 0.045883 0.045883 0.045883 0.045883 0.045883 0.045883 0.045883 0.045883 0.045882 0.045882 0.045880 0.045875 0.045863 0.045829 0.045748 0.045560 0.045158 0.044349 0.042835 0.040206 0.035994 0.029797 0.021464 0.011277 0.000000 
50.000000 38.801234 28.487324 19.733904 12.880400 7.922386 4.601882 2.538581 1.346170 0.703658 0.380038 0.227286 0.159550 0.131264 0.120114 0.115957 0.114487 0.113993 0.113835 0.113787 0.113773 0.113770 0.113768 0.113768 0.113768 0.113768 0.113768 0.113768 0.113768 0.113768 0.113768 0.113768 0.113768 0.113768 0.113766 0.113763 0.113752 0.113721 0.113643 0.113451 0.113009 0.112052 0.110115 0.106463 0.100074 0.089757 0.074456 0.053739 0.028275 0.000000 
50.000000 38.835695 28.553509 19.826988 12.994515 8.051689 4.741335 2.684324 1.495538 0.854973 0.532331 0.380038 0.312505 0.284304 0.273187 0.269042 0.267576 0.267084 0.266927 0.266879 0.266865 0.266861 0.266860 0.266860 0.266860 0.266859 0.266859 0.266859 0.266859 0.266859 0.266859 0.266859 0.266859 0.266858 0.266856 0.266847 0.266824 0.266758 0.266587 0.266165 0.265187 0.263055 0.258705 0.250432 0.235822 0.211998 0.176322 0.127585 0.067255 0.000000 
50.000000 38.908669 28.693665 20.024118 13.236203 8.325565 5.036728 2.993061 1.811968 1.175538 0.854973 0.703658 0.636557 0.608535 0.597489 0.593370 0.591914 0.591424 0.591268 0.591221 0.591207 0.591203 0.591202 0.591202 0.591201 0.591201 0.591201 0.591201 0.591201 0.591201 0.591201 0.591201 0.591201 0.591199 0.591194 0.591177 0.591129 0.590997 0.590648 0.589786 0.587769 0.583337 0.574213 0.556677 0.525358 0.473663 0.395295 0.286993 0.151671 0.000000 
50.000000 39.053483 28.971811 20.415354 13.715906 8.869193 5.623109 3.605964 2.440171 1.811968 1.495538 1.346170 1.279930 1.252267 1.241362 1.237295 1.235858 1.235375 1.235221 1.235173 1.235160 1.235156 1.235155 1.235155 1.235155 1.235155 1.235155 1.235155 1.235155 1.235155 1.235155 1.235154 1.235153 1.235150 1.235140 1.235110 1.235021 1.234772 1.234118 1.232483 1.228631 1.220086 1.202299 1.167691 1.105024 1.000016 0.838307 0.611412 0.324276 0.000000 
50.000000 39.322122 29.487805 21.141186 14.605921 9.877880 6.711191 4.743320 3.605964 2.993061 2.684324 2.538581 2.473946 2.446951 2.436309 2.432340 2.430937 2.430466 2.430315 2.430269 2.430256 2.430252 2.430251 2.430251 2.430251 2.430251 2.430251 2.430251 2.430251 2.430251 2.430251 2.430250 2.430249 2.430244 2.430227 2.430175 2.430023 2.429597 2.428465 2.425618 2.418848 2.403665 2.371660 2.308464 2.192092 1.993380 1.681101 1.233921 0.657846 0.000000 
50.000000 39.786781 30.380342 22.396748 16.145584 11.622945 8.593718 6.711191 5.623109 5.036728 4.741335 4.601882 4.540033 4.514201 4.504016 4.500217 4.498874 4.498423 4.498279 4.498235 4.498222 4.498219 4.498218 4.498217 4.498217 4.498217 4.498217 4.498217 4.498217 4.498217 4.498217 4.498216 4.498214 4.498206 4.498180 4.498100 4.497864 4.497199 4.495419 4.490903 4.480052 4.455418 4.402727 4.296859 4.097876 3.749961 3.188526 2.361867 1.269207 0.000000 
50.000000 40.534304 31.816257 24.416789 18.622837 14.430836 11.622945 9.877880 8.869193 8.325565 8.051689 7.922386 7.865034 7.841078 7.831632 7.828109 7.826863 7.826444 7.826311 7.826270 7.826258 7.826255 7.826254 7.826253 7.826253 7.826253 7.826253 7.826253 7.826253 7.826253 7.826253 7.826252 7.826249 7.826238 7.826202 7.826092 7.825762 7.824828 7.822312 7.815867 7.800206 7.764169 7.685788 7.525069 7.215418 6.657650 5.725654 4.299194 2.339977 0.000000 
50.000000 41.650135 33.959707 27.432302 22.321043 18.622837 16.145584 14.605921 13.715906 13.236203 12.994515 12.880400 12.829780 12.808634 12.800295 12.797185 12.796085 12.795715 12.795597 12.795561 12.795550 12.795547 12.795547 12.795546 12.795546 12.795546 12.795546 12.795546 12.795546 12.795546 12.795546 12.795545 12.795541 12.795528 12.795484 12.795348 12.794943 12.793786 12.790643 12.782517 12.762540 12.715891 12.612541 12.395623 11.965187 11.160522 9.752719 7.476813 4.159817 0.000000 
50.000000 43.192178 36.921947 31.599861 27.432302 24.416789 22.396748 21.141186 20.415354 20.024118 19.826988 19.733904 19.692610 19.675358 19.668555 19.666017 19.665119 19.664817 19.664721 19.664691 19.664683 19.664680 19.664680 19.664680 19.664680 19.664680 19.664680 19.664680 19.664680 19.664680 19.664679 19.664678 19.664674 19.664660 19.664615 19.664472 19.664043 19.662813 19.659448 19.650666 19.628823 19.577047 19.460085 19.208222 18.691135 17.679583 15.799930 12.514315 7.248688 0.000000 
50.000000 45.161332 40.704720 36.921947 33.959707 31.816257 30.380342 29.487805 28.971811 28.693665 28.553509 28.487324 28.457961 28.445693 28.440854 28.439049 28.438410 28.438196 28.438127 28.438106 28.438100 28.438099 28.438098 28.438098 28.438098 28.438098 28.438098 28.438098 28.438098 28.438098 28.438098 28.438097 28.438093 28.438081 28.438043 28.437921 28.437554 28.436496 28.433584 28.425925 28.406672 28.360399 28.253884 28.018474 27.517062 26.482893 24.407633 20.352360 12.747729 0.000000 
50.000000 47.481232 45.161332 43.192178 41.650135 40.534304 39.786781 39.322122 39.053483 38.908669 38.835695 38.801234 38.785944 38.779556 38.777036 38.776096 38.775763 38.775652 38.775616 38.775605 38.775602 38.775601 38.775601 38.775601 38.775601 38.775601 38.775601 38.775601 38.775601 38.775601 38.775601 38.775600 38.775598 38.775591 38.775569 38.775498 38.775284 38.774667 38.772959 38.768441 38.756998 38.729207 38.664276 38.517574 38.194327 37.490319 35.943491 32.413603 23.740616 0.000000 
50.000000 50.000000 50.000000 50.000000 50.000000 50.000000 50.000000 50.000000 50.000000 50.000000 50.000000 50.000000 50.000000 50.000000 50.000000 50.000000 50.000000 50.000000 50.000000 50.000000 50.000000 50.000000 50.000000 50.000000 50.000000 50.000000 50.000000 50.000000 50.000000 50.000000 50.000000 50.000000 50.000000 50.000000 50.000000 50.000000 50.000000 50.000000 50.000000 50.000000 50.000000 50.000000 50.000000 50.000000 50.000000 50.000000 50.000000 50.000000 50.000000 50.000000 
