50.000000 50.000000 50.000000 50.000000 50.000000 50.000000 50.000000 50.000000 50.000000 50.000000 50.000000 50.000000 50.000000 50.000000 50.000000 50.000000 50.000000 50.000000 50.000000 50.000000 50.000000 50.000000 50.000000 50.000000 50.000000 50.000000 50.000000 50.000000 50.000000 50.000000 50.000000 50.000000 50.000000 50.000000 50.000000 50.000000 50.000000 50.000000 50.000000 50.000000 50.000000 50.000000 50.000000 50.000000 50.000000 50.000000 50.000000 50.000000 50.000000 50.000000 
50.000000 48.155303 46.417353 44.874395 43.583008 42.563457 41.803570 41.268414 40.911913 40.687013 40.552489 40.476098 40.434861 40.413671 40.403293 40.398442 40.396275 40.395349 40.394969 40.394820 40.394764 40.394744 40.394737 40.394734 40.394734 40.394733 40.394733 40.394733 40.394733 40.394732 40.394728 40.394719 40.394693 40.394624 40.394442 40.393985 40.392874 40.390268 40.384363 40.371420 40.343943 40.287267 40.173215 39.947828 39.506131 38.634913 36.867181 33.064631 24.077652 0.000000 
50.000000 46.417353 43.042030 40.045418 37.537402 35.557340 34.081583 33.042282 32.349948 31.913194 31.651954 31.503608 31.423529 31.382381 31.362229 31.352810 31.348602 31.346803 31.346067 31.345778 31.345669 31.345629 31.345615 31.345611 31.345609 31.345609 31.345608 31.345608 31.345608 31.345606 31.345600 31.345583 31.345537 31.345412 31.345086 31.344268 31.342283 31.337644 31.327173 31.304351 31.256251 31.158035 30.963219 30.586411 29.872206 28.537729 26.065806 21.521015 13.352722 0.000000 
50.000000 44.874395 40.045418 35.758281 32.170193 29.337457 27.226228 25.739423 24.749003 24.124218 23.750519 23.538319 23.423774 23.364919 23.336095 23.322622 23.316604 23.314032 23.312979 23.312566 23.312410 23.312353 23.312333 23.312327 23.312325 23.312324 23.312324 23.312323 23.312323 23.312320 23.312313 23.312292 23.312234 23.312076 23.311668 23.310645 23.308175 23.302427 23.289537 23.261662 23.203518 23.086422 22.858486 22.429021 21.644790 20.256385 17.879140 13.979612 8.007214 0.000000 
50.000000 43.583008 37.537402 32.170193 27.678202 24.131904 21.488912 19.627662 18.387843 17.605752 17.137980 16.872371 16.729001 16.655339 16.619264 16.602404 16.594873 16.591654 16.590337 16.589819 16.589624 16.589553 16.589528 16.589520 16.589517 16.589517 16.589516 16.589516 16.589515 16.589512 16.589505 16.589483 16.589422 16.589258 16.588833 16.587773 16.585227 16.579337 16.566226 16.538139 16.480246 16.365434 16.146382 15.744436 15.035877 13.839101 11.913808 8.999673 4.948094 0.000000 
50.000000 42.563457 35.557340 29.337457 24.131904 20.022343 16.959626 14.802853 13.366221 12.460008 11.918018 11.610277 11.444173 11.358834 11.317043 11.297511 11.288788 11.285060 11.283534 11.282934 11.282708 11.282626 11.282598 11.282588 11.282585 11.282584 11.282584 11.282583 11.282583 11.282580 11.282573 11.282553 11.282497 11.282346 11.281959 11.280996 11.278697 11.273413 11.261744 11.236997 11.186613 11.088226 10.904121 10.574495 10.011171 9.096028 7.692667 5.685134 3.057327 0.000000 
50.000000 41.803570 34.081583 27.226228 21.488912 16.959626 13.584176 11.207237 9.623998 8.625339 8.028080 7.688972 7.505945 7.411914 7.365870 7.344352 7.334741 7.330635 7.328953 7.328293 7.328044 7.327954 7.327922 7.327912 7.327908 7.327907 7.327907 7.327907 7.327906 7.327904 7.327898 7.327881 7.327835 7.327711 7.327392 7.326606 7.324737 7.320472 7.311131 7.291516 7.252061 7.176134 7.036576 6.792088 6.385131 5.744476 4.797207 3.495173 1.855742 0.000000 
50.000000 41.268414 33.042282 25.739423 19.627662 14.802853 11.207237 8.675320 6.988899 5.925189 5.289046 4.927873 4.732945 4.632805 4.583771 4.560856 4.550623 4.546250 4.544460 4.543757 4.543492 4.543395 4.543362 4.543351 4.543347 4.543346 4.543345 4.543345 4.543345 4.543343 4.543339 4.543326 4.543291 4.543197 4.542958 4.542370 4.540982 4.537835 4.530999 4.516779 4.488497 4.434799 4.337660 4.170661 3.898731 3.481281 2.880937 2.079064 1.095199 0.000000 
50.000000 40.911913 32.349948 24.749003 18.387843 13.366221 9.623998 6.988899 5.233793 4.126789 3.464773 3.088923 2.886080 2.781877 2.730855 2.707013 2.696366 2.691816 2.689954 2.689223 2.688947 2.688847 2.688812 2.688800 2.688796 2.688795 2.688795 2.688795 2.688794 2.688793 2.688790 2.688781 2.688757 2.688692 2.688526 2.688120 2.687168 2.685023 2.680399 2.670865 2.652099 2.616896 2.554100 2.447864 2.277995 2.022409 1.662581 1.191913 0.624645 0.000000 
50.000000 40.687013 31.913194 24.124218 17.605752 12.460008 8.625339 5.925189 4.126789 2.992501 2.314185 1.929090 1.721263 1.614502 1.562230 1.537804 1.526897 1.522236 1.520328 1.519579 1.519297 1.519194 1.519159 1.519147 1.519143 1.519142 1.519141 1.519141 1.519141 1.519140 1.519138 1.519132 1.519116 1.519074 1.518967 1.518707 1.518099 1.516738 1.513825 1.507868 1.496250 1.474690 1.436692 1.373279 1.273395 1.125507 0.920700 0.656943 0.343070 0.000000 
50.000000 40.552489 31.651954 23.750519 17.137980 11.918018 8.028080 5.289046 3.464773 2.314185 1.626133 1.235517 1.024715 0.916429 0.863411 0.838637 0.827574 0.822847 0.820912 0.820153 0.819866 0.819762 0.819726 0.819714 0.819710 0.819709 0.819708 0.819708 0.819708 0.819708 0.819706 0.819703 0.819693 0.819668 0.819603 0.819447 0.819084 0.818276 0.816556 0.813066 0.806317 0.793908 0.772267 0.736564 0.681021 0.599842 0.488857 0.347602 0.181069 0.000000 
50.000000 40.476098 31.503608 23.538319 16.872371 11.610277 7.688972 4.927873 3.088923 1.929090 1.235517 0.841773 0.629285 0.520134 0.466694 0.441723 0.430572 0.425808 0.423858 0.423092 0.422804 0.422699 0.422662 0.422650 0.422646 0.422645 0.422645 0.422644 0.422644 0.422644 0.422643 0.422641 0.422636 0.422621 0.422585 0.422497 0.422293 0.421841 0.420886 0.418961 0.415265 0.408524 0.396875 0.377841 0.348533 0.306145 0.248782 0.176434 0.091735 0.000000 
50.000000 40.434861 31.423529 23.423774 16.729001 11.444173 7.505945 4.732945 2.886080 1.721263 1.024715 0.629285 0.415889 0.306273 0.252606 0.227529 0.216331 0.211547 0.209588 0.208820 0.208530 0.208425 0.208388 0.208376 0.208372 0.208370 0.208370 0.208370 0.208370 0.208370 0.208369 0.208368 0.208365 0.208357 0.208338 0.208291 0.208183 0.207945 0.207444 0.206440 0.204525 0.201057 0.195110 0.185473 0.170761 0.149664 0.121346 0.085885 0.044592 0.000000 
50.000000 40.413671 31.382381 23.364919 16.655339 11.358834 7.411914 4.632805 2.781877 1.614502 0.916429 0.520134 0.306273 0.196419 0.142635 0.117504 0.106282 0.101487 0.099525 0.098754 0.098464 0.098358 0.098322 0.098309 0.098305 0.098304 0.098304 0.098304 0.098303 0.098303 0.098303 0.098303 0.098301 0.098297 0.098287 0.098264 0.098210 0.098091 0.097842 0.097345 0.096404 0.094709 0.091823 0.087178 0.080137 0.070112 0.056744 0.040098 0.020796 0.000000 
50.000000 40.403293 31.362229 23.336095 16.619264 11.317043 7.365870 4.583771 2.730855 1.562230 0.863411 0.466694 0.252606 0.142635 0.088794 0.063636 0.052403 0.047603 0.045638 0.044867 0.044576 0.044471 0.044434 0.044422 0.044418 0.044417 0.044416 0.044416 0.044416 0.044416 0.044416 0.044416 0.044415 0.044413 0.044408 0.044397 0.044371 0.044315 0.044197 0.043964 0.043523 0.042735 0.041400 0.039265 0.036047 0.031492 0.025450 0.017962 0.009308 0.000000 
50.000000 40.398442 31.352810 23.322622 16.602404 11.297511 7.344352 4.560856 2.707013 1.537804 0.838637 0.441723 0.227529 0.117504 0.063636 0.038466 0.027227 0.022425 0.020460 0.019688 0.019397 0.019292 0.019255 0.019242 0.019238 0.019237 0.019237 0.019237 0.019237 0.019237 0.019237 0.019236 0.019236 0.019235 0.019233 0.019228 0.019216 0.019191 0.019138 0.019033 0.018837 0.018487 0.017898 0.016959 0.015553 0.013571 0.010954 0.007723 0.003999 0.000000 
50.000000 40.396275 31.348602 23.316604 16.594873 11.288788 7.334741 4.550623 2.696366 1.526897 0.827574 0.430572 0.216331 0.106282 0.052403 0.027227 0.015986 0.011183 0.009217 0.008445 0.008154 0.008048 0.008012 0.007999 0.007995 0.007994 0.007994 0.007993 0.007993 0.007993 0.007993 0.007993 0.007993 0.007993 0.007992 0.007990 0.007985 0.007974 0.007951 0.007906 0.007823 0.007674 0.007425 0.007031 0.006442 0.005615 0.004528 0.003190 0.001651 0.000000 
50.000000 40.395349 31.346803 23.314032 16.591654 11.285060 7.330635 4.546250 2.691816 1.522236 0.822847 0.425808 0.211547 0.101487 0.047603 0.022425 0.011183 0.006379 0.004413 0.003641 0.003350 0.003245 0.003208 0.003196 0.003192 0.003190 0.003190 0.003190 0.003190 0.003190 0.003190 0.003190 0.003190 0.003189 0.003189 0.003188 0.003186 0.003182 0.003172 0.003154 0.003120 0.003060 0.002959 0.002800 0.002563 0.002233 0.001799 0.001266 0.000655 0.000000 
50.000000 40.394969 31.346067 23.312979 16.590337 11.283534 7.328953 4.544460 2.689954 1.520328 0.820912 0.423858 0.209588 0.099525 0.045638 0.020460 0.009217 0.004413 0.002447 0.001675 0.001384 0.001278 0.001242 0.001229 0.001225 0.001224 0.001224 0.001224 0.001224 0.001224 0.001223 0.001223 0.001223 0.001223 0.001223 0.001223 0.001222 0.001220 0.001217 0.001209 0.001196 0.001173 0.001134 0.001072 0.000981 0.000854 0.000687 0.000484 0.000250 0.000000 
50.000000 40.394820 31.345778 23.312566 16.589819 11.282934 7.328293 4.543757 2.689223 1.519579 0.820153 0.423092 0.208820 0.098754 0.044867 0.019688 0.008445 0.003641 0.001675 0.000903 0.000612 0.000506 0.000470 0.000457 0.000453 0.000452 0.000452 0.000452 0.000452 0.000452 0.000452 0.000452 0.000452 0.000451 0.000451 0.000451 0.000451 0.000450 0.000449 0.000446 0.000441 0.000432 0.000418 0.000395 0.000361 0.000314 0.000253 0.000178 0.000092 0.000000 
50.000000 40.394764 31.345669 23.312410 16.589624 11.282708 7.328044 4.543492 2.688947 1.519297 0.819866 0.422804 0.208530 0.098464 0.044576 0.019397 0.008154 0.003350 0.001384 0.000612 0.000321 0.000215 0.000179 0.000166 0.000162 0.000161 0.000161 0.000161 0.000160 0.000160 0.000160 0.000160 0.000160 0.000160 0.000160 0.000160 0.000160 0.000160 0.000160 0.000159 0.000157 0.000154 0.000148 0.000140 0.000128 0.000111 0.000090 0.000063 0.000033 0.000000 
50.000000 40.394744 31.345629 23.312353 16.589553 11.282626 7.327954 4.543395 2.688847 1.519194 0.819762 0.422699 0.208425 0.098358 0.044471 0.019292 0.008048 0.003245 0.001278 0.000507 0.000215 0.000110 0.000073 0.000061 0.000057 0.000056 0.000055 0.000055 0.000055 0.000055 0.000055 0.000055 0.000055 0.000055 0.000055 0.000055 0.000055 0.000055 0.000055 0.000054 0.000054 0.000053 0.000051 0.000048 0.000044 0.000038 0.000031 0.000022 0.000011 0.000000 
50.000000 40.394737 31.345615 23.312333 16.589528 11.282598 7.327922 4.543362 2.688812 1.519159 0.819726 0.422663 0.208388 0.098322 0.044434 0.019255 0.008012 0.003208 0.001242 0.000470 0.000179 0.000073 0.000036 0.000024 0.000020 0.000019 0.000018 0.000018 0.000018 0.000018 0.000018 0.000018 0.000018 0.000018 0.000018 0.000018 0.000018 0.000018 0.000018 0.000018 0.000018 0.000017 0.000017 0.000016 0.000014 0.000013 0.000010 0.000007 0.000004 0.000000 
50.000000 40.394734 31.345611 23.312327 16.589520 11.282588 7.327912 4.543351 2.688800 1.519147 0.819714 0.422650 0.208376 0.098309 0.044422 0.019243 0.007999 0.003196 0.001229 0.000457 0.000166 0.000061 0.000024 0.000012 0.000008 0.000006 0.000006 0.000006 0.000006 0.000006 0.000006 0.000006 0.000006 0.000006 0.000006 0.000006 0.000006 0.000006 0.000006 0.000006 0.000006 0.000006 0.000005 0.000005 0.000005 0.000004 0.000003 0.000002 0.000001 0.000000 
50.000000 40.394734 31.345609 23.312325 16.589518 11.282585 7.327909 4.543347 2.688797 1.519143 0.819711 0.422647 0.208372 0.098306 0.044418 0.019239 0.007996 0.003192 0.001226 0.000454 0.000163 0.000057 0.000020 0.000008 0.000004 0.000003 0.000002 0.000002 0.000002 0.000002 0.000002 0.000002 0.000002 0.000002 0.000002 0.000002 0.000002 0.000002 0.000002 0.000002 0.000002 0.000002 0.000002 0.000002 0.000002 0.000002 0.000001 0.000001 0.000000 0.000000 
50.000000 40.394734 31.345609 23.312325 16.589518 11.282585 7.327909 4.543347 2.688797 1.519143 0.819711 0.422647 0.208372 0.098306 0.044418 0.019239 0.007996 0.003192 0.001226 0.000454 0.000163 0.000057 0.000020 0.000008 0.000004 0.000003 0.000002 0.000002 0.000002 0.000002 0.000002 0.000002 0.000002 0.000002 0.000002 0.000002 0.000002 0.000002 0.000002 0.000002 0.000002 0.000002 0.000002 0.000002 0.000002 0.000002 0.000001 0.000001 0.000000 0.000000 
50.000000 40.394734 31.345611 23.312327 16.589520 11.282588 7.327912 4.543351 2.688800 1.519147 0.819714 0.422650 0.208376 0.098309 0.044422 0.019243 0.007999 0.003196 0.001229 0.000457 0.000166 0.000061 0.000024 0.000012 0.000008 0.000006 0.000006 0.000006 0.000006 0.000006 0.000006 0.000006 0.000006 0.000006 0.000006 0.000006 0.000006 0.000006 0.000006 0.000006 0.000006 0.000006 0.000005 0.000005 0.000005 0.000004 0.000003 0.000002 0.000001 0.000000 
50.000000 40.394737 31.345615 23.312333 16.589528 11.282598 7.327922 4.543362 2.688812 1.519159 0.819726 0.422663 0.208388 0.098322 0.044434 0.019255 0.008012 0.003208 0.001242 0.000470 0.000179 0.000073 0.000036 0.000024 0.000020 0.000019 0.000018 0.000018 0.000018 0.000018 0.000018 0.000018 0.000018 0.000018 0.000018 0.000018 0.000018 0.000018 0.000018 0.000018 0.000018 0.000017 0.000017 0.000016 0.000014 0.000013 0.000010 0.000007 0.000004 0.000000 
50.000000 40.394744 31.345629 23.312353 16.589553 11.282626 7.327954 4.543395 2.688847 1.519194 0.819762 0.422699 0.208425 0.098358 0.044471 0.019292 0.008048 0.003245 0.001278 0.000507 0.000215 0.000110 0.000073 0.000061 0.000057 0.000056 0.000055 0.000055 0.000055 0.000055 0.000055 0.000055 0.000055 0.000055 0.000055 0.000055 0.000055 0.000055 0.000055 0.000054 0.000054 0.000053 0.000051 0.000048 0.000044 0.000038 0.000031 0.000022 0.000011 0.000000 
50.000000 40.394764 31.345669 23.312410 16.589624 11.282708 7.328044 4.543492 2.688947 1.519297 0.819866 0.422804 0.208530 0.098464 0.044576 0.019397 0.008154 0.003350 0.001384 0.000612 0.000321 0.000215 0.000179 0.000166 0.000162 0.000161 0.000161 0.000161 0.000160 0.000160 0.000160 0.000160 0.000160 0.000160 0.000160 0.000160 0.000160 0.000160 0.000160 0.000159 0.000157 0.000154 0.000148 0.000140 0.000128 0.000111 0.000090 0.000063 0.000033 0.000000 
50.000000 40.394820 31.345778 23.312566 16.589819 11.282934 7.328293 4.543757 2.689223 1.519579 0.820153 0.423092 0.208820 0.098754 0.044867 0.019688 0.008445 0.003641 0.001675 0.000903 0.000612 0.000506 0.000470 0.000457 0.000453 0.000452 0.000452 0.000452 0.000452 0.000452 0.000452 0.000452 0.000452 0.000451 0.000451 0.000451 0.000451 0.000450 0.000449 0.000446 0.000441 0.000432 0.000418 0.000395 0.000361 0.000314 0.000253 0.000178 0.000092 0.000000 
50.000000 40.394969 31.346067 23.312979 16.590337 11.283534 7.328953 4.544460 2.689954 1.520328 0.820912 0.423858 0.209588 0.099525 0.045638 0.020460 0.009217 0.004413 0.002447 0.001675 0.001384 0.001278 0.001242 0.001229 0.001225 0.001224 0.001224 0.001224 0.001224 0.001224 0.001223 0.001223 0.001223 0.001223 0.001223 0.001223 0.001222 0.001220 0.001217 0.001209 0.001196 0.001173 0.001134 0.001072 0.000981 0.000854 0.000687 0.000484 0.000250 0.000000 
50.000000 40.395349 31.346803 23.314032 16.591654 11.285060 7.330635 4.546250 2.691816 1.522236 0.822847 0.425808 0.211547 0.101487 0.047603 0.022425 0.011183 0.006379 0.004413 0.003641 0.003350 0.003245 0.003208 0.003196 0.003192 0.003190 0.003190 0.003190 0.003190 0.003190 0.003190 0.003190 0.003190 0.003189 0.003189 0.003188 0.003186 0.003182 0.003172 0.003154 0.003120 0.003060 0.002959 0.002800 0.002563 0.002233 0.001799 0.001266 0.000655 0.000000 
50.000000 40.396275 31.348602 23.316604 16.594873 11.288788 7.334741 4.550623 2.696366 1.526897 0.827574 0.430572 0.216331 0.106282 0.052403 0.027227 0.015986 0.011183 0.009217 0.008445 0.008154 0.008048 0.008012 0.007999 0.007995 0.007994 0.007994 0.007993 0.007993 0.007993 0.007993 0.007993 0.007993 0.007993 0.007992 0.007990 0.007985 0.007974 0.007951 0.007906 0.007823 0.007674 0.007425 0.007031 0.006442 0.005615 0.004528 0.003190 0.001651 0.000000 
50.000000 40.398442 31.352810 23.322622 16.602404 11.297511 7.344352 4.560856 2.707013 1.537804 0.838637 0.441723 0.227529 0.117504 0.063636 0.038466 0.027227 0.022425 0.020460 0.019688 0.019397 0.019292 0.019255 0.019242 0.019238 0.019237 0.019237 0.019237 0.019237 0.019237 0.019237 0.019236 0.019236 0.019235 0.019233 0.019228 0.019216 0.019191 0.019138 0.019033 0.018837 0.018487 0.017898 0.016959 0.015553 0.013571 0.010954 0.007723 0.003999 0.000000 
50.000000 40.403293 31.362229 23.336095 16.619264 11.317043 7.365870 4.583771 2.730855 1.562230 0.863411 0.466694 0.252606 0.142635 0.088794 0.063636 0.052403 0.047603 0.045638 0.044867 0.044576 0.044471 0.044434 0.044422 0.044418 0.044417 0.044416 0.044416 0.044416 0.044416 0.044416 0.044416 0.044415 0.044413 0.044408 0.044397 0.044371 0.044315 0.044197 0.043964 0.043523 0.042735 0.041400 0.039265 0.036047 0.031492 0.025450 0.017962 0.009308 0.000000 
50.000000 40.413671 31.382381 23.364919 16.655339 11.358834 7.411914 4.632805 2.781877 1.614502 0.916429 0.520134 0.306273 0.196419 0.142635 0.117504 0.106282 0.101487 0.099525 0.098754 0.098464 0.098358 0.098322 0.098309 0.098305 0.098304 0.098304 0.098304 0.098303 0.098303 0.098303 0.098303 0.098301 0.098297 0.098287 0.098264 0.098210 0.098091 0.097842 0.097345 0.096404 0.094709 0.091823 0.087178 0.080137 0.070112 0.056744 0.040098 0.020796 0.000000 
50.000000 40.434861 31.423529 23.423774 16.729001 11.444173 7.505945 4.732945 2.886080 1.721263 1.024715 0.629285 0.415889 0.306273 0.252606 0.227529 0.216331 0.211547 0.209588 0.208820 0.208530 0.208425 0.208388 0.208376 0.208372 0.208370 0.208370 0.208370 0.208370 0.208370 0.208369 0.208368 0.208365 0.208357 0.208338 0.208291 0.208183 0.207945 0.207444 0.206440 0.204525 0.201057 0.195110 0.185473 0.170761 0.149664 0.121346 0.085885 0.044592 0.000000 
50.000000 40.476098 31.503608 23.538319 16.872371 11.610277 7.688972 4.927873 3.088923 1.929090 1.235517 0.841773 0.629285 0.520134 0.466694 0.441723 0.430572 0.425808 0.423858 0.423092 0.422804 0.422699 0.422662 0.422650 0.422646 0.422645 0.422645 0.422644 0.422644 0.422644 0.422643 0.422641 0.422636 0.422621 0.422585 0.422497 0.422293 0.421841 0.420886 0.418961 0.415265 0.408524 0.396875 0.377841 0.348533 0.306145 0.248782 0.176434 0.091735 0.000000 
50.000000 40.552489 31.651954 23.750519 17.137980 11.918018 8.028080 5.289046 3.464773 2.314185 1.626133 1.235517 1.024715 0.916429 0.863411 0.838637 0.827574 0.822847 0.820912 0.820153 0.819866 0.819762 0.819726 0.819714 0.819710 0.819709 0.819708 0.819708 0.819708 0.819708 0.819706 0.819703 0.819693 0.819668 0.819603 0.819447 0.819084 0.818276 0.816556 0.813066 0.806317 0.793908 0.772267 0.736564 0.681021 0.599842 0.488857 0.347602 0.181069 0.000000 
50.000000 40.687013 31.913194 24.124218 17.605752 12.460008 8.625339 5.925189 4.126789 2.992501 2.314185 1.929090 1.721263 1.614502 1.562230 1.537804 1.526897 1.522236 1.520328 1.519579 1.519297 1.519194 1.519159 1.519147 1.519143 1.519142 1.519141 1.519141 1.519141 1.519140 1.519138 1.519132 1.519116 1.519074 1.518967 1.518707 1.518099 1.516738 1.513825 1.507868 1.496250 1.474690 1.436692 1.373279 1.273395 1.125507 0.920700 0.656943 0.343070 0.000000 
50.000000 40.911913 32.349948 24.749003 18.387843 13.366221 9.623998 6.988899 5.233793 4.126789 3.464773 3.088923 2.886080 2.781877 2.730855 2.707013 2.696366 2.691816 2.689954 2.689223 2.688947 2.688847 2.688812 2.688800 2.688796 2.688795 2.688795 2.688795 2.688794 2.688793 2.688790 2.688781 2.688757 2.688692 2.688526 2.688120 2.687168 2.685023 2.680399 2.670865 2.652099 2.616896 2.554100 2.447864 2.277995 2.022409 1.662581 1.191913 0.624645 0.000000 
50.000000 41.268414 33.042282 25.739423 19.627662 14.802853 11.207237 8.675320 6.988899 5.925189 5.289046 4.927873 4.732945 4.632805 4.583771 4.560856 4.550623 4.546250 4.544460 4.543757 4.543492 4.543395 4.543362 4.543351 4.543347 4.543346 4.543345 4.543345 4.543345 4.543343 4.543339 4.543326 4.543291 4.543197 4.542958 4.542370 4.540982 4.537835 4.530999 4.516779 4.488497 4.434799 4.337660 4.170661 3.898731 3.481281 2.880937 2.079064 1.095199 0.000000 
50.000000 41.803570 34.081583 27.226228 21.488912 16.959626 13.584176 11.207237 9.623998 8.625339 8.028080 7.688972 7.505945 7.411914 7.365870 7.344352 7.334741 7.330635 7.328953 7.328293 7.328044 7.327954 7.327922 7.327912 7.327908 7.327907 7.327907 7.327907 7.327906 7.327904 7.327898 7.327881 7.327835 7.327711 7.327392 7.326606 7.324737 7.320472 7.311131 7.291516 7.252061 7.176134 7.036576 6.792088 6.385131 5.744476 4.797207 3.495173 1.855742 0.000000 
50.000000 42.563457 35.557340 29.337457 24.131904 20.022343 16.959626 14.802853 13.366221 12.460008 11.918018 11.610277 11.444173 11.358834 11.317043 11.297511 11.288788 11.285060 11.283534 11.282934 11.282708 11.282626 11.282598 11.282588 11.282585 11.282584 11.282584 11.282583 11.282583 11.282580 11.282573 11.282553 11.282497 11.282346 11.281959 11.280996 11.278697 11.273413 11.261744 11.236997 11.186613 11.088226 10.904121 10.574495 10.011171 9.096028 7.692667 5.685134 3.057327 0.000000 
50.000000 43.583008 37.537402 32.170193 27.678202 24.131904 21.488912 19.627662 18.387843 17.605752 17.137980 16.872371 16.729001 16.655339 16.619264 16.602404 16.594873 16.591654 16.590337 16.589819 16.589624 16.589553 16.589528 16.589520 16.589517 16.589517 16.589516 16.589516 16.589515 16.589512 16.589505 16.589483 16.589422 16.589258 16.588833 16.587773 16.585227 16.579337 16.566226 16.538139 16.480246 16.365434 16.146382 15.744436 15.035877 13.839101 11.913808 8.999673 4.948094 0.000000 
50.000000 44.874395 40.045418 35.758281 32.170193 29.337457 27.226228 25.739423 24.749003 24.124218 23.750519 23.538319 23.423774 23.364919 23.336095 23.322622 23.316604 23.314032 23.312979 23.312566 23.312410 23.312353 23.312333 23.312327 23.312325 23.312324 23.312324 23.312323 23.312323 23.312320 23.312313 23.312292 23.312234 23.312076 23.311668 23.310645 23.308175 23.302427 23.289537 23.261662 23.203518 23.086422 22.858486 22.429021 21.644790 20.256385 17.879140 13.979612 8.007214 0.000000 
50.000000 46.417353 43.042030 40.045418 37.537402 35.557340 34.081583 33.042282 32.349948 31.913194 31.651954 31.503608 31.423529 31.382381 31.362229 31.352810 31.348602 31.346803 31.346067 31.345778 31.345669 31.345629 31.345615 31.345611 31.345609 31.345609 31.345608 31.345608 31.345608 31.345606 31.345600 31.345583 31.345537 31.345412 31.345086 31.344268 31.342283 31.337644 31.327173 31.304351 31.256251 31.158035 30.963219 30.586411 29.872206 28.537729 26.065806 21.521015 13.352722 0.000000 
50.000000 48.155303 46.417353 44.874395 43.583008 42.563457 41.803570 41.268414 40.911913 40.687013 40.552489 40.476098 40.434861 40.413671 40.403293 40.398442 40.396275 40.395349 40.394969 40.394820 40.394764 40.394744 40.394737 40.394734 40.394734 40.394733 40.394733 40.394733 40.394733 40.394732 40.394728 40.394719 40.394693 40.394624 40.394442 40.393985 40.392874 40.390268 40.384363 40.371420 40.343943 40.287267 40.173215 39.947828 39.506131 38.634913 36.867181 33.064631 24.077652 0.000000 
50.000000 50.000000 50.000000 50.000000 50.000000 50.000000 50.000000 50.000000 50.000000 50.000000 50.000000 50.000000 50.000000 50.000000 50.000000 50.000000 50.000000 50.000000 50.000000 50.000000 50.000000 50.000000 50.000000 50.000000 50.000000 50.000000 50.000000 50.000000 50.000000 50.000000 50.000000 50.000000 50.000000 50.000000 50.000000 50.000000 50.000000 50.000000 50.000000 50.000000 50.000000 50.000000 50.000000 50.000000 50.000000 50.000000 50.000000 50.000000 50.000000 50.000000 
