50.000000 50.000000 50.000000 50.000000 50.000000 50.000000 50.000000 50.000000 50.000000 50.000000 50.000000 50.000000 50.000000 50.000000 50.000000 50.000000 50.000000 50.000000 50.000000 50.000000 50.000000 50.000000 50.000000 50.000000 50.000000 50.000000 50.000000 50.000000 50.000000 50.000000 50.000000 50.000000 50.000000 50.000000 50.000000 50.000000 50.000000 50.000000 50.000000 50.000000 50.000000 50.000000 50.000000 50.000000 50.000000 50.000000 50.000000 50.000000 50.000000 50.000000 
50.000000 48.267707 46.629558 45.164372 43.924467 42.931215 42.177539 41.635410 41.265415 41.025595 40.877810 40.791133 40.742694 40.716871 40.703723 40.697322 40.694339 40.693007 40.692436 40.692201 40.692108 40.692073 40.692060 40.692055 40.692053 40.692053 40.692053 40.692052 40.692052 40.692050 40.692044 40.692029 40.691989 40.691884 40.691621 40.690988 40.689507 40.686162 40.678846 40.663338 40.631417 40.567427 40.441942 40.199606 39.734101 38.831234 37.023709 33.173883 24.133853 0.000000 
50.000000 46.629558 43.442295 40.591566 38.179163 36.246673 34.780317 33.725559 33.005711 32.539131 32.251614 32.082986 31.988751 31.938514 31.912936 31.900484 31.894681 31.892089 31.890979 31.890522 31.890341 31.890272 31.890247 31.890238 31.890235 31.890233 31.890233 31.890233 31.890231 31.890228 31.890218 31.890190 31.890117 31.889927 31.889454 31.888312 31.885651 31.879658 31.866604 31.839083 31.782844 31.671232 31.455474 31.047620 30.289808 28.897355 26.352541 21.721147 13.455675 0.000000 
50.000000 45.164372 40.591566 36.501611 33.040553 30.268051 28.164329 26.651134 25.618430 24.949081 24.536623 24.294723 24.159543 24.087481 24.050792 24.032932 24.024609 24.020891 24.019298 24.018643 24.018384 24.018285 24.018248 24.018236 24.018231 24.018230 24.018229 24.018228 24.018227 24.018222 24.018210 24.018175 24.018081 24.017840 24.017240 24.015799 24.012452 24.004951 23.988714 23.954749 23.886060 23.751603 23.496528 23.026827 22.186076 20.722528 18.250805 14.239025 8.140663 0.000000 
50.000000 43.924467 38.179163 33.040553 28.692132 25.208848 22.565840 20.664777 19.367397 18.526517 18.008374 17.704501 17.534695 17.444177 17.398093 17.375660 17.365206 17.360538 17.358538 17.357714 17.357389 17.357264 17.357219 17.357203 17.357197 17.357195 17.357195 17.357194 17.357192 17.357187 17.357174 17.357137 17.357037 17.356782 17.356149 17.354635 17.351136 17.343340 17.326591 17.291884 17.222527 17.088840 16.840279 16.394581 15.624560 14.346066 12.318025 9.281809 5.093233 0.000000 
50.000000 42.931215 36.246673 30.268051 25.208848 21.156255 18.081330 15.869645 14.360318 13.382096 12.779341 12.425859 12.228338 12.123049 12.069448 12.043357 12.031199 12.025769 12.023443 12.022486 12.022107 12.021963 12.021910 12.021891 12.021885 12.021883 12.021882 12.021881 12.021879 12.021875 12.021862 12.021827 12.021734 12.021496 12.020909 12.019509 12.016292 12.009174 11.994005 11.962885 11.901466 11.784907 11.572391 11.200636 10.578128 9.584288 8.081975 5.956865 3.197114 0.000000 
50.000000 42.177539 34.780317 28.164329 22.565840 18.081330 14.678750 12.231448 10.561370 9.478992 8.812082 8.420988 8.202458 8.085976 8.026679 7.997816 7.984367 7.978361 7.975788 7.974729 7.974310 7.974151 7.974092 7.974071 7.974064 7.974062 7.974061 7.974060 7.974059 7.974055 7.974044 7.974015 7.973936 7.973736 7.973243 7.972074 7.969405 7.963539 7.951140 7.925959 7.876863 7.785061 7.620678 7.339375 6.880694 6.171260 5.137502 3.732697 1.977933 0.000000 
50.000000 41.635410 33.725559 26.651134 20.664777 15.869645 12.231448 9.614732 7.829087 6.671842 5.958822 5.540702 5.307079 5.182556 5.119168 5.088315 5.073939 5.067520 5.064770 5.063638 5.063191 5.063020 5.062957 5.062935 5.062928 5.062925 5.062924 5.062924 5.062923 5.062920 5.062911 5.062888 5.062827 5.062672 5.062293 5.061399 5.059368 5.054935 5.045641 5.026949 4.990919 4.924460 4.807366 4.610770 4.297254 3.824498 3.154605 2.270085 1.193468 0.000000 
50.000000 41.265415 33.005711 25.618430 19.367397 14.360318 10.561370 7.829087 5.964618 4.756316 4.011858 3.575315 3.331405 3.201404 3.135229 3.103021 3.088014 3.081314 3.078443 3.077262 3.076795 3.076617 3.076551 3.076528 3.076520 3.076518 3.076517 3.076516 3.076516 3.076513 3.076507 3.076491 3.076447 3.076336 3.076066 3.075432 3.074001 3.070897 3.064441 3.051573 3.027029 2.982309 2.904627 2.776309 2.575411 2.278556 1.866827 1.334480 0.697988 0.000000 
50.000000 41.025595 32.539131 24.949081 18.526517 13.382096 9.478992 6.671842 4.756316 3.514951 2.750137 2.301668 2.051101 1.917555 1.849578 1.816493 1.801079 1.794196 1.791248 1.790035 1.789555 1.789372 1.789305 1.789282 1.789273 1.789271 1.789270 1.789269 1.789269 1.789267 1.789263 1.789252 1.789223 1.789149 1.788970 1.788550 1.787609 1.785581 1.781393 1.773115 1.757475 1.729287 1.680923 1.602129 1.480630 1.303990 1.063022 0.756287 0.394178 0.000000 
50.000000 40.877810 32.251614 24.536623 18.008374 12.779341 8.812082 5.958822 4.011858 2.750137 1.972795 1.516988 1.262326 1.126599 1.057514 1.023891 1.008226 1.001232 0.998236 0.997003 0.996515 0.996330 0.996261 0.996237 0.996229 0.996226 0.996225 0.996225 0.996225 0.996224 0.996221 0.996214 0.996196 0.996150 0.996038 0.995778 0.995197 0.993954 0.991403 0.986398 0.977022 0.960285 0.931872 0.886122 0.816456 0.716490 0.581873 0.412531 0.214472 0.000000 
50.000000 40.791133 32.082986 24.294723 17.704501 12.425859 8.420988 5.540702 3.575315 2.301668 1.516988 1.056883 0.799824 0.662822 0.593088 0.559150 0.543338 0.536279 0.533255 0.532011 0.531518 0.531331 0.531262 0.531238 0.531230 0.531227 0.531226 0.531226 0.531225 0.531225 0.531223 0.531219 0.531208 0.531181 0.531116 0.530964 0.530626 0.529907 0.528442 0.525585 0.520275 0.510874 0.495060 0.469848 0.431854 0.377910 0.306009 0.216382 0.112287 0.000000 
50.000000 40.742694 31.988751 24.159543 17.534695 12.228338 8.202458 5.307079 3.331405 2.051101 1.262326 0.799824 0.541427 0.403714 0.333619 0.299505 0.283612 0.276516 0.273477 0.272226 0.271731 0.271543 0.271474 0.271449 0.271441 0.271438 0.271437 0.271437 0.271437 0.271437 0.271436 0.271433 0.271427 0.271412 0.271376 0.271292 0.271107 0.270713 0.269916 0.268372 0.265520 0.260508 0.252144 0.238920 0.219163 0.191355 0.154592 0.109092 0.056532 0.000000 
50.000000 40.716871 31.938514 24.087481 17.444177 12.123049 8.085976 5.182556 3.201404 1.917555 1.126599 0.662822 0.403714 0.265622 0.195335 0.161128 0.145192 0.138077 0.135029 0.133775 0.133279 0.133090 0.133021 0.132996 0.132988 0.132985 0.132984 0.132984 0.132984 0.132984 0.132983 0.132982 0.132979 0.132971 0.132952 0.132908 0.132811 0.132607 0.132195 0.131402 0.129946 0.127403 0.123188 0.116571 0.106757 0.093041 0.075029 0.052862 0.027364 0.000000 
50.000000 40.703723 31.912936 24.050792 17.398093 12.069448 8.026679 5.119168 3.135229 1.849578 1.057514 0.593088 0.333619 0.195335 0.124950 0.090696 0.074738 0.067613 0.064561 0.063305 0.062809 0.062619 0.062550 0.062525 0.062517 0.062514 0.062513 0.062513 0.062513 0.062513 0.062513 0.062512 0.062510 0.062507 0.062497 0.062475 0.062427 0.062327 0.062124 0.061736 0.061027 0.059797 0.057769 0.054605 0.049940 0.043459 0.034994 0.024624 0.012735 0.000000 
50.000000 40.697322 31.900484 24.032932 17.375660 12.043357 7.997816 5.088315 3.103021 1.816493 1.023891 0.559150 0.299505 0.161128 0.090696 0.056419 0.040450 0.033320 0.030266 0.029010 0.028513 0.028323 0.028254 0.028230 0.028221 0.028218 0.028217 0.028217 0.028217 0.028217 0.028217 0.028217 0.028216 0.028214 0.028209 0.028199 0.028176 0.028129 0.028034 0.027853 0.027524 0.026954 0.026021 0.024573 0.022448 0.019511 0.015692 0.011030 0.005701 0.000000 
50.000000 40.694339 31.894681 24.024609 17.365206 12.031199 7.984367 5.073939 3.088014 1.801079 1.008226 0.543338 0.283612 0.145192 0.074738 0.040450 0.024476 0.017344 0.014289 0.013033 0.012535 0.012346 0.012277 0.012252 0.012244 0.012241 0.012240 0.012240 0.012240 0.012240 0.012239 0.012239 0.012239 0.012238 0.012236 0.012231 0.012221 0.012200 0.012157 0.012076 0.011930 0.011678 0.011267 0.010631 0.009702 0.008424 0.006769 0.004754 0.002456 0.000000 
50.000000 40.693007 31.892089 24.020891 17.360538 12.025769 7.978361 5.067520 3.081314 1.794196 1.001232 0.536279 0.276516 0.138077 0.067613 0.033320 0.017344 0.010212 0.007156 0.005899 0.005402 0.005212 0.005143 0.005118 0.005110 0.005107 0.005106 0.005106 0.005106 0.005106 0.005106 0.005106 0.005106 0.005105 0.005105 0.005102 0.005098 0.005089 0.005071 0.005036 0.004974 0.004867 0.004693 0.004425 0.004035 0.003501 0.002810 0.001972 0.001018 0.000000 
50.000000 40.692436 31.890979 24.019298 17.358538 12.023443 7.975788 5.064770 3.078443 1.791248 0.998236 0.533255 0.273477 0.135029 0.064561 0.030266 0.014289 0.007156 0.004101 0.002843 0.002346 0.002157 0.002087 0.002063 0.002054 0.002052 0.002051 0.002050 0.002050 0.002050 0.002050 0.002050 0.002050 0.002050 0.002050 0.002049 0.002047 0.002043 0.002036 0.002022 0.001996 0.001952 0.001882 0.001773 0.001616 0.001401 0.001124 0.000788 0.000407 0.000000 
50.000000 40.692201 31.890522 24.018643 17.357714 12.022486 7.974729 5.063638 3.077262 1.790035 0.997003 0.532011 0.272226 0.133775 0.063305 0.029010 0.013033 0.005899 0.002843 0.001586 0.001089 0.000900 0.000830 0.000806 0.000797 0.000794 0.000794 0.000793 0.000793 0.000793 0.000793 0.000793 0.000793 0.000793 0.000793 0.000793 0.000792 0.000790 0.000787 0.000782 0.000772 0.000755 0.000727 0.000685 0.000624 0.000540 0.000433 0.000304 0.000157 0.000000 
50.000000 40.692108 31.890341 24.018384 17.357389 12.022107 7.974310 5.063191 3.076795 1.789555 0.996515 0.531518 0.271731 0.133279 0.062809 0.028513 0.012535 0.005402 0.002346 0.001089 0.000592 0.000402 0.000333 0.000308 0.000300 0.000297 0.000296 0.000296 0.000296 0.000296 0.000296 0.000296 0.000296 0.000296 0.000296 0.000296 0.000295 0.000295 0.000294 0.000292 0.000288 0.000281 0.000271 0.000255 0.000232 0.000201 0.000161 0.000113 0.000058 0.000000 
50.000000 40.692073 31.890272 24.018285 17.357264 12.021963 7.974151 5.063020 3.076617 1.789372 0.996330 0.531331 0.271543 0.133090 0.062619 0.028324 0.012346 0.005213 0.002157 0.000900 0.000402 0.000213 0.000144 0.000119 0.000111 0.000108 0.000107 0.000107 0.000107 0.000107 0.000106 0.000106 0.000106 0.000106 0.000106 0.000106 0.000106 0.000106 0.000106 0.000105 0.000104 0.000101 0.000097 0.000092 0.000083 0.000072 0.000058 0.000041 0.000021 0.000000 
50.000000 40.692060 31.890247 24.018249 17.357219 12.021910 7.974092 5.062958 3.076551 1.789305 0.996262 0.531262 0.271474 0.133021 0.062550 0.028254 0.012277 0.005143 0.002087 0.000830 0.000333 0.000144 0.000074 0.000050 0.000041 0.000038 0.000038 0.000037 0.000037 0.000037 0.000037 0.000037 0.000037 0.000037 0.000037 0.000037 0.000037 0.000037 0.000037 0.000037 0.000036 0.000035 0.000034 0.000032 0.000029 0.000025 0.000020 0.000014 0.000007 0.000000 
50.000000 40.692055 31.890238 24.018236 17.357203 12.021891 7.974072 5.062936 3.076529 1.789282 0.996238 0.531238 0.271450 0.132997 0.062526 0.028230 0.012252 0.005119 0.002063 0.000806 0.000309 0.000119 0.000050 0.000025 0.000017 0.000014 0.000013 0.000013 0.000013 0.000013 0.000013 0.000013 0.000013 0.000013 0.000013 0.000013 0.000013 0.000013 0.000013 0.000013 0.000012 0.000012 0.000012 0.000011 0.000010 0.000009 0.000007 0.000005 0.000003 0.000000 
50.000000 40.692054 31.890235 24.018232 17.357198 12.021886 7.974065 5.062929 3.076522 1.789275 0.996230 0.531231 0.271442 0.132989 0.062518 0.028222 0.012245 0.005111 0.002056 0.000798 0.000301 0.000112 0.000042 0.000018 0.000009 0.000007 0.000006 0.000005 0.000005 0.000005 0.000005 0.000005 0.000005 0.000005 0.000005 0.000005 0.000005 0.000005 0.000005 0.000005 0.000005 0.000005 0.000005 0.000005 0.000004 0.000004 0.000003 0.000002 0.000001 0.000000 
50.000000 40.692054 31.890235 24.018232 17.357198 12.021886 7.974065 5.062929 3.076522 1.789275 0.996230 0.531231 0.271442 0.132989 0.062518 0.028222 0.012245 0.005111 0.002056 0.000798 0.000301 0.000112 0.000042 0.000018 0.000009 0.000007 0.000006 0.000005 0.000005 0.000005 0.000005 0.000005 0.000005 0.000005 0.000005 0.000005 0.000005 0.000005 0.000005 0.000005 0.000005 0.000005 0.000005 0.000005 0.000004 0.000004 0.000003 0.000002 0.000001 0.000000 
50.000000 40.692055 31.890238 24.018236 17.357203 12.021891 7.974072 5.062936 3.076529 1.789282 0.996238 0.531238 0.271450 0.132997 0.062526 0.028230 0.012252 0.005119 0.002063 0.000806 0.000309 0.000119 0.000050 0.000025 0.000017 0.000014 0.000013 0.000013 0.000013 0.000013 0.000013 0.000013 0.000013 0.000013 0.000013 0.000013 0.000013 0.000013 0.000013 0.000013 0.000012 0.000012 0.000012 0.000011 0.000010 0.000009 0.000007 0.000005 0.000003 0.000000 
50.000000 40.692060 31.890247 24.018249 17.357219 12.021910 7.974092 5.062958 3.076551 1.789305 0.996262 0.531262 0.271474 0.133021 0.062550 0.028254 0.012277 0.005143 0.002087 0.000830 0.000333 0.000144 0.000074 0.000050 0.000041 0.000038 0.000038 0.000037 0.000037 0.000037 0.000037 0.000037 0.000037 0.000037 0.000037 0.000037 0.000037 0.000037 0.000037 0.000037 0.000036 0.000035 0.000034 0.000032 0.000029 0.000025 0.000020 0.000014 0.000007 0.000000 
50.000000 40.692073 31.890272 24.018285 17.357264 12.021963 7.974151 5.063020 3.076617 1.789372 0.996330 0.531331 0.271543 0.133090 0.062619 0.028324 0.012346 0.005213 0.002157 0.000900 0.000402 0.000213 0.000144 0.000119 0.000111 0.000108 0.000107 0.000107 0.000107 0.000107 0.000106 0.000106 0.000106 0.000106 0.000106 0.000106 0.000106 0.000106 0.000106 0.000105 0.000104 0.000101 0.000097 0.000092 0.000083 0.000072 0.000058 0.000041 0.000021 0.000000 
50.000000 40.692108 31.890341 24.018384 17.357389 12.022107 7.974310 5.063191 3.076795 1.789555 0.996515 0.531518 0.271731 0.133279 0.062809 0.028513 0.012535 0.005402 0.002346 0.001089 0.000592 0.000402 0.000333 0.000308 0.000300 0.000297 0.000296 0.000296 0.000296 0.000296 0.000296 0.000296 0.000296 0.000296 0.000296 0.000296 0.000295 0.000295 0.000294 0.000292 0.000288 0.000281 0.000271 0.000255 0.000232 0.000201 0.000161 0.000113 0.000058 0.000000 
50.000000 40.692201 31.890522 24.018643 17.357714 12.022486 7.974729 5.063638 3.077262 1.790035 0.997003 0.532011 0.272226 0.133775 0.063305 0.029010 0.013033 0.005899 0.002843 0.001586 0.001089 0.000900 0.000830 0.000806 0.000797 0.000794 0.000794 0.000793 0.000793 0.000793 0.000793 0.000793 0.000793 0.000793 0.000793 0.000793 0.000792 0.000790 0.000787 0.000782 0.000772 0.000755 0.000727 0.000685 0.000624 0.000540 0.000433 0.000304 0.000157 0.000000 
50.000000 40.692436 31.890979 24.019298 17.358538 12.023443 7.975788 5.064770 3.078443 1.791248 0.998236 0.533255 0.273477 0.135029 0.064561 0.030266 0.014289 0.007156 0.004101 0.002843 0.002346 0.002157 0.002087 0.002063 0.002054 0.002052 0.002051 0.002050 0.002050 0.002050 0.002050 0.002050 0.002050 0.002050 0.002050 0.002049 0.002047 0.002043 0.002036 0.002022 0.001996 0.001952 0.001882 0.001773 0.001616 0.001401 0.001124 0.000788 0.000407 0.000000 
50.000000 40.693007 31.892089 24.020891 17.360538 12.025769 7.978361 5.067520 3.081314 1.794196 1.001232 0.536279 0.276516 0.138077 0.067613 0.033320 0.017344 0.010212 0.007156 0.005899 0.005402 0.005212 0.005143 0.005118 0.005110 0.005107 0.005106 0.005106 0.005106 0.005106 0.005106 0.005106 0.005106 0.005105 0.005105 0.005102 0.005098 0.005089 0.005071 0.005036 0.004974 0.004867 0.004693 0.004425 0.004035 0.003501 0.002810 0.001972 0.001018 0.000000 
50.000000 40.694339 31.894681 24.024609 17.365206 12.031199 7.984367 5.073939 3.088014 1.801079 1.008226 0.543338 0.283612 0.145192 0.074738 0.040450 0.024476 0.017344 0.014289 0.013033 0.012535 0.012346 0.012277 0.012252 0.012244 0.012241 0.012240 0.012240 0.012240 0.012240 0.012239 0.012239 0.012239 0.012238 0.012236 0.012231 0.012221 0.012200 0.012157 0.012076 0.011930 0.011678 0.011267 0.010631 0.009702 0.008424 0.006769 0.004754 0.002456 0.000000 
50.000000 40.697322 31.900484 24.032932 17.375660 12.043357 7.997816 5.088315 3.103021 1.816493 1.023891 0.559150 0.299505 0.161128 0.090696 0.056419 0.040450 0.033320 0.030266 0.029010 0.028513 0.028323 0.028254 0.028230 0.028221 0.028218 0.028217 0.028217 0.028217 0.028217 0.028217 0.028217 0.028216 0.028214 0.028209 0.028199 0.028176 0.028129 0.028034 0.027853 0.027524 0.026954 0.026021 0.024573 0.022448 0.019511 0.015692 0.011030 0.005701 0.000000 
50.000000 40.703723 31.912936 24.050792 17.398093 12.069448 8.026679 5.119168 3.135229 1.849578 1.057514 0.593088 0.333619 0.195335 0.124950 0.090696 0.074738 0.067613 0.064561 0.063305 0.062809 0.062619 0.062550 0.062525 0.062517 0.062514 0.062513 0.062513 0.062513 0.062513 0.062513 0.062512 0.062510 0.062507 0.062497 0.062475 0.062427 0.062327 0.062124 0.061736 0.061027 0.059797 0.057769 0.054605 0.049940 0.043459 0.034994 0.024624 0.012735 0.000000 
50.000000 40.716871 31.938514 24.087481 17.444177 12.123049 8.085976 5.182556 3.201404 1.917555 1.126599 0.662822 0.403714 0.265622 0.195335 0.161128 0.145192 0.138077 0.135029 0.133775 0.133279 0.133090 0.133021 0.132996 0.132988 0.132985 0.132984 0.132984 0.132984 0.132984 0.132983 0.132982 0.132979 0.132971 0.132952 0.132908 0.132811 0.132607 0.132195 0.131402 0.129946 0.127403 0.123188 0.116571 0.106757 0.093041 0.075029 0.052862 0.027364 0.000000 
50.000000 40.742694 31.988751 24.159543 17.534695 12.228338 8.202458 5.307079 3.331405 2.051101 1.262326 0.799824 0.541427 0.403714 0.333619 0.299505 0.283612 0.276516 0.273477 0.272226 0.271731 0.271543 0.271474 0.271449 0.271441 0.271438 0.271437 0.271437 0.271437 0.271437 0.271436 0.271433 0.271427 0.271412 0.271376 0.271292 0.271107 0.270713 0.269916 0.268372 0.265520 0.260508 0.252144 0.238920 0.219163 0.191355 0.154592 0.109092 0.056532 0.000000 
50.000000 40.791133 32.082986 24.294723 17.704501 12.425859 8.420988 5.540702 3.575315 2.301668 1.516988 1.056883 0.799824 0.662822 0.593088 0.559150 0.543338 0.536279 0.533255 0.532011 0.531518 0.531331 0.531262 0.531238 0.531230 0.531227 0.531226 0.531226 0.531225 0.531225 0.531223 0.531219 0.531208 0.531181 0.531116 0.530964 0.530626 0.529907 0.528442 0.525585 0.520275 0.510874 0.495060 0.469848 0.431854 0.377910 0.306009 0.216382 0.112287 0.000000 
50.000000 40.877810 32.251614 24.536623 18.008374 12.779341 8.812082 5.958822 4.011858 2.750137 1.972795 1.516988 1.262326 1.126599 1.057514 1.023891 1.008226 1.001232 0.998236 0.997003 0.996515 0.996330 0.996261 0.996237 0.996229 0.996226 0.996225 0.996225 0.996225 0.996224 0.996221 0.996214 0.996196 0.996150 0.996038 0.995778 0.995197 0.993954 0.991403 0.986398 0.977022 0.960285 0.931872 0.886122 0.816456 0.716490 0.581873 0.412531 0.214472 0.000000 
50.000000 41.025595 32.539131 24.949081 18.526517 13.382096 9.478992 6.671842 4.756316 3.514951 2.750137 2.301668 2.051101 1.917555 1.849578 1.816493 1.801079 1.794196 1.791248 1.790035 1.789555 1.789372 1.789305 1.789282 1.789273 1.789271 1.789270 1.789269 1.789269 1.789267 1.789263 1.789252 1.789223 1.789149 1.788970 1.788550 1.787609 1.785581 1.781393 1.773115 1.757475 1.729287 1.680923 1.602129 1.480630 1.303990 1.063022 0.756287 0.394178 0.000000 
50.000000 41.265415 33.005711 25.618430 19.367397 14.360318 10.561370 7.829087 5.964618 4.756316 4.011858 3.575315 3.331405 3.201404 3.135229 3.103021 3.088014 3.081314 3.078443 3.077262 3.076795 3.076617 3.076551 3.076528 3.076520 3.076518 3.076517 3.076516 3.076516 3.076513 3.076507 3.076491 3.076447 3.076336 3.076066 3.075432 3.074001 3.070897 3.064441 3.051573 3.027029 2.982309 2.904627 2.776309 2.575411 2.278556 1.866827 1.334480 0.697988 0.000000 
50.000000 41.635410 33.725559 26.651134 20.664777 15.869645 12.231448 9.614732 7.829087 6.671842 5.958822 5.540702 5.307079 5.182556 5.119168 5.088315 5.073939 5.067520 5.064770 5.063638 5.063191 5.063020 5.062957 5.062935 5.062928 5.062925 5.062924 5.062924 5.062923 5.062920 5.062911 5.062888 5.062827 5.062672 5.062293 5.061399 5.059368 5.054935 5.045641 5.026949 4.990919 4.924460 4.807366 4.610770 4.297254 3.824498 3.154605 2.270085 1.193468 0.000000 
50.000000 42.177539 34.780317 28.164329 22.565840 18.081330 14.678750 12.231448 10.561370 9.478992 8.812082 8.420988 8.202458 8.085976 8.026679 7.997816 7.984367 7.978361 7.975788 7.974729 7.974310 7.974151 7.974092 7.974071 7.974064 7.974062 7.974061 7.974060 7.974059 7.974055 7.974044 7.974015 7.973936 7.973736 7.973243 7.972074 7.969405 7.963539 7.951140 7.925959 7.876863 7.785061 7.620678 7.339375 6.880694 6.171260 5.137502 3.732697 1.977933 0.000000 
50.000000 42.931215 36.246673 30.268051 25.208848 21.156255 18.081330 15.869645 14.360318 13.382096 12.779341 12.425859 12.228338 12.123049 12.069448 12.043357 12.031199 12.025769 12.023443 12.022486 12.022107 12.021963 12.021910 12.021891 12.021885 12.021883 12.021882 12.021881 12.021879 12.021875 12.021862 12.021827 12.021734 12.021496 12.020909 12.019509 12.016292 12.009174 11.994005 11.962885 11.901466 11.784907 11.572391 11.200636 10.578128 9.584288 8.081975 5.956865 3.197114 0.000000 
50.000000 43.924467 38.179163 33.040553 28.692132 25.208848 22.565840 20.664777 19.367397 18.526517 18.008374 17.704501 17.534695 17.444177 17.398093 17.375660 17.365206 17.360538 17.358538 17.357714 17.357389 17.357264 17.357219 17.357203 17.357197 17.357195 17.357195 17.357194 17.357192 17.357187 17.357174 17.357137 17.357037 17.356782 17.356149 17.354635 17.351136 17.343340 17.326591 17.291884 17.222527 17.088840 16.840279 16.394581 15.624560 14.346066 12.318025 9.281809 5.093233 0.000000 
50.000000 45.164372 40.591566 36.501611 33.040553 30.268051 28.164329 26.651134 25.618430 24.949081 24.536623 24.294723 24.159543 24.087481 24.050792 24.032932 24.024609 24.020891 24.019298 24.018643 24.018384 24.018285 24.018248 24.018236 24.018231 24.018230 24.018229 24.018228 24.018227 24.018222 24.018210 24.018175 24.018081 24.017840 24.017240 24.015799 24.012452 24.004951 23.988714 23.954749 23.886060 23.751603 23.496528 23.026827 22.186076 20.722528 18.250805 14.239025 8.140663 0.000000 
50.000000 46.629558 43.442295 40.591566 38.179163 36.246673 34.780317 33.725559 33.005711 32.539131 32.251614 32.082986 31.988751 31.938514 31.912936 31.900484 31.894681 31.892089 31.890979 31.890522 31.890341 31.890272 31.890247 31.890238 31.890235 31.890233 31.890233 31.890233 31.890231 31.890228 31.890218 31.890190 31.890117 31.889927 31.889454 31.888312 31.885651 31.879658 31.866604 31.839083 31.782844 31.671232 31.455474 31.047620 30.289808 28.897355 26.352541 21.721147 13.455675 0.000000 
50.000000 48.267707 46.629558 45.164372 43.924467 42.931215 42.177539 41.635410 41.265415 41.025595 40.877810 40.791133 40.742694 40.716871 40.703723 40.697322 40.694339 40.693007 40.692436 40.692201 40.692108 40.692073 40.692060 40.692055 40.692053 40.692053 40.692053 40.692052 40.692052 40.692050 40.692044 40.692029 40.691989 40.691884 40.691621 40.690988 40.689507 40.686162 40.678846 40.663338 40.631417 40.567427 40.441942 40.199606 39.734101 38.831234 37.023709 33.173883 24.133853 0.000000 
50.000000 50.000000 50.000000 50.000000 50.000000 50.000000 50.000000 50.000000 50.000000 50.000000 50.000000 50.000000 50.000000 50.000000 50.000000 50.000000 50.000000 50.000000 50.000000 50.000000 50.000000 50.000000 50.000000 50.000000 50.000000 50.000000 50.000000 50.000000 50.000000 50.000000 50.000000 50.000000 50.000000 50.000000 50.000000 50.000000 50.000000 50.000000 50.000000 50.000000 50.000000 50.000000 50.000000 50.000000 50.000000 50.000000 50.000000 50.000000 50.000000 50.000000 
