50.000000 50.000000 50.000000 50.000000 50.000000 50.000000 50.000000 50.000000 50.000000 50.000000 50.000000 50.000000 50.000000 50.000000 50.000000 50.000000 50.000000 50.000000 50.000000 50.000000 50.000000 50.000000 50.000000 50.000000 50.000000 50.000000 50.000000 50.000000 50.000000 50.000000 50.000000 50.000000 50.000000 50.000000 50.000000 50.000000 50.000000 50.000000 50.000000 50.000000 50.000000 50.000000 50.000000 50.000000 50.000000 50.000000 50.000000 50.000000 50.000000 50.000000 
50.000000 46.022334 42.539623 39.863005 38.049122 36.958840 36.373754 36.091546 35.968396 35.919474 35.901678 35.895720 35.893875 35.893344 35.893202 35.893166 35.893157 35.893155 35.893155 35.893155 35.893155 35.893155 35.893155 35.893155 35.893155 35.893155 35.893155 35.893155 35.893155 35.893155 35.893155 35.893155 35.893155 35.893155 35.893154 35.893152 35.893143 35.893105 35.892954 35.892390 35.890405 35.883836 35.863368 35.803199 35.635520 35.188373 34.028757 31.028828 23.011167 0.000000 
50.000000 42.539623 36.007714 30.987870 27.586249 25.541777 24.444738 23.915653 23.684797 23.593098 23.559748 23.548583 23.545126 23.544131 23.543864 23.543797 23.543781 23.543778 23.543777 23.543777 23.543777 23.543777 23.543777 23.543777 23.543777 23.543777 23.543777 23.543777 23.543777 23.543777 23.543777 23.543777 23.543777 23.543777 23.543776 23.543773 23.543759 23.543699 23.543464 23.542591 23.539545 23.529577 23.498998 23.411137 23.174605 22.577218 21.159686 18.003857 11.510795 0.000000 
50.000000 39.863005 30.987870 24.167646 19.546431 16.769253 15.279248 14.560746 14.247292 14.122805 14.077538 14.062387 14.057696 14.056347 14.055985 14.055894 14.055873 14.055868 14.055867 14.055867 14.055867 14.055867 14.055867 14.055867 14.055867 14.055867 14.055867 14.055867 14.055867 14.055867 14.055867 14.055867 14.055867 14.055867 14.055866 14.055863 14.055848 14.055788 14.055553 14.054686 14.051691 14.042022 14.012895 13.931272 13.719084 13.209265 12.083823 9.828184 5.834248 0.000000 
50.000000 38.049122 27.586249 19.546431 14.099358 10.826258 9.070426 8.223870 7.854614 7.707993 7.654688 7.636850 7.631328 7.629741 7.629315 7.629208 7.629182 7.629177 7.629176 7.629175 7.629175 7.629175 7.629175 7.629175 7.629175 7.629175 7.629175 7.629175 7.629175 7.629175 7.629175 7.629175 7.629175 7.629175 7.629175 7.629172 7.629161 7.629114 7.628932 7.628267 7.625993 7.618752 7.597320 7.538639 7.390724 7.049679 6.337166 5.009031 2.860750 0.000000 
50.000000 36.958840 25.541777 16.769253 10.826258 7.255537 5.340284 4.416992 4.014327 3.854466 3.796357 3.776914 3.770897 3.769168 3.768704 3.768587 3.768560 3.768554 3.768552 3.768552 3.768552 3.768552 3.768552 3.768552 3.768552 3.768552 3.768552 3.768552 3.768552 3.768552 3.768552 3.768552 3.768552 3.768552 3.768552 3.768550 3.768543 3.768513 3.768396 3.767975 3.766548 3.762061 3.748992 3.713922 3.627769 3.435534 3.050169 2.367172 1.323320 0.000000 
50.000000 36.373754 24.444738 15.279248 9.070426 5.340284 3.339706 2.375384 1.954871 1.787945 1.727276 1.706980 1.700699 1.698894 1.698410 1.698288 1.698260 1.698253 1.698252 1.698252 1.698252 1.698252 1.698252 1.698252 1.698252 1.698252 1.698252 1.698252 1.698252 1.698252 1.698252 1.698252 1.698252 1.698252 1.698251 1.698251 1.698247 1.698230 1.698166 1.697938 1.697171 1.694786 1.687933 1.669853 1.626361 1.531786 1.347976 1.033601 0.570555 0.000000 
50.000000 36.091546 23.915653 14.560746 8.223870 4.416992 2.375384 1.391350 0.962274 0.791962 0.730067 0.709363 0.702957 0.701115 0.700622 0.700498 0.700469 0.700462 0.700461 0.700461 0.700460 0.700460 0.700460 0.700460 0.700460 0.700460 0.700460 0.700460 0.700460 0.700460 0.700460 0.700460 0.700460 0.700460 0.700460 0.700460 0.700458 0.700450 0.700420 0.700311 0.699950 0.698837 0.695675 0.687451 0.668001 0.626550 0.547851 0.416655 0.228178 0.000000 
50.000000 35.968396 23.684797 14.247292 7.854614 4.014327 1.954871 0.962274 0.529482 0.357703 0.295278 0.274397 0.267937 0.266080 0.265582 0.265457 0.265428 0.265421 0.265420 0.265420 0.265420 0.265420 0.265420 0.265420 0.265420 0.265420 0.265420 0.265420 0.265420 0.265420 0.265420 0.265420 0.265420 0.265420 0.265420 0.265419 0.265418 0.265415 0.265402 0.265356 0.265205 0.264741 0.263438 0.260086 0.252265 0.235863 0.205270 0.155220 0.084560 0.000000 
50.000000 35.919474 23.593098 14.122805 7.707993 3.854466 1.787945 0.791962 0.357703 0.185345 0.122711 0.101761 0.095279 0.093417 0.092917 0.092792 0.092762 0.092756 0.092754 0.092754 0.092754 0.092754 0.092754 0.092754 0.092754 0.092754 0.092754 0.092754 0.092754 0.092754 0.092754 0.092754 0.092754 0.092754 0.092754 0.092754 0.092754 0.092752 0.092747 0.092730 0.092673 0.092498 0.092012 0.090774 0.087917 0.082000 0.071114 0.053553 0.029068 0.000000 
50.000000 35.901678 23.559748 14.077538 7.654688 3.796357 1.727276 0.730067 0.295278 0.122711 0.060002 0.039027 0.032538 0.030673 0.030173 0.030047 0.030018 0.030011 0.030010 0.030009 0.030009 0.030009 0.030009 0.030009 0.030009 0.030009 0.030009 0.030009 0.030009 0.030009 0.030009 0.030009 0.030009 0.030009 0.030009 0.030009 0.030009 0.030009 0.030007 0.030001 0.029981 0.029922 0.029756 0.029338 0.028382 0.026421 0.022853 0.017157 0.009289 0.000000 
50.000000 35.895720 23.548583 14.062387 7.636850 3.776914 1.706980 0.709363 0.274397 0.101761 0.039027 0.018044 0.011552 0.009686 0.009186 0.009060 0.009031 0.009024 0.009023 0.009023 0.009023 0.009023 0.009023 0.009023 0.009023 0.009023 0.009023 0.009023 0.009023 0.009023 0.009023 0.009023 0.009023 0.009023 0.009023 0.009023 0.009022 0.009022 0.009022 0.009020 0.009014 0.008995 0.008943 0.008813 0.008518 0.007918 0.006834 0.005119 0.002766 0.000000 
50.000000 35.893875 23.545126 14.057696 7.631328 3.770897 1.700699 0.702957 0.267937 0.095279 0.032538 0.011552 0.005059 0.003193 0.002693 0.002568 0.002538 0.002531 0.002530 0.002530 0.002530 0.002530 0.002530 0.002530 0.002530 0.002530 0.002530 0.002530 0.002530 0.002530 0.002530 0.002530 0.002530 0.002530 0.002530 0.002530 0.002530 0.002530 0.002530 0.002529 0.002527 0.002522 0.002507 0.002469 0.002385 0.002214 0.001908 0.001427 0.000770 0.000000 
50.000000 35.893344 23.544131 14.056347 7.629741 3.769168 1.698894 0.701115 0.266080 0.093417 0.030673 0.009686 0.003193 0.001327 0.000827 0.000702 0.000672 0.000665 0.000664 0.000664 0.000664 0.000664 0.000664 0.000664 0.000664 0.000664 0.000664 0.000664 0.000664 0.000664 0.000664 0.000664 0.000664 0.000664 0.000664 0.000664 0.000664 0.000664 0.000664 0.000663 0.000663 0.000662 0.000657 0.000647 0.000625 0.000580 0.000499 0.000373 0.000201 0.000000 
50.000000 35.893202 23.543864 14.055985 7.629315 3.768704 1.698410 0.700622 0.265582 0.092917 0.030173 0.009186 0.002693 0.000827 0.000327 0.000201 0.000172 0.000165 0.000164 0.000163 0.000163 0.000163 0.000163 0.000163 0.000163 0.000163 0.000163 0.000163 0.000163 0.000163 0.000163 0.000163 0.000163 0.000163 0.000163 0.000163 0.000163 0.000163 0.000163 0.000163 0.000163 0.000163 0.000162 0.000159 0.000154 0.000143 0.000123 0.000091 0.000049 0.000000 
50.000000 35.893166 23.543797 14.055894 7.629208 3.768587 1.698288 0.700498 0.265457 0.092792 0.030047 0.009060 0.002568 0.000702 0.000201 0.000076 0.000046 0.000040 0.000038 0.000038 0.000038 0.000038 0.000038 0.000038 0.000038 0.000038 0.000038 0.000038 0.000038 0.000038 0.000038 0.000038 0.000038 0.000038 0.000038 0.000038 0.000038 0.000038 0.000038 0.000038 0.000038 0.000038 0.000038 0.000037 0.000036 0.000033 0.000028 0.000021 0.000011 0.000000 
50.000000 35.893157 23.543781 14.055873 7.629182 3.768560 1.698260 0.700469 0.265428 0.092762 0.030018 0.009031 0.002538 0.000672 0.000172 0.000046 0.000017 0.000010 0.000009 0.000008 0.000008 0.000008 0.000008 0.000008 0.000008 0.000008 0.000008 0.000008 0.000008 0.000008 0.000008 0.000008 0.000008 0.000008 0.000008 0.000008 0.000008 0.000008 0.000008 0.000008 0.000008 0.000008 0.000008 0.000008 0.000008 0.000007 0.000006 0.000005 0.000002 0.000000 
50.000000 35.893155 23.543778 14.055868 7.629177 3.768554 1.698253 0.700462 0.265421 0.092756 0.030011 0.009024 0.002531 0.000665 0.000165 0.000040 0.000010 0.000003 0.000002 0.000002 0.000002 0.000002 0.000002 0.000002 0.000002 0.000002 0.000002 0.000002 0.000002 0.000002 0.000002 0.000002 0.000002 0.000002 0.000002 0.000002 0.000002 0.000002 0.000002 0.000002 0.000002 0.000002 0.000002 0.000002 0.000002 0.000001 0.000001 0.000001 0.000001 0.000000 
50.000000 35.893155 23.543777 14.055867 7.629176 3.768552 1.698252 0.700461 0.265420 0.092754 0.030010 0.009023 0.002530 0.000664 0.000164 0.000038 0.000009 0.000002 0.000001 0.000000 0.000000 0.000000 0.000000 0.000000 0.000000 0.000000 0.000000 0.000000 0.000000 0.000000 0.000000 0.000000 0.000000 0.000000 0.000000 0.000000 0.000000 0.000000 0.000000 0.000000 0.000000 0.000000 0.000000 0.000000 0.000000 0.000000 0.000000 0.000000 0.000000 0.000000 
50.000000 35.893155 23.543777 14.055867 7.629175 3.768552 1.698252 0.700461 0.265420 0.092754 0.030009 0.009023 0.002530 0.000664 0.000163 0.000038 0.000008 0.000002 0.000000 0.000000 0.000000 0.000000 0.000000 0.000000 0.000000 0.000000 0.000000 0.000000 0.000000 0.000000 0.000000 0.000000 0.000000 0.000000 0.000000 0.000000 0.000000 0.000000 0.000000 0.000000 0.000000 0.000000 0.000000 0.000000 0.000000 0.000000 0.000000 0.000000 0.000000 0.000000 
50.000000 35.893155 23.543777 14.055867 7.629175 3.768552 1.698252 0.700460 0.265420 0.092754 0.030009 0.009023 0.002530 0.000664 0.000163 0.000038 0.000008 0.000002 0.000000 0.000000 0.000000 0.000000 0.000000 0.000000 0.000000 0.000000 0.000000 0.000000 0.000000 0.000000 0.000000 0.000000 0.000000 0.000000 0.000000 0.000000 0.000000 0.000000 0.000000 0.000000 0.000000 0.000000 0.000000 0.000000 0.000000 0.000000 0.000000 0.000000 0.000000 0.000000 
50.000000 35.893155 23.543777 14.055867 7.629175 3.768552 1.698252 0.700460 0.265420 0.092754 0.030009 0.009023 0.002530 0.000664 0.000163 0.000038 0.000008 0.000002 0.000000 0.000000 0.000000 0.000000 0.000000 0.000000 0.000000 0.000000 0.000000 0.000000 0.000000 0.000000 0.000000 0.000000 0.000000 0.000000 0.000000 0.000000 0.000000 0.000000 0.000000 0.000000 0.000000 0.000000 0.000000 0.000000 0.000000 0.000000 0.000000 0.000000 0.000000 0.000000 
50.000000 35.893155 23.543777 14.055867 7.629175 3.768552 1.698252 0.700460 0.265420 0.092754 0.030009 0.009023 0.002530 0.000664 0.000163 0.000038 0.000008 0.000002 0.000000 0.000000 0.000000 0.000000 0.000000 0.000000 0.000000 0.000000 0.000000 0.000000 0.000000 0.000000 0.000000 0.000000 0.000000 0.000000 0.000000 0.000000 0.000000 0.000000 0.000000 0.000000 0.000000 0.000000 0.000000 0.000000 0.000000 0.000000 0.000000 0.000000 0.000000 0.000000 
50.000000 35.893155 23.543777 14.055867 7.629175 3.768552 1.698252 0.700460 0.265420 0.092754 0.030009 0.009023 0.002530 0.000664 0.000163 0.000038 0.000008 0.000002 0.000000 0.000000 0.000000 0.000000 0.000000 0.000000 0.000000 0.000000 0.000000 0.000000 0.000000 0.000000 0.000000 0.000000 0.000000 0.000000 0.000000 0.000000 0.000000 0.000000 0.000000 0.000000 0.000000 0.000000 0.000000 0.000000 0.000000 0.000000 0.000000 0.000000 0.000000 0.000000 
50.000000 35.893155 23.543777 14.055867 7.629175 3.768552 1.698252 0.700460 0.265420 0.092754 0.030009 0.009023 0.002530 0.000664 0.000163 0.000038 0.000008 0.000002 0.000000 0.000000 0.000000 0.000000 0.000000 0.000000 0.000000 0.000000 0.000000 0.000000 0.000000 0.000000 0.000000 0.000000 0.000000 0.000000 0.000000 0.000000 0.000000 0.000000 0.000000 0.000000 0.000000 0.000000 0.000000 0.000000 0.000000 0.000000 0.000000 0.000000 0.000000 0.000000 
50.000000 35.893155 23.543777 14.055867 7.629175 3.768552 1.698252 0.700460 0.265420 0.092754 0.030009 0.009023 0.002530 0.000664 0.000163 0.000038 0.000008 0.000002 0.000000 0.000000 0.000000 0.000000 0.000000 0.000000 0.000000 0.000000 0.000000 0.000000 0.000000 0.000000 0.000000 0.000000 0.000000 0.000000 0.000000 0.000000 0.000000 0.000000 0.000000 0.000000 0.000000 0.000000 0.000000 0.000000 0.000000 0.000000 0.000000 0.000000 0.000000 0.000000 
50.000000 35.893155 23.543777 14.055867 7.629175 3.768552 1.698252 0.700460 0.265420 0.092754 0.030009 0.009023 0.002530 0.000664 0.000163 0.000038 0.000008 0.000002 0.000000 0.000000 0.000000 0.000000 0.000000 0.000000 0.000000 0.000000 0.000000 0.000000 0.000000 0.000000 0.000000 0.000000 0.000000 0.000000 0.000000 0.000000 0.000000 0.000000 0.000000 0.000000 0.000000 0.000000 0.000000 0.000000 0.000000 0.000000 0.000000 0.000000 0.000000 0.000000 
50.000000 35.893155 23.543777 14.055867 7.629175 3.768552 1.698252 0.700460 0.265420 0.092754 0.030009 0.009023 0.002530 0.000664 0.000163 0.000038 0.000008 0.000002 0.000000 0.000000 0.000000 0.000000 0.000000 0.000000 0.000000 0.000000 0.000000 0.000000 0.000000 0.000000 0.000000 0.000000 0.000000 0.000000 0.000000 0.000000 0.000000 0.000000 0.000000 0.000000 0.000000 0.000000 0.000000 0.000000 0.000000 0.000000 0.000000 0.000000 0.000000 0.000000 
50.000000 35.893155 23.543777 14.055867 7.629175 3.768552 1.698252 0.700460 0.265420 0.092754 0.030009 0.009023 0.002530 0.000664 0.000163 0.000038 0.000008 0.000002 0.000000 0.000000 0.000000 0.000000 0.000000 0.000000 0.000000 0.000000 0.000000 0.000000 0.000000 0.000000 0.000000 0.000000 0.000000 0.000000 0.000000 0.000000 0.000000 0.000000 0.000000 0.000000 0.000000 0.000000 0.000000 0.000000 0.000000 0.000000 0.000000 0.000000 0.000000 0.000000 
50.000000 35.893155 23.543777 14.055867 7.629175 3.768552 1.698252 0.700460 0.265420 0.092754 0.030009 0.009023 0.002530 0.000664 0.000163 0.000038 0.000008 0.000002 0.000000 0.000000 0.000000 0.000000 0.000000 0.000000 0.000000 0.000000 0.000000 0.000000 0.000000 0.000000 0.000000 0.000000 0.000000 0.000000 0.000000 0.000000 0.000000 0.000000 0.000000 0.000000 0.000000 0.000000 0.000000 0.000000 0.000000 0.000000 0.000000 0.000000 0.000000 0.000000 
50.000000 35.893155 23.543777 14.055867 7.629175 3.768552 1.698252 0.700461 0.265420 0.092754 0.030009 0.009023 0.002530 0.000664 0.000163 0.000038 0.000008 0.000002 0.000000 0.000000 0.000000 0.000000 0.000000 0.000000 0.000000 0.000000 0.000000 0.000000 0.000000 0.000000 0.000000 0.000000 0.000000 0.000000 0.000000 0.000000 0.000000 0.000000 0.000000 0.000000 0.000000 0.000000 0.000000 0.000000 0.000000 0.000000 0.000000 0.000000 0.000000 0.000000 
50.000000 35.893155 23.543777 14.055867 7.629176 3.768552 1.698252 0.700461 0.265420 0.092754 0.030010 0.009023 0.002530 0.000664 0.000164 0.000038 0.000009 0.000002 0.000001 0.000000 0.000000 0.000000 0.000000 0.000000 0.000000 0.000000 0.000000 0.000000 0.000000 0.000000 0.000000 0.000000 0.000000 0.000000 0.000000 0.000000 0.000000 0.000000 0.000000 0.000000 0.000000 0.000000 0.000000 0.000000 0.000000 0.000000 0.000000 0.000000 0.000000 0.000000 
50.000000 35.893155 23.543778 14.055868 7.629177 3.768554 1.698253 0.700462 0.265421 0.092756 0.030011 0.009024 0.002531 0.000665 0.000165 0.000040 0.000010 0.000003 0.000002 0.000002 0.000002 0.000002 0.000002 0.000002 0.000002 0.000002 0.000002 0.000002 0.000002 0.000002 0.000002 0.000002 0.000002 0.000002 0.000002 0.000002 0.000002 0.000002 0.000002 0.000002 0.000002 0.000002 0.000002 0.000002 0.000002 0.000001 0.000001 0.000001 0.000001 0.000000 
50.000000 35.893157 23.543781 14.055873 7.629182 3.768560 1.698260 0.700469 0.265428 0.092762 0.030018 0.009031 0.002538 0.000672 0.000172 0.000046 0.000017 0.000010 0.000009 0.000008 0.000008 0.000008 0.000008 0.000008 0.000008 0.000008 0.000008 0.000008 0.000008 0.000008 0.000008 0.000008 0.000008 0.000008 0.000008 0.000008 0.000008 0.000008 0.000008 0.000008 0.000008 0.000008 0.000008 0.000008 0.000008 0.000007 0.000006 0.000005 0.000002 0.000000 
50.000000 35.893166 23.543797 14.055894 7.629208 3.768587 1.698288 0.700498 0.265457 0.092792 0.030047 0.009060 0.002568 0.000702 0.000201 0.000076 0.000046 0.000040 0.000038 0.000038 0.000038 0.000038 0.000038 0.000038 0.000038 0.000038 0.000038 0.000038 0.000038 0.000038 0.000038 0.000038 0.000038 0.000038 0.000038 0.000038 0.000038 0.000038 0.000038 0.000038 0.000038 0.000038 0.000038 0.000037 0.000036 0.000033 0.000028 0.000021 0.000011 0.000000 
50.000000 35.893202 23.543864 14.055985 7.629315 3.768704 1.698410 0.700622 0.265582 0.092917 0.030173 0.009186 0.002693 0.000827 0.000327 0.000201 0.000172 0.000165 0.000164 0.000163 0.000163 0.000163 0.000163 0.000163 0.000163 0.000163 0.000163 0.000163 0.000163 0.000163 0.000163 0.000163 0.000163 0.000163 0.000163 0.000163 0.000163 0.000163 0.000163 0.000163 0.000163 0.000163 0.000162 0.000159 0.000154 0.000143 0.000123 0.000091 0.000049 0.000000 
50.000000 35.893344 23.544131 14.056347 7.629741 3.769168 1.698894 0.701115 0.266080 0.093417 0.030673 0.009686 0.003193 0.001327 0.000827 0.000702 0.000672 0.000665 0.000664 0.000664 0.000664 0.000664 0.000664 0.000664 0.000664 0.000664 0.000664 0.000664 0.000664 0.000664 0.000664 0.000664 0.000664 0.000664 0.000664 0.000664 0.000664 0.000664 0.000664 0.000663 0.000663 0.000662 0.000657 0.000647 0.000625 0.000580 0.000499 0.000373 0.000201 0.000000 
50.000000 35.893875 23.545126 14.057696 7.631328 3.770897 1.700699 0.702957 0.267937 0.095279 0.032538 0.011552 0.005059 0.003193 0.002693 0.002568 0.002538 0.002531 0.002530 0.002530 0.002530 0.002530 0.002530 0.002530 0.002530 0.002530 0.002530 0.002530 0.002530 0.002530 0.002530 0.002530 0.002530 0.002530 0.002530 0.002530 0.002530 0.002530 0.002530 0.002529 0.002527 0.002522 0.002507 0.002469 0.002385 0.002214 0.001908 0.001427 0.000770 0.000000 
50.000000 35.895720 23.548583 14.062387 7.636850 3.776914 1.706980 0.709363 0.274397 0.101761 0.039027 0.018044 0.011552 0.009686 0.009186 0.009060 0.009031 0.009024 0.009023 0.009023 0.009023 0.009023 0.009023 0.009023 0.009023 0.009023 0.009023 0.009023 0.009023 0.009023 0.009023 0.009023 0.009023 0.009023 0.009023 0.009023 0.009022 0.009022 0.009022 0.009020 0.009014 0.008995 0.008943 0.008813 0.008518 0.007918 0.006834 0.005119 0.002766 0.000000 
50.000000 35.901678 23.559748 14.077538 7.654688 3.796357 1.727276 0.730067 0.295278 0.122711 0.060002 0.039027 0.032538 0.030673 0.030173 0.030047 0.030018 0.030011 0.030010 0.030009 0.030009 0.030009 0.030009 0.030009 0.030009 0.030009 0.030009 0.030009 0.030009 0.030009 0.030009 0.030009 0.030009 0.030009 0.030009 0.030009 0.030009 0.030009 0.030007 0.030001 0.029981 0.029922 0.029756 0.029338 0.028382 0.026421 0.022853 0.017157 0.009289 0.000000 
50.000000 35.919474 23.593098 14.122805 7.707993 3.854466 1.787945 0.791962 0.357703 0.185345 0.122711 0.101761 0.095279 0.093417 0.092917 0.092792 0.092762 0.092756 0.092754 0.092754 0.092754 0.092754 0.092754 0.092754 0.092754 0.092754 0.092754 0.092754 0.092754 0.092754 0.092754 0.092754 0.092754 0.092754 0.092754 0.092754 0.092754 0.092752 0.092747 0.092730 0.092673 0.092498 0.092012 0.090774 0.087917 0.082000 0.071114 0.053553 0.029068 0.000000 
50.000000 35.968396 23.684797 14.247292 7.854614 4.014327 1.954871 0.962274 0.529482 0.357703 0.295278 0.274397 0.267937 0.266080 0.265582 0.265457 0.265428 0.265421 0.265420 0.265420 0.265420 0.265420 0.265420 0.265420 0.265420 0.265420 0.265420 0.265420 0.265420 0.265420 0.265420 0.265420 0.265420 0.265420 0.265420 0.265419 0.265418 0.265415 0.265402 0.265356 0.265205 0.264741 0.263438 0.260086 0.252265 0.235863 0.205270 0.155220 0.084560 0.000000 
50.000000 36.091546 23.915653 14.560746 8.223870 4.416992 2.375384 1.391350 0.962274 0.791962 0.730067 0.709363 0.702957 0.701115 0.700622 0.700498 0.700469 0.700462 0.700461 0.700461 0.700460 0.700460 0.700460 0.700460 0.700460 0.700460 0.700460 0.700460 0.700460 0.700460 0.700460 0.700460 0.700460 0.700460 0.700460 0.700460 0.700458 0.700450 0.700420 0.700311 0.699950 0.698837 0.695675 0.687451 0.668001 0.626550 0.547851 0.416655 0.228178 0.000000 
50.000000 36.373754 24.444738 15.279248 9.070426 5.340284 3.339706 2.375384 1.954871 1.787945 1.727276 1.706980 1.700699 1.698894 1.698410 1.698288 1.698260 1.698253 1.698252 1.698252 1.698252 1.698252 1.698252 1.698252 1.698252 1.698252 1.698252 1.698252 1.698252 1.698252 1.698252 1.698252 1.698252 1.698252 1.698251 1.698251 1.698247 1.698230 1.698166 1.697938 1.697171 1.694786 1.687933 1.669853 1.626361 1.531786 1.347976 1.033601 0.570555 0.000000 
50.000000 36.958840 25.541777 16.769253 10.826258 7.255537 5.340284 4.416992 4.014327 3.854466 3.796357 3.776914 3.770897 3.769168 3.768704 3.768587 3.768560 3.768554 3.768552 3.768552 3.768552 3.768552 3.768552 3.768552 3.768552 3.768552 3.768552 3.768552 3.768552 3.768552 3.768552 3.768552 3.768552 3.768552 3.768552 3.768550 3.768543 3.768513 3.768396 3.767975 3.766548 3.762061 3.748992 3.713922 3.627769 3.435534 3.050169 2.367172 1.323320 0.000000 
50.000000 38.049122 27.586249 19.546431 14.099358 10.826258 9.070426 8.223870 7.854614 7.707993 7.654688 7.636850 7.631328 7.629741 7.629315 7.629208 7.629182 7.629177 7.629176 7.629175 7.629175 7.629175 7.629175 7.629175 7.629175 7.629175 7.629175 7.629175 7.629175 7.629175 7.629175 7.629175 7.629175 7.629175 7.629175 7.629172 7.629161 7.629114 7.628932 7.628267 7.625993 7.618752 7.597320 7.538639 7.390724 7.049679 6.337166 5.009031 2.860750 0.000000 
50.000000 39.863005 30.987870 24.167646 19.546431 16.769253 15.279248 14.560746 14.247292 14.122805 14.077538 14.062387 14.057696 14.056347 14.055985 14.055894 14.055873 14.055868 14.055867 14.055867 14.055867 14.055867 14.055867 14.055867 14.055867 14.055867 14.055867 14.055867 14.055867 14.055867 14.055867 14.055867 14.055867 14.055867 14.055866 14.055863 14.055848 14.055788 14.055553 14.054686 14.051691 14.042022 14.012895 13.931272 13.719084 13.209265 12.083823 9.828184 5.834248 0.000000 
50.000000 42.539623 36.007714 30.987870 27.586249 25.541777 24.444738 23.915653 23.684797 23.593098 23.559748 23.548583 23.545126 23.544131 23.543864 23.543797 23.543781 23.543778 23.543777 23.543777 23.543777 23.543777 23.543777 23.543777 23.543777 23.543777 23.543777 23.543777 23.543777 23.543777 23.543777 23.543777 23.543777 23.543777 23.543776 23.543773 23.543759 23.543699 23.543464 23.542591 23.539545 23.529577 23.498998 23.411137 23.174605 22.577218 21.159686 18.003857 11.510795 0.000000 
50.000000 46.022334 42.539623 39.863005 38.049122 36.958840 36.373754 36.091546 35.968396 35.919474 35.901678 35.895720 35.893875 35.893344 35.893202 35.893166 35.893157 35.893155 35.893155 35.893155 35.893155 35.893155 35.893155 35.893155 35.893155 35.893155 35.893155 35.893155 35.893155 35.893155 35.893155 35.893155 35.893155 35.893155 35.893154 35.893152 35.893143 35.893105 35.892954 35.892390 35.890405 35.883836 35.863368 35.803199 35.635520 35.188373 34.028757 31.028828 23.011167 0.000000 
50.000000 50.000000 50.000000 50.000000 50.000000 50.000000 50.000000 50.000000 50.000000 50.000000 50.000000 50.000000 50.000000 50.000000 50.000000 50.000000 50.000000 50.000000 50.000000 50.000000 50.000000 50.000000 50.000000 50.000000 50.000000 50.000000 50.000000 50.000000 50.000000 50.000000 50.000000 50.000000 50.000000 50.000000 50.000000 50.000000 50.000000 50.000000 50.000000 50.000000 50.000000 50.000000 50.000000 50.000000 50.000000 50.000000 50.000000 50.000000 50.000000 50.000000 
