50.000000 50.000000 50.000000 50.000000 50.000000 50.000000 50.000000 50.000000 50.000000 50.000000 50.000000 50.000000 50.000000 50.000000 50.000000 50.000000 50.000000 50.000000 50.000000 50.000000 50.000000 50.000000 50.000000 50.000000 50.000000 50.000000 50.000000 50.000000 50.000000 50.000000 50.000000 50.000000 50.000000 50.000000 50.000000 50.000000 50.000000 50.000000 50.000000 50.000000 50.000000 50.000000 50.000000 50.000000 50.000000 50.000000 50.000000 50.000000 50.000000 50.000000 
50.000000 48.370545 46.824397 45.432102 44.241942 43.275769 42.530499 41.983907 41.602467 41.348976 41.188409 41.091377 41.035378 41.004485 40.988176 40.979929 40.975930 40.974068 40.973236 40.972878 40.972730 40.972671 40.972648 40.972639 40.972636 40.972635 40.972635 40.972634 40.972633 40.972630 40.972621 40.972596 40.972534 40.972381 40.972012 40.971155 40.969224 40.965011 40.956095 40.937773 40.901128 40.829581 40.692585 40.433576 39.945122 39.012263 37.167553 33.274011 24.185273 0.000000 
50.000000 46.824397 43.811152 41.097757 38.778303 36.895379 35.442972 34.377764 33.634414 33.140417 32.827511 32.638420 32.529296 32.469095 32.437315 32.421244 32.413452 32.409825 32.408203 32.407505 32.407216 32.407101 32.407057 32.407040 32.407034 32.407032 32.407031 32.407030 32.407028 32.407022 32.407005 32.406961 32.406848 32.406569 32.405899 32.404345 32.400855 32.393264 32.377264 32.344560 32.279622 32.154090 31.917134 31.478572 30.678490 29.230797 26.617492 21.905576 13.550386 0.000000 
50.000000 45.432102 41.097757 37.194741 33.858403 31.150000 29.060875 27.528713 26.459517 25.748989 25.298937 25.026974 24.870027 24.783446 24.737741 24.714629 24.703422 24.698206 24.695874 24.694871 24.694456 24.694290 24.694226 24.694202 24.694194 24.694191 24.694189 24.694188 24.694185 24.694177 24.694156 24.694099 24.693954 24.693596 24.692740 24.690759 24.686328 24.676737 24.656648 24.615907 24.535840 24.383181 24.100381 23.590516 22.694480 21.158680 18.597370 14.480265 8.264549 0.000000 
50.000000 44.241942 38.778303 33.858403 29.652858 26.238879 23.605546 21.674293 20.326623 19.431056 18.863812 18.521039 18.323235 18.214117 18.156517 18.127391 18.113268 18.106696 18.103757 18.102493 18.101970 18.101761 18.101680 18.101651 18.101640 18.101636 18.101634 18.101633 18.101630 18.101621 18.101598 18.101537 18.101381 18.100997 18.100082 18.097974 18.093282 18.083185 18.062196 18.020028 17.938144 17.784415 17.505325 17.015398 16.184494 14.826429 12.699723 9.547507 5.229679 0.000000 
50.000000 43.275769 36.895379 31.150000 26.238879 22.252178 19.177131 16.921972 15.348306 14.302583 13.640250 13.240027 13.009078 12.881680 12.814432 12.780428 12.763942 12.756270 12.752839 12.751364 12.750753 12.750509 12.750415 12.750381 12.750368 12.750364 12.750362 12.750360 12.750357 12.750349 12.750327 12.750269 12.750120 12.749757 12.748893 12.746913 12.742530 12.733162 12.713845 12.675428 12.601754 12.465588 12.223202 11.808172 11.126089 10.054385 8.455519 6.216889 3.330647 0.000000 
50.000000 42.530499 35.442972 29.060875 23.605546 19.177131 15.761431 13.256496 11.508572 10.347081 9.611443 9.166939 8.910444 8.768959 8.694278 8.656518 8.638211 8.629692 8.625883 8.624244 8.623566 8.623296 8.623191 8.623153 8.623139 8.623134 8.623132 8.623131 8.623128 8.623121 8.623102 8.623051 8.622924 8.622611 8.621873 8.620188 8.616479 8.608610 8.592519 8.560839 8.500829 8.391561 8.200571 7.880716 7.368958 6.590147 5.470359 3.964400 2.096923 0.000000 
50.000000 41.983907 34.377764 27.528713 21.674293 16.921972 13.256496 10.568433 8.692764 7.446415 6.657053 6.180100 5.904889 5.753086 5.672961 5.632450 5.612810 5.603670 5.599584 5.597827 5.597099 5.596809 5.596697 5.596656 5.596641 5.596636 5.596634 5.596632 5.596630 5.596624 5.596609 5.596569 5.596468 5.596221 5.595640 5.594322 5.591437 5.585358 5.573031 5.548998 5.503998 5.423184 5.284216 5.055925 4.698769 4.168969 3.428332 2.460630 1.291322 0.000000 
50.000000 41.602467 33.634414 26.459517 20.326623 15.348306 11.508572 8.692764 6.727993 5.422466 4.595644 4.096068 3.807812 3.648817 3.564899 3.522471 3.501903 3.492332 3.488053 3.486213 3.485451 3.485147 3.485030 3.484987 3.484971 3.484966 3.484964 3.484962 3.484961 3.484956 3.484945 3.484915 3.484841 3.484660 3.484236 3.483278 3.481194 3.476832 3.468056 3.451104 3.419699 3.363997 3.269580 3.117010 2.882718 2.542208 2.076336 1.480323 0.772886 0.000000 
50.000000 41.348976 33.140417 25.748989 19.431056 14.302583 10.347081 7.446415 5.422466 4.077641 3.225946 2.711353 2.414439 2.250673 2.164238 2.120540 2.099356 2.089498 2.085091 2.083196 2.082412 2.082099 2.081978 2.081934 2.081918 2.081912 2.081910 2.081909 2.081908 2.081905 2.081897 2.081877 2.081825 2.081701 2.081412 2.080761 2.079352 2.076424 2.070576 2.059373 2.038821 2.002768 1.942417 1.846251 1.700828 1.492911 1.213149 0.860795 0.447849 0.000000 
50.000000 41.188409 32.827511 25.298937 18.863812 13.640250 9.611443 6.657053 4.595644 3.225946 2.358512 1.834419 1.532028 1.365245 1.277219 1.232718 1.211145 1.201107 1.196619 1.194689 1.193890 1.193572 1.193449 1.193404 1.193387 1.193382 1.193380 1.193379 1.193378 1.193376 1.193371 1.193358 1.193324 1.193244 1.193059 1.192643 1.191748 1.189899 1.186230 1.179256 1.166573 1.144540 1.108055 1.050604 0.964822 0.843784 0.683031 0.482951 0.250637 0.000000 
50.000000 41.091377 32.638420 25.026974 18.521039 13.240027 9.166939 6.180100 4.096068 2.711353 1.834419 1.304592 0.998897 0.830293 0.741309 0.696323 0.674515 0.664368 0.659832 0.657882 0.657074 0.656752 0.656628 0.656582 0.656566 0.656560 0.656558 0.656557 0.656557 0.656555 0.656552 0.656544 0.656524 0.656475 0.656363 0.656112 0.655575 0.654472 0.652296 0.648189 0.640778 0.628012 0.607069 0.574420 0.526182 0.458843 0.370326 0.261156 0.135281 0.000000 
50.000000 41.035378 32.529296 24.870027 18.323235 13.009078 8.910444 5.904889 3.807812 2.414439 1.532028 0.998897 0.691299 0.521647 0.432110 0.386845 0.364903 0.354693 0.350129 0.348166 0.347354 0.347030 0.346905 0.346859 0.346842 0.346837 0.346835 0.346834 0.346833 0.346833 0.346831 0.346826 0.346814 0.346786 0.346722 0.346579 0.346274 0.345649 0.344425 0.342130 0.338015 0.330980 0.319531 0.301834 0.275916 0.240050 0.193290 0.136033 0.070368 0.000000 
50.000000 41.004485 32.469095 24.783446 18.214117 12.881680 8.768959 5.753086 3.648817 2.250673 1.365245 0.830293 0.521647 0.351418 0.261577 0.216159 0.194142 0.183898 0.179318 0.177349 0.176534 0.176209 0.176084 0.176038 0.176021 0.176015 0.176013 0.176013 0.176012 0.176012 0.176011 0.176008 0.176002 0.175987 0.175951 0.175874 0.175709 0.175373 0.174718 0.173497 0.171320 0.167623 0.161649 0.152480 0.139150 0.120836 0.097118 0.068240 0.035261 0.000000 
50.000000 40.988176 32.437315 24.737741 18.156517 12.814432 8.694278 5.672961 3.564899 2.164238 1.277219 0.741309 0.432110 0.261577 0.171576 0.126077 0.104021 0.093759 0.089172 0.087199 0.086383 0.086057 0.085932 0.085885 0.085868 0.085863 0.085861 0.085860 0.085860 0.085859 0.085859 0.085858 0.085854 0.085846 0.085828 0.085788 0.085703 0.085531 0.085197 0.084577 0.083478 0.081621 0.078639 0.074090 0.067518 0.058542 0.046981 0.032970 0.017021 0.000000 
50.000000 40.979929 32.421244 24.714629 18.127391 12.780428 8.656518 5.632450 3.522471 2.120540 1.232718 0.696323 0.386845 0.216159 0.126077 0.080537 0.058462 0.048191 0.043599 0.041625 0.040808 0.040482 0.040356 0.040310 0.040293 0.040287 0.040285 0.040285 0.040284 0.040284 0.040284 0.040283 0.040282 0.040278 0.040269 0.040249 0.040207 0.040123 0.039960 0.039659 0.039128 0.038236 0.036809 0.034646 0.031535 0.027308 0.021889 0.015345 0.007917 0.000000 
50.000000 40.975930 32.413452 24.703422 18.113268 12.763942 8.638211 5.612810 3.501903 2.099356 1.211145 0.674515 0.364903 0.194142 0.104021 0.058462 0.036378 0.026102 0.021508 0.019533 0.018715 0.018389 0.018264 0.018217 0.018201 0.018195 0.018193 0.018192 0.018192 0.018192 0.018192 0.018191 0.018191 0.018189 0.018185 0.018175 0.018156 0.018116 0.018040 0.017900 0.017654 0.017243 0.016589 0.015600 0.014186 0.012271 0.009826 0.006883 0.003549 0.000000 
50.000000 40.974068 32.409825 24.698206 18.106696 12.756270 8.629692 5.603670 3.492332 2.089498 1.201107 0.664368 0.354693 0.183898 0.093759 0.048191 0.026102 0.015824 0.011230 0.009254 0.008436 0.008110 0.007985 0.007938 0.007921 0.007916 0.007914 0.007913 0.007913 0.007913 0.007913 0.007912 0.007912 0.007911 0.007909 0.007905 0.007896 0.007879 0.007845 0.007782 0.007673 0.007491 0.007202 0.006768 0.006149 0.005315 0.004252 0.002976 0.001534 0.000000 
50.000000 40.973236 32.408203 24.695874 18.103757 12.752839 8.625883 5.599584 3.488053 2.085091 1.196619 0.659832 0.350129 0.179318 0.089172 0.043599 0.021508 0.011230 0.006634 0.004659 0.003841 0.003515 0.003389 0.003343 0.003326 0.003320 0.003318 0.003318 0.003317 0.003317 0.003317 0.003317 0.003317 0.003317 0.003316 0.003314 0.003310 0.003303 0.003288 0.003261 0.003215 0.003137 0.003015 0.002831 0.002571 0.002220 0.001775 0.001242 0.000640 0.000000 
50.000000 40.972878 32.407505 24.694871 18.102493 12.751364 8.624244 5.597827 3.486213 2.083196 1.194689 0.657882 0.348166 0.177349 0.087199 0.041625 0.019533 0.009254 0.004659 0.002683 0.001865 0.001539 0.001413 0.001367 0.001350 0.001344 0.001342 0.001342 0.001342 0.001342 0.001341 0.001341 0.001341 0.001341 0.001341 0.001340 0.001339 0.001335 0.001329 0.001318 0.001299 0.001267 0.001217 0.001143 0.001037 0.000895 0.000715 0.000500 0.000258 0.000000 
50.000000 40.972730 32.407216 24.694456 18.101970 12.750753 8.623566 5.597099 3.485451 2.082412 1.193890 0.657074 0.347354 0.176534 0.086383 0.040808 0.018715 0.008436 0.003841 0.001865 0.001047 0.000721 0.000596 0.000549 0.000532 0.000527 0.000525 0.000524 0.000524 0.000524 0.000524 0.000524 0.000524 0.000524 0.000523 0.000523 0.000523 0.000521 0.000519 0.000514 0.000507 0.000494 0.000475 0.000445 0.000404 0.000348 0.000278 0.000194 0.000100 0.000000 
50.000000 40.972671 32.407101 24.694290 18.101761 12.750509 8.623296 5.596809 3.485147 2.082099 1.193572 0.656752 0.347030 0.176209 0.086057 0.040482 0.018389 0.008110 0.003515 0.001539 0.000721 0.000395 0.000270 0.000223 0.000206 0.000200 0.000198 0.000198 0.000198 0.000198 0.000198 0.000198 0.000198 0.000198 0.000197 0.000197 0.000197 0.000197 0.000196 0.000194 0.000191 0.000186 0.000179 0.000168 0.000152 0.000131 0.000105 0.000073 0.000038 0.000000 
50.000000 40.972648 32.407057 24.694226 18.101681 12.750416 8.623192 5.596698 3.485030 2.081979 1.193450 0.656629 0.346906 0.176084 0.085932 0.040357 0.018264 0.007985 0.003390 0.001414 0.000596 0.000270 0.000144 0.000098 0.000081 0.000075 0.000073 0.000073 0.000072 0.000072 0.000072 0.000072 0.000072 0.000072 0.000072 0.000072 0.000072 0.000072 0.000072 0.000071 0.000070 0.000068 0.000065 0.000061 0.000056 0.000048 0.000038 0.000027 0.000014 0.000000 
50.000000 40.972640 32.407041 24.694203 18.101651 12.750381 8.623154 5.596657 3.484987 2.081935 1.193405 0.656583 0.346860 0.176039 0.085886 0.040311 0.018218 0.007939 0.003344 0.001368 0.000550 0.000224 0.000098 0.000052 0.000035 0.000029 0.000027 0.000027 0.000026 0.000026 0.000026 0.000026 0.000026 0.000026 0.000026 0.000026 0.000026 0.000026 0.000026 0.000026 0.000025 0.000025 0.000024 0.000022 0.000020 0.000017 0.000014 0.000010 0.000005 0.000000 
50.000000 40.972637 32.407035 24.694195 18.101642 12.750370 8.623141 5.596643 3.484974 2.081920 1.193390 0.656569 0.346845 0.176024 0.085871 0.040296 0.018203 0.007924 0.003329 0.001353 0.000535 0.000209 0.000084 0.000037 0.000020 0.000014 0.000012 0.000012 0.000012 0.000012 0.000012 0.000012 0.000012 0.000012 0.000012 0.000012 0.000012 0.000011 0.000011 0.000011 0.000011 0.000011 0.000010 0.000010 0.000009 0.000008 0.000006 0.000004 0.000002 0.000000 
50.000000 40.972637 32.407035 24.694195 18.101642 12.750370 8.623141 5.596643 3.484974 2.081920 1.193390 0.656569 0.346845 0.176024 0.085871 0.040296 0.018203 0.007924 0.003329 0.001353 0.000535 0.000209 0.000084 0.000037 0.000020 0.000014 0.000012 0.000012 0.000012 0.000012 0.000012 0.000012 0.000012 0.000012 0.000012 0.000012 0.000012 0.000011 0.000011 0.000011 0.000011 0.000011 0.000010 0.000010 0.000009 0.000008 0.000006 0.000004 0.000002 0.000000 
50.000000 40.972640 32.407041 24.694203 18.101651 12.750381 8.623154 5.596657 3.484987 2.081935 1.193405 0.656583 0.346860 0.176039 0.085886 0.040311 0.018218 0.007939 0.003344 0.001368 0.000550 0.000224 0.000098 0.000052 0.000035 0.000029 0.000027 0.000027 0.000026 0.000026 0.000026 0.000026 0.000026 0.000026 0.000026 0.000026 0.000026 0.000026 0.000026 0.000026 0.000025 0.000025 0.000024 0.000022 0.000020 0.000017 0.000014 0.000010 0.000005 0.000000 
50.000000 40.972648 32.407057 24.694226 18.101681 12.750416 8.623192 5.596698 3.485030 2.081979 1.193450 0.656629 0.346906 0.176084 0.085932 0.040357 0.018264 0.007985 0.003390 0.001414 0.000596 0.000270 0.000144 0.000098 0.000081 0.000075 0.000073 0.000073 0.000072 0.000072 0.000072 0.000072 0.000072 0.000072 0.000072 0.000072 0.000072 0.000072 0.000072 0.000071 0.000070 0.000068 0.000065 0.000061 0.000056 0.000048 0.000038 0.000027 0.000014 0.000000 
50.000000 40.972671 32.407101 24.694290 18.101761 12.750509 8.623296 5.596809 3.485147 2.082099 1.193572 0.656752 0.347030 0.176209 0.086057 0.040482 0.018389 0.008110 0.003515 0.001539 0.000721 0.000395 0.000270 0.000223 0.000206 0.000200 0.000198 0.000198 0.000198 0.000198 0.000198 0.000198 0.000198 0.000198 0.000197 0.000197 0.000197 0.000197 0.000196 0.000194 0.000191 0.000186 0.000179 0.000168 0.000152 0.000131 0.000105 0.000073 0.000038 0.000000 
50.000000 40.972730 32.407216 24.694456 18.101970 12.750753 8.623566 5.597099 3.485451 2.082412 1.193890 0.657074 0.347354 0.176534 0.086383 0.040808 0.018715 0.008436 0.003841 0.001865 0.001047 0.000721 0.000596 0.000549 0.000532 0.000527 0.000525 0.000524 0.000524 0.000524 0.000524 0.000524 0.000524 0.000524 0.000523 0.000523 0.000523 0.000521 0.000519 0.000514 0.000507 0.000494 0.000475 0.000445 0.000404 0.000348 0.000278 0.000194 0.000100 0.000000 
50.000000 40.972878 32.407505 24.694871 18.102493 12.751364 8.624244 5.597827 3.486213 2.083196 1.194689 0.657882 0.348166 0.177349 0.087199 0.041625 0.019533 0.009254 0.004659 0.002683 0.001865 0.001539 0.001413 0.001367 0.001350 0.001344 0.001342 0.001342 0.001342 0.001342 0.001341 0.001341 0.001341 0.001341 0.001341 0.001340 0.001339 0.001335 0.001329 0.001318 0.001299 0.001267 0.001217 0.001143 0.001037 0.000895 0.000715 0.000500 0.000258 0.000000 
50.000000 40.973236 32.408203 24.695874 18.103757 12.752839 8.625883 5.599584 3.488053 2.085091 1.196619 0.659832 0.350129 0.179318 0.089172 0.043599 0.021508 0.011230 0.006634 0.004659 0.003841 0.003515 0.003389 0.003343 0.003326 0.003320 0.003318 0.003318 0.003317 0.003317 0.003317 0.003317 0.003317 0.003317 0.003316 0.003314 0.003310 0.003303 0.003288 0.003261 0.003215 0.003137 0.003015 0.002831 0.002571 0.002220 0.001775 0.001242 0.000640 0.000000 
50.000000 40.974068 32.409825 24.698206 18.106696 12.756270 8.629692 5.603670 3.492332 2.089498 1.201107 0.664368 0.354693 0.183898 0.093759 0.048191 0.026102 0.015824 0.011230 0.009254 0.008436 0.008110 0.007985 0.007938 0.007921 0.007916 0.007914 0.007913 0.007913 0.007913 0.007913 0.007912 0.007912 0.007911 0.007909 0.007905 0.007896 0.007879 0.007845 0.007782 0.007673 0.007491 0.007202 0.006768 0.006149 0.005315 0.004252 0.002976 0.001534 0.000000 
50.000000 40.975930 32.413452 24.703422 18.113268 12.763942 8.638211 5.612810 3.501903 2.099356 1.211145 0.674515 0.364903 0.194142 0.104021 0.058462 0.036378 0.026102 0.021508 0.019533 0.018715 0.018389 0.018264 0.018217 0.018201 0.018195 0.018193 0.018192 0.018192 0.018192 0.018192 0.018191 0.018191 0.018189 0.018185 0.018175 0.018156 0.018116 0.018040 0.017900 0.017654 0.017243 0.016589 0.015600 0.014186 0.012271 0.009826 0.006883 0.003549 0.000000 
50.000000 40.979929 32.421244 24.714629 18.127391 12.780428 8.656518 5.632450 3.522471 2.120540 1.232718 0.696323 0.386845 0.216159 0.126077 0.080537 0.058462 0.048191 0.043599 0.041625 0.040808 0.040482 0.040356 0.040310 0.040293 0.040287 0.040285 0.040285 0.040284 0.040284 0.040284 0.040283 0.040282 0.040278 0.040269 0.040249 0.040207 0.040123 0.039960 0.039659 0.039128 0.038236 0.036809 0.034646 0.031535 0.027308 0.021889 0.015345 0.007917 0.000000 
50.000000 40.988176 32.437315 24.737741 18.156517 12.814432 8.694278 5.672961 3.564899 2.164238 1.277219 0.741309 0.432110 0.261577 0.171576 0.126077 0.104021 0.093759 0.089172 0.087199 0.086383 0.086057 0.085932 0.085885 0.085868 0.085863 0.085861 0.085860 0.085860 0.085859 0.085859 0.085858 0.085854 0.085846 0.085828 0.085788 0.085703 0.085531 0.085197 0.084577 0.083478 0.081621 0.078639 0.074090 0.067518 0.058542 0.046981 0.032970 0.017021 0.000000 
50.000000 41.004485 32.469095 24.783446 18.214117 12.881680 8.768959 5.753086 3.648817 2.250673 1.365245 0.830293 0.521647 0.351418 0.261577 0.216159 0.194142 0.183898 0.179318 0.177349 0.176534 0.176209 0.176084 0.176038 0.176021 0.176015 0.176013 0.176013 0.176012 0.176012 0.176011 0.176008 0.176002 0.175987 0.175951 0.175874 0.175709 0.175373 0.174718 0.173497 0.171320 0.167623 0.161649 0.152480 0.139150 0.120836 0.097118 0.068240 0.035261 0.000000 
50.000000 41.035378 32.529296 24.870027 18.323235 13.009078 8.910444 5.904889 3.807812 2.414439 1.532028 0.998897 0.691299 0.521647 0.432110 0.386845 0.364903 0.354693 0.350129 0.348166 0.347354 0.347030 0.346905 0.346859 0.346842 0.346837 0.346835 0.346834 0.346833 0.346833 0.346831 0.346826 0.346814 0.346786 0.346722 0.346579 0.346274 0.345649 0.344425 0.342130 0.338015 0.330980 0.319531 0.301834 0.275916 0.240050 0.193290 0.136033 0.070368 0.000000 
50.000000 41.091377 32.638420 25.026974 18.521039 13.240027 9.166939 6.180100 4.096068 2.711353 1.834419 1.304592 0.998897 0.830293 0.741309 0.696323 0.674515 0.664368 0.659832 0.657882 0.657074 0.656752 0.656628 0.656582 0.656566 0.656560 0.656558 0.656557 0.656557 0.656555 0.656552 0.656544 0.656524 0.656475 0.656363 0.656112 0.655575 0.654472 0.652296 0.648189 0.640778 0.628012 0.607069 0.574420 0.526182 0.458843 0.370326 0.261156 0.135281 0.000000 
50.000000 41.188409 32.827511 25.298937 18.863812 13.640250 9.611443 6.657053 4.595644 3.225946 2.358512 1.834419 1.532028 1.365245 1.277219 1.232718 1.211145 1.201107 1.196619 1.194689 1.193890 1.193572 1.193449 1.193404 1.193387 1.193382 1.193380 1.193379 1.193378 1.193376 1.193371 1.193358 1.193324 1.193244 1.193059 1.192643 1.191748 1.189899 1.186230 1.179256 1.166573 1.144540 1.108055 1.050604 0.964822 0.843784 0.683031 0.482951 0.250637 0.000000 
50.000000 41.348976 33.140417 25.748989 19.431056 14.302583 10.347081 7.446415 5.422466 4.077641 3.225946 2.711353 2.414439 2.250673 2.164238 2.120540 2.099356 2.089498 2.085091 2.083196 2.082412 2.082099 2.081978 2.081934 2.081918 2.081912 2.081910 2.081909 2.081908 2.081905 2.081897 2.081877 2.081825 2.081701 2.081412 2.080761 2.079352 2.076424 2.070576 2.059373 2.038821 2.002768 1.942417 1.846251 1.700828 1.492911 1.213149 0.860795 0.447849 0.000000 
50.000000 41.602467 33.634414 26.459517 20.326623 15.348306 11.508572 8.692764 6.727993 5.422466 4.595644 4.096068 3.807812 3.648817 3.564899 3.522471 3.501903 3.492332 3.488053 3.486213 3.485451 3.485147 3.485030 3.484987 3.484971 3.484966 3.484964 3.484962 3.484961 3.484956 3.484945 3.484915 3.484841 3.484660 3.484236 3.483278 3.481194 3.476832 3.468056 3.451104 3.419699 3.363997 3.269580 3.117010 2.882718 2.542208 2.076336 1.480323 0.772886 0.000000 
50.000000 41.983907 34.377764 27.528713 21.674293 16.921972 13.256496 10.568433 8.692764 7.446415 6.657053 6.180100 5.904889 5.753086 5.672961 5.632450 5.612810 5.603670 5.599584 5.597827 5.597099 5.596809 5.596697 5.596656 5.596641 5.596636 5.596634 5.596632 5.596630 5.596624 5.596609 5.596569 5.596468 5.596221 5.595640 5.594322 5.591437 5.585358 5.573031 5.548998 5.503998 5.423184 5.284216 5.055925 4.698769 4.168969 3.428332 2.460630 1.291322 0.000000 
50.000000 42.530499 35.442972 29.060875 23.605546 19.177131 15.761431 13.256496 11.508572 10.347081 9.611443 9.166939 8.910444 8.768959 8.694278 8.656518 8.638211 8.629692 8.625883 8.624244 8.623566 8.623296 8.623191 8.623153 8.623139 8.623134 8.623132 8.623131 8.623128 8.623121 8.623102 8.623051 8.622924 8.622611 8.621873 8.620188 8.616479 8.608610 8.592519 8.560839 8.500829 8.391561 8.200571 7.880716 7.368958 6.590147 5.470359 3.964400 2.096923 0.000000 
50.000000 43.275769 36.895379 31.150000 26.238879 22.252178 19.177131 16.921972 15.348306 14.302583 13.640250 13.240027 13.009078 12.881680 12.814432 12.780428 12.763942 12.756270 12.752839 12.751364 12.750753 12.750509 12.750415 12.750381 12.750368 12.750364 12.750362 12.750360 12.750357 12.750349 12.750327 12.750269 12.750120 12.749757 12.748893 12.746913 12.742530 12.733162 12.713845 12.675428 12.601754 12.465588 12.223202 11.808172 11.126089 10.054385 8.455519 6.216889 3.330647 0.000000 
50.000000 44.241942 38.778303 33.858403 29.652858 26.238879 23.605546 21.674293 20.326623 19.431056 18.863812 18.521039 18.323235 18.214117 18.156517 18.127391 18.113268 18.106696 18.103757 18.102493 18.101970 18.101761 18.101680 18.101651 18.101640 18.101636 18.101634 18.101633 18.101630 18.101621 18.101598 18.101537 18.101381 18.100997 18.100082 18.097974 18.093282 18.083185 18.062196 18.020028 17.938144 17.784415 17.505325 17.015398 16.184494 14.826429 12.699723 9.547507 5.229679 0.000000 
50.000000 45.432102 41.097757 37.194741 33.858403 31.150000 29.060875 27.528713 26.459517 25.748989 25.298937 25.026974 24.870027 24.783446 24.737741 24.714629 24.703422 24.698206 24.695874 24.694871 24.694456 24.694290 24.694226 24.694202 24.694194 24.694191 24.694189 24.694188 24.694185 24.694177 24.694156 24.694099 24.693954 24.693596 24.692740 24.690759 24.686328 24.676737 24.656648 24.615907 24.535840 24.383181 24.100381 23.590516 22.694480 21.158680 18.597370 14.480265 8.264549 0.000000 
50.000000 46.824397 43.811152 41.097757 38.778303 36.895379 35.442972 34.377764 33.634414 33.140417 32.827511 32.638420 32.529296 32.469095 32.437315 32.421244 32.413452 32.409825 32.408203 32.407505 32.407216 32.407101 32.407057 32.407040 32.407034 32.407032 32.407031 32.407030 32.407028 32.407022 32.407005 32.406961 32.406848 32.406569 32.405899 32.404345 32.400855 32.393264 32.377264 32.344560 32.279622 32.154090 31.917134 31.478572 30.678490 29.230797 26.617492 21.905576 13.550386 0.000000 
50.000000 48.370545 46.824397 45.432102 44.241942 43.275769 42.530499 41.983907 41.602467 41.348976 41.188409 41.091377 41.035378 41.004485 40.988176 40.979929 40.975930 40.974068 40.973236 40.972878 40.972730 40.972671 40.972648 40.972639 40.972636 40.972635 40.972635 40.972634 40.972633 40.972630 40.972621 40.972596 40.972534 40.972381 40.972012 40.971155 40.969224 40.965011 40.956095 40.937773 40.901128 40.829581 40.692585 40.433576 39.945122 39.012263 37.167553 33.274011 24.185273 0.000000 
50.000000 50.000000 50.000000 50.000000 50.000000 50.000000 50.000000 50.000000 50.000000 50.000000 50.000000 50.000000 50.000000 50.000000 50.000000 50.000000 50.000000 50.000000 50.000000 50.000000 50.000000 50.000000 50.000000 50.000000 50.000000 50.000000 50.000000 50.000000 50.000000 50.000000 50.000000 50.000000 50.000000 50.000000 50.000000 50.000000 50.000000 50.000000 50.000000 50.000000 50.000000 50.000000 50.000000 50.000000 50.000000 50.000000 50.000000 50.000000 50.000000 50.000000 
