50.000000 50.000000 50.000000 50.000000 50.000000 50.000000 50.000000 50.000000 50.000000 50.000000 50.000000 50.000000 50.000000 50.000000 50.000000 50.000000 50.000000 50.000000 50.000000 50.000000 50.000000 50.000000 50.000000 50.000000 50.000000 50.000000 50.000000 50.000000 50.000000 50.000000 50.000000 50.000000 50.000000 50.000000 50.000000 50.000000 50.000000 50.000000 50.000000 50.000000 50.000000 50.000000 50.000000 50.000000 50.000000 50.000000 50.000000 50.000000 50.000000 50.000000 
50.000000 47.024866 44.327035 42.106519 40.444533 39.310440 38.602733 38.197484 37.983784 37.879631 37.832548 37.812738 37.804955 37.802090 37.801100 37.800777 37.800678 37.800649 37.800641 37.800639 37.800638 37.800638 37.800638 37.800638 37.800638 37.800638 37.800638 37.800638 37.800638 37.800638 37.800638 37.800638 37.800638 37.800636 37.800630 37.800608 37.800533 37.800287 37.799516 37.797227 37.790752 37.773319 37.728518 37.618170 37.355736 36.745656 35.332386 31.976863 23.512433 0.000000 
50.000000 44.327035 39.182877 34.948927 31.780031 29.617740 28.268461 27.495870 27.088480 26.889939 26.800192 26.762434 26.747600 26.742141 26.740254 26.739639 26.739450 26.739395 26.739380 26.739376 26.739375 26.739374 26.739374 26.739374 26.739374 26.739374 26.739374 26.739374 26.739374 26.739374 26.739374 26.739374 26.739373 26.739371 26.739361 26.739324 26.739199 26.738788 26.737510 26.733734 26.723141 26.694918 26.623483 26.451422 26.055976 25.185469 23.342912 19.591438 12.350173 0.000000 
50.000000 42.106519 34.948927 29.057957 24.649035 21.640764 19.763704 18.688981 18.122321 17.846181 17.721369 17.668864 17.648238 17.640649 17.638025 17.637171 17.636908 17.636831 17.636810 17.636805 17.636803 17.636803 17.636803 17.636803 17.636803 17.636803 17.636803 17.636803 17.636803 17.636803 17.636803 17.636803 17.636802 17.636799 17.636787 17.636746 17.636606 17.636149 17.634736 17.630594 17.619092 17.588873 17.513799 17.337575 16.947001 16.130835 14.528978 11.606015 6.774134 0.000000 
50.000000 40.444533 31.780031 24.649035 19.312291 15.671165 13.399382 12.098764 11.413058 11.078939 10.927937 10.864420 10.839472 10.830294 10.827121 10.826088 10.825770 10.825678 10.825652 10.825646 10.825644 10.825644 10.825643 10.825643 10.825643 10.825643 10.825643 10.825643 10.825643 10.825643 10.825643 10.825643 10.825643 10.825640 10.825630 10.825593 10.825468 10.825062 10.823818 10.820203 10.810278 10.784579 10.721936 10.578515 10.270995 9.656145 8.518199 6.594562 3.698877 0.000000 
50.000000 39.310440 29.617740 21.640764 15.671165 11.598490 9.057630 7.603077 6.836282 6.462688 6.293862 6.222857 6.194971 6.184712 6.181167 6.180012 6.179657 6.179554 6.179526 6.179518 6.179516 6.179516 6.179516 6.179516 6.179516 6.179516 6.179516 6.179516 6.179516 6.179516 6.179516 6.179515 6.179515 6.179513 6.179505 6.179477 6.179383 6.179078 6.178150 6.175479 6.168229 6.149716 6.105381 6.006122 5.799245 5.400169 4.693762 3.561764 1.954704 0.000000 
50.000000 38.602733 28.268461 19.763704 13.399382 9.057630 6.349060 4.798605 3.981317 3.583155 3.403243 3.327582 3.297871 3.286942 3.283165 3.281936 3.281558 3.281448 3.281417 3.281409 3.281407 3.281407 3.281407 3.281407 3.281407 3.281407 3.281407 3.281407 3.281407 3.281407 3.281407 3.281407 3.281406 3.281405 3.281400 3.281381 3.281319 3.281119 3.280515 3.278791 3.274160 3.262485 3.234965 3.174530 3.051508 2.820867 2.426128 1.817039 0.984563 0.000000 
50.000000 38.197484 27.495870 18.688981 12.098764 7.603077 4.798605 3.193340 2.347209 1.935022 1.748786 1.670471 1.639719 1.628409 1.624501 1.623229 1.622837 1.622724 1.622692 1.622684 1.622682 1.622681 1.622681 1.622681 1.622681 1.622681 1.622681 1.622681 1.622681 1.622681 1.622681 1.622681 1.622681 1.622680 1.622677 1.622666 1.622630 1.622513 1.622163 1.621171 1.618533 1.611958 1.596670 1.563640 1.497696 1.376828 1.175183 0.872387 0.468967 0.000000 
50.000000 37.983784 27.088480 18.122321 11.413058 6.836282 3.981317 2.347209 1.485910 1.066353 0.876796 0.797088 0.765791 0.754281 0.750304 0.749010 0.748612 0.748496 0.748464 0.748455 0.748453 0.748453 0.748453 0.748453 0.748453 0.748453 0.748453 0.748453 0.748453 0.748453 0.748453 0.748453 0.748453 0.748452 0.748450 0.748445 0.748425 0.748364 0.748181 0.747666 0.746307 0.742955 0.735250 0.718831 0.686566 0.628479 0.533448 0.393563 0.210465 0.000000 
50.000000 37.879631 26.889939 17.846181 11.078939 6.462688 3.583155 1.935022 1.066353 0.643217 0.452049 0.371666 0.340105 0.328498 0.324488 0.323183 0.322782 0.322665 0.322633 0.322624 0.322622 0.322621 0.322621 0.322621 0.322621 0.322621 0.322621 0.322621 0.322621 0.322621 0.322621 0.322621 0.322621 0.322621 0.322620 0.322617 0.322608 0.322579 0.322491 0.322247 0.321608 0.320045 0.316489 0.308995 0.294459 0.268661 0.227089 0.166798 0.088879 0.000000 
50.000000 37.832548 26.800192 17.721369 10.927937 6.293862 3.403243 1.748786 0.876796 0.452049 0.260155 0.179470 0.147790 0.136140 0.132115 0.130805 0.130402 0.130285 0.130252 0.130244 0.130242 0.130241 0.130241 0.130241 0.130241 0.130241 0.130241 0.130241 0.130241 0.130241 0.130241 0.130241 0.130241 0.130241 0.130241 0.130239 0.130235 0.130222 0.130184 0.130078 0.129801 0.129130 0.127614 0.124452 0.118383 0.107734 0.090775 0.066457 0.035321 0.000000 
50.000000 37.812738 26.762434 17.668864 10.864420 6.222857 3.327582 1.670471 0.797088 0.371666 0.179470 0.098657 0.066928 0.055260 0.051228 0.049916 0.049513 0.049395 0.049363 0.049354 0.049352 0.049352 0.049352 0.049352 0.049352 0.049352 0.049352 0.049352 0.049352 0.049352 0.049352 0.049352 0.049352 0.049352 0.049351 0.049351 0.049349 0.049344 0.049328 0.049286 0.049175 0.048907 0.048308 0.047067 0.044707 0.040602 0.034128 0.024923 0.013221 0.000000 
50.000000 37.804955 26.747600 17.648238 10.839472 6.194971 3.297871 1.639719 0.765791 0.340105 0.147790 0.066928 0.035180 0.023504 0.019471 0.018158 0.017754 0.017637 0.017604 0.017596 0.017594 0.017593 0.017593 0.017593 0.017593 0.017593 0.017593 0.017593 0.017593 0.017593 0.017593 0.017593 0.017593 0.017593 0.017593 0.017593 0.017592 0.017590 0.017584 0.017568 0.017527 0.017428 0.017206 0.016752 0.015893 0.014410 0.012089 0.008812 0.004668 0.000000 
50.000000 37.802090 26.742141 17.640649 10.830294 6.184712 3.286942 1.628409 0.754281 0.328498 0.136140 0.055260 0.023504 0.011826 0.007791 0.006478 0.006075 0.005957 0.005925 0.005916 0.005914 0.005914 0.005913 0.005913 0.005913 0.005913 0.005913 0.005913 0.005913 0.005913 0.005913 0.005913 0.005913 0.005913 0.005913 0.005913 0.005913 0.005912 0.005910 0.005905 0.005890 0.005856 0.005779 0.005623 0.005329 0.004826 0.004043 0.002942 0.001557 0.000000 
50.000000 37.801100 26.740254 17.638025 10.827121 6.181167 3.283165 1.624501 0.750304 0.324488 0.132115 0.051228 0.019471 0.007791 0.003756 0.002443 0.002039 0.001922 0.001889 0.001881 0.001879 0.001878 0.001878 0.001878 0.001878 0.001878 0.001878 0.001878 0.001878 0.001878 0.001878 0.001878 0.001878 0.001878 0.001878 0.001878 0.001878 0.001878 0.001877 0.001875 0.001871 0.001859 0.001835 0.001784 0.001689 0.001528 0.001279 0.000930 0.000491 0.000000 
50.000000 37.800777 26.739639 17.637171 10.826088 6.180012 3.281936 1.623229 0.749010 0.323183 0.130805 0.049916 0.018158 0.006478 0.002443 0.001130 0.000726 0.000609 0.000576 0.000568 0.000566 0.000565 0.000565 0.000565 0.000565 0.000565 0.000565 0.000565 0.000565 0.000565 0.000565 0.000565 0.000565 0.000565 0.000565 0.000565 0.000565 0.000565 0.000565 0.000564 0.000563 0.000559 0.000551 0.000536 0.000507 0.000459 0.000383 0.000278 0.000147 0.000000 
50.000000 37.800678 26.739450 17.636908 10.825770 6.179657 3.281558 1.622837 0.748612 0.322782 0.130402 0.049513 0.017754 0.006075 0.002039 0.000726 0.000322 0.000205 0.000173 0.000164 0.000162 0.000161 0.000161 0.000161 0.000161 0.000161 0.000161 0.000161 0.000161 0.000161 0.000161 0.000161 0.000161 0.000161 0.000161 0.000161 0.000161 0.000161 0.000161 0.000161 0.000161 0.000160 0.000157 0.000153 0.000145 0.000131 0.000109 0.000079 0.000042 0.000000 
50.000000 37.800649 26.739395 17.636831 10.825678 6.179554 3.281448 1.622724 0.748496 0.322665 0.130285 0.049395 0.017637 0.005957 0.001922 0.000609 0.000205 0.000087 0.000055 0.000047 0.000044 0.000044 0.000044 0.000044 0.000044 0.000044 0.000044 0.000044 0.000044 0.000044 0.000044 0.000044 0.000044 0.000044 0.000044 0.000044 0.000044 0.000044 0.000044 0.000044 0.000044 0.000043 0.000043 0.000041 0.000039 0.000035 0.000030 0.000021 0.000011 0.000000 
50.000000 37.800641 26.739380 17.636810 10.825652 6.179526 3.281417 1.622692 0.748464 0.322633 0.130252 0.049363 0.017604 0.005925 0.001889 0.000576 0.000173 0.000055 0.000023 0.000014 0.000012 0.000011 0.000011 0.000011 0.000011 0.000011 0.000011 0.000011 0.000011 0.000011 0.000011 0.000011 0.000011 0.000011 0.000011 0.000011 0.000011 0.000011 0.000011 0.000011 0.000011 0.000011 0.000011 0.000011 0.000010 0.000009 0.000008 0.000006 0.000003 0.000000 
50.000000 37.800639 26.739376 17.636805 10.825646 6.179518 3.281409 1.622684 0.748455 0.322624 0.130244 0.049354 0.017596 0.005916 0.001881 0.000568 0.000164 0.000047 0.000014 0.000006 0.000003 0.000003 0.000003 0.000003 0.000003 0.000003 0.000003 0.000003 0.000003 0.000003 0.000003 0.000003 0.000003 0.000003 0.000003 0.000003 0.000003 0.000003 0.000003 0.000003 0.000003 0.000003 0.000003 0.000003 0.000002 0.000002 0.000002 0.000001 0.000001 0.000000 
50.000000 37.800638 26.739375 17.636803 10.825644 6.179516 3.281407 1.622682 0.748453 0.322622 0.130242 0.049352 0.017594 0.005914 0.001879 0.000566 0.000162 0.000044 0.000012 0.000003 0.000001 0.000001 0.000001 0.000001 0.000001 0.000001 0.000001 0.000001 0.000001 0.000001 0.000001 0.000001 0.000001 0.000001 0.000001 0.000001 0.000001 0.000001 0.000001 0.000001 0.000001 0.000001 0.000001 0.000001 0.000001 0.000001 0.000000 0.000000 0.000000 0.000000 
50.000000 37.800638 26.739374 17.636803 10.825644 6.179516 3.281407 1.622681 0.748453 0.322621 0.130241 0.049352 0.017593 0.005914 0.001878 0.000565 0.000161 0.000044 0.000011 0.000003 0.000001 0.000000 0.000000 0.000000 0.000000 0.000000 0.000000 0.000000 0.000000 0.000000 0.000000 0.000000 0.000000 0.000000 0.000000 0.000000 0.000000 0.000000 0.000000 0.000000 0.000000 0.000000 0.000000 0.000000 0.000000 0.000000 0.000000 0.000000 0.000000 0.000000 
50.000000 37.800638 26.739374 17.636803 10.825643 6.179516 3.281407 1.622681 0.748453 0.322621 0.130241 0.049352 0.017593 0.005913 0.001878 0.000565 0.000161 0.000044 0.000011 0.000003 0.000001 0.000000 0.000000 0.000000 0.000000 0.000000 0.000000 0.000000 0.000000 0.000000 0.000000 0.000000 0.000000 0.000000 0.000000 0.000000 0.000000 0.000000 0.000000 0.000000 0.000000 0.000000 0.000000 0.000000 0.000000 0.000000 0.000000 0.000000 0.000000 0.000000 
50.000000 37.800638 26.739374 17.636803 10.825643 6.179516 3.281407 1.622681 0.748453 0.322621 0.130241 0.049352 0.017593 0.005913 0.001878 0.000565 0.000161 0.000044 0.000011 0.000003 0.000001 0.000000 0.000000 0.000000 0.000000 0.000000 0.000000 0.000000 0.000000 0.000000 0.000000 0.000000 0.000000 0.000000 0.000000 0.000000 0.000000 0.000000 0.000000 0.000000 0.000000 0.000000 0.000000 0.000000 0.000000 0.000000 0.000000 0.000000 0.000000 0.000000 
50.000000 37.800638 26.739374 17.636803 10.825643 6.179516 3.281407 1.622681 0.748453 0.322621 0.130241 0.049352 0.017593 0.005913 0.001878 0.000565 0.000161 0.000044 0.000011 0.000003 0.000001 0.000000 0.000000 0.000000 0.000000 0.000000 0.000000 0.000000 0.000000 0.000000 0.000000 0.000000 0.000000 0.000000 0.000000 0.000000 0.000000 0.000000 0.000000 0.000000 0.000000 0.000000 0.000000 0.000000 0.000000 0.000000 0.000000 0.000000 0.000000 0.000000 
50.000000 37.800638 26.739374 17.636803 10.825643 6.179516 3.281407 1.622681 0.748453 0.322621 0.130241 0.049352 0.017593 0.005913 0.001878 0.000565 0.000161 0.000044 0.000011 0.000003 0.000001 0.000000 0.000000 0.000000 0.000000 0.000000 0.000000 0.000000 0.000000 0.000000 0.000000 0.000000 0.000000 0.000000 0.000000 0.000000 0.000000 0.000000 0.000000 0.000000 0.000000 0.000000 0.000000 0.000000 0.000000 0.000000 0.000000 0.000000 0.000000 0.000000 
50.000000 37.800638 26.739374 17.636803 10.825643 6.179516 3.281407 1.622681 0.748453 0.322621 0.130241 0.049352 0.017593 0.005913 0.001878 0.000565 0.000161 0.000044 0.000011 0.000003 0.000001 0.000000 0.000000 0.000000 0.000000 0.000000 0.000000 0.000000 0.000000 0.000000 0.000000 0.000000 0.000000 0.000000 0.000000 0.000000 0.000000 0.000000 0.000000 0.000000 0.000000 0.000000 0.000000 0.000000 0.000000 0.000000 0.000000 0.000000 0.000000 0.000000 
50.000000 37.800638 26.739374 17.636803 10.825643 6.179516 3.281407 1.622681 0.748453 0.322621 0.130241 0.049352 0.017593 0.005913 0.001878 0.000565 0.000161 0.000044 0.000011 0.000003 0.000001 0.000000 0.000000 0.000000 0.000000 0.000000 0.000000 0.000000 0.000000 0.000000 0.000000 0.000000 0.000000 0.000000 0.000000 0.000000 0.000000 0.000000 0.000000 0.000000 0.000000 0.000000 0.000000 0.000000 0.000000 0.000000 0.000000 0.000000 0.000000 0.000000 
50.000000 37.800638 26.739374 17.636803 10.825644 6.179516 3.281407 1.622681 0.748453 0.322621 0.130241 0.049352 0.017593 0.005914 0.001878 0.000565 0.000161 0.000044 0.000011 0.000003 0.000001 0.000000 0.000000 0.000000 0.000000 0.000000 0.000000 0.000000 0.000000 0.000000 0.000000 0.000000 0.000000 0.000000 0.000000 0.000000 0.000000 0.000000 0.000000 0.000000 0.000000 0.000000 0.000000 0.000000 0.000000 0.000000 0.000000 0.000000 0.000000 0.000000 
50.000000 37.800638 26.739375 17.636803 10.825644 6.179516 3.281407 1.622682 0.748453 0.322622 0.130242 0.049352 0.017594 0.005914 0.001879 0.000566 0.000162 0.000044 0.000012 0.000003 0.000001 0.000001 0.000001 0.000001 0.000001 0.000001 0.000001 0.000001 0.000001 0.000001 0.000001 0.000001 0.000001 0.000001 0.000001 0.000001 0.000001 0.000001 0.000001 0.000001 0.000001 0.000001 0.000001 0.000001 0.000001 0.000001 0.000000 0.000000 0.000000 0.000000 
50.000000 37.800639 26.739376 17.636805 10.825646 6.179518 3.281409 1.622684 0.748455 0.322624 0.130244 0.049354 0.017596 0.005916 0.001881 0.000568 0.000164 0.000047 0.000014 0.000006 0.000003 0.000003 0.000003 0.000003 0.000003 0.000003 0.000003 0.000003 0.000003 0.000003 0.000003 0.000003 0.000003 0.000003 0.000003 0.000003 0.000003 0.000003 0.000003 0.000003 0.000003 0.000003 0.000003 0.000003 0.000002 0.000002 0.000002 0.000001 0.000001 0.000000 
50.000000 37.800641 26.739380 17.636810 10.825652 6.179526 3.281417 1.622692 0.748464 0.322633 0.130252 0.049363 0.017604 0.005925 0.001889 0.000576 0.000173 0.000055 0.000023 0.000014 0.000012 0.000011 0.000011 0.000011 0.000011 0.000011 0.000011 0.000011 0.000011 0.000011 0.000011 0.000011 0.000011 0.000011 0.000011 0.000011 0.000011 0.000011 0.000011 0.000011 0.000011 0.000011 0.000011 0.000011 0.000010 0.000009 0.000008 0.000006 0.000003 0.000000 
50.000000 37.800649 26.739395 17.636831 10.825678 6.179554 3.281448 1.622724 0.748496 0.322665 0.130285 0.049395 0.017637 0.005957 0.001922 0.000609 0.000205 0.000087 0.000055 0.000047 0.000044 0.000044 0.000044 0.000044 0.000044 0.000044 0.000044 0.000044 0.000044 0.000044 0.000044 0.000044 0.000044 0.000044 0.000044 0.000044 0.000044 0.000044 0.000044 0.000044 0.000044 0.000043 0.000043 0.000041 0.000039 0.000035 0.000030 0.000021 0.000011 0.000000 
50.000000 37.800678 26.739450 17.636908 10.825770 6.179657 3.281558 1.622837 0.748612 0.322782 0.130402 0.049513 0.017754 0.006075 0.002039 0.000726 0.000322 0.000205 0.000173 0.000164 0.000162 0.000161 0.000161 0.000161 0.000161 0.000161 0.000161 0.000161 0.000161 0.000161 0.000161 0.000161 0.000161 0.000161 0.000161 0.000161 0.000161 0.000161 0.000161 0.000161 0.000161 0.000160 0.000157 0.000153 0.000145 0.000131 0.000109 0.000079 0.000042 0.000000 
50.000000 37.800777 26.739639 17.637171 10.826088 6.180012 3.281936 1.623229 0.749010 0.323183 0.130805 0.049916 0.018158 0.006478 0.002443 0.001130 0.000726 0.000609 0.000576 0.000568 0.000566 0.000565 0.000565 0.000565 0.000565 0.000565 0.000565 0.000565 0.000565 0.000565 0.000565 0.000565 0.000565 0.000565 0.000565 0.000565 0.000565 0.000565 0.000565 0.000564 0.000563 0.000559 0.000551 0.000536 0.000507 0.000459 0.000383 0.000278 0.000147 0.000000 
50.000000 37.801100 26.740254 17.638025 10.827121 6.181167 3.283165 1.624501 0.750304 0.324488 0.132115 0.051228 0.019471 0.007791 0.003756 0.002443 0.002039 0.001922 0.001889 0.001881 0.001879 0.001878 0.001878 0.001878 0.001878 0.001878 0.001878 0.001878 0.001878 0.001878 0.001878 0.001878 0.001878 0.001878 0.001878 0.001878 0.001878 0.001878 0.001877 0.001875 0.001871 0.001859 0.001835 0.001784 0.001689 0.001528 0.001279 0.000930 0.000491 0.000000 
50.000000 37.802090 26.742141 17.640649 10.830294 6.184712 3.286942 1.628409 0.754281 0.328498 0.136140 0.055260 0.023504 0.011826 0.007791 0.006478 0.006075 0.005957 0.005925 0.005916 0.005914 0.005914 0.005913 0.005913 0.005913 0.005913 0.005913 0.005913 0.005913 0.005913 0.005913 0.005913 0.005913 0.005913 0.005913 0.005913 0.005913 0.005912 0.005910 0.005905 0.005890 0.005856 0.005779 0.005623 0.005329 0.004826 0.004043 0.002942 0.001557 0.000000 
50.000000 37.804955 26.747600 17.648238 10.839472 6.194971 3.297871 1.639719 0.765791 0.340105 0.147790 0.066928 0.035180 0.023504 0.019471 0.018158 0.017754 0.017637 0.017604 0.017596 0.017594 0.017593 0.017593 0.017593 0.017593 0.017593 0.017593 0.017593 0.017593 0.017593 0.017593 0.017593 0.017593 0.017593 0.017593 0.017593 0.017592 0.017590 0.017584 0.017568 0.017527 0.017428 0.017206 0.016752 0.015893 0.014410 0.012089 0.008812 0.004668 0.000000 
50.000000 37.812738 26.762434 17.668864 10.864420 6.222857 3.327582 1.670471 0.797088 0.371666 0.179470 0.098657 0.066928 0.055260 0.051228 0.049916 0.049513 0.049395 0.049363 0.049354 0.049352 0.049352 0.049352 0.049352 0.049352 0.049352 0.049352 0.049352 0.049352 0.049352 0.049352 0.049352 0.049352 0.049352 0.049351 0.049351 0.049349 0.049344 0.049328 0.049286 0.049175 0.048907 0.048308 0.047067 0.044707 0.040602 0.034128 0.024923 0.013221 0.000000 
50.000000 37.832548 26.800192 17.721369 10.927937 6.293862 3.403243 1.748786 0.876796 0.452049 0.260155 0.179470 0.147790 0.136140 0.132115 0.130805 0.130402 0.130285 0.130252 0.130244 0.130242 0.130241 0.130241 0.130241 0.130241 0.130241 0.130241 0.130241 0.130241 0.130241 0.130241 0.130241 0.130241 0.130241 0.130241 0.130239 0.130235 0.130222 0.130184 0.130078 0.129801 0.129130 0.127614 0.124452 0.118383 0.107734 0.090775 0.066457 0.035321 0.000000 
50.000000 37.879631 26.889939 17.846181 11.078939 6.462688 3.583155 1.935022 1.066353 0.643217 0.452049 0.371666 0.340105 0.328498 0.324488 0.323183 0.322782 0.322665 0.322633 0.322624 0.322622 0.322621 0.322621 0.322621 0.322621 0.322621 0.322621 0.322621 0.322621 0.322621 0.322621 0.322621 0.322621 0.322621 0.322620 0.322617 0.322608 0.322579 0.322491 0.322247 0.321608 0.320045 0.316489 0.308995 0.294459 0.268661 0.227089 0.166798 0.088879 0.000000 
50.000000 37.983784 27.088480 18.122321 11.413058 6.836282 3.981317 2.347209 1.485910 1.066353 0.876796 0.797088 0.765791 0.754281 0.750304 0.749010 0.748612 0.748496 0.748464 0.748455 0.748453 0.748453 0.748453 0.748453 0.748453 0.748453 0.748453 0.748453 0.748453 0.748453 0.748453 0.748453 0.748453 0.748452 0.748450 0.748445 0.748425 0.748364 0.748181 0.747666 0.746307 0.742955 0.735250 0.718831 0.686566 0.628479 0.533448 0.393563 0.210465 0.000000 
50.000000 38.197484 27.495870 18.688981 12.098764 7.603077 4.798605 3.193340 2.347209 1.935022 1.748786 1.670471 1.639719 1.628409 1.624501 1.623229 1.622837 1.622724 1.622692 1.622684 1.622682 1.622681 1.622681 1.622681 1.622681 1.622681 1.622681 1.622681 1.622681 1.622681 1.622681 1.622681 1.622681 1.622680 1.622677 1.622666 1.622630 1.622513 1.622163 1.621171 1.618533 1.611958 1.596670 1.563640 1.497696 1.376828 1.175183 0.872387 0.468967 0.000000 
50.000000 38.602733 28.268461 19.763704 13.399382 9.057630 6.349060 4.798605 3.981317 3.583155 3.403243 3.327582 3.297871 3.286942 3.283165 3.281936 3.281558 3.281448 3.281417 3.281409 3.281407 3.281407 3.281407 3.281407 3.281407 3.281407 3.281407 3.281407 3.281407 3.281407 3.281407 3.281407 3.281406 3.281405 3.281400 3.281381 3.281319 3.281119 3.280515 3.278791 3.274160 3.262485 3.234965 3.174530 3.051508 2.820867 2.426128 1.817039 0.984563 0.000000 
50.000000 39.310440 29.617740 21.640764 15.671165 11.598490 9.057630 7.603077 6.836282 6.462688 6.293862 6.222857 6.194971 6.184712 6.181167 6.180012 6.179657 6.179554 6.179526 6.179518 6.179516 6.179516 6.179516 6.179516 6.179516 6.179516 6.179516 6.179516 6.179516 6.179516 6.179516 6.179515 6.179515 6.179513 6.179505 6.179477 6.179383 6.179078 6.178150 6.175479 6.168229 6.149716 6.105381 6.006122 5.799245 5.400169 4.693762 3.561764 1.954704 0.000000 
50.000000 40.444533 31.780031 24.649035 19.312291 15.671165 13.399382 12.098764 11.413058 11.078939 10.927937 10.864420 10.839472 10.830294 10.827121 10.826088 10.825770 10.825678 10.825652 10.825646 10.825644 10.825644 10.825643 10.825643 10.825643 10.825643 10.825643 10.825643 10.825643 10.825643 10.825643 10.825643 10.825643 10.825640 10.825630 10.825593 10.825468 10.825062 10.823818 10.820203 10.810278 10.784579 10.721936 10.578515 10.270995 9.656145 8.518199 6.594562 3.698877 0.000000 
50.000000 42.106519 34.948927 29.057957 24.649035 21.640764 19.763704 18.688981 18.122321 17.846181 17.721369 17.668864 17.648238 17.640649 17.638025 17.637171 17.636908 17.636831 17.636810 17.636805 17.636803 17.636803 17.636803 17.636803 17.636803 17.636803 17.636803 17.636803 17.636803 17.636803 17.636803 17.636803 17.636802 17.636799 17.636787 17.636746 17.636606 17.636149 17.634736 17.630594 17.619092 17.588873 17.513799 17.337575 16.947001 16.130835 14.528978 11.606015 6.774134 0.000000 
50.000000 44.327035 39.182877 34.948927 31.780031 29.617740 28.268461 27.495870 27.088480 26.889939 26.800192 26.762434 26.747600 26.742141 26.740254 26.739639 26.739450 26.739395 26.739380 26.739376 26.739375 26.739374 26.739374 26.739374 26.739374 26.739374 26.739374 26.739374 26.739374 26.739374 26.739374 26.739374 26.739373 26.739371 26.739361 26.739324 26.739199 26.738788 26.737510 26.733734 26.723141 26.694918 26.623483 26.451422 26.055976 25.185469 23.342912 19.591438 12.350173 0.000000 
50.000000 47.024866 44.327035 42.106519 40.444533 39.310440 38.602733 38.197484 37.983784 37.879631 37.832548 37.812738 37.804955 37.802090 37.801100 37.800777 37.800678 37.800649 37.800641 37.800639 37.800638 37.800638 37.800638 37.800638 37.800638 37.800638 37.800638 37.800638 37.800638 37.800638 37.800638 37.800638 37.800638 37.800636 37.800630 37.800608 37.800533 37.800287 37.799516 37.797227 37.790752 37.773319 37.728518 37.618170 37.355736 36.745656 35.332386 31.976863 23.512433 0.000000 
50.000000 50.000000 50.000000 50.000000 50.000000 50.000000 50.000000 50.000000 50.000000 50.000000 50.000000 50.000000 50.000000 50.000000 50.000000 50.000000 50.000000 50.000000 50.000000 50.000000 50.000000 50.000000 50.000000 50.000000 50.000000 50.000000 50.000000 50.000000 50.000000 50.000000 50.000000 50.000000 50.000000 50.000000 50.000000 50.000000 50.000000 50.000000 50.000000 50.000000 50.000000 50.000000 50.000000 50.000000 50.000000 50.000000 50.000000 50.000000 50.000000 50.000000 
