50.000000 50.000000 50.000000 50.000000 50.000000 50.000000 50.000000 50.000000 50.000000 50.000000 50.000000 50.000000 50.000000 50.000000 50.000000 50.000000 50.000000 50.000000 50.000000 50.000000 50.000000 50.000000 50.000000 50.000000 50.000000 50.000000 50.000000 50.000000 50.000000 50.000000 50.000000 50.000000 50.000000 50.000000 50.000000 50.000000 50.000000 50.000000 50.000000 50.000000 50.000000 50.000000 50.000000 50.000000 50.000000 50.000000 50.000000 50.000000 50.000000 50.000000 
50.000000 48.720295 47.491989 46.360294 45.359287 44.509099 43.815550 43.271972 42.862496 42.565902 42.359239 42.220645 42.131140 42.075447 42.042038 42.022705 42.011906 42.006081 42.003043 42.001512 42.000765 42.000412 42.000250 42.000178 42.000147 42.000134 42.000127 42.000121 42.000110 42.000086 42.000030 41.999906 41.999632 41.999048 41.997833 41.995371 41.990505 41.981123 41.963451 41.930869 41.871928 41.766938 41.581863 41.256661 40.681005 39.638300 37.661359 33.615782 24.360147 0.000000 
50.000000 47.491989 45.084713 42.866781 40.904981 39.238763 37.879535 36.814228 36.011736 35.430474 35.025461 34.753849 34.578443 34.469299 34.403827 34.365939 34.344777 34.333361 34.327409 34.324407 34.322943 34.322252 34.321935 34.321794 34.321734 34.321707 34.321694 34.321682 34.321662 34.321617 34.321514 34.321282 34.320775 34.319692 34.317444 34.312895 34.303930 34.286699 34.254371 34.195081 34.088577 33.900706 33.574136 33.012210 32.049625 30.397242 27.537549 22.542356 13.876207 0.000000 
50.000000 46.360294 42.866781 39.648057 36.801049 34.383006 32.410482 30.864508 29.699941 28.856427 28.268687 27.874537 27.620000 27.461620 27.366612 27.311635 27.280927 27.264362 27.255725 27.251370 27.249246 27.248242 27.247783 27.247579 27.247491 27.247452 27.247434 27.247417 27.247390 27.247330 27.247193 27.246885 27.246213 27.244781 27.241815 27.235834 27.224090 27.201627 27.159737 27.083509 26.947974 26.712138 26.309791 25.635381 24.522622 22.713868 19.824029 15.329231 8.698934 0.000000 
50.000000 45.359287 40.904981 36.801049 33.171075 30.088057 27.573094 25.601997 24.117204 23.041757 22.292420 21.789907 21.465394 21.263477 21.142355 21.072267 21.033120 21.012002 21.000992 20.995441 20.992733 20.991454 20.990868 20.990608 20.990496 20.990447 20.990424 20.990405 20.990374 20.990306 20.990151 20.989805 20.989050 20.987447 20.984137 20.977491 20.964506 20.939818 20.894124 20.811753 20.667046 20.419138 20.004718 19.328564 18.252422 16.585538 14.087181 10.507739 5.720987 0.000000 
50.000000 44.509099 39.238763 34.383006 30.088057 26.440282 23.464645 21.132519 19.375787 18.103390 17.216837 16.622314 16.238389 15.999509 15.856217 15.773302 15.726992 15.702010 15.688986 15.682420 15.679217 15.677703 15.677011 15.676703 15.676570 15.676513 15.676486 15.676466 15.676434 15.676365 15.676209 15.675860 15.675102 15.673498 15.670200 15.663608 15.650800 15.626615 15.582223 15.503015 15.365625 15.133969 14.754414 14.150673 13.220141 11.835634 9.860384 7.189138 3.828094 0.000000 
50.000000 43.815550 37.879535 32.410482 27.573094 23.464645 20.113247 17.486649 15.508123 14.075099 13.076644 12.407090 11.974720 11.705702 11.544336 11.450964 11.398815 11.370684 11.356018 11.348624 11.345018 11.343314 11.342534 11.342188 11.342039 11.341975 11.341945 11.341924 11.341894 11.341830 11.341685 11.341363 11.340665 11.339195 11.336184 11.330196 11.318633 11.296955 11.257508 11.187852 11.068546 10.870450 10.551905 10.056623 9.313972 8.244530 6.775101 4.867325 2.558889 0.000000 
50.000000 43.271972 36.814228 30.864508 25.601997 21.132519 17.486649 14.629294 12.476972 10.918092 9.831962 9.103627 8.633307 8.340683 8.165160 8.063599 8.006877 7.976280 7.960330 7.952289 7.948366 7.946513 7.945665 7.945289 7.945126 7.945057 7.945026 7.945006 7.944978 7.944923 7.944798 7.944522 7.943925 7.942672 7.940118 7.935065 7.925368 7.907321 7.874762 7.817850 7.721539 7.563894 7.314647 6.934744 6.378105 5.597279 4.554717 3.240091 1.690109 0.000000 
50.000000 42.862496 36.011736 29.699941 24.117204 19.375787 15.508123 12.476972 10.193764 8.540106 7.387959 6.615365 6.116475 5.806080 5.619902 5.512177 5.452015 5.419562 5.402645 5.394117 5.389956 5.387991 5.387092 5.386693 5.386521 5.386448 5.386416 5.386397 5.386374 5.386328 5.386227 5.386005 5.385526 5.384525 5.382493 5.378495 5.370871 5.356781 5.331570 5.287925 5.214888 5.096882 4.913078 4.637673 4.241819 3.698066 2.987803 2.111030 1.095557 0.000000 
50.000000 42.565902 35.430474 28.856427 23.041757 18.103390 14.075099 10.918092 8.540106 6.817825 5.617881 4.813249 4.293678 3.970421 3.776531 3.664348 3.601696 3.567901 3.550285 3.541404 3.537072 3.535026 3.534089 3.533674 3.533495 3.533419 3.533387 3.533369 3.533350 3.533315 3.533238 3.533069 3.532706 3.531951 3.530426 3.527441 3.521782 3.511396 3.492956 3.461318 3.408913 3.325218 3.196553 3.006554 2.737765 2.374711 1.908454 1.341897 0.693973 0.000000 
50.000000 42.359239 35.025461 28.268687 22.292420 17.216837 13.076644 9.831962 7.387959 5.617881 4.384651 3.557707 3.023737 2.691526 2.492269 2.376981 2.312597 2.277869 2.259765 2.250640 2.246188 2.244086 2.243124 2.242697 2.242513 2.242436 2.242403 2.242386 2.242371 2.242345 2.242289 2.242167 2.241907 2.241368 2.240283 2.238169 2.234185 2.226920 2.214115 2.192325 2.156563 2.100034 2.014112 1.888792 1.713821 1.480668 1.185178 0.830381 0.428370 0.000000 
50.000000 42.220645 34.753849 27.874537 21.789907 16.622314 12.407090 9.103627 6.615365 4.813249 3.557707 2.715812 2.172192 1.833983 1.631130 1.513763 1.448219 1.412865 1.394436 1.385147 1.380615 1.378475 1.377496 1.377061 1.376874 1.376796 1.376763 1.376747 1.376735 1.376717 1.376678 1.376595 1.376417 1.376050 1.375316 1.373892 1.371221 1.366380 1.357906 1.343592 1.320293 1.283796 1.228865 1.149582 1.040091 0.895784 0.714800 0.499478 0.257194 0.000000 
50.000000 42.131140 34.578443 27.620000 21.465394 16.238389 11.974720 8.633307 6.116475 4.293678 3.023737 2.172192 1.622347 1.280267 1.075095 0.956387 0.890095 0.854338 0.835699 0.826304 0.821721 0.819557 0.818566 0.818127 0.817938 0.817859 0.817826 0.817811 0.817802 0.817789 0.817763 0.817709 0.817593 0.817355 0.816880 0.815964 0.814255 0.811173 0.805812 0.796817 0.782282 0.759694 0.725986 0.677765 0.611774 0.525576 0.418373 0.291744 0.150017 0.000000 
50.000000 42.075447 34.469299 27.461620 21.263477 15.999509 11.705702 8.340683 5.806080 3.970421 2.691526 1.833983 1.280267 0.935782 0.729168 0.609628 0.542870 0.506863 0.488094 0.478633 0.474019 0.471839 0.470842 0.470399 0.470209 0.470129 0.470097 0.470083 0.470075 0.470066 0.470050 0.470016 0.469944 0.469796 0.469502 0.468938 0.467891 0.466012 0.462762 0.457341 0.448639 0.435210 0.415315 0.387069 0.348709 0.298971 0.237530 0.165369 0.084943 0.000000 
50.000000 42.042038 34.403827 27.366612 21.142355 15.856217 11.544336 8.165160 5.619902 3.776531 2.492269 1.631130 1.075095 0.729168 0.521690 0.401651 0.334616 0.298459 0.279612 0.270112 0.265478 0.263289 0.262288 0.261843 0.261652 0.261572 0.261540 0.261526 0.261520 0.261514 0.261504 0.261483 0.261440 0.261352 0.261178 0.260845 0.260230 0.259130 0.257238 0.254100 0.249090 0.241406 0.230095 0.214140 0.192609 0.164864 0.130779 0.090931 0.046667 0.000000 
50.000000 42.022705 34.365939 27.311635 21.072267 15.773302 11.450964 8.063599 5.512177 3.664348 2.376981 1.513763 0.956387 0.609628 0.401651 0.281324 0.214127 0.177884 0.158992 0.149469 0.144824 0.142630 0.141627 0.141181 0.140990 0.140910 0.140877 0.140864 0.140858 0.140854 0.140848 0.140836 0.140811 0.140761 0.140662 0.140473 0.140125 0.139507 0.138448 0.136699 0.133922 0.129685 0.123482 0.114780 0.103102 0.088130 0.069820 0.048496 0.024872 0.000000 
50.000000 42.011906 34.344777 27.280927 21.033120 15.726992 11.398815 8.006877 5.452015 3.601696 2.312597 1.448219 0.890095 0.542870 0.334616 0.214127 0.146841 0.110550 0.091633 0.082097 0.077446 0.075249 0.074244 0.073799 0.073607 0.073527 0.073494 0.073481 0.073475 0.073472 0.073469 0.073462 0.073448 0.073421 0.073367 0.073264 0.073075 0.072740 0.072168 0.071229 0.069745 0.067490 0.064206 0.059620 0.053494 0.045673 0.036146 0.025085 0.012858 0.000000 
50.000000 42.006081 34.333361 27.264362 21.012002 15.702010 11.370684 7.976280 5.419562 3.567901 2.277869 1.412865 0.854338 0.506863 0.298459 0.177884 0.110550 0.074233 0.055302 0.045759 0.041105 0.038907 0.037901 0.037455 0.037263 0.037183 0.037150 0.037137 0.037132 0.037129 0.037127 0.037124 0.037116 0.037102 0.037073 0.037019 0.036920 0.036745 0.036448 0.035961 0.035195 0.034037 0.032356 0.030018 0.026908 0.022952 0.018149 0.012586 0.006448 0.000000 
50.000000 42.003043 34.327409 27.255725 21.000992 15.688986 11.356018 7.960330 5.402645 3.550285 2.259766 1.394437 0.835700 0.488095 0.279612 0.158992 0.091633 0.055302 0.036364 0.026818 0.022162 0.019963 0.018957 0.018511 0.018319 0.018238 0.018206 0.018193 0.018188 0.018186 0.018184 0.018182 0.018179 0.018171 0.018157 0.018129 0.018079 0.017991 0.017842 0.017598 0.017216 0.016640 0.015808 0.014655 0.013126 0.011187 0.008840 0.006127 0.003138 0.000000 
50.000000 42.001512 34.324408 27.251371 20.995441 15.682420 11.348625 7.952289 5.394117 3.541404 2.250640 1.385147 0.826304 0.478634 0.270112 0.149469 0.082098 0.045760 0.026819 0.017271 0.012614 0.010414 0.009408 0.008962 0.008770 0.008689 0.008657 0.008644 0.008639 0.008637 0.008636 0.008635 0.008633 0.008629 0.008622 0.008609 0.008584 0.008541 0.008469 0.008351 0.008167 0.007890 0.007491 0.006940 0.006212 0.005291 0.004178 0.002894 0.001482 0.000000 
50.000000 42.000765 34.322944 27.249246 20.992734 15.679217 11.345018 7.948367 5.389957 3.537073 2.246189 1.380616 0.821722 0.474020 0.265479 0.144825 0.077447 0.041106 0.022163 0.012614 0.007957 0.005757 0.004751 0.004305 0.004112 0.004032 0.004000 0.003987 0.003982 0.003980 0.003979 0.003979 0.003978 0.003976 0.003972 0.003966 0.003955 0.003934 0.003900 0.003845 0.003759 0.003630 0.003445 0.003190 0.002853 0.002429 0.001917 0.001327 0.000679 0.000000 
50.000000 42.000412 34.322253 27.248244 20.991456 15.677705 11.343316 7.946515 5.387994 3.535028 2.244089 1.378478 0.819560 0.471842 0.263292 0.142633 0.075252 0.038910 0.019966 0.010417 0.005759 0.003560 0.002553 0.002107 0.001915 0.001834 0.001802 0.001789 0.001784 0.001782 0.001781 0.001781 0.001781 0.001780 0.001778 0.001775 0.001770 0.001761 0.001745 0.001720 0.001681 0.001623 0.001539 0.001425 0.001274 0.001084 0.000855 0.000592 0.000303 0.000000 
50.000000 42.000251 34.321938 27.247787 20.990873 15.677016 11.342540 7.945672 5.387099 3.534097 2.243131 1.377503 0.818574 0.470849 0.262295 0.141634 0.074252 0.037909 0.018965 0.009415 0.004758 0.002558 0.001552 0.001105 0.000913 0.000833 0.000800 0.000787 0.000782 0.000781 0.000780 0.000780 0.000779 0.000779 0.000778 0.000777 0.000775 0.000771 0.000764 0.000753 0.000735 0.000710 0.000673 0.000622 0.000556 0.000473 0.000373 0.000258 0.000132 0.000000 
50.000000 42.000182 34.321801 27.247589 20.990621 15.676718 11.342204 7.945306 5.386712 3.533693 2.242717 1.377082 0.818147 0.470420 0.261864 0.141202 0.073819 0.037475 0.018531 0.008982 0.004324 0.002124 0.001118 0.000671 0.000479 0.000399 0.000367 0.000354 0.000349 0.000347 0.000346 0.000346 0.000346 0.000346 0.000345 0.000345 0.000344 0.000342 0.000339 0.000334 0.000326 0.000315 0.000298 0.000276 0.000246 0.000209 0.000165 0.000114 0.000058 0.000000 
50.000000 42.000156 34.321751 27.247516 20.990528 15.676608 11.342081 7.945172 5.386569 3.533545 2.242564 1.376926 0.817990 0.470262 0.261705 0.141043 0.073660 0.037316 0.018372 0.008822 0.004165 0.001965 0.000958 0.000512 0.000320 0.000240 0.000207 0.000194 0.000189 0.000187 0.000187 0.000187 0.000186 0.000186 0.000186 0.000186 0.000185 0.000184 0.000182 0.000180 0.000176 0.000169 0.000160 0.000148 0.000132 0.000113 0.000089 0.000061 0.000031 0.000000 
50.000000 42.000156 34.321751 27.247516 20.990528 15.676608 11.342081 7.945172 5.386569 3.533545 2.242564 1.376926 0.817990 0.470262 0.261705 0.141043 0.073660 0.037316 0.018372 0.008822 0.004165 0.001965 0.000958 0.000512 0.000320 0.000240 0.000207 0.000194 0.000189 0.000187 0.000187 0.000187 0.000186 0.000186 0.000186 0.000186 0.000185 0.000184 0.000182 0.000180 0.000176 0.000169 0.000160 0.000148 0.000132 0.000113 0.000089 0.000061 0.000031 0.000000 
50.000000 42.000182 34.321801 27.247589 20.990621 15.676718 11.342204 7.945306 5.386712 3.533693 2.242717 1.377082 0.818147 0.470420 0.261864 0.141202 0.073819 0.037475 0.018531 0.008982 0.004324 0.002124 0.001118 0.000671 0.000479 0.000399 0.000367 0.000354 0.000349 0.000347 0.000346 0.000346 0.000346 0.000346 0.000345 0.000345 0.000344 0.000342 0.000339 0.000334 0.000326 0.000315 0.000298 0.000276 0.000246 0.000209 0.000165 0.000114 0.000058 0.000000 
50.000000 42.000251 34.321938 27.247787 20.990873 15.677016 11.342540 7.945672 5.387099 3.534097 2.243131 1.377503 0.818574 0.470849 0.262295 0.141634 0.074252 0.037909 0.018965 0.009415 0.004758 0.002558 0.001552 0.001105 0.000913 0.000833 0.000800 0.000787 0.000782 0.000781 0.000780 0.000780 0.000779 0.000779 0.000778 0.000777 0.000775 0.000771 0.000764 0.000753 0.000735 0.000710 0.000673 0.000622 0.000556 0.000473 0.000373 0.000258 0.000132 0.000000 
50.000000 42.000412 34.322253 27.248244 20.991456 15.677705 11.343316 7.946515 5.387994 3.535028 2.244089 1.378478 0.819560 0.471842 0.263292 0.142633 0.075252 0.038910 0.019966 0.010417 0.005759 0.003560 0.002553 0.002107 0.001915 0.001834 0.001802 0.001789 0.001784 0.001782 0.001781 0.001781 0.001781 0.001780 0.001778 0.001775 0.001770 0.001761 0.001745 0.001720 0.001681 0.001623 0.001539 0.001425 0.001274 0.001084 0.000855 0.000592 0.000303 0.000000 
50.000000 42.000765 34.322944 27.249246 20.992734 15.679217 11.345018 7.948367 5.389957 3.537073 2.246189 1.380616 0.821722 0.474020 0.265479 0.144825 0.077447 0.041106 0.022163 0.012614 0.007957 0.005757 0.004751 0.004305 0.004112 0.004032 0.004000 0.003987 0.003982 0.003980 0.003979 0.003979 0.003978 0.003976 0.003972 0.003966 0.003955 0.003934 0.003900 0.003845 0.003759 0.003630 0.003445 0.003190 0.002853 0.002429 0.001917 0.001327 0.000679 0.000000 
50.000000 42.001512 34.324408 27.251371 20.995441 15.682420 11.348625 7.952289 5.394117 3.541404 2.250640 1.385147 0.826304 0.478634 0.270112 0.149469 0.082098 0.045760 0.026819 0.017271 0.012614 0.010414 0.009408 0.008962 0.008770 0.008689 0.008657 0.008644 0.008639 0.008637 0.008636 0.008635 0.008633 0.008629 0.008622 0.008609 0.008584 0.008541 0.008469 0.008351 0.008167 0.007890 0.007491 0.006940 0.006212 0.005291 0.004178 0.002894 0.001482 0.000000 
50.000000 42.003043 34.327409 27.255725 21.000992 15.688986 11.356018 7.960330 5.402645 3.550285 2.259766 1.394437 0.835700 0.488095 0.279612 0.158992 0.091633 0.055302 0.036364 0.026818 0.022162 0.019963 0.018957 0.018511 0.018319 0.018238 0.018206 0.018193 0.018188 0.018186 0.018184 0.018182 0.018179 0.018171 0.018157 0.018129 0.018079 0.017991 0.017842 0.017598 0.017216 0.016640 0.015808 0.014655 0.013126 0.011187 0.008840 0.006127 0.003138 0.000000 
50.000000 42.006081 34.333361 27.264362 21.012002 15.702010 11.370684 7.976280 5.419562 3.567901 2.277869 1.412865 0.854338 0.506863 0.298459 0.177884 0.110550 0.074233 0.055302 0.045759 0.041105 0.038907 0.037901 0.037455 0.037263 0.037183 0.037150 0.037137 0.037132 0.037129 0.037127 0.037124 0.037116 0.037102 0.037073 0.037019 0.036920 0.036745 0.036448 0.035961 0.035195 0.034037 0.032356 0.030018 0.026908 0.022952 0.018149 0.012586 0.006448 0.000000 
50.000000 42.011906 34.344777 27.280927 21.033120 15.726992 11.398815 8.006877 5.452015 3.601696 2.312597 1.448219 0.890095 0.542870 0.334616 0.214127 0.146841 0.110550 0.091633 0.082097 0.077446 0.075249 0.074244 0.073799 0.073607 0.073527 0.073494 0.073481 0.073475 0.073472 0.073469 0.073462 0.073448 0.073421 0.073367 0.073264 0.073075 0.072740 0.072168 0.071229 0.069745 0.067490 0.064206 0.059620 0.053494 0.045673 0.036146 0.025085 0.012858 0.000000 
50.000000 42.022705 34.365939 27.311635 21.072267 15.773302 11.450964 8.063599 5.512177 3.664348 2.376981 1.513763 0.956387 0.609628 0.401651 0.281324 0.214127 0.177884 0.158992 0.149469 0.144824 0.142630 0.141627 0.141181 0.140990 0.140910 0.140877 0.140864 0.140858 0.140854 0.140848 0.140836 0.140811 0.140761 0.140662 0.140473 0.140125 0.139507 0.138448 0.136699 0.133922 0.129685 0.123482 0.114780 0.103102 0.088130 0.069820 0.048496 0.024872 0.000000 
50.000000 42.042038 34.403827 27.366612 21.142355 15.856217 11.544336 8.165160 5.619902 3.776531 2.492269 1.631130 1.075095 0.729168 0.521690 0.401651 0.334616 0.298459 0.279612 0.270112 0.265478 0.263289 0.262288 0.261843 0.261652 0.261572 0.261540 0.261526 0.261520 0.261514 0.261504 0.261483 0.261440 0.261352 0.261178 0.260845 0.260230 0.259130 0.257238 0.254100 0.249090 0.241406 0.230095 0.214140 0.192609 0.164864 0.130779 0.090931 0.046667 0.000000 
50.000000 42.075447 34.469299 27.461620 21.263477 15.999509 11.705702 8.340683 5.806080 3.970421 2.691526 1.833983 1.280267 0.935782 0.729168 0.609628 0.542870 0.506863 0.488094 0.478633 0.474019 0.471839 0.470842 0.470399 0.470209 0.470129 0.470097 0.470083 0.470075 0.470066 0.470050 0.470016 0.469944 0.469796 0.469502 0.468938 0.467891 0.466012 0.462762 0.457341 0.448639 0.435210 0.415315 0.387069 0.348709 0.298971 0.237530 0.165369 0.084943 0.000000 
50.000000 42.131140 34.578443 27.620000 21.465394 16.238389 11.974720 8.633307 6.116475 4.293678 3.023737 2.172192 1.622347 1.280267 1.075095 0.956387 0.890095 0.854338 0.835699 0.826304 0.821721 0.819557 0.818566 0.818127 0.817938 0.817859 0.817826 0.817811 0.817802 0.817789 0.817763 0.817709 0.817593 0.817355 0.816880 0.815964 0.814255 0.811173 0.805812 0.796817 0.782282 0.759694 0.725986 0.677765 0.611774 0.525576 0.418373 0.291744 0.150017 0.000000 
50.000000 42.220645 34.753849 27.874537 21.789907 16.622314 12.407090 9.103627 6.615365 4.813249 3.557707 2.715812 2.172192 1.833983 1.631130 1.513763 1.448219 1.412865 1.394436 1.385147 1.380615 1.378475 1.377496 1.377061 1.376874 1.376796 1.376763 1.376747 1.376735 1.376717 1.376678 1.376595 1.376417 1.376050 1.375316 1.373892 1.371221 1.366380 1.357906 1.343592 1.320293 1.283796 1.228865 1.149582 1.040091 0.895784 0.714800 0.499478 0.257194 0.000000 
50.000000 42.359239 35.025461 28.268687 22.292420 17.216837 13.076644 9.831962 7.387959 5.617881 4.384651 3.557707 3.023737 2.691526 2.492269 2.376981 2.312597 2.277869 2.259765 2.250640 2.246188 2.244086 2.243124 2.242697 2.242513 2.242436 2.242403 2.242386 2.242371 2.242345 2.242289 2.242167 2.241907 2.241368 2.240283 2.238169 2.234185 2.226920 2.214115 2.192325 2.156563 2.100034 2.014112 1.888792 1.713821 1.480668 1.185178 0.830381 0.428370 0.000000 
50.000000 42.565902 35.430474 28.856427 23.041757 18.103390 14.075099 10.918092 8.540106 6.817825 5.617881 4.813249 4.293678 3.970421 3.776531 3.664348 3.601696 3.567901 3.550285 3.541404 3.537072 3.535026 3.534089 3.533674 3.533495 3.533419 3.533387 3.533369 3.533350 3.533315 3.533238 3.533069 3.532706 3.531951 3.530426 3.527441 3.521782 3.511396 3.492956 3.461318 3.408913 3.325218 3.196553 3.006554 2.737765 2.374711 1.908454 1.341897 0.693973 0.000000 
50.000000 42.862496 36.011736 29.699941 24.117204 19.375787 15.508123 12.476972 10.193764 8.540106 7.387959 6.615365 6.116475 5.806080 5.619902 5.512177 5.452015 5.419562 5.402645 5.394117 5.389956 5.387991 5.387092 5.386693 5.386521 5.386448 5.386416 5.386397 5.386374 5.386328 5.386227 5.386005 5.385526 5.384525 5.382493 5.378495 5.370871 5.356781 5.331570 5.287925 5.214888 5.096882 4.913078 4.637673 4.241819 3.698066 2.987803 2.111030 1.095557 0.000000 
50.000000 43.271972 36.814228 30.864508 25.601997 21.132519 17.486649 14.629294 12.476972 10.918092 9.831962 9.103627 8.633307 8.340683 8.165160 8.063599 8.006877 7.976280 7.960330 7.952289 7.948366 7.946513 7.945665 7.945289 7.945126 7.945057 7.945026 7.945006 7.944978 7.944923 7.944798 7.944522 7.943925 7.942672 7.940118 7.935065 7.925368 7.907321 7.874762 7.817850 7.721539 7.563894 7.314647 6.934744 6.378105 5.597279 4.554717 3.240091 1.690109 0.000000 
50.000000 43.815550 37.879535 32.410482 27.573094 23.464645 20.113247 17.486649 15.508123 14.075099 13.076644 12.407090 11.974720 11.705702 11.544336 11.450964 11.398815 11.370684 11.356018 11.348624 11.345018 11.343314 11.342534 11.342188 11.342039 11.341975 11.341945 11.341924 11.341894 11.341830 11.341685 11.341363 11.340665 11.339195 11.336184 11.330196 11.318633 11.296955 11.257508 11.187852 11.068546 10.870450 10.551905 10.056623 9.313972 8.244530 6.775101 4.867325 2.558889 0.000000 
50.000000 44.509099 39.238763 34.383006 30.088057 26.440282 23.464645 21.132519 19.375787 18.103390 17.216837 16.622314 16.238389 15.999509 15.856217 15.773302 15.726992 15.702010 15.688986 15.682420 15.679217 15.677703 15.677011 15.676703 15.676570 15.676513 15.676486 15.676466 15.676434 15.676365 15.676209 15.675860 15.675102 15.673498 15.670200 15.663608 15.650800 15.626615 15.582223 15.503015 15.365625 15.133969 14.754414 14.150673 13.220141 11.835634 9.860384 7.189138 3.828094 0.000000 
50.000000 45.359287 40.904981 36.801049 33.171075 30.088057 27.573094 25.601997 24.117204 23.041757 22.292420 21.789907 21.465394 21.263477 21.142355 21.072267 21.033120 21.012002 21.000992 20.995441 20.992733 20.991454 20.990868 20.990608 20.990496 20.990447 20.990424 20.990405 20.990374 20.990306 20.990151 20.989805 20.989050 20.987447 20.984137 20.977491 20.964506 20.939818 20.894124 20.811753 20.667046 20.419138 20.004718 19.328564 18.252422 16.585538 14.087181 10.507739 5.720987 0.000000 
50.000000 46.360294 42.866781 39.648057 36.801049 34.383006 32.410482 30.864508 29.699941 28.856427 28.268687 27.874537 27.620000 27.461620 27.366612 27.311635 27.280927 27.264362 27.255725 27.251370 27.249246 27.248242 27.247783 27.247579 27.247491 27.247452 27.247434 27.247417 27.247390 27.247330 27.247193 27.246885 27.246213 27.244781 27.241815 27.235834 27.224090 27.201627 27.159737 27.083509 26.947974 26.712138 26.309791 25.635381 24.522622 22.713868 19.824029 15.329231 8.698934 0.000000 
50.000000 47.491989 45.084713 42.866781 40.904981 39.238763 37.879535 36.814228 36.011736 35.430474 35.025461 34.753849 34.578443 34.469299 34.403827 34.365939 34.344777 34.333361 34.327409 34.324407 34.322943 34.322252 34.321935 34.321794 34.321734 34.321707 34.321694 34.321682 34.321662 34.321617 34.321514 34.321282 34.320775 34.319692 34.317444 34.312895 34.303930 34.286699 34.254371 34.195081 34.088577 33.900706 33.574136 33.012210 32.049625 30.397242 27.537549 22.542356 13.876207 0.000000 
50.000000 48.720295 47.491989 46.360294 45.359287 44.509099 43.815550 43.271972 42.862496 42.565902 42.359239 42.220645 42.131140 42.075447 42.042038 42.022705 42.011906 42.006081 42.003043 42.001512 42.000765 42.000412 42.000250 42.000178 42.000147 42.000134 42.000127 42.000121 42.000110 42.000086 42.000030 41.999906 41.999632 41.999048 41.997833 41.995371 41.990505 41.981123 41.963451 41.930869 41.871928 41.766938 41.581863 41.256661 40.681005 39.638300 37.661359 33.615782 24.360147 0.000000 
50.000000 50.000000 50.000000 50.000000 50.000000 50.000000 50.000000 50.000000 50.000000 50.000000 50.000000 50.000000 50.000000 50.000000 50.000000 50.000000 50.000000 50.000000 50.000000 50.000000 50.000000 50.000000 50.000000 50.000000 50.000000 50.000000 50.000000 50.000000 50.000000 50.000000 50.000000 50.000000 50.000000 50.000000 50.000000 50.000000 50.000000 50.000000 50.000000 50.000000 50.000000 50.000000 50.000000 50.000000 50.000000 50.000000 50.000000 50.000000 50.000000 50.000000 
