50.000000 50.000000 50.000000 50.000000 50.000000 50.000000 50.000000 50.000000 50.000000 50.000000 50.000000 50.000000 50.000000 50.000000 50.000000 50.000000 50.000000 50.000000 50.000000 50.000000 50.000000 50.000000 50.000000 50.000000 50.000000 50.000000 50.000000 50.000000 50.000000 50.000000 50.000000 50.000000 50.000000 50.000000 50.000000 50.000000 50.000000 50.000000 50.000000 50.000000 50.000000 50.000000 50.000000 50.000000 50.000000 50.000000 50.000000 50.000000 50.000000 50.000000 
50.000000 48.514951 47.099107 45.812010 44.696119 43.773162 43.044597 42.495439 42.099967 41.827696 41.648365 41.535280 41.466955 41.427369 41.405358 41.393602 41.387566 41.384585 41.383166 41.382516 41.382228 41.382105 41.382055 41.382035 41.382027 41.382024 41.382022 41.382021 41.382018 41.382010 41.381991 41.381944 41.381831 41.381567 41.380967 41.379648 41.376830 41.370984 41.359183 41.335981 41.291439 41.207674 41.052627 40.768165 40.245489 39.268784 37.370574 33.414891 24.257476 0.000000 
50.000000 47.099107 44.333402 41.819195 39.639430 37.836545 36.413389 35.340688 34.568196 34.036362 33.686072 33.465186 33.331728 33.254407 33.211415 33.188453 33.176664 33.170840 33.168070 33.166799 33.166238 33.165998 33.165899 33.165859 33.165844 33.165838 33.165836 33.165833 33.165827 33.165814 33.165779 33.165692 33.165484 33.164999 33.163902 33.161492 33.156359 33.145740 33.124393 33.082645 33.003069 32.854893 32.584478 32.098739 31.235228 29.706265 26.993795 22.166701 13.684217 0.000000 
50.000000 45.812010 41.819195 38.189477 35.042603 32.439840 30.385294 28.836699 27.721511 26.953753 26.448080 26.129216 25.936565 25.824951 25.762892 25.729748 25.712731 25.704325 25.700326 25.698493 25.697682 25.697336 25.697193 25.697137 25.697114 25.697106 25.697102 25.697098 25.697091 25.697073 25.697028 25.696915 25.696644 25.696014 25.694592 25.691481 25.684879 25.671287 25.644131 25.591437 25.492024 25.309437 24.982417 24.410200 23.430329 21.787115 19.094738 14.825400 8.441436 0.000000 
50.000000 44.696119 39.639430 35.042603 31.057296 27.761097 25.159201 23.198071 21.785825 20.813570 20.173221 19.769441 19.525492 19.384160 19.305579 19.263613 19.242067 19.231424 19.226361 19.224040 19.223014 19.222575 19.222395 19.222323 19.222295 19.222284 19.222279 19.222275 19.222267 19.222247 19.222197 19.222073 19.221777 19.221089 19.219543 19.216172 19.209053 19.194487 19.165602 19.110079 19.006581 18.819412 18.490912 17.931316 17.006736 15.528648 13.255488 9.933165 5.427335 0.000000 
50.000000 43.773162 37.836545 32.439840 27.761097 23.891405 20.836851 18.534572 16.876685 15.735342 14.983642 14.509661 14.223304 14.057408 13.965172 13.915915 13.890626 13.878135 13.872193 13.869469 13.868265 13.867750 13.867538 13.867454 13.867421 13.867409 13.867403 13.867399 13.867391 13.867371 13.867322 13.867202 13.866914 13.866247 13.864754 13.861515 13.854714 13.840891 13.813706 13.761978 13.666762 13.497265 13.205632 12.721159 11.945702 10.754361 9.009511 6.601318 3.527673 0.000000 
50.000000 43.044597 36.413389 30.385294 25.159201 20.836851 17.425034 14.853517 13.001783 11.727013 10.887456 10.358089 10.038279 9.853008 9.750003 9.694995 9.666756 9.652807 9.646173 9.643131 9.641786 9.641212 9.640975 9.640881 9.640844 9.640831 9.640825 9.640821 9.640813 9.640796 9.640752 9.640645 9.640390 9.639802 9.638490 9.635659 9.629748 9.617821 9.594562 9.550758 9.471123 9.331493 9.095637 8.712517 8.115692 7.227885 5.975094 4.314649 2.276432 0.000000 
50.000000 42.495439 35.340688 28.836699 23.198071 18.534572 14.853517 12.079115 10.081318 8.706023 7.800279 7.229192 6.884186 6.684325 6.573210 6.513874 6.483414 6.468368 6.461212 6.457932 6.456481 6.455862 6.455607 6.455505 6.455466 6.455451 6.455445 6.455441 6.455435 6.455420 6.455384 6.455296 6.455088 6.454608 6.453544 6.451258 6.446516 6.437014 6.418639 6.384376 6.322818 6.216383 6.039558 5.757881 5.328940 4.707159 3.854283 2.756210 1.442812 0.000000 
50.000000 42.099967 34.568196 27.721511 21.785825 16.876685 13.001783 10.081318 7.978376 6.530725 5.577347 4.976239 4.613105 4.402747 4.285800 4.223351 4.191294 4.175460 4.167929 4.164477 4.162951 4.162299 4.162031 4.161923 4.161882 4.161866 4.161860 4.161857 4.161852 4.161841 4.161813 4.161746 4.161586 4.161222 4.160417 4.158697 4.155149 4.148090 4.134549 4.109535 4.065081 3.989188 3.864935 3.670290 3.379420 2.966413 2.412074 1.713303 0.892293 0.000000 
50.000000 41.827696 34.036362 26.953753 20.813570 15.735342 11.727013 8.706023 6.530725 5.033286 4.047137 3.425378 3.049776 2.832200 2.711243 2.646655 2.613499 2.597124 2.589336 2.585766 2.584187 2.583514 2.583236 2.583125 2.583082 2.583066 2.583060 2.583057 2.583053 2.583045 2.583025 2.582977 2.582863 2.582603 2.582032 2.580817 2.578325 2.573400 2.564025 2.546855 2.516643 2.465644 2.383205 2.255890 2.068580 1.806989 1.461728 1.033293 0.536257 0.000000 
50.000000 41.648365 33.686072 26.448080 20.173221 14.983642 10.887456 7.800279 5.577347 4.047137 3.039421 2.404072 2.020268 1.797944 1.674350 1.608354 1.574477 1.557746 1.549789 1.546141 1.544529 1.543840 1.543557 1.543443 1.543400 1.543383 1.543377 1.543374 1.543371 1.543366 1.543352 1.543320 1.543243 1.543068 1.542685 1.541876 1.540225 1.536982 1.530850 1.519710 1.500282 1.467812 1.415903 1.336699 1.221664 1.063142 0.856643 0.603427 0.312384 0.000000 
50.000000 41.535280 33.465186 26.129216 19.769441 14.509661 10.358089 7.229192 4.976239 3.425378 2.404072 1.760164 1.371193 1.145880 1.020625 0.953744 0.919413 0.902458 0.894394 0.890698 0.889064 0.888367 0.888079 0.887964 0.887920 0.887903 0.887897 0.887895 0.887893 0.887889 0.887880 0.887859 0.887810 0.887699 0.887456 0.886946 0.885909 0.883885 0.880082 0.873222 0.861353 0.841690 0.810553 0.763527 0.695954 0.603839 0.485085 0.340792 0.176097 0.000000 
50.000000 41.466955 33.331728 25.936565 19.525492 14.223304 10.038279 6.884186 4.613105 3.049776 2.020268 1.371193 0.979105 0.751988 0.625732 0.558317 0.523713 0.506622 0.498494 0.494769 0.493122 0.492419 0.492129 0.492014 0.491969 0.491952 0.491946 0.491944 0.491942 0.491940 0.491935 0.491922 0.491892 0.491825 0.491679 0.491372 0.490754 0.489552 0.487308 0.483286 0.476376 0.465015 0.447173 0.420458 0.382412 0.331005 0.265278 0.185989 0.095971 0.000000 
50.000000 41.427369 33.254407 25.824951 19.384160 14.057408 9.853008 6.684325 4.402747 2.832200 1.797944 1.145880 0.751988 0.523828 0.396993 0.329270 0.294507 0.277339 0.269174 0.265431 0.263777 0.263071 0.262779 0.262663 0.262619 0.262602 0.262596 0.262593 0.262592 0.262591 0.262588 0.262580 0.262563 0.262524 0.262441 0.262266 0.261914 0.261234 0.259971 0.257719 0.253875 0.247598 0.237809 0.223260 0.202694 0.175107 0.140073 0.098049 0.050539 0.000000 
50.000000 41.405358 33.211415 25.762892 19.305579 13.965172 9.750003 6.573210 4.285800 2.711243 1.674350 1.020625 0.625732 0.396993 0.269837 0.201942 0.167092 0.149880 0.141695 0.137943 0.136284 0.135577 0.135285 0.135168 0.135123 0.135107 0.135101 0.135098 0.135097 0.135096 0.135095 0.135090 0.135081 0.135060 0.135014 0.134919 0.134728 0.134360 0.133680 0.132474 0.130427 0.127103 0.121952 0.114344 0.103657 0.089408 0.071411 0.049922 0.025710 0.000000 
50.000000 41.393602 33.188453 25.729748 19.263613 13.915915 9.694995 6.513874 4.223351 2.646655 1.608354 0.953744 0.558317 0.329270 0.201942 0.133956 0.099059 0.081824 0.073628 0.069871 0.068210 0.067502 0.067209 0.067093 0.067048 0.067031 0.067025 0.067023 0.067022 0.067021 0.067020 0.067018 0.067013 0.067002 0.066978 0.066928 0.066829 0.066638 0.066288 0.065669 0.064623 0.062934 0.060330 0.056505 0.051161 0.044070 0.035156 0.024551 0.012635 0.000000 
50.000000 41.387566 33.176664 25.712731 19.242067 13.890626 9.666756 6.483414 4.191294 2.613499 1.574477 0.919413 0.523713 0.294507 0.167092 0.099059 0.064138 0.046891 0.038690 0.034930 0.033268 0.032559 0.032267 0.032150 0.032105 0.032088 0.032082 0.032080 0.032079 0.032079 0.032078 0.032077 0.032075 0.032069 0.032057 0.032032 0.031982 0.031888 0.031714 0.031409 0.030896 0.030071 0.028805 0.026954 0.024379 0.020978 0.016717 0.011665 0.006000 0.000000 
50.000000 41.384585 33.170840 25.704325 19.231424 13.878135 9.652807 6.468368 4.175460 2.597124 1.557746 0.902458 0.506622 0.277339 0.149880 0.081824 0.046891 0.029639 0.021435 0.017674 0.016012 0.015302 0.015009 0.014893 0.014848 0.014831 0.014825 0.014823 0.014822 0.014822 0.014821 0.014821 0.014820 0.014817 0.014811 0.014799 0.014776 0.014730 0.014648 0.014503 0.014261 0.013873 0.013281 0.012417 0.011221 0.009647 0.007681 0.005356 0.002754 0.000000 
50.000000 41.383166 33.168070 25.700326 19.226361 13.872193 9.646173 6.461212 4.167929 2.589336 1.549789 0.894394 0.498494 0.269174 0.141695 0.073628 0.038690 0.021435 0.013229 0.009468 0.007805 0.007095 0.006802 0.006686 0.006641 0.006624 0.006618 0.006616 0.006615 0.006615 0.006615 0.006614 0.006614 0.006613 0.006610 0.006604 0.006593 0.006573 0.006535 0.006469 0.006359 0.006183 0.005916 0.005528 0.004991 0.004288 0.003411 0.002377 0.001222 0.000000 
50.000000 41.382516 33.166799 25.698493 19.224040 13.869469 9.643131 6.457932 4.164477 2.585766 1.546141 0.890698 0.494769 0.265431 0.137943 0.069871 0.034930 0.017674 0.009468 0.005706 0.004043 0.003334 0.003041 0.002924 0.002879 0.002862 0.002856 0.002854 0.002854 0.002853 0.002853 0.002853 0.002853 0.002852 0.002851 0.002849 0.002844 0.002835 0.002818 0.002789 0.002741 0.002664 0.002547 0.002379 0.002147 0.001843 0.001465 0.001021 0.000524 0.000000 
50.000000 41.382228 33.166238 25.697682 19.223014 13.868265 9.641786 6.456481 4.162951 2.584188 1.544529 0.889064 0.493122 0.263777 0.136285 0.068211 0.033268 0.016012 0.007805 0.004043 0.002380 0.001671 0.001378 0.001261 0.001216 0.001200 0.001193 0.001191 0.001191 0.001190 0.001190 0.001190 0.001190 0.001190 0.001189 0.001188 0.001186 0.001182 0.001175 0.001163 0.001143 0.001110 0.001061 0.000990 0.000893 0.000766 0.000609 0.000424 0.000218 0.000000 
50.000000 41.382106 33.165998 25.697336 19.222576 13.867751 9.641212 6.455863 4.162300 2.583514 1.543841 0.888367 0.492419 0.263071 0.135577 0.067502 0.032559 0.015302 0.007095 0.003334 0.001671 0.000961 0.000669 0.000552 0.000507 0.000490 0.000484 0.000482 0.000481 0.000481 0.000481 0.000481 0.000481 0.000481 0.000480 0.000480 0.000479 0.000477 0.000475 0.000470 0.000461 0.000448 0.000428 0.000399 0.000360 0.000309 0.000245 0.000171 0.000088 0.000000 
50.000000 41.382055 33.165899 25.697194 19.222395 13.867539 9.640976 6.455608 4.162032 2.583237 1.543558 0.888080 0.492130 0.262781 0.135286 0.067210 0.032268 0.015011 0.006804 0.003042 0.001379 0.000669 0.000377 0.000260 0.000215 0.000198 0.000192 0.000190 0.000189 0.000189 0.000189 0.000189 0.000189 0.000189 0.000189 0.000189 0.000188 0.000188 0.000186 0.000184 0.000181 0.000176 0.000168 0.000157 0.000141 0.000121 0.000096 0.000067 0.000034 0.000000 
50.000000 41.382035 33.165861 25.697138 19.222325 13.867456 9.640884 6.455508 4.161926 2.583128 1.543447 0.887967 0.492017 0.262667 0.135171 0.067096 0.032153 0.014896 0.006689 0.002927 0.001264 0.000555 0.000262 0.000145 0.000100 0.000084 0.000078 0.000075 0.000075 0.000074 0.000074 0.000074 0.000074 0.000074 0.000074 0.000074 0.000074 0.000074 0.000073 0.000073 0.000071 0.000069 0.000066 0.000062 0.000055 0.000048 0.000038 0.000026 0.000013 0.000000 
50.000000 41.382028 33.165847 25.697119 19.222301 13.867428 9.640852 6.455474 4.161891 2.583091 1.543409 0.887929 0.491978 0.262628 0.135133 0.067057 0.032114 0.014857 0.006650 0.002889 0.001226 0.000516 0.000223 0.000107 0.000062 0.000045 0.000039 0.000036 0.000036 0.000036 0.000035 0.000035 0.000035 0.000035 0.000035 0.000035 0.000035 0.000035 0.000035 0.000035 0.000034 0.000033 0.000031 0.000029 0.000026 0.000023 0.000018 0.000012 0.000006 0.000000 
50.000000 41.382028 33.165847 25.697119 19.222301 13.867428 9.640852 6.455474 4.161891 2.583091 1.543409 0.887929 0.491978 0.262628 0.135133 0.067057 0.032114 0.014857 0.006650 0.002889 0.001226 0.000516 0.000223 0.000107 0.000062 0.000045 0.000039 0.000036 0.000036 0.000036 0.000035 0.000035 0.000035 0.000035 0.000035 0.000035 0.000035 0.000035 0.000035 0.000035 0.000034 0.000033 0.000031 0.000029 0.000026 0.000023 0.000018 0.000012 0.000006 0.000000 
50.000000 41.382035 33.165861 25.697138 19.222325 13.867456 9.640884 6.455508 4.161926 2.583128 1.543447 0.887967 0.492017 0.262667 0.135171 0.067096 0.032153 0.014896 0.006689 0.002927 0.001264 0.000555 0.000262 0.000145 0.000100 0.000084 0.000078 0.000075 0.000075 0.000074 0.000074 0.000074 0.000074 0.000074 0.000074 0.000074 0.000074 0.000074 0.000073 0.000073 0.000071 0.000069 0.000066 0.000062 0.000055 0.000048 0.000038 0.000026 0.000013 0.000000 
50.000000 41.382055 33.165899 25.697194 19.222395 13.867539 9.640976 6.455608 4.162032 2.583237 1.543558 0.888080 0.492130 0.262781 0.135286 0.067210 0.032268 0.015011 0.006804 0.003042 0.001379 0.000669 0.000377 0.000260 0.000215 0.000198 0.000192 0.000190 0.000189 0.000189 0.000189 0.000189 0.000189 0.000189 0.000189 0.000189 0.000188 0.000188 0.000186 0.000184 0.000181 0.000176 0.000168 0.000157 0.000141 0.000121 0.000096 0.000067 0.000034 0.000000 
50.000000 41.382106 33.165998 25.697336 19.222576 13.867751 9.641212 6.455863 4.162300 2.583514 1.543841 0.888367 0.492419 0.263071 0.135577 0.067502 0.032559 0.015302 0.007095 0.003334 0.001671 0.000961 0.000669 0.000552 0.000507 0.000490 0.000484 0.000482 0.000481 0.000481 0.000481 0.000481 0.000481 0.000481 0.000480 0.000480 0.000479 0.000477 0.000475 0.000470 0.000461 0.000448 0.000428 0.000399 0.000360 0.000309 0.000245 0.000171 0.000088 0.000000 
50.000000 41.382228 33.166238 25.697682 19.223014 13.868265 9.641786 6.456481 4.162951 2.584188 1.544529 0.889064 0.493122 0.263777 0.136285 0.068211 0.033268 0.016012 0.007805 0.004043 0.002380 0.001671 0.001378 0.001261 0.001216 0.001200 0.001193 0.001191 0.001191 0.001190 0.001190 0.001190 0.001190 0.001190 0.001189 0.001188 0.001186 0.001182 0.001175 0.001163 0.001143 0.001110 0.001061 0.000990 0.000893 0.000766 0.000609 0.000424 0.000218 0.000000 
50.000000 41.382516 33.166799 25.698493 19.224040 13.869469 9.643131 6.457932 4.164477 2.585766 1.546141 0.890698 0.494769 0.265431 0.137943 0.069871 0.034930 0.017674 0.009468 0.005706 0.004043 0.003334 0.003041 0.002924 0.002879 0.002862 0.002856 0.002854 0.002854 0.002853 0.002853 0.002853 0.002853 0.002852 0.002851 0.002849 0.002844 0.002835 0.002818 0.002789 0.002741 0.002664 0.002547 0.002379 0.002147 0.001843 0.001465 0.001021 0.000524 0.000000 
50.000000 41.383166 33.168070 25.700326 19.226361 13.872193 9.646173 6.461212 4.167929 2.589336 1.549789 0.894394 0.498494 0.269174 0.141695 0.073628 0.038690 0.021435 0.013229 0.009468 0.007805 0.007095 0.006802 0.006686 0.006641 0.006624 0.006618 0.006616 0.006615 0.006615 0.006615 0.006614 0.006614 0.006613 0.006610 0.006604 0.006593 0.006573 0.006535 0.006469 0.006359 0.006183 0.005916 0.005528 0.004991 0.004288 0.003411 0.002377 0.001222 0.000000 
50.000000 41.384585 33.170840 25.704325 19.231424 13.878135 9.652807 6.468368 4.175460 2.597124 1.557746 0.902458 0.506622 0.277339 0.149880 0.081824 0.046891 0.029639 0.021435 0.017674 0.016012 0.015302 0.015009 0.014893 0.014848 0.014831 0.014825 0.014823 0.014822 0.014822 0.014821 0.014821 0.014820 0.014817 0.014811 0.014799 0.014776 0.014730 0.014648 0.014503 0.014261 0.013873 0.013281 0.012417 0.011221 0.009647 0.007681 0.005356 0.002754 0.000000 
50.000000 41.387566 33.176664 25.712731 19.242067 13.890626 9.666756 6.483414 4.191294 2.613499 1.574477 0.919413 0.523713 0.294507 0.167092 0.099059 0.064138 0.046891 0.038690 0.034930 0.033268 0.032559 0.032267 0.032150 0.032105 0.032088 0.032082 0.032080 0.032079 0.032079 0.032078 0.032077 0.032075 0.032069 0.032057 0.032032 0.031982 0.031888 0.031714 0.031409 0.030896 0.030071 0.028805 0.026954 0.024379 0.020978 0.016717 0.011665 0.006000 0.000000 
50.000000 41.393602 33.188453 25.729748 19.263613 13.915915 9.694995 6.513874 4.223351 2.646655 1.608354 0.953744 0.558317 0.329270 0.201942 0.133956 0.099059 0.081824 0.073628 0.069871 0.068210 0.067502 0.067209 0.067093 0.067048 0.067031 0.067025 0.067023 0.067022 0.067021 0.067020 0.067018 0.067013 0.067002 0.066978 0.066928 0.066829 0.066638 0.066288 0.065669 0.064623 0.062934 0.060330 0.056505 0.051161 0.044070 0.035156 0.024551 0.012635 0.000000 
50.000000 41.405358 33.211415 25.762892 19.305579 13.965172 9.750003 6.573210 4.285800 2.711243 1.674350 1.020625 0.625732 0.396993 0.269837 0.201942 0.167092 0.149880 0.141695 0.137943 0.136284 0.135577 0.135285 0.135168 0.135123 0.135107 0.135101 0.135098 0.135097 0.135096 0.135095 0.135090 0.135081 0.135060 0.135014 0.134919 0.134728 0.134360 0.133680 0.132474 0.130427 0.127103 0.121952 0.114344 0.103657 0.089408 0.071411 0.049922 0.025710 0.000000 
50.000000 41.427369 33.254407 25.824951 19.384160 14.057408 9.853008 6.684325 4.402747 2.832200 1.797944 1.145880 0.751988 0.523828 0.396993 0.329270 0.294507 0.277339 0.269174 0.265431 0.263777 0.263071 0.262779 0.262663 0.262619 0.262602 0.262596 0.262593 0.262592 0.262591 0.262588 0.262580 0.262563 0.262524 0.262441 0.262266 0.261914 0.261234 0.259971 0.257719 0.253875 0.247598 0.237809 0.223260 0.202694 0.175107 0.140073 0.098049 0.050539 0.000000 
50.000000 41.466955 33.331728 25.936565 19.525492 14.223304 10.038279 6.884186 4.613105 3.049776 2.020268 1.371193 0.979105 0.751988 0.625732 0.558317 0.523713 0.506622 0.498494 0.494769 0.493122 0.492419 0.492129 0.492014 0.491969 0.491952 0.491946 0.491944 0.491942 0.491940 0.491935 0.491922 0.491892 0.491825 0.491679 0.491372 0.490754 0.489552 0.487308 0.483286 0.476376 0.465015 0.447173 0.420458 0.382412 0.331005 0.265278 0.185989 0.095971 0.000000 
50.000000 41.535280 33.465186 26.129216 19.769441 14.509661 10.358089 7.229192 4.976239 3.425378 2.404072 1.760164 1.371193 1.145880 1.020625 0.953744 0.919413 0.902458 0.894394 0.890698 0.889064 0.888367 0.888079 0.887964 0.887920 0.887903 0.887897 0.887895 0.887893 0.887889 0.887880 0.887859 0.887810 0.887699 0.887456 0.886946 0.885909 0.883885 0.880082 0.873222 0.861353 0.841690 0.810553 0.763527 0.695954 0.603839 0.485085 0.340792 0.176097 0.000000 
50.000000 41.648365 33.686072 26.448080 20.173221 14.983642 10.887456 7.800279 5.577347 4.047137 3.039421 2.404072 2.020268 1.797944 1.674350 1.608354 1.574477 1.557746 1.549789 1.546141 1.544529 1.543840 1.543557 1.543443 1.543400 1.543383 1.543377 1.543374 1.543371 1.543366 1.543352 1.543320 1.543243 1.543068 1.542685 1.541876 1.540225 1.536982 1.530850 1.519710 1.500282 1.467812 1.415903 1.336699 1.221664 1.063142 0.856643 0.603427 0.312384 0.000000 
50.000000 41.827696 34.036362 26.953753 20.813570 15.735342 11.727013 8.706023 6.530725 5.033286 4.047137 3.425378 3.049776 2.832200 2.711243 2.646655 2.613499 2.597124 2.589336 2.585766 2.584187 2.583514 2.583236 2.583125 2.583082 2.583066 2.583060 2.583057 2.583053 2.583045 2.583025 2.582977 2.582863 2.582603 2.582032 2.580817 2.578325 2.573400 2.564025 2.546855 2.516643 2.465644 2.383205 2.255890 2.068580 1.806989 1.461728 1.033293 0.536257 0.000000 
50.000000 42.099967 34.568196 27.721511 21.785825 16.876685 13.001783 10.081318 7.978376 6.530725 5.577347 4.976239 4.613105 4.402747 4.285800 4.223351 4.191294 4.175460 4.167929 4.164477 4.162951 4.162299 4.162031 4.161923 4.161882 4.161866 4.161860 4.161857 4.161852 4.161841 4.161813 4.161746 4.161586 4.161222 4.160417 4.158697 4.155149 4.148090 4.134549 4.109535 4.065081 3.989188 3.864935 3.670290 3.379420 2.966413 2.412074 1.713303 0.892293 0.000000 
50.000000 42.495439 35.340688 28.836699 23.198071 18.534572 14.853517 12.079115 10.081318 8.706023 7.800279 7.229192 6.884186 6.684325 6.573210 6.513874 6.483414 6.468368 6.461212 6.457932 6.456481 6.455862 6.455607 6.455505 6.455466 6.455451 6.455445 6.455441 6.455435 6.455420 6.455384 6.455296 6.455088 6.454608 6.453544 6.451258 6.446516 6.437014 6.418639 6.384376 6.322818 6.216383 6.039558 5.757881 5.328940 4.707159 3.854283 2.756210 1.442812 0.000000 
50.000000 43.044597 36.413389 30.385294 25.159201 20.836851 17.425034 14.853517 13.001783 11.727013 10.887456 10.358089 10.038279 9.853008 9.750003 9.694995 9.666756 9.652807 9.646173 9.643131 9.641786 9.641212 9.640975 9.640881 9.640844 9.640831 9.640825 9.640821 9.640813 9.640796 9.640752 9.640645 9.640390 9.639802 9.638490 9.635659 9.629748 9.617821 9.594562 9.550758 9.471123 9.331493 9.095637 8.712517 8.115692 7.227885 5.975094 4.314649 2.276432 0.000000 
50.000000 43.773162 37.836545 32.439840 27.761097 23.891405 20.836851 18.534572 16.876685 15.735342 14.983642 14.509661 14.223304 14.057408 13.965172 13.915915 13.890626 13.878135 13.872193 13.869469 13.868265 13.867750 13.867538 13.867454 13.867421 13.867409 13.867403 13.867399 13.867391 13.867371 13.867322 13.867202 13.866914 13.866247 13.864754 13.861515 13.854714 13.840891 13.813706 13.761978 13.666762 13.497265 13.205632 12.721159 11.945702 10.754361 9.009511 6.601318 3.527673 0.000000 
50.000000 44.696119 39.639430 35.042603 31.057296 27.761097 25.159201 23.198071 21.785825 20.813570 20.173221 19.769441 19.525492 19.384160 19.305579 19.263613 19.242067 19.231424 19.226361 19.224040 19.223014 19.222575 19.222395 19.222323 19.222295 19.222284 19.222279 19.222275 19.222267 19.222247 19.222197 19.222073 19.221777 19.221089 19.219543 19.216172 19.209053 19.194487 19.165602 19.110079 19.006581 18.819412 18.490912 17.931316 17.006736 15.528648 13.255488 9.933165 5.427335 0.000000 
50.000000 45.812010 41.819195 38.189477 35.042603 32.439840 30.385294 28.836699 27.721511 26.953753 26.448080 26.129216 25.936565 25.824951 25.762892 25.729748 25.712731 25.704325 25.700326 25.698493 25.697682 25.697336 25.697193 25.697137 25.697114 25.697106 25.697102 25.697098 25.697091 25.697073 25.697028 25.696915 25.696644 25.696014 25.694592 25.691481 25.684879 25.671287 25.644131 25.591437 25.492024 25.309437 24.982417 24.410200 23.430329 21.787115 19.094738 14.825400 8.441436 0.000000 
50.000000 47.099107 44.333402 41.819195 39.639430 37.836545 36.413389 35.340688 34.568196 34.036362 33.686072 33.465186 33.331728 33.254407 33.211415 33.188453 33.176664 33.170840 33.168070 33.166799 33.166238 33.165998 33.165899 33.165859 33.165844 33.165838 33.165836 33.165833 33.165827 33.165814 33.165779 33.165692 33.165484 33.164999 33.163902 33.161492 33.156359 33.145740 33.124393 33.082645 33.003069 32.854893 32.584478 32.098739 31.235228 29.706265 26.993795 22.166701 13.684217 0.000000 
50.000000 48.514951 47.099107 45.812010 44.696119 43.773162 43.044597 42.495439 42.099967 41.827696 41.648365 41.535280 41.466955 41.427369 41.405358 41.393602 41.387566 41.384585 41.383166 41.382516 41.382228 41.382105 41.382055 41.382035 41.382027 41.382024 41.382022 41.382021 41.382018 41.382010 41.381991 41.381944 41.381831 41.381567 41.380967 41.379648 41.376830 41.370984 41.359183 41.335981 41.291439 41.207674 41.052627 40.768165 40.245489 39.268784 37.370574 33.414891 24.257476 0.000000 
50.000000 50.000000 50.000000 50.000000 50.000000 50.000000 50.000000 50.000000 50.000000 50.000000 50.000000 50.000000 50.000000 50.000000 50.000000 50.000000 50.000000 50.000000 50.000000 50.000000 50.000000 50.000000 50.000000 50.000000 50.000000 50.000000 50.000000 50.000000 50.000000 50.000000 50.000000 50.000000 50.000000 50.000000 50.000000 50.000000 50.000000 50.000000 50.000000 50.000000 50.000000 50.000000 50.000000 50.000000 50.000000 50.000000 50.000000 50.000000 50.000000 50.000000 
