50.000000 50.000000 50.000000 50.000000 50.000000 50.000000 50.000000 50.000000 50.000000 50.000000 50.000000 50.000000 50.000000 50.000000 50.000000 50.000000 50.000000 50.000000 50.000000 50.000000 50.000000 50.000000 50.000000 50.000000 50.000000 50.000000 50.000000 50.000000 50.000000 50.000000 50.000000 50.000000 50.000000 50.000000 50.000000 50.000000 50.000000 50.000000 50.000000 50.000000 50.000000 50.000000 50.000000 50.000000 50.000000 50.000000 50.000000 50.000000 50.000000 50.000000 
50.000000 44.936544 40.673544 37.634894 35.783845 34.809425 34.361107 34.178884 34.112804 34.091238 34.084853 34.083126 34.082698 34.082599 34.082578 34.082574 34.082573 34.082573 34.082573 34.082573 34.082573 34.082573 34.082573 34.082573 34.082573 34.082573 34.082573 34.082573 34.082573 34.082573 34.082573 34.082573 34.082573 34.082573 34.082573 34.082573 34.082572 34.082565 34.082535 34.082393 34.081784 34.079328 34.070118 34.037939 33.932969 33.611341 32.674110 30.019638 22.468272 0.000000 
50.000000 40.673544 32.821835 27.225675 23.817105 22.023063 21.197797 20.862424 20.740835 20.701160 20.689417 20.686243 20.685454 20.685273 20.685235 20.685227 20.685226 20.685225 20.685225 20.685225 20.685225 20.685225 20.685225 20.685225 20.685225 20.685225 20.685225 20.685225 20.685225 20.685225 20.685225 20.685225 20.685225 20.685225 20.685225 20.685225 20.685223 20.685214 20.685170 20.684967 20.684098 20.680637 20.667864 20.624250 20.486811 20.087699 19.021348 16.410917 10.653906 0.000000 
50.000000 37.634894 27.225675 19.807582 15.290044 12.912803 11.819520 11.375346 11.214355 11.161839 11.146300 11.142101 11.141058 11.140819 11.140768 11.140758 11.140756 11.140755 11.140755 11.140755 11.140755 11.140755 11.140755 11.140755 11.140755 11.140755 11.140755 11.140755 11.140755 11.140755 11.140755 11.140755 11.140755 11.140755 11.140755 11.140755 11.140753 11.140745 11.140706 11.140525 11.139759 11.136749 11.125829 11.089420 10.978428 10.670975 9.903791 8.204327 4.960784 0.000000 
50.000000 35.783845 23.817105 15.290044 10.098000 7.366362 6.110381 5.600235 5.415382 5.355099 5.337268 5.332451 5.331255 5.330981 5.330922 5.330911 5.330908 5.330908 5.330908 5.330908 5.330908 5.330908 5.330908 5.330908 5.330908 5.330908 5.330908 5.330908 5.330908 5.330908 5.330908 5.330908 5.330908 5.330908 5.330908 5.330908 5.330907 5.330901 5.330875 5.330754 5.330247 5.328278 5.321251 5.298311 5.230324 5.049000 4.619069 3.729406 2.172504 0.000000 
50.000000 34.809425 22.023063 12.912803 7.366362 4.448726 3.107465 2.562787 2.365464 2.301129 2.282103 2.276964 2.275689 2.275397 2.275334 2.275322 2.275320 2.275319 2.275319 2.275319 2.275319 2.275319 2.275319 2.275319 2.275319 2.275319 2.275319 2.275319 2.275319 2.275319 2.275319 2.275319 2.275319 2.275319 2.275319 2.275319 2.275319 2.275316 2.275301 2.275236 2.274964 2.273921 2.270249 2.258473 2.224363 2.136038 1.934375 1.536252 0.876456 0.000000 
50.000000 34.361107 21.197797 11.819520 6.110381 3.107465 1.727160 1.166698 0.963685 0.897504 0.877935 0.872650 0.871339 0.871039 0.870975 0.870962 0.870959 0.870959 0.870959 0.870959 0.870959 0.870959 0.870959 0.870959 0.870959 0.870959 0.870959 0.870959 0.870959 0.870959 0.870959 0.870959 0.870959 0.870959 0.870959 0.870959 0.870959 0.870957 0.870951 0.870921 0.870798 0.870332 0.868709 0.863580 0.848992 0.812069 0.730100 0.573547 0.323168 0.000000 
50.000000 34.178884 20.862424 11.375346 5.600235 2.562787 1.166698 0.599868 0.394563 0.327639 0.307853 0.302510 0.301184 0.300880 0.300816 0.300803 0.300800 0.300800 0.300800 0.300800 0.300800 0.300800 0.300800 0.300800 0.300800 0.300800 0.300800 0.300800 0.300800 0.300800 0.300800 0.300800 0.300800 0.300800 0.300800 0.300800 0.300800 0.300799 0.300797 0.300785 0.300737 0.300557 0.299934 0.297989 0.292538 0.278984 0.249517 0.194561 0.108765 0.000000 
50.000000 34.112804 20.740835 11.214355 5.415382 2.365464 0.963685 0.394563 0.188434 0.121245 0.101381 0.096017 0.094686 0.094381 0.094316 0.094303 0.094301 0.094300 0.094300 0.094300 0.094300 0.094300 0.094300 0.094300 0.094300 0.094300 0.094300 0.094300 0.094300 0.094300 0.094300 0.094300 0.094300 0.094300 0.094300 0.094300 0.094300 0.094300 0.094299 0.094295 0.094279 0.094217 0.094006 0.093353 0.091543 0.087104 0.077606 0.060198 0.033476 0.000000 
50.000000 34.091238 20.701160 11.161839 5.355099 2.301129 0.897504 0.327639 0.121245 0.053970 0.034081 0.028710 0.027378 0.027073 0.027008 0.026995 0.026992 0.026992 0.026992 0.026992 0.026992 0.026992 0.026992 0.026992 0.026992 0.026992 0.026992 0.026992 0.026992 0.026992 0.026992 0.026992 0.026992 0.026992 0.026992 0.026992 0.026992 0.026992 0.026991 0.026990 0.026985 0.026966 0.026902 0.026705 0.026165 0.024853 0.022080 0.017062 0.009454 0.000000 
50.000000 34.084853 20.689417 11.146300 5.337268 2.282103 0.877935 0.307853 0.101381 0.034081 0.014184 0.008812 0.007479 0.007173 0.007108 0.007095 0.007093 0.007093 0.007092 0.007092 0.007092 0.007092 0.007092 0.007092 0.007092 0.007092 0.007092 0.007092 0.007092 0.007092 0.007092 0.007092 0.007092 0.007092 0.007092 0.007092 0.007092 0.007092 0.007092 0.007092 0.007091 0.007085 0.007068 0.007014 0.006867 0.006514 0.005775 0.004450 0.002459 0.000000 
50.000000 34.083126 20.686243 11.142101 5.332451 2.276964 0.872650 0.302510 0.096017 0.028710 0.008812 0.003439 0.002106 0.001800 0.001735 0.001722 0.001720 0.001720 0.001719 0.001719 0.001719 0.001719 0.001719 0.001719 0.001719 0.001719 0.001719 0.001719 0.001719 0.001719 0.001719 0.001719 0.001719 0.001719 0.001719 0.001719 0.001719 0.001719 0.001719 0.001719 0.001719 0.001718 0.001713 0.001700 0.001663 0.001576 0.001395 0.001073 0.000592 0.000000 
50.000000 34.082698 20.685454 11.141058 5.331255 2.275689 0.871339 0.301184 0.094686 0.027378 0.007479 0.002106 0.000773 0.000467 0.000402 0.000389 0.000387 0.000386 0.000386 0.000386 0.000386 0.000386 0.000386 0.000386 0.000386 0.000386 0.000386 0.000386 0.000386 0.000386 0.000386 0.000386 0.000386 0.000386 0.000386 0.000386 0.000386 0.000386 0.000386 0.000386 0.000386 0.000386 0.000385 0.000382 0.000373 0.000354 0.000313 0.000240 0.000132 0.000000 
50.000000 34.082599 20.685273 11.140819 5.330981 2.275397 0.871039 0.300880 0.094381 0.027073 0.007173 0.001800 0.000467 0.000162 0.000097 0.000084 0.000081 0.000081 0.000081 0.000081 0.000081 0.000081 0.000081 0.000081 0.000081 0.000081 0.000081 0.000081 0.000081 0.000081 0.000081 0.000081 0.000081 0.000081 0.000081 0.000081 0.000081 0.000081 0.000081 0.000081 0.000081 0.000081 0.000081 0.000080 0.000078 0.000074 0.000065 0.000050 0.000028 0.000000 
50.000000 34.082578 20.685235 11.140768 5.330922 2.275334 0.870975 0.300816 0.094316 0.027008 0.007108 0.001735 0.000402 0.000097 0.000032 0.000019 0.000016 0.000016 0.000016 0.000016 0.000016 0.000016 0.000016 0.000016 0.000016 0.000016 0.000016 0.000016 0.000016 0.000016 0.000016 0.000016 0.000016 0.000016 0.000016 0.000016 0.000016 0.000016 0.000016 0.000016 0.000016 0.000016 0.000016 0.000016 0.000015 0.000014 0.000013 0.000010 0.000005 0.000000 
50.000000 34.082574 20.685227 11.140758 5.330911 2.275322 0.870962 0.300803 0.094303 0.026995 0.007095 0.001722 0.000389 0.000084 0.000019 0.000006 0.000003 0.000003 0.000003 0.000003 0.000003 0.000003 0.000003 0.000003 0.000003 0.000003 0.000003 0.000003 0.000003 0.000003 0.000003 0.000003 0.000003 0.000003 0.000003 0.000003 0.000003 0.000003 0.000003 0.000003 0.000003 0.000003 0.000003 0.000003 0.000003 0.000003 0.000002 0.000002 0.000001 0.000000 
50.000000 34.082573 20.685226 11.140756 5.330908 2.275320 0.870959 0.300800 0.094301 0.026992 0.007093 0.001720 0.000387 0.000081 0.000016 0.000003 0.000001 0.000001 0.000001 0.000001 0.000000 0.000000 0.000000 0.000000 0.000000 0.000000 0.000000 0.000000 0.000000 0.000000 0.000000 0.000000 0.000000 0.000000 0.000000 0.000000 0.000000 0.000000 0.000000 0.000000 0.000000 0.000000 0.000000 0.000000 0.000000 0.000000 0.000000 0.000000 0.000000 0.000000 
50.000000 34.082573 20.685225 11.140755 5.330908 2.275319 0.870959 0.300800 0.094300 0.026992 0.007093 0.001720 0.000386 0.000081 0.000016 0.000003 0.000001 0.000000 0.000000 0.000000 0.000000 0.000000 0.000000 0.000000 0.000000 0.000000 0.000000 0.000000 0.000000 0.000000 0.000000 0.000000 0.000000 0.000000 0.000000 0.000000 0.000000 0.000000 0.000000 0.000000 0.000000 0.000000 0.000000 0.000000 0.000000 0.000000 0.000000 0.000000 0.000000 0.000000 
50.000000 34.082573 20.685225 11.140755 5.330908 2.275319 0.870959 0.300800 0.094300 0.026992 0.007092 0.001719 0.000386 0.000081 0.000016 0.000003 0.000001 0.000000 0.000000 0.000000 0.000000 0.000000 0.000000 0.000000 0.000000 0.000000 0.000000 0.000000 0.000000 0.000000 0.000000 0.000000 0.000000 0.000000 0.000000 0.000000 0.000000 0.000000 0.000000 0.000000 0.000000 0.000000 0.000000 0.000000 0.000000 0.000000 0.000000 0.000000 0.000000 0.000000 
50.000000 34.082573 20.685225 11.140755 5.330908 2.275319 0.870959 0.300800 0.094300 0.026992 0.007092 0.001719 0.000386 0.000081 0.000016 0.000003 0.000001 0.000000 0.000000 0.000000 0.000000 0.000000 0.000000 0.000000 0.000000 0.000000 0.000000 0.000000 0.000000 0.000000 0.000000 0.000000 0.000000 0.000000 0.000000 0.000000 0.000000 0.000000 0.000000 0.000000 0.000000 0.000000 0.000000 0.000000 0.000000 0.000000 0.000000 0.000000 0.000000 0.000000 
50.000000 34.082573 20.685225 11.140755 5.330908 2.275319 0.870959 0.300800 0.094300 0.026992 0.007092 0.001719 0.000386 0.000081 0.000016 0.000003 0.000000 0.000000 0.000000 0.000000 0.000000 0.000000 0.000000 0.000000 0.000000 0.000000 0.000000 0.000000 0.000000 0.000000 0.000000 0.000000 0.000000 0.000000 0.000000 0.000000 0.000000 0.000000 0.000000 0.000000 0.000000 0.000000 0.000000 0.000000 0.000000 0.000000 0.000000 0.000000 0.000000 0.000000 
50.000000 34.082573 20.685225 11.140755 5.330908 2.275319 0.870959 0.300800 0.094300 0.026992 0.007092 0.001719 0.000386 0.000081 0.000016 0.000003 0.000000 0.000000 0.000000 0.000000 0.000000 0.000000 0.000000 0.000000 0.000000 0.000000 0.000000 0.000000 0.000000 0.000000 0.000000 0.000000 0.000000 0.000000 0.000000 0.000000 0.000000 0.000000 0.000000 0.000000 0.000000 0.000000 0.000000 0.000000 0.000000 0.000000 0.000000 0.000000 0.000000 0.000000 
50.000000 34.082573 20.685225 11.140755 5.330908 2.275319 0.870959 0.300800 0.094300 0.026992 0.007092 0.001719 0.000386 0.000081 0.000016 0.000003 0.000000 0.000000 0.000000 0.000000 0.000000 0.000000 0.000000 0.000000 0.000000 0.000000 0.000000 0.000000 0.000000 0.000000 0.000000 0.000000 0.000000 0.000000 0.000000 0.000000 0.000000 0.000000 0.000000 0.000000 0.000000 0.000000 0.000000 0.000000 0.000000 0.000000 0.000000 0.000000 0.000000 0.000000 
50.000000 34.082573 20.685225 11.140755 5.330908 2.275319 0.870959 0.300800 0.094300 0.026992 0.007092 0.001719 0.000386 0.000081 0.000016 0.000003 0.000000 0.000000 0.000000 0.000000 0.000000 0.000000 0.000000 0.000000 0.000000 0.000000 0.000000 0.000000 0.000000 0.000000 0.000000 0.000000 0.000000 0.000000 0.000000 0.000000 0.000000 0.000000 0.000000 0.000000 0.000000 0.000000 0.000000 0.000000 0.000000 0.000000 0.000000 0.000000 0.000000 0.000000 
50.000000 34.082573 20.685225 11.140755 5.330908 2.275319 0.870959 0.300800 0.094300 0.026992 0.007092 0.001719 0.000386 0.000081 0.000016 0.000003 0.000000 0.000000 0.000000 0.000000 0.000000 0.000000 0.000000 0.000000 0.000000 0.000000 0.000000 0.000000 0.000000 0.000000 0.000000 0.000000 0.000000 0.000000 0.000000 0.000000 0.000000 0.000000 0.000000 0.000000 0.000000 0.000000 0.000000 0.000000 0.000000 0.000000 0.000000 0.000000 0.000000 0.000000 
50.000000 34.082573 20.685225 11.140755 5.330908 2.275319 0.870959 0.300800 0.094300 0.026992 0.007092 0.001719 0.000386 0.000081 0.000016 0.000003 0.000000 0.000000 0.000000 0.000000 0.000000 0.000000 0.000000 0.000000 0.000000 0.000000 0.000000 0.000000 0.000000 0.000000 0.000000 0.000000 0.000000 0.000000 0.000000 0.000000 0.000000 0.000000 0.000000 0.000000 0.000000 0.000000 0.000000 0.000000 0.000000 0.000000 0.000000 0.000000 0.000000 0.000000 
50.000000 34.082573 20.685225 11.140755 5.330908 2.275319 0.870959 0.300800 0.094300 0.026992 0.007092 0.001719 0.000386 0.000081 0.000016 0.000003 0.000000 0.000000 0.000000 0.000000 0.000000 0.000000 0.000000 0.000000 0.000000 0.000000 0.000000 0.000000 0.000000 0.000000 0.000000 0.000000 0.000000 0.000000 0.000000 0.000000 0.000000 0.000000 0.000000 0.000000 0.000000 0.000000 0.000000 0.000000 0.000000 0.000000 0.000000 0.000000 0.000000 0.000000 
50.000000 34.082573 20.685225 11.140755 5.330908 2.275319 0.870959 0.300800 0.094300 0.026992 0.007092 0.001719 0.000386 0.000081 0.000016 0.000003 0.000000 0.000000 0.000000 0.000000 0.000000 0.000000 0.000000 0.000000 0.000000 0.000000 0.000000 0.000000 0.000000 0.000000 0.000000 0.000000 0.000000 0.000000 0.000000 0.000000 0.000000 0.000000 0.000000 0.000000 0.000000 0.000000 0.000000 0.000000 0.000000 0.000000 0.000000 0.000000 0.000000 0.000000 
50.000000 34.082573 20.685225 11.140755 5.330908 2.275319 0.870959 0.300800 0.094300 0.026992 0.007092 0.001719 0.000386 0.000081 0.000016 0.000003 0.000000 0.000000 0.000000 0.000000 0.000000 0.000000 0.000000 0.000000 0.000000 0.000000 0.000000 0.000000 0.000000 0.000000 0.000000 0.000000 0.000000 0.000000 0.000000 0.000000 0.000000 0.000000 0.000000 0.000000 0.000000 0.000000 0.000000 0.000000 0.000000 0.000000 0.000000 0.000000 0.000000 0.000000 
50.000000 34.082573 20.685225 11.140755 5.330908 2.275319 0.870959 0.300800 0.094300 0.026992 0.007092 0.001719 0.000386 0.000081 0.000016 0.000003 0.000000 0.000000 0.000000 0.000000 0.000000 0.000000 0.000000 0.000000 0.000000 0.000000 0.000000 0.000000 0.000000 0.000000 0.000000 0.000000 0.000000 0.000000 0.000000 0.000000 0.000000 0.000000 0.000000 0.000000 0.000000 0.000000 0.000000 0.000000 0.000000 0.000000 0.000000 0.000000 0.000000 0.000000 
50.000000 34.082573 20.685225 11.140755 5.330908 2.275319 0.870959 0.300800 0.094300 0.026992 0.007092 0.001719 0.000386 0.000081 0.000016 0.000003 0.000001 0.000000 0.000000 0.000000 0.000000 0.000000 0.000000 0.000000 0.000000 0.000000 0.000000 0.000000 0.000000 0.000000 0.000000 0.000000 0.000000 0.000000 0.000000 0.000000 0.000000 0.000000 0.000000 0.000000 0.000000 0.000000 0.000000 0.000000 0.000000 0.000000 0.000000 0.000000 0.000000 0.000000 
50.000000 34.082573 20.685225 11.140755 5.330908 2.275319 0.870959 0.300800 0.094300 0.026992 0.007092 0.001719 0.000386 0.000081 0.000016 0.000003 0.000001 0.000000 0.000000 0.000000 0.000000 0.000000 0.000000 0.000000 0.000000 0.000000 0.000000 0.000000 0.000000 0.000000 0.000000 0.000000 0.000000 0.000000 0.000000 0.000000 0.000000 0.000000 0.000000 0.000000 0.000000 0.000000 0.000000 0.000000 0.000000 0.000000 0.000000 0.000000 0.000000 0.000000 
50.000000 34.082573 20.685225 11.140755 5.330908 2.275319 0.870959 0.300800 0.094300 0.026992 0.007093 0.001720 0.000386 0.000081 0.000016 0.000003 0.000001 0.000000 0.000000 0.000000 0.000000 0.000000 0.000000 0.000000 0.000000 0.000000 0.000000 0.000000 0.000000 0.000000 0.000000 0.000000 0.000000 0.000000 0.000000 0.000000 0.000000 0.000000 0.000000 0.000000 0.000000 0.000000 0.000000 0.000000 0.000000 0.000000 0.000000 0.000000 0.000000 0.000000 
50.000000 34.082573 20.685226 11.140756 5.330908 2.275320 0.870959 0.300800 0.094301 0.026992 0.007093 0.001720 0.000387 0.000081 0.000016 0.000003 0.000001 0.000001 0.000001 0.000001 0.000000 0.000000 0.000000 0.000000 0.000000 0.000000 0.000000 0.000000 0.000000 0.000000 0.000000 0.000000 0.000000 0.000000 0.000000 0.000000 0.000000 0.000000 0.000000 0.000000 0.000000 0.000000 0.000000 0.000000 0.000000 0.000000 0.000000 0.000000 0.000000 0.000000 
50.000000 34.082574 20.685227 11.140758 5.330911 2.275322 0.870962 0.300803 0.094303 0.026995 0.007095 0.001722 0.000389 0.000084 0.000019 0.000006 0.000003 0.000003 0.000003 0.000003 0.000003 0.000003 0.000003 0.000003 0.000003 0.000003 0.000003 0.000003 0.000003 0.000003 0.000003 0.000003 0.000003 0.000003 0.000003 0.000003 0.000003 0.000003 0.000003 0.000003 0.000003 0.000003 0.000003 0.000003 0.000003 0.000003 0.000002 0.000002 0.000001 0.000000 
50.000000 34.082578 20.685235 11.140768 5.330922 2.275334 0.870975 0.300816 0.094316 0.027008 0.007108 0.001735 0.000402 0.000097 0.000032 0.000019 0.000016 0.000016 0.000016 0.000016 0.000016 0.000016 0.000016 0.000016 0.000016 0.000016 0.000016 0.000016 0.000016 0.000016 0.000016 0.000016 0.000016 0.000016 0.000016 0.000016 0.000016 0.000016 0.000016 0.000016 0.000016 0.000016 0.000016 0.000016 0.000015 0.000014 0.000013 0.000010 0.000005 0.000000 
50.000000 34.082599 20.685273 11.140819 5.330981 2.275397 0.871039 0.300880 0.094381 0.027073 0.007173 0.001800 0.000467 0.000162 0.000097 0.000084 0.000081 0.000081 0.000081 0.000081 0.000081 0.000081 0.000081 0.000081 0.000081 0.000081 0.000081 0.000081 0.000081 0.000081 0.000081 0.000081 0.000081 0.000081 0.000081 0.000081 0.000081 0.000081 0.000081 0.000081 0.000081 0.000081 0.000081 0.000080 0.000078 0.000074 0.000065 0.000050 0.000028 0.000000 
50.000000 34.082698 20.685454 11.141058 5.331255 2.275689 0.871339 0.301184 0.094686 0.027378 0.007479 0.002106 0.000773 0.000467 0.000402 0.000389 0.000387 0.000386 0.000386 0.000386 0.000386 0.000386 0.000386 0.000386 0.000386 0.000386 0.000386 0.000386 0.000386 0.000386 0.000386 0.000386 0.000386 0.000386 0.000386 0.000386 0.000386 0.000386 0.000386 0.000386 0.000386 0.000386 0.000385 0.000382 0.000373 0.000354 0.000313 0.000240 0.000132 0.000000 
50.000000 34.083126 20.686243 11.142101 5.332451 2.276964 0.872650 0.302510 0.096017 0.028710 0.008812 0.003439 0.002106 0.001800 0.001735 0.001722 0.001720 0.001720 0.001719 0.001719 0.001719 0.001719 0.001719 0.001719 0.001719 0.001719 0.001719 0.001719 0.001719 0.001719 0.001719 0.001719 0.001719 0.001719 0.001719 0.001719 0.001719 0.001719 0.001719 0.001719 0.001719 0.001718 0.001713 0.001700 0.001663 0.001576 0.001395 0.001073 0.000592 0.000000 
50.000000 34.084853 20.689417 11.146300 5.337268 2.282103 0.877935 0.307853 0.101381 0.034081 0.014184 0.008812 0.007479 0.007173 0.007108 0.007095 0.007093 0.007093 0.007092 0.007092 0.007092 0.007092 0.007092 0.007092 0.007092 0.007092 0.007092 0.007092 0.007092 0.007092 0.007092 0.007092 0.007092 0.007092 0.007092 0.007092 0.007092 0.007092 0.007092 0.007092 0.007091 0.007085 0.007068 0.007014 0.006867 0.006514 0.005775 0.004450 0.002459 0.000000 
50.000000 34.091238 20.701160 11.161839 5.355099 2.301129 0.897504 0.327639 0.121245 0.053970 0.034081 0.028710 0.027378 0.027073 0.027008 0.026995 0.026992 0.026992 0.026992 0.026992 0.026992 0.026992 0.026992 0.026992 0.026992 0.026992 0.026992 0.026992 0.026992 0.026992 0.026992 0.026992 0.026992 0.026992 0.026992 0.026992 0.026992 0.026992 0.026991 0.026990 0.026985 0.026966 0.026902 0.026705 0.026165 0.024853 0.022080 0.017062 0.009454 0.000000 
50.000000 34.112804 20.740835 11.214355 5.415382 2.365464 0.963685 0.394563 0.188434 0.121245 0.101381 0.096017 0.094686 0.094381 0.094316 0.094303 0.094301 0.094300 0.094300 0.094300 0.094300 0.094300 0.094300 0.094300 0.094300 0.094300 0.094300 0.094300 0.094300 0.094300 0.094300 0.094300 0.094300 0.094300 0.094300 0.094300 0.094300 0.094300 0.094299 0.094295 0.094279 0.094217 0.094006 0.093353 0.091543 0.087104 0.077606 0.060198 0.033476 0.000000 
50.000000 34.178884 20.862424 11.375346 5.600235 2.562787 1.166698 0.599868 0.394563 0.327639 0.307853 0.302510 0.301184 0.300880 0.300816 0.300803 0.300800 0.300800 0.300800 0.300800 0.300800 0.300800 0.300800 0.300800 0.300800 0.300800 0.300800 0.300800 0.300800 0.300800 0.300800 0.300800 0.300800 0.300800 0.300800 0.300800 0.300800 0.300799 0.300797 0.300785 0.300737 0.300557 0.299934 0.297989 0.292538 0.278984 0.249517 0.194561 0.108765 0.000000 
50.000000 34.361107 21.197797 11.819520 6.110381 3.107465 1.727160 1.166698 0.963685 0.897504 0.877935 0.872650 0.871339 0.871039 0.870975 0.870962 0.870959 0.870959 0.870959 0.870959 0.870959 0.870959 0.870959 0.870959 0.870959 0.870959 0.870959 0.870959 0.870959 0.870959 0.870959 0.870959 0.870959 0.870959 0.870959 0.870959 0.870959 0.870957 0.870951 0.870921 0.870798 0.870332 0.868709 0.863580 0.848992 0.812069 0.730100 0.573547 0.323168 0.000000 
50.000000 34.809425 22.023063 12.912803 7.366362 4.448726 3.107465 2.562787 2.365464 2.301129 2.282103 2.276964 2.275689 2.275397 2.275334 2.275322 2.275320 2.275319 2.275319 2.275319 2.275319 2.275319 2.275319 2.275319 2.275319 2.275319 2.275319 2.275319 2.275319 2.275319 2.275319 2.275319 2.275319 2.275319 2.275319 2.275319 2.275319 2.275316 2.275301 2.275236 2.274964 2.273921 2.270249 2.258473 2.224363 2.136038 1.934375 1.536252 0.876456 0.000000 
50.000000 35.783845 23.817105 15.290044 10.098000 7.366362 6.110381 5.600235 5.415382 5.355099 5.337268 5.332451 5.331255 5.330981 5.330922 5.330911 5.330908 5.330908 5.330908 5.330908 5.330908 5.330908 5.330908 5.330908 5.330908 5.330908 5.330908 5.330908 5.330908 5.330908 5.330908 5.330908 5.330908 5.330908 5.330908 5.330908 5.330907 5.330901 5.330875 5.330754 5.330247 5.328278 5.321251 5.298311 5.230324 5.049000 4.619069 3.729406 2.172504 0.000000 
50.000000 37.634894 27.225675 19.807582 15.290044 12.912803 11.819520 11.375346 11.214355 11.161839 11.146300 11.142101 11.141058 11.140819 11.140768 11.140758 11.140756 11.140755 11.140755 11.140755 11.140755 11.140755 11.140755 11.140755 11.140755 11.140755 11.140755 11.140755 11.140755 11.140755 11.140755 11.140755 11.140755 11.140755 11.140755 11.140755 11.140753 11.140745 11.140706 11.140525 11.139759 11.136749 11.125829 11.089420 10.978428 10.670975 9.903791 8.204327 4.960784 0.000000 
50.000000 40.673544 32.821835 27.225675 23.817105 22.023063 21.197797 20.862424 20.740835 20.701160 20.689417 20.686243 20.685454 20.685273 20.685235 20.685227 20.685226 20.685225 20.685225 20.685225 20.685225 20.685225 20.685225 20.685225 20.685225 20.685225 20.685225 20.685225 20.685225 20.685225 20.685225 20.685225 20.685225 20.685225 20.685225 20.685225 20.685223 20.685214 20.685170 20.684967 20.684098 20.680637 20.667864 20.624250 20.486811 20.087699 19.021348 16.410917 10.653906 0.000000 
50.000000 44.936544 40.673544 37.634894 35.783845 34.809425 34.361107 34.178884 34.112804 34.091238 34.084853 34.083126 34.082698 34.082599 34.082578 34.082574 34.082573 34.082573 34.082573 34.082573 34.082573 34.082573 34.082573 34.082573 34.082573 34.082573 34.082573 34.082573 34.082573 34.082573 34.082573 34.082573 34.082573 34.082573 34.082573 34.082573 34.082572 34.082565 34.082535 34.082393 34.081784 34.079328 34.070118 34.037939 33.932969 33.611341 32.674110 30.019638 22.468272 0.000000 
50.000000 50.000000 50.000000 50.000000 50.000000 50.000000 50.000000 50.000000 50.000000 50.000000 50.000000 50.000000 50.000000 50.000000 50.000000 50.000000 50.000000 50.000000 50.000000 50.000000 50.000000 50.000000 50.000000 50.000000 50.000000 50.000000 50.000000 50.000000 50.000000 50.000000 50.000000 50.000000 50.000000 50.000000 50.000000 50.000000 50.000000 50.000000 50.000000 50.000000 50.000000 50.000000 50.000000 50.000000 50.000000 50.000000 50.000000 50.000000 50.000000 50.000000 
