50.000000 50.000000 50.000000 50.000000 50.000000 50.000000 50.000000 50.000000 50.000000 50.000000 50.000000 50.000000 50.000000 50.000000 50.000000 50.000000 50.000000 50.000000 50.000000 50.000000 50.000000 50.000000 50.000000 50.000000 50.000000 50.000000 50.000000 50.000000 50.000000 50.000000 50.000000 50.000000 50.000000 50.000000 50.000000 50.000000 50.000000 50.000000 50.000000 50.000000 50.000000 50.000000 50.000000 50.000000 50.000000 50.000000 50.000000 50.000000 50.000000 50.000000 
50.000000 48.238964 46.575220 45.089958 43.836604 42.836308 42.080759 41.540219 41.173590 40.937597 40.793278 40.709333 40.662837 40.638284 40.625906 40.619944 40.617195 40.615981 40.615467 40.615258 40.615176 40.615146 40.615135 40.615131 40.615129 40.615129 40.615129 40.615128 40.615128 40.615126 40.615121 40.615108 40.615072 40.614978 40.614739 40.614156 40.612781 40.609644 40.602719 40.587914 40.557196 40.495166 40.372714 40.134835 39.675542 38.780879 36.983614 33.145927 24.119482 0.000000 
50.000000 46.575220 43.339654 40.451203 38.013765 36.068470 34.599154 33.547976 32.835008 32.376086 32.095443 31.932207 31.841793 31.794049 31.769982 31.758387 31.753043 31.750683 31.749683 31.749277 31.749118 31.749058 31.749037 31.749029 31.749027 31.749026 31.749025 31.749025 31.749024 31.749021 31.749012 31.748988 31.748923 31.748752 31.748322 31.747274 31.744806 31.739195 31.726859 31.700627 31.646597 31.538581 31.328392 30.928719 30.182309 28.804916 26.278936 21.669827 13.429293 0.000000 
50.000000 45.089958 40.451203 36.310122 32.815673 30.026819 27.920375 26.413407 25.391316 24.733433 24.331127 24.097133 23.967531 23.899094 23.864597 23.847979 23.840319 23.836937 23.835504 23.834922 23.834694 23.834608 23.834577 23.834567 23.834563 23.834562 23.834561 23.834561 23.834559 23.834555 23.834544 23.834514 23.834431 23.834215 23.833672 23.832351 23.829256 23.822251 23.806946 23.774660 23.708842 23.579062 23.331228 22.872166 22.046247 20.602287 18.155061 14.172267 8.106345 0.000000 
50.000000 43.836604 38.013765 32.815673 28.429312 24.928688 22.284683 20.393179 19.110308 18.284591 17.779668 17.485997 17.323347 17.237462 17.194172 17.173318 17.163707 17.159462 17.157665 17.156934 17.156649 17.156541 17.156502 17.156489 17.156484 17.156483 17.156482 17.156482 17.156480 17.156476 17.156464 17.156432 17.156344 17.156116 17.155545 17.154163 17.150938 17.143684 17.127954 17.095079 17.028859 16.900282 16.659631 16.225559 15.471744 14.214656 12.213386 9.208849 5.055725 0.000000 
50.000000 42.836308 36.068470 30.026819 24.928688 20.860085 17.787147 15.588837 14.097920 13.138322 12.551550 12.210286 12.021284 11.921488 11.871188 11.846959 11.835792 11.830861 11.828774 11.827925 11.827593 11.827468 11.827423 11.827407 11.827402 11.827400 11.827399 11.827399 11.827397 11.827394 11.827383 11.827352 11.827271 11.827059 11.826531 11.825260 11.822309 11.815714 11.801532 11.772186 11.713805 11.602195 11.397342 11.036850 10.430042 9.456944 7.980572 5.886161 3.160766 0.000000 
50.000000 42.080759 34.599154 27.920375 22.284683 17.787147 14.390312 11.960347 10.312363 9.251704 8.603157 8.225977 8.017092 7.906802 7.851215 7.824441 7.812101 7.806653 7.804346 7.803408 7.803041 7.802903 7.802854 7.802836 7.802830 7.802828 7.802828 7.802827 7.802826 7.802823 7.802813 7.802788 7.802719 7.802542 7.802102 7.801046 7.798610 7.793204 7.781673 7.758054 7.711630 7.624183 7.466544 7.195156 6.750298 6.059125 5.048209 3.670435 1.945924 0.000000 
50.000000 41.540219 33.547976 26.413407 20.393179 15.588837 11.960347 9.364722 7.604433 6.471524 5.778819 5.375972 5.152881 5.035094 4.975731 4.947139 4.933962 4.928145 4.925682 4.924680 4.924289 4.924142 4.924088 4.924070 4.924064 4.924062 4.924061 4.924060 4.924059 4.924057 4.924050 4.924030 4.923977 4.923841 4.923504 4.922701 4.920859 4.916799 4.908209 4.890781 4.856917 4.793988 4.682361 4.493803 4.191495 3.733548 3.082180 2.219584 1.167505 0.000000 
50.000000 41.173590 32.835008 25.391316 19.110308 14.097920 10.312363 7.604433 5.768019 4.586146 3.863522 3.443288 3.210575 3.087711 3.025793 2.995971 2.982227 2.976160 2.973591 2.972547 2.972139 2.971985 2.971930 2.971911 2.971904 2.971902 2.971901 2.971901 2.971900 2.971898 2.971893 2.971879 2.971841 2.971745 2.971506 2.970941 2.969652 2.966829 2.960902 2.948985 2.926072 2.884010 2.810444 2.688180 2.495725 2.210026 1.812254 1.296426 0.678424 0.000000 
50.000000 40.937597 32.376086 24.733433 18.284591 13.138322 9.251704 6.471524 4.586146 3.372785 2.630925 2.199513 1.960617 1.834492 1.770932 1.740320 1.726213 1.719986 1.717349 1.716277 1.715858 1.715701 1.715644 1.715624 1.715617 1.715615 1.715614 1.715614 1.715614 1.715612 1.715609 1.715599 1.715574 1.715510 1.715353 1.714982 1.714141 1.712310 1.708495 1.700885 1.686393 1.660074 1.614607 1.540074 1.424518 1.255733 1.024591 0.729489 0.380400 0.000000 
50.000000 40.793278 32.095443 24.331127 17.779668 12.551550 8.603157 5.778819 3.863522 2.630925 1.877315 1.439079 1.196408 1.068293 1.003732 0.972638 0.958310 0.951984 0.949306 0.948218 0.947792 0.947632 0.947575 0.947554 0.947548 0.947545 0.947545 0.947544 0.947544 0.947543 0.947541 0.947535 0.947520 0.947480 0.947383 0.947155 0.946640 0.945527 0.943221 0.938658 0.930039 0.914537 0.888038 0.845103 0.779364 0.684589 0.556468 0.394815 0.205364 0.000000 
50.000000 40.709333 31.932207 24.097133 17.485997 12.210286 8.225977 5.375972 3.443288 2.199513 1.439079 0.996880 0.752018 0.622748 0.557606 0.526233 0.511776 0.505394 0.502692 0.501594 0.501164 0.501003 0.500945 0.500924 0.500917 0.500915 0.500915 0.500914 0.500914 0.500914 0.500912 0.500909 0.500900 0.500877 0.500820 0.500688 0.500392 0.499754 0.498440 0.495858 0.491019 0.482386 0.467764 0.444304 0.408754 0.358043 0.290187 0.205348 0.106614 0.000000 
50.000000 40.662837 31.841793 23.967531 17.323347 12.021284 8.017092 5.152881 3.210575 1.960617 1.196408 0.752018 0.505944 0.376037 0.310573 0.279046 0.264518 0.258105 0.255390 0.254286 0.253855 0.253693 0.253634 0.253614 0.253607 0.253604 0.253604 0.253603 0.253603 0.253603 0.253602 0.253600 0.253595 0.253583 0.253552 0.253479 0.253318 0.252972 0.252265 0.250882 0.248306 0.243746 0.236082 0.223888 0.205570 0.179663 0.145280 0.102599 0.053193 0.000000 
50.000000 40.638284 31.794049 23.899094 17.237462 11.921488 7.906802 5.035094 3.087711 1.834492 1.068293 0.622748 0.376037 0.245793 0.180160 0.148552 0.133986 0.127557 0.124835 0.123728 0.123296 0.123134 0.123075 0.123054 0.123047 0.123045 0.123044 0.123044 0.123044 0.123044 0.123043 0.123042 0.123040 0.123033 0.123017 0.122980 0.122896 0.122719 0.122357 0.121653 0.120351 0.118060 0.114235 0.108192 0.099179 0.086523 0.069838 0.049242 0.025502 0.000000 
50.000000 40.625906 31.769982 23.864597 17.194172 11.871188 7.851215 4.975731 3.025793 1.770932 1.003732 0.557606 0.310573 0.180160 0.114442 0.082793 0.068209 0.061771 0.059046 0.057938 0.057505 0.057343 0.057284 0.057263 0.057256 0.057254 0.057253 0.057253 0.057253 0.057253 0.057253 0.057252 0.057251 0.057248 0.057240 0.057221 0.057180 0.057093 0.056917 0.056577 0.055950 0.054852 0.053030 0.050169 0.045929 0.040009 0.032246 0.022707 0.011750 0.000000 
50.000000 40.619944 31.758387 23.847979 17.173318 11.846959 7.824441 4.947139 2.995971 1.740320 0.972638 0.526233 0.279046 0.148552 0.082793 0.051125 0.036532 0.030090 0.027363 0.026254 0.025821 0.025658 0.025599 0.025579 0.025572 0.025570 0.025569 0.025569 0.025569 0.025569 0.025568 0.025568 0.025568 0.025566 0.025562 0.025554 0.025535 0.025494 0.025412 0.025255 0.024967 0.024464 0.023635 0.022339 0.020428 0.017773 0.014307 0.010065 0.005205 0.000000 
50.000000 40.617195 31.753043 23.840319 17.163707 11.835792 7.812101 4.933962 2.982227 1.726213 0.958310 0.511776 0.264518 0.133986 0.068209 0.036532 0.021935 0.015491 0.012763 0.011654 0.011221 0.011058 0.010999 0.010979 0.010972 0.010969 0.010969 0.010969 0.010968 0.010968 0.010968 0.010968 0.010968 0.010967 0.010966 0.010962 0.010953 0.010935 0.010899 0.010830 0.010703 0.010483 0.010121 0.009559 0.008733 0.007590 0.006104 0.004291 0.002217 0.000000 
50.000000 40.615981 31.750683 23.836937 17.159462 11.830861 7.806653 4.928145 2.976160 1.719986 0.951984 0.505394 0.258105 0.127557 0.061771 0.030090 0.015491 0.009047 0.006318 0.005209 0.004776 0.004613 0.004554 0.004534 0.004527 0.004525 0.004524 0.004524 0.004524 0.004524 0.004524 0.004523 0.004523 0.004523 0.004522 0.004521 0.004517 0.004509 0.004494 0.004465 0.004411 0.004319 0.004168 0.003934 0.003591 0.003118 0.002506 0.001760 0.000909 0.000000 
50.000000 40.615467 31.749683 23.835504 17.157665 11.828774 7.804346 4.925682 2.973591 1.717349 0.949306 0.502692 0.255390 0.124835 0.059046 0.027363 0.012763 0.006318 0.003590 0.002481 0.002048 0.001885 0.001826 0.001805 0.001798 0.001796 0.001795 0.001795 0.001795 0.001795 0.001795 0.001795 0.001795 0.001795 0.001795 0.001794 0.001792 0.001789 0.001783 0.001771 0.001750 0.001712 0.001652 0.001558 0.001421 0.001233 0.000990 0.000695 0.000359 0.000000 
50.000000 40.615258 31.749277 23.834922 17.156934 11.827925 7.803408 4.924680 2.972547 1.716277 0.948218 0.501594 0.254286 0.123728 0.057938 0.026254 0.011654 0.005209 0.002481 0.001372 0.000939 0.000776 0.000717 0.000696 0.000689 0.000687 0.000686 0.000686 0.000686 0.000686 0.000686 0.000686 0.000686 0.000686 0.000686 0.000686 0.000685 0.000684 0.000681 0.000677 0.000668 0.000654 0.000630 0.000594 0.000542 0.000470 0.000377 0.000265 0.000137 0.000000 
50.000000 40.615176 31.749118 23.834694 17.156649 11.827593 7.803041 4.924289 2.972139 1.715858 0.947792 0.501164 0.253855 0.123296 0.057505 0.025821 0.011221 0.004776 0.002048 0.000939 0.000505 0.000342 0.000283 0.000263 0.000256 0.000254 0.000253 0.000253 0.000253 0.000253 0.000253 0.000253 0.000253 0.000253 0.000253 0.000253 0.000252 0.000252 0.000251 0.000249 0.000246 0.000241 0.000232 0.000219 0.000199 0.000173 0.000139 0.000097 0.000050 0.000000 
50.000000 40.615146 31.749058 23.834608 17.156541 11.827468 7.802904 4.924142 2.971985 1.715701 0.947633 0.501003 0.253693 0.123134 0.057343 0.025658 0.011058 0.004613 0.001885 0.000776 0.000342 0.000180 0.000121 0.000100 0.000093 0.000091 0.000090 0.000090 0.000090 0.000090 0.000090 0.000090 0.000090 0.000090 0.000090 0.000090 0.000090 0.000089 0.000089 0.000089 0.000087 0.000085 0.000082 0.000078 0.000071 0.000061 0.000049 0.000034 0.000018 0.000000 
50.000000 40.615135 31.749037 23.834577 17.156503 11.827423 7.802854 4.924089 2.971930 1.715644 0.947575 0.500945 0.253634 0.123075 0.057284 0.025599 0.010999 0.004554 0.001826 0.000717 0.000284 0.000121 0.000062 0.000041 0.000034 0.000032 0.000031 0.000031 0.000031 0.000031 0.000031 0.000031 0.000031 0.000031 0.000031 0.000031 0.000031 0.000031 0.000031 0.000030 0.000030 0.000029 0.000028 0.000027 0.000024 0.000021 0.000017 0.000012 0.000006 0.000000 
50.000000 40.615131 31.749029 23.834567 17.156489 11.827407 7.802836 4.924070 2.971911 1.715624 0.947555 0.500925 0.253614 0.123054 0.057263 0.025579 0.010979 0.004534 0.001806 0.000697 0.000263 0.000100 0.000041 0.000021 0.000014 0.000012 0.000011 0.000011 0.000011 0.000011 0.000011 0.000011 0.000011 0.000011 0.000011 0.000011 0.000010 0.000010 0.000010 0.000010 0.000010 0.000010 0.000010 0.000009 0.000008 0.000007 0.000006 0.000004 0.000002 0.000000 
50.000000 40.615130 31.749027 23.834563 17.156485 11.827403 7.802831 4.924064 2.971905 1.715618 0.947549 0.500918 0.253608 0.123048 0.057257 0.025573 0.010973 0.004528 0.001799 0.000690 0.000257 0.000094 0.000035 0.000014 0.000008 0.000005 0.000005 0.000004 0.000004 0.000004 0.000004 0.000004 0.000004 0.000004 0.000004 0.000004 0.000004 0.000004 0.000004 0.000004 0.000004 0.000004 0.000004 0.000004 0.000003 0.000003 0.000002 0.000002 0.000001 0.000000 
50.000000 40.615130 31.749027 23.834563 17.156485 11.827403 7.802831 4.924064 2.971905 1.715618 0.947549 0.500918 0.253608 0.123048 0.057257 0.025573 0.010973 0.004528 0.001799 0.000690 0.000257 0.000094 0.000035 0.000014 0.000008 0.000005 0.000005 0.000004 0.000004 0.000004 0.000004 0.000004 0.000004 0.000004 0.000004 0.000004 0.000004 0.000004 0.000004 0.000004 0.000004 0.000004 0.000004 0.000004 0.000003 0.000003 0.000002 0.000002 0.000001 0.000000 
50.000000 40.615131 31.749029 23.834567 17.156489 11.827407 7.802836 4.924070 2.971911 1.715624 0.947555 0.500925 0.253614 0.123054 0.057263 0.025579 0.010979 0.004534 0.001806 0.000697 0.000263 0.000100 0.000041 0.000021 0.000014 0.000012 0.000011 0.000011 0.000011 0.000011 0.000011 0.000011 0.000011 0.000011 0.000011 0.000011 0.000010 0.000010 0.000010 0.000010 0.000010 0.000010 0.000010 0.000009 0.000008 0.000007 0.000006 0.000004 0.000002 0.000000 
50.000000 40.615135 31.749037 23.834577 17.156503 11.827423 7.802854 4.924089 2.971930 1.715644 0.947575 0.500945 0.253634 0.123075 0.057284 0.025599 0.010999 0.004554 0.001826 0.000717 0.000284 0.000121 0.000062 0.000041 0.000034 0.000032 0.000031 0.000031 0.000031 0.000031 0.000031 0.000031 0.000031 0.000031 0.000031 0.000031 0.000031 0.000031 0.000031 0.000030 0.000030 0.000029 0.000028 0.000027 0.000024 0.000021 0.000017 0.000012 0.000006 0.000000 
50.000000 40.615146 31.749058 23.834608 17.156541 11.827468 7.802904 4.924142 2.971985 1.715701 0.947633 0.501003 0.253693 0.123134 0.057343 0.025658 0.011058 0.004613 0.001885 0.000776 0.000342 0.000180 0.000121 0.000100 0.000093 0.000091 0.000090 0.000090 0.000090 0.000090 0.000090 0.000090 0.000090 0.000090 0.000090 0.000090 0.000090 0.000089 0.000089 0.000089 0.000087 0.000085 0.000082 0.000078 0.000071 0.000061 0.000049 0.000034 0.000018 0.000000 
50.000000 40.615176 31.749118 23.834694 17.156649 11.827593 7.803041 4.924289 2.972139 1.715858 0.947792 0.501164 0.253855 0.123296 0.057505 0.025821 0.011221 0.004776 0.002048 0.000939 0.000505 0.000342 0.000283 0.000263 0.000256 0.000254 0.000253 0.000253 0.000253 0.000253 0.000253 0.000253 0.000253 0.000253 0.000253 0.000253 0.000252 0.000252 0.000251 0.000249 0.000246 0.000241 0.000232 0.000219 0.000199 0.000173 0.000139 0.000097 0.000050 0.000000 
50.000000 40.615258 31.749277 23.834922 17.156934 11.827925 7.803408 4.924680 2.972547 1.716277 0.948218 0.501594 0.254286 0.123728 0.057938 0.026254 0.011654 0.005209 0.002481 0.001372 0.000939 0.000776 0.000717 0.000696 0.000689 0.000687 0.000686 0.000686 0.000686 0.000686 0.000686 0.000686 0.000686 0.000686 0.000686 0.000686 0.000685 0.000684 0.000681 0.000677 0.000668 0.000654 0.000630 0.000594 0.000542 0.000470 0.000377 0.000265 0.000137 0.000000 
50.000000 40.615467 31.749683 23.835504 17.157665 11.828774 7.804346 4.925682 2.973591 1.717349 0.949306 0.502692 0.255390 0.124835 0.059046 0.027363 0.012763 0.006318 0.003590 0.002481 0.002048 0.001885 0.001826 0.001805 0.001798 0.001796 0.001795 0.001795 0.001795 0.001795 0.001795 0.001795 0.001795 0.001795 0.001795 0.001794 0.001792 0.001789 0.001783 0.001771 0.001750 0.001712 0.001652 0.001558 0.001421 0.001233 0.000990 0.000695 0.000359 0.000000 
50.000000 40.615981 31.750683 23.836937 17.159462 11.830861 7.806653 4.928145 2.976160 1.719986 0.951984 0.505394 0.258105 0.127557 0.061771 0.030090 0.015491 0.009047 0.006318 0.005209 0.004776 0.004613 0.004554 0.004534 0.004527 0.004525 0.004524 0.004524 0.004524 0.004524 0.004524 0.004523 0.004523 0.004523 0.004522 0.004521 0.004517 0.004509 0.004494 0.004465 0.004411 0.004319 0.004168 0.003934 0.003591 0.003118 0.002506 0.001760 0.000909 0.000000 
50.000000 40.617195 31.753043 23.840319 17.163707 11.835792 7.812101 4.933962 2.982227 1.726213 0.958310 0.511776 0.264518 0.133986 0.068209 0.036532 0.021935 0.015491 0.012763 0.011654 0.011221 0.011058 0.010999 0.010979 0.010972 0.010969 0.010969 0.010969 0.010968 0.010968 0.010968 0.010968 0.010968 0.010967 0.010966 0.010962 0.010953 0.010935 0.010899 0.010830 0.010703 0.010483 0.010121 0.009559 0.008733 0.007590 0.006104 0.004291 0.002217 0.000000 
50.000000 40.619944 31.758387 23.847979 17.173318 11.846959 7.824441 4.947139 2.995971 1.740320 0.972638 0.526233 0.279046 0.148552 0.082793 0.051125 0.036532 0.030090 0.027363 0.026254 0.025821 0.025658 0.025599 0.025579 0.025572 0.025570 0.025569 0.025569 0.025569 0.025569 0.025568 0.025568 0.025568 0.025566 0.025562 0.025554 0.025535 0.025494 0.025412 0.025255 0.024967 0.024464 0.023635 0.022339 0.020428 0.017773 0.014307 0.010065 0.005205 0.000000 
50.000000 40.625906 31.769982 23.864597 17.194172 11.871188 7.851215 4.975731 3.025793 1.770932 1.003732 0.557606 0.310573 0.180160 0.114442 0.082793 0.068209 0.061771 0.059046 0.057938 0.057505 0.057343 0.057284 0.057263 0.057256 0.057254 0.057253 0.057253 0.057253 0.057253 0.057253 0.057252 0.057251 0.057248 0.057240 0.057221 0.057180 0.057093 0.056917 0.056577 0.055950 0.054852 0.053030 0.050169 0.045929 0.040009 0.032246 0.022707 0.011750 0.000000 
50.000000 40.638284 31.794049 23.899094 17.237462 11.921488 7.906802 5.035094 3.087711 1.834492 1.068293 0.622748 0.376037 0.245793 0.180160 0.148552 0.133986 0.127557 0.124835 0.123728 0.123296 0.123134 0.123075 0.123054 0.123047 0.123045 0.123044 0.123044 0.123044 0.123044 0.123043 0.123042 0.123040 0.123033 0.123017 0.122980 0.122896 0.122719 0.122357 0.121653 0.120351 0.118060 0.114235 0.108192 0.099179 0.086523 0.069838 0.049242 0.025502 0.000000 
50.000000 40.662837 31.841793 23.967531 17.323347 12.021284 8.017092 5.152881 3.210575 1.960617 1.196408 0.752018 0.505944 0.376037 0.310573 0.279046 0.264518 0.258105 0.255390 0.254286 0.253855 0.253693 0.253634 0.253614 0.253607 0.253604 0.253604 0.253603 0.253603 0.253603 0.253602 0.253600 0.253595 0.253583 0.253552 0.253479 0.253318 0.252972 0.252265 0.250882 0.248306 0.243746 0.236082 0.223888 0.205570 0.179663 0.145280 0.102599 0.053193 0.000000 
50.000000 40.709333 31.932207 24.097133 17.485997 12.210286 8.225977 5.375972 3.443288 2.199513 1.439079 0.996880 0.752018 0.622748 0.557606 0.526233 0.511776 0.505394 0.502692 0.501594 0.501164 0.501003 0.500945 0.500924 0.500917 0.500915 0.500915 0.500914 0.500914 0.500914 0.500912 0.500909 0.500900 0.500877 0.500820 0.500688 0.500392 0.499754 0.498440 0.495858 0.491019 0.482386 0.467764 0.444304 0.408754 0.358043 0.290187 0.205348 0.106614 0.000000 
50.000000 40.793278 32.095443 24.331127 17.779668 12.551550 8.603157 5.778819 3.863522 2.630925 1.877315 1.439079 1.196408 1.068293 1.003732 0.972638 0.958310 0.951984 0.949306 0.948218 0.947792 0.947632 0.947575 0.947554 0.947548 0.947545 0.947545 0.947544 0.947544 0.947543 0.947541 0.947535 0.947520 0.947480 0.947383 0.947155 0.946640 0.945527 0.943221 0.938658 0.930039 0.914537 0.888038 0.845103 0.779364 0.684589 0.556468 0.394815 0.205364 0.000000 
50.000000 40.937597 32.376086 24.733433 18.284591 13.138322 9.251704 6.471524 4.586146 3.372785 2.630925 2.199513 1.960617 1.834492 1.770932 1.740320 1.726213 1.719986 1.717349 1.716277 1.715858 1.715701 1.715644 1.715624 1.715617 1.715615 1.715614 1.715614 1.715614 1.715612 1.715609 1.715599 1.715574 1.715510 1.715353 1.714982 1.714141 1.712310 1.708495 1.700885 1.686393 1.660074 1.614607 1.540074 1.424518 1.255733 1.024591 0.729489 0.380400 0.000000 
50.000000 41.173590 32.835008 25.391316 19.110308 14.097920 10.312363 7.604433 5.768019 4.586146 3.863522 3.443288 3.210575 3.087711 3.025793 2.995971 2.982227 2.976160 2.973591 2.972547 2.972139 2.971985 2.971930 2.971911 2.971904 2.971902 2.971901 2.971901 2.971900 2.971898 2.971893 2.971879 2.971841 2.971745 2.971506 2.970941 2.969652 2.966829 2.960902 2.948985 2.926072 2.884010 2.810444 2.688180 2.495725 2.210026 1.812254 1.296426 0.678424 0.000000 
50.000000 41.540219 33.547976 26.413407 20.393179 15.588837 11.960347 9.364722 7.604433 6.471524 5.778819 5.375972 5.152881 5.035094 4.975731 4.947139 4.933962 4.928145 4.925682 4.924680 4.924289 4.924142 4.924088 4.924070 4.924064 4.924062 4.924061 4.924060 4.924059 4.924057 4.924050 4.924030 4.923977 4.923841 4.923504 4.922701 4.920859 4.916799 4.908209 4.890781 4.856917 4.793988 4.682361 4.493803 4.191495 3.733548 3.082180 2.219584 1.167505 0.000000 
50.000000 42.080759 34.599154 27.920375 22.284683 17.787147 14.390312 11.960347 10.312363 9.251704 8.603157 8.225977 8.017092 7.906802 7.851215 7.824441 7.812101 7.806653 7.804346 7.803408 7.803041 7.802903 7.802854 7.802836 7.802830 7.802828 7.802828 7.802827 7.802826 7.802823 7.802813 7.802788 7.802719 7.802542 7.802102 7.801046 7.798610 7.793204 7.781673 7.758054 7.711630 7.624183 7.466544 7.195156 6.750298 6.059125 5.048209 3.670435 1.945924 0.000000 
50.000000 42.836308 36.068470 30.026819 24.928688 20.860085 17.787147 15.588837 14.097920 13.138322 12.551550 12.210286 12.021284 11.921488 11.871188 11.846959 11.835792 11.830861 11.828774 11.827925 11.827593 11.827468 11.827423 11.827407 11.827402 11.827400 11.827399 11.827399 11.827397 11.827394 11.827383 11.827352 11.827271 11.827059 11.826531 11.825260 11.822309 11.815714 11.801532 11.772186 11.713805 11.602195 11.397342 11.036850 10.430042 9.456944 7.980572 5.886161 3.160766 0.000000 
50.000000 43.836604 38.013765 32.815673 28.429312 24.928688 22.284683 20.393179 19.110308 18.284591 17.779668 17.485997 17.323347 17.237462 17.194172 17.173318 17.163707 17.159462 17.157665 17.156934 17.156649 17.156541 17.156502 17.156489 17.156484 17.156483 17.156482 17.156482 17.156480 17.156476 17.156464 17.156432 17.156344 17.156116 17.155545 17.154163 17.150938 17.143684 17.127954 17.095079 17.028859 16.900282 16.659631 16.225559 15.471744 14.214656 12.213386 9.208849 5.055725 0.000000 
50.000000 45.089958 40.451203 36.310122 32.815673 30.026819 27.920375 26.413407 25.391316 24.733433 24.331127 24.097133 23.967531 23.899094 23.864597 23.847979 23.840319 23.836937 23.835504 23.834922 23.834694 23.834608 23.834577 23.834567 23.834563 23.834562 23.834561 23.834561 23.834559 23.834555 23.834544 23.834514 23.834431 23.834215 23.833672 23.832351 23.829256 23.822251 23.806946 23.774660 23.708842 23.579062 23.331228 22.872166 22.046247 20.602287 18.155061 14.172267 8.106345 0.000000 
50.000000 46.575220 43.339654 40.451203 38.013765 36.068470 34.599154 33.547976 32.835008 32.376086 32.095443 31.932207 31.841793 31.794049 31.769982 31.758387 31.753043 31.750683 31.749683 31.749277 31.749118 31.749058 31.749037 31.749029 31.749027 31.749026 31.749025 31.749025 31.749024 31.749021 31.749012 31.748988 31.748923 31.748752 31.748322 31.747274 31.744806 31.739195 31.726859 31.700627 31.646597 31.538581 31.328392 30.928719 30.182309 28.804916 26.278936 21.669827 13.429293 0.000000 
50.000000 48.238964 46.575220 45.089958 43.836604 42.836308 42.080759 41.540219 41.173590 40.937597 40.793278 40.709333 40.662837 40.638284 40.625906 40.619944 40.617195 40.615981 40.615467 40.615258 40.615176 40.615146 40.615135 40.615131 40.615129 40.615129 40.615129 40.615128 40.615128 40.615126 40.615121 40.615108 40.615072 40.614978 40.614739 40.614156 40.612781 40.609644 40.602719 40.587914 40.557196 40.495166 40.372714 40.134835 39.675542 38.780879 36.983614 33.145927 24.119482 0.000000 
50.000000 50.000000 50.000000 50.000000 50.000000 50.000000 50.000000 50.000000 50.000000 50.000000 50.000000 50.000000 50.000000 50.000000 50.000000 50.000000 50.000000 50.000000 50.000000 50.000000 50.000000 50.000000 50.000000 50.000000 50.000000 50.000000 50.000000 50.000000 50.000000 50.000000 50.000000 50.000000 50.000000 50.000000 50.000000 50.000000 50.000000 50.000000 50.000000 50.000000 50.000000 50.000000 50.000000 50.000000 50.000000 50.000000 50.000000 50.000000 50.000000 50.000000 
