50.000000 50.000000 50.000000 50.000000 50.000000 50.000000 50.000000 50.000000 50.000000 50.000000 50.000000 50.000000 50.000000 50.000000 50.000000 50.000000 50.000000 50.000000 50.000000 50.000000 50.000000 50.000000 50.000000 50.000000 50.000000 50.000000 50.000000 50.000000 50.000000 50.000000 50.000000 50.000000 50.000000 50.000000 50.000000 50.000000 50.000000 50.000000 50.000000 50.000000 50.000000 50.000000 50.000000 50.000000 50.000000 50.000000 50.000000 50.000000 50.000000 50.000000 
50.000000 47.440756 45.086813 43.094189 41.540006 40.421245 39.676496 39.216960 38.953478 38.812736 38.742511 38.709695 38.695297 38.689351 38.687034 38.686180 38.685882 38.685783 38.685752 38.685743 38.685740 38.685739 38.685739 38.685739 38.685739 38.685739 38.685739 38.685739 38.685739 38.685739 38.685739 38.685739 38.685737 38.685731 38.685711 38.685648 38.685453 38.684885 38.683296 38.679047 38.668176 38.641526 38.578719 38.435705 38.118411 37.423315 35.888832 32.374736 23.720378 0.000000 
50.000000 45.086813 40.567782 36.742445 33.758855 31.611197 30.181560 29.299449 28.793697 28.523551 28.388765 28.325783 28.298151 28.286740 28.282294 28.280656 28.280084 28.279894 28.279834 28.279816 28.279811 28.279810 28.279809 28.279809 28.279809 28.279809 28.279809 28.279809 28.279809 28.279809 28.279809 28.279808 28.279805 28.279795 28.279761 28.279652 28.279319 28.278348 28.275645 28.268458 28.250213 28.205948 28.103174 27.874259 27.383332 26.364860 24.311344 20.283891 12.712077 0.000000 
50.000000 43.094189 36.742445 31.365817 27.172395 24.153969 22.144765 20.905110 20.194398 19.814795 19.625408 19.536919 19.498099 19.482069 19.475823 19.473523 19.472719 19.472453 19.472369 19.472344 19.472336 19.472334 19.472334 19.472334 19.472334 19.472334 19.472334 19.472334 19.472334 19.472334 19.472333 19.472332 19.472329 19.472317 19.472277 19.472149 19.471762 19.470637 19.467525 19.459318 19.438698 19.389360 19.276941 19.032967 18.528617 17.536138 15.682909 12.431101 7.205357 0.000000 
50.000000 41.540006 33.758855 27.172395 22.035534 18.338167 15.877144 14.358805 13.488373 13.023494 12.791579 12.683227 12.635697 12.616072 12.608427 12.605611 12.604627 12.604301 12.604199 12.604168 12.604159 12.604156 12.604156 12.604156 12.604156 12.604156 12.604156 12.604156 12.604156 12.604156 12.604155 12.604154 12.604151 12.604140 12.604101 12.603981 12.603616 12.602564 12.599673 12.592118 12.573356 12.529129 12.430296 12.221225 11.803458 11.017767 9.636256 7.393995 4.116691 0.000000 
50.000000 40.421245 31.611197 24.153969 18.338167 14.152284 11.366234 9.647466 8.662196 8.136020 7.873546 7.750927 7.697143 7.674938 7.666288 7.663103 7.661990 7.661622 7.661506 7.661471 7.661461 7.661458 7.661457 7.661457 7.661457 7.661457 7.661457 7.661457 7.661457 7.661457 7.661457 7.661456 7.661453 7.661444 7.661413 7.661315 7.661020 7.660177 7.657876 7.651922 7.637306 7.603352 7.528857 7.374889 7.076142 6.534709 5.625352 4.227865 2.302834 0.000000 
50.000000 39.676496 30.181560 22.144765 15.877144 11.366234 8.363986 6.511938 5.450329 4.883422 4.600649 4.468557 4.410622 4.386706 4.377390 4.373959 4.372762 4.372365 4.372240 4.372202 4.372191 4.372188 4.372188 4.372188 4.372187 4.372187 4.372187 4.372187 4.372187 4.372187 4.372187 4.372187 4.372185 4.372178 4.372156 4.372086 4.371876 4.371279 4.369665 4.365523 4.355468 4.332426 4.282702 4.181993 3.991345 3.655919 3.111798 2.307300 1.240791 0.000000 
50.000000 39.216960 29.299449 20.905110 14.358805 9.647466 6.511938 4.577755 3.469119 2.877130 2.581864 2.443945 2.383458 2.358489 2.348765 2.345184 2.343934 2.343520 2.343389 2.343350 2.343339 2.343336 2.343335 2.343335 2.343334 2.343334 2.343334 2.343334 2.343334 2.343334 2.343334 2.343334 2.343333 2.343328 2.343314 2.343269 2.343135 2.342756 2.341738 2.339148 2.332926 2.318838 2.288877 2.229236 2.118609 1.928508 1.628169 1.196275 0.638241 0.000000 
50.000000 38.953478 28.793697 20.194398 13.488373 8.662196 5.450329 3.469119 2.333569 1.727233 1.424824 1.283575 1.221630 1.196062 1.186104 1.182437 1.181157 1.180733 1.180599 1.180559 1.180548 1.180544 1.180544 1.180543 1.180543 1.180543 1.180543 1.180543 1.180543 1.180543 1.180543 1.180543 1.180542 1.180540 1.180531 1.180505 1.180427 1.180209 1.179625 1.178151 1.174643 1.166784 1.150280 1.117903 1.058844 0.959244 0.805037 0.587749 0.311953 0.000000 
50.000000 38.812736 28.523551 19.814795 13.023494 8.136020 4.883422 2.877130 1.727233 1.113253 0.807041 0.664019 0.601300 0.575412 0.565330 0.561618 0.560322 0.559893 0.559757 0.559717 0.559705 0.559702 0.559701 0.559701 0.559701 0.559701 0.559701 0.559701 0.559701 0.559701 0.559701 0.559701 0.559700 0.559699 0.559694 0.559680 0.559639 0.559523 0.559216 0.558446 0.556627 0.552590 0.544204 0.527953 0.498714 0.450138 0.376097 0.273338 0.144559 0.000000 
50.000000 38.742511 28.388765 19.625408 12.791579 7.873546 4.600649 2.581864 1.424824 0.807041 0.498937 0.355034 0.291930 0.265884 0.255741 0.252006 0.250702 0.250271 0.250134 0.250093 0.250082 0.250078 0.250078 0.250077 0.250077 0.250077 0.250077 0.250077 0.250077 0.250077 0.250077 0.250077 0.250077 0.250076 0.250074 0.250067 0.250047 0.249990 0.249841 0.249468 0.248595 0.246673 0.242716 0.235126 0.221624 0.199461 0.166090 0.120306 0.063464 0.000000 
50.000000 38.709695 28.325783 19.536919 12.683227 7.750927 4.468557 2.443945 1.283575 0.664019 0.355034 0.210722 0.147439 0.121319 0.111148 0.107402 0.106095 0.105662 0.105526 0.105485 0.105473 0.105470 0.105469 0.105469 0.105469 0.105469 0.105468 0.105468 0.105468 0.105468 0.105468 0.105468 0.105468 0.105468 0.105467 0.105464 0.105455 0.105429 0.105361 0.105194 0.104803 0.103950 0.102207 0.098893 0.093051 0.083554 0.069394 0.050138 0.026399 0.000000 
50.000000 38.695297 28.298151 19.498099 12.635697 7.697143 4.410622 2.383458 1.221630 0.601300 0.291930 0.147439 0.084078 0.057926 0.047742 0.043992 0.042683 0.042250 0.042113 0.042072 0.042060 0.042057 0.042056 0.042056 0.042056 0.042056 0.042056 0.042056 0.042056 0.042056 0.042056 0.042056 0.042056 0.042056 0.042055 0.042054 0.042050 0.042039 0.042010 0.041940 0.041777 0.041422 0.040702 0.039343 0.036966 0.033133 0.027462 0.019803 0.010412 0.000000 
50.000000 38.689351 28.286740 19.482069 12.616072 7.674938 4.386706 2.358489 1.196062 0.575412 0.265884 0.121319 0.057926 0.031761 0.021572 0.017820 0.016511 0.016077 0.015940 0.015899 0.015887 0.015884 0.015883 0.015883 0.015883 0.015883 0.015883 0.015883 0.015883 0.015883 0.015883 0.015883 0.015883 0.015883 0.015883 0.015882 0.015880 0.015876 0.015865 0.015837 0.015773 0.015634 0.015354 0.014830 0.013917 0.012456 0.010307 0.007421 0.003898 0.000000 
50.000000 38.687034 28.282294 19.475823 12.608427 7.666288 4.377390 2.348765 1.186104 0.565330 0.255741 0.111148 0.047742 0.021572 0.011381 0.007628 0.006319 0.005885 0.005748 0.005707 0.005695 0.005692 0.005691 0.005691 0.005691 0.005691 0.005691 0.005691 0.005691 0.005691 0.005691 0.005691 0.005691 0.005691 0.005691 0.005690 0.005690 0.005688 0.005684 0.005674 0.005650 0.005599 0.005496 0.005305 0.004974 0.004446 0.003674 0.002642 0.001387 0.000000 
50.000000 38.686180 28.280656 19.473523 12.605611 7.663103 4.373959 2.345184 1.182437 0.561618 0.252006 0.107402 0.043992 0.017820 0.007628 0.003875 0.002566 0.002132 0.001995 0.001954 0.001942 0.001939 0.001938 0.001938 0.001938 0.001938 0.001938 0.001938 0.001938 0.001938 0.001938 0.001938 0.001938 0.001938 0.001938 0.001938 0.001937 0.001937 0.001935 0.001932 0.001923 0.001906 0.001870 0.001804 0.001690 0.001509 0.001246 0.000895 0.000469 0.000000 
50.000000 38.685882 28.280084 19.472719 12.604627 7.661990 4.372762 2.343934 1.181157 0.560322 0.250702 0.106095 0.042683 0.016511 0.006319 0.002566 0.001256 0.000822 0.000685 0.000644 0.000632 0.000629 0.000628 0.000628 0.000628 0.000628 0.000628 0.000628 0.000628 0.000628 0.000628 0.000628 0.000628 0.000628 0.000628 0.000628 0.000628 0.000628 0.000627 0.000626 0.000623 0.000617 0.000606 0.000584 0.000547 0.000488 0.000402 0.000289 0.000151 0.000000 
50.000000 38.685783 28.279894 19.472453 12.604301 7.661622 4.372365 2.343520 1.180733 0.559893 0.250271 0.105662 0.042250 0.016077 0.005885 0.002132 0.000822 0.000388 0.000251 0.000210 0.000198 0.000195 0.000194 0.000194 0.000194 0.000194 0.000194 0.000194 0.000194 0.000194 0.000194 0.000194 0.000194 0.000194 0.000194 0.000194 0.000194 0.000194 0.000194 0.000193 0.000193 0.000191 0.000187 0.000180 0.000169 0.000150 0.000124 0.000089 0.000047 0.000000 
50.000000 38.685752 28.279834 19.472369 12.604199 7.661506 4.372240 2.343389 1.180599 0.559757 0.250134 0.105526 0.042113 0.015940 0.005748 0.001995 0.000685 0.000251 0.000115 0.000073 0.000062 0.000058 0.000058 0.000057 0.000057 0.000057 0.000057 0.000057 0.000057 0.000057 0.000057 0.000057 0.000057 0.000057 0.000057 0.000057 0.000057 0.000057 0.000057 0.000057 0.000057 0.000056 0.000055 0.000053 0.000050 0.000044 0.000036 0.000026 0.000014 0.000000 
50.000000 38.685743 28.279816 19.472344 12.604168 7.661471 4.372202 2.343350 1.180559 0.559717 0.250093 0.105485 0.042072 0.015899 0.005707 0.001954 0.000644 0.000210 0.000073 0.000032 0.000021 0.000017 0.000016 0.000016 0.000016 0.000016 0.000016 0.000016 0.000016 0.000016 0.000016 0.000016 0.000016 0.000016 0.000016 0.000016 0.000016 0.000016 0.000016 0.000016 0.000016 0.000016 0.000016 0.000015 0.000014 0.000012 0.000010 0.000007 0.000004 0.000000 
50.000000 38.685740 28.279811 19.472336 12.604159 7.661461 4.372191 2.343339 1.180548 0.559705 0.250082 0.105473 0.042060 0.015887 0.005695 0.001942 0.000632 0.000198 0.000062 0.000021 0.000009 0.000006 0.000005 0.000004 0.000004 0.000004 0.000004 0.000004 0.000004 0.000004 0.000004 0.000004 0.000004 0.000004 0.000004 0.000004 0.000004 0.000004 0.000004 0.000004 0.000004 0.000004 0.000004 0.000004 0.000004 0.000003 0.000003 0.000002 0.000001 0.000000 
50.000000 38.685739 28.279810 19.472334 12.604156 7.661458 4.372188 2.343336 1.180544 0.559702 0.250078 0.105470 0.042057 0.015884 0.005692 0.001939 0.000629 0.000195 0.000058 0.000017 0.000006 0.000002 0.000001 0.000001 0.000001 0.000001 0.000001 0.000001 0.000001 0.000001 0.000001 0.000001 0.000001 0.000001 0.000001 0.000001 0.000001 0.000001 0.000001 0.000001 0.000001 0.000001 0.000001 0.000001 0.000001 0.000001 0.000001 0.000001 0.000000 0.000000 
50.000000 38.685739 28.279809 19.472334 12.604156 7.661457 4.372188 2.343335 1.180544 0.559701 0.250078 0.105469 0.042056 0.015883 0.005691 0.001938 0.000628 0.000194 0.000058 0.000016 0.000005 0.000001 0.000001 0.000000 0.000000 0.000000 0.000000 0.000000 0.000000 0.000000 0.000000 0.000000 0.000000 0.000000 0.000000 0.000000 0.000000 0.000000 0.000000 0.000000 0.000000 0.000000 0.000000 0.000000 0.000000 0.000000 0.000000 0.000000 0.000000 0.000000 
50.000000 38.685739 28.279809 19.472334 12.604156 7.661457 4.372188 2.343335 1.180543 0.559701 0.250077 0.105469 0.042056 0.015883 0.005691 0.001938 0.000628 0.000194 0.000057 0.000016 0.000004 0.000001 0.000000 0.000000 0.000000 0.000000 0.000000 0.000000 0.000000 0.000000 0.000000 0.000000 0.000000 0.000000 0.000000 0.000000 0.000000 0.000000 0.000000 0.000000 0.000000 0.000000 0.000000 0.000000 0.000000 0.000000 0.000000 0.000000 0.000000 0.000000 
50.000000 38.685739 28.279809 19.472334 12.604156 7.661457 4.372187 2.343334 1.180543 0.559701 0.250077 0.105469 0.042056 0.015883 0.005691 0.001938 0.000628 0.000194 0.000057 0.000016 0.000004 0.000001 0.000000 0.000000 0.000000 0.000000 0.000000 0.000000 0.000000 0.000000 0.000000 0.000000 0.000000 0.000000 0.000000 0.000000 0.000000 0.000000 0.000000 0.000000 0.000000 0.000000 0.000000 0.000000 0.000000 0.000000 0.000000 0.000000 0.000000 0.000000 
50.000000 38.685739 28.279809 19.472334 12.604156 7.661457 4.372187 2.343334 1.180543 0.559701 0.250077 0.105469 0.042056 0.015883 0.005691 0.001938 0.000628 0.000194 0.000057 0.000016 0.000004 0.000001 0.000000 0.000000 0.000000 0.000000 0.000000 0.000000 0.000000 0.000000 0.000000 0.000000 0.000000 0.000000 0.000000 0.000000 0.000000 0.000000 0.000000 0.000000 0.000000 0.000000 0.000000 0.000000 0.000000 0.000000 0.000000 0.000000 0.000000 0.000000 
50.000000 38.685739 28.279809 19.472334 12.604156 7.661457 4.372188 2.343335 1.180543 0.559701 0.250077 0.105469 0.042056 0.015883 0.005691 0.001938 0.000628 0.000194 0.000057 0.000016 0.000004 0.000001 0.000000 0.000000 0.000000 0.000000 0.000000 0.000000 0.000000 0.000000 0.000000 0.000000 0.000000 0.000000 0.000000 0.000000 0.000000 0.000000 0.000000 0.000000 0.000000 0.000000 0.000000 0.000000 0.000000 0.000000 0.000000 0.000000 0.000000 0.000000 
50.000000 38.685739 28.279809 19.472334 12.604156 7.661457 4.372188 2.343335 1.180544 0.559701 0.250078 0.105469 0.042056 0.015883 0.005691 0.001938 0.000628 0.000194 0.000058 0.000016 0.000005 0.000001 0.000001 0.000000 0.000000 0.000000 0.000000 0.000000 0.000000 0.000000 0.000000 0.000000 0.000000 0.000000 0.000000 0.000000 0.000000 0.000000 0.000000 0.000000 0.000000 0.000000 0.000000 0.000000 0.000000 0.000000 0.000000 0.000000 0.000000 0.000000 
50.000000 38.685739 28.279810 19.472334 12.604156 7.661458 4.372188 2.343336 1.180544 0.559702 0.250078 0.105470 0.042057 0.015884 0.005692 0.001939 0.000629 0.000195 0.000058 0.000017 0.000006 0.000002 0.000001 0.000001 0.000001 0.000001 0.000001 0.000001 0.000001 0.000001 0.000001 0.000001 0.000001 0.000001 0.000001 0.000001 0.000001 0.000001 0.000001 0.000001 0.000001 0.000001 0.000001 0.000001 0.000001 0.000001 0.000001 0.000001 0.000000 0.000000 
50.000000 38.685740 28.279811 19.472336 12.604159 7.661461 4.372191 2.343339 1.180548 0.559705 0.250082 0.105473 0.042060 0.015887 0.005695 0.001942 0.000632 0.000198 0.000062 0.000021 0.000009 0.000006 0.000005 0.000004 0.000004 0.000004 0.000004 0.000004 0.000004 0.000004 0.000004 0.000004 0.000004 0.000004 0.000004 0.000004 0.000004 0.000004 0.000004 0.000004 0.000004 0.000004 0.000004 0.000004 0.000004 0.000003 0.000003 0.000002 0.000001 0.000000 
50.000000 38.685743 28.279816 19.472344 12.604168 7.661471 4.372202 2.343350 1.180559 0.559717 0.250093 0.105485 0.042072 0.015899 0.005707 0.001954 0.000644 0.000210 0.000073 0.000032 0.000021 0.000017 0.000016 0.000016 0.000016 0.000016 0.000016 0.000016 0.000016 0.000016 0.000016 0.000016 0.000016 0.000016 0.000016 0.000016 0.000016 0.000016 0.000016 0.000016 0.000016 0.000016 0.000016 0.000015 0.000014 0.000012 0.000010 0.000007 0.000004 0.000000 
50.000000 38.685752 28.279834 19.472369 12.604199 7.661506 4.372240 2.343389 1.180599 0.559757 0.250134 0.105526 0.042113 0.015940 0.005748 0.001995 0.000685 0.000251 0.000115 0.000073 0.000062 0.000058 0.000058 0.000057 0.000057 0.000057 0.000057 0.000057 0.000057 0.000057 0.000057 0.000057 0.000057 0.000057 0.000057 0.000057 0.000057 0.000057 0.000057 0.000057 0.000057 0.000056 0.000055 0.000053 0.000050 0.000044 0.000036 0.000026 0.000014 0.000000 
50.000000 38.685783 28.279894 19.472453 12.604301 7.661622 4.372365 2.343520 1.180733 0.559893 0.250271 0.105662 0.042250 0.016077 0.005885 0.002132 0.000822 0.000388 0.000251 0.000210 0.000198 0.000195 0.000194 0.000194 0.000194 0.000194 0.000194 0.000194 0.000194 0.000194 0.000194 0.000194 0.000194 0.000194 0.000194 0.000194 0.000194 0.000194 0.000194 0.000193 0.000193 0.000191 0.000187 0.000180 0.000169 0.000150 0.000124 0.000089 0.000047 0.000000 
50.000000 38.685882 28.280084 19.472719 12.604627 7.661990 4.372762 2.343934 1.181157 0.560322 0.250702 0.106095 0.042683 0.016511 0.006319 0.002566 0.001256 0.000822 0.000685 0.000644 0.000632 0.000629 0.000628 0.000628 0.000628 0.000628 0.000628 0.000628 0.000628 0.000628 0.000628 0.000628 0.000628 0.000628 0.000628 0.000628 0.000628 0.000628 0.000627 0.000626 0.000623 0.000617 0.000606 0.000584 0.000547 0.000488 0.000402 0.000289 0.000151 0.000000 
50.000000 38.686180 28.280656 19.473523 12.605611 7.663103 4.373959 2.345184 1.182437 0.561618 0.252006 0.107402 0.043992 0.017820 0.007628 0.003875 0.002566 0.002132 0.001995 0.001954 0.001942 0.001939 0.001938 0.001938 0.001938 0.001938 0.001938 0.001938 0.001938 0.001938 0.001938 0.001938 0.001938 0.001938 0.001938 0.001938 0.001937 0.001937 0.001935 0.001932 0.001923 0.001906 0.001870 0.001804 0.001690 0.001509 0.001246 0.000895 0.000469 0.000000 
50.000000 38.687034 28.282294 19.475823 12.608427 7.666288 4.377390 2.348765 1.186104 0.565330 0.255741 0.111148 0.047742 0.021572 0.011381 0.007628 0.006319 0.005885 0.005748 0.005707 0.005695 0.005692 0.005691 0.005691 0.005691 0.005691 0.005691 0.005691 0.005691 0.005691 0.005691 0.005691 0.005691 0.005691 0.005691 0.005690 0.005690 0.005688 0.005684 0.005674 0.005650 0.005599 0.005496 0.005305 0.004974 0.004446 0.003674 0.002642 0.001387 0.000000 
50.000000 38.689351 28.286740 19.482069 12.616072 7.674938 4.386706 2.358489 1.196062 0.575412 0.265884 0.121319 0.057926 0.031761 0.021572 0.017820 0.016511 0.016077 0.015940 0.015899 0.015887 0.015884 0.015883 0.015883 0.015883 0.015883 0.015883 0.015883 0.015883 0.015883 0.015883 0.015883 0.015883 0.015883 0.015883 0.015882 0.015880 0.015876 0.015865 0.015837 0.015773 0.015634 0.015354 0.014830 0.013917 0.012456 0.010307 0.007421 0.003898 0.000000 
50.000000 38.695297 28.298151 19.498099 12.635697 7.697143 4.410622 2.383458 1.221630 0.601300 0.291930 0.147439 0.084078 0.057926 0.047742 0.043992 0.042683 0.042250 0.042113 0.042072 0.042060 0.042057 0.042056 0.042056 0.042056 0.042056 0.042056 0.042056 0.042056 0.042056 0.042056 0.042056 0.042056 0.042056 0.042055 0.042054 0.042050 0.042039 0.042010 0.041940 0.041777 0.041422 0.040702 0.039343 0.036966 0.033133 0.027462 0.019803 0.010412 0.000000 
50.000000 38.709695 28.325783 19.536919 12.683227 7.750927 4.468557 2.443945 1.283575 0.664019 0.355034 0.210722 0.147439 0.121319 0.111148 0.107402 0.106095 0.105662 0.105526 0.105485 0.105473 0.105470 0.105469 0.105469 0.105469 0.105469 0.105468 0.105468 0.105468 0.105468 0.105468 0.105468 0.105468 0.105468 0.105467 0.105464 0.105455 0.105429 0.105361 0.105194 0.104803 0.103950 0.102207 0.098893 0.093051 0.083554 0.069394 0.050138 0.026399 0.000000 
50.000000 38.742511 28.388765 19.625408 12.791579 7.873546 4.600649 2.581864 1.424824 0.807041 0.498937 0.355034 0.291930 0.265884 0.255741 0.252006 0.250702 0.250271 0.250134 0.250093 0.250082 0.250078 0.250078 0.250077 0.250077 0.250077 0.250077 0.250077 0.250077 0.250077 0.250077 0.250077 0.250077 0.250076 0.250074 0.250067 0.250047 0.249990 0.249841 0.249468 0.248595 0.246673 0.242716 0.235126 0.221624 0.199461 0.166090 0.120306 0.063464 0.000000 
50.000000 38.812736 28.523551 19.814795 13.023494 8.136020 4.883422 2.877130 1.727233 1.113253 0.807041 0.664019 0.601300 0.575412 0.565330 0.561618 0.560322 0.559893 0.559757 0.559717 0.559705 0.559702 0.559701 0.559701 0.559701 0.559701 0.559701 0.559701 0.559701 0.559701 0.559701 0.559701 0.559700 0.559699 0.559694 0.559680 0.559639 0.559523 0.559216 0.558446 0.556627 0.552590 0.544204 0.527953 0.498714 0.450138 0.376097 0.273338 0.144559 0.000000 
50.000000 38.953478 28.793697 20.194398 13.488373 8.662196 5.450329 3.469119 2.333569 1.727233 1.424824 1.283575 1.221630 1.196062 1.186104 1.182437 1.181157 1.180733 1.180599 1.180559 1.180548 1.180544 1.180544 1.180543 1.180543 1.180543 1.180543 1.180543 1.180543 1.180543 1.180543 1.180543 1.180542 1.180540 1.180531 1.180505 1.180427 1.180209 1.179625 1.178151 1.174643 1.166784 1.150280 1.117903 1.058844 0.959244 0.805037 0.587749 0.311953 0.000000 
50.000000 39.216960 29.299449 20.905110 14.358805 9.647466 6.511938 4.577755 3.469119 2.877130 2.581864 2.443945 2.383458 2.358489 2.348765 2.345184 2.343934 2.343520 2.343389 2.343350 2.343339 2.343336 2.343335 2.343335 2.343334 2.343334 2.343334 2.343334 2.343334 2.343334 2.343334 2.343334 2.343333 2.343328 2.343314 2.343269 2.343135 2.342756 2.341738 2.339148 2.332926 2.318838 2.288877 2.229236 2.118609 1.928508 1.628169 1.196275 0.638241 0.000000 
50.000000 39.676496 30.181560 22.144765 15.877144 11.366234 8.363986 6.511938 5.450329 4.883422 4.600649 4.468557 4.410622 4.386706 4.377390 4.373959 4.372762 4.372365 4.372240 4.372202 4.372191 4.372188 4.372188 4.372188 4.372187 4.372187 4.372187 4.372187 4.372187 4.372187 4.372187 4.372187 4.372185 4.372178 4.372156 4.372086 4.371876 4.371279 4.369665 4.365523 4.355468 4.332426 4.282702 4.181993 3.991345 3.655919 3.111798 2.307300 1.240791 0.000000 
50.000000 40.421245 31.611197 24.153969 18.338167 14.152284 11.366234 9.647466 8.662196 8.136020 7.873546 7.750927 7.697143 7.674938 7.666288 7.663103 7.661990 7.661622 7.661506 7.661471 7.661461 7.661458 7.661457 7.661457 7.661457 7.661457 7.661457 7.661457 7.661457 7.661457 7.661457 7.661456 7.661453 7.661444 7.661413 7.661315 7.661020 7.660177 7.657876 7.651922 7.637306 7.603352 7.528857 7.374889 7.076142 6.534709 5.625352 4.227865 2.302834 0.000000 
50.000000 41.540006 33.758855 27.172395 22.035534 18.338167 15.877144 14.358805 13.488373 13.023494 12.791579 12.683227 12.635697 12.616072 12.608427 12.605611 12.604627 12.604301 12.604199 12.604168 12.604159 12.604156 12.604156 12.604156 12.604156 12.604156 12.604156 12.604156 12.604156 12.604156 12.604155 12.604154 12.604151 12.604140 12.604101 12.603981 12.603616 12.602564 12.599673 12.592118 12.573356 12.529129 12.430296 12.221225 11.803458 11.017767 9.636256 7.393995 4.116691 0.000000 
50.000000 43.094189 36.742445 31.365817 27.172395 24.153969 22.144765 20.905110 20.194398 19.814795 19.625408 19.536919 19.498099 19.482069 19.475823 19.473523 19.472719 19.472453 19.472369 19.472344 19.472336 19.472334 19.472334 19.472334 19.472334 19.472334 19.472334 19.472334 19.472334 19.472334 19.472333 19.472332 19.472329 19.472317 19.472277 19.472149 19.471762 19.470637 19.467525 19.459318 19.438698 19.389360 19.276941 19.032967 18.528617 17.536138 15.682909 12.431101 7.205357 0.000000 
50.000000 45.086813 40.567782 36.742445 33.758855 31.611197 30.181560 29.299449 28.793697 28.523551 28.388765 28.325783 28.298151 28.286740 28.282294 28.280656 28.280084 28.279894 28.279834 28.279816 28.279811 28.279810 28.279809 28.279809 28.279809 28.279809 28.279809 28.279809 28.279809 28.279809 28.279809 28.279808 28.279805 28.279795 28.279761 28.279652 28.279319 28.278348 28.275645 28.268458 28.250213 28.205948 28.103174 27.874259 27.383332 26.364860 24.311344 20.283891 12.712077 0.000000 
50.000000 47.440756 45.086813 43.094189 41.540006 40.421245 39.676496 39.216960 38.953478 38.812736 38.742511 38.709695 38.695297 38.689351 38.687034 38.686180 38.685882 38.685783 38.685752 38.685743 38.685740 38.685739 38.685739 38.685739 38.685739 38.685739 38.685739 38.685739 38.685739 38.685739 38.685739 38.685739 38.685737 38.685731 38.685711 38.685648 38.685453 38.684885 38.683296 38.679047 38.668176 38.641526 38.578719 38.435705 38.118411 37.423315 35.888832 32.374736 23.720378 0.000000 
50.000000 50.000000 50.000000 50.000000 50.000000 50.000000 50.000000 50.000000 50.000000 50.000000 50.000000 50.000000 50.000000 50.000000 50.000000 50.000000 50.000000 50.000000 50.000000 50.000000 50.000000 50.000000 50.000000 50.000000 50.000000 50.000000 50.000000 50.000000 50.000000 50.000000 50.000000 50.000000 50.000000 50.000000 50.000000 50.000000 50.000000 50.000000 50.000000 50.000000 50.000000 50.000000 50.000000 50.000000 50.000000 50.000000 50.000000 50.000000 50.000000 50.000000 
