50.000000 50.000000 50.000000 50.000000 50.000000 50.000000 50.000000 50.000000 50.000000 50.000000 50.000000 50.000000 50.000000 50.000000 50.000000 50.000000 50.000000 50.000000 50.000000 50.000000 50.000000 50.000000 50.000000 50.000000 50.000000 50.000000 50.000000 50.000000 50.000000 50.000000 50.000000 50.000000 50.000000 50.000000 50.000000 50.000000 50.000000 50.000000 50.000000 50.000000 50.000000 50.000000 50.000000 50.000000 50.000000 50.000000 50.000000 50.000000 50.000000 50.000000 
50.000000 46.891339 44.085377 41.796695 40.106229 38.972237 38.278967 37.891234 37.692066 37.597731 37.556371 37.539524 37.533125 37.530852 37.530094 37.529856 37.529786 37.529766 37.529761 37.529760 37.529759 37.529759 37.529759 37.529759 37.529759 37.529759 37.529759 37.529759 37.529759 37.529759 37.529759 37.529759 37.529759 37.529758 37.529754 37.529738 37.529682 37.529492 37.528878 37.526992 37.521491 37.506241 37.465982 37.364355 37.117321 36.532162 35.155710 31.849692 23.445669 0.000000 
50.000000 44.085377 38.746736 34.392361 31.176229 29.018881 27.700040 26.962473 26.583629 26.404202 26.325541 26.293502 26.281334 26.277012 26.275571 26.275119 26.274985 26.274948 26.274938 26.274935 26.274935 26.274934 26.274934 26.274934 26.274934 26.274934 26.274934 26.274934 26.274934 26.274934 26.274934 26.274934 26.274934 26.274932 26.274925 26.274899 26.274806 26.274492 26.273482 26.270397 26.261470 26.236989 26.173337 26.016223 25.647173 24.819388 23.039958 19.373368 12.235686 0.000000 
50.000000 41.796695 34.392361 28.353319 23.893092 20.901386 19.072605 18.049932 17.524691 17.275952 17.166915 17.122508 17.105646 17.099656 17.097660 17.097034 17.096848 17.096796 17.096783 17.096779 17.096778 17.096778 17.096778 17.096778 17.096778 17.096778 17.096778 17.096778 17.096778 17.096778 17.096778 17.096778 17.096777 17.096776 17.096768 17.096739 17.096637 17.096292 17.095189 17.091848 17.082282 17.056408 16.990375 16.831517 16.471623 15.705120 14.176660 11.352402 6.640985 0.000000 
50.000000 40.106229 31.176229 23.893092 18.514291 14.906681 12.701580 11.468575 10.835372 10.535537 10.404117 10.350601 10.330282 10.323065 10.320661 10.319906 10.319683 10.319621 10.319604 10.319600 10.319599 10.319599 10.319599 10.319599 10.319599 10.319599 10.319599 10.319599 10.319599 10.319599 10.319598 10.319598 10.319598 10.319596 10.319589 10.319564 10.319474 10.319174 10.318219 10.315353 10.307238 10.285604 10.231422 10.104259 9.825472 9.257145 8.187972 6.356842 3.574067 0.000000 
50.000000 38.972237 29.018881 20.901386 14.906681 10.886234 8.428978 7.055098 6.349616 6.015592 5.869203 5.809597 5.786970 5.778935 5.776257 5.775417 5.775169 5.775099 5.775081 5.775076 5.775075 5.775075 5.775075 5.775075 5.775075 5.775075 5.775075 5.775075 5.775075 5.775075 5.775075 5.775075 5.775074 5.775073 5.775068 5.775049 5.774983 5.774762 5.774065 5.771991 5.766182 5.750912 5.713328 5.627048 5.443117 5.081209 4.429763 3.371708 1.854916 0.000000 
50.000000 38.278967 27.700040 19.072605 12.701580 8.428978 5.817776 4.357931 3.608369 3.253505 3.097998 3.034687 3.010655 3.002121 2.999278 2.998387 2.998123 2.998049 2.998030 2.998025 2.998024 2.998023 2.998023 2.998023 2.998023 2.998023 2.998023 2.998023 2.998023 2.998023 2.998023 2.998023 2.998023 2.998022 2.998019 2.998007 2.997964 2.997822 2.997379 2.996072 2.992448 2.983040 2.960241 2.908888 2.801930 2.597321 2.241087 1.683817 0.914612 0.000000 
50.000000 37.891234 26.962473 18.049932 11.468575 7.055098 4.357931 2.850110 2.075963 1.709484 1.548899 1.483525 1.458712 1.449902 1.446967 1.446047 1.445775 1.445699 1.445678 1.445673 1.445672 1.445672 1.445672 1.445672 1.445672 1.445672 1.445672 1.445672 1.445672 1.445672 1.445672 1.445672 1.445672 1.445671 1.445669 1.445662 1.445638 1.445557 1.445307 1.444575 1.442564 1.437401 1.425055 1.397690 1.341770 1.237154 1.059557 0.789136 0.425252 0.000000 
50.000000 37.692066 26.583629 17.524691 10.835372 6.349616 3.608369 2.075963 1.289225 0.916803 0.753622 0.687194 0.661983 0.653032 0.650050 0.649115 0.648839 0.648762 0.648741 0.648736 0.648735 0.648734 0.648734 0.648734 0.648734 0.648734 0.648734 0.648734 0.648734 0.648734 0.648734 0.648734 0.648734 0.648734 0.648733 0.648729 0.648717 0.648676 0.648548 0.648179 0.647172 0.644613 0.638562 0.625329 0.598705 0.549768 0.468283 0.346640 0.185825 0.000000 
50.000000 37.597731 26.404202 17.275952 10.535537 6.015592 3.253505 1.709484 0.916803 0.541578 0.377173 0.310249 0.284850 0.275833 0.272830 0.271888 0.271609 0.271531 0.271511 0.271506 0.271504 0.271504 0.271504 0.271504 0.271504 0.271504 0.271504 0.271504 0.271504 0.271504 0.271504 0.271504 0.271504 0.271504 0.271503 0.271502 0.271496 0.271477 0.271418 0.271248 0.270789 0.269631 0.266920 0.261057 0.249409 0.228299 0.193670 0.142732 0.076240 0.000000 
50.000000 37.556371 26.325541 17.166915 10.404117 5.869203 3.097998 1.548899 0.753622 0.377173 0.212234 0.145095 0.119614 0.110568 0.107555 0.106610 0.106331 0.106253 0.106232 0.106227 0.106226 0.106225 0.106225 0.106225 0.106225 0.106225 0.106225 0.106225 0.106225 0.106225 0.106225 0.106225 0.106225 0.106225 0.106225 0.106224 0.106222 0.106214 0.106189 0.106117 0.105925 0.105443 0.104324 0.101926 0.097212 0.088764 0.075067 0.055144 0.029380 0.000000 
50.000000 37.539524 26.293502 17.122508 10.350601 5.809597 3.034687 1.483525 0.687194 0.310249 0.145095 0.077868 0.052354 0.043297 0.040280 0.039334 0.039054 0.038976 0.038955 0.038950 0.038948 0.038948 0.038948 0.038948 0.038948 0.038948 0.038948 0.038948 0.038948 0.038948 0.038948 0.038948 0.038948 0.038948 0.038948 0.038948 0.038947 0.038944 0.038934 0.038906 0.038831 0.038646 0.038218 0.037307 0.035533 0.032382 0.027319 0.020020 0.010646 0.000000 
50.000000 37.533125 26.281334 17.105646 10.330282 5.786970 3.010655 1.458712 0.661983 0.284850 0.119614 0.052354 0.026828 0.017767 0.014748 0.013802 0.013522 0.013443 0.013423 0.013417 0.013416 0.013416 0.013416 0.013416 0.013416 0.013416 0.013416 0.013416 0.013416 0.013416 0.013416 0.013416 0.013416 0.013416 0.013416 0.013416 0.013415 0.013414 0.013411 0.013401 0.013374 0.013307 0.013155 0.012832 0.012208 0.011108 0.009354 0.006842 0.003633 0.000000 
50.000000 37.530852 26.277012 17.099656 10.323065 5.778935 3.002121 1.449902 0.653032 0.275833 0.110568 0.043297 0.017767 0.008703 0.005684 0.004738 0.004458 0.004379 0.004359 0.004353 0.004352 0.004352 0.004352 0.004352 0.004352 0.004352 0.004352 0.004352 0.004352 0.004352 0.004352 0.004352 0.004352 0.004352 0.004352 0.004352 0.004352 0.004351 0.004350 0.004347 0.004338 0.004315 0.004264 0.004157 0.003952 0.003591 0.003020 0.002205 0.001170 0.000000 
50.000000 37.530094 26.275571 17.097660 10.320661 5.776257 2.999278 1.446967 0.650050 0.272830 0.107555 0.040280 0.014748 0.005684 0.002665 0.001718 0.001438 0.001360 0.001339 0.001334 0.001333 0.001333 0.001332 0.001332 0.001332 0.001332 0.001332 0.001332 0.001332 0.001332 0.001332 0.001332 0.001332 0.001332 0.001332 0.001332 0.001332 0.001332 0.001332 0.001331 0.001328 0.001321 0.001305 0.001272 0.001208 0.001097 0.000921 0.000672 0.000356 0.000000 
50.000000 37.529856 26.275119 17.097034 10.319906 5.775417 2.998387 1.446047 0.649115 0.271888 0.106610 0.039334 0.013802 0.004738 0.001718 0.000772 0.000492 0.000414 0.000393 0.000388 0.000386 0.000386 0.000386 0.000386 0.000386 0.000386 0.000386 0.000386 0.000386 0.000386 0.000386 0.000386 0.000386 0.000386 0.000386 0.000386 0.000386 0.000386 0.000386 0.000385 0.000385 0.000383 0.000378 0.000368 0.000349 0.000317 0.000266 0.000194 0.000103 0.000000 
50.000000 37.529786 26.274985 17.096848 10.319683 5.775169 2.998123 1.445775 0.648839 0.271609 0.106331 0.039054 0.013522 0.004458 0.001438 0.000492 0.000212 0.000134 0.000113 0.000108 0.000106 0.000106 0.000106 0.000106 0.000106 0.000106 0.000106 0.000106 0.000106 0.000106 0.000106 0.000106 0.000106 0.000106 0.000106 0.000106 0.000106 0.000106 0.000106 0.000106 0.000106 0.000105 0.000104 0.000101 0.000096 0.000087 0.000073 0.000053 0.000028 0.000000 
50.000000 37.529766 26.274948 17.096796 10.319621 5.775099 2.998049 1.445699 0.648762 0.271531 0.106253 0.038976 0.013443 0.004379 0.001360 0.000414 0.000134 0.000055 0.000035 0.000029 0.000028 0.000028 0.000028 0.000028 0.000028 0.000028 0.000028 0.000028 0.000028 0.000028 0.000028 0.000028 0.000028 0.000028 0.000028 0.000028 0.000028 0.000028 0.000028 0.000028 0.000028 0.000027 0.000027 0.000026 0.000025 0.000023 0.000019 0.000014 0.000007 0.000000 
50.000000 37.529761 26.274938 17.096783 10.319604 5.775081 2.998030 1.445678 0.648741 0.271511 0.106232 0.038955 0.013423 0.004359 0.001339 0.000393 0.000113 0.000035 0.000014 0.000008 0.000007 0.000007 0.000007 0.000007 0.000007 0.000007 0.000007 0.000007 0.000007 0.000007 0.000007 0.000007 0.000007 0.000007 0.000007 0.000007 0.000007 0.000007 0.000007 0.000007 0.000007 0.000007 0.000007 0.000007 0.000006 0.000006 0.000005 0.000003 0.000002 0.000000 
50.000000 37.529760 26.274935 17.096779 10.319600 5.775076 2.998025 1.445673 0.648736 0.271506 0.106227 0.038950 0.013417 0.004353 0.001334 0.000388 0.000108 0.000029 0.000008 0.000003 0.000002 0.000002 0.000002 0.000002 0.000002 0.000002 0.000002 0.000002 0.000002 0.000002 0.000002 0.000002 0.000002 0.000002 0.000002 0.000002 0.000002 0.000002 0.000002 0.000002 0.000002 0.000002 0.000002 0.000002 0.000001 0.000001 0.000001 0.000001 0.000000 0.000000 
50.000000 37.529759 26.274935 17.096778 10.319599 5.775075 2.998024 1.445672 0.648735 0.271504 0.106226 0.038948 0.013416 0.004352 0.001333 0.000386 0.000106 0.000028 0.000007 0.000002 0.000001 0.000000 0.000000 0.000000 0.000000 0.000000 0.000000 0.000000 0.000000 0.000000 0.000000 0.000000 0.000000 0.000000 0.000000 0.000000 0.000000 0.000000 0.000000 0.000000 0.000000 0.000000 0.000000 0.000000 0.000000 0.000000 0.000000 0.000000 0.000000 0.000000 
50.000000 37.529759 26.274934 17.096778 10.319599 5.775075 2.998023 1.445672 0.648734 0.271504 0.106225 0.038948 0.013416 0.004352 0.001333 0.000386 0.000106 0.000028 0.000007 0.000002 0.000000 0.000000 0.000000 0.000000 0.000000 0.000000 0.000000 0.000000 0.000000 0.000000 0.000000 0.000000 0.000000 0.000000 0.000000 0.000000 0.000000 0.000000 0.000000 0.000000 0.000000 0.000000 0.000000 0.000000 0.000000 0.000000 0.000000 0.000000 0.000000 0.000000 
50.000000 37.529759 26.274934 17.096778 10.319599 5.775075 2.998023 1.445672 0.648734 0.271504 0.106225 0.038948 0.013416 0.004352 0.001332 0.000386 0.000106 0.000028 0.000007 0.000002 0.000000 0.000000 0.000000 0.000000 0.000000 0.000000 0.000000 0.000000 0.000000 0.000000 0.000000 0.000000 0.000000 0.000000 0.000000 0.000000 0.000000 0.000000 0.000000 0.000000 0.000000 0.000000 0.000000 0.000000 0.000000 0.000000 0.000000 0.000000 0.000000 0.000000 
50.000000 37.529759 26.274934 17.096778 10.319599 5.775075 2.998023 1.445672 0.648734 0.271504 0.106225 0.038948 0.013416 0.004352 0.001332 0.000386 0.000106 0.000028 0.000007 0.000002 0.000000 0.000000 0.000000 0.000000 0.000000 0.000000 0.000000 0.000000 0.000000 0.000000 0.000000 0.000000 0.000000 0.000000 0.000000 0.000000 0.000000 0.000000 0.000000 0.000000 0.000000 0.000000 0.000000 0.000000 0.000000 0.000000 0.000000 0.000000 0.000000 0.000000 
50.000000 37.529759 26.274934 17.096778 10.319599 5.775075 2.998023 1.445672 0.648734 0.271504 0.106225 0.038948 0.013416 0.004352 0.001332 0.000386 0.000106 0.000028 0.000007 0.000002 0.000000 0.000000 0.000000 0.000000 0.000000 0.000000 0.000000 0.000000 0.000000 0.000000 0.000000 0.000000 0.000000 0.000000 0.000000 0.000000 0.000000 0.000000 0.000000 0.000000 0.000000 0.000000 0.000000 0.000000 0.000000 0.000000 0.000000 0.000000 0.000000 0.000000 
50.000000 37.529759 26.274934 17.096778 10.319599 5.775075 2.998023 1.445672 0.648734 0.271504 0.106225 0.038948 0.013416 0.004352 0.001332 0.000386 0.000106 0.000028 0.000007 0.000002 0.000000 0.000000 0.000000 0.000000 0.000000 0.000000 0.000000 0.000000 0.000000 0.000000 0.000000 0.000000 0.000000 0.000000 0.000000 0.000000 0.000000 0.000000 0.000000 0.000000 0.000000 0.000000 0.000000 0.000000 0.000000 0.000000 0.000000 0.000000 0.000000 0.000000 
50.000000 37.529759 26.274934 17.096778 10.319599 5.775075 2.998023 1.445672 0.648734 0.271504 0.106225 0.038948 0.013416 0.004352 0.001332 0.000386 0.000106 0.000028 0.000007 0.000002 0.000000 0.000000 0.000000 0.000000 0.000000 0.000000 0.000000 0.000000 0.000000 0.000000 0.000000 0.000000 0.000000 0.000000 0.000000 0.000000 0.000000 0.000000 0.000000 0.000000 0.000000 0.000000 0.000000 0.000000 0.000000 0.000000 0.000000 0.000000 0.000000 0.000000 
50.000000 37.529759 26.274934 17.096778 10.319599 5.775075 2.998023 1.445672 0.648734 0.271504 0.106225 0.038948 0.013416 0.004352 0.001332 0.000386 0.000106 0.000028 0.000007 0.000002 0.000000 0.000000 0.000000 0.000000 0.000000 0.000000 0.000000 0.000000 0.000000 0.000000 0.000000 0.000000 0.000000 0.000000 0.000000 0.000000 0.000000 0.000000 0.000000 0.000000 0.000000 0.000000 0.000000 0.000000 0.000000 0.000000 0.000000 0.000000 0.000000 0.000000 
50.000000 37.529759 26.274934 17.096778 10.319599 5.775075 2.998023 1.445672 0.648734 0.271504 0.106225 0.038948 0.013416 0.004352 0.001333 0.000386 0.000106 0.000028 0.000007 0.000002 0.000000 0.000000 0.000000 0.000000 0.000000 0.000000 0.000000 0.000000 0.000000 0.000000 0.000000 0.000000 0.000000 0.000000 0.000000 0.000000 0.000000 0.000000 0.000000 0.000000 0.000000 0.000000 0.000000 0.000000 0.000000 0.000000 0.000000 0.000000 0.000000 0.000000 
50.000000 37.529759 26.274935 17.096778 10.319599 5.775075 2.998024 1.445672 0.648735 0.271504 0.106226 0.038948 0.013416 0.004352 0.001333 0.000386 0.000106 0.000028 0.000007 0.000002 0.000001 0.000000 0.000000 0.000000 0.000000 0.000000 0.000000 0.000000 0.000000 0.000000 0.000000 0.000000 0.000000 0.000000 0.000000 0.000000 0.000000 0.000000 0.000000 0.000000 0.000000 0.000000 0.000000 0.000000 0.000000 0.000000 0.000000 0.000000 0.000000 0.000000 
50.000000 37.529760 26.274935 17.096779 10.319600 5.775076 2.998025 1.445673 0.648736 0.271506 0.106227 0.038950 0.013417 0.004353 0.001334 0.000388 0.000108 0.000029 0.000008 0.000003 0.000002 0.000002 0.000002 0.000002 0.000002 0.000002 0.000002 0.000002 0.000002 0.000002 0.000002 0.000002 0.000002 0.000002 0.000002 0.000002 0.000002 0.000002 0.000002 0.000002 0.000002 0.000002 0.000002 0.000002 0.000001 0.000001 0.000001 0.000001 0.000000 0.000000 
50.000000 37.529761 26.274938 17.096783 10.319604 5.775081 2.998030 1.445678 0.648741 0.271511 0.106232 0.038955 0.013423 0.004359 0.001339 0.000393 0.000113 0.000035 0.000014 0.000008 0.000007 0.000007 0.000007 0.000007 0.000007 0.000007 0.000007 0.000007 0.000007 0.000007 0.000007 0.000007 0.000007 0.000007 0.000007 0.000007 0.000007 0.000007 0.000007 0.000007 0.000007 0.000007 0.000007 0.000007 0.000006 0.000006 0.000005 0.000003 0.000002 0.000000 
50.000000 37.529766 26.274948 17.096796 10.319621 5.775099 2.998049 1.445699 0.648762 0.271531 0.106253 0.038976 0.013443 0.004379 0.001360 0.000414 0.000134 0.000055 0.000035 0.000029 0.000028 0.000028 0.000028 0.000028 0.000028 0.000028 0.000028 0.000028 0.000028 0.000028 0.000028 0.000028 0.000028 0.000028 0.000028 0.000028 0.000028 0.000028 0.000028 0.000028 0.000028 0.000027 0.000027 0.000026 0.000025 0.000023 0.000019 0.000014 0.000007 0.000000 
50.000000 37.529786 26.274985 17.096848 10.319683 5.775169 2.998123 1.445775 0.648839 0.271609 0.106331 0.039054 0.013522 0.004458 0.001438 0.000492 0.000212 0.000134 0.000113 0.000108 0.000106 0.000106 0.000106 0.000106 0.000106 0.000106 0.000106 0.000106 0.000106 0.000106 0.000106 0.000106 0.000106 0.000106 0.000106 0.000106 0.000106 0.000106 0.000106 0.000106 0.000106 0.000105 0.000104 0.000101 0.000096 0.000087 0.000073 0.000053 0.000028 0.000000 
50.000000 37.529856 26.275119 17.097034 10.319906 5.775417 2.998387 1.446047 0.649115 0.271888 0.106610 0.039334 0.013802 0.004738 0.001718 0.000772 0.000492 0.000414 0.000393 0.000388 0.000386 0.000386 0.000386 0.000386 0.000386 0.000386 0.000386 0.000386 0.000386 0.000386 0.000386 0.000386 0.000386 0.000386 0.000386 0.000386 0.000386 0.000386 0.000386 0.000385 0.000385 0.000383 0.000378 0.000368 0.000349 0.000317 0.000266 0.000194 0.000103 0.000000 
50.000000 37.530094 26.275571 17.097660 10.320661 5.776257 2.999278 1.446967 0.650050 0.272830 0.107555 0.040280 0.014748 0.005684 0.002665 0.001718 0.001438 0.001360 0.001339 0.001334 0.001333 0.001333 0.001332 0.001332 0.001332 0.001332 0.001332 0.001332 0.001332 0.001332 0.001332 0.001332 0.001332 0.001332 0.001332 0.001332 0.001332 0.001332 0.001332 0.001331 0.001328 0.001321 0.001305 0.001272 0.001208 0.001097 0.000921 0.000672 0.000356 0.000000 
50.000000 37.530852 26.277012 17.099656 10.323065 5.778935 3.002121 1.449902 0.653032 0.275833 0.110568 0.043297 0.017767 0.008703 0.005684 0.004738 0.004458 0.004379 0.004359 0.004353 0.004352 0.004352 0.004352 0.004352 0.004352 0.004352 0.004352 0.004352 0.004352 0.004352 0.004352 0.004352 0.004352 0.004352 0.004352 0.004352 0.004352 0.004351 0.004350 0.004347 0.004338 0.004315 0.004264 0.004157 0.003952 0.003591 0.003020 0.002205 0.001170 0.000000 
50.000000 37.533125 26.281334 17.105646 10.330282 5.786970 3.010655 1.458712 0.661983 0.284850 0.119614 0.052354 0.026828 0.017767 0.014748 0.013802 0.013522 0.013443 0.013423 0.013417 0.013416 0.013416 0.013416 0.013416 0.013416 0.013416 0.013416 0.013416 0.013416 0.013416 0.013416 0.013416 0.013416 0.013416 0.013416 0.013416 0.013415 0.013414 0.013411 0.013401 0.013374 0.013307 0.013155 0.012832 0.012208 0.011108 0.009354 0.006842 0.003633 0.000000 
50.000000 37.539524 26.293502 17.122508 10.350601 5.809597 3.034687 1.483525 0.687194 0.310249 0.145095 0.077868 0.052354 0.043297 0.040280 0.039334 0.039054 0.038976 0.038955 0.038950 0.038948 0.038948 0.038948 0.038948 0.038948 0.038948 0.038948 0.038948 0.038948 0.038948 0.038948 0.038948 0.038948 0.038948 0.038948 0.038948 0.038947 0.038944 0.038934 0.038906 0.038831 0.038646 0.038218 0.037307 0.035533 0.032382 0.027319 0.020020 0.010646 0.000000 
50.000000 37.556371 26.325541 17.166915 10.404117 5.869203 3.097998 1.548899 0.753622 0.377173 0.212234 0.145095 0.119614 0.110568 0.107555 0.106610 0.106331 0.106253 0.106232 0.106227 0.106226 0.106225 0.106225 0.106225 0.106225 0.106225 0.106225 0.106225 0.106225 0.106225 0.106225 0.106225 0.106225 0.106225 0.106225 0.106224 0.106222 0.106214 0.106189 0.106117 0.105925 0.105443 0.104324 0.101926 0.097212 0.088764 0.075067 0.055144 0.029380 0.000000 
50.000000 37.597731 26.404202 17.275952 10.535537 6.015592 3.253505 1.709484 0.916803 0.541578 0.377173 0.310249 0.284850 0.275833 0.272830 0.271888 0.271609 0.271531 0.271511 0.271506 0.271504 0.271504 0.271504 0.271504 0.271504 0.271504 0.271504 0.271504 0.271504 0.271504 0.271504 0.271504 0.271504 0.271504 0.271503 0.271502 0.271496 0.271477 0.271418 0.271248 0.270789 0.269631 0.266920 0.261057 0.249409 0.228299 0.193670 0.142732 0.076240 0.000000 
50.000000 37.692066 26.583629 17.524691 10.835372 6.349616 3.608369 2.075963 1.289225 0.916803 0.753622 0.687194 0.661983 0.653032 0.650050 0.649115 0.648839 0.648762 0.648741 0.648736 0.648735 0.648734 0.648734 0.648734 0.648734 0.648734 0.648734 0.648734 0.648734 0.648734 0.648734 0.648734 0.648734 0.648734 0.648733 0.648729 0.648717 0.648676 0.648548 0.648179 0.647172 0.644613 0.638562 0.625329 0.598705 0.549768 0.468283 0.346640 0.185825 0.000000 
50.000000 37.891234 26.962473 18.049932 11.468575 7.055098 4.357931 2.850110 2.075963 1.709484 1.548899 1.483525 1.458712 1.449902 1.446967 1.446047 1.445775 1.445699 1.445678 1.445673 1.445672 1.445672 1.445672 1.445672 1.445672 1.445672 1.445672 1.445672 1.445672 1.445672 1.445672 1.445672 1.445672 1.445671 1.445669 1.445662 1.445638 1.445557 1.445307 1.444575 1.442564 1.437401 1.425055 1.397690 1.341770 1.237154 1.059557 0.789136 0.425252 0.000000 
50.000000 38.278967 27.700040 19.072605 12.701580 8.428978 5.817776 4.357931 3.608369 3.253505 3.097998 3.034687 3.010655 3.002121 2.999278 2.998387 2.998123 2.998049 2.998030 2.998025 2.998024 2.998023 2.998023 2.998023 2.998023 2.998023 2.998023 2.998023 2.998023 2.998023 2.998023 2.998023 2.998023 2.998022 2.998019 2.998007 2.997964 2.997822 2.997379 2.996072 2.992448 2.983040 2.960241 2.908888 2.801930 2.597321 2.241087 1.683817 0.914612 0.000000 
50.000000 38.972237 29.018881 20.901386 14.906681 10.886234 8.428978 7.055098 6.349616 6.015592 5.869203 5.809597 5.786970 5.778935 5.776257 5.775417 5.775169 5.775099 5.775081 5.775076 5.775075 5.775075 5.775075 5.775075 5.775075 5.775075 5.775075 5.775075 5.775075 5.775075 5.775075 5.775075 5.775074 5.775073 5.775068 5.775049 5.774983 5.774762 5.774065 5.771991 5.766182 5.750912 5.713328 5.627048 5.443117 5.081209 4.429763 3.371708 1.854916 0.000000 
50.000000 40.106229 31.176229 23.893092 18.514291 14.906681 12.701580 11.468575 10.835372 10.535537 10.404117 10.350601 10.330282 10.323065 10.320661 10.319906 10.319683 10.319621 10.319604 10.319600 10.319599 10.319599 10.319599 10.319599 10.319599 10.319599 10.319599 10.319599 10.319599 10.319599 10.319598 10.319598 10.319598 10.319596 10.319589 10.319564 10.319474 10.319174 10.318219 10.315353 10.307238 10.285604 10.231422 10.104259 9.825472 9.257145 8.187972 6.356842 3.574067 0.000000 
50.000000 41.796695 34.392361 28.353319 23.893092 20.901386 19.072605 18.049932 17.524691 17.275952 17.166915 17.122508 17.105646 17.099656 17.097660 17.097034 17.096848 17.096796 17.096783 17.096779 17.096778 17.096778 17.096778 17.096778 17.096778 17.096778 17.096778 17.096778 17.096778 17.096778 17.096778 17.096778 17.096777 17.096776 17.096768 17.096739 17.096637 17.096292 17.095189 17.091848 17.082282 17.056408 16.990375 16.831517 16.471623 15.705120 14.176660 11.352402 6.640985 0.000000 
50.000000 44.085377 38.746736 34.392361 31.176229 29.018881 27.700040 26.962473 26.583629 26.404202 26.325541 26.293502 26.281334 26.277012 26.275571 26.275119 26.274985 26.274948 26.274938 26.274935 26.274935 26.274934 26.274934 26.274934 26.274934 26.274934 26.274934 26.274934 26.274934 26.274934 26.274934 26.274934 26.274934 26.274932 26.274925 26.274899 26.274806 26.274492 26.273482 26.270397 26.261470 26.236989 26.173337 26.016223 25.647173 24.819388 23.039958 19.373368 12.235686 0.000000 
50.000000 46.891339 44.085377 41.796695 40.106229 38.972237 38.278967 37.891234 37.692066 37.597731 37.556371 37.539524 37.533125 37.530852 37.530094 37.529856 37.529786 37.529766 37.529761 37.529760 37.529759 37.529759 37.529759 37.529759 37.529759 37.529759 37.529759 37.529759 37.529759 37.529759 37.529759 37.529759 37.529759 37.529758 37.529754 37.529738 37.529682 37.529492 37.528878 37.526992 37.521491 37.506241 37.465982 37.364355 37.117321 36.532162 35.155710 31.849692 23.445669 0.000000 
50.000000 50.000000 50.000000 50.000000 50.000000 50.000000 50.000000 50.000000 50.000000 50.000000 50.000000 50.000000 50.000000 50.000000 50.000000 50.000000 50.000000 50.000000 50.000000 50.000000 50.000000 50.000000 50.000000 50.000000 50.000000 50.000000 50.000000 50.000000 50.000000 50.000000 50.000000 50.000000 50.000000 50.000000 50.000000 50.000000 50.000000 50.000000 50.000000 50.000000 50.000000 50.000000 50.000000 50.000000 50.000000 50.000000 50.000000 50.000000 50.000000 50.000000 
