50.000000 50.000000 50.000000 50.000000 50.000000 50.000000 50.000000 50.000000 50.000000 50.000000 50.000000 50.000000 50.000000 50.000000 50.000000 50.000000 50.000000 50.000000 50.000000 50.000000 50.000000 50.000000 50.000000 50.000000 50.000000 50.000000 50.000000 50.000000 50.000000 50.000000 50.000000 50.000000 50.000000 50.000000 50.000000 50.000000 50.000000 50.000000 50.000000 50.000000 50.000000 50.000000 50.000000 50.000000 50.000000 50.000000 50.000000 50.000000 50.000000 50.000000 
50.000000 48.616886 47.293808 46.082992 45.022739 44.134172 43.421217 42.873319 42.469855 42.185013 41.992105 41.866703 41.788404 41.741415 41.714293 41.699224 41.691160 41.687001 41.684931 41.683937 41.683476 41.683269 41.683179 41.683141 41.683126 41.683119 41.683116 41.683113 41.683108 41.683094 41.683062 41.682986 41.682811 41.682420 41.681571 41.679776 41.676085 41.668699 41.654289 41.626842 41.575674 41.481994 41.312728 41.008747 40.460430 39.451512 37.514614 33.514533 24.308443 0.000000 
50.000000 47.293808 44.705083 42.336015 40.261540 38.522991 37.128047 36.056052 35.266656 34.709351 34.331923 34.086573 33.933382 33.841450 33.788386 33.758905 33.743129 33.734992 33.730942 33.728998 33.728095 33.727690 33.727515 33.727441 33.727411 33.727398 33.727392 33.727387 33.727376 33.727352 33.727292 33.727152 33.726829 33.726108 33.724544 33.721247 33.714485 33.700995 33.674784 33.625119 33.533186 33.366517 33.069585 32.547443 31.636109 30.047066 27.262442 22.352542 13.779275 0.000000 
50.000000 46.082992 42.336015 38.906982 35.904363 33.387979 31.368943 29.817356 28.674807 27.868189 27.321924 26.966824 26.745110 26.612058 26.535261 26.492596 26.469764 26.457988 26.452128 26.449314 26.448008 26.447422 26.447168 26.447061 26.447017 26.446999 26.446991 26.446983 26.446970 26.446937 26.446859 26.446674 26.446250 26.445305 26.443261 26.438965 26.430188 26.412763 26.379111 26.315847 26.199935 25.992653 25.630224 25.009396 23.965666 22.242223 19.453491 15.073573 8.568378 0.000000 
50.000000 45.022739 40.261540 35.904363 32.089036 28.891575 26.326095 24.354597 22.902854 21.877964 21.183889 20.732712 20.451017 20.281972 20.184402 20.130197 20.101192 20.086231 20.078787 20.075211 20.073553 20.072808 20.072485 20.072350 20.072294 20.072272 20.072261 20.072253 20.072237 20.072201 20.072113 20.071908 20.071438 20.070394 20.068142 20.063428 20.053846 20.034935 19.998689 19.931188 19.808989 19.593833 19.225200 18.610506 17.613545 16.044518 13.662140 10.214474 5.571227 0.000000 
50.000000 44.134172 38.522991 33.387979 28.891575 25.123363 22.099971 19.776610 18.065789 16.858017 16.040104 15.508438 15.176495 14.977302 14.862333 14.798463 14.764287 14.746660 14.737889 14.733677 14.731722 14.730846 14.730465 14.730305 14.730240 14.730214 14.730202 14.730193 14.730177 14.730141 14.730054 14.729850 14.729386 14.728358 14.726150 14.721548 14.712247 14.694016 14.659360 14.595475 14.481280 14.283377 13.951009 13.410610 12.561682 11.278030 9.422313 6.886882 3.673742 0.000000 
50.000000 43.421217 37.128047 31.368943 26.326095 22.099971 18.709214 16.103580 14.184933 12.830467 11.913228 11.317009 10.944771 10.721402 10.592483 10.520866 10.482545 10.462780 10.452946 10.448224 10.446032 10.445050 10.444623 10.444444 10.444371 10.444341 10.444328 10.444319 10.444305 10.444271 10.444193 10.444008 10.443589 10.442665 10.440687 10.436587 10.428349 10.412318 10.382104 10.326981 10.229675 10.063594 9.789806 9.354607 8.689362 7.715588 6.359547 4.580604 2.412470 0.000000 
50.000000 42.873319 36.056052 29.817356 24.354597 19.776610 16.103580 13.281067 11.202753 9.735594 8.742058 8.096258 7.693074 7.451140 7.311509 7.233944 7.192441 7.171036 7.160387 7.155272 7.152899 7.151835 7.151373 7.151179 7.151100 7.151068 7.151055 7.151046 7.151033 7.151005 7.150939 7.150784 7.150434 7.149663 7.148023 7.144639 7.137883 7.124830 7.100436 7.056376 6.979523 6.850193 6.640533 6.313773 5.825601 5.129397 4.187132 2.986467 1.560591 0.000000 
50.000000 42.469855 35.266656 28.674807 22.902854 18.065789 14.184933 11.202753 9.006902 7.456791 6.407100 5.724811 5.298855 5.043262 4.895752 4.813811 4.769969 4.747357 4.736108 4.730705 4.728199 4.727075 4.726587 4.726382 4.726299 4.726266 4.726252 4.726244 4.726233 4.726211 4.726158 4.726037 4.725763 4.725163 4.723890 4.721280 4.716100 4.706160 4.687737 4.654777 4.597917 4.503451 4.352560 4.121339 3.782413 3.309021 2.682154 1.900139 0.987862 0.000000 
50.000000 42.185013 34.709351 27.868189 21.877964 16.858017 12.830467 9.735594 7.456791 5.848145 4.758831 4.050800 3.608780 3.343554 3.190487 3.105461 3.059969 3.036507 3.024835 3.019230 3.016630 3.015464 3.014958 3.014745 3.014658 3.014624 3.014610 3.014603 3.014594 3.014578 3.014539 3.014449 3.014247 3.013807 3.012879 3.010984 3.007245 3.000119 2.987012 2.963769 2.924073 2.858875 2.756071 2.600792 2.376738 2.068975 1.668255 1.176165 0.609339 0.000000 
50.000000 41.992105 34.331923 27.321924 21.183889 16.040104 11.913228 8.742058 6.407100 4.758831 3.642701 2.917249 2.464360 2.192617 2.035791 1.948679 1.902071 1.878035 1.866077 1.860335 1.857671 1.856476 1.855958 1.855740 1.855652 1.855616 1.855602 1.855596 1.855589 1.855577 1.855550 1.855487 1.855347 1.855042 1.854402 1.853100 1.850547 1.845712 1.836883 1.821350 1.795063 1.752323 1.685682 1.586247 1.444629 1.252701 1.006077 0.706804 0.365263 0.000000 
50.000000 41.866703 34.086573 26.966824 20.732712 15.508438 11.317009 8.096258 5.724811 4.050800 2.917249 2.180483 1.720536 1.444560 1.285295 1.196828 1.149497 1.125088 1.112945 1.107114 1.104408 1.103195 1.102669 1.102448 1.102358 1.102322 1.102308 1.102302 1.102297 1.102289 1.102271 1.102229 1.102137 1.101936 1.101517 1.100668 1.099013 1.095896 1.090241 1.080366 1.063788 1.037074 0.995822 0.934905 0.849079 0.734023 0.587713 0.411789 0.212413 0.000000 
50.000000 41.788404 33.933382 26.745110 20.451017 15.176495 10.944771 7.693074 5.298855 3.608780 2.464360 1.720536 1.256187 0.977572 0.816785 0.727475 0.679693 0.655051 0.642793 0.636906 0.634175 0.632951 0.632419 0.632196 0.632105 0.632069 0.632056 0.632050 0.632046 0.632040 0.632029 0.632003 0.631944 0.631819 0.631557 0.631031 0.630008 0.628093 0.624640 0.618648 0.608662 0.592695 0.568244 0.532453 0.482480 0.416082 0.332348 0.232387 0.119705 0.000000 
50.000000 41.741415 33.841450 26.612058 20.281972 14.977302 10.721402 7.451140 5.043262 3.343554 2.192617 1.444560 0.977572 0.697377 0.535678 0.445862 0.397810 0.373029 0.360702 0.354782 0.352036 0.350804 0.350270 0.350046 0.349954 0.349918 0.349904 0.349899 0.349896 0.349892 0.349885 0.349869 0.349834 0.349759 0.349604 0.349292 0.348688 0.347564 0.345547 0.342069 0.336309 0.327163 0.313257 0.293053 0.265055 0.228127 0.181870 0.126964 0.065330 0.000000 
50.000000 41.714293 33.788386 26.535261 20.184402 14.862333 10.592483 7.311509 4.895752 3.190487 2.035791 1.285295 0.816785 0.535678 0.373454 0.283347 0.235139 0.210278 0.197911 0.191972 0.189217 0.187982 0.187446 0.187221 0.187129 0.187093 0.187079 0.187074 0.187071 0.187069 0.187065 0.187056 0.187036 0.186993 0.186904 0.186727 0.186386 0.185754 0.184626 0.182691 0.179503 0.174472 0.166870 0.155896 0.140785 0.120974 0.096296 0.067139 0.034517 0.000000 
50.000000 41.699224 33.758905 26.492596 20.130197 14.798463 10.520866 7.233944 4.813811 3.105461 1.948679 1.196828 0.727475 0.445862 0.283347 0.193079 0.144784 0.119879 0.107490 0.101540 0.098781 0.097543 0.097006 0.096780 0.096689 0.096653 0.096639 0.096633 0.096631 0.096630 0.096627 0.096622 0.096611 0.096588 0.096539 0.096443 0.096259 0.095918 0.095312 0.094278 0.092583 0.089921 0.085921 0.080179 0.072314 0.062055 0.049334 0.034361 0.017653 0.000000 
50.000000 41.691160 33.743129 26.469764 20.101192 14.764287 10.482545 7.192441 4.769969 3.059969 1.902071 1.149497 0.679693 0.397810 0.235139 0.144784 0.096444 0.071515 0.059114 0.053159 0.050396 0.049158 0.048620 0.048394 0.048303 0.048266 0.048253 0.048247 0.048245 0.048244 0.048243 0.048240 0.048234 0.048222 0.048197 0.048146 0.048050 0.047874 0.047561 0.047029 0.046162 0.044806 0.042778 0.039880 0.035929 0.030798 0.024459 0.017021 0.008740 0.000000 
50.000000 41.687001 33.734992 26.457988 20.086231 14.746660 10.462780 7.171036 4.747357 3.036507 1.878035 1.125088 0.655051 0.373029 0.210278 0.119879 0.071515 0.046574 0.034167 0.028209 0.025445 0.024206 0.023668 0.023442 0.023350 0.023314 0.023300 0.023295 0.023293 0.023292 0.023291 0.023290 0.023287 0.023281 0.023268 0.023243 0.023195 0.023107 0.022951 0.022688 0.022260 0.021594 0.020603 0.019191 0.017274 0.014793 0.011738 0.008163 0.004189 0.000000 
50.000000 41.684931 33.730942 26.452128 20.078787 14.737889 10.452946 7.160387 4.736108 3.024835 1.866077 1.112945 0.642793 0.360702 0.197911 0.107490 0.059114 0.034167 0.021757 0.015797 0.013033 0.011793 0.011255 0.011029 0.010938 0.010901 0.010887 0.010882 0.010880 0.010880 0.010879 0.010878 0.010877 0.010874 0.010868 0.010856 0.010832 0.010790 0.010716 0.010590 0.010387 0.010071 0.009603 0.008938 0.008039 0.006879 0.005454 0.003791 0.001945 0.000000 
50.000000 41.683937 33.728998 26.449314 20.075212 14.733677 10.448224 7.155272 4.730706 3.019230 1.860335 1.107114 0.636906 0.354782 0.191972 0.101540 0.053159 0.028209 0.015797 0.009837 0.007073 0.005833 0.005295 0.005069 0.004977 0.004941 0.004927 0.004922 0.004920 0.004919 0.004919 0.004918 0.004918 0.004916 0.004913 0.004908 0.004897 0.004877 0.004843 0.004785 0.004692 0.004547 0.004333 0.004031 0.003623 0.003098 0.002455 0.001705 0.000875 0.000000 
50.000000 41.683476 33.728095 26.448008 20.073553 14.731723 10.446033 7.152900 4.728199 3.016630 1.857671 1.104409 0.634176 0.352036 0.189218 0.098781 0.050397 0.025445 0.013033 0.007073 0.004308 0.003068 0.002530 0.002304 0.002212 0.002176 0.002162 0.002157 0.002155 0.002154 0.002154 0.002154 0.002154 0.002153 0.002152 0.002149 0.002144 0.002136 0.002120 0.002094 0.002053 0.001989 0.001895 0.001761 0.001582 0.001352 0.001071 0.000744 0.000381 0.000000 
50.000000 41.683269 33.727691 26.447422 20.072809 14.730846 10.445050 7.151836 4.727076 3.015465 1.856477 1.103196 0.632952 0.350805 0.187983 0.097544 0.049159 0.024206 0.011794 0.005834 0.003069 0.001829 0.001291 0.001065 0.000973 0.000937 0.000923 0.000918 0.000916 0.000915 0.000915 0.000915 0.000915 0.000914 0.000914 0.000913 0.000911 0.000907 0.000900 0.000889 0.000871 0.000844 0.000803 0.000747 0.000670 0.000573 0.000453 0.000315 0.000161 0.000000 
50.000000 41.683179 33.727516 26.447169 20.072487 14.730467 10.444625 7.151376 4.726590 3.014960 1.855961 1.102672 0.632422 0.350273 0.187449 0.097009 0.048623 0.023671 0.011258 0.005298 0.002533 0.001293 0.000755 0.000529 0.000437 0.000401 0.000387 0.000382 0.000380 0.000379 0.000379 0.000379 0.000379 0.000379 0.000378 0.000378 0.000377 0.000375 0.000373 0.000368 0.000360 0.000349 0.000332 0.000309 0.000277 0.000236 0.000187 0.000130 0.000067 0.000000 
50.000000 41.683142 33.727443 26.447065 20.072355 14.730311 10.444450 7.151186 4.726390 3.014753 1.855748 1.102456 0.632204 0.350054 0.187229 0.096788 0.048402 0.023450 0.011037 0.005077 0.002312 0.001072 0.000534 0.000308 0.000216 0.000180 0.000166 0.000161 0.000159 0.000158 0.000158 0.000158 0.000158 0.000158 0.000158 0.000158 0.000157 0.000157 0.000155 0.000153 0.000150 0.000145 0.000138 0.000129 0.000115 0.000098 0.000078 0.000054 0.000028 0.000000 
50.000000 41.683129 33.727418 26.447028 20.072308 14.730256 10.444389 7.151119 4.726319 3.014679 1.855673 1.102379 0.632127 0.349976 0.187151 0.096711 0.048324 0.023372 0.010959 0.004999 0.002234 0.000994 0.000456 0.000230 0.000138 0.000102 0.000088 0.000083 0.000081 0.000080 0.000080 0.000080 0.000080 0.000080 0.000080 0.000080 0.000080 0.000079 0.000079 0.000078 0.000076 0.000074 0.000070 0.000065 0.000058 0.000050 0.000039 0.000027 0.000014 0.000000 
50.000000 41.683129 33.727418 26.447028 20.072308 14.730256 10.444389 7.151119 4.726319 3.014679 1.855673 1.102379 0.632127 0.349976 0.187151 0.096711 0.048324 0.023372 0.010959 0.004999 0.002234 0.000994 0.000456 0.000230 0.000138 0.000102 0.000088 0.000083 0.000081 0.000080 0.000080 0.000080 0.000080 0.000080 0.000080 0.000080 0.000080 0.000079 0.000079 0.000078 0.000076 0.000074 0.000070 0.000065 0.000058 0.000050 0.000039 0.000027 0.000014 0.000000 
50.000000 41.683142 33.727443 26.447065 20.072355 14.730311 10.444450 7.151186 4.726390 3.014753 1.855748 1.102456 0.632204 0.350054 0.187229 0.096788 0.048402 0.023450 0.011037 0.005077 0.002312 0.001072 0.000534 0.000308 0.000216 0.000180 0.000166 0.000161 0.000159 0.000158 0.000158 0.000158 0.000158 0.000158 0.000158 0.000158 0.000157 0.000157 0.000155 0.000153 0.000150 0.000145 0.000138 0.000129 0.000115 0.000098 0.000078 0.000054 0.000028 0.000000 
50.000000 41.683179 33.727516 26.447169 20.072487 14.730467 10.444625 7.151376 4.726590 3.014960 1.855961 1.102672 0.632422 0.350273 0.187449 0.097009 0.048623 0.023671 0.011258 0.005298 0.002533 0.001293 0.000755 0.000529 0.000437 0.000401 0.000387 0.000382 0.000380 0.000379 0.000379 0.000379 0.000379 0.000379 0.000378 0.000378 0.000377 0.000375 0.000373 0.000368 0.000360 0.000349 0.000332 0.000309 0.000277 0.000236 0.000187 0.000130 0.000067 0.000000 
50.000000 41.683269 33.727691 26.447422 20.072809 14.730846 10.445050 7.151836 4.727076 3.015465 1.856477 1.103196 0.632952 0.350805 0.187983 0.097544 0.049159 0.024206 0.011794 0.005834 0.003069 0.001829 0.001291 0.001065 0.000973 0.000937 0.000923 0.000918 0.000916 0.000915 0.000915 0.000915 0.000915 0.000914 0.000914 0.000913 0.000911 0.000907 0.000900 0.000889 0.000871 0.000844 0.000803 0.000747 0.000670 0.000573 0.000453 0.000315 0.000161 0.000000 
50.000000 41.683476 33.728095 26.448008 20.073553 14.731723 10.446033 7.152900 4.728199 3.016630 1.857671 1.104409 0.634176 0.352036 0.189218 0.098781 0.050397 0.025445 0.013033 0.007073 0.004308 0.003068 0.002530 0.002304 0.002212 0.002176 0.002162 0.002157 0.002155 0.002154 0.002154 0.002154 0.002154 0.002153 0.002152 0.002149 0.002144 0.002136 0.002120 0.002094 0.002053 0.001989 0.001895 0.001761 0.001582 0.001352 0.001071 0.000744 0.000381 0.000000 
50.000000 41.683937 33.728998 26.449314 20.075212 14.733677 10.448224 7.155272 4.730706 3.019230 1.860335 1.107114 0.636906 0.354782 0.191972 0.101540 0.053159 0.028209 0.015797 0.009837 0.007073 0.005833 0.005295 0.005069 0.004977 0.004941 0.004927 0.004922 0.004920 0.004919 0.004919 0.004918 0.004918 0.004916 0.004913 0.004908 0.004897 0.004877 0.004843 0.004785 0.004692 0.004547 0.004333 0.004031 0.003623 0.003098 0.002455 0.001705 0.000875 0.000000 
50.000000 41.684931 33.730942 26.452128 20.078787 14.737889 10.452946 7.160387 4.736108 3.024835 1.866077 1.112945 0.642793 0.360702 0.197911 0.107490 0.059114 0.034167 0.021757 0.015797 0.013033 0.011793 0.011255 0.011029 0.010938 0.010901 0.010887 0.010882 0.010880 0.010880 0.010879 0.010878 0.010877 0.010874 0.010868 0.010856 0.010832 0.010790 0.010716 0.010590 0.010387 0.010071 0.009603 0.008938 0.008039 0.006879 0.005454 0.003791 0.001945 0.000000 
50.000000 41.687001 33.734992 26.457988 20.086231 14.746660 10.462780 7.171036 4.747357 3.036507 1.878035 1.125088 0.655051 0.373029 0.210278 0.119879 0.071515 0.046574 0.034167 0.028209 0.025445 0.024206 0.023668 0.023442 0.023350 0.023314 0.023300 0.023295 0.023293 0.023292 0.023291 0.023290 0.023287 0.023281 0.023268 0.023243 0.023195 0.023107 0.022951 0.022688 0.022260 0.021594 0.020603 0.019191 0.017274 0.014793 0.011738 0.008163 0.004189 0.000000 
50.000000 41.691160 33.743129 26.469764 20.101192 14.764287 10.482545 7.192441 4.769969 3.059969 1.902071 1.149497 0.679693 0.397810 0.235139 0.144784 0.096444 0.071515 0.059114 0.053159 0.050396 0.049158 0.048620 0.048394 0.048303 0.048266 0.048253 0.048247 0.048245 0.048244 0.048243 0.048240 0.048234 0.048222 0.048197 0.048146 0.048050 0.047874 0.047561 0.047029 0.046162 0.044806 0.042778 0.039880 0.035929 0.030798 0.024459 0.017021 0.008740 0.000000 
50.000000 41.699224 33.758905 26.492596 20.130197 14.798463 10.520866 7.233944 4.813811 3.105461 1.948679 1.196828 0.727475 0.445862 0.283347 0.193079 0.144784 0.119879 0.107490 0.101540 0.098781 0.097543 0.097006 0.096780 0.096689 0.096653 0.096639 0.096633 0.096631 0.096630 0.096627 0.096622 0.096611 0.096588 0.096539 0.096443 0.096259 0.095918 0.095312 0.094278 0.092583 0.089921 0.085921 0.080179 0.072314 0.062055 0.049334 0.034361 0.017653 0.000000 
50.000000 41.714293 33.788386 26.535261 20.184402 14.862333 10.592483 7.311509 4.895752 3.190487 2.035791 1.285295 0.816785 0.535678 0.373454 0.283347 0.235139 0.210278 0.197911 0.191972 0.189217 0.187982 0.187446 0.187221 0.187129 0.187093 0.187079 0.187074 0.187071 0.187069 0.187065 0.187056 0.187036 0.186993 0.186904 0.186727 0.186386 0.185754 0.184626 0.182691 0.179503 0.174472 0.166870 0.155896 0.140785 0.120974 0.096296 0.067139 0.034517 0.000000 
50.000000 41.741415 33.841450 26.612058 20.281972 14.977302 10.721402 7.451140 5.043262 3.343554 2.192617 1.444560 0.977572 0.697377 0.535678 0.445862 0.397810 0.373029 0.360702 0.354782 0.352036 0.350804 0.350270 0.350046 0.349954 0.349918 0.349904 0.349899 0.349896 0.349892 0.349885 0.349869 0.349834 0.349759 0.349604 0.349292 0.348688 0.347564 0.345547 0.342069 0.336309 0.327163 0.313257 0.293053 0.265055 0.228127 0.181870 0.126964 0.065330 0.000000 
50.000000 41.788404 33.933382 26.745110 20.451017 15.176495 10.944771 7.693074 5.298855 3.608780 2.464360 1.720536 1.256187 0.977572 0.816785 0.727475 0.679693 0.655051 0.642793 0.636906 0.634175 0.632951 0.632419 0.632196 0.632105 0.632069 0.632056 0.632050 0.632046 0.632040 0.632029 0.632003 0.631944 0.631819 0.631557 0.631031 0.630008 0.628093 0.624640 0.618648 0.608662 0.592695 0.568244 0.532453 0.482480 0.416082 0.332348 0.232387 0.119705 0.000000 
50.000000 41.866703 34.086573 26.966824 20.732712 15.508438 11.317009 8.096258 5.724811 4.050800 2.917249 2.180483 1.720536 1.444560 1.285295 1.196828 1.149497 1.125088 1.112945 1.107114 1.104408 1.103195 1.102669 1.102448 1.102358 1.102322 1.102308 1.102302 1.102297 1.102289 1.102271 1.102229 1.102137 1.101936 1.101517 1.100668 1.099013 1.095896 1.090241 1.080366 1.063788 1.037074 0.995822 0.934905 0.849079 0.734023 0.587713 0.411789 0.212413 0.000000 
50.000000 41.992105 34.331923 27.321924 21.183889 16.040104 11.913228 8.742058 6.407100 4.758831 3.642701 2.917249 2.464360 2.192617 2.035791 1.948679 1.902071 1.878035 1.866077 1.860335 1.857671 1.856476 1.855958 1.855740 1.855652 1.855616 1.855602 1.855596 1.855589 1.855577 1.855550 1.855487 1.855347 1.855042 1.854402 1.853100 1.850547 1.845712 1.836883 1.821350 1.795063 1.752323 1.685682 1.586247 1.444629 1.252701 1.006077 0.706804 0.365263 0.000000 
50.000000 42.185013 34.709351 27.868189 21.877964 16.858017 12.830467 9.735594 7.456791 5.848145 4.758831 4.050800 3.608780 3.343554 3.190487 3.105461 3.059969 3.036507 3.024835 3.019230 3.016630 3.015464 3.014958 3.014745 3.014658 3.014624 3.014610 3.014603 3.014594 3.014578 3.014539 3.014449 3.014247 3.013807 3.012879 3.010984 3.007245 3.000119 2.987012 2.963769 2.924073 2.858875 2.756071 2.600792 2.376738 2.068975 1.668255 1.176165 0.609339 0.000000 
50.000000 42.469855 35.266656 28.674807 22.902854 18.065789 14.184933 11.202753 9.006902 7.456791 6.407100 5.724811 5.298855 5.043262 4.895752 4.813811 4.769969 4.747357 4.736108 4.730705 4.728199 4.727075 4.726587 4.726382 4.726299 4.726266 4.726252 4.726244 4.726233 4.726211 4.726158 4.726037 4.725763 4.725163 4.723890 4.721280 4.716100 4.706160 4.687737 4.654777 4.597917 4.503451 4.352560 4.121339 3.782413 3.309021 2.682154 1.900139 0.987862 0.000000 
50.000000 42.873319 36.056052 29.817356 24.354597 19.776610 16.103580 13.281067 11.202753 9.735594 8.742058 8.096258 7.693074 7.451140 7.311509 7.233944 7.192441 7.171036 7.160387 7.155272 7.152899 7.151835 7.151373 7.151179 7.151100 7.151068 7.151055 7.151046 7.151033 7.151005 7.150939 7.150784 7.150434 7.149663 7.148023 7.144639 7.137883 7.124830 7.100436 7.056376 6.979523 6.850193 6.640533 6.313773 5.825601 5.129397 4.187132 2.986467 1.560591 0.000000 
50.000000 43.421217 37.128047 31.368943 26.326095 22.099971 18.709214 16.103580 14.184933 12.830467 11.913228 11.317009 10.944771 10.721402 10.592483 10.520866 10.482545 10.462780 10.452946 10.448224 10.446032 10.445050 10.444623 10.444444 10.444371 10.444341 10.444328 10.444319 10.444305 10.444271 10.444193 10.444008 10.443589 10.442665 10.440687 10.436587 10.428349 10.412318 10.382104 10.326981 10.229675 10.063594 9.789806 9.354607 8.689362 7.715588 6.359547 4.580604 2.412470 0.000000 
50.000000 44.134172 38.522991 33.387979 28.891575 25.123363 22.099971 19.776610 18.065789 16.858017 16.040104 15.508438 15.176495 14.977302 14.862333 14.798463 14.764287 14.746660 14.737889 14.733677 14.731722 14.730846 14.730465 14.730305 14.730240 14.730214 14.730202 14.730193 14.730177 14.730141 14.730054 14.729850 14.729386 14.728358 14.726150 14.721548 14.712247 14.694016 14.659360 14.595475 14.481280 14.283377 13.951009 13.410610 12.561682 11.278030 9.422313 6.886882 3.673742 0.000000 
50.000000 45.022739 40.261540 35.904363 32.089036 28.891575 26.326095 24.354597 22.902854 21.877964 21.183889 20.732712 20.451017 20.281972 20.184402 20.130197 20.101192 20.086231 20.078787 20.075211 20.073553 20.072808 20.072485 20.072350 20.072294 20.072272 20.072261 20.072253 20.072237 20.072201 20.072113 20.071908 20.071438 20.070394 20.068142 20.063428 20.053846 20.034935 19.998689 19.931188 19.808989 19.593833 19.225200 18.610506 17.613545 16.044518 13.662140 10.214474 5.571227 0.000000 
50.000000 46.082992 42.336015 38.906982 35.904363 33.387979 31.368943 29.817356 28.674807 27.868189 27.321924 26.966824 26.745110 26.612058 26.535261 26.492596 26.469764 26.457988 26.452128 26.449314 26.448008 26.447422 26.447168 26.447061 26.447017 26.446999 26.446991 26.446983 26.446970 26.446937 26.446859 26.446674 26.446250 26.445305 26.443261 26.438965 26.430188 26.412763 26.379111 26.315847 26.199935 25.992653 25.630224 25.009396 23.965666 22.242223 19.453491 15.073573 8.568378 0.000000 
50.000000 47.293808 44.705083 42.336015 40.261540 38.522991 37.128047 36.056052 35.266656 34.709351 34.331923 34.086573 33.933382 33.841450 33.788386 33.758905 33.743129 33.734992 33.730942 33.728998 33.728095 33.727690 33.727515 33.727441 33.727411 33.727398 33.727392 33.727387 33.727376 33.727352 33.727292 33.727152 33.726829 33.726108 33.724544 33.721247 33.714485 33.700995 33.674784 33.625119 33.533186 33.366517 33.069585 32.547443 31.636109 30.047066 27.262442 22.352542 13.779275 0.000000 
50.000000 48.616886 47.293808 46.082992 45.022739 44.134172 43.421217 42.873319 42.469855 42.185013 41.992105 41.866703 41.788404 41.741415 41.714293 41.699224 41.691160 41.687001 41.684931 41.683937 41.683476 41.683269 41.683179 41.683141 41.683126 41.683119 41.683116 41.683113 41.683108 41.683094 41.683062 41.682986 41.682811 41.682420 41.681571 41.679776 41.676085 41.668699 41.654289 41.626842 41.575674 41.481994 41.312728 41.008747 40.460430 39.451512 37.514614 33.514533 24.308443 0.000000 
50.000000 50.000000 50.000000 50.000000 50.000000 50.000000 50.000000 50.000000 50.000000 50.000000 50.000000 50.000000 50.000000 50.000000 50.000000 50.000000 50.000000 50.000000 50.000000 50.000000 50.000000 50.000000 50.000000 50.000000 50.000000 50.000000 50.000000 50.000000 50.000000 50.000000 50.000000 50.000000 50.000000 50.000000 50.000000 50.000000 50.000000 50.000000 50.000000 50.000000 50.000000 50.000000 50.000000 50.000000 50.000000 50.000000 50.000000 50.000000 50.000000 50.000000 
