50.000000 50.000000 50.000000 50.000000 50.000000 50.000000 50.000000 50.000000 50.000000 50.000000 50.000000 50.000000 50.000000 50.000000 50.000000 50.000000 50.000000 50.000000 50.000000 50.000000 50.000000 50.000000 50.000000 50.000000 50.000000 50.000000 50.000000 50.000000 50.000000 50.000000 50.000000 50.000000 50.000000 50.000000 50.000000 50.000000 50.000000 50.000000 50.000000 50.000000 50.000000 50.000000 50.000000 50.000000 50.000000 50.000000 50.000000 50.000000 50.000000 50.000000 
50.000000 49.023972 48.077851 47.188797 46.378895 45.663580 45.050987 44.542220 44.132386 43.812108 43.569244 43.390502 43.262795 43.174189 43.114474 43.075371 43.050483 43.035083 43.025814 43.020386 43.017293 43.015576 43.014648 43.014158 43.013904 43.013771 43.013693 43.013629 43.013544 43.013393 43.013104 43.012548 43.011495 43.009542 43.005986 42.999640 42.988522 42.969380 42.936941 42.882722 42.793095 42.646005 42.405082 42.008286 41.343973 40.195256 38.095954 33.914086 24.511986 0.000000 
50.000000 48.077851 46.214601 44.463735 42.868750 41.460042 40.253632 39.251695 38.444590 37.813856 37.335574 36.983575 36.732077 36.557585 36.439988 36.362982 36.313971 36.283642 36.265389 36.254701 36.248609 36.245229 36.243401 36.242437 36.241937 36.241675 36.241523 36.241400 36.241238 36.240952 36.240405 36.239355 36.237370 36.233690 36.227003 36.215093 36.194276 36.158545 36.098231 35.997940 35.833293 35.565660 35.133292 34.435748 33.305231 31.452057 28.360616 23.107300 14.163766 0.000000 
50.000000 47.188797 44.463735 41.903042 39.570333 37.510063 35.745663 34.280313 33.099913 32.177459 31.477973 30.963175 30.595363 30.340172 30.168190 30.055572 29.983896 29.939542 29.912848 29.897217 29.888309 29.883366 29.880693 29.879282 29.878552 29.878171 29.877952 29.877778 29.877553 29.877160 29.876413 29.874981 29.872279 29.867281 29.858224 29.842139 29.814135 29.766296 29.686027 29.553580 29.338335 28.993167 28.445822 27.585567 26.242708 24.158852 20.951521 16.103119 9.092843 0.000000 
50.000000 46.378895 42.868750 39.570333 36.565585 33.911773 31.639074 29.751584 28.231139 27.042956 26.141974 25.478887 25.005128 24.676433 24.454915 24.309862 24.217542 24.160415 24.126034 24.105902 24.094428 24.088062 24.084620 24.082804 24.081863 24.081375 24.081098 24.080884 24.080615 24.080153 24.079278 24.077606 24.074459 24.068654 24.058170 24.039629 24.007504 23.952955 23.862111 23.713622 23.475192 23.098757 22.513916 21.619368 20.272869 18.282792 15.411480 11.416693 6.183639 0.000000 
50.000000 45.663580 41.460042 37.510063 33.911773 30.733749 28.012131 25.751822 23.931066 22.508206 21.429280 20.635240 20.067923 19.674319 19.409060 19.235366 19.124820 19.056414 19.015245 18.991139 18.977402 18.969778 18.965657 18.963484 18.962359 18.961778 18.961452 18.961210 18.960918 18.960426 18.959498 18.957734 18.954423 18.948338 18.937390 18.918120 18.884923 18.828938 18.736482 18.586910 18.349808 17.981452 17.420683 16.584769 15.366875 13.638904 11.267355 8.154811 4.319607 0.000000 
50.000000 45.050987 40.253632 35.745663 31.639074 28.012131 24.906078 22.326507 20.248587 18.624774 17.393477 16.487306 15.839881 15.390702 15.087994 14.889780 14.763629 14.685569 14.638590 14.611082 14.595406 14.586708 14.582006 14.579526 14.578245 14.577585 14.577222 14.576963 14.576667 14.576178 14.575268 14.573543 14.570319 14.564416 14.553843 14.535328 14.503628 14.450557 14.363681 14.224619 14.006995 13.674155 13.177042 12.453039 11.427362 10.019705 8.160097 5.817885 3.042701 0.000000 
50.000000 44.542220 39.251695 34.280313 29.751584 25.751822 22.326507 19.481806 17.190329 15.399641 14.041819 13.042541 12.328600 11.833279 11.499478 11.280906 11.141801 11.055726 11.003924 10.973593 10.956308 10.946717 10.941533 10.938800 10.937390 10.936666 10.936275 10.936010 10.935723 10.935267 10.934428 10.932845 10.929899 10.924527 10.914950 10.898271 10.869895 10.822743 10.746233 10.625035 10.437698 10.155352 9.740903 9.149466 8.331139 7.237669 5.834491 4.118403 2.137138 0.000000 
50.000000 44.132386 38.444590 33.099913 28.231139 23.931066 20.248587 17.190329 14.726842 12.801750 11.342024 10.267760 9.500252 8.967772 8.608934 8.373971 8.224435 8.131907 8.076223 8.043619 8.025039 8.014730 8.009158 8.006221 8.004707 8.003934 8.003523 8.003258 8.002992 8.002587 8.001853 8.000478 7.997931 7.993305 7.985098 7.970884 7.946855 7.907221 7.843458 7.743453 7.590653 7.363421 7.034978 6.574432 5.949614 5.132383 4.106745 2.878930 1.486381 0.000000 
50.000000 43.812108 37.813856 32.177459 27.042956 22.508206 18.624774 15.399641 12.801750 10.771640 9.232296 8.099446 7.290090 6.728582 6.350185 6.102418 5.944736 5.847168 5.788451 5.754072 5.734481 5.723612 5.717737 5.714641 5.713047 5.712236 5.711813 5.711553 5.711313 5.710969 5.710357 5.709219 5.707122 5.703330 5.696637 5.685107 5.665736 5.634013 5.583391 5.504734 5.385820 5.211097 4.961943 4.617779 4.158398 3.567764 2.839124 1.980562 1.019013 0.000000 
50.000000 43.569244 37.335574 31.477973 26.141974 21.429280 17.393477 14.041819 11.342024 9.232296 7.632591 6.455329 5.614250 5.030738 4.637518 4.380047 4.216190 4.114803 4.053789 4.018066 3.997709 3.986414 3.980310 3.977095 3.975440 3.974601 3.974170 3.973918 3.973707 3.973423 3.972934 3.972034 3.970383 3.967413 3.962194 3.953251 3.938317 3.914025 3.875557 3.816295 3.727562 3.598571 3.416784 3.168858 2.842370 2.428352 1.924393 1.337635 0.686521 0.000000 
50.000000 43.390502 36.983575 30.963175 25.478887 20.635240 16.487306 13.042541 10.267760 8.099446 6.455329 5.245391 4.380973 3.781275 3.377150 3.112541 2.944144 2.839949 2.777245 2.740533 2.719613 2.708006 2.701734 2.698430 2.696731 2.695873 2.695437 2.695194 2.695009 2.694782 2.694406 2.693723 2.692476 2.690244 2.686341 2.679686 2.668637 2.650778 2.622695 2.579772 2.516055 2.424302 2.296307 2.123625 1.898758 1.616776 1.277149 0.885344 0.453562 0.000000 
50.000000 43.262795 36.732077 30.595363 25.005129 20.067923 15.839881 12.328600 9.500252 7.290090 5.614250 4.380973 3.499887 2.888630 2.476718 2.207013 2.035374 1.929173 1.865264 1.827845 1.806523 1.794694 1.788301 1.784935 1.783204 1.782333 1.781895 1.781661 1.781499 1.781321 1.781041 1.780541 1.779636 1.778023 1.775215 1.770452 1.762585 1.749944 1.730196 1.700224 1.656077 1.593031 1.505857 1.389324 1.238984 1.052173 0.829068 0.573532 0.293415 0.000000 
50.000000 43.174189 36.557585 30.340172 24.676433 19.674319 15.390702 11.833279 8.967772 6.728582 5.030738 3.781275 2.888630 2.269356 1.852045 1.578806 1.404919 1.297329 1.232583 1.194676 1.173075 1.161091 1.154616 1.151206 1.149454 1.148574 1.148135 1.147908 1.147765 1.147626 1.147423 1.147070 1.146437 1.145314 1.143367 1.140080 1.134678 1.126045 1.112638 1.092421 1.062846 1.020917 0.963384 0.887075 0.789395 0.668928 0.526037 0.363309 0.185667 0.000000 
50.000000 43.114474 36.439988 30.168190 24.454915 19.409060 15.087995 11.499478 8.608934 6.350185 4.637518 3.377150 2.476718 1.852045 1.431097 1.155478 0.980078 0.871552 0.806244 0.768007 0.746219 0.734131 0.727600 0.724161 0.722395 0.721508 0.721070 0.720848 0.720720 0.720612 0.720468 0.720226 0.719798 0.719043 0.717740 0.715549 0.711965 0.706266 0.697464 0.684267 0.665079 0.638050 0.601207 0.552666 0.490940 0.415287 0.326051 0.224895 0.114834 0.000000 
50.000000 43.075371 36.362982 30.055572 24.309862 19.235366 14.889780 11.280907 8.373971 6.102418 4.380047 3.112542 2.207013 1.578806 1.155479 0.878303 0.701913 0.592774 0.527098 0.488646 0.466735 0.454580 0.448012 0.444553 0.442778 0.441888 0.441450 0.441233 0.441115 0.441029 0.440928 0.440767 0.440487 0.439996 0.439152 0.437740 0.435439 0.431798 0.426202 0.417854 0.405782 0.388873 0.365957 0.335938 0.297976 0.251692 0.197349 0.135979 0.069385 0.000000 
50.000000 43.050483 36.313971 29.983896 24.217543 19.124820 14.763630 11.141802 8.224436 5.944737 4.216191 2.944145 2.035374 1.404920 0.980079 0.701914 0.524894 0.415366 0.349455 0.310867 0.288878 0.276679 0.270088 0.266618 0.264837 0.263944 0.263506 0.263292 0.263182 0.263112 0.263040 0.262936 0.262758 0.262448 0.261919 0.261038 0.259607 0.257353 0.253902 0.248779 0.241407 0.231132 0.217276 0.199215 0.176483 0.148889 0.116616 0.080282 0.040942 0.000000 
50.000000 43.035083 36.283643 29.939543 24.160416 19.056416 14.685570 11.055728 8.131909 5.847170 4.114806 2.839951 1.929175 1.297331 0.871554 0.592777 0.415367 0.305599 0.239544 0.200871 0.178834 0.166609 0.160003 0.156525 0.154740 0.153847 0.153409 0.153197 0.153093 0.153032 0.152981 0.152913 0.152803 0.152614 0.152293 0.151759 0.150896 0.149542 0.147477 0.144425 0.140050 0.133980 0.125831 0.115253 0.101994 0.085959 0.067265 0.046274 0.023588 0.000000 
50.000000 43.025814 36.265391 29.912850 24.126037 19.015249 14.638594 11.003929 8.076228 5.788457 4.053795 2.777251 1.865269 1.232589 0.806250 0.527104 0.349461 0.239548 0.173406 0.134681 0.112616 0.100374 0.093760 0.090278 0.088491 0.087597 0.087159 0.086949 0.086847 0.086794 0.086755 0.086712 0.086645 0.086533 0.086343 0.086030 0.085525 0.084734 0.083534 0.081766 0.079243 0.075754 0.071089 0.065055 0.057519 0.048434 0.037872 0.026038 0.013268 0.000000 
50.000000 43.020388 36.254705 29.897223 24.105909 18.991149 14.611093 10.973605 8.043631 5.754085 4.018079 2.740547 1.827859 1.194690 0.768021 0.488660 0.310880 0.200883 0.134690 0.095936 0.073853 0.061603 0.054983 0.051498 0.049710 0.048815 0.048378 0.048169 0.048070 0.048020 0.047990 0.047961 0.047921 0.047856 0.047747 0.047568 0.047281 0.046833 0.046154 0.045159 0.043742 0.041790 0.039189 0.035835 0.031660 0.026639 0.020816 0.014305 0.007286 0.000000 
50.000000 43.017298 36.248619 29.888323 24.094447 18.977423 14.595431 10.956335 8.025068 5.734512 3.997740 2.719645 1.806556 1.173108 0.746252 0.466769 0.288911 0.178865 0.112644 0.073873 0.051781 0.039524 0.032902 0.029416 0.027627 0.026732 0.026295 0.026086 0.025988 0.025941 0.025915 0.025896 0.025872 0.025835 0.025774 0.025675 0.025516 0.025268 0.024895 0.024349 0.023574 0.022509 0.021095 0.019277 0.017019 0.014312 0.011177 0.007677 0.003910 0.000000 
50.000000 43.015587 36.245251 29.883398 24.088104 18.969828 14.586765 10.946780 8.014796 5.723682 3.986487 2.708080 1.794769 1.161168 0.734208 0.454657 0.276756 0.166684 0.100446 0.061666 0.039568 0.027309 0.020685 0.017198 0.015409 0.014514 0.014077 0.013869 0.013771 0.013726 0.013703 0.013688 0.013673 0.013653 0.013619 0.013565 0.013479 0.013346 0.013145 0.012852 0.012438 0.011871 0.011119 0.010155 0.008960 0.007530 0.005878 0.004036 0.002055 0.000000 
50.000000 43.014673 36.243452 29.880766 24.084714 18.965770 14.582133 10.941673 8.009307 5.717894 3.980473 2.701900 1.788471 1.154787 0.727772 0.448184 0.270261 0.160174 0.093928 0.055143 0.033043 0.020782 0.014157 0.010670 0.008880 0.007985 0.007548 0.007340 0.007243 0.007198 0.007177 0.007165 0.007156 0.007144 0.007126 0.007097 0.007051 0.006980 0.006873 0.006718 0.006499 0.006199 0.005804 0.005298 0.004672 0.003924 0.003062 0.002102 0.001070 0.000000 
50.000000 43.014214 36.242547 29.879444 24.083011 18.963730 14.579806 10.939108 8.006550 5.714986 3.977452 2.698796 1.785306 1.151581 0.724539 0.444933 0.266998 0.156904 0.090654 0.051866 0.029764 0.017503 0.010878 0.007390 0.005601 0.004705 0.004268 0.004060 0.003963 0.003919 0.003899 0.003888 0.003881 0.003874 0.003864 0.003848 0.003822 0.003783 0.003724 0.003639 0.003519 0.003355 0.003140 0.002865 0.002525 0.002120 0.001653 0.001134 0.000577 0.000000 
50.000000 43.014025 36.242174 29.878898 24.082308 18.962889 14.578846 10.938049 8.005412 5.713787 3.976206 2.697515 1.784001 1.150259 0.723205 0.443592 0.265652 0.155555 0.089303 0.050515 0.028412 0.016150 0.009525 0.006037 0.004248 0.003353 0.002916 0.002708 0.002611 0.002567 0.002547 0.002537 0.002531 0.002526 0.002519 0.002508 0.002491 0.002465 0.002426 0.002370 0.002291 0.002184 0.002043 0.001863 0.001641 0.001378 0.001074 0.000737 0.000375 0.000000 
50.000000 43.014025 36.242174 29.878898 24.082308 18.962889 14.578846 10.938049 8.005412 5.713787 3.976206 2.697515 1.784001 1.150259 0.723205 0.443592 0.265652 0.155555 0.089303 0.050515 0.028412 0.016150 0.009525 0.006037 0.004248 0.003353 0.002916 0.002708 0.002611 0.002567 0.002547 0.002537 0.002531 0.002526 0.002519 0.002508 0.002491 0.002465 0.002426 0.002370 0.002291 0.002184 0.002043 0.001863 0.001641 0.001378 0.001074 0.000737 0.000375 0.000000 
50.000000 43.014214 36.242547 29.879444 24.083011 18.963730 14.579806 10.939108 8.006550 5.714986 3.977452 2.698796 1.785306 1.151581 0.724539 0.444933 0.266998 0.156904 0.090654 0.051866 0.029764 0.017503 0.010878 0.007390 0.005601 0.004705 0.004268 0.004060 0.003963 0.003919 0.003899 0.003888 0.003881 0.003874 0.003864 0.003848 0.003822 0.003783 0.003724 0.003639 0.003519 0.003355 0.003140 0.002865 0.002525 0.002120 0.001653 0.001134 0.000577 0.000000 
50.000000 43.014673 36.243452 29.880766 24.084714 18.965770 14.582133 10.941673 8.009307 5.717894 3.980473 2.701900 1.788471 1.154787 0.727772 0.448184 0.270261 0.160174 0.093928 0.055143 0.033043 0.020782 0.014157 0.010670 0.008880 0.007985 0.007548 0.007340 0.007243 0.007198 0.007177 0.007165 0.007156 0.007144 0.007126 0.007097 0.007051 0.006980 0.006873 0.006718 0.006499 0.006199 0.005804 0.005298 0.004672 0.003924 0.003062 0.002102 0.001070 0.000000 
50.000000 43.015587 36.245251 29.883398 24.088104 18.969828 14.586765 10.946780 8.014796 5.723682 3.986487 2.708080 1.794769 1.161168 0.734208 0.454657 0.276756 0.166684 0.100446 0.061666 0.039568 0.027309 0.020685 0.017198 0.015409 0.014514 0.014077 0.013869 0.013771 0.013726 0.013703 0.013688 0.013673 0.013653 0.013619 0.013565 0.013479 0.013346 0.013145 0.012852 0.012438 0.011871 0.011119 0.010155 0.008960 0.007530 0.005878 0.004036 0.002055 0.000000 
50.000000 43.017298 36.248619 29.888323 24.094447 18.977423 14.595431 10.956335 8.025068 5.734512 3.997740 2.719645 1.806556 1.173108 0.746252 0.466769 0.288911 0.178865 0.112644 0.073873 0.051781 0.039524 0.032902 0.029416 0.027627 0.026732 0.026295 0.026086 0.025988 0.025941 0.025915 0.025896 0.025872 0.025835 0.025774 0.025675 0.025516 0.025268 0.024895 0.024349 0.023574 0.022509 0.021095 0.019277 0.017019 0.014312 0.011177 0.007677 0.003910 0.000000 
50.000000 43.020388 36.254705 29.897223 24.105909 18.991149 14.611093 10.973605 8.043631 5.754085 4.018079 2.740547 1.827859 1.194690 0.768021 0.488660 0.310880 0.200883 0.134690 0.095936 0.073853 0.061603 0.054983 0.051498 0.049710 0.048815 0.048378 0.048169 0.048070 0.048020 0.047990 0.047961 0.047921 0.047856 0.047747 0.047568 0.047281 0.046833 0.046154 0.045159 0.043742 0.041790 0.039189 0.035835 0.031660 0.026639 0.020816 0.014305 0.007286 0.000000 
50.000000 43.025814 36.265391 29.912850 24.126037 19.015249 14.638594 11.003929 8.076228 5.788457 4.053795 2.777251 1.865269 1.232589 0.806250 0.527104 0.349461 0.239548 0.173406 0.134681 0.112616 0.100374 0.093760 0.090278 0.088491 0.087597 0.087159 0.086949 0.086847 0.086794 0.086755 0.086712 0.086645 0.086533 0.086343 0.086030 0.085525 0.084734 0.083534 0.081766 0.079243 0.075754 0.071089 0.065055 0.057519 0.048434 0.037872 0.026038 0.013268 0.000000 
50.000000 43.035083 36.283643 29.939543 24.160416 19.056416 14.685570 11.055728 8.131909 5.847170 4.114806 2.839951 1.929175 1.297331 0.871554 0.592777 0.415367 0.305599 0.239544 0.200871 0.178834 0.166609 0.160003 0.156525 0.154740 0.153847 0.153409 0.153197 0.153093 0.153032 0.152981 0.152913 0.152803 0.152614 0.152293 0.151759 0.150896 0.149542 0.147477 0.144425 0.140050 0.133980 0.125831 0.115253 0.101994 0.085959 0.067265 0.046274 0.023588 0.000000 
50.000000 43.050483 36.313971 29.983896 24.217543 19.124820 14.763630 11.141802 8.224436 5.944737 4.216191 2.944145 2.035374 1.404920 0.980079 0.701914 0.524894 0.415366 0.349455 0.310867 0.288878 0.276679 0.270088 0.266618 0.264837 0.263944 0.263506 0.263292 0.263182 0.263112 0.263040 0.262936 0.262758 0.262448 0.261919 0.261038 0.259607 0.257353 0.253902 0.248779 0.241407 0.231132 0.217276 0.199215 0.176483 0.148889 0.116616 0.080282 0.040942 0.000000 
50.000000 43.075371 36.362982 30.055572 24.309862 19.235366 14.889780 11.280907 8.373971 6.102418 4.380047 3.112542 2.207013 1.578806 1.155479 0.878303 0.701913 0.592774 0.527098 0.488646 0.466735 0.454580 0.448012 0.444553 0.442778 0.441888 0.441450 0.441233 0.441115 0.441029 0.440928 0.440767 0.440487 0.439996 0.439152 0.437740 0.435439 0.431798 0.426202 0.417854 0.405782 0.388873 0.365957 0.335938 0.297976 0.251692 0.197349 0.135979 0.069385 0.000000 
50.000000 43.114474 36.439988 30.168190 24.454915 19.409060 15.087995 11.499478 8.608934 6.350185 4.637518 3.377150 2.476718 1.852045 1.431097 1.155478 0.980078 0.871552 0.806244 0.768007 0.746219 0.734131 0.727600 0.724161 0.722395 0.721508 0.721070 0.720848 0.720720 0.720612 0.720468 0.720226 0.719798 0.719043 0.717740 0.715549 0.711965 0.706266 0.697464 0.684267 0.665079 0.638050 0.601207 0.552666 0.490940 0.415287 0.326051 0.224895 0.114834 0.000000 
50.000000 43.174189 36.557585 30.340172 24.676433 19.674319 15.390702 11.833279 8.967772 6.728582 5.030738 3.781275 2.888630 2.269356 1.852045 1.578806 1.404919 1.297329 1.232583 1.194676 1.173075 1.161091 1.154616 1.151206 1.149454 1.148574 1.148135 1.147908 1.147765 1.147626 1.147423 1.147070 1.146437 1.145314 1.143367 1.140080 1.134678 1.126045 1.112638 1.092421 1.062846 1.020917 0.963384 0.887075 0.789395 0.668928 0.526037 0.363309 0.185667 0.000000 
50.000000 43.262795 36.732077 30.595363 25.005129 20.067923 15.839881 12.328600 9.500252 7.290090 5.614250 4.380973 3.499887 2.888630 2.476718 2.207013 2.035374 1.929173 1.865264 1.827845 1.806523 1.794694 1.788301 1.784935 1.783204 1.782333 1.781895 1.781661 1.781499 1.781321 1.781041 1.780541 1.779636 1.778023 1.775215 1.770452 1.762585 1.749944 1.730196 1.700224 1.656077 1.593031 1.505857 1.389324 1.238984 1.052173 0.829068 0.573532 0.293415 0.000000 
50.000000 43.390502 36.983575 30.963175 25.478887 20.635240 16.487306 13.042541 10.267760 8.099446 6.455329 5.245391 4.380973 3.781275 3.377150 3.112541 2.944144 2.839949 2.777245 2.740533 2.719613 2.708006 2.701734 2.698430 2.696731 2.695873 2.695437 2.695194 2.695009 2.694782 2.694406 2.693723 2.692476 2.690244 2.686341 2.679686 2.668637 2.650778 2.622695 2.579772 2.516055 2.424302 2.296307 2.123625 1.898758 1.616776 1.277149 0.885344 0.453562 0.000000 
50.000000 43.569244 37.335574 31.477973 26.141974 21.429280 17.393477 14.041819 11.342024 9.232296 7.632591 6.455329 5.614250 5.030738 4.637518 4.380047 4.216190 4.114803 4.053789 4.018066 3.997709 3.986414 3.980310 3.977095 3.975440 3.974601 3.974170 3.973918 3.973707 3.973423 3.972934 3.972034 3.970383 3.967413 3.962194 3.953251 3.938317 3.914025 3.875557 3.816295 3.727562 3.598571 3.416784 3.168858 2.842370 2.428352 1.924393 1.337635 0.686521 0.000000 
50.000000 43.812108 37.813856 32.177459 27.042956 22.508206 18.624774 15.399641 12.801750 10.771640 9.232296 8.099446 7.290090 6.728582 6.350185 6.102418 5.944736 5.847168 5.788451 5.754072 5.734481 5.723612 5.717737 5.714641 5.713047 5.712236 5.711813 5.711553 5.711313 5.710969 5.710357 5.709219 5.707122 5.703330 5.696637 5.685107 5.665736 5.634013 5.583391 5.504734 5.385820 5.211097 4.961943 4.617779 4.158398 3.567764 2.839124 1.980562 1.019013 0.000000 
50.000000 44.132386 38.444590 33.099913 28.231139 23.931066 20.248587 17.190329 14.726842 12.801750 11.342024 10.267760 9.500252 8.967772 8.608934 8.373971 8.224435 8.131907 8.076223 8.043619 8.025039 8.014730 8.009158 8.006221 8.004707 8.003934 8.003523 8.003258 8.002992 8.002587 8.001853 8.000478 7.997931 7.993305 7.985098 7.970884 7.946855 7.907221 7.843458 7.743453 7.590653 7.363421 7.034978 6.574432 5.949614 5.132383 4.106745 2.878930 1.486381 0.000000 
50.000000 44.542220 39.251695 34.280313 29.751584 25.751822 22.326507 19.481806 17.190329 15.399641 14.041819 13.042541 12.328600 11.833279 11.499478 11.280906 11.141801 11.055726 11.003924 10.973593 10.956308 10.946717 10.941533 10.938800 10.937390 10.936666 10.936275 10.936010 10.935723 10.935267 10.934428 10.932845 10.929899 10.924527 10.914950 10.898271 10.869895 10.822743 10.746233 10.625035 10.437698 10.155352 9.740903 9.149466 8.331139 7.237669 5.834491 4.118403 2.137138 0.000000 
50.000000 45.050987 40.253632 35.745663 31.639074 28.012131 24.906078 22.326507 20.248587 18.624774 17.393477 16.487306 15.839881 15.390702 15.087994 14.889780 14.763629 14.685569 14.638590 14.611082 14.595406 14.586708 14.582006 14.579526 14.578245 14.577585 14.577222 14.576963 14.576667 14.576178 14.575268 14.573543 14.570319 14.564416 14.553843 14.535328 14.503628 14.450557 14.363681 14.224619 14.006995 13.674155 13.177042 12.453039 11.427362 10.019705 8.160097 5.817885 3.042701 0.000000 
50.000000 45.663580 41.460042 37.510063 33.911773 30.733749 28.012131 25.751822 23.931066 22.508206 21.429280 20.635240 20.067923 19.674319 19.409060 19.235366 19.124820 19.056414 19.015245 18.991139 18.977402 18.969778 18.965657 18.963484 18.962359 18.961778 18.961452 18.961210 18.960918 18.960426 18.959498 18.957734 18.954423 18.948338 18.937390 18.918120 18.884923 18.828938 18.736482 18.586910 18.349808 17.981452 17.420683 16.584769 15.366875 13.638904 11.267355 8.154811 4.319607 0.000000 
50.000000 46.378895 42.868750 39.570333 36.565585 33.911773 31.639074 29.751584 28.231139 27.042956 26.141974 25.478887 25.005128 24.676433 24.454915 24.309862 24.217542 24.160415 24.126034 24.105902 24.094428 24.088062 24.084620 24.082804 24.081863 24.081375 24.081098 24.080884 24.080615 24.080153 24.079278 24.077606 24.074459 24.068654 24.058170 24.039629 24.007504 23.952955 23.862111 23.713622 23.475192 23.098757 22.513916 21.619368 20.272869 18.282792 15.411480 11.416693 6.183639 0.000000 
50.000000 47.188797 44.463735 41.903042 39.570333 37.510063 35.745663 34.280313 33.099913 32.177459 31.477973 30.963175 30.595363 30.340172 30.168190 30.055572 29.983896 29.939542 29.912848 29.897217 29.888309 29.883366 29.880693 29.879282 29.878552 29.878171 29.877952 29.877778 29.877553 29.877160 29.876413 29.874981 29.872279 29.867281 29.858224 29.842139 29.814135 29.766296 29.686027 29.553580 29.338335 28.993167 28.445822 27.585567 26.242708 24.158852 20.951521 16.103119 9.092843 0.000000 
50.000000 48.077851 46.214601 44.463735 42.868750 41.460042 40.253632 39.251695 38.444590 37.813856 37.335574 36.983575 36.732077 36.557585 36.439988 36.362982 36.313971 36.283642 36.265389 36.254701 36.248609 36.245229 36.243401 36.242437 36.241937 36.241675 36.241523 36.241400 36.241238 36.240952 36.240405 36.239355 36.237370 36.233690 36.227003 36.215093 36.194276 36.158545 36.098231 35.997940 35.833293 35.565660 35.133292 34.435748 33.305231 31.452057 28.360616 23.107300 14.163766 0.000000 
50.000000 49.023972 48.077851 47.188797 46.378895 45.663580 45.050987 44.542220 44.132386 43.812108 43.569244 43.390502 43.262795 43.174189 43.114474 43.075371 43.050483 43.035083 43.025814 43.020386 43.017293 43.015576 43.014648 43.014158 43.013904 43.013771 43.013693 43.013629 43.013544 43.013393 43.013104 43.012548 43.011495 43.009542 43.005986 42.999640 42.988522 42.969380 42.936941 42.882722 42.793095 42.646005 42.405082 42.008286 41.343973 40.195256 38.095954 33.914086 24.511986 0.000000 
50.000000 50.000000 50.000000 50.000000 50.000000 50.000000 50.000000 50.000000 50.000000 50.000000 50.000000 50.000000 50.000000 50.000000 50.000000 50.000000 50.000000 50.000000 50.000000 50.000000 50.000000 50.000000 50.000000 50.000000 50.000000 50.000000 50.000000 50.000000 50.000000 50.000000 50.000000 50.000000 50.000000 50.000000 50.000000 50.000000 50.000000 50.000000 50.000000 50.000000 50.000000 50.000000 50.000000 50.000000 50.000000 50.000000 50.000000 50.000000 50.000000 50.000000 
