50.000000 50.000000 50.000000 50.000000 50.000000 50.000000 50.000000 50.000000 50.000000 50.000000 50.000000 50.000000 50.000000 50.000000 50.000000 50.000000 50.000000 50.000000 50.000000 50.000000 50.000000 50.000000 50.000000 50.000000 50.000000 50.000000 50.000000 50.000000 50.000000 50.000000 50.000000 50.000000 50.000000 50.000000 50.000000 50.000000 50.000000 50.000000 50.000000 50.000000 50.000000 50.000000 50.000000 50.000000 50.000000 50.000000 50.000000 50.000000 50.000000 50.000000 
50.000000 49.008159 48.047202 47.145128 46.324622 45.601413 44.983624 44.472090 44.061467 43.741846 43.500552 43.323834 43.198243 43.111605 43.053576 43.015826 42.991967 42.977310 42.968556 42.963472 42.960598 42.959017 42.958170 42.957727 42.957500 42.957382 42.957314 42.957257 42.957181 42.957044 42.956779 42.956266 42.955286 42.953453 42.950094 42.944057 42.933413 42.914975 42.883554 42.830764 42.743084 42.598565 42.360940 41.968244 41.308875 40.165939 38.073188 33.898517 24.504080 0.000000 
50.000000 48.047202 46.155209 44.379151 42.763690 41.339795 40.123460 39.116327 38.307872 37.678590 37.203523 36.855595 36.608327 36.437755 36.323507 36.249185 36.202210 36.173354 36.156120 36.146109 36.140452 36.137340 36.135672 36.134800 36.134353 36.134121 36.133988 36.133879 36.133734 36.133475 36.132975 36.132006 36.130159 36.126710 36.120397 36.109076 36.089163 36.054775 35.996404 35.898838 35.737904 35.475176 35.049097 34.359374 33.238288 31.396139 28.317193 23.077604 14.148685 0.000000 
50.000000 47.145128 44.379151 41.782668 39.420969 37.339332 35.561138 34.088786 32.906892 31.986936 31.292432 30.783796 30.422318 30.172960 30.005944 29.897295 29.828625 29.786442 29.761249 29.746615 29.738345 29.733796 29.731358 29.730084 29.729430 29.729093 29.728900 29.728747 29.728547 29.728192 29.727509 29.726190 29.723680 29.719001 29.710462 29.695195 29.668442 29.622465 29.544888 29.416219 29.206119 28.867750 28.329122 27.479707 26.149919 24.081345 20.891334 16.061958 9.071940 0.000000 
50.000000 46.324622 42.763690 39.420969 36.380517 33.700624 31.411389 29.515901 27.994352 26.810023 25.915942 25.261144 24.795795 24.474787 24.259782 24.119916 24.031516 23.977214 23.944784 23.925947 23.915301 23.909445 23.906307 23.904667 23.903827 23.903394 23.903151 23.902963 23.902724 23.902308 23.901509 23.899971 23.897054 23.891631 23.881765 23.864199 23.833568 23.781242 23.693612 23.549632 23.317344 22.949025 22.374591 21.492985 20.162091 18.190258 15.339624 11.367551 6.158683 0.000000 
50.000000 45.601413 41.339795 37.339332 33.700624 30.493430 27.753772 25.485344 23.664438 22.247108 21.177135 20.393525 19.836637 19.452487 19.195194 19.027819 18.922034 18.857054 18.818246 18.795705 18.782967 18.775959 18.772205 18.770244 18.769239 18.768724 18.768439 18.768227 18.767968 18.767525 18.766682 18.765063 18.762001 18.756329 18.746052 18.727840 18.696262 18.642689 18.553717 18.409036 18.178595 17.819043 17.269561 16.447683 15.246715 13.538533 11.189413 8.101507 4.292537 0.000000 
50.000000 44.983624 40.123460 35.561138 31.411389 27.753772 24.629367 22.042382 19.965778 18.349432 17.129228 16.235601 15.600533 15.162458 14.869051 14.678185 14.557554 14.483456 14.439204 14.413500 14.398975 14.390985 14.386705 14.384469 14.383325 14.382741 14.382423 14.382197 14.381935 14.381497 14.380672 14.379094 14.376121 14.370635 14.360739 14.343291 14.313225 14.262587 14.179227 14.045101 13.834199 13.510243 13.024520 12.314683 11.306089 9.918404 8.081431 5.764086 3.015380 0.000000 
50.000000 44.472090 39.116327 34.088786 29.515901 25.485344 22.042382 19.191651 16.903348 15.122238 13.777661 12.792959 12.093173 11.610460 11.287159 11.076850 10.943933 10.862288 10.813530 10.785209 10.769205 10.760402 10.755687 10.753224 10.751965 10.751326 10.750984 10.750753 10.750501 10.750094 10.749335 10.747892 10.745185 10.740209 10.731276 10.715611 10.688790 10.643952 10.570786 10.454281 10.273337 9.999440 9.595825 9.017862 8.215784 7.141310 5.759663 4.067229 2.111150 0.000000 
50.000000 44.061467 38.307872 32.906892 27.994352 23.664438 19.965778 16.903348 14.445130 12.531779 11.087384 10.029588 9.277866 8.759333 8.412045 8.186135 8.043360 7.955661 7.903288 7.872868 7.855678 7.846223 7.841159 7.838514 7.837164 7.836482 7.836123 7.835893 7.835660 7.835300 7.834639 7.833391 7.831058 7.826791 7.819165 7.805867 7.783242 7.745698 7.684955 7.589190 7.442164 7.222565 6.903909 6.455535 5.845395 5.045326 4.039141 2.832697 1.462902 0.000000 
50.000000 43.741846 37.678590 31.986936 26.810023 22.247108 18.349432 15.122238 12.531779 10.515513 8.993438 7.878764 7.086629 6.540224 6.174273 5.936226 5.785781 5.693372 5.638188 5.606136 5.588023 5.578061 5.572725 5.569940 5.568519 5.567804 5.567435 5.567209 5.567000 5.566695 5.566147 5.565119 5.563207 5.559725 5.553532 5.542792 5.524632 5.494710 5.446693 5.371691 5.257756 5.089615 4.848901 4.515234 4.068513 3.492680 2.780817 1.940686 0.998762 0.000000 
50.000000 43.500552 37.203523 31.292432 25.915942 21.177135 17.129228 13.777661 11.087384 8.993438 7.412735 6.255134 5.432499 4.865063 4.485029 4.237824 4.081593 3.985631 3.928326 3.895042 3.876234 3.865890 3.860350 3.857458 3.855984 3.855246 3.854869 3.854651 3.854468 3.854219 3.853783 3.852974 3.851476 3.848761 3.843955 3.835664 3.821730 3.798926 3.762609 3.706367 3.621747 3.498194 3.323380 3.084127 2.768099 2.366310 1.876213 1.304685 0.669788 0.000000 
50.000000 43.323834 36.855595 30.783796 25.261144 20.393525 16.235601 12.792959 10.029589 7.878764 6.255134 5.066104 4.221142 3.638308 3.247966 2.994058 2.833593 2.735031 2.676173 2.641989 2.622672 2.612048 2.606358 2.603389 2.601877 2.601121 2.600742 2.600532 2.600372 2.600174 2.599841 2.599229 2.598105 2.596075 2.592499 2.586362 2.576106 2.559427 2.533052 2.492524 2.432071 2.344633 2.222173 2.056374 1.839808 1.567532 1.238908 0.859191 0.440280 0.000000 
50.000000 43.198243 36.608327 30.422318 24.795795 19.836637 15.600533 12.093173 9.277866 7.086629 5.432499 4.221142 3.360318 2.766548 2.368884 2.110215 1.946743 1.846335 1.786376 1.751552 1.731873 1.721051 1.715255 1.712231 1.710692 1.709924 1.709543 1.709341 1.709201 1.709047 1.708800 1.708356 1.707544 1.706086 1.703528 1.699160 1.691899 1.680159 1.661714 1.633573 1.591919 1.532169 1.449221 1.337946 1.193948 1.014553 0.799852 0.553552 0.283268 0.000000 
50.000000 43.111605 36.437755 30.172960 24.474787 19.452487 15.162458 11.610460 8.759333 6.540224 4.865063 3.638308 2.766548 2.165237 1.762526 1.500576 1.335030 1.233350 1.172631 1.137366 1.117439 1.106480 1.100611 1.097549 1.095992 1.095217 1.094835 1.094639 1.094516 1.094397 1.094220 1.093908 1.093343 1.092334 1.090571 1.087575 1.082619 1.074649 1.062202 1.043332 1.015593 0.976091 0.921671 0.849233 0.756225 0.641219 0.504518 0.348592 0.178193 0.000000 
50.000000 43.053576 36.323507 30.005944 24.259783 19.195194 14.869051 11.287159 8.412045 6.174273 4.485029 3.247966 2.368884 1.762526 1.356436 1.092289 0.925357 0.822825 0.761598 0.726039 0.705945 0.694894 0.688977 0.685890 0.684320 0.683540 0.683158 0.682967 0.682857 0.682765 0.682640 0.682428 0.682049 0.681375 0.680203 0.678218 0.674951 0.669724 0.661604 0.649365 0.631481 0.606178 0.571548 0.525760 0.467354 0.395584 0.310750 0.214431 0.109519 0.000000 
50.000000 43.015826 36.249185 29.897295 24.119916 19.027819 14.678185 11.076850 8.186136 5.936226 4.237824 2.994058 2.110216 1.500576 1.092290 0.826715 0.658881 0.555796 0.494239 0.458488 0.438286 0.427176 0.421227 0.418124 0.416546 0.415763 0.415381 0.415194 0.415094 0.415020 0.414933 0.414793 0.414547 0.414112 0.413358 0.412088 0.410005 0.406688 0.401559 0.393869 0.382694 0.366971 0.345575 0.317447 0.281767 0.238151 0.186833 0.128787 0.065732 0.000000 
50.000000 42.991967 36.202210 29.828625 24.031517 18.922035 14.557555 10.943933 8.043360 5.785782 4.081593 2.833593 1.946744 1.335031 0.925357 0.658882 0.490478 0.387044 0.325279 0.289406 0.269137 0.257989 0.252020 0.248906 0.247323 0.246538 0.246157 0.245973 0.245879 0.245819 0.245758 0.245668 0.245512 0.245240 0.244771 0.243984 0.242698 0.240658 0.237519 0.232834 0.226057 0.216570 0.203725 0.186921 0.165706 0.139886 0.109624 0.075500 0.038514 0.000000 
50.000000 42.977310 36.173354 29.786443 23.977215 18.857055 14.483457 10.862289 7.955662 5.693374 3.985633 2.735033 1.846337 1.233352 0.822827 0.555798 0.387045 0.283397 0.221504 0.185557 0.165246 0.154075 0.148093 0.144974 0.143388 0.142602 0.142221 0.142038 0.141949 0.141898 0.141855 0.141797 0.141701 0.141536 0.141254 0.140781 0.140011 0.138795 0.136930 0.134159 0.130168 0.124606 0.117106 0.107338 0.095056 0.080163 0.062764 0.043196 0.022024 0.000000 
50.000000 42.968557 36.156121 29.761251 23.944786 18.818250 14.439207 10.813533 7.903292 5.638192 3.928330 2.676178 1.786380 1.172636 0.761603 0.494244 0.325283 0.221506 0.159537 0.123546 0.103210 0.092025 0.086036 0.082913 0.081325 0.080538 0.080158 0.079977 0.079890 0.079845 0.079813 0.079776 0.079718 0.079621 0.079456 0.079180 0.078733 0.078029 0.076954 0.075361 0.073077 0.069905 0.065645 0.060117 0.053190 0.044818 0.035063 0.024117 0.012292 0.000000 
50.000000 42.963473 36.146113 29.746620 23.925953 18.795713 14.413509 10.785219 7.872878 5.606146 3.895053 2.642000 1.751563 1.137378 0.726050 0.458499 0.289417 0.185567 0.123553 0.087537 0.067186 0.055994 0.050001 0.046875 0.045286 0.044499 0.044118 0.043938 0.043853 0.043812 0.043786 0.043762 0.043728 0.043672 0.043578 0.043422 0.043170 0.042774 0.042171 0.041282 0.040010 0.038249 0.035893 0.032846 0.029039 0.024450 0.019116 0.013142 0.006696 0.000000 
50.000000 42.960602 36.140460 29.738357 23.915316 18.782985 14.398995 10.769228 7.855702 5.588049 3.876261 2.622699 1.731901 1.117467 0.705973 0.438314 0.269164 0.165272 0.103233 0.067202 0.046843 0.035646 0.029651 0.026524 0.024934 0.024147 0.023767 0.023587 0.023503 0.023463 0.023442 0.023426 0.023406 0.023374 0.023322 0.023236 0.023098 0.022881 0.022552 0.022068 0.021378 0.020427 0.019157 0.017519 0.015478 0.013024 0.010177 0.006993 0.003562 0.000000 
50.000000 42.959027 36.137358 29.733823 23.909480 18.776001 14.391033 10.760455 7.846279 5.578120 3.865951 2.612110 1.721114 1.106544 0.694959 0.427240 0.258053 0.154138 0.092085 0.056047 0.035683 0.024484 0.018487 0.015359 0.013770 0.012983 0.012602 0.012423 0.012339 0.012301 0.012282 0.012270 0.012258 0.012240 0.012212 0.012166 0.012092 0.011976 0.011801 0.011544 0.011178 0.010675 0.010006 0.009145 0.008075 0.006791 0.005304 0.003643 0.001855 0.000000 
50.000000 42.958192 36.135715 29.731421 23.906387 18.772301 14.386813 10.755806 7.841286 5.572859 3.860487 2.606499 1.715398 1.100756 0.689123 0.421373 0.252166 0.148239 0.086179 0.050136 0.029770 0.018569 0.012572 0.009444 0.007854 0.007067 0.006686 0.006507 0.006424 0.006386 0.006369 0.006359 0.006351 0.006341 0.006326 0.006301 0.006262 0.006201 0.006109 0.005974 0.005783 0.005520 0.005172 0.004724 0.004169 0.003504 0.002736 0.001879 0.000956 0.000000 
50.000000 42.957776 36.134895 29.730223 23.904845 18.770456 14.384709 10.753488 7.838796 5.570236 3.857764 2.603702 1.712549 1.097871 0.686213 0.418448 0.249231 0.145298 0.083234 0.047189 0.026822 0.015621 0.009623 0.006495 0.004905 0.004118 0.003737 0.003558 0.003475 0.003438 0.003421 0.003413 0.003407 0.003401 0.003392 0.003379 0.003357 0.003324 0.003274 0.003200 0.003097 0.002955 0.002767 0.002526 0.002228 0.001872 0.001461 0.001003 0.000511 0.000000 
50.000000 42.957605 36.134559 29.729731 23.904213 18.769699 14.383846 10.752537 7.837775 5.569160 3.856647 2.602555 1.711380 1.096687 0.685020 0.417248 0.248027 0.144091 0.082027 0.045981 0.025613 0.014412 0.008414 0.005286 0.003696 0.002908 0.002528 0.002349 0.002266 0.002229 0.002212 0.002204 0.002199 0.002195 0.002189 0.002180 0.002166 0.002144 0.002112 0.002064 0.001996 0.001904 0.001782 0.001627 0.001434 0.001205 0.000940 0.000645 0.000328 0.000000 
50.000000 42.957605 36.134559 29.729731 23.904213 18.769699 14.383846 10.752537 7.837775 5.569160 3.856647 2.602555 1.711380 1.096687 0.685020 0.417248 0.248027 0.144091 0.082027 0.045981 0.025613 0.014412 0.008414 0.005286 0.003696 0.002908 0.002528 0.002349 0.002266 0.002229 0.002212 0.002204 0.002199 0.002195 0.002189 0.002180 0.002166 0.002144 0.002112 0.002064 0.001996 0.001904 0.001782 0.001627 0.001434 0.001205 0.000940 0.000645 0.000328 0.000000 
50.000000 42.957776 36.134895 29.730223 23.904845 18.770456 14.384709 10.753488 7.838796 5.570236 3.857764 2.603702 1.712549 1.097871 0.686213 0.418448 0.249231 0.145298 0.083234 0.047189 0.026822 0.015621 0.009623 0.006495 0.004905 0.004118 0.003737 0.003558 0.003475 0.003438 0.003421 0.003413 0.003407 0.003401 0.003392 0.003379 0.003357 0.003324 0.003274 0.003200 0.003097 0.002955 0.002767 0.002526 0.002228 0.001872 0.001461 0.001003 0.000511 0.000000 
50.000000 42.958192 36.135715 29.731421 23.906387 18.772301 14.386813 10.755806 7.841286 5.572859 3.860487 2.606499 1.715398 1.100756 0.689123 0.421373 0.252166 0.148239 0.086179 0.050136 0.029770 0.018569 0.012572 0.009444 0.007854 0.007067 0.006686 0.006507 0.006424 0.006386 0.006369 0.006359 0.006351 0.006341 0.006326 0.006301 0.006262 0.006201 0.006109 0.005974 0.005783 0.005520 0.005172 0.004724 0.004169 0.003504 0.002736 0.001879 0.000956 0.000000 
50.000000 42.959027 36.137358 29.733823 23.909480 18.776001 14.391033 10.760455 7.846279 5.578120 3.865951 2.612110 1.721114 1.106544 0.694959 0.427240 0.258053 0.154138 0.092085 0.056047 0.035683 0.024484 0.018487 0.015359 0.013770 0.012983 0.012602 0.012423 0.012339 0.012301 0.012282 0.012270 0.012258 0.012240 0.012212 0.012166 0.012092 0.011976 0.011801 0.011544 0.011178 0.010675 0.010006 0.009145 0.008075 0.006791 0.005304 0.003643 0.001855 0.000000 
50.000000 42.960602 36.140460 29.738357 23.915316 18.782985 14.398995 10.769228 7.855702 5.588049 3.876261 2.622699 1.731901 1.117467 0.705973 0.438314 0.269164 0.165272 0.103233 0.067202 0.046843 0.035646 0.029651 0.026524 0.024934 0.024147 0.023767 0.023587 0.023503 0.023463 0.023442 0.023426 0.023406 0.023374 0.023322 0.023236 0.023098 0.022881 0.022552 0.022068 0.021378 0.020427 0.019157 0.017519 0.015478 0.013024 0.010177 0.006993 0.003562 0.000000 
50.000000 42.963473 36.146113 29.746620 23.925953 18.795713 14.413509 10.785219 7.872878 5.606146 3.895053 2.642000 1.751563 1.137378 0.726050 0.458499 0.289417 0.185567 0.123553 0.087537 0.067186 0.055994 0.050001 0.046875 0.045286 0.044499 0.044118 0.043938 0.043853 0.043812 0.043786 0.043762 0.043728 0.043672 0.043578 0.043422 0.043170 0.042774 0.042171 0.041282 0.040010 0.038249 0.035893 0.032846 0.029039 0.024450 0.019116 0.013142 0.006696 0.000000 
50.000000 42.968557 36.156121 29.761251 23.944786 18.818250 14.439207 10.813533 7.903292 5.638192 3.928330 2.676178 1.786380 1.172636 0.761603 0.494244 0.325283 0.221506 0.159537 0.123546 0.103210 0.092025 0.086036 0.082913 0.081325 0.080538 0.080158 0.079977 0.079890 0.079845 0.079813 0.079776 0.079718 0.079621 0.079456 0.079180 0.078733 0.078029 0.076954 0.075361 0.073077 0.069905 0.065645 0.060117 0.053190 0.044818 0.035063 0.024117 0.012292 0.000000 
50.000000 42.977310 36.173354 29.786443 23.977215 18.857055 14.483457 10.862289 7.955662 5.693374 3.985633 2.735033 1.846337 1.233352 0.822827 0.555798 0.387045 0.283397 0.221504 0.185557 0.165246 0.154075 0.148093 0.144974 0.143388 0.142602 0.142221 0.142038 0.141949 0.141898 0.141855 0.141797 0.141701 0.141536 0.141254 0.140781 0.140011 0.138795 0.136930 0.134159 0.130168 0.124606 0.117106 0.107338 0.095056 0.080163 0.062764 0.043196 0.022024 0.000000 
50.000000 42.991967 36.202210 29.828625 24.031517 18.922035 14.557555 10.943933 8.043360 5.785782 4.081593 2.833593 1.946744 1.335031 0.925357 0.658882 0.490478 0.387044 0.325279 0.289406 0.269137 0.257989 0.252020 0.248906 0.247323 0.246538 0.246157 0.245973 0.245879 0.245819 0.245758 0.245668 0.245512 0.245240 0.244771 0.243984 0.242698 0.240658 0.237519 0.232834 0.226057 0.216570 0.203725 0.186921 0.165706 0.139886 0.109624 0.075500 0.038514 0.000000 
50.000000 43.015826 36.249185 29.897295 24.119916 19.027819 14.678185 11.076850 8.186136 5.936226 4.237824 2.994058 2.110216 1.500576 1.092290 0.826715 0.658881 0.555796 0.494239 0.458488 0.438286 0.427176 0.421227 0.418124 0.416546 0.415763 0.415381 0.415194 0.415094 0.415020 0.414933 0.414793 0.414547 0.414112 0.413358 0.412088 0.410005 0.406688 0.401559 0.393869 0.382694 0.366971 0.345575 0.317447 0.281767 0.238151 0.186833 0.128787 0.065732 0.000000 
50.000000 43.053576 36.323507 30.005944 24.259783 19.195194 14.869051 11.287159 8.412045 6.174273 4.485029 3.247966 2.368884 1.762526 1.356436 1.092289 0.925357 0.822825 0.761598 0.726039 0.705945 0.694894 0.688977 0.685890 0.684320 0.683540 0.683158 0.682967 0.682857 0.682765 0.682640 0.682428 0.682049 0.681375 0.680203 0.678218 0.674951 0.669724 0.661604 0.649365 0.631481 0.606178 0.571548 0.525760 0.467354 0.395584 0.310750 0.214431 0.109519 0.000000 
50.000000 43.111605 36.437755 30.172960 24.474787 19.452487 15.162458 11.610460 8.759333 6.540224 4.865063 3.638308 2.766548 2.165237 1.762526 1.500576 1.335030 1.233350 1.172631 1.137366 1.117439 1.106480 1.100611 1.097549 1.095992 1.095217 1.094835 1.094639 1.094516 1.094397 1.094220 1.093908 1.093343 1.092334 1.090571 1.087575 1.082619 1.074649 1.062202 1.043332 1.015593 0.976091 0.921671 0.849233 0.756225 0.641219 0.504518 0.348592 0.178193 0.000000 
50.000000 43.198243 36.608327 30.422318 24.795795 19.836637 15.600533 12.093173 9.277866 7.086629 5.432499 4.221142 3.360318 2.766548 2.368884 2.110215 1.946743 1.846335 1.786376 1.751552 1.731873 1.721051 1.715255 1.712231 1.710692 1.709924 1.709543 1.709341 1.709201 1.709047 1.708800 1.708356 1.707544 1.706086 1.703528 1.699160 1.691899 1.680159 1.661714 1.633573 1.591919 1.532169 1.449221 1.337946 1.193948 1.014553 0.799852 0.553552 0.283268 0.000000 
50.000000 43.323834 36.855595 30.783796 25.261144 20.393525 16.235601 12.792959 10.029589 7.878764 6.255134 5.066104 4.221142 3.638308 3.247966 2.994058 2.833593 2.735031 2.676173 2.641989 2.622672 2.612048 2.606358 2.603389 2.601877 2.601121 2.600742 2.600532 2.600372 2.600174 2.599841 2.599229 2.598105 2.596075 2.592499 2.586362 2.576106 2.559427 2.533052 2.492524 2.432071 2.344633 2.222173 2.056374 1.839808 1.567532 1.238908 0.859191 0.440280 0.000000 
50.000000 43.500552 37.203523 31.292432 25.915942 21.177135 17.129228 13.777661 11.087384 8.993438 7.412735 6.255134 5.432499 4.865063 4.485029 4.237824 4.081593 3.985631 3.928326 3.895042 3.876234 3.865890 3.860350 3.857458 3.855984 3.855246 3.854869 3.854651 3.854468 3.854219 3.853783 3.852974 3.851476 3.848761 3.843955 3.835664 3.821730 3.798926 3.762609 3.706367 3.621747 3.498194 3.323380 3.084127 2.768099 2.366310 1.876213 1.304685 0.669788 0.000000 
50.000000 43.741846 37.678590 31.986936 26.810023 22.247108 18.349432 15.122238 12.531779 10.515513 8.993438 7.878764 7.086629 6.540224 6.174273 5.936226 5.785781 5.693372 5.638188 5.606136 5.588023 5.578061 5.572725 5.569940 5.568519 5.567804 5.567435 5.567209 5.567000 5.566695 5.566147 5.565119 5.563207 5.559725 5.553532 5.542792 5.524632 5.494710 5.446693 5.371691 5.257756 5.089615 4.848901 4.515234 4.068513 3.492680 2.780817 1.940686 0.998762 0.000000 
50.000000 44.061467 38.307872 32.906892 27.994352 23.664438 19.965778 16.903348 14.445130 12.531779 11.087384 10.029588 9.277866 8.759333 8.412045 8.186135 8.043360 7.955661 7.903288 7.872868 7.855678 7.846223 7.841159 7.838514 7.837164 7.836482 7.836123 7.835893 7.835660 7.835300 7.834639 7.833391 7.831058 7.826791 7.819165 7.805867 7.783242 7.745698 7.684955 7.589190 7.442164 7.222565 6.903909 6.455535 5.845395 5.045326 4.039141 2.832697 1.462902 0.000000 
50.000000 44.472090 39.116327 34.088786 29.515901 25.485344 22.042382 19.191651 16.903348 15.122238 13.777661 12.792959 12.093173 11.610460 11.287159 11.076850 10.943933 10.862288 10.813530 10.785209 10.769205 10.760402 10.755687 10.753224 10.751965 10.751326 10.750984 10.750753 10.750501 10.750094 10.749335 10.747892 10.745185 10.740209 10.731276 10.715611 10.688790 10.643952 10.570786 10.454281 10.273337 9.999440 9.595825 9.017862 8.215784 7.141310 5.759663 4.067229 2.111150 0.000000 
50.000000 44.983624 40.123460 35.561138 31.411389 27.753772 24.629367 22.042382 19.965778 18.349432 17.129228 16.235601 15.600533 15.162458 14.869051 14.678185 14.557554 14.483456 14.439204 14.413500 14.398975 14.390985 14.386705 14.384469 14.383325 14.382741 14.382423 14.382197 14.381935 14.381497 14.380672 14.379094 14.376121 14.370635 14.360739 14.343291 14.313225 14.262587 14.179227 14.045101 13.834199 13.510243 13.024520 12.314683 11.306089 9.918404 8.081431 5.764086 3.015380 0.000000 
50.000000 45.601413 41.339795 37.339332 33.700624 30.493430 27.753772 25.485344 23.664438 22.247108 21.177135 20.393525 19.836637 19.452487 19.195194 19.027819 18.922034 18.857054 18.818246 18.795705 18.782967 18.775959 18.772205 18.770244 18.769239 18.768724 18.768439 18.768227 18.767968 18.767525 18.766682 18.765063 18.762001 18.756329 18.746052 18.727840 18.696262 18.642689 18.553717 18.409036 18.178595 17.819043 17.269561 16.447683 15.246715 13.538533 11.189413 8.101507 4.292537 0.000000 
50.000000 46.324622 42.763690 39.420969 36.380517 33.700624 31.411389 29.515901 27.994352 26.810023 25.915942 25.261144 24.795795 24.474787 24.259782 24.119916 24.031516 23.977214 23.944784 23.925947 23.915301 23.909445 23.906307 23.904667 23.903827 23.903394 23.903151 23.902963 23.902724 23.902308 23.901509 23.899971 23.897054 23.891631 23.881765 23.864199 23.833568 23.781242 23.693612 23.549632 23.317344 22.949025 22.374591 21.492985 20.162091 18.190258 15.339624 11.367551 6.158683 0.000000 
50.000000 47.145128 44.379151 41.782668 39.420969 37.339332 35.561138 34.088786 32.906892 31.986936 31.292432 30.783796 30.422318 30.172960 30.005944 29.897295 29.828625 29.786442 29.761249 29.746615 29.738345 29.733796 29.731358 29.730084 29.729430 29.729093 29.728900 29.728747 29.728547 29.728192 29.727509 29.726190 29.723680 29.719001 29.710462 29.695195 29.668442 29.622465 29.544888 29.416219 29.206119 28.867750 28.329122 27.479707 26.149919 24.081345 20.891334 16.061958 9.071940 0.000000 
50.000000 48.047202 46.155209 44.379151 42.763690 41.339795 40.123460 39.116327 38.307872 37.678590 37.203523 36.855595 36.608327 36.437755 36.323507 36.249185 36.202210 36.173354 36.156120 36.146109 36.140452 36.137340 36.135672 36.134800 36.134353 36.134121 36.133988 36.133879 36.133734 36.133475 36.132975 36.132006 36.130159 36.126710 36.120397 36.109076 36.089163 36.054775 35.996404 35.898838 35.737904 35.475176 35.049097 34.359374 33.238288 31.396139 28.317193 23.077604 14.148685 0.000000 
50.000000 49.008159 48.047202 47.145128 46.324622 45.601413 44.983624 44.472090 44.061467 43.741846 43.500552 43.323834 43.198243 43.111605 43.053576 43.015826 42.991967 42.977310 42.968556 42.963472 42.960598 42.959017 42.958170 42.957727 42.957500 42.957382 42.957314 42.957257 42.957181 42.957044 42.956779 42.956266 42.955286 42.953453 42.950094 42.944057 42.933413 42.914975 42.883554 42.830764 42.743084 42.598565 42.360940 41.968244 41.308875 40.165939 38.073188 33.898517 24.504080 0.000000 
50.000000 50.000000 50.000000 50.000000 50.000000 50.000000 50.000000 50.000000 50.000000 50.000000 50.000000 50.000000 50.000000 50.000000 50.000000 50.000000 50.000000 50.000000 50.000000 50.000000 50.000000 50.000000 50.000000 50.000000 50.000000 50.000000 50.000000 50.000000 50.000000 50.000000 50.000000 50.000000 50.000000 50.000000 50.000000 50.000000 50.000000 50.000000 50.000000 50.000000 50.000000 50.000000 50.000000 50.000000 50.000000 50.000000 50.000000 50.000000 50.000000 50.000000 
