50.000000 50.000000 50.000000 50.000000 50.000000 50.000000 50.000000 50.000000 50.000000 50.000000 50.000000 50.000000 50.000000 50.000000 50.000000 50.000000 50.000000 50.000000 50.000000 50.000000 50.000000 50.000000 50.000000 50.000000 50.000000 50.000000 50.000000 50.000000 50.000000 50.000000 50.000000 50.000000 50.000000 50.000000 50.000000 50.000000 50.000000 50.000000 50.000000 50.000000 50.000000 50.000000 50.000000 50.000000 50.000000 50.000000 50.000000 50.000000 50.000000 50.000000 
50.000000 48.431551 46.940291 45.592031 44.432607 43.483929 42.744983 42.196738 41.809037 41.547519 41.379122 41.275519 41.214565 41.180240 41.161720 41.152137 41.147378 41.145107 41.144065 41.143605 41.143409 41.143328 41.143296 41.143284 41.143280 41.143278 41.143277 41.143277 41.143275 41.143270 41.143258 41.143226 41.143146 41.142953 41.142501 41.141473 41.139209 41.134373 41.124340 41.104102 41.064315 40.987850 40.843511 40.574051 40.071431 39.120300 37.253174 33.333487 24.215775 0.000000 
50.000000 46.940291 44.031168 41.401010 39.139240 37.288596 35.847098 34.777616 34.021320 33.511178 33.182689 32.980595 32.861696 32.794740 32.758616 32.739925 32.730642 32.726213 32.724180 32.723282 32.722900 32.722743 32.722681 32.722657 32.722648 32.722645 32.722643 32.722642 32.722639 32.722630 32.722607 32.722549 32.722403 32.722051 32.721227 32.719358 32.715252 32.706509 32.688444 32.652196 32.581447 32.446820 32.196283 31.738391 30.912111 29.430622 26.775855 22.015584 13.606805 0.000000 
50.000000 45.592031 41.401010 37.611896 34.353516 31.687437 29.610804 28.070117 26.980619 26.245733 25.772536 25.481419 25.310149 25.213702 25.161668 25.134746 25.121376 25.114996 25.112068 25.110775 25.110224 25.109998 25.109909 25.109875 25.109862 25.109857 25.109855 25.109853 25.109849 25.109838 25.109808 25.109733 25.109544 25.109090 25.108031 25.105636 25.100395 25.089287 25.066478 25.021071 24.933353 24.768717 24.468033 23.932713 23.002174 21.421865 18.805948 14.625155 8.338857 0.000000 
50.000000 44.432607 39.139240 34.353516 30.238150 26.870901 24.248151 22.302320 20.926347 19.998247 19.400650 19.033010 18.816724 18.694932 18.629225 18.595230 18.578347 18.570292 18.566595 18.564962 18.564267 18.563982 18.563869 18.563826 18.563810 18.563804 18.563802 18.563799 18.563795 18.563782 18.563750 18.563668 18.563464 18.562973 18.561832 18.559264 18.553672 18.541890 18.517878 18.470524 18.380136 18.213093 17.914120 17.395894 16.526628 15.119075 12.931651 9.708618 5.312307 0.000000 
50.000000 43.483929 37.288596 31.687437 26.870901 22.929988 19.860456 17.583193 15.972882 14.886744 14.187403 13.757181 13.504086 13.361570 13.284684 13.244908 13.225154 13.215729 13.211405 13.209495 13.208682 13.208348 13.208216 13.208165 13.208147 13.208140 13.208137 13.208135 13.208130 13.208118 13.208087 13.208008 13.207812 13.207343 13.206256 13.203820 13.198546 13.187510 13.165201 13.121649 13.039555 12.890205 12.628130 12.185072 11.464994 10.344273 8.685264 6.376485 3.412498 0.000000 
50.000000 42.744983 35.847098 29.610804 24.248151 19.860456 16.442980 13.907624 12.114844 10.905660 10.127112 9.648176 9.366431 9.207787 9.122204 9.077929 9.055943 9.045453 9.040639 9.038513 9.037609 9.037237 9.037090 9.037034 9.037013 9.037006 9.037003 9.037000 9.036996 9.036986 9.036959 9.036890 9.036719 9.036311 9.035371 9.033275 9.028762 9.019385 9.000591 8.964271 8.896652 8.775469 8.566681 8.221490 7.675384 6.852257 5.678091 4.108707 2.170933 0.000000 
50.000000 42.196738 34.777616 28.070117 22.302320 17.583193 13.907624 11.180839 9.252735 7.952307 7.115030 6.599980 6.296998 6.126401 6.034373 5.986765 5.963125 5.951846 5.946671 5.944386 5.943413 5.943014 5.942856 5.942795 5.942773 5.942765 5.942762 5.942760 5.942756 5.942748 5.942726 5.942670 5.942533 5.942207 5.941457 5.939795 5.936238 5.928900 5.914314 5.886403 5.835043 5.744267 5.590420 5.340943 4.955063 4.388200 3.602084 2.581333 1.353227 0.000000 
50.000000 41.809037 34.021320 26.980619 20.926347 15.972882 12.114844 9.252735 7.228979 5.864064 4.985287 4.444720 4.126736 3.947697 3.851118 3.801157 3.776349 3.764514 3.759083 3.756685 3.755665 3.755246 3.755080 3.755017 3.754993 3.754985 3.754982 3.754980 3.754977 3.754971 3.754954 3.754912 3.754810 3.754567 3.754011 3.752786 3.750178 3.744835 3.734299 3.714323 3.677959 3.614490 3.508468 3.339375 3.082677 2.713254 2.211901 1.574499 0.821187 0.000000 
50.000000 41.547519 33.511178 26.245733 19.998247 14.886744 10.905660 7.952307 5.864064 4.455679 3.548932 2.991171 2.663080 2.478354 2.378709 2.327164 2.301570 2.289360 2.283758 2.281284 2.280231 2.279800 2.279628 2.279563 2.279539 2.279530 2.279527 2.279525 2.279523 2.279519 2.279507 2.279478 2.279406 2.279237 2.278851 2.278005 2.276214 2.272568 2.265432 2.252019 2.227840 2.186105 2.117264 2.009008 1.847188 1.618112 1.312380 0.929731 0.483205 0.000000 
50.000000 41.379122 33.182689 25.772536 19.400650 14.187403 10.127112 7.115030 4.985287 3.548932 2.624190 2.055369 1.720778 1.532396 1.430782 1.378219 1.352120 1.339669 1.333956 1.331434 1.330360 1.329920 1.329746 1.329679 1.329654 1.329645 1.329642 1.329641 1.329639 1.329636 1.329629 1.329609 1.329562 1.329451 1.329199 1.328649 1.327490 1.325147 1.320591 1.312095 1.296913 1.270964 1.228627 1.162841 1.065754 0.930127 0.751465 0.530493 0.275021 0.000000 
50.000000 41.275519 32.980595 25.481419 19.033010 13.757181 9.648176 6.599980 4.444720 2.991171 2.055369 1.479753 1.141169 0.950541 0.847716 0.794528 0.768119 0.755521 0.749741 0.747189 0.746103 0.745657 0.745481 0.745413 0.745388 0.745379 0.745376 0.745375 0.745374 0.745372 0.745367 0.745355 0.745325 0.745257 0.745101 0.744763 0.744055 0.742629 0.739877 0.734778 0.725739 0.710422 0.685666 0.647586 0.591980 0.515132 0.414941 0.292151 0.151179 0.000000 
50.000000 41.214565 32.861696 25.310149 18.816724 13.504086 9.366431 6.296998 4.126736 2.663080 1.720778 1.141169 0.800238 0.608292 0.504757 0.451202 0.424611 0.411926 0.406107 0.403537 0.402443 0.401995 0.401817 0.401749 0.401724 0.401715 0.401712 0.401711 0.401710 0.401709 0.401706 0.401699 0.401681 0.401641 0.401550 0.401353 0.400942 0.400119 0.398539 0.395631 0.390511 0.381901 0.368098 0.347046 0.316576 0.274834 0.220862 0.155188 0.080192 0.000000 
50.000000 41.180240 32.794740 25.213702 18.694932 13.361570 9.207787 6.126401 3.947697 2.478354 1.532396 0.950541 0.608292 0.415605 0.311670 0.257909 0.231217 0.218483 0.212641 0.210061 0.208964 0.208513 0.208335 0.208267 0.208242 0.208233 0.208229 0.208228 0.208228 0.208227 0.208225 0.208221 0.208212 0.208189 0.208138 0.208029 0.207802 0.207350 0.206487 0.204906 0.202140 0.197519 0.190163 0.179025 0.163024 0.141260 0.113307 0.079488 0.041030 0.000000 
50.000000 41.161720 32.758616 25.161668 18.629225 13.284684 9.122204 6.034373 3.851118 2.378709 1.430782 0.847716 0.504757 0.311670 0.207521 0.153650 0.126902 0.114142 0.108288 0.105703 0.104603 0.104152 0.103973 0.103905 0.103880 0.103871 0.103868 0.103867 0.103866 0.103866 0.103865 0.103863 0.103857 0.103845 0.103819 0.103761 0.103641 0.103404 0.102954 0.102133 0.100705 0.098332 0.094578 0.088929 0.080864 0.069960 0.056032 0.039258 0.020247 0.000000 
50.000000 41.152137 32.739925 25.134746 18.595230 13.244908 9.077929 5.986765 3.801157 2.327164 1.378219 0.794528 0.451202 0.257909 0.153650 0.099720 0.072944 0.060171 0.054311 0.051723 0.050622 0.050171 0.049992 0.049923 0.049898 0.049889 0.049886 0.049885 0.049884 0.049884 0.049884 0.049883 0.049880 0.049874 0.049860 0.049831 0.049771 0.049652 0.049427 0.049020 0.048313 0.047146 0.045308 0.042558 0.038652 0.033397 0.026715 0.018698 0.009637 0.000000 
50.000000 41.147378 32.730642 25.121376 18.578347 13.225154 9.055943 5.963125 3.776349 2.301570 1.352120 0.768119 0.424611 0.231217 0.126902 0.072944 0.046154 0.033374 0.027511 0.024922 0.023821 0.023369 0.023190 0.023121 0.023096 0.023087 0.023084 0.023083 0.023082 0.023082 0.023082 0.023081 0.023080 0.023077 0.023071 0.023056 0.023027 0.022970 0.022863 0.022669 0.022334 0.021782 0.020918 0.019631 0.017811 0.015374 0.012285 0.008591 0.004425 0.000000 
50.000000 41.145107 32.726213 25.114996 18.570292 13.215729 9.045453 5.951846 3.764514 2.289360 1.339669 0.755521 0.411926 0.218483 0.114142 0.060171 0.033374 0.020591 0.014727 0.012137 0.011035 0.010583 0.010404 0.010336 0.010310 0.010301 0.010298 0.010297 0.010297 0.010297 0.010296 0.010296 0.010296 0.010294 0.010291 0.010285 0.010271 0.010245 0.010196 0.010107 0.009954 0.009704 0.009313 0.008734 0.007917 0.006828 0.005451 0.003810 0.001961 0.000000 
50.000000 41.144065 32.724180 25.112068 18.566595 13.211405 9.040639 5.946671 3.759083 2.283758 1.333956 0.749741 0.406107 0.212641 0.108288 0.054311 0.027511 0.014727 0.008862 0.006272 0.005170 0.004718 0.004539 0.004470 0.004445 0.004436 0.004433 0.004432 0.004431 0.004431 0.004431 0.004431 0.004431 0.004430 0.004429 0.004426 0.004420 0.004408 0.004386 0.004347 0.004280 0.004171 0.004001 0.003750 0.003397 0.002927 0.002335 0.001631 0.000839 0.000000 
50.000000 41.143605 32.723282 25.110775 18.564962 13.209495 9.038513 5.944386 3.756685 2.281284 1.331434 0.747189 0.403537 0.210061 0.105703 0.051723 0.024922 0.012137 0.006272 0.003682 0.002580 0.002127 0.001948 0.001880 0.001855 0.001845 0.001842 0.001841 0.001841 0.001841 0.001841 0.001841 0.001841 0.001840 0.001840 0.001839 0.001836 0.001831 0.001822 0.001805 0.001777 0.001731 0.001660 0.001555 0.001407 0.001212 0.000966 0.000675 0.000347 0.000000 
50.000000 41.143409 32.722900 25.110224 18.564267 13.208682 9.037609 5.943413 3.755665 2.280232 1.330361 0.746103 0.402444 0.208964 0.104603 0.050622 0.023821 0.011035 0.005170 0.002580 0.001478 0.001025 0.000846 0.000778 0.000753 0.000743 0.000740 0.000739 0.000739 0.000739 0.000739 0.000739 0.000739 0.000739 0.000738 0.000738 0.000737 0.000735 0.000731 0.000724 0.000713 0.000694 0.000665 0.000623 0.000564 0.000485 0.000387 0.000270 0.000139 0.000000 
50.000000 41.143328 32.722743 25.109999 18.563982 13.208348 9.037238 5.943014 3.755246 2.279800 1.329920 0.745657 0.401995 0.208514 0.104152 0.050171 0.023369 0.010583 0.004718 0.002128 0.001025 0.000573 0.000394 0.000326 0.000300 0.000291 0.000288 0.000287 0.000287 0.000287 0.000287 0.000287 0.000287 0.000287 0.000287 0.000286 0.000286 0.000285 0.000284 0.000281 0.000277 0.000269 0.000258 0.000241 0.000218 0.000188 0.000150 0.000104 0.000054 0.000000 
50.000000 41.143297 32.722681 25.109909 18.563870 13.208216 9.037091 5.942856 3.755081 2.279629 1.329746 0.745481 0.401818 0.208336 0.103974 0.049992 0.023190 0.010405 0.004539 0.001949 0.000847 0.000395 0.000216 0.000147 0.000122 0.000113 0.000110 0.000109 0.000108 0.000108 0.000108 0.000108 0.000108 0.000108 0.000108 0.000108 0.000108 0.000107 0.000107 0.000106 0.000104 0.000101 0.000097 0.000091 0.000082 0.000071 0.000056 0.000039 0.000020 0.000000 
50.000000 41.143285 32.722658 25.109876 18.563827 13.208166 9.037035 5.942797 3.755018 2.279565 1.329680 0.745415 0.401751 0.208268 0.103907 0.049925 0.023123 0.010337 0.004472 0.001881 0.000779 0.000327 0.000148 0.000080 0.000054 0.000045 0.000042 0.000041 0.000041 0.000041 0.000041 0.000041 0.000041 0.000041 0.000041 0.000041 0.000041 0.000040 0.000040 0.000040 0.000039 0.000038 0.000036 0.000034 0.000031 0.000026 0.000021 0.000015 0.000008 0.000000 
50.000000 41.143281 32.722650 25.109864 18.563813 13.208150 9.037017 5.942777 3.754998 2.279543 1.329659 0.745393 0.401729 0.208246 0.103885 0.049903 0.023101 0.010315 0.004449 0.001859 0.000757 0.000305 0.000126 0.000058 0.000032 0.000023 0.000020 0.000019 0.000019 0.000018 0.000018 0.000018 0.000018 0.000018 0.000018 0.000018 0.000018 0.000018 0.000018 0.000018 0.000018 0.000017 0.000017 0.000015 0.000014 0.000012 0.000010 0.000007 0.000003 0.000000 
50.000000 41.143281 32.722650 25.109864 18.563813 13.208150 9.037017 5.942777 3.754998 2.279543 1.329659 0.745393 0.401729 0.208246 0.103885 0.049903 0.023101 0.010315 0.004449 0.001859 0.000757 0.000305 0.000126 0.000058 0.000032 0.000023 0.000020 0.000019 0.000019 0.000018 0.000018 0.000018 0.000018 0.000018 0.000018 0.000018 0.000018 0.000018 0.000018 0.000018 0.000018 0.000017 0.000017 0.000015 0.000014 0.000012 0.000010 0.000007 0.000003 0.000000 
50.000000 41.143285 32.722658 25.109876 18.563827 13.208166 9.037035 5.942797 3.755018 2.279565 1.329680 0.745415 0.401751 0.208268 0.103907 0.049925 0.023123 0.010337 0.004472 0.001881 0.000779 0.000327 0.000148 0.000080 0.000054 0.000045 0.000042 0.000041 0.000041 0.000041 0.000041 0.000041 0.000041 0.000041 0.000041 0.000041 0.000041 0.000040 0.000040 0.000040 0.000039 0.000038 0.000036 0.000034 0.000031 0.000026 0.000021 0.000015 0.000008 0.000000 
50.000000 41.143297 32.722681 25.109909 18.563870 13.208216 9.037091 5.942856 3.755081 2.279629 1.329746 0.745481 0.401818 0.208336 0.103974 0.049992 0.023190 0.010405 0.004539 0.001949 0.000847 0.000395 0.000216 0.000147 0.000122 0.000113 0.000110 0.000109 0.000108 0.000108 0.000108 0.000108 0.000108 0.000108 0.000108 0.000108 0.000108 0.000107 0.000107 0.000106 0.000104 0.000101 0.000097 0.000091 0.000082 0.000071 0.000056 0.000039 0.000020 0.000000 
50.000000 41.143328 32.722743 25.109999 18.563982 13.208348 9.037238 5.943014 3.755246 2.279800 1.329920 0.745657 0.401995 0.208514 0.104152 0.050171 0.023369 0.010583 0.004718 0.002128 0.001025 0.000573 0.000394 0.000326 0.000300 0.000291 0.000288 0.000287 0.000287 0.000287 0.000287 0.000287 0.000287 0.000287 0.000287 0.000286 0.000286 0.000285 0.000284 0.000281 0.000277 0.000269 0.000258 0.000241 0.000218 0.000188 0.000150 0.000104 0.000054 0.000000 
50.000000 41.143409 32.722900 25.110224 18.564267 13.208682 9.037609 5.943413 3.755665 2.280232 1.330361 0.746103 0.402444 0.208964 0.104603 0.050622 0.023821 0.011035 0.005170 0.002580 0.001478 0.001025 0.000846 0.000778 0.000753 0.000743 0.000740 0.000739 0.000739 0.000739 0.000739 0.000739 0.000739 0.000739 0.000738 0.000738 0.000737 0.000735 0.000731 0.000724 0.000713 0.000694 0.000665 0.000623 0.000564 0.000485 0.000387 0.000270 0.000139 0.000000 
50.000000 41.143605 32.723282 25.110775 18.564962 13.209495 9.038513 5.944386 3.756685 2.281284 1.331434 0.747189 0.403537 0.210061 0.105703 0.051723 0.024922 0.012137 0.006272 0.003682 0.002580 0.002127 0.001948 0.001880 0.001855 0.001845 0.001842 0.001841 0.001841 0.001841 0.001841 0.001841 0.001841 0.001840 0.001840 0.001839 0.001836 0.001831 0.001822 0.001805 0.001777 0.001731 0.001660 0.001555 0.001407 0.001212 0.000966 0.000675 0.000347 0.000000 
50.000000 41.144065 32.724180 25.112068 18.566595 13.211405 9.040639 5.946671 3.759083 2.283758 1.333956 0.749741 0.406107 0.212641 0.108288 0.054311 0.027511 0.014727 0.008862 0.006272 0.005170 0.004718 0.004539 0.004470 0.004445 0.004436 0.004433 0.004432 0.004431 0.004431 0.004431 0.004431 0.004431 0.004430 0.004429 0.004426 0.004420 0.004408 0.004386 0.004347 0.004280 0.004171 0.004001 0.003750 0.003397 0.002927 0.002335 0.001631 0.000839 0.000000 
50.000000 41.145107 32.726213 25.114996 18.570292 13.215729 9.045453 5.951846 3.764514 2.289360 1.339669 0.755521 0.411926 0.218483 0.114142 0.060171 0.033374 0.020591 0.014727 0.012137 0.011035 0.010583 0.010404 0.010336 0.010310 0.010301 0.010298 0.010297 0.010297 0.010297 0.010296 0.010296 0.010296 0.010294 0.010291 0.010285 0.010271 0.010245 0.010196 0.010107 0.009954 0.009704 0.009313 0.008734 0.007917 0.006828 0.005451 0.003810 0.001961 0.000000 
50.000000 41.147378 32.730642 25.121376 18.578347 13.225154 9.055943 5.963125 3.776349 2.301570 1.352120 0.768119 0.424611 0.231217 0.126902 0.072944 0.046154 0.033374 0.027511 0.024922 0.023821 0.023369 0.023190 0.023121 0.023096 0.023087 0.023084 0.023083 0.023082 0.023082 0.023082 0.023081 0.023080 0.023077 0.023071 0.023056 0.023027 0.022970 0.022863 0.022669 0.022334 0.021782 0.020918 0.019631 0.017811 0.015374 0.012285 0.008591 0.004425 0.000000 
50.000000 41.152137 32.739925 25.134746 18.595230 13.244908 9.077929 5.986765 3.801157 2.327164 1.378219 0.794528 0.451202 0.257909 0.153650 0.099720 0.072944 0.060171 0.054311 0.051723 0.050622 0.050171 0.049992 0.049923 0.049898 0.049889 0.049886 0.049885 0.049884 0.049884 0.049884 0.049883 0.049880 0.049874 0.049860 0.049831 0.049771 0.049652 0.049427 0.049020 0.048313 0.047146 0.045308 0.042558 0.038652 0.033397 0.026715 0.018698 0.009637 0.000000 
50.000000 41.161720 32.758616 25.161668 18.629225 13.284684 9.122204 6.034373 3.851118 2.378709 1.430782 0.847716 0.504757 0.311670 0.207521 0.153650 0.126902 0.114142 0.108288 0.105703 0.104603 0.104152 0.103973 0.103905 0.103880 0.103871 0.103868 0.103867 0.103866 0.103866 0.103865 0.103863 0.103857 0.103845 0.103819 0.103761 0.103641 0.103404 0.102954 0.102133 0.100705 0.098332 0.094578 0.088929 0.080864 0.069960 0.056032 0.039258 0.020247 0.000000 
50.000000 41.180240 32.794740 25.213702 18.694932 13.361570 9.207787 6.126401 3.947697 2.478354 1.532396 0.950541 0.608292 0.415605 0.311670 0.257909 0.231217 0.218483 0.212641 0.210061 0.208964 0.208513 0.208335 0.208267 0.208242 0.208233 0.208229 0.208228 0.208228 0.208227 0.208225 0.208221 0.208212 0.208189 0.208138 0.208029 0.207802 0.207350 0.206487 0.204906 0.202140 0.197519 0.190163 0.179025 0.163024 0.141260 0.113307 0.079488 0.041030 0.000000 
50.000000 41.214565 32.861696 25.310149 18.816724 13.504086 9.366431 6.296998 4.126736 2.663080 1.720778 1.141169 0.800238 0.608292 0.504757 0.451202 0.424611 0.411926 0.406107 0.403537 0.402443 0.401995 0.401817 0.401749 0.401724 0.401715 0.401712 0.401711 0.401710 0.401709 0.401706 0.401699 0.401681 0.401641 0.401550 0.401353 0.400942 0.400119 0.398539 0.395631 0.390511 0.381901 0.368098 0.347046 0.316576 0.274834 0.220862 0.155188 0.080192 0.000000 
50.000000 41.275519 32.980595 25.481419 19.033010 13.757181 9.648176 6.599980 4.444720 2.991171 2.055369 1.479753 1.141169 0.950541 0.847716 0.794528 0.768119 0.755521 0.749741 0.747189 0.746103 0.745657 0.745481 0.745413 0.745388 0.745379 0.745376 0.745375 0.745374 0.745372 0.745367 0.745355 0.745325 0.745257 0.745101 0.744763 0.744055 0.742629 0.739877 0.734778 0.725739 0.710422 0.685666 0.647586 0.591980 0.515132 0.414941 0.292151 0.151179 0.000000 
50.000000 41.379122 33.182689 25.772536 19.400650 14.187403 10.127112 7.115030 4.985287 3.548932 2.624190 2.055369 1.720778 1.532396 1.430782 1.378219 1.352120 1.339669 1.333956 1.331434 1.330360 1.329920 1.329746 1.329679 1.329654 1.329645 1.329642 1.329641 1.329639 1.329636 1.329629 1.329609 1.329562 1.329451 1.329199 1.328649 1.327490 1.325147 1.320591 1.312095 1.296913 1.270964 1.228627 1.162841 1.065754 0.930127 0.751465 0.530493 0.275021 0.000000 
50.000000 41.547519 33.511178 26.245733 19.998247 14.886744 10.905660 7.952307 5.864064 4.455679 3.548932 2.991171 2.663080 2.478354 2.378709 2.327164 2.301570 2.289360 2.283758 2.281284 2.280231 2.279800 2.279628 2.279563 2.279539 2.279530 2.279527 2.279525 2.279523 2.279519 2.279507 2.279478 2.279406 2.279237 2.278851 2.278005 2.276214 2.272568 2.265432 2.252019 2.227840 2.186105 2.117264 2.009008 1.847188 1.618112 1.312380 0.929731 0.483205 0.000000 
50.000000 41.809037 34.021320 26.980619 20.926347 15.972882 12.114844 9.252735 7.228979 5.864064 4.985287 4.444720 4.126736 3.947697 3.851118 3.801157 3.776349 3.764514 3.759083 3.756685 3.755665 3.755246 3.755080 3.755017 3.754993 3.754985 3.754982 3.754980 3.754977 3.754971 3.754954 3.754912 3.754810 3.754567 3.754011 3.752786 3.750178 3.744835 3.734299 3.714323 3.677959 3.614490 3.508468 3.339375 3.082677 2.713254 2.211901 1.574499 0.821187 0.000000 
50.000000 42.196738 34.777616 28.070117 22.302320 17.583193 13.907624 11.180839 9.252735 7.952307 7.115030 6.599980 6.296998 6.126401 6.034373 5.986765 5.963125 5.951846 5.946671 5.944386 5.943413 5.943014 5.942856 5.942795 5.942773 5.942765 5.942762 5.942760 5.942756 5.942748 5.942726 5.942670 5.942533 5.942207 5.941457 5.939795 5.936238 5.928900 5.914314 5.886403 5.835043 5.744267 5.590420 5.340943 4.955063 4.388200 3.602084 2.581333 1.353227 0.000000 
50.000000 42.744983 35.847098 29.610804 24.248151 19.860456 16.442980 13.907624 12.114844 10.905660 10.127112 9.648176 9.366431 9.207787 9.122204 9.077929 9.055943 9.045453 9.040639 9.038513 9.037609 9.037237 9.037090 9.037034 9.037013 9.037006 9.037003 9.037000 9.036996 9.036986 9.036959 9.036890 9.036719 9.036311 9.035371 9.033275 9.028762 9.019385 9.000591 8.964271 8.896652 8.775469 8.566681 8.221490 7.675384 6.852257 5.678091 4.108707 2.170933 0.000000 
50.000000 43.483929 37.288596 31.687437 26.870901 22.929988 19.860456 17.583193 15.972882 14.886744 14.187403 13.757181 13.504086 13.361570 13.284684 13.244908 13.225154 13.215729 13.211405 13.209495 13.208682 13.208348 13.208216 13.208165 13.208147 13.208140 13.208137 13.208135 13.208130 13.208118 13.208087 13.208008 13.207812 13.207343 13.206256 13.203820 13.198546 13.187510 13.165201 13.121649 13.039555 12.890205 12.628130 12.185072 11.464994 10.344273 8.685264 6.376485 3.412498 0.000000 
50.000000 44.432607 39.139240 34.353516 30.238150 26.870901 24.248151 22.302320 20.926347 19.998247 19.400650 19.033010 18.816724 18.694932 18.629225 18.595230 18.578347 18.570292 18.566595 18.564962 18.564267 18.563982 18.563869 18.563826 18.563810 18.563804 18.563802 18.563799 18.563795 18.563782 18.563750 18.563668 18.563464 18.562973 18.561832 18.559264 18.553672 18.541890 18.517878 18.470524 18.380136 18.213093 17.914120 17.395894 16.526628 15.119075 12.931651 9.708618 5.312307 0.000000 
50.000000 45.592031 41.401010 37.611896 34.353516 31.687437 29.610804 28.070117 26.980619 26.245733 25.772536 25.481419 25.310149 25.213702 25.161668 25.134746 25.121376 25.114996 25.112068 25.110775 25.110224 25.109998 25.109909 25.109875 25.109862 25.109857 25.109855 25.109853 25.109849 25.109838 25.109808 25.109733 25.109544 25.109090 25.108031 25.105636 25.100395 25.089287 25.066478 25.021071 24.933353 24.768717 24.468033 23.932713 23.002174 21.421865 18.805948 14.625155 8.338857 0.000000 
50.000000 46.940291 44.031168 41.401010 39.139240 37.288596 35.847098 34.777616 34.021320 33.511178 33.182689 32.980595 32.861696 32.794740 32.758616 32.739925 32.730642 32.726213 32.724180 32.723282 32.722900 32.722743 32.722681 32.722657 32.722648 32.722645 32.722643 32.722642 32.722639 32.722630 32.722607 32.722549 32.722403 32.722051 32.721227 32.719358 32.715252 32.706509 32.688444 32.652196 32.581447 32.446820 32.196283 31.738391 30.912111 29.430622 26.775855 22.015584 13.606805 0.000000 
50.000000 48.431551 46.940291 45.592031 44.432607 43.483929 42.744983 42.196738 41.809037 41.547519 41.379122 41.275519 41.214565 41.180240 41.161720 41.152137 41.147378 41.145107 41.144065 41.143605 41.143409 41.143328 41.143296 41.143284 41.143280 41.143278 41.143277 41.143277 41.143275 41.143270 41.143258 41.143226 41.143146 41.142953 41.142501 41.141473 41.139209 41.134373 41.124340 41.104102 41.064315 40.987850 40.843511 40.574051 40.071431 39.120300 37.253174 33.333487 24.215775 0.000000 
50.000000 50.000000 50.000000 50.000000 50.000000 50.000000 50.000000 50.000000 50.000000 50.000000 50.000000 50.000000 50.000000 50.000000 50.000000 50.000000 50.000000 50.000000 50.000000 50.000000 50.000000 50.000000 50.000000 50.000000 50.000000 50.000000 50.000000 50.000000 50.000000 50.000000 50.000000 50.000000 50.000000 50.000000 50.000000 50.000000 50.000000 50.000000 50.000000 50.000000 50.000000 50.000000 50.000000 50.000000 50.000000 50.000000 50.000000 50.000000 50.000000 50.000000 
