50.000000 50.000000 50.000000 50.000000 50.000000 50.000000 50.000000 50.000000 50.000000 50.000000 50.000000 50.000000 50.000000 50.000000 50.000000 50.000000 50.000000 50.000000 50.000000 50.000000 50.000000 50.000000 50.000000 50.000000 50.000000 50.000000 50.000000 50.000000 50.000000 50.000000 50.000000 50.000000 50.000000 50.000000 50.000000 50.000000 50.000000 50.000000 50.000000 50.000000 50.000000 50.000000 50.000000 50.000000 50.000000 50.000000 50.000000 50.000000 50.000000 50.000000 
50.000000 48.917796 47.872356 46.896700 46.016998 45.250574 44.605270 44.080093 43.666864 43.352427 43.120977 42.956123 42.842463 42.766581 42.717506 42.686750 42.668062 42.657050 42.650753 42.647258 42.645374 42.644388 42.643885 42.643636 42.643515 42.643456 42.643423 42.643395 42.643355 42.643276 42.643115 42.642788 42.642135 42.640861 42.638427 42.633883 42.625574 42.610682 42.584483 42.539148 42.461785 42.331103 42.111452 41.741369 41.109542 39.999078 37.943381 33.809624 24.458898 0.000000 
50.000000 47.872356 45.816992 43.898828 42.169313 40.662508 39.393829 38.361325 37.548914 36.930731 36.475702 36.151601 35.928148 35.778966 35.682488 35.622022 35.585284 35.563635 35.551256 35.544385 35.540682 35.538742 35.537754 35.537264 35.537026 35.536910 35.536846 35.536793 35.536716 35.536568 35.536266 35.535652 35.534427 35.532039 35.527488 35.519007 35.503536 35.475894 35.427456 35.344073 35.202767 34.966361 34.574477 33.927770 32.859080 31.078706 28.070250 22.908496 14.062732 0.000000 
50.000000 46.896700 43.898828 41.101075 38.578481 36.380727 34.530300 33.024350 31.839420 30.937784 30.274115 29.801411 29.475504 29.257924 29.117212 29.029025 28.975445 28.943870 28.925817 28.915796 28.910395 28.907566 28.906125 28.905411 28.905064 28.904896 28.904804 28.904729 28.904624 28.904423 28.904014 28.903184 28.901532 28.898319 28.892211 28.880862 28.860242 28.823573 28.759704 28.650608 28.467596 28.165554 27.674116 26.884067 25.626588 23.643268 20.550538 15.828578 8.953319 0.000000 
50.000000 46.016998 42.169313 38.578481 35.340815 32.520081 30.145138 28.212327 26.691537 25.534346 24.682577 24.075902 23.657632 23.378392 23.197805 23.084630 23.015867 22.975347 22.952178 22.939319 22.932388 22.928758 22.926909 22.925993 22.925548 22.925332 22.925217 22.925127 22.925003 22.924770 22.924297 22.923340 22.921440 22.917756 22.910776 22.897860 22.874505 22.833226 22.761862 22.641109 22.440965 22.115754 21.597319 20.786160 19.541072 17.670407 14.935212 11.090607 6.017920 0.000000 
50.000000 45.250574 40.662508 36.380727 32.520081 29.156606 26.324711 24.020030 22.206655 20.826843 19.811219 19.087845 18.589123 18.256176 18.040859 17.905920 17.823935 17.775624 17.748001 17.732670 17.724406 17.720078 17.717875 17.716783 17.716253 17.715997 17.715862 17.715762 17.715630 17.715386 17.714894 17.713900 17.711934 17.708134 17.700962 17.687755 17.664009 17.622325 17.550861 17.431179 17.235336 16.922180 16.432970 15.686917 14.578303 12.979009 10.754139 7.803428 4.141032 0.000000 
50.000000 44.605270 39.393829 34.530300 30.145138 26.324711 23.108100 20.490343 18.430649 16.863425 15.709866 14.888256 14.321813 13.943660 13.699112 13.545856 13.452744 13.397876 13.366506 13.349095 13.339710 13.334795 13.332293 13.331053 13.330453 13.330164 13.330014 13.329909 13.329778 13.329541 13.329067 13.328115 13.326238 13.322623 13.315832 13.303388 13.281152 13.242402 13.176547 13.067415 12.891104 12.613537 12.188076 11.554050 10.637794 9.358978 7.646233 5.466059 2.863901 0.000000 
50.000000 44.080093 38.361325 33.024350 28.212327 24.020030 20.490343 17.617817 15.357685 13.637963 12.372170 11.470632 10.849093 10.434164 10.165836 9.997680 9.895516 9.835317 9.800898 9.781795 9.771499 9.766107 9.763362 9.762002 9.761344 9.761029 9.760869 9.760763 9.760640 9.760424 9.759998 9.759145 9.757468 9.754253 9.748241 9.737284 9.717829 9.684174 9.627476 9.534486 9.386086 9.155830 8.808909 8.302267 7.587059 6.615008 5.350234 3.786848 1.968641 0.000000 
50.000000 43.666864 37.548914 31.839420 26.691537 22.206655 18.430649 15.357685 12.939866 11.100176 9.746095 8.781686 8.116810 7.672956 7.385927 7.206053 7.096773 7.032380 6.995565 6.975132 6.964120 6.958353 6.955417 6.953963 6.953260 6.952924 6.952758 6.952654 6.952543 6.952357 6.951995 6.951273 6.949861 6.947163 6.942144 6.933046 6.916993 6.889425 6.843375 6.768589 6.650596 6.469933 6.201855 5.817112 5.284474 4.575782 3.673866 2.582553 1.335761 0.000000 
50.000000 43.352427 36.930731 30.937784 25.534346 20.826843 16.863425 13.637963 11.100176 9.169220 7.747977 6.735745 6.037907 5.572053 5.270802 5.082018 4.967326 4.899745 4.861108 4.839665 4.828108 4.822056 4.818975 4.817449 4.816712 4.816362 4.816191 4.816091 4.815994 4.815842 4.815549 4.814969 4.813840 4.811693 4.807717 4.800548 4.787977 4.766539 4.731017 4.673855 4.584610 4.449579 4.251877 3.972321 3.591507 3.093381 2.470188 1.727965 0.890642 0.000000 
50.000000 43.120977 36.475702 30.274115 24.682577 19.811219 15.709866 12.372170 9.746095 7.747977 6.277314 5.229894 4.507803 4.025765 3.714051 3.518713 3.400041 3.330116 3.290139 3.267953 3.255995 3.249734 3.246546 3.244968 3.244207 3.243846 3.243673 3.243577 3.243495 3.243374 3.243147 3.242704 3.241844 3.240215 3.237212 3.231828 3.222440 3.206538 3.180386 3.138657 3.074123 2.977506 2.837684 2.642451 2.380040 2.041469 1.623507 1.131629 0.581829 0.000000 
50.000000 42.956123 36.151601 29.801411 24.075902 19.087845 14.888256 11.470632 8.781686 6.735745 5.229894 4.157420 3.418064 2.924505 2.605345 2.405342 2.283837 2.212245 2.171314 2.148599 2.136357 2.129946 2.126683 2.125068 2.124289 2.123921 2.123747 2.123655 2.123586 2.123493 2.123325 2.123001 2.122374 2.121192 2.119024 2.115155 2.108446 2.097154 2.078710 2.049508 2.004729 1.938311 1.843156 1.711709 1.536984 1.314040 1.041706 0.724146 0.371640 0.000000 
50.000000 42.842463 35.928148 29.475504 23.657632 18.589123 14.321813 10.849093 8.116810 6.037907 4.507803 3.418064 2.666812 2.165314 1.841023 1.637808 1.514352 1.441610 1.400024 1.376945 1.364506 1.357993 1.354678 1.353037 1.352246 1.351873 1.351698 1.351611 1.351552 1.351482 1.351363 1.351135 1.350697 1.349875 1.348373 1.345705 1.341105 1.333406 1.320911 1.301265 1.271367 1.227385 1.164919 1.079411 0.966798 0.824407 0.651931 0.452254 0.231781 0.000000 
50.000000 42.766581 35.778966 29.257924 23.378392 18.256176 13.943660 10.434164 7.672956 5.572053 4.025765 2.924505 2.165314 1.658521 1.330807 1.125449 1.000692 0.927184 0.885160 0.861838 0.849269 0.842687 0.839337 0.837679 0.836880 0.836505 0.836330 0.836246 0.836195 0.836143 0.836061 0.835906 0.835612 0.835063 0.834063 0.832295 0.829260 0.824209 0.816059 0.803325 0.784076 0.755963 0.716335 0.662508 0.592167 0.503887 0.397682 0.275430 0.141007 0.000000 
50.000000 42.717506 35.682488 29.117212 23.197805 18.040859 13.699113 10.165836 7.385927 5.270802 3.714051 2.605345 1.841023 1.330807 1.000882 0.794139 0.668541 0.594539 0.552232 0.528753 0.516100 0.509474 0.506102 0.504433 0.503629 0.503251 0.503077 0.502995 0.502950 0.502911 0.502856 0.502755 0.502565 0.502211 0.501570 0.500441 0.498513 0.495318 0.490190 0.482223 0.470253 0.452881 0.428552 0.395724 0.353104 0.299946 0.236349 0.163481 0.083623 0.000000 
50.000000 42.686750 35.622022 29.029025 23.084630 17.905920 13.545856 9.997680 7.206053 5.082018 3.518713 2.405342 1.637808 1.125449 0.794139 0.586528 0.460405 0.386093 0.343609 0.320032 0.307326 0.300673 0.297287 0.295611 0.294803 0.294424 0.294250 0.294170 0.294129 0.294100 0.294063 0.293999 0.293880 0.293661 0.293264 0.292569 0.291386 0.289435 0.286319 0.281501 0.274301 0.263909 0.249439 0.230025 0.204958 0.173854 0.136814 0.094534 0.048322 0.000000 
50.000000 42.668062 35.585284 28.975445 23.015867 17.823935 13.452744 9.895517 7.096773 4.967326 3.400041 2.283838 1.514352 1.000692 0.668541 0.460405 0.333962 0.259462 0.216871 0.193235 0.180496 0.173826 0.170432 0.168752 0.167942 0.167563 0.167389 0.167310 0.167272 0.167249 0.167224 0.167185 0.167113 0.166981 0.166744 0.166331 0.165629 0.164478 0.162645 0.159826 0.155633 0.149610 0.141264 0.130121 0.115802 0.098112 0.077126 0.053245 0.027202 0.000000 
50.000000 42.657050 35.563635 28.943870 22.975347 17.775624 13.397877 9.835317 7.032381 4.899746 3.330117 2.212245 1.441611 0.927185 0.594539 0.386093 0.259462 0.184852 0.142197 0.118526 0.105769 0.099089 0.095690 0.094007 0.093197 0.092817 0.092643 0.092565 0.092529 0.092509 0.092493 0.092469 0.092427 0.092350 0.092213 0.091975 0.091573 0.090915 0.089872 0.088274 0.085906 0.082521 0.077849 0.071639 0.063690 0.053907 0.042338 0.029208 0.014915 0.000000 
50.000000 42.650754 35.551256 28.925817 22.952179 17.748002 13.366507 9.800899 6.995566 4.861109 3.290141 2.171316 1.400025 0.885161 0.552233 0.343610 0.216872 0.142198 0.099508 0.075817 0.063049 0.056364 0.052961 0.051277 0.050466 0.050086 0.049913 0.049835 0.049800 0.049783 0.049771 0.049756 0.049732 0.049689 0.049613 0.049480 0.049256 0.048892 0.048317 0.047438 0.046142 0.044294 0.041756 0.038392 0.034103 0.028840 0.022634 0.015605 0.007966 0.000000 
50.000000 42.647259 35.544386 28.915798 22.939321 17.732672 13.349097 9.781798 6.975136 4.839668 3.267956 2.148603 1.376948 0.861842 0.528757 0.320036 0.193238 0.118530 0.075819 0.052117 0.039344 0.032655 0.029251 0.027566 0.026755 0.026375 0.026201 0.026124 0.026089 0.026074 0.026064 0.026055 0.026042 0.026018 0.025977 0.025905 0.025785 0.025589 0.025281 0.024813 0.024123 0.023144 0.021803 0.020033 0.017781 0.015026 0.011785 0.008121 0.004144 0.000000 
50.000000 42.645376 35.540684 28.910399 22.932393 17.724413 13.339717 9.771507 6.964128 4.828116 3.256004 2.136366 1.364516 0.849278 0.516109 0.307335 0.180506 0.105778 0.063057 0.039349 0.026572 0.019882 0.016477 0.014792 0.013981 0.013600 0.013427 0.013350 0.013316 0.013301 0.013293 0.013287 0.013280 0.013267 0.013245 0.013208 0.013145 0.013043 0.012883 0.012640 0.012284 0.011779 0.011090 0.010183 0.009033 0.007629 0.005980 0.004119 0.002101 0.000000 
50.000000 42.644391 35.538749 28.907576 22.928771 17.720094 13.334813 9.766126 6.958373 4.822077 3.249756 2.129969 1.358016 0.842711 0.509498 0.300696 0.173850 0.099113 0.056386 0.032675 0.019896 0.013205 0.009800 0.008115 0.007303 0.006923 0.006749 0.006672 0.006638 0.006624 0.006617 0.006613 0.006609 0.006602 0.006591 0.006571 0.006539 0.006488 0.006407 0.006284 0.006105 0.005851 0.005506 0.005053 0.004480 0.003781 0.002963 0.002040 0.001040 0.000000 
50.000000 42.643894 35.537771 28.906151 22.926941 17.717913 13.332336 9.763409 6.955467 4.819027 3.246600 2.126739 1.354734 0.839394 0.506159 0.297343 0.170489 0.095746 0.053017 0.029304 0.016525 0.009833 0.006428 0.004742 0.003931 0.003550 0.003377 0.003300 0.003266 0.003252 0.003245 0.003242 0.003240 0.003236 0.003230 0.003221 0.003205 0.003179 0.003139 0.003078 0.002989 0.002864 0.002694 0.002471 0.002189 0.001847 0.001446 0.000996 0.000508 0.000000 
50.000000 42.643657 35.537305 28.905470 22.926069 17.716873 13.331154 9.762113 6.954081 4.817572 3.245095 2.125198 1.353168 0.837812 0.504566 0.295744 0.168885 0.094141 0.051410 0.027697 0.014917 0.008225 0.004819 0.003134 0.002322 0.001942 0.001768 0.001691 0.001658 0.001644 0.001637 0.001635 0.001633 0.001631 0.001628 0.001623 0.001615 0.001601 0.001581 0.001550 0.001504 0.001441 0.001355 0.001242 0.001100 0.000928 0.000726 0.000500 0.000255 0.000000 
50.000000 42.643563 35.537120 28.905201 22.925722 17.716460 13.330686 9.761599 6.953531 4.816995 3.244498 2.124586 1.352547 0.837184 0.503935 0.295110 0.168249 0.093504 0.050773 0.027059 0.014279 0.007587 0.004181 0.002496 0.001684 0.001304 0.001130 0.001053 0.001020 0.001006 0.001000 0.000997 0.000995 0.000994 0.000992 0.000989 0.000984 0.000976 0.000963 0.000944 0.000916 0.000877 0.000824 0.000755 0.000669 0.000564 0.000441 0.000304 0.000155 0.000000 
50.000000 42.643563 35.537120 28.905201 22.925722 17.716460 13.330686 9.761599 6.953531 4.816995 3.244498 2.124586 1.352547 0.837184 0.503935 0.295110 0.168249 0.093504 0.050773 0.027059 0.014279 0.007587 0.004181 0.002496 0.001684 0.001304 0.001130 0.001053 0.001020 0.001006 0.001000 0.000997 0.000995 0.000994 0.000992 0.000989 0.000984 0.000976 0.000963 0.000944 0.000916 0.000877 0.000824 0.000755 0.000669 0.000564 0.000441 0.000304 0.000155 0.000000 
50.000000 42.643657 35.537305 28.905470 22.926069 17.716873 13.331154 9.762113 6.954081 4.817572 3.245095 2.125198 1.353168 0.837812 0.504566 0.295744 0.168885 0.094141 0.051410 0.027697 0.014917 0.008225 0.004819 0.003134 0.002322 0.001942 0.001768 0.001691 0.001658 0.001644 0.001637 0.001635 0.001633 0.001631 0.001628 0.001623 0.001615 0.001601 0.001581 0.001550 0.001504 0.001441 0.001355 0.001242 0.001100 0.000928 0.000726 0.000500 0.000255 0.000000 
50.000000 42.643894 35.537771 28.906151 22.926941 17.717913 13.332336 9.763409 6.955467 4.819027 3.246600 2.126739 1.354734 0.839394 0.506159 0.297343 0.170489 0.095746 0.053017 0.029304 0.016525 0.009833 0.006428 0.004742 0.003931 0.003550 0.003377 0.003300 0.003266 0.003252 0.003245 0.003242 0.003240 0.003236 0.003230 0.003221 0.003205 0.003179 0.003139 0.003078 0.002989 0.002864 0.002694 0.002471 0.002189 0.001847 0.001446 0.000996 0.000508 0.000000 
50.000000 42.644391 35.538749 28.907576 22.928771 17.720094 13.334813 9.766126 6.958373 4.822077 3.249756 2.129969 1.358016 0.842711 0.509498 0.300696 0.173850 0.099113 0.056386 0.032675 0.019896 0.013205 0.009800 0.008115 0.007303 0.006923 0.006749 0.006672 0.006638 0.006624 0.006617 0.006613 0.006609 0.006602 0.006591 0.006571 0.006539 0.006488 0.006407 0.006284 0.006105 0.005851 0.005506 0.005053 0.004480 0.003781 0.002963 0.002040 0.001040 0.000000 
50.000000 42.645376 35.540684 28.910399 22.932393 17.724413 13.339717 9.771507 6.964128 4.828116 3.256004 2.136366 1.364516 0.849278 0.516109 0.307335 0.180506 0.105778 0.063057 0.039349 0.026572 0.019882 0.016477 0.014792 0.013981 0.013600 0.013427 0.013350 0.013316 0.013301 0.013293 0.013287 0.013280 0.013267 0.013245 0.013208 0.013145 0.013043 0.012883 0.012640 0.012284 0.011779 0.011090 0.010183 0.009033 0.007629 0.005980 0.004119 0.002101 0.000000 
50.000000 42.647259 35.544386 28.915798 22.939321 17.732672 13.349097 9.781798 6.975136 4.839668 3.267956 2.148603 1.376948 0.861842 0.528757 0.320036 0.193238 0.118530 0.075819 0.052117 0.039344 0.032655 0.029251 0.027566 0.026755 0.026375 0.026201 0.026124 0.026089 0.026074 0.026064 0.026055 0.026042 0.026018 0.025977 0.025905 0.025785 0.025589 0.025281 0.024813 0.024123 0.023144 0.021803 0.020033 0.017781 0.015026 0.011785 0.008121 0.004144 0.000000 
50.000000 42.650754 35.551256 28.925817 22.952179 17.748002 13.366507 9.800899 6.995566 4.861109 3.290141 2.171316 1.400025 0.885161 0.552233 0.343610 0.216872 0.142198 0.099508 0.075817 0.063049 0.056364 0.052961 0.051277 0.050466 0.050086 0.049913 0.049835 0.049800 0.049783 0.049771 0.049756 0.049732 0.049689 0.049613 0.049480 0.049256 0.048892 0.048317 0.047438 0.046142 0.044294 0.041756 0.038392 0.034103 0.028840 0.022634 0.015605 0.007966 0.000000 
50.000000 42.657050 35.563635 28.943870 22.975347 17.775624 13.397877 9.835317 7.032381 4.899746 3.330117 2.212245 1.441611 0.927185 0.594539 0.386093 0.259462 0.184852 0.142197 0.118526 0.105769 0.099089 0.095690 0.094007 0.093197 0.092817 0.092643 0.092565 0.092529 0.092509 0.092493 0.092469 0.092427 0.092350 0.092213 0.091975 0.091573 0.090915 0.089872 0.088274 0.085906 0.082521 0.077849 0.071639 0.063690 0.053907 0.042338 0.029208 0.014915 0.000000 
50.000000 42.668062 35.585284 28.975445 23.015867 17.823935 13.452744 9.895517 7.096773 4.967326 3.400041 2.283838 1.514352 1.000692 0.668541 0.460405 0.333962 0.259462 0.216871 0.193235 0.180496 0.173826 0.170432 0.168752 0.167942 0.167563 0.167389 0.167310 0.167272 0.167249 0.167224 0.167185 0.167113 0.166981 0.166744 0.166331 0.165629 0.164478 0.162645 0.159826 0.155633 0.149610 0.141264 0.130121 0.115802 0.098112 0.077126 0.053245 0.027202 0.000000 
50.000000 42.686750 35.622022 29.029025 23.084630 17.905920 13.545856 9.997680 7.206053 5.082018 3.518713 2.405342 1.637808 1.125449 0.794139 0.586528 0.460405 0.386093 0.343609 0.320032 0.307326 0.300673 0.297287 0.295611 0.294803 0.294424 0.294250 0.294170 0.294129 0.294100 0.294063 0.293999 0.293880 0.293661 0.293264 0.292569 0.291386 0.289435 0.286319 0.281501 0.274301 0.263909 0.249439 0.230025 0.204958 0.173854 0.136814 0.094534 0.048322 0.000000 
50.000000 42.717506 35.682488 29.117212 23.197805 18.040859 13.699113 10.165836 7.385927 5.270802 3.714051 2.605345 1.841023 1.330807 1.000882 0.794139 0.668541 0.594539 0.552232 0.528753 0.516100 0.509474 0.506102 0.504433 0.503629 0.503251 0.503077 0.502995 0.502950 0.502911 0.502856 0.502755 0.502565 0.502211 0.501570 0.500441 0.498513 0.495318 0.490190 0.482223 0.470253 0.452881 0.428552 0.395724 0.353104 0.299946 0.236349 0.163481 0.083623 0.000000 
50.000000 42.766581 35.778966 29.257924 23.378392 18.256176 13.943660 10.434164 7.672956 5.572053 4.025765 2.924505 2.165314 1.658521 1.330807 1.125449 1.000692 0.927184 0.885160 0.861838 0.849269 0.842687 0.839337 0.837679 0.836880 0.836505 0.836330 0.836246 0.836195 0.836143 0.836061 0.835906 0.835612 0.835063 0.834063 0.832295 0.829260 0.824209 0.816059 0.803325 0.784076 0.755963 0.716335 0.662508 0.592167 0.503887 0.397682 0.275430 0.141007 0.000000 
50.000000 42.842463 35.928148 29.475504 23.657632 18.589123 14.321813 10.849093 8.116810 6.037907 4.507803 3.418064 2.666812 2.165314 1.841023 1.637808 1.514352 1.441610 1.400024 1.376945 1.364506 1.357993 1.354678 1.353037 1.352246 1.351873 1.351698 1.351611 1.351552 1.351482 1.351363 1.351135 1.350697 1.349875 1.348373 1.345705 1.341105 1.333406 1.320911 1.301265 1.271367 1.227385 1.164919 1.079411 0.966798 0.824407 0.651931 0.452254 0.231781 0.000000 
50.000000 42.956123 36.151601 29.801411 24.075902 19.087845 14.888256 11.470632 8.781686 6.735745 5.229894 4.157420 3.418064 2.924505 2.605345 2.405342 2.283837 2.212245 2.171314 2.148599 2.136357 2.129946 2.126683 2.125068 2.124289 2.123921 2.123747 2.123655 2.123586 2.123493 2.123325 2.123001 2.122374 2.121192 2.119024 2.115155 2.108446 2.097154 2.078710 2.049508 2.004729 1.938311 1.843156 1.711709 1.536984 1.314040 1.041706 0.724146 0.371640 0.000000 
50.000000 43.120977 36.475702 30.274115 24.682577 19.811219 15.709866 12.372170 9.746095 7.747977 6.277314 5.229894 4.507803 4.025765 3.714051 3.518713 3.400041 3.330116 3.290139 3.267953 3.255995 3.249734 3.246546 3.244968 3.244207 3.243846 3.243673 3.243577 3.243495 3.243374 3.243147 3.242704 3.241844 3.240215 3.237212 3.231828 3.222440 3.206538 3.180386 3.138657 3.074123 2.977506 2.837684 2.642451 2.380040 2.041469 1.623507 1.131629 0.581829 0.000000 
50.000000 43.352427 36.930731 30.937784 25.534346 20.826843 16.863425 13.637963 11.100176 9.169220 7.747977 6.735745 6.037907 5.572053 5.270802 5.082018 4.967326 4.899745 4.861108 4.839665 4.828108 4.822056 4.818975 4.817449 4.816712 4.816362 4.816191 4.816091 4.815994 4.815842 4.815549 4.814969 4.813840 4.811693 4.807717 4.800548 4.787977 4.766539 4.731017 4.673855 4.584610 4.449579 4.251877 3.972321 3.591507 3.093381 2.470188 1.727965 0.890642 0.000000 
50.000000 43.666864 37.548914 31.839420 26.691537 22.206655 18.430649 15.357685 12.939866 11.100176 9.746095 8.781686 8.116810 7.672956 7.385927 7.206053 7.096773 7.032380 6.995565 6.975132 6.964120 6.958353 6.955417 6.953963 6.953260 6.952924 6.952758 6.952654 6.952543 6.952357 6.951995 6.951273 6.949861 6.947163 6.942144 6.933046 6.916993 6.889425 6.843375 6.768589 6.650596 6.469933 6.201855 5.817112 5.284474 4.575782 3.673866 2.582553 1.335761 0.000000 
50.000000 44.080093 38.361325 33.024350 28.212327 24.020030 20.490343 17.617817 15.357685 13.637963 12.372170 11.470632 10.849093 10.434164 10.165836 9.997680 9.895516 9.835317 9.800898 9.781795 9.771499 9.766107 9.763362 9.762002 9.761344 9.761029 9.760869 9.760763 9.760640 9.760424 9.759998 9.759145 9.757468 9.754253 9.748241 9.737284 9.717829 9.684174 9.627476 9.534486 9.386086 9.155830 8.808909 8.302267 7.587059 6.615008 5.350234 3.786848 1.968641 0.000000 
50.000000 44.605270 39.393829 34.530300 30.145138 26.324711 23.108100 20.490343 18.430649 16.863425 15.709866 14.888256 14.321813 13.943660 13.699112 13.545856 13.452744 13.397876 13.366506 13.349095 13.339710 13.334795 13.332293 13.331053 13.330453 13.330164 13.330014 13.329909 13.329778 13.329541 13.329067 13.328115 13.326238 13.322623 13.315832 13.303388 13.281152 13.242402 13.176547 13.067415 12.891104 12.613537 12.188076 11.554050 10.637794 9.358978 7.646233 5.466059 2.863901 0.000000 
50.000000 45.250574 40.662508 36.380727 32.520081 29.156606 26.324711 24.020030 22.206655 20.826843 19.811219 19.087845 18.589123 18.256176 18.040859 17.905920 17.823935 17.775624 17.748001 17.732670 17.724406 17.720078 17.717875 17.716783 17.716253 17.715997 17.715862 17.715762 17.715630 17.715386 17.714894 17.713900 17.711934 17.708134 17.700962 17.687755 17.664009 17.622325 17.550861 17.431179 17.235336 16.922180 16.432970 15.686917 14.578303 12.979009 10.754139 7.803428 4.141032 0.000000 
50.000000 46.016998 42.169313 38.578481 35.340815 32.520081 30.145138 28.212327 26.691537 25.534346 24.682577 24.075902 23.657632 23.378392 23.197805 23.084630 23.015867 22.975347 22.952178 22.939319 22.932388 22.928758 22.926909 22.925993 22.925548 22.925332 22.925217 22.925127 22.925003 22.924770 22.924297 22.923340 22.921440 22.917756 22.910776 22.897860 22.874505 22.833226 22.761862 22.641109 22.440965 22.115754 21.597319 20.786160 19.541072 17.670407 14.935212 11.090607 6.017920 0.000000 
50.000000 46.896700 43.898828 41.101075 38.578481 36.380727 34.530300 33.024350 31.839420 30.937784 30.274115 29.801411 29.475504 29.257924 29.117212 29.029025 28.975445 28.943870 28.925817 28.915796 28.910395 28.907566 28.906125 28.905411 28.905064 28.904896 28.904804 28.904729 28.904624 28.904423 28.904014 28.903184 28.901532 28.898319 28.892211 28.880862 28.860242 28.823573 28.759704 28.650608 28.467596 28.165554 27.674116 26.884067 25.626588 23.643268 20.550538 15.828578 8.953319 0.000000 
50.000000 47.872356 45.816992 43.898828 42.169313 40.662508 39.393829 38.361325 37.548914 36.930731 36.475702 36.151601 35.928148 35.778966 35.682488 35.622022 35.585284 35.563635 35.551256 35.544385 35.540682 35.538742 35.537754 35.537264 35.537026 35.536910 35.536846 35.536793 35.536716 35.536568 35.536266 35.535652 35.534427 35.532039 35.527488 35.519007 35.503536 35.475894 35.427456 35.344073 35.202767 34.966361 34.574477 33.927770 32.859080 31.078706 28.070250 22.908496 14.062732 0.000000 
50.000000 48.917796 47.872356 46.896700 46.016998 45.250574 44.605270 44.080093 43.666864 43.352427 43.120977 42.956123 42.842463 42.766581 42.717506 42.686750 42.668062 42.657050 42.650753 42.647258 42.645374 42.644388 42.643885 42.643636 42.643515 42.643456 42.643423 42.643395 42.643355 42.643276 42.643115 42.642788 42.642135 42.640861 42.638427 42.633883 42.625574 42.610682 42.584483 42.539148 42.461785 42.331103 42.111452 41.741369 41.109542 39.999078 37.943381 33.809624 24.458898 0.000000 
50.000000 50.000000 50.000000 50.000000 50.000000 50.000000 50.000000 50.000000 50.000000 50.000000 50.000000 50.000000 50.000000 50.000000 50.000000 50.000000 50.000000 50.000000 50.000000 50.000000 50.000000 50.000000 50.000000 50.000000 50.000000 50.000000 50.000000 50.000000 50.000000 50.000000 50.000000 50.000000 50.000000 50.000000 50.000000 50.000000 50.000000 50.000000 50.000000 50.000000 50.000000 50.000000 50.000000 50.000000 50.000000 50.000000 50.000000 50.000000 50.000000 50.000000 
