50.000000 50.000000 50.000000 50.000000 50.000000 50.000000 50.000000 50.000000 50.000000 50.000000 50.000000 50.000000 50.000000 50.000000 50.000000 50.000000 50.000000 50.000000 50.000000 50.000000 50.000000 50.000000 50.000000 50.000000 50.000000 50.000000 50.000000 50.000000 50.000000 50.000000 50.000000 50.000000 50.000000 50.000000 50.000000 50.000000 50.000000 50.000000 50.000000 50.000000 50.000000 50.000000 50.000000 50.000000 50.000000 50.000000 50.000000 50.000000 50.000000 50.000000 
50.000000 46.238216 42.919270 40.330338 38.538007 37.431180 36.818007 36.511451 36.372321 36.314675 36.292754 36.285065 36.282567 36.281811 36.281598 36.281542 36.281528 36.281524 36.281524 36.281523 36.281523 36.281523 36.281523 36.281523 36.281523 36.281523 36.281523 36.281523 36.281523 36.281523 36.281523 36.281523 36.281523 36.281523 36.281522 36.281519 36.281505 36.281449 36.281237 36.280482 36.277942 36.269882 36.245744 36.177339 35.992905 35.515054 34.305076 31.231656 23.119108 0.000000 
50.000000 42.919270 36.672204 31.799380 28.426077 26.343085 25.189217 24.612392 24.350627 24.242181 24.200946 24.186486 24.181787 24.180367 24.179965 24.179859 24.179833 24.179827 24.179825 24.179825 24.179825 24.179825 24.179825 24.179825 24.179825 24.179825 24.179825 24.179825 24.179825 24.179825 24.179825 24.179825 24.179825 24.179825 24.179824 24.179818 24.179796 24.179707 24.179373 24.178188 24.174235 24.161828 24.125246 24.023909 23.759953 23.112299 21.612296 18.336102 11.687615 0.000000 
50.000000 40.330338 31.799380 25.145428 20.539449 17.695559 16.120372 15.333027 14.975777 14.827795 14.771536 14.751810 14.745402 14.743465 14.742918 14.742773 14.742737 14.742729 14.742727 14.742727 14.742727 14.742727 14.742727 14.742727 14.742727 14.742727 14.742727 14.742727 14.742727 14.742727 14.742727 14.742727 14.742726 14.742726 14.742725 14.742719 14.742696 14.742605 14.742263 14.741061 14.737089 14.724793 14.689196 14.593041 14.351268 13.787196 12.572714 10.187084 6.025263 0.000000 
50.000000 38.538007 28.426077 20.539449 15.080638 11.710529 9.844106 8.911318 8.488139 8.312876 8.246258 8.222904 8.215318 8.213025 8.212378 8.212207 8.212165 8.212155 8.212153 8.212152 8.212152 8.212152 8.212152 8.212152 8.212152 8.212152 8.212152 8.212152 8.212152 8.212152 8.212152 8.212152 8.212152 8.212152 8.212151 8.212146 8.212128 8.212054 8.211782 8.210834 8.207734 8.198271 8.171362 8.100371 7.927377 7.540319 6.752253 5.313778 3.022953 0.000000 
50.000000 37.431180 26.343085 17.695559 11.710529 8.015896 5.969974 4.947605 4.483850 4.291811 4.218828 4.193246 4.184938 4.182428 4.181719 4.181532 4.181485 4.181475 4.181472 4.181472 4.181472 4.181472 4.181472 4.181472 4.181472 4.181472 4.181472 4.181472 4.181472 4.181471 4.181471 4.181471 4.181471 4.181471 4.181471 4.181468 4.181455 4.181407 4.181227 4.180606 4.178597 4.172543 4.155606 4.111837 4.007948 3.783152 3.344291 2.583132 1.438275 0.000000 
50.000000 36.818007 25.189217 16.120372 9.844106 5.969974 3.824838 2.752997 2.266853 2.065565 1.989076 1.962269 1.953565 1.950935 1.950193 1.949997 1.949948 1.949937 1.949934 1.949933 1.949933 1.949933 1.949933 1.949933 1.949933 1.949933 1.949933 1.949933 1.949933 1.949933 1.949933 1.949933 1.949933 1.949933 1.949933 1.949931 1.949924 1.949896 1.949794 1.949445 1.948325 1.944989 1.935787 1.912419 1.858137 1.743735 1.527331 1.165309 0.640668 0.000000 
50.000000 36.511451 24.612392 15.333027 8.911318 4.947605 2.752997 1.656508 1.159221 0.953336 0.875106 0.847691 0.838790 0.836101 0.835343 0.835142 0.835092 0.835080 0.835078 0.835077 0.835077 0.835077 0.835077 0.835077 0.835077 0.835077 0.835077 0.835077 0.835077 0.835077 0.835077 0.835077 0.835077 0.835077 0.835077 0.835076 0.835072 0.835059 0.835008 0.834835 0.834286 0.832667 0.828254 0.817210 0.791999 0.739956 0.643830 0.487146 0.265707 0.000000 
50.000000 36.372321 24.350627 14.975777 8.488139 4.483850 2.266853 1.159221 0.656902 0.448942 0.369928 0.342240 0.333250 0.330535 0.329769 0.329567 0.329516 0.329504 0.329502 0.329501 0.329501 0.329501 0.329501 0.329501 0.329501 0.329501 0.329501 0.329501 0.329501 0.329501 0.329501 0.329501 0.329501 0.329501 0.329501 0.329501 0.329499 0.329493 0.329470 0.329394 0.329154 0.328451 0.326554 0.321864 0.311307 0.289868 0.250984 0.188799 0.102439 0.000000 
50.000000 36.314675 24.242181 14.827795 8.312876 4.291811 2.065565 0.953336 0.448942 0.240129 0.160793 0.132992 0.123967 0.121240 0.120471 0.120268 0.120217 0.120206 0.120203 0.120202 0.120202 0.120202 0.120202 0.120202 0.120202 0.120202 0.120202 0.120202 0.120202 0.120202 0.120202 0.120202 0.120202 0.120202 0.120202 0.120202 0.120201 0.120199 0.120190 0.120160 0.120064 0.119788 0.119049 0.117240 0.113214 0.105142 0.090706 0.067946 0.036733 0.000000 
50.000000 36.292754 24.200946 14.771536 8.246258 4.218828 1.989076 0.875106 0.369928 0.160793 0.081335 0.053492 0.044453 0.041723 0.040952 0.040749 0.040698 0.040686 0.040684 0.040683 0.040683 0.040683 0.040683 0.040683 0.040683 0.040683 0.040683 0.040683 0.040683 0.040683 0.040683 0.040683 0.040683 0.040683 0.040683 0.040683 0.040683 0.040682 0.040679 0.040668 0.040633 0.040534 0.040271 0.039631 0.038222 0.035424 0.030476 0.022758 0.012272 0.000000 
50.000000 36.285065 24.186486 14.751810 8.222904 4.193246 1.962269 0.847691 0.342240 0.132992 0.053492 0.025635 0.016591 0.013859 0.013088 0.012885 0.012834 0.012822 0.012820 0.012819 0.012819 0.012819 0.012819 0.012819 0.012819 0.012819 0.012819 0.012819 0.012819 0.012819 0.012819 0.012819 0.012819 0.012819 0.012819 0.012819 0.012819 0.012818 0.012817 0.012814 0.012802 0.012770 0.012683 0.012475 0.012019 0.011121 0.009547 0.007113 0.003828 0.000000 
50.000000 36.282567 24.181787 14.745402 8.215318 4.184938 1.953565 0.838790 0.333250 0.123967 0.044453 0.016591 0.007545 0.004813 0.004042 0.003839 0.003788 0.003776 0.003773 0.003773 0.003773 0.003773 0.003773 0.003773 0.003773 0.003773 0.003773 0.003773 0.003773 0.003773 0.003773 0.003773 0.003773 0.003773 0.003773 0.003773 0.003773 0.003773 0.003772 0.003771 0.003768 0.003758 0.003731 0.003668 0.003531 0.003264 0.002797 0.002080 0.001118 0.000000 
50.000000 36.281811 24.180367 14.743465 8.213025 4.182428 1.950935 0.836101 0.330535 0.121240 0.041723 0.013859 0.004813 0.002081 0.001310 0.001106 0.001056 0.001044 0.001041 0.001040 0.001040 0.001040 0.001040 0.001040 0.001040 0.001040 0.001040 0.001040 0.001040 0.001040 0.001040 0.001040 0.001040 0.001040 0.001040 0.001040 0.001040 0.001040 0.001040 0.001040 0.001039 0.001036 0.001029 0.001011 0.000972 0.000898 0.000768 0.000571 0.000306 0.000000 
50.000000 36.281598 24.179965 14.742918 8.212378 4.181719 1.950193 0.835343 0.329769 0.120471 0.040952 0.013088 0.004042 0.001310 0.000539 0.000335 0.000285 0.000273 0.000270 0.000270 0.000270 0.000270 0.000270 0.000270 0.000270 0.000270 0.000270 0.000270 0.000270 0.000270 0.000270 0.000270 0.000270 0.000270 0.000270 0.000270 0.000270 0.000270 0.000270 0.000269 0.000269 0.000268 0.000266 0.000262 0.000252 0.000232 0.000199 0.000147 0.000079 0.000000 
50.000000 36.281542 24.179859 14.742773 8.212207 4.181532 1.949997 0.835142 0.329567 0.120268 0.040749 0.012885 0.003839 0.001106 0.000335 0.000132 0.000081 0.000069 0.000067 0.000066 0.000066 0.000066 0.000066 0.000066 0.000066 0.000066 0.000066 0.000066 0.000066 0.000066 0.000066 0.000066 0.000066 0.000066 0.000066 0.000066 0.000066 0.000066 0.000066 0.000066 0.000066 0.000066 0.000065 0.000064 0.000061 0.000057 0.000048 0.000036 0.000019 0.000000 
50.000000 36.281528 24.179833 14.742737 8.212165 4.181485 1.949948 0.835092 0.329516 0.120217 0.040698 0.012834 0.003788 0.001056 0.000285 0.000081 0.000030 0.000019 0.000016 0.000015 0.000015 0.000015 0.000015 0.000015 0.000015 0.000015 0.000015 0.000015 0.000015 0.000015 0.000015 0.000015 0.000015 0.000015 0.000015 0.000015 0.000015 0.000015 0.000015 0.000015 0.000015 0.000015 0.000015 0.000015 0.000014 0.000013 0.000011 0.000008 0.000004 0.000000 
50.000000 36.281524 24.179827 14.742729 8.212155 4.181475 1.949937 0.835080 0.329504 0.120206 0.040686 0.012822 0.003776 0.001044 0.000273 0.000069 0.000019 0.000007 0.000004 0.000003 0.000003 0.000003 0.000003 0.000003 0.000003 0.000003 0.000003 0.000003 0.000003 0.000003 0.000003 0.000003 0.000003 0.000003 0.000003 0.000003 0.000003 0.000003 0.000003 0.000003 0.000003 0.000003 0.000003 0.000003 0.000003 0.000003 0.000002 0.000002 0.000001 0.000000 
50.000000 36.281524 24.179825 14.742727 8.212153 4.181472 1.949934 0.835078 0.329502 0.120203 0.040684 0.012820 0.003773 0.001041 0.000270 0.000067 0.000016 0.000004 0.000001 0.000001 0.000001 0.000001 0.000001 0.000001 0.000001 0.000001 0.000001 0.000001 0.000001 0.000001 0.000001 0.000001 0.000001 0.000001 0.000001 0.000001 0.000001 0.000001 0.000001 0.000001 0.000001 0.000001 0.000001 0.000001 0.000001 0.000001 0.000001 0.000000 0.000000 0.000000 
50.000000 36.281523 24.179825 14.742727 8.212152 4.181472 1.949933 0.835077 0.329501 0.120202 0.040683 0.012819 0.003773 0.001040 0.000270 0.000066 0.000015 0.000003 0.000001 0.000000 0.000000 0.000000 0.000000 0.000000 0.000000 0.000000 0.000000 0.000000 0.000000 0.000000 0.000000 0.000000 0.000000 0.000000 0.000000 0.000000 0.000000 0.000000 0.000000 0.000000 0.000000 0.000000 0.000000 0.000000 0.000000 0.000000 0.000000 0.000000 0.000000 0.000000 
50.000000 36.281523 24.179825 14.742727 8.212152 4.181472 1.949933 0.835077 0.329501 0.120202 0.040683 0.012819 0.003773 0.001040 0.000270 0.000066 0.000015 0.000003 0.000001 0.000000 0.000000 0.000000 0.000000 0.000000 0.000000 0.000000 0.000000 0.000000 0.000000 0.000000 0.000000 0.000000 0.000000 0.000000 0.000000 0.000000 0.000000 0.000000 0.000000 0.000000 0.000000 0.000000 0.000000 0.000000 0.000000 0.000000 0.000000 0.000000 0.000000 0.000000 
50.000000 36.281523 24.179825 14.742727 8.212152 4.181472 1.949933 0.835077 0.329501 0.120202 0.040683 0.012819 0.003773 0.001040 0.000270 0.000066 0.000015 0.000003 0.000001 0.000000 0.000000 0.000000 0.000000 0.000000 0.000000 0.000000 0.000000 0.000000 0.000000 0.000000 0.000000 0.000000 0.000000 0.000000 0.000000 0.000000 0.000000 0.000000 0.000000 0.000000 0.000000 0.000000 0.000000 0.000000 0.000000 0.000000 0.000000 0.000000 0.000000 0.000000 
50.000000 36.281523 24.179825 14.742727 8.212152 4.181472 1.949933 0.835077 0.329501 0.120202 0.040683 0.012819 0.003773 0.001040 0.000270 0.000066 0.000015 0.000003 0.000001 0.000000 0.000000 0.000000 0.000000 0.000000 0.000000 0.000000 0.000000 0.000000 0.000000 0.000000 0.000000 0.000000 0.000000 0.000000 0.000000 0.000000 0.000000 0.000000 0.000000 0.000000 0.000000 0.000000 0.000000 0.000000 0.000000 0.000000 0.000000 0.000000 0.000000 0.000000 
50.000000 36.281523 24.179825 14.742727 8.212152 4.181472 1.949933 0.835077 0.329501 0.120202 0.040683 0.012819 0.003773 0.001040 0.000270 0.000066 0.000015 0.000003 0.000001 0.000000 0.000000 0.000000 0.000000 0.000000 0.000000 0.000000 0.000000 0.000000 0.000000 0.000000 0.000000 0.000000 0.000000 0.000000 0.000000 0.000000 0.000000 0.000000 0.000000 0.000000 0.000000 0.000000 0.000000 0.000000 0.000000 0.000000 0.000000 0.000000 0.000000 0.000000 
50.000000 36.281523 24.179825 14.742727 8.212152 4.181472 1.949933 0.835077 0.329501 0.120202 0.040683 0.012819 0.003773 0.001040 0.000270 0.000066 0.000015 0.000003 0.000001 0.000000 0.000000 0.000000 0.000000 0.000000 0.000000 0.000000 0.000000 0.000000 0.000000 0.000000 0.000000 0.000000 0.000000 0.000000 0.000000 0.000000 0.000000 0.000000 0.000000 0.000000 0.000000 0.000000 0.000000 0.000000 0.000000 0.000000 0.000000 0.000000 0.000000 0.000000 
50.000000 36.281523 24.179825 14.742727 8.212152 4.181472 1.949933 0.835077 0.329501 0.120202 0.040683 0.012819 0.003773 0.001040 0.000270 0.000066 0.000015 0.000003 0.000001 0.000000 0.000000 0.000000 0.000000 0.000000 0.000000 0.000000 0.000000 0.000000 0.000000 0.000000 0.000000 0.000000 0.000000 0.000000 0.000000 0.000000 0.000000 0.000000 0.000000 0.000000 0.000000 0.000000 0.000000 0.000000 0.000000 0.000000 0.000000 0.000000 0.000000 0.000000 
50.000000 36.281523 24.179825 14.742727 8.212152 4.181472 1.949933 0.835077 0.329501 0.120202 0.040683 0.012819 0.003773 0.001040 0.000270 0.000066 0.000015 0.000003 0.000001 0.000000 0.000000 0.000000 0.000000 0.000000 0.000000 0.000000 0.000000 0.000000 0.000000 0.000000 0.000000 0.000000 0.000000 0.000000 0.000000 0.000000 0.000000 0.000000 0.000000 0.000000 0.000000 0.000000 0.000000 0.000000 0.000000 0.000000 0.000000 0.000000 0.000000 0.000000 
50.000000 36.281523 24.179825 14.742727 8.212152 4.181472 1.949933 0.835077 0.329501 0.120202 0.040683 0.012819 0.003773 0.001040 0.000270 0.000066 0.000015 0.000003 0.000001 0.000000 0.000000 0.000000 0.000000 0.000000 0.000000 0.000000 0.000000 0.000000 0.000000 0.000000 0.000000 0.000000 0.000000 0.000000 0.000000 0.000000 0.000000 0.000000 0.000000 0.000000 0.000000 0.000000 0.000000 0.000000 0.000000 0.000000 0.000000 0.000000 0.000000 0.000000 
50.000000 36.281523 24.179825 14.742727 8.212152 4.181472 1.949933 0.835077 0.329501 0.120202 0.040683 0.012819 0.003773 0.001040 0.000270 0.000066 0.000015 0.000003 0.000001 0.000000 0.000000 0.000000 0.000000 0.000000 0.000000 0.000000 0.000000 0.000000 0.000000 0.000000 0.000000 0.000000 0.000000 0.000000 0.000000 0.000000 0.000000 0.000000 0.000000 0.000000 0.000000 0.000000 0.000000 0.000000 0.000000 0.000000 0.000000 0.000000 0.000000 0.000000 
50.000000 36.281523 24.179825 14.742727 8.212152 4.181472 1.949933 0.835077 0.329501 0.120202 0.040683 0.012819 0.003773 0.001040 0.000270 0.000066 0.000015 0.000003 0.000001 0.000000 0.000000 0.000000 0.000000 0.000000 0.000000 0.000000 0.000000 0.000000 0.000000 0.000000 0.000000 0.000000 0.000000 0.000000 0.000000 0.000000 0.000000 0.000000 0.000000 0.000000 0.000000 0.000000 0.000000 0.000000 0.000000 0.000000 0.000000 0.000000 0.000000 0.000000 
50.000000 36.281523 24.179825 14.742727 8.212152 4.181472 1.949933 0.835077 0.329501 0.120202 0.040683 0.012819 0.003773 0.001040 0.000270 0.000066 0.000015 0.000003 0.000001 0.000000 0.000000 0.000000 0.000000 0.000000 0.000000 0.000000 0.000000 0.000000 0.000000 0.000000 0.000000 0.000000 0.000000 0.000000 0.000000 0.000000 0.000000 0.000000 0.000000 0.000000 0.000000 0.000000 0.000000 0.000000 0.000000 0.000000 0.000000 0.000000 0.000000 0.000000 
50.000000 36.281524 24.179825 14.742727 8.212153 4.181472 1.949934 0.835078 0.329502 0.120203 0.040684 0.012820 0.003773 0.001041 0.000270 0.000067 0.000016 0.000004 0.000001 0.000001 0.000001 0.000001 0.000001 0.000001 0.000001 0.000001 0.000001 0.000001 0.000001 0.000001 0.000001 0.000001 0.000001 0.000001 0.000001 0.000001 0.000001 0.000001 0.000001 0.000001 0.000001 0.000001 0.000001 0.000001 0.000001 0.000001 0.000001 0.000000 0.000000 0.000000 
50.000000 36.281524 24.179827 14.742729 8.212155 4.181475 1.949937 0.835080 0.329504 0.120206 0.040686 0.012822 0.003776 0.001044 0.000273 0.000069 0.000019 0.000007 0.000004 0.000003 0.000003 0.000003 0.000003 0.000003 0.000003 0.000003 0.000003 0.000003 0.000003 0.000003 0.000003 0.000003 0.000003 0.000003 0.000003 0.000003 0.000003 0.000003 0.000003 0.000003 0.000003 0.000003 0.000003 0.000003 0.000003 0.000003 0.000002 0.000002 0.000001 0.000000 
50.000000 36.281528 24.179833 14.742737 8.212165 4.181485 1.949948 0.835092 0.329516 0.120217 0.040698 0.012834 0.003788 0.001056 0.000285 0.000081 0.000030 0.000019 0.000016 0.000015 0.000015 0.000015 0.000015 0.000015 0.000015 0.000015 0.000015 0.000015 0.000015 0.000015 0.000015 0.000015 0.000015 0.000015 0.000015 0.000015 0.000015 0.000015 0.000015 0.000015 0.000015 0.000015 0.000015 0.000015 0.000014 0.000013 0.000011 0.000008 0.000004 0.000000 
50.000000 36.281542 24.179859 14.742773 8.212207 4.181532 1.949997 0.835142 0.329567 0.120268 0.040749 0.012885 0.003839 0.001106 0.000335 0.000132 0.000081 0.000069 0.000067 0.000066 0.000066 0.000066 0.000066 0.000066 0.000066 0.000066 0.000066 0.000066 0.000066 0.000066 0.000066 0.000066 0.000066 0.000066 0.000066 0.000066 0.000066 0.000066 0.000066 0.000066 0.000066 0.000066 0.000065 0.000064 0.000061 0.000057 0.000048 0.000036 0.000019 0.000000 
50.000000 36.281598 24.179965 14.742918 8.212378 4.181719 1.950193 0.835343 0.329769 0.120471 0.040952 0.013088 0.004042 0.001310 0.000539 0.000335 0.000285 0.000273 0.000270 0.000270 0.000270 0.000270 0.000270 0.000270 0.000270 0.000270 0.000270 0.000270 0.000270 0.000270 0.000270 0.000270 0.000270 0.000270 0.000270 0.000270 0.000270 0.000270 0.000270 0.000269 0.000269 0.000268 0.000266 0.000262 0.000252 0.000232 0.000199 0.000147 0.000079 0.000000 
50.000000 36.281811 24.180367 14.743465 8.213025 4.182428 1.950935 0.836101 0.330535 0.121240 0.041723 0.013859 0.004813 0.002081 0.001310 0.001106 0.001056 0.001044 0.001041 0.001040 0.001040 0.001040 0.001040 0.001040 0.001040 0.001040 0.001040 0.001040 0.001040 0.001040 0.001040 0.001040 0.001040 0.001040 0.001040 0.001040 0.001040 0.001040 0.001040 0.001040 0.001039 0.001036 0.001029 0.001011 0.000972 0.000898 0.000768 0.000571 0.000306 0.000000 
50.000000 36.282567 24.181787 14.745402 8.215318 4.184938 1.953565 0.838790 0.333250 0.123967 0.044453 0.016591 0.007545 0.004813 0.004042 0.003839 0.003788 0.003776 0.003773 0.003773 0.003773 0.003773 0.003773 0.003773 0.003773 0.003773 0.003773 0.003773 0.003773 0.003773 0.003773 0.003773 0.003773 0.003773 0.003773 0.003773 0.003773 0.003773 0.003772 0.003771 0.003768 0.003758 0.003731 0.003668 0.003531 0.003264 0.002797 0.002080 0.001118 0.000000 
50.000000 36.285065 24.186486 14.751810 8.222904 4.193246 1.962269 0.847691 0.342240 0.132992 0.053492 0.025635 0.016591 0.013859 0.013088 0.012885 0.012834 0.012822 0.012820 0.012819 0.012819 0.012819 0.012819 0.012819 0.012819 0.012819 0.012819 0.012819 0.012819 0.012819 0.012819 0.012819 0.012819 0.012819 0.012819 0.012819 0.012819 0.012818 0.012817 0.012814 0.012802 0.012770 0.012683 0.012475 0.012019 0.011121 0.009547 0.007113 0.003828 0.000000 
50.000000 36.292754 24.200946 14.771536 8.246258 4.218828 1.989076 0.875106 0.369928 0.160793 0.081335 0.053492 0.044453 0.041723 0.040952 0.040749 0.040698 0.040686 0.040684 0.040683 0.040683 0.040683 0.040683 0.040683 0.040683 0.040683 0.040683 0.040683 0.040683 0.040683 0.040683 0.040683 0.040683 0.040683 0.040683 0.040683 0.040683 0.040682 0.040679 0.040668 0.040633 0.040534 0.040271 0.039631 0.038222 0.035424 0.030476 0.022758 0.012272 0.000000 
50.000000 36.314675 24.242181 14.827795 8.312876 4.291811 2.065565 0.953336 0.448942 0.240129 0.160793 0.132992 0.123967 0.121240 0.120471 0.120268 0.120217 0.120206 0.120203 0.120202 0.120202 0.120202 0.120202 0.120202 0.120202 0.120202 0.120202 0.120202 0.120202 0.120202 0.120202 0.120202 0.120202 0.120202 0.120202 0.120202 0.120201 0.120199 0.120190 0.120160 0.120064 0.119788 0.119049 0.117240 0.113214 0.105142 0.090706 0.067946 0.036733 0.000000 
50.000000 36.372321 24.350627 14.975777 8.488139 4.483850 2.266853 1.159221 0.656902 0.448942 0.369928 0.342240 0.333250 0.330535 0.329769 0.329567 0.329516 0.329504 0.329502 0.329501 0.329501 0.329501 0.329501 0.329501 0.329501 0.329501 0.329501 0.329501 0.329501 0.329501 0.329501 0.329501 0.329501 0.329501 0.329501 0.329501 0.329499 0.329493 0.329470 0.329394 0.329154 0.328451 0.326554 0.321864 0.311307 0.289868 0.250984 0.188799 0.102439 0.000000 
50.000000 36.511451 24.612392 15.333027 8.911318 4.947605 2.752997 1.656508 1.159221 0.953336 0.875106 0.847691 0.838790 0.836101 0.835343 0.835142 0.835092 0.835080 0.835078 0.835077 0.835077 0.835077 0.835077 0.835077 0.835077 0.835077 0.835077 0.835077 0.835077 0.835077 0.835077 0.835077 0.835077 0.835077 0.835077 0.835076 0.835072 0.835059 0.835008 0.834835 0.834286 0.832667 0.828254 0.817210 0.791999 0.739956 0.643830 0.487146 0.265707 0.000000 
50.000000 36.818007 25.189217 16.120372 9.844106 5.969974 3.824838 2.752997 2.266853 2.065565 1.989076 1.962269 1.953565 1.950935 1.950193 1.949997 1.949948 1.949937 1.949934 1.949933 1.949933 1.949933 1.949933 1.949933 1.949933 1.949933 1.949933 1.949933 1.949933 1.949933 1.949933 1.949933 1.949933 1.949933 1.949933 1.949931 1.949924 1.949896 1.949794 1.949445 1.948325 1.944989 1.935787 1.912419 1.858137 1.743735 1.527331 1.165309 0.640668 0.000000 
50.000000 37.431180 26.343085 17.695559 11.710529 8.015896 5.969974 4.947605 4.483850 4.291811 4.218828 4.193246 4.184938 4.182428 4.181719 4.181532 4.181485 4.181475 4.181472 4.181472 4.181472 4.181472 4.181472 4.181472 4.181472 4.181472 4.181472 4.181472 4.181472 4.181471 4.181471 4.181471 4.181471 4.181471 4.181471 4.181468 4.181455 4.181407 4.181227 4.180606 4.178597 4.172543 4.155606 4.111837 4.007948 3.783152 3.344291 2.583132 1.438275 0.000000 
50.000000 38.538007 28.426077 20.539449 15.080638 11.710529 9.844106 8.911318 8.488139 8.312876 8.246258 8.222904 8.215318 8.213025 8.212378 8.212207 8.212165 8.212155 8.212153 8.212152 8.212152 8.212152 8.212152 8.212152 8.212152 8.212152 8.212152 8.212152 8.212152 8.212152 8.212152 8.212152 8.212152 8.212152 8.212151 8.212146 8.212128 8.212054 8.211782 8.210834 8.207734 8.198271 8.171362 8.100371 7.927377 7.540319 6.752253 5.313778 3.022953 0.000000 
50.000000 40.330338 31.799380 25.145428 20.539449 17.695559 16.120372 15.333027 14.975777 14.827795 14.771536 14.751810 14.745402 14.743465 14.742918 14.742773 14.742737 14.742729 14.742727 14.742727 14.742727 14.742727 14.742727 14.742727 14.742727 14.742727 14.742727 14.742727 14.742727 14.742727 14.742727 14.742727 14.742726 14.742726 14.742725 14.742719 14.742696 14.742605 14.742263 14.741061 14.737089 14.724793 14.689196 14.593041 14.351268 13.787196 12.572714 10.187084 6.025263 0.000000 
50.000000 42.919270 36.672204 31.799380 28.426077 26.343085 25.189217 24.612392 24.350627 24.242181 24.200946 24.186486 24.181787 24.180367 24.179965 24.179859 24.179833 24.179827 24.179825 24.179825 24.179825 24.179825 24.179825 24.179825 24.179825 24.179825 24.179825 24.179825 24.179825 24.179825 24.179825 24.179825 24.179825 24.179825 24.179824 24.179818 24.179796 24.179707 24.179373 24.178188 24.174235 24.161828 24.125246 24.023909 23.759953 23.112299 21.612296 18.336102 11.687615 0.000000 
50.000000 46.238216 42.919270 40.330338 38.538007 37.431180 36.818007 36.511451 36.372321 36.314675 36.292754 36.285065 36.282567 36.281811 36.281598 36.281542 36.281528 36.281524 36.281524 36.281523 36.281523 36.281523 36.281523 36.281523 36.281523 36.281523 36.281523 36.281523 36.281523 36.281523 36.281523 36.281523 36.281523 36.281523 36.281522 36.281519 36.281505 36.281449 36.281237 36.280482 36.277942 36.269882 36.245744 36.177339 35.992905 35.515054 34.305076 31.231656 23.119108 0.000000 
50.000000 50.000000 50.000000 50.000000 50.000000 50.000000 50.000000 50.000000 50.000000 50.000000 50.000000 50.000000 50.000000 50.000000 50.000000 50.000000 50.000000 50.000000 50.000000 50.000000 50.000000 50.000000 50.000000 50.000000 50.000000 50.000000 50.000000 50.000000 50.000000 50.000000 50.000000 50.000000 50.000000 50.000000 50.000000 50.000000 50.000000 50.000000 50.000000 50.000000 50.000000 50.000000 50.000000 50.000000 50.000000 50.000000 50.000000 50.000000 50.000000 50.000000 
