50.000000 50.000000 50.000000 50.000000 50.000000 50.000000 50.000000 50.000000 50.000000 50.000000 50.000000 50.000000 50.000000 50.000000 50.000000 50.000000 50.000000 50.000000 50.000000 50.000000 50.000000 50.000000 50.000000 50.000000 50.000000 50.000000 50.000000 50.000000 50.000000 50.000000 50.000000 50.000000 50.000000 50.000000 50.000000 50.000000 50.000000 50.000000 50.000000 50.000000 50.000000 50.000000 50.000000 50.000000 50.000000 50.000000 50.000000 50.000000 50.000000 50.000000 
50.000000 48.598622 47.258874 46.034266 44.963844 44.068869 43.352870 42.804539 42.402369 42.119718 41.929251 41.806111 41.729678 41.684098 41.657966 41.643551 41.635894 41.631975 41.630041 41.629120 41.628696 41.628508 41.628427 41.628393 41.628379 41.628374 41.628371 41.628369 41.628364 41.628352 41.628322 41.628253 41.628091 41.627727 41.626929 41.625230 41.621715 41.614633 41.600731 41.574100 41.524190 41.432372 41.265751 40.965366 40.421737 39.418670 37.488760 33.496667 24.299311 0.000000 
50.000000 47.258874 44.638301 42.242949 40.149192 38.398618 36.998126 35.925599 35.138965 34.586112 34.213568 33.972714 33.823218 33.734070 33.682959 33.654764 33.639789 33.632125 33.628342 33.626540 33.625712 33.625343 33.625185 33.625119 33.625092 33.625081 33.625076 33.625071 33.625062 33.625040 33.624986 33.624857 33.624559 33.623888 33.622421 33.619304 33.612869 33.599947 33.574685 33.526546 33.436964 33.273776 32.981785 32.466364 31.563793 29.985684 27.214122 22.319151 13.762207 0.000000 
50.000000 46.034266 42.242949 38.777478 35.748353 33.215740 31.189615 29.637979 28.499958 27.700155 27.161209 26.812779 26.596514 26.467551 26.393615 26.352830 26.331168 26.320082 26.314610 26.312004 26.310805 26.310272 26.310043 26.309948 26.309909 26.309894 26.309886 26.309880 26.309868 26.309838 26.309767 26.309598 26.309207 26.308329 26.306414 26.302360 26.294022 26.277357 26.244977 26.183756 26.070995 25.868377 25.512569 24.900747 23.868758 22.159967 19.388739 15.028827 8.545505 0.000000 
50.000000 44.963844 40.149192 35.748353 31.901657 28.685505 26.112563 24.142187 22.697066 21.681448 20.997085 20.554650 20.280042 20.116293 20.022414 19.970630 19.943127 19.929051 19.922104 19.918796 19.917274 19.916597 19.916306 19.916185 19.916136 19.916116 19.916107 19.916100 19.916086 19.916053 19.915974 19.915787 19.915354 19.914386 19.912281 19.907843 19.898759 19.880716 19.845918 19.780742 19.662132 19.452286 19.091193 18.486757 17.503167 15.950828 13.588386 10.163507 5.545174 0.000000 
50.000000 44.068869 38.398618 33.215740 28.685505 24.897891 21.867807 19.547377 17.845543 16.649528 15.843620 15.322618 14.999252 14.806433 14.695890 14.634916 14.602533 14.585960 14.577781 14.573885 14.572094 14.571297 14.570955 14.570812 14.570755 14.570732 14.570721 14.570713 14.570699 14.570667 14.570589 14.570403 14.569977 14.569026 14.566968 14.562648 14.553856 14.536509 14.503332 14.441822 14.331290 14.138810 13.814141 13.284218 12.448945 11.182338 9.346982 6.834825 3.647132 0.000000 
50.000000 43.352870 36.998126 31.189615 26.112563 21.867807 18.472048 15.871618 13.964458 12.624166 11.721058 11.137229 10.774879 10.558817 10.434954 10.366634 10.330350 10.311781 10.302618 10.298254 10.296246 10.295354 10.294971 10.294811 10.294746 10.294721 10.294709 10.294701 10.294689 10.294659 10.294588 10.294421 10.294038 10.293185 10.291349 10.287513 10.279752 10.264550 10.235723 10.182827 10.088956 9.927962 9.661396 9.236024 8.583589 7.625806 6.288868 4.531761 2.387503 0.000000 
50.000000 42.804539 35.925599 29.637979 24.142187 19.547377 15.871618 13.056805 10.992446 9.541705 8.564193 7.932277 7.540090 7.306244 7.172188 7.098248 7.058980 7.038885 7.028969 7.024246 7.022074 7.021109 7.020694 7.020521 7.020451 7.020424 7.020412 7.020404 7.020393 7.020368 7.020309 7.020169 7.019850 7.019142 7.017625 7.014471 7.008132 6.995802 6.972618 6.930502 6.856648 6.731758 6.528403 6.210222 5.733236 5.050994 4.125410 2.943814 1.538788 0.000000 
50.000000 42.402369 35.138965 28.499958 22.697066 17.845543 13.964458 10.992446 8.812830 7.281114 6.249060 5.581898 5.167844 4.920965 4.779441 4.701384 4.659931 4.638718 4.628250 4.623266 4.620973 4.619954 4.619516 4.619334 4.619260 4.619231 4.619219 4.619212 4.619203 4.619183 4.619137 4.619027 4.618779 4.618230 4.617058 4.614637 4.609797 4.600450 4.583017 4.551649 4.497244 4.406415 4.260688 4.036496 3.706733 3.244780 2.631581 1.865190 0.969997 0.000000 
50.000000 42.119718 34.586112 27.700155 21.681448 16.649528 12.624166 9.541705 7.281114 5.692517 4.622152 3.930236 3.500828 3.244798 3.098032 3.017085 2.974098 2.952101 2.941247 2.936078 2.933701 2.932644 2.932190 2.932001 2.931925 2.931895 2.931883 2.931876 2.931869 2.931855 2.931820 2.931740 2.931558 2.931158 2.930307 2.928557 2.925081 2.918413 2.906071 2.884057 2.846258 2.783870 2.685057 2.535210 2.318237 2.019317 1.629160 1.149148 0.595528 0.000000 
50.000000 41.929251 34.213568 27.161209 20.997085 15.843620 11.721058 8.564193 6.249060 4.622152 3.525988 2.817406 2.377660 2.115471 1.965177 1.882286 1.838267 1.815743 1.804628 1.799335 1.796901 1.795820 1.795355 1.795161 1.795083 1.795052 1.795040 1.795034 1.795029 1.795019 1.794995 1.794939 1.794813 1.794537 1.793953 1.792758 1.790398 1.785897 1.777627 1.762994 1.738095 1.697411 1.633691 1.538231 1.401798 1.216343 0.977453 0.687023 0.355151 0.000000 
50.000000 41.806111 33.972714 26.812779 20.554650 15.322618 11.137229 7.932277 5.581898 3.930236 2.817406 2.098056 1.651634 1.385469 1.232897 1.148751 1.104066 1.081201 1.069919 1.064547 1.062076 1.060978 1.060506 1.060309 1.060230 1.060199 1.060187 1.060182 1.060178 1.060171 1.060155 1.060118 1.060035 1.059855 1.059475 1.058700 1.057179 1.054294 1.049028 1.039778 1.024165 0.998880 0.959659 0.901507 0.819286 0.708732 0.567801 0.398029 0.205379 0.000000 
50.000000 41.729678 33.823218 26.596514 20.280042 14.999252 10.774879 7.540090 5.167844 3.500828 2.377660 1.651634 1.201073 0.932442 0.778458 0.693535 0.648438 0.625362 0.613976 0.608554 0.606061 0.604953 0.604476 0.604278 0.604198 0.604167 0.604155 0.604150 0.604147 0.604142 0.604132 0.604109 0.604057 0.603945 0.603710 0.603232 0.602298 0.600537 0.597340 0.591762 0.582415 0.567394 0.544288 0.510328 0.462743 0.399327 0.319156 0.223271 0.115045 0.000000 
50.000000 41.684098 33.734070 26.467551 20.116293 14.806433 10.558817 7.306244 4.920965 3.244798 2.115471 1.385469 0.932442 0.662343 0.507519 0.422132 0.376790 0.353589 0.342141 0.336690 0.334183 0.333069 0.332590 0.332391 0.332310 0.332279 0.332267 0.332262 0.332259 0.332256 0.332250 0.332237 0.332206 0.332139 0.332000 0.331719 0.331171 0.330144 0.328290 0.325073 0.319717 0.311168 0.298112 0.279065 0.252577 0.217533 0.173530 0.121200 0.062384 0.000000 
50.000000 41.657966 33.682959 26.393615 20.022414 14.695890 10.434954 7.172188 4.779441 3.098032 1.965177 1.232897 0.778458 0.507519 0.352214 0.266562 0.221079 0.197807 0.186324 0.180856 0.178341 0.177223 0.176743 0.176543 0.176463 0.176431 0.176419 0.176415 0.176412 0.176411 0.176407 0.176399 0.176382 0.176344 0.176265 0.176107 0.175800 0.175226 0.174196 0.172418 0.169475 0.164805 0.157716 0.147441 0.133242 0.114571 0.091255 0.063655 0.032736 0.000000 
50.000000 41.643551 33.654764 26.352830 19.970630 14.634916 10.366634 7.098248 4.701384 3.017085 1.882286 1.148751 0.693535 0.422132 0.266562 0.180765 0.135205 0.111893 0.100390 0.094913 0.092394 0.091275 0.090794 0.090593 0.090513 0.090481 0.090469 0.090465 0.090463 0.090461 0.090459 0.090455 0.090446 0.090425 0.090382 0.090297 0.090132 0.089825 0.089276 0.088333 0.086779 0.084326 0.080623 0.075285 0.067948 0.058349 0.046416 0.032344 0.016622 0.000000 
50.000000 41.635894 33.639789 26.331168 19.943127 14.602533 10.330350 7.058980 4.659931 2.974098 1.838267 1.104066 0.648438 0.376790 0.221079 0.135205 0.089604 0.066271 0.054758 0.049276 0.046755 0.045634 0.045153 0.044953 0.044872 0.044840 0.044828 0.044824 0.044822 0.044821 0.044820 0.044818 0.044813 0.044802 0.044780 0.044736 0.044650 0.044493 0.044211 0.043730 0.042941 0.041701 0.039838 0.037164 0.033506 0.028741 0.022839 0.015902 0.008168 0.000000 
50.000000 41.631975 33.632125 26.320082 19.929051 14.585960 10.311781 7.038885 4.638718 2.952101 1.815743 1.081201 0.625362 0.353589 0.197807 0.111893 0.066271 0.042927 0.031409 0.025924 0.023402 0.022281 0.021800 0.021599 0.021518 0.021487 0.021475 0.021470 0.021469 0.021468 0.021467 0.021466 0.021464 0.021458 0.021447 0.021425 0.021383 0.021305 0.021166 0.020930 0.020544 0.019940 0.019035 0.017743 0.015982 0.013697 0.010875 0.007566 0.003884 0.000000 
50.000000 41.630041 33.628342 26.314610 19.922104 14.577781 10.302618 7.028969 4.628250 2.941247 1.804628 1.069919 0.613976 0.342141 0.186324 0.100390 0.054758 0.031409 0.019888 0.014402 0.011880 0.010759 0.010277 0.010076 0.009995 0.009964 0.009952 0.009947 0.009946 0.009945 0.009945 0.009944 0.009943 0.009940 0.009935 0.009924 0.009904 0.009867 0.009801 0.009689 0.009507 0.009223 0.008800 0.008197 0.007377 0.006317 0.005012 0.003485 0.001789 0.000000 
50.000000 41.629120 33.626540 26.312004 19.918796 14.573886 10.298254 7.024246 4.623266 2.936078 1.799336 1.064547 0.608554 0.336690 0.180856 0.094913 0.049276 0.025925 0.014402 0.008916 0.006393 0.005272 0.004790 0.004589 0.004509 0.004477 0.004465 0.004461 0.004459 0.004458 0.004458 0.004458 0.004457 0.004456 0.004454 0.004449 0.004439 0.004422 0.004392 0.004341 0.004258 0.004129 0.003938 0.003665 0.003297 0.002821 0.002237 0.001555 0.000798 0.000000 
50.000000 41.628696 33.625712 26.310806 19.917274 14.572094 10.296247 7.022074 4.620973 2.933701 1.796902 1.062076 0.606061 0.334183 0.178341 0.092394 0.046755 0.023403 0.011880 0.006393 0.003870 0.002749 0.002267 0.002066 0.001986 0.001954 0.001942 0.001938 0.001936 0.001936 0.001935 0.001935 0.001935 0.001934 0.001933 0.001931 0.001927 0.001919 0.001906 0.001883 0.001847 0.001790 0.001706 0.001588 0.001427 0.001221 0.000967 0.000672 0.000345 0.000000 
50.000000 41.628508 33.625344 26.310273 19.916598 14.571298 10.295355 7.021110 4.619955 2.932645 1.795820 1.060979 0.604954 0.333070 0.177224 0.091276 0.045635 0.022282 0.010759 0.005273 0.002749 0.001628 0.001146 0.000946 0.000865 0.000833 0.000821 0.000817 0.000815 0.000815 0.000814 0.000814 0.000814 0.000814 0.000814 0.000813 0.000811 0.000808 0.000802 0.000792 0.000777 0.000753 0.000717 0.000667 0.000599 0.000512 0.000406 0.000282 0.000144 0.000000 
50.000000 41.628427 33.625186 26.310045 19.916308 14.570957 10.294973 7.020696 4.619518 2.932192 1.795357 1.060508 0.604479 0.332592 0.176745 0.090796 0.045155 0.021802 0.010279 0.004792 0.002269 0.001148 0.000666 0.000465 0.000384 0.000353 0.000341 0.000336 0.000335 0.000334 0.000334 0.000334 0.000334 0.000334 0.000334 0.000333 0.000332 0.000331 0.000329 0.000325 0.000318 0.000308 0.000294 0.000273 0.000245 0.000209 0.000166 0.000115 0.000059 0.000000 
50.000000 41.628394 33.625121 26.309951 19.916189 14.570817 10.294816 7.020527 4.619340 2.932008 1.795168 1.060316 0.604285 0.332397 0.176550 0.090600 0.044959 0.021606 0.010083 0.004596 0.002073 0.000951 0.000469 0.000269 0.000188 0.000157 0.000145 0.000140 0.000139 0.000138 0.000138 0.000138 0.000138 0.000138 0.000138 0.000138 0.000137 0.000137 0.000136 0.000134 0.000131 0.000127 0.000121 0.000112 0.000101 0.000086 0.000068 0.000047 0.000024 0.000000 
50.000000 41.628383 33.625099 26.309919 19.916148 14.570768 10.294762 7.020468 4.619277 2.931943 1.795101 1.060249 0.604217 0.332329 0.176481 0.090531 0.044891 0.021537 0.010014 0.004527 0.002004 0.000883 0.000401 0.000200 0.000119 0.000088 0.000076 0.000071 0.000070 0.000069 0.000069 0.000069 0.000069 0.000069 0.000069 0.000069 0.000069 0.000068 0.000068 0.000067 0.000066 0.000064 0.000061 0.000056 0.000050 0.000043 0.000034 0.000024 0.000012 0.000000 
50.000000 41.628383 33.625099 26.309919 19.916148 14.570768 10.294762 7.020468 4.619277 2.931943 1.795101 1.060249 0.604217 0.332329 0.176481 0.090531 0.044891 0.021537 0.010014 0.004527 0.002004 0.000883 0.000401 0.000200 0.000119 0.000088 0.000076 0.000071 0.000070 0.000069 0.000069 0.000069 0.000069 0.000069 0.000069 0.000069 0.000069 0.000068 0.000068 0.000067 0.000066 0.000064 0.000061 0.000056 0.000050 0.000043 0.000034 0.000024 0.000012 0.000000 
50.000000 41.628394 33.625121 26.309951 19.916189 14.570817 10.294816 7.020527 4.619340 2.932008 1.795168 1.060316 0.604285 0.332397 0.176550 0.090600 0.044959 0.021606 0.010083 0.004596 0.002073 0.000951 0.000469 0.000269 0.000188 0.000157 0.000145 0.000140 0.000139 0.000138 0.000138 0.000138 0.000138 0.000138 0.000138 0.000138 0.000137 0.000137 0.000136 0.000134 0.000131 0.000127 0.000121 0.000112 0.000101 0.000086 0.000068 0.000047 0.000024 0.000000 
50.000000 41.628427 33.625186 26.310045 19.916308 14.570957 10.294973 7.020696 4.619518 2.932192 1.795357 1.060508 0.604479 0.332592 0.176745 0.090796 0.045155 0.021802 0.010279 0.004792 0.002269 0.001148 0.000666 0.000465 0.000384 0.000353 0.000341 0.000336 0.000335 0.000334 0.000334 0.000334 0.000334 0.000334 0.000334 0.000333 0.000332 0.000331 0.000329 0.000325 0.000318 0.000308 0.000294 0.000273 0.000245 0.000209 0.000166 0.000115 0.000059 0.000000 
50.000000 41.628508 33.625344 26.310273 19.916598 14.571298 10.295355 7.021110 4.619955 2.932645 1.795820 1.060979 0.604954 0.333070 0.177224 0.091276 0.045635 0.022282 0.010759 0.005273 0.002749 0.001628 0.001146 0.000946 0.000865 0.000833 0.000821 0.000817 0.000815 0.000815 0.000814 0.000814 0.000814 0.000814 0.000814 0.000813 0.000811 0.000808 0.000802 0.000792 0.000777 0.000753 0.000717 0.000667 0.000599 0.000512 0.000406 0.000282 0.000144 0.000000 
50.000000 41.628696 33.625712 26.310806 19.917274 14.572094 10.296247 7.022074 4.620973 2.933701 1.796902 1.062076 0.606061 0.334183 0.178341 0.092394 0.046755 0.023403 0.011880 0.006393 0.003870 0.002749 0.002267 0.002066 0.001986 0.001954 0.001942 0.001938 0.001936 0.001936 0.001935 0.001935 0.001935 0.001934 0.001933 0.001931 0.001927 0.001919 0.001906 0.001883 0.001847 0.001790 0.001706 0.001588 0.001427 0.001221 0.000967 0.000672 0.000345 0.000000 
50.000000 41.629120 33.626540 26.312004 19.918796 14.573886 10.298254 7.024246 4.623266 2.936078 1.799336 1.064547 0.608554 0.336690 0.180856 0.094913 0.049276 0.025925 0.014402 0.008916 0.006393 0.005272 0.004790 0.004589 0.004509 0.004477 0.004465 0.004461 0.004459 0.004458 0.004458 0.004458 0.004457 0.004456 0.004454 0.004449 0.004439 0.004422 0.004392 0.004341 0.004258 0.004129 0.003938 0.003665 0.003297 0.002821 0.002237 0.001555 0.000798 0.000000 
50.000000 41.630041 33.628342 26.314610 19.922104 14.577781 10.302618 7.028969 4.628250 2.941247 1.804628 1.069919 0.613976 0.342141 0.186324 0.100390 0.054758 0.031409 0.019888 0.014402 0.011880 0.010759 0.010277 0.010076 0.009995 0.009964 0.009952 0.009947 0.009946 0.009945 0.009945 0.009944 0.009943 0.009940 0.009935 0.009924 0.009904 0.009867 0.009801 0.009689 0.009507 0.009223 0.008800 0.008197 0.007377 0.006317 0.005012 0.003485 0.001789 0.000000 
50.000000 41.631975 33.632125 26.320082 19.929051 14.585960 10.311781 7.038885 4.638718 2.952101 1.815743 1.081201 0.625362 0.353589 0.197807 0.111893 0.066271 0.042927 0.031409 0.025924 0.023402 0.022281 0.021800 0.021599 0.021518 0.021487 0.021475 0.021470 0.021469 0.021468 0.021467 0.021466 0.021464 0.021458 0.021447 0.021425 0.021383 0.021305 0.021166 0.020930 0.020544 0.019940 0.019035 0.017743 0.015982 0.013697 0.010875 0.007566 0.003884 0.000000 
50.000000 41.635894 33.639789 26.331168 19.943127 14.602533 10.330350 7.058980 4.659931 2.974098 1.838267 1.104066 0.648438 0.376790 0.221079 0.135205 0.089604 0.066271 0.054758 0.049276 0.046755 0.045634 0.045153 0.044953 0.044872 0.044840 0.044828 0.044824 0.044822 0.044821 0.044820 0.044818 0.044813 0.044802 0.044780 0.044736 0.044650 0.044493 0.044211 0.043730 0.042941 0.041701 0.039838 0.037164 0.033506 0.028741 0.022839 0.015902 0.008168 0.000000 
50.000000 41.643551 33.654764 26.352830 19.970630 14.634916 10.366634 7.098248 4.701384 3.017085 1.882286 1.148751 0.693535 0.422132 0.266562 0.180765 0.135205 0.111893 0.100390 0.094913 0.092394 0.091275 0.090794 0.090593 0.090513 0.090481 0.090469 0.090465 0.090463 0.090461 0.090459 0.090455 0.090446 0.090425 0.090382 0.090297 0.090132 0.089825 0.089276 0.088333 0.086779 0.084326 0.080623 0.075285 0.067948 0.058349 0.046416 0.032344 0.016622 0.000000 
50.000000 41.657966 33.682959 26.393615 20.022414 14.695890 10.434954 7.172188 4.779441 3.098032 1.965177 1.232897 0.778458 0.507519 0.352214 0.266562 0.221079 0.197807 0.186324 0.180856 0.178341 0.177223 0.176743 0.176543 0.176463 0.176431 0.176419 0.176415 0.176412 0.176411 0.176407 0.176399 0.176382 0.176344 0.176265 0.176107 0.175800 0.175226 0.174196 0.172418 0.169475 0.164805 0.157716 0.147441 0.133242 0.114571 0.091255 0.063655 0.032736 0.000000 
50.000000 41.684098 33.734070 26.467551 20.116293 14.806433 10.558817 7.306244 4.920965 3.244798 2.115471 1.385469 0.932442 0.662343 0.507519 0.422132 0.376790 0.353589 0.342141 0.336690 0.334183 0.333069 0.332590 0.332391 0.332310 0.332279 0.332267 0.332262 0.332259 0.332256 0.332250 0.332237 0.332206 0.332139 0.332000 0.331719 0.331171 0.330144 0.328290 0.325073 0.319717 0.311168 0.298112 0.279065 0.252577 0.217533 0.173530 0.121200 0.062384 0.000000 
50.000000 41.729678 33.823218 26.596514 20.280042 14.999252 10.774879 7.540090 5.167844 3.500828 2.377660 1.651634 1.201073 0.932442 0.778458 0.693535 0.648438 0.625362 0.613976 0.608554 0.606061 0.604953 0.604476 0.604278 0.604198 0.604167 0.604155 0.604150 0.604147 0.604142 0.604132 0.604109 0.604057 0.603945 0.603710 0.603232 0.602298 0.600537 0.597340 0.591762 0.582415 0.567394 0.544288 0.510328 0.462743 0.399327 0.319156 0.223271 0.115045 0.000000 
50.000000 41.806111 33.972714 26.812779 20.554650 15.322618 11.137229 7.932277 5.581898 3.930236 2.817406 2.098056 1.651634 1.385469 1.232897 1.148751 1.104066 1.081201 1.069919 1.064547 1.062076 1.060978 1.060506 1.060309 1.060230 1.060199 1.060187 1.060182 1.060178 1.060171 1.060155 1.060118 1.060035 1.059855 1.059475 1.058700 1.057179 1.054294 1.049028 1.039778 1.024165 0.998880 0.959659 0.901507 0.819286 0.708732 0.567801 0.398029 0.205379 0.000000 
50.000000 41.929251 34.213568 27.161209 20.997085 15.843620 11.721058 8.564193 6.249060 4.622152 3.525988 2.817406 2.377660 2.115471 1.965177 1.882286 1.838267 1.815743 1.804628 1.799335 1.796901 1.795820 1.795355 1.795161 1.795083 1.795052 1.795040 1.795034 1.795029 1.795019 1.794995 1.794939 1.794813 1.794537 1.793953 1.792758 1.790398 1.785897 1.777627 1.762994 1.738095 1.697411 1.633691 1.538231 1.401798 1.216343 0.977453 0.687023 0.355151 0.000000 
50.000000 42.119718 34.586112 27.700155 21.681448 16.649528 12.624166 9.541705 7.281114 5.692517 4.622152 3.930236 3.500828 3.244798 3.098032 3.017085 2.974098 2.952101 2.941247 2.936078 2.933701 2.932644 2.932190 2.932001 2.931925 2.931895 2.931883 2.931876 2.931869 2.931855 2.931820 2.931740 2.931558 2.931158 2.930307 2.928557 2.925081 2.918413 2.906071 2.884057 2.846258 2.783870 2.685057 2.535210 2.318237 2.019317 1.629160 1.149148 0.595528 0.000000 
50.000000 42.402369 35.138965 28.499958 22.697066 17.845543 13.964458 10.992446 8.812830 7.281114 6.249060 5.581898 5.167844 4.920965 4.779441 4.701384 4.659931 4.638718 4.628250 4.623266 4.620973 4.619954 4.619516 4.619334 4.619260 4.619231 4.619219 4.619212 4.619203 4.619183 4.619137 4.619027 4.618779 4.618230 4.617058 4.614637 4.609797 4.600450 4.583017 4.551649 4.497244 4.406415 4.260688 4.036496 3.706733 3.244780 2.631581 1.865190 0.969997 0.000000 
50.000000 42.804539 35.925599 29.637979 24.142187 19.547377 15.871618 13.056805 10.992446 9.541705 8.564193 7.932277 7.540090 7.306244 7.172188 7.098248 7.058980 7.038885 7.028969 7.024246 7.022074 7.021109 7.020694 7.020521 7.020451 7.020424 7.020412 7.020404 7.020393 7.020368 7.020309 7.020169 7.019850 7.019142 7.017625 7.014471 7.008132 6.995802 6.972618 6.930502 6.856648 6.731758 6.528403 6.210222 5.733236 5.050994 4.125410 2.943814 1.538788 0.000000 
50.000000 43.352870 36.998126 31.189615 26.112563 21.867807 18.472048 15.871618 13.964458 12.624166 11.721058 11.137229 10.774879 10.558817 10.434954 10.366634 10.330350 10.311781 10.302618 10.298254 10.296246 10.295354 10.294971 10.294811 10.294746 10.294721 10.294709 10.294701 10.294689 10.294659 10.294588 10.294421 10.294038 10.293185 10.291349 10.287513 10.279752 10.264550 10.235723 10.182827 10.088956 9.927962 9.661396 9.236024 8.583589 7.625806 6.288868 4.531761 2.387503 0.000000 
50.000000 44.068869 38.398618 33.215740 28.685505 24.897891 21.867807 19.547377 17.845543 16.649528 15.843620 15.322618 14.999252 14.806433 14.695890 14.634916 14.602533 14.585960 14.577781 14.573885 14.572094 14.571297 14.570955 14.570812 14.570755 14.570732 14.570721 14.570713 14.570699 14.570667 14.570589 14.570403 14.569977 14.569026 14.566968 14.562648 14.553856 14.536509 14.503332 14.441822 14.331290 14.138810 13.814141 13.284218 12.448945 11.182338 9.346982 6.834825 3.647132 0.000000 
50.000000 44.963844 40.149192 35.748353 31.901657 28.685505 26.112563 24.142187 22.697066 21.681448 20.997085 20.554650 20.280042 20.116293 20.022414 19.970630 19.943127 19.929051 19.922104 19.918796 19.917274 19.916597 19.916306 19.916185 19.916136 19.916116 19.916107 19.916100 19.916086 19.916053 19.915974 19.915787 19.915354 19.914386 19.912281 19.907843 19.898759 19.880716 19.845918 19.780742 19.662132 19.452286 19.091193 18.486757 17.503167 15.950828 13.588386 10.163507 5.545174 0.000000 
50.000000 46.034266 42.242949 38.777478 35.748353 33.215740 31.189615 29.637979 28.499958 27.700155 27.161209 26.812779 26.596514 26.467551 26.393615 26.352830 26.331168 26.320082 26.314610 26.312004 26.310805 26.310272 26.310043 26.309948 26.309909 26.309894 26.309886 26.309880 26.309868 26.309838 26.309767 26.309598 26.309207 26.308329 26.306414 26.302360 26.294022 26.277357 26.244977 26.183756 26.070995 25.868377 25.512569 24.900747 23.868758 22.159967 19.388739 15.028827 8.545505 0.000000 
50.000000 47.258874 44.638301 42.242949 40.149192 38.398618 36.998126 35.925599 35.138965 34.586112 34.213568 33.972714 33.823218 33.734070 33.682959 33.654764 33.639789 33.632125 33.628342 33.626540 33.625712 33.625343 33.625185 33.625119 33.625092 33.625081 33.625076 33.625071 33.625062 33.625040 33.624986 33.624857 33.624559 33.623888 33.622421 33.619304 33.612869 33.599947 33.574685 33.526546 33.436964 33.273776 32.981785 32.466364 31.563793 29.985684 27.214122 22.319151 13.762207 0.000000 
50.000000 48.598622 47.258874 46.034266 44.963844 44.068869 43.352870 42.804539 42.402369 42.119718 41.929251 41.806111 41.729678 41.684098 41.657966 41.643551 41.635894 41.631975 41.630041 41.629120 41.628696 41.628508 41.628427 41.628393 41.628379 41.628374 41.628371 41.628369 41.628364 41.628352 41.628322 41.628253 41.628091 41.627727 41.626929 41.625230 41.621715 41.614633 41.600731 41.574100 41.524190 41.432372 41.265751 40.965366 40.421737 39.418670 37.488760 33.496667 24.299311 0.000000 
50.000000 50.000000 50.000000 50.000000 50.000000 50.000000 50.000000 50.000000 50.000000 50.000000 50.000000 50.000000 50.000000 50.000000 50.000000 50.000000 50.000000 50.000000 50.000000 50.000000 50.000000 50.000000 50.000000 50.000000 50.000000 50.000000 50.000000 50.000000 50.000000 50.000000 50.000000 50.000000 50.000000 50.000000 50.000000 50.000000 50.000000 50.000000 50.000000 50.000000 50.000000 50.000000 50.000000 50.000000 50.000000 50.000000 50.000000 50.000000 50.000000 50.000000 
