50.000000 50.000000 50.000000 50.000000 50.000000 50.000000 50.000000 50.000000 50.000000 50.000000 50.000000 50.000000 50.000000 50.000000 50.000000 50.000000 50.000000 50.000000 50.000000 50.000000 50.000000 50.000000 50.000000 50.000000 50.000000 50.000000 50.000000 50.000000 50.000000 50.000000 50.000000 50.000000 50.000000 50.000000 50.000000 50.000000 50.000000 50.000000 50.000000 50.000000 50.000000 50.000000 50.000000 50.000000 50.000000 50.000000 50.000000 50.000000 50.000000 50.000000 
50.000000 48.834600 47.711830 46.669650 45.737519 44.934073 44.266548 43.731843 43.318778 43.010941 42.789542 42.635815 42.532722 42.465920 42.424075 42.398723 42.383862 42.375427 42.370791 42.368321 42.367045 42.366405 42.366094 42.365947 42.365879 42.365848 42.365831 42.365816 42.365793 42.365746 42.365643 42.365426 42.364975 42.364059 42.362247 42.358741 42.352116 42.339868 42.317686 42.278257 42.209289 42.090140 41.885801 41.535354 40.927844 39.846452 37.824300 33.727894 24.417300 0.000000 
50.000000 47.711830 45.507365 43.461130 41.630972 40.053479 38.742858 37.693020 36.882010 36.277608 35.842918 35.541096 35.338689 35.207533 35.125377 35.075604 35.046426 35.029867 35.020764 35.015914 35.013410 35.012154 35.011544 35.011255 35.011121 35.011059 35.011026 35.010999 35.010955 35.010866 35.010675 35.010269 35.009426 35.007719 35.004343 34.997829 34.985548 34.962914 34.922086 34.849889 34.724483 34.509924 34.147044 33.537533 32.514904 30.789597 27.844683 22.753683 13.983936 0.000000 
50.000000 46.669650 43.461130 40.482914 37.819196 35.523229 33.615689 32.087712 30.907343 30.027682 29.395029 28.955756 28.661175 28.470294 28.350727 28.278290 28.235827 28.211728 28.198480 28.191423 28.187778 28.185951 28.185063 28.184642 28.184448 28.184358 28.184311 28.184273 28.184214 28.184094 28.183837 28.183292 28.182164 28.179883 28.175385 28.166731 28.150481 28.120675 28.067233 27.973463 27.812238 27.540131 27.088435 26.349351 25.154987 23.247121 20.241457 15.616447 8.845350 0.000000 
50.000000 45.737519 41.630972 37.819196 34.409953 31.471400 29.029998 27.074399 25.563702 24.437875 23.628187 23.065998 22.688993 22.444706 22.291687 22.198985 22.144643 22.113804 22.096851 22.087820 22.083156 22.080818 22.079681 22.079143 22.078895 22.078781 22.078722 22.078675 22.078607 22.078469 22.078175 22.077553 22.076269 22.073679 22.068591 22.058841 22.040621 22.007403 21.948289 21.845542 21.670994 21.380952 20.909207 20.157927 18.986991 17.204976 14.572075 10.841374 5.891067 0.000000 
50.000000 44.934073 40.053479 35.523229 31.471400 27.978995 25.077462 22.753309 20.957919 19.619941 18.657686 17.989574 17.541542 17.251236 17.069394 16.959233 16.894657 16.858010 16.837865 16.827134 16.821591 16.818814 16.817463 16.816824 16.816530 16.816394 16.816326 16.816275 16.816203 16.816060 16.815758 16.815121 16.813809 16.811172 16.806010 16.796167 16.777877 16.744758 16.686311 16.585762 16.417117 16.141333 15.701738 15.019314 13.989498 12.484409 10.368242 7.538575 4.006229 0.000000 
50.000000 44.266548 38.742858 33.615689 29.029998 25.077462 21.793668 19.163342 17.131455 15.617248 14.528266 13.772173 13.265150 12.936624 12.730845 12.606185 12.533112 12.491643 12.468849 12.456706 12.450434 12.447292 12.445763 12.445041 12.444708 12.444556 12.444480 12.444427 12.444357 12.444222 12.443935 12.443335 12.442101 12.439631 12.434817 12.425685 12.408819 12.378500 12.325458 12.235160 12.085622 11.844843 11.468223 10.896834 10.058148 8.872071 7.266338 5.205325 2.731194 0.000000 
50.000000 43.731843 37.693020 32.087712 27.074399 22.753309 19.163342 16.287795 14.066499 12.411159 11.220691 10.394147 9.839888 9.480762 9.255819 9.119553 9.039677 8.994348 8.969433 8.956161 8.949306 8.945872 8.944201 8.943412 8.943048 8.942882 8.942803 8.942750 8.942686 8.942565 8.942312 8.941783 8.940700 8.938543 8.934358 8.926460 8.911964 8.886097 8.841234 8.765642 8.641973 8.445700 8.143897 7.695119 7.051571 6.165192 4.999278 3.545975 1.846042 0.000000 
50.000000 43.318778 36.882010 30.907343 25.563702 20.957919 17.131455 14.066499 11.698912 9.934572 8.665730 7.784781 7.194049 6.811295 6.571558 6.426331 6.341204 6.292897 6.266345 6.252202 6.244897 6.241237 6.239457 6.238616 6.238229 6.238053 6.237970 6.237920 6.237863 6.237761 6.237550 6.237112 6.236219 6.234446 6.231022 6.224596 6.212876 6.192112 6.156401 6.096814 6.000429 5.849456 5.620799 5.286613 4.816586 4.182751 3.367213 2.372086 1.228638 0.000000 
50.000000 43.010941 36.277608 30.027682 24.437875 19.619941 15.617248 12.411159 9.934572 8.089023 6.761792 5.840316 5.222416 4.822064 4.571309 4.419410 4.330373 4.279849 4.252078 4.237286 4.229646 4.225818 4.223957 4.223077 4.222673 4.222490 4.222406 4.222357 4.222309 4.222228 4.222061 4.221718 4.221020 4.219640 4.216989 4.212040 4.203067 4.187280 4.160345 4.115808 4.044511 3.934143 3.769186 3.531626 3.202823 2.766881 2.215443 1.553124 0.801652 0.000000 
50.000000 42.789542 35.842918 29.395029 23.628187 18.657686 14.528266 11.220691 8.665730 6.761792 5.392585 4.441975 3.804546 3.391547 3.132872 2.976179 2.884334 2.832216 2.803570 2.788312 2.780431 2.776483 2.774563 2.773656 2.773239 2.773052 2.772966 2.772921 2.772881 2.772818 2.772693 2.772437 2.771918 2.770898 2.768946 2.765320 2.758784 2.747361 2.728015 2.696292 2.645984 2.568915 2.455049 2.293106 2.071924 1.782645 1.421565 0.993029 0.511285 0.000000 
50.000000 42.635815 35.541096 28.955756 23.065998 17.989574 13.772173 10.394147 7.784781 5.840316 4.441975 3.471147 2.820167 2.398392 2.134224 1.974205 1.880411 1.827188 1.797936 1.782354 1.774308 1.770276 1.768315 1.767389 1.766964 1.766773 1.766687 1.766644 1.766611 1.766565 1.766475 1.766292 1.765925 1.765205 1.763833 1.761297 1.756751 1.748855 1.735573 1.713960 1.679971 1.628380 1.552912 1.446715 1.303263 1.117709 0.888523 0.619010 0.318128 0.000000 
50.000000 42.532722 35.338689 28.661175 22.688993 17.541542 13.265150 9.839888 7.194049 5.222416 3.804546 2.820167 2.160105 1.732450 1.464601 1.302354 1.207255 1.153292 1.123633 1.107836 1.099677 1.095590 1.093602 1.092663 1.092232 1.092039 1.091953 1.091913 1.091885 1.091852 1.091790 1.091665 1.091416 1.090929 1.090007 1.088309 1.085282 1.080052 1.071311 1.057185 1.035135 1.001937 0.953791 0.886650 0.796784 0.681591 0.540501 0.375775 0.192854 0.000000 
50.000000 42.465920 35.207533 28.470294 22.444706 17.251236 12.936624 9.480762 6.811295 4.822064 3.391547 2.398392 1.732450 1.300987 1.030756 0.867066 0.771123 0.716682 0.686760 0.670823 0.662592 0.658468 0.656463 0.655516 0.655081 0.654887 0.654801 0.654762 0.654739 0.654715 0.654674 0.654592 0.654430 0.654115 0.653520 0.652429 0.650494 0.647168 0.641641 0.632763 0.618998 0.598419 0.568798 0.527805 0.473359 0.404085 0.319813 0.221985 0.113804 0.000000 
50.000000 42.424075 35.125377 28.350727 22.291687 17.069394 12.730845 9.255819 6.571558 4.571309 3.132872 2.134224 1.464601 1.030756 0.759034 0.594442 0.497971 0.443230 0.413144 0.397119 0.388843 0.384697 0.382681 0.381728 0.381291 0.381096 0.381011 0.380973 0.380953 0.380935 0.380908 0.380857 0.380756 0.380560 0.380190 0.379517 0.378327 0.376292 0.372927 0.367553 0.359269 0.346961 0.329360 0.305160 0.273227 0.232846 0.183995 0.127548 0.065334 0.000000 
50.000000 42.398723 35.075604 28.278290 22.198985 16.959233 12.606185 9.119553 6.426331 4.419410 2.976179 1.974205 1.302354 0.867066 0.594442 0.429304 0.332513 0.277591 0.247406 0.231328 0.223025 0.218865 0.216842 0.215887 0.215449 0.215253 0.215167 0.215130 0.215112 0.215099 0.215082 0.215051 0.214990 0.214873 0.214652 0.214252 0.213547 0.212347 0.210372 0.207233 0.202420 0.195309 0.185195 0.171368 0.153222 0.130395 0.102905 0.071260 0.036477 0.000000 
50.000000 42.383862 35.046426 28.235827 22.144644 16.894657 12.533112 9.039677 6.341204 4.330373 2.884334 1.880411 1.207255 0.771124 0.497971 0.332513 0.235535 0.180507 0.150264 0.134155 0.125836 0.121668 0.119641 0.118684 0.118245 0.118049 0.117964 0.117927 0.117911 0.117901 0.117890 0.117871 0.117836 0.117768 0.117641 0.117411 0.117009 0.116326 0.115207 0.113436 0.110733 0.106759 0.101134 0.093481 0.083485 0.070964 0.055944 0.038707 0.019802 0.000000 
50.000000 42.375427 35.029867 28.211728 22.113804 16.858010 12.491643 8.994349 6.292898 4.279849 2.832216 1.827189 1.153293 0.716682 0.443230 0.277592 0.180508 0.125420 0.095143 0.079016 0.070688 0.066516 0.064487 0.063529 0.063090 0.062894 0.062808 0.062772 0.062756 0.062748 0.062741 0.062730 0.062710 0.062672 0.062602 0.062475 0.062252 0.061877 0.061264 0.060298 0.058829 0.056679 0.053648 0.049543 0.044201 0.037535 0.029564 0.020441 0.010452 0.000000 
50.000000 42.370791 35.020764 28.198480 22.096851 16.837865 12.468849 8.969434 6.266346 4.252079 2.803570 1.797936 1.123634 0.686761 0.413144 0.247406 0.150264 0.095143 0.064848 0.048712 0.040379 0.036204 0.034174 0.033216 0.032776 0.032580 0.032495 0.032458 0.032443 0.032436 0.032431 0.032425 0.032414 0.032393 0.032356 0.032288 0.032169 0.031969 0.031644 0.031134 0.030361 0.029234 0.027651 0.025515 0.022745 0.019298 0.015189 0.010495 0.005365 0.000000 
50.000000 42.368321 35.015915 28.191424 22.087821 16.827135 12.456707 8.956162 6.252203 4.237287 2.788313 1.782356 1.107837 0.670824 0.397120 0.231329 0.134156 0.079018 0.048713 0.032572 0.024237 0.020060 0.018030 0.017071 0.016631 0.016435 0.016350 0.016313 0.016298 0.016292 0.016288 0.016285 0.016279 0.016268 0.016248 0.016213 0.016152 0.016049 0.015882 0.015621 0.015227 0.014654 0.013852 0.012773 0.011378 0.009647 0.007588 0.005240 0.002678 0.000000 
50.000000 42.367045 35.013411 28.187780 22.083158 16.821594 12.450437 8.949309 6.244900 4.229650 2.780435 1.774311 1.099681 0.662596 0.388847 0.223028 0.125839 0.070692 0.040382 0.024239 0.015902 0.011725 0.009694 0.008735 0.008295 0.008099 0.008014 0.007978 0.007963 0.007956 0.007953 0.007951 0.007948 0.007943 0.007933 0.007915 0.007884 0.007833 0.007750 0.007620 0.007425 0.007143 0.006748 0.006219 0.005536 0.004691 0.003688 0.002546 0.001300 0.000000 
50.000000 42.366407 35.012157 28.185956 22.080824 16.818821 12.447299 8.945880 6.241245 4.225827 2.776492 1.770285 1.095599 0.658478 0.384706 0.218874 0.121678 0.066525 0.036214 0.020069 0.011731 0.007554 0.005523 0.004564 0.004124 0.003927 0.003842 0.003806 0.003791 0.003785 0.003783 0.003781 0.003779 0.003777 0.003772 0.003763 0.003748 0.003723 0.003683 0.003621 0.003527 0.003391 0.003202 0.002949 0.002624 0.002222 0.001746 0.001205 0.000615 0.000000 
50.000000 42.366098 35.011551 28.185074 22.079695 16.817480 12.445782 8.944222 6.239479 4.223979 2.774586 1.768339 1.093626 0.656487 0.382705 0.216866 0.119666 0.064511 0.034198 0.018053 0.009715 0.005537 0.003506 0.002547 0.002107 0.001911 0.001826 0.001790 0.001775 0.001769 0.001766 0.001765 0.001764 0.001763 0.001760 0.001756 0.001749 0.001737 0.001718 0.001689 0.001645 0.001581 0.001492 0.001374 0.001222 0.001034 0.000812 0.000560 0.000286 0.000000 
50.000000 42.365957 35.011274 28.184670 22.079178 16.816866 12.445087 8.943462 6.238669 4.223133 2.773714 1.767448 1.092723 0.655576 0.381788 0.215947 0.118744 0.063589 0.033276 0.017130 0.008792 0.004614 0.002583 0.001624 0.001184 0.000987 0.000902 0.000866 0.000852 0.000846 0.000843 0.000842 0.000842 0.000841 0.000840 0.000838 0.000834 0.000828 0.000819 0.000805 0.000784 0.000753 0.000710 0.000654 0.000581 0.000492 0.000386 0.000266 0.000136 0.000000 
50.000000 42.365903 35.011167 28.184514 22.078980 16.816630 12.444820 8.943170 6.238358 4.222808 2.773378 1.767105 1.092375 0.655225 0.381436 0.215594 0.118390 0.063235 0.032921 0.016775 0.008437 0.004259 0.002228 0.001269 0.000829 0.000633 0.000547 0.000511 0.000497 0.000491 0.000488 0.000487 0.000487 0.000486 0.000486 0.000485 0.000482 0.000479 0.000474 0.000465 0.000453 0.000435 0.000410 0.000377 0.000335 0.000284 0.000223 0.000153 0.000078 0.000000 
50.000000 42.365903 35.011167 28.184514 22.078980 16.816630 12.444820 8.943170 6.238358 4.222808 2.773378 1.767105 1.092375 0.655225 0.381436 0.215594 0.118390 0.063235 0.032921 0.016775 0.008437 0.004259 0.002228 0.001269 0.000829 0.000633 0.000547 0.000511 0.000497 0.000491 0.000488 0.000487 0.000487 0.000486 0.000486 0.000485 0.000482 0.000479 0.000474 0.000465 0.000453 0.000435 0.000410 0.000377 0.000335 0.000284 0.000223 0.000153 0.000078 0.000000 
50.000000 42.365957 35.011274 28.184670 22.079178 16.816866 12.445087 8.943462 6.238669 4.223133 2.773714 1.767448 1.092723 0.655576 0.381788 0.215947 0.118744 0.063589 0.033276 0.017130 0.008792 0.004614 0.002583 0.001624 0.001184 0.000987 0.000902 0.000866 0.000852 0.000846 0.000843 0.000842 0.000842 0.000841 0.000840 0.000838 0.000834 0.000828 0.000819 0.000805 0.000784 0.000753 0.000710 0.000654 0.000581 0.000492 0.000386 0.000266 0.000136 0.000000 
50.000000 42.366098 35.011551 28.185074 22.079695 16.817480 12.445782 8.944222 6.239479 4.223979 2.774586 1.768339 1.093626 0.656487 0.382705 0.216866 0.119666 0.064511 0.034198 0.018053 0.009715 0.005537 0.003506 0.002547 0.002107 0.001911 0.001826 0.001790 0.001775 0.001769 0.001766 0.001765 0.001764 0.001763 0.001760 0.001756 0.001749 0.001737 0.001718 0.001689 0.001645 0.001581 0.001492 0.001374 0.001222 0.001034 0.000812 0.000560 0.000286 0.000000 
50.000000 42.366407 35.012157 28.185956 22.080824 16.818821 12.447299 8.945880 6.241245 4.225827 2.776492 1.770285 1.095599 0.658478 0.384706 0.218874 0.121678 0.066525 0.036214 0.020069 0.011731 0.007554 0.005523 0.004564 0.004124 0.003927 0.003842 0.003806 0.003791 0.003785 0.003783 0.003781 0.003779 0.003777 0.003772 0.003763 0.003748 0.003723 0.003683 0.003621 0.003527 0.003391 0.003202 0.002949 0.002624 0.002222 0.001746 0.001205 0.000615 0.000000 
50.000000 42.367045 35.013411 28.187780 22.083158 16.821594 12.450437 8.949309 6.244900 4.229650 2.780435 1.774311 1.099681 0.662596 0.388847 0.223028 0.125839 0.070692 0.040382 0.024239 0.015902 0.011725 0.009694 0.008735 0.008295 0.008099 0.008014 0.007978 0.007963 0.007956 0.007953 0.007951 0.007948 0.007943 0.007933 0.007915 0.007884 0.007833 0.007750 0.007620 0.007425 0.007143 0.006748 0.006219 0.005536 0.004691 0.003688 0.002546 0.001300 0.000000 
50.000000 42.368321 35.015915 28.191424 22.087821 16.827135 12.456707 8.956162 6.252203 4.237287 2.788313 1.782356 1.107837 0.670824 0.397120 0.231329 0.134156 0.079018 0.048713 0.032572 0.024237 0.020060 0.018030 0.017071 0.016631 0.016435 0.016350 0.016313 0.016298 0.016292 0.016288 0.016285 0.016279 0.016268 0.016248 0.016213 0.016152 0.016049 0.015882 0.015621 0.015227 0.014654 0.013852 0.012773 0.011378 0.009647 0.007588 0.005240 0.002678 0.000000 
50.000000 42.370791 35.020764 28.198480 22.096851 16.837865 12.468849 8.969434 6.266346 4.252079 2.803570 1.797936 1.123634 0.686761 0.413144 0.247406 0.150264 0.095143 0.064848 0.048712 0.040379 0.036204 0.034174 0.033216 0.032776 0.032580 0.032495 0.032458 0.032443 0.032436 0.032431 0.032425 0.032414 0.032393 0.032356 0.032288 0.032169 0.031969 0.031644 0.031134 0.030361 0.029234 0.027651 0.025515 0.022745 0.019298 0.015189 0.010495 0.005365 0.000000 
50.000000 42.375427 35.029867 28.211728 22.113804 16.858010 12.491643 8.994349 6.292898 4.279849 2.832216 1.827189 1.153293 0.716682 0.443230 0.277592 0.180508 0.125420 0.095143 0.079016 0.070688 0.066516 0.064487 0.063529 0.063090 0.062894 0.062808 0.062772 0.062756 0.062748 0.062741 0.062730 0.062710 0.062672 0.062602 0.062475 0.062252 0.061877 0.061264 0.060298 0.058829 0.056679 0.053648 0.049543 0.044201 0.037535 0.029564 0.020441 0.010452 0.000000 
50.000000 42.383862 35.046426 28.235827 22.144644 16.894657 12.533112 9.039677 6.341204 4.330373 2.884334 1.880411 1.207255 0.771124 0.497971 0.332513 0.235535 0.180507 0.150264 0.134155 0.125836 0.121668 0.119641 0.118684 0.118245 0.118049 0.117964 0.117927 0.117911 0.117901 0.117890 0.117871 0.117836 0.117768 0.117641 0.117411 0.117009 0.116326 0.115207 0.113436 0.110733 0.106759 0.101134 0.093481 0.083485 0.070964 0.055944 0.038707 0.019802 0.000000 
50.000000 42.398723 35.075604 28.278290 22.198985 16.959233 12.606185 9.119553 6.426331 4.419410 2.976179 1.974205 1.302354 0.867066 0.594442 0.429304 0.332513 0.277591 0.247406 0.231328 0.223025 0.218865 0.216842 0.215887 0.215449 0.215253 0.215167 0.215130 0.215112 0.215099 0.215082 0.215051 0.214990 0.214873 0.214652 0.214252 0.213547 0.212347 0.210372 0.207233 0.202420 0.195309 0.185195 0.171368 0.153222 0.130395 0.102905 0.071260 0.036477 0.000000 
50.000000 42.424075 35.125377 28.350727 22.291687 17.069394 12.730845 9.255819 6.571558 4.571309 3.132872 2.134224 1.464601 1.030756 0.759034 0.594442 0.497971 0.443230 0.413144 0.397119 0.388843 0.384697 0.382681 0.381728 0.381291 0.381096 0.381011 0.380973 0.380953 0.380935 0.380908 0.380857 0.380756 0.380560 0.380190 0.379517 0.378327 0.376292 0.372927 0.367553 0.359269 0.346961 0.329360 0.305160 0.273227 0.232846 0.183995 0.127548 0.065334 0.000000 
50.000000 42.465920 35.207533 28.470294 22.444706 17.251236 12.936624 9.480762 6.811295 4.822064 3.391547 2.398392 1.732450 1.300987 1.030756 0.867066 0.771123 0.716682 0.686760 0.670823 0.662592 0.658468 0.656463 0.655516 0.655081 0.654887 0.654801 0.654762 0.654739 0.654715 0.654674 0.654592 0.654430 0.654115 0.653520 0.652429 0.650494 0.647168 0.641641 0.632763 0.618998 0.598419 0.568798 0.527805 0.473359 0.404085 0.319813 0.221985 0.113804 0.000000 
50.000000 42.532722 35.338689 28.661175 22.688993 17.541542 13.265150 9.839888 7.194049 5.222416 3.804546 2.820167 2.160105 1.732450 1.464601 1.302354 1.207255 1.153292 1.123633 1.107836 1.099677 1.095590 1.093602 1.092663 1.092232 1.092039 1.091953 1.091913 1.091885 1.091852 1.091790 1.091665 1.091416 1.090929 1.090007 1.088309 1.085282 1.080052 1.071311 1.057185 1.035135 1.001937 0.953791 0.886650 0.796784 0.681591 0.540501 0.375775 0.192854 0.000000 
50.000000 42.635815 35.541096 28.955756 23.065998 17.989574 13.772173 10.394147 7.784781 5.840316 4.441975 3.471147 2.820167 2.398392 2.134224 1.974205 1.880411 1.827188 1.797936 1.782354 1.774308 1.770276 1.768315 1.767389 1.766964 1.766773 1.766687 1.766644 1.766611 1.766565 1.766475 1.766292 1.765925 1.765205 1.763833 1.761297 1.756751 1.748855 1.735573 1.713960 1.679971 1.628380 1.552912 1.446715 1.303263 1.117709 0.888523 0.619010 0.318128 0.000000 
50.000000 42.789542 35.842918 29.395029 23.628187 18.657686 14.528266 11.220691 8.665730 6.761792 5.392585 4.441975 3.804546 3.391547 3.132872 2.976179 2.884334 2.832216 2.803570 2.788312 2.780431 2.776483 2.774563 2.773656 2.773239 2.773052 2.772966 2.772921 2.772881 2.772818 2.772693 2.772437 2.771918 2.770898 2.768946 2.765320 2.758784 2.747361 2.728015 2.696292 2.645984 2.568915 2.455049 2.293106 2.071924 1.782645 1.421565 0.993029 0.511285 0.000000 
50.000000 43.010941 36.277608 30.027682 24.437875 19.619941 15.617248 12.411159 9.934572 8.089023 6.761792 5.840316 5.222416 4.822064 4.571309 4.419410 4.330373 4.279849 4.252078 4.237286 4.229646 4.225818 4.223957 4.223077 4.222673 4.222490 4.222406 4.222357 4.222309 4.222228 4.222061 4.221718 4.221020 4.219640 4.216989 4.212040 4.203067 4.187280 4.160345 4.115808 4.044511 3.934143 3.769186 3.531626 3.202823 2.766881 2.215443 1.553124 0.801652 0.000000 
50.000000 43.318778 36.882010 30.907343 25.563702 20.957919 17.131455 14.066499 11.698912 9.934572 8.665730 7.784781 7.194049 6.811295 6.571558 6.426331 6.341204 6.292897 6.266345 6.252202 6.244897 6.241237 6.239457 6.238616 6.238229 6.238053 6.237970 6.237920 6.237863 6.237761 6.237550 6.237112 6.236219 6.234446 6.231022 6.224596 6.212876 6.192112 6.156401 6.096814 6.000429 5.849456 5.620799 5.286613 4.816586 4.182751 3.367213 2.372086 1.228638 0.000000 
50.000000 43.731843 37.693020 32.087712 27.074399 22.753309 19.163342 16.287795 14.066499 12.411159 11.220691 10.394147 9.839888 9.480762 9.255819 9.119553 9.039677 8.994348 8.969433 8.956161 8.949306 8.945872 8.944201 8.943412 8.943048 8.942882 8.942803 8.942750 8.942686 8.942565 8.942312 8.941783 8.940700 8.938543 8.934358 8.926460 8.911964 8.886097 8.841234 8.765642 8.641973 8.445700 8.143897 7.695119 7.051571 6.165192 4.999278 3.545975 1.846042 0.000000 
50.000000 44.266548 38.742858 33.615689 29.029998 25.077462 21.793668 19.163342 17.131455 15.617248 14.528266 13.772173 13.265150 12.936624 12.730845 12.606185 12.533112 12.491643 12.468849 12.456706 12.450434 12.447292 12.445763 12.445041 12.444708 12.444556 12.444480 12.444427 12.444357 12.444222 12.443935 12.443335 12.442101 12.439631 12.434817 12.425685 12.408819 12.378500 12.325458 12.235160 12.085622 11.844843 11.468223 10.896834 10.058148 8.872071 7.266338 5.205325 2.731194 0.000000 
50.000000 44.934073 40.053479 35.523229 31.471400 27.978995 25.077462 22.753309 20.957919 19.619941 18.657686 17.989574 17.541542 17.251236 17.069394 16.959233 16.894657 16.858010 16.837865 16.827134 16.821591 16.818814 16.817463 16.816824 16.816530 16.816394 16.816326 16.816275 16.816203 16.816060 16.815758 16.815121 16.813809 16.811172 16.806010 16.796167 16.777877 16.744758 16.686311 16.585762 16.417117 16.141333 15.701738 15.019314 13.989498 12.484409 10.368242 7.538575 4.006229 0.000000 
50.000000 45.737519 41.630972 37.819196 34.409953 31.471400 29.029998 27.074399 25.563702 24.437875 23.628187 23.065998 22.688993 22.444706 22.291687 22.198985 22.144643 22.113804 22.096851 22.087820 22.083156 22.080818 22.079681 22.079143 22.078895 22.078781 22.078722 22.078675 22.078607 22.078469 22.078175 22.077553 22.076269 22.073679 22.068591 22.058841 22.040621 22.007403 21.948289 21.845542 21.670994 21.380952 20.909207 20.157927 18.986991 17.204976 14.572075 10.841374 5.891067 0.000000 
50.000000 46.669650 43.461130 40.482914 37.819196 35.523229 33.615689 32.087712 30.907343 30.027682 29.395029 28.955756 28.661175 28.470294 28.350727 28.278290 28.235827 28.211728 28.198480 28.191423 28.187778 28.185951 28.185063 28.184642 28.184448 28.184358 28.184311 28.184273 28.184214 28.184094 28.183837 28.183292 28.182164 28.179883 28.175385 28.166731 28.150481 28.120675 28.067233 27.973463 27.812238 27.540131 27.088435 26.349351 25.154987 23.247121 20.241457 15.616447 8.845350 0.000000 
50.000000 47.711830 45.507365 43.461130 41.630972 40.053479 38.742858 37.693020 36.882010 36.277608 35.842918 35.541096 35.338689 35.207533 35.125377 35.075604 35.046426 35.029867 35.020764 35.015914 35.013410 35.012154 35.011544 35.011255 35.011121 35.011059 35.011026 35.010999 35.010955 35.010866 35.010675 35.010269 35.009426 35.007719 35.004343 34.997829 34.985548 34.962914 34.922086 34.849889 34.724483 34.509924 34.147044 33.537533 32.514904 30.789597 27.844683 22.753683 13.983936 0.000000 
50.000000 48.834600 47.711830 46.669650 45.737519 44.934073 44.266548 43.731843 43.318778 43.010941 42.789542 42.635815 42.532722 42.465920 42.424075 42.398723 42.383862 42.375427 42.370791 42.368321 42.367045 42.366405 42.366094 42.365947 42.365879 42.365848 42.365831 42.365816 42.365793 42.365746 42.365643 42.365426 42.364975 42.364059 42.362247 42.358741 42.352116 42.339868 42.317686 42.278257 42.209289 42.090140 41.885801 41.535354 40.927844 39.846452 37.824300 33.727894 24.417300 0.000000 
50.000000 50.000000 50.000000 50.000000 50.000000 50.000000 50.000000 50.000000 50.000000 50.000000 50.000000 50.000000 50.000000 50.000000 50.000000 50.000000 50.000000 50.000000 50.000000 50.000000 50.000000 50.000000 50.000000 50.000000 50.000000 50.000000 50.000000 50.000000 50.000000 50.000000 50.000000 50.000000 50.000000 50.000000 50.000000 50.000000 50.000000 50.000000 50.000000 50.000000 50.000000 50.000000 50.000000 50.000000 50.000000 50.000000 50.000000 50.000000 50.000000 50.000000 
