50.000000 50.000000 50.000000 50.000000 50.000000 50.000000 50.000000 50.000000 50.000000 50.000000 50.000000 50.000000 50.000000 50.000000 50.000000 50.000000 50.000000 50.000000 50.000000 50.000000 50.000000 50.000000 50.000000 50.000000 50.000000 50.000000 50.000000 50.000000 50.000000 50.000000 50.000000 50.000000 50.000000 50.000000 50.000000 50.000000 50.000000 50.000000 50.000000 50.000000 50.000000 50.000000 50.000000 50.000000 50.000000 50.000000 50.000000 50.000000 50.000000 50.000000 
50.000000 47.217177 44.677025 42.558915 40.943052 39.812889 39.086331 38.655767 38.419843 38.299940 38.243241 38.218219 38.207882 38.203874 38.202411 38.201908 38.201744 38.201693 38.201678 38.201674 38.201673 38.201672 38.201672 38.201672 38.201672 38.201672 38.201672 38.201672 38.201672 38.201672 38.201672 38.201672 38.201671 38.201668 38.201658 38.201623 38.201507 38.201146 38.200073 38.197034 38.188823 38.167639 38.115311 37.990973 37.704538 37.056589 35.588523 32.160507 23.608588 0.000000 
50.000000 44.677025 39.818268 35.766844 32.676160 30.514541 29.124930 28.301467 27.850277 27.620980 27.512558 27.464712 27.444948 27.437284 27.434488 27.433525 27.433211 27.433114 27.433086 27.433078 27.433076 27.433075 27.433075 27.433075 27.433075 27.433075 27.433075 27.433075 27.433075 27.433075 27.433075 27.433075 27.433073 27.433068 27.433051 27.432991 27.432795 27.432186 27.430386 27.425315 27.411719 27.377013 27.292563 27.096309 26.659356 25.723348 23.786011 19.909134 12.516518 0.000000 
50.000000 42.558915 35.766844 30.103468 25.783224 22.761777 20.819517 19.668629 19.038077 18.717651 18.566150 18.499299 18.471687 18.460982 18.457076 18.455730 18.455292 18.455157 18.455117 18.455106 18.455103 18.455103 18.455102 18.455102 18.455102 18.455102 18.455102 18.455102 18.455102 18.455102 18.455102 18.455102 18.455100 18.455095 18.455074 18.455006 18.454782 18.454092 18.452064 18.446396 18.431358 18.393497 18.303081 18.098333 17.658813 16.765393 15.051734 11.980833 6.970392 0.000000 
50.000000 40.943052 32.676160 25.783224 20.525219 16.848110 14.484514 13.084057 12.316830 11.926981 11.742674 11.661354 11.627770 11.614751 11.610000 11.608365 11.607832 11.607668 11.607619 11.607606 11.607602 11.607601 11.607601 11.607601 11.607601 11.607601 11.607601 11.607601 11.607601 11.607601 11.607601 11.607601 11.607599 11.607594 11.607575 11.607512 11.607308 11.606680 11.604849 11.599779 11.586480 11.553488 11.476198 11.305538 10.951266 10.262609 9.017830 6.952812 3.886463 0.000000 
50.000000 39.812889 30.514541 22.761777 16.848110 12.712677 10.054633 8.479821 7.617141 7.178828 6.971627 6.880215 6.842466 6.827834 6.822495 6.820658 6.820059 6.819874 6.819820 6.819805 6.819801 6.819800 6.819800 6.819800 6.819800 6.819800 6.819800 6.819800 6.819800 6.819800 6.819800 6.819799 6.819798 6.819794 6.819779 6.819730 6.819571 6.819085 6.817678 6.813819 6.803811 6.779335 6.723021 6.601477 6.356338 5.896844 5.102964 3.855185 2.108350 0.000000 
50.000000 39.086331 29.124930 20.819517 14.484514 10.054633 7.207485 5.520736 4.596801 4.127401 3.905521 3.807642 3.767227 3.751562 3.745847 3.743880 3.743240 3.743042 3.742985 3.742968 3.742964 3.742963 3.742963 3.742963 3.742963 3.742963 3.742963 3.742963 3.742963 3.742963 3.742963 3.742962 3.742962 3.742959 3.742949 3.742915 3.742806 3.742476 3.741528 3.738949 3.732335 3.716370 3.680227 3.603742 3.453156 3.178976 2.721184 2.028621 1.095359 0.000000 
50.000000 38.655767 28.301467 19.668629 13.084057 8.479821 5.520736 3.767758 2.807598 2.319822 2.089271 1.987574 1.945585 1.929312 1.923376 1.921333 1.920667 1.920462 1.920402 1.920385 1.920381 1.920380 1.920379 1.920379 1.920379 1.920379 1.920379 1.920379 1.920379 1.920379 1.920379 1.920379 1.920379 1.920377 1.920371 1.920350 1.920283 1.920083 1.919512 1.917971 1.914057 1.904721 1.883879 1.840509 1.756799 1.607858 1.365547 1.008904 0.540457 0.000000 
50.000000 38.419843 27.850277 19.038077 12.316830 7.617141 4.596801 2.807598 1.827634 1.329818 1.094534 0.990753 0.947906 0.931301 0.925244 0.923160 0.922481 0.922272 0.922211 0.922193 0.922189 0.922188 0.922187 0.922187 0.922187 0.922187 0.922187 0.922187 0.922187 0.922187 0.922187 0.922187 0.922187 0.922186 0.922183 0.922171 0.922134 0.922025 0.921713 0.920878 0.918777 0.913817 0.902877 0.880431 0.837806 0.763342 0.644580 0.473264 0.252204 0.000000 
50.000000 38.299940 27.620980 18.717651 11.926981 7.178828 4.127401 2.319822 1.329818 0.826917 0.589235 0.484401 0.441120 0.424347 0.418230 0.416125 0.415439 0.415228 0.415166 0.415148 0.415144 0.415143 0.415142 0.415142 0.415142 0.415142 0.415142 0.415142 0.415142 0.415142 0.415142 0.415142 0.415142 0.415142 0.415140 0.415134 0.415116 0.415060 0.414905 0.414492 0.413458 0.411041 0.405765 0.395066 0.375017 0.340502 0.286293 0.209260 0.111117 0.000000 
50.000000 38.243241 27.512558 18.566150 11.742674 6.971627 3.905521 2.089271 1.094534 0.589235 0.350425 0.245095 0.201610 0.184759 0.178613 0.176498 0.175809 0.175597 0.175534 0.175517 0.175512 0.175511 0.175511 0.175511 0.175511 0.175511 0.175511 0.175511 0.175511 0.175511 0.175511 0.175511 0.175511 0.175510 0.175510 0.175507 0.175498 0.175473 0.175401 0.175213 0.174744 0.173655 0.171300 0.166572 0.157808 0.142895 0.119754 0.087243 0.046207 0.000000 
50.000000 38.218219 27.464712 18.499299 11.661354 6.880215 3.807642 1.987574 0.990753 0.484401 0.245095 0.139546 0.095972 0.079087 0.072928 0.070809 0.070119 0.069906 0.069843 0.069826 0.069821 0.069820 0.069820 0.069820 0.069820 0.069820 0.069820 0.069820 0.069820 0.069820 0.069820 0.069820 0.069820 0.069820 0.069819 0.069818 0.069815 0.069804 0.069773 0.069693 0.069496 0.069040 0.068062 0.066114 0.062536 0.056505 0.047235 0.034326 0.018146 0.000000 
50.000000 38.207882 27.444948 18.471687 11.627770 6.842466 3.767227 1.945585 0.947906 0.441120 0.201610 0.095972 0.052361 0.035462 0.029298 0.027177 0.026486 0.026273 0.026211 0.026193 0.026189 0.026188 0.026187 0.026187 0.026187 0.026187 0.026187 0.026187 0.026187 0.026187 0.026187 0.026187 0.026187 0.026187 0.026187 0.026187 0.026185 0.026181 0.026169 0.026137 0.026059 0.025881 0.025502 0.024750 0.023381 0.021090 0.017595 0.012762 0.006737 0.000000 
50.000000 38.203874 27.437284 18.460982 11.614751 6.827834 3.751562 1.929312 0.931301 0.424347 0.184759 0.079087 0.035462 0.018556 0.012391 0.010269 0.009578 0.009365 0.009303 0.009285 0.009281 0.009279 0.009279 0.009279 0.009279 0.009279 0.009279 0.009279 0.009279 0.009279 0.009279 0.009279 0.009279 0.009279 0.009279 0.009279 0.009278 0.009277 0.009272 0.009260 0.009232 0.009167 0.009028 0.008756 0.008263 0.007443 0.006200 0.004490 0.002368 0.000000 
50.000000 38.202411 27.434488 18.457076 11.610000 6.822495 3.745847 1.923376 0.925244 0.418230 0.178613 0.072928 0.029298 0.012391 0.006224 0.004102 0.003412 0.003198 0.003136 0.003118 0.003114 0.003113 0.003112 0.003112 0.003112 0.003112 0.003112 0.003112 0.003112 0.003112 0.003112 0.003112 0.003112 0.003112 0.003112 0.003112 0.003112 0.003111 0.003110 0.003106 0.003096 0.003073 0.003026 0.002933 0.002765 0.002488 0.002070 0.001497 0.000789 0.000000 
50.000000 38.201908 27.433525 18.455730 11.608365 6.820658 3.743880 1.921333 0.923160 0.416125 0.176498 0.070809 0.027177 0.010269 0.004102 0.001980 0.001289 0.001076 0.001014 0.000996 0.000992 0.000990 0.000990 0.000990 0.000990 0.000990 0.000990 0.000990 0.000990 0.000990 0.000990 0.000990 0.000990 0.000990 0.000990 0.000990 0.000990 0.000990 0.000989 0.000988 0.000985 0.000977 0.000962 0.000932 0.000878 0.000789 0.000656 0.000474 0.000250 0.000000 
50.000000 38.201744 27.433211 18.455292 11.607832 6.820059 3.743240 1.920667 0.922481 0.415439 0.175809 0.070119 0.026486 0.009578 0.003412 0.001289 0.000598 0.000385 0.000323 0.000305 0.000301 0.000300 0.000299 0.000299 0.000299 0.000299 0.000299 0.000299 0.000299 0.000299 0.000299 0.000299 0.000299 0.000299 0.000299 0.000299 0.000299 0.000299 0.000299 0.000299 0.000298 0.000295 0.000291 0.000281 0.000265 0.000238 0.000198 0.000143 0.000075 0.000000 
50.000000 38.201693 27.433114 18.455157 11.607668 6.819874 3.743042 1.920462 0.922272 0.415228 0.175597 0.069906 0.026273 0.009365 0.003198 0.001076 0.000385 0.000172 0.000110 0.000092 0.000088 0.000086 0.000086 0.000086 0.000086 0.000086 0.000086 0.000086 0.000086 0.000086 0.000086 0.000086 0.000086 0.000086 0.000086 0.000086 0.000086 0.000086 0.000086 0.000086 0.000086 0.000085 0.000084 0.000081 0.000076 0.000068 0.000057 0.000041 0.000022 0.000000 
50.000000 38.201678 27.433086 18.455117 11.607619 6.819820 3.742985 1.920402 0.922211 0.415166 0.175534 0.069843 0.026211 0.009303 0.003136 0.001014 0.000323 0.000110 0.000047 0.000030 0.000025 0.000024 0.000024 0.000024 0.000024 0.000024 0.000024 0.000024 0.000024 0.000024 0.000024 0.000024 0.000024 0.000024 0.000024 0.000024 0.000024 0.000024 0.000024 0.000024 0.000023 0.000023 0.000023 0.000022 0.000021 0.000019 0.000016 0.000011 0.000006 0.000000 
50.000000 38.201674 27.433078 18.455106 11.607606 6.819805 3.742968 1.920385 0.922193 0.415148 0.175517 0.069826 0.026193 0.009285 0.003118 0.000996 0.000305 0.000092 0.000030 0.000012 0.000008 0.000007 0.000006 0.000006 0.000006 0.000006 0.000006 0.000006 0.000006 0.000006 0.000006 0.000006 0.000006 0.000006 0.000006 0.000006 0.000006 0.000006 0.000006 0.000006 0.000006 0.000006 0.000006 0.000006 0.000005 0.000005 0.000004 0.000003 0.000002 0.000000 
50.000000 38.201673 27.433076 18.455103 11.607602 6.819801 3.742964 1.920381 0.922189 0.415144 0.175512 0.069821 0.026189 0.009281 0.003114 0.000992 0.000301 0.000088 0.000025 0.000008 0.000003 0.000002 0.000002 0.000002 0.000002 0.000002 0.000002 0.000002 0.000002 0.000002 0.000002 0.000002 0.000002 0.000002 0.000002 0.000002 0.000002 0.000002 0.000002 0.000002 0.000002 0.000002 0.000002 0.000001 0.000001 0.000001 0.000001 0.000001 0.000000 0.000000 
50.000000 38.201672 27.433075 18.455103 11.607601 6.819800 3.742963 1.920380 0.922188 0.415143 0.175511 0.069820 0.026188 0.009279 0.003113 0.000990 0.000300 0.000086 0.000024 0.000007 0.000002 0.000001 0.000000 0.000000 0.000000 0.000000 0.000000 0.000000 0.000000 0.000000 0.000000 0.000000 0.000000 0.000000 0.000000 0.000000 0.000000 0.000000 0.000000 0.000000 0.000000 0.000000 0.000000 0.000000 0.000000 0.000000 0.000000 0.000000 0.000000 0.000000 
50.000000 38.201672 27.433075 18.455102 11.607601 6.819800 3.742963 1.920379 0.922187 0.415142 0.175511 0.069820 0.026187 0.009279 0.003112 0.000990 0.000299 0.000086 0.000024 0.000006 0.000002 0.000000 0.000000 0.000000 0.000000 0.000000 0.000000 0.000000 0.000000 0.000000 0.000000 0.000000 0.000000 0.000000 0.000000 0.000000 0.000000 0.000000 0.000000 0.000000 0.000000 0.000000 0.000000 0.000000 0.000000 0.000000 0.000000 0.000000 0.000000 0.000000 
50.000000 38.201672 27.433075 18.455102 11.607601 6.819800 3.742963 1.920379 0.922187 0.415142 0.175511 0.069820 0.026187 0.009279 0.003112 0.000990 0.000299 0.000086 0.000024 0.000006 0.000002 0.000000 0.000000 0.000000 0.000000 0.000000 0.000000 0.000000 0.000000 0.000000 0.000000 0.000000 0.000000 0.000000 0.000000 0.000000 0.000000 0.000000 0.000000 0.000000 0.000000 0.000000 0.000000 0.000000 0.000000 0.000000 0.000000 0.000000 0.000000 0.000000 
50.000000 38.201672 27.433075 18.455102 11.607601 6.819800 3.742963 1.920379 0.922187 0.415142 0.175511 0.069820 0.026187 0.009279 0.003112 0.000990 0.000299 0.000086 0.000024 0.000006 0.000002 0.000000 0.000000 0.000000 0.000000 0.000000 0.000000 0.000000 0.000000 0.000000 0.000000 0.000000 0.000000 0.000000 0.000000 0.000000 0.000000 0.000000 0.000000 0.000000 0.000000 0.000000 0.000000 0.000000 0.000000 0.000000 0.000000 0.000000 0.000000 0.000000 
50.000000 38.201672 27.433075 18.455102 11.607601 6.819800 3.742963 1.920379 0.922187 0.415142 0.175511 0.069820 0.026187 0.009279 0.003112 0.000990 0.000299 0.000086 0.000024 0.000006 0.000002 0.000000 0.000000 0.000000 0.000000 0.000000 0.000000 0.000000 0.000000 0.000000 0.000000 0.000000 0.000000 0.000000 0.000000 0.000000 0.000000 0.000000 0.000000 0.000000 0.000000 0.000000 0.000000 0.000000 0.000000 0.000000 0.000000 0.000000 0.000000 0.000000 
50.000000 38.201672 27.433075 18.455102 11.607601 6.819800 3.742963 1.920379 0.922187 0.415142 0.175511 0.069820 0.026187 0.009279 0.003112 0.000990 0.000299 0.000086 0.000024 0.000006 0.000002 0.000000 0.000000 0.000000 0.000000 0.000000 0.000000 0.000000 0.000000 0.000000 0.000000 0.000000 0.000000 0.000000 0.000000 0.000000 0.000000 0.000000 0.000000 0.000000 0.000000 0.000000 0.000000 0.000000 0.000000 0.000000 0.000000 0.000000 0.000000 0.000000 
50.000000 38.201672 27.433075 18.455102 11.607601 6.819800 3.742963 1.920379 0.922187 0.415142 0.175511 0.069820 0.026187 0.009279 0.003112 0.000990 0.000299 0.000086 0.000024 0.000006 0.000002 0.000000 0.000000 0.000000 0.000000 0.000000 0.000000 0.000000 0.000000 0.000000 0.000000 0.000000 0.000000 0.000000 0.000000 0.000000 0.000000 0.000000 0.000000 0.000000 0.000000 0.000000 0.000000 0.000000 0.000000 0.000000 0.000000 0.000000 0.000000 0.000000 
50.000000 38.201672 27.433075 18.455103 11.607601 6.819800 3.742963 1.920380 0.922188 0.415143 0.175511 0.069820 0.026188 0.009279 0.003113 0.000990 0.000300 0.000086 0.000024 0.000007 0.000002 0.000001 0.000000 0.000000 0.000000 0.000000 0.000000 0.000000 0.000000 0.000000 0.000000 0.000000 0.000000 0.000000 0.000000 0.000000 0.000000 0.000000 0.000000 0.000000 0.000000 0.000000 0.000000 0.000000 0.000000 0.000000 0.000000 0.000000 0.000000 0.000000 
50.000000 38.201673 27.433076 18.455103 11.607602 6.819801 3.742964 1.920381 0.922189 0.415144 0.175512 0.069821 0.026189 0.009281 0.003114 0.000992 0.000301 0.000088 0.000025 0.000008 0.000003 0.000002 0.000002 0.000002 0.000002 0.000002 0.000002 0.000002 0.000002 0.000002 0.000002 0.000002 0.000002 0.000002 0.000002 0.000002 0.000002 0.000002 0.000002 0.000002 0.000002 0.000002 0.000002 0.000001 0.000001 0.000001 0.000001 0.000001 0.000000 0.000000 
50.000000 38.201674 27.433078 18.455106 11.607606 6.819805 3.742968 1.920385 0.922193 0.415148 0.175517 0.069826 0.026193 0.009285 0.003118 0.000996 0.000305 0.000092 0.000030 0.000012 0.000008 0.000007 0.000006 0.000006 0.000006 0.000006 0.000006 0.000006 0.000006 0.000006 0.000006 0.000006 0.000006 0.000006 0.000006 0.000006 0.000006 0.000006 0.000006 0.000006 0.000006 0.000006 0.000006 0.000006 0.000005 0.000005 0.000004 0.000003 0.000002 0.000000 
50.000000 38.201678 27.433086 18.455117 11.607619 6.819820 3.742985 1.920402 0.922211 0.415166 0.175534 0.069843 0.026211 0.009303 0.003136 0.001014 0.000323 0.000110 0.000047 0.000030 0.000025 0.000024 0.000024 0.000024 0.000024 0.000024 0.000024 0.000024 0.000024 0.000024 0.000024 0.000024 0.000024 0.000024 0.000024 0.000024 0.000024 0.000024 0.000024 0.000024 0.000023 0.000023 0.000023 0.000022 0.000021 0.000019 0.000016 0.000011 0.000006 0.000000 
50.000000 38.201693 27.433114 18.455157 11.607668 6.819874 3.743042 1.920462 0.922272 0.415228 0.175597 0.069906 0.026273 0.009365 0.003198 0.001076 0.000385 0.000172 0.000110 0.000092 0.000088 0.000086 0.000086 0.000086 0.000086 0.000086 0.000086 0.000086 0.000086 0.000086 0.000086 0.000086 0.000086 0.000086 0.000086 0.000086 0.000086 0.000086 0.000086 0.000086 0.000086 0.000085 0.000084 0.000081 0.000076 0.000068 0.000057 0.000041 0.000022 0.000000 
50.000000 38.201744 27.433211 18.455292 11.607832 6.820059 3.743240 1.920667 0.922481 0.415439 0.175809 0.070119 0.026486 0.009578 0.003412 0.001289 0.000598 0.000385 0.000323 0.000305 0.000301 0.000300 0.000299 0.000299 0.000299 0.000299 0.000299 0.000299 0.000299 0.000299 0.000299 0.000299 0.000299 0.000299 0.000299 0.000299 0.000299 0.000299 0.000299 0.000299 0.000298 0.000295 0.000291 0.000281 0.000265 0.000238 0.000198 0.000143 0.000075 0.000000 
50.000000 38.201908 27.433525 18.455730 11.608365 6.820658 3.743880 1.921333 0.923160 0.416125 0.176498 0.070809 0.027177 0.010269 0.004102 0.001980 0.001289 0.001076 0.001014 0.000996 0.000992 0.000990 0.000990 0.000990 0.000990 0.000990 0.000990 0.000990 0.000990 0.000990 0.000990 0.000990 0.000990 0.000990 0.000990 0.000990 0.000990 0.000990 0.000989 0.000988 0.000985 0.000977 0.000962 0.000932 0.000878 0.000789 0.000656 0.000474 0.000250 0.000000 
50.000000 38.202411 27.434488 18.457076 11.610000 6.822495 3.745847 1.923376 0.925244 0.418230 0.178613 0.072928 0.029298 0.012391 0.006224 0.004102 0.003412 0.003198 0.003136 0.003118 0.003114 0.003113 0.003112 0.003112 0.003112 0.003112 0.003112 0.003112 0.003112 0.003112 0.003112 0.003112 0.003112 0.003112 0.003112 0.003112 0.003112 0.003111 0.003110 0.003106 0.003096 0.003073 0.003026 0.002933 0.002765 0.002488 0.002070 0.001497 0.000789 0.000000 
50.000000 38.203874 27.437284 18.460982 11.614751 6.827834 3.751562 1.929312 0.931301 0.424347 0.184759 0.079087 0.035462 0.018556 0.012391 0.010269 0.009578 0.009365 0.009303 0.009285 0.009281 0.009279 0.009279 0.009279 0.009279 0.009279 0.009279 0.009279 0.009279 0.009279 0.009279 0.009279 0.009279 0.009279 0.009279 0.009279 0.009278 0.009277 0.009272 0.009260 0.009232 0.009167 0.009028 0.008756 0.008263 0.007443 0.006200 0.004490 0.002368 0.000000 
50.000000 38.207882 27.444948 18.471687 11.627770 6.842466 3.767227 1.945585 0.947906 0.441120 0.201610 0.095972 0.052361 0.035462 0.029298 0.027177 0.026486 0.026273 0.026211 0.026193 0.026189 0.026188 0.026187 0.026187 0.026187 0.026187 0.026187 0.026187 0.026187 0.026187 0.026187 0.026187 0.026187 0.026187 0.026187 0.026187 0.026185 0.026181 0.026169 0.026137 0.026059 0.025881 0.025502 0.024750 0.023381 0.021090 0.017595 0.012762 0.006737 0.000000 
50.000000 38.218219 27.464712 18.499299 11.661354 6.880215 3.807642 1.987574 0.990753 0.484401 0.245095 0.139546 0.095972 0.079087 0.072928 0.070809 0.070119 0.069906 0.069843 0.069826 0.069821 0.069820 0.069820 0.069820 0.069820 0.069820 0.069820 0.069820 0.069820 0.069820 0.069820 0.069820 0.069820 0.069820 0.069819 0.069818 0.069815 0.069804 0.069773 0.069693 0.069496 0.069040 0.068062 0.066114 0.062536 0.056505 0.047235 0.034326 0.018146 0.000000 
50.000000 38.243241 27.512558 18.566150 11.742674 6.971627 3.905521 2.089271 1.094534 0.589235 0.350425 0.245095 0.201610 0.184759 0.178613 0.176498 0.175809 0.175597 0.175534 0.175517 0.175512 0.175511 0.175511 0.175511 0.175511 0.175511 0.175511 0.175511 0.175511 0.175511 0.175511 0.175511 0.175511 0.175510 0.175510 0.175507 0.175498 0.175473 0.175401 0.175213 0.174744 0.173655 0.171300 0.166572 0.157808 0.142895 0.119754 0.087243 0.046207 0.000000 
50.000000 38.299940 27.620980 18.717651 11.926981 7.178828 4.127401 2.319822 1.329818 0.826917 0.589235 0.484401 0.441120 0.424347 0.418230 0.416125 0.415439 0.415228 0.415166 0.415148 0.415144 0.415143 0.415142 0.415142 0.415142 0.415142 0.415142 0.415142 0.415142 0.415142 0.415142 0.415142 0.415142 0.415142 0.415140 0.415134 0.415116 0.415060 0.414905 0.414492 0.413458 0.411041 0.405765 0.395066 0.375017 0.340502 0.286293 0.209260 0.111117 0.000000 
50.000000 38.419843 27.850277 19.038077 12.316830 7.617141 4.596801 2.807598 1.827634 1.329818 1.094534 0.990753 0.947906 0.931301 0.925244 0.923160 0.922481 0.922272 0.922211 0.922193 0.922189 0.922188 0.922187 0.922187 0.922187 0.922187 0.922187 0.922187 0.922187 0.922187 0.922187 0.922187 0.922187 0.922186 0.922183 0.922171 0.922134 0.922025 0.921713 0.920878 0.918777 0.913817 0.902877 0.880431 0.837806 0.763342 0.644580 0.473264 0.252204 0.000000 
50.000000 38.655767 28.301467 19.668629 13.084057 8.479821 5.520736 3.767758 2.807598 2.319822 2.089271 1.987574 1.945585 1.929312 1.923376 1.921333 1.920667 1.920462 1.920402 1.920385 1.920381 1.920380 1.920379 1.920379 1.920379 1.920379 1.920379 1.920379 1.920379 1.920379 1.920379 1.920379 1.920379 1.920377 1.920371 1.920350 1.920283 1.920083 1.919512 1.917971 1.914057 1.904721 1.883879 1.840509 1.756799 1.607858 1.365547 1.008904 0.540457 0.000000 
50.000000 39.086331 29.124930 20.819517 14.484514 10.054633 7.207485 5.520736 4.596801 4.127401 3.905521 3.807642 3.767227 3.751562 3.745847 3.743880 3.743240 3.743042 3.742985 3.742968 3.742964 3.742963 3.742963 3.742963 3.742963 3.742963 3.742963 3.742963 3.742963 3.742963 3.742963 3.742962 3.742962 3.742959 3.742949 3.742915 3.742806 3.742476 3.741528 3.738949 3.732335 3.716370 3.680227 3.603742 3.453156 3.178976 2.721184 2.028621 1.095359 0.000000 
50.000000 39.812889 30.514541 22.761777 16.848110 12.712677 10.054633 8.479821 7.617141 7.178828 6.971627 6.880215 6.842466 6.827834 6.822495 6.820658 6.820059 6.819874 6.819820 6.819805 6.819801 6.819800 6.819800 6.819800 6.819800 6.819800 6.819800 6.819800 6.819800 6.819800 6.819800 6.819799 6.819798 6.819794 6.819779 6.819730 6.819571 6.819085 6.817678 6.813819 6.803811 6.779335 6.723021 6.601477 6.356338 5.896844 5.102964 3.855185 2.108350 0.000000 
50.000000 40.943052 32.676160 25.783224 20.525219 16.848110 14.484514 13.084057 12.316830 11.926981 11.742674 11.661354 11.627770 11.614751 11.610000 11.608365 11.607832 11.607668 11.607619 11.607606 11.607602 11.607601 11.607601 11.607601 11.607601 11.607601 11.607601 11.607601 11.607601 11.607601 11.607601 11.607601 11.607599 11.607594 11.607575 11.607512 11.607308 11.606680 11.604849 11.599779 11.586480 11.553488 11.476198 11.305538 10.951266 10.262609 9.017830 6.952812 3.886463 0.000000 
50.000000 42.558915 35.766844 30.103468 25.783224 22.761777 20.819517 19.668629 19.038077 18.717651 18.566150 18.499299 18.471687 18.460982 18.457076 18.455730 18.455292 18.455157 18.455117 18.455106 18.455103 18.455103 18.455102 18.455102 18.455102 18.455102 18.455102 18.455102 18.455102 18.455102 18.455102 18.455102 18.455100 18.455095 18.455074 18.455006 18.454782 18.454092 18.452064 18.446396 18.431358 18.393497 18.303081 18.098333 17.658813 16.765393 15.051734 11.980833 6.970392 0.000000 
50.000000 44.677025 39.818268 35.766844 32.676160 30.514541 29.124930 28.301467 27.850277 27.620980 27.512558 27.464712 27.444948 27.437284 27.434488 27.433525 27.433211 27.433114 27.433086 27.433078 27.433076 27.433075 27.433075 27.433075 27.433075 27.433075 27.433075 27.433075 27.433075 27.433075 27.433075 27.433075 27.433073 27.433068 27.433051 27.432991 27.432795 27.432186 27.430386 27.425315 27.411719 27.377013 27.292563 27.096309 26.659356 25.723348 23.786011 19.909134 12.516518 0.000000 
50.000000 47.217177 44.677025 42.558915 40.943052 39.812889 39.086331 38.655767 38.419843 38.299940 38.243241 38.218219 38.207882 38.203874 38.202411 38.201908 38.201744 38.201693 38.201678 38.201674 38.201673 38.201672 38.201672 38.201672 38.201672 38.201672 38.201672 38.201672 38.201672 38.201672 38.201672 38.201672 38.201671 38.201668 38.201658 38.201623 38.201507 38.201146 38.200073 38.197034 38.188823 38.167639 38.115311 37.990973 37.704538 37.056589 35.588523 32.160507 23.608588 0.000000 
50.000000 50.000000 50.000000 50.000000 50.000000 50.000000 50.000000 50.000000 50.000000 50.000000 50.000000 50.000000 50.000000 50.000000 50.000000 50.000000 50.000000 50.000000 50.000000 50.000000 50.000000 50.000000 50.000000 50.000000 50.000000 50.000000 50.000000 50.000000 50.000000 50.000000 50.000000 50.000000 50.000000 50.000000 50.000000 50.000000 50.000000 50.000000 50.000000 50.000000 50.000000 50.000000 50.000000 50.000000 50.000000 50.000000 50.000000 50.000000 50.000000 50.000000 
