50.000000 50.000000 50.000000 50.000000 50.000000 50.000000 50.000000 50.000000 50.000000 50.000000 50.000000 50.000000 50.000000 50.000000 50.000000 50.000000 50.000000 50.000000 50.000000 50.000000 50.000000 50.000000 50.000000 50.000000 50.000000 50.000000 50.000000 50.000000 50.000000 50.000000 50.000000 50.000000 50.000000 50.000000 50.000000 50.000000 50.000000 50.000000 50.000000 50.000000 50.000000 50.000000 50.000000 50.000000 50.000000 50.000000 50.000000 50.000000 50.000000 50.000000 
50.000000 45.569216 41.752102 38.908934 37.066371 36.019213 35.492898 35.256980 35.161917 35.127229 35.115690 35.112169 35.111179 35.110921 35.110858 35.110844 35.110841 35.110841 35.110840 35.110840 35.110840 35.110840 35.110840 35.110840 35.110840 35.110840 35.110840 35.110840 35.110840 35.110840 35.110840 35.110840 35.110840 35.110840 35.110840 35.110839 35.110836 35.110818 35.110742 35.110430 35.109232 35.104914 35.090338 35.044180 34.906571 34.517233 33.456416 30.605460 22.784608 0.000000 
50.000000 41.752102 34.646772 29.354704 25.925387 23.976659 22.997328 22.558408 22.381572 22.317056 22.295598 22.289053 22.287212 22.286733 22.286616 22.286590 22.286584 22.286583 22.286583 22.286583 22.286583 22.286583 22.286583 22.286583 22.286583 22.286583 22.286583 22.286583 22.286583 22.286583 22.286583 22.286583 22.286583 22.286583 22.286583 22.286581 22.286576 22.286549 22.286434 22.285966 22.284183 22.277826 22.256705 22.191343 22.003106 21.498589 20.239806 17.323386 11.146641 0.000000 
50.000000 38.908934 29.354704 22.239279 17.628948 15.009485 13.693301 13.103522 12.865956 12.779302 12.750488 12.741701 12.739231 12.738587 12.738431 12.738395 12.738388 12.738386 12.738386 12.738386 12.738386 12.738386 12.738386 12.738386 12.738386 12.738386 12.738386 12.738386 12.738386 12.738386 12.738386 12.738386 12.738386 12.738386 12.738386 12.738384 12.738379 12.738353 12.738244 12.737800 12.736124 12.730231 12.710999 12.652923 12.491302 12.078754 11.119640 9.114898 5.452518 0.000000 
50.000000 37.066371 25.925387 17.628948 12.254045 9.200635 7.666677 6.979448 6.702687 6.601759 6.568208 6.557978 6.555103 6.554353 6.554172 6.554131 6.554122 6.554120 6.554120 6.554120 6.554120 6.554120 6.554120 6.554120 6.554120 6.554120 6.554120 6.554120 6.554120 6.554120 6.554120 6.554120 6.554120 6.554120 6.554120 6.554119 6.554115 6.554096 6.554016 6.553694 6.552493 6.548325 6.534948 6.495450 6.388749 6.127022 5.550194 4.426799 2.549139 0.000000 
50.000000 36.019213 23.976659 15.009485 9.200635 5.901124 4.243776 3.501389 3.202468 3.093480 3.057255 3.046214 3.043110 3.042302 3.042106 3.042062 3.042052 3.042050 3.042050 3.042050 3.042050 3.042050 3.042050 3.042050 3.042050 3.042050 3.042050 3.042050 3.042050 3.042050 3.042050 3.042050 3.042050 3.042050 3.042050 3.042049 3.042047 3.042036 3.041988 3.041797 3.041093 3.038676 3.031035 3.008902 2.950562 2.811886 2.518183 1.973553 1.112641 0.000000 
50.000000 35.492898 22.997328 13.693301 7.666677 4.243776 2.524629 1.754649 1.444657 1.331648 1.294092 1.282646 1.279429 1.278592 1.278389 1.278343 1.278333 1.278331 1.278331 1.278331 1.278331 1.278331 1.278331 1.278331 1.278331 1.278331 1.278331 1.278331 1.278331 1.278331 1.278331 1.278331 1.278331 1.278331 1.278331 1.278330 1.278329 1.278323 1.278299 1.278203 1.277852 1.276658 1.272934 1.262314 1.234874 1.171227 1.040378 0.805985 0.448718 0.000000 
50.000000 35.256980 22.558408 13.103522 6.979448 3.501389 1.754649 0.972366 0.657445 0.542647 0.504501 0.492876 0.489609 0.488759 0.488552 0.488506 0.488496 0.488494 0.488494 0.488493 0.488493 0.488493 0.488493 0.488493 0.488493 0.488493 0.488493 0.488493 0.488493 0.488493 0.488493 0.488493 0.488493 0.488493 0.488493 0.488493 0.488493 0.488490 0.488480 0.488438 0.488285 0.487771 0.486183 0.481715 0.470354 0.444499 0.392523 0.301703 0.166642 0.000000 
50.000000 35.161917 22.381572 12.865956 6.702687 3.202468 1.444657 0.657445 0.340552 0.225040 0.186658 0.174962 0.171675 0.170820 0.170612 0.170565 0.170556 0.170554 0.170553 0.170553 0.170553 0.170553 0.170553 0.170553 0.170553 0.170553 0.170553 0.170553 0.170553 0.170553 0.170553 0.170553 0.170553 0.170553 0.170553 0.170553 0.170553 0.170552 0.170548 0.170531 0.170473 0.170276 0.169674 0.167999 0.163792 0.154362 0.135724 0.103746 0.057002 0.000000 
50.000000 35.127229 22.317056 12.779302 6.601759 3.093480 1.331648 0.542647 0.225040 0.109271 0.070804 0.059082 0.055788 0.054931 0.054723 0.054676 0.054666 0.054664 0.054663 0.054663 0.054663 0.054663 0.054663 0.054663 0.054663 0.054663 0.054663 0.054663 0.054663 0.054663 0.054663 0.054663 0.054663 0.054663 0.054663 0.054663 0.054663 0.054663 0.054662 0.054656 0.054636 0.054568 0.054363 0.053796 0.052387 0.049266 0.043178 0.032873 0.017996 0.000000 
50.000000 35.115690 22.295598 12.750488 6.568208 3.057255 1.294092 0.504501 0.186658 0.070804 0.032309 0.020578 0.017282 0.016424 0.016216 0.016169 0.016159 0.016157 0.016157 0.016157 0.016157 0.016157 0.016157 0.016157 0.016157 0.016157 0.016157 0.016157 0.016157 0.016157 0.016157 0.016157 0.016157 0.016157 0.016157 0.016157 0.016157 0.016156 0.016156 0.016154 0.016148 0.016127 0.016063 0.015888 0.015458 0.014513 0.012689 0.009632 0.005259 0.000000 
50.000000 35.112169 22.289053 12.741701 6.557978 3.046214 1.282646 0.492876 0.174962 0.059082 0.020578 0.008845 0.005549 0.004690 0.004482 0.004435 0.004425 0.004423 0.004423 0.004423 0.004423 0.004423 0.004423 0.004423 0.004423 0.004423 0.004423 0.004423 0.004423 0.004423 0.004423 0.004423 0.004423 0.004423 0.004423 0.004423 0.004423 0.004423 0.004423 0.004422 0.004420 0.004414 0.004396 0.004347 0.004226 0.003962 0.003458 0.002619 0.001427 0.000000 
50.000000 35.111179 22.287212 12.739231 6.555103 3.043110 1.279429 0.489609 0.171675 0.055788 0.017282 0.005549 0.002252 0.001393 0.001185 0.001138 0.001128 0.001126 0.001126 0.001126 0.001126 0.001126 0.001126 0.001126 0.001126 0.001126 0.001126 0.001126 0.001126 0.001126 0.001126 0.001126 0.001126 0.001126 0.001126 0.001126 0.001126 0.001126 0.001126 0.001126 0.001125 0.001124 0.001119 0.001106 0.001075 0.001007 0.000877 0.000663 0.000361 0.000000 
50.000000 35.110921 22.286733 12.738587 6.554353 3.042302 1.278592 0.488759 0.170820 0.054931 0.016424 0.004690 0.001393 0.000535 0.000327 0.000280 0.000270 0.000268 0.000268 0.000268 0.000267 0.000267 0.000267 0.000267 0.000267 0.000267 0.000267 0.000267 0.000267 0.000267 0.000267 0.000267 0.000267 0.000267 0.000267 0.000267 0.000267 0.000267 0.000267 0.000267 0.000267 0.000267 0.000266 0.000263 0.000255 0.000239 0.000208 0.000157 0.000085 0.000000 
50.000000 35.110858 22.286616 12.738431 6.554172 3.042106 1.278389 0.488552 0.170612 0.054723 0.016216 0.004482 0.001185 0.000327 0.000119 0.000072 0.000062 0.000060 0.000060 0.000060 0.000060 0.000060 0.000060 0.000060 0.000060 0.000060 0.000060 0.000060 0.000060 0.000060 0.000060 0.000060 0.000060 0.000060 0.000060 0.000060 0.000060 0.000060 0.000060 0.000060 0.000059 0.000059 0.000059 0.000058 0.000057 0.000053 0.000046 0.000035 0.000019 0.000000 
50.000000 35.110844 22.286590 12.738395 6.554131 3.042062 1.278343 0.488506 0.170565 0.054676 0.016169 0.004435 0.001138 0.000280 0.000072 0.000025 0.000015 0.000013 0.000013 0.000012 0.000012 0.000012 0.000012 0.000012 0.000012 0.000012 0.000012 0.000012 0.000012 0.000012 0.000012 0.000012 0.000012 0.000012 0.000012 0.000012 0.000012 0.000012 0.000012 0.000012 0.000012 0.000012 0.000012 0.000012 0.000012 0.000011 0.000010 0.000007 0.000004 0.000000 
50.000000 35.110841 22.286584 12.738388 6.554122 3.042052 1.278333 0.488496 0.170556 0.054666 0.016159 0.004425 0.001128 0.000270 0.000062 0.000015 0.000005 0.000003 0.000003 0.000002 0.000002 0.000002 0.000002 0.000002 0.000002 0.000002 0.000002 0.000002 0.000002 0.000002 0.000002 0.000002 0.000002 0.000002 0.000002 0.000002 0.000002 0.000002 0.000002 0.000002 0.000002 0.000002 0.000002 0.000002 0.000002 0.000002 0.000002 0.000001 0.000001 0.000000 
50.000000 35.110841 22.286583 12.738386 6.554120 3.042050 1.278331 0.488494 0.170554 0.054664 0.016157 0.004423 0.001126 0.000268 0.000060 0.000013 0.000003 0.000001 0.000001 0.000000 0.000000 0.000000 0.000000 0.000000 0.000000 0.000000 0.000000 0.000000 0.000000 0.000000 0.000000 0.000000 0.000000 0.000000 0.000000 0.000000 0.000000 0.000000 0.000000 0.000000 0.000000 0.000000 0.000000 0.000000 0.000000 0.000000 0.000000 0.000000 0.000000 0.000000 
50.000000 35.110840 22.286583 12.738386 6.554120 3.042050 1.278331 0.488494 0.170553 0.054663 0.016157 0.004423 0.001126 0.000268 0.000060 0.000013 0.000003 0.000001 0.000000 0.000000 0.000000 0.000000 0.000000 0.000000 0.000000 0.000000 0.000000 0.000000 0.000000 0.000000 0.000000 0.000000 0.000000 0.000000 0.000000 0.000000 0.000000 0.000000 0.000000 0.000000 0.000000 0.000000 0.000000 0.000000 0.000000 0.000000 0.000000 0.000000 0.000000 0.000000 
50.000000 35.110840 22.286583 12.738386 6.554120 3.042050 1.278331 0.488493 0.170553 0.054663 0.016157 0.004423 0.001126 0.000268 0.000060 0.000012 0.000002 0.000000 0.000000 0.000000 0.000000 0.000000 0.000000 0.000000 0.000000 0.000000 0.000000 0.000000 0.000000 0.000000 0.000000 0.000000 0.000000 0.000000 0.000000 0.000000 0.000000 0.000000 0.000000 0.000000 0.000000 0.000000 0.000000 0.000000 0.000000 0.000000 0.000000 0.000000 0.000000 0.000000 
50.000000 35.110840 22.286583 12.738386 6.554120 3.042050 1.278331 0.488493 0.170553 0.054663 0.016157 0.004423 0.001126 0.000267 0.000060 0.000012 0.000002 0.000000 0.000000 0.000000 0.000000 0.000000 0.000000 0.000000 0.000000 0.000000 0.000000 0.000000 0.000000 0.000000 0.000000 0.000000 0.000000 0.000000 0.000000 0.000000 0.000000 0.000000 0.000000 0.000000 0.000000 0.000000 0.000000 0.000000 0.000000 0.000000 0.000000 0.000000 0.000000 0.000000 
50.000000 35.110840 22.286583 12.738386 6.554120 3.042050 1.278331 0.488493 0.170553 0.054663 0.016157 0.004423 0.001126 0.000267 0.000060 0.000012 0.000002 0.000000 0.000000 0.000000 0.000000 0.000000 0.000000 0.000000 0.000000 0.000000 0.000000 0.000000 0.000000 0.000000 0.000000 0.000000 0.000000 0.000000 0.000000 0.000000 0.000000 0.000000 0.000000 0.000000 0.000000 0.000000 0.000000 0.000000 0.000000 0.000000 0.000000 0.000000 0.000000 0.000000 
50.000000 35.110840 22.286583 12.738386 6.554120 3.042050 1.278331 0.488493 0.170553 0.054663 0.016157 0.004423 0.001126 0.000267 0.000060 0.000012 0.000002 0.000000 0.000000 0.000000 0.000000 0.000000 0.000000 0.000000 0.000000 0.000000 0.000000 0.000000 0.000000 0.000000 0.000000 0.000000 0.000000 0.000000 0.000000 0.000000 0.000000 0.000000 0.000000 0.000000 0.000000 0.000000 0.000000 0.000000 0.000000 0.000000 0.000000 0.000000 0.000000 0.000000 
50.000000 35.110840 22.286583 12.738386 6.554120 3.042050 1.278331 0.488493 0.170553 0.054663 0.016157 0.004423 0.001126 0.000267 0.000060 0.000012 0.000002 0.000000 0.000000 0.000000 0.000000 0.000000 0.000000 0.000000 0.000000 0.000000 0.000000 0.000000 0.000000 0.000000 0.000000 0.000000 0.000000 0.000000 0.000000 0.000000 0.000000 0.000000 0.000000 0.000000 0.000000 0.000000 0.000000 0.000000 0.000000 0.000000 0.000000 0.000000 0.000000 0.000000 
50.000000 35.110840 22.286583 12.738386 6.554120 3.042050 1.278331 0.488493 0.170553 0.054663 0.016157 0.004423 0.001126 0.000267 0.000060 0.000012 0.000002 0.000000 0.000000 0.000000 0.000000 0.000000 0.000000 0.000000 0.000000 0.000000 0.000000 0.000000 0.000000 0.000000 0.000000 0.000000 0.000000 0.000000 0.000000 0.000000 0.000000 0.000000 0.000000 0.000000 0.000000 0.000000 0.000000 0.000000 0.000000 0.000000 0.000000 0.000000 0.000000 0.000000 
50.000000 35.110840 22.286583 12.738386 6.554120 3.042050 1.278331 0.488493 0.170553 0.054663 0.016157 0.004423 0.001126 0.000267 0.000060 0.000012 0.000002 0.000000 0.000000 0.000000 0.000000 0.000000 0.000000 0.000000 0.000000 0.000000 0.000000 0.000000 0.000000 0.000000 0.000000 0.000000 0.000000 0.000000 0.000000 0.000000 0.000000 0.000000 0.000000 0.000000 0.000000 0.000000 0.000000 0.000000 0.000000 0.000000 0.000000 0.000000 0.000000 0.000000 
50.000000 35.110840 22.286583 12.738386 6.554120 3.042050 1.278331 0.488493 0.170553 0.054663 0.016157 0.004423 0.001126 0.000267 0.000060 0.000012 0.000002 0.000000 0.000000 0.000000 0.000000 0.000000 0.000000 0.000000 0.000000 0.000000 0.000000 0.000000 0.000000 0.000000 0.000000 0.000000 0.000000 0.000000 0.000000 0.000000 0.000000 0.000000 0.000000 0.000000 0.000000 0.000000 0.000000 0.000000 0.000000 0.000000 0.000000 0.000000 0.000000 0.000000 
50.000000 35.110840 22.286583 12.738386 6.554120 3.042050 1.278331 0.488493 0.170553 0.054663 0.016157 0.004423 0.001126 0.000267 0.000060 0.000012 0.000002 0.000000 0.000000 0.000000 0.000000 0.000000 0.000000 0.000000 0.000000 0.000000 0.000000 0.000000 0.000000 0.000000 0.000000 0.000000 0.000000 0.000000 0.000000 0.000000 0.000000 0.000000 0.000000 0.000000 0.000000 0.000000 0.000000 0.000000 0.000000 0.000000 0.000000 0.000000 0.000000 0.000000 
50.000000 35.110840 22.286583 12.738386 6.554120 3.042050 1.278331 0.488493 0.170553 0.054663 0.016157 0.004423 0.001126 0.000267 0.000060 0.000012 0.000002 0.000000 0.000000 0.000000 0.000000 0.000000 0.000000 0.000000 0.000000 0.000000 0.000000 0.000000 0.000000 0.000000 0.000000 0.000000 0.000000 0.000000 0.000000 0.000000 0.000000 0.000000 0.000000 0.000000 0.000000 0.000000 0.000000 0.000000 0.000000 0.000000 0.000000 0.000000 0.000000 0.000000 
50.000000 35.110840 22.286583 12.738386 6.554120 3.042050 1.278331 0.488493 0.170553 0.054663 0.016157 0.004423 0.001126 0.000267 0.000060 0.000012 0.000002 0.000000 0.000000 0.000000 0.000000 0.000000 0.000000 0.000000 0.000000 0.000000 0.000000 0.000000 0.000000 0.000000 0.000000 0.000000 0.000000 0.000000 0.000000 0.000000 0.000000 0.000000 0.000000 0.000000 0.000000 0.000000 0.000000 0.000000 0.000000 0.000000 0.000000 0.000000 0.000000 0.000000 
50.000000 35.110840 22.286583 12.738386 6.554120 3.042050 1.278331 0.488493 0.170553 0.054663 0.016157 0.004423 0.001126 0.000268 0.000060 0.000012 0.000002 0.000000 0.000000 0.000000 0.000000 0.000000 0.000000 0.000000 0.000000 0.000000 0.000000 0.000000 0.000000 0.000000 0.000000 0.000000 0.000000 0.000000 0.000000 0.000000 0.000000 0.000000 0.000000 0.000000 0.000000 0.000000 0.000000 0.000000 0.000000 0.000000 0.000000 0.000000 0.000000 0.000000 
50.000000 35.110840 22.286583 12.738386 6.554120 3.042050 1.278331 0.488494 0.170553 0.054663 0.016157 0.004423 0.001126 0.000268 0.000060 0.000013 0.000003 0.000001 0.000000 0.000000 0.000000 0.000000 0.000000 0.000000 0.000000 0.000000 0.000000 0.000000 0.000000 0.000000 0.000000 0.000000 0.000000 0.000000 0.000000 0.000000 0.000000 0.000000 0.000000 0.000000 0.000000 0.000000 0.000000 0.000000 0.000000 0.000000 0.000000 0.000000 0.000000 0.000000 
50.000000 35.110841 22.286583 12.738386 6.554120 3.042050 1.278331 0.488494 0.170554 0.054664 0.016157 0.004423 0.001126 0.000268 0.000060 0.000013 0.000003 0.000001 0.000001 0.000000 0.000000 0.000000 0.000000 0.000000 0.000000 0.000000 0.000000 0.000000 0.000000 0.000000 0.000000 0.000000 0.000000 0.000000 0.000000 0.000000 0.000000 0.000000 0.000000 0.000000 0.000000 0.000000 0.000000 0.000000 0.000000 0.000000 0.000000 0.000000 0.000000 0.000000 
50.000000 35.110841 22.286584 12.738388 6.554122 3.042052 1.278333 0.488496 0.170556 0.054666 0.016159 0.004425 0.001128 0.000270 0.000062 0.000015 0.000005 0.000003 0.000003 0.000002 0.000002 0.000002 0.000002 0.000002 0.000002 0.000002 0.000002 0.000002 0.000002 0.000002 0.000002 0.000002 0.000002 0.000002 0.000002 0.000002 0.000002 0.000002 0.000002 0.000002 0.000002 0.000002 0.000002 0.000002 0.000002 0.000002 0.000002 0.000001 0.000001 0.000000 
50.000000 35.110844 22.286590 12.738395 6.554131 3.042062 1.278343 0.488506 0.170565 0.054676 0.016169 0.004435 0.001138 0.000280 0.000072 0.000025 0.000015 0.000013 0.000013 0.000012 0.000012 0.000012 0.000012 0.000012 0.000012 0.000012 0.000012 0.000012 0.000012 0.000012 0.000012 0.000012 0.000012 0.000012 0.000012 0.000012 0.000012 0.000012 0.000012 0.000012 0.000012 0.000012 0.000012 0.000012 0.000012 0.000011 0.000010 0.000007 0.000004 0.000000 
50.000000 35.110858 22.286616 12.738431 6.554172 3.042106 1.278389 0.488552 0.170612 0.054723 0.016216 0.004482 0.001185 0.000327 0.000119 0.000072 0.000062 0.000060 0.000060 0.000060 0.000060 0.000060 0.000060 0.000060 0.000060 0.000060 0.000060 0.000060 0.000060 0.000060 0.000060 0.000060 0.000060 0.000060 0.000060 0.000060 0.000060 0.000060 0.000060 0.000060 0.000059 0.000059 0.000059 0.000058 0.000057 0.000053 0.000046 0.000035 0.000019 0.000000 
50.000000 35.110921 22.286733 12.738587 6.554353 3.042302 1.278592 0.488759 0.170820 0.054931 0.016424 0.004690 0.001393 0.000535 0.000327 0.000280 0.000270 0.000268 0.000268 0.000268 0.000267 0.000267 0.000267 0.000267 0.000267 0.000267 0.000267 0.000267 0.000267 0.000267 0.000267 0.000267 0.000267 0.000267 0.000267 0.000267 0.000267 0.000267 0.000267 0.000267 0.000267 0.000267 0.000266 0.000263 0.000255 0.000239 0.000208 0.000157 0.000085 0.000000 
50.000000 35.111179 22.287212 12.739231 6.555103 3.043110 1.279429 0.489609 0.171675 0.055788 0.017282 0.005549 0.002252 0.001393 0.001185 0.001138 0.001128 0.001126 0.001126 0.001126 0.001126 0.001126 0.001126 0.001126 0.001126 0.001126 0.001126 0.001126 0.001126 0.001126 0.001126 0.001126 0.001126 0.001126 0.001126 0.001126 0.001126 0.001126 0.001126 0.001126 0.001125 0.001124 0.001119 0.001106 0.001075 0.001007 0.000877 0.000663 0.000361 0.000000 
50.000000 35.112169 22.289053 12.741701 6.557978 3.046214 1.282646 0.492876 0.174962 0.059082 0.020578 0.008845 0.005549 0.004690 0.004482 0.004435 0.004425 0.004423 0.004423 0.004423 0.004423 0.004423 0.004423 0.004423 0.004423 0.004423 0.004423 0.004423 0.004423 0.004423 0.004423 0.004423 0.004423 0.004423 0.004423 0.004423 0.004423 0.004423 0.004423 0.004422 0.004420 0.004414 0.004396 0.004347 0.004226 0.003962 0.003458 0.002619 0.001427 0.000000 
50.000000 35.115690 22.295598 12.750488 6.568208 3.057255 1.294092 0.504501 0.186658 0.070804 0.032309 0.020578 0.017282 0.016424 0.016216 0.016169 0.016159 0.016157 0.016157 0.016157 0.016157 0.016157 0.016157 0.016157 0.016157 0.016157 0.016157 0.016157 0.016157 0.016157 0.016157 0.016157 0.016157 0.016157 0.016157 0.016157 0.016157 0.016156 0.016156 0.016154 0.016148 0.016127 0.016063 0.015888 0.015458 0.014513 0.012689 0.009632 0.005259 0.000000 
50.000000 35.127229 22.317056 12.779302 6.601759 3.093480 1.331648 0.542647 0.225040 0.109271 0.070804 0.059082 0.055788 0.054931 0.054723 0.054676 0.054666 0.054664 0.054663 0.054663 0.054663 0.054663 0.054663 0.054663 0.054663 0.054663 0.054663 0.054663 0.054663 0.054663 0.054663 0.054663 0.054663 0.054663 0.054663 0.054663 0.054663 0.054663 0.054662 0.054656 0.054636 0.054568 0.054363 0.053796 0.052387 0.049266 0.043178 0.032873 0.017996 0.000000 
50.000000 35.161917 22.381572 12.865956 6.702687 3.202468 1.444657 0.657445 0.340552 0.225040 0.186658 0.174962 0.171675 0.170820 0.170612 0.170565 0.170556 0.170554 0.170553 0.170553 0.170553 0.170553 0.170553 0.170553 0.170553 0.170553 0.170553 0.170553 0.170553 0.170553 0.170553 0.170553 0.170553 0.170553 0.170553 0.170553 0.170553 0.170552 0.170548 0.170531 0.170473 0.170276 0.169674 0.167999 0.163792 0.154362 0.135724 0.103746 0.057002 0.000000 
50.000000 35.256980 22.558408 13.103522 6.979448 3.501389 1.754649 0.972366 0.657445 0.542647 0.504501 0.492876 0.489609 0.488759 0.488552 0.488506 0.488496 0.488494 0.488494 0.488493 0.488493 0.488493 0.488493 0.488493 0.488493 0.488493 0.488493 0.488493 0.488493 0.488493 0.488493 0.488493 0.488493 0.488493 0.488493 0.488493 0.488493 0.488490 0.488480 0.488438 0.488285 0.487771 0.486183 0.481715 0.470354 0.444499 0.392523 0.301703 0.166642 0.000000 
50.000000 35.492898 22.997328 13.693301 7.666677 4.243776 2.524629 1.754649 1.444657 1.331648 1.294092 1.282646 1.279429 1.278592 1.278389 1.278343 1.278333 1.278331 1.278331 1.278331 1.278331 1.278331 1.278331 1.278331 1.278331 1.278331 1.278331 1.278331 1.278331 1.278331 1.278331 1.278331 1.278331 1.278331 1.278331 1.278330 1.278329 1.278323 1.278299 1.278203 1.277852 1.276658 1.272934 1.262314 1.234874 1.171227 1.040378 0.805985 0.448718 0.000000 
50.000000 36.019213 23.976659 15.009485 9.200635 5.901124 4.243776 3.501389 3.202468 3.093480 3.057255 3.046214 3.043110 3.042302 3.042106 3.042062 3.042052 3.042050 3.042050 3.042050 3.042050 3.042050 3.042050 3.042050 3.042050 3.042050 3.042050 3.042050 3.042050 3.042050 3.042050 3.042050 3.042050 3.042050 3.042050 3.042049 3.042047 3.042036 3.041988 3.041797 3.041093 3.038676 3.031035 3.008902 2.950562 2.811886 2.518183 1.973553 1.112641 0.000000 
50.000000 37.066371 25.925387 17.628948 12.254045 9.200635 7.666677 6.979448 6.702687 6.601759 6.568208 6.557978 6.555103 6.554353 6.554172 6.554131 6.554122 6.554120 6.554120 6.554120 6.554120 6.554120 6.554120 6.554120 6.554120 6.554120 6.554120 6.554120 6.554120 6.554120 6.554120 6.554120 6.554120 6.554120 6.554120 6.554119 6.554115 6.554096 6.554016 6.553694 6.552493 6.548325 6.534948 6.495450 6.388749 6.127022 5.550194 4.426799 2.549139 0.000000 
50.000000 38.908934 29.354704 22.239279 17.628948 15.009485 13.693301 13.103522 12.865956 12.779302 12.750488 12.741701 12.739231 12.738587 12.738431 12.738395 12.738388 12.738386 12.738386 12.738386 12.738386 12.738386 12.738386 12.738386 12.738386 12.738386 12.738386 12.738386 12.738386 12.738386 12.738386 12.738386 12.738386 12.738386 12.738386 12.738384 12.738379 12.738353 12.738244 12.737800 12.736124 12.730231 12.710999 12.652923 12.491302 12.078754 11.119640 9.114898 5.452518 0.000000 
50.000000 41.752102 34.646772 29.354704 25.925387 23.976659 22.997328 22.558408 22.381572 22.317056 22.295598 22.289053 22.287212 22.286733 22.286616 22.286590 22.286584 22.286583 22.286583 22.286583 22.286583 22.286583 22.286583 22.286583 22.286583 22.286583 22.286583 22.286583 22.286583 22.286583 22.286583 22.286583 22.286583 22.286583 22.286583 22.286581 22.286576 22.286549 22.286434 22.285966 22.284183 22.277826 22.256705 22.191343 22.003106 21.498589 20.239806 17.323386 11.146641 0.000000 
50.000000 45.569216 41.752102 38.908934 37.066371 36.019213 35.492898 35.256980 35.161917 35.127229 35.115690 35.112169 35.111179 35.110921 35.110858 35.110844 35.110841 35.110841 35.110840 35.110840 35.110840 35.110840 35.110840 35.110840 35.110840 35.110840 35.110840 35.110840 35.110840 35.110840 35.110840 35.110840 35.110840 35.110840 35.110840 35.110839 35.110836 35.110818 35.110742 35.110430 35.109232 35.104914 35.090338 35.044180 34.906571 34.517233 33.456416 30.605460 22.784608 0.000000 
50.000000 50.000000 50.000000 50.000000 50.000000 50.000000 50.000000 50.000000 50.000000 50.000000 50.000000 50.000000 50.000000 50.000000 50.000000 50.000000 50.000000 50.000000 50.000000 50.000000 50.000000 50.000000 50.000000 50.000000 50.000000 50.000000 50.000000 50.000000 50.000000 50.000000 50.000000 50.000000 50.000000 50.000000 50.000000 50.000000 50.000000 50.000000 50.000000 50.000000 50.000000 50.000000 50.000000 50.000000 50.000000 50.000000 50.000000 50.000000 50.000000 50.000000 
