50.000000 50.000000 50.000000 50.000000 50.000000 50.000000 50.000000 50.000000 50.000000 50.000000 50.000000 50.000000 50.000000 50.000000 50.000000 50.000000 50.000000 50.000000 50.000000 50.000000 50.000000 50.000000 50.000000 50.000000 50.000000 50.000000 50.000000 50.000000 50.000000 50.000000 50.000000 50.000000 50.000000 50.000000 50.000000 50.000000 50.000000 50.000000 50.000000 50.000000 50.000000 50.000000 50.000000 50.000000 50.000000 50.000000 50.000000 50.000000 50.000000 50.000000 
50.000000 48.620482 47.300688 46.092594 45.034353 44.147061 43.434719 42.886917 42.483206 42.197936 42.004548 41.878697 41.800027 41.752756 41.725435 41.710234 41.702088 41.697879 41.695782 41.694773 41.694303 41.694093 41.694001 41.693962 41.693947 41.693940 41.693937 41.693934 41.693928 41.693915 41.693882 41.693804 41.693627 41.693230 41.692370 41.690555 41.686829 41.679382 41.664870 41.637259 41.585840 41.491788 41.321997 41.017302 40.468057 39.457983 37.519706 33.518051 24.310241 0.000000 
50.000000 47.300688 44.718241 42.354362 40.283705 38.547550 37.153723 36.081856 35.291930 34.733755 34.355366 34.109125 33.955199 33.862709 33.809253 33.779512 33.763574 33.755340 33.751236 33.749262 33.748344 33.747931 33.747752 33.747677 33.747646 33.747633 33.747627 33.747621 33.747611 33.747585 33.747525 33.747382 33.747054 33.746323 33.744740 33.741405 33.734577 33.720972 33.694569 33.644599 33.552195 33.384832 33.086917 32.563441 31.650372 30.059168 27.271965 22.359120 13.782637 0.000000 
50.000000 46.092594 42.354362 38.932528 35.935161 33.422012 31.404410 29.852865 28.709445 27.901495 27.353787 26.997365 26.774567 26.640696 26.563324 26.520278 26.497210 26.485292 26.479353 26.476496 26.475167 26.474571 26.474311 26.474202 26.474157 26.474139 26.474130 26.474122 26.474108 26.474075 26.473995 26.473807 26.473376 26.472418 26.470347 26.466001 26.457136 26.439557 26.405648 26.341974 26.225431 26.017218 25.653471 25.030854 23.984797 22.258454 19.466264 15.082397 8.572888 0.000000 
50.000000 45.034353 40.283705 35.935161 32.126058 28.932330 26.368368 24.396690 22.943668 21.916964 21.220973 20.768063 20.484955 20.314851 20.216538 20.161844 20.132533 20.117392 20.109846 20.106215 20.104528 20.103770 20.103440 20.103301 20.103244 20.103221 20.103210 20.103201 20.103186 20.103148 20.103059 20.102850 20.102372 20.101313 20.099031 20.094260 20.084577 20.065491 20.028952 19.960983 19.838065 19.621847 19.251711 18.634977 17.635362 16.063029 13.676707 10.224538 5.576370 0.000000 
50.000000 44.147061 38.547550 33.422012 28.932330 25.168002 22.145987 19.822095 18.109533 16.899456 16.079174 15.545392 15.211739 15.011269 14.895409 14.830954 14.796414 14.778571 14.769679 14.765401 14.763413 14.762520 14.762131 14.761968 14.761901 14.761874 14.761861 14.761852 14.761836 14.761799 14.761710 14.761503 14.761030 14.759986 14.757747 14.753088 14.743683 14.725273 14.690318 14.625954 14.511024 14.312035 13.978130 13.435644 12.584001 11.296967 9.437215 6.897177 3.679003 0.000000 
50.000000 43.434719 37.153723 31.404410 26.368368 22.145987 18.756281 16.149671 14.228793 12.871544 11.951513 11.352834 10.978624 10.753791 10.623853 10.551569 10.512834 10.492825 10.482854 10.478057 10.475827 10.474826 10.474390 10.474207 10.474132 10.474102 10.474088 10.474079 10.474064 10.474030 10.473950 10.473762 10.473335 10.472395 10.470389 10.466235 10.457900 10.441700 10.411205 10.355632 10.257635 10.090533 9.815301 9.378141 8.710344 7.733391 6.373556 4.590282 2.417416 0.000000 
50.000000 42.886917 36.081856 29.852865 24.396690 19.822095 16.149671 13.325694 11.244661 9.774274 8.777570 8.129011 7.723631 7.480076 7.339322 7.261023 7.219066 7.197392 7.186592 7.181397 7.178982 7.177898 7.177426 7.177227 7.177146 7.177114 7.177100 7.177091 7.177078 7.177049 7.176981 7.176823 7.176466 7.175683 7.174017 7.170586 7.163745 7.150544 7.125904 7.081452 7.003993 6.873771 6.662847 6.334370 5.843965 5.144979 4.199394 2.994938 1.564921 0.000000 
50.000000 42.483206 35.291930 28.709445 22.943668 18.109533 14.228793 11.244661 9.045637 7.491906 6.438724 5.753428 5.325094 5.067753 4.919036 4.836309 4.791980 4.769082 4.757673 4.752184 4.749633 4.748487 4.747989 4.747779 4.747694 4.747659 4.747645 4.747637 4.747626 4.747603 4.747550 4.747426 4.747146 4.746535 4.745242 4.742593 4.737343 4.727282 4.708658 4.675375 4.618017 4.522819 4.370890 4.138259 3.797498 3.321821 2.692227 1.907098 0.991419 0.000000 
50.000000 42.197936 34.733755 27.901495 21.916964 16.899456 12.871544 9.774274 7.491906 5.879309 4.786242 4.075004 3.630464 3.363391 3.209054 3.123201 3.077199 3.053438 3.041598 3.035902 3.033255 3.032066 3.031549 3.031332 3.031243 3.031208 3.031193 3.031186 3.031177 3.031160 3.031120 3.031028 3.030822 3.030374 3.029430 3.027505 3.023711 3.016492 3.003229 2.979735 2.939655 2.873889 2.770281 2.613909 2.388433 2.078899 1.676064 1.181560 0.612096 0.000000 
50.000000 42.004548 34.355366 27.353787 21.220973 16.079174 11.951513 8.777570 6.438724 4.786242 3.666153 2.937343 2.481826 2.208164 2.050020 1.962053 1.914918 1.890572 1.878441 1.872605 1.869894 1.868675 1.868146 1.867923 1.867832 1.867796 1.867781 1.867774 1.867768 1.867755 1.867728 1.867663 1.867520 1.867209 1.866557 1.865233 1.862641 1.857737 1.848793 1.833077 1.806507 1.763349 1.696118 1.595881 1.453219 1.259990 1.011813 0.710767 0.367288 0.000000 
50.000000 41.878697 34.109125 26.997365 20.768063 15.545392 11.352834 8.129011 5.753428 4.075004 2.937343 2.197107 1.734454 1.456508 1.295891 1.206549 1.158678 1.133953 1.121633 1.115707 1.112953 1.111715 1.111178 1.110951 1.110859 1.110822 1.110808 1.110802 1.110797 1.110788 1.110769 1.110727 1.110632 1.110427 1.110000 1.109136 1.107453 1.104288 1.098554 1.088550 1.071776 1.044770 1.003106 0.941629 0.855074 0.739111 0.591716 0.414556 0.213827 0.000000 
50.000000 41.800027 33.955199 26.774567 20.484955 15.211739 10.978624 7.723631 5.325094 3.630464 2.481826 1.734454 1.267346 0.986725 0.824564 0.734364 0.686035 0.661072 0.648634 0.642652 0.639871 0.638622 0.638080 0.637851 0.637758 0.637721 0.637707 0.637701 0.637697 0.637691 0.637679 0.637652 0.637593 0.637464 0.637197 0.636661 0.635620 0.633673 0.630166 0.624089 0.613972 0.597812 0.573087 0.536924 0.486467 0.419465 0.335010 0.234227 0.120645 0.000000 
50.000000 41.752756 33.862709 26.640696 20.314851 15.011269 10.753791 7.480076 5.067753 3.363391 2.208164 1.456508 0.986725 0.704500 0.541413 0.450698 0.402093 0.376989 0.364480 0.358464 0.355668 0.354412 0.353866 0.353636 0.353542 0.353505 0.353491 0.353485 0.353482 0.353478 0.353471 0.353455 0.353419 0.353342 0.353183 0.352865 0.352250 0.351105 0.349055 0.345523 0.339680 0.330410 0.316331 0.295891 0.267585 0.230274 0.183560 0.128132 0.065927 0.000000 
50.000000 41.725435 33.809253 26.563324 20.216538 14.895409 10.623853 7.339322 4.919036 3.209054 2.050020 1.295891 0.824564 0.541413 0.377791 0.286780 0.238016 0.212830 0.200281 0.194245 0.191440 0.190179 0.189632 0.189401 0.189307 0.189270 0.189256 0.189250 0.189248 0.189245 0.189241 0.189232 0.189211 0.189167 0.189076 0.188896 0.188548 0.187904 0.186755 0.184787 0.181549 0.176443 0.168736 0.157619 0.142321 0.122278 0.097322 0.067848 0.034879 0.000000 
50.000000 41.710234 33.779512 26.520278 20.161844 14.830954 10.551569 7.261023 4.836309 3.123201 1.962053 1.206549 0.734364 0.450698 0.286780 0.195604 0.146752 0.121520 0.108949 0.102902 0.100092 0.098829 0.098281 0.098050 0.097956 0.097918 0.097904 0.097899 0.097896 0.097895 0.097892 0.097887 0.097876 0.097852 0.097802 0.097704 0.097515 0.097167 0.096549 0.095496 0.093772 0.091067 0.087006 0.081180 0.073207 0.062813 0.049931 0.034773 0.017864 0.000000 
50.000000 41.702088 33.763574 26.497210 20.132533 14.796414 10.512834 7.219066 4.791980 3.077199 1.914918 1.158678 0.686035 0.402093 0.238016 0.146752 0.097853 0.072597 0.060013 0.053960 0.051148 0.049884 0.049335 0.049104 0.049010 0.048972 0.048958 0.048953 0.048951 0.048949 0.048948 0.048945 0.048939 0.048927 0.048901 0.048849 0.048751 0.048570 0.048251 0.047709 0.046825 0.045445 0.043383 0.040439 0.036427 0.031221 0.024792 0.017251 0.008857 0.000000 
50.000000 41.697879 33.755340 26.485292 20.117392 14.778571 10.492825 7.197392 4.769082 3.053438 1.890572 1.133953 0.661072 0.376989 0.212830 0.121520 0.072597 0.047329 0.034738 0.028683 0.025869 0.024604 0.024055 0.023824 0.023729 0.023692 0.023678 0.023673 0.023671 0.023670 0.023669 0.023667 0.023664 0.023658 0.023645 0.023619 0.023570 0.023479 0.023321 0.023052 0.022615 0.021936 0.020926 0.019490 0.017540 0.015019 0.011916 0.008286 0.004252 0.000000 
50.000000 41.695782 33.751236 26.479353 20.109846 14.769679 10.482854 7.186592 4.757673 3.041598 1.878441 1.121633 0.648634 0.364480 0.200281 0.108949 0.060013 0.034738 0.022145 0.016088 0.013273 0.012009 0.011459 0.011228 0.011134 0.011096 0.011082 0.011077 0.011075 0.011074 0.011073 0.011073 0.011071 0.011068 0.011062 0.011049 0.011025 0.010982 0.010906 0.010777 0.010569 0.010247 0.009769 0.009092 0.008176 0.006996 0.005546 0.003854 0.001977 0.000000 
50.000000 41.694773 33.749262 26.476496 20.106215 14.765401 10.478057 7.181397 4.752184 3.035902 1.872605 1.115707 0.642652 0.358464 0.194245 0.102902 0.053960 0.028683 0.016088 0.010030 0.007215 0.005950 0.005401 0.005169 0.005075 0.005038 0.005024 0.005018 0.005016 0.005016 0.005015 0.005015 0.005014 0.005013 0.005010 0.005004 0.004993 0.004973 0.004937 0.004878 0.004782 0.004635 0.004416 0.004107 0.003691 0.003156 0.002501 0.001737 0.000891 0.000000 
50.000000 41.694303 33.748344 26.475168 20.104528 14.763413 10.475828 7.178983 4.749633 3.033256 1.869894 1.112953 0.639872 0.355668 0.191440 0.100092 0.051148 0.025869 0.013274 0.007215 0.004400 0.003135 0.002586 0.002354 0.002260 0.002223 0.002208 0.002203 0.002201 0.002200 0.002200 0.002200 0.002200 0.002199 0.002198 0.002195 0.002190 0.002181 0.002165 0.002139 0.002096 0.002031 0.001934 0.001798 0.001615 0.001380 0.001093 0.000759 0.000389 0.000000 
50.000000 41.694093 33.747932 26.474571 20.103770 14.762520 10.474827 7.177898 4.748488 3.032067 1.868676 1.111716 0.638623 0.354413 0.190180 0.098830 0.049885 0.024605 0.012010 0.005951 0.003136 0.001871 0.001321 0.001090 0.000996 0.000959 0.000944 0.000939 0.000937 0.000936 0.000936 0.000936 0.000936 0.000936 0.000935 0.000934 0.000932 0.000928 0.000921 0.000909 0.000891 0.000863 0.000822 0.000763 0.000685 0.000585 0.000463 0.000322 0.000165 0.000000 
50.000000 41.694001 33.747753 26.474313 20.103442 14.762133 10.474393 7.177428 4.747992 3.031552 1.868149 1.111181 0.638082 0.353869 0.189635 0.098283 0.049338 0.024058 0.011462 0.005403 0.002588 0.001323 0.000774 0.000542 0.000448 0.000411 0.000397 0.000391 0.000389 0.000389 0.000388 0.000388 0.000388 0.000388 0.000388 0.000387 0.000386 0.000385 0.000382 0.000377 0.000369 0.000358 0.000340 0.000316 0.000284 0.000242 0.000192 0.000133 0.000068 0.000000 
50.000000 41.693964 33.747679 26.474206 20.103306 14.761974 10.474214 7.177235 4.747787 3.031340 1.867931 1.110959 0.637859 0.353644 0.189410 0.098058 0.049112 0.023832 0.011236 0.005177 0.002362 0.001097 0.000548 0.000316 0.000222 0.000185 0.000171 0.000165 0.000163 0.000163 0.000162 0.000162 0.000162 0.000162 0.000162 0.000162 0.000162 0.000161 0.000160 0.000158 0.000154 0.000149 0.000142 0.000132 0.000118 0.000101 0.000080 0.000055 0.000028 0.000000 
50.000000 41.693950 33.747653 26.474168 20.103258 14.761917 10.474150 7.177166 4.747714 3.031264 1.867854 1.110881 0.637780 0.353565 0.189330 0.097978 0.049032 0.023752 0.011156 0.005097 0.002282 0.001017 0.000468 0.000236 0.000142 0.000105 0.000091 0.000085 0.000083 0.000083 0.000082 0.000082 0.000082 0.000082 0.000082 0.000082 0.000082 0.000082 0.000081 0.000080 0.000078 0.000076 0.000072 0.000067 0.000060 0.000051 0.000040 0.000028 0.000014 0.000000 
50.000000 41.693950 33.747653 26.474168 20.103258 14.761917 10.474150 7.177166 4.747714 3.031264 1.867854 1.110881 0.637780 0.353565 0.189330 0.097978 0.049032 0.023752 0.011156 0.005097 0.002282 0.001017 0.000468 0.000236 0.000142 0.000105 0.000091 0.000085 0.000083 0.000083 0.000082 0.000082 0.000082 0.000082 0.000082 0.000082 0.000082 0.000082 0.000081 0.000080 0.000078 0.000076 0.000072 0.000067 0.000060 0.000051 0.000040 0.000028 0.000014 0.000000 
50.000000 41.693964 33.747679 26.474206 20.103306 14.761974 10.474214 7.177235 4.747787 3.031340 1.867931 1.110959 0.637859 0.353644 0.189410 0.098058 0.049112 0.023832 0.011236 0.005177 0.002362 0.001097 0.000548 0.000316 0.000222 0.000185 0.000171 0.000165 0.000163 0.000163 0.000162 0.000162 0.000162 0.000162 0.000162 0.000162 0.000162 0.000161 0.000160 0.000158 0.000154 0.000149 0.000142 0.000132 0.000118 0.000101 0.000080 0.000055 0.000028 0.000000 
50.000000 41.694001 33.747753 26.474313 20.103442 14.762133 10.474393 7.177428 4.747992 3.031552 1.868149 1.111181 0.638082 0.353869 0.189635 0.098283 0.049338 0.024058 0.011462 0.005403 0.002588 0.001323 0.000774 0.000542 0.000448 0.000411 0.000397 0.000391 0.000389 0.000389 0.000388 0.000388 0.000388 0.000388 0.000388 0.000387 0.000386 0.000385 0.000382 0.000377 0.000369 0.000358 0.000340 0.000316 0.000284 0.000242 0.000192 0.000133 0.000068 0.000000 
50.000000 41.694093 33.747932 26.474571 20.103770 14.762520 10.474827 7.177898 4.748488 3.032067 1.868676 1.111716 0.638623 0.354413 0.190180 0.098830 0.049885 0.024605 0.012010 0.005951 0.003136 0.001871 0.001321 0.001090 0.000996 0.000959 0.000944 0.000939 0.000937 0.000936 0.000936 0.000936 0.000936 0.000936 0.000935 0.000934 0.000932 0.000928 0.000921 0.000909 0.000891 0.000863 0.000822 0.000763 0.000685 0.000585 0.000463 0.000322 0.000165 0.000000 
50.000000 41.694303 33.748344 26.475168 20.104528 14.763413 10.475828 7.178983 4.749633 3.033256 1.869894 1.112953 0.639872 0.355668 0.191440 0.100092 0.051148 0.025869 0.013274 0.007215 0.004400 0.003135 0.002586 0.002354 0.002260 0.002223 0.002208 0.002203 0.002201 0.002200 0.002200 0.002200 0.002200 0.002199 0.002198 0.002195 0.002190 0.002181 0.002165 0.002139 0.002096 0.002031 0.001934 0.001798 0.001615 0.001380 0.001093 0.000759 0.000389 0.000000 
50.000000 41.694773 33.749262 26.476496 20.106215 14.765401 10.478057 7.181397 4.752184 3.035902 1.872605 1.115707 0.642652 0.358464 0.194245 0.102902 0.053960 0.028683 0.016088 0.010030 0.007215 0.005950 0.005401 0.005169 0.005075 0.005038 0.005024 0.005018 0.005016 0.005016 0.005015 0.005015 0.005014 0.005013 0.005010 0.005004 0.004993 0.004973 0.004937 0.004878 0.004782 0.004635 0.004416 0.004107 0.003691 0.003156 0.002501 0.001737 0.000891 0.000000 
50.000000 41.695782 33.751236 26.479353 20.109846 14.769679 10.482854 7.186592 4.757673 3.041598 1.878441 1.121633 0.648634 0.364480 0.200281 0.108949 0.060013 0.034738 0.022145 0.016088 0.013273 0.012009 0.011459 0.011228 0.011134 0.011096 0.011082 0.011077 0.011075 0.011074 0.011073 0.011073 0.011071 0.011068 0.011062 0.011049 0.011025 0.010982 0.010906 0.010777 0.010569 0.010247 0.009769 0.009092 0.008176 0.006996 0.005546 0.003854 0.001977 0.000000 
50.000000 41.697879 33.755340 26.485292 20.117392 14.778571 10.492825 7.197392 4.769082 3.053438 1.890572 1.133953 0.661072 0.376989 0.212830 0.121520 0.072597 0.047329 0.034738 0.028683 0.025869 0.024604 0.024055 0.023824 0.023729 0.023692 0.023678 0.023673 0.023671 0.023670 0.023669 0.023667 0.023664 0.023658 0.023645 0.023619 0.023570 0.023479 0.023321 0.023052 0.022615 0.021936 0.020926 0.019490 0.017540 0.015019 0.011916 0.008286 0.004252 0.000000 
50.000000 41.702088 33.763574 26.497210 20.132533 14.796414 10.512834 7.219066 4.791980 3.077199 1.914918 1.158678 0.686035 0.402093 0.238016 0.146752 0.097853 0.072597 0.060013 0.053960 0.051148 0.049884 0.049335 0.049104 0.049010 0.048972 0.048958 0.048953 0.048951 0.048949 0.048948 0.048945 0.048939 0.048927 0.048901 0.048849 0.048751 0.048570 0.048251 0.047709 0.046825 0.045445 0.043383 0.040439 0.036427 0.031221 0.024792 0.017251 0.008857 0.000000 
50.000000 41.710234 33.779512 26.520278 20.161844 14.830954 10.551569 7.261023 4.836309 3.123201 1.962053 1.206549 0.734364 0.450698 0.286780 0.195604 0.146752 0.121520 0.108949 0.102902 0.100092 0.098829 0.098281 0.098050 0.097956 0.097918 0.097904 0.097899 0.097896 0.097895 0.097892 0.097887 0.097876 0.097852 0.097802 0.097704 0.097515 0.097167 0.096549 0.095496 0.093772 0.091067 0.087006 0.081180 0.073207 0.062813 0.049931 0.034773 0.017864 0.000000 
50.000000 41.725435 33.809253 26.563324 20.216538 14.895409 10.623853 7.339322 4.919036 3.209054 2.050020 1.295891 0.824564 0.541413 0.377791 0.286780 0.238016 0.212830 0.200281 0.194245 0.191440 0.190179 0.189632 0.189401 0.189307 0.189270 0.189256 0.189250 0.189248 0.189245 0.189241 0.189232 0.189211 0.189167 0.189076 0.188896 0.188548 0.187904 0.186755 0.184787 0.181549 0.176443 0.168736 0.157619 0.142321 0.122278 0.097322 0.067848 0.034879 0.000000 
50.000000 41.752756 33.862709 26.640696 20.314851 15.011269 10.753791 7.480076 5.067753 3.363391 2.208164 1.456508 0.986725 0.704500 0.541413 0.450698 0.402093 0.376989 0.364480 0.358464 0.355668 0.354412 0.353866 0.353636 0.353542 0.353505 0.353491 0.353485 0.353482 0.353478 0.353471 0.353455 0.353419 0.353342 0.353183 0.352865 0.352250 0.351105 0.349055 0.345523 0.339680 0.330410 0.316331 0.295891 0.267585 0.230274 0.183560 0.128132 0.065927 0.000000 
50.000000 41.800027 33.955199 26.774567 20.484955 15.211739 10.978624 7.723631 5.325094 3.630464 2.481826 1.734454 1.267346 0.986725 0.824564 0.734364 0.686035 0.661072 0.648634 0.642652 0.639871 0.638622 0.638080 0.637851 0.637758 0.637721 0.637707 0.637701 0.637697 0.637691 0.637679 0.637652 0.637593 0.637464 0.637197 0.636661 0.635620 0.633673 0.630166 0.624089 0.613972 0.597812 0.573087 0.536924 0.486467 0.419465 0.335010 0.234227 0.120645 0.000000 
50.000000 41.878697 34.109125 26.997365 20.768063 15.545392 11.352834 8.129011 5.753428 4.075004 2.937343 2.197107 1.734454 1.456508 1.295891 1.206549 1.158678 1.133953 1.121633 1.115707 1.112953 1.111715 1.111178 1.110951 1.110859 1.110822 1.110808 1.110802 1.110797 1.110788 1.110769 1.110727 1.110632 1.110427 1.110000 1.109136 1.107453 1.104288 1.098554 1.088550 1.071776 1.044770 1.003106 0.941629 0.855074 0.739111 0.591716 0.414556 0.213827 0.000000 
50.000000 42.004548 34.355366 27.353787 21.220973 16.079174 11.951513 8.777570 6.438724 4.786242 3.666153 2.937343 2.481826 2.208164 2.050020 1.962053 1.914918 1.890572 1.878441 1.872605 1.869894 1.868675 1.868146 1.867923 1.867832 1.867796 1.867781 1.867774 1.867768 1.867755 1.867728 1.867663 1.867520 1.867209 1.866557 1.865233 1.862641 1.857737 1.848793 1.833077 1.806507 1.763349 1.696118 1.595881 1.453219 1.259990 1.011813 0.710767 0.367288 0.000000 
50.000000 42.197936 34.733755 27.901495 21.916964 16.899456 12.871544 9.774274 7.491906 5.879309 4.786242 4.075004 3.630464 3.363391 3.209054 3.123201 3.077199 3.053438 3.041598 3.035902 3.033255 3.032066 3.031549 3.031332 3.031243 3.031208 3.031193 3.031186 3.031177 3.031160 3.031120 3.031028 3.030822 3.030374 3.029430 3.027505 3.023711 3.016492 3.003229 2.979735 2.939655 2.873889 2.770281 2.613909 2.388433 2.078899 1.676064 1.181560 0.612096 0.000000 
50.000000 42.483206 35.291930 28.709445 22.943668 18.109533 14.228793 11.244661 9.045637 7.491906 6.438724 5.753428 5.325094 5.067753 4.919036 4.836309 4.791980 4.769082 4.757673 4.752184 4.749633 4.748487 4.747989 4.747779 4.747694 4.747659 4.747645 4.747637 4.747626 4.747603 4.747550 4.747426 4.747146 4.746535 4.745242 4.742593 4.737343 4.727282 4.708658 4.675375 4.618017 4.522819 4.370890 4.138259 3.797498 3.321821 2.692227 1.907098 0.991419 0.000000 
50.000000 42.886917 36.081856 29.852865 24.396690 19.822095 16.149671 13.325694 11.244661 9.774274 8.777570 8.129011 7.723631 7.480076 7.339322 7.261023 7.219066 7.197392 7.186592 7.181397 7.178982 7.177898 7.177426 7.177227 7.177146 7.177114 7.177100 7.177091 7.177078 7.177049 7.176981 7.176823 7.176466 7.175683 7.174017 7.170586 7.163745 7.150544 7.125904 7.081452 7.003993 6.873771 6.662847 6.334370 5.843965 5.144979 4.199394 2.994938 1.564921 0.000000 
50.000000 43.434719 37.153723 31.404410 26.368368 22.145987 18.756281 16.149671 14.228793 12.871544 11.951513 11.352834 10.978624 10.753791 10.623853 10.551569 10.512834 10.492825 10.482854 10.478057 10.475827 10.474826 10.474390 10.474207 10.474132 10.474102 10.474088 10.474079 10.474064 10.474030 10.473950 10.473762 10.473335 10.472395 10.470389 10.466235 10.457900 10.441700 10.411205 10.355632 10.257635 10.090533 9.815301 9.378141 8.710344 7.733391 6.373556 4.590282 2.417416 0.000000 
50.000000 44.147061 38.547550 33.422012 28.932330 25.168002 22.145987 19.822095 18.109533 16.899456 16.079174 15.545392 15.211739 15.011269 14.895409 14.830954 14.796414 14.778571 14.769679 14.765401 14.763413 14.762520 14.762131 14.761968 14.761901 14.761874 14.761861 14.761852 14.761836 14.761799 14.761710 14.761503 14.761030 14.759986 14.757747 14.753088 14.743683 14.725273 14.690318 14.625954 14.511024 14.312035 13.978130 13.435644 12.584001 11.296967 9.437215 6.897177 3.679003 0.000000 
50.000000 45.034353 40.283705 35.935161 32.126058 28.932330 26.368368 24.396690 22.943668 21.916964 21.220973 20.768063 20.484955 20.314851 20.216538 20.161844 20.132533 20.117392 20.109846 20.106215 20.104528 20.103770 20.103440 20.103301 20.103244 20.103221 20.103210 20.103201 20.103186 20.103148 20.103059 20.102850 20.102372 20.101313 20.099031 20.094260 20.084577 20.065491 20.028952 19.960983 19.838065 19.621847 19.251711 18.634977 17.635362 16.063029 13.676707 10.224538 5.576370 0.000000 
50.000000 46.092594 42.354362 38.932528 35.935161 33.422012 31.404410 29.852865 28.709445 27.901495 27.353787 26.997365 26.774567 26.640696 26.563324 26.520278 26.497210 26.485292 26.479353 26.476496 26.475167 26.474571 26.474311 26.474202 26.474157 26.474139 26.474130 26.474122 26.474108 26.474075 26.473995 26.473807 26.473376 26.472418 26.470347 26.466001 26.457136 26.439557 26.405648 26.341974 26.225431 26.017218 25.653471 25.030854 23.984797 22.258454 19.466264 15.082397 8.572888 0.000000 
50.000000 47.300688 44.718241 42.354362 40.283705 38.547550 37.153723 36.081856 35.291930 34.733755 34.355366 34.109125 33.955199 33.862709 33.809253 33.779512 33.763574 33.755340 33.751236 33.749262 33.748344 33.747931 33.747752 33.747677 33.747646 33.747633 33.747627 33.747621 33.747611 33.747585 33.747525 33.747382 33.747054 33.746323 33.744740 33.741405 33.734577 33.720972 33.694569 33.644599 33.552195 33.384832 33.086917 32.563441 31.650372 30.059168 27.271965 22.359120 13.782637 0.000000 
50.000000 48.620482 47.300688 46.092594 45.034353 44.147061 43.434719 42.886917 42.483206 42.197936 42.004548 41.878697 41.800027 41.752756 41.725435 41.710234 41.702088 41.697879 41.695782 41.694773 41.694303 41.694093 41.694001 41.693962 41.693947 41.693940 41.693937 41.693934 41.693928 41.693915 41.693882 41.693804 41.693627 41.693230 41.692370 41.690555 41.686829 41.679382 41.664870 41.637259 41.585840 41.491788 41.321997 41.017302 40.468057 39.457983 37.519706 33.518051 24.310241 0.000000 
50.000000 50.000000 50.000000 50.000000 50.000000 50.000000 50.000000 50.000000 50.000000 50.000000 50.000000 50.000000 50.000000 50.000000 50.000000 50.000000 50.000000 50.000000 50.000000 50.000000 50.000000 50.000000 50.000000 50.000000 50.000000 50.000000 50.000000 50.000000 50.000000 50.000000 50.000000 50.000000 50.000000 50.000000 50.000000 50.000000 50.000000 50.000000 50.000000 50.000000 50.000000 50.000000 50.000000 50.000000 50.000000 50.000000 50.000000 50.000000 50.000000 50.000000 
