50.000000 50.000000 50.000000 50.000000 50.000000 50.000000 50.000000 50.000000 50.000000 50.000000 50.000000 50.000000 50.000000 50.000000 50.000000 50.000000 50.000000 50.000000 50.000000 50.000000 50.000000 50.000000 50.000000 50.000000 50.000000 50.000000 50.000000 50.000000 50.000000 50.000000 50.000000 50.000000 50.000000 50.000000 50.000000 50.000000 50.000000 50.000000 50.000000 50.000000 50.000000 50.000000 50.000000 50.000000 50.000000 50.000000 50.000000 50.000000 50.000000 50.000000 
50.000000 48.689748 47.433376 46.278125 45.259318 44.397416 43.697741 43.152543 42.744595 42.451342 42.248721 42.114086 42.028004 41.975012 41.943585 41.925618 41.915710 41.910435 41.907723 41.906375 41.905727 41.905426 41.905290 41.905231 41.905206 41.905195 41.905190 41.905185 41.905176 41.905155 41.905108 41.905001 41.904761 41.904243 41.903150 41.900908 41.896425 41.887685 41.871049 41.840080 41.783555 41.682046 41.501794 41.183016 40.615579 39.582972 37.617945 33.585855 24.344874 0.000000 
50.000000 47.433376 44.972299 42.709309 40.713599 39.025250 37.654688 36.586729 35.787625 35.213191 34.816294 34.552571 34.383954 34.280156 34.218599 34.183406 34.163998 34.153666 34.148354 34.145714 34.144445 34.143855 34.143589 34.143473 34.143424 34.143403 34.143392 34.143383 34.143366 34.143328 34.143241 34.143041 34.142598 34.141638 34.139619 34.135485 34.127239 34.111213 34.080831 34.024570 33.922602 33.741269 33.423757 32.873895 31.926746 30.293330 27.456011 22.486149 13.847521 0.000000 
50.000000 46.278125 42.709309 39.427747 36.533778 34.085523 32.098099 30.549482 29.390734 28.557779 27.982266 27.599862 27.355368 27.204863 27.115607 27.064579 27.036439 27.021459 27.013758 27.009930 27.008091 27.007235 27.006850 27.006681 27.006609 27.006579 27.006564 27.006551 27.006529 27.006479 27.006363 27.006098 27.005512 27.004246 27.001590 26.996168 26.985395 26.964559 26.925299 26.853162 26.723754 26.496749 26.106639 25.448525 24.356619 22.573487 19.713873 15.253298 8.660180 0.000000 
50.000000 45.259318 40.713599 36.533778 32.847663 29.729281 27.197886 25.225421 23.749544 22.688637 21.955634 21.468591 21.157201 20.965518 20.851844 20.786858 20.751021 20.731944 20.722136 20.717262 20.714920 20.713830 20.713339 20.713125 20.713034 20.712995 20.712976 20.712961 20.712936 20.712880 20.712749 20.712453 20.711797 20.710385 20.707433 20.701430 20.689563 20.666748 20.624082 20.546423 20.408774 20.171035 19.770709 19.113325 18.061202 16.423831 13.960291 10.420270 5.676345 0.000000 
50.000000 44.397416 39.025250 34.085523 29.729281 26.044012 23.052463 20.721469 18.977347 17.723633 16.857429 16.281891 15.913927 15.687424 15.553103 15.476315 15.433970 15.411430 15.399842 15.394083 15.391316 15.390028 15.389448 15.389195 15.389087 15.389042 15.389021 15.389005 15.388979 15.388922 15.388791 15.388494 15.387838 15.386432 15.383504 15.377578 15.365928 15.343684 15.302428 15.228101 15.098021 14.876901 14.511947 13.927653 13.022006 11.668079 9.728904 7.098504 3.781837 0.000000 
50.000000 43.697741 37.654688 32.098099 27.197886 23.052463 19.687410 17.065414 15.103580 13.693390 12.719091 12.071741 11.657873 11.403119 11.252047 11.165685 11.118062 11.092713 11.079681 11.073205 11.070093 11.068645 11.067993 11.067708 11.067588 11.067537 11.067514 11.067497 11.067473 11.067420 11.067299 11.067027 11.066427 11.065145 11.062487 11.057135 11.046676 11.026851 10.990396 10.925398 10.813069 10.625030 10.320422 9.843705 9.124810 8.084561 6.649574 4.780793 2.514726 0.000000 
50.000000 43.152543 36.586729 30.549482 25.225421 20.721469 17.065414 14.216705 12.085266 10.553185 9.494687 8.791407 8.341789 8.065035 7.900921 7.807106 7.755373 7.727838 7.713682 7.706648 7.703267 7.701695 7.700987 7.700678 7.700547 7.700492 7.700467 7.700452 7.700430 7.700384 7.700281 7.700048 7.699539 7.698454 7.696214 7.691727 7.683014 7.666617 7.636723 7.583960 7.493866 7.345181 7.108352 6.744992 6.209522 5.454712 4.442844 3.162972 1.650749 0.000000 
50.000000 42.744595 35.787625 29.390734 23.749544 18.977347 15.103580 12.085266 9.826955 8.203699 7.082228 6.337119 5.860768 5.567565 5.393700 5.294312 5.239509 5.210339 5.195343 5.187892 5.184312 5.182646 5.181896 5.181569 5.181430 5.181372 5.181347 5.181332 5.181314 5.181277 5.181194 5.181008 5.180602 5.179742 5.177973 5.174450 5.167650 5.154942 5.131965 5.091798 5.023973 4.913477 4.740085 4.478550 4.100446 3.578509 2.893985 2.046356 1.062549 0.000000 
50.000000 42.451342 35.213191 28.557779 22.688637 17.723633 13.693390 10.553185 8.203699 6.514929 5.348211 4.573052 4.077497 3.772479 3.591612 3.488223 3.431214 3.400872 3.385274 3.377523 3.373799 3.372067 3.371287 3.370946 3.370802 3.370742 3.370716 3.370703 3.370688 3.370660 3.370597 3.370457 3.370152 3.369509 3.368192 3.365583 3.360577 3.351287 3.334618 3.305738 3.257465 3.179727 3.059319 2.880321 2.625612 2.279863 1.834025 1.290589 0.667786 0.000000 
50.000000 42.248721 34.816294 27.982266 21.955634 16.857429 12.719091 9.494687 7.082228 5.348211 4.150247 3.354338 2.845526 2.532352 2.346651 2.240502 2.181972 2.150820 2.134806 2.126849 2.123026 2.121248 2.120447 2.120097 2.119949 2.119888 2.119862 2.119850 2.119838 2.119817 2.119772 2.119672 2.119456 2.119000 2.118072 2.116241 2.112749 2.106308 2.094837 2.075123 2.042473 1.990429 1.910727 1.793693 1.629328 1.409211 1.129103 0.791725 0.408641 0.000000 
50.000000 42.114086 34.552571 27.599862 21.468591 16.281891 12.071741 8.791407 6.337119 4.573052 3.354338 2.544653 2.027038 1.708451 1.519542 1.411560 1.352021 1.320333 1.304043 1.295949 1.292060 1.290251 1.289437 1.289081 1.288931 1.288869 1.288843 1.288831 1.288822 1.288808 1.288777 1.288709 1.288562 1.288256 1.287633 1.286412 1.284094 1.279845 1.272326 1.259501 1.238433 1.205154 1.154684 1.081345 0.979463 0.844509 0.674563 0.471740 0.243036 0.000000 
50.000000 42.028004 34.383954 27.355368 21.157201 15.913927 11.657873 8.341789 5.860768 4.077497 2.845526 2.027038 1.503802 1.181757 0.990800 0.881648 0.821464 0.789433 0.772968 0.764787 0.760856 0.759028 0.758204 0.757845 0.757693 0.757630 0.757605 0.757594 0.757586 0.757576 0.757556 0.757512 0.757418 0.757221 0.756823 0.756046 0.754578 0.751901 0.747194 0.739218 0.726211 0.705826 0.675172 0.631022 0.570243 0.490452 0.390809 0.272742 0.140319 0.000000 
50.000000 41.975012 34.280156 27.204863 20.965518 15.687424 11.403119 8.065035 5.567565 3.772479 2.532352 1.708451 1.181757 0.857585 0.665369 0.555499 0.494919 0.462678 0.446104 0.437869 0.433913 0.432072 0.431244 0.430882 0.430729 0.430666 0.430641 0.430630 0.430624 0.430618 0.430605 0.430578 0.430520 0.430399 0.430156 0.429682 0.428793 0.427179 0.424357 0.419603 0.411902 0.399915 0.382021 0.356442 0.321496 0.275956 0.219468 0.152918 0.078587 0.000000 
50.000000 41.943585 34.218599 27.115607 20.851844 15.553103 11.252047 7.900921 5.393700 3.591612 2.346651 1.519542 0.990800 0.665369 0.472407 0.362111 0.301297 0.268931 0.252293 0.244027 0.240055 0.238208 0.237376 0.237013 0.236859 0.236796 0.236771 0.236761 0.236756 0.236751 0.236743 0.236727 0.236693 0.236622 0.236480 0.236204 0.235687 0.234754 0.233130 0.230410 0.226028 0.219250 0.209194 0.194913 0.175525 0.150414 0.119439 0.083114 0.042677 0.000000 
50.000000 41.925618 34.183406 27.064579 20.786858 15.476315 11.165685 7.807106 5.294312 3.488223 2.240502 1.411560 0.881648 0.555499 0.362111 0.251572 0.190624 0.158187 0.141513 0.133229 0.129248 0.127397 0.126563 0.126199 0.126045 0.125982 0.125957 0.125947 0.125942 0.125939 0.125935 0.125925 0.125906 0.125866 0.125786 0.125631 0.125343 0.124825 0.123927 0.122430 0.120031 0.116339 0.110892 0.103198 0.092811 0.079425 0.062989 0.043787 0.022468 0.000000 
50.000000 41.915710 34.163998 27.036439 20.751021 15.433970 11.118062 7.755373 5.239509 3.431214 2.181972 1.352021 0.821464 0.494919 0.301297 0.190624 0.129603 0.097127 0.080433 0.072138 0.068153 0.066299 0.065465 0.065101 0.064946 0.064883 0.064858 0.064848 0.064844 0.064841 0.064839 0.064834 0.064823 0.064801 0.064758 0.064675 0.064520 0.064243 0.063765 0.062972 0.061706 0.059767 0.056919 0.052917 0.047538 0.040636 0.032193 0.022359 0.011467 0.000000 
50.000000 41.910435 34.153666 27.021459 20.731944 15.411430 11.092713 7.727838 5.210339 3.400872 2.150820 1.320333 0.789433 0.462678 0.268931 0.158187 0.097127 0.064630 0.047925 0.039626 0.035638 0.033783 0.032948 0.032583 0.032429 0.032366 0.032341 0.032331 0.032327 0.032325 0.032323 0.032321 0.032315 0.032304 0.032281 0.032238 0.032158 0.032016 0.031770 0.031365 0.030720 0.029737 0.028299 0.026287 0.023592 0.020148 0.015948 0.011069 0.005674 0.000000 
50.000000 41.907723 34.148354 27.013758 20.722136 15.399842 11.079681 7.713682 5.195344 3.385274 2.134806 1.304043 0.772968 0.446104 0.252294 0.141513 0.080433 0.047925 0.031215 0.022913 0.018923 0.017068 0.016233 0.015868 0.015714 0.015651 0.015625 0.015616 0.015612 0.015610 0.015609 0.015608 0.015605 0.015599 0.015588 0.015566 0.015526 0.015456 0.015334 0.015134 0.014817 0.014335 0.013634 0.012654 0.011348 0.009684 0.007659 0.005313 0.002722 0.000000 
50.000000 41.906375 34.145714 27.009930 20.717262 15.394083 11.073205 7.706648 5.187893 3.377524 2.126850 1.295950 0.764787 0.437870 0.244027 0.133229 0.072139 0.039626 0.022913 0.014609 0.010619 0.008764 0.007928 0.007564 0.007409 0.007346 0.007321 0.007311 0.007307 0.007306 0.007305 0.007304 0.007303 0.007300 0.007295 0.007284 0.007265 0.007231 0.007173 0.007078 0.006927 0.006699 0.006367 0.005906 0.005293 0.004513 0.003568 0.002473 0.001267 0.000000 
50.000000 41.905728 34.144446 27.008091 20.714920 15.391316 11.070093 7.703268 5.184312 3.373800 2.123026 1.292061 0.760856 0.433913 0.240056 0.129249 0.068154 0.035638 0.018924 0.010620 0.006630 0.004774 0.003938 0.003574 0.003419 0.003356 0.003331 0.003321 0.003317 0.003316 0.003315 0.003315 0.003314 0.003313 0.003310 0.003305 0.003296 0.003281 0.003254 0.003210 0.003141 0.003036 0.002884 0.002674 0.002395 0.002041 0.001612 0.001117 0.000572 0.000000 
50.000000 41.905426 34.143856 27.007236 20.713831 15.390030 11.068647 7.701697 5.182648 3.372069 2.121250 1.290253 0.759030 0.432075 0.238210 0.127399 0.066301 0.033785 0.017070 0.008766 0.004775 0.002920 0.002084 0.001719 0.001565 0.001502 0.001476 0.001467 0.001463 0.001462 0.001461 0.001461 0.001460 0.001460 0.001459 0.001456 0.001452 0.001445 0.001433 0.001414 0.001383 0.001336 0.001269 0.001176 0.001052 0.000896 0.000708 0.000490 0.000251 0.000000 
50.000000 41.905291 34.143591 27.006852 20.713343 15.389452 11.067998 7.700992 5.181901 3.371292 2.120452 1.289442 0.758210 0.431250 0.237382 0.126569 0.065471 0.032954 0.016238 0.007934 0.003943 0.002088 0.001252 0.000887 0.000733 0.000670 0.000644 0.000635 0.000631 0.000630 0.000629 0.000629 0.000629 0.000628 0.000628 0.000627 0.000625 0.000622 0.000617 0.000608 0.000595 0.000575 0.000545 0.000505 0.000452 0.000385 0.000304 0.000210 0.000108 0.000000 
50.000000 41.905234 34.143478 27.006689 20.713134 15.389206 11.067721 7.700691 5.181583 3.370961 2.120112 1.289096 0.757860 0.430898 0.237029 0.126215 0.065116 0.032599 0.015884 0.007579 0.003588 0.001733 0.000897 0.000532 0.000378 0.000315 0.000289 0.000280 0.000276 0.000275 0.000274 0.000274 0.000274 0.000274 0.000274 0.000273 0.000272 0.000271 0.000269 0.000265 0.000259 0.000250 0.000237 0.000220 0.000196 0.000167 0.000132 0.000091 0.000047 0.000000 
50.000000 41.905213 34.143437 27.006629 20.713058 15.389117 11.067620 7.700582 5.181467 3.370840 2.119989 1.288971 0.757733 0.430770 0.236900 0.126086 0.064987 0.032470 0.015755 0.007450 0.003459 0.001604 0.000768 0.000403 0.000249 0.000186 0.000160 0.000151 0.000147 0.000146 0.000145 0.000145 0.000145 0.000145 0.000145 0.000144 0.000144 0.000143 0.000142 0.000140 0.000137 0.000132 0.000125 0.000116 0.000104 0.000088 0.000070 0.000048 0.000025 0.000000 
50.000000 41.905213 34.143437 27.006629 20.713058 15.389117 11.067620 7.700582 5.181467 3.370840 2.119989 1.288971 0.757733 0.430770 0.236900 0.126086 0.064987 0.032470 0.015755 0.007450 0.003459 0.001604 0.000768 0.000403 0.000249 0.000186 0.000160 0.000151 0.000147 0.000146 0.000145 0.000145 0.000145 0.000145 0.000145 0.000144 0.000144 0.000143 0.000142 0.000140 0.000137 0.000132 0.000125 0.000116 0.000104 0.000088 0.000070 0.000048 0.000025 0.000000 
50.000000 41.905234 34.143478 27.006689 20.713134 15.389206 11.067721 7.700691 5.181583 3.370961 2.120112 1.289096 0.757860 0.430898 0.237029 0.126215 0.065116 0.032599 0.015884 0.007579 0.003588 0.001733 0.000897 0.000532 0.000378 0.000315 0.000289 0.000280 0.000276 0.000275 0.000274 0.000274 0.000274 0.000274 0.000274 0.000273 0.000272 0.000271 0.000269 0.000265 0.000259 0.000250 0.000237 0.000220 0.000196 0.000167 0.000132 0.000091 0.000047 0.000000 
50.000000 41.905291 34.143591 27.006852 20.713343 15.389452 11.067998 7.700992 5.181901 3.371292 2.120452 1.289442 0.758210 0.431250 0.237382 0.126569 0.065471 0.032954 0.016238 0.007934 0.003943 0.002088 0.001252 0.000887 0.000733 0.000670 0.000644 0.000635 0.000631 0.000630 0.000629 0.000629 0.000629 0.000628 0.000628 0.000627 0.000625 0.000622 0.000617 0.000608 0.000595 0.000575 0.000545 0.000505 0.000452 0.000385 0.000304 0.000210 0.000108 0.000000 
50.000000 41.905426 34.143856 27.007236 20.713831 15.390030 11.068647 7.701697 5.182648 3.372069 2.121250 1.290253 0.759030 0.432075 0.238210 0.127399 0.066301 0.033785 0.017070 0.008766 0.004775 0.002920 0.002084 0.001719 0.001565 0.001502 0.001476 0.001467 0.001463 0.001462 0.001461 0.001461 0.001460 0.001460 0.001459 0.001456 0.001452 0.001445 0.001433 0.001414 0.001383 0.001336 0.001269 0.001176 0.001052 0.000896 0.000708 0.000490 0.000251 0.000000 
50.000000 41.905728 34.144446 27.008091 20.714920 15.391316 11.070093 7.703268 5.184312 3.373800 2.123026 1.292061 0.760856 0.433913 0.240056 0.129249 0.068154 0.035638 0.018924 0.010620 0.006630 0.004774 0.003938 0.003574 0.003419 0.003356 0.003331 0.003321 0.003317 0.003316 0.003315 0.003315 0.003314 0.003313 0.003310 0.003305 0.003296 0.003281 0.003254 0.003210 0.003141 0.003036 0.002884 0.002674 0.002395 0.002041 0.001612 0.001117 0.000572 0.000000 
50.000000 41.906375 34.145714 27.009930 20.717262 15.394083 11.073205 7.706648 5.187893 3.377524 2.126850 1.295950 0.764787 0.437870 0.244027 0.133229 0.072139 0.039626 0.022913 0.014609 0.010619 0.008764 0.007928 0.007564 0.007409 0.007346 0.007321 0.007311 0.007307 0.007306 0.007305 0.007304 0.007303 0.007300 0.007295 0.007284 0.007265 0.007231 0.007173 0.007078 0.006927 0.006699 0.006367 0.005906 0.005293 0.004513 0.003568 0.002473 0.001267 0.000000 
50.000000 41.907723 34.148354 27.013758 20.722136 15.399842 11.079681 7.713682 5.195344 3.385274 2.134806 1.304043 0.772968 0.446104 0.252294 0.141513 0.080433 0.047925 0.031215 0.022913 0.018923 0.017068 0.016233 0.015868 0.015714 0.015651 0.015625 0.015616 0.015612 0.015610 0.015609 0.015608 0.015605 0.015599 0.015588 0.015566 0.015526 0.015456 0.015334 0.015134 0.014817 0.014335 0.013634 0.012654 0.011348 0.009684 0.007659 0.005313 0.002722 0.000000 
50.000000 41.910435 34.153666 27.021459 20.731944 15.411430 11.092713 7.727838 5.210339 3.400872 2.150820 1.320333 0.789433 0.462678 0.268931 0.158187 0.097127 0.064630 0.047925 0.039626 0.035638 0.033783 0.032948 0.032583 0.032429 0.032366 0.032341 0.032331 0.032327 0.032325 0.032323 0.032321 0.032315 0.032304 0.032281 0.032238 0.032158 0.032016 0.031770 0.031365 0.030720 0.029737 0.028299 0.026287 0.023592 0.020148 0.015948 0.011069 0.005674 0.000000 
50.000000 41.915710 34.163998 27.036439 20.751021 15.433970 11.118062 7.755373 5.239509 3.431214 2.181972 1.352021 0.821464 0.494919 0.301297 0.190624 0.129603 0.097127 0.080433 0.072138 0.068153 0.066299 0.065465 0.065101 0.064946 0.064883 0.064858 0.064848 0.064844 0.064841 0.064839 0.064834 0.064823 0.064801 0.064758 0.064675 0.064520 0.064243 0.063765 0.062972 0.061706 0.059767 0.056919 0.052917 0.047538 0.040636 0.032193 0.022359 0.011467 0.000000 
50.000000 41.925618 34.183406 27.064579 20.786858 15.476315 11.165685 7.807106 5.294312 3.488223 2.240502 1.411560 0.881648 0.555499 0.362111 0.251572 0.190624 0.158187 0.141513 0.133229 0.129248 0.127397 0.126563 0.126199 0.126045 0.125982 0.125957 0.125947 0.125942 0.125939 0.125935 0.125925 0.125906 0.125866 0.125786 0.125631 0.125343 0.124825 0.123927 0.122430 0.120031 0.116339 0.110892 0.103198 0.092811 0.079425 0.062989 0.043787 0.022468 0.000000 
50.000000 41.943585 34.218599 27.115607 20.851844 15.553103 11.252047 7.900921 5.393700 3.591612 2.346651 1.519542 0.990800 0.665369 0.472407 0.362111 0.301297 0.268931 0.252293 0.244027 0.240055 0.238208 0.237376 0.237013 0.236859 0.236796 0.236771 0.236761 0.236756 0.236751 0.236743 0.236727 0.236693 0.236622 0.236480 0.236204 0.235687 0.234754 0.233130 0.230410 0.226028 0.219250 0.209194 0.194913 0.175525 0.150414 0.119439 0.083114 0.042677 0.000000 
50.000000 41.975012 34.280156 27.204863 20.965518 15.687424 11.403119 8.065035 5.567565 3.772479 2.532352 1.708451 1.181757 0.857585 0.665369 0.555499 0.494919 0.462678 0.446104 0.437869 0.433913 0.432072 0.431244 0.430882 0.430729 0.430666 0.430641 0.430630 0.430624 0.430618 0.430605 0.430578 0.430520 0.430399 0.430156 0.429682 0.428793 0.427179 0.424357 0.419603 0.411902 0.399915 0.382021 0.356442 0.321496 0.275956 0.219468 0.152918 0.078587 0.000000 
50.000000 42.028004 34.383954 27.355368 21.157201 15.913927 11.657873 8.341789 5.860768 4.077497 2.845526 2.027038 1.503802 1.181757 0.990800 0.881648 0.821464 0.789433 0.772968 0.764787 0.760856 0.759028 0.758204 0.757845 0.757693 0.757630 0.757605 0.757594 0.757586 0.757576 0.757556 0.757512 0.757418 0.757221 0.756823 0.756046 0.754578 0.751901 0.747194 0.739218 0.726211 0.705826 0.675172 0.631022 0.570243 0.490452 0.390809 0.272742 0.140319 0.000000 
50.000000 42.114086 34.552571 27.599862 21.468591 16.281891 12.071741 8.791407 6.337119 4.573052 3.354338 2.544653 2.027038 1.708451 1.519542 1.411560 1.352021 1.320333 1.304043 1.295949 1.292060 1.290251 1.289437 1.289081 1.288931 1.288869 1.288843 1.288831 1.288822 1.288808 1.288777 1.288709 1.288562 1.288256 1.287633 1.286412 1.284094 1.279845 1.272326 1.259501 1.238433 1.205154 1.154684 1.081345 0.979463 0.844509 0.674563 0.471740 0.243036 0.000000 
50.000000 42.248721 34.816294 27.982266 21.955634 16.857429 12.719091 9.494687 7.082228 5.348211 4.150247 3.354338 2.845526 2.532352 2.346651 2.240502 2.181972 2.150820 2.134806 2.126849 2.123026 2.121248 2.120447 2.120097 2.119949 2.119888 2.119862 2.119850 2.119838 2.119817 2.119772 2.119672 2.119456 2.119000 2.118072 2.116241 2.112749 2.106308 2.094837 2.075123 2.042473 1.990429 1.910727 1.793693 1.629328 1.409211 1.129103 0.791725 0.408641 0.000000 
50.000000 42.451342 35.213191 28.557779 22.688637 17.723633 13.693390 10.553185 8.203699 6.514929 5.348211 4.573052 4.077497 3.772479 3.591612 3.488223 3.431214 3.400872 3.385274 3.377523 3.373799 3.372067 3.371287 3.370946 3.370802 3.370742 3.370716 3.370703 3.370688 3.370660 3.370597 3.370457 3.370152 3.369509 3.368192 3.365583 3.360577 3.351287 3.334618 3.305738 3.257465 3.179727 3.059319 2.880321 2.625612 2.279863 1.834025 1.290589 0.667786 0.000000 
50.000000 42.744595 35.787625 29.390734 23.749544 18.977347 15.103580 12.085266 9.826955 8.203699 7.082228 6.337119 5.860768 5.567565 5.393700 5.294312 5.239509 5.210339 5.195343 5.187892 5.184312 5.182646 5.181896 5.181569 5.181430 5.181372 5.181347 5.181332 5.181314 5.181277 5.181194 5.181008 5.180602 5.179742 5.177973 5.174450 5.167650 5.154942 5.131965 5.091798 5.023973 4.913477 4.740085 4.478550 4.100446 3.578509 2.893985 2.046356 1.062549 0.000000 
50.000000 43.152543 36.586729 30.549482 25.225421 20.721469 17.065414 14.216705 12.085266 10.553185 9.494687 8.791407 8.341789 8.065035 7.900921 7.807106 7.755373 7.727838 7.713682 7.706648 7.703267 7.701695 7.700987 7.700678 7.700547 7.700492 7.700467 7.700452 7.700430 7.700384 7.700281 7.700048 7.699539 7.698454 7.696214 7.691727 7.683014 7.666617 7.636723 7.583960 7.493866 7.345181 7.108352 6.744992 6.209522 5.454712 4.442844 3.162972 1.650749 0.000000 
50.000000 43.697741 37.654688 32.098099 27.197886 23.052463 19.687410 17.065414 15.103580 13.693390 12.719091 12.071741 11.657873 11.403119 11.252047 11.165685 11.118062 11.092713 11.079681 11.073205 11.070093 11.068645 11.067993 11.067708 11.067588 11.067537 11.067514 11.067497 11.067473 11.067420 11.067299 11.067027 11.066427 11.065145 11.062487 11.057135 11.046676 11.026851 10.990396 10.925398 10.813069 10.625030 10.320422 9.843705 9.124810 8.084561 6.649574 4.780793 2.514726 0.000000 
50.000000 44.397416 39.025250 34.085523 29.729281 26.044012 23.052463 20.721469 18.977347 17.723633 16.857429 16.281891 15.913927 15.687424 15.553103 15.476315 15.433970 15.411430 15.399842 15.394083 15.391316 15.390028 15.389448 15.389195 15.389087 15.389042 15.389021 15.389005 15.388979 15.388922 15.388791 15.388494 15.387838 15.386432 15.383504 15.377578 15.365928 15.343684 15.302428 15.228101 15.098021 14.876901 14.511947 13.927653 13.022006 11.668079 9.728904 7.098504 3.781837 0.000000 
50.000000 45.259318 40.713599 36.533778 32.847663 29.729281 27.197886 25.225421 23.749544 22.688637 21.955634 21.468591 21.157201 20.965518 20.851844 20.786858 20.751021 20.731944 20.722136 20.717262 20.714920 20.713830 20.713339 20.713125 20.713034 20.712995 20.712976 20.712961 20.712936 20.712880 20.712749 20.712453 20.711797 20.710385 20.707433 20.701430 20.689563 20.666748 20.624082 20.546423 20.408774 20.171035 19.770709 19.113325 18.061202 16.423831 13.960291 10.420270 5.676345 0.000000 
50.000000 46.278125 42.709309 39.427747 36.533778 34.085523 32.098099 30.549482 29.390734 28.557779 27.982266 27.599862 27.355368 27.204863 27.115607 27.064579 27.036439 27.021459 27.013758 27.009930 27.008091 27.007235 27.006850 27.006681 27.006609 27.006579 27.006564 27.006551 27.006529 27.006479 27.006363 27.006098 27.005512 27.004246 27.001590 26.996168 26.985395 26.964559 26.925299 26.853162 26.723754 26.496749 26.106639 25.448525 24.356619 22.573487 19.713873 15.253298 8.660180 0.000000 
50.000000 47.433376 44.972299 42.709309 40.713599 39.025250 37.654688 36.586729 35.787625 35.213191 34.816294 34.552571 34.383954 34.280156 34.218599 34.183406 34.163998 34.153666 34.148354 34.145714 34.144445 34.143855 34.143589 34.143473 34.143424 34.143403 34.143392 34.143383 34.143366 34.143328 34.143241 34.143041 34.142598 34.141638 34.139619 34.135485 34.127239 34.111213 34.080831 34.024570 33.922602 33.741269 33.423757 32.873895 31.926746 30.293330 27.456011 22.486149 13.847521 0.000000 
50.000000 48.689748 47.433376 46.278125 45.259318 44.397416 43.697741 43.152543 42.744595 42.451342 42.248721 42.114086 42.028004 41.975012 41.943585 41.925618 41.915710 41.910435 41.907723 41.906375 41.905727 41.905426 41.905290 41.905231 41.905206 41.905195 41.905190 41.905185 41.905176 41.905155 41.905108 41.905001 41.904761 41.904243 41.903150 41.900908 41.896425 41.887685 41.871049 41.840080 41.783555 41.682046 41.501794 41.183016 40.615579 39.582972 37.617945 33.585855 24.344874 0.000000 
50.000000 50.000000 50.000000 50.000000 50.000000 50.000000 50.000000 50.000000 50.000000 50.000000 50.000000 50.000000 50.000000 50.000000 50.000000 50.000000 50.000000 50.000000 50.000000 50.000000 50.000000 50.000000 50.000000 50.000000 50.000000 50.000000 50.000000 50.000000 50.000000 50.000000 50.000000 50.000000 50.000000 50.000000 50.000000 50.000000 50.000000 50.000000 50.000000 50.000000 50.000000 50.000000 50.000000 50.000000 50.000000 50.000000 50.000000 50.000000 50.000000 50.000000 
