50.000000 50.000000 50.000000 50.000000 50.000000 50.000000 50.000000 50.000000 50.000000 50.000000 50.000000 50.000000 50.000000 50.000000 50.000000 50.000000 50.000000 50.000000 50.000000 50.000000 50.000000 50.000000 50.000000 50.000000 50.000000 50.000000 50.000000 50.000000 50.000000 50.000000 50.000000 50.000000 50.000000 50.000000 50.000000 50.000000 50.000000 50.000000 50.000000 50.000000 50.000000 50.000000 50.000000 50.000000 50.000000 50.000000 50.000000 50.000000 50.000000 50.000000 
50.000000 44.462505 39.881366 36.722235 34.884113 33.969193 33.574291 33.424627 33.374266 33.359071 33.354926 33.353896 33.353661 33.353612 33.353602 33.353600 33.353600 33.353600 33.353600 33.353600 33.353600 33.353600 33.353600 33.353600 33.353600 33.353600 33.353600 33.353600 33.353600 33.353600 33.353600 33.353600 33.353600 33.353600 33.353600 33.353600 33.353599 33.353596 33.353581 33.353500 33.353125 33.351491 33.344891 33.320160 33.234123 32.954900 32.100398 29.584745 22.231253 0.000000 
50.000000 39.881366 31.510804 25.739194 22.381568 20.710652 19.989607 19.716407 19.624500 19.596779 19.589219 19.587340 19.586912 19.586822 19.586805 19.586802 19.586801 19.586801 19.586801 19.586801 19.586801 19.586801 19.586801 19.586801 19.586801 19.586801 19.586801 19.586801 19.586801 19.586801 19.586801 19.586801 19.586801 19.586801 19.586801 19.586801 19.586800 19.586796 19.586774 19.586662 19.586145 19.583918 19.575066 19.542652 19.433697 19.098422 18.156669 15.755402 10.296621 0.000000 
50.000000 36.722235 25.739194 18.167397 13.763435 11.572369 10.627139 10.269109 10.148706 10.112403 10.102505 10.100047 10.099487 10.099370 10.099347 10.099342 10.099342 10.099342 10.099342 10.099342 10.099342 10.099342 10.099342 10.099342 10.099342 10.099342 10.099342 10.099342 10.099342 10.099342 10.099342 10.099342 10.099342 10.099342 10.099342 10.099342 10.099341 10.099337 10.099318 10.099224 10.098789 10.096943 10.089725 10.063899 9.979850 9.732834 9.083698 7.582525 4.621838 0.000000 
50.000000 34.884113 22.381568 13.763435 8.751876 6.259110 5.184015 4.776915 4.640053 4.598801 4.587558 4.584767 4.584131 4.583998 4.583972 4.583967 4.583966 4.583966 4.583966 4.583966 4.583966 4.583966 4.583966 4.583966 4.583966 4.583966 4.583966 4.583966 4.583966 4.583966 4.583966 4.583966 4.583966 4.583966 4.583966 4.583966 4.583966 4.583963 4.583951 4.583892 4.583621 4.582481 4.578095 4.562714 4.513996 4.375938 4.030601 3.283146 1.929213 0.000000 
50.000000 33.969193 20.710652 11.572369 6.259110 3.616742 2.477354 2.046003 1.901021 1.857332 1.845428 1.842473 1.841801 1.841660 1.841632 1.841627 1.841626 1.841626 1.841626 1.841626 1.841626 1.841626 1.841626 1.841626 1.841626 1.841626 1.841626 1.841626 1.841626 1.841626 1.841626 1.841626 1.841626 1.841626 1.841626 1.841626 1.841626 1.841625 1.841619 1.841589 1.841453 1.840887 1.838739 1.831331 1.808371 1.745114 1.592518 1.276954 0.735070 0.000000 
50.000000 33.574291 19.989607 10.627139 5.184015 2.477354 1.310386 0.868650 0.720199 0.675472 0.663287 0.660262 0.659574 0.659430 0.659402 0.659397 0.659396 0.659396 0.659396 0.659396 0.659396 0.659396 0.659396 0.659396 0.659396 0.659396 0.659396 0.659396 0.659396 0.659396 0.659396 0.659396 0.659396 0.659396 0.659396 0.659396 0.659395 0.659395 0.659392 0.659380 0.659323 0.659087 0.658202 0.655193 0.646023 0.621301 0.563240 0.446956 0.254131 0.000000 
50.000000 33.424627 19.716407 10.269109 4.776915 2.046003 0.868650 0.423015 0.273263 0.228147 0.215857 0.212807 0.212113 0.211968 0.211939 0.211934 0.211933 0.211933 0.211933 0.211933 0.211933 0.211933 0.211933 0.211933 0.211933 0.211933 0.211933 0.211933 0.211933 0.211933 0.211933 0.211933 0.211933 0.211933 0.211933 0.211933 0.211933 0.211933 0.211932 0.211927 0.211907 0.211822 0.211507 0.210448 0.207264 0.198821 0.179384 0.141341 0.079736 0.000000 
50.000000 33.374266 19.624500 10.148706 4.640053 1.901021 0.720199 0.273263 0.123079 0.077835 0.065510 0.062451 0.061755 0.061609 0.061581 0.061576 0.061575 0.061575 0.061575 0.061575 0.061575 0.061575 0.061575 0.061575 0.061575 0.061575 0.061575 0.061575 0.061575 0.061575 0.061575 0.061575 0.061575 0.061575 0.061575 0.061575 0.061575 0.061575 0.061574 0.061573 0.061566 0.061540 0.061441 0.061112 0.060133 0.057572 0.051763 0.040581 0.022774 0.000000 
50.000000 33.359071 19.596779 10.112403 4.598801 1.857332 0.675472 0.228147 0.077835 0.032552 0.020217 0.017156 0.016459 0.016313 0.016284 0.016279 0.016278 0.016278 0.016278 0.016278 0.016278 0.016278 0.016278 0.016278 0.016278 0.016278 0.016278 0.016278 0.016278 0.016278 0.016278 0.016278 0.016278 0.016278 0.016278 0.016278 0.016278 0.016278 0.016278 0.016278 0.016276 0.016268 0.016241 0.016149 0.015880 0.015181 0.013614 0.010634 0.005946 0.000000 
50.000000 33.354926 19.589219 10.102505 4.587558 1.845428 0.663287 0.215857 0.065510 0.020217 0.007879 0.004817 0.004120 0.003974 0.003946 0.003940 0.003940 0.003939 0.003939 0.003939 0.003939 0.003939 0.003939 0.003939 0.003939 0.003939 0.003939 0.003939 0.003939 0.003939 0.003939 0.003939 0.003939 0.003939 0.003939 0.003939 0.003939 0.003939 0.003939 0.003939 0.003939 0.003937 0.003930 0.003907 0.003840 0.003666 0.003282 0.002557 0.001426 0.000000 
50.000000 33.353896 19.587340 10.100047 4.584767 1.842473 0.660262 0.212807 0.062451 0.017156 0.004817 0.001755 0.001058 0.000912 0.000884 0.000879 0.000878 0.000878 0.000878 0.000878 0.000878 0.000878 0.000878 0.000878 0.000878 0.000878 0.000878 0.000878 0.000878 0.000878 0.000878 0.000878 0.000878 0.000878 0.000878 0.000878 0.000878 0.000878 0.000878 0.000877 0.000877 0.000877 0.000875 0.000870 0.000855 0.000815 0.000729 0.000567 0.000315 0.000000 
50.000000 33.353661 19.586912 10.099487 4.584131 1.841801 0.659574 0.212113 0.061755 0.016459 0.004120 0.001058 0.000362 0.000215 0.000187 0.000182 0.000181 0.000181 0.000181 0.000181 0.000181 0.000181 0.000181 0.000181 0.000181 0.000181 0.000181 0.000181 0.000181 0.000181 0.000181 0.000181 0.000181 0.000181 0.000181 0.000181 0.000181 0.000181 0.000181 0.000181 0.000181 0.000181 0.000180 0.000179 0.000176 0.000168 0.000150 0.000116 0.000065 0.000000 
50.000000 33.353612 19.586822 10.099370 4.583998 1.841660 0.659430 0.211968 0.061609 0.016313 0.003974 0.000912 0.000215 0.000069 0.000041 0.000036 0.000035 0.000035 0.000035 0.000035 0.000035 0.000035 0.000035 0.000035 0.000035 0.000035 0.000035 0.000035 0.000035 0.000035 0.000035 0.000035 0.000035 0.000035 0.000035 0.000035 0.000035 0.000035 0.000035 0.000035 0.000035 0.000035 0.000035 0.000034 0.000034 0.000032 0.000029 0.000022 0.000012 0.000000 
50.000000 33.353602 19.586805 10.099347 4.583972 1.841632 0.659402 0.211939 0.061581 0.016284 0.003946 0.000884 0.000187 0.000041 0.000012 0.000007 0.000006 0.000006 0.000006 0.000006 0.000006 0.000006 0.000006 0.000006 0.000006 0.000006 0.000006 0.000006 0.000006 0.000006 0.000006 0.000006 0.000006 0.000006 0.000006 0.000006 0.000006 0.000006 0.000006 0.000006 0.000006 0.000006 0.000006 0.000006 0.000006 0.000006 0.000005 0.000004 0.000002 0.000000 
50.000000 33.353600 19.586802 10.099342 4.583967 1.841627 0.659397 0.211934 0.061576 0.016279 0.003940 0.000879 0.000182 0.000036 0.000007 0.000002 0.000001 0.000001 0.000001 0.000001 0.000001 0.000001 0.000001 0.000001 0.000001 0.000001 0.000001 0.000001 0.000001 0.000001 0.000001 0.000001 0.000001 0.000001 0.000001 0.000001 0.000001 0.000001 0.000001 0.000001 0.000001 0.000001 0.000001 0.000001 0.000001 0.000001 0.000001 0.000001 0.000000 0.000000 
50.000000 33.353600 19.586801 10.099342 4.583966 1.841626 0.659396 0.211933 0.061575 0.016278 0.003940 0.000878 0.000181 0.000035 0.000006 0.000001 0.000000 0.000000 0.000000 0.000000 0.000000 0.000000 0.000000 0.000000 0.000000 0.000000 0.000000 0.000000 0.000000 0.000000 0.000000 0.000000 0.000000 0.000000 0.000000 0.000000 0.000000 0.000000 0.000000 0.000000 0.000000 0.000000 0.000000 0.000000 0.000000 0.000000 0.000000 0.000000 0.000000 0.000000 
50.000000 33.353600 19.586801 10.099342 4.583966 1.841626 0.659396 0.211933 0.061575 0.016278 0.003939 0.000878 0.000181 0.000035 0.000006 0.000001 0.000000 0.000000 0.000000 0.000000 0.000000 0.000000 0.000000 0.000000 0.000000 0.000000 0.000000 0.000000 0.000000 0.000000 0.000000 0.000000 0.000000 0.000000 0.000000 0.000000 0.000000 0.000000 0.000000 0.000000 0.000000 0.000000 0.000000 0.000000 0.000000 0.000000 0.000000 0.000000 0.000000 0.000000 
50.000000 33.353600 19.586801 10.099342 4.583966 1.841626 0.659396 0.211933 0.061575 0.016278 0.003939 0.000878 0.000181 0.000035 0.000006 0.000001 0.000000 0.000000 0.000000 0.000000 0.000000 0.000000 0.000000 0.000000 0.000000 0.000000 0.000000 0.000000 0.000000 0.000000 0.000000 0.000000 0.000000 0.000000 0.000000 0.000000 0.000000 0.000000 0.000000 0.000000 0.000000 0.000000 0.000000 0.000000 0.000000 0.000000 0.000000 0.000000 0.000000 0.000000 
50.000000 33.353600 19.586801 10.099342 4.583966 1.841626 0.659396 0.211933 0.061575 0.016278 0.003939 0.000878 0.000181 0.000035 0.000006 0.000001 0.000000 0.000000 0.000000 0.000000 0.000000 0.000000 0.000000 0.000000 0.000000 0.000000 0.000000 0.000000 0.000000 0.000000 0.000000 0.000000 0.000000 0.000000 0.000000 0.000000 0.000000 0.000000 0.000000 0.000000 0.000000 0.000000 0.000000 0.000000 0.000000 0.000000 0.000000 0.000000 0.000000 0.000000 
50.000000 33.353600 19.586801 10.099342 4.583966 1.841626 0.659396 0.211933 0.061575 0.016278 0.003939 0.000878 0.000181 0.000035 0.000006 0.000001 0.000000 0.000000 0.000000 0.000000 0.000000 0.000000 0.000000 0.000000 0.000000 0.000000 0.000000 0.000000 0.000000 0.000000 0.000000 0.000000 0.000000 0.000000 0.000000 0.000000 0.000000 0.000000 0.000000 0.000000 0.000000 0.000000 0.000000 0.000000 0.000000 0.000000 0.000000 0.000000 0.000000 0.000000 
50.000000 33.353600 19.586801 10.099342 4.583966 1.841626 0.659396 0.211933 0.061575 0.016278 0.003939 0.000878 0.000181 0.000035 0.000006 0.000001 0.000000 0.000000 0.000000 0.000000 0.000000 0.000000 0.000000 0.000000 0.000000 0.000000 0.000000 0.000000 0.000000 0.000000 0.000000 0.000000 0.000000 0.000000 0.000000 0.000000 0.000000 0.000000 0.000000 0.000000 0.000000 0.000000 0.000000 0.000000 0.000000 0.000000 0.000000 0.000000 0.000000 0.000000 
50.000000 33.353600 19.586801 10.099342 4.583966 1.841626 0.659396 0.211933 0.061575 0.016278 0.003939 0.000878 0.000181 0.000035 0.000006 0.000001 0.000000 0.000000 0.000000 0.000000 0.000000 0.000000 0.000000 0.000000 0.000000 0.000000 0.000000 0.000000 0.000000 0.000000 0.000000 0.000000 0.000000 0.000000 0.000000 0.000000 0.000000 0.000000 0.000000 0.000000 0.000000 0.000000 0.000000 0.000000 0.000000 0.000000 0.000000 0.000000 0.000000 0.000000 
50.000000 33.353600 19.586801 10.099342 4.583966 1.841626 0.659396 0.211933 0.061575 0.016278 0.003939 0.000878 0.000181 0.000035 0.000006 0.000001 0.000000 0.000000 0.000000 0.000000 0.000000 0.000000 0.000000 0.000000 0.000000 0.000000 0.000000 0.000000 0.000000 0.000000 0.000000 0.000000 0.000000 0.000000 0.000000 0.000000 0.000000 0.000000 0.000000 0.000000 0.000000 0.000000 0.000000 0.000000 0.000000 0.000000 0.000000 0.000000 0.000000 0.000000 
50.000000 33.353600 19.586801 10.099342 4.583966 1.841626 0.659396 0.211933 0.061575 0.016278 0.003939 0.000878 0.000181 0.000035 0.000006 0.000001 0.000000 0.000000 0.000000 0.000000 0.000000 0.000000 0.000000 0.000000 0.000000 0.000000 0.000000 0.000000 0.000000 0.000000 0.000000 0.000000 0.000000 0.000000 0.000000 0.000000 0.000000 0.000000 0.000000 0.000000 0.000000 0.000000 0.000000 0.000000 0.000000 0.000000 0.000000 0.000000 0.000000 0.000000 
50.000000 33.353600 19.586801 10.099342 4.583966 1.841626 0.659396 0.211933 0.061575 0.016278 0.003939 0.000878 0.000181 0.000035 0.000006 0.000001 0.000000 0.000000 0.000000 0.000000 0.000000 0.000000 0.000000 0.000000 0.000000 0.000000 0.000000 0.000000 0.000000 0.000000 0.000000 0.000000 0.000000 0.000000 0.000000 0.000000 0.000000 0.000000 0.000000 0.000000 0.000000 0.000000 0.000000 0.000000 0.000000 0.000000 0.000000 0.000000 0.000000 0.000000 
50.000000 33.353600 19.586801 10.099342 4.583966 1.841626 0.659396 0.211933 0.061575 0.016278 0.003939 0.000878 0.000181 0.000035 0.000006 0.000001 0.000000 0.000000 0.000000 0.000000 0.000000 0.000000 0.000000 0.000000 0.000000 0.000000 0.000000 0.000000 0.000000 0.000000 0.000000 0.000000 0.000000 0.000000 0.000000 0.000000 0.000000 0.000000 0.000000 0.000000 0.000000 0.000000 0.000000 0.000000 0.000000 0.000000 0.000000 0.000000 0.000000 0.000000 
50.000000 33.353600 19.586801 10.099342 4.583966 1.841626 0.659396 0.211933 0.061575 0.016278 0.003939 0.000878 0.000181 0.000035 0.000006 0.000001 0.000000 0.000000 0.000000 0.000000 0.000000 0.000000 0.000000 0.000000 0.000000 0.000000 0.000000 0.000000 0.000000 0.000000 0.000000 0.000000 0.000000 0.000000 0.000000 0.000000 0.000000 0.000000 0.000000 0.000000 0.000000 0.000000 0.000000 0.000000 0.000000 0.000000 0.000000 0.000000 0.000000 0.000000 
50.000000 33.353600 19.586801 10.099342 4.583966 1.841626 0.659396 0.211933 0.061575 0.016278 0.003939 0.000878 0.000181 0.000035 0.000006 0.000001 0.000000 0.000000 0.000000 0.000000 0.000000 0.000000 0.000000 0.000000 0.000000 0.000000 0.000000 0.000000 0.000000 0.000000 0.000000 0.000000 0.000000 0.000000 0.000000 0.000000 0.000000 0.000000 0.000000 0.000000 0.000000 0.000000 0.000000 0.000000 0.000000 0.000000 0.000000 0.000000 0.000000 0.000000 
50.000000 33.353600 19.586801 10.099342 4.583966 1.841626 0.659396 0.211933 0.061575 0.016278 0.003939 0.000878 0.000181 0.000035 0.000006 0.000001 0.000000 0.000000 0.000000 0.000000 0.000000 0.000000 0.000000 0.000000 0.000000 0.000000 0.000000 0.000000 0.000000 0.000000 0.000000 0.000000 0.000000 0.000000 0.000000 0.000000 0.000000 0.000000 0.000000 0.000000 0.000000 0.000000 0.000000 0.000000 0.000000 0.000000 0.000000 0.000000 0.000000 0.000000 
50.000000 33.353600 19.586801 10.099342 4.583966 1.841626 0.659396 0.211933 0.061575 0.016278 0.003939 0.000878 0.000181 0.000035 0.000006 0.000001 0.000000 0.000000 0.000000 0.000000 0.000000 0.000000 0.000000 0.000000 0.000000 0.000000 0.000000 0.000000 0.000000 0.000000 0.000000 0.000000 0.000000 0.000000 0.000000 0.000000 0.000000 0.000000 0.000000 0.000000 0.000000 0.000000 0.000000 0.000000 0.000000 0.000000 0.000000 0.000000 0.000000 0.000000 
50.000000 33.353600 19.586801 10.099342 4.583966 1.841626 0.659396 0.211933 0.061575 0.016278 0.003939 0.000878 0.000181 0.000035 0.000006 0.000001 0.000000 0.000000 0.000000 0.000000 0.000000 0.000000 0.000000 0.000000 0.000000 0.000000 0.000000 0.000000 0.000000 0.000000 0.000000 0.000000 0.000000 0.000000 0.000000 0.000000 0.000000 0.000000 0.000000 0.000000 0.000000 0.000000 0.000000 0.000000 0.000000 0.000000 0.000000 0.000000 0.000000 0.000000 
50.000000 33.353600 19.586801 10.099342 4.583966 1.841626 0.659396 0.211933 0.061575 0.016278 0.003939 0.000878 0.000181 0.000035 0.000006 0.000001 0.000000 0.000000 0.000000 0.000000 0.000000 0.000000 0.000000 0.000000 0.000000 0.000000 0.000000 0.000000 0.000000 0.000000 0.000000 0.000000 0.000000 0.000000 0.000000 0.000000 0.000000 0.000000 0.000000 0.000000 0.000000 0.000000 0.000000 0.000000 0.000000 0.000000 0.000000 0.000000 0.000000 0.000000 
50.000000 33.353600 19.586801 10.099342 4.583966 1.841626 0.659396 0.211933 0.061575 0.016278 0.003940 0.000878 0.000181 0.000035 0.000006 0.000001 0.000000 0.000000 0.000000 0.000000 0.000000 0.000000 0.000000 0.000000 0.000000 0.000000 0.000000 0.000000 0.000000 0.000000 0.000000 0.000000 0.000000 0.000000 0.000000 0.000000 0.000000 0.000000 0.000000 0.000000 0.000000 0.000000 0.000000 0.000000 0.000000 0.000000 0.000000 0.000000 0.000000 0.000000 
50.000000 33.353600 19.586802 10.099342 4.583967 1.841627 0.659397 0.211934 0.061576 0.016279 0.003940 0.000879 0.000182 0.000036 0.000007 0.000002 0.000001 0.000001 0.000001 0.000001 0.000001 0.000001 0.000001 0.000001 0.000001 0.000001 0.000001 0.000001 0.000001 0.000001 0.000001 0.000001 0.000001 0.000001 0.000001 0.000001 0.000001 0.000001 0.000001 0.000001 0.000001 0.000001 0.000001 0.000001 0.000001 0.000001 0.000001 0.000001 0.000000 0.000000 
50.000000 33.353602 19.586805 10.099347 4.583972 1.841632 0.659402 0.211939 0.061581 0.016284 0.003946 0.000884 0.000187 0.000041 0.000012 0.000007 0.000006 0.000006 0.000006 0.000006 0.000006 0.000006 0.000006 0.000006 0.000006 0.000006 0.000006 0.000006 0.000006 0.000006 0.000006 0.000006 0.000006 0.000006 0.000006 0.000006 0.000006 0.000006 0.000006 0.000006 0.000006 0.000006 0.000006 0.000006 0.000006 0.000006 0.000005 0.000004 0.000002 0.000000 
50.000000 33.353612 19.586822 10.099370 4.583998 1.841660 0.659430 0.211968 0.061609 0.016313 0.003974 0.000912 0.000215 0.000069 0.000041 0.000036 0.000035 0.000035 0.000035 0.000035 0.000035 0.000035 0.000035 0.000035 0.000035 0.000035 0.000035 0.000035 0.000035 0.000035 0.000035 0.000035 0.000035 0.000035 0.000035 0.000035 0.000035 0.000035 0.000035 0.000035 0.000035 0.000035 0.000035 0.000034 0.000034 0.000032 0.000029 0.000022 0.000012 0.000000 
50.000000 33.353661 19.586912 10.099487 4.584131 1.841801 0.659574 0.212113 0.061755 0.016459 0.004120 0.001058 0.000362 0.000215 0.000187 0.000182 0.000181 0.000181 0.000181 0.000181 0.000181 0.000181 0.000181 0.000181 0.000181 0.000181 0.000181 0.000181 0.000181 0.000181 0.000181 0.000181 0.000181 0.000181 0.000181 0.000181 0.000181 0.000181 0.000181 0.000181 0.000181 0.000181 0.000180 0.000179 0.000176 0.000168 0.000150 0.000116 0.000065 0.000000 
50.000000 33.353896 19.587340 10.100047 4.584767 1.842473 0.660262 0.212807 0.062451 0.017156 0.004817 0.001755 0.001058 0.000912 0.000884 0.000879 0.000878 0.000878 0.000878 0.000878 0.000878 0.000878 0.000878 0.000878 0.000878 0.000878 0.000878 0.000878 0.000878 0.000878 0.000878 0.000878 0.000878 0.000878 0.000878 0.000878 0.000878 0.000878 0.000878 0.000877 0.000877 0.000877 0.000875 0.000870 0.000855 0.000815 0.000729 0.000567 0.000315 0.000000 
50.000000 33.354926 19.589219 10.102505 4.587558 1.845428 0.663287 0.215857 0.065510 0.020217 0.007879 0.004817 0.004120 0.003974 0.003946 0.003940 0.003940 0.003939 0.003939 0.003939 0.003939 0.003939 0.003939 0.003939 0.003939 0.003939 0.003939 0.003939 0.003939 0.003939 0.003939 0.003939 0.003939 0.003939 0.003939 0.003939 0.003939 0.003939 0.003939 0.003939 0.003939 0.003937 0.003930 0.003907 0.003840 0.003666 0.003282 0.002557 0.001426 0.000000 
50.000000 33.359071 19.596779 10.112403 4.598801 1.857332 0.675472 0.228147 0.077835 0.032552 0.020217 0.017156 0.016459 0.016313 0.016284 0.016279 0.016278 0.016278 0.016278 0.016278 0.016278 0.016278 0.016278 0.016278 0.016278 0.016278 0.016278 0.016278 0.016278 0.016278 0.016278 0.016278 0.016278 0.016278 0.016278 0.016278 0.016278 0.016278 0.016278 0.016278 0.016276 0.016268 0.016241 0.016149 0.015880 0.015181 0.013614 0.010634 0.005946 0.000000 
50.000000 33.374266 19.624500 10.148706 4.640053 1.901021 0.720199 0.273263 0.123079 0.077835 0.065510 0.062451 0.061755 0.061609 0.061581 0.061576 0.061575 0.061575 0.061575 0.061575 0.061575 0.061575 0.061575 0.061575 0.061575 0.061575 0.061575 0.061575 0.061575 0.061575 0.061575 0.061575 0.061575 0.061575 0.061575 0.061575 0.061575 0.061575 0.061574 0.061573 0.061566 0.061540 0.061441 0.061112 0.060133 0.057572 0.051763 0.040581 0.022774 0.000000 
50.000000 33.424627 19.716407 10.269109 4.776915 2.046003 0.868650 0.423015 0.273263 0.228147 0.215857 0.212807 0.212113 0.211968 0.211939 0.211934 0.211933 0.211933 0.211933 0.211933 0.211933 0.211933 0.211933 0.211933 0.211933 0.211933 0.211933 0.211933 0.211933 0.211933 0.211933 0.211933 0.211933 0.211933 0.211933 0.211933 0.211933 0.211933 0.211932 0.211927 0.211907 0.211822 0.211507 0.210448 0.207264 0.198821 0.179384 0.141341 0.079736 0.000000 
50.000000 33.574291 19.989607 10.627139 5.184015 2.477354 1.310386 0.868650 0.720199 0.675472 0.663287 0.660262 0.659574 0.659430 0.659402 0.659397 0.659396 0.659396 0.659396 0.659396 0.659396 0.659396 0.659396 0.659396 0.659396 0.659396 0.659396 0.659396 0.659396 0.659396 0.659396 0.659396 0.659396 0.659396 0.659396 0.659396 0.659395 0.659395 0.659392 0.659380 0.659323 0.659087 0.658202 0.655193 0.646023 0.621301 0.563240 0.446956 0.254131 0.000000 
50.000000 33.969193 20.710652 11.572369 6.259110 3.616742 2.477354 2.046003 1.901021 1.857332 1.845428 1.842473 1.841801 1.841660 1.841632 1.841627 1.841626 1.841626 1.841626 1.841626 1.841626 1.841626 1.841626 1.841626 1.841626 1.841626 1.841626 1.841626 1.841626 1.841626 1.841626 1.841626 1.841626 1.841626 1.841626 1.841626 1.841626 1.841625 1.841619 1.841589 1.841453 1.840887 1.838739 1.831331 1.808371 1.745114 1.592518 1.276954 0.735070 0.000000 
50.000000 34.884113 22.381568 13.763435 8.751876 6.259110 5.184015 4.776915 4.640053 4.598801 4.587558 4.584767 4.584131 4.583998 4.583972 4.583967 4.583966 4.583966 4.583966 4.583966 4.583966 4.583966 4.583966 4.583966 4.583966 4.583966 4.583966 4.583966 4.583966 4.583966 4.583966 4.583966 4.583966 4.583966 4.583966 4.583966 4.583966 4.583963 4.583951 4.583892 4.583621 4.582481 4.578095 4.562714 4.513996 4.375938 4.030601 3.283146 1.929213 0.000000 
50.000000 36.722235 25.739194 18.167397 13.763435 11.572369 10.627139 10.269109 10.148706 10.112403 10.102505 10.100047 10.099487 10.099370 10.099347 10.099342 10.099342 10.099342 10.099342 10.099342 10.099342 10.099342 10.099342 10.099342 10.099342 10.099342 10.099342 10.099342 10.099342 10.099342 10.099342 10.099342 10.099342 10.099342 10.099342 10.099342 10.099341 10.099337 10.099318 10.099224 10.098789 10.096943 10.089725 10.063899 9.979850 9.732834 9.083698 7.582525 4.621838 0.000000 
50.000000 39.881366 31.510804 25.739194 22.381568 20.710652 19.989607 19.716407 19.624500 19.596779 19.589219 19.587340 19.586912 19.586822 19.586805 19.586802 19.586801 19.586801 19.586801 19.586801 19.586801 19.586801 19.586801 19.586801 19.586801 19.586801 19.586801 19.586801 19.586801 19.586801 19.586801 19.586801 19.586801 19.586801 19.586801 19.586801 19.586800 19.586796 19.586774 19.586662 19.586145 19.583918 19.575066 19.542652 19.433697 19.098422 18.156669 15.755402 10.296621 0.000000 
50.000000 44.462505 39.881366 36.722235 34.884113 33.969193 33.574291 33.424627 33.374266 33.359071 33.354926 33.353896 33.353661 33.353612 33.353602 33.353600 33.353600 33.353600 33.353600 33.353600 33.353600 33.353600 33.353600 33.353600 33.353600 33.353600 33.353600 33.353600 33.353600 33.353600 33.353600 33.353600 33.353600 33.353600 33.353600 33.353600 33.353599 33.353596 33.353581 33.353500 33.353125 33.351491 33.344891 33.320160 33.234123 32.954900 32.100398 29.584745 22.231253 0.000000 
50.000000 50.000000 50.000000 50.000000 50.000000 50.000000 50.000000 50.000000 50.000000 50.000000 50.000000 50.000000 50.000000 50.000000 50.000000 50.000000 50.000000 50.000000 50.000000 50.000000 50.000000 50.000000 50.000000 50.000000 50.000000 50.000000 50.000000 50.000000 50.000000 50.000000 50.000000 50.000000 50.000000 50.000000 50.000000 50.000000 50.000000 50.000000 50.000000 50.000000 50.000000 50.000000 50.000000 50.000000 50.000000 50.000000 50.000000 50.000000 50.000000 50.000000 
