50.000000 50.000000 50.000000 50.000000 50.000000 50.000000 50.000000 50.000000 50.000000 50.000000 50.000000 50.000000 50.000000 50.000000 50.000000 50.000000 50.000000 50.000000 50.000000 50.000000 50.000000 50.000000 50.000000 50.000000 50.000000 50.000000 50.000000 50.000000 50.000000 50.000000 50.000000 50.000000 50.000000 50.000000 50.000000 50.000000 50.000000 50.000000 50.000000 50.000000 50.000000 50.000000 50.000000 50.000000 50.000000 50.000000 50.000000 50.000000 50.000000 50.000000 
50.000000 49.014911 48.060287 47.163768 46.347780 45.627930 45.012345 44.501979 44.091679 43.771768 43.529798 43.352213 43.225719 43.138244 43.079499 43.041176 43.016882 43.001912 42.992942 42.987713 42.984748 42.983110 42.982230 42.981767 42.981529 42.981405 42.981332 42.981273 42.981193 42.981050 42.980775 42.980244 42.979234 42.977351 42.973909 42.967742 42.956898 42.938163 42.906311 42.852916 42.764410 42.618798 42.379771 41.985330 41.323854 40.178453 38.082907 33.905164 24.507456 0.000000 
50.000000 48.060287 46.180562 44.415250 42.808512 41.391078 40.178952 39.174009 38.366105 37.736184 37.259732 36.910060 36.660988 36.488747 36.373078 36.297620 36.249785 36.220308 36.202646 36.192351 36.186512 36.183288 36.181554 36.180644 36.180175 36.179931 36.179790 36.179675 36.179523 36.179253 36.178733 36.177730 36.175826 36.172280 36.165810 36.154241 36.133947 36.098992 36.039800 35.941080 35.778571 35.513759 35.085007 34.391955 33.266852 31.420002 28.335727 23.090281 14.155123 0.000000 
50.000000 47.163768 44.415250 41.834028 39.484677 37.412125 35.639778 34.170373 32.989080 32.068029 31.371381 30.860107 30.495927 30.244088 30.074964 29.964635 29.894695 29.851598 29.825774 29.810722 29.802185 29.797472 29.794936 29.793606 29.792920 29.792565 29.792361 29.792200 29.791989 29.791619 29.790909 29.789543 29.786953 29.782140 29.773384 29.757773 29.730493 29.683730 29.605015 29.474746 29.262465 28.921210 28.378877 27.524849 26.189496 24.114410 20.917014 16.079522 9.080860 0.000000 
50.000000 46.347780 42.808512 39.484677 36.459427 33.790617 31.508385 29.616257 28.095131 26.909121 26.012072 25.353727 24.884792 24.560514 24.342746 24.200685 24.110630 24.055138 24.021887 24.002507 23.991516 23.985447 23.982183 23.980470 23.979588 23.979133 23.978875 23.978677 23.978426 23.977990 23.977160 23.975566 23.972553 23.966970 23.956845 23.938869 23.907609 23.854346 23.765357 23.619469 23.384578 23.012816 22.433961 21.546852 20.209316 18.229713 15.370267 11.388510 6.169327 0.000000 
50.000000 45.627930 41.391078 37.412125 33.790617 30.595811 27.863785 25.598756 23.777856 22.358124 21.284304 20.496233 19.934899 19.546729 19.286057 19.116009 19.008213 18.941791 18.901991 18.878795 18.865638 18.858374 18.854468 18.852418 18.851364 18.850822 18.850520 18.850296 18.850023 18.849560 18.848682 18.847002 18.843836 18.837991 18.827434 18.808777 18.776518 18.721928 18.631485 18.484736 18.251474 17.888188 17.333915 16.506073 15.297905 13.581301 11.222629 8.124226 4.304076 0.000000 
50.000000 45.012345 40.178952 35.639778 31.508385 27.863785 24.747132 22.163235 20.086005 18.466425 17.241459 16.342470 15.702136 15.259342 14.961990 14.768016 14.645055 14.569289 14.523892 14.497432 14.482426 14.474141 14.469685 14.467348 14.466148 14.465533 14.465196 14.464957 14.464681 14.464222 14.463361 14.461722 14.458645 14.452984 14.442805 14.424909 14.394156 14.342494 14.257650 14.121438 13.907692 13.579972 13.089418 12.373566 11.357712 9.961534 8.114929 5.786997 3.027016 0.000000 
50.000000 44.501979 39.174009 34.170373 29.616257 25.598756 22.163235 19.314993 17.025266 15.240019 13.889762 12.898832 12.193017 11.704947 11.377195 11.163391 11.027863 10.944353 10.894317 10.865155 10.848616 10.839485 10.834574 10.832000 10.830678 10.830004 10.829642 10.829397 10.829131 10.828703 10.827911 10.826410 10.823603 10.818462 10.809260 10.793170 10.765695 10.719884 10.645308 10.526823 10.343176 10.065702 9.657497 9.073818 8.264841 7.182296 5.791496 4.089002 2.122208 0.000000 
50.000000 44.091679 38.366105 32.989080 28.095131 23.777856 20.086005 17.025266 14.564727 12.646315 11.195351 10.130524 9.372081 8.847624 8.495441 8.265703 8.120076 8.030345 7.976582 7.945248 7.927477 7.917667 7.912391 7.909626 7.908208 7.907488 7.907108 7.906864 7.906617 7.906239 7.905548 7.904247 7.901825 7.897408 7.889540 7.875858 7.852644 7.814221 7.752207 7.654654 7.505190 7.282363 6.959564 6.506033 5.889668 5.082315 4.067870 2.852346 1.472881 0.000000 
50.000000 43.771768 37.736184 32.068029 26.909121 22.358124 18.466425 15.240019 12.646315 10.624092 9.094624 7.972194 7.172729 6.619912 6.248688 6.006533 5.853036 5.758457 5.701790 5.668764 5.650034 5.639694 5.634134 5.631221 5.629728 5.628974 5.628582 5.628343 5.628121 5.627800 5.627225 5.626152 5.624163 5.620552 5.614150 5.603079 5.584412 5.553734 5.504622 5.428081 5.312046 5.141125 4.896843 4.558733 4.106650 3.524543 2.805564 1.957613 1.007359 0.000000 
50.000000 43.529798 37.259732 31.371381 26.012072 21.284304 17.241459 13.889762 11.195351 9.094624 7.505792 6.339806 5.509325 4.935065 4.549446 4.297903 4.138458 4.040215 3.981353 3.947048 3.927594 3.916854 3.911080 3.908054 3.906505 3.905726 3.905327 3.905095 3.904900 3.904637 3.904179 3.903332 3.901771 3.898949 3.893971 3.885408 3.871056 3.847628 3.810408 3.752896 3.666543 3.540697 3.362939 3.120021 2.799568 2.392603 1.896634 1.318652 0.676882 0.000000 
50.000000 43.352213 36.910060 30.860107 25.353727 20.496233 16.342470 12.898832 10.130524 7.972194 6.339806 5.141863 4.288628 3.698638 3.302461 3.044032 2.880224 2.779293 2.718823 2.683580 2.663594 2.652561 2.646630 2.643522 2.641933 2.641135 2.640732 2.640509 2.640339 2.640129 2.639778 2.639137 2.637962 2.635848 2.632136 2.625783 2.615196 2.598023 2.570932 2.529398 2.467572 2.378317 2.253524 2.084820 1.864748 1.588370 1.255092 0.870261 0.445902 0.000000 
50.000000 43.225719 36.660988 30.495927 24.884792 19.934899 15.702136 12.193017 9.372081 7.172729 5.509325 4.288628 3.419190 2.818002 2.414308 2.150978 1.984064 1.881221 1.819605 1.783696 1.763332 1.752090 1.746047 1.742881 1.741263 1.740453 1.740048 1.739833 1.739684 1.739520 1.739260 1.738793 1.737942 1.736420 1.733758 1.729225 1.721711 1.709595 1.690605 1.661696 1.618995 1.557860 1.473133 1.359643 1.212971 1.030446 0.812197 0.561995 0.287556 0.000000 
50.000000 43.138244 36.488747 30.244088 24.560514 19.546729 15.259342 11.704947 8.847624 6.619912 4.935065 3.698638 2.818002 2.209074 1.800184 1.533467 1.364408 1.260244 1.197836 1.161466 1.140841 1.129455 1.123335 1.120129 1.118491 1.117673 1.117268 1.117059 1.116928 1.116801 1.116613 1.116284 1.115691 1.114635 1.112796 1.109679 1.104537 1.096291 1.083443 1.064009 1.035500 0.994980 0.939251 0.865186 0.770211 0.652905 0.513594 0.354800 0.181346 0.000000 
50.000000 43.079499 36.373078 30.074964 24.342746 19.286057 14.961990 11.377195 8.495441 6.248688 4.549447 3.302461 2.414308 1.800184 1.387808 1.118819 0.948319 0.843269 0.780330 0.743651 0.722851 0.711369 0.705196 0.701964 0.700313 0.699489 0.699084 0.698881 0.698763 0.698664 0.698532 0.698308 0.697908 0.697201 0.695974 0.693904 0.690506 0.685082 0.676678 0.664038 0.645609 0.619583 0.584025 0.537081 0.477281 0.403878 0.317192 0.218837 0.111757 0.000000 
50.000000 43.041176 36.297620 29.964635 24.200685 19.116009 14.768016 11.163392 8.265703 6.006533 4.297904 3.044033 2.150978 1.533468 1.118819 0.848348 0.676910 0.571281 0.507997 0.471117 0.450203 0.438657 0.432451 0.429201 0.427542 0.426715 0.426310 0.426111 0.426004 0.425925 0.425832 0.425684 0.425423 0.424965 0.424174 0.422845 0.420672 0.417220 0.411897 0.403933 0.392383 0.376164 0.354132 0.325212 0.288575 0.243840 0.191252 0.131809 0.067267 0.000000 
50.000000 43.016882 36.249785 29.894696 24.110630 19.008214 14.645056 11.027864 8.120077 5.853036 4.138459 2.880225 1.984065 1.364409 0.948320 0.676910 0.504878 0.398884 0.335381 0.298373 0.277387 0.265802 0.259574 0.256313 0.254649 0.253820 0.253415 0.253219 0.253118 0.253054 0.252989 0.252893 0.252728 0.252440 0.251947 0.251120 0.249775 0.247646 0.244377 0.239510 0.232485 0.222670 0.209402 0.192072 0.170223 0.143661 0.112555 0.077506 0.039532 0.000000 
50.000000 43.001912 36.220309 29.851599 24.055139 18.941792 14.569290 10.944355 8.030347 5.758459 4.040217 2.779295 1.881223 1.260246 0.843271 0.571283 0.398885 0.292666 0.229028 0.191942 0.170911 0.159301 0.153061 0.149793 0.148125 0.147295 0.146891 0.146696 0.146601 0.146546 0.146499 0.146438 0.146336 0.146161 0.145863 0.145365 0.144557 0.143283 0.141336 0.138448 0.134298 0.128524 0.120753 0.110647 0.097957 0.082587 0.064647 0.044484 0.022679 0.000000 
50.000000 42.992943 36.202648 29.825776 24.021890 18.901995 14.523895 10.894322 7.976587 5.701795 3.981358 2.718828 1.819610 1.197841 0.780336 0.508002 0.335386 0.229031 0.165313 0.128180 0.107122 0.095498 0.089250 0.085978 0.084308 0.083477 0.083073 0.082880 0.082788 0.082739 0.082704 0.082665 0.082603 0.082500 0.082325 0.082033 0.081562 0.080823 0.079696 0.078031 0.075647 0.072344 0.067915 0.062177 0.054996 0.046327 0.036236 0.024919 0.012699 0.000000 
50.000000 42.987715 36.192355 29.810728 24.002514 18.878803 14.497442 10.865165 7.945259 5.668775 3.947060 2.683593 1.783708 1.161479 0.743664 0.471129 0.298385 0.191953 0.128187 0.091027 0.069953 0.058321 0.052068 0.048794 0.047123 0.046292 0.045888 0.045696 0.045605 0.045560 0.045533 0.045507 0.045470 0.045411 0.045311 0.045145 0.044878 0.044461 0.043827 0.042894 0.041562 0.039722 0.037264 0.034090 0.030130 0.025361 0.019824 0.013626 0.006942 0.000000 
50.000000 42.984752 36.186521 29.802198 23.991532 18.865658 14.482448 10.848640 7.927503 5.650061 3.927622 2.663623 1.763361 1.140871 0.722881 0.450232 0.277416 0.170939 0.107147 0.069971 0.048889 0.037252 0.030996 0.027721 0.026049 0.025218 0.024814 0.024622 0.024533 0.024490 0.024467 0.024449 0.024428 0.024394 0.024338 0.024247 0.024100 0.023871 0.023524 0.023014 0.022289 0.021291 0.019961 0.018249 0.016118 0.013558 0.010592 0.007277 0.003706 0.000000 
50.000000 42.983121 36.183309 29.797501 23.985485 18.858420 14.474192 10.839541 7.917727 5.639757 3.916919 2.652628 1.752158 1.129524 0.711438 0.438727 0.265871 0.159369 0.095563 0.058378 0.037292 0.025652 0.019395 0.016118 0.014447 0.013615 0.013211 0.013020 0.012931 0.012890 0.012869 0.012856 0.012843 0.012824 0.012794 0.012744 0.012665 0.012542 0.012357 0.012085 0.011699 0.011170 0.010467 0.009563 0.008441 0.007097 0.005542 0.003806 0.001938 0.000000 
50.000000 42.982253 36.181600 29.795003 23.982268 18.854570 14.469801 10.834702 7.912528 5.634277 3.911228 2.646781 1.746200 1.123490 0.705353 0.432608 0.259731 0.153217 0.089403 0.052213 0.031124 0.019483 0.013225 0.009949 0.008277 0.007445 0.007041 0.006850 0.006761 0.006721 0.006702 0.006691 0.006683 0.006672 0.006656 0.006629 0.006587 0.006522 0.006424 0.006281 0.006078 0.005800 0.005432 0.004961 0.004377 0.003678 0.002870 0.001971 0.001003 0.000000 
50.000000 42.981819 36.180745 29.793754 23.980660 18.852644 14.467605 10.832281 7.909927 5.631536 3.908381 2.643857 1.743221 1.120472 0.702309 0.429548 0.256660 0.150140 0.086321 0.049130 0.028040 0.016398 0.010140 0.006863 0.005191 0.004359 0.003955 0.003764 0.003676 0.003636 0.003617 0.003608 0.003602 0.003595 0.003586 0.003571 0.003548 0.003512 0.003459 0.003381 0.003270 0.003120 0.002920 0.002665 0.002350 0.001974 0.001540 0.001057 0.000538 0.000000 
50.000000 42.981640 36.180394 29.793240 23.979998 18.851853 14.466702 10.831286 7.908858 5.630410 3.907210 2.642654 1.741996 1.119232 0.701058 0.428290 0.255398 0.148875 0.085055 0.047863 0.026772 0.015129 0.008871 0.005594 0.003922 0.003090 0.002687 0.002496 0.002407 0.002367 0.002349 0.002340 0.002335 0.002331 0.002324 0.002314 0.002299 0.002276 0.002240 0.002189 0.002117 0.002019 0.001889 0.001724 0.001519 0.001276 0.000995 0.000683 0.000347 0.000000 
50.000000 42.981640 36.180394 29.793240 23.979998 18.851853 14.466702 10.831286 7.908858 5.630410 3.907210 2.642654 1.741996 1.119232 0.701058 0.428290 0.255398 0.148875 0.085055 0.047863 0.026772 0.015129 0.008871 0.005594 0.003922 0.003090 0.002687 0.002496 0.002407 0.002367 0.002349 0.002340 0.002335 0.002331 0.002324 0.002314 0.002299 0.002276 0.002240 0.002189 0.002117 0.002019 0.001889 0.001724 0.001519 0.001276 0.000995 0.000683 0.000347 0.000000 
50.000000 42.981819 36.180745 29.793754 23.980660 18.852644 14.467605 10.832281 7.909927 5.631536 3.908381 2.643857 1.743221 1.120472 0.702309 0.429548 0.256660 0.150140 0.086321 0.049130 0.028040 0.016398 0.010140 0.006863 0.005191 0.004359 0.003955 0.003764 0.003676 0.003636 0.003617 0.003608 0.003602 0.003595 0.003586 0.003571 0.003548 0.003512 0.003459 0.003381 0.003270 0.003120 0.002920 0.002665 0.002350 0.001974 0.001540 0.001057 0.000538 0.000000 
50.000000 42.982253 36.181600 29.795003 23.982268 18.854570 14.469801 10.834702 7.912528 5.634277 3.911228 2.646781 1.746200 1.123490 0.705353 0.432608 0.259731 0.153217 0.089403 0.052213 0.031124 0.019483 0.013225 0.009949 0.008277 0.007445 0.007041 0.006850 0.006761 0.006721 0.006702 0.006691 0.006683 0.006672 0.006656 0.006629 0.006587 0.006522 0.006424 0.006281 0.006078 0.005800 0.005432 0.004961 0.004377 0.003678 0.002870 0.001971 0.001003 0.000000 
50.000000 42.983121 36.183309 29.797501 23.985485 18.858420 14.474192 10.839541 7.917727 5.639757 3.916919 2.652628 1.752158 1.129524 0.711438 0.438727 0.265871 0.159369 0.095563 0.058378 0.037292 0.025652 0.019395 0.016118 0.014447 0.013615 0.013211 0.013020 0.012931 0.012890 0.012869 0.012856 0.012843 0.012824 0.012794 0.012744 0.012665 0.012542 0.012357 0.012085 0.011699 0.011170 0.010467 0.009563 0.008441 0.007097 0.005542 0.003806 0.001938 0.000000 
50.000000 42.984752 36.186521 29.802198 23.991532 18.865658 14.482448 10.848640 7.927503 5.650061 3.927622 2.663623 1.763361 1.140871 0.722881 0.450232 0.277416 0.170939 0.107147 0.069971 0.048889 0.037252 0.030996 0.027721 0.026049 0.025218 0.024814 0.024622 0.024533 0.024490 0.024467 0.024449 0.024428 0.024394 0.024338 0.024247 0.024100 0.023871 0.023524 0.023014 0.022289 0.021291 0.019961 0.018249 0.016118 0.013558 0.010592 0.007277 0.003706 0.000000 
50.000000 42.987715 36.192355 29.810728 24.002514 18.878803 14.497442 10.865165 7.945259 5.668775 3.947060 2.683593 1.783708 1.161479 0.743664 0.471129 0.298385 0.191953 0.128187 0.091027 0.069953 0.058321 0.052068 0.048794 0.047123 0.046292 0.045888 0.045696 0.045605 0.045560 0.045533 0.045507 0.045470 0.045411 0.045311 0.045145 0.044878 0.044461 0.043827 0.042894 0.041562 0.039722 0.037264 0.034090 0.030130 0.025361 0.019824 0.013626 0.006942 0.000000 
50.000000 42.992943 36.202648 29.825776 24.021890 18.901995 14.523895 10.894322 7.976587 5.701795 3.981358 2.718828 1.819610 1.197841 0.780336 0.508002 0.335386 0.229031 0.165313 0.128180 0.107122 0.095498 0.089250 0.085978 0.084308 0.083477 0.083073 0.082880 0.082788 0.082739 0.082704 0.082665 0.082603 0.082500 0.082325 0.082033 0.081562 0.080823 0.079696 0.078031 0.075647 0.072344 0.067915 0.062177 0.054996 0.046327 0.036236 0.024919 0.012699 0.000000 
50.000000 43.001912 36.220309 29.851599 24.055139 18.941792 14.569290 10.944355 8.030347 5.758459 4.040217 2.779295 1.881223 1.260246 0.843271 0.571283 0.398885 0.292666 0.229028 0.191942 0.170911 0.159301 0.153061 0.149793 0.148125 0.147295 0.146891 0.146696 0.146601 0.146546 0.146499 0.146438 0.146336 0.146161 0.145863 0.145365 0.144557 0.143283 0.141336 0.138448 0.134298 0.128524 0.120753 0.110647 0.097957 0.082587 0.064647 0.044484 0.022679 0.000000 
50.000000 43.016882 36.249785 29.894696 24.110630 19.008214 14.645056 11.027864 8.120077 5.853036 4.138459 2.880225 1.984065 1.364409 0.948320 0.676910 0.504878 0.398884 0.335381 0.298373 0.277387 0.265802 0.259574 0.256313 0.254649 0.253820 0.253415 0.253219 0.253118 0.253054 0.252989 0.252893 0.252728 0.252440 0.251947 0.251120 0.249775 0.247646 0.244377 0.239510 0.232485 0.222670 0.209402 0.192072 0.170223 0.143661 0.112555 0.077506 0.039532 0.000000 
50.000000 43.041176 36.297620 29.964635 24.200685 19.116009 14.768016 11.163392 8.265703 6.006533 4.297904 3.044033 2.150978 1.533468 1.118819 0.848348 0.676910 0.571281 0.507997 0.471117 0.450203 0.438657 0.432451 0.429201 0.427542 0.426715 0.426310 0.426111 0.426004 0.425925 0.425832 0.425684 0.425423 0.424965 0.424174 0.422845 0.420672 0.417220 0.411897 0.403933 0.392383 0.376164 0.354132 0.325212 0.288575 0.243840 0.191252 0.131809 0.067267 0.000000 
50.000000 43.079499 36.373078 30.074964 24.342746 19.286057 14.961990 11.377195 8.495441 6.248688 4.549447 3.302461 2.414308 1.800184 1.387808 1.118819 0.948319 0.843269 0.780330 0.743651 0.722851 0.711369 0.705196 0.701964 0.700313 0.699489 0.699084 0.698881 0.698763 0.698664 0.698532 0.698308 0.697908 0.697201 0.695974 0.693904 0.690506 0.685082 0.676678 0.664038 0.645609 0.619583 0.584025 0.537081 0.477281 0.403878 0.317192 0.218837 0.111757 0.000000 
50.000000 43.138244 36.488747 30.244088 24.560514 19.546729 15.259342 11.704947 8.847624 6.619912 4.935065 3.698638 2.818002 2.209074 1.800184 1.533467 1.364408 1.260244 1.197836 1.161466 1.140841 1.129455 1.123335 1.120129 1.118491 1.117673 1.117268 1.117059 1.116928 1.116801 1.116613 1.116284 1.115691 1.114635 1.112796 1.109679 1.104537 1.096291 1.083443 1.064009 1.035500 0.994980 0.939251 0.865186 0.770211 0.652905 0.513594 0.354800 0.181346 0.000000 
50.000000 43.225719 36.660988 30.495927 24.884792 19.934899 15.702136 12.193017 9.372081 7.172729 5.509325 4.288628 3.419190 2.818002 2.414308 2.150978 1.984064 1.881221 1.819605 1.783696 1.763332 1.752090 1.746047 1.742881 1.741263 1.740453 1.740048 1.739833 1.739684 1.739520 1.739260 1.738793 1.737942 1.736420 1.733758 1.729225 1.721711 1.709595 1.690605 1.661696 1.618995 1.557860 1.473133 1.359643 1.212971 1.030446 0.812197 0.561995 0.287556 0.000000 
50.000000 43.352213 36.910060 30.860107 25.353727 20.496233 16.342470 12.898832 10.130524 7.972194 6.339806 5.141863 4.288628 3.698638 3.302461 3.044032 2.880224 2.779293 2.718823 2.683580 2.663594 2.652561 2.646630 2.643522 2.641933 2.641135 2.640732 2.640509 2.640339 2.640129 2.639778 2.639137 2.637962 2.635848 2.632136 2.625783 2.615196 2.598023 2.570932 2.529398 2.467572 2.378317 2.253524 2.084820 1.864748 1.588370 1.255092 0.870261 0.445902 0.000000 
50.000000 43.529798 37.259732 31.371381 26.012072 21.284304 17.241459 13.889762 11.195351 9.094624 7.505792 6.339806 5.509325 4.935065 4.549446 4.297903 4.138458 4.040215 3.981353 3.947048 3.927594 3.916854 3.911080 3.908054 3.906505 3.905726 3.905327 3.905095 3.904900 3.904637 3.904179 3.903332 3.901771 3.898949 3.893971 3.885408 3.871056 3.847628 3.810408 3.752896 3.666543 3.540697 3.362939 3.120021 2.799568 2.392603 1.896634 1.318652 0.676882 0.000000 
50.000000 43.771768 37.736184 32.068029 26.909121 22.358124 18.466425 15.240019 12.646315 10.624092 9.094624 7.972194 7.172729 6.619912 6.248688 6.006533 5.853036 5.758457 5.701790 5.668764 5.650034 5.639694 5.634134 5.631221 5.629728 5.628974 5.628582 5.628343 5.628121 5.627800 5.627225 5.626152 5.624163 5.620552 5.614150 5.603079 5.584412 5.553734 5.504622 5.428081 5.312046 5.141125 4.896843 4.558733 4.106650 3.524543 2.805564 1.957613 1.007359 0.000000 
50.000000 44.091679 38.366105 32.989080 28.095131 23.777856 20.086005 17.025266 14.564727 12.646315 11.195351 10.130524 9.372081 8.847624 8.495441 8.265703 8.120076 8.030345 7.976582 7.945248 7.927477 7.917667 7.912391 7.909626 7.908208 7.907488 7.907108 7.906864 7.906617 7.906239 7.905548 7.904247 7.901825 7.897408 7.889540 7.875858 7.852644 7.814221 7.752207 7.654654 7.505190 7.282363 6.959564 6.506033 5.889668 5.082315 4.067870 2.852346 1.472881 0.000000 
50.000000 44.501979 39.174009 34.170373 29.616257 25.598756 22.163235 19.314993 17.025266 15.240019 13.889762 12.898832 12.193017 11.704947 11.377195 11.163391 11.027863 10.944353 10.894317 10.865155 10.848616 10.839485 10.834574 10.832000 10.830678 10.830004 10.829642 10.829397 10.829131 10.828703 10.827911 10.826410 10.823603 10.818462 10.809260 10.793170 10.765695 10.719884 10.645308 10.526823 10.343176 10.065702 9.657497 9.073818 8.264841 7.182296 5.791496 4.089002 2.122208 0.000000 
50.000000 45.012345 40.178952 35.639778 31.508385 27.863785 24.747132 22.163235 20.086005 18.466425 17.241459 16.342470 15.702136 15.259342 14.961990 14.768016 14.645055 14.569289 14.523892 14.497432 14.482426 14.474141 14.469685 14.467348 14.466148 14.465533 14.465196 14.464957 14.464681 14.464222 14.463361 14.461722 14.458645 14.452984 14.442805 14.424909 14.394156 14.342494 14.257650 14.121438 13.907692 13.579972 13.089418 12.373566 11.357712 9.961534 8.114929 5.786997 3.027016 0.000000 
50.000000 45.627930 41.391078 37.412125 33.790617 30.595811 27.863785 25.598756 23.777856 22.358124 21.284304 20.496233 19.934899 19.546729 19.286057 19.116009 19.008213 18.941791 18.901991 18.878795 18.865638 18.858374 18.854468 18.852418 18.851364 18.850822 18.850520 18.850296 18.850023 18.849560 18.848682 18.847002 18.843836 18.837991 18.827434 18.808777 18.776518 18.721928 18.631485 18.484736 18.251474 17.888188 17.333915 16.506073 15.297905 13.581301 11.222629 8.124226 4.304076 0.000000 
50.000000 46.347780 42.808512 39.484677 36.459427 33.790617 31.508385 29.616257 28.095131 26.909121 26.012072 25.353727 24.884792 24.560514 24.342746 24.200685 24.110630 24.055138 24.021887 24.002507 23.991516 23.985447 23.982183 23.980470 23.979588 23.979133 23.978875 23.978677 23.978426 23.977990 23.977160 23.975566 23.972553 23.966970 23.956845 23.938869 23.907609 23.854346 23.765357 23.619469 23.384578 23.012816 22.433961 21.546852 20.209316 18.229713 15.370267 11.388510 6.169327 0.000000 
50.000000 47.163768 44.415250 41.834028 39.484677 37.412125 35.639778 34.170373 32.989080 32.068029 31.371381 30.860107 30.495927 30.244088 30.074964 29.964635 29.894695 29.851598 29.825774 29.810722 29.802185 29.797472 29.794936 29.793606 29.792920 29.792565 29.792361 29.792200 29.791989 29.791619 29.790909 29.789543 29.786953 29.782140 29.773384 29.757773 29.730493 29.683730 29.605015 29.474746 29.262465 28.921210 28.378877 27.524849 26.189496 24.114410 20.917014 16.079522 9.080860 0.000000 
50.000000 48.060287 46.180562 44.415250 42.808512 41.391078 40.178952 39.174009 38.366105 37.736184 37.259732 36.910060 36.660988 36.488747 36.373078 36.297620 36.249785 36.220308 36.202646 36.192351 36.186512 36.183288 36.181554 36.180644 36.180175 36.179931 36.179790 36.179675 36.179523 36.179253 36.178733 36.177730 36.175826 36.172280 36.165810 36.154241 36.133947 36.098992 36.039800 35.941080 35.778571 35.513759 35.085007 34.391955 33.266852 31.420002 28.335727 23.090281 14.155123 0.000000 
50.000000 49.014911 48.060287 47.163768 46.347780 45.627930 45.012345 44.501979 44.091679 43.771768 43.529798 43.352213 43.225719 43.138244 43.079499 43.041176 43.016882 43.001912 42.992942 42.987713 42.984748 42.983110 42.982230 42.981767 42.981529 42.981405 42.981332 42.981273 42.981193 42.981050 42.980775 42.980244 42.979234 42.977351 42.973909 42.967742 42.956898 42.938163 42.906311 42.852916 42.764410 42.618798 42.379771 41.985330 41.323854 40.178453 38.082907 33.905164 24.507456 0.000000 
50.000000 50.000000 50.000000 50.000000 50.000000 50.000000 50.000000 50.000000 50.000000 50.000000 50.000000 50.000000 50.000000 50.000000 50.000000 50.000000 50.000000 50.000000 50.000000 50.000000 50.000000 50.000000 50.000000 50.000000 50.000000 50.000000 50.000000 50.000000 50.000000 50.000000 50.000000 50.000000 50.000000 50.000000 50.000000 50.000000 50.000000 50.000000 50.000000 50.000000 50.000000 50.000000 50.000000 50.000000 50.000000 50.000000 50.000000 50.000000 50.000000 50.000000 
