50.000000 50.000000 50.000000 50.000000 50.000000 50.000000 50.000000 50.000000 50.000000 50.000000 50.000000 50.000000 50.000000 50.000000 50.000000 50.000000 50.000000 50.000000 50.000000 50.000000 50.000000 50.000000 50.000000 50.000000 50.000000 50.000000 50.000000 50.000000 50.000000 50.000000 50.000000 50.000000 50.000000 50.000000 50.000000 50.000000 50.000000 50.000000 50.000000 50.000000 50.000000 50.000000 50.000000 50.000000 50.000000 50.000000 50.000000 50.000000 50.000000 50.000000 
50.000000 47.995012 46.116107 44.465626 43.105859 42.054367 41.290411 40.768300 40.432204 40.228128 40.111070 40.047542 40.014870 39.998922 39.991522 39.988252 39.986875 39.986321 39.986108 39.986030 39.986002 39.985993 39.985990 39.985989 39.985988 39.985988 39.985988 39.985988 39.985988 39.985988 39.985986 39.985981 39.985968 39.985929 39.985820 39.985531 39.984789 39.982955 39.978588 39.968563 39.946333 39.898608 39.799007 39.595676 39.185755 38.357708 36.645214 32.909176 23.997506 0.000000 
50.000000 46.116107 42.476462 39.279314 36.645331 34.608524 33.128711 32.117376 31.466365 31.071083 30.844353 30.721308 30.658029 30.627142 30.612810 30.606478 30.603811 30.602738 30.602326 30.602174 30.602120 30.602102 30.602096 30.602094 30.602094 30.602093 30.602093 30.602093 30.602093 30.602092 30.602090 30.602081 30.602057 30.601987 30.601794 30.601281 30.599968 30.596732 30.589061 30.571543 30.532987 30.451051 30.282520 29.945829 29.289427 28.033476 25.662034 21.238231 13.206931 0.000000 
50.000000 44.465626 39.279314 34.723576 30.970361 28.068119 25.959579 24.518592 23.591033 23.027851 22.704827 22.529530 22.439382 22.395381 22.374965 22.365946 22.362148 22.360620 22.360032 22.359816 22.359739 22.359713 22.359705 22.359702 22.359701 22.359701 22.359701 22.359701 22.359701 22.359700 22.359696 22.359686 22.359656 22.359569 22.359331 22.358699 22.357088 22.353139 22.343833 22.322753 22.276835 22.180594 21.986332 21.608262 20.898087 19.610292 17.361788 13.617280 7.820412 0.000000 
50.000000 43.105859 36.645331 30.970361 26.295143 22.680019 20.053619 18.258776 17.103478 16.402047 15.999744 15.781433 15.669171 15.614378 15.588957 15.577727 15.572997 15.571095 15.570364 15.570094 15.569999 15.569967 15.569956 15.569953 15.569952 15.569952 15.569952 15.569952 15.569951 15.569950 15.569947 15.569936 15.569905 15.569817 15.569574 15.568932 15.567305 15.563339 15.554062 15.533245 15.488433 15.395937 15.212918 14.865974 14.236669 13.147571 11.360068 8.611855 4.748151 0.000000 
50.000000 42.054367 34.608524 28.068119 22.680019 18.513748 15.487019 13.418662 12.087357 11.279097 10.815543 10.564006 10.434664 10.371539 10.342253 10.329317 10.323869 10.321678 10.320836 10.320525 10.320416 10.320379 10.320367 10.320363 10.320362 10.320361 10.320361 10.320361 10.320361 10.320360 10.320357 10.320347 10.320320 10.320241 10.320024 10.319456 10.318023 10.314553 10.306502 10.288612 10.250569 10.173236 10.023132 9.745407 9.256874 8.443350 7.170033 5.319097 2.868612 0.000000 
50.000000 41.290411 33.128711 25.959579 20.053619 15.487019 12.169544 9.902573 8.443481 7.557675 7.049667 6.774022 6.632290 6.563122 6.531035 6.516862 6.510893 6.508493 6.507570 6.507230 6.507110 6.507070 6.507056 6.507052 6.507051 6.507051 6.507050 6.507050 6.507050 6.507049 6.507047 6.507039 6.507017 6.506954 6.506781 6.506331 6.505200 6.502482 6.496225 6.482456 6.453524 6.395552 6.284992 6.084772 5.741612 5.187645 4.351317 3.182882 1.694736 0.000000 
50.000000 40.768300 32.117376 24.518592 18.258776 13.418662 9.902573 7.499948 5.953594 5.014845 4.476497 4.184400 4.034217 3.960927 3.926929 3.911914 3.905591 3.903048 3.902070 3.901710 3.901583 3.901540 3.901526 3.901522 3.901520 3.901520 3.901520 3.901520 3.901519 3.901519 3.901517 3.901511 3.901495 3.901449 3.901324 3.900999 3.900187 3.898248 3.893821 3.884169 3.864111 3.824446 3.749974 3.617581 3.395530 3.045858 2.532261 1.834857 0.969293 0.000000 
50.000000 40.432204 31.466365 23.591033 17.103478 12.087357 8.443481 5.953594 4.351121 3.378332 2.820481 2.517813 2.362200 2.286265 2.251040 2.235484 2.228933 2.226299 2.225286 2.224913 2.224782 2.224737 2.224723 2.224718 2.224717 2.224716 2.224716 2.224716 2.224716 2.224716 2.224714 2.224711 2.224700 2.224669 2.224585 2.224369 2.223833 2.222561 2.219677 2.213444 2.200621 2.175561 2.129148 2.047929 1.914121 1.707541 1.410439 1.015315 0.533596 0.000000 
50.000000 40.228128 31.071083 23.027851 16.402047 11.279097 7.557675 5.014845 3.378332 2.384902 1.815228 1.506154 1.347252 1.269714 1.233747 1.217864 1.211175 1.208486 1.207452 1.207071 1.206937 1.206891 1.206876 1.206872 1.206870 1.206870 1.206870 1.206870 1.206870 1.206870 1.206869 1.206866 1.206860 1.206840 1.206789 1.206656 1.206328 1.205553 1.203810 1.200072 1.192451 1.177711 1.150734 1.104151 1.028528 0.913614 0.751016 0.538096 0.281795 0.000000 
50.000000 40.111070 30.844353 22.704827 15.999744 10.815543 7.049667 4.476497 2.820481 1.815228 1.238785 0.926044 0.765260 0.686805 0.650414 0.634344 0.627577 0.624856 0.623810 0.623425 0.623289 0.623243 0.623228 0.623223 0.623222 0.623221 0.623221 0.623221 0.623221 0.623221 0.623220 0.623219 0.623215 0.623204 0.623174 0.623098 0.622911 0.622471 0.621487 0.619392 0.615156 0.607037 0.592327 0.567211 0.526931 0.466499 0.382074 0.272810 0.142507 0.000000 
50.000000 40.047542 30.721308 22.529530 15.781433 10.564006 6.774022 4.184400 2.517813 1.506154 0.926044 0.611319 0.449516 0.370565 0.333945 0.317773 0.310964 0.308226 0.307173 0.306786 0.306649 0.306603 0.306588 0.306583 0.306581 0.306581 0.306581 0.306581 0.306581 0.306581 0.306581 0.306580 0.306578 0.306572 0.306556 0.306515 0.306414 0.306180 0.305659 0.304557 0.302344 0.298136 0.290579 0.277797 0.257504 0.227371 0.185696 0.132248 0.068953 0.000000 
50.000000 40.014870 30.658029 22.439382 15.669171 10.434664 6.632290 4.034217 2.362200 1.347252 0.765260 0.449516 0.287191 0.207986 0.171249 0.155025 0.148194 0.145447 0.144391 0.144003 0.143865 0.143819 0.143804 0.143799 0.143798 0.143797 0.143797 0.143797 0.143797 0.143797 0.143797 0.143796 0.143795 0.143792 0.143784 0.143763 0.143713 0.143596 0.143336 0.142789 0.141699 0.139639 0.135968 0.129809 0.120111 0.105832 0.086243 0.061297 0.031915 0.000000 
50.000000 39.998922 30.627142 22.395381 15.614378 10.371539 6.563122 3.960927 2.286265 1.269714 0.686805 0.370565 0.207986 0.128658 0.091863 0.075614 0.068773 0.066022 0.064964 0.064575 0.064438 0.064391 0.064376 0.064371 0.064370 0.064369 0.064369 0.064369 0.064369 0.064369 0.064369 0.064369 0.064368 0.064367 0.064363 0.064353 0.064329 0.064273 0.064151 0.063895 0.063386 0.062431 0.060740 0.057922 0.053516 0.047074 0.038293 0.027174 0.014133 0.000000 
50.000000 39.991522 30.612810 22.374965 15.588957 10.342253 6.531035 3.926929 2.251040 1.233747 0.650414 0.333945 0.171249 0.091863 0.055041 0.038781 0.031935 0.029182 0.028124 0.027734 0.027597 0.027550 0.027535 0.027530 0.027529 0.027528 0.027528 0.027528 0.027528 0.027528 0.027528 0.027528 0.027528 0.027527 0.027525 0.027521 0.027510 0.027485 0.027430 0.027316 0.027091 0.026671 0.025930 0.024704 0.022797 0.020024 0.016266 0.011529 0.005991 0.000000 
50.000000 39.988252 30.606478 22.365946 15.577727 10.329317 6.516862 3.911914 2.235484 1.217864 0.634344 0.317773 0.155025 0.075614 0.038781 0.022516 0.015667 0.012914 0.011855 0.011465 0.011328 0.011281 0.011266 0.011261 0.011260 0.011259 0.011259 0.011259 0.011259 0.011259 0.011259 0.011259 0.011259 0.011259 0.011258 0.011256 0.011251 0.011241 0.011218 0.011169 0.011075 0.010898 0.010590 0.010080 0.009293 0.008153 0.006615 0.004684 0.002432 0.000000 
50.000000 39.986875 30.603811 22.362148 15.572997 10.323869 6.510893 3.905591 2.228933 1.211175 0.627577 0.310964 0.148194 0.068773 0.031935 0.015667 0.008818 0.006064 0.005005 0.004615 0.004478 0.004431 0.004416 0.004411 0.004410 0.004409 0.004409 0.004409 0.004409 0.004409 0.004409 0.004409 0.004409 0.004409 0.004409 0.004408 0.004406 0.004402 0.004392 0.004373 0.004335 0.004264 0.004141 0.003940 0.003629 0.003181 0.002578 0.001824 0.000947 0.000000 
50.000000 39.986321 30.602738 22.360620 15.571095 10.321678 6.508493 3.903048 2.226299 1.208486 0.624856 0.308226 0.145447 0.066022 0.029182 0.012914 0.006064 0.003310 0.002251 0.001861 0.001723 0.001677 0.001662 0.001657 0.001655 0.001655 0.001655 0.001655 0.001655 0.001655 0.001655 0.001655 0.001655 0.001655 0.001655 0.001654 0.001654 0.001652 0.001648 0.001641 0.001626 0.001599 0.001553 0.001476 0.001359 0.001190 0.000964 0.000681 0.000353 0.000000 
50.000000 39.986108 30.602326 22.360032 15.570364 10.320836 6.507570 3.902070 2.225286 1.207452 0.623810 0.307173 0.144391 0.064964 0.028124 0.011855 0.005005 0.002251 0.001192 0.000802 0.000665 0.000618 0.000603 0.000598 0.000597 0.000596 0.000596 0.000596 0.000596 0.000596 0.000596 0.000596 0.000596 0.000596 0.000596 0.000596 0.000596 0.000595 0.000594 0.000591 0.000585 0.000576 0.000559 0.000531 0.000488 0.000427 0.000346 0.000244 0.000127 0.000000 
50.000000 39.986030 30.602174 22.359816 15.570094 10.320525 6.507230 3.901710 2.224913 1.207071 0.623425 0.306786 0.144003 0.064575 0.027734 0.011465 0.004615 0.001861 0.000802 0.000412 0.000275 0.000228 0.000213 0.000208 0.000207 0.000206 0.000206 0.000206 0.000206 0.000206 0.000206 0.000206 0.000206 0.000206 0.000206 0.000206 0.000206 0.000206 0.000205 0.000204 0.000202 0.000199 0.000193 0.000183 0.000169 0.000147 0.000119 0.000084 0.000044 0.000000 
50.000000 39.986002 30.602120 22.359739 15.569999 10.320416 6.507110 3.901583 2.224782 1.206937 0.623289 0.306649 0.143865 0.064438 0.027597 0.011328 0.004478 0.001723 0.000665 0.000275 0.000137 0.000091 0.000075 0.000071 0.000069 0.000069 0.000069 0.000069 0.000069 0.000069 0.000069 0.000069 0.000069 0.000069 0.000069 0.000069 0.000069 0.000068 0.000068 0.000068 0.000067 0.000066 0.000064 0.000061 0.000056 0.000049 0.000040 0.000028 0.000014 0.000000 
50.000000 39.985993 30.602102 22.359713 15.569967 10.320379 6.507070 3.901540 2.224737 1.206891 0.623243 0.306603 0.143819 0.064391 0.027550 0.011281 0.004431 0.001677 0.000618 0.000228 0.000091 0.000044 0.000029 0.000024 0.000023 0.000022 0.000022 0.000022 0.000022 0.000022 0.000022 0.000022 0.000022 0.000022 0.000022 0.000022 0.000022 0.000022 0.000022 0.000022 0.000022 0.000021 0.000021 0.000019 0.000018 0.000016 0.000013 0.000009 0.000005 0.000000 
50.000000 39.985990 30.602096 22.359705 15.569956 10.320367 6.507056 3.901526 2.224723 1.206876 0.623228 0.306588 0.143804 0.064376 0.027535 0.011266 0.004416 0.001662 0.000603 0.000213 0.000075 0.000029 0.000014 0.000009 0.000007 0.000007 0.000007 0.000007 0.000007 0.000007 0.000007 0.000007 0.000007 0.000007 0.000007 0.000007 0.000007 0.000007 0.000007 0.000007 0.000007 0.000007 0.000006 0.000006 0.000006 0.000005 0.000004 0.000003 0.000001 0.000000 
50.000000 39.985989 30.602094 22.359702 15.569953 10.320363 6.507052 3.901522 2.224718 1.206872 0.623223 0.306583 0.143799 0.064371 0.027530 0.011261 0.004411 0.001657 0.000598 0.000208 0.000071 0.000024 0.000009 0.000004 0.000003 0.000002 0.000002 0.000002 0.000002 0.000002 0.000002 0.000002 0.000002 0.000002 0.000002 0.000002 0.000002 0.000002 0.000002 0.000002 0.000002 0.000002 0.000002 0.000002 0.000002 0.000001 0.000001 0.000001 0.000000 0.000000 
50.000000 39.985988 30.602094 22.359701 15.569952 10.320362 6.507051 3.901520 2.224717 1.206871 0.623222 0.306582 0.143798 0.064370 0.027529 0.011260 0.004410 0.001656 0.000597 0.000207 0.000069 0.000023 0.000008 0.000003 0.000001 0.000001 0.000001 0.000001 0.000001 0.000001 0.000001 0.000001 0.000001 0.000001 0.000001 0.000001 0.000001 0.000001 0.000001 0.000001 0.000001 0.000001 0.000001 0.000001 0.000001 0.000001 0.000000 0.000000 0.000000 0.000000 
50.000000 39.985988 30.602094 22.359701 15.569952 10.320362 6.507051 3.901520 2.224717 1.206871 0.623222 0.306582 0.143798 0.064370 0.027529 0.011260 0.004410 0.001656 0.000597 0.000207 0.000069 0.000023 0.000008 0.000003 0.000001 0.000001 0.000001 0.000001 0.000001 0.000001 0.000001 0.000001 0.000001 0.000001 0.000001 0.000001 0.000001 0.000001 0.000001 0.000001 0.000001 0.000001 0.000001 0.000001 0.000001 0.000001 0.000000 0.000000 0.000000 0.000000 
50.000000 39.985989 30.602094 22.359702 15.569953 10.320363 6.507052 3.901522 2.224718 1.206872 0.623223 0.306583 0.143799 0.064371 0.027530 0.011261 0.004411 0.001657 0.000598 0.000208 0.000071 0.000024 0.000009 0.000004 0.000003 0.000002 0.000002 0.000002 0.000002 0.000002 0.000002 0.000002 0.000002 0.000002 0.000002 0.000002 0.000002 0.000002 0.000002 0.000002 0.000002 0.000002 0.000002 0.000002 0.000002 0.000001 0.000001 0.000001 0.000000 0.000000 
50.000000 39.985990 30.602096 22.359705 15.569956 10.320367 6.507056 3.901526 2.224723 1.206876 0.623228 0.306588 0.143804 0.064376 0.027535 0.011266 0.004416 0.001662 0.000603 0.000213 0.000075 0.000029 0.000014 0.000009 0.000007 0.000007 0.000007 0.000007 0.000007 0.000007 0.000007 0.000007 0.000007 0.000007 0.000007 0.000007 0.000007 0.000007 0.000007 0.000007 0.000007 0.000007 0.000006 0.000006 0.000006 0.000005 0.000004 0.000003 0.000001 0.000000 
50.000000 39.985993 30.602102 22.359713 15.569967 10.320379 6.507070 3.901540 2.224737 1.206891 0.623243 0.306603 0.143819 0.064391 0.027550 0.011281 0.004431 0.001677 0.000618 0.000228 0.000091 0.000044 0.000029 0.000024 0.000023 0.000022 0.000022 0.000022 0.000022 0.000022 0.000022 0.000022 0.000022 0.000022 0.000022 0.000022 0.000022 0.000022 0.000022 0.000022 0.000022 0.000021 0.000021 0.000019 0.000018 0.000016 0.000013 0.000009 0.000005 0.000000 
50.000000 39.986002 30.602120 22.359739 15.569999 10.320416 6.507110 3.901583 2.224782 1.206937 0.623289 0.306649 0.143865 0.064438 0.027597 0.011328 0.004478 0.001723 0.000665 0.000275 0.000137 0.000091 0.000075 0.000071 0.000069 0.000069 0.000069 0.000069 0.000069 0.000069 0.000069 0.000069 0.000069 0.000069 0.000069 0.000069 0.000069 0.000068 0.000068 0.000068 0.000067 0.000066 0.000064 0.000061 0.000056 0.000049 0.000040 0.000028 0.000014 0.000000 
50.000000 39.986030 30.602174 22.359816 15.570094 10.320525 6.507230 3.901710 2.224913 1.207071 0.623425 0.306786 0.144003 0.064575 0.027734 0.011465 0.004615 0.001861 0.000802 0.000412 0.000275 0.000228 0.000213 0.000208 0.000207 0.000206 0.000206 0.000206 0.000206 0.000206 0.000206 0.000206 0.000206 0.000206 0.000206 0.000206 0.000206 0.000206 0.000205 0.000204 0.000202 0.000199 0.000193 0.000183 0.000169 0.000147 0.000119 0.000084 0.000044 0.000000 
50.000000 39.986108 30.602326 22.360032 15.570364 10.320836 6.507570 3.902070 2.225286 1.207452 0.623810 0.307173 0.144391 0.064964 0.028124 0.011855 0.005005 0.002251 0.001192 0.000802 0.000665 0.000618 0.000603 0.000598 0.000597 0.000596 0.000596 0.000596 0.000596 0.000596 0.000596 0.000596 0.000596 0.000596 0.000596 0.000596 0.000596 0.000595 0.000594 0.000591 0.000585 0.000576 0.000559 0.000531 0.000488 0.000427 0.000346 0.000244 0.000127 0.000000 
50.000000 39.986321 30.602738 22.360620 15.571095 10.321678 6.508493 3.903048 2.226299 1.208486 0.624856 0.308226 0.145447 0.066022 0.029182 0.012914 0.006064 0.003310 0.002251 0.001861 0.001723 0.001677 0.001662 0.001657 0.001655 0.001655 0.001655 0.001655 0.001655 0.001655 0.001655 0.001655 0.001655 0.001655 0.001655 0.001654 0.001654 0.001652 0.001648 0.001641 0.001626 0.001599 0.001553 0.001476 0.001359 0.001190 0.000964 0.000681 0.000353 0.000000 
50.000000 39.986875 30.603811 22.362148 15.572997 10.323869 6.510893 3.905591 2.228933 1.211175 0.627577 0.310964 0.148194 0.068773 0.031935 0.015667 0.008818 0.006064 0.005005 0.004615 0.004478 0.004431 0.004416 0.004411 0.004410 0.004409 0.004409 0.004409 0.004409 0.004409 0.004409 0.004409 0.004409 0.004409 0.004409 0.004408 0.004406 0.004402 0.004392 0.004373 0.004335 0.004264 0.004141 0.003940 0.003629 0.003181 0.002578 0.001824 0.000947 0.000000 
50.000000 39.988252 30.606478 22.365946 15.577727 10.329317 6.516862 3.911914 2.235484 1.217864 0.634344 0.317773 0.155025 0.075614 0.038781 0.022516 0.015667 0.012914 0.011855 0.011465 0.011328 0.011281 0.011266 0.011261 0.011260 0.011259 0.011259 0.011259 0.011259 0.011259 0.011259 0.011259 0.011259 0.011259 0.011258 0.011256 0.011251 0.011241 0.011218 0.011169 0.011075 0.010898 0.010590 0.010080 0.009293 0.008153 0.006615 0.004684 0.002432 0.000000 
50.000000 39.991522 30.612810 22.374965 15.588957 10.342253 6.531035 3.926929 2.251040 1.233747 0.650414 0.333945 0.171249 0.091863 0.055041 0.038781 0.031935 0.029182 0.028124 0.027734 0.027597 0.027550 0.027535 0.027530 0.027529 0.027528 0.027528 0.027528 0.027528 0.027528 0.027528 0.027528 0.027528 0.027527 0.027525 0.027521 0.027510 0.027485 0.027430 0.027316 0.027091 0.026671 0.025930 0.024704 0.022797 0.020024 0.016266 0.011529 0.005991 0.000000 
50.000000 39.998922 30.627142 22.395381 15.614378 10.371539 6.563122 3.960927 2.286265 1.269714 0.686805 0.370565 0.207986 0.128658 0.091863 0.075614 0.068773 0.066022 0.064964 0.064575 0.064438 0.064391 0.064376 0.064371 0.064370 0.064369 0.064369 0.064369 0.064369 0.064369 0.064369 0.064369 0.064368 0.064367 0.064363 0.064353 0.064329 0.064273 0.064151 0.063895 0.063386 0.062431 0.060740 0.057922 0.053516 0.047074 0.038293 0.027174 0.014133 0.000000 
50.000000 40.014870 30.658029 22.439382 15.669171 10.434664 6.632290 4.034217 2.362200 1.347252 0.765260 0.449516 0.287191 0.207986 0.171249 0.155025 0.148194 0.145447 0.144391 0.144003 0.143865 0.143819 0.143804 0.143799 0.143798 0.143797 0.143797 0.143797 0.143797 0.143797 0.143797 0.143796 0.143795 0.143792 0.143784 0.143763 0.143713 0.143596 0.143336 0.142789 0.141699 0.139639 0.135968 0.129809 0.120111 0.105832 0.086243 0.061297 0.031915 0.000000 
50.000000 40.047542 30.721308 22.529530 15.781433 10.564006 6.774022 4.184400 2.517813 1.506154 0.926044 0.611319 0.449516 0.370565 0.333945 0.317773 0.310964 0.308226 0.307173 0.306786 0.306649 0.306603 0.306588 0.306583 0.306581 0.306581 0.306581 0.306581 0.306581 0.306581 0.306581 0.306580 0.306578 0.306572 0.306556 0.306515 0.306414 0.306180 0.305659 0.304557 0.302344 0.298136 0.290579 0.277797 0.257504 0.227371 0.185696 0.132248 0.068953 0.000000 
50.000000 40.111070 30.844353 22.704827 15.999744 10.815543 7.049667 4.476497 2.820481 1.815228 1.238785 0.926044 0.765260 0.686805 0.650414 0.634344 0.627577 0.624856 0.623810 0.623425 0.623289 0.623243 0.623228 0.623223 0.623222 0.623221 0.623221 0.623221 0.623221 0.623221 0.623220 0.623219 0.623215 0.623204 0.623174 0.623098 0.622911 0.622471 0.621487 0.619392 0.615156 0.607037 0.592327 0.567211 0.526931 0.466499 0.382074 0.272810 0.142507 0.000000 
50.000000 40.228128 31.071083 23.027851 16.402047 11.279097 7.557675 5.014845 3.378332 2.384902 1.815228 1.506154 1.347252 1.269714 1.233747 1.217864 1.211175 1.208486 1.207452 1.207071 1.206937 1.206891 1.206876 1.206872 1.206870 1.206870 1.206870 1.206870 1.206870 1.206870 1.206869 1.206866 1.206860 1.206840 1.206789 1.206656 1.206328 1.205553 1.203810 1.200072 1.192451 1.177711 1.150734 1.104151 1.028528 0.913614 0.751016 0.538096 0.281795 0.000000 
50.000000 40.432204 31.466365 23.591033 17.103478 12.087357 8.443481 5.953594 4.351121 3.378332 2.820481 2.517813 2.362200 2.286265 2.251040 2.235484 2.228933 2.226299 2.225286 2.224913 2.224782 2.224737 2.224723 2.224718 2.224717 2.224716 2.224716 2.224716 2.224716 2.224716 2.224714 2.224711 2.224700 2.224669 2.224585 2.224369 2.223833 2.222561 2.219677 2.213444 2.200621 2.175561 2.129148 2.047929 1.914121 1.707541 1.410439 1.015315 0.533596 0.000000 
50.000000 40.768300 32.117376 24.518592 18.258776 13.418662 9.902573 7.499948 5.953594 5.014845 4.476497 4.184400 4.034217 3.960927 3.926929 3.911914 3.905591 3.903048 3.902070 3.901710 3.901583 3.901540 3.901526 3.901522 3.901520 3.901520 3.901520 3.901520 3.901519 3.901519 3.901517 3.901511 3.901495 3.901449 3.901324 3.900999 3.900187 3.898248 3.893821 3.884169 3.864111 3.824446 3.749974 3.617581 3.395530 3.045858 2.532261 1.834857 0.969293 0.000000 
50.000000 41.290411 33.128711 25.959579 20.053619 15.487019 12.169544 9.902573 8.443481 7.557675 7.049667 6.774022 6.632290 6.563122 6.531035 6.516862 6.510893 6.508493 6.507570 6.507230 6.507110 6.507070 6.507056 6.507052 6.507051 6.507051 6.507050 6.507050 6.507050 6.507049 6.507047 6.507039 6.507017 6.506954 6.506781 6.506331 6.505200 6.502482 6.496225 6.482456 6.453524 6.395552 6.284992 6.084772 5.741612 5.187645 4.351317 3.182882 1.694736 0.000000 
50.000000 42.054367 34.608524 28.068119 22.680019 18.513748 15.487019 13.418662 12.087357 11.279097 10.815543 10.564006 10.434664 10.371539 10.342253 10.329317 10.323869 10.321678 10.320836 10.320525 10.320416 10.320379 10.320367 10.320363 10.320362 10.320361 10.320361 10.320361 10.320361 10.320360 10.320357 10.320347 10.320320 10.320241 10.320024 10.319456 10.318023 10.314553 10.306502 10.288612 10.250569 10.173236 10.023132 9.745407 9.256874 8.443350 7.170033 5.319097 2.868612 0.000000 
50.000000 43.105859 36.645331 30.970361 26.295143 22.680019 20.053619 18.258776 17.103478 16.402047 15.999744 15.781433 15.669171 15.614378 15.588957 15.577727 15.572997 15.571095 15.570364 15.570094 15.569999 15.569967 15.569956 15.569953 15.569952 15.569952 15.569952 15.569952 15.569951 15.569950 15.569947 15.569936 15.569905 15.569817 15.569574 15.568932 15.567305 15.563339 15.554062 15.533245 15.488433 15.395937 15.212918 14.865974 14.236669 13.147571 11.360068 8.611855 4.748151 0.000000 
50.000000 44.465626 39.279314 34.723576 30.970361 28.068119 25.959579 24.518592 23.591033 23.027851 22.704827 22.529530 22.439382 22.395381 22.374965 22.365946 22.362148 22.360620 22.360032 22.359816 22.359739 22.359713 22.359705 22.359702 22.359701 22.359701 22.359701 22.359701 22.359701 22.359700 22.359696 22.359686 22.359656 22.359569 22.359331 22.358699 22.357088 22.353139 22.343833 22.322753 22.276835 22.180594 21.986332 21.608262 20.898087 19.610292 17.361788 13.617280 7.820412 0.000000 
50.000000 46.116107 42.476462 39.279314 36.645331 34.608524 33.128711 32.117376 31.466365 31.071083 30.844353 30.721308 30.658029 30.627142 30.612810 30.606478 30.603811 30.602738 30.602326 30.602174 30.602120 30.602102 30.602096 30.602094 30.602094 30.602093 30.602093 30.602093 30.602093 30.602092 30.602090 30.602081 30.602057 30.601987 30.601794 30.601281 30.599968 30.596732 30.589061 30.571543 30.532987 30.451051 30.282520 29.945829 29.289427 28.033476 25.662034 21.238231 13.206931 0.000000 
50.000000 47.995012 46.116107 44.465626 43.105859 42.054367 41.290411 40.768300 40.432204 40.228128 40.111070 40.047542 40.014870 39.998922 39.991522 39.988252 39.986875 39.986321 39.986108 39.986030 39.986002 39.985993 39.985990 39.985989 39.985988 39.985988 39.985988 39.985988 39.985988 39.985988 39.985986 39.985981 39.985968 39.985929 39.985820 39.985531 39.984789 39.982955 39.978588 39.968563 39.946333 39.898608 39.799007 39.595676 39.185755 38.357708 36.645214 32.909176 23.997506 0.000000 
50.000000 50.000000 50.000000 50.000000 50.000000 50.000000 50.000000 50.000000 50.000000 50.000000 50.000000 50.000000 50.000000 50.000000 50.000000 50.000000 50.000000 50.000000 50.000000 50.000000 50.000000 50.000000 50.000000 50.000000 50.000000 50.000000 50.000000 50.000000 50.000000 50.000000 50.000000 50.000000 50.000000 50.000000 50.000000 50.000000 50.000000 50.000000 50.000000 50.000000 50.000000 50.000000 50.000000 50.000000 50.000000 50.000000 50.000000 50.000000 50.000000 50.000000 
