50.000000 50.000000 50.000000 50.000000 50.000000 50.000000 50.000000 50.000000 50.000000 50.000000 50.000000 50.000000 50.000000 50.000000 50.000000 50.000000 50.000000 50.000000 50.000000 50.000000 50.000000 50.000000 50.000000 50.000000 50.000000 50.000000 50.000000 50.000000 50.000000 50.000000 50.000000 50.000000 50.000000 50.000000 50.000000 50.000000 50.000000 50.000000 50.000000 50.000000 50.000000 50.000000 50.000000 50.000000 50.000000 50.000000 50.000000 50.000000 50.000000 50.000000 
50.000000 48.945750 47.926391 46.973350 46.111708 45.358312 44.721133 44.199794 43.787040 43.470757 43.236121 43.067555 42.950243 42.871129 42.819408 42.786619 42.766453 42.754416 42.747441 42.743515 42.741368 42.740227 42.739636 42.739338 42.739191 42.739118 42.739077 42.739043 42.738993 42.738900 42.738713 42.738337 42.737597 42.736171 42.733484 42.728523 42.719554 42.703647 42.675935 42.628418 42.548004 42.413193 42.188136 41.811204 41.170985 40.050576 37.983486 33.837110 24.472875 0.000000 
50.000000 47.926391 45.921408 44.046870 42.352105 40.870253 39.616989 38.591572 37.779734 37.157642 36.696144 36.364597 36.133861 35.978255 35.876529 35.812038 35.772375 35.748702 35.734983 35.727262 35.723039 35.720793 35.719632 35.719047 35.718758 35.718614 35.718534 35.718467 35.718374 35.718199 35.717846 35.717139 35.715749 35.713074 35.708040 35.698768 35.682044 35.652474 35.601163 35.513634 35.366533 35.122286 34.720133 34.060418 32.975787 31.176524 28.146427 22.960704 14.089281 0.000000 
50.000000 46.973350 44.046870 41.310792 38.837114 36.674209 34.844956 33.348271 32.163328 31.255340 30.581753 30.097841 29.761071 29.533958 29.385486 29.291360 29.233473 29.198921 29.178900 29.167630 29.161467 29.158190 29.156495 29.155641 29.155219 29.155010 29.154895 29.154802 29.154674 29.154435 29.153956 29.152998 29.151119 29.147511 29.140738 29.128302 29.105956 29.066634 28.998812 28.884009 28.693020 28.380185 27.874613 27.066658 25.787237 23.777916 20.655396 15.900443 8.989865 0.000000 
50.000000 46.111708 42.352105 38.837114 35.659231 32.880601 30.530614 28.607878 27.085632 25.919187 25.053869 24.432222 23.999600 23.707849 23.517122 23.396210 23.321849 23.277466 23.251748 23.237272 23.229355 23.225146 23.222969 23.221872 23.221331 23.221064 23.220918 23.220805 23.220654 23.220375 23.219820 23.218712 23.216544 23.212393 23.204627 23.190424 23.165030 23.120614 23.044577 22.917077 22.707503 22.369531 21.834384 21.002054 19.731023 17.829615 15.059198 11.175581 6.061132 0.000000 
50.000000 45.358312 40.870253 36.674209 32.880601 29.563616 26.758335 24.463095 22.645947 21.253537 20.220599 19.478539 18.962124 18.613868 18.386204 18.241878 18.153119 18.100143 18.069445 18.052167 18.042718 18.037694 18.035096 18.033787 18.033142 18.032824 18.032654 18.032528 18.032366 18.032073 18.031492 18.030337 18.028083 18.023783 18.015770 18.001185 17.975255 17.930211 17.853741 17.726832 17.520887 17.194061 16.686949 15.918215 14.781808 13.149578 10.886972 7.894466 4.187328 0.000000 
50.000000 44.721133 39.616989 34.844956 30.530614 26.758335 23.568014 20.957756 18.891222 17.307731 16.133053 15.289175 14.701909 14.305878 14.046986 13.882865 13.781933 13.721693 13.686786 13.667140 13.656395 13.650683 13.647729 13.646242 13.645509 13.645150 13.644962 13.644828 13.644666 13.644380 13.643818 13.642706 13.640543 13.636431 13.628803 13.614991 13.590584 13.548494 13.477663 13.361347 13.174995 12.883839 12.440581 11.784007 10.840120 9.528560 7.778298 5.556571 2.909929 0.000000 
50.000000 44.199794 38.591572 33.348271 28.607878 24.463095 20.957756 18.089775 15.819219 14.079410 12.788783 11.861618 11.216400 10.781292 10.496858 10.316549 10.205663 10.139483 10.101134 10.079551 10.067748 10.061473 10.058228 10.056595 10.055791 10.055399 10.055197 10.055062 10.054908 10.054647 10.054137 10.053134 10.051191 10.047512 10.040718 10.028483 10.006999 9.970225 9.908878 9.809176 9.651392 9.408439 9.044887 8.517175 7.776145 6.773494 5.473658 3.871439 2.011657 0.000000 
50.000000 43.787040 37.779734 32.163328 27.085632 22.645947 18.891222 15.819219 13.387159 11.523613 10.141209 9.148123 8.457037 7.991004 7.686358 7.493239 7.374476 7.303596 7.262525 7.239411 7.226770 7.220050 7.216575 7.214826 7.213966 7.213549 7.213338 7.213205 7.213065 7.212838 7.212402 7.211547 7.209899 7.206791 7.201080 7.190851 7.173003 7.142674 7.092509 7.011782 6.885484 6.693580 6.410780 6.007383 5.451886 4.716102 3.783143 2.657448 1.373847 0.000000 
50.000000 43.470757 37.157642 31.255340 25.919187 21.253537 17.307731 14.079410 11.523613 9.565271 8.112558 7.068974 6.342754 5.853035 5.532909 5.329979 5.205185 5.130706 5.087551 5.063264 5.049982 5.042921 5.039270 5.037433 5.036531 5.036094 5.035877 5.035749 5.035626 5.035438 5.035082 5.034391 5.033063 5.030570 5.026011 5.017889 5.003805 4.980041 4.941050 4.878881 4.782635 4.638130 4.428018 4.132736 3.732650 3.211684 2.562320 1.791109 0.922753 0.000000 
50.000000 43.236121 36.696144 30.581753 25.053869 20.220599 16.133053 12.788783 10.141209 8.112558 6.607701 5.526668 4.774396 4.267113 3.935510 3.725307 3.596042 3.518896 3.474196 3.449039 3.435282 3.427969 3.424188 3.422285 3.421352 3.420902 3.420682 3.420558 3.420453 3.420302 3.420025 3.419491 3.418471 3.416564 3.413092 3.406940 3.396334 3.378558 3.349613 3.303850 3.233677 3.129427 2.979607 2.771705 2.493767 2.136793 1.697744 1.182510 0.607703 0.000000 
50.000000 43.067555 36.364597 30.097841 24.432222 19.478539 15.289175 11.861618 9.148123 7.068974 5.526668 4.418743 3.647762 3.127868 2.788025 2.572600 2.440126 2.361066 2.315257 2.289476 2.275378 2.267884 2.264010 2.262060 2.261104 2.260645 2.260424 2.260306 2.260216 2.260099 2.259892 2.259497 2.258746 2.257350 2.254820 2.250358 2.242709 2.229971 2.209371 2.177056 2.127924 2.055613 1.952740 1.811512 1.624798 1.387645 1.099030 0.763434 0.391620 0.000000 
50.000000 42.950243 36.133861 29.761071 23.999600 18.962124 14.701909 11.216400 8.457037 6.342754 4.774396 3.647762 2.863768 2.335103 1.989529 1.770474 1.635768 1.555377 1.508797 1.482583 1.468248 1.460628 1.456689 1.454707 1.453736 1.453270 1.453048 1.452935 1.452858 1.452769 1.452620 1.452339 1.451810 1.450828 1.449058 1.445952 1.440655 1.431884 1.417791 1.395838 1.362714 1.314363 1.246175 1.153415 1.031913 0.878986 0.694437 0.481387 0.246596 0.000000 
50.000000 42.871129 35.978255 29.533958 23.707849 18.613868 14.305878 10.781292 7.991004 5.853035 4.267113 3.127868 2.335103 1.800527 1.451091 1.229589 1.093379 1.012091 0.964992 0.938487 0.923992 0.916288 0.912305 0.910301 0.909319 0.908850 0.908627 0.908518 0.908451 0.908385 0.908280 0.908088 0.907729 0.907066 0.905875 0.903794 0.900263 0.894448 0.885159 0.870779 0.849230 0.818001 0.774293 0.715294 0.638613 0.542819 0.428003 0.296211 0.151575 0.000000 
50.000000 42.819408 35.876529 29.385486 23.517122 18.386204 14.046986 10.496858 7.686358 5.532909 3.935510 2.788025 1.989529 1.451091 1.099132 0.876032 0.738841 0.656967 0.609529 0.582833 0.568235 0.560475 0.556463 0.554445 0.553457 0.552985 0.552763 0.552657 0.552597 0.552547 0.552476 0.552349 0.552114 0.551682 0.550910 0.549566 0.547297 0.543577 0.537667 0.528570 0.515020 0.495508 0.468376 0.431995 0.385019 0.326697 0.257184 0.177760 0.090885 0.000000 
50.000000 42.786619 35.812038 29.291360 23.396210 18.241878 13.882865 10.316549 7.493239 5.329979 3.725307 2.572600 1.770474 1.229589 0.876032 0.651920 0.514107 0.431863 0.384210 0.357393 0.342729 0.334934 0.330905 0.328878 0.327885 0.327412 0.327190 0.327086 0.327032 0.326993 0.326945 0.326864 0.326715 0.326444 0.325960 0.325123 0.323714 0.321416 0.317781 0.312215 0.303968 0.292159 0.275831 0.254062 0.226109 0.191584 0.150622 0.103998 0.053135 0.000000 
50.000000 42.766453 35.772375 29.233473 23.321849 18.153119 13.781933 10.205663 7.374476 5.205185 3.596042 2.440126 1.635768 1.093380 0.738841 0.514107 0.375912 0.293440 0.245656 0.218765 0.204060 0.196244 0.192203 0.190171 0.189176 0.188701 0.188480 0.188377 0.188327 0.188296 0.188263 0.188212 0.188121 0.187957 0.187664 0.187160 0.186314 0.184940 0.182777 0.179479 0.174616 0.167685 0.158151 0.145502 0.129336 0.109457 0.085962 0.059301 0.030282 0.000000 
50.000000 42.754417 35.748702 29.198922 23.277467 18.100143 13.721694 10.139483 7.303597 5.130707 3.518897 2.361066 1.555377 1.012092 0.656968 0.431864 0.293441 0.210833 0.162970 0.136035 0.121306 0.113477 0.109430 0.107394 0.106398 0.105923 0.105701 0.105600 0.105552 0.105526 0.105503 0.105472 0.105418 0.105321 0.105150 0.104856 0.104364 0.103569 0.102321 0.100427 0.097645 0.093699 0.088293 0.081151 0.072061 0.060924 0.047803 0.032954 0.016820 0.000000 
50.000000 42.747442 35.734984 29.178900 23.251749 18.069446 13.686788 10.101136 7.262527 5.087553 3.474198 2.315259 1.508799 0.964994 0.609532 0.384212 0.245658 0.162972 0.115063 0.088103 0.073360 0.065523 0.061472 0.059435 0.058437 0.057962 0.057741 0.057640 0.057594 0.057571 0.057554 0.057535 0.057504 0.057448 0.057351 0.057185 0.056908 0.056462 0.055764 0.054708 0.053164 0.050982 0.048004 0.044083 0.039111 0.033038 0.025903 0.017846 0.009105 0.000000 
50.000000 42.743516 35.727263 29.167633 23.237275 18.052170 13.667144 10.079556 7.239415 5.063268 3.449044 2.289481 1.482588 0.938492 0.582838 0.357399 0.218770 0.136040 0.088106 0.061131 0.046380 0.038540 0.034486 0.032448 0.031450 0.030974 0.030753 0.030653 0.030607 0.030586 0.030574 0.030561 0.030543 0.030513 0.030459 0.030368 0.030217 0.029974 0.029595 0.029024 0.028191 0.027018 0.025423 0.023330 0.020682 0.017458 0.013679 0.009419 0.004804 0.000000 
50.000000 42.741370 35.723043 29.161473 23.229362 18.042726 13.656405 10.067759 7.226782 5.049994 3.435295 2.275391 1.468261 0.924005 0.568248 0.342742 0.204073 0.121319 0.073371 0.046388 0.031634 0.023791 0.019736 0.017697 0.016699 0.016223 0.016002 0.015902 0.015857 0.015837 0.015826 0.015818 0.015808 0.015791 0.015763 0.015714 0.015634 0.015505 0.015306 0.015005 0.014568 0.013955 0.013123 0.012035 0.010662 0.008995 0.007044 0.004848 0.002472 0.000000 
50.000000 42.740232 35.720803 29.158204 23.225164 18.037715 13.650707 10.061500 7.220078 5.042950 3.427999 2.267915 1.460660 0.916319 0.560507 0.334966 0.196276 0.113509 0.065554 0.038567 0.023810 0.015965 0.011910 0.009871 0.008873 0.008397 0.008176 0.008076 0.008031 0.008012 0.008002 0.007996 0.007991 0.007982 0.007967 0.007942 0.007900 0.007834 0.007731 0.007577 0.007354 0.007041 0.006618 0.006065 0.005371 0.004528 0.003544 0.002439 0.001243 0.000000 
50.000000 42.739648 35.719655 29.156528 23.223011 18.035146 13.647786 10.058291 7.216642 5.039340 3.424260 2.264083 1.456763 0.912380 0.556539 0.330981 0.192279 0.109506 0.061547 0.034557 0.019799 0.011954 0.007899 0.005860 0.004861 0.004385 0.004164 0.004064 0.004020 0.004001 0.003992 0.003987 0.003984 0.003979 0.003971 0.003958 0.003937 0.003904 0.003852 0.003774 0.003661 0.003504 0.003292 0.003016 0.002669 0.002249 0.001760 0.001210 0.000617 0.000000 
50.000000 42.739365 35.719100 29.155718 23.221971 18.033904 13.646374 10.056739 7.214980 5.037594 3.422452 2.262230 1.454879 0.910475 0.554620 0.329053 0.190347 0.107570 0.059609 0.032619 0.017860 0.010015 0.005960 0.003920 0.002922 0.002446 0.002225 0.002125 0.002080 0.002061 0.002053 0.002049 0.002046 0.002044 0.002039 0.002033 0.002022 0.002004 0.001977 0.001936 0.001878 0.001797 0.001687 0.001545 0.001366 0.001151 0.000900 0.000619 0.000315 0.000000 
50.000000 42.739252 35.718877 29.155393 23.221553 18.033406 13.645808 10.056117 7.214314 5.036894 3.421727 2.261488 1.454124 0.909711 0.553851 0.328281 0.189572 0.106794 0.058832 0.031842 0.017083 0.009238 0.005182 0.003143 0.002144 0.001668 0.001447 0.001347 0.001303 0.001284 0.001276 0.001272 0.001270 0.001268 0.001265 0.001261 0.001254 0.001243 0.001226 0.001200 0.001164 0.001113 0.001045 0.000956 0.000846 0.000712 0.000557 0.000383 0.000195 0.000000 
50.000000 42.739252 35.718877 29.155393 23.221553 18.033406 13.645808 10.056117 7.214314 5.036894 3.421727 2.261488 1.454124 0.909711 0.553851 0.328281 0.189572 0.106794 0.058832 0.031842 0.017083 0.009238 0.005182 0.003143 0.002144 0.001668 0.001447 0.001347 0.001303 0.001284 0.001276 0.001272 0.001270 0.001268 0.001265 0.001261 0.001254 0.001243 0.001226 0.001200 0.001164 0.001113 0.001045 0.000956 0.000846 0.000712 0.000557 0.000383 0.000195 0.000000 
50.000000 42.739365 35.719100 29.155718 23.221971 18.033904 13.646374 10.056739 7.214980 5.037594 3.422452 2.262230 1.454879 0.910475 0.554620 0.329053 0.190347 0.107570 0.059609 0.032619 0.017860 0.010015 0.005960 0.003920 0.002922 0.002446 0.002225 0.002125 0.002080 0.002061 0.002053 0.002049 0.002046 0.002044 0.002039 0.002033 0.002022 0.002004 0.001977 0.001936 0.001878 0.001797 0.001687 0.001545 0.001366 0.001151 0.000900 0.000619 0.000315 0.000000 
50.000000 42.739648 35.719655 29.156528 23.223011 18.035146 13.647786 10.058291 7.216642 5.039340 3.424260 2.264083 1.456763 0.912380 0.556539 0.330981 0.192279 0.109506 0.061547 0.034557 0.019799 0.011954 0.007899 0.005860 0.004861 0.004385 0.004164 0.004064 0.004020 0.004001 0.003992 0.003987 0.003984 0.003979 0.003971 0.003958 0.003937 0.003904 0.003852 0.003774 0.003661 0.003504 0.003292 0.003016 0.002669 0.002249 0.001760 0.001210 0.000617 0.000000 
50.000000 42.740232 35.720803 29.158204 23.225164 18.037715 13.650707 10.061500 7.220078 5.042950 3.427999 2.267915 1.460660 0.916319 0.560507 0.334966 0.196276 0.113509 0.065554 0.038567 0.023810 0.015965 0.011910 0.009871 0.008873 0.008397 0.008176 0.008076 0.008031 0.008012 0.008002 0.007996 0.007991 0.007982 0.007967 0.007942 0.007900 0.007834 0.007731 0.007577 0.007354 0.007041 0.006618 0.006065 0.005371 0.004528 0.003544 0.002439 0.001243 0.000000 
50.000000 42.741370 35.723043 29.161473 23.229362 18.042726 13.656405 10.067759 7.226782 5.049994 3.435295 2.275391 1.468261 0.924005 0.568248 0.342742 0.204073 0.121319 0.073371 0.046388 0.031634 0.023791 0.019736 0.017697 0.016699 0.016223 0.016002 0.015902 0.015857 0.015837 0.015826 0.015818 0.015808 0.015791 0.015763 0.015714 0.015634 0.015505 0.015306 0.015005 0.014568 0.013955 0.013123 0.012035 0.010662 0.008995 0.007044 0.004848 0.002472 0.000000 
50.000000 42.743516 35.727263 29.167633 23.237275 18.052170 13.667144 10.079556 7.239415 5.063268 3.449044 2.289481 1.482588 0.938492 0.582838 0.357399 0.218770 0.136040 0.088106 0.061131 0.046380 0.038540 0.034486 0.032448 0.031450 0.030974 0.030753 0.030653 0.030607 0.030586 0.030574 0.030561 0.030543 0.030513 0.030459 0.030368 0.030217 0.029974 0.029595 0.029024 0.028191 0.027018 0.025423 0.023330 0.020682 0.017458 0.013679 0.009419 0.004804 0.000000 
50.000000 42.747442 35.734984 29.178900 23.251749 18.069446 13.686788 10.101136 7.262527 5.087553 3.474198 2.315259 1.508799 0.964994 0.609532 0.384212 0.245658 0.162972 0.115063 0.088103 0.073360 0.065523 0.061472 0.059435 0.058437 0.057962 0.057741 0.057640 0.057594 0.057571 0.057554 0.057535 0.057504 0.057448 0.057351 0.057185 0.056908 0.056462 0.055764 0.054708 0.053164 0.050982 0.048004 0.044083 0.039111 0.033038 0.025903 0.017846 0.009105 0.000000 
50.000000 42.754417 35.748702 29.198922 23.277467 18.100143 13.721694 10.139483 7.303597 5.130707 3.518897 2.361066 1.555377 1.012092 0.656968 0.431864 0.293441 0.210833 0.162970 0.136035 0.121306 0.113477 0.109430 0.107394 0.106398 0.105923 0.105701 0.105600 0.105552 0.105526 0.105503 0.105472 0.105418 0.105321 0.105150 0.104856 0.104364 0.103569 0.102321 0.100427 0.097645 0.093699 0.088293 0.081151 0.072061 0.060924 0.047803 0.032954 0.016820 0.000000 
50.000000 42.766453 35.772375 29.233473 23.321849 18.153119 13.781933 10.205663 7.374476 5.205185 3.596042 2.440126 1.635768 1.093380 0.738841 0.514107 0.375912 0.293440 0.245656 0.218765 0.204060 0.196244 0.192203 0.190171 0.189176 0.188701 0.188480 0.188377 0.188327 0.188296 0.188263 0.188212 0.188121 0.187957 0.187664 0.187160 0.186314 0.184940 0.182777 0.179479 0.174616 0.167685 0.158151 0.145502 0.129336 0.109457 0.085962 0.059301 0.030282 0.000000 
50.000000 42.786619 35.812038 29.291360 23.396210 18.241878 13.882865 10.316549 7.493239 5.329979 3.725307 2.572600 1.770474 1.229589 0.876032 0.651920 0.514107 0.431863 0.384210 0.357393 0.342729 0.334934 0.330905 0.328878 0.327885 0.327412 0.327190 0.327086 0.327032 0.326993 0.326945 0.326864 0.326715 0.326444 0.325960 0.325123 0.323714 0.321416 0.317781 0.312215 0.303968 0.292159 0.275831 0.254062 0.226109 0.191584 0.150622 0.103998 0.053135 0.000000 
50.000000 42.819408 35.876529 29.385486 23.517122 18.386204 14.046986 10.496858 7.686358 5.532909 3.935510 2.788025 1.989529 1.451091 1.099132 0.876032 0.738841 0.656967 0.609529 0.582833 0.568235 0.560475 0.556463 0.554445 0.553457 0.552985 0.552763 0.552657 0.552597 0.552547 0.552476 0.552349 0.552114 0.551682 0.550910 0.549566 0.547297 0.543577 0.537667 0.528570 0.515020 0.495508 0.468376 0.431995 0.385019 0.326697 0.257184 0.177760 0.090885 0.000000 
50.000000 42.871129 35.978255 29.533958 23.707849 18.613868 14.305878 10.781292 7.991004 5.853035 4.267113 3.127868 2.335103 1.800527 1.451091 1.229589 1.093379 1.012091 0.964992 0.938487 0.923992 0.916288 0.912305 0.910301 0.909319 0.908850 0.908627 0.908518 0.908451 0.908385 0.908280 0.908088 0.907729 0.907066 0.905875 0.903794 0.900263 0.894448 0.885159 0.870779 0.849230 0.818001 0.774293 0.715294 0.638613 0.542819 0.428003 0.296211 0.151575 0.000000 
50.000000 42.950243 36.133861 29.761071 23.999600 18.962124 14.701909 11.216400 8.457037 6.342754 4.774396 3.647762 2.863768 2.335103 1.989529 1.770474 1.635768 1.555377 1.508797 1.482583 1.468248 1.460628 1.456689 1.454707 1.453736 1.453270 1.453048 1.452935 1.452858 1.452769 1.452620 1.452339 1.451810 1.450828 1.449058 1.445952 1.440655 1.431884 1.417791 1.395838 1.362714 1.314363 1.246175 1.153415 1.031913 0.878986 0.694437 0.481387 0.246596 0.000000 
50.000000 43.067555 36.364597 30.097841 24.432222 19.478539 15.289175 11.861618 9.148123 7.068974 5.526668 4.418743 3.647762 3.127868 2.788025 2.572600 2.440126 2.361066 2.315257 2.289476 2.275378 2.267884 2.264010 2.262060 2.261104 2.260645 2.260424 2.260306 2.260216 2.260099 2.259892 2.259497 2.258746 2.257350 2.254820 2.250358 2.242709 2.229971 2.209371 2.177056 2.127924 2.055613 1.952740 1.811512 1.624798 1.387645 1.099030 0.763434 0.391620 0.000000 
50.000000 43.236121 36.696144 30.581753 25.053869 20.220599 16.133053 12.788783 10.141209 8.112558 6.607701 5.526668 4.774396 4.267113 3.935510 3.725307 3.596042 3.518896 3.474196 3.449039 3.435282 3.427969 3.424188 3.422285 3.421352 3.420902 3.420682 3.420558 3.420453 3.420302 3.420025 3.419491 3.418471 3.416564 3.413092 3.406940 3.396334 3.378558 3.349613 3.303850 3.233677 3.129427 2.979607 2.771705 2.493767 2.136793 1.697744 1.182510 0.607703 0.000000 
50.000000 43.470757 37.157642 31.255340 25.919187 21.253537 17.307731 14.079410 11.523613 9.565271 8.112558 7.068974 6.342754 5.853035 5.532909 5.329979 5.205185 5.130706 5.087551 5.063264 5.049982 5.042921 5.039270 5.037433 5.036531 5.036094 5.035877 5.035749 5.035626 5.035438 5.035082 5.034391 5.033063 5.030570 5.026011 5.017889 5.003805 4.980041 4.941050 4.878881 4.782635 4.638130 4.428018 4.132736 3.732650 3.211684 2.562320 1.791109 0.922753 0.000000 
50.000000 43.787040 37.779734 32.163328 27.085632 22.645947 18.891222 15.819219 13.387159 11.523613 10.141209 9.148123 8.457037 7.991004 7.686358 7.493239 7.374476 7.303596 7.262525 7.239411 7.226770 7.220050 7.216575 7.214826 7.213966 7.213549 7.213338 7.213205 7.213065 7.212838 7.212402 7.211547 7.209899 7.206791 7.201080 7.190851 7.173003 7.142674 7.092509 7.011782 6.885484 6.693580 6.410780 6.007383 5.451886 4.716102 3.783143 2.657448 1.373847 0.000000 
50.000000 44.199794 38.591572 33.348271 28.607878 24.463095 20.957756 18.089775 15.819219 14.079410 12.788783 11.861618 11.216400 10.781292 10.496858 10.316549 10.205663 10.139483 10.101134 10.079551 10.067748 10.061473 10.058228 10.056595 10.055791 10.055399 10.055197 10.055062 10.054908 10.054647 10.054137 10.053134 10.051191 10.047512 10.040718 10.028483 10.006999 9.970225 9.908878 9.809176 9.651392 9.408439 9.044887 8.517175 7.776145 6.773494 5.473658 3.871439 2.011657 0.000000 
50.000000 44.721133 39.616989 34.844956 30.530614 26.758335 23.568014 20.957756 18.891222 17.307731 16.133053 15.289175 14.701909 14.305878 14.046986 13.882865 13.781933 13.721693 13.686786 13.667140 13.656395 13.650683 13.647729 13.646242 13.645509 13.645150 13.644962 13.644828 13.644666 13.644380 13.643818 13.642706 13.640543 13.636431 13.628803 13.614991 13.590584 13.548494 13.477663 13.361347 13.174995 12.883839 12.440581 11.784007 10.840120 9.528560 7.778298 5.556571 2.909929 0.000000 
50.000000 45.358312 40.870253 36.674209 32.880601 29.563616 26.758335 24.463095 22.645947 21.253537 20.220599 19.478539 18.962124 18.613868 18.386204 18.241878 18.153119 18.100143 18.069445 18.052167 18.042718 18.037694 18.035096 18.033787 18.033142 18.032824 18.032654 18.032528 18.032366 18.032073 18.031492 18.030337 18.028083 18.023783 18.015770 18.001185 17.975255 17.930211 17.853741 17.726832 17.520887 17.194061 16.686949 15.918215 14.781808 13.149578 10.886972 7.894466 4.187328 0.000000 
50.000000 46.111708 42.352105 38.837114 35.659231 32.880601 30.530614 28.607878 27.085632 25.919187 25.053869 24.432222 23.999600 23.707849 23.517122 23.396210 23.321849 23.277466 23.251748 23.237272 23.229355 23.225146 23.222969 23.221872 23.221331 23.221064 23.220918 23.220805 23.220654 23.220375 23.219820 23.218712 23.216544 23.212393 23.204627 23.190424 23.165030 23.120614 23.044577 22.917077 22.707503 22.369531 21.834384 21.002054 19.731023 17.829615 15.059198 11.175581 6.061132 0.000000 
50.000000 46.973350 44.046870 41.310792 38.837114 36.674209 34.844956 33.348271 32.163328 31.255340 30.581753 30.097841 29.761071 29.533958 29.385486 29.291360 29.233473 29.198921 29.178900 29.167630 29.161467 29.158190 29.156495 29.155641 29.155219 29.155010 29.154895 29.154802 29.154674 29.154435 29.153956 29.152998 29.151119 29.147511 29.140738 29.128302 29.105956 29.066634 28.998812 28.884009 28.693020 28.380185 27.874613 27.066658 25.787237 23.777916 20.655396 15.900443 8.989865 0.000000 
50.000000 47.926391 45.921408 44.046870 42.352105 40.870253 39.616989 38.591572 37.779734 37.157642 36.696144 36.364597 36.133861 35.978255 35.876529 35.812038 35.772375 35.748702 35.734983 35.727262 35.723039 35.720793 35.719632 35.719047 35.718758 35.718614 35.718534 35.718467 35.718374 35.718199 35.717846 35.717139 35.715749 35.713074 35.708040 35.698768 35.682044 35.652474 35.601163 35.513634 35.366533 35.122286 34.720133 34.060418 32.975787 31.176524 28.146427 22.960704 14.089281 0.000000 
50.000000 48.945750 47.926391 46.973350 46.111708 45.358312 44.721133 44.199794 43.787040 43.470757 43.236121 43.067555 42.950243 42.871129 42.819408 42.786619 42.766453 42.754416 42.747441 42.743515 42.741368 42.740227 42.739636 42.739338 42.739191 42.739118 42.739077 42.739043 42.738993 42.738900 42.738713 42.738337 42.737597 42.736171 42.733484 42.728523 42.719554 42.703647 42.675935 42.628418 42.548004 42.413193 42.188136 41.811204 41.170985 40.050576 37.983486 33.837110 24.472875 0.000000 
50.000000 50.000000 50.000000 50.000000 50.000000 50.000000 50.000000 50.000000 50.000000 50.000000 50.000000 50.000000 50.000000 50.000000 50.000000 50.000000 50.000000 50.000000 50.000000 50.000000 50.000000 50.000000 50.000000 50.000000 50.000000 50.000000 50.000000 50.000000 50.000000 50.000000 50.000000 50.000000 50.000000 50.000000 50.000000 50.000000 50.000000 50.000000 50.000000 50.000000 50.000000 50.000000 50.000000 50.000000 50.000000 50.000000 50.000000 50.000000 50.000000 50.000000 
