50.000000 50.000000 50.000000 50.000000 50.000000 50.000000 50.000000 50.000000 50.000000 50.000000 50.000000 50.000000 50.000000 50.000000 50.000000 50.000000 50.000000 50.000000 50.000000 50.000000 50.000000 50.000000 50.000000 50.000000 50.000000 50.000000 50.000000 50.000000 50.000000 50.000000 50.000000 50.000000 50.000000 50.000000 50.000000 50.000000 50.000000 50.000000 50.000000 50.000000 50.000000 50.000000 50.000000 50.000000 50.000000 50.000000 50.000000 50.000000 50.000000 50.000000 
50.000000 47.002473 44.286431 42.054318 40.387357 39.253127 38.547772 38.145470 37.934259 37.831815 37.785743 37.766464 37.758933 37.756178 37.755231 37.754925 37.754831 37.754804 37.754796 37.754794 37.754794 37.754794 37.754794 37.754794 37.754794 37.754794 37.754794 37.754794 37.754794 37.754794 37.754794 37.754794 37.754793 37.754792 37.754786 37.754766 37.754694 37.754458 37.753717 37.751501 37.745202 37.728156 37.684154 37.575323 37.315541 36.709717 35.302690 31.955516 23.501237 0.000000 
50.000000 44.286431 39.109448 34.854946 31.677735 29.515979 28.171682 27.404991 27.002498 26.807286 26.719499 26.682767 26.668419 26.663171 26.661367 26.660784 26.660605 26.660554 26.660540 26.660536 26.660535 26.660535 26.660535 26.660535 26.660535 26.660535 26.660535 26.660535 26.660535 26.660535 26.660535 26.660535 26.660534 26.660531 26.660522 26.660487 26.660368 26.659976 26.658747 26.655098 26.644805 26.617250 26.547187 26.377733 25.986847 25.123658 23.291839 19.554724 12.330915 0.000000 
50.000000 42.054318 34.854946 28.938583 24.520488 21.514595 19.645483 18.579551 18.020007 17.748648 17.626629 17.575579 17.555640 17.548347 17.545841 17.545030 17.544783 17.544711 17.544691 17.544686 17.544685 17.544685 17.544684 17.544684 17.544684 17.544684 17.544684 17.544684 17.544684 17.544684 17.544684 17.544684 17.544684 17.544681 17.544670 17.544631 17.544498 17.544062 17.542707 17.538713 17.527562 17.498121 17.424649 17.251469 16.866221 16.058603 14.469292 11.563108 6.751627 0.000000 
50.000000 40.387357 31.677735 24.520488 19.175996 15.540035 13.279296 11.990130 11.313464 10.985338 10.837809 10.776093 10.751991 10.743176 10.740148 10.739169 10.738869 10.738783 10.738759 10.738753 10.738751 10.738751 10.738751 10.738751 10.738751 10.738751 10.738751 10.738751 10.738751 10.738751 10.738751 10.738751 10.738750 10.738748 10.738738 10.738703 10.738585 10.738200 10.737010 10.733533 10.723939 10.698973 10.637838 10.497286 10.194787 9.587998 8.461885 6.554077 3.677640 0.000000 
50.000000 39.253127 29.515979 21.514595 15.540035 11.475663 8.948727 7.507881 6.751668 6.385004 6.220165 6.151216 6.124292 6.114446 6.111065 6.109971 6.109637 6.109540 6.109514 6.109507 6.109505 6.109504 6.109504 6.109504 6.109504 6.109504 6.109504 6.109504 6.109504 6.109504 6.109504 6.109504 6.109504 6.109502 6.109495 6.109468 6.109379 6.109091 6.108207 6.105647 6.098662 6.080739 6.037617 5.940667 5.737832 5.345248 4.648375 3.529132 1.937587 0.000000 
50.000000 38.547772 28.171682 19.645483 13.279296 8.948727 6.256452 4.721437 3.915864 3.525299 3.349732 3.276302 3.247631 3.237148 3.233548 3.232383 3.232027 3.231925 3.231896 3.231889 3.231887 3.231887 3.231887 3.231887 3.231887 3.231887 3.231887 3.231887 3.231887 3.231887 3.231887 3.231887 3.231886 3.231885 3.231880 3.231863 3.231804 3.231616 3.231043 3.229397 3.224953 3.213695 3.187031 3.128226 3.008061 2.782010 2.394014 1.793948 0.972450 0.000000 
50.000000 38.145470 27.404991 18.579551 11.990130 7.507881 4.721437 3.132817 2.299161 1.895007 1.713344 1.637370 1.607708 1.596864 1.593139 1.591935 1.591567 1.591461 1.591432 1.591424 1.591422 1.591422 1.591421 1.591421 1.591421 1.591421 1.591421 1.591421 1.591421 1.591421 1.591421 1.591421 1.591421 1.591420 1.591418 1.591407 1.591373 1.591264 1.590933 1.589991 1.587470 1.581157 1.566408 1.534406 1.470264 1.352292 1.154902 0.857804 0.461316 0.000000 
50.000000 37.934259 27.002498 18.020007 11.313464 6.751668 3.915864 2.299161 1.450802 1.039540 0.854690 0.777387 0.747208 0.736175 0.732386 0.731161 0.730787 0.730678 0.730649 0.730641 0.730639 0.730639 0.730639 0.730639 0.730639 0.730639 0.730639 0.730639 0.730639 0.730639 0.730639 0.730638 0.730638 0.730638 0.730636 0.730631 0.730613 0.730556 0.730384 0.729897 0.728605 0.725401 0.718003 0.702169 0.670929 0.614492 0.521885 0.385248 0.206103 0.000000 
50.000000 37.831815 26.807286 17.748648 10.985338 6.385004 3.525299 1.895007 1.039540 0.624842 0.438454 0.360510 0.330082 0.318958 0.315138 0.313903 0.313526 0.313417 0.313387 0.313379 0.313377 0.313376 0.313376 0.313376 0.313376 0.313376 0.313376 0.313376 0.313376 0.313376 0.313376 0.313376 0.313376 0.313376 0.313375 0.313373 0.313364 0.313337 0.313255 0.313026 0.312421 0.310935 0.307537 0.300347 0.286342 0.261400 0.221085 0.162481 0.086613 0.000000 
50.000000 37.785743 26.719499 17.626629 10.837809 6.220165 3.349732 1.713344 0.854690 0.438454 0.251377 0.173146 0.142607 0.131442 0.127609 0.126369 0.125991 0.125881 0.125851 0.125843 0.125841 0.125841 0.125841 0.125841 0.125841 0.125841 0.125841 0.125841 0.125841 0.125841 0.125841 0.125841 0.125841 0.125841 0.125840 0.125839 0.125835 0.125824 0.125788 0.125689 0.125428 0.124793 0.123353 0.120335 0.114519 0.104276 0.087916 0.064401 0.034242 0.000000 
50.000000 37.766464 26.682767 17.575579 10.776093 6.151216 3.276302 1.637370 0.777387 0.360510 0.173146 0.094796 0.064211 0.053030 0.049190 0.047949 0.047570 0.047460 0.047430 0.047422 0.047420 0.047420 0.047420 0.047419 0.047419 0.047419 0.047419 0.047419 0.047419 0.047419 0.047419 0.047419 0.047419 0.047419 0.047419 0.047419 0.047417 0.047412 0.047398 0.047358 0.047255 0.047003 0.046437 0.045259 0.043009 0.039084 0.032872 0.024020 0.012747 0.000000 
50.000000 37.758933 26.668419 17.555640 10.751991 6.124292 3.247631 1.607708 0.747208 0.330082 0.142607 0.064211 0.033607 0.022420 0.018578 0.017336 0.016956 0.016847 0.016817 0.016809 0.016807 0.016806 0.016806 0.016806 0.016806 0.016806 0.016806 0.016806 0.016806 0.016806 0.016806 0.016806 0.016806 0.016806 0.016806 0.016806 0.016805 0.016804 0.016798 0.016783 0.016745 0.016652 0.016444 0.016015 0.015201 0.013792 0.011577 0.008444 0.004475 0.000000 
50.000000 37.756178 26.663171 17.548347 10.743176 6.114446 3.237148 1.596864 0.736175 0.318958 0.131442 0.053030 0.022420 0.011229 0.007387 0.006145 0.005765 0.005655 0.005625 0.005618 0.005616 0.005615 0.005615 0.005615 0.005615 0.005615 0.005615 0.005615 0.005615 0.005615 0.005615 0.005615 0.005615 0.005615 0.005615 0.005615 0.005615 0.005614 0.005612 0.005607 0.005594 0.005562 0.005490 0.005344 0.005067 0.004591 0.003848 0.002803 0.001484 0.000000 
50.000000 37.755231 26.661367 17.545841 10.740148 6.111065 3.233548 1.593139 0.732386 0.315138 0.127609 0.049190 0.018578 0.007387 0.003545 0.002302 0.001923 0.001813 0.001783 0.001775 0.001773 0.001773 0.001772 0.001772 0.001772 0.001772 0.001772 0.001772 0.001772 0.001772 0.001772 0.001772 0.001772 0.001772 0.001772 0.001772 0.001772 0.001772 0.001771 0.001770 0.001765 0.001755 0.001732 0.001685 0.001596 0.001445 0.001210 0.000880 0.000465 0.000000 
50.000000 37.754925 26.660784 17.545030 10.739169 6.109971 3.232383 1.591935 0.731161 0.313903 0.126369 0.047949 0.017336 0.006145 0.002302 0.001059 0.000680 0.000570 0.000540 0.000532 0.000530 0.000530 0.000530 0.000530 0.000530 0.000530 0.000530 0.000530 0.000530 0.000530 0.000530 0.000530 0.000530 0.000530 0.000530 0.000530 0.000530 0.000530 0.000529 0.000529 0.000528 0.000524 0.000517 0.000503 0.000476 0.000431 0.000360 0.000262 0.000138 0.000000 
50.000000 37.754831 26.660605 17.544783 10.738869 6.109637 3.232027 1.591567 0.730787 0.313526 0.125991 0.047570 0.016956 0.005765 0.001923 0.000680 0.000300 0.000191 0.000161 0.000153 0.000151 0.000150 0.000150 0.000150 0.000150 0.000150 0.000150 0.000150 0.000150 0.000150 0.000150 0.000150 0.000150 0.000150 0.000150 0.000150 0.000150 0.000150 0.000150 0.000150 0.000150 0.000149 0.000147 0.000143 0.000135 0.000122 0.000102 0.000074 0.000039 0.000000 
50.000000 37.754804 26.660554 17.544711 10.738783 6.109540 3.231925 1.591461 0.730678 0.313417 0.125881 0.047460 0.016847 0.005655 0.001813 0.000570 0.000191 0.000081 0.000051 0.000043 0.000041 0.000041 0.000041 0.000040 0.000040 0.000040 0.000040 0.000040 0.000040 0.000040 0.000040 0.000040 0.000040 0.000040 0.000040 0.000040 0.000040 0.000040 0.000040 0.000040 0.000040 0.000040 0.000040 0.000038 0.000036 0.000033 0.000027 0.000020 0.000010 0.000000 
50.000000 37.754796 26.660540 17.544691 10.738759 6.109514 3.231896 1.591432 0.730649 0.313387 0.125851 0.047430 0.016817 0.005625 0.001783 0.000540 0.000161 0.000051 0.000021 0.000013 0.000011 0.000011 0.000010 0.000010 0.000010 0.000010 0.000010 0.000010 0.000010 0.000010 0.000010 0.000010 0.000010 0.000010 0.000010 0.000010 0.000010 0.000010 0.000010 0.000010 0.000010 0.000010 0.000010 0.000010 0.000009 0.000008 0.000007 0.000005 0.000003 0.000000 
50.000000 37.754794 26.660536 17.544686 10.738753 6.109507 3.231889 1.591424 0.730641 0.313379 0.125843 0.047422 0.016809 0.005618 0.001775 0.000532 0.000153 0.000043 0.000013 0.000005 0.000003 0.000003 0.000003 0.000003 0.000003 0.000003 0.000003 0.000003 0.000003 0.000003 0.000003 0.000003 0.000003 0.000003 0.000003 0.000003 0.000003 0.000003 0.000003 0.000003 0.000003 0.000003 0.000002 0.000002 0.000002 0.000002 0.000002 0.000001 0.000001 0.000000 
50.000000 37.754794 26.660535 17.544685 10.738751 6.109505 3.231887 1.591422 0.730639 0.313377 0.125841 0.047420 0.016807 0.005616 0.001773 0.000530 0.000151 0.000041 0.000011 0.000003 0.000001 0.000001 0.000001 0.000001 0.000001 0.000001 0.000001 0.000001 0.000001 0.000001 0.000001 0.000001 0.000001 0.000001 0.000001 0.000001 0.000001 0.000001 0.000001 0.000001 0.000001 0.000001 0.000001 0.000001 0.000001 0.000000 0.000000 0.000000 0.000000 0.000000 
50.000000 37.754794 26.660535 17.544685 10.738751 6.109504 3.231887 1.591422 0.730639 0.313376 0.125841 0.047420 0.016806 0.005615 0.001773 0.000530 0.000150 0.000041 0.000011 0.000003 0.000001 0.000000 0.000000 0.000000 0.000000 0.000000 0.000000 0.000000 0.000000 0.000000 0.000000 0.000000 0.000000 0.000000 0.000000 0.000000 0.000000 0.000000 0.000000 0.000000 0.000000 0.000000 0.000000 0.000000 0.000000 0.000000 0.000000 0.000000 0.000000 0.000000 
50.000000 37.754794 26.660535 17.544684 10.738751 6.109504 3.231887 1.591421 0.730639 0.313376 0.125841 0.047420 0.016806 0.005615 0.001772 0.000530 0.000150 0.000041 0.000010 0.000003 0.000001 0.000000 0.000000 0.000000 0.000000 0.000000 0.000000 0.000000 0.000000 0.000000 0.000000 0.000000 0.000000 0.000000 0.000000 0.000000 0.000000 0.000000 0.000000 0.000000 0.000000 0.000000 0.000000 0.000000 0.000000 0.000000 0.000000 0.000000 0.000000 0.000000 
50.000000 37.754794 26.660535 17.544684 10.738751 6.109504 3.231887 1.591421 0.730639 0.313376 0.125841 0.047419 0.016806 0.005615 0.001772 0.000530 0.000150 0.000040 0.000010 0.000003 0.000001 0.000000 0.000000 0.000000 0.000000 0.000000 0.000000 0.000000 0.000000 0.000000 0.000000 0.000000 0.000000 0.000000 0.000000 0.000000 0.000000 0.000000 0.000000 0.000000 0.000000 0.000000 0.000000 0.000000 0.000000 0.000000 0.000000 0.000000 0.000000 0.000000 
50.000000 37.754794 26.660535 17.544684 10.738751 6.109504 3.231887 1.591421 0.730639 0.313376 0.125841 0.047419 0.016806 0.005615 0.001772 0.000530 0.000150 0.000040 0.000010 0.000003 0.000001 0.000000 0.000000 0.000000 0.000000 0.000000 0.000000 0.000000 0.000000 0.000000 0.000000 0.000000 0.000000 0.000000 0.000000 0.000000 0.000000 0.000000 0.000000 0.000000 0.000000 0.000000 0.000000 0.000000 0.000000 0.000000 0.000000 0.000000 0.000000 0.000000 
50.000000 37.754794 26.660535 17.544684 10.738751 6.109504 3.231887 1.591421 0.730639 0.313376 0.125841 0.047419 0.016806 0.005615 0.001772 0.000530 0.000150 0.000040 0.000010 0.000003 0.000001 0.000000 0.000000 0.000000 0.000000 0.000000 0.000000 0.000000 0.000000 0.000000 0.000000 0.000000 0.000000 0.000000 0.000000 0.000000 0.000000 0.000000 0.000000 0.000000 0.000000 0.000000 0.000000 0.000000 0.000000 0.000000 0.000000 0.000000 0.000000 0.000000 
50.000000 37.754794 26.660535 17.544684 10.738751 6.109504 3.231887 1.591421 0.730639 0.313376 0.125841 0.047419 0.016806 0.005615 0.001772 0.000530 0.000150 0.000040 0.000010 0.000003 0.000001 0.000000 0.000000 0.000000 0.000000 0.000000 0.000000 0.000000 0.000000 0.000000 0.000000 0.000000 0.000000 0.000000 0.000000 0.000000 0.000000 0.000000 0.000000 0.000000 0.000000 0.000000 0.000000 0.000000 0.000000 0.000000 0.000000 0.000000 0.000000 0.000000 
50.000000 37.754794 26.660535 17.544684 10.738751 6.109504 3.231887 1.591421 0.730639 0.313376 0.125841 0.047420 0.016806 0.005615 0.001772 0.000530 0.000150 0.000041 0.000010 0.000003 0.000001 0.000000 0.000000 0.000000 0.000000 0.000000 0.000000 0.000000 0.000000 0.000000 0.000000 0.000000 0.000000 0.000000 0.000000 0.000000 0.000000 0.000000 0.000000 0.000000 0.000000 0.000000 0.000000 0.000000 0.000000 0.000000 0.000000 0.000000 0.000000 0.000000 
50.000000 37.754794 26.660535 17.544685 10.738751 6.109504 3.231887 1.591422 0.730639 0.313376 0.125841 0.047420 0.016806 0.005615 0.001773 0.000530 0.000150 0.000041 0.000011 0.000003 0.000001 0.000000 0.000000 0.000000 0.000000 0.000000 0.000000 0.000000 0.000000 0.000000 0.000000 0.000000 0.000000 0.000000 0.000000 0.000000 0.000000 0.000000 0.000000 0.000000 0.000000 0.000000 0.000000 0.000000 0.000000 0.000000 0.000000 0.000000 0.000000 0.000000 
50.000000 37.754794 26.660535 17.544685 10.738751 6.109505 3.231887 1.591422 0.730639 0.313377 0.125841 0.047420 0.016807 0.005616 0.001773 0.000530 0.000151 0.000041 0.000011 0.000003 0.000001 0.000001 0.000001 0.000001 0.000001 0.000001 0.000001 0.000001 0.000001 0.000001 0.000001 0.000001 0.000001 0.000001 0.000001 0.000001 0.000001 0.000001 0.000001 0.000001 0.000001 0.000001 0.000001 0.000001 0.000001 0.000000 0.000000 0.000000 0.000000 0.000000 
50.000000 37.754794 26.660536 17.544686 10.738753 6.109507 3.231889 1.591424 0.730641 0.313379 0.125843 0.047422 0.016809 0.005618 0.001775 0.000532 0.000153 0.000043 0.000013 0.000005 0.000003 0.000003 0.000003 0.000003 0.000003 0.000003 0.000003 0.000003 0.000003 0.000003 0.000003 0.000003 0.000003 0.000003 0.000003 0.000003 0.000003 0.000003 0.000003 0.000003 0.000003 0.000003 0.000002 0.000002 0.000002 0.000002 0.000002 0.000001 0.000001 0.000000 
50.000000 37.754796 26.660540 17.544691 10.738759 6.109514 3.231896 1.591432 0.730649 0.313387 0.125851 0.047430 0.016817 0.005625 0.001783 0.000540 0.000161 0.000051 0.000021 0.000013 0.000011 0.000011 0.000010 0.000010 0.000010 0.000010 0.000010 0.000010 0.000010 0.000010 0.000010 0.000010 0.000010 0.000010 0.000010 0.000010 0.000010 0.000010 0.000010 0.000010 0.000010 0.000010 0.000010 0.000010 0.000009 0.000008 0.000007 0.000005 0.000003 0.000000 
50.000000 37.754804 26.660554 17.544711 10.738783 6.109540 3.231925 1.591461 0.730678 0.313417 0.125881 0.047460 0.016847 0.005655 0.001813 0.000570 0.000191 0.000081 0.000051 0.000043 0.000041 0.000041 0.000041 0.000040 0.000040 0.000040 0.000040 0.000040 0.000040 0.000040 0.000040 0.000040 0.000040 0.000040 0.000040 0.000040 0.000040 0.000040 0.000040 0.000040 0.000040 0.000040 0.000040 0.000038 0.000036 0.000033 0.000027 0.000020 0.000010 0.000000 
50.000000 37.754831 26.660605 17.544783 10.738869 6.109637 3.232027 1.591567 0.730787 0.313526 0.125991 0.047570 0.016956 0.005765 0.001923 0.000680 0.000300 0.000191 0.000161 0.000153 0.000151 0.000150 0.000150 0.000150 0.000150 0.000150 0.000150 0.000150 0.000150 0.000150 0.000150 0.000150 0.000150 0.000150 0.000150 0.000150 0.000150 0.000150 0.000150 0.000150 0.000150 0.000149 0.000147 0.000143 0.000135 0.000122 0.000102 0.000074 0.000039 0.000000 
50.000000 37.754925 26.660784 17.545030 10.739169 6.109971 3.232383 1.591935 0.731161 0.313903 0.126369 0.047949 0.017336 0.006145 0.002302 0.001059 0.000680 0.000570 0.000540 0.000532 0.000530 0.000530 0.000530 0.000530 0.000530 0.000530 0.000530 0.000530 0.000530 0.000530 0.000530 0.000530 0.000530 0.000530 0.000530 0.000530 0.000530 0.000530 0.000529 0.000529 0.000528 0.000524 0.000517 0.000503 0.000476 0.000431 0.000360 0.000262 0.000138 0.000000 
50.000000 37.755231 26.661367 17.545841 10.740148 6.111065 3.233548 1.593139 0.732386 0.315138 0.127609 0.049190 0.018578 0.007387 0.003545 0.002302 0.001923 0.001813 0.001783 0.001775 0.001773 0.001773 0.001772 0.001772 0.001772 0.001772 0.001772 0.001772 0.001772 0.001772 0.001772 0.001772 0.001772 0.001772 0.001772 0.001772 0.001772 0.001772 0.001771 0.001770 0.001765 0.001755 0.001732 0.001685 0.001596 0.001445 0.001210 0.000880 0.000465 0.000000 
50.000000 37.756178 26.663171 17.548347 10.743176 6.114446 3.237148 1.596864 0.736175 0.318958 0.131442 0.053030 0.022420 0.011229 0.007387 0.006145 0.005765 0.005655 0.005625 0.005618 0.005616 0.005615 0.005615 0.005615 0.005615 0.005615 0.005615 0.005615 0.005615 0.005615 0.005615 0.005615 0.005615 0.005615 0.005615 0.005615 0.005615 0.005614 0.005612 0.005607 0.005594 0.005562 0.005490 0.005344 0.005067 0.004591 0.003848 0.002803 0.001484 0.000000 
50.000000 37.758933 26.668419 17.555640 10.751991 6.124292 3.247631 1.607708 0.747208 0.330082 0.142607 0.064211 0.033607 0.022420 0.018578 0.017336 0.016956 0.016847 0.016817 0.016809 0.016807 0.016806 0.016806 0.016806 0.016806 0.016806 0.016806 0.016806 0.016806 0.016806 0.016806 0.016806 0.016806 0.016806 0.016806 0.016806 0.016805 0.016804 0.016798 0.016783 0.016745 0.016652 0.016444 0.016015 0.015201 0.013792 0.011577 0.008444 0.004475 0.000000 
50.000000 37.766464 26.682767 17.575579 10.776093 6.151216 3.276302 1.637370 0.777387 0.360510 0.173146 0.094796 0.064211 0.053030 0.049190 0.047949 0.047570 0.047460 0.047430 0.047422 0.047420 0.047420 0.047420 0.047419 0.047419 0.047419 0.047419 0.047419 0.047419 0.047419 0.047419 0.047419 0.047419 0.047419 0.047419 0.047419 0.047417 0.047412 0.047398 0.047358 0.047255 0.047003 0.046437 0.045259 0.043009 0.039084 0.032872 0.024020 0.012747 0.000000 
50.000000 37.785743 26.719499 17.626629 10.837809 6.220165 3.349732 1.713344 0.854690 0.438454 0.251377 0.173146 0.142607 0.131442 0.127609 0.126369 0.125991 0.125881 0.125851 0.125843 0.125841 0.125841 0.125841 0.125841 0.125841 0.125841 0.125841 0.125841 0.125841 0.125841 0.125841 0.125841 0.125841 0.125841 0.125840 0.125839 0.125835 0.125824 0.125788 0.125689 0.125428 0.124793 0.123353 0.120335 0.114519 0.104276 0.087916 0.064401 0.034242 0.000000 
50.000000 37.831815 26.807286 17.748648 10.985338 6.385004 3.525299 1.895007 1.039540 0.624842 0.438454 0.360510 0.330082 0.318958 0.315138 0.313903 0.313526 0.313417 0.313387 0.313379 0.313377 0.313376 0.313376 0.313376 0.313376 0.313376 0.313376 0.313376 0.313376 0.313376 0.313376 0.313376 0.313376 0.313376 0.313375 0.313373 0.313364 0.313337 0.313255 0.313026 0.312421 0.310935 0.307537 0.300347 0.286342 0.261400 0.221085 0.162481 0.086613 0.000000 
50.000000 37.934259 27.002498 18.020007 11.313464 6.751668 3.915864 2.299161 1.450802 1.039540 0.854690 0.777387 0.747208 0.736175 0.732386 0.731161 0.730787 0.730678 0.730649 0.730641 0.730639 0.730639 0.730639 0.730639 0.730639 0.730639 0.730639 0.730639 0.730639 0.730639 0.730639 0.730638 0.730638 0.730638 0.730636 0.730631 0.730613 0.730556 0.730384 0.729897 0.728605 0.725401 0.718003 0.702169 0.670929 0.614492 0.521885 0.385248 0.206103 0.000000 
50.000000 38.145470 27.404991 18.579551 11.990130 7.507881 4.721437 3.132817 2.299161 1.895007 1.713344 1.637370 1.607708 1.596864 1.593139 1.591935 1.591567 1.591461 1.591432 1.591424 1.591422 1.591422 1.591421 1.591421 1.591421 1.591421 1.591421 1.591421 1.591421 1.591421 1.591421 1.591421 1.591421 1.591420 1.591418 1.591407 1.591373 1.591264 1.590933 1.589991 1.587470 1.581157 1.566408 1.534406 1.470264 1.352292 1.154902 0.857804 0.461316 0.000000 
50.000000 38.547772 28.171682 19.645483 13.279296 8.948727 6.256452 4.721437 3.915864 3.525299 3.349732 3.276302 3.247631 3.237148 3.233548 3.232383 3.232027 3.231925 3.231896 3.231889 3.231887 3.231887 3.231887 3.231887 3.231887 3.231887 3.231887 3.231887 3.231887 3.231887 3.231887 3.231887 3.231886 3.231885 3.231880 3.231863 3.231804 3.231616 3.231043 3.229397 3.224953 3.213695 3.187031 3.128226 3.008061 2.782010 2.394014 1.793948 0.972450 0.000000 
50.000000 39.253127 29.515979 21.514595 15.540035 11.475663 8.948727 7.507881 6.751668 6.385004 6.220165 6.151216 6.124292 6.114446 6.111065 6.109971 6.109637 6.109540 6.109514 6.109507 6.109505 6.109504 6.109504 6.109504 6.109504 6.109504 6.109504 6.109504 6.109504 6.109504 6.109504 6.109504 6.109504 6.109502 6.109495 6.109468 6.109379 6.109091 6.108207 6.105647 6.098662 6.080739 6.037617 5.940667 5.737832 5.345248 4.648375 3.529132 1.937587 0.000000 
50.000000 40.387357 31.677735 24.520488 19.175996 15.540035 13.279296 11.990130 11.313464 10.985338 10.837809 10.776093 10.751991 10.743176 10.740148 10.739169 10.738869 10.738783 10.738759 10.738753 10.738751 10.738751 10.738751 10.738751 10.738751 10.738751 10.738751 10.738751 10.738751 10.738751 10.738751 10.738751 10.738750 10.738748 10.738738 10.738703 10.738585 10.738200 10.737010 10.733533 10.723939 10.698973 10.637838 10.497286 10.194787 9.587998 8.461885 6.554077 3.677640 0.000000 
50.000000 42.054318 34.854946 28.938583 24.520488 21.514595 19.645483 18.579551 18.020007 17.748648 17.626629 17.575579 17.555640 17.548347 17.545841 17.545030 17.544783 17.544711 17.544691 17.544686 17.544685 17.544685 17.544684 17.544684 17.544684 17.544684 17.544684 17.544684 17.544684 17.544684 17.544684 17.544684 17.544684 17.544681 17.544670 17.544631 17.544498 17.544062 17.542707 17.538713 17.527562 17.498121 17.424649 17.251469 16.866221 16.058603 14.469292 11.563108 6.751627 0.000000 
50.000000 44.286431 39.109448 34.854946 31.677735 29.515979 28.171682 27.404991 27.002498 26.807286 26.719499 26.682767 26.668419 26.663171 26.661367 26.660784 26.660605 26.660554 26.660540 26.660536 26.660535 26.660535 26.660535 26.660535 26.660535 26.660535 26.660535 26.660535 26.660535 26.660535 26.660535 26.660535 26.660534 26.660531 26.660522 26.660487 26.660368 26.659976 26.658747 26.655098 26.644805 26.617250 26.547187 26.377733 25.986847 25.123658 23.291839 19.554724 12.330915 0.000000 
50.000000 47.002473 44.286431 42.054318 40.387357 39.253127 38.547772 38.145470 37.934259 37.831815 37.785743 37.766464 37.758933 37.756178 37.755231 37.754925 37.754831 37.754804 37.754796 37.754794 37.754794 37.754794 37.754794 37.754794 37.754794 37.754794 37.754794 37.754794 37.754794 37.754794 37.754794 37.754794 37.754793 37.754792 37.754786 37.754766 37.754694 37.754458 37.753717 37.751501 37.745202 37.728156 37.684154 37.575323 37.315541 36.709717 35.302690 31.955516 23.501237 0.000000 
50.000000 50.000000 50.000000 50.000000 50.000000 50.000000 50.000000 50.000000 50.000000 50.000000 50.000000 50.000000 50.000000 50.000000 50.000000 50.000000 50.000000 50.000000 50.000000 50.000000 50.000000 50.000000 50.000000 50.000000 50.000000 50.000000 50.000000 50.000000 50.000000 50.000000 50.000000 50.000000 50.000000 50.000000 50.000000 50.000000 50.000000 50.000000 50.000000 50.000000 50.000000 50.000000 50.000000 50.000000 50.000000 50.000000 50.000000 50.000000 50.000000 50.000000 
