50.000000 50.000000 50.000000 50.000000 50.000000 50.000000 50.000000 50.000000 50.000000 50.000000 50.000000 50.000000 50.000000 50.000000 50.000000 50.000000 50.000000 50.000000 50.000000 50.000000 50.000000 50.000000 50.000000 50.000000 50.000000 50.000000 50.000000 50.000000 50.000000 50.000000 50.000000 50.000000 50.000000 50.000000 50.000000 50.000000 50.000000 50.000000 50.000000 50.000000 50.000000 50.000000 50.000000 50.000000 50.000000 50.000000 50.000000 50.000000 50.000000 50.000000 
50.000000 46.324949 43.072607 40.520477 38.738382 37.625810 37.001455 36.684724 36.538657 36.477087 36.453243 36.444719 36.441894 36.441022 36.440771 36.440703 36.440686 36.440681 36.440680 36.440680 36.440680 36.440680 36.440680 36.440680 36.440680 36.440680 36.440680 36.440680 36.440680 36.440680 36.440680 36.440680 36.440680 36.440680 36.440679 36.440675 36.440658 36.440593 36.440350 36.439500 36.436691 36.427934 36.402127 36.330077 36.138413 35.647601 34.416760 31.313347 23.162474 0.000000 
50.000000 43.072607 36.942120 32.131658 28.772786 26.675955 25.499341 24.902502 24.627283 24.511285 24.466368 24.450312 24.444991 24.443349 24.442876 24.442748 24.442715 24.442708 24.442706 24.442705 24.442705 24.442705 24.442705 24.442705 24.442705 24.442705 24.442705 24.442705 24.442705 24.442705 24.442705 24.442705 24.442705 24.442705 24.442703 24.442697 24.442670 24.442565 24.442180 24.440839 24.436443 24.422885 24.383551 24.276199 24.000307 23.331254 21.796797 18.471060 11.759260 0.000000 
50.000000 40.520477 32.131658 25.549453 20.953796 18.085138 16.475592 15.659245 15.282856 15.124238 15.062828 15.040880 15.033607 15.031364 15.030717 15.030542 15.030498 15.030487 15.030485 15.030484 15.030484 15.030484 15.030484 15.030484 15.030484 15.030484 15.030484 15.030484 15.030484 15.030484 15.030484 15.030484 15.030484 15.030484 15.030482 15.030475 15.030447 15.030339 15.029941 15.028567 15.024113 15.010560 14.971956 14.869227 14.614401 14.026916 12.774727 10.334862 6.103717 0.000000 
50.000000 38.738382 28.772786 20.953796 15.495044 12.087966 10.176546 9.207219 8.760360 8.572075 8.499190 8.473146 8.464518 8.461856 8.461089 8.460882 8.460829 8.460817 8.460814 8.460813 8.460813 8.460813 8.460813 8.460813 8.460813 8.460813 8.460813 8.460813 8.460813 8.460813 8.460813 8.460813 8.460813 8.460813 8.460811 8.460806 8.460783 8.460695 8.460375 8.459280 8.455765 8.445219 8.415718 8.339057 8.154797 7.747522 6.926880 5.441532 3.090781 0.000000 
50.000000 37.625810 26.675955 18.085138 12.087966 8.345170 6.245631 5.181033 4.690319 4.483585 4.403571 4.374984 4.365514 4.362594 4.361753 4.361525 4.361467 4.361454 4.361450 4.361450 4.361450 4.361450 4.361450 4.361450 4.361450 4.361450 4.361450 4.361450 4.361450 4.361450 4.361450 4.361450 4.361450 4.361449 4.361449 4.361445 4.361429 4.361370 4.361156 4.360429 4.358122 4.351287 4.332480 4.284616 4.172585 3.933169 3.470737 2.675648 1.487397 0.000000 
50.000000 37.001455 25.499341 16.475592 10.176546 6.245631 4.040751 2.922845 2.407613 2.190573 2.106581 2.076576 2.066638 2.063574 2.062691 2.062452 2.062392 2.062377 2.062374 2.062373 2.062373 2.062373 2.062373 2.062373 2.062373 2.062373 2.062373 2.062373 2.062373 2.062373 2.062373 2.062373 2.062373 2.062373 2.062372 2.062370 2.062361 2.062327 2.062203 2.061789 2.060483 2.056662 2.046295 2.020376 1.961016 1.837489 1.606364 1.223142 0.671378 0.000000 
50.000000 36.684724 24.902502 15.659245 9.207219 5.181033 2.922845 1.777985 1.250367 1.028128 0.942129 0.911411 0.901238 0.898101 0.897197 0.896953 0.896891 0.896876 0.896873 0.896872 0.896872 0.896872 0.896872 0.896872 0.896872 0.896872 0.896872 0.896872 0.896872 0.896872 0.896872 0.896872 0.896872 0.896872 0.896872 0.896870 0.896866 0.896848 0.896786 0.896578 0.895927 0.894043 0.888992 0.876550 0.848554 0.791501 0.687289 0.518951 0.282597 0.000000 
50.000000 36.538657 24.627283 15.282856 8.760360 4.690319 2.407613 1.250367 0.717065 0.492441 0.405524 0.374479 0.364198 0.361029 0.360115 0.359869 0.359806 0.359791 0.359788 0.359787 0.359787 0.359787 0.359787 0.359787 0.359787 0.359787 0.359787 0.359787 0.359787 0.359787 0.359787 0.359787 0.359787 0.359787 0.359787 0.359786 0.359784 0.359776 0.359748 0.359654 0.359365 0.358532 0.356324 0.350951 0.339032 0.315141 0.272295 0.204398 0.110723 0.000000 
50.000000 36.477087 24.511285 15.124238 8.572075 4.483585 2.190573 1.028128 0.492441 0.266818 0.179517 0.148336 0.138010 0.134827 0.133910 0.133662 0.133599 0.133584 0.133581 0.133580 0.133580 0.133580 0.133580 0.133580 0.133580 0.133580 0.133580 0.133580 0.133580 0.133580 0.133580 0.133580 0.133580 0.133580 0.133580 0.133579 0.133579 0.133575 0.133564 0.133526 0.133409 0.133076 0.132200 0.130090 0.125464 0.116310 0.100125 0.074841 0.040396 0.000000 
50.000000 36.453243 24.466368 15.062828 8.499190 4.403571 2.106581 0.942129 0.405524 0.179517 0.092069 0.060836 0.050492 0.047304 0.046385 0.046137 0.046074 0.046059 0.046055 0.046055 0.046055 0.046055 0.046054 0.046054 0.046054 0.046054 0.046054 0.046054 0.046054 0.046054 0.046054 0.046054 0.046054 0.046054 0.046054 0.046054 0.046054 0.046053 0.046049 0.046035 0.045992 0.045870 0.045552 0.044792 0.043142 0.039911 0.034260 0.025529 0.013744 0.000000 
50.000000 36.444719 24.450312 15.040880 8.473146 4.374984 2.076576 0.911411 0.374479 0.148336 0.060836 0.029583 0.019234 0.016044 0.015124 0.014876 0.014813 0.014798 0.014795 0.014794 0.014794 0.014794 0.014794 0.014794 0.014794 0.014794 0.014794 0.014794 0.014794 0.014794 0.014794 0.014794 0.014794 0.014794 0.014794 0.014794 0.014794 0.014793 0.014792 0.014787 0.014772 0.014731 0.014625 0.014372 0.013828 0.012772 0.010940 0.008133 0.004370 0.000000 
50.000000 36.441894 24.444991 15.033607 8.464518 4.365514 2.066638 0.901238 0.364198 0.138010 0.050492 0.019234 0.008883 0.005692 0.004772 0.004524 0.004461 0.004446 0.004443 0.004442 0.004442 0.004442 0.004442 0.004442 0.004442 0.004442 0.004442 0.004442 0.004442 0.004442 0.004442 0.004442 0.004442 0.004442 0.004442 0.004442 0.004442 0.004441 0.004441 0.004439 0.004435 0.004422 0.004389 0.004311 0.004144 0.003823 0.003269 0.002426 0.001302 0.000000 
50.000000 36.441022 24.443349 15.031364 8.461856 4.362594 2.063574 0.898101 0.361029 0.134827 0.047304 0.016044 0.005692 0.002500 0.001581 0.001333 0.001270 0.001255 0.001251 0.001250 0.001250 0.001250 0.001250 0.001250 0.001250 0.001250 0.001250 0.001250 0.001250 0.001250 0.001250 0.001250 0.001250 0.001250 0.001250 0.001250 0.001250 0.001250 0.001250 0.001250 0.001248 0.001245 0.001235 0.001213 0.001165 0.001073 0.000917 0.000679 0.000364 0.000000 
50.000000 36.440771 24.442876 15.030717 8.461089 4.361753 2.062691 0.897197 0.360115 0.133910 0.046385 0.015124 0.004772 0.001581 0.000662 0.000413 0.000350 0.000335 0.000332 0.000331 0.000331 0.000331 0.000331 0.000331 0.000331 0.000331 0.000331 0.000331 0.000331 0.000331 0.000331 0.000331 0.000331 0.000331 0.000331 0.000331 0.000331 0.000331 0.000331 0.000331 0.000330 0.000329 0.000327 0.000321 0.000308 0.000283 0.000242 0.000179 0.000096 0.000000 
50.000000 36.440703 24.442748 15.030542 8.460882 4.361525 2.062452 0.896953 0.359869 0.133662 0.046137 0.014876 0.004524 0.001333 0.000413 0.000165 0.000102 0.000087 0.000083 0.000083 0.000083 0.000083 0.000083 0.000083 0.000083 0.000083 0.000083 0.000083 0.000083 0.000083 0.000083 0.000083 0.000083 0.000083 0.000083 0.000083 0.000083 0.000083 0.000083 0.000083 0.000082 0.000082 0.000082 0.000080 0.000077 0.000071 0.000060 0.000045 0.000024 0.000000 
50.000000 36.440686 24.442715 15.030498 8.460829 4.361467 2.062392 0.896891 0.359806 0.133599 0.046074 0.014813 0.004461 0.001270 0.000350 0.000102 0.000039 0.000024 0.000020 0.000020 0.000020 0.000019 0.000019 0.000019 0.000019 0.000019 0.000019 0.000019 0.000019 0.000019 0.000019 0.000019 0.000019 0.000019 0.000019 0.000019 0.000019 0.000019 0.000019 0.000019 0.000019 0.000019 0.000019 0.000019 0.000018 0.000017 0.000014 0.000010 0.000006 0.000000 
50.000000 36.440681 24.442708 15.030487 8.460817 4.361454 2.062377 0.896876 0.359791 0.133584 0.046059 0.014798 0.004446 0.001255 0.000335 0.000087 0.000024 0.000009 0.000005 0.000005 0.000004 0.000004 0.000004 0.000004 0.000004 0.000004 0.000004 0.000004 0.000004 0.000004 0.000004 0.000004 0.000004 0.000004 0.000004 0.000004 0.000004 0.000004 0.000004 0.000004 0.000004 0.000004 0.000004 0.000004 0.000004 0.000004 0.000003 0.000002 0.000001 0.000000 
50.000000 36.440680 24.442706 15.030485 8.460814 4.361450 2.062374 0.896873 0.359788 0.133581 0.046055 0.014795 0.004443 0.001251 0.000332 0.000083 0.000020 0.000005 0.000002 0.000001 0.000001 0.000001 0.000001 0.000001 0.000001 0.000001 0.000001 0.000001 0.000001 0.000001 0.000001 0.000001 0.000001 0.000001 0.000001 0.000001 0.000001 0.000001 0.000001 0.000001 0.000001 0.000001 0.000001 0.000001 0.000001 0.000001 0.000001 0.000000 0.000000 0.000000 
50.000000 36.440680 24.442705 15.030484 8.460813 4.361450 2.062373 0.896872 0.359787 0.133580 0.046055 0.014794 0.004442 0.001250 0.000331 0.000083 0.000020 0.000005 0.000001 0.000000 0.000000 0.000000 0.000000 0.000000 0.000000 0.000000 0.000000 0.000000 0.000000 0.000000 0.000000 0.000000 0.000000 0.000000 0.000000 0.000000 0.000000 0.000000 0.000000 0.000000 0.000000 0.000000 0.000000 0.000000 0.000000 0.000000 0.000000 0.000000 0.000000 0.000000 
50.000000 36.440680 24.442705 15.030484 8.460813 4.361450 2.062373 0.896872 0.359787 0.133580 0.046055 0.014794 0.004442 0.001250 0.000331 0.000083 0.000020 0.000004 0.000001 0.000000 0.000000 0.000000 0.000000 0.000000 0.000000 0.000000 0.000000 0.000000 0.000000 0.000000 0.000000 0.000000 0.000000 0.000000 0.000000 0.000000 0.000000 0.000000 0.000000 0.000000 0.000000 0.000000 0.000000 0.000000 0.000000 0.000000 0.000000 0.000000 0.000000 0.000000 
50.000000 36.440680 24.442705 15.030484 8.460813 4.361450 2.062373 0.896872 0.359787 0.133580 0.046055 0.014794 0.004442 0.001250 0.000331 0.000083 0.000019 0.000004 0.000001 0.000000 0.000000 0.000000 0.000000 0.000000 0.000000 0.000000 0.000000 0.000000 0.000000 0.000000 0.000000 0.000000 0.000000 0.000000 0.000000 0.000000 0.000000 0.000000 0.000000 0.000000 0.000000 0.000000 0.000000 0.000000 0.000000 0.000000 0.000000 0.000000 0.000000 0.000000 
50.000000 36.440680 24.442705 15.030484 8.460813 4.361450 2.062373 0.896872 0.359787 0.133580 0.046054 0.014794 0.004442 0.001250 0.000331 0.000083 0.000019 0.000004 0.000001 0.000000 0.000000 0.000000 0.000000 0.000000 0.000000 0.000000 0.000000 0.000000 0.000000 0.000000 0.000000 0.000000 0.000000 0.000000 0.000000 0.000000 0.000000 0.000000 0.000000 0.000000 0.000000 0.000000 0.000000 0.000000 0.000000 0.000000 0.000000 0.000000 0.000000 0.000000 
50.000000 36.440680 24.442705 15.030484 8.460813 4.361450 2.062373 0.896872 0.359787 0.133580 0.046054 0.014794 0.004442 0.001250 0.000331 0.000083 0.000019 0.000004 0.000001 0.000000 0.000000 0.000000 0.000000 0.000000 0.000000 0.000000 0.000000 0.000000 0.000000 0.000000 0.000000 0.000000 0.000000 0.000000 0.000000 0.000000 0.000000 0.000000 0.000000 0.000000 0.000000 0.000000 0.000000 0.000000 0.000000 0.000000 0.000000 0.000000 0.000000 0.000000 
50.000000 36.440680 24.442705 15.030484 8.460813 4.361450 2.062373 0.896872 0.359787 0.133580 0.046054 0.014794 0.004442 0.001250 0.000331 0.000083 0.000019 0.000004 0.000001 0.000000 0.000000 0.000000 0.000000 0.000000 0.000000 0.000000 0.000000 0.000000 0.000000 0.000000 0.000000 0.000000 0.000000 0.000000 0.000000 0.000000 0.000000 0.000000 0.000000 0.000000 0.000000 0.000000 0.000000 0.000000 0.000000 0.000000 0.000000 0.000000 0.000000 0.000000 
50.000000 36.440680 24.442705 15.030484 8.460813 4.361450 2.062373 0.896872 0.359787 0.133580 0.046054 0.014794 0.004442 0.001250 0.000331 0.000083 0.000019 0.000004 0.000001 0.000000 0.000000 0.000000 0.000000 0.000000 0.000000 0.000000 0.000000 0.000000 0.000000 0.000000 0.000000 0.000000 0.000000 0.000000 0.000000 0.000000 0.000000 0.000000 0.000000 0.000000 0.000000 0.000000 0.000000 0.000000 0.000000 0.000000 0.000000 0.000000 0.000000 0.000000 
50.000000 36.440680 24.442705 15.030484 8.460813 4.361450 2.062373 0.896872 0.359787 0.133580 0.046054 0.014794 0.004442 0.001250 0.000331 0.000083 0.000019 0.000004 0.000001 0.000000 0.000000 0.000000 0.000000 0.000000 0.000000 0.000000 0.000000 0.000000 0.000000 0.000000 0.000000 0.000000 0.000000 0.000000 0.000000 0.000000 0.000000 0.000000 0.000000 0.000000 0.000000 0.000000 0.000000 0.000000 0.000000 0.000000 0.000000 0.000000 0.000000 0.000000 
50.000000 36.440680 24.442705 15.030484 8.460813 4.361450 2.062373 0.896872 0.359787 0.133580 0.046054 0.014794 0.004442 0.001250 0.000331 0.000083 0.000019 0.000004 0.000001 0.000000 0.000000 0.000000 0.000000 0.000000 0.000000 0.000000 0.000000 0.000000 0.000000 0.000000 0.000000 0.000000 0.000000 0.000000 0.000000 0.000000 0.000000 0.000000 0.000000 0.000000 0.000000 0.000000 0.000000 0.000000 0.000000 0.000000 0.000000 0.000000 0.000000 0.000000 
50.000000 36.440680 24.442705 15.030484 8.460813 4.361450 2.062373 0.896872 0.359787 0.133580 0.046055 0.014794 0.004442 0.001250 0.000331 0.000083 0.000019 0.000004 0.000001 0.000000 0.000000 0.000000 0.000000 0.000000 0.000000 0.000000 0.000000 0.000000 0.000000 0.000000 0.000000 0.000000 0.000000 0.000000 0.000000 0.000000 0.000000 0.000000 0.000000 0.000000 0.000000 0.000000 0.000000 0.000000 0.000000 0.000000 0.000000 0.000000 0.000000 0.000000 
50.000000 36.440680 24.442705 15.030484 8.460813 4.361450 2.062373 0.896872 0.359787 0.133580 0.046055 0.014794 0.004442 0.001250 0.000331 0.000083 0.000020 0.000004 0.000001 0.000000 0.000000 0.000000 0.000000 0.000000 0.000000 0.000000 0.000000 0.000000 0.000000 0.000000 0.000000 0.000000 0.000000 0.000000 0.000000 0.000000 0.000000 0.000000 0.000000 0.000000 0.000000 0.000000 0.000000 0.000000 0.000000 0.000000 0.000000 0.000000 0.000000 0.000000 
50.000000 36.440680 24.442705 15.030484 8.460813 4.361450 2.062373 0.896872 0.359787 0.133580 0.046055 0.014794 0.004442 0.001250 0.000331 0.000083 0.000020 0.000005 0.000001 0.000000 0.000000 0.000000 0.000000 0.000000 0.000000 0.000000 0.000000 0.000000 0.000000 0.000000 0.000000 0.000000 0.000000 0.000000 0.000000 0.000000 0.000000 0.000000 0.000000 0.000000 0.000000 0.000000 0.000000 0.000000 0.000000 0.000000 0.000000 0.000000 0.000000 0.000000 
50.000000 36.440680 24.442706 15.030485 8.460814 4.361450 2.062374 0.896873 0.359788 0.133581 0.046055 0.014795 0.004443 0.001251 0.000332 0.000083 0.000020 0.000005 0.000002 0.000001 0.000001 0.000001 0.000001 0.000001 0.000001 0.000001 0.000001 0.000001 0.000001 0.000001 0.000001 0.000001 0.000001 0.000001 0.000001 0.000001 0.000001 0.000001 0.000001 0.000001 0.000001 0.000001 0.000001 0.000001 0.000001 0.000001 0.000001 0.000000 0.000000 0.000000 
50.000000 36.440681 24.442708 15.030487 8.460817 4.361454 2.062377 0.896876 0.359791 0.133584 0.046059 0.014798 0.004446 0.001255 0.000335 0.000087 0.000024 0.000009 0.000005 0.000005 0.000004 0.000004 0.000004 0.000004 0.000004 0.000004 0.000004 0.000004 0.000004 0.000004 0.000004 0.000004 0.000004 0.000004 0.000004 0.000004 0.000004 0.000004 0.000004 0.000004 0.000004 0.000004 0.000004 0.000004 0.000004 0.000004 0.000003 0.000002 0.000001 0.000000 
50.000000 36.440686 24.442715 15.030498 8.460829 4.361467 2.062392 0.896891 0.359806 0.133599 0.046074 0.014813 0.004461 0.001270 0.000350 0.000102 0.000039 0.000024 0.000020 0.000020 0.000020 0.000019 0.000019 0.000019 0.000019 0.000019 0.000019 0.000019 0.000019 0.000019 0.000019 0.000019 0.000019 0.000019 0.000019 0.000019 0.000019 0.000019 0.000019 0.000019 0.000019 0.000019 0.000019 0.000019 0.000018 0.000017 0.000014 0.000010 0.000006 0.000000 
50.000000 36.440703 24.442748 15.030542 8.460882 4.361525 2.062452 0.896953 0.359869 0.133662 0.046137 0.014876 0.004524 0.001333 0.000413 0.000165 0.000102 0.000087 0.000083 0.000083 0.000083 0.000083 0.000083 0.000083 0.000083 0.000083 0.000083 0.000083 0.000083 0.000083 0.000083 0.000083 0.000083 0.000083 0.000083 0.000083 0.000083 0.000083 0.000083 0.000083 0.000082 0.000082 0.000082 0.000080 0.000077 0.000071 0.000060 0.000045 0.000024 0.000000 
50.000000 36.440771 24.442876 15.030717 8.461089 4.361753 2.062691 0.897197 0.360115 0.133910 0.046385 0.015124 0.004772 0.001581 0.000662 0.000413 0.000350 0.000335 0.000332 0.000331 0.000331 0.000331 0.000331 0.000331 0.000331 0.000331 0.000331 0.000331 0.000331 0.000331 0.000331 0.000331 0.000331 0.000331 0.000331 0.000331 0.000331 0.000331 0.000331 0.000331 0.000330 0.000329 0.000327 0.000321 0.000308 0.000283 0.000242 0.000179 0.000096 0.000000 
50.000000 36.441022 24.443349 15.031364 8.461856 4.362594 2.063574 0.898101 0.361029 0.134827 0.047304 0.016044 0.005692 0.002500 0.001581 0.001333 0.001270 0.001255 0.001251 0.001250 0.001250 0.001250 0.001250 0.001250 0.001250 0.001250 0.001250 0.001250 0.001250 0.001250 0.001250 0.001250 0.001250 0.001250 0.001250 0.001250 0.001250 0.001250 0.001250 0.001250 0.001248 0.001245 0.001235 0.001213 0.001165 0.001073 0.000917 0.000679 0.000364 0.000000 
50.000000 36.441894 24.444991 15.033607 8.464518 4.365514 2.066638 0.901238 0.364198 0.138010 0.050492 0.019234 0.008883 0.005692 0.004772 0.004524 0.004461 0.004446 0.004443 0.004442 0.004442 0.004442 0.004442 0.004442 0.004442 0.004442 0.004442 0.004442 0.004442 0.004442 0.004442 0.004442 0.004442 0.004442 0.004442 0.004442 0.004442 0.004441 0.004441 0.004439 0.004435 0.004422 0.004389 0.004311 0.004144 0.003823 0.003269 0.002426 0.001302 0.000000 
50.000000 36.444719 24.450312 15.040880 8.473146 4.374984 2.076576 0.911411 0.374479 0.148336 0.060836 0.029583 0.019234 0.016044 0.015124 0.014876 0.014813 0.014798 0.014795 0.014794 0.014794 0.014794 0.014794 0.014794 0.014794 0.014794 0.014794 0.014794 0.014794 0.014794 0.014794 0.014794 0.014794 0.014794 0.014794 0.014794 0.014794 0.014793 0.014792 0.014787 0.014772 0.014731 0.014625 0.014372 0.013828 0.012772 0.010940 0.008133 0.004370 0.000000 
50.000000 36.453243 24.466368 15.062828 8.499190 4.403571 2.106581 0.942129 0.405524 0.179517 0.092069 0.060836 0.050492 0.047304 0.046385 0.046137 0.046074 0.046059 0.046055 0.046055 0.046055 0.046055 0.046054 0.046054 0.046054 0.046054 0.046054 0.046054 0.046054 0.046054 0.046054 0.046054 0.046054 0.046054 0.046054 0.046054 0.046054 0.046053 0.046049 0.046035 0.045992 0.045870 0.045552 0.044792 0.043142 0.039911 0.034260 0.025529 0.013744 0.000000 
50.000000 36.477087 24.511285 15.124238 8.572075 4.483585 2.190573 1.028128 0.492441 0.266818 0.179517 0.148336 0.138010 0.134827 0.133910 0.133662 0.133599 0.133584 0.133581 0.133580 0.133580 0.133580 0.133580 0.133580 0.133580 0.133580 0.133580 0.133580 0.133580 0.133580 0.133580 0.133580 0.133580 0.133580 0.133580 0.133579 0.133579 0.133575 0.133564 0.133526 0.133409 0.133076 0.132200 0.130090 0.125464 0.116310 0.100125 0.074841 0.040396 0.000000 
50.000000 36.538657 24.627283 15.282856 8.760360 4.690319 2.407613 1.250367 0.717065 0.492441 0.405524 0.374479 0.364198 0.361029 0.360115 0.359869 0.359806 0.359791 0.359788 0.359787 0.359787 0.359787 0.359787 0.359787 0.359787 0.359787 0.359787 0.359787 0.359787 0.359787 0.359787 0.359787 0.359787 0.359787 0.359787 0.359786 0.359784 0.359776 0.359748 0.359654 0.359365 0.358532 0.356324 0.350951 0.339032 0.315141 0.272295 0.204398 0.110723 0.000000 
50.000000 36.684724 24.902502 15.659245 9.207219 5.181033 2.922845 1.777985 1.250367 1.028128 0.942129 0.911411 0.901238 0.898101 0.897197 0.896953 0.896891 0.896876 0.896873 0.896872 0.896872 0.896872 0.896872 0.896872 0.896872 0.896872 0.896872 0.896872 0.896872 0.896872 0.896872 0.896872 0.896872 0.896872 0.896872 0.896870 0.896866 0.896848 0.896786 0.896578 0.895927 0.894043 0.888992 0.876550 0.848554 0.791501 0.687289 0.518951 0.282597 0.000000 
50.000000 37.001455 25.499341 16.475592 10.176546 6.245631 4.040751 2.922845 2.407613 2.190573 2.106581 2.076576 2.066638 2.063574 2.062691 2.062452 2.062392 2.062377 2.062374 2.062373 2.062373 2.062373 2.062373 2.062373 2.062373 2.062373 2.062373 2.062373 2.062373 2.062373 2.062373 2.062373 2.062373 2.062373 2.062372 2.062370 2.062361 2.062327 2.062203 2.061789 2.060483 2.056662 2.046295 2.020376 1.961016 1.837489 1.606364 1.223142 0.671378 0.000000 
50.000000 37.625810 26.675955 18.085138 12.087966 8.345170 6.245631 5.181033 4.690319 4.483585 4.403571 4.374984 4.365514 4.362594 4.361753 4.361525 4.361467 4.361454 4.361450 4.361450 4.361450 4.361450 4.361450 4.361450 4.361450 4.361450 4.361450 4.361450 4.361450 4.361450 4.361450 4.361450 4.361450 4.361449 4.361449 4.361445 4.361429 4.361370 4.361156 4.360429 4.358122 4.351287 4.332480 4.284616 4.172585 3.933169 3.470737 2.675648 1.487397 0.000000 
50.000000 38.738382 28.772786 20.953796 15.495044 12.087966 10.176546 9.207219 8.760360 8.572075 8.499190 8.473146 8.464518 8.461856 8.461089 8.460882 8.460829 8.460817 8.460814 8.460813 8.460813 8.460813 8.460813 8.460813 8.460813 8.460813 8.460813 8.460813 8.460813 8.460813 8.460813 8.460813 8.460813 8.460813 8.460811 8.460806 8.460783 8.460695 8.460375 8.459280 8.455765 8.445219 8.415718 8.339057 8.154797 7.747522 6.926880 5.441532 3.090781 0.000000 
50.000000 40.520477 32.131658 25.549453 20.953796 18.085138 16.475592 15.659245 15.282856 15.124238 15.062828 15.040880 15.033607 15.031364 15.030717 15.030542 15.030498 15.030487 15.030485 15.030484 15.030484 15.030484 15.030484 15.030484 15.030484 15.030484 15.030484 15.030484 15.030484 15.030484 15.030484 15.030484 15.030484 15.030484 15.030482 15.030475 15.030447 15.030339 15.029941 15.028567 15.024113 15.010560 14.971956 14.869227 14.614401 14.026916 12.774727 10.334862 6.103717 0.000000 
50.000000 43.072607 36.942120 32.131658 28.772786 26.675955 25.499341 24.902502 24.627283 24.511285 24.466368 24.450312 24.444991 24.443349 24.442876 24.442748 24.442715 24.442708 24.442706 24.442705 24.442705 24.442705 24.442705 24.442705 24.442705 24.442705 24.442705 24.442705 24.442705 24.442705 24.442705 24.442705 24.442705 24.442705 24.442703 24.442697 24.442670 24.442565 24.442180 24.440839 24.436443 24.422885 24.383551 24.276199 24.000307 23.331254 21.796797 18.471060 11.759260 0.000000 
50.000000 46.324949 43.072607 40.520477 38.738382 37.625810 37.001455 36.684724 36.538657 36.477087 36.453243 36.444719 36.441894 36.441022 36.440771 36.440703 36.440686 36.440681 36.440680 36.440680 36.440680 36.440680 36.440680 36.440680 36.440680 36.440680 36.440680 36.440680 36.440680 36.440680 36.440680 36.440680 36.440680 36.440680 36.440679 36.440675 36.440658 36.440593 36.440350 36.439500 36.436691 36.427934 36.402127 36.330077 36.138413 35.647601 34.416760 31.313347 23.162474 0.000000 
50.000000 50.000000 50.000000 50.000000 50.000000 50.000000 50.000000 50.000000 50.000000 50.000000 50.000000 50.000000 50.000000 50.000000 50.000000 50.000000 50.000000 50.000000 50.000000 50.000000 50.000000 50.000000 50.000000 50.000000 50.000000 50.000000 50.000000 50.000000 50.000000 50.000000 50.000000 50.000000 50.000000 50.000000 50.000000 50.000000 50.000000 50.000000 50.000000 50.000000 50.000000 50.000000 50.000000 50.000000 50.000000 50.000000 50.000000 50.000000 50.000000 50.000000 
