50.000000 50.000000 50.000000 50.000000 50.000000 50.000000 50.000000 50.000000 50.000000 50.000000 50.000000 50.000000 50.000000 50.000000 50.000000 50.000000 50.000000 50.000000 50.000000 50.000000 50.000000 50.000000 50.000000 50.000000 50.000000 50.000000 50.000000 50.000000 50.000000 50.000000 50.000000 50.000000 50.000000 50.000000 50.000000 50.000000 50.000000 50.000000 50.000000 50.000000 50.000000 50.000000 50.000000 50.000000 50.000000 50.000000 50.000000 50.000000 50.000000 50.000000 
50.000000 48.874961 47.789653 46.779601 45.872659 45.086850 44.429746 43.899320 43.485892 43.174660 42.948291 42.789160 42.681003 42.609899 42.564665 42.536809 42.520193 42.510590 42.505210 42.502287 42.500745 42.499956 42.499564 42.499374 42.499284 42.499241 42.499218 42.499198 42.499168 42.499107 42.498980 42.498715 42.498176 42.497101 42.495011 42.491036 42.483643 42.470178 42.446133 42.403945 42.331028 42.206422 41.994797 41.634961 41.015776 39.920377 37.882019 33.767531 24.437481 0.000000 
50.000000 47.789653 45.657365 43.672933 41.891085 40.347224 39.056230 38.014119 37.201874 36.590412 36.145676 35.833042 35.620554 35.480861 35.391996 35.337268 35.304626 35.285761 35.275191 35.269448 35.266420 35.264869 35.264098 35.263725 35.263549 35.263465 35.263419 35.263381 35.263324 35.263210 35.262972 35.262476 35.261466 35.259458 35.255557 35.248155 35.234421 35.209485 35.165132 35.087715 34.954838 34.729952 34.353285 33.726008 32.681288 30.929480 27.953900 22.828683 14.022122 0.000000 
50.000000 46.779601 43.672933 40.781691 38.185611 35.936276 34.055363 32.537067 31.353678 30.462821 29.814877 29.359399 29.049825 28.846308 28.716843 28.637113 28.589558 28.562074 28.546676 28.538310 28.533898 28.531640 28.530517 28.529973 28.529716 28.529594 28.529529 28.529476 28.529398 28.529244 28.528923 28.528255 28.526898 28.524205 28.518989 28.509122 28.490884 28.457931 28.399668 28.298759 28.127316 27.841083 27.370530 26.607148 25.382568 23.438453 20.390846 15.719033 8.897582 0.000000 
50.000000 45.872659 41.891085 38.185611 34.858431 31.975658 29.565070 27.619225 26.102606 24.960901 24.130517 23.546794 23.150062 22.889249 22.723337 22.621162 22.560222 22.525003 22.505271 22.494549 22.488896 22.486003 22.484564 22.483867 22.483538 22.483383 22.483301 22.483237 22.483146 22.482968 22.482598 22.481833 22.480280 22.477209 22.471279 22.460106 22.439558 22.402652 22.337889 22.226776 22.040254 21.733659 21.239816 20.460060 19.253712 17.429216 14.747157 10.961605 5.952282 0.000000 
50.000000 45.086850 40.347224 35.936276 31.975658 28.544070 25.674576 23.358314 21.553001 20.193981 19.205548 18.510732 18.038499 17.728057 17.530576 17.408962 17.336428 17.294510 17.271025 17.258265 17.251537 17.248093 17.246380 17.245552 17.245161 17.244976 17.244881 17.244811 17.244714 17.244530 17.244147 17.243357 17.241761 17.238614 17.232561 17.221212 17.200455 17.163431 17.099001 16.989592 16.808266 16.514948 16.051948 15.339360 14.272035 12.721946 10.553708 7.665936 4.071075 0.000000 
50.000000 44.429746 39.056230 34.055363 29.565070 25.674576 22.421364 19.795384 17.748692 16.207979 15.087411 14.299720 13.764372 13.412443 13.188574 13.050712 12.968489 12.920971 12.894351 12.879886 12.872260 12.868356 12.866415 12.865477 12.865034 12.864826 12.864721 12.864648 12.864553 12.864375 12.864010 12.863259 12.861748 12.858778 12.853091 12.842482 12.823199 12.789052 12.730144 12.631158 12.469188 12.211217 11.811648 11.210682 10.335215 9.105010 7.448215 5.330222 2.794785 0.000000 
50.000000 43.899320 38.014119 32.537067 27.619225 23.358314 19.795384 16.919423 14.677915 12.990565 11.763360 10.900722 10.314443 9.929038 9.683878 9.532909 9.442869 9.390835 9.361684 9.345846 9.337495 9.333221 9.331096 9.330068 9.329584 9.329358 9.329246 9.329172 9.329084 9.328924 9.328599 9.327932 9.326594 9.323977 9.318989 9.309734 9.293017 9.263630 9.213376 9.129797 8.994696 8.782617 8.459712 7.983737 7.306366 6.379408 5.166536 3.660835 1.904523 0.000000 
50.000000 43.485892 37.201874 31.353678 26.102606 21.553001 17.748692 14.677915 12.284589 10.482972 9.172675 8.251639 7.625680 7.214197 6.952452 6.791271 6.695143 6.639592 6.608472 6.591563 6.582649 6.578086 6.575817 6.574721 6.574204 6.573964 6.573848 6.573776 6.573698 6.573562 6.573288 6.572730 6.571615 6.569442 6.565322 6.557717 6.544066 6.520245 6.479849 6.413322 6.307003 6.142294 5.895298 5.537475 5.038052 4.368947 3.512595 2.471923 1.279470 0.000000 
50.000000 43.174660 36.590412 30.462821 24.960901 20.193981 16.207979 12.990565 10.482972 8.595356 7.222526 6.257546 5.601729 5.170623 4.896401 4.727539 4.626831 4.568635 4.536033 4.518320 4.508981 4.504202 4.501825 4.500677 4.500136 4.499886 4.499767 4.499699 4.499631 4.499521 4.499302 4.498860 4.497979 4.496270 4.493043 4.487121 4.476555 4.458245 4.427442 4.377176 4.297678 4.175969 3.995869 3.738792 3.385715 2.920647 2.335505 1.635574 0.843632 0.000000 
50.000000 42.948291 36.145676 29.814877 24.130517 19.205548 15.087411 11.763360 9.172675 7.222526 5.804231 4.807302 4.129779 3.684410 3.401119 3.226675 3.122639 3.062520 3.028842 3.010545 3.000898 2.995961 2.993506 2.992320 2.991762 2.991505 2.991385 2.991320 2.991263 2.991177 2.991010 2.990676 2.990014 2.988734 2.986329 2.981937 2.974148 2.960738 2.938348 2.902115 2.845350 2.759353 2.633563 2.456252 2.215955 1.903741 1.516118 1.057961 0.544345 0.000000 
50.000000 42.789160 35.833042 29.359399 23.546794 18.510732 14.299720 10.900722 8.251639 6.257546 4.807302 3.787925 3.095152 2.639763 2.350101 2.171736 2.065364 2.003895 1.969462 1.950754 1.940891 1.935843 1.933334 1.932121 1.931551 1.931289 1.931168 1.931106 1.931059 1.930994 1.930873 1.930632 1.930156 1.929240 1.927528 1.924416 1.918927 1.909535 1.893962 1.868954 1.830104 1.771791 1.687346 1.569577 1.411731 1.208906 0.959731 0.667911 0.343027 0.000000 
50.000000 42.681003 35.620554 29.049825 23.150062 18.038499 13.764372 10.314443 7.625680 5.601729 4.129779 3.095152 2.392021 1.929827 1.635838 1.454811 1.346852 1.284467 1.249520 1.230534 1.220525 1.215402 1.212855 1.211625 1.211047 1.210781 1.210661 1.210602 1.210562 1.210514 1.210429 1.210262 1.209935 1.209307 1.208139 1.206026 1.202318 1.196010 1.185617 1.169041 1.143484 1.105436 1.050812 0.975320 0.875068 0.747410 0.591894 0.411068 0.210825 0.000000 
50.000000 42.609899 35.480861 28.846308 22.889249 17.728057 13.412443 9.929038 7.214197 5.170623 3.684410 2.639763 1.929827 1.463162 1.166332 0.983556 0.874555 0.811569 0.776285 0.757116 0.747011 0.741839 0.739268 0.738026 0.737442 0.737175 0.737054 0.736997 0.736963 0.736929 0.736871 0.736760 0.736544 0.736131 0.735366 0.733988 0.731581 0.727509 0.720837 0.710263 0.694069 0.670130 0.636021 0.589244 0.527602 0.449691 0.355424 0.246441 0.126256 0.000000 
50.000000 42.564665 35.391996 28.716843 22.723337 17.530576 13.188574 9.683878 6.952452 4.896401 3.401119 2.350101 1.635838 1.166332 0.867696 0.683809 0.574146 0.510777 0.475280 0.455995 0.445828 0.440625 0.438039 0.436789 0.436202 0.435934 0.435813 0.435758 0.435728 0.435703 0.435665 0.435593 0.435456 0.435195 0.434713 0.433848 0.432344 0.429812 0.425685 0.419182 0.409280 0.394735 0.374144 0.346091 0.309364 0.263230 0.207721 0.143841 0.073630 0.000000 
50.000000 42.536809 35.337268 28.637113 22.621163 17.408962 13.050712 9.532909 6.791271 4.727539 3.226675 2.171736 1.454811 0.983556 0.683809 0.499239 0.389169 0.325565 0.289937 0.270580 0.260376 0.255153 0.252557 0.251303 0.250714 0.250445 0.250325 0.250271 0.250244 0.250225 0.250200 0.250156 0.250072 0.249912 0.249620 0.249096 0.248191 0.246672 0.244209 0.240346 0.234496 0.225950 0.213919 0.197621 0.176401 0.149884 0.118123 0.081711 0.041798 0.000000 
50.000000 42.520193 35.304626 28.589558 22.560222 17.336428 12.968489 9.442869 6.695143 4.626832 3.122639 2.065364 1.346852 0.874555 0.574146 0.389169 0.278856 0.215113 0.179406 0.160006 0.149780 0.144546 0.141944 0.140688 0.140098 0.139828 0.139707 0.139654 0.139630 0.139615 0.139598 0.139572 0.139522 0.139428 0.139257 0.138951 0.138424 0.137545 0.136124 0.133905 0.130562 0.125701 0.118892 0.109711 0.097815 0.083013 0.065353 0.045169 0.023092 0.000000 
50.000000 42.510591 35.285761 28.562074 22.525003 17.294510 12.920972 9.390835 6.639592 4.568635 3.062521 2.003896 1.284467 0.811569 0.510778 0.325565 0.215113 0.151288 0.115536 0.096113 0.085873 0.080633 0.078028 0.076770 0.076179 0.075909 0.075789 0.075736 0.075712 0.075700 0.075689 0.075673 0.075645 0.075592 0.075494 0.075322 0.075026 0.074533 0.073740 0.072507 0.070657 0.067978 0.064241 0.059224 0.052749 0.044723 0.035177 0.024295 0.012415 0.000000 
50.000000 42.505211 35.275191 28.546677 22.505271 17.271026 12.894351 9.361685 6.608472 4.536034 3.028843 1.969462 1.249521 0.776286 0.475281 0.289937 0.179406 0.115537 0.079760 0.060322 0.050075 0.044831 0.042225 0.040966 0.040374 0.040104 0.039984 0.039932 0.039909 0.039898 0.039890 0.039881 0.039865 0.039836 0.039783 0.039689 0.039527 0.039260 0.038832 0.038168 0.037175 0.035743 0.033754 0.031092 0.027669 0.023439 0.018422 0.012716 0.006495 0.000000 
50.000000 42.502287 35.269449 28.538311 22.494551 17.258266 12.879888 9.345848 6.591565 4.518322 3.010547 1.950756 1.230536 0.757118 0.455997 0.270582 0.160009 0.096115 0.060324 0.040879 0.030628 0.025382 0.022775 0.021515 0.020924 0.020653 0.020533 0.020481 0.020459 0.020449 0.020443 0.020437 0.020428 0.020413 0.020385 0.020335 0.020250 0.020109 0.019885 0.019538 0.019022 0.018279 0.017251 0.015879 0.014121 0.011953 0.009389 0.006477 0.003308 0.000000 
50.000000 42.500746 35.266421 28.533901 22.488900 17.251541 12.872264 9.337500 6.582654 4.508987 3.000904 1.940897 1.220530 0.747016 0.445834 0.260381 0.149786 0.085879 0.050081 0.030632 0.020379 0.015132 0.012524 0.011264 0.010673 0.010402 0.010282 0.010230 0.010208 0.010198 0.010194 0.010190 0.010185 0.010177 0.010163 0.010137 0.010094 0.010022 0.009908 0.009732 0.009471 0.009097 0.008581 0.007894 0.007015 0.005935 0.004659 0.003213 0.001640 0.000000 
50.000000 42.499959 35.264874 28.531646 22.486011 17.248103 12.868368 9.333233 6.578099 4.504215 2.995975 1.935858 1.215417 0.741853 0.440640 0.255168 0.144561 0.080647 0.044845 0.025395 0.015141 0.009893 0.007285 0.006025 0.005433 0.005163 0.005043 0.004991 0.004969 0.004960 0.004956 0.004953 0.004950 0.004946 0.004939 0.004926 0.004905 0.004869 0.004813 0.004726 0.004598 0.004414 0.004162 0.003826 0.003398 0.002874 0.002255 0.001554 0.000793 0.000000 
50.000000 42.499570 35.264110 28.530533 22.484585 17.246405 12.866444 9.331127 6.575850 4.501859 2.993541 1.933370 1.212891 0.739304 0.438075 0.252594 0.141981 0.078064 0.042261 0.022809 0.012555 0.007307 0.004698 0.003438 0.002847 0.002576 0.002456 0.002404 0.002382 0.002373 0.002369 0.002367 0.002366 0.002364 0.002360 0.002354 0.002343 0.002326 0.002299 0.002257 0.002195 0.002106 0.001985 0.001824 0.001619 0.001369 0.001073 0.000740 0.000377 0.000000 
50.000000 42.499388 35.263753 28.530013 22.483918 17.245612 12.865545 9.330142 6.574799 4.500759 2.992405 1.932208 1.211712 0.738114 0.436877 0.251392 0.140776 0.076858 0.041054 0.021601 0.011347 0.006099 0.003490 0.002230 0.001639 0.001368 0.001248 0.001196 0.001174 0.001165 0.001162 0.001160 0.001159 0.001158 0.001156 0.001153 0.001147 0.001139 0.001125 0.001104 0.001074 0.001030 0.000970 0.000891 0.000791 0.000668 0.000524 0.000361 0.000184 0.000000 
50.000000 42.499317 35.263613 28.529810 22.483658 17.245303 12.865194 9.329758 6.574389 4.500329 2.991961 1.931754 1.211252 0.737649 0.436410 0.250923 0.140306 0.076387 0.040582 0.021130 0.010875 0.005627 0.003019 0.001759 0.001167 0.000897 0.000777 0.000725 0.000703 0.000694 0.000690 0.000689 0.000688 0.000687 0.000686 0.000684 0.000681 0.000675 0.000667 0.000655 0.000636 0.000610 0.000575 0.000528 0.000468 0.000395 0.000310 0.000213 0.000109 0.000000 
50.000000 42.499317 35.263613 28.529810 22.483658 17.245303 12.865194 9.329758 6.574389 4.500329 2.991961 1.931754 1.211252 0.737649 0.436410 0.250923 0.140306 0.076387 0.040582 0.021130 0.010875 0.005627 0.003019 0.001759 0.001167 0.000897 0.000777 0.000725 0.000703 0.000694 0.000690 0.000689 0.000688 0.000687 0.000686 0.000684 0.000681 0.000675 0.000667 0.000655 0.000636 0.000610 0.000575 0.000528 0.000468 0.000395 0.000310 0.000213 0.000109 0.000000 
50.000000 42.499388 35.263753 28.530013 22.483918 17.245612 12.865545 9.330142 6.574799 4.500759 2.992405 1.932208 1.211712 0.738114 0.436877 0.251392 0.140776 0.076858 0.041054 0.021601 0.011347 0.006099 0.003490 0.002230 0.001639 0.001368 0.001248 0.001196 0.001174 0.001165 0.001162 0.001160 0.001159 0.001158 0.001156 0.001153 0.001147 0.001139 0.001125 0.001104 0.001074 0.001030 0.000970 0.000891 0.000791 0.000668 0.000524 0.000361 0.000184 0.000000 
50.000000 42.499570 35.264110 28.530533 22.484585 17.246405 12.866444 9.331127 6.575850 4.501859 2.993541 1.933370 1.212891 0.739304 0.438075 0.252594 0.141981 0.078064 0.042261 0.022809 0.012555 0.007307 0.004698 0.003438 0.002847 0.002576 0.002456 0.002404 0.002382 0.002373 0.002369 0.002367 0.002366 0.002364 0.002360 0.002354 0.002343 0.002326 0.002299 0.002257 0.002195 0.002106 0.001985 0.001824 0.001619 0.001369 0.001073 0.000740 0.000377 0.000000 
50.000000 42.499959 35.264874 28.531646 22.486011 17.248103 12.868368 9.333233 6.578099 4.504215 2.995975 1.935858 1.215417 0.741853 0.440640 0.255168 0.144561 0.080647 0.044845 0.025395 0.015141 0.009893 0.007285 0.006025 0.005433 0.005163 0.005043 0.004991 0.004969 0.004960 0.004956 0.004953 0.004950 0.004946 0.004939 0.004926 0.004905 0.004869 0.004813 0.004726 0.004598 0.004414 0.004162 0.003826 0.003398 0.002874 0.002255 0.001554 0.000793 0.000000 
50.000000 42.500746 35.266421 28.533901 22.488900 17.251541 12.872264 9.337500 6.582654 4.508987 3.000904 1.940897 1.220530 0.747016 0.445834 0.260381 0.149786 0.085879 0.050081 0.030632 0.020379 0.015132 0.012524 0.011264 0.010673 0.010402 0.010282 0.010230 0.010208 0.010198 0.010194 0.010190 0.010185 0.010177 0.010163 0.010137 0.010094 0.010022 0.009908 0.009732 0.009471 0.009097 0.008581 0.007894 0.007015 0.005935 0.004659 0.003213 0.001640 0.000000 
50.000000 42.502287 35.269449 28.538311 22.494551 17.258266 12.879888 9.345848 6.591565 4.518322 3.010547 1.950756 1.230536 0.757118 0.455997 0.270582 0.160009 0.096115 0.060324 0.040879 0.030628 0.025382 0.022775 0.021515 0.020924 0.020653 0.020533 0.020481 0.020459 0.020449 0.020443 0.020437 0.020428 0.020413 0.020385 0.020335 0.020250 0.020109 0.019885 0.019538 0.019022 0.018279 0.017251 0.015879 0.014121 0.011953 0.009389 0.006477 0.003308 0.000000 
50.000000 42.505211 35.275191 28.546677 22.505271 17.271026 12.894351 9.361685 6.608472 4.536034 3.028843 1.969462 1.249521 0.776286 0.475281 0.289937 0.179406 0.115537 0.079760 0.060322 0.050075 0.044831 0.042225 0.040966 0.040374 0.040104 0.039984 0.039932 0.039909 0.039898 0.039890 0.039881 0.039865 0.039836 0.039783 0.039689 0.039527 0.039260 0.038832 0.038168 0.037175 0.035743 0.033754 0.031092 0.027669 0.023439 0.018422 0.012716 0.006495 0.000000 
50.000000 42.510591 35.285761 28.562074 22.525003 17.294510 12.920972 9.390835 6.639592 4.568635 3.062521 2.003896 1.284467 0.811569 0.510778 0.325565 0.215113 0.151288 0.115536 0.096113 0.085873 0.080633 0.078028 0.076770 0.076179 0.075909 0.075789 0.075736 0.075712 0.075700 0.075689 0.075673 0.075645 0.075592 0.075494 0.075322 0.075026 0.074533 0.073740 0.072507 0.070657 0.067978 0.064241 0.059224 0.052749 0.044723 0.035177 0.024295 0.012415 0.000000 
50.000000 42.520193 35.304626 28.589558 22.560222 17.336428 12.968489 9.442869 6.695143 4.626832 3.122639 2.065364 1.346852 0.874555 0.574146 0.389169 0.278856 0.215113 0.179406 0.160006 0.149780 0.144546 0.141944 0.140688 0.140098 0.139828 0.139707 0.139654 0.139630 0.139615 0.139598 0.139572 0.139522 0.139428 0.139257 0.138951 0.138424 0.137545 0.136124 0.133905 0.130562 0.125701 0.118892 0.109711 0.097815 0.083013 0.065353 0.045169 0.023092 0.000000 
50.000000 42.536809 35.337268 28.637113 22.621163 17.408962 13.050712 9.532909 6.791271 4.727539 3.226675 2.171736 1.454811 0.983556 0.683809 0.499239 0.389169 0.325565 0.289937 0.270580 0.260376 0.255153 0.252557 0.251303 0.250714 0.250445 0.250325 0.250271 0.250244 0.250225 0.250200 0.250156 0.250072 0.249912 0.249620 0.249096 0.248191 0.246672 0.244209 0.240346 0.234496 0.225950 0.213919 0.197621 0.176401 0.149884 0.118123 0.081711 0.041798 0.000000 
50.000000 42.564665 35.391996 28.716843 22.723337 17.530576 13.188574 9.683878 6.952452 4.896401 3.401119 2.350101 1.635838 1.166332 0.867696 0.683809 0.574146 0.510777 0.475280 0.455995 0.445828 0.440625 0.438039 0.436789 0.436202 0.435934 0.435813 0.435758 0.435728 0.435703 0.435665 0.435593 0.435456 0.435195 0.434713 0.433848 0.432344 0.429812 0.425685 0.419182 0.409280 0.394735 0.374144 0.346091 0.309364 0.263230 0.207721 0.143841 0.073630 0.000000 
50.000000 42.609899 35.480861 28.846308 22.889249 17.728057 13.412443 9.929038 7.214197 5.170623 3.684410 2.639763 1.929827 1.463162 1.166332 0.983556 0.874555 0.811569 0.776285 0.757116 0.747011 0.741839 0.739268 0.738026 0.737442 0.737175 0.737054 0.736997 0.736963 0.736929 0.736871 0.736760 0.736544 0.736131 0.735366 0.733988 0.731581 0.727509 0.720837 0.710263 0.694069 0.670130 0.636021 0.589244 0.527602 0.449691 0.355424 0.246441 0.126256 0.000000 
50.000000 42.681003 35.620554 29.049825 23.150062 18.038499 13.764372 10.314443 7.625680 5.601729 4.129779 3.095152 2.392021 1.929827 1.635838 1.454811 1.346852 1.284467 1.249520 1.230534 1.220525 1.215402 1.212855 1.211625 1.211047 1.210781 1.210661 1.210602 1.210562 1.210514 1.210429 1.210262 1.209935 1.209307 1.208139 1.206026 1.202318 1.196010 1.185617 1.169041 1.143484 1.105436 1.050812 0.975320 0.875068 0.747410 0.591894 0.411068 0.210825 0.000000 
50.000000 42.789160 35.833042 29.359399 23.546794 18.510732 14.299720 10.900722 8.251639 6.257546 4.807302 3.787925 3.095152 2.639763 2.350101 2.171736 2.065364 2.003895 1.969462 1.950754 1.940891 1.935843 1.933334 1.932121 1.931551 1.931289 1.931168 1.931106 1.931059 1.930994 1.930873 1.930632 1.930156 1.929240 1.927528 1.924416 1.918927 1.909535 1.893962 1.868954 1.830104 1.771791 1.687346 1.569577 1.411731 1.208906 0.959731 0.667911 0.343027 0.000000 
50.000000 42.948291 36.145676 29.814877 24.130517 19.205548 15.087411 11.763360 9.172675 7.222526 5.804231 4.807302 4.129779 3.684410 3.401119 3.226675 3.122639 3.062520 3.028842 3.010545 3.000898 2.995961 2.993506 2.992320 2.991762 2.991505 2.991385 2.991320 2.991263 2.991177 2.991010 2.990676 2.990014 2.988734 2.986329 2.981937 2.974148 2.960738 2.938348 2.902115 2.845350 2.759353 2.633563 2.456252 2.215955 1.903741 1.516118 1.057961 0.544345 0.000000 
50.000000 43.174660 36.590412 30.462821 24.960901 20.193981 16.207979 12.990565 10.482972 8.595356 7.222526 6.257546 5.601729 5.170623 4.896401 4.727539 4.626831 4.568635 4.536033 4.518320 4.508981 4.504202 4.501825 4.500677 4.500136 4.499886 4.499767 4.499699 4.499631 4.499521 4.499302 4.498860 4.497979 4.496270 4.493043 4.487121 4.476555 4.458245 4.427442 4.377176 4.297678 4.175969 3.995869 3.738792 3.385715 2.920647 2.335505 1.635574 0.843632 0.000000 
50.000000 43.485892 37.201874 31.353678 26.102606 21.553001 17.748692 14.677915 12.284589 10.482972 9.172675 8.251639 7.625680 7.214197 6.952452 6.791271 6.695143 6.639592 6.608472 6.591563 6.582649 6.578086 6.575817 6.574721 6.574204 6.573964 6.573848 6.573776 6.573698 6.573562 6.573288 6.572730 6.571615 6.569442 6.565322 6.557717 6.544066 6.520245 6.479849 6.413322 6.307003 6.142294 5.895298 5.537475 5.038052 4.368947 3.512595 2.471923 1.279470 0.000000 
50.000000 43.899320 38.014119 32.537067 27.619225 23.358314 19.795384 16.919423 14.677915 12.990565 11.763360 10.900722 10.314443 9.929038 9.683878 9.532909 9.442869 9.390835 9.361684 9.345846 9.337495 9.333221 9.331096 9.330068 9.329584 9.329358 9.329246 9.329172 9.329084 9.328924 9.328599 9.327932 9.326594 9.323977 9.318989 9.309734 9.293017 9.263630 9.213376 9.129797 8.994696 8.782617 8.459712 7.983737 7.306366 6.379408 5.166536 3.660835 1.904523 0.000000 
50.000000 44.429746 39.056230 34.055363 29.565070 25.674576 22.421364 19.795384 17.748692 16.207979 15.087411 14.299720 13.764372 13.412443 13.188574 13.050712 12.968489 12.920971 12.894351 12.879886 12.872260 12.868356 12.866415 12.865477 12.865034 12.864826 12.864721 12.864648 12.864553 12.864375 12.864010 12.863259 12.861748 12.858778 12.853091 12.842482 12.823199 12.789052 12.730144 12.631158 12.469188 12.211217 11.811648 11.210682 10.335215 9.105010 7.448215 5.330222 2.794785 0.000000 
50.000000 45.086850 40.347224 35.936276 31.975658 28.544070 25.674576 23.358314 21.553001 20.193981 19.205548 18.510732 18.038499 17.728057 17.530576 17.408962 17.336428 17.294510 17.271025 17.258265 17.251537 17.248093 17.246380 17.245552 17.245161 17.244976 17.244881 17.244811 17.244714 17.244530 17.244147 17.243357 17.241761 17.238614 17.232561 17.221212 17.200455 17.163431 17.099001 16.989592 16.808266 16.514948 16.051948 15.339360 14.272035 12.721946 10.553708 7.665936 4.071075 0.000000 
50.000000 45.872659 41.891085 38.185611 34.858431 31.975658 29.565070 27.619225 26.102606 24.960901 24.130517 23.546794 23.150062 22.889249 22.723337 22.621162 22.560222 22.525003 22.505271 22.494549 22.488896 22.486003 22.484564 22.483867 22.483538 22.483383 22.483301 22.483237 22.483146 22.482968 22.482598 22.481833 22.480280 22.477209 22.471279 22.460106 22.439558 22.402652 22.337889 22.226776 22.040254 21.733659 21.239816 20.460060 19.253712 17.429216 14.747157 10.961605 5.952282 0.000000 
50.000000 46.779601 43.672933 40.781691 38.185611 35.936276 34.055363 32.537067 31.353678 30.462821 29.814877 29.359399 29.049825 28.846308 28.716843 28.637113 28.589558 28.562074 28.546676 28.538310 28.533898 28.531640 28.530517 28.529973 28.529716 28.529594 28.529529 28.529476 28.529398 28.529244 28.528923 28.528255 28.526898 28.524205 28.518989 28.509122 28.490884 28.457931 28.399668 28.298759 28.127316 27.841083 27.370530 26.607148 25.382568 23.438453 20.390846 15.719033 8.897582 0.000000 
50.000000 47.789653 45.657365 43.672933 41.891085 40.347224 39.056230 38.014119 37.201874 36.590412 36.145676 35.833042 35.620554 35.480861 35.391996 35.337268 35.304626 35.285761 35.275191 35.269448 35.266420 35.264869 35.264098 35.263725 35.263549 35.263465 35.263419 35.263381 35.263324 35.263210 35.262972 35.262476 35.261466 35.259458 35.255557 35.248155 35.234421 35.209485 35.165132 35.087715 34.954838 34.729952 34.353285 33.726008 32.681288 30.929480 27.953900 22.828683 14.022122 0.000000 
50.000000 48.874961 47.789653 46.779601 45.872659 45.086850 44.429746 43.899320 43.485892 43.174660 42.948291 42.789160 42.681003 42.609899 42.564665 42.536809 42.520193 42.510590 42.505210 42.502287 42.500745 42.499956 42.499564 42.499374 42.499284 42.499241 42.499218 42.499198 42.499168 42.499107 42.498980 42.498715 42.498176 42.497101 42.495011 42.491036 42.483643 42.470178 42.446133 42.403945 42.331028 42.206422 41.994797 41.634961 41.015776 39.920377 37.882019 33.767531 24.437481 0.000000 
50.000000 50.000000 50.000000 50.000000 50.000000 50.000000 50.000000 50.000000 50.000000 50.000000 50.000000 50.000000 50.000000 50.000000 50.000000 50.000000 50.000000 50.000000 50.000000 50.000000 50.000000 50.000000 50.000000 50.000000 50.000000 50.000000 50.000000 50.000000 50.000000 50.000000 50.000000 50.000000 50.000000 50.000000 50.000000 50.000000 50.000000 50.000000 50.000000 50.000000 50.000000 50.000000 50.000000 50.000000 50.000000 50.000000 50.000000 50.000000 50.000000 50.000000 
