50.000000 50.000000 50.000000 50.000000 50.000000 50.000000 50.000000 50.000000 50.000000 50.000000 50.000000 50.000000 50.000000 50.000000 50.000000 50.000000 50.000000 50.000000 50.000000 50.000000 50.000000 50.000000 50.000000 50.000000 50.000000 50.000000 50.000000 50.000000 50.000000 50.000000 50.000000 50.000000 50.000000 50.000000 50.000000 50.000000 50.000000 50.000000 50.000000 50.000000 50.000000 50.000000 50.000000 50.000000 50.000000 50.000000 50.000000 50.000000 50.000000 50.000000 
50.000000 40.546470 33.840175 30.317852 28.882565 28.410828 28.281908 28.251910 28.245856 28.244780 28.244610 28.244586 28.244583 28.244582 28.244582 28.244582 28.244582 28.244582 28.244582 28.244582 28.244582 28.244582 28.244582 28.244582 28.244582 28.244582 28.244582 28.244582 28.244582 28.244582 28.244582 28.244582 28.244582 28.244582 28.244582 28.244582 28.244582 28.244582 28.244582 28.244581 28.244569 28.244485 28.243922 28.240507 28.221836 28.130174 27.726461 26.122480 20.273235 0.000000 
50.000000 33.840175 22.380253 16.364520 13.914901 13.110409 12.890736 12.839667 12.829369 12.827541 12.827252 12.827211 12.827206 12.827205 12.827205 12.827205 12.827205 12.827205 12.827205 12.827205 12.827205 12.827205 12.827205 12.827205 12.827205 12.827205 12.827205 12.827205 12.827205 12.827205 12.827205 12.827205 12.827205 12.827205 12.827205 12.827205 12.827205 12.827205 12.827205 12.827203 12.827192 12.827106 12.826542 12.823189 12.805416 12.722169 12.382009 11.190127 7.717695 0.000000 
50.000000 30.317852 16.364520 9.043818 6.064799 5.087178 4.820444 4.758488 4.746006 4.743792 4.743442 4.743393 4.743386 4.743385 4.743385 4.743385 4.743385 4.743385 4.743385 4.743385 4.743385 4.743385 4.743385 4.743385 4.743385 4.743385 4.743385 4.743385 4.743385 4.743385 4.743385 4.743385 4.743385 4.743385 4.743385 4.743385 4.743385 4.743385 4.743385 4.743384 4.743378 4.743329 4.743014 4.741174 4.731656 4.688639 4.521909 3.982511 2.591390 0.000000 
50.000000 28.882565 13.914901 6.064799 2.871751 1.824409 1.538803 1.472499 1.459149 1.456783 1.456409 1.456356 1.456349 1.456348 1.456348 1.456348 1.456348 1.456348 1.456348 1.456348 1.456348 1.456348 1.456348 1.456348 1.456348 1.456348 1.456348 1.456348 1.456348 1.456348 1.456348 1.456348 1.456348 1.456348 1.456348 1.456348 1.456348 1.456348 1.456348 1.456348 1.456345 1.456326 1.456202 1.455487 1.451858 1.435876 1.376160 1.192732 0.752391 0.000000 
50.000000 28.410828 13.110409 5.087178 1.824409 0.754453 0.462754 0.395055 0.381427 0.379012 0.378631 0.378576 0.378569 0.378569 0.378568 0.378568 0.378568 0.378568 0.378568 0.378568 0.378568 0.378568 0.378568 0.378568 0.378568 0.378568 0.378568 0.378568 0.378568 0.378568 0.378568 0.378568 0.378568 0.378568 0.378568 0.378568 0.378568 0.378568 0.378568 0.378568 0.378568 0.378562 0.378524 0.378308 0.377226 0.372551 0.355522 0.304994 0.188992 0.000000 
50.000000 28.281908 12.890736 4.820444 1.538803 0.462754 0.169423 0.101351 0.087650 0.085222 0.084838 0.084784 0.084777 0.084776 0.084776 0.084776 0.084776 0.084776 0.084776 0.084776 0.084776 0.084776 0.084776 0.084776 0.084776 0.084776 0.084776 0.084776 0.084776 0.084776 0.084776 0.084776 0.084776 0.084776 0.084776 0.084776 0.084776 0.084776 0.084776 0.084776 0.084776 0.084774 0.084765 0.084712 0.084446 0.083316 0.079270 0.067546 0.041401 0.000000 
50.000000 28.251910 12.839667 4.758488 1.472499 0.395055 0.101351 0.033194 0.019476 0.017046 0.016662 0.016607 0.016600 0.016600 0.016600 0.016600 0.016600 0.016600 0.016600 0.016600 0.016600 0.016600 0.016600 0.016600 0.016600 0.016600 0.016600 0.016600 0.016600 0.016600 0.016600 0.016600 0.016600 0.016600 0.016600 0.016600 0.016600 0.016600 0.016600 0.016600 0.016599 0.016599 0.016597 0.016586 0.016531 0.016298 0.015474 0.013125 0.007989 0.000000 
50.000000 28.245856 12.829369 4.746006 1.459149 0.381427 0.087650 0.019476 0.005755 0.003324 0.002940 0.002886 0.002879 0.002878 0.002878 0.002878 0.002878 0.002878 0.002878 0.002878 0.002878 0.002878 0.002878 0.002878 0.002878 0.002878 0.002878 0.002878 0.002878 0.002878 0.002878 0.002878 0.002878 0.002878 0.002878 0.002878 0.002878 0.002878 0.002878 0.002878 0.002878 0.002878 0.002877 0.002875 0.002865 0.002823 0.002677 0.002263 0.001371 0.000000 
50.000000 28.244780 12.827541 4.743792 1.456783 0.379012 0.085222 0.017046 0.003324 0.000893 0.000509 0.000454 0.000447 0.000446 0.000446 0.000446 0.000446 0.000446 0.000446 0.000446 0.000446 0.000446 0.000446 0.000446 0.000446 0.000446 0.000446 0.000446 0.000446 0.000446 0.000446 0.000446 0.000446 0.000446 0.000446 0.000446 0.000446 0.000446 0.000446 0.000446 0.000446 0.000446 0.000446 0.000446 0.000444 0.000438 0.000415 0.000350 0.000211 0.000000 
50.000000 28.244610 12.827252 4.743442 1.456409 0.378631 0.084838 0.016662 0.002940 0.000509 0.000125 0.000070 0.000063 0.000063 0.000063 0.000063 0.000063 0.000063 0.000063 0.000063 0.000063 0.000063 0.000063 0.000063 0.000063 0.000063 0.000063 0.000063 0.000063 0.000063 0.000063 0.000063 0.000063 0.000063 0.000063 0.000063 0.000063 0.000063 0.000063 0.000063 0.000063 0.000063 0.000063 0.000062 0.000062 0.000061 0.000058 0.000049 0.000029 0.000000 
50.000000 28.244586 12.827211 4.743393 1.456356 0.378576 0.084784 0.016607 0.002886 0.000454 0.000070 0.000016 0.000009 0.000008 0.000008 0.000008 0.000008 0.000008 0.000008 0.000008 0.000008 0.000008 0.000008 0.000008 0.000008 0.000008 0.000008 0.000008 0.000008 0.000008 0.000008 0.000008 0.000008 0.000008 0.000008 0.000008 0.000008 0.000008 0.000008 0.000008 0.000008 0.000008 0.000008 0.000008 0.000008 0.000008 0.000007 0.000006 0.000004 0.000000 
50.000000 28.244583 12.827206 4.743386 1.456349 0.378569 0.084777 0.016600 0.002879 0.000447 0.000063 0.000009 0.000002 0.000001 0.000001 0.000001 0.000001 0.000001 0.000001 0.000001 0.000001 0.000001 0.000001 0.000001 0.000001 0.000001 0.000001 0.000001 0.000001 0.000001 0.000001 0.000001 0.000001 0.000001 0.000001 0.000001 0.000001 0.000001 0.000001 0.000001 0.000001 0.000001 0.000001 0.000001 0.000001 0.000001 0.000001 0.000001 0.000000 0.000000 
50.000000 28.244582 12.827205 4.743385 1.456348 0.378569 0.084776 0.016600 0.002878 0.000446 0.000063 0.000008 0.000001 0.000000 0.000000 0.000000 0.000000 0.000000 0.000000 0.000000 0.000000 0.000000 0.000000 0.000000 0.000000 0.000000 0.000000 0.000000 0.000000 0.000000 0.000000 0.000000 0.000000 0.000000 0.000000 0.000000 0.000000 0.000000 0.000000 0.000000 0.000000 0.000000 0.000000 0.000000 0.000000 0.000000 0.000000 0.000000 0.000000 0.000000 
50.000000 28.244582 12.827205 4.743385 1.456348 0.378568 0.084776 0.016600 0.002878 0.000446 0.000063 0.000008 0.000001 0.000000 0.000000 0.000000 0.000000 0.000000 0.000000 0.000000 0.000000 0.000000 0.000000 0.000000 0.000000 0.000000 0.000000 0.000000 0.000000 0.000000 0.000000 0.000000 0.000000 0.000000 0.000000 0.000000 0.000000 0.000000 0.000000 0.000000 0.000000 0.000000 0.000000 0.000000 0.000000 0.000000 0.000000 0.000000 0.000000 0.000000 
50.000000 28.244582 12.827205 4.743385 1.456348 0.378568 0.084776 0.016600 0.002878 0.000446 0.000063 0.000008 0.000001 0.000000 0.000000 0.000000 0.000000 0.000000 0.000000 0.000000 0.000000 0.000000 0.000000 0.000000 0.000000 0.000000 0.000000 0.000000 0.000000 0.000000 0.000000 0.000000 0.000000 0.000000 0.000000 0.000000 0.000000 0.000000 0.000000 0.000000 0.000000 0.000000 0.000000 0.000000 0.000000 0.000000 0.000000 0.000000 0.000000 0.000000 
50.000000 28.244582 12.827205 4.743385 1.456348 0.378568 0.084776 0.016600 0.002878 0.000446 0.000063 0.000008 0.000001 0.000000 0.000000 0.000000 0.000000 0.000000 0.000000 0.000000 0.000000 0.000000 0.000000 0.000000 0.000000 0.000000 0.000000 0.000000 0.000000 0.000000 0.000000 0.000000 0.000000 0.000000 0.000000 0.000000 0.000000 0.000000 0.000000 0.000000 0.000000 0.000000 0.000000 0.000000 0.000000 0.000000 0.000000 0.000000 0.000000 0.000000 
50.000000 28.244582 12.827205 4.743385 1.456348 0.378568 0.084776 0.016600 0.002878 0.000446 0.000063 0.000008 0.000001 0.000000 0.000000 0.000000 0.000000 0.000000 0.000000 0.000000 0.000000 0.000000 0.000000 0.000000 0.000000 0.000000 0.000000 0.000000 0.000000 0.000000 0.000000 0.000000 0.000000 0.000000 0.000000 0.000000 0.000000 0.000000 0.000000 0.000000 0.000000 0.000000 0.000000 0.000000 0.000000 0.000000 0.000000 0.000000 0.000000 0.000000 
50.000000 28.244582 12.827205 4.743385 1.456348 0.378568 0.084776 0.016600 0.002878 0.000446 0.000063 0.000008 0.000001 0.000000 0.000000 0.000000 0.000000 0.000000 0.000000 0.000000 0.000000 0.000000 0.000000 0.000000 0.000000 0.000000 0.000000 0.000000 0.000000 0.000000 0.000000 0.000000 0.000000 0.000000 0.000000 0.000000 0.000000 0.000000 0.000000 0.000000 0.000000 0.000000 0.000000 0.000000 0.000000 0.000000 0.000000 0.000000 0.000000 0.000000 
50.000000 28.244582 12.827205 4.743385 1.456348 0.378568 0.084776 0.016600 0.002878 0.000446 0.000063 0.000008 0.000001 0.000000 0.000000 0.000000 0.000000 0.000000 0.000000 0.000000 0.000000 0.000000 0.000000 0.000000 0.000000 0.000000 0.000000 0.000000 0.000000 0.000000 0.000000 0.000000 0.000000 0.000000 0.000000 0.000000 0.000000 0.000000 0.000000 0.000000 0.000000 0.000000 0.000000 0.000000 0.000000 0.000000 0.000000 0.000000 0.000000 0.000000 
50.000000 28.244582 12.827205 4.743385 1.456348 0.378568 0.084776 0.016600 0.002878 0.000446 0.000063 0.000008 0.000001 0.000000 0.000000 0.000000 0.000000 0.000000 0.000000 0.000000 0.000000 0.000000 0.000000 0.000000 0.000000 0.000000 0.000000 0.000000 0.000000 0.000000 0.000000 0.000000 0.000000 0.000000 0.000000 0.000000 0.000000 0.000000 0.000000 0.000000 0.000000 0.000000 0.000000 0.000000 0.000000 0.000000 0.000000 0.000000 0.000000 0.000000 
50.000000 28.244582 12.827205 4.743385 1.456348 0.378568 0.084776 0.016600 0.002878 0.000446 0.000063 0.000008 0.000001 0.000000 0.000000 0.000000 0.000000 0.000000 0.000000 0.000000 0.000000 0.000000 0.000000 0.000000 0.000000 0.000000 0.000000 0.000000 0.000000 0.000000 0.000000 0.000000 0.000000 0.000000 0.000000 0.000000 0.000000 0.000000 0.000000 0.000000 0.000000 0.000000 0.000000 0.000000 0.000000 0.000000 0.000000 0.000000 0.000000 0.000000 
50.000000 28.244582 12.827205 4.743385 1.456348 0.378568 0.084776 0.016600 0.002878 0.000446 0.000063 0.000008 0.000001 0.000000 0.000000 0.000000 0.000000 0.000000 0.000000 0.000000 0.000000 0.000000 0.000000 0.000000 0.000000 0.000000 0.000000 0.000000 0.000000 0.000000 0.000000 0.000000 0.000000 0.000000 0.000000 0.000000 0.000000 0.000000 0.000000 0.000000 0.000000 0.000000 0.000000 0.000000 0.000000 0.000000 0.000000 0.000000 0.000000 0.000000 
50.000000 28.244582 12.827205 4.743385 1.456348 0.378568 0.084776 0.016600 0.002878 0.000446 0.000063 0.000008 0.000001 0.000000 0.000000 0.000000 0.000000 0.000000 0.000000 0.000000 0.000000 0.000000 0.000000 0.000000 0.000000 0.000000 0.000000 0.000000 0.000000 0.000000 0.000000 0.000000 0.000000 0.000000 0.000000 0.000000 0.000000 0.000000 0.000000 0.000000 0.000000 0.000000 0.000000 0.000000 0.000000 0.000000 0.000000 0.000000 0.000000 0.000000 
50.000000 28.244582 12.827205 4.743385 1.456348 0.378568 0.084776 0.016600 0.002878 0.000446 0.000063 0.000008 0.000001 0.000000 0.000000 0.000000 0.000000 0.000000 0.000000 0.000000 0.000000 0.000000 0.000000 0.000000 0.000000 0.000000 0.000000 0.000000 0.000000 0.000000 0.000000 0.000000 0.000000 0.000000 0.000000 0.000000 0.000000 0.000000 0.000000 0.000000 0.000000 0.000000 0.000000 0.000000 0.000000 0.000000 0.000000 0.000000 0.000000 0.000000 
50.000000 28.244582 12.827205 4.743385 1.456348 0.378568 0.084776 0.016600 0.002878 0.000446 0.000063 0.000008 0.000001 0.000000 0.000000 0.000000 0.000000 0.000000 0.000000 0.000000 0.000000 0.000000 0.000000 0.000000 0.000000 0.000000 0.000000 0.000000 0.000000 0.000000 0.000000 0.000000 0.000000 0.000000 0.000000 0.000000 0.000000 0.000000 0.000000 0.000000 0.000000 0.000000 0.000000 0.000000 0.000000 0.000000 0.000000 0.000000 0.000000 0.000000 
50.000000 28.244582 12.827205 4.743385 1.456348 0.378568 0.084776 0.016600 0.002878 0.000446 0.000063 0.000008 0.000001 0.000000 0.000000 0.000000 0.000000 0.000000 0.000000 0.000000 0.000000 0.000000 0.000000 0.000000 0.000000 0.000000 0.000000 0.000000 0.000000 0.000000 0.000000 0.000000 0.000000 0.000000 0.000000 0.000000 0.000000 0.000000 0.000000 0.000000 0.000000 0.000000 0.000000 0.000000 0.000000 0.000000 0.000000 0.000000 0.000000 0.000000 
50.000000 28.244582 12.827205 4.743385 1.456348 0.378568 0.084776 0.016600 0.002878 0.000446 0.000063 0.000008 0.000001 0.000000 0.000000 0.000000 0.000000 0.000000 0.000000 0.000000 0.000000 0.000000 0.000000 0.000000 0.000000 0.000000 0.000000 0.000000 0.000000 0.000000 0.000000 0.000000 0.000000 0.000000 0.000000 0.000000 0.000000 0.000000 0.000000 0.000000 0.000000 0.000000 0.000000 0.000000 0.000000 0.000000 0.000000 0.000000 0.000000 0.000000 
50.000000 28.244582 12.827205 4.743385 1.456348 0.378568 0.084776 0.016600 0.002878 0.000446 0.000063 0.000008 0.000001 0.000000 0.000000 0.000000 0.000000 0.000000 0.000000 0.000000 0.000000 0.000000 0.000000 0.000000 0.000000 0.000000 0.000000 0.000000 0.000000 0.000000 0.000000 0.000000 0.000000 0.000000 0.000000 0.000000 0.000000 0.000000 0.000000 0.000000 0.000000 0.000000 0.000000 0.000000 0.000000 0.000000 0.000000 0.000000 0.000000 0.000000 
50.000000 28.244582 12.827205 4.743385 1.456348 0.378568 0.084776 0.016600 0.002878 0.000446 0.000063 0.000008 0.000001 0.000000 0.000000 0.000000 0.000000 0.000000 0.000000 0.000000 0.000000 0.000000 0.000000 0.000000 0.000000 0.000000 0.000000 0.000000 0.000000 0.000000 0.000000 0.000000 0.000000 0.000000 0.000000 0.000000 0.000000 0.000000 0.000000 0.000000 0.000000 0.000000 0.000000 0.000000 0.000000 0.000000 0.000000 0.000000 0.000000 0.000000 
50.000000 28.244582 12.827205 4.743385 1.456348 0.378568 0.084776 0.016600 0.002878 0.000446 0.000063 0.000008 0.000001 0.000000 0.000000 0.000000 0.000000 0.000000 0.000000 0.000000 0.000000 0.000000 0.000000 0.000000 0.000000 0.000000 0.000000 0.000000 0.000000 0.000000 0.000000 0.000000 0.000000 0.000000 0.000000 0.000000 0.000000 0.000000 0.000000 0.000000 0.000000 0.000000 0.000000 0.000000 0.000000 0.000000 0.000000 0.000000 0.000000 0.000000 
50.000000 28.244582 12.827205 4.743385 1.456348 0.378568 0.084776 0.016600 0.002878 0.000446 0.000063 0.000008 0.000001 0.000000 0.000000 0.000000 0.000000 0.000000 0.000000 0.000000 0.000000 0.000000 0.000000 0.000000 0.000000 0.000000 0.000000 0.000000 0.000000 0.000000 0.000000 0.000000 0.000000 0.000000 0.000000 0.000000 0.000000 0.000000 0.000000 0.000000 0.000000 0.000000 0.000000 0.000000 0.000000 0.000000 0.000000 0.000000 0.000000 0.000000 
50.000000 28.244582 12.827205 4.743385 1.456348 0.378568 0.084776 0.016600 0.002878 0.000446 0.000063 0.000008 0.000001 0.000000 0.000000 0.000000 0.000000 0.000000 0.000000 0.000000 0.000000 0.000000 0.000000 0.000000 0.000000 0.000000 0.000000 0.000000 0.000000 0.000000 0.000000 0.000000 0.000000 0.000000 0.000000 0.000000 0.000000 0.000000 0.000000 0.000000 0.000000 0.000000 0.000000 0.000000 0.000000 0.000000 0.000000 0.000000 0.000000 0.000000 
50.000000 28.244582 12.827205 4.743385 1.456348 0.378568 0.084776 0.016600 0.002878 0.000446 0.000063 0.000008 0.000001 0.000000 0.000000 0.000000 0.000000 0.000000 0.000000 0.000000 0.000000 0.000000 0.000000 0.000000 0.000000 0.000000 0.000000 0.000000 0.000000 0.000000 0.000000 0.000000 0.000000 0.000000 0.000000 0.000000 0.000000 0.000000 0.000000 0.000000 0.000000 0.000000 0.000000 0.000000 0.000000 0.000000 0.000000 0.000000 0.000000 0.000000 
50.000000 28.244582 12.827205 4.743385 1.456348 0.378568 0.084776 0.016600 0.002878 0.000446 0.000063 0.000008 0.000001 0.000000 0.000000 0.000000 0.000000 0.000000 0.000000 0.000000 0.000000 0.000000 0.000000 0.000000 0.000000 0.000000 0.000000 0.000000 0.000000 0.000000 0.000000 0.000000 0.000000 0.000000 0.000000 0.000000 0.000000 0.000000 0.000000 0.000000 0.000000 0.000000 0.000000 0.000000 0.000000 0.000000 0.000000 0.000000 0.000000 0.000000 
50.000000 28.244582 12.827205 4.743385 1.456348 0.378568 0.084776 0.016600 0.002878 0.000446 0.000063 0.000008 0.000001 0.000000 0.000000 0.000000 0.000000 0.000000 0.000000 0.000000 0.000000 0.000000 0.000000 0.000000 0.000000 0.000000 0.000000 0.000000 0.000000 0.000000 0.000000 0.000000 0.000000 0.000000 0.000000 0.000000 0.000000 0.000000 0.000000 0.000000 0.000000 0.000000 0.000000 0.000000 0.000000 0.000000 0.000000 0.000000 0.000000 0.000000 
50.000000 28.244582 12.827205 4.743385 1.456348 0.378569 0.084776 0.016600 0.002878 0.000446 0.000063 0.000008 0.000001 0.000000 0.000000 0.000000 0.000000 0.000000 0.000000 0.000000 0.000000 0.000000 0.000000 0.000000 0.000000 0.000000 0.000000 0.000000 0.000000 0.000000 0.000000 0.000000 0.000000 0.000000 0.000000 0.000000 0.000000 0.000000 0.000000 0.000000 0.000000 0.000000 0.000000 0.000000 0.000000 0.000000 0.000000 0.000000 0.000000 0.000000 
50.000000 28.244583 12.827206 4.743386 1.456349 0.378569 0.084777 0.016600 0.002879 0.000447 0.000063 0.000009 0.000002 0.000001 0.000001 0.000001 0.000001 0.000001 0.000001 0.000001 0.000001 0.000001 0.000001 0.000001 0.000001 0.000001 0.000001 0.000001 0.000001 0.000001 0.000001 0.000001 0.000001 0.000001 0.000001 0.000001 0.000001 0.000001 0.000001 0.000001 0.000001 0.000001 0.000001 0.000001 0.000001 0.000001 0.000001 0.000001 0.000000 0.000000 
50.000000 28.244586 12.827211 4.743393 1.456356 0.378576 0.084784 0.016607 0.002886 0.000454 0.000070 0.000016 0.000009 0.000008 0.000008 0.000008 0.000008 0.000008 0.000008 0.000008 0.000008 0.000008 0.000008 0.000008 0.000008 0.000008 0.000008 0.000008 0.000008 0.000008 0.000008 0.000008 0.000008 0.000008 0.000008 0.000008 0.000008 0.000008 0.000008 0.000008 0.000008 0.000008 0.000008 0.000008 0.000008 0.000008 0.000007 0.000006 0.000004 0.000000 
50.000000 28.244610 12.827252 4.743442 1.456409 0.378631 0.084838 0.016662 0.002940 0.000509 0.000125 0.000070 0.000063 0.000063 0.000063 0.000063 0.000063 0.000063 0.000063 0.000063 0.000063 0.000063 0.000063 0.000063 0.000063 0.000063 0.000063 0.000063 0.000063 0.000063 0.000063 0.000063 0.000063 0.000063 0.000063 0.000063 0.000063 0.000063 0.000063 0.000063 0.000063 0.000063 0.000063 0.000062 0.000062 0.000061 0.000058 0.000049 0.000029 0.000000 
50.000000 28.244780 12.827541 4.743792 1.456783 0.379012 0.085222 0.017046 0.003324 0.000893 0.000509 0.000454 0.000447 0.000446 0.000446 0.000446 0.000446 0.000446 0.000446 0.000446 0.000446 0.000446 0.000446 0.000446 0.000446 0.000446 0.000446 0.000446 0.000446 0.000446 0.000446 0.000446 0.000446 0.000446 0.000446 0.000446 0.000446 0.000446 0.000446 0.000446 0.000446 0.000446 0.000446 0.000446 0.000444 0.000438 0.000415 0.000350 0.000211 0.000000 
50.000000 28.245856 12.829369 4.746006 1.459149 0.381427 0.087650 0.019476 0.005755 0.003324 0.002940 0.002886 0.002879 0.002878 0.002878 0.002878 0.002878 0.002878 0.002878 0.002878 0.002878 0.002878 0.002878 0.002878 0.002878 0.002878 0.002878 0.002878 0.002878 0.002878 0.002878 0.002878 0.002878 0.002878 0.002878 0.002878 0.002878 0.002878 0.002878 0.002878 0.002878 0.002878 0.002877 0.002875 0.002865 0.002823 0.002677 0.002263 0.001371 0.000000 
50.000000 28.251910 12.839667 4.758488 1.472499 0.395055 0.101351 0.033194 0.019476 0.017046 0.016662 0.016607 0.016600 0.016600 0.016600 0.016600 0.016600 0.016600 0.016600 0.016600 0.016600 0.016600 0.016600 0.016600 0.016600 0.016600 0.016600 0.016600 0.016600 0.016600 0.016600 0.016600 0.016600 0.016600 0.016600 0.016600 0.016600 0.016600 0.016600 0.016600 0.016599 0.016599 0.016597 0.016586 0.016531 0.016298 0.015474 0.013125 0.007989 0.000000 
50.000000 28.281908 12.890736 4.820444 1.538803 0.462754 0.169423 0.101351 0.087650 0.085222 0.084838 0.084784 0.084777 0.084776 0.084776 0.084776 0.084776 0.084776 0.084776 0.084776 0.084776 0.084776 0.084776 0.084776 0.084776 0.084776 0.084776 0.084776 0.084776 0.084776 0.084776 0.084776 0.084776 0.084776 0.084776 0.084776 0.084776 0.084776 0.084776 0.084776 0.084776 0.084774 0.084765 0.084712 0.084446 0.083316 0.079270 0.067546 0.041401 0.000000 
50.000000 28.410828 13.110409 5.087178 1.824409 0.754453 0.462754 0.395055 0.381427 0.379012 0.378631 0.378576 0.378569 0.378569 0.378568 0.378568 0.378568 0.378568 0.378568 0.378568 0.378568 0.378568 0.378568 0.378568 0.378568 0.378568 0.378568 0.378568 0.378568 0.378568 0.378568 0.378568 0.378568 0.378568 0.378568 0.378568 0.378568 0.378568 0.378568 0.378568 0.378568 0.378562 0.378524 0.378308 0.377226 0.372551 0.355522 0.304994 0.188992 0.000000 
50.000000 28.882565 13.914901 6.064799 2.871751 1.824409 1.538803 1.472499 1.459149 1.456783 1.456409 1.456356 1.456349 1.456348 1.456348 1.456348 1.456348 1.456348 1.456348 1.456348 1.456348 1.456348 1.456348 1.456348 1.456348 1.456348 1.456348 1.456348 1.456348 1.456348 1.456348 1.456348 1.456348 1.456348 1.456348 1.456348 1.456348 1.456348 1.456348 1.456348 1.456345 1.456326 1.456202 1.455487 1.451858 1.435876 1.376160 1.192732 0.752391 0.000000 
50.000000 30.317852 16.364520 9.043818 6.064799 5.087178 4.820444 4.758488 4.746006 4.743792 4.743442 4.743393 4.743386 4.743385 4.743385 4.743385 4.743385 4.743385 4.743385 4.743385 4.743385 4.743385 4.743385 4.743385 4.743385 4.743385 4.743385 4.743385 4.743385 4.743385 4.743385 4.743385 4.743385 4.743385 4.743385 4.743385 4.743385 4.743385 4.743385 4.743384 4.743378 4.743329 4.743014 4.741174 4.731656 4.688639 4.521909 3.982511 2.591390 0.000000 
50.000000 33.840175 22.380253 16.364520 13.914901 13.110409 12.890736 12.839667 12.829369 12.827541 12.827252 12.827211 12.827206 12.827205 12.827205 12.827205 12.827205 12.827205 12.827205 12.827205 12.827205 12.827205 12.827205 12.827205 12.827205 12.827205 12.827205 12.827205 12.827205 12.827205 12.827205 12.827205 12.827205 12.827205 12.827205 12.827205 12.827205 12.827205 12.827205 12.827203 12.827192 12.827106 12.826542 12.823189 12.805416 12.722169 12.382009 11.190127 7.717695 0.000000 
50.000000 40.546470 33.840175 30.317852 28.882565 28.410828 28.281908 28.251910 28.245856 28.244780 28.244610 28.244586 28.244583 28.244582 28.244582 28.244582 28.244582 28.244582 28.244582 28.244582 28.244582 28.244582 28.244582 28.244582 28.244582 28.244582 28.244582 28.244582 28.244582 28.244582 28.244582 28.244582 28.244582 28.244582 28.244582 28.244582 28.244582 28.244582 28.244582 28.244581 28.244569 28.244485 28.243922 28.240507 28.221836 28.130174 27.726461 26.122480 20.273235 0.000000 
50.000000 50.000000 50.000000 50.000000 50.000000 50.000000 50.000000 50.000000 50.000000 50.000000 50.000000 50.000000 50.000000 50.000000 50.000000 50.000000 50.000000 50.000000 50.000000 50.000000 50.000000 50.000000 50.000000 50.000000 50.000000 50.000000 50.000000 50.000000 50.000000 50.000000 50.000000 50.000000 50.000000 50.000000 50.000000 50.000000 50.000000 50.000000 50.000000 50.000000 50.000000 50.000000 50.000000 50.000000 50.000000 50.000000 50.000000 50.000000 50.000000 50.000000 
