50.000000 50.000000 50.000000 50.000000 50.000000 50.000000 50.000000 50.000000 50.000000 50.000000 50.000000 50.000000 50.000000 50.000000 50.000000 50.000000 50.000000 50.000000 50.000000 50.000000 50.000000 50.000000 50.000000 50.000000 50.000000 50.000000 50.000000 50.000000 50.000000 50.000000 50.000000 50.000000 50.000000 50.000000 50.000000 50.000000 50.000000 50.000000 50.000000 50.000000 50.000000 50.000000 50.000000 50.000000 50.000000 50.000000 50.000000 50.000000 50.000000 50.000000 
50.000000 48.811985 47.668270 46.608207 45.662162 44.849096 44.176021 43.639190 43.226546 42.920754 42.702204 42.551498 42.451187 42.386709 42.346666 42.322627 42.308670 42.300829 42.296564 42.294317 42.293169 42.292601 42.292328 42.292200 42.292142 42.292115 42.292101 42.292089 42.292069 42.292027 42.291937 42.291743 42.291334 42.290497 42.288823 42.285555 42.279324 42.267707 42.246503 42.208538 42.141685 42.025486 41.825117 41.479820 40.878753 39.805128 37.792001 33.705697 24.405992 0.000000 
50.000000 47.668270 45.423492 43.342897 41.486092 39.890288 38.569246 37.515615 36.705727 36.105558 35.676617 35.380834 35.183959 35.057412 34.978823 34.931644 34.904253 34.888864 34.880493 34.876083 34.873831 34.872715 34.872179 34.871929 34.871815 34.871762 34.871735 34.871712 34.871674 34.871597 34.871428 34.871065 34.870303 34.868743 34.865630 34.859564 34.848027 34.826586 34.787606 34.718174 34.596764 34.387779 34.032397 33.432615 32.422158 30.711527 27.783663 22.711746 13.962573 0.000000 
50.000000 46.608207 43.342897 40.316419 37.615476 35.294200 33.372603 31.839992 30.661936 29.788941 29.165016 28.734783 28.448419 28.264352 28.150043 28.081422 28.041581 28.019199 28.007024 28.000610 27.997334 27.995712 27.994932 27.994568 27.994402 27.994326 27.994287 27.994255 27.994204 27.994100 27.993873 27.993387 27.992369 27.990290 27.986149 27.978108 27.962872 27.934693 27.883771 27.793774 27.638000 27.373495 26.932027 26.206217 25.028457 23.140613 20.158210 15.559234 8.816206 0.000000 
50.000000 45.662162 41.486092 37.615476 34.161204 31.192507 28.734977 26.774934 25.268339 24.151891 23.353980 22.803778 22.437568 22.202181 22.056002 21.968251 21.917304 21.888683 21.873115 21.864913 21.860724 21.858650 21.857653 21.857188 21.856976 21.856879 21.856830 21.856791 21.856733 21.856613 21.856355 21.855801 21.854646 21.852292 21.847620 21.838585 21.821550 21.790231 21.734059 21.635717 21.467533 21.186367 20.726566 19.990784 18.839238 17.080602 14.474863 10.774565 5.857034 0.000000 
50.000000 44.849096 39.890288 35.294200 31.192507 27.667416 24.749316 22.421955 20.633036 19.307388 18.359975 17.706692 17.271877 16.992398 16.818841 16.714655 16.654168 16.620188 16.601706 16.591968 16.586996 16.584533 16.583350 16.582798 16.582546 16.582432 16.582375 16.582333 16.582272 16.582148 16.581883 16.581318 16.580142 16.577753 16.573031 16.563941 16.546899 16.515782 16.460437 16.364531 16.202596 15.936168 15.509166 14.843081 13.833708 12.353269 10.265742 7.468130 3.970344 0.000000 
50.000000 44.176021 38.569246 33.372603 28.734977 24.749316 21.449974 18.818573 16.795974 15.297179 14.226034 13.487443 12.995855 12.679890 12.483678 12.365895 12.297515 12.259101 12.238208 12.227201 12.221580 12.218797 12.217459 12.216835 12.216551 12.216423 12.216361 12.216317 12.216257 12.216140 12.215891 12.215360 12.214258 12.212030 12.207645 12.199247 12.183598 12.155230 12.105212 12.019439 11.876443 11.644787 11.280444 10.724987 9.906234 8.744193 7.166386 5.136631 2.696201 0.000000 
50.000000 43.639190 37.515615 31.839992 26.774934 22.421955 18.818573 15.944708 13.735764 12.098902 10.929099 10.122491 9.585641 9.240590 9.026319 8.897698 8.823028 8.781081 8.758267 8.746247 8.740110 8.737071 8.735611 8.734929 8.734619 8.734480 8.734414 8.734371 8.734316 8.734213 8.733993 8.733528 8.732567 8.730630 8.726836 8.719608 8.706223 8.682138 8.640037 8.568578 8.450883 8.262943 7.972354 7.538129 6.912789 6.048367 4.907965 3.483219 1.814073 0.000000 
50.000000 43.226546 36.705727 30.661936 25.268339 20.633036 16.795974 13.735764 11.383613 9.640651 8.395038 7.536168 6.964543 6.597147 6.369004 6.232058 6.152557 6.107897 6.083607 6.070811 6.064277 6.061042 6.059487 6.058762 6.058433 6.058285 6.058217 6.058175 6.058128 6.058041 6.057859 6.057476 6.056687 6.055104 6.052018 6.046169 6.035407 6.016179 5.982849 5.926827 5.835593 5.691807 5.472822 5.151187 4.696867 4.081972 3.288441 2.317948 1.201060 0.000000 
50.000000 42.920754 36.105558 29.788941 24.151891 19.307388 15.297179 12.098902 9.640651 7.819086 6.517315 5.619733 5.022352 4.638407 4.399991 4.256882 4.173804 4.127135 4.101754 4.088383 4.081555 4.078175 4.076551 4.075793 4.075449 4.075296 4.075226 4.075186 4.075146 4.075077 4.074935 4.074636 4.074024 4.072800 4.070424 4.065947 4.057758 4.043229 4.018243 3.976623 3.909543 3.805058 3.648019 3.420736 3.104793 2.684358 2.150941 1.508793 0.779069 0.000000 
50.000000 42.702204 35.676617 29.165016 23.353980 18.359975 14.226034 10.929099 8.395038 6.517315 5.175423 4.250189 3.634410 3.238646 2.992894 2.845384 2.759752 2.711649 2.685489 2.671707 2.664671 2.661186 2.659513 2.658732 2.658378 2.658220 2.658150 2.658113 2.658080 2.658027 2.657921 2.657700 2.657247 2.656348 2.654611 2.651353 2.645429 2.634986 2.617159 2.587712 2.540692 2.468212 2.360521 2.206595 1.995444 1.718263 1.371242 0.958443 0.493666 0.000000 
50.000000 42.551498 35.380834 28.734783 22.803778 17.706692 13.487443 10.122491 7.536168 5.619733 4.250189 3.305896 2.677440 2.273532 2.022726 1.872184 1.784793 1.735703 1.709006 1.694942 1.687761 1.684205 1.682497 1.681701 1.681339 1.681179 1.681109 1.681074 1.681047 1.681008 1.680932 1.680776 1.680458 1.679828 1.678616 1.676354 1.672264 1.665098 1.652948 1.633030 1.601491 1.553319 1.482454 1.382231 1.246255 1.069719 0.851011 0.593228 0.304995 0.000000 
50.000000 42.451187 35.183959 28.448419 22.437568 17.271877 12.995855 9.585641 6.964543 5.022352 3.634410 2.677440 2.040551 1.631227 1.377061 1.224502 1.135942 1.086196 1.059142 1.044890 1.037614 1.034011 1.032280 1.031473 1.031107 1.030945 1.030875 1.030841 1.030819 1.030791 1.030739 1.030634 1.030420 1.029998 1.029189 1.027687 1.024984 1.020276 1.012342 0.999424 0.979123 0.948364 0.903502 0.840624 0.756095 0.647337 0.513726 0.357373 0.183480 0.000000 
50.000000 42.386709 35.057412 28.264352 22.202181 16.992398 12.679890 9.240590 6.597147 4.638407 3.238646 2.273532 1.631227 1.218425 0.962100 0.808248 0.718937 0.668770 0.641487 0.627115 0.619777 0.616144 0.614398 0.613584 0.613216 0.613053 0.612982 0.612950 0.612932 0.612912 0.612878 0.612809 0.612671 0.612400 0.611883 0.610926 0.609213 0.606243 0.601268 0.593218 0.580649 0.561740 0.534366 0.496292 0.445499 0.380631 0.301480 0.209385 0.107385 0.000000 
50.000000 42.346666 34.978823 28.150043 22.056002 16.818841 12.483678 9.026319 6.369004 4.399991 2.992895 2.022726 1.377061 0.962100 0.704437 0.549782 0.460006 0.409577 0.382153 0.367706 0.360330 0.356678 0.354923 0.354105 0.353735 0.353571 0.353501 0.353470 0.353454 0.353440 0.353417 0.353375 0.353289 0.353122 0.352804 0.352219 0.351174 0.349374 0.346372 0.341541 0.334044 0.322834 0.306711 0.284431 0.254900 0.217417 0.171935 0.119259 0.061111 0.000000 
50.000000 42.322627 34.931644 28.081422 21.968251 16.714655 12.365895 8.897698 6.232058 4.256882 2.845384 1.872184 1.224502 0.808248 0.549782 0.394646 0.304590 0.254005 0.226496 0.212004 0.204605 0.200942 0.199182 0.198362 0.197990 0.197826 0.197756 0.197726 0.197711 0.197701 0.197687 0.197661 0.197610 0.197511 0.197323 0.196978 0.196365 0.195314 0.193568 0.190773 0.186458 0.180041 0.170862 0.158250 0.141624 0.120631 0.095273 0.066015 0.033804 0.000000 
50.000000 42.308670 34.904253 28.041581 21.917304 16.654168 12.297516 8.823028 6.152557 4.173804 2.759752 1.784793 1.135942 0.718937 0.460006 0.304590 0.214373 0.163697 0.136139 0.121621 0.114209 0.110539 0.108776 0.107954 0.107582 0.107418 0.107348 0.107318 0.107305 0.107297 0.107288 0.107273 0.107243 0.107187 0.107080 0.106884 0.106537 0.105944 0.104965 0.103404 0.101004 0.097453 0.092398 0.085485 0.076416 0.065012 0.051292 0.035510 0.018173 0.000000 
50.000000 42.300829 34.888864 28.019199 21.888683 16.620188 12.259102 8.781081 6.107897 4.127135 2.711650 1.735703 1.086196 0.668770 0.409577 0.254005 0.163697 0.112971 0.085384 0.070852 0.063433 0.059760 0.057995 0.057172 0.056799 0.056635 0.056565 0.056535 0.056523 0.056516 0.056511 0.056502 0.056486 0.056454 0.056395 0.056288 0.056099 0.055776 0.055245 0.054402 0.053112 0.051210 0.048514 0.044843 0.040046 0.034037 0.026830 0.018561 0.009495 0.000000 
50.000000 42.296564 34.880493 28.007024 21.873115 16.601706 12.238209 8.758267 6.083608 4.101754 2.685489 1.709006 1.059142 0.641488 0.382153 0.226496 0.136139 0.085385 0.057783 0.043244 0.035820 0.032145 0.030379 0.029556 0.029183 0.029019 0.028948 0.028919 0.028907 0.028901 0.028897 0.028892 0.028883 0.028867 0.028835 0.028779 0.028679 0.028509 0.028231 0.027790 0.027118 0.026132 0.024739 0.022849 0.020388 0.017314 0.013638 0.009429 0.004822 0.000000 
50.000000 42.294317 34.876083 28.000610 21.864913 16.591969 12.227202 8.746248 6.070812 4.088384 2.671708 1.694943 1.044891 0.627116 0.367707 0.212005 0.121622 0.070853 0.043244 0.028700 0.021274 0.017598 0.015832 0.015009 0.014636 0.014471 0.014401 0.014372 0.014360 0.014355 0.014352 0.014349 0.014344 0.014335 0.014319 0.014290 0.014239 0.014153 0.014012 0.013789 0.013450 0.012954 0.012256 0.011312 0.010086 0.008559 0.006738 0.004656 0.002380 0.000000 
50.000000 42.293170 34.873832 27.997335 21.860726 16.586997 12.221582 8.740112 6.064280 4.081558 2.664673 1.687763 1.037616 0.619780 0.360332 0.204608 0.114212 0.063436 0.035822 0.021276 0.013850 0.010173 0.008406 0.007583 0.007210 0.007046 0.006975 0.006946 0.006934 0.006929 0.006927 0.006925 0.006923 0.006918 0.006910 0.006896 0.006870 0.006828 0.006758 0.006649 0.006483 0.006241 0.005902 0.005444 0.004851 0.004114 0.003237 0.002236 0.001143 0.000000 
50.000000 42.292602 34.872718 27.995715 21.858655 16.584538 12.218803 8.737077 6.061049 4.078182 2.661194 1.684213 1.034018 0.616151 0.356685 0.200950 0.110547 0.059767 0.032152 0.017605 0.010177 0.006500 0.004734 0.003910 0.003537 0.003373 0.003303 0.003273 0.003261 0.003257 0.003255 0.003253 0.003252 0.003250 0.003246 0.003239 0.003227 0.003206 0.003173 0.003121 0.003042 0.002928 0.002767 0.002551 0.002272 0.001926 0.001514 0.001046 0.000534 0.000000 
50.000000 42.292331 34.872186 27.994941 21.857665 16.583363 12.217474 8.735627 6.059505 4.076569 2.659531 1.682516 1.032299 0.614418 0.354943 0.199202 0.108796 0.058014 0.030398 0.015850 0.008423 0.004746 0.002979 0.002155 0.001782 0.001618 0.001548 0.001519 0.001507 0.001502 0.001500 0.001499 0.001498 0.001497 0.001496 0.001492 0.001487 0.001477 0.001461 0.001437 0.001400 0.001347 0.001273 0.001173 0.001044 0.000885 0.000695 0.000480 0.000245 0.000000 
50.000000 42.292208 34.871944 27.994590 21.857216 16.582831 12.216873 8.734970 6.058806 4.075838 2.658778 1.681748 1.031521 0.613633 0.354154 0.198410 0.108003 0.057221 0.029604 0.015056 0.007629 0.003951 0.002185 0.001361 0.000988 0.000824 0.000753 0.000724 0.000712 0.000708 0.000706 0.000705 0.000704 0.000704 0.000703 0.000701 0.000699 0.000694 0.000687 0.000675 0.000658 0.000632 0.000597 0.000550 0.000489 0.000415 0.000326 0.000225 0.000115 0.000000 
50.000000 42.292161 34.871853 27.994457 21.857046 16.582628 12.216644 8.734720 6.058539 4.075560 2.658491 1.681455 1.031224 0.613333 0.353853 0.198109 0.107701 0.056918 0.029301 0.014753 0.007326 0.003648 0.001882 0.001058 0.000685 0.000521 0.000451 0.000421 0.000409 0.000405 0.000403 0.000402 0.000402 0.000401 0.000401 0.000400 0.000398 0.000396 0.000391 0.000385 0.000375 0.000360 0.000340 0.000313 0.000279 0.000236 0.000185 0.000128 0.000065 0.000000 
50.000000 42.292161 34.871853 27.994457 21.857046 16.582628 12.216644 8.734720 6.058539 4.075560 2.658491 1.681455 1.031224 0.613333 0.353853 0.198109 0.107701 0.056918 0.029301 0.014753 0.007326 0.003648 0.001882 0.001058 0.000685 0.000521 0.000451 0.000421 0.000409 0.000405 0.000403 0.000402 0.000402 0.000401 0.000401 0.000400 0.000398 0.000396 0.000391 0.000385 0.000375 0.000360 0.000340 0.000313 0.000279 0.000236 0.000185 0.000128 0.000065 0.000000 
50.000000 42.292208 34.871944 27.994590 21.857216 16.582831 12.216873 8.734970 6.058806 4.075838 2.658778 1.681748 1.031521 0.613633 0.354154 0.198410 0.108003 0.057221 0.029604 0.015056 0.007629 0.003951 0.002185 0.001361 0.000988 0.000824 0.000753 0.000724 0.000712 0.000708 0.000706 0.000705 0.000704 0.000704 0.000703 0.000701 0.000699 0.000694 0.000687 0.000675 0.000658 0.000632 0.000597 0.000550 0.000489 0.000415 0.000326 0.000225 0.000115 0.000000 
50.000000 42.292331 34.872186 27.994941 21.857665 16.583363 12.217474 8.735627 6.059505 4.076569 2.659531 1.682516 1.032299 0.614418 0.354943 0.199202 0.108796 0.058014 0.030398 0.015850 0.008423 0.004746 0.002979 0.002155 0.001782 0.001618 0.001548 0.001519 0.001507 0.001502 0.001500 0.001499 0.001498 0.001497 0.001496 0.001492 0.001487 0.001477 0.001461 0.001437 0.001400 0.001347 0.001273 0.001173 0.001044 0.000885 0.000695 0.000480 0.000245 0.000000 
50.000000 42.292602 34.872718 27.995715 21.858655 16.584538 12.218803 8.737077 6.061049 4.078182 2.661194 1.684213 1.034018 0.616151 0.356685 0.200950 0.110547 0.059767 0.032152 0.017605 0.010177 0.006500 0.004734 0.003910 0.003537 0.003373 0.003303 0.003273 0.003261 0.003257 0.003255 0.003253 0.003252 0.003250 0.003246 0.003239 0.003227 0.003206 0.003173 0.003121 0.003042 0.002928 0.002767 0.002551 0.002272 0.001926 0.001514 0.001046 0.000534 0.000000 
50.000000 42.293170 34.873832 27.997335 21.860726 16.586997 12.221582 8.740112 6.064280 4.081558 2.664673 1.687763 1.037616 0.619780 0.360332 0.204608 0.114212 0.063436 0.035822 0.021276 0.013850 0.010173 0.008406 0.007583 0.007210 0.007046 0.006975 0.006946 0.006934 0.006929 0.006927 0.006925 0.006923 0.006918 0.006910 0.006896 0.006870 0.006828 0.006758 0.006649 0.006483 0.006241 0.005902 0.005444 0.004851 0.004114 0.003237 0.002236 0.001143 0.000000 
50.000000 42.294317 34.876083 28.000610 21.864913 16.591969 12.227202 8.746248 6.070812 4.088384 2.671708 1.694943 1.044891 0.627116 0.367707 0.212005 0.121622 0.070853 0.043244 0.028700 0.021274 0.017598 0.015832 0.015009 0.014636 0.014471 0.014401 0.014372 0.014360 0.014355 0.014352 0.014349 0.014344 0.014335 0.014319 0.014290 0.014239 0.014153 0.014012 0.013789 0.013450 0.012954 0.012256 0.011312 0.010086 0.008559 0.006738 0.004656 0.002380 0.000000 
50.000000 42.296564 34.880493 28.007024 21.873115 16.601706 12.238209 8.758267 6.083608 4.101754 2.685489 1.709006 1.059142 0.641488 0.382153 0.226496 0.136139 0.085385 0.057783 0.043244 0.035820 0.032145 0.030379 0.029556 0.029183 0.029019 0.028948 0.028919 0.028907 0.028901 0.028897 0.028892 0.028883 0.028867 0.028835 0.028779 0.028679 0.028509 0.028231 0.027790 0.027118 0.026132 0.024739 0.022849 0.020388 0.017314 0.013638 0.009429 0.004822 0.000000 
50.000000 42.300829 34.888864 28.019199 21.888683 16.620188 12.259102 8.781081 6.107897 4.127135 2.711650 1.735703 1.086196 0.668770 0.409577 0.254005 0.163697 0.112971 0.085384 0.070852 0.063433 0.059760 0.057995 0.057172 0.056799 0.056635 0.056565 0.056535 0.056523 0.056516 0.056511 0.056502 0.056486 0.056454 0.056395 0.056288 0.056099 0.055776 0.055245 0.054402 0.053112 0.051210 0.048514 0.044843 0.040046 0.034037 0.026830 0.018561 0.009495 0.000000 
50.000000 42.308670 34.904253 28.041581 21.917304 16.654168 12.297516 8.823028 6.152557 4.173804 2.759752 1.784793 1.135942 0.718937 0.460006 0.304590 0.214373 0.163697 0.136139 0.121621 0.114209 0.110539 0.108776 0.107954 0.107582 0.107418 0.107348 0.107318 0.107305 0.107297 0.107288 0.107273 0.107243 0.107187 0.107080 0.106884 0.106537 0.105944 0.104965 0.103404 0.101004 0.097453 0.092398 0.085485 0.076416 0.065012 0.051292 0.035510 0.018173 0.000000 
50.000000 42.322627 34.931644 28.081422 21.968251 16.714655 12.365895 8.897698 6.232058 4.256882 2.845384 1.872184 1.224502 0.808248 0.549782 0.394646 0.304590 0.254005 0.226496 0.212004 0.204605 0.200942 0.199182 0.198362 0.197990 0.197826 0.197756 0.197726 0.197711 0.197701 0.197687 0.197661 0.197610 0.197511 0.197323 0.196978 0.196365 0.195314 0.193568 0.190773 0.186458 0.180041 0.170862 0.158250 0.141624 0.120631 0.095273 0.066015 0.033804 0.000000 
50.000000 42.346666 34.978823 28.150043 22.056002 16.818841 12.483678 9.026319 6.369004 4.399991 2.992895 2.022726 1.377061 0.962100 0.704437 0.549782 0.460006 0.409577 0.382153 0.367706 0.360330 0.356678 0.354923 0.354105 0.353735 0.353571 0.353501 0.353470 0.353454 0.353440 0.353417 0.353375 0.353289 0.353122 0.352804 0.352219 0.351174 0.349374 0.346372 0.341541 0.334044 0.322834 0.306711 0.284431 0.254900 0.217417 0.171935 0.119259 0.061111 0.000000 
50.000000 42.386709 35.057412 28.264352 22.202181 16.992398 12.679890 9.240590 6.597147 4.638407 3.238646 2.273532 1.631227 1.218425 0.962100 0.808248 0.718937 0.668770 0.641487 0.627115 0.619777 0.616144 0.614398 0.613584 0.613216 0.613053 0.612982 0.612950 0.612932 0.612912 0.612878 0.612809 0.612671 0.612400 0.611883 0.610926 0.609213 0.606243 0.601268 0.593218 0.580649 0.561740 0.534366 0.496292 0.445499 0.380631 0.301480 0.209385 0.107385 0.000000 
50.000000 42.451187 35.183959 28.448419 22.437568 17.271877 12.995855 9.585641 6.964543 5.022352 3.634410 2.677440 2.040551 1.631227 1.377061 1.224502 1.135942 1.086196 1.059142 1.044890 1.037614 1.034011 1.032280 1.031473 1.031107 1.030945 1.030875 1.030841 1.030819 1.030791 1.030739 1.030634 1.030420 1.029998 1.029189 1.027687 1.024984 1.020276 1.012342 0.999424 0.979123 0.948364 0.903502 0.840624 0.756095 0.647337 0.513726 0.357373 0.183480 0.000000 
50.000000 42.551498 35.380834 28.734783 22.803778 17.706692 13.487443 10.122491 7.536168 5.619733 4.250189 3.305896 2.677440 2.273532 2.022726 1.872184 1.784793 1.735703 1.709006 1.694942 1.687761 1.684205 1.682497 1.681701 1.681339 1.681179 1.681109 1.681074 1.681047 1.681008 1.680932 1.680776 1.680458 1.679828 1.678616 1.676354 1.672264 1.665098 1.652948 1.633030 1.601491 1.553319 1.482454 1.382231 1.246255 1.069719 0.851011 0.593228 0.304995 0.000000 
50.000000 42.702204 35.676617 29.165016 23.353980 18.359975 14.226034 10.929099 8.395038 6.517315 5.175423 4.250189 3.634410 3.238646 2.992894 2.845384 2.759752 2.711649 2.685489 2.671707 2.664671 2.661186 2.659513 2.658732 2.658378 2.658220 2.658150 2.658113 2.658080 2.658027 2.657921 2.657700 2.657247 2.656348 2.654611 2.651353 2.645429 2.634986 2.617159 2.587712 2.540692 2.468212 2.360521 2.206595 1.995444 1.718263 1.371242 0.958443 0.493666 0.000000 
50.000000 42.920754 36.105558 29.788941 24.151891 19.307388 15.297179 12.098902 9.640651 7.819086 6.517315 5.619733 5.022352 4.638407 4.399991 4.256882 4.173804 4.127135 4.101754 4.088383 4.081555 4.078175 4.076551 4.075793 4.075449 4.075296 4.075226 4.075186 4.075146 4.075077 4.074935 4.074636 4.074024 4.072800 4.070424 4.065947 4.057758 4.043229 4.018243 3.976623 3.909543 3.805058 3.648019 3.420736 3.104793 2.684358 2.150941 1.508793 0.779069 0.000000 
50.000000 43.226546 36.705727 30.661936 25.268339 20.633036 16.795974 13.735764 11.383613 9.640651 8.395038 7.536168 6.964543 6.597147 6.369004 6.232058 6.152557 6.107897 6.083607 6.070811 6.064277 6.061042 6.059487 6.058762 6.058433 6.058285 6.058217 6.058175 6.058128 6.058041 6.057859 6.057476 6.056687 6.055104 6.052018 6.046169 6.035407 6.016179 5.982849 5.926827 5.835593 5.691807 5.472822 5.151187 4.696867 4.081972 3.288441 2.317948 1.201060 0.000000 
50.000000 43.639190 37.515615 31.839992 26.774934 22.421955 18.818573 15.944708 13.735764 12.098902 10.929099 10.122491 9.585641 9.240590 9.026319 8.897698 8.823028 8.781081 8.758267 8.746247 8.740110 8.737071 8.735611 8.734929 8.734619 8.734480 8.734414 8.734371 8.734316 8.734213 8.733993 8.733528 8.732567 8.730630 8.726836 8.719608 8.706223 8.682138 8.640037 8.568578 8.450883 8.262943 7.972354 7.538129 6.912789 6.048367 4.907965 3.483219 1.814073 0.000000 
50.000000 44.176021 38.569246 33.372603 28.734977 24.749316 21.449974 18.818573 16.795974 15.297179 14.226034 13.487443 12.995855 12.679890 12.483678 12.365895 12.297515 12.259101 12.238208 12.227201 12.221580 12.218797 12.217459 12.216835 12.216551 12.216423 12.216361 12.216317 12.216257 12.216140 12.215891 12.215360 12.214258 12.212030 12.207645 12.199247 12.183598 12.155230 12.105212 12.019439 11.876443 11.644787 11.280444 10.724987 9.906234 8.744193 7.166386 5.136631 2.696201 0.000000 
50.000000 44.849096 39.890288 35.294200 31.192507 27.667416 24.749316 22.421955 20.633036 19.307388 18.359975 17.706692 17.271877 16.992398 16.818841 16.714655 16.654168 16.620188 16.601706 16.591968 16.586996 16.584533 16.583350 16.582798 16.582546 16.582432 16.582375 16.582333 16.582272 16.582148 16.581883 16.581318 16.580142 16.577753 16.573031 16.563941 16.546899 16.515782 16.460437 16.364531 16.202596 15.936168 15.509166 14.843081 13.833708 12.353269 10.265742 7.468130 3.970344 0.000000 
50.000000 45.662162 41.486092 37.615476 34.161204 31.192507 28.734977 26.774934 25.268339 24.151891 23.353980 22.803778 22.437568 22.202181 22.056002 21.968251 21.917304 21.888683 21.873115 21.864913 21.860724 21.858650 21.857653 21.857188 21.856976 21.856879 21.856830 21.856791 21.856733 21.856613 21.856355 21.855801 21.854646 21.852292 21.847620 21.838585 21.821550 21.790231 21.734059 21.635717 21.467533 21.186367 20.726566 19.990784 18.839238 17.080602 14.474863 10.774565 5.857034 0.000000 
50.000000 46.608207 43.342897 40.316419 37.615476 35.294200 33.372603 31.839992 30.661936 29.788941 29.165016 28.734783 28.448419 28.264352 28.150043 28.081422 28.041581 28.019199 28.007024 28.000610 27.997334 27.995712 27.994932 27.994568 27.994402 27.994326 27.994287 27.994255 27.994204 27.994100 27.993873 27.993387 27.992369 27.990290 27.986149 27.978108 27.962872 27.934693 27.883771 27.793774 27.638000 27.373495 26.932027 26.206217 25.028457 23.140613 20.158210 15.559234 8.816206 0.000000 
50.000000 47.668270 45.423492 43.342897 41.486092 39.890288 38.569246 37.515615 36.705727 36.105558 35.676617 35.380834 35.183959 35.057412 34.978823 34.931644 34.904253 34.888864 34.880493 34.876083 34.873831 34.872715 34.872179 34.871929 34.871815 34.871762 34.871735 34.871712 34.871674 34.871597 34.871428 34.871065 34.870303 34.868743 34.865630 34.859564 34.848027 34.826586 34.787606 34.718174 34.596764 34.387779 34.032397 33.432615 32.422158 30.711527 27.783663 22.711746 13.962573 0.000000 
50.000000 48.811985 47.668270 46.608207 45.662162 44.849096 44.176021 43.639190 43.226546 42.920754 42.702204 42.551498 42.451187 42.386709 42.346666 42.322627 42.308670 42.300829 42.296564 42.294317 42.293169 42.292601 42.292328 42.292200 42.292142 42.292115 42.292101 42.292089 42.292069 42.292027 42.291937 42.291743 42.291334 42.290497 42.288823 42.285555 42.279324 42.267707 42.246503 42.208538 42.141685 42.025486 41.825117 41.479820 40.878753 39.805128 37.792001 33.705697 24.405992 0.000000 
50.000000 50.000000 50.000000 50.000000 50.000000 50.000000 50.000000 50.000000 50.000000 50.000000 50.000000 50.000000 50.000000 50.000000 50.000000 50.000000 50.000000 50.000000 50.000000 50.000000 50.000000 50.000000 50.000000 50.000000 50.000000 50.000000 50.000000 50.000000 50.000000 50.000000 50.000000 50.000000 50.000000 50.000000 50.000000 50.000000 50.000000 50.000000 50.000000 50.000000 50.000000 50.000000 50.000000 50.000000 50.000000 50.000000 50.000000 50.000000 50.000000 50.000000 
