50.000000 50.000000 50.000000 50.000000 50.000000 50.000000 50.000000 50.000000 50.000000 50.000000 50.000000 50.000000 50.000000 50.000000 50.000000 50.000000 50.000000 50.000000 50.000000 50.000000 50.000000 50.000000 50.000000 50.000000 50.000000 50.000000 50.000000 50.000000 50.000000 50.000000 50.000000 50.000000 50.000000 50.000000 50.000000 50.000000 50.000000 50.000000 50.000000 50.000000 50.000000 50.000000 50.000000 50.000000 50.000000 50.000000 50.000000 50.000000 50.000000 50.000000 
50.000000 48.756290 47.561130 46.457389 45.477684 44.641714 43.955822 43.414547 43.003562 42.703198 42.491815 42.348501 42.254848 42.195827 42.159939 42.138872 42.126925 42.120377 42.116906 42.115126 42.114241 42.113816 42.113618 42.113528 42.113488 42.113470 42.113461 42.113453 42.113439 42.113410 42.113342 42.113194 42.112874 42.112202 42.110825 42.108074 42.102713 42.092512 42.073532 42.038938 41.977013 41.867762 41.676832 41.343888 40.758391 39.703657 37.712587 33.651065 24.378145 0.000000 
50.000000 47.561130 45.217466 43.053074 41.131914 39.492618 38.147621 37.086214 36.280300 35.691310 35.276808 34.995783 34.812139 34.696408 34.626037 34.584726 34.561301 34.548461 34.541656 34.538165 34.536431 34.535597 34.535208 34.535032 34.534954 34.534919 34.534902 34.534886 34.534861 34.534805 34.534680 34.534404 34.533809 34.532560 34.530006 34.524915 34.515019 34.496248 34.461460 34.398383 34.286266 34.090380 33.752796 33.176308 32.195208 30.520196 27.633922 22.608733 13.910065 0.000000 
50.000000 46.457389 43.053074 39.909169 37.118581 34.737425 32.783762 31.242032 30.071425 29.215909 28.613846 28.205661 27.938924 27.770830 27.668619 27.608619 27.574595 27.555948 27.546064 27.540994 27.538476 27.537265 27.536699 27.536444 27.536331 27.536281 27.536255 27.536234 27.536200 27.536125 27.535958 27.535590 27.534799 27.533142 27.529762 27.523046 27.510042 27.485492 27.440271 27.358915 27.215776 26.969083 26.551816 25.857680 24.719841 22.880431 19.954585 15.419152 8.744802 0.000000 
50.000000 45.477684 41.131914 37.118581 33.556287 30.516663 28.022764 26.054724 24.560439 23.468382 22.699862 22.178830 21.838354 21.623794 21.493332 21.416749 21.373322 21.349521 21.336906 21.330435 21.327222 21.325676 21.324955 21.324628 21.324484 21.324421 21.324389 21.324364 21.324324 21.324239 21.324050 21.323635 21.322743 21.320880 21.317092 21.309596 21.295154 21.268053 21.218507 21.130208 20.976711 20.716250 20.284580 19.585616 18.480475 16.778143 14.238150 10.611719 5.774027 0.000000 
50.000000 44.641714 39.492618 34.737425 30.516663 26.915206 23.960366 21.628598 19.858162 18.564302 17.653778 17.036481 16.633105 16.378912 16.224353 16.133626 16.082181 16.053986 16.039041 16.031377 16.027570 16.025739 16.024885 16.024498 16.024327 16.024252 16.024216 16.024189 16.024148 16.024061 16.023869 16.023448 16.022548 16.020673 16.016878 16.009401 15.995077 15.968381 15.919980 15.834601 15.688059 15.443334 15.045819 14.418330 13.457603 12.036189 10.017584 7.297410 3.883323 0.000000 
50.000000 43.955822 38.147621 32.783762 28.022764 23.960366 20.627370 17.997212 16.000239 14.540842 13.513838 12.817584 12.362621 12.075924 11.901605 11.799281 11.741261 11.709463 11.692610 11.683966 11.679674 11.677608 11.676645 11.676209 11.676017 11.675933 11.675893 11.675865 11.675826 11.675745 11.675566 11.675174 11.674340 11.672610 11.669121 11.662285 11.649266 11.625178 11.581881 11.506300 11.378207 11.167563 10.831771 10.313685 9.542036 8.437148 6.926082 4.971314 2.611934 0.000000 
50.000000 43.414547 37.086214 31.242032 26.054724 21.628598 17.997212 15.131613 12.955905 11.365906 10.247013 9.488474 8.992819 8.680486 8.490584 8.379114 8.315909 8.281271 8.262913 8.253497 8.248822 8.246573 8.245523 8.245049 8.244839 8.244749 8.244707 8.244679 8.244644 8.244573 8.244417 8.244079 8.243359 8.241873 8.238891 8.233077 8.222075 8.201866 8.165854 8.103626 7.999432 7.830529 7.565807 7.165440 6.582779 5.770144 4.690216 3.333418 1.737715 0.000000 
50.000000 43.003562 36.280300 30.071425 24.560439 19.858162 16.000239 12.955905 10.644516 8.955383 7.766745 6.960935 6.434400 6.102614 5.900888 5.782480 5.715343 5.678550 5.659050 5.649050 5.644084 5.641695 5.640581 5.640076 5.639854 5.639758 5.639715 5.639689 5.639659 5.639600 5.639473 5.639198 5.638616 5.637418 5.635024 5.630384 5.621657 5.605740 5.577612 5.529476 5.449779 5.322258 5.125376 4.832676 4.414828 3.844189 3.102341 2.189920 1.135800 0.000000 
50.000000 42.703198 35.691310 29.215909 23.468382 18.564302 14.540842 11.365906 8.955383 7.193825 5.954235 5.113895 4.564806 4.218814 4.008453 3.884980 3.814972 3.776606 3.756273 3.745846 3.740668 3.738177 3.737015 3.736490 3.736258 3.736159 3.736115 3.736090 3.736065 3.736019 3.735921 3.735710 3.735265 3.734353 3.732539 3.729040 3.722499 3.710651 3.689878 3.654648 3.596912 3.505605 3.366474 3.162634 2.876244 2.491671 2.000134 1.405044 0.726185 0.000000 
50.000000 42.491815 35.276808 28.613846 22.699862 17.653778 13.513838 10.247013 7.766745 5.954235 4.678806 3.814179 3.249228 2.893245 2.676815 2.549779 2.477753 2.438283 2.417365 2.406637 2.401310 2.398748 2.397553 2.397012 2.396774 2.396672 2.396628 2.396605 2.396585 2.396550 2.396479 2.396325 2.396002 2.395343 2.394038 2.391534 2.386879 2.378504 2.363925 2.339403 2.299588 2.237268 2.143387 2.007538 1.819177 1.569653 1.254931 0.878425 0.452878 0.000000 
50.000000 42.348501 34.995783 28.205661 22.178830 17.036481 12.817584 9.488474 6.960935 5.113895 3.814179 2.933098 2.357400 1.994650 1.774108 1.644661 1.571268 1.531049 1.509735 1.498804 1.493377 1.490766 1.489548 1.488998 1.488756 1.488652 1.488607 1.488586 1.488570 1.488545 1.488495 1.488388 1.488165 1.487711 1.486818 1.485111 1.481954 1.476309 1.466549 1.450255 1.424017 1.383323 1.322620 1.235703 1.116502 0.960323 0.765391 0.534324 0.274969 0.000000 
50.000000 42.254848 34.812139 27.938924 21.838354 16.633105 12.362621 8.992819 6.434400 4.564806 3.249228 2.357400 1.774687 1.407518 1.184292 1.053271 0.978987 0.938280 0.916707 0.905644 0.900151 0.897508 0.896276 0.895718 0.895474 0.895369 0.895324 0.895304 0.895291 0.895274 0.895240 0.895169 0.895022 0.894724 0.894139 0.893027 0.890982 0.887343 0.881091 0.870725 0.854155 0.828660 0.790953 0.737443 0.664724 0.570301 0.453432 0.315892 0.162335 0.000000 
50.000000 42.195827 34.696408 27.770830 21.623794 16.378912 12.075924 8.680486 6.102614 4.218814 2.893245 1.994650 1.407518 1.037569 0.812653 0.680641 0.605796 0.564782 0.543046 0.531900 0.526365 0.523703 0.522462 0.521900 0.521653 0.521548 0.521504 0.521485 0.521474 0.521462 0.521440 0.521395 0.521302 0.521115 0.520748 0.520055 0.518784 0.516537 0.512696 0.506366 0.496315 0.480957 0.458411 0.426658 0.383835 0.328640 0.260788 0.181389 0.093115 0.000000 
50.000000 42.159939 34.626037 27.668619 21.493332 16.224353 11.901606 8.490584 5.900888 4.008453 2.676815 1.774108 1.184292 0.812653 0.586711 0.454098 0.378912 0.337711 0.315877 0.304680 0.299121 0.296446 0.295199 0.294635 0.294388 0.294282 0.294238 0.294219 0.294210 0.294201 0.294188 0.294160 0.294104 0.293991 0.293771 0.293355 0.292598 0.291264 0.288997 0.285280 0.279413 0.270504 0.257506 0.239321 0.214952 0.183736 0.145573 0.101122 0.051866 0.000000 
50.000000 42.138872 34.584726 27.608619 21.416749 16.133626 11.799281 8.379114 5.782480 3.884980 2.549779 1.644661 1.053271 0.680641 0.454098 0.321132 0.245747 0.204437 0.182545 0.171319 0.165744 0.163063 0.161813 0.161247 0.160999 0.160893 0.160849 0.160831 0.160822 0.160816 0.160808 0.160792 0.160759 0.160693 0.160566 0.160327 0.159893 0.159132 0.157843 0.155742 0.152441 0.147456 0.140223 0.130160 0.116749 0.099657 0.078856 0.054720 0.028047 0.000000 
50.000000 42.126925 34.561301 27.574595 21.373322 16.082181 11.741261 8.315909 5.715343 3.814972 2.477753 1.571268 0.978987 0.605796 0.378912 0.245747 0.170248 0.128877 0.106952 0.095709 0.090126 0.087441 0.086189 0.085622 0.085374 0.085268 0.085224 0.085206 0.085198 0.085193 0.085188 0.085179 0.085161 0.085124 0.085053 0.084921 0.084681 0.084262 0.083557 0.082411 0.080619 0.077925 0.074036 0.068651 0.061507 0.052442 0.041453 0.028741 0.014723 0.000000 
50.000000 42.120377 34.548461 27.555948 21.349521 16.053986 11.709463 8.281271 5.678550 3.776606 2.438283 1.531050 0.938280 0.564782 0.337711 0.204437 0.128877 0.087471 0.065529 0.054277 0.048690 0.046002 0.044749 0.044182 0.043933 0.043827 0.043783 0.043765 0.043758 0.043754 0.043751 0.043746 0.043736 0.043716 0.043678 0.043607 0.043480 0.043258 0.042885 0.042281 0.041341 0.039935 0.037912 0.035123 0.031438 0.026779 0.021149 0.014652 0.007502 0.000000 
50.000000 42.116906 34.541656 27.546064 21.336906 16.039042 11.692610 8.262913 5.659051 3.756274 2.417365 1.509735 0.916707 0.543047 0.315877 0.182545 0.106952 0.065529 0.043577 0.032320 0.026730 0.024042 0.022788 0.022221 0.021972 0.021866 0.021822 0.021804 0.021797 0.021794 0.021792 0.021789 0.021784 0.021773 0.021754 0.021717 0.021652 0.021538 0.021347 0.021040 0.020564 0.019853 0.018835 0.017436 0.015593 0.013272 0.010473 0.007252 0.003712 0.000000 
50.000000 42.115126 34.538165 27.540994 21.330436 16.031377 11.683966 8.253498 5.649050 3.745846 2.406637 1.498805 0.905644 0.531900 0.304681 0.171319 0.095709 0.054277 0.032320 0.021061 0.015470 0.012781 0.011527 0.010959 0.010710 0.010604 0.010560 0.010543 0.010536 0.010533 0.010531 0.010530 0.010527 0.010522 0.010512 0.010494 0.010461 0.010405 0.010311 0.010159 0.009925 0.009578 0.009081 0.008401 0.007508 0.006386 0.005036 0.003485 0.001783 0.000000 
50.000000 42.114242 34.536432 27.538477 21.327223 16.027571 11.679675 8.248823 5.644085 3.740669 2.401312 1.493378 0.900152 0.526367 0.299122 0.165746 0.090128 0.048691 0.026732 0.015471 0.009880 0.007190 0.005936 0.005369 0.005120 0.005014 0.004970 0.004952 0.004945 0.004942 0.004941 0.004940 0.004939 0.004936 0.004931 0.004922 0.004907 0.004880 0.004835 0.004763 0.004651 0.004487 0.004252 0.003931 0.003511 0.002984 0.002352 0.001627 0.000832 0.000000 
50.000000 42.113817 34.535598 27.537267 21.325678 16.025742 11.677612 8.246576 5.641699 3.738181 2.398752 1.490770 0.897512 0.523707 0.296450 0.163067 0.087445 0.046006 0.024046 0.012784 0.007193 0.004503 0.003249 0.002681 0.002432 0.002326 0.002282 0.002265 0.002258 0.002255 0.002254 0.002253 0.002253 0.002251 0.002249 0.002245 0.002238 0.002225 0.002204 0.002171 0.002120 0.002044 0.001936 0.001789 0.001597 0.001357 0.001069 0.000739 0.000378 0.000000 
50.000000 42.113619 34.535212 27.536705 21.324961 16.024892 11.676654 8.245533 5.640591 3.737026 2.397563 1.489559 0.896287 0.522473 0.295210 0.161824 0.086200 0.044760 0.022799 0.011537 0.005945 0.003256 0.002001 0.001434 0.001185 0.001079 0.001035 0.001017 0.001010 0.001008 0.001007 0.001006 0.001006 0.001005 0.001004 0.001002 0.000999 0.000993 0.000984 0.000969 0.000946 0.000911 0.000863 0.000797 0.000711 0.000604 0.000476 0.000329 0.000168 0.000000 
50.000000 42.113532 34.535041 27.536457 21.324645 16.024518 11.676232 8.245073 5.640102 3.736517 2.397040 1.489026 0.895747 0.521929 0.294664 0.161276 0.085651 0.044211 0.022250 0.010988 0.005396 0.002706 0.001452 0.000885 0.000636 0.000529 0.000485 0.000468 0.000461 0.000458 0.000457 0.000457 0.000456 0.000456 0.000456 0.000455 0.000453 0.000451 0.000446 0.000439 0.000429 0.000413 0.000391 0.000361 0.000322 0.000273 0.000215 0.000149 0.000076 0.000000 
50.000000 42.113500 34.534977 27.536365 21.324527 16.024378 11.676074 8.244902 5.639920 3.736327 2.396844 1.488827 0.895545 0.521726 0.294460 0.161071 0.085446 0.044006 0.022045 0.010783 0.005191 0.002501 0.001247 0.000679 0.000430 0.000324 0.000280 0.000263 0.000256 0.000253 0.000252 0.000252 0.000252 0.000251 0.000251 0.000251 0.000250 0.000248 0.000246 0.000242 0.000236 0.000227 0.000215 0.000199 0.000177 0.000150 0.000118 0.000082 0.000042 0.000000 
50.000000 42.113500 34.534977 27.536365 21.324527 16.024378 11.676074 8.244902 5.639920 3.736327 2.396844 1.488827 0.895545 0.521726 0.294460 0.161071 0.085446 0.044006 0.022045 0.010783 0.005191 0.002501 0.001247 0.000679 0.000430 0.000324 0.000280 0.000263 0.000256 0.000253 0.000252 0.000252 0.000252 0.000251 0.000251 0.000251 0.000250 0.000248 0.000246 0.000242 0.000236 0.000227 0.000215 0.000199 0.000177 0.000150 0.000118 0.000082 0.000042 0.000000 
50.000000 42.113532 34.535041 27.536457 21.324645 16.024518 11.676232 8.245073 5.640102 3.736517 2.397040 1.489026 0.895747 0.521929 0.294664 0.161276 0.085651 0.044211 0.022250 0.010988 0.005396 0.002706 0.001452 0.000885 0.000636 0.000529 0.000485 0.000468 0.000461 0.000458 0.000457 0.000457 0.000456 0.000456 0.000456 0.000455 0.000453 0.000451 0.000446 0.000439 0.000429 0.000413 0.000391 0.000361 0.000322 0.000273 0.000215 0.000149 0.000076 0.000000 
50.000000 42.113619 34.535212 27.536705 21.324961 16.024892 11.676654 8.245533 5.640591 3.737026 2.397563 1.489559 0.896287 0.522473 0.295210 0.161824 0.086200 0.044760 0.022799 0.011537 0.005945 0.003256 0.002001 0.001434 0.001185 0.001079 0.001035 0.001017 0.001010 0.001008 0.001007 0.001006 0.001006 0.001005 0.001004 0.001002 0.000999 0.000993 0.000984 0.000969 0.000946 0.000911 0.000863 0.000797 0.000711 0.000604 0.000476 0.000329 0.000168 0.000000 
50.000000 42.113817 34.535598 27.537267 21.325678 16.025742 11.677612 8.246576 5.641699 3.738181 2.398752 1.490770 0.897512 0.523707 0.296450 0.163067 0.087445 0.046006 0.024046 0.012784 0.007193 0.004503 0.003249 0.002681 0.002432 0.002326 0.002282 0.002265 0.002258 0.002255 0.002254 0.002253 0.002253 0.002251 0.002249 0.002245 0.002238 0.002225 0.002204 0.002171 0.002120 0.002044 0.001936 0.001789 0.001597 0.001357 0.001069 0.000739 0.000378 0.000000 
50.000000 42.114242 34.536432 27.538477 21.327223 16.027571 11.679675 8.248823 5.644085 3.740669 2.401312 1.493378 0.900152 0.526367 0.299122 0.165746 0.090128 0.048691 0.026732 0.015471 0.009880 0.007190 0.005936 0.005369 0.005120 0.005014 0.004970 0.004952 0.004945 0.004942 0.004941 0.004940 0.004939 0.004936 0.004931 0.004922 0.004907 0.004880 0.004835 0.004763 0.004651 0.004487 0.004252 0.003931 0.003511 0.002984 0.002352 0.001627 0.000832 0.000000 
50.000000 42.115126 34.538165 27.540994 21.330436 16.031377 11.683966 8.253498 5.649050 3.745846 2.406637 1.498805 0.905644 0.531900 0.304681 0.171319 0.095709 0.054277 0.032320 0.021061 0.015470 0.012781 0.011527 0.010959 0.010710 0.010604 0.010560 0.010543 0.010536 0.010533 0.010531 0.010530 0.010527 0.010522 0.010512 0.010494 0.010461 0.010405 0.010311 0.010159 0.009925 0.009578 0.009081 0.008401 0.007508 0.006386 0.005036 0.003485 0.001783 0.000000 
50.000000 42.116906 34.541656 27.546064 21.336906 16.039042 11.692610 8.262913 5.659051 3.756274 2.417365 1.509735 0.916707 0.543047 0.315877 0.182545 0.106952 0.065529 0.043577 0.032320 0.026730 0.024042 0.022788 0.022221 0.021972 0.021866 0.021822 0.021804 0.021797 0.021794 0.021792 0.021789 0.021784 0.021773 0.021754 0.021717 0.021652 0.021538 0.021347 0.021040 0.020564 0.019853 0.018835 0.017436 0.015593 0.013272 0.010473 0.007252 0.003712 0.000000 
50.000000 42.120377 34.548461 27.555948 21.349521 16.053986 11.709463 8.281271 5.678550 3.776606 2.438283 1.531050 0.938280 0.564782 0.337711 0.204437 0.128877 0.087471 0.065529 0.054277 0.048690 0.046002 0.044749 0.044182 0.043933 0.043827 0.043783 0.043765 0.043758 0.043754 0.043751 0.043746 0.043736 0.043716 0.043678 0.043607 0.043480 0.043258 0.042885 0.042281 0.041341 0.039935 0.037912 0.035123 0.031438 0.026779 0.021149 0.014652 0.007502 0.000000 
50.000000 42.126925 34.561301 27.574595 21.373322 16.082181 11.741261 8.315909 5.715343 3.814972 2.477753 1.571268 0.978987 0.605796 0.378912 0.245747 0.170248 0.128877 0.106952 0.095709 0.090126 0.087441 0.086189 0.085622 0.085374 0.085268 0.085224 0.085206 0.085198 0.085193 0.085188 0.085179 0.085161 0.085124 0.085053 0.084921 0.084681 0.084262 0.083557 0.082411 0.080619 0.077925 0.074036 0.068651 0.061507 0.052442 0.041453 0.028741 0.014723 0.000000 
50.000000 42.138872 34.584726 27.608619 21.416749 16.133626 11.799281 8.379114 5.782480 3.884980 2.549779 1.644661 1.053271 0.680641 0.454098 0.321132 0.245747 0.204437 0.182545 0.171319 0.165744 0.163063 0.161813 0.161247 0.160999 0.160893 0.160849 0.160831 0.160822 0.160816 0.160808 0.160792 0.160759 0.160693 0.160566 0.160327 0.159893 0.159132 0.157843 0.155742 0.152441 0.147456 0.140223 0.130160 0.116749 0.099657 0.078856 0.054720 0.028047 0.000000 
50.000000 42.159939 34.626037 27.668619 21.493332 16.224353 11.901606 8.490584 5.900888 4.008453 2.676815 1.774108 1.184292 0.812653 0.586711 0.454098 0.378912 0.337711 0.315877 0.304680 0.299121 0.296446 0.295199 0.294635 0.294388 0.294282 0.294238 0.294219 0.294210 0.294201 0.294188 0.294160 0.294104 0.293991 0.293771 0.293355 0.292598 0.291264 0.288997 0.285280 0.279413 0.270504 0.257506 0.239321 0.214952 0.183736 0.145573 0.101122 0.051866 0.000000 
50.000000 42.195827 34.696408 27.770830 21.623794 16.378912 12.075924 8.680486 6.102614 4.218814 2.893245 1.994650 1.407518 1.037569 0.812653 0.680641 0.605796 0.564782 0.543046 0.531900 0.526365 0.523703 0.522462 0.521900 0.521653 0.521548 0.521504 0.521485 0.521474 0.521462 0.521440 0.521395 0.521302 0.521115 0.520748 0.520055 0.518784 0.516537 0.512696 0.506366 0.496315 0.480957 0.458411 0.426658 0.383835 0.328640 0.260788 0.181389 0.093115 0.000000 
50.000000 42.254848 34.812139 27.938924 21.838354 16.633105 12.362621 8.992819 6.434400 4.564806 3.249228 2.357400 1.774687 1.407518 1.184292 1.053271 0.978987 0.938280 0.916707 0.905644 0.900151 0.897508 0.896276 0.895718 0.895474 0.895369 0.895324 0.895304 0.895291 0.895274 0.895240 0.895169 0.895022 0.894724 0.894139 0.893027 0.890982 0.887343 0.881091 0.870725 0.854155 0.828660 0.790953 0.737443 0.664724 0.570301 0.453432 0.315892 0.162335 0.000000 
50.000000 42.348501 34.995783 28.205661 22.178830 17.036481 12.817584 9.488474 6.960935 5.113895 3.814179 2.933098 2.357400 1.994650 1.774108 1.644661 1.571268 1.531049 1.509735 1.498804 1.493377 1.490766 1.489548 1.488998 1.488756 1.488652 1.488607 1.488586 1.488570 1.488545 1.488495 1.488388 1.488165 1.487711 1.486818 1.485111 1.481954 1.476309 1.466549 1.450255 1.424017 1.383323 1.322620 1.235703 1.116502 0.960323 0.765391 0.534324 0.274969 0.000000 
50.000000 42.491815 35.276808 28.613846 22.699862 17.653778 13.513838 10.247013 7.766745 5.954235 4.678806 3.814179 3.249228 2.893245 2.676815 2.549779 2.477753 2.438283 2.417365 2.406637 2.401310 2.398748 2.397553 2.397012 2.396774 2.396672 2.396628 2.396605 2.396585 2.396550 2.396479 2.396325 2.396002 2.395343 2.394038 2.391534 2.386879 2.378504 2.363925 2.339403 2.299588 2.237268 2.143387 2.007538 1.819177 1.569653 1.254931 0.878425 0.452878 0.000000 
50.000000 42.703198 35.691310 29.215909 23.468382 18.564302 14.540842 11.365906 8.955383 7.193825 5.954235 5.113895 4.564806 4.218814 4.008453 3.884980 3.814972 3.776606 3.756273 3.745846 3.740668 3.738177 3.737015 3.736490 3.736258 3.736159 3.736115 3.736090 3.736065 3.736019 3.735921 3.735710 3.735265 3.734353 3.732539 3.729040 3.722499 3.710651 3.689878 3.654648 3.596912 3.505605 3.366474 3.162634 2.876244 2.491671 2.000134 1.405044 0.726185 0.000000 
50.000000 43.003562 36.280300 30.071425 24.560439 19.858162 16.000239 12.955905 10.644516 8.955383 7.766745 6.960935 6.434400 6.102614 5.900888 5.782480 5.715343 5.678550 5.659050 5.649050 5.644084 5.641695 5.640581 5.640076 5.639854 5.639758 5.639715 5.639689 5.639659 5.639600 5.639473 5.639198 5.638616 5.637418 5.635024 5.630384 5.621657 5.605740 5.577612 5.529476 5.449779 5.322258 5.125376 4.832676 4.414828 3.844189 3.102341 2.189920 1.135800 0.000000 
50.000000 43.414547 37.086214 31.242032 26.054724 21.628598 17.997212 15.131613 12.955905 11.365906 10.247013 9.488474 8.992819 8.680486 8.490584 8.379114 8.315909 8.281271 8.262913 8.253497 8.248822 8.246573 8.245523 8.245049 8.244839 8.244749 8.244707 8.244679 8.244644 8.244573 8.244417 8.244079 8.243359 8.241873 8.238891 8.233077 8.222075 8.201866 8.165854 8.103626 7.999432 7.830529 7.565807 7.165440 6.582779 5.770144 4.690216 3.333418 1.737715 0.000000 
50.000000 43.955822 38.147621 32.783762 28.022764 23.960366 20.627370 17.997212 16.000239 14.540842 13.513838 12.817584 12.362621 12.075924 11.901605 11.799281 11.741261 11.709463 11.692610 11.683966 11.679674 11.677608 11.676645 11.676209 11.676017 11.675933 11.675893 11.675865 11.675826 11.675745 11.675566 11.675174 11.674340 11.672610 11.669121 11.662285 11.649266 11.625178 11.581881 11.506300 11.378207 11.167563 10.831771 10.313685 9.542036 8.437148 6.926082 4.971314 2.611934 0.000000 
50.000000 44.641714 39.492618 34.737425 30.516663 26.915206 23.960366 21.628598 19.858162 18.564302 17.653778 17.036481 16.633105 16.378912 16.224353 16.133626 16.082181 16.053986 16.039041 16.031377 16.027570 16.025739 16.024885 16.024498 16.024327 16.024252 16.024216 16.024189 16.024148 16.024061 16.023869 16.023448 16.022548 16.020673 16.016878 16.009401 15.995077 15.968381 15.919980 15.834601 15.688059 15.443334 15.045819 14.418330 13.457603 12.036189 10.017584 7.297410 3.883323 0.000000 
50.000000 45.477684 41.131914 37.118581 33.556287 30.516663 28.022764 26.054724 24.560439 23.468382 22.699862 22.178830 21.838354 21.623794 21.493332 21.416749 21.373322 21.349521 21.336906 21.330435 21.327222 21.325676 21.324955 21.324628 21.324484 21.324421 21.324389 21.324364 21.324324 21.324239 21.324050 21.323635 21.322743 21.320880 21.317092 21.309596 21.295154 21.268053 21.218507 21.130208 20.976711 20.716250 20.284580 19.585616 18.480475 16.778143 14.238150 10.611719 5.774027 0.000000 
50.000000 46.457389 43.053074 39.909169 37.118581 34.737425 32.783762 31.242032 30.071425 29.215909 28.613846 28.205661 27.938924 27.770830 27.668619 27.608619 27.574595 27.555948 27.546064 27.540994 27.538476 27.537265 27.536699 27.536444 27.536331 27.536281 27.536255 27.536234 27.536200 27.536125 27.535958 27.535590 27.534799 27.533142 27.529762 27.523046 27.510042 27.485492 27.440271 27.358915 27.215776 26.969083 26.551816 25.857680 24.719841 22.880431 19.954585 15.419152 8.744802 0.000000 
50.000000 47.561130 45.217466 43.053074 41.131914 39.492618 38.147621 37.086214 36.280300 35.691310 35.276808 34.995783 34.812139 34.696408 34.626037 34.584726 34.561301 34.548461 34.541656 34.538165 34.536431 34.535597 34.535208 34.535032 34.534954 34.534919 34.534902 34.534886 34.534861 34.534805 34.534680 34.534404 34.533809 34.532560 34.530006 34.524915 34.515019 34.496248 34.461460 34.398383 34.286266 34.090380 33.752796 33.176308 32.195208 30.520196 27.633922 22.608733 13.910065 0.000000 
50.000000 48.756290 47.561130 46.457389 45.477684 44.641714 43.955822 43.414547 43.003562 42.703198 42.491815 42.348501 42.254848 42.195827 42.159939 42.138872 42.126925 42.120377 42.116906 42.115126 42.114241 42.113816 42.113618 42.113528 42.113488 42.113470 42.113461 42.113453 42.113439 42.113410 42.113342 42.113194 42.112874 42.112202 42.110825 42.108074 42.102713 42.092512 42.073532 42.038938 41.977013 41.867762 41.676832 41.343888 40.758391 39.703657 37.712587 33.651065 24.378145 0.000000 
50.000000 50.000000 50.000000 50.000000 50.000000 50.000000 50.000000 50.000000 50.000000 50.000000 50.000000 50.000000 50.000000 50.000000 50.000000 50.000000 50.000000 50.000000 50.000000 50.000000 50.000000 50.000000 50.000000 50.000000 50.000000 50.000000 50.000000 50.000000 50.000000 50.000000 50.000000 50.000000 50.000000 50.000000 50.000000 50.000000 50.000000 50.000000 50.000000 50.000000 50.000000 50.000000 50.000000 50.000000 50.000000 50.000000 50.000000 50.000000 50.000000 50.000000 
