50.000000 50.000000 50.000000 50.000000 50.000000 50.000000 50.000000 50.000000 50.000000 50.000000 50.000000 50.000000 50.000000 50.000000 50.000000 50.000000 50.000000 50.000000 50.000000 50.000000 50.000000 50.000000 50.000000 50.000000 50.000000 50.000000 50.000000 50.000000 50.000000 50.000000 50.000000 50.000000 50.000000 50.000000 50.000000 50.000000 50.000000 50.000000 50.000000 50.000000 50.000000 50.000000 50.000000 50.000000 50.000000 50.000000 50.000000 50.000000 50.000000 50.000000 
50.000000 48.473658 47.020421 45.702900 44.565236 43.629279 42.895316 42.346405 41.954657 41.687670 41.513781 41.405461 41.340873 41.303977 41.283766 41.273141 41.267775 41.265169 41.263952 41.263404 41.263166 41.263066 41.263026 41.263010 41.263004 41.263002 41.263001 41.263000 41.262998 41.262992 41.262976 41.262938 41.262842 41.262616 41.262095 41.260929 41.258402 41.253081 41.242193 41.220510 41.178392 41.098328 40.948682 40.671754 40.159109 39.195153 37.312396 33.374573 24.236829 0.000000 
50.000000 47.020421 44.183551 41.611622 39.390796 37.563731 36.130983 35.059477 34.294767 33.773603 33.434169 33.222731 33.096658 33.024638 32.985189 32.964449 32.953975 32.948889 32.946513 32.945443 32.944979 32.944785 32.944707 32.944676 32.944664 32.944660 32.944658 32.944656 32.944652 32.944641 32.944613 32.944541 32.944367 32.943953 32.943001 32.940877 32.936282 32.926639 32.906988 32.868064 32.792992 32.651693 32.391315 31.919574 31.074704 29.569433 26.885681 22.091776 13.645848 0.000000 
50.000000 45.702900 41.611622 37.902449 34.699646 32.064731 29.998501 28.453252 27.350455 26.598888 26.109401 25.804498 25.622697 25.518846 25.461961 25.432055 25.416953 25.409620 25.406194 25.404652 25.403983 25.403703 25.403590 25.403545 25.403529 25.403522 25.403519 25.403517 25.403511 25.403497 25.403460 25.403368 25.403142 25.402606 25.401378 25.398645 25.392757 25.380460 25.355554 25.306607 25.213173 25.039712 24.726013 24.172376 23.217249 21.605482 18.951225 14.725941 8.390504 0.000000 
50.000000 44.565236 39.390796 34.699646 30.648952 27.316516 24.703339 22.749076 21.354402 20.403933 19.784916 19.399336 19.169437 19.038113 18.966181 18.928367 18.909271 18.899999 18.895667 18.893718 18.892872 18.892518 18.892375 18.892319 18.892298 18.892290 18.892286 18.892283 18.892277 18.892261 18.892221 18.892120 18.891874 18.891292 18.889962 18.887017 18.880701 18.867590 18.841233 18.789921 18.693141 18.516228 18.202699 17.663986 16.767217 15.324476 13.094165 9.821363 5.370082 0.000000 
50.000000 43.629279 37.563731 32.064731 27.316516 23.410282 20.347194 18.056501 16.421760 15.307709 14.582170 14.130249 13.860803 13.706892 13.622591 13.578276 13.555898 13.545033 13.539957 13.537672 13.536681 13.536266 13.536099 13.536033 13.536008 13.535999 13.535995 13.535992 13.535986 13.535971 13.535932 13.535834 13.535596 13.535036 13.533760 13.530949 13.524953 13.512590 13.487943 13.440442 13.351971 13.192772 12.916172 12.452668 11.705141 10.549298 8.847482 6.489027 3.470169 0.000000 
50.000000 42.895316 36.130983 29.998501 24.703339 20.347194 16.931353 14.376899 12.553961 11.311682 10.502653 9.998740 9.698303 9.526695 9.432704 9.383297 9.358348 9.346235 9.340576 9.338030 9.336925 9.336462 9.336276 9.336203 9.336175 9.336165 9.336160 9.336157 9.336152 9.336138 9.336104 9.336018 9.335809 9.335318 9.334206 9.331767 9.326597 9.316010 9.295083 9.255163 9.181727 9.051560 8.829521 8.465677 7.894526 7.039353 5.826126 4.211408 2.223562 0.000000 
50.000000 42.346405 35.059477 28.453252 22.749076 18.056501 14.376899 11.625242 9.661609 8.323478 7.452044 6.909277 6.585682 6.400852 6.299622 6.246411 6.219543 6.206499 6.200405 6.197662 6.196473 6.195975 6.195774 6.195695 6.195665 6.195654 6.195650 6.195647 6.195642 6.195631 6.195603 6.195533 6.195363 6.194967 6.194073 6.192121 6.188010 6.179650 6.163262 6.132309 6.076034 5.977667 5.812621 5.547378 5.140329 4.546376 3.727238 2.668162 1.397722 0.000000 
50.000000 41.954657 34.294767 27.350455 21.354402 16.421760 12.553961 9.661609 7.597607 6.191105 5.275166 4.704690 4.364585 4.170329 4.063940 4.008018 3.979782 3.966075 3.959671 3.956789 3.955539 3.955016 3.954805 3.954722 3.954691 3.954679 3.954675 3.954672 3.954669 3.954660 3.954639 3.954586 3.954458 3.954160 3.953490 3.952036 3.948990 3.942842 3.930884 3.908508 3.868265 3.798803 3.683942 3.502401 3.228988 2.838173 2.310743 1.643075 0.856328 0.000000 
50.000000 41.687670 33.773603 26.598888 20.403933 15.307709 11.311682 8.323478 6.191105 4.738037 3.791788 3.202446 2.851100 2.650430 2.540529 2.482764 2.453597 2.439438 2.432824 2.429847 2.428556 2.428016 2.427798 2.427712 2.427680 2.427668 2.427664 2.427661 2.427659 2.427653 2.427637 2.427600 2.427509 2.427299 2.426829 2.425813 2.423698 2.419455 2.411266 2.396074 2.369018 2.322840 2.247444 2.129956 1.955738 1.710793 1.385715 0.980611 0.509278 0.000000 
50.000000 41.513781 33.434169 26.109401 19.784916 14.582170 10.502653 7.452044 5.275166 3.791788 2.825816 2.224199 1.865541 1.660698 1.548514 1.489550 1.459779 1.445327 1.438575 1.435537 1.434220 1.433668 1.433445 1.433358 1.433325 1.433313 1.433309 1.433307 1.433305 1.433301 1.433291 1.433265 1.433205 1.433065 1.432754 1.432086 1.430701 1.427940 1.422648 1.412908 1.395714 1.366658 1.319735 1.247489 1.141728 0.994995 0.802794 0.566106 0.293271 0.000000 
50.000000 41.405461 33.222731 25.804498 19.399336 14.130249 9.998740 6.909277 4.704690 3.202446 2.224199 1.614945 1.251738 1.044300 0.930697 0.870987 0.840840 0.826206 0.819369 0.816293 0.814959 0.814401 0.814175 0.814087 0.814053 0.814041 0.814037 0.814035 0.814034 0.814031 0.814024 0.814008 0.813970 0.813883 0.813688 0.813272 0.812414 0.810712 0.807472 0.801551 0.791180 0.773806 0.746014 0.703657 0.642306 0.558103 0.448943 0.315743 0.163269 0.000000 
50.000000 41.340873 33.096658 25.622697 19.169437 13.860803 9.698303 6.585682 4.364585 2.851100 1.865541 1.251738 0.885823 0.676840 0.562392 0.502239 0.471868 0.457126 0.450239 0.447140 0.445796 0.445233 0.445006 0.444917 0.444884 0.444872 0.444867 0.444865 0.444864 0.444863 0.444859 0.444849 0.444826 0.444774 0.444659 0.444412 0.443907 0.442912 0.441026 0.437601 0.431645 0.421743 0.406032 0.382292 0.348212 0.301847 0.242237 0.170019 0.087793 0.000000 
50.000000 41.303977 33.024638 25.518846 19.038113 13.706892 9.526695 6.400852 4.170329 2.650430 1.660698 1.044300 0.676840 0.466975 0.352046 0.291640 0.261142 0.246338 0.239422 0.236310 0.234961 0.234396 0.234168 0.234079 0.234045 0.234033 0.234028 0.234027 0.234026 0.234025 0.234022 0.234017 0.234004 0.233974 0.233909 0.233771 0.233488 0.232932 0.231886 0.229997 0.226732 0.221339 0.212843 0.200099 0.181939 0.157412 0.126089 0.088356 0.045575 0.000000 
50.000000 41.283766 32.985189 25.461961 18.966181 13.622591 9.432704 6.299622 4.063940 2.540529 1.548514 0.930697 0.562392 0.352046 0.236853 0.176309 0.145742 0.130904 0.123972 0.120853 0.119501 0.118935 0.118706 0.118617 0.118583 0.118571 0.118566 0.118565 0.118564 0.118563 0.118562 0.118559 0.118552 0.118536 0.118501 0.118426 0.118275 0.117979 0.117425 0.116429 0.114716 0.111904 0.107501 0.100937 0.091642 0.079164 0.063316 0.044311 0.022837 0.000000 
50.000000 41.273141 32.964449 25.432055 18.928367 13.578276 9.383297 6.246411 4.008018 2.482764 1.489550 0.870987 0.502239 0.291640 0.176309 0.115693 0.085089 0.070233 0.063294 0.060171 0.058817 0.058250 0.058021 0.057932 0.057898 0.057886 0.057881 0.057880 0.057879 0.057879 0.057878 0.057876 0.057873 0.057865 0.057846 0.057808 0.057731 0.057580 0.057299 0.056796 0.055935 0.054529 0.052338 0.049090 0.044516 0.038404 0.030678 0.021448 0.011046 0.000000 
50.000000 41.267775 32.953975 25.416953 18.909271 13.555898 9.358348 6.219543 3.979782 2.453597 1.459779 0.840840 0.471868 0.261142 0.145742 0.085089 0.054467 0.039602 0.032658 0.029534 0.028179 0.027612 0.027383 0.027293 0.027260 0.027247 0.027243 0.027241 0.027241 0.027240 0.027240 0.027239 0.027238 0.027233 0.027224 0.027206 0.027168 0.027094 0.026957 0.026714 0.026298 0.025623 0.024575 0.023030 0.020862 0.017979 0.014347 0.010022 0.005159 0.000000 
50.000000 41.265169 32.948889 25.409620 18.899999 13.545033 9.346235 6.206499 3.966075 2.439438 1.445327 0.826206 0.457126 0.246338 0.130904 0.070233 0.039602 0.024733 0.017787 0.014662 0.013307 0.012740 0.012510 0.012421 0.012387 0.012375 0.012370 0.012369 0.012368 0.012368 0.012368 0.012367 0.012367 0.012365 0.012360 0.012352 0.012334 0.012299 0.012235 0.012122 0.011929 0.011617 0.011135 0.010427 0.009437 0.008126 0.006479 0.004522 0.002327 0.000000 
50.000000 41.263952 32.946513 25.406194 18.895667 13.539957 9.340576 6.200405 3.959671 2.432824 1.438575 0.819369 0.450239 0.239422 0.123972 0.063294 0.032658 0.017787 0.010841 0.007715 0.006359 0.005792 0.005563 0.005473 0.005440 0.005427 0.005423 0.005421 0.005421 0.005421 0.005421 0.005420 0.005420 0.005419 0.005417 0.005413 0.005405 0.005390 0.005361 0.005310 0.005224 0.005085 0.004872 0.004559 0.004123 0.003547 0.002826 0.001972 0.001014 0.000000 
50.000000 41.263404 32.945443 25.404652 18.893718 13.537672 9.338030 6.197662 3.956789 2.429847 1.435537 0.816293 0.447140 0.236310 0.120854 0.060171 0.029534 0.014662 0.007715 0.004589 0.003234 0.002666 0.002437 0.002348 0.002314 0.002301 0.002297 0.002295 0.002295 0.002295 0.002295 0.002295 0.002294 0.002294 0.002293 0.002291 0.002288 0.002281 0.002269 0.002247 0.002210 0.002150 0.002059 0.001926 0.001741 0.001497 0.001192 0.000831 0.000427 0.000000 
50.000000 41.263166 32.944979 25.403983 18.892872 13.536681 9.336925 6.196473 3.955539 2.428556 1.434220 0.814959 0.445796 0.234961 0.119501 0.058817 0.028179 0.013307 0.006360 0.003234 0.001878 0.001311 0.001081 0.000992 0.000958 0.000946 0.000941 0.000940 0.000939 0.000939 0.000939 0.000939 0.000939 0.000939 0.000938 0.000938 0.000936 0.000933 0.000928 0.000919 0.000904 0.000879 0.000841 0.000787 0.000711 0.000611 0.000486 0.000339 0.000174 0.000000 
50.000000 41.263066 32.944785 25.403703 18.892518 13.536267 9.336463 6.195975 3.955016 2.428016 1.433668 0.814401 0.445234 0.234396 0.118935 0.058250 0.027612 0.012740 0.005792 0.002667 0.001311 0.000743 0.000514 0.000425 0.000391 0.000378 0.000374 0.000373 0.000372 0.000372 0.000372 0.000372 0.000372 0.000372 0.000372 0.000371 0.000371 0.000370 0.000367 0.000364 0.000358 0.000348 0.000333 0.000311 0.000281 0.000241 0.000192 0.000134 0.000069 0.000000 
50.000000 41.263026 32.944707 25.403590 18.892375 13.536099 9.336276 6.195774 3.954805 2.427798 1.433446 0.814176 0.445007 0.234169 0.118707 0.058022 0.027384 0.012511 0.005564 0.002438 0.001082 0.000515 0.000285 0.000196 0.000162 0.000150 0.000145 0.000144 0.000143 0.000143 0.000143 0.000143 0.000143 0.000143 0.000143 0.000143 0.000143 0.000142 0.000141 0.000140 0.000138 0.000134 0.000128 0.000119 0.000108 0.000093 0.000074 0.000051 0.000026 0.000000 
50.000000 41.263011 32.944677 25.403547 18.892320 13.536035 9.336204 6.195697 3.954724 2.427714 1.433361 0.814089 0.444920 0.234081 0.118619 0.057934 0.027296 0.012423 0.005476 0.002350 0.000994 0.000427 0.000197 0.000108 0.000074 0.000062 0.000057 0.000056 0.000055 0.000055 0.000055 0.000055 0.000055 0.000055 0.000055 0.000055 0.000055 0.000055 0.000054 0.000054 0.000053 0.000051 0.000049 0.000046 0.000041 0.000036 0.000028 0.000020 0.000010 0.000000 
50.000000 41.263006 32.944667 25.403532 18.892302 13.536013 9.336180 6.195671 3.954697 2.427686 1.433332 0.814060 0.444890 0.234052 0.118590 0.057905 0.027266 0.012394 0.005446 0.002320 0.000965 0.000397 0.000168 0.000078 0.000045 0.000032 0.000028 0.000026 0.000026 0.000026 0.000026 0.000026 0.000026 0.000026 0.000026 0.000026 0.000026 0.000025 0.000025 0.000025 0.000025 0.000024 0.000023 0.000021 0.000019 0.000016 0.000013 0.000009 0.000005 0.000000 
50.000000 41.263006 32.944667 25.403532 18.892302 13.536013 9.336180 6.195671 3.954697 2.427686 1.433332 0.814060 0.444890 0.234052 0.118590 0.057905 0.027266 0.012394 0.005446 0.002320 0.000965 0.000397 0.000168 0.000078 0.000045 0.000032 0.000028 0.000026 0.000026 0.000026 0.000026 0.000026 0.000026 0.000026 0.000026 0.000026 0.000026 0.000025 0.000025 0.000025 0.000025 0.000024 0.000023 0.000021 0.000019 0.000016 0.000013 0.000009 0.000005 0.000000 
50.000000 41.263011 32.944677 25.403547 18.892320 13.536035 9.336204 6.195697 3.954724 2.427714 1.433361 0.814089 0.444920 0.234081 0.118619 0.057934 0.027296 0.012423 0.005476 0.002350 0.000994 0.000427 0.000197 0.000108 0.000074 0.000062 0.000057 0.000056 0.000055 0.000055 0.000055 0.000055 0.000055 0.000055 0.000055 0.000055 0.000055 0.000055 0.000054 0.000054 0.000053 0.000051 0.000049 0.000046 0.000041 0.000036 0.000028 0.000020 0.000010 0.000000 
50.000000 41.263026 32.944707 25.403590 18.892375 13.536099 9.336276 6.195774 3.954805 2.427798 1.433446 0.814176 0.445007 0.234169 0.118707 0.058022 0.027384 0.012511 0.005564 0.002438 0.001082 0.000515 0.000285 0.000196 0.000162 0.000150 0.000145 0.000144 0.000143 0.000143 0.000143 0.000143 0.000143 0.000143 0.000143 0.000143 0.000143 0.000142 0.000141 0.000140 0.000138 0.000134 0.000128 0.000119 0.000108 0.000093 0.000074 0.000051 0.000026 0.000000 
50.000000 41.263066 32.944785 25.403703 18.892518 13.536267 9.336463 6.195975 3.955016 2.428016 1.433668 0.814401 0.445234 0.234396 0.118935 0.058250 0.027612 0.012740 0.005792 0.002667 0.001311 0.000743 0.000514 0.000425 0.000391 0.000378 0.000374 0.000373 0.000372 0.000372 0.000372 0.000372 0.000372 0.000372 0.000372 0.000371 0.000371 0.000370 0.000367 0.000364 0.000358 0.000348 0.000333 0.000311 0.000281 0.000241 0.000192 0.000134 0.000069 0.000000 
50.000000 41.263166 32.944979 25.403983 18.892872 13.536681 9.336925 6.196473 3.955539 2.428556 1.434220 0.814959 0.445796 0.234961 0.119501 0.058817 0.028179 0.013307 0.006360 0.003234 0.001878 0.001311 0.001081 0.000992 0.000958 0.000946 0.000941 0.000940 0.000939 0.000939 0.000939 0.000939 0.000939 0.000939 0.000938 0.000938 0.000936 0.000933 0.000928 0.000919 0.000904 0.000879 0.000841 0.000787 0.000711 0.000611 0.000486 0.000339 0.000174 0.000000 
50.000000 41.263404 32.945443 25.404652 18.893718 13.537672 9.338030 6.197662 3.956789 2.429847 1.435537 0.816293 0.447140 0.236310 0.120854 0.060171 0.029534 0.014662 0.007715 0.004589 0.003234 0.002666 0.002437 0.002348 0.002314 0.002301 0.002297 0.002295 0.002295 0.002295 0.002295 0.002295 0.002294 0.002294 0.002293 0.002291 0.002288 0.002281 0.002269 0.002247 0.002210 0.002150 0.002059 0.001926 0.001741 0.001497 0.001192 0.000831 0.000427 0.000000 
50.000000 41.263952 32.946513 25.406194 18.895667 13.539957 9.340576 6.200405 3.959671 2.432824 1.438575 0.819369 0.450239 0.239422 0.123972 0.063294 0.032658 0.017787 0.010841 0.007715 0.006359 0.005792 0.005563 0.005473 0.005440 0.005427 0.005423 0.005421 0.005421 0.005421 0.005421 0.005420 0.005420 0.005419 0.005417 0.005413 0.005405 0.005390 0.005361 0.005310 0.005224 0.005085 0.004872 0.004559 0.004123 0.003547 0.002826 0.001972 0.001014 0.000000 
50.000000 41.265169 32.948889 25.409620 18.899999 13.545033 9.346235 6.206499 3.966075 2.439438 1.445327 0.826206 0.457126 0.246338 0.130904 0.070233 0.039602 0.024733 0.017787 0.014662 0.013307 0.012740 0.012510 0.012421 0.012387 0.012375 0.012370 0.012369 0.012368 0.012368 0.012368 0.012367 0.012367 0.012365 0.012360 0.012352 0.012334 0.012299 0.012235 0.012122 0.011929 0.011617 0.011135 0.010427 0.009437 0.008126 0.006479 0.004522 0.002327 0.000000 
50.000000 41.267775 32.953975 25.416953 18.909271 13.555898 9.358348 6.219543 3.979782 2.453597 1.459779 0.840840 0.471868 0.261142 0.145742 0.085089 0.054467 0.039602 0.032658 0.029534 0.028179 0.027612 0.027383 0.027293 0.027260 0.027247 0.027243 0.027241 0.027241 0.027240 0.027240 0.027239 0.027238 0.027233 0.027224 0.027206 0.027168 0.027094 0.026957 0.026714 0.026298 0.025623 0.024575 0.023030 0.020862 0.017979 0.014347 0.010022 0.005159 0.000000 
50.000000 41.273141 32.964449 25.432055 18.928367 13.578276 9.383297 6.246411 4.008018 2.482764 1.489550 0.870987 0.502239 0.291640 0.176309 0.115693 0.085089 0.070233 0.063294 0.060171 0.058817 0.058250 0.058021 0.057932 0.057898 0.057886 0.057881 0.057880 0.057879 0.057879 0.057878 0.057876 0.057873 0.057865 0.057846 0.057808 0.057731 0.057580 0.057299 0.056796 0.055935 0.054529 0.052338 0.049090 0.044516 0.038404 0.030678 0.021448 0.011046 0.000000 
50.000000 41.283766 32.985189 25.461961 18.966181 13.622591 9.432704 6.299622 4.063940 2.540529 1.548514 0.930697 0.562392 0.352046 0.236853 0.176309 0.145742 0.130904 0.123972 0.120853 0.119501 0.118935 0.118706 0.118617 0.118583 0.118571 0.118566 0.118565 0.118564 0.118563 0.118562 0.118559 0.118552 0.118536 0.118501 0.118426 0.118275 0.117979 0.117425 0.116429 0.114716 0.111904 0.107501 0.100937 0.091642 0.079164 0.063316 0.044311 0.022837 0.000000 
50.000000 41.303977 33.024638 25.518846 19.038113 13.706892 9.526695 6.400852 4.170329 2.650430 1.660698 1.044300 0.676840 0.466975 0.352046 0.291640 0.261142 0.246338 0.239422 0.236310 0.234961 0.234396 0.234168 0.234079 0.234045 0.234033 0.234028 0.234027 0.234026 0.234025 0.234022 0.234017 0.234004 0.233974 0.233909 0.233771 0.233488 0.232932 0.231886 0.229997 0.226732 0.221339 0.212843 0.200099 0.181939 0.157412 0.126089 0.088356 0.045575 0.000000 
50.000000 41.340873 33.096658 25.622697 19.169437 13.860803 9.698303 6.585682 4.364585 2.851100 1.865541 1.251738 0.885823 0.676840 0.562392 0.502239 0.471868 0.457126 0.450239 0.447140 0.445796 0.445233 0.445006 0.444917 0.444884 0.444872 0.444867 0.444865 0.444864 0.444863 0.444859 0.444849 0.444826 0.444774 0.444659 0.444412 0.443907 0.442912 0.441026 0.437601 0.431645 0.421743 0.406032 0.382292 0.348212 0.301847 0.242237 0.170019 0.087793 0.000000 
50.000000 41.405461 33.222731 25.804498 19.399336 14.130249 9.998740 6.909277 4.704690 3.202446 2.224199 1.614945 1.251738 1.044300 0.930697 0.870987 0.840840 0.826206 0.819369 0.816293 0.814959 0.814401 0.814175 0.814087 0.814053 0.814041 0.814037 0.814035 0.814034 0.814031 0.814024 0.814008 0.813970 0.813883 0.813688 0.813272 0.812414 0.810712 0.807472 0.801551 0.791180 0.773806 0.746014 0.703657 0.642306 0.558103 0.448943 0.315743 0.163269 0.000000 
50.000000 41.513781 33.434169 26.109401 19.784916 14.582170 10.502653 7.452044 5.275166 3.791788 2.825816 2.224199 1.865541 1.660698 1.548514 1.489550 1.459779 1.445327 1.438575 1.435537 1.434220 1.433668 1.433445 1.433358 1.433325 1.433313 1.433309 1.433307 1.433305 1.433301 1.433291 1.433265 1.433205 1.433065 1.432754 1.432086 1.430701 1.427940 1.422648 1.412908 1.395714 1.366658 1.319735 1.247489 1.141728 0.994995 0.802794 0.566106 0.293271 0.000000 
50.000000 41.687670 33.773603 26.598888 20.403933 15.307709 11.311682 8.323478 6.191105 4.738037 3.791788 3.202446 2.851100 2.650430 2.540529 2.482764 2.453597 2.439438 2.432824 2.429847 2.428556 2.428016 2.427798 2.427712 2.427680 2.427668 2.427664 2.427661 2.427659 2.427653 2.427637 2.427600 2.427509 2.427299 2.426829 2.425813 2.423698 2.419455 2.411266 2.396074 2.369018 2.322840 2.247444 2.129956 1.955738 1.710793 1.385715 0.980611 0.509278 0.000000 
50.000000 41.954657 34.294767 27.350455 21.354402 16.421760 12.553961 9.661609 7.597607 6.191105 5.275166 4.704690 4.364585 4.170329 4.063940 4.008018 3.979782 3.966075 3.959671 3.956789 3.955539 3.955016 3.954805 3.954722 3.954691 3.954679 3.954675 3.954672 3.954669 3.954660 3.954639 3.954586 3.954458 3.954160 3.953490 3.952036 3.948990 3.942842 3.930884 3.908508 3.868265 3.798803 3.683942 3.502401 3.228988 2.838173 2.310743 1.643075 0.856328 0.000000 
50.000000 42.346405 35.059477 28.453252 22.749076 18.056501 14.376899 11.625242 9.661609 8.323478 7.452044 6.909277 6.585682 6.400852 6.299622 6.246411 6.219543 6.206499 6.200405 6.197662 6.196473 6.195975 6.195774 6.195695 6.195665 6.195654 6.195650 6.195647 6.195642 6.195631 6.195603 6.195533 6.195363 6.194967 6.194073 6.192121 6.188010 6.179650 6.163262 6.132309 6.076034 5.977667 5.812621 5.547378 5.140329 4.546376 3.727238 2.668162 1.397722 0.000000 
50.000000 42.895316 36.130983 29.998501 24.703339 20.347194 16.931353 14.376899 12.553961 11.311682 10.502653 9.998740 9.698303 9.526695 9.432704 9.383297 9.358348 9.346235 9.340576 9.338030 9.336925 9.336462 9.336276 9.336203 9.336175 9.336165 9.336160 9.336157 9.336152 9.336138 9.336104 9.336018 9.335809 9.335318 9.334206 9.331767 9.326597 9.316010 9.295083 9.255163 9.181727 9.051560 8.829521 8.465677 7.894526 7.039353 5.826126 4.211408 2.223562 0.000000 
50.000000 43.629279 37.563731 32.064731 27.316516 23.410282 20.347194 18.056501 16.421760 15.307709 14.582170 14.130249 13.860803 13.706892 13.622591 13.578276 13.555898 13.545033 13.539957 13.537672 13.536681 13.536266 13.536099 13.536033 13.536008 13.535999 13.535995 13.535992 13.535986 13.535971 13.535932 13.535834 13.535596 13.535036 13.533760 13.530949 13.524953 13.512590 13.487943 13.440442 13.351971 13.192772 12.916172 12.452668 11.705141 10.549298 8.847482 6.489027 3.470169 0.000000 
50.000000 44.565236 39.390796 34.699646 30.648952 27.316516 24.703339 22.749076 21.354402 20.403933 19.784916 19.399336 19.169437 19.038113 18.966181 18.928367 18.909271 18.899999 18.895667 18.893718 18.892872 18.892518 18.892375 18.892319 18.892298 18.892290 18.892286 18.892283 18.892277 18.892261 18.892221 18.892120 18.891874 18.891292 18.889962 18.887017 18.880701 18.867590 18.841233 18.789921 18.693141 18.516228 18.202699 17.663986 16.767217 15.324476 13.094165 9.821363 5.370082 0.000000 
50.000000 45.702900 41.611622 37.902449 34.699646 32.064731 29.998501 28.453252 27.350455 26.598888 26.109401 25.804498 25.622697 25.518846 25.461961 25.432055 25.416953 25.409620 25.406194 25.404652 25.403983 25.403703 25.403590 25.403545 25.403529 25.403522 25.403519 25.403517 25.403511 25.403497 25.403460 25.403368 25.403142 25.402606 25.401378 25.398645 25.392757 25.380460 25.355554 25.306607 25.213173 25.039712 24.726013 24.172376 23.217249 21.605482 18.951225 14.725941 8.390504 0.000000 
50.000000 47.020421 44.183551 41.611622 39.390796 37.563731 36.130983 35.059477 34.294767 33.773603 33.434169 33.222731 33.096658 33.024638 32.985189 32.964449 32.953975 32.948889 32.946513 32.945443 32.944979 32.944785 32.944707 32.944676 32.944664 32.944660 32.944658 32.944656 32.944652 32.944641 32.944613 32.944541 32.944367 32.943953 32.943001 32.940877 32.936282 32.926639 32.906988 32.868064 32.792992 32.651693 32.391315 31.919574 31.074704 29.569433 26.885681 22.091776 13.645848 0.000000 
50.000000 48.473658 47.020421 45.702900 44.565236 43.629279 42.895316 42.346405 41.954657 41.687670 41.513781 41.405461 41.340873 41.303977 41.283766 41.273141 41.267775 41.265169 41.263952 41.263404 41.263166 41.263066 41.263026 41.263010 41.263004 41.263002 41.263001 41.263000 41.262998 41.262992 41.262976 41.262938 41.262842 41.262616 41.262095 41.260929 41.258402 41.253081 41.242193 41.220510 41.178392 41.098328 40.948682 40.671754 40.159109 39.195153 37.312396 33.374573 24.236829 0.000000 
50.000000 50.000000 50.000000 50.000000 50.000000 50.000000 50.000000 50.000000 50.000000 50.000000 50.000000 50.000000 50.000000 50.000000 50.000000 50.000000 50.000000 50.000000 50.000000 50.000000 50.000000 50.000000 50.000000 50.000000 50.000000 50.000000 50.000000 50.000000 50.000000 50.000000 50.000000 50.000000 50.000000 50.000000 50.000000 50.000000 50.000000 50.000000 50.000000 50.000000 50.000000 50.000000 50.000000 50.000000 50.000000 50.000000 50.000000 50.000000 50.000000 50.000000 
