50.000000 50.000000 50.000000 50.000000 50.000000 50.000000 50.000000 50.000000 50.000000 50.000000 50.000000 50.000000 50.000000 50.000000 50.000000 50.000000 50.000000 50.000000 50.000000 50.000000 50.000000 50.000000 50.000000 50.000000 50.000000 50.000000 50.000000 50.000000 50.000000 50.000000 50.000000 50.000000 50.000000 50.000000 50.000000 50.000000 50.000000 50.000000 50.000000 50.000000 50.000000 50.000000 50.000000 50.000000 50.000000 50.000000 50.000000 50.000000 50.000000 50.000000 
50.000000 45.429580 41.511952 38.622042 36.774701 35.742603 35.234040 35.011049 34.923312 34.892097 34.881986 34.878985 34.878164 34.877956 34.877907 34.877896 34.877894 34.877894 34.877894 34.877894 34.877894 34.877894 34.877894 34.877894 34.877894 34.877894 34.877894 34.877894 34.877894 34.877894 34.877894 34.877894 34.877894 34.877894 34.877893 34.877893 34.877890 34.877876 34.877814 34.877553 34.876524 34.872720 34.859567 34.816982 34.687423 34.314246 33.282087 30.475633 22.714790 0.000000 
50.000000 41.511952 34.236503 28.869990 25.439834 23.523653 22.579588 22.165704 22.002886 21.944970 21.926212 21.920646 21.919124 21.918738 21.918648 21.918628 21.918624 21.918623 21.918623 21.918623 21.918623 21.918623 21.918623 21.918623 21.918623 21.918623 21.918623 21.918623 21.918623 21.918623 21.918623 21.918623 21.918623 21.918623 21.918622 21.918622 21.918617 21.918596 21.918504 21.918116 21.916598 21.911051 21.892174 21.832446 21.656911 21.177905 19.964379 17.118251 11.036320 0.000000 
50.000000 38.622042 28.869990 21.677336 17.080537 14.513043 13.248322 12.693974 12.475948 12.398411 12.373304 12.365856 12.363820 12.363305 12.363184 12.363157 12.363152 12.363151 12.363150 12.363150 12.363150 12.363150 12.363150 12.363150 12.363150 12.363150 12.363150 12.363150 12.363150 12.363150 12.363150 12.363150 12.363150 12.363150 12.363150 12.363149 12.363145 12.363125 12.363038 12.362675 12.361269 12.356199 12.339247 12.286902 12.138212 11.751652 10.838668 8.905612 5.339954 0.000000 
50.000000 36.774701 25.439834 17.080537 11.738832 8.755761 7.286606 6.642784 6.389625 6.299615 6.270477 6.261835 6.259474 6.258876 6.258735 6.258705 6.258698 6.258697 6.258697 6.258697 6.258697 6.258697 6.258697 6.258697 6.258697 6.258697 6.258697 6.258697 6.258697 6.258697 6.258697 6.258697 6.258697 6.258697 6.258697 6.258696 6.258693 6.258679 6.258616 6.258358 6.257368 6.253843 6.242255 6.207254 6.110710 5.869416 5.328885 4.261929 2.460455 0.000000 
50.000000 35.742603 23.523653 14.513043 8.755761 5.541041 3.958044 3.264454 2.991775 2.894845 2.863473 2.854170 2.851629 2.850986 2.850835 2.850802 2.850795 2.850793 2.850793 2.850793 2.850793 2.850793 2.850793 2.850793 2.850793 2.850793 2.850793 2.850793 2.850793 2.850793 2.850793 2.850793 2.850793 2.850793 2.850793 2.850793 2.850791 2.850782 2.850746 2.850596 2.850027 2.848024 2.841535 2.822302 2.770520 2.645051 2.374831 1.866741 1.055180 0.000000 
50.000000 35.234040 22.579588 13.248322 7.286606 3.958044 2.319166 1.601178 1.318943 1.218629 1.186167 1.176542 1.173913 1.173249 1.173092 1.173058 1.173051 1.173049 1.173049 1.173049 1.173049 1.173049 1.173049 1.173049 1.173049 1.173049 1.173049 1.173049 1.173049 1.173049 1.173049 1.173049 1.173049 1.173049 1.173049 1.173049 1.173048 1.173044 1.173026 1.172952 1.172674 1.171707 1.168613 1.159583 1.135742 1.079352 0.961420 0.747142 0.417058 0.000000 
50.000000 35.011049 22.165704 12.693974 6.642784 3.264454 1.601178 0.872551 0.586157 0.484373 0.451437 0.441673 0.439006 0.438332 0.438173 0.438139 0.438131 0.438130 0.438130 0.438130 0.438130 0.438130 0.438130 0.438130 0.438130 0.438130 0.438130 0.438130 0.438130 0.438130 0.438130 0.438130 0.438130 0.438130 0.438130 0.438130 0.438129 0.438127 0.438120 0.438088 0.437970 0.437564 0.436276 0.432565 0.422919 0.400530 0.354727 0.273530 0.151481 0.000000 
50.000000 34.923312 22.002886 12.475948 6.389625 2.991775 1.318943 0.586157 0.298138 0.195781 0.162662 0.152844 0.150162 0.149484 0.149325 0.149290 0.149282 0.149281 0.149281 0.149281 0.149281 0.149281 0.149281 0.149281 0.149281 0.149281 0.149281 0.149281 0.149281 0.149281 0.149281 0.149281 0.149281 0.149281 0.149281 0.149281 0.149280 0.149280 0.149277 0.149265 0.149221 0.149069 0.148593 0.147236 0.143752 0.135782 0.119749 0.091835 0.050592 0.000000 
50.000000 34.892097 21.944970 12.398411 6.299615 2.894845 1.218629 0.484373 0.195781 0.093223 0.060038 0.050201 0.047515 0.046835 0.046675 0.046640 0.046633 0.046632 0.046632 0.046631 0.046631 0.046631 0.046631 0.046631 0.046631 0.046631 0.046631 0.046631 0.046631 0.046631 0.046631 0.046631 0.046631 0.046631 0.046631 0.046631 0.046631 0.046631 0.046630 0.046626 0.046611 0.046561 0.046402 0.045955 0.044818 0.042247 0.037142 0.028372 0.015573 0.000000 
50.000000 34.881986 21.926212 12.373304 6.270477 2.863473 1.186167 0.451437 0.162662 0.060038 0.026833 0.016990 0.014302 0.013622 0.013462 0.013427 0.013420 0.013419 0.013418 0.013418 0.013418 0.013418 0.013418 0.013418 0.013418 0.013418 0.013418 0.013418 0.013418 0.013418 0.013418 0.013418 0.013418 0.013418 0.013418 0.013418 0.013418 0.013418 0.013418 0.013417 0.013412 0.013397 0.013349 0.013215 0.012877 0.012119 0.010629 0.008096 0.004432 0.000000 
50.000000 34.878985 21.920646 12.365856 6.261835 2.854170 1.176542 0.441673 0.152844 0.050201 0.016990 0.007145 0.004457 0.003777 0.003617 0.003582 0.003575 0.003573 0.003573 0.003573 0.003573 0.003573 0.003573 0.003573 0.003573 0.003573 0.003573 0.003573 0.003573 0.003573 0.003573 0.003573 0.003573 0.003573 0.003573 0.003573 0.003573 0.003573 0.003573 0.003572 0.003571 0.003567 0.003554 0.003517 0.003424 0.003219 0.002818 0.002142 0.001170 0.000000 
50.000000 34.878164 21.919124 12.363820 6.259474 2.851629 1.173913 0.439006 0.150162 0.047515 0.014302 0.004457 0.001768 0.001088 0.000928 0.000893 0.000886 0.000884 0.000884 0.000884 0.000884 0.000884 0.000884 0.000884 0.000884 0.000884 0.000884 0.000884 0.000884 0.000884 0.000884 0.000884 0.000884 0.000884 0.000884 0.000884 0.000884 0.000884 0.000884 0.000884 0.000883 0.000882 0.000879 0.000870 0.000846 0.000795 0.000695 0.000527 0.000288 0.000000 
50.000000 34.877956 21.918738 12.363305 6.258876 2.850986 1.173249 0.438332 0.149484 0.046835 0.013622 0.003777 0.001088 0.000408 0.000248 0.000213 0.000206 0.000204 0.000204 0.000204 0.000204 0.000204 0.000204 0.000204 0.000204 0.000204 0.000204 0.000204 0.000204 0.000204 0.000204 0.000204 0.000204 0.000204 0.000204 0.000204 0.000204 0.000204 0.000204 0.000204 0.000204 0.000204 0.000203 0.000201 0.000195 0.000183 0.000160 0.000121 0.000066 0.000000 
50.000000 34.877907 21.918648 12.363184 6.258735 2.850835 1.173092 0.438173 0.149325 0.046675 0.013462 0.003617 0.000928 0.000248 0.000088 0.000053 0.000046 0.000044 0.000044 0.000044 0.000044 0.000044 0.000044 0.000044 0.000044 0.000044 0.000044 0.000044 0.000044 0.000044 0.000044 0.000044 0.000044 0.000044 0.000044 0.000044 0.000044 0.000044 0.000044 0.000044 0.000044 0.000044 0.000044 0.000043 0.000042 0.000040 0.000034 0.000026 0.000014 0.000000 
50.000000 34.877896 21.918628 12.363157 6.258705 2.850802 1.173058 0.438139 0.149290 0.046640 0.013427 0.003582 0.000893 0.000213 0.000053 0.000018 0.000011 0.000009 0.000009 0.000009 0.000009 0.000009 0.000009 0.000009 0.000009 0.000009 0.000009 0.000009 0.000009 0.000009 0.000009 0.000009 0.000009 0.000009 0.000009 0.000009 0.000009 0.000009 0.000009 0.000009 0.000009 0.000009 0.000009 0.000009 0.000009 0.000008 0.000007 0.000005 0.000003 0.000000 
50.000000 34.877894 21.918624 12.363152 6.258698 2.850795 1.173051 0.438131 0.149282 0.046633 0.013420 0.003575 0.000886 0.000206 0.000046 0.000011 0.000003 0.000002 0.000002 0.000002 0.000002 0.000002 0.000002 0.000002 0.000002 0.000002 0.000002 0.000002 0.000002 0.000002 0.000002 0.000002 0.000002 0.000002 0.000002 0.000002 0.000002 0.000002 0.000002 0.000002 0.000002 0.000002 0.000002 0.000002 0.000002 0.000002 0.000001 0.000001 0.000001 0.000000 
50.000000 34.877894 21.918623 12.363151 6.258697 2.850793 1.173049 0.438130 0.149281 0.046632 0.013419 0.003573 0.000884 0.000204 0.000044 0.000009 0.000002 0.000001 0.000000 0.000000 0.000000 0.000000 0.000000 0.000000 0.000000 0.000000 0.000000 0.000000 0.000000 0.000000 0.000000 0.000000 0.000000 0.000000 0.000000 0.000000 0.000000 0.000000 0.000000 0.000000 0.000000 0.000000 0.000000 0.000000 0.000000 0.000000 0.000000 0.000000 0.000000 0.000000 
50.000000 34.877894 21.918623 12.363150 6.258697 2.850793 1.173049 0.438130 0.149281 0.046632 0.013418 0.003573 0.000884 0.000204 0.000044 0.000009 0.000002 0.000000 0.000000 0.000000 0.000000 0.000000 0.000000 0.000000 0.000000 0.000000 0.000000 0.000000 0.000000 0.000000 0.000000 0.000000 0.000000 0.000000 0.000000 0.000000 0.000000 0.000000 0.000000 0.000000 0.000000 0.000000 0.000000 0.000000 0.000000 0.000000 0.000000 0.000000 0.000000 0.000000 
50.000000 34.877894 21.918623 12.363150 6.258697 2.850793 1.173049 0.438130 0.149281 0.046631 0.013418 0.003573 0.000884 0.000204 0.000044 0.000009 0.000002 0.000000 0.000000 0.000000 0.000000 0.000000 0.000000 0.000000 0.000000 0.000000 0.000000 0.000000 0.000000 0.000000 0.000000 0.000000 0.000000 0.000000 0.000000 0.000000 0.000000 0.000000 0.000000 0.000000 0.000000 0.000000 0.000000 0.000000 0.000000 0.000000 0.000000 0.000000 0.000000 0.000000 
50.000000 34.877894 21.918623 12.363150 6.258697 2.850793 1.173049 0.438130 0.149281 0.046631 0.013418 0.003573 0.000884 0.000204 0.000044 0.000009 0.000002 0.000000 0.000000 0.000000 0.000000 0.000000 0.000000 0.000000 0.000000 0.000000 0.000000 0.000000 0.000000 0.000000 0.000000 0.000000 0.000000 0.000000 0.000000 0.000000 0.000000 0.000000 0.000000 0.000000 0.000000 0.000000 0.000000 0.000000 0.000000 0.000000 0.000000 0.000000 0.000000 0.000000 
50.000000 34.877894 21.918623 12.363150 6.258697 2.850793 1.173049 0.438130 0.149281 0.046631 0.013418 0.003573 0.000884 0.000204 0.000044 0.000009 0.000002 0.000000 0.000000 0.000000 0.000000 0.000000 0.000000 0.000000 0.000000 0.000000 0.000000 0.000000 0.000000 0.000000 0.000000 0.000000 0.000000 0.000000 0.000000 0.000000 0.000000 0.000000 0.000000 0.000000 0.000000 0.000000 0.000000 0.000000 0.000000 0.000000 0.000000 0.000000 0.000000 0.000000 
50.000000 34.877894 21.918623 12.363150 6.258697 2.850793 1.173049 0.438130 0.149281 0.046631 0.013418 0.003573 0.000884 0.000204 0.000044 0.000009 0.000002 0.000000 0.000000 0.000000 0.000000 0.000000 0.000000 0.000000 0.000000 0.000000 0.000000 0.000000 0.000000 0.000000 0.000000 0.000000 0.000000 0.000000 0.000000 0.000000 0.000000 0.000000 0.000000 0.000000 0.000000 0.000000 0.000000 0.000000 0.000000 0.000000 0.000000 0.000000 0.000000 0.000000 
50.000000 34.877894 21.918623 12.363150 6.258697 2.850793 1.173049 0.438130 0.149281 0.046631 0.013418 0.003573 0.000884 0.000204 0.000044 0.000009 0.000002 0.000000 0.000000 0.000000 0.000000 0.000000 0.000000 0.000000 0.000000 0.000000 0.000000 0.000000 0.000000 0.000000 0.000000 0.000000 0.000000 0.000000 0.000000 0.000000 0.000000 0.000000 0.000000 0.000000 0.000000 0.000000 0.000000 0.000000 0.000000 0.000000 0.000000 0.000000 0.000000 0.000000 
50.000000 34.877894 21.918623 12.363150 6.258697 2.850793 1.173049 0.438130 0.149281 0.046631 0.013418 0.003573 0.000884 0.000204 0.000044 0.000009 0.000002 0.000000 0.000000 0.000000 0.000000 0.000000 0.000000 0.000000 0.000000 0.000000 0.000000 0.000000 0.000000 0.000000 0.000000 0.000000 0.000000 0.000000 0.000000 0.000000 0.000000 0.000000 0.000000 0.000000 0.000000 0.000000 0.000000 0.000000 0.000000 0.000000 0.000000 0.000000 0.000000 0.000000 
50.000000 34.877894 21.918623 12.363150 6.258697 2.850793 1.173049 0.438130 0.149281 0.046631 0.013418 0.003573 0.000884 0.000204 0.000044 0.000009 0.000002 0.000000 0.000000 0.000000 0.000000 0.000000 0.000000 0.000000 0.000000 0.000000 0.000000 0.000000 0.000000 0.000000 0.000000 0.000000 0.000000 0.000000 0.000000 0.000000 0.000000 0.000000 0.000000 0.000000 0.000000 0.000000 0.000000 0.000000 0.000000 0.000000 0.000000 0.000000 0.000000 0.000000 
50.000000 34.877894 21.918623 12.363150 6.258697 2.850793 1.173049 0.438130 0.149281 0.046631 0.013418 0.003573 0.000884 0.000204 0.000044 0.000009 0.000002 0.000000 0.000000 0.000000 0.000000 0.000000 0.000000 0.000000 0.000000 0.000000 0.000000 0.000000 0.000000 0.000000 0.000000 0.000000 0.000000 0.000000 0.000000 0.000000 0.000000 0.000000 0.000000 0.000000 0.000000 0.000000 0.000000 0.000000 0.000000 0.000000 0.000000 0.000000 0.000000 0.000000 
50.000000 34.877894 21.918623 12.363150 6.258697 2.850793 1.173049 0.438130 0.149281 0.046631 0.013418 0.003573 0.000884 0.000204 0.000044 0.000009 0.000002 0.000000 0.000000 0.000000 0.000000 0.000000 0.000000 0.000000 0.000000 0.000000 0.000000 0.000000 0.000000 0.000000 0.000000 0.000000 0.000000 0.000000 0.000000 0.000000 0.000000 0.000000 0.000000 0.000000 0.000000 0.000000 0.000000 0.000000 0.000000 0.000000 0.000000 0.000000 0.000000 0.000000 
50.000000 34.877894 21.918623 12.363150 6.258697 2.850793 1.173049 0.438130 0.149281 0.046631 0.013418 0.003573 0.000884 0.000204 0.000044 0.000009 0.000002 0.000000 0.000000 0.000000 0.000000 0.000000 0.000000 0.000000 0.000000 0.000000 0.000000 0.000000 0.000000 0.000000 0.000000 0.000000 0.000000 0.000000 0.000000 0.000000 0.000000 0.000000 0.000000 0.000000 0.000000 0.000000 0.000000 0.000000 0.000000 0.000000 0.000000 0.000000 0.000000 0.000000 
50.000000 34.877894 21.918623 12.363150 6.258697 2.850793 1.173049 0.438130 0.149281 0.046631 0.013418 0.003573 0.000884 0.000204 0.000044 0.000009 0.000002 0.000000 0.000000 0.000000 0.000000 0.000000 0.000000 0.000000 0.000000 0.000000 0.000000 0.000000 0.000000 0.000000 0.000000 0.000000 0.000000 0.000000 0.000000 0.000000 0.000000 0.000000 0.000000 0.000000 0.000000 0.000000 0.000000 0.000000 0.000000 0.000000 0.000000 0.000000 0.000000 0.000000 
50.000000 34.877894 21.918623 12.363150 6.258697 2.850793 1.173049 0.438130 0.149281 0.046631 0.013418 0.003573 0.000884 0.000204 0.000044 0.000009 0.000002 0.000000 0.000000 0.000000 0.000000 0.000000 0.000000 0.000000 0.000000 0.000000 0.000000 0.000000 0.000000 0.000000 0.000000 0.000000 0.000000 0.000000 0.000000 0.000000 0.000000 0.000000 0.000000 0.000000 0.000000 0.000000 0.000000 0.000000 0.000000 0.000000 0.000000 0.000000 0.000000 0.000000 
50.000000 34.877894 21.918623 12.363150 6.258697 2.850793 1.173049 0.438130 0.149281 0.046632 0.013418 0.003573 0.000884 0.000204 0.000044 0.000009 0.000002 0.000000 0.000000 0.000000 0.000000 0.000000 0.000000 0.000000 0.000000 0.000000 0.000000 0.000000 0.000000 0.000000 0.000000 0.000000 0.000000 0.000000 0.000000 0.000000 0.000000 0.000000 0.000000 0.000000 0.000000 0.000000 0.000000 0.000000 0.000000 0.000000 0.000000 0.000000 0.000000 0.000000 
50.000000 34.877894 21.918623 12.363151 6.258697 2.850793 1.173049 0.438130 0.149281 0.046632 0.013419 0.003573 0.000884 0.000204 0.000044 0.000009 0.000002 0.000001 0.000000 0.000000 0.000000 0.000000 0.000000 0.000000 0.000000 0.000000 0.000000 0.000000 0.000000 0.000000 0.000000 0.000000 0.000000 0.000000 0.000000 0.000000 0.000000 0.000000 0.000000 0.000000 0.000000 0.000000 0.000000 0.000000 0.000000 0.000000 0.000000 0.000000 0.000000 0.000000 
50.000000 34.877894 21.918624 12.363152 6.258698 2.850795 1.173051 0.438131 0.149282 0.046633 0.013420 0.003575 0.000886 0.000206 0.000046 0.000011 0.000003 0.000002 0.000002 0.000002 0.000002 0.000002 0.000002 0.000002 0.000002 0.000002 0.000002 0.000002 0.000002 0.000002 0.000002 0.000002 0.000002 0.000002 0.000002 0.000002 0.000002 0.000002 0.000002 0.000002 0.000002 0.000002 0.000002 0.000002 0.000002 0.000002 0.000001 0.000001 0.000001 0.000000 
50.000000 34.877896 21.918628 12.363157 6.258705 2.850802 1.173058 0.438139 0.149290 0.046640 0.013427 0.003582 0.000893 0.000213 0.000053 0.000018 0.000011 0.000009 0.000009 0.000009 0.000009 0.000009 0.000009 0.000009 0.000009 0.000009 0.000009 0.000009 0.000009 0.000009 0.000009 0.000009 0.000009 0.000009 0.000009 0.000009 0.000009 0.000009 0.000009 0.000009 0.000009 0.000009 0.000009 0.000009 0.000009 0.000008 0.000007 0.000005 0.000003 0.000000 
50.000000 34.877907 21.918648 12.363184 6.258735 2.850835 1.173092 0.438173 0.149325 0.046675 0.013462 0.003617 0.000928 0.000248 0.000088 0.000053 0.000046 0.000044 0.000044 0.000044 0.000044 0.000044 0.000044 0.000044 0.000044 0.000044 0.000044 0.000044 0.000044 0.000044 0.000044 0.000044 0.000044 0.000044 0.000044 0.000044 0.000044 0.000044 0.000044 0.000044 0.000044 0.000044 0.000044 0.000043 0.000042 0.000040 0.000034 0.000026 0.000014 0.000000 
50.000000 34.877956 21.918738 12.363305 6.258876 2.850986 1.173249 0.438332 0.149484 0.046835 0.013622 0.003777 0.001088 0.000408 0.000248 0.000213 0.000206 0.000204 0.000204 0.000204 0.000204 0.000204 0.000204 0.000204 0.000204 0.000204 0.000204 0.000204 0.000204 0.000204 0.000204 0.000204 0.000204 0.000204 0.000204 0.000204 0.000204 0.000204 0.000204 0.000204 0.000204 0.000204 0.000203 0.000201 0.000195 0.000183 0.000160 0.000121 0.000066 0.000000 
50.000000 34.878164 21.919124 12.363820 6.259474 2.851629 1.173913 0.439006 0.150162 0.047515 0.014302 0.004457 0.001768 0.001088 0.000928 0.000893 0.000886 0.000884 0.000884 0.000884 0.000884 0.000884 0.000884 0.000884 0.000884 0.000884 0.000884 0.000884 0.000884 0.000884 0.000884 0.000884 0.000884 0.000884 0.000884 0.000884 0.000884 0.000884 0.000884 0.000884 0.000883 0.000882 0.000879 0.000870 0.000846 0.000795 0.000695 0.000527 0.000288 0.000000 
50.000000 34.878985 21.920646 12.365856 6.261835 2.854170 1.176542 0.441673 0.152844 0.050201 0.016990 0.007145 0.004457 0.003777 0.003617 0.003582 0.003575 0.003573 0.003573 0.003573 0.003573 0.003573 0.003573 0.003573 0.003573 0.003573 0.003573 0.003573 0.003573 0.003573 0.003573 0.003573 0.003573 0.003573 0.003573 0.003573 0.003573 0.003573 0.003573 0.003572 0.003571 0.003567 0.003554 0.003517 0.003424 0.003219 0.002818 0.002142 0.001170 0.000000 
50.000000 34.881986 21.926212 12.373304 6.270477 2.863473 1.186167 0.451437 0.162662 0.060038 0.026833 0.016990 0.014302 0.013622 0.013462 0.013427 0.013420 0.013419 0.013418 0.013418 0.013418 0.013418 0.013418 0.013418 0.013418 0.013418 0.013418 0.013418 0.013418 0.013418 0.013418 0.013418 0.013418 0.013418 0.013418 0.013418 0.013418 0.013418 0.013418 0.013417 0.013412 0.013397 0.013349 0.013215 0.012877 0.012119 0.010629 0.008096 0.004432 0.000000 
50.000000 34.892097 21.944970 12.398411 6.299615 2.894845 1.218629 0.484373 0.195781 0.093223 0.060038 0.050201 0.047515 0.046835 0.046675 0.046640 0.046633 0.046632 0.046632 0.046631 0.046631 0.046631 0.046631 0.046631 0.046631 0.046631 0.046631 0.046631 0.046631 0.046631 0.046631 0.046631 0.046631 0.046631 0.046631 0.046631 0.046631 0.046631 0.046630 0.046626 0.046611 0.046561 0.046402 0.045955 0.044818 0.042247 0.037142 0.028372 0.015573 0.000000 
50.000000 34.923312 22.002886 12.475948 6.389625 2.991775 1.318943 0.586157 0.298138 0.195781 0.162662 0.152844 0.150162 0.149484 0.149325 0.149290 0.149282 0.149281 0.149281 0.149281 0.149281 0.149281 0.149281 0.149281 0.149281 0.149281 0.149281 0.149281 0.149281 0.149281 0.149281 0.149281 0.149281 0.149281 0.149281 0.149281 0.149280 0.149280 0.149277 0.149265 0.149221 0.149069 0.148593 0.147236 0.143752 0.135782 0.119749 0.091835 0.050592 0.000000 
50.000000 35.011049 22.165704 12.693974 6.642784 3.264454 1.601178 0.872551 0.586157 0.484373 0.451437 0.441673 0.439006 0.438332 0.438173 0.438139 0.438131 0.438130 0.438130 0.438130 0.438130 0.438130 0.438130 0.438130 0.438130 0.438130 0.438130 0.438130 0.438130 0.438130 0.438130 0.438130 0.438130 0.438130 0.438130 0.438130 0.438129 0.438127 0.438120 0.438088 0.437970 0.437564 0.436276 0.432565 0.422919 0.400530 0.354727 0.273530 0.151481 0.000000 
50.000000 35.234040 22.579588 13.248322 7.286606 3.958044 2.319166 1.601178 1.318943 1.218629 1.186167 1.176542 1.173913 1.173249 1.173092 1.173058 1.173051 1.173049 1.173049 1.173049 1.173049 1.173049 1.173049 1.173049 1.173049 1.173049 1.173049 1.173049 1.173049 1.173049 1.173049 1.173049 1.173049 1.173049 1.173049 1.173049 1.173048 1.173044 1.173026 1.172952 1.172674 1.171707 1.168613 1.159583 1.135742 1.079352 0.961420 0.747142 0.417058 0.000000 
50.000000 35.742603 23.523653 14.513043 8.755761 5.541041 3.958044 3.264454 2.991775 2.894845 2.863473 2.854170 2.851629 2.850986 2.850835 2.850802 2.850795 2.850793 2.850793 2.850793 2.850793 2.850793 2.850793 2.850793 2.850793 2.850793 2.850793 2.850793 2.850793 2.850793 2.850793 2.850793 2.850793 2.850793 2.850793 2.850793 2.850791 2.850782 2.850746 2.850596 2.850027 2.848024 2.841535 2.822302 2.770520 2.645051 2.374831 1.866741 1.055180 0.000000 
50.000000 36.774701 25.439834 17.080537 11.738832 8.755761 7.286606 6.642784 6.389625 6.299615 6.270477 6.261835 6.259474 6.258876 6.258735 6.258705 6.258698 6.258697 6.258697 6.258697 6.258697 6.258697 6.258697 6.258697 6.258697 6.258697 6.258697 6.258697 6.258697 6.258697 6.258697 6.258697 6.258697 6.258697 6.258697 6.258696 6.258693 6.258679 6.258616 6.258358 6.257368 6.253843 6.242255 6.207254 6.110710 5.869416 5.328885 4.261929 2.460455 0.000000 
50.000000 38.622042 28.869990 21.677336 17.080537 14.513043 13.248322 12.693974 12.475948 12.398411 12.373304 12.365856 12.363820 12.363305 12.363184 12.363157 12.363152 12.363151 12.363150 12.363150 12.363150 12.363150 12.363150 12.363150 12.363150 12.363150 12.363150 12.363150 12.363150 12.363150 12.363150 12.363150 12.363150 12.363150 12.363150 12.363149 12.363145 12.363125 12.363038 12.362675 12.361269 12.356199 12.339247 12.286902 12.138212 11.751652 10.838668 8.905612 5.339954 0.000000 
50.000000 41.511952 34.236503 28.869990 25.439834 23.523653 22.579588 22.165704 22.002886 21.944970 21.926212 21.920646 21.919124 21.918738 21.918648 21.918628 21.918624 21.918623 21.918623 21.918623 21.918623 21.918623 21.918623 21.918623 21.918623 21.918623 21.918623 21.918623 21.918623 21.918623 21.918623 21.918623 21.918623 21.918623 21.918622 21.918622 21.918617 21.918596 21.918504 21.918116 21.916598 21.911051 21.892174 21.832446 21.656911 21.177905 19.964379 17.118251 11.036320 0.000000 
50.000000 45.429580 41.511952 38.622042 36.774701 35.742603 35.234040 35.011049 34.923312 34.892097 34.881986 34.878985 34.878164 34.877956 34.877907 34.877896 34.877894 34.877894 34.877894 34.877894 34.877894 34.877894 34.877894 34.877894 34.877894 34.877894 34.877894 34.877894 34.877894 34.877894 34.877894 34.877894 34.877894 34.877894 34.877893 34.877893 34.877890 34.877876 34.877814 34.877553 34.876524 34.872720 34.859567 34.816982 34.687423 34.314246 33.282087 30.475633 22.714790 0.000000 
50.000000 50.000000 50.000000 50.000000 50.000000 50.000000 50.000000 50.000000 50.000000 50.000000 50.000000 50.000000 50.000000 50.000000 50.000000 50.000000 50.000000 50.000000 50.000000 50.000000 50.000000 50.000000 50.000000 50.000000 50.000000 50.000000 50.000000 50.000000 50.000000 50.000000 50.000000 50.000000 50.000000 50.000000 50.000000 50.000000 50.000000 50.000000 50.000000 50.000000 50.000000 50.000000 50.000000 50.000000 50.000000 50.000000 50.000000 50.000000 50.000000 50.000000 
