50.000000 50.000000 50.000000 50.000000 50.000000 50.000000 50.000000 50.000000 50.000000 50.000000 50.000000 50.000000 50.000000 50.000000 50.000000 50.000000 50.000000 50.000000 50.000000 50.000000 50.000000 50.000000 50.000000 50.000000 50.000000 50.000000 50.000000 50.000000 50.000000 50.000000 50.000000 50.000000 50.000000 50.000000 50.000000 50.000000 50.000000 50.000000 50.000000 50.000000 50.000000 50.000000 50.000000 50.000000 50.000000 50.000000 50.000000 50.000000 50.000000 50.000000 
50.000000 46.823153 43.962402 41.639822 39.935884 38.802760 38.117212 37.738352 37.546311 37.456654 37.417948 37.402436 37.396644 37.394623 37.393961 37.393757 37.393698 37.393682 37.393677 37.393676 37.393676 37.393676 37.393676 37.393676 37.393676 37.393676 37.393676 37.393676 37.393676 37.393676 37.393676 37.393676 37.393676 37.393675 37.393671 37.393658 37.393610 37.393443 37.392896 37.391186 37.386120 37.371872 37.333740 37.236279 36.996735 36.423885 35.065857 31.784859 23.411577 0.000000 
50.000000 43.962402 38.525603 34.111685 30.873561 28.720288 27.417604 26.697734 26.332859 26.162526 26.088995 26.059529 26.048528 26.044688 26.043431 26.043044 26.042932 26.042901 26.042893 26.042891 26.042891 26.042891 26.042891 26.042891 26.042891 26.042891 26.042891 26.042891 26.042891 26.042891 26.042891 26.042891 26.042890 26.042889 26.042883 26.042861 26.042782 26.042507 26.041610 26.038825 26.030641 26.007865 25.947838 25.797824 25.441542 24.634743 22.886726 19.262802 12.177543 0.000000 
50.000000 41.639822 34.111685 28.000088 23.516728 20.535581 18.732182 17.735696 17.230662 16.994921 16.893165 16.852393 16.837173 16.831862 16.830123 16.829588 16.829433 16.829390 16.829379 16.829376 16.829376 16.829376 16.829376 16.829375 16.829375 16.829375 16.829375 16.829375 16.829375 16.829375 16.829375 16.829375 16.829375 16.829373 16.829367 16.829343 16.829256 16.828957 16.827984 16.824988 16.816276 16.792364 16.730503 16.579821 16.234632 15.492307 14.000044 11.224958 6.573964 0.000000 
50.000000 39.935884 30.873561 23.516728 18.120171 14.532054 12.361654 11.162491 10.554800 10.271173 10.148763 10.099721 10.081417 10.075030 10.072940 10.072296 10.072110 10.072058 10.072045 10.072042 10.072041 10.072041 10.072041 10.072041 10.072041 10.072041 10.072041 10.072041 10.072041 10.072041 10.072041 10.072041 10.072040 10.072039 10.072033 10.072012 10.071937 10.071678 10.070843 10.068296 10.060969 10.041148 9.990823 9.871221 9.606037 9.060086 8.024421 6.238818 3.511998 0.000000 
50.000000 38.802760 28.720288 20.535581 14.532054 10.540631 8.126470 6.792748 6.116936 5.801549 5.665448 5.610928 5.590581 5.583482 5.581160 5.580445 5.580238 5.580181 5.580166 5.580162 5.580161 5.580161 5.580161 5.580161 5.580161 5.580161 5.580161 5.580161 5.580161 5.580161 5.580161 5.580161 5.580161 5.580160 5.580156 5.580140 5.580085 5.579897 5.579293 5.577469 5.572280 5.558433 5.523880 5.443545 5.270316 4.926016 4.300949 3.278746 1.806025 0.000000 
50.000000 38.117212 27.417604 18.732182 12.361654 8.126470 5.565045 4.150074 3.433153 3.098613 2.954260 2.896441 2.874865 2.867339 2.864876 2.864119 2.863899 2.863839 2.863823 2.863819 2.863818 2.863818 2.863818 2.863818 2.863818 2.863818 2.863818 2.863818 2.863818 2.863818 2.863818 2.863818 2.863818 2.863817 2.863814 2.863804 2.863769 2.863650 2.863271 2.862135 2.858936 2.850506 2.829789 2.782522 2.682925 2.490434 2.152361 1.619780 0.880932 0.000000 
50.000000 37.738352 26.697734 17.735696 11.162491 6.792748 4.150074 2.690303 1.950731 1.605645 1.456752 1.397119 1.374868 1.367107 1.364568 1.363787 1.363560 1.363498 1.363482 1.363478 1.363477 1.363477 1.363477 1.363477 1.363477 1.363477 1.363477 1.363477 1.363477 1.363477 1.363477 1.363477 1.363477 1.363476 1.363475 1.363469 1.363449 1.363383 1.363172 1.362544 1.360792 1.356225 1.345152 1.320285 1.268868 1.171669 1.005193 0.749896 0.404612 0.000000 
50.000000 37.546311 26.332859 17.230662 10.554800 6.116936 3.433153 1.950731 1.199714 0.849304 0.698121 0.637574 0.614984 0.607104 0.604527 0.603734 0.603504 0.603441 0.603424 0.603420 0.603419 0.603419 0.603419 0.603419 0.603419 0.603419 0.603419 0.603419 0.603419 0.603419 0.603419 0.603419 0.603419 0.603419 0.603418 0.603415 0.603405 0.603371 0.603266 0.602953 0.602089 0.599857 0.594506 0.582647 0.558503 0.513652 0.438298 0.324994 0.174439 0.000000 
50.000000 37.456654 26.162526 16.994921 10.271173 5.801549 3.098613 1.605645 0.849304 0.496418 0.344173 0.283202 0.260454 0.252519 0.249924 0.249126 0.248894 0.248831 0.248814 0.248810 0.248809 0.248809 0.248809 0.248809 0.248809 0.248809 0.248809 0.248809 0.248809 0.248809 0.248809 0.248809 0.248809 0.248809 0.248808 0.248807 0.248802 0.248787 0.248739 0.248598 0.248209 0.247215 0.244853 0.239677 0.229269 0.210204 0.178644 0.131885 0.070534 0.000000 
50.000000 37.417948 26.088995 16.893165 10.148763 5.665448 2.954260 1.456752 0.698121 0.344173 0.191471 0.130318 0.107502 0.099545 0.096942 0.096141 0.095909 0.095845 0.095828 0.095824 0.095823 0.095823 0.095823 0.095823 0.095823 0.095823 0.095823 0.095823 0.095823 0.095823 0.095823 0.095823 0.095823 0.095823 0.095823 0.095822 0.095820 0.095814 0.095794 0.095735 0.095575 0.095168 0.094209 0.092125 0.087979 0.080467 0.068177 0.050169 0.026762 0.000000 
50.000000 37.402436 26.059529 16.852393 10.099721 5.610928 2.896441 1.397119 0.637574 0.283202 0.130318 0.069093 0.046250 0.038283 0.035678 0.034876 0.034643 0.034579 0.034563 0.034559 0.034558 0.034558 0.034558 0.034558 0.034558 0.034558 0.034558 0.034558 0.034558 0.034558 0.034558 0.034558 0.034558 0.034558 0.034557 0.034557 0.034557 0.034554 0.034546 0.034524 0.034463 0.034309 0.033948 0.033170 0.031634 0.028878 0.024410 0.017919 0.009540 0.000000 
50.000000 37.396644 26.048528 16.837173 10.081417 5.590581 2.874865 1.374868 0.614984 0.260454 0.107502 0.046250 0.023398 0.015427 0.012821 0.012019 0.011786 0.011722 0.011705 0.011701 0.011700 0.011700 0.011700 0.011700 0.011700 0.011700 0.011700 0.011700 0.011700 0.011700 0.011700 0.011700 0.011700 0.011700 0.011700 0.011700 0.011700 0.011699 0.011696 0.011688 0.011667 0.011612 0.011486 0.011215 0.010684 0.009739 0.008216 0.006020 0.003201 0.000000 
50.000000 37.394623 26.044688 16.831862 10.075030 5.583482 2.867339 1.367107 0.607104 0.252519 0.099545 0.038283 0.015427 0.007456 0.004849 0.004047 0.003814 0.003750 0.003734 0.003729 0.003728 0.003728 0.003728 0.003728 0.003728 0.003728 0.003728 0.003728 0.003728 0.003728 0.003728 0.003728 0.003728 0.003728 0.003728 0.003728 0.003728 0.003728 0.003727 0.003724 0.003717 0.003699 0.003658 0.003570 0.003398 0.003093 0.002606 0.001906 0.001012 0.000000 
50.000000 37.393961 26.043431 16.830123 10.072940 5.581160 2.864876 1.364568 0.604527 0.249924 0.096942 0.035678 0.012821 0.004849 0.002241 0.001439 0.001207 0.001143 0.001126 0.001122 0.001121 0.001121 0.001121 0.001121 0.001121 0.001121 0.001121 0.001121 0.001121 0.001121 0.001121 0.001121 0.001121 0.001121 0.001121 0.001121 0.001121 0.001121 0.001120 0.001119 0.001117 0.001112 0.001099 0.001072 0.001020 0.000927 0.000780 0.000570 0.000303 0.000000 
50.000000 37.393757 26.043044 16.829588 10.072296 5.580445 2.864119 1.363787 0.603734 0.249126 0.096141 0.034876 0.012019 0.004047 0.001439 0.000637 0.000404 0.000341 0.000324 0.000320 0.000319 0.000319 0.000319 0.000319 0.000319 0.000319 0.000319 0.000319 0.000319 0.000319 0.000319 0.000319 0.000319 0.000319 0.000319 0.000319 0.000319 0.000319 0.000318 0.000318 0.000318 0.000316 0.000312 0.000304 0.000289 0.000263 0.000221 0.000161 0.000086 0.000000 
50.000000 37.393698 26.042932 16.829433 10.072110 5.580238 2.863899 1.363560 0.603504 0.248894 0.095909 0.034643 0.011786 0.003814 0.001207 0.000404 0.000172 0.000108 0.000091 0.000087 0.000086 0.000086 0.000086 0.000086 0.000086 0.000086 0.000086 0.000086 0.000086 0.000086 0.000086 0.000086 0.000086 0.000086 0.000086 0.000086 0.000086 0.000086 0.000086 0.000086 0.000086 0.000085 0.000084 0.000082 0.000078 0.000071 0.000059 0.000043 0.000023 0.000000 
50.000000 37.393682 26.042901 16.829390 10.072058 5.580181 2.863839 1.363498 0.603441 0.248831 0.095845 0.034579 0.011722 0.003750 0.001143 0.000341 0.000108 0.000044 0.000027 0.000023 0.000022 0.000022 0.000022 0.000022 0.000022 0.000022 0.000022 0.000022 0.000022 0.000022 0.000022 0.000022 0.000022 0.000022 0.000022 0.000022 0.000022 0.000022 0.000022 0.000022 0.000022 0.000022 0.000022 0.000021 0.000020 0.000018 0.000015 0.000011 0.000006 0.000000 
50.000000 37.393677 26.042893 16.829379 10.072045 5.580166 2.863823 1.363482 0.603424 0.248814 0.095828 0.034563 0.011705 0.003734 0.001126 0.000324 0.000091 0.000027 0.000011 0.000007 0.000006 0.000005 0.000005 0.000005 0.000005 0.000005 0.000005 0.000005 0.000005 0.000005 0.000005 0.000005 0.000005 0.000005 0.000005 0.000005 0.000005 0.000005 0.000005 0.000005 0.000005 0.000005 0.000005 0.000005 0.000005 0.000004 0.000004 0.000003 0.000001 0.000000 
50.000000 37.393676 26.042891 16.829376 10.072042 5.580162 2.863819 1.363478 0.603420 0.248810 0.095824 0.034559 0.011701 0.003729 0.001122 0.000320 0.000087 0.000023 0.000007 0.000002 0.000002 0.000001 0.000001 0.000001 0.000001 0.000001 0.000001 0.000001 0.000001 0.000001 0.000001 0.000001 0.000001 0.000001 0.000001 0.000001 0.000001 0.000001 0.000001 0.000001 0.000001 0.000001 0.000001 0.000001 0.000001 0.000001 0.000001 0.000001 0.000000 0.000000 
50.000000 37.393676 26.042891 16.829376 10.072041 5.580161 2.863818 1.363477 0.603419 0.248809 0.095823 0.034558 0.011700 0.003728 0.001121 0.000319 0.000086 0.000022 0.000006 0.000002 0.000001 0.000000 0.000000 0.000000 0.000000 0.000000 0.000000 0.000000 0.000000 0.000000 0.000000 0.000000 0.000000 0.000000 0.000000 0.000000 0.000000 0.000000 0.000000 0.000000 0.000000 0.000000 0.000000 0.000000 0.000000 0.000000 0.000000 0.000000 0.000000 0.000000 
50.000000 37.393676 26.042891 16.829376 10.072041 5.580161 2.863818 1.363477 0.603419 0.248809 0.095823 0.034558 0.011700 0.003728 0.001121 0.000319 0.000086 0.000022 0.000005 0.000001 0.000000 0.000000 0.000000 0.000000 0.000000 0.000000 0.000000 0.000000 0.000000 0.000000 0.000000 0.000000 0.000000 0.000000 0.000000 0.000000 0.000000 0.000000 0.000000 0.000000 0.000000 0.000000 0.000000 0.000000 0.000000 0.000000 0.000000 0.000000 0.000000 0.000000 
50.000000 37.393676 26.042891 16.829376 10.072041 5.580161 2.863818 1.363477 0.603419 0.248809 0.095823 0.034558 0.011700 0.003728 0.001121 0.000319 0.000086 0.000022 0.000005 0.000001 0.000000 0.000000 0.000000 0.000000 0.000000 0.000000 0.000000 0.000000 0.000000 0.000000 0.000000 0.000000 0.000000 0.000000 0.000000 0.000000 0.000000 0.000000 0.000000 0.000000 0.000000 0.000000 0.000000 0.000000 0.000000 0.000000 0.000000 0.000000 0.000000 0.000000 
50.000000 37.393676 26.042891 16.829375 10.072041 5.580161 2.863818 1.363477 0.603419 0.248809 0.095823 0.034558 0.011700 0.003728 0.001121 0.000319 0.000086 0.000022 0.000005 0.000001 0.000000 0.000000 0.000000 0.000000 0.000000 0.000000 0.000000 0.000000 0.000000 0.000000 0.000000 0.000000 0.000000 0.000000 0.000000 0.000000 0.000000 0.000000 0.000000 0.000000 0.000000 0.000000 0.000000 0.000000 0.000000 0.000000 0.000000 0.000000 0.000000 0.000000 
50.000000 37.393676 26.042891 16.829375 10.072041 5.580161 2.863818 1.363477 0.603419 0.248809 0.095823 0.034558 0.011700 0.003728 0.001121 0.000319 0.000086 0.000022 0.000005 0.000001 0.000000 0.000000 0.000000 0.000000 0.000000 0.000000 0.000000 0.000000 0.000000 0.000000 0.000000 0.000000 0.000000 0.000000 0.000000 0.000000 0.000000 0.000000 0.000000 0.000000 0.000000 0.000000 0.000000 0.000000 0.000000 0.000000 0.000000 0.000000 0.000000 0.000000 
50.000000 37.393676 26.042891 16.829375 10.072041 5.580161 2.863818 1.363477 0.603419 0.248809 0.095823 0.034558 0.011700 0.003728 0.001121 0.000319 0.000086 0.000022 0.000005 0.000001 0.000000 0.000000 0.000000 0.000000 0.000000 0.000000 0.000000 0.000000 0.000000 0.000000 0.000000 0.000000 0.000000 0.000000 0.000000 0.000000 0.000000 0.000000 0.000000 0.000000 0.000000 0.000000 0.000000 0.000000 0.000000 0.000000 0.000000 0.000000 0.000000 0.000000 
50.000000 37.393676 26.042891 16.829375 10.072041 5.580161 2.863818 1.363477 0.603419 0.248809 0.095823 0.034558 0.011700 0.003728 0.001121 0.000319 0.000086 0.000022 0.000005 0.000001 0.000000 0.000000 0.000000 0.000000 0.000000 0.000000 0.000000 0.000000 0.000000 0.000000 0.000000 0.000000 0.000000 0.000000 0.000000 0.000000 0.000000 0.000000 0.000000 0.000000 0.000000 0.000000 0.000000 0.000000 0.000000 0.000000 0.000000 0.000000 0.000000 0.000000 
50.000000 37.393676 26.042891 16.829376 10.072041 5.580161 2.863818 1.363477 0.603419 0.248809 0.095823 0.034558 0.011700 0.003728 0.001121 0.000319 0.000086 0.000022 0.000005 0.000001 0.000000 0.000000 0.000000 0.000000 0.000000 0.000000 0.000000 0.000000 0.000000 0.000000 0.000000 0.000000 0.000000 0.000000 0.000000 0.000000 0.000000 0.000000 0.000000 0.000000 0.000000 0.000000 0.000000 0.000000 0.000000 0.000000 0.000000 0.000000 0.000000 0.000000 
50.000000 37.393676 26.042891 16.829376 10.072041 5.580161 2.863818 1.363477 0.603419 0.248809 0.095823 0.034558 0.011700 0.003728 0.001121 0.000319 0.000086 0.000022 0.000005 0.000001 0.000000 0.000000 0.000000 0.000000 0.000000 0.000000 0.000000 0.000000 0.000000 0.000000 0.000000 0.000000 0.000000 0.000000 0.000000 0.000000 0.000000 0.000000 0.000000 0.000000 0.000000 0.000000 0.000000 0.000000 0.000000 0.000000 0.000000 0.000000 0.000000 0.000000 
50.000000 37.393676 26.042891 16.829376 10.072041 5.580161 2.863818 1.363477 0.603419 0.248809 0.095823 0.034558 0.011700 0.003728 0.001121 0.000319 0.000086 0.000022 0.000006 0.000002 0.000001 0.000000 0.000000 0.000000 0.000000 0.000000 0.000000 0.000000 0.000000 0.000000 0.000000 0.000000 0.000000 0.000000 0.000000 0.000000 0.000000 0.000000 0.000000 0.000000 0.000000 0.000000 0.000000 0.000000 0.000000 0.000000 0.000000 0.000000 0.000000 0.000000 
50.000000 37.393676 26.042891 16.829376 10.072042 5.580162 2.863819 1.363478 0.603420 0.248810 0.095824 0.034559 0.011701 0.003729 0.001122 0.000320 0.000087 0.000023 0.000007 0.000002 0.000002 0.000001 0.000001 0.000001 0.000001 0.000001 0.000001 0.000001 0.000001 0.000001 0.000001 0.000001 0.000001 0.000001 0.000001 0.000001 0.000001 0.000001 0.000001 0.000001 0.000001 0.000001 0.000001 0.000001 0.000001 0.000001 0.000001 0.000001 0.000000 0.000000 
50.000000 37.393677 26.042893 16.829379 10.072045 5.580166 2.863823 1.363482 0.603424 0.248814 0.095828 0.034563 0.011705 0.003734 0.001126 0.000324 0.000091 0.000027 0.000011 0.000007 0.000006 0.000005 0.000005 0.000005 0.000005 0.000005 0.000005 0.000005 0.000005 0.000005 0.000005 0.000005 0.000005 0.000005 0.000005 0.000005 0.000005 0.000005 0.000005 0.000005 0.000005 0.000005 0.000005 0.000005 0.000005 0.000004 0.000004 0.000003 0.000001 0.000000 
50.000000 37.393682 26.042901 16.829390 10.072058 5.580181 2.863839 1.363498 0.603441 0.248831 0.095845 0.034579 0.011722 0.003750 0.001143 0.000341 0.000108 0.000044 0.000027 0.000023 0.000022 0.000022 0.000022 0.000022 0.000022 0.000022 0.000022 0.000022 0.000022 0.000022 0.000022 0.000022 0.000022 0.000022 0.000022 0.000022 0.000022 0.000022 0.000022 0.000022 0.000022 0.000022 0.000022 0.000021 0.000020 0.000018 0.000015 0.000011 0.000006 0.000000 
50.000000 37.393698 26.042932 16.829433 10.072110 5.580238 2.863899 1.363560 0.603504 0.248894 0.095909 0.034643 0.011786 0.003814 0.001207 0.000404 0.000172 0.000108 0.000091 0.000087 0.000086 0.000086 0.000086 0.000086 0.000086 0.000086 0.000086 0.000086 0.000086 0.000086 0.000086 0.000086 0.000086 0.000086 0.000086 0.000086 0.000086 0.000086 0.000086 0.000086 0.000086 0.000085 0.000084 0.000082 0.000078 0.000071 0.000059 0.000043 0.000023 0.000000 
50.000000 37.393757 26.043044 16.829588 10.072296 5.580445 2.864119 1.363787 0.603734 0.249126 0.096141 0.034876 0.012019 0.004047 0.001439 0.000637 0.000404 0.000341 0.000324 0.000320 0.000319 0.000319 0.000319 0.000319 0.000319 0.000319 0.000319 0.000319 0.000319 0.000319 0.000319 0.000319 0.000319 0.000319 0.000319 0.000319 0.000319 0.000319 0.000318 0.000318 0.000318 0.000316 0.000312 0.000304 0.000289 0.000263 0.000221 0.000161 0.000086 0.000000 
50.000000 37.393961 26.043431 16.830123 10.072940 5.581160 2.864876 1.364568 0.604527 0.249924 0.096942 0.035678 0.012821 0.004849 0.002241 0.001439 0.001207 0.001143 0.001126 0.001122 0.001121 0.001121 0.001121 0.001121 0.001121 0.001121 0.001121 0.001121 0.001121 0.001121 0.001121 0.001121 0.001121 0.001121 0.001121 0.001121 0.001121 0.001121 0.001120 0.001119 0.001117 0.001112 0.001099 0.001072 0.001020 0.000927 0.000780 0.000570 0.000303 0.000000 
50.000000 37.394623 26.044688 16.831862 10.075030 5.583482 2.867339 1.367107 0.607104 0.252519 0.099545 0.038283 0.015427 0.007456 0.004849 0.004047 0.003814 0.003750 0.003734 0.003729 0.003728 0.003728 0.003728 0.003728 0.003728 0.003728 0.003728 0.003728 0.003728 0.003728 0.003728 0.003728 0.003728 0.003728 0.003728 0.003728 0.003728 0.003728 0.003727 0.003724 0.003717 0.003699 0.003658 0.003570 0.003398 0.003093 0.002606 0.001906 0.001012 0.000000 
50.000000 37.396644 26.048528 16.837173 10.081417 5.590581 2.874865 1.374868 0.614984 0.260454 0.107502 0.046250 0.023398 0.015427 0.012821 0.012019 0.011786 0.011722 0.011705 0.011701 0.011700 0.011700 0.011700 0.011700 0.011700 0.011700 0.011700 0.011700 0.011700 0.011700 0.011700 0.011700 0.011700 0.011700 0.011700 0.011700 0.011700 0.011699 0.011696 0.011688 0.011667 0.011612 0.011486 0.011215 0.010684 0.009739 0.008216 0.006020 0.003201 0.000000 
50.000000 37.402436 26.059529 16.852393 10.099721 5.610928 2.896441 1.397119 0.637574 0.283202 0.130318 0.069093 0.046250 0.038283 0.035678 0.034876 0.034643 0.034579 0.034563 0.034559 0.034558 0.034558 0.034558 0.034558 0.034558 0.034558 0.034558 0.034558 0.034558 0.034558 0.034558 0.034558 0.034558 0.034558 0.034557 0.034557 0.034557 0.034554 0.034546 0.034524 0.034463 0.034309 0.033948 0.033170 0.031634 0.028878 0.024410 0.017919 0.009540 0.000000 
50.000000 37.417948 26.088995 16.893165 10.148763 5.665448 2.954260 1.456752 0.698121 0.344173 0.191471 0.130318 0.107502 0.099545 0.096942 0.096141 0.095909 0.095845 0.095828 0.095824 0.095823 0.095823 0.095823 0.095823 0.095823 0.095823 0.095823 0.095823 0.095823 0.095823 0.095823 0.095823 0.095823 0.095823 0.095823 0.095822 0.095820 0.095814 0.095794 0.095735 0.095575 0.095168 0.094209 0.092125 0.087979 0.080467 0.068177 0.050169 0.026762 0.000000 
50.000000 37.456654 26.162526 16.994921 10.271173 5.801549 3.098613 1.605645 0.849304 0.496418 0.344173 0.283202 0.260454 0.252519 0.249924 0.249126 0.248894 0.248831 0.248814 0.248810 0.248809 0.248809 0.248809 0.248809 0.248809 0.248809 0.248809 0.248809 0.248809 0.248809 0.248809 0.248809 0.248809 0.248809 0.248808 0.248807 0.248802 0.248787 0.248739 0.248598 0.248209 0.247215 0.244853 0.239677 0.229269 0.210204 0.178644 0.131885 0.070534 0.000000 
50.000000 37.546311 26.332859 17.230662 10.554800 6.116936 3.433153 1.950731 1.199714 0.849304 0.698121 0.637574 0.614984 0.607104 0.604527 0.603734 0.603504 0.603441 0.603424 0.603420 0.603419 0.603419 0.603419 0.603419 0.603419 0.603419 0.603419 0.603419 0.603419 0.603419 0.603419 0.603419 0.603419 0.603419 0.603418 0.603415 0.603405 0.603371 0.603266 0.602953 0.602089 0.599857 0.594506 0.582647 0.558503 0.513652 0.438298 0.324994 0.174439 0.000000 
50.000000 37.738352 26.697734 17.735696 11.162491 6.792748 4.150074 2.690303 1.950731 1.605645 1.456752 1.397119 1.374868 1.367107 1.364568 1.363787 1.363560 1.363498 1.363482 1.363478 1.363477 1.363477 1.363477 1.363477 1.363477 1.363477 1.363477 1.363477 1.363477 1.363477 1.363477 1.363477 1.363477 1.363476 1.363475 1.363469 1.363449 1.363383 1.363172 1.362544 1.360792 1.356225 1.345152 1.320285 1.268868 1.171669 1.005193 0.749896 0.404612 0.000000 
50.000000 38.117212 27.417604 18.732182 12.361654 8.126470 5.565045 4.150074 3.433153 3.098613 2.954260 2.896441 2.874865 2.867339 2.864876 2.864119 2.863899 2.863839 2.863823 2.863819 2.863818 2.863818 2.863818 2.863818 2.863818 2.863818 2.863818 2.863818 2.863818 2.863818 2.863818 2.863818 2.863818 2.863817 2.863814 2.863804 2.863769 2.863650 2.863271 2.862135 2.858936 2.850506 2.829789 2.782522 2.682925 2.490434 2.152361 1.619780 0.880932 0.000000 
50.000000 38.802760 28.720288 20.535581 14.532054 10.540631 8.126470 6.792748 6.116936 5.801549 5.665448 5.610928 5.590581 5.583482 5.581160 5.580445 5.580238 5.580181 5.580166 5.580162 5.580161 5.580161 5.580161 5.580161 5.580161 5.580161 5.580161 5.580161 5.580161 5.580161 5.580161 5.580161 5.580161 5.580160 5.580156 5.580140 5.580085 5.579897 5.579293 5.577469 5.572280 5.558433 5.523880 5.443545 5.270316 4.926016 4.300949 3.278746 1.806025 0.000000 
50.000000 39.935884 30.873561 23.516728 18.120171 14.532054 12.361654 11.162491 10.554800 10.271173 10.148763 10.099721 10.081417 10.075030 10.072940 10.072296 10.072110 10.072058 10.072045 10.072042 10.072041 10.072041 10.072041 10.072041 10.072041 10.072041 10.072041 10.072041 10.072041 10.072041 10.072041 10.072041 10.072040 10.072039 10.072033 10.072012 10.071937 10.071678 10.070843 10.068296 10.060969 10.041148 9.990823 9.871221 9.606037 9.060086 8.024421 6.238818 3.511998 0.000000 
50.000000 41.639822 34.111685 28.000088 23.516728 20.535581 18.732182 17.735696 17.230662 16.994921 16.893165 16.852393 16.837173 16.831862 16.830123 16.829588 16.829433 16.829390 16.829379 16.829376 16.829376 16.829376 16.829376 16.829375 16.829375 16.829375 16.829375 16.829375 16.829375 16.829375 16.829375 16.829375 16.829375 16.829373 16.829367 16.829343 16.829256 16.828957 16.827984 16.824988 16.816276 16.792364 16.730503 16.579821 16.234632 15.492307 14.000044 11.224958 6.573964 0.000000 
50.000000 43.962402 38.525603 34.111685 30.873561 28.720288 27.417604 26.697734 26.332859 26.162526 26.088995 26.059529 26.048528 26.044688 26.043431 26.043044 26.042932 26.042901 26.042893 26.042891 26.042891 26.042891 26.042891 26.042891 26.042891 26.042891 26.042891 26.042891 26.042891 26.042891 26.042891 26.042891 26.042890 26.042889 26.042883 26.042861 26.042782 26.042507 26.041610 26.038825 26.030641 26.007865 25.947838 25.797824 25.441542 24.634743 22.886726 19.262802 12.177543 0.000000 
50.000000 46.823153 43.962402 41.639822 39.935884 38.802760 38.117212 37.738352 37.546311 37.456654 37.417948 37.402436 37.396644 37.394623 37.393961 37.393757 37.393698 37.393682 37.393677 37.393676 37.393676 37.393676 37.393676 37.393676 37.393676 37.393676 37.393676 37.393676 37.393676 37.393676 37.393676 37.393676 37.393676 37.393675 37.393671 37.393658 37.393610 37.393443 37.392896 37.391186 37.386120 37.371872 37.333740 37.236279 36.996735 36.423885 35.065857 31.784859 23.411577 0.000000 
50.000000 50.000000 50.000000 50.000000 50.000000 50.000000 50.000000 50.000000 50.000000 50.000000 50.000000 50.000000 50.000000 50.000000 50.000000 50.000000 50.000000 50.000000 50.000000 50.000000 50.000000 50.000000 50.000000 50.000000 50.000000 50.000000 50.000000 50.000000 50.000000 50.000000 50.000000 50.000000 50.000000 50.000000 50.000000 50.000000 50.000000 50.000000 50.000000 50.000000 50.000000 50.000000 50.000000 50.000000 50.000000 50.000000 50.000000 50.000000 50.000000 50.000000 
