50.000000 50.000000 50.000000 50.000000 50.000000 50.000000 50.000000 50.000000 50.000000 50.000000 50.000000 50.000000 50.000000 50.000000 50.000000 50.000000 50.000000 50.000000 50.000000 50.000000 50.000000 50.000000 50.000000 50.000000 50.000000 50.000000 50.000000 50.000000 50.000000 50.000000 50.000000 50.000000 50.000000 50.000000 50.000000 50.000000 50.000000 50.000000 50.000000 50.000000 50.000000 50.000000 50.000000 50.000000 50.000000 50.000000 50.000000 50.000000 50.000000 50.000000 
50.000000 47.801197 45.754000 43.978720 42.543822 41.461711 40.699302 40.196694 39.886143 39.705974 39.607644 39.557064 39.532495 39.521204 39.516285 39.514250 39.513450 39.513150 39.513042 39.513006 39.512994 39.512990 39.512989 39.512988 39.512988 39.512988 39.512988 39.512988 39.512988 39.512988 39.512987 39.512985 39.512979 39.512959 39.512900 39.512732 39.512272 39.511064 39.508015 39.500622 39.483366 39.444521 39.359866 39.180215 38.805555 38.026770 36.378766 32.721745 23.900599 0.000000 
50.000000 45.754000 41.800773 38.372653 35.601851 33.512312 32.040139 31.069646 30.470013 30.122139 29.932287 29.834631 29.787196 29.765397 29.755901 29.751974 29.750428 29.749849 29.749642 29.749571 29.749548 29.749541 29.749538 29.749538 29.749538 29.749537 29.749537 29.749537 29.749537 29.749537 29.749536 29.749532 29.749521 29.749486 29.749382 29.749087 29.748282 29.746174 29.740878 29.728104 29.698513 29.632579 29.490985 29.196975 28.604124 27.436965 25.181764 20.900386 13.032255 0.000000 
50.000000 43.978720 38.372653 33.511294 29.582129 26.619098 24.531565 23.155452 22.305231 21.811999 21.542828 21.404378 21.337132 21.306230 21.292769 21.287202 21.285012 21.284191 21.283897 21.283797 21.283764 21.283754 21.283751 21.283750 21.283749 21.283749 21.283749 21.283749 21.283749 21.283749 21.283748 21.283743 21.283729 21.283687 21.283561 21.283204 21.282234 21.279707 21.273398 21.258303 21.223695 21.147647 20.987374 20.663164 20.033188 18.857449 16.755647 13.190889 7.599954 0.000000 
50.000000 42.543822 35.601851 29.582129 24.716820 21.047925 18.463175 16.759357 15.706710 15.096073 14.762849 14.591463 14.508223 14.469974 14.453315 14.446425 14.443714 14.442699 14.442335 14.442211 14.442170 14.442157 14.442154 14.442152 14.442152 14.442152 14.442152 14.442152 14.442152 14.442152 14.442150 14.442146 14.442132 14.442089 14.441964 14.441610 14.440654 14.438178 14.432042 14.417495 14.384535 14.313198 14.165800 13.875303 13.330056 12.358410 10.724680 8.164887 4.517052 0.000000 
50.000000 41.461711 33.512312 26.619098 21.047925 16.846860 13.887294 11.936482 10.731291 10.032201 9.650727 9.454536 9.359256 9.315476 9.296410 9.288525 9.285423 9.284261 9.283845 9.283703 9.283656 9.283642 9.283637 9.283636 9.283636 9.283636 9.283636 9.283636 9.283635 9.283635 9.283634 9.283630 9.283618 9.283581 9.283473 9.283169 9.282353 9.280252 9.275085 9.262956 9.235803 9.177914 9.060546 8.834700 8.423430 7.717869 6.585910 4.908187 2.656156 0.000000 
50.000000 40.699302 32.040139 24.531565 18.463175 13.887294 10.663782 8.539070 7.226503 6.465163 6.049744 5.836107 5.732360 5.684693 5.663935 5.655351 5.651975 5.650710 5.650257 5.650102 5.650052 5.650036 5.650031 5.650030 5.650029 5.650029 5.650029 5.650029 5.650029 5.650029 5.650028 5.650025 5.650015 5.649987 5.649904 5.649672 5.649050 5.647462 5.643588 5.634578 5.614644 5.572739 5.489232 5.331891 5.052594 4.587872 3.868401 2.843164 1.519087 0.000000 
50.000000 40.196694 31.069646 23.155452 16.759357 11.936482 8.539070 6.299811 4.916533 4.114212 3.676451 3.451336 3.342020 3.291798 3.269929 3.260886 3.257329 3.255996 3.255519 3.255356 3.255303 3.255286 3.255281 3.255280 3.255279 3.255279 3.255279 3.255279 3.255279 3.255279 3.255278 3.255276 3.255270 3.255250 3.255192 3.255031 3.254603 3.253516 3.250883 3.244818 3.231540 3.203985 3.149906 3.049838 2.875936 2.593557 2.168078 1.578661 0.836828 0.000000 
50.000000 39.886143 30.470013 22.305231 15.706710 10.731291 7.226503 4.916533 3.489617 2.662013 2.210475 1.978284 1.865537 1.813741 1.791186 1.781861 1.778193 1.776819 1.776327 1.776159 1.776104 1.776087 1.776082 1.776080 1.776080 1.776080 1.776080 1.776080 1.776080 1.776080 1.776079 1.776078 1.776074 1.776061 1.776024 1.775922 1.775652 1.774970 1.773331 1.769586 1.761467 1.744809 1.712548 1.653764 1.553377 1.393512 1.157584 0.837434 0.441622 0.000000 
50.000000 39.705974 30.122139 21.811999 15.096073 10.032201 6.465163 4.114212 2.662013 1.819767 1.360252 1.123966 1.009234 0.956527 0.933578 0.924089 0.920357 0.918959 0.918459 0.918288 0.918232 0.918214 0.918209 0.918208 0.918207 0.918207 0.918207 0.918207 0.918207 0.918207 0.918207 0.918206 0.918203 0.918196 0.918174 0.918115 0.917957 0.917562 0.916619 0.914480 0.909883 0.900547 0.882672 0.850519 0.796397 0.711539 0.588303 0.423627 0.222608 0.000000 
50.000000 39.607644 29.932287 21.542828 14.762849 9.650727 6.049744 3.676451 2.210475 1.360252 0.896393 0.657878 0.542067 0.488865 0.465701 0.456123 0.452357 0.450946 0.450441 0.450268 0.450212 0.450194 0.450189 0.450187 0.450187 0.450187 0.450187 0.450187 0.450187 0.450187 0.450187 0.450186 0.450185 0.450181 0.450169 0.450136 0.450051 0.449839 0.449334 0.448197 0.445772 0.440889 0.431633 0.415165 0.387771 0.345354 0.284525 0.204183 0.107022 0.000000 
50.000000 39.557064 29.834631 21.404378 14.591463 9.454536 5.836107 3.451336 1.978284 1.123966 0.657878 0.418221 0.301855 0.248401 0.225126 0.215503 0.211719 0.210301 0.209794 0.209621 0.209564 0.209546 0.209541 0.209539 0.209539 0.209539 0.209539 0.209539 0.209539 0.209539 0.209539 0.209538 0.209538 0.209536 0.209530 0.209513 0.209470 0.209363 0.209110 0.208545 0.207347 0.204953 0.200453 0.192519 0.179451 0.159421 0.130980 0.093753 0.049049 0.000000 
50.000000 39.532495 29.787196 21.337132 14.508223 9.359256 5.732360 3.342020 1.865537 1.009234 0.542067 0.301855 0.185222 0.131645 0.108317 0.098672 0.094879 0.093458 0.092950 0.092776 0.092720 0.092702 0.092696 0.092695 0.092694 0.092694 0.092694 0.092694 0.092694 0.092694 0.092694 0.092694 0.092694 0.092693 0.092690 0.092682 0.092662 0.092611 0.092492 0.092228 0.091671 0.090567 0.088505 0.084897 0.079004 0.070045 0.057425 0.041022 0.021431 0.000000 
50.000000 39.521204 29.765397 21.306230 14.469974 9.315476 5.684693 3.291798 1.813741 0.956527 0.488865 0.248401 0.131645 0.078011 0.054659 0.045005 0.041208 0.039785 0.039276 0.039103 0.039046 0.039028 0.039022 0.039021 0.039020 0.039020 0.039020 0.039020 0.039020 0.039020 0.039020 0.039020 0.039020 0.039020 0.039018 0.039015 0.039006 0.038983 0.038931 0.038814 0.038570 0.038089 0.037195 0.035643 0.033123 0.029320 0.023996 0.017115 0.008932 0.000000 
50.000000 39.516285 29.755901 21.292769 14.453315 9.296410 5.663935 3.269929 1.791186 0.933578 0.465701 0.225126 0.108317 0.054659 0.031297 0.021638 0.017839 0.016416 0.015907 0.015733 0.015676 0.015658 0.015653 0.015651 0.015651 0.015651 0.015651 0.015651 0.015651 0.015651 0.015651 0.015651 0.015651 0.015650 0.015650 0.015648 0.015644 0.015635 0.015613 0.015564 0.015463 0.015264 0.014898 0.014264 0.013240 0.011704 0.009566 0.006814 0.003553 0.000000 
50.000000 39.514250 29.751974 21.287202 14.446425 9.288525 5.655351 3.260886 1.781861 0.924089 0.456123 0.215503 0.098672 0.045005 0.021638 0.011977 0.008178 0.006754 0.006245 0.006071 0.006014 0.005996 0.005991 0.005989 0.005989 0.005989 0.005989 0.005989 0.005989 0.005989 0.005989 0.005989 0.005989 0.005989 0.005988 0.005988 0.005986 0.005983 0.005974 0.005955 0.005915 0.005837 0.005694 0.005447 0.005052 0.004461 0.003642 0.002592 0.001350 0.000000 
50.000000 39.513450 29.750428 21.285012 14.443714 9.285423 5.651975 3.257329 1.778193 0.920357 0.452357 0.211719 0.094879 0.041208 0.017839 0.008178 0.004378 0.002954 0.002445 0.002271 0.002214 0.002197 0.002191 0.002190 0.002189 0.002189 0.002189 0.002189 0.002189 0.002189 0.002189 0.002189 0.002189 0.002189 0.002189 0.002189 0.002188 0.002187 0.002183 0.002176 0.002161 0.002132 0.002079 0.001988 0.001842 0.001625 0.001326 0.000943 0.000491 0.000000 
50.000000 39.513150 29.749849 21.284191 14.442699 9.284261 5.650710 3.255996 1.776819 0.918959 0.450946 0.210301 0.093458 0.039785 0.016416 0.006754 0.002954 0.001531 0.001022 0.000848 0.000791 0.000773 0.000768 0.000766 0.000766 0.000765 0.000765 0.000765 0.000765 0.000765 0.000765 0.000765 0.000765 0.000765 0.000765 0.000765 0.000765 0.000765 0.000763 0.000761 0.000755 0.000745 0.000726 0.000694 0.000643 0.000567 0.000462 0.000328 0.000171 0.000000 
50.000000 39.513042 29.749642 21.283897 14.442335 9.283845 5.650257 3.255519 1.776327 0.918459 0.450441 0.209794 0.092950 0.039276 0.015907 0.006245 0.002445 0.001022 0.000513 0.000339 0.000282 0.000264 0.000258 0.000257 0.000256 0.000256 0.000256 0.000256 0.000256 0.000256 0.000256 0.000256 0.000256 0.000256 0.000256 0.000256 0.000256 0.000256 0.000256 0.000255 0.000253 0.000249 0.000243 0.000232 0.000215 0.000189 0.000154 0.000109 0.000057 0.000000 
50.000000 39.513006 29.749571 21.283797 14.442211 9.283703 5.650102 3.255356 1.776159 0.918288 0.450268 0.209621 0.092776 0.039103 0.015733 0.006071 0.002271 0.000848 0.000339 0.000165 0.000108 0.000090 0.000084 0.000083 0.000082 0.000082 0.000082 0.000082 0.000082 0.000082 0.000082 0.000082 0.000082 0.000082 0.000082 0.000082 0.000082 0.000082 0.000082 0.000082 0.000081 0.000080 0.000078 0.000074 0.000069 0.000061 0.000049 0.000035 0.000018 0.000000 
50.000000 39.512994 29.749548 21.283764 14.442170 9.283656 5.650052 3.255303 1.776104 0.918232 0.450212 0.209564 0.092720 0.039046 0.015676 0.006014 0.002214 0.000791 0.000282 0.000108 0.000051 0.000033 0.000028 0.000026 0.000026 0.000025 0.000025 0.000025 0.000025 0.000025 0.000025 0.000025 0.000025 0.000025 0.000025 0.000025 0.000025 0.000025 0.000025 0.000025 0.000025 0.000025 0.000024 0.000023 0.000021 0.000019 0.000015 0.000011 0.000006 0.000000 
50.000000 39.512990 29.749541 21.283754 14.442157 9.283642 5.650036 3.255286 1.776087 0.918214 0.450194 0.209546 0.092702 0.039028 0.015658 0.005996 0.002197 0.000773 0.000264 0.000090 0.000033 0.000015 0.000010 0.000008 0.000008 0.000008 0.000008 0.000008 0.000008 0.000008 0.000008 0.000008 0.000008 0.000008 0.000008 0.000008 0.000008 0.000008 0.000007 0.000007 0.000007 0.000007 0.000007 0.000007 0.000006 0.000006 0.000004 0.000003 0.000002 0.000000 
50.000000 39.512989 29.749538 21.283751 14.442154 9.283637 5.650031 3.255281 1.776082 0.918209 0.450189 0.209541 0.092696 0.039022 0.015653 0.005991 0.002191 0.000768 0.000258 0.000084 0.000028 0.000010 0.000004 0.000003 0.000002 0.000002 0.000002 0.000002 0.000002 0.000002 0.000002 0.000002 0.000002 0.000002 0.000002 0.000002 0.000002 0.000002 0.000002 0.000002 0.000002 0.000002 0.000002 0.000002 0.000002 0.000002 0.000001 0.000001 0.000000 0.000000 
50.000000 39.512988 29.749538 21.283750 14.442152 9.283636 5.650030 3.255280 1.776080 0.918208 0.450187 0.209539 0.092695 0.039021 0.015651 0.005989 0.002190 0.000766 0.000257 0.000083 0.000026 0.000008 0.000003 0.000001 0.000001 0.000001 0.000001 0.000001 0.000001 0.000001 0.000001 0.000001 0.000001 0.000001 0.000001 0.000001 0.000001 0.000001 0.000001 0.000001 0.000001 0.000001 0.000001 0.000001 0.000000 0.000000 0.000000 0.000000 0.000000 0.000000 
50.000000 39.512988 29.749538 21.283749 14.442152 9.283636 5.650029 3.255279 1.776080 0.918207 0.450187 0.209539 0.092694 0.039021 0.015651 0.005989 0.002189 0.000766 0.000256 0.000082 0.000026 0.000008 0.000002 0.000001 0.000000 0.000000 0.000000 0.000000 0.000000 0.000000 0.000000 0.000000 0.000000 0.000000 0.000000 0.000000 0.000000 0.000000 0.000000 0.000000 0.000000 0.000000 0.000000 0.000000 0.000000 0.000000 0.000000 0.000000 0.000000 0.000000 
50.000000 39.512988 29.749538 21.283749 14.442152 9.283636 5.650029 3.255279 1.776080 0.918207 0.450187 0.209539 0.092694 0.039021 0.015651 0.005989 0.002189 0.000766 0.000256 0.000082 0.000026 0.000008 0.000002 0.000001 0.000000 0.000000 0.000000 0.000000 0.000000 0.000000 0.000000 0.000000 0.000000 0.000000 0.000000 0.000000 0.000000 0.000000 0.000000 0.000000 0.000000 0.000000 0.000000 0.000000 0.000000 0.000000 0.000000 0.000000 0.000000 0.000000 
50.000000 39.512988 29.749538 21.283750 14.442152 9.283636 5.650030 3.255280 1.776080 0.918208 0.450187 0.209539 0.092695 0.039021 0.015651 0.005989 0.002190 0.000766 0.000257 0.000083 0.000026 0.000008 0.000003 0.000001 0.000001 0.000001 0.000001 0.000001 0.000001 0.000001 0.000001 0.000001 0.000001 0.000001 0.000001 0.000001 0.000001 0.000001 0.000001 0.000001 0.000001 0.000001 0.000001 0.000001 0.000000 0.000000 0.000000 0.000000 0.000000 0.000000 
50.000000 39.512989 29.749538 21.283751 14.442154 9.283637 5.650031 3.255281 1.776082 0.918209 0.450189 0.209541 0.092696 0.039022 0.015653 0.005991 0.002191 0.000768 0.000258 0.000084 0.000028 0.000010 0.000004 0.000003 0.000002 0.000002 0.000002 0.000002 0.000002 0.000002 0.000002 0.000002 0.000002 0.000002 0.000002 0.000002 0.000002 0.000002 0.000002 0.000002 0.000002 0.000002 0.000002 0.000002 0.000002 0.000002 0.000001 0.000001 0.000000 0.000000 
50.000000 39.512990 29.749541 21.283754 14.442157 9.283642 5.650036 3.255286 1.776087 0.918214 0.450194 0.209546 0.092702 0.039028 0.015658 0.005996 0.002197 0.000773 0.000264 0.000090 0.000033 0.000015 0.000010 0.000008 0.000008 0.000008 0.000008 0.000008 0.000008 0.000008 0.000008 0.000008 0.000008 0.000008 0.000008 0.000008 0.000008 0.000008 0.000007 0.000007 0.000007 0.000007 0.000007 0.000007 0.000006 0.000006 0.000004 0.000003 0.000002 0.000000 
50.000000 39.512994 29.749548 21.283764 14.442170 9.283656 5.650052 3.255303 1.776104 0.918232 0.450212 0.209564 0.092720 0.039046 0.015676 0.006014 0.002214 0.000791 0.000282 0.000108 0.000051 0.000033 0.000028 0.000026 0.000026 0.000025 0.000025 0.000025 0.000025 0.000025 0.000025 0.000025 0.000025 0.000025 0.000025 0.000025 0.000025 0.000025 0.000025 0.000025 0.000025 0.000025 0.000024 0.000023 0.000021 0.000019 0.000015 0.000011 0.000006 0.000000 
50.000000 39.513006 29.749571 21.283797 14.442211 9.283703 5.650102 3.255356 1.776159 0.918288 0.450268 0.209621 0.092776 0.039103 0.015733 0.006071 0.002271 0.000848 0.000339 0.000165 0.000108 0.000090 0.000084 0.000083 0.000082 0.000082 0.000082 0.000082 0.000082 0.000082 0.000082 0.000082 0.000082 0.000082 0.000082 0.000082 0.000082 0.000082 0.000082 0.000082 0.000081 0.000080 0.000078 0.000074 0.000069 0.000061 0.000049 0.000035 0.000018 0.000000 
50.000000 39.513042 29.749642 21.283897 14.442335 9.283845 5.650257 3.255519 1.776327 0.918459 0.450441 0.209794 0.092950 0.039276 0.015907 0.006245 0.002445 0.001022 0.000513 0.000339 0.000282 0.000264 0.000258 0.000257 0.000256 0.000256 0.000256 0.000256 0.000256 0.000256 0.000256 0.000256 0.000256 0.000256 0.000256 0.000256 0.000256 0.000256 0.000256 0.000255 0.000253 0.000249 0.000243 0.000232 0.000215 0.000189 0.000154 0.000109 0.000057 0.000000 
50.000000 39.513150 29.749849 21.284191 14.442699 9.284261 5.650710 3.255996 1.776819 0.918959 0.450946 0.210301 0.093458 0.039785 0.016416 0.006754 0.002954 0.001531 0.001022 0.000848 0.000791 0.000773 0.000768 0.000766 0.000766 0.000765 0.000765 0.000765 0.000765 0.000765 0.000765 0.000765 0.000765 0.000765 0.000765 0.000765 0.000765 0.000765 0.000763 0.000761 0.000755 0.000745 0.000726 0.000694 0.000643 0.000567 0.000462 0.000328 0.000171 0.000000 
50.000000 39.513450 29.750428 21.285012 14.443714 9.285423 5.651975 3.257329 1.778193 0.920357 0.452357 0.211719 0.094879 0.041208 0.017839 0.008178 0.004378 0.002954 0.002445 0.002271 0.002214 0.002197 0.002191 0.002190 0.002189 0.002189 0.002189 0.002189 0.002189 0.002189 0.002189 0.002189 0.002189 0.002189 0.002189 0.002189 0.002188 0.002187 0.002183 0.002176 0.002161 0.002132 0.002079 0.001988 0.001842 0.001625 0.001326 0.000943 0.000491 0.000000 
50.000000 39.514250 29.751974 21.287202 14.446425 9.288525 5.655351 3.260886 1.781861 0.924089 0.456123 0.215503 0.098672 0.045005 0.021638 0.011977 0.008178 0.006754 0.006245 0.006071 0.006014 0.005996 0.005991 0.005989 0.005989 0.005989 0.005989 0.005989 0.005989 0.005989 0.005989 0.005989 0.005989 0.005989 0.005988 0.005988 0.005986 0.005983 0.005974 0.005955 0.005915 0.005837 0.005694 0.005447 0.005052 0.004461 0.003642 0.002592 0.001350 0.000000 
50.000000 39.516285 29.755901 21.292769 14.453315 9.296410 5.663935 3.269929 1.791186 0.933578 0.465701 0.225126 0.108317 0.054659 0.031297 0.021638 0.017839 0.016416 0.015907 0.015733 0.015676 0.015658 0.015653 0.015651 0.015651 0.015651 0.015651 0.015651 0.015651 0.015651 0.015651 0.015651 0.015651 0.015650 0.015650 0.015648 0.015644 0.015635 0.015613 0.015564 0.015463 0.015264 0.014898 0.014264 0.013240 0.011704 0.009566 0.006814 0.003553 0.000000 
50.000000 39.521204 29.765397 21.306230 14.469974 9.315476 5.684693 3.291798 1.813741 0.956527 0.488865 0.248401 0.131645 0.078011 0.054659 0.045005 0.041208 0.039785 0.039276 0.039103 0.039046 0.039028 0.039022 0.039021 0.039020 0.039020 0.039020 0.039020 0.039020 0.039020 0.039020 0.039020 0.039020 0.039020 0.039018 0.039015 0.039006 0.038983 0.038931 0.038814 0.038570 0.038089 0.037195 0.035643 0.033123 0.029320 0.023996 0.017115 0.008932 0.000000 
50.000000 39.532495 29.787196 21.337132 14.508223 9.359256 5.732360 3.342020 1.865537 1.009234 0.542067 0.301855 0.185222 0.131645 0.108317 0.098672 0.094879 0.093458 0.092950 0.092776 0.092720 0.092702 0.092696 0.092695 0.092694 0.092694 0.092694 0.092694 0.092694 0.092694 0.092694 0.092694 0.092694 0.092693 0.092690 0.092682 0.092662 0.092611 0.092492 0.092228 0.091671 0.090567 0.088505 0.084897 0.079004 0.070045 0.057425 0.041022 0.021431 0.000000 
50.000000 39.557064 29.834631 21.404378 14.591463 9.454536 5.836107 3.451336 1.978284 1.123966 0.657878 0.418221 0.301855 0.248401 0.225126 0.215503 0.211719 0.210301 0.209794 0.209621 0.209564 0.209546 0.209541 0.209539 0.209539 0.209539 0.209539 0.209539 0.209539 0.209539 0.209539 0.209538 0.209538 0.209536 0.209530 0.209513 0.209470 0.209363 0.209110 0.208545 0.207347 0.204953 0.200453 0.192519 0.179451 0.159421 0.130980 0.093753 0.049049 0.000000 
50.000000 39.607644 29.932287 21.542828 14.762849 9.650727 6.049744 3.676451 2.210475 1.360252 0.896393 0.657878 0.542067 0.488865 0.465701 0.456123 0.452357 0.450946 0.450441 0.450268 0.450212 0.450194 0.450189 0.450187 0.450187 0.450187 0.450187 0.450187 0.450187 0.450187 0.450187 0.450186 0.450185 0.450181 0.450169 0.450136 0.450051 0.449839 0.449334 0.448197 0.445772 0.440889 0.431633 0.415165 0.387771 0.345354 0.284525 0.204183 0.107022 0.000000 
50.000000 39.705974 30.122139 21.811999 15.096073 10.032201 6.465163 4.114212 2.662013 1.819767 1.360252 1.123966 1.009234 0.956527 0.933578 0.924089 0.920357 0.918959 0.918459 0.918288 0.918232 0.918214 0.918209 0.918208 0.918207 0.918207 0.918207 0.918207 0.918207 0.918207 0.918207 0.918206 0.918203 0.918196 0.918174 0.918115 0.917957 0.917562 0.916619 0.914480 0.909883 0.900547 0.882672 0.850519 0.796397 0.711539 0.588303 0.423627 0.222608 0.000000 
50.000000 39.886143 30.470013 22.305231 15.706710 10.731291 7.226503 4.916533 3.489617 2.662013 2.210475 1.978284 1.865537 1.813741 1.791186 1.781861 1.778193 1.776819 1.776327 1.776159 1.776104 1.776087 1.776082 1.776080 1.776080 1.776080 1.776080 1.776080 1.776080 1.776080 1.776079 1.776078 1.776074 1.776061 1.776024 1.775922 1.775652 1.774970 1.773331 1.769586 1.761467 1.744809 1.712548 1.653764 1.553377 1.393512 1.157584 0.837434 0.441622 0.000000 
50.000000 40.196694 31.069646 23.155452 16.759357 11.936482 8.539070 6.299811 4.916533 4.114212 3.676451 3.451336 3.342020 3.291798 3.269929 3.260886 3.257329 3.255996 3.255519 3.255356 3.255303 3.255286 3.255281 3.255280 3.255279 3.255279 3.255279 3.255279 3.255279 3.255279 3.255278 3.255276 3.255270 3.255250 3.255192 3.255031 3.254603 3.253516 3.250883 3.244818 3.231540 3.203985 3.149906 3.049838 2.875936 2.593557 2.168078 1.578661 0.836828 0.000000 
50.000000 40.699302 32.040139 24.531565 18.463175 13.887294 10.663782 8.539070 7.226503 6.465163 6.049744 5.836107 5.732360 5.684693 5.663935 5.655351 5.651975 5.650710 5.650257 5.650102 5.650052 5.650036 5.650031 5.650030 5.650029 5.650029 5.650029 5.650029 5.650029 5.650029 5.650028 5.650025 5.650015 5.649987 5.649904 5.649672 5.649050 5.647462 5.643588 5.634578 5.614644 5.572739 5.489232 5.331891 5.052594 4.587872 3.868401 2.843164 1.519087 0.000000 
50.000000 41.461711 33.512312 26.619098 21.047925 16.846860 13.887294 11.936482 10.731291 10.032201 9.650727 9.454536 9.359256 9.315476 9.296410 9.288525 9.285423 9.284261 9.283845 9.283703 9.283656 9.283642 9.283637 9.283636 9.283636 9.283636 9.283636 9.283636 9.283635 9.283635 9.283634 9.283630 9.283618 9.283581 9.283473 9.283169 9.282353 9.280252 9.275085 9.262956 9.235803 9.177914 9.060546 8.834700 8.423430 7.717869 6.585910 4.908187 2.656156 0.000000 
50.000000 42.543822 35.601851 29.582129 24.716820 21.047925 18.463175 16.759357 15.706710 15.096073 14.762849 14.591463 14.508223 14.469974 14.453315 14.446425 14.443714 14.442699 14.442335 14.442211 14.442170 14.442157 14.442154 14.442152 14.442152 14.442152 14.442152 14.442152 14.442152 14.442152 14.442150 14.442146 14.442132 14.442089 14.441964 14.441610 14.440654 14.438178 14.432042 14.417495 14.384535 14.313198 14.165800 13.875303 13.330056 12.358410 10.724680 8.164887 4.517052 0.000000 
50.000000 43.978720 38.372653 33.511294 29.582129 26.619098 24.531565 23.155452 22.305231 21.811999 21.542828 21.404378 21.337132 21.306230 21.292769 21.287202 21.285012 21.284191 21.283897 21.283797 21.283764 21.283754 21.283751 21.283750 21.283749 21.283749 21.283749 21.283749 21.283749 21.283749 21.283748 21.283743 21.283729 21.283687 21.283561 21.283204 21.282234 21.279707 21.273398 21.258303 21.223695 21.147647 20.987374 20.663164 20.033188 18.857449 16.755647 13.190889 7.599954 0.000000 
50.000000 45.754000 41.800773 38.372653 35.601851 33.512312 32.040139 31.069646 30.470013 30.122139 29.932287 29.834631 29.787196 29.765397 29.755901 29.751974 29.750428 29.749849 29.749642 29.749571 29.749548 29.749541 29.749538 29.749538 29.749538 29.749537 29.749537 29.749537 29.749537 29.749537 29.749536 29.749532 29.749521 29.749486 29.749382 29.749087 29.748282 29.746174 29.740878 29.728104 29.698513 29.632579 29.490985 29.196975 28.604124 27.436965 25.181764 20.900386 13.032255 0.000000 
50.000000 47.801197 45.754000 43.978720 42.543822 41.461711 40.699302 40.196694 39.886143 39.705974 39.607644 39.557064 39.532495 39.521204 39.516285 39.514250 39.513450 39.513150 39.513042 39.513006 39.512994 39.512990 39.512989 39.512988 39.512988 39.512988 39.512988 39.512988 39.512988 39.512988 39.512987 39.512985 39.512979 39.512959 39.512900 39.512732 39.512272 39.511064 39.508015 39.500622 39.483366 39.444521 39.359866 39.180215 38.805555 38.026770 36.378766 32.721745 23.900599 0.000000 
50.000000 50.000000 50.000000 50.000000 50.000000 50.000000 50.000000 50.000000 50.000000 50.000000 50.000000 50.000000 50.000000 50.000000 50.000000 50.000000 50.000000 50.000000 50.000000 50.000000 50.000000 50.000000 50.000000 50.000000 50.000000 50.000000 50.000000 50.000000 50.000000 50.000000 50.000000 50.000000 50.000000 50.000000 50.000000 50.000000 50.000000 50.000000 50.000000 50.000000 50.000000 50.000000 50.000000 50.000000 50.000000 50.000000 50.000000 50.000000 50.000000 50.000000 
