50.000000 50.000000 50.000000 50.000000 50.000000 50.000000 50.000000 50.000000 50.000000 50.000000 50.000000 50.000000 50.000000 50.000000 50.000000 50.000000 50.000000 50.000000 50.000000 50.000000 50.000000 50.000000 50.000000 50.000000 50.000000 50.000000 50.000000 50.000000 50.000000 50.000000 50.000000 50.000000 50.000000 50.000000 50.000000 50.000000 50.000000 50.000000 50.000000 50.000000 50.000000 50.000000 50.000000 50.000000 50.000000 50.000000 50.000000 50.000000 50.000000 50.000000 
50.000000 48.942247 47.919617 46.963736 46.099818 45.344773 44.706557 44.184718 43.771890 43.455826 43.221584 43.053481 42.936629 42.857925 42.806541 42.774013 42.754038 42.742135 42.735249 42.731380 42.729267 42.728146 42.727568 42.727277 42.727133 42.727062 42.727022 42.726988 42.726940 42.726849 42.726665 42.726296 42.725567 42.724162 42.721507 42.716601 42.707718 42.691942 42.664424 42.617186 42.537161 42.402875 42.178503 41.802436 41.163274 40.044117 37.978458 33.833665 24.471124 0.000000 
50.000000 47.919617 45.908313 44.028293 42.329147 40.844134 39.588901 38.562560 37.750619 37.128995 36.668296 36.337679 36.107861 35.953069 35.852013 35.788039 35.748754 35.725344 35.711801 35.704191 35.700037 35.697832 35.696694 35.696122 35.695840 35.695700 35.695622 35.695557 35.695466 35.695295 35.694948 35.694254 35.692886 35.690249 35.685278 35.676109 35.659548 35.630227 35.579285 35.492287 35.345925 35.102675 34.701824 34.043753 32.961133 31.164247 28.136871 22.954157 14.085952 0.000000 
50.000000 46.963736 44.028293 41.284457 38.804607 36.637284 34.805321 33.307422 32.122435 31.215212 30.542850 30.060340 29.724939 29.499036 29.351554 29.258192 29.200861 29.166697 29.146932 29.135828 29.129765 29.126548 29.124888 29.124052 29.123641 29.123437 29.123325 29.123235 29.123110 29.122876 29.122407 29.121466 29.119617 29.116061 29.109375 29.097081 29.074959 29.035980 28.968667 28.854595 28.664625 28.353164 27.849385 27.043696 25.767045 23.761001 20.642228 15.891422 8.985278 0.000000 
50.000000 46.099818 42.329147 38.804607 35.619173 32.835197 30.482008 28.557939 27.035818 25.870493 25.006853 24.387080 23.956269 23.666106 23.476674 23.356756 23.283119 23.239239 23.213854 23.199591 23.191805 23.187673 23.185541 23.184468 23.183940 23.183680 23.183539 23.183429 23.183281 23.183009 23.182465 23.181377 23.179245 23.175155 23.167492 23.153458 23.128329 23.084319 23.008884 22.882250 22.673882 22.337537 21.804513 20.974866 19.707115 17.809587 15.043607 11.164899 6.055701 0.000000 
50.000000 45.344773 40.844134 36.637284 32.835197 29.512296 26.703588 24.407081 22.590338 21.199462 20.168672 19.428953 18.914772 18.568460 18.342375 18.199256 18.111373 18.059004 18.028709 18.011688 18.002396 17.997465 17.994920 17.993641 17.993011 17.992702 17.992537 17.992415 17.992257 17.991970 17.991401 17.990268 17.988052 17.983818 17.975916 17.961512 17.935866 17.891257 17.815434 17.689454 17.484803 17.159723 16.654890 15.889035 14.756148 13.128082 10.870238 7.883001 4.181499 0.000000 
50.000000 44.706557 39.588901 34.805321 30.482008 26.703588 23.509866 20.898573 18.832821 17.251320 16.079267 15.238182 14.653548 14.259789 14.002732 13.840009 13.740090 13.680550 13.646106 13.626755 13.616191 13.610585 13.607692 13.606238 13.605524 13.605174 13.604991 13.604862 13.604704 13.604425 13.603875 13.602784 13.600659 13.596613 13.589096 13.575463 13.551339 13.509684 13.439497 13.324106 13.139043 12.849626 12.408639 11.754933 10.814553 9.507141 7.761625 5.545148 2.904121 0.000000 
50.000000 44.184718 38.562560 33.307422 28.557939 24.407081 20.898573 18.029918 15.760589 14.023248 12.735714 11.811769 11.169545 10.737005 10.454633 10.275889 10.166132 10.100732 10.062899 10.041643 10.030040 10.023883 10.020706 10.019109 10.018326 10.017944 10.017748 10.017617 10.017468 10.017212 10.016714 10.015731 10.013823 10.010206 10.003516 9.991449 9.970230 9.933862 9.873119 9.774284 9.617708 9.376384 9.014959 8.489934 7.752191 6.753425 5.458036 3.860736 2.006215 0.000000 
50.000000 43.771890 37.750619 32.122435 27.035818 22.590338 18.832821 15.760589 13.330233 11.469630 10.090759 9.101280 8.413513 7.950305 7.647916 7.456503 7.338970 7.268936 7.228424 7.205663 7.193239 7.186646 7.183244 7.181535 7.180697 7.180291 7.180086 7.179957 7.179822 7.179600 7.179174 7.178337 7.176720 7.173668 7.168048 7.157968 7.140356 7.110388 7.060758 6.980800 6.855575 6.665117 6.384206 5.983195 5.430615 4.698282 3.769271 2.647943 1.369015 0.000000 
50.000000 43.455826 37.128995 31.215212 25.870493 21.199462 17.251320 14.023248 11.469630 9.514675 8.065896 7.026261 6.303638 5.816960 5.499255 5.298149 5.174666 5.101087 5.058525 5.034614 5.021561 5.014636 5.011062 5.009267 5.008387 5.007963 5.007752 5.007627 5.007509 5.007325 5.006978 5.006302 5.005000 5.002554 4.998072 4.990077 4.976191 4.952733 4.914195 4.852676 4.757338 4.614055 4.405540 4.112276 3.714658 3.196611 2.550586 1.783070 0.918665 0.000000 
50.000000 43.221584 36.668296 30.542850 25.006853 20.168672 16.079267 12.735714 10.090759 8.065896 6.565321 5.488527 4.740083 4.236020 3.906969 3.698685 3.570795 3.494592 3.450512 3.425748 3.412231 3.405059 3.401358 3.399499 3.398589 3.398152 3.397938 3.397819 3.397716 3.397570 3.397300 3.396778 3.395779 3.393910 3.390500 3.384450 3.374005 3.356476 3.327896 3.282660 3.213220 3.109959 2.961430 2.755160 2.479217 2.124603 1.688255 1.176008 0.604398 0.000000 
50.000000 43.053481 36.337679 30.060340 24.387080 19.428953 15.238182 11.811769 9.101280 7.026261 5.488527 4.385076 3.618110 3.101579 2.764391 2.550958 2.419909 2.341824 2.296656 2.271282 2.257431 2.250082 2.246290 2.244386 2.243454 2.243008 2.242793 2.242678 2.242591 2.242478 2.242276 2.241891 2.241157 2.239790 2.237308 2.232925 2.225401 2.212854 2.192538 2.160630 2.112066 2.040522 1.938650 1.798686 1.613519 1.378196 1.091674 0.758394 0.389057 0.000000 
50.000000 42.936629 36.107861 29.724939 23.956269 18.914772 14.653548 11.169545 8.413513 6.303638 4.740083 3.618110 2.838277 2.313083 1.970243 1.753234 1.619990 1.540599 1.494676 1.468877 1.454795 1.447324 1.443469 1.441533 1.440586 1.440134 1.439918 1.439809 1.439734 1.439648 1.439503 1.439230 1.438712 1.437753 1.436019 1.432971 1.427767 1.419138 1.405257 1.383606 1.350905 1.303125 1.235682 1.143864 1.023514 0.871949 0.688959 0.477634 0.244688 0.000000 
50.000000 42.857925 35.953069 29.499036 23.666106 18.568460 14.259789 10.737005 7.950305 5.816960 4.236020 3.101579 2.313083 1.782058 1.435414 1.215999 1.081279 1.001008 0.954577 0.928493 0.914255 0.906701 0.902804 0.900847 0.899891 0.899434 0.899218 0.899113 0.899048 0.898983 0.898882 0.898695 0.898345 0.897697 0.896532 0.894493 0.891029 0.885316 0.876177 0.862015 0.840769 0.809949 0.766774 0.708450 0.632594 0.537776 0.424077 0.293522 0.150207 0.000000 
50.000000 42.806542 35.852013 29.351554 23.476674 18.342375 14.002732 10.454633 7.647916 5.499255 3.906969 2.764391 1.970243 1.435414 1.086289 0.865305 0.729621 0.648777 0.602015 0.575745 0.561406 0.553798 0.549873 0.547902 0.546939 0.546480 0.546265 0.546162 0.546105 0.546056 0.545987 0.545864 0.545635 0.545214 0.544459 0.543145 0.540921 0.537272 0.531466 0.522520 0.509178 0.489948 0.463184 0.427269 0.380863 0.323216 0.254473 0.175903 0.089940 0.000000 
50.000000 42.774013 35.788039 29.258192 23.356756 18.199256 13.840009 10.275889 7.456503 5.298149 3.698685 2.550958 1.753234 1.215999 0.865305 0.643327 0.507035 0.425829 0.378857 0.352469 0.338066 0.330424 0.326482 0.324503 0.323535 0.323075 0.322860 0.322759 0.322707 0.322669 0.322623 0.322544 0.322399 0.322135 0.321664 0.320846 0.319467 0.317216 0.313650 0.308184 0.300077 0.288455 0.272373 0.250914 0.223340 0.189264 0.148817 0.102761 0.052506 0.000000 
50.000000 42.754039 35.748754 29.200861 23.283119 18.111373 13.740090 10.166133 7.338970 5.174666 3.570795 2.419909 1.619991 1.081279 0.729621 0.507035 0.370369 0.288941 0.241840 0.215381 0.200938 0.193276 0.189322 0.187338 0.186368 0.185907 0.185692 0.185593 0.185544 0.185514 0.185483 0.185434 0.185345 0.185185 0.184900 0.184408 0.183582 0.182238 0.180119 0.176886 0.172112 0.165303 0.155927 0.143477 0.127555 0.107964 0.084800 0.058505 0.029877 0.000000 
50.000000 42.742135 35.725344 29.166697 23.239239 18.059005 13.680550 10.100732 7.268937 5.101088 3.494593 2.341825 1.540600 1.001009 0.648778 0.425829 0.288941 0.207380 0.160204 0.133701 0.119235 0.111560 0.107601 0.105613 0.104642 0.104180 0.103965 0.103867 0.103821 0.103796 0.103774 0.103744 0.103691 0.103597 0.103431 0.103144 0.102665 0.101888 0.100668 0.098814 0.096088 0.092217 0.086910 0.079892 0.070953 0.059995 0.047081 0.032459 0.016568 0.000000 
50.000000 42.735249 35.711801 29.146933 23.213855 18.028710 13.646108 10.062900 7.228426 5.058527 3.450514 2.296658 1.494678 0.954579 0.602017 0.378859 0.241842 0.160205 0.112984 0.086457 0.071977 0.064295 0.060332 0.058343 0.057371 0.056908 0.056694 0.056596 0.056552 0.056529 0.056514 0.056495 0.056465 0.056411 0.056317 0.056155 0.055886 0.055450 0.054769 0.053738 0.052227 0.050090 0.047171 0.043325 0.038444 0.032479 0.025468 0.017548 0.008954 0.000000 
50.000000 42.731380 35.704193 29.135830 23.199594 18.011691 13.626759 10.041648 7.205668 5.034618 3.425753 2.271287 1.468882 0.928498 0.575750 0.352474 0.215385 0.133705 0.086460 0.059918 0.045432 0.037746 0.033780 0.031790 0.030818 0.030355 0.030141 0.030043 0.030000 0.029979 0.029967 0.029955 0.029938 0.029908 0.029857 0.029768 0.029621 0.029385 0.029015 0.028458 0.027645 0.026498 0.024937 0.022888 0.020294 0.017133 0.013426 0.009246 0.004716 0.000000 
50.000000 42.729269 35.700041 29.129771 23.191812 18.002404 13.616201 10.030051 7.193250 5.021573 3.412243 2.257443 1.454808 0.914268 0.561418 0.338079 0.200951 0.119247 0.071988 0.045439 0.030948 0.023260 0.019294 0.017303 0.016330 0.015868 0.015653 0.015556 0.015513 0.015493 0.015483 0.015476 0.015466 0.015450 0.015422 0.015375 0.015297 0.015172 0.014978 0.014685 0.014260 0.013661 0.012849 0.011785 0.010443 0.008811 0.006900 0.004750 0.002422 0.000000 
50.000000 42.728151 35.697842 29.126562 23.187691 17.997486 13.610609 10.023909 7.186674 5.014664 3.405088 2.250112 1.447354 0.906732 0.553829 0.330455 0.193306 0.111591 0.064324 0.037772 0.023278 0.015589 0.011622 0.009631 0.008658 0.008195 0.007981 0.007884 0.007841 0.007822 0.007813 0.007808 0.007802 0.007794 0.007779 0.007755 0.007715 0.007650 0.007551 0.007401 0.007184 0.006879 0.006467 0.005928 0.005250 0.004427 0.003465 0.002385 0.001216 0.000000 
50.000000 42.727579 35.696716 29.124920 23.185582 17.994969 13.607747 10.020766 7.183309 5.011129 3.401427 2.246361 1.443541 0.902877 0.549946 0.326555 0.189396 0.107674 0.060404 0.033849 0.019355 0.011665 0.007697 0.005706 0.004733 0.004270 0.004056 0.003959 0.003916 0.003898 0.003889 0.003885 0.003882 0.003877 0.003870 0.003857 0.003837 0.003804 0.003754 0.003678 0.003569 0.003416 0.003210 0.002941 0.002603 0.002194 0.001717 0.001181 0.000602 0.000000 
50.000000 42.727303 35.696173 29.124127 23.184564 17.993754 13.606366 10.019249 7.181684 5.009423 3.399660 2.244550 1.441700 0.901015 0.548072 0.324672 0.187508 0.105783 0.058511 0.031955 0.017460 0.009770 0.005803 0.003811 0.002838 0.002376 0.002161 0.002065 0.002022 0.002003 0.001995 0.001992 0.001989 0.001986 0.001982 0.001976 0.001965 0.001948 0.001922 0.001883 0.001826 0.001748 0.001641 0.001503 0.001330 0.001120 0.000876 0.000603 0.000307 0.000000 
50.000000 42.727192 35.695956 29.123809 23.184156 17.993267 13.605813 10.018642 7.181034 5.008740 3.398953 2.243826 1.440963 0.900270 0.547321 0.323918 0.186752 0.105026 0.057753 0.031197 0.016702 0.009012 0.005044 0.003053 0.002080 0.001617 0.001403 0.001306 0.001263 0.001245 0.001237 0.001234 0.001232 0.001230 0.001227 0.001223 0.001216 0.001206 0.001189 0.001165 0.001129 0.001080 0.001014 0.000928 0.000821 0.000691 0.000541 0.000372 0.000189 0.000000 
50.000000 42.727192 35.695956 29.123809 23.184156 17.993267 13.605813 10.018642 7.181034 5.008740 3.398953 2.243826 1.440963 0.900270 0.547321 0.323918 0.186752 0.105026 0.057753 0.031197 0.016702 0.009012 0.005044 0.003053 0.002080 0.001617 0.001403 0.001306 0.001263 0.001245 0.001237 0.001234 0.001232 0.001230 0.001227 0.001223 0.001216 0.001206 0.001189 0.001165 0.001129 0.001080 0.001014 0.000928 0.000821 0.000691 0.000541 0.000372 0.000189 0.000000 
50.000000 42.727303 35.696173 29.124127 23.184564 17.993754 13.606366 10.019249 7.181684 5.009423 3.399660 2.244550 1.441700 0.901015 0.548072 0.324672 0.187508 0.105783 0.058511 0.031955 0.017460 0.009770 0.005803 0.003811 0.002838 0.002376 0.002161 0.002065 0.002022 0.002003 0.001995 0.001992 0.001989 0.001986 0.001982 0.001976 0.001965 0.001948 0.001922 0.001883 0.001826 0.001748 0.001641 0.001503 0.001330 0.001120 0.000876 0.000603 0.000307 0.000000 
50.000000 42.727579 35.696716 29.124920 23.185582 17.994969 13.607747 10.020766 7.183309 5.011129 3.401427 2.246361 1.443541 0.902877 0.549946 0.326555 0.189396 0.107674 0.060404 0.033849 0.019355 0.011665 0.007697 0.005706 0.004733 0.004270 0.004056 0.003959 0.003916 0.003898 0.003889 0.003885 0.003882 0.003877 0.003870 0.003857 0.003837 0.003804 0.003754 0.003678 0.003569 0.003416 0.003210 0.002941 0.002603 0.002194 0.001717 0.001181 0.000602 0.000000 
50.000000 42.728151 35.697842 29.126562 23.187691 17.997486 13.610609 10.023909 7.186674 5.014664 3.405088 2.250112 1.447354 0.906732 0.553829 0.330455 0.193306 0.111591 0.064324 0.037772 0.023278 0.015589 0.011622 0.009631 0.008658 0.008195 0.007981 0.007884 0.007841 0.007822 0.007813 0.007808 0.007802 0.007794 0.007779 0.007755 0.007715 0.007650 0.007551 0.007401 0.007184 0.006879 0.006467 0.005928 0.005250 0.004427 0.003465 0.002385 0.001216 0.000000 
50.000000 42.729269 35.700041 29.129771 23.191812 18.002404 13.616201 10.030051 7.193250 5.021573 3.412243 2.257443 1.454808 0.914268 0.561418 0.338079 0.200951 0.119247 0.071988 0.045439 0.030948 0.023260 0.019294 0.017303 0.016330 0.015868 0.015653 0.015556 0.015513 0.015493 0.015483 0.015476 0.015466 0.015450 0.015422 0.015375 0.015297 0.015172 0.014978 0.014685 0.014260 0.013661 0.012849 0.011785 0.010443 0.008811 0.006900 0.004750 0.002422 0.000000 
50.000000 42.731380 35.704193 29.135830 23.199594 18.011691 13.626759 10.041648 7.205668 5.034618 3.425753 2.271287 1.468882 0.928498 0.575750 0.352474 0.215385 0.133705 0.086460 0.059918 0.045432 0.037746 0.033780 0.031790 0.030818 0.030355 0.030141 0.030043 0.030000 0.029979 0.029967 0.029955 0.029938 0.029908 0.029857 0.029768 0.029621 0.029385 0.029015 0.028458 0.027645 0.026498 0.024937 0.022888 0.020294 0.017133 0.013426 0.009246 0.004716 0.000000 
50.000000 42.735249 35.711801 29.146933 23.213855 18.028710 13.646108 10.062900 7.228426 5.058527 3.450514 2.296658 1.494678 0.954579 0.602017 0.378859 0.241842 0.160205 0.112984 0.086457 0.071977 0.064295 0.060332 0.058343 0.057371 0.056908 0.056694 0.056596 0.056552 0.056529 0.056514 0.056495 0.056465 0.056411 0.056317 0.056155 0.055886 0.055450 0.054769 0.053738 0.052227 0.050090 0.047171 0.043325 0.038444 0.032479 0.025468 0.017548 0.008954 0.000000 
50.000000 42.742135 35.725344 29.166697 23.239239 18.059005 13.680550 10.100732 7.268937 5.101088 3.494593 2.341825 1.540600 1.001009 0.648778 0.425829 0.288941 0.207380 0.160204 0.133701 0.119235 0.111560 0.107601 0.105613 0.104642 0.104180 0.103965 0.103867 0.103821 0.103796 0.103774 0.103744 0.103691 0.103597 0.103431 0.103144 0.102665 0.101888 0.100668 0.098814 0.096088 0.092217 0.086910 0.079892 0.070953 0.059995 0.047081 0.032459 0.016568 0.000000 
50.000000 42.754039 35.748754 29.200861 23.283119 18.111373 13.740090 10.166133 7.338970 5.174666 3.570795 2.419909 1.619991 1.081279 0.729621 0.507035 0.370369 0.288941 0.241840 0.215381 0.200938 0.193276 0.189322 0.187338 0.186368 0.185907 0.185692 0.185593 0.185544 0.185514 0.185483 0.185434 0.185345 0.185185 0.184900 0.184408 0.183582 0.182238 0.180119 0.176886 0.172112 0.165303 0.155927 0.143477 0.127555 0.107964 0.084800 0.058505 0.029877 0.000000 
50.000000 42.774013 35.788039 29.258192 23.356756 18.199256 13.840009 10.275889 7.456503 5.298149 3.698685 2.550958 1.753234 1.215999 0.865305 0.643327 0.507035 0.425829 0.378857 0.352469 0.338066 0.330424 0.326482 0.324503 0.323535 0.323075 0.322860 0.322759 0.322707 0.322669 0.322623 0.322544 0.322399 0.322135 0.321664 0.320846 0.319467 0.317216 0.313650 0.308184 0.300077 0.288455 0.272373 0.250914 0.223340 0.189264 0.148817 0.102761 0.052506 0.000000 
50.000000 42.806542 35.852013 29.351554 23.476674 18.342375 14.002732 10.454633 7.647916 5.499255 3.906969 2.764391 1.970243 1.435414 1.086289 0.865305 0.729621 0.648777 0.602015 0.575745 0.561406 0.553798 0.549873 0.547902 0.546939 0.546480 0.546265 0.546162 0.546105 0.546056 0.545987 0.545864 0.545635 0.545214 0.544459 0.543145 0.540921 0.537272 0.531466 0.522520 0.509178 0.489948 0.463184 0.427269 0.380863 0.323216 0.254473 0.175903 0.089940 0.000000 
50.000000 42.857925 35.953069 29.499036 23.666106 18.568460 14.259789 10.737005 7.950305 5.816960 4.236020 3.101579 2.313083 1.782058 1.435414 1.215999 1.081279 1.001008 0.954577 0.928493 0.914255 0.906701 0.902804 0.900847 0.899891 0.899434 0.899218 0.899113 0.899048 0.898983 0.898882 0.898695 0.898345 0.897697 0.896532 0.894493 0.891029 0.885316 0.876177 0.862015 0.840769 0.809949 0.766774 0.708450 0.632594 0.537776 0.424077 0.293522 0.150207 0.000000 
50.000000 42.936629 36.107861 29.724939 23.956269 18.914772 14.653548 11.169545 8.413513 6.303638 4.740083 3.618110 2.838277 2.313083 1.970243 1.753234 1.619990 1.540599 1.494676 1.468877 1.454795 1.447324 1.443469 1.441533 1.440586 1.440134 1.439918 1.439809 1.439734 1.439648 1.439503 1.439230 1.438712 1.437753 1.436019 1.432971 1.427767 1.419138 1.405257 1.383606 1.350905 1.303125 1.235682 1.143864 1.023514 0.871949 0.688959 0.477634 0.244688 0.000000 
50.000000 43.053481 36.337679 30.060340 24.387080 19.428953 15.238182 11.811769 9.101280 7.026261 5.488527 4.385076 3.618110 3.101579 2.764391 2.550958 2.419909 2.341824 2.296656 2.271282 2.257431 2.250082 2.246290 2.244386 2.243454 2.243008 2.242793 2.242678 2.242591 2.242478 2.242276 2.241891 2.241157 2.239790 2.237308 2.232925 2.225401 2.212854 2.192538 2.160630 2.112066 2.040522 1.938650 1.798686 1.613519 1.378196 1.091674 0.758394 0.389057 0.000000 
50.000000 43.221584 36.668296 30.542850 25.006853 20.168672 16.079267 12.735714 10.090759 8.065896 6.565321 5.488527 4.740083 4.236020 3.906969 3.698685 3.570795 3.494592 3.450512 3.425748 3.412231 3.405059 3.401358 3.399499 3.398589 3.398152 3.397938 3.397819 3.397716 3.397570 3.397300 3.396778 3.395779 3.393910 3.390500 3.384450 3.374005 3.356476 3.327896 3.282660 3.213220 3.109959 2.961430 2.755160 2.479217 2.124603 1.688255 1.176008 0.604398 0.000000 
50.000000 43.455826 37.128995 31.215212 25.870493 21.199462 17.251320 14.023248 11.469630 9.514675 8.065896 7.026261 6.303638 5.816960 5.499255 5.298149 5.174666 5.101087 5.058525 5.034614 5.021561 5.014636 5.011062 5.009267 5.008387 5.007963 5.007752 5.007627 5.007509 5.007325 5.006978 5.006302 5.005000 5.002554 4.998072 4.990077 4.976191 4.952733 4.914195 4.852676 4.757338 4.614055 4.405540 4.112276 3.714658 3.196611 2.550586 1.783070 0.918665 0.000000 
50.000000 43.771890 37.750619 32.122435 27.035818 22.590338 18.832821 15.760589 13.330233 11.469630 10.090759 9.101280 8.413513 7.950305 7.647916 7.456503 7.338970 7.268936 7.228424 7.205663 7.193239 7.186646 7.183244 7.181535 7.180697 7.180291 7.180086 7.179957 7.179822 7.179600 7.179174 7.178337 7.176720 7.173668 7.168048 7.157968 7.140356 7.110388 7.060758 6.980800 6.855575 6.665117 6.384206 5.983195 5.430615 4.698282 3.769271 2.647943 1.369015 0.000000 
50.000000 44.184718 38.562560 33.307422 28.557939 24.407081 20.898573 18.029918 15.760589 14.023248 12.735714 11.811769 11.169545 10.737005 10.454633 10.275889 10.166132 10.100732 10.062899 10.041643 10.030040 10.023883 10.020706 10.019109 10.018326 10.017944 10.017748 10.017617 10.017468 10.017212 10.016714 10.015731 10.013823 10.010206 10.003516 9.991449 9.970230 9.933862 9.873119 9.774284 9.617708 9.376384 9.014959 8.489934 7.752191 6.753425 5.458036 3.860736 2.006215 0.000000 
50.000000 44.706557 39.588901 34.805321 30.482008 26.703588 23.509866 20.898573 18.832821 17.251320 16.079267 15.238182 14.653548 14.259789 14.002732 13.840009 13.740090 13.680550 13.646106 13.626755 13.616191 13.610585 13.607692 13.606238 13.605524 13.605174 13.604991 13.604862 13.604704 13.604425 13.603875 13.602784 13.600659 13.596613 13.589096 13.575463 13.551339 13.509684 13.439497 13.324106 13.139043 12.849626 12.408639 11.754933 10.814553 9.507141 7.761625 5.545148 2.904121 0.000000 
50.000000 45.344773 40.844134 36.637284 32.835197 29.512296 26.703588 24.407081 22.590338 21.199462 20.168672 19.428953 18.914772 18.568460 18.342375 18.199256 18.111373 18.059004 18.028709 18.011688 18.002396 17.997465 17.994920 17.993641 17.993011 17.992702 17.992537 17.992415 17.992257 17.991970 17.991401 17.990268 17.988052 17.983818 17.975916 17.961512 17.935866 17.891257 17.815434 17.689454 17.484803 17.159723 16.654890 15.889035 14.756148 13.128082 10.870238 7.883001 4.181499 0.000000 
50.000000 46.099818 42.329147 38.804607 35.619173 32.835197 30.482008 28.557939 27.035818 25.870493 25.006853 24.387080 23.956269 23.666106 23.476674 23.356756 23.283119 23.239239 23.213854 23.199591 23.191805 23.187673 23.185541 23.184468 23.183940 23.183680 23.183539 23.183429 23.183281 23.183009 23.182465 23.181377 23.179245 23.175155 23.167492 23.153458 23.128329 23.084319 23.008884 22.882250 22.673882 22.337537 21.804513 20.974866 19.707115 17.809587 15.043607 11.164899 6.055701 0.000000 
50.000000 46.963736 44.028293 41.284457 38.804607 36.637284 34.805321 33.307422 32.122435 31.215212 30.542850 30.060340 29.724939 29.499036 29.351554 29.258192 29.200861 29.166697 29.146932 29.135828 29.129765 29.126548 29.124888 29.124052 29.123641 29.123437 29.123325 29.123235 29.123110 29.122876 29.122407 29.121466 29.119617 29.116061 29.109375 29.097081 29.074959 29.035980 28.968667 28.854595 28.664625 28.353164 27.849385 27.043696 25.767045 23.761001 20.642228 15.891422 8.985278 0.000000 
50.000000 47.919617 45.908313 44.028293 42.329147 40.844134 39.588901 38.562560 37.750619 37.128995 36.668296 36.337679 36.107861 35.953069 35.852013 35.788039 35.748754 35.725344 35.711801 35.704191 35.700037 35.697832 35.696694 35.696122 35.695840 35.695700 35.695622 35.695557 35.695466 35.695295 35.694948 35.694254 35.692886 35.690249 35.685278 35.676109 35.659548 35.630227 35.579285 35.492287 35.345925 35.102675 34.701824 34.043753 32.961133 31.164247 28.136871 22.954157 14.085952 0.000000 
50.000000 48.942247 47.919617 46.963736 46.099818 45.344773 44.706557 44.184718 43.771890 43.455826 43.221584 43.053481 42.936629 42.857925 42.806541 42.774013 42.754038 42.742135 42.735249 42.731380 42.729267 42.728146 42.727568 42.727277 42.727133 42.727062 42.727022 42.726988 42.726940 42.726849 42.726665 42.726296 42.725567 42.724162 42.721507 42.716601 42.707718 42.691942 42.664424 42.617186 42.537161 42.402875 42.178503 41.802436 41.163274 40.044117 37.978458 33.833665 24.471124 0.000000 
50.000000 50.000000 50.000000 50.000000 50.000000 50.000000 50.000000 50.000000 50.000000 50.000000 50.000000 50.000000 50.000000 50.000000 50.000000 50.000000 50.000000 50.000000 50.000000 50.000000 50.000000 50.000000 50.000000 50.000000 50.000000 50.000000 50.000000 50.000000 50.000000 50.000000 50.000000 50.000000 50.000000 50.000000 50.000000 50.000000 50.000000 50.000000 50.000000 50.000000 50.000000 50.000000 50.000000 50.000000 50.000000 50.000000 50.000000 50.000000 50.000000 50.000000 
