50.000000 50.000000 50.000000 50.000000 50.000000 50.000000 50.000000 50.000000 50.000000 50.000000 50.000000 50.000000 50.000000 50.000000 50.000000 50.000000 50.000000 50.000000 50.000000 50.000000 50.000000 50.000000 50.000000 50.000000 50.000000 50.000000 50.000000 50.000000 50.000000 50.000000 50.000000 50.000000 50.000000 50.000000 50.000000 50.000000 50.000000 50.000000 50.000000 50.000000 50.000000 50.000000 50.000000 50.000000 50.000000 50.000000 50.000000 50.000000 50.000000 50.000000 
50.000000 48.563205 47.191193 45.939996 44.850105 43.943014 43.221422 42.672515 42.273032 41.994713 41.808971 41.690151 41.617238 41.574287 41.549980 41.536755 41.529831 41.526340 41.524644 41.523849 41.523489 41.523332 41.523266 41.523239 41.523228 41.523224 41.523222 41.523220 41.523216 41.523206 41.523182 41.523123 41.522984 41.522665 41.521959 41.520433 41.517233 41.510704 41.497735 41.472616 41.425055 41.336740 41.175124 40.881589 40.346933 39.355112 37.438684 33.462039 24.281603 0.000000 
50.000000 47.191193 44.509035 42.063061 39.932435 38.159168 36.748540 35.675497 34.894564 34.350494 33.987401 33.755129 33.612599 33.528639 33.481126 33.455274 33.441739 33.434916 33.431601 33.430047 33.429344 33.429037 33.428908 33.428855 33.428833 33.428825 33.428821 33.428817 33.428810 33.428792 33.428747 33.428638 33.428382 33.427798 33.426501 33.423706 33.417860 33.405970 33.382449 33.337130 33.251934 33.095282 32.812633 32.309996 31.424172 29.867055 27.120654 22.254517 13.729154 0.000000 
50.000000 45.939996 42.063061 38.527532 35.447835 32.884696 30.845743 29.294756 28.165999 27.379611 26.854811 26.519099 26.313098 26.191752 26.123082 26.085720 26.066160 26.056299 26.051507 26.049262 26.048247 26.047803 26.047616 26.047539 26.047508 26.047496 26.047491 26.047486 26.047476 26.047452 26.047393 26.047251 26.046916 26.046154 26.044466 26.040843 26.033291 26.018006 25.987953 25.930503 25.823603 25.629725 25.286405 24.691676 23.682077 22.001352 19.263766 14.942407 8.501312 0.000000 
50.000000 44.850105 39.932435 35.447835 31.541453 28.290315 25.704089 23.736826 22.305137 21.307715 20.642092 20.216303 19.955034 19.801136 19.714046 19.666663 19.641857 19.629352 19.623276 19.620429 19.619141 19.618579 19.618341 19.618244 19.618205 19.618190 19.618183 19.618177 19.618166 19.618140 19.618075 19.617918 19.617549 19.616712 19.614865 19.610915 19.602724 19.586246 19.554090 19.493194 19.381238 19.181314 18.834399 18.249367 17.291199 15.770727 13.446483 10.065380 5.494994 0.000000 
50.000000 43.943014 38.159168 32.884696 28.290315 24.466613 21.424957 19.111293 17.427534 16.254521 15.471733 14.971006 14.663761 14.482785 14.380375 14.324658 14.295490 14.280786 14.273642 14.270295 14.268781 14.268120 14.267840 14.267726 14.267681 14.267663 14.267655 14.267649 14.267638 14.267612 14.267548 14.267393 14.267032 14.266214 14.264418 14.260595 14.252710 14.236955 14.206464 14.149306 14.045542 13.863153 13.552905 13.042719 12.233307 10.999115 9.202619 6.734996 3.596081 0.000000 
50.000000 43.221422 36.748540 30.845743 25.704089 21.424957 18.021058 15.431887 13.547658 12.235009 11.359055 10.798745 10.454948 10.252447 10.137860 10.075519 10.042885 10.026434 10.018442 10.014697 10.013003 10.012263 10.011951 10.011823 10.011772 10.011752 10.011744 10.011738 10.011728 10.011704 10.011647 10.011508 10.011186 10.010458 10.008865 10.005493 9.998579 9.984862 9.958541 9.909707 9.822153 9.670578 9.417474 9.010529 8.382238 7.454721 6.154067 4.438544 2.339833 0.000000 
50.000000 42.672515 35.675497 29.294756 23.736826 19.111293 15.431887 12.633189 10.596513 9.177688 8.230899 7.625291 7.253709 7.034848 6.911006 6.843633 6.808365 6.790587 6.781951 6.777904 6.776074 6.775274 6.774937 6.774799 6.774744 6.774723 6.774714 6.774708 6.774699 6.774680 6.774632 6.774517 6.774250 6.773650 6.772345 6.769594 6.763988 6.752947 6.731939 6.693348 6.624976 6.508263 6.316595 6.014412 5.558389 4.902428 4.008351 2.862864 1.497391 0.000000 
50.000000 42.273032 34.894564 28.165999 22.305137 17.427534 13.547658 10.596513 8.448929 6.952866 5.954554 5.316003 4.924217 4.693460 4.562891 4.491859 4.454678 4.435935 4.426831 4.422565 4.420636 4.419793 4.419437 4.419291 4.419234 4.419211 4.419202 4.419197 4.419190 4.419175 4.419137 4.419048 4.418842 4.418381 4.417382 4.415287 4.411045 4.402746 4.387083 4.358583 4.308640 4.224465 4.088250 3.877080 3.564381 3.123823 2.536274 1.799282 0.936292 0.000000 
50.000000 41.994713 34.350494 27.379611 21.307715 16.254521 12.235009 9.177688 6.952866 5.403020 4.368835 3.707350 3.301500 3.062465 2.927215 2.853638 2.815125 2.795712 2.786282 2.781864 2.779866 2.778993 2.778624 2.778473 2.778414 2.778391 2.778382 2.778377 2.778371 2.778360 2.778333 2.778268 2.778119 2.777786 2.777067 2.775568 2.772550 2.766685 2.755700 2.735886 2.701510 2.644227 2.552712 2.412856 2.208979 1.926478 1.556008 1.098560 0.569658 0.000000 
50.000000 41.808971 33.987401 26.854811 20.642092 15.471733 11.359055 8.230899 5.954554 4.368835 3.310727 2.633950 2.218724 1.974171 1.835800 1.760528 1.721128 1.701269 1.691622 1.687102 1.685058 1.684165 1.683788 1.683634 1.683573 1.683550 1.683540 1.683536 1.683532 1.683524 1.683505 1.683461 1.683358 1.683131 1.682643 1.681630 1.679602 1.675685 1.668400 1.655363 1.632949 1.595971 1.537551 1.449348 1.322427 1.148898 0.924309 0.650271 0.336356 0.000000 
50.000000 41.690151 33.755129 26.519099 20.216303 14.971006 10.798745 7.625291 5.316003 3.707350 2.633950 1.947400 1.526182 1.278104 1.137741 1.061386 1.021419 1.001275 0.991490 0.986905 0.984832 0.983926 0.983544 0.983388 0.983326 0.983302 0.983293 0.983289 0.983286 0.983281 0.983268 0.983239 0.983173 0.983026 0.982712 0.982063 0.980770 0.978287 0.973700 0.965550 0.951650 0.928920 0.893353 0.840204 0.764542 0.662213 0.531146 0.372680 0.192415 0.000000 
50.000000 41.617238 33.612599 26.313098 19.955034 14.663761 10.454948 7.253709 4.924217 3.301500 2.218724 1.526182 1.101293 0.851054 0.709470 0.632452 0.592139 0.571820 0.561950 0.557326 0.555235 0.554321 0.553936 0.553778 0.553716 0.553692 0.553683 0.553679 0.553677 0.553673 0.553665 0.553647 0.553607 0.553516 0.553324 0.552929 0.552144 0.550646 0.547895 0.543039 0.534815 0.521471 0.500762 0.470086 0.426805 0.368788 0.295092 0.206629 0.106534 0.000000 
50.000000 41.574287 33.528639 26.191752 19.801136 14.482785 10.252447 7.034848 4.693460 3.062465 1.974171 1.278104 0.851054 0.599545 0.457243 0.379835 0.339318 0.318897 0.308977 0.304330 0.302228 0.301310 0.300922 0.300764 0.300701 0.300677 0.300668 0.300665 0.300663 0.300661 0.300656 0.300645 0.300621 0.300569 0.300456 0.300226 0.299773 0.298910 0.297334 0.294569 0.289915 0.282416 0.270860 0.253868 0.230075 0.198412 0.158462 0.110780 0.057054 0.000000 
50.000000 41.549980 33.481126 26.123082 19.714046 14.380375 10.137860 6.911006 4.562891 2.927215 1.835800 1.137741 0.709470 0.457243 0.314536 0.236907 0.196276 0.175796 0.165848 0.161188 0.159080 0.158160 0.157771 0.157612 0.157549 0.157525 0.157516 0.157513 0.157511 0.157510 0.157507 0.157501 0.157488 0.157458 0.157396 0.157268 0.157017 0.156542 0.155678 0.154170 0.151647 0.147604 0.141413 0.132367 0.119780 0.103131 0.082239 0.057419 0.029547 0.000000 
50.000000 41.536755 33.455274 26.085720 19.666663 14.324658 10.075519 6.843633 4.491859 2.853638 1.760528 1.061386 0.632452 0.379835 0.236907 0.159159 0.118465 0.097954 0.087991 0.083323 0.081213 0.080291 0.079901 0.079742 0.079679 0.079655 0.079646 0.079643 0.079642 0.079641 0.079639 0.079636 0.079629 0.079613 0.079579 0.079512 0.079378 0.079128 0.078674 0.077885 0.076571 0.074477 0.071288 0.066654 0.060239 0.051798 0.041254 0.028773 0.014796 0.000000 
50.000000 41.529831 33.441739 26.066160 19.641857 14.295490 10.042885 6.808365 4.454678 2.815125 1.721128 1.021419 0.592139 0.339318 0.196276 0.118465 0.077738 0.057211 0.047240 0.042569 0.040456 0.039533 0.039144 0.038985 0.038922 0.038898 0.038889 0.038885 0.038884 0.038883 0.038883 0.038881 0.038877 0.038869 0.038852 0.038817 0.038750 0.038622 0.038393 0.037997 0.037339 0.036296 0.034715 0.032427 0.029276 0.025145 0.020006 0.013942 0.007165 0.000000 
50.000000 41.526340 33.434916 26.056299 19.629352 14.280786 10.026434 6.790587 4.435935 2.795712 1.701269 1.001275 0.571820 0.318897 0.175796 0.097954 0.057211 0.036675 0.026700 0.022027 0.019914 0.018991 0.018601 0.018442 0.018379 0.018355 0.018346 0.018343 0.018341 0.018341 0.018340 0.018340 0.018338 0.018334 0.018325 0.018308 0.018275 0.018213 0.018102 0.017910 0.017594 0.017093 0.016337 0.015248 0.013754 0.011803 0.009382 0.006534 0.003356 0.000000 
50.000000 41.524644 33.431601 26.051507 19.623276 14.273642 10.018442 6.781951 4.426831 2.786282 1.691622 0.991490 0.561950 0.308977 0.165848 0.087991 0.047240 0.026700 0.016724 0.012050 0.009936 0.009013 0.008623 0.008464 0.008401 0.008376 0.008367 0.008364 0.008363 0.008363 0.008362 0.008362 0.008361 0.008359 0.008355 0.008347 0.008332 0.008302 0.008250 0.008161 0.008014 0.007782 0.007434 0.006934 0.006249 0.005359 0.004257 0.002963 0.001521 0.000000 
50.000000 41.523849 33.430047 26.049262 19.620429 14.270295 10.014697 6.777904 4.422565 2.781864 1.687102 0.986905 0.557326 0.304330 0.161188 0.083323 0.042569 0.022027 0.012050 0.007375 0.005261 0.004338 0.003948 0.003789 0.003726 0.003702 0.003693 0.003689 0.003688 0.003688 0.003688 0.003687 0.003687 0.003686 0.003684 0.003681 0.003674 0.003661 0.003637 0.003597 0.003531 0.003428 0.003273 0.003050 0.002748 0.002354 0.001869 0.001300 0.000667 0.000000 
50.000000 41.523489 33.429344 26.048247 19.619141 14.268781 10.013003 6.776074 4.420636 2.779866 1.685058 0.984832 0.555235 0.302228 0.159081 0.081213 0.040456 0.019914 0.009936 0.005261 0.003148 0.002224 0.001834 0.001675 0.001612 0.001588 0.001579 0.001576 0.001574 0.001574 0.001574 0.001574 0.001574 0.001573 0.001572 0.001571 0.001568 0.001562 0.001552 0.001534 0.001506 0.001461 0.001395 0.001299 0.001170 0.001002 0.000795 0.000553 0.000284 0.000000 
50.000000 41.523332 33.429037 26.047803 19.618579 14.268120 10.012264 6.775275 4.419793 2.778993 1.684166 0.983927 0.554322 0.301311 0.158160 0.080291 0.039534 0.018992 0.009013 0.004338 0.002225 0.001301 0.000911 0.000752 0.000689 0.000665 0.000656 0.000653 0.000651 0.000651 0.000651 0.000651 0.000651 0.000651 0.000650 0.000650 0.000648 0.000646 0.000642 0.000634 0.000622 0.000604 0.000576 0.000536 0.000483 0.000413 0.000328 0.000228 0.000117 0.000000 
50.000000 41.523266 33.428908 26.047616 19.618342 14.267841 10.011952 6.774938 4.419438 2.778626 1.683790 0.983546 0.553937 0.300924 0.157773 0.079903 0.039146 0.018603 0.008624 0.003950 0.001836 0.000912 0.000522 0.000363 0.000300 0.000276 0.000267 0.000264 0.000263 0.000262 0.000262 0.000262 0.000262 0.000262 0.000262 0.000262 0.000261 0.000260 0.000258 0.000255 0.000250 0.000243 0.000232 0.000216 0.000194 0.000166 0.000132 0.000091 0.000047 0.000000 
50.000000 41.523240 33.428856 26.047541 19.618247 14.267729 10.011827 6.774803 4.419296 2.778478 1.683639 0.983392 0.553783 0.300769 0.157617 0.079747 0.038990 0.018447 0.008468 0.003794 0.001680 0.000756 0.000366 0.000207 0.000144 0.000120 0.000111 0.000108 0.000107 0.000106 0.000106 0.000106 0.000106 0.000106 0.000106 0.000106 0.000106 0.000105 0.000104 0.000103 0.000101 0.000098 0.000094 0.000087 0.000078 0.000067 0.000053 0.000037 0.000019 0.000000 
50.000000 41.523231 33.428838 26.047515 19.618214 14.267691 10.011784 6.774756 4.419247 2.778427 1.683587 0.983339 0.553729 0.300715 0.157563 0.079693 0.038936 0.018393 0.008414 0.003740 0.001626 0.000702 0.000312 0.000153 0.000090 0.000066 0.000057 0.000054 0.000053 0.000052 0.000052 0.000052 0.000052 0.000052 0.000052 0.000052 0.000052 0.000052 0.000051 0.000051 0.000050 0.000048 0.000046 0.000043 0.000038 0.000033 0.000026 0.000018 0.000009 0.000000 
50.000000 41.523231 33.428838 26.047515 19.618214 14.267691 10.011784 6.774756 4.419247 2.778427 1.683587 0.983339 0.553729 0.300715 0.157563 0.079693 0.038936 0.018393 0.008414 0.003740 0.001626 0.000702 0.000312 0.000153 0.000090 0.000066 0.000057 0.000054 0.000053 0.000052 0.000052 0.000052 0.000052 0.000052 0.000052 0.000052 0.000052 0.000052 0.000051 0.000051 0.000050 0.000048 0.000046 0.000043 0.000038 0.000033 0.000026 0.000018 0.000009 0.000000 
50.000000 41.523240 33.428856 26.047541 19.618247 14.267729 10.011827 6.774803 4.419296 2.778478 1.683639 0.983392 0.553783 0.300769 0.157617 0.079747 0.038990 0.018447 0.008468 0.003794 0.001680 0.000756 0.000366 0.000207 0.000144 0.000120 0.000111 0.000108 0.000107 0.000106 0.000106 0.000106 0.000106 0.000106 0.000106 0.000106 0.000106 0.000105 0.000104 0.000103 0.000101 0.000098 0.000094 0.000087 0.000078 0.000067 0.000053 0.000037 0.000019 0.000000 
50.000000 41.523266 33.428908 26.047616 19.618342 14.267841 10.011952 6.774938 4.419438 2.778626 1.683790 0.983546 0.553937 0.300924 0.157773 0.079903 0.039146 0.018603 0.008624 0.003950 0.001836 0.000912 0.000522 0.000363 0.000300 0.000276 0.000267 0.000264 0.000263 0.000262 0.000262 0.000262 0.000262 0.000262 0.000262 0.000262 0.000261 0.000260 0.000258 0.000255 0.000250 0.000243 0.000232 0.000216 0.000194 0.000166 0.000132 0.000091 0.000047 0.000000 
50.000000 41.523332 33.429037 26.047803 19.618579 14.268120 10.012264 6.775275 4.419793 2.778993 1.684166 0.983927 0.554322 0.301311 0.158160 0.080291 0.039534 0.018992 0.009013 0.004338 0.002225 0.001301 0.000911 0.000752 0.000689 0.000665 0.000656 0.000653 0.000651 0.000651 0.000651 0.000651 0.000651 0.000651 0.000650 0.000650 0.000648 0.000646 0.000642 0.000634 0.000622 0.000604 0.000576 0.000536 0.000483 0.000413 0.000328 0.000228 0.000117 0.000000 
50.000000 41.523489 33.429344 26.048247 19.619141 14.268781 10.013003 6.776074 4.420636 2.779866 1.685058 0.984832 0.555235 0.302228 0.159081 0.081213 0.040456 0.019914 0.009936 0.005261 0.003148 0.002224 0.001834 0.001675 0.001612 0.001588 0.001579 0.001576 0.001574 0.001574 0.001574 0.001574 0.001574 0.001573 0.001572 0.001571 0.001568 0.001562 0.001552 0.001534 0.001506 0.001461 0.001395 0.001299 0.001170 0.001002 0.000795 0.000553 0.000284 0.000000 
50.000000 41.523849 33.430047 26.049262 19.620429 14.270295 10.014697 6.777904 4.422565 2.781864 1.687102 0.986905 0.557326 0.304330 0.161188 0.083323 0.042569 0.022027 0.012050 0.007375 0.005261 0.004338 0.003948 0.003789 0.003726 0.003702 0.003693 0.003689 0.003688 0.003688 0.003688 0.003687 0.003687 0.003686 0.003684 0.003681 0.003674 0.003661 0.003637 0.003597 0.003531 0.003428 0.003273 0.003050 0.002748 0.002354 0.001869 0.001300 0.000667 0.000000 
50.000000 41.524644 33.431601 26.051507 19.623276 14.273642 10.018442 6.781951 4.426831 2.786282 1.691622 0.991490 0.561950 0.308977 0.165848 0.087991 0.047240 0.026700 0.016724 0.012050 0.009936 0.009013 0.008623 0.008464 0.008401 0.008376 0.008367 0.008364 0.008363 0.008363 0.008362 0.008362 0.008361 0.008359 0.008355 0.008347 0.008332 0.008302 0.008250 0.008161 0.008014 0.007782 0.007434 0.006934 0.006249 0.005359 0.004257 0.002963 0.001521 0.000000 
50.000000 41.526340 33.434916 26.056299 19.629352 14.280786 10.026434 6.790587 4.435935 2.795712 1.701269 1.001275 0.571820 0.318897 0.175796 0.097954 0.057211 0.036675 0.026700 0.022027 0.019914 0.018991 0.018601 0.018442 0.018379 0.018355 0.018346 0.018343 0.018341 0.018341 0.018340 0.018340 0.018338 0.018334 0.018325 0.018308 0.018275 0.018213 0.018102 0.017910 0.017594 0.017093 0.016337 0.015248 0.013754 0.011803 0.009382 0.006534 0.003356 0.000000 
50.000000 41.529831 33.441739 26.066160 19.641857 14.295490 10.042885 6.808365 4.454678 2.815125 1.721128 1.021419 0.592139 0.339318 0.196276 0.118465 0.077738 0.057211 0.047240 0.042569 0.040456 0.039533 0.039144 0.038985 0.038922 0.038898 0.038889 0.038885 0.038884 0.038883 0.038883 0.038881 0.038877 0.038869 0.038852 0.038817 0.038750 0.038622 0.038393 0.037997 0.037339 0.036296 0.034715 0.032427 0.029276 0.025145 0.020006 0.013942 0.007165 0.000000 
50.000000 41.536755 33.455274 26.085720 19.666663 14.324658 10.075519 6.843633 4.491859 2.853638 1.760528 1.061386 0.632452 0.379835 0.236907 0.159159 0.118465 0.097954 0.087991 0.083323 0.081213 0.080291 0.079901 0.079742 0.079679 0.079655 0.079646 0.079643 0.079642 0.079641 0.079639 0.079636 0.079629 0.079613 0.079579 0.079512 0.079378 0.079128 0.078674 0.077885 0.076571 0.074477 0.071288 0.066654 0.060239 0.051798 0.041254 0.028773 0.014796 0.000000 
50.000000 41.549980 33.481126 26.123082 19.714046 14.380375 10.137860 6.911006 4.562891 2.927215 1.835800 1.137741 0.709470 0.457243 0.314536 0.236907 0.196276 0.175796 0.165848 0.161188 0.159080 0.158160 0.157771 0.157612 0.157549 0.157525 0.157516 0.157513 0.157511 0.157510 0.157507 0.157501 0.157488 0.157458 0.157396 0.157268 0.157017 0.156542 0.155678 0.154170 0.151647 0.147604 0.141413 0.132367 0.119780 0.103131 0.082239 0.057419 0.029547 0.000000 
50.000000 41.574287 33.528639 26.191752 19.801136 14.482785 10.252447 7.034848 4.693460 3.062465 1.974171 1.278104 0.851054 0.599545 0.457243 0.379835 0.339318 0.318897 0.308977 0.304330 0.302228 0.301310 0.300922 0.300764 0.300701 0.300677 0.300668 0.300665 0.300663 0.300661 0.300656 0.300645 0.300621 0.300569 0.300456 0.300226 0.299773 0.298910 0.297334 0.294569 0.289915 0.282416 0.270860 0.253868 0.230075 0.198412 0.158462 0.110780 0.057054 0.000000 
50.000000 41.617238 33.612599 26.313098 19.955034 14.663761 10.454948 7.253709 4.924217 3.301500 2.218724 1.526182 1.101293 0.851054 0.709470 0.632452 0.592139 0.571820 0.561950 0.557326 0.555235 0.554321 0.553936 0.553778 0.553716 0.553692 0.553683 0.553679 0.553677 0.553673 0.553665 0.553647 0.553607 0.553516 0.553324 0.552929 0.552144 0.550646 0.547895 0.543039 0.534815 0.521471 0.500762 0.470086 0.426805 0.368788 0.295092 0.206629 0.106534 0.000000 
50.000000 41.690151 33.755129 26.519099 20.216303 14.971006 10.798745 7.625291 5.316003 3.707350 2.633950 1.947400 1.526182 1.278104 1.137741 1.061386 1.021419 1.001275 0.991490 0.986905 0.984832 0.983926 0.983544 0.983388 0.983326 0.983302 0.983293 0.983289 0.983286 0.983281 0.983268 0.983239 0.983173 0.983026 0.982712 0.982063 0.980770 0.978287 0.973700 0.965550 0.951650 0.928920 0.893353 0.840204 0.764542 0.662213 0.531146 0.372680 0.192415 0.000000 
50.000000 41.808971 33.987401 26.854811 20.642092 15.471733 11.359055 8.230899 5.954554 4.368835 3.310727 2.633950 2.218724 1.974171 1.835800 1.760528 1.721128 1.701269 1.691622 1.687102 1.685058 1.684165 1.683788 1.683634 1.683573 1.683550 1.683540 1.683536 1.683532 1.683524 1.683505 1.683461 1.683358 1.683131 1.682643 1.681630 1.679602 1.675685 1.668400 1.655363 1.632949 1.595971 1.537551 1.449348 1.322427 1.148898 0.924309 0.650271 0.336356 0.000000 
50.000000 41.994713 34.350494 27.379611 21.307715 16.254521 12.235009 9.177688 6.952866 5.403020 4.368835 3.707350 3.301500 3.062465 2.927215 2.853638 2.815125 2.795712 2.786282 2.781864 2.779866 2.778993 2.778624 2.778473 2.778414 2.778391 2.778382 2.778377 2.778371 2.778360 2.778333 2.778268 2.778119 2.777786 2.777067 2.775568 2.772550 2.766685 2.755700 2.735886 2.701510 2.644227 2.552712 2.412856 2.208979 1.926478 1.556008 1.098560 0.569658 0.000000 
50.000000 42.273032 34.894564 28.165999 22.305137 17.427534 13.547658 10.596513 8.448929 6.952866 5.954554 5.316003 4.924217 4.693460 4.562891 4.491859 4.454678 4.435935 4.426831 4.422565 4.420636 4.419793 4.419437 4.419291 4.419234 4.419211 4.419202 4.419197 4.419190 4.419175 4.419137 4.419048 4.418842 4.418381 4.417382 4.415287 4.411045 4.402746 4.387083 4.358583 4.308640 4.224465 4.088250 3.877080 3.564381 3.123823 2.536274 1.799282 0.936292 0.000000 
50.000000 42.672515 35.675497 29.294756 23.736826 19.111293 15.431887 12.633189 10.596513 9.177688 8.230899 7.625291 7.253709 7.034848 6.911006 6.843633 6.808365 6.790587 6.781951 6.777904 6.776074 6.775274 6.774937 6.774799 6.774744 6.774723 6.774714 6.774708 6.774699 6.774680 6.774632 6.774517 6.774250 6.773650 6.772345 6.769594 6.763988 6.752947 6.731939 6.693348 6.624976 6.508263 6.316595 6.014412 5.558389 4.902428 4.008351 2.862864 1.497391 0.000000 
50.000000 43.221422 36.748540 30.845743 25.704089 21.424957 18.021058 15.431887 13.547658 12.235009 11.359055 10.798745 10.454948 10.252447 10.137860 10.075519 10.042885 10.026434 10.018442 10.014697 10.013003 10.012263 10.011951 10.011823 10.011772 10.011752 10.011744 10.011738 10.011728 10.011704 10.011647 10.011508 10.011186 10.010458 10.008865 10.005493 9.998579 9.984862 9.958541 9.909707 9.822153 9.670578 9.417474 9.010529 8.382238 7.454721 6.154067 4.438544 2.339833 0.000000 
50.000000 43.943014 38.159168 32.884696 28.290315 24.466613 21.424957 19.111293 17.427534 16.254521 15.471733 14.971006 14.663761 14.482785 14.380375 14.324658 14.295490 14.280786 14.273642 14.270295 14.268781 14.268120 14.267840 14.267726 14.267681 14.267663 14.267655 14.267649 14.267638 14.267612 14.267548 14.267393 14.267032 14.266214 14.264418 14.260595 14.252710 14.236955 14.206464 14.149306 14.045542 13.863153 13.552905 13.042719 12.233307 10.999115 9.202619 6.734996 3.596081 0.000000 
50.000000 44.850105 39.932435 35.447835 31.541453 28.290315 25.704089 23.736826 22.305137 21.307715 20.642092 20.216303 19.955034 19.801136 19.714046 19.666663 19.641857 19.629352 19.623276 19.620429 19.619141 19.618579 19.618341 19.618244 19.618205 19.618190 19.618183 19.618177 19.618166 19.618140 19.618075 19.617918 19.617549 19.616712 19.614865 19.610915 19.602724 19.586246 19.554090 19.493194 19.381238 19.181314 18.834399 18.249367 17.291199 15.770727 13.446483 10.065380 5.494994 0.000000 
50.000000 45.939996 42.063061 38.527532 35.447835 32.884696 30.845743 29.294756 28.165999 27.379611 26.854811 26.519099 26.313098 26.191752 26.123082 26.085720 26.066160 26.056299 26.051507 26.049262 26.048247 26.047803 26.047616 26.047539 26.047508 26.047496 26.047491 26.047486 26.047476 26.047452 26.047393 26.047251 26.046916 26.046154 26.044466 26.040843 26.033291 26.018006 25.987953 25.930503 25.823603 25.629725 25.286405 24.691676 23.682077 22.001352 19.263766 14.942407 8.501312 0.000000 
50.000000 47.191193 44.509035 42.063061 39.932435 38.159168 36.748540 35.675497 34.894564 34.350494 33.987401 33.755129 33.612599 33.528639 33.481126 33.455274 33.441739 33.434916 33.431601 33.430047 33.429344 33.429037 33.428908 33.428855 33.428833 33.428825 33.428821 33.428817 33.428810 33.428792 33.428747 33.428638 33.428382 33.427798 33.426501 33.423706 33.417860 33.405970 33.382449 33.337130 33.251934 33.095282 32.812633 32.309996 31.424172 29.867055 27.120654 22.254517 13.729154 0.000000 
50.000000 48.563205 47.191193 45.939996 44.850105 43.943014 43.221422 42.672515 42.273032 41.994713 41.808971 41.690151 41.617238 41.574287 41.549980 41.536755 41.529831 41.526340 41.524644 41.523849 41.523489 41.523332 41.523266 41.523239 41.523228 41.523224 41.523222 41.523220 41.523216 41.523206 41.523182 41.523123 41.522984 41.522665 41.521959 41.520433 41.517233 41.510704 41.497735 41.472616 41.425055 41.336740 41.175124 40.881589 40.346933 39.355112 37.438684 33.462039 24.281603 0.000000 
50.000000 50.000000 50.000000 50.000000 50.000000 50.000000 50.000000 50.000000 50.000000 50.000000 50.000000 50.000000 50.000000 50.000000 50.000000 50.000000 50.000000 50.000000 50.000000 50.000000 50.000000 50.000000 50.000000 50.000000 50.000000 50.000000 50.000000 50.000000 50.000000 50.000000 50.000000 50.000000 50.000000 50.000000 50.000000 50.000000 50.000000 50.000000 50.000000 50.000000 50.000000 50.000000 50.000000 50.000000 50.000000 50.000000 50.000000 50.000000 50.000000 50.000000 
