50.000000 50.000000 50.000000 50.000000 50.000000 50.000000 50.000000 50.000000 50.000000 50.000000 50.000000 50.000000 50.000000 50.000000 50.000000 50.000000 50.000000 50.000000 50.000000 50.000000 50.000000 50.000000 50.000000 50.000000 50.000000 50.000000 50.000000 50.000000 50.000000 50.000000 50.000000 50.000000 50.000000 50.000000 50.000000 50.000000 50.000000 50.000000 50.000000 50.000000 50.000000 50.000000 50.000000 50.000000 50.000000 50.000000 50.000000 50.000000 50.000000 50.000000 
50.000000 47.448955 45.101899 43.114011 41.562262 40.444072 39.698747 39.238169 38.973647 38.832087 38.761313 38.728170 38.713596 38.707563 38.705206 38.704336 38.704031 38.703930 38.703897 38.703888 38.703885 38.703884 38.703884 38.703884 38.703884 38.703884 38.703884 38.703884 38.703884 38.703884 38.703884 38.703883 38.703882 38.703875 38.703855 38.703790 38.703592 38.703014 38.701402 38.697100 38.686116 38.659238 38.596007 38.452255 38.133764 37.436872 35.899896 32.382607 23.724478 0.000000 
50.000000 45.101899 40.595490 36.778734 33.799418 31.652568 30.221633 29.337404 28.829585 28.557834 28.421976 28.358357 28.330383 28.318803 28.314281 28.312610 28.312025 28.311831 28.311769 28.311751 28.311745 28.311744 28.311744 28.311744 28.311743 28.311743 28.311743 28.311743 28.311743 28.311743 28.311743 28.311742 28.311739 28.311729 28.311694 28.311582 28.311243 28.310255 28.307511 28.300231 28.281786 28.237122 28.133601 27.903386 27.410353 26.388721 24.330819 20.297745 12.719292 0.000000 
50.000000 43.114011 36.778734 31.413087 27.224829 24.206932 22.195497 20.952613 20.238852 19.856916 19.665984 19.576582 19.537273 19.521003 19.514649 19.512302 19.511480 19.511207 19.511121 19.511094 19.511087 19.511085 19.511084 19.511084 19.511084 19.511084 19.511084 19.511084 19.511084 19.511084 19.511084 19.511083 19.511079 19.511067 19.511026 19.510895 19.510500 19.509354 19.506193 19.497873 19.477011 19.427189 19.313864 19.068313 18.561409 17.565096 15.706544 12.447915 7.214114 0.000000 
50.000000 41.562262 33.799418 27.224829 22.093061 18.395448 15.931098 14.408436 13.534059 13.066208 12.832344 12.722848 12.674708 12.654784 12.647003 12.644130 12.643124 12.642790 12.642684 12.642652 12.642643 12.642640 12.642640 12.642639 12.642639 12.642639 12.642639 12.642639 12.642639 12.642639 12.642639 12.642638 12.642635 12.642623 12.642584 12.642460 12.642087 12.641015 12.638074 12.630407 12.611406 12.566699 12.466968 12.256330 11.836028 11.046530 9.659733 7.410697 4.125390 0.000000 
50.000000 40.444072 31.652568 24.206932 18.395448 14.208246 11.417733 9.693641 8.703656 8.173985 7.909238 7.785293 7.730805 7.708256 7.699451 7.696199 7.695061 7.694683 7.694564 7.694528 7.694517 7.694514 7.694514 7.694513 7.694513 7.694513 7.694513 7.694513 7.694513 7.694513 7.694513 7.694512 7.694509 7.694500 7.694468 7.694368 7.694066 7.693205 7.690863 7.684812 7.669990 7.635624 7.560359 7.405047 7.104123 6.559420 5.645522 4.242215 2.310308 0.000000 
50.000000 39.698747 30.221633 22.195497 15.931098 11.417733 8.409988 6.551776 5.484842 4.914036 4.628750 4.495199 4.436492 4.412199 4.402714 4.399212 4.397986 4.397579 4.397450 4.397411 4.397400 4.397397 4.397396 4.397396 4.397396 4.397396 4.397396 4.397396 4.397396 4.397396 4.397395 4.397395 4.397393 4.397386 4.397363 4.397291 4.397076 4.396466 4.394819 4.390604 4.380393 4.357038 4.306727 4.204994 4.012687 3.674768 3.127184 2.318247 1.246493 0.000000 
50.000000 39.238169 29.337404 20.952613 14.408436 9.693641 6.551776 4.610787 3.496379 2.900207 2.602258 2.462789 2.401484 2.376118 2.366215 2.362558 2.361279 2.360854 2.360719 2.360679 2.360667 2.360664 2.360663 2.360663 2.360663 2.360663 2.360663 2.360663 2.360663 2.360663 2.360663 2.360662 2.360661 2.360656 2.360641 2.360595 2.360458 2.360070 2.359030 2.356390 2.350060 2.335758 2.305394 2.245049 2.133282 1.941468 1.638749 1.203803 0.642162 0.000000 
50.000000 38.973647 28.829585 20.238852 13.534059 8.703656 5.484842 3.496379 2.354754 1.744047 1.438847 1.295990 1.233199 1.207220 1.197077 1.193333 1.192023 1.191587 1.191450 1.191408 1.191396 1.191393 1.191392 1.191392 1.191392 1.191392 1.191392 1.191392 1.191392 1.191392 1.191392 1.191391 1.191391 1.191388 1.191379 1.191352 1.191272 1.191048 1.190450 1.188945 1.185370 1.177377 1.160621 1.127804 1.068032 0.967360 0.811663 0.592464 0.314409 0.000000 
50.000000 38.832087 28.557834 19.856916 13.066208 8.173985 4.914036 2.900207 1.744047 1.125580 0.816512 0.671849 0.608266 0.581960 0.571690 0.567899 0.566572 0.566132 0.565992 0.565950 0.565938 0.565935 0.565934 0.565934 0.565934 0.565934 0.565934 0.565934 0.565934 0.565934 0.565934 0.565933 0.565933 0.565932 0.565927 0.565912 0.565870 0.565751 0.565436 0.564647 0.562790 0.558677 0.550146 0.533643 0.503995 0.454802 0.379905 0.276048 0.145971 0.000000 
50.000000 38.761313 28.421976 19.665984 12.832344 7.909238 4.628750 2.602258 1.438847 0.816512 0.505517 0.359954 0.295977 0.269509 0.259176 0.255361 0.254026 0.253583 0.253443 0.253401 0.253388 0.253385 0.253384 0.253384 0.253384 0.253384 0.253384 0.253384 0.253384 0.253384 0.253384 0.253384 0.253384 0.253383 0.253381 0.253373 0.253352 0.253294 0.253140 0.252759 0.251865 0.249902 0.245869 0.238145 0.224426 0.201936 0.168111 0.121745 0.064213 0.000000 
50.000000 38.728170 28.358357 19.576582 12.722848 7.785293 4.495199 2.462789 1.295990 0.671849 0.359954 0.213971 0.149811 0.123267 0.112905 0.109079 0.107741 0.107296 0.107155 0.107113 0.107101 0.107098 0.107097 0.107096 0.107096 0.107096 0.107096 0.107096 0.107096 0.107096 0.107096 0.107096 0.107096 0.107096 0.107095 0.107092 0.107082 0.107055 0.106986 0.106814 0.106413 0.105540 0.103759 0.100379 0.094431 0.084773 0.070389 0.050847 0.026768 0.000000 
50.000000 38.713596 28.330383 19.537273 12.674708 7.730805 4.436492 2.401484 1.233199 0.608266 0.295977 0.149811 0.085571 0.058993 0.048618 0.044788 0.043448 0.043003 0.042862 0.042820 0.042807 0.042804 0.042803 0.042803 0.042803 0.042803 0.042803 0.042803 0.042803 0.042803 0.042803 0.042803 0.042803 0.042803 0.042802 0.042801 0.042797 0.042785 0.042756 0.042683 0.042515 0.042152 0.041415 0.040026 0.037600 0.033693 0.027919 0.020128 0.010581 0.000000 
50.000000 38.707563 28.318803 19.521003 12.654784 7.708256 4.412199 2.376118 1.207220 0.581960 0.269509 0.123267 0.058993 0.032402 0.022022 0.018190 0.016849 0.016404 0.016263 0.016220 0.016208 0.016205 0.016204 0.016204 0.016204 0.016204 0.016204 0.016204 0.016204 0.016204 0.016204 0.016204 0.016204 0.016203 0.016203 0.016203 0.016201 0.016197 0.016185 0.016156 0.016090 0.015948 0.015660 0.015123 0.014190 0.012696 0.010503 0.007561 0.003970 0.000000 
50.000000 38.705206 28.314281 19.514649 12.647003 7.699451 4.402714 2.366215 1.197077 0.571690 0.259176 0.112905 0.048618 0.022022 0.011639 0.007807 0.006466 0.006020 0.005879 0.005837 0.005825 0.005821 0.005820 0.005820 0.005820 0.005820 0.005820 0.005820 0.005820 0.005820 0.005820 0.005820 0.005820 0.005820 0.005820 0.005820 0.005819 0.005817 0.005813 0.005802 0.005778 0.005725 0.005620 0.005423 0.005083 0.004543 0.003753 0.002699 0.001416 0.000000 
50.000000 38.704336 28.312610 19.512302 12.644130 7.696199 4.399212 2.362558 1.193333 0.567899 0.255361 0.109079 0.044788 0.018190 0.007807 0.003974 0.002632 0.002187 0.002046 0.002004 0.001991 0.001988 0.001987 0.001987 0.001987 0.001987 0.001987 0.001987 0.001987 0.001987 0.001987 0.001987 0.001987 0.001987 0.001987 0.001987 0.001986 0.001986 0.001984 0.001981 0.001972 0.001954 0.001917 0.001849 0.001732 0.001546 0.001276 0.000916 0.000480 0.000000 
50.000000 38.704031 28.312025 19.511480 12.643124 7.695061 4.397986 2.361279 1.192023 0.566572 0.254026 0.107741 0.043448 0.016849 0.006466 0.002632 0.001291 0.000846 0.000705 0.000662 0.000650 0.000647 0.000646 0.000646 0.000646 0.000646 0.000646 0.000646 0.000646 0.000646 0.000646 0.000646 0.000646 0.000646 0.000646 0.000646 0.000646 0.000645 0.000645 0.000644 0.000641 0.000635 0.000622 0.000600 0.000562 0.000501 0.000413 0.000297 0.000155 0.000000 
50.000000 38.703930 28.311831 19.511207 12.642790 7.694683 4.397579 2.360854 1.191587 0.566132 0.253583 0.107296 0.043003 0.016404 0.006020 0.002187 0.000846 0.000400 0.000259 0.000217 0.000205 0.000201 0.000200 0.000200 0.000200 0.000200 0.000200 0.000200 0.000200 0.000200 0.000200 0.000200 0.000200 0.000200 0.000200 0.000200 0.000200 0.000200 0.000200 0.000199 0.000199 0.000197 0.000193 0.000186 0.000174 0.000155 0.000128 0.000092 0.000048 0.000000 
50.000000 38.703897 28.311769 19.511121 12.642684 7.694564 4.397450 2.360719 1.191450 0.565992 0.253443 0.107155 0.042862 0.016263 0.005879 0.002046 0.000705 0.000259 0.000118 0.000076 0.000064 0.000060 0.000059 0.000059 0.000059 0.000059 0.000059 0.000059 0.000059 0.000059 0.000059 0.000059 0.000059 0.000059 0.000059 0.000059 0.000059 0.000059 0.000059 0.000059 0.000059 0.000058 0.000057 0.000055 0.000051 0.000046 0.000038 0.000027 0.000014 0.000000 
50.000000 38.703888 28.311751 19.511094 12.642652 7.694528 4.397411 2.360679 1.191408 0.565950 0.253401 0.107113 0.042820 0.016220 0.005837 0.002004 0.000662 0.000217 0.000076 0.000034 0.000021 0.000018 0.000017 0.000017 0.000017 0.000017 0.000017 0.000017 0.000017 0.000017 0.000017 0.000017 0.000017 0.000017 0.000017 0.000017 0.000017 0.000017 0.000017 0.000017 0.000017 0.000016 0.000016 0.000016 0.000015 0.000013 0.000011 0.000008 0.000004 0.000000 
50.000000 38.703885 28.311745 19.511087 12.642643 7.694517 4.397400 2.360667 1.191396 0.565938 0.253388 0.107101 0.042807 0.016208 0.005825 0.001991 0.000650 0.000205 0.000064 0.000021 0.000009 0.000006 0.000005 0.000005 0.000005 0.000005 0.000005 0.000005 0.000005 0.000005 0.000005 0.000005 0.000005 0.000005 0.000005 0.000005 0.000005 0.000005 0.000005 0.000005 0.000005 0.000004 0.000004 0.000004 0.000004 0.000003 0.000003 0.000002 0.000001 0.000000 
50.000000 38.703884 28.311744 19.511085 12.642640 7.694514 4.397397 2.360664 1.191393 0.565935 0.253385 0.107098 0.042804 0.016205 0.005821 0.001988 0.000647 0.000201 0.000060 0.000018 0.000006 0.000002 0.000001 0.000001 0.000001 0.000001 0.000001 0.000001 0.000001 0.000001 0.000001 0.000001 0.000001 0.000001 0.000001 0.000001 0.000001 0.000001 0.000001 0.000001 0.000001 0.000001 0.000001 0.000001 0.000001 0.000001 0.000001 0.000001 0.000000 0.000000 
50.000000 38.703884 28.311744 19.511084 12.642640 7.694514 4.397396 2.360663 1.191392 0.565934 0.253384 0.107097 0.042803 0.016204 0.005820 0.001987 0.000646 0.000200 0.000059 0.000017 0.000005 0.000001 0.000001 0.000000 0.000000 0.000000 0.000000 0.000000 0.000000 0.000000 0.000000 0.000000 0.000000 0.000000 0.000000 0.000000 0.000000 0.000000 0.000000 0.000000 0.000000 0.000000 0.000000 0.000000 0.000000 0.000000 0.000000 0.000000 0.000000 0.000000 
50.000000 38.703884 28.311744 19.511084 12.642639 7.694513 4.397396 2.360663 1.191392 0.565934 0.253384 0.107096 0.042803 0.016204 0.005820 0.001987 0.000646 0.000200 0.000059 0.000017 0.000005 0.000001 0.000000 0.000000 0.000000 0.000000 0.000000 0.000000 0.000000 0.000000 0.000000 0.000000 0.000000 0.000000 0.000000 0.000000 0.000000 0.000000 0.000000 0.000000 0.000000 0.000000 0.000000 0.000000 0.000000 0.000000 0.000000 0.000000 0.000000 0.000000 
50.000000 38.703884 28.311743 19.511084 12.642639 7.694513 4.397396 2.360663 1.191392 0.565934 0.253384 0.107096 0.042803 0.016204 0.005820 0.001987 0.000646 0.000200 0.000059 0.000017 0.000005 0.000001 0.000000 0.000000 0.000000 0.000000 0.000000 0.000000 0.000000 0.000000 0.000000 0.000000 0.000000 0.000000 0.000000 0.000000 0.000000 0.000000 0.000000 0.000000 0.000000 0.000000 0.000000 0.000000 0.000000 0.000000 0.000000 0.000000 0.000000 0.000000 
50.000000 38.703884 28.311743 19.511084 12.642639 7.694513 4.397396 2.360663 1.191392 0.565934 0.253384 0.107096 0.042803 0.016204 0.005820 0.001987 0.000646 0.000200 0.000059 0.000017 0.000005 0.000001 0.000000 0.000000 0.000000 0.000000 0.000000 0.000000 0.000000 0.000000 0.000000 0.000000 0.000000 0.000000 0.000000 0.000000 0.000000 0.000000 0.000000 0.000000 0.000000 0.000000 0.000000 0.000000 0.000000 0.000000 0.000000 0.000000 0.000000 0.000000 
50.000000 38.703884 28.311744 19.511084 12.642639 7.694513 4.397396 2.360663 1.191392 0.565934 0.253384 0.107096 0.042803 0.016204 0.005820 0.001987 0.000646 0.000200 0.000059 0.000017 0.000005 0.000001 0.000000 0.000000 0.000000 0.000000 0.000000 0.000000 0.000000 0.000000 0.000000 0.000000 0.000000 0.000000 0.000000 0.000000 0.000000 0.000000 0.000000 0.000000 0.000000 0.000000 0.000000 0.000000 0.000000 0.000000 0.000000 0.000000 0.000000 0.000000 
50.000000 38.703884 28.311744 19.511084 12.642640 7.694514 4.397396 2.360663 1.191392 0.565934 0.253384 0.107097 0.042803 0.016204 0.005820 0.001987 0.000646 0.000200 0.000059 0.000017 0.000005 0.000001 0.000001 0.000000 0.000000 0.000000 0.000000 0.000000 0.000000 0.000000 0.000000 0.000000 0.000000 0.000000 0.000000 0.000000 0.000000 0.000000 0.000000 0.000000 0.000000 0.000000 0.000000 0.000000 0.000000 0.000000 0.000000 0.000000 0.000000 0.000000 
50.000000 38.703884 28.311744 19.511085 12.642640 7.694514 4.397397 2.360664 1.191393 0.565935 0.253385 0.107098 0.042804 0.016205 0.005821 0.001988 0.000647 0.000201 0.000060 0.000018 0.000006 0.000002 0.000001 0.000001 0.000001 0.000001 0.000001 0.000001 0.000001 0.000001 0.000001 0.000001 0.000001 0.000001 0.000001 0.000001 0.000001 0.000001 0.000001 0.000001 0.000001 0.000001 0.000001 0.000001 0.000001 0.000001 0.000001 0.000001 0.000000 0.000000 
50.000000 38.703885 28.311745 19.511087 12.642643 7.694517 4.397400 2.360667 1.191396 0.565938 0.253388 0.107101 0.042807 0.016208 0.005825 0.001991 0.000650 0.000205 0.000064 0.000021 0.000009 0.000006 0.000005 0.000005 0.000005 0.000005 0.000005 0.000005 0.000005 0.000005 0.000005 0.000005 0.000005 0.000005 0.000005 0.000005 0.000005 0.000005 0.000005 0.000005 0.000005 0.000004 0.000004 0.000004 0.000004 0.000003 0.000003 0.000002 0.000001 0.000000 
50.000000 38.703888 28.311751 19.511094 12.642652 7.694528 4.397411 2.360679 1.191408 0.565950 0.253401 0.107113 0.042820 0.016220 0.005837 0.002004 0.000662 0.000217 0.000076 0.000034 0.000021 0.000018 0.000017 0.000017 0.000017 0.000017 0.000017 0.000017 0.000017 0.000017 0.000017 0.000017 0.000017 0.000017 0.000017 0.000017 0.000017 0.000017 0.000017 0.000017 0.000017 0.000016 0.000016 0.000016 0.000015 0.000013 0.000011 0.000008 0.000004 0.000000 
50.000000 38.703897 28.311769 19.511121 12.642684 7.694564 4.397450 2.360719 1.191450 0.565992 0.253443 0.107155 0.042862 0.016263 0.005879 0.002046 0.000705 0.000259 0.000118 0.000076 0.000064 0.000060 0.000059 0.000059 0.000059 0.000059 0.000059 0.000059 0.000059 0.000059 0.000059 0.000059 0.000059 0.000059 0.000059 0.000059 0.000059 0.000059 0.000059 0.000059 0.000059 0.000058 0.000057 0.000055 0.000051 0.000046 0.000038 0.000027 0.000014 0.000000 
50.000000 38.703930 28.311831 19.511207 12.642790 7.694683 4.397579 2.360854 1.191587 0.566132 0.253583 0.107296 0.043003 0.016404 0.006020 0.002187 0.000846 0.000400 0.000259 0.000217 0.000205 0.000201 0.000200 0.000200 0.000200 0.000200 0.000200 0.000200 0.000200 0.000200 0.000200 0.000200 0.000200 0.000200 0.000200 0.000200 0.000200 0.000200 0.000200 0.000199 0.000199 0.000197 0.000193 0.000186 0.000174 0.000155 0.000128 0.000092 0.000048 0.000000 
50.000000 38.704031 28.312025 19.511480 12.643124 7.695061 4.397986 2.361279 1.192023 0.566572 0.254026 0.107741 0.043448 0.016849 0.006466 0.002632 0.001291 0.000846 0.000705 0.000662 0.000650 0.000647 0.000646 0.000646 0.000646 0.000646 0.000646 0.000646 0.000646 0.000646 0.000646 0.000646 0.000646 0.000646 0.000646 0.000646 0.000646 0.000645 0.000645 0.000644 0.000641 0.000635 0.000622 0.000600 0.000562 0.000501 0.000413 0.000297 0.000155 0.000000 
50.000000 38.704336 28.312610 19.512302 12.644130 7.696199 4.399212 2.362558 1.193333 0.567899 0.255361 0.109079 0.044788 0.018190 0.007807 0.003974 0.002632 0.002187 0.002046 0.002004 0.001991 0.001988 0.001987 0.001987 0.001987 0.001987 0.001987 0.001987 0.001987 0.001987 0.001987 0.001987 0.001987 0.001987 0.001987 0.001987 0.001986 0.001986 0.001984 0.001981 0.001972 0.001954 0.001917 0.001849 0.001732 0.001546 0.001276 0.000916 0.000480 0.000000 
50.000000 38.705206 28.314281 19.514649 12.647003 7.699451 4.402714 2.366215 1.197077 0.571690 0.259176 0.112905 0.048618 0.022022 0.011639 0.007807 0.006466 0.006020 0.005879 0.005837 0.005825 0.005821 0.005820 0.005820 0.005820 0.005820 0.005820 0.005820 0.005820 0.005820 0.005820 0.005820 0.005820 0.005820 0.005820 0.005820 0.005819 0.005817 0.005813 0.005802 0.005778 0.005725 0.005620 0.005423 0.005083 0.004543 0.003753 0.002699 0.001416 0.000000 
50.000000 38.707563 28.318803 19.521003 12.654784 7.708256 4.412199 2.376118 1.207220 0.581960 0.269509 0.123267 0.058993 0.032402 0.022022 0.018190 0.016849 0.016404 0.016263 0.016220 0.016208 0.016205 0.016204 0.016204 0.016204 0.016204 0.016204 0.016204 0.016204 0.016204 0.016204 0.016204 0.016204 0.016203 0.016203 0.016203 0.016201 0.016197 0.016185 0.016156 0.016090 0.015948 0.015660 0.015123 0.014190 0.012696 0.010503 0.007561 0.003970 0.000000 
50.000000 38.713596 28.330383 19.537273 12.674708 7.730805 4.436492 2.401484 1.233199 0.608266 0.295977 0.149811 0.085571 0.058993 0.048618 0.044788 0.043448 0.043003 0.042862 0.042820 0.042807 0.042804 0.042803 0.042803 0.042803 0.042803 0.042803 0.042803 0.042803 0.042803 0.042803 0.042803 0.042803 0.042803 0.042802 0.042801 0.042797 0.042785 0.042756 0.042683 0.042515 0.042152 0.041415 0.040026 0.037600 0.033693 0.027919 0.020128 0.010581 0.000000 
50.000000 38.728170 28.358357 19.576582 12.722848 7.785293 4.495199 2.462789 1.295990 0.671849 0.359954 0.213971 0.149811 0.123267 0.112905 0.109079 0.107741 0.107296 0.107155 0.107113 0.107101 0.107098 0.107097 0.107096 0.107096 0.107096 0.107096 0.107096 0.107096 0.107096 0.107096 0.107096 0.107096 0.107096 0.107095 0.107092 0.107082 0.107055 0.106986 0.106814 0.106413 0.105540 0.103759 0.100379 0.094431 0.084773 0.070389 0.050847 0.026768 0.000000 
50.000000 38.761313 28.421976 19.665984 12.832344 7.909238 4.628750 2.602258 1.438847 0.816512 0.505517 0.359954 0.295977 0.269509 0.259176 0.255361 0.254026 0.253583 0.253443 0.253401 0.253388 0.253385 0.253384 0.253384 0.253384 0.253384 0.253384 0.253384 0.253384 0.253384 0.253384 0.253384 0.253384 0.253383 0.253381 0.253373 0.253352 0.253294 0.253140 0.252759 0.251865 0.249902 0.245869 0.238145 0.224426 0.201936 0.168111 0.121745 0.064213 0.000000 
50.000000 38.832087 28.557834 19.856916 13.066208 8.173985 4.914036 2.900207 1.744047 1.125580 0.816512 0.671849 0.608266 0.581960 0.571690 0.567899 0.566572 0.566132 0.565992 0.565950 0.565938 0.565935 0.565934 0.565934 0.565934 0.565934 0.565934 0.565934 0.565934 0.565934 0.565934 0.565933 0.565933 0.565932 0.565927 0.565912 0.565870 0.565751 0.565436 0.564647 0.562790 0.558677 0.550146 0.533643 0.503995 0.454802 0.379905 0.276048 0.145971 0.000000 
50.000000 38.973647 28.829585 20.238852 13.534059 8.703656 5.484842 3.496379 2.354754 1.744047 1.438847 1.295990 1.233199 1.207220 1.197077 1.193333 1.192023 1.191587 1.191450 1.191408 1.191396 1.191393 1.191392 1.191392 1.191392 1.191392 1.191392 1.191392 1.191392 1.191392 1.191392 1.191391 1.191391 1.191388 1.191379 1.191352 1.191272 1.191048 1.190450 1.188945 1.185370 1.177377 1.160621 1.127804 1.068032 0.967360 0.811663 0.592464 0.314409 0.000000 
50.000000 39.238169 29.337404 20.952613 14.408436 9.693641 6.551776 4.610787 3.496379 2.900207 2.602258 2.462789 2.401484 2.376118 2.366215 2.362558 2.361279 2.360854 2.360719 2.360679 2.360667 2.360664 2.360663 2.360663 2.360663 2.360663 2.360663 2.360663 2.360663 2.360663 2.360663 2.360662 2.360661 2.360656 2.360641 2.360595 2.360458 2.360070 2.359030 2.356390 2.350060 2.335758 2.305394 2.245049 2.133282 1.941468 1.638749 1.203803 0.642162 0.000000 
50.000000 39.698747 30.221633 22.195497 15.931098 11.417733 8.409988 6.551776 5.484842 4.914036 4.628750 4.495199 4.436492 4.412199 4.402714 4.399212 4.397986 4.397579 4.397450 4.397411 4.397400 4.397397 4.397396 4.397396 4.397396 4.397396 4.397396 4.397396 4.397396 4.397396 4.397395 4.397395 4.397393 4.397386 4.397363 4.397291 4.397076 4.396466 4.394819 4.390604 4.380393 4.357038 4.306727 4.204994 4.012687 3.674768 3.127184 2.318247 1.246493 0.000000 
50.000000 40.444072 31.652568 24.206932 18.395448 14.208246 11.417733 9.693641 8.703656 8.173985 7.909238 7.785293 7.730805 7.708256 7.699451 7.696199 7.695061 7.694683 7.694564 7.694528 7.694517 7.694514 7.694514 7.694513 7.694513 7.694513 7.694513 7.694513 7.694513 7.694513 7.694513 7.694512 7.694509 7.694500 7.694468 7.694368 7.694066 7.693205 7.690863 7.684812 7.669990 7.635624 7.560359 7.405047 7.104123 6.559420 5.645522 4.242215 2.310308 0.000000 
50.000000 41.562262 33.799418 27.224829 22.093061 18.395448 15.931098 14.408436 13.534059 13.066208 12.832344 12.722848 12.674708 12.654784 12.647003 12.644130 12.643124 12.642790 12.642684 12.642652 12.642643 12.642640 12.642640 12.642639 12.642639 12.642639 12.642639 12.642639 12.642639 12.642639 12.642639 12.642638 12.642635 12.642623 12.642584 12.642460 12.642087 12.641015 12.638074 12.630407 12.611406 12.566699 12.466968 12.256330 11.836028 11.046530 9.659733 7.410697 4.125390 0.000000 
50.000000 43.114011 36.778734 31.413087 27.224829 24.206932 22.195497 20.952613 20.238852 19.856916 19.665984 19.576582 19.537273 19.521003 19.514649 19.512302 19.511480 19.511207 19.511121 19.511094 19.511087 19.511085 19.511084 19.511084 19.511084 19.511084 19.511084 19.511084 19.511084 19.511084 19.511084 19.511083 19.511079 19.511067 19.511026 19.510895 19.510500 19.509354 19.506193 19.497873 19.477011 19.427189 19.313864 19.068313 18.561409 17.565096 15.706544 12.447915 7.214114 0.000000 
50.000000 45.101899 40.595490 36.778734 33.799418 31.652568 30.221633 29.337404 28.829585 28.557834 28.421976 28.358357 28.330383 28.318803 28.314281 28.312610 28.312025 28.311831 28.311769 28.311751 28.311745 28.311744 28.311744 28.311744 28.311743 28.311743 28.311743 28.311743 28.311743 28.311743 28.311743 28.311742 28.311739 28.311729 28.311694 28.311582 28.311243 28.310255 28.307511 28.300231 28.281786 28.237122 28.133601 27.903386 27.410353 26.388721 24.330819 20.297745 12.719292 0.000000 
50.000000 47.448955 45.101899 43.114011 41.562262 40.444072 39.698747 39.238169 38.973647 38.832087 38.761313 38.728170 38.713596 38.707563 38.705206 38.704336 38.704031 38.703930 38.703897 38.703888 38.703885 38.703884 38.703884 38.703884 38.703884 38.703884 38.703884 38.703884 38.703884 38.703884 38.703884 38.703883 38.703882 38.703875 38.703855 38.703790 38.703592 38.703014 38.701402 38.697100 38.686116 38.659238 38.596007 38.452255 38.133764 37.436872 35.899896 32.382607 23.724478 0.000000 
50.000000 50.000000 50.000000 50.000000 50.000000 50.000000 50.000000 50.000000 50.000000 50.000000 50.000000 50.000000 50.000000 50.000000 50.000000 50.000000 50.000000 50.000000 50.000000 50.000000 50.000000 50.000000 50.000000 50.000000 50.000000 50.000000 50.000000 50.000000 50.000000 50.000000 50.000000 50.000000 50.000000 50.000000 50.000000 50.000000 50.000000 50.000000 50.000000 50.000000 50.000000 50.000000 50.000000 50.000000 50.000000 50.000000 50.000000 50.000000 50.000000 50.000000 
