50.000000 50.000000 50.000000 50.000000 50.000000 50.000000 50.000000 50.000000 50.000000 50.000000 50.000000 50.000000 50.000000 50.000000 50.000000 50.000000 50.000000 50.000000 50.000000 50.000000 50.000000 50.000000 50.000000 50.000000 50.000000 50.000000 50.000000 50.000000 50.000000 50.000000 50.000000 50.000000 50.000000 50.000000 50.000000 50.000000 50.000000 50.000000 50.000000 50.000000 50.000000 50.000000 50.000000 50.000000 50.000000 50.000000 50.000000 50.000000 50.000000 50.000000 
50.000000 48.674473 47.404089 46.237117 45.209503 44.341863 43.639251 43.093354 42.686251 42.394712 42.194122 42.061448 41.977042 41.925360 41.894884 41.877566 41.868075 41.863056 41.860494 41.859229 41.858626 41.858347 41.858223 41.858169 41.858146 41.858137 41.858132 41.858127 41.858119 41.858101 41.858057 41.857957 41.857733 41.857245 41.856208 41.854069 41.849765 41.841329 41.825188 41.794994 41.739638 41.639825 41.461936 41.146320 40.582947 39.555354 37.596256 33.570896 24.337236 0.000000 
50.000000 47.404089 44.916172 42.630781 40.618313 38.919140 37.543161 36.474094 35.676841 35.105906 34.713082 34.453265 34.287973 34.186764 34.127084 34.093170 34.074585 34.064757 34.059739 34.057263 34.056082 34.055536 34.055293 34.055187 34.055142 34.055124 34.055114 34.055106 34.055091 34.055057 34.054976 34.054790 34.054375 34.053472 34.051559 34.047616 34.039707 34.024251 33.994797 33.939990 33.840216 33.662063 33.348984 32.805055 31.865530 30.241517 27.415323 22.458086 13.833193 0.000000 
50.000000 46.237117 42.630781 39.318022 36.400885 33.937892 31.943389 30.393769 29.238155 28.410595 27.841211 27.464618 27.225038 27.078345 26.991845 26.942690 26.915754 26.901511 26.894238 26.890649 26.888938 26.888147 26.887794 26.887641 26.887577 26.887549 26.887536 26.887525 26.887505 26.887459 26.887352 26.887107 26.886559 26.885369 26.882855 26.877691 26.867373 26.847305 26.809296 26.739119 26.612668 26.389951 26.005817 25.355703 24.274077 22.503624 19.659011 15.215458 8.640860 0.000000 
50.000000 45.209503 40.618313 36.400885 32.687137 29.551568 27.012440 25.039695 23.568555 22.515053 21.790223 21.310825 21.005848 20.819116 20.709008 20.646439 20.612153 20.594023 20.584766 20.580199 20.578020 20.577014 20.576565 20.576370 20.576288 20.576253 20.576237 20.576223 20.576201 20.576149 20.576029 20.575755 20.575143 20.573818 20.571029 20.565324 20.553978 20.532046 20.490816 20.415408 20.281155 20.048342 19.654882 19.006687 17.966374 16.343568 13.897262 10.376796 5.654150 0.000000 
50.000000 44.341863 38.919140 33.937892 29.551568 25.848162 22.849236 20.519281 18.781778 17.537549 16.681507 16.115336 15.755163 15.534640 15.404609 15.330721 15.290233 15.268824 15.257893 15.252501 15.249928 15.248740 15.248210 15.247980 15.247883 15.247842 15.247824 15.247809 15.247786 15.247734 15.247614 15.247340 15.246730 15.245414 15.242654 15.237035 15.225923 15.204589 15.164816 15.092813 14.966240 14.750205 14.392339 13.817534 12.924081 11.585195 9.663816 7.053610 3.758916 0.000000 
50.000000 43.639251 37.543161 31.943389 27.012440 22.849236 19.478008 16.858831 14.905674 13.507034 12.544773 11.908362 11.503512 11.255641 11.109488 11.026440 10.980934 10.956872 10.944587 10.938526 10.935635 10.934301 10.933704 10.933446 10.933337 10.933292 10.933272 10.933257 10.933235 10.933187 10.933077 10.932826 10.932270 10.931073 10.928575 10.923514 10.913567 10.894607 10.859561 10.796772 10.687776 10.504571 10.206701 9.739004 9.031702 8.005753 6.587686 4.738107 2.492932 0.000000 
50.000000 43.093354 36.474094 30.393769 25.039695 20.519281 16.858831 14.014983 11.894314 10.375743 9.330985 8.640027 8.200486 7.931380 7.772709 7.682551 7.633150 7.607030 7.593694 7.587115 7.583977 7.582528 7.581881 7.581601 7.581483 7.581434 7.581412 7.581398 7.581379 7.581338 7.581244 7.581030 7.580559 7.579550 7.577451 7.573223 7.564964 7.549333 7.520688 7.469884 7.382744 7.238345 7.007491 6.652130 6.126942 5.384814 4.387952 3.125110 1.631419 0.000000 
50.000000 42.686251 35.676841 29.238155 23.568555 18.781778 14.905674 11.894314 9.648759 8.040781 6.934530 6.202915 5.737520 5.452590 5.284593 5.189138 5.136836 5.109182 5.095064 5.088099 5.084776 5.083243 5.082558 5.082261 5.082137 5.082085 5.082063 5.082050 5.082034 5.082000 5.081925 5.081755 5.081381 5.080584 5.078933 5.075625 5.069203 5.057134 5.035198 4.996664 4.931301 4.824379 4.655969 4.401104 4.031574 3.520213 2.848204 2.014778 1.046427 0.000000 
50.000000 42.394712 35.105906 28.410595 22.515053 17.537549 13.507034 10.375743 8.040781 6.368802 5.218537 4.457824 3.973927 3.677676 3.503006 3.403762 3.349385 3.320635 3.305957 3.298716 3.295262 3.293668 3.292956 3.292648 3.292518 3.292465 3.292442 3.292430 3.292417 3.292392 3.292335 3.292207 3.291928 3.291334 3.290111 3.287671 3.282963 3.274175 3.258327 3.230733 3.184401 3.109480 2.992999 2.819258 2.571309 2.233898 1.797927 1.265690 0.655074 0.000000 
50.000000 42.194122 34.713082 27.841211 21.790223 16.681507 12.544773 9.330985 6.934530 5.218537 4.038005 3.257285 2.760669 2.456635 2.277380 2.175532 2.119729 2.090225 2.075163 2.067733 2.064189 2.062553 2.061823 2.061506 2.061373 2.061319 2.061296 2.061285 2.061275 2.061257 2.061216 2.061125 2.060927 2.060509 2.059650 2.057946 2.054676 2.048612 2.037754 2.019002 1.987804 1.937867 1.861102 1.748001 1.588694 1.374815 1.102091 0.773093 0.399127 0.000000 
50.000000 42.061448 34.453265 27.464618 21.310825 16.115336 11.908362 8.640027 6.202915 4.457824 3.257285 2.463343 1.958321 1.649146 1.466861 1.363293 1.306548 1.276548 1.261232 1.253677 1.250073 1.248410 1.247667 1.247345 1.247210 1.247155 1.247132 1.247122 1.247114 1.247101 1.247074 1.247012 1.246879 1.246599 1.246026 1.244895 1.242735 1.238753 1.231671 1.219531 1.199497 1.167717 1.119339 1.048801 0.950520 0.820010 0.655322 0.458468 0.236260 0.000000 
50.000000 41.977042 34.287973 27.225038 21.005848 15.755163 11.503512 8.200486 5.737520 3.973927 2.760669 1.958321 1.447957 1.135514 0.951305 0.846644 0.789302 0.758985 0.743508 0.735874 0.732232 0.730552 0.729801 0.729476 0.729340 0.729284 0.729261 0.729252 0.729245 0.729237 0.729219 0.729179 0.729094 0.728915 0.728551 0.727834 0.726474 0.723979 0.719568 0.712057 0.699752 0.680386 0.651153 0.608906 0.550574 0.473802 0.377733 0.263722 0.135713 0.000000 
50.000000 41.925360 34.186764 27.078345 20.819116 15.534640 11.255641 7.931380 5.452590 3.677676 2.456635 1.649146 1.135514 0.821072 0.635686 0.530358 0.472650 0.442140 0.426565 0.418882 0.415218 0.413527 0.412771 0.412444 0.412307 0.412251 0.412228 0.412219 0.412214 0.412208 0.412197 0.412173 0.412120 0.412011 0.411790 0.411356 0.410536 0.409040 0.406411 0.401959 0.394713 0.383388 0.366417 0.342074 0.308717 0.265138 0.210972 0.147057 0.075595 0.000000 
50.000000 41.894884 34.127084 26.991845 20.709008 15.404609 11.109488 7.772709 5.284593 3.503006 2.277380 1.466861 0.951305 0.635686 0.449607 0.343885 0.285962 0.255339 0.239706 0.231995 0.228317 0.226619 0.225861 0.225533 0.225395 0.225339 0.225317 0.225308 0.225303 0.225299 0.225293 0.225278 0.225248 0.225184 0.225055 0.224803 0.224330 0.223470 0.221966 0.219434 0.215335 0.208968 0.199486 0.185973 0.167575 0.143684 0.114153 0.079468 0.040816 0.000000 
50.000000 41.877566 34.093170 26.942690 20.646439 15.330721 11.026440 7.682551 5.189138 3.403762 2.175532 1.363293 0.846644 0.530358 0.343885 0.237940 0.179895 0.149208 0.133542 0.125815 0.122129 0.120428 0.119668 0.119339 0.119201 0.119145 0.119123 0.119114 0.119110 0.119107 0.119103 0.119095 0.119078 0.119042 0.118970 0.118830 0.118568 0.118093 0.117267 0.115881 0.113651 0.110204 0.105100 0.097865 0.088067 0.075410 0.059835 0.041611 0.021357 0.000000 
50.000000 41.868075 34.074585 26.915754 20.612153 15.290233 10.980934 7.633150 5.136836 3.349385 2.119729 1.306548 0.789302 0.472650 0.285962 0.179895 0.121784 0.091061 0.075378 0.067641 0.063951 0.062248 0.061488 0.061158 0.061020 0.060964 0.060942 0.060933 0.060929 0.060927 0.060925 0.060921 0.060911 0.060892 0.060853 0.060778 0.060639 0.060387 0.059949 0.059220 0.058051 0.056252 0.053601 0.049861 0.044819 0.038334 0.030385 0.021113 0.010830 0.000000 
50.000000 41.863056 34.064757 26.901511 20.594023 15.268824 10.956872 7.607030 5.109182 3.320635 2.090225 1.276548 0.758985 0.442140 0.255339 0.149208 0.091061 0.060320 0.044627 0.036886 0.033194 0.031490 0.030729 0.030399 0.030261 0.030205 0.030182 0.030174 0.030170 0.030169 0.030167 0.030165 0.030160 0.030150 0.030130 0.030092 0.030020 0.029891 0.029668 0.029298 0.028707 0.027801 0.026471 0.024603 0.022095 0.018880 0.014952 0.010382 0.005323 0.000000 
50.000000 41.860494 34.059739 26.894238 20.584766 15.257894 10.944587 7.593694 5.095064 3.305957 2.075163 1.261232 0.743508 0.426565 0.239706 0.133542 0.075378 0.044627 0.028929 0.021186 0.017492 0.015788 0.015027 0.014697 0.014559 0.014502 0.014480 0.014471 0.014468 0.014467 0.014466 0.014465 0.014462 0.014457 0.014447 0.014428 0.014393 0.014329 0.014220 0.014038 0.013749 0.013309 0.012664 0.011762 0.010554 0.009011 0.007131 0.004949 0.002536 0.000000 
50.000000 41.859229 34.057263 26.890650 20.580199 15.252501 10.938527 7.587115 5.088099 3.298716 2.067733 1.253677 0.735874 0.418882 0.231995 0.125815 0.067641 0.036886 0.021186 0.013441 0.009747 0.008043 0.007281 0.006952 0.006813 0.006757 0.006735 0.006726 0.006723 0.006722 0.006721 0.006720 0.006719 0.006717 0.006712 0.006703 0.006686 0.006655 0.006603 0.006517 0.006381 0.006174 0.005872 0.005450 0.004887 0.004170 0.003298 0.002287 0.001172 0.000000 
50.000000 41.858626 34.056082 26.888938 20.578020 15.249928 10.935636 7.583977 5.084777 3.295263 2.064190 1.250074 0.732233 0.415218 0.228317 0.122130 0.063952 0.033195 0.017493 0.009748 0.006054 0.004349 0.003587 0.003258 0.003119 0.003063 0.003041 0.003032 0.003029 0.003028 0.003027 0.003027 0.003026 0.003025 0.003023 0.003019 0.003011 0.002997 0.002973 0.002934 0.002872 0.002777 0.002640 0.002449 0.002195 0.001871 0.001479 0.001026 0.000525 0.000000 
50.000000 41.858348 34.055537 26.888148 20.577015 15.248742 10.934302 7.582530 5.083245 3.293670 2.062555 1.248412 0.730554 0.413528 0.226621 0.120430 0.062250 0.031492 0.015790 0.008044 0.004350 0.002645 0.001884 0.001554 0.001416 0.001359 0.001337 0.001329 0.001325 0.001324 0.001324 0.001323 0.001323 0.001323 0.001322 0.001320 0.001316 0.001310 0.001299 0.001282 0.001254 0.001213 0.001152 0.001068 0.000957 0.000816 0.000644 0.000447 0.000229 0.000000 
50.000000 41.858224 34.055294 26.887797 20.576568 15.248213 10.933708 7.581885 5.082563 3.292961 2.061827 1.247672 0.729806 0.412776 0.225866 0.119673 0.061493 0.030734 0.015031 0.007286 0.003592 0.001887 0.001125 0.000795 0.000657 0.000601 0.000579 0.000570 0.000567 0.000566 0.000565 0.000565 0.000565 0.000565 0.000564 0.000563 0.000562 0.000559 0.000555 0.000547 0.000535 0.000517 0.000491 0.000455 0.000408 0.000347 0.000274 0.000190 0.000097 0.000000 
50.000000 41.858171 34.055192 26.887648 20.576378 15.247989 10.933457 7.581612 5.082274 3.292660 2.061519 1.247359 0.729489 0.412457 0.225546 0.119353 0.061172 0.030413 0.014710 0.006965 0.003271 0.001566 0.000804 0.000474 0.000336 0.000280 0.000257 0.000249 0.000246 0.000245 0.000244 0.000244 0.000244 0.000244 0.000244 0.000243 0.000242 0.000241 0.000239 0.000236 0.000231 0.000223 0.000212 0.000196 0.000176 0.000149 0.000118 0.000082 0.000042 0.000000 
50.000000 41.858152 34.055154 26.887594 20.576309 15.247909 10.933366 7.581514 5.082169 3.292552 2.061408 1.247245 0.729375 0.412342 0.225431 0.119237 0.061056 0.030297 0.014594 0.006849 0.003154 0.001450 0.000688 0.000358 0.000220 0.000164 0.000141 0.000133 0.000130 0.000128 0.000128 0.000128 0.000128 0.000128 0.000128 0.000127 0.000127 0.000126 0.000125 0.000124 0.000121 0.000117 0.000111 0.000103 0.000092 0.000078 0.000062 0.000043 0.000022 0.000000 
50.000000 41.858152 34.055154 26.887594 20.576309 15.247909 10.933366 7.581514 5.082169 3.292552 2.061408 1.247245 0.729375 0.412342 0.225431 0.119237 0.061056 0.030297 0.014594 0.006849 0.003154 0.001450 0.000688 0.000358 0.000220 0.000164 0.000141 0.000133 0.000130 0.000128 0.000128 0.000128 0.000128 0.000128 0.000128 0.000127 0.000127 0.000126 0.000125 0.000124 0.000121 0.000117 0.000111 0.000103 0.000092 0.000078 0.000062 0.000043 0.000022 0.000000 
50.000000 41.858171 34.055192 26.887648 20.576378 15.247989 10.933457 7.581612 5.082274 3.292660 2.061519 1.247359 0.729489 0.412457 0.225546 0.119353 0.061172 0.030413 0.014710 0.006965 0.003271 0.001566 0.000804 0.000474 0.000336 0.000280 0.000257 0.000249 0.000246 0.000245 0.000244 0.000244 0.000244 0.000244 0.000244 0.000243 0.000242 0.000241 0.000239 0.000236 0.000231 0.000223 0.000212 0.000196 0.000176 0.000149 0.000118 0.000082 0.000042 0.000000 
50.000000 41.858224 34.055294 26.887797 20.576568 15.248213 10.933708 7.581885 5.082563 3.292961 2.061827 1.247672 0.729806 0.412776 0.225866 0.119673 0.061493 0.030734 0.015031 0.007286 0.003592 0.001887 0.001125 0.000795 0.000657 0.000601 0.000579 0.000570 0.000567 0.000566 0.000565 0.000565 0.000565 0.000565 0.000564 0.000563 0.000562 0.000559 0.000555 0.000547 0.000535 0.000517 0.000491 0.000455 0.000408 0.000347 0.000274 0.000190 0.000097 0.000000 
50.000000 41.858348 34.055537 26.888148 20.577015 15.248742 10.934302 7.582530 5.083245 3.293670 2.062555 1.248412 0.730554 0.413528 0.226621 0.120430 0.062250 0.031492 0.015790 0.008044 0.004350 0.002645 0.001884 0.001554 0.001416 0.001359 0.001337 0.001329 0.001325 0.001324 0.001324 0.001323 0.001323 0.001323 0.001322 0.001320 0.001316 0.001310 0.001299 0.001282 0.001254 0.001213 0.001152 0.001068 0.000957 0.000816 0.000644 0.000447 0.000229 0.000000 
50.000000 41.858626 34.056082 26.888938 20.578020 15.249928 10.935636 7.583977 5.084777 3.295263 2.064190 1.250074 0.732233 0.415218 0.228317 0.122130 0.063952 0.033195 0.017493 0.009748 0.006054 0.004349 0.003587 0.003258 0.003119 0.003063 0.003041 0.003032 0.003029 0.003028 0.003027 0.003027 0.003026 0.003025 0.003023 0.003019 0.003011 0.002997 0.002973 0.002934 0.002872 0.002777 0.002640 0.002449 0.002195 0.001871 0.001479 0.001026 0.000525 0.000000 
50.000000 41.859229 34.057263 26.890650 20.580199 15.252501 10.938527 7.587115 5.088099 3.298716 2.067733 1.253677 0.735874 0.418882 0.231995 0.125815 0.067641 0.036886 0.021186 0.013441 0.009747 0.008043 0.007281 0.006952 0.006813 0.006757 0.006735 0.006726 0.006723 0.006722 0.006721 0.006720 0.006719 0.006717 0.006712 0.006703 0.006686 0.006655 0.006603 0.006517 0.006381 0.006174 0.005872 0.005450 0.004887 0.004170 0.003298 0.002287 0.001172 0.000000 
50.000000 41.860494 34.059739 26.894238 20.584766 15.257894 10.944587 7.593694 5.095064 3.305957 2.075163 1.261232 0.743508 0.426565 0.239706 0.133542 0.075378 0.044627 0.028929 0.021186 0.017492 0.015788 0.015027 0.014697 0.014559 0.014502 0.014480 0.014471 0.014468 0.014467 0.014466 0.014465 0.014462 0.014457 0.014447 0.014428 0.014393 0.014329 0.014220 0.014038 0.013749 0.013309 0.012664 0.011762 0.010554 0.009011 0.007131 0.004949 0.002536 0.000000 
50.000000 41.863056 34.064757 26.901511 20.594023 15.268824 10.956872 7.607030 5.109182 3.320635 2.090225 1.276548 0.758985 0.442140 0.255339 0.149208 0.091061 0.060320 0.044627 0.036886 0.033194 0.031490 0.030729 0.030399 0.030261 0.030205 0.030182 0.030174 0.030170 0.030169 0.030167 0.030165 0.030160 0.030150 0.030130 0.030092 0.030020 0.029891 0.029668 0.029298 0.028707 0.027801 0.026471 0.024603 0.022095 0.018880 0.014952 0.010382 0.005323 0.000000 
50.000000 41.868075 34.074585 26.915754 20.612153 15.290233 10.980934 7.633150 5.136836 3.349385 2.119729 1.306548 0.789302 0.472650 0.285962 0.179895 0.121784 0.091061 0.075378 0.067641 0.063951 0.062248 0.061488 0.061158 0.061020 0.060964 0.060942 0.060933 0.060929 0.060927 0.060925 0.060921 0.060911 0.060892 0.060853 0.060778 0.060639 0.060387 0.059949 0.059220 0.058051 0.056252 0.053601 0.049861 0.044819 0.038334 0.030385 0.021113 0.010830 0.000000 
50.000000 41.877566 34.093170 26.942690 20.646439 15.330721 11.026440 7.682551 5.189138 3.403762 2.175532 1.363293 0.846644 0.530358 0.343885 0.237940 0.179895 0.149208 0.133542 0.125815 0.122129 0.120428 0.119668 0.119339 0.119201 0.119145 0.119123 0.119114 0.119110 0.119107 0.119103 0.119095 0.119078 0.119042 0.118970 0.118830 0.118568 0.118093 0.117267 0.115881 0.113651 0.110204 0.105100 0.097865 0.088067 0.075410 0.059835 0.041611 0.021357 0.000000 
50.000000 41.894884 34.127084 26.991845 20.709008 15.404609 11.109488 7.772709 5.284593 3.503006 2.277380 1.466861 0.951305 0.635686 0.449607 0.343885 0.285962 0.255339 0.239706 0.231995 0.228317 0.226619 0.225861 0.225533 0.225395 0.225339 0.225317 0.225308 0.225303 0.225299 0.225293 0.225278 0.225248 0.225184 0.225055 0.224803 0.224330 0.223470 0.221966 0.219434 0.215335 0.208968 0.199486 0.185973 0.167575 0.143684 0.114153 0.079468 0.040816 0.000000 
50.000000 41.925360 34.186764 27.078345 20.819116 15.534640 11.255641 7.931380 5.452590 3.677676 2.456635 1.649146 1.135514 0.821072 0.635686 0.530358 0.472650 0.442140 0.426565 0.418882 0.415218 0.413527 0.412771 0.412444 0.412307 0.412251 0.412228 0.412219 0.412214 0.412208 0.412197 0.412173 0.412120 0.412011 0.411790 0.411356 0.410536 0.409040 0.406411 0.401959 0.394713 0.383388 0.366417 0.342074 0.308717 0.265138 0.210972 0.147057 0.075595 0.000000 
50.000000 41.977042 34.287973 27.225038 21.005848 15.755163 11.503512 8.200486 5.737520 3.973927 2.760669 1.958321 1.447957 1.135514 0.951305 0.846644 0.789302 0.758985 0.743508 0.735874 0.732232 0.730552 0.729801 0.729476 0.729340 0.729284 0.729261 0.729252 0.729245 0.729237 0.729219 0.729179 0.729094 0.728915 0.728551 0.727834 0.726474 0.723979 0.719568 0.712057 0.699752 0.680386 0.651153 0.608906 0.550574 0.473802 0.377733 0.263722 0.135713 0.000000 
50.000000 42.061448 34.453265 27.464618 21.310825 16.115336 11.908362 8.640027 6.202915 4.457824 3.257285 2.463343 1.958321 1.649146 1.466861 1.363293 1.306548 1.276548 1.261232 1.253677 1.250073 1.248410 1.247667 1.247345 1.247210 1.247155 1.247132 1.247122 1.247114 1.247101 1.247074 1.247012 1.246879 1.246599 1.246026 1.244895 1.242735 1.238753 1.231671 1.219531 1.199497 1.167717 1.119339 1.048801 0.950520 0.820010 0.655322 0.458468 0.236260 0.000000 
50.000000 42.194122 34.713082 27.841211 21.790223 16.681507 12.544773 9.330985 6.934530 5.218537 4.038005 3.257285 2.760669 2.456635 2.277380 2.175532 2.119729 2.090225 2.075163 2.067733 2.064189 2.062553 2.061823 2.061506 2.061373 2.061319 2.061296 2.061285 2.061275 2.061257 2.061216 2.061125 2.060927 2.060509 2.059650 2.057946 2.054676 2.048612 2.037754 2.019002 1.987804 1.937867 1.861102 1.748001 1.588694 1.374815 1.102091 0.773093 0.399127 0.000000 
50.000000 42.394712 35.105906 28.410595 22.515053 17.537549 13.507034 10.375743 8.040781 6.368802 5.218537 4.457824 3.973927 3.677676 3.503006 3.403762 3.349385 3.320635 3.305957 3.298716 3.295262 3.293668 3.292956 3.292648 3.292518 3.292465 3.292442 3.292430 3.292417 3.292392 3.292335 3.292207 3.291928 3.291334 3.290111 3.287671 3.282963 3.274175 3.258327 3.230733 3.184401 3.109480 2.992999 2.819258 2.571309 2.233898 1.797927 1.265690 0.655074 0.000000 
50.000000 42.686251 35.676841 29.238155 23.568555 18.781778 14.905674 11.894314 9.648759 8.040781 6.934530 6.202915 5.737520 5.452590 5.284593 5.189138 5.136836 5.109182 5.095064 5.088099 5.084776 5.083243 5.082558 5.082261 5.082137 5.082085 5.082063 5.082050 5.082034 5.082000 5.081925 5.081755 5.081381 5.080584 5.078933 5.075625 5.069203 5.057134 5.035198 4.996664 4.931301 4.824379 4.655969 4.401104 4.031574 3.520213 2.848204 2.014778 1.046427 0.000000 
50.000000 43.093354 36.474094 30.393769 25.039695 20.519281 16.858831 14.014983 11.894314 10.375743 9.330985 8.640027 8.200486 7.931380 7.772709 7.682551 7.633150 7.607030 7.593694 7.587115 7.583977 7.582528 7.581881 7.581601 7.581483 7.581434 7.581412 7.581398 7.581379 7.581338 7.581244 7.581030 7.580559 7.579550 7.577451 7.573223 7.564964 7.549333 7.520688 7.469884 7.382744 7.238345 7.007491 6.652130 6.126942 5.384814 4.387952 3.125110 1.631419 0.000000 
50.000000 43.639251 37.543161 31.943389 27.012440 22.849236 19.478008 16.858831 14.905674 13.507034 12.544773 11.908362 11.503512 11.255641 11.109488 11.026440 10.980934 10.956872 10.944587 10.938526 10.935635 10.934301 10.933704 10.933446 10.933337 10.933292 10.933272 10.933257 10.933235 10.933187 10.933077 10.932826 10.932270 10.931073 10.928575 10.923514 10.913567 10.894607 10.859561 10.796772 10.687776 10.504571 10.206701 9.739004 9.031702 8.005753 6.587686 4.738107 2.492932 0.000000 
50.000000 44.341863 38.919140 33.937892 29.551568 25.848162 22.849236 20.519281 18.781778 17.537549 16.681507 16.115336 15.755163 15.534640 15.404609 15.330721 15.290233 15.268824 15.257893 15.252501 15.249928 15.248740 15.248210 15.247980 15.247883 15.247842 15.247824 15.247809 15.247786 15.247734 15.247614 15.247340 15.246730 15.245414 15.242654 15.237035 15.225923 15.204589 15.164816 15.092813 14.966240 14.750205 14.392339 13.817534 12.924081 11.585195 9.663816 7.053610 3.758916 0.000000 
50.000000 45.209503 40.618313 36.400885 32.687137 29.551568 27.012440 25.039695 23.568555 22.515053 21.790223 21.310825 21.005848 20.819116 20.709008 20.646439 20.612153 20.594023 20.584766 20.580199 20.578020 20.577014 20.576565 20.576370 20.576288 20.576253 20.576237 20.576223 20.576201 20.576149 20.576029 20.575755 20.575143 20.573818 20.571029 20.565324 20.553978 20.532046 20.490816 20.415408 20.281155 20.048342 19.654882 19.006687 17.966374 16.343568 13.897262 10.376796 5.654150 0.000000 
50.000000 46.237117 42.630781 39.318022 36.400885 33.937892 31.943389 30.393769 29.238155 28.410595 27.841211 27.464618 27.225038 27.078345 26.991845 26.942690 26.915754 26.901511 26.894238 26.890649 26.888938 26.888147 26.887794 26.887641 26.887577 26.887549 26.887536 26.887525 26.887505 26.887459 26.887352 26.887107 26.886559 26.885369 26.882855 26.877691 26.867373 26.847305 26.809296 26.739119 26.612668 26.389951 26.005817 25.355703 24.274077 22.503624 19.659011 15.215458 8.640860 0.000000 
50.000000 47.404089 44.916172 42.630781 40.618313 38.919140 37.543161 36.474094 35.676841 35.105906 34.713082 34.453265 34.287973 34.186764 34.127084 34.093170 34.074585 34.064757 34.059739 34.057263 34.056082 34.055536 34.055293 34.055187 34.055142 34.055124 34.055114 34.055106 34.055091 34.055057 34.054976 34.054790 34.054375 34.053472 34.051559 34.047616 34.039707 34.024251 33.994797 33.939990 33.840216 33.662063 33.348984 32.805055 31.865530 30.241517 27.415323 22.458086 13.833193 0.000000 
50.000000 48.674473 47.404089 46.237117 45.209503 44.341863 43.639251 43.093354 42.686251 42.394712 42.194122 42.061448 41.977042 41.925360 41.894884 41.877566 41.868075 41.863056 41.860494 41.859229 41.858626 41.858347 41.858223 41.858169 41.858146 41.858137 41.858132 41.858127 41.858119 41.858101 41.858057 41.857957 41.857733 41.857245 41.856208 41.854069 41.849765 41.841329 41.825188 41.794994 41.739638 41.639825 41.461936 41.146320 40.582947 39.555354 37.596256 33.570896 24.337236 0.000000 
50.000000 50.000000 50.000000 50.000000 50.000000 50.000000 50.000000 50.000000 50.000000 50.000000 50.000000 50.000000 50.000000 50.000000 50.000000 50.000000 50.000000 50.000000 50.000000 50.000000 50.000000 50.000000 50.000000 50.000000 50.000000 50.000000 50.000000 50.000000 50.000000 50.000000 50.000000 50.000000 50.000000 50.000000 50.000000 50.000000 50.000000 50.000000 50.000000 50.000000 50.000000 50.000000 50.000000 50.000000 50.000000 50.000000 50.000000 50.000000 50.000000 50.000000 
