50.000000 50.000000 50.000000 50.000000 50.000000 50.000000 50.000000 50.000000 50.000000 50.000000 50.000000 50.000000 50.000000 50.000000 50.000000 50.000000 50.000000 50.000000 50.000000 50.000000 50.000000 50.000000 50.000000 50.000000 50.000000 50.000000 50.000000 50.000000 50.000000 50.000000 50.000000 50.000000 50.000000 50.000000 50.000000 50.000000 50.000000 50.000000 50.000000 50.000000 50.000000 50.000000 50.000000 50.000000 50.000000 50.000000 50.000000 50.000000 50.000000 50.000000 
50.000000 48.699383 47.451857 46.304019 45.290800 44.432557 43.734779 43.190060 42.781606 42.487286 42.283387 42.147508 42.060357 42.006525 41.974485 41.956097 41.945915 41.940473 41.937662 41.936259 41.935581 41.935264 41.935121 41.935058 41.935031 41.935019 41.935014 41.935008 41.934999 41.934977 41.934928 41.934815 41.934566 41.934027 41.932898 41.930588 41.925988 41.917050 41.900095 41.868626 41.811351 41.708756 41.526997 41.206207 40.636191 39.600410 37.631633 33.595293 24.349691 0.000000 
50.000000 47.451857 45.007731 42.758916 40.773845 39.092406 37.725347 36.658160 35.857941 35.281329 34.881868 34.615667 34.444929 34.339469 34.276700 34.240677 34.220732 34.210069 34.204563 34.201814 34.200487 34.199866 34.199585 34.199462 34.199409 34.199387 34.199375 34.199365 34.199348 34.199308 34.199216 34.199006 34.198544 34.197547 34.195458 34.191198 34.182731 34.166335 34.135353 34.078154 33.974778 33.791408 33.471067 32.917429 31.965438 30.326063 27.481705 22.503866 13.856564 0.000000 
50.000000 46.304019 42.758916 39.497109 36.617862 34.179029 32.196197 30.648322 29.487672 28.651352 28.071978 27.685887 27.438256 27.285303 27.194268 27.142024 27.113098 27.097635 27.089649 27.085663 27.083738 27.082838 27.082431 27.082252 27.082175 27.082143 27.082126 27.082113 27.082089 27.082036 27.081914 27.081636 27.081024 27.079708 27.076958 27.071365 27.060296 27.038960 26.998890 26.925487 26.794178 26.564424 26.170496 25.507285 24.408844 22.617669 19.748555 15.277211 8.672387 0.000000 
50.000000 45.290800 40.773845 36.617862 32.949327 29.841957 27.315604 25.343453 23.864681 22.799148 22.060990 21.569094 21.253607 21.058745 20.942768 20.876211 20.839361 20.819662 20.809490 20.804412 20.801960 20.800814 20.800295 20.800067 20.799969 20.799928 20.799908 20.799892 20.799865 20.799805 20.799667 20.799356 20.798670 20.797201 20.794140 20.787942 20.775733 20.752344 20.708745 20.629631 20.489794 20.248894 19.844176 19.180929 18.121288 16.474664 14.000193 10.447782 5.690390 0.000000 
50.000000 44.432557 39.092406 34.179029 29.841957 26.168337 23.181638 20.850149 19.101957 17.842308 16.969688 16.388197 16.015253 15.784907 15.647814 15.569141 15.525582 15.502299 15.490275 15.484273 15.481375 15.480021 15.479408 15.479138 15.479023 15.478974 15.478952 15.478934 15.478906 15.478846 15.478707 15.478395 15.477709 15.476243 15.473203 15.467075 15.455072 15.432233 15.390013 15.314181 15.181839 14.957448 14.587952 13.997592 13.084168 11.720669 9.770185 7.126968 3.796367 0.000000 
50.000000 43.734779 37.725347 32.196197 27.315604 23.181638 19.820702 17.197103 15.229906 13.812475 12.830566 12.176260 11.756623 11.497442 11.343191 11.254674 11.205666 11.179470 11.165943 11.159191 11.155931 11.154407 11.153717 11.153414 11.153285 11.153230 11.153205 11.153188 11.153161 11.153105 11.152977 11.152690 11.152061 11.150723 11.147958 11.142413 11.131619 11.111227 11.073854 11.007422 10.892938 10.701783 10.392847 9.910351 9.184046 8.134675 6.688912 4.807918 2.528572 0.000000 
50.000000 43.190060 36.658160 30.648322 25.343453 20.850149 17.197103 14.345510 12.207387 10.666819 9.599627 8.888503 8.432435 8.150759 7.983122 7.886927 7.833669 7.805202 7.790503 7.783166 7.779623 7.777967 7.777218 7.776889 7.776748 7.776689 7.776663 7.776646 7.776623 7.776574 7.776464 7.776219 7.775683 7.774548 7.772213 7.767555 7.758544 7.741643 7.710933 7.656896 7.564886 7.413432 7.172755 6.804256 6.262197 5.499276 4.477826 3.187093 1.663062 0.000000 
50.000000 42.781606 35.857941 29.487672 23.864681 19.101957 15.229906 12.207387 9.941132 8.308263 7.177149 6.423442 5.940073 5.641541 5.463876 5.361929 5.305487 5.275320 5.259743 5.251967 5.248213 5.246459 5.245665 5.245316 5.245168 5.245105 5.245078 5.245062 5.245042 5.245003 5.244915 5.244718 5.244290 5.243388 5.241540 5.237874 5.230824 5.217696 5.194037 5.152804 5.083377 4.970566 4.793956 4.528123 4.144508 3.615787 2.923248 2.066534 1.072849 0.000000 
50.000000 42.487286 35.281329 28.651352 22.799148 17.842308 13.812475 10.666819 8.308263 6.608911 5.431758 4.647386 4.144358 3.833690 3.648806 3.542718 3.483986 3.452594 3.436386 3.428295 3.424389 3.422564 3.421737 3.421375 3.421220 3.421156 3.421128 3.421114 3.421098 3.421067 3.421000 3.420852 3.420530 3.419853 3.418474 3.415752 3.410549 3.400926 3.383718 3.353995 3.304456 3.224886 3.101934 2.919537 2.660469 2.309354 1.857175 1.306552 0.675935 0.000000 
50.000000 42.283387 34.881868 28.071978 22.060990 16.969688 12.830566 9.599627 7.177149 5.431758 4.222728 3.417125 2.900488 2.581420 2.391541 2.282588 2.222270 2.190032 2.173387 2.165078 2.161067 2.159193 2.158344 2.157972 2.157813 2.157747 2.157720 2.157706 2.157693 2.157671 2.157623 2.157516 2.157287 2.156806 2.155831 2.153916 2.150276 2.143586 2.131710 2.111364 2.077763 2.024344 1.942731 1.823145 1.655507 1.431360 1.146490 0.803714 0.414761 0.000000 
50.000000 42.147508 34.615667 27.685887 21.569094 16.388197 12.176260 8.888503 6.423442 4.647386 3.417125 2.597384 2.071686 1.747026 1.553821 1.442961 1.381589 1.348788 1.331852 1.323399 1.319317 1.317410 1.316547 1.316168 1.316007 1.315940 1.315913 1.315900 1.315890 1.315874 1.315841 1.315769 1.315613 1.315288 1.314633 1.313351 1.310927 1.306499 1.298692 1.285415 1.263668 1.229405 1.177570 1.102406 0.998184 0.860349 0.686997 0.480314 0.247413 0.000000 
50.000000 42.060357 34.444929 27.438256 21.253607 16.015253 11.756623 8.432435 5.940073 4.144358 2.900488 2.071686 1.540182 1.211939 1.016604 0.904523 0.842475 0.809313 0.792191 0.783645 0.779520 0.777591 0.776719 0.776336 0.776173 0.776106 0.776078 0.776066 0.776058 0.776047 0.776026 0.775979 0.775878 0.775669 0.775248 0.774429 0.772889 0.770091 0.765187 0.756902 0.743432 0.722377 0.690791 0.645396 0.583020 0.501263 0.399296 0.278594 0.143306 0.000000 
50.000000 42.006525 34.339469 27.285303 21.058745 15.784907 11.497442 8.150759 5.641541 3.833690 2.581420 1.747026 1.211939 0.881485 0.684836 0.572002 0.509538 0.476154 0.458917 0.450314 0.446161 0.444220 0.443341 0.442956 0.442792 0.442724 0.442697 0.442685 0.442679 0.442671 0.442658 0.442628 0.442566 0.442437 0.442179 0.441679 0.440743 0.439050 0.436099 0.431145 0.423141 0.410717 0.392215 0.365824 0.329836 0.283012 0.225007 0.156737 0.080537 0.000000 
50.000000 41.974485 34.276700 27.194268 20.942768 15.647814 11.343191 7.983122 5.463876 3.648806 2.391541 1.553821 1.016604 0.684836 0.487406 0.374124 0.311412 0.277896 0.260591 0.251955 0.247785 0.245836 0.244954 0.244568 0.244403 0.244335 0.244308 0.244296 0.244291 0.244286 0.244278 0.244260 0.244223 0.244147 0.243996 0.243703 0.243157 0.242174 0.240470 0.237625 0.233054 0.226002 0.215567 0.200778 0.180739 0.154826 0.122902 0.085502 0.043897 0.000000 
50.000000 41.956097 34.240677 27.142024 20.876211 15.569141 11.254674 7.886927 5.361929 3.542718 2.282588 1.442961 0.904523 0.572002 0.374124 0.260586 0.197733 0.164141 0.146797 0.138141 0.133962 0.132009 0.131125 0.130737 0.130572 0.130504 0.130477 0.130466 0.130461 0.130457 0.130452 0.130442 0.130421 0.130378 0.130293 0.130128 0.129822 0.129275 0.128329 0.126756 0.124244 0.120388 0.114714 0.106716 0.095938 0.082071 0.065066 0.045219 0.023199 0.000000 
50.000000 41.945915 34.220732 27.113098 20.839361 15.525582 11.205666 7.833669 5.305487 3.483986 2.222270 1.381589 0.842475 0.509538 0.311412 0.197733 0.134801 0.101167 0.083802 0.075135 0.070951 0.068996 0.068111 0.067722 0.067557 0.067489 0.067462 0.067451 0.067446 0.067444 0.067441 0.067435 0.067424 0.067401 0.067354 0.067265 0.067100 0.066806 0.066301 0.065464 0.064133 0.062099 0.059121 0.054943 0.049339 0.042160 0.033389 0.023185 0.011888 0.000000 
50.000000 41.940473 34.210069 27.097635 20.819662 15.502299 11.179470 7.805202 5.275320 3.452594 2.190032 1.348788 0.809313 0.476154 0.277896 0.164141 0.101167 0.067512 0.050135 0.041462 0.037275 0.035319 0.034433 0.034045 0.033879 0.033811 0.033784 0.033773 0.033769 0.033767 0.033765 0.033762 0.033756 0.033744 0.033719 0.033673 0.033587 0.033435 0.033175 0.032745 0.032065 0.031029 0.029519 0.027409 0.024590 0.020992 0.016611 0.011526 0.005907 0.000000 
50.000000 41.937662 34.204563 27.089649 20.809490 15.490275 11.165943 7.790503 5.259743 3.436386 2.173387 1.331852 0.792191 0.458917 0.260592 0.146797 0.083802 0.050135 0.032752 0.024077 0.019888 0.017931 0.017045 0.016657 0.016491 0.016423 0.016396 0.016385 0.016381 0.016379 0.016378 0.016376 0.016373 0.016367 0.016355 0.016332 0.016289 0.016213 0.016083 0.015870 0.015534 0.015025 0.014284 0.013253 0.011881 0.010134 0.008013 0.005557 0.002847 0.000000 
50.000000 41.936259 34.201814 27.085663 20.804412 15.484274 11.159191 7.783166 5.251968 3.428296 2.165079 1.323399 0.783646 0.450314 0.251955 0.138141 0.075135 0.041462 0.024077 0.015400 0.011211 0.009253 0.008367 0.007978 0.007813 0.007745 0.007718 0.007707 0.007703 0.007701 0.007700 0.007699 0.007698 0.007695 0.007689 0.007678 0.007657 0.007620 0.007558 0.007456 0.007296 0.007053 0.006702 0.006214 0.005567 0.004745 0.003749 0.002599 0.001331 0.000000 
50.000000 41.935581 34.200487 27.083738 20.801960 15.481376 11.155931 7.779623 5.248214 3.424390 2.161068 1.319318 0.779520 0.446161 0.247786 0.133962 0.070952 0.037276 0.019889 0.011211 0.007022 0.005064 0.004178 0.003789 0.003624 0.003556 0.003528 0.003518 0.003514 0.003512 0.003511 0.003511 0.003510 0.003509 0.003506 0.003501 0.003491 0.003474 0.003445 0.003398 0.003323 0.003212 0.003050 0.002827 0.002531 0.002156 0.001703 0.001180 0.000604 0.000000 
50.000000 41.935265 34.199867 27.082839 20.800815 15.480022 11.154409 7.777969 5.246461 3.422566 2.159195 1.317413 0.777594 0.444222 0.245839 0.132011 0.068998 0.035321 0.017933 0.009255 0.005065 0.003108 0.002221 0.001833 0.001667 0.001599 0.001572 0.001561 0.001557 0.001556 0.001555 0.001555 0.001554 0.001554 0.001552 0.001550 0.001546 0.001538 0.001525 0.001504 0.001470 0.001420 0.001348 0.001249 0.001118 0.000952 0.000751 0.000520 0.000266 0.000000 
50.000000 41.935122 34.199588 27.082434 20.800298 15.479412 11.153722 7.777223 5.245670 3.421743 2.158350 1.316553 0.776725 0.443348 0.244961 0.131131 0.068117 0.034439 0.017051 0.008373 0.004183 0.002226 0.001339 0.000951 0.000785 0.000717 0.000690 0.000679 0.000675 0.000674 0.000673 0.000673 0.000673 0.000672 0.000672 0.000671 0.000669 0.000665 0.000660 0.000650 0.000636 0.000614 0.000583 0.000539 0.000482 0.000411 0.000324 0.000224 0.000115 0.000000 
50.000000 41.935061 34.199468 27.082260 20.800077 15.479150 11.153428 7.776903 5.245332 3.421391 2.157988 1.316185 0.776353 0.442973 0.244584 0.130754 0.067739 0.034061 0.016673 0.007995 0.003805 0.001847 0.000961 0.000573 0.000407 0.000339 0.000312 0.000301 0.000297 0.000296 0.000295 0.000295 0.000295 0.000295 0.000294 0.000294 0.000293 0.000291 0.000289 0.000285 0.000278 0.000269 0.000255 0.000236 0.000211 0.000179 0.000142 0.000098 0.000050 0.000000 
50.000000 41.935039 34.199424 27.082196 20.799996 15.479055 11.153320 7.776786 5.245208 3.421262 2.157856 1.316051 0.776217 0.442836 0.244447 0.130616 0.067602 0.033924 0.016536 0.007857 0.003667 0.001710 0.000823 0.000435 0.000269 0.000201 0.000174 0.000163 0.000159 0.000158 0.000157 0.000157 0.000157 0.000157 0.000157 0.000156 0.000156 0.000155 0.000154 0.000151 0.000148 0.000143 0.000135 0.000125 0.000112 0.000095 0.000075 0.000052 0.000027 0.000000 
50.000000 41.935039 34.199424 27.082196 20.799996 15.479055 11.153320 7.776786 5.245208 3.421262 2.157856 1.316051 0.776217 0.442836 0.244447 0.130616 0.067602 0.033924 0.016536 0.007857 0.003667 0.001710 0.000823 0.000435 0.000269 0.000201 0.000174 0.000163 0.000159 0.000158 0.000157 0.000157 0.000157 0.000157 0.000157 0.000156 0.000156 0.000155 0.000154 0.000151 0.000148 0.000143 0.000135 0.000125 0.000112 0.000095 0.000075 0.000052 0.000027 0.000000 
50.000000 41.935061 34.199468 27.082260 20.800077 15.479150 11.153428 7.776903 5.245332 3.421391 2.157988 1.316185 0.776353 0.442973 0.244584 0.130754 0.067739 0.034061 0.016673 0.007995 0.003805 0.001847 0.000961 0.000573 0.000407 0.000339 0.000312 0.000301 0.000297 0.000296 0.000295 0.000295 0.000295 0.000295 0.000294 0.000294 0.000293 0.000291 0.000289 0.000285 0.000278 0.000269 0.000255 0.000236 0.000211 0.000179 0.000142 0.000098 0.000050 0.000000 
50.000000 41.935122 34.199588 27.082434 20.800298 15.479412 11.153722 7.777223 5.245670 3.421743 2.158350 1.316553 0.776725 0.443348 0.244961 0.131131 0.068117 0.034439 0.017051 0.008373 0.004183 0.002226 0.001339 0.000951 0.000785 0.000717 0.000690 0.000679 0.000675 0.000674 0.000673 0.000673 0.000673 0.000672 0.000672 0.000671 0.000669 0.000665 0.000660 0.000650 0.000636 0.000614 0.000583 0.000539 0.000482 0.000411 0.000324 0.000224 0.000115 0.000000 
50.000000 41.935265 34.199867 27.082839 20.800815 15.480022 11.154409 7.777969 5.246461 3.422566 2.159195 1.317413 0.777594 0.444222 0.245839 0.132011 0.068998 0.035321 0.017933 0.009255 0.005065 0.003108 0.002221 0.001833 0.001667 0.001599 0.001572 0.001561 0.001557 0.001556 0.001555 0.001555 0.001554 0.001554 0.001552 0.001550 0.001546 0.001538 0.001525 0.001504 0.001470 0.001420 0.001348 0.001249 0.001118 0.000952 0.000751 0.000520 0.000266 0.000000 
50.000000 41.935581 34.200487 27.083738 20.801960 15.481376 11.155931 7.779623 5.248214 3.424390 2.161068 1.319318 0.779520 0.446161 0.247786 0.133962 0.070952 0.037276 0.019889 0.011211 0.007022 0.005064 0.004178 0.003789 0.003624 0.003556 0.003528 0.003518 0.003514 0.003512 0.003511 0.003511 0.003510 0.003509 0.003506 0.003501 0.003491 0.003474 0.003445 0.003398 0.003323 0.003212 0.003050 0.002827 0.002531 0.002156 0.001703 0.001180 0.000604 0.000000 
50.000000 41.936259 34.201814 27.085663 20.804412 15.484274 11.159191 7.783166 5.251968 3.428296 2.165079 1.323399 0.783646 0.450314 0.251955 0.138141 0.075135 0.041462 0.024077 0.015400 0.011211 0.009253 0.008367 0.007978 0.007813 0.007745 0.007718 0.007707 0.007703 0.007701 0.007700 0.007699 0.007698 0.007695 0.007689 0.007678 0.007657 0.007620 0.007558 0.007456 0.007296 0.007053 0.006702 0.006214 0.005567 0.004745 0.003749 0.002599 0.001331 0.000000 
50.000000 41.937662 34.204563 27.089649 20.809490 15.490275 11.165943 7.790503 5.259743 3.436386 2.173387 1.331852 0.792191 0.458917 0.260592 0.146797 0.083802 0.050135 0.032752 0.024077 0.019888 0.017931 0.017045 0.016657 0.016491 0.016423 0.016396 0.016385 0.016381 0.016379 0.016378 0.016376 0.016373 0.016367 0.016355 0.016332 0.016289 0.016213 0.016083 0.015870 0.015534 0.015025 0.014284 0.013253 0.011881 0.010134 0.008013 0.005557 0.002847 0.000000 
50.000000 41.940473 34.210069 27.097635 20.819662 15.502299 11.179470 7.805202 5.275320 3.452594 2.190032 1.348788 0.809313 0.476154 0.277896 0.164141 0.101167 0.067512 0.050135 0.041462 0.037275 0.035319 0.034433 0.034045 0.033879 0.033811 0.033784 0.033773 0.033769 0.033767 0.033765 0.033762 0.033756 0.033744 0.033719 0.033673 0.033587 0.033435 0.033175 0.032745 0.032065 0.031029 0.029519 0.027409 0.024590 0.020992 0.016611 0.011526 0.005907 0.000000 
50.000000 41.945915 34.220732 27.113098 20.839361 15.525582 11.205666 7.833669 5.305487 3.483986 2.222270 1.381589 0.842475 0.509538 0.311412 0.197733 0.134801 0.101167 0.083802 0.075135 0.070951 0.068996 0.068111 0.067722 0.067557 0.067489 0.067462 0.067451 0.067446 0.067444 0.067441 0.067435 0.067424 0.067401 0.067354 0.067265 0.067100 0.066806 0.066301 0.065464 0.064133 0.062099 0.059121 0.054943 0.049339 0.042160 0.033389 0.023185 0.011888 0.000000 
50.000000 41.956097 34.240677 27.142024 20.876211 15.569141 11.254674 7.886927 5.361929 3.542718 2.282588 1.442961 0.904523 0.572002 0.374124 0.260586 0.197733 0.164141 0.146797 0.138141 0.133962 0.132009 0.131125 0.130737 0.130572 0.130504 0.130477 0.130466 0.130461 0.130457 0.130452 0.130442 0.130421 0.130378 0.130293 0.130128 0.129822 0.129275 0.128329 0.126756 0.124244 0.120388 0.114714 0.106716 0.095938 0.082071 0.065066 0.045219 0.023199 0.000000 
50.000000 41.974485 34.276700 27.194268 20.942768 15.647814 11.343191 7.983122 5.463876 3.648806 2.391541 1.553821 1.016604 0.684836 0.487406 0.374124 0.311412 0.277896 0.260591 0.251955 0.247785 0.245836 0.244954 0.244568 0.244403 0.244335 0.244308 0.244296 0.244291 0.244286 0.244278 0.244260 0.244223 0.244147 0.243996 0.243703 0.243157 0.242174 0.240470 0.237625 0.233054 0.226002 0.215567 0.200778 0.180739 0.154826 0.122902 0.085502 0.043897 0.000000 
50.000000 42.006525 34.339469 27.285303 21.058745 15.784907 11.497442 8.150759 5.641541 3.833690 2.581420 1.747026 1.211939 0.881485 0.684836 0.572002 0.509538 0.476154 0.458917 0.450314 0.446161 0.444220 0.443341 0.442956 0.442792 0.442724 0.442697 0.442685 0.442679 0.442671 0.442658 0.442628 0.442566 0.442437 0.442179 0.441679 0.440743 0.439050 0.436099 0.431145 0.423141 0.410717 0.392215 0.365824 0.329836 0.283012 0.225007 0.156737 0.080537 0.000000 
50.000000 42.060357 34.444929 27.438256 21.253607 16.015253 11.756623 8.432435 5.940073 4.144358 2.900488 2.071686 1.540182 1.211939 1.016604 0.904523 0.842475 0.809313 0.792191 0.783645 0.779520 0.777591 0.776719 0.776336 0.776173 0.776106 0.776078 0.776066 0.776058 0.776047 0.776026 0.775979 0.775878 0.775669 0.775248 0.774429 0.772889 0.770091 0.765187 0.756902 0.743432 0.722377 0.690791 0.645396 0.583020 0.501263 0.399296 0.278594 0.143306 0.000000 
50.000000 42.147508 34.615667 27.685887 21.569094 16.388197 12.176260 8.888503 6.423442 4.647386 3.417125 2.597384 2.071686 1.747026 1.553821 1.442961 1.381589 1.348788 1.331852 1.323399 1.319317 1.317410 1.316547 1.316168 1.316007 1.315940 1.315913 1.315900 1.315890 1.315874 1.315841 1.315769 1.315613 1.315288 1.314633 1.313351 1.310927 1.306499 1.298692 1.285415 1.263668 1.229405 1.177570 1.102406 0.998184 0.860349 0.686997 0.480314 0.247413 0.000000 
50.000000 42.283387 34.881868 28.071978 22.060990 16.969688 12.830566 9.599627 7.177149 5.431758 4.222728 3.417125 2.900488 2.581420 2.391541 2.282588 2.222270 2.190032 2.173387 2.165078 2.161067 2.159193 2.158344 2.157972 2.157813 2.157747 2.157720 2.157706 2.157693 2.157671 2.157623 2.157516 2.157287 2.156806 2.155831 2.153916 2.150276 2.143586 2.131710 2.111364 2.077763 2.024344 1.942731 1.823145 1.655507 1.431360 1.146490 0.803714 0.414761 0.000000 
50.000000 42.487286 35.281329 28.651352 22.799148 17.842308 13.812475 10.666819 8.308263 6.608911 5.431758 4.647386 4.144358 3.833690 3.648806 3.542718 3.483986 3.452594 3.436386 3.428295 3.424389 3.422564 3.421737 3.421375 3.421220 3.421156 3.421128 3.421114 3.421098 3.421067 3.421000 3.420852 3.420530 3.419853 3.418474 3.415752 3.410549 3.400926 3.383718 3.353995 3.304456 3.224886 3.101934 2.919537 2.660469 2.309354 1.857175 1.306552 0.675935 0.000000 
50.000000 42.781606 35.857941 29.487672 23.864681 19.101957 15.229906 12.207387 9.941132 8.308263 7.177149 6.423442 5.940073 5.641541 5.463876 5.361929 5.305487 5.275320 5.259743 5.251967 5.248213 5.246459 5.245665 5.245316 5.245168 5.245105 5.245078 5.245062 5.245042 5.245003 5.244915 5.244718 5.244290 5.243388 5.241540 5.237874 5.230824 5.217696 5.194037 5.152804 5.083377 4.970566 4.793956 4.528123 4.144508 3.615787 2.923248 2.066534 1.072849 0.000000 
50.000000 43.190060 36.658160 30.648322 25.343453 20.850149 17.197103 14.345510 12.207387 10.666819 9.599627 8.888503 8.432435 8.150759 7.983122 7.886927 7.833669 7.805202 7.790503 7.783166 7.779623 7.777967 7.777218 7.776889 7.776748 7.776689 7.776663 7.776646 7.776623 7.776574 7.776464 7.776219 7.775683 7.774548 7.772213 7.767555 7.758544 7.741643 7.710933 7.656896 7.564886 7.413432 7.172755 6.804256 6.262197 5.499276 4.477826 3.187093 1.663062 0.000000 
50.000000 43.734779 37.725347 32.196197 27.315604 23.181638 19.820702 17.197103 15.229906 13.812475 12.830566 12.176260 11.756623 11.497442 11.343191 11.254674 11.205666 11.179470 11.165943 11.159191 11.155931 11.154407 11.153717 11.153414 11.153285 11.153230 11.153205 11.153188 11.153161 11.153105 11.152977 11.152690 11.152061 11.150723 11.147958 11.142413 11.131619 11.111227 11.073854 11.007422 10.892938 10.701783 10.392847 9.910351 9.184046 8.134675 6.688912 4.807918 2.528572 0.000000 
50.000000 44.432557 39.092406 34.179029 29.841957 26.168337 23.181638 20.850149 19.101957 17.842308 16.969688 16.388197 16.015253 15.784907 15.647814 15.569141 15.525582 15.502299 15.490275 15.484273 15.481375 15.480021 15.479408 15.479138 15.479023 15.478974 15.478952 15.478934 15.478906 15.478846 15.478707 15.478395 15.477709 15.476243 15.473203 15.467075 15.455072 15.432233 15.390013 15.314181 15.181839 14.957448 14.587952 13.997592 13.084168 11.720669 9.770185 7.126968 3.796367 0.000000 
50.000000 45.290800 40.773845 36.617862 32.949327 29.841957 27.315604 25.343453 23.864681 22.799148 22.060990 21.569094 21.253607 21.058745 20.942768 20.876211 20.839361 20.819662 20.809490 20.804412 20.801960 20.800814 20.800295 20.800067 20.799969 20.799928 20.799908 20.799892 20.799865 20.799805 20.799667 20.799356 20.798670 20.797201 20.794140 20.787942 20.775733 20.752344 20.708745 20.629631 20.489794 20.248894 19.844176 19.180929 18.121288 16.474664 14.000193 10.447782 5.690390 0.000000 
50.000000 46.304019 42.758916 39.497109 36.617862 34.179029 32.196197 30.648322 29.487672 28.651352 28.071978 27.685887 27.438256 27.285303 27.194268 27.142024 27.113098 27.097635 27.089649 27.085663 27.083738 27.082838 27.082431 27.082252 27.082175 27.082143 27.082126 27.082113 27.082089 27.082036 27.081914 27.081636 27.081024 27.079708 27.076958 27.071365 27.060296 27.038960 26.998890 26.925487 26.794178 26.564424 26.170496 25.507285 24.408844 22.617669 19.748555 15.277211 8.672387 0.000000 
50.000000 47.451857 45.007731 42.758916 40.773845 39.092406 37.725347 36.658160 35.857941 35.281329 34.881868 34.615667 34.444929 34.339469 34.276700 34.240677 34.220732 34.210069 34.204563 34.201814 34.200487 34.199866 34.199585 34.199462 34.199409 34.199387 34.199375 34.199365 34.199348 34.199308 34.199216 34.199006 34.198544 34.197547 34.195458 34.191198 34.182731 34.166335 34.135353 34.078154 33.974778 33.791408 33.471067 32.917429 31.965438 30.326063 27.481705 22.503866 13.856564 0.000000 
50.000000 48.699383 47.451857 46.304019 45.290800 44.432557 43.734779 43.190060 42.781606 42.487286 42.283387 42.147508 42.060357 42.006525 41.974485 41.956097 41.945915 41.940473 41.937662 41.936259 41.935581 41.935264 41.935121 41.935058 41.935031 41.935019 41.935014 41.935008 41.934999 41.934977 41.934928 41.934815 41.934566 41.934027 41.932898 41.930588 41.925988 41.917050 41.900095 41.868626 41.811351 41.708756 41.526997 41.206207 40.636191 39.600410 37.631633 33.595293 24.349691 0.000000 
50.000000 50.000000 50.000000 50.000000 50.000000 50.000000 50.000000 50.000000 50.000000 50.000000 50.000000 50.000000 50.000000 50.000000 50.000000 50.000000 50.000000 50.000000 50.000000 50.000000 50.000000 50.000000 50.000000 50.000000 50.000000 50.000000 50.000000 50.000000 50.000000 50.000000 50.000000 50.000000 50.000000 50.000000 50.000000 50.000000 50.000000 50.000000 50.000000 50.000000 50.000000 50.000000 50.000000 50.000000 50.000000 50.000000 50.000000 50.000000 50.000000 50.000000 
