50.000000 50.000000 50.000000 50.000000 50.000000 50.000000 50.000000 50.000000 50.000000 50.000000 50.000000 50.000000 50.000000 50.000000 50.000000 50.000000 50.000000 50.000000 50.000000 50.000000 50.000000 50.000000 50.000000 50.000000 50.000000 50.000000 50.000000 50.000000 50.000000 50.000000 50.000000 50.000000 50.000000 50.000000 50.000000 50.000000 50.000000 50.000000 50.000000 50.000000 50.000000 50.000000 50.000000 50.000000 50.000000 50.000000 50.000000 50.000000 50.000000 50.000000 
50.000000 46.854513 44.018925 41.711859 40.014029 38.880441 38.191314 37.808381 37.613087 37.521306 37.481401 37.465289 37.459226 37.457092 37.456388 37.456169 37.456105 37.456087 37.456082 37.456081 37.456081 37.456081 37.456081 37.456081 37.456081 37.456081 37.456081 37.456081 37.456081 37.456081 37.456081 37.456081 37.456081 37.456080 37.456076 37.456062 37.456010 37.455833 37.455256 37.453467 37.448206 37.433506 37.394411 37.295058 37.052099 36.473622 35.107152 31.814668 23.427257 0.000000 
50.000000 44.018925 38.627175 34.240479 31.012296 28.857023 27.546862 26.818871 26.447623 26.273162 26.197314 26.166691 26.155169 26.151115 26.149776 26.149361 26.149239 26.149205 26.149197 26.149194 26.149194 26.149194 26.149194 26.149194 26.149194 26.149194 26.149194 26.149194 26.149194 26.149194 26.149194 26.149194 26.149193 26.149192 26.149185 26.149162 26.149076 26.148785 26.147837 26.144918 26.136401 26.112857 26.051190 25.897953 25.535857 24.719474 22.957078 19.313587 12.204257 0.000000 
50.000000 41.711859 34.240479 28.161999 23.689027 20.702856 18.887729 17.879236 17.364988 17.123350 17.018307 16.975902 16.959948 16.954335 16.952483 16.951908 16.951739 16.951693 16.951680 16.951677 16.951677 16.951676 16.951676 16.951676 16.951676 16.951676 16.951676 16.951676 16.951676 16.951676 16.951676 16.951676 16.951676 16.951674 16.951667 16.951641 16.951547 16.951228 16.950197 16.947048 16.937954 16.913159 16.849414 16.695028 16.343153 15.589805 14.080999 11.283401 6.604707 0.000000 
50.000000 40.014029 31.012296 23.689027 18.300333 14.703062 12.516657 11.301992 10.682675 10.391699 10.265224 10.214174 10.194970 10.188214 10.185985 10.185293 10.185090 10.185034 10.185019 10.185016 10.185015 10.185015 10.185014 10.185014 10.185014 10.185014 10.185014 10.185014 10.185014 10.185014 10.185014 10.185014 10.185014 10.185012 10.185006 10.184983 10.184902 10.184624 10.183736 10.181047 10.173369 10.152734 10.100671 9.977651 9.706297 9.150167 8.099223 6.292821 3.540407 0.000000 
50.000000 38.880441 28.857023 20.702856 14.703062 10.698106 8.264101 6.912000 6.222679 5.898847 5.758107 5.701305 5.679941 5.672426 5.669947 5.669177 5.668952 5.668889 5.668873 5.668869 5.668868 5.668868 5.668868 5.668868 5.668868 5.668868 5.668868 5.668868 5.668868 5.668868 5.668868 5.668867 5.668867 5.668866 5.668862 5.668845 5.668784 5.668582 5.667937 5.666002 5.660537 5.646053 5.610139 5.527123 5.349053 4.996766 4.359703 3.321166 1.828342 0.000000 
50.000000 38.191314 27.546862 18.887729 12.516657 8.264101 5.679787 4.244298 3.512525 3.168782 3.019403 2.959121 2.936449 2.928476 2.925845 2.925029 2.924790 2.924724 2.924706 2.924702 2.924701 2.924701 2.924701 2.924701 2.924701 2.924701 2.924701 2.924701 2.924701 2.924701 2.924701 2.924701 2.924701 2.924700 2.924697 2.924686 2.924648 2.924519 2.924112 2.922900 2.919512 2.910646 2.888997 2.839893 2.736977 2.539006 2.192701 1.648908 0.896257 0.000000 
50.000000 37.808381 26.818871 17.879236 11.301992 6.912000 4.244298 2.762574 2.007279 1.652511 1.498351 1.436145 1.412752 1.404526 1.401812 1.400970 1.400723 1.400655 1.400637 1.400633 1.400631 1.400631 1.400631 1.400631 1.400631 1.400631 1.400631 1.400631 1.400631 1.400631 1.400631 1.400631 1.400631 1.400631 1.400629 1.400623 1.400601 1.400528 1.400300 1.399626 1.397760 1.392928 1.381287 1.355301 1.301861 1.201320 1.029822 0.767681 0.413970 0.000000 
50.000000 37.613087 26.447623 17.364988 10.682675 6.222679 3.512525 2.007279 1.240027 0.879657 0.723072 0.659890 0.636131 0.627777 0.625021 0.624166 0.623915 0.623846 0.623828 0.623823 0.623822 0.623822 0.623822 0.623822 0.623822 0.623822 0.623822 0.623822 0.623822 0.623822 0.623822 0.623822 0.623822 0.623822 0.623821 0.623818 0.623807 0.623770 0.623655 0.623317 0.622390 0.620013 0.614351 0.601880 0.576626 0.529941 0.451829 0.334766 0.179581 0.000000 
50.000000 37.521306 26.273162 17.123350 10.391699 5.898847 3.168782 1.652511 0.879657 0.516668 0.358948 0.295311 0.271381 0.262967 0.260191 0.259330 0.259078 0.259008 0.258990 0.258985 0.258984 0.258984 0.258984 0.258984 0.258984 0.258984 0.258984 0.258984 0.258984 0.258984 0.258984 0.258984 0.258984 0.258984 0.258983 0.258982 0.258977 0.258960 0.258907 0.258753 0.258334 0.257267 0.254751 0.249270 0.238310 0.218331 0.185396 0.136761 0.073100 0.000000 
50.000000 37.481401 26.197314 17.018307 10.265224 5.758107 3.019403 1.498351 0.723072 0.358948 0.200738 0.136904 0.112901 0.104461 0.101677 0.100813 0.100560 0.100490 0.100472 0.100467 0.100466 0.100466 0.100466 0.100466 0.100466 0.100466 0.100466 0.100466 0.100466 0.100466 0.100466 0.100466 0.100466 0.100466 0.100466 0.100465 0.100463 0.100456 0.100433 0.100369 0.100195 0.099755 0.098725 0.096503 0.092105 0.084177 0.071259 0.052396 0.027934 0.000000 
50.000000 37.465289 26.166691 16.975902 10.214174 5.701305 2.959121 1.436145 0.659890 0.295311 0.136904 0.072991 0.048958 0.040508 0.037720 0.036856 0.036602 0.036532 0.036514 0.036509 0.036508 0.036508 0.036508 0.036508 0.036508 0.036508 0.036508 0.036508 0.036508 0.036508 0.036508 0.036508 0.036508 0.036508 0.036508 0.036508 0.036507 0.036504 0.036495 0.036470 0.036404 0.036236 0.035845 0.035009 0.033368 0.030437 0.025705 0.018855 0.010033 0.000000 
50.000000 37.459226 26.155169 16.959948 10.194970 5.679941 2.936449 1.412752 0.636131 0.271381 0.112901 0.048958 0.024914 0.016460 0.013672 0.012806 0.012553 0.012483 0.012464 0.012460 0.012459 0.012459 0.012458 0.012458 0.012458 0.012458 0.012458 0.012458 0.012458 0.012458 0.012458 0.012458 0.012458 0.012458 0.012458 0.012458 0.012458 0.012457 0.012454 0.012445 0.012421 0.012362 0.012224 0.011930 0.011359 0.010345 0.008720 0.006384 0.003392 0.000000 
50.000000 37.457092 26.151115 16.954335 10.188214 5.672426 2.928476 1.404526 0.627777 0.262967 0.104461 0.040508 0.016460 0.008004 0.005216 0.004350 0.004097 0.004027 0.004008 0.004004 0.004003 0.004002 0.004002 0.004002 0.004002 0.004002 0.004002 0.004002 0.004002 0.004002 0.004002 0.004002 0.004002 0.004002 0.004002 0.004002 0.004002 0.004002 0.004001 0.003998 0.003990 0.003970 0.003925 0.003828 0.003642 0.003312 0.002788 0.002038 0.001082 0.000000 
50.000000 37.456388 26.149776 16.952483 10.185985 5.669947 2.925845 1.401812 0.625021 0.260191 0.101677 0.037720 0.013672 0.005216 0.002427 0.001561 0.001308 0.001238 0.001219 0.001215 0.001214 0.001213 0.001213 0.001213 0.001213 0.001213 0.001213 0.001213 0.001213 0.001213 0.001213 0.001213 0.001213 0.001213 0.001213 0.001213 0.001213 0.001213 0.001213 0.001212 0.001209 0.001203 0.001189 0.001159 0.001102 0.001001 0.000842 0.000615 0.000326 0.000000 
50.000000 37.456169 26.149361 16.951908 10.185293 5.669177 2.925029 1.400970 0.624166 0.259330 0.100813 0.036856 0.012806 0.004350 0.001561 0.000696 0.000442 0.000372 0.000354 0.000349 0.000348 0.000348 0.000348 0.000348 0.000348 0.000348 0.000348 0.000348 0.000348 0.000348 0.000348 0.000348 0.000348 0.000348 0.000348 0.000348 0.000348 0.000348 0.000348 0.000347 0.000347 0.000345 0.000341 0.000332 0.000316 0.000286 0.000241 0.000176 0.000093 0.000000 
50.000000 37.456105 26.149239 16.951739 10.185090 5.668952 2.924790 1.400723 0.623915 0.259078 0.100560 0.036602 0.012553 0.004097 0.001308 0.000442 0.000189 0.000119 0.000101 0.000096 0.000095 0.000095 0.000095 0.000095 0.000095 0.000095 0.000095 0.000095 0.000095 0.000095 0.000095 0.000095 0.000095 0.000095 0.000095 0.000095 0.000095 0.000095 0.000094 0.000094 0.000094 0.000094 0.000093 0.000090 0.000086 0.000078 0.000065 0.000048 0.000025 0.000000 
50.000000 37.456087 26.149205 16.951693 10.185034 5.668889 2.924724 1.400655 0.623846 0.259008 0.100490 0.036532 0.012483 0.004027 0.001238 0.000372 0.000119 0.000049 0.000030 0.000026 0.000025 0.000024 0.000024 0.000024 0.000024 0.000024 0.000024 0.000024 0.000024 0.000024 0.000024 0.000024 0.000024 0.000024 0.000024 0.000024 0.000024 0.000024 0.000024 0.000024 0.000024 0.000024 0.000024 0.000023 0.000022 0.000020 0.000017 0.000012 0.000006 0.000000 
50.000000 37.456082 26.149197 16.951680 10.185019 5.668873 2.924706 1.400637 0.623828 0.258990 0.100472 0.036514 0.012464 0.004008 0.001219 0.000354 0.000101 0.000030 0.000012 0.000007 0.000006 0.000006 0.000006 0.000006 0.000006 0.000006 0.000006 0.000006 0.000006 0.000006 0.000006 0.000006 0.000006 0.000006 0.000006 0.000006 0.000006 0.000006 0.000006 0.000006 0.000006 0.000006 0.000006 0.000006 0.000005 0.000005 0.000004 0.000003 0.000002 0.000000 
50.000000 37.456081 26.149194 16.951677 10.185016 5.668869 2.924702 1.400633 0.623823 0.258985 0.100467 0.036509 0.012460 0.004004 0.001215 0.000349 0.000096 0.000026 0.000007 0.000003 0.000002 0.000001 0.000001 0.000001 0.000001 0.000001 0.000001 0.000001 0.000001 0.000001 0.000001 0.000001 0.000001 0.000001 0.000001 0.000001 0.000001 0.000001 0.000001 0.000001 0.000001 0.000001 0.000001 0.000001 0.000001 0.000001 0.000001 0.000001 0.000000 0.000000 
50.000000 37.456081 26.149194 16.951677 10.185015 5.668868 2.924701 1.400631 0.623822 0.258984 0.100466 0.036508 0.012459 0.004003 0.001214 0.000348 0.000095 0.000025 0.000006 0.000002 0.000001 0.000000 0.000000 0.000000 0.000000 0.000000 0.000000 0.000000 0.000000 0.000000 0.000000 0.000000 0.000000 0.000000 0.000000 0.000000 0.000000 0.000000 0.000000 0.000000 0.000000 0.000000 0.000000 0.000000 0.000000 0.000000 0.000000 0.000000 0.000000 0.000000 
50.000000 37.456081 26.149194 16.951676 10.185015 5.668868 2.924701 1.400631 0.623822 0.258984 0.100466 0.036508 0.012459 0.004002 0.001213 0.000348 0.000095 0.000024 0.000006 0.000001 0.000000 0.000000 0.000000 0.000000 0.000000 0.000000 0.000000 0.000000 0.000000 0.000000 0.000000 0.000000 0.000000 0.000000 0.000000 0.000000 0.000000 0.000000 0.000000 0.000000 0.000000 0.000000 0.000000 0.000000 0.000000 0.000000 0.000000 0.000000 0.000000 0.000000 
50.000000 37.456081 26.149194 16.951676 10.185014 5.668868 2.924701 1.400631 0.623822 0.258984 0.100466 0.036508 0.012458 0.004002 0.001213 0.000348 0.000095 0.000024 0.000006 0.000001 0.000000 0.000000 0.000000 0.000000 0.000000 0.000000 0.000000 0.000000 0.000000 0.000000 0.000000 0.000000 0.000000 0.000000 0.000000 0.000000 0.000000 0.000000 0.000000 0.000000 0.000000 0.000000 0.000000 0.000000 0.000000 0.000000 0.000000 0.000000 0.000000 0.000000 
50.000000 37.456081 26.149194 16.951676 10.185014 5.668868 2.924701 1.400631 0.623822 0.258984 0.100466 0.036508 0.012458 0.004002 0.001213 0.000348 0.000095 0.000024 0.000006 0.000001 0.000000 0.000000 0.000000 0.000000 0.000000 0.000000 0.000000 0.000000 0.000000 0.000000 0.000000 0.000000 0.000000 0.000000 0.000000 0.000000 0.000000 0.000000 0.000000 0.000000 0.000000 0.000000 0.000000 0.000000 0.000000 0.000000 0.000000 0.000000 0.000000 0.000000 
50.000000 37.456081 26.149194 16.951676 10.185014 5.668868 2.924701 1.400631 0.623822 0.258984 0.100466 0.036508 0.012458 0.004002 0.001213 0.000348 0.000095 0.000024 0.000006 0.000001 0.000000 0.000000 0.000000 0.000000 0.000000 0.000000 0.000000 0.000000 0.000000 0.000000 0.000000 0.000000 0.000000 0.000000 0.000000 0.000000 0.000000 0.000000 0.000000 0.000000 0.000000 0.000000 0.000000 0.000000 0.000000 0.000000 0.000000 0.000000 0.000000 0.000000 
50.000000 37.456081 26.149194 16.951676 10.185014 5.668868 2.924701 1.400631 0.623822 0.258984 0.100466 0.036508 0.012458 0.004002 0.001213 0.000348 0.000095 0.000024 0.000006 0.000001 0.000000 0.000000 0.000000 0.000000 0.000000 0.000000 0.000000 0.000000 0.000000 0.000000 0.000000 0.000000 0.000000 0.000000 0.000000 0.000000 0.000000 0.000000 0.000000 0.000000 0.000000 0.000000 0.000000 0.000000 0.000000 0.000000 0.000000 0.000000 0.000000 0.000000 
50.000000 37.456081 26.149194 16.951676 10.185014 5.668868 2.924701 1.400631 0.623822 0.258984 0.100466 0.036508 0.012458 0.004002 0.001213 0.000348 0.000095 0.000024 0.000006 0.000001 0.000000 0.000000 0.000000 0.000000 0.000000 0.000000 0.000000 0.000000 0.000000 0.000000 0.000000 0.000000 0.000000 0.000000 0.000000 0.000000 0.000000 0.000000 0.000000 0.000000 0.000000 0.000000 0.000000 0.000000 0.000000 0.000000 0.000000 0.000000 0.000000 0.000000 
50.000000 37.456081 26.149194 16.951676 10.185014 5.668868 2.924701 1.400631 0.623822 0.258984 0.100466 0.036508 0.012458 0.004002 0.001213 0.000348 0.000095 0.000024 0.000006 0.000001 0.000000 0.000000 0.000000 0.000000 0.000000 0.000000 0.000000 0.000000 0.000000 0.000000 0.000000 0.000000 0.000000 0.000000 0.000000 0.000000 0.000000 0.000000 0.000000 0.000000 0.000000 0.000000 0.000000 0.000000 0.000000 0.000000 0.000000 0.000000 0.000000 0.000000 
50.000000 37.456081 26.149194 16.951676 10.185015 5.668868 2.924701 1.400631 0.623822 0.258984 0.100466 0.036508 0.012459 0.004002 0.001213 0.000348 0.000095 0.000024 0.000006 0.000001 0.000000 0.000000 0.000000 0.000000 0.000000 0.000000 0.000000 0.000000 0.000000 0.000000 0.000000 0.000000 0.000000 0.000000 0.000000 0.000000 0.000000 0.000000 0.000000 0.000000 0.000000 0.000000 0.000000 0.000000 0.000000 0.000000 0.000000 0.000000 0.000000 0.000000 
50.000000 37.456081 26.149194 16.951677 10.185015 5.668868 2.924701 1.400631 0.623822 0.258984 0.100466 0.036508 0.012459 0.004003 0.001214 0.000348 0.000095 0.000025 0.000006 0.000002 0.000001 0.000000 0.000000 0.000000 0.000000 0.000000 0.000000 0.000000 0.000000 0.000000 0.000000 0.000000 0.000000 0.000000 0.000000 0.000000 0.000000 0.000000 0.000000 0.000000 0.000000 0.000000 0.000000 0.000000 0.000000 0.000000 0.000000 0.000000 0.000000 0.000000 
50.000000 37.456081 26.149194 16.951677 10.185016 5.668869 2.924702 1.400633 0.623823 0.258985 0.100467 0.036509 0.012460 0.004004 0.001215 0.000349 0.000096 0.000026 0.000007 0.000003 0.000002 0.000001 0.000001 0.000001 0.000001 0.000001 0.000001 0.000001 0.000001 0.000001 0.000001 0.000001 0.000001 0.000001 0.000001 0.000001 0.000001 0.000001 0.000001 0.000001 0.000001 0.000001 0.000001 0.000001 0.000001 0.000001 0.000001 0.000001 0.000000 0.000000 
50.000000 37.456082 26.149197 16.951680 10.185019 5.668873 2.924706 1.400637 0.623828 0.258990 0.100472 0.036514 0.012464 0.004008 0.001219 0.000354 0.000101 0.000030 0.000012 0.000007 0.000006 0.000006 0.000006 0.000006 0.000006 0.000006 0.000006 0.000006 0.000006 0.000006 0.000006 0.000006 0.000006 0.000006 0.000006 0.000006 0.000006 0.000006 0.000006 0.000006 0.000006 0.000006 0.000006 0.000006 0.000005 0.000005 0.000004 0.000003 0.000002 0.000000 
50.000000 37.456087 26.149205 16.951693 10.185034 5.668889 2.924724 1.400655 0.623846 0.259008 0.100490 0.036532 0.012483 0.004027 0.001238 0.000372 0.000119 0.000049 0.000030 0.000026 0.000025 0.000024 0.000024 0.000024 0.000024 0.000024 0.000024 0.000024 0.000024 0.000024 0.000024 0.000024 0.000024 0.000024 0.000024 0.000024 0.000024 0.000024 0.000024 0.000024 0.000024 0.000024 0.000024 0.000023 0.000022 0.000020 0.000017 0.000012 0.000006 0.000000 
50.000000 37.456105 26.149239 16.951739 10.185090 5.668952 2.924790 1.400723 0.623915 0.259078 0.100560 0.036602 0.012553 0.004097 0.001308 0.000442 0.000189 0.000119 0.000101 0.000096 0.000095 0.000095 0.000095 0.000095 0.000095 0.000095 0.000095 0.000095 0.000095 0.000095 0.000095 0.000095 0.000095 0.000095 0.000095 0.000095 0.000095 0.000095 0.000094 0.000094 0.000094 0.000094 0.000093 0.000090 0.000086 0.000078 0.000065 0.000048 0.000025 0.000000 
50.000000 37.456169 26.149361 16.951908 10.185293 5.669177 2.925029 1.400970 0.624166 0.259330 0.100813 0.036856 0.012806 0.004350 0.001561 0.000696 0.000442 0.000372 0.000354 0.000349 0.000348 0.000348 0.000348 0.000348 0.000348 0.000348 0.000348 0.000348 0.000348 0.000348 0.000348 0.000348 0.000348 0.000348 0.000348 0.000348 0.000348 0.000348 0.000348 0.000347 0.000347 0.000345 0.000341 0.000332 0.000316 0.000286 0.000241 0.000176 0.000093 0.000000 
50.000000 37.456388 26.149776 16.952483 10.185985 5.669947 2.925845 1.401812 0.625021 0.260191 0.101677 0.037720 0.013672 0.005216 0.002427 0.001561 0.001308 0.001238 0.001219 0.001215 0.001214 0.001213 0.001213 0.001213 0.001213 0.001213 0.001213 0.001213 0.001213 0.001213 0.001213 0.001213 0.001213 0.001213 0.001213 0.001213 0.001213 0.001213 0.001213 0.001212 0.001209 0.001203 0.001189 0.001159 0.001102 0.001001 0.000842 0.000615 0.000326 0.000000 
50.000000 37.457092 26.151115 16.954335 10.188214 5.672426 2.928476 1.404526 0.627777 0.262967 0.104461 0.040508 0.016460 0.008004 0.005216 0.004350 0.004097 0.004027 0.004008 0.004004 0.004003 0.004002 0.004002 0.004002 0.004002 0.004002 0.004002 0.004002 0.004002 0.004002 0.004002 0.004002 0.004002 0.004002 0.004002 0.004002 0.004002 0.004002 0.004001 0.003998 0.003990 0.003970 0.003925 0.003828 0.003642 0.003312 0.002788 0.002038 0.001082 0.000000 
50.000000 37.459226 26.155169 16.959948 10.194970 5.679941 2.936449 1.412752 0.636131 0.271381 0.112901 0.048958 0.024914 0.016460 0.013672 0.012806 0.012553 0.012483 0.012464 0.012460 0.012459 0.012459 0.012458 0.012458 0.012458 0.012458 0.012458 0.012458 0.012458 0.012458 0.012458 0.012458 0.012458 0.012458 0.012458 0.012458 0.012458 0.012457 0.012454 0.012445 0.012421 0.012362 0.012224 0.011930 0.011359 0.010345 0.008720 0.006384 0.003392 0.000000 
50.000000 37.465289 26.166691 16.975902 10.214174 5.701305 2.959121 1.436145 0.659890 0.295311 0.136904 0.072991 0.048958 0.040508 0.037720 0.036856 0.036602 0.036532 0.036514 0.036509 0.036508 0.036508 0.036508 0.036508 0.036508 0.036508 0.036508 0.036508 0.036508 0.036508 0.036508 0.036508 0.036508 0.036508 0.036508 0.036508 0.036507 0.036504 0.036495 0.036470 0.036404 0.036236 0.035845 0.035009 0.033368 0.030437 0.025705 0.018855 0.010033 0.000000 
50.000000 37.481401 26.197314 17.018307 10.265224 5.758107 3.019403 1.498351 0.723072 0.358948 0.200738 0.136904 0.112901 0.104461 0.101677 0.100813 0.100560 0.100490 0.100472 0.100467 0.100466 0.100466 0.100466 0.100466 0.100466 0.100466 0.100466 0.100466 0.100466 0.100466 0.100466 0.100466 0.100466 0.100466 0.100466 0.100465 0.100463 0.100456 0.100433 0.100369 0.100195 0.099755 0.098725 0.096503 0.092105 0.084177 0.071259 0.052396 0.027934 0.000000 
50.000000 37.521306 26.273162 17.123350 10.391699 5.898847 3.168782 1.652511 0.879657 0.516668 0.358948 0.295311 0.271381 0.262967 0.260191 0.259330 0.259078 0.259008 0.258990 0.258985 0.258984 0.258984 0.258984 0.258984 0.258984 0.258984 0.258984 0.258984 0.258984 0.258984 0.258984 0.258984 0.258984 0.258984 0.258983 0.258982 0.258977 0.258960 0.258907 0.258753 0.258334 0.257267 0.254751 0.249270 0.238310 0.218331 0.185396 0.136761 0.073100 0.000000 
50.000000 37.613087 26.447623 17.364988 10.682675 6.222679 3.512525 2.007279 1.240027 0.879657 0.723072 0.659890 0.636131 0.627777 0.625021 0.624166 0.623915 0.623846 0.623828 0.623823 0.623822 0.623822 0.623822 0.623822 0.623822 0.623822 0.623822 0.623822 0.623822 0.623822 0.623822 0.623822 0.623822 0.623822 0.623821 0.623818 0.623807 0.623770 0.623655 0.623317 0.622390 0.620013 0.614351 0.601880 0.576626 0.529941 0.451829 0.334766 0.179581 0.000000 
50.000000 37.808381 26.818871 17.879236 11.301992 6.912000 4.244298 2.762574 2.007279 1.652511 1.498351 1.436145 1.412752 1.404526 1.401812 1.400970 1.400723 1.400655 1.400637 1.400633 1.400631 1.400631 1.400631 1.400631 1.400631 1.400631 1.400631 1.400631 1.400631 1.400631 1.400631 1.400631 1.400631 1.400631 1.400629 1.400623 1.400601 1.400528 1.400300 1.399626 1.397760 1.392928 1.381287 1.355301 1.301861 1.201320 1.029822 0.767681 0.413970 0.000000 
50.000000 38.191314 27.546862 18.887729 12.516657 8.264101 5.679787 4.244298 3.512525 3.168782 3.019403 2.959121 2.936449 2.928476 2.925845 2.925029 2.924790 2.924724 2.924706 2.924702 2.924701 2.924701 2.924701 2.924701 2.924701 2.924701 2.924701 2.924701 2.924701 2.924701 2.924701 2.924701 2.924701 2.924700 2.924697 2.924686 2.924648 2.924519 2.924112 2.922900 2.919512 2.910646 2.888997 2.839893 2.736977 2.539006 2.192701 1.648908 0.896257 0.000000 
50.000000 38.880441 28.857023 20.702856 14.703062 10.698106 8.264101 6.912000 6.222679 5.898847 5.758107 5.701305 5.679941 5.672426 5.669947 5.669177 5.668952 5.668889 5.668873 5.668869 5.668868 5.668868 5.668868 5.668868 5.668868 5.668868 5.668868 5.668868 5.668868 5.668868 5.668868 5.668867 5.668867 5.668866 5.668862 5.668845 5.668784 5.668582 5.667937 5.666002 5.660537 5.646053 5.610139 5.527123 5.349053 4.996766 4.359703 3.321166 1.828342 0.000000 
50.000000 40.014029 31.012296 23.689027 18.300333 14.703062 12.516657 11.301992 10.682675 10.391699 10.265224 10.214174 10.194970 10.188214 10.185985 10.185293 10.185090 10.185034 10.185019 10.185016 10.185015 10.185015 10.185014 10.185014 10.185014 10.185014 10.185014 10.185014 10.185014 10.185014 10.185014 10.185014 10.185014 10.185012 10.185006 10.184983 10.184902 10.184624 10.183736 10.181047 10.173369 10.152734 10.100671 9.977651 9.706297 9.150167 8.099223 6.292821 3.540407 0.000000 
50.000000 41.711859 34.240479 28.161999 23.689027 20.702856 18.887729 17.879236 17.364988 17.123350 17.018307 16.975902 16.959948 16.954335 16.952483 16.951908 16.951739 16.951693 16.951680 16.951677 16.951677 16.951676 16.951676 16.951676 16.951676 16.951676 16.951676 16.951676 16.951676 16.951676 16.951676 16.951676 16.951676 16.951674 16.951667 16.951641 16.951547 16.951228 16.950197 16.947048 16.937954 16.913159 16.849414 16.695028 16.343153 15.589805 14.080999 11.283401 6.604707 0.000000 
50.000000 44.018925 38.627175 34.240479 31.012296 28.857023 27.546862 26.818871 26.447623 26.273162 26.197314 26.166691 26.155169 26.151115 26.149776 26.149361 26.149239 26.149205 26.149197 26.149194 26.149194 26.149194 26.149194 26.149194 26.149194 26.149194 26.149194 26.149194 26.149194 26.149194 26.149194 26.149194 26.149193 26.149192 26.149185 26.149162 26.149076 26.148785 26.147837 26.144918 26.136401 26.112857 26.051190 25.897953 25.535857 24.719474 22.957078 19.313587 12.204257 0.000000 
50.000000 46.854513 44.018925 41.711859 40.014029 38.880441 38.191314 37.808381 37.613087 37.521306 37.481401 37.465289 37.459226 37.457092 37.456388 37.456169 37.456105 37.456087 37.456082 37.456081 37.456081 37.456081 37.456081 37.456081 37.456081 37.456081 37.456081 37.456081 37.456081 37.456081 37.456081 37.456081 37.456081 37.456080 37.456076 37.456062 37.456010 37.455833 37.455256 37.453467 37.448206 37.433506 37.394411 37.295058 37.052099 36.473622 35.107152 31.814668 23.427257 0.000000 
50.000000 50.000000 50.000000 50.000000 50.000000 50.000000 50.000000 50.000000 50.000000 50.000000 50.000000 50.000000 50.000000 50.000000 50.000000 50.000000 50.000000 50.000000 50.000000 50.000000 50.000000 50.000000 50.000000 50.000000 50.000000 50.000000 50.000000 50.000000 50.000000 50.000000 50.000000 50.000000 50.000000 50.000000 50.000000 50.000000 50.000000 50.000000 50.000000 50.000000 50.000000 50.000000 50.000000 50.000000 50.000000 50.000000 50.000000 50.000000 50.000000 50.000000 
