50.000000 50.000000 50.000000 50.000000 50.000000 50.000000 50.000000 50.000000 50.000000 50.000000 50.000000 50.000000 50.000000 50.000000 50.000000 50.000000 50.000000 50.000000 50.000000 50.000000 50.000000 50.000000 50.000000 50.000000 50.000000 50.000000 50.000000 50.000000 50.000000 50.000000 50.000000 50.000000 50.000000 50.000000 50.000000 50.000000 50.000000 50.000000 50.000000 50.000000 50.000000 50.000000 50.000000 50.000000 50.000000 50.000000 50.000000 50.000000 50.000000 50.000000 
50.000000 48.263929 46.622413 45.154581 43.912896 42.918706 42.164772 41.622844 41.253288 41.013970 40.866644 40.780330 40.732151 40.706498 40.693454 40.687113 40.684162 40.682845 40.682282 40.682051 40.681960 40.681925 40.681912 40.681908 40.681906 40.681905 40.681905 40.681905 40.681904 40.681902 40.681897 40.681882 40.681842 40.681739 40.681480 40.680853 40.679387 40.676070 40.668807 40.653393 40.621633 40.557904 40.432822 40.191077 39.726394 38.824609 37.018436 33.170208 24.131964 0.000000 
50.000000 46.622413 43.428792 40.573088 38.157372 36.223173 34.756405 33.702102 32.983152 32.517579 32.230971 32.063060 31.969335 31.919433 31.894059 31.881723 31.875983 31.873423 31.872327 31.871877 31.871699 31.871632 31.871607 31.871598 31.871595 31.871594 31.871594 31.871593 31.871592 31.871589 31.871579 31.871552 31.871480 31.871292 31.870825 31.869696 31.867062 31.861120 31.848163 31.820815 31.764872 31.653739 31.438722 31.031953 30.275650 28.885185 26.342855 21.714396 13.452205 0.000000 
50.000000 45.154581 40.573088 36.476385 33.010902 30.236213 28.132100 26.619702 25.588385 24.920544 24.509430 24.268581 24.134147 24.062572 24.026179 24.008486 24.000254 23.996582 23.995011 23.994366 23.994111 23.994014 23.993979 23.993966 23.993962 23.993960 23.993960 23.993959 23.993957 23.993953 23.993941 23.993906 23.993814 23.993577 23.992985 23.991559 23.988247 23.980814 23.964702 23.930963 23.862658 23.728826 23.474715 23.006426 22.167640 20.706682 18.238193 14.230233 8.136145 0.000000 
50.000000 43.912896 38.157372 33.010902 28.657445 25.171832 22.528653 20.628820 19.333337 18.494455 17.978062 17.675547 17.506698 17.416802 17.371096 17.348877 17.338538 17.333927 17.331955 17.331144 17.330824 17.330703 17.330658 17.330642 17.330637 17.330635 17.330634 17.330634 17.330632 17.330627 17.330614 17.330577 17.330480 17.330228 17.329604 17.328107 17.324646 17.316924 17.300312 17.265852 17.196916 17.063912 16.816406 16.372254 15.604382 14.328723 12.304220 9.272187 5.088287 0.000000 
50.000000 42.918706 36.223173 30.236213 25.171832 21.117077 18.042367 15.832412 14.325496 13.349728 12.749092 12.397236 12.200855 12.096305 12.043150 12.017311 12.005288 11.999927 11.997633 11.996691 11.996319 11.996177 11.996126 11.996107 11.996101 11.996099 11.996098 11.996097 11.996096 11.996091 11.996079 11.996044 11.995953 11.995719 11.995140 11.993757 11.990577 11.983530 11.968494 11.937614 11.876603 11.760707 11.549215 11.178960 10.558538 9.567450 8.068573 5.947523 3.192312 0.000000 
50.000000 42.164772 34.756405 28.132100 22.528653 18.042367 14.640492 12.195441 10.528261 9.448749 8.784274 8.395034 8.177795 8.062145 8.003350 7.974770 7.961472 7.955543 7.953007 7.951965 7.951553 7.951397 7.951339 7.951319 7.951312 7.951310 7.951309 7.951308 7.951307 7.951303 7.951293 7.951264 7.951186 7.950989 7.950504 7.949350 7.946713 7.940910 7.928629 7.903659 7.854923 7.763705 7.600225 7.320246 6.863407 6.156400 5.125674 3.724452 1.973695 0.000000 
50.000000 41.622844 33.702102 26.619702 20.628820 15.832412 12.195441 9.581472 7.799157 6.645126 5.934802 5.518718 5.286505 5.162889 5.100045 5.069499 5.055287 5.048950 5.046240 5.045126 5.044687 5.044519 5.044458 5.044436 5.044429 5.044427 5.044426 5.044425 5.044424 5.044421 5.044413 5.044390 5.044330 5.044178 5.043805 5.042923 5.040918 5.036536 5.027338 5.008817 4.973080 4.907096 4.790736 4.595216 4.283196 3.812414 3.144986 2.263380 1.190022 0.000000 
50.000000 41.253288 32.983152 25.588385 19.333337 14.325496 10.528261 7.799157 5.938377 4.733569 3.992011 3.557643 3.315233 3.186193 3.120594 3.088710 3.073876 3.067262 3.064433 3.063271 3.062812 3.062637 3.062574 3.062551 3.062543 3.062541 3.062540 3.062539 3.062539 3.062536 3.062530 3.062514 3.062471 3.062363 3.062097 3.061472 3.060060 3.056995 3.050612 3.037873 3.013550 2.969189 2.892061 2.764556 2.564788 2.269425 1.859558 1.329413 0.695383 0.000000 
50.000000 41.013970 32.517579 24.920544 18.494455 13.349728 9.448749 6.645126 4.733569 3.495908 2.734145 2.287952 2.038950 1.906403 1.839024 1.806275 1.791040 1.784247 1.781342 1.780148 1.779677 1.779498 1.779432 1.779409 1.779401 1.779398 1.779397 1.779397 1.779397 1.779395 1.779391 1.779380 1.779351 1.779279 1.779103 1.778690 1.777763 1.775762 1.771625 1.763438 1.747954 1.720019 1.672046 1.593826 1.473125 1.297539 1.057886 0.752707 0.392338 0.000000 
50.000000 40.866644 32.230971 24.509430 17.978062 12.749092 8.784274 5.934802 3.992011 2.734145 1.959958 1.506497 1.253443 1.118742 1.050269 1.016990 1.001508 0.994605 0.991653 0.990440 0.989961 0.989779 0.989713 0.989689 0.989681 0.989678 0.989678 0.989677 0.989677 0.989676 0.989673 0.989667 0.989649 0.989603 0.989494 0.989238 0.988667 0.987441 0.984924 0.979979 0.970707 0.954138 0.925984 0.880614 0.811478 0.712210 0.578466 0.410156 0.213251 0.000000 
50.000000 40.780330 32.063060 24.268581 17.675547 12.397236 8.395034 5.518718 3.557643 2.287952 1.506497 1.048784 0.793361 0.657401 0.588289 0.554699 0.539073 0.532107 0.529127 0.527903 0.527420 0.527236 0.527169 0.527145 0.527137 0.527134 0.527133 0.527133 0.527133 0.527132 0.527131 0.527127 0.527116 0.527090 0.527025 0.526876 0.526545 0.525837 0.524392 0.521573 0.516327 0.507031 0.491380 0.466405 0.428742 0.375235 0.303879 0.214897 0.111524 0.000000 
50.000000 40.732151 31.969335 24.134147 17.506698 12.200855 8.177795 5.286505 3.315233 2.038950 1.253443 0.793361 0.536618 0.399956 0.330489 0.296727 0.281021 0.274019 0.271024 0.269794 0.269308 0.269123 0.269055 0.269032 0.269023 0.269021 0.269020 0.269020 0.269019 0.269019 0.269018 0.269016 0.269010 0.268995 0.268960 0.268878 0.268695 0.268309 0.267524 0.266002 0.263188 0.258238 0.249970 0.236886 0.217324 0.189774 0.153334 0.108215 0.056081 0.000000 
50.000000 40.706498 31.919433 24.062572 17.416802 12.096305 8.062145 5.162889 3.186193 1.906403 1.118742 0.657401 0.399956 0.262923 0.193266 0.159413 0.143664 0.136643 0.133640 0.132407 0.131920 0.131734 0.131667 0.131643 0.131635 0.131632 0.131631 0.131631 0.131631 0.131630 0.131630 0.131629 0.131626 0.131618 0.131599 0.131556 0.131461 0.131261 0.130856 0.130075 0.128641 0.126132 0.121971 0.115432 0.105728 0.092156 0.074324 0.052371 0.027111 0.000000 
50.000000 40.693454 31.894059 24.026179 17.371096 12.043150 8.003350 5.100045 3.120594 1.839024 1.050269 0.588289 0.330489 0.193266 0.123513 0.089614 0.073843 0.066813 0.063806 0.062571 0.062083 0.061898 0.061830 0.061806 0.061798 0.061795 0.061794 0.061794 0.061794 0.061794 0.061793 0.061793 0.061791 0.061787 0.061778 0.061757 0.061710 0.061611 0.061412 0.061031 0.060334 0.059121 0.057122 0.053999 0.049392 0.042988 0.034619 0.024363 0.012601 0.000000 
50.000000 40.687113 31.881723 24.008486 17.348877 12.017311 7.974770 5.069499 3.088710 1.806275 1.016990 0.554699 0.296727 0.159413 0.089614 0.055691 0.039911 0.032876 0.029867 0.028631 0.028143 0.027957 0.027889 0.027865 0.027857 0.027854 0.027854 0.027853 0.027853 0.027853 0.027853 0.027853 0.027852 0.027850 0.027846 0.027836 0.027814 0.027767 0.027674 0.027496 0.027173 0.026613 0.025694 0.024266 0.022171 0.019273 0.015502 0.010898 0.005633 0.000000 
50.000000 40.684162 31.875983 24.000254 17.338538 12.005288 7.961472 5.055287 3.073876 1.791040 1.001508 0.539073 0.281021 0.143664 0.073843 0.039911 0.024125 0.017088 0.014078 0.012842 0.012354 0.012168 0.012100 0.012076 0.012068 0.012065 0.012064 0.012064 0.012064 0.012064 0.012064 0.012064 0.012064 0.012063 0.012061 0.012056 0.012046 0.012025 0.011984 0.011904 0.011761 0.011513 0.011109 0.010483 0.009569 0.008309 0.006677 0.004690 0.002423 0.000000 
50.000000 40.682845 31.873423 23.996582 17.333927 11.999927 7.955543 5.048950 3.067262 1.784247 0.994605 0.532107 0.274019 0.136643 0.066813 0.032876 0.017088 0.010050 0.007040 0.005803 0.005315 0.005129 0.005061 0.005037 0.005029 0.005026 0.005026 0.005025 0.005025 0.005025 0.005025 0.005025 0.005025 0.005025 0.005024 0.005022 0.005017 0.005009 0.004991 0.004957 0.004896 0.004791 0.004620 0.004357 0.003974 0.003448 0.002768 0.001943 0.001003 0.000000 
50.000000 40.682282 31.872327 23.995011 17.331955 11.997633 7.953007 5.046240 3.064433 1.781342 0.991653 0.529127 0.271024 0.133640 0.063806 0.029867 0.014078 0.007040 0.004029 0.002793 0.002304 0.002119 0.002051 0.002027 0.002019 0.002016 0.002015 0.002015 0.002015 0.002015 0.002015 0.002015 0.002015 0.002014 0.002014 0.002013 0.002012 0.002008 0.002001 0.001987 0.001962 0.001919 0.001850 0.001743 0.001589 0.001378 0.001105 0.000775 0.000400 0.000000 
50.000000 40.682051 31.871877 23.994366 17.331144 11.996691 7.951965 5.045126 3.063271 1.780148 0.990440 0.527903 0.269794 0.132407 0.062571 0.028631 0.012842 0.005803 0.002793 0.001556 0.001068 0.000882 0.000814 0.000790 0.000782 0.000779 0.000779 0.000778 0.000778 0.000778 0.000778 0.000778 0.000778 0.000778 0.000778 0.000778 0.000777 0.000775 0.000773 0.000767 0.000757 0.000741 0.000714 0.000672 0.000612 0.000531 0.000425 0.000298 0.000154 0.000000 
50.000000 40.681960 31.871699 23.994111 17.330824 11.996319 7.951553 5.044687 3.062812 1.779677 0.989961 0.527420 0.269308 0.131920 0.062083 0.028143 0.012354 0.005315 0.002304 0.001068 0.000579 0.000394 0.000326 0.000302 0.000294 0.000291 0.000290 0.000290 0.000290 0.000290 0.000290 0.000290 0.000290 0.000290 0.000290 0.000290 0.000289 0.000289 0.000288 0.000286 0.000282 0.000276 0.000265 0.000250 0.000228 0.000197 0.000158 0.000111 0.000057 0.000000 
50.000000 40.681925 31.871632 23.994014 17.330703 11.996177 7.951397 5.044519 3.062638 1.779498 0.989779 0.527236 0.269123 0.131734 0.061898 0.027957 0.012168 0.005129 0.002119 0.000882 0.000394 0.000208 0.000140 0.000116 0.000108 0.000105 0.000105 0.000104 0.000104 0.000104 0.000104 0.000104 0.000104 0.000104 0.000104 0.000104 0.000104 0.000104 0.000103 0.000103 0.000101 0.000099 0.000095 0.000090 0.000082 0.000071 0.000057 0.000040 0.000020 0.000000 
50.000000 40.681912 31.871607 23.993979 17.330658 11.996126 7.951340 5.044458 3.062574 1.779432 0.989713 0.527169 0.269056 0.131667 0.061830 0.027889 0.012100 0.005061 0.002051 0.000814 0.000326 0.000140 0.000072 0.000048 0.000040 0.000037 0.000037 0.000036 0.000036 0.000036 0.000036 0.000036 0.000036 0.000036 0.000036 0.000036 0.000036 0.000036 0.000036 0.000036 0.000035 0.000034 0.000033 0.000031 0.000028 0.000025 0.000020 0.000014 0.000007 0.000000 
50.000000 40.681908 31.871598 23.993966 17.330642 11.996107 7.951320 5.044437 3.062551 1.779409 0.989690 0.527145 0.269032 0.131643 0.061806 0.027866 0.012077 0.005038 0.002027 0.000791 0.000302 0.000117 0.000049 0.000025 0.000016 0.000014 0.000013 0.000013 0.000013 0.000012 0.000012 0.000012 0.000012 0.000012 0.000012 0.000012 0.000012 0.000012 0.000012 0.000012 0.000012 0.000012 0.000011 0.000011 0.000010 0.000008 0.000007 0.000005 0.000002 0.000000 
50.000000 40.681906 31.871596 23.993962 17.330638 11.996102 7.951313 5.044430 3.062544 1.779402 0.989682 0.527138 0.269025 0.131636 0.061799 0.027858 0.012069 0.005030 0.002020 0.000783 0.000295 0.000109 0.000041 0.000017 0.000009 0.000006 0.000006 0.000005 0.000005 0.000005 0.000005 0.000005 0.000005 0.000005 0.000005 0.000005 0.000005 0.000005 0.000005 0.000005 0.000005 0.000005 0.000005 0.000004 0.000004 0.000003 0.000003 0.000002 0.000001 0.000000 
50.000000 40.681906 31.871596 23.993962 17.330638 11.996102 7.951313 5.044430 3.062544 1.779402 0.989682 0.527138 0.269025 0.131636 0.061799 0.027858 0.012069 0.005030 0.002020 0.000783 0.000295 0.000109 0.000041 0.000017 0.000009 0.000006 0.000006 0.000005 0.000005 0.000005 0.000005 0.000005 0.000005 0.000005 0.000005 0.000005 0.000005 0.000005 0.000005 0.000005 0.000005 0.000005 0.000005 0.000004 0.000004 0.000003 0.000003 0.000002 0.000001 0.000000 
50.000000 40.681908 31.871598 23.993966 17.330642 11.996107 7.951320 5.044437 3.062551 1.779409 0.989690 0.527145 0.269032 0.131643 0.061806 0.027866 0.012077 0.005038 0.002027 0.000791 0.000302 0.000117 0.000049 0.000025 0.000016 0.000014 0.000013 0.000013 0.000013 0.000012 0.000012 0.000012 0.000012 0.000012 0.000012 0.000012 0.000012 0.000012 0.000012 0.000012 0.000012 0.000012 0.000011 0.000011 0.000010 0.000008 0.000007 0.000005 0.000002 0.000000 
50.000000 40.681912 31.871607 23.993979 17.330658 11.996126 7.951340 5.044458 3.062574 1.779432 0.989713 0.527169 0.269056 0.131667 0.061830 0.027889 0.012100 0.005061 0.002051 0.000814 0.000326 0.000140 0.000072 0.000048 0.000040 0.000037 0.000037 0.000036 0.000036 0.000036 0.000036 0.000036 0.000036 0.000036 0.000036 0.000036 0.000036 0.000036 0.000036 0.000036 0.000035 0.000034 0.000033 0.000031 0.000028 0.000025 0.000020 0.000014 0.000007 0.000000 
50.000000 40.681925 31.871632 23.994014 17.330703 11.996177 7.951397 5.044519 3.062638 1.779498 0.989779 0.527236 0.269123 0.131734 0.061898 0.027957 0.012168 0.005129 0.002119 0.000882 0.000394 0.000208 0.000140 0.000116 0.000108 0.000105 0.000105 0.000104 0.000104 0.000104 0.000104 0.000104 0.000104 0.000104 0.000104 0.000104 0.000104 0.000104 0.000103 0.000103 0.000101 0.000099 0.000095 0.000090 0.000082 0.000071 0.000057 0.000040 0.000020 0.000000 
50.000000 40.681960 31.871699 23.994111 17.330824 11.996319 7.951553 5.044687 3.062812 1.779677 0.989961 0.527420 0.269308 0.131920 0.062083 0.028143 0.012354 0.005315 0.002304 0.001068 0.000579 0.000394 0.000326 0.000302 0.000294 0.000291 0.000290 0.000290 0.000290 0.000290 0.000290 0.000290 0.000290 0.000290 0.000290 0.000290 0.000289 0.000289 0.000288 0.000286 0.000282 0.000276 0.000265 0.000250 0.000228 0.000197 0.000158 0.000111 0.000057 0.000000 
50.000000 40.682051 31.871877 23.994366 17.331144 11.996691 7.951965 5.045126 3.063271 1.780148 0.990440 0.527903 0.269794 0.132407 0.062571 0.028631 0.012842 0.005803 0.002793 0.001556 0.001068 0.000882 0.000814 0.000790 0.000782 0.000779 0.000779 0.000778 0.000778 0.000778 0.000778 0.000778 0.000778 0.000778 0.000778 0.000778 0.000777 0.000775 0.000773 0.000767 0.000757 0.000741 0.000714 0.000672 0.000612 0.000531 0.000425 0.000298 0.000154 0.000000 
50.000000 40.682282 31.872327 23.995011 17.331955 11.997633 7.953007 5.046240 3.064433 1.781342 0.991653 0.529127 0.271024 0.133640 0.063806 0.029867 0.014078 0.007040 0.004029 0.002793 0.002304 0.002119 0.002051 0.002027 0.002019 0.002016 0.002015 0.002015 0.002015 0.002015 0.002015 0.002015 0.002015 0.002014 0.002014 0.002013 0.002012 0.002008 0.002001 0.001987 0.001962 0.001919 0.001850 0.001743 0.001589 0.001378 0.001105 0.000775 0.000400 0.000000 
50.000000 40.682845 31.873423 23.996582 17.333927 11.999927 7.955543 5.048950 3.067262 1.784247 0.994605 0.532107 0.274019 0.136643 0.066813 0.032876 0.017088 0.010050 0.007040 0.005803 0.005315 0.005129 0.005061 0.005037 0.005029 0.005026 0.005026 0.005025 0.005025 0.005025 0.005025 0.005025 0.005025 0.005025 0.005024 0.005022 0.005017 0.005009 0.004991 0.004957 0.004896 0.004791 0.004620 0.004357 0.003974 0.003448 0.002768 0.001943 0.001003 0.000000 
50.000000 40.684162 31.875983 24.000254 17.338538 12.005288 7.961472 5.055287 3.073876 1.791040 1.001508 0.539073 0.281021 0.143664 0.073843 0.039911 0.024125 0.017088 0.014078 0.012842 0.012354 0.012168 0.012100 0.012076 0.012068 0.012065 0.012064 0.012064 0.012064 0.012064 0.012064 0.012064 0.012064 0.012063 0.012061 0.012056 0.012046 0.012025 0.011984 0.011904 0.011761 0.011513 0.011109 0.010483 0.009569 0.008309 0.006677 0.004690 0.002423 0.000000 
50.000000 40.687113 31.881723 24.008486 17.348877 12.017311 7.974770 5.069499 3.088710 1.806275 1.016990 0.554699 0.296727 0.159413 0.089614 0.055691 0.039911 0.032876 0.029867 0.028631 0.028143 0.027957 0.027889 0.027865 0.027857 0.027854 0.027854 0.027853 0.027853 0.027853 0.027853 0.027853 0.027852 0.027850 0.027846 0.027836 0.027814 0.027767 0.027674 0.027496 0.027173 0.026613 0.025694 0.024266 0.022171 0.019273 0.015502 0.010898 0.005633 0.000000 
50.000000 40.693454 31.894059 24.026179 17.371096 12.043150 8.003350 5.100045 3.120594 1.839024 1.050269 0.588289 0.330489 0.193266 0.123513 0.089614 0.073843 0.066813 0.063806 0.062571 0.062083 0.061898 0.061830 0.061806 0.061798 0.061795 0.061794 0.061794 0.061794 0.061794 0.061793 0.061793 0.061791 0.061787 0.061778 0.061757 0.061710 0.061611 0.061412 0.061031 0.060334 0.059121 0.057122 0.053999 0.049392 0.042988 0.034619 0.024363 0.012601 0.000000 
50.000000 40.706498 31.919433 24.062572 17.416802 12.096305 8.062145 5.162889 3.186193 1.906403 1.118742 0.657401 0.399956 0.262923 0.193266 0.159413 0.143664 0.136643 0.133640 0.132407 0.131920 0.131734 0.131667 0.131643 0.131635 0.131632 0.131631 0.131631 0.131631 0.131630 0.131630 0.131629 0.131626 0.131618 0.131599 0.131556 0.131461 0.131261 0.130856 0.130075 0.128641 0.126132 0.121971 0.115432 0.105728 0.092156 0.074324 0.052371 0.027111 0.000000 
50.000000 40.732151 31.969335 24.134147 17.506698 12.200855 8.177795 5.286505 3.315233 2.038950 1.253443 0.793361 0.536618 0.399956 0.330489 0.296727 0.281021 0.274019 0.271024 0.269794 0.269308 0.269123 0.269055 0.269032 0.269023 0.269021 0.269020 0.269020 0.269019 0.269019 0.269018 0.269016 0.269010 0.268995 0.268960 0.268878 0.268695 0.268309 0.267524 0.266002 0.263188 0.258238 0.249970 0.236886 0.217324 0.189774 0.153334 0.108215 0.056081 0.000000 
50.000000 40.780330 32.063060 24.268581 17.675547 12.397236 8.395034 5.518718 3.557643 2.287952 1.506497 1.048784 0.793361 0.657401 0.588289 0.554699 0.539073 0.532107 0.529127 0.527903 0.527420 0.527236 0.527169 0.527145 0.527137 0.527134 0.527133 0.527133 0.527133 0.527132 0.527131 0.527127 0.527116 0.527090 0.527025 0.526876 0.526545 0.525837 0.524392 0.521573 0.516327 0.507031 0.491380 0.466405 0.428742 0.375235 0.303879 0.214897 0.111524 0.000000 
50.000000 40.866644 32.230971 24.509430 17.978062 12.749092 8.784274 5.934802 3.992011 2.734145 1.959958 1.506497 1.253443 1.118742 1.050269 1.016990 1.001508 0.994605 0.991653 0.990440 0.989961 0.989779 0.989713 0.989689 0.989681 0.989678 0.989678 0.989677 0.989677 0.989676 0.989673 0.989667 0.989649 0.989603 0.989494 0.989238 0.988667 0.987441 0.984924 0.979979 0.970707 0.954138 0.925984 0.880614 0.811478 0.712210 0.578466 0.410156 0.213251 0.000000 
50.000000 41.013970 32.517579 24.920544 18.494455 13.349728 9.448749 6.645126 4.733569 3.495908 2.734145 2.287952 2.038950 1.906403 1.839024 1.806275 1.791040 1.784247 1.781342 1.780148 1.779677 1.779498 1.779432 1.779409 1.779401 1.779398 1.779397 1.779397 1.779397 1.779395 1.779391 1.779380 1.779351 1.779279 1.779103 1.778690 1.777763 1.775762 1.771625 1.763438 1.747954 1.720019 1.672046 1.593826 1.473125 1.297539 1.057886 0.752707 0.392338 0.000000 
50.000000 41.253288 32.983152 25.588385 19.333337 14.325496 10.528261 7.799157 5.938377 4.733569 3.992011 3.557643 3.315233 3.186193 3.120594 3.088710 3.073876 3.067262 3.064433 3.063271 3.062812 3.062637 3.062574 3.062551 3.062543 3.062541 3.062540 3.062539 3.062539 3.062536 3.062530 3.062514 3.062471 3.062363 3.062097 3.061472 3.060060 3.056995 3.050612 3.037873 3.013550 2.969189 2.892061 2.764556 2.564788 2.269425 1.859558 1.329413 0.695383 0.000000 
50.000000 41.622844 33.702102 26.619702 20.628820 15.832412 12.195441 9.581472 7.799157 6.645126 5.934802 5.518718 5.286505 5.162889 5.100045 5.069499 5.055287 5.048950 5.046240 5.045126 5.044687 5.044519 5.044458 5.044436 5.044429 5.044427 5.044426 5.044425 5.044424 5.044421 5.044413 5.044390 5.044330 5.044178 5.043805 5.042923 5.040918 5.036536 5.027338 5.008817 4.973080 4.907096 4.790736 4.595216 4.283196 3.812414 3.144986 2.263380 1.190022 0.000000 
50.000000 42.164772 34.756405 28.132100 22.528653 18.042367 14.640492 12.195441 10.528261 9.448749 8.784274 8.395034 8.177795 8.062145 8.003350 7.974770 7.961472 7.955543 7.953007 7.951965 7.951553 7.951397 7.951339 7.951319 7.951312 7.951310 7.951309 7.951308 7.951307 7.951303 7.951293 7.951264 7.951186 7.950989 7.950504 7.949350 7.946713 7.940910 7.928629 7.903659 7.854923 7.763705 7.600225 7.320246 6.863407 6.156400 5.125674 3.724452 1.973695 0.000000 
50.000000 42.918706 36.223173 30.236213 25.171832 21.117077 18.042367 15.832412 14.325496 13.349728 12.749092 12.397236 12.200855 12.096305 12.043150 12.017311 12.005288 11.999927 11.997633 11.996691 11.996319 11.996177 11.996126 11.996107 11.996101 11.996099 11.996098 11.996097 11.996096 11.996091 11.996079 11.996044 11.995953 11.995719 11.995140 11.993757 11.990577 11.983530 11.968494 11.937614 11.876603 11.760707 11.549215 11.178960 10.558538 9.567450 8.068573 5.947523 3.192312 0.000000 
50.000000 43.912896 38.157372 33.010902 28.657445 25.171832 22.528653 20.628820 19.333337 18.494455 17.978062 17.675547 17.506698 17.416802 17.371096 17.348877 17.338538 17.333927 17.331955 17.331144 17.330824 17.330703 17.330658 17.330642 17.330637 17.330635 17.330634 17.330634 17.330632 17.330627 17.330614 17.330577 17.330480 17.330228 17.329604 17.328107 17.324646 17.316924 17.300312 17.265852 17.196916 17.063912 16.816406 16.372254 15.604382 14.328723 12.304220 9.272187 5.088287 0.000000 
50.000000 45.154581 40.573088 36.476385 33.010902 30.236213 28.132100 26.619702 25.588385 24.920544 24.509430 24.268581 24.134147 24.062572 24.026179 24.008486 24.000254 23.996582 23.995011 23.994366 23.994111 23.994014 23.993979 23.993966 23.993962 23.993960 23.993960 23.993959 23.993957 23.993953 23.993941 23.993906 23.993814 23.993577 23.992985 23.991559 23.988247 23.980814 23.964702 23.930963 23.862658 23.728826 23.474715 23.006426 22.167640 20.706682 18.238193 14.230233 8.136145 0.000000 
50.000000 46.622413 43.428792 40.573088 38.157372 36.223173 34.756405 33.702102 32.983152 32.517579 32.230971 32.063060 31.969335 31.919433 31.894059 31.881723 31.875983 31.873423 31.872327 31.871877 31.871699 31.871632 31.871607 31.871598 31.871595 31.871594 31.871594 31.871593 31.871592 31.871589 31.871579 31.871552 31.871480 31.871292 31.870825 31.869696 31.867062 31.861120 31.848163 31.820815 31.764872 31.653739 31.438722 31.031953 30.275650 28.885185 26.342855 21.714396 13.452205 0.000000 
50.000000 48.263929 46.622413 45.154581 43.912896 42.918706 42.164772 41.622844 41.253288 41.013970 40.866644 40.780330 40.732151 40.706498 40.693454 40.687113 40.684162 40.682845 40.682282 40.682051 40.681960 40.681925 40.681912 40.681908 40.681906 40.681905 40.681905 40.681905 40.681904 40.681902 40.681897 40.681882 40.681842 40.681739 40.681480 40.680853 40.679387 40.676070 40.668807 40.653393 40.621633 40.557904 40.432822 40.191077 39.726394 38.824609 37.018436 33.170208 24.131964 0.000000 
50.000000 50.000000 50.000000 50.000000 50.000000 50.000000 50.000000 50.000000 50.000000 50.000000 50.000000 50.000000 50.000000 50.000000 50.000000 50.000000 50.000000 50.000000 50.000000 50.000000 50.000000 50.000000 50.000000 50.000000 50.000000 50.000000 50.000000 50.000000 50.000000 50.000000 50.000000 50.000000 50.000000 50.000000 50.000000 50.000000 50.000000 50.000000 50.000000 50.000000 50.000000 50.000000 50.000000 50.000000 50.000000 50.000000 50.000000 50.000000 50.000000 50.000000 
