50.000000 50.000000 50.000000 50.000000 50.000000 50.000000 50.000000 50.000000 50.000000 50.000000 50.000000 50.000000 50.000000 50.000000 50.000000 50.000000 50.000000 50.000000 50.000000 50.000000 50.000000 50.000000 50.000000 50.000000 50.000000 50.000000 50.000000 50.000000 50.000000 50.000000 50.000000 50.000000 50.000000 50.000000 50.000000 50.000000 50.000000 50.000000 50.000000 50.000000 50.000000 50.000000 50.000000 50.000000 50.000000 50.000000 50.000000 50.000000 50.000000 50.000000 
50.000000 45.416449 41.489431 38.595233 36.747533 35.716886 35.209979 34.988171 34.901094 34.870187 34.860200 34.857243 34.856437 34.856233 34.856186 34.856175 34.856173 34.856173 34.856172 34.856172 34.856172 34.856172 34.856172 34.856172 34.856172 34.856172 34.856172 34.856172 34.856172 34.856172 34.856172 34.856172 34.856172 34.856172 34.856172 34.856172 34.856169 34.856155 34.856095 34.855838 34.854823 34.851064 34.838037 34.795772 34.666944 34.295248 33.265744 30.463440 22.708225 0.000000 
50.000000 41.489431 34.198143 28.824850 25.394785 23.481721 22.540941 22.129345 21.967788 21.910456 21.891933 21.886450 21.884955 21.884578 21.884489 21.884470 21.884466 21.884465 21.884465 21.884465 21.884465 21.884465 21.884465 21.884465 21.884465 21.884465 21.884465 21.884465 21.884465 21.884465 21.884465 21.884465 21.884465 21.884465 21.884464 21.884464 21.884459 21.884439 21.884348 21.883967 21.882472 21.876995 21.858316 21.799090 21.624703 21.148025 19.938671 17.099071 11.025991 0.000000 
50.000000 38.595233 28.824850 21.625250 17.029944 14.467396 13.207453 12.656337 12.440065 12.363333 12.338549 12.331215 12.329215 12.328711 12.328592 12.328566 12.328561 12.328560 12.328560 12.328560 12.328560 12.328560 12.328560 12.328560 12.328560 12.328560 12.328560 12.328560 12.328560 12.328560 12.328560 12.328560 12.328560 12.328560 12.328560 12.328559 12.328555 12.328535 12.328450 12.328094 12.326711 12.321711 12.304959 12.253122 12.105591 11.721387 10.812625 8.886180 5.329489 0.000000 
50.000000 36.747533 25.394785 17.029944 11.691593 8.715173 7.252016 6.612144 6.361098 6.272051 6.243295 6.234789 6.232470 6.231885 6.231748 6.231718 6.231712 6.231710 6.231710 6.231710 6.231710 6.231710 6.231710 6.231710 6.231710 6.231710 6.231710 6.231710 6.231710 6.231710 6.231710 6.231710 6.231710 6.231710 6.231710 6.231709 6.231707 6.231693 6.231632 6.231379 6.230406 6.226936 6.215503 6.180896 6.085255 5.845797 5.308557 4.246759 2.452284 0.000000 
50.000000 35.716886 23.481721 14.467396 8.715173 5.508429 3.932292 3.243132 2.972798 2.876928 2.845976 2.836821 2.834327 2.833698 2.833550 2.833518 2.833511 2.833510 2.833510 2.833510 2.833510 2.833510 2.833510 2.833510 2.833510 2.833510 2.833510 2.833510 2.833510 2.833510 2.833510 2.833510 2.833510 2.833510 2.833510 2.833509 2.833508 2.833499 2.833464 2.833317 2.832759 2.830791 2.824401 2.805420 2.754214 2.629918 2.361805 1.857019 1.049943 0.000000 
50.000000 35.209979 22.540941 13.207453 7.252016 3.932292 2.300802 1.587524 1.307766 1.208567 1.176545 1.167075 1.164495 1.163845 1.163692 1.163659 1.163652 1.163650 1.163650 1.163650 1.163650 1.163650 1.163650 1.163650 1.163650 1.163650 1.163650 1.163650 1.163650 1.163650 1.163650 1.163650 1.163650 1.163650 1.163650 1.163650 1.163649 1.163645 1.163627 1.163555 1.163284 1.162335 1.159294 1.150401 1.126872 1.071119 0.954331 0.741850 0.414207 0.000000 
50.000000 34.988171 22.129345 12.656337 6.612144 3.243132 1.587524 0.863753 0.579900 0.479258 0.446773 0.437167 0.434550 0.433890 0.433735 0.433701 0.433694 0.433693 0.433693 0.433693 0.433693 0.433693 0.433693 0.433693 0.433693 0.433693 0.433693 0.433693 0.433693 0.433693 0.433693 0.433693 0.433693 0.433693 0.433693 0.433693 0.433692 0.433690 0.433683 0.433652 0.433537 0.433139 0.431876 0.428230 0.418731 0.396641 0.351378 0.271029 0.150134 0.000000 
50.000000 34.901094 21.967788 12.440065 6.361098 2.972798 1.307766 0.579900 0.294453 0.193250 0.160584 0.150926 0.148295 0.147631 0.147476 0.147442 0.147435 0.147433 0.147433 0.147433 0.147433 0.147433 0.147433 0.147433 0.147433 0.147433 0.147433 0.147433 0.147433 0.147433 0.147433 0.147433 0.147433 0.147433 0.147433 0.147433 0.147433 0.147432 0.147429 0.147418 0.147375 0.147227 0.146761 0.145430 0.142007 0.134162 0.118354 0.090793 0.050030 0.000000 
50.000000 34.870187 21.910456 12.363333 6.272051 2.876928 1.208567 0.479258 0.193250 0.091849 0.059121 0.049444 0.046808 0.046143 0.045987 0.045953 0.045946 0.045944 0.045944 0.045944 0.045944 0.045944 0.045944 0.045944 0.045944 0.045944 0.045944 0.045944 0.045944 0.045944 0.045944 0.045944 0.045944 0.045944 0.045944 0.045944 0.045944 0.045944 0.045943 0.045939 0.045925 0.045875 0.045721 0.045283 0.044169 0.041644 0.036622 0.027984 0.015364 0.000000 
50.000000 34.860200 21.891933 12.338549 6.243295 2.845976 1.176545 0.446773 0.160584 0.059121 0.026372 0.016689 0.014052 0.013386 0.013230 0.013196 0.013189 0.013188 0.013188 0.013188 0.013188 0.013188 0.013188 0.013188 0.013188 0.013188 0.013188 0.013188 0.013188 0.013188 0.013188 0.013188 0.013188 0.013188 0.013188 0.013188 0.013188 0.013188 0.013187 0.013186 0.013182 0.013167 0.013120 0.012989 0.012659 0.011917 0.010455 0.007965 0.004362 0.000000 
50.000000 34.857243 21.886450 12.331215 6.234789 2.836821 1.167075 0.437167 0.150926 0.049444 0.016689 0.007004 0.004366 0.003701 0.003545 0.003511 0.003504 0.003503 0.003502 0.003502 0.003502 0.003502 0.003502 0.003502 0.003502 0.003502 0.003502 0.003502 0.003502 0.003502 0.003502 0.003502 0.003502 0.003502 0.003502 0.003502 0.003502 0.003502 0.003502 0.003502 0.003501 0.003497 0.003484 0.003448 0.003358 0.003157 0.002765 0.002102 0.001149 0.000000 
50.000000 34.856437 21.884955 12.329215 6.232470 2.834327 1.164495 0.434550 0.148295 0.046808 0.014052 0.004366 0.001728 0.001063 0.000907 0.000873 0.000866 0.000864 0.000864 0.000864 0.000864 0.000864 0.000864 0.000864 0.000864 0.000864 0.000864 0.000864 0.000864 0.000864 0.000864 0.000864 0.000864 0.000864 0.000864 0.000864 0.000864 0.000864 0.000864 0.000864 0.000864 0.000863 0.000859 0.000850 0.000828 0.000777 0.000680 0.000516 0.000282 0.000000 
50.000000 34.856233 21.884578 12.328711 6.231885 2.833698 1.163845 0.433890 0.147631 0.046143 0.013386 0.003701 0.001063 0.000398 0.000242 0.000208 0.000201 0.000199 0.000199 0.000199 0.000199 0.000199 0.000199 0.000199 0.000199 0.000199 0.000199 0.000199 0.000199 0.000199 0.000199 0.000199 0.000199 0.000199 0.000199 0.000199 0.000199 0.000199 0.000199 0.000199 0.000199 0.000199 0.000198 0.000196 0.000190 0.000179 0.000156 0.000118 0.000064 0.000000 
50.000000 34.856186 21.884489 12.328592 6.231748 2.833550 1.163692 0.433735 0.147476 0.045987 0.013230 0.003545 0.000907 0.000242 0.000086 0.000052 0.000044 0.000043 0.000043 0.000043 0.000043 0.000043 0.000043 0.000043 0.000043 0.000043 0.000043 0.000043 0.000043 0.000043 0.000043 0.000043 0.000043 0.000043 0.000043 0.000043 0.000043 0.000043 0.000043 0.000043 0.000043 0.000043 0.000043 0.000042 0.000041 0.000038 0.000034 0.000025 0.000014 0.000000 
50.000000 34.856175 21.884470 12.328566 6.231718 2.833518 1.163659 0.433701 0.147442 0.045953 0.013196 0.003511 0.000873 0.000208 0.000052 0.000017 0.000010 0.000009 0.000009 0.000009 0.000009 0.000009 0.000009 0.000009 0.000009 0.000009 0.000009 0.000009 0.000009 0.000009 0.000009 0.000009 0.000009 0.000009 0.000009 0.000009 0.000009 0.000009 0.000009 0.000009 0.000009 0.000009 0.000009 0.000009 0.000008 0.000008 0.000007 0.000005 0.000003 0.000000 
50.000000 34.856173 21.884466 12.328561 6.231712 2.833511 1.163652 0.433694 0.147435 0.045946 0.013189 0.003504 0.000866 0.000201 0.000044 0.000010 0.000003 0.000002 0.000002 0.000002 0.000002 0.000002 0.000002 0.000002 0.000002 0.000002 0.000002 0.000002 0.000002 0.000002 0.000002 0.000002 0.000002 0.000002 0.000002 0.000002 0.000002 0.000002 0.000002 0.000002 0.000002 0.000002 0.000002 0.000002 0.000002 0.000001 0.000001 0.000001 0.000001 0.000000 
50.000000 34.856173 21.884465 12.328560 6.231710 2.833510 1.163650 0.433693 0.147433 0.045944 0.013188 0.003503 0.000864 0.000199 0.000043 0.000009 0.000002 0.000001 0.000000 0.000000 0.000000 0.000000 0.000000 0.000000 0.000000 0.000000 0.000000 0.000000 0.000000 0.000000 0.000000 0.000000 0.000000 0.000000 0.000000 0.000000 0.000000 0.000000 0.000000 0.000000 0.000000 0.000000 0.000000 0.000000 0.000000 0.000000 0.000000 0.000000 0.000000 0.000000 
50.000000 34.856172 21.884465 12.328560 6.231710 2.833510 1.163650 0.433693 0.147433 0.045944 0.013188 0.003502 0.000864 0.000199 0.000043 0.000009 0.000002 0.000000 0.000000 0.000000 0.000000 0.000000 0.000000 0.000000 0.000000 0.000000 0.000000 0.000000 0.000000 0.000000 0.000000 0.000000 0.000000 0.000000 0.000000 0.000000 0.000000 0.000000 0.000000 0.000000 0.000000 0.000000 0.000000 0.000000 0.000000 0.000000 0.000000 0.000000 0.000000 0.000000 
50.000000 34.856172 21.884465 12.328560 6.231710 2.833510 1.163650 0.433693 0.147433 0.045944 0.013188 0.003502 0.000864 0.000199 0.000043 0.000009 0.000002 0.000000 0.000000 0.000000 0.000000 0.000000 0.000000 0.000000 0.000000 0.000000 0.000000 0.000000 0.000000 0.000000 0.000000 0.000000 0.000000 0.000000 0.000000 0.000000 0.000000 0.000000 0.000000 0.000000 0.000000 0.000000 0.000000 0.000000 0.000000 0.000000 0.000000 0.000000 0.000000 0.000000 
50.000000 34.856172 21.884465 12.328560 6.231710 2.833510 1.163650 0.433693 0.147433 0.045944 0.013188 0.003502 0.000864 0.000199 0.000043 0.000009 0.000002 0.000000 0.000000 0.000000 0.000000 0.000000 0.000000 0.000000 0.000000 0.000000 0.000000 0.000000 0.000000 0.000000 0.000000 0.000000 0.000000 0.000000 0.000000 0.000000 0.000000 0.000000 0.000000 0.000000 0.000000 0.000000 0.000000 0.000000 0.000000 0.000000 0.000000 0.000000 0.000000 0.000000 
50.000000 34.856172 21.884465 12.328560 6.231710 2.833510 1.163650 0.433693 0.147433 0.045944 0.013188 0.003502 0.000864 0.000199 0.000043 0.000009 0.000002 0.000000 0.000000 0.000000 0.000000 0.000000 0.000000 0.000000 0.000000 0.000000 0.000000 0.000000 0.000000 0.000000 0.000000 0.000000 0.000000 0.000000 0.000000 0.000000 0.000000 0.000000 0.000000 0.000000 0.000000 0.000000 0.000000 0.000000 0.000000 0.000000 0.000000 0.000000 0.000000 0.000000 
50.000000 34.856172 21.884465 12.328560 6.231710 2.833510 1.163650 0.433693 0.147433 0.045944 0.013188 0.003502 0.000864 0.000199 0.000043 0.000009 0.000002 0.000000 0.000000 0.000000 0.000000 0.000000 0.000000 0.000000 0.000000 0.000000 0.000000 0.000000 0.000000 0.000000 0.000000 0.000000 0.000000 0.000000 0.000000 0.000000 0.000000 0.000000 0.000000 0.000000 0.000000 0.000000 0.000000 0.000000 0.000000 0.000000 0.000000 0.000000 0.000000 0.000000 
50.000000 34.856172 21.884465 12.328560 6.231710 2.833510 1.163650 0.433693 0.147433 0.045944 0.013188 0.003502 0.000864 0.000199 0.000043 0.000009 0.000002 0.000000 0.000000 0.000000 0.000000 0.000000 0.000000 0.000000 0.000000 0.000000 0.000000 0.000000 0.000000 0.000000 0.000000 0.000000 0.000000 0.000000 0.000000 0.000000 0.000000 0.000000 0.000000 0.000000 0.000000 0.000000 0.000000 0.000000 0.000000 0.000000 0.000000 0.000000 0.000000 0.000000 
50.000000 34.856172 21.884465 12.328560 6.231710 2.833510 1.163650 0.433693 0.147433 0.045944 0.013188 0.003502 0.000864 0.000199 0.000043 0.000009 0.000002 0.000000 0.000000 0.000000 0.000000 0.000000 0.000000 0.000000 0.000000 0.000000 0.000000 0.000000 0.000000 0.000000 0.000000 0.000000 0.000000 0.000000 0.000000 0.000000 0.000000 0.000000 0.000000 0.000000 0.000000 0.000000 0.000000 0.000000 0.000000 0.000000 0.000000 0.000000 0.000000 0.000000 
50.000000 34.856172 21.884465 12.328560 6.231710 2.833510 1.163650 0.433693 0.147433 0.045944 0.013188 0.003502 0.000864 0.000199 0.000043 0.000009 0.000002 0.000000 0.000000 0.000000 0.000000 0.000000 0.000000 0.000000 0.000000 0.000000 0.000000 0.000000 0.000000 0.000000 0.000000 0.000000 0.000000 0.000000 0.000000 0.000000 0.000000 0.000000 0.000000 0.000000 0.000000 0.000000 0.000000 0.000000 0.000000 0.000000 0.000000 0.000000 0.000000 0.000000 
50.000000 34.856172 21.884465 12.328560 6.231710 2.833510 1.163650 0.433693 0.147433 0.045944 0.013188 0.003502 0.000864 0.000199 0.000043 0.000009 0.000002 0.000000 0.000000 0.000000 0.000000 0.000000 0.000000 0.000000 0.000000 0.000000 0.000000 0.000000 0.000000 0.000000 0.000000 0.000000 0.000000 0.000000 0.000000 0.000000 0.000000 0.000000 0.000000 0.000000 0.000000 0.000000 0.000000 0.000000 0.000000 0.000000 0.000000 0.000000 0.000000 0.000000 
50.000000 34.856172 21.884465 12.328560 6.231710 2.833510 1.163650 0.433693 0.147433 0.045944 0.013188 0.003502 0.000864 0.000199 0.000043 0.000009 0.000002 0.000000 0.000000 0.000000 0.000000 0.000000 0.000000 0.000000 0.000000 0.000000 0.000000 0.000000 0.000000 0.000000 0.000000 0.000000 0.000000 0.000000 0.000000 0.000000 0.000000 0.000000 0.000000 0.000000 0.000000 0.000000 0.000000 0.000000 0.000000 0.000000 0.000000 0.000000 0.000000 0.000000 
50.000000 34.856172 21.884465 12.328560 6.231710 2.833510 1.163650 0.433693 0.147433 0.045944 0.013188 0.003502 0.000864 0.000199 0.000043 0.000009 0.000002 0.000000 0.000000 0.000000 0.000000 0.000000 0.000000 0.000000 0.000000 0.000000 0.000000 0.000000 0.000000 0.000000 0.000000 0.000000 0.000000 0.000000 0.000000 0.000000 0.000000 0.000000 0.000000 0.000000 0.000000 0.000000 0.000000 0.000000 0.000000 0.000000 0.000000 0.000000 0.000000 0.000000 
50.000000 34.856172 21.884465 12.328560 6.231710 2.833510 1.163650 0.433693 0.147433 0.045944 0.013188 0.003502 0.000864 0.000199 0.000043 0.000009 0.000002 0.000000 0.000000 0.000000 0.000000 0.000000 0.000000 0.000000 0.000000 0.000000 0.000000 0.000000 0.000000 0.000000 0.000000 0.000000 0.000000 0.000000 0.000000 0.000000 0.000000 0.000000 0.000000 0.000000 0.000000 0.000000 0.000000 0.000000 0.000000 0.000000 0.000000 0.000000 0.000000 0.000000 
50.000000 34.856172 21.884465 12.328560 6.231710 2.833510 1.163650 0.433693 0.147433 0.045944 0.013188 0.003502 0.000864 0.000199 0.000043 0.000009 0.000002 0.000000 0.000000 0.000000 0.000000 0.000000 0.000000 0.000000 0.000000 0.000000 0.000000 0.000000 0.000000 0.000000 0.000000 0.000000 0.000000 0.000000 0.000000 0.000000 0.000000 0.000000 0.000000 0.000000 0.000000 0.000000 0.000000 0.000000 0.000000 0.000000 0.000000 0.000000 0.000000 0.000000 
50.000000 34.856172 21.884465 12.328560 6.231710 2.833510 1.163650 0.433693 0.147433 0.045944 0.013188 0.003502 0.000864 0.000199 0.000043 0.000009 0.000002 0.000000 0.000000 0.000000 0.000000 0.000000 0.000000 0.000000 0.000000 0.000000 0.000000 0.000000 0.000000 0.000000 0.000000 0.000000 0.000000 0.000000 0.000000 0.000000 0.000000 0.000000 0.000000 0.000000 0.000000 0.000000 0.000000 0.000000 0.000000 0.000000 0.000000 0.000000 0.000000 0.000000 
50.000000 34.856173 21.884465 12.328560 6.231710 2.833510 1.163650 0.433693 0.147433 0.045944 0.013188 0.003503 0.000864 0.000199 0.000043 0.000009 0.000002 0.000001 0.000000 0.000000 0.000000 0.000000 0.000000 0.000000 0.000000 0.000000 0.000000 0.000000 0.000000 0.000000 0.000000 0.000000 0.000000 0.000000 0.000000 0.000000 0.000000 0.000000 0.000000 0.000000 0.000000 0.000000 0.000000 0.000000 0.000000 0.000000 0.000000 0.000000 0.000000 0.000000 
50.000000 34.856173 21.884466 12.328561 6.231712 2.833511 1.163652 0.433694 0.147435 0.045946 0.013189 0.003504 0.000866 0.000201 0.000044 0.000010 0.000003 0.000002 0.000002 0.000002 0.000002 0.000002 0.000002 0.000002 0.000002 0.000002 0.000002 0.000002 0.000002 0.000002 0.000002 0.000002 0.000002 0.000002 0.000002 0.000002 0.000002 0.000002 0.000002 0.000002 0.000002 0.000002 0.000002 0.000002 0.000002 0.000001 0.000001 0.000001 0.000001 0.000000 
50.000000 34.856175 21.884470 12.328566 6.231718 2.833518 1.163659 0.433701 0.147442 0.045953 0.013196 0.003511 0.000873 0.000208 0.000052 0.000017 0.000010 0.000009 0.000009 0.000009 0.000009 0.000009 0.000009 0.000009 0.000009 0.000009 0.000009 0.000009 0.000009 0.000009 0.000009 0.000009 0.000009 0.000009 0.000009 0.000009 0.000009 0.000009 0.000009 0.000009 0.000009 0.000009 0.000009 0.000009 0.000008 0.000008 0.000007 0.000005 0.000003 0.000000 
50.000000 34.856186 21.884489 12.328592 6.231748 2.833550 1.163692 0.433735 0.147476 0.045987 0.013230 0.003545 0.000907 0.000242 0.000086 0.000052 0.000044 0.000043 0.000043 0.000043 0.000043 0.000043 0.000043 0.000043 0.000043 0.000043 0.000043 0.000043 0.000043 0.000043 0.000043 0.000043 0.000043 0.000043 0.000043 0.000043 0.000043 0.000043 0.000043 0.000043 0.000043 0.000043 0.000043 0.000042 0.000041 0.000038 0.000034 0.000025 0.000014 0.000000 
50.000000 34.856233 21.884578 12.328711 6.231885 2.833698 1.163845 0.433890 0.147631 0.046143 0.013386 0.003701 0.001063 0.000398 0.000242 0.000208 0.000201 0.000199 0.000199 0.000199 0.000199 0.000199 0.000199 0.000199 0.000199 0.000199 0.000199 0.000199 0.000199 0.000199 0.000199 0.000199 0.000199 0.000199 0.000199 0.000199 0.000199 0.000199 0.000199 0.000199 0.000199 0.000199 0.000198 0.000196 0.000190 0.000179 0.000156 0.000118 0.000064 0.000000 
50.000000 34.856437 21.884955 12.329215 6.232470 2.834327 1.164495 0.434550 0.148295 0.046808 0.014052 0.004366 0.001728 0.001063 0.000907 0.000873 0.000866 0.000864 0.000864 0.000864 0.000864 0.000864 0.000864 0.000864 0.000864 0.000864 0.000864 0.000864 0.000864 0.000864 0.000864 0.000864 0.000864 0.000864 0.000864 0.000864 0.000864 0.000864 0.000864 0.000864 0.000864 0.000863 0.000859 0.000850 0.000828 0.000777 0.000680 0.000516 0.000282 0.000000 
50.000000 34.857243 21.886450 12.331215 6.234789 2.836821 1.167075 0.437167 0.150926 0.049444 0.016689 0.007004 0.004366 0.003701 0.003545 0.003511 0.003504 0.003503 0.003502 0.003502 0.003502 0.003502 0.003502 0.003502 0.003502 0.003502 0.003502 0.003502 0.003502 0.003502 0.003502 0.003502 0.003502 0.003502 0.003502 0.003502 0.003502 0.003502 0.003502 0.003502 0.003501 0.003497 0.003484 0.003448 0.003358 0.003157 0.002765 0.002102 0.001149 0.000000 
50.000000 34.860200 21.891933 12.338549 6.243295 2.845976 1.176545 0.446773 0.160584 0.059121 0.026372 0.016689 0.014052 0.013386 0.013230 0.013196 0.013189 0.013188 0.013188 0.013188 0.013188 0.013188 0.013188 0.013188 0.013188 0.013188 0.013188 0.013188 0.013188 0.013188 0.013188 0.013188 0.013188 0.013188 0.013188 0.013188 0.013188 0.013188 0.013187 0.013186 0.013182 0.013167 0.013120 0.012989 0.012659 0.011917 0.010455 0.007965 0.004362 0.000000 
50.000000 34.870187 21.910456 12.363333 6.272051 2.876928 1.208567 0.479258 0.193250 0.091849 0.059121 0.049444 0.046808 0.046143 0.045987 0.045953 0.045946 0.045944 0.045944 0.045944 0.045944 0.045944 0.045944 0.045944 0.045944 0.045944 0.045944 0.045944 0.045944 0.045944 0.045944 0.045944 0.045944 0.045944 0.045944 0.045944 0.045944 0.045944 0.045943 0.045939 0.045925 0.045875 0.045721 0.045283 0.044169 0.041644 0.036622 0.027984 0.015364 0.000000 
50.000000 34.901094 21.967788 12.440065 6.361098 2.972798 1.307766 0.579900 0.294453 0.193250 0.160584 0.150926 0.148295 0.147631 0.147476 0.147442 0.147435 0.147433 0.147433 0.147433 0.147433 0.147433 0.147433 0.147433 0.147433 0.147433 0.147433 0.147433 0.147433 0.147433 0.147433 0.147433 0.147433 0.147433 0.147433 0.147433 0.147433 0.147432 0.147429 0.147418 0.147375 0.147227 0.146761 0.145430 0.142007 0.134162 0.118354 0.090793 0.050030 0.000000 
50.000000 34.988171 22.129345 12.656337 6.612144 3.243132 1.587524 0.863753 0.579900 0.479258 0.446773 0.437167 0.434550 0.433890 0.433735 0.433701 0.433694 0.433693 0.433693 0.433693 0.433693 0.433693 0.433693 0.433693 0.433693 0.433693 0.433693 0.433693 0.433693 0.433693 0.433693 0.433693 0.433693 0.433693 0.433693 0.433693 0.433692 0.433690 0.433683 0.433652 0.433537 0.433139 0.431876 0.428230 0.418731 0.396641 0.351378 0.271029 0.150134 0.000000 
50.000000 35.209979 22.540941 13.207453 7.252016 3.932292 2.300802 1.587524 1.307766 1.208567 1.176545 1.167075 1.164495 1.163845 1.163692 1.163659 1.163652 1.163650 1.163650 1.163650 1.163650 1.163650 1.163650 1.163650 1.163650 1.163650 1.163650 1.163650 1.163650 1.163650 1.163650 1.163650 1.163650 1.163650 1.163650 1.163650 1.163649 1.163645 1.163627 1.163555 1.163284 1.162335 1.159294 1.150401 1.126872 1.071119 0.954331 0.741850 0.414207 0.000000 
50.000000 35.716886 23.481721 14.467396 8.715173 5.508429 3.932292 3.243132 2.972798 2.876928 2.845976 2.836821 2.834327 2.833698 2.833550 2.833518 2.833511 2.833510 2.833510 2.833510 2.833510 2.833510 2.833510 2.833510 2.833510 2.833510 2.833510 2.833510 2.833510 2.833510 2.833510 2.833510 2.833510 2.833510 2.833510 2.833509 2.833508 2.833499 2.833464 2.833317 2.832759 2.830791 2.824401 2.805420 2.754214 2.629918 2.361805 1.857019 1.049943 0.000000 
50.000000 36.747533 25.394785 17.029944 11.691593 8.715173 7.252016 6.612144 6.361098 6.272051 6.243295 6.234789 6.232470 6.231885 6.231748 6.231718 6.231712 6.231710 6.231710 6.231710 6.231710 6.231710 6.231710 6.231710 6.231710 6.231710 6.231710 6.231710 6.231710 6.231710 6.231710 6.231710 6.231710 6.231710 6.231710 6.231709 6.231707 6.231693 6.231632 6.231379 6.230406 6.226936 6.215503 6.180896 6.085255 5.845797 5.308557 4.246759 2.452284 0.000000 
50.000000 38.595233 28.824850 21.625250 17.029944 14.467396 13.207453 12.656337 12.440065 12.363333 12.338549 12.331215 12.329215 12.328711 12.328592 12.328566 12.328561 12.328560 12.328560 12.328560 12.328560 12.328560 12.328560 12.328560 12.328560 12.328560 12.328560 12.328560 12.328560 12.328560 12.328560 12.328560 12.328560 12.328560 12.328560 12.328559 12.328555 12.328535 12.328450 12.328094 12.326711 12.321711 12.304959 12.253122 12.105591 11.721387 10.812625 8.886180 5.329489 0.000000 
50.000000 41.489431 34.198143 28.824850 25.394785 23.481721 22.540941 22.129345 21.967788 21.910456 21.891933 21.886450 21.884955 21.884578 21.884489 21.884470 21.884466 21.884465 21.884465 21.884465 21.884465 21.884465 21.884465 21.884465 21.884465 21.884465 21.884465 21.884465 21.884465 21.884465 21.884465 21.884465 21.884465 21.884465 21.884464 21.884464 21.884459 21.884439 21.884348 21.883967 21.882472 21.876995 21.858316 21.799090 21.624703 21.148025 19.938671 17.099071 11.025991 0.000000 
50.000000 45.416449 41.489431 38.595233 36.747533 35.716886 35.209979 34.988171 34.901094 34.870187 34.860200 34.857243 34.856437 34.856233 34.856186 34.856175 34.856173 34.856173 34.856172 34.856172 34.856172 34.856172 34.856172 34.856172 34.856172 34.856172 34.856172 34.856172 34.856172 34.856172 34.856172 34.856172 34.856172 34.856172 34.856172 34.856172 34.856169 34.856155 34.856095 34.855838 34.854823 34.851064 34.838037 34.795772 34.666944 34.295248 33.265744 30.463440 22.708225 0.000000 
50.000000 50.000000 50.000000 50.000000 50.000000 50.000000 50.000000 50.000000 50.000000 50.000000 50.000000 50.000000 50.000000 50.000000 50.000000 50.000000 50.000000 50.000000 50.000000 50.000000 50.000000 50.000000 50.000000 50.000000 50.000000 50.000000 50.000000 50.000000 50.000000 50.000000 50.000000 50.000000 50.000000 50.000000 50.000000 50.000000 50.000000 50.000000 50.000000 50.000000 50.000000 50.000000 50.000000 50.000000 50.000000 50.000000 50.000000 50.000000 50.000000 50.000000 
