50.000000 50.000000 50.000000 50.000000 50.000000 50.000000 50.000000 50.000000 50.000000 50.000000 50.000000 50.000000 50.000000 50.000000 50.000000 50.000000 50.000000 50.000000 50.000000 50.000000 50.000000 50.000000 50.000000 50.000000 50.000000 50.000000 50.000000 50.000000 50.000000 50.000000 50.000000 50.000000 50.000000 50.000000 50.000000 50.000000 50.000000 50.000000 50.000000 50.000000 50.000000 50.000000 50.000000 50.000000 50.000000 50.000000 50.000000 50.000000 50.000000 50.000000 
50.000000 47.420027 45.048688 43.044134 41.483852 40.363697 39.620436 39.163542 38.902684 38.763991 38.695136 38.663134 38.649172 38.643440 38.641221 38.640408 38.640126 38.640033 38.640004 38.639996 38.639993 38.639992 38.639992 38.639992 38.639992 38.639992 38.639992 38.639992 38.639992 38.639992 38.639992 38.639992 38.639990 38.639985 38.639966 38.639906 38.639721 38.639176 38.637644 38.633526 38.622937 38.596851 38.535104 38.393941 38.079651 37.389073 35.860873 32.354841 23.710013 0.000000 
50.000000 45.048688 40.497800 36.650860 33.656574 31.506969 30.080672 29.203932 28.703386 28.437265 28.305154 28.243754 28.216968 28.205973 28.201715 28.200156 28.199615 28.199437 28.199381 28.199365 28.199360 28.199359 28.199358 28.199358 28.199358 28.199358 28.199358 28.199358 28.199358 28.199358 28.199358 28.199357 28.199354 28.199345 28.199313 28.199210 28.198893 28.197964 28.195361 28.188405 28.170654 28.127382 28.026470 27.800809 27.315164 26.304637 24.262172 20.248900 12.693847 0.000000 
50.000000 43.044134 36.650860 31.246615 27.040301 24.020679 22.017192 20.785714 20.082679 19.708924 19.523392 19.437170 19.399558 19.384119 19.378141 19.375953 19.375194 19.374944 19.374866 19.374842 19.374836 19.374834 19.374833 19.374833 19.374833 19.374833 19.374833 19.374833 19.374833 19.374833 19.374833 19.374832 19.374829 19.374818 19.374780 19.374660 19.374291 19.373217 19.370228 19.362299 19.342278 19.294142 19.183978 18.943946 18.445996 17.463145 15.623308 12.388688 7.183260 0.000000 
50.000000 41.483852 33.656574 27.040301 21.890780 18.194197 15.741672 14.234270 13.373767 12.916329 12.689275 12.583764 12.537742 12.518852 12.511539 12.508862 12.507934 12.507628 12.507533 12.507504 12.507496 12.507494 12.507493 12.507493 12.507493 12.507493 12.507493 12.507493 12.507493 12.507493 12.507493 12.507492 12.507489 12.507478 12.507442 12.507329 12.506983 12.505981 12.503210 12.495932 12.477762 12.434726 12.338127 12.132961 11.721537 10.945390 9.577156 7.351937 4.094779 0.000000 
50.000000 40.363697 31.506969 24.020679 18.194197 14.011830 11.237146 9.531832 8.558415 8.040989 7.784180 7.664851 7.612807 7.591447 7.583179 7.580153 7.579103 7.578758 7.578649 7.578617 7.578608 7.578605 7.578605 7.578605 7.578605 7.578605 7.578605 7.578605 7.578605 7.578605 7.578604 7.578604 7.578601 7.578592 7.578564 7.578472 7.578194 7.577392 7.575196 7.569477 7.555368 7.522433 7.449851 7.299228 7.005915 6.472660 5.574683 4.191806 2.284047 0.000000 
50.000000 39.620436 30.080672 22.017192 15.741672 11.237146 8.248870 6.412381 5.364149 4.806992 4.530482 4.402010 4.345982 4.322989 4.314089 4.310832 4.309703 4.309331 4.309215 4.309180 4.309170 4.309167 4.309167 4.309166 4.309166 4.309166 4.309166 4.309166 4.309166 4.309166 4.309166 4.309166 4.309164 4.309158 4.309137 4.309071 4.308874 4.308310 4.306773 4.302811 4.293141 4.270872 4.222602 4.124435 3.937918 3.608711 3.073246 2.279863 1.226495 0.000000 
50.000000 39.163542 29.203932 20.785714 14.234270 9.531832 6.412381 4.495359 3.401214 2.819686 2.531097 2.397021 2.338553 2.314561 2.305274 2.301876 2.300698 2.300310 2.300189 2.300153 2.300142 2.300139 2.300139 2.300138 2.300138 2.300138 2.300138 2.300138 2.300138 2.300138 2.300138 2.300138 2.300137 2.300133 2.300119 2.300078 2.299952 2.299595 2.298631 2.296163 2.290204 2.276646 2.247680 2.189779 2.081981 1.896143 1.601736 1.177462 0.628439 0.000000 
50.000000 38.902684 28.703386 20.082679 13.373767 8.558415 5.364149 3.401214 2.280906 1.685495 1.390030 1.252765 1.192910 1.168350 1.158844 1.155366 1.154160 1.153763 1.153639 1.153602 1.153591 1.153588 1.153587 1.153587 1.153587 1.153587 1.153587 1.153587 1.153587 1.153587 1.153587 1.153587 1.153586 1.153584 1.153576 1.153552 1.153479 1.153274 1.152724 1.151326 1.147981 1.140453 1.124569 1.093276 1.035982 0.939041 0.788537 0.576004 0.305833 0.000000 
50.000000 38.763991 28.437265 19.708924 12.916329 8.040989 4.806992 2.819686 1.685495 1.082722 0.783613 0.644660 0.584070 0.559209 0.549588 0.546067 0.544847 0.544445 0.544319 0.544282 0.544271 0.544268 0.544267 0.544267 0.544267 0.544267 0.544267 0.544267 0.544267 0.544267 0.544267 0.544267 0.544267 0.544265 0.544261 0.544248 0.544210 0.544102 0.543813 0.543087 0.541361 0.537513 0.529482 0.513851 0.485622 0.438567 0.366646 0.266610 0.141054 0.000000 
50.000000 38.695136 28.305154 19.523392 12.689275 7.784180 4.530482 2.531097 1.390030 0.783613 0.482701 0.342913 0.281960 0.256951 0.247272 0.243731 0.242503 0.242099 0.241973 0.241935 0.241924 0.241921 0.241920 0.241920 0.241920 0.241920 0.241920 0.241920 0.241920 0.241920 0.241920 0.241920 0.241920 0.241919 0.241917 0.241911 0.241892 0.241840 0.241700 0.241351 0.240527 0.238704 0.234934 0.227672 0.214703 0.193343 0.161093 0.116749 0.061610 0.000000 
50.000000 38.663134 28.243754 19.437170 12.583764 7.664851 4.402010 2.397021 1.252765 0.644660 0.342913 0.202738 0.141618 0.116540 0.106835 0.103284 0.102053 0.101648 0.101521 0.101483 0.101472 0.101469 0.101469 0.101468 0.101468 0.101468 0.101468 0.101468 0.101468 0.101468 0.101468 0.101468 0.101468 0.101468 0.101467 0.101464 0.101456 0.101432 0.101369 0.101213 0.100846 0.100042 0.098390 0.095236 0.089656 0.080553 0.066942 0.048393 0.025490 0.000000 
50.000000 38.649172 28.216968 19.399558 12.537742 7.612807 4.345982 2.338553 1.192910 0.584070 0.281960 0.141618 0.080424 0.055317 0.045601 0.042045 0.040813 0.040407 0.040280 0.040242 0.040232 0.040229 0.040228 0.040228 0.040228 0.040228 0.040228 0.040228 0.040228 0.040228 0.040228 0.040228 0.040228 0.040227 0.040227 0.040226 0.040222 0.040212 0.040186 0.040121 0.039968 0.039636 0.038958 0.037672 0.035414 0.031761 0.026341 0.019005 0.009996 0.000000 
50.000000 38.643440 28.205973 19.384119 12.518852 7.591447 4.322989 2.314561 1.168350 0.559209 0.256951 0.116540 0.055317 0.030198 0.020477 0.016920 0.015687 0.015281 0.015154 0.015116 0.015105 0.015102 0.015101 0.015101 0.015101 0.015101 0.015101 0.015101 0.015101 0.015101 0.015101 0.015101 0.015101 0.015101 0.015101 0.015100 0.015099 0.015095 0.015085 0.015059 0.015000 0.014870 0.014608 0.014115 0.013254 0.011869 0.009828 0.007080 0.003720 0.000000 
50.000000 38.641221 28.201715 19.378141 12.511539 7.583179 4.314089 2.305274 1.158844 0.549588 0.247272 0.106835 0.045601 0.020477 0.010753 0.007196 0.005963 0.005557 0.005430 0.005392 0.005381 0.005378 0.005377 0.005377 0.005377 0.005377 0.005377 0.005377 0.005377 0.005377 0.005377 0.005377 0.005377 0.005377 0.005377 0.005377 0.005376 0.005375 0.005371 0.005361 0.005340 0.005292 0.005197 0.005018 0.004707 0.004210 0.003482 0.002505 0.001315 0.000000 
50.000000 38.640408 28.200156 19.375953 12.508862 7.580153 4.310832 2.301876 1.155366 0.546067 0.243731 0.103284 0.042045 0.016920 0.007196 0.003638 0.002405 0.001999 0.001872 0.001834 0.001823 0.001820 0.001819 0.001819 0.001819 0.001819 0.001819 0.001819 0.001819 0.001819 0.001819 0.001819 0.001819 0.001819 0.001819 0.001819 0.001819 0.001818 0.001817 0.001814 0.001806 0.001790 0.001757 0.001695 0.001589 0.001420 0.001173 0.000843 0.000442 0.000000 
50.000000 38.640126 28.199615 19.375194 12.507934 7.579103 4.309703 2.300698 1.154160 0.544847 0.242503 0.102053 0.040813 0.015687 0.005963 0.002405 0.001171 0.000766 0.000638 0.000600 0.000590 0.000587 0.000586 0.000586 0.000586 0.000586 0.000586 0.000586 0.000586 0.000586 0.000586 0.000586 0.000586 0.000586 0.000586 0.000586 0.000586 0.000585 0.000585 0.000584 0.000581 0.000576 0.000565 0.000545 0.000511 0.000456 0.000376 0.000270 0.000142 0.000000 
50.000000 38.640033 28.199437 19.374944 12.507628 7.578758 4.309331 2.300310 1.153763 0.544445 0.242099 0.101648 0.040407 0.015281 0.005557 0.001999 0.000766 0.000360 0.000232 0.000195 0.000184 0.000181 0.000180 0.000180 0.000180 0.000180 0.000180 0.000180 0.000180 0.000180 0.000180 0.000180 0.000180 0.000180 0.000180 0.000180 0.000180 0.000180 0.000180 0.000179 0.000178 0.000177 0.000173 0.000167 0.000157 0.000140 0.000115 0.000083 0.000043 0.000000 
50.000000 38.640004 28.199381 19.374866 12.507533 7.578649 4.309215 2.300189 1.153639 0.544319 0.241973 0.101521 0.040280 0.015154 0.005430 0.001872 0.000638 0.000232 0.000105 0.000067 0.000057 0.000054 0.000053 0.000053 0.000053 0.000053 0.000053 0.000053 0.000053 0.000053 0.000053 0.000053 0.000053 0.000053 0.000053 0.000053 0.000053 0.000053 0.000053 0.000053 0.000052 0.000052 0.000051 0.000049 0.000046 0.000041 0.000034 0.000024 0.000013 0.000000 
50.000000 38.639996 28.199365 19.374842 12.507504 7.578617 4.309180 2.300153 1.153602 0.544282 0.241935 0.101483 0.040242 0.015116 0.005392 0.001834 0.000600 0.000195 0.000067 0.000030 0.000019 0.000016 0.000015 0.000015 0.000015 0.000015 0.000015 0.000015 0.000015 0.000015 0.000015 0.000015 0.000015 0.000015 0.000015 0.000015 0.000015 0.000015 0.000015 0.000015 0.000015 0.000015 0.000014 0.000014 0.000013 0.000011 0.000009 0.000007 0.000004 0.000000 
50.000000 38.639993 28.199360 19.374836 12.507496 7.578608 4.309170 2.300142 1.153591 0.544271 0.241924 0.101472 0.040232 0.015105 0.005381 0.001823 0.000590 0.000184 0.000057 0.000019 0.000008 0.000005 0.000004 0.000004 0.000004 0.000004 0.000004 0.000004 0.000004 0.000004 0.000004 0.000004 0.000004 0.000004 0.000004 0.000004 0.000004 0.000004 0.000004 0.000004 0.000004 0.000004 0.000004 0.000004 0.000003 0.000003 0.000003 0.000002 0.000001 0.000000 
50.000000 38.639992 28.199359 19.374834 12.507494 7.578605 4.309167 2.300139 1.153588 0.544268 0.241921 0.101469 0.040229 0.015102 0.005378 0.001820 0.000587 0.000181 0.000054 0.000016 0.000005 0.000002 0.000001 0.000001 0.000001 0.000001 0.000001 0.000001 0.000001 0.000001 0.000001 0.000001 0.000001 0.000001 0.000001 0.000001 0.000001 0.000001 0.000001 0.000001 0.000001 0.000001 0.000001 0.000001 0.000001 0.000001 0.000001 0.000000 0.000000 0.000000 
50.000000 38.639992 28.199358 19.374833 12.507493 7.578605 4.309167 2.300139 1.153587 0.544267 0.241920 0.101469 0.040228 0.015101 0.005377 0.001819 0.000586 0.000180 0.000053 0.000015 0.000004 0.000001 0.000001 0.000000 0.000000 0.000000 0.000000 0.000000 0.000000 0.000000 0.000000 0.000000 0.000000 0.000000 0.000000 0.000000 0.000000 0.000000 0.000000 0.000000 0.000000 0.000000 0.000000 0.000000 0.000000 0.000000 0.000000 0.000000 0.000000 0.000000 
50.000000 38.639992 28.199358 19.374833 12.507493 7.578605 4.309166 2.300138 1.153587 0.544267 0.241920 0.101468 0.040228 0.015101 0.005377 0.001819 0.000586 0.000180 0.000053 0.000015 0.000004 0.000001 0.000000 0.000000 0.000000 0.000000 0.000000 0.000000 0.000000 0.000000 0.000000 0.000000 0.000000 0.000000 0.000000 0.000000 0.000000 0.000000 0.000000 0.000000 0.000000 0.000000 0.000000 0.000000 0.000000 0.000000 0.000000 0.000000 0.000000 0.000000 
50.000000 38.639992 28.199358 19.374833 12.507493 7.578605 4.309166 2.300138 1.153587 0.544267 0.241920 0.101468 0.040228 0.015101 0.005377 0.001819 0.000586 0.000180 0.000053 0.000015 0.000004 0.000001 0.000000 0.000000 0.000000 0.000000 0.000000 0.000000 0.000000 0.000000 0.000000 0.000000 0.000000 0.000000 0.000000 0.000000 0.000000 0.000000 0.000000 0.000000 0.000000 0.000000 0.000000 0.000000 0.000000 0.000000 0.000000 0.000000 0.000000 0.000000 
50.000000 38.639992 28.199358 19.374833 12.507493 7.578605 4.309166 2.300138 1.153587 0.544267 0.241920 0.101468 0.040228 0.015101 0.005377 0.001819 0.000586 0.000180 0.000053 0.000015 0.000004 0.000001 0.000000 0.000000 0.000000 0.000000 0.000000 0.000000 0.000000 0.000000 0.000000 0.000000 0.000000 0.000000 0.000000 0.000000 0.000000 0.000000 0.000000 0.000000 0.000000 0.000000 0.000000 0.000000 0.000000 0.000000 0.000000 0.000000 0.000000 0.000000 
50.000000 38.639992 28.199358 19.374833 12.507493 7.578605 4.309166 2.300138 1.153587 0.544267 0.241920 0.101468 0.040228 0.015101 0.005377 0.001819 0.000586 0.000180 0.000053 0.000015 0.000004 0.000001 0.000000 0.000000 0.000000 0.000000 0.000000 0.000000 0.000000 0.000000 0.000000 0.000000 0.000000 0.000000 0.000000 0.000000 0.000000 0.000000 0.000000 0.000000 0.000000 0.000000 0.000000 0.000000 0.000000 0.000000 0.000000 0.000000 0.000000 0.000000 
50.000000 38.639992 28.199358 19.374833 12.507493 7.578605 4.309167 2.300139 1.153587 0.544267 0.241920 0.101469 0.040228 0.015101 0.005377 0.001819 0.000586 0.000180 0.000053 0.000015 0.000004 0.000001 0.000001 0.000000 0.000000 0.000000 0.000000 0.000000 0.000000 0.000000 0.000000 0.000000 0.000000 0.000000 0.000000 0.000000 0.000000 0.000000 0.000000 0.000000 0.000000 0.000000 0.000000 0.000000 0.000000 0.000000 0.000000 0.000000 0.000000 0.000000 
50.000000 38.639992 28.199359 19.374834 12.507494 7.578605 4.309167 2.300139 1.153588 0.544268 0.241921 0.101469 0.040229 0.015102 0.005378 0.001820 0.000587 0.000181 0.000054 0.000016 0.000005 0.000002 0.000001 0.000001 0.000001 0.000001 0.000001 0.000001 0.000001 0.000001 0.000001 0.000001 0.000001 0.000001 0.000001 0.000001 0.000001 0.000001 0.000001 0.000001 0.000001 0.000001 0.000001 0.000001 0.000001 0.000001 0.000001 0.000000 0.000000 0.000000 
50.000000 38.639993 28.199360 19.374836 12.507496 7.578608 4.309170 2.300142 1.153591 0.544271 0.241924 0.101472 0.040232 0.015105 0.005381 0.001823 0.000590 0.000184 0.000057 0.000019 0.000008 0.000005 0.000004 0.000004 0.000004 0.000004 0.000004 0.000004 0.000004 0.000004 0.000004 0.000004 0.000004 0.000004 0.000004 0.000004 0.000004 0.000004 0.000004 0.000004 0.000004 0.000004 0.000004 0.000004 0.000003 0.000003 0.000003 0.000002 0.000001 0.000000 
50.000000 38.639996 28.199365 19.374842 12.507504 7.578617 4.309180 2.300153 1.153602 0.544282 0.241935 0.101483 0.040242 0.015116 0.005392 0.001834 0.000600 0.000195 0.000067 0.000030 0.000019 0.000016 0.000015 0.000015 0.000015 0.000015 0.000015 0.000015 0.000015 0.000015 0.000015 0.000015 0.000015 0.000015 0.000015 0.000015 0.000015 0.000015 0.000015 0.000015 0.000015 0.000015 0.000014 0.000014 0.000013 0.000011 0.000009 0.000007 0.000004 0.000000 
50.000000 38.640004 28.199381 19.374866 12.507533 7.578649 4.309215 2.300189 1.153639 0.544319 0.241973 0.101521 0.040280 0.015154 0.005430 0.001872 0.000638 0.000232 0.000105 0.000067 0.000057 0.000054 0.000053 0.000053 0.000053 0.000053 0.000053 0.000053 0.000053 0.000053 0.000053 0.000053 0.000053 0.000053 0.000053 0.000053 0.000053 0.000053 0.000053 0.000053 0.000052 0.000052 0.000051 0.000049 0.000046 0.000041 0.000034 0.000024 0.000013 0.000000 
50.000000 38.640033 28.199437 19.374944 12.507628 7.578758 4.309331 2.300310 1.153763 0.544445 0.242099 0.101648 0.040407 0.015281 0.005557 0.001999 0.000766 0.000360 0.000232 0.000195 0.000184 0.000181 0.000180 0.000180 0.000180 0.000180 0.000180 0.000180 0.000180 0.000180 0.000180 0.000180 0.000180 0.000180 0.000180 0.000180 0.000180 0.000180 0.000180 0.000179 0.000178 0.000177 0.000173 0.000167 0.000157 0.000140 0.000115 0.000083 0.000043 0.000000 
50.000000 38.640126 28.199615 19.375194 12.507934 7.579103 4.309703 2.300698 1.154160 0.544847 0.242503 0.102053 0.040813 0.015687 0.005963 0.002405 0.001171 0.000766 0.000638 0.000600 0.000590 0.000587 0.000586 0.000586 0.000586 0.000586 0.000586 0.000586 0.000586 0.000586 0.000586 0.000586 0.000586 0.000586 0.000586 0.000586 0.000586 0.000585 0.000585 0.000584 0.000581 0.000576 0.000565 0.000545 0.000511 0.000456 0.000376 0.000270 0.000142 0.000000 
50.000000 38.640408 28.200156 19.375953 12.508862 7.580153 4.310832 2.301876 1.155366 0.546067 0.243731 0.103284 0.042045 0.016920 0.007196 0.003638 0.002405 0.001999 0.001872 0.001834 0.001823 0.001820 0.001819 0.001819 0.001819 0.001819 0.001819 0.001819 0.001819 0.001819 0.001819 0.001819 0.001819 0.001819 0.001819 0.001819 0.001819 0.001818 0.001817 0.001814 0.001806 0.001790 0.001757 0.001695 0.001589 0.001420 0.001173 0.000843 0.000442 0.000000 
50.000000 38.641221 28.201715 19.378141 12.511539 7.583179 4.314089 2.305274 1.158844 0.549588 0.247272 0.106835 0.045601 0.020477 0.010753 0.007196 0.005963 0.005557 0.005430 0.005392 0.005381 0.005378 0.005377 0.005377 0.005377 0.005377 0.005377 0.005377 0.005377 0.005377 0.005377 0.005377 0.005377 0.005377 0.005377 0.005377 0.005376 0.005375 0.005371 0.005361 0.005340 0.005292 0.005197 0.005018 0.004707 0.004210 0.003482 0.002505 0.001315 0.000000 
50.000000 38.643440 28.205973 19.384119 12.518852 7.591447 4.322989 2.314561 1.168350 0.559209 0.256951 0.116540 0.055317 0.030198 0.020477 0.016920 0.015687 0.015281 0.015154 0.015116 0.015105 0.015102 0.015101 0.015101 0.015101 0.015101 0.015101 0.015101 0.015101 0.015101 0.015101 0.015101 0.015101 0.015101 0.015101 0.015100 0.015099 0.015095 0.015085 0.015059 0.015000 0.014870 0.014608 0.014115 0.013254 0.011869 0.009828 0.007080 0.003720 0.000000 
50.000000 38.649172 28.216968 19.399558 12.537742 7.612807 4.345982 2.338553 1.192910 0.584070 0.281960 0.141618 0.080424 0.055317 0.045601 0.042045 0.040813 0.040407 0.040280 0.040242 0.040232 0.040229 0.040228 0.040228 0.040228 0.040228 0.040228 0.040228 0.040228 0.040228 0.040228 0.040228 0.040228 0.040227 0.040227 0.040226 0.040222 0.040212 0.040186 0.040121 0.039968 0.039636 0.038958 0.037672 0.035414 0.031761 0.026341 0.019005 0.009996 0.000000 
50.000000 38.663134 28.243754 19.437170 12.583764 7.664851 4.402010 2.397021 1.252765 0.644660 0.342913 0.202738 0.141618 0.116540 0.106835 0.103284 0.102053 0.101648 0.101521 0.101483 0.101472 0.101469 0.101469 0.101468 0.101468 0.101468 0.101468 0.101468 0.101468 0.101468 0.101468 0.101468 0.101468 0.101468 0.101467 0.101464 0.101456 0.101432 0.101369 0.101213 0.100846 0.100042 0.098390 0.095236 0.089656 0.080553 0.066942 0.048393 0.025490 0.000000 
50.000000 38.695136 28.305154 19.523392 12.689275 7.784180 4.530482 2.531097 1.390030 0.783613 0.482701 0.342913 0.281960 0.256951 0.247272 0.243731 0.242503 0.242099 0.241973 0.241935 0.241924 0.241921 0.241920 0.241920 0.241920 0.241920 0.241920 0.241920 0.241920 0.241920 0.241920 0.241920 0.241920 0.241919 0.241917 0.241911 0.241892 0.241840 0.241700 0.241351 0.240527 0.238704 0.234934 0.227672 0.214703 0.193343 0.161093 0.116749 0.061610 0.000000 
50.000000 38.763991 28.437265 19.708924 12.916329 8.040989 4.806992 2.819686 1.685495 1.082722 0.783613 0.644660 0.584070 0.559209 0.549588 0.546067 0.544847 0.544445 0.544319 0.544282 0.544271 0.544268 0.544267 0.544267 0.544267 0.544267 0.544267 0.544267 0.544267 0.544267 0.544267 0.544267 0.544267 0.544265 0.544261 0.544248 0.544210 0.544102 0.543813 0.543087 0.541361 0.537513 0.529482 0.513851 0.485622 0.438567 0.366646 0.266610 0.141054 0.000000 
50.000000 38.902684 28.703386 20.082679 13.373767 8.558415 5.364149 3.401214 2.280906 1.685495 1.390030 1.252765 1.192910 1.168350 1.158844 1.155366 1.154160 1.153763 1.153639 1.153602 1.153591 1.153588 1.153587 1.153587 1.153587 1.153587 1.153587 1.153587 1.153587 1.153587 1.153587 1.153587 1.153586 1.153584 1.153576 1.153552 1.153479 1.153274 1.152724 1.151326 1.147981 1.140453 1.124569 1.093276 1.035982 0.939041 0.788537 0.576004 0.305833 0.000000 
50.000000 39.163542 29.203932 20.785714 14.234270 9.531832 6.412381 4.495359 3.401214 2.819686 2.531097 2.397021 2.338553 2.314561 2.305274 2.301876 2.300698 2.300310 2.300189 2.300153 2.300142 2.300139 2.300139 2.300138 2.300138 2.300138 2.300138 2.300138 2.300138 2.300138 2.300138 2.300138 2.300137 2.300133 2.300119 2.300078 2.299952 2.299595 2.298631 2.296163 2.290204 2.276646 2.247680 2.189779 2.081981 1.896143 1.601736 1.177462 0.628439 0.000000 
50.000000 39.620436 30.080672 22.017192 15.741672 11.237146 8.248870 6.412381 5.364149 4.806992 4.530482 4.402010 4.345982 4.322989 4.314089 4.310832 4.309703 4.309331 4.309215 4.309180 4.309170 4.309167 4.309167 4.309166 4.309166 4.309166 4.309166 4.309166 4.309166 4.309166 4.309166 4.309166 4.309164 4.309158 4.309137 4.309071 4.308874 4.308310 4.306773 4.302811 4.293141 4.270872 4.222602 4.124435 3.937918 3.608711 3.073246 2.279863 1.226495 0.000000 
50.000000 40.363697 31.506969 24.020679 18.194197 14.011830 11.237146 9.531832 8.558415 8.040989 7.784180 7.664851 7.612807 7.591447 7.583179 7.580153 7.579103 7.578758 7.578649 7.578617 7.578608 7.578605 7.578605 7.578605 7.578605 7.578605 7.578605 7.578605 7.578605 7.578605 7.578604 7.578604 7.578601 7.578592 7.578564 7.578472 7.578194 7.577392 7.575196 7.569477 7.555368 7.522433 7.449851 7.299228 7.005915 6.472660 5.574683 4.191806 2.284047 0.000000 
50.000000 41.483852 33.656574 27.040301 21.890780 18.194197 15.741672 14.234270 13.373767 12.916329 12.689275 12.583764 12.537742 12.518852 12.511539 12.508862 12.507934 12.507628 12.507533 12.507504 12.507496 12.507494 12.507493 12.507493 12.507493 12.507493 12.507493 12.507493 12.507493 12.507493 12.507493 12.507492 12.507489 12.507478 12.507442 12.507329 12.506983 12.505981 12.503210 12.495932 12.477762 12.434726 12.338127 12.132961 11.721537 10.945390 9.577156 7.351937 4.094779 0.000000 
50.000000 43.044134 36.650860 31.246615 27.040301 24.020679 22.017192 20.785714 20.082679 19.708924 19.523392 19.437170 19.399558 19.384119 19.378141 19.375953 19.375194 19.374944 19.374866 19.374842 19.374836 19.374834 19.374833 19.374833 19.374833 19.374833 19.374833 19.374833 19.374833 19.374833 19.374833 19.374832 19.374829 19.374818 19.374780 19.374660 19.374291 19.373217 19.370228 19.362299 19.342278 19.294142 19.183978 18.943946 18.445996 17.463145 15.623308 12.388688 7.183260 0.000000 
50.000000 45.048688 40.497800 36.650860 33.656574 31.506969 30.080672 29.203932 28.703386 28.437265 28.305154 28.243754 28.216968 28.205973 28.201715 28.200156 28.199615 28.199437 28.199381 28.199365 28.199360 28.199359 28.199358 28.199358 28.199358 28.199358 28.199358 28.199358 28.199358 28.199358 28.199358 28.199357 28.199354 28.199345 28.199313 28.199210 28.198893 28.197964 28.195361 28.188405 28.170654 28.127382 28.026470 27.800809 27.315164 26.304637 24.262172 20.248900 12.693847 0.000000 
50.000000 47.420027 45.048688 43.044134 41.483852 40.363697 39.620436 39.163542 38.902684 38.763991 38.695136 38.663134 38.649172 38.643440 38.641221 38.640408 38.640126 38.640033 38.640004 38.639996 38.639993 38.639992 38.639992 38.639992 38.639992 38.639992 38.639992 38.639992 38.639992 38.639992 38.639992 38.639992 38.639990 38.639985 38.639966 38.639906 38.639721 38.639176 38.637644 38.633526 38.622937 38.596851 38.535104 38.393941 38.079651 37.389073 35.860873 32.354841 23.710013 0.000000 
50.000000 50.000000 50.000000 50.000000 50.000000 50.000000 50.000000 50.000000 50.000000 50.000000 50.000000 50.000000 50.000000 50.000000 50.000000 50.000000 50.000000 50.000000 50.000000 50.000000 50.000000 50.000000 50.000000 50.000000 50.000000 50.000000 50.000000 50.000000 50.000000 50.000000 50.000000 50.000000 50.000000 50.000000 50.000000 50.000000 50.000000 50.000000 50.000000 50.000000 50.000000 50.000000 50.000000 50.000000 50.000000 50.000000 50.000000 50.000000 50.000000 50.000000 
