50.000000 50.000000 50.000000 50.000000 50.000000 50.000000 50.000000 50.000000 50.000000 50.000000 50.000000 50.000000 50.000000 50.000000 50.000000 50.000000 50.000000 50.000000 50.000000 50.000000 50.000000 50.000000 50.000000 50.000000 50.000000 50.000000 50.000000 50.000000 50.000000 50.000000 50.000000 50.000000 50.000000 50.000000 50.000000 50.000000 50.000000 50.000000 50.000000 50.000000 50.000000 50.000000 50.000000 50.000000 50.000000 50.000000 50.000000 50.000000 50.000000 50.000000 
50.000000 45.252805 41.209642 38.263530 36.412605 35.400483 34.913999 34.706484 34.627226 34.599902 34.591337 34.588881 34.588232 34.588074 34.588038 34.588030 34.588028 34.588028 34.588028 34.588028 34.588028 34.588028 34.588028 34.588028 34.588028 34.588028 34.588028 34.588028 34.588028 34.588028 34.588028 34.588028 34.588028 34.588028 34.588028 34.588028 34.588026 34.588015 34.587967 34.587759 34.586907 34.583661 34.572100 34.533614 34.413523 34.059781 33.062757 30.311707 22.626403 0.000000 
50.000000 41.209642 33.723226 28.268546 24.841948 22.968460 22.068090 21.684092 21.537456 21.486913 21.471073 21.466531 21.465332 21.465039 21.464972 21.464958 21.464955 21.464955 21.464955 21.464955 21.464955 21.464955 21.464955 21.464955 21.464955 21.464955 21.464955 21.464955 21.464955 21.464955 21.464955 21.464955 21.464955 21.464955 21.464955 21.464954 21.464951 21.464936 21.464865 21.464558 21.463318 21.458642 21.442250 21.388926 21.228191 20.779580 19.621025 16.861613 10.897934 0.000000 
50.000000 38.263530 28.268546 20.986825 16.413135 13.912913 12.711587 12.199348 12.003789 11.936400 11.915287 11.909233 11.907636 11.907246 11.907157 11.907139 11.907135 11.907134 11.907134 11.907134 11.907134 11.907134 11.907134 11.907134 11.907134 11.907134 11.907134 11.907134 11.907134 11.907134 11.907134 11.907134 11.907134 11.907134 11.907134 11.907133 11.907130 11.907116 11.907051 11.906769 11.905640 11.901441 11.886978 11.841053 11.707211 11.351169 10.493412 8.647521 5.200773 0.000000 
50.000000 36.412605 24.841948 16.413135 11.119699 8.226530 6.836679 6.244187 6.018044 5.940135 5.915732 5.908738 5.906893 5.906442 5.906340 5.906318 5.906314 5.906313 5.906313 5.906313 5.906313 5.906313 5.906313 5.906313 5.906313 5.906313 5.906313 5.906313 5.906313 5.906313 5.906313 5.906313 5.906313 5.906313 5.906313 5.906313 5.906311 5.906301 5.906255 5.906059 5.905281 5.902426 5.892752 5.862694 5.777596 5.559849 5.061966 4.062368 2.352825 0.000000 
50.000000 35.400483 22.968460 13.912913 8.226530 5.119035 3.626469 2.990304 2.747539 2.663922 2.637737 2.630233 2.628254 2.627771 2.627661 2.627638 2.627633 2.627633 2.627632 2.627632 2.627632 2.627632 2.627632 2.627632 2.627632 2.627632 2.627632 2.627632 2.627632 2.627632 2.627632 2.627632 2.627632 2.627632 2.627632 2.627632 2.627631 2.627625 2.627599 2.627488 2.627053 2.625470 2.620187 2.604072 2.559518 2.448934 2.205701 1.740269 0.986960 0.000000 
50.000000 34.913999 22.068090 12.711587 6.836679 3.626469 2.084738 1.427699 1.177002 1.090664 1.063631 1.055885 1.053842 1.053344 1.053231 1.053207 1.053203 1.053202 1.053201 1.053201 1.053201 1.053201 1.053201 1.053201 1.053201 1.053201 1.053201 1.053201 1.053201 1.053201 1.053201 1.053201 1.053201 1.053201 1.053201 1.053201 1.053201 1.053198 1.053185 1.053132 1.052926 1.052183 1.049732 1.042369 1.022397 0.973985 0.870533 0.679165 0.380385 0.000000 
50.000000 34.706484 21.684092 12.199348 6.244187 2.990304 1.427699 0.761812 0.507757 0.420270 0.392879 0.385032 0.382962 0.382458 0.382343 0.382319 0.382314 0.382313 0.382313 0.382313 0.382313 0.382313 0.382313 0.382313 0.382313 0.382313 0.382313 0.382313 0.382313 0.382313 0.382313 0.382313 0.382313 0.382313 0.382313 0.382313 0.382313 0.382312 0.382306 0.382285 0.382200 0.381896 0.380906 0.377967 0.370117 0.351435 0.312370 0.241843 0.134384 0.000000 
50.000000 34.627226 21.537456 12.003789 6.018044 2.747539 1.177002 0.507757 0.252431 0.164509 0.136984 0.129098 0.127019 0.126512 0.126397 0.126372 0.126367 0.126366 0.126366 0.126366 0.126366 0.126366 0.126366 0.126366 0.126366 0.126366 0.126366 0.126366 0.126366 0.126366 0.126366 0.126366 0.126366 0.126366 0.126366 0.126366 0.126366 0.126366 0.126364 0.126356 0.126325 0.126215 0.125861 0.124819 0.122069 0.115618 0.102348 0.078815 0.043565 0.000000 
50.000000 34.599902 21.486913 11.936400 5.940135 2.663922 1.090664 0.420270 0.164509 0.076440 0.048868 0.040969 0.038887 0.038379 0.038264 0.038239 0.038234 0.038234 0.038233 0.038233 0.038233 0.038233 0.038233 0.038233 0.038233 0.038233 0.038233 0.038233 0.038233 0.038233 0.038233 0.038233 0.038233 0.038233 0.038233 0.038233 0.038233 0.038233 0.038233 0.038230 0.038220 0.038184 0.038070 0.037738 0.036869 0.034854 0.030760 0.023595 0.012995 0.000000 
50.000000 34.591337 21.471073 11.915287 5.915732 2.637737 1.063631 0.392879 0.136984 0.048868 0.021282 0.013380 0.011296 0.010788 0.010673 0.010648 0.010643 0.010642 0.010642 0.010642 0.010642 0.010642 0.010642 0.010642 0.010642 0.010642 0.010642 0.010642 0.010642 0.010642 0.010642 0.010642 0.010642 0.010642 0.010642 0.010642 0.010642 0.010642 0.010642 0.010641 0.010638 0.010628 0.010595 0.010498 0.010248 0.009674 0.008518 0.006515 0.003579 0.000000 
50.000000 34.588881 21.466531 11.909233 5.908738 2.630233 1.055885 0.385032 0.129098 0.040969 0.013380 0.005476 0.003392 0.002884 0.002768 0.002744 0.002739 0.002738 0.002738 0.002738 0.002738 0.002738 0.002738 0.002738 0.002738 0.002738 0.002738 0.002738 0.002738 0.002738 0.002738 0.002738 0.002738 0.002738 0.002738 0.002738 0.002738 0.002738 0.002738 0.002738 0.002737 0.002734 0.002725 0.002700 0.002634 0.002483 0.002183 0.001666 0.000913 0.000000 
50.000000 34.588232 21.465332 11.907636 5.906893 2.628254 1.053842 0.382962 0.127019 0.038887 0.011296 0.003392 0.001308 0.000799 0.000684 0.000660 0.000655 0.000654 0.000654 0.000654 0.000654 0.000654 0.000654 0.000654 0.000654 0.000654 0.000654 0.000654 0.000654 0.000654 0.000654 0.000654 0.000654 0.000654 0.000654 0.000654 0.000654 0.000654 0.000654 0.000654 0.000654 0.000653 0.000651 0.000645 0.000628 0.000592 0.000520 0.000396 0.000217 0.000000 
50.000000 34.588074 21.465039 11.907246 5.906442 2.627771 1.053344 0.382458 0.126512 0.038379 0.010788 0.002884 0.000799 0.000291 0.000176 0.000151 0.000147 0.000146 0.000146 0.000146 0.000146 0.000146 0.000146 0.000146 0.000146 0.000146 0.000146 0.000146 0.000146 0.000146 0.000146 0.000146 0.000146 0.000146 0.000146 0.000146 0.000146 0.000146 0.000146 0.000146 0.000145 0.000145 0.000145 0.000143 0.000140 0.000132 0.000115 0.000088 0.000048 0.000000 
50.000000 34.588038 21.464972 11.907157 5.906340 2.627661 1.053231 0.382343 0.126397 0.038264 0.010673 0.002768 0.000684 0.000176 0.000061 0.000036 0.000031 0.000030 0.000030 0.000030 0.000030 0.000030 0.000030 0.000030 0.000030 0.000030 0.000030 0.000030 0.000030 0.000030 0.000030 0.000030 0.000030 0.000030 0.000030 0.000030 0.000030 0.000030 0.000030 0.000030 0.000030 0.000030 0.000030 0.000030 0.000029 0.000027 0.000024 0.000018 0.000010 0.000000 
50.000000 34.588030 21.464958 11.907139 5.906318 2.627638 1.053207 0.382319 0.126372 0.038239 0.010648 0.002744 0.000660 0.000151 0.000036 0.000012 0.000007 0.000006 0.000006 0.000006 0.000006 0.000006 0.000006 0.000006 0.000006 0.000006 0.000006 0.000006 0.000006 0.000006 0.000006 0.000006 0.000006 0.000006 0.000006 0.000006 0.000006 0.000006 0.000006 0.000006 0.000006 0.000006 0.000006 0.000006 0.000006 0.000005 0.000005 0.000004 0.000002 0.000000 
50.000000 34.588028 21.464955 11.907135 5.906314 2.627633 1.053203 0.382314 0.126367 0.038234 0.010643 0.002739 0.000655 0.000147 0.000031 0.000007 0.000002 0.000001 0.000001 0.000001 0.000001 0.000001 0.000001 0.000001 0.000001 0.000001 0.000001 0.000001 0.000001 0.000001 0.000001 0.000001 0.000001 0.000001 0.000001 0.000001 0.000001 0.000001 0.000001 0.000001 0.000001 0.000001 0.000001 0.000001 0.000001 0.000001 0.000001 0.000001 0.000000 0.000000 
50.000000 34.588028 21.464955 11.907134 5.906313 2.627633 1.053202 0.382313 0.126366 0.038234 0.010642 0.002738 0.000654 0.000146 0.000030 0.000006 0.000001 0.000000 0.000000 0.000000 0.000000 0.000000 0.000000 0.000000 0.000000 0.000000 0.000000 0.000000 0.000000 0.000000 0.000000 0.000000 0.000000 0.000000 0.000000 0.000000 0.000000 0.000000 0.000000 0.000000 0.000000 0.000000 0.000000 0.000000 0.000000 0.000000 0.000000 0.000000 0.000000 0.000000 
50.000000 34.588028 21.464955 11.907134 5.906313 2.627632 1.053201 0.382313 0.126366 0.038233 0.010642 0.002738 0.000654 0.000146 0.000030 0.000006 0.000001 0.000000 0.000000 0.000000 0.000000 0.000000 0.000000 0.000000 0.000000 0.000000 0.000000 0.000000 0.000000 0.000000 0.000000 0.000000 0.000000 0.000000 0.000000 0.000000 0.000000 0.000000 0.000000 0.000000 0.000000 0.000000 0.000000 0.000000 0.000000 0.000000 0.000000 0.000000 0.000000 0.000000 
50.000000 34.588028 21.464955 11.907134 5.906313 2.627632 1.053201 0.382313 0.126366 0.038233 0.010642 0.002738 0.000654 0.000146 0.000030 0.000006 0.000001 0.000000 0.000000 0.000000 0.000000 0.000000 0.000000 0.000000 0.000000 0.000000 0.000000 0.000000 0.000000 0.000000 0.000000 0.000000 0.000000 0.000000 0.000000 0.000000 0.000000 0.000000 0.000000 0.000000 0.000000 0.000000 0.000000 0.000000 0.000000 0.000000 0.000000 0.000000 0.000000 0.000000 
50.000000 34.588028 21.464955 11.907134 5.906313 2.627632 1.053201 0.382313 0.126366 0.038233 0.010642 0.002738 0.000654 0.000146 0.000030 0.000006 0.000001 0.000000 0.000000 0.000000 0.000000 0.000000 0.000000 0.000000 0.000000 0.000000 0.000000 0.000000 0.000000 0.000000 0.000000 0.000000 0.000000 0.000000 0.000000 0.000000 0.000000 0.000000 0.000000 0.000000 0.000000 0.000000 0.000000 0.000000 0.000000 0.000000 0.000000 0.000000 0.000000 0.000000 
50.000000 34.588028 21.464955 11.907134 5.906313 2.627632 1.053201 0.382313 0.126366 0.038233 0.010642 0.002738 0.000654 0.000146 0.000030 0.000006 0.000001 0.000000 0.000000 0.000000 0.000000 0.000000 0.000000 0.000000 0.000000 0.000000 0.000000 0.000000 0.000000 0.000000 0.000000 0.000000 0.000000 0.000000 0.000000 0.000000 0.000000 0.000000 0.000000 0.000000 0.000000 0.000000 0.000000 0.000000 0.000000 0.000000 0.000000 0.000000 0.000000 0.000000 
50.000000 34.588028 21.464955 11.907134 5.906313 2.627632 1.053201 0.382313 0.126366 0.038233 0.010642 0.002738 0.000654 0.000146 0.000030 0.000006 0.000001 0.000000 0.000000 0.000000 0.000000 0.000000 0.000000 0.000000 0.000000 0.000000 0.000000 0.000000 0.000000 0.000000 0.000000 0.000000 0.000000 0.000000 0.000000 0.000000 0.000000 0.000000 0.000000 0.000000 0.000000 0.000000 0.000000 0.000000 0.000000 0.000000 0.000000 0.000000 0.000000 0.000000 
50.000000 34.588028 21.464955 11.907134 5.906313 2.627632 1.053201 0.382313 0.126366 0.038233 0.010642 0.002738 0.000654 0.000146 0.000030 0.000006 0.000001 0.000000 0.000000 0.000000 0.000000 0.000000 0.000000 0.000000 0.000000 0.000000 0.000000 0.000000 0.000000 0.000000 0.000000 0.000000 0.000000 0.000000 0.000000 0.000000 0.000000 0.000000 0.000000 0.000000 0.000000 0.000000 0.000000 0.000000 0.000000 0.000000 0.000000 0.000000 0.000000 0.000000 
50.000000 34.588028 21.464955 11.907134 5.906313 2.627632 1.053201 0.382313 0.126366 0.038233 0.010642 0.002738 0.000654 0.000146 0.000030 0.000006 0.000001 0.000000 0.000000 0.000000 0.000000 0.000000 0.000000 0.000000 0.000000 0.000000 0.000000 0.000000 0.000000 0.000000 0.000000 0.000000 0.000000 0.000000 0.000000 0.000000 0.000000 0.000000 0.000000 0.000000 0.000000 0.000000 0.000000 0.000000 0.000000 0.000000 0.000000 0.000000 0.000000 0.000000 
50.000000 34.588028 21.464955 11.907134 5.906313 2.627632 1.053201 0.382313 0.126366 0.038233 0.010642 0.002738 0.000654 0.000146 0.000030 0.000006 0.000001 0.000000 0.000000 0.000000 0.000000 0.000000 0.000000 0.000000 0.000000 0.000000 0.000000 0.000000 0.000000 0.000000 0.000000 0.000000 0.000000 0.000000 0.000000 0.000000 0.000000 0.000000 0.000000 0.000000 0.000000 0.000000 0.000000 0.000000 0.000000 0.000000 0.000000 0.000000 0.000000 0.000000 
50.000000 34.588028 21.464955 11.907134 5.906313 2.627632 1.053201 0.382313 0.126366 0.038233 0.010642 0.002738 0.000654 0.000146 0.000030 0.000006 0.000001 0.000000 0.000000 0.000000 0.000000 0.000000 0.000000 0.000000 0.000000 0.000000 0.000000 0.000000 0.000000 0.000000 0.000000 0.000000 0.000000 0.000000 0.000000 0.000000 0.000000 0.000000 0.000000 0.000000 0.000000 0.000000 0.000000 0.000000 0.000000 0.000000 0.000000 0.000000 0.000000 0.000000 
50.000000 34.588028 21.464955 11.907134 5.906313 2.627632 1.053201 0.382313 0.126366 0.038233 0.010642 0.002738 0.000654 0.000146 0.000030 0.000006 0.000001 0.000000 0.000000 0.000000 0.000000 0.000000 0.000000 0.000000 0.000000 0.000000 0.000000 0.000000 0.000000 0.000000 0.000000 0.000000 0.000000 0.000000 0.000000 0.000000 0.000000 0.000000 0.000000 0.000000 0.000000 0.000000 0.000000 0.000000 0.000000 0.000000 0.000000 0.000000 0.000000 0.000000 
50.000000 34.588028 21.464955 11.907134 5.906313 2.627632 1.053201 0.382313 0.126366 0.038233 0.010642 0.002738 0.000654 0.000146 0.000030 0.000006 0.000001 0.000000 0.000000 0.000000 0.000000 0.000000 0.000000 0.000000 0.000000 0.000000 0.000000 0.000000 0.000000 0.000000 0.000000 0.000000 0.000000 0.000000 0.000000 0.000000 0.000000 0.000000 0.000000 0.000000 0.000000 0.000000 0.000000 0.000000 0.000000 0.000000 0.000000 0.000000 0.000000 0.000000 
50.000000 34.588028 21.464955 11.907134 5.906313 2.627632 1.053201 0.382313 0.126366 0.038233 0.010642 0.002738 0.000654 0.000146 0.000030 0.000006 0.000001 0.000000 0.000000 0.000000 0.000000 0.000000 0.000000 0.000000 0.000000 0.000000 0.000000 0.000000 0.000000 0.000000 0.000000 0.000000 0.000000 0.000000 0.000000 0.000000 0.000000 0.000000 0.000000 0.000000 0.000000 0.000000 0.000000 0.000000 0.000000 0.000000 0.000000 0.000000 0.000000 0.000000 
50.000000 34.588028 21.464955 11.907134 5.906313 2.627632 1.053201 0.382313 0.126366 0.038233 0.010642 0.002738 0.000654 0.000146 0.000030 0.000006 0.000001 0.000000 0.000000 0.000000 0.000000 0.000000 0.000000 0.000000 0.000000 0.000000 0.000000 0.000000 0.000000 0.000000 0.000000 0.000000 0.000000 0.000000 0.000000 0.000000 0.000000 0.000000 0.000000 0.000000 0.000000 0.000000 0.000000 0.000000 0.000000 0.000000 0.000000 0.000000 0.000000 0.000000 
50.000000 34.588028 21.464955 11.907134 5.906313 2.627632 1.053201 0.382313 0.126366 0.038233 0.010642 0.002738 0.000654 0.000146 0.000030 0.000006 0.000001 0.000000 0.000000 0.000000 0.000000 0.000000 0.000000 0.000000 0.000000 0.000000 0.000000 0.000000 0.000000 0.000000 0.000000 0.000000 0.000000 0.000000 0.000000 0.000000 0.000000 0.000000 0.000000 0.000000 0.000000 0.000000 0.000000 0.000000 0.000000 0.000000 0.000000 0.000000 0.000000 0.000000 
50.000000 34.588028 21.464955 11.907134 5.906313 2.627633 1.053202 0.382313 0.126366 0.038234 0.010642 0.002738 0.000654 0.000146 0.000030 0.000006 0.000001 0.000000 0.000000 0.000000 0.000000 0.000000 0.000000 0.000000 0.000000 0.000000 0.000000 0.000000 0.000000 0.000000 0.000000 0.000000 0.000000 0.000000 0.000000 0.000000 0.000000 0.000000 0.000000 0.000000 0.000000 0.000000 0.000000 0.000000 0.000000 0.000000 0.000000 0.000000 0.000000 0.000000 
50.000000 34.588028 21.464955 11.907135 5.906314 2.627633 1.053203 0.382314 0.126367 0.038234 0.010643 0.002739 0.000655 0.000147 0.000031 0.000007 0.000002 0.000001 0.000001 0.000001 0.000001 0.000001 0.000001 0.000001 0.000001 0.000001 0.000001 0.000001 0.000001 0.000001 0.000001 0.000001 0.000001 0.000001 0.000001 0.000001 0.000001 0.000001 0.000001 0.000001 0.000001 0.000001 0.000001 0.000001 0.000001 0.000001 0.000001 0.000001 0.000000 0.000000 
50.000000 34.588030 21.464958 11.907139 5.906318 2.627638 1.053207 0.382319 0.126372 0.038239 0.010648 0.002744 0.000660 0.000151 0.000036 0.000012 0.000007 0.000006 0.000006 0.000006 0.000006 0.000006 0.000006 0.000006 0.000006 0.000006 0.000006 0.000006 0.000006 0.000006 0.000006 0.000006 0.000006 0.000006 0.000006 0.000006 0.000006 0.000006 0.000006 0.000006 0.000006 0.000006 0.000006 0.000006 0.000006 0.000005 0.000005 0.000004 0.000002 0.000000 
50.000000 34.588038 21.464972 11.907157 5.906340 2.627661 1.053231 0.382343 0.126397 0.038264 0.010673 0.002768 0.000684 0.000176 0.000061 0.000036 0.000031 0.000030 0.000030 0.000030 0.000030 0.000030 0.000030 0.000030 0.000030 0.000030 0.000030 0.000030 0.000030 0.000030 0.000030 0.000030 0.000030 0.000030 0.000030 0.000030 0.000030 0.000030 0.000030 0.000030 0.000030 0.000030 0.000030 0.000030 0.000029 0.000027 0.000024 0.000018 0.000010 0.000000 
50.000000 34.588074 21.465039 11.907246 5.906442 2.627771 1.053344 0.382458 0.126512 0.038379 0.010788 0.002884 0.000799 0.000291 0.000176 0.000151 0.000147 0.000146 0.000146 0.000146 0.000146 0.000146 0.000146 0.000146 0.000146 0.000146 0.000146 0.000146 0.000146 0.000146 0.000146 0.000146 0.000146 0.000146 0.000146 0.000146 0.000146 0.000146 0.000146 0.000146 0.000145 0.000145 0.000145 0.000143 0.000140 0.000132 0.000115 0.000088 0.000048 0.000000 
50.000000 34.588232 21.465332 11.907636 5.906893 2.628254 1.053842 0.382962 0.127019 0.038887 0.011296 0.003392 0.001308 0.000799 0.000684 0.000660 0.000655 0.000654 0.000654 0.000654 0.000654 0.000654 0.000654 0.000654 0.000654 0.000654 0.000654 0.000654 0.000654 0.000654 0.000654 0.000654 0.000654 0.000654 0.000654 0.000654 0.000654 0.000654 0.000654 0.000654 0.000654 0.000653 0.000651 0.000645 0.000628 0.000592 0.000520 0.000396 0.000217 0.000000 
50.000000 34.588881 21.466531 11.909233 5.908738 2.630233 1.055885 0.385032 0.129098 0.040969 0.013380 0.005476 0.003392 0.002884 0.002768 0.002744 0.002739 0.002738 0.002738 0.002738 0.002738 0.002738 0.002738 0.002738 0.002738 0.002738 0.002738 0.002738 0.002738 0.002738 0.002738 0.002738 0.002738 0.002738 0.002738 0.002738 0.002738 0.002738 0.002738 0.002738 0.002737 0.002734 0.002725 0.002700 0.002634 0.002483 0.002183 0.001666 0.000913 0.000000 
50.000000 34.591337 21.471073 11.915287 5.915732 2.637737 1.063631 0.392879 0.136984 0.048868 0.021282 0.013380 0.011296 0.010788 0.010673 0.010648 0.010643 0.010642 0.010642 0.010642 0.010642 0.010642 0.010642 0.010642 0.010642 0.010642 0.010642 0.010642 0.010642 0.010642 0.010642 0.010642 0.010642 0.010642 0.010642 0.010642 0.010642 0.010642 0.010642 0.010641 0.010638 0.010628 0.010595 0.010498 0.010248 0.009674 0.008518 0.006515 0.003579 0.000000 
50.000000 34.599902 21.486913 11.936400 5.940135 2.663922 1.090664 0.420270 0.164509 0.076440 0.048868 0.040969 0.038887 0.038379 0.038264 0.038239 0.038234 0.038234 0.038233 0.038233 0.038233 0.038233 0.038233 0.038233 0.038233 0.038233 0.038233 0.038233 0.038233 0.038233 0.038233 0.038233 0.038233 0.038233 0.038233 0.038233 0.038233 0.038233 0.038233 0.038230 0.038220 0.038184 0.038070 0.037738 0.036869 0.034854 0.030760 0.023595 0.012995 0.000000 
50.000000 34.627226 21.537456 12.003789 6.018044 2.747539 1.177002 0.507757 0.252431 0.164509 0.136984 0.129098 0.127019 0.126512 0.126397 0.126372 0.126367 0.126366 0.126366 0.126366 0.126366 0.126366 0.126366 0.126366 0.126366 0.126366 0.126366 0.126366 0.126366 0.126366 0.126366 0.126366 0.126366 0.126366 0.126366 0.126366 0.126366 0.126366 0.126364 0.126356 0.126325 0.126215 0.125861 0.124819 0.122069 0.115618 0.102348 0.078815 0.043565 0.000000 
50.000000 34.706484 21.684092 12.199348 6.244187 2.990304 1.427699 0.761812 0.507757 0.420270 0.392879 0.385032 0.382962 0.382458 0.382343 0.382319 0.382314 0.382313 0.382313 0.382313 0.382313 0.382313 0.382313 0.382313 0.382313 0.382313 0.382313 0.382313 0.382313 0.382313 0.382313 0.382313 0.382313 0.382313 0.382313 0.382313 0.382313 0.382312 0.382306 0.382285 0.382200 0.381896 0.380906 0.377967 0.370117 0.351435 0.312370 0.241843 0.134384 0.000000 
50.000000 34.913999 22.068090 12.711587 6.836679 3.626469 2.084738 1.427699 1.177002 1.090664 1.063631 1.055885 1.053842 1.053344 1.053231 1.053207 1.053203 1.053202 1.053201 1.053201 1.053201 1.053201 1.053201 1.053201 1.053201 1.053201 1.053201 1.053201 1.053201 1.053201 1.053201 1.053201 1.053201 1.053201 1.053201 1.053201 1.053201 1.053198 1.053185 1.053132 1.052926 1.052183 1.049732 1.042369 1.022397 0.973985 0.870533 0.679165 0.380385 0.000000 
50.000000 35.400483 22.968460 13.912913 8.226530 5.119035 3.626469 2.990304 2.747539 2.663922 2.637737 2.630233 2.628254 2.627771 2.627661 2.627638 2.627633 2.627633 2.627632 2.627632 2.627632 2.627632 2.627632 2.627632 2.627632 2.627632 2.627632 2.627632 2.627632 2.627632 2.627632 2.627632 2.627632 2.627632 2.627632 2.627632 2.627631 2.627625 2.627599 2.627488 2.627053 2.625470 2.620187 2.604072 2.559518 2.448934 2.205701 1.740269 0.986960 0.000000 
50.000000 36.412605 24.841948 16.413135 11.119699 8.226530 6.836679 6.244187 6.018044 5.940135 5.915732 5.908738 5.906893 5.906442 5.906340 5.906318 5.906314 5.906313 5.906313 5.906313 5.906313 5.906313 5.906313 5.906313 5.906313 5.906313 5.906313 5.906313 5.906313 5.906313 5.906313 5.906313 5.906313 5.906313 5.906313 5.906313 5.906311 5.906301 5.906255 5.906059 5.905281 5.902426 5.892752 5.862694 5.777596 5.559849 5.061966 4.062368 2.352825 0.000000 
50.000000 38.263530 28.268546 20.986825 16.413135 13.912913 12.711587 12.199348 12.003789 11.936400 11.915287 11.909233 11.907636 11.907246 11.907157 11.907139 11.907135 11.907134 11.907134 11.907134 11.907134 11.907134 11.907134 11.907134 11.907134 11.907134 11.907134 11.907134 11.907134 11.907134 11.907134 11.907134 11.907134 11.907134 11.907134 11.907133 11.907130 11.907116 11.907051 11.906769 11.905640 11.901441 11.886978 11.841053 11.707211 11.351169 10.493412 8.647521 5.200773 0.000000 
50.000000 41.209642 33.723226 28.268546 24.841948 22.968460 22.068090 21.684092 21.537456 21.486913 21.471073 21.466531 21.465332 21.465039 21.464972 21.464958 21.464955 21.464955 21.464955 21.464955 21.464955 21.464955 21.464955 21.464955 21.464955 21.464955 21.464955 21.464955 21.464955 21.464955 21.464955 21.464955 21.464955 21.464955 21.464955 21.464954 21.464951 21.464936 21.464865 21.464558 21.463318 21.458642 21.442250 21.388926 21.228191 20.779580 19.621025 16.861613 10.897934 0.000000 
50.000000 45.252805 41.209642 38.263530 36.412605 35.400483 34.913999 34.706484 34.627226 34.599902 34.591337 34.588881 34.588232 34.588074 34.588038 34.588030 34.588028 34.588028 34.588028 34.588028 34.588028 34.588028 34.588028 34.588028 34.588028 34.588028 34.588028 34.588028 34.588028 34.588028 34.588028 34.588028 34.588028 34.588028 34.588028 34.588028 34.588026 34.588015 34.587967 34.587759 34.586907 34.583661 34.572100 34.533614 34.413523 34.059781 33.062757 30.311707 22.626403 0.000000 
50.000000 50.000000 50.000000 50.000000 50.000000 50.000000 50.000000 50.000000 50.000000 50.000000 50.000000 50.000000 50.000000 50.000000 50.000000 50.000000 50.000000 50.000000 50.000000 50.000000 50.000000 50.000000 50.000000 50.000000 50.000000 50.000000 50.000000 50.000000 50.000000 50.000000 50.000000 50.000000 50.000000 50.000000 50.000000 50.000000 50.000000 50.000000 50.000000 50.000000 50.000000 50.000000 50.000000 50.000000 50.000000 50.000000 50.000000 50.000000 50.000000 50.000000 
