50.000000 50.000000 50.000000 50.000000 50.000000 50.000000 50.000000 50.000000 50.000000 50.000000 50.000000 50.000000 50.000000 50.000000 50.000000 50.000000 50.000000 50.000000 50.000000 50.000000 50.000000 50.000000 50.000000 50.000000 50.000000 50.000000 50.000000 50.000000 50.000000 50.000000 50.000000 50.000000 50.000000 50.000000 50.000000 50.000000 50.000000 50.000000 50.000000 50.000000 50.000000 50.000000 50.000000 50.000000 50.000000 50.000000 50.000000 50.000000 50.000000 50.000000 
50.000000 48.804849 47.654532 46.588843 45.638437 44.822375 44.147590 43.610128 43.197648 42.892521 42.674878 42.525124 42.425681 42.361924 42.322435 42.298798 42.285115 42.277453 42.273299 42.271118 42.270008 42.269460 42.269198 42.269076 42.269020 42.268995 42.268982 42.268970 42.268951 42.268911 42.268824 42.268637 42.268241 42.267427 42.265794 42.262598 42.256486 42.245061 42.224157 42.186642 42.120442 42.005159 41.806025 41.462337 40.863288 39.792103 37.781816 33.698694 24.402424 0.000000 
50.000000 47.654532 45.397052 43.305656 41.440503 39.839001 38.514755 37.460005 36.650531 36.051736 35.624625 35.330743 35.135595 35.010477 34.932985 34.886599 34.859749 34.844713 34.836561 34.832281 34.830103 34.829028 34.828514 34.828274 34.828166 34.828116 34.828090 34.828068 34.828032 34.827958 34.827795 34.827445 34.826707 34.825191 34.822156 34.816225 34.804914 34.783835 34.745420 34.676838 34.556662 34.349404 33.996355 33.399610 32.392964 30.686938 27.764435 22.698526 13.955837 0.000000 
50.000000 46.588843 43.305656 40.264018 37.551428 35.222286 33.296380 31.762421 30.585182 29.714346 29.093195 28.665805 28.382005 28.200050 28.087357 28.019901 27.980856 27.958990 27.947136 27.940912 27.937745 27.936182 27.935434 27.935086 27.934928 27.934856 27.934819 27.934788 27.934740 27.934640 27.934422 27.933953 27.932968 27.930948 27.926914 27.919057 27.904128 27.876443 27.826291 27.737452 27.583358 27.321207 26.882918 26.161245 24.988678 23.107108 20.132009 15.541221 8.807027 0.000000 
50.000000 45.638437 41.440503 37.551428 34.083089 31.105042 28.642589 26.681290 25.176101 24.062679 23.268506 22.722072 22.359227 22.126595 21.982519 21.896279 21.846361 21.818406 21.803252 21.795295 21.791247 21.789249 21.788293 21.787848 21.787647 21.787555 21.787509 21.787472 21.787416 21.787302 21.787053 21.786520 21.785402 21.783118 21.778571 21.769749 21.753071 21.722329 21.667054 21.570061 21.403836 21.125414 20.669318 19.938360 18.792865 17.041544 14.444320 10.753566 5.846334 0.000000 
50.000000 44.822375 39.839001 35.222286 31.105042 27.569841 24.646714 22.318515 20.531767 19.210084 18.267374 17.618747 17.188049 16.911919 16.740906 16.638543 16.579295 16.546115 16.528129 16.518686 16.513881 16.511510 16.510375 16.509848 16.509608 16.509500 16.509447 16.509406 16.509348 16.509231 16.508976 16.508432 16.507295 16.504980 16.500389 16.491524 16.474858 16.444347 16.389945 16.295458 16.135583 15.872042 15.448937 14.787927 13.784921 12.312177 10.233608 7.446037 3.959087 0.000000 
50.000000 44.147590 38.514755 33.296380 28.642589 24.646714 21.342697 18.711150 16.691622 15.197765 14.132264 13.399160 12.912376 12.600293 12.407017 12.291330 12.224371 12.186874 12.166548 12.155876 12.150446 12.147768 12.146485 12.145889 12.145619 12.145498 12.145439 12.145398 12.145341 12.145230 12.144990 12.144480 12.143417 12.141260 12.137002 12.128823 12.113539 12.085760 12.036659 11.952266 11.811273 11.582423 11.221871 10.671348 9.858787 8.704229 7.135135 5.115145 2.685253 0.000000 
50.000000 43.610128 37.460005 31.762421 26.681290 22.318515 18.711150 15.838023 13.633121 12.002160 10.838884 10.038519 9.507081 9.166376 8.955377 8.829085 8.755989 8.715056 8.692868 8.681219 8.675292 8.672368 8.670968 8.670318 8.670023 8.669892 8.669829 8.669788 8.669737 8.669638 8.669428 8.668982 8.668055 8.666183 8.662505 8.655476 8.642424 8.618875 8.577609 8.507406 8.391534 8.206149 7.919012 7.489280 6.869578 6.011972 4.879503 3.463650 1.804102 0.000000 
50.000000 43.197648 36.650531 30.585182 25.176101 20.531767 16.691622 13.633121 11.285981 9.549828 8.311539 7.459574 6.893883 6.531224 6.306633 6.172207 6.094405 6.050838 6.027223 6.014824 6.008516 6.005404 6.003915 6.003223 6.002910 6.002770 6.002705 6.002666 6.002621 6.002539 6.002365 6.001998 6.001239 5.999712 5.996725 5.991048 5.980571 5.961804 5.929191 5.874248 5.784582 5.642991 5.426971 5.109199 4.659725 4.050687 3.263976 2.301128 1.192489 0.000000 
50.000000 42.892521 36.051736 29.714346 24.062679 19.210084 15.197765 12.002160 9.549828 7.735883 6.442125 5.552008 4.960992 4.582103 4.347465 4.207028 4.125748 4.080235 4.055564 4.042612 4.036023 4.032772 4.031217 4.030494 4.030167 4.030022 4.029956 4.029919 4.029881 4.029816 4.029680 4.029394 4.028806 4.027628 4.025333 4.020996 4.013039 3.998885 3.974484 3.933744 3.867942 3.765246 3.610626 3.386492 3.074500 2.658843 2.130988 1.495074 0.772079 0.000000 
50.000000 42.674878 35.624625 29.093195 23.268506 18.267374 14.132264 10.838884 8.311539 6.442125 5.108818 4.191500 3.582432 3.191975 2.950176 2.805455 2.721697 2.674797 2.649375 2.636029 2.629239 2.625890 2.624287 2.623542 2.623206 2.623057 2.622991 2.622956 2.622925 2.622875 2.622774 2.622563 2.622130 2.621266 2.619591 2.616441 2.610697 2.600546 2.583173 2.554409 2.508381 2.437291 2.331478 2.179997 1.971916 1.698445 1.355743 0.947787 0.488236 0.000000 
50.000000 42.525124 35.330743 28.665805 22.722072 17.618747 13.399160 10.038519 7.459574 5.552008 4.191500 3.255478 2.633997 2.235586 1.988864 1.841199 1.755738 1.707885 1.681947 1.668330 1.661403 1.657986 1.656350 1.655590 1.655247 1.655096 1.655029 1.654996 1.654971 1.654935 1.654863 1.654714 1.654410 1.653806 1.652641 1.650459 1.646503 1.639553 1.627739 1.608327 1.577524 1.530383 1.460910 1.362501 1.228802 1.055017 0.839514 0.585324 0.300967 0.000000 
50.000000 42.425681 35.135595 28.382005 22.359227 17.188049 12.912376 9.507081 6.893883 4.960992 3.582432 2.633997 2.004278 1.600591 1.350603 1.200985 1.114395 1.065910 1.039630 1.025833 1.018814 1.015352 1.013695 1.012926 1.012578 1.012425 1.012359 1.012327 1.012307 1.012281 1.012231 1.012131 1.011927 1.011523 1.010748 1.009303 1.006695 1.002139 0.994444 0.981886 0.962107 0.932079 0.888206 0.826616 0.743702 0.636898 0.505562 0.351760 0.180620 0.000000 
50.000000 42.361924 35.010477 28.200050 22.126595 16.911919 12.600293 9.166376 6.531224 4.582103 3.191975 2.235586 1.600591 1.193523 0.941444 0.790575 0.703261 0.654372 0.627873 0.613961 0.606884 0.603393 0.601723 0.600947 0.600596 0.600442 0.600376 0.600346 0.600329 0.600310 0.600278 0.600213 0.600082 0.599823 0.599328 0.598410 0.596761 0.593896 0.589084 0.581278 0.569064 0.550653 0.523952 0.486754 0.437062 0.373524 0.295922 0.205563 0.105438 0.000000 
50.000000 42.322435 34.932985 28.087357 21.982519 16.740906 12.407017 8.955377 6.306633 4.347465 2.950176 1.988864 1.350603 0.941444 0.688071 0.536428 0.448667 0.399528 0.372893 0.358911 0.351798 0.348289 0.346610 0.345830 0.345478 0.345324 0.345257 0.345228 0.345213 0.345200 0.345179 0.345139 0.345058 0.344899 0.344596 0.344035 0.343033 0.341301 0.338405 0.333734 0.326469 0.315585 0.299901 0.278194 0.249383 0.212770 0.168300 0.116759 0.059837 0.000000 
50.000000 42.298798 34.886599 28.019901 21.896279 16.638543 12.291330 8.829085 6.172207 4.207028 2.805455 1.841199 1.200985 0.790575 0.536428 0.384323 0.296295 0.247006 0.220291 0.206266 0.199131 0.195612 0.193928 0.193146 0.192793 0.192638 0.192571 0.192543 0.192530 0.192520 0.192507 0.192483 0.192435 0.192340 0.192162 0.191833 0.191247 0.190237 0.188559 0.185864 0.181695 0.175482 0.166580 0.154328 0.138155 0.117708 0.092987 0.064443 0.033003 0.000000 
50.000000 42.285115 34.859749 27.980856 21.846361 16.579295 12.224371 8.755989 6.094405 4.125748 2.721697 1.755738 1.114395 0.703261 0.448667 0.296295 0.208113 0.158737 0.131975 0.117926 0.110779 0.107253 0.105566 0.104783 0.104429 0.104274 0.104208 0.104180 0.104167 0.104160 0.104152 0.104138 0.104110 0.104056 0.103955 0.103769 0.103438 0.102871 0.101932 0.100432 0.098120 0.094693 0.089805 0.083111 0.074315 0.063243 0.049908 0.034558 0.017688 0.000000 
50.000000 42.277453 34.844713 27.958990 21.818407 16.546115 12.186875 8.715056 6.050838 4.080235 2.674797 1.707885 1.065910 0.654372 0.399528 0.247006 0.158737 0.109314 0.082525 0.068463 0.061308 0.057780 0.056091 0.055307 0.054953 0.054798 0.054731 0.054704 0.054692 0.054686 0.054680 0.054672 0.054657 0.054628 0.054572 0.054470 0.054290 0.053983 0.053475 0.052668 0.051429 0.049599 0.047001 0.043458 0.038820 0.033004 0.026022 0.018006 0.009212 0.000000 
50.000000 42.273299 34.836561 27.947136 21.803252 16.528129 12.166549 8.692868 6.027223 4.055565 2.649376 1.681948 1.039630 0.627873 0.372894 0.220291 0.131975 0.082526 0.055723 0.041653 0.034495 0.030964 0.029275 0.028490 0.028136 0.027981 0.027915 0.027887 0.027876 0.027870 0.027867 0.027862 0.027854 0.027838 0.027809 0.027755 0.027660 0.027499 0.027234 0.026813 0.026171 0.025225 0.023887 0.022069 0.019697 0.016732 0.013183 0.009116 0.004662 0.000000 
50.000000 42.271118 34.832281 27.940912 21.795296 16.518686 12.155877 8.681220 6.014825 4.042613 2.636030 1.668331 1.025834 0.613962 0.358912 0.206267 0.117927 0.068463 0.041654 0.027579 0.020420 0.016888 0.015198 0.014413 0.014059 0.013904 0.013837 0.013810 0.013799 0.013794 0.013791 0.013789 0.013784 0.013776 0.013761 0.013734 0.013685 0.013604 0.013470 0.013257 0.012934 0.012461 0.011793 0.010887 0.009710 0.008243 0.006490 0.004486 0.002293 0.000000 
50.000000 42.270008 34.830104 27.937746 21.791248 16.513882 12.150449 8.675294 6.008518 4.036025 2.629242 1.661405 1.018817 0.606887 0.351800 0.199134 0.110781 0.061311 0.034497 0.020421 0.013260 0.009728 0.008038 0.007253 0.006899 0.006743 0.006677 0.006650 0.006639 0.006634 0.006632 0.006630 0.006628 0.006624 0.006616 0.006603 0.006579 0.006539 0.006473 0.006370 0.006212 0.005982 0.005658 0.005221 0.004654 0.003948 0.003107 0.002146 0.001097 0.000000 
50.000000 42.269461 34.829030 27.936185 21.789253 16.511515 12.147773 8.672374 6.005411 4.032779 2.625897 1.657992 1.015359 0.603400 0.348296 0.195619 0.107260 0.057786 0.030971 0.016894 0.009733 0.006200 0.004510 0.003725 0.003370 0.003215 0.003149 0.003122 0.003110 0.003106 0.003104 0.003103 0.003102 0.003100 0.003096 0.003090 0.003078 0.003059 0.003028 0.002979 0.002904 0.002795 0.002643 0.002437 0.002171 0.001841 0.001448 0.001000 0.000511 0.000000 
50.000000 42.269201 34.828519 27.935442 21.788304 16.510388 12.146499 8.670984 6.003931 4.031233 2.624304 1.656368 1.013713 0.601740 0.346628 0.193946 0.105584 0.056109 0.029292 0.015215 0.008053 0.004521 0.002830 0.002045 0.001691 0.001536 0.001470 0.001442 0.001431 0.001427 0.001425 0.001424 0.001423 0.001422 0.001421 0.001418 0.001412 0.001403 0.001389 0.001366 0.001331 0.001281 0.001211 0.001116 0.000994 0.000842 0.000662 0.000457 0.000234 0.000000 
50.000000 42.269083 34.828289 27.935107 21.787875 16.509879 12.145925 8.670356 6.003263 4.030536 2.623586 1.655635 1.012970 0.600992 0.345875 0.193191 0.104828 0.055352 0.028535 0.014457 0.007296 0.003763 0.002073 0.001287 0.000933 0.000778 0.000712 0.000684 0.000673 0.000669 0.000667 0.000667 0.000666 0.000666 0.000665 0.000663 0.000661 0.000657 0.000650 0.000639 0.000622 0.000599 0.000566 0.000521 0.000464 0.000393 0.000309 0.000213 0.000109 0.000000 
50.000000 42.269039 34.828201 27.934980 21.787712 16.509686 12.145706 8.670118 6.003010 4.030271 2.623313 1.655356 1.012688 0.600707 0.345589 0.192904 0.104540 0.055064 0.028247 0.014169 0.007008 0.003475 0.001785 0.000999 0.000645 0.000490 0.000424 0.000396 0.000385 0.000381 0.000379 0.000379 0.000378 0.000378 0.000377 0.000377 0.000375 0.000373 0.000369 0.000362 0.000353 0.000340 0.000321 0.000295 0.000263 0.000223 0.000175 0.000121 0.000062 0.000000 
50.000000 42.269039 34.828201 27.934980 21.787712 16.509686 12.145706 8.670118 6.003010 4.030271 2.623313 1.655356 1.012688 0.600707 0.345589 0.192904 0.104540 0.055064 0.028247 0.014169 0.007008 0.003475 0.001785 0.000999 0.000645 0.000490 0.000424 0.000396 0.000385 0.000381 0.000379 0.000379 0.000378 0.000378 0.000377 0.000377 0.000375 0.000373 0.000369 0.000362 0.000353 0.000340 0.000321 0.000295 0.000263 0.000223 0.000175 0.000121 0.000062 0.000000 
50.000000 42.269083 34.828289 27.935107 21.787875 16.509879 12.145925 8.670356 6.003263 4.030536 2.623586 1.655635 1.012970 0.600992 0.345875 0.193191 0.104828 0.055352 0.028535 0.014457 0.007296 0.003763 0.002073 0.001287 0.000933 0.000778 0.000712 0.000684 0.000673 0.000669 0.000667 0.000667 0.000666 0.000666 0.000665 0.000663 0.000661 0.000657 0.000650 0.000639 0.000622 0.000599 0.000566 0.000521 0.000464 0.000393 0.000309 0.000213 0.000109 0.000000 
50.000000 42.269201 34.828519 27.935442 21.788304 16.510388 12.146499 8.670984 6.003931 4.031233 2.624304 1.656368 1.013713 0.601740 0.346628 0.193946 0.105584 0.056109 0.029292 0.015215 0.008053 0.004521 0.002830 0.002045 0.001691 0.001536 0.001470 0.001442 0.001431 0.001427 0.001425 0.001424 0.001423 0.001422 0.001421 0.001418 0.001412 0.001403 0.001389 0.001366 0.001331 0.001281 0.001211 0.001116 0.000994 0.000842 0.000662 0.000457 0.000234 0.000000 
50.000000 42.269461 34.829030 27.936185 21.789253 16.511515 12.147773 8.672374 6.005411 4.032779 2.625897 1.657992 1.015359 0.603400 0.348296 0.195619 0.107260 0.057786 0.030971 0.016894 0.009733 0.006200 0.004510 0.003725 0.003370 0.003215 0.003149 0.003122 0.003110 0.003106 0.003104 0.003103 0.003102 0.003100 0.003096 0.003090 0.003078 0.003059 0.003028 0.002979 0.002904 0.002795 0.002643 0.002437 0.002171 0.001841 0.001448 0.001000 0.000511 0.000000 
50.000000 42.270008 34.830104 27.937746 21.791248 16.513882 12.150449 8.675294 6.008518 4.036025 2.629242 1.661405 1.018817 0.606887 0.351800 0.199134 0.110781 0.061311 0.034497 0.020421 0.013260 0.009728 0.008038 0.007253 0.006899 0.006743 0.006677 0.006650 0.006639 0.006634 0.006632 0.006630 0.006628 0.006624 0.006616 0.006603 0.006579 0.006539 0.006473 0.006370 0.006212 0.005982 0.005658 0.005221 0.004654 0.003948 0.003107 0.002146 0.001097 0.000000 
50.000000 42.271118 34.832281 27.940912 21.795296 16.518686 12.155877 8.681220 6.014825 4.042613 2.636030 1.668331 1.025834 0.613962 0.358912 0.206267 0.117927 0.068463 0.041654 0.027579 0.020420 0.016888 0.015198 0.014413 0.014059 0.013904 0.013837 0.013810 0.013799 0.013794 0.013791 0.013789 0.013784 0.013776 0.013761 0.013734 0.013685 0.013604 0.013470 0.013257 0.012934 0.012461 0.011793 0.010887 0.009710 0.008243 0.006490 0.004486 0.002293 0.000000 
50.000000 42.273299 34.836561 27.947136 21.803252 16.528129 12.166549 8.692868 6.027223 4.055565 2.649376 1.681948 1.039630 0.627873 0.372894 0.220291 0.131975 0.082526 0.055723 0.041653 0.034495 0.030964 0.029275 0.028490 0.028136 0.027981 0.027915 0.027887 0.027876 0.027870 0.027867 0.027862 0.027854 0.027838 0.027809 0.027755 0.027660 0.027499 0.027234 0.026813 0.026171 0.025225 0.023887 0.022069 0.019697 0.016732 0.013183 0.009116 0.004662 0.000000 
50.000000 42.277453 34.844713 27.958990 21.818407 16.546115 12.186875 8.715056 6.050838 4.080235 2.674797 1.707885 1.065910 0.654372 0.399528 0.247006 0.158737 0.109314 0.082525 0.068463 0.061308 0.057780 0.056091 0.055307 0.054953 0.054798 0.054731 0.054704 0.054692 0.054686 0.054680 0.054672 0.054657 0.054628 0.054572 0.054470 0.054290 0.053983 0.053475 0.052668 0.051429 0.049599 0.047001 0.043458 0.038820 0.033004 0.026022 0.018006 0.009212 0.000000 
50.000000 42.285115 34.859749 27.980856 21.846361 16.579295 12.224371 8.755989 6.094405 4.125748 2.721697 1.755738 1.114395 0.703261 0.448667 0.296295 0.208113 0.158737 0.131975 0.117926 0.110779 0.107253 0.105566 0.104783 0.104429 0.104274 0.104208 0.104180 0.104167 0.104160 0.104152 0.104138 0.104110 0.104056 0.103955 0.103769 0.103438 0.102871 0.101932 0.100432 0.098120 0.094693 0.089805 0.083111 0.074315 0.063243 0.049908 0.034558 0.017688 0.000000 
50.000000 42.298798 34.886599 28.019901 21.896279 16.638543 12.291330 8.829085 6.172207 4.207028 2.805455 1.841199 1.200985 0.790575 0.536428 0.384323 0.296295 0.247006 0.220291 0.206266 0.199131 0.195612 0.193928 0.193146 0.192793 0.192638 0.192571 0.192543 0.192530 0.192520 0.192507 0.192483 0.192435 0.192340 0.192162 0.191833 0.191247 0.190237 0.188559 0.185864 0.181695 0.175482 0.166580 0.154328 0.138155 0.117708 0.092987 0.064443 0.033003 0.000000 
50.000000 42.322435 34.932985 28.087357 21.982519 16.740906 12.407017 8.955377 6.306633 4.347465 2.950176 1.988864 1.350603 0.941444 0.688071 0.536428 0.448667 0.399528 0.372893 0.358911 0.351798 0.348289 0.346610 0.345830 0.345478 0.345324 0.345257 0.345228 0.345213 0.345200 0.345179 0.345139 0.345058 0.344899 0.344596 0.344035 0.343033 0.341301 0.338405 0.333734 0.326469 0.315585 0.299901 0.278194 0.249383 0.212770 0.168300 0.116759 0.059837 0.000000 
50.000000 42.361924 35.010477 28.200050 22.126595 16.911919 12.600293 9.166376 6.531224 4.582103 3.191975 2.235586 1.600591 1.193523 0.941444 0.790575 0.703261 0.654372 0.627873 0.613961 0.606884 0.603393 0.601723 0.600947 0.600596 0.600442 0.600376 0.600346 0.600329 0.600310 0.600278 0.600213 0.600082 0.599823 0.599328 0.598410 0.596761 0.593896 0.589084 0.581278 0.569064 0.550653 0.523952 0.486754 0.437062 0.373524 0.295922 0.205563 0.105438 0.000000 
50.000000 42.425681 35.135595 28.382005 22.359227 17.188049 12.912376 9.507081 6.893883 4.960992 3.582432 2.633997 2.004278 1.600591 1.350603 1.200985 1.114395 1.065910 1.039630 1.025833 1.018814 1.015352 1.013695 1.012926 1.012578 1.012425 1.012359 1.012327 1.012307 1.012281 1.012231 1.012131 1.011927 1.011523 1.010748 1.009303 1.006695 1.002139 0.994444 0.981886 0.962107 0.932079 0.888206 0.826616 0.743702 0.636898 0.505562 0.351760 0.180620 0.000000 
50.000000 42.525124 35.330743 28.665805 22.722072 17.618747 13.399160 10.038519 7.459574 5.552008 4.191500 3.255478 2.633997 2.235586 1.988864 1.841199 1.755738 1.707885 1.681947 1.668330 1.661403 1.657986 1.656350 1.655590 1.655247 1.655096 1.655029 1.654996 1.654971 1.654935 1.654863 1.654714 1.654410 1.653806 1.652641 1.650459 1.646503 1.639553 1.627739 1.608327 1.577524 1.530383 1.460910 1.362501 1.228802 1.055017 0.839514 0.585324 0.300967 0.000000 
50.000000 42.674878 35.624625 29.093195 23.268506 18.267374 14.132264 10.838884 8.311539 6.442125 5.108818 4.191500 3.582432 3.191975 2.950176 2.805455 2.721697 2.674797 2.649375 2.636029 2.629239 2.625890 2.624287 2.623542 2.623206 2.623057 2.622991 2.622956 2.622925 2.622875 2.622774 2.622563 2.622130 2.621266 2.619591 2.616441 2.610697 2.600546 2.583173 2.554409 2.508381 2.437291 2.331478 2.179997 1.971916 1.698445 1.355743 0.947787 0.488236 0.000000 
50.000000 42.892521 36.051736 29.714346 24.062679 19.210084 15.197765 12.002160 9.549828 7.735883 6.442125 5.552008 4.960992 4.582103 4.347465 4.207028 4.125748 4.080235 4.055564 4.042612 4.036023 4.032772 4.031217 4.030494 4.030167 4.030022 4.029956 4.029919 4.029881 4.029816 4.029680 4.029394 4.028806 4.027628 4.025333 4.020996 4.013039 3.998885 3.974484 3.933744 3.867942 3.765246 3.610626 3.386492 3.074500 2.658843 2.130988 1.495074 0.772079 0.000000 
50.000000 43.197648 36.650531 30.585182 25.176101 20.531767 16.691622 13.633121 11.285981 9.549828 8.311539 7.459574 6.893883 6.531224 6.306633 6.172207 6.094405 6.050838 6.027223 6.014824 6.008516 6.005404 6.003915 6.003223 6.002910 6.002770 6.002705 6.002666 6.002621 6.002539 6.002365 6.001998 6.001239 5.999712 5.996725 5.991048 5.980571 5.961804 5.929191 5.874248 5.784582 5.642991 5.426971 5.109199 4.659725 4.050687 3.263976 2.301128 1.192489 0.000000 
50.000000 43.610128 37.460005 31.762421 26.681290 22.318515 18.711150 15.838023 13.633121 12.002160 10.838884 10.038519 9.507081 9.166376 8.955377 8.829085 8.755989 8.715056 8.692868 8.681219 8.675292 8.672368 8.670968 8.670318 8.670023 8.669892 8.669829 8.669788 8.669737 8.669638 8.669428 8.668982 8.668055 8.666183 8.662505 8.655476 8.642424 8.618875 8.577609 8.507406 8.391534 8.206149 7.919012 7.489280 6.869578 6.011972 4.879503 3.463650 1.804102 0.000000 
50.000000 44.147590 38.514755 33.296380 28.642589 24.646714 21.342697 18.711150 16.691622 15.197765 14.132264 13.399160 12.912376 12.600293 12.407017 12.291330 12.224371 12.186874 12.166548 12.155876 12.150446 12.147768 12.146485 12.145889 12.145619 12.145498 12.145439 12.145398 12.145341 12.145230 12.144990 12.144480 12.143417 12.141260 12.137002 12.128823 12.113539 12.085760 12.036659 11.952266 11.811273 11.582423 11.221871 10.671348 9.858787 8.704229 7.135135 5.115145 2.685253 0.000000 
50.000000 44.822375 39.839001 35.222286 31.105042 27.569841 24.646714 22.318515 20.531767 19.210084 18.267374 17.618747 17.188049 16.911919 16.740906 16.638543 16.579295 16.546115 16.528129 16.518686 16.513881 16.511510 16.510375 16.509848 16.509608 16.509500 16.509447 16.509406 16.509348 16.509231 16.508976 16.508432 16.507295 16.504980 16.500389 16.491524 16.474858 16.444347 16.389945 16.295458 16.135583 15.872042 15.448937 14.787927 13.784921 12.312177 10.233608 7.446037 3.959087 0.000000 
50.000000 45.638437 41.440503 37.551428 34.083089 31.105042 28.642589 26.681290 25.176101 24.062679 23.268506 22.722072 22.359227 22.126595 21.982519 21.896279 21.846361 21.818406 21.803252 21.795295 21.791247 21.789249 21.788293 21.787848 21.787647 21.787555 21.787509 21.787472 21.787416 21.787302 21.787053 21.786520 21.785402 21.783118 21.778571 21.769749 21.753071 21.722329 21.667054 21.570061 21.403836 21.125414 20.669318 19.938360 18.792865 17.041544 14.444320 10.753566 5.846334 0.000000 
50.000000 46.588843 43.305656 40.264018 37.551428 35.222286 33.296380 31.762421 30.585182 29.714346 29.093195 28.665805 28.382005 28.200050 28.087357 28.019901 27.980856 27.958990 27.947136 27.940912 27.937745 27.936182 27.935434 27.935086 27.934928 27.934856 27.934819 27.934788 27.934740 27.934640 27.934422 27.933953 27.932968 27.930948 27.926914 27.919057 27.904128 27.876443 27.826291 27.737452 27.583358 27.321207 26.882918 26.161245 24.988678 23.107108 20.132009 15.541221 8.807027 0.000000 
50.000000 47.654532 45.397052 43.305656 41.440503 39.839001 38.514755 37.460005 36.650531 36.051736 35.624625 35.330743 35.135595 35.010477 34.932985 34.886599 34.859749 34.844713 34.836561 34.832281 34.830103 34.829028 34.828514 34.828274 34.828166 34.828116 34.828090 34.828068 34.828032 34.827958 34.827795 34.827445 34.826707 34.825191 34.822156 34.816225 34.804914 34.783835 34.745420 34.676838 34.556662 34.349404 33.996355 33.399610 32.392964 30.686938 27.764435 22.698526 13.955837 0.000000 
50.000000 48.804849 47.654532 46.588843 45.638437 44.822375 44.147590 43.610128 43.197648 42.892521 42.674878 42.525124 42.425681 42.361924 42.322435 42.298798 42.285115 42.277453 42.273299 42.271118 42.270008 42.269460 42.269198 42.269076 42.269020 42.268995 42.268982 42.268970 42.268951 42.268911 42.268824 42.268637 42.268241 42.267427 42.265794 42.262598 42.256486 42.245061 42.224157 42.186642 42.120442 42.005159 41.806025 41.462337 40.863288 39.792103 37.781816 33.698694 24.402424 0.000000 
50.000000 50.000000 50.000000 50.000000 50.000000 50.000000 50.000000 50.000000 50.000000 50.000000 50.000000 50.000000 50.000000 50.000000 50.000000 50.000000 50.000000 50.000000 50.000000 50.000000 50.000000 50.000000 50.000000 50.000000 50.000000 50.000000 50.000000 50.000000 50.000000 50.000000 50.000000 50.000000 50.000000 50.000000 50.000000 50.000000 50.000000 50.000000 50.000000 50.000000 50.000000 50.000000 50.000000 50.000000 50.000000 50.000000 50.000000 50.000000 50.000000 50.000000 
