50.000000 50.000000 50.000000 50.000000 50.000000 50.000000 50.000000 50.000000 50.000000 50.000000 50.000000 50.000000 50.000000 50.000000 50.000000 50.000000 50.000000 50.000000 50.000000 50.000000 50.000000 50.000000 50.000000 50.000000 50.000000 50.000000 50.000000 50.000000 50.000000 50.000000 50.000000 50.000000 50.000000 50.000000 50.000000 50.000000 50.000000 50.000000 50.000000 50.000000 50.000000 50.000000 50.000000 50.000000 50.000000 50.000000 50.000000 50.000000 50.000000 50.000000 
50.000000 48.079652 46.274977 44.680781 43.356397 42.320985 41.558518 41.029110 40.682109 40.467129 40.341068 40.271004 40.234043 40.215508 40.206661 40.202635 40.200886 40.200160 40.199871 40.199761 40.199721 40.199707 40.199702 40.199701 40.199700 40.199700 40.199700 40.199700 40.199700 40.199699 40.199697 40.199690 40.199671 40.199618 40.199476 40.199108 40.198191 40.195984 40.190866 40.179397 40.154542 40.102292 39.995316 39.780635 39.354244 38.503683 36.762239 32.991212 24.039826 0.000000 
50.000000 46.274977 42.774341 39.681996 37.113039 35.104630 33.625673 32.598796 31.925737 31.508760 31.264255 31.128365 31.056678 31.020731 31.003573 30.995765 30.992373 30.990965 30.990405 30.990192 30.990114 30.990087 30.990078 30.990075 30.990074 30.990073 30.990073 30.990073 30.990073 30.990071 30.990067 30.990056 30.990021 30.989927 30.989672 30.989017 30.987385 30.983474 30.974437 30.954301 30.910980 30.820830 30.638913 30.281620 29.595317 28.298495 25.874495 21.387170 13.283765 0.000000 
50.000000 44.680781 39.681996 35.266269 31.597956 28.730112 26.618319 25.152077 24.191064 23.595706 23.246613 23.052602 22.950258 22.898940 22.874445 22.863299 22.858458 22.856448 22.855649 22.855345 22.855233 22.855194 22.855181 22.855177 22.855175 22.855175 22.855175 22.855175 22.855174 22.855173 22.855168 22.855153 22.855110 22.854992 22.854675 22.853861 22.851844 22.847033 22.835985 22.811563 22.759561 22.652834 22.441480 22.037104 21.288747 19.948759 17.633135 13.807501 7.918542 0.000000 
50.000000 43.356397 37.113039 31.597956 27.016427 23.434705 20.797293 18.966154 17.766012 17.022536 16.586609 16.344348 16.216557 16.152482 16.121899 16.107984 16.101940 16.099431 16.098434 16.098054 16.097915 16.097866 16.097850 16.097844 16.097843 16.097842 16.097842 16.097842 16.097841 16.097840 16.097834 16.097819 16.097775 16.097652 16.097326 16.096491 16.094431 16.089547 16.078417 16.054040 16.002751 15.899088 15.697865 15.322898 14.652918 13.508214 11.649197 8.814544 4.852714 0.000000 
50.000000 42.320985 35.104630 28.730112 23.434705 19.294972 16.246740 14.130431 12.743432 11.884230 11.380469 11.100522 10.952858 10.878823 10.843487 10.827411 10.820429 10.817530 10.816378 10.815939 10.815779 10.815723 10.815704 10.815697 10.815696 10.815695 10.815695 10.815695 10.815694 10.815692 10.815688 10.815674 10.815633 10.815523 10.815229 10.814479 10.812641 10.808311 10.798522 10.777295 10.733179 10.645372 10.478193 10.174180 9.647486 8.781787 7.441365 5.509313 2.966741 0.000000 
50.000000 41.558518 33.625673 26.618319 20.797293 16.246740 12.896087 10.569880 9.045366 8.101012 7.547346 7.239680 7.077403 6.996044 6.957216 6.939551 6.931879 6.928694 6.927429 6.926947 6.926771 6.926709 6.926688 6.926681 6.926679 6.926679 6.926678 6.926678 6.926678 6.926676 6.926673 6.926661 6.926628 6.926538 6.926300 6.925696 6.924223 6.920777 6.913049 6.896457 6.862383 6.795545 6.670526 6.448043 6.072560 5.474394 4.581215 3.344054 1.777882 0.000000 
50.000000 41.029110 32.598796 25.152077 18.966154 14.130431 10.569880 8.098014 6.478088 5.474665 4.886389 4.559502 4.387095 4.300661 4.259412 4.240647 4.232498 4.229115 4.227771 4.227260 4.227073 4.227007 4.226985 4.226978 4.226975 4.226975 4.226974 4.226974 4.226974 4.226973 4.226970 4.226961 4.226937 4.226870 4.226694 4.226250 4.225173 4.222671 4.217105 4.205266 4.181224 4.134687 4.049007 3.899354 3.652238 3.268289 2.710597 1.959883 1.033794 0.000000 
50.000000 40.682109 31.925737 24.191064 17.766012 12.743432 9.045366 6.478088 4.795676 3.753577 3.142645 2.803180 2.624145 2.534392 2.491561 2.472077 2.463616 2.460104 2.458708 2.458177 2.457983 2.457915 2.457892 2.457884 2.457882 2.457881 2.457881 2.457881 2.457881 2.457880 2.457878 2.457872 2.457855 2.457810 2.457690 2.457389 2.456663 2.454988 2.451290 2.443492 2.427818 2.397838 2.343401 2.249821 2.098059 1.866924 1.538229 1.104907 0.579817 0.000000 
50.000000 40.467129 31.508760 23.595706 17.022536 11.884230 8.101012 5.474665 3.753577 2.687544 2.062596 1.715353 1.532220 1.440415 1.396607 1.376678 1.368025 1.364433 1.363006 1.362463 1.362264 1.362194 1.362171 1.362163 1.362161 1.362160 1.362160 1.362160 1.362160 1.362159 1.362158 1.362154 1.362143 1.362114 1.362039 1.361850 1.361395 1.360353 1.358069 1.353290 1.343772 1.325759 1.293441 1.238628 1.151052 1.019785 0.836145 0.597780 0.312587 0.000000 
50.000000 40.341068 31.264255 23.246613 16.586609 11.380469 7.547346 4.886389 3.142645 2.062596 1.429443 1.077646 0.892117 0.799112 0.754732 0.734544 0.725778 0.722140 0.720694 0.720144 0.719943 0.719872 0.719848 0.719840 0.719838 0.719837 0.719837 0.719837 0.719837 0.719837 0.719836 0.719834 0.719827 0.719810 0.719765 0.719654 0.719389 0.718783 0.717463 0.714721 0.709306 0.699153 0.681123 0.650889 0.603174 0.532569 0.435051 0.309953 0.161670 0.000000 
50.000000 40.271004 31.128365 23.052602 16.344348 11.100522 7.239680 4.559502 2.803180 1.715353 1.077646 0.723325 0.536466 0.442796 0.398100 0.377768 0.368940 0.365276 0.363820 0.363266 0.363063 0.362992 0.362968 0.362960 0.362958 0.362957 0.362957 0.362957 0.362957 0.362957 0.362956 0.362955 0.362951 0.362942 0.362917 0.362856 0.362710 0.362379 0.361663 0.360184 0.357284 0.351890 0.342397 0.326631 0.302000 0.265931 0.216617 0.153927 0.080139 0.000000 
50.000000 40.234043 31.056678 22.950258 16.216557 10.952858 7.077403 4.387095 2.624145 1.532220 0.892117 0.536466 0.348908 0.254888 0.210025 0.189618 0.180757 0.177080 0.175618 0.175062 0.174859 0.174788 0.174763 0.174756 0.174753 0.174752 0.174752 0.174752 0.174752 0.174752 0.174752 0.174751 0.174749 0.174744 0.174731 0.174700 0.174624 0.174454 0.174087 0.173334 0.171867 0.169157 0.164423 0.156626 0.144547 0.127010 0.103225 0.073205 0.038058 0.000000 
50.000000 40.215508 31.020731 22.898940 16.152482 10.878823 6.996044 4.300661 2.534392 1.440415 0.799112 0.442796 0.254888 0.160694 0.115748 0.095303 0.086426 0.082741 0.081278 0.080720 0.080517 0.080445 0.080421 0.080413 0.080411 0.080410 0.080410 0.080410 0.080410 0.080410 0.080410 0.080409 0.080408 0.080406 0.080400 0.080384 0.080347 0.080264 0.080086 0.079723 0.079020 0.077728 0.075487 0.071821 0.066182 0.058051 0.047096 0.033346 0.017318 0.000000 
50.000000 40.206661 31.003573 22.874445 16.121899 10.843487 6.957216 4.259412 2.491561 1.396607 0.754732 0.398100 0.210025 0.115748 0.070762 0.050299 0.041414 0.037727 0.036262 0.035704 0.035500 0.035428 0.035404 0.035396 0.035394 0.035393 0.035393 0.035393 0.035393 0.035393 0.035393 0.035393 0.035392 0.035391 0.035388 0.035381 0.035364 0.035326 0.035244 0.035078 0.034757 0.034172 0.033162 0.031520 0.029008 0.025408 0.020584 0.014556 0.007553 0.000000 
50.000000 40.202635 30.995765 22.863299 16.107984 10.827411 6.939551 4.240647 2.472077 1.376678 0.734544 0.377768 0.189618 0.095303 0.050299 0.029829 0.020940 0.017251 0.015785 0.015227 0.015024 0.014952 0.014928 0.014920 0.014918 0.014917 0.014917 0.014917 0.014916 0.014916 0.014916 0.014916 0.014916 0.014916 0.014914 0.014911 0.014904 0.014887 0.014851 0.014779 0.014640 0.014387 0.013953 0.013250 0.012182 0.010658 0.008624 0.006092 0.003159 0.000000 
50.000000 40.200886 30.992373 22.858458 16.101940 10.820429 6.931879 4.232498 2.463616 1.368025 0.725778 0.368940 0.180757 0.086426 0.041414 0.020940 0.012050 0.008360 0.006895 0.006336 0.006133 0.006061 0.006037 0.006029 0.006027 0.006026 0.006026 0.006025 0.006025 0.006025 0.006025 0.006025 0.006025 0.006025 0.006025 0.006023 0.006020 0.006013 0.005998 0.005968 0.005910 0.005806 0.005628 0.005341 0.004906 0.004288 0.003466 0.002447 0.001268 0.000000 
50.000000 40.200160 30.990965 22.856448 16.099431 10.817530 6.928694 4.229115 2.460104 1.364433 0.722140 0.365276 0.177080 0.082741 0.037727 0.017251 0.008360 0.004670 0.003204 0.002646 0.002442 0.002371 0.002347 0.002339 0.002336 0.002336 0.002335 0.002335 0.002335 0.002335 0.002335 0.002335 0.002335 0.002335 0.002335 0.002334 0.002333 0.002330 0.002324 0.002312 0.002290 0.002248 0.002178 0.002066 0.001896 0.001656 0.001338 0.000944 0.000489 0.000000 
50.000000 40.199871 30.990405 22.855649 16.098434 10.816378 6.927429 4.227771 2.458708 1.363006 0.720694 0.363820 0.175618 0.081278 0.036262 0.015785 0.006895 0.003204 0.001738 0.001180 0.000976 0.000905 0.000881 0.000873 0.000870 0.000869 0.000869 0.000869 0.000869 0.000869 0.000869 0.000869 0.000869 0.000869 0.000869 0.000869 0.000868 0.000867 0.000865 0.000860 0.000852 0.000836 0.000810 0.000768 0.000704 0.000615 0.000496 0.000350 0.000181 0.000000 
50.000000 40.199761 30.990192 22.855345 16.098054 10.815939 6.926947 4.227260 2.458177 1.362463 0.720144 0.363266 0.175062 0.080720 0.035704 0.015227 0.006336 0.002646 0.001180 0.000622 0.000418 0.000347 0.000322 0.000315 0.000312 0.000311 0.000311 0.000311 0.000311 0.000311 0.000311 0.000311 0.000311 0.000311 0.000311 0.000311 0.000311 0.000310 0.000309 0.000308 0.000305 0.000299 0.000290 0.000274 0.000252 0.000219 0.000177 0.000125 0.000065 0.000000 
50.000000 40.199721 30.990114 22.855233 16.097915 10.815779 6.926771 4.227073 2.457983 1.362264 0.719943 0.363063 0.174859 0.080517 0.035500 0.015024 0.006133 0.002442 0.000976 0.000418 0.000214 0.000143 0.000118 0.000111 0.000108 0.000107 0.000107 0.000107 0.000107 0.000107 0.000107 0.000107 0.000107 0.000107 0.000107 0.000107 0.000107 0.000107 0.000107 0.000106 0.000105 0.000103 0.000100 0.000094 0.000086 0.000075 0.000061 0.000043 0.000022 0.000000 
50.000000 40.199707 30.990087 22.855194 16.097866 10.815723 6.926709 4.227007 2.457915 1.362194 0.719872 0.362992 0.174788 0.080445 0.035428 0.014952 0.006061 0.002371 0.000905 0.000347 0.000143 0.000071 0.000047 0.000039 0.000037 0.000036 0.000036 0.000036 0.000036 0.000036 0.000036 0.000036 0.000036 0.000036 0.000036 0.000036 0.000035 0.000035 0.000035 0.000035 0.000035 0.000034 0.000033 0.000031 0.000029 0.000025 0.000020 0.000014 0.000007 0.000000 
50.000000 40.199702 30.990078 22.855181 16.097850 10.815704 6.926688 4.226985 2.457892 1.362171 0.719848 0.362968 0.174763 0.080421 0.035404 0.014928 0.006037 0.002347 0.000881 0.000322 0.000118 0.000047 0.000023 0.000015 0.000012 0.000012 0.000011 0.000011 0.000011 0.000011 0.000011 0.000011 0.000011 0.000011 0.000011 0.000011 0.000011 0.000011 0.000011 0.000011 0.000011 0.000011 0.000011 0.000010 0.000009 0.000008 0.000006 0.000005 0.000002 0.000000 
50.000000 40.199701 30.990075 22.855177 16.097845 10.815698 6.926681 4.226978 2.457884 1.362163 0.719840 0.362960 0.174756 0.080413 0.035397 0.014920 0.006029 0.002339 0.000873 0.000315 0.000111 0.000039 0.000015 0.000007 0.000005 0.000004 0.000004 0.000004 0.000004 0.000004 0.000004 0.000004 0.000004 0.000004 0.000004 0.000004 0.000004 0.000004 0.000004 0.000004 0.000004 0.000003 0.000003 0.000003 0.000003 0.000003 0.000002 0.000001 0.000001 0.000000 
50.000000 40.199700 30.990074 22.855176 16.097843 10.815696 6.926679 4.226976 2.457882 1.362161 0.719838 0.362958 0.174753 0.080411 0.035394 0.014918 0.006027 0.002337 0.000871 0.000312 0.000108 0.000037 0.000013 0.000005 0.000002 0.000002 0.000001 0.000001 0.000001 0.000001 0.000001 0.000001 0.000001 0.000001 0.000001 0.000001 0.000001 0.000001 0.000001 0.000001 0.000001 0.000001 0.000001 0.000001 0.000001 0.000001 0.000001 0.000001 0.000000 0.000000 
50.000000 40.199700 30.990074 22.855176 16.097843 10.815696 6.926679 4.226976 2.457882 1.362161 0.719838 0.362958 0.174753 0.080411 0.035394 0.014918 0.006027 0.002337 0.000871 0.000312 0.000108 0.000037 0.000013 0.000005 0.000002 0.000002 0.000001 0.000001 0.000001 0.000001 0.000001 0.000001 0.000001 0.000001 0.000001 0.000001 0.000001 0.000001 0.000001 0.000001 0.000001 0.000001 0.000001 0.000001 0.000001 0.000001 0.000001 0.000001 0.000000 0.000000 
50.000000 40.199701 30.990075 22.855177 16.097845 10.815698 6.926681 4.226978 2.457884 1.362163 0.719840 0.362960 0.174756 0.080413 0.035397 0.014920 0.006029 0.002339 0.000873 0.000315 0.000111 0.000039 0.000015 0.000007 0.000005 0.000004 0.000004 0.000004 0.000004 0.000004 0.000004 0.000004 0.000004 0.000004 0.000004 0.000004 0.000004 0.000004 0.000004 0.000004 0.000004 0.000003 0.000003 0.000003 0.000003 0.000003 0.000002 0.000001 0.000001 0.000000 
50.000000 40.199702 30.990078 22.855181 16.097850 10.815704 6.926688 4.226985 2.457892 1.362171 0.719848 0.362968 0.174763 0.080421 0.035404 0.014928 0.006037 0.002347 0.000881 0.000322 0.000118 0.000047 0.000023 0.000015 0.000012 0.000012 0.000011 0.000011 0.000011 0.000011 0.000011 0.000011 0.000011 0.000011 0.000011 0.000011 0.000011 0.000011 0.000011 0.000011 0.000011 0.000011 0.000011 0.000010 0.000009 0.000008 0.000006 0.000005 0.000002 0.000000 
50.000000 40.199707 30.990087 22.855194 16.097866 10.815723 6.926709 4.227007 2.457915 1.362194 0.719872 0.362992 0.174788 0.080445 0.035428 0.014952 0.006061 0.002371 0.000905 0.000347 0.000143 0.000071 0.000047 0.000039 0.000037 0.000036 0.000036 0.000036 0.000036 0.000036 0.000036 0.000036 0.000036 0.000036 0.000036 0.000036 0.000035 0.000035 0.000035 0.000035 0.000035 0.000034 0.000033 0.000031 0.000029 0.000025 0.000020 0.000014 0.000007 0.000000 
50.000000 40.199721 30.990114 22.855233 16.097915 10.815779 6.926771 4.227073 2.457983 1.362264 0.719943 0.363063 0.174859 0.080517 0.035500 0.015024 0.006133 0.002442 0.000976 0.000418 0.000214 0.000143 0.000118 0.000111 0.000108 0.000107 0.000107 0.000107 0.000107 0.000107 0.000107 0.000107 0.000107 0.000107 0.000107 0.000107 0.000107 0.000107 0.000107 0.000106 0.000105 0.000103 0.000100 0.000094 0.000086 0.000075 0.000061 0.000043 0.000022 0.000000 
50.000000 40.199761 30.990192 22.855345 16.098054 10.815939 6.926947 4.227260 2.458177 1.362463 0.720144 0.363266 0.175062 0.080720 0.035704 0.015227 0.006336 0.002646 0.001180 0.000622 0.000418 0.000347 0.000322 0.000315 0.000312 0.000311 0.000311 0.000311 0.000311 0.000311 0.000311 0.000311 0.000311 0.000311 0.000311 0.000311 0.000311 0.000310 0.000309 0.000308 0.000305 0.000299 0.000290 0.000274 0.000252 0.000219 0.000177 0.000125 0.000065 0.000000 
50.000000 40.199871 30.990405 22.855649 16.098434 10.816378 6.927429 4.227771 2.458708 1.363006 0.720694 0.363820 0.175618 0.081278 0.036262 0.015785 0.006895 0.003204 0.001738 0.001180 0.000976 0.000905 0.000881 0.000873 0.000870 0.000869 0.000869 0.000869 0.000869 0.000869 0.000869 0.000869 0.000869 0.000869 0.000869 0.000869 0.000868 0.000867 0.000865 0.000860 0.000852 0.000836 0.000810 0.000768 0.000704 0.000615 0.000496 0.000350 0.000181 0.000000 
50.000000 40.200160 30.990965 22.856448 16.099431 10.817530 6.928694 4.229115 2.460104 1.364433 0.722140 0.365276 0.177080 0.082741 0.037727 0.017251 0.008360 0.004670 0.003204 0.002646 0.002442 0.002371 0.002347 0.002339 0.002336 0.002336 0.002335 0.002335 0.002335 0.002335 0.002335 0.002335 0.002335 0.002335 0.002335 0.002334 0.002333 0.002330 0.002324 0.002312 0.002290 0.002248 0.002178 0.002066 0.001896 0.001656 0.001338 0.000944 0.000489 0.000000 
50.000000 40.200886 30.992373 22.858458 16.101940 10.820429 6.931879 4.232498 2.463616 1.368025 0.725778 0.368940 0.180757 0.086426 0.041414 0.020940 0.012050 0.008360 0.006895 0.006336 0.006133 0.006061 0.006037 0.006029 0.006027 0.006026 0.006026 0.006025 0.006025 0.006025 0.006025 0.006025 0.006025 0.006025 0.006025 0.006023 0.006020 0.006013 0.005998 0.005968 0.005910 0.005806 0.005628 0.005341 0.004906 0.004288 0.003466 0.002447 0.001268 0.000000 
50.000000 40.202635 30.995765 22.863299 16.107984 10.827411 6.939551 4.240647 2.472077 1.376678 0.734544 0.377768 0.189618 0.095303 0.050299 0.029829 0.020940 0.017251 0.015785 0.015227 0.015024 0.014952 0.014928 0.014920 0.014918 0.014917 0.014917 0.014917 0.014916 0.014916 0.014916 0.014916 0.014916 0.014916 0.014914 0.014911 0.014904 0.014887 0.014851 0.014779 0.014640 0.014387 0.013953 0.013250 0.012182 0.010658 0.008624 0.006092 0.003159 0.000000 
50.000000 40.206661 31.003573 22.874445 16.121899 10.843487 6.957216 4.259412 2.491561 1.396607 0.754732 0.398100 0.210025 0.115748 0.070762 0.050299 0.041414 0.037727 0.036262 0.035704 0.035500 0.035428 0.035404 0.035396 0.035394 0.035393 0.035393 0.035393 0.035393 0.035393 0.035393 0.035393 0.035392 0.035391 0.035388 0.035381 0.035364 0.035326 0.035244 0.035078 0.034757 0.034172 0.033162 0.031520 0.029008 0.025408 0.020584 0.014556 0.007553 0.000000 
50.000000 40.215508 31.020731 22.898940 16.152482 10.878823 6.996044 4.300661 2.534392 1.440415 0.799112 0.442796 0.254888 0.160694 0.115748 0.095303 0.086426 0.082741 0.081278 0.080720 0.080517 0.080445 0.080421 0.080413 0.080411 0.080410 0.080410 0.080410 0.080410 0.080410 0.080410 0.080409 0.080408 0.080406 0.080400 0.080384 0.080347 0.080264 0.080086 0.079723 0.079020 0.077728 0.075487 0.071821 0.066182 0.058051 0.047096 0.033346 0.017318 0.000000 
50.000000 40.234043 31.056678 22.950258 16.216557 10.952858 7.077403 4.387095 2.624145 1.532220 0.892117 0.536466 0.348908 0.254888 0.210025 0.189618 0.180757 0.177080 0.175618 0.175062 0.174859 0.174788 0.174763 0.174756 0.174753 0.174752 0.174752 0.174752 0.174752 0.174752 0.174752 0.174751 0.174749 0.174744 0.174731 0.174700 0.174624 0.174454 0.174087 0.173334 0.171867 0.169157 0.164423 0.156626 0.144547 0.127010 0.103225 0.073205 0.038058 0.000000 
50.000000 40.271004 31.128365 23.052602 16.344348 11.100522 7.239680 4.559502 2.803180 1.715353 1.077646 0.723325 0.536466 0.442796 0.398100 0.377768 0.368940 0.365276 0.363820 0.363266 0.363063 0.362992 0.362968 0.362960 0.362958 0.362957 0.362957 0.362957 0.362957 0.362957 0.362956 0.362955 0.362951 0.362942 0.362917 0.362856 0.362710 0.362379 0.361663 0.360184 0.357284 0.351890 0.342397 0.326631 0.302000 0.265931 0.216617 0.153927 0.080139 0.000000 
50.000000 40.341068 31.264255 23.246613 16.586609 11.380469 7.547346 4.886389 3.142645 2.062596 1.429443 1.077646 0.892117 0.799112 0.754732 0.734544 0.725778 0.722140 0.720694 0.720144 0.719943 0.719872 0.719848 0.719840 0.719838 0.719837 0.719837 0.719837 0.719837 0.719837 0.719836 0.719834 0.719827 0.719810 0.719765 0.719654 0.719389 0.718783 0.717463 0.714721 0.709306 0.699153 0.681123 0.650889 0.603174 0.532569 0.435051 0.309953 0.161670 0.000000 
50.000000 40.467129 31.508760 23.595706 17.022536 11.884230 8.101012 5.474665 3.753577 2.687544 2.062596 1.715353 1.532220 1.440415 1.396607 1.376678 1.368025 1.364433 1.363006 1.362463 1.362264 1.362194 1.362171 1.362163 1.362161 1.362160 1.362160 1.362160 1.362160 1.362159 1.362158 1.362154 1.362143 1.362114 1.362039 1.361850 1.361395 1.360353 1.358069 1.353290 1.343772 1.325759 1.293441 1.238628 1.151052 1.019785 0.836145 0.597780 0.312587 0.000000 
50.000000 40.682109 31.925737 24.191064 17.766012 12.743432 9.045366 6.478088 4.795676 3.753577 3.142645 2.803180 2.624145 2.534392 2.491561 2.472077 2.463616 2.460104 2.458708 2.458177 2.457983 2.457915 2.457892 2.457884 2.457882 2.457881 2.457881 2.457881 2.457881 2.457880 2.457878 2.457872 2.457855 2.457810 2.457690 2.457389 2.456663 2.454988 2.451290 2.443492 2.427818 2.397838 2.343401 2.249821 2.098059 1.866924 1.538229 1.104907 0.579817 0.000000 
50.000000 41.029110 32.598796 25.152077 18.966154 14.130431 10.569880 8.098014 6.478088 5.474665 4.886389 4.559502 4.387095 4.300661 4.259412 4.240647 4.232498 4.229115 4.227771 4.227260 4.227073 4.227007 4.226985 4.226978 4.226975 4.226975 4.226974 4.226974 4.226974 4.226973 4.226970 4.226961 4.226937 4.226870 4.226694 4.226250 4.225173 4.222671 4.217105 4.205266 4.181224 4.134687 4.049007 3.899354 3.652238 3.268289 2.710597 1.959883 1.033794 0.000000 
50.000000 41.558518 33.625673 26.618319 20.797293 16.246740 12.896087 10.569880 9.045366 8.101012 7.547346 7.239680 7.077403 6.996044 6.957216 6.939551 6.931879 6.928694 6.927429 6.926947 6.926771 6.926709 6.926688 6.926681 6.926679 6.926679 6.926678 6.926678 6.926678 6.926676 6.926673 6.926661 6.926628 6.926538 6.926300 6.925696 6.924223 6.920777 6.913049 6.896457 6.862383 6.795545 6.670526 6.448043 6.072560 5.474394 4.581215 3.344054 1.777882 0.000000 
50.000000 42.320985 35.104630 28.730112 23.434705 19.294972 16.246740 14.130431 12.743432 11.884230 11.380469 11.100522 10.952858 10.878823 10.843487 10.827411 10.820429 10.817530 10.816378 10.815939 10.815779 10.815723 10.815704 10.815697 10.815696 10.815695 10.815695 10.815695 10.815694 10.815692 10.815688 10.815674 10.815633 10.815523 10.815229 10.814479 10.812641 10.808311 10.798522 10.777295 10.733179 10.645372 10.478193 10.174180 9.647486 8.781787 7.441365 5.509313 2.966741 0.000000 
50.000000 43.356397 37.113039 31.597956 27.016427 23.434705 20.797293 18.966154 17.766012 17.022536 16.586609 16.344348 16.216557 16.152482 16.121899 16.107984 16.101940 16.099431 16.098434 16.098054 16.097915 16.097866 16.097850 16.097844 16.097843 16.097842 16.097842 16.097842 16.097841 16.097840 16.097834 16.097819 16.097775 16.097652 16.097326 16.096491 16.094431 16.089547 16.078417 16.054040 16.002751 15.899088 15.697865 15.322898 14.652918 13.508214 11.649197 8.814544 4.852714 0.000000 
50.000000 44.680781 39.681996 35.266269 31.597956 28.730112 26.618319 25.152077 24.191064 23.595706 23.246613 23.052602 22.950258 22.898940 22.874445 22.863299 22.858458 22.856448 22.855649 22.855345 22.855233 22.855194 22.855181 22.855177 22.855175 22.855175 22.855175 22.855175 22.855174 22.855173 22.855168 22.855153 22.855110 22.854992 22.854675 22.853861 22.851844 22.847033 22.835985 22.811563 22.759561 22.652834 22.441480 22.037104 21.288747 19.948759 17.633135 13.807501 7.918542 0.000000 
50.000000 46.274977 42.774341 39.681996 37.113039 35.104630 33.625673 32.598796 31.925737 31.508760 31.264255 31.128365 31.056678 31.020731 31.003573 30.995765 30.992373 30.990965 30.990405 30.990192 30.990114 30.990087 30.990078 30.990075 30.990074 30.990073 30.990073 30.990073 30.990073 30.990071 30.990067 30.990056 30.990021 30.989927 30.989672 30.989017 30.987385 30.983474 30.974437 30.954301 30.910980 30.820830 30.638913 30.281620 29.595317 28.298495 25.874495 21.387170 13.283765 0.000000 
50.000000 48.079652 46.274977 44.680781 43.356397 42.320985 41.558518 41.029110 40.682109 40.467129 40.341068 40.271004 40.234043 40.215508 40.206661 40.202635 40.200886 40.200160 40.199871 40.199761 40.199721 40.199707 40.199702 40.199701 40.199700 40.199700 40.199700 40.199700 40.199700 40.199699 40.199697 40.199690 40.199671 40.199618 40.199476 40.199108 40.198191 40.195984 40.190866 40.179397 40.154542 40.102292 39.995316 39.780635 39.354244 38.503683 36.762239 32.991212 24.039826 0.000000 
50.000000 50.000000 50.000000 50.000000 50.000000 50.000000 50.000000 50.000000 50.000000 50.000000 50.000000 50.000000 50.000000 50.000000 50.000000 50.000000 50.000000 50.000000 50.000000 50.000000 50.000000 50.000000 50.000000 50.000000 50.000000 50.000000 50.000000 50.000000 50.000000 50.000000 50.000000 50.000000 50.000000 50.000000 50.000000 50.000000 50.000000 50.000000 50.000000 50.000000 50.000000 50.000000 50.000000 50.000000 50.000000 50.000000 50.000000 50.000000 50.000000 50.000000 
