50.000000 50.000000 50.000000 50.000000 50.000000 50.000000 50.000000 50.000000 50.000000 50.000000 50.000000 50.000000 50.000000 50.000000 50.000000 50.000000 50.000000 50.000000 50.000000 50.000000 50.000000 50.000000 50.000000 50.000000 50.000000 50.000000 50.000000 50.000000 50.000000 50.000000 50.000000 50.000000 50.000000 50.000000 50.000000 50.000000 50.000000 50.000000 50.000000 50.000000 50.000000 50.000000 50.000000 50.000000 50.000000 50.000000 50.000000 50.000000 50.000000 50.000000 
50.000000 42.156932 36.218905 32.733347 31.097790 30.466496 30.261161 30.203754 30.189732 30.186700 30.186113 30.186011 30.185994 30.185992 30.185992 30.185992 30.185992 30.185992 30.185992 30.185992 30.185992 30.185992 30.185992 30.185992 30.185992 30.185992 30.185992 30.185992 30.185992 30.185992 30.185992 30.185992 30.185992 30.185992 30.185992 30.185992 30.185992 30.185991 30.185991 30.185984 30.185940 30.185676 30.184208 30.176782 30.142563 29.999201 29.451196 27.518477 21.078466 0.000000 
50.000000 36.218905 25.787124 19.665803 16.794674 15.687024 15.326945 15.226332 15.201772 15.196465 15.195439 15.195259 15.195231 15.195227 15.195226 15.195226 15.195226 15.195226 15.195226 15.195226 15.195226 15.195226 15.195226 15.195226 15.195226 15.195226 15.195226 15.195226 15.195226 15.195226 15.195226 15.195226 15.195226 15.195226 15.195226 15.195226 15.195226 15.195226 15.195225 15.195217 15.195166 15.194862 15.193201 15.184977 15.148302 15.002138 14.486216 12.893562 8.700427 0.000000 
50.000000 32.733347 19.665803 12.000581 8.406978 7.021350 6.571170 6.445460 6.414794 6.408172 6.406892 6.406669 6.406633 6.406628 6.406627 6.406627 6.406627 6.406627 6.406627 6.406627 6.406627 6.406627 6.406627 6.406627 6.406627 6.406627 6.406627 6.406627 6.406627 6.406627 6.406627 6.406627 6.406627 6.406627 6.406627 6.406627 6.406627 6.406627 6.406626 6.406621 6.406587 6.406387 6.405307 6.400065 6.377329 6.290253 6.000291 5.179587 3.282151 0.000000 
50.000000 31.097790 16.794674 8.406978 4.476054 2.960978 2.468960 2.331631 2.298148 2.290921 2.289525 2.289281 2.289242 2.289237 2.289236 2.289236 2.289236 2.289236 2.289236 2.289236 2.289236 2.289236 2.289236 2.289236 2.289236 2.289236 2.289236 2.289236 2.289236 2.289236 2.289236 2.289236 2.289236 2.289236 2.289236 2.289236 2.289236 2.289236 2.289235 2.289233 2.289217 2.289122 2.288619 2.286212 2.275996 2.238027 2.116725 1.792536 1.098589 0.000000 
50.000000 30.466496 15.687024 7.021350 2.960978 1.396376 0.888404 0.746660 0.712110 0.704655 0.703215 0.702964 0.702924 0.702918 0.702917 0.702917 0.702917 0.702917 0.702917 0.702917 0.702917 0.702917 0.702917 0.702917 0.702917 0.702917 0.702917 0.702917 0.702917 0.702917 0.702917 0.702917 0.702917 0.702917 0.702917 0.702917 0.702917 0.702917 0.702917 0.702916 0.702910 0.702875 0.702691 0.701821 0.698188 0.684982 0.644021 0.538722 0.323933 0.000000 
50.000000 30.261161 15.326945 6.571170 2.468960 0.888404 0.375311 0.232155 0.197266 0.189738 0.188284 0.188031 0.187991 0.187985 0.187984 0.187984 0.187984 0.187984 0.187984 0.187984 0.187984 0.187984 0.187984 0.187984 0.187984 0.187984 0.187984 0.187984 0.187984 0.187984 0.187984 0.187984 0.187984 0.187984 0.187984 0.187984 0.187984 0.187984 0.187984 0.187983 0.187982 0.187971 0.187915 0.187655 0.186583 0.182748 0.171105 0.141968 0.084380 0.000000 
50.000000 30.203754 15.226332 6.445460 2.331631 0.746660 0.232155 0.088612 0.053629 0.046082 0.044625 0.044371 0.044330 0.044324 0.044324 0.044324 0.044324 0.044324 0.044324 0.044324 0.044324 0.044324 0.044324 0.044324 0.044324 0.044324 0.044324 0.044324 0.044324 0.044324 0.044324 0.044324 0.044324 0.044324 0.044324 0.044324 0.044324 0.044324 0.044324 0.044323 0.044323 0.044320 0.044306 0.044240 0.043969 0.043012 0.040153 0.033130 0.019545 0.000000 
50.000000 30.189732 15.201772 6.414794 2.298148 0.712110 0.197266 0.053629 0.018625 0.011073 0.009615 0.009360 0.009320 0.009314 0.009313 0.009313 0.009313 0.009313 0.009313 0.009313 0.009313 0.009313 0.009313 0.009313 0.009313 0.009313 0.009313 0.009313 0.009313 0.009313 0.009313 0.009313 0.009313 0.009313 0.009313 0.009313 0.009313 0.009313 0.009313 0.009313 0.009313 0.009312 0.009309 0.009295 0.009235 0.009026 0.008408 0.006910 0.004056 0.000000 
50.000000 30.186700 15.196465 6.408172 2.290921 0.704655 0.189738 0.046082 0.011073 0.003520 0.002062 0.001807 0.001767 0.001761 0.001760 0.001760 0.001760 0.001760 0.001760 0.001760 0.001760 0.001760 0.001760 0.001760 0.001760 0.001760 0.001760 0.001760 0.001760 0.001760 0.001760 0.001760 0.001760 0.001760 0.001760 0.001760 0.001760 0.001760 0.001760 0.001760 0.001760 0.001760 0.001759 0.001756 0.001745 0.001704 0.001585 0.001299 0.000760 0.000000 
50.000000 30.186113 15.195439 6.406892 2.289525 0.703215 0.188284 0.044625 0.009615 0.002062 0.000603 0.000349 0.000308 0.000303 0.000302 0.000302 0.000302 0.000302 0.000302 0.000302 0.000302 0.000302 0.000302 0.000302 0.000302 0.000302 0.000302 0.000302 0.000302 0.000302 0.000302 0.000302 0.000302 0.000302 0.000302 0.000302 0.000302 0.000302 0.000302 0.000302 0.000302 0.000302 0.000302 0.000301 0.000299 0.000292 0.000271 0.000222 0.000129 0.000000 
50.000000 30.186011 15.195259 6.406669 2.289281 0.702964 0.188031 0.044371 0.009360 0.001807 0.000349 0.000094 0.000054 0.000048 0.000047 0.000047 0.000047 0.000047 0.000047 0.000047 0.000047 0.000047 0.000047 0.000047 0.000047 0.000047 0.000047 0.000047 0.000047 0.000047 0.000047 0.000047 0.000047 0.000047 0.000047 0.000047 0.000047 0.000047 0.000047 0.000047 0.000047 0.000047 0.000047 0.000047 0.000047 0.000046 0.000042 0.000035 0.000020 0.000000 
50.000000 30.185994 15.195231 6.406633 2.289242 0.702924 0.187991 0.044330 0.009320 0.001767 0.000308 0.000054 0.000014 0.000008 0.000007 0.000007 0.000007 0.000007 0.000007 0.000007 0.000007 0.000007 0.000007 0.000007 0.000007 0.000007 0.000007 0.000007 0.000007 0.000007 0.000007 0.000007 0.000007 0.000007 0.000007 0.000007 0.000007 0.000007 0.000007 0.000007 0.000007 0.000007 0.000007 0.000007 0.000007 0.000007 0.000006 0.000005 0.000003 0.000000 
50.000000 30.185992 15.195227 6.406628 2.289237 0.702918 0.187985 0.044324 0.009314 0.001761 0.000303 0.000048 0.000008 0.000002 0.000001 0.000001 0.000001 0.000001 0.000001 0.000001 0.000001 0.000001 0.000001 0.000001 0.000001 0.000001 0.000001 0.000001 0.000001 0.000001 0.000001 0.000001 0.000001 0.000001 0.000001 0.000001 0.000001 0.000001 0.000001 0.000001 0.000001 0.000001 0.000001 0.000001 0.000001 0.000001 0.000001 0.000001 0.000000 0.000000 
50.000000 30.185992 15.195226 6.406627 2.289236 0.702917 0.187984 0.044324 0.009313 0.001760 0.000302 0.000047 0.000007 0.000001 0.000000 0.000000 0.000000 0.000000 0.000000 0.000000 0.000000 0.000000 0.000000 0.000000 0.000000 0.000000 0.000000 0.000000 0.000000 0.000000 0.000000 0.000000 0.000000 0.000000 0.000000 0.000000 0.000000 0.000000 0.000000 0.000000 0.000000 0.000000 0.000000 0.000000 0.000000 0.000000 0.000000 0.000000 0.000000 0.000000 
50.000000 30.185992 15.195226 6.406627 2.289236 0.702917 0.187984 0.044324 0.009313 0.001760 0.000302 0.000047 0.000007 0.000001 0.000000 0.000000 0.000000 0.000000 0.000000 0.000000 0.000000 0.000000 0.000000 0.000000 0.000000 0.000000 0.000000 0.000000 0.000000 0.000000 0.000000 0.000000 0.000000 0.000000 0.000000 0.000000 0.000000 0.000000 0.000000 0.000000 0.000000 0.000000 0.000000 0.000000 0.000000 0.000000 0.000000 0.000000 0.000000 0.000000 
50.000000 30.185992 15.195226 6.406627 2.289236 0.702917 0.187984 0.044324 0.009313 0.001760 0.000302 0.000047 0.000007 0.000001 0.000000 0.000000 0.000000 0.000000 0.000000 0.000000 0.000000 0.000000 0.000000 0.000000 0.000000 0.000000 0.000000 0.000000 0.000000 0.000000 0.000000 0.000000 0.000000 0.000000 0.000000 0.000000 0.000000 0.000000 0.000000 0.000000 0.000000 0.000000 0.000000 0.000000 0.000000 0.000000 0.000000 0.000000 0.000000 0.000000 
50.000000 30.185992 15.195226 6.406627 2.289236 0.702917 0.187984 0.044324 0.009313 0.001760 0.000302 0.000047 0.000007 0.000001 0.000000 0.000000 0.000000 0.000000 0.000000 0.000000 0.000000 0.000000 0.000000 0.000000 0.000000 0.000000 0.000000 0.000000 0.000000 0.000000 0.000000 0.000000 0.000000 0.000000 0.000000 0.000000 0.000000 0.000000 0.000000 0.000000 0.000000 0.000000 0.000000 0.000000 0.000000 0.000000 0.000000 0.000000 0.000000 0.000000 
50.000000 30.185992 15.195226 6.406627 2.289236 0.702917 0.187984 0.044324 0.009313 0.001760 0.000302 0.000047 0.000007 0.000001 0.000000 0.000000 0.000000 0.000000 0.000000 0.000000 0.000000 0.000000 0.000000 0.000000 0.000000 0.000000 0.000000 0.000000 0.000000 0.000000 0.000000 0.000000 0.000000 0.000000 0.000000 0.000000 0.000000 0.000000 0.000000 0.000000 0.000000 0.000000 0.000000 0.000000 0.000000 0.000000 0.000000 0.000000 0.000000 0.000000 
50.000000 30.185992 15.195226 6.406627 2.289236 0.702917 0.187984 0.044324 0.009313 0.001760 0.000302 0.000047 0.000007 0.000001 0.000000 0.000000 0.000000 0.000000 0.000000 0.000000 0.000000 0.000000 0.000000 0.000000 0.000000 0.000000 0.000000 0.000000 0.000000 0.000000 0.000000 0.000000 0.000000 0.000000 0.000000 0.000000 0.000000 0.000000 0.000000 0.000000 0.000000 0.000000 0.000000 0.000000 0.000000 0.000000 0.000000 0.000000 0.000000 0.000000 
50.000000 30.185992 15.195226 6.406627 2.289236 0.702917 0.187984 0.044324 0.009313 0.001760 0.000302 0.000047 0.000007 0.000001 0.000000 0.000000 0.000000 0.000000 0.000000 0.000000 0.000000 0.000000 0.000000 0.000000 0.000000 0.000000 0.000000 0.000000 0.000000 0.000000 0.000000 0.000000 0.000000 0.000000 0.000000 0.000000 0.000000 0.000000 0.000000 0.000000 0.000000 0.000000 0.000000 0.000000 0.000000 0.000000 0.000000 0.000000 0.000000 0.000000 
50.000000 30.185992 15.195226 6.406627 2.289236 0.702917 0.187984 0.044324 0.009313 0.001760 0.000302 0.000047 0.000007 0.000001 0.000000 0.000000 0.000000 0.000000 0.000000 0.000000 0.000000 0.000000 0.000000 0.000000 0.000000 0.000000 0.000000 0.000000 0.000000 0.000000 0.000000 0.000000 0.000000 0.000000 0.000000 0.000000 0.000000 0.000000 0.000000 0.000000 0.000000 0.000000 0.000000 0.000000 0.000000 0.000000 0.000000 0.000000 0.000000 0.000000 
50.000000 30.185992 15.195226 6.406627 2.289236 0.702917 0.187984 0.044324 0.009313 0.001760 0.000302 0.000047 0.000007 0.000001 0.000000 0.000000 0.000000 0.000000 0.000000 0.000000 0.000000 0.000000 0.000000 0.000000 0.000000 0.000000 0.000000 0.000000 0.000000 0.000000 0.000000 0.000000 0.000000 0.000000 0.000000 0.000000 0.000000 0.000000 0.000000 0.000000 0.000000 0.000000 0.000000 0.000000 0.000000 0.000000 0.000000 0.000000 0.000000 0.000000 
50.000000 30.185992 15.195226 6.406627 2.289236 0.702917 0.187984 0.044324 0.009313 0.001760 0.000302 0.000047 0.000007 0.000001 0.000000 0.000000 0.000000 0.000000 0.000000 0.000000 0.000000 0.000000 0.000000 0.000000 0.000000 0.000000 0.000000 0.000000 0.000000 0.000000 0.000000 0.000000 0.000000 0.000000 0.000000 0.000000 0.000000 0.000000 0.000000 0.000000 0.000000 0.000000 0.000000 0.000000 0.000000 0.000000 0.000000 0.000000 0.000000 0.000000 
50.000000 30.185992 15.195226 6.406627 2.289236 0.702917 0.187984 0.044324 0.009313 0.001760 0.000302 0.000047 0.000007 0.000001 0.000000 0.000000 0.000000 0.000000 0.000000 0.000000 0.000000 0.000000 0.000000 0.000000 0.000000 0.000000 0.000000 0.000000 0.000000 0.000000 0.000000 0.000000 0.000000 0.000000 0.000000 0.000000 0.000000 0.000000 0.000000 0.000000 0.000000 0.000000 0.000000 0.000000 0.000000 0.000000 0.000000 0.000000 0.000000 0.000000 
50.000000 30.185992 15.195226 6.406627 2.289236 0.702917 0.187984 0.044324 0.009313 0.001760 0.000302 0.000047 0.000007 0.000001 0.000000 0.000000 0.000000 0.000000 0.000000 0.000000 0.000000 0.000000 0.000000 0.000000 0.000000 0.000000 0.000000 0.000000 0.000000 0.000000 0.000000 0.000000 0.000000 0.000000 0.000000 0.000000 0.000000 0.000000 0.000000 0.000000 0.000000 0.000000 0.000000 0.000000 0.000000 0.000000 0.000000 0.000000 0.000000 0.000000 
50.000000 30.185992 15.195226 6.406627 2.289236 0.702917 0.187984 0.044324 0.009313 0.001760 0.000302 0.000047 0.000007 0.000001 0.000000 0.000000 0.000000 0.000000 0.000000 0.000000 0.000000 0.000000 0.000000 0.000000 0.000000 0.000000 0.000000 0.000000 0.000000 0.000000 0.000000 0.000000 0.000000 0.000000 0.000000 0.000000 0.000000 0.000000 0.000000 0.000000 0.000000 0.000000 0.000000 0.000000 0.000000 0.000000 0.000000 0.000000 0.000000 0.000000 
50.000000 30.185992 15.195226 6.406627 2.289236 0.702917 0.187984 0.044324 0.009313 0.001760 0.000302 0.000047 0.000007 0.000001 0.000000 0.000000 0.000000 0.000000 0.000000 0.000000 0.000000 0.000000 0.000000 0.000000 0.000000 0.000000 0.000000 0.000000 0.000000 0.000000 0.000000 0.000000 0.000000 0.000000 0.000000 0.000000 0.000000 0.000000 0.000000 0.000000 0.000000 0.000000 0.000000 0.000000 0.000000 0.000000 0.000000 0.000000 0.000000 0.000000 
50.000000 30.185992 15.195226 6.406627 2.289236 0.702917 0.187984 0.044324 0.009313 0.001760 0.000302 0.000047 0.000007 0.000001 0.000000 0.000000 0.000000 0.000000 0.000000 0.000000 0.000000 0.000000 0.000000 0.000000 0.000000 0.000000 0.000000 0.000000 0.000000 0.000000 0.000000 0.000000 0.000000 0.000000 0.000000 0.000000 0.000000 0.000000 0.000000 0.000000 0.000000 0.000000 0.000000 0.000000 0.000000 0.000000 0.000000 0.000000 0.000000 0.000000 
50.000000 30.185992 15.195226 6.406627 2.289236 0.702917 0.187984 0.044324 0.009313 0.001760 0.000302 0.000047 0.000007 0.000001 0.000000 0.000000 0.000000 0.000000 0.000000 0.000000 0.000000 0.000000 0.000000 0.000000 0.000000 0.000000 0.000000 0.000000 0.000000 0.000000 0.000000 0.000000 0.000000 0.000000 0.000000 0.000000 0.000000 0.000000 0.000000 0.000000 0.000000 0.000000 0.000000 0.000000 0.000000 0.000000 0.000000 0.000000 0.000000 0.000000 
50.000000 30.185992 15.195226 6.406627 2.289236 0.702917 0.187984 0.044324 0.009313 0.001760 0.000302 0.000047 0.000007 0.000001 0.000000 0.000000 0.000000 0.000000 0.000000 0.000000 0.000000 0.000000 0.000000 0.000000 0.000000 0.000000 0.000000 0.000000 0.000000 0.000000 0.000000 0.000000 0.000000 0.000000 0.000000 0.000000 0.000000 0.000000 0.000000 0.000000 0.000000 0.000000 0.000000 0.000000 0.000000 0.000000 0.000000 0.000000 0.000000 0.000000 
50.000000 30.185992 15.195226 6.406627 2.289236 0.702917 0.187984 0.044324 0.009313 0.001760 0.000302 0.000047 0.000007 0.000001 0.000000 0.000000 0.000000 0.000000 0.000000 0.000000 0.000000 0.000000 0.000000 0.000000 0.000000 0.000000 0.000000 0.000000 0.000000 0.000000 0.000000 0.000000 0.000000 0.000000 0.000000 0.000000 0.000000 0.000000 0.000000 0.000000 0.000000 0.000000 0.000000 0.000000 0.000000 0.000000 0.000000 0.000000 0.000000 0.000000 
50.000000 30.185992 15.195226 6.406627 2.289236 0.702917 0.187984 0.044324 0.009313 0.001760 0.000302 0.000047 0.000007 0.000001 0.000000 0.000000 0.000000 0.000000 0.000000 0.000000 0.000000 0.000000 0.000000 0.000000 0.000000 0.000000 0.000000 0.000000 0.000000 0.000000 0.000000 0.000000 0.000000 0.000000 0.000000 0.000000 0.000000 0.000000 0.000000 0.000000 0.000000 0.000000 0.000000 0.000000 0.000000 0.000000 0.000000 0.000000 0.000000 0.000000 
50.000000 30.185992 15.195226 6.406627 2.289236 0.702917 0.187984 0.044324 0.009313 0.001760 0.000302 0.000047 0.000007 0.000001 0.000000 0.000000 0.000000 0.000000 0.000000 0.000000 0.000000 0.000000 0.000000 0.000000 0.000000 0.000000 0.000000 0.000000 0.000000 0.000000 0.000000 0.000000 0.000000 0.000000 0.000000 0.000000 0.000000 0.000000 0.000000 0.000000 0.000000 0.000000 0.000000 0.000000 0.000000 0.000000 0.000000 0.000000 0.000000 0.000000 
50.000000 30.185992 15.195226 6.406627 2.289236 0.702917 0.187984 0.044324 0.009313 0.001760 0.000302 0.000047 0.000007 0.000001 0.000000 0.000000 0.000000 0.000000 0.000000 0.000000 0.000000 0.000000 0.000000 0.000000 0.000000 0.000000 0.000000 0.000000 0.000000 0.000000 0.000000 0.000000 0.000000 0.000000 0.000000 0.000000 0.000000 0.000000 0.000000 0.000000 0.000000 0.000000 0.000000 0.000000 0.000000 0.000000 0.000000 0.000000 0.000000 0.000000 
50.000000 30.185992 15.195226 6.406627 2.289236 0.702917 0.187984 0.044324 0.009313 0.001760 0.000302 0.000047 0.000007 0.000001 0.000000 0.000000 0.000000 0.000000 0.000000 0.000000 0.000000 0.000000 0.000000 0.000000 0.000000 0.000000 0.000000 0.000000 0.000000 0.000000 0.000000 0.000000 0.000000 0.000000 0.000000 0.000000 0.000000 0.000000 0.000000 0.000000 0.000000 0.000000 0.000000 0.000000 0.000000 0.000000 0.000000 0.000000 0.000000 0.000000 
50.000000 30.185992 15.195227 6.406628 2.289237 0.702918 0.187985 0.044324 0.009314 0.001761 0.000303 0.000048 0.000008 0.000002 0.000001 0.000001 0.000001 0.000001 0.000001 0.000001 0.000001 0.000001 0.000001 0.000001 0.000001 0.000001 0.000001 0.000001 0.000001 0.000001 0.000001 0.000001 0.000001 0.000001 0.000001 0.000001 0.000001 0.000001 0.000001 0.000001 0.000001 0.000001 0.000001 0.000001 0.000001 0.000001 0.000001 0.000001 0.000000 0.000000 
50.000000 30.185994 15.195231 6.406633 2.289242 0.702924 0.187991 0.044330 0.009320 0.001767 0.000308 0.000054 0.000014 0.000008 0.000007 0.000007 0.000007 0.000007 0.000007 0.000007 0.000007 0.000007 0.000007 0.000007 0.000007 0.000007 0.000007 0.000007 0.000007 0.000007 0.000007 0.000007 0.000007 0.000007 0.000007 0.000007 0.000007 0.000007 0.000007 0.000007 0.000007 0.000007 0.000007 0.000007 0.000007 0.000007 0.000006 0.000005 0.000003 0.000000 
50.000000 30.186011 15.195259 6.406669 2.289281 0.702964 0.188031 0.044371 0.009360 0.001807 0.000349 0.000094 0.000054 0.000048 0.000047 0.000047 0.000047 0.000047 0.000047 0.000047 0.000047 0.000047 0.000047 0.000047 0.000047 0.000047 0.000047 0.000047 0.000047 0.000047 0.000047 0.000047 0.000047 0.000047 0.000047 0.000047 0.000047 0.000047 0.000047 0.000047 0.000047 0.000047 0.000047 0.000047 0.000047 0.000046 0.000042 0.000035 0.000020 0.000000 
50.000000 30.186113 15.195439 6.406892 2.289525 0.703215 0.188284 0.044625 0.009615 0.002062 0.000603 0.000349 0.000308 0.000303 0.000302 0.000302 0.000302 0.000302 0.000302 0.000302 0.000302 0.000302 0.000302 0.000302 0.000302 0.000302 0.000302 0.000302 0.000302 0.000302 0.000302 0.000302 0.000302 0.000302 0.000302 0.000302 0.000302 0.000302 0.000302 0.000302 0.000302 0.000302 0.000302 0.000301 0.000299 0.000292 0.000271 0.000222 0.000129 0.000000 
50.000000 30.186700 15.196465 6.408172 2.290921 0.704655 0.189738 0.046082 0.011073 0.003520 0.002062 0.001807 0.001767 0.001761 0.001760 0.001760 0.001760 0.001760 0.001760 0.001760 0.001760 0.001760 0.001760 0.001760 0.001760 0.001760 0.001760 0.001760 0.001760 0.001760 0.001760 0.001760 0.001760 0.001760 0.001760 0.001760 0.001760 0.001760 0.001760 0.001760 0.001760 0.001760 0.001759 0.001756 0.001745 0.001704 0.001585 0.001299 0.000760 0.000000 
50.000000 30.189732 15.201772 6.414794 2.298148 0.712110 0.197266 0.053629 0.018625 0.011073 0.009615 0.009360 0.009320 0.009314 0.009313 0.009313 0.009313 0.009313 0.009313 0.009313 0.009313 0.009313 0.009313 0.009313 0.009313 0.009313 0.009313 0.009313 0.009313 0.009313 0.009313 0.009313 0.009313 0.009313 0.009313 0.009313 0.009313 0.009313 0.009313 0.009313 0.009313 0.009312 0.009309 0.009295 0.009235 0.009026 0.008408 0.006910 0.004056 0.000000 
50.000000 30.203754 15.226332 6.445460 2.331631 0.746660 0.232155 0.088612 0.053629 0.046082 0.044625 0.044371 0.044330 0.044324 0.044324 0.044324 0.044324 0.044324 0.044324 0.044324 0.044324 0.044324 0.044324 0.044324 0.044324 0.044324 0.044324 0.044324 0.044324 0.044324 0.044324 0.044324 0.044324 0.044324 0.044324 0.044324 0.044324 0.044324 0.044324 0.044323 0.044323 0.044320 0.044306 0.044240 0.043969 0.043012 0.040153 0.033130 0.019545 0.000000 
50.000000 30.261161 15.326945 6.571170 2.468960 0.888404 0.375311 0.232155 0.197266 0.189738 0.188284 0.188031 0.187991 0.187985 0.187984 0.187984 0.187984 0.187984 0.187984 0.187984 0.187984 0.187984 0.187984 0.187984 0.187984 0.187984 0.187984 0.187984 0.187984 0.187984 0.187984 0.187984 0.187984 0.187984 0.187984 0.187984 0.187984 0.187984 0.187984 0.187983 0.187982 0.187971 0.187915 0.187655 0.186583 0.182748 0.171105 0.141968 0.084380 0.000000 
50.000000 30.466496 15.687024 7.021350 2.960978 1.396376 0.888404 0.746660 0.712110 0.704655 0.703215 0.702964 0.702924 0.702918 0.702917 0.702917 0.702917 0.702917 0.702917 0.702917 0.702917 0.702917 0.702917 0.702917 0.702917 0.702917 0.702917 0.702917 0.702917 0.702917 0.702917 0.702917 0.702917 0.702917 0.702917 0.702917 0.702917 0.702917 0.702917 0.702916 0.702910 0.702875 0.702691 0.701821 0.698188 0.684982 0.644021 0.538722 0.323933 0.000000 
50.000000 31.097790 16.794674 8.406978 4.476054 2.960978 2.468960 2.331631 2.298148 2.290921 2.289525 2.289281 2.289242 2.289237 2.289236 2.289236 2.289236 2.289236 2.289236 2.289236 2.289236 2.289236 2.289236 2.289236 2.289236 2.289236 2.289236 2.289236 2.289236 2.289236 2.289236 2.289236 2.289236 2.289236 2.289236 2.289236 2.289236 2.289236 2.289235 2.289233 2.289217 2.289122 2.288619 2.286212 2.275996 2.238027 2.116725 1.792536 1.098589 0.000000 
50.000000 32.733347 19.665803 12.000581 8.406978 7.021350 6.571170 6.445460 6.414794 6.408172 6.406892 6.406669 6.406633 6.406628 6.406627 6.406627 6.406627 6.406627 6.406627 6.406627 6.406627 6.406627 6.406627 6.406627 6.406627 6.406627 6.406627 6.406627 6.406627 6.406627 6.406627 6.406627 6.406627 6.406627 6.406627 6.406627 6.406627 6.406627 6.406626 6.406621 6.406587 6.406387 6.405307 6.400065 6.377329 6.290253 6.000291 5.179587 3.282151 0.000000 
50.000000 36.218905 25.787124 19.665803 16.794674 15.687024 15.326945 15.226332 15.201772 15.196465 15.195439 15.195259 15.195231 15.195227 15.195226 15.195226 15.195226 15.195226 15.195226 15.195226 15.195226 15.195226 15.195226 15.195226 15.195226 15.195226 15.195226 15.195226 15.195226 15.195226 15.195226 15.195226 15.195226 15.195226 15.195226 15.195226 15.195226 15.195226 15.195225 15.195217 15.195166 15.194862 15.193201 15.184977 15.148302 15.002138 14.486216 12.893562 8.700427 0.000000 
50.000000 42.156932 36.218905 32.733347 31.097790 30.466496 30.261161 30.203754 30.189732 30.186700 30.186113 30.186011 30.185994 30.185992 30.185992 30.185992 30.185992 30.185992 30.185992 30.185992 30.185992 30.185992 30.185992 30.185992 30.185992 30.185992 30.185992 30.185992 30.185992 30.185992 30.185992 30.185992 30.185992 30.185992 30.185992 30.185992 30.185992 30.185991 30.185991 30.185984 30.185940 30.185676 30.184208 30.176782 30.142563 29.999201 29.451196 27.518477 21.078466 0.000000 
50.000000 50.000000 50.000000 50.000000 50.000000 50.000000 50.000000 50.000000 50.000000 50.000000 50.000000 50.000000 50.000000 50.000000 50.000000 50.000000 50.000000 50.000000 50.000000 50.000000 50.000000 50.000000 50.000000 50.000000 50.000000 50.000000 50.000000 50.000000 50.000000 50.000000 50.000000 50.000000 50.000000 50.000000 50.000000 50.000000 50.000000 50.000000 50.000000 50.000000 50.000000 50.000000 50.000000 50.000000 50.000000 50.000000 50.000000 50.000000 50.000000 50.000000 
