50.000000 50.000000 50.000000 50.000000 50.000000 50.000000 50.000000 50.000000 50.000000 50.000000 50.000000 50.000000 50.000000 50.000000 50.000000 50.000000 50.000000 50.000000 50.000000 50.000000 50.000000 50.000000 50.000000 50.000000 50.000000 50.000000 50.000000 50.000000 50.000000 50.000000 50.000000 50.000000 50.000000 50.000000 50.000000 50.000000 50.000000 50.000000 50.000000 50.000000 50.000000 50.000000 50.000000 50.000000 50.000000 50.000000 50.000000 50.000000 50.000000 50.000000 
50.000000 48.790316 47.626564 46.549446 45.590203 44.768094 44.089889 43.551198 43.139098 42.835355 42.619570 42.471750 42.374062 42.311753 42.273373 42.250534 42.237394 42.230084 42.226147 42.224094 42.223057 42.222550 42.222308 42.222197 42.222147 42.222124 42.222112 42.222102 42.222085 42.222048 42.221968 42.221793 42.221422 42.220653 42.219102 42.216046 42.210169 42.199126 42.178818 42.142203 42.077313 41.963871 41.767230 41.426794 40.831834 39.765600 37.761083 33.684436 24.395158 0.000000 
50.000000 47.626564 45.343246 43.229911 41.347854 39.734860 38.404214 37.347298 36.538756 35.942815 35.519449 35.229431 35.037772 34.915523 34.840226 34.795416 34.769638 34.755295 34.747572 34.743545 34.741511 34.740515 34.740041 34.739823 34.739725 34.739680 34.739657 34.739637 34.739605 34.739537 34.739386 34.739060 34.738368 34.736938 34.734056 34.728391 34.717523 34.697164 34.659874 34.592990 34.475286 34.271500 33.923154 33.332547 32.333615 30.636930 27.725315 22.671623 13.942127 0.000000 
50.000000 46.549446 43.229911 40.157506 37.421344 35.076360 33.141863 31.605324 30.429878 29.563513 28.948039 28.526425 28.247802 28.070087 27.960626 27.895487 27.858014 27.837164 27.825937 27.820084 27.817127 27.815679 27.814991 27.814674 27.814531 27.814466 27.814433 27.814406 27.814362 27.814271 27.814070 27.813634 27.812711 27.810808 27.806982 27.799486 27.785162 27.758456 27.709835 27.623307 27.472578 27.215154 26.783267 26.069949 24.907884 23.039030 20.078753 15.504596 8.788363 0.000000 
50.000000 45.590203 41.347854 37.421344 33.924563 30.927717 28.455479 26.491837 24.989670 23.882505 23.095973 22.557185 22.201133 21.974034 21.834158 21.750919 21.703036 21.676394 21.662048 21.654569 21.650791 21.648941 21.648062 21.647657 21.647474 21.647392 21.647351 21.647318 21.647268 21.647163 21.646934 21.646439 21.645395 21.643246 21.638941 21.630540 21.614566 21.584963 21.531471 21.437167 21.274860 21.001941 20.553298 19.832066 18.698798 16.962282 14.382314 10.710924 5.824603 0.000000 
50.000000 44.768094 39.734860 35.076360 30.927717 27.372225 24.439155 22.109502 20.327359 19.013852 18.080746 17.441561 17.019168 16.749759 16.583826 16.485084 16.428282 16.396679 16.379662 16.370790 16.366309 16.364114 16.363072 16.362592 16.362375 16.362279 16.362231 16.362195 16.362143 16.362035 16.361802 16.361298 16.360238 16.358064 16.353728 16.345304 16.329377 16.300063 16.247532 16.155871 16.000110 15.742348 15.327070 14.676276 13.686113 12.228919 10.168476 7.401245 3.936260 0.000000 
50.000000 44.089889 38.404214 33.141863 28.455479 24.439155 21.125950 18.494391 16.481315 14.997620 13.943626 13.221643 12.744542 12.440244 12.252826 12.141300 12.077147 12.041453 12.022235 12.012215 12.007154 12.004676 12.003499 12.002957 12.002713 12.002604 12.002552 12.002515 12.002464 12.002363 12.002144 12.001672 12.000684 11.998665 11.994654 11.986902 11.972336 11.945718 11.898432 11.816781 11.679780 11.456539 11.103583 10.562975 9.762879 8.623414 7.071914 5.071667 2.663095 0.000000 
50.000000 43.551198 37.347298 31.605324 26.491837 22.109502 18.494391 15.623064 13.426595 11.807754 10.657769 9.870044 9.349508 9.017512 8.813039 8.691366 8.621377 8.582438 8.561472 8.550542 8.545021 8.542318 8.541034 8.540442 8.540177 8.540059 8.540003 8.539967 8.539921 8.539832 8.539640 8.539229 8.538370 8.536623 8.533169 8.526529 8.514128 8.491633 8.452016 8.384303 8.272058 8.091769 7.811532 7.390808 6.782432 5.938539 4.822057 3.424143 1.783969 0.000000 
50.000000 43.139098 36.538756 30.429878 24.989670 20.327359 16.481315 13.426595 11.089861 9.367660 8.144268 7.306271 6.752523 6.399351 6.181839 6.052410 5.977961 5.936541 5.914240 5.902614 5.896742 5.893867 5.892502 5.891872 5.891590 5.891465 5.891408 5.891373 5.891333 5.891259 5.891101 5.890764 5.890063 5.888643 5.885848 5.880503 5.870584 5.852721 5.821522 5.768712 5.682154 5.544930 5.334827 5.024776 4.585011 3.987729 3.214724 2.267256 1.175227 0.000000 
50.000000 42.835355 35.942815 29.563513 23.882505 19.013852 14.997620 11.807754 9.367660 7.569302 6.291825 5.416792 4.838579 4.469809 4.242694 4.107553 4.029820 3.986574 3.963290 3.951152 3.945021 3.942020 3.940594 3.939937 3.939643 3.939513 3.939455 3.939422 3.939389 3.939330 3.939207 3.938946 3.938405 3.937313 3.935175 3.931108 3.923605 3.910185 3.886932 3.847927 3.784651 3.685506 3.535696 3.317840 3.013743 2.607645 2.090935 1.467529 0.758041 0.000000 
50.000000 42.619570 35.519449 28.948039 23.095973 18.080746 13.943626 10.657769 8.144268 6.291825 4.975941 4.074612 3.479028 3.099185 2.865254 2.726060 2.645996 2.601454 2.577473 2.564972 2.558658 2.555566 2.554099 2.553422 2.553119 2.552986 2.552927 2.552896 2.552869 2.552825 2.552733 2.552541 2.552145 2.551348 2.549794 2.546854 2.541460 2.531877 2.515393 2.487971 2.443898 2.375556 2.273466 2.126845 1.924875 1.658806 1.324733 0.926460 0.477367 0.000000 
50.000000 42.471750 35.229431 28.526425 22.557185 17.441561 13.221643 9.870044 7.306271 5.416792 4.074612 3.155278 2.547804 2.160382 1.921786 1.779818 1.698159 1.652731 1.628273 1.615523 1.609084 1.605931 1.604434 1.603744 1.603435 1.603300 1.603241 1.603212 1.603190 1.603158 1.603093 1.602958 1.602681 1.602127 1.601051 1.599024 1.595326 1.588796 1.577639 1.559219 1.529860 1.484750 1.418028 1.323211 1.194029 1.025715 0.816590 0.569558 0.292932 0.000000 
50.000000 42.374062 35.037772 28.247802 22.201133 17.019168 12.744542 9.349508 6.752523 4.838579 3.479028 2.547804 1.932479 1.540052 1.298376 1.154577 1.071866 1.025852 1.001080 0.988166 0.981644 0.978451 0.976935 0.976237 0.975924 0.975787 0.975728 0.975701 0.975683 0.975660 0.975616 0.975525 0.975341 0.974972 0.974259 0.972923 0.970498 0.966239 0.959009 0.947151 0.928393 0.899802 0.857874 0.798824 0.719105 0.616170 0.489346 0.340607 0.174936 0.000000 
50.000000 42.311753 34.915523 28.070087 21.974034 16.749759 12.440244 9.017512 6.399351 4.469809 3.099185 2.160382 1.540052 1.144437 0.900799 0.755833 0.672451 0.626065 0.601093 0.588074 0.581500 0.578281 0.576753 0.576049 0.575733 0.575596 0.575537 0.575511 0.575496 0.575480 0.575451 0.575393 0.575274 0.575040 0.574587 0.573743 0.572218 0.569554 0.565056 0.557725 0.546204 0.528766 0.503384 0.467909 0.420382 0.359468 0.284925 0.198000 0.101583 0.000000 
50.000000 42.273373 34.840226 27.960626 21.834158 16.583826 12.252826 8.813039 6.181839 4.242694 2.865254 1.921786 1.298376 0.900799 0.655953 0.510270 0.426476 0.379861 0.354765 0.341683 0.335076 0.331842 0.330306 0.329598 0.329281 0.329143 0.329085 0.329059 0.329046 0.329035 0.329017 0.328981 0.328908 0.328764 0.328489 0.327977 0.327055 0.325453 0.322762 0.318401 0.311586 0.301335 0.286510 0.265924 0.238522 0.203618 0.161140 0.111835 0.057328 0.000000 
50.000000 42.250534 34.795416 27.895487 21.750919 16.485084 12.141300 8.691366 6.052410 4.107553 2.726060 1.779818 1.154577 0.755833 0.510270 0.364160 0.280121 0.233370 0.208201 0.195081 0.188455 0.185211 0.183671 0.182961 0.182643 0.182505 0.182446 0.182422 0.182410 0.182402 0.182390 0.182369 0.182326 0.182241 0.182080 0.181781 0.181245 0.180318 0.178767 0.176266 0.172378 0.166562 0.158197 0.146647 0.131356 0.111978 0.088504 0.061360 0.031432 0.000000 
50.000000 42.237394 34.769638 27.858014 21.703036 16.428282 12.077147 8.621377 5.977961 4.029820 2.645996 1.698159 1.071866 0.672452 0.426476 0.280121 0.195943 0.149113 0.123902 0.110760 0.104123 0.100874 0.099331 0.098620 0.098302 0.098163 0.098105 0.098080 0.098070 0.098063 0.098056 0.098044 0.098019 0.097971 0.097880 0.097712 0.097412 0.096894 0.096032 0.094648 0.092506 0.089318 0.084754 0.078482 0.070218 0.059790 0.047206 0.032700 0.016741 0.000000 
50.000000 42.230084 34.755295 27.837164 21.676394 16.396679 12.041453 8.582438 5.936541 3.986574 2.601454 1.652731 1.025852 0.626065 0.379861 0.233370 0.149113 0.102240 0.077006 0.063852 0.057208 0.053956 0.052412 0.051701 0.051382 0.051244 0.051185 0.051161 0.051151 0.051145 0.051141 0.051134 0.051120 0.051094 0.051045 0.050953 0.050791 0.050512 0.050049 0.049309 0.048169 0.046478 0.044068 0.040770 0.036441 0.030999 0.024453 0.016927 0.008662 0.000000 
50.000000 42.226147 34.747572 27.825937 21.662048 16.379662 12.022235 8.561472 5.914240 3.963290 2.577473 1.628273 1.001080 0.601093 0.354765 0.208201 0.123902 0.077006 0.051759 0.038598 0.031952 0.028698 0.027153 0.026441 0.026123 0.025984 0.025926 0.025902 0.025892 0.025887 0.025884 0.025880 0.025873 0.025859 0.025833 0.025785 0.025700 0.025555 0.025315 0.024932 0.024345 0.023476 0.022244 0.020563 0.018364 0.015609 0.012304 0.008512 0.004354 0.000000 
50.000000 42.224094 34.743545 27.820084 21.654569 16.370791 12.012216 8.550543 5.902615 3.951153 2.564972 1.615524 0.988167 0.588075 0.341684 0.195082 0.110761 0.063852 0.038599 0.025435 0.018787 0.015532 0.013987 0.013275 0.012956 0.012817 0.012759 0.012735 0.012725 0.012721 0.012719 0.012716 0.012713 0.012706 0.012692 0.012668 0.012625 0.012552 0.012431 0.012240 0.011947 0.011515 0.010904 0.010073 0.008989 0.007635 0.006015 0.004159 0.002127 0.000000 
50.000000 42.223058 34.741511 27.817128 21.650792 16.366310 12.007156 8.545023 5.896744 3.945023 2.558660 1.609086 0.981646 0.581502 0.335078 0.188457 0.104125 0.057211 0.031954 0.018788 0.012139 0.008884 0.007338 0.006626 0.006308 0.006169 0.006111 0.006086 0.006077 0.006073 0.006071 0.006070 0.006068 0.006064 0.006058 0.006046 0.006025 0.005989 0.005930 0.005837 0.005696 0.005487 0.005193 0.004795 0.004276 0.003630 0.002858 0.001975 0.001010 0.000000 
50.000000 42.222551 34.740516 27.815682 21.648944 16.364119 12.004681 8.542323 5.893872 3.942025 2.555572 1.605937 0.978457 0.578287 0.331847 0.185217 0.100879 0.053962 0.028704 0.015537 0.008888 0.005632 0.004087 0.003374 0.003056 0.002917 0.002859 0.002835 0.002825 0.002821 0.002820 0.002819 0.002818 0.002816 0.002813 0.002807 0.002797 0.002780 0.002753 0.002709 0.002642 0.002545 0.002407 0.002221 0.001980 0.001680 0.001322 0.000913 0.000467 0.000000 
50.000000 42.222311 34.740046 27.814998 21.648071 16.363083 12.003511 8.541048 5.892516 3.940609 2.554114 1.604449 0.976951 0.576768 0.330321 0.183686 0.099346 0.052428 0.027168 0.014001 0.007352 0.004096 0.002551 0.001838 0.001520 0.001381 0.001323 0.001299 0.001289 0.001285 0.001284 0.001283 0.001282 0.001282 0.001280 0.001277 0.001273 0.001265 0.001252 0.001232 0.001201 0.001157 0.001094 0.001009 0.000899 0.000762 0.000600 0.000414 0.000212 0.000000 
50.000000 42.222204 34.739836 27.814692 21.647680 16.362619 12.002987 8.540476 5.891908 3.939974 2.553460 1.603783 0.976276 0.576088 0.329637 0.183000 0.098659 0.051740 0.026481 0.013313 0.006664 0.003408 0.001862 0.001150 0.000832 0.000693 0.000634 0.000610 0.000601 0.000597 0.000596 0.000595 0.000595 0.000594 0.000593 0.000592 0.000590 0.000586 0.000580 0.000571 0.000556 0.000536 0.000506 0.000467 0.000416 0.000352 0.000277 0.000191 0.000098 0.000000 
50.000000 42.222163 34.739756 27.814576 21.647532 16.362444 12.002789 8.540260 5.891678 3.939734 2.553213 1.603531 0.976020 0.575831 0.329379 0.182741 0.098400 0.051480 0.026221 0.013053 0.006403 0.003148 0.001602 0.000890 0.000571 0.000433 0.000374 0.000350 0.000341 0.000337 0.000336 0.000335 0.000335 0.000334 0.000334 0.000333 0.000332 0.000330 0.000326 0.000321 0.000313 0.000301 0.000284 0.000262 0.000233 0.000198 0.000155 0.000107 0.000055 0.000000 
50.000000 42.222163 34.739756 27.814576 21.647532 16.362444 12.002789 8.540260 5.891678 3.939734 2.553213 1.603531 0.976020 0.575831 0.329379 0.182741 0.098400 0.051480 0.026221 0.013053 0.006403 0.003148 0.001602 0.000890 0.000571 0.000433 0.000374 0.000350 0.000341 0.000337 0.000336 0.000335 0.000335 0.000334 0.000334 0.000333 0.000332 0.000330 0.000326 0.000321 0.000313 0.000301 0.000284 0.000262 0.000233 0.000198 0.000155 0.000107 0.000055 0.000000 
50.000000 42.222204 34.739836 27.814692 21.647680 16.362619 12.002987 8.540476 5.891908 3.939974 2.553460 1.603783 0.976276 0.576088 0.329637 0.183000 0.098659 0.051740 0.026481 0.013313 0.006664 0.003408 0.001862 0.001150 0.000832 0.000693 0.000634 0.000610 0.000601 0.000597 0.000596 0.000595 0.000595 0.000594 0.000593 0.000592 0.000590 0.000586 0.000580 0.000571 0.000556 0.000536 0.000506 0.000467 0.000416 0.000352 0.000277 0.000191 0.000098 0.000000 
50.000000 42.222311 34.740046 27.814998 21.648071 16.363083 12.003511 8.541048 5.892516 3.940609 2.554114 1.604449 0.976951 0.576768 0.330321 0.183686 0.099346 0.052428 0.027168 0.014001 0.007352 0.004096 0.002551 0.001838 0.001520 0.001381 0.001323 0.001299 0.001289 0.001285 0.001284 0.001283 0.001282 0.001282 0.001280 0.001277 0.001273 0.001265 0.001252 0.001232 0.001201 0.001157 0.001094 0.001009 0.000899 0.000762 0.000600 0.000414 0.000212 0.000000 
50.000000 42.222551 34.740516 27.815682 21.648944 16.364119 12.004681 8.542323 5.893872 3.942025 2.555572 1.605937 0.978457 0.578287 0.331847 0.185217 0.100879 0.053962 0.028704 0.015537 0.008888 0.005632 0.004087 0.003374 0.003056 0.002917 0.002859 0.002835 0.002825 0.002821 0.002820 0.002819 0.002818 0.002816 0.002813 0.002807 0.002797 0.002780 0.002753 0.002709 0.002642 0.002545 0.002407 0.002221 0.001980 0.001680 0.001322 0.000913 0.000467 0.000000 
50.000000 42.223058 34.741511 27.817128 21.650792 16.366310 12.007156 8.545023 5.896744 3.945023 2.558660 1.609086 0.981646 0.581502 0.335078 0.188457 0.104125 0.057211 0.031954 0.018788 0.012139 0.008884 0.007338 0.006626 0.006308 0.006169 0.006111 0.006086 0.006077 0.006073 0.006071 0.006070 0.006068 0.006064 0.006058 0.006046 0.006025 0.005989 0.005930 0.005837 0.005696 0.005487 0.005193 0.004795 0.004276 0.003630 0.002858 0.001975 0.001010 0.000000 
50.000000 42.224094 34.743545 27.820084 21.654569 16.370791 12.012216 8.550543 5.902615 3.951153 2.564972 1.615524 0.988167 0.588075 0.341684 0.195082 0.110761 0.063852 0.038599 0.025435 0.018787 0.015532 0.013987 0.013275 0.012956 0.012817 0.012759 0.012735 0.012725 0.012721 0.012719 0.012716 0.012713 0.012706 0.012692 0.012668 0.012625 0.012552 0.012431 0.012240 0.011947 0.011515 0.010904 0.010073 0.008989 0.007635 0.006015 0.004159 0.002127 0.000000 
50.000000 42.226147 34.747572 27.825937 21.662048 16.379662 12.022235 8.561472 5.914240 3.963290 2.577473 1.628273 1.001080 0.601093 0.354765 0.208201 0.123902 0.077006 0.051759 0.038598 0.031952 0.028698 0.027153 0.026441 0.026123 0.025984 0.025926 0.025902 0.025892 0.025887 0.025884 0.025880 0.025873 0.025859 0.025833 0.025785 0.025700 0.025555 0.025315 0.024932 0.024345 0.023476 0.022244 0.020563 0.018364 0.015609 0.012304 0.008512 0.004354 0.000000 
50.000000 42.230084 34.755295 27.837164 21.676394 16.396679 12.041453 8.582438 5.936541 3.986574 2.601454 1.652731 1.025852 0.626065 0.379861 0.233370 0.149113 0.102240 0.077006 0.063852 0.057208 0.053956 0.052412 0.051701 0.051382 0.051244 0.051185 0.051161 0.051151 0.051145 0.051141 0.051134 0.051120 0.051094 0.051045 0.050953 0.050791 0.050512 0.050049 0.049309 0.048169 0.046478 0.044068 0.040770 0.036441 0.030999 0.024453 0.016927 0.008662 0.000000 
50.000000 42.237394 34.769638 27.858014 21.703036 16.428282 12.077147 8.621377 5.977961 4.029820 2.645996 1.698159 1.071866 0.672452 0.426476 0.280121 0.195943 0.149113 0.123902 0.110760 0.104123 0.100874 0.099331 0.098620 0.098302 0.098163 0.098105 0.098080 0.098070 0.098063 0.098056 0.098044 0.098019 0.097971 0.097880 0.097712 0.097412 0.096894 0.096032 0.094648 0.092506 0.089318 0.084754 0.078482 0.070218 0.059790 0.047206 0.032700 0.016741 0.000000 
50.000000 42.250534 34.795416 27.895487 21.750919 16.485084 12.141300 8.691366 6.052410 4.107553 2.726060 1.779818 1.154577 0.755833 0.510270 0.364160 0.280121 0.233370 0.208201 0.195081 0.188455 0.185211 0.183671 0.182961 0.182643 0.182505 0.182446 0.182422 0.182410 0.182402 0.182390 0.182369 0.182326 0.182241 0.182080 0.181781 0.181245 0.180318 0.178767 0.176266 0.172378 0.166562 0.158197 0.146647 0.131356 0.111978 0.088504 0.061360 0.031432 0.000000 
50.000000 42.273373 34.840226 27.960626 21.834158 16.583826 12.252826 8.813039 6.181839 4.242694 2.865254 1.921786 1.298376 0.900799 0.655953 0.510270 0.426476 0.379861 0.354765 0.341683 0.335076 0.331842 0.330306 0.329598 0.329281 0.329143 0.329085 0.329059 0.329046 0.329035 0.329017 0.328981 0.328908 0.328764 0.328489 0.327977 0.327055 0.325453 0.322762 0.318401 0.311586 0.301335 0.286510 0.265924 0.238522 0.203618 0.161140 0.111835 0.057328 0.000000 
50.000000 42.311753 34.915523 28.070087 21.974034 16.749759 12.440244 9.017512 6.399351 4.469809 3.099185 2.160382 1.540052 1.144437 0.900799 0.755833 0.672451 0.626065 0.601093 0.588074 0.581500 0.578281 0.576753 0.576049 0.575733 0.575596 0.575537 0.575511 0.575496 0.575480 0.575451 0.575393 0.575274 0.575040 0.574587 0.573743 0.572218 0.569554 0.565056 0.557725 0.546204 0.528766 0.503384 0.467909 0.420382 0.359468 0.284925 0.198000 0.101583 0.000000 
50.000000 42.374062 35.037772 28.247802 22.201133 17.019168 12.744542 9.349508 6.752523 4.838579 3.479028 2.547804 1.932479 1.540052 1.298376 1.154577 1.071866 1.025852 1.001080 0.988166 0.981644 0.978451 0.976935 0.976237 0.975924 0.975787 0.975728 0.975701 0.975683 0.975660 0.975616 0.975525 0.975341 0.974972 0.974259 0.972923 0.970498 0.966239 0.959009 0.947151 0.928393 0.899802 0.857874 0.798824 0.719105 0.616170 0.489346 0.340607 0.174936 0.000000 
50.000000 42.471750 35.229431 28.526425 22.557185 17.441561 13.221643 9.870044 7.306271 5.416792 4.074612 3.155278 2.547804 2.160382 1.921786 1.779818 1.698159 1.652731 1.628273 1.615523 1.609084 1.605931 1.604434 1.603744 1.603435 1.603300 1.603241 1.603212 1.603190 1.603158 1.603093 1.602958 1.602681 1.602127 1.601051 1.599024 1.595326 1.588796 1.577639 1.559219 1.529860 1.484750 1.418028 1.323211 1.194029 1.025715 0.816590 0.569558 0.292932 0.000000 
50.000000 42.619570 35.519449 28.948039 23.095973 18.080746 13.943626 10.657769 8.144268 6.291825 4.975941 4.074612 3.479028 3.099185 2.865254 2.726060 2.645996 2.601454 2.577473 2.564972 2.558658 2.555566 2.554099 2.553422 2.553119 2.552986 2.552927 2.552896 2.552869 2.552825 2.552733 2.552541 2.552145 2.551348 2.549794 2.546854 2.541460 2.531877 2.515393 2.487971 2.443898 2.375556 2.273466 2.126845 1.924875 1.658806 1.324733 0.926460 0.477367 0.000000 
50.000000 42.835355 35.942815 29.563513 23.882505 19.013852 14.997620 11.807754 9.367660 7.569302 6.291825 5.416792 4.838579 4.469809 4.242694 4.107553 4.029820 3.986574 3.963290 3.951152 3.945021 3.942020 3.940594 3.939937 3.939643 3.939513 3.939455 3.939422 3.939389 3.939330 3.939207 3.938946 3.938405 3.937313 3.935175 3.931108 3.923605 3.910185 3.886932 3.847927 3.784651 3.685506 3.535696 3.317840 3.013743 2.607645 2.090935 1.467529 0.758041 0.000000 
50.000000 43.139098 36.538756 30.429878 24.989670 20.327359 16.481315 13.426595 11.089861 9.367660 8.144268 7.306271 6.752523 6.399351 6.181839 6.052410 5.977961 5.936541 5.914240 5.902614 5.896742 5.893867 5.892502 5.891872 5.891590 5.891465 5.891408 5.891373 5.891333 5.891259 5.891101 5.890764 5.890063 5.888643 5.885848 5.880503 5.870584 5.852721 5.821522 5.768712 5.682154 5.544930 5.334827 5.024776 4.585011 3.987729 3.214724 2.267256 1.175227 0.000000 
50.000000 43.551198 37.347298 31.605324 26.491837 22.109502 18.494391 15.623064 13.426595 11.807754 10.657769 9.870044 9.349508 9.017512 8.813039 8.691366 8.621377 8.582438 8.561472 8.550542 8.545021 8.542318 8.541034 8.540442 8.540177 8.540059 8.540003 8.539967 8.539921 8.539832 8.539640 8.539229 8.538370 8.536623 8.533169 8.526529 8.514128 8.491633 8.452016 8.384303 8.272058 8.091769 7.811532 7.390808 6.782432 5.938539 4.822057 3.424143 1.783969 0.000000 
50.000000 44.089889 38.404214 33.141863 28.455479 24.439155 21.125950 18.494391 16.481315 14.997620 13.943626 13.221643 12.744542 12.440244 12.252826 12.141300 12.077147 12.041453 12.022235 12.012215 12.007154 12.004676 12.003499 12.002957 12.002713 12.002604 12.002552 12.002515 12.002464 12.002363 12.002144 12.001672 12.000684 11.998665 11.994654 11.986902 11.972336 11.945718 11.898432 11.816781 11.679780 11.456539 11.103583 10.562975 9.762879 8.623414 7.071914 5.071667 2.663095 0.000000 
50.000000 44.768094 39.734860 35.076360 30.927717 27.372225 24.439155 22.109502 20.327359 19.013852 18.080746 17.441561 17.019168 16.749759 16.583826 16.485084 16.428282 16.396679 16.379662 16.370790 16.366309 16.364114 16.363072 16.362592 16.362375 16.362279 16.362231 16.362195 16.362143 16.362035 16.361802 16.361298 16.360238 16.358064 16.353728 16.345304 16.329377 16.300063 16.247532 16.155871 16.000110 15.742348 15.327070 14.676276 13.686113 12.228919 10.168476 7.401245 3.936260 0.000000 
50.000000 45.590203 41.347854 37.421344 33.924563 30.927717 28.455479 26.491837 24.989670 23.882505 23.095973 22.557185 22.201133 21.974034 21.834158 21.750919 21.703036 21.676394 21.662048 21.654569 21.650791 21.648941 21.648062 21.647657 21.647474 21.647392 21.647351 21.647318 21.647268 21.647163 21.646934 21.646439 21.645395 21.643246 21.638941 21.630540 21.614566 21.584963 21.531471 21.437167 21.274860 21.001941 20.553298 19.832066 18.698798 16.962282 14.382314 10.710924 5.824603 0.000000 
50.000000 46.549446 43.229911 40.157506 37.421344 35.076360 33.141863 31.605324 30.429878 29.563513 28.948039 28.526425 28.247802 28.070087 27.960626 27.895487 27.858014 27.837164 27.825937 27.820084 27.817127 27.815679 27.814991 27.814674 27.814531 27.814466 27.814433 27.814406 27.814362 27.814271 27.814070 27.813634 27.812711 27.810808 27.806982 27.799486 27.785162 27.758456 27.709835 27.623307 27.472578 27.215154 26.783267 26.069949 24.907884 23.039030 20.078753 15.504596 8.788363 0.000000 
50.000000 47.626564 45.343246 43.229911 41.347854 39.734860 38.404214 37.347298 36.538756 35.942815 35.519449 35.229431 35.037772 34.915523 34.840226 34.795416 34.769638 34.755295 34.747572 34.743545 34.741511 34.740515 34.740041 34.739823 34.739725 34.739680 34.739657 34.739637 34.739605 34.739537 34.739386 34.739060 34.738368 34.736938 34.734056 34.728391 34.717523 34.697164 34.659874 34.592990 34.475286 34.271500 33.923154 33.332547 32.333615 30.636930 27.725315 22.671623 13.942127 0.000000 
50.000000 48.790316 47.626564 46.549446 45.590203 44.768094 44.089889 43.551198 43.139098 42.835355 42.619570 42.471750 42.374062 42.311753 42.273373 42.250534 42.237394 42.230084 42.226147 42.224094 42.223057 42.222550 42.222308 42.222197 42.222147 42.222124 42.222112 42.222102 42.222085 42.222048 42.221968 42.221793 42.221422 42.220653 42.219102 42.216046 42.210169 42.199126 42.178818 42.142203 42.077313 41.963871 41.767230 41.426794 40.831834 39.765600 37.761083 33.684436 24.395158 0.000000 
50.000000 50.000000 50.000000 50.000000 50.000000 50.000000 50.000000 50.000000 50.000000 50.000000 50.000000 50.000000 50.000000 50.000000 50.000000 50.000000 50.000000 50.000000 50.000000 50.000000 50.000000 50.000000 50.000000 50.000000 50.000000 50.000000 50.000000 50.000000 50.000000 50.000000 50.000000 50.000000 50.000000 50.000000 50.000000 50.000000 50.000000 50.000000 50.000000 50.000000 50.000000 50.000000 50.000000 50.000000 50.000000 50.000000 50.000000 50.000000 50.000000 50.000000 
