50.000000 50.000000 50.000000 50.000000 50.000000 50.000000 50.000000 50.000000 50.000000 50.000000 50.000000 50.000000 50.000000 50.000000 50.000000 50.000000 50.000000 50.000000 50.000000 50.000000 50.000000 50.000000 50.000000 50.000000 50.000000 50.000000 50.000000 50.000000 50.000000 50.000000 50.000000 50.000000 50.000000 50.000000 50.000000 50.000000 50.000000 50.000000 50.000000 50.000000 50.000000 50.000000 50.000000 50.000000 50.000000 50.000000 50.000000 50.000000 50.000000 50.000000 
50.000000 48.436173 46.949082 45.604182 44.447125 43.499818 42.761394 42.213055 41.824898 41.562777 41.393780 41.289667 41.228323 41.193723 41.175024 41.165333 41.160510 41.158205 41.157145 41.156676 41.156475 41.156393 41.156360 41.156348 41.156343 41.156341 41.156341 41.156340 41.156338 41.156333 41.156321 41.156288 41.156207 41.156010 41.155551 41.154509 41.152218 41.147331 41.137208 41.116815 41.076779 40.999927 40.855016 40.584746 40.081036 39.128506 37.259670 33.337996 24.218087 0.000000 
50.000000 46.949082 44.047875 41.424078 39.166757 37.318649 35.878062 34.808319 34.051078 33.539720 33.210036 33.006931 32.887262 32.819767 32.783291 32.764385 32.754979 32.750481 32.748413 32.747498 32.747108 32.746947 32.746883 32.746859 32.746850 32.746847 32.746845 32.746843 32.746840 32.746831 32.746808 32.746748 32.746600 32.746241 32.745404 32.743509 32.739352 32.730514 32.712282 32.675749 32.604539 32.469196 32.217597 31.758206 30.929906 29.445825 26.787891 22.023937 13.611086 0.000000 
50.000000 45.604182 41.424078 37.643686 34.391336 31.728599 29.653036 28.111793 27.020804 26.284081 25.809107 25.516500 25.344099 25.246864 25.194317 25.167083 25.153533 25.147055 25.144076 25.142757 25.142195 25.141964 25.141872 25.141837 25.141824 25.141819 25.141817 25.141815 25.141810 25.141799 25.141769 25.141691 25.141499 25.141037 25.139960 25.137530 25.132222 25.120990 25.097960 25.052177 24.963850 24.798268 24.496182 23.958882 23.025675 21.441943 18.821843 14.636187 8.344512 0.000000 
50.000000 44.447125 39.166757 34.391336 30.282971 26.919440 24.297648 22.350825 20.972763 20.042202 19.442272 19.072693 18.854948 18.732141 18.665776 18.631382 18.614269 18.606088 18.602327 18.600662 18.599952 18.599660 18.599544 18.599500 18.599483 18.599477 18.599474 18.599472 18.599467 18.599455 18.599422 18.599338 18.599129 18.598630 18.597469 18.594862 18.589195 18.577274 18.553016 18.505243 18.414174 18.246076 17.945539 17.425103 16.552860 15.141485 12.949393 9.720933 5.318619 0.000000 
50.000000 43.499818 37.318649 31.728599 26.919440 22.982209 19.913277 17.634463 16.021433 14.932229 14.230038 13.797474 13.542627 13.398899 13.321232 13.280980 13.260954 13.251381 13.246980 13.245032 13.244201 13.243859 13.243724 13.243672 13.243652 13.243645 13.243642 13.243640 13.243635 13.243623 13.243591 13.243510 13.243310 13.242832 13.241725 13.239251 13.233902 13.222728 13.200174 13.156205 13.073435 12.923035 12.659404 12.214146 11.491105 10.366580 8.702924 6.388743 3.418782 0.000000 
50.000000 42.761394 35.878062 29.653036 24.297648 19.913277 16.495863 13.958331 12.162205 10.949392 10.167532 9.685903 9.402157 9.242136 9.155667 9.110855 9.088562 9.077905 9.073005 9.070837 9.069912 9.069532 9.069381 9.069323 9.069302 9.069294 9.069291 9.069288 9.069284 9.069273 9.069246 9.069175 9.069000 9.068584 9.067626 9.065495 9.060914 9.051412 9.032395 8.995697 8.927462 8.805325 8.595122 8.247931 7.699130 6.872545 5.694154 4.119855 2.176648 0.000000 
50.000000 42.213055 34.808319 28.111793 22.350825 17.634463 13.958331 11.228738 9.296704 7.992149 7.151165 6.633130 6.327944 6.155837 6.062840 6.014646 5.990671 5.979211 5.973943 5.971611 5.970617 5.970208 5.970045 5.969983 5.969960 5.969952 5.969948 5.969946 5.969943 5.969934 5.969912 5.969854 5.969714 5.969381 5.968617 5.966925 5.963311 5.955868 5.941094 5.912864 5.860986 5.769407 5.614369 5.363209 4.975060 4.405285 3.615611 2.590721 1.358040 0.000000 
50.000000 41.824898 34.051078 27.020804 20.972763 16.021433 12.162205 9.296704 7.268508 5.899049 5.016243 4.472459 4.152112 3.971460 3.873848 3.823265 3.798102 3.786074 3.780545 3.778098 3.777055 3.776625 3.776455 3.776390 3.776366 3.776357 3.776354 3.776352 3.776349 3.776342 3.776325 3.776282 3.776177 3.775929 3.775362 3.774113 3.771461 3.766035 3.755351 3.735125 3.698355 3.634254 3.527296 3.356880 3.098398 2.726687 2.222536 1.581881 0.824971 0.000000 
50.000000 41.562777 33.539720 26.284081 20.042202 14.932229 10.949392 7.992149 5.899049 4.485789 3.574765 3.013610 2.683037 2.496622 2.395899 2.343705 2.317741 2.305331 2.299626 2.297102 2.296025 2.295582 2.295407 2.295339 2.295314 2.295305 2.295302 2.295300 2.295298 2.295294 2.295282 2.295251 2.295178 2.295005 2.294610 2.293747 2.291923 2.288216 2.280972 2.267374 2.242895 2.200694 2.131163 2.021930 1.858794 1.628028 1.320232 0.935181 0.485998 0.000000 
50.000000 41.393780 33.210036 25.809107 19.442272 14.230038 10.167532 7.151165 5.016243 3.574765 2.645564 2.073221 1.736064 1.545939 1.443214 1.389983 1.363505 1.350849 1.345031 1.342456 1.341358 1.340907 1.340728 1.340659 1.340634 1.340625 1.340621 1.340620 1.340618 1.340615 1.340607 1.340587 1.340539 1.340425 1.340167 1.339605 1.338424 1.336038 1.331407 1.322782 1.307391 1.281118 1.238301 1.171835 1.073833 0.937029 0.756930 0.534287 0.276965 0.000000 
50.000000 41.289667 33.006931 25.516500 19.072693 13.797474 9.685903 6.633130 4.472459 3.013610 2.073221 1.493995 1.152786 0.960380 0.856424 0.802556 0.775761 0.762954 0.757066 0.754461 0.753350 0.752894 0.752712 0.752643 0.752617 0.752608 0.752605 0.752603 0.752602 0.752600 0.752595 0.752583 0.752552 0.752482 0.752322 0.751976 0.751253 0.749800 0.746997 0.741814 0.732638 0.717108 0.692036 0.653508 0.597300 0.519677 0.418540 0.294649 0.152459 0.000000 
50.000000 41.228323 32.887262 25.344099 18.854948 13.542627 9.402157 6.327944 4.152112 2.683037 1.736064 1.152786 0.809195 0.615447 0.510766 0.456524 0.429543 0.416647 0.410719 0.408096 0.406977 0.406517 0.406335 0.406265 0.406239 0.406230 0.406226 0.406225 0.406224 0.406223 0.406220 0.406213 0.406195 0.406153 0.406060 0.405858 0.405437 0.404597 0.402986 0.400026 0.394820 0.386077 0.372076 0.350745 0.319899 0.277673 0.223110 0.156748 0.080992 0.000000 
50.000000 41.193723 32.819767 25.246864 18.732141 13.398899 9.242136 6.155837 3.971460 2.496622 1.545939 0.960380 0.615447 0.420943 0.315855 0.261402 0.234316 0.221370 0.215420 0.212786 0.211664 0.211202 0.211019 0.210948 0.210922 0.210913 0.210910 0.210909 0.210908 0.210907 0.210906 0.210901 0.210891 0.210868 0.210816 0.210704 0.210471 0.210009 0.209127 0.207515 0.204699 0.199999 0.192525 0.181222 0.164997 0.142946 0.114642 0.080415 0.041505 0.000000 
50.000000 41.175024 32.783291 25.194317 18.665776 13.321232 9.155667 6.062840 3.873848 2.395899 1.443214 0.856424 0.510766 0.315855 0.210547 0.155981 0.128839 0.115866 0.109903 0.107264 0.106139 0.105676 0.105493 0.105422 0.105396 0.105387 0.105384 0.105383 0.105382 0.105382 0.105381 0.105379 0.105373 0.105361 0.105333 0.105274 0.105151 0.104908 0.104447 0.103609 0.102152 0.099735 0.095915 0.090172 0.081980 0.070914 0.056787 0.039782 0.020516 0.000000 
50.000000 41.165333 32.764385 25.167083 18.631382 13.280980 9.110855 6.014646 3.823265 2.343705 1.389983 0.802556 0.456524 0.261402 0.155981 0.101356 0.074184 0.061198 0.055228 0.052587 0.051460 0.050997 0.050814 0.050743 0.050717 0.050708 0.050704 0.050703 0.050703 0.050703 0.050702 0.050701 0.050698 0.050692 0.050678 0.050648 0.050586 0.050464 0.050234 0.049816 0.049095 0.047903 0.046030 0.043229 0.039255 0.033912 0.027123 0.018981 0.009782 0.000000 
50.000000 41.160510 32.754979 25.153533 18.614269 13.260954 9.088562 5.990671 3.798102 2.317741 1.363505 0.775761 0.429543 0.234316 0.128839 0.074184 0.046998 0.034005 0.028032 0.025389 0.024263 0.023799 0.023615 0.023545 0.023519 0.023509 0.023506 0.023505 0.023505 0.023504 0.023504 0.023504 0.023502 0.023499 0.023492 0.023478 0.023448 0.023389 0.023279 0.023080 0.022737 0.022173 0.021291 0.019978 0.018123 0.015639 0.012496 0.008737 0.004500 0.000000 
50.000000 41.158205 32.750481 25.147055 18.606088 13.251381 9.077905 5.979211 3.786074 2.305331 1.350849 0.762954 0.416647 0.221370 0.115866 0.061198 0.034005 0.021008 0.015034 0.012391 0.011263 0.010800 0.010616 0.010546 0.010519 0.010510 0.010507 0.010506 0.010505 0.010505 0.010505 0.010505 0.010504 0.010503 0.010500 0.010493 0.010479 0.010452 0.010401 0.010310 0.010153 0.009897 0.009497 0.008905 0.008071 0.006959 0.005555 0.003882 0.001998 0.000000 
50.000000 41.157145 32.748413 25.144076 18.602327 13.246980 9.073005 5.973943 3.780545 2.299626 1.345031 0.757066 0.410719 0.215420 0.109903 0.055228 0.028032 0.015034 0.009059 0.006415 0.005288 0.004825 0.004641 0.004570 0.004544 0.004535 0.004531 0.004530 0.004530 0.004530 0.004530 0.004530 0.004529 0.004529 0.004527 0.004524 0.004518 0.004506 0.004484 0.004444 0.004375 0.004263 0.004088 0.003831 0.003470 0.002989 0.002385 0.001665 0.000857 0.000000 
50.000000 41.156676 32.747498 25.142757 18.600662 13.245032 9.070837 5.971611 3.778098 2.297102 1.342456 0.754461 0.408096 0.212786 0.107264 0.052587 0.025389 0.012391 0.006415 0.003771 0.002644 0.002181 0.001997 0.001926 0.001900 0.001891 0.001887 0.001886 0.001886 0.001886 0.001886 0.001886 0.001886 0.001885 0.001885 0.001883 0.001881 0.001876 0.001866 0.001849 0.001820 0.001773 0.001699 0.001591 0.001440 0.001240 0.000989 0.000690 0.000355 0.000000 
50.000000 41.156475 32.747108 25.142195 18.599952 13.244201 9.069912 5.970617 3.777055 2.296025 1.341359 0.753350 0.406977 0.211664 0.106139 0.051460 0.024263 0.011264 0.005288 0.002644 0.001517 0.001053 0.000869 0.000799 0.000773 0.000763 0.000760 0.000759 0.000759 0.000758 0.000758 0.000758 0.000758 0.000758 0.000758 0.000757 0.000756 0.000754 0.000750 0.000743 0.000732 0.000712 0.000683 0.000639 0.000578 0.000497 0.000396 0.000277 0.000142 0.000000 
50.000000 41.156393 32.746947 25.141964 18.599660 13.243859 9.069532 5.970208 3.776626 2.295583 1.340907 0.752894 0.406517 0.211202 0.105677 0.050998 0.023799 0.010800 0.004825 0.002181 0.001053 0.000590 0.000406 0.000335 0.000309 0.000300 0.000297 0.000296 0.000295 0.000295 0.000295 0.000295 0.000295 0.000295 0.000295 0.000295 0.000294 0.000293 0.000292 0.000289 0.000284 0.000277 0.000265 0.000248 0.000224 0.000193 0.000154 0.000107 0.000055 0.000000 
50.000000 41.156361 32.746884 25.141872 18.599544 13.243724 9.069382 5.970046 3.776456 2.295407 1.340728 0.752713 0.406335 0.211019 0.105493 0.050814 0.023616 0.010617 0.004641 0.001997 0.000870 0.000406 0.000222 0.000152 0.000126 0.000116 0.000113 0.000112 0.000112 0.000111 0.000111 0.000111 0.000111 0.000111 0.000111 0.000111 0.000111 0.000111 0.000110 0.000109 0.000107 0.000104 0.000100 0.000094 0.000085 0.000073 0.000058 0.000040 0.000021 0.000000 
50.000000 41.156348 32.746860 25.141838 18.599501 13.243673 9.069325 5.969985 3.776391 2.295341 1.340661 0.752644 0.406266 0.210950 0.105424 0.050745 0.023547 0.010547 0.004572 0.001928 0.000800 0.000337 0.000153 0.000082 0.000056 0.000047 0.000044 0.000043 0.000042 0.000042 0.000042 0.000042 0.000042 0.000042 0.000042 0.000042 0.000042 0.000042 0.000042 0.000041 0.000040 0.000039 0.000038 0.000035 0.000032 0.000027 0.000022 0.000015 0.000008 0.000000 
50.000000 41.156344 32.746852 25.141826 18.599486 13.243656 9.069306 5.969964 3.776370 2.295319 1.340639 0.752622 0.406244 0.210927 0.105401 0.050722 0.023524 0.010524 0.004549 0.001905 0.000777 0.000314 0.000130 0.000059 0.000033 0.000024 0.000021 0.000020 0.000019 0.000019 0.000019 0.000019 0.000019 0.000019 0.000019 0.000019 0.000019 0.000019 0.000019 0.000019 0.000018 0.000018 0.000017 0.000016 0.000014 0.000012 0.000010 0.000007 0.000004 0.000000 
50.000000 41.156344 32.746852 25.141826 18.599486 13.243656 9.069306 5.969964 3.776370 2.295319 1.340639 0.752622 0.406244 0.210927 0.105401 0.050722 0.023524 0.010524 0.004549 0.001905 0.000777 0.000314 0.000130 0.000059 0.000033 0.000024 0.000021 0.000020 0.000019 0.000019 0.000019 0.000019 0.000019 0.000019 0.000019 0.000019 0.000019 0.000019 0.000019 0.000019 0.000018 0.000018 0.000017 0.000016 0.000014 0.000012 0.000010 0.000007 0.000004 0.000000 
50.000000 41.156348 32.746860 25.141838 18.599501 13.243673 9.069325 5.969985 3.776391 2.295341 1.340661 0.752644 0.406266 0.210950 0.105424 0.050745 0.023547 0.010547 0.004572 0.001928 0.000800 0.000337 0.000153 0.000082 0.000056 0.000047 0.000044 0.000043 0.000042 0.000042 0.000042 0.000042 0.000042 0.000042 0.000042 0.000042 0.000042 0.000042 0.000042 0.000041 0.000040 0.000039 0.000038 0.000035 0.000032 0.000027 0.000022 0.000015 0.000008 0.000000 
50.000000 41.156361 32.746884 25.141872 18.599544 13.243724 9.069382 5.970046 3.776456 2.295407 1.340728 0.752713 0.406335 0.211019 0.105493 0.050814 0.023616 0.010617 0.004641 0.001997 0.000870 0.000406 0.000222 0.000152 0.000126 0.000116 0.000113 0.000112 0.000112 0.000111 0.000111 0.000111 0.000111 0.000111 0.000111 0.000111 0.000111 0.000111 0.000110 0.000109 0.000107 0.000104 0.000100 0.000094 0.000085 0.000073 0.000058 0.000040 0.000021 0.000000 
50.000000 41.156393 32.746947 25.141964 18.599660 13.243859 9.069532 5.970208 3.776626 2.295583 1.340907 0.752894 0.406517 0.211202 0.105677 0.050998 0.023799 0.010800 0.004825 0.002181 0.001053 0.000590 0.000406 0.000335 0.000309 0.000300 0.000297 0.000296 0.000295 0.000295 0.000295 0.000295 0.000295 0.000295 0.000295 0.000295 0.000294 0.000293 0.000292 0.000289 0.000284 0.000277 0.000265 0.000248 0.000224 0.000193 0.000154 0.000107 0.000055 0.000000 
50.000000 41.156475 32.747108 25.142195 18.599952 13.244201 9.069912 5.970617 3.777055 2.296025 1.341359 0.753350 0.406977 0.211664 0.106139 0.051460 0.024263 0.011264 0.005288 0.002644 0.001517 0.001053 0.000869 0.000799 0.000773 0.000763 0.000760 0.000759 0.000759 0.000758 0.000758 0.000758 0.000758 0.000758 0.000758 0.000757 0.000756 0.000754 0.000750 0.000743 0.000732 0.000712 0.000683 0.000639 0.000578 0.000497 0.000396 0.000277 0.000142 0.000000 
50.000000 41.156676 32.747498 25.142757 18.600662 13.245032 9.070837 5.971611 3.778098 2.297102 1.342456 0.754461 0.408096 0.212786 0.107264 0.052587 0.025389 0.012391 0.006415 0.003771 0.002644 0.002181 0.001997 0.001926 0.001900 0.001891 0.001887 0.001886 0.001886 0.001886 0.001886 0.001886 0.001886 0.001885 0.001885 0.001883 0.001881 0.001876 0.001866 0.001849 0.001820 0.001773 0.001699 0.001591 0.001440 0.001240 0.000989 0.000690 0.000355 0.000000 
50.000000 41.157145 32.748413 25.144076 18.602327 13.246980 9.073005 5.973943 3.780545 2.299626 1.345031 0.757066 0.410719 0.215420 0.109903 0.055228 0.028032 0.015034 0.009059 0.006415 0.005288 0.004825 0.004641 0.004570 0.004544 0.004535 0.004531 0.004530 0.004530 0.004530 0.004530 0.004530 0.004529 0.004529 0.004527 0.004524 0.004518 0.004506 0.004484 0.004444 0.004375 0.004263 0.004088 0.003831 0.003470 0.002989 0.002385 0.001665 0.000857 0.000000 
50.000000 41.158205 32.750481 25.147055 18.606088 13.251381 9.077905 5.979211 3.786074 2.305331 1.350849 0.762954 0.416647 0.221370 0.115866 0.061198 0.034005 0.021008 0.015034 0.012391 0.011263 0.010800 0.010616 0.010546 0.010519 0.010510 0.010507 0.010506 0.010505 0.010505 0.010505 0.010505 0.010504 0.010503 0.010500 0.010493 0.010479 0.010452 0.010401 0.010310 0.010153 0.009897 0.009497 0.008905 0.008071 0.006959 0.005555 0.003882 0.001998 0.000000 
50.000000 41.160510 32.754979 25.153533 18.614269 13.260954 9.088562 5.990671 3.798102 2.317741 1.363505 0.775761 0.429543 0.234316 0.128839 0.074184 0.046998 0.034005 0.028032 0.025389 0.024263 0.023799 0.023615 0.023545 0.023519 0.023509 0.023506 0.023505 0.023505 0.023504 0.023504 0.023504 0.023502 0.023499 0.023492 0.023478 0.023448 0.023389 0.023279 0.023080 0.022737 0.022173 0.021291 0.019978 0.018123 0.015639 0.012496 0.008737 0.004500 0.000000 
50.000000 41.165333 32.764385 25.167083 18.631382 13.280980 9.110855 6.014646 3.823265 2.343705 1.389983 0.802556 0.456524 0.261402 0.155981 0.101356 0.074184 0.061198 0.055228 0.052587 0.051460 0.050997 0.050814 0.050743 0.050717 0.050708 0.050704 0.050703 0.050703 0.050703 0.050702 0.050701 0.050698 0.050692 0.050678 0.050648 0.050586 0.050464 0.050234 0.049816 0.049095 0.047903 0.046030 0.043229 0.039255 0.033912 0.027123 0.018981 0.009782 0.000000 
50.000000 41.175024 32.783291 25.194317 18.665776 13.321232 9.155667 6.062840 3.873848 2.395899 1.443214 0.856424 0.510766 0.315855 0.210547 0.155981 0.128839 0.115866 0.109903 0.107264 0.106139 0.105676 0.105493 0.105422 0.105396 0.105387 0.105384 0.105383 0.105382 0.105382 0.105381 0.105379 0.105373 0.105361 0.105333 0.105274 0.105151 0.104908 0.104447 0.103609 0.102152 0.099735 0.095915 0.090172 0.081980 0.070914 0.056787 0.039782 0.020516 0.000000 
50.000000 41.193723 32.819767 25.246864 18.732141 13.398899 9.242136 6.155837 3.971460 2.496622 1.545939 0.960380 0.615447 0.420943 0.315855 0.261402 0.234316 0.221370 0.215420 0.212786 0.211664 0.211202 0.211019 0.210948 0.210922 0.210913 0.210910 0.210909 0.210908 0.210907 0.210906 0.210901 0.210891 0.210868 0.210816 0.210704 0.210471 0.210009 0.209127 0.207515 0.204699 0.199999 0.192525 0.181222 0.164997 0.142946 0.114642 0.080415 0.041505 0.000000 
50.000000 41.228323 32.887262 25.344099 18.854948 13.542627 9.402157 6.327944 4.152112 2.683037 1.736064 1.152786 0.809195 0.615447 0.510766 0.456524 0.429543 0.416647 0.410719 0.408096 0.406977 0.406517 0.406335 0.406265 0.406239 0.406230 0.406226 0.406225 0.406224 0.406223 0.406220 0.406213 0.406195 0.406153 0.406060 0.405858 0.405437 0.404597 0.402986 0.400026 0.394820 0.386077 0.372076 0.350745 0.319899 0.277673 0.223110 0.156748 0.080992 0.000000 
50.000000 41.289667 33.006931 25.516500 19.072693 13.797474 9.685903 6.633130 4.472459 3.013610 2.073221 1.493995 1.152786 0.960380 0.856424 0.802556 0.775761 0.762954 0.757066 0.754461 0.753350 0.752894 0.752712 0.752643 0.752617 0.752608 0.752605 0.752603 0.752602 0.752600 0.752595 0.752583 0.752552 0.752482 0.752322 0.751976 0.751253 0.749800 0.746997 0.741814 0.732638 0.717108 0.692036 0.653508 0.597300 0.519677 0.418540 0.294649 0.152459 0.000000 
50.000000 41.393780 33.210036 25.809107 19.442272 14.230038 10.167532 7.151165 5.016243 3.574765 2.645564 2.073221 1.736064 1.545939 1.443214 1.389983 1.363505 1.350849 1.345031 1.342456 1.341358 1.340907 1.340728 1.340659 1.340634 1.340625 1.340621 1.340620 1.340618 1.340615 1.340607 1.340587 1.340539 1.340425 1.340167 1.339605 1.338424 1.336038 1.331407 1.322782 1.307391 1.281118 1.238301 1.171835 1.073833 0.937029 0.756930 0.534287 0.276965 0.000000 
50.000000 41.562777 33.539720 26.284081 20.042202 14.932229 10.949392 7.992149 5.899049 4.485789 3.574765 3.013610 2.683037 2.496622 2.395899 2.343705 2.317741 2.305331 2.299626 2.297102 2.296025 2.295582 2.295407 2.295339 2.295314 2.295305 2.295302 2.295300 2.295298 2.295294 2.295282 2.295251 2.295178 2.295005 2.294610 2.293747 2.291923 2.288216 2.280972 2.267374 2.242895 2.200694 2.131163 2.021930 1.858794 1.628028 1.320232 0.935181 0.485998 0.000000 
50.000000 41.824898 34.051078 27.020804 20.972763 16.021433 12.162205 9.296704 7.268508 5.899049 5.016243 4.472459 4.152112 3.971460 3.873848 3.823265 3.798102 3.786074 3.780545 3.778098 3.777055 3.776625 3.776455 3.776390 3.776366 3.776357 3.776354 3.776352 3.776349 3.776342 3.776325 3.776282 3.776177 3.775929 3.775362 3.774113 3.771461 3.766035 3.755351 3.735125 3.698355 3.634254 3.527296 3.356880 3.098398 2.726687 2.222536 1.581881 0.824971 0.000000 
50.000000 42.213055 34.808319 28.111793 22.350825 17.634463 13.958331 11.228738 9.296704 7.992149 7.151165 6.633130 6.327944 6.155837 6.062840 6.014646 5.990671 5.979211 5.973943 5.971611 5.970617 5.970208 5.970045 5.969983 5.969960 5.969952 5.969948 5.969946 5.969943 5.969934 5.969912 5.969854 5.969714 5.969381 5.968617 5.966925 5.963311 5.955868 5.941094 5.912864 5.860986 5.769407 5.614369 5.363209 4.975060 4.405285 3.615611 2.590721 1.358040 0.000000 
50.000000 42.761394 35.878062 29.653036 24.297648 19.913277 16.495863 13.958331 12.162205 10.949392 10.167532 9.685903 9.402157 9.242136 9.155667 9.110855 9.088562 9.077905 9.073005 9.070837 9.069912 9.069532 9.069381 9.069323 9.069302 9.069294 9.069291 9.069288 9.069284 9.069273 9.069246 9.069175 9.069000 9.068584 9.067626 9.065495 9.060914 9.051412 9.032395 8.995697 8.927462 8.805325 8.595122 8.247931 7.699130 6.872545 5.694154 4.119855 2.176648 0.000000 
50.000000 43.499818 37.318649 31.728599 26.919440 22.982209 19.913277 17.634463 16.021433 14.932229 14.230038 13.797474 13.542627 13.398899 13.321232 13.280980 13.260954 13.251381 13.246980 13.245032 13.244201 13.243859 13.243724 13.243672 13.243652 13.243645 13.243642 13.243640 13.243635 13.243623 13.243591 13.243510 13.243310 13.242832 13.241725 13.239251 13.233902 13.222728 13.200174 13.156205 13.073435 12.923035 12.659404 12.214146 11.491105 10.366580 8.702924 6.388743 3.418782 0.000000 
50.000000 44.447125 39.166757 34.391336 30.282971 26.919440 24.297648 22.350825 20.972763 20.042202 19.442272 19.072693 18.854948 18.732141 18.665776 18.631382 18.614269 18.606088 18.602327 18.600662 18.599952 18.599660 18.599544 18.599500 18.599483 18.599477 18.599474 18.599472 18.599467 18.599455 18.599422 18.599338 18.599129 18.598630 18.597469 18.594862 18.589195 18.577274 18.553016 18.505243 18.414174 18.246076 17.945539 17.425103 16.552860 15.141485 12.949393 9.720933 5.318619 0.000000 
50.000000 45.604182 41.424078 37.643686 34.391336 31.728599 29.653036 28.111793 27.020804 26.284081 25.809107 25.516500 25.344099 25.246864 25.194317 25.167083 25.153533 25.147055 25.144076 25.142757 25.142195 25.141964 25.141872 25.141837 25.141824 25.141819 25.141817 25.141815 25.141810 25.141799 25.141769 25.141691 25.141499 25.141037 25.139960 25.137530 25.132222 25.120990 25.097960 25.052177 24.963850 24.798268 24.496182 23.958882 23.025675 21.441943 18.821843 14.636187 8.344512 0.000000 
50.000000 46.949082 44.047875 41.424078 39.166757 37.318649 35.878062 34.808319 34.051078 33.539720 33.210036 33.006931 32.887262 32.819767 32.783291 32.764385 32.754979 32.750481 32.748413 32.747498 32.747108 32.746947 32.746883 32.746859 32.746850 32.746847 32.746845 32.746843 32.746840 32.746831 32.746808 32.746748 32.746600 32.746241 32.745404 32.743509 32.739352 32.730514 32.712282 32.675749 32.604539 32.469196 32.217597 31.758206 30.929906 29.445825 26.787891 22.023937 13.611086 0.000000 
50.000000 48.436173 46.949082 45.604182 44.447125 43.499818 42.761394 42.213055 41.824898 41.562777 41.393780 41.289667 41.228323 41.193723 41.175024 41.165333 41.160510 41.158205 41.157145 41.156676 41.156475 41.156393 41.156360 41.156348 41.156343 41.156341 41.156341 41.156340 41.156338 41.156333 41.156321 41.156288 41.156207 41.156010 41.155551 41.154509 41.152218 41.147331 41.137208 41.116815 41.076779 40.999927 40.855016 40.584746 40.081036 39.128506 37.259670 33.337996 24.218087 0.000000 
50.000000 50.000000 50.000000 50.000000 50.000000 50.000000 50.000000 50.000000 50.000000 50.000000 50.000000 50.000000 50.000000 50.000000 50.000000 50.000000 50.000000 50.000000 50.000000 50.000000 50.000000 50.000000 50.000000 50.000000 50.000000 50.000000 50.000000 50.000000 50.000000 50.000000 50.000000 50.000000 50.000000 50.000000 50.000000 50.000000 50.000000 50.000000 50.000000 50.000000 50.000000 50.000000 50.000000 50.000000 50.000000 50.000000 50.000000 50.000000 50.000000 50.000000 
