50.000000 50.000000 50.000000 50.000000 50.000000 50.000000 50.000000 50.000000 50.000000 50.000000 50.000000 50.000000 50.000000 50.000000 50.000000 50.000000 50.000000 50.000000 50.000000 50.000000 50.000000 50.000000 50.000000 50.000000 50.000000 50.000000 50.000000 50.000000 50.000000 50.000000 50.000000 50.000000 50.000000 50.000000 50.000000 50.000000 50.000000 50.000000 50.000000 50.000000 50.000000 50.000000 50.000000 50.000000 50.000000 50.000000 50.000000 50.000000 50.000000 50.000000 
50.000000 48.070343 46.257481 44.657039 43.328685 42.291420 41.528718 41.000071 40.654257 40.440487 40.315440 40.246124 40.209659 40.191428 40.182752 40.178818 40.177114 40.176410 40.176130 40.176024 40.175986 40.175972 40.175968 40.175966 40.175966 40.175966 40.175966 40.175966 40.175965 40.175965 40.175963 40.175956 40.175938 40.175887 40.175749 40.175391 40.174494 40.172333 40.167303 40.156003 40.131452 40.079721 39.973584 39.760183 39.335637 38.487583 36.749347 32.982183 24.035171 0.000000 
50.000000 46.257481 42.741492 39.637501 37.061230 35.049529 33.570342 32.545093 31.874438 31.459871 31.217371 31.082949 31.012237 30.976884 30.960061 30.952432 30.949129 30.947762 30.947221 30.947016 30.946941 30.946915 30.946906 30.946903 30.946902 30.946902 30.946902 30.946902 30.946901 30.946900 30.946896 30.946885 30.946852 30.946760 30.946514 30.945876 30.944283 30.940452 30.931578 30.911749 30.868980 30.779775 30.599382 30.244418 29.561471 28.269208 25.851044 21.370746 13.275297 0.000000 
50.000000 44.657039 39.637501 35.206176 31.528276 28.656400 26.544771 25.081197 24.123840 23.532063 23.185913 22.994044 22.893114 22.842656 22.818646 22.807758 22.803044 22.801094 22.800322 22.800028 22.799922 22.799884 22.799872 22.799868 22.799867 22.799866 22.799866 22.799866 22.799865 22.799864 22.799859 22.799845 22.799804 22.799689 22.799383 22.798591 22.796624 22.791916 22.781075 22.757046 22.705752 22.600235 22.390834 21.989441 21.245382 19.911236 17.603088 13.786457 7.907692 0.000000 
50.000000 43.328685 37.061230 31.528276 26.936111 23.350399 20.713960 18.886687 17.691461 16.952673 16.520548 16.281032 16.155044 16.092061 16.062093 16.048503 16.042620 16.040186 16.039223 16.038857 16.038724 16.038677 16.038662 16.038657 16.038655 16.038655 16.038654 16.038654 16.038654 16.038652 16.038647 16.038632 16.038590 16.038472 16.038156 16.037345 16.035338 16.030565 16.019656 15.995700 15.945168 15.842798 15.643664 15.271889 14.606508 13.468055 11.617040 8.792022 4.841102 0.000000 
50.000000 42.291420 35.049529 28.656400 23.350399 19.207383 16.161253 14.050089 12.669215 11.815706 11.316500 11.039813 10.894281 10.821530 10.786917 10.771221 10.764427 10.761617 10.760504 10.760082 10.759928 10.759874 10.759856 10.759850 10.759848 10.759848 10.759848 10.759847 10.759847 10.759845 10.759841 10.759827 10.759789 10.759682 10.759398 10.758671 10.756883 10.752657 10.743077 10.722246 10.678844 10.592257 10.427048 10.126046 9.603692 8.743891 7.411018 5.488058 2.955783 0.000000 
50.000000 41.528718 33.570342 26.544771 20.713960 16.161253 12.813980 10.494172 8.976876 8.039080 7.490597 7.186612 7.026727 6.946807 6.908785 6.891543 6.884081 6.880994 6.879772 6.879308 6.879139 6.879080 6.879060 6.879054 6.879052 6.879051 6.879051 6.879051 6.879051 6.879049 6.879046 6.879035 6.879003 6.878917 6.878687 6.878102 6.876671 6.873314 6.865764 6.849510 6.816044 6.750245 6.626906 6.406990 6.035207 5.442071 4.555330 3.325924 1.768535 0.000000 
50.000000 41.000071 32.545093 25.081197 18.886687 14.050089 10.494172 8.029828 6.418045 5.421881 4.839283 4.516403 4.346588 4.261707 4.221327 4.203017 4.195092 4.191815 4.190517 4.190025 4.189845 4.189783 4.189762 4.189755 4.189753 4.189752 4.189752 4.189752 4.189751 4.189750 4.189748 4.189739 4.189716 4.189652 4.189483 4.189054 4.188010 4.185577 4.180150 4.168574 4.145007 4.099282 4.014914 3.867266 3.623041 3.243023 2.690363 1.945711 1.026487 0.000000 
50.000000 40.654257 31.874438 24.123840 17.691461 12.669215 8.976876 6.418045 4.744505 3.710202 3.105317 2.770096 2.593797 2.505678 2.463759 2.444753 2.436527 2.433125 2.431778 2.431267 2.431081 2.431016 2.430994 2.430987 2.430985 2.430984 2.430984 2.430984 2.430983 2.430983 2.430981 2.430975 2.430959 2.430916 2.430801 2.430510 2.429809 2.428184 2.424585 2.416978 2.401646 2.372252 2.318763 2.226631 2.076958 1.848663 1.523605 1.094664 0.574535 0.000000 
50.000000 40.440487 31.459871 23.532063 16.952673 11.815706 8.039080 5.421881 3.710202 2.652351 2.033709 1.690873 1.510574 1.420459 1.377591 1.358155 1.349744 1.346265 1.344888 1.344366 1.344175 1.344109 1.344087 1.344079 1.344077 1.344076 1.344076 1.344076 1.344076 1.344076 1.344074 1.344071 1.344061 1.344033 1.343960 1.343778 1.343340 1.342332 1.340114 1.335463 1.326175 1.308556 1.276875 1.223035 1.136862 1.007505 0.826310 0.590891 0.309035 0.000000 
50.000000 40.315440 31.217371 23.185913 16.520548 11.316500 7.490597 4.839283 3.105317 2.033709 1.407032 1.059751 0.877117 0.785838 0.742417 0.722730 0.714211 0.710688 0.709293 0.708764 0.708571 0.708504 0.708481 0.708474 0.708472 0.708471 0.708471 0.708471 0.708470 0.708470 0.708470 0.708467 0.708461 0.708445 0.708402 0.708296 0.708040 0.707455 0.706177 0.703516 0.698246 0.688339 0.670709 0.641087 0.594254 0.524849 0.428867 0.305622 0.159437 0.000000 
50.000000 40.246124 31.082949 22.994044 16.281032 11.039813 7.186612 4.516403 2.770096 1.690873 1.059751 0.710010 0.526086 0.434162 0.390436 0.370611 0.362033 0.358484 0.357080 0.356547 0.356353 0.356285 0.356263 0.356255 0.356253 0.356252 0.356252 0.356252 0.356252 0.356252 0.356251 0.356250 0.356247 0.356238 0.356214 0.356155 0.356016 0.355697 0.355005 0.353574 0.350759 0.345511 0.336253 0.320847 0.296737 0.261376 0.212968 0.151372 0.078821 0.000000 
50.000000 40.209659 31.012237 22.893114 16.155044 10.894281 7.026727 4.346588 2.593797 1.510574 0.877117 0.526086 0.341485 0.249223 0.205337 0.185440 0.176830 0.173268 0.171859 0.171324 0.171129 0.171061 0.171039 0.171031 0.171029 0.171028 0.171028 0.171028 0.171028 0.171028 0.171028 0.171027 0.171025 0.171020 0.171008 0.170978 0.170906 0.170742 0.170389 0.169662 0.168242 0.165613 0.161011 0.153413 0.141624 0.124479 0.101198 0.071784 0.037326 0.000000 
50.000000 40.191428 30.976884 22.842656 16.092061 10.821530 6.946807 4.261707 2.505678 1.420459 0.785838 0.434162 0.249223 0.156794 0.112828 0.092894 0.084269 0.080701 0.079289 0.078753 0.078558 0.078490 0.078467 0.078460 0.078458 0.078457 0.078457 0.078457 0.078457 0.078456 0.078456 0.078456 0.078455 0.078453 0.078447 0.078432 0.078397 0.078318 0.078147 0.077797 0.077119 0.075870 0.073697 0.070136 0.064648 0.056723 0.046032 0.032601 0.016933 0.000000 
50.000000 40.182752 30.960061 22.818646 16.062093 10.786917 6.908785 4.221327 2.463759 1.377591 0.742417 0.390436 0.205337 0.112828 0.068823 0.048873 0.040240 0.036670 0.035256 0.034720 0.034525 0.034457 0.034434 0.034426 0.034424 0.034423 0.034423 0.034423 0.034423 0.034423 0.034423 0.034423 0.034423 0.034421 0.034419 0.034412 0.034396 0.034359 0.034281 0.034121 0.033813 0.033249 0.032273 0.030683 0.028246 0.024749 0.020055 0.014186 0.007362 0.000000 
50.000000 40.178818 30.952432 22.807758 16.048503 10.771221 6.891543 4.203017 2.444753 1.358155 0.722730 0.370611 0.185440 0.092894 0.048873 0.028915 0.020279 0.016707 0.015293 0.014757 0.014562 0.014493 0.014470 0.014463 0.014461 0.014460 0.014460 0.014460 0.014460 0.014460 0.014460 0.014460 0.014459 0.014459 0.014458 0.014455 0.014447 0.014431 0.014397 0.014328 0.014195 0.013952 0.013534 0.012856 0.011823 0.010347 0.008375 0.005918 0.003069 0.000000 
50.000000 40.177114 30.949129 22.803044 16.042620 10.764427 6.884081 4.195092 2.436527 1.349744 0.714211 0.362033 0.176830 0.084269 0.040240 0.020279 0.011641 0.008068 0.006654 0.006118 0.005923 0.005854 0.005832 0.005824 0.005822 0.005821 0.005821 0.005821 0.005821 0.005821 0.005821 0.005821 0.005821 0.005820 0.005820 0.005819 0.005816 0.005809 0.005795 0.005766 0.005711 0.005611 0.005440 0.005164 0.004745 0.004149 0.003355 0.002369 0.001228 0.000000 
50.000000 40.176410 30.947762 22.801094 16.040186 10.761617 6.880994 4.191815 2.433125 1.346265 0.710688 0.358484 0.173268 0.080701 0.036670 0.016707 0.008068 0.004496 0.003081 0.002545 0.002350 0.002282 0.002259 0.002251 0.002249 0.002248 0.002248 0.002248 0.002248 0.002248 0.002248 0.002248 0.002248 0.002248 0.002248 0.002247 0.002246 0.002243 0.002238 0.002226 0.002205 0.002165 0.002098 0.001991 0.001828 0.001597 0.001290 0.000910 0.000472 0.000000 
50.000000 40.176130 30.947221 22.800322 16.039223 10.760504 6.879772 4.190517 2.431778 1.344888 0.709293 0.357080 0.171859 0.079289 0.035256 0.015293 0.006654 0.003081 0.001667 0.001131 0.000936 0.000867 0.000844 0.000837 0.000835 0.000834 0.000834 0.000834 0.000834 0.000834 0.000834 0.000834 0.000834 0.000834 0.000833 0.000833 0.000833 0.000832 0.000830 0.000825 0.000817 0.000802 0.000777 0.000737 0.000676 0.000590 0.000477 0.000336 0.000174 0.000000 
50.000000 40.176024 30.947016 22.800028 16.038857 10.760082 6.879308 4.190025 2.431267 1.344366 0.708764 0.356547 0.171324 0.078753 0.034720 0.014757 0.006118 0.002545 0.001131 0.000594 0.000399 0.000331 0.000308 0.000300 0.000298 0.000297 0.000297 0.000297 0.000297 0.000297 0.000297 0.000297 0.000297 0.000297 0.000297 0.000297 0.000297 0.000297 0.000296 0.000294 0.000291 0.000286 0.000277 0.000262 0.000241 0.000210 0.000169 0.000119 0.000062 0.000000 
50.000000 40.175986 30.946941 22.799922 16.038724 10.759928 6.879139 4.189845 2.431081 1.344175 0.708571 0.356353 0.171129 0.078558 0.034525 0.014562 0.005923 0.002350 0.000936 0.000399 0.000204 0.000136 0.000113 0.000105 0.000103 0.000102 0.000102 0.000102 0.000102 0.000102 0.000102 0.000102 0.000102 0.000102 0.000102 0.000102 0.000102 0.000102 0.000101 0.000101 0.000100 0.000098 0.000095 0.000090 0.000082 0.000072 0.000058 0.000041 0.000021 0.000000 
50.000000 40.175972 30.946915 22.799884 16.038677 10.759874 6.879080 4.189783 2.431016 1.344109 0.708504 0.356285 0.171061 0.078490 0.034457 0.014493 0.005854 0.002282 0.000867 0.000331 0.000136 0.000067 0.000044 0.000037 0.000035 0.000034 0.000034 0.000034 0.000034 0.000034 0.000034 0.000034 0.000034 0.000034 0.000034 0.000034 0.000034 0.000034 0.000034 0.000033 0.000033 0.000032 0.000031 0.000030 0.000027 0.000024 0.000019 0.000013 0.000007 0.000000 
50.000000 40.175968 30.946906 22.799872 16.038662 10.759856 6.879060 4.189762 2.430994 1.344087 0.708481 0.356263 0.171039 0.078467 0.034434 0.014470 0.005832 0.002259 0.000844 0.000308 0.000113 0.000044 0.000021 0.000014 0.000012 0.000011 0.000011 0.000011 0.000011 0.000011 0.000011 0.000011 0.000011 0.000011 0.000011 0.000011 0.000011 0.000011 0.000011 0.000011 0.000011 0.000010 0.000010 0.000009 0.000009 0.000008 0.000006 0.000004 0.000002 0.000000 
50.000000 40.175966 30.946903 22.799868 16.038657 10.759850 6.879054 4.189755 2.430987 1.344079 0.708474 0.356255 0.171031 0.078460 0.034427 0.014463 0.005824 0.002251 0.000837 0.000301 0.000105 0.000037 0.000014 0.000007 0.000004 0.000004 0.000003 0.000003 0.000003 0.000003 0.000003 0.000003 0.000003 0.000003 0.000003 0.000003 0.000003 0.000003 0.000003 0.000003 0.000003 0.000003 0.000003 0.000003 0.000003 0.000002 0.000002 0.000001 0.000001 0.000000 
50.000000 40.175966 30.946902 22.799867 16.038655 10.759849 6.879052 4.189753 2.430985 1.344077 0.708472 0.356253 0.171029 0.078458 0.034424 0.014461 0.005822 0.002249 0.000835 0.000298 0.000103 0.000035 0.000012 0.000005 0.000002 0.000002 0.000001 0.000001 0.000001 0.000001 0.000001 0.000001 0.000001 0.000001 0.000001 0.000001 0.000001 0.000001 0.000001 0.000001 0.000001 0.000001 0.000001 0.000001 0.000001 0.000001 0.000001 0.000000 0.000000 0.000000 
50.000000 40.175966 30.946902 22.799867 16.038655 10.759849 6.879052 4.189753 2.430985 1.344077 0.708472 0.356253 0.171029 0.078458 0.034424 0.014461 0.005822 0.002249 0.000835 0.000298 0.000103 0.000035 0.000012 0.000005 0.000002 0.000002 0.000001 0.000001 0.000001 0.000001 0.000001 0.000001 0.000001 0.000001 0.000001 0.000001 0.000001 0.000001 0.000001 0.000001 0.000001 0.000001 0.000001 0.000001 0.000001 0.000001 0.000001 0.000000 0.000000 0.000000 
50.000000 40.175966 30.946903 22.799868 16.038657 10.759850 6.879054 4.189755 2.430987 1.344079 0.708474 0.356255 0.171031 0.078460 0.034427 0.014463 0.005824 0.002251 0.000837 0.000301 0.000105 0.000037 0.000014 0.000007 0.000004 0.000004 0.000003 0.000003 0.000003 0.000003 0.000003 0.000003 0.000003 0.000003 0.000003 0.000003 0.000003 0.000003 0.000003 0.000003 0.000003 0.000003 0.000003 0.000003 0.000003 0.000002 0.000002 0.000001 0.000001 0.000000 
50.000000 40.175968 30.946906 22.799872 16.038662 10.759856 6.879060 4.189762 2.430994 1.344087 0.708481 0.356263 0.171039 0.078467 0.034434 0.014470 0.005832 0.002259 0.000844 0.000308 0.000113 0.000044 0.000021 0.000014 0.000012 0.000011 0.000011 0.000011 0.000011 0.000011 0.000011 0.000011 0.000011 0.000011 0.000011 0.000011 0.000011 0.000011 0.000011 0.000011 0.000011 0.000010 0.000010 0.000009 0.000009 0.000008 0.000006 0.000004 0.000002 0.000000 
50.000000 40.175972 30.946915 22.799884 16.038677 10.759874 6.879080 4.189783 2.431016 1.344109 0.708504 0.356285 0.171061 0.078490 0.034457 0.014493 0.005854 0.002282 0.000867 0.000331 0.000136 0.000067 0.000044 0.000037 0.000035 0.000034 0.000034 0.000034 0.000034 0.000034 0.000034 0.000034 0.000034 0.000034 0.000034 0.000034 0.000034 0.000034 0.000034 0.000033 0.000033 0.000032 0.000031 0.000030 0.000027 0.000024 0.000019 0.000013 0.000007 0.000000 
50.000000 40.175986 30.946941 22.799922 16.038724 10.759928 6.879139 4.189845 2.431081 1.344175 0.708571 0.356353 0.171129 0.078558 0.034525 0.014562 0.005923 0.002350 0.000936 0.000399 0.000204 0.000136 0.000113 0.000105 0.000103 0.000102 0.000102 0.000102 0.000102 0.000102 0.000102 0.000102 0.000102 0.000102 0.000102 0.000102 0.000102 0.000102 0.000101 0.000101 0.000100 0.000098 0.000095 0.000090 0.000082 0.000072 0.000058 0.000041 0.000021 0.000000 
50.000000 40.176024 30.947016 22.800028 16.038857 10.760082 6.879308 4.190025 2.431267 1.344366 0.708764 0.356547 0.171324 0.078753 0.034720 0.014757 0.006118 0.002545 0.001131 0.000594 0.000399 0.000331 0.000308 0.000300 0.000298 0.000297 0.000297 0.000297 0.000297 0.000297 0.000297 0.000297 0.000297 0.000297 0.000297 0.000297 0.000297 0.000297 0.000296 0.000294 0.000291 0.000286 0.000277 0.000262 0.000241 0.000210 0.000169 0.000119 0.000062 0.000000 
50.000000 40.176130 30.947221 22.800322 16.039223 10.760504 6.879772 4.190517 2.431778 1.344888 0.709293 0.357080 0.171859 0.079289 0.035256 0.015293 0.006654 0.003081 0.001667 0.001131 0.000936 0.000867 0.000844 0.000837 0.000835 0.000834 0.000834 0.000834 0.000834 0.000834 0.000834 0.000834 0.000834 0.000834 0.000833 0.000833 0.000833 0.000832 0.000830 0.000825 0.000817 0.000802 0.000777 0.000737 0.000676 0.000590 0.000477 0.000336 0.000174 0.000000 
50.000000 40.176410 30.947762 22.801094 16.040186 10.761617 6.880994 4.191815 2.433125 1.346265 0.710688 0.358484 0.173268 0.080701 0.036670 0.016707 0.008068 0.004496 0.003081 0.002545 0.002350 0.002282 0.002259 0.002251 0.002249 0.002248 0.002248 0.002248 0.002248 0.002248 0.002248 0.002248 0.002248 0.002248 0.002248 0.002247 0.002246 0.002243 0.002238 0.002226 0.002205 0.002165 0.002098 0.001991 0.001828 0.001597 0.001290 0.000910 0.000472 0.000000 
50.000000 40.177114 30.949129 22.803044 16.042620 10.764427 6.884081 4.195092 2.436527 1.349744 0.714211 0.362033 0.176830 0.084269 0.040240 0.020279 0.011641 0.008068 0.006654 0.006118 0.005923 0.005854 0.005832 0.005824 0.005822 0.005821 0.005821 0.005821 0.005821 0.005821 0.005821 0.005821 0.005821 0.005820 0.005820 0.005819 0.005816 0.005809 0.005795 0.005766 0.005711 0.005611 0.005440 0.005164 0.004745 0.004149 0.003355 0.002369 0.001228 0.000000 
50.000000 40.178818 30.952432 22.807758 16.048503 10.771221 6.891543 4.203017 2.444753 1.358155 0.722730 0.370611 0.185440 0.092894 0.048873 0.028915 0.020279 0.016707 0.015293 0.014757 0.014562 0.014493 0.014470 0.014463 0.014461 0.014460 0.014460 0.014460 0.014460 0.014460 0.014460 0.014460 0.014459 0.014459 0.014458 0.014455 0.014447 0.014431 0.014397 0.014328 0.014195 0.013952 0.013534 0.012856 0.011823 0.010347 0.008375 0.005918 0.003069 0.000000 
50.000000 40.182752 30.960061 22.818646 16.062093 10.786917 6.908785 4.221327 2.463759 1.377591 0.742417 0.390436 0.205337 0.112828 0.068823 0.048873 0.040240 0.036670 0.035256 0.034720 0.034525 0.034457 0.034434 0.034426 0.034424 0.034423 0.034423 0.034423 0.034423 0.034423 0.034423 0.034423 0.034423 0.034421 0.034419 0.034412 0.034396 0.034359 0.034281 0.034121 0.033813 0.033249 0.032273 0.030683 0.028246 0.024749 0.020055 0.014186 0.007362 0.000000 
50.000000 40.191428 30.976884 22.842656 16.092061 10.821530 6.946807 4.261707 2.505678 1.420459 0.785838 0.434162 0.249223 0.156794 0.112828 0.092894 0.084269 0.080701 0.079289 0.078753 0.078558 0.078490 0.078467 0.078460 0.078458 0.078457 0.078457 0.078457 0.078457 0.078456 0.078456 0.078456 0.078455 0.078453 0.078447 0.078432 0.078397 0.078318 0.078147 0.077797 0.077119 0.075870 0.073697 0.070136 0.064648 0.056723 0.046032 0.032601 0.016933 0.000000 
50.000000 40.209659 31.012237 22.893114 16.155044 10.894281 7.026727 4.346588 2.593797 1.510574 0.877117 0.526086 0.341485 0.249223 0.205337 0.185440 0.176830 0.173268 0.171859 0.171324 0.171129 0.171061 0.171039 0.171031 0.171029 0.171028 0.171028 0.171028 0.171028 0.171028 0.171028 0.171027 0.171025 0.171020 0.171008 0.170978 0.170906 0.170742 0.170389 0.169662 0.168242 0.165613 0.161011 0.153413 0.141624 0.124479 0.101198 0.071784 0.037326 0.000000 
50.000000 40.246124 31.082949 22.994044 16.281032 11.039813 7.186612 4.516403 2.770096 1.690873 1.059751 0.710010 0.526086 0.434162 0.390436 0.370611 0.362033 0.358484 0.357080 0.356547 0.356353 0.356285 0.356263 0.356255 0.356253 0.356252 0.356252 0.356252 0.356252 0.356252 0.356251 0.356250 0.356247 0.356238 0.356214 0.356155 0.356016 0.355697 0.355005 0.353574 0.350759 0.345511 0.336253 0.320847 0.296737 0.261376 0.212968 0.151372 0.078821 0.000000 
50.000000 40.315440 31.217371 23.185913 16.520548 11.316500 7.490597 4.839283 3.105317 2.033709 1.407032 1.059751 0.877117 0.785838 0.742417 0.722730 0.714211 0.710688 0.709293 0.708764 0.708571 0.708504 0.708481 0.708474 0.708472 0.708471 0.708471 0.708471 0.708470 0.708470 0.708470 0.708467 0.708461 0.708445 0.708402 0.708296 0.708040 0.707455 0.706177 0.703516 0.698246 0.688339 0.670709 0.641087 0.594254 0.524849 0.428867 0.305622 0.159437 0.000000 
50.000000 40.440487 31.459871 23.532063 16.952673 11.815706 8.039080 5.421881 3.710202 2.652351 2.033709 1.690873 1.510574 1.420459 1.377591 1.358155 1.349744 1.346265 1.344888 1.344366 1.344175 1.344109 1.344087 1.344079 1.344077 1.344076 1.344076 1.344076 1.344076 1.344076 1.344074 1.344071 1.344061 1.344033 1.343960 1.343778 1.343340 1.342332 1.340114 1.335463 1.326175 1.308556 1.276875 1.223035 1.136862 1.007505 0.826310 0.590891 0.309035 0.000000 
50.000000 40.654257 31.874438 24.123840 17.691461 12.669215 8.976876 6.418045 4.744505 3.710202 3.105317 2.770096 2.593797 2.505678 2.463759 2.444753 2.436527 2.433125 2.431778 2.431267 2.431081 2.431016 2.430994 2.430987 2.430985 2.430984 2.430984 2.430984 2.430983 2.430983 2.430981 2.430975 2.430959 2.430916 2.430801 2.430510 2.429809 2.428184 2.424585 2.416978 2.401646 2.372252 2.318763 2.226631 2.076958 1.848663 1.523605 1.094664 0.574535 0.000000 
50.000000 41.000071 32.545093 25.081197 18.886687 14.050089 10.494172 8.029828 6.418045 5.421881 4.839283 4.516403 4.346588 4.261707 4.221327 4.203017 4.195092 4.191815 4.190517 4.190025 4.189845 4.189783 4.189762 4.189755 4.189753 4.189752 4.189752 4.189752 4.189751 4.189750 4.189748 4.189739 4.189716 4.189652 4.189483 4.189054 4.188010 4.185577 4.180150 4.168574 4.145007 4.099282 4.014914 3.867266 3.623041 3.243023 2.690363 1.945711 1.026487 0.000000 
50.000000 41.528718 33.570342 26.544771 20.713960 16.161253 12.813980 10.494172 8.976876 8.039080 7.490597 7.186612 7.026727 6.946807 6.908785 6.891543 6.884081 6.880994 6.879772 6.879308 6.879139 6.879080 6.879060 6.879054 6.879052 6.879051 6.879051 6.879051 6.879051 6.879049 6.879046 6.879035 6.879003 6.878917 6.878687 6.878102 6.876671 6.873314 6.865764 6.849510 6.816044 6.750245 6.626906 6.406990 6.035207 5.442071 4.555330 3.325924 1.768535 0.000000 
50.000000 42.291420 35.049529 28.656400 23.350399 19.207383 16.161253 14.050089 12.669215 11.815706 11.316500 11.039813 10.894281 10.821530 10.786917 10.771221 10.764427 10.761617 10.760504 10.760082 10.759928 10.759874 10.759856 10.759850 10.759848 10.759848 10.759848 10.759847 10.759847 10.759845 10.759841 10.759827 10.759789 10.759682 10.759398 10.758671 10.756883 10.752657 10.743077 10.722246 10.678844 10.592257 10.427048 10.126046 9.603692 8.743891 7.411018 5.488058 2.955783 0.000000 
50.000000 43.328685 37.061230 31.528276 26.936111 23.350399 20.713960 18.886687 17.691461 16.952673 16.520548 16.281032 16.155044 16.092061 16.062093 16.048503 16.042620 16.040186 16.039223 16.038857 16.038724 16.038677 16.038662 16.038657 16.038655 16.038655 16.038654 16.038654 16.038654 16.038652 16.038647 16.038632 16.038590 16.038472 16.038156 16.037345 16.035338 16.030565 16.019656 15.995700 15.945168 15.842798 15.643664 15.271889 14.606508 13.468055 11.617040 8.792022 4.841102 0.000000 
50.000000 44.657039 39.637501 35.206176 31.528276 28.656400 26.544771 25.081197 24.123840 23.532063 23.185913 22.994044 22.893114 22.842656 22.818646 22.807758 22.803044 22.801094 22.800322 22.800028 22.799922 22.799884 22.799872 22.799868 22.799867 22.799866 22.799866 22.799866 22.799865 22.799864 22.799859 22.799845 22.799804 22.799689 22.799383 22.798591 22.796624 22.791916 22.781075 22.757046 22.705752 22.600235 22.390834 21.989441 21.245382 19.911236 17.603088 13.786457 7.907692 0.000000 
50.000000 46.257481 42.741492 39.637501 37.061230 35.049529 33.570342 32.545093 31.874438 31.459871 31.217371 31.082949 31.012237 30.976884 30.960061 30.952432 30.949129 30.947762 30.947221 30.947016 30.946941 30.946915 30.946906 30.946903 30.946902 30.946902 30.946902 30.946902 30.946901 30.946900 30.946896 30.946885 30.946852 30.946760 30.946514 30.945876 30.944283 30.940452 30.931578 30.911749 30.868980 30.779775 30.599382 30.244418 29.561471 28.269208 25.851044 21.370746 13.275297 0.000000 
50.000000 48.070343 46.257481 44.657039 43.328685 42.291420 41.528718 41.000071 40.654257 40.440487 40.315440 40.246124 40.209659 40.191428 40.182752 40.178818 40.177114 40.176410 40.176130 40.176024 40.175986 40.175972 40.175968 40.175966 40.175966 40.175966 40.175966 40.175966 40.175965 40.175965 40.175963 40.175956 40.175938 40.175887 40.175749 40.175391 40.174494 40.172333 40.167303 40.156003 40.131452 40.079721 39.973584 39.760183 39.335637 38.487583 36.749347 32.982183 24.035171 0.000000 
50.000000 50.000000 50.000000 50.000000 50.000000 50.000000 50.000000 50.000000 50.000000 50.000000 50.000000 50.000000 50.000000 50.000000 50.000000 50.000000 50.000000 50.000000 50.000000 50.000000 50.000000 50.000000 50.000000 50.000000 50.000000 50.000000 50.000000 50.000000 50.000000 50.000000 50.000000 50.000000 50.000000 50.000000 50.000000 50.000000 50.000000 50.000000 50.000000 50.000000 50.000000 50.000000 50.000000 50.000000 50.000000 50.000000 50.000000 50.000000 50.000000 50.000000 
