50.000000 50.000000 50.000000 50.000000 50.000000 50.000000 50.000000 50.000000 50.000000 50.000000 50.000000 50.000000 50.000000 50.000000 50.000000 50.000000 50.000000 50.000000 50.000000 50.000000 50.000000 50.000000 50.000000 50.000000 50.000000 50.000000 50.000000 50.000000 50.000000 50.000000 50.000000 50.000000 50.000000 50.000000 50.000000 50.000000 50.000000 50.000000 50.000000 50.000000 50.000000 50.000000 50.000000 50.000000 50.000000 50.000000 50.000000 50.000000 50.000000 50.000000 
50.000000 43.130834 37.727997 34.333666 32.592564 31.847050 31.575234 31.489400 31.465586 31.459710 31.458408 31.458147 31.458099 31.458091 31.458090 31.458089 31.458089 31.458089 31.458089 31.458089 31.458089 31.458089 31.458089 31.458089 31.458089 31.458089 31.458089 31.458089 31.458089 31.458089 31.458089 31.458089 31.458089 31.458089 31.458089 31.458089 31.458089 31.458089 31.458086 31.458068 31.457964 31.457409 31.454700 31.442534 31.392459 31.203250 30.542827 28.381454 21.565417 0.000000 
50.000000 37.727997 28.076844 22.014876 18.906358 17.575808 17.090878 16.937811 16.895363 16.884895 16.882576 16.882111 16.882025 16.882011 16.882009 16.882009 16.882008 16.882008 16.882008 16.882008 16.882008 16.882008 16.882008 16.882008 16.882008 16.882008 16.882008 16.882008 16.882008 16.882008 16.882008 16.882008 16.882008 16.882008 16.882008 16.882008 16.882008 16.882008 16.882004 16.881981 16.881851 16.881165 16.877867 16.863388 16.805759 16.598944 15.934148 14.038422 9.346543 0.000000 
50.000000 34.333666 22.014876 14.279376 10.314073 8.617490 7.999439 7.804448 7.750401 7.737081 7.734131 7.733540 7.733431 7.733413 7.733410 7.733410 7.733410 7.733410 7.733410 7.733410 7.733410 7.733410 7.733410 7.733410 7.733410 7.733410 7.733410 7.733410 7.733410 7.733410 7.733410 7.733410 7.733410 7.733410 7.733410 7.733410 7.733410 7.733409 7.733407 7.733390 7.733294 7.732797 7.730439 7.720310 7.681170 7.546542 7.139688 6.080728 3.790839 0.000000 
50.000000 32.592564 18.906358 10.314073 5.910849 4.027539 3.341724 3.125442 3.065519 3.050756 3.047489 3.046834 3.046714 3.046694 3.046691 3.046691 3.046690 3.046690 3.046690 3.046690 3.046690 3.046690 3.046690 3.046690 3.046690 3.046690 3.046690 3.046690 3.046690 3.046690 3.046690 3.046690 3.046690 3.046690 3.046690 3.046690 3.046690 3.046690 3.046689 3.046680 3.046629 3.046367 3.045141 3.039965 3.020438 2.955425 2.767531 2.307413 1.389314 0.000000 
50.000000 31.847050 17.575808 8.617490 4.027539 2.064792 1.350221 1.124928 1.062525 1.047156 1.043756 1.043074 1.042950 1.042929 1.042925 1.042925 1.042925 1.042925 1.042925 1.042925 1.042925 1.042925 1.042925 1.042925 1.042925 1.042925 1.042925 1.042925 1.042925 1.042925 1.042925 1.042925 1.042925 1.042925 1.042925 1.042925 1.042925 1.042925 1.042924 1.042920 1.042899 1.042790 1.042285 1.040182 1.032396 1.007101 0.936319 0.770048 0.454591 0.000000 
50.000000 31.575234 17.090878 7.999439 3.341724 1.350221 0.625271 0.396734 0.333442 0.317856 0.314408 0.313717 0.313591 0.313570 0.313566 0.313566 0.313566 0.313566 0.313566 0.313566 0.313566 0.313566 0.313566 0.313566 0.313566 0.313566 0.313566 0.313566 0.313566 0.313566 0.313566 0.313566 0.313566 0.313566 0.313566 0.313566 0.313566 0.313566 0.313566 0.313564 0.313557 0.313519 0.313346 0.312635 0.310039 0.301760 0.279130 0.227490 0.132700 0.000000 
50.000000 31.489400 16.937811 7.804448 3.125442 1.124928 0.396734 0.167188 0.103620 0.087967 0.084504 0.083810 0.083684 0.083662 0.083659 0.083658 0.083658 0.083658 0.083658 0.083658 0.083658 0.083658 0.083658 0.083658 0.083658 0.083658 0.083658 0.083658 0.083658 0.083658 0.083658 0.083658 0.083658 0.083658 0.083658 0.083658 0.083658 0.083658 0.083658 0.083658 0.083656 0.083645 0.083594 0.083388 0.082643 0.080301 0.074009 0.059944 0.034700 0.000000 
50.000000 31.465586 16.895363 7.750401 3.065519 1.062525 0.333442 0.103620 0.039976 0.024305 0.020838 0.020144 0.020017 0.019995 0.019992 0.019992 0.019992 0.019992 0.019992 0.019992 0.019992 0.019992 0.019992 0.019992 0.019992 0.019992 0.019992 0.019992 0.019992 0.019992 0.019992 0.019992 0.019992 0.019992 0.019992 0.019992 0.019992 0.019992 0.019992 0.019991 0.019991 0.019988 0.019975 0.019923 0.019735 0.019152 0.017605 0.014197 0.008176 0.000000 
50.000000 31.459710 16.884895 7.737081 3.050756 1.047156 0.317856 0.087967 0.024305 0.008629 0.005162 0.004467 0.004340 0.004319 0.004315 0.004315 0.004315 0.004315 0.004315 0.004315 0.004315 0.004315 0.004315 0.004315 0.004315 0.004315 0.004315 0.004315 0.004315 0.004315 0.004315 0.004315 0.004315 0.004315 0.004315 0.004315 0.004315 0.004315 0.004315 0.004315 0.004315 0.004314 0.004311 0.004299 0.004257 0.004127 0.003787 0.003044 0.001747 0.000000 
50.000000 31.458408 16.882576 7.734131 3.047489 1.043756 0.314408 0.084504 0.020838 0.005162 0.001694 0.001000 0.000872 0.000851 0.000848 0.000847 0.000847 0.000847 0.000847 0.000847 0.000847 0.000847 0.000847 0.000847 0.000847 0.000847 0.000847 0.000847 0.000847 0.000847 0.000847 0.000847 0.000847 0.000847 0.000847 0.000847 0.000847 0.000847 0.000847 0.000847 0.000847 0.000847 0.000846 0.000844 0.000836 0.000810 0.000742 0.000595 0.000341 0.000000 
50.000000 31.458147 16.882111 7.733540 3.046834 1.043074 0.313717 0.083810 0.020144 0.004467 0.001000 0.000305 0.000178 0.000156 0.000153 0.000152 0.000152 0.000152 0.000152 0.000152 0.000152 0.000152 0.000152 0.000152 0.000152 0.000152 0.000152 0.000152 0.000152 0.000152 0.000152 0.000152 0.000152 0.000152 0.000152 0.000152 0.000152 0.000152 0.000152 0.000152 0.000152 0.000152 0.000152 0.000152 0.000150 0.000145 0.000133 0.000107 0.000061 0.000000 
50.000000 31.458099 16.882025 7.733431 3.046714 1.042950 0.313591 0.083684 0.020017 0.004340 0.000872 0.000178 0.000050 0.000029 0.000026 0.000025 0.000025 0.000025 0.000025 0.000025 0.000025 0.000025 0.000025 0.000025 0.000025 0.000025 0.000025 0.000025 0.000025 0.000025 0.000025 0.000025 0.000025 0.000025 0.000025 0.000025 0.000025 0.000025 0.000025 0.000025 0.000025 0.000025 0.000025 0.000025 0.000025 0.000024 0.000022 0.000018 0.000010 0.000000 
50.000000 31.458091 16.882011 7.733413 3.046694 1.042929 0.313570 0.083662 0.019995 0.004319 0.000851 0.000156 0.000029 0.000008 0.000004 0.000004 0.000004 0.000004 0.000004 0.000004 0.000004 0.000004 0.000004 0.000004 0.000004 0.000004 0.000004 0.000004 0.000004 0.000004 0.000004 0.000004 0.000004 0.000004 0.000004 0.000004 0.000004 0.000004 0.000004 0.000004 0.000004 0.000004 0.000004 0.000004 0.000004 0.000004 0.000003 0.000003 0.000002 0.000000 
50.000000 31.458090 16.882009 7.733410 3.046691 1.042925 0.313566 0.083659 0.019992 0.004315 0.000848 0.000153 0.000026 0.000004 0.000001 0.000001 0.000001 0.000001 0.000001 0.000001 0.000001 0.000001 0.000001 0.000001 0.000001 0.000001 0.000001 0.000001 0.000001 0.000001 0.000001 0.000001 0.000001 0.000001 0.000001 0.000001 0.000001 0.000001 0.000001 0.000001 0.000001 0.000001 0.000001 0.000001 0.000001 0.000001 0.000000 0.000000 0.000000 0.000000 
50.000000 31.458089 16.882009 7.733410 3.046691 1.042925 0.313566 0.083658 0.019992 0.004315 0.000847 0.000152 0.000025 0.000004 0.000001 0.000000 0.000000 0.000000 0.000000 0.000000 0.000000 0.000000 0.000000 0.000000 0.000000 0.000000 0.000000 0.000000 0.000000 0.000000 0.000000 0.000000 0.000000 0.000000 0.000000 0.000000 0.000000 0.000000 0.000000 0.000000 0.000000 0.000000 0.000000 0.000000 0.000000 0.000000 0.000000 0.000000 0.000000 0.000000 
50.000000 31.458089 16.882008 7.733410 3.046690 1.042925 0.313566 0.083658 0.019992 0.004315 0.000847 0.000152 0.000025 0.000004 0.000001 0.000000 0.000000 0.000000 0.000000 0.000000 0.000000 0.000000 0.000000 0.000000 0.000000 0.000000 0.000000 0.000000 0.000000 0.000000 0.000000 0.000000 0.000000 0.000000 0.000000 0.000000 0.000000 0.000000 0.000000 0.000000 0.000000 0.000000 0.000000 0.000000 0.000000 0.000000 0.000000 0.000000 0.000000 0.000000 
50.000000 31.458089 16.882008 7.733410 3.046690 1.042925 0.313566 0.083658 0.019992 0.004315 0.000847 0.000152 0.000025 0.000004 0.000001 0.000000 0.000000 0.000000 0.000000 0.000000 0.000000 0.000000 0.000000 0.000000 0.000000 0.000000 0.000000 0.000000 0.000000 0.000000 0.000000 0.000000 0.000000 0.000000 0.000000 0.000000 0.000000 0.000000 0.000000 0.000000 0.000000 0.000000 0.000000 0.000000 0.000000 0.000000 0.000000 0.000000 0.000000 0.000000 
50.000000 31.458089 16.882008 7.733410 3.046690 1.042925 0.313566 0.083658 0.019992 0.004315 0.000847 0.000152 0.000025 0.000004 0.000001 0.000000 0.000000 0.000000 0.000000 0.000000 0.000000 0.000000 0.000000 0.000000 0.000000 0.000000 0.000000 0.000000 0.000000 0.000000 0.000000 0.000000 0.000000 0.000000 0.000000 0.000000 0.000000 0.000000 0.000000 0.000000 0.000000 0.000000 0.000000 0.000000 0.000000 0.000000 0.000000 0.000000 0.000000 0.000000 
50.000000 31.458089 16.882008 7.733410 3.046690 1.042925 0.313566 0.083658 0.019992 0.004315 0.000847 0.000152 0.000025 0.000004 0.000001 0.000000 0.000000 0.000000 0.000000 0.000000 0.000000 0.000000 0.000000 0.000000 0.000000 0.000000 0.000000 0.000000 0.000000 0.000000 0.000000 0.000000 0.000000 0.000000 0.000000 0.000000 0.000000 0.000000 0.000000 0.000000 0.000000 0.000000 0.000000 0.000000 0.000000 0.000000 0.000000 0.000000 0.000000 0.000000 
50.000000 31.458089 16.882008 7.733410 3.046690 1.042925 0.313566 0.083658 0.019992 0.004315 0.000847 0.000152 0.000025 0.000004 0.000001 0.000000 0.000000 0.000000 0.000000 0.000000 0.000000 0.000000 0.000000 0.000000 0.000000 0.000000 0.000000 0.000000 0.000000 0.000000 0.000000 0.000000 0.000000 0.000000 0.000000 0.000000 0.000000 0.000000 0.000000 0.000000 0.000000 0.000000 0.000000 0.000000 0.000000 0.000000 0.000000 0.000000 0.000000 0.000000 
50.000000 31.458089 16.882008 7.733410 3.046690 1.042925 0.313566 0.083658 0.019992 0.004315 0.000847 0.000152 0.000025 0.000004 0.000001 0.000000 0.000000 0.000000 0.000000 0.000000 0.000000 0.000000 0.000000 0.000000 0.000000 0.000000 0.000000 0.000000 0.000000 0.000000 0.000000 0.000000 0.000000 0.000000 0.000000 0.000000 0.000000 0.000000 0.000000 0.000000 0.000000 0.000000 0.000000 0.000000 0.000000 0.000000 0.000000 0.000000 0.000000 0.000000 
50.000000 31.458089 16.882008 7.733410 3.046690 1.042925 0.313566 0.083658 0.019992 0.004315 0.000847 0.000152 0.000025 0.000004 0.000001 0.000000 0.000000 0.000000 0.000000 0.000000 0.000000 0.000000 0.000000 0.000000 0.000000 0.000000 0.000000 0.000000 0.000000 0.000000 0.000000 0.000000 0.000000 0.000000 0.000000 0.000000 0.000000 0.000000 0.000000 0.000000 0.000000 0.000000 0.000000 0.000000 0.000000 0.000000 0.000000 0.000000 0.000000 0.000000 
50.000000 31.458089 16.882008 7.733410 3.046690 1.042925 0.313566 0.083658 0.019992 0.004315 0.000847 0.000152 0.000025 0.000004 0.000001 0.000000 0.000000 0.000000 0.000000 0.000000 0.000000 0.000000 0.000000 0.000000 0.000000 0.000000 0.000000 0.000000 0.000000 0.000000 0.000000 0.000000 0.000000 0.000000 0.000000 0.000000 0.000000 0.000000 0.000000 0.000000 0.000000 0.000000 0.000000 0.000000 0.000000 0.000000 0.000000 0.000000 0.000000 0.000000 
50.000000 31.458089 16.882008 7.733410 3.046690 1.042925 0.313566 0.083658 0.019992 0.004315 0.000847 0.000152 0.000025 0.000004 0.000001 0.000000 0.000000 0.000000 0.000000 0.000000 0.000000 0.000000 0.000000 0.000000 0.000000 0.000000 0.000000 0.000000 0.000000 0.000000 0.000000 0.000000 0.000000 0.000000 0.000000 0.000000 0.000000 0.000000 0.000000 0.000000 0.000000 0.000000 0.000000 0.000000 0.000000 0.000000 0.000000 0.000000 0.000000 0.000000 
50.000000 31.458089 16.882008 7.733410 3.046690 1.042925 0.313566 0.083658 0.019992 0.004315 0.000847 0.000152 0.000025 0.000004 0.000001 0.000000 0.000000 0.000000 0.000000 0.000000 0.000000 0.000000 0.000000 0.000000 0.000000 0.000000 0.000000 0.000000 0.000000 0.000000 0.000000 0.000000 0.000000 0.000000 0.000000 0.000000 0.000000 0.000000 0.000000 0.000000 0.000000 0.000000 0.000000 0.000000 0.000000 0.000000 0.000000 0.000000 0.000000 0.000000 
50.000000 31.458089 16.882008 7.733410 3.046690 1.042925 0.313566 0.083658 0.019992 0.004315 0.000847 0.000152 0.000025 0.000004 0.000001 0.000000 0.000000 0.000000 0.000000 0.000000 0.000000 0.000000 0.000000 0.000000 0.000000 0.000000 0.000000 0.000000 0.000000 0.000000 0.000000 0.000000 0.000000 0.000000 0.000000 0.000000 0.000000 0.000000 0.000000 0.000000 0.000000 0.000000 0.000000 0.000000 0.000000 0.000000 0.000000 0.000000 0.000000 0.000000 
50.000000 31.458089 16.882008 7.733410 3.046690 1.042925 0.313566 0.083658 0.019992 0.004315 0.000847 0.000152 0.000025 0.000004 0.000001 0.000000 0.000000 0.000000 0.000000 0.000000 0.000000 0.000000 0.000000 0.000000 0.000000 0.000000 0.000000 0.000000 0.000000 0.000000 0.000000 0.000000 0.000000 0.000000 0.000000 0.000000 0.000000 0.000000 0.000000 0.000000 0.000000 0.000000 0.000000 0.000000 0.000000 0.000000 0.000000 0.000000 0.000000 0.000000 
50.000000 31.458089 16.882008 7.733410 3.046690 1.042925 0.313566 0.083658 0.019992 0.004315 0.000847 0.000152 0.000025 0.000004 0.000001 0.000000 0.000000 0.000000 0.000000 0.000000 0.000000 0.000000 0.000000 0.000000 0.000000 0.000000 0.000000 0.000000 0.000000 0.000000 0.000000 0.000000 0.000000 0.000000 0.000000 0.000000 0.000000 0.000000 0.000000 0.000000 0.000000 0.000000 0.000000 0.000000 0.000000 0.000000 0.000000 0.000000 0.000000 0.000000 
50.000000 31.458089 16.882008 7.733410 3.046690 1.042925 0.313566 0.083658 0.019992 0.004315 0.000847 0.000152 0.000025 0.000004 0.000001 0.000000 0.000000 0.000000 0.000000 0.000000 0.000000 0.000000 0.000000 0.000000 0.000000 0.000000 0.000000 0.000000 0.000000 0.000000 0.000000 0.000000 0.000000 0.000000 0.000000 0.000000 0.000000 0.000000 0.000000 0.000000 0.000000 0.000000 0.000000 0.000000 0.000000 0.000000 0.000000 0.000000 0.000000 0.000000 
50.000000 31.458089 16.882008 7.733410 3.046690 1.042925 0.313566 0.083658 0.019992 0.004315 0.000847 0.000152 0.000025 0.000004 0.000001 0.000000 0.000000 0.000000 0.000000 0.000000 0.000000 0.000000 0.000000 0.000000 0.000000 0.000000 0.000000 0.000000 0.000000 0.000000 0.000000 0.000000 0.000000 0.000000 0.000000 0.000000 0.000000 0.000000 0.000000 0.000000 0.000000 0.000000 0.000000 0.000000 0.000000 0.000000 0.000000 0.000000 0.000000 0.000000 
50.000000 31.458089 16.882008 7.733410 3.046690 1.042925 0.313566 0.083658 0.019992 0.004315 0.000847 0.000152 0.000025 0.000004 0.000001 0.000000 0.000000 0.000000 0.000000 0.000000 0.000000 0.000000 0.000000 0.000000 0.000000 0.000000 0.000000 0.000000 0.000000 0.000000 0.000000 0.000000 0.000000 0.000000 0.000000 0.000000 0.000000 0.000000 0.000000 0.000000 0.000000 0.000000 0.000000 0.000000 0.000000 0.000000 0.000000 0.000000 0.000000 0.000000 
50.000000 31.458089 16.882008 7.733410 3.046690 1.042925 0.313566 0.083658 0.019992 0.004315 0.000847 0.000152 0.000025 0.000004 0.000001 0.000000 0.000000 0.000000 0.000000 0.000000 0.000000 0.000000 0.000000 0.000000 0.000000 0.000000 0.000000 0.000000 0.000000 0.000000 0.000000 0.000000 0.000000 0.000000 0.000000 0.000000 0.000000 0.000000 0.000000 0.000000 0.000000 0.000000 0.000000 0.000000 0.000000 0.000000 0.000000 0.000000 0.000000 0.000000 
50.000000 31.458089 16.882008 7.733410 3.046690 1.042925 0.313566 0.083658 0.019992 0.004315 0.000847 0.000152 0.000025 0.000004 0.000001 0.000000 0.000000 0.000000 0.000000 0.000000 0.000000 0.000000 0.000000 0.000000 0.000000 0.000000 0.000000 0.000000 0.000000 0.000000 0.000000 0.000000 0.000000 0.000000 0.000000 0.000000 0.000000 0.000000 0.000000 0.000000 0.000000 0.000000 0.000000 0.000000 0.000000 0.000000 0.000000 0.000000 0.000000 0.000000 
50.000000 31.458089 16.882009 7.733410 3.046691 1.042925 0.313566 0.083658 0.019992 0.004315 0.000847 0.000152 0.000025 0.000004 0.000001 0.000000 0.000000 0.000000 0.000000 0.000000 0.000000 0.000000 0.000000 0.000000 0.000000 0.000000 0.000000 0.000000 0.000000 0.000000 0.000000 0.000000 0.000000 0.000000 0.000000 0.000000 0.000000 0.000000 0.000000 0.000000 0.000000 0.000000 0.000000 0.000000 0.000000 0.000000 0.000000 0.000000 0.000000 0.000000 
50.000000 31.458090 16.882009 7.733410 3.046691 1.042925 0.313566 0.083659 0.019992 0.004315 0.000848 0.000153 0.000026 0.000004 0.000001 0.000001 0.000001 0.000001 0.000001 0.000001 0.000001 0.000001 0.000001 0.000001 0.000001 0.000001 0.000001 0.000001 0.000001 0.000001 0.000001 0.000001 0.000001 0.000001 0.000001 0.000001 0.000001 0.000001 0.000001 0.000001 0.000001 0.000001 0.000001 0.000001 0.000001 0.000001 0.000000 0.000000 0.000000 0.000000 
50.000000 31.458091 16.882011 7.733413 3.046694 1.042929 0.313570 0.083662 0.019995 0.004319 0.000851 0.000156 0.000029 0.000008 0.000004 0.000004 0.000004 0.000004 0.000004 0.000004 0.000004 0.000004 0.000004 0.000004 0.000004 0.000004 0.000004 0.000004 0.000004 0.000004 0.000004 0.000004 0.000004 0.000004 0.000004 0.000004 0.000004 0.000004 0.000004 0.000004 0.000004 0.000004 0.000004 0.000004 0.000004 0.000004 0.000003 0.000003 0.000002 0.000000 
50.000000 31.458099 16.882025 7.733431 3.046714 1.042950 0.313591 0.083684 0.020017 0.004340 0.000872 0.000178 0.000050 0.000029 0.000026 0.000025 0.000025 0.000025 0.000025 0.000025 0.000025 0.000025 0.000025 0.000025 0.000025 0.000025 0.000025 0.000025 0.000025 0.000025 0.000025 0.000025 0.000025 0.000025 0.000025 0.000025 0.000025 0.000025 0.000025 0.000025 0.000025 0.000025 0.000025 0.000025 0.000025 0.000024 0.000022 0.000018 0.000010 0.000000 
50.000000 31.458147 16.882111 7.733540 3.046834 1.043074 0.313717 0.083810 0.020144 0.004467 0.001000 0.000305 0.000178 0.000156 0.000153 0.000152 0.000152 0.000152 0.000152 0.000152 0.000152 0.000152 0.000152 0.000152 0.000152 0.000152 0.000152 0.000152 0.000152 0.000152 0.000152 0.000152 0.000152 0.000152 0.000152 0.000152 0.000152 0.000152 0.000152 0.000152 0.000152 0.000152 0.000152 0.000152 0.000150 0.000145 0.000133 0.000107 0.000061 0.000000 
50.000000 31.458408 16.882576 7.734131 3.047489 1.043756 0.314408 0.084504 0.020838 0.005162 0.001694 0.001000 0.000872 0.000851 0.000848 0.000847 0.000847 0.000847 0.000847 0.000847 0.000847 0.000847 0.000847 0.000847 0.000847 0.000847 0.000847 0.000847 0.000847 0.000847 0.000847 0.000847 0.000847 0.000847 0.000847 0.000847 0.000847 0.000847 0.000847 0.000847 0.000847 0.000847 0.000846 0.000844 0.000836 0.000810 0.000742 0.000595 0.000341 0.000000 
50.000000 31.459710 16.884895 7.737081 3.050756 1.047156 0.317856 0.087967 0.024305 0.008629 0.005162 0.004467 0.004340 0.004319 0.004315 0.004315 0.004315 0.004315 0.004315 0.004315 0.004315 0.004315 0.004315 0.004315 0.004315 0.004315 0.004315 0.004315 0.004315 0.004315 0.004315 0.004315 0.004315 0.004315 0.004315 0.004315 0.004315 0.004315 0.004315 0.004315 0.004315 0.004314 0.004311 0.004299 0.004257 0.004127 0.003787 0.003044 0.001747 0.000000 
50.000000 31.465586 16.895363 7.750401 3.065519 1.062525 0.333442 0.103620 0.039976 0.024305 0.020838 0.020144 0.020017 0.019995 0.019992 0.019992 0.019992 0.019992 0.019992 0.019992 0.019992 0.019992 0.019992 0.019992 0.019992 0.019992 0.019992 0.019992 0.019992 0.019992 0.019992 0.019992 0.019992 0.019992 0.019992 0.019992 0.019992 0.019992 0.019992 0.019991 0.019991 0.019988 0.019975 0.019923 0.019735 0.019152 0.017605 0.014197 0.008176 0.000000 
50.000000 31.489400 16.937811 7.804448 3.125442 1.124928 0.396734 0.167188 0.103620 0.087967 0.084504 0.083810 0.083684 0.083662 0.083659 0.083658 0.083658 0.083658 0.083658 0.083658 0.083658 0.083658 0.083658 0.083658 0.083658 0.083658 0.083658 0.083658 0.083658 0.083658 0.083658 0.083658 0.083658 0.083658 0.083658 0.083658 0.083658 0.083658 0.083658 0.083658 0.083656 0.083645 0.083594 0.083388 0.082643 0.080301 0.074009 0.059944 0.034700 0.000000 
50.000000 31.575234 17.090878 7.999439 3.341724 1.350221 0.625271 0.396734 0.333442 0.317856 0.314408 0.313717 0.313591 0.313570 0.313566 0.313566 0.313566 0.313566 0.313566 0.313566 0.313566 0.313566 0.313566 0.313566 0.313566 0.313566 0.313566 0.313566 0.313566 0.313566 0.313566 0.313566 0.313566 0.313566 0.313566 0.313566 0.313566 0.313566 0.313566 0.313564 0.313557 0.313519 0.313346 0.312635 0.310039 0.301760 0.279130 0.227490 0.132700 0.000000 
50.000000 31.847050 17.575808 8.617490 4.027539 2.064792 1.350221 1.124928 1.062525 1.047156 1.043756 1.043074 1.042950 1.042929 1.042925 1.042925 1.042925 1.042925 1.042925 1.042925 1.042925 1.042925 1.042925 1.042925 1.042925 1.042925 1.042925 1.042925 1.042925 1.042925 1.042925 1.042925 1.042925 1.042925 1.042925 1.042925 1.042925 1.042925 1.042924 1.042920 1.042899 1.042790 1.042285 1.040182 1.032396 1.007101 0.936319 0.770048 0.454591 0.000000 
50.000000 32.592564 18.906358 10.314073 5.910849 4.027539 3.341724 3.125442 3.065519 3.050756 3.047489 3.046834 3.046714 3.046694 3.046691 3.046691 3.046690 3.046690 3.046690 3.046690 3.046690 3.046690 3.046690 3.046690 3.046690 3.046690 3.046690 3.046690 3.046690 3.046690 3.046690 3.046690 3.046690 3.046690 3.046690 3.046690 3.046690 3.046690 3.046689 3.046680 3.046629 3.046367 3.045141 3.039965 3.020438 2.955425 2.767531 2.307413 1.389314 0.000000 
50.000000 34.333666 22.014876 14.279376 10.314073 8.617490 7.999439 7.804448 7.750401 7.737081 7.734131 7.733540 7.733431 7.733413 7.733410 7.733410 7.733410 7.733410 7.733410 7.733410 7.733410 7.733410 7.733410 7.733410 7.733410 7.733410 7.733410 7.733410 7.733410 7.733410 7.733410 7.733410 7.733410 7.733410 7.733410 7.733410 7.733410 7.733409 7.733407 7.733390 7.733294 7.732797 7.730439 7.720310 7.681170 7.546542 7.139688 6.080728 3.790839 0.000000 
50.000000 37.727997 28.076844 22.014876 18.906358 17.575808 17.090878 16.937811 16.895363 16.884895 16.882576 16.882111 16.882025 16.882011 16.882009 16.882009 16.882008 16.882008 16.882008 16.882008 16.882008 16.882008 16.882008 16.882008 16.882008 16.882008 16.882008 16.882008 16.882008 16.882008 16.882008 16.882008 16.882008 16.882008 16.882008 16.882008 16.882008 16.882008 16.882004 16.881981 16.881851 16.881165 16.877867 16.863388 16.805759 16.598944 15.934148 14.038422 9.346543 0.000000 
50.000000 43.130834 37.727997 34.333666 32.592564 31.847050 31.575234 31.489400 31.465586 31.459710 31.458408 31.458147 31.458099 31.458091 31.458090 31.458089 31.458089 31.458089 31.458089 31.458089 31.458089 31.458089 31.458089 31.458089 31.458089 31.458089 31.458089 31.458089 31.458089 31.458089 31.458089 31.458089 31.458089 31.458089 31.458089 31.458089 31.458089 31.458089 31.458086 31.458068 31.457964 31.457409 31.454700 31.442534 31.392459 31.203250 30.542827 28.381454 21.565417 0.000000 
50.000000 50.000000 50.000000 50.000000 50.000000 50.000000 50.000000 50.000000 50.000000 50.000000 50.000000 50.000000 50.000000 50.000000 50.000000 50.000000 50.000000 50.000000 50.000000 50.000000 50.000000 50.000000 50.000000 50.000000 50.000000 50.000000 50.000000 50.000000 50.000000 50.000000 50.000000 50.000000 50.000000 50.000000 50.000000 50.000000 50.000000 50.000000 50.000000 50.000000 50.000000 50.000000 50.000000 50.000000 50.000000 50.000000 50.000000 50.000000 50.000000 50.000000 
