50.000000 50.000000 50.000000 50.000000 50.000000 50.000000 50.000000 50.000000 50.000000 50.000000 50.000000 50.000000 50.000000 50.000000 50.000000 50.000000 50.000000 50.000000 50.000000 50.000000 50.000000 50.000000 50.000000 50.000000 50.000000 50.000000 50.000000 50.000000 50.000000 50.000000 50.000000 50.000000 50.000000 50.000000 50.000000 50.000000 50.000000 50.000000 50.000000 50.000000 50.000000 50.000000 50.000000 50.000000 50.000000 50.000000 50.000000 50.000000 50.000000 50.000000 
50.000000 48.578600 47.220604 45.980939 44.899472 43.997598 43.278386 42.729688 42.329009 42.048795 41.861000 41.740313 41.665886 41.621809 41.596724 41.582993 41.575760 41.572089 41.570293 41.569446 41.569060 41.568890 41.568817 41.568788 41.568776 41.568771 41.568768 41.568766 41.568762 41.568751 41.568725 41.568661 41.568513 41.568175 41.567430 41.565832 41.562499 41.555735 41.542369 41.516604 41.468036 41.378216 41.214443 40.917951 40.379414 39.382719 37.460443 33.477089 24.289300 0.000000 
50.000000 47.220604 44.565189 42.141163 40.026480 38.262977 36.856656 35.783755 35.000290 34.452379 34.085181 33.849202 33.703675 33.617494 33.568447 33.541601 33.527458 33.520280 33.516770 33.515113 33.514358 33.514025 33.513884 33.513826 33.513802 33.513793 33.513788 33.513784 33.513776 33.513756 33.513708 33.513591 33.513317 33.512696 33.511328 33.508398 33.502303 33.489976 33.465713 33.419190 33.332115 33.172656 32.885984 32.377831 31.484766 29.918558 27.161247 22.282594 13.743515 0.000000 
50.000000 45.980939 42.141163 38.635991 35.578145 33.028123 30.994600 29.443211 28.310352 27.518103 26.987162 26.645957 26.435543 26.310937 26.240022 26.201208 26.180760 26.170383 26.165307 26.162912 26.161821 26.161340 26.161136 26.161051 26.161018 26.161004 26.160998 26.160992 26.160981 26.160955 26.160891 26.160738 26.160380 26.159569 26.157787 26.153982 26.146098 26.130229 26.099186 26.040127 25.930719 25.733090 25.384397 24.782298 23.763026 22.070157 19.317996 14.979917 8.520497 0.000000 
50.000000 44.899472 40.026480 35.578145 31.697523 28.461391 25.880751 23.911985 22.474365 21.469001 20.795249 20.362274 20.095272 19.937158 19.847176 19.797926 19.771981 19.758816 19.752376 19.749337 19.747952 19.747343 19.747083 19.746976 19.746933 19.746916 19.746909 19.746902 19.746890 19.746861 19.746790 19.746620 19.746226 19.745333 19.743379 19.739224 19.730657 19.713516 19.680237 19.617518 19.502717 19.298540 18.945533 18.352144 17.383007 15.848762 13.507988 10.107922 5.516752 0.000000 
50.000000 43.997598 38.262977 33.028123 28.461391 24.653131 21.616280 19.299504 17.607786 16.424744 15.631934 15.122460 14.808290 14.622248 14.516375 14.458429 14.427904 14.412415 14.404838 14.401263 14.399634 14.398917 14.398612 14.398486 14.398436 14.398416 14.398407 14.398400 14.398388 14.398359 14.398289 14.398122 14.397734 14.396861 14.394956 14.390924 14.382657 14.366230 14.334599 14.275590 14.168937 13.982229 13.665793 13.147119 12.326565 11.078385 9.265097 6.778212 3.618184 0.000000 
50.000000 43.278386 36.856656 30.994600 25.880751 21.616280 18.215671 15.621421 13.727122 12.402435 11.514720 10.944269 10.592507 10.384208 10.265673 10.200798 10.166624 10.149284 10.140802 10.136800 10.134977 10.134174 10.133833 10.133692 10.133635 10.133613 10.133604 10.133597 10.133586 10.133560 10.133497 10.133346 10.132999 10.132219 10.130525 10.126958 10.119689 10.105345 10.077963 10.027404 9.937159 9.781560 9.522690 9.107835 8.469161 7.528606 6.212302 4.478824 2.360435 0.000000 
50.000000 42.729688 35.783755 29.443211 23.911985 19.299504 15.621421 12.815532 10.766726 9.334018 8.373932 7.756989 7.376566 7.151302 7.023115 6.952960 6.916005 6.897255 6.888084 6.883756 6.881785 6.880917 6.880548 6.880396 6.880335 6.880311 6.880301 6.880294 6.880285 6.880263 6.880210 6.880085 6.879797 6.879153 6.877759 6.874840 6.868927 6.857343 6.835415 6.795331 6.724628 6.604429 6.407766 6.098731 5.633711 4.966453 4.058814 2.897770 1.515245 0.000000 
50.000000 42.329009 35.000290 28.310352 22.474365 17.607786 13.727122 10.766726 8.605133 7.093579 6.080676 5.429805 5.028469 4.790828 4.655600 4.581594 4.542612 4.522834 4.513160 4.508595 4.506516 4.505601 4.505211 4.505051 4.504987 4.504962 4.504951 4.504945 4.504938 4.504920 4.504879 4.504782 4.504559 4.504061 4.502991 4.500760 4.496267 4.487528 4.471120 4.441407 4.389572 4.302567 4.162297 3.945562 3.625557 3.175825 2.577262 1.827634 0.950793 0.000000 
50.000000 42.048795 34.452379 27.518103 21.469001 16.424744 12.402435 9.334018 7.093579 5.526912 4.477093 3.802513 3.386566 3.140277 3.000132 2.923436 2.883038 2.862542 2.852517 2.847787 2.845633 2.844684 2.844281 2.844115 2.844048 2.844022 2.844012 2.844007 2.844001 2.843988 2.843958 2.843887 2.843724 2.843363 2.842590 2.840987 2.837777 2.831576 2.820021 2.799280 2.763456 2.704008 2.609390 2.465276 2.255807 1.966284 1.587384 1.120263 0.580758 0.000000 
50.000000 41.861000 34.085181 26.987162 20.795249 15.631934 11.514720 8.373932 6.080676 4.477093 3.402552 2.712095 2.286365 2.034288 1.890851 1.812356 1.771011 1.750035 1.739775 1.734935 1.732730 1.731759 1.731346 1.731176 1.731108 1.731082 1.731072 1.731067 1.731062 1.731053 1.731032 1.730983 1.730871 1.730624 1.730096 1.729008 1.726841 1.722681 1.714983 1.701276 1.677813 1.639269 1.578601 1.487316 1.356345 1.177731 0.947035 0.665992 0.344397 0.000000 
50.000000 41.740313 33.849202 26.645957 20.362274 15.122460 10.944269 7.756989 5.429805 3.802513 2.712095 2.011445 1.579435 1.323642 1.178094 1.098444 1.056491 1.035207 1.024797 1.019886 1.017648 1.016664 1.016245 1.016072 1.016003 1.015977 1.015966 1.015962 1.015958 1.015952 1.015939 1.015906 1.015833 1.015673 1.015332 1.014631 1.013243 1.010593 1.005722 0.997112 0.982492 0.958685 0.921574 0.866306 0.787861 0.682036 0.546771 0.383488 0.197944 0.000000 
50.000000 41.665886 33.703675 26.435543 20.095272 14.808290 10.592507 7.376566 5.028469 3.386566 2.286365 1.579435 1.143556 0.885476 0.738627 0.658266 0.615939 0.594466 0.583963 0.579008 0.576751 0.575758 0.575335 0.575161 0.575092 0.575065 0.575055 0.575050 0.575048 0.575044 0.575035 0.575015 0.574970 0.574871 0.574661 0.574231 0.573385 0.571778 0.568842 0.563684 0.554989 0.540941 0.519223 0.487161 0.442060 0.381756 0.305314 0.213700 0.110151 0.000000 
50.000000 41.621809 33.617494 26.310937 19.937158 14.622248 10.384208 7.151302 4.790828 3.140277 2.034288 1.323642 0.885476 0.626042 0.478424 0.397644 0.355096 0.333510 0.322954 0.317973 0.315704 0.314705 0.314280 0.314106 0.314036 0.314009 0.313999 0.313995 0.313992 0.313990 0.313985 0.313973 0.313946 0.313888 0.313764 0.313513 0.313021 0.312091 0.310399 0.307446 0.302500 0.294561 0.282375 0.264520 0.239591 0.206501 0.164839 0.115191 0.059311 0.000000 
50.000000 41.596724 33.568447 26.240022 19.847176 14.516375 10.265673 7.023115 4.655600 3.000132 1.890851 1.178094 0.738627 0.478424 0.330370 0.249350 0.206678 0.185028 0.174440 0.169445 0.167170 0.166168 0.165742 0.165567 0.165497 0.165469 0.165459 0.165455 0.165454 0.165452 0.165449 0.165442 0.165427 0.165394 0.165325 0.165185 0.164911 0.164395 0.163463 0.161843 0.159145 0.154841 0.148275 0.138714 0.125451 0.107952 0.086040 0.060049 0.030892 0.000000 
50.000000 41.582993 33.541601 26.201208 19.797926 14.458429 10.200798 6.952960 4.581594 2.923436 1.812356 1.098444 0.658266 0.397644 0.249350 0.168201 0.125459 0.103775 0.093170 0.088167 0.085888 0.084885 0.084458 0.084282 0.084212 0.084185 0.084175 0.084171 0.084170 0.084169 0.084167 0.084163 0.084155 0.084137 0.084100 0.084025 0.083879 0.083605 0.083112 0.082260 0.080847 0.078604 0.075201 0.070273 0.063473 0.054547 0.043421 0.030273 0.015563 0.000000 
50.000000 41.575760 33.527458 26.180760 19.771981 14.427904 10.166624 6.916005 4.542612 2.883038 1.771011 1.056491 0.615939 0.355096 0.206678 0.125459 0.082682 0.060980 0.050366 0.045359 0.043078 0.042074 0.041646 0.041471 0.041400 0.041373 0.041363 0.041359 0.041358 0.041357 0.041356 0.041354 0.041350 0.041341 0.041322 0.041283 0.041208 0.041069 0.040818 0.040387 0.039675 0.038551 0.036853 0.034405 0.031043 0.026648 0.021190 0.014761 0.007584 0.000000 
50.000000 41.572089 33.520280 26.170383 19.758816 14.412415 10.149284 6.897255 4.522834 2.862542 1.750035 1.035207 0.594466 0.333510 0.185028 0.103775 0.060980 0.039268 0.028650 0.023640 0.021359 0.020354 0.019927 0.019751 0.019681 0.019654 0.019643 0.019640 0.019638 0.019638 0.019637 0.019636 0.019634 0.019630 0.019620 0.019601 0.019564 0.019496 0.019373 0.019163 0.018818 0.018275 0.017458 0.016285 0.014680 0.012590 0.010003 0.006963 0.003576 0.000000 
50.000000 41.570293 33.516770 26.165307 19.752376 14.404838 10.140802 6.888084 4.513160 2.852517 1.739775 1.024797 0.583963 0.322954 0.174440 0.093171 0.050366 0.028650 0.018030 0.013019 0.010737 0.009732 0.009305 0.009129 0.009059 0.009032 0.009021 0.009018 0.009016 0.009016 0.009015 0.009015 0.009014 0.009012 0.009007 0.008998 0.008981 0.008948 0.008891 0.008792 0.008631 0.008378 0.007999 0.007456 0.006716 0.005755 0.004569 0.003179 0.001632 0.000000 
50.000000 41.569446 33.515113 26.162912 19.749337 14.401263 10.136800 6.883756 4.508595 2.847788 1.734935 1.019886 0.579008 0.317973 0.169445 0.088167 0.045359 0.023641 0.013019 0.008008 0.005725 0.004721 0.004293 0.004117 0.004047 0.004020 0.004010 0.004006 0.004005 0.004004 0.004004 0.004004 0.004003 0.004002 0.004000 0.003996 0.003988 0.003974 0.003947 0.003903 0.003830 0.003716 0.003546 0.003304 0.002974 0.002547 0.002021 0.001405 0.000721 0.000000 
50.000000 41.569060 33.514358 26.161821 19.747952 14.399634 10.134977 6.881785 4.506516 2.845633 1.732730 1.017649 0.576751 0.315704 0.167170 0.085888 0.043078 0.021359 0.010737 0.005726 0.003443 0.002438 0.002011 0.001835 0.001764 0.001737 0.001727 0.001724 0.001722 0.001722 0.001722 0.001721 0.001721 0.001721 0.001720 0.001718 0.001715 0.001708 0.001697 0.001677 0.001645 0.001596 0.001522 0.001417 0.001275 0.001091 0.000865 0.000602 0.000309 0.000000 
50.000000 41.568890 33.514026 26.161341 19.747343 14.398918 10.134175 6.880918 4.505601 2.844685 1.731760 1.016664 0.575759 0.314706 0.166169 0.084886 0.042074 0.020355 0.009733 0.004721 0.002439 0.001434 0.001006 0.000830 0.000760 0.000733 0.000723 0.000719 0.000718 0.000718 0.000717 0.000717 0.000717 0.000717 0.000717 0.000716 0.000714 0.000712 0.000707 0.000699 0.000685 0.000664 0.000633 0.000589 0.000530 0.000453 0.000359 0.000250 0.000128 0.000000 
50.000000 41.568818 33.513885 26.161137 19.747084 14.398613 10.133834 6.880549 4.505213 2.844283 1.731348 1.016247 0.575337 0.314282 0.165744 0.084460 0.041648 0.019929 0.009307 0.004295 0.002012 0.001008 0.000580 0.000404 0.000334 0.000307 0.000297 0.000293 0.000292 0.000291 0.000291 0.000291 0.000291 0.000291 0.000291 0.000290 0.000290 0.000289 0.000287 0.000283 0.000278 0.000269 0.000257 0.000239 0.000215 0.000184 0.000145 0.000101 0.000052 0.000000 
50.000000 41.568789 33.513827 26.161054 19.746980 14.398490 10.133696 6.880401 4.505056 2.844120 1.731182 1.016078 0.575167 0.314111 0.165572 0.084288 0.041476 0.019757 0.009134 0.004123 0.001840 0.000835 0.000408 0.000232 0.000162 0.000135 0.000124 0.000121 0.000119 0.000119 0.000119 0.000119 0.000119 0.000119 0.000119 0.000119 0.000118 0.000118 0.000117 0.000116 0.000113 0.000110 0.000105 0.000097 0.000087 0.000075 0.000059 0.000041 0.000021 0.000000 
50.000000 41.568778 33.513808 26.161025 19.746943 14.398447 10.133648 6.880349 4.505001 2.844063 1.731124 1.016019 0.575107 0.314051 0.165512 0.084228 0.041416 0.019697 0.009074 0.004063 0.001780 0.000775 0.000348 0.000172 0.000102 0.000075 0.000064 0.000061 0.000059 0.000059 0.000059 0.000059 0.000059 0.000059 0.000059 0.000059 0.000058 0.000058 0.000058 0.000057 0.000056 0.000054 0.000052 0.000048 0.000043 0.000037 0.000029 0.000020 0.000010 0.000000 
50.000000 41.568778 33.513808 26.161025 19.746943 14.398447 10.133648 6.880349 4.505001 2.844063 1.731124 1.016019 0.575107 0.314051 0.165512 0.084228 0.041416 0.019697 0.009074 0.004063 0.001780 0.000775 0.000348 0.000172 0.000102 0.000075 0.000064 0.000061 0.000059 0.000059 0.000059 0.000059 0.000059 0.000059 0.000059 0.000059 0.000058 0.000058 0.000058 0.000057 0.000056 0.000054 0.000052 0.000048 0.000043 0.000037 0.000029 0.000020 0.000010 0.000000 
50.000000 41.568789 33.513827 26.161054 19.746980 14.398490 10.133696 6.880401 4.505056 2.844120 1.731182 1.016078 0.575167 0.314111 0.165572 0.084288 0.041476 0.019757 0.009134 0.004123 0.001840 0.000835 0.000408 0.000232 0.000162 0.000135 0.000124 0.000121 0.000119 0.000119 0.000119 0.000119 0.000119 0.000119 0.000119 0.000119 0.000118 0.000118 0.000117 0.000116 0.000113 0.000110 0.000105 0.000097 0.000087 0.000075 0.000059 0.000041 0.000021 0.000000 
50.000000 41.568818 33.513885 26.161137 19.747084 14.398613 10.133834 6.880549 4.505213 2.844283 1.731348 1.016247 0.575337 0.314282 0.165744 0.084460 0.041648 0.019929 0.009307 0.004295 0.002012 0.001008 0.000580 0.000404 0.000334 0.000307 0.000297 0.000293 0.000292 0.000291 0.000291 0.000291 0.000291 0.000291 0.000291 0.000290 0.000290 0.000289 0.000287 0.000283 0.000278 0.000269 0.000257 0.000239 0.000215 0.000184 0.000145 0.000101 0.000052 0.000000 
50.000000 41.568890 33.514026 26.161341 19.747343 14.398918 10.134175 6.880918 4.505601 2.844685 1.731760 1.016664 0.575759 0.314706 0.166169 0.084886 0.042074 0.020355 0.009733 0.004721 0.002439 0.001434 0.001006 0.000830 0.000760 0.000733 0.000723 0.000719 0.000718 0.000718 0.000717 0.000717 0.000717 0.000717 0.000717 0.000716 0.000714 0.000712 0.000707 0.000699 0.000685 0.000664 0.000633 0.000589 0.000530 0.000453 0.000359 0.000250 0.000128 0.000000 
50.000000 41.569060 33.514358 26.161821 19.747952 14.399634 10.134977 6.881785 4.506516 2.845633 1.732730 1.017649 0.576751 0.315704 0.167170 0.085888 0.043078 0.021359 0.010737 0.005726 0.003443 0.002438 0.002011 0.001835 0.001764 0.001737 0.001727 0.001724 0.001722 0.001722 0.001722 0.001721 0.001721 0.001721 0.001720 0.001718 0.001715 0.001708 0.001697 0.001677 0.001645 0.001596 0.001522 0.001417 0.001275 0.001091 0.000865 0.000602 0.000309 0.000000 
50.000000 41.569446 33.515113 26.162912 19.749337 14.401263 10.136800 6.883756 4.508595 2.847788 1.734935 1.019886 0.579008 0.317973 0.169445 0.088167 0.045359 0.023641 0.013019 0.008008 0.005725 0.004721 0.004293 0.004117 0.004047 0.004020 0.004010 0.004006 0.004005 0.004004 0.004004 0.004004 0.004003 0.004002 0.004000 0.003996 0.003988 0.003974 0.003947 0.003903 0.003830 0.003716 0.003546 0.003304 0.002974 0.002547 0.002021 0.001405 0.000721 0.000000 
50.000000 41.570293 33.516770 26.165307 19.752376 14.404838 10.140802 6.888084 4.513160 2.852517 1.739775 1.024797 0.583963 0.322954 0.174440 0.093171 0.050366 0.028650 0.018030 0.013019 0.010737 0.009732 0.009305 0.009129 0.009059 0.009032 0.009021 0.009018 0.009016 0.009016 0.009015 0.009015 0.009014 0.009012 0.009007 0.008998 0.008981 0.008948 0.008891 0.008792 0.008631 0.008378 0.007999 0.007456 0.006716 0.005755 0.004569 0.003179 0.001632 0.000000 
50.000000 41.572089 33.520280 26.170383 19.758816 14.412415 10.149284 6.897255 4.522834 2.862542 1.750035 1.035207 0.594466 0.333510 0.185028 0.103775 0.060980 0.039268 0.028650 0.023640 0.021359 0.020354 0.019927 0.019751 0.019681 0.019654 0.019643 0.019640 0.019638 0.019638 0.019637 0.019636 0.019634 0.019630 0.019620 0.019601 0.019564 0.019496 0.019373 0.019163 0.018818 0.018275 0.017458 0.016285 0.014680 0.012590 0.010003 0.006963 0.003576 0.000000 
50.000000 41.575760 33.527458 26.180760 19.771981 14.427904 10.166624 6.916005 4.542612 2.883038 1.771011 1.056491 0.615939 0.355096 0.206678 0.125459 0.082682 0.060980 0.050366 0.045359 0.043078 0.042074 0.041646 0.041471 0.041400 0.041373 0.041363 0.041359 0.041358 0.041357 0.041356 0.041354 0.041350 0.041341 0.041322 0.041283 0.041208 0.041069 0.040818 0.040387 0.039675 0.038551 0.036853 0.034405 0.031043 0.026648 0.021190 0.014761 0.007584 0.000000 
50.000000 41.582993 33.541601 26.201208 19.797926 14.458429 10.200798 6.952960 4.581594 2.923436 1.812356 1.098444 0.658266 0.397644 0.249350 0.168201 0.125459 0.103775 0.093170 0.088167 0.085888 0.084885 0.084458 0.084282 0.084212 0.084185 0.084175 0.084171 0.084170 0.084169 0.084167 0.084163 0.084155 0.084137 0.084100 0.084025 0.083879 0.083605 0.083112 0.082260 0.080847 0.078604 0.075201 0.070273 0.063473 0.054547 0.043421 0.030273 0.015563 0.000000 
50.000000 41.596724 33.568447 26.240022 19.847176 14.516375 10.265673 7.023115 4.655600 3.000132 1.890851 1.178094 0.738627 0.478424 0.330370 0.249350 0.206678 0.185028 0.174440 0.169445 0.167170 0.166168 0.165742 0.165567 0.165497 0.165469 0.165459 0.165455 0.165454 0.165452 0.165449 0.165442 0.165427 0.165394 0.165325 0.165185 0.164911 0.164395 0.163463 0.161843 0.159145 0.154841 0.148275 0.138714 0.125451 0.107952 0.086040 0.060049 0.030892 0.000000 
50.000000 41.621809 33.617494 26.310937 19.937158 14.622248 10.384208 7.151302 4.790828 3.140277 2.034288 1.323642 0.885476 0.626042 0.478424 0.397644 0.355096 0.333510 0.322954 0.317973 0.315704 0.314705 0.314280 0.314106 0.314036 0.314009 0.313999 0.313995 0.313992 0.313990 0.313985 0.313973 0.313946 0.313888 0.313764 0.313513 0.313021 0.312091 0.310399 0.307446 0.302500 0.294561 0.282375 0.264520 0.239591 0.206501 0.164839 0.115191 0.059311 0.000000 
50.000000 41.665886 33.703675 26.435543 20.095272 14.808290 10.592507 7.376566 5.028469 3.386566 2.286365 1.579435 1.143556 0.885476 0.738627 0.658266 0.615939 0.594466 0.583963 0.579008 0.576751 0.575758 0.575335 0.575161 0.575092 0.575065 0.575055 0.575050 0.575048 0.575044 0.575035 0.575015 0.574970 0.574871 0.574661 0.574231 0.573385 0.571778 0.568842 0.563684 0.554989 0.540941 0.519223 0.487161 0.442060 0.381756 0.305314 0.213700 0.110151 0.000000 
50.000000 41.740313 33.849202 26.645957 20.362274 15.122460 10.944269 7.756989 5.429805 3.802513 2.712095 2.011445 1.579435 1.323642 1.178094 1.098444 1.056491 1.035207 1.024797 1.019886 1.017648 1.016664 1.016245 1.016072 1.016003 1.015977 1.015966 1.015962 1.015958 1.015952 1.015939 1.015906 1.015833 1.015673 1.015332 1.014631 1.013243 1.010593 1.005722 0.997112 0.982492 0.958685 0.921574 0.866306 0.787861 0.682036 0.546771 0.383488 0.197944 0.000000 
50.000000 41.861000 34.085181 26.987162 20.795249 15.631934 11.514720 8.373932 6.080676 4.477093 3.402552 2.712095 2.286365 2.034288 1.890851 1.812356 1.771011 1.750035 1.739775 1.734935 1.732730 1.731759 1.731346 1.731176 1.731108 1.731082 1.731072 1.731067 1.731062 1.731053 1.731032 1.730983 1.730871 1.730624 1.730096 1.729008 1.726841 1.722681 1.714983 1.701276 1.677813 1.639269 1.578601 1.487316 1.356345 1.177731 0.947035 0.665992 0.344397 0.000000 
50.000000 42.048795 34.452379 27.518103 21.469001 16.424744 12.402435 9.334018 7.093579 5.526912 4.477093 3.802513 3.386566 3.140277 3.000132 2.923436 2.883038 2.862542 2.852517 2.847787 2.845633 2.844684 2.844281 2.844115 2.844048 2.844022 2.844012 2.844007 2.844001 2.843988 2.843958 2.843887 2.843724 2.843363 2.842590 2.840987 2.837777 2.831576 2.820021 2.799280 2.763456 2.704008 2.609390 2.465276 2.255807 1.966284 1.587384 1.120263 0.580758 0.000000 
50.000000 42.329009 35.000290 28.310352 22.474365 17.607786 13.727122 10.766726 8.605133 7.093579 6.080676 5.429805 5.028469 4.790828 4.655600 4.581594 4.542612 4.522834 4.513160 4.508595 4.506516 4.505601 4.505211 4.505051 4.504987 4.504962 4.504951 4.504945 4.504938 4.504920 4.504879 4.504782 4.504559 4.504061 4.502991 4.500760 4.496267 4.487528 4.471120 4.441407 4.389572 4.302567 4.162297 3.945562 3.625557 3.175825 2.577262 1.827634 0.950793 0.000000 
50.000000 42.729688 35.783755 29.443211 23.911985 19.299504 15.621421 12.815532 10.766726 9.334018 8.373932 7.756989 7.376566 7.151302 7.023115 6.952960 6.916005 6.897255 6.888084 6.883756 6.881785 6.880917 6.880548 6.880396 6.880335 6.880311 6.880301 6.880294 6.880285 6.880263 6.880210 6.880085 6.879797 6.879153 6.877759 6.874840 6.868927 6.857343 6.835415 6.795331 6.724628 6.604429 6.407766 6.098731 5.633711 4.966453 4.058814 2.897770 1.515245 0.000000 
50.000000 43.278386 36.856656 30.994600 25.880751 21.616280 18.215671 15.621421 13.727122 12.402435 11.514720 10.944269 10.592507 10.384208 10.265673 10.200798 10.166624 10.149284 10.140802 10.136800 10.134977 10.134174 10.133833 10.133692 10.133635 10.133613 10.133604 10.133597 10.133586 10.133560 10.133497 10.133346 10.132999 10.132219 10.130525 10.126958 10.119689 10.105345 10.077963 10.027404 9.937159 9.781560 9.522690 9.107835 8.469161 7.528606 6.212302 4.478824 2.360435 0.000000 
50.000000 43.997598 38.262977 33.028123 28.461391 24.653131 21.616280 19.299504 17.607786 16.424744 15.631934 15.122460 14.808290 14.622248 14.516375 14.458429 14.427904 14.412415 14.404838 14.401263 14.399634 14.398917 14.398612 14.398486 14.398436 14.398416 14.398407 14.398400 14.398388 14.398359 14.398289 14.398122 14.397734 14.396861 14.394956 14.390924 14.382657 14.366230 14.334599 14.275590 14.168937 13.982229 13.665793 13.147119 12.326565 11.078385 9.265097 6.778212 3.618184 0.000000 
50.000000 44.899472 40.026480 35.578145 31.697523 28.461391 25.880751 23.911985 22.474365 21.469001 20.795249 20.362274 20.095272 19.937158 19.847176 19.797926 19.771981 19.758816 19.752376 19.749337 19.747952 19.747343 19.747083 19.746976 19.746933 19.746916 19.746909 19.746902 19.746890 19.746861 19.746790 19.746620 19.746226 19.745333 19.743379 19.739224 19.730657 19.713516 19.680237 19.617518 19.502717 19.298540 18.945533 18.352144 17.383007 15.848762 13.507988 10.107922 5.516752 0.000000 
50.000000 45.980939 42.141163 38.635991 35.578145 33.028123 30.994600 29.443211 28.310352 27.518103 26.987162 26.645957 26.435543 26.310937 26.240022 26.201208 26.180760 26.170383 26.165307 26.162912 26.161821 26.161340 26.161136 26.161051 26.161018 26.161004 26.160998 26.160992 26.160981 26.160955 26.160891 26.160738 26.160380 26.159569 26.157787 26.153982 26.146098 26.130229 26.099186 26.040127 25.930719 25.733090 25.384397 24.782298 23.763026 22.070157 19.317996 14.979917 8.520497 0.000000 
50.000000 47.220604 44.565189 42.141163 40.026480 38.262977 36.856656 35.783755 35.000290 34.452379 34.085181 33.849202 33.703675 33.617494 33.568447 33.541601 33.527458 33.520280 33.516770 33.515113 33.514358 33.514025 33.513884 33.513826 33.513802 33.513793 33.513788 33.513784 33.513776 33.513756 33.513708 33.513591 33.513317 33.512696 33.511328 33.508398 33.502303 33.489976 33.465713 33.419190 33.332115 33.172656 32.885984 32.377831 31.484766 29.918558 27.161247 22.282594 13.743515 0.000000 
50.000000 48.578600 47.220604 45.980939 44.899472 43.997598 43.278386 42.729688 42.329009 42.048795 41.861000 41.740313 41.665886 41.621809 41.596724 41.582993 41.575760 41.572089 41.570293 41.569446 41.569060 41.568890 41.568817 41.568788 41.568776 41.568771 41.568768 41.568766 41.568762 41.568751 41.568725 41.568661 41.568513 41.568175 41.567430 41.565832 41.562499 41.555735 41.542369 41.516604 41.468036 41.378216 41.214443 40.917951 40.379414 39.382719 37.460443 33.477089 24.289300 0.000000 
50.000000 50.000000 50.000000 50.000000 50.000000 50.000000 50.000000 50.000000 50.000000 50.000000 50.000000 50.000000 50.000000 50.000000 50.000000 50.000000 50.000000 50.000000 50.000000 50.000000 50.000000 50.000000 50.000000 50.000000 50.000000 50.000000 50.000000 50.000000 50.000000 50.000000 50.000000 50.000000 50.000000 50.000000 50.000000 50.000000 50.000000 50.000000 50.000000 50.000000 50.000000 50.000000 50.000000 50.000000 50.000000 50.000000 50.000000 50.000000 50.000000 50.000000 
