50.000000 50.000000 50.000000 50.000000 50.000000 50.000000 50.000000 50.000000 50.000000 50.000000 50.000000 50.000000 50.000000 50.000000 50.000000 50.000000 50.000000 50.000000 50.000000 50.000000 50.000000 50.000000 50.000000 50.000000 50.000000 50.000000 50.000000 50.000000 50.000000 50.000000 50.000000 50.000000 50.000000 50.000000 50.000000 50.000000 50.000000 50.000000 50.000000 50.000000 50.000000 50.000000 50.000000 50.000000 50.000000 50.000000 50.000000 50.000000 50.000000 50.000000 
50.000000 45.867703 42.269456 39.533387 37.707317 36.630615 36.065701 35.800036 35.687261 35.643762 35.628424 35.623452 35.621963 35.621549 35.621442 35.621416 35.621410 35.621409 35.621408 35.621408 35.621408 35.621408 35.621408 35.621408 35.621408 35.621408 35.621408 35.621408 35.621408 35.621408 35.621408 35.621408 35.621408 35.621408 35.621408 35.621407 35.621400 35.621371 35.621252 35.620792 35.619125 35.613441 35.595230 35.540300 35.383612 34.957161 33.832287 30.883993 22.933852 0.000000 
50.000000 42.269456 35.538161 30.420006 27.004357 24.990570 23.934107 23.437333 23.226480 23.145162 23.116493 23.107201 23.104419 23.103646 23.103445 23.103397 23.103386 23.103384 23.103383 23.103383 23.103383 23.103383 23.103383 23.103383 23.103383 23.103383 23.103383 23.103383 23.103383 23.103383 23.103383 23.103383 23.103383 23.103383 23.103382 23.103380 23.103370 23.103325 23.103141 23.102437 23.099905 23.091367 23.064441 22.985062 22.766327 22.202467 20.841228 17.769081 11.385463 0.000000 
50.000000 39.533387 30.420006 23.491097 18.867475 16.141827 14.712116 14.039941 13.754689 13.644699 13.605929 13.593366 13.589605 13.588560 13.588290 13.588224 13.588209 13.588206 13.588205 13.588205 13.588205 13.588205 13.588205 13.588205 13.588205 13.588205 13.588205 13.588205 13.588205 13.588205 13.588205 13.588205 13.588205 13.588205 13.588205 13.588202 13.588192 13.588147 13.587966 13.587278 13.584826 13.576672 13.551415 13.478782 13.285471 12.811228 11.745549 9.578778 5.701100 0.000000 
50.000000 37.707317 27.004357 18.867475 13.438334 10.238243 8.559921 7.770996 7.436261 7.307216 7.261739 7.247006 7.242596 7.241371 7.241054 7.240977 7.240960 7.240956 7.240955 7.240955 7.240955 7.240955 7.240955 7.240955 7.240955 7.240955 7.240955 7.240955 7.240955 7.240955 7.240955 7.240955 7.240955 7.240955 7.240955 7.240953 7.240945 7.240911 7.240774 7.240256 7.238431 7.232442 7.214212 7.162977 7.030707 6.719167 6.056247 4.801891 2.750157 0.000000 
50.000000 36.630615 24.990570 16.141827 10.238243 6.758893 4.934351 4.076818 3.713032 3.572812 3.523405 3.507402 3.502613 3.501283 3.500939 3.500856 3.500837 3.500833 3.500832 3.500832 3.500832 3.500832 3.500832 3.500832 3.500832 3.500832 3.500832 3.500832 3.500832 3.500832 3.500832 3.500832 3.500832 3.500832 3.500831 3.500830 3.500825 3.500804 3.500718 3.500398 3.499279 3.495651 3.484782 3.454832 3.379447 3.207536 2.856356 2.224243 1.247003 0.000000 
50.000000 36.065701 23.934107 14.712116 8.559921 4.934351 3.033316 2.139930 1.760979 1.614932 1.563479 1.546815 1.541829 1.540445 1.540086 1.540000 1.539980 1.539976 1.539975 1.539975 1.539975 1.539975 1.539975 1.539975 1.539975 1.539975 1.539975 1.539975 1.539975 1.539975 1.539975 1.539975 1.539975 1.539975 1.539974 1.539974 1.539971 1.539960 1.539914 1.539745 1.539159 1.537279 1.531720 1.516658 1.479519 1.396944 1.233334 0.949045 0.525402 0.000000 
50.000000 35.800036 23.437333 14.039941 7.770996 4.076818 2.139930 1.229758 0.843715 0.694947 0.642539 0.625568 0.620491 0.619081 0.618716 0.618628 0.618608 0.618603 0.618603 0.618602 0.618602 0.618602 0.618602 0.618602 0.618602 0.618602 0.618602 0.618602 0.618602 0.618602 0.618602 0.618602 0.618602 0.618602 0.618602 0.618602 0.618601 0.618595 0.618574 0.618496 0.618227 0.617374 0.614879 0.608210 0.592037 0.556784 0.488526 0.372892 0.204806 0.000000 
50.000000 35.687261 23.226480 13.754689 7.436261 3.713032 1.760979 0.843715 0.454681 0.304766 0.251957 0.234857 0.229741 0.228321 0.227953 0.227864 0.227844 0.227840 0.227839 0.227839 0.227839 0.227839 0.227839 0.227839 0.227839 0.227839 0.227839 0.227839 0.227839 0.227839 0.227839 0.227839 0.227839 0.227839 0.227839 0.227838 0.227838 0.227836 0.227827 0.227795 0.227685 0.227340 0.226341 0.223700 0.217381 0.203819 0.178017 0.135113 0.073820 0.000000 
50.000000 35.643762 23.145162 13.644699 7.307216 3.572812 1.614932 0.694947 0.304766 0.154413 0.101451 0.084301 0.079171 0.077746 0.077378 0.077289 0.077268 0.077264 0.077263 0.077263 0.077263 0.077263 0.077263 0.077263 0.077263 0.077263 0.077263 0.077263 0.077263 0.077263 0.077263 0.077263 0.077263 0.077263 0.077263 0.077263 0.077263 0.077262 0.077259 0.077247 0.077207 0.077081 0.076720 0.075774 0.073534 0.068786 0.059873 0.045258 0.024637 0.000000 
50.000000 35.628424 23.116493 13.605929 7.261739 3.523405 1.563479 0.642539 0.251957 0.101451 0.048435 0.031268 0.026133 0.024707 0.024338 0.024249 0.024228 0.024224 0.024223 0.024223 0.024223 0.024223 0.024223 0.024223 0.024223 0.024223 0.024223 0.024223 0.024223 0.024223 0.024223 0.024223 0.024223 0.024223 0.024223 0.024223 0.024223 0.024222 0.024221 0.024217 0.024204 0.024162 0.024043 0.023734 0.023008 0.021483 0.018651 0.014056 0.007632 0.000000 
50.000000 35.623452 23.107201 13.593366 7.247006 3.507402 1.546815 0.625568 0.234857 0.084301 0.031268 0.014096 0.008959 0.007533 0.007164 0.007074 0.007054 0.007050 0.007049 0.007049 0.007049 0.007049 0.007049 0.007049 0.007049 0.007049 0.007049 0.007049 0.007049 0.007049 0.007049 0.007049 0.007049 0.007049 0.007049 0.007049 0.007049 0.007048 0.007048 0.007047 0.007043 0.007030 0.006994 0.006901 0.006684 0.006232 0.005400 0.004060 0.002200 0.000000 
50.000000 35.621963 23.104419 13.589605 7.242596 3.502613 1.541829 0.620491 0.229741 0.079171 0.026133 0.008959 0.003821 0.002395 0.002026 0.001936 0.001916 0.001912 0.001911 0.001911 0.001911 0.001911 0.001911 0.001911 0.001911 0.001911 0.001911 0.001911 0.001911 0.001911 0.001911 0.001911 0.001911 0.001911 0.001911 0.001911 0.001911 0.001911 0.001911 0.001910 0.001909 0.001906 0.001895 0.001870 0.001810 0.001685 0.001458 0.001094 0.000592 0.000000 
50.000000 35.621549 23.103646 13.588560 7.241371 3.501283 1.540445 0.619081 0.228321 0.077746 0.024707 0.007533 0.002395 0.000968 0.000599 0.000510 0.000490 0.000485 0.000484 0.000484 0.000484 0.000484 0.000484 0.000484 0.000484 0.000484 0.000484 0.000484 0.000484 0.000484 0.000484 0.000484 0.000484 0.000484 0.000484 0.000484 0.000484 0.000484 0.000484 0.000484 0.000484 0.000483 0.000480 0.000474 0.000458 0.000426 0.000368 0.000276 0.000149 0.000000 
50.000000 35.621442 23.103445 13.588290 7.241054 3.500939 1.540086 0.618716 0.227953 0.077378 0.024338 0.007164 0.002026 0.000599 0.000230 0.000141 0.000121 0.000116 0.000115 0.000115 0.000115 0.000115 0.000115 0.000115 0.000115 0.000115 0.000115 0.000115 0.000115 0.000115 0.000115 0.000115 0.000115 0.000115 0.000115 0.000115 0.000115 0.000115 0.000115 0.000115 0.000115 0.000115 0.000114 0.000113 0.000109 0.000101 0.000087 0.000065 0.000035 0.000000 
50.000000 35.621416 23.103397 13.588224 7.240977 3.500856 1.540000 0.618628 0.227864 0.077289 0.024249 0.007074 0.001936 0.000510 0.000141 0.000051 0.000031 0.000027 0.000026 0.000026 0.000026 0.000026 0.000026 0.000026 0.000026 0.000026 0.000026 0.000026 0.000026 0.000026 0.000026 0.000026 0.000026 0.000026 0.000026 0.000026 0.000026 0.000026 0.000026 0.000026 0.000026 0.000026 0.000026 0.000025 0.000024 0.000023 0.000019 0.000015 0.000008 0.000000 
50.000000 35.621410 23.103386 13.588209 7.240960 3.500837 1.539980 0.618608 0.227844 0.077268 0.024228 0.007054 0.001916 0.000490 0.000121 0.000031 0.000011 0.000007 0.000006 0.000005 0.000005 0.000005 0.000005 0.000005 0.000005 0.000005 0.000005 0.000005 0.000005 0.000005 0.000005 0.000005 0.000005 0.000005 0.000005 0.000005 0.000005 0.000005 0.000005 0.000005 0.000005 0.000005 0.000005 0.000005 0.000005 0.000005 0.000004 0.000003 0.000002 0.000000 
50.000000 35.621409 23.103384 13.588206 7.240956 3.500833 1.539976 0.618603 0.227840 0.077264 0.024224 0.007050 0.001912 0.000485 0.000116 0.000027 0.000007 0.000002 0.000001 0.000001 0.000001 0.000001 0.000001 0.000001 0.000001 0.000001 0.000001 0.000001 0.000001 0.000001 0.000001 0.000001 0.000001 0.000001 0.000001 0.000001 0.000001 0.000001 0.000001 0.000001 0.000001 0.000001 0.000001 0.000001 0.000001 0.000001 0.000001 0.000001 0.000000 0.000000 
50.000000 35.621408 23.103383 13.588205 7.240955 3.500832 1.539975 0.618603 0.227839 0.077263 0.024223 0.007049 0.001911 0.000484 0.000115 0.000026 0.000006 0.000001 0.000000 0.000000 0.000000 0.000000 0.000000 0.000000 0.000000 0.000000 0.000000 0.000000 0.000000 0.000000 0.000000 0.000000 0.000000 0.000000 0.000000 0.000000 0.000000 0.000000 0.000000 0.000000 0.000000 0.000000 0.000000 0.000000 0.000000 0.000000 0.000000 0.000000 0.000000 0.000000 
50.000000 35.621408 23.103383 13.588205 7.240955 3.500832 1.539975 0.618602 0.227839 0.077263 0.024223 0.007049 0.001911 0.000484 0.000115 0.000026 0.000005 0.000001 0.000000 0.000000 0.000000 0.000000 0.000000 0.000000 0.000000 0.000000 0.000000 0.000000 0.000000 0.000000 0.000000 0.000000 0.000000 0.000000 0.000000 0.000000 0.000000 0.000000 0.000000 0.000000 0.000000 0.000000 0.000000 0.000000 0.000000 0.000000 0.000000 0.000000 0.000000 0.000000 
50.000000 35.621408 23.103383 13.588205 7.240955 3.500832 1.539975 0.618602 0.227839 0.077263 0.024223 0.007049 0.001911 0.000484 0.000115 0.000026 0.000005 0.000001 0.000000 0.000000 0.000000 0.000000 0.000000 0.000000 0.000000 0.000000 0.000000 0.000000 0.000000 0.000000 0.000000 0.000000 0.000000 0.000000 0.000000 0.000000 0.000000 0.000000 0.000000 0.000000 0.000000 0.000000 0.000000 0.000000 0.000000 0.000000 0.000000 0.000000 0.000000 0.000000 
50.000000 35.621408 23.103383 13.588205 7.240955 3.500832 1.539975 0.618602 0.227839 0.077263 0.024223 0.007049 0.001911 0.000484 0.000115 0.000026 0.000005 0.000001 0.000000 0.000000 0.000000 0.000000 0.000000 0.000000 0.000000 0.000000 0.000000 0.000000 0.000000 0.000000 0.000000 0.000000 0.000000 0.000000 0.000000 0.000000 0.000000 0.000000 0.000000 0.000000 0.000000 0.000000 0.000000 0.000000 0.000000 0.000000 0.000000 0.000000 0.000000 0.000000 
50.000000 35.621408 23.103383 13.588205 7.240955 3.500832 1.539975 0.618602 0.227839 0.077263 0.024223 0.007049 0.001911 0.000484 0.000115 0.000026 0.000005 0.000001 0.000000 0.000000 0.000000 0.000000 0.000000 0.000000 0.000000 0.000000 0.000000 0.000000 0.000000 0.000000 0.000000 0.000000 0.000000 0.000000 0.000000 0.000000 0.000000 0.000000 0.000000 0.000000 0.000000 0.000000 0.000000 0.000000 0.000000 0.000000 0.000000 0.000000 0.000000 0.000000 
50.000000 35.621408 23.103383 13.588205 7.240955 3.500832 1.539975 0.618602 0.227839 0.077263 0.024223 0.007049 0.001911 0.000484 0.000115 0.000026 0.000005 0.000001 0.000000 0.000000 0.000000 0.000000 0.000000 0.000000 0.000000 0.000000 0.000000 0.000000 0.000000 0.000000 0.000000 0.000000 0.000000 0.000000 0.000000 0.000000 0.000000 0.000000 0.000000 0.000000 0.000000 0.000000 0.000000 0.000000 0.000000 0.000000 0.000000 0.000000 0.000000 0.000000 
50.000000 35.621408 23.103383 13.588205 7.240955 3.500832 1.539975 0.618602 0.227839 0.077263 0.024223 0.007049 0.001911 0.000484 0.000115 0.000026 0.000005 0.000001 0.000000 0.000000 0.000000 0.000000 0.000000 0.000000 0.000000 0.000000 0.000000 0.000000 0.000000 0.000000 0.000000 0.000000 0.000000 0.000000 0.000000 0.000000 0.000000 0.000000 0.000000 0.000000 0.000000 0.000000 0.000000 0.000000 0.000000 0.000000 0.000000 0.000000 0.000000 0.000000 
50.000000 35.621408 23.103383 13.588205 7.240955 3.500832 1.539975 0.618602 0.227839 0.077263 0.024223 0.007049 0.001911 0.000484 0.000115 0.000026 0.000005 0.000001 0.000000 0.000000 0.000000 0.000000 0.000000 0.000000 0.000000 0.000000 0.000000 0.000000 0.000000 0.000000 0.000000 0.000000 0.000000 0.000000 0.000000 0.000000 0.000000 0.000000 0.000000 0.000000 0.000000 0.000000 0.000000 0.000000 0.000000 0.000000 0.000000 0.000000 0.000000 0.000000 
50.000000 35.621408 23.103383 13.588205 7.240955 3.500832 1.539975 0.618602 0.227839 0.077263 0.024223 0.007049 0.001911 0.000484 0.000115 0.000026 0.000005 0.000001 0.000000 0.000000 0.000000 0.000000 0.000000 0.000000 0.000000 0.000000 0.000000 0.000000 0.000000 0.000000 0.000000 0.000000 0.000000 0.000000 0.000000 0.000000 0.000000 0.000000 0.000000 0.000000 0.000000 0.000000 0.000000 0.000000 0.000000 0.000000 0.000000 0.000000 0.000000 0.000000 
50.000000 35.621408 23.103383 13.588205 7.240955 3.500832 1.539975 0.618602 0.227839 0.077263 0.024223 0.007049 0.001911 0.000484 0.000115 0.000026 0.000005 0.000001 0.000000 0.000000 0.000000 0.000000 0.000000 0.000000 0.000000 0.000000 0.000000 0.000000 0.000000 0.000000 0.000000 0.000000 0.000000 0.000000 0.000000 0.000000 0.000000 0.000000 0.000000 0.000000 0.000000 0.000000 0.000000 0.000000 0.000000 0.000000 0.000000 0.000000 0.000000 0.000000 
50.000000 35.621408 23.103383 13.588205 7.240955 3.500832 1.539975 0.618602 0.227839 0.077263 0.024223 0.007049 0.001911 0.000484 0.000115 0.000026 0.000005 0.000001 0.000000 0.000000 0.000000 0.000000 0.000000 0.000000 0.000000 0.000000 0.000000 0.000000 0.000000 0.000000 0.000000 0.000000 0.000000 0.000000 0.000000 0.000000 0.000000 0.000000 0.000000 0.000000 0.000000 0.000000 0.000000 0.000000 0.000000 0.000000 0.000000 0.000000 0.000000 0.000000 
50.000000 35.621408 23.103383 13.588205 7.240955 3.500832 1.539975 0.618602 0.227839 0.077263 0.024223 0.007049 0.001911 0.000484 0.000115 0.000026 0.000005 0.000001 0.000000 0.000000 0.000000 0.000000 0.000000 0.000000 0.000000 0.000000 0.000000 0.000000 0.000000 0.000000 0.000000 0.000000 0.000000 0.000000 0.000000 0.000000 0.000000 0.000000 0.000000 0.000000 0.000000 0.000000 0.000000 0.000000 0.000000 0.000000 0.000000 0.000000 0.000000 0.000000 
50.000000 35.621408 23.103383 13.588205 7.240955 3.500832 1.539975 0.618602 0.227839 0.077263 0.024223 0.007049 0.001911 0.000484 0.000115 0.000026 0.000005 0.000001 0.000000 0.000000 0.000000 0.000000 0.000000 0.000000 0.000000 0.000000 0.000000 0.000000 0.000000 0.000000 0.000000 0.000000 0.000000 0.000000 0.000000 0.000000 0.000000 0.000000 0.000000 0.000000 0.000000 0.000000 0.000000 0.000000 0.000000 0.000000 0.000000 0.000000 0.000000 0.000000 
50.000000 35.621408 23.103383 13.588205 7.240955 3.500832 1.539975 0.618603 0.227839 0.077263 0.024223 0.007049 0.001911 0.000484 0.000115 0.000026 0.000006 0.000001 0.000000 0.000000 0.000000 0.000000 0.000000 0.000000 0.000000 0.000000 0.000000 0.000000 0.000000 0.000000 0.000000 0.000000 0.000000 0.000000 0.000000 0.000000 0.000000 0.000000 0.000000 0.000000 0.000000 0.000000 0.000000 0.000000 0.000000 0.000000 0.000000 0.000000 0.000000 0.000000 
50.000000 35.621409 23.103384 13.588206 7.240956 3.500833 1.539976 0.618603 0.227840 0.077264 0.024224 0.007050 0.001912 0.000485 0.000116 0.000027 0.000007 0.000002 0.000001 0.000001 0.000001 0.000001 0.000001 0.000001 0.000001 0.000001 0.000001 0.000001 0.000001 0.000001 0.000001 0.000001 0.000001 0.000001 0.000001 0.000001 0.000001 0.000001 0.000001 0.000001 0.000001 0.000001 0.000001 0.000001 0.000001 0.000001 0.000001 0.000001 0.000000 0.000000 
50.000000 35.621410 23.103386 13.588209 7.240960 3.500837 1.539980 0.618608 0.227844 0.077268 0.024228 0.007054 0.001916 0.000490 0.000121 0.000031 0.000011 0.000007 0.000006 0.000005 0.000005 0.000005 0.000005 0.000005 0.000005 0.000005 0.000005 0.000005 0.000005 0.000005 0.000005 0.000005 0.000005 0.000005 0.000005 0.000005 0.000005 0.000005 0.000005 0.000005 0.000005 0.000005 0.000005 0.000005 0.000005 0.000005 0.000004 0.000003 0.000002 0.000000 
50.000000 35.621416 23.103397 13.588224 7.240977 3.500856 1.540000 0.618628 0.227864 0.077289 0.024249 0.007074 0.001936 0.000510 0.000141 0.000051 0.000031 0.000027 0.000026 0.000026 0.000026 0.000026 0.000026 0.000026 0.000026 0.000026 0.000026 0.000026 0.000026 0.000026 0.000026 0.000026 0.000026 0.000026 0.000026 0.000026 0.000026 0.000026 0.000026 0.000026 0.000026 0.000026 0.000026 0.000025 0.000024 0.000023 0.000019 0.000015 0.000008 0.000000 
50.000000 35.621442 23.103445 13.588290 7.241054 3.500939 1.540086 0.618716 0.227953 0.077378 0.024338 0.007164 0.002026 0.000599 0.000230 0.000141 0.000121 0.000116 0.000115 0.000115 0.000115 0.000115 0.000115 0.000115 0.000115 0.000115 0.000115 0.000115 0.000115 0.000115 0.000115 0.000115 0.000115 0.000115 0.000115 0.000115 0.000115 0.000115 0.000115 0.000115 0.000115 0.000115 0.000114 0.000113 0.000109 0.000101 0.000087 0.000065 0.000035 0.000000 
50.000000 35.621549 23.103646 13.588560 7.241371 3.501283 1.540445 0.619081 0.228321 0.077746 0.024707 0.007533 0.002395 0.000968 0.000599 0.000510 0.000490 0.000485 0.000484 0.000484 0.000484 0.000484 0.000484 0.000484 0.000484 0.000484 0.000484 0.000484 0.000484 0.000484 0.000484 0.000484 0.000484 0.000484 0.000484 0.000484 0.000484 0.000484 0.000484 0.000484 0.000484 0.000483 0.000480 0.000474 0.000458 0.000426 0.000368 0.000276 0.000149 0.000000 
50.000000 35.621963 23.104419 13.589605 7.242596 3.502613 1.541829 0.620491 0.229741 0.079171 0.026133 0.008959 0.003821 0.002395 0.002026 0.001936 0.001916 0.001912 0.001911 0.001911 0.001911 0.001911 0.001911 0.001911 0.001911 0.001911 0.001911 0.001911 0.001911 0.001911 0.001911 0.001911 0.001911 0.001911 0.001911 0.001911 0.001911 0.001911 0.001911 0.001910 0.001909 0.001906 0.001895 0.001870 0.001810 0.001685 0.001458 0.001094 0.000592 0.000000 
50.000000 35.623452 23.107201 13.593366 7.247006 3.507402 1.546815 0.625568 0.234857 0.084301 0.031268 0.014096 0.008959 0.007533 0.007164 0.007074 0.007054 0.007050 0.007049 0.007049 0.007049 0.007049 0.007049 0.007049 0.007049 0.007049 0.007049 0.007049 0.007049 0.007049 0.007049 0.007049 0.007049 0.007049 0.007049 0.007049 0.007049 0.007048 0.007048 0.007047 0.007043 0.007030 0.006994 0.006901 0.006684 0.006232 0.005400 0.004060 0.002200 0.000000 
50.000000 35.628424 23.116493 13.605929 7.261739 3.523405 1.563479 0.642539 0.251957 0.101451 0.048435 0.031268 0.026133 0.024707 0.024338 0.024249 0.024228 0.024224 0.024223 0.024223 0.024223 0.024223 0.024223 0.024223 0.024223 0.024223 0.024223 0.024223 0.024223 0.024223 0.024223 0.024223 0.024223 0.024223 0.024223 0.024223 0.024223 0.024222 0.024221 0.024217 0.024204 0.024162 0.024043 0.023734 0.023008 0.021483 0.018651 0.014056 0.007632 0.000000 
50.000000 35.643762 23.145162 13.644699 7.307216 3.572812 1.614932 0.694947 0.304766 0.154413 0.101451 0.084301 0.079171 0.077746 0.077378 0.077289 0.077268 0.077264 0.077263 0.077263 0.077263 0.077263 0.077263 0.077263 0.077263 0.077263 0.077263 0.077263 0.077263 0.077263 0.077263 0.077263 0.077263 0.077263 0.077263 0.077263 0.077263 0.077262 0.077259 0.077247 0.077207 0.077081 0.076720 0.075774 0.073534 0.068786 0.059873 0.045258 0.024637 0.000000 
50.000000 35.687261 23.226480 13.754689 7.436261 3.713032 1.760979 0.843715 0.454681 0.304766 0.251957 0.234857 0.229741 0.228321 0.227953 0.227864 0.227844 0.227840 0.227839 0.227839 0.227839 0.227839 0.227839 0.227839 0.227839 0.227839 0.227839 0.227839 0.227839 0.227839 0.227839 0.227839 0.227839 0.227839 0.227839 0.227838 0.227838 0.227836 0.227827 0.227795 0.227685 0.227340 0.226341 0.223700 0.217381 0.203819 0.178017 0.135113 0.073820 0.000000 
50.000000 35.800036 23.437333 14.039941 7.770996 4.076818 2.139930 1.229758 0.843715 0.694947 0.642539 0.625568 0.620491 0.619081 0.618716 0.618628 0.618608 0.618603 0.618603 0.618602 0.618602 0.618602 0.618602 0.618602 0.618602 0.618602 0.618602 0.618602 0.618602 0.618602 0.618602 0.618602 0.618602 0.618602 0.618602 0.618602 0.618601 0.618595 0.618574 0.618496 0.618227 0.617374 0.614879 0.608210 0.592037 0.556784 0.488526 0.372892 0.204806 0.000000 
50.000000 36.065701 23.934107 14.712116 8.559921 4.934351 3.033316 2.139930 1.760979 1.614932 1.563479 1.546815 1.541829 1.540445 1.540086 1.540000 1.539980 1.539976 1.539975 1.539975 1.539975 1.539975 1.539975 1.539975 1.539975 1.539975 1.539975 1.539975 1.539975 1.539975 1.539975 1.539975 1.539975 1.539975 1.539974 1.539974 1.539971 1.539960 1.539914 1.539745 1.539159 1.537279 1.531720 1.516658 1.479519 1.396944 1.233334 0.949045 0.525402 0.000000 
50.000000 36.630615 24.990570 16.141827 10.238243 6.758893 4.934351 4.076818 3.713032 3.572812 3.523405 3.507402 3.502613 3.501283 3.500939 3.500856 3.500837 3.500833 3.500832 3.500832 3.500832 3.500832 3.500832 3.500832 3.500832 3.500832 3.500832 3.500832 3.500832 3.500832 3.500832 3.500832 3.500832 3.500832 3.500831 3.500830 3.500825 3.500804 3.500718 3.500398 3.499279 3.495651 3.484782 3.454832 3.379447 3.207536 2.856356 2.224243 1.247003 0.000000 
50.000000 37.707317 27.004357 18.867475 13.438334 10.238243 8.559921 7.770996 7.436261 7.307216 7.261739 7.247006 7.242596 7.241371 7.241054 7.240977 7.240960 7.240956 7.240955 7.240955 7.240955 7.240955 7.240955 7.240955 7.240955 7.240955 7.240955 7.240955 7.240955 7.240955 7.240955 7.240955 7.240955 7.240955 7.240955 7.240953 7.240945 7.240911 7.240774 7.240256 7.238431 7.232442 7.214212 7.162977 7.030707 6.719167 6.056247 4.801891 2.750157 0.000000 
50.000000 39.533387 30.420006 23.491097 18.867475 16.141827 14.712116 14.039941 13.754689 13.644699 13.605929 13.593366 13.589605 13.588560 13.588290 13.588224 13.588209 13.588206 13.588205 13.588205 13.588205 13.588205 13.588205 13.588205 13.588205 13.588205 13.588205 13.588205 13.588205 13.588205 13.588205 13.588205 13.588205 13.588205 13.588205 13.588202 13.588192 13.588147 13.587966 13.587278 13.584826 13.576672 13.551415 13.478782 13.285471 12.811228 11.745549 9.578778 5.701100 0.000000 
50.000000 42.269456 35.538161 30.420006 27.004357 24.990570 23.934107 23.437333 23.226480 23.145162 23.116493 23.107201 23.104419 23.103646 23.103445 23.103397 23.103386 23.103384 23.103383 23.103383 23.103383 23.103383 23.103383 23.103383 23.103383 23.103383 23.103383 23.103383 23.103383 23.103383 23.103383 23.103383 23.103383 23.103383 23.103382 23.103380 23.103370 23.103325 23.103141 23.102437 23.099905 23.091367 23.064441 22.985062 22.766327 22.202467 20.841228 17.769081 11.385463 0.000000 
50.000000 45.867703 42.269456 39.533387 37.707317 36.630615 36.065701 35.800036 35.687261 35.643762 35.628424 35.623452 35.621963 35.621549 35.621442 35.621416 35.621410 35.621409 35.621408 35.621408 35.621408 35.621408 35.621408 35.621408 35.621408 35.621408 35.621408 35.621408 35.621408 35.621408 35.621408 35.621408 35.621408 35.621408 35.621408 35.621407 35.621400 35.621371 35.621252 35.620792 35.619125 35.613441 35.595230 35.540300 35.383612 34.957161 33.832287 30.883993 22.933852 0.000000 
50.000000 50.000000 50.000000 50.000000 50.000000 50.000000 50.000000 50.000000 50.000000 50.000000 50.000000 50.000000 50.000000 50.000000 50.000000 50.000000 50.000000 50.000000 50.000000 50.000000 50.000000 50.000000 50.000000 50.000000 50.000000 50.000000 50.000000 50.000000 50.000000 50.000000 50.000000 50.000000 50.000000 50.000000 50.000000 50.000000 50.000000 50.000000 50.000000 50.000000 50.000000 50.000000 50.000000 50.000000 50.000000 50.000000 50.000000 50.000000 50.000000 50.000000 
