50.000000 50.000000 50.000000 50.000000 50.000000 50.000000 50.000000 50.000000 50.000000 50.000000 50.000000 50.000000 50.000000 50.000000 50.000000 50.000000 50.000000 50.000000 50.000000 50.000000 50.000000 50.000000 50.000000 50.000000 50.000000 50.000000 50.000000 50.000000 50.000000 50.000000 50.000000 50.000000 50.000000 50.000000 50.000000 50.000000 50.000000 50.000000 50.000000 50.000000 50.000000 50.000000 50.000000 50.000000 50.000000 50.000000 50.000000 50.000000 50.000000 50.000000 
50.000000 48.523217 47.114872 45.833897 44.722418 43.802127 43.074704 42.525547 42.129361 41.856043 41.675617 41.561563 41.492469 41.452324 41.429934 41.417939 41.411759 41.408696 41.407233 41.406560 41.406261 41.406133 41.406080 41.406059 41.406051 41.406047 41.406046 41.406044 41.406041 41.406033 41.406014 41.405965 41.405847 41.405574 41.404958 41.403605 41.400726 41.394768 41.382775 41.359256 41.314211 41.229684 41.073532 40.787537 40.262828 39.283551 37.382232 33.422965 24.261609 0.000000 
50.000000 47.114872 44.363449 41.860870 39.689434 37.891518 36.470405 35.397563 34.623573 34.089623 33.737149 33.514337 33.379360 33.300936 33.257199 33.233766 33.221694 33.215710 33.212853 33.211539 33.210955 33.210705 33.210601 33.210560 33.210544 33.210537 33.210534 33.210532 33.210526 33.210511 33.210475 33.210385 33.210169 33.209669 33.208539 33.206068 33.200819 33.189993 33.168289 33.125950 33.045440 32.895846 32.623375 32.134783 31.267490 29.733741 27.015487 22.181724 13.691907 0.000000 
50.000000 45.833897 41.860870 38.247184 35.111678 32.515544 30.463518 28.914395 27.796810 27.025836 26.516901 26.195191 26.000305 25.887076 25.823928 25.790096 25.772668 25.764029 25.759904 25.758006 25.757164 25.756803 25.756653 25.756593 25.756570 25.756561 25.756557 25.756553 25.756545 25.756526 25.756479 25.756361 25.756081 25.755430 25.753966 25.750772 25.744016 25.730149 25.702518 25.649039 25.548383 25.363910 25.034155 24.458144 23.473243 21.823662 19.123592 14.845383 8.451666 0.000000 
50.000000 44.722418 39.689434 35.111678 31.139697 27.851008 25.251602 23.289273 21.873609 20.897018 20.252363 19.844870 19.598022 19.454606 19.374626 19.331776 19.309704 19.298762 19.293539 19.291135 19.290068 19.289611 19.289422 19.289346 19.289316 19.289305 19.289300 19.289296 19.289287 19.289266 19.289214 19.289085 19.288777 19.288066 19.286472 19.283008 19.275717 19.260840 19.231420 19.175013 19.070113 18.880819 18.549236 17.985364 17.055114 15.569849 13.288016 9.955693 5.438867 0.000000 
50.000000 43.802127 37.891518 32.515544 27.851008 23.988939 20.936366 18.631968 16.969554 15.822765 15.065777 14.587287 14.297439 14.129044 14.035136 13.984826 13.958912 13.946066 13.939934 13.937112 13.935860 13.935323 13.935101 13.935012 13.934977 13.934964 13.934958 13.934954 13.934945 13.934925 13.934873 13.934747 13.934448 13.933758 13.932217 13.928885 13.921909 13.907774 13.880050 13.827430 13.730802 13.559164 13.264424 12.775640 11.994469 10.795893 9.042301 6.624028 3.539299 0.000000 
50.000000 43.074704 36.470405 30.463518 25.251602 20.936366 17.525654 14.950933 13.093538 11.812269 10.966530 10.431953 10.108138 9.920015 9.815108 9.758907 9.729959 9.715610 9.708761 9.705609 9.704210 9.703611 9.703362 9.703263 9.703224 9.703209 9.703203 9.703199 9.703191 9.703173 9.703127 9.703015 9.702749 9.702140 9.700783 9.697866 9.691795 9.679579 9.655823 9.611196 9.530258 9.388651 9.149927 8.762827 8.160726 7.266239 6.005375 4.335622 2.287168 0.000000 
50.000000 42.525547 35.397563 28.914395 23.289273 18.631968 14.950933 12.172188 10.167645 8.784896 7.872192 7.295300 6.945862 6.742858 6.629656 6.569014 6.537778 6.522297 6.514907 6.511506 6.509997 6.509350 6.509082 6.508975 6.508933 6.508918 6.508911 6.508907 6.508901 6.508885 6.508847 6.508755 6.508538 6.508040 6.506937 6.504578 6.499698 6.489949 6.471148 6.436180 6.373505 6.265377 6.086094 5.801006 5.367543 4.740037 3.880240 2.774188 1.452015 0.000000 
50.000000 42.129361 34.623573 27.796810 21.873609 16.969554 13.093538 10.167645 8.056984 6.601060 5.640073 5.032677 4.664770 4.451042 4.331863 4.268020 4.235137 4.218839 4.211060 4.207481 4.205892 4.205211 4.204929 4.204816 4.204773 4.204756 4.204749 4.204746 4.204740 4.204729 4.204699 4.204629 4.204462 4.204083 4.203248 4.201469 4.197811 4.190553 4.176671 4.151092 4.105743 4.028492 3.902267 3.704887 3.410389 2.992789 2.432900 1.727727 0.899677 0.000000 
50.000000 41.856043 34.089623 27.025836 20.897018 15.822765 11.812269 8.784896 6.601060 5.094682 4.100411 3.471988 3.091352 2.870234 2.746937 2.680890 2.646873 2.630013 2.621966 2.618263 2.616620 2.615916 2.615624 2.615507 2.615462 2.615445 2.615438 2.615435 2.615431 2.615422 2.615401 2.615350 2.615231 2.614960 2.614366 2.613106 2.610532 2.605458 2.595824 2.578228 2.547341 2.495317 2.411391 2.282011 2.091963 1.826905 1.477453 1.044184 0.541833 0.000000 
50.000000 41.675617 33.737149 26.516901 20.252363 15.065777 10.966530 7.872192 5.640073 4.100411 3.084183 2.441893 2.052864 1.826874 1.700863 1.633363 1.598598 1.581369 1.573145 1.569361 1.567682 1.566962 1.566664 1.566545 1.566499 1.566481 1.566475 1.566472 1.566469 1.566463 1.566448 1.566414 1.566333 1.566150 1.565752 1.564910 1.563200 1.559850 1.553536 1.542092 1.522182 1.488982 1.436011 1.355334 1.238347 1.077351 0.867862 0.611198 0.316362 0.000000 
50.000000 41.561563 33.514337 26.195191 19.844870 14.587287 10.431953 7.295300 5.032677 3.471988 2.441893 1.790846 1.396517 1.167452 1.039728 0.971311 0.936075 0.918612 0.910277 0.906442 0.904740 0.904011 0.903709 0.903588 0.903541 0.903523 0.903517 0.903514 0.903512 0.903508 0.903499 0.903476 0.903425 0.903308 0.903055 0.902522 0.901446 0.899350 0.895423 0.888358 0.876163 0.856006 0.824152 0.776130 0.707237 0.613449 0.492673 0.346048 0.178788 0.000000 
50.000000 41.492469 33.379360 26.000305 19.598022 14.297439 10.108138 6.945862 4.664770 3.091352 2.052864 1.396517 0.998983 0.768058 0.639297 0.570327 0.534805 0.517201 0.508799 0.504933 0.503218 0.502482 0.502178 0.502056 0.502009 0.501991 0.501985 0.501982 0.501980 0.501978 0.501972 0.501959 0.501927 0.501857 0.501703 0.501384 0.500739 0.499492 0.497168 0.493014 0.485895 0.474217 0.455913 0.428559 0.389665 0.337182 0.270156 0.189367 0.097701 0.000000 
50.000000 41.452324 33.300936 25.887076 19.454606 14.129044 9.920015 6.742858 4.451042 2.870234 1.826874 1.167452 0.768058 0.536053 0.406692 0.337400 0.301713 0.284028 0.275586 0.271703 0.269979 0.269241 0.268935 0.268813 0.268765 0.268747 0.268741 0.268738 0.268737 0.268735 0.268732 0.268724 0.268706 0.268665 0.268577 0.268394 0.268026 0.267318 0.266006 0.263674 0.259702 0.253231 0.243160 0.228220 0.207135 0.178889 0.143059 0.100117 0.051598 0.000000 
50.000000 41.429934 33.257199 25.823928 19.374626 14.035136 9.815108 6.629656 4.331863 2.746937 1.700863 1.039728 0.639297 0.406692 0.276997 0.207526 0.171747 0.154016 0.145553 0.141660 0.139932 0.139191 0.138885 0.138762 0.138715 0.138697 0.138690 0.138688 0.138687 0.138686 0.138684 0.138679 0.138669 0.138647 0.138599 0.138498 0.138298 0.137914 0.137205 0.135953 0.133831 0.130394 0.125078 0.117242 0.106251 0.091618 0.073156 0.051131 0.026329 0.000000 
50.000000 41.417939 33.233766 25.790096 19.331776 13.984826 9.758907 6.569014 4.268020 2.680890 1.633363 0.971311 0.570327 0.337400 0.207526 0.137959 0.102132 0.084376 0.075902 0.072003 0.070273 0.069531 0.069224 0.069101 0.069054 0.069036 0.069029 0.069027 0.069026 0.069026 0.069025 0.069022 0.069017 0.069005 0.068980 0.068927 0.068823 0.068623 0.068257 0.067611 0.066524 0.064772 0.062076 0.058124 0.052609 0.045304 0.036130 0.025227 0.012981 0.000000 
50.000000 41.411759 33.221694 25.772668 19.309704 13.958912 9.729959 6.537778 4.235137 2.646873 1.598598 0.936075 0.534805 0.301713 0.171747 0.102132 0.066279 0.048511 0.040031 0.036129 0.034398 0.033656 0.033349 0.033226 0.033178 0.033160 0.033154 0.033151 0.033151 0.033150 0.033150 0.033148 0.033146 0.033140 0.033127 0.033101 0.033048 0.032949 0.032767 0.032448 0.031913 0.031054 0.029739 0.027819 0.025154 0.021638 0.017238 0.012026 0.006185 0.000000 
50.000000 41.408696 33.215710 25.764029 19.298762 13.946066 9.715610 6.522297 4.218839 2.630013 1.581369 0.918612 0.517201 0.284028 0.154016 0.084376 0.048511 0.030737 0.022254 0.018351 0.016619 0.015877 0.015569 0.015446 0.015399 0.015381 0.015374 0.015372 0.015371 0.015371 0.015370 0.015370 0.015369 0.015366 0.015359 0.015347 0.015322 0.015274 0.015187 0.015036 0.014782 0.014377 0.013759 0.012861 0.011618 0.009985 0.007948 0.005541 0.002848 0.000000 
50.000000 41.407233 33.212853 25.759904 19.293539 13.939934 9.708761 6.514907 4.211060 2.621966 1.573145 0.910277 0.508799 0.275586 0.145553 0.075902 0.040031 0.022254 0.013769 0.009865 0.008133 0.007391 0.007083 0.006960 0.006913 0.006895 0.006888 0.006886 0.006885 0.006885 0.006885 0.006884 0.006884 0.006882 0.006880 0.006874 0.006862 0.006840 0.006800 0.006731 0.006615 0.006431 0.006151 0.005746 0.005187 0.004454 0.003543 0.002468 0.001268 0.000000 
50.000000 41.406560 33.211539 25.758006 19.291135 13.937112 9.705609 6.511506 4.207481 2.618263 1.569361 0.906442 0.504933 0.271703 0.141660 0.072003 0.036129 0.018351 0.009865 0.005962 0.004229 0.003487 0.003179 0.003056 0.003009 0.002991 0.002984 0.002982 0.002981 0.002981 0.002981 0.002981 0.002980 0.002980 0.002979 0.002976 0.002971 0.002961 0.002943 0.002913 0.002862 0.002781 0.002659 0.002482 0.002239 0.001922 0.001528 0.001064 0.000546 0.000000 
50.000000 41.406261 33.210955 25.757164 19.290069 13.935860 9.704210 6.509997 4.205892 2.616620 1.567682 0.904740 0.503218 0.269979 0.139932 0.070273 0.034398 0.016619 0.008133 0.004229 0.002497 0.001754 0.001447 0.001324 0.001276 0.001258 0.001252 0.001250 0.001249 0.001248 0.001248 0.001248 0.001248 0.001248 0.001247 0.001246 0.001244 0.001240 0.001232 0.001219 0.001198 0.001164 0.001112 0.001037 0.000935 0.000802 0.000637 0.000444 0.000228 0.000000 
50.000000 41.406133 33.210705 25.756803 19.289611 13.935323 9.703611 6.509350 4.205211 2.615916 1.566963 0.904011 0.502483 0.269241 0.139192 0.069532 0.033656 0.015877 0.007391 0.003487 0.001754 0.001012 0.000705 0.000582 0.000534 0.000516 0.000510 0.000507 0.000507 0.000506 0.000506 0.000506 0.000506 0.000506 0.000506 0.000505 0.000504 0.000503 0.000500 0.000494 0.000485 0.000471 0.000450 0.000420 0.000378 0.000324 0.000258 0.000179 0.000092 0.000000 
50.000000 41.406080 33.210602 25.756654 19.289423 13.935102 9.703363 6.509083 4.204930 2.615625 1.566665 0.903710 0.502179 0.268936 0.138886 0.069226 0.033350 0.015570 0.007085 0.003181 0.001448 0.000706 0.000398 0.000275 0.000228 0.000210 0.000203 0.000201 0.000200 0.000200 0.000200 0.000200 0.000200 0.000200 0.000200 0.000199 0.000199 0.000198 0.000197 0.000195 0.000191 0.000186 0.000177 0.000165 0.000149 0.000128 0.000101 0.000071 0.000036 0.000000 
50.000000 41.406059 33.210561 25.756595 19.289348 13.935014 9.703266 6.508978 4.204820 2.615511 1.566548 0.903591 0.502060 0.268816 0.138766 0.069105 0.033229 0.015450 0.006964 0.003060 0.001327 0.000585 0.000277 0.000154 0.000107 0.000089 0.000082 0.000080 0.000079 0.000079 0.000079 0.000079 0.000079 0.000079 0.000079 0.000079 0.000079 0.000078 0.000078 0.000077 0.000076 0.000073 0.000070 0.000065 0.000059 0.000050 0.000040 0.000028 0.000014 0.000000 
50.000000 41.406052 33.210547 25.756575 19.289323 13.934985 9.703232 6.508942 4.204782 2.615472 1.566508 0.903551 0.502019 0.268775 0.138724 0.069064 0.033188 0.015409 0.006923 0.003019 0.001286 0.000544 0.000236 0.000113 0.000066 0.000048 0.000041 0.000039 0.000038 0.000038 0.000038 0.000038 0.000038 0.000038 0.000038 0.000038 0.000038 0.000038 0.000037 0.000037 0.000036 0.000035 0.000034 0.000031 0.000028 0.000024 0.000019 0.000013 0.000007 0.000000 
50.000000 41.406052 33.210547 25.756575 19.289323 13.934985 9.703232 6.508942 4.204782 2.615472 1.566508 0.903551 0.502019 0.268775 0.138724 0.069064 0.033188 0.015409 0.006923 0.003019 0.001286 0.000544 0.000236 0.000113 0.000066 0.000048 0.000041 0.000039 0.000038 0.000038 0.000038 0.000038 0.000038 0.000038 0.000038 0.000038 0.000038 0.000038 0.000037 0.000037 0.000036 0.000035 0.000034 0.000031 0.000028 0.000024 0.000019 0.000013 0.000007 0.000000 
50.000000 41.406059 33.210561 25.756595 19.289348 13.935014 9.703266 6.508978 4.204820 2.615511 1.566548 0.903591 0.502060 0.268816 0.138766 0.069105 0.033229 0.015450 0.006964 0.003060 0.001327 0.000585 0.000277 0.000154 0.000107 0.000089 0.000082 0.000080 0.000079 0.000079 0.000079 0.000079 0.000079 0.000079 0.000079 0.000079 0.000079 0.000078 0.000078 0.000077 0.000076 0.000073 0.000070 0.000065 0.000059 0.000050 0.000040 0.000028 0.000014 0.000000 
50.000000 41.406080 33.210602 25.756654 19.289423 13.935102 9.703363 6.509083 4.204930 2.615625 1.566665 0.903710 0.502179 0.268936 0.138886 0.069226 0.033350 0.015570 0.007085 0.003181 0.001448 0.000706 0.000398 0.000275 0.000228 0.000210 0.000203 0.000201 0.000200 0.000200 0.000200 0.000200 0.000200 0.000200 0.000200 0.000199 0.000199 0.000198 0.000197 0.000195 0.000191 0.000186 0.000177 0.000165 0.000149 0.000128 0.000101 0.000071 0.000036 0.000000 
50.000000 41.406133 33.210705 25.756803 19.289611 13.935323 9.703611 6.509350 4.205211 2.615916 1.566963 0.904011 0.502483 0.269241 0.139192 0.069532 0.033656 0.015877 0.007391 0.003487 0.001754 0.001012 0.000705 0.000582 0.000534 0.000516 0.000510 0.000507 0.000507 0.000506 0.000506 0.000506 0.000506 0.000506 0.000506 0.000505 0.000504 0.000503 0.000500 0.000494 0.000485 0.000471 0.000450 0.000420 0.000378 0.000324 0.000258 0.000179 0.000092 0.000000 
50.000000 41.406261 33.210955 25.757164 19.290069 13.935860 9.704210 6.509997 4.205892 2.616620 1.567682 0.904740 0.503218 0.269979 0.139932 0.070273 0.034398 0.016619 0.008133 0.004229 0.002497 0.001754 0.001447 0.001324 0.001276 0.001258 0.001252 0.001250 0.001249 0.001248 0.001248 0.001248 0.001248 0.001248 0.001247 0.001246 0.001244 0.001240 0.001232 0.001219 0.001198 0.001164 0.001112 0.001037 0.000935 0.000802 0.000637 0.000444 0.000228 0.000000 
50.000000 41.406560 33.211539 25.758006 19.291135 13.937112 9.705609 6.511506 4.207481 2.618263 1.569361 0.906442 0.504933 0.271703 0.141660 0.072003 0.036129 0.018351 0.009865 0.005962 0.004229 0.003487 0.003179 0.003056 0.003009 0.002991 0.002984 0.002982 0.002981 0.002981 0.002981 0.002981 0.002980 0.002980 0.002979 0.002976 0.002971 0.002961 0.002943 0.002913 0.002862 0.002781 0.002659 0.002482 0.002239 0.001922 0.001528 0.001064 0.000546 0.000000 
50.000000 41.407233 33.212853 25.759904 19.293539 13.939934 9.708761 6.514907 4.211060 2.621966 1.573145 0.910277 0.508799 0.275586 0.145553 0.075902 0.040031 0.022254 0.013769 0.009865 0.008133 0.007391 0.007083 0.006960 0.006913 0.006895 0.006888 0.006886 0.006885 0.006885 0.006885 0.006884 0.006884 0.006882 0.006880 0.006874 0.006862 0.006840 0.006800 0.006731 0.006615 0.006431 0.006151 0.005746 0.005187 0.004454 0.003543 0.002468 0.001268 0.000000 
50.000000 41.408696 33.215710 25.764029 19.298762 13.946066 9.715610 6.522297 4.218839 2.630013 1.581369 0.918612 0.517201 0.284028 0.154016 0.084376 0.048511 0.030737 0.022254 0.018351 0.016619 0.015877 0.015569 0.015446 0.015399 0.015381 0.015374 0.015372 0.015371 0.015371 0.015370 0.015370 0.015369 0.015366 0.015359 0.015347 0.015322 0.015274 0.015187 0.015036 0.014782 0.014377 0.013759 0.012861 0.011618 0.009985 0.007948 0.005541 0.002848 0.000000 
50.000000 41.411759 33.221694 25.772668 19.309704 13.958912 9.729959 6.537778 4.235137 2.646873 1.598598 0.936075 0.534805 0.301713 0.171747 0.102132 0.066279 0.048511 0.040031 0.036129 0.034398 0.033656 0.033349 0.033226 0.033178 0.033160 0.033154 0.033151 0.033151 0.033150 0.033150 0.033148 0.033146 0.033140 0.033127 0.033101 0.033048 0.032949 0.032767 0.032448 0.031913 0.031054 0.029739 0.027819 0.025154 0.021638 0.017238 0.012026 0.006185 0.000000 
50.000000 41.417939 33.233766 25.790096 19.331776 13.984826 9.758907 6.569014 4.268020 2.680890 1.633363 0.971311 0.570327 0.337400 0.207526 0.137959 0.102132 0.084376 0.075902 0.072003 0.070273 0.069531 0.069224 0.069101 0.069054 0.069036 0.069029 0.069027 0.069026 0.069026 0.069025 0.069022 0.069017 0.069005 0.068980 0.068927 0.068823 0.068623 0.068257 0.067611 0.066524 0.064772 0.062076 0.058124 0.052609 0.045304 0.036130 0.025227 0.012981 0.000000 
50.000000 41.429934 33.257199 25.823928 19.374626 14.035136 9.815108 6.629656 4.331863 2.746937 1.700863 1.039728 0.639297 0.406692 0.276997 0.207526 0.171747 0.154016 0.145553 0.141660 0.139932 0.139191 0.138885 0.138762 0.138715 0.138697 0.138690 0.138688 0.138687 0.138686 0.138684 0.138679 0.138669 0.138647 0.138599 0.138498 0.138298 0.137914 0.137205 0.135953 0.133831 0.130394 0.125078 0.117242 0.106251 0.091618 0.073156 0.051131 0.026329 0.000000 
50.000000 41.452324 33.300936 25.887076 19.454606 14.129044 9.920015 6.742858 4.451042 2.870234 1.826874 1.167452 0.768058 0.536053 0.406692 0.337400 0.301713 0.284028 0.275586 0.271703 0.269979 0.269241 0.268935 0.268813 0.268765 0.268747 0.268741 0.268738 0.268737 0.268735 0.268732 0.268724 0.268706 0.268665 0.268577 0.268394 0.268026 0.267318 0.266006 0.263674 0.259702 0.253231 0.243160 0.228220 0.207135 0.178889 0.143059 0.100117 0.051598 0.000000 
50.000000 41.492469 33.379360 26.000305 19.598022 14.297439 10.108138 6.945862 4.664770 3.091352 2.052864 1.396517 0.998983 0.768058 0.639297 0.570327 0.534805 0.517201 0.508799 0.504933 0.503218 0.502482 0.502178 0.502056 0.502009 0.501991 0.501985 0.501982 0.501980 0.501978 0.501972 0.501959 0.501927 0.501857 0.501703 0.501384 0.500739 0.499492 0.497168 0.493014 0.485895 0.474217 0.455913 0.428559 0.389665 0.337182 0.270156 0.189367 0.097701 0.000000 
50.000000 41.561563 33.514337 26.195191 19.844870 14.587287 10.431953 7.295300 5.032677 3.471988 2.441893 1.790846 1.396517 1.167452 1.039728 0.971311 0.936075 0.918612 0.910277 0.906442 0.904740 0.904011 0.903709 0.903588 0.903541 0.903523 0.903517 0.903514 0.903512 0.903508 0.903499 0.903476 0.903425 0.903308 0.903055 0.902522 0.901446 0.899350 0.895423 0.888358 0.876163 0.856006 0.824152 0.776130 0.707237 0.613449 0.492673 0.346048 0.178788 0.000000 
50.000000 41.675617 33.737149 26.516901 20.252363 15.065777 10.966530 7.872192 5.640073 4.100411 3.084183 2.441893 2.052864 1.826874 1.700863 1.633363 1.598598 1.581369 1.573145 1.569361 1.567682 1.566962 1.566664 1.566545 1.566499 1.566481 1.566475 1.566472 1.566469 1.566463 1.566448 1.566414 1.566333 1.566150 1.565752 1.564910 1.563200 1.559850 1.553536 1.542092 1.522182 1.488982 1.436011 1.355334 1.238347 1.077351 0.867862 0.611198 0.316362 0.000000 
50.000000 41.856043 34.089623 27.025836 20.897018 15.822765 11.812269 8.784896 6.601060 5.094682 4.100411 3.471988 3.091352 2.870234 2.746937 2.680890 2.646873 2.630013 2.621966 2.618263 2.616620 2.615916 2.615624 2.615507 2.615462 2.615445 2.615438 2.615435 2.615431 2.615422 2.615401 2.615350 2.615231 2.614960 2.614366 2.613106 2.610532 2.605458 2.595824 2.578228 2.547341 2.495317 2.411391 2.282011 2.091963 1.826905 1.477453 1.044184 0.541833 0.000000 
50.000000 42.129361 34.623573 27.796810 21.873609 16.969554 13.093538 10.167645 8.056984 6.601060 5.640073 5.032677 4.664770 4.451042 4.331863 4.268020 4.235137 4.218839 4.211060 4.207481 4.205892 4.205211 4.204929 4.204816 4.204773 4.204756 4.204749 4.204746 4.204740 4.204729 4.204699 4.204629 4.204462 4.204083 4.203248 4.201469 4.197811 4.190553 4.176671 4.151092 4.105743 4.028492 3.902267 3.704887 3.410389 2.992789 2.432900 1.727727 0.899677 0.000000 
50.000000 42.525547 35.397563 28.914395 23.289273 18.631968 14.950933 12.172188 10.167645 8.784896 7.872192 7.295300 6.945862 6.742858 6.629656 6.569014 6.537778 6.522297 6.514907 6.511506 6.509997 6.509350 6.509082 6.508975 6.508933 6.508918 6.508911 6.508907 6.508901 6.508885 6.508847 6.508755 6.508538 6.508040 6.506937 6.504578 6.499698 6.489949 6.471148 6.436180 6.373505 6.265377 6.086094 5.801006 5.367543 4.740037 3.880240 2.774188 1.452015 0.000000 
50.000000 43.074704 36.470405 30.463518 25.251602 20.936366 17.525654 14.950933 13.093538 11.812269 10.966530 10.431953 10.108138 9.920015 9.815108 9.758907 9.729959 9.715610 9.708761 9.705609 9.704210 9.703611 9.703362 9.703263 9.703224 9.703209 9.703203 9.703199 9.703191 9.703173 9.703127 9.703015 9.702749 9.702140 9.700783 9.697866 9.691795 9.679579 9.655823 9.611196 9.530258 9.388651 9.149927 8.762827 8.160726 7.266239 6.005375 4.335622 2.287168 0.000000 
50.000000 43.802127 37.891518 32.515544 27.851008 23.988939 20.936366 18.631968 16.969554 15.822765 15.065777 14.587287 14.297439 14.129044 14.035136 13.984826 13.958912 13.946066 13.939934 13.937112 13.935860 13.935323 13.935101 13.935012 13.934977 13.934964 13.934958 13.934954 13.934945 13.934925 13.934873 13.934747 13.934448 13.933758 13.932217 13.928885 13.921909 13.907774 13.880050 13.827430 13.730802 13.559164 13.264424 12.775640 11.994469 10.795893 9.042301 6.624028 3.539299 0.000000 
50.000000 44.722418 39.689434 35.111678 31.139697 27.851008 25.251602 23.289273 21.873609 20.897018 20.252363 19.844870 19.598022 19.454606 19.374626 19.331776 19.309704 19.298762 19.293539 19.291135 19.290068 19.289611 19.289422 19.289346 19.289316 19.289305 19.289300 19.289296 19.289287 19.289266 19.289214 19.289085 19.288777 19.288066 19.286472 19.283008 19.275717 19.260840 19.231420 19.175013 19.070113 18.880819 18.549236 17.985364 17.055114 15.569849 13.288016 9.955693 5.438867 0.000000 
50.000000 45.833897 41.860870 38.247184 35.111678 32.515544 30.463518 28.914395 27.796810 27.025836 26.516901 26.195191 26.000305 25.887076 25.823928 25.790096 25.772668 25.764029 25.759904 25.758006 25.757164 25.756803 25.756653 25.756593 25.756570 25.756561 25.756557 25.756553 25.756545 25.756526 25.756479 25.756361 25.756081 25.755430 25.753966 25.750772 25.744016 25.730149 25.702518 25.649039 25.548383 25.363910 25.034155 24.458144 23.473243 21.823662 19.123592 14.845383 8.451666 0.000000 
50.000000 47.114872 44.363449 41.860870 39.689434 37.891518 36.470405 35.397563 34.623573 34.089623 33.737149 33.514337 33.379360 33.300936 33.257199 33.233766 33.221694 33.215710 33.212853 33.211539 33.210955 33.210705 33.210601 33.210560 33.210544 33.210537 33.210534 33.210532 33.210526 33.210511 33.210475 33.210385 33.210169 33.209669 33.208539 33.206068 33.200819 33.189993 33.168289 33.125950 33.045440 32.895846 32.623375 32.134783 31.267490 29.733741 27.015487 22.181724 13.691907 0.000000 
50.000000 48.523217 47.114872 45.833897 44.722418 43.802127 43.074704 42.525547 42.129361 41.856043 41.675617 41.561563 41.492469 41.452324 41.429934 41.417939 41.411759 41.408696 41.407233 41.406560 41.406261 41.406133 41.406080 41.406059 41.406051 41.406047 41.406046 41.406044 41.406041 41.406033 41.406014 41.405965 41.405847 41.405574 41.404958 41.403605 41.400726 41.394768 41.382775 41.359256 41.314211 41.229684 41.073532 40.787537 40.262828 39.283551 37.382232 33.422965 24.261609 0.000000 
50.000000 50.000000 50.000000 50.000000 50.000000 50.000000 50.000000 50.000000 50.000000 50.000000 50.000000 50.000000 50.000000 50.000000 50.000000 50.000000 50.000000 50.000000 50.000000 50.000000 50.000000 50.000000 50.000000 50.000000 50.000000 50.000000 50.000000 50.000000 50.000000 50.000000 50.000000 50.000000 50.000000 50.000000 50.000000 50.000000 50.000000 50.000000 50.000000 50.000000 50.000000 50.000000 50.000000 50.000000 50.000000 50.000000 50.000000 50.000000 50.000000 50.000000 
