50.000000 50.000000 50.000000 50.000000 50.000000 50.000000 50.000000 50.000000 50.000000 50.000000 50.000000 50.000000 50.000000 50.000000 50.000000 50.000000 50.000000 50.000000 50.000000 50.000000 50.000000 50.000000 50.000000 50.000000 50.000000 50.000000 50.000000 50.000000 50.000000 50.000000 50.000000 50.000000 50.000000 50.000000 50.000000 50.000000 50.000000 50.000000 50.000000 50.000000 50.000000 50.000000 50.000000 50.000000 50.000000 50.000000 50.000000 50.000000 50.000000 50.000000 
50.000000 41.879595 35.799059 32.297955 30.695421 30.094320 29.904814 29.853556 29.841461 29.838937 29.838466 29.838387 29.838375 29.838373 29.838373 29.838373 29.838373 29.838373 29.838373 29.838373 29.838373 29.838373 29.838373 29.838373 29.838373 29.838373 29.838373 29.838373 29.838373 29.838373 29.838373 29.838373 29.838373 29.838373 29.838373 29.838373 29.838373 29.838373 29.838372 29.838367 29.838332 29.838117 29.836878 29.830403 29.799636 29.667030 29.147247 27.275334 20.939798 0.000000 
50.000000 35.799059 25.167655 19.048440 16.248851 15.199310 14.868623 14.779234 14.758155 14.753760 14.752940 14.752802 14.752781 14.752778 14.752777 14.752777 14.752777 14.752777 14.752777 14.752777 14.752777 14.752777 14.752777 14.752777 14.752777 14.752777 14.752777 14.752777 14.752777 14.752777 14.752777 14.752777 14.752777 14.752777 14.752777 14.752777 14.752777 14.752777 14.752776 14.752770 14.752731 14.752488 14.751116 14.744091 14.711781 14.579247 14.099155 12.583827 8.523725 0.000000 
50.000000 32.297955 19.048440 11.425257 7.939332 6.633239 6.221976 6.110880 6.084701 6.079246 6.078229 6.078058 6.078032 6.078028 6.078028 6.078027 6.078027 6.078027 6.078027 6.078027 6.078027 6.078027 6.078027 6.078027 6.078027 6.078027 6.078027 6.078027 6.078027 6.078027 6.078027 6.078027 6.078027 6.078027 6.078027 6.078027 6.078027 6.078027 6.078027 6.078023 6.077998 6.077842 6.076973 6.072611 6.053087 5.976073 5.712628 4.949286 3.150708 0.000000 
50.000000 30.695421 16.248851 7.939332 4.140964 2.718410 2.270682 2.149795 2.121323 2.115393 2.114289 2.114103 2.114074 2.114070 2.114070 2.114070 2.114070 2.114070 2.114070 2.114070 2.114070 2.114070 2.114070 2.114070 2.114070 2.114070 2.114070 2.114070 2.114070 2.114070 2.114070 2.114070 2.114070 2.114070 2.114070 2.114070 2.114070 2.114070 2.114070 2.114068 2.114056 2.113985 2.113591 2.111647 2.103126 2.070482 1.963258 1.669604 1.028391 0.000000 
50.000000 30.094320 15.199310 6.633239 2.718410 1.252587 0.791358 0.666860 0.637545 0.631442 0.630305 0.630114 0.630085 0.630081 0.630080 0.630080 0.630080 0.630080 0.630080 0.630080 0.630080 0.630080 0.630080 0.630080 0.630080 0.630080 0.630080 0.630080 0.630080 0.630080 0.630080 0.630080 0.630080 0.630080 0.630080 0.630080 0.630080 0.630080 0.630080 0.630079 0.630075 0.630050 0.629910 0.629230 0.626293 0.615284 0.580152 0.487529 0.294684 0.000000 
50.000000 29.904814 14.868623 6.221976 2.270682 0.791358 0.325934 0.200318 0.170743 0.164586 0.163440 0.163247 0.163218 0.163214 0.163213 0.163213 0.163213 0.163213 0.163213 0.163213 0.163213 0.163213 0.163213 0.163213 0.163213 0.163213 0.163213 0.163213 0.163213 0.163213 0.163213 0.163213 0.163213 0.163213 0.163213 0.163213 0.163213 0.163213 0.163213 0.163213 0.163212 0.163204 0.163164 0.162967 0.162129 0.159035 0.149364 0.124531 0.074411 0.000000 
50.000000 29.853556 14.779234 6.110880 2.149795 0.666860 0.200318 0.074404 0.044762 0.038591 0.037442 0.037249 0.037219 0.037215 0.037215 0.037214 0.037214 0.037214 0.037214 0.037214 0.037214 0.037214 0.037214 0.037214 0.037214 0.037214 0.037214 0.037214 0.037214 0.037214 0.037214 0.037214 0.037214 0.037214 0.037214 0.037214 0.037214 0.037214 0.037214 0.037214 0.037214 0.037212 0.037202 0.037154 0.036949 0.036204 0.033907 0.028118 0.016678 0.000000 
50.000000 29.841461 14.758155 6.084701 2.121323 0.637545 0.170743 0.044762 0.015103 0.008929 0.007780 0.007586 0.007557 0.007553 0.007552 0.007552 0.007552 0.007552 0.007552 0.007552 0.007552 0.007552 0.007552 0.007552 0.007552 0.007552 0.007552 0.007552 0.007552 0.007552 0.007552 0.007552 0.007552 0.007552 0.007552 0.007552 0.007552 0.007552 0.007552 0.007552 0.007552 0.007552 0.007549 0.007539 0.007496 0.007338 0.006859 0.005667 0.003345 0.000000 
50.000000 29.838937 14.753760 6.079246 2.115393 0.631442 0.164586 0.038591 0.008929 0.002754 0.001605 0.001411 0.001382 0.001378 0.001377 0.001377 0.001377 0.001377 0.001377 0.001377 0.001377 0.001377 0.001377 0.001377 0.001377 0.001377 0.001377 0.001377 0.001377 0.001377 0.001377 0.001377 0.001377 0.001377 0.001377 0.001377 0.001377 0.001377 0.001377 0.001377 0.001377 0.001377 0.001377 0.001375 0.001366 0.001337 0.001248 0.001028 0.000605 0.000000 
50.000000 29.838466 14.752940 6.078229 2.114289 0.630305 0.163440 0.037442 0.007780 0.001605 0.000455 0.000262 0.000232 0.000228 0.000228 0.000228 0.000228 0.000228 0.000228 0.000228 0.000228 0.000228 0.000228 0.000228 0.000228 0.000228 0.000228 0.000228 0.000228 0.000228 0.000228 0.000228 0.000228 0.000228 0.000228 0.000228 0.000228 0.000228 0.000228 0.000228 0.000228 0.000227 0.000227 0.000227 0.000226 0.000221 0.000206 0.000169 0.000099 0.000000 
50.000000 29.838387 14.752802 6.078058 2.114103 0.630114 0.163247 0.037249 0.007586 0.001411 0.000262 0.000069 0.000039 0.000035 0.000034 0.000034 0.000034 0.000034 0.000034 0.000034 0.000034 0.000034 0.000034 0.000034 0.000034 0.000034 0.000034 0.000034 0.000034 0.000034 0.000034 0.000034 0.000034 0.000034 0.000034 0.000034 0.000034 0.000034 0.000034 0.000034 0.000034 0.000034 0.000034 0.000034 0.000034 0.000033 0.000031 0.000025 0.000015 0.000000 
50.000000 29.838375 14.752781 6.078032 2.114074 0.630085 0.163218 0.037219 0.007557 0.001382 0.000232 0.000039 0.000009 0.000005 0.000005 0.000005 0.000005 0.000005 0.000005 0.000005 0.000005 0.000005 0.000005 0.000005 0.000005 0.000005 0.000005 0.000005 0.000005 0.000005 0.000005 0.000005 0.000005 0.000005 0.000005 0.000005 0.000005 0.000005 0.000005 0.000005 0.000005 0.000005 0.000005 0.000005 0.000005 0.000005 0.000004 0.000004 0.000002 0.000000 
50.000000 29.838373 14.752778 6.078028 2.114070 0.630081 0.163214 0.037215 0.007553 0.001378 0.000228 0.000035 0.000005 0.000001 0.000001 0.000001 0.000001 0.000001 0.000001 0.000001 0.000001 0.000001 0.000001 0.000001 0.000001 0.000001 0.000001 0.000001 0.000001 0.000001 0.000001 0.000001 0.000001 0.000001 0.000001 0.000001 0.000001 0.000001 0.000001 0.000001 0.000001 0.000001 0.000001 0.000001 0.000001 0.000001 0.000001 0.000000 0.000000 0.000000 
50.000000 29.838373 14.752777 6.078028 2.114070 0.630080 0.163213 0.037215 0.007552 0.001377 0.000228 0.000034 0.000005 0.000001 0.000000 0.000000 0.000000 0.000000 0.000000 0.000000 0.000000 0.000000 0.000000 0.000000 0.000000 0.000000 0.000000 0.000000 0.000000 0.000000 0.000000 0.000000 0.000000 0.000000 0.000000 0.000000 0.000000 0.000000 0.000000 0.000000 0.000000 0.000000 0.000000 0.000000 0.000000 0.000000 0.000000 0.000000 0.000000 0.000000 
50.000000 29.838373 14.752777 6.078027 2.114070 0.630080 0.163213 0.037214 0.007552 0.001377 0.000228 0.000034 0.000005 0.000001 0.000000 0.000000 0.000000 0.000000 0.000000 0.000000 0.000000 0.000000 0.000000 0.000000 0.000000 0.000000 0.000000 0.000000 0.000000 0.000000 0.000000 0.000000 0.000000 0.000000 0.000000 0.000000 0.000000 0.000000 0.000000 0.000000 0.000000 0.000000 0.000000 0.000000 0.000000 0.000000 0.000000 0.000000 0.000000 0.000000 
50.000000 29.838373 14.752777 6.078027 2.114070 0.630080 0.163213 0.037214 0.007552 0.001377 0.000228 0.000034 0.000005 0.000001 0.000000 0.000000 0.000000 0.000000 0.000000 0.000000 0.000000 0.000000 0.000000 0.000000 0.000000 0.000000 0.000000 0.000000 0.000000 0.000000 0.000000 0.000000 0.000000 0.000000 0.000000 0.000000 0.000000 0.000000 0.000000 0.000000 0.000000 0.000000 0.000000 0.000000 0.000000 0.000000 0.000000 0.000000 0.000000 0.000000 
50.000000 29.838373 14.752777 6.078027 2.114070 0.630080 0.163213 0.037214 0.007552 0.001377 0.000228 0.000034 0.000005 0.000001 0.000000 0.000000 0.000000 0.000000 0.000000 0.000000 0.000000 0.000000 0.000000 0.000000 0.000000 0.000000 0.000000 0.000000 0.000000 0.000000 0.000000 0.000000 0.000000 0.000000 0.000000 0.000000 0.000000 0.000000 0.000000 0.000000 0.000000 0.000000 0.000000 0.000000 0.000000 0.000000 0.000000 0.000000 0.000000 0.000000 
50.000000 29.838373 14.752777 6.078027 2.114070 0.630080 0.163213 0.037214 0.007552 0.001377 0.000228 0.000034 0.000005 0.000001 0.000000 0.000000 0.000000 0.000000 0.000000 0.000000 0.000000 0.000000 0.000000 0.000000 0.000000 0.000000 0.000000 0.000000 0.000000 0.000000 0.000000 0.000000 0.000000 0.000000 0.000000 0.000000 0.000000 0.000000 0.000000 0.000000 0.000000 0.000000 0.000000 0.000000 0.000000 0.000000 0.000000 0.000000 0.000000 0.000000 
50.000000 29.838373 14.752777 6.078027 2.114070 0.630080 0.163213 0.037214 0.007552 0.001377 0.000228 0.000034 0.000005 0.000001 0.000000 0.000000 0.000000 0.000000 0.000000 0.000000 0.000000 0.000000 0.000000 0.000000 0.000000 0.000000 0.000000 0.000000 0.000000 0.000000 0.000000 0.000000 0.000000 0.000000 0.000000 0.000000 0.000000 0.000000 0.000000 0.000000 0.000000 0.000000 0.000000 0.000000 0.000000 0.000000 0.000000 0.000000 0.000000 0.000000 
50.000000 29.838373 14.752777 6.078027 2.114070 0.630080 0.163213 0.037214 0.007552 0.001377 0.000228 0.000034 0.000005 0.000001 0.000000 0.000000 0.000000 0.000000 0.000000 0.000000 0.000000 0.000000 0.000000 0.000000 0.000000 0.000000 0.000000 0.000000 0.000000 0.000000 0.000000 0.000000 0.000000 0.000000 0.000000 0.000000 0.000000 0.000000 0.000000 0.000000 0.000000 0.000000 0.000000 0.000000 0.000000 0.000000 0.000000 0.000000 0.000000 0.000000 
50.000000 29.838373 14.752777 6.078027 2.114070 0.630080 0.163213 0.037214 0.007552 0.001377 0.000228 0.000034 0.000005 0.000001 0.000000 0.000000 0.000000 0.000000 0.000000 0.000000 0.000000 0.000000 0.000000 0.000000 0.000000 0.000000 0.000000 0.000000 0.000000 0.000000 0.000000 0.000000 0.000000 0.000000 0.000000 0.000000 0.000000 0.000000 0.000000 0.000000 0.000000 0.000000 0.000000 0.000000 0.000000 0.000000 0.000000 0.000000 0.000000 0.000000 
50.000000 29.838373 14.752777 6.078027 2.114070 0.630080 0.163213 0.037214 0.007552 0.001377 0.000228 0.000034 0.000005 0.000001 0.000000 0.000000 0.000000 0.000000 0.000000 0.000000 0.000000 0.000000 0.000000 0.000000 0.000000 0.000000 0.000000 0.000000 0.000000 0.000000 0.000000 0.000000 0.000000 0.000000 0.000000 0.000000 0.000000 0.000000 0.000000 0.000000 0.000000 0.000000 0.000000 0.000000 0.000000 0.000000 0.000000 0.000000 0.000000 0.000000 
50.000000 29.838373 14.752777 6.078027 2.114070 0.630080 0.163213 0.037214 0.007552 0.001377 0.000228 0.000034 0.000005 0.000001 0.000000 0.000000 0.000000 0.000000 0.000000 0.000000 0.000000 0.000000 0.000000 0.000000 0.000000 0.000000 0.000000 0.000000 0.000000 0.000000 0.000000 0.000000 0.000000 0.000000 0.000000 0.000000 0.000000 0.000000 0.000000 0.000000 0.000000 0.000000 0.000000 0.000000 0.000000 0.000000 0.000000 0.000000 0.000000 0.000000 
50.000000 29.838373 14.752777 6.078027 2.114070 0.630080 0.163213 0.037214 0.007552 0.001377 0.000228 0.000034 0.000005 0.000001 0.000000 0.000000 0.000000 0.000000 0.000000 0.000000 0.000000 0.000000 0.000000 0.000000 0.000000 0.000000 0.000000 0.000000 0.000000 0.000000 0.000000 0.000000 0.000000 0.000000 0.000000 0.000000 0.000000 0.000000 0.000000 0.000000 0.000000 0.000000 0.000000 0.000000 0.000000 0.000000 0.000000 0.000000 0.000000 0.000000 
50.000000 29.838373 14.752777 6.078027 2.114070 0.630080 0.163213 0.037214 0.007552 0.001377 0.000228 0.000034 0.000005 0.000001 0.000000 0.000000 0.000000 0.000000 0.000000 0.000000 0.000000 0.000000 0.000000 0.000000 0.000000 0.000000 0.000000 0.000000 0.000000 0.000000 0.000000 0.000000 0.000000 0.000000 0.000000 0.000000 0.000000 0.000000 0.000000 0.000000 0.000000 0.000000 0.000000 0.000000 0.000000 0.000000 0.000000 0.000000 0.000000 0.000000 
50.000000 29.838373 14.752777 6.078027 2.114070 0.630080 0.163213 0.037214 0.007552 0.001377 0.000228 0.000034 0.000005 0.000001 0.000000 0.000000 0.000000 0.000000 0.000000 0.000000 0.000000 0.000000 0.000000 0.000000 0.000000 0.000000 0.000000 0.000000 0.000000 0.000000 0.000000 0.000000 0.000000 0.000000 0.000000 0.000000 0.000000 0.000000 0.000000 0.000000 0.000000 0.000000 0.000000 0.000000 0.000000 0.000000 0.000000 0.000000 0.000000 0.000000 
50.000000 29.838373 14.752777 6.078027 2.114070 0.630080 0.163213 0.037214 0.007552 0.001377 0.000228 0.000034 0.000005 0.000001 0.000000 0.000000 0.000000 0.000000 0.000000 0.000000 0.000000 0.000000 0.000000 0.000000 0.000000 0.000000 0.000000 0.000000 0.000000 0.000000 0.000000 0.000000 0.000000 0.000000 0.000000 0.000000 0.000000 0.000000 0.000000 0.000000 0.000000 0.000000 0.000000 0.000000 0.000000 0.000000 0.000000 0.000000 0.000000 0.000000 
50.000000 29.838373 14.752777 6.078027 2.114070 0.630080 0.163213 0.037214 0.007552 0.001377 0.000228 0.000034 0.000005 0.000001 0.000000 0.000000 0.000000 0.000000 0.000000 0.000000 0.000000 0.000000 0.000000 0.000000 0.000000 0.000000 0.000000 0.000000 0.000000 0.000000 0.000000 0.000000 0.000000 0.000000 0.000000 0.000000 0.000000 0.000000 0.000000 0.000000 0.000000 0.000000 0.000000 0.000000 0.000000 0.000000 0.000000 0.000000 0.000000 0.000000 
50.000000 29.838373 14.752777 6.078027 2.114070 0.630080 0.163213 0.037214 0.007552 0.001377 0.000228 0.000034 0.000005 0.000001 0.000000 0.000000 0.000000 0.000000 0.000000 0.000000 0.000000 0.000000 0.000000 0.000000 0.000000 0.000000 0.000000 0.000000 0.000000 0.000000 0.000000 0.000000 0.000000 0.000000 0.000000 0.000000 0.000000 0.000000 0.000000 0.000000 0.000000 0.000000 0.000000 0.000000 0.000000 0.000000 0.000000 0.000000 0.000000 0.000000 
50.000000 29.838373 14.752777 6.078027 2.114070 0.630080 0.163213 0.037214 0.007552 0.001377 0.000228 0.000034 0.000005 0.000001 0.000000 0.000000 0.000000 0.000000 0.000000 0.000000 0.000000 0.000000 0.000000 0.000000 0.000000 0.000000 0.000000 0.000000 0.000000 0.000000 0.000000 0.000000 0.000000 0.000000 0.000000 0.000000 0.000000 0.000000 0.000000 0.000000 0.000000 0.000000 0.000000 0.000000 0.000000 0.000000 0.000000 0.000000 0.000000 0.000000 
50.000000 29.838373 14.752777 6.078027 2.114070 0.630080 0.163213 0.037214 0.007552 0.001377 0.000228 0.000034 0.000005 0.000001 0.000000 0.000000 0.000000 0.000000 0.000000 0.000000 0.000000 0.000000 0.000000 0.000000 0.000000 0.000000 0.000000 0.000000 0.000000 0.000000 0.000000 0.000000 0.000000 0.000000 0.000000 0.000000 0.000000 0.000000 0.000000 0.000000 0.000000 0.000000 0.000000 0.000000 0.000000 0.000000 0.000000 0.000000 0.000000 0.000000 
50.000000 29.838373 14.752777 6.078027 2.114070 0.630080 0.163213 0.037214 0.007552 0.001377 0.000228 0.000034 0.000005 0.000001 0.000000 0.000000 0.000000 0.000000 0.000000 0.000000 0.000000 0.000000 0.000000 0.000000 0.000000 0.000000 0.000000 0.000000 0.000000 0.000000 0.000000 0.000000 0.000000 0.000000 0.000000 0.000000 0.000000 0.000000 0.000000 0.000000 0.000000 0.000000 0.000000 0.000000 0.000000 0.000000 0.000000 0.000000 0.000000 0.000000 
50.000000 29.838373 14.752777 6.078027 2.114070 0.630080 0.163213 0.037214 0.007552 0.001377 0.000228 0.000034 0.000005 0.000001 0.000000 0.000000 0.000000 0.000000 0.000000 0.000000 0.000000 0.000000 0.000000 0.000000 0.000000 0.000000 0.000000 0.000000 0.000000 0.000000 0.000000 0.000000 0.000000 0.000000 0.000000 0.000000 0.000000 0.000000 0.000000 0.000000 0.000000 0.000000 0.000000 0.000000 0.000000 0.000000 0.000000 0.000000 0.000000 0.000000 
50.000000 29.838373 14.752777 6.078027 2.114070 0.630080 0.163213 0.037214 0.007552 0.001377 0.000228 0.000034 0.000005 0.000001 0.000000 0.000000 0.000000 0.000000 0.000000 0.000000 0.000000 0.000000 0.000000 0.000000 0.000000 0.000000 0.000000 0.000000 0.000000 0.000000 0.000000 0.000000 0.000000 0.000000 0.000000 0.000000 0.000000 0.000000 0.000000 0.000000 0.000000 0.000000 0.000000 0.000000 0.000000 0.000000 0.000000 0.000000 0.000000 0.000000 
50.000000 29.838373 14.752777 6.078028 2.114070 0.630080 0.163213 0.037215 0.007552 0.001377 0.000228 0.000034 0.000005 0.000001 0.000000 0.000000 0.000000 0.000000 0.000000 0.000000 0.000000 0.000000 0.000000 0.000000 0.000000 0.000000 0.000000 0.000000 0.000000 0.000000 0.000000 0.000000 0.000000 0.000000 0.000000 0.000000 0.000000 0.000000 0.000000 0.000000 0.000000 0.000000 0.000000 0.000000 0.000000 0.000000 0.000000 0.000000 0.000000 0.000000 
50.000000 29.838373 14.752778 6.078028 2.114070 0.630081 0.163214 0.037215 0.007553 0.001378 0.000228 0.000035 0.000005 0.000001 0.000001 0.000001 0.000001 0.000001 0.000001 0.000001 0.000001 0.000001 0.000001 0.000001 0.000001 0.000001 0.000001 0.000001 0.000001 0.000001 0.000001 0.000001 0.000001 0.000001 0.000001 0.000001 0.000001 0.000001 0.000001 0.000001 0.000001 0.000001 0.000001 0.000001 0.000001 0.000001 0.000001 0.000000 0.000000 0.000000 
50.000000 29.838375 14.752781 6.078032 2.114074 0.630085 0.163218 0.037219 0.007557 0.001382 0.000232 0.000039 0.000009 0.000005 0.000005 0.000005 0.000005 0.000005 0.000005 0.000005 0.000005 0.000005 0.000005 0.000005 0.000005 0.000005 0.000005 0.000005 0.000005 0.000005 0.000005 0.000005 0.000005 0.000005 0.000005 0.000005 0.000005 0.000005 0.000005 0.000005 0.000005 0.000005 0.000005 0.000005 0.000005 0.000005 0.000004 0.000004 0.000002 0.000000 
50.000000 29.838387 14.752802 6.078058 2.114103 0.630114 0.163247 0.037249 0.007586 0.001411 0.000262 0.000069 0.000039 0.000035 0.000034 0.000034 0.000034 0.000034 0.000034 0.000034 0.000034 0.000034 0.000034 0.000034 0.000034 0.000034 0.000034 0.000034 0.000034 0.000034 0.000034 0.000034 0.000034 0.000034 0.000034 0.000034 0.000034 0.000034 0.000034 0.000034 0.000034 0.000034 0.000034 0.000034 0.000034 0.000033 0.000031 0.000025 0.000015 0.000000 
50.000000 29.838466 14.752940 6.078229 2.114289 0.630305 0.163440 0.037442 0.007780 0.001605 0.000455 0.000262 0.000232 0.000228 0.000228 0.000228 0.000228 0.000228 0.000228 0.000228 0.000228 0.000228 0.000228 0.000228 0.000228 0.000228 0.000228 0.000228 0.000228 0.000228 0.000228 0.000228 0.000228 0.000228 0.000228 0.000228 0.000228 0.000228 0.000228 0.000228 0.000228 0.000227 0.000227 0.000227 0.000226 0.000221 0.000206 0.000169 0.000099 0.000000 
50.000000 29.838937 14.753760 6.079246 2.115393 0.631442 0.164586 0.038591 0.008929 0.002754 0.001605 0.001411 0.001382 0.001378 0.001377 0.001377 0.001377 0.001377 0.001377 0.001377 0.001377 0.001377 0.001377 0.001377 0.001377 0.001377 0.001377 0.001377 0.001377 0.001377 0.001377 0.001377 0.001377 0.001377 0.001377 0.001377 0.001377 0.001377 0.001377 0.001377 0.001377 0.001377 0.001377 0.001375 0.001366 0.001337 0.001248 0.001028 0.000605 0.000000 
50.000000 29.841461 14.758155 6.084701 2.121323 0.637545 0.170743 0.044762 0.015103 0.008929 0.007780 0.007586 0.007557 0.007553 0.007552 0.007552 0.007552 0.007552 0.007552 0.007552 0.007552 0.007552 0.007552 0.007552 0.007552 0.007552 0.007552 0.007552 0.007552 0.007552 0.007552 0.007552 0.007552 0.007552 0.007552 0.007552 0.007552 0.007552 0.007552 0.007552 0.007552 0.007552 0.007549 0.007539 0.007496 0.007338 0.006859 0.005667 0.003345 0.000000 
50.000000 29.853556 14.779234 6.110880 2.149795 0.666860 0.200318 0.074404 0.044762 0.038591 0.037442 0.037249 0.037219 0.037215 0.037215 0.037214 0.037214 0.037214 0.037214 0.037214 0.037214 0.037214 0.037214 0.037214 0.037214 0.037214 0.037214 0.037214 0.037214 0.037214 0.037214 0.037214 0.037214 0.037214 0.037214 0.037214 0.037214 0.037214 0.037214 0.037214 0.037214 0.037212 0.037202 0.037154 0.036949 0.036204 0.033907 0.028118 0.016678 0.000000 
50.000000 29.904814 14.868623 6.221976 2.270682 0.791358 0.325934 0.200318 0.170743 0.164586 0.163440 0.163247 0.163218 0.163214 0.163213 0.163213 0.163213 0.163213 0.163213 0.163213 0.163213 0.163213 0.163213 0.163213 0.163213 0.163213 0.163213 0.163213 0.163213 0.163213 0.163213 0.163213 0.163213 0.163213 0.163213 0.163213 0.163213 0.163213 0.163213 0.163213 0.163212 0.163204 0.163164 0.162967 0.162129 0.159035 0.149364 0.124531 0.074411 0.000000 
50.000000 30.094320 15.199310 6.633239 2.718410 1.252587 0.791358 0.666860 0.637545 0.631442 0.630305 0.630114 0.630085 0.630081 0.630080 0.630080 0.630080 0.630080 0.630080 0.630080 0.630080 0.630080 0.630080 0.630080 0.630080 0.630080 0.630080 0.630080 0.630080 0.630080 0.630080 0.630080 0.630080 0.630080 0.630080 0.630080 0.630080 0.630080 0.630080 0.630079 0.630075 0.630050 0.629910 0.629230 0.626293 0.615284 0.580152 0.487529 0.294684 0.000000 
50.000000 30.695421 16.248851 7.939332 4.140964 2.718410 2.270682 2.149795 2.121323 2.115393 2.114289 2.114103 2.114074 2.114070 2.114070 2.114070 2.114070 2.114070 2.114070 2.114070 2.114070 2.114070 2.114070 2.114070 2.114070 2.114070 2.114070 2.114070 2.114070 2.114070 2.114070 2.114070 2.114070 2.114070 2.114070 2.114070 2.114070 2.114070 2.114070 2.114068 2.114056 2.113985 2.113591 2.111647 2.103126 2.070482 1.963258 1.669604 1.028391 0.000000 
50.000000 32.297955 19.048440 11.425257 7.939332 6.633239 6.221976 6.110880 6.084701 6.079246 6.078229 6.078058 6.078032 6.078028 6.078028 6.078027 6.078027 6.078027 6.078027 6.078027 6.078027 6.078027 6.078027 6.078027 6.078027 6.078027 6.078027 6.078027 6.078027 6.078027 6.078027 6.078027 6.078027 6.078027 6.078027 6.078027 6.078027 6.078027 6.078027 6.078023 6.077998 6.077842 6.076973 6.072611 6.053087 5.976073 5.712628 4.949286 3.150708 0.000000 
50.000000 35.799059 25.167655 19.048440 16.248851 15.199310 14.868623 14.779234 14.758155 14.753760 14.752940 14.752802 14.752781 14.752778 14.752777 14.752777 14.752777 14.752777 14.752777 14.752777 14.752777 14.752777 14.752777 14.752777 14.752777 14.752777 14.752777 14.752777 14.752777 14.752777 14.752777 14.752777 14.752777 14.752777 14.752777 14.752777 14.752777 14.752777 14.752776 14.752770 14.752731 14.752488 14.751116 14.744091 14.711781 14.579247 14.099155 12.583827 8.523725 0.000000 
50.000000 41.879595 35.799059 32.297955 30.695421 30.094320 29.904814 29.853556 29.841461 29.838937 29.838466 29.838387 29.838375 29.838373 29.838373 29.838373 29.838373 29.838373 29.838373 29.838373 29.838373 29.838373 29.838373 29.838373 29.838373 29.838373 29.838373 29.838373 29.838373 29.838373 29.838373 29.838373 29.838373 29.838373 29.838373 29.838373 29.838373 29.838373 29.838372 29.838367 29.838332 29.838117 29.836878 29.830403 29.799636 29.667030 29.147247 27.275334 20.939798 0.000000 
50.000000 50.000000 50.000000 50.000000 50.000000 50.000000 50.000000 50.000000 50.000000 50.000000 50.000000 50.000000 50.000000 50.000000 50.000000 50.000000 50.000000 50.000000 50.000000 50.000000 50.000000 50.000000 50.000000 50.000000 50.000000 50.000000 50.000000 50.000000 50.000000 50.000000 50.000000 50.000000 50.000000 50.000000 50.000000 50.000000 50.000000 50.000000 50.000000 50.000000 50.000000 50.000000 50.000000 50.000000 50.000000 50.000000 50.000000 50.000000 50.000000 50.000000 
