50.000000 50.000000 50.000000 50.000000 50.000000 50.000000 50.000000 50.000000 50.000000 50.000000 50.000000 50.000000 50.000000 50.000000 50.000000 50.000000 50.000000 50.000000 50.000000 50.000000 50.000000 50.000000 50.000000 50.000000 50.000000 50.000000 50.000000 50.000000 50.000000 50.000000 50.000000 50.000000 50.000000 50.000000 50.000000 50.000000 50.000000 50.000000 50.000000 50.000000 50.000000 50.000000 50.000000 50.000000 50.000000 50.000000 50.000000 50.000000 50.000000 50.000000 
50.000000 48.656574 47.369789 46.189131 45.151278 44.277015 43.571066 43.024441 42.618394 42.328898 42.130692 42.000300 41.917829 41.867647 41.838251 41.821664 41.812642 41.807907 41.805509 41.804336 41.803781 41.803527 41.803415 41.803366 41.803346 41.803338 41.803334 41.803330 41.803323 41.803306 41.803266 41.803174 41.802967 41.802511 41.801537 41.799511 41.795409 41.787315 41.771734 41.742423 41.688405 41.590541 41.415380 41.103429 40.544782 39.523030 37.570859 33.553372 24.328287 0.000000 
50.000000 47.369789 44.850475 42.538945 40.507006 38.795354 37.413236 36.343051 35.548094 34.981325 34.593282 34.338006 34.176549 34.078306 34.020759 33.988286 33.970623 33.961355 33.956660 33.954363 33.953277 33.952780 33.952560 33.952465 33.952426 33.952409 33.952401 33.952394 33.952381 33.952350 33.952276 33.952106 33.951722 33.950880 33.949084 33.945355 33.937822 33.923007 33.894603 33.841451 33.744185 33.569686 33.261720 32.724661 31.793991 30.180929 27.367719 22.425238 13.816417 0.000000 
50.000000 46.189131 42.538945 39.189820 36.245799 33.765846 31.763356 30.212823 29.061063 28.239916 27.677718 27.307878 27.073963 26.931633 26.848263 26.801220 26.775631 26.762205 26.755404 26.752077 26.750504 26.749784 26.749465 26.749328 26.749271 26.749247 26.749236 26.749226 26.749208 26.749167 26.749069 26.748845 26.748339 26.747232 26.744875 26.739998 26.730187 26.710982 26.674386 26.606438 26.483363 26.265566 25.888316 25.247451 24.177749 22.422040 19.594910 15.171226 8.618272 0.000000 
50.000000 45.151278 40.507006 36.245799 32.500040 29.344747 26.796959 24.824219 23.358854 22.314134 21.598878 21.128355 20.830766 20.649696 20.543635 20.483790 20.451238 20.434159 20.425508 20.421276 20.419274 20.418358 20.417953 20.417779 20.417706 20.417676 20.417662 20.417650 20.417630 20.417584 20.417475 20.417224 20.416661 20.415431 20.412822 20.407445 20.396681 20.375737 20.336127 20.263274 20.132892 19.905720 19.520152 18.882561 17.855919 16.250020 13.823760 10.326077 5.628248 0.000000 
50.000000 44.277015 38.795354 33.765846 29.344747 25.620598 22.613508 20.285158 18.555665 17.322656 16.478501 15.923195 15.571989 15.358300 15.233136 15.162513 15.124100 15.103945 15.093738 15.088744 15.086382 15.085301 15.084823 15.084618 15.084532 15.084496 15.084480 15.084468 15.084447 15.084401 15.084292 15.084042 15.083482 15.082263 15.079689 15.074408 15.063895 15.043579 15.005475 14.936102 14.813515 14.603289 14.253553 13.689670 12.810299 11.488827 9.588098 7.001362 3.732233 0.000000 
50.000000 43.571066 37.413236 31.763356 26.796959 22.613508 19.235584 16.620133 14.677409 13.292401 12.344200 11.720461 11.325983 11.085970 10.945390 10.866070 10.822929 10.800294 10.788830 10.783221 10.780569 10.779356 10.778819 10.778588 10.778492 10.778452 10.778435 10.778422 10.778403 10.778360 10.778261 10.778033 10.777523 10.776419 10.774096 10.769357 10.759977 10.741981 10.708516 10.648219 10.543001 10.365301 10.075136 9.617792 8.923839 7.914398 6.515905 4.688575 2.467636 0.000000 
50.000000 43.024441 36.343051 30.212823 24.824219 20.285158 16.620133 13.782418 11.674629 10.171965 9.143233 8.466531 8.038566 7.778184 7.625678 7.539631 7.492831 7.468278 7.455843 7.449759 7.446882 7.445566 7.444984 7.444734 7.444630 7.444587 7.444568 7.444556 7.444539 7.444503 7.444418 7.444225 7.443795 7.442867 7.440924 7.436979 7.429220 7.414442 7.387193 7.338591 7.254789 7.115254 6.891209 6.544997 6.031605 5.304067 4.324506 3.081330 1.609060 0.000000 
50.000000 42.618394 35.548094 29.061063 23.358854 18.555665 14.677409 11.674629 9.444261 7.854233 6.765708 6.049687 5.596864 5.321364 5.160005 5.068967 5.019453 4.993476 4.980321 4.973885 4.970842 4.969450 4.968833 4.968569 4.968459 4.968414 4.968395 4.968383 4.968369 4.968340 4.968273 4.968120 4.967780 4.967050 4.965528 4.962455 4.956448 4.945087 4.924310 4.887604 4.825013 4.722131 4.559374 4.312108 3.952376 3.453134 2.795497 1.978408 1.027853 0.000000 
50.000000 42.328898 34.981325 28.239916 22.314134 17.322656 13.292401 10.171965 7.854233 6.201944 5.070811 4.326775 3.856243 3.569973 3.402311 3.307717 3.256271 3.229281 3.215613 3.208927 3.205765 3.204319 3.203678 3.203404 3.203289 3.203243 3.203223 3.203213 3.203202 3.203180 3.203129 3.203015 3.202762 3.202221 3.201099 3.198844 3.194461 3.186228 3.171289 3.145129 3.100972 3.029220 2.917176 2.749400 2.509141 2.181242 1.756553 1.237140 0.640493 0.000000 
50.000000 42.130692 34.593282 27.677718 21.598878 16.478501 12.344200 9.143233 6.765708 5.070811 3.910524 3.147321 2.664674 2.371038 2.199065 2.102040 2.049273 2.021591 2.007572 2.000714 1.997471 1.995988 1.995332 1.995050 1.994933 1.994885 1.994866 1.994856 1.994847 1.994831 1.994796 1.994715 1.994537 1.994158 1.993374 1.991807 1.988780 1.983128 1.972947 1.955262 1.925682 1.878104 1.804642 1.695981 1.542399 1.335604 1.071280 0.751831 0.388269 0.000000 
50.000000 42.000300 34.338006 27.307878 21.128355 15.923195 11.720461 8.466531 6.049687 4.326775 3.147321 2.371518 1.880909 1.582433 1.407627 1.309005 1.255371 1.227233 1.212985 1.206014 1.202719 1.201211 1.200544 1.200258 1.200139 1.200090 1.200071 1.200062 1.200055 1.200044 1.200020 1.199966 1.199847 1.199594 1.199074 1.198040 1.196052 1.192362 1.185759 1.174374 1.155486 1.125377 1.079338 1.011945 0.917720 0.792228 0.633492 0.443403 0.228567 0.000000 
50.000000 41.917829 34.176549 27.073963 20.830766 15.571989 11.325983 8.038566 5.596864 3.856243 2.664674 1.880909 1.385269 1.083735 0.907139 0.807510 0.753327 0.724903 0.710509 0.703468 0.700138 0.698616 0.697942 0.697652 0.697532 0.697484 0.697464 0.697456 0.697451 0.697443 0.697428 0.697393 0.697317 0.697157 0.696828 0.696177 0.694932 0.692635 0.688547 0.681546 0.670015 0.651777 0.624124 0.584002 0.528410 0.455029 0.362981 0.253542 0.130514 0.000000 
50.000000 41.867647 34.078306 26.931633 20.649696 15.358300 11.085970 7.778184 5.321364 3.569973 2.371038 1.582433 1.083735 0.780343 0.602660 0.502418 0.447902 0.419304 0.404822 0.397737 0.394388 0.392856 0.392178 0.391887 0.391766 0.391717 0.391698 0.391690 0.391685 0.391680 0.391671 0.391650 0.391603 0.391506 0.391308 0.390917 0.390171 0.388803 0.386381 0.382259 0.375512 0.364915 0.348964 0.325993 0.294405 0.253015 0.201446 0.140483 0.072238 0.000000 
50.000000 41.838251 34.020759 26.848263 20.543635 15.233136 10.945390 7.625678 5.160005 3.402311 2.199065 1.407627 0.907139 0.602660 0.424341 0.323741 0.269031 0.240331 0.225797 0.218688 0.215326 0.213789 0.213108 0.212816 0.212695 0.212646 0.212627 0.212619 0.212615 0.212612 0.212606 0.212594 0.212567 0.212511 0.212396 0.212171 0.211743 0.210962 0.209587 0.207257 0.203467 0.197550 0.188699 0.176033 0.158728 0.136190 0.108265 0.075404 0.038740 0.000000 
50.000000 41.821664 33.988286 26.801220 20.483790 15.162513 10.866070 7.539631 5.068967 3.307717 2.102040 1.309005 0.807510 0.502418 0.323741 0.222939 0.168120 0.139362 0.124799 0.117676 0.114307 0.112767 0.112085 0.111793 0.111671 0.111622 0.111603 0.111595 0.111592 0.111590 0.111586 0.111579 0.111564 0.111533 0.111469 0.111345 0.111110 0.110682 0.109931 0.108666 0.106619 0.103438 0.098707 0.091974 0.082824 0.070968 0.056345 0.039202 0.020127 0.000000 
50.000000 41.812642 33.970623 26.775631 20.451238 15.124100 10.822929 7.492831 5.019453 3.256271 2.049273 1.255371 0.753327 0.447902 0.269031 0.168120 0.113241 0.084452 0.069873 0.062742 0.059371 0.057828 0.057146 0.056853 0.056731 0.056682 0.056663 0.056656 0.056653 0.056651 0.056649 0.056645 0.056637 0.056620 0.056587 0.056521 0.056396 0.056170 0.055777 0.055115 0.054050 0.052403 0.049964 0.046510 0.041837 0.035808 0.028400 0.019742 0.010130 0.000000 
50.000000 41.807907 33.961355 26.762205 20.434159 15.103945 10.800294 7.468278 4.993476 3.229281 2.021591 1.227233 0.724903 0.419304 0.240331 0.139362 0.084452 0.055647 0.041060 0.033925 0.030551 0.029008 0.028325 0.028032 0.027911 0.027861 0.027842 0.027835 0.027832 0.027831 0.027830 0.027828 0.027823 0.027815 0.027797 0.027764 0.027700 0.027586 0.027387 0.027054 0.026519 0.025696 0.024482 0.022770 0.020463 0.017498 0.013866 0.009632 0.004940 0.000000 
50.000000 41.805509 33.956660 26.755405 20.425508 15.093738 10.788830 7.455843 4.980321 3.215613 2.007572 1.212985 0.710509 0.404822 0.225797 0.124799 0.069874 0.041060 0.026469 0.019332 0.015958 0.014414 0.013731 0.013438 0.013316 0.013267 0.013248 0.013240 0.013238 0.013237 0.013236 0.013235 0.013233 0.013228 0.013220 0.013203 0.013172 0.013116 0.013019 0.012857 0.012598 0.012201 0.011617 0.010797 0.009696 0.008284 0.006560 0.004554 0.002335 0.000000 
50.000000 41.804336 33.954363 26.752077 20.421276 15.088744 10.783221 7.449759 4.973885 3.208927 2.000714 1.206015 0.703468 0.397738 0.218688 0.117676 0.062743 0.033925 0.019332 0.012194 0.008819 0.007275 0.006592 0.006299 0.006177 0.006128 0.006109 0.006102 0.006099 0.006098 0.006097 0.006097 0.006096 0.006094 0.006090 0.006082 0.006067 0.006041 0.005995 0.005919 0.005798 0.005612 0.005341 0.004961 0.004452 0.003801 0.003008 0.002087 0.001070 0.000000 
50.000000 41.803781 33.953277 26.750504 20.419274 15.086382 10.780569 7.446883 4.970842 3.205765 1.997472 1.202719 0.700139 0.394388 0.215327 0.114308 0.059371 0.030552 0.015958 0.008819 0.005444 0.003900 0.003217 0.002924 0.002802 0.002753 0.002734 0.002727 0.002724 0.002723 0.002722 0.002722 0.002722 0.002721 0.002719 0.002715 0.002708 0.002696 0.002675 0.002641 0.002586 0.002503 0.002380 0.002210 0.001982 0.001691 0.001338 0.000928 0.000475 0.000000 
50.000000 41.803527 33.952781 26.749784 20.418359 15.085302 10.779357 7.445568 4.969451 3.204320 1.995990 1.201213 0.698617 0.392857 0.213790 0.112768 0.057830 0.029010 0.014415 0.007277 0.003901 0.002357 0.001674 0.001381 0.001259 0.001210 0.001191 0.001184 0.001181 0.001180 0.001180 0.001179 0.001179 0.001179 0.001178 0.001176 0.001173 0.001168 0.001159 0.001144 0.001120 0.001083 0.001030 0.000955 0.000856 0.000730 0.000577 0.000400 0.000205 0.000000 
50.000000 41.803415 33.952561 26.749467 20.417955 15.084826 10.778822 7.444987 4.968837 3.203682 1.995336 1.200548 0.697946 0.392182 0.213112 0.112089 0.057150 0.028329 0.013735 0.006596 0.003221 0.001677 0.000993 0.000700 0.000578 0.000529 0.000510 0.000503 0.000500 0.000499 0.000499 0.000499 0.000499 0.000498 0.000498 0.000497 0.000496 0.000494 0.000490 0.000483 0.000473 0.000457 0.000435 0.000403 0.000361 0.000308 0.000243 0.000169 0.000086 0.000000 
50.000000 41.803368 33.952469 26.749334 20.417786 15.084626 10.778597 7.444744 4.968579 3.203415 1.995061 1.200269 0.697664 0.391898 0.212828 0.111804 0.056864 0.028044 0.013449 0.006310 0.002935 0.001391 0.000708 0.000415 0.000293 0.000244 0.000224 0.000217 0.000214 0.000213 0.000213 0.000213 0.000213 0.000213 0.000213 0.000212 0.000212 0.000211 0.000209 0.000206 0.000202 0.000195 0.000185 0.000172 0.000154 0.000131 0.000104 0.000072 0.000037 0.000000 
50.000000 41.803352 33.952436 26.749286 20.417725 15.084554 10.778517 7.444656 4.968487 3.203318 1.994962 1.200169 0.697563 0.391796 0.212726 0.111702 0.056762 0.027941 0.013347 0.006208 0.002832 0.001288 0.000605 0.000312 0.000190 0.000141 0.000122 0.000115 0.000112 0.000111 0.000111 0.000110 0.000110 0.000110 0.000110 0.000110 0.000110 0.000109 0.000108 0.000107 0.000105 0.000101 0.000096 0.000089 0.000080 0.000068 0.000054 0.000037 0.000019 0.000000 
50.000000 41.803352 33.952436 26.749286 20.417725 15.084554 10.778517 7.444656 4.968487 3.203318 1.994962 1.200169 0.697563 0.391796 0.212726 0.111702 0.056762 0.027941 0.013347 0.006208 0.002832 0.001288 0.000605 0.000312 0.000190 0.000141 0.000122 0.000115 0.000112 0.000111 0.000111 0.000110 0.000110 0.000110 0.000110 0.000110 0.000110 0.000109 0.000108 0.000107 0.000105 0.000101 0.000096 0.000089 0.000080 0.000068 0.000054 0.000037 0.000019 0.000000 
50.000000 41.803368 33.952469 26.749334 20.417786 15.084626 10.778597 7.444744 4.968579 3.203415 1.995061 1.200269 0.697664 0.391898 0.212828 0.111804 0.056864 0.028044 0.013449 0.006310 0.002935 0.001391 0.000708 0.000415 0.000293 0.000244 0.000224 0.000217 0.000214 0.000213 0.000213 0.000213 0.000213 0.000213 0.000213 0.000212 0.000212 0.000211 0.000209 0.000206 0.000202 0.000195 0.000185 0.000172 0.000154 0.000131 0.000104 0.000072 0.000037 0.000000 
50.000000 41.803415 33.952561 26.749467 20.417955 15.084826 10.778822 7.444987 4.968837 3.203682 1.995336 1.200548 0.697946 0.392182 0.213112 0.112089 0.057150 0.028329 0.013735 0.006596 0.003221 0.001677 0.000993 0.000700 0.000578 0.000529 0.000510 0.000503 0.000500 0.000499 0.000499 0.000499 0.000499 0.000498 0.000498 0.000497 0.000496 0.000494 0.000490 0.000483 0.000473 0.000457 0.000435 0.000403 0.000361 0.000308 0.000243 0.000169 0.000086 0.000000 
50.000000 41.803527 33.952781 26.749784 20.418359 15.085302 10.779357 7.445568 4.969451 3.204320 1.995990 1.201213 0.698617 0.392857 0.213790 0.112768 0.057830 0.029010 0.014415 0.007277 0.003901 0.002357 0.001674 0.001381 0.001259 0.001210 0.001191 0.001184 0.001181 0.001180 0.001180 0.001179 0.001179 0.001179 0.001178 0.001176 0.001173 0.001168 0.001159 0.001144 0.001120 0.001083 0.001030 0.000955 0.000856 0.000730 0.000577 0.000400 0.000205 0.000000 
50.000000 41.803781 33.953277 26.750504 20.419274 15.086382 10.780569 7.446883 4.970842 3.205765 1.997472 1.202719 0.700139 0.394388 0.215327 0.114308 0.059371 0.030552 0.015958 0.008819 0.005444 0.003900 0.003217 0.002924 0.002802 0.002753 0.002734 0.002727 0.002724 0.002723 0.002722 0.002722 0.002722 0.002721 0.002719 0.002715 0.002708 0.002696 0.002675 0.002641 0.002586 0.002503 0.002380 0.002210 0.001982 0.001691 0.001338 0.000928 0.000475 0.000000 
50.000000 41.804336 33.954363 26.752077 20.421276 15.088744 10.783221 7.449759 4.973885 3.208927 2.000714 1.206015 0.703468 0.397738 0.218688 0.117676 0.062743 0.033925 0.019332 0.012194 0.008819 0.007275 0.006592 0.006299 0.006177 0.006128 0.006109 0.006102 0.006099 0.006098 0.006097 0.006097 0.006096 0.006094 0.006090 0.006082 0.006067 0.006041 0.005995 0.005919 0.005798 0.005612 0.005341 0.004961 0.004452 0.003801 0.003008 0.002087 0.001070 0.000000 
50.000000 41.805509 33.956660 26.755405 20.425508 15.093738 10.788830 7.455843 4.980321 3.215613 2.007572 1.212985 0.710509 0.404822 0.225797 0.124799 0.069874 0.041060 0.026469 0.019332 0.015958 0.014414 0.013731 0.013438 0.013316 0.013267 0.013248 0.013240 0.013238 0.013237 0.013236 0.013235 0.013233 0.013228 0.013220 0.013203 0.013172 0.013116 0.013019 0.012857 0.012598 0.012201 0.011617 0.010797 0.009696 0.008284 0.006560 0.004554 0.002335 0.000000 
50.000000 41.807907 33.961355 26.762205 20.434159 15.103945 10.800294 7.468278 4.993476 3.229281 2.021591 1.227233 0.724903 0.419304 0.240331 0.139362 0.084452 0.055647 0.041060 0.033925 0.030551 0.029008 0.028325 0.028032 0.027911 0.027861 0.027842 0.027835 0.027832 0.027831 0.027830 0.027828 0.027823 0.027815 0.027797 0.027764 0.027700 0.027586 0.027387 0.027054 0.026519 0.025696 0.024482 0.022770 0.020463 0.017498 0.013866 0.009632 0.004940 0.000000 
50.000000 41.812642 33.970623 26.775631 20.451238 15.124100 10.822929 7.492831 5.019453 3.256271 2.049273 1.255371 0.753327 0.447902 0.269031 0.168120 0.113241 0.084452 0.069873 0.062742 0.059371 0.057828 0.057146 0.056853 0.056731 0.056682 0.056663 0.056656 0.056653 0.056651 0.056649 0.056645 0.056637 0.056620 0.056587 0.056521 0.056396 0.056170 0.055777 0.055115 0.054050 0.052403 0.049964 0.046510 0.041837 0.035808 0.028400 0.019742 0.010130 0.000000 
50.000000 41.821664 33.988286 26.801220 20.483790 15.162513 10.866070 7.539631 5.068967 3.307717 2.102040 1.309005 0.807510 0.502418 0.323741 0.222939 0.168120 0.139362 0.124799 0.117676 0.114307 0.112767 0.112085 0.111793 0.111671 0.111622 0.111603 0.111595 0.111592 0.111590 0.111586 0.111579 0.111564 0.111533 0.111469 0.111345 0.111110 0.110682 0.109931 0.108666 0.106619 0.103438 0.098707 0.091974 0.082824 0.070968 0.056345 0.039202 0.020127 0.000000 
50.000000 41.838251 34.020759 26.848263 20.543635 15.233136 10.945390 7.625678 5.160005 3.402311 2.199065 1.407627 0.907139 0.602660 0.424341 0.323741 0.269031 0.240331 0.225797 0.218688 0.215326 0.213789 0.213108 0.212816 0.212695 0.212646 0.212627 0.212619 0.212615 0.212612 0.212606 0.212594 0.212567 0.212511 0.212396 0.212171 0.211743 0.210962 0.209587 0.207257 0.203467 0.197550 0.188699 0.176033 0.158728 0.136190 0.108265 0.075404 0.038740 0.000000 
50.000000 41.867647 34.078306 26.931633 20.649696 15.358300 11.085970 7.778184 5.321364 3.569973 2.371038 1.582433 1.083735 0.780343 0.602660 0.502418 0.447902 0.419304 0.404822 0.397737 0.394388 0.392856 0.392178 0.391887 0.391766 0.391717 0.391698 0.391690 0.391685 0.391680 0.391671 0.391650 0.391603 0.391506 0.391308 0.390917 0.390171 0.388803 0.386381 0.382259 0.375512 0.364915 0.348964 0.325993 0.294405 0.253015 0.201446 0.140483 0.072238 0.000000 
50.000000 41.917829 34.176549 27.073963 20.830766 15.571989 11.325983 8.038566 5.596864 3.856243 2.664674 1.880909 1.385269 1.083735 0.907139 0.807510 0.753327 0.724903 0.710509 0.703468 0.700138 0.698616 0.697942 0.697652 0.697532 0.697484 0.697464 0.697456 0.697451 0.697443 0.697428 0.697393 0.697317 0.697157 0.696828 0.696177 0.694932 0.692635 0.688547 0.681546 0.670015 0.651777 0.624124 0.584002 0.528410 0.455029 0.362981 0.253542 0.130514 0.000000 
50.000000 42.000300 34.338006 27.307878 21.128355 15.923195 11.720461 8.466531 6.049687 4.326775 3.147321 2.371518 1.880909 1.582433 1.407627 1.309005 1.255371 1.227233 1.212985 1.206014 1.202719 1.201211 1.200544 1.200258 1.200139 1.200090 1.200071 1.200062 1.200055 1.200044 1.200020 1.199966 1.199847 1.199594 1.199074 1.198040 1.196052 1.192362 1.185759 1.174374 1.155486 1.125377 1.079338 1.011945 0.917720 0.792228 0.633492 0.443403 0.228567 0.000000 
50.000000 42.130692 34.593282 27.677718 21.598878 16.478501 12.344200 9.143233 6.765708 5.070811 3.910524 3.147321 2.664674 2.371038 2.199065 2.102040 2.049273 2.021591 2.007572 2.000714 1.997471 1.995988 1.995332 1.995050 1.994933 1.994885 1.994866 1.994856 1.994847 1.994831 1.994796 1.994715 1.994537 1.994158 1.993374 1.991807 1.988780 1.983128 1.972947 1.955262 1.925682 1.878104 1.804642 1.695981 1.542399 1.335604 1.071280 0.751831 0.388269 0.000000 
50.000000 42.328898 34.981325 28.239916 22.314134 17.322656 13.292401 10.171965 7.854233 6.201944 5.070811 4.326775 3.856243 3.569973 3.402311 3.307717 3.256271 3.229281 3.215613 3.208927 3.205765 3.204319 3.203678 3.203404 3.203289 3.203243 3.203223 3.203213 3.203202 3.203180 3.203129 3.203015 3.202762 3.202221 3.201099 3.198844 3.194461 3.186228 3.171289 3.145129 3.100972 3.029220 2.917176 2.749400 2.509141 2.181242 1.756553 1.237140 0.640493 0.000000 
50.000000 42.618394 35.548094 29.061063 23.358854 18.555665 14.677409 11.674629 9.444261 7.854233 6.765708 6.049687 5.596864 5.321364 5.160005 5.068967 5.019453 4.993476 4.980321 4.973885 4.970842 4.969450 4.968833 4.968569 4.968459 4.968414 4.968395 4.968383 4.968369 4.968340 4.968273 4.968120 4.967780 4.967050 4.965528 4.962455 4.956448 4.945087 4.924310 4.887604 4.825013 4.722131 4.559374 4.312108 3.952376 3.453134 2.795497 1.978408 1.027853 0.000000 
50.000000 43.024441 36.343051 30.212823 24.824219 20.285158 16.620133 13.782418 11.674629 10.171965 9.143233 8.466531 8.038566 7.778184 7.625678 7.539631 7.492831 7.468278 7.455843 7.449759 7.446882 7.445566 7.444984 7.444734 7.444630 7.444587 7.444568 7.444556 7.444539 7.444503 7.444418 7.444225 7.443795 7.442867 7.440924 7.436979 7.429220 7.414442 7.387193 7.338591 7.254789 7.115254 6.891209 6.544997 6.031605 5.304067 4.324506 3.081330 1.609060 0.000000 
50.000000 43.571066 37.413236 31.763356 26.796959 22.613508 19.235584 16.620133 14.677409 13.292401 12.344200 11.720461 11.325983 11.085970 10.945390 10.866070 10.822929 10.800294 10.788830 10.783221 10.780569 10.779356 10.778819 10.778588 10.778492 10.778452 10.778435 10.778422 10.778403 10.778360 10.778261 10.778033 10.777523 10.776419 10.774096 10.769357 10.759977 10.741981 10.708516 10.648219 10.543001 10.365301 10.075136 9.617792 8.923839 7.914398 6.515905 4.688575 2.467636 0.000000 
50.000000 44.277015 38.795354 33.765846 29.344747 25.620598 22.613508 20.285158 18.555665 17.322656 16.478501 15.923195 15.571989 15.358300 15.233136 15.162513 15.124100 15.103945 15.093738 15.088744 15.086382 15.085301 15.084823 15.084618 15.084532 15.084496 15.084480 15.084468 15.084447 15.084401 15.084292 15.084042 15.083482 15.082263 15.079689 15.074408 15.063895 15.043579 15.005475 14.936102 14.813515 14.603289 14.253553 13.689670 12.810299 11.488827 9.588098 7.001362 3.732233 0.000000 
50.000000 45.151278 40.507006 36.245799 32.500040 29.344747 26.796959 24.824219 23.358854 22.314134 21.598878 21.128355 20.830766 20.649696 20.543635 20.483790 20.451238 20.434159 20.425508 20.421276 20.419274 20.418358 20.417953 20.417779 20.417706 20.417676 20.417662 20.417650 20.417630 20.417584 20.417475 20.417224 20.416661 20.415431 20.412822 20.407445 20.396681 20.375737 20.336127 20.263274 20.132892 19.905720 19.520152 18.882561 17.855919 16.250020 13.823760 10.326077 5.628248 0.000000 
50.000000 46.189131 42.538945 39.189820 36.245799 33.765846 31.763356 30.212823 29.061063 28.239916 27.677718 27.307878 27.073963 26.931633 26.848263 26.801220 26.775631 26.762205 26.755404 26.752077 26.750504 26.749784 26.749465 26.749328 26.749271 26.749247 26.749236 26.749226 26.749208 26.749167 26.749069 26.748845 26.748339 26.747232 26.744875 26.739998 26.730187 26.710982 26.674386 26.606438 26.483363 26.265566 25.888316 25.247451 24.177749 22.422040 19.594910 15.171226 8.618272 0.000000 
50.000000 47.369789 44.850475 42.538945 40.507006 38.795354 37.413236 36.343051 35.548094 34.981325 34.593282 34.338006 34.176549 34.078306 34.020759 33.988286 33.970623 33.961355 33.956660 33.954363 33.953277 33.952780 33.952560 33.952465 33.952426 33.952409 33.952401 33.952394 33.952381 33.952350 33.952276 33.952106 33.951722 33.950880 33.949084 33.945355 33.937822 33.923007 33.894603 33.841451 33.744185 33.569686 33.261720 32.724661 31.793991 30.180929 27.367719 22.425238 13.816417 0.000000 
50.000000 48.656574 47.369789 46.189131 45.151278 44.277015 43.571066 43.024441 42.618394 42.328898 42.130692 42.000300 41.917829 41.867647 41.838251 41.821664 41.812642 41.807907 41.805509 41.804336 41.803781 41.803527 41.803415 41.803366 41.803346 41.803338 41.803334 41.803330 41.803323 41.803306 41.803266 41.803174 41.802967 41.802511 41.801537 41.799511 41.795409 41.787315 41.771734 41.742423 41.688405 41.590541 41.415380 41.103429 40.544782 39.523030 37.570859 33.553372 24.328287 0.000000 
50.000000 50.000000 50.000000 50.000000 50.000000 50.000000 50.000000 50.000000 50.000000 50.000000 50.000000 50.000000 50.000000 50.000000 50.000000 50.000000 50.000000 50.000000 50.000000 50.000000 50.000000 50.000000 50.000000 50.000000 50.000000 50.000000 50.000000 50.000000 50.000000 50.000000 50.000000 50.000000 50.000000 50.000000 50.000000 50.000000 50.000000 50.000000 50.000000 50.000000 50.000000 50.000000 50.000000 50.000000 50.000000 50.000000 50.000000 50.000000 50.000000 50.000000 
