50.000000 50.000000 50.000000 50.000000 50.000000 50.000000 50.000000 50.000000 50.000000 50.000000 50.000000 50.000000 50.000000 50.000000 50.000000 50.000000 50.000000 50.000000 50.000000 50.000000 50.000000 50.000000 50.000000 50.000000 50.000000 50.000000 50.000000 50.000000 50.000000 50.000000 50.000000 50.000000 50.000000 50.000000 50.000000 50.000000 50.000000 50.000000 50.000000 50.000000 50.000000 50.000000 50.000000 50.000000 50.000000 50.000000 50.000000 50.000000 50.000000 50.000000 
50.000000 47.364526 44.946745 42.910549 41.334326 40.210789 39.471724 39.021958 38.768059 38.634734 38.569428 38.539507 38.526649 38.521453 38.519474 38.518761 38.518518 38.518440 38.518416 38.518409 38.518407 38.518406 38.518406 38.518406 38.518406 38.518406 38.518406 38.518406 38.518406 38.518406 38.518406 38.518405 38.518404 38.518400 38.518384 38.518332 38.518169 38.517683 38.516294 38.512507 38.502633 38.477998 38.418994 38.282663 37.976268 37.297637 35.786134 32.301607 23.682263 0.000000 
50.000000 44.946745 40.310923 36.406794 33.384656 31.230519 29.813562 28.951287 28.464539 28.208953 28.083766 28.026411 28.001766 27.991807 27.988014 27.986649 27.986183 27.986033 27.985986 27.985973 27.985969 27.985968 27.985968 27.985968 27.985968 27.985968 27.985968 27.985968 27.985968 27.985968 27.985968 27.985967 27.985965 27.985957 27.985929 27.985841 27.985563 27.984736 27.982385 27.976009 27.959513 27.918785 27.822687 27.605503 27.133712 26.144151 24.130989 20.155462 12.645139 0.000000 
50.000000 42.910549 36.406794 30.929658 26.689991 23.668122 21.680471 20.470967 19.788248 19.429782 19.254216 19.173786 19.139227 19.125264 19.119946 19.118032 19.117379 19.117168 19.117103 19.117084 19.117079 19.117078 19.117077 19.117077 19.117077 19.117077 19.117077 19.117077 19.117077 19.117077 19.117077 19.117076 19.117074 19.117064 19.117033 19.116929 19.116609 19.115658 19.112971 19.105742 19.087235 19.042170 18.937817 18.708020 18.226800 17.269271 15.464829 12.275804 7.124414 0.000000 
50.000000 41.334326 33.384656 26.689991 21.508043 17.814709 15.385522 13.907426 13.073154 12.635146 12.420639 12.322378 12.280161 12.263106 12.256610 12.254273 12.253476 12.253218 12.253139 12.253116 12.253110 12.253108 12.253107 12.253107 12.253107 12.253107 12.253107 12.253107 12.253107 12.253107 12.253107 12.253106 12.253104 12.253095 12.253065 12.252969 12.252670 12.251788 12.249317 12.242727 12.226050 12.186041 12.095172 11.900101 11.505182 10.754022 9.420720 7.240505 4.036689 0.000000 
50.000000 40.210789 31.230519 23.668122 17.814709 13.642980 10.899287 9.229923 8.287759 7.793143 7.550934 7.439991 7.392331 7.373078 7.365746 7.363108 7.362209 7.361919 7.361829 7.361803 7.361796 7.361794 7.361793 7.361793 7.361793 7.361793 7.361793 7.361793 7.361793 7.361793 7.361793 7.361792 7.361790 7.361783 7.361759 7.361682 7.361443 7.360745 7.358802 7.353669 7.340830 7.310471 7.242768 7.100742 6.821490 6.309527 5.441322 4.096807 2.234521 0.000000 
50.000000 39.471724 29.813562 21.680471 15.385522 10.899287 7.948887 6.153854 5.140828 4.609046 4.348656 4.229396 4.178166 4.157473 4.149594 4.146759 4.145793 4.145481 4.145385 4.145357 4.145349 4.145347 4.145346 4.145346 4.145346 4.145346 4.145346 4.145346 4.145346 4.145346 4.145346 4.145346 4.145344 4.145339 4.145322 4.145268 4.145100 4.144613 4.143268 4.139746 4.131034 4.110709 4.066120 3.974443 3.798545 3.485422 2.972451 2.208059 1.189061 0.000000 
50.000000 39.021958 28.951287 20.470967 13.907426 9.229923 6.153854 4.282449 3.226374 2.672026 2.400603 2.276296 2.222903 2.201338 2.193127 2.190173 2.189166 2.188841 2.188741 2.188712 2.188704 2.188701 2.188701 2.188701 2.188701 2.188701 2.188701 2.188701 2.188701 2.188701 2.188701 2.188700 2.188699 2.188696 2.188685 2.188651 2.188546 2.188241 2.187406 2.185238 2.179929 2.167690 2.141224 2.087734 1.987155 1.812254 1.533149 1.128600 0.602964 0.000000 
50.000000 38.768059 28.464539 19.788248 13.073154 8.287759 5.140828 3.226374 2.146047 1.578992 1.301358 1.174215 1.119605 1.097549 1.089152 1.086132 1.085102 1.084770 1.084667 1.084638 1.084629 1.084627 1.084626 1.084626 1.084626 1.084626 1.084626 1.084626 1.084626 1.084626 1.084626 1.084626 1.084625 1.084624 1.084617 1.084598 1.084538 1.084365 1.083894 1.082681 1.079737 1.073024 1.058684 1.030118 0.977288 0.887113 0.746078 0.545754 0.290061 0.000000 
50.000000 38.634734 28.208953 19.429782 12.635146 7.793143 4.609046 2.672026 1.578992 1.005282 0.724399 0.595771 0.540526 0.518214 0.509720 0.506664 0.505623 0.505287 0.505183 0.505153 0.505145 0.505142 0.505142 0.505142 0.505142 0.505142 0.505142 0.505142 0.505142 0.505142 0.505141 0.505141 0.505141 0.505140 0.505137 0.505126 0.505095 0.505005 0.504762 0.504140 0.502641 0.499254 0.492098 0.478012 0.452314 0.409096 0.342547 0.249440 0.132101 0.000000 
50.000000 38.569428 28.083766 19.254216 12.420639 7.550934 4.348656 2.400603 1.301358 0.724399 0.441930 0.312578 0.257023 0.234587 0.226045 0.222973 0.221926 0.221588 0.221484 0.221453 0.221445 0.221442 0.221442 0.221442 0.221442 0.221442 0.221442 0.221442 0.221442 0.221442 0.221442 0.221441 0.221441 0.221441 0.221439 0.221434 0.221419 0.221376 0.221260 0.220965 0.220259 0.218677 0.215364 0.208910 0.197265 0.177913 0.148474 0.107758 0.056922 0.000000 
50.000000 38.539507 28.026411 19.173786 12.322378 7.439991 4.229396 2.276296 1.174215 0.595771 0.312578 0.182896 0.127199 0.104706 0.096144 0.093063 0.092014 0.091675 0.091571 0.091540 0.091531 0.091529 0.091529 0.091528 0.091528 0.091528 0.091528 0.091528 0.091528 0.091528 0.091528 0.091528 0.091528 0.091528 0.091527 0.091525 0.091518 0.091499 0.091448 0.091318 0.091009 0.090321 0.088891 0.086128 0.081189 0.073061 0.060815 0.044026 0.023213 0.000000 
50.000000 38.526649 28.001766 19.139227 12.280161 7.392331 4.178166 2.222903 1.119605 0.540526 0.257023 0.127199 0.071443 0.048926 0.040354 0.037270 0.036220 0.035880 0.035776 0.035745 0.035737 0.035734 0.035734 0.035734 0.035734 0.035734 0.035734 0.035734 0.035734 0.035734 0.035734 0.035734 0.035734 0.035733 0.035733 0.035732 0.035729 0.035721 0.035700 0.035647 0.035520 0.035240 0.034662 0.033553 0.031585 0.028373 0.023569 0.017030 0.008966 0.000000 
50.000000 38.521453 27.991807 19.125264 12.263106 7.373078 4.157473 2.201338 1.097549 0.518214 0.234587 0.104706 0.048926 0.026399 0.017823 0.014738 0.013687 0.013348 0.013243 0.013213 0.013204 0.013202 0.013201 0.013201 0.013201 0.013201 0.013201 0.013201 0.013201 0.013201 0.013201 0.013201 0.013201 0.013201 0.013201 0.013200 0.013199 0.013196 0.013188 0.013167 0.013119 0.013012 0.012792 0.012373 0.011634 0.010436 0.008655 0.006244 0.003284 0.000000 
50.000000 38.519474 27.988014 19.119946 12.256610 7.365746 4.149594 2.193127 1.089152 0.509720 0.226045 0.096144 0.040354 0.017823 0.009246 0.006160 0.005109 0.004770 0.004665 0.004635 0.004626 0.004624 0.004623 0.004623 0.004623 0.004623 0.004623 0.004623 0.004623 0.004623 0.004623 0.004623 0.004623 0.004623 0.004623 0.004623 0.004622 0.004621 0.004618 0.004611 0.004593 0.004555 0.004476 0.004327 0.004064 0.003641 0.003016 0.002173 0.001142 0.000000 
50.000000 38.518761 27.986649 19.118032 12.254273 7.363108 4.146759 2.190173 1.086132 0.506664 0.222973 0.093063 0.037270 0.014738 0.006160 0.003075 0.002024 0.001684 0.001580 0.001549 0.001541 0.001538 0.001538 0.001538 0.001538 0.001538 0.001538 0.001538 0.001538 0.001538 0.001538 0.001538 0.001538 0.001538 0.001538 0.001537 0.001537 0.001537 0.001536 0.001533 0.001527 0.001514 0.001487 0.001437 0.001349 0.001207 0.000999 0.000719 0.000378 0.000000 
50.000000 38.518518 27.986183 19.117379 12.253476 7.362209 4.145793 2.189166 1.085102 0.505623 0.221926 0.092014 0.036220 0.013687 0.005109 0.002024 0.000973 0.000633 0.000529 0.000498 0.000489 0.000487 0.000487 0.000486 0.000486 0.000486 0.000486 0.000486 0.000486 0.000486 0.000486 0.000486 0.000486 0.000486 0.000486 0.000486 0.000486 0.000486 0.000486 0.000485 0.000483 0.000479 0.000470 0.000454 0.000426 0.000381 0.000315 0.000227 0.000119 0.000000 
50.000000 38.518440 27.986033 19.117168 12.253218 7.361919 4.145481 2.188841 1.084770 0.505287 0.221588 0.091675 0.035880 0.013348 0.004770 0.001684 0.000633 0.000293 0.000189 0.000158 0.000150 0.000147 0.000147 0.000147 0.000147 0.000147 0.000147 0.000147 0.000147 0.000147 0.000147 0.000147 0.000147 0.000147 0.000147 0.000147 0.000147 0.000147 0.000146 0.000146 0.000146 0.000144 0.000142 0.000137 0.000128 0.000115 0.000095 0.000068 0.000036 0.000000 
50.000000 38.518416 27.985986 19.117103 12.253139 7.361829 4.145385 2.188741 1.084667 0.505183 0.221484 0.091571 0.035776 0.013243 0.004665 0.001580 0.000529 0.000189 0.000084 0.000054 0.000045 0.000043 0.000042 0.000042 0.000042 0.000042 0.000042 0.000042 0.000042 0.000042 0.000042 0.000042 0.000042 0.000042 0.000042 0.000042 0.000042 0.000042 0.000042 0.000042 0.000042 0.000042 0.000041 0.000039 0.000037 0.000033 0.000027 0.000020 0.000010 0.000000 
50.000000 38.518409 27.985973 19.117084 12.253116 7.361803 4.145357 2.188712 1.084638 0.505153 0.221453 0.091540 0.035745 0.013213 0.004635 0.001549 0.000498 0.000158 0.000054 0.000023 0.000015 0.000012 0.000012 0.000012 0.000012 0.000012 0.000012 0.000012 0.000012 0.000012 0.000012 0.000012 0.000012 0.000012 0.000012 0.000012 0.000012 0.000012 0.000012 0.000012 0.000012 0.000011 0.000011 0.000011 0.000010 0.000009 0.000007 0.000005 0.000003 0.000000 
50.000000 38.518407 27.985969 19.117079 12.253110 7.361796 4.145349 2.188704 1.084629 0.505145 0.221445 0.091531 0.035737 0.013204 0.004626 0.001541 0.000489 0.000150 0.000045 0.000015 0.000006 0.000004 0.000003 0.000003 0.000003 0.000003 0.000003 0.000003 0.000003 0.000003 0.000003 0.000003 0.000003 0.000003 0.000003 0.000003 0.000003 0.000003 0.000003 0.000003 0.000003 0.000003 0.000003 0.000003 0.000003 0.000002 0.000002 0.000001 0.000001 0.000000 
50.000000 38.518406 27.985968 19.117078 12.253108 7.361794 4.145347 2.188701 1.084627 0.505142 0.221442 0.091529 0.035734 0.013202 0.004624 0.001538 0.000487 0.000147 0.000043 0.000012 0.000004 0.000002 0.000001 0.000001 0.000001 0.000001 0.000001 0.000001 0.000001 0.000001 0.000001 0.000001 0.000001 0.000001 0.000001 0.000001 0.000001 0.000001 0.000001 0.000001 0.000001 0.000001 0.000001 0.000001 0.000001 0.000001 0.000000 0.000000 0.000000 0.000000 
50.000000 38.518406 27.985968 19.117077 12.253107 7.361793 4.145346 2.188701 1.084626 0.505142 0.221442 0.091529 0.035734 0.013201 0.004623 0.001538 0.000487 0.000147 0.000042 0.000012 0.000003 0.000001 0.000000 0.000000 0.000000 0.000000 0.000000 0.000000 0.000000 0.000000 0.000000 0.000000 0.000000 0.000000 0.000000 0.000000 0.000000 0.000000 0.000000 0.000000 0.000000 0.000000 0.000000 0.000000 0.000000 0.000000 0.000000 0.000000 0.000000 0.000000 
50.000000 38.518406 27.985968 19.117077 12.253107 7.361793 4.145346 2.188701 1.084626 0.505142 0.221442 0.091528 0.035734 0.013201 0.004623 0.001538 0.000486 0.000147 0.000042 0.000012 0.000003 0.000001 0.000000 0.000000 0.000000 0.000000 0.000000 0.000000 0.000000 0.000000 0.000000 0.000000 0.000000 0.000000 0.000000 0.000000 0.000000 0.000000 0.000000 0.000000 0.000000 0.000000 0.000000 0.000000 0.000000 0.000000 0.000000 0.000000 0.000000 0.000000 
50.000000 38.518406 27.985968 19.117077 12.253107 7.361793 4.145346 2.188701 1.084626 0.505142 0.221442 0.091528 0.035734 0.013201 0.004623 0.001538 0.000486 0.000147 0.000042 0.000012 0.000003 0.000001 0.000000 0.000000 0.000000 0.000000 0.000000 0.000000 0.000000 0.000000 0.000000 0.000000 0.000000 0.000000 0.000000 0.000000 0.000000 0.000000 0.000000 0.000000 0.000000 0.000000 0.000000 0.000000 0.000000 0.000000 0.000000 0.000000 0.000000 0.000000 
50.000000 38.518406 27.985968 19.117077 12.253107 7.361793 4.145346 2.188701 1.084626 0.505142 0.221442 0.091528 0.035734 0.013201 0.004623 0.001538 0.000486 0.000147 0.000042 0.000012 0.000003 0.000001 0.000000 0.000000 0.000000 0.000000 0.000000 0.000000 0.000000 0.000000 0.000000 0.000000 0.000000 0.000000 0.000000 0.000000 0.000000 0.000000 0.000000 0.000000 0.000000 0.000000 0.000000 0.000000 0.000000 0.000000 0.000000 0.000000 0.000000 0.000000 
50.000000 38.518406 27.985968 19.117077 12.253107 7.361793 4.145346 2.188701 1.084626 0.505142 0.221442 0.091528 0.035734 0.013201 0.004623 0.001538 0.000486 0.000147 0.000042 0.000012 0.000003 0.000001 0.000000 0.000000 0.000000 0.000000 0.000000 0.000000 0.000000 0.000000 0.000000 0.000000 0.000000 0.000000 0.000000 0.000000 0.000000 0.000000 0.000000 0.000000 0.000000 0.000000 0.000000 0.000000 0.000000 0.000000 0.000000 0.000000 0.000000 0.000000 
50.000000 38.518406 27.985968 19.117077 12.253107 7.361793 4.145346 2.188701 1.084626 0.505142 0.221442 0.091529 0.035734 0.013201 0.004623 0.001538 0.000487 0.000147 0.000042 0.000012 0.000003 0.000001 0.000000 0.000000 0.000000 0.000000 0.000000 0.000000 0.000000 0.000000 0.000000 0.000000 0.000000 0.000000 0.000000 0.000000 0.000000 0.000000 0.000000 0.000000 0.000000 0.000000 0.000000 0.000000 0.000000 0.000000 0.000000 0.000000 0.000000 0.000000 
50.000000 38.518406 27.985968 19.117078 12.253108 7.361794 4.145347 2.188701 1.084627 0.505142 0.221442 0.091529 0.035734 0.013202 0.004624 0.001538 0.000487 0.000147 0.000043 0.000012 0.000004 0.000002 0.000001 0.000001 0.000001 0.000001 0.000001 0.000001 0.000001 0.000001 0.000001 0.000001 0.000001 0.000001 0.000001 0.000001 0.000001 0.000001 0.000001 0.000001 0.000001 0.000001 0.000001 0.000001 0.000001 0.000001 0.000000 0.000000 0.000000 0.000000 
50.000000 38.518407 27.985969 19.117079 12.253110 7.361796 4.145349 2.188704 1.084629 0.505145 0.221445 0.091531 0.035737 0.013204 0.004626 0.001541 0.000489 0.000150 0.000045 0.000015 0.000006 0.000004 0.000003 0.000003 0.000003 0.000003 0.000003 0.000003 0.000003 0.000003 0.000003 0.000003 0.000003 0.000003 0.000003 0.000003 0.000003 0.000003 0.000003 0.000003 0.000003 0.000003 0.000003 0.000003 0.000003 0.000002 0.000002 0.000001 0.000001 0.000000 
50.000000 38.518409 27.985973 19.117084 12.253116 7.361803 4.145357 2.188712 1.084638 0.505153 0.221453 0.091540 0.035745 0.013213 0.004635 0.001549 0.000498 0.000158 0.000054 0.000023 0.000015 0.000012 0.000012 0.000012 0.000012 0.000012 0.000012 0.000012 0.000012 0.000012 0.000012 0.000012 0.000012 0.000012 0.000012 0.000012 0.000012 0.000012 0.000012 0.000012 0.000012 0.000011 0.000011 0.000011 0.000010 0.000009 0.000007 0.000005 0.000003 0.000000 
50.000000 38.518416 27.985986 19.117103 12.253139 7.361829 4.145385 2.188741 1.084667 0.505183 0.221484 0.091571 0.035776 0.013243 0.004665 0.001580 0.000529 0.000189 0.000084 0.000054 0.000045 0.000043 0.000042 0.000042 0.000042 0.000042 0.000042 0.000042 0.000042 0.000042 0.000042 0.000042 0.000042 0.000042 0.000042 0.000042 0.000042 0.000042 0.000042 0.000042 0.000042 0.000042 0.000041 0.000039 0.000037 0.000033 0.000027 0.000020 0.000010 0.000000 
50.000000 38.518440 27.986033 19.117168 12.253218 7.361919 4.145481 2.188841 1.084770 0.505287 0.221588 0.091675 0.035880 0.013348 0.004770 0.001684 0.000633 0.000293 0.000189 0.000158 0.000150 0.000147 0.000147 0.000147 0.000147 0.000147 0.000147 0.000147 0.000147 0.000147 0.000147 0.000147 0.000147 0.000147 0.000147 0.000147 0.000147 0.000147 0.000146 0.000146 0.000146 0.000144 0.000142 0.000137 0.000128 0.000115 0.000095 0.000068 0.000036 0.000000 
50.000000 38.518518 27.986183 19.117379 12.253476 7.362209 4.145793 2.189166 1.085102 0.505623 0.221926 0.092014 0.036220 0.013687 0.005109 0.002024 0.000973 0.000633 0.000529 0.000498 0.000489 0.000487 0.000487 0.000486 0.000486 0.000486 0.000486 0.000486 0.000486 0.000486 0.000486 0.000486 0.000486 0.000486 0.000486 0.000486 0.000486 0.000486 0.000486 0.000485 0.000483 0.000479 0.000470 0.000454 0.000426 0.000381 0.000315 0.000227 0.000119 0.000000 
50.000000 38.518761 27.986649 19.118032 12.254273 7.363108 4.146759 2.190173 1.086132 0.506664 0.222973 0.093063 0.037270 0.014738 0.006160 0.003075 0.002024 0.001684 0.001580 0.001549 0.001541 0.001538 0.001538 0.001538 0.001538 0.001538 0.001538 0.001538 0.001538 0.001538 0.001538 0.001538 0.001538 0.001538 0.001538 0.001537 0.001537 0.001537 0.001536 0.001533 0.001527 0.001514 0.001487 0.001437 0.001349 0.001207 0.000999 0.000719 0.000378 0.000000 
50.000000 38.519474 27.988014 19.119946 12.256610 7.365746 4.149594 2.193127 1.089152 0.509720 0.226045 0.096144 0.040354 0.017823 0.009246 0.006160 0.005109 0.004770 0.004665 0.004635 0.004626 0.004624 0.004623 0.004623 0.004623 0.004623 0.004623 0.004623 0.004623 0.004623 0.004623 0.004623 0.004623 0.004623 0.004623 0.004623 0.004622 0.004621 0.004618 0.004611 0.004593 0.004555 0.004476 0.004327 0.004064 0.003641 0.003016 0.002173 0.001142 0.000000 
50.000000 38.521453 27.991807 19.125264 12.263106 7.373078 4.157473 2.201338 1.097549 0.518214 0.234587 0.104706 0.048926 0.026399 0.017823 0.014738 0.013687 0.013348 0.013243 0.013213 0.013204 0.013202 0.013201 0.013201 0.013201 0.013201 0.013201 0.013201 0.013201 0.013201 0.013201 0.013201 0.013201 0.013201 0.013201 0.013200 0.013199 0.013196 0.013188 0.013167 0.013119 0.013012 0.012792 0.012373 0.011634 0.010436 0.008655 0.006244 0.003284 0.000000 
50.000000 38.526649 28.001766 19.139227 12.280161 7.392331 4.178166 2.222903 1.119605 0.540526 0.257023 0.127199 0.071443 0.048926 0.040354 0.037270 0.036220 0.035880 0.035776 0.035745 0.035737 0.035734 0.035734 0.035734 0.035734 0.035734 0.035734 0.035734 0.035734 0.035734 0.035734 0.035734 0.035734 0.035733 0.035733 0.035732 0.035729 0.035721 0.035700 0.035647 0.035520 0.035240 0.034662 0.033553 0.031585 0.028373 0.023569 0.017030 0.008966 0.000000 
50.000000 38.539507 28.026411 19.173786 12.322378 7.439991 4.229396 2.276296 1.174215 0.595771 0.312578 0.182896 0.127199 0.104706 0.096144 0.093063 0.092014 0.091675 0.091571 0.091540 0.091531 0.091529 0.091529 0.091528 0.091528 0.091528 0.091528 0.091528 0.091528 0.091528 0.091528 0.091528 0.091528 0.091528 0.091527 0.091525 0.091518 0.091499 0.091448 0.091318 0.091009 0.090321 0.088891 0.086128 0.081189 0.073061 0.060815 0.044026 0.023213 0.000000 
50.000000 38.569428 28.083766 19.254216 12.420639 7.550934 4.348656 2.400603 1.301358 0.724399 0.441930 0.312578 0.257023 0.234587 0.226045 0.222973 0.221926 0.221588 0.221484 0.221453 0.221445 0.221442 0.221442 0.221442 0.221442 0.221442 0.221442 0.221442 0.221442 0.221442 0.221442 0.221441 0.221441 0.221441 0.221439 0.221434 0.221419 0.221376 0.221260 0.220965 0.220259 0.218677 0.215364 0.208910 0.197265 0.177913 0.148474 0.107758 0.056922 0.000000 
50.000000 38.634734 28.208953 19.429782 12.635146 7.793143 4.609046 2.672026 1.578992 1.005282 0.724399 0.595771 0.540526 0.518214 0.509720 0.506664 0.505623 0.505287 0.505183 0.505153 0.505145 0.505142 0.505142 0.505142 0.505142 0.505142 0.505142 0.505142 0.505142 0.505142 0.505141 0.505141 0.505141 0.505140 0.505137 0.505126 0.505095 0.505005 0.504762 0.504140 0.502641 0.499254 0.492098 0.478012 0.452314 0.409096 0.342547 0.249440 0.132101 0.000000 
50.000000 38.768059 28.464539 19.788248 13.073154 8.287759 5.140828 3.226374 2.146047 1.578992 1.301358 1.174215 1.119605 1.097549 1.089152 1.086132 1.085102 1.084770 1.084667 1.084638 1.084629 1.084627 1.084626 1.084626 1.084626 1.084626 1.084626 1.084626 1.084626 1.084626 1.084626 1.084626 1.084625 1.084624 1.084617 1.084598 1.084538 1.084365 1.083894 1.082681 1.079737 1.073024 1.058684 1.030118 0.977288 0.887113 0.746078 0.545754 0.290061 0.000000 
50.000000 39.021958 28.951287 20.470967 13.907426 9.229923 6.153854 4.282449 3.226374 2.672026 2.400603 2.276296 2.222903 2.201338 2.193127 2.190173 2.189166 2.188841 2.188741 2.188712 2.188704 2.188701 2.188701 2.188701 2.188701 2.188701 2.188701 2.188701 2.188701 2.188701 2.188701 2.188700 2.188699 2.188696 2.188685 2.188651 2.188546 2.188241 2.187406 2.185238 2.179929 2.167690 2.141224 2.087734 1.987155 1.812254 1.533149 1.128600 0.602964 0.000000 
50.000000 39.471724 29.813562 21.680471 15.385522 10.899287 7.948887 6.153854 5.140828 4.609046 4.348656 4.229396 4.178166 4.157473 4.149594 4.146759 4.145793 4.145481 4.145385 4.145357 4.145349 4.145347 4.145346 4.145346 4.145346 4.145346 4.145346 4.145346 4.145346 4.145346 4.145346 4.145346 4.145344 4.145339 4.145322 4.145268 4.145100 4.144613 4.143268 4.139746 4.131034 4.110709 4.066120 3.974443 3.798545 3.485422 2.972451 2.208059 1.189061 0.000000 
50.000000 40.210789 31.230519 23.668122 17.814709 13.642980 10.899287 9.229923 8.287759 7.793143 7.550934 7.439991 7.392331 7.373078 7.365746 7.363108 7.362209 7.361919 7.361829 7.361803 7.361796 7.361794 7.361793 7.361793 7.361793 7.361793 7.361793 7.361793 7.361793 7.361793 7.361793 7.361792 7.361790 7.361783 7.361759 7.361682 7.361443 7.360745 7.358802 7.353669 7.340830 7.310471 7.242768 7.100742 6.821490 6.309527 5.441322 4.096807 2.234521 0.000000 
50.000000 41.334326 33.384656 26.689991 21.508043 17.814709 15.385522 13.907426 13.073154 12.635146 12.420639 12.322378 12.280161 12.263106 12.256610 12.254273 12.253476 12.253218 12.253139 12.253116 12.253110 12.253108 12.253107 12.253107 12.253107 12.253107 12.253107 12.253107 12.253107 12.253107 12.253107 12.253106 12.253104 12.253095 12.253065 12.252969 12.252670 12.251788 12.249317 12.242727 12.226050 12.186041 12.095172 11.900101 11.505182 10.754022 9.420720 7.240505 4.036689 0.000000 
50.000000 42.910549 36.406794 30.929658 26.689991 23.668122 21.680471 20.470967 19.788248 19.429782 19.254216 19.173786 19.139227 19.125264 19.119946 19.118032 19.117379 19.117168 19.117103 19.117084 19.117079 19.117078 19.117077 19.117077 19.117077 19.117077 19.117077 19.117077 19.117077 19.117077 19.117077 19.117076 19.117074 19.117064 19.117033 19.116929 19.116609 19.115658 19.112971 19.105742 19.087235 19.042170 18.937817 18.708020 18.226800 17.269271 15.464829 12.275804 7.124414 0.000000 
50.000000 44.946745 40.310923 36.406794 33.384656 31.230519 29.813562 28.951287 28.464539 28.208953 28.083766 28.026411 28.001766 27.991807 27.988014 27.986649 27.986183 27.986033 27.985986 27.985973 27.985969 27.985968 27.985968 27.985968 27.985968 27.985968 27.985968 27.985968 27.985968 27.985968 27.985968 27.985967 27.985965 27.985957 27.985929 27.985841 27.985563 27.984736 27.982385 27.976009 27.959513 27.918785 27.822687 27.605503 27.133712 26.144151 24.130989 20.155462 12.645139 0.000000 
50.000000 47.364526 44.946745 42.910549 41.334326 40.210789 39.471724 39.021958 38.768059 38.634734 38.569428 38.539507 38.526649 38.521453 38.519474 38.518761 38.518518 38.518440 38.518416 38.518409 38.518407 38.518406 38.518406 38.518406 38.518406 38.518406 38.518406 38.518406 38.518406 38.518406 38.518406 38.518405 38.518404 38.518400 38.518384 38.518332 38.518169 38.517683 38.516294 38.512507 38.502633 38.477998 38.418994 38.282663 37.976268 37.297637 35.786134 32.301607 23.682263 0.000000 
50.000000 50.000000 50.000000 50.000000 50.000000 50.000000 50.000000 50.000000 50.000000 50.000000 50.000000 50.000000 50.000000 50.000000 50.000000 50.000000 50.000000 50.000000 50.000000 50.000000 50.000000 50.000000 50.000000 50.000000 50.000000 50.000000 50.000000 50.000000 50.000000 50.000000 50.000000 50.000000 50.000000 50.000000 50.000000 50.000000 50.000000 50.000000 50.000000 50.000000 50.000000 50.000000 50.000000 50.000000 50.000000 50.000000 50.000000 50.000000 50.000000 50.000000 
