50.000000 50.000000 50.000000 50.000000 50.000000 50.000000 50.000000 50.000000 50.000000 50.000000 50.000000 50.000000 50.000000 50.000000 50.000000 50.000000 50.000000 50.000000 50.000000 50.000000 50.000000 50.000000 50.000000 50.000000 50.000000 50.000000 50.000000 50.000000 50.000000 50.000000 50.000000 50.000000 50.000000 50.000000 50.000000 50.000000 50.000000 50.000000 50.000000 50.000000 50.000000 50.000000 50.000000 50.000000 50.000000 50.000000 50.000000 50.000000 50.000000 50.000000 
50.000000 48.302796 46.695963 45.255461 44.032240 43.047895 42.296781 41.752908 41.378896 41.134403 40.982321 40.892213 40.841304 40.813846 40.799693 40.792714 40.789417 40.787924 40.787275 40.787004 40.786895 40.786853 40.786837 40.786831 40.786829 40.786829 40.786828 40.786828 40.786827 40.786825 40.786818 40.786801 40.786754 40.786634 40.786340 40.785638 40.784018 40.780400 40.772574 40.756160 40.722703 40.656233 40.526938 40.279043 39.805836 38.892848 37.072721 33.208028 24.151398 0.000000 
50.000000 46.695963 43.567864 40.763576 38.382291 36.466046 35.003847 33.945096 33.217020 32.741078 32.445034 32.269630 32.170532 32.117084 32.089536 32.075951 32.069534 32.066628 32.065365 32.064837 32.064625 32.064543 32.064512 32.064501 32.064497 32.064496 32.064495 32.064495 32.064493 32.064489 32.064477 32.064445 32.064360 32.064143 32.063611 32.062343 32.059425 32.052930 32.038940 32.009754 31.950691 31.834519 31.611758 31.193683 30.421709 29.010648 26.442661 21.783932 13.487935 0.000000 
50.000000 45.255461 40.763576 36.736696 33.317264 30.565637 28.466023 26.945752 25.900319 25.216934 24.791865 24.540021 24.397739 24.321003 24.281452 24.261949 24.252737 24.248565 24.246751 24.245994 24.245689 24.245571 24.245528 24.245512 24.245506 24.245504 24.245504 24.245503 24.245501 24.245495 24.245480 24.245439 24.245330 24.245055 24.244378 24.242772 24.239090 24.230935 24.213477 24.177342 24.104970 23.964568 23.700361 23.217329 22.358111 20.870295 18.368348 14.320915 8.182740 0.000000 
50.000000 44.032240 38.382291 33.317264 29.016327 25.555394 22.914589 21.002493 19.687643 18.828164 18.293578 17.976856 17.797926 17.701429 17.651694 17.627169 17.615586 17.610341 17.608060 17.607108 17.606725 17.606577 17.606522 17.606502 17.606495 17.606493 17.606492 17.606491 17.606489 17.606483 17.606467 17.606422 17.606307 17.606014 17.605296 17.603602 17.599735 17.591223 17.573136 17.536049 17.462655 17.322448 17.063871 16.603554 15.813277 14.508163 12.446969 9.371643 5.139391 0.000000 
50.000000 43.047895 36.466046 30.565637 25.555394 21.523745 18.447518 16.220196 14.688619 13.687498 13.064829 12.695934 12.487536 12.375151 12.317230 12.288669 12.275181 12.269073 12.266417 12.265308 12.264863 12.264690 12.264626 12.264603 12.264595 12.264592 12.264591 12.264590 12.264588 12.264582 12.264567 12.264525 12.264417 12.264142 12.263472 12.261897 12.258323 12.250508 12.234037 12.200602 12.135254 12.012350 11.790086 11.404100 10.761873 9.742117 8.207526 6.044336 3.242059 0.000000 
50.000000 42.296781 35.003847 28.466023 22.914589 18.447518 15.039116 12.571337 10.874455 9.765311 9.075477 8.666803 8.435941 8.311446 8.247286 8.215651 8.200711 8.193945 8.191004 8.189776 8.189283 8.189092 8.189021 8.188995 8.188986 8.188983 8.188982 8.188981 8.188979 8.188975 8.188961 8.188926 8.188833 8.188600 8.188035 8.186711 8.183726 8.177242 8.163693 8.136463 8.083891 7.986472 7.813459 7.519558 7.043418 6.311035 5.248693 3.810164 2.017738 0.000000 
50.000000 41.752908 33.945096 26.945752 21.002493 16.220196 12.571337 9.929514 8.112997 6.925686 6.187256 5.749807 5.502698 5.369446 5.300775 5.266918 5.250929 5.243689 5.240542 5.239227 5.238699 5.238495 5.238419 5.238391 5.238382 5.238379 5.238378 5.238377 5.238375 5.238372 5.238361 5.238333 5.238261 5.238080 5.237641 5.236621 5.234332 5.229396 5.219164 5.198800 5.159934 5.088893 4.964757 4.757878 4.430110 3.938621 3.245391 2.333338 1.225969 0.000000 
50.000000 41.378896 33.217020 25.900319 19.687643 14.688619 10.874455 8.112997 6.214258 4.973233 4.201416 3.744201 3.485933 3.346668 3.274902 3.239519 3.222810 3.215244 3.211956 3.210582 3.210031 3.209817 3.209738 3.209709 3.209699 3.209696 3.209695 3.209694 3.209693 3.209690 3.209683 3.209662 3.209610 3.209479 3.209164 3.208434 3.206808 3.203323 3.196155 3.182020 3.155325 3.107129 3.024104 2.887983 2.676269 2.365195 1.935751 1.382501 0.722663 0.000000 
50.000000 41.134403 32.741078 25.216934 18.828164 13.687498 9.765311 6.925686 4.973233 3.697125 2.903505 2.433384 2.167833 2.024644 1.950858 1.914480 1.897302 1.889524 1.886143 1.884731 1.884164 1.883945 1.883863 1.883834 1.883823 1.883820 1.883819 1.883818 1.883817 1.883816 1.883810 1.883797 1.883761 1.883673 1.883462 1.882975 1.881896 1.879597 1.874905 1.865728 1.848563 1.817908 1.765752 1.681421 1.552243 1.365510 1.111963 0.790387 0.411700 0.000000 
50.000000 40.982321 32.445034 24.791865 18.293578 13.064829 9.075477 6.187256 4.201416 2.903505 2.096338 1.618201 1.348127 1.202502 1.127462 1.090466 1.072997 1.065087 1.061650 1.060214 1.059638 1.059414 1.059331 1.059301 1.059291 1.059288 1.059286 1.059286 1.059285 1.059284 1.059281 1.059272 1.059250 1.059194 1.059061 1.058756 1.058084 1.056660 1.053773 1.048169 1.037777 1.019396 0.988456 0.939013 0.864227 0.757529 0.614523 0.435280 0.226161 0.000000 
50.000000 40.892213 32.269630 24.540021 17.976856 12.695934 8.666803 5.749807 3.744201 2.433384 1.618201 1.135321 0.862571 0.715506 0.639725 0.602365 0.584724 0.576736 0.573265 0.571815 0.571233 0.571008 0.570924 0.570894 0.570883 0.570880 0.570878 0.570878 0.570878 0.570877 0.570875 0.570870 0.570856 0.570823 0.570744 0.570564 0.570169 0.569337 0.567660 0.564428 0.558479 0.548045 0.530643 0.503110 0.461898 0.403721 0.326544 0.230690 0.119639 0.000000 
50.000000 40.841304 32.170532 24.397739 17.797926 12.487536 8.435941 5.502698 3.485933 2.167833 1.348127 0.862571 0.588313 0.440436 0.364237 0.326672 0.308934 0.300903 0.297412 0.295955 0.295369 0.295143 0.295058 0.295028 0.295017 0.295014 0.295013 0.295012 0.295012 0.295012 0.295010 0.295007 0.295000 0.294981 0.294937 0.294837 0.294617 0.294157 0.293234 0.291467 0.288235 0.282610 0.273302 0.258698 0.237029 0.206703 0.166804 0.117602 0.060904 0.000000 
50.000000 40.813846 32.117084 24.321003 17.701429 12.375151 8.311446 5.369446 3.346668 2.024644 1.202502 0.715506 0.440436 0.292122 0.215698 0.178022 0.160232 0.152178 0.148677 0.147215 0.146628 0.146401 0.146316 0.146286 0.146275 0.146272 0.146271 0.146270 0.146270 0.146270 0.146269 0.146268 0.146264 0.146254 0.146230 0.146177 0.146061 0.145819 0.145337 0.144418 0.142749 0.139860 0.135114 0.127720 0.116827 0.101693 0.081913 0.057659 0.029829 0.000000 
50.000000 40.799693 32.089536 24.281452 17.651694 12.317230 8.247286 5.300775 3.274902 1.950858 1.127462 0.639725 0.364237 0.215698 0.139159 0.101427 0.083610 0.075543 0.072037 0.070573 0.069985 0.069758 0.069673 0.069643 0.069632 0.069628 0.069627 0.069627 0.069627 0.069627 0.069626 0.069625 0.069623 0.069618 0.069607 0.069580 0.069521 0.069401 0.069161 0.068705 0.067883 0.066467 0.064155 0.060575 0.055333 0.048092 0.038681 0.027193 0.014056 0.000000 
50.000000 40.792714 32.075951 24.261949 17.627169 12.288669 8.215651 5.266918 3.239519 1.914480 1.090466 0.602365 0.326672 0.178022 0.101427 0.063666 0.045836 0.037763 0.034255 0.032790 0.032202 0.031974 0.031889 0.031859 0.031848 0.031844 0.031843 0.031843 0.031843 0.031843 0.031843 0.031842 0.031841 0.031839 0.031833 0.031820 0.031792 0.031735 0.031621 0.031405 0.031018 0.030354 0.029276 0.027616 0.025197 0.021873 0.017571 0.012340 0.006374 0.000000 
50.000000 40.789417 32.069534 24.252737 17.615586 12.275181 8.200711 5.250929 3.222810 1.897302 1.072997 0.584724 0.308934 0.160232 0.083610 0.045836 0.028000 0.019925 0.016415 0.014949 0.014361 0.014133 0.014048 0.014018 0.014007 0.014003 0.014002 0.014002 0.014002 0.014002 0.014002 0.014002 0.014001 0.014000 0.013997 0.013991 0.013979 0.013952 0.013901 0.013803 0.013628 0.013331 0.012849 0.012110 0.011039 0.009573 0.007682 0.005391 0.002783 0.000000 
50.000000 40.787924 32.066628 24.248565 17.610341 12.269073 8.193945 5.243689 3.215244 1.889524 1.065087 0.576736 0.300903 0.152178 0.075543 0.037763 0.019925 0.011848 0.008338 0.006872 0.006283 0.006056 0.005971 0.005940 0.005930 0.005926 0.005925 0.005924 0.005924 0.005924 0.005924 0.005924 0.005924 0.005923 0.005922 0.005920 0.005914 0.005903 0.005880 0.005838 0.005762 0.005634 0.005428 0.005112 0.004656 0.004034 0.003235 0.002268 0.001170 0.000000 
50.000000 40.787275 32.065365 24.246751 17.608060 12.266417 8.191004 5.240542 3.211956 1.886143 1.061650 0.573265 0.297412 0.148677 0.072037 0.034255 0.016415 0.008338 0.004828 0.003362 0.002773 0.002545 0.002460 0.002430 0.002419 0.002416 0.002414 0.002414 0.002414 0.002414 0.002414 0.002414 0.002414 0.002414 0.002413 0.002412 0.002410 0.002405 0.002395 0.002378 0.002346 0.002293 0.002208 0.002079 0.001892 0.001638 0.001313 0.000920 0.000474 0.000000 
50.000000 40.787004 32.064837 24.245994 17.607108 12.265308 8.189776 5.239227 3.210582 1.884731 1.060214 0.571815 0.295955 0.147215 0.070573 0.032790 0.014949 0.006872 0.003362 0.001896 0.001307 0.001079 0.000994 0.000964 0.000953 0.000950 0.000948 0.000948 0.000948 0.000948 0.000948 0.000948 0.000948 0.000948 0.000948 0.000947 0.000946 0.000944 0.000940 0.000933 0.000921 0.000900 0.000866 0.000815 0.000741 0.000641 0.000514 0.000360 0.000185 0.000000 
50.000000 40.786895 32.064625 24.245689 17.606725 12.264863 8.189283 5.238699 3.210031 1.884164 1.059638 0.571233 0.295369 0.146628 0.069985 0.032202 0.014361 0.006283 0.002773 0.001307 0.000718 0.000490 0.000405 0.000375 0.000364 0.000361 0.000360 0.000359 0.000359 0.000359 0.000359 0.000359 0.000359 0.000359 0.000359 0.000359 0.000358 0.000358 0.000356 0.000353 0.000349 0.000341 0.000328 0.000308 0.000280 0.000242 0.000194 0.000136 0.000070 0.000000 
50.000000 40.786853 32.064543 24.245571 17.606577 12.264690 8.189092 5.238495 3.209817 1.883945 1.059415 0.571008 0.295143 0.146401 0.069758 0.031974 0.014133 0.006056 0.002545 0.001079 0.000490 0.000263 0.000178 0.000147 0.000137 0.000133 0.000132 0.000131 0.000131 0.000131 0.000131 0.000131 0.000131 0.000131 0.000131 0.000131 0.000131 0.000131 0.000130 0.000129 0.000127 0.000124 0.000120 0.000113 0.000102 0.000088 0.000071 0.000050 0.000026 0.000000 
50.000000 40.786837 32.064512 24.245528 17.606522 12.264626 8.189021 5.238419 3.209738 1.883863 1.059331 0.570924 0.295058 0.146317 0.069673 0.031889 0.014048 0.005971 0.002460 0.000994 0.000406 0.000178 0.000093 0.000062 0.000052 0.000048 0.000047 0.000047 0.000047 0.000047 0.000047 0.000047 0.000047 0.000047 0.000046 0.000046 0.000046 0.000046 0.000046 0.000046 0.000045 0.000044 0.000042 0.000040 0.000036 0.000031 0.000025 0.000017 0.000009 0.000000 
50.000000 40.786832 32.064501 24.245512 17.606502 12.264603 8.188995 5.238392 3.209710 1.883834 1.059302 0.570894 0.295028 0.146287 0.069643 0.031859 0.014018 0.005941 0.002430 0.000964 0.000375 0.000148 0.000063 0.000032 0.000022 0.000018 0.000017 0.000017 0.000016 0.000016 0.000016 0.000016 0.000016 0.000016 0.000016 0.000016 0.000016 0.000016 0.000016 0.000016 0.000016 0.000015 0.000015 0.000014 0.000013 0.000011 0.000009 0.000006 0.000003 0.000000 
50.000000 40.786830 32.064498 24.245507 17.606496 12.264596 8.188988 5.238383 3.209701 1.883825 1.059293 0.570885 0.295019 0.146277 0.069634 0.031850 0.014009 0.005931 0.002421 0.000955 0.000366 0.000138 0.000053 0.000023 0.000012 0.000009 0.000007 0.000007 0.000007 0.000007 0.000007 0.000007 0.000007 0.000007 0.000007 0.000007 0.000007 0.000007 0.000007 0.000007 0.000007 0.000007 0.000006 0.000006 0.000005 0.000005 0.000004 0.000003 0.000001 0.000000 
50.000000 40.786830 32.064498 24.245507 17.606496 12.264596 8.188988 5.238383 3.209701 1.883825 1.059293 0.570885 0.295019 0.146277 0.069634 0.031850 0.014009 0.005931 0.002421 0.000955 0.000366 0.000138 0.000053 0.000023 0.000012 0.000009 0.000007 0.000007 0.000007 0.000007 0.000007 0.000007 0.000007 0.000007 0.000007 0.000007 0.000007 0.000007 0.000007 0.000007 0.000007 0.000007 0.000006 0.000006 0.000005 0.000005 0.000004 0.000003 0.000001 0.000000 
50.000000 40.786832 32.064501 24.245512 17.606502 12.264603 8.188995 5.238392 3.209710 1.883834 1.059302 0.570894 0.295028 0.146287 0.069643 0.031859 0.014018 0.005941 0.002430 0.000964 0.000375 0.000148 0.000063 0.000032 0.000022 0.000018 0.000017 0.000017 0.000016 0.000016 0.000016 0.000016 0.000016 0.000016 0.000016 0.000016 0.000016 0.000016 0.000016 0.000016 0.000016 0.000015 0.000015 0.000014 0.000013 0.000011 0.000009 0.000006 0.000003 0.000000 
50.000000 40.786837 32.064512 24.245528 17.606522 12.264626 8.189021 5.238419 3.209738 1.883863 1.059331 0.570924 0.295058 0.146317 0.069673 0.031889 0.014048 0.005971 0.002460 0.000994 0.000406 0.000178 0.000093 0.000062 0.000052 0.000048 0.000047 0.000047 0.000047 0.000047 0.000047 0.000047 0.000047 0.000047 0.000046 0.000046 0.000046 0.000046 0.000046 0.000046 0.000045 0.000044 0.000042 0.000040 0.000036 0.000031 0.000025 0.000017 0.000009 0.000000 
50.000000 40.786853 32.064543 24.245571 17.606577 12.264690 8.189092 5.238495 3.209817 1.883945 1.059415 0.571008 0.295143 0.146401 0.069758 0.031974 0.014133 0.006056 0.002545 0.001079 0.000490 0.000263 0.000178 0.000147 0.000137 0.000133 0.000132 0.000131 0.000131 0.000131 0.000131 0.000131 0.000131 0.000131 0.000131 0.000131 0.000131 0.000131 0.000130 0.000129 0.000127 0.000124 0.000120 0.000113 0.000102 0.000088 0.000071 0.000050 0.000026 0.000000 
50.000000 40.786895 32.064625 24.245689 17.606725 12.264863 8.189283 5.238699 3.210031 1.884164 1.059638 0.571233 0.295369 0.146628 0.069985 0.032202 0.014361 0.006283 0.002773 0.001307 0.000718 0.000490 0.000405 0.000375 0.000364 0.000361 0.000360 0.000359 0.000359 0.000359 0.000359 0.000359 0.000359 0.000359 0.000359 0.000359 0.000358 0.000358 0.000356 0.000353 0.000349 0.000341 0.000328 0.000308 0.000280 0.000242 0.000194 0.000136 0.000070 0.000000 
50.000000 40.787004 32.064837 24.245994 17.607108 12.265308 8.189776 5.239227 3.210582 1.884731 1.060214 0.571815 0.295955 0.147215 0.070573 0.032790 0.014949 0.006872 0.003362 0.001896 0.001307 0.001079 0.000994 0.000964 0.000953 0.000950 0.000948 0.000948 0.000948 0.000948 0.000948 0.000948 0.000948 0.000948 0.000948 0.000947 0.000946 0.000944 0.000940 0.000933 0.000921 0.000900 0.000866 0.000815 0.000741 0.000641 0.000514 0.000360 0.000185 0.000000 
50.000000 40.787275 32.065365 24.246751 17.608060 12.266417 8.191004 5.240542 3.211956 1.886143 1.061650 0.573265 0.297412 0.148677 0.072037 0.034255 0.016415 0.008338 0.004828 0.003362 0.002773 0.002545 0.002460 0.002430 0.002419 0.002416 0.002414 0.002414 0.002414 0.002414 0.002414 0.002414 0.002414 0.002414 0.002413 0.002412 0.002410 0.002405 0.002395 0.002378 0.002346 0.002293 0.002208 0.002079 0.001892 0.001638 0.001313 0.000920 0.000474 0.000000 
50.000000 40.787924 32.066628 24.248565 17.610341 12.269073 8.193945 5.243689 3.215244 1.889524 1.065087 0.576736 0.300903 0.152178 0.075543 0.037763 0.019925 0.011848 0.008338 0.006872 0.006283 0.006056 0.005971 0.005940 0.005930 0.005926 0.005925 0.005924 0.005924 0.005924 0.005924 0.005924 0.005924 0.005923 0.005922 0.005920 0.005914 0.005903 0.005880 0.005838 0.005762 0.005634 0.005428 0.005112 0.004656 0.004034 0.003235 0.002268 0.001170 0.000000 
50.000000 40.789417 32.069534 24.252737 17.615586 12.275181 8.200711 5.250929 3.222810 1.897302 1.072997 0.584724 0.308934 0.160232 0.083610 0.045836 0.028000 0.019925 0.016415 0.014949 0.014361 0.014133 0.014048 0.014018 0.014007 0.014003 0.014002 0.014002 0.014002 0.014002 0.014002 0.014002 0.014001 0.014000 0.013997 0.013991 0.013979 0.013952 0.013901 0.013803 0.013628 0.013331 0.012849 0.012110 0.011039 0.009573 0.007682 0.005391 0.002783 0.000000 
50.000000 40.792714 32.075951 24.261949 17.627169 12.288669 8.215651 5.266918 3.239519 1.914480 1.090466 0.602365 0.326672 0.178022 0.101427 0.063666 0.045836 0.037763 0.034255 0.032790 0.032202 0.031974 0.031889 0.031859 0.031848 0.031844 0.031843 0.031843 0.031843 0.031843 0.031843 0.031842 0.031841 0.031839 0.031833 0.031820 0.031792 0.031735 0.031621 0.031405 0.031018 0.030354 0.029276 0.027616 0.025197 0.021873 0.017571 0.012340 0.006374 0.000000 
50.000000 40.799693 32.089536 24.281452 17.651694 12.317230 8.247286 5.300775 3.274902 1.950858 1.127462 0.639725 0.364237 0.215698 0.139159 0.101427 0.083610 0.075543 0.072037 0.070573 0.069985 0.069758 0.069673 0.069643 0.069632 0.069628 0.069627 0.069627 0.069627 0.069627 0.069626 0.069625 0.069623 0.069618 0.069607 0.069580 0.069521 0.069401 0.069161 0.068705 0.067883 0.066467 0.064155 0.060575 0.055333 0.048092 0.038681 0.027193 0.014056 0.000000 
50.000000 40.813846 32.117084 24.321003 17.701429 12.375151 8.311446 5.369446 3.346668 2.024644 1.202502 0.715506 0.440436 0.292122 0.215698 0.178022 0.160232 0.152178 0.148677 0.147215 0.146628 0.146401 0.146316 0.146286 0.146275 0.146272 0.146271 0.146270 0.146270 0.146270 0.146269 0.146268 0.146264 0.146254 0.146230 0.146177 0.146061 0.145819 0.145337 0.144418 0.142749 0.139860 0.135114 0.127720 0.116827 0.101693 0.081913 0.057659 0.029829 0.000000 
50.000000 40.841304 32.170532 24.397739 17.797926 12.487536 8.435941 5.502698 3.485933 2.167833 1.348127 0.862571 0.588313 0.440436 0.364237 0.326672 0.308934 0.300903 0.297412 0.295955 0.295369 0.295143 0.295058 0.295028 0.295017 0.295014 0.295013 0.295012 0.295012 0.295012 0.295010 0.295007 0.295000 0.294981 0.294937 0.294837 0.294617 0.294157 0.293234 0.291467 0.288235 0.282610 0.273302 0.258698 0.237029 0.206703 0.166804 0.117602 0.060904 0.000000 
50.000000 40.892213 32.269630 24.540021 17.976856 12.695934 8.666803 5.749807 3.744201 2.433384 1.618201 1.135321 0.862571 0.715506 0.639725 0.602365 0.584724 0.576736 0.573265 0.571815 0.571233 0.571008 0.570924 0.570894 0.570883 0.570880 0.570878 0.570878 0.570878 0.570877 0.570875 0.570870 0.570856 0.570823 0.570744 0.570564 0.570169 0.569337 0.567660 0.564428 0.558479 0.548045 0.530643 0.503110 0.461898 0.403721 0.326544 0.230690 0.119639 0.000000 
50.000000 40.982321 32.445034 24.791865 18.293578 13.064829 9.075477 6.187256 4.201416 2.903505 2.096338 1.618201 1.348127 1.202502 1.127462 1.090466 1.072997 1.065087 1.061650 1.060214 1.059638 1.059414 1.059331 1.059301 1.059291 1.059288 1.059286 1.059286 1.059285 1.059284 1.059281 1.059272 1.059250 1.059194 1.059061 1.058756 1.058084 1.056660 1.053773 1.048169 1.037777 1.019396 0.988456 0.939013 0.864227 0.757529 0.614523 0.435280 0.226161 0.000000 
50.000000 41.134403 32.741078 25.216934 18.828164 13.687498 9.765311 6.925686 4.973233 3.697125 2.903505 2.433384 2.167833 2.024644 1.950858 1.914480 1.897302 1.889524 1.886143 1.884731 1.884164 1.883945 1.883863 1.883834 1.883823 1.883820 1.883819 1.883818 1.883817 1.883816 1.883810 1.883797 1.883761 1.883673 1.883462 1.882975 1.881896 1.879597 1.874905 1.865728 1.848563 1.817908 1.765752 1.681421 1.552243 1.365510 1.111963 0.790387 0.411700 0.000000 
50.000000 41.378896 33.217020 25.900319 19.687643 14.688619 10.874455 8.112997 6.214258 4.973233 4.201416 3.744201 3.485933 3.346668 3.274902 3.239519 3.222810 3.215244 3.211956 3.210582 3.210031 3.209817 3.209738 3.209709 3.209699 3.209696 3.209695 3.209694 3.209693 3.209690 3.209683 3.209662 3.209610 3.209479 3.209164 3.208434 3.206808 3.203323 3.196155 3.182020 3.155325 3.107129 3.024104 2.887983 2.676269 2.365195 1.935751 1.382501 0.722663 0.000000 
50.000000 41.752908 33.945096 26.945752 21.002493 16.220196 12.571337 9.929514 8.112997 6.925686 6.187256 5.749807 5.502698 5.369446 5.300775 5.266918 5.250929 5.243689 5.240542 5.239227 5.238699 5.238495 5.238419 5.238391 5.238382 5.238379 5.238378 5.238377 5.238375 5.238372 5.238361 5.238333 5.238261 5.238080 5.237641 5.236621 5.234332 5.229396 5.219164 5.198800 5.159934 5.088893 4.964757 4.757878 4.430110 3.938621 3.245391 2.333338 1.225969 0.000000 
50.000000 42.296781 35.003847 28.466023 22.914589 18.447518 15.039116 12.571337 10.874455 9.765311 9.075477 8.666803 8.435941 8.311446 8.247286 8.215651 8.200711 8.193945 8.191004 8.189776 8.189283 8.189092 8.189021 8.188995 8.188986 8.188983 8.188982 8.188981 8.188979 8.188975 8.188961 8.188926 8.188833 8.188600 8.188035 8.186711 8.183726 8.177242 8.163693 8.136463 8.083891 7.986472 7.813459 7.519558 7.043418 6.311035 5.248693 3.810164 2.017738 0.000000 
50.000000 43.047895 36.466046 30.565637 25.555394 21.523745 18.447518 16.220196 14.688619 13.687498 13.064829 12.695934 12.487536 12.375151 12.317230 12.288669 12.275181 12.269073 12.266417 12.265308 12.264863 12.264690 12.264626 12.264603 12.264595 12.264592 12.264591 12.264590 12.264588 12.264582 12.264567 12.264525 12.264417 12.264142 12.263472 12.261897 12.258323 12.250508 12.234037 12.200602 12.135254 12.012350 11.790086 11.404100 10.761873 9.742117 8.207526 6.044336 3.242059 0.000000 
50.000000 44.032240 38.382291 33.317264 29.016327 25.555394 22.914589 21.002493 19.687643 18.828164 18.293578 17.976856 17.797926 17.701429 17.651694 17.627169 17.615586 17.610341 17.608060 17.607108 17.606725 17.606577 17.606522 17.606502 17.606495 17.606493 17.606492 17.606491 17.606489 17.606483 17.606467 17.606422 17.606307 17.606014 17.605296 17.603602 17.599735 17.591223 17.573136 17.536049 17.462655 17.322448 17.063871 16.603554 15.813277 14.508163 12.446969 9.371643 5.139391 0.000000 
50.000000 45.255461 40.763576 36.736696 33.317264 30.565637 28.466023 26.945752 25.900319 25.216934 24.791865 24.540021 24.397739 24.321003 24.281452 24.261949 24.252737 24.248565 24.246751 24.245994 24.245689 24.245571 24.245528 24.245512 24.245506 24.245504 24.245504 24.245503 24.245501 24.245495 24.245480 24.245439 24.245330 24.245055 24.244378 24.242772 24.239090 24.230935 24.213477 24.177342 24.104970 23.964568 23.700361 23.217329 22.358111 20.870295 18.368348 14.320915 8.182740 0.000000 
50.000000 46.695963 43.567864 40.763576 38.382291 36.466046 35.003847 33.945096 33.217020 32.741078 32.445034 32.269630 32.170532 32.117084 32.089536 32.075951 32.069534 32.066628 32.065365 32.064837 32.064625 32.064543 32.064512 32.064501 32.064497 32.064496 32.064495 32.064495 32.064493 32.064489 32.064477 32.064445 32.064360 32.064143 32.063611 32.062343 32.059425 32.052930 32.038940 32.009754 31.950691 31.834519 31.611758 31.193683 30.421709 29.010648 26.442661 21.783932 13.487935 0.000000 
50.000000 48.302796 46.695963 45.255461 44.032240 43.047895 42.296781 41.752908 41.378896 41.134403 40.982321 40.892213 40.841304 40.813846 40.799693 40.792714 40.789417 40.787924 40.787275 40.787004 40.786895 40.786853 40.786837 40.786831 40.786829 40.786829 40.786828 40.786828 40.786827 40.786825 40.786818 40.786801 40.786754 40.786634 40.786340 40.785638 40.784018 40.780400 40.772574 40.756160 40.722703 40.656233 40.526938 40.279043 39.805836 38.892848 37.072721 33.208028 24.151398 0.000000 
50.000000 50.000000 50.000000 50.000000 50.000000 50.000000 50.000000 50.000000 50.000000 50.000000 50.000000 50.000000 50.000000 50.000000 50.000000 50.000000 50.000000 50.000000 50.000000 50.000000 50.000000 50.000000 50.000000 50.000000 50.000000 50.000000 50.000000 50.000000 50.000000 50.000000 50.000000 50.000000 50.000000 50.000000 50.000000 50.000000 50.000000 50.000000 50.000000 50.000000 50.000000 50.000000 50.000000 50.000000 50.000000 50.000000 50.000000 50.000000 50.000000 50.000000 
