50.000000 50.000000 50.000000 50.000000 50.000000 50.000000 50.000000 50.000000 50.000000 50.000000 50.000000 50.000000 50.000000 50.000000 50.000000 50.000000 50.000000 50.000000 50.000000 50.000000 50.000000 50.000000 50.000000 50.000000 50.000000 50.000000 50.000000 50.000000 50.000000 50.000000 50.000000 50.000000 50.000000 50.000000 50.000000 50.000000 50.000000 50.000000 50.000000 50.000000 50.000000 50.000000 50.000000 50.000000 50.000000 50.000000 50.000000 50.000000 50.000000 50.000000 
50.000000 48.861279 47.763260 46.742285 45.826753 45.034898 44.374186 43.842239 43.428876 43.118756 42.894054 42.736755 42.630329 42.560705 42.516645 42.489662 42.473662 42.464472 42.459356 42.456595 42.455149 42.454414 42.454051 42.453877 42.453795 42.453757 42.453736 42.453718 42.453690 42.453635 42.453517 42.453269 42.452761 42.451744 42.449752 42.445943 42.438820 42.425781 42.402385 42.361154 42.289601 42.166873 41.957748 41.601123 40.985922 39.895292 37.862441 33.754091 24.430639 0.000000 
50.000000 47.763260 45.606471 43.601019 41.802685 40.247285 38.949488 37.904617 37.092678 36.483533 36.042169 35.733203 35.524161 35.387407 35.300865 35.247865 35.216439 35.198388 35.188340 35.182917 35.180077 35.178634 35.177921 35.177579 35.177419 35.177343 35.177302 35.177268 35.177216 35.177111 35.176890 35.176427 35.175477 35.173576 35.169863 35.162774 35.149552 35.125423 35.082298 35.006692 34.876399 34.655069 34.283135 33.661939 32.624761 30.881981 27.916831 22.803235 14.009169 0.000000 
50.000000 46.742285 43.601019 40.680172 38.060989 35.795634 33.905470 32.383685 31.201156 30.313988 29.671182 29.221204 28.916758 28.717593 28.591558 28.514371 28.468604 28.442316 28.427683 28.419785 28.415650 28.413548 28.412511 28.412013 28.411779 28.411669 28.411611 28.411563 28.411492 28.411351 28.411053 28.410430 28.409155 28.406610 28.401650 28.392212 28.374675 28.342825 28.286244 28.187816 28.019909 27.738546 27.274474 26.519417 25.305164 23.373413 20.340086 15.684188 8.879844 0.000000 
50.000000 45.826753 41.802685 38.060989 34.705744 31.803774 29.382444 27.433025 25.918205 24.781752 23.958332 23.381925 22.991944 22.736825 22.575384 22.476515 22.417892 22.384220 22.365478 22.355362 22.350065 22.347374 22.346045 22.345407 22.345108 22.344968 22.344895 22.344838 22.344755 22.344592 22.344250 22.343536 22.342081 22.339182 22.333552 22.322884 22.303158 22.267547 22.204758 22.096556 21.914184 21.613305 21.127068 20.357083 19.162857 17.352872 14.687576 10.920704 5.931462 0.000000 
50.000000 45.034898 40.247285 35.795634 31.803774 28.351209 25.470492 23.151236 21.349045 19.997011 19.017401 18.331666 17.867723 17.564224 17.372169 17.254554 17.184816 17.144762 17.122466 17.110433 17.104133 17.100931 17.099351 17.098593 17.098238 17.098072 17.097987 17.097923 17.097836 17.097667 17.097314 17.096580 17.095086 17.092122 17.086388 17.075574 17.055690 17.020040 16.957704 16.851385 16.674462 16.387210 15.932281 15.230065 14.175605 12.640917 10.490470 7.622524 4.048976 0.000000 
50.000000 44.374186 38.949488 33.905470 29.382444 25.470492 22.206499 19.578687 17.536749 16.004868 14.894963 14.118031 13.592394 13.248540 13.030952 12.897703 12.818697 12.773320 12.748062 12.734431 12.727294 12.723667 12.721877 12.721018 12.720616 12.720429 12.720335 12.720269 12.720184 12.720022 12.719686 12.718990 12.717579 12.714789 12.709415 12.699332 12.680906 12.648108 12.591259 12.495310 12.337666 12.085658 11.694021 11.103249 10.240427 9.025361 7.386053 5.287549 2.773063 0.000000 
50.000000 43.842239 37.904617 32.383685 27.433025 23.151236 19.578687 16.702483 14.467552 12.790903 11.576122 10.725787 10.150498 9.774168 9.536034 9.390205 9.303741 9.254082 9.226441 9.211524 9.203714 9.199745 9.197786 9.196847 9.196407 9.196204 9.196104 9.196038 9.195959 9.195814 9.195515 9.194899 9.193654 9.191203 9.186503 9.177733 9.161805 9.133663 9.085306 9.004525 8.873415 8.666832 8.351242 7.884666 7.218955 6.305957 5.109212 3.621482 1.884491 0.000000 
50.000000 43.428876 37.092678 31.201156 25.918205 21.349045 17.536749 14.467552 12.082678 10.293560 8.997306 8.089952 7.476095 7.074542 6.820451 6.664852 6.572598 6.519614 6.490123 6.474207 6.465875 6.461641 6.459551 6.458549 6.458081 6.457865 6.457761 6.457697 6.457627 6.457504 6.457253 6.456739 6.455705 6.453677 6.449808 6.442626 6.429663 6.406926 6.368184 6.304097 6.201256 6.041339 5.800719 5.451091 4.961835 4.304901 3.462610 2.437609 1.262003 0.000000 
50.000000 43.118756 36.483533 30.313988 24.781752 19.997011 16.004868 12.790903 10.293560 8.420086 7.062728 6.112614 5.469835 5.049369 4.783314 4.620392 4.523796 4.468320 4.437443 4.420779 4.412055 4.407622 4.405435 4.404386 4.403896 4.403671 4.403565 4.403504 4.403444 4.403344 4.403145 4.402739 4.401925 4.400336 4.397318 4.391745 4.381749 4.364337 4.334905 4.286660 4.210043 4.092304 3.917488 3.667202 3.322549 2.867568 2.294079 1.607135 0.829155 0.000000 
50.000000 42.894054 36.042169 29.671182 23.958332 19.017401 14.894963 11.576122 8.997306 7.062728 5.661113 4.680029 4.016306 3.582145 3.307427 3.139203 3.039465 2.982185 2.950304 2.933099 2.924092 2.919516 2.917257 2.916175 2.915669 2.915438 2.915331 2.915273 2.915223 2.915146 2.914995 2.914689 2.914080 2.912894 2.910654 2.906538 2.899199 2.886499 2.865192 2.830556 2.776069 2.693209 2.571596 2.399653 2.166016 1.861776 1.483366 1.035477 0.532900 0.000000 
50.000000 42.736755 35.733203 29.221204 23.381925 18.331666 14.118031 10.725787 8.089952 6.112614 4.680029 3.677277 2.998901 2.555159 2.274382 2.102449 2.000514 1.941973 1.909391 1.891807 1.882602 1.877925 1.875617 1.874511 1.873995 1.873759 1.873652 1.873597 1.873555 1.873497 1.873388 1.873168 1.872732 1.871888 1.870300 1.867397 1.862248 1.853393 1.838638 1.814838 1.777709 1.721768 1.640482 1.526772 1.373962 1.177167 0.934960 0.650905 0.334370 0.000000 
50.000000 42.630329 35.524161 28.916758 22.991944 17.867723 13.592394 10.150498 7.476095 5.469835 4.016306 2.998901 2.310617 1.860397 1.575525 1.401085 1.297665 1.238272 1.205215 1.187376 1.178038 1.173293 1.170951 1.169829 1.169306 1.169067 1.168960 1.168908 1.168873 1.168830 1.168754 1.168603 1.168304 1.167729 1.166651 1.164689 1.161227 1.155308 1.145508 1.129807 1.105498 1.069169 1.016835 0.944285 0.847684 0.724398 0.573934 0.398739 0.204548 0.000000 
50.000000 42.560705 35.387407 28.717593 22.736825 17.564224 13.248540 9.774168 7.074542 5.049369 3.582145 2.555159 1.860398 1.405944 1.118394 0.942317 0.837926 0.777976 0.744610 0.726604 0.717178 0.712389 0.710026 0.708893 0.708365 0.708125 0.708017 0.707967 0.707938 0.707907 0.707855 0.707756 0.707559 0.707183 0.706480 0.705207 0.702972 0.699170 0.692911 0.682946 0.667620 0.644879 0.612363 0.567634 0.508534 0.433668 0.342918 0.237855 0.121885 0.000000 
50.000000 42.516645 35.300865 28.591558 22.575384 17.372169 13.030952 9.536034 6.820451 4.783314 3.307427 2.274382 1.575525 1.118394 0.829152 0.652039 0.547035 0.486733 0.453171 0.435060 0.425579 0.420762 0.418385 0.417245 0.416714 0.416473 0.416366 0.416318 0.416292 0.416269 0.416235 0.416172 0.416048 0.415811 0.415370 0.414576 0.413187 0.410836 0.406985 0.400889 0.391569 0.377825 0.358301 0.331620 0.296595 0.252499 0.199345 0.138091 0.070703 0.000000 
50.000000 42.489662 35.247865 28.514371 22.476515 17.254554 12.897703 9.390205 6.664852 4.620392 3.139203 2.102449 1.401085 0.942317 0.652039 0.474293 0.368914 0.308397 0.274715 0.256540 0.247025 0.242190 0.239805 0.238662 0.238129 0.237887 0.237780 0.237733 0.237709 0.237693 0.237671 0.237631 0.237556 0.237412 0.237146 0.236669 0.235837 0.234435 0.232149 0.228549 0.223074 0.215044 0.203702 0.188288 0.168166 0.142963 0.112721 0.078003 0.039910 0.000000 
50.000000 42.473662 35.216439 28.468604 22.417892 17.184816 12.818697 9.303741 6.572598 4.523796 3.039465 2.000514 1.297665 0.837927 0.547035 0.368914 0.263313 0.202668 0.168916 0.150702 0.141168 0.136323 0.133933 0.132787 0.132253 0.132011 0.131904 0.131857 0.131836 0.131823 0.131809 0.131785 0.131741 0.131657 0.131502 0.131225 0.130744 0.129936 0.128626 0.126571 0.123460 0.118920 0.112539 0.103908 0.092694 0.078710 0.061994 0.042863 0.021918 0.000000 
50.000000 42.464472 35.198388 28.442316 22.384221 17.144762 12.773320 9.254082 6.519614 4.468320 2.982185 1.941973 1.238272 0.777976 0.486733 0.308397 0.202669 0.141951 0.108158 0.089922 0.080376 0.075526 0.073133 0.071986 0.071451 0.071209 0.071102 0.071056 0.071035 0.071024 0.071015 0.071001 0.070976 0.070928 0.070841 0.070686 0.070417 0.069968 0.069241 0.068106 0.066395 0.063909 0.060429 0.055742 0.049676 0.042140 0.033161 0.022911 0.011711 0.000000 
50.000000 42.459356 35.188340 28.427683 22.365478 17.122467 12.748063 9.226442 6.490123 4.437443 2.950305 1.909391 1.205216 0.744611 0.453172 0.274716 0.168917 0.108159 0.074343 0.056095 0.046543 0.041689 0.039295 0.038147 0.037612 0.037370 0.037263 0.037217 0.037197 0.037187 0.037181 0.037173 0.037159 0.037133 0.037085 0.037001 0.036856 0.036614 0.036224 0.035617 0.034705 0.033385 0.031544 0.029074 0.025888 0.021942 0.017254 0.011914 0.006087 0.000000 
50.000000 42.456595 35.182917 28.419786 22.355363 17.110435 12.734432 9.211525 6.474209 4.420781 2.933101 1.891809 1.187378 0.726606 0.435062 0.256541 0.150704 0.089924 0.056097 0.037842 0.028286 0.023431 0.021036 0.019887 0.019352 0.019110 0.019003 0.018957 0.018938 0.018929 0.018924 0.018919 0.018911 0.018898 0.018873 0.018828 0.018752 0.018626 0.018423 0.018108 0.017637 0.016957 0.016012 0.014748 0.013122 0.011114 0.008734 0.006028 0.003079 0.000000 
50.000000 42.455150 35.180078 28.415652 22.350068 17.104136 12.727297 9.203718 6.465879 4.412060 2.924097 1.882607 1.178042 0.717183 0.425584 0.247030 0.141172 0.080381 0.046547 0.028289 0.018731 0.013875 0.011479 0.010331 0.009796 0.009554 0.009447 0.009401 0.009381 0.009373 0.009369 0.009366 0.009362 0.009355 0.009342 0.009320 0.009281 0.009217 0.009115 0.008956 0.008720 0.008380 0.007908 0.007279 0.006473 0.005479 0.004303 0.002969 0.001516 0.000000 
50.000000 42.454416 35.178638 28.413554 22.347381 17.100940 12.723677 9.199756 6.461652 4.407634 2.919528 1.877937 1.173305 0.712401 0.420774 0.242203 0.136336 0.075538 0.041701 0.023442 0.013883 0.009026 0.006630 0.005482 0.004947 0.004704 0.004598 0.004552 0.004532 0.004524 0.004521 0.004519 0.004516 0.004513 0.004506 0.004495 0.004476 0.004445 0.004395 0.004317 0.004202 0.004036 0.003807 0.003502 0.003113 0.002633 0.002067 0.001426 0.000728 0.000000 
50.000000 42.454056 35.177931 28.412525 22.346063 17.099373 12.721901 9.197813 6.459579 4.405464 2.917288 1.875648 1.170983 0.710057 0.418417 0.239837 0.133965 0.073165 0.039326 0.021066 0.011506 0.006650 0.004253 0.003105 0.002570 0.002327 0.002220 0.002175 0.002155 0.002148 0.002144 0.002143 0.002141 0.002139 0.002136 0.002131 0.002122 0.002106 0.002082 0.002045 0.001990 0.001911 0.001801 0.001656 0.001471 0.001244 0.000976 0.000673 0.000344 0.000000 
50.000000 42.453890 35.177604 28.412048 22.345452 17.098646 12.721078 9.196912 6.458618 4.404458 2.916249 1.874586 1.169905 0.708970 0.417323 0.238739 0.132865 0.072063 0.038224 0.019963 0.010404 0.005547 0.003151 0.002002 0.001467 0.001225 0.001118 0.001072 0.001053 0.001045 0.001042 0.001040 0.001039 0.001038 0.001037 0.001034 0.001030 0.001022 0.001010 0.000992 0.000965 0.000926 0.000873 0.000802 0.000712 0.000602 0.000472 0.000325 0.000166 0.000000 
50.000000 42.453825 35.177476 28.411862 22.345215 17.098364 12.720758 9.196562 6.458245 4.404067 2.915845 1.874174 1.169487 0.708548 0.416898 0.238313 0.132438 0.071636 0.037796 0.019535 0.009976 0.005119 0.002722 0.001574 0.001039 0.000796 0.000690 0.000644 0.000625 0.000617 0.000614 0.000612 0.000611 0.000611 0.000610 0.000608 0.000605 0.000601 0.000594 0.000583 0.000567 0.000544 0.000513 0.000471 0.000418 0.000353 0.000277 0.000191 0.000097 0.000000 
50.000000 42.453825 35.177476 28.411862 22.345215 17.098364 12.720758 9.196562 6.458245 4.404067 2.915845 1.874174 1.169487 0.708548 0.416898 0.238313 0.132438 0.071636 0.037796 0.019535 0.009976 0.005119 0.002722 0.001574 0.001039 0.000796 0.000690 0.000644 0.000625 0.000617 0.000614 0.000612 0.000611 0.000611 0.000610 0.000608 0.000605 0.000601 0.000594 0.000583 0.000567 0.000544 0.000513 0.000471 0.000418 0.000353 0.000277 0.000191 0.000097 0.000000 
50.000000 42.453890 35.177604 28.412048 22.345452 17.098646 12.721078 9.196912 6.458618 4.404458 2.916249 1.874586 1.169905 0.708970 0.417323 0.238739 0.132865 0.072063 0.038224 0.019963 0.010404 0.005547 0.003151 0.002002 0.001467 0.001225 0.001118 0.001072 0.001053 0.001045 0.001042 0.001040 0.001039 0.001038 0.001037 0.001034 0.001030 0.001022 0.001010 0.000992 0.000965 0.000926 0.000873 0.000802 0.000712 0.000602 0.000472 0.000325 0.000166 0.000000 
50.000000 42.454056 35.177931 28.412525 22.346063 17.099373 12.721901 9.197813 6.459579 4.405464 2.917288 1.875648 1.170983 0.710057 0.418417 0.239837 0.133965 0.073165 0.039326 0.021066 0.011506 0.006650 0.004253 0.003105 0.002570 0.002327 0.002220 0.002175 0.002155 0.002148 0.002144 0.002143 0.002141 0.002139 0.002136 0.002131 0.002122 0.002106 0.002082 0.002045 0.001990 0.001911 0.001801 0.001656 0.001471 0.001244 0.000976 0.000673 0.000344 0.000000 
50.000000 42.454416 35.178638 28.413554 22.347381 17.100940 12.723677 9.199756 6.461652 4.407634 2.919528 1.877937 1.173305 0.712401 0.420774 0.242203 0.136336 0.075538 0.041701 0.023442 0.013883 0.009026 0.006630 0.005482 0.004947 0.004704 0.004598 0.004552 0.004532 0.004524 0.004521 0.004519 0.004516 0.004513 0.004506 0.004495 0.004476 0.004445 0.004395 0.004317 0.004202 0.004036 0.003807 0.003502 0.003113 0.002633 0.002067 0.001426 0.000728 0.000000 
50.000000 42.455150 35.180078 28.415652 22.350068 17.104136 12.727297 9.203718 6.465879 4.412060 2.924097 1.882607 1.178042 0.717183 0.425584 0.247030 0.141172 0.080381 0.046547 0.028289 0.018731 0.013875 0.011479 0.010331 0.009796 0.009554 0.009447 0.009401 0.009381 0.009373 0.009369 0.009366 0.009362 0.009355 0.009342 0.009320 0.009281 0.009217 0.009115 0.008956 0.008720 0.008380 0.007908 0.007279 0.006473 0.005479 0.004303 0.002969 0.001516 0.000000 
50.000000 42.456595 35.182917 28.419786 22.355363 17.110435 12.734432 9.211525 6.474209 4.420781 2.933101 1.891809 1.187378 0.726606 0.435062 0.256541 0.150704 0.089924 0.056097 0.037842 0.028286 0.023431 0.021036 0.019887 0.019352 0.019110 0.019003 0.018957 0.018938 0.018929 0.018924 0.018919 0.018911 0.018898 0.018873 0.018828 0.018752 0.018626 0.018423 0.018108 0.017637 0.016957 0.016012 0.014748 0.013122 0.011114 0.008734 0.006028 0.003079 0.000000 
50.000000 42.459356 35.188340 28.427683 22.365478 17.122467 12.748063 9.226442 6.490123 4.437443 2.950305 1.909391 1.205216 0.744611 0.453172 0.274716 0.168917 0.108159 0.074343 0.056095 0.046543 0.041689 0.039295 0.038147 0.037612 0.037370 0.037263 0.037217 0.037197 0.037187 0.037181 0.037173 0.037159 0.037133 0.037085 0.037001 0.036856 0.036614 0.036224 0.035617 0.034705 0.033385 0.031544 0.029074 0.025888 0.021942 0.017254 0.011914 0.006087 0.000000 
50.000000 42.464472 35.198388 28.442316 22.384221 17.144762 12.773320 9.254082 6.519614 4.468320 2.982185 1.941973 1.238272 0.777976 0.486733 0.308397 0.202669 0.141951 0.108158 0.089922 0.080376 0.075526 0.073133 0.071986 0.071451 0.071209 0.071102 0.071056 0.071035 0.071024 0.071015 0.071001 0.070976 0.070928 0.070841 0.070686 0.070417 0.069968 0.069241 0.068106 0.066395 0.063909 0.060429 0.055742 0.049676 0.042140 0.033161 0.022911 0.011711 0.000000 
50.000000 42.473662 35.216439 28.468604 22.417892 17.184816 12.818697 9.303741 6.572598 4.523796 3.039465 2.000514 1.297665 0.837927 0.547035 0.368914 0.263313 0.202668 0.168916 0.150702 0.141168 0.136323 0.133933 0.132787 0.132253 0.132011 0.131904 0.131857 0.131836 0.131823 0.131809 0.131785 0.131741 0.131657 0.131502 0.131225 0.130744 0.129936 0.128626 0.126571 0.123460 0.118920 0.112539 0.103908 0.092694 0.078710 0.061994 0.042863 0.021918 0.000000 
50.000000 42.489662 35.247865 28.514371 22.476515 17.254554 12.897703 9.390205 6.664852 4.620392 3.139203 2.102449 1.401085 0.942317 0.652039 0.474293 0.368914 0.308397 0.274715 0.256540 0.247025 0.242190 0.239805 0.238662 0.238129 0.237887 0.237780 0.237733 0.237709 0.237693 0.237671 0.237631 0.237556 0.237412 0.237146 0.236669 0.235837 0.234435 0.232149 0.228549 0.223074 0.215044 0.203702 0.188288 0.168166 0.142963 0.112721 0.078003 0.039910 0.000000 
50.000000 42.516645 35.300865 28.591558 22.575384 17.372169 13.030952 9.536034 6.820451 4.783314 3.307427 2.274382 1.575525 1.118394 0.829152 0.652039 0.547035 0.486733 0.453171 0.435060 0.425579 0.420762 0.418385 0.417245 0.416714 0.416473 0.416366 0.416318 0.416292 0.416269 0.416235 0.416172 0.416048 0.415811 0.415370 0.414576 0.413187 0.410836 0.406985 0.400889 0.391569 0.377825 0.358301 0.331620 0.296595 0.252499 0.199345 0.138091 0.070703 0.000000 
50.000000 42.560705 35.387407 28.717593 22.736825 17.564224 13.248540 9.774168 7.074542 5.049369 3.582145 2.555159 1.860398 1.405944 1.118394 0.942317 0.837926 0.777976 0.744610 0.726604 0.717178 0.712389 0.710026 0.708893 0.708365 0.708125 0.708017 0.707967 0.707938 0.707907 0.707855 0.707756 0.707559 0.707183 0.706480 0.705207 0.702972 0.699170 0.692911 0.682946 0.667620 0.644879 0.612363 0.567634 0.508534 0.433668 0.342918 0.237855 0.121885 0.000000 
50.000000 42.630329 35.524161 28.916758 22.991944 17.867723 13.592394 10.150498 7.476095 5.469835 4.016306 2.998901 2.310617 1.860397 1.575525 1.401085 1.297665 1.238272 1.205215 1.187376 1.178038 1.173293 1.170951 1.169829 1.169306 1.169067 1.168960 1.168908 1.168873 1.168830 1.168754 1.168603 1.168304 1.167729 1.166651 1.164689 1.161227 1.155308 1.145508 1.129807 1.105498 1.069169 1.016835 0.944285 0.847684 0.724398 0.573934 0.398739 0.204548 0.000000 
50.000000 42.736755 35.733203 29.221204 23.381925 18.331666 14.118031 10.725787 8.089952 6.112614 4.680029 3.677277 2.998901 2.555159 2.274382 2.102449 2.000514 1.941973 1.909391 1.891807 1.882602 1.877925 1.875617 1.874511 1.873995 1.873759 1.873652 1.873597 1.873555 1.873497 1.873388 1.873168 1.872732 1.871888 1.870300 1.867397 1.862248 1.853393 1.838638 1.814838 1.777709 1.721768 1.640482 1.526772 1.373962 1.177167 0.934960 0.650905 0.334370 0.000000 
50.000000 42.894054 36.042169 29.671182 23.958332 19.017401 14.894963 11.576122 8.997306 7.062728 5.661113 4.680029 4.016306 3.582145 3.307427 3.139203 3.039465 2.982185 2.950304 2.933099 2.924092 2.919516 2.917257 2.916175 2.915669 2.915438 2.915331 2.915273 2.915223 2.915146 2.914995 2.914689 2.914080 2.912894 2.910654 2.906538 2.899199 2.886499 2.865192 2.830556 2.776069 2.693209 2.571596 2.399653 2.166016 1.861776 1.483366 1.035477 0.532900 0.000000 
50.000000 43.118756 36.483533 30.313988 24.781752 19.997011 16.004868 12.790903 10.293560 8.420086 7.062728 6.112614 5.469835 5.049369 4.783314 4.620392 4.523796 4.468320 4.437443 4.420779 4.412055 4.407622 4.405435 4.404386 4.403896 4.403671 4.403565 4.403504 4.403444 4.403344 4.403145 4.402739 4.401925 4.400336 4.397318 4.391745 4.381749 4.364337 4.334905 4.286660 4.210043 4.092304 3.917488 3.667202 3.322549 2.867568 2.294079 1.607135 0.829155 0.000000 
50.000000 43.428876 37.092678 31.201156 25.918205 21.349045 17.536749 14.467552 12.082678 10.293560 8.997306 8.089952 7.476095 7.074542 6.820451 6.664852 6.572598 6.519614 6.490123 6.474207 6.465875 6.461641 6.459551 6.458549 6.458081 6.457865 6.457761 6.457697 6.457627 6.457504 6.457253 6.456739 6.455705 6.453677 6.449808 6.442626 6.429663 6.406926 6.368184 6.304097 6.201256 6.041339 5.800719 5.451091 4.961835 4.304901 3.462610 2.437609 1.262003 0.000000 
50.000000 43.842239 37.904617 32.383685 27.433025 23.151236 19.578687 16.702483 14.467552 12.790903 11.576122 10.725787 10.150498 9.774168 9.536034 9.390205 9.303741 9.254082 9.226441 9.211524 9.203714 9.199745 9.197786 9.196847 9.196407 9.196204 9.196104 9.196038 9.195959 9.195814 9.195515 9.194899 9.193654 9.191203 9.186503 9.177733 9.161805 9.133663 9.085306 9.004525 8.873415 8.666832 8.351242 7.884666 7.218955 6.305957 5.109212 3.621482 1.884491 0.000000 
50.000000 44.374186 38.949488 33.905470 29.382444 25.470492 22.206499 19.578687 17.536749 16.004868 14.894963 14.118031 13.592394 13.248540 13.030952 12.897703 12.818697 12.773320 12.748062 12.734431 12.727294 12.723667 12.721877 12.721018 12.720616 12.720429 12.720335 12.720269 12.720184 12.720022 12.719686 12.718990 12.717579 12.714789 12.709415 12.699332 12.680906 12.648108 12.591259 12.495310 12.337666 12.085658 11.694021 11.103249 10.240427 9.025361 7.386053 5.287549 2.773063 0.000000 
50.000000 45.034898 40.247285 35.795634 31.803774 28.351209 25.470492 23.151236 21.349045 19.997011 19.017401 18.331666 17.867723 17.564224 17.372169 17.254554 17.184816 17.144762 17.122466 17.110433 17.104133 17.100931 17.099351 17.098593 17.098238 17.098072 17.097987 17.097923 17.097836 17.097667 17.097314 17.096580 17.095086 17.092122 17.086388 17.075574 17.055690 17.020040 16.957704 16.851385 16.674462 16.387210 15.932281 15.230065 14.175605 12.640917 10.490470 7.622524 4.048976 0.000000 
50.000000 45.826753 41.802685 38.060989 34.705744 31.803774 29.382444 27.433025 25.918205 24.781752 23.958332 23.381925 22.991944 22.736825 22.575384 22.476515 22.417892 22.384220 22.365478 22.355362 22.350065 22.347374 22.346045 22.345407 22.345108 22.344968 22.344895 22.344838 22.344755 22.344592 22.344250 22.343536 22.342081 22.339182 22.333552 22.322884 22.303158 22.267547 22.204758 22.096556 21.914184 21.613305 21.127068 20.357083 19.162857 17.352872 14.687576 10.920704 5.931462 0.000000 
50.000000 46.742285 43.601019 40.680172 38.060989 35.795634 33.905470 32.383685 31.201156 30.313988 29.671182 29.221204 28.916758 28.717593 28.591558 28.514371 28.468604 28.442316 28.427683 28.419785 28.415650 28.413548 28.412511 28.412013 28.411779 28.411669 28.411611 28.411563 28.411492 28.411351 28.411053 28.410430 28.409155 28.406610 28.401650 28.392212 28.374675 28.342825 28.286244 28.187816 28.019909 27.738546 27.274474 26.519417 25.305164 23.373413 20.340086 15.684188 8.879844 0.000000 
50.000000 47.763260 45.606471 43.601019 41.802685 40.247285 38.949488 37.904617 37.092678 36.483533 36.042169 35.733203 35.524161 35.387407 35.300865 35.247865 35.216439 35.198388 35.188340 35.182917 35.180077 35.178634 35.177921 35.177579 35.177419 35.177343 35.177302 35.177268 35.177216 35.177111 35.176890 35.176427 35.175477 35.173576 35.169863 35.162774 35.149552 35.125423 35.082298 35.006692 34.876399 34.655069 34.283135 33.661939 32.624761 30.881981 27.916831 22.803235 14.009169 0.000000 
50.000000 48.861279 47.763260 46.742285 45.826753 45.034898 44.374186 43.842239 43.428876 43.118756 42.894054 42.736755 42.630329 42.560705 42.516645 42.489662 42.473662 42.464472 42.459356 42.456595 42.455149 42.454414 42.454051 42.453877 42.453795 42.453757 42.453736 42.453718 42.453690 42.453635 42.453517 42.453269 42.452761 42.451744 42.449752 42.445943 42.438820 42.425781 42.402385 42.361154 42.289601 42.166873 41.957748 41.601123 40.985922 39.895292 37.862441 33.754091 24.430639 0.000000 
50.000000 50.000000 50.000000 50.000000 50.000000 50.000000 50.000000 50.000000 50.000000 50.000000 50.000000 50.000000 50.000000 50.000000 50.000000 50.000000 50.000000 50.000000 50.000000 50.000000 50.000000 50.000000 50.000000 50.000000 50.000000 50.000000 50.000000 50.000000 50.000000 50.000000 50.000000 50.000000 50.000000 50.000000 50.000000 50.000000 50.000000 50.000000 50.000000 50.000000 50.000000 50.000000 50.000000 50.000000 50.000000 50.000000 50.000000 50.000000 50.000000 50.000000 
