50.000000 50.000000 50.000000 50.000000 50.000000 50.000000 50.000000 50.000000 50.000000 50.000000 50.000000 50.000000 50.000000 50.000000 50.000000 50.000000 50.000000 50.000000 50.000000 50.000000 50.000000 50.000000 50.000000 50.000000 50.000000 50.000000 50.000000 50.000000 50.000000 50.000000 50.000000 50.000000 50.000000 50.000000 50.000000 50.000000 50.000000 50.000000 50.000000 50.000000 50.000000 50.000000 50.000000 50.000000 50.000000 50.000000 50.000000 50.000000 50.000000 50.000000 
50.000000 41.215074 34.810510 31.288525 29.768195 29.234854 29.078491 29.039321 29.030787 29.029146 29.028865 29.028821 29.028815 29.028815 29.028814 29.028814 29.028814 29.028814 29.028814 29.028814 29.028814 29.028814 29.028814 29.028814 29.028814 29.028814 29.028814 29.028814 29.028814 29.028814 29.028814 29.028814 29.028814 29.028814 29.028814 29.028814 29.028814 29.028814 29.028814 29.028811 29.028792 29.028658 29.027826 29.023136 28.999205 28.889017 28.430882 26.697397 20.607537 0.000000 
50.000000 34.810510 23.739702 17.654418 15.029102 14.108727 13.839087 13.771591 13.756896 13.754074 13.753590 13.753515 13.753505 13.753503 13.753503 13.753503 13.753503 13.753503 13.753503 13.753503 13.753503 13.753503 13.753503 13.753503 13.753503 13.753503 13.753503 13.753503 13.753503 13.753503 13.753503 13.753503 13.753503 13.753503 13.753503 13.753503 13.753503 13.753503 13.753503 13.753500 13.753479 13.753335 13.752459 13.747618 13.723686 13.618690 13.214482 11.869851 8.113113 0.000000 
50.000000 31.288525 17.654418 10.163616 6.933812 5.802267 5.470999 5.388138 5.370113 5.366654 5.366061 5.365970 5.365957 5.365955 5.365955 5.365955 5.365955 5.365955 5.365955 5.365955 5.365955 5.365955 5.365955 5.365955 5.365955 5.365955 5.365955 5.365955 5.365955 5.365955 5.365955 5.365955 5.365955 5.365955 5.365955 5.365955 5.365955 5.365955 5.365955 5.365953 5.365940 5.365854 5.365333 5.362508 5.348898 5.291381 5.081808 4.439936 2.857643 0.000000 
50.000000 29.768195 15.029102 6.933812 3.444790 2.222993 1.865481 1.776102 1.756670 1.752942 1.752304 1.752206 1.752192 1.752190 1.752190 1.752190 1.752190 1.752190 1.752190 1.752190 1.752190 1.752190 1.752190 1.752190 1.752190 1.752190 1.752190 1.752190 1.752190 1.752190 1.752190 1.752190 1.752190 1.752190 1.752190 1.752190 1.752190 1.752190 1.752190 1.752189 1.752184 1.752147 1.751927 1.750753 1.745205 1.722395 1.642431 1.410411 0.879179 0.000000 
50.000000 29.234854 14.108727 5.802267 2.222993 0.969891 0.603313 0.511693 0.491779 0.487960 0.487307 0.487206 0.487192 0.487190 0.487190 0.487190 0.487190 0.487190 0.487190 0.487190 0.487190 0.487190 0.487190 0.487190 0.487190 0.487190 0.487190 0.487190 0.487190 0.487190 0.487190 0.487190 0.487190 0.487190 0.487190 0.487190 0.487190 0.487190 0.487190 0.487189 0.487187 0.487175 0.487103 0.486722 0.484946 0.477788 0.453368 0.385040 0.235649 0.000000 
50.000000 29.078491 13.839087 5.470999 1.865481 0.603313 0.234122 0.141858 0.121806 0.117962 0.117304 0.117202 0.117188 0.117186 0.117186 0.117186 0.117186 0.117186 0.117186 0.117186 0.117186 0.117186 0.117186 0.117186 0.117186 0.117186 0.117186 0.117186 0.117186 0.117186 0.117186 0.117186 0.117186 0.117186 0.117186 0.117186 0.117186 0.117186 0.117186 0.117186 0.117186 0.117182 0.117163 0.117061 0.116592 0.114728 0.108491 0.091469 0.055355 0.000000 
50.000000 29.039321 13.771591 5.388138 1.776102 0.511693 0.141858 0.049437 0.029352 0.025501 0.024842 0.024740 0.024726 0.024724 0.024724 0.024724 0.024724 0.024724 0.024724 0.024724 0.024724 0.024724 0.024724 0.024724 0.024724 0.024724 0.024724 0.024724 0.024724 0.024724 0.024724 0.024724 0.024724 0.024724 0.024724 0.024724 0.024724 0.024724 0.024724 0.024724 0.024724 0.024723 0.024719 0.024696 0.024590 0.024175 0.022805 0.019132 0.011495 0.000000 
50.000000 29.030787 13.756896 5.370113 1.756670 0.491779 0.121806 0.029352 0.009259 0.005407 0.004748 0.004646 0.004632 0.004630 0.004630 0.004630 0.004630 0.004630 0.004630 0.004630 0.004630 0.004630 0.004630 0.004630 0.004630 0.004630 0.004630 0.004630 0.004630 0.004630 0.004630 0.004630 0.004630 0.004630 0.004630 0.004630 0.004630 0.004630 0.004630 0.004630 0.004630 0.004630 0.004629 0.004624 0.004604 0.004523 0.004259 0.003561 0.002129 0.000000 
50.000000 29.029146 13.754074 5.366654 1.752942 0.487960 0.117962 0.025501 0.005407 0.001555 0.000895 0.000794 0.000779 0.000778 0.000777 0.000777 0.000777 0.000777 0.000777 0.000777 0.000777 0.000777 0.000777 0.000777 0.000777 0.000777 0.000777 0.000777 0.000777 0.000777 0.000777 0.000777 0.000777 0.000777 0.000777 0.000777 0.000777 0.000777 0.000777 0.000777 0.000777 0.000777 0.000777 0.000776 0.000773 0.000759 0.000714 0.000595 0.000355 0.000000 
50.000000 29.028865 13.753590 5.366061 1.752304 0.487307 0.117304 0.024842 0.004748 0.000895 0.000236 0.000134 0.000120 0.000118 0.000118 0.000118 0.000118 0.000118 0.000118 0.000118 0.000118 0.000118 0.000118 0.000118 0.000118 0.000118 0.000118 0.000118 0.000118 0.000118 0.000118 0.000118 0.000118 0.000118 0.000118 0.000118 0.000118 0.000118 0.000118 0.000118 0.000118 0.000118 0.000118 0.000118 0.000117 0.000115 0.000108 0.000090 0.000054 0.000000 
50.000000 29.028821 13.753515 5.365970 1.752206 0.487206 0.117202 0.024740 0.004646 0.000794 0.000134 0.000033 0.000018 0.000017 0.000016 0.000016 0.000016 0.000016 0.000016 0.000016 0.000016 0.000016 0.000016 0.000016 0.000016 0.000016 0.000016 0.000016 0.000016 0.000016 0.000016 0.000016 0.000016 0.000016 0.000016 0.000016 0.000016 0.000016 0.000016 0.000016 0.000016 0.000016 0.000016 0.000016 0.000016 0.000016 0.000015 0.000012 0.000007 0.000000 
50.000000 29.028815 13.753505 5.365957 1.752192 0.487192 0.117188 0.024726 0.004632 0.000779 0.000120 0.000018 0.000004 0.000002 0.000002 0.000002 0.000002 0.000002 0.000002 0.000002 0.000002 0.000002 0.000002 0.000002 0.000002 0.000002 0.000002 0.000002 0.000002 0.000002 0.000002 0.000002 0.000002 0.000002 0.000002 0.000002 0.000002 0.000002 0.000002 0.000002 0.000002 0.000002 0.000002 0.000002 0.000002 0.000002 0.000002 0.000002 0.000001 0.000000 
50.000000 29.028815 13.753503 5.365955 1.752190 0.487190 0.117186 0.024724 0.004630 0.000778 0.000118 0.000017 0.000002 0.000000 0.000000 0.000000 0.000000 0.000000 0.000000 0.000000 0.000000 0.000000 0.000000 0.000000 0.000000 0.000000 0.000000 0.000000 0.000000 0.000000 0.000000 0.000000 0.000000 0.000000 0.000000 0.000000 0.000000 0.000000 0.000000 0.000000 0.000000 0.000000 0.000000 0.000000 0.000000 0.000000 0.000000 0.000000 0.000000 0.000000 
50.000000 29.028814 13.753503 5.365955 1.752190 0.487190 0.117186 0.024724 0.004630 0.000777 0.000118 0.000016 0.000002 0.000000 0.000000 0.000000 0.000000 0.000000 0.000000 0.000000 0.000000 0.000000 0.000000 0.000000 0.000000 0.000000 0.000000 0.000000 0.000000 0.000000 0.000000 0.000000 0.000000 0.000000 0.000000 0.000000 0.000000 0.000000 0.000000 0.000000 0.000000 0.000000 0.000000 0.000000 0.000000 0.000000 0.000000 0.000000 0.000000 0.000000 
50.000000 29.028814 13.753503 5.365955 1.752190 0.487190 0.117186 0.024724 0.004630 0.000777 0.000118 0.000016 0.000002 0.000000 0.000000 0.000000 0.000000 0.000000 0.000000 0.000000 0.000000 0.000000 0.000000 0.000000 0.000000 0.000000 0.000000 0.000000 0.000000 0.000000 0.000000 0.000000 0.000000 0.000000 0.000000 0.000000 0.000000 0.000000 0.000000 0.000000 0.000000 0.000000 0.000000 0.000000 0.000000 0.000000 0.000000 0.000000 0.000000 0.000000 
50.000000 29.028814 13.753503 5.365955 1.752190 0.487190 0.117186 0.024724 0.004630 0.000777 0.000118 0.000016 0.000002 0.000000 0.000000 0.000000 0.000000 0.000000 0.000000 0.000000 0.000000 0.000000 0.000000 0.000000 0.000000 0.000000 0.000000 0.000000 0.000000 0.000000 0.000000 0.000000 0.000000 0.000000 0.000000 0.000000 0.000000 0.000000 0.000000 0.000000 0.000000 0.000000 0.000000 0.000000 0.000000 0.000000 0.000000 0.000000 0.000000 0.000000 
50.000000 29.028814 13.753503 5.365955 1.752190 0.487190 0.117186 0.024724 0.004630 0.000777 0.000118 0.000016 0.000002 0.000000 0.000000 0.000000 0.000000 0.000000 0.000000 0.000000 0.000000 0.000000 0.000000 0.000000 0.000000 0.000000 0.000000 0.000000 0.000000 0.000000 0.000000 0.000000 0.000000 0.000000 0.000000 0.000000 0.000000 0.000000 0.000000 0.000000 0.000000 0.000000 0.000000 0.000000 0.000000 0.000000 0.000000 0.000000 0.000000 0.000000 
50.000000 29.028814 13.753503 5.365955 1.752190 0.487190 0.117186 0.024724 0.004630 0.000777 0.000118 0.000016 0.000002 0.000000 0.000000 0.000000 0.000000 0.000000 0.000000 0.000000 0.000000 0.000000 0.000000 0.000000 0.000000 0.000000 0.000000 0.000000 0.000000 0.000000 0.000000 0.000000 0.000000 0.000000 0.000000 0.000000 0.000000 0.000000 0.000000 0.000000 0.000000 0.000000 0.000000 0.000000 0.000000 0.000000 0.000000 0.000000 0.000000 0.000000 
50.000000 29.028814 13.753503 5.365955 1.752190 0.487190 0.117186 0.024724 0.004630 0.000777 0.000118 0.000016 0.000002 0.000000 0.000000 0.000000 0.000000 0.000000 0.000000 0.000000 0.000000 0.000000 0.000000 0.000000 0.000000 0.000000 0.000000 0.000000 0.000000 0.000000 0.000000 0.000000 0.000000 0.000000 0.000000 0.000000 0.000000 0.000000 0.000000 0.000000 0.000000 0.000000 0.000000 0.000000 0.000000 0.000000 0.000000 0.000000 0.000000 0.000000 
50.000000 29.028814 13.753503 5.365955 1.752190 0.487190 0.117186 0.024724 0.004630 0.000777 0.000118 0.000016 0.000002 0.000000 0.000000 0.000000 0.000000 0.000000 0.000000 0.000000 0.000000 0.000000 0.000000 0.000000 0.000000 0.000000 0.000000 0.000000 0.000000 0.000000 0.000000 0.000000 0.000000 0.000000 0.000000 0.000000 0.000000 0.000000 0.000000 0.000000 0.000000 0.000000 0.000000 0.000000 0.000000 0.000000 0.000000 0.000000 0.000000 0.000000 
50.000000 29.028814 13.753503 5.365955 1.752190 0.487190 0.117186 0.024724 0.004630 0.000777 0.000118 0.000016 0.000002 0.000000 0.000000 0.000000 0.000000 0.000000 0.000000 0.000000 0.000000 0.000000 0.000000 0.000000 0.000000 0.000000 0.000000 0.000000 0.000000 0.000000 0.000000 0.000000 0.000000 0.000000 0.000000 0.000000 0.000000 0.000000 0.000000 0.000000 0.000000 0.000000 0.000000 0.000000 0.000000 0.000000 0.000000 0.000000 0.000000 0.000000 
50.000000 29.028814 13.753503 5.365955 1.752190 0.487190 0.117186 0.024724 0.004630 0.000777 0.000118 0.000016 0.000002 0.000000 0.000000 0.000000 0.000000 0.000000 0.000000 0.000000 0.000000 0.000000 0.000000 0.000000 0.000000 0.000000 0.000000 0.000000 0.000000 0.000000 0.000000 0.000000 0.000000 0.000000 0.000000 0.000000 0.000000 0.000000 0.000000 0.000000 0.000000 0.000000 0.000000 0.000000 0.000000 0.000000 0.000000 0.000000 0.000000 0.000000 
50.000000 29.028814 13.753503 5.365955 1.752190 0.487190 0.117186 0.024724 0.004630 0.000777 0.000118 0.000016 0.000002 0.000000 0.000000 0.000000 0.000000 0.000000 0.000000 0.000000 0.000000 0.000000 0.000000 0.000000 0.000000 0.000000 0.000000 0.000000 0.000000 0.000000 0.000000 0.000000 0.000000 0.000000 0.000000 0.000000 0.000000 0.000000 0.000000 0.000000 0.000000 0.000000 0.000000 0.000000 0.000000 0.000000 0.000000 0.000000 0.000000 0.000000 
50.000000 29.028814 13.753503 5.365955 1.752190 0.487190 0.117186 0.024724 0.004630 0.000777 0.000118 0.000016 0.000002 0.000000 0.000000 0.000000 0.000000 0.000000 0.000000 0.000000 0.000000 0.000000 0.000000 0.000000 0.000000 0.000000 0.000000 0.000000 0.000000 0.000000 0.000000 0.000000 0.000000 0.000000 0.000000 0.000000 0.000000 0.000000 0.000000 0.000000 0.000000 0.000000 0.000000 0.000000 0.000000 0.000000 0.000000 0.000000 0.000000 0.000000 
50.000000 29.028814 13.753503 5.365955 1.752190 0.487190 0.117186 0.024724 0.004630 0.000777 0.000118 0.000016 0.000002 0.000000 0.000000 0.000000 0.000000 0.000000 0.000000 0.000000 0.000000 0.000000 0.000000 0.000000 0.000000 0.000000 0.000000 0.000000 0.000000 0.000000 0.000000 0.000000 0.000000 0.000000 0.000000 0.000000 0.000000 0.000000 0.000000 0.000000 0.000000 0.000000 0.000000 0.000000 0.000000 0.000000 0.000000 0.000000 0.000000 0.000000 
50.000000 29.028814 13.753503 5.365955 1.752190 0.487190 0.117186 0.024724 0.004630 0.000777 0.000118 0.000016 0.000002 0.000000 0.000000 0.000000 0.000000 0.000000 0.000000 0.000000 0.000000 0.000000 0.000000 0.000000 0.000000 0.000000 0.000000 0.000000 0.000000 0.000000 0.000000 0.000000 0.000000 0.000000 0.000000 0.000000 0.000000 0.000000 0.000000 0.000000 0.000000 0.000000 0.000000 0.000000 0.000000 0.000000 0.000000 0.000000 0.000000 0.000000 
50.000000 29.028814 13.753503 5.365955 1.752190 0.487190 0.117186 0.024724 0.004630 0.000777 0.000118 0.000016 0.000002 0.000000 0.000000 0.000000 0.000000 0.000000 0.000000 0.000000 0.000000 0.000000 0.000000 0.000000 0.000000 0.000000 0.000000 0.000000 0.000000 0.000000 0.000000 0.000000 0.000000 0.000000 0.000000 0.000000 0.000000 0.000000 0.000000 0.000000 0.000000 0.000000 0.000000 0.000000 0.000000 0.000000 0.000000 0.000000 0.000000 0.000000 
50.000000 29.028814 13.753503 5.365955 1.752190 0.487190 0.117186 0.024724 0.004630 0.000777 0.000118 0.000016 0.000002 0.000000 0.000000 0.000000 0.000000 0.000000 0.000000 0.000000 0.000000 0.000000 0.000000 0.000000 0.000000 0.000000 0.000000 0.000000 0.000000 0.000000 0.000000 0.000000 0.000000 0.000000 0.000000 0.000000 0.000000 0.000000 0.000000 0.000000 0.000000 0.000000 0.000000 0.000000 0.000000 0.000000 0.000000 0.000000 0.000000 0.000000 
50.000000 29.028814 13.753503 5.365955 1.752190 0.487190 0.117186 0.024724 0.004630 0.000777 0.000118 0.000016 0.000002 0.000000 0.000000 0.000000 0.000000 0.000000 0.000000 0.000000 0.000000 0.000000 0.000000 0.000000 0.000000 0.000000 0.000000 0.000000 0.000000 0.000000 0.000000 0.000000 0.000000 0.000000 0.000000 0.000000 0.000000 0.000000 0.000000 0.000000 0.000000 0.000000 0.000000 0.000000 0.000000 0.000000 0.000000 0.000000 0.000000 0.000000 
50.000000 29.028814 13.753503 5.365955 1.752190 0.487190 0.117186 0.024724 0.004630 0.000777 0.000118 0.000016 0.000002 0.000000 0.000000 0.000000 0.000000 0.000000 0.000000 0.000000 0.000000 0.000000 0.000000 0.000000 0.000000 0.000000 0.000000 0.000000 0.000000 0.000000 0.000000 0.000000 0.000000 0.000000 0.000000 0.000000 0.000000 0.000000 0.000000 0.000000 0.000000 0.000000 0.000000 0.000000 0.000000 0.000000 0.000000 0.000000 0.000000 0.000000 
50.000000 29.028814 13.753503 5.365955 1.752190 0.487190 0.117186 0.024724 0.004630 0.000777 0.000118 0.000016 0.000002 0.000000 0.000000 0.000000 0.000000 0.000000 0.000000 0.000000 0.000000 0.000000 0.000000 0.000000 0.000000 0.000000 0.000000 0.000000 0.000000 0.000000 0.000000 0.000000 0.000000 0.000000 0.000000 0.000000 0.000000 0.000000 0.000000 0.000000 0.000000 0.000000 0.000000 0.000000 0.000000 0.000000 0.000000 0.000000 0.000000 0.000000 
50.000000 29.028814 13.753503 5.365955 1.752190 0.487190 0.117186 0.024724 0.004630 0.000777 0.000118 0.000016 0.000002 0.000000 0.000000 0.000000 0.000000 0.000000 0.000000 0.000000 0.000000 0.000000 0.000000 0.000000 0.000000 0.000000 0.000000 0.000000 0.000000 0.000000 0.000000 0.000000 0.000000 0.000000 0.000000 0.000000 0.000000 0.000000 0.000000 0.000000 0.000000 0.000000 0.000000 0.000000 0.000000 0.000000 0.000000 0.000000 0.000000 0.000000 
50.000000 29.028814 13.753503 5.365955 1.752190 0.487190 0.117186 0.024724 0.004630 0.000777 0.000118 0.000016 0.000002 0.000000 0.000000 0.000000 0.000000 0.000000 0.000000 0.000000 0.000000 0.000000 0.000000 0.000000 0.000000 0.000000 0.000000 0.000000 0.000000 0.000000 0.000000 0.000000 0.000000 0.000000 0.000000 0.000000 0.000000 0.000000 0.000000 0.000000 0.000000 0.000000 0.000000 0.000000 0.000000 0.000000 0.000000 0.000000 0.000000 0.000000 
50.000000 29.028814 13.753503 5.365955 1.752190 0.487190 0.117186 0.024724 0.004630 0.000777 0.000118 0.000016 0.000002 0.000000 0.000000 0.000000 0.000000 0.000000 0.000000 0.000000 0.000000 0.000000 0.000000 0.000000 0.000000 0.000000 0.000000 0.000000 0.000000 0.000000 0.000000 0.000000 0.000000 0.000000 0.000000 0.000000 0.000000 0.000000 0.000000 0.000000 0.000000 0.000000 0.000000 0.000000 0.000000 0.000000 0.000000 0.000000 0.000000 0.000000 
50.000000 29.028814 13.753503 5.365955 1.752190 0.487190 0.117186 0.024724 0.004630 0.000777 0.000118 0.000016 0.000002 0.000000 0.000000 0.000000 0.000000 0.000000 0.000000 0.000000 0.000000 0.000000 0.000000 0.000000 0.000000 0.000000 0.000000 0.000000 0.000000 0.000000 0.000000 0.000000 0.000000 0.000000 0.000000 0.000000 0.000000 0.000000 0.000000 0.000000 0.000000 0.000000 0.000000 0.000000 0.000000 0.000000 0.000000 0.000000 0.000000 0.000000 
50.000000 29.028815 13.753503 5.365955 1.752190 0.487190 0.117186 0.024724 0.004630 0.000778 0.000118 0.000017 0.000002 0.000000 0.000000 0.000000 0.000000 0.000000 0.000000 0.000000 0.000000 0.000000 0.000000 0.000000 0.000000 0.000000 0.000000 0.000000 0.000000 0.000000 0.000000 0.000000 0.000000 0.000000 0.000000 0.000000 0.000000 0.000000 0.000000 0.000000 0.000000 0.000000 0.000000 0.000000 0.000000 0.000000 0.000000 0.000000 0.000000 0.000000 
50.000000 29.028815 13.753505 5.365957 1.752192 0.487192 0.117188 0.024726 0.004632 0.000779 0.000120 0.000018 0.000004 0.000002 0.000002 0.000002 0.000002 0.000002 0.000002 0.000002 0.000002 0.000002 0.000002 0.000002 0.000002 0.000002 0.000002 0.000002 0.000002 0.000002 0.000002 0.000002 0.000002 0.000002 0.000002 0.000002 0.000002 0.000002 0.000002 0.000002 0.000002 0.000002 0.000002 0.000002 0.000002 0.000002 0.000002 0.000002 0.000001 0.000000 
50.000000 29.028821 13.753515 5.365970 1.752206 0.487206 0.117202 0.024740 0.004646 0.000794 0.000134 0.000033 0.000018 0.000017 0.000016 0.000016 0.000016 0.000016 0.000016 0.000016 0.000016 0.000016 0.000016 0.000016 0.000016 0.000016 0.000016 0.000016 0.000016 0.000016 0.000016 0.000016 0.000016 0.000016 0.000016 0.000016 0.000016 0.000016 0.000016 0.000016 0.000016 0.000016 0.000016 0.000016 0.000016 0.000016 0.000015 0.000012 0.000007 0.000000 
50.000000 29.028865 13.753590 5.366061 1.752304 0.487307 0.117304 0.024842 0.004748 0.000895 0.000236 0.000134 0.000120 0.000118 0.000118 0.000118 0.000118 0.000118 0.000118 0.000118 0.000118 0.000118 0.000118 0.000118 0.000118 0.000118 0.000118 0.000118 0.000118 0.000118 0.000118 0.000118 0.000118 0.000118 0.000118 0.000118 0.000118 0.000118 0.000118 0.000118 0.000118 0.000118 0.000118 0.000118 0.000117 0.000115 0.000108 0.000090 0.000054 0.000000 
50.000000 29.029146 13.754074 5.366654 1.752942 0.487960 0.117962 0.025501 0.005407 0.001555 0.000895 0.000794 0.000779 0.000778 0.000777 0.000777 0.000777 0.000777 0.000777 0.000777 0.000777 0.000777 0.000777 0.000777 0.000777 0.000777 0.000777 0.000777 0.000777 0.000777 0.000777 0.000777 0.000777 0.000777 0.000777 0.000777 0.000777 0.000777 0.000777 0.000777 0.000777 0.000777 0.000777 0.000776 0.000773 0.000759 0.000714 0.000595 0.000355 0.000000 
50.000000 29.030787 13.756896 5.370113 1.756670 0.491779 0.121806 0.029352 0.009259 0.005407 0.004748 0.004646 0.004632 0.004630 0.004630 0.004630 0.004630 0.004630 0.004630 0.004630 0.004630 0.004630 0.004630 0.004630 0.004630 0.004630 0.004630 0.004630 0.004630 0.004630 0.004630 0.004630 0.004630 0.004630 0.004630 0.004630 0.004630 0.004630 0.004630 0.004630 0.004630 0.004630 0.004629 0.004624 0.004604 0.004523 0.004259 0.003561 0.002129 0.000000 
50.000000 29.039321 13.771591 5.388138 1.776102 0.511693 0.141858 0.049437 0.029352 0.025501 0.024842 0.024740 0.024726 0.024724 0.024724 0.024724 0.024724 0.024724 0.024724 0.024724 0.024724 0.024724 0.024724 0.024724 0.024724 0.024724 0.024724 0.024724 0.024724 0.024724 0.024724 0.024724 0.024724 0.024724 0.024724 0.024724 0.024724 0.024724 0.024724 0.024724 0.024724 0.024723 0.024719 0.024696 0.024590 0.024175 0.022805 0.019132 0.011495 0.000000 
50.000000 29.078491 13.839087 5.470999 1.865481 0.603313 0.234122 0.141858 0.121806 0.117962 0.117304 0.117202 0.117188 0.117186 0.117186 0.117186 0.117186 0.117186 0.117186 0.117186 0.117186 0.117186 0.117186 0.117186 0.117186 0.117186 0.117186 0.117186 0.117186 0.117186 0.117186 0.117186 0.117186 0.117186 0.117186 0.117186 0.117186 0.117186 0.117186 0.117186 0.117186 0.117182 0.117163 0.117061 0.116592 0.114728 0.108491 0.091469 0.055355 0.000000 
50.000000 29.234854 14.108727 5.802267 2.222993 0.969891 0.603313 0.511693 0.491779 0.487960 0.487307 0.487206 0.487192 0.487190 0.487190 0.487190 0.487190 0.487190 0.487190 0.487190 0.487190 0.487190 0.487190 0.487190 0.487190 0.487190 0.487190 0.487190 0.487190 0.487190 0.487190 0.487190 0.487190 0.487190 0.487190 0.487190 0.487190 0.487190 0.487190 0.487189 0.487187 0.487175 0.487103 0.486722 0.484946 0.477788 0.453368 0.385040 0.235649 0.000000 
50.000000 29.768195 15.029102 6.933812 3.444790 2.222993 1.865481 1.776102 1.756670 1.752942 1.752304 1.752206 1.752192 1.752190 1.752190 1.752190 1.752190 1.752190 1.752190 1.752190 1.752190 1.752190 1.752190 1.752190 1.752190 1.752190 1.752190 1.752190 1.752190 1.752190 1.752190 1.752190 1.752190 1.752190 1.752190 1.752190 1.752190 1.752190 1.752190 1.752189 1.752184 1.752147 1.751927 1.750753 1.745205 1.722395 1.642431 1.410411 0.879179 0.000000 
50.000000 31.288525 17.654418 10.163616 6.933812 5.802267 5.470999 5.388138 5.370113 5.366654 5.366061 5.365970 5.365957 5.365955 5.365955 5.365955 5.365955 5.365955 5.365955 5.365955 5.365955 5.365955 5.365955 5.365955 5.365955 5.365955 5.365955 5.365955 5.365955 5.365955 5.365955 5.365955 5.365955 5.365955 5.365955 5.365955 5.365955 5.365955 5.365955 5.365953 5.365940 5.365854 5.365333 5.362508 5.348898 5.291381 5.081808 4.439936 2.857643 0.000000 
50.000000 34.810510 23.739702 17.654418 15.029102 14.108727 13.839087 13.771591 13.756896 13.754074 13.753590 13.753515 13.753505 13.753503 13.753503 13.753503 13.753503 13.753503 13.753503 13.753503 13.753503 13.753503 13.753503 13.753503 13.753503 13.753503 13.753503 13.753503 13.753503 13.753503 13.753503 13.753503 13.753503 13.753503 13.753503 13.753503 13.753503 13.753503 13.753503 13.753500 13.753479 13.753335 13.752459 13.747618 13.723686 13.618690 13.214482 11.869851 8.113113 0.000000 
50.000000 41.215074 34.810510 31.288525 29.768195 29.234854 29.078491 29.039321 29.030787 29.029146 29.028865 29.028821 29.028815 29.028815 29.028814 29.028814 29.028814 29.028814 29.028814 29.028814 29.028814 29.028814 29.028814 29.028814 29.028814 29.028814 29.028814 29.028814 29.028814 29.028814 29.028814 29.028814 29.028814 29.028814 29.028814 29.028814 29.028814 29.028814 29.028814 29.028811 29.028792 29.028658 29.027826 29.023136 28.999205 28.889017 28.430882 26.697397 20.607537 0.000000 
50.000000 50.000000 50.000000 50.000000 50.000000 50.000000 50.000000 50.000000 50.000000 50.000000 50.000000 50.000000 50.000000 50.000000 50.000000 50.000000 50.000000 50.000000 50.000000 50.000000 50.000000 50.000000 50.000000 50.000000 50.000000 50.000000 50.000000 50.000000 50.000000 50.000000 50.000000 50.000000 50.000000 50.000000 50.000000 50.000000 50.000000 50.000000 50.000000 50.000000 50.000000 50.000000 50.000000 50.000000 50.000000 50.000000 50.000000 50.000000 50.000000 50.000000 
