50.000000 50.000000 50.000000 50.000000 50.000000 50.000000 50.000000 50.000000 50.000000 50.000000 50.000000 50.000000 50.000000 50.000000 50.000000 50.000000 50.000000 50.000000 50.000000 50.000000 50.000000 50.000000 50.000000 50.000000 50.000000 50.000000 50.000000 50.000000 50.000000 50.000000 50.000000 50.000000 50.000000 50.000000 50.000000 50.000000 50.000000 50.000000 50.000000 50.000000 50.000000 50.000000 50.000000 50.000000 50.000000 50.000000 50.000000 50.000000 50.000000 50.000000 
50.000000 48.883640 47.806401 46.803294 45.901830 45.119893 44.465117 43.935694 43.522257 43.210341 42.982924 42.822632 42.713370 42.641315 42.595324 42.566900 42.549883 42.540009 42.534455 42.531424 42.529818 42.528992 42.528580 42.528379 42.528284 42.528238 42.528213 42.528192 42.528160 42.528096 42.527962 42.527686 42.527125 42.526013 42.523857 42.519773 42.512203 42.498462 42.473995 42.431188 42.357392 42.231579 42.018352 41.656463 41.034738 39.936304 37.894444 33.776058 24.441820 0.000000 
50.000000 47.806401 45.689674 43.718613 41.947280 40.410814 39.124216 38.083932 37.271555 36.658664 36.211809 35.896849 35.682160 35.540580 35.450213 35.394364 35.360928 35.341527 35.330613 35.324657 35.321503 35.319881 35.319070 35.318676 35.318488 35.318399 35.318350 35.318309 35.318249 35.318129 35.317879 35.317361 35.316310 35.314231 35.310206 35.302598 35.288529 35.263068 35.217916 35.139327 35.004785 34.777612 34.397911 33.766746 32.717213 30.959653 27.977439 22.844837 14.030344 0.000000 
50.000000 46.803294 43.718613 40.846215 38.264883 36.025824 34.150900 32.634930 31.451086 30.557948 29.906772 29.447803 29.134952 28.928641 28.796958 28.715576 28.666854 28.638585 28.622681 28.614003 28.609407 28.607043 28.605862 28.605287 28.605014 28.604884 28.604814 28.604758 28.604675 28.604512 28.604175 28.603477 28.602065 28.599274 28.593889 28.583738 28.565042 28.531368 28.472011 28.369496 28.195770 27.906404 27.431693 26.662981 25.431805 23.479808 20.423108 15.741174 8.908850 0.000000 
50.000000 45.901830 41.947280 38.264883 34.955639 32.085198 29.681583 27.738150 26.220504 25.075543 24.240771 23.652403 23.251354 22.986881 22.818078 22.713756 22.651301 22.615064 22.594679 22.583555 22.577663 22.574634 22.573120 22.572384 22.572034 22.571868 22.571780 22.571712 22.571615 22.571427 22.571039 22.570237 22.568620 22.565434 22.559305 22.547800 22.526712 22.488960 22.422911 22.309910 22.120707 21.810428 21.311700 20.525680 19.311580 17.477819 14.785075 10.987627 5.965526 0.000000 
50.000000 45.119893 40.410814 36.025824 32.085198 28.667110 25.804930 23.490741 21.683582 20.320213 19.326215 18.625626 18.148091 17.833182 17.632191 17.507978 17.433616 17.390471 17.366201 17.352956 17.345942 17.342335 17.340532 17.339657 17.339241 17.339044 17.338942 17.338866 17.338763 17.338568 17.338165 17.337338 17.335673 17.332403 17.326140 17.314436 17.293107 17.255184 17.189388 17.077972 16.893794 16.596562 16.128367 15.409122 14.333555 12.773618 10.594020 7.693601 4.085155 0.000000 
50.000000 44.465117 39.124216 34.150900 29.681583 25.804930 22.558783 19.934161 17.884600 16.338372 15.211067 14.416531 13.874965 13.517837 13.289903 13.149041 13.064713 13.015787 12.988265 12.973246 12.965292 12.961202 12.959159 12.958166 12.957695 12.957473 12.957360 12.957281 12.957180 12.956992 12.956607 12.955819 12.954240 12.951149 12.945254 12.934298 12.914450 12.879417 12.819164 12.718203 12.553425 12.291599 11.886914 11.279392 10.395808 9.155903 7.487919 5.357470 2.808653 0.000000 
50.000000 43.935694 38.083932 32.634930 27.738150 23.490741 19.934161 17.058564 14.813036 13.118984 11.883919 11.013443 10.420123 10.028872 9.779163 9.624846 9.532465 9.478869 9.448719 9.432267 9.423554 9.419074 9.416836 9.415749 9.415233 9.414991 9.414871 9.414792 9.414697 9.414528 9.414184 9.413483 9.412083 9.409354 9.404174 9.394598 9.377359 9.347154 9.295657 9.210252 9.072557 8.856915 8.529282 8.047247 7.362374 6.426451 5.203237 3.686022 1.917342 0.000000 
50.000000 43.522257 37.271555 31.451086 26.220504 21.683582 17.884600 14.813036 12.414501 10.605035 9.285841 8.356080 7.722361 7.304475 7.037770 6.872953 6.774288 6.717046 6.684847 6.667277 6.657972 6.653187 6.650797 6.649636 6.649087 6.648830 6.648705 6.648627 6.648543 6.648398 6.648109 6.647521 6.646351 6.644082 6.639793 6.631907 6.617801 6.593265 6.551783 6.483660 6.375074 6.207250 5.956121 5.593000 5.087019 4.410076 3.544682 2.493944 1.290678 0.000000 
50.000000 43.210341 36.658664 30.557948 25.075543 20.320213 16.338372 13.118984 10.605035 8.708518 7.325872 6.351402 5.687217 5.249247 4.969728 4.796995 4.693592 4.633603 4.599858 4.581445 4.571694 4.566681 4.564176 4.562960 4.562384 4.562116 4.561989 4.561914 4.561842 4.561724 4.561492 4.561025 4.560099 4.558309 4.554943 4.548787 4.537843 4.518938 4.487234 4.435641 4.354259 4.229962 4.046428 3.784947 3.426419 2.954836 2.362178 1.653879 0.852948 0.000000 
50.000000 42.982924 36.211809 29.906772 24.240771 19.326215 15.211067 11.883919 9.285841 7.325872 5.896980 4.889926 4.203539 3.750935 3.462079 3.283579 3.176725 3.114734 3.079865 3.060838 3.050763 3.045582 3.042994 3.041738 3.041143 3.040868 3.040738 3.040668 3.040607 3.040515 3.040338 3.039984 3.039285 3.037941 3.035426 3.030849 3.022760 3.008879 2.985774 2.948490 2.890230 2.802181 2.673667 2.492864 2.248243 1.930861 1.537277 1.072482 0.551736 0.000000 
50.000000 42.822632 35.896849 29.447803 23.652403 18.625626 14.416531 11.013443 8.356080 6.351402 4.889926 3.859916 3.157890 2.694977 2.399546 2.216983 2.107700 2.044300 2.008638 1.989180 1.978876 1.973578 1.970931 1.969647 1.969039 1.968758 1.968628 1.968561 1.968510 1.968441 1.968311 1.968055 1.967552 1.966588 1.964791 1.961539 1.955822 1.946074 1.929958 1.904152 1.864169 1.804298 1.717786 1.597366 1.436239 1.229491 0.975791 0.678933 0.348637 0.000000 
50.000000 42.713370 35.682160 29.134952 23.251354 18.148091 13.874965 10.420123 7.722361 5.687217 4.203539 3.157890 2.445209 1.975274 1.675364 1.490036 1.379097 1.314739 1.278538 1.258785 1.248325 1.242948 1.240261 1.238957 1.238341 1.238057 1.237927 1.237863 1.237820 1.237768 1.237677 1.237499 1.237152 1.236490 1.235260 1.233045 1.229172 1.222604 1.211816 1.194660 1.168278 1.129096 1.072968 0.995548 0.892907 0.762394 0.603584 0.419092 0.214908 0.000000 
50.000000 42.641315 35.540580 28.928641 22.986881 17.833182 13.517837 10.028872 7.304475 5.249247 3.750935 2.694977 1.975274 1.500713 1.197852 1.010701 0.898673 0.833682 0.797126 0.777180 0.766618 0.761187 0.758475 0.757158 0.756536 0.756250 0.756120 0.756058 0.756022 0.755984 0.755922 0.755803 0.755573 0.755136 0.754328 0.752878 0.750356 0.746103 0.739155 0.728175 0.711404 0.686674 0.651513 0.603387 0.540075 0.460169 0.363599 0.252051 0.129111 0.000000 
50.000000 42.595324 35.450213 28.796958 22.818078 17.632191 13.289903 9.779163 7.037770 4.969728 3.462079 2.399546 1.675364 1.197852 0.893109 0.704797 0.592073 0.526680 0.489897 0.469828 0.459201 0.453737 0.451008 0.449683 0.449057 0.448770 0.448640 0.448580 0.448548 0.448520 0.448479 0.448402 0.448256 0.447978 0.447467 0.446555 0.444973 0.442319 0.438007 0.431230 0.420941 0.405863 0.384565 0.355606 0.317755 0.270279 0.213220 0.147615 0.075551 0.000000 
50.000000 42.566900 35.394364 28.715576 22.713756 17.507978 13.149041 9.624846 6.872953 4.796995 3.283579 2.216984 1.490036 1.010701 0.704797 0.515767 0.402615 0.336973 0.300051 0.279905 0.269238 0.263753 0.261014 0.259684 0.259056 0.258768 0.258638 0.258579 0.258550 0.258529 0.258503 0.258455 0.258365 0.258195 0.257883 0.257329 0.256373 0.254776 0.252192 0.248153 0.242052 0.233160 0.220672 0.203786 0.181838 0.154451 0.121687 0.084157 0.043043 0.000000 
50.000000 42.549883 35.360928 28.666854 22.651301 17.433616 13.064713 9.532465 6.774288 4.693592 3.176725 2.107700 1.379098 0.898673 0.592073 0.402615 0.289206 0.223416 0.186410 0.166219 0.155528 0.150031 0.147285 0.145953 0.145323 0.145034 0.144905 0.144847 0.144820 0.144804 0.144786 0.144757 0.144704 0.144603 0.144420 0.144095 0.143537 0.142608 0.141112 0.138784 0.135283 0.130207 0.123111 0.113564 0.101213 0.085867 0.067580 0.046697 0.023870 0.000000 
50.000000 42.540010 35.341528 28.638585 22.615065 17.390472 13.015788 9.478869 6.717047 4.633603 3.114735 2.044300 1.314739 0.833682 0.526680 0.336973 0.223416 0.157539 0.120486 0.100268 0.089563 0.084059 0.081310 0.079975 0.079345 0.079056 0.078927 0.078869 0.078844 0.078830 0.078818 0.078801 0.078770 0.078713 0.078609 0.078425 0.078110 0.077587 0.076749 0.075450 0.073505 0.070696 0.066786 0.061548 0.054799 0.046444 0.036520 0.025217 0.012884 0.000000 
50.000000 42.534455 35.330614 28.622682 22.594680 17.366201 12.988265 9.448720 6.684848 4.599859 3.079866 2.008639 1.278539 0.797127 0.489898 0.300052 0.186411 0.120486 0.083405 0.063173 0.052460 0.046952 0.044201 0.042865 0.042235 0.041946 0.041816 0.041759 0.041735 0.041723 0.041714 0.041704 0.041687 0.041655 0.041598 0.041497 0.041325 0.041040 0.040585 0.039883 0.038835 0.037328 0.035237 0.032447 0.028864 0.024443 0.019206 0.013253 0.006769 0.000000 
50.000000 42.531424 35.324658 28.614004 22.583556 17.352958 12.973248 9.432269 6.667279 4.581447 3.060841 1.989182 1.258788 0.777182 0.469831 0.279908 0.166222 0.100270 0.063175 0.042935 0.032217 0.026707 0.023955 0.022619 0.021988 0.021699 0.021569 0.021513 0.021488 0.021477 0.021471 0.021465 0.021455 0.021438 0.021408 0.021354 0.021263 0.021113 0.020874 0.020505 0.019958 0.019172 0.018087 0.016643 0.014794 0.012519 0.009830 0.006780 0.003462 0.000000 
50.000000 42.529819 35.321505 28.609409 22.577667 17.345946 12.965297 9.423560 6.657978 4.571700 3.050769 1.978882 1.248332 0.766624 0.459207 0.269244 0.155534 0.089569 0.052465 0.032221 0.021501 0.015990 0.013237 0.011901 0.011270 0.010981 0.010851 0.010795 0.010771 0.010760 0.010755 0.010751 0.010746 0.010737 0.010721 0.010694 0.010647 0.010570 0.010448 0.010260 0.009982 0.009585 0.009037 0.008311 0.007383 0.006244 0.004900 0.003378 0.001724 0.000000 
50.000000 42.528995 35.319886 28.607050 22.574643 17.342346 12.961215 9.419088 6.653202 4.566696 3.045598 1.973594 1.242964 0.761203 0.453753 0.263769 0.150047 0.084075 0.046967 0.026721 0.016000 0.010487 0.007735 0.006398 0.005768 0.005478 0.005349 0.005292 0.005268 0.005258 0.005253 0.005251 0.005248 0.005243 0.005235 0.005221 0.005198 0.005160 0.005099 0.005006 0.004869 0.004673 0.004404 0.004048 0.003594 0.003037 0.002383 0.001642 0.000838 0.000000 
50.000000 42.528586 35.319083 28.605880 22.573143 17.340560 12.959190 9.416869 6.650833 4.564213 3.043032 1.970970 1.240301 0.758515 0.451048 0.261054 0.147325 0.081349 0.044240 0.023992 0.013271 0.007758 0.005005 0.003669 0.003038 0.002749 0.002619 0.002563 0.002539 0.002529 0.002525 0.002523 0.002521 0.002518 0.002514 0.002508 0.002496 0.002477 0.002448 0.002403 0.002336 0.002241 0.002111 0.001939 0.001721 0.001454 0.001140 0.000785 0.000401 0.000000 
50.000000 42.528394 35.318706 28.605331 22.572439 17.339722 12.958240 9.415829 6.649722 4.563049 3.041829 1.969740 1.239052 0.757254 0.449779 0.259780 0.146049 0.080071 0.042961 0.022713 0.011991 0.006478 0.003725 0.002389 0.001758 0.001469 0.001339 0.001283 0.001259 0.001249 0.001245 0.001243 0.001242 0.001241 0.001238 0.001235 0.001229 0.001220 0.001205 0.001183 0.001149 0.001102 0.001038 0.000953 0.000845 0.000714 0.000559 0.000385 0.000197 0.000000 
50.000000 42.528319 35.318558 28.605115 22.572163 17.339394 12.957867 9.415421 6.649287 4.562593 3.041358 1.969258 1.238563 0.756760 0.449282 0.259281 0.145549 0.079571 0.042460 0.022212 0.011490 0.005977 0.003224 0.001888 0.001257 0.000967 0.000838 0.000782 0.000758 0.000748 0.000744 0.000742 0.000741 0.000740 0.000739 0.000737 0.000733 0.000728 0.000719 0.000705 0.000685 0.000657 0.000618 0.000567 0.000503 0.000425 0.000333 0.000229 0.000117 0.000000 
50.000000 42.528319 35.318558 28.605115 22.572163 17.339394 12.957867 9.415421 6.649287 4.562593 3.041358 1.969258 1.238563 0.756760 0.449282 0.259281 0.145549 0.079571 0.042460 0.022212 0.011490 0.005977 0.003224 0.001888 0.001257 0.000967 0.000838 0.000782 0.000758 0.000748 0.000744 0.000742 0.000741 0.000740 0.000739 0.000737 0.000733 0.000728 0.000719 0.000705 0.000685 0.000657 0.000618 0.000567 0.000503 0.000425 0.000333 0.000229 0.000117 0.000000 
50.000000 42.528394 35.318706 28.605331 22.572439 17.339722 12.958240 9.415829 6.649722 4.563049 3.041829 1.969740 1.239052 0.757254 0.449779 0.259780 0.146049 0.080071 0.042961 0.022713 0.011991 0.006478 0.003725 0.002389 0.001758 0.001469 0.001339 0.001283 0.001259 0.001249 0.001245 0.001243 0.001242 0.001241 0.001238 0.001235 0.001229 0.001220 0.001205 0.001183 0.001149 0.001102 0.001038 0.000953 0.000845 0.000714 0.000559 0.000385 0.000197 0.000000 
50.000000 42.528586 35.319083 28.605880 22.573143 17.340560 12.959190 9.416869 6.650833 4.564213 3.043032 1.970970 1.240301 0.758515 0.451048 0.261054 0.147325 0.081349 0.044240 0.023992 0.013271 0.007758 0.005005 0.003669 0.003038 0.002749 0.002619 0.002563 0.002539 0.002529 0.002525 0.002523 0.002521 0.002518 0.002514 0.002508 0.002496 0.002477 0.002448 0.002403 0.002336 0.002241 0.002111 0.001939 0.001721 0.001454 0.001140 0.000785 0.000401 0.000000 
50.000000 42.528995 35.319886 28.607050 22.574643 17.342346 12.961215 9.419088 6.653202 4.566696 3.045598 1.973594 1.242964 0.761203 0.453753 0.263769 0.150047 0.084075 0.046967 0.026721 0.016000 0.010487 0.007735 0.006398 0.005768 0.005478 0.005349 0.005292 0.005268 0.005258 0.005253 0.005251 0.005248 0.005243 0.005235 0.005221 0.005198 0.005160 0.005099 0.005006 0.004869 0.004673 0.004404 0.004048 0.003594 0.003037 0.002383 0.001642 0.000838 0.000000 
50.000000 42.529819 35.321505 28.609409 22.577667 17.345946 12.965297 9.423560 6.657978 4.571700 3.050769 1.978882 1.248332 0.766624 0.459207 0.269244 0.155534 0.089569 0.052465 0.032221 0.021501 0.015990 0.013237 0.011901 0.011270 0.010981 0.010851 0.010795 0.010771 0.010760 0.010755 0.010751 0.010746 0.010737 0.010721 0.010694 0.010647 0.010570 0.010448 0.010260 0.009982 0.009585 0.009037 0.008311 0.007383 0.006244 0.004900 0.003378 0.001724 0.000000 
50.000000 42.531424 35.324658 28.614004 22.583556 17.352958 12.973248 9.432269 6.667279 4.581447 3.060841 1.989182 1.258788 0.777182 0.469831 0.279908 0.166222 0.100270 0.063175 0.042935 0.032217 0.026707 0.023955 0.022619 0.021988 0.021699 0.021569 0.021513 0.021488 0.021477 0.021471 0.021465 0.021455 0.021438 0.021408 0.021354 0.021263 0.021113 0.020874 0.020505 0.019958 0.019172 0.018087 0.016643 0.014794 0.012519 0.009830 0.006780 0.003462 0.000000 
50.000000 42.534455 35.330614 28.622682 22.594680 17.366201 12.988265 9.448720 6.684848 4.599859 3.079866 2.008639 1.278539 0.797127 0.489898 0.300052 0.186411 0.120486 0.083405 0.063173 0.052460 0.046952 0.044201 0.042865 0.042235 0.041946 0.041816 0.041759 0.041735 0.041723 0.041714 0.041704 0.041687 0.041655 0.041598 0.041497 0.041325 0.041040 0.040585 0.039883 0.038835 0.037328 0.035237 0.032447 0.028864 0.024443 0.019206 0.013253 0.006769 0.000000 
50.000000 42.540010 35.341528 28.638585 22.615065 17.390472 13.015788 9.478869 6.717047 4.633603 3.114735 2.044300 1.314739 0.833682 0.526680 0.336973 0.223416 0.157539 0.120486 0.100268 0.089563 0.084059 0.081310 0.079975 0.079345 0.079056 0.078927 0.078869 0.078844 0.078830 0.078818 0.078801 0.078770 0.078713 0.078609 0.078425 0.078110 0.077587 0.076749 0.075450 0.073505 0.070696 0.066786 0.061548 0.054799 0.046444 0.036520 0.025217 0.012884 0.000000 
50.000000 42.549883 35.360928 28.666854 22.651301 17.433616 13.064713 9.532465 6.774288 4.693592 3.176725 2.107700 1.379098 0.898673 0.592073 0.402615 0.289206 0.223416 0.186410 0.166219 0.155528 0.150031 0.147285 0.145953 0.145323 0.145034 0.144905 0.144847 0.144820 0.144804 0.144786 0.144757 0.144704 0.144603 0.144420 0.144095 0.143537 0.142608 0.141112 0.138784 0.135283 0.130207 0.123111 0.113564 0.101213 0.085867 0.067580 0.046697 0.023870 0.000000 
50.000000 42.566900 35.394364 28.715576 22.713756 17.507978 13.149041 9.624846 6.872953 4.796995 3.283579 2.216984 1.490036 1.010701 0.704797 0.515767 0.402615 0.336973 0.300051 0.279905 0.269238 0.263753 0.261014 0.259684 0.259056 0.258768 0.258638 0.258579 0.258550 0.258529 0.258503 0.258455 0.258365 0.258195 0.257883 0.257329 0.256373 0.254776 0.252192 0.248153 0.242052 0.233160 0.220672 0.203786 0.181838 0.154451 0.121687 0.084157 0.043043 0.000000 
50.000000 42.595324 35.450213 28.796958 22.818078 17.632191 13.289903 9.779163 7.037770 4.969728 3.462079 2.399546 1.675364 1.197852 0.893109 0.704797 0.592073 0.526680 0.489897 0.469828 0.459201 0.453737 0.451008 0.449683 0.449057 0.448770 0.448640 0.448580 0.448548 0.448520 0.448479 0.448402 0.448256 0.447978 0.447467 0.446555 0.444973 0.442319 0.438007 0.431230 0.420941 0.405863 0.384565 0.355606 0.317755 0.270279 0.213220 0.147615 0.075551 0.000000 
50.000000 42.641315 35.540580 28.928641 22.986881 17.833182 13.517837 10.028872 7.304475 5.249247 3.750935 2.694977 1.975274 1.500713 1.197852 1.010701 0.898673 0.833682 0.797126 0.777180 0.766618 0.761187 0.758475 0.757158 0.756536 0.756250 0.756120 0.756058 0.756022 0.755984 0.755922 0.755803 0.755573 0.755136 0.754328 0.752878 0.750356 0.746103 0.739155 0.728175 0.711404 0.686674 0.651513 0.603387 0.540075 0.460169 0.363599 0.252051 0.129111 0.000000 
50.000000 42.713370 35.682160 29.134952 23.251354 18.148091 13.874965 10.420123 7.722361 5.687217 4.203539 3.157890 2.445209 1.975274 1.675364 1.490036 1.379097 1.314739 1.278538 1.258785 1.248325 1.242948 1.240261 1.238957 1.238341 1.238057 1.237927 1.237863 1.237820 1.237768 1.237677 1.237499 1.237152 1.236490 1.235260 1.233045 1.229172 1.222604 1.211816 1.194660 1.168278 1.129096 1.072968 0.995548 0.892907 0.762394 0.603584 0.419092 0.214908 0.000000 
50.000000 42.822632 35.896849 29.447803 23.652403 18.625626 14.416531 11.013443 8.356080 6.351402 4.889926 3.859916 3.157890 2.694977 2.399546 2.216983 2.107700 2.044300 2.008638 1.989180 1.978876 1.973578 1.970931 1.969647 1.969039 1.968758 1.968628 1.968561 1.968510 1.968441 1.968311 1.968055 1.967552 1.966588 1.964791 1.961539 1.955822 1.946074 1.929958 1.904152 1.864169 1.804298 1.717786 1.597366 1.436239 1.229491 0.975791 0.678933 0.348637 0.000000 
50.000000 42.982924 36.211809 29.906772 24.240771 19.326215 15.211067 11.883919 9.285841 7.325872 5.896980 4.889926 4.203539 3.750935 3.462079 3.283579 3.176725 3.114734 3.079865 3.060838 3.050763 3.045582 3.042994 3.041738 3.041143 3.040868 3.040738 3.040668 3.040607 3.040515 3.040338 3.039984 3.039285 3.037941 3.035426 3.030849 3.022760 3.008879 2.985774 2.948490 2.890230 2.802181 2.673667 2.492864 2.248243 1.930861 1.537277 1.072482 0.551736 0.000000 
50.000000 43.210341 36.658664 30.557948 25.075543 20.320213 16.338372 13.118984 10.605035 8.708518 7.325872 6.351402 5.687217 5.249247 4.969728 4.796995 4.693592 4.633603 4.599858 4.581445 4.571694 4.566681 4.564176 4.562960 4.562384 4.562116 4.561989 4.561914 4.561842 4.561724 4.561492 4.561025 4.560099 4.558309 4.554943 4.548787 4.537843 4.518938 4.487234 4.435641 4.354259 4.229962 4.046428 3.784947 3.426419 2.954836 2.362178 1.653879 0.852948 0.000000 
50.000000 43.522257 37.271555 31.451086 26.220504 21.683582 17.884600 14.813036 12.414501 10.605035 9.285841 8.356080 7.722361 7.304475 7.037770 6.872953 6.774288 6.717046 6.684847 6.667277 6.657972 6.653187 6.650797 6.649636 6.649087 6.648830 6.648705 6.648627 6.648543 6.648398 6.648109 6.647521 6.646351 6.644082 6.639793 6.631907 6.617801 6.593265 6.551783 6.483660 6.375074 6.207250 5.956121 5.593000 5.087019 4.410076 3.544682 2.493944 1.290678 0.000000 
50.000000 43.935694 38.083932 32.634930 27.738150 23.490741 19.934161 17.058564 14.813036 13.118984 11.883919 11.013443 10.420123 10.028872 9.779163 9.624846 9.532465 9.478869 9.448719 9.432267 9.423554 9.419074 9.416836 9.415749 9.415233 9.414991 9.414871 9.414792 9.414697 9.414528 9.414184 9.413483 9.412083 9.409354 9.404174 9.394598 9.377359 9.347154 9.295657 9.210252 9.072557 8.856915 8.529282 8.047247 7.362374 6.426451 5.203237 3.686022 1.917342 0.000000 
50.000000 44.465117 39.124216 34.150900 29.681583 25.804930 22.558783 19.934161 17.884600 16.338372 15.211067 14.416531 13.874965 13.517837 13.289903 13.149041 13.064713 13.015787 12.988265 12.973246 12.965292 12.961202 12.959159 12.958166 12.957695 12.957473 12.957360 12.957281 12.957180 12.956992 12.956607 12.955819 12.954240 12.951149 12.945254 12.934298 12.914450 12.879417 12.819164 12.718203 12.553425 12.291599 11.886914 11.279392 10.395808 9.155903 7.487919 5.357470 2.808653 0.000000 
50.000000 45.119893 40.410814 36.025824 32.085198 28.667110 25.804930 23.490741 21.683582 20.320213 19.326215 18.625626 18.148091 17.833182 17.632191 17.507978 17.433616 17.390471 17.366201 17.352956 17.345942 17.342335 17.340532 17.339657 17.339241 17.339044 17.338942 17.338866 17.338763 17.338568 17.338165 17.337338 17.335673 17.332403 17.326140 17.314436 17.293107 17.255184 17.189388 17.077972 16.893794 16.596562 16.128367 15.409122 14.333555 12.773618 10.594020 7.693601 4.085155 0.000000 
50.000000 45.901830 41.947280 38.264883 34.955639 32.085198 29.681583 27.738150 26.220504 25.075543 24.240771 23.652403 23.251354 22.986881 22.818078 22.713756 22.651301 22.615064 22.594679 22.583555 22.577663 22.574634 22.573120 22.572384 22.572034 22.571868 22.571780 22.571712 22.571615 22.571427 22.571039 22.570237 22.568620 22.565434 22.559305 22.547800 22.526712 22.488960 22.422911 22.309910 22.120707 21.810428 21.311700 20.525680 19.311580 17.477819 14.785075 10.987627 5.965526 0.000000 
50.000000 46.803294 43.718613 40.846215 38.264883 36.025824 34.150900 32.634930 31.451086 30.557948 29.906772 29.447803 29.134952 28.928641 28.796958 28.715576 28.666854 28.638585 28.622681 28.614003 28.609407 28.607043 28.605862 28.605287 28.605014 28.604884 28.604814 28.604758 28.604675 28.604512 28.604175 28.603477 28.602065 28.599274 28.593889 28.583738 28.565042 28.531368 28.472011 28.369496 28.195770 27.906404 27.431693 26.662981 25.431805 23.479808 20.423108 15.741174 8.908850 0.000000 
50.000000 47.806401 45.689674 43.718613 41.947280 40.410814 39.124216 38.083932 37.271555 36.658664 36.211809 35.896849 35.682160 35.540580 35.450213 35.394364 35.360928 35.341527 35.330613 35.324657 35.321503 35.319881 35.319070 35.318676 35.318488 35.318399 35.318350 35.318309 35.318249 35.318129 35.317879 35.317361 35.316310 35.314231 35.310206 35.302598 35.288529 35.263068 35.217916 35.139327 35.004785 34.777612 34.397911 33.766746 32.717213 30.959653 27.977439 22.844837 14.030344 0.000000 
50.000000 48.883640 47.806401 46.803294 45.901830 45.119893 44.465117 43.935694 43.522257 43.210341 42.982924 42.822632 42.713370 42.641315 42.595324 42.566900 42.549883 42.540009 42.534455 42.531424 42.529818 42.528992 42.528580 42.528379 42.528284 42.528238 42.528213 42.528192 42.528160 42.528096 42.527962 42.527686 42.527125 42.526013 42.523857 42.519773 42.512203 42.498462 42.473995 42.431188 42.357392 42.231579 42.018352 41.656463 41.034738 39.936304 37.894444 33.776058 24.441820 0.000000 
50.000000 50.000000 50.000000 50.000000 50.000000 50.000000 50.000000 50.000000 50.000000 50.000000 50.000000 50.000000 50.000000 50.000000 50.000000 50.000000 50.000000 50.000000 50.000000 50.000000 50.000000 50.000000 50.000000 50.000000 50.000000 50.000000 50.000000 50.000000 50.000000 50.000000 50.000000 50.000000 50.000000 50.000000 50.000000 50.000000 50.000000 50.000000 50.000000 50.000000 50.000000 50.000000 50.000000 50.000000 50.000000 50.000000 50.000000 50.000000 50.000000 50.000000 
