50.000000 50.000000 50.000000 50.000000 50.000000 50.000000 50.000000 50.000000 50.000000 50.000000 50.000000 50.000000 50.000000 50.000000 50.000000 50.000000 50.000000 50.000000 50.000000 50.000000 50.000000 50.000000 50.000000 50.000000 50.000000 50.000000 50.000000 50.000000 50.000000 50.000000 50.000000 50.000000 50.000000 50.000000 50.000000 50.000000 50.000000 50.000000 50.000000 50.000000 50.000000 50.000000 50.000000 50.000000 50.000000 50.000000 50.000000 50.000000 50.000000 50.000000 
50.000000 48.091164 46.296620 44.710163 43.390716 42.357625 41.595472 41.065140 40.716676 40.500196 40.372872 40.301876 40.264292 40.245375 40.236310 40.232168 40.230361 40.229608 40.229307 40.229192 40.229150 40.229135 40.229130 40.229128 40.229128 40.229127 40.229127 40.229127 40.229127 40.229126 40.229124 40.229117 40.229097 40.229042 40.228894 40.228514 40.227570 40.225307 40.220076 40.208395 40.183158 40.130259 40.022237 39.805962 39.377277 38.523606 36.778187 33.002379 24.045582 0.000000 
50.000000 46.296620 42.814987 39.737083 37.177226 35.172947 33.694324 32.665462 31.989440 31.569474 31.322473 31.184748 31.111840 31.075145 31.057561 31.049527 31.046023 31.044561 31.043978 31.043754 31.043672 31.043643 31.043634 31.043630 31.043629 31.043629 31.043629 31.043629 31.043628 31.043627 31.043623 31.043610 31.043575 31.043476 31.043212 31.042533 31.040853 31.036839 31.027598 31.007076 30.963060 30.871729 30.687907 30.327713 29.637238 28.334755 25.903521 21.407493 13.294241 0.000000 
50.000000 44.710163 39.737083 35.340713 31.684340 28.821567 26.709642 25.240140 24.274616 23.674817 23.322059 23.125371 23.021253 22.968851 22.943742 22.932270 22.927266 22.925179 22.924346 22.924027 22.923910 22.923869 22.923855 22.923851 22.923849 22.923849 22.923848 22.923848 22.923848 22.923846 22.923841 22.923825 22.923780 22.923657 22.923328 22.922485 22.920405 22.915462 22.904153 22.879235 22.826343 22.718102 22.504307 22.096212 21.342504 19.995257 17.670356 13.833563 7.931976 0.000000 
50.000000 43.390716 37.177226 31.684340 27.116078 23.539400 20.900868 19.064995 17.858784 17.109491 16.668827 16.423133 16.293079 16.227628 16.196266 16.181939 16.175690 16.173084 16.172044 16.171646 16.171499 16.171448 16.171430 16.171425 16.171423 16.171422 16.171422 16.171422 16.171421 16.171419 16.171414 16.171398 16.171351 16.171223 16.170884 16.170018 16.167891 16.162866 16.151455 16.126548 16.074306 15.969021 15.765183 15.386233 14.710520 13.558039 11.689083 8.842472 4.867110 0.000000 
50.000000 42.357625 35.172947 28.821567 23.539400 19.403854 16.353117 14.230493 12.835923 11.969653 11.460215 11.176188 11.025849 10.950193 10.913944 10.897384 10.890162 10.887150 10.885948 10.885488 10.885319 10.885259 10.885239 10.885233 10.885230 10.885230 10.885230 10.885229 10.885229 10.885227 10.885222 10.885207 10.885165 10.885049 10.884743 10.883964 10.882062 10.877599 10.867546 10.845818 10.800802 10.711464 10.541814 10.234037 9.701927 8.828880 7.479063 5.535709 2.980348 0.000000 
50.000000 41.595472 33.694324 26.709642 20.900868 16.353117 12.998380 10.664305 9.130861 8.178359 7.618231 7.305956 7.140673 7.057500 7.017651 6.999448 6.991510 6.988199 6.986878 6.986373 6.986187 6.986122 6.986099 6.986092 6.986090 6.986089 6.986089 6.986089 6.986088 6.986087 6.986083 6.986071 6.986036 6.985941 6.985693 6.985064 6.983537 6.979977 6.972024 6.955004 6.920163 6.852016 6.724887 6.499190 6.119080 5.514636 4.613430 3.366611 1.789510 0.000000 
50.000000 41.065140 32.665462 25.240140 19.064995 14.230493 10.664305 8.183176 6.553166 5.540717 4.945356 4.613452 4.437787 4.349393 4.307045 4.287702 4.279266 4.275748 4.274345 4.273808 4.273610 4.273541 4.273517 4.273510 4.273507 4.273506 4.273506 4.273506 4.273506 4.273505 4.273501 4.273492 4.273467 4.273396 4.273212 4.272749 4.271630 4.269039 4.263296 4.251123 4.226479 4.178919 4.091588 3.939418 3.688678 3.299812 2.735833 1.977554 1.042903 0.000000 
50.000000 40.716676 31.989440 24.274616 17.858784 12.835923 9.130861 6.553166 4.859760 3.807961 3.189480 2.844698 2.662224 2.570407 2.526421 2.506330 2.497568 2.493915 2.492457 2.491900 2.491695 2.491623 2.491598 2.491590 2.491588 2.491587 2.491587 2.491586 2.491586 2.491586 2.491583 2.491577 2.491559 2.491511 2.491385 2.491071 2.490314 2.488575 2.484749 2.476709 2.460600 2.429880 2.374248 2.278844 2.124459 1.889763 1.556514 1.117711 0.586417 0.000000 
50.000000 40.500196 31.569474 23.674817 17.109491 11.969653 8.178359 5.540717 3.807961 2.731745 2.098922 1.746153 1.559457 1.465519 1.420517 1.399963 1.391000 1.387264 1.385772 1.385202 1.384992 1.384918 1.384893 1.384885 1.384883 1.384882 1.384882 1.384882 1.384881 1.384881 1.384880 1.384875 1.384864 1.384833 1.384754 1.384555 1.384080 1.382995 1.380625 1.375683 1.365873 1.347361 1.314237 1.258197 1.168852 1.035184 0.848474 0.606413 0.317038 0.000000 
50.000000 40.372872 31.322473 23.322059 16.668827 11.460215 7.618231 4.945356 3.189480 2.098922 1.457676 1.100219 0.911045 0.815862 0.770266 0.749440 0.740359 0.736573 0.735063 0.734485 0.734272 0.734198 0.734172 0.734164 0.734161 0.734161 0.734160 0.734160 0.734160 0.734160 0.734159 0.734157 0.734150 0.734132 0.734084 0.733967 0.733689 0.733056 0.731682 0.728838 0.723239 0.712771 0.694234 0.663226 0.614397 0.542278 0.442825 0.315397 0.164477 0.000000 
50.000000 40.301876 31.184748 23.125371 16.423133 11.176188 7.305956 4.613452 2.844698 1.746153 1.100219 0.740153 0.549601 0.453727 0.407799 0.386823 0.377676 0.373863 0.372341 0.371759 0.371546 0.371470 0.371445 0.371436 0.371434 0.371433 0.371433 0.371433 0.371433 0.371432 0.371432 0.371431 0.371427 0.371417 0.371390 0.371326 0.371172 0.370825 0.370077 0.368538 0.365529 0.359949 0.350156 0.333932 0.308642 0.271678 0.221218 0.157150 0.081800 0.000000 
50.000000 40.264292 31.111840 23.021253 16.293079 11.025849 7.140673 4.437787 2.662224 1.559457 0.911045 0.549601 0.358322 0.262082 0.215980 0.194924 0.185743 0.181915 0.180388 0.179803 0.179589 0.179513 0.179488 0.179479 0.179477 0.179476 0.179476 0.179476 0.179476 0.179475 0.179475 0.179474 0.179472 0.179467 0.179453 0.179420 0.179340 0.179161 0.178776 0.177989 0.176462 0.173648 0.168748 0.160696 0.148250 0.130213 0.105790 0.075001 0.038985 0.000000 
50.000000 40.245375 31.075145 22.968851 16.227628 10.950193 7.057500 4.349393 2.570407 1.465519 0.815862 0.453727 0.262082 0.165658 0.119469 0.098374 0.089175 0.085340 0.083810 0.083224 0.083010 0.082934 0.082908 0.082900 0.082897 0.082896 0.082896 0.082896 0.082896 0.082896 0.082896 0.082895 0.082894 0.082892 0.082885 0.082868 0.082829 0.082742 0.082554 0.082174 0.081438 0.080093 0.077764 0.073963 0.068131 0.059737 0.048446 0.034292 0.017805 0.000000 
50.000000 40.236310 31.057561 22.943742 16.196266 10.913944 7.017651 4.307045 2.526421 1.420517 0.770266 0.407799 0.215980 0.119469 0.073238 0.052123 0.042916 0.039078 0.037547 0.036961 0.036746 0.036670 0.036644 0.036636 0.036633 0.036632 0.036632 0.036632 0.036632 0.036632 0.036632 0.036632 0.036631 0.036630 0.036627 0.036619 0.036601 0.036560 0.036474 0.036299 0.035962 0.035350 0.034297 0.032587 0.029980 0.026249 0.021257 0.015028 0.007796 0.000000 
50.000000 40.232168 31.049527 22.932270 16.181939 10.897384 6.999448 4.287702 2.506330 1.399963 0.749440 0.386823 0.194924 0.098374 0.052123 0.031000 0.021789 0.017950 0.016417 0.015831 0.015616 0.015540 0.015515 0.015506 0.015503 0.015503 0.015502 0.015502 0.015502 0.015502 0.015502 0.015502 0.015502 0.015501 0.015500 0.015497 0.015489 0.015471 0.015433 0.015356 0.015210 0.014944 0.014489 0.013756 0.012642 0.011055 0.008942 0.006315 0.003274 0.000000 
50.000000 40.230361 31.046023 22.927266 16.175690 10.890162 6.991510 4.279266 2.497568 1.391000 0.740359 0.377676 0.185743 0.089175 0.042916 0.021789 0.012577 0.008737 0.007204 0.006618 0.006403 0.006327 0.006301 0.006293 0.006290 0.006289 0.006289 0.006289 0.006289 0.006289 0.006289 0.006289 0.006289 0.006289 0.006288 0.006286 0.006283 0.006276 0.006260 0.006228 0.006167 0.006057 0.005869 0.005568 0.005113 0.004467 0.003609 0.002547 0.001320 0.000000 
50.000000 40.229608 31.044561 22.925179 16.173084 10.887150 6.988199 4.275748 2.493915 1.387264 0.736573 0.373863 0.181915 0.085340 0.039078 0.017950 0.008737 0.004896 0.003363 0.002777 0.002562 0.002486 0.002460 0.002452 0.002449 0.002448 0.002448 0.002448 0.002448 0.002448 0.002448 0.002448 0.002448 0.002448 0.002448 0.002447 0.002446 0.002443 0.002436 0.002424 0.002399 0.002356 0.002282 0.002163 0.001985 0.001733 0.001399 0.000987 0.000511 0.000000 
50.000000 40.229307 31.043978 22.924346 16.172044 10.885948 6.986878 4.274345 2.492457 1.385772 0.735063 0.372341 0.180388 0.083810 0.037547 0.016417 0.007204 0.003363 0.001831 0.001244 0.001029 0.000953 0.000928 0.000919 0.000916 0.000916 0.000915 0.000915 0.000915 0.000915 0.000915 0.000915 0.000915 0.000915 0.000915 0.000915 0.000914 0.000913 0.000911 0.000906 0.000897 0.000880 0.000852 0.000808 0.000740 0.000646 0.000521 0.000367 0.000190 0.000000 
50.000000 40.229192 31.043754 22.924027 16.171646 10.885488 6.986373 4.273808 2.491900 1.385202 0.734485 0.371759 0.179803 0.083224 0.036961 0.015831 0.006618 0.002777 0.001244 0.000658 0.000443 0.000367 0.000341 0.000333 0.000330 0.000329 0.000329 0.000329 0.000329 0.000329 0.000329 0.000329 0.000329 0.000329 0.000329 0.000329 0.000329 0.000328 0.000327 0.000326 0.000322 0.000316 0.000306 0.000290 0.000266 0.000232 0.000187 0.000132 0.000068 0.000000 
50.000000 40.229150 31.043672 22.923910 16.171499 10.885319 6.986187 4.273610 2.491695 1.384992 0.734272 0.371546 0.179589 0.083010 0.036746 0.015616 0.006403 0.002562 0.001029 0.000443 0.000228 0.000152 0.000126 0.000118 0.000115 0.000114 0.000114 0.000114 0.000114 0.000114 0.000114 0.000114 0.000114 0.000114 0.000114 0.000114 0.000114 0.000114 0.000113 0.000113 0.000111 0.000109 0.000106 0.000100 0.000092 0.000080 0.000064 0.000045 0.000023 0.000000 
50.000000 40.229135 31.043643 22.923869 16.171448 10.885259 6.986122 4.273541 2.491623 1.384918 0.734198 0.371470 0.179513 0.082934 0.036670 0.015540 0.006327 0.002486 0.000953 0.000367 0.000152 0.000076 0.000050 0.000042 0.000039 0.000038 0.000038 0.000038 0.000038 0.000038 0.000038 0.000038 0.000038 0.000038 0.000038 0.000038 0.000038 0.000038 0.000038 0.000038 0.000037 0.000036 0.000035 0.000033 0.000031 0.000027 0.000021 0.000015 0.000008 0.000000 
50.000000 40.229130 31.043634 22.923855 16.171430 10.885239 6.986099 4.273517 2.491598 1.384893 0.734172 0.371445 0.179488 0.082908 0.036644 0.015515 0.006301 0.002460 0.000928 0.000341 0.000126 0.000050 0.000024 0.000016 0.000013 0.000013 0.000012 0.000012 0.000012 0.000012 0.000012 0.000012 0.000012 0.000012 0.000012 0.000012 0.000012 0.000012 0.000012 0.000012 0.000012 0.000012 0.000011 0.000011 0.000010 0.000009 0.000007 0.000005 0.000003 0.000000 
50.000000 40.229128 31.043630 22.923851 16.171425 10.885233 6.986092 4.273510 2.491590 1.384885 0.734164 0.371436 0.179479 0.082900 0.036636 0.015506 0.006293 0.002452 0.000919 0.000333 0.000118 0.000042 0.000016 0.000008 0.000005 0.000004 0.000004 0.000004 0.000004 0.000004 0.000004 0.000004 0.000004 0.000004 0.000004 0.000004 0.000004 0.000004 0.000004 0.000004 0.000004 0.000004 0.000004 0.000003 0.000003 0.000003 0.000002 0.000002 0.000001 0.000000 
50.000000 40.229128 31.043630 22.923849 16.171423 10.885231 6.986090 4.273507 2.491588 1.384883 0.734162 0.371434 0.179477 0.082897 0.036633 0.015504 0.006290 0.002450 0.000917 0.000331 0.000115 0.000039 0.000014 0.000005 0.000003 0.000002 0.000002 0.000001 0.000001 0.000001 0.000001 0.000001 0.000001 0.000001 0.000001 0.000001 0.000001 0.000001 0.000001 0.000001 0.000001 0.000001 0.000001 0.000001 0.000001 0.000001 0.000001 0.000001 0.000000 0.000000 
50.000000 40.229128 31.043630 22.923849 16.171423 10.885231 6.986090 4.273507 2.491588 1.384883 0.734162 0.371434 0.179477 0.082897 0.036633 0.015504 0.006290 0.002450 0.000917 0.000331 0.000115 0.000039 0.000014 0.000005 0.000003 0.000002 0.000002 0.000001 0.000001 0.000001 0.000001 0.000001 0.000001 0.000001 0.000001 0.000001 0.000001 0.000001 0.000001 0.000001 0.000001 0.000001 0.000001 0.000001 0.000001 0.000001 0.000001 0.000001 0.000000 0.000000 
50.000000 40.229128 31.043630 22.923851 16.171425 10.885233 6.986092 4.273510 2.491590 1.384885 0.734164 0.371436 0.179479 0.082900 0.036636 0.015506 0.006293 0.002452 0.000919 0.000333 0.000118 0.000042 0.000016 0.000008 0.000005 0.000004 0.000004 0.000004 0.000004 0.000004 0.000004 0.000004 0.000004 0.000004 0.000004 0.000004 0.000004 0.000004 0.000004 0.000004 0.000004 0.000004 0.000004 0.000003 0.000003 0.000003 0.000002 0.000002 0.000001 0.000000 
50.000000 40.229130 31.043634 22.923855 16.171430 10.885239 6.986099 4.273517 2.491598 1.384893 0.734172 0.371445 0.179488 0.082908 0.036644 0.015515 0.006301 0.002460 0.000928 0.000341 0.000126 0.000050 0.000024 0.000016 0.000013 0.000013 0.000012 0.000012 0.000012 0.000012 0.000012 0.000012 0.000012 0.000012 0.000012 0.000012 0.000012 0.000012 0.000012 0.000012 0.000012 0.000012 0.000011 0.000011 0.000010 0.000009 0.000007 0.000005 0.000003 0.000000 
50.000000 40.229135 31.043643 22.923869 16.171448 10.885259 6.986122 4.273541 2.491623 1.384918 0.734198 0.371470 0.179513 0.082934 0.036670 0.015540 0.006327 0.002486 0.000953 0.000367 0.000152 0.000076 0.000050 0.000042 0.000039 0.000038 0.000038 0.000038 0.000038 0.000038 0.000038 0.000038 0.000038 0.000038 0.000038 0.000038 0.000038 0.000038 0.000038 0.000038 0.000037 0.000036 0.000035 0.000033 0.000031 0.000027 0.000021 0.000015 0.000008 0.000000 
50.000000 40.229150 31.043672 22.923910 16.171499 10.885319 6.986187 4.273610 2.491695 1.384992 0.734272 0.371546 0.179589 0.083010 0.036746 0.015616 0.006403 0.002562 0.001029 0.000443 0.000228 0.000152 0.000126 0.000118 0.000115 0.000114 0.000114 0.000114 0.000114 0.000114 0.000114 0.000114 0.000114 0.000114 0.000114 0.000114 0.000114 0.000114 0.000113 0.000113 0.000111 0.000109 0.000106 0.000100 0.000092 0.000080 0.000064 0.000045 0.000023 0.000000 
50.000000 40.229192 31.043754 22.924027 16.171646 10.885488 6.986373 4.273808 2.491900 1.385202 0.734485 0.371759 0.179803 0.083224 0.036961 0.015831 0.006618 0.002777 0.001244 0.000658 0.000443 0.000367 0.000341 0.000333 0.000330 0.000329 0.000329 0.000329 0.000329 0.000329 0.000329 0.000329 0.000329 0.000329 0.000329 0.000329 0.000329 0.000328 0.000327 0.000326 0.000322 0.000316 0.000306 0.000290 0.000266 0.000232 0.000187 0.000132 0.000068 0.000000 
50.000000 40.229307 31.043978 22.924346 16.172044 10.885948 6.986878 4.274345 2.492457 1.385772 0.735063 0.372341 0.180388 0.083810 0.037547 0.016417 0.007204 0.003363 0.001831 0.001244 0.001029 0.000953 0.000928 0.000919 0.000916 0.000916 0.000915 0.000915 0.000915 0.000915 0.000915 0.000915 0.000915 0.000915 0.000915 0.000915 0.000914 0.000913 0.000911 0.000906 0.000897 0.000880 0.000852 0.000808 0.000740 0.000646 0.000521 0.000367 0.000190 0.000000 
50.000000 40.229608 31.044561 22.925179 16.173084 10.887150 6.988199 4.275748 2.493915 1.387264 0.736573 0.373863 0.181915 0.085340 0.039078 0.017950 0.008737 0.004896 0.003363 0.002777 0.002562 0.002486 0.002460 0.002452 0.002449 0.002448 0.002448 0.002448 0.002448 0.002448 0.002448 0.002448 0.002448 0.002448 0.002448 0.002447 0.002446 0.002443 0.002436 0.002424 0.002399 0.002356 0.002282 0.002163 0.001985 0.001733 0.001399 0.000987 0.000511 0.000000 
50.000000 40.230361 31.046023 22.927266 16.175690 10.890162 6.991510 4.279266 2.497568 1.391000 0.740359 0.377676 0.185743 0.089175 0.042916 0.021789 0.012577 0.008737 0.007204 0.006618 0.006403 0.006327 0.006301 0.006293 0.006290 0.006289 0.006289 0.006289 0.006289 0.006289 0.006289 0.006289 0.006289 0.006289 0.006288 0.006286 0.006283 0.006276 0.006260 0.006228 0.006167 0.006057 0.005869 0.005568 0.005113 0.004467 0.003609 0.002547 0.001320 0.000000 
50.000000 40.232168 31.049527 22.932270 16.181939 10.897384 6.999448 4.287702 2.506330 1.399963 0.749440 0.386823 0.194924 0.098374 0.052123 0.031000 0.021789 0.017950 0.016417 0.015831 0.015616 0.015540 0.015515 0.015506 0.015503 0.015503 0.015502 0.015502 0.015502 0.015502 0.015502 0.015502 0.015502 0.015501 0.015500 0.015497 0.015489 0.015471 0.015433 0.015356 0.015210 0.014944 0.014489 0.013756 0.012642 0.011055 0.008942 0.006315 0.003274 0.000000 
50.000000 40.236310 31.057561 22.943742 16.196266 10.913944 7.017651 4.307045 2.526421 1.420517 0.770266 0.407799 0.215980 0.119469 0.073238 0.052123 0.042916 0.039078 0.037547 0.036961 0.036746 0.036670 0.036644 0.036636 0.036633 0.036632 0.036632 0.036632 0.036632 0.036632 0.036632 0.036632 0.036631 0.036630 0.036627 0.036619 0.036601 0.036560 0.036474 0.036299 0.035962 0.035350 0.034297 0.032587 0.029980 0.026249 0.021257 0.015028 0.007796 0.000000 
50.000000 40.245375 31.075145 22.968851 16.227628 10.950193 7.057500 4.349393 2.570407 1.465519 0.815862 0.453727 0.262082 0.165658 0.119469 0.098374 0.089175 0.085340 0.083810 0.083224 0.083010 0.082934 0.082908 0.082900 0.082897 0.082896 0.082896 0.082896 0.082896 0.082896 0.082896 0.082895 0.082894 0.082892 0.082885 0.082868 0.082829 0.082742 0.082554 0.082174 0.081438 0.080093 0.077764 0.073963 0.068131 0.059737 0.048446 0.034292 0.017805 0.000000 
50.000000 40.264292 31.111840 23.021253 16.293079 11.025849 7.140673 4.437787 2.662224 1.559457 0.911045 0.549601 0.358322 0.262082 0.215980 0.194924 0.185743 0.181915 0.180388 0.179803 0.179589 0.179513 0.179488 0.179479 0.179477 0.179476 0.179476 0.179476 0.179476 0.179475 0.179475 0.179474 0.179472 0.179467 0.179453 0.179420 0.179340 0.179161 0.178776 0.177989 0.176462 0.173648 0.168748 0.160696 0.148250 0.130213 0.105790 0.075001 0.038985 0.000000 
50.000000 40.301876 31.184748 23.125371 16.423133 11.176188 7.305956 4.613452 2.844698 1.746153 1.100219 0.740153 0.549601 0.453727 0.407799 0.386823 0.377676 0.373863 0.372341 0.371759 0.371546 0.371470 0.371445 0.371436 0.371434 0.371433 0.371433 0.371433 0.371433 0.371432 0.371432 0.371431 0.371427 0.371417 0.371390 0.371326 0.371172 0.370825 0.370077 0.368538 0.365529 0.359949 0.350156 0.333932 0.308642 0.271678 0.221218 0.157150 0.081800 0.000000 
50.000000 40.372872 31.322473 23.322059 16.668827 11.460215 7.618231 4.945356 3.189480 2.098922 1.457676 1.100219 0.911045 0.815862 0.770266 0.749440 0.740359 0.736573 0.735063 0.734485 0.734272 0.734198 0.734172 0.734164 0.734161 0.734161 0.734160 0.734160 0.734160 0.734160 0.734159 0.734157 0.734150 0.734132 0.734084 0.733967 0.733689 0.733056 0.731682 0.728838 0.723239 0.712771 0.694234 0.663226 0.614397 0.542278 0.442825 0.315397 0.164477 0.000000 
50.000000 40.500196 31.569474 23.674817 17.109491 11.969653 8.178359 5.540717 3.807961 2.731745 2.098922 1.746153 1.559457 1.465519 1.420517 1.399963 1.391000 1.387264 1.385772 1.385202 1.384992 1.384918 1.384893 1.384885 1.384883 1.384882 1.384882 1.384882 1.384881 1.384881 1.384880 1.384875 1.384864 1.384833 1.384754 1.384555 1.384080 1.382995 1.380625 1.375683 1.365873 1.347361 1.314237 1.258197 1.168852 1.035184 0.848474 0.606413 0.317038 0.000000 
50.000000 40.716676 31.989440 24.274616 17.858784 12.835923 9.130861 6.553166 4.859760 3.807961 3.189480 2.844698 2.662224 2.570407 2.526421 2.506330 2.497568 2.493915 2.492457 2.491900 2.491695 2.491623 2.491598 2.491590 2.491588 2.491587 2.491587 2.491586 2.491586 2.491586 2.491583 2.491577 2.491559 2.491511 2.491385 2.491071 2.490314 2.488575 2.484749 2.476709 2.460600 2.429880 2.374248 2.278844 2.124459 1.889763 1.556514 1.117711 0.586417 0.000000 
50.000000 41.065140 32.665462 25.240140 19.064995 14.230493 10.664305 8.183176 6.553166 5.540717 4.945356 4.613452 4.437787 4.349393 4.307045 4.287702 4.279266 4.275748 4.274345 4.273808 4.273610 4.273541 4.273517 4.273510 4.273507 4.273506 4.273506 4.273506 4.273506 4.273505 4.273501 4.273492 4.273467 4.273396 4.273212 4.272749 4.271630 4.269039 4.263296 4.251123 4.226479 4.178919 4.091588 3.939418 3.688678 3.299812 2.735833 1.977554 1.042903 0.000000 
50.000000 41.595472 33.694324 26.709642 20.900868 16.353117 12.998380 10.664305 9.130861 8.178359 7.618231 7.305956 7.140673 7.057500 7.017651 6.999448 6.991510 6.988199 6.986878 6.986373 6.986187 6.986122 6.986099 6.986092 6.986090 6.986089 6.986089 6.986089 6.986088 6.986087 6.986083 6.986071 6.986036 6.985941 6.985693 6.985064 6.983537 6.979977 6.972024 6.955004 6.920163 6.852016 6.724887 6.499190 6.119080 5.514636 4.613430 3.366611 1.789510 0.000000 
50.000000 42.357625 35.172947 28.821567 23.539400 19.403854 16.353117 14.230493 12.835923 11.969653 11.460215 11.176188 11.025849 10.950193 10.913944 10.897384 10.890162 10.887150 10.885948 10.885488 10.885319 10.885259 10.885239 10.885233 10.885230 10.885230 10.885230 10.885229 10.885229 10.885227 10.885222 10.885207 10.885165 10.885049 10.884743 10.883964 10.882062 10.877599 10.867546 10.845818 10.800802 10.711464 10.541814 10.234037 9.701927 8.828880 7.479063 5.535709 2.980348 0.000000 
50.000000 43.390716 37.177226 31.684340 27.116078 23.539400 20.900868 19.064995 17.858784 17.109491 16.668827 16.423133 16.293079 16.227628 16.196266 16.181939 16.175690 16.173084 16.172044 16.171646 16.171499 16.171448 16.171430 16.171425 16.171423 16.171422 16.171422 16.171422 16.171421 16.171419 16.171414 16.171398 16.171351 16.171223 16.170884 16.170018 16.167891 16.162866 16.151455 16.126548 16.074306 15.969021 15.765183 15.386233 14.710520 13.558039 11.689083 8.842472 4.867110 0.000000 
50.000000 44.710163 39.737083 35.340713 31.684340 28.821567 26.709642 25.240140 24.274616 23.674817 23.322059 23.125371 23.021253 22.968851 22.943742 22.932270 22.927266 22.925179 22.924346 22.924027 22.923910 22.923869 22.923855 22.923851 22.923849 22.923849 22.923848 22.923848 22.923848 22.923846 22.923841 22.923825 22.923780 22.923657 22.923328 22.922485 22.920405 22.915462 22.904153 22.879235 22.826343 22.718102 22.504307 22.096212 21.342504 19.995257 17.670356 13.833563 7.931976 0.000000 
50.000000 46.296620 42.814987 39.737083 37.177226 35.172947 33.694324 32.665462 31.989440 31.569474 31.322473 31.184748 31.111840 31.075145 31.057561 31.049527 31.046023 31.044561 31.043978 31.043754 31.043672 31.043643 31.043634 31.043630 31.043629 31.043629 31.043629 31.043629 31.043628 31.043627 31.043623 31.043610 31.043575 31.043476 31.043212 31.042533 31.040853 31.036839 31.027598 31.007076 30.963060 30.871729 30.687907 30.327713 29.637238 28.334755 25.903521 21.407493 13.294241 0.000000 
50.000000 48.091164 46.296620 44.710163 43.390716 42.357625 41.595472 41.065140 40.716676 40.500196 40.372872 40.301876 40.264292 40.245375 40.236310 40.232168 40.230361 40.229608 40.229307 40.229192 40.229150 40.229135 40.229130 40.229128 40.229128 40.229127 40.229127 40.229127 40.229127 40.229126 40.229124 40.229117 40.229097 40.229042 40.228894 40.228514 40.227570 40.225307 40.220076 40.208395 40.183158 40.130259 40.022237 39.805962 39.377277 38.523606 36.778187 33.002379 24.045582 0.000000 
50.000000 50.000000 50.000000 50.000000 50.000000 50.000000 50.000000 50.000000 50.000000 50.000000 50.000000 50.000000 50.000000 50.000000 50.000000 50.000000 50.000000 50.000000 50.000000 50.000000 50.000000 50.000000 50.000000 50.000000 50.000000 50.000000 50.000000 50.000000 50.000000 50.000000 50.000000 50.000000 50.000000 50.000000 50.000000 50.000000 50.000000 50.000000 50.000000 50.000000 50.000000 50.000000 50.000000 50.000000 50.000000 50.000000 50.000000 50.000000 50.000000 50.000000 
