50.000000 50.000000 50.000000 50.000000 50.000000 50.000000 50.000000 50.000000 50.000000 50.000000 50.000000 50.000000 50.000000 50.000000 50.000000 50.000000 50.000000 50.000000 50.000000 50.000000 50.000000 50.000000 50.000000 50.000000 50.000000 50.000000 50.000000 50.000000 50.000000 50.000000 50.000000 50.000000 50.000000 50.000000 50.000000 50.000000 50.000000 50.000000 50.000000 50.000000 50.000000 50.000000 50.000000 50.000000 50.000000 50.000000 50.000000 50.000000 50.000000 50.000000 
50.000000 48.691901 47.437506 46.283910 45.266350 44.405263 43.706009 43.160916 42.752853 42.459360 42.256454 42.121541 42.035221 41.982042 41.950479 41.932419 41.922450 41.917138 41.914404 41.913044 41.912390 41.912085 41.911948 41.911888 41.911862 41.911851 41.911846 41.911841 41.911832 41.911811 41.911764 41.911655 41.911413 41.910890 41.909790 41.907532 41.903023 41.894240 41.877533 41.846453 41.789761 41.688011 41.507423 41.188196 40.620184 39.586869 37.621004 33.587964 24.345950 0.000000 
50.000000 47.437506 44.980216 42.720391 40.727055 39.040245 37.670460 36.602668 35.803311 35.228389 34.830918 34.566642 34.397553 34.293385 34.231559 34.196182 34.176655 34.166251 34.160896 34.158232 34.156950 34.156353 34.156084 34.155966 34.155916 34.155895 34.155884 34.155875 34.155858 34.155820 34.155731 34.155529 34.155081 34.154114 34.152080 34.147917 34.139622 34.123514 34.093000 34.036530 33.934250 33.752463 33.434321 32.883618 31.935388 30.300642 27.461751 22.490108 13.849541 0.000000 
50.000000 46.283910 42.720391 39.443239 36.552554 34.106396 32.119989 30.571531 29.412353 28.578643 28.002267 27.619040 27.373848 27.222799 27.133148 27.081851 27.053536 27.038450 27.030686 27.026823 27.024965 27.024100 27.023709 27.023539 27.023466 27.023435 27.023420 27.023407 27.023384 27.023333 27.023216 27.022949 27.022356 27.021080 27.018403 27.012943 27.002105 26.981158 26.941719 26.869301 26.739470 26.511853 26.120893 25.461644 24.368280 22.583354 19.721620 15.258640 8.662907 0.000000 
50.000000 45.266350 40.727055 36.552554 32.870357 29.754426 27.224146 25.251742 23.775212 22.713267 21.979112 21.490987 21.178684 20.986295 20.872110 20.806776 20.770714 20.751500 20.741612 20.736693 20.734327 20.733225 20.732728 20.732510 20.732418 20.732379 20.732360 20.732344 20.732319 20.732262 20.732130 20.731830 20.731167 20.729743 20.726767 20.720721 20.708778 20.685837 20.642964 20.564982 20.426847 20.188405 19.787102 19.128412 18.074613 16.435179 13.969200 10.426413 5.679481 0.000000 
50.000000 44.405263 39.040245 34.106396 29.754426 26.071746 23.081267 20.750152 19.005113 17.750069 16.882432 16.305566 15.936493 15.709137 15.574200 15.496995 15.454381 15.431677 15.419993 15.414181 15.411385 15.410083 15.409496 15.409239 15.409130 15.409083 15.409062 15.409045 15.409019 15.408961 15.408829 15.408528 15.407866 15.406447 15.403494 15.397523 15.385795 15.363420 15.321951 15.247290 15.116708 14.894861 14.528896 13.943252 13.035873 11.679812 9.738116 7.104856 3.785079 0.000000 
50.000000 43.706009 37.670460 32.119989 27.224146 23.081267 19.717120 17.094753 15.131713 13.719902 12.743903 12.095002 11.679850 11.424112 11.272335 11.185496 11.137567 11.112031 11.098890 11.092353 11.089208 11.087744 11.087084 11.086795 11.086672 11.086621 11.086597 11.086580 11.086556 11.086502 11.086380 11.086104 11.085498 11.084204 11.081522 11.076127 11.065595 11.045644 11.008986 10.943670 10.830863 10.642132 10.336562 9.858560 9.138015 8.095734 6.658345 4.786842 2.517814 0.000000 
50.000000 43.160916 36.602668 30.571531 25.251742 20.750152 17.094753 14.245387 12.112447 10.578467 9.518028 8.812999 8.361946 8.084099 7.919203 7.824861 7.772791 7.745050 7.730774 7.723674 7.720258 7.718667 7.717950 7.717637 7.717503 7.717448 7.717423 7.717407 7.717385 7.717339 7.717234 7.716998 7.716483 7.715387 7.713126 7.708602 7.699823 7.683315 7.653240 7.600195 7.509676 7.360377 7.122694 6.758191 6.221255 5.464640 4.450638 3.168347 1.653493 0.000000 
50.000000 42.752853 35.803311 29.412353 23.775212 19.005113 15.131713 12.112447 9.852353 8.226948 7.103324 6.356299 5.878387 5.584000 5.409292 5.309338 5.254172 5.224783 5.209659 5.202137 5.198518 5.196833 5.196073 5.195741 5.195600 5.195542 5.195516 5.195501 5.195482 5.195445 5.195361 5.195173 5.194762 5.193892 5.192106 5.188552 5.181696 5.168896 5.145768 5.105366 5.037185 4.926177 4.752071 4.489581 4.110252 3.586807 2.900499 2.050848 1.064843 0.000000 
50.000000 42.459360 35.228389 28.578643 22.713267 17.750069 13.719902 10.578467 8.226948 6.535812 5.366765 4.589553 4.092337 3.786064 3.604306 3.500320 3.442930 3.412357 3.396624 3.388799 3.385034 3.383282 3.382492 3.382146 3.382000 3.381939 3.381913 3.381899 3.381884 3.381855 3.381792 3.381650 3.381341 3.380691 3.379360 3.376727 3.371677 3.362313 3.345526 3.316459 3.267906 3.189762 3.068790 2.889038 2.633362 2.286421 1.839173 1.294139 0.669599 0.000000 
50.000000 42.256454 34.830918 28.002267 21.979112 16.882432 12.743903 9.518028 7.103324 5.366765 4.166332 3.368265 2.857712 2.543230 2.356603 2.249833 2.190908 2.159517 2.143364 2.135330 2.131465 2.129666 2.128854 2.128500 2.128350 2.128287 2.128261 2.128248 2.128237 2.128216 2.128170 2.128068 2.127849 2.127388 2.126449 2.124600 2.121075 2.114580 2.103020 2.083166 2.050306 1.997958 1.917832 1.800233 1.635142 1.414130 1.132966 0.794388 0.410000 0.000000 
50.000000 42.121541 34.566642 27.619040 21.490987 16.305566 12.095002 8.812999 6.356299 4.589553 3.368265 2.556340 2.036929 1.716993 1.527132 1.418513 1.358569 1.326635 1.310203 1.302031 1.298099 1.296269 1.295444 1.295083 1.294931 1.294867 1.294841 1.294829 1.294820 1.294805 1.294774 1.294705 1.294557 1.294246 1.293616 1.292382 1.290040 1.285752 1.278170 1.265245 1.244028 1.210531 1.159759 1.086016 0.983616 0.848023 0.677322 0.473642 0.244008 0.000000 
50.000000 42.035221 34.397553 27.373848 21.178684 15.936493 11.679850 8.361946 5.878387 4.092337 2.857712 2.036929 1.511854 1.188433 0.996506 0.886706 0.826111 0.793831 0.777220 0.768959 0.764986 0.763136 0.762301 0.761937 0.761783 0.761719 0.761693 0.761682 0.761674 0.761664 0.761644 0.761599 0.761503 0.761304 0.760901 0.760114 0.758630 0.755927 0.751177 0.743133 0.730023 0.709491 0.678631 0.634206 0.573074 0.492847 0.392690 0.274039 0.140981 0.000000 
50.000000 41.982042 34.293385 27.222799 20.986295 15.709137 11.424112 8.084099 5.584000 3.786064 2.543230 1.716993 1.188433 0.862868 0.669669 0.559143 0.498147 0.465654 0.448934 0.440619 0.436619 0.434757 0.433917 0.433550 0.433395 0.433331 0.433305 0.433294 0.433288 0.433281 0.433269 0.433241 0.433182 0.433059 0.432813 0.432334 0.431434 0.429803 0.426952 0.422155 0.414387 0.402304 0.384275 0.358517 0.323341 0.277517 0.220694 0.153763 0.079019 0.000000 
50.000000 41.950479 34.231559 27.133148 20.872110 15.574200 11.272335 7.919203 5.409292 3.604306 2.356603 1.527132 0.996506 0.669669 0.475717 0.364760 0.303527 0.270908 0.254123 0.245776 0.241760 0.239891 0.239048 0.238680 0.238524 0.238460 0.238434 0.238424 0.238418 0.238414 0.238406 0.238390 0.238355 0.238283 0.238138 0.237859 0.237335 0.236392 0.234750 0.232003 0.227579 0.220741 0.210601 0.196208 0.176677 0.151389 0.120205 0.083642 0.042947 0.000000 
50.000000 41.932419 34.196182 27.081851 20.806776 15.496995 11.185496 7.824861 5.309338 3.500320 2.249833 1.418513 0.886706 0.559143 0.364761 0.253558 0.192189 0.159498 0.142676 0.134310 0.130286 0.128413 0.127568 0.127199 0.127043 0.126979 0.126953 0.126942 0.126938 0.126935 0.126930 0.126921 0.126901 0.126860 0.126779 0.126622 0.126330 0.125805 0.124897 0.123384 0.120959 0.117231 0.111734 0.103974 0.093500 0.080009 0.063447 0.044103 0.022629 0.000000 
50.000000 41.922450 34.176655 27.053536 20.770714 15.454381 11.137567 7.772791 5.254172 3.442930 2.190908 1.358569 0.826111 0.498147 0.303527 0.192189 0.130746 0.098015 0.081173 0.072797 0.068768 0.066892 0.066047 0.065677 0.065521 0.065456 0.065431 0.065420 0.065416 0.065414 0.065411 0.065406 0.065395 0.065373 0.065329 0.065245 0.065088 0.064807 0.064323 0.063520 0.062240 0.060280 0.057404 0.053363 0.047934 0.040971 0.032456 0.022541 0.011560 0.000000 
50.000000 41.917138 34.166251 27.038450 20.751500 15.431677 11.112031 7.745050 5.224783 3.412357 2.159517 1.326635 0.793831 0.465654 0.270908 0.159498 0.098015 0.065263 0.048410 0.040029 0.035997 0.034120 0.033274 0.032904 0.032748 0.032683 0.032658 0.032648 0.032644 0.032642 0.032640 0.032637 0.032631 0.032620 0.032597 0.032553 0.032472 0.032327 0.032079 0.031668 0.031016 0.030021 0.028567 0.026533 0.023812 0.020333 0.016093 0.011169 0.005725 0.000000 
50.000000 41.914404 34.160896 27.030686 20.741612 15.419993 11.098890 7.730775 5.209659 3.396624 2.143364 1.310203 0.777221 0.448934 0.254124 0.142677 0.081173 0.048410 0.031552 0.023168 0.019135 0.017257 0.016411 0.016041 0.015884 0.015820 0.015794 0.015784 0.015780 0.015779 0.015778 0.015776 0.015773 0.015767 0.015756 0.015734 0.015694 0.015622 0.015498 0.015295 0.014974 0.014487 0.013776 0.012786 0.011465 0.009782 0.007737 0.005366 0.002750 0.000000 
50.000000 41.913044 34.158232 27.026823 20.736693 15.414181 11.092353 7.723674 5.202137 3.388799 2.135330 1.302031 0.768960 0.440619 0.245776 0.134311 0.072797 0.040029 0.023168 0.014782 0.010749 0.008871 0.008024 0.007654 0.007498 0.007433 0.007408 0.007398 0.007394 0.007392 0.007392 0.007391 0.007389 0.007386 0.007381 0.007370 0.007351 0.007316 0.007257 0.007160 0.007008 0.006776 0.006440 0.005974 0.005353 0.004564 0.003607 0.002501 0.001281 0.000000 
50.000000 41.912390 34.156950 27.024965 20.734327 15.411385 11.089209 7.720258 5.198519 3.385035 2.131466 1.298100 0.764986 0.436620 0.241761 0.130287 0.068769 0.035998 0.019135 0.010749 0.006715 0.004837 0.003991 0.003621 0.003464 0.003400 0.003374 0.003364 0.003360 0.003359 0.003358 0.003358 0.003357 0.003356 0.003353 0.003348 0.003339 0.003323 0.003296 0.003251 0.003180 0.003074 0.002920 0.002707 0.002424 0.002066 0.001632 0.001131 0.000579 0.000000 
50.000000 41.912086 34.156354 27.024101 20.733226 15.410084 11.087746 7.718669 5.196835 3.383284 2.129668 1.296271 0.763138 0.434759 0.239893 0.128415 0.066894 0.034122 0.017259 0.008873 0.004839 0.002961 0.002114 0.001744 0.001587 0.001523 0.001497 0.001487 0.001483 0.001482 0.001482 0.001481 0.001481 0.001480 0.001479 0.001477 0.001473 0.001466 0.001453 0.001433 0.001402 0.001355 0.001286 0.001192 0.001067 0.000909 0.000717 0.000497 0.000254 0.000000 
50.000000 41.911949 34.156086 27.023712 20.732731 15.409500 11.087088 7.717955 5.196079 3.382497 2.128860 1.295450 0.762307 0.433923 0.239054 0.127574 0.066053 0.033280 0.016417 0.008030 0.003996 0.002118 0.001271 0.000901 0.000744 0.000680 0.000654 0.000644 0.000641 0.000639 0.000639 0.000638 0.000638 0.000638 0.000637 0.000636 0.000635 0.000631 0.000626 0.000617 0.000604 0.000583 0.000553 0.000513 0.000459 0.000390 0.000308 0.000213 0.000109 0.000000 
50.000000 41.911890 34.155972 27.023546 20.732520 15.409250 11.086808 7.717650 5.195756 3.382161 2.128515 1.295099 0.761953 0.433566 0.238696 0.127215 0.065693 0.032920 0.016057 0.007670 0.003636 0.001758 0.000911 0.000541 0.000384 0.000320 0.000294 0.000284 0.000281 0.000279 0.000279 0.000279 0.000278 0.000278 0.000278 0.000278 0.000277 0.000275 0.000273 0.000269 0.000263 0.000254 0.000241 0.000223 0.000200 0.000170 0.000134 0.000093 0.000047 0.000000 
50.000000 41.911869 34.155930 27.023486 20.732443 15.409159 11.086706 7.717539 5.195638 3.382039 2.128390 1.294971 0.761824 0.433436 0.238565 0.127084 0.065562 0.032789 0.015926 0.007539 0.003505 0.001627 0.000780 0.000410 0.000253 0.000189 0.000163 0.000153 0.000150 0.000148 0.000148 0.000148 0.000147 0.000147 0.000147 0.000147 0.000147 0.000146 0.000145 0.000142 0.000139 0.000134 0.000128 0.000118 0.000105 0.000090 0.000071 0.000049 0.000025 0.000000 
50.000000 41.911869 34.155930 27.023486 20.732443 15.409159 11.086706 7.717539 5.195638 3.382039 2.128390 1.294971 0.761824 0.433436 0.238565 0.127084 0.065562 0.032789 0.015926 0.007539 0.003505 0.001627 0.000780 0.000410 0.000253 0.000189 0.000163 0.000153 0.000150 0.000148 0.000148 0.000148 0.000147 0.000147 0.000147 0.000147 0.000147 0.000146 0.000145 0.000142 0.000139 0.000134 0.000128 0.000118 0.000105 0.000090 0.000071 0.000049 0.000025 0.000000 
50.000000 41.911890 34.155972 27.023546 20.732520 15.409250 11.086808 7.717650 5.195756 3.382161 2.128515 1.295099 0.761953 0.433566 0.238696 0.127215 0.065693 0.032920 0.016057 0.007670 0.003636 0.001758 0.000911 0.000541 0.000384 0.000320 0.000294 0.000284 0.000281 0.000279 0.000279 0.000279 0.000278 0.000278 0.000278 0.000278 0.000277 0.000275 0.000273 0.000269 0.000263 0.000254 0.000241 0.000223 0.000200 0.000170 0.000134 0.000093 0.000047 0.000000 
50.000000 41.911949 34.156086 27.023712 20.732731 15.409500 11.087088 7.717955 5.196079 3.382497 2.128860 1.295450 0.762307 0.433923 0.239054 0.127574 0.066053 0.033280 0.016417 0.008030 0.003996 0.002118 0.001271 0.000901 0.000744 0.000680 0.000654 0.000644 0.000641 0.000639 0.000639 0.000638 0.000638 0.000638 0.000637 0.000636 0.000635 0.000631 0.000626 0.000617 0.000604 0.000583 0.000553 0.000513 0.000459 0.000390 0.000308 0.000213 0.000109 0.000000 
50.000000 41.912086 34.156354 27.024101 20.733226 15.410084 11.087746 7.718669 5.196835 3.383284 2.129668 1.296271 0.763138 0.434759 0.239893 0.128415 0.066894 0.034122 0.017259 0.008873 0.004839 0.002961 0.002114 0.001744 0.001587 0.001523 0.001497 0.001487 0.001483 0.001482 0.001482 0.001481 0.001481 0.001480 0.001479 0.001477 0.001473 0.001466 0.001453 0.001433 0.001402 0.001355 0.001286 0.001192 0.001067 0.000909 0.000717 0.000497 0.000254 0.000000 
50.000000 41.912390 34.156950 27.024965 20.734327 15.411385 11.089209 7.720258 5.198519 3.385035 2.131466 1.298100 0.764986 0.436620 0.241761 0.130287 0.068769 0.035998 0.019135 0.010749 0.006715 0.004837 0.003991 0.003621 0.003464 0.003400 0.003374 0.003364 0.003360 0.003359 0.003358 0.003358 0.003357 0.003356 0.003353 0.003348 0.003339 0.003323 0.003296 0.003251 0.003180 0.003074 0.002920 0.002707 0.002424 0.002066 0.001632 0.001131 0.000579 0.000000 
50.000000 41.913044 34.158232 27.026823 20.736693 15.414181 11.092353 7.723674 5.202137 3.388799 2.135330 1.302031 0.768960 0.440619 0.245776 0.134311 0.072797 0.040029 0.023168 0.014782 0.010749 0.008871 0.008024 0.007654 0.007498 0.007433 0.007408 0.007398 0.007394 0.007392 0.007392 0.007391 0.007389 0.007386 0.007381 0.007370 0.007351 0.007316 0.007257 0.007160 0.007008 0.006776 0.006440 0.005974 0.005353 0.004564 0.003607 0.002501 0.001281 0.000000 
50.000000 41.914404 34.160896 27.030686 20.741612 15.419993 11.098890 7.730775 5.209659 3.396624 2.143364 1.310203 0.777221 0.448934 0.254124 0.142677 0.081173 0.048410 0.031552 0.023168 0.019135 0.017257 0.016411 0.016041 0.015884 0.015820 0.015794 0.015784 0.015780 0.015779 0.015778 0.015776 0.015773 0.015767 0.015756 0.015734 0.015694 0.015622 0.015498 0.015295 0.014974 0.014487 0.013776 0.012786 0.011465 0.009782 0.007737 0.005366 0.002750 0.000000 
50.000000 41.917138 34.166251 27.038450 20.751500 15.431677 11.112031 7.745050 5.224783 3.412357 2.159517 1.326635 0.793831 0.465654 0.270908 0.159498 0.098015 0.065263 0.048410 0.040029 0.035997 0.034120 0.033274 0.032904 0.032748 0.032683 0.032658 0.032648 0.032644 0.032642 0.032640 0.032637 0.032631 0.032620 0.032597 0.032553 0.032472 0.032327 0.032079 0.031668 0.031016 0.030021 0.028567 0.026533 0.023812 0.020333 0.016093 0.011169 0.005725 0.000000 
50.000000 41.922450 34.176655 27.053536 20.770714 15.454381 11.137567 7.772791 5.254172 3.442930 2.190908 1.358569 0.826111 0.498147 0.303527 0.192189 0.130746 0.098015 0.081173 0.072797 0.068768 0.066892 0.066047 0.065677 0.065521 0.065456 0.065431 0.065420 0.065416 0.065414 0.065411 0.065406 0.065395 0.065373 0.065329 0.065245 0.065088 0.064807 0.064323 0.063520 0.062240 0.060280 0.057404 0.053363 0.047934 0.040971 0.032456 0.022541 0.011560 0.000000 
50.000000 41.932419 34.196182 27.081851 20.806776 15.496995 11.185496 7.824861 5.309338 3.500320 2.249833 1.418513 0.886706 0.559143 0.364761 0.253558 0.192189 0.159498 0.142676 0.134310 0.130286 0.128413 0.127568 0.127199 0.127043 0.126979 0.126953 0.126942 0.126938 0.126935 0.126930 0.126921 0.126901 0.126860 0.126779 0.126622 0.126330 0.125805 0.124897 0.123384 0.120959 0.117231 0.111734 0.103974 0.093500 0.080009 0.063447 0.044103 0.022629 0.000000 
50.000000 41.950479 34.231559 27.133148 20.872110 15.574200 11.272335 7.919203 5.409292 3.604306 2.356603 1.527132 0.996506 0.669669 0.475717 0.364760 0.303527 0.270908 0.254123 0.245776 0.241760 0.239891 0.239048 0.238680 0.238524 0.238460 0.238434 0.238424 0.238418 0.238414 0.238406 0.238390 0.238355 0.238283 0.238138 0.237859 0.237335 0.236392 0.234750 0.232003 0.227579 0.220741 0.210601 0.196208 0.176677 0.151389 0.120205 0.083642 0.042947 0.000000 
50.000000 41.982042 34.293385 27.222799 20.986295 15.709137 11.424112 8.084099 5.584000 3.786064 2.543230 1.716993 1.188433 0.862868 0.669669 0.559143 0.498147 0.465654 0.448934 0.440619 0.436619 0.434757 0.433917 0.433550 0.433395 0.433331 0.433305 0.433294 0.433288 0.433281 0.433269 0.433241 0.433182 0.433059 0.432813 0.432334 0.431434 0.429803 0.426952 0.422155 0.414387 0.402304 0.384275 0.358517 0.323341 0.277517 0.220694 0.153763 0.079019 0.000000 
50.000000 42.035221 34.397553 27.373848 21.178684 15.936493 11.679850 8.361946 5.878387 4.092337 2.857712 2.036929 1.511854 1.188433 0.996506 0.886706 0.826111 0.793831 0.777220 0.768959 0.764986 0.763136 0.762301 0.761937 0.761783 0.761719 0.761693 0.761682 0.761674 0.761664 0.761644 0.761599 0.761503 0.761304 0.760901 0.760114 0.758630 0.755927 0.751177 0.743133 0.730023 0.709491 0.678631 0.634206 0.573074 0.492847 0.392690 0.274039 0.140981 0.000000 
50.000000 42.121541 34.566642 27.619040 21.490987 16.305566 12.095002 8.812999 6.356299 4.589553 3.368265 2.556340 2.036929 1.716993 1.527132 1.418513 1.358569 1.326635 1.310203 1.302031 1.298099 1.296269 1.295444 1.295083 1.294931 1.294867 1.294841 1.294829 1.294820 1.294805 1.294774 1.294705 1.294557 1.294246 1.293616 1.292382 1.290040 1.285752 1.278170 1.265245 1.244028 1.210531 1.159759 1.086016 0.983616 0.848023 0.677322 0.473642 0.244008 0.000000 
50.000000 42.256454 34.830918 28.002267 21.979112 16.882432 12.743903 9.518028 7.103324 5.366765 4.166332 3.368265 2.857712 2.543230 2.356603 2.249833 2.190908 2.159517 2.143364 2.135330 2.131465 2.129666 2.128854 2.128500 2.128350 2.128287 2.128261 2.128248 2.128237 2.128216 2.128170 2.128068 2.127849 2.127388 2.126449 2.124600 2.121075 2.114580 2.103020 2.083166 2.050306 1.997958 1.917832 1.800233 1.635142 1.414130 1.132966 0.794388 0.410000 0.000000 
50.000000 42.459360 35.228389 28.578643 22.713267 17.750069 13.719902 10.578467 8.226948 6.535812 5.366765 4.589553 4.092337 3.786064 3.604306 3.500320 3.442930 3.412357 3.396624 3.388799 3.385034 3.383282 3.382492 3.382146 3.382000 3.381939 3.381913 3.381899 3.381884 3.381855 3.381792 3.381650 3.381341 3.380691 3.379360 3.376727 3.371677 3.362313 3.345526 3.316459 3.267906 3.189762 3.068790 2.889038 2.633362 2.286421 1.839173 1.294139 0.669599 0.000000 
50.000000 42.752853 35.803311 29.412353 23.775212 19.005113 15.131713 12.112447 9.852353 8.226948 7.103324 6.356299 5.878387 5.584000 5.409292 5.309338 5.254172 5.224783 5.209659 5.202137 5.198518 5.196833 5.196073 5.195741 5.195600 5.195542 5.195516 5.195501 5.195482 5.195445 5.195361 5.195173 5.194762 5.193892 5.192106 5.188552 5.181696 5.168896 5.145768 5.105366 5.037185 4.926177 4.752071 4.489581 4.110252 3.586807 2.900499 2.050848 1.064843 0.000000 
50.000000 43.160916 36.602668 30.571531 25.251742 20.750152 17.094753 14.245387 12.112447 10.578467 9.518028 8.812999 8.361946 8.084099 7.919203 7.824861 7.772791 7.745050 7.730774 7.723674 7.720258 7.718667 7.717950 7.717637 7.717503 7.717448 7.717423 7.717407 7.717385 7.717339 7.717234 7.716998 7.716483 7.715387 7.713126 7.708602 7.699823 7.683315 7.653240 7.600195 7.509676 7.360377 7.122694 6.758191 6.221255 5.464640 4.450638 3.168347 1.653493 0.000000 
50.000000 43.706009 37.670460 32.119989 27.224146 23.081267 19.717120 17.094753 15.131713 13.719902 12.743903 12.095002 11.679850 11.424112 11.272335 11.185496 11.137567 11.112031 11.098890 11.092353 11.089208 11.087744 11.087084 11.086795 11.086672 11.086621 11.086597 11.086580 11.086556 11.086502 11.086380 11.086104 11.085498 11.084204 11.081522 11.076127 11.065595 11.045644 11.008986 10.943670 10.830863 10.642132 10.336562 9.858560 9.138015 8.095734 6.658345 4.786842 2.517814 0.000000 
50.000000 44.405263 39.040245 34.106396 29.754426 26.071746 23.081267 20.750152 19.005113 17.750069 16.882432 16.305566 15.936493 15.709137 15.574200 15.496995 15.454381 15.431677 15.419993 15.414181 15.411385 15.410083 15.409496 15.409239 15.409130 15.409083 15.409062 15.409045 15.409019 15.408961 15.408829 15.408528 15.407866 15.406447 15.403494 15.397523 15.385795 15.363420 15.321951 15.247290 15.116708 14.894861 14.528896 13.943252 13.035873 11.679812 9.738116 7.104856 3.785079 0.000000 
50.000000 45.266350 40.727055 36.552554 32.870357 29.754426 27.224146 25.251742 23.775212 22.713267 21.979112 21.490987 21.178684 20.986295 20.872110 20.806776 20.770714 20.751500 20.741612 20.736693 20.734327 20.733225 20.732728 20.732510 20.732418 20.732379 20.732360 20.732344 20.732319 20.732262 20.732130 20.731830 20.731167 20.729743 20.726767 20.720721 20.708778 20.685837 20.642964 20.564982 20.426847 20.188405 19.787102 19.128412 18.074613 16.435179 13.969200 10.426413 5.679481 0.000000 
50.000000 46.283910 42.720391 39.443239 36.552554 34.106396 32.119989 30.571531 29.412353 28.578643 28.002267 27.619040 27.373848 27.222799 27.133148 27.081851 27.053536 27.038450 27.030686 27.026823 27.024965 27.024100 27.023709 27.023539 27.023466 27.023435 27.023420 27.023407 27.023384 27.023333 27.023216 27.022949 27.022356 27.021080 27.018403 27.012943 27.002105 26.981158 26.941719 26.869301 26.739470 26.511853 26.120893 25.461644 24.368280 22.583354 19.721620 15.258640 8.662907 0.000000 
50.000000 47.437506 44.980216 42.720391 40.727055 39.040245 37.670460 36.602668 35.803311 35.228389 34.830918 34.566642 34.397553 34.293385 34.231559 34.196182 34.176655 34.166251 34.160896 34.158232 34.156950 34.156353 34.156084 34.155966 34.155916 34.155895 34.155884 34.155875 34.155858 34.155820 34.155731 34.155529 34.155081 34.154114 34.152080 34.147917 34.139622 34.123514 34.093000 34.036530 33.934250 33.752463 33.434321 32.883618 31.935388 30.300642 27.461751 22.490108 13.849541 0.000000 
50.000000 48.691901 47.437506 46.283910 45.266350 44.405263 43.706009 43.160916 42.752853 42.459360 42.256454 42.121541 42.035221 41.982042 41.950479 41.932419 41.922450 41.917138 41.914404 41.913044 41.912390 41.912085 41.911948 41.911888 41.911862 41.911851 41.911846 41.911841 41.911832 41.911811 41.911764 41.911655 41.911413 41.910890 41.909790 41.907532 41.903023 41.894240 41.877533 41.846453 41.789761 41.688011 41.507423 41.188196 40.620184 39.586869 37.621004 33.587964 24.345950 0.000000 
50.000000 50.000000 50.000000 50.000000 50.000000 50.000000 50.000000 50.000000 50.000000 50.000000 50.000000 50.000000 50.000000 50.000000 50.000000 50.000000 50.000000 50.000000 50.000000 50.000000 50.000000 50.000000 50.000000 50.000000 50.000000 50.000000 50.000000 50.000000 50.000000 50.000000 50.000000 50.000000 50.000000 50.000000 50.000000 50.000000 50.000000 50.000000 50.000000 50.000000 50.000000 50.000000 50.000000 50.000000 50.000000 50.000000 50.000000 50.000000 50.000000 50.000000 
