50.000000 50.000000 50.000000 50.000000 50.000000 50.000000 50.000000 50.000000 50.000000 50.000000 50.000000 50.000000 50.000000 50.000000 50.000000 50.000000 50.000000 50.000000 50.000000 50.000000 50.000000 50.000000 50.000000 50.000000 50.000000 50.000000 50.000000 50.000000 50.000000 50.000000 50.000000 50.000000 50.000000 50.000000 50.000000 50.000000 50.000000 50.000000 50.000000 50.000000 50.000000 50.000000 50.000000 50.000000 50.000000 50.000000 50.000000 50.000000 50.000000 50.000000 
50.000000 37.596305 29.830663 26.485706 25.413688 25.143532 25.087863 25.078211 25.076772 25.076585 25.076563 25.076561 25.076561 25.076561 25.076561 25.076561 25.076561 25.076561 25.076561 25.076561 25.076561 25.076561 25.076561 25.076561 25.076561 25.076561 25.076561 25.076561 25.076561 25.076561 25.076561 25.076561 25.076561 25.076561 25.076561 25.076561 25.076561 25.076561 25.076561 25.076561 25.076559 25.076547 25.076435 25.075532 25.069011 25.027473 24.795400 23.662192 18.798152 0.000000 
50.000000 29.830663 17.212218 11.782921 10.045152 9.607842 9.517863 9.502287 9.499969 9.499668 9.499633 9.499630 9.499629 9.499629 9.499629 9.499629 9.499629 9.499629 9.499629 9.499629 9.499629 9.499629 9.499629 9.499629 9.499629 9.499629 9.499629 9.499629 9.499629 9.499629 9.499629 9.499629 9.499629 9.499629 9.499629 9.499629 9.499629 9.499629 9.499629 9.499629 9.499628 9.499618 9.499529 9.498818 9.493819 9.463254 9.303445 8.606109 6.168470 0.000000 
50.000000 26.485706 11.782921 5.462240 3.441211 2.933179 2.828770 2.810718 2.808035 2.807686 2.807646 2.807642 2.807642 2.807642 2.807642 2.807642 2.807642 2.807642 2.807642 2.807642 2.807642 2.807642 2.807642 2.807642 2.807642 2.807642 2.807642 2.807642 2.807642 2.807642 2.807642 2.807642 2.807642 2.807642 2.807642 2.807642 2.807642 2.807642 2.807642 2.807642 2.807641 2.807637 2.807599 2.807297 2.805220 2.792877 2.731120 2.479476 1.690306 0.000000 
50.000000 25.413688 10.045152 3.441211 1.330712 0.800489 0.691583 0.672765 0.669970 0.669607 0.669565 0.669561 0.669561 0.669561 0.669561 0.669561 0.669561 0.669561 0.669561 0.669561 0.669561 0.669561 0.669561 0.669561 0.669561 0.669561 0.669561 0.669561 0.669561 0.669561 0.669561 0.669561 0.669561 0.669561 0.669561 0.669561 0.669561 0.669561 0.669561 0.669561 0.669560 0.669559 0.669548 0.669460 0.668859 0.665356 0.648334 0.581897 0.386216 0.000000 
50.000000 25.143532 9.607842 2.933179 0.800489 0.264801 0.154796 0.135792 0.132970 0.132604 0.132562 0.132558 0.132557 0.132557 0.132557 0.132557 0.132557 0.132557 0.132557 0.132557 0.132557 0.132557 0.132557 0.132557 0.132557 0.132557 0.132557 0.132557 0.132557 0.132557 0.132557 0.132557 0.132557 0.132557 0.132557 0.132557 0.132557 0.132557 0.132557 0.132557 0.132557 0.132557 0.132554 0.132534 0.132401 0.131631 0.127959 0.114023 0.074521 0.000000 
50.000000 25.087863 9.517863 2.828770 0.691583 0.154796 0.044572 0.025532 0.022704 0.022337 0.022295 0.022291 0.022290 0.022290 0.022290 0.022290 0.022290 0.022290 0.022290 0.022290 0.022290 0.022290 0.022290 0.022290 0.022290 0.022290 0.022290 0.022290 0.022290 0.022290 0.022290 0.022290 0.022290 0.022290 0.022290 0.022290 0.022290 0.022290 0.022290 0.022290 0.022290 0.022290 0.022290 0.022286 0.022262 0.022124 0.021473 0.019045 0.012331 0.000000 
50.000000 25.078211 9.502287 2.810718 0.672765 0.135792 0.025532 0.006485 0.003656 0.003289 0.003247 0.003243 0.003242 0.003242 0.003242 0.003242 0.003242 0.003242 0.003242 0.003242 0.003242 0.003242 0.003242 0.003242 0.003242 0.003242 0.003242 0.003242 0.003242 0.003242 0.003242 0.003242 0.003242 0.003242 0.003242 0.003242 0.003242 0.003242 0.003242 0.003242 0.003242 0.003242 0.003242 0.003242 0.003238 0.003217 0.003119 0.002758 0.001775 0.000000 
50.000000 25.076772 9.499969 2.808035 0.669970 0.132970 0.022704 0.003656 0.000828 0.000461 0.000419 0.000415 0.000414 0.000414 0.000414 0.000414 0.000414 0.000414 0.000414 0.000414 0.000414 0.000414 0.000414 0.000414 0.000414 0.000414 0.000414 0.000414 0.000414 0.000414 0.000414 0.000414 0.000414 0.000414 0.000414 0.000414 0.000414 0.000414 0.000414 0.000414 0.000414 0.000414 0.000414 0.000414 0.000413 0.000411 0.000398 0.000351 0.000225 0.000000 
50.000000 25.076585 9.499668 2.807686 0.669607 0.132604 0.022337 0.003289 0.000461 0.000094 0.000052 0.000047 0.000047 0.000047 0.000047 0.000047 0.000047 0.000047 0.000047 0.000047 0.000047 0.000047 0.000047 0.000047 0.000047 0.000047 0.000047 0.000047 0.000047 0.000047 0.000047 0.000047 0.000047 0.000047 0.000047 0.000047 0.000047 0.000047 0.000047 0.000047 0.000047 0.000047 0.000047 0.000047 0.000047 0.000047 0.000045 0.000040 0.000025 0.000000 
50.000000 25.076563 9.499633 2.807646 0.669565 0.132562 0.022295 0.003247 0.000419 0.000052 0.000010 0.000005 0.000005 0.000005 0.000005 0.000005 0.000005 0.000005 0.000005 0.000005 0.000005 0.000005 0.000005 0.000005 0.000005 0.000005 0.000005 0.000005 0.000005 0.000005 0.000005 0.000005 0.000005 0.000005 0.000005 0.000005 0.000005 0.000005 0.000005 0.000005 0.000005 0.000005 0.000005 0.000005 0.000005 0.000005 0.000005 0.000004 0.000003 0.000000 
50.000000 25.076561 9.499630 2.807642 0.669561 0.132558 0.022291 0.003243 0.000415 0.000047 0.000005 0.000001 0.000000 0.000000 0.000000 0.000000 0.000000 0.000000 0.000000 0.000000 0.000000 0.000000 0.000000 0.000000 0.000000 0.000000 0.000000 0.000000 0.000000 0.000000 0.000000 0.000000 0.000000 0.000000 0.000000 0.000000 0.000000 0.000000 0.000000 0.000000 0.000000 0.000000 0.000000 0.000000 0.000000 0.000000 0.000000 0.000000 0.000000 0.000000 
50.000000 25.076561 9.499629 2.807642 0.669561 0.132557 0.022290 0.003242 0.000414 0.000047 0.000005 0.000000 0.000000 0.000000 0.000000 0.000000 0.000000 0.000000 0.000000 0.000000 0.000000 0.000000 0.000000 0.000000 0.000000 0.000000 0.000000 0.000000 0.000000 0.000000 0.000000 0.000000 0.000000 0.000000 0.000000 0.000000 0.000000 0.000000 0.000000 0.000000 0.000000 0.000000 0.000000 0.000000 0.000000 0.000000 0.000000 0.000000 0.000000 0.000000 
50.000000 25.076561 9.499629 2.807642 0.669561 0.132557 0.022290 0.003242 0.000414 0.000047 0.000005 0.000000 0.000000 0.000000 0.000000 0.000000 0.000000 0.000000 0.000000 0.000000 0.000000 0.000000 0.000000 0.000000 0.000000 0.000000 0.000000 0.000000 0.000000 0.000000 0.000000 0.000000 0.000000 0.000000 0.000000 0.000000 0.000000 0.000000 0.000000 0.000000 0.000000 0.000000 0.000000 0.000000 0.000000 0.000000 0.000000 0.000000 0.000000 0.000000 
50.000000 25.076561 9.499629 2.807642 0.669561 0.132557 0.022290 0.003242 0.000414 0.000047 0.000005 0.000000 0.000000 0.000000 0.000000 0.000000 0.000000 0.000000 0.000000 0.000000 0.000000 0.000000 0.000000 0.000000 0.000000 0.000000 0.000000 0.000000 0.000000 0.000000 0.000000 0.000000 0.000000 0.000000 0.000000 0.000000 0.000000 0.000000 0.000000 0.000000 0.000000 0.000000 0.000000 0.000000 0.000000 0.000000 0.000000 0.000000 0.000000 0.000000 
50.000000 25.076561 9.499629 2.807642 0.669561 0.132557 0.022290 0.003242 0.000414 0.000047 0.000005 0.000000 0.000000 0.000000 0.000000 0.000000 0.000000 0.000000 0.000000 0.000000 0.000000 0.000000 0.000000 0.000000 0.000000 0.000000 0.000000 0.000000 0.000000 0.000000 0.000000 0.000000 0.000000 0.000000 0.000000 0.000000 0.000000 0.000000 0.000000 0.000000 0.000000 0.000000 0.000000 0.000000 0.000000 0.000000 0.000000 0.000000 0.000000 0.000000 
50.000000 25.076561 9.499629 2.807642 0.669561 0.132557 0.022290 0.003242 0.000414 0.000047 0.000005 0.000000 0.000000 0.000000 0.000000 0.000000 0.000000 0.000000 0.000000 0.000000 0.000000 0.000000 0.000000 0.000000 0.000000 0.000000 0.000000 0.000000 0.000000 0.000000 0.000000 0.000000 0.000000 0.000000 0.000000 0.000000 0.000000 0.000000 0.000000 0.000000 0.000000 0.000000 0.000000 0.000000 0.000000 0.000000 0.000000 0.000000 0.000000 0.000000 
50.000000 25.076561 9.499629 2.807642 0.669561 0.132557 0.022290 0.003242 0.000414 0.000047 0.000005 0.000000 0.000000 0.000000 0.000000 0.000000 0.000000 0.000000 0.000000 0.000000 0.000000 0.000000 0.000000 0.000000 0.000000 0.000000 0.000000 0.000000 0.000000 0.000000 0.000000 0.000000 0.000000 0.000000 0.000000 0.000000 0.000000 0.000000 0.000000 0.000000 0.000000 0.000000 0.000000 0.000000 0.000000 0.000000 0.000000 0.000000 0.000000 0.000000 
50.000000 25.076561 9.499629 2.807642 0.669561 0.132557 0.022290 0.003242 0.000414 0.000047 0.000005 0.000000 0.000000 0.000000 0.000000 0.000000 0.000000 0.000000 0.000000 0.000000 0.000000 0.000000 0.000000 0.000000 0.000000 0.000000 0.000000 0.000000 0.000000 0.000000 0.000000 0.000000 0.000000 0.000000 0.000000 0.000000 0.000000 0.000000 0.000000 0.000000 0.000000 0.000000 0.000000 0.000000 0.000000 0.000000 0.000000 0.000000 0.000000 0.000000 
50.000000 25.076561 9.499629 2.807642 0.669561 0.132557 0.022290 0.003242 0.000414 0.000047 0.000005 0.000000 0.000000 0.000000 0.000000 0.000000 0.000000 0.000000 0.000000 0.000000 0.000000 0.000000 0.000000 0.000000 0.000000 0.000000 0.000000 0.000000 0.000000 0.000000 0.000000 0.000000 0.000000 0.000000 0.000000 0.000000 0.000000 0.000000 0.000000 0.000000 0.000000 0.000000 0.000000 0.000000 0.000000 0.000000 0.000000 0.000000 0.000000 0.000000 
50.000000 25.076561 9.499629 2.807642 0.669561 0.132557 0.022290 0.003242 0.000414 0.000047 0.000005 0.000000 0.000000 0.000000 0.000000 0.000000 0.000000 0.000000 0.000000 0.000000 0.000000 0.000000 0.000000 0.000000 0.000000 0.000000 0.000000 0.000000 0.000000 0.000000 0.000000 0.000000 0.000000 0.000000 0.000000 0.000000 0.000000 0.000000 0.000000 0.000000 0.000000 0.000000 0.000000 0.000000 0.000000 0.000000 0.000000 0.000000 0.000000 0.000000 
50.000000 25.076561 9.499629 2.807642 0.669561 0.132557 0.022290 0.003242 0.000414 0.000047 0.000005 0.000000 0.000000 0.000000 0.000000 0.000000 0.000000 0.000000 0.000000 0.000000 0.000000 0.000000 0.000000 0.000000 0.000000 0.000000 0.000000 0.000000 0.000000 0.000000 0.000000 0.000000 0.000000 0.000000 0.000000 0.000000 0.000000 0.000000 0.000000 0.000000 0.000000 0.000000 0.000000 0.000000 0.000000 0.000000 0.000000 0.000000 0.000000 0.000000 
50.000000 25.076561 9.499629 2.807642 0.669561 0.132557 0.022290 0.003242 0.000414 0.000047 0.000005 0.000000 0.000000 0.000000 0.000000 0.000000 0.000000 0.000000 0.000000 0.000000 0.000000 0.000000 0.000000 0.000000 0.000000 0.000000 0.000000 0.000000 0.000000 0.000000 0.000000 0.000000 0.000000 0.000000 0.000000 0.000000 0.000000 0.000000 0.000000 0.000000 0.000000 0.000000 0.000000 0.000000 0.000000 0.000000 0.000000 0.000000 0.000000 0.000000 
50.000000 25.076561 9.499629 2.807642 0.669561 0.132557 0.022290 0.003242 0.000414 0.000047 0.000005 0.000000 0.000000 0.000000 0.000000 0.000000 0.000000 0.000000 0.000000 0.000000 0.000000 0.000000 0.000000 0.000000 0.000000 0.000000 0.000000 0.000000 0.000000 0.000000 0.000000 0.000000 0.000000 0.000000 0.000000 0.000000 0.000000 0.000000 0.000000 0.000000 0.000000 0.000000 0.000000 0.000000 0.000000 0.000000 0.000000 0.000000 0.000000 0.000000 
50.000000 25.076561 9.499629 2.807642 0.669561 0.132557 0.022290 0.003242 0.000414 0.000047 0.000005 0.000000 0.000000 0.000000 0.000000 0.000000 0.000000 0.000000 0.000000 0.000000 0.000000 0.000000 0.000000 0.000000 0.000000 0.000000 0.000000 0.000000 0.000000 0.000000 0.000000 0.000000 0.000000 0.000000 0.000000 0.000000 0.000000 0.000000 0.000000 0.000000 0.000000 0.000000 0.000000 0.000000 0.000000 0.000000 0.000000 0.000000 0.000000 0.000000 
50.000000 25.076561 9.499629 2.807642 0.669561 0.132557 0.022290 0.003242 0.000414 0.000047 0.000005 0.000000 0.000000 0.000000 0.000000 0.000000 0.000000 0.000000 0.000000 0.000000 0.000000 0.000000 0.000000 0.000000 0.000000 0.000000 0.000000 0.000000 0.000000 0.000000 0.000000 0.000000 0.000000 0.000000 0.000000 0.000000 0.000000 0.000000 0.000000 0.000000 0.000000 0.000000 0.000000 0.000000 0.000000 0.000000 0.000000 0.000000 0.000000 0.000000 
50.000000 25.076561 9.499629 2.807642 0.669561 0.132557 0.022290 0.003242 0.000414 0.000047 0.000005 0.000000 0.000000 0.000000 0.000000 0.000000 0.000000 0.000000 0.000000 0.000000 0.000000 0.000000 0.000000 0.000000 0.000000 0.000000 0.000000 0.000000 0.000000 0.000000 0.000000 0.000000 0.000000 0.000000 0.000000 0.000000 0.000000 0.000000 0.000000 0.000000 0.000000 0.000000 0.000000 0.000000 0.000000 0.000000 0.000000 0.000000 0.000000 0.000000 
50.000000 25.076561 9.499629 2.807642 0.669561 0.132557 0.022290 0.003242 0.000414 0.000047 0.000005 0.000000 0.000000 0.000000 0.000000 0.000000 0.000000 0.000000 0.000000 0.000000 0.000000 0.000000 0.000000 0.000000 0.000000 0.000000 0.000000 0.000000 0.000000 0.000000 0.000000 0.000000 0.000000 0.000000 0.000000 0.000000 0.000000 0.000000 0.000000 0.000000 0.000000 0.000000 0.000000 0.000000 0.000000 0.000000 0.000000 0.000000 0.000000 0.000000 
50.000000 25.076561 9.499629 2.807642 0.669561 0.132557 0.022290 0.003242 0.000414 0.000047 0.000005 0.000000 0.000000 0.000000 0.000000 0.000000 0.000000 0.000000 0.000000 0.000000 0.000000 0.000000 0.000000 0.000000 0.000000 0.000000 0.000000 0.000000 0.000000 0.000000 0.000000 0.000000 0.000000 0.000000 0.000000 0.000000 0.000000 0.000000 0.000000 0.000000 0.000000 0.000000 0.000000 0.000000 0.000000 0.000000 0.000000 0.000000 0.000000 0.000000 
50.000000 25.076561 9.499629 2.807642 0.669561 0.132557 0.022290 0.003242 0.000414 0.000047 0.000005 0.000000 0.000000 0.000000 0.000000 0.000000 0.000000 0.000000 0.000000 0.000000 0.000000 0.000000 0.000000 0.000000 0.000000 0.000000 0.000000 0.000000 0.000000 0.000000 0.000000 0.000000 0.000000 0.000000 0.000000 0.000000 0.000000 0.000000 0.000000 0.000000 0.000000 0.000000 0.000000 0.000000 0.000000 0.000000 0.000000 0.000000 0.000000 0.000000 
50.000000 25.076561 9.499629 2.807642 0.669561 0.132557 0.022290 0.003242 0.000414 0.000047 0.000005 0.000000 0.000000 0.000000 0.000000 0.000000 0.000000 0.000000 0.000000 0.000000 0.000000 0.000000 0.000000 0.000000 0.000000 0.000000 0.000000 0.000000 0.000000 0.000000 0.000000 0.000000 0.000000 0.000000 0.000000 0.000000 0.000000 0.000000 0.000000 0.000000 0.000000 0.000000 0.000000 0.000000 0.000000 0.000000 0.000000 0.000000 0.000000 0.000000 
50.000000 25.076561 9.499629 2.807642 0.669561 0.132557 0.022290 0.003242 0.000414 0.000047 0.000005 0.000000 0.000000 0.000000 0.000000 0.000000 0.000000 0.000000 0.000000 0.000000 0.000000 0.000000 0.000000 0.000000 0.000000 0.000000 0.000000 0.000000 0.000000 0.000000 0.000000 0.000000 0.000000 0.000000 0.000000 0.000000 0.000000 0.000000 0.000000 0.000000 0.000000 0.000000 0.000000 0.000000 0.000000 0.000000 0.000000 0.000000 0.000000 0.000000 
50.000000 25.076561 9.499629 2.807642 0.669561 0.132557 0.022290 0.003242 0.000414 0.000047 0.000005 0.000000 0.000000 0.000000 0.000000 0.000000 0.000000 0.000000 0.000000 0.000000 0.000000 0.000000 0.000000 0.000000 0.000000 0.000000 0.000000 0.000000 0.000000 0.000000 0.000000 0.000000 0.000000 0.000000 0.000000 0.000000 0.000000 0.000000 0.000000 0.000000 0.000000 0.000000 0.000000 0.000000 0.000000 0.000000 0.000000 0.000000 0.000000 0.000000 
50.000000 25.076561 9.499629 2.807642 0.669561 0.132557 0.022290 0.003242 0.000414 0.000047 0.000005 0.000000 0.000000 0.000000 0.000000 0.000000 0.000000 0.000000 0.000000 0.000000 0.000000 0.000000 0.000000 0.000000 0.000000 0.000000 0.000000 0.000000 0.000000 0.000000 0.000000 0.000000 0.000000 0.000000 0.000000 0.000000 0.000000 0.000000 0.000000 0.000000 0.000000 0.000000 0.000000 0.000000 0.000000 0.000000 0.000000 0.000000 0.000000 0.000000 
50.000000 25.076561 9.499629 2.807642 0.669561 0.132557 0.022290 0.003242 0.000414 0.000047 0.000005 0.000000 0.000000 0.000000 0.000000 0.000000 0.000000 0.000000 0.000000 0.000000 0.000000 0.000000 0.000000 0.000000 0.000000 0.000000 0.000000 0.000000 0.000000 0.000000 0.000000 0.000000 0.000000 0.000000 0.000000 0.000000 0.000000 0.000000 0.000000 0.000000 0.000000 0.000000 0.000000 0.000000 0.000000 0.000000 0.000000 0.000000 0.000000 0.000000 
50.000000 25.076561 9.499629 2.807642 0.669561 0.132557 0.022290 0.003242 0.000414 0.000047 0.000005 0.000000 0.000000 0.000000 0.000000 0.000000 0.000000 0.000000 0.000000 0.000000 0.000000 0.000000 0.000000 0.000000 0.000000 0.000000 0.000000 0.000000 0.000000 0.000000 0.000000 0.000000 0.000000 0.000000 0.000000 0.000000 0.000000 0.000000 0.000000 0.000000 0.000000 0.000000 0.000000 0.000000 0.000000 0.000000 0.000000 0.000000 0.000000 0.000000 
50.000000 25.076561 9.499629 2.807642 0.669561 0.132557 0.022290 0.003242 0.000414 0.000047 0.000005 0.000000 0.000000 0.000000 0.000000 0.000000 0.000000 0.000000 0.000000 0.000000 0.000000 0.000000 0.000000 0.000000 0.000000 0.000000 0.000000 0.000000 0.000000 0.000000 0.000000 0.000000 0.000000 0.000000 0.000000 0.000000 0.000000 0.000000 0.000000 0.000000 0.000000 0.000000 0.000000 0.000000 0.000000 0.000000 0.000000 0.000000 0.000000 0.000000 
50.000000 25.076561 9.499629 2.807642 0.669561 0.132557 0.022290 0.003242 0.000414 0.000047 0.000005 0.000000 0.000000 0.000000 0.000000 0.000000 0.000000 0.000000 0.000000 0.000000 0.000000 0.000000 0.000000 0.000000 0.000000 0.000000 0.000000 0.000000 0.000000 0.000000 0.000000 0.000000 0.000000 0.000000 0.000000 0.000000 0.000000 0.000000 0.000000 0.000000 0.000000 0.000000 0.000000 0.000000 0.000000 0.000000 0.000000 0.000000 0.000000 0.000000 
50.000000 25.076561 9.499630 2.807642 0.669561 0.132558 0.022291 0.003243 0.000415 0.000047 0.000005 0.000001 0.000000 0.000000 0.000000 0.000000 0.000000 0.000000 0.000000 0.000000 0.000000 0.000000 0.000000 0.000000 0.000000 0.000000 0.000000 0.000000 0.000000 0.000000 0.000000 0.000000 0.000000 0.000000 0.000000 0.000000 0.000000 0.000000 0.000000 0.000000 0.000000 0.000000 0.000000 0.000000 0.000000 0.000000 0.000000 0.000000 0.000000 0.000000 
50.000000 25.076563 9.499633 2.807646 0.669565 0.132562 0.022295 0.003247 0.000419 0.000052 0.000010 0.000005 0.000005 0.000005 0.000005 0.000005 0.000005 0.000005 0.000005 0.000005 0.000005 0.000005 0.000005 0.000005 0.000005 0.000005 0.000005 0.000005 0.000005 0.000005 0.000005 0.000005 0.000005 0.000005 0.000005 0.000005 0.000005 0.000005 0.000005 0.000005 0.000005 0.000005 0.000005 0.000005 0.000005 0.000005 0.000005 0.000004 0.000003 0.000000 
50.000000 25.076585 9.499668 2.807686 0.669607 0.132604 0.022337 0.003289 0.000461 0.000094 0.000052 0.000047 0.000047 0.000047 0.000047 0.000047 0.000047 0.000047 0.000047 0.000047 0.000047 0.000047 0.000047 0.000047 0.000047 0.000047 0.000047 0.000047 0.000047 0.000047 0.000047 0.000047 0.000047 0.000047 0.000047 0.000047 0.000047 0.000047 0.000047 0.000047 0.000047 0.000047 0.000047 0.000047 0.000047 0.000047 0.000045 0.000040 0.000025 0.000000 
50.000000 25.076772 9.499969 2.808035 0.669970 0.132970 0.022704 0.003656 0.000828 0.000461 0.000419 0.000415 0.000414 0.000414 0.000414 0.000414 0.000414 0.000414 0.000414 0.000414 0.000414 0.000414 0.000414 0.000414 0.000414 0.000414 0.000414 0.000414 0.000414 0.000414 0.000414 0.000414 0.000414 0.000414 0.000414 0.000414 0.000414 0.000414 0.000414 0.000414 0.000414 0.000414 0.000414 0.000414 0.000413 0.000411 0.000398 0.000351 0.000225 0.000000 
50.000000 25.078211 9.502287 2.810718 0.672765 0.135792 0.025532 0.006485 0.003656 0.003289 0.003247 0.003243 0.003242 0.003242 0.003242 0.003242 0.003242 0.003242 0.003242 0.003242 0.003242 0.003242 0.003242 0.003242 0.003242 0.003242 0.003242 0.003242 0.003242 0.003242 0.003242 0.003242 0.003242 0.003242 0.003242 0.003242 0.003242 0.003242 0.003242 0.003242 0.003242 0.003242 0.003242 0.003242 0.003238 0.003217 0.003119 0.002758 0.001775 0.000000 
50.000000 25.087863 9.517863 2.828770 0.691583 0.154796 0.044572 0.025532 0.022704 0.022337 0.022295 0.022291 0.022290 0.022290 0.022290 0.022290 0.022290 0.022290 0.022290 0.022290 0.022290 0.022290 0.022290 0.022290 0.022290 0.022290 0.022290 0.022290 0.022290 0.022290 0.022290 0.022290 0.022290 0.022290 0.022290 0.022290 0.022290 0.022290 0.022290 0.022290 0.022290 0.022290 0.022290 0.022286 0.022262 0.022124 0.021473 0.019045 0.012331 0.000000 
50.000000 25.143532 9.607842 2.933179 0.800489 0.264801 0.154796 0.135792 0.132970 0.132604 0.132562 0.132558 0.132557 0.132557 0.132557 0.132557 0.132557 0.132557 0.132557 0.132557 0.132557 0.132557 0.132557 0.132557 0.132557 0.132557 0.132557 0.132557 0.132557 0.132557 0.132557 0.132557 0.132557 0.132557 0.132557 0.132557 0.132557 0.132557 0.132557 0.132557 0.132557 0.132557 0.132554 0.132534 0.132401 0.131631 0.127959 0.114023 0.074521 0.000000 
50.000000 25.413688 10.045152 3.441211 1.330712 0.800489 0.691583 0.672765 0.669970 0.669607 0.669565 0.669561 0.669561 0.669561 0.669561 0.669561 0.669561 0.669561 0.669561 0.669561 0.669561 0.669561 0.669561 0.669561 0.669561 0.669561 0.669561 0.669561 0.669561 0.669561 0.669561 0.669561 0.669561 0.669561 0.669561 0.669561 0.669561 0.669561 0.669561 0.669561 0.669560 0.669559 0.669548 0.669460 0.668859 0.665356 0.648334 0.581897 0.386216 0.000000 
50.000000 26.485706 11.782921 5.462240 3.441211 2.933179 2.828770 2.810718 2.808035 2.807686 2.807646 2.807642 2.807642 2.807642 2.807642 2.807642 2.807642 2.807642 2.807642 2.807642 2.807642 2.807642 2.807642 2.807642 2.807642 2.807642 2.807642 2.807642 2.807642 2.807642 2.807642 2.807642 2.807642 2.807642 2.807642 2.807642 2.807642 2.807642 2.807642 2.807642 2.807641 2.807637 2.807599 2.807297 2.805220 2.792877 2.731120 2.479476 1.690306 0.000000 
50.000000 29.830663 17.212218 11.782921 10.045152 9.607842 9.517863 9.502287 9.499969 9.499668 9.499633 9.499630 9.499629 9.499629 9.499629 9.499629 9.499629 9.499629 9.499629 9.499629 9.499629 9.499629 9.499629 9.499629 9.499629 9.499629 9.499629 9.499629 9.499629 9.499629 9.499629 9.499629 9.499629 9.499629 9.499629 9.499629 9.499629 9.499629 9.499629 9.499629 9.499628 9.499618 9.499529 9.498818 9.493819 9.463254 9.303445 8.606109 6.168470 0.000000 
50.000000 37.596305 29.830663 26.485706 25.413688 25.143532 25.087863 25.078211 25.076772 25.076585 25.076563 25.076561 25.076561 25.076561 25.076561 25.076561 25.076561 25.076561 25.076561 25.076561 25.076561 25.076561 25.076561 25.076561 25.076561 25.076561 25.076561 25.076561 25.076561 25.076561 25.076561 25.076561 25.076561 25.076561 25.076561 25.076561 25.076561 25.076561 25.076561 25.076561 25.076559 25.076547 25.076435 25.075532 25.069011 25.027473 24.795400 23.662192 18.798152 0.000000 
50.000000 50.000000 50.000000 50.000000 50.000000 50.000000 50.000000 50.000000 50.000000 50.000000 50.000000 50.000000 50.000000 50.000000 50.000000 50.000000 50.000000 50.000000 50.000000 50.000000 50.000000 50.000000 50.000000 50.000000 50.000000 50.000000 50.000000 50.000000 50.000000 50.000000 50.000000 50.000000 50.000000 50.000000 50.000000 50.000000 50.000000 50.000000 50.000000 50.000000 50.000000 50.000000 50.000000 50.000000 50.000000 50.000000 50.000000 50.000000 50.000000 50.000000 
