50.000000 50.000000 50.000000 50.000000 50.000000 50.000000 50.000000 50.000000 50.000000 50.000000 50.000000 50.000000 50.000000 50.000000 50.000000 50.000000 50.000000 50.000000 50.000000 50.000000 50.000000 50.000000 50.000000 50.000000 50.000000 50.000000 50.000000 50.000000 50.000000 50.000000 50.000000 50.000000 50.000000 50.000000 50.000000 50.000000 50.000000 50.000000 50.000000 50.000000 50.000000 50.000000 50.000000 50.000000 50.000000 50.000000 50.000000 50.000000 50.000000 50.000000 
50.000000 49.035213 48.099648 47.219874 46.417554 45.707912 45.099083 44.592356 44.183147 43.862452 43.618503 43.438338 43.309123 43.219104 43.158170 43.118080 43.092438 43.076487 43.066835 43.061150 43.057890 43.056070 43.055080 43.054553 43.054279 43.054134 43.054048 43.053979 43.053886 43.053724 43.053416 43.052828 43.051720 43.049676 43.045974 43.039398 43.027931 43.008271 42.975087 42.919828 42.828791 42.679844 42.436549 42.036811 41.368960 40.216117 38.112146 33.925155 24.517606 0.000000 
50.000000 48.099648 46.256856 44.523956 42.943621 41.545835 40.346623 39.348523 38.542505 37.910836 37.430332 37.075464 36.820954 36.643646 36.523625 36.444664 36.394158 36.362740 36.343728 36.332531 36.326111 36.322526 36.320575 36.319539 36.318998 36.318713 36.318547 36.318412 36.318236 36.317928 36.317345 36.316234 36.314144 36.310290 36.303324 36.290975 36.269491 36.232772 36.171038 36.068762 35.901424 35.630246 35.193350 34.490192 33.352924 31.491873 28.391520 23.128428 14.174493 0.000000 
50.000000 47.219874 44.523956 41.988810 39.676859 37.631973 35.877594 34.417435 33.238283 32.314197 31.611257 31.092114 30.719789 30.460405 30.284827 30.169315 30.095432 30.049472 30.021659 30.005280 29.995889 29.990645 29.987791 29.986276 29.985485 29.985069 29.984829 29.984638 29.984394 29.983972 29.983175 29.981657 29.978810 29.973571 29.964126 29.947434 29.918504 29.869294 29.787053 29.651853 29.432873 29.082788 28.529160 27.661114 26.308887 24.214101 20.994405 16.132436 9.107728 0.000000 
50.000000 46.417554 42.943621 39.676859 36.697711 34.062705 31.802049 29.920525 28.401106 27.210363 26.304585 25.635645 25.155889 24.821664 24.595429 24.446590 24.351391 24.292173 24.256337 24.235232 24.223133 24.216376 24.212700 24.210747 24.209729 24.209197 24.208892 24.208657 24.208366 24.207868 24.206933 24.205159 24.201838 24.195745 24.184798 24.165529 24.132298 24.076110 23.982909 23.831128 23.588232 23.205918 22.613564 21.709703 20.352001 18.348856 15.462758 11.451748 6.201438 0.000000 
50.000000 45.707912 41.545835 37.631973 34.062705 30.905756 28.197320 25.943122 24.122761 22.696181 21.611014 20.809597 20.234833 19.834425 19.563392 19.385084 19.271036 19.200094 19.157164 19.131882 19.117387 19.109294 19.104891 19.102552 19.101334 19.100699 19.100342 19.100076 19.099758 19.099227 19.098235 19.096359 19.092859 19.086461 19.075010 19.054950 19.020550 18.962784 18.867767 18.714617 18.472662 18.097917 17.528983 16.682947 15.452878 13.710704 11.323086 8.192910 4.338952 0.000000 
50.000000 45.099083 40.346623 35.877594 31.802049 28.197320 25.104732 22.530822 20.452292 18.823401 17.584349 16.669292 16.013033 15.555855 15.246399 15.042815 14.912602 14.831606 14.782592 14.753727 14.737179 14.727939 14.722912 14.720244 14.718855 14.718134 14.717735 14.717451 14.717127 14.716599 14.715623 14.713785 14.710370 14.704150 14.693068 14.673755 14.640838 14.585966 14.496499 14.353818 14.131285 13.791981 13.286609 12.552366 11.514372 10.092346 8.216480 5.856431 3.062272 0.000000 
50.000000 44.592356 39.348523 34.417435 29.920525 25.943122 22.530822 19.690836 17.397453 15.600199 14.233089 13.223467 12.499395 11.994981 11.653555 11.428940 11.285279 11.195918 11.141842 11.109998 11.091742 11.081549 11.076003 11.073060 11.071530 11.070740 11.070310 11.070017 11.069704 11.069209 11.068307 11.066616 11.063488 11.057814 11.047752 11.030311 11.000775 10.951906 10.872925 10.748275 10.556256 10.267745 9.845418 9.244214 8.414139 7.306961 5.888275 4.155173 2.155808 0.000000 
50.000000 44.183147 38.542505 33.238283 28.401106 24.122761 20.452292 17.397453 14.930582 12.997386 11.526880 10.440908 9.662087 9.119539 8.752304 8.510714 8.356196 8.260084 8.201924 8.167675 8.148040 8.137078 8.131114 8.127950 8.126307 8.125462 8.125010 8.124717 8.124425 8.123985 8.123193 8.121721 8.119008 8.114109 8.105462 8.090558 8.065478 8.024287 7.958286 7.855153 7.698110 7.465291 7.129708 6.660310 6.024844 5.195189 4.155495 2.912258 1.503303 0.000000 
50.000000 43.862452 37.910836 32.314197 27.210363 22.696181 18.823401 15.600199 12.997386 10.957670 9.406149 8.260358 7.438643 6.866219 6.478767 6.223879 6.060858 5.959458 5.898099 5.861966 5.841252 5.829688 5.823397 5.820060 5.818329 5.817443 5.816976 5.816689 5.816425 5.816048 5.815386 5.814164 5.811924 5.807896 5.800821 5.788694 5.768414 5.735344 5.682785 5.601421 5.478835 5.299277 5.043943 4.692116 4.223519 3.622131 2.881324 2.009412 1.033661 0.000000 
50.000000 43.618503 37.430332 31.611257 26.304585 21.611014 17.584349 14.233089 11.526880 9.406149 7.793015 6.601732 5.747399 5.152258 4.749433 4.484435 4.314949 4.209529 4.145739 4.108174 4.086640 4.074618 4.068078 4.064610 4.062813 4.061896 4.061420 4.061141 4.060907 4.060597 4.060065 4.059095 4.057326 4.054159 4.048624 4.039186 4.023498 3.998089 3.958014 3.896508 3.804728 3.671726 3.484813 3.230531 2.896397 2.473457 1.959404 1.361570 0.698674 0.000000 
50.000000 43.438338 37.075464 31.092114 25.635645 20.809597 16.669292 13.223467 10.440908 8.260358 6.601732 5.376861 4.498447 3.886536 3.472363 3.199902 3.025645 2.917259 2.851674 2.813053 2.790913 2.778553 2.771831 2.768266 2.766420 2.765481 2.765001 2.764731 2.764526 2.764276 2.763866 2.763126 2.761785 2.759397 2.755241 2.748193 2.736542 2.717793 2.688430 2.643717 2.577572 2.482622 2.350542 2.172793 1.941830 1.652736 1.305061 0.904427 0.463251 0.000000 
50.000000 43.309123 36.820954 30.719789 25.155889 20.234833 16.013033 12.499395 9.662087 7.438643 5.747399 4.498447 3.602770 2.978836 2.556529 2.278719 2.101043 1.990530 1.923659 1.884282 1.861709 1.849107 1.842253 1.838620 1.836739 1.835785 1.835302 1.835042 1.834861 1.834665 1.834358 1.833814 1.832837 1.831104 1.828103 1.823037 1.814709 1.801385 1.780654 1.749310 1.703299 1.637800 1.547489 1.427067 1.272049 1.079778 0.850495 0.588182 0.300853 0.000000 
50.000000 43.219104 36.643646 30.460405 24.821664 19.834425 15.555855 11.994981 9.119539 6.866219 5.152258 3.886536 2.978836 2.346531 1.918561 1.637027 1.456970 1.344977 1.277212 1.237308 1.214433 1.201663 1.194718 1.191036 1.189132 1.188168 1.187684 1.187431 1.187271 1.187117 1.186894 1.186509 1.185821 1.184609 1.182520 1.179009 1.173266 1.164127 1.149993 1.128760 1.097805 1.054061 0.994206 0.915018 0.813875 0.689366 0.541901 0.374155 0.191173 0.000000 
50.000000 43.158170 36.523625 30.284827 24.595429 19.563392 15.246399 11.653555 8.752304 6.478767 4.749433 3.472363 2.556529 1.918561 1.486759 1.202706 1.021039 0.908046 0.839675 0.799415 0.776336 0.763452 0.756446 0.752732 0.750811 0.749841 0.749357 0.749110 0.748967 0.748846 0.748687 0.748422 0.747955 0.747136 0.745731 0.743380 0.739552 0.733493 0.724171 0.710247 0.690073 0.661747 0.623244 0.572645 0.508442 0.429899 0.337394 0.232650 0.118771 0.000000 
50.000000 43.118080 36.444664 30.169316 24.446591 19.385084 15.042815 11.428941 8.510715 6.223880 4.484435 3.199903 2.278720 1.637027 1.202707 0.916998 0.734273 0.620622 0.551853 0.511359 0.488146 0.475187 0.468140 0.464405 0.462474 0.461500 0.461016 0.460774 0.460643 0.460546 0.460433 0.460256 0.459949 0.459414 0.458500 0.456977 0.454508 0.450617 0.444662 0.435812 0.423059 0.405253 0.381190 0.349748 0.310075 0.261793 0.205190 0.141340 0.072107 0.000000 
50.000000 43.092439 36.394158 30.095432 24.351392 19.271037 14.912603 11.285279 8.356197 6.060859 4.314950 3.025646 2.101044 1.456971 1.021040 0.734273 0.550872 0.436800 0.367778 0.327134 0.303835 0.290829 0.283756 0.280008 0.278070 0.277093 0.276610 0.276372 0.276248 0.276169 0.276089 0.275973 0.275776 0.275438 0.274862 0.273906 0.272363 0.269941 0.266251 0.260792 0.252965 0.242090 0.227466 0.208453 0.184577 0.155647 0.121861 0.083868 0.042763 0.000000 
50.000000 43.076488 36.362741 30.049473 24.292174 19.200096 14.831608 11.195920 8.260086 5.959461 4.209532 2.917261 1.990533 1.344980 0.908049 0.620624 0.436802 0.322469 0.253289 0.212552 0.189201 0.176165 0.169076 0.165319 0.163377 0.162398 0.161915 0.161680 0.161562 0.161494 0.161437 0.161361 0.161239 0.161031 0.160679 0.160097 0.159162 0.157699 0.155479 0.152209 0.147540 0.141081 0.132434 0.121240 0.107239 0.090338 0.070665 0.048598 0.024768 0.000000 
50.000000 43.066836 36.343730 30.021662 24.256341 19.157169 14.782597 11.141848 8.201930 5.898106 4.145745 2.851680 1.923666 1.277218 0.839682 0.551859 0.367783 0.253293 0.184017 0.143224 0.119840 0.106787 0.099688 0.095926 0.093982 0.093002 0.092520 0.092286 0.092172 0.092111 0.092068 0.092019 0.091944 0.091820 0.091611 0.091268 0.090717 0.089859 0.088561 0.086656 0.083948 0.080215 0.075237 0.068817 0.060815 0.051186 0.040008 0.027498 0.014009 0.000000 
50.000000 43.061152 36.332535 30.005287 24.235241 19.131893 14.753739 11.110011 8.167689 5.861981 4.108190 2.813069 1.884298 1.237324 0.799431 0.511375 0.327149 0.212566 0.143234 0.102408 0.079005 0.065941 0.058837 0.055072 0.053127 0.052146 0.051664 0.051431 0.051320 0.051264 0.051229 0.051197 0.051152 0.051079 0.050959 0.050761 0.050446 0.049957 0.049219 0.048140 0.046610 0.044510 0.041718 0.038128 0.033669 0.028317 0.022119 0.015195 0.007738 0.000000 
50.000000 43.057896 36.326122 29.995905 24.223153 19.117412 14.737207 11.091773 8.148073 5.841287 4.086676 2.790950 1.861746 1.214471 0.776374 0.488184 0.303873 0.189236 0.119872 0.079028 0.055614 0.042544 0.035436 0.031670 0.029724 0.028743 0.028261 0.028029 0.027918 0.027865 0.027836 0.027814 0.027787 0.027745 0.027677 0.027567 0.027391 0.027120 0.026711 0.026115 0.025274 0.024121 0.022594 0.020636 0.018210 0.015306 0.011949 0.008205 0.004177 0.000000 
50.000000 43.056083 36.322552 29.990682 24.216424 19.109351 14.728004 11.081619 8.137153 5.829767 4.074700 2.778638 1.849193 1.201749 0.763539 0.475275 0.290916 0.176250 0.106868 0.066013 0.042593 0.029520 0.022411 0.018643 0.016696 0.015716 0.015233 0.015002 0.014892 0.014841 0.014815 0.014798 0.014781 0.014758 0.014721 0.014660 0.014565 0.014417 0.014196 0.013875 0.013422 0.012803 0.011986 0.010941 0.009649 0.008105 0.006325 0.004341 0.002210 0.000000 
50.000000 43.055108 36.320632 29.987874 24.212806 19.105017 14.723056 11.076161 8.131283 5.823574 4.068262 2.772019 1.842444 1.194910 0.756640 0.468335 0.283951 0.169269 0.099877 0.059017 0.035594 0.022519 0.015408 0.011640 0.009693 0.008713 0.008230 0.007999 0.007890 0.007839 0.007815 0.007802 0.007791 0.007777 0.007757 0.007724 0.007673 0.007593 0.007475 0.007303 0.007062 0.006734 0.006301 0.005748 0.005067 0.004254 0.003318 0.002277 0.001159 0.000000 
50.000000 43.054616 36.319662 29.986455 24.210978 19.102827 14.720556 11.073403 8.128317 5.820445 4.065009 2.768675 1.839035 1.191456 0.753155 0.464830 0.280433 0.165743 0.096346 0.055483 0.032058 0.018982 0.011871 0.008103 0.006156 0.005175 0.004693 0.004462 0.004353 0.004303 0.004280 0.004268 0.004260 0.004252 0.004240 0.004221 0.004193 0.004148 0.004083 0.003988 0.003855 0.003674 0.003436 0.003133 0.002760 0.002316 0.001806 0.001239 0.000630 0.000000 
50.000000 43.054412 36.319260 29.985868 24.210221 19.101921 14.719521 11.072261 8.127089 5.819150 4.063662 2.767290 1.837623 1.190026 0.751711 0.463378 0.278976 0.164282 0.094884 0.054019 0.030594 0.017518 0.010407 0.006638 0.004691 0.003710 0.003228 0.002997 0.002888 0.002838 0.002816 0.002804 0.002798 0.002792 0.002783 0.002771 0.002752 0.002722 0.002679 0.002616 0.002528 0.002408 0.002251 0.002052 0.001807 0.001516 0.001182 0.000810 0.000412 0.000000 
50.000000 43.054412 36.319260 29.985868 24.210221 19.101921 14.719521 11.072261 8.127089 5.819150 4.063662 2.767290 1.837623 1.190026 0.751711 0.463378 0.278976 0.164282 0.094884 0.054019 0.030594 0.017518 0.010407 0.006638 0.004691 0.003710 0.003228 0.002997 0.002888 0.002838 0.002816 0.002804 0.002798 0.002792 0.002783 0.002771 0.002752 0.002722 0.002679 0.002616 0.002528 0.002408 0.002251 0.002052 0.001807 0.001516 0.001182 0.000810 0.000412 0.000000 
50.000000 43.054616 36.319662 29.986455 24.210978 19.102827 14.720556 11.073403 8.128317 5.820445 4.065009 2.768675 1.839035 1.191456 0.753155 0.464830 0.280433 0.165743 0.096346 0.055483 0.032058 0.018982 0.011871 0.008103 0.006156 0.005175 0.004693 0.004462 0.004353 0.004303 0.004280 0.004268 0.004260 0.004252 0.004240 0.004221 0.004193 0.004148 0.004083 0.003988 0.003855 0.003674 0.003436 0.003133 0.002760 0.002316 0.001806 0.001239 0.000630 0.000000 
50.000000 43.055108 36.320632 29.987874 24.212806 19.105017 14.723056 11.076161 8.131283 5.823574 4.068262 2.772019 1.842444 1.194910 0.756640 0.468335 0.283951 0.169269 0.099877 0.059017 0.035594 0.022519 0.015408 0.011640 0.009693 0.008713 0.008230 0.007999 0.007890 0.007839 0.007815 0.007802 0.007791 0.007777 0.007757 0.007724 0.007673 0.007593 0.007475 0.007303 0.007062 0.006734 0.006301 0.005748 0.005067 0.004254 0.003318 0.002277 0.001159 0.000000 
50.000000 43.056083 36.322552 29.990682 24.216424 19.109351 14.728004 11.081619 8.137153 5.829767 4.074700 2.778638 1.849193 1.201749 0.763539 0.475275 0.290916 0.176250 0.106868 0.066013 0.042593 0.029520 0.022411 0.018643 0.016696 0.015716 0.015233 0.015002 0.014892 0.014841 0.014815 0.014798 0.014781 0.014758 0.014721 0.014660 0.014565 0.014417 0.014196 0.013875 0.013422 0.012803 0.011986 0.010941 0.009649 0.008105 0.006325 0.004341 0.002210 0.000000 
50.000000 43.057896 36.326122 29.995905 24.223153 19.117412 14.737207 11.091773 8.148073 5.841287 4.086676 2.790950 1.861746 1.214471 0.776374 0.488184 0.303873 0.189236 0.119872 0.079028 0.055614 0.042544 0.035436 0.031670 0.029724 0.028743 0.028261 0.028029 0.027918 0.027865 0.027836 0.027814 0.027787 0.027745 0.027677 0.027567 0.027391 0.027120 0.026711 0.026115 0.025274 0.024121 0.022594 0.020636 0.018210 0.015306 0.011949 0.008205 0.004177 0.000000 
50.000000 43.061152 36.332535 30.005287 24.235241 19.131893 14.753739 11.110011 8.167689 5.861981 4.108190 2.813069 1.884298 1.237324 0.799431 0.511375 0.327149 0.212566 0.143234 0.102408 0.079005 0.065941 0.058837 0.055072 0.053127 0.052146 0.051664 0.051431 0.051320 0.051264 0.051229 0.051197 0.051152 0.051079 0.050959 0.050761 0.050446 0.049957 0.049219 0.048140 0.046610 0.044510 0.041718 0.038128 0.033669 0.028317 0.022119 0.015195 0.007738 0.000000 
50.000000 43.066836 36.343730 30.021662 24.256341 19.157169 14.782597 11.141848 8.201930 5.898106 4.145745 2.851680 1.923666 1.277218 0.839682 0.551859 0.367783 0.253293 0.184017 0.143224 0.119840 0.106787 0.099688 0.095926 0.093982 0.093002 0.092520 0.092286 0.092172 0.092111 0.092068 0.092019 0.091944 0.091820 0.091611 0.091268 0.090717 0.089859 0.088561 0.086656 0.083948 0.080215 0.075237 0.068817 0.060815 0.051186 0.040008 0.027498 0.014009 0.000000 
50.000000 43.076488 36.362741 30.049473 24.292174 19.200096 14.831608 11.195920 8.260086 5.959461 4.209532 2.917261 1.990533 1.344980 0.908049 0.620624 0.436802 0.322469 0.253289 0.212552 0.189201 0.176165 0.169076 0.165319 0.163377 0.162398 0.161915 0.161680 0.161562 0.161494 0.161437 0.161361 0.161239 0.161031 0.160679 0.160097 0.159162 0.157699 0.155479 0.152209 0.147540 0.141081 0.132434 0.121240 0.107239 0.090338 0.070665 0.048598 0.024768 0.000000 
50.000000 43.092439 36.394158 30.095432 24.351392 19.271037 14.912603 11.285279 8.356197 6.060859 4.314950 3.025646 2.101044 1.456971 1.021040 0.734273 0.550872 0.436800 0.367778 0.327134 0.303835 0.290829 0.283756 0.280008 0.278070 0.277093 0.276610 0.276372 0.276248 0.276169 0.276089 0.275973 0.275776 0.275438 0.274862 0.273906 0.272363 0.269941 0.266251 0.260792 0.252965 0.242090 0.227466 0.208453 0.184577 0.155647 0.121861 0.083868 0.042763 0.000000 
50.000000 43.118080 36.444664 30.169316 24.446591 19.385084 15.042815 11.428941 8.510715 6.223880 4.484435 3.199903 2.278720 1.637027 1.202707 0.916998 0.734273 0.620622 0.551853 0.511359 0.488146 0.475187 0.468140 0.464405 0.462474 0.461500 0.461016 0.460774 0.460643 0.460546 0.460433 0.460256 0.459949 0.459414 0.458500 0.456977 0.454508 0.450617 0.444662 0.435812 0.423059 0.405253 0.381190 0.349748 0.310075 0.261793 0.205190 0.141340 0.072107 0.000000 
50.000000 43.158170 36.523625 30.284827 24.595429 19.563392 15.246399 11.653555 8.752304 6.478767 4.749433 3.472363 2.556529 1.918561 1.486759 1.202706 1.021039 0.908046 0.839675 0.799415 0.776336 0.763452 0.756446 0.752732 0.750811 0.749841 0.749357 0.749110 0.748967 0.748846 0.748687 0.748422 0.747955 0.747136 0.745731 0.743380 0.739552 0.733493 0.724171 0.710247 0.690073 0.661747 0.623244 0.572645 0.508442 0.429899 0.337394 0.232650 0.118771 0.000000 
50.000000 43.219104 36.643646 30.460405 24.821664 19.834425 15.555855 11.994981 9.119539 6.866219 5.152258 3.886536 2.978836 2.346531 1.918561 1.637027 1.456970 1.344977 1.277212 1.237308 1.214433 1.201663 1.194718 1.191036 1.189132 1.188168 1.187684 1.187431 1.187271 1.187117 1.186894 1.186509 1.185821 1.184609 1.182520 1.179009 1.173266 1.164127 1.149993 1.128760 1.097805 1.054061 0.994206 0.915018 0.813875 0.689366 0.541901 0.374155 0.191173 0.000000 
50.000000 43.309123 36.820954 30.719789 25.155889 20.234833 16.013033 12.499395 9.662087 7.438643 5.747399 4.498447 3.602770 2.978836 2.556529 2.278719 2.101043 1.990530 1.923659 1.884282 1.861709 1.849107 1.842253 1.838620 1.836739 1.835785 1.835302 1.835042 1.834861 1.834665 1.834358 1.833814 1.832837 1.831104 1.828103 1.823037 1.814709 1.801385 1.780654 1.749310 1.703299 1.637800 1.547489 1.427067 1.272049 1.079778 0.850495 0.588182 0.300853 0.000000 
50.000000 43.438338 37.075464 31.092114 25.635645 20.809597 16.669292 13.223467 10.440908 8.260358 6.601732 5.376861 4.498447 3.886536 3.472363 3.199902 3.025645 2.917259 2.851674 2.813053 2.790913 2.778553 2.771831 2.768266 2.766420 2.765481 2.765001 2.764731 2.764526 2.764276 2.763866 2.763126 2.761785 2.759397 2.755241 2.748193 2.736542 2.717793 2.688430 2.643717 2.577572 2.482622 2.350542 2.172793 1.941830 1.652736 1.305061 0.904427 0.463251 0.000000 
50.000000 43.618503 37.430332 31.611257 26.304585 21.611014 17.584349 14.233089 11.526880 9.406149 7.793015 6.601732 5.747399 5.152258 4.749433 4.484435 4.314949 4.209529 4.145739 4.108174 4.086640 4.074618 4.068078 4.064610 4.062813 4.061896 4.061420 4.061141 4.060907 4.060597 4.060065 4.059095 4.057326 4.054159 4.048624 4.039186 4.023498 3.998089 3.958014 3.896508 3.804728 3.671726 3.484813 3.230531 2.896397 2.473457 1.959404 1.361570 0.698674 0.000000 
50.000000 43.862452 37.910836 32.314197 27.210363 22.696181 18.823401 15.600199 12.997386 10.957670 9.406149 8.260358 7.438643 6.866219 6.478767 6.223879 6.060858 5.959458 5.898099 5.861966 5.841252 5.829688 5.823397 5.820060 5.818329 5.817443 5.816976 5.816689 5.816425 5.816048 5.815386 5.814164 5.811924 5.807896 5.800821 5.788694 5.768414 5.735344 5.682785 5.601421 5.478835 5.299277 5.043943 4.692116 4.223519 3.622131 2.881324 2.009412 1.033661 0.000000 
50.000000 44.183147 38.542505 33.238283 28.401106 24.122761 20.452292 17.397453 14.930582 12.997386 11.526880 10.440908 9.662087 9.119539 8.752304 8.510714 8.356196 8.260084 8.201924 8.167675 8.148040 8.137078 8.131114 8.127950 8.126307 8.125462 8.125010 8.124717 8.124425 8.123985 8.123193 8.121721 8.119008 8.114109 8.105462 8.090558 8.065478 8.024287 7.958286 7.855153 7.698110 7.465291 7.129708 6.660310 6.024844 5.195189 4.155495 2.912258 1.503303 0.000000 
50.000000 44.592356 39.348523 34.417435 29.920525 25.943122 22.530822 19.690836 17.397453 15.600199 14.233089 13.223467 12.499395 11.994981 11.653555 11.428940 11.285279 11.195918 11.141842 11.109998 11.091742 11.081549 11.076003 11.073060 11.071530 11.070740 11.070310 11.070017 11.069704 11.069209 11.068307 11.066616 11.063488 11.057814 11.047752 11.030311 11.000775 10.951906 10.872925 10.748275 10.556256 10.267745 9.845418 9.244214 8.414139 7.306961 5.888275 4.155173 2.155808 0.000000 
50.000000 45.099083 40.346623 35.877594 31.802049 28.197320 25.104732 22.530822 20.452292 18.823401 17.584349 16.669292 16.013033 15.555855 15.246399 15.042815 14.912602 14.831606 14.782592 14.753727 14.737179 14.727939 14.722912 14.720244 14.718855 14.718134 14.717735 14.717451 14.717127 14.716599 14.715623 14.713785 14.710370 14.704150 14.693068 14.673755 14.640838 14.585966 14.496499 14.353818 14.131285 13.791981 13.286609 12.552366 11.514372 10.092346 8.216480 5.856431 3.062272 0.000000 
50.000000 45.707912 41.545835 37.631973 34.062705 30.905756 28.197320 25.943122 24.122761 22.696181 21.611014 20.809597 20.234833 19.834425 19.563392 19.385084 19.271036 19.200094 19.157164 19.131882 19.117387 19.109294 19.104891 19.102552 19.101334 19.100699 19.100342 19.100076 19.099758 19.099227 19.098235 19.096359 19.092859 19.086461 19.075010 19.054950 19.020550 18.962784 18.867767 18.714617 18.472662 18.097917 17.528983 16.682947 15.452878 13.710704 11.323086 8.192910 4.338952 0.000000 
50.000000 46.417554 42.943621 39.676859 36.697711 34.062705 31.802049 29.920525 28.401106 27.210363 26.304585 25.635645 25.155889 24.821664 24.595429 24.446590 24.351391 24.292173 24.256337 24.235232 24.223133 24.216376 24.212700 24.210747 24.209729 24.209197 24.208892 24.208657 24.208366 24.207868 24.206933 24.205159 24.201838 24.195745 24.184798 24.165529 24.132298 24.076110 23.982909 23.831128 23.588232 23.205918 22.613564 21.709703 20.352001 18.348856 15.462758 11.451748 6.201438 0.000000 
50.000000 47.219874 44.523956 41.988810 39.676859 37.631973 35.877594 34.417435 33.238283 32.314197 31.611257 31.092114 30.719789 30.460405 30.284827 30.169315 30.095432 30.049472 30.021659 30.005280 29.995889 29.990645 29.987791 29.986276 29.985485 29.985069 29.984829 29.984638 29.984394 29.983972 29.983175 29.981657 29.978810 29.973571 29.964126 29.947434 29.918504 29.869294 29.787053 29.651853 29.432873 29.082788 28.529160 27.661114 26.308887 24.214101 20.994405 16.132436 9.107728 0.000000 
50.000000 48.099648 46.256856 44.523956 42.943621 41.545835 40.346623 39.348523 38.542505 37.910836 37.430332 37.075464 36.820954 36.643646 36.523625 36.444664 36.394158 36.362740 36.343728 36.332531 36.326111 36.322526 36.320575 36.319539 36.318998 36.318713 36.318547 36.318412 36.318236 36.317928 36.317345 36.316234 36.314144 36.310290 36.303324 36.290975 36.269491 36.232772 36.171038 36.068762 35.901424 35.630246 35.193350 34.490192 33.352924 31.491873 28.391520 23.128428 14.174493 0.000000 
50.000000 49.035213 48.099648 47.219874 46.417554 45.707912 45.099083 44.592356 44.183147 43.862452 43.618503 43.438338 43.309123 43.219104 43.158170 43.118080 43.092438 43.076487 43.066835 43.061150 43.057890 43.056070 43.055080 43.054553 43.054279 43.054134 43.054048 43.053979 43.053886 43.053724 43.053416 43.052828 43.051720 43.049676 43.045974 43.039398 43.027931 43.008271 42.975087 42.919828 42.828791 42.679844 42.436549 42.036811 41.368960 40.216117 38.112146 33.925155 24.517606 0.000000 
50.000000 50.000000 50.000000 50.000000 50.000000 50.000000 50.000000 50.000000 50.000000 50.000000 50.000000 50.000000 50.000000 50.000000 50.000000 50.000000 50.000000 50.000000 50.000000 50.000000 50.000000 50.000000 50.000000 50.000000 50.000000 50.000000 50.000000 50.000000 50.000000 50.000000 50.000000 50.000000 50.000000 50.000000 50.000000 50.000000 50.000000 50.000000 50.000000 50.000000 50.000000 50.000000 50.000000 50.000000 50.000000 50.000000 50.000000 50.000000 50.000000 50.000000 
