50.000000 50.000000 50.000000 50.000000 50.000000 50.000000 50.000000 50.000000 50.000000 50.000000 50.000000 50.000000 50.000000 50.000000 50.000000 50.000000 50.000000 50.000000 50.000000 50.000000 50.000000 50.000000 50.000000 50.000000 50.000000 50.000000 50.000000 50.000000 50.000000 50.000000 50.000000 50.000000 50.000000 50.000000 50.000000 50.000000 50.000000 50.000000 50.000000 50.000000 50.000000 50.000000 50.000000 50.000000 50.000000 50.000000 50.000000 50.000000 50.000000 50.000000 
50.000000 48.951307 47.937137 46.988608 46.130582 45.379813 44.744289 44.223753 43.811128 43.494502 43.259247 43.089946 42.971903 42.892136 42.839876 42.806669 42.786197 42.773946 42.766828 42.762811 42.760607 42.759432 42.758822 42.758514 42.758361 42.758284 42.758241 42.758205 42.758154 42.758058 42.757865 42.757478 42.756720 42.755262 42.752520 42.747473 42.738366 42.722249 42.694226 42.646262 42.565227 42.429580 42.203432 41.825123 41.183222 40.060826 37.991463 33.842575 24.475653 0.000000 
50.000000 47.937137 45.942186 44.076356 42.388555 40.911737 39.661619 38.637690 37.826032 37.203212 36.740454 36.407433 36.175239 36.018335 35.915539 35.850221 35.809952 35.785855 35.771854 35.763952 35.759617 35.757305 35.756106 35.755499 35.755199 35.755049 35.754965 35.754896 35.754799 35.754617 35.754253 35.753526 35.752101 35.749365 35.744229 35.734791 35.717805 35.687836 35.635934 35.547556 35.399274 35.153437 34.749210 34.086878 32.999050 31.196008 28.161592 22.971093 14.094563 0.000000 
50.000000 46.988608 44.076356 41.352600 38.888736 36.732872 34.907950 33.413225 32.228378 31.319196 30.643674 30.157542 29.818595 29.589554 29.439499 29.344153 29.285372 29.250198 29.229761 29.218226 29.211898 29.208524 29.206774 29.205889 29.205450 29.205232 29.205111 29.205014 29.204881 29.204633 29.204139 29.203154 29.201226 29.197534 29.190620 29.177955 29.155249 29.115377 29.046739 28.930766 28.738150 28.423123 27.914693 27.103130 25.819302 23.804774 20.676300 15.914764 8.997145 0.000000 
50.000000 46.130582 42.388555 38.888736 35.722866 32.952761 30.607898 28.687317 27.164908 25.996709 25.128743 24.504124 24.068625 23.774342 23.581545 23.459041 23.383519 23.338327 23.312070 23.297250 23.289122 23.284787 23.282538 23.281401 23.280838 23.280559 23.280407 23.280289 23.280131 23.279843 23.279269 23.278129 23.275902 23.271652 23.263719 23.249246 23.223425 23.178357 23.101354 22.972468 22.760966 22.420398 21.881866 21.045262 19.769010 17.861433 15.083962 11.192547 6.069757 0.000000 
50.000000 45.379813 40.911737 36.732872 32.952761 29.645212 26.845422 24.552243 22.734492 21.339678 20.303346 19.557573 19.037606 18.686249 18.456063 18.309804 18.219637 18.165684 18.134337 18.116644 18.106940 18.101765 18.099080 18.097723 18.097052 18.096721 18.096543 18.096411 18.096242 18.095938 18.095337 18.094147 18.091831 18.087424 18.079232 18.064356 18.037968 17.992224 17.914717 17.786320 17.578305 17.248691 16.737943 15.964619 14.822606 13.183750 10.913569 7.912687 4.196591 0.000000 
50.000000 44.744289 39.661619 34.907950 30.607898 26.845422 23.660561 21.052002 18.984273 17.397655 16.218825 15.370515 14.779064 14.379407 14.117582 13.951222 13.848665 13.787298 13.751644 13.731521 13.720483 13.714598 13.711545 13.710002 13.709240 13.708865 13.708668 13.708528 13.708359 13.708062 13.707481 13.706333 13.704108 13.699890 13.692084 13.677981 13.653118 13.610330 13.538466 13.420666 13.232250 12.938314 12.491431 11.830280 10.880803 9.562636 7.804820 5.574741 2.919166 0.000000 
50.000000 44.223753 38.637690 33.413225 28.687317 24.552243 21.052002 18.185151 15.912697 14.169003 12.873482 11.941207 11.291222 10.852018 10.564288 10.381471 10.268770 10.201335 10.162155 10.140043 10.127915 10.121448 10.118093 10.116398 10.115562 10.115153 10.114941 10.114799 10.114639 10.114367 10.113839 10.112803 10.110802 10.107023 10.100062 10.087555 10.065643 10.028214 9.965899 9.864805 9.705086 9.459526 9.092575 8.560571 7.814299 6.805452 5.498532 3.888480 2.020321 0.000000 
50.000000 43.811128 37.826032 32.228378 27.164908 22.734492 18.984273 15.912697 13.477983 11.609800 10.221798 9.222983 8.526614 8.056074 7.747819 7.551963 7.431226 7.358983 7.317011 7.293323 7.280331 7.273404 7.269810 7.267996 7.267101 7.266665 7.266444 7.266304 7.266158 7.265922 7.265469 7.264585 7.262885 7.259689 7.253829 7.243358 7.225130 7.194220 7.143194 7.061230 6.933212 6.738991 6.453171 6.045959 5.485802 4.744510 3.805254 2.672596 1.381548 0.000000 
50.000000 43.494502 37.203212 31.319196 25.996709 21.339678 17.397655 14.169003 11.609800 9.646110 8.187162 7.137305 6.405356 5.910780 5.586783 5.380928 5.254029 5.178100 5.133987 5.109091 5.095437 5.088156 5.084380 5.082474 5.081534 5.081078 5.080851 5.080716 5.080588 5.080391 5.080021 5.079305 5.077933 5.075365 5.070680 5.062354 5.047948 5.023692 4.983972 4.920756 4.823055 4.676587 4.463917 4.165405 3.761373 3.235743 2.581046 1.803938 0.929275 0.000000 
50.000000 43.259247 36.740454 30.643674 25.128743 20.303346 16.218825 12.873482 10.221798 8.187162 6.675517 5.587747 4.829374 4.316948 3.981261 3.767982 3.636507 3.557842 3.512139 3.486347 3.472201 3.464659 3.460747 3.458772 3.457800 3.457330 3.457099 3.456969 3.456859 3.456701 3.456413 3.455859 3.454803 3.452835 3.449261 3.442944 3.432077 3.413904 3.384368 3.337758 3.266406 3.160568 3.008677 2.798160 2.517026 2.156275 1.712908 1.192898 0.612985 0.000000 
50.000000 43.089946 36.407433 30.157542 24.504124 19.557573 15.370515 11.941207 9.222983 7.137305 5.587747 4.472704 3.695324 3.170059 2.825965 2.607346 2.472581 2.391949 2.345104 2.318667 2.304168 2.296437 2.292428 2.290404 2.289409 2.288929 2.288696 2.288572 2.288478 2.288355 2.288139 2.287729 2.286951 2.285507 2.282898 2.278308 2.270457 2.257410 2.236352 2.203379 2.153332 2.079789 1.975308 1.832049 1.642855 1.402771 1.110803 0.771499 0.395720 0.000000 
50.000000 42.971903 36.175239 29.818595 24.068625 19.037606 14.779064 11.291222 8.526614 6.405356 4.829374 3.695324 2.904697 2.370486 2.020535 1.798195 1.661139 1.579136 1.531495 1.504609 1.489864 1.482003 1.477926 1.475868 1.474856 1.474370 1.474137 1.474017 1.473936 1.473843 1.473687 1.473395 1.472845 1.471828 1.469999 1.466798 1.461350 1.452349 1.437914 1.415470 1.381664 1.332394 1.263007 1.168733 1.045382 0.890268 0.703218 0.487403 0.249655 0.000000 
50.000000 42.892136 36.018335 29.589554 23.774342 18.686249 14.379407 10.852018 8.056074 5.910780 4.316948 3.170059 2.370486 1.830234 1.476326 1.251476 1.112872 1.029944 0.981766 0.954577 0.939666 0.931716 0.927594 0.925513 0.924490 0.923999 0.923766 0.923651 0.923581 0.923510 0.923401 0.923201 0.922826 0.922138 0.920905 0.918756 0.915117 0.909136 0.899602 0.884871 0.862832 0.830944 0.786375 0.726290 0.648281 0.550917 0.434306 0.300530 0.153770 0.000000 
50.000000 42.839876 35.915539 29.439499 23.581545 18.456063 14.117582 10.564288 7.747819 5.586783 3.981261 2.825965 2.020535 1.476326 1.119830 0.893335 0.753718 0.670185 0.621656 0.594269 0.579249 0.571242 0.567089 0.564994 0.563964 0.563470 0.563237 0.563125 0.563063 0.563009 0.562934 0.562802 0.562556 0.562107 0.561306 0.559915 0.557571 0.553737 0.547658 0.538318 0.524429 0.504460 0.476733 0.439601 0.391707 0.332299 0.261544 0.180748 0.092403 0.000000 
50.000000 42.806669 35.850221 29.344153 23.459041 18.309804 13.951222 10.381471 7.551963 5.380928 3.767982 2.607346 1.798196 1.251476 0.893335 0.665797 0.525537 0.441620 0.392867 0.365355 0.350267 0.342222 0.338051 0.335946 0.334912 0.334416 0.334183 0.334074 0.334017 0.333976 0.333925 0.333840 0.333684 0.333401 0.332899 0.332029 0.330571 0.328196 0.324449 0.318720 0.310248 0.298134 0.281409 0.259139 0.230572 0.195323 0.153533 0.105992 0.054149 0.000000 
50.000000 42.786197 35.809952 29.285372 23.383519 18.219638 13.848665 10.268770 7.431226 5.254029 3.636507 2.472582 1.661139 1.112872 0.753719 0.525538 0.384883 0.300728 0.251839 0.224249 0.209118 0.201051 0.196868 0.194757 0.193720 0.193224 0.192991 0.192883 0.192831 0.192797 0.192763 0.192710 0.192614 0.192442 0.192137 0.191612 0.190734 0.189311 0.187075 0.183672 0.178664 0.171538 0.161748 0.148775 0.132214 0.111867 0.087838 0.060587 0.030935 0.000000 
50.000000 42.773947 35.785855 29.250198 23.338328 18.165685 13.787299 10.201336 7.358984 5.178101 3.557843 2.391950 1.579137 1.029944 0.670186 0.441620 0.300729 0.216433 0.167462 0.139825 0.124670 0.116589 0.112399 0.110285 0.109246 0.108749 0.108517 0.108410 0.108360 0.108332 0.108308 0.108275 0.108218 0.108116 0.107937 0.107630 0.107119 0.106293 0.105000 0.103041 0.100169 0.096100 0.090535 0.083191 0.073855 0.062426 0.048973 0.033755 0.017227 0.000000 
50.000000 42.766829 35.771855 29.229762 23.312071 18.134338 13.751645 10.162157 7.317013 5.133989 3.512141 2.345106 1.531497 0.981768 0.621658 0.392870 0.251841 0.167463 0.118444 0.090781 0.075610 0.067522 0.063328 0.061212 0.060172 0.059675 0.059443 0.059336 0.059288 0.059263 0.059246 0.059225 0.059192 0.059134 0.059032 0.058858 0.058570 0.058105 0.057380 0.056285 0.054686 0.052430 0.049355 0.045314 0.040193 0.033944 0.026609 0.018329 0.009351 0.000000 
50.000000 42.762812 35.763953 29.218228 23.297253 18.116648 13.731525 10.140047 7.293328 5.109096 3.486352 2.318672 1.504615 0.954583 0.594275 0.365361 0.224254 0.139830 0.090784 0.063106 0.047928 0.039835 0.035638 0.033521 0.032481 0.031984 0.031752 0.031646 0.031598 0.031575 0.031562 0.031549 0.031530 0.031498 0.031441 0.031346 0.031188 0.030934 0.030539 0.029945 0.029080 0.027864 0.026213 0.024048 0.021314 0.017988 0.014091 0.009702 0.004948 0.000000 
50.000000 42.760609 35.759621 29.211905 23.289129 18.106949 13.720494 10.127926 7.280344 5.095450 3.472215 2.304182 1.489878 0.939680 0.579264 0.350281 0.209132 0.124683 0.075622 0.047936 0.032753 0.024658 0.020460 0.018342 0.017302 0.016804 0.016572 0.016466 0.016419 0.016398 0.016387 0.016378 0.016367 0.016350 0.016319 0.016268 0.016184 0.016049 0.015840 0.015527 0.015072 0.014435 0.013571 0.012443 0.011021 0.009295 0.007277 0.005008 0.002554 0.000000 
50.000000 42.759437 35.757316 29.208539 23.284806 18.101787 13.714624 10.121476 7.273434 5.088188 3.464691 2.296470 1.482036 0.931750 0.571276 0.342256 0.201085 0.116622 0.067554 0.039863 0.024678 0.016581 0.012383 0.010265 0.009224 0.008727 0.008495 0.008389 0.008342 0.008321 0.008311 0.008305 0.008299 0.008290 0.008274 0.008247 0.008203 0.008134 0.008026 0.007865 0.007632 0.007305 0.006865 0.006290 0.005568 0.004694 0.003673 0.002527 0.001288 0.000000 
50.000000 42.758834 35.756130 29.206809 23.282583 18.099134 13.711605 10.118159 7.269881 5.084454 3.460823 2.292506 1.478005 0.927673 0.567169 0.338131 0.196948 0.112479 0.063406 0.035714 0.020527 0.012429 0.008231 0.006112 0.005072 0.004574 0.004342 0.004237 0.004190 0.004170 0.004160 0.004156 0.004152 0.004146 0.004138 0.004125 0.004102 0.004067 0.004012 0.003930 0.003812 0.003648 0.003426 0.003138 0.002776 0.002339 0.001830 0.001258 0.000641 0.000000 
50.000000 42.758542 35.755555 29.205970 23.281505 18.097847 13.710142 10.116551 7.268159 5.082644 3.458948 2.290584 1.476050 0.925697 0.565178 0.336131 0.194943 0.110470 0.061395 0.033701 0.018514 0.010416 0.006218 0.004099 0.003058 0.002561 0.002329 0.002224 0.002177 0.002157 0.002148 0.002143 0.002141 0.002138 0.002133 0.002126 0.002114 0.002096 0.002067 0.002024 0.001963 0.001878 0.001763 0.001614 0.001427 0.001202 0.000940 0.000646 0.000329 0.000000 
50.000000 42.758425 35.755324 29.205633 23.281072 18.097330 13.709554 10.115905 7.267467 5.081917 3.458195 2.289812 1.475265 0.924903 0.564379 0.335328 0.194137 0.109663 0.060588 0.032893 0.017705 0.009608 0.005409 0.003290 0.002250 0.001752 0.001520 0.001415 0.001368 0.001348 0.001339 0.001335 0.001333 0.001331 0.001328 0.001324 0.001316 0.001304 0.001286 0.001259 0.001221 0.001167 0.001095 0.001002 0.000886 0.000746 0.000583 0.000401 0.000204 0.000000 
50.000000 42.758425 35.755324 29.205633 23.281072 18.097330 13.709554 10.115905 7.267467 5.081917 3.458195 2.289812 1.475265 0.924903 0.564379 0.335328 0.194137 0.109663 0.060588 0.032893 0.017705 0.009608 0.005409 0.003290 0.002250 0.001752 0.001520 0.001415 0.001368 0.001348 0.001339 0.001335 0.001333 0.001331 0.001328 0.001324 0.001316 0.001304 0.001286 0.001259 0.001221 0.001167 0.001095 0.001002 0.000886 0.000746 0.000583 0.000401 0.000204 0.000000 
50.000000 42.758542 35.755555 29.205970 23.281505 18.097847 13.710142 10.116551 7.268159 5.082644 3.458948 2.290584 1.476050 0.925697 0.565178 0.336131 0.194943 0.110470 0.061395 0.033701 0.018514 0.010416 0.006218 0.004099 0.003058 0.002561 0.002329 0.002224 0.002177 0.002157 0.002148 0.002143 0.002141 0.002138 0.002133 0.002126 0.002114 0.002096 0.002067 0.002024 0.001963 0.001878 0.001763 0.001614 0.001427 0.001202 0.000940 0.000646 0.000329 0.000000 
50.000000 42.758834 35.756130 29.206809 23.282583 18.099134 13.711605 10.118159 7.269881 5.084454 3.460823 2.292506 1.478005 0.927673 0.567169 0.338131 0.196948 0.112479 0.063406 0.035714 0.020527 0.012429 0.008231 0.006112 0.005072 0.004574 0.004342 0.004237 0.004190 0.004170 0.004160 0.004156 0.004152 0.004146 0.004138 0.004125 0.004102 0.004067 0.004012 0.003930 0.003812 0.003648 0.003426 0.003138 0.002776 0.002339 0.001830 0.001258 0.000641 0.000000 
50.000000 42.759437 35.757316 29.208539 23.284806 18.101787 13.714624 10.121476 7.273434 5.088188 3.464691 2.296470 1.482036 0.931750 0.571276 0.342256 0.201085 0.116622 0.067554 0.039863 0.024678 0.016581 0.012383 0.010265 0.009224 0.008727 0.008495 0.008389 0.008342 0.008321 0.008311 0.008305 0.008299 0.008290 0.008274 0.008247 0.008203 0.008134 0.008026 0.007865 0.007632 0.007305 0.006865 0.006290 0.005568 0.004694 0.003673 0.002527 0.001288 0.000000 
50.000000 42.760609 35.759621 29.211905 23.289129 18.106949 13.720494 10.127926 7.280344 5.095450 3.472215 2.304182 1.489878 0.939680 0.579264 0.350281 0.209132 0.124683 0.075622 0.047936 0.032753 0.024658 0.020460 0.018342 0.017302 0.016804 0.016572 0.016466 0.016419 0.016398 0.016387 0.016378 0.016367 0.016350 0.016319 0.016268 0.016184 0.016049 0.015840 0.015527 0.015072 0.014435 0.013571 0.012443 0.011021 0.009295 0.007277 0.005008 0.002554 0.000000 
50.000000 42.762812 35.763953 29.218228 23.297253 18.116648 13.731525 10.140047 7.293328 5.109096 3.486352 2.318672 1.504615 0.954583 0.594275 0.365361 0.224254 0.139830 0.090784 0.063106 0.047928 0.039835 0.035638 0.033521 0.032481 0.031984 0.031752 0.031646 0.031598 0.031575 0.031562 0.031549 0.031530 0.031498 0.031441 0.031346 0.031188 0.030934 0.030539 0.029945 0.029080 0.027864 0.026213 0.024048 0.021314 0.017988 0.014091 0.009702 0.004948 0.000000 
50.000000 42.766829 35.771855 29.229762 23.312071 18.134338 13.751645 10.162157 7.317013 5.133989 3.512141 2.345106 1.531497 0.981768 0.621658 0.392870 0.251841 0.167463 0.118444 0.090781 0.075610 0.067522 0.063328 0.061212 0.060172 0.059675 0.059443 0.059336 0.059288 0.059263 0.059246 0.059225 0.059192 0.059134 0.059032 0.058858 0.058570 0.058105 0.057380 0.056285 0.054686 0.052430 0.049355 0.045314 0.040193 0.033944 0.026609 0.018329 0.009351 0.000000 
50.000000 42.773947 35.785855 29.250198 23.338328 18.165685 13.787299 10.201336 7.358984 5.178101 3.557843 2.391950 1.579137 1.029944 0.670186 0.441620 0.300729 0.216433 0.167462 0.139825 0.124670 0.116589 0.112399 0.110285 0.109246 0.108749 0.108517 0.108410 0.108360 0.108332 0.108308 0.108275 0.108218 0.108116 0.107937 0.107630 0.107119 0.106293 0.105000 0.103041 0.100169 0.096100 0.090535 0.083191 0.073855 0.062426 0.048973 0.033755 0.017227 0.000000 
50.000000 42.786197 35.809952 29.285372 23.383519 18.219638 13.848665 10.268770 7.431226 5.254029 3.636507 2.472582 1.661139 1.112872 0.753719 0.525538 0.384883 0.300728 0.251839 0.224249 0.209118 0.201051 0.196868 0.194757 0.193720 0.193224 0.192991 0.192883 0.192831 0.192797 0.192763 0.192710 0.192614 0.192442 0.192137 0.191612 0.190734 0.189311 0.187075 0.183672 0.178664 0.171538 0.161748 0.148775 0.132214 0.111867 0.087838 0.060587 0.030935 0.000000 
50.000000 42.806669 35.850221 29.344153 23.459041 18.309804 13.951222 10.381471 7.551963 5.380928 3.767982 2.607346 1.798196 1.251476 0.893335 0.665797 0.525537 0.441620 0.392867 0.365355 0.350267 0.342222 0.338051 0.335946 0.334912 0.334416 0.334183 0.334074 0.334017 0.333976 0.333925 0.333840 0.333684 0.333401 0.332899 0.332029 0.330571 0.328196 0.324449 0.318720 0.310248 0.298134 0.281409 0.259139 0.230572 0.195323 0.153533 0.105992 0.054149 0.000000 
50.000000 42.839876 35.915539 29.439499 23.581545 18.456063 14.117582 10.564288 7.747819 5.586783 3.981261 2.825965 2.020535 1.476326 1.119830 0.893335 0.753718 0.670185 0.621656 0.594269 0.579249 0.571242 0.567089 0.564994 0.563964 0.563470 0.563237 0.563125 0.563063 0.563009 0.562934 0.562802 0.562556 0.562107 0.561306 0.559915 0.557571 0.553737 0.547658 0.538318 0.524429 0.504460 0.476733 0.439601 0.391707 0.332299 0.261544 0.180748 0.092403 0.000000 
50.000000 42.892136 36.018335 29.589554 23.774342 18.686249 14.379407 10.852018 8.056074 5.910780 4.316948 3.170059 2.370486 1.830234 1.476326 1.251476 1.112872 1.029944 0.981766 0.954577 0.939666 0.931716 0.927594 0.925513 0.924490 0.923999 0.923766 0.923651 0.923581 0.923510 0.923401 0.923201 0.922826 0.922138 0.920905 0.918756 0.915117 0.909136 0.899602 0.884871 0.862832 0.830944 0.786375 0.726290 0.648281 0.550917 0.434306 0.300530 0.153770 0.000000 
50.000000 42.971903 36.175239 29.818595 24.068625 19.037606 14.779064 11.291222 8.526614 6.405356 4.829374 3.695324 2.904697 2.370486 2.020535 1.798195 1.661139 1.579136 1.531495 1.504609 1.489864 1.482003 1.477926 1.475868 1.474856 1.474370 1.474137 1.474017 1.473936 1.473843 1.473687 1.473395 1.472845 1.471828 1.469999 1.466798 1.461350 1.452349 1.437914 1.415470 1.381664 1.332394 1.263007 1.168733 1.045382 0.890268 0.703218 0.487403 0.249655 0.000000 
50.000000 43.089946 36.407433 30.157542 24.504124 19.557573 15.370515 11.941207 9.222983 7.137305 5.587747 4.472704 3.695324 3.170059 2.825965 2.607346 2.472581 2.391949 2.345104 2.318667 2.304168 2.296437 2.292428 2.290404 2.289409 2.288929 2.288696 2.288572 2.288478 2.288355 2.288139 2.287729 2.286951 2.285507 2.282898 2.278308 2.270457 2.257410 2.236352 2.203379 2.153332 2.079789 1.975308 1.832049 1.642855 1.402771 1.110803 0.771499 0.395720 0.000000 
50.000000 43.259247 36.740454 30.643674 25.128743 20.303346 16.218825 12.873482 10.221798 8.187162 6.675517 5.587747 4.829374 4.316948 3.981261 3.767982 3.636507 3.557842 3.512139 3.486347 3.472201 3.464659 3.460747 3.458772 3.457800 3.457330 3.457099 3.456969 3.456859 3.456701 3.456413 3.455859 3.454803 3.452835 3.449261 3.442944 3.432077 3.413904 3.384368 3.337758 3.266406 3.160568 3.008677 2.798160 2.517026 2.156275 1.712908 1.192898 0.612985 0.000000 
50.000000 43.494502 37.203212 31.319196 25.996709 21.339678 17.397655 14.169003 11.609800 9.646110 8.187162 7.137305 6.405356 5.910780 5.586783 5.380928 5.254029 5.178100 5.133987 5.109091 5.095437 5.088156 5.084380 5.082474 5.081534 5.081078 5.080851 5.080716 5.080588 5.080391 5.080021 5.079305 5.077933 5.075365 5.070680 5.062354 5.047948 5.023692 4.983972 4.920756 4.823055 4.676587 4.463917 4.165405 3.761373 3.235743 2.581046 1.803938 0.929275 0.000000 
50.000000 43.811128 37.826032 32.228378 27.164908 22.734492 18.984273 15.912697 13.477983 11.609800 10.221798 9.222983 8.526614 8.056074 7.747819 7.551963 7.431226 7.358983 7.317011 7.293323 7.280331 7.273404 7.269810 7.267996 7.267101 7.266665 7.266444 7.266304 7.266158 7.265922 7.265469 7.264585 7.262885 7.259689 7.253829 7.243358 7.225130 7.194220 7.143194 7.061230 6.933212 6.738991 6.453171 6.045959 5.485802 4.744510 3.805254 2.672596 1.381548 0.000000 
50.000000 44.223753 38.637690 33.413225 28.687317 24.552243 21.052002 18.185151 15.912697 14.169003 12.873482 11.941207 11.291222 10.852018 10.564288 10.381471 10.268770 10.201335 10.162155 10.140043 10.127915 10.121448 10.118093 10.116398 10.115562 10.115153 10.114941 10.114799 10.114639 10.114367 10.113839 10.112803 10.110802 10.107023 10.100062 10.087555 10.065643 10.028214 9.965899 9.864805 9.705086 9.459526 9.092575 8.560571 7.814299 6.805452 5.498532 3.888480 2.020321 0.000000 
50.000000 44.744289 39.661619 34.907950 30.607898 26.845422 23.660561 21.052002 18.984273 17.397655 16.218825 15.370515 14.779064 14.379407 14.117582 13.951222 13.848665 13.787298 13.751644 13.731521 13.720483 13.714598 13.711545 13.710002 13.709240 13.708865 13.708668 13.708528 13.708359 13.708062 13.707481 13.706333 13.704108 13.699890 13.692084 13.677981 13.653118 13.610330 13.538466 13.420666 13.232250 12.938314 12.491431 11.830280 10.880803 9.562636 7.804820 5.574741 2.919166 0.000000 
50.000000 45.379813 40.911737 36.732872 32.952761 29.645212 26.845422 24.552243 22.734492 21.339678 20.303346 19.557573 19.037606 18.686249 18.456063 18.309804 18.219637 18.165684 18.134337 18.116644 18.106940 18.101765 18.099080 18.097723 18.097052 18.096721 18.096543 18.096411 18.096242 18.095938 18.095337 18.094147 18.091831 18.087424 18.079232 18.064356 18.037968 17.992224 17.914717 17.786320 17.578305 17.248691 16.737943 15.964619 14.822606 13.183750 10.913569 7.912687 4.196591 0.000000 
50.000000 46.130582 42.388555 38.888736 35.722866 32.952761 30.607898 28.687317 27.164908 25.996709 25.128743 24.504124 24.068625 23.774342 23.581545 23.459041 23.383519 23.338327 23.312070 23.297250 23.289122 23.284787 23.282538 23.281401 23.280838 23.280559 23.280407 23.280289 23.280131 23.279843 23.279269 23.278129 23.275902 23.271652 23.263719 23.249246 23.223425 23.178357 23.101354 22.972468 22.760966 22.420398 21.881866 21.045262 19.769010 17.861433 15.083962 11.192547 6.069757 0.000000 
50.000000 46.988608 44.076356 41.352600 38.888736 36.732872 34.907950 33.413225 32.228378 31.319196 30.643674 30.157542 29.818595 29.589554 29.439499 29.344153 29.285372 29.250198 29.229761 29.218226 29.211898 29.208524 29.206774 29.205889 29.205450 29.205232 29.205111 29.205014 29.204881 29.204633 29.204139 29.203154 29.201226 29.197534 29.190620 29.177955 29.155249 29.115377 29.046739 28.930766 28.738150 28.423123 27.914693 27.103130 25.819302 23.804774 20.676300 15.914764 8.997145 0.000000 
50.000000 47.937137 45.942186 44.076356 42.388555 40.911737 39.661619 38.637690 37.826032 37.203212 36.740454 36.407433 36.175239 36.018335 35.915539 35.850221 35.809952 35.785855 35.771854 35.763952 35.759617 35.757305 35.756106 35.755499 35.755199 35.755049 35.754965 35.754896 35.754799 35.754617 35.754253 35.753526 35.752101 35.749365 35.744229 35.734791 35.717805 35.687836 35.635934 35.547556 35.399274 35.153437 34.749210 34.086878 32.999050 31.196008 28.161592 22.971093 14.094563 0.000000 
50.000000 48.951307 47.937137 46.988608 46.130582 45.379813 44.744289 44.223753 43.811128 43.494502 43.259247 43.089946 42.971903 42.892136 42.839876 42.806669 42.786197 42.773946 42.766828 42.762811 42.760607 42.759432 42.758822 42.758514 42.758361 42.758284 42.758241 42.758205 42.758154 42.758058 42.757865 42.757478 42.756720 42.755262 42.752520 42.747473 42.738366 42.722249 42.694226 42.646262 42.565227 42.429580 42.203432 41.825123 41.183222 40.060826 37.991463 33.842575 24.475653 0.000000 
50.000000 50.000000 50.000000 50.000000 50.000000 50.000000 50.000000 50.000000 50.000000 50.000000 50.000000 50.000000 50.000000 50.000000 50.000000 50.000000 50.000000 50.000000 50.000000 50.000000 50.000000 50.000000 50.000000 50.000000 50.000000 50.000000 50.000000 50.000000 50.000000 50.000000 50.000000 50.000000 50.000000 50.000000 50.000000 50.000000 50.000000 50.000000 50.000000 50.000000 50.000000 50.000000 50.000000 50.000000 50.000000 50.000000 50.000000 50.000000 50.000000 50.000000 
