50.000000 50.000000 50.000000 50.000000 50.000000 50.000000 50.000000 50.000000 50.000000 50.000000 50.000000 50.000000 50.000000 50.000000 50.000000 50.000000 50.000000 50.000000 50.000000 50.000000 50.000000 50.000000 50.000000 50.000000 50.000000 50.000000 50.000000 50.000000 50.000000 50.000000 50.000000 50.000000 50.000000 50.000000 50.000000 50.000000 50.000000 50.000000 50.000000 50.000000 50.000000 50.000000 50.000000 50.000000 50.000000 50.000000 50.000000 50.000000 50.000000 50.000000 
50.000000 48.939428 47.914166 46.956000 46.090253 45.333885 44.694838 44.172602 43.759716 43.443832 43.209907 43.042178 42.925696 42.847320 42.796207 42.763888 42.744065 42.732268 42.725453 42.721628 42.719544 42.718439 42.717870 42.717584 42.717443 42.717373 42.717334 42.717301 42.717254 42.717165 42.716984 42.716619 42.715900 42.714510 42.711882 42.707019 42.698204 42.682533 42.655171 42.608156 42.528443 42.394578 42.170755 41.795383 41.157072 40.038920 37.974412 33.830892 24.469714 0.000000 
50.000000 47.914166 45.897777 44.013347 42.310681 40.823132 39.566322 38.539244 37.727227 37.105985 36.645930 36.316063 36.086982 35.932845 35.832325 35.768764 35.729781 35.706581 35.693177 35.685656 35.681557 35.679385 35.678265 35.677703 35.677426 35.677289 35.677213 35.677150 35.677061 35.676892 35.676551 35.675866 35.674515 35.671909 35.666988 35.657902 35.641470 35.612348 35.561701 35.475128 35.329359 35.086908 34.687101 34.030351 32.949346 31.154372 28.129182 22.948888 14.083274 0.000000 
50.000000 46.956000 44.013347 41.263274 38.778466 36.607598 34.773465 33.274600 32.089588 31.182987 30.511616 30.030234 29.695934 29.471001 29.324313 29.231560 29.174674 29.140818 29.121259 29.110285 29.104303 29.101133 29.099499 29.098679 29.098276 29.098076 29.097967 29.097878 29.097756 29.097526 29.097064 29.096137 29.094312 29.090797 29.084181 29.071999 29.050056 29.011351 28.944444 28.830958 28.641804 28.331444 27.829104 27.025233 25.750808 23.747396 20.631637 15.884165 8.981588 0.000000 
50.000000 46.090253 42.310681 38.778466 35.586968 32.798703 30.442953 28.517826 26.995818 25.831403 24.969118 24.350853 23.921496 23.632607 23.444213 23.325090 23.252031 23.208552 23.183432 23.169339 23.161656 23.157586 23.155488 23.154435 23.153917 23.153662 23.153524 23.153417 23.153272 23.153005 23.152469 23.151398 23.149293 23.145253 23.137672 23.123772 23.098854 23.055168 22.980215 22.854273 22.646871 22.311828 21.780508 20.953014 19.687896 17.793484 15.031070 11.156309 6.051333 0.000000 
50.000000 45.333885 40.823132 36.607598 32.798703 29.471061 26.659614 24.362104 22.545702 21.156069 20.127013 19.389179 18.876791 18.532040 18.307218 18.165064 18.077881 18.025996 17.996021 17.979204 17.970037 17.965179 17.962676 17.961420 17.960803 17.960501 17.960340 17.960220 17.960065 17.959784 17.959224 17.958108 17.955923 17.951741 17.943927 17.929666 17.904247 17.859986 17.784679 17.659442 17.455827 17.132144 16.629138 15.865592 14.735530 13.110807 10.856790 7.873786 4.176813 0.000000 
50.000000 44.694838 39.566322 34.773465 30.442953 26.659614 23.463177 20.851070 18.785964 17.206074 16.036139 15.197302 14.614781 14.222845 13.967256 13.805651 13.706540 13.647557 13.613482 13.594365 13.583944 13.578423 13.575578 13.574150 13.573450 13.573108 13.572929 13.572803 13.572648 13.572375 13.571834 13.570760 13.568665 13.564672 13.557242 13.543752 13.519854 13.478544 13.408871 13.294221 13.110189 12.822163 12.382994 11.731589 10.794022 9.489939 7.748232 5.535971 2.899455 0.000000 
50.000000 44.172602 38.539244 33.274600 28.517826 24.362104 20.851070 17.981896 15.713571 13.978227 12.693186 11.771830 11.132011 10.701529 10.420808 10.243314 10.134459 10.069679 10.032256 10.011261 9.999817 9.993753 9.990629 9.989061 9.988293 9.987920 9.987729 9.987601 9.987455 9.987204 9.986715 9.985748 9.983869 9.980300 9.973692 9.961758 9.940751 9.904707 9.844445 9.746302 9.590691 9.350670 8.990948 8.468076 7.732967 6.737318 5.445496 3.852143 2.001846 0.000000 
50.000000 43.759716 37.727227 32.089588 26.995818 22.545702 18.785964 15.713571 13.284604 11.426378 10.050355 9.063777 8.378673 7.917728 7.617146 7.427097 7.310544 7.241184 7.201116 7.178637 7.166384 7.159892 7.156548 7.154870 7.154049 7.153651 7.153451 7.153325 7.153193 7.152976 7.152558 7.151735 7.150143 7.147134 7.141587 7.131626 7.114201 7.084520 7.035317 6.955973 6.831604 6.642302 6.362902 5.963801 5.413558 4.683990 3.758144 2.640319 1.365138 0.000000 
50.000000 43.443832 37.105985 31.182987 25.831403 21.156069 17.206074 13.978227 11.426378 9.474160 8.028549 6.992087 6.272351 5.788111 5.472341 5.272693 5.150255 5.077393 5.035303 5.011690 4.998819 4.992000 4.988487 4.986725 4.985864 4.985448 4.985243 4.985121 4.985005 4.984826 4.984485 4.983821 4.982541 4.980131 4.975711 4.967815 4.954088 4.930872 4.892694 4.831695 4.737080 4.594774 4.387535 4.095886 3.700243 3.184532 2.541182 1.776626 0.915389 0.000000 
50.000000 43.209907 36.645930 30.511616 24.969118 20.127013 16.036139 12.693186 10.050355 8.028549 6.531421 5.458032 4.712659 4.211177 3.884168 3.677415 3.550621 3.475169 3.431583 3.407131 3.393803 3.386742 3.383105 3.381281 3.380389 3.379962 3.379753 3.379637 3.379537 3.379393 3.379129 3.378617 3.377635 3.375795 3.372436 3.366466 3.356149 3.338816 3.310527 3.265710 3.196854 3.094382 2.946884 2.741918 2.467571 2.114845 1.680658 1.170802 0.601751 0.000000 
50.000000 43.042178 36.316063 30.030234 24.350853 19.389179 15.197302 11.771830 9.063777 6.992087 5.458032 4.358176 3.594431 3.080592 2.745528 2.533686 2.403772 2.326464 2.281807 2.256754 2.243099 2.235865 2.232138 2.230270 2.229357 2.228920 2.228710 2.228599 2.228514 2.228403 2.228206 2.227828 2.227107 2.225763 2.223319 2.218999 2.211574 2.199178 2.179088 2.147504 2.099393 2.028460 1.927385 1.788431 1.604500 1.370639 1.085790 0.754362 0.387007 0.000000 
50.000000 42.925696 36.086982 29.695934 23.921496 18.876791 14.614781 11.132011 8.378673 6.272351 4.712659 3.594431 2.817933 2.295519 1.954866 1.739491 1.607413 1.528817 1.483416 1.457947 1.444065 1.436711 1.432922 1.431023 1.430096 1.429653 1.429443 1.429336 1.429263 1.429179 1.429037 1.428770 1.428262 1.427320 1.425614 1.422613 1.417483 1.408967 1.395252 1.373843 1.341479 1.294152 1.227304 1.136236 1.016805 0.866328 0.684582 0.474635 0.243163 0.000000 
50.000000 42.847320 35.932845 29.471001 23.632607 18.532040 14.222845 10.701529 7.917728 5.788111 4.211177 3.080592 2.295519 1.767338 1.422927 1.205178 1.071644 0.992183 0.946283 0.920533 0.906499 0.899064 0.895234 0.893314 0.892377 0.891931 0.891720 0.891617 0.891555 0.891492 0.891393 0.891210 0.890866 0.890231 0.889086 0.887081 0.883669 0.878036 0.869018 0.855028 0.834023 0.803528 0.760778 0.702991 0.627793 0.533753 0.420945 0.291375 0.149116 0.000000 
50.000000 42.796207 35.832325 29.324313 23.444213 18.307218 13.967256 10.420808 7.617146 5.472341 3.884168 2.745528 1.954866 1.422927 1.076067 0.856771 0.722289 0.642265 0.596039 0.570107 0.555973 0.548486 0.544629 0.542696 0.541753 0.541304 0.541093 0.540993 0.540938 0.540890 0.540823 0.540702 0.540478 0.540066 0.539325 0.538034 0.535846 0.532253 0.526529 0.517702 0.504526 0.485520 0.459049 0.423505 0.377552 0.320441 0.252313 0.174423 0.089188 0.000000 
50.000000 42.763888 35.768764 29.231560 23.325091 18.165064 13.805651 10.243314 7.427097 5.272693 3.677415 2.533686 1.739491 1.205178 0.856771 0.636497 0.501417 0.421036 0.374605 0.348558 0.334362 0.326841 0.322967 0.321026 0.320078 0.319628 0.319418 0.319320 0.319270 0.319233 0.319188 0.319111 0.318969 0.318711 0.318249 0.317446 0.316092 0.313877 0.310366 0.304979 0.296982 0.285510 0.269622 0.248410 0.221137 0.187418 0.147380 0.101776 0.052005 0.000000 
50.000000 42.744065 35.729781 29.174674 23.252031 18.077881 13.706540 10.134459 7.310544 5.150255 3.550622 2.403772 1.607413 1.071644 0.722289 0.501417 0.365970 0.285371 0.238814 0.212697 0.198462 0.190921 0.187037 0.185090 0.184141 0.183689 0.183480 0.183383 0.183336 0.183307 0.183276 0.183228 0.183142 0.182985 0.182707 0.182224 0.181414 0.180093 0.178010 0.174827 0.170124 0.163411 0.154159 0.141868 0.126140 0.106778 0.083877 0.057873 0.029555 0.000000 
50.000000 42.732268 35.706581 29.140818 23.208552 18.025996 13.647557 10.069680 7.241185 5.077394 3.475170 2.326465 1.528818 0.992184 0.642265 0.421037 0.285372 0.204644 0.158012 0.131853 0.117595 0.110042 0.106152 0.104202 0.103251 0.102799 0.102590 0.102494 0.102449 0.102425 0.102404 0.102374 0.102323 0.102231 0.102069 0.101788 0.101319 0.100556 0.099358 0.097536 0.094854 0.091042 0.085812 0.078893 0.070074 0.059259 0.046507 0.032066 0.016368 0.000000 
50.000000 42.725453 35.693178 29.121260 23.183433 17.996022 13.613484 10.032258 7.201118 5.035305 3.431585 2.281808 1.483418 0.946285 0.596041 0.374607 0.238816 0.158013 0.111338 0.085155 0.070884 0.063324 0.059430 0.057479 0.056527 0.056075 0.055865 0.055770 0.055727 0.055705 0.055690 0.055672 0.055643 0.055590 0.055498 0.055340 0.055077 0.054650 0.053982 0.052970 0.051486 0.049384 0.046511 0.042725 0.037916 0.032037 0.025124 0.017312 0.008834 0.000000 
50.000000 42.721629 35.685658 29.110287 23.169342 17.979207 13.594369 10.011265 7.178641 5.011694 3.407136 2.256758 1.457951 0.920538 0.570112 0.348563 0.212701 0.131857 0.085158 0.058961 0.044683 0.037119 0.033223 0.031270 0.030318 0.029866 0.029657 0.029562 0.029519 0.029500 0.029488 0.029476 0.029460 0.029431 0.029380 0.029294 0.029150 0.028919 0.028557 0.028011 0.027214 0.026088 0.024554 0.022538 0.019986 0.016875 0.013225 0.009108 0.004646 0.000000 
50.000000 42.719546 35.681561 29.104308 23.161663 17.970045 13.583953 9.999827 7.166395 4.998830 3.393815 2.243111 1.444077 0.906511 0.555985 0.334374 0.198474 0.117607 0.070895 0.044690 0.030408 0.022842 0.018945 0.016992 0.016040 0.015587 0.015378 0.015284 0.015242 0.015223 0.015213 0.015205 0.015196 0.015180 0.015153 0.015108 0.015032 0.014910 0.014719 0.014433 0.014016 0.013429 0.012632 0.011588 0.010269 0.008665 0.006787 0.004673 0.002383 0.000000 
50.000000 42.718444 35.679394 29.101146 23.157602 17.965199 13.578446 9.993778 7.159919 4.992028 3.386771 2.235894 1.436740 0.899094 0.548516 0.326871 0.190951 0.110072 0.063352 0.037144 0.022860 0.015293 0.011395 0.009442 0.008489 0.008037 0.007828 0.007733 0.007692 0.007673 0.007665 0.007659 0.007654 0.007646 0.007632 0.007608 0.007569 0.007506 0.007409 0.007262 0.007050 0.006752 0.006348 0.005820 0.005154 0.004347 0.003403 0.002342 0.001194 0.000000 
50.000000 42.717881 35.678286 29.099530 23.155528 17.962724 13.575632 9.990688 7.156610 4.988553 3.383172 2.232207 1.432992 0.895304 0.544700 0.323038 0.187108 0.106222 0.059500 0.033289 0.019004 0.011437 0.007539 0.005585 0.004633 0.004180 0.003971 0.003877 0.003835 0.003817 0.003809 0.003805 0.003801 0.003797 0.003790 0.003778 0.003758 0.003726 0.003677 0.003603 0.003497 0.003347 0.003146 0.002882 0.002552 0.002151 0.001683 0.001158 0.000590 0.000000 
50.000000 42.717609 35.677753 29.098751 23.154528 17.961530 13.574275 9.989198 7.155015 4.986877 3.381438 2.230429 1.431185 0.893478 0.542860 0.321191 0.185255 0.104367 0.057642 0.031431 0.017145 0.009578 0.005679 0.003726 0.002773 0.002321 0.002112 0.002017 0.001976 0.001958 0.001950 0.001947 0.001944 0.001942 0.001938 0.001932 0.001921 0.001905 0.001879 0.001841 0.001786 0.001709 0.001605 0.001470 0.001301 0.001096 0.000857 0.000590 0.000300 0.000000 
50.000000 42.717501 35.677539 29.098440 23.154128 17.961053 13.573732 9.988602 7.154377 4.986207 3.380744 2.229719 1.430463 0.892747 0.542125 0.320452 0.184514 0.103625 0.056900 0.030688 0.016402 0.008834 0.004936 0.002983 0.002030 0.001578 0.001368 0.001274 0.001233 0.001215 0.001207 0.001204 0.001202 0.001200 0.001197 0.001193 0.001187 0.001177 0.001161 0.001137 0.001102 0.001055 0.000990 0.000907 0.000802 0.000675 0.000528 0.000363 0.000185 0.000000 
50.000000 42.717501 35.677539 29.098440 23.154128 17.961053 13.573732 9.988602 7.154377 4.986207 3.380744 2.229719 1.430463 0.892747 0.542125 0.320452 0.184514 0.103625 0.056900 0.030688 0.016402 0.008834 0.004936 0.002983 0.002030 0.001578 0.001368 0.001274 0.001233 0.001215 0.001207 0.001204 0.001202 0.001200 0.001197 0.001193 0.001187 0.001177 0.001161 0.001137 0.001102 0.001055 0.000990 0.000907 0.000802 0.000675 0.000528 0.000363 0.000185 0.000000 
50.000000 42.717609 35.677753 29.098751 23.154528 17.961530 13.574275 9.989198 7.155015 4.986877 3.381438 2.230429 1.431185 0.893478 0.542860 0.321191 0.185255 0.104367 0.057642 0.031431 0.017145 0.009578 0.005679 0.003726 0.002773 0.002321 0.002112 0.002017 0.001976 0.001958 0.001950 0.001947 0.001944 0.001942 0.001938 0.001932 0.001921 0.001905 0.001879 0.001841 0.001786 0.001709 0.001605 0.001470 0.001301 0.001096 0.000857 0.000590 0.000300 0.000000 
50.000000 42.717881 35.678286 29.099530 23.155528 17.962724 13.575632 9.990688 7.156610 4.988553 3.383172 2.232207 1.432992 0.895304 0.544700 0.323038 0.187108 0.106222 0.059500 0.033289 0.019004 0.011437 0.007539 0.005585 0.004633 0.004180 0.003971 0.003877 0.003835 0.003817 0.003809 0.003805 0.003801 0.003797 0.003790 0.003778 0.003758 0.003726 0.003677 0.003603 0.003497 0.003347 0.003146 0.002882 0.002552 0.002151 0.001683 0.001158 0.000590 0.000000 
50.000000 42.718444 35.679394 29.101146 23.157602 17.965199 13.578446 9.993778 7.159919 4.992028 3.386771 2.235894 1.436740 0.899094 0.548516 0.326871 0.190951 0.110072 0.063352 0.037144 0.022860 0.015293 0.011395 0.009442 0.008489 0.008037 0.007828 0.007733 0.007692 0.007673 0.007665 0.007659 0.007654 0.007646 0.007632 0.007608 0.007569 0.007506 0.007409 0.007262 0.007050 0.006752 0.006348 0.005820 0.005154 0.004347 0.003403 0.002342 0.001194 0.000000 
50.000000 42.719546 35.681561 29.104308 23.161663 17.970045 13.583953 9.999827 7.166395 4.998830 3.393815 2.243111 1.444077 0.906511 0.555985 0.334374 0.198474 0.117607 0.070895 0.044690 0.030408 0.022842 0.018945 0.016992 0.016040 0.015587 0.015378 0.015284 0.015242 0.015223 0.015213 0.015205 0.015196 0.015180 0.015153 0.015108 0.015032 0.014910 0.014719 0.014433 0.014016 0.013429 0.012632 0.011588 0.010269 0.008665 0.006787 0.004673 0.002383 0.000000 
50.000000 42.721629 35.685658 29.110287 23.169342 17.979207 13.594369 10.011265 7.178641 5.011694 3.407136 2.256758 1.457951 0.920538 0.570112 0.348563 0.212701 0.131857 0.085158 0.058961 0.044683 0.037119 0.033223 0.031270 0.030318 0.029866 0.029657 0.029562 0.029519 0.029500 0.029488 0.029476 0.029460 0.029431 0.029380 0.029294 0.029150 0.028919 0.028557 0.028011 0.027214 0.026088 0.024554 0.022538 0.019986 0.016875 0.013225 0.009108 0.004646 0.000000 
50.000000 42.725453 35.693178 29.121260 23.183433 17.996022 13.613484 10.032258 7.201118 5.035305 3.431585 2.281808 1.483418 0.946285 0.596041 0.374607 0.238816 0.158013 0.111338 0.085155 0.070884 0.063324 0.059430 0.057479 0.056527 0.056075 0.055865 0.055770 0.055727 0.055705 0.055690 0.055672 0.055643 0.055590 0.055498 0.055340 0.055077 0.054650 0.053982 0.052970 0.051486 0.049384 0.046511 0.042725 0.037916 0.032037 0.025124 0.017312 0.008834 0.000000 
50.000000 42.732268 35.706581 29.140818 23.208552 18.025996 13.647557 10.069680 7.241185 5.077394 3.475170 2.326465 1.528818 0.992184 0.642265 0.421037 0.285372 0.204644 0.158012 0.131853 0.117595 0.110042 0.106152 0.104202 0.103251 0.102799 0.102590 0.102494 0.102449 0.102425 0.102404 0.102374 0.102323 0.102231 0.102069 0.101788 0.101319 0.100556 0.099358 0.097536 0.094854 0.091042 0.085812 0.078893 0.070074 0.059259 0.046507 0.032066 0.016368 0.000000 
50.000000 42.744065 35.729781 29.174674 23.252031 18.077881 13.706540 10.134459 7.310544 5.150255 3.550622 2.403772 1.607413 1.071644 0.722289 0.501417 0.365970 0.285371 0.238814 0.212697 0.198462 0.190921 0.187037 0.185090 0.184141 0.183689 0.183480 0.183383 0.183336 0.183307 0.183276 0.183228 0.183142 0.182985 0.182707 0.182224 0.181414 0.180093 0.178010 0.174827 0.170124 0.163411 0.154159 0.141868 0.126140 0.106778 0.083877 0.057873 0.029555 0.000000 
50.000000 42.763888 35.768764 29.231560 23.325091 18.165064 13.805651 10.243314 7.427097 5.272693 3.677415 2.533686 1.739491 1.205178 0.856771 0.636497 0.501417 0.421036 0.374605 0.348558 0.334362 0.326841 0.322967 0.321026 0.320078 0.319628 0.319418 0.319320 0.319270 0.319233 0.319188 0.319111 0.318969 0.318711 0.318249 0.317446 0.316092 0.313877 0.310366 0.304979 0.296982 0.285510 0.269622 0.248410 0.221137 0.187418 0.147380 0.101776 0.052005 0.000000 
50.000000 42.796207 35.832325 29.324313 23.444213 18.307218 13.967256 10.420808 7.617146 5.472341 3.884168 2.745528 1.954866 1.422927 1.076067 0.856771 0.722289 0.642265 0.596039 0.570107 0.555973 0.548486 0.544629 0.542696 0.541753 0.541304 0.541093 0.540993 0.540938 0.540890 0.540823 0.540702 0.540478 0.540066 0.539325 0.538034 0.535846 0.532253 0.526529 0.517702 0.504526 0.485520 0.459049 0.423505 0.377552 0.320441 0.252313 0.174423 0.089188 0.000000 
50.000000 42.847320 35.932845 29.471001 23.632607 18.532040 14.222845 10.701529 7.917728 5.788111 4.211177 3.080592 2.295519 1.767338 1.422927 1.205178 1.071644 0.992183 0.946283 0.920533 0.906499 0.899064 0.895234 0.893314 0.892377 0.891931 0.891720 0.891617 0.891555 0.891492 0.891393 0.891210 0.890866 0.890231 0.889086 0.887081 0.883669 0.878036 0.869018 0.855028 0.834023 0.803528 0.760778 0.702991 0.627793 0.533753 0.420945 0.291375 0.149116 0.000000 
50.000000 42.925696 36.086982 29.695934 23.921496 18.876791 14.614781 11.132011 8.378673 6.272351 4.712659 3.594431 2.817933 2.295519 1.954866 1.739491 1.607413 1.528817 1.483416 1.457947 1.444065 1.436711 1.432922 1.431023 1.430096 1.429653 1.429443 1.429336 1.429263 1.429179 1.429037 1.428770 1.428262 1.427320 1.425614 1.422613 1.417483 1.408967 1.395252 1.373843 1.341479 1.294152 1.227304 1.136236 1.016805 0.866328 0.684582 0.474635 0.243163 0.000000 
50.000000 43.042178 36.316063 30.030234 24.350853 19.389179 15.197302 11.771830 9.063777 6.992087 5.458032 4.358176 3.594431 3.080592 2.745528 2.533686 2.403772 2.326464 2.281807 2.256754 2.243099 2.235865 2.232138 2.230270 2.229357 2.228920 2.228710 2.228599 2.228514 2.228403 2.228206 2.227828 2.227107 2.225763 2.223319 2.218999 2.211574 2.199178 2.179088 2.147504 2.099393 2.028460 1.927385 1.788431 1.604500 1.370639 1.085790 0.754362 0.387007 0.000000 
50.000000 43.209907 36.645930 30.511616 24.969118 20.127013 16.036139 12.693186 10.050355 8.028549 6.531421 5.458032 4.712659 4.211177 3.884168 3.677415 3.550621 3.475169 3.431583 3.407131 3.393803 3.386742 3.383105 3.381281 3.380389 3.379962 3.379753 3.379637 3.379537 3.379393 3.379129 3.378617 3.377635 3.375795 3.372436 3.366466 3.356149 3.338816 3.310527 3.265710 3.196854 3.094382 2.946884 2.741918 2.467571 2.114845 1.680658 1.170802 0.601751 0.000000 
50.000000 43.443832 37.105985 31.182987 25.831403 21.156069 17.206074 13.978227 11.426378 9.474160 8.028549 6.992087 6.272351 5.788111 5.472341 5.272693 5.150255 5.077393 5.035303 5.011690 4.998819 4.992000 4.988487 4.986725 4.985864 4.985448 4.985243 4.985121 4.985005 4.984826 4.984485 4.983821 4.982541 4.980131 4.975711 4.967815 4.954088 4.930872 4.892694 4.831695 4.737080 4.594774 4.387535 4.095886 3.700243 3.184532 2.541182 1.776626 0.915389 0.000000 
50.000000 43.759716 37.727227 32.089588 26.995818 22.545702 18.785964 15.713571 13.284604 11.426378 10.050355 9.063777 8.378673 7.917728 7.617146 7.427097 7.310544 7.241184 7.201116 7.178637 7.166384 7.159892 7.156548 7.154870 7.154049 7.153651 7.153451 7.153325 7.153193 7.152976 7.152558 7.151735 7.150143 7.147134 7.141587 7.131626 7.114201 7.084520 7.035317 6.955973 6.831604 6.642302 6.362902 5.963801 5.413558 4.683990 3.758144 2.640319 1.365138 0.000000 
50.000000 44.172602 38.539244 33.274600 28.517826 24.362104 20.851070 17.981896 15.713571 13.978227 12.693186 11.771830 11.132011 10.701529 10.420808 10.243314 10.134459 10.069679 10.032256 10.011261 9.999817 9.993753 9.990629 9.989061 9.988293 9.987920 9.987729 9.987601 9.987455 9.987204 9.986715 9.985748 9.983869 9.980300 9.973692 9.961758 9.940751 9.904707 9.844445 9.746302 9.590691 9.350670 8.990948 8.468076 7.732967 6.737318 5.445496 3.852143 2.001846 0.000000 
50.000000 44.694838 39.566322 34.773465 30.442953 26.659614 23.463177 20.851070 18.785964 17.206074 16.036139 15.197302 14.614781 14.222845 13.967256 13.805651 13.706540 13.647557 13.613482 13.594365 13.583944 13.578423 13.575578 13.574150 13.573450 13.573108 13.572929 13.572803 13.572648 13.572375 13.571834 13.570760 13.568665 13.564672 13.557242 13.543752 13.519854 13.478544 13.408871 13.294221 13.110189 12.822163 12.382994 11.731589 10.794022 9.489939 7.748232 5.535971 2.899455 0.000000 
50.000000 45.333885 40.823132 36.607598 32.798703 29.471061 26.659614 24.362104 22.545702 21.156069 20.127013 19.389179 18.876791 18.532040 18.307218 18.165064 18.077881 18.025996 17.996021 17.979204 17.970037 17.965179 17.962676 17.961420 17.960803 17.960501 17.960340 17.960220 17.960065 17.959784 17.959224 17.958108 17.955923 17.951741 17.943927 17.929666 17.904247 17.859986 17.784679 17.659442 17.455827 17.132144 16.629138 15.865592 14.735530 13.110807 10.856790 7.873786 4.176813 0.000000 
50.000000 46.090253 42.310681 38.778466 35.586968 32.798703 30.442953 28.517826 26.995818 25.831403 24.969118 24.350853 23.921496 23.632607 23.444213 23.325090 23.252031 23.208552 23.183432 23.169339 23.161656 23.157586 23.155488 23.154435 23.153917 23.153662 23.153524 23.153417 23.153272 23.153005 23.152469 23.151398 23.149293 23.145253 23.137672 23.123772 23.098854 23.055168 22.980215 22.854273 22.646871 22.311828 21.780508 20.953014 19.687896 17.793484 15.031070 11.156309 6.051333 0.000000 
50.000000 46.956000 44.013347 41.263274 38.778466 36.607598 34.773465 33.274600 32.089588 31.182987 30.511616 30.030234 29.695934 29.471001 29.324313 29.231560 29.174674 29.140818 29.121259 29.110285 29.104303 29.101133 29.099499 29.098679 29.098276 29.098076 29.097967 29.097878 29.097756 29.097526 29.097064 29.096137 29.094312 29.090797 29.084181 29.071999 29.050056 29.011351 28.944444 28.830958 28.641804 28.331444 27.829104 27.025233 25.750808 23.747396 20.631637 15.884165 8.981588 0.000000 
50.000000 47.914166 45.897777 44.013347 42.310681 40.823132 39.566322 38.539244 37.727227 37.105985 36.645930 36.316063 36.086982 35.932845 35.832325 35.768764 35.729781 35.706581 35.693177 35.685656 35.681557 35.679385 35.678265 35.677703 35.677426 35.677289 35.677213 35.677150 35.677061 35.676892 35.676551 35.675866 35.674515 35.671909 35.666988 35.657902 35.641470 35.612348 35.561701 35.475128 35.329359 35.086908 34.687101 34.030351 32.949346 31.154372 28.129182 22.948888 14.083274 0.000000 
50.000000 48.939428 47.914166 46.956000 46.090253 45.333885 44.694838 44.172602 43.759716 43.443832 43.209907 43.042178 42.925696 42.847320 42.796207 42.763888 42.744065 42.732268 42.725453 42.721628 42.719544 42.718439 42.717870 42.717584 42.717443 42.717373 42.717334 42.717301 42.717254 42.717165 42.716984 42.716619 42.715900 42.714510 42.711882 42.707019 42.698204 42.682533 42.655171 42.608156 42.528443 42.394578 42.170755 41.795383 41.157072 40.038920 37.974412 33.830892 24.469714 0.000000 
50.000000 50.000000 50.000000 50.000000 50.000000 50.000000 50.000000 50.000000 50.000000 50.000000 50.000000 50.000000 50.000000 50.000000 50.000000 50.000000 50.000000 50.000000 50.000000 50.000000 50.000000 50.000000 50.000000 50.000000 50.000000 50.000000 50.000000 50.000000 50.000000 50.000000 50.000000 50.000000 50.000000 50.000000 50.000000 50.000000 50.000000 50.000000 50.000000 50.000000 50.000000 50.000000 50.000000 50.000000 50.000000 50.000000 50.000000 50.000000 50.000000 50.000000 
