50.000000 50.000000 50.000000 50.000000 50.000000 50.000000 50.000000 50.000000 50.000000 50.000000 50.000000 50.000000 50.000000 50.000000 50.000000 50.000000 50.000000 50.000000 50.000000 50.000000 50.000000 50.000000 50.000000 50.000000 50.000000 50.000000 50.000000 50.000000 50.000000 50.000000 50.000000 50.000000 50.000000 50.000000 50.000000 50.000000 50.000000 50.000000 50.000000 50.000000 50.000000 50.000000 50.000000 50.000000 50.000000 50.000000 50.000000 50.000000 50.000000 50.000000 
50.000000 47.885861 45.911890 44.190431 42.787364 41.717605 40.953726 40.442176 40.120411 39.930003 39.823816 39.767909 39.740073 39.726941 39.721063 39.718561 39.717548 39.717156 39.717011 39.716960 39.716943 39.716937 39.716936 39.716935 39.716935 39.716935 39.716935 39.716935 39.716935 39.716934 39.716934 39.716931 39.716922 39.716895 39.716818 39.716605 39.716039 39.714591 39.711027 39.702587 39.683320 39.640831 39.549960 39.360343 38.970688 38.170768 36.494898 32.803548 23.942931 0.000000 
50.000000 45.911890 42.094836 38.766083 36.053023 33.984495 32.507451 31.518329 30.896185 30.528031 30.322723 30.214634 30.160816 30.135430 30.124066 30.119230 30.117270 30.116513 30.116233 30.116134 30.116101 30.116090 30.116087 30.116086 30.116086 30.116085 30.116085 30.116085 30.116085 30.116085 30.116083 30.116078 30.116062 30.116015 30.115879 30.115504 30.114508 30.111969 30.105747 30.091092 30.057887 29.985407 29.832643 29.520724 28.900925 27.695781 25.390496 21.047418 13.108343 0.000000 
50.000000 44.190431 38.766083 34.035696 30.180306 27.240884 25.142019 23.736526 22.852517 22.329423 22.037720 21.884153 21.807694 21.771630 21.755487 21.748617 21.745833 21.744758 21.744361 21.744221 21.744173 21.744158 21.744153 21.744152 21.744151 21.744151 21.744151 21.744151 21.744151 21.744150 21.744148 21.744142 21.744122 21.744064 21.743898 21.743441 21.742232 21.739164 21.731693 21.714236 21.675093 21.590824 21.416528 21.069826 20.406006 19.182560 17.017848 13.375587 7.695533 0.000000 
50.000000 42.787364 36.053023 30.180306 25.393973 21.744865 19.139332 17.394608 16.297276 15.647980 15.285917 15.095318 15.000427 14.955671 14.935638 14.927114 14.923660 14.922325 14.921833 14.921659 14.921600 14.921581 14.921575 14.921573 14.921573 14.921573 14.921573 14.921573 14.921572 14.921572 14.921570 14.921563 14.921544 14.921485 14.921318 14.920860 14.919655 14.916617 14.909271 14.892267 14.854588 14.774697 14.612702 14.298791 13.718308 12.696987 10.997747 8.357242 4.616596 0.000000 
50.000000 41.717605 33.984495 27.240884 21.744865 17.554797 14.563099 12.559864 11.299993 10.554556 10.138904 9.920105 9.811182 9.759810 9.736817 9.727034 9.723070 9.721539 9.720974 9.720774 9.720707 9.720685 9.720678 9.720676 9.720676 9.720675 9.720675 9.720675 9.720675 9.720675 9.720673 9.720667 9.720650 9.720599 9.720452 9.720054 9.719011 9.716398 9.710131 9.695764 9.664313 9.598632 9.467964 9.220783 8.777398 8.026557 6.834877 5.083570 2.746917 0.000000 
50.000000 40.953726 32.507451 25.142019 19.139332 14.563099 11.295778 9.108063 7.732224 6.918207 6.464337 6.225433 6.106507 6.050422 6.025320 6.014641 6.010314 6.008643 6.008026 6.007808 6.007735 6.007711 6.007703 6.007701 6.007701 6.007700 6.007700 6.007700 6.007700 6.007700 6.007698 6.007694 6.007680 6.007640 6.007526 6.007216 6.006410 6.004403 5.999630 5.988793 5.965344 5.917068 5.822684 5.647889 5.342316 4.840541 4.072193 2.986727 1.593383 0.000000 
50.000000 40.442176 31.518329 23.736526 17.394608 12.559864 9.108063 6.796896 5.343470 4.483584 4.004158 3.751814 3.626204 3.566969 3.540460 3.529182 3.524613 3.522849 3.522197 3.521967 3.521890 3.521865 3.521857 3.521854 3.521854 3.521854 3.521853 3.521853 3.521853 3.521853 3.521852 3.521849 3.521839 3.521810 3.521730 3.521511 3.520946 3.519547 3.516246 3.508820 3.492927 3.460628 3.398448 3.285379 3.091900 2.781907 2.319999 1.685686 0.892216 0.000000 
50.000000 40.120411 30.896185 22.852517 16.297276 11.299993 7.732224 5.343470 3.841297 2.952598 2.457125 2.196345 2.066541 2.005330 1.977938 1.966285 1.961565 1.959741 1.959069 1.958831 1.958751 1.958725 1.958717 1.958714 1.958714 1.958713 1.958713 1.958713 1.958713 1.958713 1.958712 1.958710 1.958704 1.958685 1.958633 1.958491 1.958127 1.957233 1.955137 1.950461 1.940553 1.920648 1.882843 1.815156 1.701361 1.522579 1.261693 0.910778 0.479580 0.000000 
50.000000 39.930003 30.528031 22.329423 15.647980 10.554556 6.918207 4.483584 2.952598 2.046874 1.541924 1.276163 1.143883 1.081507 1.053595 1.041720 1.036911 1.035053 1.034368 1.034126 1.034044 1.034017 1.034009 1.034007 1.034006 1.034006 1.034006 1.034006 1.034006 1.034005 1.034005 1.034004 1.034000 1.033989 1.033957 1.033873 1.033656 1.033127 1.031894 1.029166 1.023437 1.012045 0.990657 0.952863 0.890243 0.793392 0.654331 0.470144 0.246683 0.000000 
50.000000 39.823816 30.322723 22.037720 15.285917 10.138904 6.464337 4.004158 2.457125 1.541924 1.031699 0.763167 0.629510 0.566487 0.538285 0.526288 0.521429 0.519552 0.518860 0.518615 0.518533 0.518506 0.518498 0.518495 0.518494 0.518494 0.518494 0.518494 0.518494 0.518494 0.518494 0.518493 0.518491 0.518485 0.518467 0.518420 0.518300 0.518008 0.517333 0.515850 0.512758 0.506664 0.495338 0.475545 0.443140 0.393650 0.323484 0.231632 0.121229 0.000000 
50.000000 39.767909 30.214634 21.884153 15.095318 9.920105 6.225433 3.751814 2.196345 1.276163 0.763167 0.493179 0.358801 0.295438 0.267084 0.255023 0.250138 0.248251 0.247554 0.247309 0.247226 0.247199 0.247190 0.247188 0.247187 0.247187 0.247187 0.247187 0.247187 0.247187 0.247187 0.247186 0.247185 0.247182 0.247173 0.247148 0.247086 0.246936 0.246590 0.245833 0.244268 0.241208 0.235568 0.225803 0.209975 0.186046 0.152460 0.108887 0.056882 0.000000 
50.000000 39.740073 30.160816 21.807694 15.000427 9.811182 6.106507 3.626204 2.066541 1.143883 0.629510 0.358801 0.224064 0.160532 0.132103 0.120010 0.115112 0.113220 0.112522 0.112276 0.112193 0.112166 0.112157 0.112155 0.112154 0.112154 0.112154 0.112154 0.112154 0.112154 0.112154 0.112154 0.112153 0.112151 0.112147 0.112135 0.112105 0.112032 0.111865 0.111502 0.110756 0.109308 0.106657 0.102104 0.094784 0.083810 0.068530 0.048847 0.025481 0.000000 
50.000000 39.726941 30.135430 21.771630 14.955671 9.759810 6.050422 3.566969 2.005330 1.081507 0.566487 0.295438 0.160532 0.096921 0.068457 0.056349 0.051445 0.049551 0.048852 0.048606 0.048522 0.048495 0.048487 0.048484 0.048484 0.048483 0.048483 0.048483 0.048483 0.048483 0.048483 0.048483 0.048483 0.048482 0.048480 0.048475 0.048461 0.048427 0.048352 0.048187 0.047852 0.047203 0.046024 0.044012 0.040799 0.036016 0.029398 0.020922 0.010902 0.000000 
50.000000 39.721063 30.124066 21.755487 14.935638 9.736817 6.025320 3.540460 1.977938 1.053595 0.538285 0.267084 0.132103 0.068457 0.039977 0.027863 0.022956 0.021061 0.020362 0.020115 0.020032 0.020004 0.019996 0.019994 0.019993 0.019993 0.019993 0.019993 0.019993 0.019993 0.019993 0.019992 0.019992 0.019992 0.019991 0.019989 0.019983 0.019968 0.019936 0.019865 0.019722 0.019447 0.018949 0.018104 0.016763 0.014778 0.012046 0.008562 0.004458 0.000000 
50.000000 39.718561 30.119230 21.748617 14.927114 9.727034 6.014641 3.529182 1.966285 1.041720 0.526288 0.255023 0.120010 0.056349 0.027863 0.015745 0.010838 0.008942 0.008243 0.007996 0.007912 0.007885 0.007877 0.007874 0.007874 0.007873 0.007873 0.007873 0.007873 0.007873 0.007873 0.007873 0.007873 0.007873 0.007873 0.007872 0.007869 0.007863 0.007850 0.007821 0.007763 0.007652 0.007452 0.007115 0.006581 0.005795 0.004719 0.003351 0.001743 0.000000 
50.000000 39.717548 30.117270 21.745833 14.923660 9.723070 6.010314 3.524613 1.961565 1.036911 0.521429 0.250138 0.115112 0.051445 0.022956 0.010838 0.005929 0.004033 0.003334 0.003087 0.003004 0.002977 0.002968 0.002966 0.002965 0.002965 0.002965 0.002965 0.002965 0.002965 0.002965 0.002965 0.002965 0.002965 0.002965 0.002964 0.002963 0.002961 0.002956 0.002945 0.002922 0.002880 0.002803 0.002674 0.002472 0.002175 0.001769 0.001255 0.000653 0.000000 
50.000000 39.717156 30.116513 21.744758 14.922325 9.721539 6.008643 3.522849 1.959741 1.035053 0.519552 0.248251 0.113220 0.049551 0.021061 0.008942 0.004033 0.002137 0.001438 0.001191 0.001108 0.001081 0.001072 0.001070 0.001069 0.001069 0.001069 0.001069 0.001069 0.001069 0.001069 0.001069 0.001069 0.001069 0.001069 0.001069 0.001068 0.001067 0.001065 0.001061 0.001053 0.001037 0.001009 0.000963 0.000889 0.000782 0.000635 0.000450 0.000234 0.000000 
50.000000 39.717011 30.116233 21.744361 14.921833 9.720974 6.008026 3.522197 1.959069 1.034368 0.518860 0.247554 0.112522 0.048852 0.020362 0.008243 0.003334 0.001438 0.000739 0.000492 0.000408 0.000381 0.000373 0.000370 0.000370 0.000369 0.000369 0.000369 0.000369 0.000369 0.000369 0.000369 0.000369 0.000369 0.000369 0.000369 0.000369 0.000369 0.000368 0.000367 0.000364 0.000358 0.000348 0.000332 0.000307 0.000269 0.000219 0.000155 0.000081 0.000000 
50.000000 39.716960 30.116134 21.744221 14.921659 9.720774 6.007808 3.521967 1.958831 1.034126 0.518615 0.247309 0.112276 0.048606 0.020115 0.007996 0.003087 0.001191 0.000492 0.000245 0.000161 0.000134 0.000126 0.000123 0.000123 0.000122 0.000122 0.000122 0.000122 0.000122 0.000122 0.000122 0.000122 0.000122 0.000122 0.000122 0.000122 0.000122 0.000122 0.000122 0.000121 0.000119 0.000115 0.000110 0.000101 0.000089 0.000072 0.000051 0.000027 0.000000 
50.000000 39.716943 30.116101 21.744173 14.921600 9.720707 6.007735 3.521890 1.958751 1.034044 0.518533 0.247226 0.112193 0.048522 0.020032 0.007912 0.003004 0.001108 0.000408 0.000161 0.000078 0.000051 0.000043 0.000040 0.000039 0.000039 0.000039 0.000039 0.000039 0.000039 0.000039 0.000039 0.000039 0.000039 0.000039 0.000039 0.000039 0.000039 0.000039 0.000039 0.000038 0.000038 0.000037 0.000035 0.000032 0.000028 0.000023 0.000016 0.000008 0.000000 
50.000000 39.716937 30.116090 21.744158 14.921581 9.720685 6.007711 3.521865 1.958725 1.034017 0.518506 0.247199 0.112166 0.048495 0.020004 0.007885 0.002977 0.001081 0.000381 0.000134 0.000051 0.000024 0.000015 0.000013 0.000012 0.000012 0.000012 0.000012 0.000012 0.000012 0.000012 0.000012 0.000012 0.000012 0.000012 0.000012 0.000012 0.000012 0.000012 0.000012 0.000012 0.000012 0.000011 0.000011 0.000010 0.000009 0.000007 0.000005 0.000003 0.000000 
50.000000 39.716936 30.116087 21.744153 14.921575 9.720678 6.007703 3.521857 1.958717 1.034009 0.518498 0.247190 0.112157 0.048487 0.019996 0.007877 0.002968 0.001072 0.000373 0.000126 0.000043 0.000015 0.000007 0.000005 0.000004 0.000004 0.000004 0.000004 0.000004 0.000004 0.000004 0.000004 0.000004 0.000004 0.000004 0.000004 0.000004 0.000004 0.000004 0.000003 0.000003 0.000003 0.000003 0.000003 0.000003 0.000003 0.000002 0.000001 0.000001 0.000000 
50.000000 39.716935 30.116086 21.744152 14.921573 9.720676 6.007701 3.521854 1.958714 1.034007 0.518495 0.247188 0.112155 0.048484 0.019994 0.007874 0.002966 0.001070 0.000370 0.000123 0.000040 0.000013 0.000005 0.000002 0.000001 0.000001 0.000001 0.000001 0.000001 0.000001 0.000001 0.000001 0.000001 0.000001 0.000001 0.000001 0.000001 0.000001 0.000001 0.000001 0.000001 0.000001 0.000001 0.000001 0.000001 0.000001 0.000001 0.000000 0.000000 0.000000 
50.000000 39.716935 30.116086 21.744151 14.921573 9.720676 6.007701 3.521854 1.958714 1.034006 0.518494 0.247187 0.112154 0.048484 0.019993 0.007874 0.002965 0.001069 0.000370 0.000123 0.000039 0.000012 0.000004 0.000001 0.000001 0.000000 0.000000 0.000000 0.000000 0.000000 0.000000 0.000000 0.000000 0.000000 0.000000 0.000000 0.000000 0.000000 0.000000 0.000000 0.000000 0.000000 0.000000 0.000000 0.000000 0.000000 0.000000 0.000000 0.000000 0.000000 
50.000000 39.716935 30.116086 21.744151 14.921573 9.720676 6.007701 3.521854 1.958714 1.034006 0.518494 0.247187 0.112154 0.048484 0.019993 0.007874 0.002965 0.001069 0.000370 0.000123 0.000039 0.000012 0.000004 0.000001 0.000001 0.000000 0.000000 0.000000 0.000000 0.000000 0.000000 0.000000 0.000000 0.000000 0.000000 0.000000 0.000000 0.000000 0.000000 0.000000 0.000000 0.000000 0.000000 0.000000 0.000000 0.000000 0.000000 0.000000 0.000000 0.000000 
50.000000 39.716935 30.116086 21.744152 14.921573 9.720676 6.007701 3.521854 1.958714 1.034007 0.518495 0.247188 0.112155 0.048484 0.019994 0.007874 0.002966 0.001070 0.000370 0.000123 0.000040 0.000013 0.000005 0.000002 0.000001 0.000001 0.000001 0.000001 0.000001 0.000001 0.000001 0.000001 0.000001 0.000001 0.000001 0.000001 0.000001 0.000001 0.000001 0.000001 0.000001 0.000001 0.000001 0.000001 0.000001 0.000001 0.000001 0.000000 0.000000 0.000000 
50.000000 39.716936 30.116087 21.744153 14.921575 9.720678 6.007703 3.521857 1.958717 1.034009 0.518498 0.247190 0.112157 0.048487 0.019996 0.007877 0.002968 0.001072 0.000373 0.000126 0.000043 0.000015 0.000007 0.000005 0.000004 0.000004 0.000004 0.000004 0.000004 0.000004 0.000004 0.000004 0.000004 0.000004 0.000004 0.000004 0.000004 0.000004 0.000004 0.000003 0.000003 0.000003 0.000003 0.000003 0.000003 0.000003 0.000002 0.000001 0.000001 0.000000 
50.000000 39.716937 30.116090 21.744158 14.921581 9.720685 6.007711 3.521865 1.958725 1.034017 0.518506 0.247199 0.112166 0.048495 0.020004 0.007885 0.002977 0.001081 0.000381 0.000134 0.000051 0.000024 0.000015 0.000013 0.000012 0.000012 0.000012 0.000012 0.000012 0.000012 0.000012 0.000012 0.000012 0.000012 0.000012 0.000012 0.000012 0.000012 0.000012 0.000012 0.000012 0.000012 0.000011 0.000011 0.000010 0.000009 0.000007 0.000005 0.000003 0.000000 
50.000000 39.716943 30.116101 21.744173 14.921600 9.720707 6.007735 3.521890 1.958751 1.034044 0.518533 0.247226 0.112193 0.048522 0.020032 0.007912 0.003004 0.001108 0.000408 0.000161 0.000078 0.000051 0.000043 0.000040 0.000039 0.000039 0.000039 0.000039 0.000039 0.000039 0.000039 0.000039 0.000039 0.000039 0.000039 0.000039 0.000039 0.000039 0.000039 0.000039 0.000038 0.000038 0.000037 0.000035 0.000032 0.000028 0.000023 0.000016 0.000008 0.000000 
50.000000 39.716960 30.116134 21.744221 14.921659 9.720774 6.007808 3.521967 1.958831 1.034126 0.518615 0.247309 0.112276 0.048606 0.020115 0.007996 0.003087 0.001191 0.000492 0.000245 0.000161 0.000134 0.000126 0.000123 0.000123 0.000122 0.000122 0.000122 0.000122 0.000122 0.000122 0.000122 0.000122 0.000122 0.000122 0.000122 0.000122 0.000122 0.000122 0.000122 0.000121 0.000119 0.000115 0.000110 0.000101 0.000089 0.000072 0.000051 0.000027 0.000000 
50.000000 39.717011 30.116233 21.744361 14.921833 9.720974 6.008026 3.522197 1.959069 1.034368 0.518860 0.247554 0.112522 0.048852 0.020362 0.008243 0.003334 0.001438 0.000739 0.000492 0.000408 0.000381 0.000373 0.000370 0.000370 0.000369 0.000369 0.000369 0.000369 0.000369 0.000369 0.000369 0.000369 0.000369 0.000369 0.000369 0.000369 0.000369 0.000368 0.000367 0.000364 0.000358 0.000348 0.000332 0.000307 0.000269 0.000219 0.000155 0.000081 0.000000 
50.000000 39.717156 30.116513 21.744758 14.922325 9.721539 6.008643 3.522849 1.959741 1.035053 0.519552 0.248251 0.113220 0.049551 0.021061 0.008942 0.004033 0.002137 0.001438 0.001191 0.001108 0.001081 0.001072 0.001070 0.001069 0.001069 0.001069 0.001069 0.001069 0.001069 0.001069 0.001069 0.001069 0.001069 0.001069 0.001069 0.001068 0.001067 0.001065 0.001061 0.001053 0.001037 0.001009 0.000963 0.000889 0.000782 0.000635 0.000450 0.000234 0.000000 
50.000000 39.717548 30.117270 21.745833 14.923660 9.723070 6.010314 3.524613 1.961565 1.036911 0.521429 0.250138 0.115112 0.051445 0.022956 0.010838 0.005929 0.004033 0.003334 0.003087 0.003004 0.002977 0.002968 0.002966 0.002965 0.002965 0.002965 0.002965 0.002965 0.002965 0.002965 0.002965 0.002965 0.002965 0.002965 0.002964 0.002963 0.002961 0.002956 0.002945 0.002922 0.002880 0.002803 0.002674 0.002472 0.002175 0.001769 0.001255 0.000653 0.000000 
50.000000 39.718561 30.119230 21.748617 14.927114 9.727034 6.014641 3.529182 1.966285 1.041720 0.526288 0.255023 0.120010 0.056349 0.027863 0.015745 0.010838 0.008942 0.008243 0.007996 0.007912 0.007885 0.007877 0.007874 0.007874 0.007873 0.007873 0.007873 0.007873 0.007873 0.007873 0.007873 0.007873 0.007873 0.007873 0.007872 0.007869 0.007863 0.007850 0.007821 0.007763 0.007652 0.007452 0.007115 0.006581 0.005795 0.004719 0.003351 0.001743 0.000000 
50.000000 39.721063 30.124066 21.755487 14.935638 9.736817 6.025320 3.540460 1.977938 1.053595 0.538285 0.267084 0.132103 0.068457 0.039977 0.027863 0.022956 0.021061 0.020362 0.020115 0.020032 0.020004 0.019996 0.019994 0.019993 0.019993 0.019993 0.019993 0.019993 0.019993 0.019993 0.019992 0.019992 0.019992 0.019991 0.019989 0.019983 0.019968 0.019936 0.019865 0.019722 0.019447 0.018949 0.018104 0.016763 0.014778 0.012046 0.008562 0.004458 0.000000 
50.000000 39.726941 30.135430 21.771630 14.955671 9.759810 6.050422 3.566969 2.005330 1.081507 0.566487 0.295438 0.160532 0.096921 0.068457 0.056349 0.051445 0.049551 0.048852 0.048606 0.048522 0.048495 0.048487 0.048484 0.048484 0.048483 0.048483 0.048483 0.048483 0.048483 0.048483 0.048483 0.048483 0.048482 0.048480 0.048475 0.048461 0.048427 0.048352 0.048187 0.047852 0.047203 0.046024 0.044012 0.040799 0.036016 0.029398 0.020922 0.010902 0.000000 
50.000000 39.740073 30.160816 21.807694 15.000427 9.811182 6.106507 3.626204 2.066541 1.143883 0.629510 0.358801 0.224064 0.160532 0.132103 0.120010 0.115112 0.113220 0.112522 0.112276 0.112193 0.112166 0.112157 0.112155 0.112154 0.112154 0.112154 0.112154 0.112154 0.112154 0.112154 0.112154 0.112153 0.112151 0.112147 0.112135 0.112105 0.112032 0.111865 0.111502 0.110756 0.109308 0.106657 0.102104 0.094784 0.083810 0.068530 0.048847 0.025481 0.000000 
50.000000 39.767909 30.214634 21.884153 15.095318 9.920105 6.225433 3.751814 2.196345 1.276163 0.763167 0.493179 0.358801 0.295438 0.267084 0.255023 0.250138 0.248251 0.247554 0.247309 0.247226 0.247199 0.247190 0.247188 0.247187 0.247187 0.247187 0.247187 0.247187 0.247187 0.247187 0.247186 0.247185 0.247182 0.247173 0.247148 0.247086 0.246936 0.246590 0.245833 0.244268 0.241208 0.235568 0.225803 0.209975 0.186046 0.152460 0.108887 0.056882 0.000000 
50.000000 39.823816 30.322723 22.037720 15.285917 10.138904 6.464337 4.004158 2.457125 1.541924 1.031699 0.763167 0.629510 0.566487 0.538285 0.526288 0.521429 0.519552 0.518860 0.518615 0.518533 0.518506 0.518498 0.518495 0.518494 0.518494 0.518494 0.518494 0.518494 0.518494 0.518494 0.518493 0.518491 0.518485 0.518467 0.518420 0.518300 0.518008 0.517333 0.515850 0.512758 0.506664 0.495338 0.475545 0.443140 0.393650 0.323484 0.231632 0.121229 0.000000 
50.000000 39.930003 30.528031 22.329423 15.647980 10.554556 6.918207 4.483584 2.952598 2.046874 1.541924 1.276163 1.143883 1.081507 1.053595 1.041720 1.036911 1.035053 1.034368 1.034126 1.034044 1.034017 1.034009 1.034007 1.034006 1.034006 1.034006 1.034006 1.034006 1.034005 1.034005 1.034004 1.034000 1.033989 1.033957 1.033873 1.033656 1.033127 1.031894 1.029166 1.023437 1.012045 0.990657 0.952863 0.890243 0.793392 0.654331 0.470144 0.246683 0.000000 
50.000000 40.120411 30.896185 22.852517 16.297276 11.299993 7.732224 5.343470 3.841297 2.952598 2.457125 2.196345 2.066541 2.005330 1.977938 1.966285 1.961565 1.959741 1.959069 1.958831 1.958751 1.958725 1.958717 1.958714 1.958714 1.958713 1.958713 1.958713 1.958713 1.958713 1.958712 1.958710 1.958704 1.958685 1.958633 1.958491 1.958127 1.957233 1.955137 1.950461 1.940553 1.920648 1.882843 1.815156 1.701361 1.522579 1.261693 0.910778 0.479580 0.000000 
50.000000 40.442176 31.518329 23.736526 17.394608 12.559864 9.108063 6.796896 5.343470 4.483584 4.004158 3.751814 3.626204 3.566969 3.540460 3.529182 3.524613 3.522849 3.522197 3.521967 3.521890 3.521865 3.521857 3.521854 3.521854 3.521854 3.521853 3.521853 3.521853 3.521853 3.521852 3.521849 3.521839 3.521810 3.521730 3.521511 3.520946 3.519547 3.516246 3.508820 3.492927 3.460628 3.398448 3.285379 3.091900 2.781907 2.319999 1.685686 0.892216 0.000000 
50.000000 40.953726 32.507451 25.142019 19.139332 14.563099 11.295778 9.108063 7.732224 6.918207 6.464337 6.225433 6.106507 6.050422 6.025320 6.014641 6.010314 6.008643 6.008026 6.007808 6.007735 6.007711 6.007703 6.007701 6.007701 6.007700 6.007700 6.007700 6.007700 6.007700 6.007698 6.007694 6.007680 6.007640 6.007526 6.007216 6.006410 6.004403 5.999630 5.988793 5.965344 5.917068 5.822684 5.647889 5.342316 4.840541 4.072193 2.986727 1.593383 0.000000 
50.000000 41.717605 33.984495 27.240884 21.744865 17.554797 14.563099 12.559864 11.299993 10.554556 10.138904 9.920105 9.811182 9.759810 9.736817 9.727034 9.723070 9.721539 9.720974 9.720774 9.720707 9.720685 9.720678 9.720676 9.720676 9.720675 9.720675 9.720675 9.720675 9.720675 9.720673 9.720667 9.720650 9.720599 9.720452 9.720054 9.719011 9.716398 9.710131 9.695764 9.664313 9.598632 9.467964 9.220783 8.777398 8.026557 6.834877 5.083570 2.746917 0.000000 
50.000000 42.787364 36.053023 30.180306 25.393973 21.744865 19.139332 17.394608 16.297276 15.647980 15.285917 15.095318 15.000427 14.955671 14.935638 14.927114 14.923660 14.922325 14.921833 14.921659 14.921600 14.921581 14.921575 14.921573 14.921573 14.921573 14.921573 14.921573 14.921572 14.921572 14.921570 14.921563 14.921544 14.921485 14.921318 14.920860 14.919655 14.916617 14.909271 14.892267 14.854588 14.774697 14.612702 14.298791 13.718308 12.696987 10.997747 8.357242 4.616596 0.000000 
50.000000 44.190431 38.766083 34.035696 30.180306 27.240884 25.142019 23.736526 22.852517 22.329423 22.037720 21.884153 21.807694 21.771630 21.755487 21.748617 21.745833 21.744758 21.744361 21.744221 21.744173 21.744158 21.744153 21.744152 21.744151 21.744151 21.744151 21.744151 21.744151 21.744150 21.744148 21.744142 21.744122 21.744064 21.743898 21.743441 21.742232 21.739164 21.731693 21.714236 21.675093 21.590824 21.416528 21.069826 20.406006 19.182560 17.017848 13.375587 7.695533 0.000000 
50.000000 45.911890 42.094836 38.766083 36.053023 33.984495 32.507451 31.518329 30.896185 30.528031 30.322723 30.214634 30.160816 30.135430 30.124066 30.119230 30.117270 30.116513 30.116233 30.116134 30.116101 30.116090 30.116087 30.116086 30.116086 30.116085 30.116085 30.116085 30.116085 30.116085 30.116083 30.116078 30.116062 30.116015 30.115879 30.115504 30.114508 30.111969 30.105747 30.091092 30.057887 29.985407 29.832643 29.520724 28.900925 27.695781 25.390496 21.047418 13.108343 0.000000 
50.000000 47.885861 45.911890 44.190431 42.787364 41.717605 40.953726 40.442176 40.120411 39.930003 39.823816 39.767909 39.740073 39.726941 39.721063 39.718561 39.717548 39.717156 39.717011 39.716960 39.716943 39.716937 39.716936 39.716935 39.716935 39.716935 39.716935 39.716935 39.716935 39.716934 39.716934 39.716931 39.716922 39.716895 39.716818 39.716605 39.716039 39.714591 39.711027 39.702587 39.683320 39.640831 39.549960 39.360343 38.970688 38.170768 36.494898 32.803548 23.942931 0.000000 
50.000000 50.000000 50.000000 50.000000 50.000000 50.000000 50.000000 50.000000 50.000000 50.000000 50.000000 50.000000 50.000000 50.000000 50.000000 50.000000 50.000000 50.000000 50.000000 50.000000 50.000000 50.000000 50.000000 50.000000 50.000000 50.000000 50.000000 50.000000 50.000000 50.000000 50.000000 50.000000 50.000000 50.000000 50.000000 50.000000 50.000000 50.000000 50.000000 50.000000 50.000000 50.000000 50.000000 50.000000 50.000000 50.000000 50.000000 50.000000 50.000000 50.000000 
