50.000000 50.000000 50.000000 50.000000 50.000000 50.000000 50.000000 50.000000 50.000000 50.000000 50.000000 50.000000 50.000000 50.000000 50.000000 50.000000 50.000000 50.000000 50.000000 50.000000 50.000000 50.000000 50.000000 50.000000 50.000000 50.000000 50.000000 50.000000 50.000000 50.000000 50.000000 50.000000 50.000000 50.000000 50.000000 50.000000 50.000000 50.000000 50.000000 50.000000 50.000000 50.000000 50.000000 50.000000 50.000000 50.000000 50.000000 50.000000 50.000000 50.000000 
50.000000 47.620483 45.418481 43.531870 42.033972 40.930427 40.174782 39.692957 39.406273 39.246754 39.163560 39.122801 39.104001 39.095819 39.092452 39.091139 39.090653 39.090481 39.090424 39.090406 39.090400 39.090398 39.090398 39.090398 39.090398 39.090398 39.090398 39.090398 39.090398 39.090398 39.090397 39.090396 39.090393 39.090382 39.090348 39.090246 39.089949 39.089124 39.086931 39.081342 39.067675 39.035549 38.962708 38.802529 38.457884 37.722295 36.132227 32.547512 23.810242 0.000000 
50.000000 45.418481 41.178766 37.546338 34.662363 32.537694 31.082871 30.155250 29.603334 29.296241 29.136089 29.057630 29.021441 29.005692 28.999211 28.996684 28.995748 28.995419 28.995309 28.995273 28.995262 28.995259 28.995258 28.995258 28.995258 28.995258 28.995258 28.995258 28.995258 28.995258 28.995257 28.995256 28.995250 28.995231 28.995172 28.994994 28.994479 28.993055 28.989285 28.979731 28.956543 28.902600 28.782090 28.522830 27.983551 26.893490 24.741698 20.589383 12.870969 0.000000 
50.000000 43.531870 37.546338 32.418228 28.346836 25.347457 23.293761 21.984338 21.205289 20.771838 20.545800 20.435069 20.383999 20.361774 20.352628 20.349063 20.347743 20.347279 20.347123 20.347073 20.347058 20.347053 20.347052 20.347052 20.347052 20.347052 20.347051 20.347051 20.347051 20.347051 20.347051 20.347049 20.347042 20.347019 20.346949 20.346737 20.346127 20.344449 20.340034 20.328934 20.302276 20.241112 20.107016 19.825952 19.262496 18.182498 16.209114 12.804640 7.399643 0.000000 
50.000000 42.033972 34.662363 28.346836 23.332833 19.639154 17.110166 15.497772 14.538518 14.004835 13.726544 13.590225 13.527357 13.500000 13.488744 13.484356 13.482732 13.482160 13.481968 13.481907 13.481888 13.481883 13.481881 13.481881 13.481881 13.481881 13.481881 13.481881 13.481881 13.481881 13.481880 13.481878 13.481871 13.481849 13.481781 13.481576 13.480988 13.479381 13.475185 13.464730 13.439914 13.383829 13.263257 13.016981 12.539918 11.666416 10.164338 7.768873 4.311676 0.000000 
50.000000 40.930427 32.537694 25.347457 19.639154 15.434146 12.555178 10.719737 9.627847 9.020407 8.703677 8.548539 8.476997 8.445868 8.433061 8.428069 8.426221 8.425571 8.425353 8.425283 8.425262 8.425255 8.425254 8.425253 8.425253 8.425253 8.425253 8.425253 8.425253 8.425253 8.425252 8.425251 8.425245 8.425227 8.425169 8.424998 8.424510 8.423185 8.419750 8.411276 8.391397 8.347133 8.253733 8.067405 7.717073 7.099236 6.084960 4.554143 2.472543 0.000000 
50.000000 40.174782 31.082871 23.293761 17.110166 12.555178 9.436717 7.448680 6.266072 5.608200 5.265195 5.097199 5.019732 4.986028 4.972163 4.966758 4.964758 4.964054 4.963818 4.963743 4.963720 4.963713 4.963711 4.963711 4.963710 4.963710 4.963710 4.963710 4.963710 4.963710 4.963710 4.963709 4.963704 4.963691 4.963648 4.963521 4.963163 4.962194 4.959702 4.953612 4.939488 4.908469 4.844115 4.718358 4.487773 4.093185 3.467809 2.560041 1.372253 0.000000 
50.000000 39.692957 30.155250 21.984338 15.497772 10.719737 7.448680 5.363442 4.123067 3.433093 3.073369 2.897194 2.815961 2.780620 2.766082 2.760416 2.758319 2.757581 2.757334 2.757255 2.757231 2.757224 2.757222 2.757221 2.757221 2.757221 2.757221 2.757221 2.757221 2.757221 2.757221 2.757220 2.757217 2.757208 2.757179 2.757095 2.756857 2.756218 2.754587 2.750637 2.741571 2.721909 2.681721 2.604564 2.466004 2.234515 1.877322 1.373160 0.730249 0.000000 
50.000000 39.406273 29.603334 21.205289 14.538518 9.627847 6.266072 4.123067 2.848372 2.139334 1.769685 1.588657 1.505190 1.468879 1.453943 1.448122 1.445968 1.445210 1.444956 1.444875 1.444850 1.444843 1.444841 1.444840 1.444840 1.444840 1.444840 1.444840 1.444840 1.444840 1.444840 1.444839 1.444838 1.444832 1.444814 1.444763 1.444619 1.444235 1.443261 1.440920 1.435599 1.424186 1.401157 1.357603 1.280714 1.154689 0.964177 0.700734 0.370724 0.000000 
50.000000 39.246754 29.296241 20.771838 14.004835 9.020407 5.608200 3.433093 2.139334 1.419710 1.044554 0.860833 0.776128 0.739280 0.724123 0.718216 0.716031 0.715262 0.715004 0.714922 0.714896 0.714889 0.714887 0.714886 0.714886 0.714886 0.714886 0.714886 0.714886 0.714886 0.714886 0.714886 0.714885 0.714882 0.714872 0.714843 0.714763 0.714550 0.714015 0.712736 0.709855 0.703734 0.691522 0.668713 0.629009 0.564920 0.469562 0.339698 0.179079 0.000000 
50.000000 39.163560 29.136089 20.545800 13.726544 8.703677 5.265195 3.073369 1.769685 1.044554 0.666532 0.481413 0.396065 0.358937 0.343666 0.337715 0.335513 0.334738 0.334478 0.334395 0.334370 0.334363 0.334360 0.334360 0.334360 0.334360 0.334360 0.334360 0.334360 0.334360 0.334360 0.334359 0.334359 0.334357 0.334352 0.334337 0.334296 0.334187 0.333914 0.333266 0.331817 0.328765 0.322732 0.311583 0.292401 0.261814 0.216866 0.156359 0.082218 0.000000 
50.000000 39.122801 29.057630 20.435069 13.590225 8.548539 5.097199 2.897194 1.588657 0.860833 0.481413 0.295611 0.209949 0.172685 0.157358 0.151385 0.149175 0.148398 0.148137 0.148054 0.148028 0.148021 0.148019 0.148018 0.148018 0.148018 0.148018 0.148018 0.148018 0.148018 0.148018 0.148018 0.148018 0.148017 0.148014 0.148007 0.147987 0.147935 0.147805 0.147499 0.146819 0.145396 0.142606 0.137497 0.128788 0.115041 0.095035 0.068345 0.035871 0.000000 
50.000000 39.104001 29.021441 20.383999 13.527357 8.476997 5.019732 2.815961 1.505190 0.776128 0.396065 0.209949 0.124142 0.086816 0.071464 0.065481 0.063268 0.062489 0.062228 0.062144 0.062119 0.062111 0.062109 0.062108 0.062108 0.062108 0.062108 0.062108 0.062108 0.062108 0.062108 0.062108 0.062108 0.062108 0.062107 0.062103 0.062095 0.062071 0.062013 0.061878 0.061578 0.060955 0.059743 0.057539 0.053812 0.047976 0.039550 0.028386 0.014877 0.000000 
50.000000 39.095819 29.005692 20.361774 13.500000 8.445868 4.986028 2.780620 1.468879 0.739280 0.358937 0.172685 0.086816 0.049464 0.034100 0.028113 0.025898 0.025118 0.024857 0.024773 0.024748 0.024740 0.024738 0.024738 0.024738 0.024738 0.024738 0.024738 0.024738 0.024738 0.024738 0.024738 0.024737 0.024737 0.024737 0.024736 0.024732 0.024722 0.024698 0.024641 0.024517 0.024260 0.023763 0.022866 0.021358 0.019012 0.015647 0.011213 0.005870 0.000000 
50.000000 39.092452 28.999211 20.352628 13.488744 8.433061 4.972163 2.766082 1.453943 0.724123 0.343666 0.157358 0.071464 0.034100 0.018732 0.012743 0.010527 0.009748 0.009486 0.009403 0.009377 0.009370 0.009367 0.009367 0.009367 0.009367 0.009367 0.009367 0.009367 0.009367 0.009367 0.009367 0.009367 0.009367 0.009366 0.009366 0.009364 0.009361 0.009351 0.009329 0.009280 0.009180 0.008987 0.008641 0.008063 0.007168 0.005892 0.004217 0.002206 0.000000 
50.000000 39.091139 28.996684 20.349063 13.484356 8.428069 4.966758 2.760416 1.448122 0.718216 0.337715 0.151385 0.065481 0.028113 0.012743 0.006753 0.004537 0.003758 0.003496 0.003413 0.003387 0.003380 0.003377 0.003377 0.003377 0.003377 0.003377 0.003377 0.003377 0.003377 0.003377 0.003377 0.003377 0.003377 0.003377 0.003376 0.003376 0.003374 0.003371 0.003363 0.003344 0.003308 0.003237 0.003110 0.002899 0.002575 0.002114 0.001512 0.000790 0.000000 
50.000000 39.090653 28.995748 20.347743 13.482732 8.426221 4.964758 2.758319 1.445968 0.716031 0.335513 0.149175 0.063268 0.025898 0.010527 0.004537 0.002321 0.001542 0.001280 0.001197 0.001171 0.001164 0.001161 0.001161 0.001161 0.001161 0.001161 0.001161 0.001161 0.001161 0.001161 0.001161 0.001161 0.001161 0.001161 0.001161 0.001160 0.001160 0.001159 0.001156 0.001149 0.001136 0.001112 0.001068 0.000995 0.000882 0.000724 0.000517 0.000270 0.000000 
50.000000 39.090481 28.995419 20.347279 13.482160 8.425571 4.964054 2.757581 1.445210 0.715262 0.334738 0.148398 0.062489 0.025118 0.009748 0.003758 0.001542 0.000762 0.000501 0.000417 0.000391 0.000384 0.000382 0.000381 0.000381 0.000381 0.000381 0.000381 0.000381 0.000381 0.000381 0.000381 0.000381 0.000381 0.000381 0.000381 0.000381 0.000381 0.000380 0.000379 0.000377 0.000373 0.000365 0.000350 0.000326 0.000289 0.000237 0.000169 0.000088 0.000000 
50.000000 39.090424 28.995309 20.347123 13.481968 8.425353 4.963818 2.757334 1.444956 0.715004 0.334478 0.148137 0.062228 0.024857 0.009486 0.003496 0.001280 0.000501 0.000239 0.000155 0.000130 0.000122 0.000120 0.000120 0.000120 0.000120 0.000120 0.000120 0.000120 0.000120 0.000120 0.000120 0.000120 0.000120 0.000120 0.000120 0.000120 0.000119 0.000119 0.000119 0.000118 0.000117 0.000114 0.000110 0.000102 0.000090 0.000074 0.000053 0.000028 0.000000 
50.000000 39.090406 28.995273 20.347073 13.481907 8.425283 4.963743 2.757255 1.444875 0.714922 0.334395 0.148054 0.062144 0.024773 0.009403 0.003413 0.001197 0.000417 0.000155 0.000072 0.000046 0.000039 0.000037 0.000036 0.000036 0.000036 0.000036 0.000036 0.000036 0.000036 0.000036 0.000036 0.000036 0.000036 0.000036 0.000036 0.000036 0.000036 0.000036 0.000036 0.000036 0.000035 0.000034 0.000033 0.000031 0.000027 0.000022 0.000016 0.000008 0.000000 
50.000000 39.090400 28.995262 20.347058 13.481888 8.425262 4.963720 2.757231 1.444850 0.714896 0.334370 0.148028 0.062119 0.024748 0.009377 0.003387 0.001171 0.000391 0.000130 0.000046 0.000021 0.000013 0.000011 0.000011 0.000010 0.000010 0.000010 0.000010 0.000010 0.000010 0.000010 0.000010 0.000010 0.000010 0.000010 0.000010 0.000010 0.000010 0.000010 0.000010 0.000010 0.000010 0.000010 0.000009 0.000009 0.000008 0.000006 0.000005 0.000002 0.000000 
50.000000 39.090398 28.995259 20.347053 13.481883 8.425255 4.963713 2.757224 1.444843 0.714889 0.334363 0.148021 0.062111 0.024740 0.009370 0.003380 0.001164 0.000384 0.000122 0.000039 0.000013 0.000006 0.000004 0.000003 0.000003 0.000003 0.000003 0.000003 0.000003 0.000003 0.000003 0.000003 0.000003 0.000003 0.000003 0.000003 0.000003 0.000003 0.000003 0.000003 0.000003 0.000003 0.000003 0.000003 0.000002 0.000002 0.000002 0.000001 0.000001 0.000000 
50.000000 39.090398 28.995258 20.347052 13.481881 8.425254 4.963711 2.757222 1.444841 0.714887 0.334360 0.148019 0.062109 0.024738 0.009367 0.003377 0.001161 0.000382 0.000120 0.000037 0.000011 0.000004 0.000002 0.000001 0.000001 0.000001 0.000001 0.000001 0.000001 0.000001 0.000001 0.000001 0.000001 0.000001 0.000001 0.000001 0.000001 0.000001 0.000001 0.000001 0.000001 0.000001 0.000001 0.000001 0.000001 0.000001 0.000000 0.000000 0.000000 0.000000 
50.000000 39.090398 28.995258 20.347052 13.481881 8.425253 4.963711 2.757221 1.444840 0.714886 0.334360 0.148018 0.062108 0.024738 0.009367 0.003377 0.001161 0.000381 0.000120 0.000036 0.000011 0.000003 0.000001 0.000000 0.000000 0.000000 0.000000 0.000000 0.000000 0.000000 0.000000 0.000000 0.000000 0.000000 0.000000 0.000000 0.000000 0.000000 0.000000 0.000000 0.000000 0.000000 0.000000 0.000000 0.000000 0.000000 0.000000 0.000000 0.000000 0.000000 
50.000000 39.090398 28.995258 20.347052 13.481881 8.425253 4.963710 2.757221 1.444840 0.714886 0.334360 0.148018 0.062108 0.024738 0.009367 0.003377 0.001161 0.000381 0.000120 0.000036 0.000010 0.000003 0.000001 0.000000 0.000000 0.000000 0.000000 0.000000 0.000000 0.000000 0.000000 0.000000 0.000000 0.000000 0.000000 0.000000 0.000000 0.000000 0.000000 0.000000 0.000000 0.000000 0.000000 0.000000 0.000000 0.000000 0.000000 0.000000 0.000000 0.000000 
50.000000 39.090398 28.995258 20.347052 13.481881 8.425253 4.963710 2.757221 1.444840 0.714886 0.334360 0.148018 0.062108 0.024738 0.009367 0.003377 0.001161 0.000381 0.000120 0.000036 0.000010 0.000003 0.000001 0.000000 0.000000 0.000000 0.000000 0.000000 0.000000 0.000000 0.000000 0.000000 0.000000 0.000000 0.000000 0.000000 0.000000 0.000000 0.000000 0.000000 0.000000 0.000000 0.000000 0.000000 0.000000 0.000000 0.000000 0.000000 0.000000 0.000000 
50.000000 39.090398 28.995258 20.347052 13.481881 8.425253 4.963711 2.757221 1.444840 0.714886 0.334360 0.148018 0.062108 0.024738 0.009367 0.003377 0.001161 0.000381 0.000120 0.000036 0.000011 0.000003 0.000001 0.000000 0.000000 0.000000 0.000000 0.000000 0.000000 0.000000 0.000000 0.000000 0.000000 0.000000 0.000000 0.000000 0.000000 0.000000 0.000000 0.000000 0.000000 0.000000 0.000000 0.000000 0.000000 0.000000 0.000000 0.000000 0.000000 0.000000 
50.000000 39.090398 28.995258 20.347052 13.481881 8.425254 4.963711 2.757222 1.444841 0.714887 0.334360 0.148019 0.062109 0.024738 0.009367 0.003377 0.001161 0.000382 0.000120 0.000037 0.000011 0.000004 0.000002 0.000001 0.000001 0.000001 0.000001 0.000001 0.000001 0.000001 0.000001 0.000001 0.000001 0.000001 0.000001 0.000001 0.000001 0.000001 0.000001 0.000001 0.000001 0.000001 0.000001 0.000001 0.000001 0.000001 0.000000 0.000000 0.000000 0.000000 
50.000000 39.090398 28.995259 20.347053 13.481883 8.425255 4.963713 2.757224 1.444843 0.714889 0.334363 0.148021 0.062111 0.024740 0.009370 0.003380 0.001164 0.000384 0.000122 0.000039 0.000013 0.000006 0.000004 0.000003 0.000003 0.000003 0.000003 0.000003 0.000003 0.000003 0.000003 0.000003 0.000003 0.000003 0.000003 0.000003 0.000003 0.000003 0.000003 0.000003 0.000003 0.000003 0.000003 0.000003 0.000002 0.000002 0.000002 0.000001 0.000001 0.000000 
50.000000 39.090400 28.995262 20.347058 13.481888 8.425262 4.963720 2.757231 1.444850 0.714896 0.334370 0.148028 0.062119 0.024748 0.009377 0.003387 0.001171 0.000391 0.000130 0.000046 0.000021 0.000013 0.000011 0.000011 0.000010 0.000010 0.000010 0.000010 0.000010 0.000010 0.000010 0.000010 0.000010 0.000010 0.000010 0.000010 0.000010 0.000010 0.000010 0.000010 0.000010 0.000010 0.000010 0.000009 0.000009 0.000008 0.000006 0.000005 0.000002 0.000000 
50.000000 39.090406 28.995273 20.347073 13.481907 8.425283 4.963743 2.757255 1.444875 0.714922 0.334395 0.148054 0.062144 0.024773 0.009403 0.003413 0.001197 0.000417 0.000155 0.000072 0.000046 0.000039 0.000037 0.000036 0.000036 0.000036 0.000036 0.000036 0.000036 0.000036 0.000036 0.000036 0.000036 0.000036 0.000036 0.000036 0.000036 0.000036 0.000036 0.000036 0.000036 0.000035 0.000034 0.000033 0.000031 0.000027 0.000022 0.000016 0.000008 0.000000 
50.000000 39.090424 28.995309 20.347123 13.481968 8.425353 4.963818 2.757334 1.444956 0.715004 0.334478 0.148137 0.062228 0.024857 0.009486 0.003496 0.001280 0.000501 0.000239 0.000155 0.000130 0.000122 0.000120 0.000120 0.000120 0.000120 0.000120 0.000120 0.000120 0.000120 0.000120 0.000120 0.000120 0.000120 0.000120 0.000120 0.000120 0.000119 0.000119 0.000119 0.000118 0.000117 0.000114 0.000110 0.000102 0.000090 0.000074 0.000053 0.000028 0.000000 
50.000000 39.090481 28.995419 20.347279 13.482160 8.425571 4.964054 2.757581 1.445210 0.715262 0.334738 0.148398 0.062489 0.025118 0.009748 0.003758 0.001542 0.000762 0.000501 0.000417 0.000391 0.000384 0.000382 0.000381 0.000381 0.000381 0.000381 0.000381 0.000381 0.000381 0.000381 0.000381 0.000381 0.000381 0.000381 0.000381 0.000381 0.000381 0.000380 0.000379 0.000377 0.000373 0.000365 0.000350 0.000326 0.000289 0.000237 0.000169 0.000088 0.000000 
50.000000 39.090653 28.995748 20.347743 13.482732 8.426221 4.964758 2.758319 1.445968 0.716031 0.335513 0.149175 0.063268 0.025898 0.010527 0.004537 0.002321 0.001542 0.001280 0.001197 0.001171 0.001164 0.001161 0.001161 0.001161 0.001161 0.001161 0.001161 0.001161 0.001161 0.001161 0.001161 0.001161 0.001161 0.001161 0.001161 0.001160 0.001160 0.001159 0.001156 0.001149 0.001136 0.001112 0.001068 0.000995 0.000882 0.000724 0.000517 0.000270 0.000000 
50.000000 39.091139 28.996684 20.349063 13.484356 8.428069 4.966758 2.760416 1.448122 0.718216 0.337715 0.151385 0.065481 0.028113 0.012743 0.006753 0.004537 0.003758 0.003496 0.003413 0.003387 0.003380 0.003377 0.003377 0.003377 0.003377 0.003377 0.003377 0.003377 0.003377 0.003377 0.003377 0.003377 0.003377 0.003377 0.003376 0.003376 0.003374 0.003371 0.003363 0.003344 0.003308 0.003237 0.003110 0.002899 0.002575 0.002114 0.001512 0.000790 0.000000 
50.000000 39.092452 28.999211 20.352628 13.488744 8.433061 4.972163 2.766082 1.453943 0.724123 0.343666 0.157358 0.071464 0.034100 0.018732 0.012743 0.010527 0.009748 0.009486 0.009403 0.009377 0.009370 0.009367 0.009367 0.009367 0.009367 0.009367 0.009367 0.009367 0.009367 0.009367 0.009367 0.009367 0.009367 0.009366 0.009366 0.009364 0.009361 0.009351 0.009329 0.009280 0.009180 0.008987 0.008641 0.008063 0.007168 0.005892 0.004217 0.002206 0.000000 
50.000000 39.095819 29.005692 20.361774 13.500000 8.445868 4.986028 2.780620 1.468879 0.739280 0.358937 0.172685 0.086816 0.049464 0.034100 0.028113 0.025898 0.025118 0.024857 0.024773 0.024748 0.024740 0.024738 0.024738 0.024738 0.024738 0.024738 0.024738 0.024738 0.024738 0.024738 0.024738 0.024737 0.024737 0.024737 0.024736 0.024732 0.024722 0.024698 0.024641 0.024517 0.024260 0.023763 0.022866 0.021358 0.019012 0.015647 0.011213 0.005870 0.000000 
50.000000 39.104001 29.021441 20.383999 13.527357 8.476997 5.019732 2.815961 1.505190 0.776128 0.396065 0.209949 0.124142 0.086816 0.071464 0.065481 0.063268 0.062489 0.062228 0.062144 0.062119 0.062111 0.062109 0.062108 0.062108 0.062108 0.062108 0.062108 0.062108 0.062108 0.062108 0.062108 0.062108 0.062108 0.062107 0.062103 0.062095 0.062071 0.062013 0.061878 0.061578 0.060955 0.059743 0.057539 0.053812 0.047976 0.039550 0.028386 0.014877 0.000000 
50.000000 39.122801 29.057630 20.435069 13.590225 8.548539 5.097199 2.897194 1.588657 0.860833 0.481413 0.295611 0.209949 0.172685 0.157358 0.151385 0.149175 0.148398 0.148137 0.148054 0.148028 0.148021 0.148019 0.148018 0.148018 0.148018 0.148018 0.148018 0.148018 0.148018 0.148018 0.148018 0.148018 0.148017 0.148014 0.148007 0.147987 0.147935 0.147805 0.147499 0.146819 0.145396 0.142606 0.137497 0.128788 0.115041 0.095035 0.068345 0.035871 0.000000 
50.000000 39.163560 29.136089 20.545800 13.726544 8.703677 5.265195 3.073369 1.769685 1.044554 0.666532 0.481413 0.396065 0.358937 0.343666 0.337715 0.335513 0.334738 0.334478 0.334395 0.334370 0.334363 0.334360 0.334360 0.334360 0.334360 0.334360 0.334360 0.334360 0.334360 0.334360 0.334359 0.334359 0.334357 0.334352 0.334337 0.334296 0.334187 0.333914 0.333266 0.331817 0.328765 0.322732 0.311583 0.292401 0.261814 0.216866 0.156359 0.082218 0.000000 
50.000000 39.246754 29.296241 20.771838 14.004835 9.020407 5.608200 3.433093 2.139334 1.419710 1.044554 0.860833 0.776128 0.739280 0.724123 0.718216 0.716031 0.715262 0.715004 0.714922 0.714896 0.714889 0.714887 0.714886 0.714886 0.714886 0.714886 0.714886 0.714886 0.714886 0.714886 0.714886 0.714885 0.714882 0.714872 0.714843 0.714763 0.714550 0.714015 0.712736 0.709855 0.703734 0.691522 0.668713 0.629009 0.564920 0.469562 0.339698 0.179079 0.000000 
50.000000 39.406273 29.603334 21.205289 14.538518 9.627847 6.266072 4.123067 2.848372 2.139334 1.769685 1.588657 1.505190 1.468879 1.453943 1.448122 1.445968 1.445210 1.444956 1.444875 1.444850 1.444843 1.444841 1.444840 1.444840 1.444840 1.444840 1.444840 1.444840 1.444840 1.444840 1.444839 1.444838 1.444832 1.444814 1.444763 1.444619 1.444235 1.443261 1.440920 1.435599 1.424186 1.401157 1.357603 1.280714 1.154689 0.964177 0.700734 0.370724 0.000000 
50.000000 39.692957 30.155250 21.984338 15.497772 10.719737 7.448680 5.363442 4.123067 3.433093 3.073369 2.897194 2.815961 2.780620 2.766082 2.760416 2.758319 2.757581 2.757334 2.757255 2.757231 2.757224 2.757222 2.757221 2.757221 2.757221 2.757221 2.757221 2.757221 2.757221 2.757221 2.757220 2.757217 2.757208 2.757179 2.757095 2.756857 2.756218 2.754587 2.750637 2.741571 2.721909 2.681721 2.604564 2.466004 2.234515 1.877322 1.373160 0.730249 0.000000 
50.000000 40.174782 31.082871 23.293761 17.110166 12.555178 9.436717 7.448680 6.266072 5.608200 5.265195 5.097199 5.019732 4.986028 4.972163 4.966758 4.964758 4.964054 4.963818 4.963743 4.963720 4.963713 4.963711 4.963711 4.963710 4.963710 4.963710 4.963710 4.963710 4.963710 4.963710 4.963709 4.963704 4.963691 4.963648 4.963521 4.963163 4.962194 4.959702 4.953612 4.939488 4.908469 4.844115 4.718358 4.487773 4.093185 3.467809 2.560041 1.372253 0.000000 
50.000000 40.930427 32.537694 25.347457 19.639154 15.434146 12.555178 10.719737 9.627847 9.020407 8.703677 8.548539 8.476997 8.445868 8.433061 8.428069 8.426221 8.425571 8.425353 8.425283 8.425262 8.425255 8.425254 8.425253 8.425253 8.425253 8.425253 8.425253 8.425253 8.425253 8.425252 8.425251 8.425245 8.425227 8.425169 8.424998 8.424510 8.423185 8.419750 8.411276 8.391397 8.347133 8.253733 8.067405 7.717073 7.099236 6.084960 4.554143 2.472543 0.000000 
50.000000 42.033972 34.662363 28.346836 23.332833 19.639154 17.110166 15.497772 14.538518 14.004835 13.726544 13.590225 13.527357 13.500000 13.488744 13.484356 13.482732 13.482160 13.481968 13.481907 13.481888 13.481883 13.481881 13.481881 13.481881 13.481881 13.481881 13.481881 13.481881 13.481881 13.481880 13.481878 13.481871 13.481849 13.481781 13.481576 13.480988 13.479381 13.475185 13.464730 13.439914 13.383829 13.263257 13.016981 12.539918 11.666416 10.164338 7.768873 4.311676 0.000000 
50.000000 43.531870 37.546338 32.418228 28.346836 25.347457 23.293761 21.984338 21.205289 20.771838 20.545800 20.435069 20.383999 20.361774 20.352628 20.349063 20.347743 20.347279 20.347123 20.347073 20.347058 20.347053 20.347052 20.347052 20.347052 20.347052 20.347051 20.347051 20.347051 20.347051 20.347051 20.347049 20.347042 20.347019 20.346949 20.346737 20.346127 20.344449 20.340034 20.328934 20.302276 20.241112 20.107016 19.825952 19.262496 18.182498 16.209114 12.804640 7.399643 0.000000 
50.000000 45.418481 41.178766 37.546338 34.662363 32.537694 31.082871 30.155250 29.603334 29.296241 29.136089 29.057630 29.021441 29.005692 28.999211 28.996684 28.995748 28.995419 28.995309 28.995273 28.995262 28.995259 28.995258 28.995258 28.995258 28.995258 28.995258 28.995258 28.995258 28.995258 28.995257 28.995256 28.995250 28.995231 28.995172 28.994994 28.994479 28.993055 28.989285 28.979731 28.956543 28.902600 28.782090 28.522830 27.983551 26.893490 24.741698 20.589383 12.870969 0.000000 
50.000000 47.620483 45.418481 43.531870 42.033972 40.930427 40.174782 39.692957 39.406273 39.246754 39.163560 39.122801 39.104001 39.095819 39.092452 39.091139 39.090653 39.090481 39.090424 39.090406 39.090400 39.090398 39.090398 39.090398 39.090398 39.090398 39.090398 39.090398 39.090398 39.090398 39.090397 39.090396 39.090393 39.090382 39.090348 39.090246 39.089949 39.089124 39.086931 39.081342 39.067675 39.035549 38.962708 38.802529 38.457884 37.722295 36.132227 32.547512 23.810242 0.000000 
50.000000 50.000000 50.000000 50.000000 50.000000 50.000000 50.000000 50.000000 50.000000 50.000000 50.000000 50.000000 50.000000 50.000000 50.000000 50.000000 50.000000 50.000000 50.000000 50.000000 50.000000 50.000000 50.000000 50.000000 50.000000 50.000000 50.000000 50.000000 50.000000 50.000000 50.000000 50.000000 50.000000 50.000000 50.000000 50.000000 50.000000 50.000000 50.000000 50.000000 50.000000 50.000000 50.000000 50.000000 50.000000 50.000000 50.000000 50.000000 50.000000 50.000000 
