50.000000 50.000000 50.000000 50.000000 50.000000 50.000000 50.000000 50.000000 50.000000 50.000000 50.000000 50.000000 50.000000 50.000000 50.000000 50.000000 50.000000 50.000000 50.000000 50.000000 50.000000 50.000000 50.000000 50.000000 50.000000 50.000000 50.000000 50.000000 50.000000 50.000000 50.000000 50.000000 50.000000 50.000000 50.000000 50.000000 50.000000 50.000000 50.000000 50.000000 50.000000 50.000000 50.000000 50.000000 50.000000 50.000000 50.000000 50.000000 50.000000 50.000000 
50.000000 47.554715 45.296878 43.370934 41.851721 40.741937 39.989841 39.516024 39.237916 39.085476 39.007260 38.969602 38.952551 38.945272 38.942336 38.941215 38.940809 38.940669 38.940623 38.940609 38.940605 38.940604 38.940603 38.940603 38.940603 38.940603 38.940603 38.940603 38.940603 38.940603 38.940603 38.940602 38.940600 38.940591 38.940563 38.940477 38.940223 38.939504 38.937556 38.932503 38.919938 38.889943 38.820958 38.667300 38.332942 37.612449 36.042953 32.484228 23.777357 0.000000 
50.000000 45.296878 40.954305 37.250110 34.328227 32.193836 30.747400 29.836177 29.301348 29.008202 28.857794 28.785384 28.752596 28.738601 28.732957 28.730802 28.730021 28.729752 28.729664 28.729637 28.729628 28.729626 28.729625 28.729625 28.729625 28.729625 28.729625 28.729625 28.729625 28.729625 28.729625 28.729623 28.729619 28.729604 28.729556 28.729407 28.728968 28.727732 28.724396 28.715791 28.694558 28.644391 28.530717 28.283020 27.761979 26.698687 24.583376 20.477153 12.812650 0.000000 
50.000000 43.370934 37.250110 32.029151 27.910930 24.902717 22.864180 21.579999 20.826302 20.413212 20.201276 20.099249 20.053054 20.033338 20.025387 20.022351 20.021252 20.020873 20.020749 20.020710 20.020699 20.020695 20.020694 20.020694 20.020694 20.020694 20.020694 20.020694 20.020694 20.020694 20.020694 20.020692 20.020687 20.020669 20.020611 20.020436 20.019920 20.018471 20.014589 20.004655 19.980396 19.923868 19.798167 19.531304 18.990252 17.943138 16.014575 12.666734 7.327981 0.000000 
50.000000 41.851721 34.328227 27.910930 22.849188 19.151894 16.646500 15.068300 14.142091 13.634481 13.374069 13.248714 13.191961 13.167740 13.157973 13.154245 13.152895 13.152430 13.152278 13.152230 13.152216 13.152212 13.152210 13.152210 13.152210 13.152210 13.152210 13.152210 13.152210 13.152210 13.152210 13.152208 13.152203 13.152186 13.152130 13.151962 13.151469 13.150093 13.146434 13.137155 13.114760 13.063355 12.951256 12.719320 12.264881 11.424594 9.967792 7.629541 4.239272 0.000000 
50.000000 40.741937 32.193836 24.902717 19.151894 14.951419 12.105181 10.312366 9.260266 8.683698 8.387929 8.245566 8.181117 8.153614 8.142525 8.138292 8.136759 8.136232 8.136059 8.136005 8.135989 8.135984 8.135983 8.135982 8.135982 8.135982 8.135982 8.135982 8.135982 8.135982 8.135982 8.135980 8.135976 8.135962 8.135916 8.135777 8.135372 8.134249 8.131285 8.123840 8.106083 8.065920 7.979950 7.806196 7.475709 6.887012 5.912465 4.431857 2.408995 0.000000 
50.000000 39.989841 30.747400 22.864180 16.646500 12.105181 9.028112 7.089992 5.952682 5.329454 5.009770 4.855906 4.786257 4.756536 4.744554 4.739981 4.738325 4.737755 4.737568 4.737509 4.737492 4.737487 4.737486 4.737485 4.737485 4.737485 4.737485 4.737485 4.737485 4.737485 4.737485 4.737484 4.737481 4.737470 4.737436 4.737335 4.737040 4.736229 4.734105 4.728818 4.716350 4.688535 4.629986 4.514056 4.298985 3.927181 3.332875 2.464380 1.322541 0.000000 
50.000000 39.516024 29.836177 21.579999 15.068300 10.312366 7.089992 5.060432 3.869517 3.216947 2.882231 2.721141 2.648225 2.617112 2.604570 2.599783 2.598050 2.597453 2.597258 2.597197 2.597178 2.597173 2.597172 2.597171 2.597171 2.597171 2.597171 2.597171 2.597171 2.597171 2.597171 2.597170 2.597168 2.597161 2.597139 2.597072 2.596879 2.596352 2.594981 2.591598 2.583701 2.566302 2.530216 2.460006 2.332417 2.117044 1.781832 1.305461 0.695067 0.000000 
50.000000 39.237916 29.301348 20.826302 14.142091 9.260266 5.952682 3.869517 2.647190 1.977433 1.633916 1.468597 1.393771 1.361844 1.348975 1.344063 1.342285 1.341673 1.341472 1.341410 1.341391 1.341386 1.341384 1.341384 1.341384 1.341384 1.341384 1.341384 1.341384 1.341383 1.341383 1.341383 1.341382 1.341377 1.341364 1.341324 1.341209 1.340897 1.340090 1.338115 1.333548 1.323595 1.303215 1.264147 1.194346 1.078736 0.902434 0.656957 0.347973 0.000000 
50.000000 39.085476 29.008202 20.413212 13.634481 8.683698 5.329454 3.216947 1.977433 1.298278 0.949949 0.782321 0.706451 0.674080 0.661032 0.656053 0.654250 0.653630 0.653426 0.653363 0.653344 0.653338 0.653337 0.653336 0.653336 0.653336 0.653336 0.653336 0.653336 0.653336 0.653336 0.653336 0.653335 0.653333 0.653326 0.653303 0.653241 0.653071 0.652634 0.651573 0.649139 0.643885 0.633246 0.613104 0.577615 0.519721 0.432816 0.313644 0.165538 0.000000 
50.000000 39.007260 28.857794 20.201276 13.374069 8.387929 5.009770 2.882231 1.633916 0.949949 0.599159 0.430350 0.353947 0.321350 0.308211 0.303197 0.301381 0.300757 0.300552 0.300488 0.300469 0.300463 0.300462 0.300462 0.300461 0.300461 0.300461 0.300461 0.300461 0.300461 0.300461 0.300461 0.300461 0.300460 0.300456 0.300445 0.300413 0.300327 0.300108 0.299580 0.298377 0.295801 0.290633 0.280952 0.264089 0.236913 0.196621 0.142003 0.074757 0.000000 
50.000000 38.969602 28.785384 20.099249 13.248714 8.245566 4.855906 2.721141 1.468597 0.782321 0.430350 0.260974 0.184316 0.151610 0.138427 0.133396 0.131575 0.130948 0.130743 0.130679 0.130660 0.130654 0.130653 0.130652 0.130652 0.130652 0.130652 0.130652 0.130652 0.130652 0.130652 0.130652 0.130652 0.130651 0.130650 0.130644 0.130629 0.130589 0.130487 0.130242 0.129687 0.128507 0.126160 0.121802 0.114281 0.102280 0.084660 0.060988 0.032047 0.000000 
50.000000 38.952551 28.752596 20.053054 13.191961 8.181117 4.786257 2.648225 1.393771 0.706451 0.353947 0.184316 0.107542 0.074788 0.061585 0.056547 0.054723 0.054096 0.053890 0.053826 0.053806 0.053801 0.053799 0.053799 0.053799 0.053799 0.053799 0.053799 0.053799 0.053799 0.053799 0.053799 0.053799 0.053799 0.053798 0.053795 0.053789 0.053771 0.053727 0.053620 0.053380 0.052874 0.051873 0.050027 0.046868 0.041868 0.034583 0.024864 0.013047 0.000000 
50.000000 38.945272 28.738601 20.033338 13.167740 8.153614 4.756536 2.617112 1.361844 0.674080 0.321350 0.151610 0.074788 0.042012 0.028802 0.023760 0.021935 0.021307 0.021101 0.021037 0.021018 0.021012 0.021011 0.021011 0.021010 0.021010 0.021010 0.021010 0.021010 0.021010 0.021010 0.021010 0.021010 0.021010 0.021010 0.021009 0.021006 0.020999 0.020981 0.020937 0.020840 0.020635 0.020233 0.019496 0.018242 0.016271 0.013418 0.009632 0.005049 0.000000 
50.000000 38.942336 28.732957 20.025387 13.157973 8.142525 4.744554 2.604570 1.348975 0.661032 0.308211 0.138427 0.061585 0.028802 0.015588 0.010545 0.008720 0.008091 0.007886 0.007821 0.007802 0.007796 0.007795 0.007795 0.007794 0.007794 0.007794 0.007794 0.007794 0.007794 0.007794 0.007794 0.007794 0.007794 0.007794 0.007794 0.007793 0.007790 0.007783 0.007766 0.007729 0.007651 0.007498 0.007219 0.006748 0.006012 0.004951 0.003550 0.001859 0.000000 
50.000000 38.941215 28.730802 20.022351 13.154245 8.138292 4.739981 2.599783 1.344063 0.656053 0.303197 0.133396 0.056547 0.023760 0.010545 0.005502 0.003676 0.003048 0.002842 0.002778 0.002759 0.002753 0.002752 0.002751 0.002751 0.002751 0.002751 0.002751 0.002751 0.002751 0.002751 0.002751 0.002751 0.002751 0.002751 0.002751 0.002751 0.002749 0.002747 0.002741 0.002727 0.002699 0.002644 0.002544 0.002376 0.002115 0.001740 0.001246 0.000652 0.000000 
50.000000 38.940809 28.730021 20.021252 13.152895 8.136759 4.738325 2.598050 1.342285 0.654250 0.301381 0.131575 0.054723 0.021935 0.008720 0.003676 0.001851 0.001222 0.001016 0.000952 0.000933 0.000927 0.000926 0.000925 0.000925 0.000925 0.000925 0.000925 0.000925 0.000925 0.000925 0.000925 0.000925 0.000925 0.000925 0.000925 0.000925 0.000925 0.000924 0.000922 0.000917 0.000907 0.000889 0.000855 0.000798 0.000709 0.000583 0.000417 0.000218 0.000000 
50.000000 38.940669 28.729752 20.020873 13.152430 8.136232 4.737755 2.597453 1.341673 0.653630 0.300757 0.130948 0.054096 0.021307 0.008091 0.003048 0.001222 0.000594 0.000388 0.000324 0.000305 0.000299 0.000298 0.000297 0.000297 0.000297 0.000297 0.000297 0.000297 0.000297 0.000297 0.000297 0.000297 0.000297 0.000297 0.000297 0.000297 0.000297 0.000297 0.000296 0.000294 0.000291 0.000285 0.000274 0.000256 0.000227 0.000187 0.000133 0.000070 0.000000 
50.000000 38.940623 28.729664 20.020749 13.152278 8.136059 4.737568 2.597258 1.341472 0.653426 0.300552 0.130743 0.053890 0.021101 0.007886 0.002842 0.001016 0.000388 0.000182 0.000118 0.000099 0.000093 0.000092 0.000091 0.000091 0.000091 0.000091 0.000091 0.000091 0.000091 0.000091 0.000091 0.000091 0.000091 0.000091 0.000091 0.000091 0.000091 0.000091 0.000091 0.000090 0.000089 0.000087 0.000084 0.000078 0.000070 0.000057 0.000041 0.000021 0.000000 
50.000000 38.940609 28.729637 20.020710 13.152230 8.136005 4.737509 2.597197 1.341410 0.653363 0.300488 0.130679 0.053826 0.021037 0.007821 0.002778 0.000952 0.000324 0.000118 0.000053 0.000034 0.000029 0.000027 0.000027 0.000027 0.000027 0.000027 0.000027 0.000027 0.000027 0.000027 0.000027 0.000027 0.000027 0.000027 0.000027 0.000027 0.000027 0.000027 0.000027 0.000026 0.000026 0.000026 0.000025 0.000023 0.000020 0.000017 0.000012 0.000006 0.000000 
50.000000 38.940605 28.729628 20.020699 13.152216 8.135989 4.737492 2.597178 1.341391 0.653344 0.300469 0.130660 0.053806 0.021018 0.007802 0.002759 0.000933 0.000305 0.000099 0.000034 0.000015 0.000010 0.000008 0.000008 0.000008 0.000008 0.000008 0.000008 0.000008 0.000008 0.000008 0.000008 0.000008 0.000008 0.000008 0.000008 0.000008 0.000008 0.000008 0.000007 0.000007 0.000007 0.000007 0.000007 0.000006 0.000006 0.000005 0.000003 0.000002 0.000000 
50.000000 38.940604 28.729626 20.020695 13.152212 8.135984 4.737487 2.597173 1.341386 0.653338 0.300463 0.130654 0.053801 0.021012 0.007796 0.002753 0.000927 0.000299 0.000093 0.000029 0.000010 0.000004 0.000003 0.000002 0.000002 0.000002 0.000002 0.000002 0.000002 0.000002 0.000002 0.000002 0.000002 0.000002 0.000002 0.000002 0.000002 0.000002 0.000002 0.000002 0.000002 0.000002 0.000002 0.000002 0.000002 0.000002 0.000001 0.000001 0.000000 0.000000 
50.000000 38.940603 28.729625 20.020694 13.152210 8.135983 4.737486 2.597172 1.341384 0.653337 0.300462 0.130653 0.053799 0.021011 0.007795 0.002752 0.000926 0.000298 0.000092 0.000027 0.000008 0.000003 0.000001 0.000001 0.000001 0.000001 0.000001 0.000001 0.000001 0.000001 0.000001 0.000001 0.000001 0.000001 0.000001 0.000001 0.000001 0.000001 0.000001 0.000001 0.000001 0.000001 0.000001 0.000000 0.000000 0.000000 0.000000 0.000000 0.000000 0.000000 
50.000000 38.940603 28.729625 20.020694 13.152210 8.135982 4.737485 2.597171 1.341384 0.653336 0.300462 0.130652 0.053799 0.021011 0.007795 0.002751 0.000925 0.000297 0.000091 0.000027 0.000008 0.000002 0.000001 0.000000 0.000000 0.000000 0.000000 0.000000 0.000000 0.000000 0.000000 0.000000 0.000000 0.000000 0.000000 0.000000 0.000000 0.000000 0.000000 0.000000 0.000000 0.000000 0.000000 0.000000 0.000000 0.000000 0.000000 0.000000 0.000000 0.000000 
50.000000 38.940603 28.729625 20.020694 13.152210 8.135982 4.737485 2.597171 1.341384 0.653336 0.300461 0.130652 0.053799 0.021010 0.007794 0.002751 0.000925 0.000297 0.000091 0.000027 0.000008 0.000002 0.000001 0.000000 0.000000 0.000000 0.000000 0.000000 0.000000 0.000000 0.000000 0.000000 0.000000 0.000000 0.000000 0.000000 0.000000 0.000000 0.000000 0.000000 0.000000 0.000000 0.000000 0.000000 0.000000 0.000000 0.000000 0.000000 0.000000 0.000000 
50.000000 38.940603 28.729625 20.020694 13.152210 8.135982 4.737485 2.597171 1.341384 0.653336 0.300461 0.130652 0.053799 0.021010 0.007794 0.002751 0.000925 0.000297 0.000091 0.000027 0.000008 0.000002 0.000001 0.000000 0.000000 0.000000 0.000000 0.000000 0.000000 0.000000 0.000000 0.000000 0.000000 0.000000 0.000000 0.000000 0.000000 0.000000 0.000000 0.000000 0.000000 0.000000 0.000000 0.000000 0.000000 0.000000 0.000000 0.000000 0.000000 0.000000 
50.000000 38.940603 28.729625 20.020694 13.152210 8.135982 4.737485 2.597171 1.341384 0.653336 0.300462 0.130652 0.053799 0.021011 0.007795 0.002751 0.000925 0.000297 0.000091 0.000027 0.000008 0.000002 0.000001 0.000000 0.000000 0.000000 0.000000 0.000000 0.000000 0.000000 0.000000 0.000000 0.000000 0.000000 0.000000 0.000000 0.000000 0.000000 0.000000 0.000000 0.000000 0.000000 0.000000 0.000000 0.000000 0.000000 0.000000 0.000000 0.000000 0.000000 
50.000000 38.940603 28.729625 20.020694 13.152210 8.135983 4.737486 2.597172 1.341384 0.653337 0.300462 0.130653 0.053799 0.021011 0.007795 0.002752 0.000926 0.000298 0.000092 0.000027 0.000008 0.000003 0.000001 0.000001 0.000001 0.000001 0.000001 0.000001 0.000001 0.000001 0.000001 0.000001 0.000001 0.000001 0.000001 0.000001 0.000001 0.000001 0.000001 0.000001 0.000001 0.000001 0.000001 0.000000 0.000000 0.000000 0.000000 0.000000 0.000000 0.000000 
50.000000 38.940604 28.729626 20.020695 13.152212 8.135984 4.737487 2.597173 1.341386 0.653338 0.300463 0.130654 0.053801 0.021012 0.007796 0.002753 0.000927 0.000299 0.000093 0.000029 0.000010 0.000004 0.000003 0.000002 0.000002 0.000002 0.000002 0.000002 0.000002 0.000002 0.000002 0.000002 0.000002 0.000002 0.000002 0.000002 0.000002 0.000002 0.000002 0.000002 0.000002 0.000002 0.000002 0.000002 0.000002 0.000002 0.000001 0.000001 0.000000 0.000000 
50.000000 38.940605 28.729628 20.020699 13.152216 8.135989 4.737492 2.597178 1.341391 0.653344 0.300469 0.130660 0.053806 0.021018 0.007802 0.002759 0.000933 0.000305 0.000099 0.000034 0.000015 0.000010 0.000008 0.000008 0.000008 0.000008 0.000008 0.000008 0.000008 0.000008 0.000008 0.000008 0.000008 0.000008 0.000008 0.000008 0.000008 0.000008 0.000008 0.000007 0.000007 0.000007 0.000007 0.000007 0.000006 0.000006 0.000005 0.000003 0.000002 0.000000 
50.000000 38.940609 28.729637 20.020710 13.152230 8.136005 4.737509 2.597197 1.341410 0.653363 0.300488 0.130679 0.053826 0.021037 0.007821 0.002778 0.000952 0.000324 0.000118 0.000053 0.000034 0.000029 0.000027 0.000027 0.000027 0.000027 0.000027 0.000027 0.000027 0.000027 0.000027 0.000027 0.000027 0.000027 0.000027 0.000027 0.000027 0.000027 0.000027 0.000027 0.000026 0.000026 0.000026 0.000025 0.000023 0.000020 0.000017 0.000012 0.000006 0.000000 
50.000000 38.940623 28.729664 20.020749 13.152278 8.136059 4.737568 2.597258 1.341472 0.653426 0.300552 0.130743 0.053890 0.021101 0.007886 0.002842 0.001016 0.000388 0.000182 0.000118 0.000099 0.000093 0.000092 0.000091 0.000091 0.000091 0.000091 0.000091 0.000091 0.000091 0.000091 0.000091 0.000091 0.000091 0.000091 0.000091 0.000091 0.000091 0.000091 0.000091 0.000090 0.000089 0.000087 0.000084 0.000078 0.000070 0.000057 0.000041 0.000021 0.000000 
50.000000 38.940669 28.729752 20.020873 13.152430 8.136232 4.737755 2.597453 1.341673 0.653630 0.300757 0.130948 0.054096 0.021307 0.008091 0.003048 0.001222 0.000594 0.000388 0.000324 0.000305 0.000299 0.000298 0.000297 0.000297 0.000297 0.000297 0.000297 0.000297 0.000297 0.000297 0.000297 0.000297 0.000297 0.000297 0.000297 0.000297 0.000297 0.000297 0.000296 0.000294 0.000291 0.000285 0.000274 0.000256 0.000227 0.000187 0.000133 0.000070 0.000000 
50.000000 38.940809 28.730021 20.021252 13.152895 8.136759 4.738325 2.598050 1.342285 0.654250 0.301381 0.131575 0.054723 0.021935 0.008720 0.003676 0.001851 0.001222 0.001016 0.000952 0.000933 0.000927 0.000926 0.000925 0.000925 0.000925 0.000925 0.000925 0.000925 0.000925 0.000925 0.000925 0.000925 0.000925 0.000925 0.000925 0.000925 0.000925 0.000924 0.000922 0.000917 0.000907 0.000889 0.000855 0.000798 0.000709 0.000583 0.000417 0.000218 0.000000 
50.000000 38.941215 28.730802 20.022351 13.154245 8.138292 4.739981 2.599783 1.344063 0.656053 0.303197 0.133396 0.056547 0.023760 0.010545 0.005502 0.003676 0.003048 0.002842 0.002778 0.002759 0.002753 0.002752 0.002751 0.002751 0.002751 0.002751 0.002751 0.002751 0.002751 0.002751 0.002751 0.002751 0.002751 0.002751 0.002751 0.002751 0.002749 0.002747 0.002741 0.002727 0.002699 0.002644 0.002544 0.002376 0.002115 0.001740 0.001246 0.000652 0.000000 
50.000000 38.942336 28.732957 20.025387 13.157973 8.142525 4.744554 2.604570 1.348975 0.661032 0.308211 0.138427 0.061585 0.028802 0.015588 0.010545 0.008720 0.008091 0.007886 0.007821 0.007802 0.007796 0.007795 0.007795 0.007794 0.007794 0.007794 0.007794 0.007794 0.007794 0.007794 0.007794 0.007794 0.007794 0.007794 0.007794 0.007793 0.007790 0.007783 0.007766 0.007729 0.007651 0.007498 0.007219 0.006748 0.006012 0.004951 0.003550 0.001859 0.000000 
50.000000 38.945272 28.738601 20.033338 13.167740 8.153614 4.756536 2.617112 1.361844 0.674080 0.321350 0.151610 0.074788 0.042012 0.028802 0.023760 0.021935 0.021307 0.021101 0.021037 0.021018 0.021012 0.021011 0.021011 0.021010 0.021010 0.021010 0.021010 0.021010 0.021010 0.021010 0.021010 0.021010 0.021010 0.021010 0.021009 0.021006 0.020999 0.020981 0.020937 0.020840 0.020635 0.020233 0.019496 0.018242 0.016271 0.013418 0.009632 0.005049 0.000000 
50.000000 38.952551 28.752596 20.053054 13.191961 8.181117 4.786257 2.648225 1.393771 0.706451 0.353947 0.184316 0.107542 0.074788 0.061585 0.056547 0.054723 0.054096 0.053890 0.053826 0.053806 0.053801 0.053799 0.053799 0.053799 0.053799 0.053799 0.053799 0.053799 0.053799 0.053799 0.053799 0.053799 0.053799 0.053798 0.053795 0.053789 0.053771 0.053727 0.053620 0.053380 0.052874 0.051873 0.050027 0.046868 0.041868 0.034583 0.024864 0.013047 0.000000 
50.000000 38.969602 28.785384 20.099249 13.248714 8.245566 4.855906 2.721141 1.468597 0.782321 0.430350 0.260974 0.184316 0.151610 0.138427 0.133396 0.131575 0.130948 0.130743 0.130679 0.130660 0.130654 0.130653 0.130652 0.130652 0.130652 0.130652 0.130652 0.130652 0.130652 0.130652 0.130652 0.130652 0.130651 0.130650 0.130644 0.130629 0.130589 0.130487 0.130242 0.129687 0.128507 0.126160 0.121802 0.114281 0.102280 0.084660 0.060988 0.032047 0.000000 
50.000000 39.007260 28.857794 20.201276 13.374069 8.387929 5.009770 2.882231 1.633916 0.949949 0.599159 0.430350 0.353947 0.321350 0.308211 0.303197 0.301381 0.300757 0.300552 0.300488 0.300469 0.300463 0.300462 0.300462 0.300461 0.300461 0.300461 0.300461 0.300461 0.300461 0.300461 0.300461 0.300461 0.300460 0.300456 0.300445 0.300413 0.300327 0.300108 0.299580 0.298377 0.295801 0.290633 0.280952 0.264089 0.236913 0.196621 0.142003 0.074757 0.000000 
50.000000 39.085476 29.008202 20.413212 13.634481 8.683698 5.329454 3.216947 1.977433 1.298278 0.949949 0.782321 0.706451 0.674080 0.661032 0.656053 0.654250 0.653630 0.653426 0.653363 0.653344 0.653338 0.653337 0.653336 0.653336 0.653336 0.653336 0.653336 0.653336 0.653336 0.653336 0.653336 0.653335 0.653333 0.653326 0.653303 0.653241 0.653071 0.652634 0.651573 0.649139 0.643885 0.633246 0.613104 0.577615 0.519721 0.432816 0.313644 0.165538 0.000000 
50.000000 39.237916 29.301348 20.826302 14.142091 9.260266 5.952682 3.869517 2.647190 1.977433 1.633916 1.468597 1.393771 1.361844 1.348975 1.344063 1.342285 1.341673 1.341472 1.341410 1.341391 1.341386 1.341384 1.341384 1.341384 1.341384 1.341384 1.341384 1.341384 1.341383 1.341383 1.341383 1.341382 1.341377 1.341364 1.341324 1.341209 1.340897 1.340090 1.338115 1.333548 1.323595 1.303215 1.264147 1.194346 1.078736 0.902434 0.656957 0.347973 0.000000 
50.000000 39.516024 29.836177 21.579999 15.068300 10.312366 7.089992 5.060432 3.869517 3.216947 2.882231 2.721141 2.648225 2.617112 2.604570 2.599783 2.598050 2.597453 2.597258 2.597197 2.597178 2.597173 2.597172 2.597171 2.597171 2.597171 2.597171 2.597171 2.597171 2.597171 2.597171 2.597170 2.597168 2.597161 2.597139 2.597072 2.596879 2.596352 2.594981 2.591598 2.583701 2.566302 2.530216 2.460006 2.332417 2.117044 1.781832 1.305461 0.695067 0.000000 
50.000000 39.989841 30.747400 22.864180 16.646500 12.105181 9.028112 7.089992 5.952682 5.329454 5.009770 4.855906 4.786257 4.756536 4.744554 4.739981 4.738325 4.737755 4.737568 4.737509 4.737492 4.737487 4.737486 4.737485 4.737485 4.737485 4.737485 4.737485 4.737485 4.737485 4.737485 4.737484 4.737481 4.737470 4.737436 4.737335 4.737040 4.736229 4.734105 4.728818 4.716350 4.688535 4.629986 4.514056 4.298985 3.927181 3.332875 2.464380 1.322541 0.000000 
50.000000 40.741937 32.193836 24.902717 19.151894 14.951419 12.105181 10.312366 9.260266 8.683698 8.387929 8.245566 8.181117 8.153614 8.142525 8.138292 8.136759 8.136232 8.136059 8.136005 8.135989 8.135984 8.135983 8.135982 8.135982 8.135982 8.135982 8.135982 8.135982 8.135982 8.135982 8.135980 8.135976 8.135962 8.135916 8.135777 8.135372 8.134249 8.131285 8.123840 8.106083 8.065920 7.979950 7.806196 7.475709 6.887012 5.912465 4.431857 2.408995 0.000000 
50.000000 41.851721 34.328227 27.910930 22.849188 19.151894 16.646500 15.068300 14.142091 13.634481 13.374069 13.248714 13.191961 13.167740 13.157973 13.154245 13.152895 13.152430 13.152278 13.152230 13.152216 13.152212 13.152210 13.152210 13.152210 13.152210 13.152210 13.152210 13.152210 13.152210 13.152210 13.152208 13.152203 13.152186 13.152130 13.151962 13.151469 13.150093 13.146434 13.137155 13.114760 13.063355 12.951256 12.719320 12.264881 11.424594 9.967792 7.629541 4.239272 0.000000 
50.000000 43.370934 37.250110 32.029151 27.910930 24.902717 22.864180 21.579999 20.826302 20.413212 20.201276 20.099249 20.053054 20.033338 20.025387 20.022351 20.021252 20.020873 20.020749 20.020710 20.020699 20.020695 20.020694 20.020694 20.020694 20.020694 20.020694 20.020694 20.020694 20.020694 20.020694 20.020692 20.020687 20.020669 20.020611 20.020436 20.019920 20.018471 20.014589 20.004655 19.980396 19.923868 19.798167 19.531304 18.990252 17.943138 16.014575 12.666734 7.327981 0.000000 
50.000000 45.296878 40.954305 37.250110 34.328227 32.193836 30.747400 29.836177 29.301348 29.008202 28.857794 28.785384 28.752596 28.738601 28.732957 28.730802 28.730021 28.729752 28.729664 28.729637 28.729628 28.729626 28.729625 28.729625 28.729625 28.729625 28.729625 28.729625 28.729625 28.729625 28.729625 28.729623 28.729619 28.729604 28.729556 28.729407 28.728968 28.727732 28.724396 28.715791 28.694558 28.644391 28.530717 28.283020 27.761979 26.698687 24.583376 20.477153 12.812650 0.000000 
50.000000 47.554715 45.296878 43.370934 41.851721 40.741937 39.989841 39.516024 39.237916 39.085476 39.007260 38.969602 38.952551 38.945272 38.942336 38.941215 38.940809 38.940669 38.940623 38.940609 38.940605 38.940604 38.940603 38.940603 38.940603 38.940603 38.940603 38.940603 38.940603 38.940603 38.940603 38.940602 38.940600 38.940591 38.940563 38.940477 38.940223 38.939504 38.937556 38.932503 38.919938 38.889943 38.820958 38.667300 38.332942 37.612449 36.042953 32.484228 23.777357 0.000000 
50.000000 50.000000 50.000000 50.000000 50.000000 50.000000 50.000000 50.000000 50.000000 50.000000 50.000000 50.000000 50.000000 50.000000 50.000000 50.000000 50.000000 50.000000 50.000000 50.000000 50.000000 50.000000 50.000000 50.000000 50.000000 50.000000 50.000000 50.000000 50.000000 50.000000 50.000000 50.000000 50.000000 50.000000 50.000000 50.000000 50.000000 50.000000 50.000000 50.000000 50.000000 50.000000 50.000000 50.000000 50.000000 50.000000 50.000000 50.000000 50.000000 50.000000 
