50.000000 50.000000 50.000000 50.000000 50.000000 50.000000 50.000000 50.000000 50.000000 50.000000 50.000000 50.000000 50.000000 50.000000 50.000000 50.000000 50.000000 50.000000 50.000000 50.000000 50.000000 50.000000 50.000000 50.000000 50.000000 50.000000 50.000000 50.000000 50.000000 50.000000 50.000000 50.000000 50.000000 50.000000 50.000000 50.000000 50.000000 50.000000 50.000000 50.000000 50.000000 50.000000 50.000000 50.000000 50.000000 50.000000 50.000000 50.000000 50.000000 50.000000 
50.000000 40.022231 33.095930 29.585901 28.217627 27.789712 27.678832 27.654432 27.649783 27.649004 27.648888 27.648873 27.648871 27.648871 27.648871 27.648871 27.648871 27.648871 27.648871 27.648871 27.648871 27.648871 27.648871 27.648871 27.648871 27.648871 27.648871 27.648871 27.648871 27.648871 27.648871 27.648871 27.648871 27.648871 27.648871 27.648871 27.648871 27.648871 27.648871 27.648870 27.648862 27.648803 27.648385 27.645710 27.630296 27.550841 27.185115 25.676257 20.011116 0.000000 
50.000000 33.095930 21.366126 15.425616 13.111716 12.388703 12.201536 12.160389 12.152558 12.151248 12.151053 12.151027 12.151023 12.151023 12.151023 12.151023 12.151023 12.151023 12.151023 12.151023 12.151023 12.151023 12.151023 12.151023 12.151023 12.151023 12.151023 12.151023 12.151023 12.151023 12.151023 12.151023 12.151023 12.151023 12.151023 12.151023 12.151023 12.151023 12.151023 12.151022 12.151015 12.150957 12.150555 12.148030 12.133913 12.064415 11.767174 10.683063 7.419673 0.000000 
50.000000 29.585901 15.425616 8.258453 5.468799 4.597841 4.372572 4.323095 4.313687 4.312115 4.311881 4.311849 4.311846 4.311845 4.311845 4.311845 4.311845 4.311845 4.311845 4.311845 4.311845 4.311845 4.311845 4.311845 4.311845 4.311845 4.311845 4.311845 4.311845 4.311845 4.311845 4.311845 4.311845 4.311845 4.311845 4.311845 4.311845 4.311845 4.311845 4.311845 4.311840 4.311810 4.311596 4.310274 4.303056 4.268728 4.129227 3.658441 2.400786 0.000000 
50.000000 28.217627 13.111716 5.468799 2.495337 1.567469 1.327611 1.274959 1.264954 1.263282 1.263034 1.263001 1.262997 1.262996 1.262996 1.262996 1.262996 1.262996 1.262996 1.262996 1.262996 1.262996 1.262996 1.262996 1.262996 1.262996 1.262996 1.262996 1.262996 1.262996 1.262996 1.262996 1.262996 1.262996 1.262996 1.262996 1.262996 1.262996 1.262996 1.262996 1.262995 1.262983 1.262903 1.262416 1.259801 1.247669 1.200071 1.047300 0.666786 0.000000 
50.000000 27.789712 12.388703 4.597841 1.567469 0.622065 0.377735 0.324115 0.313929 0.312227 0.311975 0.311941 0.311937 0.311936 0.311936 0.311936 0.311936 0.311936 0.311936 0.311936 0.311936 0.311936 0.311936 0.311936 0.311936 0.311936 0.311936 0.311936 0.311936 0.311936 0.311936 0.311936 0.311936 0.311936 0.311936 0.311936 0.311936 0.311936 0.311936 0.311936 0.311936 0.311932 0.311909 0.311770 0.311032 0.307667 0.294785 0.254790 0.159416 0.000000 
50.000000 27.678832 12.201536 4.372572 1.327611 0.377735 0.132271 0.078408 0.068175 0.066467 0.066213 0.066179 0.066175 0.066174 0.066174 0.066174 0.066174 0.066174 0.066174 0.066174 0.066174 0.066174 0.066174 0.066174 0.066174 0.066174 0.066174 0.066174 0.066174 0.066174 0.066174 0.066174 0.066174 0.066174 0.066174 0.066174 0.066174 0.066174 0.066174 0.066174 0.066174 0.066173 0.066168 0.066136 0.065965 0.065195 0.062298 0.053506 0.033122 0.000000 
50.000000 27.654432 12.160389 4.323095 1.274959 0.324115 0.078408 0.024492 0.014250 0.012540 0.012286 0.012252 0.012248 0.012247 0.012247 0.012247 0.012247 0.012247 0.012247 0.012247 0.012247 0.012247 0.012247 0.012247 0.012247 0.012247 0.012247 0.012247 0.012247 0.012247 0.012247 0.012247 0.012247 0.012247 0.012247 0.012247 0.012247 0.012247 0.012247 0.012247 0.012247 0.012247 0.012246 0.012240 0.012206 0.012056 0.011499 0.009834 0.006046 0.000000 
50.000000 27.649783 12.152558 4.313687 1.264954 0.313929 0.068175 0.014250 0.004007 0.002296 0.002042 0.002008 0.002004 0.002003 0.002003 0.002003 0.002003 0.002003 0.002003 0.002003 0.002003 0.002003 0.002003 0.002003 0.002003 0.002003 0.002003 0.002003 0.002003 0.002003 0.002003 0.002003 0.002003 0.002003 0.002003 0.002003 0.002003 0.002003 0.002003 0.002003 0.002003 0.002003 0.002003 0.002002 0.001996 0.001971 0.001877 0.001601 0.000980 0.000000 
50.000000 27.649004 12.151248 4.312115 1.263282 0.312227 0.066467 0.012540 0.002296 0.000586 0.000331 0.000297 0.000293 0.000293 0.000293 0.000293 0.000293 0.000293 0.000293 0.000293 0.000293 0.000293 0.000293 0.000293 0.000293 0.000293 0.000293 0.000293 0.000293 0.000293 0.000293 0.000293 0.000293 0.000293 0.000293 0.000293 0.000293 0.000293 0.000293 0.000293 0.000293 0.000293 0.000293 0.000293 0.000292 0.000288 0.000274 0.000233 0.000142 0.000000 
50.000000 27.648888 12.151053 4.311881 1.263034 0.311975 0.066213 0.012286 0.002042 0.000331 0.000077 0.000043 0.000039 0.000039 0.000039 0.000039 0.000039 0.000039 0.000039 0.000039 0.000039 0.000039 0.000039 0.000039 0.000039 0.000039 0.000039 0.000039 0.000039 0.000039 0.000039 0.000039 0.000039 0.000039 0.000039 0.000039 0.000039 0.000039 0.000039 0.000039 0.000039 0.000039 0.000039 0.000039 0.000038 0.000038 0.000036 0.000031 0.000019 0.000000 
50.000000 27.648873 12.151027 4.311849 1.263001 0.311941 0.066179 0.012252 0.002008 0.000297 0.000043 0.000009 0.000005 0.000005 0.000005 0.000005 0.000005 0.000005 0.000005 0.000005 0.000005 0.000005 0.000005 0.000005 0.000005 0.000005 0.000005 0.000005 0.000005 0.000005 0.000005 0.000005 0.000005 0.000005 0.000005 0.000005 0.000005 0.000005 0.000005 0.000005 0.000005 0.000005 0.000005 0.000005 0.000005 0.000005 0.000004 0.000004 0.000002 0.000000 
50.000000 27.648871 12.151023 4.311846 1.262997 0.311937 0.066175 0.012248 0.002004 0.000293 0.000039 0.000005 0.000001 0.000001 0.000001 0.000001 0.000001 0.000001 0.000001 0.000001 0.000001 0.000001 0.000001 0.000001 0.000001 0.000001 0.000001 0.000001 0.000001 0.000001 0.000001 0.000001 0.000001 0.000001 0.000001 0.000001 0.000001 0.000001 0.000001 0.000001 0.000001 0.000001 0.000001 0.000001 0.000001 0.000000 0.000000 0.000000 0.000000 0.000000 
50.000000 27.648871 12.151023 4.311845 1.262996 0.311936 0.066174 0.012247 0.002003 0.000293 0.000039 0.000005 0.000001 0.000000 0.000000 0.000000 0.000000 0.000000 0.000000 0.000000 0.000000 0.000000 0.000000 0.000000 0.000000 0.000000 0.000000 0.000000 0.000000 0.000000 0.000000 0.000000 0.000000 0.000000 0.000000 0.000000 0.000000 0.000000 0.000000 0.000000 0.000000 0.000000 0.000000 0.000000 0.000000 0.000000 0.000000 0.000000 0.000000 0.000000 
50.000000 27.648871 12.151023 4.311845 1.262996 0.311936 0.066174 0.012247 0.002003 0.000293 0.000039 0.000005 0.000001 0.000000 0.000000 0.000000 0.000000 0.000000 0.000000 0.000000 0.000000 0.000000 0.000000 0.000000 0.000000 0.000000 0.000000 0.000000 0.000000 0.000000 0.000000 0.000000 0.000000 0.000000 0.000000 0.000000 0.000000 0.000000 0.000000 0.000000 0.000000 0.000000 0.000000 0.000000 0.000000 0.000000 0.000000 0.000000 0.000000 0.000000 
50.000000 27.648871 12.151023 4.311845 1.262996 0.311936 0.066174 0.012247 0.002003 0.000293 0.000039 0.000005 0.000001 0.000000 0.000000 0.000000 0.000000 0.000000 0.000000 0.000000 0.000000 0.000000 0.000000 0.000000 0.000000 0.000000 0.000000 0.000000 0.000000 0.000000 0.000000 0.000000 0.000000 0.000000 0.000000 0.000000 0.000000 0.000000 0.000000 0.000000 0.000000 0.000000 0.000000 0.000000 0.000000 0.000000 0.000000 0.000000 0.000000 0.000000 
50.000000 27.648871 12.151023 4.311845 1.262996 0.311936 0.066174 0.012247 0.002003 0.000293 0.000039 0.000005 0.000001 0.000000 0.000000 0.000000 0.000000 0.000000 0.000000 0.000000 0.000000 0.000000 0.000000 0.000000 0.000000 0.000000 0.000000 0.000000 0.000000 0.000000 0.000000 0.000000 0.000000 0.000000 0.000000 0.000000 0.000000 0.000000 0.000000 0.000000 0.000000 0.000000 0.000000 0.000000 0.000000 0.000000 0.000000 0.000000 0.000000 0.000000 
50.000000 27.648871 12.151023 4.311845 1.262996 0.311936 0.066174 0.012247 0.002003 0.000293 0.000039 0.000005 0.000001 0.000000 0.000000 0.000000 0.000000 0.000000 0.000000 0.000000 0.000000 0.000000 0.000000 0.000000 0.000000 0.000000 0.000000 0.000000 0.000000 0.000000 0.000000 0.000000 0.000000 0.000000 0.000000 0.000000 0.000000 0.000000 0.000000 0.000000 0.000000 0.000000 0.000000 0.000000 0.000000 0.000000 0.000000 0.000000 0.000000 0.000000 
50.000000 27.648871 12.151023 4.311845 1.262996 0.311936 0.066174 0.012247 0.002003 0.000293 0.000039 0.000005 0.000001 0.000000 0.000000 0.000000 0.000000 0.000000 0.000000 0.000000 0.000000 0.000000 0.000000 0.000000 0.000000 0.000000 0.000000 0.000000 0.000000 0.000000 0.000000 0.000000 0.000000 0.000000 0.000000 0.000000 0.000000 0.000000 0.000000 0.000000 0.000000 0.000000 0.000000 0.000000 0.000000 0.000000 0.000000 0.000000 0.000000 0.000000 
50.000000 27.648871 12.151023 4.311845 1.262996 0.311936 0.066174 0.012247 0.002003 0.000293 0.000039 0.000005 0.000001 0.000000 0.000000 0.000000 0.000000 0.000000 0.000000 0.000000 0.000000 0.000000 0.000000 0.000000 0.000000 0.000000 0.000000 0.000000 0.000000 0.000000 0.000000 0.000000 0.000000 0.000000 0.000000 0.000000 0.000000 0.000000 0.000000 0.000000 0.000000 0.000000 0.000000 0.000000 0.000000 0.000000 0.000000 0.000000 0.000000 0.000000 
50.000000 27.648871 12.151023 4.311845 1.262996 0.311936 0.066174 0.012247 0.002003 0.000293 0.000039 0.000005 0.000001 0.000000 0.000000 0.000000 0.000000 0.000000 0.000000 0.000000 0.000000 0.000000 0.000000 0.000000 0.000000 0.000000 0.000000 0.000000 0.000000 0.000000 0.000000 0.000000 0.000000 0.000000 0.000000 0.000000 0.000000 0.000000 0.000000 0.000000 0.000000 0.000000 0.000000 0.000000 0.000000 0.000000 0.000000 0.000000 0.000000 0.000000 
50.000000 27.648871 12.151023 4.311845 1.262996 0.311936 0.066174 0.012247 0.002003 0.000293 0.000039 0.000005 0.000001 0.000000 0.000000 0.000000 0.000000 0.000000 0.000000 0.000000 0.000000 0.000000 0.000000 0.000000 0.000000 0.000000 0.000000 0.000000 0.000000 0.000000 0.000000 0.000000 0.000000 0.000000 0.000000 0.000000 0.000000 0.000000 0.000000 0.000000 0.000000 0.000000 0.000000 0.000000 0.000000 0.000000 0.000000 0.000000 0.000000 0.000000 
50.000000 27.648871 12.151023 4.311845 1.262996 0.311936 0.066174 0.012247 0.002003 0.000293 0.000039 0.000005 0.000001 0.000000 0.000000 0.000000 0.000000 0.000000 0.000000 0.000000 0.000000 0.000000 0.000000 0.000000 0.000000 0.000000 0.000000 0.000000 0.000000 0.000000 0.000000 0.000000 0.000000 0.000000 0.000000 0.000000 0.000000 0.000000 0.000000 0.000000 0.000000 0.000000 0.000000 0.000000 0.000000 0.000000 0.000000 0.000000 0.000000 0.000000 
50.000000 27.648871 12.151023 4.311845 1.262996 0.311936 0.066174 0.012247 0.002003 0.000293 0.000039 0.000005 0.000001 0.000000 0.000000 0.000000 0.000000 0.000000 0.000000 0.000000 0.000000 0.000000 0.000000 0.000000 0.000000 0.000000 0.000000 0.000000 0.000000 0.000000 0.000000 0.000000 0.000000 0.000000 0.000000 0.000000 0.000000 0.000000 0.000000 0.000000 0.000000 0.000000 0.000000 0.000000 0.000000 0.000000 0.000000 0.000000 0.000000 0.000000 
50.000000 27.648871 12.151023 4.311845 1.262996 0.311936 0.066174 0.012247 0.002003 0.000293 0.000039 0.000005 0.000001 0.000000 0.000000 0.000000 0.000000 0.000000 0.000000 0.000000 0.000000 0.000000 0.000000 0.000000 0.000000 0.000000 0.000000 0.000000 0.000000 0.000000 0.000000 0.000000 0.000000 0.000000 0.000000 0.000000 0.000000 0.000000 0.000000 0.000000 0.000000 0.000000 0.000000 0.000000 0.000000 0.000000 0.000000 0.000000 0.000000 0.000000 
50.000000 27.648871 12.151023 4.311845 1.262996 0.311936 0.066174 0.012247 0.002003 0.000293 0.000039 0.000005 0.000001 0.000000 0.000000 0.000000 0.000000 0.000000 0.000000 0.000000 0.000000 0.000000 0.000000 0.000000 0.000000 0.000000 0.000000 0.000000 0.000000 0.000000 0.000000 0.000000 0.000000 0.000000 0.000000 0.000000 0.000000 0.000000 0.000000 0.000000 0.000000 0.000000 0.000000 0.000000 0.000000 0.000000 0.000000 0.000000 0.000000 0.000000 
50.000000 27.648871 12.151023 4.311845 1.262996 0.311936 0.066174 0.012247 0.002003 0.000293 0.000039 0.000005 0.000001 0.000000 0.000000 0.000000 0.000000 0.000000 0.000000 0.000000 0.000000 0.000000 0.000000 0.000000 0.000000 0.000000 0.000000 0.000000 0.000000 0.000000 0.000000 0.000000 0.000000 0.000000 0.000000 0.000000 0.000000 0.000000 0.000000 0.000000 0.000000 0.000000 0.000000 0.000000 0.000000 0.000000 0.000000 0.000000 0.000000 0.000000 
50.000000 27.648871 12.151023 4.311845 1.262996 0.311936 0.066174 0.012247 0.002003 0.000293 0.000039 0.000005 0.000001 0.000000 0.000000 0.000000 0.000000 0.000000 0.000000 0.000000 0.000000 0.000000 0.000000 0.000000 0.000000 0.000000 0.000000 0.000000 0.000000 0.000000 0.000000 0.000000 0.000000 0.000000 0.000000 0.000000 0.000000 0.000000 0.000000 0.000000 0.000000 0.000000 0.000000 0.000000 0.000000 0.000000 0.000000 0.000000 0.000000 0.000000 
50.000000 27.648871 12.151023 4.311845 1.262996 0.311936 0.066174 0.012247 0.002003 0.000293 0.000039 0.000005 0.000001 0.000000 0.000000 0.000000 0.000000 0.000000 0.000000 0.000000 0.000000 0.000000 0.000000 0.000000 0.000000 0.000000 0.000000 0.000000 0.000000 0.000000 0.000000 0.000000 0.000000 0.000000 0.000000 0.000000 0.000000 0.000000 0.000000 0.000000 0.000000 0.000000 0.000000 0.000000 0.000000 0.000000 0.000000 0.000000 0.000000 0.000000 
50.000000 27.648871 12.151023 4.311845 1.262996 0.311936 0.066174 0.012247 0.002003 0.000293 0.000039 0.000005 0.000001 0.000000 0.000000 0.000000 0.000000 0.000000 0.000000 0.000000 0.000000 0.000000 0.000000 0.000000 0.000000 0.000000 0.000000 0.000000 0.000000 0.000000 0.000000 0.000000 0.000000 0.000000 0.000000 0.000000 0.000000 0.000000 0.000000 0.000000 0.000000 0.000000 0.000000 0.000000 0.000000 0.000000 0.000000 0.000000 0.000000 0.000000 
50.000000 27.648871 12.151023 4.311845 1.262996 0.311936 0.066174 0.012247 0.002003 0.000293 0.000039 0.000005 0.000001 0.000000 0.000000 0.000000 0.000000 0.000000 0.000000 0.000000 0.000000 0.000000 0.000000 0.000000 0.000000 0.000000 0.000000 0.000000 0.000000 0.000000 0.000000 0.000000 0.000000 0.000000 0.000000 0.000000 0.000000 0.000000 0.000000 0.000000 0.000000 0.000000 0.000000 0.000000 0.000000 0.000000 0.000000 0.000000 0.000000 0.000000 
50.000000 27.648871 12.151023 4.311845 1.262996 0.311936 0.066174 0.012247 0.002003 0.000293 0.000039 0.000005 0.000001 0.000000 0.000000 0.000000 0.000000 0.000000 0.000000 0.000000 0.000000 0.000000 0.000000 0.000000 0.000000 0.000000 0.000000 0.000000 0.000000 0.000000 0.000000 0.000000 0.000000 0.000000 0.000000 0.000000 0.000000 0.000000 0.000000 0.000000 0.000000 0.000000 0.000000 0.000000 0.000000 0.000000 0.000000 0.000000 0.000000 0.000000 
50.000000 27.648871 12.151023 4.311845 1.262996 0.311936 0.066174 0.012247 0.002003 0.000293 0.000039 0.000005 0.000001 0.000000 0.000000 0.000000 0.000000 0.000000 0.000000 0.000000 0.000000 0.000000 0.000000 0.000000 0.000000 0.000000 0.000000 0.000000 0.000000 0.000000 0.000000 0.000000 0.000000 0.000000 0.000000 0.000000 0.000000 0.000000 0.000000 0.000000 0.000000 0.000000 0.000000 0.000000 0.000000 0.000000 0.000000 0.000000 0.000000 0.000000 
50.000000 27.648871 12.151023 4.311845 1.262996 0.311936 0.066174 0.012247 0.002003 0.000293 0.000039 0.000005 0.000001 0.000000 0.000000 0.000000 0.000000 0.000000 0.000000 0.000000 0.000000 0.000000 0.000000 0.000000 0.000000 0.000000 0.000000 0.000000 0.000000 0.000000 0.000000 0.000000 0.000000 0.000000 0.000000 0.000000 0.000000 0.000000 0.000000 0.000000 0.000000 0.000000 0.000000 0.000000 0.000000 0.000000 0.000000 0.000000 0.000000 0.000000 
50.000000 27.648871 12.151023 4.311845 1.262996 0.311936 0.066174 0.012247 0.002003 0.000293 0.000039 0.000005 0.000001 0.000000 0.000000 0.000000 0.000000 0.000000 0.000000 0.000000 0.000000 0.000000 0.000000 0.000000 0.000000 0.000000 0.000000 0.000000 0.000000 0.000000 0.000000 0.000000 0.000000 0.000000 0.000000 0.000000 0.000000 0.000000 0.000000 0.000000 0.000000 0.000000 0.000000 0.000000 0.000000 0.000000 0.000000 0.000000 0.000000 0.000000 
50.000000 27.648871 12.151023 4.311845 1.262996 0.311936 0.066174 0.012247 0.002003 0.000293 0.000039 0.000005 0.000001 0.000000 0.000000 0.000000 0.000000 0.000000 0.000000 0.000000 0.000000 0.000000 0.000000 0.000000 0.000000 0.000000 0.000000 0.000000 0.000000 0.000000 0.000000 0.000000 0.000000 0.000000 0.000000 0.000000 0.000000 0.000000 0.000000 0.000000 0.000000 0.000000 0.000000 0.000000 0.000000 0.000000 0.000000 0.000000 0.000000 0.000000 
50.000000 27.648871 12.151023 4.311845 1.262996 0.311936 0.066174 0.012247 0.002003 0.000293 0.000039 0.000005 0.000001 0.000000 0.000000 0.000000 0.000000 0.000000 0.000000 0.000000 0.000000 0.000000 0.000000 0.000000 0.000000 0.000000 0.000000 0.000000 0.000000 0.000000 0.000000 0.000000 0.000000 0.000000 0.000000 0.000000 0.000000 0.000000 0.000000 0.000000 0.000000 0.000000 0.000000 0.000000 0.000000 0.000000 0.000000 0.000000 0.000000 0.000000 
50.000000 27.648871 12.151023 4.311846 1.262997 0.311937 0.066175 0.012248 0.002004 0.000293 0.000039 0.000005 0.000001 0.000001 0.000001 0.000001 0.000001 0.000001 0.000001 0.000001 0.000001 0.000001 0.000001 0.000001 0.000001 0.000001 0.000001 0.000001 0.000001 0.000001 0.000001 0.000001 0.000001 0.000001 0.000001 0.000001 0.000001 0.000001 0.000001 0.000001 0.000001 0.000001 0.000001 0.000001 0.000001 0.000000 0.000000 0.000000 0.000000 0.000000 
50.000000 27.648873 12.151027 4.311849 1.263001 0.311941 0.066179 0.012252 0.002008 0.000297 0.000043 0.000009 0.000005 0.000005 0.000005 0.000005 0.000005 0.000005 0.000005 0.000005 0.000005 0.000005 0.000005 0.000005 0.000005 0.000005 0.000005 0.000005 0.000005 0.000005 0.000005 0.000005 0.000005 0.000005 0.000005 0.000005 0.000005 0.000005 0.000005 0.000005 0.000005 0.000005 0.000005 0.000005 0.000005 0.000005 0.000004 0.000004 0.000002 0.000000 
50.000000 27.648888 12.151053 4.311881 1.263034 0.311975 0.066213 0.012286 0.002042 0.000331 0.000077 0.000043 0.000039 0.000039 0.000039 0.000039 0.000039 0.000039 0.000039 0.000039 0.000039 0.000039 0.000039 0.000039 0.000039 0.000039 0.000039 0.000039 0.000039 0.000039 0.000039 0.000039 0.000039 0.000039 0.000039 0.000039 0.000039 0.000039 0.000039 0.000039 0.000039 0.000039 0.000039 0.000039 0.000038 0.000038 0.000036 0.000031 0.000019 0.000000 
50.000000 27.649004 12.151248 4.312115 1.263282 0.312227 0.066467 0.012540 0.002296 0.000586 0.000331 0.000297 0.000293 0.000293 0.000293 0.000293 0.000293 0.000293 0.000293 0.000293 0.000293 0.000293 0.000293 0.000293 0.000293 0.000293 0.000293 0.000293 0.000293 0.000293 0.000293 0.000293 0.000293 0.000293 0.000293 0.000293 0.000293 0.000293 0.000293 0.000293 0.000293 0.000293 0.000293 0.000293 0.000292 0.000288 0.000274 0.000233 0.000142 0.000000 
50.000000 27.649783 12.152558 4.313687 1.264954 0.313929 0.068175 0.014250 0.004007 0.002296 0.002042 0.002008 0.002004 0.002003 0.002003 0.002003 0.002003 0.002003 0.002003 0.002003 0.002003 0.002003 0.002003 0.002003 0.002003 0.002003 0.002003 0.002003 0.002003 0.002003 0.002003 0.002003 0.002003 0.002003 0.002003 0.002003 0.002003 0.002003 0.002003 0.002003 0.002003 0.002003 0.002003 0.002002 0.001996 0.001971 0.001877 0.001601 0.000980 0.000000 
50.000000 27.654432 12.160389 4.323095 1.274959 0.324115 0.078408 0.024492 0.014250 0.012540 0.012286 0.012252 0.012248 0.012247 0.012247 0.012247 0.012247 0.012247 0.012247 0.012247 0.012247 0.012247 0.012247 0.012247 0.012247 0.012247 0.012247 0.012247 0.012247 0.012247 0.012247 0.012247 0.012247 0.012247 0.012247 0.012247 0.012247 0.012247 0.012247 0.012247 0.012247 0.012247 0.012246 0.012240 0.012206 0.012056 0.011499 0.009834 0.006046 0.000000 
50.000000 27.678832 12.201536 4.372572 1.327611 0.377735 0.132271 0.078408 0.068175 0.066467 0.066213 0.066179 0.066175 0.066174 0.066174 0.066174 0.066174 0.066174 0.066174 0.066174 0.066174 0.066174 0.066174 0.066174 0.066174 0.066174 0.066174 0.066174 0.066174 0.066174 0.066174 0.066174 0.066174 0.066174 0.066174 0.066174 0.066174 0.066174 0.066174 0.066174 0.066174 0.066173 0.066168 0.066136 0.065965 0.065195 0.062298 0.053506 0.033122 0.000000 
50.000000 27.789712 12.388703 4.597841 1.567469 0.622065 0.377735 0.324115 0.313929 0.312227 0.311975 0.311941 0.311937 0.311936 0.311936 0.311936 0.311936 0.311936 0.311936 0.311936 0.311936 0.311936 0.311936 0.311936 0.311936 0.311936 0.311936 0.311936 0.311936 0.311936 0.311936 0.311936 0.311936 0.311936 0.311936 0.311936 0.311936 0.311936 0.311936 0.311936 0.311936 0.311932 0.311909 0.311770 0.311032 0.307667 0.294785 0.254790 0.159416 0.000000 
50.000000 28.217627 13.111716 5.468799 2.495337 1.567469 1.327611 1.274959 1.264954 1.263282 1.263034 1.263001 1.262997 1.262996 1.262996 1.262996 1.262996 1.262996 1.262996 1.262996 1.262996 1.262996 1.262996 1.262996 1.262996 1.262996 1.262996 1.262996 1.262996 1.262996 1.262996 1.262996 1.262996 1.262996 1.262996 1.262996 1.262996 1.262996 1.262996 1.262996 1.262995 1.262983 1.262903 1.262416 1.259801 1.247669 1.200071 1.047300 0.666786 0.000000 
50.000000 29.585901 15.425616 8.258453 5.468799 4.597841 4.372572 4.323095 4.313687 4.312115 4.311881 4.311849 4.311846 4.311845 4.311845 4.311845 4.311845 4.311845 4.311845 4.311845 4.311845 4.311845 4.311845 4.311845 4.311845 4.311845 4.311845 4.311845 4.311845 4.311845 4.311845 4.311845 4.311845 4.311845 4.311845 4.311845 4.311845 4.311845 4.311845 4.311845 4.311840 4.311810 4.311596 4.310274 4.303056 4.268728 4.129227 3.658441 2.400786 0.000000 
50.000000 33.095930 21.366126 15.425616 13.111716 12.388703 12.201536 12.160389 12.152558 12.151248 12.151053 12.151027 12.151023 12.151023 12.151023 12.151023 12.151023 12.151023 12.151023 12.151023 12.151023 12.151023 12.151023 12.151023 12.151023 12.151023 12.151023 12.151023 12.151023 12.151023 12.151023 12.151023 12.151023 12.151023 12.151023 12.151023 12.151023 12.151023 12.151023 12.151022 12.151015 12.150957 12.150555 12.148030 12.133913 12.064415 11.767174 10.683063 7.419673 0.000000 
50.000000 40.022231 33.095930 29.585901 28.217627 27.789712 27.678832 27.654432 27.649783 27.649004 27.648888 27.648873 27.648871 27.648871 27.648871 27.648871 27.648871 27.648871 27.648871 27.648871 27.648871 27.648871 27.648871 27.648871 27.648871 27.648871 27.648871 27.648871 27.648871 27.648871 27.648871 27.648871 27.648871 27.648871 27.648871 27.648871 27.648871 27.648871 27.648871 27.648870 27.648862 27.648803 27.648385 27.645710 27.630296 27.550841 27.185115 25.676257 20.011116 0.000000 
50.000000 50.000000 50.000000 50.000000 50.000000 50.000000 50.000000 50.000000 50.000000 50.000000 50.000000 50.000000 50.000000 50.000000 50.000000 50.000000 50.000000 50.000000 50.000000 50.000000 50.000000 50.000000 50.000000 50.000000 50.000000 50.000000 50.000000 50.000000 50.000000 50.000000 50.000000 50.000000 50.000000 50.000000 50.000000 50.000000 50.000000 50.000000 50.000000 50.000000 50.000000 50.000000 50.000000 50.000000 50.000000 50.000000 50.000000 50.000000 50.000000 50.000000 
