50.000000 50.000000 50.000000 50.000000 50.000000 50.000000 50.000000 50.000000 50.000000 50.000000 50.000000 50.000000 50.000000 50.000000 50.000000 50.000000 50.000000 50.000000 50.000000 50.000000 50.000000 50.000000 50.000000 50.000000 50.000000 50.000000 50.000000 50.000000 50.000000 50.000000 50.000000 50.000000 50.000000 50.000000 50.000000 50.000000 50.000000 50.000000 50.000000 50.000000 50.000000 50.000000 50.000000 50.000000 50.000000 50.000000 50.000000 50.000000 50.000000 50.000000 
50.000000 48.029748 46.181252 44.553737 43.208297 42.163197 41.399680 40.874472 40.533871 40.325349 40.204657 40.138515 40.104143 40.087179 40.079216 40.075655 40.074136 40.073518 40.073276 40.073186 40.073154 40.073143 40.073139 40.073138 40.073138 40.073138 40.073137 40.073137 40.073137 40.073137 40.073135 40.073130 40.073114 40.073070 40.072948 40.072629 40.071820 40.069842 40.065182 40.054588 40.031318 39.981788 39.879227 39.671316 39.254718 38.417507 36.693191 32.942829 24.014874 0.000000 
50.000000 46.181252 42.598502 39.444071 36.836377 34.810811 33.331016 32.313108 31.653000 31.248877 31.014975 30.886795 30.820185 30.787312 30.771881 30.764981 30.762038 30.760839 30.760371 30.760197 30.760134 30.760113 30.760106 30.760103 30.760103 30.760102 30.760102 30.760102 30.760102 30.760101 30.760098 30.760088 30.760060 30.759981 30.759765 30.759198 30.757763 30.754266 30.746062 30.727516 30.687074 30.601865 30.427969 30.082976 29.414467 28.141901 25.749024 21.299251 13.238423 0.000000 
50.000000 44.553737 39.444071 34.945304 31.226321 28.337589 26.227241 24.775625 23.834284 23.258003 22.924469 22.741696 22.646720 22.599849 22.577848 22.568011 22.563815 22.562106 22.561439 22.561191 22.561101 22.561071 22.561061 22.561058 22.561057 22.561056 22.561056 22.561056 22.561056 22.561054 22.561050 22.561039 22.561004 22.560905 22.560638 22.559937 22.558171 22.553889 22.543906 22.521515 22.473195 22.372785 22.171687 21.783040 21.057438 19.748472 17.472652 13.695047 7.860546 0.000000 
50.000000 43.208297 36.836377 31.226321 26.588740 22.986552 20.355053 18.545011 17.371276 16.652750 16.236905 16.009035 15.890630 15.832200 15.804775 15.792513 15.787284 15.785153 15.784322 15.784012 15.783901 15.783863 15.783850 15.783846 15.783845 15.783845 15.783845 15.783845 15.783844 15.783843 15.783839 15.783827 15.783791 15.783690 15.783416 15.782701 15.780909 15.776590 15.766594 15.744386 15.697024 15.600102 15.409825 15.051646 14.405957 13.294370 11.477849 8.694475 4.790790 0.000000 
50.000000 42.163197 34.810811 28.337589 22.986552 18.830282 15.794089 13.705746 12.351590 11.522649 11.042921 10.780057 10.643476 10.576080 10.544448 10.530306 10.524275 10.521817 10.520860 10.520502 10.520374 10.520330 10.520316 10.520311 10.520310 10.520309 10.520309 10.520309 10.520309 10.520307 10.520304 10.520293 10.520260 10.520170 10.519925 10.519288 10.517701 10.513902 10.505179 10.485990 10.445566 10.364098 10.207211 9.918987 9.415141 8.580595 7.280151 5.396343 2.908478 0.000000 
50.000000 41.399680 33.331016 26.227241 20.355053 15.794089 12.462347 10.170790 8.684913 7.775374 7.249024 6.960627 6.810786 6.736850 6.702151 6.686639 6.680024 6.677329 6.676278 6.675886 6.675746 6.675698 6.675682 6.675677 6.675675 6.675675 6.675675 6.675674 6.675674 6.675673 6.675670 6.675661 6.675635 6.675562 6.675365 6.674857 6.673597 6.670601 6.663779 6.648917 6.617977 6.556521 6.440244 6.231174 5.875101 5.303407 4.444201 3.248040 1.728364 0.000000 
50.000000 40.874472 32.313108 24.775625 18.545011 13.705746 10.170790 7.739529 6.163115 5.198189 4.639808 4.333873 4.174927 4.096502 4.059698 4.043245 4.036230 4.033371 4.032258 4.031842 4.031693 4.031642 4.031625 4.031620 4.031618 4.031617 4.031617 4.031617 4.031617 4.031616 4.031614 4.031607 4.031588 4.031535 4.031391 4.031021 4.030110 4.027958 4.023095 4.012600 3.990995 3.948644 3.869764 3.730546 3.498535 3.135187 2.603938 1.885139 0.995244 0.000000 
50.000000 40.533871 31.653000 23.834284 17.371276 12.351590 8.684913 6.163115 4.528040 3.527236 2.948112 2.630822 2.465983 2.384654 2.346489 2.329428 2.322153 2.319190 2.318035 2.317604 2.317450 2.317397 2.317379 2.317374 2.317372 2.317372 2.317371 2.317371 2.317371 2.317371 2.317369 2.317365 2.317352 2.317315 2.317219 2.316971 2.316365 2.314941 2.311747 2.304915 2.290992 2.264020 2.214471 2.128392 1.987492 1.771173 1.461499 1.051135 0.552083 0.000000 
50.000000 40.325349 31.248877 23.258003 16.652750 11.522649 7.775374 5.198189 3.527236 2.504495 1.912691 1.588463 1.420025 1.336922 1.297925 1.280494 1.273061 1.270034 1.268854 1.268413 1.268256 1.268202 1.268184 1.268178 1.268176 1.268176 1.268176 1.268176 1.268175 1.268175 1.268174 1.268171 1.268163 1.268140 1.268080 1.267927 1.267552 1.266677 1.264730 1.260596 1.252248 1.236245 1.207194 1.157397 1.077083 0.955726 0.784809 0.561803 0.294031 0.000000 
50.000000 40.204657 31.014975 22.924469 16.236905 11.042921 7.249024 4.639808 2.948112 1.912691 1.313560 0.985325 0.814808 0.730682 0.691205 0.673560 0.666036 0.662972 0.661778 0.661332 0.661172 0.661118 0.661099 0.661094 0.661092 0.661091 0.661091 0.661091 0.661091 0.661091 0.661090 0.661089 0.661084 0.661071 0.661036 0.660946 0.660730 0.660229 0.659119 0.656780 0.652096 0.643197 0.627207 0.600107 0.556931 0.492519 0.402954 0.287459 0.150068 0.000000 
50.000000 40.138515 30.886795 22.741696 16.009035 10.780057 6.960627 4.333873 2.630822 1.588463 0.985325 0.654898 0.483245 0.398559 0.358821 0.341059 0.333486 0.330401 0.329199 0.328751 0.328590 0.328535 0.328517 0.328511 0.328509 0.328509 0.328508 0.328508 0.328508 0.328508 0.328508 0.328507 0.328504 0.328497 0.328478 0.328430 0.328313 0.328043 0.327449 0.326206 0.323734 0.319075 0.310777 0.296848 0.274878 0.242440 0.197790 0.140733 0.073333 0.000000 
50.000000 40.104143 30.820185 22.646720 15.890630 10.643476 6.810786 4.174927 2.465983 1.420025 0.814808 0.483245 0.311003 0.226028 0.186154 0.168332 0.160733 0.157637 0.156431 0.155981 0.155820 0.155765 0.155746 0.155741 0.155739 0.155738 0.155738 0.155738 0.155738 0.155738 0.155738 0.155737 0.155736 0.155732 0.155723 0.155698 0.155638 0.155502 0.155202 0.154579 0.153348 0.151043 0.146969 0.140185 0.129574 0.114041 0.092831 0.065919 0.034301 0.000000 
50.000000 40.087179 30.787312 22.599849 15.832200 10.576080 6.736850 4.096502 2.384654 1.336922 0.730682 0.398559 0.226028 0.140910 0.100970 0.083118 0.075506 0.072405 0.071197 0.070747 0.070585 0.070530 0.070511 0.070506 0.070504 0.070503 0.070503 0.070503 0.070503 0.070503 0.070503 0.070503 0.070502 0.070500 0.070495 0.070484 0.070455 0.070389 0.070247 0.069951 0.069370 0.068290 0.066392 0.063253 0.058379 0.051292 0.041678 0.029549 0.015359 0.000000 
50.000000 40.079216 30.771881 22.577848 15.804775 10.544448 6.702151 4.059698 2.346489 1.297925 0.691205 0.358821 0.186154 0.100970 0.060998 0.043132 0.035515 0.032412 0.031203 0.030752 0.030590 0.030535 0.030516 0.030511 0.030509 0.030508 0.030508 0.030508 0.030508 0.030508 0.030508 0.030508 0.030508 0.030507 0.030505 0.030499 0.030486 0.030456 0.030392 0.030259 0.029999 0.029517 0.028677 0.027294 0.025159 0.022074 0.017911 0.012683 0.006587 0.000000 
50.000000 40.075655 30.764981 22.568011 15.792513 10.530306 6.686639 4.043245 2.329428 1.280494 0.673560 0.341059 0.168332 0.083118 0.043132 0.025260 0.017640 0.014536 0.013327 0.012875 0.012714 0.012658 0.012640 0.012634 0.012632 0.012632 0.012632 0.012632 0.012632 0.012632 0.012632 0.012632 0.012631 0.012631 0.012630 0.012628 0.012622 0.012609 0.012582 0.012525 0.012414 0.012210 0.011855 0.011274 0.010381 0.009098 0.007373 0.005216 0.002707 0.000000 
50.000000 40.074136 30.762038 22.563815 15.787284 10.524275 6.680024 4.036230 2.322153 1.273061 0.666036 0.333486 0.160733 0.075506 0.035515 0.017640 0.010019 0.006914 0.005705 0.005253 0.005092 0.005036 0.005018 0.005012 0.005010 0.005010 0.005010 0.005010 0.005010 0.005010 0.005010 0.005010 0.005009 0.005009 0.005009 0.005008 0.005006 0.005000 0.004989 0.004966 0.004921 0.004838 0.004695 0.004462 0.004105 0.003594 0.002910 0.002057 0.001067 0.000000 
50.000000 40.073518 30.760839 22.562106 15.785153 10.521817 6.677329 4.033371 2.319190 1.270034 0.662972 0.330401 0.157637 0.072405 0.032412 0.014536 0.006914 0.003810 0.002600 0.002149 0.001987 0.001932 0.001913 0.001908 0.001906 0.001905 0.001905 0.001905 0.001905 0.001905 0.001905 0.001905 0.001905 0.001905 0.001905 0.001904 0.001903 0.001901 0.001897 0.001888 0.001870 0.001838 0.001783 0.001694 0.001557 0.001362 0.001102 0.000778 0.000404 0.000000 
50.000000 40.073276 30.760371 22.561439 15.784322 10.520860 6.676278 4.032258 2.318035 1.268854 0.661778 0.329199 0.156431 0.071197 0.031203 0.013327 0.005705 0.002600 0.001391 0.000939 0.000778 0.000722 0.000704 0.000698 0.000696 0.000696 0.000695 0.000695 0.000695 0.000695 0.000695 0.000695 0.000695 0.000695 0.000695 0.000695 0.000695 0.000694 0.000692 0.000689 0.000682 0.000671 0.000650 0.000617 0.000567 0.000496 0.000401 0.000283 0.000147 0.000000 
50.000000 40.073186 30.760197 22.561191 15.784012 10.520502 6.675886 4.031842 2.317604 1.268413 0.661332 0.328751 0.155981 0.070747 0.030752 0.012875 0.005253 0.002149 0.000939 0.000488 0.000326 0.000271 0.000252 0.000246 0.000245 0.000244 0.000244 0.000244 0.000244 0.000244 0.000244 0.000244 0.000244 0.000244 0.000244 0.000244 0.000244 0.000243 0.000243 0.000242 0.000239 0.000235 0.000228 0.000216 0.000199 0.000173 0.000140 0.000099 0.000051 0.000000 
50.000000 40.073154 30.760134 22.561101 15.783901 10.520374 6.675746 4.031693 2.317450 1.268256 0.661172 0.328590 0.155820 0.070585 0.030590 0.012714 0.005092 0.001987 0.000778 0.000326 0.000165 0.000109 0.000091 0.000085 0.000083 0.000082 0.000082 0.000082 0.000082 0.000082 0.000082 0.000082 0.000082 0.000082 0.000082 0.000082 0.000082 0.000082 0.000082 0.000081 0.000081 0.000079 0.000077 0.000073 0.000067 0.000058 0.000047 0.000033 0.000017 0.000000 
50.000000 40.073143 30.760113 22.561071 15.783863 10.520330 6.675698 4.031642 2.317397 1.268202 0.661118 0.328535 0.155765 0.070530 0.030535 0.012658 0.005036 0.001932 0.000722 0.000271 0.000109 0.000053 0.000035 0.000029 0.000027 0.000027 0.000027 0.000027 0.000027 0.000027 0.000027 0.000027 0.000027 0.000027 0.000027 0.000027 0.000027 0.000027 0.000027 0.000026 0.000026 0.000026 0.000025 0.000024 0.000022 0.000019 0.000015 0.000011 0.000006 0.000000 
50.000000 40.073139 30.760106 22.561061 15.783850 10.520316 6.675682 4.031625 2.317379 1.268184 0.661099 0.328517 0.155746 0.070511 0.030516 0.012640 0.005018 0.001913 0.000704 0.000252 0.000091 0.000035 0.000017 0.000011 0.000009 0.000009 0.000008 0.000008 0.000008 0.000008 0.000008 0.000008 0.000008 0.000008 0.000008 0.000008 0.000008 0.000008 0.000008 0.000008 0.000008 0.000008 0.000008 0.000007 0.000007 0.000006 0.000005 0.000003 0.000002 0.000000 
50.000000 40.073138 30.760103 22.561058 15.783846 10.520311 6.675677 4.031620 2.317374 1.268178 0.661094 0.328511 0.155741 0.070506 0.030511 0.012634 0.005012 0.001908 0.000698 0.000246 0.000085 0.000029 0.000011 0.000005 0.000003 0.000003 0.000003 0.000003 0.000003 0.000003 0.000003 0.000003 0.000003 0.000003 0.000003 0.000003 0.000003 0.000003 0.000003 0.000003 0.000003 0.000002 0.000002 0.000002 0.000002 0.000002 0.000001 0.000001 0.000001 0.000000 
50.000000 40.073138 30.760103 22.561057 15.783845 10.520310 6.675675 4.031618 2.317372 1.268176 0.661092 0.328509 0.155739 0.070504 0.030509 0.012633 0.005010 0.001906 0.000696 0.000245 0.000083 0.000028 0.000009 0.000003 0.000002 0.000001 0.000001 0.000001 0.000001 0.000001 0.000001 0.000001 0.000001 0.000001 0.000001 0.000001 0.000001 0.000001 0.000001 0.000001 0.000001 0.000001 0.000001 0.000001 0.000001 0.000001 0.000001 0.000000 0.000000 0.000000 
50.000000 40.073138 30.760103 22.561057 15.783845 10.520310 6.675675 4.031618 2.317372 1.268176 0.661092 0.328509 0.155739 0.070504 0.030509 0.012633 0.005010 0.001906 0.000696 0.000245 0.000083 0.000028 0.000009 0.000003 0.000002 0.000001 0.000001 0.000001 0.000001 0.000001 0.000001 0.000001 0.000001 0.000001 0.000001 0.000001 0.000001 0.000001 0.000001 0.000001 0.000001 0.000001 0.000001 0.000001 0.000001 0.000001 0.000001 0.000000 0.000000 0.000000 
50.000000 40.073138 30.760103 22.561058 15.783846 10.520311 6.675677 4.031620 2.317374 1.268178 0.661094 0.328511 0.155741 0.070506 0.030511 0.012634 0.005012 0.001908 0.000698 0.000246 0.000085 0.000029 0.000011 0.000005 0.000003 0.000003 0.000003 0.000003 0.000003 0.000003 0.000003 0.000003 0.000003 0.000003 0.000003 0.000003 0.000003 0.000003 0.000003 0.000003 0.000003 0.000002 0.000002 0.000002 0.000002 0.000002 0.000001 0.000001 0.000001 0.000000 
50.000000 40.073139 30.760106 22.561061 15.783850 10.520316 6.675682 4.031625 2.317379 1.268184 0.661099 0.328517 0.155746 0.070511 0.030516 0.012640 0.005018 0.001913 0.000704 0.000252 0.000091 0.000035 0.000017 0.000011 0.000009 0.000009 0.000008 0.000008 0.000008 0.000008 0.000008 0.000008 0.000008 0.000008 0.000008 0.000008 0.000008 0.000008 0.000008 0.000008 0.000008 0.000008 0.000008 0.000007 0.000007 0.000006 0.000005 0.000003 0.000002 0.000000 
50.000000 40.073143 30.760113 22.561071 15.783863 10.520330 6.675698 4.031642 2.317397 1.268202 0.661118 0.328535 0.155765 0.070530 0.030535 0.012658 0.005036 0.001932 0.000722 0.000271 0.000109 0.000053 0.000035 0.000029 0.000027 0.000027 0.000027 0.000027 0.000027 0.000027 0.000027 0.000027 0.000027 0.000027 0.000027 0.000027 0.000027 0.000027 0.000027 0.000026 0.000026 0.000026 0.000025 0.000024 0.000022 0.000019 0.000015 0.000011 0.000006 0.000000 
50.000000 40.073154 30.760134 22.561101 15.783901 10.520374 6.675746 4.031693 2.317450 1.268256 0.661172 0.328590 0.155820 0.070585 0.030590 0.012714 0.005092 0.001987 0.000778 0.000326 0.000165 0.000109 0.000091 0.000085 0.000083 0.000082 0.000082 0.000082 0.000082 0.000082 0.000082 0.000082 0.000082 0.000082 0.000082 0.000082 0.000082 0.000082 0.000082 0.000081 0.000081 0.000079 0.000077 0.000073 0.000067 0.000058 0.000047 0.000033 0.000017 0.000000 
50.000000 40.073186 30.760197 22.561191 15.784012 10.520502 6.675886 4.031842 2.317604 1.268413 0.661332 0.328751 0.155981 0.070747 0.030752 0.012875 0.005253 0.002149 0.000939 0.000488 0.000326 0.000271 0.000252 0.000246 0.000245 0.000244 0.000244 0.000244 0.000244 0.000244 0.000244 0.000244 0.000244 0.000244 0.000244 0.000244 0.000244 0.000243 0.000243 0.000242 0.000239 0.000235 0.000228 0.000216 0.000199 0.000173 0.000140 0.000099 0.000051 0.000000 
50.000000 40.073276 30.760371 22.561439 15.784322 10.520860 6.676278 4.032258 2.318035 1.268854 0.661778 0.329199 0.156431 0.071197 0.031203 0.013327 0.005705 0.002600 0.001391 0.000939 0.000778 0.000722 0.000704 0.000698 0.000696 0.000696 0.000695 0.000695 0.000695 0.000695 0.000695 0.000695 0.000695 0.000695 0.000695 0.000695 0.000695 0.000694 0.000692 0.000689 0.000682 0.000671 0.000650 0.000617 0.000567 0.000496 0.000401 0.000283 0.000147 0.000000 
50.000000 40.073518 30.760839 22.562106 15.785153 10.521817 6.677329 4.033371 2.319190 1.270034 0.662972 0.330401 0.157637 0.072405 0.032412 0.014536 0.006914 0.003810 0.002600 0.002149 0.001987 0.001932 0.001913 0.001908 0.001906 0.001905 0.001905 0.001905 0.001905 0.001905 0.001905 0.001905 0.001905 0.001905 0.001905 0.001904 0.001903 0.001901 0.001897 0.001888 0.001870 0.001838 0.001783 0.001694 0.001557 0.001362 0.001102 0.000778 0.000404 0.000000 
50.000000 40.074136 30.762038 22.563815 15.787284 10.524275 6.680024 4.036230 2.322153 1.273061 0.666036 0.333486 0.160733 0.075506 0.035515 0.017640 0.010019 0.006914 0.005705 0.005253 0.005092 0.005036 0.005018 0.005012 0.005010 0.005010 0.005010 0.005010 0.005010 0.005010 0.005010 0.005010 0.005009 0.005009 0.005009 0.005008 0.005006 0.005000 0.004989 0.004966 0.004921 0.004838 0.004695 0.004462 0.004105 0.003594 0.002910 0.002057 0.001067 0.000000 
50.000000 40.075655 30.764981 22.568011 15.792513 10.530306 6.686639 4.043245 2.329428 1.280494 0.673560 0.341059 0.168332 0.083118 0.043132 0.025260 0.017640 0.014536 0.013327 0.012875 0.012714 0.012658 0.012640 0.012634 0.012632 0.012632 0.012632 0.012632 0.012632 0.012632 0.012632 0.012632 0.012631 0.012631 0.012630 0.012628 0.012622 0.012609 0.012582 0.012525 0.012414 0.012210 0.011855 0.011274 0.010381 0.009098 0.007373 0.005216 0.002707 0.000000 
50.000000 40.079216 30.771881 22.577848 15.804775 10.544448 6.702151 4.059698 2.346489 1.297925 0.691205 0.358821 0.186154 0.100970 0.060998 0.043132 0.035515 0.032412 0.031203 0.030752 0.030590 0.030535 0.030516 0.030511 0.030509 0.030508 0.030508 0.030508 0.030508 0.030508 0.030508 0.030508 0.030508 0.030507 0.030505 0.030499 0.030486 0.030456 0.030392 0.030259 0.029999 0.029517 0.028677 0.027294 0.025159 0.022074 0.017911 0.012683 0.006587 0.000000 
50.000000 40.087179 30.787312 22.599849 15.832200 10.576080 6.736850 4.096502 2.384654 1.336922 0.730682 0.398559 0.226028 0.140910 0.100970 0.083118 0.075506 0.072405 0.071197 0.070747 0.070585 0.070530 0.070511 0.070506 0.070504 0.070503 0.070503 0.070503 0.070503 0.070503 0.070503 0.070503 0.070502 0.070500 0.070495 0.070484 0.070455 0.070389 0.070247 0.069951 0.069370 0.068290 0.066392 0.063253 0.058379 0.051292 0.041678 0.029549 0.015359 0.000000 
50.000000 40.104143 30.820185 22.646720 15.890630 10.643476 6.810786 4.174927 2.465983 1.420025 0.814808 0.483245 0.311003 0.226028 0.186154 0.168332 0.160733 0.157637 0.156431 0.155981 0.155820 0.155765 0.155746 0.155741 0.155739 0.155738 0.155738 0.155738 0.155738 0.155738 0.155738 0.155737 0.155736 0.155732 0.155723 0.155698 0.155638 0.155502 0.155202 0.154579 0.153348 0.151043 0.146969 0.140185 0.129574 0.114041 0.092831 0.065919 0.034301 0.000000 
50.000000 40.138515 30.886795 22.741696 16.009035 10.780057 6.960627 4.333873 2.630822 1.588463 0.985325 0.654898 0.483245 0.398559 0.358821 0.341059 0.333486 0.330401 0.329199 0.328751 0.328590 0.328535 0.328517 0.328511 0.328509 0.328509 0.328508 0.328508 0.328508 0.328508 0.328508 0.328507 0.328504 0.328497 0.328478 0.328430 0.328313 0.328043 0.327449 0.326206 0.323734 0.319075 0.310777 0.296848 0.274878 0.242440 0.197790 0.140733 0.073333 0.000000 
50.000000 40.204657 31.014975 22.924469 16.236905 11.042921 7.249024 4.639808 2.948112 1.912691 1.313560 0.985325 0.814808 0.730682 0.691205 0.673560 0.666036 0.662972 0.661778 0.661332 0.661172 0.661118 0.661099 0.661094 0.661092 0.661091 0.661091 0.661091 0.661091 0.661091 0.661090 0.661089 0.661084 0.661071 0.661036 0.660946 0.660730 0.660229 0.659119 0.656780 0.652096 0.643197 0.627207 0.600107 0.556931 0.492519 0.402954 0.287459 0.150068 0.000000 
50.000000 40.325349 31.248877 23.258003 16.652750 11.522649 7.775374 5.198189 3.527236 2.504495 1.912691 1.588463 1.420025 1.336922 1.297925 1.280494 1.273061 1.270034 1.268854 1.268413 1.268256 1.268202 1.268184 1.268178 1.268176 1.268176 1.268176 1.268176 1.268175 1.268175 1.268174 1.268171 1.268163 1.268140 1.268080 1.267927 1.267552 1.266677 1.264730 1.260596 1.252248 1.236245 1.207194 1.157397 1.077083 0.955726 0.784809 0.561803 0.294031 0.000000 
50.000000 40.533871 31.653000 23.834284 17.371276 12.351590 8.684913 6.163115 4.528040 3.527236 2.948112 2.630822 2.465983 2.384654 2.346489 2.329428 2.322153 2.319190 2.318035 2.317604 2.317450 2.317397 2.317379 2.317374 2.317372 2.317372 2.317371 2.317371 2.317371 2.317371 2.317369 2.317365 2.317352 2.317315 2.317219 2.316971 2.316365 2.314941 2.311747 2.304915 2.290992 2.264020 2.214471 2.128392 1.987492 1.771173 1.461499 1.051135 0.552083 0.000000 
50.000000 40.874472 32.313108 24.775625 18.545011 13.705746 10.170790 7.739529 6.163115 5.198189 4.639808 4.333873 4.174927 4.096502 4.059698 4.043245 4.036230 4.033371 4.032258 4.031842 4.031693 4.031642 4.031625 4.031620 4.031618 4.031617 4.031617 4.031617 4.031617 4.031616 4.031614 4.031607 4.031588 4.031535 4.031391 4.031021 4.030110 4.027958 4.023095 4.012600 3.990995 3.948644 3.869764 3.730546 3.498535 3.135187 2.603938 1.885139 0.995244 0.000000 
50.000000 41.399680 33.331016 26.227241 20.355053 15.794089 12.462347 10.170790 8.684913 7.775374 7.249024 6.960627 6.810786 6.736850 6.702151 6.686639 6.680024 6.677329 6.676278 6.675886 6.675746 6.675698 6.675682 6.675677 6.675675 6.675675 6.675675 6.675674 6.675674 6.675673 6.675670 6.675661 6.675635 6.675562 6.675365 6.674857 6.673597 6.670601 6.663779 6.648917 6.617977 6.556521 6.440244 6.231174 5.875101 5.303407 4.444201 3.248040 1.728364 0.000000 
50.000000 42.163197 34.810811 28.337589 22.986552 18.830282 15.794089 13.705746 12.351590 11.522649 11.042921 10.780057 10.643476 10.576080 10.544448 10.530306 10.524275 10.521817 10.520860 10.520502 10.520374 10.520330 10.520316 10.520311 10.520310 10.520309 10.520309 10.520309 10.520309 10.520307 10.520304 10.520293 10.520260 10.520170 10.519925 10.519288 10.517701 10.513902 10.505179 10.485990 10.445566 10.364098 10.207211 9.918987 9.415141 8.580595 7.280151 5.396343 2.908478 0.000000 
50.000000 43.208297 36.836377 31.226321 26.588740 22.986552 20.355053 18.545011 17.371276 16.652750 16.236905 16.009035 15.890630 15.832200 15.804775 15.792513 15.787284 15.785153 15.784322 15.784012 15.783901 15.783863 15.783850 15.783846 15.783845 15.783845 15.783845 15.783845 15.783844 15.783843 15.783839 15.783827 15.783791 15.783690 15.783416 15.782701 15.780909 15.776590 15.766594 15.744386 15.697024 15.600102 15.409825 15.051646 14.405957 13.294370 11.477849 8.694475 4.790790 0.000000 
50.000000 44.553737 39.444071 34.945304 31.226321 28.337589 26.227241 24.775625 23.834284 23.258003 22.924469 22.741696 22.646720 22.599849 22.577848 22.568011 22.563815 22.562106 22.561439 22.561191 22.561101 22.561071 22.561061 22.561058 22.561057 22.561056 22.561056 22.561056 22.561056 22.561054 22.561050 22.561039 22.561004 22.560905 22.560638 22.559937 22.558171 22.553889 22.543906 22.521515 22.473195 22.372785 22.171687 21.783040 21.057438 19.748472 17.472652 13.695047 7.860546 0.000000 
50.000000 46.181252 42.598502 39.444071 36.836377 34.810811 33.331016 32.313108 31.653000 31.248877 31.014975 30.886795 30.820185 30.787312 30.771881 30.764981 30.762038 30.760839 30.760371 30.760197 30.760134 30.760113 30.760106 30.760103 30.760103 30.760102 30.760102 30.760102 30.760102 30.760101 30.760098 30.760088 30.760060 30.759981 30.759765 30.759198 30.757763 30.754266 30.746062 30.727516 30.687074 30.601865 30.427969 30.082976 29.414467 28.141901 25.749024 21.299251 13.238423 0.000000 
50.000000 48.029748 46.181252 44.553737 43.208297 42.163197 41.399680 40.874472 40.533871 40.325349 40.204657 40.138515 40.104143 40.087179 40.079216 40.075655 40.074136 40.073518 40.073276 40.073186 40.073154 40.073143 40.073139 40.073138 40.073138 40.073138 40.073137 40.073137 40.073137 40.073137 40.073135 40.073130 40.073114 40.073070 40.072948 40.072629 40.071820 40.069842 40.065182 40.054588 40.031318 39.981788 39.879227 39.671316 39.254718 38.417507 36.693191 32.942829 24.014874 0.000000 
50.000000 50.000000 50.000000 50.000000 50.000000 50.000000 50.000000 50.000000 50.000000 50.000000 50.000000 50.000000 50.000000 50.000000 50.000000 50.000000 50.000000 50.000000 50.000000 50.000000 50.000000 50.000000 50.000000 50.000000 50.000000 50.000000 50.000000 50.000000 50.000000 50.000000 50.000000 50.000000 50.000000 50.000000 50.000000 50.000000 50.000000 50.000000 50.000000 50.000000 50.000000 50.000000 50.000000 50.000000 50.000000 50.000000 50.000000 50.000000 50.000000 50.000000 
