50.000000 50.000000 50.000000 50.000000 50.000000 50.000000 50.000000 50.000000 50.000000 50.000000 50.000000 50.000000 50.000000 50.000000 50.000000 50.000000 50.000000 50.000000 50.000000 50.000000 50.000000 50.000000 50.000000 50.000000 50.000000 50.000000 50.000000 50.000000 50.000000 50.000000 50.000000 50.000000 50.000000 50.000000 50.000000 50.000000 50.000000 50.000000 50.000000 50.000000 50.000000 50.000000 50.000000 50.000000 50.000000 50.000000 50.000000 50.000000 50.000000 50.000000 
50.000000 48.288196 46.668325 45.217528 43.987329 42.999237 42.247019 41.703845 41.331492 41.088943 40.938658 40.849990 40.800122 40.773356 40.759630 40.752898 40.749735 40.748311 40.747696 40.747441 40.747339 40.747299 40.747285 40.747280 40.747278 40.747277 40.747277 40.747277 40.747276 40.747274 40.747268 40.747251 40.747207 40.747094 40.746813 40.746140 40.744580 40.741078 40.733469 40.717438 40.684630 40.619204 40.491508 40.245942 39.775956 38.867193 37.052320 33.193819 24.144098 0.000000 
50.000000 46.668325 43.515582 40.691919 38.297612 36.374525 34.910523 33.853382 33.128705 32.656659 32.364180 32.191622 32.094574 32.042485 32.015774 32.002672 31.996519 31.993748 31.992550 31.992053 31.991855 31.991778 31.991750 31.991740 31.991736 31.991735 31.991735 31.991734 31.991733 31.991729 31.991718 31.991688 31.991608 31.991403 31.990896 31.989682 31.986874 31.980593 31.967001 31.938519 31.880650 31.766397 31.546579 31.132788 30.366739 28.963450 26.405129 21.757791 13.474506 0.000000 
50.000000 45.217528 40.691919 36.638706 33.201839 30.441403 28.339973 26.822574 25.782406 25.104864 24.685070 24.437403 24.298116 24.223359 24.185025 24.166222 24.157391 24.153415 24.151697 24.150983 24.150699 24.150589 24.150549 24.150534 24.150529 24.150527 24.150527 24.150526 24.150524 24.150519 24.150505 24.150466 24.150364 24.150104 24.149460 24.147925 24.144387 24.136511 24.119571 24.084357 24.013541 23.875645 23.615277 23.137838 22.286353 20.808682 18.319353 14.286789 8.165209 0.000000 
50.000000 43.987329 38.297612 33.201839 28.880988 25.410595 22.768740 20.861146 19.553530 18.701801 18.174096 17.862773 17.687692 17.593727 17.545545 17.521913 17.510814 17.505817 17.503657 17.502761 17.502403 17.502266 17.502215 17.502196 17.502190 17.502188 17.502187 17.502186 17.502184 17.502179 17.502164 17.502123 17.502014 17.501738 17.501057 17.499439 17.495731 17.487524 17.470007 17.433930 17.362244 17.224789 16.970428 16.516251 15.734466 14.440494 12.393157 9.334162 5.120136 0.000000 
50.000000 42.999237 36.374525 30.441403 25.410595 21.370043 18.294204 16.073293 14.550941 13.559367 12.945038 12.582622 12.378815 12.269436 12.213352 12.185846 12.172928 12.167112 12.164599 12.163556 12.163140 12.162980 12.162920 12.162899 12.162892 12.162889 12.162889 12.162888 12.162886 12.162881 12.162867 12.162828 12.162726 12.162467 12.161833 12.160333 12.156913 12.149396 12.133480 12.101029 12.037346 11.917123 11.698969 11.318970 10.685021 9.676129 8.155051 6.007786 3.223281 0.000000 
50.000000 42.247019 34.910523 28.339973 22.768740 18.294204 14.888062 12.428707 10.742952 9.644977 8.964748 8.563469 8.337814 8.216715 8.154624 8.124173 8.109873 8.103435 8.100653 8.099498 8.099038 8.098860 8.098795 8.098771 8.098763 8.098760 8.098759 8.098759 8.098757 8.098753 8.098741 8.098708 8.098621 8.098402 8.097868 8.096612 8.093762 8.087543 8.074485 8.048128 7.997031 7.901990 7.732623 7.444031 6.975234 6.252489 5.202135 3.777735 2.001077 0.000000 
50.000000 41.703845 33.853382 26.822574 20.861146 16.073293 12.428707 9.797241 7.993555 6.818800 6.091023 5.661709 5.420296 5.290746 5.224324 5.191751 5.176454 5.169568 5.166593 5.165358 5.164865 5.164675 5.164605 5.164580 5.164572 5.164569 5.164568 5.164567 5.164566 5.164562 5.164553 5.164527 5.164460 5.164290 5.163877 5.162911 5.160733 5.156013 5.146183 5.126533 5.088873 5.019776 4.898621 4.696084 4.374324 3.890718 3.207297 2.306803 1.212337 0.000000 
50.000000 41.331492 33.128705 25.782406 19.553530 14.550941 10.742952 7.993555 6.109075 4.881725 4.121385 3.672874 3.420674 3.285339 3.215954 3.181928 3.165950 3.158758 3.155650 3.154361 3.153846 3.153648 3.153575 3.153548 3.153539 3.153536 3.153535 3.153535 3.153534 3.153531 3.153524 3.153506 3.153457 3.153335 3.153040 3.152351 3.150809 3.147488 3.140626 3.127033 3.101255 3.054537 2.973779 2.840962 2.633818 2.328742 1.906761 1.362308 0.712289 0.000000 
50.000000 41.088943 32.656659 25.104864 18.701801 13.559367 9.644977 6.818800 4.881725 3.620145 2.838616 2.377616 2.118400 1.979303 1.907992 1.873022 1.856602 1.849210 1.846017 1.844691 1.844162 1.843959 1.843884 1.843857 1.843848 1.843844 1.843843 1.843843 1.843842 1.843840 1.843836 1.843823 1.843790 1.843709 1.843511 1.843054 1.842034 1.839853 1.835377 1.826586 1.810073 1.780470 1.729927 1.647946 1.522021 1.339557 1.091323 0.776009 0.404313 0.000000 
50.000000 40.938658 32.364180 24.685070 18.174096 12.945038 8.964748 6.091023 4.121385 2.838616 2.043973 1.575246 1.311690 1.170267 1.097764 1.062212 1.045518 1.038003 1.034757 1.033409 1.032871 1.032665 1.032588 1.032561 1.032552 1.032548 1.032547 1.032547 1.032546 1.032545 1.032542 1.032534 1.032514 1.032462 1.032339 1.032053 1.031421 1.030075 1.027333 1.021986 1.012030 0.994352 0.964491 0.916620 0.844009 0.740166 0.600714 0.425661 0.221219 0.000000 
50.000000 40.849990 32.191622 24.437403 17.862773 12.582622 8.563469 5.661709 3.672874 2.377616 1.575246 1.101966 0.835854 0.693062 0.619859 0.583963 0.567108 0.559521 0.556243 0.554883 0.554340 0.554131 0.554054 0.554027 0.554017 0.554014 0.554013 0.554012 0.554012 0.554011 0.554010 0.554005 0.553993 0.553962 0.553889 0.553722 0.553351 0.552569 0.550983 0.547913 0.542238 0.532248 0.515526 0.488984 0.449143 0.392767 0.317832 0.224621 0.116521 0.000000 
50.000000 40.800122 32.094574 24.298116 17.687692 12.378815 8.337814 5.420296 3.420674 2.118400 1.311690 0.835854 0.568308 0.424747 0.351150 0.315062 0.298117 0.290489 0.287194 0.285827 0.285281 0.285071 0.284994 0.284966 0.284956 0.284953 0.284952 0.284952 0.284952 0.284951 0.284950 0.284947 0.284941 0.284924 0.284883 0.284790 0.284585 0.284154 0.283286 0.281615 0.278547 0.273186 0.264283 0.250271 0.229419 0.200168 0.161606 0.113980 0.059044 0.000000 
50.000000 40.773356 32.042485 24.223359 17.593727 12.269436 8.216715 5.290746 3.285339 1.979303 1.170267 0.693062 0.424747 0.280775 0.206968 0.170776 0.153783 0.146134 0.142830 0.141458 0.140911 0.140701 0.140623 0.140595 0.140585 0.140582 0.140581 0.140581 0.140581 0.140580 0.140580 0.140578 0.140575 0.140566 0.140544 0.140495 0.140387 0.140162 0.139711 0.138846 0.137269 0.134530 0.130013 0.122953 0.112523 0.097996 0.078973 0.055611 0.028776 0.000000 
50.000000 40.759630 32.015774 24.185025 17.545545 12.213352 8.154624 5.224324 3.215954 1.907992 1.097764 0.619859 0.351150 0.206968 0.133053 0.096809 0.079791 0.072131 0.068822 0.067448 0.066900 0.066690 0.066612 0.066584 0.066574 0.066571 0.066570 0.066569 0.066569 0.066569 0.066569 0.066568 0.066566 0.066562 0.066551 0.066526 0.066473 0.066361 0.066137 0.065711 0.064938 0.063603 0.061413 0.058012 0.053019 0.046105 0.037100 0.026092 0.013490 0.000000 
50.000000 40.752898 32.002672 24.166222 17.521913 12.185846 8.124173 5.191751 3.181928 1.873022 1.062212 0.583963 0.315062 0.170776 0.096809 0.060539 0.043509 0.035844 0.032532 0.031158 0.030610 0.030399 0.030321 0.030293 0.030283 0.030280 0.030279 0.030279 0.030279 0.030278 0.030278 0.030278 0.030277 0.030275 0.030270 0.030258 0.030232 0.030179 0.030074 0.029873 0.029511 0.028889 0.027874 0.026305 0.024013 0.020856 0.016762 0.011777 0.006084 0.000000 
50.000000 40.749735 31.996519 24.157391 17.510814 12.172928 8.109873 5.176454 3.165950 1.856602 1.045518 0.567108 0.298117 0.153783 0.079791 0.043509 0.026474 0.018806 0.015493 0.014118 0.013570 0.013359 0.013281 0.013253 0.013243 0.013240 0.013239 0.013239 0.013239 0.013238 0.013238 0.013238 0.013238 0.013237 0.013234 0.013229 0.013217 0.013193 0.013146 0.013055 0.012893 0.012615 0.012164 0.011470 0.010461 0.009076 0.007288 0.005116 0.002642 0.000000 
50.000000 40.748311 31.993748 24.153415 17.505817 12.167112 8.103435 5.169568 3.158758 1.849210 1.038003 0.559521 0.290489 0.146134 0.072131 0.035844 0.018806 0.011136 0.007823 0.006448 0.005900 0.005689 0.005611 0.005583 0.005573 0.005570 0.005569 0.005569 0.005568 0.005568 0.005568 0.005568 0.005568 0.005568 0.005567 0.005564 0.005559 0.005549 0.005528 0.005489 0.005420 0.005301 0.005108 0.004814 0.004386 0.003803 0.003051 0.002140 0.001104 0.000000 
50.000000 40.747696 31.992550 24.151697 17.503657 12.164599 8.100653 5.166593 3.155650 1.846017 1.034757 0.556243 0.287194 0.142830 0.068822 0.032532 0.015493 0.007823 0.004510 0.003135 0.002586 0.002375 0.002297 0.002269 0.002260 0.002257 0.002256 0.002255 0.002255 0.002255 0.002255 0.002255 0.002255 0.002255 0.002254 0.002253 0.002251 0.002247 0.002238 0.002222 0.002194 0.002145 0.002066 0.001945 0.001772 0.001535 0.001230 0.000863 0.000445 0.000000 
50.000000 40.747441 31.992053 24.150983 17.502761 12.163556 8.099498 5.165358 3.154361 1.844691 1.033409 0.554883 0.285827 0.141458 0.067448 0.031158 0.014118 0.006448 0.003135 0.001760 0.001211 0.001000 0.000922 0.000894 0.000885 0.000882 0.000880 0.000880 0.000880 0.000880 0.000880 0.000880 0.000880 0.000880 0.000880 0.000879 0.000878 0.000877 0.000873 0.000867 0.000856 0.000836 0.000805 0.000758 0.000690 0.000597 0.000478 0.000335 0.000173 0.000000 
50.000000 40.747339 31.991855 24.150699 17.502403 12.163140 8.099038 5.164865 3.153846 1.844162 1.032871 0.554340 0.285281 0.140911 0.066900 0.030610 0.013570 0.005900 0.002586 0.001211 0.000662 0.000451 0.000373 0.000346 0.000336 0.000333 0.000332 0.000331 0.000331 0.000331 0.000331 0.000331 0.000331 0.000331 0.000331 0.000331 0.000331 0.000330 0.000329 0.000326 0.000322 0.000314 0.000303 0.000285 0.000259 0.000224 0.000180 0.000126 0.000065 0.000000 
50.000000 40.747299 31.991778 24.150589 17.502266 12.162980 8.098860 5.164675 3.153648 1.843959 1.032665 0.554131 0.285071 0.140701 0.066690 0.030399 0.013359 0.005689 0.002375 0.001000 0.000452 0.000241 0.000163 0.000135 0.000125 0.000122 0.000121 0.000120 0.000120 0.000120 0.000120 0.000120 0.000120 0.000120 0.000120 0.000120 0.000120 0.000120 0.000119 0.000118 0.000117 0.000114 0.000110 0.000103 0.000094 0.000081 0.000065 0.000046 0.000023 0.000000 
50.000000 40.747285 31.991750 24.150549 17.502215 12.162921 8.098795 5.164605 3.153575 1.843884 1.032588 0.554054 0.284994 0.140623 0.066612 0.030321 0.013281 0.005611 0.002297 0.000922 0.000374 0.000163 0.000085 0.000057 0.000047 0.000044 0.000043 0.000042 0.000042 0.000042 0.000042 0.000042 0.000042 0.000042 0.000042 0.000042 0.000042 0.000042 0.000042 0.000042 0.000041 0.000040 0.000039 0.000036 0.000033 0.000029 0.000023 0.000016 0.000008 0.000000 
50.000000 40.747280 31.991740 24.150534 17.502197 12.162900 8.098772 5.164581 3.153549 1.843857 1.032561 0.554027 0.284966 0.140595 0.066584 0.030293 0.013253 0.005583 0.002270 0.000895 0.000346 0.000135 0.000057 0.000029 0.000019 0.000016 0.000015 0.000015 0.000015 0.000015 0.000015 0.000015 0.000015 0.000015 0.000015 0.000015 0.000015 0.000015 0.000015 0.000015 0.000014 0.000014 0.000013 0.000013 0.000011 0.000010 0.000008 0.000006 0.000003 0.000000 
50.000000 40.747278 31.991737 24.150530 17.502191 12.162893 8.098764 5.164573 3.153541 1.843849 1.032553 0.554019 0.284958 0.140587 0.066576 0.030285 0.013245 0.005575 0.002261 0.000886 0.000337 0.000126 0.000048 0.000020 0.000011 0.000008 0.000007 0.000006 0.000006 0.000006 0.000006 0.000006 0.000006 0.000006 0.000006 0.000006 0.000006 0.000006 0.000006 0.000006 0.000006 0.000006 0.000006 0.000005 0.000005 0.000004 0.000003 0.000002 0.000001 0.000000 
50.000000 40.747278 31.991737 24.150530 17.502191 12.162893 8.098764 5.164573 3.153541 1.843849 1.032553 0.554019 0.284958 0.140587 0.066576 0.030285 0.013245 0.005575 0.002261 0.000886 0.000337 0.000126 0.000048 0.000020 0.000011 0.000008 0.000007 0.000006 0.000006 0.000006 0.000006 0.000006 0.000006 0.000006 0.000006 0.000006 0.000006 0.000006 0.000006 0.000006 0.000006 0.000006 0.000006 0.000005 0.000005 0.000004 0.000003 0.000002 0.000001 0.000000 
50.000000 40.747280 31.991740 24.150534 17.502197 12.162900 8.098772 5.164581 3.153549 1.843857 1.032561 0.554027 0.284966 0.140595 0.066584 0.030293 0.013253 0.005583 0.002270 0.000895 0.000346 0.000135 0.000057 0.000029 0.000019 0.000016 0.000015 0.000015 0.000015 0.000015 0.000015 0.000015 0.000015 0.000015 0.000015 0.000015 0.000015 0.000015 0.000015 0.000015 0.000014 0.000014 0.000013 0.000013 0.000011 0.000010 0.000008 0.000006 0.000003 0.000000 
50.000000 40.747285 31.991750 24.150549 17.502215 12.162921 8.098795 5.164605 3.153575 1.843884 1.032588 0.554054 0.284994 0.140623 0.066612 0.030321 0.013281 0.005611 0.002297 0.000922 0.000374 0.000163 0.000085 0.000057 0.000047 0.000044 0.000043 0.000042 0.000042 0.000042 0.000042 0.000042 0.000042 0.000042 0.000042 0.000042 0.000042 0.000042 0.000042 0.000042 0.000041 0.000040 0.000039 0.000036 0.000033 0.000029 0.000023 0.000016 0.000008 0.000000 
50.000000 40.747299 31.991778 24.150589 17.502266 12.162980 8.098860 5.164675 3.153648 1.843959 1.032665 0.554131 0.285071 0.140701 0.066690 0.030399 0.013359 0.005689 0.002375 0.001000 0.000452 0.000241 0.000163 0.000135 0.000125 0.000122 0.000121 0.000120 0.000120 0.000120 0.000120 0.000120 0.000120 0.000120 0.000120 0.000120 0.000120 0.000120 0.000119 0.000118 0.000117 0.000114 0.000110 0.000103 0.000094 0.000081 0.000065 0.000046 0.000023 0.000000 
50.000000 40.747339 31.991855 24.150699 17.502403 12.163140 8.099038 5.164865 3.153846 1.844162 1.032871 0.554340 0.285281 0.140911 0.066900 0.030610 0.013570 0.005900 0.002586 0.001211 0.000662 0.000451 0.000373 0.000346 0.000336 0.000333 0.000332 0.000331 0.000331 0.000331 0.000331 0.000331 0.000331 0.000331 0.000331 0.000331 0.000331 0.000330 0.000329 0.000326 0.000322 0.000314 0.000303 0.000285 0.000259 0.000224 0.000180 0.000126 0.000065 0.000000 
50.000000 40.747441 31.992053 24.150983 17.502761 12.163556 8.099498 5.165358 3.154361 1.844691 1.033409 0.554883 0.285827 0.141458 0.067448 0.031158 0.014118 0.006448 0.003135 0.001760 0.001211 0.001000 0.000922 0.000894 0.000885 0.000882 0.000880 0.000880 0.000880 0.000880 0.000880 0.000880 0.000880 0.000880 0.000880 0.000879 0.000878 0.000877 0.000873 0.000867 0.000856 0.000836 0.000805 0.000758 0.000690 0.000597 0.000478 0.000335 0.000173 0.000000 
50.000000 40.747696 31.992550 24.151697 17.503657 12.164599 8.100653 5.166593 3.155650 1.846017 1.034757 0.556243 0.287194 0.142830 0.068822 0.032532 0.015493 0.007823 0.004510 0.003135 0.002586 0.002375 0.002297 0.002269 0.002260 0.002257 0.002256 0.002255 0.002255 0.002255 0.002255 0.002255 0.002255 0.002255 0.002254 0.002253 0.002251 0.002247 0.002238 0.002222 0.002194 0.002145 0.002066 0.001945 0.001772 0.001535 0.001230 0.000863 0.000445 0.000000 
50.000000 40.748311 31.993748 24.153415 17.505817 12.167112 8.103435 5.169568 3.158758 1.849210 1.038003 0.559521 0.290489 0.146134 0.072131 0.035844 0.018806 0.011136 0.007823 0.006448 0.005900 0.005689 0.005611 0.005583 0.005573 0.005570 0.005569 0.005569 0.005568 0.005568 0.005568 0.005568 0.005568 0.005568 0.005567 0.005564 0.005559 0.005549 0.005528 0.005489 0.005420 0.005301 0.005108 0.004814 0.004386 0.003803 0.003051 0.002140 0.001104 0.000000 
50.000000 40.749735 31.996519 24.157391 17.510814 12.172928 8.109873 5.176454 3.165950 1.856602 1.045518 0.567108 0.298117 0.153783 0.079791 0.043509 0.026474 0.018806 0.015493 0.014118 0.013570 0.013359 0.013281 0.013253 0.013243 0.013240 0.013239 0.013239 0.013239 0.013238 0.013238 0.013238 0.013238 0.013237 0.013234 0.013229 0.013217 0.013193 0.013146 0.013055 0.012893 0.012615 0.012164 0.011470 0.010461 0.009076 0.007288 0.005116 0.002642 0.000000 
50.000000 40.752898 32.002672 24.166222 17.521913 12.185846 8.124173 5.191751 3.181928 1.873022 1.062212 0.583963 0.315062 0.170776 0.096809 0.060539 0.043509 0.035844 0.032532 0.031158 0.030610 0.030399 0.030321 0.030293 0.030283 0.030280 0.030279 0.030279 0.030279 0.030278 0.030278 0.030278 0.030277 0.030275 0.030270 0.030258 0.030232 0.030179 0.030074 0.029873 0.029511 0.028889 0.027874 0.026305 0.024013 0.020856 0.016762 0.011777 0.006084 0.000000 
50.000000 40.759630 32.015774 24.185025 17.545545 12.213352 8.154624 5.224324 3.215954 1.907992 1.097764 0.619859 0.351150 0.206968 0.133053 0.096809 0.079791 0.072131 0.068822 0.067448 0.066900 0.066690 0.066612 0.066584 0.066574 0.066571 0.066570 0.066569 0.066569 0.066569 0.066569 0.066568 0.066566 0.066562 0.066551 0.066526 0.066473 0.066361 0.066137 0.065711 0.064938 0.063603 0.061413 0.058012 0.053019 0.046105 0.037100 0.026092 0.013490 0.000000 
50.000000 40.773356 32.042485 24.223359 17.593727 12.269436 8.216715 5.290746 3.285339 1.979303 1.170267 0.693062 0.424747 0.280775 0.206968 0.170776 0.153783 0.146134 0.142830 0.141458 0.140911 0.140701 0.140623 0.140595 0.140585 0.140582 0.140581 0.140581 0.140581 0.140580 0.140580 0.140578 0.140575 0.140566 0.140544 0.140495 0.140387 0.140162 0.139711 0.138846 0.137269 0.134530 0.130013 0.122953 0.112523 0.097996 0.078973 0.055611 0.028776 0.000000 
50.000000 40.800122 32.094574 24.298116 17.687692 12.378815 8.337814 5.420296 3.420674 2.118400 1.311690 0.835854 0.568308 0.424747 0.351150 0.315062 0.298117 0.290489 0.287194 0.285827 0.285281 0.285071 0.284994 0.284966 0.284956 0.284953 0.284952 0.284952 0.284952 0.284951 0.284950 0.284947 0.284941 0.284924 0.284883 0.284790 0.284585 0.284154 0.283286 0.281615 0.278547 0.273186 0.264283 0.250271 0.229419 0.200168 0.161606 0.113980 0.059044 0.000000 
50.000000 40.849990 32.191622 24.437403 17.862773 12.582622 8.563469 5.661709 3.672874 2.377616 1.575246 1.101966 0.835854 0.693062 0.619859 0.583963 0.567108 0.559521 0.556243 0.554883 0.554340 0.554131 0.554054 0.554027 0.554017 0.554014 0.554013 0.554012 0.554012 0.554011 0.554010 0.554005 0.553993 0.553962 0.553889 0.553722 0.553351 0.552569 0.550983 0.547913 0.542238 0.532248 0.515526 0.488984 0.449143 0.392767 0.317832 0.224621 0.116521 0.000000 
50.000000 40.938658 32.364180 24.685070 18.174096 12.945038 8.964748 6.091023 4.121385 2.838616 2.043973 1.575246 1.311690 1.170267 1.097764 1.062212 1.045518 1.038003 1.034757 1.033409 1.032871 1.032665 1.032588 1.032561 1.032552 1.032548 1.032547 1.032547 1.032546 1.032545 1.032542 1.032534 1.032514 1.032462 1.032339 1.032053 1.031421 1.030075 1.027333 1.021986 1.012030 0.994352 0.964491 0.916620 0.844009 0.740166 0.600714 0.425661 0.221219 0.000000 
50.000000 41.088943 32.656659 25.104864 18.701801 13.559367 9.644977 6.818800 4.881725 3.620145 2.838616 2.377616 2.118400 1.979303 1.907992 1.873022 1.856602 1.849210 1.846017 1.844691 1.844162 1.843959 1.843884 1.843857 1.843848 1.843844 1.843843 1.843843 1.843842 1.843840 1.843836 1.843823 1.843790 1.843709 1.843511 1.843054 1.842034 1.839853 1.835377 1.826586 1.810073 1.780470 1.729927 1.647946 1.522021 1.339557 1.091323 0.776009 0.404313 0.000000 
50.000000 41.331492 33.128705 25.782406 19.553530 14.550941 10.742952 7.993555 6.109075 4.881725 4.121385 3.672874 3.420674 3.285339 3.215954 3.181928 3.165950 3.158758 3.155650 3.154361 3.153846 3.153648 3.153575 3.153548 3.153539 3.153536 3.153535 3.153535 3.153534 3.153531 3.153524 3.153506 3.153457 3.153335 3.153040 3.152351 3.150809 3.147488 3.140626 3.127033 3.101255 3.054537 2.973779 2.840962 2.633818 2.328742 1.906761 1.362308 0.712289 0.000000 
50.000000 41.703845 33.853382 26.822574 20.861146 16.073293 12.428707 9.797241 7.993555 6.818800 6.091023 5.661709 5.420296 5.290746 5.224324 5.191751 5.176454 5.169568 5.166593 5.165358 5.164865 5.164675 5.164605 5.164580 5.164572 5.164569 5.164568 5.164567 5.164566 5.164562 5.164553 5.164527 5.164460 5.164290 5.163877 5.162911 5.160733 5.156013 5.146183 5.126533 5.088873 5.019776 4.898621 4.696084 4.374324 3.890718 3.207297 2.306803 1.212337 0.000000 
50.000000 42.247019 34.910523 28.339973 22.768740 18.294204 14.888062 12.428707 10.742952 9.644977 8.964748 8.563469 8.337814 8.216715 8.154624 8.124173 8.109873 8.103435 8.100653 8.099498 8.099038 8.098860 8.098795 8.098771 8.098763 8.098760 8.098759 8.098759 8.098757 8.098753 8.098741 8.098708 8.098621 8.098402 8.097868 8.096612 8.093762 8.087543 8.074485 8.048128 7.997031 7.901990 7.732623 7.444031 6.975234 6.252489 5.202135 3.777735 2.001077 0.000000 
50.000000 42.999237 36.374525 30.441403 25.410595 21.370043 18.294204 16.073293 14.550941 13.559367 12.945038 12.582622 12.378815 12.269436 12.213352 12.185846 12.172928 12.167112 12.164599 12.163556 12.163140 12.162980 12.162920 12.162899 12.162892 12.162889 12.162889 12.162888 12.162886 12.162881 12.162867 12.162828 12.162726 12.162467 12.161833 12.160333 12.156913 12.149396 12.133480 12.101029 12.037346 11.917123 11.698969 11.318970 10.685021 9.676129 8.155051 6.007786 3.223281 0.000000 
50.000000 43.987329 38.297612 33.201839 28.880988 25.410595 22.768740 20.861146 19.553530 18.701801 18.174096 17.862773 17.687692 17.593727 17.545545 17.521913 17.510814 17.505817 17.503657 17.502761 17.502403 17.502266 17.502215 17.502196 17.502190 17.502188 17.502187 17.502186 17.502184 17.502179 17.502164 17.502123 17.502014 17.501738 17.501057 17.499439 17.495731 17.487524 17.470007 17.433930 17.362244 17.224789 16.970428 16.516251 15.734466 14.440494 12.393157 9.334162 5.120136 0.000000 
50.000000 45.217528 40.691919 36.638706 33.201839 30.441403 28.339973 26.822574 25.782406 25.104864 24.685070 24.437403 24.298116 24.223359 24.185025 24.166222 24.157391 24.153415 24.151697 24.150983 24.150699 24.150589 24.150549 24.150534 24.150529 24.150527 24.150527 24.150526 24.150524 24.150519 24.150505 24.150466 24.150364 24.150104 24.149460 24.147925 24.144387 24.136511 24.119571 24.084357 24.013541 23.875645 23.615277 23.137838 22.286353 20.808682 18.319353 14.286789 8.165209 0.000000 
50.000000 46.668325 43.515582 40.691919 38.297612 36.374525 34.910523 33.853382 33.128705 32.656659 32.364180 32.191622 32.094574 32.042485 32.015774 32.002672 31.996519 31.993748 31.992550 31.992053 31.991855 31.991778 31.991750 31.991740 31.991736 31.991735 31.991735 31.991734 31.991733 31.991729 31.991718 31.991688 31.991608 31.991403 31.990896 31.989682 31.986874 31.980593 31.967001 31.938519 31.880650 31.766397 31.546579 31.132788 30.366739 28.963450 26.405129 21.757791 13.474506 0.000000 
50.000000 48.288196 46.668325 45.217528 43.987329 42.999237 42.247019 41.703845 41.331492 41.088943 40.938658 40.849990 40.800122 40.773356 40.759630 40.752898 40.749735 40.748311 40.747696 40.747441 40.747339 40.747299 40.747285 40.747280 40.747278 40.747277 40.747277 40.747277 40.747276 40.747274 40.747268 40.747251 40.747207 40.747094 40.746813 40.746140 40.744580 40.741078 40.733469 40.717438 40.684630 40.619204 40.491508 40.245942 39.775956 38.867193 37.052320 33.193819 24.144098 0.000000 
50.000000 50.000000 50.000000 50.000000 50.000000 50.000000 50.000000 50.000000 50.000000 50.000000 50.000000 50.000000 50.000000 50.000000 50.000000 50.000000 50.000000 50.000000 50.000000 50.000000 50.000000 50.000000 50.000000 50.000000 50.000000 50.000000 50.000000 50.000000 50.000000 50.000000 50.000000 50.000000 50.000000 50.000000 50.000000 50.000000 50.000000 50.000000 50.000000 50.000000 50.000000 50.000000 50.000000 50.000000 50.000000 50.000000 50.000000 50.000000 50.000000 50.000000 
