50.000000 50.000000 50.000000 50.000000 50.000000 50.000000 50.000000 50.000000 50.000000 50.000000 50.000000 50.000000 50.000000 50.000000 50.000000 50.000000 50.000000 50.000000 50.000000 50.000000 50.000000 50.000000 50.000000 50.000000 50.000000 50.000000 50.000000 50.000000 50.000000 50.000000 50.000000 50.000000 50.000000 50.000000 50.000000 50.000000 50.000000 50.000000 50.000000 50.000000 50.000000 50.000000 50.000000 50.000000 50.000000 50.000000 50.000000 50.000000 50.000000 50.000000 
50.000000 46.333403 43.087578 40.539085 38.758038 37.644935 37.019496 36.701761 36.555002 36.493035 36.468995 36.460385 36.457526 36.456642 36.456386 36.456317 36.456299 36.456295 36.456294 36.456294 36.456294 36.456294 36.456294 36.456294 36.456294 36.456294 36.456294 36.456294 36.456294 36.456294 36.456294 36.456294 36.456294 36.456293 36.456292 36.456288 36.456271 36.456205 36.455958 36.455098 36.452263 36.443433 36.417457 36.345041 36.152656 35.660561 34.427667 31.321316 23.166702 0.000000 
50.000000 43.087578 36.968520 32.164240 28.806873 26.708747 25.529922 24.931108 24.654545 24.537783 24.492490 24.476269 24.470883 24.469218 24.468737 24.468606 24.468573 24.468565 24.468563 24.468563 24.468563 24.468563 24.468563 24.468563 24.468563 24.468563 24.468563 24.468563 24.468563 24.468563 24.468563 24.468563 24.468563 24.468562 24.468561 24.468554 24.468527 24.468421 24.468030 24.466672 24.462231 24.448555 24.408940 24.300983 24.023898 23.352720 21.814863 18.484260 11.766262 0.000000 
50.000000 40.539085 32.164240 25.589184 20.994668 18.123665 16.510771 15.691557 15.313253 15.153559 15.091621 15.069444 15.062081 15.059805 15.059147 15.058969 15.058924 15.058913 15.058910 15.058910 15.058910 15.058910 15.058910 15.058909 15.058909 15.058909 15.058909 15.058909 15.058909 15.058909 15.058909 15.058909 15.058909 15.058909 15.058907 15.058900 15.058872 15.058761 15.058358 15.056966 15.052462 15.038780 14.999869 14.896474 14.640337 14.050519 12.794592 10.349378 6.111417 0.000000 
50.000000 38.758038 28.806873 20.994668 15.536077 12.125466 10.209648 9.236702 8.787471 8.597866 8.524339 8.498016 8.489278 8.486578 8.485798 8.485587 8.485533 8.485520 8.485517 8.485516 8.485516 8.485516 8.485516 8.485516 8.485516 8.485516 8.485516 8.485516 8.485516 8.485516 8.485516 8.485516 8.485516 8.485516 8.485514 8.485509 8.485486 8.485396 8.485071 8.483960 8.480402 8.469743 8.439976 8.362738 8.177341 7.768039 6.944150 5.454153 3.097476 0.000000 
50.000000 37.644935 26.708747 18.123665 12.125466 8.378035 6.273241 5.204452 4.711033 4.502807 4.422072 4.393173 4.383581 4.380617 4.379762 4.379530 4.379471 4.379457 4.379453 4.379453 4.379453 4.379453 4.379453 4.379453 4.379453 4.379453 4.379453 4.379453 4.379453 4.379453 4.379453 4.379452 4.379452 4.379452 4.379451 4.379447 4.379432 4.379371 4.379153 4.378415 4.376076 4.369160 4.350160 4.301876 4.189018 3.948125 3.483328 2.684850 1.492279 0.000000 
50.000000 37.019496 25.529922 16.510771 10.209648 6.273241 4.062491 2.940005 2.421849 2.203209 2.118446 2.088109 2.078041 2.074931 2.074033 2.073790 2.073728 2.073713 2.073710 2.073709 2.073709 2.073709 2.073709 2.073709 2.073709 2.073709 2.073709 2.073709 2.073709 2.073709 2.073709 2.073709 2.073709 2.073709 2.073708 2.073706 2.073697 2.073661 2.073536 2.073114 2.071789 2.067916 2.057429 2.031245 1.971365 1.846910 1.614296 1.228939 0.674455 0.000000 
50.000000 36.701761 24.931108 15.691557 9.236702 5.204452 2.940005 1.790329 1.259660 1.035758 0.948961 0.917899 0.907592 0.904407 0.903488 0.903239 0.903176 0.903160 0.903157 0.903156 0.903156 0.903156 0.903156 0.903156 0.903156 0.903156 0.903156 0.903156 0.903156 0.903156 0.903156 0.903156 0.903156 0.903156 0.903156 0.903155 0.903150 0.903132 0.903068 0.902856 0.902195 0.900282 0.895165 0.882576 0.854293 0.796726 0.691688 0.522167 0.284304 0.000000 
50.000000 36.555002 24.654545 15.313253 8.787471 4.711033 2.421849 1.259660 0.723238 0.496918 0.409189 0.377795 0.367378 0.364160 0.363231 0.362979 0.362915 0.362900 0.362897 0.362896 0.362896 0.362896 0.362896 0.362896 0.362896 0.362896 0.362896 0.362896 0.362896 0.362896 0.362896 0.362896 0.362896 0.362896 0.362895 0.362895 0.362893 0.362885 0.362856 0.362760 0.362465 0.361619 0.359378 0.353933 0.341872 0.317727 0.274473 0.205990 0.111568 0.000000 
50.000000 36.493035 24.537783 15.153559 8.597866 4.502807 2.203209 1.035758 0.496918 0.269585 0.181464 0.149931 0.139468 0.136236 0.135303 0.135051 0.134986 0.134971 0.134967 0.134967 0.134966 0.134966 0.134966 0.134966 0.134966 0.134966 0.134966 0.134966 0.134966 0.134966 0.134966 0.134966 0.134966 0.134966 0.134966 0.134966 0.134965 0.134962 0.134950 0.134911 0.134792 0.134453 0.133563 0.131420 0.126731 0.117464 0.101097 0.075552 0.040773 0.000000 
50.000000 36.468995 24.492490 15.091621 8.524339 4.422072 2.118446 0.948961 0.409189 0.181464 0.093193 0.061607 0.051126 0.047889 0.046954 0.046701 0.046637 0.046622 0.046618 0.046617 0.046617 0.046617 0.046617 0.046617 0.046617 0.046617 0.046617 0.046617 0.046617 0.046617 0.046617 0.046617 0.046617 0.046617 0.046617 0.046617 0.046617 0.046615 0.046611 0.046597 0.046553 0.046429 0.046105 0.045332 0.043656 0.040379 0.034655 0.025818 0.013897 0.000000 
50.000000 36.460385 24.476269 15.069444 8.498016 4.393173 2.088109 0.917899 0.377795 0.149931 0.061607 0.030001 0.019515 0.016275 0.015340 0.015087 0.015023 0.015007 0.015004 0.015003 0.015003 0.015003 0.015003 0.015003 0.015003 0.015003 0.015003 0.015003 0.015003 0.015003 0.015003 0.015003 0.015003 0.015003 0.015003 0.015003 0.015003 0.015002 0.015001 0.014996 0.014981 0.014939 0.014830 0.014573 0.014019 0.012946 0.011086 0.008240 0.004427 0.000000 
50.000000 36.457526 24.470883 15.062081 8.489278 4.383581 2.078041 0.907592 0.367378 0.139468 0.051126 0.019515 0.009026 0.005786 0.004851 0.004598 0.004533 0.004518 0.004514 0.004513 0.004513 0.004513 0.004513 0.004513 0.004513 0.004513 0.004513 0.004513 0.004513 0.004513 0.004513 0.004513 0.004513 0.004513 0.004513 0.004513 0.004513 0.004513 0.004513 0.004511 0.004506 0.004493 0.004460 0.004380 0.004210 0.003882 0.003319 0.002462 0.001321 0.000000 
50.000000 36.456642 24.469218 15.059805 8.486578 4.380617 2.074931 0.904407 0.364160 0.136236 0.047889 0.016275 0.005786 0.002546 0.001611 0.001357 0.001293 0.001277 0.001274 0.001273 0.001273 0.001273 0.001273 0.001273 0.001273 0.001273 0.001273 0.001273 0.001273 0.001273 0.001273 0.001273 0.001273 0.001273 0.001273 0.001273 0.001273 0.001273 0.001273 0.001272 0.001271 0.001267 0.001257 0.001234 0.001186 0.001092 0.000933 0.000691 0.000370 0.000000 
50.000000 36.456386 24.468737 15.059147 8.485798 4.379762 2.074033 0.903488 0.363231 0.135303 0.046954 0.015340 0.004851 0.001611 0.000675 0.000422 0.000358 0.000342 0.000339 0.000338 0.000338 0.000338 0.000338 0.000338 0.000338 0.000338 0.000338 0.000338 0.000338 0.000338 0.000338 0.000338 0.000338 0.000338 0.000338 0.000338 0.000338 0.000338 0.000338 0.000337 0.000337 0.000336 0.000333 0.000327 0.000314 0.000289 0.000247 0.000182 0.000098 0.000000 
50.000000 36.456317 24.468606 15.058969 8.485587 4.379530 2.073790 0.903239 0.362979 0.135051 0.046701 0.015087 0.004598 0.001357 0.000422 0.000169 0.000104 0.000089 0.000085 0.000085 0.000084 0.000084 0.000084 0.000084 0.000084 0.000084 0.000084 0.000084 0.000084 0.000084 0.000084 0.000084 0.000084 0.000084 0.000084 0.000084 0.000084 0.000084 0.000084 0.000084 0.000084 0.000084 0.000083 0.000082 0.000078 0.000072 0.000061 0.000045 0.000024 0.000000 
50.000000 36.456299 24.468573 15.058924 8.485533 4.379471 2.073728 0.903176 0.362915 0.134986 0.046637 0.015023 0.004533 0.001293 0.000358 0.000104 0.000040 0.000024 0.000021 0.000020 0.000020 0.000020 0.000020 0.000020 0.000020 0.000020 0.000020 0.000020 0.000020 0.000020 0.000020 0.000020 0.000020 0.000020 0.000020 0.000020 0.000020 0.000020 0.000020 0.000020 0.000020 0.000020 0.000020 0.000019 0.000019 0.000017 0.000015 0.000011 0.000006 0.000000 
50.000000 36.456295 24.468565 15.058913 8.485520 4.379457 2.073713 0.903160 0.362900 0.134971 0.046622 0.015007 0.004518 0.001277 0.000342 0.000089 0.000024 0.000009 0.000005 0.000005 0.000005 0.000004 0.000004 0.000004 0.000004 0.000004 0.000004 0.000004 0.000004 0.000004 0.000004 0.000004 0.000004 0.000004 0.000004 0.000004 0.000004 0.000004 0.000004 0.000004 0.000004 0.000004 0.000004 0.000004 0.000004 0.000004 0.000003 0.000002 0.000001 0.000000 
50.000000 36.456294 24.468563 15.058910 8.485517 4.379453 2.073710 0.903157 0.362897 0.134967 0.046618 0.015004 0.004514 0.001274 0.000339 0.000085 0.000021 0.000005 0.000002 0.000001 0.000001 0.000001 0.000001 0.000001 0.000001 0.000001 0.000001 0.000001 0.000001 0.000001 0.000001 0.000001 0.000001 0.000001 0.000001 0.000001 0.000001 0.000001 0.000001 0.000001 0.000001 0.000001 0.000001 0.000001 0.000001 0.000001 0.000001 0.000001 0.000000 0.000000 
50.000000 36.456294 24.468563 15.058910 8.485516 4.379453 2.073709 0.903156 0.362896 0.134967 0.046617 0.015003 0.004513 0.001273 0.000338 0.000085 0.000020 0.000005 0.000001 0.000000 0.000000 0.000000 0.000000 0.000000 0.000000 0.000000 0.000000 0.000000 0.000000 0.000000 0.000000 0.000000 0.000000 0.000000 0.000000 0.000000 0.000000 0.000000 0.000000 0.000000 0.000000 0.000000 0.000000 0.000000 0.000000 0.000000 0.000000 0.000000 0.000000 0.000000 
50.000000 36.456294 24.468563 15.058910 8.485516 4.379453 2.073709 0.903156 0.362896 0.134966 0.046617 0.015003 0.004513 0.001273 0.000338 0.000084 0.000020 0.000005 0.000001 0.000000 0.000000 0.000000 0.000000 0.000000 0.000000 0.000000 0.000000 0.000000 0.000000 0.000000 0.000000 0.000000 0.000000 0.000000 0.000000 0.000000 0.000000 0.000000 0.000000 0.000000 0.000000 0.000000 0.000000 0.000000 0.000000 0.000000 0.000000 0.000000 0.000000 0.000000 
50.000000 36.456294 24.468563 15.058910 8.485516 4.379453 2.073709 0.903156 0.362896 0.134966 0.046617 0.015003 0.004513 0.001273 0.000338 0.000084 0.000020 0.000004 0.000001 0.000000 0.000000 0.000000 0.000000 0.000000 0.000000 0.000000 0.000000 0.000000 0.000000 0.000000 0.000000 0.000000 0.000000 0.000000 0.000000 0.000000 0.000000 0.000000 0.000000 0.000000 0.000000 0.000000 0.000000 0.000000 0.000000 0.000000 0.000000 0.000000 0.000000 0.000000 
50.000000 36.456294 24.468563 15.058910 8.485516 4.379453 2.073709 0.903156 0.362896 0.134966 0.046617 0.015003 0.004513 0.001273 0.000338 0.000084 0.000020 0.000004 0.000001 0.000000 0.000000 0.000000 0.000000 0.000000 0.000000 0.000000 0.000000 0.000000 0.000000 0.000000 0.000000 0.000000 0.000000 0.000000 0.000000 0.000000 0.000000 0.000000 0.000000 0.000000 0.000000 0.000000 0.000000 0.000000 0.000000 0.000000 0.000000 0.000000 0.000000 0.000000 
50.000000 36.456294 24.468563 15.058909 8.485516 4.379453 2.073709 0.903156 0.362896 0.134966 0.046617 0.015003 0.004513 0.001273 0.000338 0.000084 0.000020 0.000004 0.000001 0.000000 0.000000 0.000000 0.000000 0.000000 0.000000 0.000000 0.000000 0.000000 0.000000 0.000000 0.000000 0.000000 0.000000 0.000000 0.000000 0.000000 0.000000 0.000000 0.000000 0.000000 0.000000 0.000000 0.000000 0.000000 0.000000 0.000000 0.000000 0.000000 0.000000 0.000000 
50.000000 36.456294 24.468563 15.058909 8.485516 4.379453 2.073709 0.903156 0.362896 0.134966 0.046617 0.015003 0.004513 0.001273 0.000338 0.000084 0.000020 0.000004 0.000001 0.000000 0.000000 0.000000 0.000000 0.000000 0.000000 0.000000 0.000000 0.000000 0.000000 0.000000 0.000000 0.000000 0.000000 0.000000 0.000000 0.000000 0.000000 0.000000 0.000000 0.000000 0.000000 0.000000 0.000000 0.000000 0.000000 0.000000 0.000000 0.000000 0.000000 0.000000 
50.000000 36.456294 24.468563 15.058909 8.485516 4.379453 2.073709 0.903156 0.362896 0.134966 0.046617 0.015003 0.004513 0.001273 0.000338 0.000084 0.000020 0.000004 0.000001 0.000000 0.000000 0.000000 0.000000 0.000000 0.000000 0.000000 0.000000 0.000000 0.000000 0.000000 0.000000 0.000000 0.000000 0.000000 0.000000 0.000000 0.000000 0.000000 0.000000 0.000000 0.000000 0.000000 0.000000 0.000000 0.000000 0.000000 0.000000 0.000000 0.000000 0.000000 
50.000000 36.456294 24.468563 15.058909 8.485516 4.379453 2.073709 0.903156 0.362896 0.134966 0.046617 0.015003 0.004513 0.001273 0.000338 0.000084 0.000020 0.000004 0.000001 0.000000 0.000000 0.000000 0.000000 0.000000 0.000000 0.000000 0.000000 0.000000 0.000000 0.000000 0.000000 0.000000 0.000000 0.000000 0.000000 0.000000 0.000000 0.000000 0.000000 0.000000 0.000000 0.000000 0.000000 0.000000 0.000000 0.000000 0.000000 0.000000 0.000000 0.000000 
50.000000 36.456294 24.468563 15.058910 8.485516 4.379453 2.073709 0.903156 0.362896 0.134966 0.046617 0.015003 0.004513 0.001273 0.000338 0.000084 0.000020 0.000004 0.000001 0.000000 0.000000 0.000000 0.000000 0.000000 0.000000 0.000000 0.000000 0.000000 0.000000 0.000000 0.000000 0.000000 0.000000 0.000000 0.000000 0.000000 0.000000 0.000000 0.000000 0.000000 0.000000 0.000000 0.000000 0.000000 0.000000 0.000000 0.000000 0.000000 0.000000 0.000000 
50.000000 36.456294 24.468563 15.058910 8.485516 4.379453 2.073709 0.903156 0.362896 0.134966 0.046617 0.015003 0.004513 0.001273 0.000338 0.000084 0.000020 0.000004 0.000001 0.000000 0.000000 0.000000 0.000000 0.000000 0.000000 0.000000 0.000000 0.000000 0.000000 0.000000 0.000000 0.000000 0.000000 0.000000 0.000000 0.000000 0.000000 0.000000 0.000000 0.000000 0.000000 0.000000 0.000000 0.000000 0.000000 0.000000 0.000000 0.000000 0.000000 0.000000 
50.000000 36.456294 24.468563 15.058910 8.485516 4.379453 2.073709 0.903156 0.362896 0.134966 0.046617 0.015003 0.004513 0.001273 0.000338 0.000084 0.000020 0.000005 0.000001 0.000000 0.000000 0.000000 0.000000 0.000000 0.000000 0.000000 0.000000 0.000000 0.000000 0.000000 0.000000 0.000000 0.000000 0.000000 0.000000 0.000000 0.000000 0.000000 0.000000 0.000000 0.000000 0.000000 0.000000 0.000000 0.000000 0.000000 0.000000 0.000000 0.000000 0.000000 
50.000000 36.456294 24.468563 15.058910 8.485516 4.379453 2.073709 0.903156 0.362896 0.134967 0.046617 0.015003 0.004513 0.001273 0.000338 0.000085 0.000020 0.000005 0.000001 0.000000 0.000000 0.000000 0.000000 0.000000 0.000000 0.000000 0.000000 0.000000 0.000000 0.000000 0.000000 0.000000 0.000000 0.000000 0.000000 0.000000 0.000000 0.000000 0.000000 0.000000 0.000000 0.000000 0.000000 0.000000 0.000000 0.000000 0.000000 0.000000 0.000000 0.000000 
50.000000 36.456294 24.468563 15.058910 8.485517 4.379453 2.073710 0.903157 0.362897 0.134967 0.046618 0.015004 0.004514 0.001274 0.000339 0.000085 0.000021 0.000005 0.000002 0.000001 0.000001 0.000001 0.000001 0.000001 0.000001 0.000001 0.000001 0.000001 0.000001 0.000001 0.000001 0.000001 0.000001 0.000001 0.000001 0.000001 0.000001 0.000001 0.000001 0.000001 0.000001 0.000001 0.000001 0.000001 0.000001 0.000001 0.000001 0.000001 0.000000 0.000000 
50.000000 36.456295 24.468565 15.058913 8.485520 4.379457 2.073713 0.903160 0.362900 0.134971 0.046622 0.015007 0.004518 0.001277 0.000342 0.000089 0.000024 0.000009 0.000005 0.000005 0.000005 0.000004 0.000004 0.000004 0.000004 0.000004 0.000004 0.000004 0.000004 0.000004 0.000004 0.000004 0.000004 0.000004 0.000004 0.000004 0.000004 0.000004 0.000004 0.000004 0.000004 0.000004 0.000004 0.000004 0.000004 0.000004 0.000003 0.000002 0.000001 0.000000 
50.000000 36.456299 24.468573 15.058924 8.485533 4.379471 2.073728 0.903176 0.362915 0.134986 0.046637 0.015023 0.004533 0.001293 0.000358 0.000104 0.000040 0.000024 0.000021 0.000020 0.000020 0.000020 0.000020 0.000020 0.000020 0.000020 0.000020 0.000020 0.000020 0.000020 0.000020 0.000020 0.000020 0.000020 0.000020 0.000020 0.000020 0.000020 0.000020 0.000020 0.000020 0.000020 0.000020 0.000019 0.000019 0.000017 0.000015 0.000011 0.000006 0.000000 
50.000000 36.456317 24.468606 15.058969 8.485587 4.379530 2.073790 0.903239 0.362979 0.135051 0.046701 0.015087 0.004598 0.001357 0.000422 0.000169 0.000104 0.000089 0.000085 0.000085 0.000084 0.000084 0.000084 0.000084 0.000084 0.000084 0.000084 0.000084 0.000084 0.000084 0.000084 0.000084 0.000084 0.000084 0.000084 0.000084 0.000084 0.000084 0.000084 0.000084 0.000084 0.000084 0.000083 0.000082 0.000078 0.000072 0.000061 0.000045 0.000024 0.000000 
50.000000 36.456386 24.468737 15.059147 8.485798 4.379762 2.074033 0.903488 0.363231 0.135303 0.046954 0.015340 0.004851 0.001611 0.000675 0.000422 0.000358 0.000342 0.000339 0.000338 0.000338 0.000338 0.000338 0.000338 0.000338 0.000338 0.000338 0.000338 0.000338 0.000338 0.000338 0.000338 0.000338 0.000338 0.000338 0.000338 0.000338 0.000338 0.000338 0.000337 0.000337 0.000336 0.000333 0.000327 0.000314 0.000289 0.000247 0.000182 0.000098 0.000000 
50.000000 36.456642 24.469218 15.059805 8.486578 4.380617 2.074931 0.904407 0.364160 0.136236 0.047889 0.016275 0.005786 0.002546 0.001611 0.001357 0.001293 0.001277 0.001274 0.001273 0.001273 0.001273 0.001273 0.001273 0.001273 0.001273 0.001273 0.001273 0.001273 0.001273 0.001273 0.001273 0.001273 0.001273 0.001273 0.001273 0.001273 0.001273 0.001273 0.001272 0.001271 0.001267 0.001257 0.001234 0.001186 0.001092 0.000933 0.000691 0.000370 0.000000 
50.000000 36.457526 24.470883 15.062081 8.489278 4.383581 2.078041 0.907592 0.367378 0.139468 0.051126 0.019515 0.009026 0.005786 0.004851 0.004598 0.004533 0.004518 0.004514 0.004513 0.004513 0.004513 0.004513 0.004513 0.004513 0.004513 0.004513 0.004513 0.004513 0.004513 0.004513 0.004513 0.004513 0.004513 0.004513 0.004513 0.004513 0.004513 0.004513 0.004511 0.004506 0.004493 0.004460 0.004380 0.004210 0.003882 0.003319 0.002462 0.001321 0.000000 
50.000000 36.460385 24.476269 15.069444 8.498016 4.393173 2.088109 0.917899 0.377795 0.149931 0.061607 0.030001 0.019515 0.016275 0.015340 0.015087 0.015023 0.015007 0.015004 0.015003 0.015003 0.015003 0.015003 0.015003 0.015003 0.015003 0.015003 0.015003 0.015003 0.015003 0.015003 0.015003 0.015003 0.015003 0.015003 0.015003 0.015003 0.015002 0.015001 0.014996 0.014981 0.014939 0.014830 0.014573 0.014019 0.012946 0.011086 0.008240 0.004427 0.000000 
50.000000 36.468995 24.492490 15.091621 8.524339 4.422072 2.118446 0.948961 0.409189 0.181464 0.093193 0.061607 0.051126 0.047889 0.046954 0.046701 0.046637 0.046622 0.046618 0.046617 0.046617 0.046617 0.046617 0.046617 0.046617 0.046617 0.046617 0.046617 0.046617 0.046617 0.046617 0.046617 0.046617 0.046617 0.046617 0.046617 0.046617 0.046615 0.046611 0.046597 0.046553 0.046429 0.046105 0.045332 0.043656 0.040379 0.034655 0.025818 0.013897 0.000000 
50.000000 36.493035 24.537783 15.153559 8.597866 4.502807 2.203209 1.035758 0.496918 0.269585 0.181464 0.149931 0.139468 0.136236 0.135303 0.135051 0.134986 0.134971 0.134967 0.134967 0.134966 0.134966 0.134966 0.134966 0.134966 0.134966 0.134966 0.134966 0.134966 0.134966 0.134966 0.134966 0.134966 0.134966 0.134966 0.134966 0.134965 0.134962 0.134950 0.134911 0.134792 0.134453 0.133563 0.131420 0.126731 0.117464 0.101097 0.075552 0.040773 0.000000 
50.000000 36.555002 24.654545 15.313253 8.787471 4.711033 2.421849 1.259660 0.723238 0.496918 0.409189 0.377795 0.367378 0.364160 0.363231 0.362979 0.362915 0.362900 0.362897 0.362896 0.362896 0.362896 0.362896 0.362896 0.362896 0.362896 0.362896 0.362896 0.362896 0.362896 0.362896 0.362896 0.362896 0.362896 0.362895 0.362895 0.362893 0.362885 0.362856 0.362760 0.362465 0.361619 0.359378 0.353933 0.341872 0.317727 0.274473 0.205990 0.111568 0.000000 
50.000000 36.701761 24.931108 15.691557 9.236702 5.204452 2.940005 1.790329 1.259660 1.035758 0.948961 0.917899 0.907592 0.904407 0.903488 0.903239 0.903176 0.903160 0.903157 0.903156 0.903156 0.903156 0.903156 0.903156 0.903156 0.903156 0.903156 0.903156 0.903156 0.903156 0.903156 0.903156 0.903156 0.903156 0.903156 0.903155 0.903150 0.903132 0.903068 0.902856 0.902195 0.900282 0.895165 0.882576 0.854293 0.796726 0.691688 0.522167 0.284304 0.000000 
50.000000 37.019496 25.529922 16.510771 10.209648 6.273241 4.062491 2.940005 2.421849 2.203209 2.118446 2.088109 2.078041 2.074931 2.074033 2.073790 2.073728 2.073713 2.073710 2.073709 2.073709 2.073709 2.073709 2.073709 2.073709 2.073709 2.073709 2.073709 2.073709 2.073709 2.073709 2.073709 2.073709 2.073709 2.073708 2.073706 2.073697 2.073661 2.073536 2.073114 2.071789 2.067916 2.057429 2.031245 1.971365 1.846910 1.614296 1.228939 0.674455 0.000000 
50.000000 37.644935 26.708747 18.123665 12.125466 8.378035 6.273241 5.204452 4.711033 4.502807 4.422072 4.393173 4.383581 4.380617 4.379762 4.379530 4.379471 4.379457 4.379453 4.379453 4.379453 4.379453 4.379453 4.379453 4.379453 4.379453 4.379453 4.379453 4.379453 4.379453 4.379453 4.379452 4.379452 4.379452 4.379451 4.379447 4.379432 4.379371 4.379153 4.378415 4.376076 4.369160 4.350160 4.301876 4.189018 3.948125 3.483328 2.684850 1.492279 0.000000 
50.000000 38.758038 28.806873 20.994668 15.536077 12.125466 10.209648 9.236702 8.787471 8.597866 8.524339 8.498016 8.489278 8.486578 8.485798 8.485587 8.485533 8.485520 8.485517 8.485516 8.485516 8.485516 8.485516 8.485516 8.485516 8.485516 8.485516 8.485516 8.485516 8.485516 8.485516 8.485516 8.485516 8.485516 8.485514 8.485509 8.485486 8.485396 8.485071 8.483960 8.480402 8.469743 8.439976 8.362738 8.177341 7.768039 6.944150 5.454153 3.097476 0.000000 
50.000000 40.539085 32.164240 25.589184 20.994668 18.123665 16.510771 15.691557 15.313253 15.153559 15.091621 15.069444 15.062081 15.059805 15.059147 15.058969 15.058924 15.058913 15.058910 15.058910 15.058910 15.058910 15.058910 15.058909 15.058909 15.058909 15.058909 15.058909 15.058909 15.058909 15.058909 15.058909 15.058909 15.058909 15.058907 15.058900 15.058872 15.058761 15.058358 15.056966 15.052462 15.038780 14.999869 14.896474 14.640337 14.050519 12.794592 10.349378 6.111417 0.000000 
50.000000 43.087578 36.968520 32.164240 28.806873 26.708747 25.529922 24.931108 24.654545 24.537783 24.492490 24.476269 24.470883 24.469218 24.468737 24.468606 24.468573 24.468565 24.468563 24.468563 24.468563 24.468563 24.468563 24.468563 24.468563 24.468563 24.468563 24.468563 24.468563 24.468563 24.468563 24.468563 24.468563 24.468562 24.468561 24.468554 24.468527 24.468421 24.468030 24.466672 24.462231 24.448555 24.408940 24.300983 24.023898 23.352720 21.814863 18.484260 11.766262 0.000000 
50.000000 46.333403 43.087578 40.539085 38.758038 37.644935 37.019496 36.701761 36.555002 36.493035 36.468995 36.460385 36.457526 36.456642 36.456386 36.456317 36.456299 36.456295 36.456294 36.456294 36.456294 36.456294 36.456294 36.456294 36.456294 36.456294 36.456294 36.456294 36.456294 36.456294 36.456294 36.456294 36.456294 36.456293 36.456292 36.456288 36.456271 36.456205 36.455958 36.455098 36.452263 36.443433 36.417457 36.345041 36.152656 35.660561 34.427667 31.321316 23.166702 0.000000 
50.000000 50.000000 50.000000 50.000000 50.000000 50.000000 50.000000 50.000000 50.000000 50.000000 50.000000 50.000000 50.000000 50.000000 50.000000 50.000000 50.000000 50.000000 50.000000 50.000000 50.000000 50.000000 50.000000 50.000000 50.000000 50.000000 50.000000 50.000000 50.000000 50.000000 50.000000 50.000000 50.000000 50.000000 50.000000 50.000000 50.000000 50.000000 50.000000 50.000000 50.000000 50.000000 50.000000 50.000000 50.000000 50.000000 50.000000 50.000000 50.000000 50.000000 
