50.000000 50.000000 50.000000 50.000000 50.000000 50.000000 50.000000 50.000000 50.000000 50.000000 50.000000 50.000000 50.000000 50.000000 50.000000 50.000000 50.000000 50.000000 50.000000 50.000000 50.000000 50.000000 50.000000 50.000000 50.000000 50.000000 50.000000 50.000000 50.000000 50.000000 50.000000 50.000000 50.000000 50.000000 50.000000 50.000000 50.000000 50.000000 50.000000 50.000000 50.000000 50.000000 50.000000 50.000000 50.000000 50.000000 50.000000 50.000000 50.000000 50.000000 
50.000000 48.201158 46.503826 44.992356 43.721612 42.712387 41.954677 41.416435 41.054326 40.823357 40.683519 40.603062 40.559013 40.536039 40.524608 40.519176 40.516708 40.515634 40.515186 40.515007 40.514938 40.514912 40.514903 40.514900 40.514899 40.514899 40.514899 40.514898 40.514898 40.514897 40.514893 40.514881 40.514850 40.514768 40.514557 40.514035 40.512787 40.509903 40.503459 40.489528 40.460322 40.400774 40.282195 40.050049 39.598796 38.714807 36.930948 33.109176 24.100579 0.000000 
50.000000 46.503826 43.204950 40.267322 37.797570 35.836109 34.363489 33.317419 32.613672 32.164797 31.893035 31.736675 31.651075 31.606428 31.584216 31.573660 31.568864 31.566777 31.565906 31.565558 31.565424 31.565374 31.565357 31.565351 31.565349 31.565348 31.565348 31.565347 31.565346 31.565344 31.565337 31.565316 31.565261 31.565112 31.564733 31.563796 31.561561 31.556412 31.544959 31.520329 31.469068 31.365600 31.162508 30.773340 30.041663 28.683831 26.182419 21.602475 13.394650 0.000000 
50.000000 44.992356 40.267322 36.059733 32.522319 29.712960 27.603789 26.105572 25.097661 24.454794 24.065593 23.841670 23.719084 23.655150 23.623341 23.608227 23.601359 23.598371 23.597124 23.596626 23.596434 23.596363 23.596337 23.596329 23.596326 23.596325 23.596325 23.596324 23.596323 23.596320 23.596311 23.596285 23.596214 23.596027 23.595550 23.594374 23.591579 23.585174 23.571014 23.540804 23.478576 23.354695 23.116064 22.670626 21.863814 20.445227 18.029867 14.084903 8.061408 0.000000 
50.000000 43.721612 37.797570 32.522319 28.087348 24.565214 21.920963 20.042702 18.779152 17.973253 17.485366 17.204673 17.051016 16.970878 16.931010 16.912067 16.903459 16.899714 16.898153 16.897528 16.897287 16.897198 16.897167 16.897156 16.897152 16.897151 16.897151 16.897150 16.897149 16.897146 16.897136 16.897109 16.897034 16.896838 16.896339 16.895113 16.892215 16.885614 16.871129 16.840514 16.778199 16.656040 16.425406 16.006161 15.273144 14.043674 12.077093 9.113739 5.006805 0.000000 
50.000000 42.712387 35.836109 29.712960 24.565214 20.477080 17.407967 15.227970 13.761474 12.826165 12.259953 11.934209 11.755896 11.662904 11.616644 11.594664 11.584677 11.580332 11.578520 11.577795 11.577516 11.577413 11.577376 11.577364 11.577360 11.577358 11.577358 11.577357 11.577356 11.577353 11.577344 11.577319 11.577250 11.577069 11.576610 11.575489 11.572853 11.566888 11.553904 11.526736 11.472118 11.366694 11.171496 10.825297 10.238540 9.292070 7.849146 5.794446 3.113591 0.000000 
50.000000 41.954677 34.363489 27.603789 21.920963 17.407967 14.019963 11.613515 9.994730 8.962324 8.337353 7.977819 7.781017 7.678387 7.627334 7.603078 7.592058 7.587264 7.585265 7.584465 7.584157 7.584043 7.584003 7.583989 7.583984 7.583983 7.583982 7.583982 7.583981 7.583978 7.583971 7.583950 7.583892 7.583741 7.583361 7.582437 7.580276 7.575420 7.564938 7.543222 7.500091 7.418055 7.268863 7.009982 6.582671 5.914803 4.933163 3.590150 1.904628 0.000000 
50.000000 41.416435 33.317419 26.105572 20.042702 15.227970 11.613515 9.046280 7.319380 6.218055 5.551384 5.167875 4.957957 4.848491 4.794040 4.768171 4.756417 4.751305 4.749173 4.748320 4.747992 4.747871 4.747828 4.747813 4.747808 4.747806 4.747806 4.747805 4.747805 4.747803 4.747797 4.747781 4.747737 4.747622 4.747334 4.746636 4.745015 4.741398 4.733651 4.717755 4.686540 4.627967 4.523140 4.344652 4.056474 3.617296 2.989508 2.154911 1.134239 0.000000 
50.000000 41.054326 32.613672 25.097661 18.779152 13.761474 9.994730 7.319380 5.519795 4.372144 3.677450 3.277831 3.059103 2.945047 2.888314 2.861362 2.849118 2.843792 2.841571 2.840682 2.840340 2.840214 2.840169 2.840154 2.840149 2.840147 2.840146 2.840146 2.840146 2.840144 2.840140 2.840129 2.840097 2.840017 2.839815 2.839328 2.838204 2.835711 2.830414 2.819641 2.798707 2.759898 2.691413 2.576675 2.394780 2.123111 1.742966 1.248072 0.653552 0.000000 
50.000000 40.823357 32.164797 24.454794 17.973253 12.826165 8.962324 6.218055 4.372144 3.194973 2.482426 2.072547 1.848209 1.731231 1.673046 1.645405 1.632848 1.627386 1.625109 1.624198 1.623848 1.623718 1.623672 1.623656 1.623651 1.623649 1.623649 1.623648 1.623648 1.623647 1.623644 1.623637 1.623616 1.623563 1.623431 1.623115 1.622389 1.620788 1.617411 1.610600 1.597486 1.573438 1.531514 1.462233 1.354047 1.195054 0.976218 0.695729 0.363035 0.000000 
50.000000 40.683519 31.893035 24.065593 17.485366 12.259953 8.337353 5.551384 3.677450 2.482426 1.759085 1.343004 1.115276 0.996533 0.937471 0.909414 0.896669 0.891125 0.888814 0.887889 0.887533 0.887402 0.887355 0.887339 0.887334 0.887332 0.887331 0.887331 0.887331 0.887330 0.887329 0.887324 0.887311 0.887279 0.887198 0.887006 0.886566 0.885603 0.883584 0.879542 0.871826 0.857809 0.833629 0.794131 0.733217 0.644853 0.524789 0.372706 0.193991 0.000000 
50.000000 40.603062 31.736675 23.841670 17.204673 11.934209 7.977819 5.167875 3.277831 2.072547 1.343004 0.923362 0.693687 0.573930 0.514366 0.486071 0.473217 0.467626 0.465295 0.464362 0.464004 0.463871 0.463824 0.463808 0.463803 0.463801 0.463800 0.463800 0.463800 0.463800 0.463799 0.463796 0.463789 0.463770 0.463724 0.463614 0.463363 0.462818 0.461681 0.459420 0.455136 0.447418 0.434224 0.412881 0.380305 0.333545 0.270656 0.191717 0.099602 0.000000 
50.000000 40.559013 31.651075 23.719084 17.051016 11.755896 7.781017 4.957957 3.059103 1.848209 1.115276 0.693687 0.462949 0.342639 0.282800 0.254374 0.241462 0.235845 0.233504 0.232567 0.232207 0.232073 0.232026 0.232010 0.232004 0.232003 0.232002 0.232002 0.232002 0.232002 0.232001 0.232000 0.231996 0.231985 0.231960 0.231901 0.231766 0.231474 0.230869 0.229673 0.227420 0.223392 0.216559 0.205597 0.189009 0.165401 0.133910 0.094663 0.049111 0.000000 
50.000000 40.536039 31.606428 23.655150 16.970878 11.662904 7.678387 4.848491 2.945047 1.731231 0.996533 0.573930 0.342639 0.222041 0.162060 0.133566 0.120623 0.114993 0.112646 0.111707 0.111346 0.111213 0.111165 0.111149 0.111143 0.111142 0.111141 0.111141 0.111141 0.111141 0.111141 0.111140 0.111138 0.111132 0.111120 0.111089 0.111021 0.110872 0.110567 0.109966 0.108842 0.106843 0.103476 0.098111 0.090052 0.078663 0.063570 0.044868 0.023252 0.000000 
50.000000 40.524608 31.584216 23.623341 16.931010 11.616644 7.627334 4.794040 2.888314 1.673046 0.937471 0.514366 0.282800 0.162060 0.102007 0.073481 0.060522 0.054886 0.052536 0.051596 0.051234 0.051101 0.051053 0.051037 0.051031 0.051030 0.051029 0.051029 0.051029 0.051029 0.051029 0.051028 0.051027 0.051025 0.051018 0.051004 0.050970 0.050899 0.050752 0.050465 0.049931 0.048986 0.047404 0.044897 0.041155 0.035897 0.028968 0.020419 0.010573 0.000000 
50.000000 40.519176 31.573660 23.608227 16.912067 11.594664 7.603078 4.768171 2.861362 1.645405 0.909414 0.486071 0.254374 0.133566 0.073481 0.044938 0.031972 0.026333 0.023982 0.023041 0.022679 0.022546 0.022498 0.022482 0.022476 0.022475 0.022474 0.022474 0.022474 0.022474 0.022474 0.022474 0.022473 0.022472 0.022469 0.022462 0.022447 0.022414 0.022347 0.022216 0.021974 0.021548 0.020837 0.019717 0.018054 0.015728 0.012677 0.008927 0.004619 0.000000 
50.000000 40.516708 31.568864 23.601359 16.903459 11.584677 7.592058 4.756417 2.849118 1.632848 0.896669 0.473217 0.241462 0.120623 0.060522 0.031972 0.019003 0.013362 0.011011 0.010070 0.009708 0.009574 0.009527 0.009510 0.009505 0.009503 0.009503 0.009502 0.009502 0.009502 0.009502 0.009502 0.009502 0.009501 0.009500 0.009497 0.009490 0.009476 0.009447 0.009390 0.009285 0.009101 0.008795 0.008316 0.007608 0.006621 0.005331 0.003751 0.001940 0.000000 
50.000000 40.515634 31.566777 23.598371 16.899714 11.580332 7.587264 4.751305 2.843792 1.627386 0.891125 0.467626 0.235845 0.114993 0.054886 0.026333 0.013362 0.007721 0.005369 0.004428 0.004066 0.003932 0.003885 0.003869 0.003863 0.003861 0.003861 0.003861 0.003861 0.003861 0.003861 0.003861 0.003861 0.003860 0.003860 0.003858 0.003856 0.003850 0.003837 0.003814 0.003770 0.003694 0.003568 0.003372 0.003082 0.002680 0.002156 0.001516 0.000784 0.000000 
50.000000 40.515186 31.565906 23.597124 16.898153 11.578520 7.585265 4.749173 2.841571 1.625109 0.888814 0.465295 0.233504 0.112646 0.052536 0.023982 0.011011 0.005369 0.003017 0.002076 0.001714 0.001580 0.001533 0.001516 0.001511 0.001509 0.001509 0.001509 0.001509 0.001509 0.001509 0.001509 0.001508 0.001508 0.001508 0.001508 0.001507 0.001504 0.001499 0.001490 0.001472 0.001442 0.001393 0.001315 0.001201 0.001044 0.000839 0.000590 0.000305 0.000000 
50.000000 40.515007 31.565558 23.596626 16.897528 11.577795 7.584465 4.748320 2.840682 1.624198 0.887889 0.464362 0.232567 0.111707 0.051596 0.023041 0.010070 0.004428 0.002076 0.001135 0.000773 0.000639 0.000592 0.000575 0.000570 0.000568 0.000568 0.000567 0.000567 0.000567 0.000567 0.000567 0.000567 0.000567 0.000567 0.000567 0.000567 0.000566 0.000564 0.000560 0.000554 0.000542 0.000523 0.000494 0.000451 0.000392 0.000315 0.000221 0.000114 0.000000 
50.000000 40.514938 31.565424 23.596434 16.897287 11.577516 7.584157 4.747992 2.840340 1.623848 0.887533 0.464004 0.232207 0.111346 0.051234 0.022679 0.009708 0.004066 0.001714 0.000773 0.000411 0.000277 0.000230 0.000214 0.000208 0.000206 0.000206 0.000206 0.000206 0.000206 0.000206 0.000206 0.000206 0.000206 0.000206 0.000206 0.000205 0.000205 0.000204 0.000203 0.000201 0.000196 0.000189 0.000179 0.000163 0.000142 0.000114 0.000080 0.000041 0.000000 
50.000000 40.514912 31.565374 23.596363 16.897198 11.577413 7.584043 4.747871 2.840214 1.623718 0.887402 0.463871 0.232073 0.111213 0.051101 0.022546 0.009574 0.003933 0.001580 0.000639 0.000277 0.000144 0.000096 0.000080 0.000074 0.000073 0.000072 0.000072 0.000072 0.000072 0.000072 0.000072 0.000072 0.000072 0.000072 0.000072 0.000072 0.000072 0.000071 0.000071 0.000070 0.000069 0.000066 0.000062 0.000057 0.000049 0.000040 0.000028 0.000014 0.000000 
50.000000 40.514903 31.565357 23.596337 16.897167 11.577376 7.584003 4.747828 2.840169 1.623672 0.887355 0.463824 0.232026 0.111165 0.051053 0.022498 0.009527 0.003885 0.001533 0.000592 0.000230 0.000096 0.000049 0.000032 0.000027 0.000025 0.000025 0.000024 0.000024 0.000024 0.000024 0.000024 0.000024 0.000024 0.000024 0.000024 0.000024 0.000024 0.000024 0.000024 0.000024 0.000023 0.000022 0.000021 0.000019 0.000017 0.000013 0.000009 0.000005 0.000000 
50.000000 40.514900 31.565351 23.596329 16.897156 11.577364 7.583989 4.747813 2.840154 1.623656 0.887339 0.463808 0.232010 0.111149 0.051037 0.022482 0.009510 0.003869 0.001517 0.000576 0.000214 0.000080 0.000032 0.000016 0.000011 0.000009 0.000008 0.000008 0.000008 0.000008 0.000008 0.000008 0.000008 0.000008 0.000008 0.000008 0.000008 0.000008 0.000008 0.000008 0.000008 0.000008 0.000007 0.000007 0.000006 0.000006 0.000004 0.000003 0.000002 0.000000 
50.000000 40.514899 31.565349 23.596326 16.897153 11.577360 7.583985 4.747809 2.840149 1.623652 0.887334 0.463803 0.232005 0.111144 0.051032 0.022477 0.009506 0.003864 0.001512 0.000571 0.000209 0.000075 0.000027 0.000011 0.000006 0.000004 0.000003 0.000003 0.000003 0.000003 0.000003 0.000003 0.000003 0.000003 0.000003 0.000003 0.000003 0.000003 0.000003 0.000003 0.000003 0.000003 0.000003 0.000003 0.000003 0.000002 0.000002 0.000001 0.000001 0.000000 
50.000000 40.514899 31.565349 23.596326 16.897153 11.577360 7.583985 4.747809 2.840149 1.623652 0.887334 0.463803 0.232005 0.111144 0.051032 0.022477 0.009506 0.003864 0.001512 0.000571 0.000209 0.000075 0.000027 0.000011 0.000006 0.000004 0.000003 0.000003 0.000003 0.000003 0.000003 0.000003 0.000003 0.000003 0.000003 0.000003 0.000003 0.000003 0.000003 0.000003 0.000003 0.000003 0.000003 0.000003 0.000003 0.000002 0.000002 0.000001 0.000001 0.000000 
50.000000 40.514900 31.565351 23.596329 16.897156 11.577364 7.583989 4.747813 2.840154 1.623656 0.887339 0.463808 0.232010 0.111149 0.051037 0.022482 0.009510 0.003869 0.001517 0.000576 0.000214 0.000080 0.000032 0.000016 0.000011 0.000009 0.000008 0.000008 0.000008 0.000008 0.000008 0.000008 0.000008 0.000008 0.000008 0.000008 0.000008 0.000008 0.000008 0.000008 0.000008 0.000008 0.000007 0.000007 0.000006 0.000006 0.000004 0.000003 0.000002 0.000000 
50.000000 40.514903 31.565357 23.596337 16.897167 11.577376 7.584003 4.747828 2.840169 1.623672 0.887355 0.463824 0.232026 0.111165 0.051053 0.022498 0.009527 0.003885 0.001533 0.000592 0.000230 0.000096 0.000049 0.000032 0.000027 0.000025 0.000025 0.000024 0.000024 0.000024 0.000024 0.000024 0.000024 0.000024 0.000024 0.000024 0.000024 0.000024 0.000024 0.000024 0.000024 0.000023 0.000022 0.000021 0.000019 0.000017 0.000013 0.000009 0.000005 0.000000 
50.000000 40.514912 31.565374 23.596363 16.897198 11.577413 7.584043 4.747871 2.840214 1.623718 0.887402 0.463871 0.232073 0.111213 0.051101 0.022546 0.009574 0.003933 0.001580 0.000639 0.000277 0.000144 0.000096 0.000080 0.000074 0.000073 0.000072 0.000072 0.000072 0.000072 0.000072 0.000072 0.000072 0.000072 0.000072 0.000072 0.000072 0.000072 0.000071 0.000071 0.000070 0.000069 0.000066 0.000062 0.000057 0.000049 0.000040 0.000028 0.000014 0.000000 
50.000000 40.514938 31.565424 23.596434 16.897287 11.577516 7.584157 4.747992 2.840340 1.623848 0.887533 0.464004 0.232207 0.111346 0.051234 0.022679 0.009708 0.004066 0.001714 0.000773 0.000411 0.000277 0.000230 0.000214 0.000208 0.000206 0.000206 0.000206 0.000206 0.000206 0.000206 0.000206 0.000206 0.000206 0.000206 0.000206 0.000205 0.000205 0.000204 0.000203 0.000201 0.000196 0.000189 0.000179 0.000163 0.000142 0.000114 0.000080 0.000041 0.000000 
50.000000 40.515007 31.565558 23.596626 16.897528 11.577795 7.584465 4.748320 2.840682 1.624198 0.887889 0.464362 0.232567 0.111707 0.051596 0.023041 0.010070 0.004428 0.002076 0.001135 0.000773 0.000639 0.000592 0.000575 0.000570 0.000568 0.000568 0.000567 0.000567 0.000567 0.000567 0.000567 0.000567 0.000567 0.000567 0.000567 0.000567 0.000566 0.000564 0.000560 0.000554 0.000542 0.000523 0.000494 0.000451 0.000392 0.000315 0.000221 0.000114 0.000000 
50.000000 40.515186 31.565906 23.597124 16.898153 11.578520 7.585265 4.749173 2.841571 1.625109 0.888814 0.465295 0.233504 0.112646 0.052536 0.023982 0.011011 0.005369 0.003017 0.002076 0.001714 0.001580 0.001533 0.001516 0.001511 0.001509 0.001509 0.001509 0.001509 0.001509 0.001509 0.001509 0.001508 0.001508 0.001508 0.001508 0.001507 0.001504 0.001499 0.001490 0.001472 0.001442 0.001393 0.001315 0.001201 0.001044 0.000839 0.000590 0.000305 0.000000 
50.000000 40.515634 31.566777 23.598371 16.899714 11.580332 7.587264 4.751305 2.843792 1.627386 0.891125 0.467626 0.235845 0.114993 0.054886 0.026333 0.013362 0.007721 0.005369 0.004428 0.004066 0.003932 0.003885 0.003869 0.003863 0.003861 0.003861 0.003861 0.003861 0.003861 0.003861 0.003861 0.003861 0.003860 0.003860 0.003858 0.003856 0.003850 0.003837 0.003814 0.003770 0.003694 0.003568 0.003372 0.003082 0.002680 0.002156 0.001516 0.000784 0.000000 
50.000000 40.516708 31.568864 23.601359 16.903459 11.584677 7.592058 4.756417 2.849118 1.632848 0.896669 0.473217 0.241462 0.120623 0.060522 0.031972 0.019003 0.013362 0.011011 0.010070 0.009708 0.009574 0.009527 0.009510 0.009505 0.009503 0.009503 0.009502 0.009502 0.009502 0.009502 0.009502 0.009502 0.009501 0.009500 0.009497 0.009490 0.009476 0.009447 0.009390 0.009285 0.009101 0.008795 0.008316 0.007608 0.006621 0.005331 0.003751 0.001940 0.000000 
50.000000 40.519176 31.573660 23.608227 16.912067 11.594664 7.603078 4.768171 2.861362 1.645405 0.909414 0.486071 0.254374 0.133566 0.073481 0.044938 0.031972 0.026333 0.023982 0.023041 0.022679 0.022546 0.022498 0.022482 0.022476 0.022475 0.022474 0.022474 0.022474 0.022474 0.022474 0.022474 0.022473 0.022472 0.022469 0.022462 0.022447 0.022414 0.022347 0.022216 0.021974 0.021548 0.020837 0.019717 0.018054 0.015728 0.012677 0.008927 0.004619 0.000000 
50.000000 40.524608 31.584216 23.623341 16.931010 11.616644 7.627334 4.794040 2.888314 1.673046 0.937471 0.514366 0.282800 0.162060 0.102007 0.073481 0.060522 0.054886 0.052536 0.051596 0.051234 0.051101 0.051053 0.051037 0.051031 0.051030 0.051029 0.051029 0.051029 0.051029 0.051029 0.051028 0.051027 0.051025 0.051018 0.051004 0.050970 0.050899 0.050752 0.050465 0.049931 0.048986 0.047404 0.044897 0.041155 0.035897 0.028968 0.020419 0.010573 0.000000 
50.000000 40.536039 31.606428 23.655150 16.970878 11.662904 7.678387 4.848491 2.945047 1.731231 0.996533 0.573930 0.342639 0.222041 0.162060 0.133566 0.120623 0.114993 0.112646 0.111707 0.111346 0.111213 0.111165 0.111149 0.111143 0.111142 0.111141 0.111141 0.111141 0.111141 0.111141 0.111140 0.111138 0.111132 0.111120 0.111089 0.111021 0.110872 0.110567 0.109966 0.108842 0.106843 0.103476 0.098111 0.090052 0.078663 0.063570 0.044868 0.023252 0.000000 
50.000000 40.559013 31.651075 23.719084 17.051016 11.755896 7.781017 4.957957 3.059103 1.848209 1.115276 0.693687 0.462949 0.342639 0.282800 0.254374 0.241462 0.235845 0.233504 0.232567 0.232207 0.232073 0.232026 0.232010 0.232004 0.232003 0.232002 0.232002 0.232002 0.232002 0.232001 0.232000 0.231996 0.231985 0.231960 0.231901 0.231766 0.231474 0.230869 0.229673 0.227420 0.223392 0.216559 0.205597 0.189009 0.165401 0.133910 0.094663 0.049111 0.000000 
50.000000 40.603062 31.736675 23.841670 17.204673 11.934209 7.977819 5.167875 3.277831 2.072547 1.343004 0.923362 0.693687 0.573930 0.514366 0.486071 0.473217 0.467626 0.465295 0.464362 0.464004 0.463871 0.463824 0.463808 0.463803 0.463801 0.463800 0.463800 0.463800 0.463800 0.463799 0.463796 0.463789 0.463770 0.463724 0.463614 0.463363 0.462818 0.461681 0.459420 0.455136 0.447418 0.434224 0.412881 0.380305 0.333545 0.270656 0.191717 0.099602 0.000000 
50.000000 40.683519 31.893035 24.065593 17.485366 12.259953 8.337353 5.551384 3.677450 2.482426 1.759085 1.343004 1.115276 0.996533 0.937471 0.909414 0.896669 0.891125 0.888814 0.887889 0.887533 0.887402 0.887355 0.887339 0.887334 0.887332 0.887331 0.887331 0.887331 0.887330 0.887329 0.887324 0.887311 0.887279 0.887198 0.887006 0.886566 0.885603 0.883584 0.879542 0.871826 0.857809 0.833629 0.794131 0.733217 0.644853 0.524789 0.372706 0.193991 0.000000 
50.000000 40.823357 32.164797 24.454794 17.973253 12.826165 8.962324 6.218055 4.372144 3.194973 2.482426 2.072547 1.848209 1.731231 1.673046 1.645405 1.632848 1.627386 1.625109 1.624198 1.623848 1.623718 1.623672 1.623656 1.623651 1.623649 1.623649 1.623648 1.623648 1.623647 1.623644 1.623637 1.623616 1.623563 1.623431 1.623115 1.622389 1.620788 1.617411 1.610600 1.597486 1.573438 1.531514 1.462233 1.354047 1.195054 0.976218 0.695729 0.363035 0.000000 
50.000000 41.054326 32.613672 25.097661 18.779152 13.761474 9.994730 7.319380 5.519795 4.372144 3.677450 3.277831 3.059103 2.945047 2.888314 2.861362 2.849118 2.843792 2.841571 2.840682 2.840340 2.840214 2.840169 2.840154 2.840149 2.840147 2.840146 2.840146 2.840146 2.840144 2.840140 2.840129 2.840097 2.840017 2.839815 2.839328 2.838204 2.835711 2.830414 2.819641 2.798707 2.759898 2.691413 2.576675 2.394780 2.123111 1.742966 1.248072 0.653552 0.000000 
50.000000 41.416435 33.317419 26.105572 20.042702 15.227970 11.613515 9.046280 7.319380 6.218055 5.551384 5.167875 4.957957 4.848491 4.794040 4.768171 4.756417 4.751305 4.749173 4.748320 4.747992 4.747871 4.747828 4.747813 4.747808 4.747806 4.747806 4.747805 4.747805 4.747803 4.747797 4.747781 4.747737 4.747622 4.747334 4.746636 4.745015 4.741398 4.733651 4.717755 4.686540 4.627967 4.523140 4.344652 4.056474 3.617296 2.989508 2.154911 1.134239 0.000000 
50.000000 41.954677 34.363489 27.603789 21.920963 17.407967 14.019963 11.613515 9.994730 8.962324 8.337353 7.977819 7.781017 7.678387 7.627334 7.603078 7.592058 7.587264 7.585265 7.584465 7.584157 7.584043 7.584003 7.583989 7.583984 7.583983 7.583982 7.583982 7.583981 7.583978 7.583971 7.583950 7.583892 7.583741 7.583361 7.582437 7.580276 7.575420 7.564938 7.543222 7.500091 7.418055 7.268863 7.009982 6.582671 5.914803 4.933163 3.590150 1.904628 0.000000 
50.000000 42.712387 35.836109 29.712960 24.565214 20.477080 17.407967 15.227970 13.761474 12.826165 12.259953 11.934209 11.755896 11.662904 11.616644 11.594664 11.584677 11.580332 11.578520 11.577795 11.577516 11.577413 11.577376 11.577364 11.577360 11.577358 11.577358 11.577357 11.577356 11.577353 11.577344 11.577319 11.577250 11.577069 11.576610 11.575489 11.572853 11.566888 11.553904 11.526736 11.472118 11.366694 11.171496 10.825297 10.238540 9.292070 7.849146 5.794446 3.113591 0.000000 
50.000000 43.721612 37.797570 32.522319 28.087348 24.565214 21.920963 20.042702 18.779152 17.973253 17.485366 17.204673 17.051016 16.970878 16.931010 16.912067 16.903459 16.899714 16.898153 16.897528 16.897287 16.897198 16.897167 16.897156 16.897152 16.897151 16.897151 16.897150 16.897149 16.897146 16.897136 16.897109 16.897034 16.896838 16.896339 16.895113 16.892215 16.885614 16.871129 16.840514 16.778199 16.656040 16.425406 16.006161 15.273144 14.043674 12.077093 9.113739 5.006805 0.000000 
50.000000 44.992356 40.267322 36.059733 32.522319 29.712960 27.603789 26.105572 25.097661 24.454794 24.065593 23.841670 23.719084 23.655150 23.623341 23.608227 23.601359 23.598371 23.597124 23.596626 23.596434 23.596363 23.596337 23.596329 23.596326 23.596325 23.596325 23.596324 23.596323 23.596320 23.596311 23.596285 23.596214 23.596027 23.595550 23.594374 23.591579 23.585174 23.571014 23.540804 23.478576 23.354695 23.116064 22.670626 21.863814 20.445227 18.029867 14.084903 8.061408 0.000000 
50.000000 46.503826 43.204950 40.267322 37.797570 35.836109 34.363489 33.317419 32.613672 32.164797 31.893035 31.736675 31.651075 31.606428 31.584216 31.573660 31.568864 31.566777 31.565906 31.565558 31.565424 31.565374 31.565357 31.565351 31.565349 31.565348 31.565348 31.565347 31.565346 31.565344 31.565337 31.565316 31.565261 31.565112 31.564733 31.563796 31.561561 31.556412 31.544959 31.520329 31.469068 31.365600 31.162508 30.773340 30.041663 28.683831 26.182419 21.602475 13.394650 0.000000 
50.000000 48.201158 46.503826 44.992356 43.721612 42.712387 41.954677 41.416435 41.054326 40.823357 40.683519 40.603062 40.559013 40.536039 40.524608 40.519176 40.516708 40.515634 40.515186 40.515007 40.514938 40.514912 40.514903 40.514900 40.514899 40.514899 40.514899 40.514898 40.514898 40.514897 40.514893 40.514881 40.514850 40.514768 40.514557 40.514035 40.512787 40.509903 40.503459 40.489528 40.460322 40.400774 40.282195 40.050049 39.598796 38.714807 36.930948 33.109176 24.100579 0.000000 
50.000000 50.000000 50.000000 50.000000 50.000000 50.000000 50.000000 50.000000 50.000000 50.000000 50.000000 50.000000 50.000000 50.000000 50.000000 50.000000 50.000000 50.000000 50.000000 50.000000 50.000000 50.000000 50.000000 50.000000 50.000000 50.000000 50.000000 50.000000 50.000000 50.000000 50.000000 50.000000 50.000000 50.000000 50.000000 50.000000 50.000000 50.000000 50.000000 50.000000 50.000000 50.000000 50.000000 50.000000 50.000000 50.000000 50.000000 50.000000 50.000000 50.000000 
