50.000000 50.000000 50.000000 50.000000 50.000000 50.000000 50.000000 50.000000 50.000000 50.000000 50.000000 50.000000 50.000000 50.000000 50.000000 50.000000 50.000000 50.000000 50.000000 50.000000 50.000000 50.000000 50.000000 50.000000 50.000000 50.000000 50.000000 50.000000 50.000000 50.000000 50.000000 50.000000 50.000000 50.000000 50.000000 50.000000 50.000000 50.000000 50.000000 50.000000 50.000000 50.000000 50.000000 50.000000 50.000000 50.000000 50.000000 50.000000 50.000000 50.000000 
50.000000 48.579868 47.223027 45.984314 44.903543 44.002102 43.283090 42.734412 42.333636 42.053267 41.865303 41.744461 41.669908 41.625738 41.600588 41.586815 41.579555 41.575869 41.574065 41.573213 41.572824 41.572653 41.572580 41.572550 41.572538 41.572533 41.572531 41.572529 41.572524 41.572514 41.572487 41.572423 41.572274 41.571935 41.571187 41.569582 41.566237 41.559454 41.546055 41.520236 41.471584 41.381639 41.217687 40.920950 40.382091 39.384995 37.462236 33.478329 24.289934 0.000000 
50.000000 47.223027 44.569817 42.147603 40.034238 38.271547 36.865587 35.792703 35.009033 34.460807 34.093272 33.856985 33.711210 33.624843 33.575667 33.548738 33.534543 33.527336 33.523809 33.522143 33.521384 33.521049 33.520907 33.520848 33.520824 33.520815 33.520810 33.520806 33.520798 33.520778 33.520729 33.520611 33.520336 33.519712 33.518338 33.515397 33.509281 33.496916 33.472592 33.425968 33.338737 33.179044 32.892038 32.383428 31.489763 29.922805 27.164593 22.284908 13.744698 0.000000 
50.000000 45.984314 42.147603 38.644938 35.588900 33.039970 31.006903 29.455490 28.322297 27.529567 26.998121 26.656461 26.445680 26.320801 26.249699 26.210762 26.190239 26.179820 26.174720 26.172311 26.171213 26.170730 26.170524 26.170439 26.170405 26.170391 26.170385 26.170379 26.170368 26.170342 26.170278 26.170123 26.169763 26.168948 26.167158 26.163338 26.155426 26.139507 26.108382 26.049188 25.939571 25.741630 25.392490 24.789780 23.769708 22.075834 19.322469 14.983010 8.522079 0.000000 
50.000000 44.903543 40.034238 35.588900 31.710413 28.475531 25.895363 23.926484 22.488382 21.482366 20.807942 20.374372 20.106894 19.948428 19.858204 19.808797 19.782756 19.769535 19.763064 19.760008 19.758615 19.758002 19.757740 19.757633 19.757590 19.757572 19.757564 19.757558 19.757546 19.757517 19.757445 19.757274 19.756877 19.755980 19.754017 19.749845 19.741245 19.724049 19.690676 19.627804 19.512766 19.308234 18.954720 18.360638 17.390591 15.855207 13.513066 10.111434 5.518548 0.000000 
50.000000 44.002102 38.271547 33.039970 28.475531 24.668559 21.632120 19.315098 17.622732 16.438866 15.645229 15.135029 14.820283 14.633819 14.527655 14.469522 14.438882 14.423327 14.415713 14.412119 14.410480 14.409758 14.409451 14.409324 14.409273 14.409253 14.409244 14.409237 14.409225 14.409196 14.409126 14.408957 14.408567 14.407689 14.405774 14.401725 14.393426 14.376942 14.345215 14.286051 14.179156 13.992088 13.675137 13.155758 12.334279 11.084940 9.270262 6.781783 3.620011 0.000000 
50.000000 43.283090 36.865587 31.006903 25.895363 21.632120 18.231798 15.637143 13.742021 12.416344 11.527657 10.956365 10.603940 10.395157 10.276291 10.211203 10.176899 10.159484 10.150960 10.146936 10.145102 10.144294 10.143949 10.143808 10.143751 10.143728 10.143719 10.143712 10.143701 10.143674 10.143611 10.143460 10.143110 10.142326 10.140623 10.137040 10.129740 10.115344 10.087872 10.037168 9.946698 9.790762 9.531412 9.115899 8.476362 7.534725 6.217123 4.482159 2.362140 0.000000 
50.000000 42.734412 35.792703 29.455490 23.926484 19.315098 15.637143 12.830674 10.780875 9.347024 8.385839 7.767955 7.386796 7.160997 7.032445 6.962057 6.924960 6.906127 6.896910 6.892559 6.890575 6.889701 6.889329 6.889176 6.889115 6.889091 6.889081 6.889074 6.889064 6.889042 6.888989 6.888863 6.888573 6.887925 6.886523 6.883590 6.877651 6.866021 6.844016 6.803806 6.732908 6.612417 6.415337 6.105731 5.639961 4.971764 4.063000 2.900665 1.516725 0.000000 
50.000000 42.333636 35.009033 28.322297 22.488382 17.622732 13.742021 10.780875 8.618134 7.105303 6.091193 5.439299 5.037168 4.798951 4.663333 4.589077 4.549942 4.530076 4.520354 4.515764 4.513671 4.512750 4.512358 4.512196 4.512131 4.512106 4.512096 4.512090 4.512082 4.512064 4.512023 4.511925 4.511700 4.511200 4.510123 4.507880 4.503366 4.494590 4.478119 4.448304 4.396309 4.309067 4.168458 3.951258 3.630644 3.180147 2.580668 1.829989 0.951998 0.000000 
50.000000 42.053267 34.460807 27.529567 21.482366 16.438866 12.416344 9.347024 7.105303 5.537249 4.486136 3.810468 3.393679 3.146784 3.006228 2.929270 2.888713 2.868125 2.858049 2.853293 2.851125 2.850170 2.849763 2.849596 2.849529 2.849502 2.849492 2.849487 2.849480 2.849468 2.849437 2.849366 2.849202 2.848839 2.848060 2.846449 2.843223 2.836993 2.825390 2.804570 2.768624 2.708994 2.614116 2.469646 2.259710 1.969600 1.589997 1.122070 0.581683 0.000000 
50.000000 41.865303 34.093272 26.998121 20.807942 15.645229 11.527657 8.385839 6.091193 4.486136 3.410233 2.718640 2.292034 2.039328 1.895466 1.816699 1.775190 1.754119 1.743807 1.738939 1.736720 1.735743 1.735327 1.735156 1.735087 1.735060 1.735050 1.735045 1.735040 1.735031 1.735010 1.734961 1.734848 1.734599 1.734068 1.732973 1.730795 1.726614 1.718881 1.705117 1.681566 1.642889 1.582033 1.490488 1.359178 1.180138 0.948933 0.667304 0.345068 0.000000 
50.000000 41.744461 33.856985 26.656461 20.374372 15.135029 10.956365 7.767955 5.439299 3.810468 2.718640 2.016818 1.583907 1.327470 1.181486 1.101558 1.059438 1.038056 1.027594 1.022654 1.020403 1.019411 1.018989 1.018815 1.018746 1.018719 1.018708 1.018704 1.018700 1.018694 1.018680 1.018648 1.018574 1.018413 1.018069 1.017364 1.015968 1.013304 1.008409 0.999759 0.985078 0.961180 0.923939 0.868493 0.789814 0.683696 0.548079 0.384393 0.198406 0.000000 
50.000000 41.669908 33.711210 26.445680 20.106894 14.820283 10.603940 7.386796 5.037168 3.393679 2.292034 1.583907 1.147112 0.888375 0.741084 0.660442 0.617945 0.596373 0.585817 0.580834 0.578562 0.577562 0.577136 0.576961 0.576891 0.576863 0.576853 0.576849 0.576846 0.576842 0.576833 0.576813 0.576768 0.576668 0.576456 0.576024 0.575172 0.573556 0.570604 0.565421 0.556686 0.542578 0.520775 0.488596 0.443341 0.382845 0.306173 0.214293 0.110454 0.000000 
50.000000 41.625738 33.624843 26.320801 19.948428 14.633819 10.395157 7.160997 4.798951 3.146784 2.039328 1.327470 0.888375 0.628278 0.480214 0.399149 0.356430 0.334745 0.324134 0.319125 0.316842 0.315836 0.315408 0.315232 0.315161 0.315134 0.315124 0.315120 0.315118 0.315115 0.315110 0.315098 0.315071 0.315012 0.314888 0.314635 0.314139 0.313203 0.311502 0.308533 0.303561 0.295585 0.283346 0.265418 0.240393 0.207183 0.165376 0.115562 0.059500 0.000000 
50.000000 41.600588 33.575667 26.249699 19.858204 14.527655 10.276291 7.032445 4.663333 3.006228 1.895466 1.181486 0.741084 0.480214 0.331711 0.250405 0.207560 0.185811 0.175169 0.170145 0.167855 0.166846 0.166417 0.166240 0.166170 0.166142 0.166132 0.166128 0.166126 0.166125 0.166122 0.166115 0.166099 0.166066 0.165997 0.165855 0.165579 0.165060 0.164122 0.162493 0.159780 0.155453 0.148855 0.139251 0.125930 0.108359 0.086361 0.060271 0.031005 0.000000 
50.000000 41.586815 33.548738 26.210762 19.808797 14.469522 10.211203 6.962057 4.589077 2.929270 1.816699 1.101558 0.660442 0.399149 0.250405 0.168969 0.126054 0.104271 0.093611 0.088579 0.086286 0.085275 0.084845 0.084668 0.084598 0.084570 0.084560 0.084556 0.084554 0.084553 0.084552 0.084548 0.084540 0.084522 0.084484 0.084409 0.084261 0.083986 0.083489 0.082631 0.081209 0.078954 0.075533 0.070580 0.063747 0.054780 0.043605 0.030400 0.015628 0.000000 
50.000000 41.579555 33.534543 26.190239 19.782756 14.438882 10.176899 6.924960 4.549942 2.888713 1.775190 1.059438 0.617945 0.356430 0.207560 0.126054 0.083103 0.061301 0.050633 0.045597 0.043301 0.042290 0.041860 0.041683 0.041612 0.041584 0.041574 0.041570 0.041569 0.041568 0.041567 0.041565 0.041561 0.041552 0.041532 0.041494 0.041418 0.041277 0.041025 0.040591 0.039874 0.038743 0.037035 0.034573 0.031193 0.026776 0.021291 0.014831 0.007620 0.000000 
50.000000 41.575869 33.527336 26.179820 19.769535 14.423327 10.159484 6.906127 4.530076 2.868125 1.754119 1.038056 0.596373 0.334745 0.185811 0.104271 0.061301 0.039490 0.028817 0.023779 0.021482 0.020471 0.020040 0.019863 0.019792 0.019765 0.019755 0.019751 0.019749 0.019749 0.019748 0.019747 0.019745 0.019740 0.019731 0.019712 0.019675 0.019606 0.019482 0.019271 0.018923 0.018376 0.017554 0.016374 0.014760 0.012658 0.010056 0.007000 0.003595 0.000000 
50.000000 41.574065 33.523809 26.174720 19.763064 14.415713 10.150960 6.896910 4.520354 2.858049 1.743807 1.027594 0.585817 0.324134 0.175169 0.093611 0.050633 0.028817 0.018142 0.013103 0.010806 0.009794 0.009363 0.009186 0.009115 0.009088 0.009078 0.009074 0.009072 0.009072 0.009072 0.009071 0.009070 0.009068 0.009063 0.009054 0.009037 0.009004 0.008946 0.008847 0.008684 0.008429 0.008047 0.007501 0.006756 0.005789 0.004596 0.003198 0.001641 0.000000 
50.000000 41.573213 33.522143 26.172311 19.760008 14.412119 10.146936 6.892559 4.515764 2.853293 1.738939 1.022654 0.580834 0.319125 0.170145 0.088579 0.045597 0.023779 0.013103 0.008063 0.005765 0.004754 0.004323 0.004146 0.004075 0.004047 0.004037 0.004033 0.004032 0.004032 0.004031 0.004031 0.004031 0.004030 0.004028 0.004023 0.004015 0.004001 0.003974 0.003929 0.003856 0.003741 0.003570 0.003325 0.002993 0.002563 0.002034 0.001414 0.000726 0.000000 
50.000000 41.572824 33.521384 26.171214 19.758616 14.410480 10.145102 6.890575 4.513672 2.851125 1.736721 1.020403 0.578563 0.316842 0.167855 0.086286 0.043301 0.021482 0.010806 0.005766 0.003468 0.002457 0.002026 0.001849 0.001778 0.001750 0.001740 0.001736 0.001735 0.001735 0.001734 0.001734 0.001734 0.001734 0.001733 0.001731 0.001727 0.001721 0.001709 0.001689 0.001657 0.001608 0.001533 0.001428 0.001284 0.001099 0.000872 0.000606 0.000311 0.000000 
50.000000 41.572653 33.521049 26.170730 19.758002 14.409759 10.144294 6.889702 4.512751 2.850170 1.735744 1.019412 0.577563 0.315837 0.166847 0.085276 0.042291 0.020472 0.009795 0.004754 0.002457 0.001446 0.001015 0.000837 0.000766 0.000739 0.000729 0.000725 0.000724 0.000723 0.000723 0.000723 0.000723 0.000723 0.000722 0.000722 0.000720 0.000717 0.000712 0.000704 0.000691 0.000670 0.000638 0.000594 0.000534 0.000457 0.000362 0.000252 0.000129 0.000000 
50.000000 41.572581 33.520907 26.170525 19.757742 14.409452 10.143951 6.889331 4.512359 2.849765 1.735329 1.018991 0.577138 0.315410 0.166419 0.084847 0.041862 0.020042 0.009365 0.004325 0.002028 0.001016 0.000585 0.000408 0.000337 0.000310 0.000299 0.000296 0.000294 0.000294 0.000294 0.000294 0.000294 0.000294 0.000293 0.000293 0.000292 0.000291 0.000289 0.000286 0.000280 0.000272 0.000259 0.000241 0.000216 0.000185 0.000147 0.000102 0.000052 0.000000 
50.000000 41.572551 33.520850 26.170442 19.757636 14.409328 10.143812 6.889181 4.512201 2.849601 1.735161 1.018821 0.576966 0.315237 0.166246 0.084674 0.041688 0.019869 0.009192 0.004151 0.001854 0.000842 0.000412 0.000234 0.000163 0.000136 0.000126 0.000122 0.000121 0.000120 0.000120 0.000120 0.000120 0.000120 0.000120 0.000120 0.000119 0.000119 0.000118 0.000117 0.000114 0.000111 0.000106 0.000098 0.000088 0.000075 0.000060 0.000041 0.000021 0.000000 
50.000000 41.572541 33.520830 26.170413 19.757600 14.409285 10.143764 6.889129 4.512146 2.849544 1.735103 1.018761 0.576906 0.315177 0.166185 0.084613 0.041628 0.019808 0.009131 0.004091 0.001793 0.000782 0.000351 0.000174 0.000103 0.000075 0.000065 0.000061 0.000060 0.000060 0.000059 0.000059 0.000059 0.000059 0.000059 0.000059 0.000059 0.000059 0.000058 0.000058 0.000057 0.000055 0.000052 0.000049 0.000044 0.000037 0.000029 0.000020 0.000010 0.000000 
50.000000 41.572541 33.520830 26.170413 19.757600 14.409285 10.143764 6.889129 4.512146 2.849544 1.735103 1.018761 0.576906 0.315177 0.166185 0.084613 0.041628 0.019808 0.009131 0.004091 0.001793 0.000782 0.000351 0.000174 0.000103 0.000075 0.000065 0.000061 0.000060 0.000060 0.000059 0.000059 0.000059 0.000059 0.000059 0.000059 0.000059 0.000059 0.000058 0.000058 0.000057 0.000055 0.000052 0.000049 0.000044 0.000037 0.000029 0.000020 0.000010 0.000000 
50.000000 41.572551 33.520850 26.170442 19.757636 14.409328 10.143812 6.889181 4.512201 2.849601 1.735161 1.018821 0.576966 0.315237 0.166246 0.084674 0.041688 0.019869 0.009192 0.004151 0.001854 0.000842 0.000412 0.000234 0.000163 0.000136 0.000126 0.000122 0.000121 0.000120 0.000120 0.000120 0.000120 0.000120 0.000120 0.000120 0.000119 0.000119 0.000118 0.000117 0.000114 0.000111 0.000106 0.000098 0.000088 0.000075 0.000060 0.000041 0.000021 0.000000 
50.000000 41.572581 33.520907 26.170525 19.757742 14.409452 10.143951 6.889331 4.512359 2.849765 1.735329 1.018991 0.577138 0.315410 0.166419 0.084847 0.041862 0.020042 0.009365 0.004325 0.002028 0.001016 0.000585 0.000408 0.000337 0.000310 0.000299 0.000296 0.000294 0.000294 0.000294 0.000294 0.000294 0.000294 0.000293 0.000293 0.000292 0.000291 0.000289 0.000286 0.000280 0.000272 0.000259 0.000241 0.000216 0.000185 0.000147 0.000102 0.000052 0.000000 
50.000000 41.572653 33.521049 26.170730 19.758002 14.409759 10.144294 6.889702 4.512751 2.850170 1.735744 1.019412 0.577563 0.315837 0.166847 0.085276 0.042291 0.020472 0.009795 0.004754 0.002457 0.001446 0.001015 0.000837 0.000766 0.000739 0.000729 0.000725 0.000724 0.000723 0.000723 0.000723 0.000723 0.000723 0.000722 0.000722 0.000720 0.000717 0.000712 0.000704 0.000691 0.000670 0.000638 0.000594 0.000534 0.000457 0.000362 0.000252 0.000129 0.000000 
50.000000 41.572824 33.521384 26.171214 19.758616 14.410480 10.145102 6.890575 4.513672 2.851125 1.736721 1.020403 0.578563 0.316842 0.167855 0.086286 0.043301 0.021482 0.010806 0.005766 0.003468 0.002457 0.002026 0.001849 0.001778 0.001750 0.001740 0.001736 0.001735 0.001735 0.001734 0.001734 0.001734 0.001734 0.001733 0.001731 0.001727 0.001721 0.001709 0.001689 0.001657 0.001608 0.001533 0.001428 0.001284 0.001099 0.000872 0.000606 0.000311 0.000000 
50.000000 41.573213 33.522143 26.172311 19.760008 14.412119 10.146936 6.892559 4.515764 2.853293 1.738939 1.022654 0.580834 0.319125 0.170145 0.088579 0.045597 0.023779 0.013103 0.008063 0.005765 0.004754 0.004323 0.004146 0.004075 0.004047 0.004037 0.004033 0.004032 0.004032 0.004031 0.004031 0.004031 0.004030 0.004028 0.004023 0.004015 0.004001 0.003974 0.003929 0.003856 0.003741 0.003570 0.003325 0.002993 0.002563 0.002034 0.001414 0.000726 0.000000 
50.000000 41.574065 33.523809 26.174720 19.763064 14.415713 10.150960 6.896910 4.520354 2.858049 1.743807 1.027594 0.585817 0.324134 0.175169 0.093611 0.050633 0.028817 0.018142 0.013103 0.010806 0.009794 0.009363 0.009186 0.009115 0.009088 0.009078 0.009074 0.009072 0.009072 0.009072 0.009071 0.009070 0.009068 0.009063 0.009054 0.009037 0.009004 0.008946 0.008847 0.008684 0.008429 0.008047 0.007501 0.006756 0.005789 0.004596 0.003198 0.001641 0.000000 
50.000000 41.575869 33.527336 26.179820 19.769535 14.423327 10.159484 6.906127 4.530076 2.868125 1.754119 1.038056 0.596373 0.334745 0.185811 0.104271 0.061301 0.039490 0.028817 0.023779 0.021482 0.020471 0.020040 0.019863 0.019792 0.019765 0.019755 0.019751 0.019749 0.019749 0.019748 0.019747 0.019745 0.019740 0.019731 0.019712 0.019675 0.019606 0.019482 0.019271 0.018923 0.018376 0.017554 0.016374 0.014760 0.012658 0.010056 0.007000 0.003595 0.000000 
50.000000 41.579555 33.534543 26.190239 19.782756 14.438882 10.176899 6.924960 4.549942 2.888713 1.775190 1.059438 0.617945 0.356430 0.207560 0.126054 0.083103 0.061301 0.050633 0.045597 0.043301 0.042290 0.041860 0.041683 0.041612 0.041584 0.041574 0.041570 0.041569 0.041568 0.041567 0.041565 0.041561 0.041552 0.041532 0.041494 0.041418 0.041277 0.041025 0.040591 0.039874 0.038743 0.037035 0.034573 0.031193 0.026776 0.021291 0.014831 0.007620 0.000000 
50.000000 41.586815 33.548738 26.210762 19.808797 14.469522 10.211203 6.962057 4.589077 2.929270 1.816699 1.101558 0.660442 0.399149 0.250405 0.168969 0.126054 0.104271 0.093611 0.088579 0.086286 0.085275 0.084845 0.084668 0.084598 0.084570 0.084560 0.084556 0.084554 0.084553 0.084552 0.084548 0.084540 0.084522 0.084484 0.084409 0.084261 0.083986 0.083489 0.082631 0.081209 0.078954 0.075533 0.070580 0.063747 0.054780 0.043605 0.030400 0.015628 0.000000 
50.000000 41.600588 33.575667 26.249699 19.858204 14.527655 10.276291 7.032445 4.663333 3.006228 1.895466 1.181486 0.741084 0.480214 0.331711 0.250405 0.207560 0.185811 0.175169 0.170145 0.167855 0.166846 0.166417 0.166240 0.166170 0.166142 0.166132 0.166128 0.166126 0.166125 0.166122 0.166115 0.166099 0.166066 0.165997 0.165855 0.165579 0.165060 0.164122 0.162493 0.159780 0.155453 0.148855 0.139251 0.125930 0.108359 0.086361 0.060271 0.031005 0.000000 
50.000000 41.625738 33.624843 26.320801 19.948428 14.633819 10.395157 7.160997 4.798951 3.146784 2.039328 1.327470 0.888375 0.628278 0.480214 0.399149 0.356430 0.334745 0.324134 0.319125 0.316842 0.315836 0.315408 0.315232 0.315161 0.315134 0.315124 0.315120 0.315118 0.315115 0.315110 0.315098 0.315071 0.315012 0.314888 0.314635 0.314139 0.313203 0.311502 0.308533 0.303561 0.295585 0.283346 0.265418 0.240393 0.207183 0.165376 0.115562 0.059500 0.000000 
50.000000 41.669908 33.711210 26.445680 20.106894 14.820283 10.603940 7.386796 5.037168 3.393679 2.292034 1.583907 1.147112 0.888375 0.741084 0.660442 0.617945 0.596373 0.585817 0.580834 0.578562 0.577562 0.577136 0.576961 0.576891 0.576863 0.576853 0.576849 0.576846 0.576842 0.576833 0.576813 0.576768 0.576668 0.576456 0.576024 0.575172 0.573556 0.570604 0.565421 0.556686 0.542578 0.520775 0.488596 0.443341 0.382845 0.306173 0.214293 0.110454 0.000000 
50.000000 41.744461 33.856985 26.656461 20.374372 15.135029 10.956365 7.767955 5.439299 3.810468 2.718640 2.016818 1.583907 1.327470 1.181486 1.101558 1.059438 1.038056 1.027594 1.022654 1.020403 1.019411 1.018989 1.018815 1.018746 1.018719 1.018708 1.018704 1.018700 1.018694 1.018680 1.018648 1.018574 1.018413 1.018069 1.017364 1.015968 1.013304 1.008409 0.999759 0.985078 0.961180 0.923939 0.868493 0.789814 0.683696 0.548079 0.384393 0.198406 0.000000 
50.000000 41.865303 34.093272 26.998121 20.807942 15.645229 11.527657 8.385839 6.091193 4.486136 3.410233 2.718640 2.292034 2.039328 1.895466 1.816699 1.775190 1.754119 1.743807 1.738939 1.736720 1.735743 1.735327 1.735156 1.735087 1.735060 1.735050 1.735045 1.735040 1.735031 1.735010 1.734961 1.734848 1.734599 1.734068 1.732973 1.730795 1.726614 1.718881 1.705117 1.681566 1.642889 1.582033 1.490488 1.359178 1.180138 0.948933 0.667304 0.345068 0.000000 
50.000000 42.053267 34.460807 27.529567 21.482366 16.438866 12.416344 9.347024 7.105303 5.537249 4.486136 3.810468 3.393679 3.146784 3.006228 2.929270 2.888713 2.868125 2.858049 2.853293 2.851125 2.850170 2.849763 2.849596 2.849529 2.849502 2.849492 2.849487 2.849480 2.849468 2.849437 2.849366 2.849202 2.848839 2.848060 2.846449 2.843223 2.836993 2.825390 2.804570 2.768624 2.708994 2.614116 2.469646 2.259710 1.969600 1.589997 1.122070 0.581683 0.000000 
50.000000 42.333636 35.009033 28.322297 22.488382 17.622732 13.742021 10.780875 8.618134 7.105303 6.091193 5.439299 5.037168 4.798951 4.663333 4.589077 4.549942 4.530076 4.520354 4.515764 4.513671 4.512750 4.512358 4.512196 4.512131 4.512106 4.512096 4.512090 4.512082 4.512064 4.512023 4.511925 4.511700 4.511200 4.510123 4.507880 4.503366 4.494590 4.478119 4.448304 4.396309 4.309067 4.168458 3.951258 3.630644 3.180147 2.580668 1.829989 0.951998 0.000000 
50.000000 42.734412 35.792703 29.455490 23.926484 19.315098 15.637143 12.830674 10.780875 9.347024 8.385839 7.767955 7.386796 7.160997 7.032445 6.962057 6.924960 6.906127 6.896910 6.892559 6.890575 6.889701 6.889329 6.889176 6.889115 6.889091 6.889081 6.889074 6.889064 6.889042 6.888989 6.888863 6.888573 6.887925 6.886523 6.883590 6.877651 6.866021 6.844016 6.803806 6.732908 6.612417 6.415337 6.105731 5.639961 4.971764 4.063000 2.900665 1.516725 0.000000 
50.000000 43.283090 36.865587 31.006903 25.895363 21.632120 18.231798 15.637143 13.742021 12.416344 11.527657 10.956365 10.603940 10.395157 10.276291 10.211203 10.176899 10.159484 10.150960 10.146936 10.145102 10.144294 10.143949 10.143808 10.143751 10.143728 10.143719 10.143712 10.143701 10.143674 10.143611 10.143460 10.143110 10.142326 10.140623 10.137040 10.129740 10.115344 10.087872 10.037168 9.946698 9.790762 9.531412 9.115899 8.476362 7.534725 6.217123 4.482159 2.362140 0.000000 
50.000000 44.002102 38.271547 33.039970 28.475531 24.668559 21.632120 19.315098 17.622732 16.438866 15.645229 15.135029 14.820283 14.633819 14.527655 14.469522 14.438882 14.423327 14.415713 14.412119 14.410480 14.409758 14.409451 14.409324 14.409273 14.409253 14.409244 14.409237 14.409225 14.409196 14.409126 14.408957 14.408567 14.407689 14.405774 14.401725 14.393426 14.376942 14.345215 14.286051 14.179156 13.992088 13.675137 13.155758 12.334279 11.084940 9.270262 6.781783 3.620011 0.000000 
50.000000 44.903543 40.034238 35.588900 31.710413 28.475531 25.895363 23.926484 22.488382 21.482366 20.807942 20.374372 20.106894 19.948428 19.858204 19.808797 19.782756 19.769535 19.763064 19.760008 19.758615 19.758002 19.757740 19.757633 19.757590 19.757572 19.757564 19.757558 19.757546 19.757517 19.757445 19.757274 19.756877 19.755980 19.754017 19.749845 19.741245 19.724049 19.690676 19.627804 19.512766 19.308234 18.954720 18.360638 17.390591 15.855207 13.513066 10.111434 5.518548 0.000000 
50.000000 45.984314 42.147603 38.644938 35.588900 33.039970 31.006903 29.455490 28.322297 27.529567 26.998121 26.656461 26.445680 26.320801 26.249699 26.210762 26.190239 26.179820 26.174720 26.172311 26.171213 26.170730 26.170524 26.170439 26.170405 26.170391 26.170385 26.170379 26.170368 26.170342 26.170278 26.170123 26.169763 26.168948 26.167158 26.163338 26.155426 26.139507 26.108382 26.049188 25.939571 25.741630 25.392490 24.789780 23.769708 22.075834 19.322469 14.983010 8.522079 0.000000 
50.000000 47.223027 44.569817 42.147603 40.034238 38.271547 36.865587 35.792703 35.009033 34.460807 34.093272 33.856985 33.711210 33.624843 33.575667 33.548738 33.534543 33.527336 33.523809 33.522143 33.521384 33.521049 33.520907 33.520848 33.520824 33.520815 33.520810 33.520806 33.520798 33.520778 33.520729 33.520611 33.520336 33.519712 33.518338 33.515397 33.509281 33.496916 33.472592 33.425968 33.338737 33.179044 32.892038 32.383428 31.489763 29.922805 27.164593 22.284908 13.744698 0.000000 
50.000000 48.579868 47.223027 45.984314 44.903543 44.002102 43.283090 42.734412 42.333636 42.053267 41.865303 41.744461 41.669908 41.625738 41.600588 41.586815 41.579555 41.575869 41.574065 41.573213 41.572824 41.572653 41.572580 41.572550 41.572538 41.572533 41.572531 41.572529 41.572524 41.572514 41.572487 41.572423 41.572274 41.571935 41.571187 41.569582 41.566237 41.559454 41.546055 41.520236 41.471584 41.381639 41.217687 40.920950 40.382091 39.384995 37.462236 33.478329 24.289934 0.000000 
50.000000 50.000000 50.000000 50.000000 50.000000 50.000000 50.000000 50.000000 50.000000 50.000000 50.000000 50.000000 50.000000 50.000000 50.000000 50.000000 50.000000 50.000000 50.000000 50.000000 50.000000 50.000000 50.000000 50.000000 50.000000 50.000000 50.000000 50.000000 50.000000 50.000000 50.000000 50.000000 50.000000 50.000000 50.000000 50.000000 50.000000 50.000000 50.000000 50.000000 50.000000 50.000000 50.000000 50.000000 50.000000 50.000000 50.000000 50.000000 50.000000 50.000000 
