50.000000 50.000000 50.000000 50.000000 50.000000 50.000000 50.000000 50.000000 50.000000 50.000000 50.000000 50.000000 50.000000 50.000000 50.000000 50.000000 50.000000 50.000000 50.000000 50.000000 50.000000 50.000000 50.000000 50.000000 50.000000 50.000000 50.000000 50.000000 50.000000 50.000000 50.000000 50.000000 50.000000 50.000000 50.000000 50.000000 50.000000 50.000000 50.000000 50.000000 50.000000 50.000000 50.000000 50.000000 50.000000 50.000000 50.000000 50.000000 50.000000 50.000000 
50.000000 44.968462 40.727372 37.697606 35.846228 34.867910 34.415827 34.231186 34.163883 34.141798 34.135222 34.133434 34.132987 34.132883 34.132861 34.132857 34.132856 34.132856 34.132856 34.132856 34.132856 34.132856 34.132856 34.132856 34.132856 34.132856 34.132856 34.132856 34.132856 34.132856 34.132856 34.132856 34.132856 34.132856 34.132856 34.132856 34.132854 34.132848 34.132816 34.132669 34.132038 34.129514 34.120092 34.087330 33.980932 33.656209 32.713117 30.049044 22.484231 0.000000 
50.000000 40.727372 32.911828 27.329029 23.918010 22.115814 21.283160 20.943152 20.819244 20.778591 20.766491 20.763200 20.762378 20.762188 20.762148 20.762140 20.762138 20.762138 20.762138 20.762138 20.762138 20.762138 20.762138 20.762138 20.762138 20.762138 20.762138 20.762138 20.762138 20.762138 20.762138 20.762138 20.762138 20.762138 20.762138 20.762137 20.762135 20.762126 20.762080 20.761868 20.760967 20.757401 20.744304 20.699802 20.560182 20.156342 19.081029 16.455914 10.678328 0.000000 
50.000000 37.697606 27.329029 19.923415 15.399423 13.009674 11.905815 11.455177 11.290997 11.237147 11.221124 11.216768 11.215680 11.215429 11.215375 11.215364 11.215362 11.215362 11.215362 11.215362 11.215362 11.215362 11.215362 11.215362 11.215362 11.215362 11.215362 11.215362 11.215362 11.215362 11.215362 11.215362 11.215362 11.215362 11.215361 11.215361 11.215360 11.215351 11.215309 11.215120 11.214324 11.211212 11.199980 11.162712 11.049610 10.737578 9.961708 8.248000 4.984490 0.000000 
50.000000 35.846228 23.918010 15.399423 10.196364 7.448447 6.179432 5.661500 5.472853 5.410996 5.392595 5.387595 5.386346 5.386058 5.385996 5.385984 5.385981 5.385981 5.385981 5.385981 5.385981 5.385981 5.385981 5.385981 5.385981 5.385981 5.385981 5.385981 5.385981 5.385981 5.385981 5.385981 5.385981 5.385981 5.385981 5.385981 5.385980 5.385974 5.385946 5.385819 5.385290 5.383246 5.375990 5.352419 5.282880 5.098182 4.661845 3.761668 2.190019 0.000000 
50.000000 34.867910 22.115814 13.009674 7.448447 4.511825 3.155904 2.602611 2.401127 2.335076 2.315431 2.310094 2.308762 2.308454 2.308389 2.308375 2.308373 2.308372 2.308372 2.308372 2.308372 2.308372 2.308372 2.308372 2.308372 2.308372 2.308372 2.308372 2.308372 2.308372 2.308372 2.308372 2.308372 2.308372 2.308372 2.308372 2.308372 2.308368 2.308353 2.308284 2.308000 2.306912 2.303103 2.290951 2.255912 2.165567 1.960064 1.555632 0.886978 0.000000 
50.000000 34.415827 21.283160 11.905815 6.179432 3.155904 1.760019 1.190490 0.983122 0.915152 0.894939 0.889449 0.888078 0.887762 0.887694 0.887681 0.887678 0.887678 0.887678 0.887678 0.887678 0.887678 0.887678 0.887678 0.887678 0.887678 0.887678 0.887678 0.887678 0.887678 0.887678 0.887678 0.887678 0.887678 0.887678 0.887678 0.887677 0.887676 0.887669 0.887637 0.887508 0.887020 0.885328 0.880009 0.864954 0.827012 0.743103 0.583358 0.328497 0.000000 
50.000000 34.231186 20.943152 11.455177 5.661500 2.602611 1.190490 0.614377 0.404628 0.335882 0.315441 0.309888 0.308503 0.308183 0.308114 0.308101 0.308098 0.308098 0.308098 0.308098 0.308098 0.308098 0.308098 0.308098 0.308098 0.308098 0.308098 0.308098 0.308098 0.308098 0.308098 0.308098 0.308098 0.308098 0.308098 0.308098 0.308098 0.308097 0.308094 0.308082 0.308031 0.307841 0.307189 0.305162 0.299508 0.285509 0.255197 0.198848 0.111094 0.000000 
50.000000 34.163883 20.819244 11.290997 5.472853 2.401127 0.983122 0.404628 0.194018 0.124993 0.104470 0.098895 0.097504 0.097183 0.097114 0.097101 0.097098 0.097098 0.097097 0.097097 0.097097 0.097097 0.097097 0.097097 0.097097 0.097097 0.097097 0.097097 0.097097 0.097097 0.097097 0.097097 0.097097 0.097097 0.097097 0.097097 0.097097 0.097097 0.097096 0.097092 0.097074 0.097009 0.096787 0.096102 0.094215 0.089606 0.079785 0.061843 0.034370 0.000000 
50.000000 34.141798 20.778591 11.237147 5.410996 2.335076 0.915152 0.335882 0.124993 0.055878 0.035327 0.029746 0.028353 0.028032 0.027963 0.027949 0.027946 0.027946 0.027946 0.027946 0.027946 0.027946 0.027946 0.027946 0.027946 0.027946 0.027946 0.027946 0.027946 0.027946 0.027946 0.027946 0.027946 0.027946 0.027946 0.027946 0.027946 0.027946 0.027946 0.027944 0.027939 0.027919 0.027851 0.027643 0.027076 0.025707 0.022823 0.017624 0.009759 0.000000 
50.000000 34.135222 20.766491 11.221124 5.392595 2.315431 0.894939 0.315441 0.104470 0.035327 0.014770 0.009186 0.007792 0.007471 0.007402 0.007388 0.007386 0.007385 0.007385 0.007385 0.007385 0.007385 0.007385 0.007385 0.007385 0.007385 0.007385 0.007385 0.007385 0.007385 0.007385 0.007385 0.007385 0.007385 0.007385 0.007385 0.007385 0.007385 0.007385 0.007385 0.007383 0.007378 0.007359 0.007302 0.007147 0.006776 0.006003 0.004623 0.002553 0.000000 
50.000000 34.133434 20.763200 11.216768 5.387595 2.310094 0.889449 0.309888 0.098895 0.029746 0.009186 0.003602 0.002208 0.001887 0.001818 0.001804 0.001802 0.001801 0.001801 0.001801 0.001801 0.001801 0.001801 0.001801 0.001801 0.001801 0.001801 0.001801 0.001801 0.001801 0.001801 0.001801 0.001801 0.001801 0.001801 0.001801 0.001801 0.001801 0.001801 0.001801 0.001800 0.001799 0.001794 0.001780 0.001741 0.001649 0.001459 0.001121 0.000618 0.000000 
50.000000 34.132987 20.762378 11.215680 5.386346 2.308762 0.888078 0.308503 0.097504 0.028353 0.007792 0.002208 0.000814 0.000493 0.000424 0.000410 0.000408 0.000407 0.000407 0.000407 0.000407 0.000407 0.000407 0.000407 0.000407 0.000407 0.000407 0.000407 0.000407 0.000407 0.000407 0.000407 0.000407 0.000407 0.000407 0.000407 0.000407 0.000407 0.000407 0.000407 0.000407 0.000407 0.000406 0.000402 0.000393 0.000372 0.000329 0.000252 0.000139 0.000000 
50.000000 34.132883 20.762188 11.215429 5.386058 2.308454 0.887762 0.308183 0.097183 0.028032 0.007471 0.001887 0.000493 0.000171 0.000103 0.000089 0.000086 0.000086 0.000086 0.000086 0.000086 0.000086 0.000086 0.000086 0.000086 0.000086 0.000086 0.000086 0.000086 0.000086 0.000086 0.000086 0.000086 0.000086 0.000086 0.000086 0.000086 0.000086 0.000086 0.000086 0.000086 0.000086 0.000085 0.000085 0.000083 0.000078 0.000069 0.000053 0.000029 0.000000 
50.000000 34.132861 20.762148 11.215375 5.385996 2.308389 0.887694 0.308114 0.097114 0.027963 0.007402 0.001818 0.000424 0.000103 0.000034 0.000020 0.000017 0.000017 0.000017 0.000017 0.000017 0.000017 0.000017 0.000017 0.000017 0.000017 0.000017 0.000017 0.000017 0.000017 0.000017 0.000017 0.000017 0.000017 0.000017 0.000017 0.000017 0.000017 0.000017 0.000017 0.000017 0.000017 0.000017 0.000017 0.000016 0.000015 0.000014 0.000010 0.000006 0.000000 
50.000000 34.132857 20.762140 11.215364 5.385984 2.308375 0.887681 0.308101 0.097101 0.027949 0.007388 0.001804 0.000410 0.000089 0.000020 0.000006 0.000004 0.000003 0.000003 0.000003 0.000003 0.000003 0.000003 0.000003 0.000003 0.000003 0.000003 0.000003 0.000003 0.000003 0.000003 0.000003 0.000003 0.000003 0.000003 0.000003 0.000003 0.000003 0.000003 0.000003 0.000003 0.000003 0.000003 0.000003 0.000003 0.000003 0.000002 0.000002 0.000001 0.000000 
50.000000 34.132856 20.762138 11.215362 5.385981 2.308373 0.887678 0.308098 0.097098 0.027946 0.007386 0.001802 0.000408 0.000086 0.000017 0.000004 0.000001 0.000001 0.000001 0.000001 0.000001 0.000001 0.000001 0.000001 0.000001 0.000001 0.000001 0.000001 0.000001 0.000001 0.000001 0.000001 0.000001 0.000001 0.000001 0.000001 0.000001 0.000001 0.000001 0.000001 0.000001 0.000001 0.000001 0.000001 0.000001 0.000000 0.000000 0.000000 0.000000 0.000000 
50.000000 34.132856 20.762138 11.215362 5.385981 2.308372 0.887678 0.308098 0.097098 0.027946 0.007385 0.001801 0.000407 0.000086 0.000017 0.000003 0.000001 0.000000 0.000000 0.000000 0.000000 0.000000 0.000000 0.000000 0.000000 0.000000 0.000000 0.000000 0.000000 0.000000 0.000000 0.000000 0.000000 0.000000 0.000000 0.000000 0.000000 0.000000 0.000000 0.000000 0.000000 0.000000 0.000000 0.000000 0.000000 0.000000 0.000000 0.000000 0.000000 0.000000 
50.000000 34.132856 20.762138 11.215362 5.385981 2.308372 0.887678 0.308098 0.097097 0.027946 0.007385 0.001801 0.000407 0.000086 0.000017 0.000003 0.000001 0.000000 0.000000 0.000000 0.000000 0.000000 0.000000 0.000000 0.000000 0.000000 0.000000 0.000000 0.000000 0.000000 0.000000 0.000000 0.000000 0.000000 0.000000 0.000000 0.000000 0.000000 0.000000 0.000000 0.000000 0.000000 0.000000 0.000000 0.000000 0.000000 0.000000 0.000000 0.000000 0.000000 
50.000000 34.132856 20.762138 11.215362 5.385981 2.308372 0.887678 0.308098 0.097097 0.027946 0.007385 0.001801 0.000407 0.000086 0.000017 0.000003 0.000001 0.000000 0.000000 0.000000 0.000000 0.000000 0.000000 0.000000 0.000000 0.000000 0.000000 0.000000 0.000000 0.000000 0.000000 0.000000 0.000000 0.000000 0.000000 0.000000 0.000000 0.000000 0.000000 0.000000 0.000000 0.000000 0.000000 0.000000 0.000000 0.000000 0.000000 0.000000 0.000000 0.000000 
50.000000 34.132856 20.762138 11.215362 5.385981 2.308372 0.887678 0.308098 0.097097 0.027946 0.007385 0.001801 0.000407 0.000086 0.000017 0.000003 0.000001 0.000000 0.000000 0.000000 0.000000 0.000000 0.000000 0.000000 0.000000 0.000000 0.000000 0.000000 0.000000 0.000000 0.000000 0.000000 0.000000 0.000000 0.000000 0.000000 0.000000 0.000000 0.000000 0.000000 0.000000 0.000000 0.000000 0.000000 0.000000 0.000000 0.000000 0.000000 0.000000 0.000000 
50.000000 34.132856 20.762138 11.215362 5.385981 2.308372 0.887678 0.308098 0.097097 0.027946 0.007385 0.001801 0.000407 0.000086 0.000017 0.000003 0.000001 0.000000 0.000000 0.000000 0.000000 0.000000 0.000000 0.000000 0.000000 0.000000 0.000000 0.000000 0.000000 0.000000 0.000000 0.000000 0.000000 0.000000 0.000000 0.000000 0.000000 0.000000 0.000000 0.000000 0.000000 0.000000 0.000000 0.000000 0.000000 0.000000 0.000000 0.000000 0.000000 0.000000 
50.000000 34.132856 20.762138 11.215362 5.385981 2.308372 0.887678 0.308098 0.097097 0.027946 0.007385 0.001801 0.000407 0.000086 0.000017 0.000003 0.000001 0.000000 0.000000 0.000000 0.000000 0.000000 0.000000 0.000000 0.000000 0.000000 0.000000 0.000000 0.000000 0.000000 0.000000 0.000000 0.000000 0.000000 0.000000 0.000000 0.000000 0.000000 0.000000 0.000000 0.000000 0.000000 0.000000 0.000000 0.000000 0.000000 0.000000 0.000000 0.000000 0.000000 
50.000000 34.132856 20.762138 11.215362 5.385981 2.308372 0.887678 0.308098 0.097097 0.027946 0.007385 0.001801 0.000407 0.000086 0.000017 0.000003 0.000001 0.000000 0.000000 0.000000 0.000000 0.000000 0.000000 0.000000 0.000000 0.000000 0.000000 0.000000 0.000000 0.000000 0.000000 0.000000 0.000000 0.000000 0.000000 0.000000 0.000000 0.000000 0.000000 0.000000 0.000000 0.000000 0.000000 0.000000 0.000000 0.000000 0.000000 0.000000 0.000000 0.000000 
50.000000 34.132856 20.762138 11.215362 5.385981 2.308372 0.887678 0.308098 0.097097 0.027946 0.007385 0.001801 0.000407 0.000086 0.000017 0.000003 0.000001 0.000000 0.000000 0.000000 0.000000 0.000000 0.000000 0.000000 0.000000 0.000000 0.000000 0.000000 0.000000 0.000000 0.000000 0.000000 0.000000 0.000000 0.000000 0.000000 0.000000 0.000000 0.000000 0.000000 0.000000 0.000000 0.000000 0.000000 0.000000 0.000000 0.000000 0.000000 0.000000 0.000000 
50.000000 34.132856 20.762138 11.215362 5.385981 2.308372 0.887678 0.308098 0.097097 0.027946 0.007385 0.001801 0.000407 0.000086 0.000017 0.000003 0.000001 0.000000 0.000000 0.000000 0.000000 0.000000 0.000000 0.000000 0.000000 0.000000 0.000000 0.000000 0.000000 0.000000 0.000000 0.000000 0.000000 0.000000 0.000000 0.000000 0.000000 0.000000 0.000000 0.000000 0.000000 0.000000 0.000000 0.000000 0.000000 0.000000 0.000000 0.000000 0.000000 0.000000 
50.000000 34.132856 20.762138 11.215362 5.385981 2.308372 0.887678 0.308098 0.097097 0.027946 0.007385 0.001801 0.000407 0.000086 0.000017 0.000003 0.000001 0.000000 0.000000 0.000000 0.000000 0.000000 0.000000 0.000000 0.000000 0.000000 0.000000 0.000000 0.000000 0.000000 0.000000 0.000000 0.000000 0.000000 0.000000 0.000000 0.000000 0.000000 0.000000 0.000000 0.000000 0.000000 0.000000 0.000000 0.000000 0.000000 0.000000 0.000000 0.000000 0.000000 
50.000000 34.132856 20.762138 11.215362 5.385981 2.308372 0.887678 0.308098 0.097097 0.027946 0.007385 0.001801 0.000407 0.000086 0.000017 0.000003 0.000001 0.000000 0.000000 0.000000 0.000000 0.000000 0.000000 0.000000 0.000000 0.000000 0.000000 0.000000 0.000000 0.000000 0.000000 0.000000 0.000000 0.000000 0.000000 0.000000 0.000000 0.000000 0.000000 0.000000 0.000000 0.000000 0.000000 0.000000 0.000000 0.000000 0.000000 0.000000 0.000000 0.000000 
50.000000 34.132856 20.762138 11.215362 5.385981 2.308372 0.887678 0.308098 0.097097 0.027946 0.007385 0.001801 0.000407 0.000086 0.000017 0.000003 0.000001 0.000000 0.000000 0.000000 0.000000 0.000000 0.000000 0.000000 0.000000 0.000000 0.000000 0.000000 0.000000 0.000000 0.000000 0.000000 0.000000 0.000000 0.000000 0.000000 0.000000 0.000000 0.000000 0.000000 0.000000 0.000000 0.000000 0.000000 0.000000 0.000000 0.000000 0.000000 0.000000 0.000000 
50.000000 34.132856 20.762138 11.215362 5.385981 2.308372 0.887678 0.308098 0.097097 0.027946 0.007385 0.001801 0.000407 0.000086 0.000017 0.000003 0.000001 0.000000 0.000000 0.000000 0.000000 0.000000 0.000000 0.000000 0.000000 0.000000 0.000000 0.000000 0.000000 0.000000 0.000000 0.000000 0.000000 0.000000 0.000000 0.000000 0.000000 0.000000 0.000000 0.000000 0.000000 0.000000 0.000000 0.000000 0.000000 0.000000 0.000000 0.000000 0.000000 0.000000 
50.000000 34.132856 20.762138 11.215362 5.385981 2.308372 0.887678 0.308098 0.097097 0.027946 0.007385 0.001801 0.000407 0.000086 0.000017 0.000003 0.000001 0.000000 0.000000 0.000000 0.000000 0.000000 0.000000 0.000000 0.000000 0.000000 0.000000 0.000000 0.000000 0.000000 0.000000 0.000000 0.000000 0.000000 0.000000 0.000000 0.000000 0.000000 0.000000 0.000000 0.000000 0.000000 0.000000 0.000000 0.000000 0.000000 0.000000 0.000000 0.000000 0.000000 
50.000000 34.132856 20.762138 11.215362 5.385981 2.308372 0.887678 0.308098 0.097097 0.027946 0.007385 0.001801 0.000407 0.000086 0.000017 0.000003 0.000001 0.000000 0.000000 0.000000 0.000000 0.000000 0.000000 0.000000 0.000000 0.000000 0.000000 0.000000 0.000000 0.000000 0.000000 0.000000 0.000000 0.000000 0.000000 0.000000 0.000000 0.000000 0.000000 0.000000 0.000000 0.000000 0.000000 0.000000 0.000000 0.000000 0.000000 0.000000 0.000000 0.000000 
50.000000 34.132856 20.762138 11.215362 5.385981 2.308372 0.887678 0.308098 0.097098 0.027946 0.007385 0.001801 0.000407 0.000086 0.000017 0.000003 0.000001 0.000000 0.000000 0.000000 0.000000 0.000000 0.000000 0.000000 0.000000 0.000000 0.000000 0.000000 0.000000 0.000000 0.000000 0.000000 0.000000 0.000000 0.000000 0.000000 0.000000 0.000000 0.000000 0.000000 0.000000 0.000000 0.000000 0.000000 0.000000 0.000000 0.000000 0.000000 0.000000 0.000000 
50.000000 34.132856 20.762138 11.215362 5.385981 2.308373 0.887678 0.308098 0.097098 0.027946 0.007386 0.001802 0.000408 0.000086 0.000017 0.000004 0.000001 0.000001 0.000001 0.000001 0.000001 0.000001 0.000001 0.000001 0.000001 0.000001 0.000001 0.000001 0.000001 0.000001 0.000001 0.000001 0.000001 0.000001 0.000001 0.000001 0.000001 0.000001 0.000001 0.000001 0.000001 0.000001 0.000001 0.000001 0.000001 0.000000 0.000000 0.000000 0.000000 0.000000 
50.000000 34.132857 20.762140 11.215364 5.385984 2.308375 0.887681 0.308101 0.097101 0.027949 0.007388 0.001804 0.000410 0.000089 0.000020 0.000006 0.000004 0.000003 0.000003 0.000003 0.000003 0.000003 0.000003 0.000003 0.000003 0.000003 0.000003 0.000003 0.000003 0.000003 0.000003 0.000003 0.000003 0.000003 0.000003 0.000003 0.000003 0.000003 0.000003 0.000003 0.000003 0.000003 0.000003 0.000003 0.000003 0.000003 0.000002 0.000002 0.000001 0.000000 
50.000000 34.132861 20.762148 11.215375 5.385996 2.308389 0.887694 0.308114 0.097114 0.027963 0.007402 0.001818 0.000424 0.000103 0.000034 0.000020 0.000017 0.000017 0.000017 0.000017 0.000017 0.000017 0.000017 0.000017 0.000017 0.000017 0.000017 0.000017 0.000017 0.000017 0.000017 0.000017 0.000017 0.000017 0.000017 0.000017 0.000017 0.000017 0.000017 0.000017 0.000017 0.000017 0.000017 0.000017 0.000016 0.000015 0.000014 0.000010 0.000006 0.000000 
50.000000 34.132883 20.762188 11.215429 5.386058 2.308454 0.887762 0.308183 0.097183 0.028032 0.007471 0.001887 0.000493 0.000171 0.000103 0.000089 0.000086 0.000086 0.000086 0.000086 0.000086 0.000086 0.000086 0.000086 0.000086 0.000086 0.000086 0.000086 0.000086 0.000086 0.000086 0.000086 0.000086 0.000086 0.000086 0.000086 0.000086 0.000086 0.000086 0.000086 0.000086 0.000086 0.000085 0.000085 0.000083 0.000078 0.000069 0.000053 0.000029 0.000000 
50.000000 34.132987 20.762378 11.215680 5.386346 2.308762 0.888078 0.308503 0.097504 0.028353 0.007792 0.002208 0.000814 0.000493 0.000424 0.000410 0.000408 0.000407 0.000407 0.000407 0.000407 0.000407 0.000407 0.000407 0.000407 0.000407 0.000407 0.000407 0.000407 0.000407 0.000407 0.000407 0.000407 0.000407 0.000407 0.000407 0.000407 0.000407 0.000407 0.000407 0.000407 0.000407 0.000406 0.000402 0.000393 0.000372 0.000329 0.000252 0.000139 0.000000 
50.000000 34.133434 20.763200 11.216768 5.387595 2.310094 0.889449 0.309888 0.098895 0.029746 0.009186 0.003602 0.002208 0.001887 0.001818 0.001804 0.001802 0.001801 0.001801 0.001801 0.001801 0.001801 0.001801 0.001801 0.001801 0.001801 0.001801 0.001801 0.001801 0.001801 0.001801 0.001801 0.001801 0.001801 0.001801 0.001801 0.001801 0.001801 0.001801 0.001801 0.001800 0.001799 0.001794 0.001780 0.001741 0.001649 0.001459 0.001121 0.000618 0.000000 
50.000000 34.135222 20.766491 11.221124 5.392595 2.315431 0.894939 0.315441 0.104470 0.035327 0.014770 0.009186 0.007792 0.007471 0.007402 0.007388 0.007386 0.007385 0.007385 0.007385 0.007385 0.007385 0.007385 0.007385 0.007385 0.007385 0.007385 0.007385 0.007385 0.007385 0.007385 0.007385 0.007385 0.007385 0.007385 0.007385 0.007385 0.007385 0.007385 0.007385 0.007383 0.007378 0.007359 0.007302 0.007147 0.006776 0.006003 0.004623 0.002553 0.000000 
50.000000 34.141798 20.778591 11.237147 5.410996 2.335076 0.915152 0.335882 0.124993 0.055878 0.035327 0.029746 0.028353 0.028032 0.027963 0.027949 0.027946 0.027946 0.027946 0.027946 0.027946 0.027946 0.027946 0.027946 0.027946 0.027946 0.027946 0.027946 0.027946 0.027946 0.027946 0.027946 0.027946 0.027946 0.027946 0.027946 0.027946 0.027946 0.027946 0.027944 0.027939 0.027919 0.027851 0.027643 0.027076 0.025707 0.022823 0.017624 0.009759 0.000000 
50.000000 34.163883 20.819244 11.290997 5.472853 2.401127 0.983122 0.404628 0.194018 0.124993 0.104470 0.098895 0.097504 0.097183 0.097114 0.097101 0.097098 0.097098 0.097097 0.097097 0.097097 0.097097 0.097097 0.097097 0.097097 0.097097 0.097097 0.097097 0.097097 0.097097 0.097097 0.097097 0.097097 0.097097 0.097097 0.097097 0.097097 0.097097 0.097096 0.097092 0.097074 0.097009 0.096787 0.096102 0.094215 0.089606 0.079785 0.061843 0.034370 0.000000 
50.000000 34.231186 20.943152 11.455177 5.661500 2.602611 1.190490 0.614377 0.404628 0.335882 0.315441 0.309888 0.308503 0.308183 0.308114 0.308101 0.308098 0.308098 0.308098 0.308098 0.308098 0.308098 0.308098 0.308098 0.308098 0.308098 0.308098 0.308098 0.308098 0.308098 0.308098 0.308098 0.308098 0.308098 0.308098 0.308098 0.308098 0.308097 0.308094 0.308082 0.308031 0.307841 0.307189 0.305162 0.299508 0.285509 0.255197 0.198848 0.111094 0.000000 
50.000000 34.415827 21.283160 11.905815 6.179432 3.155904 1.760019 1.190490 0.983122 0.915152 0.894939 0.889449 0.888078 0.887762 0.887694 0.887681 0.887678 0.887678 0.887678 0.887678 0.887678 0.887678 0.887678 0.887678 0.887678 0.887678 0.887678 0.887678 0.887678 0.887678 0.887678 0.887678 0.887678 0.887678 0.887678 0.887678 0.887677 0.887676 0.887669 0.887637 0.887508 0.887020 0.885328 0.880009 0.864954 0.827012 0.743103 0.583358 0.328497 0.000000 
50.000000 34.867910 22.115814 13.009674 7.448447 4.511825 3.155904 2.602611 2.401127 2.335076 2.315431 2.310094 2.308762 2.308454 2.308389 2.308375 2.308373 2.308372 2.308372 2.308372 2.308372 2.308372 2.308372 2.308372 2.308372 2.308372 2.308372 2.308372 2.308372 2.308372 2.308372 2.308372 2.308372 2.308372 2.308372 2.308372 2.308372 2.308368 2.308353 2.308284 2.308000 2.306912 2.303103 2.290951 2.255912 2.165567 1.960064 1.555632 0.886978 0.000000 
50.000000 35.846228 23.918010 15.399423 10.196364 7.448447 6.179432 5.661500 5.472853 5.410996 5.392595 5.387595 5.386346 5.386058 5.385996 5.385984 5.385981 5.385981 5.385981 5.385981 5.385981 5.385981 5.385981 5.385981 5.385981 5.385981 5.385981 5.385981 5.385981 5.385981 5.385981 5.385981 5.385981 5.385981 5.385981 5.385981 5.385980 5.385974 5.385946 5.385819 5.385290 5.383246 5.375990 5.352419 5.282880 5.098182 4.661845 3.761668 2.190019 0.000000 
50.000000 37.697606 27.329029 19.923415 15.399423 13.009674 11.905815 11.455177 11.290997 11.237147 11.221124 11.216768 11.215680 11.215429 11.215375 11.215364 11.215362 11.215362 11.215362 11.215362 11.215362 11.215362 11.215362 11.215362 11.215362 11.215362 11.215362 11.215362 11.215362 11.215362 11.215362 11.215362 11.215362 11.215362 11.215361 11.215361 11.215360 11.215351 11.215309 11.215120 11.214324 11.211212 11.199980 11.162712 11.049610 10.737578 9.961708 8.248000 4.984490 0.000000 
50.000000 40.727372 32.911828 27.329029 23.918010 22.115814 21.283160 20.943152 20.819244 20.778591 20.766491 20.763200 20.762378 20.762188 20.762148 20.762140 20.762138 20.762138 20.762138 20.762138 20.762138 20.762138 20.762138 20.762138 20.762138 20.762138 20.762138 20.762138 20.762138 20.762138 20.762138 20.762138 20.762138 20.762138 20.762138 20.762137 20.762135 20.762126 20.762080 20.761868 20.760967 20.757401 20.744304 20.699802 20.560182 20.156342 19.081029 16.455914 10.678328 0.000000 
50.000000 44.968462 40.727372 37.697606 35.846228 34.867910 34.415827 34.231186 34.163883 34.141798 34.135222 34.133434 34.132987 34.132883 34.132861 34.132857 34.132856 34.132856 34.132856 34.132856 34.132856 34.132856 34.132856 34.132856 34.132856 34.132856 34.132856 34.132856 34.132856 34.132856 34.132856 34.132856 34.132856 34.132856 34.132856 34.132856 34.132854 34.132848 34.132816 34.132669 34.132038 34.129514 34.120092 34.087330 33.980932 33.656209 32.713117 30.049044 22.484231 0.000000 
50.000000 50.000000 50.000000 50.000000 50.000000 50.000000 50.000000 50.000000 50.000000 50.000000 50.000000 50.000000 50.000000 50.000000 50.000000 50.000000 50.000000 50.000000 50.000000 50.000000 50.000000 50.000000 50.000000 50.000000 50.000000 50.000000 50.000000 50.000000 50.000000 50.000000 50.000000 50.000000 50.000000 50.000000 50.000000 50.000000 50.000000 50.000000 50.000000 50.000000 50.000000 50.000000 50.000000 50.000000 50.000000 50.000000 50.000000 50.000000 50.000000 50.000000 
