50.000000 50.000000 50.000000 50.000000 50.000000 50.000000 50.000000 50.000000 50.000000 50.000000 50.000000 50.000000 50.000000 50.000000 50.000000 50.000000 50.000000 50.000000 50.000000 50.000000 50.000000 50.000000 50.000000 50.000000 50.000000 50.000000 50.000000 50.000000 50.000000 50.000000 50.000000 50.000000 50.000000 50.000000 50.000000 50.000000 50.000000 50.000000 50.000000 50.000000 50.000000 50.000000 50.000000 50.000000 50.000000 50.000000 50.000000 50.000000 50.000000 50.000000 
50.000000 48.754344 47.557389 46.452131 45.471265 44.634515 43.948196 43.406785 42.995873 42.695708 42.484579 42.341522 42.248096 42.189259 42.153509 42.132539 42.120657 42.114150 42.110705 42.108939 42.108063 42.107641 42.107445 42.107356 42.107317 42.107300 42.107291 42.107283 42.107269 42.107240 42.107173 42.107026 42.106709 42.106042 42.104674 42.101939 42.096607 42.086452 42.067545 42.033063 41.971303 41.862288 41.671679 41.339159 40.754198 39.700118 37.709815 33.649156 24.377172 0.000000 
50.000000 47.557389 45.210279 43.042979 41.119603 39.478827 38.133036 37.071395 36.265650 35.677069 35.263078 34.982565 34.799373 34.684006 34.613907 34.572789 34.549492 34.536733 34.529977 34.526515 34.524797 34.523971 34.523586 34.523412 34.523335 34.523301 34.523284 34.523269 34.523243 34.523188 34.523064 34.522791 34.522201 34.520962 34.518426 34.513366 34.503523 34.484838 34.450188 34.387322 34.275516 34.080073 33.743094 33.167403 32.187313 30.513532 27.628703 22.605139 13.908233 0.000000 
50.000000 46.452131 43.042979 39.895007 37.101338 34.718151 32.763431 31.221440 30.051135 29.196255 28.594963 28.187543 27.921475 27.753918 27.652109 27.592391 27.558555 27.540027 27.530214 27.525186 27.522691 27.521492 27.520933 27.520681 27.520569 27.520520 27.520495 27.520474 27.520440 27.520366 27.520201 27.519837 27.519053 27.517409 27.514053 27.507379 27.494446 27.470014 27.424980 27.343910 27.201193 26.955100 26.538655 25.845599 24.709131 22.871392 19.947504 15.414277 8.742316 0.000000 
50.000000 45.471265 41.119603 37.101338 33.535341 30.493322 27.998236 26.029989 24.536188 23.445013 22.677528 22.157505 21.817906 21.604046 21.474105 21.397887 21.354703 21.331055 21.318532 21.312115 21.308931 21.307401 21.306688 21.306365 21.306223 21.306161 21.306130 21.306105 21.306066 21.305982 21.305795 21.305383 21.304499 21.302651 21.298891 21.291444 21.277085 21.250121 21.200791 21.112824 20.959816 20.700049 20.269330 19.571620 18.468066 16.767670 14.229946 10.606071 5.771147 0.000000 
50.000000 44.634515 39.478827 34.718151 30.493322 26.889300 23.933277 21.601442 19.831713 18.538997 17.629768 17.013713 16.611406 16.358061 16.204132 16.113844 16.062690 16.034679 16.019845 16.012244 16.008473 16.006661 16.005816 16.005434 16.005266 16.005192 16.005157 16.005130 16.005089 16.005004 16.004814 16.004397 16.003505 16.001646 15.997879 15.990454 15.976216 15.949662 15.901487 15.816454 15.670422 15.426423 15.029901 14.403720 13.444650 12.025256 10.009020 7.291514 3.880317 0.000000 
50.000000 43.948196 38.133036 32.763431 27.998236 23.933277 20.599220 17.969201 15.973190 14.515202 13.489744 12.794948 12.341228 12.055512 11.881917 11.780097 11.722410 11.690822 11.674095 11.665524 11.661271 11.659228 11.658275 11.657845 11.657655 11.657573 11.657534 11.657506 11.657467 11.657387 11.657210 11.656823 11.655997 11.654281 11.650821 11.644033 11.631098 11.607146 11.564067 11.488820 11.361218 11.151273 10.816437 10.299610 9.529557 8.426616 6.917831 4.965633 2.609037 0.000000 
50.000000 43.406785 37.071395 31.221440 26.029989 21.601442 17.969201 15.103992 12.929512 11.341182 10.224065 9.467177 8.972918 8.661679 8.472582 8.361670 8.298834 8.264427 8.246208 8.236873 8.232241 8.230015 8.228978 8.228509 8.228303 8.228214 8.228172 8.228145 8.228110 8.228040 8.227887 8.227552 8.226839 8.225367 8.222410 8.216640 8.205713 8.185627 8.149811 8.087883 7.984132 7.815857 7.551996 7.152764 6.571541 5.760659 4.682785 3.328302 1.735106 0.000000 
50.000000 42.995873 36.265650 30.051135 24.536188 19.831713 15.973190 12.929512 10.619613 8.932387 7.745730 6.941739 6.416729 6.086132 5.885276 5.767471 5.700730 5.664187 5.644836 5.634921 5.630002 5.627639 5.626537 5.626039 5.625820 5.625726 5.625683 5.625658 5.625628 5.625570 5.625444 5.625172 5.624596 5.623410 5.621038 5.616435 5.607771 5.591959 5.563997 5.516116 5.436793 5.309806 5.113655 4.821918 4.405290 3.836139 3.096035 2.185578 1.133585 0.000000 
50.000000 42.695708 35.677069 29.196255 23.445013 18.538997 14.515202 11.341182 8.932387 7.172945 5.935512 5.097129 4.549670 4.204942 3.995505 3.872669 3.803079 3.764976 3.744800 3.734463 3.729335 3.726870 3.725722 3.725203 3.724975 3.724877 3.724834 3.724810 3.724785 3.724740 3.724643 3.724434 3.723994 3.723091 3.721294 3.717825 3.711335 3.699572 3.678932 3.643906 3.586472 3.495594 3.357051 3.153985 2.868575 2.485198 1.995063 1.401552 0.724404 0.000000 
50.000000 42.484579 35.263078 28.594963 22.677528 17.629768 13.489744 10.224065 7.745730 5.935512 4.662380 3.799822 3.236584 2.881925 2.666457 2.540086 2.468495 2.429296 2.408541 2.397907 2.392632 2.390096 2.388915 2.388382 2.388147 2.388047 2.388003 2.387981 2.387961 2.387927 2.387856 2.387704 2.387385 2.386733 2.385441 2.382960 2.378344 2.370033 2.355556 2.331190 2.291606 2.229614 2.136182 2.000924 1.813314 1.564704 1.251053 0.875755 0.451516 0.000000 
50.000000 42.341522 34.982565 28.187543 22.157505 17.013713 12.794948 9.467177 6.941739 5.097129 3.799822 2.920893 2.346971 1.985589 1.766039 1.637275 1.564330 1.524390 1.503243 1.492408 1.487033 1.484450 1.483247 1.482703 1.482465 1.482362 1.482319 1.482298 1.482282 1.482257 1.482208 1.482103 1.481882 1.481434 1.480549 1.478859 1.475731 1.470133 1.460447 1.444266 1.418197 1.377741 1.317366 1.230880 1.112226 0.956713 0.762563 0.532377 0.273976 0.000000 
50.000000 42.248096 34.799373 27.921475 21.817906 16.611406 12.341228 8.972918 6.416729 4.549670 3.236584 2.346971 1.766077 1.400308 1.178095 1.047771 0.973943 0.933520 0.912117 0.901151 0.895712 0.893098 0.891880 0.891330 0.891088 0.890985 0.890941 0.890922 0.890909 0.890892 0.890858 0.890789 0.890643 0.890349 0.889771 0.888670 0.886645 0.883039 0.876839 0.866551 0.850099 0.824770 0.787291 0.734082 0.661744 0.567785 0.451461 0.314535 0.161643 0.000000 
50.000000 42.189259 34.684006 27.753918 21.604046 16.358061 12.055512 8.661679 6.086132 4.204942 2.881925 1.985589 1.400308 1.031779 0.807891 0.676586 0.602202 0.561475 0.539912 0.528864 0.523384 0.520750 0.519523 0.518969 0.518726 0.518622 0.518578 0.518559 0.518549 0.518537 0.518516 0.518471 0.518380 0.518195 0.517833 0.517147 0.515890 0.513663 0.509857 0.503580 0.493607 0.478361 0.455967 0.424414 0.381845 0.326961 0.259472 0.180483 0.092653 0.000000 
50.000000 42.153509 34.613907 27.652109 21.474105 16.204132 11.881917 8.472582 5.885276 3.995505 2.666457 1.766039 1.178095 0.807891 0.582987 0.451086 0.376365 0.335455 0.313794 0.302696 0.297191 0.294546 0.293313 0.292756 0.292512 0.292408 0.292365 0.292346 0.292337 0.292329 0.292315 0.292288 0.292233 0.292121 0.291904 0.291494 0.290745 0.289425 0.287180 0.283497 0.277680 0.268841 0.255941 0.237884 0.213678 0.182661 0.144731 0.100542 0.051570 0.000000 
50.000000 42.132539 34.572789 27.592391 21.397887 16.113844 11.780097 8.361670 5.767471 3.872669 2.540086 1.637275 1.047771 0.676586 0.451086 0.318836 0.243918 0.202900 0.181182 0.170055 0.164535 0.161883 0.160647 0.160089 0.159844 0.159740 0.159697 0.159679 0.159671 0.159665 0.159656 0.159641 0.159608 0.159544 0.159418 0.159182 0.158753 0.158000 0.156726 0.154645 0.151375 0.146433 0.139261 0.129276 0.115965 0.098995 0.078338 0.054363 0.027865 0.000000 
50.000000 42.120657 34.549492 27.558555 21.354703 16.062690 11.722410 8.298834 5.700730 3.803079 2.468495 1.564330 0.973943 0.602202 0.376365 0.243918 0.168888 0.127809 0.106059 0.094915 0.089388 0.086731 0.085494 0.084935 0.084690 0.084585 0.084542 0.084524 0.084517 0.084512 0.084507 0.084498 0.084480 0.084444 0.084374 0.084244 0.084007 0.083593 0.082896 0.081762 0.079988 0.077321 0.073467 0.068128 0.061044 0.052051 0.041147 0.028529 0.014615 0.000000 
50.000000 42.114150 34.536733 27.540027 21.331055 16.034679 11.690822 8.264427 5.664187 3.764976 2.429296 1.524390 0.933520 0.561476 0.335455 0.202900 0.127809 0.086696 0.064929 0.053776 0.048244 0.045586 0.044347 0.043788 0.043542 0.043438 0.043395 0.043377 0.043370 0.043366 0.043363 0.043358 0.043348 0.043329 0.043292 0.043222 0.043096 0.042877 0.042508 0.041912 0.040982 0.039590 0.037588 0.034825 0.031174 0.026556 0.020974 0.014532 0.007441 0.000000 
50.000000 42.110705 34.529977 27.530214 21.318532 16.019845 11.674095 8.246208 5.644836 3.744801 2.408541 1.503243 0.912117 0.539912 0.313794 0.181182 0.106059 0.064929 0.043152 0.031994 0.026460 0.023800 0.022561 0.022002 0.021756 0.021652 0.021609 0.021591 0.021584 0.021581 0.021579 0.021576 0.021571 0.021561 0.021542 0.021506 0.021441 0.021329 0.021141 0.020837 0.020367 0.019664 0.018657 0.017272 0.015449 0.013149 0.010378 0.007186 0.003678 0.000000 
50.000000 42.108939 34.526515 27.525186 21.312115 16.012245 11.665524 8.236873 5.634922 3.734463 2.397907 1.492408 0.901152 0.528865 0.302697 0.170055 0.094916 0.053777 0.031995 0.020835 0.015300 0.012639 0.011400 0.010840 0.010595 0.010490 0.010447 0.010430 0.010423 0.010420 0.010418 0.010417 0.010414 0.010409 0.010399 0.010382 0.010350 0.010294 0.010201 0.010052 0.009821 0.009478 0.008987 0.008314 0.007431 0.006321 0.004985 0.003450 0.001766 0.000000 
50.000000 42.108063 34.524797 27.522692 21.308932 16.008474 11.661273 8.232243 5.630004 3.729336 2.392633 1.487035 0.895713 0.523385 0.297192 0.164537 0.089389 0.048246 0.026461 0.015301 0.009764 0.007104 0.005865 0.005305 0.005059 0.004955 0.004911 0.004894 0.004887 0.004884 0.004883 0.004882 0.004881 0.004878 0.004874 0.004865 0.004850 0.004823 0.004779 0.004708 0.004598 0.004435 0.004204 0.003887 0.003472 0.002951 0.002326 0.001609 0.000823 0.000000 
50.000000 42.107642 34.523972 27.521494 21.307404 16.006664 11.659231 8.230019 5.627642 3.726874 2.390100 1.484454 0.893102 0.520754 0.294550 0.161887 0.086736 0.045590 0.023804 0.012643 0.007106 0.004446 0.003207 0.002647 0.002401 0.002297 0.002253 0.002236 0.002229 0.002226 0.002225 0.002225 0.002224 0.002223 0.002221 0.002217 0.002209 0.002197 0.002177 0.002144 0.002093 0.002018 0.001912 0.001767 0.001577 0.001340 0.001056 0.000730 0.000373 0.000000 
50.000000 42.107447 34.523590 27.520938 21.306694 16.005824 11.658284 8.228988 5.626547 3.725732 2.388926 1.483258 0.891891 0.519534 0.293324 0.160658 0.085505 0.044358 0.022572 0.011411 0.005874 0.003213 0.001974 0.001414 0.001168 0.001064 0.001021 0.001003 0.000996 0.000994 0.000993 0.000992 0.000992 0.000991 0.000990 0.000989 0.000985 0.000980 0.000970 0.000956 0.000933 0.000899 0.000851 0.000786 0.000702 0.000596 0.000469 0.000325 0.000166 0.000000 
50.000000 42.107361 34.523421 27.520694 21.306382 16.005454 11.657867 8.228534 5.626065 3.725230 2.388409 1.482731 0.891358 0.518997 0.292784 0.160117 0.084963 0.043816 0.022030 0.010868 0.005331 0.002671 0.001431 0.000871 0.000626 0.000521 0.000478 0.000461 0.000454 0.000451 0.000450 0.000450 0.000450 0.000449 0.000449 0.000448 0.000447 0.000444 0.000440 0.000433 0.000422 0.000407 0.000385 0.000356 0.000317 0.000269 0.000212 0.000147 0.000075 0.000000 
50.000000 42.107329 34.523358 27.520603 21.306266 16.005316 11.657712 8.228364 5.625885 3.725042 2.388216 1.482534 0.891159 0.518797 0.292583 0.159916 0.084761 0.043614 0.021828 0.010666 0.005129 0.002468 0.001229 0.000669 0.000424 0.000319 0.000276 0.000258 0.000252 0.000249 0.000248 0.000248 0.000247 0.000247 0.000247 0.000247 0.000246 0.000244 0.000242 0.000238 0.000232 0.000224 0.000212 0.000195 0.000174 0.000148 0.000116 0.000080 0.000041 0.000000 
50.000000 42.107329 34.523358 27.520603 21.306266 16.005316 11.657712 8.228364 5.625885 3.725042 2.388216 1.482534 0.891159 0.518797 0.292583 0.159916 0.084761 0.043614 0.021828 0.010666 0.005129 0.002468 0.001229 0.000669 0.000424 0.000319 0.000276 0.000258 0.000252 0.000249 0.000248 0.000248 0.000247 0.000247 0.000247 0.000247 0.000246 0.000244 0.000242 0.000238 0.000232 0.000224 0.000212 0.000195 0.000174 0.000148 0.000116 0.000080 0.000041 0.000000 
50.000000 42.107361 34.523421 27.520694 21.306382 16.005454 11.657867 8.228534 5.626065 3.725230 2.388409 1.482731 0.891358 0.518997 0.292784 0.160117 0.084963 0.043816 0.022030 0.010868 0.005331 0.002671 0.001431 0.000871 0.000626 0.000521 0.000478 0.000461 0.000454 0.000451 0.000450 0.000450 0.000450 0.000449 0.000449 0.000448 0.000447 0.000444 0.000440 0.000433 0.000422 0.000407 0.000385 0.000356 0.000317 0.000269 0.000212 0.000147 0.000075 0.000000 
50.000000 42.107447 34.523590 27.520938 21.306694 16.005824 11.658284 8.228988 5.626547 3.725732 2.388926 1.483258 0.891891 0.519534 0.293324 0.160658 0.085505 0.044358 0.022572 0.011411 0.005874 0.003213 0.001974 0.001414 0.001168 0.001064 0.001021 0.001003 0.000996 0.000994 0.000993 0.000992 0.000992 0.000991 0.000990 0.000989 0.000985 0.000980 0.000970 0.000956 0.000933 0.000899 0.000851 0.000786 0.000702 0.000596 0.000469 0.000325 0.000166 0.000000 
50.000000 42.107642 34.523972 27.521494 21.307404 16.006664 11.659231 8.230019 5.627642 3.726874 2.390100 1.484454 0.893102 0.520754 0.294550 0.161887 0.086736 0.045590 0.023804 0.012643 0.007106 0.004446 0.003207 0.002647 0.002401 0.002297 0.002253 0.002236 0.002229 0.002226 0.002225 0.002225 0.002224 0.002223 0.002221 0.002217 0.002209 0.002197 0.002177 0.002144 0.002093 0.002018 0.001912 0.001767 0.001577 0.001340 0.001056 0.000730 0.000373 0.000000 
50.000000 42.108063 34.524797 27.522692 21.308932 16.008474 11.661273 8.232243 5.630004 3.729336 2.392633 1.487035 0.895713 0.523385 0.297192 0.164537 0.089389 0.048246 0.026461 0.015301 0.009764 0.007104 0.005865 0.005305 0.005059 0.004955 0.004911 0.004894 0.004887 0.004884 0.004883 0.004882 0.004881 0.004878 0.004874 0.004865 0.004850 0.004823 0.004779 0.004708 0.004598 0.004435 0.004204 0.003887 0.003472 0.002951 0.002326 0.001609 0.000823 0.000000 
50.000000 42.108939 34.526515 27.525186 21.312115 16.012245 11.665524 8.236873 5.634922 3.734463 2.397907 1.492408 0.901152 0.528865 0.302697 0.170055 0.094916 0.053777 0.031995 0.020835 0.015300 0.012639 0.011400 0.010840 0.010595 0.010490 0.010447 0.010430 0.010423 0.010420 0.010418 0.010417 0.010414 0.010409 0.010399 0.010382 0.010350 0.010294 0.010201 0.010052 0.009821 0.009478 0.008987 0.008314 0.007431 0.006321 0.004985 0.003450 0.001766 0.000000 
50.000000 42.110705 34.529977 27.530214 21.318532 16.019845 11.674095 8.246208 5.644836 3.744801 2.408541 1.503243 0.912117 0.539912 0.313794 0.181182 0.106059 0.064929 0.043152 0.031994 0.026460 0.023800 0.022561 0.022002 0.021756 0.021652 0.021609 0.021591 0.021584 0.021581 0.021579 0.021576 0.021571 0.021561 0.021542 0.021506 0.021441 0.021329 0.021141 0.020837 0.020367 0.019664 0.018657 0.017272 0.015449 0.013149 0.010378 0.007186 0.003678 0.000000 
50.000000 42.114150 34.536733 27.540027 21.331055 16.034679 11.690822 8.264427 5.664187 3.764976 2.429296 1.524390 0.933520 0.561476 0.335455 0.202900 0.127809 0.086696 0.064929 0.053776 0.048244 0.045586 0.044347 0.043788 0.043542 0.043438 0.043395 0.043377 0.043370 0.043366 0.043363 0.043358 0.043348 0.043329 0.043292 0.043222 0.043096 0.042877 0.042508 0.041912 0.040982 0.039590 0.037588 0.034825 0.031174 0.026556 0.020974 0.014532 0.007441 0.000000 
50.000000 42.120657 34.549492 27.558555 21.354703 16.062690 11.722410 8.298834 5.700730 3.803079 2.468495 1.564330 0.973943 0.602202 0.376365 0.243918 0.168888 0.127809 0.106059 0.094915 0.089388 0.086731 0.085494 0.084935 0.084690 0.084585 0.084542 0.084524 0.084517 0.084512 0.084507 0.084498 0.084480 0.084444 0.084374 0.084244 0.084007 0.083593 0.082896 0.081762 0.079988 0.077321 0.073467 0.068128 0.061044 0.052051 0.041147 0.028529 0.014615 0.000000 
50.000000 42.132539 34.572789 27.592391 21.397887 16.113844 11.780097 8.361670 5.767471 3.872669 2.540086 1.637275 1.047771 0.676586 0.451086 0.318836 0.243918 0.202900 0.181182 0.170055 0.164535 0.161883 0.160647 0.160089 0.159844 0.159740 0.159697 0.159679 0.159671 0.159665 0.159656 0.159641 0.159608 0.159544 0.159418 0.159182 0.158753 0.158000 0.156726 0.154645 0.151375 0.146433 0.139261 0.129276 0.115965 0.098995 0.078338 0.054363 0.027865 0.000000 
50.000000 42.153509 34.613907 27.652109 21.474105 16.204132 11.881917 8.472582 5.885276 3.995505 2.666457 1.766039 1.178095 0.807891 0.582987 0.451086 0.376365 0.335455 0.313794 0.302696 0.297191 0.294546 0.293313 0.292756 0.292512 0.292408 0.292365 0.292346 0.292337 0.292329 0.292315 0.292288 0.292233 0.292121 0.291904 0.291494 0.290745 0.289425 0.287180 0.283497 0.277680 0.268841 0.255941 0.237884 0.213678 0.182661 0.144731 0.100542 0.051570 0.000000 
50.000000 42.189259 34.684006 27.753918 21.604046 16.358061 12.055512 8.661679 6.086132 4.204942 2.881925 1.985589 1.400308 1.031779 0.807891 0.676586 0.602202 0.561475 0.539912 0.528864 0.523384 0.520750 0.519523 0.518969 0.518726 0.518622 0.518578 0.518559 0.518549 0.518537 0.518516 0.518471 0.518380 0.518195 0.517833 0.517147 0.515890 0.513663 0.509857 0.503580 0.493607 0.478361 0.455967 0.424414 0.381845 0.326961 0.259472 0.180483 0.092653 0.000000 
50.000000 42.248096 34.799373 27.921475 21.817906 16.611406 12.341228 8.972918 6.416729 4.549670 3.236584 2.346971 1.766077 1.400308 1.178095 1.047771 0.973943 0.933520 0.912117 0.901151 0.895712 0.893098 0.891880 0.891330 0.891088 0.890985 0.890941 0.890922 0.890909 0.890892 0.890858 0.890789 0.890643 0.890349 0.889771 0.888670 0.886645 0.883039 0.876839 0.866551 0.850099 0.824770 0.787291 0.734082 0.661744 0.567785 0.451461 0.314535 0.161643 0.000000 
50.000000 42.341522 34.982565 28.187543 22.157505 17.013713 12.794948 9.467177 6.941739 5.097129 3.799822 2.920893 2.346971 1.985589 1.766039 1.637275 1.564330 1.524390 1.503243 1.492408 1.487033 1.484450 1.483247 1.482703 1.482465 1.482362 1.482319 1.482298 1.482282 1.482257 1.482208 1.482103 1.481882 1.481434 1.480549 1.478859 1.475731 1.470133 1.460447 1.444266 1.418197 1.377741 1.317366 1.230880 1.112226 0.956713 0.762563 0.532377 0.273976 0.000000 
50.000000 42.484579 35.263078 28.594963 22.677528 17.629768 13.489744 10.224065 7.745730 5.935512 4.662380 3.799822 3.236584 2.881925 2.666457 2.540086 2.468495 2.429296 2.408541 2.397907 2.392632 2.390096 2.388915 2.388382 2.388147 2.388047 2.388003 2.387981 2.387961 2.387927 2.387856 2.387704 2.387385 2.386733 2.385441 2.382960 2.378344 2.370033 2.355556 2.331190 2.291606 2.229614 2.136182 2.000924 1.813314 1.564704 1.251053 0.875755 0.451516 0.000000 
50.000000 42.695708 35.677069 29.196255 23.445013 18.538997 14.515202 11.341182 8.932387 7.172945 5.935512 5.097129 4.549670 4.204942 3.995505 3.872669 3.803079 3.764976 3.744800 3.734463 3.729335 3.726870 3.725722 3.725203 3.724975 3.724877 3.724834 3.724810 3.724785 3.724740 3.724643 3.724434 3.723994 3.723091 3.721294 3.717825 3.711335 3.699572 3.678932 3.643906 3.586472 3.495594 3.357051 3.153985 2.868575 2.485198 1.995063 1.401552 0.724404 0.000000 
50.000000 42.995873 36.265650 30.051135 24.536188 19.831713 15.973190 12.929512 10.619613 8.932387 7.745730 6.941739 6.416729 6.086132 5.885276 5.767471 5.700730 5.664187 5.644836 5.634921 5.630002 5.627639 5.626537 5.626039 5.625820 5.625726 5.625683 5.625658 5.625628 5.625570 5.625444 5.625172 5.624596 5.623410 5.621038 5.616435 5.607771 5.591959 5.563997 5.516116 5.436793 5.309806 5.113655 4.821918 4.405290 3.836139 3.096035 2.185578 1.133585 0.000000 
50.000000 43.406785 37.071395 31.221440 26.029989 21.601442 17.969201 15.103992 12.929512 11.341182 10.224065 9.467177 8.972918 8.661679 8.472582 8.361670 8.298834 8.264427 8.246208 8.236873 8.232241 8.230015 8.228978 8.228509 8.228303 8.228214 8.228172 8.228145 8.228110 8.228040 8.227887 8.227552 8.226839 8.225367 8.222410 8.216640 8.205713 8.185627 8.149811 8.087883 7.984132 7.815857 7.551996 7.152764 6.571541 5.760659 4.682785 3.328302 1.735106 0.000000 
50.000000 43.948196 38.133036 32.763431 27.998236 23.933277 20.599220 17.969201 15.973190 14.515202 13.489744 12.794948 12.341228 12.055512 11.881917 11.780097 11.722410 11.690822 11.674095 11.665524 11.661271 11.659228 11.658275 11.657845 11.657655 11.657573 11.657534 11.657506 11.657467 11.657387 11.657210 11.656823 11.655997 11.654281 11.650821 11.644033 11.631098 11.607146 11.564067 11.488820 11.361218 11.151273 10.816437 10.299610 9.529557 8.426616 6.917831 4.965633 2.609037 0.000000 
50.000000 44.634515 39.478827 34.718151 30.493322 26.889300 23.933277 21.601442 19.831713 18.538997 17.629768 17.013713 16.611406 16.358061 16.204132 16.113844 16.062690 16.034679 16.019845 16.012244 16.008473 16.006661 16.005816 16.005434 16.005266 16.005192 16.005157 16.005130 16.005089 16.005004 16.004814 16.004397 16.003505 16.001646 15.997879 15.990454 15.976216 15.949662 15.901487 15.816454 15.670422 15.426423 15.029901 14.403720 13.444650 12.025256 10.009020 7.291514 3.880317 0.000000 
50.000000 45.471265 41.119603 37.101338 33.535341 30.493322 27.998236 26.029989 24.536188 23.445013 22.677528 22.157505 21.817906 21.604046 21.474105 21.397887 21.354703 21.331055 21.318532 21.312115 21.308931 21.307401 21.306688 21.306365 21.306223 21.306161 21.306130 21.306105 21.306066 21.305982 21.305795 21.305383 21.304499 21.302651 21.298891 21.291444 21.277085 21.250121 21.200791 21.112824 20.959816 20.700049 20.269330 19.571620 18.468066 16.767670 14.229946 10.606071 5.771147 0.000000 
50.000000 46.452131 43.042979 39.895007 37.101338 34.718151 32.763431 31.221440 30.051135 29.196255 28.594963 28.187543 27.921475 27.753918 27.652109 27.592391 27.558555 27.540027 27.530214 27.525186 27.522691 27.521492 27.520933 27.520681 27.520569 27.520520 27.520495 27.520474 27.520440 27.520366 27.520201 27.519837 27.519053 27.517409 27.514053 27.507379 27.494446 27.470014 27.424980 27.343910 27.201193 26.955100 26.538655 25.845599 24.709131 22.871392 19.947504 15.414277 8.742316 0.000000 
50.000000 47.557389 45.210279 43.042979 41.119603 39.478827 38.133036 37.071395 36.265650 35.677069 35.263078 34.982565 34.799373 34.684006 34.613907 34.572789 34.549492 34.536733 34.529977 34.526515 34.524797 34.523971 34.523586 34.523412 34.523335 34.523301 34.523284 34.523269 34.523243 34.523188 34.523064 34.522791 34.522201 34.520962 34.518426 34.513366 34.503523 34.484838 34.450188 34.387322 34.275516 34.080073 33.743094 33.167403 32.187313 30.513532 27.628703 22.605139 13.908233 0.000000 
50.000000 48.754344 47.557389 46.452131 45.471265 44.634515 43.948196 43.406785 42.995873 42.695708 42.484579 42.341522 42.248096 42.189259 42.153509 42.132539 42.120657 42.114150 42.110705 42.108939 42.108063 42.107641 42.107445 42.107356 42.107317 42.107300 42.107291 42.107283 42.107269 42.107240 42.107173 42.107026 42.106709 42.106042 42.104674 42.101939 42.096607 42.086452 42.067545 42.033063 41.971303 41.862288 41.671679 41.339159 40.754198 39.700118 37.709815 33.649156 24.377172 0.000000 
50.000000 50.000000 50.000000 50.000000 50.000000 50.000000 50.000000 50.000000 50.000000 50.000000 50.000000 50.000000 50.000000 50.000000 50.000000 50.000000 50.000000 50.000000 50.000000 50.000000 50.000000 50.000000 50.000000 50.000000 50.000000 50.000000 50.000000 50.000000 50.000000 50.000000 50.000000 50.000000 50.000000 50.000000 50.000000 50.000000 50.000000 50.000000 50.000000 50.000000 50.000000 50.000000 50.000000 50.000000 50.000000 50.000000 50.000000 50.000000 50.000000 50.000000 
