50.000000 50.000000 50.000000 50.000000 50.000000 50.000000 50.000000 50.000000 50.000000 50.000000 50.000000 50.000000 50.000000 50.000000 50.000000 50.000000 50.000000 50.000000 50.000000 50.000000 50.000000 50.000000 50.000000 50.000000 50.000000 50.000000 50.000000 50.000000 50.000000 50.000000 50.000000 50.000000 50.000000 50.000000 50.000000 50.000000 50.000000 50.000000 50.000000 50.000000 50.000000 50.000000 50.000000 50.000000 50.000000 50.000000 50.000000 50.000000 50.000000 50.000000 
50.000000 48.536792 47.140769 45.869873 44.765676 43.849809 43.124309 42.575191 42.177856 41.902828 41.720601 41.604942 41.534570 41.493492 41.470468 41.458068 41.451645 41.448443 41.446905 41.446193 41.445874 41.445737 41.445680 41.445657 41.445648 41.445644 41.445643 41.445641 41.445638 41.445629 41.445608 41.445556 41.445431 41.445144 41.444498 41.443089 41.440105 41.433959 41.421644 41.397593 41.351711 41.265917 41.107932 40.819400 40.291336 39.307819 37.401384 33.436226 24.268396 0.000000 
50.000000 47.140769 44.412826 41.929398 39.771718 37.982055 36.564390 35.491389 34.714984 34.177577 33.821506 33.595511 33.458007 33.377742 33.332756 33.308527 33.295977 33.289720 33.286716 33.285324 33.284703 33.284434 33.284323 33.284278 33.284260 33.284253 33.284250 33.284247 33.284240 33.284225 33.284186 33.284090 33.283861 33.283334 33.282150 33.279574 33.274129 33.262953 33.240650 33.197323 33.115252 32.963300 32.687417 32.194103 31.320564 29.778921 27.051144 22.206413 13.704543 0.000000 
50.000000 45.869873 41.929398 38.342131 35.225417 32.640311 30.592558 29.042672 27.921214 27.144979 26.630674 26.304255 26.105652 25.989723 25.924750 25.889757 25.871633 25.862597 25.858257 25.856248 25.855350 25.854963 25.854801 25.854736 25.854711 25.854701 25.854696 25.854692 25.854684 25.854663 25.854612 25.854487 25.854189 25.853502 25.851966 25.848633 25.841617 25.827284 25.798855 25.744060 25.641328 25.453716 25.119418 24.537120 23.543904 21.883815 19.171065 14.878254 8.468489 0.000000 
50.000000 44.765676 39.771718 35.225417 31.275494 27.999322 25.404179 23.440012 22.018811 21.035120 20.383373 19.969730 19.718062 19.571162 19.488832 19.444493 19.421528 19.410079 19.404581 19.402035 19.400898 19.400407 19.400202 19.400120 19.400088 19.400075 19.400069 19.400065 19.400055 19.400033 19.399976 19.399839 19.399512 19.398760 19.397084 19.393463 19.385878 19.370476 19.340156 19.282264 19.175021 18.982185 18.645476 18.074508 17.134873 15.637747 13.341602 9.992797 5.457857 0.000000 
50.000000 43.849809 37.982055 32.640311 27.999322 24.150000 21.100883 18.793153 17.123389 15.967673 15.201967 14.716007 14.420348 14.247774 14.151058 14.098973 14.071996 14.058548 14.052090 14.049100 14.047764 14.047188 14.046948 14.046851 14.046813 14.046798 14.046792 14.046787 14.046777 14.046755 14.046700 14.046565 14.046246 14.045515 14.043892 14.040401 14.033129 14.018464 13.989831 13.935713 13.836720 13.661507 13.361592 12.865646 12.075000 10.864449 9.096407 6.661491 3.558473 0.000000 
50.000000 43.124309 36.564390 30.592558 25.404179 21.100883 17.692209 15.112384 13.245775 11.953840 11.097901 10.554687 10.224203 10.031307 9.923205 9.864989 9.834838 9.819808 9.812590 9.809249 9.807756 9.807112 9.806844 9.806736 9.806693 9.806677 9.806670 9.806665 9.806657 9.806637 9.806587 9.806467 9.806183 9.805536 9.804104 9.801039 9.794694 9.781989 9.757392 9.711380 9.628255 9.483340 9.239829 8.846104 8.235238 7.329671 6.055438 4.370286 2.304909 0.000000 
50.000000 42.575191 35.491389 29.042672 23.440012 18.793153 15.112384 12.326666 10.311119 8.916125 7.991926 7.405405 7.048581 6.840317 6.723606 6.660755 6.628205 6.611980 6.604188 6.600581 6.598970 6.598275 6.597985 6.597868 6.597823 6.597805 6.597798 6.597793 6.597786 6.597770 6.597729 6.597629 6.597396 6.596866 6.595698 6.593213 6.588098 6.577928 6.558406 6.522249 6.457696 6.346728 6.163333 5.872554 5.431561 4.794537 3.923254 2.803972 1.467259 0.000000 
50.000000 42.177856 34.714984 27.921214 22.018811 17.123389 13.245775 10.311119 8.187843 6.718314 5.744752 5.126917 4.751051 4.531678 4.408744 4.342545 4.308262 4.291172 4.282966 4.279168 4.277471 4.276739 4.276434 4.276311 4.276263 4.276244 4.276237 4.276233 4.276227 4.276214 4.276183 4.276106 4.275927 4.275522 4.274634 4.272754 4.268907 4.261312 4.246850 4.220315 4.173456 4.093922 3.964391 3.762435 3.461881 3.036627 2.467498 1.751684 0.911938 0.000000 
50.000000 41.902828 34.177577 27.144979 21.035120 15.967673 11.953840 8.916125 6.718314 5.197220 4.189514 3.550022 3.160988 2.933935 2.806700 2.738186 2.702705 2.685019 2.676526 2.672595 2.670839 2.670082 2.669766 2.669639 2.669589 2.669570 2.669563 2.669559 2.669555 2.669545 2.669522 2.669467 2.669338 2.669048 2.668414 2.667078 2.664361 2.659031 2.648959 2.630640 2.598610 2.544858 2.458429 2.325586 2.130953 1.860099 1.503652 1.062325 0.551118 0.000000 
50.000000 41.720601 33.821506 26.630674 20.383373 15.201967 11.097901 7.991926 5.744752 4.189514 3.159201 2.505373 2.107624 1.875488 1.745407 1.675362 1.639089 1.621008 1.612327 1.608308 1.606513 1.605739 1.605416 1.605286 1.605235 1.605216 1.605209 1.605205 1.605202 1.605195 1.605180 1.605142 1.605054 1.604858 1.604431 1.603535 1.601723 1.598190 1.591562 1.579601 1.558874 1.524437 1.469677 1.386522 1.266253 1.101110 0.886615 0.624183 0.323008 0.000000 
50.000000 41.604942 33.595511 26.304255 19.969730 14.716007 10.554687 7.405405 5.126917 3.550022 2.505373 1.842454 1.439180 1.203823 1.071938 1.000923 0.964148 0.945818 0.937017 0.932942 0.931123 0.930338 0.930011 0.929879 0.929827 0.929808 0.929801 0.929797 0.929795 0.929791 0.929780 0.929756 0.929700 0.929574 0.929301 0.928732 0.927586 0.925366 0.921227 0.913811 0.901063 0.880067 0.846999 0.797295 0.726177 0.629574 0.505400 0.354861 0.183298 0.000000 
50.000000 41.534570 33.458007 26.105652 19.718062 14.420348 10.224203 7.048581 4.751051 3.160988 2.107624 1.439180 1.032549 0.795234 0.662255 0.590651 0.553571 0.535089 0.526215 0.522107 0.520273 0.519481 0.519152 0.519019 0.518967 0.518947 0.518940 0.518937 0.518935 0.518932 0.518926 0.518911 0.518877 0.518800 0.518634 0.518291 0.517602 0.516275 0.513814 0.509434 0.501957 0.489739 0.470653 0.442214 0.401884 0.347586 0.278368 0.195053 0.100611 0.000000 
50.000000 41.493492 33.377742 25.989723 19.571162 14.247774 10.031307 6.840317 4.531678 2.933935 1.875488 1.203823 0.795234 0.556779 0.423161 0.351214 0.313957 0.295387 0.286471 0.282343 0.280500 0.279705 0.279373 0.279240 0.279188 0.279168 0.279161 0.279158 0.279157 0.279155 0.279151 0.279142 0.279122 0.279078 0.278982 0.278784 0.278390 0.277632 0.276236 0.273765 0.269574 0.262771 0.252219 0.236612 0.214645 0.185284 0.148107 0.103613 0.053387 0.000000 
50.000000 41.470468 33.332756 25.924750 19.488832 14.151058 9.923205 6.723606 4.408744 2.806700 1.745407 1.071938 0.662255 0.423161 0.289186 0.217047 0.179691 0.161072 0.152132 0.147993 0.146145 0.145348 0.145016 0.144882 0.144830 0.144810 0.144803 0.144800 0.144799 0.144798 0.144795 0.144791 0.144779 0.144755 0.144702 0.144593 0.144377 0.143964 0.143206 0.141872 0.139622 0.135990 0.130393 0.122165 0.110658 0.095369 0.076117 0.053182 0.027379 0.000000 
50.000000 41.458068 33.308527 25.889757 19.444493 14.098973 9.864989 6.660755 4.342545 2.738186 1.675362 1.000923 0.590651 0.351214 0.217047 0.144805 0.107396 0.088750 0.079797 0.075653 0.073802 0.073004 0.072671 0.072537 0.072485 0.072465 0.072458 0.072455 0.072454 0.072453 0.072452 0.072449 0.072444 0.072431 0.072403 0.072345 0.072232 0.072016 0.071622 0.070932 0.069772 0.067911 0.065057 0.060885 0.055081 0.047409 0.037791 0.026377 0.013570 0.000000 
50.000000 41.451645 33.295977 25.871633 19.421528 14.071996 9.834838 6.628205 4.308262 2.702705 1.639089 0.964148 0.553571 0.313957 0.179691 0.107396 0.069958 0.051299 0.042340 0.038192 0.036340 0.035541 0.035209 0.035074 0.035022 0.035002 0.034995 0.034992 0.034991 0.034991 0.034990 0.034989 0.034986 0.034979 0.034965 0.034936 0.034879 0.034771 0.034574 0.034231 0.033657 0.032740 0.031340 0.029303 0.026481 0.022768 0.018131 0.012644 0.006501 0.000000 
50.000000 41.448443 33.289720 25.862597 19.410079 14.058548 9.819808 6.611980 4.291172 2.685019 1.621008 0.945818 0.535089 0.295387 0.161072 0.088750 0.051299 0.032632 0.023670 0.019521 0.017668 0.016869 0.016536 0.016402 0.016350 0.016330 0.016323 0.016320 0.016319 0.016319 0.016318 0.016318 0.016316 0.016313 0.016306 0.016292 0.016265 0.016212 0.016118 0.015954 0.015680 0.015245 0.014584 0.013625 0.012302 0.010567 0.008408 0.005859 0.003011 0.000000 
50.000000 41.446905 33.286716 25.858257 19.404581 14.052090 9.812590 6.604188 4.282967 2.676526 1.612327 0.937017 0.526215 0.286471 0.152132 0.079797 0.042340 0.023670 0.014706 0.010557 0.008703 0.007904 0.007571 0.007437 0.007384 0.007365 0.007357 0.007355 0.007354 0.007354 0.007353 0.007353 0.007352 0.007351 0.007348 0.007341 0.007328 0.007304 0.007261 0.007185 0.007059 0.006860 0.006559 0.006124 0.005525 0.004742 0.003770 0.002626 0.001349 0.000000 
50.000000 41.446193 33.285324 25.856248 19.402035 14.049100 9.809249 6.600581 4.279168 2.672595 1.608308 0.932942 0.522107 0.282343 0.147993 0.075653 0.038193 0.019521 0.010557 0.006407 0.004554 0.003754 0.003421 0.003287 0.003235 0.003215 0.003208 0.003205 0.003204 0.003204 0.003204 0.003203 0.003203 0.003202 0.003201 0.003198 0.003192 0.003182 0.003162 0.003129 0.003073 0.002985 0.002853 0.002662 0.002400 0.002058 0.001636 0.001139 0.000585 0.000000 
50.000000 41.445874 33.284703 25.855350 19.400898 14.047764 9.807756 6.598970 4.277471 2.670839 1.606513 0.931123 0.520273 0.280500 0.146145 0.073802 0.036340 0.017669 0.008704 0.004554 0.002700 0.001901 0.001568 0.001434 0.001381 0.001361 0.001354 0.001352 0.001351 0.001350 0.001350 0.001350 0.001350 0.001350 0.001349 0.001348 0.001345 0.001341 0.001332 0.001318 0.001294 0.001257 0.001201 0.001120 0.001009 0.000865 0.000687 0.000478 0.000245 0.000000 
50.000000 41.445737 33.284435 25.854963 19.400407 14.047188 9.807113 6.598275 4.276739 2.670082 1.605739 0.930338 0.519482 0.279705 0.145348 0.073004 0.035542 0.016870 0.007905 0.003755 0.001901 0.001102 0.000769 0.000635 0.000582 0.000562 0.000555 0.000553 0.000552 0.000551 0.000551 0.000551 0.000551 0.000551 0.000551 0.000550 0.000549 0.000547 0.000544 0.000538 0.000528 0.000513 0.000489 0.000456 0.000411 0.000352 0.000279 0.000194 0.000100 0.000000 
50.000000 41.445680 33.284323 25.854802 19.400203 14.046949 9.806845 6.597986 4.276435 2.669767 1.605417 0.930012 0.519153 0.279375 0.145017 0.072672 0.035210 0.016538 0.007572 0.003423 0.001569 0.000770 0.000437 0.000302 0.000250 0.000230 0.000223 0.000220 0.000219 0.000219 0.000219 0.000219 0.000219 0.000219 0.000219 0.000219 0.000218 0.000217 0.000216 0.000214 0.000210 0.000203 0.000194 0.000181 0.000163 0.000140 0.000111 0.000077 0.000040 0.000000 
50.000000 41.445658 33.284279 25.854738 19.400122 14.046854 9.806739 6.597872 4.276314 2.669643 1.605290 0.929883 0.519023 0.279244 0.144886 0.072541 0.035078 0.016406 0.007441 0.003291 0.001437 0.000638 0.000305 0.000171 0.000118 0.000098 0.000091 0.000089 0.000088 0.000087 0.000087 0.000087 0.000087 0.000087 0.000087 0.000087 0.000087 0.000087 0.000086 0.000085 0.000083 0.000081 0.000077 0.000072 0.000065 0.000055 0.000044 0.000031 0.000016 0.000000 
50.000000 41.445650 33.284264 25.854716 19.400095 14.046821 9.806702 6.597833 4.276273 2.669600 1.605246 0.929838 0.518978 0.279199 0.144841 0.072496 0.035033 0.016361 0.007396 0.003246 0.001392 0.000593 0.000260 0.000125 0.000073 0.000053 0.000046 0.000043 0.000043 0.000042 0.000042 0.000042 0.000042 0.000042 0.000042 0.000042 0.000042 0.000042 0.000041 0.000041 0.000040 0.000039 0.000037 0.000035 0.000031 0.000027 0.000021 0.000015 0.000008 0.000000 
50.000000 41.445650 33.284264 25.854716 19.400095 14.046821 9.806702 6.597833 4.276273 2.669600 1.605246 0.929838 0.518978 0.279199 0.144841 0.072496 0.035033 0.016361 0.007396 0.003246 0.001392 0.000593 0.000260 0.000125 0.000073 0.000053 0.000046 0.000043 0.000043 0.000042 0.000042 0.000042 0.000042 0.000042 0.000042 0.000042 0.000042 0.000042 0.000041 0.000041 0.000040 0.000039 0.000037 0.000035 0.000031 0.000027 0.000021 0.000015 0.000008 0.000000 
50.000000 41.445658 33.284279 25.854738 19.400122 14.046854 9.806739 6.597872 4.276314 2.669643 1.605290 0.929883 0.519023 0.279244 0.144886 0.072541 0.035078 0.016406 0.007441 0.003291 0.001437 0.000638 0.000305 0.000171 0.000118 0.000098 0.000091 0.000089 0.000088 0.000087 0.000087 0.000087 0.000087 0.000087 0.000087 0.000087 0.000087 0.000087 0.000086 0.000085 0.000083 0.000081 0.000077 0.000072 0.000065 0.000055 0.000044 0.000031 0.000016 0.000000 
50.000000 41.445680 33.284323 25.854802 19.400203 14.046949 9.806845 6.597986 4.276435 2.669767 1.605417 0.930012 0.519153 0.279375 0.145017 0.072672 0.035210 0.016538 0.007572 0.003423 0.001569 0.000770 0.000437 0.000302 0.000250 0.000230 0.000223 0.000220 0.000219 0.000219 0.000219 0.000219 0.000219 0.000219 0.000219 0.000219 0.000218 0.000217 0.000216 0.000214 0.000210 0.000203 0.000194 0.000181 0.000163 0.000140 0.000111 0.000077 0.000040 0.000000 
50.000000 41.445737 33.284435 25.854963 19.400407 14.047188 9.807113 6.598275 4.276739 2.670082 1.605739 0.930338 0.519482 0.279705 0.145348 0.073004 0.035542 0.016870 0.007905 0.003755 0.001901 0.001102 0.000769 0.000635 0.000582 0.000562 0.000555 0.000553 0.000552 0.000551 0.000551 0.000551 0.000551 0.000551 0.000551 0.000550 0.000549 0.000547 0.000544 0.000538 0.000528 0.000513 0.000489 0.000456 0.000411 0.000352 0.000279 0.000194 0.000100 0.000000 
50.000000 41.445874 33.284703 25.855350 19.400898 14.047764 9.807756 6.598970 4.277471 2.670839 1.606513 0.931123 0.520273 0.280500 0.146145 0.073802 0.036340 0.017669 0.008704 0.004554 0.002700 0.001901 0.001568 0.001434 0.001381 0.001361 0.001354 0.001352 0.001351 0.001350 0.001350 0.001350 0.001350 0.001350 0.001349 0.001348 0.001345 0.001341 0.001332 0.001318 0.001294 0.001257 0.001201 0.001120 0.001009 0.000865 0.000687 0.000478 0.000245 0.000000 
50.000000 41.446193 33.285324 25.856248 19.402035 14.049100 9.809249 6.600581 4.279168 2.672595 1.608308 0.932942 0.522107 0.282343 0.147993 0.075653 0.038193 0.019521 0.010557 0.006407 0.004554 0.003754 0.003421 0.003287 0.003235 0.003215 0.003208 0.003205 0.003204 0.003204 0.003204 0.003203 0.003203 0.003202 0.003201 0.003198 0.003192 0.003182 0.003162 0.003129 0.003073 0.002985 0.002853 0.002662 0.002400 0.002058 0.001636 0.001139 0.000585 0.000000 
50.000000 41.446905 33.286716 25.858257 19.404581 14.052090 9.812590 6.604188 4.282967 2.676526 1.612327 0.937017 0.526215 0.286471 0.152132 0.079797 0.042340 0.023670 0.014706 0.010557 0.008703 0.007904 0.007571 0.007437 0.007384 0.007365 0.007357 0.007355 0.007354 0.007354 0.007353 0.007353 0.007352 0.007351 0.007348 0.007341 0.007328 0.007304 0.007261 0.007185 0.007059 0.006860 0.006559 0.006124 0.005525 0.004742 0.003770 0.002626 0.001349 0.000000 
50.000000 41.448443 33.289720 25.862597 19.410079 14.058548 9.819808 6.611980 4.291172 2.685019 1.621008 0.945818 0.535089 0.295387 0.161072 0.088750 0.051299 0.032632 0.023670 0.019521 0.017668 0.016869 0.016536 0.016402 0.016350 0.016330 0.016323 0.016320 0.016319 0.016319 0.016318 0.016318 0.016316 0.016313 0.016306 0.016292 0.016265 0.016212 0.016118 0.015954 0.015680 0.015245 0.014584 0.013625 0.012302 0.010567 0.008408 0.005859 0.003011 0.000000 
50.000000 41.451645 33.295977 25.871633 19.421528 14.071996 9.834838 6.628205 4.308262 2.702705 1.639089 0.964148 0.553571 0.313957 0.179691 0.107396 0.069958 0.051299 0.042340 0.038192 0.036340 0.035541 0.035209 0.035074 0.035022 0.035002 0.034995 0.034992 0.034991 0.034991 0.034990 0.034989 0.034986 0.034979 0.034965 0.034936 0.034879 0.034771 0.034574 0.034231 0.033657 0.032740 0.031340 0.029303 0.026481 0.022768 0.018131 0.012644 0.006501 0.000000 
50.000000 41.458068 33.308527 25.889757 19.444493 14.098973 9.864989 6.660755 4.342545 2.738186 1.675362 1.000923 0.590651 0.351214 0.217047 0.144805 0.107396 0.088750 0.079797 0.075653 0.073802 0.073004 0.072671 0.072537 0.072485 0.072465 0.072458 0.072455 0.072454 0.072453 0.072452 0.072449 0.072444 0.072431 0.072403 0.072345 0.072232 0.072016 0.071622 0.070932 0.069772 0.067911 0.065057 0.060885 0.055081 0.047409 0.037791 0.026377 0.013570 0.000000 
50.000000 41.470468 33.332756 25.924750 19.488832 14.151058 9.923205 6.723606 4.408744 2.806700 1.745407 1.071938 0.662255 0.423161 0.289186 0.217047 0.179691 0.161072 0.152132 0.147993 0.146145 0.145348 0.145016 0.144882 0.144830 0.144810 0.144803 0.144800 0.144799 0.144798 0.144795 0.144791 0.144779 0.144755 0.144702 0.144593 0.144377 0.143964 0.143206 0.141872 0.139622 0.135990 0.130393 0.122165 0.110658 0.095369 0.076117 0.053182 0.027379 0.000000 
50.000000 41.493492 33.377742 25.989723 19.571162 14.247774 10.031307 6.840317 4.531678 2.933935 1.875488 1.203823 0.795234 0.556779 0.423161 0.351214 0.313957 0.295387 0.286471 0.282343 0.280500 0.279705 0.279373 0.279240 0.279188 0.279168 0.279161 0.279158 0.279157 0.279155 0.279151 0.279142 0.279122 0.279078 0.278982 0.278784 0.278390 0.277632 0.276236 0.273765 0.269574 0.262771 0.252219 0.236612 0.214645 0.185284 0.148107 0.103613 0.053387 0.000000 
50.000000 41.534570 33.458007 26.105652 19.718062 14.420348 10.224203 7.048581 4.751051 3.160988 2.107624 1.439180 1.032549 0.795234 0.662255 0.590651 0.553571 0.535089 0.526215 0.522107 0.520273 0.519481 0.519152 0.519019 0.518967 0.518947 0.518940 0.518937 0.518935 0.518932 0.518926 0.518911 0.518877 0.518800 0.518634 0.518291 0.517602 0.516275 0.513814 0.509434 0.501957 0.489739 0.470653 0.442214 0.401884 0.347586 0.278368 0.195053 0.100611 0.000000 
50.000000 41.604942 33.595511 26.304255 19.969730 14.716007 10.554687 7.405405 5.126917 3.550022 2.505373 1.842454 1.439180 1.203823 1.071938 1.000923 0.964148 0.945818 0.937017 0.932942 0.931123 0.930338 0.930011 0.929879 0.929827 0.929808 0.929801 0.929797 0.929795 0.929791 0.929780 0.929756 0.929700 0.929574 0.929301 0.928732 0.927586 0.925366 0.921227 0.913811 0.901063 0.880067 0.846999 0.797295 0.726177 0.629574 0.505400 0.354861 0.183298 0.000000 
50.000000 41.720601 33.821506 26.630674 20.383373 15.201967 11.097901 7.991926 5.744752 4.189514 3.159201 2.505373 2.107624 1.875488 1.745407 1.675362 1.639089 1.621008 1.612327 1.608308 1.606513 1.605739 1.605416 1.605286 1.605235 1.605216 1.605209 1.605205 1.605202 1.605195 1.605180 1.605142 1.605054 1.604858 1.604431 1.603535 1.601723 1.598190 1.591562 1.579601 1.558874 1.524437 1.469677 1.386522 1.266253 1.101110 0.886615 0.624183 0.323008 0.000000 
50.000000 41.902828 34.177577 27.144979 21.035120 15.967673 11.953840 8.916125 6.718314 5.197220 4.189514 3.550022 3.160988 2.933935 2.806700 2.738186 2.702705 2.685019 2.676526 2.672595 2.670839 2.670082 2.669766 2.669639 2.669589 2.669570 2.669563 2.669559 2.669555 2.669545 2.669522 2.669467 2.669338 2.669048 2.668414 2.667078 2.664361 2.659031 2.648959 2.630640 2.598610 2.544858 2.458429 2.325586 2.130953 1.860099 1.503652 1.062325 0.551118 0.000000 
50.000000 42.177856 34.714984 27.921214 22.018811 17.123389 13.245775 10.311119 8.187843 6.718314 5.744752 5.126917 4.751051 4.531678 4.408744 4.342545 4.308262 4.291172 4.282966 4.279168 4.277471 4.276739 4.276434 4.276311 4.276263 4.276244 4.276237 4.276233 4.276227 4.276214 4.276183 4.276106 4.275927 4.275522 4.274634 4.272754 4.268907 4.261312 4.246850 4.220315 4.173456 4.093922 3.964391 3.762435 3.461881 3.036627 2.467498 1.751684 0.911938 0.000000 
50.000000 42.575191 35.491389 29.042672 23.440012 18.793153 15.112384 12.326666 10.311119 8.916125 7.991926 7.405405 7.048581 6.840317 6.723606 6.660755 6.628205 6.611980 6.604188 6.600581 6.598970 6.598275 6.597985 6.597868 6.597823 6.597805 6.597798 6.597793 6.597786 6.597770 6.597729 6.597629 6.597396 6.596866 6.595698 6.593213 6.588098 6.577928 6.558406 6.522249 6.457696 6.346728 6.163333 5.872554 5.431561 4.794537 3.923254 2.803972 1.467259 0.000000 
50.000000 43.124309 36.564390 30.592558 25.404179 21.100883 17.692209 15.112384 13.245775 11.953840 11.097901 10.554687 10.224203 10.031307 9.923205 9.864989 9.834838 9.819808 9.812590 9.809249 9.807756 9.807112 9.806844 9.806736 9.806693 9.806677 9.806670 9.806665 9.806657 9.806637 9.806587 9.806467 9.806183 9.805536 9.804104 9.801039 9.794694 9.781989 9.757392 9.711380 9.628255 9.483340 9.239829 8.846104 8.235238 7.329671 6.055438 4.370286 2.304909 0.000000 
50.000000 43.849809 37.982055 32.640311 27.999322 24.150000 21.100883 18.793153 17.123389 15.967673 15.201967 14.716007 14.420348 14.247774 14.151058 14.098973 14.071996 14.058548 14.052090 14.049100 14.047764 14.047188 14.046948 14.046851 14.046813 14.046798 14.046792 14.046787 14.046777 14.046755 14.046700 14.046565 14.046246 14.045515 14.043892 14.040401 14.033129 14.018464 13.989831 13.935713 13.836720 13.661507 13.361592 12.865646 12.075000 10.864449 9.096407 6.661491 3.558473 0.000000 
50.000000 44.765676 39.771718 35.225417 31.275494 27.999322 25.404179 23.440012 22.018811 21.035120 20.383373 19.969730 19.718062 19.571162 19.488832 19.444493 19.421528 19.410079 19.404581 19.402035 19.400898 19.400407 19.400202 19.400120 19.400088 19.400075 19.400069 19.400065 19.400055 19.400033 19.399976 19.399839 19.399512 19.398760 19.397084 19.393463 19.385878 19.370476 19.340156 19.282264 19.175021 18.982185 18.645476 18.074508 17.134873 15.637747 13.341602 9.992797 5.457857 0.000000 
50.000000 45.869873 41.929398 38.342131 35.225417 32.640311 30.592558 29.042672 27.921214 27.144979 26.630674 26.304255 26.105652 25.989723 25.924750 25.889757 25.871633 25.862597 25.858257 25.856248 25.855350 25.854963 25.854801 25.854736 25.854711 25.854701 25.854696 25.854692 25.854684 25.854663 25.854612 25.854487 25.854189 25.853502 25.851966 25.848633 25.841617 25.827284 25.798855 25.744060 25.641328 25.453716 25.119418 24.537120 23.543904 21.883815 19.171065 14.878254 8.468489 0.000000 
50.000000 47.140769 44.412826 41.929398 39.771718 37.982055 36.564390 35.491389 34.714984 34.177577 33.821506 33.595511 33.458007 33.377742 33.332756 33.308527 33.295977 33.289720 33.286716 33.285324 33.284703 33.284434 33.284323 33.284278 33.284260 33.284253 33.284250 33.284247 33.284240 33.284225 33.284186 33.284090 33.283861 33.283334 33.282150 33.279574 33.274129 33.262953 33.240650 33.197323 33.115252 32.963300 32.687417 32.194103 31.320564 29.778921 27.051144 22.206413 13.704543 0.000000 
50.000000 48.536792 47.140769 45.869873 44.765676 43.849809 43.124309 42.575191 42.177856 41.902828 41.720601 41.604942 41.534570 41.493492 41.470468 41.458068 41.451645 41.448443 41.446905 41.446193 41.445874 41.445737 41.445680 41.445657 41.445648 41.445644 41.445643 41.445641 41.445638 41.445629 41.445608 41.445556 41.445431 41.445144 41.444498 41.443089 41.440105 41.433959 41.421644 41.397593 41.351711 41.265917 41.107932 40.819400 40.291336 39.307819 37.401384 33.436226 24.268396 0.000000 
50.000000 50.000000 50.000000 50.000000 50.000000 50.000000 50.000000 50.000000 50.000000 50.000000 50.000000 50.000000 50.000000 50.000000 50.000000 50.000000 50.000000 50.000000 50.000000 50.000000 50.000000 50.000000 50.000000 50.000000 50.000000 50.000000 50.000000 50.000000 50.000000 50.000000 50.000000 50.000000 50.000000 50.000000 50.000000 50.000000 50.000000 50.000000 50.000000 50.000000 50.000000 50.000000 50.000000 50.000000 50.000000 50.000000 50.000000 50.000000 50.000000 50.000000 
