50.000000 50.000000 50.000000 50.000000 50.000000 50.000000 50.000000 50.000000 50.000000 50.000000 50.000000 50.000000 50.000000 50.000000 50.000000 50.000000 50.000000 50.000000 50.000000 50.000000 50.000000 50.000000 50.000000 50.000000 50.000000 50.000000 50.000000 50.000000 50.000000 50.000000 50.000000 50.000000 50.000000 50.000000 50.000000 50.000000 50.000000 50.000000 50.000000 50.000000 50.000000 50.000000 50.000000 50.000000 50.000000 50.000000 50.000000 50.000000 50.000000 50.000000 
50.000000 47.041442 44.357112 42.145226 40.486973 39.353024 38.643595 38.236164 38.020607 37.915173 37.867327 37.847114 37.839139 37.836190 37.835166 37.834831 37.834728 37.834697 37.834689 37.834687 37.834686 37.834686 37.834686 37.834686 37.834686 37.834686 37.834686 37.834686 37.834686 37.834686 37.834686 37.834686 37.834686 37.834684 37.834678 37.834655 37.834577 37.834322 37.833530 37.831184 37.824577 37.806849 37.761447 37.649963 37.385546 36.772296 35.354385 31.992669 23.520721 0.000000 
50.000000 44.357112 39.237308 35.018666 31.856029 29.693420 28.340489 27.563525 27.152483 26.951443 26.860217 26.821681 26.806477 26.800856 26.798905 26.798266 26.798068 26.798011 26.797995 26.797990 26.797989 26.797989 26.797989 26.797989 26.797989 26.797989 26.797989 26.797989 26.797989 26.797989 26.797989 26.797989 26.797988 26.797985 26.797975 26.797936 26.797806 26.797381 26.796066 26.792193 26.781371 26.752643 26.680174 26.506157 26.107299 25.231334 23.380790 19.618654 12.364443 0.000000 
50.000000 42.145226 35.018666 29.146639 24.744658 21.734735 19.851835 18.770592 18.198619 17.918892 17.791971 17.738361 17.717212 17.709395 17.706681 17.705793 17.705518 17.705438 17.705415 17.705410 17.705408 17.705408 17.705408 17.705408 17.705408 17.705408 17.705408 17.705408 17.705408 17.705408 17.705408 17.705407 17.705407 17.705403 17.705391 17.705349 17.705202 17.704729 17.703272 17.699017 17.687248 17.656438 17.580155 17.401643 17.007078 16.184525 14.573319 11.637876 6.790841 0.000000 
50.000000 40.486973 31.856029 24.744658 19.413835 15.769009 13.489093 12.179970 11.487511 11.148891 10.995266 10.930383 10.904790 10.895331 10.892047 10.890973 10.890641 10.890544 10.890517 10.890510 10.890508 10.890507 10.890507 10.890507 10.890507 10.890507 10.890507 10.890507 10.890507 10.890507 10.890507 10.890507 10.890506 10.890503 10.890493 10.890454 10.890323 10.889903 10.888616 10.884895 10.874718 10.848461 10.784677 10.639094 10.327804 9.706918 8.560133 6.624695 3.714677 0.000000 
50.000000 39.353024 29.693420 21.734735 15.769009 11.690314 9.139177 7.674434 6.899728 6.520925 6.349086 6.276519 6.247898 6.237322 6.233650 6.232449 6.232078 6.231969 6.231939 6.231931 6.231929 6.231929 6.231929 6.231929 6.231929 6.231929 6.231929 6.231929 6.231929 6.231929 6.231929 6.231928 6.231928 6.231926 6.231917 6.231888 6.231789 6.231472 6.230511 6.227754 6.220300 6.201338 6.156082 6.055079 5.845157 5.441205 4.727657 3.586121 1.967477 0.000000 
50.000000 38.643595 28.340489 19.851835 13.489093 9.139177 6.418558 4.856614 4.030559 3.626683 3.443487 3.366130 3.335623 3.324351 3.320438 3.319159 3.318763 3.318648 3.318615 3.318607 3.318605 3.318604 3.318604 3.318604 3.318604 3.318604 3.318604 3.318604 3.318604 3.318604 3.318604 3.318604 3.318604 3.318602 3.318597 3.318577 3.318512 3.318303 3.317676 3.315891 3.311116 3.299124 3.270951 3.209279 3.084098 2.849999 2.450192 1.834332 0.993632 0.000000 
50.000000 38.236164 27.563525 18.770592 12.179970 7.674434 4.856614 3.238949 2.383477 1.965244 1.775549 1.695454 1.663870 1.652201 1.648150 1.646826 1.646416 1.646297 1.646263 1.646255 1.646252 1.646252 1.646252 1.646252 1.646252 1.646252 1.646252 1.646252 1.646252 1.646252 1.646252 1.646252 1.646251 1.646251 1.646247 1.646236 1.646197 1.646075 1.645710 1.644680 1.641951 1.635176 1.619475 1.585663 1.518352 1.395293 1.190437 0.883351 0.474716 0.000000 
50.000000 38.020607 27.152483 18.198619 11.487511 6.899728 4.030559 2.383477 1.512483 1.086681 0.893562 0.812025 0.779873 0.767996 0.763873 0.762525 0.762108 0.761987 0.761953 0.761944 0.761942 0.761941 0.761941 0.761941 0.761941 0.761941 0.761941 0.761941 0.761941 0.761941 0.761941 0.761941 0.761941 0.761940 0.761939 0.761932 0.761912 0.761847 0.761656 0.761119 0.759709 0.756242 0.748301 0.731436 0.698389 0.639049 0.542181 0.399840 0.213757 0.000000 
50.000000 37.915173 26.951443 17.918892 11.148891 6.520925 3.626683 1.965244 1.086681 0.657190 0.462403 0.380165 0.347738 0.335759 0.331601 0.330242 0.329822 0.329699 0.329665 0.329656 0.329653 0.329653 0.329653 0.329653 0.329653 0.329653 0.329653 0.329653 0.329653 0.329653 0.329653 0.329653 0.329653 0.329652 0.329652 0.329649 0.329639 0.329608 0.329516 0.329261 0.328595 0.326972 0.323293 0.315567 0.300624 0.274174 0.231644 0.170072 0.090596 0.000000 
50.000000 37.867327 26.860217 17.791971 10.995266 6.349086 3.443487 1.775549 0.893562 0.462403 0.266863 0.184309 0.151758 0.139733 0.135559 0.134195 0.133773 0.133650 0.133616 0.133607 0.133604 0.133604 0.133604 0.133604 0.133604 0.133604 0.133604 0.133604 0.133604 0.133604 0.133604 0.133604 0.133604 0.133603 0.133603 0.133602 0.133597 0.133584 0.133543 0.133432 0.133142 0.132442 0.130869 0.127596 0.121332 0.110371 0.092955 0.068024 0.036143 0.000000 
50.000000 37.847114 26.821681 17.738361 10.930383 6.276519 3.366130 1.695454 0.812025 0.380165 0.184309 0.101622 0.069018 0.056975 0.052794 0.051428 0.051005 0.050882 0.050848 0.050839 0.050836 0.050836 0.050836 0.050836 0.050836 0.050836 0.050836 0.050836 0.050836 0.050836 0.050836 0.050836 0.050836 0.050835 0.050835 0.050835 0.050833 0.050827 0.050811 0.050766 0.050649 0.050369 0.049744 0.048455 0.046008 0.041767 0.035090 0.025615 0.013584 0.000000 
50.000000 37.839139 26.806477 17.717212 10.904790 6.247898 3.335623 1.663870 0.779873 0.347738 0.151758 0.069018 0.036394 0.024343 0.020160 0.018793 0.018370 0.018247 0.018212 0.018203 0.018201 0.018200 0.018200 0.018200 0.018200 0.018200 0.018200 0.018200 0.018200 0.018200 0.018200 0.018200 0.018200 0.018200 0.018200 0.018200 0.018199 0.018197 0.018191 0.018174 0.018130 0.018026 0.017794 0.017320 0.016426 0.014887 0.012483 0.009095 0.004816 0.000000 
50.000000 37.836190 26.800856 17.709395 10.895331 6.237322 3.324351 1.652201 0.767996 0.335759 0.139733 0.056975 0.024343 0.012289 0.008106 0.006737 0.006315 0.006191 0.006157 0.006148 0.006146 0.006145 0.006145 0.006145 0.006145 0.006145 0.006145 0.006145 0.006145 0.006145 0.006145 0.006145 0.006145 0.006145 0.006145 0.006145 0.006145 0.006144 0.006142 0.006136 0.006120 0.006084 0.006004 0.005840 0.005533 0.005008 0.004193 0.003050 0.001614 0.000000 
50.000000 37.835166 26.798905 17.706681 10.892047 6.233650 3.320438 1.648150 0.763873 0.331601 0.135559 0.052794 0.020160 0.008106 0.003922 0.002553 0.002131 0.002007 0.001973 0.001964 0.001961 0.001961 0.001961 0.001961 0.001961 0.001961 0.001961 0.001961 0.001961 0.001961 0.001961 0.001961 0.001961 0.001961 0.001961 0.001961 0.001961 0.001960 0.001960 0.001958 0.001953 0.001941 0.001914 0.001861 0.001762 0.001593 0.001332 0.000968 0.000512 0.000000 
50.000000 37.834831 26.798266 17.705793 10.890973 6.232449 3.319159 1.646826 0.762525 0.330242 0.134195 0.051428 0.018793 0.006737 0.002553 0.001185 0.000762 0.000639 0.000605 0.000596 0.000593 0.000593 0.000593 0.000593 0.000593 0.000593 0.000593 0.000593 0.000593 0.000593 0.000593 0.000593 0.000593 0.000593 0.000593 0.000593 0.000593 0.000592 0.000592 0.000592 0.000590 0.000586 0.000578 0.000562 0.000532 0.000480 0.000401 0.000291 0.000154 0.000000 
50.000000 37.834728 26.798068 17.705518 10.890641 6.232078 3.318763 1.646416 0.762108 0.329822 0.133773 0.051005 0.018370 0.006315 0.002131 0.000762 0.000340 0.000216 0.000182 0.000173 0.000171 0.000170 0.000170 0.000170 0.000170 0.000170 0.000170 0.000170 0.000170 0.000170 0.000170 0.000170 0.000170 0.000170 0.000170 0.000170 0.000170 0.000170 0.000170 0.000170 0.000169 0.000168 0.000166 0.000161 0.000152 0.000137 0.000115 0.000083 0.000044 0.000000 
50.000000 37.834697 26.798011 17.705438 10.890544 6.231969 3.318648 1.646297 0.761987 0.329699 0.133650 0.050882 0.018247 0.006191 0.002007 0.000639 0.000216 0.000093 0.000058 0.000049 0.000047 0.000046 0.000046 0.000046 0.000046 0.000046 0.000046 0.000046 0.000046 0.000046 0.000046 0.000046 0.000046 0.000046 0.000046 0.000046 0.000046 0.000046 0.000046 0.000046 0.000046 0.000046 0.000045 0.000044 0.000041 0.000037 0.000031 0.000023 0.000012 0.000000 
50.000000 37.834689 26.797995 17.705415 10.890517 6.231939 3.318615 1.646263 0.761953 0.329665 0.133616 0.050848 0.018212 0.006157 0.001973 0.000605 0.000182 0.000058 0.000024 0.000015 0.000013 0.000012 0.000012 0.000012 0.000012 0.000012 0.000012 0.000012 0.000012 0.000012 0.000012 0.000012 0.000012 0.000012 0.000012 0.000012 0.000012 0.000012 0.000012 0.000012 0.000012 0.000012 0.000012 0.000011 0.000011 0.000010 0.000008 0.000006 0.000003 0.000000 
50.000000 37.834687 26.797990 17.705410 10.890510 6.231931 3.318607 1.646255 0.761944 0.329656 0.133607 0.050839 0.018203 0.006148 0.001964 0.000596 0.000173 0.000049 0.000015 0.000006 0.000004 0.000003 0.000003 0.000003 0.000003 0.000003 0.000003 0.000003 0.000003 0.000003 0.000003 0.000003 0.000003 0.000003 0.000003 0.000003 0.000003 0.000003 0.000003 0.000003 0.000003 0.000003 0.000003 0.000003 0.000003 0.000002 0.000002 0.000001 0.000001 0.000000 
50.000000 37.834686 26.797989 17.705408 10.890508 6.231929 3.318605 1.646252 0.761942 0.329653 0.133604 0.050836 0.018201 0.006146 0.001961 0.000593 0.000171 0.000047 0.000013 0.000004 0.000001 0.000001 0.000001 0.000001 0.000001 0.000001 0.000001 0.000001 0.000001 0.000001 0.000001 0.000001 0.000001 0.000001 0.000001 0.000001 0.000001 0.000001 0.000001 0.000001 0.000001 0.000001 0.000001 0.000001 0.000001 0.000001 0.000000 0.000000 0.000000 0.000000 
50.000000 37.834686 26.797989 17.705408 10.890507 6.231929 3.318604 1.646252 0.761941 0.329653 0.133604 0.050836 0.018200 0.006145 0.001961 0.000593 0.000170 0.000046 0.000012 0.000003 0.000001 0.000000 0.000000 0.000000 0.000000 0.000000 0.000000 0.000000 0.000000 0.000000 0.000000 0.000000 0.000000 0.000000 0.000000 0.000000 0.000000 0.000000 0.000000 0.000000 0.000000 0.000000 0.000000 0.000000 0.000000 0.000000 0.000000 0.000000 0.000000 0.000000 
50.000000 37.834686 26.797989 17.705408 10.890507 6.231929 3.318604 1.646252 0.761941 0.329653 0.133604 0.050836 0.018200 0.006145 0.001961 0.000593 0.000170 0.000046 0.000012 0.000003 0.000001 0.000000 0.000000 0.000000 0.000000 0.000000 0.000000 0.000000 0.000000 0.000000 0.000000 0.000000 0.000000 0.000000 0.000000 0.000000 0.000000 0.000000 0.000000 0.000000 0.000000 0.000000 0.000000 0.000000 0.000000 0.000000 0.000000 0.000000 0.000000 0.000000 
50.000000 37.834686 26.797989 17.705408 10.890507 6.231929 3.318604 1.646252 0.761941 0.329653 0.133604 0.050836 0.018200 0.006145 0.001961 0.000593 0.000170 0.000046 0.000012 0.000003 0.000001 0.000000 0.000000 0.000000 0.000000 0.000000 0.000000 0.000000 0.000000 0.000000 0.000000 0.000000 0.000000 0.000000 0.000000 0.000000 0.000000 0.000000 0.000000 0.000000 0.000000 0.000000 0.000000 0.000000 0.000000 0.000000 0.000000 0.000000 0.000000 0.000000 
50.000000 37.834686 26.797989 17.705408 10.890507 6.231929 3.318604 1.646252 0.761941 0.329653 0.133604 0.050836 0.018200 0.006145 0.001961 0.000593 0.000170 0.000046 0.000012 0.000003 0.000001 0.000000 0.000000 0.000000 0.000000 0.000000 0.000000 0.000000 0.000000 0.000000 0.000000 0.000000 0.000000 0.000000 0.000000 0.000000 0.000000 0.000000 0.000000 0.000000 0.000000 0.000000 0.000000 0.000000 0.000000 0.000000 0.000000 0.000000 0.000000 0.000000 
50.000000 37.834686 26.797989 17.705408 10.890507 6.231929 3.318604 1.646252 0.761941 0.329653 0.133604 0.050836 0.018200 0.006145 0.001961 0.000593 0.000170 0.000046 0.000012 0.000003 0.000001 0.000000 0.000000 0.000000 0.000000 0.000000 0.000000 0.000000 0.000000 0.000000 0.000000 0.000000 0.000000 0.000000 0.000000 0.000000 0.000000 0.000000 0.000000 0.000000 0.000000 0.000000 0.000000 0.000000 0.000000 0.000000 0.000000 0.000000 0.000000 0.000000 
50.000000 37.834686 26.797989 17.705408 10.890507 6.231929 3.318604 1.646252 0.761941 0.329653 0.133604 0.050836 0.018200 0.006145 0.001961 0.000593 0.000170 0.000046 0.000012 0.000003 0.000001 0.000000 0.000000 0.000000 0.000000 0.000000 0.000000 0.000000 0.000000 0.000000 0.000000 0.000000 0.000000 0.000000 0.000000 0.000000 0.000000 0.000000 0.000000 0.000000 0.000000 0.000000 0.000000 0.000000 0.000000 0.000000 0.000000 0.000000 0.000000 0.000000 
50.000000 37.834686 26.797989 17.705408 10.890507 6.231929 3.318604 1.646252 0.761941 0.329653 0.133604 0.050836 0.018200 0.006145 0.001961 0.000593 0.000170 0.000046 0.000012 0.000003 0.000001 0.000000 0.000000 0.000000 0.000000 0.000000 0.000000 0.000000 0.000000 0.000000 0.000000 0.000000 0.000000 0.000000 0.000000 0.000000 0.000000 0.000000 0.000000 0.000000 0.000000 0.000000 0.000000 0.000000 0.000000 0.000000 0.000000 0.000000 0.000000 0.000000 
50.000000 37.834686 26.797989 17.705408 10.890507 6.231929 3.318604 1.646252 0.761941 0.329653 0.133604 0.050836 0.018200 0.006145 0.001961 0.000593 0.000170 0.000046 0.000012 0.000003 0.000001 0.000000 0.000000 0.000000 0.000000 0.000000 0.000000 0.000000 0.000000 0.000000 0.000000 0.000000 0.000000 0.000000 0.000000 0.000000 0.000000 0.000000 0.000000 0.000000 0.000000 0.000000 0.000000 0.000000 0.000000 0.000000 0.000000 0.000000 0.000000 0.000000 
50.000000 37.834686 26.797989 17.705408 10.890508 6.231929 3.318605 1.646252 0.761942 0.329653 0.133604 0.050836 0.018201 0.006146 0.001961 0.000593 0.000171 0.000047 0.000013 0.000004 0.000001 0.000001 0.000001 0.000001 0.000001 0.000001 0.000001 0.000001 0.000001 0.000001 0.000001 0.000001 0.000001 0.000001 0.000001 0.000001 0.000001 0.000001 0.000001 0.000001 0.000001 0.000001 0.000001 0.000001 0.000001 0.000001 0.000000 0.000000 0.000000 0.000000 
50.000000 37.834687 26.797990 17.705410 10.890510 6.231931 3.318607 1.646255 0.761944 0.329656 0.133607 0.050839 0.018203 0.006148 0.001964 0.000596 0.000173 0.000049 0.000015 0.000006 0.000004 0.000003 0.000003 0.000003 0.000003 0.000003 0.000003 0.000003 0.000003 0.000003 0.000003 0.000003 0.000003 0.000003 0.000003 0.000003 0.000003 0.000003 0.000003 0.000003 0.000003 0.000003 0.000003 0.000003 0.000003 0.000002 0.000002 0.000001 0.000001 0.000000 
50.000000 37.834689 26.797995 17.705415 10.890517 6.231939 3.318615 1.646263 0.761953 0.329665 0.133616 0.050848 0.018212 0.006157 0.001973 0.000605 0.000182 0.000058 0.000024 0.000015 0.000013 0.000012 0.000012 0.000012 0.000012 0.000012 0.000012 0.000012 0.000012 0.000012 0.000012 0.000012 0.000012 0.000012 0.000012 0.000012 0.000012 0.000012 0.000012 0.000012 0.000012 0.000012 0.000012 0.000011 0.000011 0.000010 0.000008 0.000006 0.000003 0.000000 
50.000000 37.834697 26.798011 17.705438 10.890544 6.231969 3.318648 1.646297 0.761987 0.329699 0.133650 0.050882 0.018247 0.006191 0.002007 0.000639 0.000216 0.000093 0.000058 0.000049 0.000047 0.000046 0.000046 0.000046 0.000046 0.000046 0.000046 0.000046 0.000046 0.000046 0.000046 0.000046 0.000046 0.000046 0.000046 0.000046 0.000046 0.000046 0.000046 0.000046 0.000046 0.000046 0.000045 0.000044 0.000041 0.000037 0.000031 0.000023 0.000012 0.000000 
50.000000 37.834728 26.798068 17.705518 10.890641 6.232078 3.318763 1.646416 0.762108 0.329822 0.133773 0.051005 0.018370 0.006315 0.002131 0.000762 0.000340 0.000216 0.000182 0.000173 0.000171 0.000170 0.000170 0.000170 0.000170 0.000170 0.000170 0.000170 0.000170 0.000170 0.000170 0.000170 0.000170 0.000170 0.000170 0.000170 0.000170 0.000170 0.000170 0.000170 0.000169 0.000168 0.000166 0.000161 0.000152 0.000137 0.000115 0.000083 0.000044 0.000000 
50.000000 37.834831 26.798266 17.705793 10.890973 6.232449 3.319159 1.646826 0.762525 0.330242 0.134195 0.051428 0.018793 0.006737 0.002553 0.001185 0.000762 0.000639 0.000605 0.000596 0.000593 0.000593 0.000593 0.000593 0.000593 0.000593 0.000593 0.000593 0.000593 0.000593 0.000593 0.000593 0.000593 0.000593 0.000593 0.000593 0.000593 0.000592 0.000592 0.000592 0.000590 0.000586 0.000578 0.000562 0.000532 0.000480 0.000401 0.000291 0.000154 0.000000 
50.000000 37.835166 26.798905 17.706681 10.892047 6.233650 3.320438 1.648150 0.763873 0.331601 0.135559 0.052794 0.020160 0.008106 0.003922 0.002553 0.002131 0.002007 0.001973 0.001964 0.001961 0.001961 0.001961 0.001961 0.001961 0.001961 0.001961 0.001961 0.001961 0.001961 0.001961 0.001961 0.001961 0.001961 0.001961 0.001961 0.001961 0.001960 0.001960 0.001958 0.001953 0.001941 0.001914 0.001861 0.001762 0.001593 0.001332 0.000968 0.000512 0.000000 
50.000000 37.836190 26.800856 17.709395 10.895331 6.237322 3.324351 1.652201 0.767996 0.335759 0.139733 0.056975 0.024343 0.012289 0.008106 0.006737 0.006315 0.006191 0.006157 0.006148 0.006146 0.006145 0.006145 0.006145 0.006145 0.006145 0.006145 0.006145 0.006145 0.006145 0.006145 0.006145 0.006145 0.006145 0.006145 0.006145 0.006145 0.006144 0.006142 0.006136 0.006120 0.006084 0.006004 0.005840 0.005533 0.005008 0.004193 0.003050 0.001614 0.000000 
50.000000 37.839139 26.806477 17.717212 10.904790 6.247898 3.335623 1.663870 0.779873 0.347738 0.151758 0.069018 0.036394 0.024343 0.020160 0.018793 0.018370 0.018247 0.018212 0.018203 0.018201 0.018200 0.018200 0.018200 0.018200 0.018200 0.018200 0.018200 0.018200 0.018200 0.018200 0.018200 0.018200 0.018200 0.018200 0.018200 0.018199 0.018197 0.018191 0.018174 0.018130 0.018026 0.017794 0.017320 0.016426 0.014887 0.012483 0.009095 0.004816 0.000000 
50.000000 37.847114 26.821681 17.738361 10.930383 6.276519 3.366130 1.695454 0.812025 0.380165 0.184309 0.101622 0.069018 0.056975 0.052794 0.051428 0.051005 0.050882 0.050848 0.050839 0.050836 0.050836 0.050836 0.050836 0.050836 0.050836 0.050836 0.050836 0.050836 0.050836 0.050836 0.050836 0.050836 0.050835 0.050835 0.050835 0.050833 0.050827 0.050811 0.050766 0.050649 0.050369 0.049744 0.048455 0.046008 0.041767 0.035090 0.025615 0.013584 0.000000 
50.000000 37.867327 26.860217 17.791971 10.995266 6.349086 3.443487 1.775549 0.893562 0.462403 0.266863 0.184309 0.151758 0.139733 0.135559 0.134195 0.133773 0.133650 0.133616 0.133607 0.133604 0.133604 0.133604 0.133604 0.133604 0.133604 0.133604 0.133604 0.133604 0.133604 0.133604 0.133604 0.133604 0.133603 0.133603 0.133602 0.133597 0.133584 0.133543 0.133432 0.133142 0.132442 0.130869 0.127596 0.121332 0.110371 0.092955 0.068024 0.036143 0.000000 
50.000000 37.915173 26.951443 17.918892 11.148891 6.520925 3.626683 1.965244 1.086681 0.657190 0.462403 0.380165 0.347738 0.335759 0.331601 0.330242 0.329822 0.329699 0.329665 0.329656 0.329653 0.329653 0.329653 0.329653 0.329653 0.329653 0.329653 0.329653 0.329653 0.329653 0.329653 0.329653 0.329653 0.329652 0.329652 0.329649 0.329639 0.329608 0.329516 0.329261 0.328595 0.326972 0.323293 0.315567 0.300624 0.274174 0.231644 0.170072 0.090596 0.000000 
50.000000 38.020607 27.152483 18.198619 11.487511 6.899728 4.030559 2.383477 1.512483 1.086681 0.893562 0.812025 0.779873 0.767996 0.763873 0.762525 0.762108 0.761987 0.761953 0.761944 0.761942 0.761941 0.761941 0.761941 0.761941 0.761941 0.761941 0.761941 0.761941 0.761941 0.761941 0.761941 0.761941 0.761940 0.761939 0.761932 0.761912 0.761847 0.761656 0.761119 0.759709 0.756242 0.748301 0.731436 0.698389 0.639049 0.542181 0.399840 0.213757 0.000000 
50.000000 38.236164 27.563525 18.770592 12.179970 7.674434 4.856614 3.238949 2.383477 1.965244 1.775549 1.695454 1.663870 1.652201 1.648150 1.646826 1.646416 1.646297 1.646263 1.646255 1.646252 1.646252 1.646252 1.646252 1.646252 1.646252 1.646252 1.646252 1.646252 1.646252 1.646252 1.646252 1.646251 1.646251 1.646247 1.646236 1.646197 1.646075 1.645710 1.644680 1.641951 1.635176 1.619475 1.585663 1.518352 1.395293 1.190437 0.883351 0.474716 0.000000 
50.000000 38.643595 28.340489 19.851835 13.489093 9.139177 6.418558 4.856614 4.030559 3.626683 3.443487 3.366130 3.335623 3.324351 3.320438 3.319159 3.318763 3.318648 3.318615 3.318607 3.318605 3.318604 3.318604 3.318604 3.318604 3.318604 3.318604 3.318604 3.318604 3.318604 3.318604 3.318604 3.318604 3.318602 3.318597 3.318577 3.318512 3.318303 3.317676 3.315891 3.311116 3.299124 3.270951 3.209279 3.084098 2.849999 2.450192 1.834332 0.993632 0.000000 
50.000000 39.353024 29.693420 21.734735 15.769009 11.690314 9.139177 7.674434 6.899728 6.520925 6.349086 6.276519 6.247898 6.237322 6.233650 6.232449 6.232078 6.231969 6.231939 6.231931 6.231929 6.231929 6.231929 6.231929 6.231929 6.231929 6.231929 6.231929 6.231929 6.231929 6.231929 6.231928 6.231928 6.231926 6.231917 6.231888 6.231789 6.231472 6.230511 6.227754 6.220300 6.201338 6.156082 6.055079 5.845157 5.441205 4.727657 3.586121 1.967477 0.000000 
50.000000 40.486973 31.856029 24.744658 19.413835 15.769009 13.489093 12.179970 11.487511 11.148891 10.995266 10.930383 10.904790 10.895331 10.892047 10.890973 10.890641 10.890544 10.890517 10.890510 10.890508 10.890507 10.890507 10.890507 10.890507 10.890507 10.890507 10.890507 10.890507 10.890507 10.890507 10.890507 10.890506 10.890503 10.890493 10.890454 10.890323 10.889903 10.888616 10.884895 10.874718 10.848461 10.784677 10.639094 10.327804 9.706918 8.560133 6.624695 3.714677 0.000000 
50.000000 42.145226 35.018666 29.146639 24.744658 21.734735 19.851835 18.770592 18.198619 17.918892 17.791971 17.738361 17.717212 17.709395 17.706681 17.705793 17.705518 17.705438 17.705415 17.705410 17.705408 17.705408 17.705408 17.705408 17.705408 17.705408 17.705408 17.705408 17.705408 17.705408 17.705408 17.705407 17.705407 17.705403 17.705391 17.705349 17.705202 17.704729 17.703272 17.699017 17.687248 17.656438 17.580155 17.401643 17.007078 16.184525 14.573319 11.637876 6.790841 0.000000 
50.000000 44.357112 39.237308 35.018666 31.856029 29.693420 28.340489 27.563525 27.152483 26.951443 26.860217 26.821681 26.806477 26.800856 26.798905 26.798266 26.798068 26.798011 26.797995 26.797990 26.797989 26.797989 26.797989 26.797989 26.797989 26.797989 26.797989 26.797989 26.797989 26.797989 26.797989 26.797989 26.797988 26.797985 26.797975 26.797936 26.797806 26.797381 26.796066 26.792193 26.781371 26.752643 26.680174 26.506157 26.107299 25.231334 23.380790 19.618654 12.364443 0.000000 
50.000000 47.041442 44.357112 42.145226 40.486973 39.353024 38.643595 38.236164 38.020607 37.915173 37.867327 37.847114 37.839139 37.836190 37.835166 37.834831 37.834728 37.834697 37.834689 37.834687 37.834686 37.834686 37.834686 37.834686 37.834686 37.834686 37.834686 37.834686 37.834686 37.834686 37.834686 37.834686 37.834686 37.834684 37.834678 37.834655 37.834577 37.834322 37.833530 37.831184 37.824577 37.806849 37.761447 37.649963 37.385546 36.772296 35.354385 31.992669 23.520721 0.000000 
50.000000 50.000000 50.000000 50.000000 50.000000 50.000000 50.000000 50.000000 50.000000 50.000000 50.000000 50.000000 50.000000 50.000000 50.000000 50.000000 50.000000 50.000000 50.000000 50.000000 50.000000 50.000000 50.000000 50.000000 50.000000 50.000000 50.000000 50.000000 50.000000 50.000000 50.000000 50.000000 50.000000 50.000000 50.000000 50.000000 50.000000 50.000000 50.000000 50.000000 50.000000 50.000000 50.000000 50.000000 50.000000 50.000000 50.000000 50.000000 50.000000 50.000000 
