50.000000 50.000000 50.000000 50.000000 50.000000 50.000000 50.000000 50.000000 50.000000 50.000000 50.000000 50.000000 50.000000 50.000000 50.000000 50.000000 50.000000 50.000000 50.000000 50.000000 50.000000 50.000000 50.000000 50.000000 50.000000 50.000000 50.000000 50.000000 50.000000 50.000000 50.000000 50.000000 50.000000 50.000000 50.000000 50.000000 50.000000 50.000000 50.000000 50.000000 50.000000 50.000000 50.000000 50.000000 50.000000 50.000000 50.000000 50.000000 50.000000 50.000000 
50.000000 48.403233 46.886466 45.517692 44.343886 43.386951 42.644940 42.097364 41.712514 41.454710 41.289968 41.189454 41.130846 41.098155 41.080695 41.071757 41.067367 41.065296 41.064358 41.063948 41.063776 41.063706 41.063679 41.063669 41.063665 41.063664 41.063663 41.063662 41.063661 41.063657 41.063646 41.063618 41.063547 41.063373 41.062962 41.062017 41.059915 41.055379 41.045882 41.026558 40.988263 40.914123 40.773242 40.508687 40.012695 39.070091 37.213403 33.305872 24.201616 0.000000 
50.000000 46.886466 43.928929 41.259968 38.971184 37.105283 35.658466 34.590777 33.840386 33.337718 33.016506 32.820527 32.706256 32.642518 32.608477 32.591051 32.582492 32.578456 32.576625 32.575827 32.575491 32.575355 32.575302 32.575282 32.575275 32.575272 32.575271 32.575270 32.575267 32.575260 32.575240 32.575189 32.575059 32.574743 32.573995 32.572280 32.568473 32.560285 32.543211 32.508655 32.440667 32.310345 32.066209 31.617396 30.803383 29.337678 26.702235 21.964464 13.580594 0.000000 
50.000000 45.517692 41.259968 37.417702 34.122761 31.436627 29.353824 27.816823 26.736606 26.013007 25.550625 25.268520 25.104034 25.012290 24.963292 24.938210 24.925891 24.920081 24.917447 24.916298 24.915815 24.915619 24.915543 24.915514 24.915504 24.915500 24.915498 24.915496 24.915493 24.915483 24.915458 24.915392 24.915225 24.914818 24.913859 24.911666 24.906819 24.896444 24.874942 24.831765 24.747688 24.588728 24.296484 23.773136 22.858776 21.299283 18.708851 14.557733 8.304289 0.000000 
50.000000 44.343886 38.971184 34.122761 29.965023 26.575546 23.947413 22.008015 20.645015 19.732008 19.148606 18.792675 18.585148 18.469400 18.407584 18.375942 18.360402 18.353073 18.349750 18.348300 18.347691 18.347444 18.347348 18.347312 18.347298 18.347293 18.347291 18.347290 18.347286 18.347275 18.347248 18.347176 18.346996 18.346558 18.345529 18.343186 18.338031 18.327065 18.304509 18.259639 18.173305 18.012583 17.723011 17.218121 16.366876 14.982512 12.823478 9.633506 5.273795 0.000000 
50.000000 43.386951 37.105283 31.436627 26.575546 22.612737 19.540098 17.272723 15.679253 14.611890 13.929873 13.513789 13.271196 13.135895 13.063639 13.026654 13.008491 12.999924 12.996041 12.994347 12.993635 12.993347 12.993234 12.993191 12.993176 12.993170 12.993168 12.993166 12.993162 12.993152 12.993126 12.993057 12.992885 12.992468 12.991492 12.989280 12.984440 12.974213 12.953348 12.912261 12.834192 12.691115 12.438373 12.008554 11.306368 10.208670 8.577851 6.301899 3.374256 0.000000 
50.000000 42.644940 35.658466 29.353824 23.947413 19.540098 16.122855 13.601235 11.829123 10.642127 9.883687 9.420992 9.151231 9.000783 8.920440 8.879317 8.859123 8.849599 8.845282 8.843398 8.842607 8.842286 8.842161 8.842114 8.842097 8.842091 8.842088 8.842086 8.842083 8.842074 8.842051 8.841991 8.841842 8.841482 8.840642 8.838748 8.834628 8.825985 8.808499 8.774413 8.710441 8.594944 8.394617 8.061428 7.531543 6.729292 5.580688 4.041070 2.136253 0.000000 
50.000000 42.097364 34.590777 27.816823 22.008015 17.272723 13.601235 10.892051 8.988164 7.712931 6.898133 6.401068 6.111278 5.949664 5.863361 5.819189 5.797498 5.787269 5.782632 5.780609 5.779760 5.779416 5.779281 5.779230 5.779212 5.779205 5.779203 5.779201 5.779198 5.779191 5.779173 5.779125 5.779006 5.778719 5.778053 5.776561 5.773334 5.766611 5.753121 5.727084 5.678782 5.592776 5.446026 5.206618 4.834350 4.285004 3.520339 2.524569 1.324122 0.000000 
50.000000 41.712514 33.840386 26.736606 20.645015 15.679253 11.829123 8.988164 6.991708 5.654499 4.800120 4.278922 3.975070 3.805619 3.715134 3.668823 3.646082 3.635359 3.630497 3.628377 3.627486 3.627125 3.626985 3.626931 3.626912 3.626905 3.626902 3.626901 3.626899 3.626894 3.626880 3.626844 3.626756 3.626544 3.626054 3.624961 3.622611 3.617749 3.608070 3.589561 3.555590 3.495854 3.395388 3.234179 2.988138 2.632432 2.147878 1.530041 0.798391 0.000000 
50.000000 41.454710 33.337718 26.013007 19.732008 14.611890 10.642127 7.712931 5.654499 4.275802 3.394932 2.857585 2.544326 2.369632 2.276350 2.228608 2.205166 2.194112 2.189101 2.186915 2.185997 2.185625 2.185480 2.185425 2.185405 2.185398 2.185395 2.185394 2.185393 2.185389 2.185379 2.185354 2.185293 2.185146 2.184809 2.184060 2.182458 2.179165 2.172659 2.160323 2.137901 2.098908 2.034149 1.931686 1.777698 1.558703 1.265319 0.897051 0.466448 0.000000 
50.000000 41.289968 33.016506 25.550625 19.148606 13.929873 9.883687 6.898133 4.800120 3.394932 2.497150 1.949495 1.630233 1.452194 1.357128 1.308474 1.284585 1.273320 1.268213 1.265986 1.265051 1.264672 1.264524 1.264468 1.264447 1.264440 1.264438 1.264437 1.264435 1.264433 1.264427 1.264410 1.264370 1.264275 1.264056 1.263573 1.262546 1.260446 1.256327 1.248575 1.234610 1.210559 1.171049 1.109274 1.017612 0.888968 0.718859 0.507851 0.263411 0.000000 
50.000000 41.189454 32.820527 25.268520 18.792675 13.513789 9.420992 6.401068 4.278922 2.857585 1.949495 1.395559 1.072639 0.892564 0.796411 0.747202 0.723040 0.711647 0.706483 0.704230 0.703284 0.702901 0.702751 0.702695 0.702674 0.702667 0.702664 0.702663 0.702663 0.702661 0.702657 0.702647 0.702622 0.702564 0.702430 0.702136 0.701513 0.700248 0.697780 0.693169 0.684926 0.670852 0.647946 0.612493 0.560441 0.488166 0.393578 0.277316 0.143572 0.000000 
50.000000 41.130846 32.706256 25.104034 18.585148 13.271196 9.151231 6.111278 3.975070 2.544326 1.630233 1.072639 0.747589 0.566328 0.469544 0.420012 0.395692 0.384224 0.379026 0.376759 0.375807 0.375421 0.375270 0.375214 0.375193 0.375186 0.375183 0.375182 0.375181 0.375180 0.375178 0.375172 0.375158 0.375124 0.375046 0.374876 0.374518 0.373795 0.372392 0.369786 0.365160 0.357322 0.344667 0.325246 0.296983 0.258082 0.207590 0.145971 0.075466 0.000000 
50.000000 41.098155 32.642518 25.012290 18.469400 13.135895 9.000783 5.949664 3.805619 2.369632 1.452194 0.892564 0.566328 0.384408 0.287271 0.237560 0.213152 0.201642 0.196426 0.194150 0.193195 0.192808 0.192656 0.192599 0.192579 0.192571 0.192569 0.192568 0.192567 0.192567 0.192566 0.192562 0.192554 0.192535 0.192493 0.192399 0.192204 0.191810 0.191051 0.189648 0.187174 0.183008 0.176330 0.166155 0.151455 0.131369 0.105471 0.074046 0.038240 0.000000 
50.000000 41.080695 32.608477 24.963292 18.407584 13.063639 8.920440 5.863361 3.715134 2.276350 1.357128 0.796411 0.469544 0.287271 0.189948 0.140140 0.115685 0.104154 0.098927 0.096648 0.095690 0.095302 0.095151 0.095094 0.095073 0.095066 0.095063 0.095062 0.095062 0.095062 0.095061 0.095059 0.095055 0.095045 0.095023 0.094974 0.094872 0.094668 0.094275 0.093555 0.092290 0.090174 0.086800 0.081693 0.074359 0.064398 0.051625 0.036197 0.018678 0.000000 
50.000000 41.071757 32.591051 24.938210 18.375942 13.026654 8.879317 5.819189 3.668823 2.228608 1.308474 0.747202 0.420012 0.237560 0.140140 0.090284 0.065805 0.054263 0.049031 0.046749 0.045791 0.045403 0.045251 0.045194 0.045173 0.045166 0.045163 0.045162 0.045162 0.045162 0.045161 0.045161 0.045158 0.045153 0.045142 0.045118 0.045067 0.044966 0.044772 0.044418 0.043800 0.042769 0.041136 0.038676 0.035162 0.030413 0.024351 0.017056 0.008795 0.000000 
50.000000 41.067367 32.582492 24.925891 18.360402 13.008491 8.859123 5.797498 3.646082 2.205166 1.284585 0.723040 0.395692 0.213152 0.115685 0.065805 0.041315 0.029767 0.024532 0.022249 0.021291 0.020902 0.020751 0.020693 0.020673 0.020665 0.020663 0.020662 0.020662 0.020661 0.020661 0.020661 0.020660 0.020657 0.020652 0.020640 0.020616 0.020568 0.020477 0.020310 0.020020 0.019539 0.018779 0.017641 0.016022 0.013844 0.011073 0.007749 0.003994 0.000000 
50.000000 41.065296 32.578456 24.920081 18.353073 12.999924 8.849599 5.787269 3.635359 2.194112 1.273320 0.711647 0.384224 0.201642 0.104154 0.054263 0.029767 0.018216 0.012981 0.010697 0.009738 0.009350 0.009198 0.009141 0.009120 0.009113 0.009110 0.009109 0.009109 0.009109 0.009109 0.009109 0.009108 0.009107 0.009104 0.009099 0.009088 0.009066 0.009025 0.008949 0.008819 0.008603 0.008264 0.007757 0.007039 0.006077 0.004856 0.003396 0.001749 0.000000 
50.000000 41.064358 32.576625 24.917447 18.349750 12.996041 8.845282 5.782632 3.630497 2.189101 1.268213 0.706483 0.379026 0.196426 0.098927 0.049031 0.024532 0.012981 0.007745 0.005461 0.004502 0.004113 0.003962 0.003904 0.003884 0.003876 0.003874 0.003873 0.003873 0.003872 0.003872 0.003872 0.003872 0.003872 0.003871 0.003868 0.003863 0.003854 0.003836 0.003803 0.003746 0.003653 0.003507 0.003290 0.002984 0.002574 0.002055 0.001437 0.000740 0.000000 
50.000000 41.063948 32.575827 24.916298 18.348300 12.994347 8.843398 5.780609 3.628377 2.186915 1.265986 0.704230 0.376759 0.194150 0.096648 0.046749 0.022249 0.010697 0.005461 0.003177 0.002218 0.001830 0.001678 0.001621 0.001600 0.001592 0.001590 0.001589 0.001589 0.001589 0.001589 0.001589 0.001589 0.001588 0.001588 0.001587 0.001585 0.001581 0.001573 0.001560 0.001536 0.001497 0.001437 0.001347 0.001221 0.001052 0.000840 0.000587 0.000302 0.000000 
50.000000 41.063776 32.575491 24.915815 18.347691 12.993635 8.842607 5.779760 3.627486 2.185997 1.265051 0.703284 0.375807 0.193195 0.095690 0.045791 0.021291 0.009738 0.004502 0.002218 0.001259 0.000870 0.000719 0.000661 0.000640 0.000633 0.000631 0.000630 0.000630 0.000629 0.000629 0.000629 0.000629 0.000629 0.000629 0.000629 0.000628 0.000626 0.000623 0.000618 0.000608 0.000593 0.000569 0.000533 0.000483 0.000416 0.000332 0.000232 0.000119 0.000000 
50.000000 41.063706 32.575355 24.915619 18.347444 12.993347 8.842287 5.779416 3.627126 2.185625 1.264672 0.702901 0.375421 0.192808 0.095303 0.045403 0.020902 0.009350 0.004113 0.001830 0.000870 0.000482 0.000330 0.000273 0.000252 0.000245 0.000242 0.000241 0.000241 0.000241 0.000241 0.000241 0.000241 0.000241 0.000241 0.000241 0.000240 0.000240 0.000239 0.000236 0.000233 0.000227 0.000218 0.000204 0.000184 0.000159 0.000127 0.000088 0.000045 0.000000 
50.000000 41.063679 32.575302 24.915543 18.347348 12.993234 8.842162 5.779281 3.626985 2.185480 1.264524 0.702752 0.375271 0.192657 0.095151 0.045251 0.020751 0.009198 0.003962 0.001678 0.000719 0.000331 0.000179 0.000122 0.000101 0.000093 0.000091 0.000090 0.000090 0.000090 0.000090 0.000090 0.000090 0.000090 0.000090 0.000089 0.000089 0.000089 0.000089 0.000088 0.000086 0.000084 0.000081 0.000076 0.000068 0.000059 0.000047 0.000033 0.000017 0.000000 
50.000000 41.063669 32.575283 24.915515 18.347312 12.993192 8.842115 5.779231 3.626932 2.185426 1.264469 0.702696 0.375215 0.192601 0.095095 0.045195 0.020695 0.009142 0.003906 0.001622 0.000663 0.000274 0.000122 0.000065 0.000044 0.000037 0.000034 0.000034 0.000033 0.000033 0.000033 0.000033 0.000033 0.000033 0.000033 0.000033 0.000033 0.000033 0.000033 0.000033 0.000032 0.000031 0.000030 0.000028 0.000025 0.000022 0.000017 0.000012 0.000006 0.000000 
50.000000 41.063666 32.575276 24.915505 18.347301 12.993179 8.842100 5.779215 3.626915 2.185409 1.264451 0.702678 0.375197 0.192582 0.095077 0.045177 0.020676 0.009124 0.003887 0.001603 0.000644 0.000256 0.000104 0.000047 0.000026 0.000019 0.000016 0.000015 0.000015 0.000015 0.000015 0.000015 0.000015 0.000015 0.000015 0.000015 0.000015 0.000015 0.000015 0.000015 0.000014 0.000014 0.000013 0.000012 0.000011 0.000010 0.000008 0.000005 0.000003 0.000000 
50.000000 41.063666 32.575276 24.915505 18.347301 12.993179 8.842100 5.779215 3.626915 2.185409 1.264451 0.702678 0.375197 0.192582 0.095077 0.045177 0.020676 0.009124 0.003887 0.001603 0.000644 0.000256 0.000104 0.000047 0.000026 0.000019 0.000016 0.000015 0.000015 0.000015 0.000015 0.000015 0.000015 0.000015 0.000015 0.000015 0.000015 0.000015 0.000015 0.000015 0.000014 0.000014 0.000013 0.000012 0.000011 0.000010 0.000008 0.000005 0.000003 0.000000 
50.000000 41.063669 32.575283 24.915515 18.347312 12.993192 8.842115 5.779231 3.626932 2.185426 1.264469 0.702696 0.375215 0.192601 0.095095 0.045195 0.020695 0.009142 0.003906 0.001622 0.000663 0.000274 0.000122 0.000065 0.000044 0.000037 0.000034 0.000034 0.000033 0.000033 0.000033 0.000033 0.000033 0.000033 0.000033 0.000033 0.000033 0.000033 0.000033 0.000033 0.000032 0.000031 0.000030 0.000028 0.000025 0.000022 0.000017 0.000012 0.000006 0.000000 
50.000000 41.063679 32.575302 24.915543 18.347348 12.993234 8.842162 5.779281 3.626985 2.185480 1.264524 0.702752 0.375271 0.192657 0.095151 0.045251 0.020751 0.009198 0.003962 0.001678 0.000719 0.000331 0.000179 0.000122 0.000101 0.000093 0.000091 0.000090 0.000090 0.000090 0.000090 0.000090 0.000090 0.000090 0.000090 0.000089 0.000089 0.000089 0.000089 0.000088 0.000086 0.000084 0.000081 0.000076 0.000068 0.000059 0.000047 0.000033 0.000017 0.000000 
50.000000 41.063706 32.575355 24.915619 18.347444 12.993347 8.842287 5.779416 3.627126 2.185625 1.264672 0.702901 0.375421 0.192808 0.095303 0.045403 0.020902 0.009350 0.004113 0.001830 0.000870 0.000482 0.000330 0.000273 0.000252 0.000245 0.000242 0.000241 0.000241 0.000241 0.000241 0.000241 0.000241 0.000241 0.000241 0.000241 0.000240 0.000240 0.000239 0.000236 0.000233 0.000227 0.000218 0.000204 0.000184 0.000159 0.000127 0.000088 0.000045 0.000000 
50.000000 41.063776 32.575491 24.915815 18.347691 12.993635 8.842607 5.779760 3.627486 2.185997 1.265051 0.703284 0.375807 0.193195 0.095690 0.045791 0.021291 0.009738 0.004502 0.002218 0.001259 0.000870 0.000719 0.000661 0.000640 0.000633 0.000631 0.000630 0.000630 0.000629 0.000629 0.000629 0.000629 0.000629 0.000629 0.000629 0.000628 0.000626 0.000623 0.000618 0.000608 0.000593 0.000569 0.000533 0.000483 0.000416 0.000332 0.000232 0.000119 0.000000 
50.000000 41.063948 32.575827 24.916298 18.348300 12.994347 8.843398 5.780609 3.628377 2.186915 1.265986 0.704230 0.376759 0.194150 0.096648 0.046749 0.022249 0.010697 0.005461 0.003177 0.002218 0.001830 0.001678 0.001621 0.001600 0.001592 0.001590 0.001589 0.001589 0.001589 0.001589 0.001589 0.001589 0.001588 0.001588 0.001587 0.001585 0.001581 0.001573 0.001560 0.001536 0.001497 0.001437 0.001347 0.001221 0.001052 0.000840 0.000587 0.000302 0.000000 
50.000000 41.064358 32.576625 24.917447 18.349750 12.996041 8.845282 5.782632 3.630497 2.189101 1.268213 0.706483 0.379026 0.196426 0.098927 0.049031 0.024532 0.012981 0.007745 0.005461 0.004502 0.004113 0.003962 0.003904 0.003884 0.003876 0.003874 0.003873 0.003873 0.003872 0.003872 0.003872 0.003872 0.003872 0.003871 0.003868 0.003863 0.003854 0.003836 0.003803 0.003746 0.003653 0.003507 0.003290 0.002984 0.002574 0.002055 0.001437 0.000740 0.000000 
50.000000 41.065296 32.578456 24.920081 18.353073 12.999924 8.849599 5.787269 3.635359 2.194112 1.273320 0.711647 0.384224 0.201642 0.104154 0.054263 0.029767 0.018216 0.012981 0.010697 0.009738 0.009350 0.009198 0.009141 0.009120 0.009113 0.009110 0.009109 0.009109 0.009109 0.009109 0.009109 0.009108 0.009107 0.009104 0.009099 0.009088 0.009066 0.009025 0.008949 0.008819 0.008603 0.008264 0.007757 0.007039 0.006077 0.004856 0.003396 0.001749 0.000000 
50.000000 41.067367 32.582492 24.925891 18.360402 13.008491 8.859123 5.797498 3.646082 2.205166 1.284585 0.723040 0.395692 0.213152 0.115685 0.065805 0.041315 0.029767 0.024532 0.022249 0.021291 0.020902 0.020751 0.020693 0.020673 0.020665 0.020663 0.020662 0.020662 0.020661 0.020661 0.020661 0.020660 0.020657 0.020652 0.020640 0.020616 0.020568 0.020477 0.020310 0.020020 0.019539 0.018779 0.017641 0.016022 0.013844 0.011073 0.007749 0.003994 0.000000 
50.000000 41.071757 32.591051 24.938210 18.375942 13.026654 8.879317 5.819189 3.668823 2.228608 1.308474 0.747202 0.420012 0.237560 0.140140 0.090284 0.065805 0.054263 0.049031 0.046749 0.045791 0.045403 0.045251 0.045194 0.045173 0.045166 0.045163 0.045162 0.045162 0.045162 0.045161 0.045161 0.045158 0.045153 0.045142 0.045118 0.045067 0.044966 0.044772 0.044418 0.043800 0.042769 0.041136 0.038676 0.035162 0.030413 0.024351 0.017056 0.008795 0.000000 
50.000000 41.080695 32.608477 24.963292 18.407584 13.063639 8.920440 5.863361 3.715134 2.276350 1.357128 0.796411 0.469544 0.287271 0.189948 0.140140 0.115685 0.104154 0.098927 0.096648 0.095690 0.095302 0.095151 0.095094 0.095073 0.095066 0.095063 0.095062 0.095062 0.095062 0.095061 0.095059 0.095055 0.095045 0.095023 0.094974 0.094872 0.094668 0.094275 0.093555 0.092290 0.090174 0.086800 0.081693 0.074359 0.064398 0.051625 0.036197 0.018678 0.000000 
50.000000 41.098155 32.642518 25.012290 18.469400 13.135895 9.000783 5.949664 3.805619 2.369632 1.452194 0.892564 0.566328 0.384408 0.287271 0.237560 0.213152 0.201642 0.196426 0.194150 0.193195 0.192808 0.192656 0.192599 0.192579 0.192571 0.192569 0.192568 0.192567 0.192567 0.192566 0.192562 0.192554 0.192535 0.192493 0.192399 0.192204 0.191810 0.191051 0.189648 0.187174 0.183008 0.176330 0.166155 0.151455 0.131369 0.105471 0.074046 0.038240 0.000000 
50.000000 41.130846 32.706256 25.104034 18.585148 13.271196 9.151231 6.111278 3.975070 2.544326 1.630233 1.072639 0.747589 0.566328 0.469544 0.420012 0.395692 0.384224 0.379026 0.376759 0.375807 0.375421 0.375270 0.375214 0.375193 0.375186 0.375183 0.375182 0.375181 0.375180 0.375178 0.375172 0.375158 0.375124 0.375046 0.374876 0.374518 0.373795 0.372392 0.369786 0.365160 0.357322 0.344667 0.325246 0.296983 0.258082 0.207590 0.145971 0.075466 0.000000 
50.000000 41.189454 32.820527 25.268520 18.792675 13.513789 9.420992 6.401068 4.278922 2.857585 1.949495 1.395559 1.072639 0.892564 0.796411 0.747202 0.723040 0.711647 0.706483 0.704230 0.703284 0.702901 0.702751 0.702695 0.702674 0.702667 0.702664 0.702663 0.702663 0.702661 0.702657 0.702647 0.702622 0.702564 0.702430 0.702136 0.701513 0.700248 0.697780 0.693169 0.684926 0.670852 0.647946 0.612493 0.560441 0.488166 0.393578 0.277316 0.143572 0.000000 
50.000000 41.289968 33.016506 25.550625 19.148606 13.929873 9.883687 6.898133 4.800120 3.394932 2.497150 1.949495 1.630233 1.452194 1.357128 1.308474 1.284585 1.273320 1.268213 1.265986 1.265051 1.264672 1.264524 1.264468 1.264447 1.264440 1.264438 1.264437 1.264435 1.264433 1.264427 1.264410 1.264370 1.264275 1.264056 1.263573 1.262546 1.260446 1.256327 1.248575 1.234610 1.210559 1.171049 1.109274 1.017612 0.888968 0.718859 0.507851 0.263411 0.000000 
50.000000 41.454710 33.337718 26.013007 19.732008 14.611890 10.642127 7.712931 5.654499 4.275802 3.394932 2.857585 2.544326 2.369632 2.276350 2.228608 2.205166 2.194112 2.189101 2.186915 2.185997 2.185625 2.185480 2.185425 2.185405 2.185398 2.185395 2.185394 2.185393 2.185389 2.185379 2.185354 2.185293 2.185146 2.184809 2.184060 2.182458 2.179165 2.172659 2.160323 2.137901 2.098908 2.034149 1.931686 1.777698 1.558703 1.265319 0.897051 0.466448 0.000000 
50.000000 41.712514 33.840386 26.736606 20.645015 15.679253 11.829123 8.988164 6.991708 5.654499 4.800120 4.278922 3.975070 3.805619 3.715134 3.668823 3.646082 3.635359 3.630497 3.628377 3.627486 3.627125 3.626985 3.626931 3.626912 3.626905 3.626902 3.626901 3.626899 3.626894 3.626880 3.626844 3.626756 3.626544 3.626054 3.624961 3.622611 3.617749 3.608070 3.589561 3.555590 3.495854 3.395388 3.234179 2.988138 2.632432 2.147878 1.530041 0.798391 0.000000 
50.000000 42.097364 34.590777 27.816823 22.008015 17.272723 13.601235 10.892051 8.988164 7.712931 6.898133 6.401068 6.111278 5.949664 5.863361 5.819189 5.797498 5.787269 5.782632 5.780609 5.779760 5.779416 5.779281 5.779230 5.779212 5.779205 5.779203 5.779201 5.779198 5.779191 5.779173 5.779125 5.779006 5.778719 5.778053 5.776561 5.773334 5.766611 5.753121 5.727084 5.678782 5.592776 5.446026 5.206618 4.834350 4.285004 3.520339 2.524569 1.324122 0.000000 
50.000000 42.644940 35.658466 29.353824 23.947413 19.540098 16.122855 13.601235 11.829123 10.642127 9.883687 9.420992 9.151231 9.000783 8.920440 8.879317 8.859123 8.849599 8.845282 8.843398 8.842607 8.842286 8.842161 8.842114 8.842097 8.842091 8.842088 8.842086 8.842083 8.842074 8.842051 8.841991 8.841842 8.841482 8.840642 8.838748 8.834628 8.825985 8.808499 8.774413 8.710441 8.594944 8.394617 8.061428 7.531543 6.729292 5.580688 4.041070 2.136253 0.000000 
50.000000 43.386951 37.105283 31.436627 26.575546 22.612737 19.540098 17.272723 15.679253 14.611890 13.929873 13.513789 13.271196 13.135895 13.063639 13.026654 13.008491 12.999924 12.996041 12.994347 12.993635 12.993347 12.993234 12.993191 12.993176 12.993170 12.993168 12.993166 12.993162 12.993152 12.993126 12.993057 12.992885 12.992468 12.991492 12.989280 12.984440 12.974213 12.953348 12.912261 12.834192 12.691115 12.438373 12.008554 11.306368 10.208670 8.577851 6.301899 3.374256 0.000000 
50.000000 44.343886 38.971184 34.122761 29.965023 26.575546 23.947413 22.008015 20.645015 19.732008 19.148606 18.792675 18.585148 18.469400 18.407584 18.375942 18.360402 18.353073 18.349750 18.348300 18.347691 18.347444 18.347348 18.347312 18.347298 18.347293 18.347291 18.347290 18.347286 18.347275 18.347248 18.347176 18.346996 18.346558 18.345529 18.343186 18.338031 18.327065 18.304509 18.259639 18.173305 18.012583 17.723011 17.218121 16.366876 14.982512 12.823478 9.633506 5.273795 0.000000 
50.000000 45.517692 41.259968 37.417702 34.122761 31.436627 29.353824 27.816823 26.736606 26.013007 25.550625 25.268520 25.104034 25.012290 24.963292 24.938210 24.925891 24.920081 24.917447 24.916298 24.915815 24.915619 24.915543 24.915514 24.915504 24.915500 24.915498 24.915496 24.915493 24.915483 24.915458 24.915392 24.915225 24.914818 24.913859 24.911666 24.906819 24.896444 24.874942 24.831765 24.747688 24.588728 24.296484 23.773136 22.858776 21.299283 18.708851 14.557733 8.304289 0.000000 
50.000000 46.886466 43.928929 41.259968 38.971184 37.105283 35.658466 34.590777 33.840386 33.337718 33.016506 32.820527 32.706256 32.642518 32.608477 32.591051 32.582492 32.578456 32.576625 32.575827 32.575491 32.575355 32.575302 32.575282 32.575275 32.575272 32.575271 32.575270 32.575267 32.575260 32.575240 32.575189 32.575059 32.574743 32.573995 32.572280 32.568473 32.560285 32.543211 32.508655 32.440667 32.310345 32.066209 31.617396 30.803383 29.337678 26.702235 21.964464 13.580594 0.000000 
50.000000 48.403233 46.886466 45.517692 44.343886 43.386951 42.644940 42.097364 41.712514 41.454710 41.289968 41.189454 41.130846 41.098155 41.080695 41.071757 41.067367 41.065296 41.064358 41.063948 41.063776 41.063706 41.063679 41.063669 41.063665 41.063664 41.063663 41.063662 41.063661 41.063657 41.063646 41.063618 41.063547 41.063373 41.062962 41.062017 41.059915 41.055379 41.045882 41.026558 40.988263 40.914123 40.773242 40.508687 40.012695 39.070091 37.213403 33.305872 24.201616 0.000000 
50.000000 50.000000 50.000000 50.000000 50.000000 50.000000 50.000000 50.000000 50.000000 50.000000 50.000000 50.000000 50.000000 50.000000 50.000000 50.000000 50.000000 50.000000 50.000000 50.000000 50.000000 50.000000 50.000000 50.000000 50.000000 50.000000 50.000000 50.000000 50.000000 50.000000 50.000000 50.000000 50.000000 50.000000 50.000000 50.000000 50.000000 50.000000 50.000000 50.000000 50.000000 50.000000 50.000000 50.000000 50.000000 50.000000 50.000000 50.000000 50.000000 50.000000 
