50.000000 50.000000 50.000000 50.000000 50.000000 50.000000 50.000000 50.000000 50.000000 50.000000 50.000000 50.000000 50.000000 50.000000 50.000000 50.000000 50.000000 50.000000 50.000000 50.000000 50.000000 50.000000 50.000000 50.000000 50.000000 50.000000 50.000000 50.000000 50.000000 50.000000 50.000000 50.000000 50.000000 50.000000 50.000000 50.000000 50.000000 50.000000 50.000000 50.000000 50.000000 50.000000 50.000000 50.000000 50.000000 50.000000 50.000000 50.000000 50.000000 50.000000 
50.000000 49.010010 48.050788 47.150236 46.330967 45.608676 44.991490 44.480274 44.069737 43.750035 43.508555 43.331599 43.205760 43.118894 43.060670 43.022763 42.998785 42.984043 42.975231 42.970107 42.967208 42.965612 42.964756 42.964308 42.964078 42.963958 42.963889 42.963831 42.963754 42.963616 42.963348 42.962830 42.961842 42.959995 42.956614 42.950542 42.939843 42.921324 42.889786 42.836831 42.748924 42.604107 42.366099 41.972925 41.312980 40.169368 38.075852 33.900339 24.505005 0.000000 
50.000000 48.050788 46.162157 44.389042 42.775969 41.353841 40.138656 39.132119 38.323812 37.694351 37.218903 36.870496 36.622734 36.451705 36.337069 36.262437 36.215228 36.186203 36.168853 36.158765 36.153058 36.149916 36.148230 36.147348 36.146894 36.146660 36.146524 36.146414 36.146267 36.146005 36.145499 36.144521 36.142659 36.139183 36.132828 36.121440 36.101423 36.066881 36.008285 35.910405 35.749040 35.485743 35.058933 34.368299 33.246114 31.402677 28.322272 23.081078 14.150449 0.000000 
50.000000 47.150236 44.389042 41.796739 39.438420 37.359267 35.582669 34.111119 32.929384 32.009124 31.314030 30.804670 30.442451 30.192415 30.024824 29.915716 29.846700 29.804268 29.778904 29.764157 29.755814 29.751220 29.748756 29.747467 29.746804 29.746462 29.746267 29.746111 29.745908 29.745549 29.744859 29.743527 29.740995 29.736281 29.727682 29.712322 29.685426 29.639235 29.561347 29.432242 29.221546 28.882389 28.342748 27.492071 26.160760 24.090403 20.898369 16.066771 9.074384 0.000000 
50.000000 46.330967 42.775969 39.438420 36.402128 33.725264 31.437941 29.543365 28.021925 26.837130 25.942233 25.286462 24.820130 24.498228 24.282469 24.142004 24.053153 23.998527 23.965874 23.946889 23.936150 23.930236 23.927064 23.925405 23.924553 23.924115 23.923868 23.923677 23.923435 23.923013 23.922206 23.920653 23.917709 23.912243 23.902307 23.884629 23.853828 23.801246 23.713246 23.568746 23.335747 22.966488 22.390845 21.507734 20.175023 18.201064 15.348017 11.373292 6.161598 0.000000 
50.000000 45.608676 41.353841 37.359267 33.725264 30.521456 27.783880 25.516373 23.695460 22.277466 21.206435 20.421601 19.863496 19.478247 19.220031 19.051927 18.945594 18.880221 18.841145 18.818426 18.805574 18.798497 18.794702 18.792716 18.791698 18.791176 18.790887 18.790671 18.790409 18.789960 18.789107 18.787472 18.784382 18.778663 18.768310 18.749977 18.718215 18.664364 18.574992 18.429747 18.198536 17.837964 17.287173 16.463665 15.260728 13.550242 11.198508 8.107728 4.295697 0.000000 
50.000000 44.991490 40.138656 35.582669 31.437941 27.783880 24.661587 22.075437 19.998651 18.381413 17.159899 16.264803 15.628293 15.188928 14.894443 14.702730 14.581465 14.506912 14.462349 14.436441 14.421785 14.413715 14.409387 14.407124 14.405965 14.405373 14.405050 14.404821 14.404555 14.404111 14.403276 14.401682 14.398680 14.393147 14.383174 14.365605 14.335352 14.284436 14.200672 14.065977 13.854299 13.529316 13.042274 12.330793 11.320214 9.930207 8.090599 5.770357 3.018565 0.000000 
50.000000 44.480274 39.132119 34.111119 29.543365 25.516373 22.075437 19.225375 16.936672 15.154421 13.808284 12.821874 12.120438 11.636261 11.311744 11.100483 10.966854 10.884702 10.835597 10.807048 10.790899 10.782008 10.777239 10.774747 10.773471 10.772823 10.772475 10.772240 10.771984 10.771572 10.770804 10.769346 10.766611 10.761591 10.752585 10.736805 10.709805 10.664703 10.591153 10.474109 10.292428 10.017555 9.612688 9.033163 8.229200 7.152520 5.768371 4.073185 2.114175 0.000000 
50.000000 44.069737 38.323812 32.929384 28.021925 23.695460 19.998651 16.936672 14.477807 12.563062 11.116863 10.057141 9.303580 8.783428 8.434803 8.207850 8.064298 7.976046 7.923296 7.892628 7.875281 7.865730 7.860608 7.857931 7.856563 7.855871 7.855506 7.855272 7.855035 7.854670 7.854002 7.852739 7.850383 7.846074 7.838383 7.824981 7.802196 7.764413 7.703324 7.607073 7.459382 7.238904 6.919117 6.469336 5.857496 5.055437 4.046995 2.838069 1.465630 0.000000 
50.000000 43.750035 37.694351 32.009124 26.837130 22.277466 18.381413 15.154421 12.563062 10.545156 9.021053 7.904254 7.110113 6.561956 6.194566 5.955399 5.804124 5.711125 5.655538 5.623222 5.604942 5.594878 5.589482 5.586662 5.585222 5.584496 5.584120 5.583891 5.583679 5.583370 5.582814 5.581774 5.579841 5.576324 5.570075 5.559245 5.540947 5.510820 5.462505 5.387085 5.272578 5.103680 4.861993 4.527114 4.078929 3.501384 2.787578 1.945311 1.001111 0.000000 
50.000000 43.508555 37.218903 31.314030 25.942233 21.206435 17.159899 13.808284 11.116863 9.021053 7.438119 6.278222 5.453441 4.884140 4.502583 4.254195 4.097089 4.000508 3.942780 3.909219 3.890236 3.879785 3.874181 3.871254 3.869760 3.869010 3.868628 3.868406 3.868220 3.867967 3.867525 3.866705 3.865191 3.862447 3.857594 3.849230 3.835183 3.812209 3.775647 3.719060 3.633968 3.509791 3.334175 3.093923 2.776688 2.373487 1.881788 1.308498 0.671725 0.000000 
50.000000 43.331599 36.870496 30.804670 25.286462 20.421601 16.264803 12.821874 10.057141 7.904254 6.278222 5.086752 4.239527 3.654739 3.262805 3.007665 2.846289 2.747084 2.687788 2.653317 2.633819 2.623085 2.617330 2.614323 2.612790 2.612023 2.611637 2.611424 2.611261 2.611060 2.610722 2.610103 2.608964 2.606912 2.603300 2.597104 2.586758 2.569945 2.543376 2.502575 2.441749 2.353817 2.230721 2.064131 1.846609 1.573216 1.243322 0.862211 0.441814 0.000000 
50.000000 43.205760 36.622734 30.442451 24.820130 19.863496 15.628293 12.120438 9.303580 7.110113 5.453441 4.239527 3.376348 2.780552 2.381243 2.121304 1.956895 1.855826 1.795417 1.760298 1.740435 1.729499 1.723636 1.720574 1.719014 1.718235 1.717847 1.717641 1.717499 1.717342 1.717092 1.716642 1.715820 1.714344 1.711758 1.707345 1.700016 1.688174 1.669581 1.641232 1.599293 1.539167 1.455735 1.343857 1.199131 1.018884 0.803217 0.555853 0.284436 0.000000 
50.000000 43.118894 36.451705 30.192415 24.498228 19.478247 15.188928 11.636261 8.783428 6.561956 4.884140 3.654739 2.780552 2.177161 1.772765 1.509516 1.343014 1.240659 1.179482 1.143918 1.123802 1.112727 1.106790 1.103690 1.102111 1.101324 1.100935 1.100736 1.100611 1.100490 1.100310 1.099994 1.099421 1.098399 1.096616 1.093587 1.088581 1.080536 1.067981 1.048958 1.021009 0.981232 0.926455 0.853576 0.760032 0.644400 0.506989 0.350283 0.179051 0.000000 
50.000000 43.060670 36.337069 30.024824 24.282469 19.220031 14.894443 11.311745 8.434803 6.194566 4.502583 3.262805 2.381243 1.772765 1.364961 1.099495 0.931592 0.828376 0.766684 0.730821 0.710536 0.699369 0.693383 0.690256 0.688665 0.687873 0.687485 0.687291 0.687179 0.687085 0.686958 0.686743 0.686358 0.685675 0.684488 0.682480 0.679178 0.673898 0.665701 0.653353 0.635322 0.609822 0.574940 0.528838 0.470054 0.397840 0.312502 0.215629 0.110128 0.000000 
50.000000 43.022763 36.262437 29.915716 24.142004 19.051927 14.702730 11.100483 8.207850 5.955399 4.254196 3.007665 2.121305 1.509516 1.099495 0.832587 0.663772 0.559996 0.497971 0.461913 0.441519 0.430291 0.424272 0.421130 0.419530 0.418735 0.418347 0.418157 0.418055 0.417980 0.417891 0.417749 0.417499 0.417057 0.416294 0.415007 0.412900 0.409547 0.404366 0.396601 0.385325 0.369467 0.347899 0.319556 0.283617 0.239697 0.188034 0.129609 0.066150 0.000000 
50.000000 42.998785 36.215228 29.846700 24.053153 18.945595 14.581465 10.966855 8.064299 5.804124 4.097090 2.846290 1.956896 1.343015 0.931592 0.663773 0.494382 0.390253 0.328016 0.291836 0.271372 0.260106 0.254067 0.250914 0.249309 0.248512 0.248124 0.247937 0.247842 0.247780 0.247719 0.247627 0.247469 0.247192 0.246717 0.245919 0.244617 0.242553 0.239379 0.234644 0.227801 0.218225 0.205265 0.188319 0.166932 0.140911 0.110420 0.076045 0.038790 0.000000 
50.000000 42.984043 36.186203 29.804269 23.998528 18.880223 14.506914 10.884704 7.976048 5.711127 4.000510 2.747086 1.855828 1.240661 0.828378 0.559998 0.390254 0.285907 0.223540 0.187285 0.166779 0.155489 0.149438 0.146278 0.144670 0.143872 0.143485 0.143300 0.143209 0.143156 0.143112 0.143053 0.142956 0.142789 0.142502 0.142022 0.141242 0.140010 0.138124 0.135321 0.131287 0.125667 0.118095 0.108235 0.095842 0.080820 0.063274 0.043545 0.022202 0.000000 
50.000000 42.975231 36.168854 29.778906 23.965877 18.841148 14.462353 10.835601 7.923300 5.655542 3.942784 2.687793 1.795421 1.179487 0.766689 0.497975 0.328020 0.223543 0.161099 0.124799 0.104267 0.092964 0.086905 0.083741 0.082132 0.081333 0.080946 0.080762 0.080674 0.080627 0.080594 0.080557 0.080499 0.080400 0.080232 0.079952 0.079498 0.078785 0.077695 0.076083 0.073772 0.070565 0.066259 0.060674 0.053679 0.045226 0.035381 0.024334 0.012402 0.000000 
50.000000 42.970109 36.158768 29.764162 23.946896 18.818433 14.436450 10.807058 7.892639 5.623233 3.909231 2.653329 1.760310 1.143929 0.730833 0.461925 0.291847 0.187295 0.124806 0.088480 0.067933 0.056622 0.050559 0.047393 0.045782 0.044983 0.044596 0.044413 0.044326 0.044284 0.044258 0.044233 0.044199 0.044142 0.044046 0.043888 0.043631 0.043230 0.042619 0.041717 0.040429 0.038647 0.036264 0.033182 0.029334 0.024696 0.019308 0.013273 0.006762 0.000000 
50.000000 42.967213 36.153067 29.755826 23.936165 18.805592 14.421806 10.790922 7.875306 5.604968 3.890263 2.633847 1.740462 1.123830 0.710565 0.441547 0.271400 0.166805 0.104291 0.067950 0.047395 0.036079 0.030013 0.026846 0.025235 0.024436 0.024049 0.023866 0.023781 0.023740 0.023719 0.023702 0.023681 0.023649 0.023596 0.023509 0.023368 0.023148 0.022814 0.022323 0.021624 0.020660 0.019374 0.017716 0.015651 0.013168 0.010289 0.007070 0.003601 0.000000 
50.000000 42.965622 36.149935 29.751248 23.930272 18.798540 14.413764 10.782061 7.865787 5.594938 3.879847 2.623148 1.729563 1.112792 0.699435 0.430357 0.260171 0.155554 0.093025 0.056676 0.036117 0.024798 0.018731 0.015564 0.013952 0.013153 0.012766 0.012583 0.012499 0.012460 0.012440 0.012428 0.012415 0.012397 0.012369 0.012322 0.012246 0.012128 0.011950 0.011689 0.011319 0.010809 0.010130 0.009258 0.008174 0.006873 0.005368 0.003687 0.001878 0.000000 
50.000000 42.964778 36.148274 29.748820 23.927146 18.794799 14.409498 10.777361 7.860738 5.589617 3.874322 2.617473 1.723782 1.106938 0.693531 0.424421 0.254216 0.149586 0.087050 0.050697 0.030135 0.018815 0.012748 0.009580 0.007968 0.007168 0.006782 0.006599 0.006515 0.006476 0.006458 0.006448 0.006440 0.006430 0.006415 0.006390 0.006350 0.006287 0.006194 0.006056 0.005862 0.005595 0.005242 0.004788 0.004225 0.003551 0.002772 0.001903 0.000969 0.000000 
50.000000 42.964357 36.147445 29.747608 23.925586 18.792932 14.407369 10.775015 7.858218 5.586963 3.871565 2.614642 1.720898 1.104017 0.690586 0.421460 0.251244 0.146608 0.084069 0.047713 0.027150 0.015830 0.009762 0.006594 0.004982 0.004182 0.003796 0.003613 0.003529 0.003491 0.003474 0.003465 0.003459 0.003453 0.003444 0.003430 0.003408 0.003374 0.003323 0.003249 0.003143 0.002999 0.002808 0.002564 0.002261 0.001900 0.001482 0.001017 0.000518 0.000000 
50.000000 42.964184 36.147105 29.747111 23.924946 18.792166 14.406495 10.774052 7.857184 5.585873 3.870434 2.613480 1.719714 1.102818 0.689377 0.420245 0.250025 0.145386 0.082845 0.046489 0.025925 0.014605 0.008537 0.005368 0.003756 0.002957 0.002570 0.002388 0.002304 0.002266 0.002249 0.002241 0.002236 0.002231 0.002225 0.002216 0.002202 0.002180 0.002146 0.002097 0.002029 0.001935 0.001811 0.001653 0.001457 0.001224 0.000955 0.000655 0.000333 0.000000 
50.000000 42.964184 36.147105 29.747111 23.924946 18.792166 14.406495 10.774052 7.857184 5.585873 3.870434 2.613480 1.719714 1.102818 0.689377 0.420245 0.250025 0.145386 0.082845 0.046489 0.025925 0.014605 0.008537 0.005368 0.003756 0.002957 0.002570 0.002388 0.002304 0.002266 0.002249 0.002241 0.002236 0.002231 0.002225 0.002216 0.002202 0.002180 0.002146 0.002097 0.002029 0.001935 0.001811 0.001653 0.001457 0.001224 0.000955 0.000655 0.000333 0.000000 
50.000000 42.964357 36.147445 29.747608 23.925586 18.792932 14.407369 10.775015 7.858218 5.586963 3.871565 2.614642 1.720898 1.104017 0.690586 0.421460 0.251244 0.146608 0.084069 0.047713 0.027150 0.015830 0.009762 0.006594 0.004982 0.004182 0.003796 0.003613 0.003529 0.003491 0.003474 0.003465 0.003459 0.003453 0.003444 0.003430 0.003408 0.003374 0.003323 0.003249 0.003143 0.002999 0.002808 0.002564 0.002261 0.001900 0.001482 0.001017 0.000518 0.000000 
50.000000 42.964778 36.148274 29.748820 23.927146 18.794799 14.409498 10.777361 7.860738 5.589617 3.874322 2.617473 1.723782 1.106938 0.693531 0.424421 0.254216 0.149586 0.087050 0.050697 0.030135 0.018815 0.012748 0.009580 0.007968 0.007168 0.006782 0.006599 0.006515 0.006476 0.006458 0.006448 0.006440 0.006430 0.006415 0.006390 0.006350 0.006287 0.006194 0.006056 0.005862 0.005595 0.005242 0.004788 0.004225 0.003551 0.002772 0.001903 0.000969 0.000000 
50.000000 42.965622 36.149935 29.751248 23.930272 18.798540 14.413764 10.782061 7.865787 5.594938 3.879847 2.623148 1.729563 1.112792 0.699435 0.430357 0.260171 0.155554 0.093025 0.056676 0.036117 0.024798 0.018731 0.015564 0.013952 0.013153 0.012766 0.012583 0.012499 0.012460 0.012440 0.012428 0.012415 0.012397 0.012369 0.012322 0.012246 0.012128 0.011950 0.011689 0.011319 0.010809 0.010130 0.009258 0.008174 0.006873 0.005368 0.003687 0.001878 0.000000 
50.000000 42.967213 36.153067 29.755826 23.936165 18.805592 14.421806 10.790922 7.875306 5.604968 3.890263 2.633847 1.740462 1.123830 0.710565 0.441547 0.271400 0.166805 0.104291 0.067950 0.047395 0.036079 0.030013 0.026846 0.025235 0.024436 0.024049 0.023866 0.023781 0.023740 0.023719 0.023702 0.023681 0.023649 0.023596 0.023509 0.023368 0.023148 0.022814 0.022323 0.021624 0.020660 0.019374 0.017716 0.015651 0.013168 0.010289 0.007070 0.003601 0.000000 
50.000000 42.970109 36.158768 29.764162 23.946896 18.818433 14.436450 10.807058 7.892639 5.623233 3.909231 2.653329 1.760310 1.143929 0.730833 0.461925 0.291847 0.187295 0.124806 0.088480 0.067933 0.056622 0.050559 0.047393 0.045782 0.044983 0.044596 0.044413 0.044326 0.044284 0.044258 0.044233 0.044199 0.044142 0.044046 0.043888 0.043631 0.043230 0.042619 0.041717 0.040429 0.038647 0.036264 0.033182 0.029334 0.024696 0.019308 0.013273 0.006762 0.000000 
50.000000 42.975231 36.168854 29.778906 23.965877 18.841148 14.462353 10.835601 7.923300 5.655542 3.942784 2.687793 1.795421 1.179487 0.766689 0.497975 0.328020 0.223543 0.161099 0.124799 0.104267 0.092964 0.086905 0.083741 0.082132 0.081333 0.080946 0.080762 0.080674 0.080627 0.080594 0.080557 0.080499 0.080400 0.080232 0.079952 0.079498 0.078785 0.077695 0.076083 0.073772 0.070565 0.066259 0.060674 0.053679 0.045226 0.035381 0.024334 0.012402 0.000000 
50.000000 42.984043 36.186203 29.804269 23.998528 18.880223 14.506914 10.884704 7.976048 5.711127 4.000510 2.747086 1.855828 1.240661 0.828378 0.559998 0.390254 0.285907 0.223540 0.187285 0.166779 0.155489 0.149438 0.146278 0.144670 0.143872 0.143485 0.143300 0.143209 0.143156 0.143112 0.143053 0.142956 0.142789 0.142502 0.142022 0.141242 0.140010 0.138124 0.135321 0.131287 0.125667 0.118095 0.108235 0.095842 0.080820 0.063274 0.043545 0.022202 0.000000 
50.000000 42.998785 36.215228 29.846700 24.053153 18.945595 14.581465 10.966855 8.064299 5.804124 4.097090 2.846290 1.956896 1.343015 0.931592 0.663773 0.494382 0.390253 0.328016 0.291836 0.271372 0.260106 0.254067 0.250914 0.249309 0.248512 0.248124 0.247937 0.247842 0.247780 0.247719 0.247627 0.247469 0.247192 0.246717 0.245919 0.244617 0.242553 0.239379 0.234644 0.227801 0.218225 0.205265 0.188319 0.166932 0.140911 0.110420 0.076045 0.038790 0.000000 
50.000000 43.022763 36.262437 29.915716 24.142004 19.051927 14.702730 11.100483 8.207850 5.955399 4.254196 3.007665 2.121305 1.509516 1.099495 0.832587 0.663772 0.559996 0.497971 0.461913 0.441519 0.430291 0.424272 0.421130 0.419530 0.418735 0.418347 0.418157 0.418055 0.417980 0.417891 0.417749 0.417499 0.417057 0.416294 0.415007 0.412900 0.409547 0.404366 0.396601 0.385325 0.369467 0.347899 0.319556 0.283617 0.239697 0.188034 0.129609 0.066150 0.000000 
50.000000 43.060670 36.337069 30.024824 24.282469 19.220031 14.894443 11.311745 8.434803 6.194566 4.502583 3.262805 2.381243 1.772765 1.364961 1.099495 0.931592 0.828376 0.766684 0.730821 0.710536 0.699369 0.693383 0.690256 0.688665 0.687873 0.687485 0.687291 0.687179 0.687085 0.686958 0.686743 0.686358 0.685675 0.684488 0.682480 0.679178 0.673898 0.665701 0.653353 0.635322 0.609822 0.574940 0.528838 0.470054 0.397840 0.312502 0.215629 0.110128 0.000000 
50.000000 43.118894 36.451705 30.192415 24.498228 19.478247 15.188928 11.636261 8.783428 6.561956 4.884140 3.654739 2.780552 2.177161 1.772765 1.509516 1.343014 1.240659 1.179482 1.143918 1.123802 1.112727 1.106790 1.103690 1.102111 1.101324 1.100935 1.100736 1.100611 1.100490 1.100310 1.099994 1.099421 1.098399 1.096616 1.093587 1.088581 1.080536 1.067981 1.048958 1.021009 0.981232 0.926455 0.853576 0.760032 0.644400 0.506989 0.350283 0.179051 0.000000 
50.000000 43.205760 36.622734 30.442451 24.820130 19.863496 15.628293 12.120438 9.303580 7.110113 5.453441 4.239527 3.376348 2.780552 2.381243 2.121304 1.956895 1.855826 1.795417 1.760298 1.740435 1.729499 1.723636 1.720574 1.719014 1.718235 1.717847 1.717641 1.717499 1.717342 1.717092 1.716642 1.715820 1.714344 1.711758 1.707345 1.700016 1.688174 1.669581 1.641232 1.599293 1.539167 1.455735 1.343857 1.199131 1.018884 0.803217 0.555853 0.284436 0.000000 
50.000000 43.331599 36.870496 30.804670 25.286462 20.421601 16.264803 12.821874 10.057141 7.904254 6.278222 5.086752 4.239527 3.654739 3.262805 3.007665 2.846289 2.747084 2.687788 2.653317 2.633819 2.623085 2.617330 2.614323 2.612790 2.612023 2.611637 2.611424 2.611261 2.611060 2.610722 2.610103 2.608964 2.606912 2.603300 2.597104 2.586758 2.569945 2.543376 2.502575 2.441749 2.353817 2.230721 2.064131 1.846609 1.573216 1.243322 0.862211 0.441814 0.000000 
50.000000 43.508555 37.218903 31.314030 25.942233 21.206435 17.159899 13.808284 11.116863 9.021053 7.438119 6.278222 5.453441 4.884140 4.502583 4.254195 4.097089 4.000508 3.942780 3.909219 3.890236 3.879785 3.874181 3.871254 3.869760 3.869010 3.868628 3.868406 3.868220 3.867967 3.867525 3.866705 3.865191 3.862447 3.857594 3.849230 3.835183 3.812209 3.775647 3.719060 3.633968 3.509791 3.334175 3.093923 2.776688 2.373487 1.881788 1.308498 0.671725 0.000000 
50.000000 43.750035 37.694351 32.009124 26.837130 22.277466 18.381413 15.154421 12.563062 10.545156 9.021053 7.904254 7.110113 6.561956 6.194566 5.955399 5.804124 5.711125 5.655538 5.623222 5.604942 5.594878 5.589482 5.586662 5.585222 5.584496 5.584120 5.583891 5.583679 5.583370 5.582814 5.581774 5.579841 5.576324 5.570075 5.559245 5.540947 5.510820 5.462505 5.387085 5.272578 5.103680 4.861993 4.527114 4.078929 3.501384 2.787578 1.945311 1.001111 0.000000 
50.000000 44.069737 38.323812 32.929384 28.021925 23.695460 19.998651 16.936672 14.477807 12.563062 11.116863 10.057141 9.303580 8.783428 8.434803 8.207850 8.064298 7.976046 7.923296 7.892628 7.875281 7.865730 7.860608 7.857931 7.856563 7.855871 7.855506 7.855272 7.855035 7.854670 7.854002 7.852739 7.850383 7.846074 7.838383 7.824981 7.802196 7.764413 7.703324 7.607073 7.459382 7.238904 6.919117 6.469336 5.857496 5.055437 4.046995 2.838069 1.465630 0.000000 
50.000000 44.480274 39.132119 34.111119 29.543365 25.516373 22.075437 19.225375 16.936672 15.154421 13.808284 12.821874 12.120438 11.636261 11.311744 11.100483 10.966854 10.884702 10.835597 10.807048 10.790899 10.782008 10.777239 10.774747 10.773471 10.772823 10.772475 10.772240 10.771984 10.771572 10.770804 10.769346 10.766611 10.761591 10.752585 10.736805 10.709805 10.664703 10.591153 10.474109 10.292428 10.017555 9.612688 9.033163 8.229200 7.152520 5.768371 4.073185 2.114175 0.000000 
50.000000 44.991490 40.138656 35.582669 31.437941 27.783880 24.661587 22.075437 19.998651 18.381413 17.159899 16.264803 15.628293 15.188928 14.894443 14.702730 14.581465 14.506912 14.462349 14.436441 14.421785 14.413715 14.409387 14.407124 14.405965 14.405373 14.405050 14.404821 14.404555 14.404111 14.403276 14.401682 14.398680 14.393147 14.383174 14.365605 14.335352 14.284436 14.200672 14.065977 13.854299 13.529316 13.042274 12.330793 11.320214 9.930207 8.090599 5.770357 3.018565 0.000000 
50.000000 45.608676 41.353841 37.359267 33.725264 30.521456 27.783880 25.516373 23.695460 22.277466 21.206435 20.421601 19.863496 19.478247 19.220031 19.051927 18.945594 18.880221 18.841145 18.818426 18.805574 18.798497 18.794702 18.792716 18.791698 18.791176 18.790887 18.790671 18.790409 18.789960 18.789107 18.787472 18.784382 18.778663 18.768310 18.749977 18.718215 18.664364 18.574992 18.429747 18.198536 17.837964 17.287173 16.463665 15.260728 13.550242 11.198508 8.107728 4.295697 0.000000 
50.000000 46.330967 42.775969 39.438420 36.402128 33.725264 31.437941 29.543365 28.021925 26.837130 25.942233 25.286462 24.820130 24.498228 24.282469 24.142004 24.053153 23.998527 23.965874 23.946889 23.936150 23.930236 23.927064 23.925405 23.924553 23.924115 23.923868 23.923677 23.923435 23.923013 23.922206 23.920653 23.917709 23.912243 23.902307 23.884629 23.853828 23.801246 23.713246 23.568746 23.335747 22.966488 22.390845 21.507734 20.175023 18.201064 15.348017 11.373292 6.161598 0.000000 
50.000000 47.150236 44.389042 41.796739 39.438420 37.359267 35.582669 34.111119 32.929384 32.009124 31.314030 30.804670 30.442451 30.192415 30.024824 29.915716 29.846700 29.804268 29.778904 29.764157 29.755814 29.751220 29.748756 29.747467 29.746804 29.746462 29.746267 29.746111 29.745908 29.745549 29.744859 29.743527 29.740995 29.736281 29.727682 29.712322 29.685426 29.639235 29.561347 29.432242 29.221546 28.882389 28.342748 27.492071 26.160760 24.090403 20.898369 16.066771 9.074384 0.000000 
50.000000 48.050788 46.162157 44.389042 42.775969 41.353841 40.138656 39.132119 38.323812 37.694351 37.218903 36.870496 36.622734 36.451705 36.337069 36.262437 36.215228 36.186203 36.168853 36.158765 36.153058 36.149916 36.148230 36.147348 36.146894 36.146660 36.146524 36.146414 36.146267 36.146005 36.145499 36.144521 36.142659 36.139183 36.132828 36.121440 36.101423 36.066881 36.008285 35.910405 35.749040 35.485743 35.058933 34.368299 33.246114 31.402677 28.322272 23.081078 14.150449 0.000000 
50.000000 49.010010 48.050788 47.150236 46.330967 45.608676 44.991490 44.480274 44.069737 43.750035 43.508555 43.331599 43.205760 43.118894 43.060670 43.022763 42.998785 42.984043 42.975231 42.970107 42.967208 42.965612 42.964756 42.964308 42.964078 42.963958 42.963889 42.963831 42.963754 42.963616 42.963348 42.962830 42.961842 42.959995 42.956614 42.950542 42.939843 42.921324 42.889786 42.836831 42.748924 42.604107 42.366099 41.972925 41.312980 40.169368 38.075852 33.900339 24.505005 0.000000 
50.000000 50.000000 50.000000 50.000000 50.000000 50.000000 50.000000 50.000000 50.000000 50.000000 50.000000 50.000000 50.000000 50.000000 50.000000 50.000000 50.000000 50.000000 50.000000 50.000000 50.000000 50.000000 50.000000 50.000000 50.000000 50.000000 50.000000 50.000000 50.000000 50.000000 50.000000 50.000000 50.000000 50.000000 50.000000 50.000000 50.000000 50.000000 50.000000 50.000000 50.000000 50.000000 50.000000 50.000000 50.000000 50.000000 50.000000 50.000000 50.000000 50.000000 
