50.000000 50.000000 50.000000 50.000000 50.000000 50.000000 50.000000 50.000000 50.000000 50.000000 50.000000 50.000000 50.000000 50.000000 50.000000 50.000000 50.000000 50.000000 50.000000 50.000000 50.000000 50.000000 50.000000 50.000000 50.000000 50.000000 50.000000 50.000000 50.000000 50.000000 50.000000 50.000000 50.000000 50.000000 50.000000 50.000000 50.000000 50.000000 50.000000 50.000000 50.000000 50.000000 50.000000 50.000000 50.000000 50.000000 50.000000 50.000000 50.000000 50.000000 
50.000000 49.024570 48.079011 47.190450 46.380950 45.665936 45.053541 44.544882 44.135079 43.814779 43.571856 43.393039 43.265251 43.176570 43.116791 43.077636 43.052708 43.037279 43.027990 43.022549 43.019447 43.017725 43.016793 43.016302 43.016046 43.015913 43.015835 43.015771 43.015685 43.015533 43.015243 43.014685 43.013630 43.011672 43.008109 43.001751 42.990614 42.971445 42.938967 42.884693 42.794992 42.647803 42.406755 42.009802 41.345301 40.196365 38.096815 33.914675 24.512285 0.000000 
50.000000 48.079011 46.216848 44.466937 42.872730 41.464601 40.258571 39.256835 38.449785 37.818999 37.340598 36.988445 36.736787 36.562146 36.444421 36.367312 36.318222 36.287837 36.269544 36.258829 36.252720 36.249329 36.247495 36.246527 36.246025 36.245762 36.245610 36.245486 36.245323 36.245035 36.244487 36.243433 36.241443 36.237754 36.231053 36.219119 36.198268 36.162485 36.102096 36.001701 35.836912 35.569091 35.136484 34.438641 33.307767 31.454174 28.362259 23.108424 14.164336 0.000000 
50.000000 47.190450 44.466937 41.907602 39.575994 37.516539 35.752668 34.287589 33.107251 32.184708 31.485036 30.970006 30.601954 30.346541 30.174369 30.061598 29.989806 29.945368 29.918616 29.902946 29.894013 29.889054 29.886372 29.884956 29.884222 29.883839 29.883619 29.883444 29.883219 29.882825 29.882074 29.880638 29.877929 29.872918 29.863841 29.847724 29.819672 29.771761 29.691388 29.558796 29.343354 28.997926 28.450249 27.589580 26.246225 24.161789 20.953801 16.104678 9.093634 0.000000 
50.000000 46.380950 42.872730 39.575994 36.572604 33.919786 31.647722 29.760544 28.240149 27.051825 26.150586 25.487187 25.013109 24.684121 24.462354 24.317101 24.224631 24.167394 24.132936 24.112754 24.101248 24.094861 24.091407 24.089584 24.088640 24.088149 24.087870 24.087655 24.087386 24.086922 24.086043 24.084366 24.081210 24.075391 24.064883 24.046303 24.014120 23.959485 23.868517 23.719855 23.481189 23.104444 22.519206 21.624165 20.277072 18.286302 15.414205 11.418556 6.184585 0.000000 
50.000000 45.665936 41.464601 37.516539 33.919786 30.742877 28.021953 25.761962 23.941221 22.518159 21.438898 20.644464 20.076751 19.682787 19.417224 19.243287 19.132556 19.064018 19.022757 18.998590 18.984813 18.977166 18.973030 18.970848 18.969719 18.969134 18.968807 18.968564 18.968271 18.967776 18.966845 18.965075 18.961755 18.955653 18.944680 18.925368 18.892108 18.836030 18.743439 18.593679 18.356321 17.987628 17.426427 16.589978 15.371439 13.642715 11.270314 8.156834 4.320634 0.000000 
50.000000 45.053541 40.258571 35.752668 31.647722 28.021953 24.916608 22.337330 20.259371 18.635282 17.403570 16.496925 15.849031 15.399429 15.096365 14.897868 14.771504 14.693290 14.646205 14.618626 14.602905 14.594179 14.589460 14.586970 14.585684 14.585021 14.584656 14.584396 14.584098 14.583607 14.582694 14.580963 14.577729 14.571810 14.561210 14.542654 14.510890 14.457725 14.370712 14.231460 14.013578 13.680397 13.182848 12.458304 11.431976 10.023558 8.163087 5.819929 3.043739 0.000000 
50.000000 44.544882 39.256835 34.287589 29.760544 25.761962 22.337330 19.492870 17.201285 15.410243 14.051923 13.052094 12.337616 11.841813 11.507610 11.288720 11.149376 11.063129 11.011209 10.980799 10.963464 10.953842 10.948639 10.945895 10.944478 10.943751 10.943359 10.943091 10.942804 10.942346 10.941503 10.939915 10.936959 10.931571 10.921970 10.905251 10.876814 10.829573 10.752933 10.631554 10.443971 10.161299 9.746435 9.154482 8.335535 7.241339 5.837340 4.120351 2.138128 0.000000 
50.000000 44.135079 38.449785 33.107251 28.240149 23.941221 20.259371 17.201285 14.737610 12.812081 11.351780 10.276892 9.508784 8.975772 8.616491 8.381179 8.231382 8.138666 8.082853 8.050163 8.031529 8.021186 8.015594 8.012645 8.011124 8.010348 8.009935 8.009668 8.009401 8.008995 8.008258 8.006878 8.004321 7.999681 7.991452 7.977202 7.953118 7.913403 7.849523 7.749354 7.596331 7.368805 7.039985 6.578974 5.953593 5.135705 4.109325 2.880694 1.487277 0.000000 
50.000000 43.814779 37.818999 32.184708 27.051825 22.518159 18.635282 15.410243 12.812081 10.781456 9.241461 8.107923 7.297912 6.735826 6.356952 6.108811 5.950848 5.853080 5.794226 5.759756 5.740106 5.729201 5.723305 5.720197 5.718595 5.717781 5.717355 5.717094 5.716853 5.716507 5.715892 5.714751 5.712646 5.708842 5.702129 5.690567 5.671150 5.639356 5.588633 5.509835 5.390728 5.215751 4.966272 4.621704 4.161838 3.570636 2.841354 1.982087 1.019787 0.000000 
50.000000 43.571856 37.340598 31.485036 26.150586 21.438898 17.403570 14.051923 11.351780 9.241461 7.641040 6.463032 5.621251 5.037125 4.643398 4.385531 4.221380 4.119782 4.058623 4.022804 4.002386 3.991054 3.984928 3.981699 3.980037 3.979195 3.978761 3.978508 3.978295 3.978010 3.977519 3.976616 3.974958 3.971978 3.966742 3.957774 3.942801 3.918451 3.879899 3.820520 3.731627 3.602426 3.420370 3.172110 2.845219 2.430731 1.926239 1.338897 0.687163 0.000000 
50.000000 43.393039 36.988445 30.970006 25.487187 20.644464 16.496925 13.052094 10.276892 8.107923 6.463032 5.252301 4.387142 3.786799 3.382145 3.117123 2.948419 2.844005 2.781151 2.744339 2.723356 2.711710 2.705415 2.702098 2.700391 2.699529 2.699091 2.698847 2.698661 2.698433 2.698055 2.697368 2.696117 2.693877 2.689960 2.683285 2.672205 2.654300 2.626151 2.583134 2.519290 2.427369 2.299161 2.126213 1.901025 1.618669 1.278619 0.886349 0.454072 0.000000 
50.000000 43.265251 36.736787 30.601954 25.013109 20.076751 15.849031 12.337616 9.508784 7.297912 5.621251 4.387142 3.505284 2.893357 2.480897 2.210767 2.038811 1.932385 1.868321 1.830801 1.809415 1.797545 1.791129 1.787749 1.786011 1.785135 1.784695 1.784459 1.784296 1.784117 1.783836 1.783334 1.782425 1.780806 1.777988 1.773209 1.765318 1.752642 1.732843 1.702800 1.658556 1.595382 1.508043 1.391306 1.240722 1.053624 0.830194 0.574303 0.293806 0.000000 
50.000000 43.176570 36.562146 30.346541 24.684121 19.682787 15.399429 11.841813 8.975772 6.735826 5.037125 3.786799 2.893357 2.273395 1.855523 1.581848 1.407638 1.299818 1.234915 1.196904 1.175237 1.163213 1.156713 1.153289 1.151530 1.150645 1.150204 1.149975 1.149832 1.149692 1.149488 1.149134 1.148498 1.147370 1.145416 1.142117 1.136698 1.128039 1.114594 1.094324 1.064677 1.022654 0.964999 0.888539 0.790679 0.670000 0.526869 0.363878 0.185955 0.000000 
50.000000 43.116791 36.444421 30.174369 24.462354 19.417224 15.096365 11.507610 8.616491 6.356952 4.643398 3.382145 2.480898 1.855523 1.434003 1.157942 0.982214 0.873454 0.807986 0.769645 0.747790 0.735661 0.729105 0.725652 0.723878 0.722987 0.722546 0.722324 0.722194 0.722086 0.721941 0.721698 0.721268 0.720509 0.719201 0.717002 0.713406 0.707689 0.698859 0.685625 0.666385 0.639289 0.602359 0.553711 0.491856 0.416051 0.326644 0.225301 0.115040 0.000000 
50.000000 43.077636 36.367312 30.061599 24.317101 19.243287 14.897868 11.288721 8.381179 6.108811 4.385532 3.117124 2.210767 1.581848 1.157942 0.880319 0.703597 0.594223 0.528385 0.489827 0.467849 0.455652 0.449059 0.445587 0.443804 0.442909 0.442469 0.442251 0.442132 0.442045 0.441944 0.441782 0.441501 0.441007 0.440160 0.438742 0.436433 0.432779 0.427164 0.418790 0.406683 0.389728 0.366751 0.336658 0.298608 0.252219 0.197758 0.136259 0.069527 0.000000 
50.000000 43.052708 36.318222 29.989807 24.224631 19.132557 14.771504 11.149377 8.231383 5.950849 4.221381 2.948420 2.038812 1.407639 0.982215 0.703597 0.526243 0.416478 0.350406 0.311711 0.289654 0.277414 0.270797 0.267313 0.265524 0.264627 0.264187 0.263972 0.263861 0.263790 0.263718 0.263613 0.263434 0.263123 0.262592 0.261706 0.260270 0.258007 0.254544 0.249404 0.242008 0.231702 0.217806 0.199695 0.176904 0.149241 0.116889 0.080469 0.041037 0.000000 
50.000000 43.037279 36.287837 29.945369 24.167395 19.064020 14.693291 11.063131 8.138668 5.853082 4.119785 2.844007 1.932388 1.299820 0.873457 0.594225 0.416480 0.306473 0.240256 0.201475 0.179370 0.167103 0.160472 0.156980 0.155188 0.154290 0.153850 0.153637 0.153531 0.153471 0.153419 0.153351 0.153240 0.153050 0.152728 0.152191 0.151325 0.149965 0.147892 0.144828 0.140439 0.134349 0.126173 0.115564 0.102266 0.086186 0.067442 0.046395 0.023649 0.000000 
50.000000 43.027990 36.269545 29.918618 24.132940 19.022761 14.646209 11.011213 8.082858 5.794231 4.058629 2.781157 1.868327 1.234921 0.807992 0.528391 0.350411 0.240259 0.173954 0.135122 0.112989 0.100705 0.094066 0.090569 0.088775 0.087876 0.087436 0.087225 0.087123 0.087068 0.087030 0.086986 0.086919 0.086806 0.086616 0.086300 0.085793 0.084999 0.083794 0.082019 0.079486 0.075985 0.071303 0.065250 0.057690 0.048577 0.037983 0.026114 0.013306 0.000000 
50.000000 43.022551 36.258833 29.902952 24.112762 18.998599 14.618637 10.980810 8.050176 5.759769 4.022818 2.744353 1.830816 1.196918 0.769659 0.489841 0.311724 0.201487 0.135131 0.096269 0.074119 0.061826 0.055181 0.051682 0.049886 0.048987 0.048548 0.048337 0.048237 0.048187 0.048157 0.048128 0.048088 0.048022 0.047913 0.047733 0.047444 0.046994 0.046312 0.045312 0.043890 0.041931 0.039319 0.035954 0.031763 0.026726 0.020884 0.014351 0.007310 0.000000 
50.000000 43.019452 36.252730 29.894027 24.101266 18.984835 14.602930 10.963491 8.031558 5.740137 4.002418 2.723388 1.809448 1.175271 0.747823 0.467883 0.289687 0.179402 0.113017 0.074138 0.051978 0.039679 0.033032 0.029532 0.027735 0.026835 0.026396 0.026186 0.026087 0.026040 0.026014 0.025994 0.025970 0.025933 0.025872 0.025772 0.025612 0.025363 0.024988 0.024439 0.023661 0.022592 0.021172 0.019347 0.017081 0.014363 0.011217 0.007704 0.003923 0.000000 
50.000000 43.017736 36.249352 29.889087 24.094903 18.977216 14.594236 10.953904 8.021253 5.729271 3.991127 2.711785 1.797621 1.163290 0.735738 0.455730 0.277491 0.167179 0.100777 0.061889 0.039724 0.027422 0.020774 0.017272 0.015475 0.014575 0.014136 0.013927 0.013829 0.013783 0.013760 0.013745 0.013730 0.013709 0.013676 0.013621 0.013535 0.013401 0.013199 0.012905 0.012489 0.011919 0.011163 0.010195 0.008995 0.007560 0.005901 0.004052 0.002063 0.000000 
50.000000 43.016819 36.247546 29.886446 24.091502 18.973143 14.589588 10.948780 8.015744 5.723463 3.985091 2.705582 1.791299 1.156885 0.729278 0.449233 0.270971 0.160645 0.094235 0.055342 0.033174 0.020871 0.014221 0.010719 0.008922 0.008022 0.007583 0.007374 0.007276 0.007231 0.007210 0.007198 0.007188 0.007176 0.007158 0.007129 0.007082 0.007011 0.006904 0.006748 0.006527 0.006227 0.005829 0.005321 0.004692 0.003941 0.003075 0.002111 0.001074 0.000000 
50.000000 43.016358 36.246638 29.885118 24.089792 18.971096 14.587252 10.946204 8.012976 5.720544 3.982058 2.702465 1.788123 1.153667 0.726032 0.445969 0.267695 0.157362 0.090948 0.052052 0.029882 0.017579 0.010928 0.007426 0.005629 0.004729 0.004290 0.004081 0.003983 0.003939 0.003918 0.003908 0.003901 0.003893 0.003883 0.003867 0.003841 0.003802 0.003742 0.003657 0.003536 0.003372 0.003155 0.002878 0.002537 0.002130 0.001661 0.001140 0.000580 0.000000 
50.000000 43.016168 36.246264 29.884571 24.089087 18.970251 14.586289 10.945142 8.011834 5.719340 3.980807 2.701180 1.786812 1.152339 0.724693 0.444622 0.266344 0.156007 0.089591 0.050695 0.028524 0.016220 0.009570 0.006068 0.004270 0.003371 0.002932 0.002722 0.002625 0.002580 0.002560 0.002550 0.002545 0.002539 0.002532 0.002521 0.002504 0.002478 0.002439 0.002383 0.002303 0.002195 0.002053 0.001873 0.001650 0.001385 0.001080 0.000741 0.000377 0.000000 
50.000000 43.016168 36.246264 29.884571 24.089087 18.970251 14.586289 10.945142 8.011834 5.719340 3.980807 2.701180 1.786812 1.152339 0.724693 0.444622 0.266344 0.156007 0.089591 0.050695 0.028524 0.016220 0.009570 0.006068 0.004270 0.003371 0.002932 0.002722 0.002625 0.002580 0.002560 0.002550 0.002545 0.002539 0.002532 0.002521 0.002504 0.002478 0.002439 0.002383 0.002303 0.002195 0.002053 0.001873 0.001650 0.001385 0.001080 0.000741 0.000377 0.000000 
50.000000 43.016358 36.246638 29.885118 24.089792 18.971096 14.587252 10.946204 8.012976 5.720544 3.982058 2.702465 1.788123 1.153667 0.726032 0.445969 0.267695 0.157362 0.090948 0.052052 0.029882 0.017579 0.010928 0.007426 0.005629 0.004729 0.004290 0.004081 0.003983 0.003939 0.003918 0.003908 0.003901 0.003893 0.003883 0.003867 0.003841 0.003802 0.003742 0.003657 0.003536 0.003372 0.003155 0.002878 0.002537 0.002130 0.001661 0.001140 0.000580 0.000000 
50.000000 43.016819 36.247546 29.886446 24.091502 18.973143 14.589588 10.948780 8.015744 5.723463 3.985091 2.705582 1.791299 1.156885 0.729278 0.449233 0.270971 0.160645 0.094235 0.055342 0.033174 0.020871 0.014221 0.010719 0.008922 0.008022 0.007583 0.007374 0.007276 0.007231 0.007210 0.007198 0.007188 0.007176 0.007158 0.007129 0.007082 0.007011 0.006904 0.006748 0.006527 0.006227 0.005829 0.005321 0.004692 0.003941 0.003075 0.002111 0.001074 0.000000 
50.000000 43.017736 36.249352 29.889087 24.094903 18.977216 14.594236 10.953904 8.021253 5.729271 3.991127 2.711785 1.797621 1.163290 0.735738 0.455730 0.277491 0.167179 0.100777 0.061889 0.039724 0.027422 0.020774 0.017272 0.015475 0.014575 0.014136 0.013927 0.013829 0.013783 0.013760 0.013745 0.013730 0.013709 0.013676 0.013621 0.013535 0.013401 0.013199 0.012905 0.012489 0.011919 0.011163 0.010195 0.008995 0.007560 0.005901 0.004052 0.002063 0.000000 
50.000000 43.019452 36.252730 29.894027 24.101266 18.984835 14.602930 10.963491 8.031558 5.740137 4.002418 2.723388 1.809448 1.175271 0.747823 0.467883 0.289687 0.179402 0.113017 0.074138 0.051978 0.039679 0.033032 0.029532 0.027735 0.026835 0.026396 0.026186 0.026087 0.026040 0.026014 0.025994 0.025970 0.025933 0.025872 0.025772 0.025612 0.025363 0.024988 0.024439 0.023661 0.022592 0.021172 0.019347 0.017081 0.014363 0.011217 0.007704 0.003923 0.000000 
50.000000 43.022551 36.258833 29.902952 24.112762 18.998599 14.618637 10.980810 8.050176 5.759769 4.022818 2.744353 1.830816 1.196918 0.769659 0.489841 0.311724 0.201487 0.135131 0.096269 0.074119 0.061826 0.055181 0.051682 0.049886 0.048987 0.048548 0.048337 0.048237 0.048187 0.048157 0.048128 0.048088 0.048022 0.047913 0.047733 0.047444 0.046994 0.046312 0.045312 0.043890 0.041931 0.039319 0.035954 0.031763 0.026726 0.020884 0.014351 0.007310 0.000000 
50.000000 43.027990 36.269545 29.918618 24.132940 19.022761 14.646209 11.011213 8.082858 5.794231 4.058629 2.781157 1.868327 1.234921 0.807992 0.528391 0.350411 0.240259 0.173954 0.135122 0.112989 0.100705 0.094066 0.090569 0.088775 0.087876 0.087436 0.087225 0.087123 0.087068 0.087030 0.086986 0.086919 0.086806 0.086616 0.086300 0.085793 0.084999 0.083794 0.082019 0.079486 0.075985 0.071303 0.065250 0.057690 0.048577 0.037983 0.026114 0.013306 0.000000 
50.000000 43.037279 36.287837 29.945369 24.167395 19.064020 14.693291 11.063131 8.138668 5.853082 4.119785 2.844007 1.932388 1.299820 0.873457 0.594225 0.416480 0.306473 0.240256 0.201475 0.179370 0.167103 0.160472 0.156980 0.155188 0.154290 0.153850 0.153637 0.153531 0.153471 0.153419 0.153351 0.153240 0.153050 0.152728 0.152191 0.151325 0.149965 0.147892 0.144828 0.140439 0.134349 0.126173 0.115564 0.102266 0.086186 0.067442 0.046395 0.023649 0.000000 
50.000000 43.052708 36.318222 29.989807 24.224631 19.132557 14.771504 11.149377 8.231383 5.950849 4.221381 2.948420 2.038812 1.407639 0.982215 0.703597 0.526243 0.416478 0.350406 0.311711 0.289654 0.277414 0.270797 0.267313 0.265524 0.264627 0.264187 0.263972 0.263861 0.263790 0.263718 0.263613 0.263434 0.263123 0.262592 0.261706 0.260270 0.258007 0.254544 0.249404 0.242008 0.231702 0.217806 0.199695 0.176904 0.149241 0.116889 0.080469 0.041037 0.000000 
50.000000 43.077636 36.367312 30.061599 24.317101 19.243287 14.897868 11.288721 8.381179 6.108811 4.385532 3.117124 2.210767 1.581848 1.157942 0.880319 0.703597 0.594223 0.528385 0.489827 0.467849 0.455652 0.449059 0.445587 0.443804 0.442909 0.442469 0.442251 0.442132 0.442045 0.441944 0.441782 0.441501 0.441007 0.440160 0.438742 0.436433 0.432779 0.427164 0.418790 0.406683 0.389728 0.366751 0.336658 0.298608 0.252219 0.197758 0.136259 0.069527 0.000000 
50.000000 43.116791 36.444421 30.174369 24.462354 19.417224 15.096365 11.507610 8.616491 6.356952 4.643398 3.382145 2.480898 1.855523 1.434003 1.157942 0.982214 0.873454 0.807986 0.769645 0.747790 0.735661 0.729105 0.725652 0.723878 0.722987 0.722546 0.722324 0.722194 0.722086 0.721941 0.721698 0.721268 0.720509 0.719201 0.717002 0.713406 0.707689 0.698859 0.685625 0.666385 0.639289 0.602359 0.553711 0.491856 0.416051 0.326644 0.225301 0.115040 0.000000 
50.000000 43.176570 36.562146 30.346541 24.684121 19.682787 15.399429 11.841813 8.975772 6.735826 5.037125 3.786799 2.893357 2.273395 1.855523 1.581848 1.407638 1.299818 1.234915 1.196904 1.175237 1.163213 1.156713 1.153289 1.151530 1.150645 1.150204 1.149975 1.149832 1.149692 1.149488 1.149134 1.148498 1.147370 1.145416 1.142117 1.136698 1.128039 1.114594 1.094324 1.064677 1.022654 0.964999 0.888539 0.790679 0.670000 0.526869 0.363878 0.185955 0.000000 
50.000000 43.265251 36.736787 30.601954 25.013109 20.076751 15.849031 12.337616 9.508784 7.297912 5.621251 4.387142 3.505284 2.893357 2.480897 2.210767 2.038811 1.932385 1.868321 1.830801 1.809415 1.797545 1.791129 1.787749 1.786011 1.785135 1.784695 1.784459 1.784296 1.784117 1.783836 1.783334 1.782425 1.780806 1.777988 1.773209 1.765318 1.752642 1.732843 1.702800 1.658556 1.595382 1.508043 1.391306 1.240722 1.053624 0.830194 0.574303 0.293806 0.000000 
50.000000 43.393039 36.988445 30.970006 25.487187 20.644464 16.496925 13.052094 10.276892 8.107923 6.463032 5.252301 4.387142 3.786799 3.382145 3.117123 2.948419 2.844005 2.781151 2.744339 2.723356 2.711710 2.705415 2.702098 2.700391 2.699529 2.699091 2.698847 2.698661 2.698433 2.698055 2.697368 2.696117 2.693877 2.689960 2.683285 2.672205 2.654300 2.626151 2.583134 2.519290 2.427369 2.299161 2.126213 1.901025 1.618669 1.278619 0.886349 0.454072 0.000000 
50.000000 43.571856 37.340598 31.485036 26.150586 21.438898 17.403570 14.051923 11.351780 9.241461 7.641040 6.463032 5.621251 5.037125 4.643398 4.385531 4.221380 4.119782 4.058623 4.022804 4.002386 3.991054 3.984928 3.981699 3.980037 3.979195 3.978761 3.978508 3.978295 3.978010 3.977519 3.976616 3.974958 3.971978 3.966742 3.957774 3.942801 3.918451 3.879899 3.820520 3.731627 3.602426 3.420370 3.172110 2.845219 2.430731 1.926239 1.338897 0.687163 0.000000 
50.000000 43.814779 37.818999 32.184708 27.051825 22.518159 18.635282 15.410243 12.812081 10.781456 9.241461 8.107923 7.297912 6.735826 6.356952 6.108811 5.950848 5.853080 5.794226 5.759756 5.740106 5.729201 5.723305 5.720197 5.718595 5.717781 5.717355 5.717094 5.716853 5.716507 5.715892 5.714751 5.712646 5.708842 5.702129 5.690567 5.671150 5.639356 5.588633 5.509835 5.390728 5.215751 4.966272 4.621704 4.161838 3.570636 2.841354 1.982087 1.019787 0.000000 
50.000000 44.135079 38.449785 33.107251 28.240149 23.941221 20.259371 17.201285 14.737610 12.812081 11.351780 10.276892 9.508784 8.975772 8.616491 8.381179 8.231382 8.138666 8.082853 8.050163 8.031529 8.021186 8.015594 8.012645 8.011124 8.010348 8.009935 8.009668 8.009401 8.008995 8.008258 8.006878 8.004321 7.999681 7.991452 7.977202 7.953118 7.913403 7.849523 7.749354 7.596331 7.368805 7.039985 6.578974 5.953593 5.135705 4.109325 2.880694 1.487277 0.000000 
50.000000 44.544882 39.256835 34.287589 29.760544 25.761962 22.337330 19.492870 17.201285 15.410243 14.051923 13.052094 12.337616 11.841813 11.507610 11.288720 11.149376 11.063129 11.011209 10.980799 10.963464 10.953842 10.948639 10.945895 10.944478 10.943751 10.943359 10.943091 10.942804 10.942346 10.941503 10.939915 10.936959 10.931571 10.921970 10.905251 10.876814 10.829573 10.752933 10.631554 10.443971 10.161299 9.746435 9.154482 8.335535 7.241339 5.837340 4.120351 2.138128 0.000000 
50.000000 45.053541 40.258571 35.752668 31.647722 28.021953 24.916608 22.337330 20.259371 18.635282 17.403570 16.496925 15.849031 15.399429 15.096365 14.897868 14.771504 14.693290 14.646205 14.618626 14.602905 14.594179 14.589460 14.586970 14.585684 14.585021 14.584656 14.584396 14.584098 14.583607 14.582694 14.580963 14.577729 14.571810 14.561210 14.542654 14.510890 14.457725 14.370712 14.231460 14.013578 13.680397 13.182848 12.458304 11.431976 10.023558 8.163087 5.819929 3.043739 0.000000 
50.000000 45.665936 41.464601 37.516539 33.919786 30.742877 28.021953 25.761962 23.941221 22.518159 21.438898 20.644464 20.076751 19.682787 19.417224 19.243287 19.132556 19.064018 19.022757 18.998590 18.984813 18.977166 18.973030 18.970848 18.969719 18.969134 18.968807 18.968564 18.968271 18.967776 18.966845 18.965075 18.961755 18.955653 18.944680 18.925368 18.892108 18.836030 18.743439 18.593679 18.356321 17.987628 17.426427 16.589978 15.371439 13.642715 11.270314 8.156834 4.320634 0.000000 
50.000000 46.380950 42.872730 39.575994 36.572604 33.919786 31.647722 29.760544 28.240149 27.051825 26.150586 25.487187 25.013109 24.684121 24.462354 24.317101 24.224631 24.167394 24.132936 24.112754 24.101248 24.094861 24.091407 24.089584 24.088640 24.088149 24.087870 24.087655 24.087386 24.086922 24.086043 24.084366 24.081210 24.075391 24.064883 24.046303 24.014120 23.959485 23.868517 23.719855 23.481189 23.104444 22.519206 21.624165 20.277072 18.286302 15.414205 11.418556 6.184585 0.000000 
50.000000 47.190450 44.466937 41.907602 39.575994 37.516539 35.752668 34.287589 33.107251 32.184708 31.485036 30.970006 30.601954 30.346541 30.174369 30.061598 29.989806 29.945368 29.918616 29.902946 29.894013 29.889054 29.886372 29.884956 29.884222 29.883839 29.883619 29.883444 29.883219 29.882825 29.882074 29.880638 29.877929 29.872918 29.863841 29.847724 29.819672 29.771761 29.691388 29.558796 29.343354 28.997926 28.450249 27.589580 26.246225 24.161789 20.953801 16.104678 9.093634 0.000000 
50.000000 48.079011 46.216848 44.466937 42.872730 41.464601 40.258571 39.256835 38.449785 37.818999 37.340598 36.988445 36.736787 36.562146 36.444421 36.367312 36.318222 36.287837 36.269544 36.258829 36.252720 36.249329 36.247495 36.246527 36.246025 36.245762 36.245610 36.245486 36.245323 36.245035 36.244487 36.243433 36.241443 36.237754 36.231053 36.219119 36.198268 36.162485 36.102096 36.001701 35.836912 35.569091 35.136484 34.438641 33.307767 31.454174 28.362259 23.108424 14.164336 0.000000 
50.000000 49.024570 48.079011 47.190450 46.380950 45.665936 45.053541 44.544882 44.135079 43.814779 43.571856 43.393039 43.265251 43.176570 43.116791 43.077636 43.052708 43.037279 43.027990 43.022549 43.019447 43.017725 43.016793 43.016302 43.016046 43.015913 43.015835 43.015771 43.015685 43.015533 43.015243 43.014685 43.013630 43.011672 43.008109 43.001751 42.990614 42.971445 42.938967 42.884693 42.794992 42.647803 42.406755 42.009802 41.345301 40.196365 38.096815 33.914675 24.512285 0.000000 
50.000000 50.000000 50.000000 50.000000 50.000000 50.000000 50.000000 50.000000 50.000000 50.000000 50.000000 50.000000 50.000000 50.000000 50.000000 50.000000 50.000000 50.000000 50.000000 50.000000 50.000000 50.000000 50.000000 50.000000 50.000000 50.000000 50.000000 50.000000 50.000000 50.000000 50.000000 50.000000 50.000000 50.000000 50.000000 50.000000 50.000000 50.000000 50.000000 50.000000 50.000000 50.000000 50.000000 50.000000 50.000000 50.000000 50.000000 50.000000 50.000000 50.000000 
